EndNode1[0]<--->Repeater1[0]
REAL
    0.409118  -0.00599175 -3.61777e-05     0.244445
 -0.00599175      0.10078  -0.00354049     0.011393
-3.61777e-05  -0.00354049     0.105779   0.00629326
    0.244445     0.011393   0.00629326     0.384323
IMAGINARY
           0  -0.00633479  -0.00385238   0.00132402
  0.00633479            0  0.000138251   0.00747848
  0.00385238 -0.000138251            0  -0.00555078
 -0.00132402  -0.00747848   0.00555078            0
EndNode2[0]<--->HoM6[0]
REAL
   0.437138  0.00654342 0.000216007    0.349632
 0.00654342   0.0579652  0.00117764 -0.00649131
0.000216007  0.00117764   0.0551669 -0.00370941
   0.349632 -0.00649131 -0.00370941     0.44973
IMAGINARY
           0  -0.00181049   0.00521658 -0.000889983
  0.00181049            0 -0.000695431  -0.00642091
 -0.00521658  0.000695431            0   0.00241265
 0.000889983   0.00642091  -0.00241265            0
Repeater1[0]<--->EndNode1[0]
REAL
    0.409118 -3.61777e-05  -0.00599175     0.244445
-3.61777e-05     0.105779  -0.00354049   0.00629326
 -0.00599175  -0.00354049      0.10078     0.011393
    0.244445   0.00629326     0.011393     0.384323
IMAGINARY
           0  -0.00385238  -0.00633479   0.00132402
  0.00385238            0 -0.000138251  -0.00555078
  0.00633479  0.000138251            0   0.00747848
 -0.00132402   0.00555078  -0.00747848            0
Repeater1[0]<--->HoM1[0]
REAL
   0.396091     0.00616  0.00152037    0.244715
    0.00616   0.0981252 -0.00426181  0.00384956
 0.00152037 -0.00426181    0.102314 -0.00536446
   0.244715  0.00384956 -0.00536446     0.40347
IMAGINARY
           0  -0.00711374   0.00355504   -0.0116917
  0.00711374            0  -0.00121085   0.00217328
 -0.00355504   0.00121085            0 -0.000864982
   0.0116917  -0.00217328  0.000864982            0
Repeater2[0]<--->HoM1[0]
REAL
   0.396091  0.00152037     0.00616    0.244715
 0.00152037    0.102314 -0.00426181 -0.00536446
    0.00616 -0.00426181   0.0981252  0.00384956
   0.244715 -0.00536446  0.00384956     0.40347
IMAGINARY
           0   0.00355504  -0.00711374   -0.0116917
 -0.00355504            0   0.00121085 -0.000864982
  0.00711374  -0.00121085            0   0.00217328
   0.0116917  0.000864982  -0.00217328            0
Repeater2[0]<--->Repeater3[0]
REAL
    0.339691    0.0021053 -0.000979236     0.122198
   0.0021053     0.167035  -0.00442626   0.00369936
-0.000979236  -0.00442626     0.160811   0.00726403
    0.122198   0.00369936   0.00726403     0.332463
IMAGINARY
          0  0.00623311  -0.0155573  0.00259423
-0.00623311           0  -0.0123747 -0.00273169
  0.0155573   0.0123747           0 -0.00113616
-0.00259423  0.00273169  0.00113616           0
Repeater3[0]<--->Repeater2[0]
REAL
    0.339691 -0.000979236    0.0021053     0.122198
-0.000979236     0.160811  -0.00442626   0.00726403
   0.0021053  -0.00442626     0.167035   0.00369936
    0.122198   0.00726403   0.00369936     0.332463
IMAGINARY
          0  -0.0155573  0.00623311  0.00259423
  0.0155573           0   0.0123747 -0.00113616
-0.00623311  -0.0123747           0 -0.00273169
-0.00259423  0.00113616  0.00273169           0
Repeater3[0]<--->HoM2[0]
REAL
   0.342142 -0.00547187  0.00238019    0.127204
-0.00547187    0.161309  0.00796964 0.000687297
 0.00238019  0.00796964    0.163084 -0.00577557
   0.127204 0.000687297 -0.00577557    0.333465
IMAGINARY
           0   0.00767698 -0.000341675   0.00172005
 -0.00767698            0  -0.00121814   -0.0111402
 0.000341675   0.00121814            0   0.00458995
 -0.00172005    0.0111402  -0.00458995            0
Repeater4[0]<--->HoM2[0]
REAL
   0.342142  0.00238019 -0.00547187    0.127204
 0.00238019    0.163084  0.00796964 -0.00577557
-0.00547187  0.00796964    0.161309 0.000687297
   0.127204 -0.00577557 0.000687297    0.333465
IMAGINARY
           0 -0.000341675   0.00767698   0.00172005
 0.000341675            0   0.00121814   0.00458995
 -0.00767698  -0.00121814            0   -0.0111402
 -0.00172005  -0.00458995    0.0111402            0
Repeater4[0]<--->Repeater5[0]
REAL
    0.30004   0.0103483 -0.00774783   0.0699572
  0.0103483    0.203801  0.00295537 -0.00695229
-0.00774783  0.00295537    0.186818 -0.00172418
  0.0699572 -0.00695229 -0.00172418    0.309341
IMAGINARY
           0  0.000686276   -0.0024227  -0.00658948
-0.000686276            0  -0.00799511   0.00108881
   0.0024227   0.00799511            0  -0.00550877
  0.00658948  -0.00108881   0.00550877            0
Repeater5[0]<--->Repeater4[0]
REAL
    0.30004 -0.00774783   0.0103483   0.0699572
-0.00774783    0.186818  0.00295537 -0.00172418
  0.0103483  0.00295537    0.203801 -0.00695229
  0.0699572 -0.00172418 -0.00695229    0.309341
IMAGINARY
           0   -0.0024227  0.000686276  -0.00658948
   0.0024227            0   0.00799511  -0.00550877
-0.000686276  -0.00799511            0   0.00108881
  0.00658948   0.00550877  -0.00108881            0
Repeater5[0]<--->HoM3[0]
REAL
   0.304035  0.00228268  0.00724517   0.0512417
 0.00228268    0.194966 -0.00319179 0.000997691
 0.00724517 -0.00319179    0.206552  0.00676436
  0.0512417 0.000997691  0.00676436    0.294447
IMAGINARY
          0  0.00282802 -0.00448747 -0.00193501
-0.00282802           0  0.00519653  0.00539637
 0.00448747 -0.00519653           0  0.00313038
 0.00193501 -0.00539637 -0.00313038           0
Repeater6[0]<--->HoM3[0]
REAL
   0.304035  0.00724517  0.00228268   0.0512417
 0.00724517    0.206552 -0.00319179  0.00676436
 0.00228268 -0.00319179    0.194966 0.000997691
  0.0512417  0.00676436 0.000997691    0.294447
IMAGINARY
          0 -0.00448747  0.00282802 -0.00193501
 0.00448747           0 -0.00519653  0.00313038
-0.00282802  0.00519653           0  0.00539637
 0.00193501 -0.00313038 -0.00539637           0
Repeater6[0]<--->Repeater7[0]
REAL
    0.279934   0.00959883 -0.000329321    0.0266194
  0.00959883     0.220374  -0.00667467   0.00585855
-0.000329321  -0.00667467     0.224276   -0.0062418
   0.0266194   0.00585855   -0.0062418     0.275416
IMAGINARY
           0 -0.000596422  -0.00334523 -0.000821934
 0.000596422            0   0.00431844  -0.00225288
  0.00334523  -0.00431844            0 -9.10655e-05
 0.000821934   0.00225288  9.10655e-05            0
Repeater7[0]<--->Repeater6[0]
REAL
    0.279934 -0.000329321   0.00959883    0.0266194
-0.000329321     0.224276  -0.00667467   -0.0062418
  0.00959883  -0.00667467     0.220374   0.00585855
   0.0266194   -0.0062418   0.00585855     0.275416
IMAGINARY
           0  -0.00334523 -0.000596422 -0.000821934
  0.00334523            0  -0.00431844 -9.10655e-05
 0.000596422   0.00431844            0  -0.00225288
 0.000821934  9.10655e-05   0.00225288            0
Repeater7[0]<--->HoM4[0]
REAL
      0.2663 -0.000207214   0.00198732     0.036082
-0.000207214     0.227416  -0.00194621  -0.00100073
  0.00198732  -0.00194621     0.234682  0.000601847
    0.036082  -0.00100073  0.000601847     0.271603
IMAGINARY
           0   0.00630203 -0.000457315    0.0053268
 -0.00630203            0   -0.0028041  -0.00135355
 0.000457315    0.0028041            0 -0.000467017
  -0.0053268   0.00135355  0.000467017            0
Repeater8[0]<--->HoM4[0]
REAL
      0.2663   0.00198732 -0.000207214     0.036082
  0.00198732     0.234682  -0.00194621  0.000601847
-0.000207214  -0.00194621     0.227416  -0.00100073
    0.036082  0.000601847  -0.00100073     0.271603
IMAGINARY
           0 -0.000457315   0.00630203    0.0053268
 0.000457315            0    0.0028041 -0.000467017
 -0.00630203   -0.0028041            0  -0.00135355
  -0.0053268  0.000467017   0.00135355            0
Repeater8[0]<--->Repeater9[0]
REAL
   0.269909 -0.00344498  0.00331797   0.0100358
-0.00344498    0.230395  -0.0038531 7.25352e-05
 0.00331797  -0.0038531    0.236474  0.00364442
  0.0100358 7.25352e-05  0.00364442    0.263222
IMAGINARY
           0  -0.00146783  -0.00450305   0.00383497
  0.00146783            0   0.00117104 -0.000387407
  0.00450305  -0.00117104            0  -0.00127082
 -0.00383497  0.000387407   0.00127082            0
Repeater9[0]<--->Repeater8[0]
REAL
   0.269909  0.00331797 -0.00344498   0.0100358
 0.00331797    0.236474  -0.0038531  0.00364442
-0.00344498  -0.0038531    0.230395 7.25352e-05
  0.0100358  0.00364442 7.25352e-05    0.263222
IMAGINARY
           0  -0.00450305  -0.00146783   0.00383497
  0.00450305            0  -0.00117104  -0.00127082
  0.00146783   0.00117104            0 -0.000387407
 -0.00383497   0.00127082  0.000387407            0
Repeater9[0]<--->HoM5[0]
REAL
   0.275153  0.00500149 0.000514839   0.0206564
 0.00500149    0.229887  0.00693872 -0.00539629
0.000514839  0.00693872    0.230876  -0.0120746
  0.0206564 -0.00539629  -0.0120746    0.264084
IMAGINARY
           0   0.00659568   0.00167539  0.000459891
 -0.00659568            0   0.00464816   0.00687331
 -0.00167539  -0.00464816            0  -0.00520403
-0.000459891  -0.00687331   0.00520403            0
Repeater10[0]<--->HoM5[0]
REAL
   0.275153 0.000514839  0.00500149   0.0206564
0.000514839    0.230876  0.00693872  -0.0120746
 0.00500149  0.00693872    0.229887 -0.00539629
  0.0206564  -0.0120746 -0.00539629    0.264084
IMAGINARY
           0   0.00167539   0.00659568  0.000459891
 -0.00167539            0  -0.00464816  -0.00520403
 -0.00659568   0.00464816            0   0.00687331
-0.000459891   0.00520403  -0.00687331            0
Repeater10[0]<--->Repeater11[0]
REAL
    0.441613 -0.000956335  0.000457835     0.347874
-0.000956335    0.0503612   0.00299461  -0.00155586
 0.000457835   0.00299461    0.0553772   0.00484933
    0.347874  -0.00155586   0.00484933     0.452648
IMAGINARY
          0 -0.00864898 -0.00125452  -0.0087333
 0.00864898           0 -0.00364246  0.00714392
 0.00125452  0.00364246           0 -0.00422784
  0.0087333 -0.00714392  0.00422784           0
Repeater11[0]<--->Repeater10[0]
REAL
    0.441613  0.000457835 -0.000956335     0.347874
 0.000457835    0.0553772   0.00299461   0.00484933
-0.000956335   0.00299461    0.0503612  -0.00155586
    0.347874   0.00484933  -0.00155586     0.452648
IMAGINARY
          0 -0.00125452 -0.00864898  -0.0087333
 0.00125452           0  0.00364246 -0.00422784
 0.00864898 -0.00364246           0  0.00714392
  0.0087333  0.00422784 -0.00714392           0
Repeater11[0]<--->HoM6[0]
REAL
   0.437138 0.000216007  0.00654342    0.349632
0.000216007   0.0551669  0.00117764 -0.00370941
 0.00654342  0.00117764   0.0579652 -0.00649131
   0.349632 -0.00370941 -0.00649131     0.44973
IMAGINARY
           0   0.00521658  -0.00181049 -0.000889983
 -0.00521658            0  0.000695431   0.00241265
  0.00181049 -0.000695431            0  -0.00642091
 0.000889983  -0.00241265   0.00642091            0
EndNode1[0]<--->Repeater1[0]
REAL
    0.393604  -0.00384251  -0.00169127     0.242496
 -0.00384251     0.108567  -0.00539172  -0.00199326
 -0.00169127  -0.00539172    0.0983024 -0.000638667
    0.242496  -0.00199326 -0.000638667     0.399526
IMAGINARY
          0  0.00368551 -0.00772362  -0.0087385
-0.00368551           0   0.0025955  0.00349882
 0.00772362  -0.0025955           0  0.00663086
  0.0087385 -0.00349882 -0.00663086           0
EndNode2[0]<--->HoM6[0]
REAL
   0.439499 -0.00139293 -0.00657707    0.361637
-0.00139293    0.051063 -0.00510974 -0.00585198
-0.00657707 -0.00510974   0.0592092 -0.00575133
   0.361637 -0.00585198 -0.00575133    0.450228
IMAGINARY
          0  0.00419745 -0.00116682  0.00991816
-0.00419745           0  0.00362696  0.00257584
 0.00116682 -0.00362696           0 -0.00560647
-0.00991816 -0.00257584  0.00560647           0
Repeater1[0]<--->EndNode1[0]
REAL
    0.393604  -0.00169127  -0.00384251     0.242496
 -0.00169127    0.0983024  -0.00539172 -0.000638667
 -0.00384251  -0.00539172     0.108567  -0.00199326
    0.242496 -0.000638667  -0.00199326     0.399526
IMAGINARY
          0 -0.00772362  0.00368551  -0.0087385
 0.00772362           0  -0.0025955  0.00663086
-0.00368551   0.0025955           0  0.00349882
  0.0087385 -0.00663086 -0.00349882           0
Repeater1[0]<--->HoM1[0]
REAL
   0.394088  -0.0020364 -0.00842426    0.241238
 -0.0020364    0.101733  0.00416705  0.00118922
-0.00842426  0.00416705   0.0982671  0.00301411
   0.241238  0.00118922  0.00301411    0.405912
IMAGINARY
           0  3.64326e-05  -0.00673831  -0.00408856
-3.64326e-05            0  0.000359476  -0.00234183
  0.00673831 -0.000359476            0    0.0023323
  0.00408856   0.00234183   -0.0023323            0
Repeater2[0]<--->HoM1[0]
REAL
   0.394088 -0.00842426  -0.0020364    0.241238
-0.00842426   0.0982671  0.00416705  0.00301411
 -0.0020364  0.00416705    0.101733  0.00118922
   0.241238  0.00301411  0.00118922    0.405912
IMAGINARY
           0  -0.00673831  3.64326e-05  -0.00408856
  0.00673831            0 -0.000359476    0.0023323
-3.64326e-05  0.000359476            0  -0.00234183
  0.00408856   -0.0023323   0.00234183            0
Repeater2[0]<--->Repeater3[0]
REAL
   0.334846  0.00355347   0.0026958     0.12352
 0.00355347    0.167324 -0.00317598  0.00431261
  0.0026958 -0.00317598    0.167719  0.00345494
    0.12352  0.00431261  0.00345494     0.33011
IMAGINARY
           0  -0.00557757 -2.81001e-05   0.00427764
  0.00557757            0   0.00287089   -0.0020987
 2.81001e-05  -0.00287089            0   -0.0038411
 -0.00427764    0.0020987    0.0038411            0
Repeater3[0]<--->Repeater2[0]
REAL
   0.334846   0.0026958  0.00355347     0.12352
  0.0026958    0.167719 -0.00317598  0.00345494
 0.00355347 -0.00317598    0.167324  0.00431261
    0.12352  0.00345494  0.00431261     0.33011
IMAGINARY
           0 -2.81001e-05  -0.00557757   0.00427764
 2.81001e-05            0  -0.00287089   -0.0038411
  0.00557757   0.00287089            0   -0.0020987
 -0.00427764    0.0038411    0.0020987            0
Repeater3[0]<--->HoM2[0]
REAL
   0.327392  0.00101887 -0.00107441    0.125576
 0.00101887    0.164389 -0.00311308 -0.00706302
-0.00107441 -0.00311308    0.172906  -0.0025258
   0.125576 -0.00706302  -0.0025258    0.335314
IMAGINARY
           0  -0.00402437 -0.000640671   0.00278199
  0.00402437            0  -0.00399903 -0.000539966
 0.000640671   0.00399903            0 -0.000894953
 -0.00278199  0.000539966  0.000894953            0
Repeater4[0]<--->HoM2[0]
REAL
   0.327392 -0.00107441  0.00101887    0.125576
-0.00107441    0.172906 -0.00311308  -0.0025258
 0.00101887 -0.00311308    0.164389 -0.00706302
   0.125576  -0.0025258 -0.00706302    0.335314
IMAGINARY
           0 -0.000640671  -0.00402437   0.00278199
 0.000640671            0   0.00399903 -0.000894953
  0.00402437  -0.00399903            0 -0.000539966
 -0.00278199  0.000894953  0.000539966            0
Repeater4[0]<--->Repeater5[0]
REAL
    0.292401 -0.000544199  -0.00625823    0.0511699
-0.000544199     0.205674  0.000505563  -0.00605506
 -0.00625823  0.000505563     0.198987   0.00175534
   0.0511699  -0.00605506   0.00175534     0.302938
IMAGINARY
           0 -0.000694031   0.00893982   0.00324554
 0.000694031            0   0.00294915   0.00127235
 -0.00893982  -0.00294915            0   0.00198295
 -0.00324554  -0.00127235  -0.00198295            0
Repeater5[0]<--->Repeater4[0]
REAL
    0.292401  -0.00625823 -0.000544199    0.0511699
 -0.00625823     0.198987  0.000505563   0.00175534
-0.000544199  0.000505563     0.205674  -0.00605506
   0.0511699   0.00175534  -0.00605506     0.302938
IMAGINARY
           0   0.00893982 -0.000694031   0.00324554
 -0.00893982            0  -0.00294915   0.00198295
 0.000694031   0.00294915            0   0.00127235
 -0.00324554  -0.00198295  -0.00127235            0
Repeater5[0]<--->HoM3[0]
REAL
   0.301857   0.0105614 4.47896e-05    0.061454
  0.0105614     0.19433 0.000146641 0.000448015
4.47896e-05 0.000146641    0.198436  0.00333569
   0.061454 0.000448015  0.00333569    0.305376
IMAGINARY
           0  -0.00408921  -0.00340926  -0.00560614
  0.00408921            0  -0.00481905  0.000973208
  0.00340926   0.00481905            0  -0.00179792
  0.00560614 -0.000973208   0.00179792            0
Repeater6[0]<--->HoM3[0]
REAL
   0.301857 4.47896e-05   0.0105614    0.061454
4.47896e-05    0.198436 0.000146641  0.00333569
  0.0105614 0.000146641     0.19433 0.000448015
   0.061454  0.00333569 0.000448015    0.305376
IMAGINARY
           0  -0.00340926  -0.00408921  -0.00560614
  0.00340926            0   0.00481905  -0.00179792
  0.00408921  -0.00481905            0  0.000973208
  0.00560614   0.00179792 -0.000973208            0
Repeater6[0]<--->Repeater7[0]
REAL
   0.269355 -0.00169666  0.00427263   0.0315015
-0.00169666    0.214228  0.00291884 -0.00246104
 0.00427263  0.00291884    0.228212    0.006125
  0.0315015 -0.00246104    0.006125    0.288204
IMAGINARY
           0   0.00591326 -0.000727297   0.00480909
 -0.00591326            0   0.00744387  -0.00123042
 0.000727297  -0.00744387            0  -0.00826252
 -0.00480909   0.00123042   0.00826252            0
Repeater7[0]<--->Repeater6[0]
REAL
   0.269355  0.00427263 -0.00169666   0.0315015
 0.00427263    0.228212  0.00291884    0.006125
-0.00169666  0.00291884    0.214228 -0.00246104
  0.0315015    0.006125 -0.00246104    0.288204
IMAGINARY
           0 -0.000727297   0.00591326   0.00480909
 0.000727297            0  -0.00744387  -0.00826252
 -0.00591326   0.00744387            0  -0.00123042
 -0.00480909   0.00826252   0.00123042            0
Repeater7[0]<--->HoM4[0]
REAL
   0.277576  0.00631906 -0.00529756   0.0343288
 0.00631906    0.227677  -0.0029964   -0.001699
-0.00529756  -0.0029964    0.218182  0.00189428
  0.0343288   -0.001699  0.00189428    0.276566
IMAGINARY
           0 -0.000116907  -0.00132234  -0.00384812
 0.000116907            0 -2.18511e-05  -0.00212458
  0.00132234  2.18511e-05            0  -0.00293608
  0.00384812   0.00212458   0.00293608            0
Repeater8[0]<--->HoM4[0]
REAL
   0.277576 -0.00529756  0.00631906   0.0343288
-0.00529756    0.218182  -0.0029964  0.00189428
 0.00631906  -0.0029964    0.227677   -0.001699
  0.0343288  0.00189428   -0.001699    0.276566
IMAGINARY
           0  -0.00132234 -0.000116907  -0.00384812
  0.00132234            0  2.18511e-05  -0.00293608
 0.000116907 -2.18511e-05            0  -0.00212458
  0.00384812   0.00293608   0.00212458            0
Repeater8[0]<--->Repeater9[0]
REAL
   0.263021  0.00193936  0.00286293  0.00707697
 0.00193936    0.232973  0.00147004 -0.00247443
 0.00286293  0.00147004    0.240184 -0.00543587
 0.00707697 -0.00247443 -0.00543587    0.263822
IMAGINARY
           0  -0.00522246   0.00246841  0.000469875
  0.00522246            0   0.00303925   0.00195811
 -0.00246841  -0.00303925            0   0.00886204
-0.000469875  -0.00195811  -0.00886204            0
Repeater9[0]<--->Repeater8[0]
REAL
   0.263021  0.00286293  0.00193936  0.00707697
 0.00286293    0.240184  0.00147004 -0.00543587
 0.00193936  0.00147004    0.232973 -0.00247443
 0.00707697 -0.00543587 -0.00247443    0.263822
IMAGINARY
           0   0.00246841  -0.00522246  0.000469875
 -0.00246841            0  -0.00303925   0.00886204
  0.00522246   0.00303925            0   0.00195811
-0.000469875  -0.00886204  -0.00195811            0
Repeater9[0]<--->HoM5[0]
REAL
   0.268229 -0.00315676 -0.00668454   0.0177454
-0.00315676    0.231771  0.00200056 -0.00174968
-0.00668454  0.00200056     0.23778 -0.00488055
  0.0177454 -0.00174968 -0.00488055     0.26222
IMAGINARY
          0   0.0129277   0.0058843 -0.00392147
 -0.0129277           0 -0.00362532 -0.00204902
 -0.0058843  0.00362532           0  0.00483576
 0.00392147  0.00204902 -0.00483576           0
Repeater10[0]<--->HoM5[0]
REAL
   0.268229 -0.00668454 -0.00315676   0.0177454
-0.00668454     0.23778  0.00200056 -0.00488055
-0.00315676  0.00200056    0.231771 -0.00174968
  0.0177454 -0.00488055 -0.00174968     0.26222
IMAGINARY
          0   0.0058843   0.0129277 -0.00392147
 -0.0058843           0  0.00362532  0.00483576
 -0.0129277 -0.00362532           0 -0.00204902
 0.00392147 -0.00483576  0.00204902           0
Repeater10[0]<--->Repeater11[0]
REAL
    0.438703 -0.000962502   0.00723044     0.351721
-0.000962502    0.0478217    0.0018692   0.00440672
  0.00723044    0.0018692    0.0563323   0.00225552
    0.351721   0.00440672   0.00225552     0.457143
IMAGINARY
           0 -0.000525211   0.00813328  -0.00527995
 0.000525211            0  -0.00678386   0.00260564
 -0.00813328   0.00678386            0  -0.00942553
  0.00527995  -0.00260564   0.00942553            0
Repeater11[0]<--->Repeater10[0]
REAL
    0.438703   0.00723044 -0.000962502     0.351721
  0.00723044    0.0563323    0.0018692   0.00225552
-0.000962502    0.0018692    0.0478217   0.00440672
    0.351721   0.00225552   0.00440672     0.457143
IMAGINARY
           0   0.00813328 -0.000525211  -0.00527995
 -0.00813328            0   0.00678386  -0.00942553
 0.000525211  -0.00678386            0   0.00260564
  0.00527995   0.00942553  -0.00260564            0
Repeater11[0]<--->HoM6[0]
REAL
   0.439499 -0.00657707 -0.00139293    0.361637
-0.00657707   0.0592092 -0.00510974 -0.00575133
-0.00139293 -0.00510974    0.051063 -0.00585198
   0.361637 -0.00575133 -0.00585198    0.450228
IMAGINARY
          0 -0.00116682  0.00419745  0.00991816
 0.00116682           0 -0.00362696 -0.00560647
-0.00419745  0.00362696           0  0.00257584
-0.00991816  0.00560647 -0.00257584           0
EndNode1[0]<--->Repeater1[0]
REAL
    0.391171   0.00537836 -0.000276791     0.244696
  0.00537836    0.0999387   0.00213164  -0.00203942
-0.000276791   0.00213164    0.0968731  -0.00306215
    0.244696  -0.00203942  -0.00306215     0.412017
IMAGINARY
           0  -0.00475399   0.00107546  -0.00642268
  0.00475399            0  0.000746516   0.00414416
 -0.00107546 -0.000746516            0   0.00091314
  0.00642268  -0.00414416  -0.00091314            0
EndNode2[0]<--->HoM6[0]
REAL
   0.461258  -0.0043242  0.00536941    0.345398
 -0.0043242   0.0535497  0.00919072 -0.00114461
 0.00536941  0.00919072    0.048073  0.00815599
   0.345398 -0.00114461  0.00815599     0.43712
IMAGINARY
           0   0.00160639 -0.000509442  -0.00195133
 -0.00160639            0 -0.000728836   0.00291522
 0.000509442  0.000728836            0   0.00019794
  0.00195133  -0.00291522  -0.00019794            0
Repeater1[0]<--->EndNode1[0]
REAL
    0.391171 -0.000276791   0.00537836     0.244696
-0.000276791    0.0968731   0.00213164  -0.00306215
  0.00537836   0.00213164    0.0999387  -0.00203942
    0.244696  -0.00306215  -0.00203942     0.412017
IMAGINARY
           0   0.00107546  -0.00475399  -0.00642268
 -0.00107546            0 -0.000746516   0.00091314
  0.00475399  0.000746516            0   0.00414416
  0.00642268  -0.00091314  -0.00414416            0
Repeater1[0]<--->HoM1[0]
REAL
      0.3902    0.0050312     0.003499     0.249559
   0.0050312     0.102843   0.00249063    0.0029997
    0.003499   0.00249063     0.111313 -0.000932015
    0.249559    0.0029997 -0.000932015     0.395644
IMAGINARY
          0  -0.0022734 -0.00401305  0.00515239
  0.0022734           0  0.00405129  0.00542833
 0.00401305 -0.00405129           0 -0.00217464
-0.00515239 -0.00542833  0.00217464           0
Repeater2[0]<--->HoM1[0]
REAL
      0.3902     0.003499    0.0050312     0.249559
    0.003499     0.111313   0.00249063 -0.000932015
   0.0050312   0.00249063     0.102843    0.0029997
    0.249559 -0.000932015    0.0029997     0.395644
IMAGINARY
          0 -0.00401305  -0.0022734  0.00515239
 0.00401305           0 -0.00405129 -0.00217464
  0.0022734  0.00405129           0  0.00542833
-0.00515239  0.00217464 -0.00542833           0
Repeater2[0]<--->Repeater3[0]
REAL
   0.332381 -0.00181291  0.00208367    0.126584
-0.00181291    0.167313 -0.00522868  0.00324511
 0.00208367 -0.00522868    0.168129   0.0013102
   0.126584  0.00324511   0.0013102    0.332177
IMAGINARY
          0 -0.00201693 -0.00523616  0.00871583
 0.00201693           0 -0.00881373 -0.00223255
 0.00523616  0.00881373           0 -0.00181836
-0.00871583  0.00223255  0.00181836           0
Repeater3[0]<--->Repeater2[0]
REAL
   0.332381  0.00208367 -0.00181291    0.126584
 0.00208367    0.168129 -0.00522868   0.0013102
-0.00181291 -0.00522868    0.167313  0.00324511
   0.126584   0.0013102  0.00324511    0.332177
IMAGINARY
          0 -0.00523616 -0.00201693  0.00871583
 0.00523616           0  0.00881373 -0.00181836
 0.00201693 -0.00881373           0 -0.00223255
-0.00871583  0.00181836  0.00223255           0
Repeater3[0]<--->HoM2[0]
REAL
    0.330311   -0.0036488  -0.00275683     0.123567
  -0.0036488     0.157864 -0.000929309   0.00424877
 -0.00275683 -0.000929309     0.168112   0.00215686
    0.123567   0.00424877   0.00215686     0.343713
IMAGINARY
          0 -0.00415159  -0.0047649 -0.00326955
 0.00415159           0  0.00549178 -0.00691923
  0.0047649 -0.00549178           0  0.00213709
 0.00326955  0.00691923 -0.00213709           0
Repeater4[0]<--->HoM2[0]
REAL
    0.330311  -0.00275683   -0.0036488     0.123567
 -0.00275683     0.168112 -0.000929309   0.00215686
  -0.0036488 -0.000929309     0.157864   0.00424877
    0.123567   0.00215686   0.00424877     0.343713
IMAGINARY
          0  -0.0047649 -0.00415159 -0.00326955
  0.0047649           0 -0.00549178  0.00213709
 0.00415159  0.00549178           0 -0.00691923
 0.00326955 -0.00213709  0.00691923           0
Repeater4[0]<--->Repeater5[0]
REAL
    0.292023  -0.00313157  -0.00496587    0.0556838
 -0.00313157     0.201669  -0.00555472  -0.00565553
 -0.00496587  -0.00555472     0.201872 -0.000342723
   0.0556838  -0.00565553 -0.000342723     0.304436
IMAGINARY
          0  0.00528649  0.00631496  0.00587695
-0.00528649           0   -0.001728  0.00181751
-0.00631496    0.001728           0  0.00127827
-0.00587695 -0.00181751 -0.00127827           0
Repeater5[0]<--->Repeater4[0]
REAL
    0.292023  -0.00496587  -0.00313157    0.0556838
 -0.00496587     0.201872  -0.00555472 -0.000342723
 -0.00313157  -0.00555472     0.201669  -0.00565553
   0.0556838 -0.000342723  -0.00565553     0.304436
IMAGINARY
          0  0.00631496  0.00528649  0.00587695
-0.00631496           0    0.001728  0.00127827
-0.00528649   -0.001728           0  0.00181751
-0.00587695 -0.00127827 -0.00181751           0
Repeater5[0]<--->HoM3[0]
REAL
    0.284865   -0.0081918  -0.00702735    0.0528668
  -0.0081918     0.201664   0.00246996 -0.000652844
 -0.00702735   0.00246996     0.202258   0.00129932
   0.0528668 -0.000652844   0.00129932     0.311212
IMAGINARY
           0    0.0114235  -0.00766723   0.00220972
  -0.0114235            0   0.00220972 -0.000864512
  0.00766723  -0.00220972            0   0.00940982
 -0.00220972  0.000864512  -0.00940982            0
Repeater6[0]<--->HoM3[0]
REAL
    0.284865  -0.00702735   -0.0081918    0.0528668
 -0.00702735     0.202258   0.00246996   0.00129932
  -0.0081918   0.00246996     0.201664 -0.000652844
   0.0528668   0.00129932 -0.000652844     0.311212
IMAGINARY
           0  -0.00766723    0.0114235   0.00220972
  0.00766723            0  -0.00220972   0.00940982
  -0.0114235   0.00220972            0 -0.000864512
 -0.00220972  -0.00940982  0.000864512            0
Repeater6[0]<--->Repeater7[0]
REAL
   0.280533 -0.00027797 -0.00650159   0.0170306
-0.00027797    0.222505 -0.00259704 -0.00235766
-0.00650159 -0.00259704    0.216428  0.00396103
  0.0170306 -0.00235766  0.00396103    0.280533
IMAGINARY
          0  -0.0026704 -0.00331113 -0.00353909
  0.0026704           0 -0.00484984  0.00695338
 0.00331113  0.00484984           0 -0.00178124
 0.00353909 -0.00695338  0.00178124           0
Repeater7[0]<--->Repeater6[0]
REAL
   0.280533 -0.00650159 -0.00027797   0.0170306
-0.00650159    0.216428 -0.00259704  0.00396103
-0.00027797 -0.00259704    0.222505 -0.00235766
  0.0170306  0.00396103 -0.00235766    0.280533
IMAGINARY
          0 -0.00331113  -0.0026704 -0.00353909
 0.00331113           0  0.00484984 -0.00178124
  0.0026704 -0.00484984           0  0.00695338
 0.00353909  0.00178124 -0.00695338           0
Repeater7[0]<--->HoM4[0]
REAL
    0.265906 -3.19757e-05   0.00712139    0.0334804
-3.19757e-05     0.218687  0.000724869  -0.00108517
  0.00712139  0.000724869      0.22609  -0.00499821
   0.0334804  -0.00108517  -0.00499821     0.289316
IMAGINARY
          0  0.00439558  0.00504964  0.00873796
-0.00439558           0  0.00722373 -0.00777087
-0.00504964 -0.00722373           0  -0.0109467
-0.00873796  0.00777087   0.0109467           0
Repeater8[0]<--->HoM4[0]
REAL
    0.265906   0.00712139 -3.19757e-05    0.0334804
  0.00712139      0.22609  0.000724869  -0.00499821
-3.19757e-05  0.000724869     0.218687  -0.00108517
   0.0334804  -0.00499821  -0.00108517     0.289316
IMAGINARY
          0  0.00504964  0.00439558  0.00873796
-0.00504964           0 -0.00722373  -0.0109467
-0.00439558  0.00722373           0 -0.00777087
-0.00873796   0.0109467  0.00777087           0
Repeater8[0]<--->Repeater9[0]
REAL
   0.267531  0.00204224 0.000441476    0.015828
 0.00204224     0.23409 -0.00917205  -0.0032652
0.000441476 -0.00917205    0.233077 -0.00204224
   0.015828  -0.0032652 -0.00204224    0.265302
IMAGINARY
          0  0.00355692  0.00283421   0.0128785
-0.00355692           0 -0.00118552 -0.00143421
-0.00283421  0.00118552           0  0.00284308
 -0.0128785  0.00143421 -0.00284308           0
Repeater9[0]<--->Repeater8[0]
REAL
   0.267531 0.000441476  0.00204224    0.015828
0.000441476    0.233077 -0.00917205 -0.00204224
 0.00204224 -0.00917205     0.23409  -0.0032652
   0.015828 -0.00204224  -0.0032652    0.265302
IMAGINARY
          0  0.00283421  0.00355692   0.0128785
-0.00283421           0  0.00118552  0.00284308
-0.00355692 -0.00118552           0 -0.00143421
 -0.0128785 -0.00284308  0.00143421           0
Repeater9[0]<--->HoM5[0]
REAL
   0.269001  0.00108043 -0.00351022   0.0113261
 0.00108043    0.241942  0.00228268  0.00439136
-0.00351022  0.00228268      0.2308 0.000192332
  0.0113261  0.00439136 0.000192332    0.258257
IMAGINARY
           0   -0.0035215   0.00437064  0.000290678
   0.0035215            0  -0.00250485  -0.00658125
 -0.00437064   0.00250485            0  0.000306062
-0.000290678   0.00658125 -0.000306062            0
Repeater10[0]<--->HoM5[0]
REAL
   0.269001 -0.00351022  0.00108043   0.0113261
-0.00351022      0.2308  0.00228268 0.000192332
 0.00108043  0.00228268    0.241942  0.00439136
  0.0113261 0.000192332  0.00439136    0.258257
IMAGINARY
           0   0.00437064   -0.0035215  0.000290678
 -0.00437064            0   0.00250485  0.000306062
   0.0035215  -0.00250485            0  -0.00658125
-0.000290678 -0.000306062   0.00658125            0
Repeater10[0]<--->Repeater11[0]
REAL
   0.454724   0.0057978  0.00995368    0.347258
  0.0057978   0.0507874 -0.00200585 -0.00339825
 0.00995368 -0.00200585    0.057874  0.00214817
   0.347258 -0.00339825  0.00214817    0.436614
IMAGINARY
           0    -0.012992 -0.000472124    0.0050702
    0.012992            0    0.0048662  -0.00178499
 0.000472124   -0.0048662            0   0.00779086
  -0.0050702   0.00178499  -0.00779086            0
Repeater11[0]<--->Repeater10[0]
REAL
   0.454724  0.00995368   0.0057978    0.347258
 0.00995368    0.057874 -0.00200585  0.00214817
  0.0057978 -0.00200585   0.0507874 -0.00339825
   0.347258  0.00214817 -0.00339825    0.436614
IMAGINARY
           0 -0.000472124    -0.012992    0.0050702
 0.000472124            0   -0.0048662   0.00779086
    0.012992    0.0048662            0  -0.00178499
  -0.0050702  -0.00779086   0.00178499            0
Repeater11[0]<--->HoM6[0]
REAL
   0.461258  0.00536941  -0.0043242    0.345398
 0.00536941    0.048073  0.00919072  0.00815599
 -0.0043242  0.00919072   0.0535497 -0.00114461
   0.345398  0.00815599 -0.00114461     0.43712
IMAGINARY
           0 -0.000509442   0.00160639  -0.00195133
 0.000509442            0  0.000728836   0.00019794
 -0.00160639 -0.000728836            0   0.00291522
  0.00195133  -0.00019794  -0.00291522            0
EndNode1[0]<--->Repeater1[0]
REAL
    0.389746 -0.000961568   0.00796108     0.248505
-0.000961568    0.0977368  -0.00802543  0.000602289
  0.00796108  -0.00802543     0.106349  -0.00135558
    0.248505  0.000602289  -0.00135558     0.406169
IMAGINARY
          0  -0.0118066  0.00219437 -0.00293718
  0.0118066           0  -0.0104148  0.00209277
-0.00219437   0.0104148           0  -0.0022512
 0.00293718 -0.00209277   0.0022512           0
EndNode2[0]<--->HoM6[0]
REAL
    0.453472 -0.000700409   0.00901853     0.356351
-0.000700409    0.0568341   0.00134428   0.00767528
  0.00901853   0.00134428    0.0598359   0.00375415
    0.356351   0.00767528   0.00375415     0.429858
IMAGINARY
           0  -0.00421843  -0.00522454   0.00236884
  0.00421843            0  -0.00402093   0.00374904
  0.00522454   0.00402093            0  0.000775579
 -0.00236884  -0.00374904 -0.000775579            0
Repeater1[0]<--->EndNode1[0]
REAL
    0.389746   0.00796108 -0.000961568     0.248505
  0.00796108     0.106349  -0.00802543  -0.00135558
-0.000961568  -0.00802543    0.0977368  0.000602289
    0.248505  -0.00135558  0.000602289     0.406169
IMAGINARY
          0  0.00219437  -0.0118066 -0.00293718
-0.00219437           0   0.0104148  -0.0022512
  0.0118066  -0.0104148           0  0.00209277
 0.00293718   0.0022512 -0.00209277           0
Repeater1[0]<--->HoM1[0]
REAL
    0.404247   0.00423033  -0.00238417     0.250385
  0.00423033     0.104768    0.0015215   0.00052689
 -0.00238417    0.0015215    0.0939503 -0.000418013
    0.250385   0.00052689 -0.000418013     0.397035
IMAGINARY
           0    0.0102614  -0.00488332  0.000423784
  -0.0102614            0    0.0041379   -0.0075185
  0.00488332   -0.0041379            0  -0.00178681
-0.000423784    0.0075185   0.00178681            0
Repeater2[0]<--->HoM1[0]
REAL
    0.404247  -0.00238417   0.00423033     0.250385
 -0.00238417    0.0939503    0.0015215 -0.000418013
  0.00423033    0.0015215     0.104768   0.00052689
    0.250385 -0.000418013   0.00052689     0.397035
IMAGINARY
           0  -0.00488332    0.0102614  0.000423784
  0.00488332            0   -0.0041379  -0.00178681
  -0.0102614    0.0041379            0   -0.0075185
-0.000423784   0.00178681    0.0075185            0
Repeater2[0]<--->Repeater3[0]
REAL
    0.32607 -0.00676084  0.00178785    0.129742
-0.00676084    0.166274 0.000193899 -0.00682411
 0.00178785 0.000193899    0.164311  0.00192603
   0.129742 -0.00682411  0.00192603    0.343345
IMAGINARY
           0   0.00166042   -0.0053598  0.000350309
 -0.00166042            0   0.00184881 -0.000770853
   0.0053598  -0.00184881            0  0.000651136
-0.000350309  0.000770853 -0.000651136            0
Repeater3[0]<--->Repeater2[0]
REAL
    0.32607  0.00178785 -0.00676084    0.129742
 0.00178785    0.164311 0.000193899  0.00192603
-0.00676084 0.000193899    0.166274 -0.00682411
   0.129742  0.00192603 -0.00682411    0.343345
IMAGINARY
           0   -0.0053598   0.00166042  0.000350309
   0.0053598            0  -0.00184881  0.000651136
 -0.00166042   0.00184881            0 -0.000770853
-0.000350309 -0.000651136  0.000770853            0
Repeater3[0]<--->HoM2[0]
REAL
    0.34326 -0.00444769 0.000140387    0.127109
-0.00444769     0.17163   0.0025426  0.00084932
0.000140387   0.0025426    0.162422  -0.0050535
   0.127109  0.00084932  -0.0050535    0.322688
IMAGINARY
           0    0.0041767   0.00116408  -0.00777086
  -0.0041767            0  -0.00365482  0.000570258
 -0.00116408   0.00365482            0   0.00306671
  0.00777086 -0.000570258  -0.00306671            0
Repeater4[0]<--->HoM2[0]
REAL
    0.34326 0.000140387 -0.00444769    0.127109
0.000140387    0.162422   0.0025426  -0.0050535
-0.00444769   0.0025426     0.17163  0.00084932
   0.127109  -0.0050535  0.00084932    0.322688
IMAGINARY
           0   0.00116408    0.0041767  -0.00777086
 -0.00116408            0   0.00365482   0.00306671
  -0.0041767  -0.00365482            0  0.000570258
  0.00777086  -0.00306671 -0.000570258            0
Repeater4[0]<--->Repeater5[0]
REAL
    0.317483 -0.000643168   0.00540907    0.0719388
-0.000643168     0.190206   0.00192489  0.000881513
  0.00540907   0.00192489     0.197289   0.00531038
   0.0719388  0.000881513   0.00531038     0.295022
IMAGINARY
          0   0.0029296  -0.0105602   0.0031403
 -0.0029296           0  0.00567734 -0.00776023
  0.0105602 -0.00567734           0  0.00766655
 -0.0031403  0.00776023 -0.00766655           0
Repeater5[0]<--->Repeater4[0]
REAL
    0.317483   0.00540907 -0.000643168    0.0719388
  0.00540907     0.197289   0.00192489   0.00531038
-0.000643168   0.00192489     0.190206  0.000881513
   0.0719388   0.00531038  0.000881513     0.295022
IMAGINARY
          0  -0.0105602   0.0029296   0.0031403
  0.0105602           0 -0.00567734  0.00766655
 -0.0029296  0.00567734           0 -0.00776023
 -0.0031403 -0.00766655  0.00776023           0
Repeater5[0]<--->HoM3[0]
REAL
   0.301659 -0.00225459 -0.00469288   0.0598456
-0.00225459    0.199672 0.000885171 0.000978764
-0.00469288 0.000885171    0.201515 -0.00667936
  0.0598456 0.000978764 -0.00667936    0.297153
IMAGINARY
           0   0.00292782 -0.000304425  -0.00455133
 -0.00292782            0  -0.00226732  -0.00493219
 0.000304425   0.00226732            0  -0.00467336
  0.00455133   0.00493219   0.00467336            0
Repeater6[0]<--->HoM3[0]
REAL
   0.301659 -0.00469288 -0.00225459   0.0598456
-0.00469288    0.201515 0.000885171 -0.00667936
-0.00225459 0.000885171    0.199672 0.000978764
  0.0598456 -0.00667936 0.000978764    0.297153
IMAGINARY
           0 -0.000304425   0.00292782  -0.00455133
 0.000304425            0   0.00226732  -0.00467336
 -0.00292782  -0.00226732            0  -0.00493219
  0.00455133   0.00467336   0.00493219            0
Repeater6[0]<--->Repeater7[0]
REAL
     0.2812 -0.00559895 -0.00120787   0.0314646
-0.00559895    0.208333  -0.0039921 -1.3129e-05
-0.00120787  -0.0039921    0.225242 0.000714943
  0.0314646 -1.3129e-05 0.000714943    0.285225
IMAGINARY
           0  0.000171843   0.00216826   -0.0089382
-0.000171843            0 -0.000554847   -0.0101811
 -0.00216826  0.000554847            0   0.00603809
   0.0089382    0.0101811  -0.00603809            0
Repeater7[0]<--->Repeater6[0]
REAL
     0.2812 -0.00120787 -0.00559895   0.0314646
-0.00120787    0.225242  -0.0039921 0.000714943
-0.00559895  -0.0039921    0.208333 -1.3129e-05
  0.0314646 0.000714943 -1.3129e-05    0.285225
IMAGINARY
           0   0.00216826  0.000171843   -0.0089382
 -0.00216826            0  0.000554847   0.00603809
-0.000171843 -0.000554847            0   -0.0101811
   0.0089382  -0.00603809    0.0101811            0
Repeater7[0]<--->HoM4[0]
REAL
   0.284558  0.00840142   0.0117134   0.0294671
 0.00840142    0.227883 -0.00427405 -0.00886908
  0.0117134 -0.00427405    0.218602 -0.00129048
  0.0294671 -0.00886908 -0.00129048    0.268957
IMAGINARY
           0 -0.000335087   -0.0091108  0.000506918
 0.000335087            0   0.00590077  0.000626196
   0.0091108  -0.00590077            0  -0.00203271
-0.000506918 -0.000626196   0.00203271            0
Repeater8[0]<--->HoM4[0]
REAL
   0.284558   0.0117134  0.00840142   0.0294671
  0.0117134    0.218602 -0.00427405 -0.00129048
 0.00840142 -0.00427405    0.227883 -0.00886908
  0.0294671 -0.00129048 -0.00886908    0.268957
IMAGINARY
           0   -0.0091108 -0.000335087  0.000506918
   0.0091108            0  -0.00590077  -0.00203271
 0.000335087   0.00590077            0  0.000626196
-0.000506918   0.00203271 -0.000626196            0
Repeater8[0]<--->Repeater9[0]
REAL
   0.265681  0.00364263 -0.00169468   0.0206021
 0.00364263    0.239513  0.00243802  0.00059753
-0.00169468  0.00243802    0.229525  0.00224207
  0.0206021  0.00059753  0.00224207    0.265282
IMAGINARY
           0  -0.00135556 -0.000245318 -0.000551222
  0.00135556            0   0.00826539   0.00141719
 0.000245318  -0.00826539            0   0.00623837
 0.000551222  -0.00141719  -0.00623837            0
Repeater9[0]<--->Repeater8[0]
REAL
   0.265681 -0.00169468  0.00364263   0.0206021
