EndNode1[0]<--->Repeater1[0]
REAL
   0.446796  0.00468351  0.00821824    0.418105
 0.00468351   0.0492484  0.00419539 -0.00408101
 0.00821824  0.00419539   0.0443038 -0.00155535
   0.418105 -0.00408101 -0.00155535    0.459652
IMAGINARY
          0  0.00832417 -0.00190392 -0.00178886
-0.00832417           0  0.00629336 -0.00527025
 0.00190392 -0.00629336           0 -0.00314282
 0.00178886  0.00527025  0.00314282           0
EndNode2[0]<--->HoM6[0]
REAL
   0.481811 -0.00295003  0.00385981    0.454577
-0.00295003   0.0221431  0.00119292 -0.00159915
 0.00385981  0.00119292   0.0211546  0.00658675
   0.454577 -0.00159915  0.00658675    0.474891
IMAGINARY
           0  0.000789728  -0.00538771  5.06532e-05
-0.000789728            0   0.00516395  -0.00125715
  0.00538771  -0.00516395            0    0.0050373
-5.06532e-05   0.00125715   -0.0050373            0
Repeater1[0]<--->EndNode1[0]
REAL
   0.446796  0.00821824  0.00468351    0.418105
 0.00821824   0.0443038  0.00419539 -0.00155535
 0.00468351  0.00419539   0.0492484 -0.00408101
   0.418105 -0.00155535 -0.00408101    0.459652
IMAGINARY
          0 -0.00190392  0.00832417 -0.00178886
 0.00190392           0 -0.00629336 -0.00314282
-0.00832417  0.00629336           0 -0.00527025
 0.00178886  0.00314282  0.00527025           0
Repeater1[0]<--->HoM1[0]
REAL
    0.450771  -0.00104744   0.00110308     0.416623
 -0.00104744     0.047845   0.00784534 -0.000804931
  0.00110308   0.00784534    0.0454725 -0.000642087
    0.416623 -0.000804931 -0.000642087     0.455911
IMAGINARY
           0   -0.0022757  -0.00393938   0.00158096
   0.0022757            0  -0.00477329 -0.000216302
  0.00393938   0.00477329            0   0.00683682
 -0.00158096  0.000216302  -0.00683682            0
Repeater2[0]<--->HoM1[0]
REAL
    0.450771   0.00110308  -0.00104744     0.416623
  0.00110308    0.0454725   0.00784534 -0.000642087
 -0.00104744   0.00784534     0.047845 -0.000804931
    0.416623 -0.000642087 -0.000804931     0.455911
IMAGINARY
           0  -0.00393938   -0.0022757   0.00158096
  0.00393938            0   0.00477329   0.00683682
   0.0022757  -0.00477329            0 -0.000216302
 -0.00158096  -0.00683682  0.000216302            0
Repeater2[0]<--->Repeater3[0]
REAL
    0.409009   0.00366648   0.00280767     0.338768
  0.00366648    0.0880881    0.0123047  -0.00141768
  0.00280767    0.0123047    0.0792793 -0.000290783
    0.338768  -0.00141768 -0.000290783     0.423624
IMAGINARY
           0  -0.00313742 -0.000787507  -0.00250765
  0.00313742            0  -0.00219894  -0.00353584
 0.000787507   0.00219894            0   0.00243362
  0.00250765   0.00353584  -0.00243362            0
Repeater3[0]<--->Repeater2[0]
REAL
    0.409009   0.00280767   0.00366648     0.338768
  0.00280767    0.0792793    0.0123047 -0.000290783
  0.00366648    0.0123047    0.0880881  -0.00141768
    0.338768 -0.000290783  -0.00141768     0.423624
IMAGINARY
           0 -0.000787507  -0.00313742  -0.00250765
 0.000787507            0   0.00219894   0.00243362
  0.00313742  -0.00219894            0  -0.00353584
  0.00250765  -0.00243362   0.00353584            0
Repeater3[0]<--->HoM2[0]
REAL
   0.398896 -0.00749497 -0.00640631    0.342159
-0.00749497   0.0825778  0.00794003 -0.00174478
-0.00640631  0.00794003   0.0953883 -0.00105374
   0.342159 -0.00174478 -0.00105374    0.423138
IMAGINARY
           0  -0.00827149  0.000985495  -0.00345589
  0.00827149            0 -0.000440211  0.000884952
-0.000985495  0.000440211            0   0.00915749
  0.00345589 -0.000884952  -0.00915749            0
Repeater4[0]<--->HoM2[0]
REAL
   0.398896 -0.00640631 -0.00749497    0.342159
-0.00640631   0.0953883  0.00794003 -0.00105374
-0.00749497  0.00794003   0.0825778 -0.00174478
   0.342159 -0.00105374 -0.00174478    0.423138
IMAGINARY
           0  0.000985495  -0.00827149  -0.00345589
-0.000985495            0  0.000440211   0.00915749
  0.00827149 -0.000440211            0  0.000884952
  0.00345589  -0.00915749 -0.000884952            0
Repeater4[0]<--->Repeater5[0]
REAL
    0.384554  -0.00478408 -0.000189719     0.283314
 -0.00478408     0.119228    0.0138079  -0.00651375
-0.000189719    0.0138079     0.110669  -0.00527112
    0.283314  -0.00651375  -0.00527112     0.385549
IMAGINARY
          0  0.00129725 -0.00159168  0.00640132
-0.00129725           0 -0.00457428  0.00705128
 0.00159168  0.00457428           0 -0.00219064
-0.00640132 -0.00705128  0.00219064           0
Repeater5[0]<--->Repeater4[0]
REAL
    0.384554 -0.000189719  -0.00478408     0.283314
-0.000189719     0.110669    0.0138079  -0.00527112
 -0.00478408    0.0138079     0.119228  -0.00651375
    0.283314  -0.00527112  -0.00651375     0.385549
IMAGINARY
          0 -0.00159168  0.00129725  0.00640132
 0.00159168           0  0.00457428 -0.00219064
-0.00129725 -0.00457428           0  0.00705128
-0.00640132  0.00219064 -0.00705128           0
Repeater5[0]<--->HoM3[0]
REAL
   0.377935  0.00745797 -0.00176544    0.283527
 0.00745797    0.115992  0.00491495  0.00309278
-0.00176544  0.00491495    0.120243 -0.00368014
   0.283527  0.00309278 -0.00368014     0.38583
IMAGINARY
           0 -0.000722863   0.00444607   0.00483825
 0.000722863            0  -0.00238486  -0.00647529
 -0.00444607   0.00238486            0   0.00579591
 -0.00483825   0.00647529  -0.00579591            0
Repeater6[0]<--->HoM3[0]
REAL
   0.377935 -0.00176544  0.00745797    0.283527
-0.00176544    0.120243  0.00491495 -0.00368014
 0.00745797  0.00491495    0.115992  0.00309278
   0.283527 -0.00368014  0.00309278     0.38583
IMAGINARY
           0   0.00444607 -0.000722863   0.00483825
 -0.00444607            0   0.00238486   0.00579591
 0.000722863  -0.00238486            0  -0.00647529
 -0.00483825  -0.00579591   0.00647529            0
Repeater6[0]<--->Repeater7[0]
REAL
   0.347585 -0.00185792 5.17605e-05    0.223823
-0.00185792    0.142518   0.0142766  0.00145457
5.17605e-05   0.0142766    0.151425 -0.00065262
   0.223823  0.00145457 -0.00065262    0.358472
IMAGINARY
           0   -0.0110383   0.00365338   0.00365438
   0.0110383            0 -0.000846519  -0.00124258
 -0.00365338  0.000846519            0  -0.00140144
 -0.00365438   0.00124258   0.00140144            0
Repeater7[0]<--->Repeater6[0]
REAL
   0.347585 5.17605e-05 -0.00185792    0.223823
5.17605e-05    0.151425   0.0142766 -0.00065262
-0.00185792   0.0142766    0.142518  0.00145457
   0.223823 -0.00065262  0.00145457    0.358472
IMAGINARY
           0   0.00365338   -0.0110383   0.00365438
 -0.00365338            0  0.000846519  -0.00140144
   0.0110383 -0.000846519            0  -0.00124258
 -0.00365438   0.00140144   0.00124258            0
Repeater7[0]<--->HoM4[0]
REAL
    0.362497   0.00441114 -0.000299083     0.237146
  0.00441114      0.14508     0.011061  -9.9323e-05
-0.000299083     0.011061     0.149323   -0.0115825
    0.237146  -9.9323e-05   -0.0115825       0.3431
IMAGINARY
          0 -0.00245934 -0.00203204  0.00660704
 0.00245934           0  0.00120704  0.00122818
 0.00203204 -0.00120704           0 -0.00216284
-0.00660704 -0.00122818  0.00216284           0
Repeater8[0]<--->HoM4[0]
REAL
    0.362497 -0.000299083   0.00441114     0.237146
-0.000299083     0.149323     0.011061   -0.0115825
  0.00441114     0.011061      0.14508  -9.9323e-05
    0.237146   -0.0115825  -9.9323e-05       0.3431
IMAGINARY
          0 -0.00203204 -0.00245934  0.00660704
 0.00203204           0 -0.00120704 -0.00216284
 0.00245934  0.00120704           0  0.00122818
-0.00660704  0.00216284 -0.00122818           0
Repeater8[0]<--->Repeater9[0]
REAL
  0.333333 0.00310985   0.008345   0.184464
0.00310985   0.166768   0.015674 0.00179479
  0.008345   0.015674   0.169998  0.0111646
  0.184464 0.00179479  0.0111646   0.329901
IMAGINARY
           0   -0.0100286   0.00420202   0.00411569
   0.0100286            0   0.00658947  0.000376004
 -0.00420202  -0.00658947            0 -0.000918861
 -0.00411569 -0.000376004  0.000918861            0
Repeater9[0]<--->Repeater8[0]
REAL
  0.333333   0.008345 0.00310985   0.184464
  0.008345   0.169998   0.015674  0.0111646
0.00310985   0.015674   0.166768 0.00179479
  0.184464  0.0111646 0.00179479   0.329901
IMAGINARY
           0   0.00420202   -0.0100286   0.00411569
 -0.00420202            0  -0.00658947 -0.000918861
   0.0100286   0.00658947            0  0.000376004
 -0.00411569  0.000918861 -0.000376004            0
Repeater9[0]<--->HoM5[0]
REAL
    0.328311  -0.00401122 -0.000195206     0.193835
 -0.00401122     0.167482   0.00990609  -0.00750633
-0.000195206   0.00990609     0.159656 -0.000289637
    0.193835  -0.00750633 -0.000289637     0.344551
IMAGINARY
          0   -0.002923 -0.00153215 -0.00172382
   0.002923           0 -0.00142207  0.00351628
 0.00153215  0.00142207           0  0.00431189
 0.00172382 -0.00351628 -0.00431189           0
Repeater10[0]<--->HoM5[0]
REAL
    0.328311 -0.000195206  -0.00401122     0.193835
-0.000195206     0.159656   0.00990609 -0.000289637
 -0.00401122   0.00990609     0.167482  -0.00750633
    0.193835 -0.000289637  -0.00750633     0.344551
IMAGINARY
          0 -0.00153215   -0.002923 -0.00172382
 0.00153215           0  0.00142207  0.00431189
   0.002923 -0.00142207           0  0.00351628
 0.00172382 -0.00431189 -0.00351628           0
Repeater10[0]<--->Repeater11[0]
REAL
   0.472338  0.00318296  0.00665322    0.453649
 0.00318296   0.0216141  0.00309717  0.00128329
 0.00665322  0.00309717   0.0218124 -0.00159566
   0.453649  0.00128329 -0.00159566    0.484236
IMAGINARY
           0   0.00146832    0.0040479 -0.000435344
 -0.00146832            0   0.00685736  -0.00629555
  -0.0040479  -0.00685736            0 -3.80019e-05
 0.000435344   0.00629555  3.80019e-05            0
Repeater11[0]<--->Repeater10[0]
REAL
   0.472338  0.00665322  0.00318296    0.453649
 0.00665322   0.0218124  0.00309717 -0.00159566
 0.00318296  0.00309717   0.0216141  0.00128329
   0.453649 -0.00159566  0.00128329    0.484236
IMAGINARY
           0    0.0040479   0.00146832 -0.000435344
  -0.0040479            0  -0.00685736 -3.80019e-05
 -0.00146832   0.00685736            0  -0.00629555
 0.000435344  3.80019e-05   0.00629555            0
Repeater11[0]<--->HoM6[0]
REAL
   0.481811  0.00385981 -0.00295003    0.454577
 0.00385981   0.0211546  0.00119292  0.00658675
-0.00295003  0.00119292   0.0221431 -0.00159915
   0.454577  0.00658675 -0.00159915    0.474891
IMAGINARY
           0  -0.00538771  0.000789728  5.06532e-05
  0.00538771            0  -0.00516395    0.0050373
-0.000789728   0.00516395            0  -0.00125715
-5.06532e-05   -0.0050373   0.00125715            0
EndNode1[0]<--->Repeater1[0]
REAL
   0.456154 0.000353516  -0.0036533    0.419812
0.000353516   0.0416331    0.013562 -0.00294837
 -0.0036533    0.013562   0.0468624 -0.00614267
   0.419812 -0.00294837 -0.00614267     0.45535
IMAGINARY
          0  0.00104847 -0.00892666 -0.00379131
-0.00104847           0 -0.00621067 -0.00357334
 0.00892666  0.00621067           0 -0.00143909
 0.00379131  0.00357334  0.00143909           0
EndNode2[0]<--->HoM6[0]
REAL
    0.480384  -0.00122095  -0.00712737     0.455551
 -0.00122095    0.0246197   0.00495121 -0.000752143
 -0.00712737   0.00495121    0.0234187  -0.00586064
    0.455551 -0.000752143  -0.00586064     0.471577
IMAGINARY
          0 -0.00196992 -0.00977797 -0.00237817
 0.00196992           0  0.00198024 -0.00350682
 0.00977797 -0.00198024           0  0.00757905
 0.00237817  0.00350682 -0.00757905           0
Repeater1[0]<--->EndNode1[0]
REAL
   0.456154  -0.0036533 0.000353516    0.419812
 -0.0036533   0.0468624    0.013562 -0.00614267
0.000353516    0.013562   0.0416331 -0.00294837
   0.419812 -0.00614267 -0.00294837     0.45535
IMAGINARY
          0 -0.00892666  0.00104847 -0.00379131
 0.00892666           0  0.00621067 -0.00143909
-0.00104847 -0.00621067           0 -0.00357334
 0.00379131  0.00143909  0.00357334           0
Repeater1[0]<--->HoM1[0]
REAL
   0.445371  0.00154828  0.00993895    0.417123
 0.00154828   0.0488677  0.00379607 -0.00231545
 0.00993895  0.00379607   0.0435042  0.00424558
   0.417123 -0.00231545  0.00424558    0.462257
IMAGINARY
          0  0.00805692  -0.0021759 -0.00726244
-0.00805692           0  0.00223186 -0.00542529
  0.0021759 -0.00223186           0  0.00250577
 0.00726244  0.00542529 -0.00250577           0
Repeater2[0]<--->HoM1[0]
REAL
   0.445371  0.00993895  0.00154828    0.417123
 0.00993895   0.0435042  0.00379607  0.00424558
 0.00154828  0.00379607   0.0488677 -0.00231545
   0.417123  0.00424558 -0.00231545    0.462257
IMAGINARY
          0  -0.0021759  0.00805692 -0.00726244
  0.0021759           0 -0.00223186  0.00250577
-0.00805692  0.00223186           0 -0.00542529
 0.00726244 -0.00250577  0.00542529           0
Repeater2[0]<--->Repeater3[0]
REAL
   0.413372 -0.00586269  0.00115507    0.339323
-0.00586269    0.078876   0.0120197 -0.00515343
 0.00115507   0.0120197   0.0732558  0.00904087
   0.339323 -0.00515343  0.00904087    0.434496
IMAGINARY
           0  -0.00323476  -0.00974736   0.00187455
  0.00323476            0  -0.00177509   0.00325125
  0.00974736   0.00177509            0  0.000936142
 -0.00187455  -0.00325125 -0.000936142            0
Repeater3[0]<--->Repeater2[0]
REAL
   0.413372  0.00115507 -0.00586269    0.339323
 0.00115507   0.0732558   0.0120197  0.00904087
-0.00586269   0.0120197    0.078876 -0.00515343
   0.339323  0.00904087 -0.00515343    0.434496
IMAGINARY
           0  -0.00974736  -0.00323476   0.00187455
  0.00974736            0   0.00177509  0.000936142
  0.00323476  -0.00177509            0   0.00325125
 -0.00187455 -0.000936142  -0.00325125            0
Repeater3[0]<--->HoM2[0]
REAL
   0.424413 0.000985076  0.00132133    0.344461
0.000985076   0.0885364  0.00368173    -0.00245
 0.00132133  0.00368173   0.0776952  0.00158008
   0.344461    -0.00245  0.00158008    0.409356
IMAGINARY
           0   0.00195234  0.000318701  -0.00019716
 -0.00195234            0  -0.00201168   -0.0110449
-0.000318701   0.00201168            0   0.00503447
  0.00019716    0.0110449  -0.00503447            0
Repeater4[0]<--->HoM2[0]
REAL
   0.424413  0.00132133 0.000985076    0.344461
 0.00132133   0.0776952  0.00368173  0.00158008
0.000985076  0.00368173   0.0885364    -0.00245
   0.344461  0.00158008    -0.00245    0.409356
IMAGINARY
           0  0.000318701   0.00195234  -0.00019716
-0.000318701            0   0.00201168   0.00503447
 -0.00195234  -0.00201168            0   -0.0110449
  0.00019716  -0.00503447    0.0110449            0
Repeater4[0]<--->Repeater5[0]
REAL
   0.377186  0.00300614 -0.00604216    0.278897
 0.00300614     0.11407   0.0103521  0.00400452
-0.00604216   0.0103521    0.119436 -0.00232692
   0.278897  0.00400452 -0.00232692    0.389308
IMAGINARY
           0  0.000151049  -0.00482222   0.00708705
-0.000151049            0  -0.00175184   0.00705165
  0.00482222   0.00175184            0   5.1626e-05
 -0.00708705  -0.00705165  -5.1626e-05            0
Repeater5[0]<--->Repeater4[0]
REAL
   0.377186 -0.00604216  0.00300614    0.278897
-0.00604216    0.119436   0.0103521 -0.00232692
 0.00300614   0.0103521     0.11407  0.00400452
   0.278897 -0.00232692  0.00400452    0.389308
IMAGINARY
           0  -0.00482222  0.000151049   0.00708705
  0.00482222            0   0.00175184   5.1626e-05
-0.000151049  -0.00175184            0   0.00705165
 -0.00708705  -5.1626e-05  -0.00705165            0
Repeater5[0]<--->HoM3[0]
REAL
   0.383712  -0.0031677  0.00475709    0.286973
 -0.0031677    0.112373   0.0176645 -0.00475709
 0.00475709   0.0176645    0.125881  -0.0014694
   0.286973 -0.00475709  -0.0014694    0.378034
IMAGINARY
           0  -0.00275027   0.00333663    0.0043918
  0.00275027            0   0.00268463  0.000283645
 -0.00333663  -0.00268463            0  0.000940134
  -0.0043918 -0.000283645 -0.000940134            0
Repeater6[0]<--->HoM3[0]
REAL
   0.383712  0.00475709  -0.0031677    0.286973
 0.00475709    0.125881   0.0176645  -0.0014694
 -0.0031677   0.0176645    0.112373 -0.00475709
   0.286973  -0.0014694 -0.00475709    0.378034
IMAGINARY
           0   0.00333663  -0.00275027    0.0043918
 -0.00333663            0  -0.00268463  0.000940134
  0.00275027   0.00268463            0  0.000283645
  -0.0043918 -0.000940134 -0.000283645            0
Repeater6[0]<--->Repeater7[0]
REAL
   0.360033  0.00224467  0.00342196    0.231582
 0.00224467    0.140476   0.0106138 0.000102711
 0.00342196   0.0106138     0.13702  -0.0027482
   0.231582 0.000102711  -0.0027482    0.362472
IMAGINARY
           0   0.00295236  -0.00324581   0.00776592
 -0.00295236            0   0.00577943   0.00445549
  0.00324581  -0.00577943            0 -0.000533003
 -0.00776592  -0.00445549  0.000533003            0
Repeater7[0]<--->Repeater6[0]
REAL
   0.360033  0.00342196  0.00224467    0.231582
 0.00342196     0.13702   0.0106138  -0.0027482
 0.00224467   0.0106138    0.140476 0.000102711
   0.231582  -0.0027482 0.000102711    0.362472
IMAGINARY
           0  -0.00324581   0.00295236   0.00776592
  0.00324581            0  -0.00577943 -0.000533003
 -0.00295236   0.00577943            0   0.00445549
 -0.00776592  0.000533003  -0.00445549            0
Repeater7[0]<--->HoM4[0]
REAL
   0.351699 0.000544155 -0.00294814    0.237353
0.000544155      0.1482   0.0168566 -0.00126197
-0.00294814   0.0168566    0.140961 -0.00595715
   0.237353 -0.00126197 -0.00595715    0.359139
IMAGINARY
           0  0.000131558  -0.00304215  0.000239423
-0.000131558            0  -0.00143942 -0.000263801
  0.00304215   0.00143942            0  -0.00183462
-0.000239423  0.000263801   0.00183462            0
Repeater8[0]<--->HoM4[0]
REAL
   0.351699 -0.00294814 0.000544155    0.237353
-0.00294814    0.140961   0.0168566 -0.00595715
0.000544155   0.0168566      0.1482 -0.00126197
   0.237353 -0.00595715 -0.00126197    0.359139
IMAGINARY
           0  -0.00304215  0.000131558  0.000239423
  0.00304215            0   0.00143942  -0.00183462
-0.000131558  -0.00143942            0 -0.000263801
-0.000239423   0.00183462  0.000263801            0
Repeater8[0]<--->Repeater9[0]
REAL
    0.343787    0.0106603  0.000149492     0.187463
   0.0106603     0.158198    0.0151578 -0.000149492
 0.000149492    0.0151578     0.164748    0.0052671
    0.187463 -0.000149492    0.0052671     0.333267
IMAGINARY
           0   0.00526506  -0.00611704  -0.00434367
 -0.00526506            0  -0.00730342   0.00178974
  0.00611704   0.00730342            0  0.000242412
  0.00434367  -0.00178974 -0.000242412            0
Repeater9[0]<--->Repeater8[0]
REAL
    0.343787  0.000149492    0.0106603     0.187463
 0.000149492     0.164748    0.0151578    0.0052671
   0.0106603    0.0151578     0.158198 -0.000149492
    0.187463    0.0052671 -0.000149492     0.333267
IMAGINARY
           0  -0.00611704   0.00526506  -0.00434367
  0.00611704            0   0.00730342  0.000242412
 -0.00526506  -0.00730342            0   0.00178974
  0.00434367 -0.000242412  -0.00178974            0
Repeater9[0]<--->HoM5[0]
REAL
    0.333398   0.00149225 -0.000298726      0.18962
  0.00149225      0.16631    0.0142386  -9.9046e-05
-0.000298726    0.0142386     0.161259   0.00865095
     0.18962  -9.9046e-05   0.00865095     0.339032
IMAGINARY
          0  0.00583612 -0.00576517 -0.00335965
-0.00583612           0 -0.00496866  0.00130885
 0.00576517  0.00496866           0  -0.0071235
 0.00335965 -0.00130885   0.0071235           0
Repeater10[0]<--->HoM5[0]
REAL
    0.333398 -0.000298726   0.00149225      0.18962
-0.000298726     0.161259    0.0142386   0.00865095
  0.00149225    0.0142386      0.16631  -9.9046e-05
     0.18962   0.00865095  -9.9046e-05     0.339032
IMAGINARY
          0 -0.00576517  0.00583612 -0.00335965
 0.00576517           0  0.00496866  -0.0071235
-0.00583612 -0.00496866           0  0.00130885
 0.00335965   0.0071235 -0.00130885           0
Repeater10[0]<--->Repeater11[0]
REAL
     0.47598 -7.77737e-05  -0.00226151     0.457925
-7.77737e-05    0.0219095   0.00342409  -0.00226151
 -0.00226151   0.00342409    0.0261307  -0.00238933
    0.457925  -0.00226151  -0.00238933      0.47598
IMAGINARY
          0  0.00743363  0.00123343  0.00712521
-0.00743363           0 -0.00443436 -0.00449752
-0.00123343  0.00443436           0  -0.0021913
-0.00712521  0.00449752   0.0021913           0
Repeater11[0]<--->Repeater10[0]
REAL
     0.47598  -0.00226151 -7.77737e-05     0.457925
 -0.00226151    0.0261307   0.00342409  -0.00238933
-7.77737e-05   0.00342409    0.0219095  -0.00226151
    0.457925  -0.00238933  -0.00226151      0.47598
IMAGINARY
          0  0.00123343  0.00743363  0.00712521
-0.00123343           0  0.00443436  -0.0021913
-0.00743363 -0.00443436           0 -0.00449752
-0.00712521   0.0021913  0.00449752           0
Repeater11[0]<--->HoM6[0]
REAL
    0.480384  -0.00712737  -0.00122095     0.455551
 -0.00712737    0.0234187   0.00495121  -0.00586064
 -0.00122095   0.00495121    0.0246197 -0.000752143
    0.455551  -0.00586064 -0.000752143     0.471577
IMAGINARY
          0 -0.00977797 -0.00196992 -0.00237817
 0.00977797           0 -0.00198024  0.00757905
 0.00196992  0.00198024           0 -0.00350682
 0.00237817 -0.00757905  0.00350682           0
EndNode1[0]<--->Repeater1[0]
REAL
    0.457048  -0.00530432  -0.00338504     0.411798
 -0.00530432    0.0435377   0.00647934 -0.000842009
 -0.00338504   0.00647934    0.0413901   0.00349273
    0.411798 -0.000842009   0.00349273     0.458024
IMAGINARY
          0 -0.00860164  0.00717143 -0.00548238
 0.00860164           0 -0.00395892 -0.00696998
-0.00717143  0.00395892           0  0.00557988
 0.00548238  0.00696998 -0.00557988           0
EndNode2[0]<--->HoM6[0]
REAL
  0.483832 0.00379143  0.0104234   0.455895
0.00379143  0.0236995 0.00573808 0.00681086
 0.0104234 0.00573808  0.0232979 0.00790327
  0.455895 0.00681086 0.00790327   0.469171
IMAGINARY
          0  0.00107766  -0.0104822  0.00180036
-0.00107766           0 -0.00120204  0.00341786
  0.0104822  0.00120204           0  0.00520178
-0.00180036 -0.00341786 -0.00520178           0
Repeater1[0]<--->EndNode1[0]
REAL
    0.457048  -0.00338504  -0.00530432     0.411798
 -0.00338504    0.0413901   0.00647934   0.00349273
 -0.00530432   0.00647934    0.0435377 -0.000842009
    0.411798   0.00349273 -0.000842009     0.458024
IMAGINARY
          0  0.00717143 -0.00860164 -0.00548238
-0.00717143           0  0.00395892  0.00557988
 0.00860164 -0.00395892           0 -0.00696998
 0.00548238 -0.00557988  0.00696998           0
Repeater1[0]<--->HoM1[0]
REAL
   0.442029  0.00906928  0.00869762    0.416159
 0.00906928   0.0473027   0.0101488 -0.00196228
 0.00869762   0.0101488   0.0491143  0.00202423
   0.416159 -0.00196228  0.00202423    0.461554
IMAGINARY
           0  -0.00682912   0.00430877  -0.00786332
  0.00682912            0 -4.14208e-05 -0.000860496
 -0.00430877  4.14208e-05            0  3.10906e-05
  0.00786332  0.000860496 -3.10906e-05            0
Repeater2[0]<--->HoM1[0]
REAL
   0.442029  0.00869762  0.00906928    0.416159
 0.00869762   0.0491143   0.0101488  0.00202423
 0.00906928   0.0101488   0.0473027 -0.00196228
   0.416159  0.00202423 -0.00196228    0.461554
IMAGINARY
           0   0.00430877  -0.00682912  -0.00786332
 -0.00430877            0  4.14208e-05  3.10906e-05
  0.00682912 -4.14208e-05            0 -0.000860496
  0.00786332 -3.10906e-05  0.000860496            0
Repeater2[0]<--->Repeater3[0]
REAL
   0.425372 -0.00567405  0.00291694     0.34364
-0.00567405   0.0800244   0.0149038 -0.00311702
 0.00291694   0.0149038   0.0836897 -0.00913187
    0.34364 -0.00311702 -0.00913187    0.410914
IMAGINARY
          0 -0.00515605 -0.00178129 -0.00575573
 0.00515605           0 -0.00204905  0.00624646
 0.00178129  0.00204905           0 -0.00625495
 0.00575573 -0.00624646  0.00625495           0
Repeater3[0]<--->Repeater2[0]
REAL
   0.425372  0.00291694 -0.00567405     0.34364
 0.00291694   0.0836897   0.0149038 -0.00913187
-0.00567405   0.0149038   0.0800244 -0.00311702
    0.34364 -0.00913187 -0.00311702    0.410914
IMAGINARY
          0 -0.00178129 -0.00515605 -0.00575573
 0.00178129           0  0.00204905 -0.00625495
 0.00515605 -0.00204905           0  0.00624646
 0.00575573  0.00625495 -0.00624646           0
Repeater3[0]<--->HoM2[0]
REAL
   0.418302 -0.00163087  0.00284459    0.344635
-0.00163087   0.0802964    0.008148  0.00224218
 0.00284459    0.008148   0.0786944   0.0051218
   0.344635  0.00224218   0.0051218    0.422707
IMAGINARY
          0 -0.00592389  -0.0015679  0.00557269
 0.00592389           0 -0.00177877  0.00823987
  0.0015679  0.00177877           0  -0.0061255
-0.00557269 -0.00823987   0.0061255           0
Repeater4[0]<--->HoM2[0]
REAL
   0.418302  0.00284459 -0.00163087    0.344635
 0.00284459   0.0786944    0.008148   0.0051218
-0.00163087    0.008148   0.0802964  0.00224218
   0.344635   0.0051218  0.00224218    0.422707
IMAGINARY
          0  -0.0015679 -0.00592389  0.00557269
  0.0015679           0  0.00177877  -0.0061255
 0.00592389 -0.00177877           0  0.00823987
-0.00557269   0.0061255 -0.00823987           0
Repeater4[0]<--->Repeater5[0]
REAL
    0.397618  -0.00835879   0.00345007     0.284988
 -0.00835879     0.118262    0.0105578  -0.00706163
  0.00345007    0.0105578     0.115545 -0.000268816
    0.284988  -0.00706163 -0.000268816     0.368575
IMAGINARY
           0   0.00370856 -0.000170235   0.00904676
 -0.00370856            0    0.0077491  -0.00409141
 0.000170235   -0.0077491            0  -0.00103265
 -0.00904676   0.00409141   0.00103265            0
Repeater5[0]<--->Repeater4[0]
REAL
    0.397618   0.00345007  -0.00835879     0.284988
  0.00345007     0.115545    0.0105578 -0.000268816
 -0.00835879    0.0105578     0.118262  -0.00706163
    0.284988 -0.000268816  -0.00706163     0.368575
IMAGINARY
           0 -0.000170235   0.00370856   0.00904676
 0.000170235            0   -0.0077491  -0.00103265
 -0.00370856    0.0077491            0  -0.00409141
 -0.00904676   0.00103265   0.00409141            0
Repeater5[0]<--->HoM3[0]
REAL
   0.380781 0.000238325 0.000448809     0.28803
0.000238325    0.118222  0.00908036   0.0022604
0.000448809  0.00908036    0.116029 -0.00134208
    0.28803   0.0022604 -0.00134208    0.384968
IMAGINARY
          0  0.00533391 -0.00201995 -0.00224835
-0.00533391           0 -0.00049054 -0.00375005
 0.00201995  0.00049054           0   0.0026247
 0.00224835  0.00375005  -0.0026247           0
Repeater6[0]<--->HoM3[0]
REAL
   0.380781 0.000448809 0.000238325     0.28803
0.000448809    0.116029  0.00908036 -0.00134208
0.000238325  0.00908036    0.118222   0.0022604
    0.28803 -0.00134208   0.0022604    0.384968
IMAGINARY
          0 -0.00201995  0.00533391 -0.00224835
 0.00201995           0  0.00049054   0.0026247
-0.00533391 -0.00049054           0 -0.00375005
 0.00224835  -0.0026247  0.00375005           0
Repeater6[0]<--->Repeater7[0]
REAL
    0.360991   -0.0025983   0.00392604      0.23047
  -0.0025983     0.145304     0.012213 -0.000685027
  0.00392604     0.012213     0.129618  0.000339416
     0.23047 -0.000685027  0.000339416     0.364087
IMAGINARY
           0  -0.00399654  -0.00835412  0.000860747
  0.00399654            0  -0.00514646  0.000862005
  0.00835412   0.00514646            0   0.00419371
-0.000860747 -0.000862005  -0.00419371            0
Repeater7[0]<--->Repeater6[0]
REAL
    0.360991   0.00392604   -0.0025983      0.23047
  0.00392604     0.129618     0.012213  0.000339416
  -0.0025983     0.012213     0.145304 -0.000685027
     0.23047  0.000339416 -0.000685027     0.364087
IMAGINARY
           0  -0.00835412  -0.00399654  0.000860747
  0.00835412            0   0.00514646   0.00419371
  0.00399654  -0.00514646            0  0.000862005
-0.000860747  -0.00419371 -0.000862005            0
Repeater7[0]<--->HoM4[0]
REAL
   0.363689 -0.00292275 -0.00350901    0.228716
-0.00292275    0.144432   0.0112111 -0.00152725
-0.00350901   0.0112111    0.138824  0.00251985
   0.228716 -0.00152725  0.00251985    0.353055
IMAGINARY
           0   0.00157514   0.00132122 -0.000712188
 -0.00157514            0  -0.00389563  0.000718807
 -0.00132122   0.00389563            0  -0.00361517
 0.000712188 -0.000718807   0.00361517            0
Repeater8[0]<--->HoM4[0]
REAL
   0.363689 -0.00350901 -0.00292275    0.228716
-0.00350901    0.138824   0.0112111  0.00251985
-0.00292275   0.0112111    0.144432 -0.00152725
   0.228716  0.00251985 -0.00152725    0.353055
IMAGINARY
           0   0.00132122   0.00157514 -0.000712188
 -0.00132122            0   0.00389563  -0.00361517
 -0.00157514  -0.00389563            0  0.000718807
 0.000712188   0.00361517 -0.000718807            0
Repeater8[0]<--->Repeater9[0]
REAL
   0.339024 0.000400375 -0.00652071    0.180901
0.000400375    0.159871     0.01674 -0.00181601
-0.00652071     0.01674    0.163286  0.00813968
   0.180901 -0.00181601  0.00813968    0.337819
IMAGINARY
           0   -0.0043515  -0.00305247  -0.00390093
   0.0043515            0  4.38442e-05  0.000283481
  0.00305247 -4.38442e-05            0  -0.00395546
  0.00390093 -0.000283481   0.00395546            0
Repeater9[0]<--->Repeater8[0]
REAL
   0.339024 -0.00652071 0.000400375    0.180901
-0.00652071    0.163286     0.01674  0.00813968
0.000400375     0.01674    0.159871 -0.00181601
   0.180901  0.00813968 -0.00181601    0.337819
IMAGINARY
           0  -0.00305247   -0.0043515  -0.00390093
  0.00305247            0 -4.38442e-05  -0.00395546
   0.0043515  4.38442e-05            0  0.000283481
  0.00390093   0.00395546 -0.000283481            0
Repeater9[0]<--->HoM5[0]
REAL
   0.345334 -0.00102052  0.00686938    0.196691
-0.00102052    0.156074   0.0112912  0.00737049
 0.00686938   0.0112912    0.168946  0.00362782
   0.196691  0.00737049  0.00362782    0.329646
IMAGINARY
           0   0.00458714  -0.00338296   0.00503521
 -0.00458714            0  7.68612e-05  -0.00581704
  0.00338296 -7.68612e-05            0  -0.00878714
 -0.00503521   0.00581704   0.00878714            0
Repeater10[0]<--->HoM5[0]
REAL
   0.345334  0.00686938 -0.00102052    0.196691
 0.00686938    0.168946   0.0112912  0.00362782
-0.00102052   0.0112912    0.156074  0.00737049
   0.196691  0.00362782  0.00737049    0.329646
IMAGINARY
           0  -0.00338296   0.00458714   0.00503521
  0.00338296            0 -7.68612e-05  -0.00878714
 -0.00458714  7.68612e-05            0  -0.00581704
 -0.00503521   0.00878714   0.00581704            0
Repeater10[0]<--->Repeater11[0]
REAL
   0.474401  0.00145392 0.000843161    0.453534
 0.00145392   0.0260057  0.00468306  0.00154442
0.000843161  0.00468306   0.0278342 -0.00224978
   0.453534  0.00154442 -0.00224978    0.471759
IMAGINARY
           0   0.00313189  0.000682615   -0.0048007
 -0.00313189            0   0.00420094 -0.000582715
-0.000682615  -0.00420094            0  -0.00203299
   0.0048007  0.000582715   0.00203299            0
Repeater11[0]<--->Repeater10[0]
REAL
   0.474401 0.000843161  0.00145392    0.453534
0.000843161   0.0278342  0.00468306 -0.00224978
 0.00145392  0.00468306   0.0260057  0.00154442
   0.453534 -0.00224978  0.00154442    0.471759
IMAGINARY
           0  0.000682615   0.00313189   -0.0048007
-0.000682615            0  -0.00420094  -0.00203299
 -0.00313189   0.00420094            0 -0.000582715
   0.0048007   0.00203299  0.000582715            0
Repeater11[0]<--->HoM6[0]
REAL
  0.483832  0.0104234 0.00379143   0.455895
 0.0104234  0.0232979 0.00573808 0.00790327
0.00379143 0.00573808  0.0236995 0.00681086
  0.455895 0.00790327 0.00681086   0.469171
IMAGINARY
          0  -0.0104822  0.00107766  0.00180036
  0.0104822           0  0.00120204  0.00520178
-0.00107766 -0.00120204           0  0.00341786
-0.00180036 -0.00520178 -0.00341786           0
EndNode1[0]<--->Repeater1[0]
REAL
    0.461812   0.00829793   0.00796141     0.415333
  0.00829793    0.0393748   0.00887849  -0.00391938
  0.00796141   0.00887849    0.0443213 -1.17558e-05
    0.415333  -0.00391938 -1.17558e-05     0.454491
IMAGINARY
          0  0.00714794 -0.00655481  0.00309991
-0.00714794           0  0.00548844 -0.00307776
 0.00655481 -0.00548844           0 -0.00327505
-0.00309991  0.00307776  0.00327505           0
EndNode2[0]<--->HoM6[0]
REAL
    0.481341   0.00188629 -0.000526473      0.45632
  0.00188629    0.0269407   0.00266327   0.00252727
-0.000526473   0.00266327    0.0243464  0.000314586
     0.45632   0.00252727  0.000314586     0.467372
IMAGINARY
          0  -0.0088032  0.00798891 -0.00311709
  0.0088032           0 -0.00240295 -0.00264939
-0.00798891  0.00240295           0 -0.00177508
 0.00311709  0.00264939  0.00177508           0
Repeater1[0]<--->EndNode1[0]
REAL
    0.461812   0.00796141   0.00829793     0.415333
  0.00796141    0.0443213   0.00887849 -1.17558e-05
  0.00829793   0.00887849    0.0393748  -0.00391938
    0.415333 -1.17558e-05  -0.00391938     0.454491
IMAGINARY
          0 -0.00655481  0.00714794  0.00309991
 0.00655481           0 -0.00548844 -0.00327505
-0.00714794  0.00548844           0 -0.00307776
-0.00309991  0.00327505  0.00307776           0
Repeater1[0]<--->HoM1[0]
REAL
   0.451768  0.00465833   0.0016939     0.41517
 0.00465833   0.0492363  0.00571524   0.0016939
  0.0016939  0.00571524   0.0422026 -0.00625259
    0.41517   0.0016939 -0.00625259    0.456793
IMAGINARY
           0   0.00391703   -0.0036258  -0.00361629
 -0.00391703            0 -0.000832989   0.00232658
   0.0036258  0.000832989            0    0.0023792
  0.00361629  -0.00232658   -0.0023792            0
Repeater2[0]<--->HoM1[0]
REAL
   0.451768   0.0016939  0.00465833     0.41517
  0.0016939   0.0422026  0.00571524 -0.00625259
 0.00465833  0.00571524   0.0492363   0.0016939
    0.41517 -0.00625259   0.0016939    0.456793
IMAGINARY
           0   -0.0036258   0.00391703  -0.00361629
   0.0036258            0  0.000832989    0.0023792
 -0.00391703 -0.000832989            0   0.00232658
  0.00361629   -0.0023792  -0.00232658            0
Repeater2[0]<--->Repeater3[0]
REAL
    0.402855 -0.000148599  -0.00292201     0.344963
-0.000148599    0.0836638    0.0103887   0.00172822
 -0.00292201    0.0103887    0.0858446 -0.000846227
    0.344963   0.00172822 -0.000846227     0.427637
IMAGINARY
          0 -0.00298901 -0.00342326  0.00563615
 0.00298901           0 -0.00543065   0.0122433
 0.00342326  0.00543065           0 -0.00308703
-0.00563615  -0.0122433  0.00308703           0
Repeater3[0]<--->Repeater2[0]
REAL
    0.402855  -0.00292201 -0.000148599     0.344963
 -0.00292201    0.0858446    0.0103887 -0.000846227
-0.000148599    0.0103887    0.0836638   0.00172822
    0.344963 -0.000846227   0.00172822     0.427637
IMAGINARY
          0 -0.00342326 -0.00298901  0.00563615
 0.00342326           0  0.00543065 -0.00308703
 0.00298901 -0.00543065           0   0.0122433
-0.00563615  0.00308703  -0.0122433           0
Repeater3[0]<--->HoM2[0]
REAL
   0.428253 -0.00580422  0.00150734    0.339769
-0.00580422   0.0748836   0.0131242 -0.00737541
 0.00150734   0.0131242   0.0841935 -0.00350376
   0.339769 -0.00737541 -0.00350376     0.41267
IMAGINARY
           0  -0.00965819   0.00646826  -0.00440535
  0.00965819            0   0.00359465   0.00597154
 -0.00646826  -0.00359465            0  0.000829945
  0.00440535  -0.00597154 -0.000829945            0
Repeater4[0]<--->HoM2[0]
REAL
   0.428253  0.00150734 -0.00580422    0.339769
 0.00150734   0.0841935   0.0131242 -0.00350376
-0.00580422   0.0131242   0.0748836 -0.00737541
   0.339769 -0.00350376 -0.00737541     0.41267
IMAGINARY
           0   0.00646826  -0.00965819  -0.00440535
 -0.00646826            0  -0.00359465  0.000829945
  0.00965819   0.00359465            0   0.00597154
  0.00440535 -0.000829945  -0.00597154            0
Repeater4[0]<--->Repeater5[0]
REAL
   0.38728 0.00539839  0.0116433   0.288507
0.00539839   0.121734  0.0127031 0.00206633
 0.0116433  0.0127031   0.105327  0.0103274
  0.288507 0.00206633  0.0103274   0.385659
IMAGINARY
           0   -0.0063324   0.00403617  -0.00197451
   0.0063324            0   0.00364347 -0.000342814
 -0.00403617  -0.00364347            0  -0.00195269
  0.00197451  0.000342814   0.00195269            0
Repeater5[0]<--->Repeater4[0]
REAL
   0.38728  0.0116433 0.00539839   0.288507
 0.0116433   0.105327  0.0127031  0.0103274
0.00539839  0.0127031   0.121734 0.00206633
  0.288507  0.0103274 0.00206633   0.385659
IMAGINARY
           0   0.00403617   -0.0063324  -0.00197451
 -0.00403617            0  -0.00364347  -0.00195269
   0.0063324   0.00364347            0 -0.000342814
  0.00197451   0.00195269  0.000342814            0
Repeater5[0]<--->HoM3[0]
REAL
   0.392743  0.00740179  0.00397749     0.27287
 0.00740179    0.110064   0.0095161 0.000642132
 0.00397749   0.0095161     0.11267  0.00173916
    0.27287 0.000642132  0.00173916    0.384523
IMAGINARY
           0   0.00341983   0.00076529 -0.000286999
 -0.00341983            0   0.00110299   0.00237689
 -0.00076529  -0.00110299            0   0.00109706
 0.000286999  -0.00237689  -0.00109706            0
Repeater6[0]<--->HoM3[0]
REAL
   0.392743  0.00397749  0.00740179     0.27287
 0.00397749     0.11267   0.0095161  0.00173916
 0.00740179   0.0095161    0.110064 0.000642132
    0.27287  0.00173916 0.000642132    0.384523
IMAGINARY
           0   0.00076529   0.00341983 -0.000286999
 -0.00076529            0  -0.00110299   0.00109706
 -0.00341983   0.00110299            0   0.00237689
 0.000286999  -0.00109706  -0.00237689            0
Repeater6[0]<--->Repeater7[0]
REAL
     0.3649 -0.00330599   0.0030758    0.229866
-0.00330599    0.150514   0.0126904  0.00287895
  0.0030758   0.0126904    0.133387 -0.00761104
   0.229866  0.00287895 -0.00761104    0.351199
IMAGINARY
          0 -0.00274528 -0.00211899 -0.00148035
 0.00274528           0  0.00207939  -0.0026352
 0.00211899 -0.00207939           0  0.00062106
 0.00148035   0.0026352 -0.00062106           0
Repeater7[0]<--->Repeater6[0]
REAL
     0.3649   0.0030758 -0.00330599    0.229866
  0.0030758    0.133387   0.0126904 -0.00761104
-0.00330599   0.0126904    0.150514  0.00287895
   0.229866 -0.00761104  0.00287895    0.351199
IMAGINARY
          0 -0.00211899 -0.00274528 -0.00148035
 0.00211899           0 -0.00207939  0.00062106
 0.00274528  0.00207939           0  -0.0026352
 0.00148035 -0.00062106   0.0026352           0
Repeater7[0]<--->HoM4[0]
REAL
   0.359944 0.000713485  0.00397962    0.237098
0.000713485    0.139056   0.0120881 0.000902395
 0.00397962   0.0120881    0.143457  0.00721979
   0.237098 0.000902395  0.00721979    0.357543
IMAGINARY
          0   0.0177511 -0.00502847  0.00630688
 -0.0177511           0 -0.00581134  0.00563551
 0.00502847  0.00581134           0  0.00167424
-0.00630688 -0.00563551 -0.00167424           0
Repeater8[0]<--->HoM4[0]
REAL
   0.359944  0.00397962 0.000713485    0.237098
 0.00397962    0.143457   0.0120881  0.00721979
0.000713485   0.0120881    0.139056 0.000902395
   0.237098  0.00721979 0.000902395    0.357543
IMAGINARY
          0 -0.00502847   0.0177511  0.00630688
 0.00502847           0  0.00581134  0.00167424
 -0.0177511 -0.00581134           0  0.00563551
-0.00630688 -0.00167424 -0.00563551           0
Repeater8[0]<--->Repeater9[0]
REAL
   0.348629 -0.00394989 -0.00846136    0.196427
-0.00394989    0.165482   0.0133808 -0.00215542
-0.00846136   0.0133808     0.15736  0.00607324
   0.196427 -0.00215542  0.00607324    0.328528
IMAGINARY
           0  0.000111665   -0.0068229 -0.000114141
-0.000111665            0    -0.010106  -0.00511915
   0.0068229     0.010106            0  -0.00363555
 0.000114141   0.00511915   0.00363555            0
Repeater9[0]<--->Repeater8[0]
REAL
   0.348629 -0.00846136 -0.00394989    0.196427
-0.00846136     0.15736   0.0133808  0.00607324
-0.00394989   0.0133808    0.165482 -0.00215542
   0.196427  0.00607324 -0.00215542    0.328528
IMAGINARY
           0   -0.0068229  0.000111665 -0.000114141
   0.0068229            0     0.010106  -0.00363555
-0.000111665    -0.010106            0  -0.00511915
