EndNode1[0]<--->Repeater1[0]
REAL
    0.498004 -0.000283944  0.000928317     0.397716
-0.000283944   0.00678643  9.56042e-05  -0.00544548
 0.000928317  9.56042e-05   0.00439122  -0.00563856
    0.397716  -0.00544548  -0.00563856     0.490818
IMAGINARY
          0  0.00419689 -0.00918867 -0.00230258
-0.00419689           0  0.00280049  -0.0105074
 0.00918867 -0.00280049           0  0.00230181
 0.00230258   0.0105074 -0.00230181           0
EndNode2[0]<--->HoM6[0]
REAL
   0.500598 -0.00361074 -0.00393005    0.444236
-0.00361074  0.00239139   0.0011232 -0.00973005
-0.00393005   0.0011232  0.00079713  -0.0100494
   0.444236 -0.00973005  -0.0100494    0.496214
IMAGINARY
           0   0.00498978   -0.0069976   0.00398938
 -0.00498978            0  -0.00705808 -0.000113254
   0.0069976   0.00705808            0  -0.00177529
 -0.00398938  0.000113254   0.00177529            0
Repeater1[0]<--->EndNode1[0]
REAL
    0.498004  0.000928317 -0.000283944     0.397716
 0.000928317   0.00439122  9.56042e-05  -0.00563856
-0.000283944  9.56042e-05   0.00678643  -0.00544548
    0.397716  -0.00563856  -0.00544548     0.490818
IMAGINARY
          0 -0.00918867  0.00419689 -0.00230258
 0.00918867           0 -0.00280049  0.00230181
-0.00419689  0.00280049           0  -0.0105074
 0.00230258 -0.00230181   0.0105074           0
Repeater1[0]<--->HoM1[0]
REAL
   0.503849 -0.00136021  0.00192323    0.400543
-0.00136021  0.00547002   0.0031024 -0.00572932
 0.00192323   0.0031024  0.00425446  0.00336341
   0.400543 -0.00572932  0.00336341    0.486426
IMAGINARY
           0  -0.00079968  -0.00472046  -0.00744766
  0.00079968            0   0.00216772  0.000921983
  0.00472046  -0.00216772            0   0.00719712
  0.00744766 -0.000921983  -0.00719712            0
Repeater2[0]<--->HoM1[0]
REAL
   0.503849  0.00192323 -0.00136021    0.400543
 0.00192323  0.00425446   0.0031024  0.00336341
-0.00136021   0.0031024  0.00547002 -0.00572932
   0.400543  0.00336341 -0.00572932    0.486426
IMAGINARY
           0  -0.00472046  -0.00079968  -0.00744766
  0.00472046            0  -0.00216772   0.00719712
  0.00079968   0.00216772            0  0.000921983
  0.00744766  -0.00719712 -0.000921983            0
Repeater2[0]<--->Repeater3[0]
REAL
   0.476634 -0.00307677  0.00287903     0.31695
-0.00307677   0.0188145  0.00339389 -0.00627631
 0.00287903  0.00339389   0.0204329  0.00187773
    0.31695 -0.00627631  0.00187773    0.484119
IMAGINARY
           0  -0.00124311   -0.0046727   0.00235804
  0.00124311            0 -0.000569483  -0.00258232
   0.0046727  0.000569483            0  -0.00104271
 -0.00235804   0.00258232   0.00104271            0
Repeater3[0]<--->Repeater2[0]
REAL
   0.476634  0.00287903 -0.00307677     0.31695
 0.00287903   0.0204329  0.00339389  0.00187773
-0.00307677  0.00339389   0.0188145 -0.00627631
    0.31695  0.00187773 -0.00627631    0.484119
IMAGINARY
           0   -0.0046727  -0.00124311   0.00235804
   0.0046727            0  0.000569483  -0.00104271
  0.00124311 -0.000569483            0  -0.00258232
 -0.00235804   0.00104271   0.00258232            0
Repeater3[0]<--->HoM2[0]
REAL
     0.48749  -0.00521447 -0.000343606     0.307778
 -0.00521447    0.0216442    0.0030219   -0.0124564
-0.000343606    0.0030219    0.0192613  0.000814469
    0.307778   -0.0124564  0.000814469     0.471604
IMAGINARY
           0   0.00125956  -0.00542496  -0.00558654
 -0.00125956            0  -0.00408444  0.000628801
  0.00542496   0.00408444            0   0.00293708
  0.00558654 -0.000628801  -0.00293708            0
Repeater4[0]<--->HoM2[0]
REAL
     0.48749 -0.000343606  -0.00521447     0.307778
-0.000343606    0.0192613    0.0030219  0.000814469
 -0.00521447    0.0030219    0.0216442   -0.0124564
    0.307778  0.000814469   -0.0124564     0.471604
IMAGINARY
           0  -0.00542496   0.00125956  -0.00558654
  0.00542496            0   0.00408444   0.00293708
 -0.00125956  -0.00408444            0  0.000628801
  0.00558654  -0.00293708 -0.000628801            0
Repeater4[0]<--->Repeater5[0]
REAL
   0.459098 -0.00450293  -0.0054625    0.228562
-0.00450293    0.037909  0.00273333  0.00304898
 -0.0054625  0.00273333   0.0426975  0.00168716
   0.228562  0.00304898  0.00168716    0.460295
IMAGINARY
           0   0.00702344  -0.00156964  0.000582056
 -0.00702344            0   0.00397782  -0.00970708
  0.00156964  -0.00397782            0   0.00189987
-0.000582056   0.00970708  -0.00189987            0
Repeater5[0]<--->Repeater4[0]
REAL
   0.459098  -0.0054625 -0.00450293    0.228562
 -0.0054625   0.0426975  0.00273333  0.00168716
-0.00450293  0.00273333    0.037909  0.00304898
   0.228562  0.00168716  0.00304898    0.460295
IMAGINARY
           0  -0.00156964   0.00702344  0.000582056
  0.00156964            0  -0.00397782   0.00189987
 -0.00702344   0.00397782            0  -0.00970708
-0.000582056  -0.00189987   0.00970708            0
Repeater5[0]<--->HoM3[0]
REAL
   0.441595 -0.00824162   -0.001211    0.223573
-0.00824162    0.046684 -0.00707176  0.00359669
  -0.001211 -0.00707176     0.03887  0.00068695
   0.223573  0.00359669  0.00068695    0.472851
IMAGINARY
           0   0.00106011 -0.000957572   -0.0100362
 -0.00106011            0  -0.00381876   0.00886191
 0.000957572   0.00381876            0  -0.00268152
   0.0100362  -0.00886191   0.00268152            0
Repeater6[0]<--->HoM3[0]
REAL
   0.441595   -0.001211 -0.00824162    0.223573
  -0.001211     0.03887 -0.00707176  0.00068695
-0.00824162 -0.00707176    0.046684  0.00359669
   0.223573  0.00068695  0.00359669    0.472851
IMAGINARY
           0 -0.000957572   0.00106011   -0.0100362
 0.000957572            0   0.00381876  -0.00268152
 -0.00106011  -0.00381876            0   0.00886191
   0.0100362   0.00268152  -0.00886191            0
Repeater6[0]<--->Repeater7[0]
REAL
     0.44517  7.75172e-06  -0.00782485     0.169838
 7.75172e-06     0.064331 -0.000657687   0.00137515
 -0.00782485 -0.000657687    0.0706651  -0.00228995
    0.169838   0.00137515  -0.00228995     0.419834
IMAGINARY
           0  -0.00467615  -0.00463856  -0.00188575
  0.00467615            0  0.000258415  0.000607927
  0.00463856 -0.000258415            0  0.000443981
  0.00188575 -0.000607927 -0.000443981            0
Repeater7[0]<--->Repeater6[0]
REAL
     0.44517  -0.00782485  7.75172e-06     0.169838
 -0.00782485    0.0706651 -0.000657687  -0.00228995
 7.75172e-06 -0.000657687     0.064331   0.00137515
    0.169838  -0.00228995   0.00137515     0.419834
IMAGINARY
           0  -0.00463856  -0.00467615  -0.00188575
  0.00463856            0 -0.000258415  0.000443981
  0.00467615  0.000258415            0  0.000607927
  0.00188575 -0.000443981 -0.000607927            0
Repeater7[0]<--->HoM4[0]
REAL
   0.429854 0.000129845 -0.00169449    0.155293
0.000129845   0.0668529 -0.00598373  0.00741442
-0.00169449 -0.00598373   0.0692477   0.0016453
   0.155293  0.00741442   0.0016453    0.434045
IMAGINARY
          0  0.00594235   0.0069844  0.00119758
-0.00594235           0 -0.00595948 -0.00330041
 -0.0069844  0.00595948           0 -0.00532835
-0.00119758  0.00330041  0.00532835           0
Repeater8[0]<--->HoM4[0]
REAL
   0.429854 -0.00169449 0.000129845    0.155293
-0.00169449   0.0692477 -0.00598373   0.0016453
0.000129845 -0.00598373   0.0668529  0.00741442
   0.155293   0.0016453  0.00741442    0.434045
IMAGINARY
          0   0.0069844  0.00594235  0.00119758
 -0.0069844           0  0.00595948 -0.00532835
-0.00594235 -0.00595948           0 -0.00330041
-0.00119758  0.00532835  0.00330041           0
Repeater8[0]<--->Repeater9[0]
REAL
   0.412749 -0.00245366 -0.00630538    0.114103
-0.00245366   0.0886454  0.00195974 -0.00721355
-0.00630538  0.00195974   0.0916335 -0.00685938
   0.114103 -0.00721355 -0.00685938    0.406972
IMAGINARY
          0  0.00554063  0.00240293  0.00564014
-0.00554063           0  0.00833313  0.00109218
-0.00240293 -0.00833313           0  -0.0106335
-0.00564014 -0.00109218   0.0106335           0
Repeater9[0]<--->Repeater8[0]
REAL
   0.412749 -0.00630538 -0.00245366    0.114103
-0.00630538   0.0916335  0.00195974 -0.00685938
-0.00245366  0.00195974   0.0886454 -0.00721355
   0.114103 -0.00685938 -0.00721355    0.406972
IMAGINARY
          0  0.00240293  0.00554063  0.00564014
-0.00240293           0 -0.00833313  -0.0106335
-0.00554063  0.00833313           0  0.00109218
-0.00564014   0.0106335 -0.00109218           0
Repeater9[0]<--->HoM5[0]
REAL
    0.404983    0.0016053 -0.000185524     0.122743
   0.0016053    0.0972909   0.00314915   0.00212232
-0.000185524   0.00314915    0.0927427  -0.00721182
    0.122743   0.00212232  -0.00721182     0.404983
IMAGINARY
          0  0.00332428  0.00319265  -0.0024898
-0.00332428           0 -0.00478292  0.00153476
-0.00319265  0.00478292           0  0.00140314
  0.0024898 -0.00153476 -0.00140314           0
Repeater10[0]<--->HoM5[0]
REAL
    0.404983 -0.000185524    0.0016053     0.122743
-0.000185524    0.0927427   0.00314915  -0.00721182
   0.0016053   0.00314915    0.0972909   0.00212232
    0.122743  -0.00721182   0.00212232     0.404983
IMAGINARY
          0  0.00319265  0.00332428  -0.0024898
-0.00319265           0  0.00478292  0.00140314
-0.00332428 -0.00478292           0  0.00153476
  0.0024898 -0.00140314 -0.00153476           0
Repeater10[0]<--->Repeater11[0]
REAL
    0.500901   0.00141547  -0.00318924     0.448789
  0.00141547  0.000600841   0.00203391 -0.000533329
 -0.00318924   0.00203391  0.000801122  -0.00690136
    0.448789 -0.000533329  -0.00690136     0.497697
IMAGINARY
           0   0.00474576  -0.00618021  -0.00713756
 -0.00474576            0 -0.000444248  -0.00597571
  0.00618021  0.000444248            0   0.00761109
  0.00713756   0.00597571  -0.00761109            0
Repeater11[0]<--->Repeater10[0]
REAL
    0.500901  -0.00318924   0.00141547     0.448789
 -0.00318924  0.000801122   0.00203391  -0.00690136
  0.00141547   0.00203391  0.000600841 -0.000533329
    0.448789  -0.00690136 -0.000533329     0.497697
IMAGINARY
           0  -0.00618021   0.00474576  -0.00713756
  0.00618021            0  0.000444248   0.00761109
 -0.00474576 -0.000444248            0  -0.00597571
  0.00713756  -0.00761109   0.00597571            0
Repeater11[0]<--->HoM6[0]
REAL
   0.500598 -0.00393005 -0.00361074    0.444236
-0.00393005  0.00079713   0.0011232  -0.0100494
-0.00361074   0.0011232  0.00239139 -0.00973005
   0.444236  -0.0100494 -0.00973005    0.496214
IMAGINARY
           0   -0.0069976   0.00498978   0.00398938
   0.0069976            0   0.00705808  -0.00177529
 -0.00498978  -0.00705808            0 -0.000113254
 -0.00398938   0.00177529  0.000113254            0
EndNode1[0]<--->Repeater1[0]
REAL
      0.4998  -0.00801306   -0.0043083     0.400355
 -0.00801306   0.00560448  -0.00135699  -0.00390814
  -0.0043083  -0.00135699   0.00560448 -0.000604172
    0.400355  -0.00390814 -0.000604172     0.488991
IMAGINARY
           0   0.00088877   0.00871231 -0.000290433
 -0.00088877            0   0.00139507  -0.00377777
 -0.00871231  -0.00139507            0  -0.00582331
 0.000290433   0.00377777   0.00582331            0
EndNode2[0]<--->HoM6[0]
REAL
   0.503129  0.00533175  0.00663581    0.446292
 0.00533175 0.000403796 -0.00099161  0.00264539
 0.00663581 -0.00099161  0.00181708  0.00533175
   0.446292  0.00264539  0.00533175     0.49465
IMAGINARY
          0  0.00281531 -0.00636527  0.00433908
-0.00281531           0  -0.0106144  0.00161876
 0.00636527   0.0106144           0 -0.00190641
-0.00433908 -0.00161876  0.00190641           0
Repeater1[0]<--->EndNode1[0]
REAL
      0.4998   -0.0043083  -0.00801306     0.400355
  -0.0043083   0.00560448  -0.00135699 -0.000604172
 -0.00801306  -0.00135699   0.00560448  -0.00390814
    0.400355 -0.000604172  -0.00390814     0.488991
IMAGINARY
           0   0.00871231   0.00088877 -0.000290433
 -0.00871231            0  -0.00139507  -0.00582331
 -0.00088877   0.00139507            0  -0.00377777
 0.000290433   0.00582331   0.00377777            0
Repeater1[0]<--->HoM1[0]
REAL
    0.491376   -0.0014749  -0.00164805     0.399165
  -0.0014749   0.00568405 -0.000256532  0.000232765
 -0.00164805 -0.000256532   0.00411603   0.00450766
    0.399165  0.000232765   0.00450766     0.498824
IMAGINARY
           0   0.00600698 -0.000110561  -0.00483776
 -0.00600698            0   -0.0099599   0.00480024
 0.000110561    0.0099599            0  -0.00830193
  0.00483776  -0.00480024   0.00830193            0
Repeater2[0]<--->HoM1[0]
REAL
    0.491376  -0.00164805   -0.0014749     0.399165
 -0.00164805   0.00411603 -0.000256532   0.00450766
  -0.0014749 -0.000256532   0.00568405  0.000232765
    0.399165   0.00450766  0.000232765     0.498824
IMAGINARY
           0 -0.000110561   0.00600698  -0.00483776
 0.000110561            0    0.0099599  -0.00830193
 -0.00600698   -0.0099599            0   0.00480024
  0.00483776   0.00830193  -0.00480024            0
Repeater2[0]<--->Repeater3[0]
REAL
    0.475015   0.00275666  -0.00156706     0.310312
  0.00275666    0.0199486   0.00548241 -8.63123e-05
 -0.00156706   0.00548241     0.016986   0.00356507
    0.310312 -8.63123e-05   0.00356507     0.488051
IMAGINARY
          0    0.004937 -0.00678986  0.00936413
  -0.004937           0 -0.00602202 -0.00350309
 0.00678986  0.00602202           0  0.00258478
-0.00936413  0.00350309 -0.00258478           0
Repeater3[0]<--->Repeater2[0]
REAL
    0.475015  -0.00156706   0.00275666     0.310312
 -0.00156706     0.016986   0.00548241   0.00356507
  0.00275666   0.00548241    0.0199486 -8.63123e-05
    0.310312   0.00356507 -8.63123e-05     0.488051
IMAGINARY
          0 -0.00678986    0.004937  0.00936413
 0.00678986           0  0.00602202  0.00258478
  -0.004937 -0.00602202           0 -0.00350309
-0.00936413 -0.00258478  0.00350309           0
Repeater3[0]<--->HoM2[0]
REAL
   0.470461  0.00397003 -0.00181414    0.308299
 0.00397003   0.0210713 -0.00385105  0.00692334
-0.00181414 -0.00385105   0.0210713  0.00153989
   0.308299  0.00692334  0.00153989    0.487397
IMAGINARY
           0    0.0126421   -0.0043356 -0.000743826
  -0.0126421            0 -0.000243926   -0.0111112
   0.0043356  0.000243926            0   0.00943956
 0.000743826    0.0111112  -0.00943956            0
Repeater4[0]<--->HoM2[0]
REAL
   0.470461 -0.00181414  0.00397003    0.308299
-0.00181414   0.0210713 -0.00385105  0.00153989
 0.00397003 -0.00385105   0.0210713  0.00692334
   0.308299  0.00153989  0.00692334    0.487397
IMAGINARY
           0   -0.0043356    0.0126421 -0.000743826
   0.0043356            0  0.000243926   0.00943956
  -0.0126421 -0.000243926            0   -0.0111112
 0.000743826  -0.00943956    0.0111112            0
Repeater4[0]<--->Repeater5[0]
REAL
   0.444118 -0.00635739  0.00712165    0.233904
-0.00635739   0.0440399 0.000398902  0.00075158
 0.00712165 0.000398902   0.0450186  0.00526112
   0.233904  0.00075158  0.00526112    0.466823
IMAGINARY
           0  -0.00233816   0.00891968   0.00340553
  0.00233816            0 -8.09311e-05   0.00280528
 -0.00891968  8.09311e-05            0  -0.00680333
 -0.00340553  -0.00280528   0.00680333            0
Repeater5[0]<--->Repeater4[0]
REAL
   0.444118  0.00712165 -0.00635739    0.233904
 0.00712165   0.0450186 0.000398902  0.00526112
-0.00635739 0.000398902   0.0440399  0.00075158
   0.233904  0.00526112  0.00075158    0.466823
IMAGINARY
           0   0.00891968  -0.00233816   0.00340553
 -0.00891968            0  8.09311e-05  -0.00680333
  0.00233816 -8.09311e-05            0   0.00280528
 -0.00340553   0.00680333  -0.00280528            0
Repeater5[0]<--->HoM3[0]
REAL
    0.458977  -0.00441589   -0.0051667     0.227429
 -0.00441589    0.0396354  -0.00293526 -0.000192568
  -0.0051667  -0.00293526    0.0396354  -0.00491321
    0.227429 -0.000192568  -0.00491321     0.461752
IMAGINARY
           0  -0.00145239  -0.00129376 -6.06506e-05
  0.00145239            0  -0.00106709  -0.00477912
  0.00129376   0.00106709            0 -0.000167043
 6.06506e-05   0.00477912  0.000167043            0
Repeater6[0]<--->HoM3[0]
REAL
    0.458977   -0.0051667  -0.00441589     0.227429
  -0.0051667    0.0396354  -0.00293526  -0.00491321
 -0.00441589  -0.00293526    0.0396354 -0.000192568
    0.227429  -0.00491321 -0.000192568     0.461752
IMAGINARY
           0  -0.00129376  -0.00145239 -6.06506e-05
  0.00129376            0   0.00106709 -0.000167043
  0.00145239  -0.00106709            0  -0.00477912
 6.06506e-05  0.000167043   0.00477912            0
Repeater6[0]<--->Repeater7[0]
REAL
   0.434696 -0.00383288 -0.00341941    0.164828
-0.00383288   0.0664008 -0.00394078  0.00579299
-0.00341941 -0.00394078   0.0727817    0.010128
   0.164828  0.00579299    0.010128    0.426122
IMAGINARY
          0  0.00375249 -0.00520144  0.00217197
-0.00375249           0  0.00197332  0.00530317
 0.00520144 -0.00197332           0  0.00306338
-0.00217197 -0.00530317 -0.00306338           0
Repeater7[0]<--->Repeater6[0]
REAL
   0.434696 -0.00341941 -0.00383288    0.164828
-0.00341941   0.0727817 -0.00394078    0.010128
-0.00383288 -0.00394078   0.0664008  0.00579299
   0.164828    0.010128  0.00579299    0.426122
IMAGINARY
          0 -0.00520144  0.00375249  0.00217197
 0.00520144           0 -0.00197332  0.00306338
-0.00375249  0.00197332           0  0.00530317
-0.00217197 -0.00306338 -0.00530317           0
Repeater7[0]<--->HoM4[0]
REAL
    0.42153 -0.00270473 -0.00317129    0.148737
-0.00270473    0.063683 -0.00472683  0.00276791
-0.00317129 -0.00472683   0.0680205   -0.012019
   0.148737  0.00276791   -0.012019    0.446767
IMAGINARY
          0 -0.00383267  0.00438026   0.0083297
 0.00383267           0  -0.0019559  0.00181515
-0.00438026   0.0019559           0 -0.00114397
 -0.0083297 -0.00181515  0.00114397           0
Repeater8[0]<--->HoM4[0]
REAL
    0.42153 -0.00317129 -0.00270473    0.148737
-0.00317129   0.0680205 -0.00472683   -0.012019
-0.00270473 -0.00472683    0.063683  0.00276791
   0.148737   -0.012019  0.00276791    0.446767
IMAGINARY
          0  0.00438026 -0.00383267   0.0083297
-0.00438026           0   0.0019559 -0.00114397
 0.00383267  -0.0019559           0  0.00181515
 -0.0083297  0.00114397 -0.00181515           0
Repeater8[0]<--->Repeater9[0]
REAL
     0.41665   0.00651226 -0.000215795     0.111507
  0.00651226    0.0885406 -0.000653614  -0.00654233
-0.000215795 -0.000653614    0.0854065  -0.00499925
    0.111507  -0.00654233  -0.00499925     0.409403
IMAGINARY
           0 -0.000538891  -0.00150002  0.000962721
 0.000538891            0 -0.000667271  -0.00282899
  0.00150002  0.000667271            0    0.0070324
-0.000962721   0.00282899   -0.0070324            0
Repeater9[0]<--->Repeater8[0]
REAL
     0.41665 -0.000215795   0.00651226     0.111507
-0.000215795    0.0854065 -0.000653614  -0.00499925
  0.00651226 -0.000653614    0.0885406  -0.00654233
    0.111507  -0.00499925  -0.00654233     0.409403
IMAGINARY
           0  -0.00150002 -0.000538891  0.000962721
  0.00150002            0  0.000667271    0.0070324
 0.000538891 -0.000667271            0  -0.00282899
-0.000962721   -0.0070324   0.00282899            0
Repeater9[0]<--->HoM5[0]
REAL
    0.396861 -0.000868806  -0.00472631     0.119169
-0.000868806    0.0919702  0.000255064   0.00334455
 -0.00472631  0.000255064    0.0913665  -0.00288169
    0.119169   0.00334455  -0.00288169     0.419803
IMAGINARY
           0  -0.00456618   0.00288108  -0.00225255
  0.00456618            0 -6.74053e-05  -0.00187504
 -0.00288108  6.74053e-05            0  -0.00207366
  0.00225255   0.00187504   0.00207366            0
Repeater10[0]<--->HoM5[0]
REAL
    0.396861  -0.00472631 -0.000868806     0.119169
 -0.00472631    0.0913665  0.000255064  -0.00288169
-0.000868806  0.000255064    0.0919702   0.00334455
    0.119169  -0.00288169   0.00334455     0.419803
IMAGINARY
           0   0.00288108  -0.00456618  -0.00225255
 -0.00288108            0  6.74053e-05  -0.00207366
  0.00456618 -6.74053e-05            0  -0.00187504
  0.00225255   0.00207366   0.00187504            0
Repeater10[0]<--->Repeater11[0]
REAL
   0.491376  0.00304816  0.00555203    0.445785
 0.00304816  0.00117601 0.000442439  0.00395523
 0.00555203 0.000442439  0.00137201   0.0103438
   0.445785  0.00395523   0.0103438    0.506076
IMAGINARY
           0 -3.09889e-05   0.00405675   0.00640407
 3.09889e-05            0   0.00255867  0.000958606
 -0.00405675  -0.00255867            0  -0.00437024
 -0.00640407 -0.000958606   0.00437024            0
Repeater11[0]<--->Repeater10[0]
REAL
   0.491376  0.00555203  0.00304816    0.445785
 0.00555203  0.00137201 0.000442439   0.0103438
 0.00304816 0.000442439  0.00117601  0.00395523
   0.445785   0.0103438  0.00395523    0.506076
IMAGINARY
           0   0.00405675 -3.09889e-05   0.00640407
 -0.00405675            0  -0.00255867  -0.00437024
 3.09889e-05   0.00255867            0  0.000958606
 -0.00640407   0.00437024 -0.000958606            0
Repeater11[0]<--->HoM6[0]
REAL
   0.503129  0.00663581  0.00533175    0.446292
 0.00663581  0.00181708 -0.00099161  0.00533175
 0.00533175 -0.00099161 0.000403796  0.00264539
   0.446292  0.00533175  0.00264539     0.49465
IMAGINARY
          0 -0.00636527  0.00281531  0.00433908
 0.00636527           0   0.0106144 -0.00190641
-0.00281531  -0.0106144           0  0.00161876
-0.00433908  0.00190641 -0.00161876           0
EndNode1[0]<--->Repeater1[0]
REAL
   0.497763 -0.00357531  0.00470936    0.404037
-0.00357531   0.0046767 -0.00143406  -0.0035264
 0.00470936 -0.00143406  0.00447336  0.00120938
   0.404037  -0.0035264  0.00120938    0.493087
IMAGINARY
          0  0.00361628 -0.00218197 -0.00676809
-0.00361628           0 -0.00223454  0.00479661
 0.00218197  0.00223454           0  0.00141187
 0.00676809 -0.00479661 -0.00141187           0
EndNode2[0]<--->HoM6[0]
REAL
   0.499702 -0.00649646 -0.00448176    0.449577
-0.00649646  0.00258501  0.00304106 -0.00278481
-0.00448176  0.00304106  0.00178962  0.00520242
   0.449577 -0.00278481  0.00520242    0.495924
IMAGINARY
           0 -0.000359438   0.00492234   0.00613108
 0.000359438            0   0.00767779  -0.00552306
 -0.00492234  -0.00767779            0   0.00476472
 -0.00613108   0.00552306  -0.00476472            0
Repeater1[0]<--->EndNode1[0]
REAL
   0.497763  0.00470936 -0.00357531    0.404037
 0.00470936  0.00447336 -0.00143406  0.00120938
-0.00357531 -0.00143406   0.0046767  -0.0035264
   0.404037  0.00120938  -0.0035264    0.493087
IMAGINARY
          0 -0.00218197  0.00361628 -0.00676809
 0.00218197           0  0.00223454  0.00141187
-0.00361628 -0.00223454           0  0.00479661
 0.00676809 -0.00141187 -0.00479661           0
Repeater1[0]<--->HoM1[0]
REAL
   0.49293 0.00282042  0.0091725   0.398425
0.00282042 0.00490966 0.00346152 0.00284339
 0.0091725 0.00346152 0.00608798  0.0103871
  0.398425 0.00284339  0.0103871   0.496072
IMAGINARY
           0   0.00240727  -0.00380638   -0.0107831
 -0.00240727            0    0.0012485  -0.00119068
  0.00380638   -0.0012485            0 -0.000937548
   0.0107831   0.00119068  0.000937548            0
Repeater2[0]<--->HoM1[0]
REAL
   0.49293  0.0091725 0.00282042   0.398425
 0.0091725 0.00608798 0.00346152  0.0103871
0.00282042 0.00346152 0.00490966 0.00284339
  0.398425  0.0103871 0.00284339   0.496072
IMAGINARY
           0  -0.00380638   0.00240727   -0.0107831
  0.00380638            0   -0.0012485 -0.000937548
 -0.00240727    0.0012485            0  -0.00119068
   0.0107831  0.000937548   0.00119068            0
Repeater2[0]<--->Repeater3[0]
REAL
   0.483981 -0.00391528  0.00152109    0.298178
-0.00391528   0.0172207  0.00640578 -0.00956291
 0.00152109  0.00640578    0.020825 -0.00493072
   0.298178 -0.00956291 -0.00493072    0.477974
IMAGINARY
          0 -0.00855955 -0.00369044 -0.00397195
 0.00855955           0 -0.00198625 -0.00440081
 0.00369044  0.00198625           0   0.0069023
 0.00397195  0.00440081  -0.0069023           0
Repeater3[0]<--->Repeater2[0]
REAL
   0.483981  0.00152109 -0.00391528    0.298178
 0.00152109    0.020825  0.00640578 -0.00493072
-0.00391528  0.00640578   0.0172207 -0.00956291
   0.298178 -0.00493072 -0.00956291    0.477974
IMAGINARY
          0 -0.00369044 -0.00855955 -0.00397195
 0.00369044           0  0.00198625   0.0069023
 0.00855955 -0.00198625           0 -0.00440081
 0.00397195  -0.0069023  0.00440081           0
Repeater3[0]<--->HoM2[0]
REAL
    0.473011 -9.80861e-05  -0.00114935     0.297419
-9.80861e-05    0.0179928 -0.000219055  0.000149351
 -0.00114935 -0.000219055    0.0189924   0.00109809
    0.297419  0.000149351   0.00109809     0.490004
IMAGINARY
           0  -0.00807106   0.00539488  -0.00059761
  0.00807106            0 -7.14275e-07   0.00801585
 -0.00539488  7.14275e-07            0   0.00166594
  0.00059761  -0.00801585  -0.00166594            0
Repeater4[0]<--->HoM2[0]
REAL
    0.473011  -0.00114935 -9.80861e-05     0.297419
 -0.00114935    0.0189924 -0.000219055   0.00109809
-9.80861e-05 -0.000219055    0.0179928  0.000149351
    0.297419   0.00109809  0.000149351     0.490004
IMAGINARY
           0   0.00539488  -0.00807106  -0.00059761
 -0.00539488            0  7.14275e-07   0.00166594
  0.00807106 -7.14275e-07            0   0.00801585
  0.00059761  -0.00166594  -0.00801585            0
Repeater4[0]<--->Repeater5[0]
REAL
  0.456833 -0.0013047 0.00366477   0.226862
-0.0013047  0.0468494 0.00236369 0.00396269
0.00366477 0.00236369  0.0347791 -0.0013047
  0.226862 0.00396269 -0.0013047   0.461538
IMAGINARY
           0  5.63102e-05   0.00734321   -0.0134024
-5.63102e-05            0 -0.000530719  -0.00754014
 -0.00734321  0.000530719            0  -0.00675186
   0.0134024   0.00754014   0.00675186            0
Repeater5[0]<--->Repeater4[0]
REAL
  0.456833 0.00366477 -0.0013047   0.226862
0.00366477  0.0347791 0.00236369 -0.0013047
-0.0013047 0.00236369  0.0468494 0.00396269
  0.226862 -0.0013047 0.00396269   0.461538
IMAGINARY
           0   0.00734321  5.63102e-05   -0.0134024
 -0.00734321            0  0.000530719  -0.00675186
-5.63102e-05 -0.000530719            0  -0.00754014
   0.0134024   0.00675186   0.00754014            0
Repeater5[0]<--->HoM3[0]
REAL
     0.46584  -0.00494876 -7.96682e-05      0.23141
 -0.00494876    0.0403623   0.00596343   0.00432209
-7.96682e-05   0.00596343    0.0419374  -0.00616235
     0.23141   0.00432209  -0.00616235     0.451861
IMAGINARY
           0    -0.011715  -0.00394219 -0.000598986
    0.011715            0  -0.00171257   0.00585021
  0.00394219   0.00171257            0   0.00478595
 0.000598986  -0.00585021  -0.00478595            0
Repeater6[0]<--->HoM3[0]
REAL
     0.46584 -7.96682e-05  -0.00494876      0.23141
-7.96682e-05    0.0419374   0.00596343  -0.00616235
 -0.00494876   0.00596343    0.0403623   0.00432209
     0.23141  -0.00616235   0.00432209     0.451861
IMAGINARY
           0  -0.00394219    -0.011715 -0.000598986
  0.00394219            0   0.00171257   0.00478595
    0.011715  -0.00171257            0   0.00585021
 0.000598986  -0.00478595  -0.00585021            0
Repeater6[0]<--->Repeater7[0]
REAL
   0.442375  0.00152275  -0.0023985    0.169356
 0.00152275   0.0628454 -0.00137054  0.00180491
 -0.0023985 -0.00137054   0.0696008  0.00500673
   0.169356  0.00180491  0.00500673    0.425179
IMAGINARY
           0  0.000265229   0.00319649   0.00698876
-0.000265229            0  0.000109825   0.00159585
 -0.00319649 -0.000109825            0   -0.0056566
 -0.00698876  -0.00159585    0.0056566            0
Repeater7[0]<--->Repeater6[0]
REAL
   0.442375  -0.0023985  0.00152275    0.169356
 -0.0023985   0.0696008 -0.00137054  0.00500673
 0.00152275 -0.00137054   0.0628454  0.00180491
   0.169356  0.00500673  0.00180491    0.425179
IMAGINARY
           0   0.00319649  0.000265229   0.00698876
 -0.00319649            0 -0.000109825   -0.0056566
-0.000265229  0.000109825            0   0.00159585
 -0.00698876    0.0056566  -0.00159585            0
Repeater7[0]<--->HoM4[0]
REAL
    0.439488  -0.00222747   0.00866934     0.159437
 -0.00222747    0.0628394 -0.000547089   0.00319711
  0.00866934 -0.000547089    0.0616757  -0.00722547
    0.159437   0.00319711  -0.00722547     0.435997
IMAGINARY
          0  0.00305825  0.00172813 -0.00618363
-0.00305825           0  0.00230449 -0.00854449
-0.00172813 -0.00230449           0  0.00175329
 0.00618363  0.00854449 -0.00175329           0
Repeater8[0]<--->HoM4[0]
REAL
    0.439488   0.00866934  -0.00222747     0.159437
  0.00866934    0.0616757 -0.000547089  -0.00722547
 -0.00222747 -0.000547089    0.0628394   0.00319711
    0.159437  -0.00722547   0.00319711     0.435997
IMAGINARY
          0  0.00172813  0.00305825 -0.00618363
-0.00172813           0 -0.00230449  0.00175329
-0.00305825  0.00230449           0 -0.00854449
 0.00618363 -0.00175329  0.00854449           0
Repeater8[0]<--->Repeater9[0]
REAL
    0.403835   0.00213744  -0.00416732     0.123532
  0.00213744    0.0862845   0.00504517  0.000121531
 -0.00416732   0.00504517    0.0855019 -0.000262562
    0.123532  0.000121531 -0.000262562     0.424379
IMAGINARY
           0   0.00491179   0.00404053   0.00939826
 -0.00491179            0   0.00517461  -0.00354143
 -0.00404053  -0.00517461            0 -0.000819157
 -0.00939826   0.00354143  0.000819157            0
Repeater9[0]<--->Repeater8[0]
REAL
    0.403835  -0.00416732   0.00213744     0.123532
 -0.00416732    0.0855019   0.00504517 -0.000262562
  0.00213744   0.00504517    0.0862845  0.000121531
    0.123532 -0.000262562  0.000121531     0.424379
IMAGINARY
           0   0.00404053   0.00491179   0.00939826
 -0.00404053            0  -0.00517461 -0.000819157
 -0.00491179   0.00517461            0  -0.00354143
 -0.00939826  0.000819157   0.00354143            0
Repeater9[0]<--->HoM5[0]
REAL
   0.415319 -0.00195702  0.00460074    0.124086
-0.00195702   0.0881164 -0.00130886 -0.00430104
 0.00460074 -0.00130886    0.085287 -0.00333769
   0.124086 -0.00430104 -0.00333769    0.411277
IMAGINARY
           0  -0.00941396   0.00392664  0.000681207
  0.00941396            0  -0.00502376  -0.00432159
 -0.00392664   0.00502376            0  -0.00105208
-0.000681207   0.00432159   0.00105208            0
Repeater10[0]<--->HoM5[0]
REAL
   0.415319  0.00460074 -0.00195702    0.124086
 0.00460074    0.085287 -0.00130886 -0.00333769
-0.00195702 -0.00130886   0.0881164 -0.00430104
   0.124086 -0.00333769 -0.00430104    0.411277
IMAGINARY
           0   0.00392664  -0.00941396  0.000681207
 -0.00392664            0   0.00502376  -0.00105208
  0.00941396  -0.00502376            0  -0.00432159
-0.000681207   0.00105208   0.00432159            0
Repeater10[0]<--->Repeater11[0]
REAL
  0.501599 0.00521763 0.00791676   0.447923
0.00521763  0.0009996 0.00213504 0.00214906
0.00791676 0.00213504 0.00219912  0.0032996
  0.447923 0.00214906  0.0032996   0.495202
IMAGINARY
           0  -0.00273516   0.00172747  -0.00195331
  0.00273516            0  0.000947272   0.00411695
 -0.00172747 -0.000947272            0 -0.000489346
  0.00195331  -0.00411695  0.000489346            0
Repeater11[0]<--->Repeater10[0]
REAL
  0.501599 0.00791676 0.00521763   0.447923
0.00791676 0.00219912 0.00213504  0.0032996
0.00521763 0.00213504  0.0009996 0.00214906
  0.447923  0.0032996 0.00214906   0.495202
IMAGINARY
           0   0.00172747  -0.00273516  -0.00195331
 -0.00172747            0 -0.000947272 -0.000489346
  0.00273516  0.000947272            0   0.00411695
  0.00195331  0.000489346  -0.00411695            0
Repeater11[0]<--->HoM6[0]
REAL
   0.499702 -0.00448176 -0.00649646    0.449577
-0.00448176  0.00178962  0.00304106  0.00520242
-0.00649646  0.00304106  0.00258501 -0.00278481
   0.449577  0.00520242 -0.00278481    0.495924
IMAGINARY
           0   0.00492234 -0.000359438   0.00613108
 -0.00492234            0  -0.00767779   0.00476472
 0.000359438   0.00767779            0  -0.00552306
 -0.00613108  -0.00476472   0.00552306            0
EndNode1[0]<--->Repeater1[0]
REAL
    0.50287  0.00581711  0.00472294    0.397923
 0.00581711  0.00455175 -0.00239499  0.00139297
 0.00472294 -0.00239499  0.00336434  0.00250452
   0.397923  0.00139297  0.00250452    0.489214
IMAGINARY
          0  0.00600893 -0.00110577 -0.00624585
-0.00600893           0 -0.00764027  0.00369232
 0.00110577  0.00764027           0  -0.0103862
 0.00624585 -0.00369232   0.0103862           0
EndNode2[0]<--->HoM6[0]
REAL
     0.4997 3.41981e-05 -0.00315034    0.450443
3.41981e-05   0.0010014  0.00198518  0.00245658
-0.00315034  0.00198518 0.000600841  0.00125421
   0.450443  0.00245658  0.00125421    0.498698
IMAGINARY
           0  0.000457038  -0.00339668  -0.00360456
-0.000457038            0   0.00886354   0.00704928
  0.00339668  -0.00886354            0 -0.000457038
  0.00360456  -0.00704928  0.000457038            0
Repeater1[0]<--->EndNode1[0]
REAL
    0.50287  0.00472294  0.00581711    0.397923
 0.00472294  0.00336434 -0.00239499  0.00250452
 0.00581711 -0.00239499  0.00455175  0.00139297
   0.397923  0.00250452  0.00139297    0.489214
IMAGINARY
          0 -0.00110577  0.00600893 -0.00624585
 0.00110577           0  0.00764027  -0.0103862
-0.00600893 -0.00764027           0  0.00369232
 0.00624585   0.0103862 -0.00369232           0
Repeater1[0]<--->HoM1[0]
REAL
    0.484076   0.00159952 -0.000936618     0.404627
  0.00159952   0.00338376  -0.00398833  -0.00365237
-0.000936618  -0.00398833   0.00696656  -0.00259712
    0.404627  -0.00365237  -0.00259712     0.505573
IMAGINARY
           0 -0.000504356   0.00264558  -0.00588041
 0.000504356            0  0.000119587  -0.00123656
 -0.00264558 -0.000119587            0   0.00231595
  0.00588041   0.00123656  -0.00231595            0
Repeater2[0]<--->HoM1[0]
REAL
    0.484076 -0.000936618   0.00159952     0.404627
-0.000936618   0.00696656  -0.00398833  -0.00259712
  0.00159952  -0.00398833   0.00338376  -0.00365237
    0.404627  -0.00259712  -0.00365237     0.505573
IMAGINARY
           0   0.00264558 -0.000504356  -0.00588041
 -0.00264558            0 -0.000119587   0.00231595
 0.000504356  0.000119587            0  -0.00123656
  0.00588041  -0.00231595   0.00123656            0
Repeater2[0]<--->Repeater3[0]
REAL
    0.485871   0.00192456  -0.00120965     0.308426
  0.00192456    0.0184997 -0.000118308   0.00576892
 -0.00120965 -0.000118308     0.018703   0.00182418
    0.308426   0.00576892   0.00182418     0.476926
IMAGINARY
          0  0.00337208 -0.00360108  0.00562001
-0.00337208           0  -0.0013668 -0.00208868
 0.00360108   0.0013668           0 -0.00466974
-0.00562001  0.00208868  0.00466974           0
Repeater3[0]<--->Repeater2[0]
REAL
    0.485871  -0.00120965   0.00192456     0.308426
 -0.00120965     0.018703 -0.000118308   0.00182418
  0.00192456 -0.000118308    0.0184997   0.00576892
    0.308426   0.00182418   0.00576892     0.476926
IMAGINARY
          0 -0.00360108  0.00337208  0.00562001
 0.00360108           0   0.0013668 -0.00466974
-0.00337208  -0.0013668           0 -0.00208868
-0.00562001  0.00466974  0.00208868           0
Repeater3[0]<--->HoM2[0]
REAL
   0.486599  0.00812562 -0.00140025     0.30325
 0.00812562   0.0220369  0.00333067  0.00927662
-0.00140025  0.00333067   0.0182648  0.00812562
    0.30325  0.00927662  0.00812562    0.473099
IMAGINARY
           0   0.00422034  -0.00457015   0.00582224
 -0.00422034            0   0.00259122  -0.00201813
  0.00457015  -0.00259122            0 -0.000672806
 -0.00582224   0.00201813  0.000672806            0
Repeater4[0]<--->HoM2[0]
REAL
   0.486599 -0.00140025  0.00812562     0.30325
-0.00140025   0.0182648  0.00333067  0.00812562
 0.00812562  0.00333067   0.0220369  0.00927662
    0.30325  0.00812562  0.00927662    0.473099
IMAGINARY
           0  -0.00457015   0.00422034   0.00582224
  0.00457015            0  -0.00259122 -0.000672806
 -0.00422034   0.00259122            0  -0.00201813
 -0.00582224  0.000672806   0.00201813            0
Repeater4[0]<--->Repeater5[0]
REAL
    0.457975   0.00595359 -0.000753155     0.234087
  0.00595359    0.0334153  -0.00153833  0.000550233
-0.000753155  -0.00153833    0.0352604 -0.000474694
    0.234087  0.000550233 -0.000474694      0.47335
IMAGINARY
           0  0.000282162  -0.00208448   0.00254541
-0.000282162            0    0.0105891 -0.000780567
  0.00208448   -0.0105891            0  -0.00571587
 -0.00254541  0.000780567   0.00571587            0
Repeater5[0]<--->Repeater4[0]
REAL
    0.457975 -0.000753155   0.00595359     0.234087
-0.000753155    0.0352604  -0.00153833 -0.000474694
  0.00595359  -0.00153833    0.0334153  0.000550233
    0.234087 -0.000474694  0.000550233      0.47335
IMAGINARY
           0  -0.00208448  0.000282162   0.00254541
  0.00208448            0   -0.0105891  -0.00571587
-0.000282162    0.0105891            0 -0.000780567
 -0.00254541   0.00571587  0.000780567            0
Repeater5[0]<--->HoM3[0]
REAL
    0.445294 -0.000151728   -0.0109426     0.222968
-0.000151728    0.0435294  -0.00470354   0.00175995
  -0.0109426  -0.00470354    0.0380392 -0.000554629
    0.222968   0.00175995 -0.000554629     0.473137
IMAGINARY
           0   -0.0114356  0.000647996   0.00818263
   0.0114356            0    0.0036046  0.000548176
-0.000647996   -0.0036046            0   0.00425857
 -0.00818263 -0.000548176  -0.00425857            0
Repeater6[0]<--->HoM3[0]
REAL
    0.445294   -0.0109426 -0.000151728     0.222968
  -0.0109426    0.0380392  -0.00470354 -0.000554629
-0.000151728  -0.00470354    0.0435294   0.00175995
    0.222968 -0.000554629   0.00175995     0.473137
IMAGINARY
           0  0.000647996   -0.0114356   0.00818263
-0.000647996            0   -0.0036046   0.00425857
   0.0114356    0.0036046            0  0.000548176
 -0.00818263  -0.00425857 -0.000548176            0
Repeater6[0]<--->Repeater7[0]
REAL
   0.428315  0.00344452  0.00854792    0.164202
 0.00344452   0.0704872 -0.00279565 -0.00375367
 0.00854792 -0.00279565      0.0625 0.000750447
   0.164202 -0.00375367 0.000750447    0.438698
IMAGINARY
           0 -0.000249435   0.00541374   0.00159066
 0.000249435            0   0.00579752   0.00332335
 -0.00541374  -0.00579752            0   5.0865e-05
 -0.00159066  -0.00332335  -5.0865e-05            0
Repeater7[0]<--->Repeater6[0]
REAL
   0.428315  0.00854792  0.00344452    0.164202
 0.00854792      0.0625 -0.00279565 0.000750447
 0.00344452 -0.00279565   0.0704872 -0.00375367
   0.164202 0.000750447 -0.00375367    0.438698
IMAGINARY
           0   0.00541374 -0.000249435   0.00159066
 -0.00541374            0  -0.00579752   5.0865e-05
 0.000249435   0.00579752            0   0.00332335
 -0.00159066  -5.0865e-05  -0.00332335            0
Repeater7[0]<--->HoM4[0]
REAL
   0.437202 0.000161855  0.00388741    0.164693
0.000161855   0.0707472  0.00177351 -0.00368685
 0.00388741  0.00177351   0.0641892   0.0094651
   0.164693 -0.00368685   0.0094651    0.427862
IMAGINARY
          0  0.00856842 -0.00507455 -0.00117432
-0.00856842           0  -0.0040236  0.00597798
 0.00507455   0.0040236           0  0.00960062
 0.00117432 -0.00597798 -0.00960062           0
Repeater8[0]<--->HoM4[0]
REAL
   0.437202  0.00388741 0.000161855    0.164693
 0.00388741   0.0641892  0.00177351   0.0094651
0.000161855  0.00177351   0.0707472 -0.00368685
   0.164693   0.0094651 -0.00368685    0.427862
IMAGINARY
          0 -0.00507455  0.00856842 -0.00117432
 0.00507455           0   0.0040236  0.00960062
-0.00856842  -0.0040236           0  0.00597798
 0.00117432 -0.00960062 -0.00597798           0
Repeater8[0]<--->Repeater9[0]
REAL
    0.406101   0.00224202 -0.000271659     0.116481
  0.00224202    0.0940967  -0.00231375   0.00707093
-0.000271659  -0.00231375    0.0841918  -0.00132868
    0.116481   0.00707093  -0.00132868      0.41561
IMAGINARY
          0 -0.00680865 -0.00156351 -0.00229362
 0.00680865           0  0.00552828 -0.00257361
 0.00156351 -0.00552828           0 -0.00343564
 0.00229362  0.00257361  0.00343564           0
Repeater9[0]<--->Repeater8[0]
REAL
    0.406101 -0.000271659   0.00224202     0.116481
