EndNode1[0]<--->Repeater1[0]
REAL
   0.378969 -0.00161324  0.00335831    0.120272
-0.00161324     0.13003 -0.00418643  0.00852758
 0.00335831 -0.00418643    0.125986 0.000820842
   0.120272  0.00852758 0.000820842    0.365015
IMAGINARY
           0 -0.000539956  -0.00851298   0.00049305
 0.000539956            0  0.000594121  0.000438938
  0.00851298 -0.000594121            0  0.000933811
 -0.00049305 -0.000438938 -0.000933811            0
EndNode2[0]<--->HoM6[0]
REAL
    0.430474  0.000993158  0.000601243      0.26548
 0.000993158    0.0651867 -0.000809483  9.97384e-05
 0.000601243 -0.000809483    0.0694248  -0.00129358
     0.26548  9.97384e-05  -0.00129358     0.434914
IMAGINARY
           0   0.00257722   0.00218974 -0.000291959
 -0.00257722            0  -0.00100003  -0.00101924
 -0.00218974   0.00100003            0  0.000153956
 0.000291959   0.00101924 -0.000153956            0
Repeater1[0]<--->EndNode1[0]
REAL
   0.378969  0.00335831 -0.00161324    0.120272
 0.00335831    0.125986 -0.00418643 0.000820842
-0.00161324 -0.00418643     0.13003  0.00852758
   0.120272 0.000820842  0.00852758    0.365015
IMAGINARY
           0  -0.00851298 -0.000539956   0.00049305
  0.00851298            0 -0.000594121  0.000933811
 0.000539956  0.000594121            0  0.000438938
 -0.00049305 -0.000933811 -0.000438938            0
Repeater1[0]<--->HoM1[0]
REAL
    0.34668 -0.00880059  0.00338527    0.117601
-0.00880059    0.132193  0.00303462  -0.0056283
 0.00338527  0.00303462    0.142857 0.000511146
   0.117601  -0.0056283 0.000511146     0.37827
IMAGINARY
           0  -0.00327277   0.00626765 -0.000866072
  0.00327277            0   0.00566341   -0.0050638
 -0.00626765  -0.00566341            0 -0.000539426
 0.000866072    0.0050638  0.000539426            0
Repeater2[0]<--->HoM1[0]
REAL
    0.34668  0.00338527 -0.00880059    0.117601
 0.00338527    0.142857  0.00303462 0.000511146
-0.00880059  0.00303462    0.132193  -0.0056283
   0.117601 0.000511146  -0.0056283     0.37827
IMAGINARY
           0   0.00626765  -0.00327277 -0.000866072
 -0.00626765            0  -0.00566341 -0.000539426
  0.00327277   0.00566341            0   -0.0050638
 0.000866072  0.000539426    0.0050638            0
Repeater2[0]<--->Repeater3[0]
REAL
   0.302858 0.000325785 -0.00531607   0.0279388
0.000325785    0.205554 -0.00788296  0.00681278
-0.00531607 -0.00788296    0.198662 -0.00621283
  0.0279388  0.00681278 -0.00621283    0.292925
IMAGINARY
           0   -0.0012178 -0.000142074   -0.0105588
   0.0012178            0  0.000490354   0.00164719
 0.000142074 -0.000490354            0  -0.00690983
   0.0105588  -0.00164719   0.00690983            0
Repeater3[0]<--->Repeater2[0]
REAL
   0.302858 -0.00531607 0.000325785   0.0279388
-0.00531607    0.198662 -0.00788296 -0.00621283
0.000325785 -0.00788296    0.205554  0.00681278
  0.0279388 -0.00621283  0.00681278    0.292925
IMAGINARY
           0 -0.000142074   -0.0012178   -0.0105588
 0.000142074            0 -0.000490354  -0.00690983
   0.0012178  0.000490354            0   0.00164719
   0.0105588   0.00690983  -0.00164719            0
Repeater3[0]<--->HoM2[0]
REAL
    0.308076   0.00548398   -0.0046101     0.024999
  0.00548398     0.206381 -0.000759525  -0.00589039
  -0.0046101 -0.000759525     0.200399  -0.00263805
    0.024999  -0.00589039  -0.00263805     0.285145
IMAGINARY
          0 -0.00491062  0.00109685  0.00256039
 0.00491062           0  0.00376618 -0.00343853
-0.00109685 -0.00376618           0  0.00501243
-0.00256039  0.00343853 -0.00501243           0
Repeater4[0]<--->HoM2[0]
REAL
    0.308076   -0.0046101   0.00548398     0.024999
  -0.0046101     0.200399 -0.000759525  -0.00263805
  0.00548398 -0.000759525     0.206381  -0.00589039
    0.024999  -0.00263805  -0.00589039     0.285145
IMAGINARY
          0  0.00109685 -0.00491062  0.00256039
-0.00109685           0 -0.00376618  0.00501243
 0.00491062  0.00376618           0 -0.00343853
-0.00256039 -0.00501243  0.00343853           0
Repeater4[0]<--->Repeater5[0]
REAL
     0.28022  -0.00207571   0.00447899    0.0149182
 -0.00207571     0.217622  -0.00551447 -0.000477392
  0.00447899  -0.00551447     0.229788  -0.00672781
   0.0149182 -0.000477392  -0.00672781      0.27237
IMAGINARY
           0  -0.00476271   0.00285514  -0.00722392
  0.00476271            0    0.0021836  -0.00285514
 -0.00285514   -0.0021836            0 -0.000846263
  0.00722392   0.00285514  0.000846263            0
Repeater5[0]<--->Repeater4[0]
REAL
     0.28022   0.00447899  -0.00207571    0.0149182
  0.00447899     0.229788  -0.00551447  -0.00672781
 -0.00207571  -0.00551447     0.217622 -0.000477392
   0.0149182  -0.00672781 -0.000477392      0.27237
IMAGINARY
           0   0.00285514  -0.00476271  -0.00722392
 -0.00285514            0   -0.0021836 -0.000846263
  0.00476271    0.0021836            0  -0.00285514
  0.00722392  0.000846263   0.00285514            0
Repeater5[0]<--->HoM3[0]
REAL
   0.273755 -0.00327669 0.000782174  0.00650595
-0.00327669    0.229716  0.00650595  0.00214298
0.000782174  0.00650595    0.227534 -0.00307796
 0.00650595  0.00214298 -0.00307796    0.268994
IMAGINARY
           0 -0.000106573 -0.000143441  -0.00573329
 0.000106573            0  -0.00437997  -0.00322556
 0.000143441   0.00437997            0   0.00169199
  0.00573329   0.00322556  -0.00169199            0
Repeater6[0]<--->HoM3[0]
REAL
   0.273755 0.000782174 -0.00327669  0.00650595
0.000782174    0.227534  0.00650595 -0.00307796
-0.00327669  0.00650595    0.229716  0.00214298
 0.00650595 -0.00307796  0.00214298    0.268994
IMAGINARY
           0 -0.000143441 -0.000106573  -0.00573329
 0.000143441            0   0.00437997   0.00169199
 0.000106573  -0.00437997            0  -0.00322556
  0.00573329  -0.00169199   0.00322556            0
Repeater6[0]<--->Repeater7[0]
REAL
    0.260242  0.000565736  0.000620908   0.00973834
 0.000565736     0.239368 -0.000502989    0.0106005
 0.000620908 -0.000502989     0.237807  -0.00622611
  0.00973834    0.0106005  -0.00622611     0.262583
IMAGINARY
          0 -0.00405817   0.0104013  0.00442186
 0.00405817           0  0.00204279  0.00734354
 -0.0104013 -0.00204279           0  0.00679596
-0.00442186 -0.00734354 -0.00679596           0
Repeater7[0]<--->Repeater6[0]
REAL
    0.260242  0.000620908  0.000565736   0.00973834
 0.000620908     0.237807 -0.000502989  -0.00622611
 0.000565736 -0.000502989     0.239368    0.0106005
  0.00973834  -0.00622611    0.0106005     0.262583
IMAGINARY
          0   0.0104013 -0.00405817  0.00442186
 -0.0104013           0 -0.00204279  0.00679596
 0.00405817  0.00204279           0  0.00734354
-0.00442186 -0.00679596 -0.00734354           0
Repeater7[0]<--->HoM4[0]
REAL
   0.277664  0.00195314  0.00374359 -0.00187164
 0.00195314    0.234426 -0.00429882  0.00204121
 0.00374359 -0.00429882    0.242008 -0.00253162
-0.00187164  0.00204121 -0.00253162    0.245902
IMAGINARY
           0  -0.00309543 -0.000779371 -0.000763306
  0.00309543            0    -0.002073   -0.0107498
 0.000779371     0.002073            0    0.0162427
 0.000763306    0.0107498   -0.0162427            0
Repeater8[0]<--->HoM4[0]
REAL
   0.277664  0.00374359  0.00195314 -0.00187164
 0.00374359    0.242008 -0.00429882 -0.00253162
 0.00195314 -0.00429882    0.234426  0.00204121
-0.00187164 -0.00253162  0.00204121    0.245902
IMAGINARY
           0 -0.000779371  -0.00309543 -0.000763306
 0.000779371            0     0.002073    0.0162427
  0.00309543    -0.002073            0   -0.0107498
 0.000763306   -0.0162427    0.0107498            0
Repeater8[0]<--->Repeater9[0]
REAL
   0.264517 -0.00105219 -0.00132123  0.00310671
-0.00105219    0.228274 -0.00391577 -0.00333087
-0.00132123 -0.00391577    0.253104 -0.00562257
 0.00310671 -0.00333087 -0.00562257    0.254105
IMAGINARY
           0   0.00295421 -0.000262548  -0.00317284
 -0.00295421            0 -4.90646e-05  -0.00655928
 0.000262548  4.90646e-05            0  0.000857986
  0.00317284   0.00655928 -0.000857986            0
Repeater9[0]<--->Repeater8[0]
REAL
   0.264517 -0.00132123 -0.00105219  0.00310671
-0.00132123    0.253104 -0.00391577 -0.00562257
-0.00105219 -0.00391577    0.228274 -0.00333087
 0.00310671 -0.00562257 -0.00333087    0.254105
IMAGINARY
           0 -0.000262548   0.00295421  -0.00317284
 0.000262548            0  4.90646e-05  0.000857986
 -0.00295421 -4.90646e-05            0  -0.00655928
  0.00317284 -0.000857986   0.00655928            0
Repeater9[0]<--->HoM5[0]
REAL
   0.264971 -0.00564966 -0.00631002  0.00408593
-0.00564966      0.2409  0.00288063  0.00213008
-0.00631002  0.00288063    0.250881  0.00246495
 0.00408593  0.00213008  0.00246495    0.243249
IMAGINARY
          0 -0.00192601  0.00431245  0.00532554
 0.00192601           0  0.00287119  0.00492821
-0.00431245 -0.00287119           0  0.00734987
-0.00532554 -0.00492821 -0.00734987           0
Repeater10[0]<--->HoM5[0]
REAL
   0.264971 -0.00631002 -0.00564966  0.00408593
-0.00631002    0.250881  0.00288063  0.00246495
-0.00564966  0.00288063      0.2409  0.00213008
 0.00408593  0.00246495  0.00213008    0.243249
IMAGINARY
          0  0.00431245 -0.00192601  0.00532554
-0.00431245           0 -0.00287119  0.00734987
 0.00192601  0.00287119           0  0.00492821
-0.00532554 -0.00734987 -0.00492821           0
Repeater10[0]<--->Repeater11[0]
REAL
    0.437229 -0.000650441  -0.00542307     0.256347
-0.000650441    0.0692641 -0.000694074  -0.00288191
 -0.00542307 -0.000694074    0.0669028  -0.00585346
    0.256347  -0.00288191  -0.00585346     0.426604
IMAGINARY
           0  -0.00342248   0.00974818 -0.000718097
  0.00342248            0   -0.0031958   0.00149802
 -0.00974818    0.0031958            0  0.000889553
 0.000718097  -0.00149802 -0.000889553            0
Repeater11[0]<--->Repeater10[0]
REAL
    0.437229  -0.00542307 -0.000650441     0.256347
 -0.00542307    0.0669028 -0.000694074  -0.00585346
-0.000650441 -0.000694074    0.0692641  -0.00288191
    0.256347  -0.00585346  -0.00288191     0.426604
IMAGINARY
           0   0.00974818  -0.00342248 -0.000718097
 -0.00974818            0    0.0031958  0.000889553
  0.00342248   -0.0031958            0   0.00149802
 0.000718097 -0.000889553  -0.00149802            0
Repeater11[0]<--->HoM6[0]
REAL
    0.430474  0.000601243  0.000993158      0.26548
 0.000601243    0.0694248 -0.000809483  -0.00129358
 0.000993158 -0.000809483    0.0651867  9.97384e-05
     0.26548  -0.00129358  9.97384e-05     0.434914
IMAGINARY
           0   0.00218974   0.00257722 -0.000291959
 -0.00218974            0   0.00100003  0.000153956
 -0.00257722  -0.00100003            0  -0.00101924
 0.000291959 -0.000153956   0.00101924            0
EndNode1[0]<--->Repeater1[0]
REAL
   0.361719 -0.00803878 -0.00930555    0.138018
-0.00803878    0.135971  0.00589744  0.00390122
-0.00930555  0.00589744    0.129745 -0.00156891
   0.138018  0.00390122 -0.00156891    0.372565
IMAGINARY
          0     0.01013 -0.00282126 -0.00043914
   -0.01013           0  0.00183134 -0.00212336
 0.00282126 -0.00183134           0  0.00509943
 0.00043914  0.00212336 -0.00509943           0
EndNode2[0]<--->HoM6[0]
REAL
   0.433394 -0.00340105  0.00335044    0.263578
-0.00340105   0.0654871  -0.0111549 -0.00718728
 0.00335044  -0.0111549   0.0724019  0.00643013
   0.263578 -0.00718728  0.00643013    0.428717
IMAGINARY
           0  0.000164833  -0.00246425   0.00214491
-0.000164833            0   0.00125646   0.00196053
  0.00246425  -0.00125646            0  -0.00610882
 -0.00214491  -0.00196053   0.00610882            0
Repeater1[0]<--->EndNode1[0]
REAL
   0.361719 -0.00930555 -0.00803878    0.138018
-0.00930555    0.129745  0.00589744 -0.00156891
-0.00803878  0.00589744    0.135971  0.00390122
   0.138018 -0.00156891  0.00390122    0.372565
IMAGINARY
          0 -0.00282126     0.01013 -0.00043914
 0.00282126           0 -0.00183134  0.00509943
   -0.01013  0.00183134           0 -0.00212336
 0.00043914 -0.00509943  0.00212336           0
Repeater1[0]<--->HoM1[0]
REAL
   0.374924  0.00330572  0.00596705    0.115758
 0.00330572    0.127203  0.00225844 -0.00940835
 0.00596705  0.00225844     0.12781 -0.00128143
   0.115758 -0.00940835 -0.00128143    0.370063
IMAGINARY
          0  -0.0017037  0.00174602  0.00421836
  0.0017037           0    0.012425 -0.00398294
-0.00174602   -0.012425           0 -0.00986992
-0.00421836  0.00398294  0.00986992           0
Repeater2[0]<--->HoM1[0]
REAL
   0.374924  0.00596705  0.00330572    0.115758
 0.00596705     0.12781  0.00225844 -0.00128143
 0.00330572  0.00225844    0.127203 -0.00940835
   0.115758 -0.00128143 -0.00940835    0.370063
IMAGINARY
          0  0.00174602  -0.0017037  0.00421836
-0.00174602           0   -0.012425 -0.00986992
  0.0017037    0.012425           0 -0.00398294
-0.00421836  0.00986992  0.00398294           0
Repeater2[0]<--->Repeater3[0]
REAL
   0.308797  0.00289847 -0.00499585   0.0338661
 0.00289847    0.185119 -0.00246329 -0.00390652
-0.00499585 -0.00246329    0.202873  -0.0061268
  0.0338661 -0.00390652  -0.0061268    0.303212
IMAGINARY
           0  -0.00210977 -0.000651227   0.00448687
  0.00210977            0  -0.00286151  -0.00479324
 0.000651227   0.00286151            0   0.00161482
 -0.00448687   0.00479324  -0.00161482            0
Repeater3[0]<--->Repeater2[0]
REAL
   0.308797 -0.00499585  0.00289847   0.0338661
-0.00499585    0.202873 -0.00246329  -0.0061268
 0.00289847 -0.00246329    0.185119 -0.00390652
  0.0338661  -0.0061268 -0.00390652    0.303212
IMAGINARY
           0 -0.000651227  -0.00210977   0.00448687
 0.000651227            0   0.00286151   0.00161482
  0.00210977  -0.00286151            0  -0.00479324
 -0.00448687  -0.00161482   0.00479324            0
Repeater3[0]<--->HoM2[0]
REAL
   0.308642 0.000192986 0.000952544   0.0360093
0.000192986    0.198526  0.00464029 0.000156999
0.000952544  0.00464029     0.19315 -0.00130253
  0.0360093 0.000156999 -0.00130253    0.299681
IMAGINARY
          0 -0.00602062  -0.0120482  0.00113878
 0.00602062           0  0.00234797  -0.0038869
  0.0120482 -0.00234797           0 -0.00490341
-0.00113878   0.0038869  0.00490341           0
Repeater4[0]<--->HoM2[0]
REAL
   0.308642 0.000952544 0.000192986   0.0360093
0.000952544     0.19315  0.00464029 -0.00130253
0.000192986  0.00464029    0.198526 0.000156999
  0.0360093 -0.00130253 0.000156999    0.299681
IMAGINARY
          0  -0.0120482 -0.00602062  0.00113878
  0.0120482           0 -0.00234797 -0.00490341
 0.00602062  0.00234797           0  -0.0038869
-0.00113878  0.00490341   0.0038869           0
Repeater4[0]<--->Repeater5[0]
REAL
   0.277588  -0.0045776 -0.00739727   0.0107867
 -0.0045776    0.224523  0.00471874 0.000349346
-0.00739727  0.00471874    0.228141 -0.00408128
  0.0107867 0.000349346 -0.00408128    0.269749
IMAGINARY
          0 -0.00928662  -0.0071715   0.0108666
 0.00928662           0 -0.00386939  0.00272166
  0.0071715  0.00386939           0 -0.00204024
 -0.0108666 -0.00272166  0.00204024           0
Repeater5[0]<--->Repeater4[0]
REAL
   0.277588 -0.00739727  -0.0045776   0.0107867
-0.00739727    0.228141  0.00471874 -0.00408128
 -0.0045776  0.00471874    0.224523 0.000349346
  0.0107867 -0.00408128 0.000349346    0.269749
IMAGINARY
          0  -0.0071715 -0.00928662   0.0108666
  0.0071715           0  0.00386939 -0.00204024
 0.00928662 -0.00386939           0  0.00272166
 -0.0108666  0.00204024 -0.00272166           0
Repeater5[0]<--->HoM3[0]
REAL
    0.269607  -0.00914259 -0.000253978    0.0142349
 -0.00914259     0.227899   0.00132779   0.00484296
-0.000253978   0.00132779     0.228298  -0.00143203
   0.0142349   0.00484296  -0.00143203     0.274197
IMAGINARY
           0   0.00994282 -0.000247111  -0.00180088
 -0.00994282            0  -0.00190134 -0.000547171
 0.000247111   0.00190134            0   0.00494995
  0.00180088  0.000547171  -0.00494995            0
Repeater6[0]<--->HoM3[0]
REAL
    0.269607 -0.000253978  -0.00914259    0.0142349
-0.000253978     0.228298   0.00132779  -0.00143203
 -0.00914259   0.00132779     0.227899   0.00484296
   0.0142349  -0.00143203   0.00484296     0.274197
IMAGINARY
           0 -0.000247111   0.00994282  -0.00180088
 0.000247111            0   0.00190134   0.00494995
 -0.00994282  -0.00190134            0 -0.000547171
  0.00180088  -0.00494995  0.000547171            0
Repeater6[0]<--->Repeater7[0]
REAL
    0.255901  0.000197942 -0.000224306   0.00935021
 0.000197942     0.234264  -0.00569191  -0.00936636
-0.000224306  -0.00569191     0.240559  9.86766e-05
  0.00935021  -0.00936636  9.86766e-05     0.269276
IMAGINARY
           0 -0.000189976   0.00195683   0.00854421
 0.000189976            0  -0.00904875   0.00345833
 -0.00195683   0.00904875            0   0.00480289
 -0.00854421  -0.00345833  -0.00480289            0
Repeater7[0]<--->Repeater6[0]
REAL
    0.255901 -0.000224306  0.000197942   0.00935021
-0.000224306     0.240559  -0.00569191  9.86766e-05
 0.000197942  -0.00569191     0.234264  -0.00936636
  0.00935021  9.86766e-05  -0.00936636     0.269276
IMAGINARY
           0   0.00195683 -0.000189976   0.00854421
 -0.00195683            0   0.00904875   0.00480289
 0.000189976  -0.00904875            0   0.00345833
 -0.00854421  -0.00480289  -0.00345833            0
Repeater7[0]<--->HoM4[0]
REAL
    0.261101 -0.000255147   -0.0036519  -0.00309616
-0.000255147     0.233067   0.00208932   0.00425601
  -0.0036519   0.00208932     0.239001  -0.00719552
 -0.00309616   0.00425601  -0.00719552      0.26683
IMAGINARY
          0  0.00473707  0.00637576 -0.00215907
-0.00473707           0 -0.00164855  0.00120301
-0.00637576  0.00164855           0  0.00144562
 0.00215907 -0.00120301 -0.00144562           0
Repeater8[0]<--->HoM4[0]
REAL
    0.261101   -0.0036519 -0.000255147  -0.00309616
  -0.0036519     0.239001   0.00208932  -0.00719552
-0.000255147   0.00208932     0.233067   0.00425601
 -0.00309616  -0.00719552   0.00425601      0.26683
IMAGINARY
          0  0.00637576  0.00473707 -0.00215907
-0.00637576           0  0.00164855  0.00144562
-0.00473707 -0.00164855           0  0.00120301
 0.00215907 -0.00144562 -0.00120301           0
Repeater8[0]<--->Repeater9[0]
REAL
   0.250854 -0.00734288  0.00417063 -0.00133834
-0.00734288    0.242412 -0.00585878 0.000427528
 0.00417063 -0.00585878    0.241608   0.0065432
-0.00133834 0.000427528   0.0065432    0.265126
IMAGINARY
           0   0.00241186  4.17237e-05   -0.0010873
 -0.00241186            0  -0.00948246  0.000547899
-4.17237e-05   0.00948246            0  -0.00044645
   0.0010873 -0.000547899   0.00044645            0
Repeater9[0]<--->Repeater8[0]
REAL
   0.250854  0.00417063 -0.00734288 -0.00133834
 0.00417063    0.241608 -0.00585878   0.0065432
-0.00734288 -0.00585878    0.242412 0.000427528
-0.00133834   0.0065432 0.000427528    0.265126
IMAGINARY
           0  4.17237e-05   0.00241186   -0.0010873
-4.17237e-05            0   0.00948246  -0.00044645
 -0.00241186  -0.00948246            0  0.000547899
   0.0010873   0.00044645 -0.000547899            0
Repeater9[0]<--->HoM5[0]
REAL
   0.254607   0.0041662 0.000794063  0.00662371
  0.0041662     0.24379  0.00209198 -0.00329857
0.000794063  0.00209198    0.236579 0.000942995
 0.00662371 -0.00329857 0.000942995    0.265024
IMAGINARY
           0    0.0072483 -0.000630003  -0.00348391
  -0.0072483            0  -0.00358109   0.00193917
 0.000630003   0.00358109            0  -0.00332081
  0.00348391  -0.00193917   0.00332081            0
Repeater10[0]<--->HoM5[0]
REAL
   0.254607 0.000794063   0.0041662  0.00662371
0.000794063    0.236579  0.00209198 0.000942995
  0.0041662  0.00209198     0.24379 -0.00329857
 0.00662371 0.000942995 -0.00329857    0.265024
IMAGINARY
           0 -0.000630003    0.0072483  -0.00348391
 0.000630003            0   0.00358109  -0.00332081
  -0.0072483  -0.00358109            0   0.00193917
  0.00348391   0.00332081  -0.00193917            0
Repeater10[0]<--->Repeater11[0]
REAL
   0.436209 -0.00252013  0.00134862     0.26293
-0.00252013    0.074117  0.00240109 -0.00375343
 0.00134862  0.00240109   0.0689056  0.00191893
    0.26293 -0.00375343  0.00191893    0.420768
IMAGINARY
          0  0.00217611  0.00491319 -0.00192042
-0.00217611           0  -0.0081816   0.0056153
-0.00491319   0.0081816           0  -0.0102273
 0.00192042  -0.0056153   0.0102273           0
Repeater11[0]<--->Repeater10[0]
REAL
   0.436209  0.00134862 -0.00252013     0.26293
 0.00134862   0.0689056  0.00240109  0.00191893
-0.00252013  0.00240109    0.074117 -0.00375343
    0.26293  0.00191893 -0.00375343    0.420768
IMAGINARY
          0  0.00491319  0.00217611 -0.00192042
-0.00491319           0   0.0081816  -0.0102273
-0.00217611  -0.0081816           0   0.0056153
 0.00192042   0.0102273  -0.0056153           0
Repeater11[0]<--->HoM6[0]
REAL
   0.433394  0.00335044 -0.00340105    0.263578
 0.00335044   0.0724019  -0.0111549  0.00643013
-0.00340105  -0.0111549   0.0654871 -0.00718728
   0.263578  0.00643013 -0.00718728    0.428717
IMAGINARY
           0  -0.00246425  0.000164833   0.00214491
  0.00246425            0  -0.00125646  -0.00610882
-0.000164833   0.00125646            0   0.00196053
 -0.00214491   0.00610882  -0.00196053            0
EndNode1[0]<--->Repeater1[0]
REAL
    0.362351 -0.000528008  -0.00378222     0.134118
-0.000528008     0.135657   0.00367432   -0.0042758
 -0.00378222   0.00367432     0.133068   0.00495992
    0.134118   -0.0042758   0.00495992     0.368924
IMAGINARY
          0 -0.00127562 -0.00168244 -0.00106459
 0.00127562           0 -0.00783363 -0.00411061
 0.00168244  0.00783363           0  0.00507107
 0.00106459  0.00411061 -0.00507107           0
EndNode2[0]<--->HoM6[0]
REAL
   0.428923 -0.00102134   0.0045188    0.257709
-0.00102134   0.0721016  -0.0030523 -0.00491516
  0.0045188  -0.0030523   0.0712823  0.00141769
   0.257709 -0.00491516  0.00141769    0.427694
IMAGINARY
           0  0.000190501   -0.0057752   0.00556815
-0.000190501            0   0.00261887     0.007263
   0.0057752  -0.00261887            0   0.00585989
 -0.00556815    -0.007263  -0.00585989            0
Repeater1[0]<--->EndNode1[0]
REAL
    0.362351  -0.00378222 -0.000528008     0.134118
 -0.00378222     0.133068   0.00367432   0.00495992
-0.000528008   0.00367432     0.135657   -0.0042758
    0.134118   0.00495992   -0.0042758     0.368924
IMAGINARY
          0 -0.00168244 -0.00127562 -0.00106459
 0.00168244           0  0.00783363  0.00507107
 0.00127562 -0.00783363           0 -0.00411061
 0.00106459 -0.00507107  0.00411061           0
Repeater1[0]<--->HoM1[0]
REAL
    0.375073 -0.000232386   -0.0050377      0.12564
-0.000232386     0.123655  -0.00560755  -0.00895257
  -0.0050377  -0.00560755     0.128546   0.00286823
     0.12564  -0.00895257   0.00286823     0.372725
IMAGINARY
          0  -0.0090145  0.00302856 -0.00943828
  0.0090145           0 -0.00611099   0.0107455
-0.00302856  0.00611099           0  0.00389841
 0.00943828  -0.0107455 -0.00389841           0
Repeater2[0]<--->HoM1[0]
REAL
    0.375073   -0.0050377 -0.000232386      0.12564
  -0.0050377     0.128546  -0.00560755   0.00286823
-0.000232386  -0.00560755     0.123655  -0.00895257
     0.12564   0.00286823  -0.00895257     0.372725
IMAGINARY
          0  0.00302856  -0.0090145 -0.00943828
-0.00302856           0  0.00611099  0.00389841
  0.0090145 -0.00611099           0   0.0107455
 0.00943828 -0.00389841  -0.0107455           0
Repeater2[0]<--->Repeater3[0]
REAL
    0.29757 -0.00629528 0.000961191   0.0338624
-0.00629528    0.193638 -0.00557165  0.00650443
0.000961191 -0.00557165    0.197392 -0.00529608
  0.0338624  0.00650443 -0.00529608    0.311401
IMAGINARY
           0   0.00707736    0.0026097 -0.000309683
 -0.00707736            0   0.00121131  -0.00150594
  -0.0026097  -0.00121131            0   0.00927824
 0.000309683   0.00150594  -0.00927824            0
Repeater3[0]<--->Repeater2[0]
REAL
    0.29757 0.000961191 -0.00629528   0.0338624
0.000961191    0.197392 -0.00557165 -0.00529608
-0.00629528 -0.00557165    0.193638  0.00650443
  0.0338624 -0.00529608  0.00650443    0.311401
IMAGINARY
           0    0.0026097   0.00707736 -0.000309683
  -0.0026097            0  -0.00121131   0.00927824
 -0.00707736   0.00121131            0  -0.00150594
 0.000309683  -0.00927824   0.00150594            0
Repeater3[0]<--->HoM2[0]
REAL
   0.300867 -0.00993521 -0.00267489   0.0303094
-0.00993521     0.19883  0.00192598  0.00237362
-0.00267489  0.00192598    0.198024 -0.00342088
  0.0303094  0.00237362 -0.00342088    0.302279
IMAGINARY
           0 -0.000792637  -0.00333516  -0.00436975
 0.000792637            0  -0.00377357    0.0075583
  0.00333516   0.00377357            0  -0.00480548
  0.00436975   -0.0075583   0.00480548            0
Repeater4[0]<--->HoM2[0]
REAL
   0.300867 -0.00267489 -0.00993521   0.0303094
-0.00267489    0.198024  0.00192598 -0.00342088
-0.00993521  0.00192598     0.19883  0.00237362
  0.0303094 -0.00342088  0.00237362    0.302279
IMAGINARY
           0  -0.00333516 -0.000792637  -0.00436975
  0.00333516            0   0.00377357  -0.00480548
 0.000792637  -0.00377357            0    0.0075583
  0.00436975   0.00480548   -0.0075583            0
Repeater4[0]<--->Repeater5[0]
REAL
   0.274899  0.00100891 -0.00481628  0.00787787
 0.00100891    0.221862 -0.00150337  0.00999557
-0.00481628 -0.00150337    0.229555 -0.00180572
 0.00787787  0.00999557 -0.00180572    0.273684
IMAGINARY
           0  -0.00403982   0.00375524 -0.000903386
  0.00403982            0 -0.000398437  -0.00295684
 -0.00375524  0.000398437            0   0.00483823
 0.000903386   0.00295684  -0.00483823            0
Repeater5[0]<--->Repeater4[0]
REAL
   0.274899 -0.00481628  0.00100891  0.00787787
-0.00481628    0.229555 -0.00150337 -0.00180572
 0.00100891 -0.00150337    0.221862  0.00999557
 0.00787787 -0.00180572  0.00999557    0.273684
IMAGINARY
           0   0.00375524  -0.00403982 -0.000903386
 -0.00375524            0  0.000398437   0.00483823
  0.00403982 -0.000398437            0  -0.00295684
 0.000903386  -0.00483823   0.00295684            0
Repeater5[0]<--->HoM3[0]
REAL
    0.281761   0.00251057 -0.000939541    0.0110102
  0.00251057     0.226217  -0.00711725   0.00323541
-0.000939541  -0.00711725     0.218946  -0.00600428
   0.0110102   0.00323541  -0.00600428     0.273076
IMAGINARY
          0  0.00169242  0.00320406 -0.00272368
-0.00169242           0   0.0049228 -0.00081362
-0.00320406  -0.0049228           0 -0.00348525
 0.00272368  0.00081362  0.00348525           0
Repeater6[0]<--->HoM3[0]
REAL
    0.281761 -0.000939541   0.00251057    0.0110102
-0.000939541     0.218946  -0.00711725  -0.00600428
  0.00251057  -0.00711725     0.226217   0.00323541
   0.0110102  -0.00600428   0.00323541     0.273076
IMAGINARY
          0  0.00320406  0.00169242 -0.00272368
-0.00320406           0  -0.0049228 -0.00348525
-0.00169242   0.0049228           0 -0.00081362
 0.00272368  0.00348525  0.00081362           0
Repeater6[0]<--->Repeater7[0]
REAL
   0.256198 0.000496827 -0.00655771  0.00533834
0.000496827    0.242088  -0.0077538  0.00655771
-0.00655771  -0.0077538     0.23846  -0.0061329
 0.00533834  0.00655771  -0.0061329    0.263253
IMAGINARY
          0  0.00686133  0.00233984  0.00356916
-0.00686133           0 -0.00795065 -0.00783655
-0.00233984  0.00795065           0 -0.00136463
-0.00356916  0.00783655  0.00136463           0
Repeater7[0]<--->Repeater6[0]
REAL
   0.256198 -0.00655771 0.000496827  0.00533834
-0.00655771     0.23846  -0.0077538  -0.0061329
0.000496827  -0.0077538    0.242088  0.00655771
 0.00533834  -0.0061329  0.00655771    0.263253
IMAGINARY
          0  0.00233984  0.00686133  0.00356916
-0.00233984           0  0.00795065 -0.00136463
-0.00686133 -0.00795065           0 -0.00783655
-0.00356916  0.00136463  0.00783655           0
Repeater7[0]<--->HoM4[0]
REAL
      0.2656  0.000989106  -0.00356304 -0.000152776
 0.000989106      0.23359  0.000551024  -0.00480016
 -0.00356304  0.000551024     0.240276  -0.00198472
-0.000152776  -0.00480016  -0.00198472     0.260535
IMAGINARY
          0 -0.00059177 -0.00512585  0.00494488
 0.00059177           0  0.00474504 -0.00382247
 0.00512585 -0.00474504           0 -0.00815546
-0.00494488  0.00382247  0.00815546           0
Repeater8[0]<--->HoM4[0]
REAL
      0.2656  -0.00356304  0.000989106 -0.000152776
 -0.00356304     0.240276  0.000551024  -0.00198472
 0.000989106  0.000551024      0.23359  -0.00480016
-0.000152776  -0.00198472  -0.00480016     0.260535
IMAGINARY
          0 -0.00512585 -0.00059177  0.00494488
 0.00512585           0 -0.00474504 -0.00815546
 0.00059177  0.00474504           0 -0.00382247
-0.00494488  0.00815546  0.00382247           0
Repeater8[0]<--->Repeater9[0]
REAL
   0.252103  0.00931247 -0.00514546  0.00691032
 0.00931247    0.249299 -0.00125376 -0.00657171
-0.00514546 -0.00125376    0.238286 -0.00143368
 0.00691032 -0.00657171 -0.00143368    0.260312
IMAGINARY
           0  0.000860491  -0.00234473   0.00240038
-0.000860491            0   0.00230182  -0.00323073
  0.00234473  -0.00230182            0   0.00511322
 -0.00240038   0.00323073  -0.00511322            0
Repeater9[0]<--->Repeater8[0]
REAL
   0.252103 -0.00514546  0.00931247  0.00691032
-0.00514546    0.238286 -0.00125376 -0.00143368
 0.00931247 -0.00125376    0.249299 -0.00657171
 0.00691032 -0.00143368 -0.00657171    0.260312
IMAGINARY
           0  -0.00234473  0.000860491   0.00240038
  0.00234473            0  -0.00230182   0.00511322
-0.000860491   0.00230182            0  -0.00323073
 -0.00240038  -0.00511322   0.00323073            0
Repeater9[0]<--->HoM5[0]
REAL
    0.255454 -0.000533456  -0.00108771  -0.00839476
-0.000533456     0.232008  -0.00293082  0.000398324
 -0.00108771  -0.00293082     0.239348   -0.0100043
 -0.00839476  0.000398324   -0.0100043     0.273191
IMAGINARY
           0 -0.000969913  -0.00145167   0.00394342
 0.000969913            0   0.00504718   0.00492872
  0.00145167  -0.00504718            0  -0.00886518
 -0.00394342  -0.00492872   0.00886518            0
Repeater10[0]<--->HoM5[0]
REAL
    0.255454  -0.00108771 -0.000533456  -0.00839476
 -0.00108771     0.239348  -0.00293082   -0.0100043
-0.000533456  -0.00293082     0.232008  0.000398324
 -0.00839476   -0.0100043  0.000398324     0.273191
IMAGINARY
           0  -0.00145167 -0.000969913   0.00394342
  0.00145167            0  -0.00504718  -0.00886518
 0.000969913   0.00504718            0   0.00492872
 -0.00394342   0.00886518  -0.00492872            0
Repeater10[0]<--->Repeater11[0]
REAL
    0.425815  -0.00140811   0.00121308      0.25848
 -0.00140811    0.0708035  0.000666153  0.000616186
  0.00121308  0.000666153    0.0638425 -0.000624411
     0.25848  0.000616186 -0.000624411     0.439539
IMAGINARY
           0  0.000929676   0.00289351   0.00361806
-0.000929676            0  -0.00192517    -0.010855
 -0.00289351   0.00192517            0   -0.0016177
 -0.00361806     0.010855    0.0016177            0
Repeater11[0]<--->Repeater10[0]
REAL
    0.425815   0.00121308  -0.00140811      0.25848
  0.00121308    0.0638425  0.000666153 -0.000624411
 -0.00140811  0.000666153    0.0708035  0.000616186
     0.25848 -0.000624411  0.000616186     0.439539
IMAGINARY
           0   0.00289351  0.000929676   0.00361806
 -0.00289351            0   0.00192517   -0.0016177
-0.000929676  -0.00192517            0    -0.010855
 -0.00361806    0.0016177     0.010855            0
Repeater11[0]<--->HoM6[0]
REAL
   0.428923   0.0045188 -0.00102134    0.257709
  0.0045188   0.0712823  -0.0030523  0.00141769
-0.00102134  -0.0030523   0.0721016 -0.00491516
   0.257709  0.00141769 -0.00491516    0.427694
IMAGINARY
           0   -0.0057752  0.000190501   0.00556815
   0.0057752            0  -0.00261887   0.00585989
-0.000190501   0.00261887            0     0.007263
 -0.00556815  -0.00585989    -0.007263            0
EndNode1[0]<--->Repeater1[0]
REAL
    0.375347  -0.00151017    0.0079669     0.126249
 -0.00151017     0.125842   0.00372715 -0.000602251
   0.0079669   0.00372715     0.133769    0.0042968
    0.126249 -0.000602251    0.0042968     0.365042
IMAGINARY
           0  0.000574356  0.000460827  -0.00127805
-0.000574356            0   0.00340055  -0.00224513
-0.000460827  -0.00340055            0   0.00993318
  0.00127805   0.00224513  -0.00993318            0
EndNode2[0]<--->HoM6[0]
REAL
   0.424512  0.00436056 0.000676174     0.25872
 0.00436056   0.0712453 -0.00197915  0.00321837
0.000676174 -0.00197915   0.0684823 -0.00845482
    0.25872  0.00321837 -0.00845482    0.435761
IMAGINARY
          0  0.00321639  0.00804683  0.00690429
-0.00321639           0  0.00600555  -0.0111878
-0.00804683 -0.00600555           0 -0.00027175
-0.00690429   0.0111878  0.00027175           0
Repeater1[0]<--->EndNode1[0]
REAL
    0.375347    0.0079669  -0.00151017     0.126249
   0.0079669     0.133769   0.00372715    0.0042968
 -0.00151017   0.00372715     0.125842 -0.000602251
    0.126249    0.0042968 -0.000602251     0.365042
IMAGINARY
           0  0.000460827  0.000574356  -0.00127805
-0.000460827            0  -0.00340055   0.00993318
-0.000574356   0.00340055            0  -0.00224513
  0.00127805  -0.00993318   0.00224513            0
Repeater1[0]<--->HoM1[0]
REAL
    0.369483   0.00178127    0.0023274     0.124826
  0.00178127     0.132614  -0.00594924  -0.00551338
   0.0023274  -0.00594924     0.130018 -0.000586527
    0.124826  -0.00551338 -0.000586527     0.367885
IMAGINARY
           0 -0.000576309   0.00661948  0.000194146
 0.000576309            0   -0.0078164  0.000411458
 -0.00661948    0.0078164            0   0.00278603
-0.000194146 -0.000411458  -0.00278603            0
Repeater2[0]<--->HoM1[0]
REAL
    0.369483    0.0023274   0.00178127     0.124826
   0.0023274     0.130018  -0.00594924 -0.000586527
  0.00178127  -0.00594924     0.132614  -0.00551338
    0.124826 -0.000586527  -0.00551338     0.367885
IMAGINARY
           0   0.00661948 -0.000576309  0.000194146
 -0.00661948            0    0.0078164   0.00278603
 0.000576309   -0.0078164            0  0.000411458
-0.000194146  -0.00278603 -0.000411458            0
Repeater2[0]<--->Repeater3[0]
REAL
   0.289976 -1.8269e-05 0.000373593   0.0275731
-1.8269e-05    0.202267 0.000796438 -0.00525116
0.000373593 0.000796438    0.202864 -0.00147486
  0.0275731 -0.00525116 -0.00147486    0.304893
IMAGINARY
          0 -0.00487163 -0.00507332 -0.00135423
 0.00487163           0 -0.00354372  0.00130627
 0.00507332  0.00354372           0 -0.00235704
 0.00135423 -0.00130627  0.00235704           0
Repeater3[0]<--->Repeater2[0]
REAL
   0.289976 0.000373593 -1.8269e-05   0.0275731
0.000373593    0.202864 0.000796438 -0.00147486
-1.8269e-05 0.000796438    0.202267 -0.00525116
  0.0275731 -0.00147486 -0.00525116    0.304893
IMAGINARY
          0 -0.00507332 -0.00487163 -0.00135423
 0.00507332           0  0.00354372 -0.00235704
 0.00487163 -0.00354372           0  0.00130627
 0.00135423  0.00235704 -0.00130627           0
Repeater3[0]<--->HoM2[0]
REAL
   0.298083   0.0022153  0.00460242   0.0358554
  0.0022153    0.205247   0.0095809 -0.00109189
 0.00460242   0.0095809    0.197578  0.00530726
  0.0358554 -0.00109189  0.00530726    0.299092
IMAGINARY
           0   0.00300271   0.00648905  -0.00479972
 -0.00300271            0   0.00246943 -0.000606695
 -0.00648905  -0.00246943            0   -0.0057478
  0.00479972  0.000606695    0.0057478            0
Repeater4[0]<--->HoM2[0]
REAL
   0.298083  0.00460242   0.0022153   0.0358554
 0.00460242    0.197578   0.0095809  0.00530726
  0.0022153   0.0095809    0.205247 -0.00109189
  0.0358554  0.00530726 -0.00109189    0.299092
IMAGINARY
           0   0.00648905   0.00300271  -0.00479972
 -0.00648905            0  -0.00246943   -0.0057478
 -0.00300271   0.00246943            0 -0.000606695
  0.00479972    0.0057478  0.000606695            0
Repeater4[0]<--->Repeater5[0]
REAL
    0.277877  1.95917e-07  -0.00204034 -0.000982235
 1.95917e-07     0.214669   0.00520759   0.00948501
 -0.00204034   0.00520759     0.229974   -0.0030183
-0.000982235   0.00948501   -0.0030183      0.27748
IMAGINARY
          0 -0.00121095   0.0075586 -0.00683841
 0.00121095           0 -0.00344384 -0.00451281
 -0.0075586  0.00344384           0 -0.00458587
 0.00683841  0.00451281  0.00458587           0
Repeater5[0]<--->Repeater4[0]
REAL
    0.277877  -0.00204034  1.95917e-07 -0.000982235
 -0.00204034     0.229974   0.00520759   -0.0030183
 1.95917e-07   0.00520759     0.214669   0.00948501
-0.000982235   -0.0030183   0.00948501      0.27748
IMAGINARY
          0   0.0075586 -0.00121095 -0.00683841
 -0.0075586           0  0.00344384 -0.00458587
 0.00121095 -0.00344384           0 -0.00451281
 0.00683841  0.00458587  0.00451281           0
Repeater5[0]<--->HoM3[0]
REAL
   0.270812  0.00635417 -0.00490127   0.0153883
 0.00635417    0.229488 -0.00812202 0.000777153
-0.00490127 -0.00812202    0.229689  0.00346515
  0.0153883 0.000777153  0.00346515     0.27001
IMAGINARY
          0 -0.00207256 -0.00110084 -0.00378751
 0.00207256           0 -0.00348195  0.00738377
 0.00110084  0.00348195           0  0.00045116
 0.00378751 -0.00738377 -0.00045116           0
Repeater6[0]<--->HoM3[0]
REAL
   0.270812 -0.00490127  0.00635417   0.0153883
-0.00490127    0.229689 -0.00812202  0.00346515
 0.00635417 -0.00812202    0.229488 0.000777153
  0.0153883  0.00346515 0.000777153     0.27001
IMAGINARY
          0 -0.00110084 -0.00207256 -0.00378751
 0.00110084           0  0.00348195  0.00045116
 0.00207256 -0.00348195           0  0.00738377
 0.00378751 -0.00045116 -0.00738377           0
Repeater6[0]<--->Repeater7[0]
REAL
     0.24496   0.00136933  -0.00401221    0.0052254
  0.00136933     0.239516   0.00352846  -0.00371179
 -0.00401221   0.00352846     0.246774 -0.000648425
   0.0052254  -0.00371179 -0.000648425      0.26875
IMAGINARY
           0   0.00519013    0.0122475   0.00132348
 -0.00519013            0    0.0043428   0.00462218
  -0.0122475   -0.0043428            0 -0.000897854
 -0.00132348  -0.00462218  0.000897854            0
Repeater7[0]<--->Repeater6[0]
REAL
     0.24496  -0.00401221   0.00136933    0.0052254
 -0.00401221     0.246774   0.00352846 -0.000648425
  0.00136933   0.00352846     0.239516  -0.00371179
   0.0052254 -0.000648425  -0.00371179      0.26875
IMAGINARY
           0    0.0122475   0.00519013   0.00132348
  -0.0122475            0   -0.0043428 -0.000897854
 -0.00519013    0.0043428            0   0.00462218
 -0.00132348  0.000897854  -0.00462218            0
Repeater7[0]<--->HoM4[0]
REAL
   0.259207 -0.00444198  0.00716854 -0.00486193
-0.00444198      0.2414 -0.00594397  0.00545517
 0.00716854 -0.00594397    0.243828 -0.00333423
-0.00486193  0.00545517 -0.00333423    0.255565
IMAGINARY
           0   0.00695433   0.00432974  -0.00437776
 -0.00695433            0   0.00045465  0.000293513
 -0.00432974  -0.00045465            0 -0.000953935
  0.00437776 -0.000293513  0.000953935            0
Repeater8[0]<--->HoM4[0]
REAL
   0.259207  0.00716854 -0.00444198 -0.00486193
 0.00716854    0.243828 -0.00594397 -0.00333423
-0.00444198 -0.00594397      0.2414  0.00545517
-0.00486193 -0.00333423  0.00545517    0.255565
IMAGINARY
           0   0.00432974   0.00695433  -0.00437776
 -0.00432974            0  -0.00045465 -0.000953935
 -0.00695433   0.00045465            0  0.000293513
  0.00437776  0.000953935 -0.000293513            0
Repeater8[0]<--->Repeater9[0]
REAL
    0.257432  -0.00533084   0.00101132   0.00845156
 -0.00533084     0.247126   0.00595006  0.000814237
  0.00101132   0.00595006      0.23583 -0.000551508
  0.00845156  0.000814237 -0.000551508     0.259612
IMAGINARY
           0  0.000241569   0.00359364   0.00203308
-0.000241569            0   0.00341266   -0.0056949
 -0.00359364  -0.00341266            0   0.00185969
 -0.00203308    0.0056949  -0.00185969            0
Repeater9[0]<--->Repeater8[0]
REAL
    0.257432   0.00101132  -0.00533084   0.00845156
