EndNode1[0]<--->Repeater1[0]
REAL
         0.5  -0.00283469 -0.000202482       0.4968
 -0.00283469   0.00121655 -0.000380463   -0.0046712
-0.000202482 -0.000380463    0.0014193  -0.00283469
      0.4968   -0.0046712  -0.00283469     0.497364
IMAGINARY
          0  0.00147317   0.0021418  -0.0107445
-0.00147317           0 -0.00717734  0.00541107
 -0.0021418  0.00717734           0 -0.00902604
  0.0107445 -0.00541107  0.00902604           0
EndNode2[0]<--->HoM6[0]
REAL
  0.512377 0.00136897 0.00357018   0.498524
0.00136897 0.00100624 -0.0002883 0.00132986
0.00357018 -0.0002883 0.00100624 0.00451108
  0.498524 0.00132986 0.00451108   0.485611
IMAGINARY
          0  0.00461301 -0.00504302  0.00111747
-0.00461301           0 -0.00575715  0.00375666
 0.00504302  0.00575715           0 -0.00332665
-0.00111747 -0.00375666  0.00332665           0
Repeater1[0]<--->EndNode1[0]
REAL
         0.5 -0.000202482  -0.00283469       0.4968
-0.000202482    0.0014193 -0.000380463  -0.00283469
 -0.00283469 -0.000380463   0.00121655   -0.0046712
      0.4968  -0.00283469   -0.0046712     0.497364
IMAGINARY
          0   0.0021418  0.00147317  -0.0107445
 -0.0021418           0  0.00717734 -0.00902604
-0.00147317 -0.00717734           0  0.00541107
  0.0107445  0.00902604 -0.00541107           0
Repeater1[0]<--->HoM1[0]
REAL
    0.501083  -0.00428442  -0.00600657     0.496988
 -0.00428442   0.00157573 -0.000405497   0.00520239
 -0.00600657 -0.000405497   0.00157573   0.00408337
    0.496988   0.00520239   0.00408337     0.495765
IMAGINARY
           0   0.00404743   0.00359719   0.00225911
 -0.00404743            0   0.00427037   -0.0061037
 -0.00359719  -0.00427037            0 -0.000939344
 -0.00225911    0.0061037  0.000939344            0
Repeater2[0]<--->HoM1[0]
REAL
    0.501083  -0.00600657  -0.00428442     0.496988
 -0.00600657   0.00157573 -0.000405497   0.00408337
 -0.00428442 -0.000405497   0.00157573   0.00520239
    0.496988   0.00408337   0.00520239     0.495765
IMAGINARY
           0   0.00359719   0.00404743   0.00225911
 -0.00359719            0  -0.00427037 -0.000939344
 -0.00404743   0.00427037            0   -0.0061037
 -0.00225911  0.000939344    0.0061037            0
Repeater2[0]<--->Repeater3[0]
REAL
    0.487611   -0.0075543  -0.00677772     0.494514
  -0.0075543   0.00376611 -0.000283958  0.000808762
 -0.00677772 -0.000283958   0.00376611   0.00258016
    0.494514  0.000808762   0.00258016     0.504856
IMAGINARY
           0  -0.00332071    0.0109211   0.00893112
  0.00332071            0 -0.000574579   0.00568552
  -0.0109211  0.000574579            0   -0.0140863
 -0.00893112  -0.00568552    0.0140863            0
Repeater3[0]<--->Repeater2[0]
REAL
    0.487611  -0.00677772   -0.0075543     0.494514
 -0.00677772   0.00376611 -0.000283958   0.00258016
  -0.0075543 -0.000283958   0.00376611  0.000808762
    0.494514   0.00258016  0.000808762     0.504856
IMAGINARY
           0    0.0109211  -0.00332071   0.00893112
  -0.0109211            0  0.000574579   -0.0140863
  0.00332071 -0.000574579            0   0.00568552
 -0.00893112    0.0140863  -0.00568552            0
Repeater3[0]<--->HoM2[0]
REAL
   0.498993  0.00168754  0.00236651    0.494266
 0.00168754  0.00221595 0.000607737 -0.00138071
 0.00236651 0.000607737  0.00282031 8.69038e-05
   0.494266 -0.00138071 8.69038e-05    0.495971
IMAGINARY
           0   0.00120303 -0.000544996  0.000953131
 -0.00120303            0   0.00134917 -0.000445888
 0.000544996  -0.00134917            0  -0.00298662
-0.000953131  0.000445888   0.00298662            0
Repeater4[0]<--->HoM2[0]
REAL
   0.498993  0.00236651  0.00168754    0.494266
 0.00236651  0.00282031 0.000607737 8.69038e-05
 0.00168754 0.000607737  0.00221595 -0.00138071
   0.494266 8.69038e-05 -0.00138071    0.495971
IMAGINARY
           0 -0.000544996   0.00120303  0.000953131
 0.000544996            0  -0.00134917  -0.00298662
 -0.00120303   0.00134917            0 -0.000445888
-0.000953131   0.00298662  0.000445888            0
Repeater4[0]<--->Repeater5[0]
REAL
    0.492731   0.00549141   0.00594366     0.491352
  0.00549141   0.00517825  0.000424287  -0.00192957
  0.00594366  0.000424287   0.00318662 -0.000302452
    0.491352  -0.00192957 -0.000302452     0.498905
IMAGINARY
           0  -0.00379831   0.00210681   0.00633566
  0.00379831            0  0.000843309  0.000312548
 -0.00210681 -0.000843309            0  0.000370895
 -0.00633566 -0.000312548 -0.000370895            0
Repeater5[0]<--->Repeater4[0]
REAL
    0.492731   0.00594366   0.00549141     0.491352
  0.00594366   0.00318662  0.000424287 -0.000302452
  0.00549141  0.000424287   0.00517825  -0.00192957
    0.491352 -0.000302452  -0.00192957     0.498905
IMAGINARY
           0   0.00210681  -0.00379831   0.00633566
 -0.00210681            0 -0.000843309  0.000370895
  0.00379831  0.000843309            0  0.000312548
 -0.00633566 -0.000370895 -0.000312548            0
Repeater5[0]<--->HoM3[0]
REAL
    0.504485   0.00278439   0.00118735     0.491577
  0.00278439   0.00518238 -0.000485302    -0.001896
  0.00118735 -0.000485302    0.0035878 -0.000658456
    0.491577    -0.001896 -0.000658456     0.486745
IMAGINARY
           0   0.00933679  -0.00664946  -0.00485619
 -0.00933679            0   0.00303801  1.31986e-06
  0.00664946  -0.00303801            0  -0.00268865
  0.00485619 -1.31986e-06   0.00268865            0
Repeater6[0]<--->HoM3[0]
REAL
    0.504485   0.00118735   0.00278439     0.491577
  0.00118735    0.0035878 -0.000485302 -0.000658456
  0.00278439 -0.000485302   0.00518238    -0.001896
    0.491577 -0.000658456    -0.001896     0.486745
IMAGINARY
           0  -0.00664946   0.00933679  -0.00485619
  0.00664946            0  -0.00303801  -0.00268865
 -0.00933679   0.00303801            0  1.31986e-06
  0.00485619   0.00268865 -1.31986e-06            0
Repeater6[0]<--->Repeater7[0]
REAL
    0.496614 -0.000585687  -0.00150566     0.489616
-0.000585687   0.00574595 -0.000262895 -0.000302293
 -0.00150566 -0.000262895   0.00615637  -0.00383376
    0.489616 -0.000302293  -0.00383376     0.491484
IMAGINARY
           0    0.0075579  1.96815e-05  -0.00042028
  -0.0075579            0   0.00990538  -0.00289724
-1.96815e-05  -0.00990538            0   -0.0044819
  0.00042028   0.00289724    0.0044819            0
Repeater7[0]<--->Repeater6[0]
REAL
    0.496614  -0.00150566 -0.000585687     0.489616
 -0.00150566   0.00615637 -0.000262895  -0.00383376
-0.000585687 -0.000262895   0.00574595 -0.000302293
    0.489616  -0.00383376 -0.000302293     0.491484
IMAGINARY
           0  1.96815e-05    0.0075579  -0.00042028
-1.96815e-05            0  -0.00990538   -0.0044819
  -0.0075579   0.00990538            0  -0.00289724
  0.00042028    0.0044819   0.00289724            0
Repeater7[0]<--->HoM4[0]
REAL
    0.483024   -0.0052994  -0.00296144     0.488512
  -0.0052994    0.0035531  6.06736e-05  -0.00245155
 -0.00296144  6.06736e-05   0.00611923 -0.000314068
    0.488512  -0.00245155 -0.000314068     0.507304
IMAGINARY
          0 -0.00491291   0.0036633  0.00105039
 0.00491291           0  0.00055089  0.00386402
 -0.0036633 -0.00055089           0 -0.00550161
-0.00105039 -0.00386402  0.00550161           0
Repeater8[0]<--->HoM4[0]
REAL
    0.483024  -0.00296144   -0.0052994     0.488512
 -0.00296144   0.00611923  6.06736e-05 -0.000314068
  -0.0052994  6.06736e-05    0.0035531  -0.00245155
    0.488512 -0.000314068  -0.00245155     0.507304
IMAGINARY
          0   0.0036633 -0.00491291  0.00105039
 -0.0036633           0 -0.00055089 -0.00550161
 0.00491291  0.00055089           0  0.00386402
-0.00105039  0.00550161 -0.00386402           0
Repeater8[0]<--->Repeater9[0]
REAL
     0.49732 -0.000977372  0.000549135     0.485775
-0.000977372   0.00655152  -0.00137454  0.000250865
 0.000549135  -0.00137454   0.00714711   0.00257737
    0.485775  0.000250865   0.00257737     0.488982
IMAGINARY
          0 -0.00425073 -0.00147678 -0.00143652
 0.00425073           0  0.00274674 -0.00326818
 0.00147678 -0.00274674           0  0.00484385
 0.00143652  0.00326818 -0.00484385           0
Repeater9[0]<--->Repeater8[0]
REAL
     0.49732  0.000549135 -0.000977372     0.485775
 0.000549135   0.00714711  -0.00137454   0.00257737
-0.000977372  -0.00137454   0.00655152  0.000250865
    0.485775   0.00257737  0.000250865     0.488982
IMAGINARY
          0 -0.00147678 -0.00425073 -0.00143652
 0.00147678           0 -0.00274674  0.00484385
 0.00425073  0.00274674           0 -0.00326818
 0.00143652 -0.00484385  0.00326818           0
Repeater9[0]<--->HoM5[0]
REAL
    0.487117  -0.00136467  -0.00372037     0.489252
 -0.00136467   0.00649219 -0.000192183 -0.000939277
 -0.00372037 -0.000192183   0.00710083   -0.0024846
    0.489252 -0.000939277   -0.0024846      0.49929
IMAGINARY
           0   0.00187613   0.00158484   0.00397169
 -0.00187613            0  -0.00357814  -0.00228191
 -0.00158484   0.00357814            0 -0.000979891
 -0.00397169   0.00228191  0.000979891            0
Repeater10[0]<--->HoM5[0]
REAL
    0.487117  -0.00372037  -0.00136467     0.489252
 -0.00372037   0.00710083 -0.000192183   -0.0024846
 -0.00136467 -0.000192183   0.00649219 -0.000939277
    0.489252   -0.0024846 -0.000939277      0.49929
IMAGINARY
           0   0.00158484   0.00187613   0.00397169
 -0.00158484            0   0.00357814 -0.000979891
 -0.00187613  -0.00357814            0  -0.00228191
 -0.00397169  0.000979891   0.00228191            0
Repeater10[0]<--->Repeater11[0]
REAL
   0.496013  0.00386841 4.45126e-05    0.498211
 0.00386841           0 0.000590607 0.000854229
4.45126e-05 0.000590607 0.000613371 -0.00257022
   0.498211 0.000854229 -0.00257022    0.503374
IMAGINARY
           0  -0.00293725 -0.000437679  0.000600876
  0.00293725            0   0.00220924   0.00965838
 0.000437679  -0.00220924            0  -0.00549027
-0.000600876  -0.00965838   0.00549027            0
Repeater11[0]<--->Repeater10[0]
REAL
   0.496013 4.45126e-05  0.00386841    0.498211
4.45126e-05 0.000613371 0.000590607 -0.00257022
 0.00386841 0.000590607           0 0.000854229
   0.498211 -0.00257022 0.000854229    0.503374
IMAGINARY
           0 -0.000437679  -0.00293725  0.000600876
 0.000437679            0  -0.00220924  -0.00549027
  0.00293725   0.00220924            0   0.00965838
-0.000600876   0.00549027  -0.00965838            0
Repeater11[0]<--->HoM6[0]
REAL
  0.512377 0.00357018 0.00136897   0.498524
0.00357018 0.00100624 -0.0002883 0.00451108
0.00136897 -0.0002883 0.00100624 0.00132986
  0.498524 0.00451108 0.00132986   0.485611
IMAGINARY
          0 -0.00504302  0.00461301  0.00111747
 0.00504302           0  0.00575715 -0.00332665
-0.00461301 -0.00575715           0  0.00375666
-0.00111747  0.00332665 -0.00375666           0
EndNode1[0]<--->Repeater1[0]
REAL
   0.493645 0.000943161  0.00150627    0.497486
0.000943161  0.00080694 0.000140598  -0.0083285
 0.00150627 0.000140598  0.00161388  -0.0073699
   0.497486  -0.0083285  -0.0073699    0.503934
IMAGINARY
          0  0.00398998 -0.00326374   0.0041888
-0.00398998           0  0.00801608 -0.00224872
 0.00326374 -0.00801608           0   0.0013183
 -0.0041888  0.00224872  -0.0013183           0
EndNode2[0]<--->HoM6[0]
REAL
   0.500827  0.00303701  0.00368263    0.498289
 0.00303701           0 0.000299844  0.00408103
 0.00368263 0.000299844 0.000620347  0.00492831
   0.498289  0.00408103  0.00492831    0.498553
IMAGINARY
           0  0.000303477  -0.00428981  -0.00194696
-0.000303477            0   -0.0043374   0.00348531
  0.00428981    0.0043374            0  0.000501028
  0.00194696  -0.00348531 -0.000501028            0
Repeater1[0]<--->EndNode1[0]
REAL
   0.493645  0.00150627 0.000943161    0.497486
 0.00150627  0.00161388 0.000140598  -0.0073699
0.000943161 0.000140598  0.00080694  -0.0083285
   0.497486  -0.0073699  -0.0083285    0.503934
IMAGINARY
          0 -0.00326374  0.00398998   0.0041888
 0.00326374           0 -0.00801608   0.0013183
-0.00398998  0.00801608           0 -0.00224872
 -0.0041888  -0.0013183  0.00224872           0
Repeater1[0]<--->HoM1[0]
REAL
    0.493537   0.00466982 -0.000751202     0.497132
  0.00466982  0.000795387  0.000485911   0.00055271
-0.000751202  0.000485911  0.000994233   -0.0052653
    0.497132   0.00055271   -0.0052653     0.504673
IMAGINARY
           0  0.000445654  -0.00489158   -0.0041093
-0.000445654            0   0.00291599  -0.00428183
  0.00489158  -0.00291599            0   0.00971414
   0.0041093   0.00428183  -0.00971414            0
Repeater2[0]<--->HoM1[0]
REAL
    0.493537 -0.000751202   0.00466982     0.497132
-0.000751202  0.000994233  0.000485911   -0.0052653
  0.00466982  0.000485911  0.000795387   0.00055271
    0.497132   -0.0052653   0.00055271     0.504673
IMAGINARY
           0  -0.00489158  0.000445654   -0.0041093
  0.00489158            0  -0.00291599   0.00971414
-0.000445654   0.00291599            0  -0.00428183
   0.0041093  -0.00971414   0.00428183            0
Repeater2[0]<--->Repeater3[0]
REAL
    0.503972 -0.000736778  0.000820581     0.493141
-0.000736778   0.00325932  0.000535068  -0.00367656
 0.000820581  0.000535068   0.00305561  -0.00273119
    0.493141  -0.00367656  -0.00273119     0.489713
IMAGINARY
          0 -0.00105398 -0.00214891  0.00226409
 0.00105398           0 -0.00246032 -0.00244742
 0.00214891  0.00246032           0  0.00505078
-0.00226409  0.00244742 -0.00505078           0
Repeater3[0]<--->Repeater2[0]
REAL
    0.503972  0.000820581 -0.000736778     0.493141
 0.000820581   0.00305561  0.000535068  -0.00273119
-0.000736778  0.000535068   0.00325932  -0.00367656
    0.493141  -0.00273119  -0.00367656     0.489713
IMAGINARY
          0 -0.00214891 -0.00105398  0.00226409
 0.00214891           0  0.00246032  0.00505078
 0.00105398 -0.00246032           0 -0.00244742
-0.00226409 -0.00505078  0.00244742           0
Repeater3[0]<--->HoM2[0]
REAL
   0.496396  -0.0101691 -0.00552247    0.494208
 -0.0101691   0.0030036 2.03912e-05  -0.0123089
-0.00552247 2.03912e-05   0.0020024 -0.00807455
   0.494208  -0.0123089 -0.00807455    0.498598
IMAGINARY
          0  0.00516296 -0.00734785 -0.00861238
-0.00516296           0 -0.00157571   0.0102542
 0.00734785  0.00157571           0 -0.00907156
 0.00861238  -0.0102542  0.00907156           0
Repeater4[0]<--->HoM2[0]
REAL
   0.496396 -0.00552247  -0.0101691    0.494208
-0.00552247   0.0020024 2.03912e-05 -0.00807455
 -0.0101691 2.03912e-05   0.0030036  -0.0123089
   0.494208 -0.00807455  -0.0123089    0.498598
IMAGINARY
          0 -0.00734785  0.00516296 -0.00861238
 0.00734785           0  0.00157571 -0.00907156
-0.00516296 -0.00157571           0   0.0102542
 0.00861238  0.00907156  -0.0102542           0
Repeater4[0]<--->Repeater5[0]
REAL
   0.491111 -0.00513536  0.00139705    0.491367
-0.00513536   0.0040404  0.00211285 -0.00920184
 0.00139705  0.00211285  0.00343434 -0.00563327
   0.491367 -0.00920184 -0.00563327    0.501414
IMAGINARY
           0   0.00828406  -0.00714338  -0.00201126
 -0.00828406            0   0.00321802  0.000249621
  0.00714338  -0.00321802            0   -0.0028096
  0.00201126 -0.000249621    0.0028096            0
Repeater5[0]<--->Repeater4[0]
REAL
   0.491111  0.00139705 -0.00513536    0.491367
 0.00139705  0.00343434  0.00211285 -0.00563327
-0.00513536  0.00211285   0.0040404 -0.00920184
   0.491367 -0.00563327 -0.00920184    0.501414
IMAGINARY
           0  -0.00714338   0.00828406  -0.00201126
  0.00714338            0  -0.00321802   -0.0028096
 -0.00828406   0.00321802            0  0.000249621
  0.00201126    0.0028096 -0.000249621            0
Repeater5[0]<--->HoM3[0]
REAL
   0.496839 -0.00252117  0.00189378    0.492531
-0.00252117  0.00335836  0.00088088 -0.00279216
 0.00189378  0.00088088  0.00434611  0.00262099
   0.492531 -0.00279216  0.00262099    0.495456
IMAGINARY
          0  0.00394258 -0.00540678 -0.00614276
-0.00394258           0  -0.0020205  -0.0079133
 0.00540678   0.0020205           0  0.00858227
 0.00614276   0.0079133 -0.00858227           0
Repeater6[0]<--->HoM3[0]
REAL
   0.496839  0.00189378 -0.00252117    0.492531
 0.00189378  0.00434611  0.00088088  0.00262099
-0.00252117  0.00088088  0.00335836 -0.00279216
   0.492531  0.00262099 -0.00279216    0.495456
IMAGINARY
          0 -0.00540678  0.00394258 -0.00614276
 0.00540678           0   0.0020205  0.00858227
-0.00394258  -0.0020205           0  -0.0079133
 0.00614276 -0.00858227   0.0079133           0
Repeater6[0]<--->Repeater7[0]
REAL
    0.500399  -0.00841278    -0.010681     0.488986
 -0.00841278   0.00538492 -0.000139607  -0.00575001
   -0.010681 -0.000139607   0.00598325  -0.00881487
    0.488986  -0.00575001  -0.00881487     0.488233
IMAGINARY
           0  -0.00688878 -0.000435663   0.00633234
  0.00688878            0   0.00339295   0.00687948
 0.000435663  -0.00339295            0  0.000444959
 -0.00633234  -0.00687948 -0.000444959            0
Repeater7[0]<--->Repeater6[0]
REAL
    0.500399    -0.010681  -0.00841278     0.488986
   -0.010681   0.00598325 -0.000139607  -0.00881487
 -0.00841278 -0.000139607   0.00538492  -0.00575001
    0.488986  -0.00881487  -0.00575001     0.488233
IMAGINARY
           0 -0.000435663  -0.00688878   0.00633234
 0.000435663            0  -0.00339295  0.000444959
  0.00688878   0.00339295            0   0.00687948
 -0.00633234 -0.000444959  -0.00687948            0
Repeater7[0]<--->HoM4[0]
REAL
   0.484435  0.00198604 -0.00460917    0.488393
 0.00198604  0.00488301 8.30855e-05  0.00272162
-0.00460917 8.30855e-05  0.00630722 -0.00228407
   0.488393  0.00272162 -0.00228407    0.504374
IMAGINARY
           0   0.00259479  -0.00323566   0.00256785
 -0.00259479            0 -0.000803832  -0.00518518
  0.00323566  0.000803832            0   0.00681674
 -0.00256785   0.00518518  -0.00681674            0
Repeater8[0]<--->HoM4[0]
REAL
   0.484435 -0.00460917  0.00198604    0.488393
-0.00460917  0.00630722 8.30855e-05 -0.00228407
 0.00198604 8.30855e-05  0.00488301  0.00272162
   0.488393 -0.00228407  0.00272162    0.504374
IMAGINARY
           0  -0.00323566   0.00259479   0.00256785
  0.00323566            0  0.000803832   0.00681674
 -0.00259479 -0.000803832            0  -0.00518518
 -0.00256785  -0.00681674   0.00518518            0
Repeater8[0]<--->Repeater9[0]
REAL
    0.497084   0.00648186  -0.00206721     0.487641
  0.00648186   0.00924995 -0.000664633    0.0124457
 -0.00206721 -0.000664633   0.00703801   0.00226865
    0.487641    0.0124457   0.00226865     0.486628
IMAGINARY
           0   0.00357353   0.00516735 -0.000323837
 -0.00357353            0  -0.00386277  -0.00942899
 -0.00516735   0.00386277            0   0.00207563
 0.000323837   0.00942899  -0.00207563            0
Repeater9[0]<--->Repeater8[0]
REAL
    0.497084  -0.00206721   0.00648186     0.487641
 -0.00206721   0.00703801 -0.000664633   0.00226865
  0.00648186 -0.000664633   0.00924995    0.0124457
    0.487641   0.00226865    0.0124457     0.486628
IMAGINARY
           0   0.00516735   0.00357353 -0.000323837
 -0.00516735            0   0.00386277   0.00207563
 -0.00357353  -0.00386277            0  -0.00942899
 0.000323837  -0.00207563   0.00942899            0
Repeater9[0]<--->HoM5[0]
REAL
   0.488195  -0.0057607  0.00560495    0.483899
 -0.0057607  0.00698009 3.16734e-05  0.00135174
 0.00560495 3.16734e-05  0.00410593  0.00997391
   0.483899  0.00135174  0.00997391    0.500719
IMAGINARY
           0  -0.00019232  -0.00407947  -0.00435886
  0.00019232            0 -0.000910581  0.000505855
  0.00407947  0.000910581            0   0.00151966
  0.00435886 -0.000505855  -0.00151966            0
Repeater10[0]<--->HoM5[0]
REAL
   0.488195  0.00560495  -0.0057607    0.483899
 0.00560495  0.00410593 3.16734e-05  0.00997391
 -0.0057607 3.16734e-05  0.00698009  0.00135174
   0.483899  0.00997391  0.00135174    0.500719
IMAGINARY
           0  -0.00407947  -0.00019232  -0.00435886
  0.00407947            0  0.000910581   0.00151966
  0.00019232 -0.000910581            0  0.000505855
  0.00435886  -0.00151966 -0.000505855            0
Repeater10[0]<--->Repeater11[0]
REAL
    0.494373  -0.00139852  0.000293169     0.498504
 -0.00139852  0.000200965 -0.000506446  -0.00369725
 0.000293169 -0.000506446  2.77556e-17  -0.00200556
    0.498504  -0.00369725  -0.00200556     0.505426
IMAGINARY
          0  0.00316553 -0.00439794  0.00372988
-0.00316553           0 -0.00118684 -0.00579403
 0.00439794  0.00118684           0  0.00682853
-0.00372988  0.00579403 -0.00682853           0
Repeater11[0]<--->Repeater10[0]
REAL
    0.494373  0.000293169  -0.00139852     0.498504
 0.000293169  2.77556e-17 -0.000506446  -0.00200556
 -0.00139852 -0.000506446  0.000200965  -0.00369725
    0.498504  -0.00200556  -0.00369725     0.505426
IMAGINARY
          0 -0.00439794  0.00316553  0.00372988
 0.00439794           0  0.00118684  0.00682853
-0.00316553 -0.00118684           0 -0.00579403
-0.00372988 -0.00682853  0.00579403           0
Repeater11[0]<--->HoM6[0]
REAL
   0.500827  0.00368263  0.00303701    0.498289
 0.00368263 0.000620347 0.000299844  0.00492831
 0.00303701 0.000299844           0  0.00408103
   0.498289  0.00492831  0.00408103    0.498553
IMAGINARY
           0  -0.00428981  0.000303477  -0.00194696
  0.00428981            0    0.0043374  0.000501028
-0.000303477   -0.0043374            0   0.00348531
  0.00194696 -0.000501028  -0.00348531            0
EndNode1[0]<--->Repeater1[0]
REAL
    0.497878 -0.000843937  -0.00628518     0.497096
-0.000843937   0.00101031 -0.000685522   0.00379265
 -0.00628518 -0.000685522   0.00141443  -0.00124978
    0.497096   0.00379265  -0.00124978     0.499697
IMAGINARY
           0  -0.00217168   -0.0078188  -0.00366092
  0.00217168            0   0.00298694 -0.000953129
   0.0078188  -0.00298694            0     0.010742
  0.00366092  0.000953129    -0.010742            0
EndNode2[0]<--->HoM6[0]
REAL
    0.494839   0.00964597   0.00266799     0.498192
  0.00964597  0.000404776 -0.000607009   0.00397452
  0.00266799 -0.000607009  0.000202388  -0.00340604
    0.498192   0.00397452  -0.00340604     0.504554
IMAGINARY
          0 -0.00475415  0.00163232  0.00310697
 0.00475415           0  0.00149276   0.0109828
-0.00163232 -0.00149276           0 -0.00786099
-0.00310697  -0.0109828  0.00786099           0
Repeater1[0]<--->EndNode1[0]
REAL
    0.497878  -0.00628518 -0.000843937     0.497096
 -0.00628518   0.00141443 -0.000685522  -0.00124978
-0.000843937 -0.000685522   0.00101031   0.00379265
    0.497096  -0.00124978   0.00379265     0.499697
IMAGINARY
           0   -0.0078188  -0.00217168  -0.00366092
   0.0078188            0  -0.00298694     0.010742
  0.00217168   0.00298694            0 -0.000953129
  0.00366092    -0.010742  0.000953129            0
Repeater1[0]<--->HoM1[0]
REAL
   0.489812 -0.00864345 -0.00266573    0.497317
-0.00864345  0.00159808 0.000710413  -0.0162692
-0.00266573 0.000710413  0.00179784  -0.0106859
   0.497317  -0.0162692  -0.0106859    0.506792
IMAGINARY
           0    0.0095486  -0.00603569  -0.00772453
  -0.0095486            0  0.000383581  -0.00354515
  0.00603569 -0.000383581            0  0.000231834
  0.00772453   0.00354515 -0.000231834            0
Repeater2[0]<--->HoM1[0]
REAL
   0.489812 -0.00266573 -0.00864345    0.497317
-0.00266573  0.00179784 0.000710413  -0.0106859
-0.00864345 0.000710413  0.00159808  -0.0162692
   0.497317  -0.0106859  -0.0162692    0.506792
IMAGINARY
           0  -0.00603569    0.0095486  -0.00772453
  0.00603569            0 -0.000383581  0.000231834
  -0.0095486  0.000383581            0  -0.00354515
  0.00772453 -0.000231834   0.00354515            0
Repeater2[0]<--->Repeater3[0]
REAL
    0.507188    0.0039051 -0.000956941     0.493327
   0.0039051   0.00219649   0.00136599   0.00154656
-0.000956941   0.00136599   0.00279553  -0.00429818
    0.493327   0.00154656  -0.00429818     0.487819
IMAGINARY
           0   0.00326547  -0.00140817   0.00101558
 -0.00326547            0  -0.00561891  1.41638e-06
  0.00140817   0.00561891            0  -0.00266258
 -0.00101558 -1.41638e-06   0.00266258            0
Repeater3[0]<--->Repeater2[0]
REAL
    0.507188 -0.000956941    0.0039051     0.493327
-0.000956941   0.00279553   0.00136599  -0.00429818
   0.0039051   0.00136599   0.00219649   0.00154656
    0.493327  -0.00429818   0.00154656     0.487819
IMAGINARY
           0  -0.00140817   0.00326547   0.00101558
  0.00140817            0   0.00561891  -0.00266258
 -0.00326547  -0.00561891            0  1.41638e-06
 -0.00101558   0.00266258 -1.41638e-06            0
Repeater3[0]<--->HoM2[0]
REAL
    0.508786 -0.000123272 -0.000811413     0.494288
-0.000123272    0.0029615  -0.00227454 -0.000110151
-0.000811413  -0.00227454   0.00335637  -0.00182225
    0.494288 -0.000110151  -0.00182225     0.484896
IMAGINARY
           0   0.00480116  -0.00230813   0.00352808
 -0.00480116            0  0.000838305  -0.00770198
  0.00230813 -0.000838305            0   0.00460228
 -0.00352808   0.00770198  -0.00460228            0
Repeater4[0]<--->HoM2[0]
REAL
    0.508786 -0.000811413 -0.000123272     0.494288
-0.000811413   0.00335637  -0.00227454  -0.00182225
-0.000123272  -0.00227454    0.0029615 -0.000110151
    0.494288  -0.00182225 -0.000110151     0.484896
IMAGINARY
           0  -0.00230813   0.00480116   0.00352808
  0.00230813            0 -0.000838305   0.00460228
 -0.00480116  0.000838305            0  -0.00770198
 -0.00352808  -0.00460228   0.00770198            0
Repeater4[0]<--->Repeater5[0]
REAL
    0.50598  0.00240253 -0.00224501    0.490383
 0.00240253  0.00263531 0.000620554  0.00404429
-0.00224501 0.000620554  0.00385161 -0.00120301
   0.490383  0.00404429 -0.00120301    0.487533
IMAGINARY
           0  0.000583658  -0.00700567   0.00397147
-0.000583658            0  -0.00273792   0.00618667
  0.00700567   0.00273792            0 -0.000583658
 -0.00397147  -0.00618667  0.000583658            0
Repeater5[0]<--->Repeater4[0]
REAL
    0.50598 -0.00224501  0.00240253    0.490383
-0.00224501  0.00385161 0.000620554 -0.00120301
 0.00240253 0.000620554  0.00263531  0.00404429
   0.490383 -0.00120301  0.00404429    0.487533
IMAGINARY
           0  -0.00700567  0.000583658   0.00397147
  0.00700567            0   0.00273792 -0.000583658
-0.000583658  -0.00273792            0   0.00618667
 -0.00397147  0.000583658  -0.00618667            0
Repeater5[0]<--->HoM3[0]
REAL
   0.495148  0.00186252 -0.00847064    0.490094
 0.00186252  0.00444804  0.00054672  -0.0010873
-0.00847064  0.00054672  0.00404367 -0.00962835
   0.490094  -0.0010873 -0.00962835    0.496361
IMAGINARY
           0   0.00720914 -0.000447526 -9.90953e-05
 -0.00720914            0   0.00100911  -0.00568313
 0.000447526  -0.00100911            0  0.000127548
 9.90953e-05   0.00568313 -0.000127548            0
Repeater6[0]<--->HoM3[0]
REAL
   0.495148 -0.00847064  0.00186252    0.490094
-0.00847064  0.00404367  0.00054672 -0.00962835
 0.00186252  0.00054672  0.00444804  -0.0010873
   0.490094 -0.00962835  -0.0010873    0.496361
IMAGINARY
           0 -0.000447526   0.00720914 -9.90953e-05
 0.000447526            0  -0.00100911  0.000127548
 -0.00720914   0.00100911            0  -0.00568313
 9.90953e-05 -0.000127548   0.00568313            0
Repeater6[0]<--->Repeater7[0]
REAL
   0.495092 -0.00221215 -0.00586052    0.490249
-0.00221215  0.00510404  0.00100366 -0.00765836
-0.00586052  0.00100366  0.00431881  -0.0128972
   0.490249 -0.00765836  -0.0128972    0.495485
IMAGINARY
           0  -0.00335967 -0.000184306   0.00730288
  0.00335967            0  -0.00189582   0.00207636
 0.000184306   0.00189582            0  0.000670963
 -0.00730288  -0.00207636 -0.000670963            0
Repeater7[0]<--->Repeater6[0]
REAL
   0.495092 -0.00586052 -0.00221215    0.490249
-0.00586052  0.00431881  0.00100366  -0.0128972
-0.00221215  0.00100366  0.00510404 -0.00765836
   0.490249  -0.0128972 -0.00765836    0.495485
IMAGINARY
           0 -0.000184306  -0.00335967   0.00730288
 0.000184306            0   0.00189582  0.000670963
  0.00335967  -0.00189582            0   0.00207636
 -0.00730288 -0.000670963  -0.00207636            0
Repeater7[0]<--->HoM4[0]
REAL
   0.495513 -0.00209245 -0.00382263    0.488822
-0.00209245  0.00478564  0.00159753  0.00382263
-0.00382263  0.00159753  0.00598205 0.000665626
   0.488822  0.00382263 0.000665626    0.493719
IMAGINARY
           0 -0.000252887  0.000379163   -0.0033366
 0.000252887            0  -0.00254106   0.00119316
-0.000379163   0.00254106            0   0.00162867
   0.0033366  -0.00119316  -0.00162867            0
Repeater8[0]<--->HoM4[0]
REAL
   0.495513 -0.00382263 -0.00209245    0.488822
-0.00382263  0.00598205  0.00159753 0.000665626
-0.00209245  0.00159753  0.00478564  0.00382263
   0.488822 0.000665626  0.00382263    0.493719
IMAGINARY
           0  0.000379163 -0.000252887   -0.0033366
-0.000379163            0   0.00254106   0.00162867
 0.000252887  -0.00254106            0   0.00119316
   0.0033366  -0.00162867  -0.00119316            0
Repeater8[0]<--->Repeater9[0]
REAL
   0.485602 -0.00454177 -0.00228925    0.486364
-0.00454177  0.00744368 0.000101461 -0.00248782
-0.00228925 0.000101461  0.00803134  0.00135705
   0.486364 -0.00248782  0.00135705    0.498923
IMAGINARY
          0 -0.00314801  0.00739403 -0.00174027
 0.00314801           0  0.00354388 -0.00934195
-0.00739403 -0.00354388           0  0.00817159
 0.00174027  0.00934195 -0.00817159           0
Repeater9[0]<--->Repeater8[0]
REAL
   0.485602 -0.00228925 -0.00454177    0.486364
-0.00228925  0.00803134 0.000101461  0.00135705
-0.00454177 0.000101461  0.00744368 -0.00248782
   0.486364  0.00135705 -0.00248782    0.498923
IMAGINARY
          0  0.00739403 -0.00314801 -0.00174027
-0.00739403           0 -0.00354388  0.00817159
 0.00314801  0.00354388           0 -0.00934195
 0.00174027 -0.00817159  0.00934195           0
Repeater9[0]<--->HoM5[0]
REAL
   0.496104 0.000394662 -0.00220249    0.485351
0.000394662  0.00699301 -0.00145141 -0.00604637
-0.00220249 -0.00145141  0.00619381 -0.00884229
   0.485351 -0.00604637 -0.00884229    0.490709
IMAGINARY
           0 -0.000114118   0.00503835   0.00101109
 0.000114118            0  -0.00120934   0.00146035
 -0.00503835   0.00120934            0  -0.00718442
 -0.00101109  -0.00146035   0.00718442            0
Repeater10[0]<--->HoM5[0]
REAL
   0.496104 -0.00220249 0.000394662    0.485351
-0.00220249  0.00619381 -0.00145141 -0.00884229
0.000394662 -0.00145141  0.00699301 -0.00604637
   0.485351 -0.00884229 -0.00604637    0.490709
IMAGINARY
           0   0.00503835 -0.000114118   0.00101109
 -0.00503835            0   0.00120934  -0.00718442
 0.000114118  -0.00120934            0   0.00146035
 -0.00101109   0.00718442  -0.00146035            0
Repeater10[0]<--->Repeater11[0]
REAL
   0.497726 -0.00221224 -0.00691608    0.498589
-0.00221224 0.000395491 1.70721e-06  0.00168048
-0.00691608 1.70721e-06 0.000790983 -0.00282199
   0.498589  0.00168048 -0.00282199    0.501088
IMAGINARY
           0 -0.000344754  -0.00576837   0.00247071
 0.000344754            0  -0.00786154    0.0051628
  0.00576837   0.00786154            0  0.000748468
 -0.00247071   -0.0051628 -0.000748468            0
Repeater11[0]<--->Repeater10[0]
REAL
   0.497726 -0.00691608 -0.00221224    0.498589
-0.00691608 0.000790983 1.70721e-06 -0.00282199
-0.00221224 1.70721e-06 0.000395491  0.00168048
   0.498589 -0.00282199  0.00168048    0.501088
IMAGINARY
           0  -0.00576837 -0.000344754   0.00247071
  0.00576837            0   0.00786154  0.000748468
 0.000344754  -0.00786154            0    0.0051628
 -0.00247071 -0.000748468   -0.0051628            0
Repeater11[0]<--->HoM6[0]
REAL
    0.494839   0.00266799   0.00964597     0.498192
  0.00266799  0.000202388 -0.000607009  -0.00340604
  0.00964597 -0.000607009  0.000404776   0.00397452
    0.498192  -0.00340604   0.00397452     0.504554
IMAGINARY
          0  0.00163232 -0.00475415  0.00310697
-0.00163232           0 -0.00149276 -0.00786099
 0.00475415  0.00149276           0   0.0109828
-0.00310697  0.00786099  -0.0109828           0
EndNode1[0]<--->Repeater1[0]
REAL
   0.514521 -0.00629903 -0.00671833    0.496078
-0.00629903  0.00156986 0.000117103  0.00611761
-0.00671833 0.000117103  0.00137363  0.00549806
   0.496078  0.00611761  0.00549806    0.482535
IMAGINARY
           0 -0.000917406  -0.00223062 -0.000880889
 0.000917406            0  -0.00266377   0.00566358
  0.00223062   0.00266377            0  -0.00211167
 0.000880889  -0.00566358   0.00211167            0
EndNode2[0]<--->HoM6[0]
REAL
    0.500594  -0.00273036  -0.00480372     0.498693
 -0.00273036   0.00039604  9.37119e-05 -0.000350919
 -0.00480372  9.37119e-05   0.00118812  -0.00282857
    0.498693 -0.000350919  -0.00282857     0.497822
IMAGINARY
          0 -0.00264619  0.00249292 -0.00057492
 0.00264619           0  0.00824272  0.00320822
-0.00249292 -0.00824272           0 -0.00365507
 0.00057492 -0.00320822  0.00365507           0
Repeater1[0]<--->EndNode1[0]
REAL
   0.514521 -0.00671833 -0.00629903    0.496078
-0.00671833  0.00137363 0.000117103  0.00549806
-0.00629903 0.000117103  0.00156986  0.00611761
   0.496078  0.00549806  0.00611761    0.482535
IMAGINARY
           0  -0.00223062 -0.000917406 -0.000880889
  0.00223062            0   0.00266377  -0.00211167
 0.000917406  -0.00266377            0   0.00566358
 0.000880889   0.00211167  -0.00566358            0
Repeater1[0]<--->HoM1[0]
REAL
    0.495437    0.0109417    0.0084048     0.496986
   0.0109417  0.000992063 -0.000806563   0.00536959
   0.0084048 -0.000806563  0.000595238   0.00222946
    0.496986   0.00536959   0.00222946     0.502976
IMAGINARY
           0  -0.00318673   0.00453914  -0.00695962
  0.00318673            0     0.012582 -0.000826518
 -0.00453914    -0.012582            0  -0.00072658
  0.00695962  0.000826518   0.00072658            0
Repeater2[0]<--->HoM1[0]
REAL
    0.495437    0.0084048    0.0109417     0.496986
   0.0084048  0.000595238 -0.000806563   0.00222946
   0.0109417 -0.000806563  0.000992063   0.00536959
    0.496986   0.00222946   0.00536959     0.502976
IMAGINARY
           0   0.00453914  -0.00318673  -0.00695962
 -0.00453914            0    -0.012582  -0.00072658
  0.00318673     0.012582            0 -0.000826518
  0.00695962   0.00072658  0.000826518            0
Repeater2[0]<--->Repeater3[0]
REAL
    0.495051  0.000647964  0.000201624     0.495118
 0.000647964   0.00257324  0.000302755 -0.000102082
 0.000201624  0.000302755   0.00316706  0.000446999
    0.495118 -0.000102082  0.000446999     0.499208
IMAGINARY
          0  0.00526275  0.00578324 -0.00409509
-0.00526275           0 -0.00409509 -0.00309131
-0.00578324  0.00409509           0 -0.00954989
 0.00409509  0.00309131  0.00954989           0
Repeater3[0]<--->Repeater2[0]
REAL
    0.495051  0.000201624  0.000647964     0.495118
 0.000201624   0.00316706  0.000302755  0.000446999
 0.000647964  0.000302755   0.00257324 -0.000102082
    0.495118  0.000446999 -0.000102082     0.499208
IMAGINARY
          0  0.00578324  0.00526275 -0.00409509
-0.00578324           0  0.00409509 -0.00954989
-0.00526275 -0.00409509           0 -0.00309131
 0.00409509  0.00954989  0.00309131           0
Repeater3[0]<--->HoM2[0]
REAL
    0.491737    -0.001965  -0.00235343     0.495342
   -0.001965   0.00282144 -0.000490097  -0.00715152
 -0.00235343 -0.000490097    0.0038291  -0.00516372
    0.495342  -0.00715152  -0.00516372     0.501612
IMAGINARY
           0  -0.00017113   -0.0077856   -0.0120829
  0.00017113            0   0.00143598 -0.000551039
   0.0077856  -0.00143598            0   0.00672135
   0.0120829  0.000551039  -0.00672135            0
Repeater4[0]<--->HoM2[0]
REAL
    0.491737  -0.00235343    -0.001965     0.495342
 -0.00235343    0.0038291 -0.000490097  -0.00516372
   -0.001965 -0.000490097   0.00282144  -0.00715152
    0.495342  -0.00516372  -0.00715152     0.501612
IMAGINARY
           0   -0.0077856  -0.00017113   -0.0120829
   0.0077856            0  -0.00143598   0.00672135
  0.00017113   0.00143598            0 -0.000551039
   0.0120829  -0.00672135  0.000551039            0
Repeater4[0]<--->Repeater5[0]
REAL
    0.499495   -0.0070869   -0.0113293     0.491519
  -0.0070869     0.004245 -0.000305079   0.00137228
  -0.0113293 -0.000305079   0.00545785 -0.000722545
    0.491519   0.00137228 -0.000722545     0.490803
IMAGINARY
           0  0.000786378  -0.00190141   0.00390407
-0.000786378            0  0.000329803 -0.000790519
  0.00190141 -0.000329803            0   0.00409897
 -0.00390407  0.000790519  -0.00409897            0
Repeater5[0]<--->Repeater4[0]
REAL
    0.499495   -0.0113293   -0.0070869     0.491519
  -0.0113293   0.00545785 -0.000305079 -0.000722545
  -0.0070869 -0.000305079     0.004245   0.00137228
    0.491519 -0.000722545   0.00137228     0.490803
IMAGINARY
           0  -0.00190141  0.000786378   0.00390407
  0.00190141            0 -0.000329803   0.00409897
-0.000786378  0.000329803            0 -0.000790519
 -0.00390407  -0.00409897  0.000790519            0
Repeater5[0]<--->HoM3[0]
REAL
   0.499699 -0.00502574 -0.00518775     0.49024
-0.00502574  0.00420926 -0.00200008 -0.00687125
-0.00518775 -0.00200008  0.00380838 -0.00404342
    0.49024 -0.00687125 -0.00404342    0.492283
IMAGINARY
           0  0.000777687   0.00337081     0.011351
-0.000777687            0    0.0059659  -0.00388133
 -0.00337081   -0.0059659            0   0.00218331
   -0.011351   0.00388133  -0.00218331            0
Repeater6[0]<--->HoM3[0]
REAL
   0.499699 -0.00518775 -0.00502574     0.49024
-0.00518775  0.00380838 -0.00200008 -0.00404342
-0.00502574 -0.00200008  0.00420926 -0.00687125
    0.49024 -0.00404342 -0.00687125    0.492283
IMAGINARY
           0   0.00337081  0.000777687     0.011351
 -0.00337081            0   -0.0059659   0.00218331
-0.000777687    0.0059659            0  -0.00388133
   -0.011351  -0.00218331   0.00388133            0
Repeater6[0]<--->Repeater7[0]
REAL
    0.506245   0.00318547  0.000950543     0.489261
  0.00318547   0.00825947 -0.000349749   0.00479203
 0.000950543 -0.000349749   0.00523771   0.00176502
    0.489261   0.00479203   0.00176502     0.480258
IMAGINARY
           0   -0.0015246  -0.00313609   0.00312774
   0.0015246            0  -0.00713736  0.000438788
  0.00313609   0.00713736            0    0.0018243
 -0.00312774 -0.000438788   -0.0018243            0
Repeater7[0]<--->Repeater6[0]
REAL
    0.506245  0.000950543   0.00318547     0.489261
 0.000950543   0.00523771 -0.000349749   0.00176502
  0.00318547 -0.000349749   0.00825947   0.00479203
    0.489261   0.00176502   0.00479203     0.480258
IMAGINARY
           0  -0.00313609   -0.0015246   0.00312774
  0.00313609            0   0.00713736    0.0018243
   0.0015246  -0.00713736            0  0.000438788
 -0.00312774   -0.0018243 -0.000438788            0
Repeater7[0]<--->HoM4[0]
REAL
    0.492933    0.0034768   0.00129815      0.49063
   0.0034768    0.0062819 -0.000708598   0.00283409
  0.00129815 -0.000708598   0.00451512   0.00025229
     0.49063   0.00283409   0.00025229      0.49627
IMAGINARY
          0  0.00497801 -0.00321725   -0.006733
-0.00497801           0 -0.00683444  0.00282355
 0.00321725  0.00683444           0 -0.00655281
   0.006733 -0.00282355  0.00655281           0
Repeater8[0]<--->HoM4[0]
REAL
    0.492933   0.00129815    0.0034768      0.49063
  0.00129815   0.00451512 -0.000708598   0.00025229
   0.0034768 -0.000708598    0.0062819   0.00283409
     0.49063   0.00025229   0.00283409      0.49627
IMAGINARY
          0 -0.00321725  0.00497801   -0.006733
 0.00321725           0  0.00683444 -0.00655281
-0.00497801 -0.00683444           0  0.00282355
   0.006733  0.00655281 -0.00282355           0
Repeater8[0]<--->Repeater9[0]
REAL
   0.497358 -0.00660983 -0.00839246    0.483417
-0.00660983  0.00670732 -0.00114932 -0.00253537
-0.00839246 -0.00114932  0.00873984 -0.00308089
   0.483417 -0.00253537 -0.00308089    0.487195
IMAGINARY
          0  0.00799069 -0.00474871 -0.00253624
