EndNode1[0]<--->Repeater1[0]
REAL
   0.371977 -0.00897908 -0.00192817    0.192195
-0.00897908    0.129922   0.0122427 -0.00282619
-0.00192817   0.0122427    0.120728  0.00462092
   0.192195 -0.00282619  0.00462092    0.377374
IMAGINARY
           0  -0.00641434   0.00950735   -0.0012865
  0.00641434            0   0.00402428   0.00901859
 -0.00950735  -0.00402428            0 -0.000495335
   0.0012865  -0.00901859  0.000495335            0
EndNode2[0]<--->HoM6[0]
REAL
   0.413984 -0.00557506  0.00599424    0.314507
-0.00557506   0.0715604  0.00378355 -0.00499584
 0.00599424  0.00378355   0.0723806  0.00777155
   0.314507 -0.00499584  0.00777155    0.442075
IMAGINARY
          0  0.00140624  0.00152736 -0.00226726
-0.00140624           0 -0.00943572   -0.002636
-0.00152736  0.00943572           0 -0.00332118
 0.00226726    0.002636  0.00332118           0
Repeater1[0]<--->EndNode1[0]
REAL
   0.371977 -0.00192817 -0.00897908    0.192195
-0.00192817    0.120728   0.0122427  0.00462092
-0.00897908   0.0122427    0.129922 -0.00282619
   0.192195  0.00462092 -0.00282619    0.377374
IMAGINARY
           0   0.00950735  -0.00641434   -0.0012865
 -0.00950735            0  -0.00402428 -0.000495335
  0.00641434   0.00402428            0   0.00901859
   0.0012865  0.000495335  -0.00901859            0
Repeater1[0]<--->HoM1[0]
REAL
    0.380159   0.00331652  -0.00842691     0.200218
  0.00331652     0.120553  -0.00220174   0.00584755
 -0.00842691  -0.00220174     0.122383 -0.000340329
    0.200218   0.00584755 -0.000340329     0.376906
IMAGINARY
           0 -0.000892697   0.00758276   -0.0100396
 0.000892697            0   0.00719479   0.00451402
 -0.00758276  -0.00719479            0   0.00129592
   0.0100396  -0.00451402  -0.00129592            0
Repeater2[0]<--->HoM1[0]
REAL
    0.380159  -0.00842691   0.00331652     0.200218
 -0.00842691     0.122383  -0.00220174 -0.000340329
  0.00331652  -0.00220174     0.120553   0.00584755
    0.200218 -0.000340329   0.00584755     0.376906
IMAGINARY
           0   0.00758276 -0.000892697   -0.0100396
 -0.00758276            0  -0.00719479   0.00129592
 0.000892697   0.00719479            0   0.00451402
   0.0100396  -0.00129592  -0.00451402            0
Repeater2[0]<--->Repeater3[0]
REAL
   0.298135  0.00108691 -0.00464028   0.0781133
 0.00108691     0.19396 -0.00905907   0.0113676
-0.00464028 -0.00905907    0.199635  0.00445325
  0.0781133   0.0113676  0.00445325    0.308269
IMAGINARY
          0  0.00128814 -0.00692074  -0.0107462
-0.00128814           0 -0.00174619 -0.00519205
 0.00692074  0.00174619           0  0.00387469
  0.0107462  0.00519205 -0.00387469           0
Repeater3[0]<--->Repeater2[0]
REAL
   0.298135 -0.00464028  0.00108691   0.0781133
-0.00464028    0.199635 -0.00905907  0.00445325
 0.00108691 -0.00905907     0.19396   0.0113676
  0.0781133  0.00445325   0.0113676    0.308269
IMAGINARY
          0 -0.00692074  0.00128814  -0.0107462
 0.00692074           0  0.00174619  0.00387469
-0.00128814 -0.00174619           0 -0.00519205
  0.0107462 -0.00387469  0.00519205           0
Repeater3[0]<--->HoM2[0]
REAL
    0.300563  -0.00158794  -0.00534458    0.0760739
 -0.00158794      0.19421  -0.00736018 -0.000356556
 -0.00534458  -0.00736018     0.188983  -0.00571352
   0.0760739 -0.000356556  -0.00571352     0.316244
IMAGINARY
          0 -0.00549299  0.00370207 -0.00278961
 0.00549299           0  -0.0030904 -0.00108216
-0.00370207   0.0030904           0 -0.00135909
 0.00278961  0.00108216  0.00135909           0
Repeater4[0]<--->HoM2[0]
REAL
    0.300563  -0.00534458  -0.00158794    0.0760739
 -0.00534458     0.188983  -0.00736018  -0.00571352
 -0.00158794  -0.00736018      0.19421 -0.000356556
   0.0760739  -0.00571352 -0.000356556     0.316244
IMAGINARY
          0  0.00370207 -0.00549299 -0.00278961
-0.00370207           0   0.0030904 -0.00135909
 0.00549299  -0.0030904           0 -0.00108216
 0.00278961  0.00135909  0.00108216           0
Repeater4[0]<--->Repeater5[0]
REAL
   0.280153  -0.0120549  0.00282386   0.0377387
 -0.0120549    0.224284  0.00366134 -0.00702386
 0.00282386  0.00366134    0.219242   0.0024549
  0.0377387 -0.00702386   0.0024549    0.276321
IMAGINARY
           0 -0.000963698   0.00692106  -0.00512946
 0.000963698            0    0.0107751   0.00423876
 -0.00692106   -0.0107751            0  -0.00461621
  0.00512946  -0.00423876   0.00461621            0
Repeater5[0]<--->Repeater4[0]
REAL
   0.280153  0.00282386  -0.0120549   0.0377387
 0.00282386    0.219242  0.00366134   0.0024549
 -0.0120549  0.00366134    0.224284 -0.00702386
  0.0377387   0.0024549 -0.00702386    0.276321
IMAGINARY
           0   0.00692106 -0.000963698  -0.00512946
 -0.00692106            0   -0.0107751  -0.00461621
 0.000963698    0.0107751            0   0.00423876
  0.00512946   0.00461621  -0.00423876            0
Repeater5[0]<--->HoM3[0]
REAL
    0.275519   0.00125659  -0.00235128    0.0286669
  0.00125659     0.214518    0.0105705   0.00729378
 -0.00235128    0.0105705     0.220415 -0.000752251
   0.0286669   0.00729378 -0.000752251     0.289549
IMAGINARY
           0   0.00125714 -0.000819509   0.00245154
 -0.00125714            0  -0.00365346   0.00311905
 0.000819509   0.00365346            0    -0.001957
 -0.00245154  -0.00311905     0.001957            0
Repeater6[0]<--->HoM3[0]
REAL
    0.275519  -0.00235128   0.00125659    0.0286669
 -0.00235128     0.220415    0.0105705 -0.000752251
  0.00125659    0.0105705     0.214518   0.00729378
   0.0286669 -0.000752251   0.00729378     0.289549
IMAGINARY
           0 -0.000819509   0.00125714   0.00245154
 0.000819509            0   0.00365346    -0.001957
 -0.00125714  -0.00365346            0   0.00311905
 -0.00245154     0.001957  -0.00311905            0
Repeater6[0]<--->Repeater7[0]
REAL
   0.257603 -0.00849084 -0.00288612     0.00338
-0.00849084    0.241088 -0.00746773 -0.00578786
-0.00288612 -0.00746773     0.24149 0.000614467
    0.00338 -0.00578786 0.000614467    0.259819
IMAGINARY
           0  0.000550699  -0.00244641  -0.00415134
-0.000550699            0   0.00384947   0.00184376
  0.00244641  -0.00384947            0   0.00145814
  0.00415134  -0.00184376  -0.00145814            0
Repeater7[0]<--->Repeater6[0]
REAL
   0.257603 -0.00288612 -0.00849084     0.00338
-0.00288612     0.24149 -0.00746773 0.000614467
-0.00849084 -0.00746773    0.241088 -0.00578786
    0.00338 0.000614467 -0.00578786    0.259819
IMAGINARY
           0  -0.00244641  0.000550699  -0.00415134
  0.00244641            0  -0.00384947   0.00145814
-0.000550699   0.00384947            0   0.00184376
  0.00415134  -0.00145814  -0.00184376            0
Repeater7[0]<--->HoM4[0]
REAL
   0.261642  0.00931241 -0.00595782   0.0135961
 0.00931241    0.239148  0.00596478  0.00695582
-0.00595782  0.00596478    0.244475  0.00106683
  0.0135961  0.00695582  0.00106683    0.254736
IMAGINARY
          0  0.00357288  -0.0077401   0.0100909
-0.00357288           0  0.00241414 -0.00663056
  0.0077401 -0.00241414           0  0.00128341
 -0.0100909  0.00663056 -0.00128341           0
Repeater8[0]<--->HoM4[0]
REAL
   0.261642 -0.00595782  0.00931241   0.0135961
-0.00595782    0.244475  0.00596478  0.00106683
 0.00931241  0.00596478    0.239148  0.00695582
  0.0135961  0.00106683  0.00695582    0.254736
IMAGINARY
          0  -0.0077401  0.00357288   0.0100909
  0.0077401           0 -0.00241414  0.00128341
-0.00357288  0.00241414           0 -0.00663056
 -0.0100909 -0.00128341  0.00663056           0
Repeater8[0]<--->Repeater9[0]
REAL
   0.263995 -0.00330985  -0.0106793  0.00183089
-0.00330985    0.247692  0.00724535 -0.00444781
 -0.0106793  0.00724535    0.240424  0.00230138
 0.00183089 -0.00444781  0.00230138    0.247888
IMAGINARY
          0  0.00348079 -0.00048972 -0.00453814
-0.00348079           0  0.00279384 -0.00472784
 0.00048972 -0.00279384           0 -0.00909213
 0.00453814  0.00472784  0.00909213           0
Repeater9[0]<--->Repeater8[0]
REAL
   0.263995  -0.0106793 -0.00330985  0.00183089
 -0.0106793    0.240424  0.00724535  0.00230138
-0.00330985  0.00724535    0.247692 -0.00444781
 0.00183089  0.00230138 -0.00444781    0.247888
IMAGINARY
          0 -0.00048972  0.00348079 -0.00453814
 0.00048972           0 -0.00279384 -0.00909213
-0.00348079  0.00279384           0 -0.00472784
 0.00453814  0.00909213  0.00472784           0
Repeater9[0]<--->HoM5[0]
REAL
   0.264893 -0.00321647  0.00591657  0.00230187
-0.00321647    0.245036  0.00121513 -0.00982435
 0.00591657  0.00121513    0.241965 0.000285634
 0.00230187 -0.00982435 0.000285634    0.248106
IMAGINARY
           0  -0.00174482   0.00240604  -0.00170668
  0.00174482            0  -0.00377646   -0.0088277
 -0.00240604   0.00377646            0  6.53134e-05
  0.00170668    0.0088277 -6.53134e-05            0
Repeater10[0]<--->HoM5[0]
REAL
   0.264893  0.00591657 -0.00321647  0.00230187
 0.00591657    0.241965  0.00121513 0.000285634
-0.00321647  0.00121513    0.245036 -0.00982435
 0.00230187 0.000285634 -0.00982435    0.248106
IMAGINARY
           0   0.00240604  -0.00174482  -0.00170668
 -0.00240604            0   0.00377646  6.53134e-05
  0.00174482  -0.00377646            0   -0.0088277
  0.00170668 -6.53134e-05    0.0088277            0
Repeater10[0]<--->Repeater11[0]
REAL
   0.419033 -0.00229979  0.00113331    0.316864
-0.00229979   0.0704915  0.00550833  0.00214505
 0.00113331  0.00550833   0.0751909  0.00716766
   0.316864  0.00214505  0.00716766    0.435285
IMAGINARY
           0  -0.00463706  -0.00317441 -0.000711702
  0.00463706            0    0.0045239  0.000602924
  0.00317441   -0.0045239            0   0.00165413
 0.000711702 -0.000602924  -0.00165413            0
Repeater11[0]<--->Repeater10[0]
REAL
   0.419033  0.00113331 -0.00229979    0.316864
 0.00113331   0.0751909  0.00550833  0.00716766
-0.00229979  0.00550833   0.0704915  0.00214505
   0.316864  0.00716766  0.00214505    0.435285
IMAGINARY
           0  -0.00317441  -0.00463706 -0.000711702
  0.00317441            0   -0.0045239   0.00165413
  0.00463706    0.0045239            0  0.000602924
 0.000711702  -0.00165413 -0.000602924            0
Repeater11[0]<--->HoM6[0]
REAL
   0.413984  0.00599424 -0.00557506    0.314507
 0.00599424   0.0723806  0.00378355  0.00777155
-0.00557506  0.00378355   0.0715604 -0.00499584
   0.314507  0.00777155 -0.00499584    0.442075
IMAGINARY
          0  0.00152736  0.00140624 -0.00226726
-0.00152736           0  0.00943572 -0.00332118
-0.00140624 -0.00943572           0   -0.002636
 0.00226726  0.00332118    0.002636           0
EndNode1[0]<--->Repeater1[0]
REAL
    0.369561   0.00617902   0.00786506     0.189177
  0.00617902     0.128534    0.0031465 -0.000630334
  0.00786506    0.0031465     0.123321   0.00648175
    0.189177 -0.000630334   0.00648175     0.378584
IMAGINARY
          0  0.00743388  0.00234073   0.0089111
-0.00743388           0 -0.00625832 -0.00987842
-0.00234073  0.00625832           0  0.00331989
 -0.0089111  0.00987842 -0.00331989           0
EndNode2[0]<--->HoM6[0]
REAL
   0.427323  0.00361497  0.00330119    0.310719
 0.00361497   0.0715593   0.0038892  0.00118894
 0.00330119   0.0038892   0.0705428 0.000675586
   0.310719  0.00118894 0.000675586    0.430575
IMAGINARY
           0 -0.000892324   0.00342652   -0.0012993
 0.000892324            0  -0.00913565   0.00441545
 -0.00342652   0.00913565            0  -0.00357462
   0.0012993  -0.00441545   0.00357462            0
Repeater1[0]<--->EndNode1[0]
REAL
    0.369561   0.00786506   0.00617902     0.189177
  0.00786506     0.123321    0.0031465   0.00648175
  0.00617902    0.0031465     0.128534 -0.000630334
    0.189177   0.00648175 -0.000630334     0.378584
IMAGINARY
          0  0.00234073  0.00743388   0.0089111
-0.00234073           0  0.00625832  0.00331989
-0.00743388 -0.00625832           0 -0.00987842
 -0.0089111 -0.00331989  0.00987842           0
Repeater1[0]<--->HoM1[0]
REAL
    0.384084   -0.0043429  -0.00465569     0.201522
  -0.0043429     0.127284 -0.000391368  -0.00544124
 -0.00465569 -0.000391368     0.125254  -0.00494628
    0.201522  -0.00544124  -0.00494628     0.363378
IMAGINARY
          0  -0.0064517  0.00112442 -0.00813651
  0.0064517           0  0.00306552   0.0027225
-0.00112442 -0.00306552           0   0.0130605
 0.00813651  -0.0027225  -0.0130605           0
Repeater2[0]<--->HoM1[0]
REAL
    0.384084  -0.00465569   -0.0043429     0.201522
 -0.00465569     0.125254 -0.000391368  -0.00494628
  -0.0043429 -0.000391368     0.127284  -0.00544124
    0.201522  -0.00494628  -0.00544124     0.363378
IMAGINARY
          0  0.00112442  -0.0064517 -0.00813651
-0.00112442           0 -0.00306552   0.0130605
  0.0064517  0.00306552           0   0.0027225
 0.00813651  -0.0130605  -0.0027225           0
Repeater2[0]<--->Repeater3[0]
REAL
   0.305334  0.00591212 -0.00155988   0.0734777
 0.00591212    0.188694   0.0048813  0.00126042
-0.00155988   0.0048813    0.206409  0.00936039
  0.0734777  0.00126042  0.00936039    0.299562
IMAGINARY
          0  0.00365208  0.00113511 -0.00249749
-0.00365208           0 -0.00200701 -0.00331592
-0.00113511  0.00200701           0 -0.00305731
 0.00249749  0.00331592  0.00305731           0
Repeater3[0]<--->Repeater2[0]
REAL
   0.305334 -0.00155988  0.00591212   0.0734777
-0.00155988    0.206409   0.0048813  0.00936039
 0.00591212   0.0048813    0.188694  0.00126042
  0.0734777  0.00936039  0.00126042    0.299562
IMAGINARY
          0  0.00113511  0.00365208 -0.00249749
-0.00113511           0  0.00200701 -0.00305731
-0.00365208 -0.00200701           0 -0.00331592
 0.00249749  0.00305731  0.00331592           0
Repeater3[0]<--->HoM2[0]
REAL
    0.309146 -0.000744907   0.00125564    0.0741248
-0.000744907     0.189431   0.00369241   0.00347249
  0.00125564   0.00369241     0.188821   0.00212395
   0.0741248   0.00347249   0.00212395     0.312602
IMAGINARY
           0   0.00391231   0.00524229  -0.00147803
 -0.00391231            0 -0.000194208  -0.00175554
 -0.00524229  0.000194208            0  -0.00421117
  0.00147803   0.00175554   0.00421117            0
Repeater4[0]<--->HoM2[0]
REAL
    0.309146   0.00125564 -0.000744907    0.0741248
  0.00125564     0.188821   0.00369241   0.00212395
-0.000744907   0.00369241     0.189431   0.00347249
   0.0741248   0.00212395   0.00347249     0.312602
IMAGINARY
           0   0.00524229   0.00391231  -0.00147803
 -0.00524229            0  0.000194208  -0.00421117
 -0.00391231 -0.000194208            0  -0.00175554
  0.00147803   0.00421117   0.00175554            0
Repeater4[0]<--->Repeater5[0]
REAL
   0.276855 -0.00426668  0.00369633   0.0344552
-0.00426668    0.224645  0.00196992 0.000881695
 0.00369633  0.00196992    0.220644  0.00546095
  0.0344552 0.000881695  0.00546095    0.277856
IMAGINARY
           0  -0.00577073  -0.00466011    0.0036443
  0.00577073            0   0.00404801 -0.000427949
  0.00466011  -0.00404801            0   0.00400947
  -0.0036443  0.000427949  -0.00400947            0
Repeater5[0]<--->Repeater4[0]
REAL
   0.276855  0.00369633 -0.00426668   0.0344552
 0.00369633    0.220644  0.00196992  0.00546095
-0.00426668  0.00196992    0.224645 0.000881695
  0.0344552  0.00546095 0.000881695    0.277856
IMAGINARY
           0  -0.00466011  -0.00577073    0.0036443
  0.00466011            0  -0.00404801   0.00400947
  0.00577073   0.00404801            0 -0.000427949
  -0.0036443  -0.00400947  0.000427949            0
Repeater5[0]<--->HoM3[0]
REAL
   0.280174 -0.00373338 -0.00389641   0.0344136
-0.00373338    0.224772  0.00352708 -0.00277556
-0.00389641  0.00352708     0.22596  0.00184132
  0.0344136 -0.00277556  0.00184132    0.269094
IMAGINARY
          0  0.00193837  0.00493328  0.00699177
-0.00193837           0 -0.00231516 -0.00834282
-0.00493328  0.00231516           0 -0.00394398
-0.00699177  0.00834282  0.00394398           0
Repeater6[0]<--->HoM3[0]
REAL
   0.280174 -0.00389641 -0.00373338   0.0344136
-0.00389641     0.22596  0.00352708  0.00184132
-0.00373338  0.00352708    0.224772 -0.00277556
  0.0344136  0.00184132 -0.00277556    0.269094
IMAGINARY
          0  0.00493328  0.00193837  0.00699177
-0.00493328           0  0.00231516 -0.00394398
-0.00193837 -0.00231516           0 -0.00834282
-0.00699177  0.00394398  0.00834282           0
Repeater6[0]<--->Repeater7[0]
REAL
  0.265096 -0.0123853 0.00194526  0.0116649
-0.0123853   0.239359 0.00962237 0.00774892
0.00194526 0.00962237   0.235993 0.00588916
 0.0116649 0.00774892 0.00588916   0.259553
IMAGINARY
           0  -0.00176256    0.0049801  -0.00407087
  0.00176256            0  -0.00846735   0.00359834
  -0.0049801   0.00846735            0  0.000945565
  0.00407087  -0.00359834 -0.000945565            0
Repeater7[0]<--->Repeater6[0]
REAL
  0.265096 0.00194526 -0.0123853  0.0116649
0.00194526   0.235993 0.00962237 0.00588916
-0.0123853 0.00962237   0.239359 0.00774892
 0.0116649 0.00588916 0.00774892   0.259553
IMAGINARY
           0    0.0049801  -0.00176256  -0.00407087
  -0.0049801            0   0.00846735  0.000945565
  0.00176256  -0.00846735            0   0.00359834
  0.00407087 -0.000945565  -0.00359834            0
Repeater7[0]<--->HoM4[0]
REAL
    0.263928 -0.000545151   0.00164985   0.00321343
-0.000545151     0.237698 -0.000976513  -0.00680449
  0.00164985 -0.000976513     0.240545  -0.00013565
  0.00321343  -0.00680449  -0.00013565     0.257828
IMAGINARY
           0   0.00792051   -0.0054633  0.000880897
 -0.00792051            0   0.00108066  -0.00331563
   0.0054633  -0.00108066            0 -0.000139188
-0.000880897   0.00331563  0.000139188            0
Repeater8[0]<--->HoM4[0]
REAL
    0.263928   0.00164985 -0.000545151   0.00321343
  0.00164985     0.240545 -0.000976513  -0.00013565
-0.000545151 -0.000976513     0.237698  -0.00680449
  0.00321343  -0.00013565  -0.00680449     0.257828
IMAGINARY
           0   -0.0054633   0.00792051  0.000880897
   0.0054633            0  -0.00108066 -0.000139188
 -0.00792051   0.00108066            0  -0.00331563
-0.000880897  0.000139188   0.00331563            0
Repeater8[0]<--->Repeater9[0]
REAL
    0.250914   -0.0100993 -0.000883342    0.0134786
  -0.0100993     0.239342  -0.00261778  0.000682216
-0.000883342  -0.00261778     0.244417  -0.00739872
   0.0134786  0.000682216  -0.00739872     0.265327
IMAGINARY
           0   0.00286233   0.00313572   0.00491553
 -0.00286233            0 -0.000492532   0.00243221
 -0.00313572  0.000492532            0  7.34862e-05
 -0.00491553  -0.00243221 -7.34862e-05            0
Repeater9[0]<--->Repeater8[0]
REAL
    0.250914 -0.000883342   -0.0100993    0.0134786
-0.000883342     0.244417  -0.00261778  -0.00739872
  -0.0100993  -0.00261778     0.239342  0.000682216
   0.0134786  -0.00739872  0.000682216     0.265327
IMAGINARY
           0   0.00313572   0.00286233   0.00491553
 -0.00313572            0  0.000492532  7.34862e-05
 -0.00286233 -0.000492532            0   0.00243221
 -0.00491553 -7.34862e-05  -0.00243221            0
Repeater9[0]<--->HoM5[0]
REAL
    0.261557   0.00659019   0.00290355   0.00493977
  0.00659019     0.240419   0.00302483 -0.000445342
  0.00290355   0.00302483      0.24358  0.000587787
  0.00493977 -0.000445342  0.000587787     0.254445
IMAGINARY
           0 -0.000449946   0.00354905   0.00432871
 0.000449946            0   0.00145279  0.000180041
 -0.00354905  -0.00145279            0    0.0065979
 -0.00432871 -0.000180041   -0.0065979            0
Repeater10[0]<--->HoM5[0]
REAL
    0.261557   0.00290355   0.00659019   0.00493977
  0.00290355      0.24358   0.00302483  0.000587787
  0.00659019   0.00302483     0.240419 -0.000445342
  0.00493977  0.000587787 -0.000445342     0.254445
IMAGINARY
           0   0.00354905 -0.000449946   0.00432871
 -0.00354905            0  -0.00145279    0.0065979
 0.000449946   0.00145279            0  0.000180041
 -0.00432871   -0.0065979 -0.000180041            0
Repeater10[0]<--->Repeater11[0]
REAL
    0.428919   0.00291625  -0.00311804     0.314985
  0.00291625    0.0774691  0.000836048  -0.00659647
 -0.00311804  0.000836048    0.0760495 -0.000933699
    0.314985  -0.00659647 -0.000933699     0.417562
IMAGINARY
           0  0.000181322  -0.00491409   0.00578757
-0.000181322            0   0.00588715  0.000717447
  0.00491409  -0.00588715            0   0.00481468
 -0.00578757 -0.000717447  -0.00481468            0
Repeater11[0]<--->Repeater10[0]
REAL
    0.428919  -0.00311804   0.00291625     0.314985
 -0.00311804    0.0760495  0.000836048 -0.000933699
  0.00291625  0.000836048    0.0774691  -0.00659647
    0.314985 -0.000933699  -0.00659647     0.417562
IMAGINARY
           0  -0.00491409  0.000181322   0.00578757
  0.00491409            0  -0.00588715   0.00481468
-0.000181322   0.00588715            0  0.000717447
 -0.00578757  -0.00481468 -0.000717447            0
Repeater11[0]<--->HoM6[0]
REAL
   0.427323  0.00330119  0.00361497    0.310719
 0.00330119   0.0705428   0.0038892 0.000675586
 0.00361497   0.0038892   0.0715593  0.00118894
   0.310719 0.000675586  0.00118894    0.430575
IMAGINARY
           0   0.00342652 -0.000892324   -0.0012993
 -0.00342652            0   0.00913565  -0.00357462
 0.000892324  -0.00913565            0   0.00441545
   0.0012993   0.00357462  -0.00441545            0
EndNode1[0]<--->Repeater1[0]
REAL
    0.369286   -0.0069728   0.00653322     0.189687
  -0.0069728     0.122093  -0.00412091 -0.000643817
  0.00653322  -0.00412091     0.131516  -0.00290941
    0.189687 -0.000643817  -0.00290941     0.377105
IMAGINARY
           0   0.00664006  0.000863234  -0.00187941
 -0.00664006            0   0.00508325  -0.00428101
-0.000863234  -0.00508325            0  -0.00020661
  0.00187941   0.00428101   0.00020661            0
EndNode2[0]<--->HoM6[0]
REAL
   0.441129 -0.00396698 -0.00448588    0.311683
-0.00396698   0.0680065  0.00259727 0.000274091
-0.00448588  0.00259727   0.0722696 -0.00586054
   0.311683 0.000274091 -0.00586054    0.418595
IMAGINARY
           0 -0.000484516  -0.00332934    0.0037934
 0.000484516            0   -0.0017732   0.00623108
  0.00332934    0.0017732            0  -0.00441843
  -0.0037934  -0.00623108   0.00441843            0
Repeater1[0]<--->EndNode1[0]
REAL
    0.369286   0.00653322   -0.0069728     0.189687
  0.00653322     0.131516  -0.00412091  -0.00290941
  -0.0069728  -0.00412091     0.122093 -0.000643817
    0.189687  -0.00290941 -0.000643817     0.377105
IMAGINARY
           0  0.000863234   0.00664006  -0.00187941
-0.000863234            0  -0.00508325  -0.00020661
 -0.00664006   0.00508325            0  -0.00428101
  0.00187941   0.00020661   0.00428101            0
Repeater1[0]<--->HoM1[0]
REAL
   0.387398   0.0090408  0.00507821    0.198121
  0.0090408    0.124429  0.00576758  0.00598859
 0.00507821  0.00576758    0.119857 -0.00495307
   0.198121  0.00598859 -0.00495307    0.368316
IMAGINARY
          0  0.00596377  0.00871378  0.00261064
-0.00596377           0  0.00310422 -0.00556045
-0.00871378 -0.00310422           0 -0.00300752
-0.00261064  0.00556045  0.00300752           0
Repeater2[0]<--->HoM1[0]
REAL
   0.387398  0.00507821   0.0090408    0.198121
 0.00507821    0.119857  0.00576758 -0.00495307
  0.0090408  0.00576758    0.124429  0.00598859
   0.198121 -0.00495307  0.00598859    0.368316
IMAGINARY
          0  0.00871378  0.00596377  0.00261064
-0.00871378           0 -0.00310422 -0.00300752
-0.00596377  0.00310422           0 -0.00556045
-0.00261064  0.00300752  0.00556045           0
Repeater2[0]<--->Repeater3[0]
REAL
    0.310528     0.008049 -0.000333242    0.0800867
    0.008049     0.193363   0.00218921    0.0042219
-0.000333242   0.00218921     0.189676   0.00955231
   0.0800867    0.0042219   0.00955231     0.306432
IMAGINARY
           0   0.00592709   0.00166829   0.00958049
 -0.00592709            0    0.0012716  -0.00216699
 -0.00166829   -0.0012716            0  0.000157093
 -0.00958049   0.00216699 -0.000157093            0
Repeater3[0]<--->Repeater2[0]
REAL
    0.310528 -0.000333242     0.008049    0.0800867
-0.000333242     0.189676   0.00218921   0.00955231
    0.008049   0.00218921     0.193363    0.0042219
   0.0800867   0.00955231    0.0042219     0.306432
IMAGINARY
           0   0.00166829   0.00592709   0.00958049
 -0.00166829            0   -0.0012716  0.000157093
 -0.00592709    0.0012716            0  -0.00216699
 -0.00958049 -0.000157093   0.00216699            0
Repeater3[0]<--->HoM2[0]
REAL
   0.300299 -0.00347991 -0.00488898   0.0757938
-0.00347991     0.19322  -0.0119955 -0.00312289
-0.00488898  -0.0119955    0.201795 1.79912e-05
  0.0757938 -0.00312289 1.79912e-05    0.304686
IMAGINARY
           0  0.000244814     0.005143  -0.00504136
-0.000244814            0  0.000648394   -0.0079363
   -0.005143 -0.000648394            0  0.000952313
  0.00504136    0.0079363 -0.000952313            0
Repeater4[0]<--->HoM2[0]
REAL
   0.300299 -0.00488898 -0.00347991   0.0757938
-0.00488898    0.201795  -0.0119955 1.79912e-05
-0.00347991  -0.0119955     0.19322 -0.00312289
  0.0757938 1.79912e-05 -0.00312289    0.304686
IMAGINARY
           0     0.005143  0.000244814  -0.00504136
   -0.005143            0 -0.000648394  0.000952313
-0.000244814  0.000648394            0   -0.0079363
  0.00504136 -0.000952313    0.0079363            0
Repeater4[0]<--->Repeater5[0]
REAL
   0.279098  0.00325741 -0.00503464   0.0276773
 0.00325741    0.221801  0.00470978 -0.00955952
-0.00503464  0.00470978    0.225394 -0.00165805
  0.0276773 -0.00955952 -0.00165805    0.273707
IMAGINARY
           0   0.00152191  5.28845e-05   -0.0107523
 -0.00152191            0   0.00483519   0.00624793
-5.28845e-05  -0.00483519            0  -0.00274142
   0.0107523  -0.00624793   0.00274142            0
Repeater5[0]<--->Repeater4[0]
REAL
   0.279098 -0.00503464  0.00325741   0.0276773
-0.00503464    0.225394  0.00470978 -0.00165805
 0.00325741  0.00470978    0.221801 -0.00955952
  0.0276773 -0.00165805 -0.00955952    0.273707
IMAGINARY
           0  5.28845e-05   0.00152191   -0.0107523
-5.28845e-05            0  -0.00483519  -0.00274142
 -0.00152191   0.00483519            0   0.00624793
   0.0107523   0.00274142  -0.00624793            0
Repeater5[0]<--->HoM3[0]
REAL
   0.268169   0.0034159 -0.00721287   0.0221828
  0.0034159    0.223102   0.0011176 -0.00196607
-0.00721287   0.0011176    0.226147 -0.00270983
  0.0221828 -0.00196607 -0.00270983    0.282582
IMAGINARY
           0   0.00117496   0.00562966  0.000221248
 -0.00117496            0   0.00322005   -0.0139762
 -0.00562966  -0.00322005            0   0.00876145
-0.000221248    0.0139762  -0.00876145            0
Repeater6[0]<--->HoM3[0]
REAL
   0.268169 -0.00721287   0.0034159   0.0221828
-0.00721287    0.226147   0.0011176 -0.00270983
  0.0034159   0.0011176    0.223102 -0.00196607
  0.0221828 -0.00270983 -0.00196607    0.282582
IMAGINARY
           0   0.00562966   0.00117496  0.000221248
 -0.00562966            0  -0.00322005   0.00876145
 -0.00117496   0.00322005            0   -0.0139762
-0.000221248  -0.00876145    0.0139762            0
Repeater6[0]<--->Repeater7[0]
REAL
   0.258807 -0.00180698  0.00518109   0.0108262
-0.00180698    0.243395   -0.011631 -0.00196177
 0.00518109   -0.011631    0.236389  0.00723957
  0.0108262 -0.00196177  0.00723957    0.261409
IMAGINARY
           0  -0.00180847  -0.00243035  0.000422385
  0.00180847            0   0.00206617  -0.00371265
  0.00243035  -0.00206617            0  9.64845e-05
-0.000422385   0.00371265 -9.64845e-05            0
Repeater7[0]<--->Repeater6[0]
REAL
   0.258807  0.00518109 -0.00180698   0.0108262
 0.00518109    0.236389   -0.011631  0.00723957
-0.00180698   -0.011631    0.243395 -0.00196177
  0.0108262  0.00723957 -0.00196177    0.261409
IMAGINARY
           0  -0.00243035  -0.00180847  0.000422385
  0.00243035            0  -0.00206617  9.64845e-05
  0.00180847   0.00206617            0  -0.00371265
-0.000422385 -9.64845e-05   0.00371265            0
Repeater7[0]<--->HoM4[0]
REAL
    0.26252 0.000248127 -0.00261675 0.000841072
0.000248127    0.236288 -0.00426297 -0.00181159
-0.00261675 -0.00426297    0.240262  0.00800469
0.000841072 -0.00181159  0.00800469     0.26093
IMAGINARY
           0    -0.007267   0.00138805  -0.00525797
    0.007267            0  -0.00144118  0.000575043
 -0.00138805   0.00144118            0  -0.00274478
  0.00525797 -0.000575043   0.00274478            0
Repeater8[0]<--->HoM4[0]
REAL
    0.26252 -0.00261675 0.000248127 0.000841072
-0.00261675    0.240262 -0.00426297  0.00800469
0.000248127 -0.00426297    0.236288 -0.00181159
0.000841072  0.00800469 -0.00181159     0.26093
IMAGINARY
           0   0.00138805    -0.007267  -0.00525797
 -0.00138805            0   0.00144118  -0.00274478
    0.007267  -0.00144118            0  0.000575043
  0.00525797   0.00274478 -0.000575043            0
Repeater8[0]<--->Repeater9[0]
REAL
   0.250448  0.00439384 -0.00606707  0.00808643
 0.00439384    0.239109   0.0066909 -0.00122038
-0.00606707   0.0066909    0.240899 0.000666888
 0.00808643 -0.00122038 0.000666888    0.269544
IMAGINARY
           0 -0.000548295  -0.00731021  -0.00215891
 0.000548295            0   -0.0132925  -0.00205981
  0.00731021    0.0132925            0 -0.000647877
  0.00215891   0.00205981  0.000647877            0
Repeater9[0]<--->Repeater8[0]
REAL
   0.250448 -0.00606707  0.00439384  0.00808643
-0.00606707    0.240899   0.0066909 0.000666888
 0.00439384   0.0066909    0.239109 -0.00122038
 0.00808643 0.000666888 -0.00122038    0.269544
IMAGINARY
           0  -0.00731021 -0.000548295  -0.00215891
  0.00731021            0    0.0132925 -0.000647877
 0.000548295   -0.0132925            0  -0.00205981
  0.00215891  0.000647877   0.00205981            0
Repeater9[0]<--->HoM5[0]
REAL
   0.258569 -0.00858775 0.000456876   0.0080652
-0.00858775    0.248547  0.00623742 -0.00292285
0.000456876  0.00623742    0.239928  0.00454356
  0.0080652 -0.00292285  0.00454356    0.252957
IMAGINARY
           0 -0.000898572 -0.000773838  0.000595472
 0.000898572            0 -0.000390722    0.0060541
 0.000773838  0.000390722            0    0.0035387
-0.000595472   -0.0060541   -0.0035387            0
Repeater10[0]<--->HoM5[0]
REAL
   0.258569 0.000456876 -0.00858775   0.0080652
0.000456876    0.239928  0.00623742  0.00454356
-0.00858775  0.00623742    0.248547 -0.00292285
  0.0080652  0.00454356 -0.00292285    0.252957
IMAGINARY
           0 -0.000773838 -0.000898572  0.000595472
 0.000773838            0  0.000390722    0.0035387
 0.000898572 -0.000390722            0    0.0060541
-0.000595472   -0.0035387   -0.0060541            0
Repeater10[0]<--->Repeater11[0]
REAL
  0.435578 0.00597793 0.00324986   0.314087
0.00597793  0.0745729 0.00510047 0.00499632
0.00324986 0.00510047  0.0699497  0.0105144
  0.314087 0.00499632  0.0105144   0.419899
IMAGINARY
           0     0.010184  -0.00222873  -0.00115234
   -0.010184            0 -0.000569358  -0.00834955
  0.00222873  0.000569358            0   0.00281222
  0.00115234   0.00834955  -0.00281222            0
Repeater11[0]<--->Repeater10[0]
REAL
  0.435578 0.00324986 0.00597793   0.314087
0.00324986  0.0699497 0.00510047  0.0105144
0.00597793 0.00510047  0.0745729 0.00499632
  0.314087  0.0105144 0.00499632   0.419899
IMAGINARY
           0  -0.00222873     0.010184  -0.00115234
  0.00222873            0  0.000569358   0.00281222
   -0.010184 -0.000569358            0  -0.00834955
  0.00115234  -0.00281222   0.00834955            0
Repeater11[0]<--->HoM6[0]
REAL
   0.441129 -0.00448588 -0.00396698    0.311683
-0.00448588   0.0722696  0.00259727 -0.00586054
-0.00396698  0.00259727   0.0680065 0.000274091
   0.311683 -0.00586054 0.000274091    0.418595
IMAGINARY
           0  -0.00332934 -0.000484516    0.0037934
  0.00332934            0    0.0017732  -0.00441843
 0.000484516   -0.0017732            0   0.00623108
  -0.0037934   0.00441843  -0.00623108            0
EndNode1[0]<--->Repeater1[0]
REAL
    0.36384 -0.00248161 -0.00112192    0.194012
-0.00248161    0.129551 -0.00929353 -0.00734598
-0.00112192 -0.00929353      0.1265  0.00090619
   0.194012 -0.00734598  0.00090619     0.38011
IMAGINARY
          0  0.00713074 -0.00605948  0.00552857
-0.00713074           0  0.00234386 -0.00190548
 0.00605948 -0.00234386           0   0.0032237
-0.00552857  0.00190548  -0.0032237           0
EndNode2[0]<--->HoM6[0]
REAL
   0.431388  0.00373754 0.000442923    0.311589
 0.00373754   0.0720322 0.000446855 -0.00134563
0.000442923 0.000446855   0.0682093 -0.00524205
   0.311589 -0.00134563 -0.00524205     0.42837
IMAGINARY
          0  0.00386977 -0.00149701  0.00697038
-0.00386977           0 -0.00657497  0.00149701
 0.00149701  0.00657497           0  0.00115838
-0.00697038 -0.00149701 -0.00115838           0
Repeater1[0]<--->EndNode1[0]
REAL
    0.36384 -0.00112192 -0.00248161    0.194012
-0.00112192      0.1265 -0.00929353  0.00090619
-0.00248161 -0.00929353    0.129551 -0.00734598
   0.194012  0.00090619 -0.00734598     0.38011
IMAGINARY
          0 -0.00605948  0.00713074  0.00552857
 0.00605948           0 -0.00234386   0.0032237
-0.00713074  0.00234386           0 -0.00190548
-0.00552857  -0.0032237  0.00190548           0
Repeater1[0]<--->HoM1[0]
REAL
    0.37478  0.00472447 -0.00184959    0.198622
 0.00472447    0.122968 0.000270466  0.00275594
-0.00184959 0.000270466    0.133151 0.000814302
   0.198622  0.00275594 0.000814302    0.369101
IMAGINARY
           0   0.00340326  -0.00285798  -0.00476516
 -0.00340326            0  -0.00125181  0.000313705
  0.00285798   0.00125181            0  0.000362258
  0.00476516 -0.000313705 -0.000362258            0
Repeater2[0]<--->HoM1[0]
REAL
    0.37478 -0.00184959  0.00472447    0.198622
-0.00184959    0.133151 0.000270466 0.000814302
 0.00472447 0.000270466    0.122968  0.00275594
   0.198622 0.000814302  0.00275594    0.369101
IMAGINARY
           0  -0.00285798   0.00340326  -0.00476516
  0.00285798            0   0.00125181  0.000362258
 -0.00340326  -0.00125181            0  0.000313705
  0.00476516 -0.000362258 -0.000313705            0
Repeater2[0]<--->Repeater3[0]
REAL
    0.295981 -1.87386e-05   0.00176515    0.0783125
-1.87386e-05     0.192437     0.012248  -0.00540331
  0.00176515     0.012248     0.195407   0.00188698
   0.0783125  -0.00540331   0.00188698     0.316175
IMAGINARY
           0  -0.00910936   0.00446303  -0.00146189
  0.00910936            0 -0.000261894 -0.000911173
 -0.00446303  0.000261894            0  -0.00418474
  0.00146189  0.000911173   0.00418474            0
Repeater3[0]<--->Repeater2[0]
REAL
    0.295981   0.00176515 -1.87386e-05    0.0783125
  0.00176515     0.195407     0.012248   0.00188698
-1.87386e-05     0.012248     0.192437  -0.00540331
   0.0783125   0.00188698  -0.00540331     0.316175
IMAGINARY
           0   0.00446303  -0.00910936  -0.00146189
 -0.00446303            0  0.000261894  -0.00418474
  0.00910936 -0.000261894            0 -0.000911173
  0.00146189   0.00418474  0.000911173            0
Repeater3[0]<--->HoM2[0]
REAL
     0.31917 -0.000270017 -0.000867774    0.0744876
-0.000270017     0.187549  0.000424617   0.00448422
-0.000867774  0.000424617     0.185968  -0.00375974
   0.0744876   0.00448422  -0.00375974     0.307312
IMAGINARY
           0 -0.000367482  -0.00335631  -0.00563397
 0.000367482            0 -0.000257625  -0.00295758
  0.00335631  0.000257625            0   0.00688181
  0.00563397   0.00295758  -0.00688181            0
Repeater4[0]<--->HoM2[0]
REAL
     0.31917 -0.000867774 -0.000270017    0.0744876
-0.000867774     0.185968  0.000424617  -0.00375974
-0.000270017  0.000424617     0.187549   0.00448422
   0.0744876  -0.00375974   0.00448422     0.307312
IMAGINARY
           0  -0.00335631 -0.000367482  -0.00563397
  0.00335631            0  0.000257625   0.00688181
 0.000367482 -0.000257625            0  -0.00295758
  0.00563397  -0.00688181   0.00295758            0
Repeater4[0]<--->Repeater5[0]
REAL
   0.280698  0.00645044 -0.00253124   0.0200024
 0.00645044    0.211488  -0.0106099 -0.00146556
-0.00253124  -0.0106099    0.223868  0.00214269
  0.0200024 -0.00146556  0.00214269    0.283946
IMAGINARY
          0  0.00128146 -0.00141073 -0.00325382
-0.00128146           0 -0.00176425 -0.00293358
 0.00141073  0.00176425           0  0.00366904
 0.00325382  0.00293358 -0.00366904           0
Repeater5[0]<--->Repeater4[0]
REAL
   0.280698 -0.00253124  0.00645044   0.0200024
-0.00253124    0.223868  -0.0106099  0.00214269
 0.00645044  -0.0106099    0.211488 -0.00146556
  0.0200024  0.00214269 -0.00146556    0.283946
IMAGINARY
          0 -0.00141073  0.00128146 -0.00325382
 0.00141073           0  0.00176425  0.00366904
-0.00128146 -0.00176425           0 -0.00293358
 0.00325382 -0.00366904  0.00293358           0
Repeater5[0]<--->HoM3[0]
REAL
   0.280444 -0.00208894 0.000797253   0.0263093
-0.00208894    0.218952 -0.00403959 -0.00394958
0.000797253 -0.00403959     0.23125  -0.0106221
  0.0263093 -0.00394958  -0.0106221    0.269355
IMAGINARY
           0  -0.00278628  -0.00328951  0.000247764
  0.00278628            0  0.000547464   0.00681844
  0.00328951 -0.000547464            0  -0.00417077
-0.000247764  -0.00681844   0.00417077            0
Repeater6[0]<--->HoM3[0]
REAL
   0.280444 0.000797253 -0.00208894   0.0263093
0.000797253     0.23125 -0.00403959  -0.0106221
-0.00208894 -0.00403959    0.218952 -0.00394958
  0.0263093  -0.0106221 -0.00394958    0.269355
IMAGINARY
           0  -0.00328951  -0.00278628  0.000247764
  0.00328951            0 -0.000547464  -0.00417077
  0.00278628  0.000547464            0   0.00681844
-0.000247764   0.00417077  -0.00681844            0
Repeater6[0]<--->Repeater7[0]
REAL
    0.256818  -0.00325202 -0.000364849    0.0222339
 -0.00325202      0.24073   0.00340965  -0.00484246
-0.000364849   0.00340965     0.235629 -0.000776279
   0.0222339  -0.00484246 -0.000776279     0.266824
IMAGINARY
           0   0.00160705   0.00169333  0.000849349
 -0.00160705            0  -0.00785158  -0.00722987
 -0.00169333   0.00785158            0   0.00231886
-0.000849349   0.00722987  -0.00231886            0
Repeater7[0]<--->Repeater6[0]
REAL
    0.256818 -0.000364849  -0.00325202    0.0222339
-0.000364849     0.235629   0.00340965 -0.000776279
 -0.00325202   0.00340965      0.24073  -0.00484246
   0.0222339 -0.000776279  -0.00484246     0.266824
IMAGINARY
           0   0.00169333   0.00160705  0.000849349
 -0.00169333            0   0.00785158   0.00231886
 -0.00160705  -0.00785158            0  -0.00722987
-0.000849349  -0.00231886   0.00722987            0
Repeater7[0]<--->HoM4[0]
REAL
   0.266041 -0.00224452 -0.00131922  0.00610355
-0.00224452    0.233177 -0.00393905  0.00446758
-0.00131922 -0.00393905    0.230438 -0.00365866
 0.00610355  0.00446758 -0.00365866    0.270344
IMAGINARY
           0  0.000198222  -0.00298129   -0.0029729
-0.000198222            0  -0.00720268  -0.00158353
  0.00298129   0.00720268            0   0.00172915
   0.0029729   0.00158353  -0.00172915            0
Repeater8[0]<--->HoM4[0]
REAL
   0.266041 -0.00131922 -0.00224452  0.00610355
-0.00131922    0.230438 -0.00393905 -0.00365866
-0.00224452 -0.00393905    0.233177  0.00446758
 0.00610355 -0.00365866  0.00446758    0.270344
IMAGINARY
           0  -0.00298129  0.000198222   -0.0029729
  0.00298129            0   0.00720268   0.00172915
-0.000198222  -0.00720268            0  -0.00158353
   0.0029729  -0.00172915   0.00158353            0
Repeater8[0]<--->Repeater9[0]
REAL
  0.250343 0.00160622 -0.0101145  0.0107323
0.00160622   0.239749 0.00240712 -0.0020219
-0.0101145 0.00240712   0.256622 0.00130251
 0.0107323 -0.0020219 0.00130251   0.253286
IMAGINARY
           0  6.93384e-05   0.00333819  -0.00620372
-6.93384e-05            0   0.00210126   0.00126514
 -0.00333819  -0.00210126            0  -0.00114671
  0.00620372  -0.00126514   0.00114671            0
Repeater9[0]<--->Repeater8[0]
REAL
  0.250343 -0.0101145 0.00160622  0.0107323
-0.0101145   0.256622 0.00240712 0.00130251
0.00160622 0.00240712   0.239749 -0.0020219
