EndNode1[0]<--->Repeater1[0]
REAL
   0.425757  0.00792058 -0.00379109    0.202221
 0.00792058   0.0706886 0.000417891 -0.00152597
-0.00379109 0.000417891   0.0739387 -0.00969294
   0.202221 -0.00152597 -0.00969294    0.429616
IMAGINARY
          0   0.0073964 -0.00443202  0.00610139
 -0.0073964           0  0.00297517   0.0067106
 0.00443202 -0.00297517           0 -0.00313644
-0.00610139  -0.0067106  0.00313644           0
EndNode2[0]<--->HoM6[0]
REAL
    0.47041  0.00545389  0.00179253    0.332988
 0.00545389    0.029085 -0.00371016  0.00199686
 0.00179253 -0.00371016   0.0319127 -0.00206338
   0.332988  0.00199686 -0.00206338    0.468592
IMAGINARY
           0  -0.00409094  -0.00484184   0.00133426
  0.00409094            0 -0.000831948  -0.00762847
  0.00484184  0.000831948            0    0.0143839
 -0.00133426   0.00762847   -0.0143839            0
Repeater1[0]<--->EndNode1[0]
REAL
   0.425757 -0.00379109  0.00792058    0.202221
-0.00379109   0.0739387 0.000417891 -0.00969294
 0.00792058 0.000417891   0.0706886 -0.00152597
   0.202221 -0.00969294 -0.00152597    0.429616
IMAGINARY
          0 -0.00443202   0.0073964  0.00610139
 0.00443202           0 -0.00297517 -0.00313644
 -0.0073964  0.00297517           0   0.0067106
-0.00610139  0.00313644  -0.0067106           0
Repeater1[0]<--->HoM1[0]
REAL
   0.425244  0.00919745  0.00571289    0.198929
 0.00919745   0.0716703  0.00109117 -0.00581157
 0.00571289  0.00109117   0.0730639 -0.00337547
   0.198929 -0.00581157 -0.00337547    0.430022
IMAGINARY
           0  0.000653794   0.00232477  -0.00300038
-0.000653794            0   0.00469192  -0.00612934
 -0.00232477  -0.00469192            0   0.00495293
  0.00300038   0.00612934  -0.00495293            0
Repeater2[0]<--->HoM1[0]
REAL
   0.425244  0.00571289  0.00919745    0.198929
 0.00571289   0.0730639  0.00109117 -0.00337547
 0.00919745  0.00109117   0.0716703 -0.00581157
   0.198929 -0.00337547 -0.00581157    0.430022
IMAGINARY
           0   0.00232477  0.000653794  -0.00300038
 -0.00232477            0  -0.00469192   0.00495293
-0.000653794   0.00469192            0  -0.00612934
  0.00300038  -0.00495293   0.00612934            0
Repeater2[0]<--->Repeater3[0]
REAL
    0.356543  -0.00370225  -0.00745184    0.0764392
 -0.00370225     0.143257 -0.000596519   0.00283708
 -0.00745184 -0.000596519     0.148459   0.00109391
   0.0764392   0.00283708   0.00109391     0.351741
IMAGINARY
          0 -0.00175353  0.00723799 -0.00399644
 0.00175353           0 -0.00651407 -0.00967892
-0.00723799  0.00651407           0  0.00497555
 0.00399644  0.00967892 -0.00497555           0
Repeater3[0]<--->Repeater2[0]
REAL
    0.356543  -0.00745184  -0.00370225    0.0764392
 -0.00745184     0.148459 -0.000596519   0.00109391
 -0.00370225 -0.000596519     0.143257   0.00283708
   0.0764392   0.00109391   0.00283708     0.351741
IMAGINARY
          0  0.00723799 -0.00175353 -0.00399644
-0.00723799           0  0.00651407  0.00497555
 0.00175353 -0.00651407           0 -0.00967892
 0.00399644 -0.00497555  0.00967892           0
Repeater3[0]<--->HoM2[0]
REAL
    0.350069   0.00172344 -0.000920967    0.0742821
  0.00172344     0.153363  0.000263363   0.00657753
-0.000920967  0.000263363     0.147284  -0.00172344
   0.0742821   0.00657753  -0.00172344     0.349284
IMAGINARY
          0  0.00707076 -0.00300001   0.0013591
-0.00707076           0  0.00195481 -0.00188144
 0.00300001 -0.00195481           0  0.00657737
 -0.0013591  0.00188144 -0.00657737           0
Repeater4[0]<--->HoM2[0]
REAL
    0.350069 -0.000920967   0.00172344    0.0742821
-0.000920967     0.147284  0.000263363  -0.00172344
  0.00172344  0.000263363     0.153363   0.00657753
   0.0742821  -0.00172344   0.00657753     0.349284
IMAGINARY
          0 -0.00300001  0.00707076   0.0013591
 0.00300001           0 -0.00195481  0.00657737
-0.00707076  0.00195481           0 -0.00188144
 -0.0013591 -0.00657737  0.00188144           0
Repeater4[0]<--->Repeater5[0]
REAL
   0.319976 -0.00187287 0.000779808   0.0251146
-0.00187287    0.175191 -0.00952126  0.00387795
0.000779808 -0.00952126    0.182642 -0.00764516
  0.0251146  0.00387795 -0.00764516    0.322191
IMAGINARY
           0 -0.000614884  -0.00362207   0.00468278
 0.000614884            0   0.00598096  0.000957775
  0.00362207  -0.00598096            0  -0.00303619
 -0.00468278 -0.000957775   0.00303619            0
Repeater5[0]<--->Repeater4[0]
REAL
   0.319976 0.000779808 -0.00187287   0.0251146
0.000779808    0.182642 -0.00952126 -0.00764516
-0.00187287 -0.00952126    0.175191  0.00387795
  0.0251146 -0.00764516  0.00387795    0.322191
IMAGINARY
           0  -0.00362207 -0.000614884   0.00468278
  0.00362207            0  -0.00598096  -0.00303619
 0.000614884   0.00598096            0  0.000957775
 -0.00468278   0.00303619 -0.000957775            0
Repeater5[0]<--->HoM3[0]
REAL
   0.304847  -0.0064244 -0.00761997   0.0181883
 -0.0064244    0.184372 -0.00806296 -0.00520549
-0.00761997 -0.00806296    0.202572  0.00362787
  0.0181883 -0.00520549  0.00362787     0.30821
IMAGINARY
           0   0.00378055  -0.00576545   0.00908333
 -0.00378055            0 -0.000547484  -0.00148685
  0.00576545  0.000547484            0   0.00408462
 -0.00908333   0.00148685  -0.00408462            0
Repeater6[0]<--->HoM3[0]
REAL
   0.304847 -0.00761997  -0.0064244   0.0181883
-0.00761997    0.202572 -0.00806296  0.00362787
 -0.0064244 -0.00806296    0.184372 -0.00520549
  0.0181883  0.00362787 -0.00520549     0.30821
IMAGINARY
           0  -0.00576545   0.00378055   0.00908333
  0.00576545            0  0.000547484   0.00408462
 -0.00378055 -0.000547484            0  -0.00148685
 -0.00908333  -0.00408462   0.00148685            0
Repeater6[0]<--->Repeater7[0]
REAL
   0.292625 -0.00192686  0.00512765   0.0154192
-0.00192686    0.210619 -0.00446885  0.00803288
 0.00512765 -0.00446885    0.211013 -0.00621058
  0.0154192  0.00803288 -0.00621058    0.285742
IMAGINARY
           0  0.000698163   -0.0111563 -0.000944838
-0.000698163            0   0.00321085   0.00126225
   0.0111563  -0.00321085            0  -0.00639474
 0.000944838  -0.00126225   0.00639474            0
Repeater7[0]<--->Repeater6[0]
REAL
   0.292625  0.00512765 -0.00192686   0.0154192
 0.00512765    0.211013 -0.00446885 -0.00621058
-0.00192686 -0.00446885    0.210619  0.00803288
  0.0154192 -0.00621058  0.00803288    0.285742
IMAGINARY
           0   -0.0111563  0.000698163 -0.000944838
   0.0111563            0  -0.00321085  -0.00639474
-0.000698163   0.00321085            0   0.00126225
 0.000944838   0.00639474  -0.00126225            0
Repeater7[0]<--->HoM4[0]
REAL
    0.287724  -0.00333738   0.00341215     0.011501
 -0.00333738     0.209867 -0.000884177  -0.00128879
  0.00341215 -0.000884177     0.217961  -0.00303269
    0.011501  -0.00128879  -0.00303269     0.284448
IMAGINARY
           0   0.00831046 -0.000608758  0.000345138
 -0.00831046            0   0.00714993  0.000209238
 0.000608758  -0.00714993            0   0.00227683
-0.000345138 -0.000209238  -0.00227683            0
Repeater8[0]<--->HoM4[0]
REAL
    0.287724   0.00341215  -0.00333738     0.011501
  0.00341215     0.217961 -0.000884177  -0.00303269
 -0.00333738 -0.000884177     0.209867  -0.00128879
    0.011501  -0.00303269  -0.00128879     0.284448
IMAGINARY
           0 -0.000608758   0.00831046  0.000345138
 0.000608758            0  -0.00714993   0.00227683
 -0.00831046   0.00714993            0  0.000209238
-0.000345138  -0.00227683 -0.000209238            0
Repeater8[0]<--->Repeater9[0]
REAL
   0.273671 -0.00440382 -0.00688795  0.00586138
-0.00440382      0.2191 -0.00596196  -0.0091048
-0.00688795 -0.00596196    0.224191  0.00249273
 0.00586138  -0.0091048  0.00249273    0.283038
IMAGINARY
          0  0.00227763  0.00168169 -0.00126913
-0.00227763           0  -0.0043935 -0.00236569
-0.00168169   0.0043935           0 -0.00980157
 0.00126913  0.00236569  0.00980157           0
Repeater9[0]<--->Repeater8[0]
REAL
   0.273671 -0.00688795 -0.00440382  0.00586138
-0.00688795    0.224191 -0.00596196  0.00249273
-0.00440382 -0.00596196      0.2191  -0.0091048
 0.00586138  0.00249273  -0.0091048    0.283038
IMAGINARY
          0  0.00168169  0.00227763 -0.00126913
-0.00168169           0   0.0043935 -0.00980157
-0.00227763  -0.0043935           0 -0.00236569
 0.00126913  0.00980157  0.00236569           0
Repeater9[0]<--->HoM5[0]
REAL
   0.279324  0.00121753 -0.00407179  0.00593563
 0.00121753    0.215109 -0.00202327  -0.0033617
-0.00407179 -0.00202327    0.230616 -0.00121753
 0.00593563  -0.0033617 -0.00121753     0.27495
IMAGINARY
           0  -0.00105859  -0.00533608   0.00100173
  0.00105859            0 -8.80254e-05  -0.00363028
  0.00533608  8.80254e-05            0  -0.00528838
 -0.00100173   0.00363028   0.00528838            0
Repeater10[0]<--->HoM5[0]
REAL
   0.279324 -0.00407179  0.00121753  0.00593563
-0.00407179    0.230616 -0.00202327 -0.00121753
 0.00121753 -0.00202327    0.215109  -0.0033617
 0.00593563 -0.00121753  -0.0033617     0.27495
IMAGINARY
           0  -0.00533608  -0.00105859   0.00100173
  0.00533608            0  8.80254e-05  -0.00528838
  0.00105859 -8.80254e-05            0  -0.00363028
 -0.00100173   0.00528838   0.00363028            0
Repeater10[0]<--->Repeater11[0]
REAL
   0.471313    0.010161   0.0036301    0.328211
   0.010161    0.030303  0.00056208  0.00622906
  0.0036301  0.00056208   0.0294949 -0.00412475
   0.328211  0.00622906 -0.00412475    0.468889
IMAGINARY
          0   0.0018227 -0.00405541  0.00610572
 -0.0018227           0  0.00179105 -0.00176321
 0.00405541 -0.00179105           0 -0.00142142
-0.00610572  0.00176321  0.00142142           0
Repeater11[0]<--->Repeater10[0]
REAL
   0.471313   0.0036301    0.010161    0.328211
  0.0036301   0.0294949  0.00056208 -0.00412475
   0.010161  0.00056208    0.030303  0.00622906
   0.328211 -0.00412475  0.00622906    0.468889
IMAGINARY
          0 -0.00405541   0.0018227  0.00610572
 0.00405541           0 -0.00179105 -0.00142142
 -0.0018227  0.00179105           0 -0.00176321
-0.00610572  0.00142142  0.00176321           0
Repeater11[0]<--->HoM6[0]
REAL
    0.47041  0.00179253  0.00545389    0.332988
 0.00179253   0.0319127 -0.00371016 -0.00206338
 0.00545389 -0.00371016    0.029085  0.00199686
   0.332988 -0.00206338  0.00199686    0.468592
IMAGINARY
           0  -0.00484184  -0.00409094   0.00133426
  0.00484184            0  0.000831948    0.0143839
  0.00409094 -0.000831948            0  -0.00762847
 -0.00133426   -0.0143839   0.00762847            0
EndNode1[0]<--->Repeater1[0]
REAL
    0.439164  -0.00362816  -0.00222324     0.211743
 -0.00362816    0.0612454 -0.000540056   0.00232134
 -0.00222324 -0.000540056    0.0710774   0.00608058
    0.211743   0.00232134   0.00608058     0.428513
IMAGINARY
           0  -0.00410326  -0.00498426  -0.00817808
  0.00410326            0 -0.000451362   0.00735393
  0.00498426  0.000451362            0   0.00232601
  0.00817808  -0.00735393  -0.00232601            0
EndNode2[0]<--->HoM6[0]
REAL
   0.462006 0.000158703  -0.0080133    0.329227
0.000158703   0.0314083 0.000638672 -0.00141699
 -0.0080133 0.000638672    0.027153 -0.00356139
   0.329227 -0.00141699 -0.00356139    0.479433
IMAGINARY
           0  -0.00297872  0.000304466   -0.0013712
  0.00297872            0   0.00258137    0.0155227
-0.000304466  -0.00258137            0  -0.00508419
   0.0013712   -0.0155227   0.00508419            0
Repeater1[0]<--->EndNode1[0]
REAL
    0.439164  -0.00222324  -0.00362816     0.211743
 -0.00222324    0.0710774 -0.000540056   0.00608058
 -0.00362816 -0.000540056    0.0612454   0.00232134
    0.211743   0.00608058   0.00232134     0.428513
IMAGINARY
           0  -0.00498426  -0.00410326  -0.00817808
  0.00498426            0  0.000451362   0.00232601
  0.00410326 -0.000451362            0   0.00735393
  0.00817808  -0.00232601  -0.00735393            0
Repeater1[0]<--->HoM1[0]
REAL
   0.446754 -0.00376719 -0.00142183    0.205905
-0.00376719   0.0746239 0.000129681   0.0106145
-0.00142183 0.000129681   0.0704671  0.00716447
   0.205905   0.0106145  0.00716447    0.408155
IMAGINARY
           0  -0.00737223  -0.00344407  2.53575e-05
  0.00737223            0  -0.00466245   0.00535593
  0.00344407   0.00466245            0  -0.00500451
-2.53575e-05  -0.00535593   0.00500451            0
Repeater2[0]<--->HoM1[0]
REAL
   0.446754 -0.00142183 -0.00376719    0.205905
-0.00142183   0.0704671 0.000129681  0.00716447
-0.00376719 0.000129681   0.0746239   0.0106145
   0.205905  0.00716447   0.0106145    0.408155
IMAGINARY
           0  -0.00344407  -0.00737223  2.53575e-05
  0.00344407            0   0.00466245  -0.00500451
  0.00737223  -0.00466245            0   0.00535593
-2.53575e-05   0.00500451  -0.00535593            0
Repeater2[0]<--->Repeater3[0]
REAL
      0.3572    0.0091737   0.00327638    0.0854314
   0.0091737     0.142404  -0.00382901 -0.000803584
  0.00327638  -0.00382901     0.141412   -0.0025466
   0.0854314 -0.000803584   -0.0025466     0.358985
IMAGINARY
           0   0.00888645  -0.00853703   -0.0108442
 -0.00888645            0   0.00394632 -0.000277561
  0.00853703  -0.00394632            0  -0.00432718
   0.0108442  0.000277561   0.00432718            0
Repeater3[0]<--->Repeater2[0]
REAL
      0.3572   0.00327638    0.0091737    0.0854314
  0.00327638     0.141412  -0.00382901   -0.0025466
   0.0091737  -0.00382901     0.142404 -0.000803584
   0.0854314   -0.0025466 -0.000803584     0.358985
IMAGINARY
           0  -0.00853703   0.00888645   -0.0108442
  0.00853703            0  -0.00394632  -0.00432718
 -0.00888645   0.00394632            0 -0.000277561
   0.0108442   0.00432718  0.000277561            0
Repeater3[0]<--->HoM2[0]
REAL
   0.362224 -0.00310577 -0.00111998    0.064452
-0.00310577    0.148635 -0.00373419 0.000621471
-0.00111998 -0.00373419     0.13409  0.00161026
   0.064452 0.000621471  0.00161026    0.355051
IMAGINARY
          0  -0.0035445  0.00531879 -0.00350098
  0.0035445           0  0.00532727 -0.00153605
-0.00531879 -0.00532727           0  0.00325352
 0.00350098  0.00153605 -0.00325352           0
Repeater4[0]<--->HoM2[0]
REAL
   0.362224 -0.00111998 -0.00310577    0.064452
-0.00111998     0.13409 -0.00373419  0.00161026
-0.00310577 -0.00373419    0.148635 0.000621471
   0.064452  0.00161026 0.000621471    0.355051
IMAGINARY
          0  0.00531879  -0.0035445 -0.00350098
-0.00531879           0 -0.00532727  0.00325352
  0.0035445  0.00532727           0 -0.00153605
 0.00350098 -0.00325352  0.00153605           0
Repeater4[0]<--->Repeater5[0]
REAL
   0.309606  0.00375913 -0.00394841   0.0347484
 0.00375913    0.187867  -0.0026439  0.00263183
-0.00394841  -0.0026439    0.187664  -0.0034553
  0.0347484  0.00263183  -0.0034553    0.314863
IMAGINARY
          0 -0.00040878 -0.00562337 -0.00171008
 0.00040878           0  0.00121863 -0.00162017
 0.00562337 -0.00121863           0   0.0121551
 0.00171008  0.00162017  -0.0121551           0
Repeater5[0]<--->Repeater4[0]
REAL
   0.309606 -0.00394841  0.00375913   0.0347484
-0.00394841    0.187664  -0.0026439  -0.0034553
 0.00375913  -0.0026439    0.187867  0.00263183
  0.0347484  -0.0034553  0.00263183    0.314863
IMAGINARY
          0 -0.00562337 -0.00040878 -0.00171008
 0.00562337           0 -0.00121863   0.0121551
 0.00040878  0.00121863           0 -0.00162017
 0.00171008  -0.0121551  0.00162017           0
Repeater5[0]<--->HoM3[0]
REAL
    0.302783   0.00299035 -3.42505e-05    0.0213577
  0.00299035     0.190457   0.00925454  -0.00176647
-3.42505e-05   0.00925454     0.190855  -0.00759219
   0.0213577  -0.00176647  -0.00759219     0.315905
IMAGINARY
           0   -0.0050121  -0.00646471 -0.000740428
   0.0050121            0  -0.00720246    0.0132107
  0.00646471   0.00720246            0   -0.0110593
 0.000740428   -0.0132107    0.0110593            0
Repeater6[0]<--->HoM3[0]
REAL
    0.302783 -3.42505e-05   0.00299035    0.0213577
-3.42505e-05     0.190855   0.00925454  -0.00759219
  0.00299035   0.00925454     0.190457  -0.00176647
   0.0213577  -0.00759219  -0.00176647     0.315905
IMAGINARY
           0  -0.00646471   -0.0050121 -0.000740428
  0.00646471            0   0.00720246   -0.0110593
   0.0050121  -0.00720246            0    0.0132107
 0.000740428    0.0110593   -0.0132107            0
Repeater6[0]<--->Repeater7[0]
REAL
   0.291417  0.00333745  0.00291533   0.0150081
 0.00333745    0.205389 -0.00366664 -0.00447966
 0.00291533 -0.00366664     0.20499 -0.00470624
  0.0150081 -0.00447966 -0.00470624    0.298204
IMAGINARY
           0  -0.00614463 -0.000178589   0.00688412
  0.00614463            0   0.00718906   0.00881313
 0.000178589  -0.00718906            0  0.000120531
 -0.00688412  -0.00881313 -0.000120531            0
Repeater7[0]<--->Repeater6[0]
REAL
   0.291417  0.00291533  0.00333745   0.0150081
 0.00291533     0.20499 -0.00366664 -0.00470624
 0.00333745 -0.00366664    0.205389 -0.00447966
  0.0150081 -0.00470624 -0.00447966    0.298204
IMAGINARY
           0 -0.000178589  -0.00614463   0.00688412
 0.000178589            0  -0.00718906  0.000120531
  0.00614463   0.00718906            0   0.00881313
 -0.00688412 -0.000120531  -0.00881313            0
Repeater7[0]<--->HoM4[0]
REAL
   0.291339 -0.00267909  0.00221451   0.0150291
-0.00267909    0.215829  0.00235083 -0.00291774
 0.00221451  0.00235083    0.209974 0.000368456
  0.0150291 -0.00291774 0.000368456    0.282859
IMAGINARY
          0 -0.00361979  0.00232776  0.00324311
 0.00361979           0  0.00144885   0.0024266
-0.00232776 -0.00144885           0  -0.0086623
-0.00324311  -0.0024266   0.0086623           0
Repeater8[0]<--->HoM4[0]
REAL
   0.291339  0.00221451 -0.00267909   0.0150291
 0.00221451    0.209974  0.00235083 0.000368456
-0.00267909  0.00235083    0.215829 -0.00291774
  0.0150291 0.000368456 -0.00291774    0.282859
IMAGINARY
          0  0.00232776 -0.00361979  0.00324311
-0.00232776           0 -0.00144885  -0.0086623
 0.00361979  0.00144885           0   0.0024266
-0.00324311   0.0086623  -0.0024266           0
Repeater8[0]<--->Repeater9[0]
REAL
  0.281504  0.0119094 0.00176022 0.00832056
 0.0119094   0.220325 -0.0014794 0.00389118
0.00176022 -0.0014794    0.21687 0.00266531
0.00832056 0.00389118 0.00266531   0.281301
IMAGINARY
          0 -0.00495307 -0.00100413 -0.00115315
 0.00495307           0 -0.00195123   0.0091876
 0.00100413  0.00195123           0 -0.00282628
 0.00115315  -0.0091876  0.00282628           0
Repeater9[0]<--->Repeater8[0]
REAL
  0.281504 0.00176022  0.0119094 0.00832056
0.00176022    0.21687 -0.0014794 0.00266531
 0.0119094 -0.0014794   0.220325 0.00389118
0.00832056 0.00266531 0.00389118   0.281301
IMAGINARY
          0 -0.00100413 -0.00495307 -0.00115315
 0.00100413           0  0.00195123 -0.00282628
 0.00495307 -0.00195123           0   0.0091876
 0.00115315  0.00282628  -0.0091876           0
Repeater9[0]<--->HoM5[0]
REAL
    0.276506  -0.00455438   0.00793079  9.77484e-05
 -0.00455438     0.225301 -0.000694645  -0.00255872
  0.00793079 -0.000694645     0.227108   0.00117196
 9.77484e-05  -0.00255872   0.00117196     0.271084
IMAGINARY
          0 -0.00297311 -0.00671377  -0.0142669
 0.00297311           0 -0.00703532   0.0168168
 0.00671377  0.00703532           0  0.00832176
  0.0142669  -0.0168168 -0.00832176           0
Repeater10[0]<--->HoM5[0]
REAL
    0.276506   0.00793079  -0.00455438  9.77484e-05
  0.00793079     0.227108 -0.000694645   0.00117196
 -0.00455438 -0.000694645     0.225301  -0.00255872
 9.77484e-05   0.00117196  -0.00255872     0.271084
IMAGINARY
          0 -0.00671377 -0.00297311  -0.0142669
 0.00671377           0  0.00703532  0.00832176
 0.00297311 -0.00703532           0   0.0168168
  0.0142669 -0.00832176  -0.0168168           0
Repeater10[0]<--->Repeater11[0]
REAL
    0.473695  0.000901407  -0.00186239     0.330069
 0.000901407    0.0283442 -0.000179544   0.00677713
 -0.00186239 -0.000179544    0.0295677  0.000402505
    0.330069   0.00677713  0.000402505     0.468393
IMAGINARY
           0 -0.000615528 -0.000601853  -0.00358716
 0.000615528            0  -0.00758716  -0.00407476
 0.000601853   0.00758716            0  -0.00406109
  0.00358716   0.00407476   0.00406109            0
Repeater11[0]<--->Repeater10[0]
REAL
    0.473695  -0.00186239  0.000901407     0.330069
 -0.00186239    0.0295677 -0.000179544  0.000402505
 0.000901407 -0.000179544    0.0283442   0.00677713
    0.330069  0.000402505   0.00677713     0.468393
IMAGINARY
           0 -0.000601853 -0.000615528  -0.00358716
 0.000601853            0   0.00758716  -0.00406109
 0.000615528  -0.00758716            0  -0.00407476
  0.00358716   0.00406109   0.00407476            0
Repeater11[0]<--->HoM6[0]
REAL
   0.462006  -0.0080133 0.000158703    0.329227
 -0.0080133    0.027153 0.000638672 -0.00356139
0.000158703 0.000638672   0.0314083 -0.00141699
   0.329227 -0.00356139 -0.00141699    0.479433
IMAGINARY
           0  0.000304466  -0.00297872   -0.0013712
-0.000304466            0  -0.00258137  -0.00508419
  0.00297872   0.00258137            0    0.0155227
   0.0013712   0.00508419   -0.0155227            0
EndNode1[0]<--->Repeater1[0]
REAL
    0.428514 -0.000649012  -0.00126945     0.204694
-0.000649012    0.0695757  -0.00251962   0.00156868
 -0.00126945  -0.00251962     0.070179   0.00034979
    0.204694   0.00156868   0.00034979     0.431731
IMAGINARY
           0 -0.000612499  -0.00222988   0.00530184
 0.000612499            0 -0.000297835   0.00556389
  0.00222988  0.000297835            0  -0.00130708
 -0.00530184  -0.00556389   0.00130708            0
EndNode2[0]<--->HoM6[0]
REAL
   0.469733 0.000236942  0.00250469    0.329273
0.000236942     0.03125 -0.00170089   0.0050995
 0.00250469 -0.00170089   0.0279088   0.0083548
   0.329273   0.0050995   0.0083548    0.471108
IMAGINARY
           0 -0.000613942   0.00370784  -0.00589114
 0.000613942            0  -0.00485936  -0.00298989
 -0.00370784   0.00485936            0   0.00235753
  0.00589114   0.00298989  -0.00235753            0
Repeater1[0]<--->EndNode1[0]
REAL
    0.428514  -0.00126945 -0.000649012     0.204694
 -0.00126945     0.070179  -0.00251962   0.00034979
-0.000649012  -0.00251962    0.0695757   0.00156868
    0.204694   0.00034979   0.00156868     0.431731
IMAGINARY
           0  -0.00222988 -0.000612499   0.00530184
  0.00222988            0  0.000297835  -0.00130708
 0.000612499 -0.000297835            0   0.00556389
 -0.00530184   0.00130708  -0.00556389            0
Repeater1[0]<--->HoM1[0]
REAL
   0.427679  -0.0057766 -0.00072195    0.207489
 -0.0057766   0.0712473 -0.00337643  0.00202586
-0.00072195 -0.00337643   0.0677337 -0.00876703
   0.207489  0.00202586 -0.00876703     0.43334
IMAGINARY
           0  -0.00153064   -0.0165172   -0.0047564
  0.00153064            0  0.000398239  -0.00360354
   0.0165172 -0.000398239            0   0.00937773
   0.0047564   0.00360354  -0.00937773            0
Repeater2[0]<--->HoM1[0]
REAL
   0.427679 -0.00072195  -0.0057766    0.207489
-0.00072195   0.0677337 -0.00337643 -0.00876703
 -0.0057766 -0.00337643   0.0712473  0.00202586
   0.207489 -0.00876703  0.00202586     0.43334
IMAGINARY
           0   -0.0165172  -0.00153064   -0.0047564
   0.0165172            0 -0.000398239   0.00937773
  0.00153064  0.000398239            0  -0.00360354
   0.0047564  -0.00937773   0.00360354            0
Repeater2[0]<--->Repeater3[0]
REAL
    0.349402    0.0053849   0.00240644    0.0713449
   0.0053849     0.149402 -0.000404411   0.00583311
  0.00240644 -0.000404411     0.147211   0.00144789
   0.0713449   0.00583311   0.00144789     0.353984
IMAGINARY
          0  0.00265385  0.00154524  -0.0067366
-0.00265385           0 -0.00345118  0.00692587
-0.00154524  0.00345118           0 -0.00132705
  0.0067366 -0.00692587  0.00132705           0
Repeater3[0]<--->Repeater2[0]
REAL
    0.349402   0.00240644    0.0053849    0.0713449
  0.00240644     0.147211 -0.000404411   0.00144789
   0.0053849 -0.000404411     0.149402   0.00583311
   0.0713449   0.00144789   0.00583311     0.353984
IMAGINARY
          0  0.00154524  0.00265385  -0.0067366
-0.00154524           0  0.00345118 -0.00132705
-0.00265385 -0.00345118           0  0.00692587
  0.0067366  0.00132705 -0.00692587           0
Repeater3[0]<--->HoM2[0]
REAL
  0.350922 0.00353397 0.00303941  0.0696212
0.00353397   0.154178 -0.0018074 0.00222375
0.00303941 -0.0018074    0.14084 0.00436076
 0.0696212 0.00222375 0.00436076    0.35406
IMAGINARY
           0    -0.003239   0.00249669  -0.00473413
    0.003239            0 -0.000665866    0.0107742
 -0.00249669  0.000665866            0   0.00167772
  0.00473413   -0.0107742  -0.00167772            0
Repeater4[0]<--->HoM2[0]
REAL
  0.350922 0.00303941 0.00353397  0.0696212
0.00303941    0.14084 -0.0018074 0.00436076
0.00353397 -0.0018074   0.154178 0.00222375
 0.0696212 0.00436076 0.00222375    0.35406
IMAGINARY
           0   0.00249669    -0.003239  -0.00473413
 -0.00249669            0  0.000665866   0.00167772
    0.003239 -0.000665866            0    0.0107742
  0.00473413  -0.00167772   -0.0107742            0
Repeater4[0]<--->Repeater5[0]
REAL
    0.308926 -0.000589421   0.00152818    0.0339113
-0.000589421     0.186437  -0.00245236   0.00122447
  0.00152818  -0.00245236     0.183346  -0.00589898
   0.0339113   0.00122447  -0.00589898     0.321291
IMAGINARY
          0  0.00192836  0.00840461 -0.00220617
-0.00192836           0  0.00688838  0.00412064
-0.00840461 -0.00688838           0 -0.00374655
 0.00220617 -0.00412064  0.00374655           0
Repeater5[0]<--->Repeater4[0]
REAL
    0.308926   0.00152818 -0.000589421    0.0339113
  0.00152818     0.183346  -0.00245236  -0.00589898
-0.000589421  -0.00245236     0.186437   0.00122447
   0.0339113  -0.00589898   0.00122447     0.321291
IMAGINARY
          0  0.00840461  0.00192836 -0.00220617
-0.00840461           0 -0.00688838 -0.00374655
-0.00192836  0.00688838           0  0.00412064
 0.00220617  0.00374655 -0.00412064           0
Repeater5[0]<--->HoM3[0]
REAL
   0.303096  0.00128373   0.0124435   0.0286698
 0.00128373    0.197296  0.00149585 -0.00495135
  0.0124435  0.00149585    0.190635 0.000490713
  0.0286698 -0.00495135 0.000490713    0.308973
IMAGINARY
          0  0.00416906 -0.00362984 -0.00019708
-0.00416906           0 -0.00070346  0.00705174
 0.00362984  0.00070346           0  0.00267474
 0.00019708 -0.00705174 -0.00267474           0
Repeater6[0]<--->HoM3[0]
REAL
   0.303096   0.0124435  0.00128373   0.0286698
  0.0124435    0.190635  0.00149585 0.000490713
 0.00128373  0.00149585    0.197296 -0.00495135
  0.0286698 0.000490713 -0.00495135    0.308973
IMAGINARY
          0 -0.00362984  0.00416906 -0.00019708
 0.00362984           0  0.00070346  0.00267474
-0.00416906 -0.00070346           0  0.00705174
 0.00019708 -0.00267474 -0.00705174           0
Repeater6[0]<--->Repeater7[0]
REAL
   0.294611 -0.00494831  0.00923671   0.0122993
-0.00494831    0.212974    0.010796 0.000461355
 0.00923671    0.010796    0.215569 -0.00394991
  0.0122993 0.000461355 -0.00394991    0.276846
IMAGINARY
           0    0.0053618 -3.78229e-06  -0.00603263
  -0.0053618            0   0.00141787   0.00110621
 3.78229e-06  -0.00141787            0    0.0053618
  0.00603263  -0.00110621   -0.0053618            0
Repeater7[0]<--->Repeater6[0]
REAL
   0.294611  0.00923671 -0.00494831   0.0122993
 0.00923671    0.215569    0.010796 -0.00394991
-0.00494831    0.010796    0.212974 0.000461355
  0.0122993 -0.00394991 0.000461355    0.276846
IMAGINARY
           0 -3.78229e-06    0.0053618  -0.00603263
 3.78229e-06            0  -0.00141787    0.0053618
  -0.0053618   0.00141787            0   0.00110621
  0.00603263   -0.0053618  -0.00110621            0
Repeater7[0]<--->HoM4[0]
REAL
    0.28242 -0.00916309  0.00743323  0.00914795
-0.00916309    0.219705 0.000605236   0.0118741
 0.00743323 0.000605236     0.21667   0.0115516
 0.00914795   0.0118741   0.0115516    0.281206
IMAGINARY
           0  -0.00327264    0.0037217  0.000883719
  0.00327264            0   0.00288612   0.00200695
  -0.0037217  -0.00288612            0  -0.00466706
-0.000883719  -0.00200695   0.00466706            0
Repeater8[0]<--->HoM4[0]
REAL
    0.28242  0.00743323 -0.00916309  0.00914795
 0.00743323     0.21667 0.000605236   0.0115516
-0.00916309 0.000605236    0.219705   0.0118741
 0.00914795   0.0115516   0.0118741    0.281206
IMAGINARY
           0    0.0037217  -0.00327264  0.000883719
  -0.0037217            0  -0.00288612  -0.00466706
  0.00327264   0.00288612            0   0.00200695
-0.000883719   0.00466706  -0.00200695            0
Repeater8[0]<--->Repeater9[0]
REAL
    0.289893  -0.00658313   0.00124368   0.00422843
 -0.00658313     0.209401  -0.00482225 -0.000451913
  0.00124368  -0.00482225     0.218479  -0.00430365
  0.00422843 -0.000451913  -0.00430365     0.282227
IMAGINARY
           0  -0.00312549   0.00737304  -0.00668263
  0.00312549            0   0.00716666  0.000470887
 -0.00737304  -0.00716666            0   0.00352774
  0.00668263 -0.000470887  -0.00352774            0
Repeater9[0]<--->Repeater8[0]
REAL
    0.289893   0.00124368  -0.00658313   0.00422843
  0.00124368     0.218479  -0.00482225  -0.00430365
 -0.00658313  -0.00482225     0.209401 -0.000451913
  0.00422843  -0.00430365 -0.000451913     0.282227
IMAGINARY
           0   0.00737304  -0.00312549  -0.00668263
 -0.00737304            0  -0.00716666   0.00352774
  0.00312549   0.00716666            0  0.000470887
  0.00668263  -0.00352774 -0.000470887            0
Repeater9[0]<--->HoM5[0]
REAL
    0.281293   0.00464462   0.00314451   0.00989064
  0.00464462     0.221368   0.00089783 -0.000623838
  0.00314451   0.00089783     0.226493   0.00231243
  0.00989064 -0.000623838   0.00231243     0.270846
IMAGINARY
           0   0.00193383  -0.00747185  -0.00747475
 -0.00193383            0   0.00161616  0.000477441
  0.00747185  -0.00161616            0  -0.00153415
  0.00747475 -0.000477441   0.00153415            0
Repeater10[0]<--->HoM5[0]
REAL
    0.281293   0.00314451   0.00464462   0.00989064
  0.00314451     0.226493   0.00089783   0.00231243
  0.00464462   0.00089783     0.221368 -0.000623838
  0.00989064   0.00231243 -0.000623838     0.270846
IMAGINARY
           0  -0.00747185   0.00193383  -0.00747475
  0.00747185            0  -0.00161616  -0.00153415
 -0.00193383   0.00161616            0  0.000477441
  0.00747475   0.00153415 -0.000477441            0
Repeater10[0]<--->Repeater11[0]
REAL
   0.465271 -0.00318731 -0.00205291    0.332495
-0.00318731   0.0301993   0.0011045  -0.0069363
-0.00205291   0.0011045   0.0324139 -0.00520262
   0.332495  -0.0069363 -0.00520262    0.472116
IMAGINARY
           0   0.00655177  0.000742264   0.00254853
 -0.00655177            0  -0.00598732  -0.00315384
-0.000742264   0.00598732            0  -0.00635081
 -0.00254853   0.00315384   0.00635081            0
Repeater11[0]<--->Repeater10[0]
REAL
   0.465271 -0.00205291 -0.00318731    0.332495
-0.00205291   0.0324139   0.0011045 -0.00520262
-0.00318731   0.0011045   0.0301993  -0.0069363
   0.332495 -0.00520262  -0.0069363    0.472116
IMAGINARY
           0  0.000742264   0.00655177   0.00254853
-0.000742264            0   0.00598732  -0.00635081
 -0.00655177  -0.00598732            0  -0.00315384
 -0.00254853   0.00635081   0.00315384            0
Repeater11[0]<--->HoM6[0]
REAL
   0.469733  0.00250469 0.000236942    0.329273
 0.00250469   0.0279088 -0.00170089   0.0083548
0.000236942 -0.00170089     0.03125   0.0050995
   0.329273   0.0083548   0.0050995    0.471108
IMAGINARY
           0   0.00370784 -0.000613942  -0.00589114
 -0.00370784            0   0.00485936   0.00235753
 0.000613942  -0.00485936            0  -0.00298989
  0.00589114  -0.00235753   0.00298989            0
EndNode1[0]<--->Repeater1[0]
REAL
    0.432696 -0.000983926  -0.00783636     0.202665
-0.000983926    0.0768618  -0.00223004  -0.00166106
 -0.00783636  -0.00223004    0.0682995  -0.00139043
    0.202665  -0.00166106  -0.00139043     0.422143
IMAGINARY
          0  0.00433314 -0.00438787 -0.00150036
-0.00433314           0 -0.00421393  0.00162435
 0.00438787  0.00421393           0  0.00533918
 0.00150036 -0.00162435 -0.00533918           0
EndNode2[0]<--->HoM6[0]
REAL
   0.461825 -0.00114423  0.00995085    0.328737
-0.00114423   0.0300021 -0.00182146 -0.00593962
 0.00995085 -0.00182146   0.0314504 0.000943664
   0.328737 -0.00593962 0.000943664    0.476723
IMAGINARY
          0  -0.0096246  0.00225095  0.00215874
  0.0096246           0  0.00375427  0.00254827
-0.00225095 -0.00375427           0  0.00658837
-0.00215874 -0.00254827 -0.00658837           0
Repeater1[0]<--->EndNode1[0]
REAL
    0.432696  -0.00783636 -0.000983926     0.202665
 -0.00783636    0.0682995  -0.00223004  -0.00139043
-0.000983926  -0.00223004    0.0768618  -0.00166106
    0.202665  -0.00139043  -0.00166106     0.422143
IMAGINARY
          0 -0.00438787  0.00433314 -0.00150036
 0.00438787           0  0.00421393  0.00533918
-0.00433314 -0.00421393           0  0.00162435
 0.00150036 -0.00533918 -0.00162435           0
Repeater1[0]<--->HoM1[0]
REAL
    0.436857  -0.00179269   0.00233954     0.200258
 -0.00179269    0.0684877   0.00191229 -0.000647321
  0.00233954   0.00191229    0.0722486  -0.00169129
    0.200258 -0.000647321  -0.00169129     0.422407
IMAGINARY
          0 -0.00303362  0.00617822  0.00503277
 0.00303362           0 -0.00895395  0.00330523
-0.00617822  0.00895395           0  0.00303362
-0.00503277 -0.00330523 -0.00303362           0
Repeater2[0]<--->HoM1[0]
REAL
    0.436857   0.00233954  -0.00179269     0.200258
  0.00233954    0.0722486   0.00191229  -0.00169129
 -0.00179269   0.00191229    0.0684877 -0.000647321
    0.200258  -0.00169129 -0.000647321     0.422407
IMAGINARY
          0  0.00617822 -0.00303362  0.00503277
-0.00617822           0  0.00895395  0.00303362
 0.00303362 -0.00895395           0  0.00330523
-0.00503277 -0.00303362 -0.00330523           0
Repeater2[0]<--->Repeater3[0]
REAL
   0.356056 -0.00391051 -0.00125399   0.0728003
-0.00391051    0.140191 -0.00248154 -0.00273008
-0.00125399 -0.00248154    0.143437  0.00132087
  0.0728003 -0.00273008  0.00132087    0.360316
IMAGINARY
          0  -0.0068547 -0.00604314  0.00307613
  0.0068547           0  0.00369139  0.00865988
 0.00604314 -0.00369139           0  0.00665341
-0.00307613 -0.00865988 -0.00665341           0
Repeater3[0]<--->Repeater2[0]
REAL
   0.356056 -0.00125399 -0.00391051   0.0728003
-0.00125399    0.143437 -0.00248154  0.00132087
-0.00391051 -0.00248154    0.140191 -0.00273008
  0.0728003  0.00132087 -0.00273008    0.360316
IMAGINARY
          0 -0.00604314  -0.0068547  0.00307613
 0.00604314           0 -0.00369139  0.00665341
  0.0068547  0.00369139           0  0.00865988
-0.00307613 -0.00665341 -0.00865988           0
Repeater3[0]<--->HoM2[0]
REAL
    0.354129   0.00272324   0.00545565    0.0748664
  0.00272324     0.145371 -0.000609005   0.00226713
  0.00545565 -0.000609005     0.140172    0.0026233
   0.0748664   0.00226713    0.0026233     0.360328
IMAGINARY
          0 -0.00160641  0.00930475  0.00455466
 0.00160641           0 -0.00455466 -0.00811616
-0.00930475  0.00455466           0  0.00180451
-0.00455466  0.00811616 -0.00180451           0
Repeater4[0]<--->HoM2[0]
REAL
    0.354129   0.00545565   0.00272324    0.0748664
  0.00545565     0.140172 -0.000609005    0.0026233
  0.00272324 -0.000609005     0.145371   0.00226713
   0.0748664    0.0026233   0.00226713     0.360328
IMAGINARY
          0  0.00930475 -0.00160641  0.00455466
-0.00930475           0  0.00455466  0.00180451
 0.00160641 -0.00455466           0 -0.00811616
-0.00455466 -0.00180451  0.00811616           0
Repeater4[0]<--->Repeater5[0]
REAL
   0.322561  0.00104049  -0.0080655   0.0249762
 0.00104049    0.181453 -0.00705831     0.00256
 -0.0080655 -0.00705831    0.180851  0.00266321
  0.0249762     0.00256  0.00266321    0.315134
IMAGINARY
          0  0.00497844  0.00111477 -0.00165737
-0.00497844           0  0.00654591  -0.0136675
-0.00111477 -0.00654591           0  0.00757428
 0.00165737   0.0136675 -0.00757428           0
Repeater5[0]<--->Repeater4[0]
REAL
   0.322561  -0.0080655  0.00104049   0.0249762
 -0.0080655    0.180851 -0.00705831  0.00266321
 0.00104049 -0.00705831    0.181453     0.00256
  0.0249762  0.00266321     0.00256    0.315134
IMAGINARY
          0  0.00111477  0.00497844 -0.00165737
-0.00111477           0 -0.00654591  0.00757428
-0.00497844  0.00654591           0  -0.0136675
 0.00165737 -0.00757428   0.0136675           0
Repeater5[0]<--->HoM3[0]
REAL
    0.316653  0.000818778  -0.00106066    0.0225514
 0.000818778     0.176942  -0.00149874 -0.000761201
 -0.00106066  -0.00149874     0.190152   0.00221766
   0.0225514 -0.000761201   0.00221766     0.316253
IMAGINARY
          0 -0.00120683 -0.00273112 -0.00108344
 0.00120683           0  -0.0111166  0.00475214
 0.00273112   0.0111166           0  -0.0022289
 0.00108344 -0.00475214   0.0022289           0
Repeater6[0]<--->HoM3[0]
REAL
    0.316653  -0.00106066  0.000818778    0.0225514
 -0.00106066     0.190152  -0.00149874   0.00221766
 0.000818778  -0.00149874     0.176942 -0.000761201
   0.0225514   0.00221766 -0.000761201     0.316253
IMAGINARY
          0 -0.00273112 -0.00120683 -0.00108344
 0.00273112           0   0.0111166  -0.0022289
 0.00120683  -0.0111166           0  0.00475214
 0.00108344   0.0022289 -0.00475214           0
Repeater6[0]<--->Repeater7[0]
REAL
   0.301127 -0.00518888   -0.004299  0.00598786
-0.00518888    0.209742 -0.00266698 -0.00130499
  -0.004299 -0.00266698    0.202697 -0.00518888
 0.00598786 -0.00130499 -0.00518888    0.286433
IMAGINARY
           0  0.000545914   -0.0107135   0.00766406
-0.000545914            0  -0.00170222  -0.00649197
   0.0107135   0.00170222            0   0.00289517
 -0.00766406   0.00649197  -0.00289517            0
Repeater7[0]<--->Repeater6[0]
REAL
   0.301127   -0.004299 -0.00518888  0.00598786
  -0.004299    0.202697 -0.00266698 -0.00518888
-0.00518888 -0.00266698    0.209742 -0.00130499
 0.00598786 -0.00518888 -0.00130499    0.286433
IMAGINARY
           0   -0.0107135  0.000545914   0.00766406
   0.0107135            0   0.00170222   0.00289517
-0.000545914  -0.00170222            0  -0.00649197
 -0.00766406  -0.00289517   0.00649197            0
Repeater7[0]<--->HoM4[0]
REAL
    0.29025 -0.00396389  0.00130202 0.000897186
-0.00396389    0.212208 -0.00337292   -0.007937
 0.00130202 -0.00337292    0.208111 -0.00168079
0.000897186   -0.007937 -0.00168079    0.289431
IMAGINARY
           0   -0.0133047  -0.00135281  -0.00300898
   0.0133047            0  -0.00412256 -0.000136761
  0.00135281   0.00412256            0   -0.0106277
  0.00300898  0.000136761    0.0106277            0
Repeater8[0]<--->HoM4[0]
REAL
    0.29025  0.00130202 -0.00396389 0.000897186
 0.00130202    0.208111 -0.00337292 -0.00168079
-0.00396389 -0.00337292    0.212208   -0.007937
0.000897186 -0.00168079   -0.007937    0.289431
IMAGINARY
           0  -0.00135281   -0.0133047  -0.00300898
  0.00135281            0   0.00412256   -0.0106277
   0.0133047  -0.00412256            0 -0.000136761
  0.00300898    0.0106277  0.000136761            0
Repeater8[0]<--->Repeater9[0]
REAL
  0.287745 0.00361396 0.00616017  0.0094535
0.00361396    0.21626 0.00827841  0.0157793
0.00616017 0.00827841   0.212655 -0.0019109
 0.0094535  0.0157793 -0.0019109    0.28334
IMAGINARY
           0 -0.000978127    0.0082062  -0.00184412
 0.000978127            0  -0.00284975  1.94185e-05
  -0.0082062   0.00284975            0  -0.00665995
  0.00184412 -1.94185e-05   0.00665995            0
Repeater9[0]<--->Repeater8[0]
REAL
  0.287745 0.00616017 0.00361396  0.0094535
0.00616017   0.212655 0.00827841 -0.0019109
0.00361396 0.00827841    0.21626  0.0157793
 0.0094535 -0.0019109  0.0157793    0.28334
IMAGINARY
           0    0.0082062 -0.000978127  -0.00184412
  -0.0082062            0   0.00284975  -0.00665995
