EndNode1[0]<--->Repeater1[0]
REAL
   0.422218 -0.00559647  0.00248047    0.340581
-0.00559647   0.0835178  0.00765157 0.000567074
 0.00248047  0.00765157   0.0807003   0.0080345
   0.340581 0.000567074   0.0080345    0.413564
IMAGINARY
           0   0.00255188  -0.00217364  -0.00699536
 -0.00255188            0  8.56825e-05  -0.00307889
  0.00217364 -8.56825e-05            0   0.00451883
  0.00699536   0.00307889  -0.00451883            0
EndNode2[0]<--->HoM6[0]
REAL
    0.460701 -0.000247931   0.00595568     0.417643
-0.000247931    0.0469214    0.0133571  -0.00215568
  0.00595568    0.0133571    0.0419719   0.00664793
    0.417643  -0.00215568   0.00664793     0.450406
IMAGINARY
          0  0.00861945  0.00109874  0.00214785
-0.00861945           0 -0.00136691 -0.00354772
-0.00109874  0.00136691           0 -0.00637455
-0.00214785  0.00354772  0.00637455           0
Repeater1[0]<--->EndNode1[0]
REAL
   0.422218  0.00248047 -0.00559647    0.340581
 0.00248047   0.0807003  0.00765157   0.0080345
-0.00559647  0.00765157   0.0835178 0.000567074
   0.340581   0.0080345 0.000567074    0.413564
IMAGINARY
           0  -0.00217364   0.00255188  -0.00699536
  0.00217364            0 -8.56825e-05   0.00451883
 -0.00255188  8.56825e-05            0  -0.00307889
  0.00699536  -0.00451883   0.00307889            0
Repeater1[0]<--->HoM1[0]
REAL
   0.413964 -0.00470275 -0.00915017     0.33899
-0.00470275   0.0803006  0.00653485 -0.00249674
-0.00915017  0.00653485   0.0785206 -0.00817016
    0.33899 -0.00249674 -0.00817016    0.427215
IMAGINARY
           0  -0.00147452  -0.00274807  0.000826162
  0.00147452            0   0.00603658   0.00376104
  0.00274807  -0.00603658            0  -0.00581883
-0.000826162  -0.00376104   0.00581883            0
Repeater2[0]<--->HoM1[0]
REAL
   0.413964 -0.00915017 -0.00470275     0.33899
-0.00915017   0.0785206  0.00653485 -0.00817016
-0.00470275  0.00653485   0.0803006 -0.00249674
    0.33899 -0.00817016 -0.00249674    0.427215
IMAGINARY
           0  -0.00274807  -0.00147452  0.000826162
  0.00274807            0  -0.00603658  -0.00581883
  0.00147452   0.00603658            0   0.00376104
-0.000826162   0.00581883  -0.00376104            0
Repeater2[0]<--->Repeater3[0]
REAL
   0.365458 -0.00227386  -0.0010289    0.239962
-0.00227386    0.140252  0.00856698  -0.0011288
 -0.0010289  0.00856698    0.138249  0.00796236
   0.239962  -0.0011288  0.00796236    0.356041
IMAGINARY
           0  0.000559945   0.00512102   0.00236343
-0.000559945            0    0.0075572  -0.00105432
 -0.00512102   -0.0075572            0   0.00208341
 -0.00236343   0.00105432  -0.00208341            0
Repeater3[0]<--->Repeater2[0]
REAL
   0.365458  -0.0010289 -0.00227386    0.239962
 -0.0010289    0.138249  0.00856698  0.00796236
-0.00227386  0.00856698    0.140252  -0.0011288
   0.239962  0.00796236  -0.0011288    0.356041
IMAGINARY
           0   0.00512102  0.000559945   0.00236343
 -0.00512102            0   -0.0075572   0.00208341
-0.000559945    0.0075572            0  -0.00105432
 -0.00236343  -0.00208341   0.00105432            0
Repeater3[0]<--->HoM2[0]
REAL
    0.363276  -0.00374083 -0.000289685     0.228869
 -0.00374083     0.132064    0.0136463  -0.00569834
-0.000289685    0.0136463     0.146143  -0.00504161
    0.228869  -0.00569834  -0.00504161     0.358517
IMAGINARY
          0 -0.00173686 -0.00815811  0.00315529
 0.00173686           0  0.00641939  0.00416303
 0.00815811 -0.00641939           0  0.00532219
-0.00315529 -0.00416303 -0.00532219           0
Repeater4[0]<--->HoM2[0]
REAL
    0.363276 -0.000289685  -0.00374083     0.228869
-0.000289685     0.146143    0.0136463  -0.00504161
 -0.00374083    0.0136463     0.132064  -0.00569834
    0.228869  -0.00504161  -0.00569834     0.358517
IMAGINARY
          0 -0.00815811 -0.00173686  0.00315529
 0.00815811           0 -0.00641939  0.00532219
 0.00173686  0.00641939           0  0.00416303
-0.00315529 -0.00532219 -0.00416303           0
Repeater4[0]<--->Repeater5[0]
REAL
    0.339705   0.00350901 -0.000652392     0.145715
  0.00350901     0.173238    0.0116309   0.00784591
-0.000652392    0.0116309     0.172242   0.00550821
    0.145715   0.00784591   0.00550821     0.314815
IMAGINARY
           0   0.00517982  0.000181885 -0.000227303
 -0.00517982            0  -0.00320704   0.00179284
-0.000181885   0.00320704            0  -0.00695707
 0.000227303  -0.00179284   0.00695707            0
Repeater5[0]<--->Repeater4[0]
REAL
    0.339705 -0.000652392   0.00350901     0.145715
-0.000652392     0.172242    0.0116309   0.00550821
  0.00350901    0.0116309     0.173238   0.00784591
    0.145715   0.00550821   0.00784591     0.314815
IMAGINARY
           0  0.000181885   0.00517982 -0.000227303
-0.000181885            0   0.00320704  -0.00695707
 -0.00517982  -0.00320704            0   0.00179284
 0.000227303   0.00695707  -0.00179284            0
Repeater5[0]<--->HoM3[0]
REAL
   0.314551  0.00464952   0.0073263     0.15812
 0.00464952    0.175959   0.0117178 -0.00316459
  0.0073263   0.0117178    0.178727  0.00228667
    0.15812 -0.00316459  0.00228667    0.330763
IMAGINARY
           0  -0.00492335 -0.000729972   0.00943464
  0.00492335            0   0.00834402   0.00383171
 0.000729972  -0.00834402            0  -0.00314117
 -0.00943464  -0.00383171   0.00314117            0
Repeater6[0]<--->HoM3[0]
REAL
   0.314551   0.0073263  0.00464952     0.15812
  0.0073263    0.178727   0.0117178  0.00228667
 0.00464952   0.0117178    0.175959 -0.00316459
    0.15812  0.00228667 -0.00316459    0.330763
IMAGINARY
           0 -0.000729972  -0.00492335   0.00943464
 0.000729972            0  -0.00834402  -0.00314117
  0.00492335   0.00834402            0   0.00383171
 -0.00943464   0.00314117  -0.00383171            0
Repeater6[0]<--->Repeater7[0]
REAL
   0.289192  0.00918649  0.00348113    0.094729
 0.00918649    0.216944  0.00675965 -0.00800738
 0.00348113  0.00675965    0.200119 -0.00667191
   0.094729 -0.00800738 -0.00667191    0.293745
IMAGINARY
          0  -0.0013932 -0.00988424    0.004257
  0.0013932           0 -0.00969931 -0.00161566
 0.00988424  0.00969931           0  0.00502992
  -0.004257  0.00161566 -0.00502992           0
Repeater7[0]<--->Repeater6[0]
REAL
   0.289192  0.00348113  0.00918649    0.094729
 0.00348113    0.200119  0.00675965 -0.00667191
 0.00918649  0.00675965    0.216944 -0.00800738
   0.094729 -0.00667191 -0.00800738    0.293745
IMAGINARY
          0 -0.00988424  -0.0013932    0.004257
 0.00988424           0  0.00969931  0.00502992
  0.0013932 -0.00969931           0 -0.00161566
  -0.004257 -0.00502992  0.00161566           0
Repeater7[0]<--->HoM4[0]
REAL
   0.309641 0.000650973 -0.00169401    0.106222
0.000650973    0.207516   0.0120653  0.00698449
-0.00169401   0.0120653    0.195466  0.00144525
   0.106222  0.00698449  0.00144525    0.287377
IMAGINARY
           0  -0.00624412 -0.000332277   -0.0102616
  0.00624412            0  -0.00437691  -0.00336994
 0.000332277   0.00437691            0  -0.00206086
   0.0102616   0.00336994   0.00206086            0
Repeater8[0]<--->HoM4[0]
REAL
   0.309641 -0.00169401 0.000650973    0.106222
-0.00169401    0.195466   0.0120653  0.00144525
0.000650973   0.0120653    0.207516  0.00698449
   0.106222  0.00144525  0.00698449    0.287377
IMAGINARY
           0 -0.000332277  -0.00624412   -0.0102616
 0.000332277            0   0.00437691  -0.00206086
  0.00624412  -0.00437691            0  -0.00336994
   0.0102616   0.00206086   0.00336994            0
Repeater8[0]<--->Repeater9[0]
REAL
   0.271291 -0.00162381  0.00180256   0.0843255
-0.00162381    0.222311   0.0101255 -0.00632834
 0.00180256   0.0101255     0.22571  -0.0019181
  0.0843255 -0.00632834  -0.0019181    0.280688
IMAGINARY
           0  0.000182915 -0.000784543   0.00399314
-0.000182915            0  -0.00248984   0.00238454
 0.000784543   0.00248984            0  -0.00758292
 -0.00399314  -0.00238454   0.00758292            0
Repeater9[0]<--->Repeater8[0]
REAL
   0.271291  0.00180256 -0.00162381   0.0843255
 0.00180256     0.22571   0.0101255  -0.0019181
-0.00162381   0.0101255    0.222311 -0.00632834
  0.0843255  -0.0019181 -0.00632834    0.280688
IMAGINARY
           0 -0.000784543  0.000182915   0.00399314
 0.000784543            0   0.00248984  -0.00758292
-0.000182915  -0.00248984            0   0.00238454
 -0.00399314   0.00758292  -0.00238454            0
Repeater9[0]<--->HoM5[0]
REAL
   0.276748  0.00112865 -0.00391158   0.0708921
 0.00112865     0.22116   0.0108683 -0.00532744
-0.00391158   0.0108683    0.222355 -0.00222144
  0.0708921 -0.00532744 -0.00222144    0.279737
IMAGINARY
          0  0.00399161 -0.00226002 -0.00273947
-0.00399161           0  0.00524397 -0.00487151
 0.00226002 -0.00524397           0 -0.00379352
 0.00273947  0.00487151  0.00379352           0
Repeater10[0]<--->HoM5[0]
REAL
   0.276748 -0.00391158  0.00112865   0.0708921
-0.00391158    0.222355   0.0108683 -0.00222144
 0.00112865   0.0108683     0.22116 -0.00532744
  0.0708921 -0.00222144 -0.00532744    0.279737
IMAGINARY
          0 -0.00226002  0.00399161 -0.00273947
 0.00226002           0 -0.00524397 -0.00379352
-0.00399161  0.00524397           0 -0.00487151
 0.00273947  0.00379352  0.00487151           0
Repeater10[0]<--->Repeater11[0]
REAL
    0.452653 -0.000105707 -0.000870862     0.410464
-0.000105707    0.0462462   0.00499777  -0.00350885
-0.000870862   0.00499777    0.0444444  -0.00121839
    0.410464  -0.00350885  -0.00121839     0.456657
IMAGINARY
          0 -0.00420651 -0.00154651 -0.00133793
 0.00420651           0  0.00273681   0.0100079
 0.00154651 -0.00273681           0   -0.005811
 0.00133793  -0.0100079    0.005811           0
Repeater11[0]<--->Repeater10[0]
REAL
    0.452653 -0.000870862 -0.000105707     0.410464
-0.000870862    0.0444444   0.00499777  -0.00121839
-0.000105707   0.00499777    0.0462462  -0.00350885
    0.410464  -0.00121839  -0.00350885     0.456657
IMAGINARY
          0 -0.00154651 -0.00420651 -0.00133793
 0.00154651           0 -0.00273681   -0.005811
 0.00420651  0.00273681           0   0.0100079
 0.00133793    0.005811  -0.0100079           0
Repeater11[0]<--->HoM6[0]
REAL
    0.460701   0.00595568 -0.000247931     0.417643
  0.00595568    0.0419719    0.0133571   0.00664793
-0.000247931    0.0133571    0.0469214  -0.00215568
    0.417643   0.00664793  -0.00215568     0.450406
IMAGINARY
          0  0.00109874  0.00861945  0.00214785
-0.00109874           0  0.00136691 -0.00637455
-0.00861945 -0.00136691           0 -0.00354772
-0.00214785  0.00637455  0.00354772           0
EndNode1[0]<--->Repeater1[0]
REAL
   0.416633  0.00884754 -0.00027945    0.344586
 0.00884754   0.0783327   0.0103257    0.010064
-0.00027945   0.0103257   0.0954491  -0.0105277
   0.344586    0.010064  -0.0105277    0.409585
IMAGINARY
           0  -0.00149351   0.00533498  0.000424149
  0.00149351            0  -0.00224307  -0.00374516
 -0.00533498   0.00224307            0  0.000698598
-0.000424149   0.00374516 -0.000698598            0
EndNode2[0]<--->HoM6[0]
REAL
     0.45809  -0.00380884 -0.000312084     0.414981
 -0.00380884    0.0516583   0.00246142 -0.000412104
-0.000312084   0.00246142    0.0462312   0.00370538
    0.414981 -0.000412104   0.00370538      0.44402
IMAGINARY
          0   0.0054629   -0.001568 -0.00841441
 -0.0054629           0  0.00170626 -0.00257892
   0.001568 -0.00170626           0  0.00164611
 0.00841441  0.00257892 -0.00164611           0
Repeater1[0]<--->EndNode1[0]
REAL
   0.416633 -0.00027945  0.00884754    0.344586
-0.00027945   0.0954491   0.0103257  -0.0105277
 0.00884754   0.0103257   0.0783327    0.010064
   0.344586  -0.0105277    0.010064    0.409585
IMAGINARY
           0   0.00533498  -0.00149351  0.000424149
 -0.00533498            0   0.00224307  0.000698598
  0.00149351  -0.00224307            0  -0.00374516
-0.000424149 -0.000698598   0.00374516            0
Repeater1[0]<--->HoM1[0]
REAL
   0.417175 -0.00142233 -0.00451191    0.340796
-0.00142233     0.08312  0.00943036 -0.00286853
-0.00451191  0.00943036   0.0843018 -0.00182507
   0.340796 -0.00286853 -0.00182507    0.415403
IMAGINARY
           0  -0.00668678    0.0164199  -0.00594338
  0.00668678            0  9.77026e-05  -0.00697484
  -0.0164199 -9.77026e-05            0  0.000980364
  0.00594338   0.00697484 -0.000980364            0
Repeater2[0]<--->HoM1[0]
REAL
   0.417175 -0.00451191 -0.00142233    0.340796
-0.00451191   0.0843018  0.00943036 -0.00182507
-0.00142233  0.00943036     0.08312 -0.00286853
   0.340796 -0.00182507 -0.00286853    0.415403
IMAGINARY
           0    0.0164199  -0.00668678  -0.00594338
  -0.0164199            0 -9.77026e-05  0.000980364
  0.00668678  9.77026e-05            0  -0.00697484
  0.00594338 -0.000980364   0.00697484            0
Repeater2[0]<--->Repeater3[0]
REAL
   0.359325   0.0058133   0.0012088    0.237637
  0.0058133     0.14168   0.0169818  0.00340968
  0.0012088   0.0169818    0.154743 -0.00239964
   0.237637  0.00340968 -0.00239964    0.344252
IMAGINARY
           0   0.00654442  -0.00281783  0.000711455
 -0.00654442            0  -0.00263337  -0.00221275
  0.00281783   0.00263337            0 -0.000724733
-0.000711455   0.00221275  0.000724733            0
Repeater3[0]<--->Repeater2[0]
REAL
   0.359325   0.0012088   0.0058133    0.237637
  0.0012088    0.154743   0.0169818 -0.00239964
  0.0058133   0.0169818     0.14168  0.00340968
   0.237637 -0.00239964  0.00340968    0.344252
IMAGINARY
           0  -0.00281783   0.00654442  0.000711455
  0.00281783            0   0.00263337 -0.000724733
 -0.00654442  -0.00263337            0  -0.00221275
-0.000711455  0.000724733   0.00221275            0
Repeater3[0]<--->HoM2[0]
REAL
   0.367715 -0.00876973  -0.0089491    0.230564
-0.00876973    0.127378    0.012731  0.00622678
 -0.0089491    0.012731    0.138594  0.00503914
   0.230564  0.00622678  0.00503914    0.366313
IMAGINARY
           0   0.00695175  -0.00868606  -0.00440118
 -0.00695175            0 -0.000383506  -0.00167717
  0.00868606  0.000383506            0  -0.00048756
  0.00440118   0.00167717   0.00048756            0
Repeater4[0]<--->HoM2[0]
REAL
   0.367715  -0.0089491 -0.00876973    0.230564
 -0.0089491    0.138594    0.012731  0.00503914
-0.00876973    0.012731    0.127378  0.00622678
   0.230564  0.00503914  0.00622678    0.366313
IMAGINARY
           0  -0.00868606   0.00695175  -0.00440118
  0.00868606            0  0.000383506  -0.00048756
 -0.00695175 -0.000383506            0  -0.00167717
  0.00440118   0.00048756   0.00167717            0
Repeater4[0]<--->Repeater5[0]
REAL
   0.320138   0.0014587 0.000947517    0.156595
  0.0014587    0.174178  0.00762693  0.00450342
0.000947517  0.00762693    0.176411  0.00954229
   0.156595  0.00450342  0.00954229    0.329273
IMAGINARY
           0   0.00285997    0.0015408 -0.000897217
 -0.00285997            0  0.000601883   0.00236623
  -0.0015408 -0.000601883            0 -0.000355463
 0.000897217  -0.00236623  0.000355463            0
Repeater5[0]<--->Repeater4[0]
REAL
   0.320138 0.000947517   0.0014587    0.156595
0.000947517    0.176411  0.00762693  0.00954229
  0.0014587  0.00762693    0.174178  0.00450342
   0.156595  0.00954229  0.00450342    0.329273
IMAGINARY
           0    0.0015408   0.00285997 -0.000897217
  -0.0015408            0 -0.000601883 -0.000355463
 -0.00285997  0.000601883            0   0.00236623
 0.000897217  0.000355463  -0.00236623            0
Repeater5[0]<--->HoM3[0]
REAL
     0.3235  0.00886907 0.000376579    0.154587
 0.00886907    0.181782   0.0131632 -0.00311992
0.000376579   0.0131632    0.183576  0.00240912
   0.154587 -0.00311992  0.00240912    0.311142
IMAGINARY
           0   0.00446005 -0.000266596  -0.00174028
 -0.00446005            0  0.000437937   0.00144677
 0.000266596 -0.000437937            0    0.0020309
  0.00174028  -0.00144677   -0.0020309            0
Repeater6[0]<--->HoM3[0]
REAL
     0.3235 0.000376579  0.00886907    0.154587
0.000376579    0.183576   0.0131632  0.00240912
 0.00886907   0.0131632    0.181782 -0.00311992
   0.154587  0.00240912 -0.00311992    0.311142
IMAGINARY
           0 -0.000266596   0.00446005  -0.00174028
 0.000266596            0 -0.000437937    0.0020309
 -0.00446005  0.000437937            0   0.00144677
  0.00174028   -0.0020309  -0.00144677            0
Repeater6[0]<--->Repeater7[0]
REAL
   0.296005  -0.0045631 -0.00223041    0.110562
 -0.0045631    0.204399  0.00498995  0.00143896
-0.00223041  0.00498995     0.20117  0.00317806
   0.110562  0.00143896  0.00317806    0.298426
IMAGINARY
           0  -0.00240647  -0.00293491  -0.00259559
  0.00240647            0 -0.000155578   -0.0015427
  0.00293491  0.000155578            0   0.00290398
  0.00259559    0.0015427  -0.00290398            0
Repeater7[0]<--->Repeater6[0]
REAL
   0.296005 -0.00223041  -0.0045631    0.110562
-0.00223041     0.20117  0.00498995  0.00317806
 -0.0045631  0.00498995    0.204399  0.00143896
   0.110562  0.00317806  0.00143896    0.298426
IMAGINARY
           0  -0.00293491  -0.00240647  -0.00259559
  0.00293491            0  0.000155578   0.00290398
  0.00240647 -0.000155578            0   -0.0015427
  0.00259559  -0.00290398    0.0015427            0
Repeater7[0]<--->HoM4[0]
REAL
   0.301195  0.00314167 -0.00974854    0.109071
 0.00314167    0.201539  0.00974147 -0.00277365
-0.00974854  0.00974147    0.207211  -0.0103395
   0.109071 -0.00277365  -0.0103395    0.290055
IMAGINARY
           0 -0.000379445  -0.00617696  -0.00421964
 0.000379445            0   5.2126e-05  -0.00190345
  0.00617696  -5.2126e-05            0   0.00708027
  0.00421964   0.00190345  -0.00708027            0
Repeater8[0]<--->HoM4[0]
REAL
   0.301195 -0.00974854  0.00314167    0.109071
-0.00974854    0.207211  0.00974147  -0.0103395
 0.00314167  0.00974147    0.201539 -0.00277365
   0.109071  -0.0103395 -0.00277365    0.290055
IMAGINARY
           0  -0.00617696 -0.000379445  -0.00421964
  0.00617696            0  -5.2126e-05   0.00708027
 0.000379445   5.2126e-05            0  -0.00190345
  0.00421964  -0.00708027   0.00190345            0
Repeater8[0]<--->Repeater9[0]
REAL
   0.278959 -0.00231252   0.0074814   0.0704027
-0.00231252    0.219154   0.0180313  0.00185883
  0.0074814   0.0180313    0.219551 0.000722692
  0.0704027  0.00185883 0.000722692    0.282337
IMAGINARY
          0  0.00314835 -0.00443776   0.0088114
-0.00314835           0  -0.0103208 -0.00171763
 0.00443776   0.0103208           0  0.00946517
 -0.0088114  0.00171763 -0.00946517           0
Repeater9[0]<--->Repeater8[0]
REAL
   0.278959   0.0074814 -0.00231252   0.0704027
  0.0074814    0.219551   0.0180313 0.000722692
-0.00231252   0.0180313    0.219154  0.00185883
  0.0704027 0.000722692  0.00185883    0.282337
IMAGINARY
          0 -0.00443776  0.00314835   0.0088114
 0.00443776           0   0.0103208  0.00946517
-0.00314835  -0.0103208           0 -0.00171763
 -0.0088114 -0.00946517  0.00171763           0
Repeater9[0]<--->HoM5[0]
REAL
    0.27715 0.000892744  0.00240826   0.0670363
0.000892744    0.231164  0.00606549  0.00465959
 0.00240826  0.00606549    0.218846 0.000116949
  0.0670363  0.00465959 0.000116949    0.272839
IMAGINARY
           0 -0.000487584    0.0010328   0.00180489
 0.000487584            0   0.00150106   0.00390011
  -0.0010328  -0.00150106            0   0.00364465
 -0.00180489  -0.00390011  -0.00364465            0
Repeater10[0]<--->HoM5[0]
REAL
    0.27715  0.00240826 0.000892744   0.0670363
 0.00240826    0.218846  0.00606549 0.000116949
0.000892744  0.00606549    0.231164  0.00465959
  0.0670363 0.000116949  0.00465959    0.272839
IMAGINARY
           0    0.0010328 -0.000487584   0.00180489
  -0.0010328            0  -0.00150106   0.00364465
 0.000487584   0.00150106            0   0.00390011
 -0.00180489  -0.00364465  -0.00390011            0
Repeater10[0]<--->Repeater11[0]
REAL
   0.453065   0.0111602  0.00365449    0.414017
  0.0111602   0.0492771  0.00662774  0.00266946
 0.00365449  0.00662774   0.0460191 -0.00259226
   0.414017  0.00266946 -0.00259226    0.451639
IMAGINARY
          0 -0.00320045  0.00781647  0.00450036
 0.00320045           0  0.00500227  -0.0039741
-0.00781647 -0.00500227           0  0.00487532
-0.00450036   0.0039741 -0.00487532           0
Repeater11[0]<--->Repeater10[0]
REAL
   0.453065  0.00365449   0.0111602    0.414017
 0.00365449   0.0460191  0.00662774 -0.00259226
  0.0111602  0.00662774   0.0492771  0.00266946
   0.414017 -0.00259226  0.00266946    0.451639
IMAGINARY
          0  0.00781647 -0.00320045  0.00450036
-0.00781647           0 -0.00500227  0.00487532
 0.00320045  0.00500227           0  -0.0039741
-0.00450036 -0.00487532   0.0039741           0
Repeater11[0]<--->HoM6[0]
REAL
     0.45809 -0.000312084  -0.00380884     0.414981
-0.000312084    0.0462312   0.00246142   0.00370538
 -0.00380884   0.00246142    0.0516583 -0.000412104
    0.414981   0.00370538 -0.000412104      0.44402
IMAGINARY
          0   -0.001568   0.0054629 -0.00841441
   0.001568           0 -0.00170626  0.00164611
 -0.0054629  0.00170626           0 -0.00257892
 0.00841441 -0.00164611  0.00257892           0
EndNode1[0]<--->Repeater1[0]
REAL
    0.411844   0.00164314   0.00832799     0.333856
  0.00164314    0.0867041    0.0105394   0.00119678
  0.00832799    0.0105394    0.0814786 -0.000540269
    0.333856   0.00119678 -0.000540269     0.419973
IMAGINARY
          0   0.0031147  0.00354458 -0.00571941
 -0.0031147           0 -0.00501191  0.00620416
-0.00354458  0.00501191           0  -0.0030142
 0.00571941 -0.00620416   0.0030142           0
EndNode2[0]<--->HoM6[0]
REAL
   0.453196  -0.0081973  0.00637306    0.409847
 -0.0081973   0.0472986  0.00792544 -0.00536783
 0.00637306  0.00792544   0.0431427  0.00699103
   0.409847 -0.00536783  0.00699103    0.456363
IMAGINARY
          0  0.00105195  -0.0065831  0.00545042
-0.00105195           0 -0.00222071 -0.00322474
  0.0065831  0.00222071           0  0.00475269
-0.00545042  0.00322474 -0.00475269           0
Repeater1[0]<--->EndNode1[0]
REAL
    0.411844   0.00832799   0.00164314     0.333856
  0.00832799    0.0814786    0.0105394 -0.000540269
  0.00164314    0.0105394    0.0867041   0.00119678
    0.333856 -0.000540269   0.00119678     0.419973
IMAGINARY
          0  0.00354458   0.0031147 -0.00571941
-0.00354458           0  0.00501191  -0.0030142
 -0.0031147 -0.00501191           0  0.00620416
 0.00571941   0.0030142 -0.00620416           0
Repeater1[0]<--->HoM1[0]
REAL
   0.426366 0.000620855  0.00771928    0.351312
0.000620855   0.0791766    0.011958 -0.00308778
 0.00771928    0.011958   0.0827395  0.00260105
   0.351312 -0.00308778  0.00260105    0.411718
IMAGINARY
           0   0.00852105  -0.00773828  -0.00962741
 -0.00852105            0  0.000386751   -0.0044716
  0.00773828 -0.000386751            0  0.000459781
  0.00962741    0.0044716 -0.000459781            0
Repeater2[0]<--->HoM1[0]
REAL
   0.426366  0.00771928 0.000620855    0.351312
 0.00771928   0.0827395    0.011958  0.00260105
0.000620855    0.011958   0.0791766 -0.00308778
   0.351312  0.00260105 -0.00308778    0.411718
IMAGINARY
           0  -0.00773828   0.00852105  -0.00962741
  0.00773828            0 -0.000386751  0.000459781
 -0.00852105  0.000386751            0   -0.0044716
  0.00962741 -0.000459781    0.0044716            0
Repeater2[0]<--->Repeater3[0]
REAL
     0.36313   0.00188926   0.00335138     0.231869
  0.00188926     0.135377   0.00873223 -0.000466952
  0.00335138   0.00873223     0.141748   0.00457583
    0.231869 -0.000466952   0.00457583     0.359745
IMAGINARY
           0  0.000256384   -0.0054467   0.00383899
-0.000256384            0  -0.00515133  -0.00623317
   0.0054467   0.00515133            0   0.00837656
 -0.00383899   0.00623317  -0.00837656            0
Repeater3[0]<--->Repeater2[0]
REAL
     0.36313   0.00335138   0.00188926     0.231869
  0.00335138     0.141748   0.00873223   0.00457583
  0.00188926   0.00873223     0.135377 -0.000466952
    0.231869   0.00457583 -0.000466952     0.359745
IMAGINARY
           0   -0.0054467  0.000256384   0.00383899
   0.0054467            0   0.00515133   0.00837656
-0.000256384  -0.00515133            0  -0.00623317
 -0.00383899  -0.00837656   0.00623317            0
Repeater3[0]<--->HoM2[0]
REAL
   0.354749 0.000215426 -0.00909756     0.22864
0.000215426    0.139203   0.0129241 0.000509965
-0.00909756   0.0129241    0.142772   0.0035227
    0.22864 0.000509965   0.0035227    0.363276
IMAGINARY
          0 -0.00614856 -0.00456935  0.00566549
 0.00614856           0  0.00217457  0.00246724
 0.00456935 -0.00217457           0  0.00584826
-0.00566549 -0.00246724 -0.00584826           0
Repeater4[0]<--->HoM2[0]
REAL
   0.354749 -0.00909756 0.000215426     0.22864
-0.00909756    0.142772   0.0129241   0.0035227
0.000215426   0.0129241    0.139203 0.000509965
    0.22864   0.0035227 0.000509965    0.363276
IMAGINARY
          0 -0.00456935 -0.00614856  0.00566549
 0.00456935           0 -0.00217457  0.00584826
 0.00614856  0.00217457           0  0.00246724
-0.00566549 -0.00584826 -0.00246724           0
Repeater4[0]<--->Repeater5[0]
REAL
   0.321171  0.00599123  0.00131097    0.159912
 0.00599123    0.173416   0.0126455 -0.00039689
 0.00131097   0.0126455    0.181836  0.00589177
   0.159912 -0.00039689  0.00589177    0.323577
IMAGINARY
           0  0.000574966   0.00757021  -0.00464913
-0.000574966            0  -0.00291621   0.00604922
 -0.00757021   0.00291621            0   0.00344228
  0.00464913  -0.00604922  -0.00344228            0
Repeater5[0]<--->Repeater4[0]
REAL
   0.321171  0.00131097  0.00599123    0.159912
 0.00131097    0.181836   0.0126455  0.00589177
 0.00599123   0.0126455    0.173416 -0.00039689
   0.159912  0.00589177 -0.00039689    0.323577
IMAGINARY
           0   0.00757021  0.000574966  -0.00464913
 -0.00757021            0   0.00291621   0.00344228
-0.000574966  -0.00291621            0   0.00604922
  0.00464913  -0.00344228  -0.00604922            0
Repeater5[0]<--->HoM3[0]
REAL
   0.319586  0.00143183 -0.00241261    0.149745
 0.00143183    0.185496   0.0215545 -0.00312616
-0.00241261   0.0215545    0.174941 -0.00213677
   0.149745 -0.00312616 -0.00213677    0.319977
IMAGINARY
           0   0.00321723 -0.000173901  -0.00125342
 -0.00321723            0    0.0076235  -0.00493014
 0.000173901   -0.0076235            0   -0.0047877
  0.00125342   0.00493014    0.0047877            0
Repeater6[0]<--->HoM3[0]
REAL
   0.319586 -0.00241261  0.00143183    0.149745
-0.00241261    0.174941   0.0215545 -0.00213677
 0.00143183   0.0215545    0.185496 -0.00312616
   0.149745 -0.00213677 -0.00312616    0.319977
IMAGINARY
           0 -0.000173901   0.00321723  -0.00125342
 0.000173901            0   -0.0076235   -0.0047877
 -0.00321723    0.0076235            0  -0.00493014
  0.00125342    0.0047877   0.00493014            0
Repeater6[0]<--->Repeater7[0]
REAL
   0.301432  -0.0010726  0.00250754   0.0986275
 -0.0010726    0.194548   0.0109383 -6.0362e-06
 0.00250754   0.0109383    0.207688 -0.00262962
  0.0986275 -6.0362e-06 -0.00262962    0.296333
IMAGINARY
           0  -0.00242906  -0.00612826    0.0033895
  0.00242906            0  0.000180513    0.0126873
  0.00612826 -0.000180513            0   0.00656629
  -0.0033895   -0.0126873  -0.00656629            0
Repeater7[0]<--->Repeater6[0]
REAL
   0.301432  0.00250754  -0.0010726   0.0986275
 0.00250754    0.207688   0.0109383 -0.00262962
 -0.0010726   0.0109383    0.194548 -6.0362e-06
  0.0986275 -0.00262962 -6.0362e-06    0.296333
IMAGINARY
           0  -0.00612826  -0.00242906    0.0033895
  0.00612826            0 -0.000180513   0.00656629
  0.00242906  0.000180513            0    0.0126873
  -0.0033895  -0.00656629   -0.0126873            0
Repeater7[0]<--->HoM4[0]
REAL
   0.282726 -0.00637188 0.000269826   0.0989677
-0.00637188    0.200239  0.00115461  0.00625546
0.000269826  0.00115461    0.213389    0.001274
  0.0989677  0.00625546    0.001274    0.303646
IMAGINARY
          0 -0.00640814 -0.00605336 -0.00363961
 0.00640814           0 -0.00522064   0.0042641
 0.00605336  0.00522064           0 -0.00750836
 0.00363961  -0.0042641  0.00750836           0
Repeater8[0]<--->HoM4[0]
REAL
   0.282726 0.000269826 -0.00637188   0.0989677
0.000269826    0.213389  0.00115461    0.001274
-0.00637188  0.00115461    0.200239  0.00625546
  0.0989677    0.001274  0.00625546    0.303646
IMAGINARY
          0 -0.00605336 -0.00640814 -0.00363961
 0.00605336           0  0.00522064 -0.00750836
 0.00640814 -0.00522064           0   0.0042641
 0.00363961  0.00750836  -0.0042641           0
Repeater8[0]<--->Repeater9[0]
REAL
   0.265335 0.000171149 8.75007e-06   0.0626646
0.000171149    0.228372 -0.00116727 -0.00367284
8.75007e-06 -0.00116727    0.217582 -0.00264689
  0.0626646 -0.00367284 -0.00264689    0.288711
IMAGINARY
          0  0.00226892  0.00306222  0.00645077
-0.00226892           0  0.00374915 -0.00276897
-0.00306222 -0.00374915           0  0.00349843
-0.00645077  0.00276897 -0.00349843           0
Repeater9[0]<--->Repeater8[0]
REAL
   0.265335 8.75007e-06 0.000171149   0.0626646
8.75007e-06    0.217582 -0.00116727 -0.00264689
0.000171149 -0.00116727    0.228372 -0.00367284
  0.0626646 -0.00264689 -0.00367284    0.288711
IMAGINARY
          0  0.00306222  0.00226892  0.00645077
-0.00306222           0 -0.00374915  0.00349843
-0.00226892  0.00374915           0 -0.00276897
-0.00645077 -0.00349843  0.00276897           0
Repeater9[0]<--->HoM5[0]
REAL
   0.272509    0.014495 -0.00195946   0.0685709
   0.014495    0.222489   0.0166427 -0.00368115
-0.00195946   0.0166427    0.222689 -0.00341519
  0.0685709 -0.00368115 -0.00341519    0.282313
IMAGINARY
          0 -0.00212038  0.00236301 -0.00659811
 0.00212038           0  0.00468008 -0.00287311
-0.00236301 -0.00468008           0    0.000182
 0.00659811  0.00287311   -0.000182           0
Repeater10[0]<--->HoM5[0]
REAL
   0.272509 -0.00195946    0.014495   0.0685709
-0.00195946    0.222689   0.0166427 -0.00341519
   0.014495   0.0166427    0.222489 -0.00368115
  0.0685709 -0.00341519 -0.00368115    0.282313
IMAGINARY
          0  0.00236301 -0.00212038 -0.00659811
-0.00236301           0 -0.00468008    0.000182
 0.00212038  0.00468008           0 -0.00287311
 0.00659811   -0.000182  0.00287311           0
Repeater10[0]<--->Repeater11[0]
REAL
   0.462323  0.00571457 -0.00691795    0.412467
 0.00571457   0.0496468   0.0112548  0.00412243
-0.00691795   0.0112548   0.0441523 -0.00571457
   0.412467  0.00412243 -0.00571457    0.443878
IMAGINARY
           0  0.000544682  0.000696141  0.000767414
-0.000544682            0  -0.00117097   -0.0015906
-0.000696141   0.00117097            0  -0.00382435
-0.000767414    0.0015906   0.00382435            0
Repeater11[0]<--->Repeater10[0]
REAL
   0.462323 -0.00691795  0.00571457    0.412467
-0.00691795   0.0441523   0.0112548 -0.00571457
 0.00571457   0.0112548   0.0496468  0.00412243
   0.412467 -0.00571457  0.00412243    0.443878
IMAGINARY
           0  0.000696141  0.000544682  0.000767414
-0.000696141            0   0.00117097  -0.00382435
-0.000544682  -0.00117097            0   -0.0015906
-0.000767414   0.00382435    0.0015906            0
Repeater11[0]<--->HoM6[0]
REAL
   0.453196  0.00637306  -0.0081973    0.409847
 0.00637306   0.0431427  0.00792544  0.00699103
 -0.0081973  0.00792544   0.0472986 -0.00536783
   0.409847  0.00699103 -0.00536783    0.456363
IMAGINARY
          0  -0.0065831  0.00105195  0.00545042
  0.0065831           0  0.00222071  0.00475269
-0.00105195 -0.00222071           0 -0.00322474
-0.00545042 -0.00475269  0.00322474           0
EndNode1[0]<--->Repeater1[0]
REAL
   0.416404 -0.00235222 0.000182013    0.343166
-0.00235222   0.0824132  0.00745199  0.00699788
0.000182013  0.00745199     0.07847  0.00255166
   0.343166  0.00699788  0.00255166    0.422713
IMAGINARY
           0   0.00118713   0.00416374   0.00369941
 -0.00118713            0   0.00187828  0.000399752
 -0.00416374  -0.00187828            0   0.00178906
 -0.00369941 -0.000399752  -0.00178906            0
EndNode2[0]<--->HoM6[0]
REAL
   0.453122 -0.00142079  0.00255441    0.412886
-0.00142079   0.0438904  0.00960232  0.00195893
 0.00255441  0.00960232   0.0449207  0.00573791
   0.412886  0.00195893  0.00573791    0.458067
IMAGINARY
          0  0.00183448  0.00253543  0.00186009
-0.00183448           0   0.0123917  -0.0012419
-0.00253543  -0.0123917           0  0.00284214
-0.00186009   0.0012419 -0.00284214           0
Repeater1[0]<--->EndNode1[0]
REAL
   0.416404 0.000182013 -0.00235222    0.343166
0.000182013     0.07847  0.00745199  0.00255166
-0.00235222  0.00745199   0.0824132  0.00699788
   0.343166  0.00255166  0.00699788    0.422713
IMAGINARY
           0   0.00416374   0.00118713   0.00369941
 -0.00416374            0  -0.00187828   0.00178906
 -0.00118713   0.00187828            0  0.000399752
 -0.00369941  -0.00178906 -0.000399752            0
Repeater1[0]<--->HoM1[0]
REAL
   0.407484 0.000780316  0.00273298    0.338306
0.000780316   0.0834704  0.00582895  0.00899665
 0.00273298  0.00582895   0.0803865  0.00418986
   0.338306  0.00899665  0.00418986     0.42866
IMAGINARY
          0  0.00583094  0.00320416 -0.00235667
-0.00583094           0 -0.00295595 -0.00557477
-0.00320416  0.00295595           0 -0.00267013
 0.00235667  0.00557477  0.00267013           0
Repeater2[0]<--->HoM1[0]
REAL
   0.407484  0.00273298 0.000780316    0.338306
 0.00273298   0.0803865  0.00582895  0.00418986
0.000780316  0.00582895   0.0834704  0.00899665
   0.338306  0.00418986  0.00899665     0.42866
IMAGINARY
          0  0.00320416  0.00583094 -0.00235667
-0.00320416           0  0.00295595 -0.00267013
-0.00583094 -0.00295595           0 -0.00557477
 0.00235667  0.00267013  0.00557477           0
Repeater2[0]<--->Repeater3[0]
REAL
   0.353935  0.00579113 -0.00111898    0.230096
 0.00579113     0.13911   0.0154377  0.00747071
-0.00111898   0.0154377    0.142687 -0.00579113
   0.230096  0.00747071 -0.00579113    0.364269
IMAGINARY
          0  0.00267799  0.00606656  0.00105935
-0.00267799           0  0.00796074 -0.00767299
-0.00606656 -0.00796074           0  -0.0032804
-0.00105935  0.00767299   0.0032804           0
Repeater3[0]<--->Repeater2[0]
REAL
   0.353935 -0.00111898  0.00579113    0.230096
-0.00111898    0.142687   0.0154377 -0.00579113
 0.00579113   0.0154377     0.13911  0.00747071
   0.230096 -0.00579113  0.00747071    0.364269
IMAGINARY
          0  0.00606656  0.00267799  0.00105935
-0.00606656           0 -0.00796074  -0.0032804
-0.00267799  0.00796074           0 -0.00767299
-0.00105935   0.0032804  0.00767299           0
Repeater3[0]<--->HoM2[0]
REAL
   0.358691  0.00726094 -0.00140359    0.235196
 0.00726094     0.13244   0.0143504  0.00311903
-0.00140359   0.0143504    0.143082 -0.00655458
   0.235196  0.00311903 -0.00655458    0.365786
IMAGINARY
           0  -0.00743653  0.000418052   0.00171642
  0.00743653            0  -0.00776921   0.00567703
-0.000418052   0.00776921            0   0.00012243
 -0.00171642  -0.00567703  -0.00012243            0
Repeater4[0]<--->HoM2[0]
REAL
   0.358691 -0.00140359  0.00726094    0.235196
-0.00140359    0.143082   0.0143504 -0.00655458
 0.00726094   0.0143504     0.13244  0.00311903
   0.235196 -0.00655458  0.00311903    0.365786
IMAGINARY
           0  0.000418052  -0.00743653   0.00171642
-0.000418052            0   0.00776921   0.00012243
  0.00743653  -0.00776921            0   0.00567703
 -0.00171642  -0.00012243  -0.00567703            0
Repeater4[0]<--->Repeater5[0]
REAL
    0.330663  -0.00122485   0.00683064     0.151932
 -0.00122485     0.177248   0.00410343 -0.000169358
  0.00683064   0.00410343     0.173243  -0.00261044
    0.151932 -0.000169358  -0.00261044     0.318846
IMAGINARY
          0  0.00304972  0.00303437  0.00344687
-0.00304972           0  0.00396202 -0.00115057
-0.00303437 -0.00396202           0  -0.0017608
-0.00344687  0.00115057   0.0017608           0
Repeater5[0]<--->Repeater4[0]
REAL
    0.330663   0.00683064  -0.00122485     0.151932
  0.00683064     0.173243   0.00410343  -0.00261044
 -0.00122485   0.00410343     0.177248 -0.000169358
    0.151932  -0.00261044 -0.000169358     0.318846
IMAGINARY
          0  0.00303437  0.00304972  0.00344687
-0.00303437           0 -0.00396202  -0.0017608
-0.00304972  0.00396202           0 -0.00115057
-0.00344687   0.0017608  0.00115057           0
Repeater5[0]<--->HoM3[0]
REAL
   0.328213 -0.00161161 -0.00964748    0.155851
-0.00161161    0.177648  0.00712347   0.0035962
-0.00964748  0.00712347    0.175222   0.0084834
   0.155851   0.0035962   0.0084834    0.318917
IMAGINARY
           0  0.000425691   0.00326302   0.00202376
-0.000425691            0  -0.00151676   0.00188561
 -0.00326302   0.00151676            0   -0.0075172
 -0.00202376  -0.00188561    0.0075172            0
Repeater6[0]<--->HoM3[0]
REAL
   0.328213 -0.00964748 -0.00161161    0.155851
-0.00964748    0.175222  0.00712347   0.0084834
-0.00161161  0.00712347    0.177648   0.0035962
   0.155851   0.0084834   0.0035962    0.318917
IMAGINARY
           0   0.00326302  0.000425691   0.00202376
 -0.00326302            0   0.00151676   -0.0075172
-0.000425691  -0.00151676            0   0.00188561
 -0.00202376    0.0075172  -0.00188561            0
Repeater6[0]<--->Repeater7[0]
REAL
   0.296737  0.00631232 -0.00411664   0.0963155
 0.00631232    0.201853     0.02044  0.00514081
-0.00411664     0.02044    0.207293  0.00147138
  0.0963155  0.00514081  0.00147138    0.294118
IMAGINARY
          0 -0.00990242  0.00445037  0.00568792
 0.00990242           0  0.00946976  0.00425329
-0.00445037 -0.00946976           0    0.010824
-0.00568792 -0.00425329   -0.010824           0
Repeater7[0]<--->Repeater6[0]
REAL
   0.296737 -0.00411664  0.00631232   0.0963155
-0.00411664    0.207293     0.02044  0.00147138
 0.00631232     0.02044    0.201853  0.00514081
  0.0963155  0.00147138  0.00514081    0.294118
IMAGINARY
          0  0.00445037 -0.00990242  0.00568792
-0.00445037           0 -0.00946976    0.010824
 0.00990242  0.00946976           0  0.00425329
-0.00568792   -0.010824 -0.00425329           0
Repeater7[0]<--->HoM4[0]
REAL
   0.301474 -0.00906723 -0.00967997    0.101754
-0.00906723    0.214656   0.0110475  -0.0015804
-0.00967997   0.0110475     0.19992 0.000177461
   0.101754  -0.0015804 0.000177461    0.283951
IMAGINARY
           0 -0.000924025  -0.00427019   0.00939863
 0.000924025            0  -0.00537772  -0.00567299
  0.00427019   0.00537772            0  0.000924025
 -0.00939863   0.00567299 -0.000924025            0
Repeater8[0]<--->HoM4[0]
REAL
   0.301474 -0.00967997 -0.00906723    0.101754
-0.00967997     0.19992   0.0110475 0.000177461
-0.00906723   0.0110475    0.214656  -0.0015804
   0.101754 0.000177461  -0.0015804    0.283951
IMAGINARY
           0  -0.00427019 -0.000924025   0.00939863
  0.00427019            0   0.00537772  0.000924025
 0.000924025  -0.00537772            0  -0.00567299
 -0.00939863 -0.000924025   0.00567299            0
Repeater8[0]<--->Repeater9[0]
REAL
   0.295427 -0.00310892  0.00937651   0.0673922
-0.00310892    0.220618  0.00431901 -0.00334288
 0.00937651  0.00431901    0.206177  0.00498825
  0.0673922 -0.00334288  0.00498825    0.277778
IMAGINARY
           0  -0.00727027    -0.014256 -0.000444107
  0.00727027            0   -0.0063566   0.00518732
    0.014256    0.0063566            0   0.00411152
 0.000444107  -0.00518732  -0.00411152            0
Repeater9[0]<--->Repeater8[0]
REAL
   0.295427  0.00937651 -0.00310892   0.0673922
 0.00937651    0.206177  0.00431901  0.00498825
-0.00310892  0.00431901    0.220618 -0.00334288
  0.0673922  0.00498825 -0.00334288    0.277778
IMAGINARY
           0    -0.014256  -0.00727027 -0.000444107
    0.014256            0    0.0063566   0.00411152
  0.00727027   -0.0063566            0   0.00518732
 0.000444107  -0.00411152  -0.00518732            0
Repeater9[0]<--->HoM5[0]
REAL
