EndNode1[0]<--->Repeater1[0]
REAL
   0.498265   0.0105587   0.0145381    0.495717
  0.0105587  0.00244948 0.000337778   0.0065664
  0.0145381 0.000337778  0.00306185   0.0101514
   0.495717   0.0065664   0.0101514    0.496224
IMAGINARY
           0  0.000398944  0.000850486   0.00580366
-0.000398944            0  -0.00401582  -0.00165402
-0.000850486   0.00401582            0  0.000203708
 -0.00580366   0.00165402 -0.000203708            0
EndNode2[0]<--->HoM6[0]
REAL
   0.501494 -0.00711067 -0.00876431    0.497114
-0.00711067  0.00119546 0.000869574 -0.00404069
-0.00876431 0.000869574  0.00179319 -0.00529102
   0.497114 -0.00404069 -0.00529102    0.495517
IMAGINARY
           0  -0.00186772  -0.00207633  -0.00483396
  0.00186772            0  -0.00189338    0.0031635
  0.00207633   0.00189338            0  0.000978212
  0.00483396   -0.0031635 -0.000978212            0
Repeater1[0]<--->EndNode1[0]
REAL
   0.498265   0.0145381   0.0105587    0.495717
  0.0145381  0.00306185 0.000337778   0.0101514
  0.0105587 0.000337778  0.00244948   0.0065664
   0.495717   0.0101514   0.0065664    0.496224
IMAGINARY
           0  0.000850486  0.000398944   0.00580366
-0.000850486            0   0.00401582  0.000203708
-0.000398944  -0.00401582            0  -0.00165402
 -0.00580366 -0.000203708   0.00165402            0
Repeater1[0]<--->HoM1[0]
REAL
    0.508141  -0.00481916  -0.00362086     0.494945
 -0.00481916   0.00218427 -0.000241358  -0.00167533
 -0.00362086 -0.000241358    0.0019857  -0.00028088
    0.494945  -0.00167533  -0.00028088     0.487689
IMAGINARY
          0   0.0012988 -0.00509536 -0.00528978
 -0.0012988           0 -0.00804894  0.00248806
 0.00509536  0.00804894           0  0.00331412
 0.00528978 -0.00248806 -0.00331412           0
Repeater2[0]<--->HoM1[0]
REAL
    0.508141  -0.00362086  -0.00481916     0.494945
 -0.00362086    0.0019857 -0.000241358  -0.00028088
 -0.00481916 -0.000241358   0.00218427  -0.00167533
    0.494945  -0.00028088  -0.00167533     0.487689
IMAGINARY
          0 -0.00509536   0.0012988 -0.00528978
 0.00509536           0  0.00804894  0.00331412
 -0.0012988 -0.00804894           0  0.00248806
 0.00528978 -0.00331412 -0.00248806           0
Repeater2[0]<--->Repeater3[0]
REAL
   0.488563 0.000206041 -0.00343263    0.490101
0.000206041  0.00481541   0.0012385  0.00373474
-0.00343263   0.0012385  0.00481541 -0.00292507
   0.490101  0.00373474 -0.00292507    0.501806
IMAGINARY
           0  0.000710098 -0.000987322  -0.00575766
-0.000710098            0  -0.00441386   0.00794834
 0.000987322   0.00441386            0  -0.00727334
  0.00575766  -0.00794834   0.00727334            0
Repeater3[0]<--->Repeater2[0]
REAL
   0.488563 -0.00343263 0.000206041    0.490101
-0.00343263  0.00481541   0.0012385 -0.00292507
0.000206041   0.0012385  0.00481541  0.00373474
   0.490101 -0.00292507  0.00373474    0.501806
IMAGINARY
           0 -0.000987322  0.000710098  -0.00575766
 0.000987322            0   0.00441386  -0.00727334
-0.000710098  -0.00441386            0   0.00794834
  0.00575766   0.00727334  -0.00794834            0
Repeater3[0]<--->HoM2[0]
REAL
    0.504961   0.00226506  -0.00105744     0.492031
  0.00226506   0.00445434   0.00125492 -0.000265045
 -0.00105744   0.00125492   0.00587163  -0.00419792
    0.492031 -0.000265045  -0.00419792     0.484714
IMAGINARY
          0  0.00315761  -0.0032076   0.0026727
-0.00315761           0 -0.00417661  0.00050056
  0.0032076  0.00417661           0  0.00195569
 -0.0026727 -0.00050056 -0.00195569           0
Repeater4[0]<--->HoM2[0]
REAL
    0.504961  -0.00105744   0.00226506     0.492031
 -0.00105744   0.00587163   0.00125492  -0.00419792
  0.00226506   0.00125492   0.00445434 -0.000265045
    0.492031  -0.00419792 -0.000265045     0.484714
IMAGINARY
          0  -0.0032076  0.00315761   0.0026727
  0.0032076           0  0.00417661  0.00195569
-0.00315761 -0.00417661           0  0.00050056
 -0.0026727 -0.00195569 -0.00050056           0
Repeater4[0]<--->Repeater5[0]
REAL
   0.502507 -0.00795675 -0.00334157    0.488164
-0.00795675  0.00802085  0.00145077 -0.00634487
-0.00334157  0.00145077  0.00621616 -0.00133025
   0.488164 -0.00634487 -0.00133025    0.483256
IMAGINARY
           0  0.000992102   0.00497103 -0.000918376
-0.000992102            0  -0.00547395  -0.00742401
 -0.00497103   0.00547395            0  -0.00119652
 0.000918376   0.00742401   0.00119652            0
Repeater5[0]<--->Repeater4[0]
REAL
   0.502507 -0.00334157 -0.00795675    0.488164
-0.00334157  0.00621616  0.00145077 -0.00133025
-0.00795675  0.00145077  0.00802085 -0.00634487
   0.488164 -0.00133025 -0.00634487    0.483256
IMAGINARY
           0   0.00497103  0.000992102 -0.000918376
 -0.00497103            0   0.00547395  -0.00119652
-0.000992102  -0.00547395            0  -0.00742401
 0.000918376   0.00119652   0.00742401            0
Repeater5[0]<--->HoM3[0]
REAL
         0.5 -0.000701732 -0.000757487     0.486214
-0.000701732   0.00741186  0.000963404   0.00184251
-0.000757487  0.000963404   0.00641026  0.000800371
    0.486214   0.00184251  0.000800371     0.486178
IMAGINARY
           0  -0.00690173   0.00519767   0.00112982
  0.00690173            0   0.00400852 -0.000114954
 -0.00519767  -0.00400852            0    0.0026163
 -0.00112982  0.000114954   -0.0026163            0
Repeater6[0]<--->HoM3[0]
REAL
         0.5 -0.000757487 -0.000701732     0.486214
-0.000757487   0.00641026  0.000963404  0.000800371
-0.000701732  0.000963404   0.00741186   0.00184251
    0.486214  0.000800371   0.00184251     0.486178
IMAGINARY
           0   0.00519767  -0.00690173   0.00112982
 -0.00519767            0  -0.00400852    0.0026163
  0.00690173   0.00400852            0 -0.000114954
 -0.00112982   -0.0026163  0.000114954            0
Repeater6[0]<--->Repeater7[0]
REAL
   0.485217 -0.00522106 -0.00886861    0.482233
-0.00522106   0.0103281 0.000139065   0.0058638
-0.00886861 0.000139065  0.00850547  0.00181561
   0.482233   0.0058638  0.00181561     0.49595
IMAGINARY
          0 -0.00511873   0.0030524  0.00663121
 0.00511873           0 -0.00419911  0.00285079
 -0.0030524  0.00419911           0 -0.00176832
-0.00663121 -0.00285079  0.00176832           0
Repeater7[0]<--->Repeater6[0]
REAL
   0.485217 -0.00886861 -0.00522106    0.482233
-0.00886861  0.00850547 0.000139065  0.00181561
-0.00522106 0.000139065   0.0103281   0.0058638
   0.482233  0.00181561   0.0058638     0.49595
IMAGINARY
          0   0.0030524 -0.00511873  0.00663121
 -0.0030524           0  0.00419911 -0.00176832
 0.00511873 -0.00419911           0  0.00285079
-0.00663121  0.00176832 -0.00285079           0
Repeater7[0]<--->HoM4[0]
REAL
   0.496538 -0.00175451 -0.00243784     0.48263
-0.00175451  0.00733198  0.00126695 -0.00114069
-0.00243784  0.00126695   0.0124236 0.000362856
    0.48263 -0.00114069 0.000362856    0.483707
IMAGINARY
           0   0.00986802  -0.00139107   -0.0102223
 -0.00986802            0  0.000570538    -0.011635
  0.00139107 -0.000570538            0   0.00416003
   0.0102223     0.011635  -0.00416003            0
Repeater8[0]<--->HoM4[0]
REAL
   0.496538 -0.00243784 -0.00175451     0.48263
-0.00243784   0.0124236  0.00126695 0.000362856
-0.00175451  0.00126695  0.00733198 -0.00114069
    0.48263 0.000362856 -0.00114069    0.483707
IMAGINARY
           0  -0.00139107   0.00986802   -0.0102223
  0.00139107            0 -0.000570538   0.00416003
 -0.00986802  0.000570538            0    -0.011635
   0.0102223  -0.00416003     0.011635            0
Repeater8[0]<--->Repeater9[0]
REAL
   0.488876  0.00554441  0.00607036    0.478762
 0.00554441   0.0139791   0.0019515  0.00213645
 0.00607036   0.0019515   0.0104351 -0.00267202
   0.478762  0.00213645 -0.00267202     0.48671
IMAGINARY
          0  0.00612178 -0.00383485  0.00182032
-0.00612178           0  -0.0112771 -0.00242413
 0.00383485   0.0112771           0  0.00157369
-0.00182032  0.00242413 -0.00157369           0
Repeater9[0]<--->Repeater8[0]
REAL
   0.488876  0.00607036  0.00554441    0.478762
 0.00607036   0.0104351   0.0019515 -0.00267202
 0.00554441   0.0019515   0.0139791  0.00213645
   0.478762 -0.00267202  0.00213645     0.48671
IMAGINARY
          0 -0.00383485  0.00612178  0.00182032
 0.00383485           0   0.0112771  0.00157369
-0.00612178  -0.0112771           0 -0.00242413
-0.00182032 -0.00157369  0.00242413           0
Repeater9[0]<--->HoM5[0]
REAL
    0.50132 0.000304882  0.00101924     0.47806
0.000304882   0.0117814  0.00275873  0.00303455
 0.00101924  0.00275873   0.0109689  0.00552862
    0.47806  0.00303455  0.00552862    0.475929
IMAGINARY
           0   -0.0025546    0.0042542 -0.000620788
   0.0025546            0    0.0030608  0.000966688
  -0.0042542   -0.0030608            0  -0.00166227
 0.000620788 -0.000966688   0.00166227            0
Repeater10[0]<--->HoM5[0]
REAL
    0.50132  0.00101924 0.000304882     0.47806
 0.00101924   0.0109689  0.00275873  0.00552862
0.000304882  0.00275873   0.0117814  0.00303455
    0.47806  0.00552862  0.00303455    0.475929
IMAGINARY
           0    0.0042542   -0.0025546 -0.000620788
  -0.0042542            0   -0.0030608  -0.00166227
   0.0025546    0.0030608            0  0.000966688
 0.000620788   0.00166227 -0.000966688            0
Repeater10[0]<--->Repeater11[0]
REAL
   0.500809 -0.00394773 -0.00451161     0.49794
-0.00394773 0.000809061 0.000673584 -0.00340918
-0.00451161 0.000673584  0.00101133 -0.00496316
    0.49794 -0.00340918 -0.00496316    0.497371
IMAGINARY
           0   0.00971485  -0.00400615  0.000578211
 -0.00971485            0   0.00824878   -0.0102461
  0.00400615  -0.00824878            0   0.00375645
-0.000578211    0.0102461  -0.00375645            0
Repeater11[0]<--->Repeater10[0]
REAL
   0.500809 -0.00451161 -0.00394773     0.49794
-0.00451161  0.00101133 0.000673584 -0.00496316
-0.00394773 0.000673584 0.000809061 -0.00340918
    0.49794 -0.00496316 -0.00340918    0.497371
IMAGINARY
           0  -0.00400615   0.00971485  0.000578211
  0.00400615            0  -0.00824878   0.00375645
 -0.00971485   0.00824878            0   -0.0102461
-0.000578211  -0.00375645    0.0102461            0
Repeater11[0]<--->HoM6[0]
REAL
   0.501494 -0.00876431 -0.00711067    0.497114
-0.00876431  0.00179319 0.000869574 -0.00529102
-0.00711067 0.000869574  0.00119546 -0.00404069
   0.497114 -0.00529102 -0.00404069    0.495517
IMAGINARY
           0  -0.00207633  -0.00186772  -0.00483396
  0.00207633            0   0.00189338  0.000978212
  0.00186772  -0.00189338            0    0.0031635
  0.00483396 -0.000978212   -0.0031635            0
EndNode1[0]<--->Repeater1[0]
REAL
   0.497585 0.000505295  0.00687492    0.495098
0.000505295  0.00221417 0.000712745 -0.00936844
 0.00687492 0.000712745  0.00221417 -0.00279933
   0.495098 -0.00936844 -0.00279933    0.497987
IMAGINARY
          0   0.0036726  0.00541421  0.00577727
 -0.0036726           0  0.00721997  -0.0029077
-0.00541421 -0.00721997           0 -0.00617912
-0.00577727   0.0029077  0.00617912           0
EndNode2[0]<--->HoM6[0]
REAL
   0.496679   0.0002445  0.00351417    0.497204
  0.0002445 0.000402495 0.000374446  0.00193377
 0.00351417 0.000374446  0.00181123  0.00439634
   0.497204  0.00193377  0.00439634    0.501107
IMAGINARY
           0  0.000962591  -0.00896387  0.000595119
-0.000962591            0   0.00476841  -0.00579737
  0.00896387  -0.00476841            0    0.0137987
-0.000595119   0.00579737   -0.0137987            0
Repeater1[0]<--->EndNode1[0]
REAL
   0.497585  0.00687492 0.000505295    0.495098
 0.00687492  0.00221417 0.000712745 -0.00279933
0.000505295 0.000712745  0.00221417 -0.00936844
   0.495098 -0.00279933 -0.00936844    0.497987
IMAGINARY
          0  0.00541421   0.0036726  0.00577727
-0.00541421           0 -0.00721997 -0.00617912
 -0.0036726  0.00721997           0  -0.0029077
-0.00577727  0.00617912   0.0029077           0
Repeater1[0]<--->HoM1[0]
REAL
    0.500101 -0.000960321  -0.00802454     0.495493
-0.000960321   0.00241887  0.000666194   0.00610419
 -0.00802454  0.000666194   0.00423302 -0.000757892
    0.495493   0.00610419 -0.000757892     0.493247
IMAGINARY
          0  0.00539263 -0.00399695 -0.00266901
-0.00539263           0 -0.00448645 -0.00754305
 0.00399695  0.00448645           0  0.00773909
 0.00266901  0.00754305 -0.00773909           0
Repeater2[0]<--->HoM1[0]
REAL
    0.500101  -0.00802454 -0.000960321     0.495493
 -0.00802454   0.00423302  0.000666194 -0.000757892
-0.000960321  0.000666194   0.00241887   0.00610419
    0.495493 -0.000757892   0.00610419     0.493247
IMAGINARY
          0 -0.00399695  0.00539263 -0.00266901
 0.00399695           0  0.00448645  0.00773909
-0.00539263 -0.00448645           0 -0.00754305
 0.00266901 -0.00773909  0.00754305           0
Repeater2[0]<--->Repeater3[0]
REAL
   0.502766   0.0115252   0.0096392    0.490665
  0.0115252  0.00434611 0.000616828   0.0065814
  0.0096392 0.000616828  0.00493876  0.00530363
   0.490665   0.0065814  0.00530363    0.487949
IMAGINARY
           0  -0.00463105   0.00319415 -0.000458773
  0.00463105            0  5.76495e-05   0.00556382
 -0.00319415 -5.76495e-05            0  -0.00412691
 0.000458773  -0.00556382   0.00412691            0
Repeater3[0]<--->Repeater2[0]
REAL
   0.502766   0.0096392   0.0115252    0.490665
  0.0096392  0.00493876 0.000616828  0.00530363
  0.0115252 0.000616828  0.00434611   0.0065814
   0.490665  0.00530363   0.0065814    0.487949
IMAGINARY
           0   0.00319415  -0.00463105 -0.000458773
 -0.00319415            0 -5.76495e-05  -0.00412691
  0.00463105  5.76495e-05            0   0.00556382
 0.000458773   0.00412691  -0.00556382            0
Repeater3[0]<--->HoM2[0]
REAL
  0.482922  0.0112443  0.0104229   0.490866
 0.0112443 0.00473251 0.00159044 0.00833917
 0.0104229 0.00159044 0.00432099 0.00887179
  0.490866 0.00833917 0.00887179   0.508025
IMAGINARY
           0 -0.000960176  -0.00534273   0.00747155
 0.000960176            0  -0.00467379   0.00938968
  0.00534273   0.00467379            0  -0.00086095
 -0.00747155  -0.00938968   0.00086095            0
Repeater4[0]<--->HoM2[0]
REAL
  0.482922  0.0104229  0.0112443   0.490866
 0.0104229 0.00432099 0.00159044 0.00887179
 0.0112443 0.00159044 0.00473251 0.00833917
  0.490866 0.00887179 0.00833917   0.508025
IMAGINARY
           0  -0.00534273 -0.000960176   0.00747155
  0.00534273            0   0.00467379  -0.00086095
 0.000960176  -0.00467379            0   0.00938968
 -0.00747155   0.00086095  -0.00938968            0
Repeater4[0]<--->Repeater5[0]
REAL
   0.484524 -0.00207606  0.00639514    0.486746
-0.00207606   0.0093254 0.000567924 -0.00418008
 0.00639514 0.000567924  0.00595238 0.000465106
   0.486746 -0.00418008 0.000465106    0.500198
IMAGINARY
          0  0.00550706 -0.00392881   0.0045254
-0.00550706           0  0.00382302 -0.00929234
 0.00392881 -0.00382302           0  0.00510992
 -0.0045254  0.00929234 -0.00510992           0
Repeater5[0]<--->Repeater4[0]
REAL
   0.484524  0.00639514 -0.00207606    0.486746
 0.00639514  0.00595238 0.000567924 0.000465106
-0.00207606 0.000567924   0.0093254 -0.00418008
   0.486746 0.000465106 -0.00418008    0.500198
IMAGINARY
          0 -0.00392881  0.00550706   0.0045254
 0.00392881           0 -0.00382302  0.00510992
-0.00550706  0.00382302           0 -0.00929234
 -0.0045254 -0.00510992  0.00929234           0
Repeater5[0]<--->HoM3[0]
REAL
    0.496203  -0.00469136  -0.00941189     0.484885
 -0.00469136   0.00719424   0.00296408     0.003635
 -0.00941189   0.00296408     0.004996 -8.95179e-05
    0.484885     0.003635 -8.95179e-05     0.491607
IMAGINARY
           0  -0.00658929   0.00170336   0.00212044
  0.00658929            0 -0.000110796  0.000908131
 -0.00170336  0.000110796            0    0.0027725
 -0.00212044 -0.000908131   -0.0027725            0
Repeater6[0]<--->HoM3[0]
REAL
    0.496203  -0.00941189  -0.00469136     0.484885
 -0.00941189     0.004996   0.00296408 -8.95179e-05
 -0.00469136   0.00296408   0.00719424     0.003635
    0.484885 -8.95179e-05     0.003635     0.491607
IMAGINARY
           0   0.00170336  -0.00658929   0.00212044
 -0.00170336            0  0.000110796    0.0027725
  0.00658929 -0.000110796            0  0.000908131
 -0.00212044   -0.0027725 -0.000908131            0
Repeater6[0]<--->Repeater7[0]
REAL
   0.490044 -0.00146926  0.00130806    0.481826
-0.00146926   0.0105536   0.0016538  0.00506136
 0.00130806   0.0016538  0.00856233  0.00604728
   0.481826  0.00506136  0.00604728     0.49084
IMAGINARY
           0   0.00278488 -0.000253891  -0.00258803
 -0.00278488            0  -0.00877785  -0.00015494
 0.000253891   0.00877785            0  -0.00217163
  0.00258803   0.00015494   0.00217163            0
Repeater7[0]<--->Repeater6[0]
REAL
   0.490044  0.00130806 -0.00146926    0.481826
 0.00130806  0.00856233   0.0016538  0.00604728
-0.00146926   0.0016538   0.0105536  0.00506136
   0.481826  0.00604728  0.00506136     0.49084
IMAGINARY
           0 -0.000253891   0.00278488  -0.00258803
 0.000253891            0   0.00877785  -0.00217163
 -0.00278488  -0.00877785            0  -0.00015494
  0.00258803   0.00217163   0.00015494            0
Repeater7[0]<--->HoM4[0]
REAL
   0.493086 -0.00478291 -0.00517628       0.482
-0.00478291   0.0112604  0.00146976 -0.00627562
-0.00517628  0.00146976  0.00869222 -0.00328321
      0.482 -0.00627562 -0.00328321    0.486962
IMAGINARY
           0  0.000941495  -0.00236123 -0.000162892
-0.000941495            0   0.00135195  -0.00366045
  0.00236123  -0.00135195            0   0.00327368
 0.000162892   0.00366045  -0.00327368            0
Repeater8[0]<--->HoM4[0]
REAL
   0.493086 -0.00517628 -0.00478291       0.482
-0.00517628  0.00869222  0.00146976 -0.00328321
-0.00478291  0.00146976   0.0112604 -0.00627562
      0.482 -0.00328321 -0.00627562    0.486962
IMAGINARY
           0  -0.00236123  0.000941495 -0.000162892
  0.00236123            0  -0.00135195   0.00327368
-0.000941495   0.00135195            0  -0.00366045
 0.000162892  -0.00327368   0.00366045            0
Repeater8[0]<--->Repeater9[0]
REAL
    0.473558 -0.000302324   0.00574569     0.476586
-0.000302324   0.00957893   0.00260115   -0.0111966
  0.00574569   0.00260115    0.0117741  -0.00534683
    0.476586   -0.0111966  -0.00534683     0.505089
IMAGINARY
           0 -0.000468838  -0.00345174   -0.0135169
 0.000468838            0  -0.00534362   0.00640799
  0.00345174   0.00534362            0  -0.00248741
   0.0135169  -0.00640799   0.00248741            0
Repeater9[0]<--->Repeater8[0]
REAL
    0.473558   0.00574569 -0.000302324     0.476586
  0.00574569    0.0117741   0.00260115  -0.00534683
-0.000302324   0.00260115   0.00957893   -0.0111966
    0.476586  -0.00534683   -0.0111966     0.505089
IMAGINARY
           0  -0.00345174 -0.000468838   -0.0135169
  0.00345174            0   0.00534362  -0.00248741
 0.000468838  -0.00534362            0   0.00640799
   0.0135169   0.00248741  -0.00640799            0
Repeater9[0]<--->HoM5[0]
REAL
   0.482217  -0.0092965 -0.00451811    0.478396
 -0.0092965   0.0139082  0.00220583 0.000375857
-0.00451811  0.00220583   0.0109279  0.00475012
   0.478396 0.000375857  0.00475012    0.492947
IMAGINARY
           0   0.00757877 -0.000904131  -0.00881639
 -0.00757877            0  -0.00195345   0.00011048
 0.000904131   0.00195345            0  -0.00559465
  0.00881639  -0.00011048   0.00559465            0
Repeater10[0]<--->HoM5[0]
REAL
   0.482217 -0.00451811  -0.0092965    0.478396
-0.00451811   0.0109279  0.00220583  0.00475012
 -0.0092965  0.00220583   0.0139082 0.000375857
   0.478396  0.00475012 0.000375857    0.492947
IMAGINARY
           0 -0.000904131   0.00757877  -0.00881639
 0.000904131            0   0.00195345  -0.00559465
 -0.00757877  -0.00195345            0   0.00011048
  0.00881639   0.00559465  -0.00011048            0
Repeater10[0]<--->Repeater11[0]
REAL
   0.495903 0.000254842  0.00193423    0.497989
0.000254842    0.001229 0.000166978 0.000934626
 0.00193423 0.000166978  0.00327735   0.0036386
   0.497989 0.000934626   0.0036386     0.49959
IMAGINARY
          0  0.00267608  -0.0087197  0.00346256
-0.00267608           0 -0.00164951  0.00277911
  0.0087197  0.00164951           0  0.00425461
-0.00346256 -0.00277911 -0.00425461           0
Repeater11[0]<--->Repeater10[0]
REAL
   0.495903  0.00193423 0.000254842    0.497989
 0.00193423  0.00327735 0.000166978   0.0036386
0.000254842 0.000166978    0.001229 0.000934626
   0.497989   0.0036386 0.000934626     0.49959
IMAGINARY
          0  -0.0087197  0.00267608  0.00346256
  0.0087197           0  0.00164951  0.00425461
-0.00267608 -0.00164951           0  0.00277911
-0.00346256 -0.00425461 -0.00277911           0
Repeater11[0]<--->HoM6[0]
REAL
   0.496679  0.00351417   0.0002445    0.497204
 0.00351417  0.00181123 0.000374446  0.00439634
  0.0002445 0.000374446 0.000402495  0.00193377
   0.497204  0.00439634  0.00193377    0.501107
IMAGINARY
           0  -0.00896387  0.000962591  0.000595119
  0.00896387            0  -0.00476841    0.0137987
-0.000962591   0.00476841            0  -0.00579737
-0.000595119   -0.0137987   0.00579737            0
EndNode1[0]<--->Repeater1[0]
REAL
   0.490703 -0.00178352  -0.0010682    0.494511
-0.00178352  0.00242522 0.000407703 -0.00482611
 -0.0010682 0.000407703  0.00161681 -0.00350104
   0.494511 -0.00482611 -0.00350104    0.505255
IMAGINARY
           0   0.00573086  0.000317041   0.00296356
 -0.00573086            0    0.0064517  -0.00499374
-0.000317041   -0.0064517            0  -0.00207084
 -0.00296356   0.00499374   0.00207084            0
EndNode2[0]<--->HoM6[0]
REAL
    0.500299   0.00102077  -0.00311265     0.497272
  0.00102077   0.00179533   0.00048278   0.00341884
 -0.00311265   0.00048278   0.00119689 -0.000918713
    0.497272   0.00341884 -0.000918713     0.496709
IMAGINARY
          0  0.00555382 -0.00870397   0.0038044
-0.00555382           0  0.00092112 -0.00303595
 0.00870397 -0.00092112           0  0.00698883
 -0.0038044  0.00303595 -0.00698883           0
Repeater1[0]<--->EndNode1[0]
REAL
   0.490703  -0.0010682 -0.00178352    0.494511
 -0.0010682  0.00161681 0.000407703 -0.00350104
-0.00178352 0.000407703  0.00242522 -0.00482611
   0.494511 -0.00350104 -0.00482611    0.505255
IMAGINARY
           0  0.000317041   0.00573086   0.00296356
-0.000317041            0   -0.0064517  -0.00207084
 -0.00573086    0.0064517            0  -0.00499374
 -0.00296356   0.00207084   0.00499374            0
Repeater1[0]<--->HoM1[0]
REAL
   0.501115 -0.00448061  0.00460917    0.494991
-0.00448061  0.00223078 0.000457921 -0.00520276
 0.00460917 0.000457921  0.00324478  0.00527206
   0.494991 -0.00520276  0.00527206    0.493409
IMAGINARY
          0  0.00637215 -0.00767149 -0.00183342
-0.00637215           0 -0.00543895  -0.0090323
 0.00767149  0.00543895           0  0.00891435
 0.00183342   0.0090323 -0.00891435           0
Repeater2[0]<--->HoM1[0]
REAL
   0.501115  0.00460917 -0.00448061    0.494991
 0.00460917  0.00324478 0.000457921  0.00527206
-0.00448061 0.000457921  0.00223078 -0.00520276
   0.494991  0.00527206 -0.00520276    0.493409
IMAGINARY
          0 -0.00767149  0.00637215 -0.00183342
 0.00767149           0  0.00543895  0.00891435
-0.00637215 -0.00543895           0  -0.0090323
 0.00183342 -0.00891435   0.0090323           0
Repeater2[0]<--->Repeater3[0]
REAL
   0.502956 -0.00286073 0.000415224    0.491589
-0.00286073  0.00448522 0.000397368  0.00759885
0.000415224 0.000397368  0.00244648  0.00989747
   0.491589  0.00759885  0.00989747    0.490112
IMAGINARY
          0 -0.00800233  0.00750029  0.00327343
 0.00800233           0 -0.00286709  0.00621342
-0.00750029  0.00286709           0 -0.00611178
-0.00327343 -0.00621342  0.00611178           0
Repeater3[0]<--->Repeater2[0]
REAL
   0.502956 0.000415224 -0.00286073    0.491589
0.000415224  0.00244648 0.000397368  0.00989747
-0.00286073 0.000397368  0.00448522  0.00759885
   0.491589  0.00989747  0.00759885    0.490112
IMAGINARY
          0  0.00750029 -0.00800233  0.00327343
-0.00750029           0  0.00286709 -0.00611178
 0.00800233 -0.00286709           0  0.00621342
-0.00327343  0.00611178 -0.00621342           0
Repeater3[0]<--->HoM2[0]
REAL
   0.486962 -0.00515831   0.0079007    0.490682
-0.00515831  0.00343643  0.00129187  -0.0024469
  0.0079007  0.00129187  0.00545785  0.00711344
   0.490682  -0.0024469  0.00711344    0.504144
IMAGINARY
           0 -0.000995772  0.000486617   0.00236837
 0.000995772            0   0.00156709    0.0047164
-0.000486617  -0.00156709            0  -0.00257493
 -0.00236837   -0.0047164   0.00257493            0
Repeater4[0]<--->HoM2[0]
REAL
   0.486962   0.0079007 -0.00515831    0.490682
  0.0079007  0.00545785  0.00129187  0.00711344
-0.00515831  0.00129187  0.00343643  -0.0024469
   0.490682  0.00711344  -0.0024469    0.504144
IMAGINARY
           0  0.000486617 -0.000995772   0.00236837
-0.000486617            0  -0.00156709  -0.00257493
 0.000995772   0.00156709            0    0.0047164
 -0.00236837   0.00257493   -0.0047164            0
Repeater4[0]<--->Repeater5[0]
REAL
   0.486481  0.00872172  0.00351033    0.487769
 0.00872172   0.0083499 -0.00120914  0.00341043
 0.00351033 -0.00120914  0.00536779 -0.00240276
   0.487769  0.00341043 -0.00240276    0.499801
IMAGINARY
          0   0.0047694 -0.00807528   0.0078264
 -0.0047694           0 -0.00139203 -0.00595278
 0.00807528  0.00139203           0  0.00905825
 -0.0078264  0.00595278 -0.00905825           0
Repeater5[0]<--->Repeater4[0]
REAL
   0.486481  0.00351033  0.00872172    0.487769
 0.00351033  0.00536779 -0.00120914 -0.00240276
 0.00872172 -0.00120914   0.0083499  0.00341043
   0.487769 -0.00240276  0.00341043    0.499801
IMAGINARY
          0 -0.00807528   0.0047694   0.0078264
 0.00807528           0  0.00139203  0.00905825
 -0.0047694 -0.00139203           0 -0.00595278
 -0.0078264 -0.00905825  0.00595278           0
Repeater5[0]<--->HoM3[0]
REAL
   0.486167  0.00654288  0.00146668    0.487603
 0.00654288  0.00721732 -0.00105909  0.00244977
 0.00146668 -0.00105909  0.00761828 -0.00403233
   0.487603  0.00244977 -0.00403233    0.498998
IMAGINARY
          0  0.00263539  0.00185707  0.00644714
-0.00263539           0 -0.00444233  0.00776026
-0.00185707  0.00444233           0  -0.0146824
-0.00644714 -0.00776026   0.0146824           0
Repeater6[0]<--->HoM3[0]
REAL
   0.486167  0.00146668  0.00654288    0.487603
 0.00146668  0.00761828 -0.00105909 -0.00403233
 0.00654288 -0.00105909  0.00721732  0.00244977
   0.487603 -0.00403233  0.00244977    0.498998
IMAGINARY
          0  0.00185707  0.00263539  0.00644714
-0.00185707           0  0.00444233  -0.0146824
-0.00263539 -0.00444233           0  0.00776026
-0.00644714   0.0146824 -0.00776026           0
Repeater6[0]<--->Repeater7[0]
REAL
    0.485577     0.005582   0.00343589     0.480611
    0.005582   0.00981571   0.00304736  0.000948327
  0.00343589   0.00304736    0.0108173 -0.000799222
    0.480611  0.000948327 -0.000799222      0.49379
IMAGINARY
          0  -0.0019109  0.00611158  0.00221132
  0.0019109           0  0.00121132  0.00791086
-0.00611158 -0.00121132           0  -0.0117109
-0.00221132 -0.00791086   0.0117109           0
Repeater7[0]<--->Repeater6[0]
REAL
    0.485577   0.00343589     0.005582     0.480611
  0.00343589    0.0108173   0.00304736 -0.000799222
    0.005582   0.00304736   0.00981571  0.000948327
    0.480611 -0.000799222  0.000948327      0.49379
IMAGINARY
          0  0.00611158  -0.0019109  0.00221132
-0.00611158           0 -0.00121132  -0.0117109
  0.0019109  0.00121132           0  0.00791086
-0.00221132   0.0117109 -0.00791086           0
Repeater7[0]<--->HoM4[0]
REAL
   0.485679 -0.00738594 -0.00270869    0.482533
-0.00738594  0.00900164 0.000754387 -0.00624475
-0.00270869 0.000754387   0.0094108 -0.00355716
   0.482533 -0.00624475 -0.00355716    0.495908
IMAGINARY
           0   0.00150575  -0.00100544   0.00243914
 -0.00150575            0   0.00646977  0.000404716
  0.00100544  -0.00646977            0  -0.00190623
 -0.00243914 -0.000404716   0.00190623            0
Repeater8[0]<--->HoM4[0]
REAL
   0.485679 -0.00270869 -0.00738594    0.482533
-0.00270869   0.0094108 0.000754387 -0.00355716
-0.00738594 0.000754387  0.00900164 -0.00624475
   0.482533 -0.00355716 -0.00624475    0.495908
IMAGINARY
           0  -0.00100544   0.00150575   0.00243914
  0.00100544            0  -0.00646977  -0.00190623
 -0.00150575   0.00646977            0  0.000404716
 -0.00243914   0.00190623 -0.000404716            0
Repeater8[0]<--->Repeater9[0]
REAL
    0.480343 -6.30225e-05 -0.000449297     0.477598
-6.30225e-05    0.0111754    0.0015772 -0.000752144
-0.000449297    0.0015772    0.0121732  -0.00193938
    0.477598 -0.000752144  -0.00193938     0.496308
IMAGINARY
          0  0.00654918 -0.00481459  0.00414323
-0.00654918           0  0.00513845 -0.00212159
 0.00481459 -0.00513845           0 -0.00377471
-0.00414323  0.00212159  0.00377471           0
Repeater9[0]<--->Repeater8[0]
REAL
    0.480343 -0.000449297 -6.30225e-05     0.477598
-0.000449297    0.0121732    0.0015772  -0.00193938
-6.30225e-05    0.0015772    0.0111754 -0.000752144
    0.477598  -0.00193938 -0.000752144     0.496308
IMAGINARY
          0 -0.00481459  0.00654918  0.00414323
 0.00481459           0 -0.00513845 -0.00377471
-0.00654918  0.00513845           0 -0.00212159
-0.00414323  0.00377471  0.00212159           0
Repeater9[0]<--->HoM5[0]
REAL
   0.489621 -0.00773672 -0.00798713    0.479825
-0.00773672  0.00936101 0.000819709  0.00476132
-0.00798713 0.000819709   0.0124135  0.00370447
   0.479825  0.00476132  0.00370447    0.488604
IMAGINARY
           0  -0.00317572  -0.00856446  -0.00535999
  0.00317572            0 -0.000291412  0.000741126
  0.00856446  0.000291412            0   0.00822622
  0.00535999 -0.000741126  -0.00822622            0
Repeater10[0]<--->HoM5[0]
REAL
   0.489621 -0.00798713 -0.00773672    0.479825
-0.00798713   0.0124135 0.000819709  0.00370447
-0.00773672 0.000819709  0.00936101  0.00476132
   0.479825  0.00370447  0.00476132    0.488604
IMAGINARY
           0  -0.00856446  -0.00317572  -0.00535999
  0.00856446            0  0.000291412   0.00822622
  0.00317572 -0.000291412            0  0.000741126
  0.00535999  -0.00822622 -0.000741126            0
Repeater10[0]<--->Repeater11[0]
REAL
    0.498063   0.00365401   0.00238676     0.497125
  0.00365401   0.00142712 -0.000118185   0.00359888
  0.00238676 -0.000118185  0.000611621  0.000934977
    0.497125   0.00359888  0.000934977     0.499898
IMAGINARY
           0  -0.00625749   0.00173686   0.00288803
  0.00625749            0  -0.00923976   0.00643404
 -0.00173686   0.00923976            0 -0.000732074
 -0.00288803  -0.00643404  0.000732074            0
Repeater11[0]<--->Repeater10[0]
REAL
    0.498063   0.00238676   0.00365401     0.497125
  0.00238676  0.000611621 -0.000118185  0.000934977
  0.00365401 -0.000118185   0.00142712   0.00359888
    0.497125  0.000934977   0.00359888     0.499898
IMAGINARY
           0   0.00173686  -0.00625749   0.00288803
 -0.00173686            0   0.00923976 -0.000732074
  0.00625749  -0.00923976            0   0.00643404
 -0.00288803  0.000732074  -0.00643404            0
Repeater11[0]<--->HoM6[0]
REAL
    0.500299  -0.00311265   0.00102077     0.497272
 -0.00311265   0.00119689   0.00048278 -0.000918713
  0.00102077   0.00048278   0.00179533   0.00341884
    0.497272 -0.000918713   0.00341884     0.496709
IMAGINARY
          0 -0.00870397  0.00555382   0.0038044
 0.00870397           0 -0.00092112  0.00698883
-0.00555382  0.00092112           0 -0.00303595
 -0.0038044 -0.00698883  0.00303595           0
EndNode1[0]<--->Repeater1[0]
REAL
    0.484892   0.00456075   0.00355318     0.494932
  0.00456075    0.0032888 -0.000334757   0.00275061
  0.00355318 -0.000334757   0.00102775   0.00034219
    0.494932   0.00275061   0.00034219     0.510791
IMAGINARY
          0 -0.00157518   0.0022079  0.00643569
 0.00157518           0 -0.00167567  0.00410373
 -0.0022079  0.00167567           0 -0.00434198
-0.00643569 -0.00410373  0.00434198           0
EndNode2[0]<--->HoM6[0]
REAL
    0.504645   0.00786815   0.00839567     0.497798
  0.00786815   0.00100969 -0.000204726    0.0011291
  0.00839567 -0.000204726   0.00141357  0.000854529
    0.497798    0.0011291  0.000854529     0.492932
IMAGINARY
          0 -0.00797694  0.00670849 -0.00321843
 0.00797694           0  0.00517115  0.00327553
-0.00670849 -0.00517115           0 -0.00200708
 0.00321843 -0.00327553  0.00200708           0
Repeater1[0]<--->EndNode1[0]
REAL
    0.484892   0.00355318   0.00456075     0.494932
  0.00355318   0.00102775 -0.000334757   0.00034219
  0.00456075 -0.000334757    0.0032888   0.00275061
    0.494932   0.00034219   0.00275061     0.510791
IMAGINARY
          0   0.0022079 -0.00157518  0.00643569
 -0.0022079           0  0.00167567 -0.00434198
 0.00157518 -0.00167567           0  0.00410373
-0.00643569  0.00434198 -0.00410373           0
Repeater1[0]<--->HoM1[0]
REAL
  0.504843 0.00563784 0.00379279   0.495755
0.00563784 0.00256968 0.00165039 0.00568635
0.00379279 0.00165039 0.00276735 0.00324263
  0.495755 0.00568635 0.00324263    0.48982
IMAGINARY
           0   -0.0110453 -0.000921868  -0.00493779
   0.0110453            0  -0.00381649   0.00553967
 0.000921868   0.00381649            0   0.00642752
  0.00493779  -0.00553967  -0.00642752            0
Repeater2[0]<--->HoM1[0]
REAL
  0.504843 0.00379279 0.00563784   0.495755
0.00379279 0.00276735 0.00165039 0.00324263
0.00563784 0.00165039 0.00256968 0.00568635
  0.495755 0.00324263 0.00568635    0.48982
IMAGINARY
           0 -0.000921868   -0.0110453  -0.00493779
 0.000921868            0   0.00381649   0.00642752
   0.0110453  -0.00381649            0   0.00553967
  0.00493779  -0.00642752  -0.00553967            0
Repeater2[0]<--->Repeater3[0]
REAL
    0.486303  -0.00401278   0.00537976     0.490947
 -0.00401278   0.00679864 -0.000659735  -0.00421426
  0.00537976 -0.000659735   0.00419916   0.00284728
    0.490947  -0.00421426   0.00284728     0.502699
IMAGINARY
           0    0.0117592  -0.00655849  -0.00633354
  -0.0117592            0  0.000420532   0.00154313
  0.00655849 -0.000420532            0  -0.00694859
  0.00633354  -0.00154313   0.00694859            0
Repeater3[0]<--->Repeater2[0]
REAL
    0.486303   0.00537976  -0.00401278     0.490947
  0.00537976   0.00419916 -0.000659735   0.00284728
 -0.00401278 -0.000659735   0.00679864  -0.00421426
    0.490947   0.00284728  -0.00421426     0.502699
IMAGINARY
           0  -0.00655849    0.0117592  -0.00633354
  0.00655849            0 -0.000420532  -0.00694859
  -0.0117592  0.000420532            0   0.00154313
  0.00633354   0.00694859  -0.00154313            0
Repeater3[0]<--->HoM2[0]
REAL
  0.498261 0.00376056 0.00193725   0.489625
0.00376056 0.00470444 0.00111222  0.0155819
0.00193725 0.00111222 0.00572714  0.0153695
  0.489625  0.0155819  0.0153695   0.491307
IMAGINARY
          0  -0.0111143   0.0043987  0.00428576
  0.0111143           0  -0.0059666   0.0117431
 -0.0043987   0.0059666           0 -0.00463136
-0.00428576  -0.0117431  0.00463136           0
Repeater4[0]<--->HoM2[0]
REAL
  0.498261 0.00193725 0.00376056   0.489625
0.00193725 0.00572714 0.00111222  0.0153695
0.00376056 0.00111222 0.00470444  0.0155819
  0.489625  0.0153695  0.0155819   0.491307
IMAGINARY
          0   0.0043987  -0.0111143  0.00428576
 -0.0043987           0   0.0059666 -0.00463136
  0.0111143  -0.0059666           0   0.0117431
-0.00428576  0.00463136  -0.0117431           0
Repeater4[0]<--->Repeater5[0]
REAL
   0.503765 0.000709817  0.00197893    0.485729
0.000709817  0.00653983  0.00270468 -0.00137016
 0.00197893  0.00270468   0.0085216 0.000507715
   0.485729 -0.00137016 0.000507715    0.481173
IMAGINARY
           0   -0.0058143    0.0011401    -0.011892
   0.0058143            0   0.00680722  4.42653e-05
  -0.0011401  -0.00680722            0   0.00502472
    0.011892 -4.42653e-05  -0.00502472            0
Repeater5[0]<--->Repeater4[0]
REAL
   0.503765  0.00197893 0.000709817    0.485729
 0.00197893   0.0085216  0.00270468 0.000507715
0.000709817  0.00270468  0.00653983 -0.00137016
   0.485729 0.000507715 -0.00137016    0.481173
IMAGINARY
           0    0.0011401   -0.0058143    -0.011892
  -0.0011401            0  -0.00680722   0.00502472
   0.0058143   0.00680722            0  4.42653e-05
    0.011892  -0.00502472 -4.42653e-05            0
Repeater5[0]<--->HoM3[0]
REAL
   0.490519 -0.00133724 -0.00367133    0.485968
-0.00133724  0.00619195  0.00110987 -0.00129885
-0.00367133  0.00110987  0.00793344 -0.00383175
   0.485968 -0.00129885 -0.00383175    0.495356
IMAGINARY
           0 -0.000847968  -0.00158799   0.00185457
 0.000847968            0  -0.00665735  -0.00178831
  0.00158799   0.00665735            0   0.00176878
 -0.00185457   0.00178831  -0.00176878            0
Repeater6[0]<--->HoM3[0]
REAL
   0.490519 -0.00367133 -0.00133724    0.485968
-0.00367133  0.00793344  0.00110987 -0.00383175
-0.00133724  0.00110987  0.00619195 -0.00129885
   0.485968 -0.00383175 -0.00129885    0.495356
IMAGINARY
           0  -0.00158799 -0.000847968   0.00185457
  0.00158799            0   0.00665735   0.00176878
 0.000847968  -0.00665735            0  -0.00178831
 -0.00185457  -0.00176878   0.00178831            0
Repeater6[0]<--->Repeater7[0]
REAL
  0.487144 0.00457311 0.00181592    0.48453
0.00457311 0.00936815 0.00211258 0.00695601
0.00181592 0.00211258 0.00837154 0.00360073
   0.48453 0.00695601 0.00360073   0.495117
IMAGINARY
          0  0.00420865 -0.00209721  0.00517705
-0.00420865           0 -0.00457561 -0.00219849
 0.00209721  0.00457561           0  0.00128585
-0.00517705  0.00219849 -0.00128585           0
Repeater7[0]<--->Repeater6[0]
REAL
  0.487144 0.00181592 0.00457311    0.48453
0.00181592 0.00837154 0.00211258 0.00360073
0.00457311 0.00211258 0.00936815 0.00695601
   0.48453 0.00360073 0.00695601   0.495117
IMAGINARY
          0 -0.00209721  0.00420865  0.00517705
 0.00209721           0  0.00457561  0.00128585
-0.00420865 -0.00457561           0 -0.00219849
-0.00517705 -0.00128585  0.00219849           0
Repeater7[0]<--->HoM4[0]
REAL
    0.495124  -0.00428827 -9.16556e-05     0.483025
 -0.00428827   0.00736318   0.00327915  -0.00383584
-9.16556e-05   0.00327915   0.00955224   0.00318052
    0.483025  -0.00383584   0.00318052      0.48796
IMAGINARY
          0 -0.00321873  0.00609281 -0.00497488
 0.00321873           0  -0.0046807  0.00284286
-0.00609281   0.0046807           0 -0.00412837
 0.00497488 -0.00284286  0.00412837           0
Repeater8[0]<--->HoM4[0]
REAL
    0.495124 -9.16556e-05  -0.00428827     0.483025
-9.16556e-05   0.00955224   0.00327915   0.00318052
 -0.00428827   0.00327915   0.00736318  -0.00383584
    0.483025   0.00318052  -0.00383584      0.48796
IMAGINARY
          0  0.00609281 -0.00321873 -0.00497488
-0.00609281           0   0.0046807 -0.00412837
 0.00321873  -0.0046807           0  0.00284286
 0.00497488  0.00412837 -0.00284286           0
Repeater8[0]<--->Repeater9[0]
REAL
  0.479261 0.00546115  0.0103245   0.476457
0.00546115  0.0155298 0.00251331 0.00199279
 0.0103245 0.00251331  0.0117948 0.00425245
  0.476457 0.00199279 0.00425245   0.493415
IMAGINARY
          0  0.00485993  0.00029809 -0.00842522
-0.00485993           0 -0.00673233 -0.00779908
-0.00029809  0.00673233           0  0.00303585
 0.00842522  0.00779908 -0.00303585           0
Repeater9[0]<--->Repeater8[0]
REAL
  0.479261  0.0103245 0.00546115   0.476457
 0.0103245  0.0117948 0.00251331 0.00425245
0.00546115 0.00251331  0.0155298 0.00199279
  0.476457 0.00425245 0.00199279   0.493415
IMAGINARY
          0  0.00029809  0.00485993 -0.00842522
-0.00029809           0  0.00673233  0.00303585
-0.00485993 -0.00673233           0 -0.00779908
 0.00842522 -0.00303585  0.00779908           0
Repeater9[0]<--->HoM5[0]
REAL
   0.485133 0.000726174  0.00194443    0.477241
