EndNode1[0]<--->Repeater1[0]
REAL
     0.40954  -0.00833581  -0.00029832     0.297381
 -0.00833581    0.0977312  -0.00434005  -0.00570048
 -0.00029832  -0.00434005     0.103258 -0.000662391
    0.297381  -0.00570048 -0.000662391     0.389471
IMAGINARY
          0   0.0030533 -0.00609624   0.0106033
 -0.0030533           0 -0.00236239 -0.00112786
 0.00609624  0.00236239           0 -0.00228478
 -0.0106033  0.00112786  0.00228478           0
EndNode2[0]<--->HoM1[0]
REAL
   0.392478  0.00258079  -0.0029946    0.291918
 0.00258079    0.103427  0.00140978 -0.00689616
 -0.0029946  0.00140978    0.101001  0.00288127
   0.291918 -0.00689616  0.00288127    0.403094
IMAGINARY
           0  -0.00438551   0.00811489  -0.00401437
  0.00438551            0    0.0120358 -0.000255155
 -0.00811489   -0.0120358            0   0.00287402
  0.00401437  0.000255155  -0.00287402            0
Repeater1[0]<--->EndNode1[0]
REAL
     0.40954  -0.00029832  -0.00833581     0.297381
 -0.00029832     0.103258  -0.00434005 -0.000662391
 -0.00833581  -0.00434005    0.0977312  -0.00570048
    0.297381 -0.000662391  -0.00570048     0.389471
IMAGINARY
          0 -0.00609624   0.0030533   0.0106033
 0.00609624           0  0.00236239 -0.00228478
 -0.0030533 -0.00236239           0 -0.00112786
 -0.0106033  0.00228478  0.00112786           0
Repeater1[0]<--->HoM1[0]
REAL
   0.392478  -0.0029946  0.00258079    0.291918
 -0.0029946    0.101001  0.00140978  0.00288127
 0.00258079  0.00140978    0.103427 -0.00689616
   0.291918  0.00288127 -0.00689616    0.403094
IMAGINARY
           0   0.00811489  -0.00438551  -0.00401437
 -0.00811489            0   -0.0120358   0.00287402
  0.00438551    0.0120358            0 -0.000255155
  0.00401437  -0.00287402  0.000255155            0
EndNode1[0]<--->Repeater1[0]
REAL
   0.462883 2.45235e-06 -0.00285873    0.265269
2.45235e-06   0.0306748 -0.00846426 -0.00660873
-0.00285873 -0.00846426   0.0279141 -0.00828648
   0.265269 -0.00660873 -0.00828648    0.478528
IMAGINARY
          0  -0.0069812 -0.00342782  -0.0102957
  0.0069812           0  0.00347132 -0.00239629
 0.00342782 -0.00347132           0 -0.00146376
  0.0102957  0.00239629  0.00146376           0
EndNode2[0]<--->HoM1[0]
REAL
    0.473307  1.51962e-05   -0.0106675     0.255549
 1.51962e-05    0.0265434 -0.000684843  0.000640565
  -0.0106675 -0.000684843    0.0339994  -0.00315797
    0.255549  0.000640565  -0.00315797      0.46615
IMAGINARY
          0   0.0032647  0.00243308 -0.00304451
 -0.0032647           0  0.00243697 -0.00492648
-0.00243308 -0.00243697           0  0.00597554
 0.00304451  0.00492648 -0.00597554           0
Repeater1[0]<--->EndNode1[0]
REAL
   0.462883 -0.00285873 2.45235e-06    0.265269
-0.00285873   0.0279141 -0.00846426 -0.00828648
2.45235e-06 -0.00846426   0.0306748 -0.00660873
   0.265269 -0.00828648 -0.00660873    0.478528
IMAGINARY
          0 -0.00342782  -0.0069812  -0.0102957
 0.00342782           0 -0.00347132 -0.00146376
  0.0069812  0.00347132           0 -0.00239629
  0.0102957  0.00146376  0.00239629           0
Repeater1[0]<--->HoM1[0]
REAL
    0.473307   -0.0106675  1.51962e-05     0.255549
  -0.0106675    0.0339994 -0.000684843  -0.00315797
 1.51962e-05 -0.000684843    0.0265434  0.000640565
    0.255549  -0.00315797  0.000640565      0.46615
IMAGINARY
          0  0.00243308   0.0032647 -0.00304451
-0.00243308           0 -0.00243697  0.00597554
 -0.0032647  0.00243697           0 -0.00492648
 0.00304451 -0.00597554  0.00492648           0
