EndNode1[0]<--->Repeater1[0]
REAL
    0.293133   0.00086669   0.00520479    0.0121104
  0.00086669     0.208021  -0.00615798 -0.000740509
  0.00520479  -0.00615798     0.216099   -0.0089024
   0.0121104 -0.000740509   -0.0089024     0.282747
IMAGINARY
          0  0.00716072  0.00685045 -0.00988387
-0.00716072           0  0.00508065 -0.00424068
-0.00685045 -0.00508065           0  0.00404591
 0.00988387  0.00424068 -0.00404591           0
EndNode2[0]<--->HoM1[0]
REAL
    0.289139 -0.000767777    0.0137362   0.00706563
-0.000767777     0.208938  -0.00100134   -0.0110073
   0.0137362  -0.00100134     0.215744   0.00137421
  0.00706563   -0.0110073   0.00137421     0.286179
IMAGINARY
           0  0.000623645  -0.00623999   -0.0117755
-0.000623645            0   0.00461799   0.00943633
  0.00623999  -0.00461799            0  -0.00321116
   0.0117755  -0.00943633   0.00321116            0
Repeater1[0]<--->EndNode1[0]
REAL
    0.293133   0.00520479   0.00086669    0.0121104
  0.00520479     0.216099  -0.00615798   -0.0089024
  0.00086669  -0.00615798     0.208021 -0.000740509
   0.0121104   -0.0089024 -0.000740509     0.282747
IMAGINARY
          0  0.00685045  0.00716072 -0.00988387
-0.00685045           0 -0.00508065  0.00404591
-0.00716072  0.00508065           0 -0.00424068
 0.00988387 -0.00404591  0.00424068           0
Repeater1[0]<--->HoM1[0]
REAL
    0.289139    0.0137362 -0.000767777   0.00706563
   0.0137362     0.215744  -0.00100134   0.00137421
-0.000767777  -0.00100134     0.208938   -0.0110073
  0.00706563   0.00137421   -0.0110073     0.286179
IMAGINARY
           0  -0.00623999  0.000623645   -0.0117755
  0.00623999            0  -0.00461799  -0.00321116
-0.000623645   0.00461799            0   0.00943633
   0.0117755   0.00321116  -0.00943633            0
EndNode1[0]<--->Repeater1[0]
REAL
   0.286673  -0.0065295   0.0015086  0.00588672
 -0.0065295    0.217749 -0.00649536   0.0100556
  0.0015086 -0.00649536    0.211345 -0.00533903
 0.00588672   0.0100556 -0.00533903    0.284233
IMAGINARY
          0 -0.00404838  0.00411155   0.0038396
 0.00404838           0  0.00295308  0.00709128
-0.00411155 -0.00295308           0    0.004638
 -0.0038396 -0.00709128   -0.004638           0
EndNode2[0]<--->HoM1[0]
REAL
   0.279621 -0.00318802 -0.00167011    0.003127
-0.00318802    0.211493 -0.00813289  0.00284796
-0.00167011 -0.00813289    0.218602  0.00701606
   0.003127  0.00284796  0.00701606    0.290284
IMAGINARY
           0   0.00654486   0.00072691  0.000368401
 -0.00654486            0 -0.000832079  -0.00133555
 -0.00072691  0.000832079            0   0.00441071
-0.000368401   0.00133555  -0.00441071            0
Repeater1[0]<--->EndNode1[0]
REAL
   0.286673   0.0015086  -0.0065295  0.00588672
  0.0015086    0.211345 -0.00649536 -0.00533903
 -0.0065295 -0.00649536    0.217749   0.0100556
 0.00588672 -0.00533903   0.0100556    0.284233
IMAGINARY
          0  0.00411155 -0.00404838   0.0038396
-0.00411155           0 -0.00295308    0.004638
 0.00404838  0.00295308           0  0.00709128
 -0.0038396   -0.004638 -0.00709128           0
Repeater1[0]<--->HoM1[0]
REAL
   0.279621 -0.00167011 -0.00318802    0.003127
-0.00167011    0.218602 -0.00813289  0.00701606
-0.00318802 -0.00813289    0.211493  0.00284796
   0.003127  0.00701606  0.00284796    0.290284
IMAGINARY
           0   0.00072691   0.00654486  0.000368401
 -0.00072691            0  0.000832079   0.00441071
 -0.00654486 -0.000832079            0  -0.00133555
-0.000368401  -0.00441071   0.00133555            0
EndNode1[0]<--->Repeater1[0]
REAL
    0.290088  -0.00215807  -0.00110225    0.0181957
 -0.00215807     0.210367 -6.56688e-05   0.00664615
 -0.00110225 -6.56688e-05      0.20582   0.00530461
   0.0181957   0.00664615   0.00530461     0.293725
IMAGINARY
           0  0.000537258    0.0116034  -0.00254645
-0.000537258            0   0.00636091  -0.00269912
  -0.0116034  -0.00636091            0   -0.0148747
  0.00254645   0.00269912    0.0148747            0
EndNode2[0]<--->HoM1[0]
REAL
   0.276662  0.00327088  0.00748424  0.00409615
 0.00327088    0.216692 -0.00103431 -0.00319765
 0.00748424 -0.00103431    0.206182  -0.0121502
 0.00409615 -0.00319765  -0.0121502    0.300464
IMAGINARY
          0 -0.00314714   0.0102315  0.00208108
 0.00314714           0 -0.00995986  0.00515989
 -0.0102315  0.00995986           0 -0.00931255
-0.00208108 -0.00515989  0.00931255           0
Repeater1[0]<--->EndNode1[0]
REAL
    0.290088  -0.00110225  -0.00215807    0.0181957
 -0.00110225      0.20582 -6.56688e-05   0.00530461
 -0.00215807 -6.56688e-05     0.210367   0.00664615
   0.0181957   0.00530461   0.00664615     0.293725
IMAGINARY
           0    0.0116034  0.000537258  -0.00254645
  -0.0116034            0  -0.00636091   -0.0148747
-0.000537258   0.00636091            0  -0.00269912
  0.00254645    0.0148747   0.00269912            0
Repeater1[0]<--->HoM1[0]
REAL
   0.276662  0.00748424  0.00327088  0.00409615
 0.00748424    0.206182 -0.00103431  -0.0121502
 0.00327088 -0.00103431    0.216692 -0.00319765
 0.00409615  -0.0121502 -0.00319765    0.300464
IMAGINARY
          0   0.0102315 -0.00314714  0.00208108
 -0.0102315           0  0.00995986 -0.00931255
 0.00314714 -0.00995986           0  0.00515989
-0.00208108  0.00931255 -0.00515989           0
EndNode1[0]<--->Repeater1[0]
REAL
   0.299501 0.000317328  0.00187172   0.0162341
0.000317328    0.198005 -0.00319839  0.00217383
 0.00187172 -0.00319839    0.204459 -0.00136617
  0.0162341  0.00217383 -0.00136617    0.298035
IMAGINARY
          0 -0.00507791  0.00415384  0.00352278
 0.00507791           0  0.00413328  0.00756732
-0.00415384 -0.00413328           0  0.00199339
-0.00352278 -0.00756732 -0.00199339           0
EndNode2[0]<--->HoM1[0]
REAL
    0.287466   -0.0132773 -6.58488e-06    0.0115598
  -0.0132773     0.211786    0.0153124  0.000740799
-6.58488e-06    0.0153124     0.224649   0.00431984
   0.0115598  0.000740799   0.00431984     0.276099
IMAGINARY
           0  -0.00476827   -0.0104878   0.00150826
  0.00476827            0 -0.000611667   0.00763584
   0.0104878  0.000611667            0   0.00822068
 -0.00150826  -0.00763584  -0.00822068            0
Repeater1[0]<--->EndNode1[0]
REAL
   0.299501  0.00187172 0.000317328   0.0162341
 0.00187172    0.204459 -0.00319839 -0.00136617
0.000317328 -0.00319839    0.198005  0.00217383
  0.0162341 -0.00136617  0.00217383    0.298035
IMAGINARY
          0  0.00415384 -0.00507791  0.00352278
-0.00415384           0 -0.00413328  0.00199339
 0.00507791  0.00413328           0  0.00756732
-0.00352278 -0.00199339 -0.00756732           0
Repeater1[0]<--->HoM1[0]
REAL
    0.287466 -6.58488e-06   -0.0132773    0.0115598
-6.58488e-06     0.224649    0.0153124   0.00431984
  -0.0132773    0.0153124     0.211786  0.000740799
   0.0115598   0.00431984  0.000740799     0.276099
IMAGINARY
           0   -0.0104878  -0.00476827   0.00150826
   0.0104878            0  0.000611667   0.00822068
  0.00476827 -0.000611667            0   0.00763584
 -0.00150826  -0.00822068  -0.00763584            0
EndNode1[0]<--->Repeater1[0]
REAL
   0.291325   0.0027456 -0.00599234    0.013021
  0.0027456    0.213951  0.00459744  0.00781494
-0.00599234  0.00459744    0.207796  0.00515234
   0.013021  0.00781494  0.00515234    0.286928
IMAGINARY
           0  -0.00163739   -0.0181983   -0.0068929
  0.00163739            0   0.00858365  -0.00947916
   0.0181983  -0.00858365            0 -0.000167665
   0.0068929   0.00947916  0.000167665            0
EndNode2[0]<--->HoM1[0]
REAL
   0.290946 -0.00305846  0.00873922  0.00795432
-0.00305846    0.214533  0.00345252 -0.00968979
 0.00873922  0.00345252    0.220588 -0.00232811
 0.00795432 -0.00968979 -0.00232811    0.273933
IMAGINARY
           0  -0.00386526     -0.00181   -0.0113481
  0.00386526            0    0.0023907  9.28206e-06
     0.00181   -0.0023907            0   -0.0108406
   0.0113481 -9.28206e-06    0.0108406            0
Repeater1[0]<--->EndNode1[0]
REAL
   0.291325 -0.00599234   0.0027456    0.013021
-0.00599234    0.207796  0.00459744  0.00515234
  0.0027456  0.00459744    0.213951  0.00781494
   0.013021  0.00515234  0.00781494    0.286928
IMAGINARY
           0   -0.0181983  -0.00163739   -0.0068929
   0.0181983            0  -0.00858365 -0.000167665
  0.00163739   0.00858365            0  -0.00947916
   0.0068929  0.000167665   0.00947916            0
Repeater1[0]<--->HoM1[0]
REAL
   0.290946  0.00873922 -0.00305846  0.00795432
 0.00873922    0.220588  0.00345252 -0.00232811
-0.00305846  0.00345252    0.214533 -0.00968979
 0.00795432 -0.00232811 -0.00968979    0.273933
IMAGINARY
           0     -0.00181  -0.00386526   -0.0113481
     0.00181            0   -0.0023907   -0.0108406
  0.00386526    0.0023907            0  9.28206e-06
   0.0113481    0.0108406 -9.28206e-06            0
EndNode1[0]<--->Repeater1[0]
REAL
   0.292284   0.0074363  -0.0122595  0.00908788
  0.0074363    0.216641  0.00953928 -0.00343422
 -0.0122595  0.00953928    0.217549  0.00532404
 0.00908788 -0.00343422  0.00532404    0.273525
IMAGINARY
          0  0.00305149 -0.00215479  -0.0036318
-0.00305149           0  0.00922661  -0.0037134
 0.00215479 -0.00922661           0 -0.00109543
  0.0036318   0.0037134  0.00109543           0
EndNode2[0]<--->HoM1[0]
REAL
   0.280795 -0.00298395  -0.0044107     0.01029
-0.00298395    0.221728 1.29986e-05 -0.00619536
 -0.0044107 1.29986e-05    0.228851  0.00268092
    0.01029 -0.00619536  0.00268092    0.268626
IMAGINARY
           0   -0.0142819  0.000974772  -0.00111306
   0.0142819            0   0.00342574   0.00989803
-0.000974772  -0.00342574            0    0.0057922
  0.00111306  -0.00989803   -0.0057922            0
Repeater1[0]<--->EndNode1[0]
REAL
   0.292284  -0.0122595   0.0074363  0.00908788
 -0.0122595    0.217549  0.00953928  0.00532404
  0.0074363  0.00953928    0.216641 -0.00343422
 0.00908788  0.00532404 -0.00343422    0.273525
IMAGINARY
          0 -0.00215479  0.00305149  -0.0036318
 0.00215479           0 -0.00922661 -0.00109543
-0.00305149  0.00922661           0  -0.0037134
  0.0036318  0.00109543   0.0037134           0
Repeater1[0]<--->HoM1[0]
REAL
   0.280795  -0.0044107 -0.00298395     0.01029
 -0.0044107    0.228851 1.29986e-05  0.00268092
-0.00298395 1.29986e-05    0.221728 -0.00619536
    0.01029  0.00268092 -0.00619536    0.268626
IMAGINARY
           0  0.000974772   -0.0142819  -0.00111306
-0.000974772            0  -0.00342574    0.0057922
   0.0142819   0.00342574            0   0.00989803
  0.00111306   -0.0057922  -0.00989803            0
EndNode1[0]<--->Repeater1[0]
REAL
     0.27877    0.0134532  -0.00330698    0.0109811
   0.0134532      0.21142  -0.00249107   0.00997769
 -0.00330698  -0.00249107     0.214348 -0.000414986
   0.0109811   0.00997769 -0.000414986     0.295461
IMAGINARY
          0  0.00658298 -0.00236248  0.00429891
-0.00658298           0  0.00732188  0.00726144
 0.00236248 -0.00732188           0  0.00658298
-0.00429891 -0.00726144 -0.00658298           0
EndNode2[0]<--->HoM1[0]
REAL
   0.285888  -0.0137009 -0.00473315  0.00905884
 -0.0137009    0.216241   0.0118921  0.00280151
-0.00473315   0.0118921     0.22719  0.00107085
 0.00905884  0.00280151  0.00107085    0.270681
IMAGINARY
          0  0.00932485  0.00749995   0.0130998
-0.00932485           0 -0.00477903  0.00249111
-0.00749995  0.00477903           0  0.00812221
 -0.0130998 -0.00249111 -0.00812221           0
Repeater1[0]<--->EndNode1[0]
REAL
     0.27877  -0.00330698    0.0134532    0.0109811
 -0.00330698     0.214348  -0.00249107 -0.000414986
   0.0134532  -0.00249107      0.21142   0.00997769
   0.0109811 -0.000414986   0.00997769     0.295461
IMAGINARY
          0 -0.00236248  0.00658298  0.00429891
 0.00236248           0 -0.00732188  0.00658298
-0.00658298  0.00732188           0  0.00726144
-0.00429891 -0.00658298 -0.00726144           0
Repeater1[0]<--->HoM1[0]
REAL
   0.285888 -0.00473315  -0.0137009  0.00905884
-0.00473315     0.22719   0.0118921  0.00107085
 -0.0137009   0.0118921    0.216241  0.00280151
 0.00905884  0.00107085  0.00280151    0.270681
IMAGINARY
          0  0.00749995  0.00932485   0.0130998
-0.00749995           0  0.00477903  0.00812221
-0.00932485 -0.00477903           0  0.00249111
 -0.0130998 -0.00812221 -0.00249111           0
EndNode1[0]<--->Repeater1[0]
REAL
   0.284896  -0.0031861 -0.00720789   0.0076125
 -0.0031861    0.208622  -0.0120131 -0.00720789
-0.00720789  -0.0120131    0.216159 -0.00273196
  0.0076125 -0.00720789 -0.00273196    0.290323
IMAGINARY
           0  -0.00135488  -0.00703544  0.000781271
  0.00135488            0  -0.00469318   0.00824317
  0.00703544   0.00469318            0  0.000449086
-0.000781271  -0.00824317 -0.000449086            0
EndNode2[0]<--->HoM1[0]
REAL
   0.280385 -0.00271929 -0.00158075   0.0236799
-0.00271929      0.2142   0.0104834   -0.007985
-0.00158075   0.0104834    0.210289  0.00165643
  0.0236799   -0.007985  0.00165643    0.295126
IMAGINARY
           0   0.00600786   0.00256442   0.00662664
 -0.00600786            0  -0.00483986   0.00271417
 -0.00256442   0.00483986            0 -0.000142756
 -0.00662664  -0.00271417  0.000142756            0
Repeater1[0]<--->EndNode1[0]
REAL
   0.284896 -0.00720789  -0.0031861   0.0076125
-0.00720789    0.216159  -0.0120131 -0.00273196
 -0.0031861  -0.0120131    0.208622 -0.00720789
  0.0076125 -0.00273196 -0.00720789    0.290323
IMAGINARY
           0  -0.00703544  -0.00135488  0.000781271
  0.00703544            0   0.00469318  0.000449086
  0.00135488  -0.00469318            0   0.00824317
-0.000781271 -0.000449086  -0.00824317            0
Repeater1[0]<--->HoM1[0]
REAL
   0.280385 -0.00158075 -0.00271929   0.0236799
-0.00158075    0.210289   0.0104834  0.00165643
-0.00271929   0.0104834      0.2142   -0.007985
  0.0236799  0.00165643   -0.007985    0.295126
IMAGINARY
           0   0.00256442   0.00600786   0.00662664
 -0.00256442            0   0.00483986 -0.000142756
 -0.00600786  -0.00483986            0   0.00271417
 -0.00662664  0.000142756  -0.00271417            0
EndNode1[0]<--->Repeater1[0]
REAL
   0.287821   0.0081816   0.0074116   0.0100297
  0.0081816    0.204954   0.0143568   0.0063721
  0.0074116   0.0143568    0.214391 -0.00409193
  0.0100297   0.0063721 -0.00409193    0.292834
IMAGINARY
           0   -0.0130189   0.00159626  -0.00424149
   0.0130189            0    0.0059385 -0.000850219
 -0.00159626   -0.0059385            0   0.00809496
  0.00424149  0.000850219  -0.00809496            0
EndNode2[0]<--->HoM1[0]
REAL
   0.288025  0.00684089   0.0057746   0.0121476
 0.00684089    0.218974  -0.0057735  -0.0133346
  0.0057746  -0.0057735    0.225194 -0.00639618
  0.0121476  -0.0133346 -0.00639618    0.267807
IMAGINARY
           0  -0.00645968   0.00514376  -0.00281468
  0.00645968            0 -0.000619776  -0.00305296
 -0.00514376  0.000619776            0  -0.00459169
  0.00281468   0.00305296   0.00459169            0
Repeater1[0]<--->EndNode1[0]
REAL
   0.287821   0.0074116   0.0081816   0.0100297
  0.0074116    0.214391   0.0143568 -0.00409193
  0.0081816   0.0143568    0.204954   0.0063721
  0.0100297 -0.00409193   0.0063721    0.292834
IMAGINARY
           0   0.00159626   -0.0130189  -0.00424149
 -0.00159626            0   -0.0059385   0.00809496
   0.0130189    0.0059385            0 -0.000850219
  0.00424149  -0.00809496  0.000850219            0
Repeater1[0]<--->HoM1[0]
REAL
   0.288025   0.0057746  0.00684089   0.0121476
  0.0057746    0.225194  -0.0057735 -0.00639618
 0.00684089  -0.0057735    0.218974  -0.0133346
  0.0121476 -0.00639618  -0.0133346    0.267807
IMAGINARY
           0   0.00514376  -0.00645968  -0.00281468
 -0.00514376            0  0.000619776  -0.00459169
  0.00645968 -0.000619776            0  -0.00305296
  0.00281468   0.00459169   0.00305296            0
EndNode1[0]<--->Repeater1[0]
REAL
   0.286064 -0.00293972 -0.00506924    0.012696
-0.00293972    0.211491 -0.00946259  0.00536318
-0.00506924 -0.00946259    0.207213 -0.00734835
   0.012696  0.00536318 -0.00734835    0.295232
IMAGINARY
           0  0.000649613   0.00501113   0.00462865
-0.000649613            0  -0.00522282    0.0108164
 -0.00501113   0.00522282            0  -0.00894024
 -0.00462865   -0.0108164   0.00894024            0
EndNode2[0]<--->HoM1[0]
REAL
   0.283629 -0.00677375   0.0170867  0.00940124
-0.00677375    0.230967 -0.00216379    0.012633
  0.0170867 -0.00216379    0.207785  0.00569583
 0.00940124    0.012633  0.00569583    0.277619
IMAGINARY
           0  -0.00241203  -0.00960737  -0.00316165
  0.00241203            0    0.0118573  0.000745854
  0.00960737   -0.0118573            0  -0.00735067
  0.00316165 -0.000745854   0.00735067            0
Repeater1[0]<--->EndNode1[0]
REAL
   0.286064 -0.00506924 -0.00293972    0.012696
-0.00506924    0.207213 -0.00946259 -0.00734835
-0.00293972 -0.00946259    0.211491  0.00536318
   0.012696 -0.00734835  0.00536318    0.295232
IMAGINARY
           0   0.00501113  0.000649613   0.00462865
 -0.00501113            0   0.00522282  -0.00894024
-0.000649613  -0.00522282            0    0.0108164
 -0.00462865   0.00894024   -0.0108164            0
Repeater1[0]<--->HoM1[0]
REAL
   0.283629   0.0170867 -0.00677375  0.00940124
  0.0170867    0.207785 -0.00216379  0.00569583
-0.00677375 -0.00216379    0.230967    0.012633
 0.00940124  0.00569583    0.012633    0.277619
IMAGINARY
           0  -0.00960737  -0.00241203  -0.00316165
  0.00960737            0   -0.0118573  -0.00735067
  0.00241203    0.0118573            0  0.000745854
  0.00316165   0.00735067 -0.000745854            0
EndNode1[0]<--->Repeater1[0]
REAL
   0.282357  0.00632429   0.0101111   0.0176264
 0.00632429    0.210317 -0.00172745  -0.0165004
  0.0101111 -0.00172745    0.212454 -0.00706723
  0.0176264  -0.0165004 -0.00706723    0.294872
IMAGINARY
          0 -0.00250699 -0.00347498 -0.00466409
 0.00250699           0  0.00631822 -0.00185876
 0.00347498 -0.00631822           0  0.00387852
 0.00466409  0.00185876 -0.00387852           0
EndNode2[0]<--->HoM1[0]
REAL
   0.286536    0.014706  0.00255727  0.00546606
   0.014706    0.207262  0.00339014  0.00179577
 0.00255727  0.00339014    0.223903 0.000454594
 0.00546606  0.00179577 0.000454594      0.2823
IMAGINARY
          0 -0.00380311   0.0133439  0.00219435
 0.00380311           0 -0.00594697 -0.00919211
 -0.0133439  0.00594697           0   0.0112171
-0.00219435  0.00919211  -0.0112171           0
Repeater1[0]<--->EndNode1[0]
REAL
   0.282357   0.0101111  0.00632429   0.0176264
  0.0101111    0.212454 -0.00172745 -0.00706723
 0.00632429 -0.00172745    0.210317  -0.0165004
  0.0176264 -0.00706723  -0.0165004    0.294872
IMAGINARY
          0 -0.00347498 -0.00250699 -0.00466409
 0.00347498           0 -0.00631822  0.00387852
 0.00250699  0.00631822           0 -0.00185876
 0.00466409 -0.00387852  0.00185876           0
Repeater1[0]<--->HoM1[0]
REAL
   0.286536  0.00255727    0.014706  0.00546606
 0.00255727    0.223903  0.00339014 0.000454594
   0.014706  0.00339014    0.207262  0.00179577
 0.00546606 0.000454594  0.00179577      0.2823
IMAGINARY
          0   0.0133439 -0.00380311  0.00219435
 -0.0133439           0  0.00594697   0.0112171
 0.00380311 -0.00594697           0 -0.00919211
-0.00219435  -0.0112171  0.00919211           0
EndNode1[0]<--->Repeater1[0]
REAL
    0.292145   0.00426598    0.0091278   0.00990108
  0.00426598     0.205438   0.00285019  -0.00627752
   0.0091278   0.00285019     0.205136 -0.000815634
  0.00990108  -0.00627752 -0.000815634     0.297281
IMAGINARY
          0  0.00429845  0.00131466  -0.0072896
-0.00429845           0   0.0065747  0.00665591
-0.00131466  -0.0065747           0  0.00121963
  0.0072896 -0.00665591 -0.00121963           0
EndNode2[0]<--->HoM1[0]
REAL
   0.279928  0.00374142 -0.00102568  0.00827786
 0.00374142    0.224722  0.00483989  0.00621177
-0.00102568  0.00483989    0.217822 0.000224417
 0.00827786  0.00621177 0.000224417    0.277528
IMAGINARY
          0 -0.00392652 -0.00529756 -0.00995315
 0.00392652           0  -0.0029281 -0.00292367
 0.00529756   0.0029281           0  0.00826135
 0.00995315  0.00292367 -0.00826135           0
Repeater1[0]<--->EndNode1[0]
REAL
    0.292145    0.0091278   0.00426598   0.00990108
   0.0091278     0.205136   0.00285019 -0.000815634
  0.00426598   0.00285019     0.205438  -0.00627752
  0.00990108 -0.000815634  -0.00627752     0.297281
IMAGINARY
          0  0.00131466  0.00429845  -0.0072896
-0.00131466           0  -0.0065747  0.00121963
-0.00429845   0.0065747           0  0.00665591
  0.0072896 -0.00121963 -0.00665591           0
Repeater1[0]<--->HoM1[0]
REAL
   0.279928 -0.00102568  0.00374142  0.00827786
-0.00102568    0.217822  0.00483989 0.000224417
 0.00374142  0.00483989    0.224722  0.00621177
 0.00827786 0.000224417  0.00621177    0.277528
IMAGINARY
          0 -0.00529756 -0.00392652 -0.00995315
 0.00529756           0   0.0029281  0.00826135
 0.00392652  -0.0029281           0 -0.00292367
 0.00995315 -0.00826135  0.00292367           0
EndNode1[0]<--->Repeater1[0]
REAL
   0.282589 -0.00436486   0.0117627  0.00920582
-0.00436486    0.211402  0.00710498  0.00128593
  0.0117627  0.00710498    0.212943 0.000509584
 0.00920582  0.00128593 0.000509584    0.293066
IMAGINARY
           0  -0.00587969  -0.00668085   0.00440045
  0.00587969            0   0.00335035  0.000378328
  0.00668085  -0.00335035            0  -0.00132319
 -0.00440045 -0.000378328   0.00132319            0
EndNode2[0]<--->HoM1[0]
REAL
   0.288808  0.00213409   0.0106103   0.0232474
 0.00213409    0.219274  0.00127746 -0.00447908
  0.0106103  0.00127746      0.2147  0.00982176
  0.0232474 -0.00447908  0.00982176    0.277219
IMAGINARY
          0   0.0023426  0.00690644  0.00385865
 -0.0023426           0  0.00808571  0.00356245
-0.00690644 -0.00808571           0  -0.0101574
-0.00385865 -0.00356245   0.0101574           0
Repeater1[0]<--->EndNode1[0]
REAL
   0.282589   0.0117627 -0.00436486  0.00920582
  0.0117627    0.212943  0.00710498 0.000509584
-0.00436486  0.00710498    0.211402  0.00128593
 0.00920582 0.000509584  0.00128593    0.293066
IMAGINARY
           0  -0.00668085  -0.00587969   0.00440045
  0.00668085            0  -0.00335035  -0.00132319
  0.00587969   0.00335035            0  0.000378328
 -0.00440045   0.00132319 -0.000378328            0
Repeater1[0]<--->HoM1[0]
REAL
   0.288808   0.0106103  0.00213409   0.0232474
  0.0106103      0.2147  0.00127746  0.00982176
 0.00213409  0.00127746    0.219274 -0.00447908
  0.0232474  0.00982176 -0.00447908    0.277219
IMAGINARY
          0  0.00690644   0.0023426  0.00385865
-0.00690644           0 -0.00808571  -0.0101574
 -0.0023426  0.00808571           0  0.00356245
-0.00385865   0.0101574 -0.00356245           0
EndNode1[0]<--->Repeater1[0]
REAL
    0.298945 -0.000742605   0.00281526    0.0286475
-0.000742605     0.214537   0.00348466    0.0128004
  0.00281526   0.00348466     0.206331   -0.0052634
   0.0286475    0.0128004   -0.0052634     0.280188
IMAGINARY
           0 -0.000202158   0.00330806  -0.00026458
 0.000202158            0   0.00152007  -0.00182789
 -0.00330806  -0.00152007            0  -0.00483041
  0.00026458   0.00182789   0.00483041            0
EndNode2[0]<--->HoM1[0]
REAL
   0.277015   0.0111476 0.000162597   0.0106126
  0.0111476    0.210746 -0.00681366  0.00451303
0.000162597 -0.00681366    0.221194 0.000541505
  0.0106126  0.00451303 0.000541505    0.291045
IMAGINARY
          0 -0.00882342 -0.00484896 -0.00159888
 0.00882342           0  0.00129658 -0.00304499
 0.00484896 -0.00129658           0  -0.0017515
 0.00159888  0.00304499   0.0017515           0
Repeater1[0]<--->EndNode1[0]
REAL
    0.298945   0.00281526 -0.000742605    0.0286475
  0.00281526     0.206331   0.00348466   -0.0052634
-0.000742605   0.00348466     0.214537    0.0128004
   0.0286475   -0.0052634    0.0128004     0.280188
IMAGINARY
           0   0.00330806 -0.000202158  -0.00026458
 -0.00330806            0  -0.00152007  -0.00483041
 0.000202158   0.00152007            0  -0.00182789
  0.00026458   0.00483041   0.00182789            0
Repeater1[0]<--->HoM1[0]
REAL
   0.277015 0.000162597   0.0111476   0.0106126
0.000162597    0.221194 -0.00681366 0.000541505
  0.0111476 -0.00681366    0.210746  0.00451303
  0.0106126 0.000541505  0.00451303    0.291045
IMAGINARY
          0 -0.00484896 -0.00882342 -0.00159888
 0.00484896           0 -0.00129658  -0.0017515
 0.00882342  0.00129658           0 -0.00304499
 0.00159888   0.0017515  0.00304499           0
EndNode1[0]<--->Repeater1[0]
REAL
    0.289183   0.00377978   0.00344931    0.0143803
  0.00377978     0.215734  1.68246e-05   0.00344931
  0.00344931  1.68246e-05     0.208974 -0.000780382
   0.0143803   0.00344931 -0.000780382     0.286109
IMAGINARY
           0   0.00284525  -0.00176608 -0.000373326
 -0.00284525            0   -0.0125318   0.00887222
  0.00176608    0.0125318            0   0.00577283
 0.000373326  -0.00887222  -0.00577283            0
EndNode2[0]<--->HoM1[0]
REAL
    0.291556   0.00107675   0.00210802   0.00832322
  0.00107675        0.208  -0.00356407  -0.00917464
  0.00210802  -0.00356407     0.224296 -0.000932528
  0.00832322  -0.00917464 -0.000932528     0.276148
IMAGINARY
          0 -0.00536267  -0.0108714 -0.00710913
 0.00536267           0  0.00256234  0.00221273
  0.0108714 -0.00256234           0 -0.00505705
 0.00710913 -0.00221273  0.00505705           0
Repeater1[0]<--->EndNode1[0]
REAL
    0.289183   0.00344931   0.00377978    0.0143803
  0.00344931     0.208974  1.68246e-05 -0.000780382
  0.00377978  1.68246e-05     0.215734   0.00344931
   0.0143803 -0.000780382   0.00344931     0.286109
IMAGINARY
           0  -0.00176608   0.00284525 -0.000373326
  0.00176608            0    0.0125318   0.00577283
 -0.00284525   -0.0125318            0   0.00887222
 0.000373326  -0.00577283  -0.00887222            0
Repeater1[0]<--->HoM1[0]
REAL
    0.291556   0.00210802   0.00107675   0.00832322
  0.00210802     0.224296  -0.00356407 -0.000932528
  0.00107675  -0.00356407        0.208  -0.00917464
  0.00832322 -0.000932528  -0.00917464     0.276148
IMAGINARY
          0  -0.0108714 -0.00536267 -0.00710913
  0.0108714           0 -0.00256234 -0.00505705
 0.00536267  0.00256234           0  0.00221273
 0.00710913  0.00505705 -0.00221273           0
EndNode1[0]<--->Repeater1[0]
REAL
   0.285973  0.00380106 -0.00192153 0.000946418
 0.00380106    0.216445  0.00155138  0.00295004
-0.00192153  0.00155138    0.206469 -0.00189098
0.000946418  0.00295004 -0.00189098    0.291112
IMAGINARY
           0  -0.00247944   0.00236214  0.000487159
  0.00247944            0  -0.00705204  -0.00387455
 -0.00236214   0.00705204            0  -0.00780489
-0.000487159   0.00387455   0.00780489            0
EndNode2[0]<--->HoM1[0]
REAL
   0.285757 -0.00278381 -0.00458627    0.013421
-0.00278381    0.216176 -0.00905743 -0.00609685
-0.00458627 -0.00905743    0.216771 -0.00157972
   0.013421 -0.00609685 -0.00157972    0.281296
IMAGINARY
           0   0.00710415  -0.00838292   0.00789214
 -0.00710415            0  0.000922446   0.00867111
  0.00838292 -0.000922446            0   0.00211775
 -0.00789214  -0.00867111  -0.00211775            0
Repeater1[0]<--->EndNode1[0]
REAL
   0.285973 -0.00192153  0.00380106 0.000946418
-0.00192153    0.206469  0.00155138 -0.00189098
 0.00380106  0.00155138    0.216445  0.00295004
0.000946418 -0.00189098  0.00295004    0.291112
IMAGINARY
           0   0.00236214  -0.00247944  0.000487159
 -0.00236214            0   0.00705204  -0.00780489
  0.00247944  -0.00705204            0  -0.00387455
-0.000487159   0.00780489   0.00387455            0
Repeater1[0]<--->HoM1[0]
REAL
   0.285757 -0.00458627 -0.00278381    0.013421
-0.00458627    0.216771 -0.00905743 -0.00157972
-0.00278381 -0.00905743    0.216176 -0.00609685
   0.013421 -0.00157972 -0.00609685    0.281296
IMAGINARY
           0  -0.00838292   0.00710415   0.00789214
  0.00838292            0 -0.000922446   0.00211775
 -0.00710415  0.000922446            0   0.00867111
 -0.00789214  -0.00211775  -0.00867111            0
EndNode1[0]<--->Repeater1[0]
REAL
   0.292932  0.00154637 -0.00222746    0.014527
 0.00154637    0.199938 -0.00283718  -0.0088705
-0.00222746 -0.00283718    0.210167 -0.00554164
   0.014527  -0.0088705 -0.00554164    0.296962
IMAGINARY
          0  0.00605674   0.0102137 -0.00836832
-0.00605674           0  0.00434605 -0.00442562
 -0.0102137 -0.00434605           0 -0.00115914
 0.00836832  0.00442562  0.00115914           0
EndNode2[0]<--->HoM1[0]
REAL
    0.284395  -0.00035273  -0.00227636 -0.000184528
 -0.00035273     0.227219   0.00265214   0.00566932
 -0.00227636   0.00265214     0.214116  0.000969633
-0.000184528   0.00566932  0.000969633      0.27427
IMAGINARY
          0 -0.00308699   0.0117811  0.00383665
 0.00308699           0 -0.00398784 -0.00446548
 -0.0117811  0.00398784           0  0.00532647
-0.00383665  0.00446548 -0.00532647           0
Repeater1[0]<--->EndNode1[0]
REAL
   0.292932 -0.00222746  0.00154637    0.014527
-0.00222746    0.210167 -0.00283718 -0.00554164
 0.00154637 -0.00283718    0.199938  -0.0088705
   0.014527 -0.00554164  -0.0088705    0.296962
IMAGINARY
          0   0.0102137  0.00605674 -0.00836832
 -0.0102137           0 -0.00434605 -0.00115914
-0.00605674  0.00434605           0 -0.00442562
 0.00836832  0.00115914  0.00442562           0
Repeater1[0]<--->HoM1[0]
REAL
    0.284395  -0.00227636  -0.00035273 -0.000184528
 -0.00227636     0.214116   0.00265214  0.000969633
 -0.00035273   0.00265214     0.227219   0.00566932
-0.000184528  0.000969633   0.00566932      0.27427
IMAGINARY
          0   0.0117811 -0.00308699  0.00383665
 -0.0117811           0  0.00398784  0.00532647
 0.00308699 -0.00398784           0 -0.00446548
-0.00383665 -0.00532647  0.00446548           0
EndNode1[0]<--->Repeater1[0]
REAL
   0.29047  0.0106216  0.0102629  0.0075186
 0.0106216   0.215027 -0.0129582 0.00370357
 0.0102629 -0.0129582   0.214111 0.00422697
 0.0075186 0.00370357 0.00422697   0.280391
IMAGINARY
           0   0.00717577   0.00154698  -0.00237222
 -0.00717577            0  0.000367902   0.00517674
 -0.00154698 -0.000367902            0   0.00290981
  0.00237222  -0.00517674  -0.00290981            0
EndNode2[0]<--->HoM1[0]
REAL
     0.27946   -0.0125632  0.000973881    0.0124859
  -0.0125632     0.226087   0.00200686   0.00385704
 0.000973881   0.00200686     0.222489 -0.000721849
   0.0124859   0.00385704 -0.000721849     0.271964
IMAGINARY
           0  -0.00237999   0.00741162 -0.000453172
  0.00237999            0 -0.000453172   0.00725904
 -0.00741162  0.000453172            0   0.00717041
 0.000453172  -0.00725904  -0.00717041            0
Repeater1[0]<--->EndNode1[0]
REAL
   0.29047  0.0102629  0.0106216  0.0075186
 0.0102629   0.214111 -0.0129582 0.00422697
 0.0106216 -0.0129582   0.215027 0.00370357
 0.0075186 0.00422697 0.00370357   0.280391
IMAGINARY
           0   0.00154698   0.00717577  -0.00237222
 -0.00154698            0 -0.000367902   0.00290981
 -0.00717577  0.000367902            0   0.00517674
  0.00237222  -0.00290981  -0.00517674            0
Repeater1[0]<--->HoM1[0]
REAL
     0.27946  0.000973881   -0.0125632    0.0124859
 0.000973881     0.222489   0.00200686 -0.000721849
  -0.0125632   0.00200686     0.226087   0.00385704
   0.0124859 -0.000721849   0.00385704     0.271964
IMAGINARY
           0   0.00741162  -0.00237999 -0.000453172
 -0.00741162            0  0.000453172   0.00717041
  0.00237999 -0.000453172            0   0.00725904
 0.000453172  -0.00717041  -0.00725904            0
EndNode1[0]<--->Repeater1[0]
REAL
   0.294171  0.00630329 -0.00336608   0.0127492
 0.00630329    0.208865 -0.00336971 -0.00428183
-0.00336608 -0.00336971    0.204918  0.00394202
  0.0127492 -0.00428183  0.00394202    0.292046
IMAGINARY
           0 -0.000923932  0.000378548   0.00763643
 0.000923932            0   0.00257992 -0.000222053
-0.000378548  -0.00257992            0   0.00264537
 -0.00763643  0.000222053  -0.00264537            0
EndNode2[0]<--->HoM1[0]
REAL
   0.288156 -0.00343338  -0.0101358  0.00851472
-0.00343338     0.20772  0.00474398  0.00424307
 -0.0101358  0.00474398    0.225692 0.000487005
 0.00851472  0.00424307 0.000487005    0.278433
IMAGINARY
          0 -0.00316769 -0.00532312 -0.00852619
 0.00316769           0 -0.00292183 -0.00025757
 0.00532312  0.00292183           0 -0.00361964
 0.00852619  0.00025757  0.00361964           0
Repeater1[0]<--->EndNode1[0]
REAL
   0.294171 -0.00336608  0.00630329   0.0127492
-0.00336608    0.204918 -0.00336971  0.00394202
 0.00630329 -0.00336971    0.208865 -0.00428183
  0.0127492  0.00394202 -0.00428183    0.292046
IMAGINARY
           0  0.000378548 -0.000923932   0.00763643
-0.000378548            0  -0.00257992   0.00264537
 0.000923932   0.00257992            0 -0.000222053
 -0.00763643  -0.00264537  0.000222053            0
Repeater1[0]<--->HoM1[0]
REAL
   0.288156  -0.0101358 -0.00343338  0.00851472
 -0.0101358    0.225692  0.00474398 0.000487005
-0.00343338  0.00474398     0.20772  0.00424307
 0.00851472 0.000487005  0.00424307    0.278433
IMAGINARY
          0 -0.00532312 -0.00316769 -0.00852619
 0.00532312           0  0.00292183 -0.00361964
 0.00316769 -0.00292183           0 -0.00025757
 0.00852619  0.00361964  0.00025757           0
EndNode1[0]<--->Repeater1[0]
REAL
     0.29012  -0.00678783   0.00726524    0.0153702
 -0.00678783     0.212575  -0.00477633 -0.000252406
  0.00726524  -0.00477633     0.221557  -0.00649179
   0.0153702 -0.000252406  -0.00649179     0.275749
IMAGINARY
          0   0.0103345 -0.00183478   0.0089802
 -0.0103345           0  0.00434919 -0.00213347
 0.00183478 -0.00434919           0 -0.00575574
 -0.0089802  0.00213347  0.00575574           0
EndNode2[0]<--->HoM1[0]
REAL
    0.300092 -0.000534983   0.00553793     0.020389
-0.000534983     0.212642   0.00461849   0.00569297
  0.00553793   0.00461849     0.207426  -0.00260967
    0.020389   0.00569297  -0.00260967      0.27984
IMAGINARY
           0  0.000150195 -0.000453788  -0.00285045
-0.000150195            0  -0.00858406 -0.000897969
 0.000453788   0.00858406            0   0.00600781
  0.00285045  0.000897969  -0.00600781            0
Repeater1[0]<--->EndNode1[0]
REAL
     0.29012   0.00726524  -0.00678783    0.0153702
  0.00726524     0.221557  -0.00477633  -0.00649179
 -0.00678783  -0.00477633     0.212575 -0.000252406
   0.0153702  -0.00649179 -0.000252406     0.275749
IMAGINARY
          0 -0.00183478   0.0103345   0.0089802
 0.00183478           0 -0.00434919 -0.00575574
 -0.0103345  0.00434919           0 -0.00213347
 -0.0089802  0.00575574  0.00213347           0
Repeater1[0]<--->HoM1[0]
REAL
    0.300092   0.00553793 -0.000534983     0.020389
  0.00553793     0.207426   0.00461849  -0.00260967
-0.000534983   0.00461849     0.212642   0.00569297
    0.020389  -0.00260967   0.00569297      0.27984
IMAGINARY
           0 -0.000453788  0.000150195  -0.00285045
 0.000453788            0   0.00858406   0.00600781
-0.000150195  -0.00858406            0 -0.000897969
  0.00285045  -0.00600781  0.000897969            0
EndNode1[0]<--->Repeater1[0]
REAL
   0.294567   -0.017075 -0.00307288   0.0224444
  -0.017075    0.204405  0.00760182 -0.00139554
-0.00307288  0.00760182    0.221733 -0.00064453
  0.0224444 -0.00139554 -0.00064453    0.279295
IMAGINARY
           0  -0.00330364   0.00462996  -0.00200078
  0.00330364            0 -0.000331583   0.00181681
 -0.00462996  0.000331583            0  -0.00134404
  0.00200078  -0.00181681   0.00134404            0
EndNode2[0]<--->HoM1[0]
REAL
   0.285155  0.00443893 -0.00279035    0.011258
 0.00443893    0.210479  0.00699234 -0.00279035
-0.00279035  0.00699234    0.215598  0.00295172
   0.011258 -0.00279035  0.00295172    0.288768
IMAGINARY
           0   -0.0057658  -0.00137297   0.00647462
   0.0057658            0 -0.000520512   0.00167767
  0.00137297  0.000520512            0   0.00271887
 -0.00647462  -0.00167767  -0.00271887            0
Repeater1[0]<--->EndNode1[0]
REAL
   0.294567 -0.00307288   -0.017075   0.0224444
-0.00307288    0.221733  0.00760182 -0.00064453
  -0.017075  0.00760182    0.204405 -0.00139554
  0.0224444 -0.00064453 -0.00139554    0.279295
IMAGINARY
           0   0.00462996  -0.00330364  -0.00200078
 -0.00462996            0  0.000331583  -0.00134404
  0.00330364 -0.000331583            0   0.00181681
  0.00200078   0.00134404  -0.00181681            0
Repeater1[0]<--->HoM1[0]
REAL
   0.285155 -0.00279035  0.00443893    0.011258
-0.00279035    0.215598  0.00699234  0.00295172
 0.00443893  0.00699234    0.210479 -0.00279035
   0.011258  0.00295172 -0.00279035    0.288768
IMAGINARY
           0  -0.00137297   -0.0057658   0.00647462
  0.00137297            0  0.000520512   0.00271887
   0.0057658 -0.000520512            0   0.00167767
 -0.00647462  -0.00271887  -0.00167767            0
EndNode1[0]<--->Repeater1[0]
REAL
   0.276882  0.00881447  0.00396673   0.0101793
 0.00881447    0.212067 -0.00233205   0.0139486
 0.00396673 -0.00233205    0.218638 -0.00215175
  0.0101793   0.0139486 -0.00215175    0.292413
IMAGINARY
           0  -0.00805637  -0.00346781   0.00332528
  0.00805637            0 -0.000385017  -0.00482282
  0.00346781  0.000385017            0   0.00579529
 -0.00332528   0.00482282  -0.00579529            0
EndNode2[0]<--->HoM1[0]
REAL
   0.278148   0.0101366  0.00124848  0.00954957
  0.0101366    0.207324   0.0050773  0.00412465
 0.00124848   0.0050773    0.210654 -0.00416648
 0.00954957  0.00412465 -0.00416648    0.303874
IMAGINARY
          0 -0.00726933   0.0146471   0.0117221
 0.00726933           0  0.00163729  0.00890689
 -0.0146471 -0.00163729           0   0.0129342
 -0.0117221 -0.00890689  -0.0129342           0
Repeater1[0]<--->EndNode1[0]
REAL
   0.276882  0.00396673  0.00881447   0.0101793
 0.00396673    0.218638 -0.00233205 -0.00215175
 0.00881447 -0.00233205    0.212067   0.0139486
  0.0101793 -0.00215175   0.0139486    0.292413
IMAGINARY
           0  -0.00346781  -0.00805637   0.00332528
  0.00346781            0  0.000385017   0.00579529
  0.00805637 -0.000385017            0  -0.00482282
 -0.00332528  -0.00579529   0.00482282            0
Repeater1[0]<--->HoM1[0]
REAL
   0.278148  0.00124848   0.0101366  0.00954957
 0.00124848    0.210654   0.0050773 -0.00416648
  0.0101366   0.0050773    0.207324  0.00412465
 0.00954957 -0.00416648  0.00412465    0.303874
IMAGINARY
          0   0.0146471 -0.00726933   0.0117221
 -0.0146471           0 -0.00163729   0.0129342
 0.00726933  0.00163729           0  0.00890689
 -0.0117221  -0.0129342 -0.00890689           0
EndNode1[0]<--->Repeater1[0]
REAL
    0.282705  -0.00161372   -0.0112625    0.0158885
 -0.00161372     0.219519 -0.000718817  -0.00420759
  -0.0112625 -0.000718817     0.217146   -0.0114533
   0.0158885  -0.00420759   -0.0114533     0.280629
IMAGINARY
           0   0.00228941 -0.000208386   0.00359427
 -0.00228941            0    0.0010562 -0.000977854
 0.000208386   -0.0010562            0   0.00897987
 -0.00359427  0.000977854  -0.00897987            0
EndNode2[0]<--->HoM1[0]
REAL
   0.276596  0.00232469   0.0024923  0.00314445
 0.00232469    0.213061 -0.00183593 -0.00234691
  0.0024923 -0.00183593    0.226359 -0.00305165
 0.00314445 -0.00234691 -0.00305165    0.283983
IMAGINARY
          0  0.00153171 -0.00172935  0.00722692
-0.00153171           0 -0.00604208 -0.00264735
 0.00172935  0.00604208           0  0.00525972
-0.00722692  0.00264735 -0.00525972           0
Repeater1[0]<--->EndNode1[0]
REAL
    0.282705   -0.0112625  -0.00161372    0.0158885
  -0.0112625     0.217146 -0.000718817   -0.0114533
 -0.00161372 -0.000718817     0.219519  -0.00420759
   0.0158885   -0.0114533  -0.00420759     0.280629
IMAGINARY
           0 -0.000208386   0.00228941   0.00359427
 0.000208386            0   -0.0010562   0.00897987
 -0.00228941    0.0010562            0 -0.000977854
 -0.00359427  -0.00897987  0.000977854            0
