EndNode1[0]<--->Repeater1[0]
REAL
   0.409521 -0.00219709 -0.00343073    0.189111
-0.00219709   0.0805615  -0.0106157  0.00145924
-0.00343073  -0.0106157   0.0805615  0.00386527
   0.189111  0.00145924  0.00386527    0.429356
IMAGINARY
           0  -0.00372989   -0.0111496   0.00440295
  0.00372989            0  -0.00301105   0.00493183
   0.0111496   0.00301105            0  0.000241868
 -0.00440295  -0.00493183 -0.000241868            0
EndNode2[0]<--->HoM1[0]
REAL
   0.433687 0.000351415 -0.00321232    0.193422
0.000351415   0.0819423  0.00102234  -0.0115824
-0.00321232  0.00102234   0.0737481  0.00780076
   0.193422  -0.0115824  0.00780076    0.410622
IMAGINARY
          0  0.00331681  0.00220998   0.0014569
-0.00331681           0  -0.0021994  0.00556979
-0.00220998   0.0021994           0  -0.0098997
 -0.0014569 -0.00556979   0.0098997           0
Repeater1[0]<--->EndNode1[0]
REAL
   0.409521 -0.00343073 -0.00219709    0.189111
-0.00343073   0.0805615  -0.0106157  0.00386527
-0.00219709  -0.0106157   0.0805615  0.00145924
   0.189111  0.00386527  0.00145924    0.429356
IMAGINARY
           0   -0.0111496  -0.00372989   0.00440295
   0.0111496            0   0.00301105  0.000241868
  0.00372989  -0.00301105            0   0.00493183
 -0.00440295 -0.000241868  -0.00493183            0
Repeater1[0]<--->HoM1[0]
REAL
   0.433687 -0.00321232 0.000351415    0.193422
-0.00321232   0.0737481  0.00102234  0.00780076
0.000351415  0.00102234   0.0819423  -0.0115824
   0.193422  0.00780076  -0.0115824    0.410622
IMAGINARY
          0  0.00220998  0.00331681   0.0014569
-0.00220998           0   0.0021994  -0.0098997
-0.00331681  -0.0021994           0  0.00556979
 -0.0014569   0.0098997 -0.00556979           0
EndNode1[0]<--->Repeater1[0]
REAL
  0.419345 0.00257844 0.00297763   0.186793
0.00257844  0.0815646  0.0101032 0.00828226
0.00297763  0.0101032  0.0794421 0.00198638
  0.186793 0.00828226 0.00198638   0.419648
IMAGINARY
          0  0.00384371 -0.00794121  0.00667685
-0.00384371           0  0.00201239  0.00660152
 0.00794121 -0.00201239           0  0.00940428
-0.00667685 -0.00660152 -0.00940428           0
EndNode2[0]<--->HoM1[0]
REAL
   0.397424 -0.00653742 -0.00228066    0.189906
-0.00653742   0.0913447  0.00115831 -0.00683163
-0.00228066  0.00115831   0.0832585  -0.0034567
   0.189906 -0.00683163  -0.0034567    0.427972
IMAGINARY
           0    0.0021535  0.000645647  -0.00413846
  -0.0021535            0   -0.0021452    -0.012361
-0.000645647    0.0021452            0   0.00319796
  0.00413846     0.012361  -0.00319796            0
Repeater1[0]<--->EndNode1[0]
REAL
  0.419345 0.00297763 0.00257844   0.186793
0.00297763  0.0794421  0.0101032 0.00198638
0.00257844  0.0101032  0.0815646 0.00828226
  0.186793 0.00198638 0.00828226   0.419648
IMAGINARY
          0 -0.00794121  0.00384371  0.00667685
 0.00794121           0 -0.00201239  0.00940428
-0.00384371  0.00201239           0  0.00660152
-0.00667685 -0.00940428 -0.00660152           0
Repeater1[0]<--->HoM1[0]
REAL
   0.397424 -0.00228066 -0.00653742    0.189906
-0.00228066   0.0832585  0.00115831  -0.0034567
-0.00653742  0.00115831   0.0913447 -0.00683163
   0.189906  -0.0034567 -0.00683163    0.427972
IMAGINARY
           0  0.000645647    0.0021535  -0.00413846
-0.000645647            0    0.0021452   0.00319796
  -0.0021535   -0.0021452            0    -0.012361
  0.00413846  -0.00319796     0.012361            0
EndNode1[0]<--->Repeater1[0]
REAL
   0.423537 -0.00858913 -0.00355422    0.187172
-0.00858913   0.0766166  0.00411331 -0.00279733
-0.00355422  0.00411331   0.0812136  0.00194215
   0.187172 -0.00279733  0.00194215    0.418633
IMAGINARY
           0  -0.00804384  -0.00110637   0.00338625
  0.00804384            0   0.00144537    0.0012563
  0.00110637  -0.00144537            0 -0.000801742
 -0.00338625   -0.0012563  0.000801742            0
EndNode2[0]<--->HoM1[0]
REAL
    0.42029   0.0036672 -0.00341445    0.183682
  0.0036672    0.084843  0.00301465  -0.0113838
-0.00341445  0.00301465   0.0778986 -0.00112609
   0.183682  -0.0113838 -0.00112609    0.416969
IMAGINARY
          0 -0.00324336  0.00536322  -0.0103902
 0.00324336           0    0.005027  0.00104131
-0.00536322   -0.005027           0  0.00875424
  0.0103902 -0.00104131 -0.00875424           0
Repeater1[0]<--->EndNode1[0]
REAL
   0.423537 -0.00355422 -0.00858913    0.187172
-0.00355422   0.0812136  0.00411331  0.00194215
-0.00858913  0.00411331   0.0766166 -0.00279733
   0.187172  0.00194215 -0.00279733    0.418633
IMAGINARY
           0  -0.00110637  -0.00804384   0.00338625
  0.00110637            0  -0.00144537 -0.000801742
  0.00804384   0.00144537            0    0.0012563
 -0.00338625  0.000801742   -0.0012563            0
Repeater1[0]<--->HoM1[0]
REAL
    0.42029 -0.00341445   0.0036672    0.183682
-0.00341445   0.0778986  0.00301465 -0.00112609
  0.0036672  0.00301465    0.084843  -0.0113838
   0.183682 -0.00112609  -0.0113838    0.416969
IMAGINARY
          0  0.00536322 -0.00324336  -0.0103902
-0.00536322           0   -0.005027  0.00875424
 0.00324336    0.005027           0  0.00104131
  0.0103902 -0.00875424 -0.00104131           0
EndNode1[0]<--->Repeater1[0]
REAL
   0.430957 -0.00320107 -0.00252623    0.185245
-0.00320107   0.0823143  0.00370549  0.00515699
-0.00252623  0.00370549   0.0814196 -0.00623873
   0.185245  0.00515699 -0.00623873    0.405309
IMAGINARY
          0  -0.0130323  0.00432028  0.00221687
  0.0130323           0  0.00602901 -0.00184143
-0.00432028 -0.00602901           0  0.00180452
-0.00221687  0.00184143 -0.00180452           0
EndNode2[0]<--->HoM1[0]
REAL
    0.413476 -0.000521921  -0.00778558     0.183311
-0.000521921    0.0851455  -0.00443647   0.00142964
 -0.00778558  -0.00443647    0.0814701  0.000521921
    0.183311   0.00142964  0.000521921     0.419908
IMAGINARY
          0  0.00402692  -0.0145655 -0.00333136
-0.00402692           0   -0.011811  0.00012343
  0.0145655    0.011811           0 -0.00691533
 0.00333136 -0.00012343  0.00691533           0
Repeater1[0]<--->EndNode1[0]
REAL
   0.430957 -0.00252623 -0.00320107    0.185245
-0.00252623   0.0814196  0.00370549 -0.00623873
-0.00320107  0.00370549   0.0823143  0.00515699
   0.185245 -0.00623873  0.00515699    0.405309
IMAGINARY
          0  0.00432028  -0.0130323  0.00221687
-0.00432028           0 -0.00602901  0.00180452
  0.0130323  0.00602901           0 -0.00184143
-0.00221687 -0.00180452  0.00184143           0
Repeater1[0]<--->HoM1[0]
REAL
    0.413476  -0.00778558 -0.000521921     0.183311
 -0.00778558    0.0814701  -0.00443647  0.000521921
-0.000521921  -0.00443647    0.0851455   0.00142964
    0.183311  0.000521921   0.00142964     0.419908
IMAGINARY
          0  -0.0145655  0.00402692 -0.00333136
  0.0145655           0    0.011811 -0.00691533
-0.00402692   -0.011811           0  0.00012343
 0.00333136  0.00691533 -0.00012343           0
EndNode1[0]<--->Repeater1[0]
REAL
   0.414884 -0.00802697  -0.0111692    0.181234
-0.00802697   0.0726633 -0.00682873 -0.00367067
 -0.0111692 -0.00682873   0.0876062 -0.00622516
   0.181234 -0.00367067 -0.00622516    0.424846
IMAGINARY
           0  -0.00101132  -0.00331308 -2.19034e-05
  0.00101132            0   0.00330941   0.00241326
  0.00331308  -0.00330941            0   0.00551042
 2.19034e-05  -0.00241326  -0.00551042            0
EndNode2[0]<--->HoM1[0]
REAL
   0.422892 -0.00404037 -0.00632632    0.200316
-0.00404037   0.0753012 -0.00291158 6.67797e-05
-0.00632632 -0.00291158   0.0843373  0.00663579
   0.200316 6.67797e-05  0.00663579     0.41747
IMAGINARY
          0 -0.00876734 -0.00195471 -0.00516047
 0.00876734           0  0.00181904  0.00613881
 0.00195471 -0.00181904           0  0.00129574
 0.00516047 -0.00613881 -0.00129574           0
Repeater1[0]<--->EndNode1[0]
REAL
   0.414884  -0.0111692 -0.00802697    0.181234
 -0.0111692   0.0876062 -0.00682873 -0.00622516
-0.00802697 -0.00682873   0.0726633 -0.00367067
   0.181234 -0.00622516 -0.00367067    0.424846
IMAGINARY
           0  -0.00331308  -0.00101132 -2.19034e-05
  0.00331308            0  -0.00330941   0.00551042
  0.00101132   0.00330941            0   0.00241326
 2.19034e-05  -0.00551042  -0.00241326            0
Repeater1[0]<--->HoM1[0]
REAL
   0.422892 -0.00632632 -0.00404037    0.200316
-0.00632632   0.0843373 -0.00291158  0.00663579
-0.00404037 -0.00291158   0.0753012 6.67797e-05
   0.200316  0.00663579 6.67797e-05     0.41747
IMAGINARY
          0 -0.00195471 -0.00876734 -0.00516047
 0.00195471           0 -0.00181904  0.00129574
 0.00876734  0.00181904           0  0.00613881
 0.00516047 -0.00129574 -0.00613881           0
EndNode1[0]<--->Repeater1[0]
REAL
    0.418858   0.00105682 -0.000278723     0.195409
  0.00105682    0.0797824   0.00829452     0.010366
-0.000278723   0.00829452    0.0849199   0.00180376
    0.195409     0.010366   0.00180376      0.41644
IMAGINARY
          0  0.00017247  0.00242271  0.00371245
-0.00017247           0 -0.00342192  0.00990774
-0.00242271  0.00342192           0  0.00630102
-0.00371245 -0.00990774 -0.00630102           0
EndNode2[0]<--->HoM1[0]
REAL
   0.430765  0.00643759   0.0137124    0.186603
 0.00643759   0.0820785  0.00270209   -0.010332
  0.0137124  0.00270209   0.0729259 -0.00397908
   0.186603   -0.010332 -0.00397908    0.414231
IMAGINARY
          0  0.00588699  0.00847608 -0.00651452
-0.00588699           0  0.00036759  0.00209972
-0.00847608 -0.00036759           0 -0.00177418
 0.00651452 -0.00209972  0.00177418           0
Repeater1[0]<--->EndNode1[0]
REAL
    0.418858 -0.000278723   0.00105682     0.195409
-0.000278723    0.0849199   0.00829452   0.00180376
  0.00105682   0.00829452    0.0797824     0.010366
    0.195409   0.00180376     0.010366      0.41644
IMAGINARY
          0  0.00242271  0.00017247  0.00371245
-0.00242271           0  0.00342192  0.00630102
-0.00017247 -0.00342192           0  0.00990774
-0.00371245 -0.00630102 -0.00990774           0
Repeater1[0]<--->HoM1[0]
REAL
   0.430765   0.0137124  0.00643759    0.186603
  0.0137124   0.0729259  0.00270209 -0.00397908
 0.00643759  0.00270209   0.0820785   -0.010332
   0.186603 -0.00397908   -0.010332    0.414231
IMAGINARY
          0  0.00847608  0.00588699 -0.00651452
-0.00847608           0 -0.00036759 -0.00177418
-0.00588699  0.00036759           0  0.00209972
 0.00651452  0.00177418 -0.00209972           0
EndNode1[0]<--->Repeater1[0]
REAL
    0.41338  0.00734637  0.00482504    0.188246
 0.00734637   0.0771253  0.00392327 -0.00107466
 0.00482504  0.00392327   0.0858896 -0.00719636
   0.188246 -0.00107466 -0.00719636    0.423605
IMAGINARY
           0  -0.00668579  -0.00983744  0.000193627
  0.00668579            0  -0.00209366   0.00390137
  0.00983744   0.00209366            0  0.000749718
-0.000193627  -0.00390137 -0.000749718            0
EndNode2[0]<--->HoM1[0]
REAL
   0.429382 -0.00535246  0.00950382    0.192227
-0.00535246   0.0848014 -0.00244587   0.0066154
 0.00950382 -0.00244587   0.0803225   0.0111311
   0.192227   0.0066154   0.0111311    0.405494
IMAGINARY
          0 -0.00764993   0.0032011 -0.00239297
 0.00764993           0 -0.00960946  -0.0030489
 -0.0032011  0.00960946           0  0.00597566
 0.00239297   0.0030489 -0.00597566           0
Repeater1[0]<--->EndNode1[0]
REAL
    0.41338  0.00482504  0.00734637    0.188246
 0.00482504   0.0858896  0.00392327 -0.00719636
 0.00734637  0.00392327   0.0771253 -0.00107466
   0.188246 -0.00719636 -0.00107466    0.423605
IMAGINARY
           0  -0.00983744  -0.00668579  0.000193627
  0.00983744            0   0.00209366  0.000749718
  0.00668579  -0.00209366            0   0.00390137
-0.000193627 -0.000749718  -0.00390137            0
Repeater1[0]<--->HoM1[0]
REAL
   0.429382  0.00950382 -0.00535246    0.192227
 0.00950382   0.0803225 -0.00244587   0.0111311
-0.00535246 -0.00244587   0.0848014   0.0066154
   0.192227   0.0111311   0.0066154    0.405494
IMAGINARY
          0   0.0032011 -0.00764993 -0.00239297
 -0.0032011           0  0.00960946  0.00597566
 0.00764993 -0.00960946           0  -0.0030489
 0.00239297 -0.00597566   0.0030489           0
EndNode1[0]<--->Repeater1[0]
REAL
   0.427131  0.00458727 -0.00368815    0.179515
 0.00458727   0.0717166  0.00404781  -0.0137452
-0.00368815  0.00404781   0.0841014  -0.0138167
   0.179515  -0.0137452  -0.0138167    0.417051
IMAGINARY
           0 -0.000132359    0.0131622   -0.0130487
 0.000132359            0   0.00306113  -0.00381779
  -0.0131622  -0.00306113            0   0.00858682
   0.0130487   0.00381779  -0.00858682            0
EndNode2[0]<--->HoM1[0]
REAL
   0.432117 -0.00935676  0.00206978    0.193201
-0.00935676   0.0783493   0.0118171 -0.00206978
 0.00206978   0.0118171   0.0723684 0.000176831
   0.193201 -0.00206978 0.000176831    0.417165
IMAGINARY
           0 -0.000550706 -0.000146229    0.0088168
 0.000550706            0  0.000235052   0.00969277
 0.000146229 -0.000235052            0   0.00413066
  -0.0088168  -0.00969277  -0.00413066            0
Repeater1[0]<--->EndNode1[0]
REAL
   0.427131 -0.00368815  0.00458727    0.179515
-0.00368815   0.0841014  0.00404781  -0.0138167
 0.00458727  0.00404781   0.0717166  -0.0137452
   0.179515  -0.0138167  -0.0137452    0.417051
IMAGINARY
           0    0.0131622 -0.000132359   -0.0130487
  -0.0131622            0  -0.00306113   0.00858682
 0.000132359   0.00306113            0  -0.00381779
   0.0130487  -0.00858682   0.00381779            0
Repeater1[0]<--->HoM1[0]
REAL
   0.432117  0.00206978 -0.00935676    0.193201
 0.00206978   0.0723684   0.0118171 0.000176831
-0.00935676   0.0118171   0.0783493 -0.00206978
   0.193201 0.000176831 -0.00206978    0.417165
IMAGINARY
           0 -0.000146229 -0.000550706    0.0088168
 0.000146229            0 -0.000235052   0.00413066
 0.000550706  0.000235052            0   0.00969277
  -0.0088168  -0.00413066  -0.00969277            0
EndNode1[0]<--->Repeater1[0]
REAL
    0.431237 -0.000492144  -0.00273982     0.187834
-0.000492144    0.0836593   0.00979228    0.0083778
 -0.00273982   0.00979228     0.067108  -0.00603605
    0.187834    0.0083778  -0.00603605     0.417996
IMAGINARY
          0 -0.00244111  0.00558781  -0.0017522
 0.00244111           0  0.00385556  0.00420447
-0.00558781 -0.00385556           0  0.00422152
  0.0017522 -0.00420447 -0.00422152           0
EndNode2[0]<--->HoM1[0]
REAL
    0.431579   0.00395961   0.00217092     0.181202
  0.00395961         0.08  -0.00272844 -0.000186184
  0.00217092  -0.00272844    0.0766917  -0.00411228
    0.181202 -0.000186184  -0.00411228     0.411729
IMAGINARY
           0  -0.00474815  -0.00316384   0.00366502
  0.00474815            0  -0.00682862    0.0006483
  0.00316384   0.00682862            0  0.000752888
 -0.00366502   -0.0006483 -0.000752888            0
Repeater1[0]<--->EndNode1[0]
REAL
    0.431237  -0.00273982 -0.000492144     0.187834
 -0.00273982     0.067108   0.00979228  -0.00603605
-0.000492144   0.00979228    0.0836593    0.0083778
    0.187834  -0.00603605    0.0083778     0.417996
IMAGINARY
          0  0.00558781 -0.00244111  -0.0017522
-0.00558781           0 -0.00385556  0.00422152
 0.00244111  0.00385556           0  0.00420447
  0.0017522 -0.00422152 -0.00420447           0
Repeater1[0]<--->HoM1[0]
REAL
    0.431579   0.00217092   0.00395961     0.181202
  0.00217092    0.0766917  -0.00272844  -0.00411228
  0.00395961  -0.00272844         0.08 -0.000186184
    0.181202  -0.00411228 -0.000186184     0.411729
IMAGINARY
           0  -0.00316384  -0.00474815   0.00366502
  0.00316384            0   0.00682862  0.000752888
  0.00474815  -0.00682862            0    0.0006483
 -0.00366502 -0.000752888   -0.0006483            0
EndNode1[0]<--->Repeater1[0]
REAL
   0.421983   0.0115913   0.0038444     0.19035
  0.0115913     0.08236 -0.00436779 -0.00838054
  0.0038444 -0.00436779    0.082959  0.00465103
    0.19035 -0.00838054  0.00465103    0.412698
IMAGINARY
           0   0.00961455   0.00212724   0.00438694
 -0.00961455            0    0.0117616  0.000329759
 -0.00212724   -0.0117616            0  -0.00838605
 -0.00438694 -0.000329759   0.00838605            0
EndNode2[0]<--->HoM1[0]
REAL
   0.416566 -0.00510166 -0.00547016    0.191436
-0.00510166   0.0879686 0.000250687  0.00576921
-0.00547016 0.000250687    0.073156  0.00988635
   0.191436  0.00576921  0.00988635     0.42231
IMAGINARY
           0  0.000744491  -0.00097559  -0.00385175
-0.000744491            0   0.00972701  -0.00498034
  0.00097559  -0.00972701            0  -0.00640262
  0.00385175   0.00498034   0.00640262            0
Repeater1[0]<--->EndNode1[0]
REAL
   0.421983   0.0038444   0.0115913     0.19035
  0.0038444    0.082959 -0.00436779  0.00465103
  0.0115913 -0.00436779     0.08236 -0.00838054
    0.19035  0.00465103 -0.00838054    0.412698
IMAGINARY
           0   0.00212724   0.00961455   0.00438694
 -0.00212724            0   -0.0117616  -0.00838605
 -0.00961455    0.0117616            0  0.000329759
 -0.00438694   0.00838605 -0.000329759            0
Repeater1[0]<--->HoM1[0]
REAL
   0.416566 -0.00547016 -0.00510166    0.191436
-0.00547016    0.073156 0.000250687  0.00988635
-0.00510166 0.000250687   0.0879686  0.00576921
   0.191436  0.00988635  0.00576921     0.42231
IMAGINARY
           0  -0.00097559  0.000744491  -0.00385175
  0.00097559            0  -0.00972701  -0.00640262
-0.000744491   0.00972701            0  -0.00498034
  0.00385175   0.00640262   0.00498034            0
EndNode1[0]<--->Repeater1[0]
REAL
   0.424878  0.00666914 -0.00125681    0.193584
 0.00666914   0.0790754 -0.00165938  0.00798589
-0.00125681 -0.00165938   0.0885036  -0.0160313
   0.193584  0.00798589  -0.0160313    0.407543
IMAGINARY
           0  -0.00362901   0.00235453   0.00765245
  0.00362901            0  0.000915483  -0.00402069
 -0.00235453 -0.000915483            0  -0.00500474
 -0.00765245   0.00402069   0.00500474            0
EndNode2[0]<--->HoM1[0]
REAL
    0.423942  -0.00582674 -0.000754599     0.193128
 -0.00582674    0.0861314  0.000396015  0.000306972
-0.000754599  0.000396015    0.0849635  -0.00387186
    0.193128  0.000306972  -0.00387186     0.404964
IMAGINARY
           0   0.00468046    0.0150009    0.0117959
 -0.00468046            0 -0.000671077  -0.00196809
  -0.0150009  0.000671077            0   0.00620578
  -0.0117959   0.00196809  -0.00620578            0
Repeater1[0]<--->EndNode1[0]
REAL
   0.424878 -0.00125681  0.00666914    0.193584
-0.00125681   0.0885036 -0.00165938  -0.0160313
 0.00666914 -0.00165938   0.0790754  0.00798589
   0.193584  -0.0160313  0.00798589    0.407543
IMAGINARY
           0   0.00235453  -0.00362901   0.00765245
 -0.00235453            0 -0.000915483  -0.00500474
  0.00362901  0.000915483            0  -0.00402069
 -0.00765245   0.00500474   0.00402069            0
Repeater1[0]<--->HoM1[0]
REAL
    0.423942 -0.000754599  -0.00582674     0.193128
-0.000754599    0.0849635  0.000396015  -0.00387186
 -0.00582674  0.000396015    0.0861314  0.000306972
    0.193128  -0.00387186  0.000306972     0.404964
IMAGINARY
           0    0.0150009   0.00468046    0.0117959
  -0.0150009            0  0.000671077   0.00620578
 -0.00468046 -0.000671077            0  -0.00196809
  -0.0117959  -0.00620578   0.00196809            0
EndNode1[0]<--->Repeater1[0]
REAL
   0.423293 0.000573308  0.00299521    0.187037
0.000573308   0.0821756 0.000180797  0.00407246
 0.00299521 0.000180797   0.0827668  0.00950188
   0.187037  0.00407246  0.00950188    0.411765
IMAGINARY
          0  0.00316459  0.00243629  0.00609753
-0.00316459           0  -0.0024809  -0.0127331
-0.00243629   0.0024809           0   0.0119777
-0.00609753   0.0127331  -0.0119777           0
EndNode2[0]<--->HoM1[0]
REAL
    0.412913    0.0114656   0.00538513     0.180519
   0.0114656    0.0804805   0.00189309 -0.000631715
  0.00538513   0.00189309     0.072973   0.00249761
    0.180519 -0.000631715   0.00249761     0.433634
IMAGINARY
           0  0.000182926   0.00331505   -0.0109925
-0.000182926            0  0.000594439   -0.0019351
 -0.00331505 -0.000594439            0   0.00457022
   0.0109925    0.0019351  -0.00457022            0
Repeater1[0]<--->EndNode1[0]
REAL
   0.423293  0.00299521 0.000573308    0.187037
 0.00299521   0.0827668 0.000180797  0.00950188
0.000573308 0.000180797   0.0821756  0.00407246
   0.187037  0.00950188  0.00407246    0.411765
IMAGINARY
          0  0.00243629  0.00316459  0.00609753
-0.00243629           0   0.0024809   0.0119777
-0.00316459  -0.0024809           0  -0.0127331
-0.00609753  -0.0119777   0.0127331           0
Repeater1[0]<--->HoM1[0]
REAL
    0.412913   0.00538513    0.0114656     0.180519
  0.00538513     0.072973   0.00189309   0.00249761
   0.0114656   0.00189309    0.0804805 -0.000631715
    0.180519   0.00249761 -0.000631715     0.433634
IMAGINARY
           0   0.00331505  0.000182926   -0.0109925
 -0.00331505            0 -0.000594439   0.00457022
-0.000182926  0.000594439            0   -0.0019351
   0.0109925  -0.00457022    0.0019351            0
EndNode1[0]<--->Repeater1[0]
REAL
    0.436221 -0.000953078   -0.0016819     0.192038
-0.000953078    0.0836342   0.00252901  -0.00228286
  -0.0016819   0.00252901    0.0773165  -0.00594854
    0.192038  -0.00228286  -0.00594854     0.402828
IMAGINARY
           0    0.0080952   0.00468881  0.000675249
  -0.0080952            0  -0.00141555   -0.0043856
 -0.00468881   0.00141555            0  9.15778e-05
-0.000675249    0.0043856 -9.15778e-05            0
EndNode2[0]<--->HoM1[0]
REAL
   0.433828 -0.00292005 -0.00339674    0.188094
-0.00292005   0.0860534  0.00493449  0.00456839
-0.00339674  0.00493449   0.0818991 -0.00410982
   0.188094  0.00456839 -0.00410982     0.39822
IMAGINARY
           0   0.00383768    0.0155622  0.000692861
 -0.00383768            0  -0.00389701  -0.00369873
  -0.0155622   0.00389701            0   -0.0113608
-0.000692861   0.00369873    0.0113608            0
Repeater1[0]<--->EndNode1[0]
REAL
    0.436221   -0.0016819 -0.000953078     0.192038
  -0.0016819    0.0773165   0.00252901  -0.00594854
-0.000953078   0.00252901    0.0836342  -0.00228286
    0.192038  -0.00594854  -0.00228286     0.402828
IMAGINARY
           0   0.00468881    0.0080952  0.000675249
 -0.00468881            0   0.00141555  9.15778e-05
  -0.0080952  -0.00141555            0   -0.0043856
-0.000675249 -9.15778e-05    0.0043856            0
Repeater1[0]<--->HoM1[0]
REAL
   0.433828 -0.00339674 -0.00292005    0.188094
-0.00339674   0.0818991  0.00493449 -0.00410982
-0.00292005  0.00493449   0.0860534  0.00456839
   0.188094 -0.00410982  0.00456839     0.39822
IMAGINARY
           0    0.0155622   0.00383768  0.000692861
  -0.0155622            0   0.00389701   -0.0113608
 -0.00383768  -0.00389701            0  -0.00369873
-0.000692861    0.0113608   0.00369873            0
EndNode1[0]<--->Repeater1[0]
REAL
    0.420816 -0.000182879   0.00190929     0.198188
-0.000182879    0.0761848   -0.0066756   0.00615278
  0.00190929   -0.0066756    0.0773845  -0.00757495
    0.198188   0.00615278  -0.00757495     0.425615
IMAGINARY
          0  -0.0065388  0.00121636  0.00556056
  0.0065388           0  -0.0120579  0.00212711
-0.00121636   0.0120579           0 -0.00744296
-0.00556056 -0.00212711  0.00744296           0
EndNode2[0]<--->HoM1[0]
REAL
   0.425969 -0.00276814  0.00902259     0.17962
-0.00276814   0.0757932  0.00064375  0.00717417
 0.00902259  0.00064375   0.0769683  -0.0020309
    0.17962  0.00717417  -0.0020309    0.421269
IMAGINARY
          0 -0.00155001  0.00311787  0.00132783
 0.00155001           0  0.00404851  0.00836803
-0.00311787 -0.00404851           0  0.00634792
-0.00132783 -0.00836803 -0.00634792           0
Repeater1[0]<--->EndNode1[0]
REAL
    0.420816   0.00190929 -0.000182879     0.198188
  0.00190929    0.0773845   -0.0066756  -0.00757495
-0.000182879   -0.0066756    0.0761848   0.00615278
    0.198188  -0.00757495   0.00615278     0.425615
IMAGINARY
          0  0.00121636  -0.0065388  0.00556056
-0.00121636           0   0.0120579 -0.00744296
  0.0065388  -0.0120579           0  0.00212711
-0.00556056  0.00744296 -0.00212711           0
Repeater1[0]<--->HoM1[0]
REAL
   0.425969  0.00902259 -0.00276814     0.17962
 0.00902259   0.0769683  0.00064375  -0.0020309
-0.00276814  0.00064375   0.0757932  0.00717417
    0.17962  -0.0020309  0.00717417    0.421269
IMAGINARY
          0  0.00311787 -0.00155001  0.00132783
-0.00311787           0 -0.00404851  0.00634792
 0.00155001  0.00404851           0  0.00836803
-0.00132783 -0.00634792 -0.00836803           0
EndNode1[0]<--->Repeater1[0]
REAL
    0.416915   0.00549913  -0.00503094     0.194964
  0.00549913    0.0866587  -0.00279432   0.00908135
 -0.00503094  -0.00279432    0.0869565 -0.000848668
    0.194964   0.00908135 -0.000848668      0.40947
IMAGINARY
          0 -0.00589885 -0.00357296  0.00127743
 0.00589885           0 -0.00127743 -0.00195769
 0.00357296  0.00127743           0  0.00694519
-0.00127743  0.00195769 -0.00694519           0
EndNode2[0]<--->HoM1[0]
REAL
   0.418109 -0.00180182 -0.00813514     0.18144
-0.00180182   0.0818912 -0.00163981 -0.00347909
-0.00813514 -0.00163981   0.0874536  -0.0077542
    0.18144 -0.00347909  -0.0077542    0.412546
IMAGINARY
           0  -0.00999013   0.00959881   0.00222949
  0.00999013            0  -0.00222949  0.000398206
 -0.00959881   0.00222949            0    0.0029773
 -0.00222949 -0.000398206   -0.0029773            0
Repeater1[0]<--->EndNode1[0]
REAL
    0.416915  -0.00503094   0.00549913     0.194964
 -0.00503094    0.0869565  -0.00279432 -0.000848668
  0.00549913  -0.00279432    0.0866587   0.00908135
    0.194964 -0.000848668   0.00908135      0.40947
IMAGINARY
          0 -0.00357296 -0.00589885  0.00127743
 0.00357296           0  0.00127743  0.00694519
 0.00589885 -0.00127743           0 -0.00195769
-0.00127743 -0.00694519  0.00195769           0
Repeater1[0]<--->HoM1[0]
REAL
   0.418109 -0.00813514 -0.00180182     0.18144
-0.00813514   0.0874536 -0.00163981  -0.0077542
-0.00180182 -0.00163981   0.0818912 -0.00347909
    0.18144  -0.0077542 -0.00347909    0.412546
IMAGINARY
           0   0.00959881  -0.00999013   0.00222949
 -0.00959881            0   0.00222949    0.0029773
  0.00999013  -0.00222949            0  0.000398206
 -0.00222949   -0.0029773 -0.000398206            0
EndNode1[0]<--->Repeater1[0]
REAL
   0.422396 -0.00235958 -0.00382374    0.187456
-0.00235958   0.0816572   0.0130515 -0.00229749
-0.00382374   0.0130515   0.0717502 -0.00585183
   0.187456 -0.00229749 -0.00585183    0.424197
IMAGINARY
           0  0.000374188   0.00250919   -0.0058488
-0.000374188            0    0.0115656  -0.00929243
 -0.00250919   -0.0115656            0   0.00098246
   0.0058488   0.00929243  -0.00098246            0
EndNode2[0]<--->HoM1[0]
REAL
    0.417543  0.000490686   0.00888628      0.19075
 0.000490686    0.0799039    0.0134163 -0.000255333
  0.00888628    0.0134163    0.0775008  -0.00733592
     0.19075 -0.000255333  -0.00733592     0.425053
IMAGINARY
           0   0.00552709  -0.00852077 -0.000387197
 -0.00552709            0  -0.00958601   0.00235518
  0.00852077   0.00958601            0 -0.000829498
 0.000387197  -0.00235518  0.000829498            0
Repeater1[0]<--->EndNode1[0]
REAL
   0.422396 -0.00382374 -0.00235958    0.187456
-0.00382374   0.0717502   0.0130515 -0.00585183
-0.00235958   0.0130515   0.0816572 -0.00229749
   0.187456 -0.00585183 -0.00229749    0.424197
IMAGINARY
           0   0.00250919  0.000374188   -0.0058488
 -0.00250919            0   -0.0115656   0.00098246
-0.000374188    0.0115656            0  -0.00929243
   0.0058488  -0.00098246   0.00929243            0
Repeater1[0]<--->HoM1[0]
REAL
    0.417543   0.00888628  0.000490686      0.19075
  0.00888628    0.0775008    0.0134163  -0.00733592
 0.000490686    0.0134163    0.0799039 -0.000255333
     0.19075  -0.00733592 -0.000255333     0.425053
IMAGINARY
           0  -0.00852077   0.00552709 -0.000387197
  0.00852077            0   0.00958601 -0.000829498
 -0.00552709  -0.00958601            0   0.00235518
 0.000387197  0.000829498  -0.00235518            0
EndNode1[0]<--->Repeater1[0]
REAL
   0.415398 -0.00935474  -0.0177294    0.185549
-0.00935474   0.0904208  0.00252697 -0.00101675
 -0.0177294  0.00252697   0.0746046 -0.00170856
   0.185549 -0.00101675 -0.00170856    0.419576
IMAGINARY
           0  0.000450267  -0.00670696  0.000152903
-0.000450267            0   -0.0017903  0.000686489
  0.00670696    0.0017903            0  -0.00376153
-0.000152903 -0.000686489   0.00376153            0
EndNode2[0]<--->HoM1[0]
REAL
   0.437233 -0.00191826  0.00527243    0.178359
-0.00191826   0.0722121  0.00543327 -0.00282595
 0.00527243  0.00543327   0.0743449   0.0061996
   0.178359 -0.00282595   0.0061996     0.41621
IMAGINARY
          0   0.0036021 -0.00226624   0.0135145
 -0.0036021           0  0.00313233  0.00862603
 0.00226624 -0.00313233           0  0.00215199
 -0.0135145 -0.00862603 -0.00215199           0
Repeater1[0]<--->EndNode1[0]
REAL
   0.415398  -0.0177294 -0.00935474    0.185549
 -0.0177294   0.0746046  0.00252697 -0.00170856
-0.00935474  0.00252697   0.0904208 -0.00101675
   0.185549 -0.00170856 -0.00101675    0.419576
IMAGINARY
           0  -0.00670696  0.000450267  0.000152903
  0.00670696            0    0.0017903  -0.00376153
-0.000450267   -0.0017903            0  0.000686489
-0.000152903   0.00376153 -0.000686489            0
Repeater1[0]<--->HoM1[0]
REAL
   0.437233  0.00527243 -0.00191826    0.178359
 0.00527243   0.0743449  0.00543327   0.0061996
-0.00191826  0.00543327   0.0722121 -0.00282595
   0.178359   0.0061996 -0.00282595     0.41621
IMAGINARY
          0 -0.00226624   0.0036021   0.0135145
 0.00226624           0 -0.00313233  0.00215199
 -0.0036021  0.00313233           0  0.00862603
 -0.0135145 -0.00215199 -0.00862603           0
EndNode1[0]<--->Repeater1[0]
REAL
   0.411508  0.00448877 0.000834986     0.18367
 0.00448877   0.0717815  0.00238742  0.00261329
0.000834986  0.00238742     0.07585  0.00525635
    0.18367  0.00261329  0.00525635     0.44086
IMAGINARY
           0  -0.00582062   -0.0113518  -0.00249342
  0.00582062            0   -0.0101167  0.000617038
   0.0113518    0.0101167            0  -0.00340224
  0.00249342 -0.000617038   0.00340224            0
EndNode2[0]<--->HoM1[0]
REAL
    0.402338   0.00521099 -0.000567427     0.181906
  0.00521099     0.084897   -0.0037825  -0.00690418
-0.000567427   -0.0037825    0.0808982  -0.00939509
    0.181906  -0.00690418  -0.00939509     0.431867
IMAGINARY
          0  0.00491811  0.00137096 -0.00916791
-0.00491811           0  0.00270239  -0.0100679
-0.00137096 -0.00270239           0  0.00683044
 0.00916791   0.0100679 -0.00683044           0
Repeater1[0]<--->EndNode1[0]
REAL
   0.411508 0.000834986  0.00448877     0.18367
0.000834986     0.07585  0.00238742  0.00525635
 0.00448877  0.00238742   0.0717815  0.00261329
    0.18367  0.00525635  0.00261329     0.44086
IMAGINARY
           0   -0.0113518  -0.00582062  -0.00249342
   0.0113518            0    0.0101167  -0.00340224
  0.00582062   -0.0101167            0  0.000617038
  0.00249342   0.00340224 -0.000617038            0
Repeater1[0]<--->HoM1[0]
REAL
    0.402338 -0.000567427   0.00521099     0.181906
-0.000567427    0.0808982   -0.0037825  -0.00939509
  0.00521099   -0.0037825     0.084897  -0.00690418
    0.181906  -0.00939509  -0.00690418     0.431867
IMAGINARY
          0  0.00137096  0.00491811 -0.00916791
-0.00137096           0 -0.00270239  0.00683044
-0.00491811  0.00270239           0  -0.0100679
 0.00916791 -0.00683044   0.0100679           0
EndNode1[0]<--->Repeater1[0]
REAL
    0.406175  0.000113419  -0.00623172     0.191683
 0.000113419    0.0821343 -0.000506711   0.00837632
 -0.00623172 -0.000506711    0.0863309   0.00264393
    0.191683   0.00837632   0.00264393      0.42536
IMAGINARY
          0  0.00364561  0.00522574  0.00505046
-0.00364561           0   0.0102588  0.00625971
-0.00522574  -0.0102588           0 -0.00134852
-0.00505046 -0.00625971  0.00134852           0
EndNode2[0]<--->HoM1[0]
REAL
     0.4378  0.00428965 -0.00107223    0.185655
 0.00428965   0.0733173  0.00897905  0.00448166
-0.00107223  0.00897905   0.0802284 -0.00088022
   0.185655  0.00448166 -0.00088022    0.408654
IMAGINARY
          0 -0.00726352  0.00825509   0.0022351
 0.00726352           0 -0.00377451 -0.00719352
-0.00825509  0.00377451           0  0.00559533
 -0.0022351  0.00719352 -0.00559533           0
Repeater1[0]<--->EndNode1[0]
REAL
    0.406175  -0.00623172  0.000113419     0.191683
 -0.00623172    0.0863309 -0.000506711   0.00264393
 0.000113419 -0.000506711    0.0821343   0.00837632
    0.191683   0.00264393   0.00837632      0.42536
IMAGINARY
          0  0.00522574  0.00364561  0.00505046
-0.00522574           0  -0.0102588 -0.00134852
-0.00364561   0.0102588           0  0.00625971
-0.00505046  0.00134852 -0.00625971           0
Repeater1[0]<--->HoM1[0]
REAL
     0.4378 -0.00107223  0.00428965    0.185655
-0.00107223   0.0802284  0.00897905 -0.00088022
 0.00428965  0.00897905   0.0733173  0.00448166
   0.185655 -0.00088022  0.00448166    0.408654
IMAGINARY
          0  0.00825509 -0.00726352   0.0022351
-0.00825509           0  0.00377451  0.00559533
 0.00726352 -0.00377451           0 -0.00719352
 -0.0022351 -0.00559533  0.00719352           0
EndNode1[0]<--->Repeater1[0]
REAL
   0.431743 0.000151699   0.0114065     0.18536
0.000151699   0.0843084  0.00426355  0.00558383
  0.0114065  0.00426355   0.0765077   0.0104672
    0.18536  0.00558383   0.0104672    0.407441
IMAGINARY
          0 -0.00713495  0.00375075  0.00639901
 0.00713495           0  0.00357078 -0.00158625
-0.00375075 -0.00357078           0  0.00237305
-0.00639901  0.00158625 -0.00237305           0
EndNode2[0]<--->HoM1[0]
REAL
   0.434921 -0.00440832 -0.00836821    0.195079
-0.00440832   0.0753247  0.00323286  -0.0070025
-0.00836821  0.00323286   0.0825397  -0.0118665
   0.195079  -0.0070025  -0.0118665    0.407215
IMAGINARY
          0  0.00423677  0.00577364 -0.00645752
-0.00423677           0 -0.00826148  -0.0159655
-0.00577364  0.00826148           0 -0.00363725
 0.00645752   0.0159655  0.00363725           0
Repeater1[0]<--->EndNode1[0]
REAL
   0.431743   0.0114065 0.000151699     0.18536
  0.0114065   0.0765077  0.00426355   0.0104672
0.000151699  0.00426355   0.0843084  0.00558383
    0.18536   0.0104672  0.00558383    0.407441
IMAGINARY
          0  0.00375075 -0.00713495  0.00639901
-0.00375075           0 -0.00357078  0.00237305
 0.00713495  0.00357078           0 -0.00158625
-0.00639901 -0.00237305  0.00158625           0
Repeater1[0]<--->HoM1[0]
REAL
   0.434921 -0.00836821 -0.00440832    0.195079
-0.00836821   0.0825397  0.00323286  -0.0118665
-0.00440832  0.00323286   0.0753247  -0.0070025
   0.195079  -0.0118665  -0.0070025    0.407215
IMAGINARY
          0  0.00577364  0.00423677 -0.00645752
-0.00577364           0  0.00826148 -0.00363725
-0.00423677 -0.00826148           0  -0.0159655
 0.00645752  0.00363725   0.0159655           0
EndNode1[0]<--->Repeater1[0]
REAL
    0.420786 -0.000249404   0.00148259     0.199097
-0.000249404     0.083383    0.0116522  -0.00782317
  0.00148259    0.0116522    0.0845742   0.00538225
    0.199097  -0.00782317   0.00538225     0.411257
IMAGINARY
          0 -0.00904943  -0.0057235   -0.011021
 0.00904943           0  0.00113023  0.00557509
  0.0057235 -0.00113023           0  0.00355819
   0.011021 -0.00557509 -0.00355819           0
EndNode2[0]<--->HoM1[0]
REAL
   0.418336 0.000302804  0.00658199    0.184911
0.000302804   0.0810565  0.00292643 -0.00807989
 0.00658199  0.00292643   0.0804493  0.00299258
   0.184911 -0.00807989  0.00299258    0.420158
IMAGINARY
           0  0.000710637  -0.00984566  -0.00138182
-0.000710637            0  -0.00304295   0.00406356
  0.00984566   0.00304295            0   0.00233258
  0.00138182  -0.00406356  -0.00233258            0
Repeater1[0]<--->EndNode1[0]
REAL
    0.420786   0.00148259 -0.000249404     0.199097
  0.00148259    0.0845742    0.0116522   0.00538225
-0.000249404    0.0116522     0.083383  -0.00782317
    0.199097   0.00538225  -0.00782317     0.411257
IMAGINARY
          0  -0.0057235 -0.00904943   -0.011021
  0.0057235           0 -0.00113023  0.00355819
 0.00904943  0.00113023           0  0.00557509
   0.011021 -0.00355819 -0.00557509           0
Repeater1[0]<--->HoM1[0]
REAL
   0.418336  0.00658199 0.000302804    0.184911
 0.00658199   0.0804493  0.00292643  0.00299258
0.000302804  0.00292643   0.0810565 -0.00807989
   0.184911  0.00299258 -0.00807989    0.420158
IMAGINARY
           0  -0.00984566  0.000710637  -0.00138182
  0.00984566            0   0.00304295   0.00233258
-0.000710637  -0.00304295            0   0.00406356
  0.00138182  -0.00233258  -0.00406356            0
EndNode1[0]<--->Repeater1[0]
REAL
   0.422985 -0.00700118  0.00279787    0.192196
-0.00700118   0.0898507  0.00753268  0.00428685
 0.00279787  0.00753268   0.0791045   0.0152918
   0.192196  0.00428685   0.0152918     0.40806
IMAGINARY
           0    0.0113522  0.000441118   0.00778689
  -0.0113522            0  -0.00194074  -0.00118274
-0.000441118   0.00194074            0  -0.00141445
 -0.00778689   0.00118274   0.00141445            0
EndNode2[0]<--->HoM1[0]
REAL
   0.416312  -0.0100489 0.000748374      0.1967
 -0.0100489   0.0815581 -0.00857937  0.00180802
0.000748374 -0.00857937   0.0858186 -0.00333452
     0.1967  0.00180802 -0.00333452    0.416312
IMAGINARY
          0  0.00358169  0.00877774  0.00532435
-0.00358169           0  0.00252116 -0.00349871
-0.00877774 -0.00252116           0 -0.00373252
-0.00532435  0.00349871  0.00373252           0
Repeater1[0]<--->EndNode1[0]
REAL
   0.422985  0.00279787 -0.00700118    0.192196
 0.00279787   0.0791045  0.00753268   0.0152918
-0.00700118  0.00753268   0.0898507  0.00428685
   0.192196   0.0152918  0.00428685     0.40806
IMAGINARY
           0  0.000441118    0.0113522   0.00778689
-0.000441118            0   0.00194074  -0.00141445
  -0.0113522  -0.00194074            0  -0.00118274
 -0.00778689   0.00141445   0.00118274            0
Repeater1[0]<--->HoM1[0]
REAL
   0.416312 0.000748374  -0.0100489      0.1967
0.000748374   0.0858186 -0.00857937 -0.00333452
 -0.0100489 -0.00857937   0.0815581  0.00180802
     0.1967 -0.00333452  0.00180802    0.416312
IMAGINARY
          0  0.00877774  0.00358169  0.00532435
-0.00877774           0 -0.00252116 -0.00373252
-0.00358169  0.00252116           0 -0.00349871
-0.00532435  0.00373252  0.00349871           0
EndNode1[0]<--->Repeater1[0]
REAL
   0.427967 -0.00360285 -0.00554073    0.190947
-0.00360285   0.0758079  0.00816558  0.00435729
-0.00554073  0.00816558   0.0794322  0.00626557
   0.190947  0.00435729  0.00626557    0.416793
IMAGINARY
           0   0.00290865   -0.0112404  -0.00507673
 -0.00290865            0    0.0172791  0.000646498
   0.0112404   -0.0172791            0  0.000821585
  0.00507673 -0.000646498 -0.000821585            0
EndNode2[0]<--->HoM1[0]
REAL
   0.417546 -0.00971598  0.00216125    0.193661
-0.00971598   0.0841121  0.00677967 -0.00407021
 0.00216125  0.00677967   0.0804944  0.00193331
   0.193661 -0.00407021  0.00193331    0.417847
IMAGINARY
          0 -0.00715812  0.00415124  0.00498141
 0.00715812           0   0.0109197 -0.00941114
-0.00415124  -0.0109197           0  -0.0098592
-0.00498141  0.00941114   0.0098592           0
Repeater1[0]<--->EndNode1[0]
REAL
   0.427967 -0.00554073 -0.00360285    0.190947
-0.00554073   0.0794322  0.00816558  0.00626557
-0.00360285  0.00816558   0.0758079  0.00435729
   0.190947  0.00626557  0.00435729    0.416793
IMAGINARY
           0   -0.0112404   0.00290865  -0.00507673
   0.0112404            0   -0.0172791  0.000821585
 -0.00290865    0.0172791            0  0.000646498
  0.00507673 -0.000821585 -0.000646498            0
Repeater1[0]<--->HoM1[0]
REAL
   0.417546  0.00216125 -0.00971598    0.193661
 0.00216125   0.0804944  0.00677967  0.00193331
