EndNode1[0]<--->Repeater1[0]
REAL
   0.283547  0.00869592 -0.00369633  0.00201845
 0.00869592    0.226123  0.00793561   0.0179383
-0.00369633  0.00793561    0.211544 -0.00670511
 0.00201845   0.0179383 -0.00670511    0.278786
IMAGINARY
           0   0.00111409  -0.00572276 -0.000878809
 -0.00111409            0   0.00548779   0.00986477
  0.00572276  -0.00548779            0  0.000661056
 0.000878809  -0.00986477 -0.000661056            0
EndNode2[0]<--->HoM1[0]
REAL
   0.264212 -0.00243666  0.00159022 0.000224589
-0.00243666    0.226215  0.00340737  0.00173908
 0.00159022  0.00340737    0.235052  0.00273932
0.000224589  0.00173908  0.00273932    0.274521
IMAGINARY
           0   0.00642473   0.00225029  0.000370936
 -0.00642473            0   0.00142547    0.0103293
 -0.00225029  -0.00142547            0  -0.00384819
-0.000370936   -0.0103293   0.00384819            0
Repeater1[0]<--->EndNode1[0]
REAL
   0.283547 -0.00369633  0.00869592  0.00201845
-0.00369633    0.211544  0.00793561 -0.00670511
 0.00869592  0.00793561    0.226123   0.0179383
 0.00201845 -0.00670511   0.0179383    0.278786
IMAGINARY
           0  -0.00572276   0.00111409 -0.000878809
  0.00572276            0  -0.00548779  0.000661056
 -0.00111409   0.00548779            0   0.00986477
 0.000878809 -0.000661056  -0.00986477            0
Repeater1[0]<--->HoM1[0]
REAL
   0.264212  0.00159022 -0.00243666 0.000224589
 0.00159022    0.235052  0.00340737  0.00273932
-0.00243666  0.00340737    0.226215  0.00173908
0.000224589  0.00273932  0.00173908    0.274521
IMAGINARY
           0   0.00225029   0.00642473  0.000370936
 -0.00225029            0  -0.00142547  -0.00384819
 -0.00642473   0.00142547            0    0.0103293
-0.000370936   0.00384819   -0.0103293            0
EndNode1[0]<--->Repeater1[0]
REAL
    0.285584   0.00375953    -0.011095   0.00974494
  0.00375953      0.20607  -0.00153326 -0.000766269
   -0.011095  -0.00153326     0.219727  -0.00254299
  0.00974494 -0.000766269  -0.00254299     0.288619
IMAGINARY
           0  -0.00604904  -0.00377882  -0.00192641
  0.00604904            0  -0.00598168  1.94196e-05
  0.00377882   0.00598168            0   0.00409416
  0.00192641 -1.94196e-05  -0.00409416            0
EndNode2[0]<--->HoM1[0]
REAL
    0.27148   0.0121158  0.00705292 -0.00212953
  0.0121158    0.228222  0.00887439 -0.00177432
 0.00705292  0.00887439    0.227327  0.00196046
-0.00212953 -0.00177432  0.00196046    0.272971
IMAGINARY
          0 -0.00931134  0.00294607 -0.00473002
 0.00931134           0 -0.00205464  0.00353569
-0.00294607  0.00205464           0  0.00313106
 0.00473002 -0.00353569 -0.00313106           0
Repeater1[0]<--->EndNode1[0]
REAL
    0.285584    -0.011095   0.00375953   0.00974494
   -0.011095     0.219727  -0.00153326  -0.00254299
  0.00375953  -0.00153326      0.20607 -0.000766269
  0.00974494  -0.00254299 -0.000766269     0.288619
IMAGINARY
           0  -0.00377882  -0.00604904  -0.00192641
  0.00377882            0   0.00598168   0.00409416
  0.00604904  -0.00598168            0  1.94196e-05
  0.00192641  -0.00409416 -1.94196e-05            0
Repeater1[0]<--->HoM1[0]
REAL
    0.27148  0.00705292   0.0121158 -0.00212953
 0.00705292    0.227327  0.00887439  0.00196046
  0.0121158  0.00887439    0.228222 -0.00177432
-0.00212953  0.00196046 -0.00177432    0.272971
IMAGINARY
          0  0.00294607 -0.00931134 -0.00473002
-0.00294607           0  0.00205464  0.00313106
 0.00931134 -0.00205464           0  0.00353569
 0.00473002 -0.00313106 -0.00353569           0
EndNode1[0]<--->Repeater1[0]
REAL
    0.28371 -0.00184235  0.00873312  0.00688045
-0.00184235    0.196156 -0.00553355  -0.0016993
 0.00873312 -0.00553355    0.230323  -0.0144701
 0.00688045  -0.0016993  -0.0144701    0.289811
IMAGINARY
          0 -0.00187706 -0.00639925  0.00256572
 0.00187706           0 -0.00286747 -0.00242516
 0.00639925  0.00286747           0  0.00830841
-0.00256572  0.00242516 -0.00830841           0
EndNode2[0]<--->HoM1[0]
REAL
   0.284873 -0.00487974  0.00309553   0.0131908
-0.00487974    0.228456  0.00339275 -0.00206823
 0.00309553  0.00339275    0.212027  0.00267839
  0.0131908 -0.00206823  0.00267839    0.274644
IMAGINARY
           0   0.00295657   0.00822828 -0.000683519
 -0.00295657            0  0.000240126   0.00368007
 -0.00822828 -0.000240126            0  -0.00159993
 0.000683519  -0.00368007   0.00159993            0
Repeater1[0]<--->EndNode1[0]
REAL
    0.28371  0.00873312 -0.00184235  0.00688045
 0.00873312    0.230323 -0.00553355  -0.0144701
-0.00184235 -0.00553355    0.196156  -0.0016993
 0.00688045  -0.0144701  -0.0016993    0.289811
IMAGINARY
          0 -0.00639925 -0.00187706  0.00256572
 0.00639925           0  0.00286747  0.00830841
 0.00187706 -0.00286747           0 -0.00242516
-0.00256572 -0.00830841  0.00242516           0
Repeater1[0]<--->HoM1[0]
REAL
   0.284873  0.00309553 -0.00487974   0.0131908
 0.00309553    0.212027  0.00339275  0.00267839
-0.00487974  0.00339275    0.228456 -0.00206823
  0.0131908  0.00267839 -0.00206823    0.274644
IMAGINARY
           0   0.00822828   0.00295657 -0.000683519
 -0.00822828            0 -0.000240126  -0.00159993
 -0.00295657  0.000240126            0   0.00368007
 0.000683519   0.00159993  -0.00368007            0
EndNode1[0]<--->Repeater1[0]
REAL
    0.286951    0.0026308 -2.03324e-05   0.00370482
   0.0026308     0.218573 -0.000826903    0.0125923
-2.03324e-05 -0.000826903     0.217976  -0.00308521
  0.00370482    0.0125923  -0.00308521       0.2765
IMAGINARY
          0 -0.00194919  0.00341667  0.00712442
 0.00194919           0 -0.00227576 -0.00281244
-0.00341667  0.00227576           0  -0.0149692
-0.00712442  0.00281244   0.0149692           0
EndNode2[0]<--->HoM1[0]
REAL
    0.280477 -0.000785124   -0.0040334  -0.00550236
-0.000785124     0.225481  -0.00237643   -0.0111181
  -0.0040334  -0.00237643     0.234342  -0.00285124
 -0.00550236   -0.0111181  -0.00285124     0.259701
IMAGINARY
           0  -0.00431676    0.0110539  0.000259358
  0.00431676            0   0.00606976 -0.000783033
  -0.0110539  -0.00606976            0  -0.00893123
-0.000259358  0.000783033   0.00893123            0
Repeater1[0]<--->EndNode1[0]
REAL
    0.286951 -2.03324e-05    0.0026308   0.00370482
-2.03324e-05     0.217976 -0.000826903  -0.00308521
   0.0026308 -0.000826903     0.218573    0.0125923
  0.00370482  -0.00308521    0.0125923       0.2765
IMAGINARY
          0  0.00341667 -0.00194919  0.00712442
-0.00341667           0  0.00227576  -0.0149692
 0.00194919 -0.00227576           0 -0.00281244
-0.00712442   0.0149692  0.00281244           0
Repeater1[0]<--->HoM1[0]
REAL
    0.280477   -0.0040334 -0.000785124  -0.00550236
  -0.0040334     0.234342  -0.00237643  -0.00285124
-0.000785124  -0.00237643     0.225481   -0.0111181
 -0.00550236  -0.00285124   -0.0111181     0.259701
IMAGINARY
           0    0.0110539  -0.00431676  0.000259358
  -0.0110539            0  -0.00606976  -0.00893123
  0.00431676   0.00606976            0 -0.000783033
-0.000259358   0.00893123  0.000783033            0
EndNode1[0]<--->Repeater1[0]
REAL
   0.271572 -0.00159984 -0.00200359  0.00180037
-0.00159984    0.219563 -0.00120264 -0.00337596
-0.00200359 -0.00120264    0.225768   0.0018987
 0.00180037 -0.00337596   0.0018987    0.283097
IMAGINARY
          0 -0.00147763   0.0044362 -0.00790644
 0.00147763           0   0.0054449  0.00367191
 -0.0044362  -0.0054449           0 -0.00873259
 0.00790644 -0.00367191  0.00873259           0
EndNode2[0]<--->HoM1[0]
REAL
    0.272535   0.00897007  -0.00174161   -0.0046053
  0.00897007     0.225505    0.0109078   0.00384245
 -0.00174161    0.0109078     0.224299 -0.000566712
  -0.0046053   0.00384245 -0.000566712     0.277661
IMAGINARY
           0 -0.000865935 -0.000121388    0.0138028
 0.000865935            0 -0.000733814  -0.00435355
 0.000121388  0.000733814            0    0.0113075
  -0.0138028   0.00435355   -0.0113075            0
Repeater1[0]<--->EndNode1[0]
REAL
   0.271572 -0.00200359 -0.00159984  0.00180037
-0.00200359    0.225768 -0.00120264   0.0018987
-0.00159984 -0.00120264    0.219563 -0.00337596
 0.00180037   0.0018987 -0.00337596    0.283097
IMAGINARY
          0   0.0044362 -0.00147763 -0.00790644
 -0.0044362           0  -0.0054449 -0.00873259
 0.00147763   0.0054449           0  0.00367191
 0.00790644  0.00873259 -0.00367191           0
Repeater1[0]<--->HoM1[0]
REAL
    0.272535  -0.00174161   0.00897007   -0.0046053
 -0.00174161     0.224299    0.0109078 -0.000566712
  0.00897007    0.0109078     0.225505   0.00384245
  -0.0046053 -0.000566712   0.00384245     0.277661
IMAGINARY
           0 -0.000121388 -0.000865935    0.0138028
 0.000121388            0  0.000733814    0.0113075
 0.000865935 -0.000733814            0  -0.00435355
  -0.0138028   -0.0113075   0.00435355            0
EndNode1[0]<--->Repeater1[0]
REAL
   0.274409 -0.00421124  0.00119078  0.00220928
-0.00421124    0.231049 -0.00384765  0.00134124
 0.00119078 -0.00384765    0.214069  0.00436019
 0.00220928  0.00134124  0.00436019    0.280473
IMAGINARY
          0  0.00555568  0.00423209  -0.0023961
-0.00555568           0  0.00179586  0.00636754
-0.00423209 -0.00179586           0 -0.00737276
  0.0023961 -0.00636754  0.00737276           0
EndNode2[0]<--->HoM1[0]
REAL
  0.278624 0.00909477 -0.0031714  0.0123837
0.00909477   0.217722 0.00663323  -0.011457
-0.0031714 0.00663323   0.221072 0.00202284
 0.0123837  -0.011457 0.00202284   0.282582
IMAGINARY
          0  -0.0052826 -0.00592211  0.00281875
  0.0052826           0 -0.00770275  0.00577466
 0.00592211  0.00770275           0  0.00896883
-0.00281875 -0.00577466 -0.00896883           0
Repeater1[0]<--->EndNode1[0]
REAL
   0.274409  0.00119078 -0.00421124  0.00220928
 0.00119078    0.214069 -0.00384765  0.00436019
-0.00421124 -0.00384765    0.231049  0.00134124
 0.00220928  0.00436019  0.00134124    0.280473
IMAGINARY
          0  0.00423209  0.00555568  -0.0023961
-0.00423209           0 -0.00179586 -0.00737276
-0.00555568  0.00179586           0  0.00636754
  0.0023961  0.00737276 -0.00636754           0
Repeater1[0]<--->HoM1[0]
REAL
  0.278624 -0.0031714 0.00909477  0.0123837
-0.0031714   0.221072 0.00663323 0.00202284
0.00909477 0.00663323   0.217722  -0.011457
 0.0123837 0.00202284  -0.011457   0.282582
IMAGINARY
          0 -0.00592211  -0.0052826  0.00281875
 0.00592211           0  0.00770275  0.00896883
  0.0052826 -0.00770275           0  0.00577466
-0.00281875 -0.00896883 -0.00577466           0
EndNode1[0]<--->Repeater1[0]
REAL
   0.278409  0.00419029 -0.00762348  0.00296851
 0.00419029    0.229067   0.0104707  0.00334736
-0.00762348   0.0104707    0.220993 -0.00266311
 0.00296851  0.00334736 -0.00266311    0.271531
IMAGINARY
           0  -0.00570915 -0.000636348  -0.00635191
  0.00570915            0  -0.00347573  -0.00510063
 0.000636348   0.00347573            0  -0.00120465
  0.00635191   0.00510063   0.00120465            0
EndNode2[0]<--->HoM1[0]
REAL
   0.270108  -0.0028881 -0.00868549  0.00471117
 -0.0028881    0.232293 0.000140251  0.00535013
-0.00868549 0.000140251    0.231092  -0.0080276
 0.00471117  0.00535013  -0.0080276    0.266507
IMAGINARY
           0     0.020554   0.00544793   0.00970229
   -0.020554            0  -0.00465178  -0.00736476
 -0.00544793   0.00465178            0  0.000236288
 -0.00970229   0.00736476 -0.000236288            0
Repeater1[0]<--->EndNode1[0]
REAL
   0.278409 -0.00762348  0.00419029  0.00296851
-0.00762348    0.220993   0.0104707 -0.00266311
 0.00419029   0.0104707    0.229067  0.00334736
 0.00296851 -0.00266311  0.00334736    0.271531
IMAGINARY
           0 -0.000636348  -0.00570915  -0.00635191
 0.000636348            0   0.00347573  -0.00120465
  0.00570915  -0.00347573            0  -0.00510063
  0.00635191   0.00120465   0.00510063            0
Repeater1[0]<--->HoM1[0]
REAL
   0.270108 -0.00868549  -0.0028881  0.00471117
-0.00868549    0.231092 0.000140251  -0.0080276
 -0.0028881 0.000140251    0.232293  0.00535013
 0.00471117  -0.0080276  0.00535013    0.266507
IMAGINARY
           0   0.00544793     0.020554   0.00970229
 -0.00544793            0   0.00465178  0.000236288
   -0.020554  -0.00465178            0  -0.00736476
 -0.00970229 -0.000236288   0.00736476            0
EndNode1[0]<--->Repeater1[0]
REAL
   0.278329  0.00444966 -0.00153433    0.010077
 0.00444966    0.207394  -0.0028437  0.00997315
-0.00153433  -0.0028437     0.22122  0.00489332
   0.010077  0.00997315  0.00489332    0.293057
IMAGINARY
          0  0.00376122 -0.00799736 -0.00115541
-0.00376122           0  0.00207228  0.00258871
 0.00799736 -0.00207228           0  0.00855849
 0.00115541 -0.00258871 -0.00855849           0
EndNode2[0]<--->HoM1[0]
REAL
    0.276488   0.00205155    0.0101959 -0.000682025
  0.00205155     0.215774 -0.000682025  0.000868077
   0.0101959 -0.000682025      0.22381  -0.00311248
-0.000682025  0.000868077  -0.00311248     0.283929
IMAGINARY
          0 -0.00921956  -0.0080154 -0.00130321
 0.00921956           0 -0.00416208   0.0154559
  0.0080154  0.00416208           0 -0.00179235
 0.00130321  -0.0154559  0.00179235           0
Repeater1[0]<--->EndNode1[0]
REAL
   0.278329 -0.00153433  0.00444966    0.010077
-0.00153433     0.22122  -0.0028437  0.00489332
 0.00444966  -0.0028437    0.207394  0.00997315
   0.010077  0.00489332  0.00997315    0.293057
IMAGINARY
          0 -0.00799736  0.00376122 -0.00115541
 0.00799736           0 -0.00207228  0.00855849
-0.00376122  0.00207228           0  0.00258871
 0.00115541 -0.00855849 -0.00258871           0
Repeater1[0]<--->HoM1[0]
REAL
    0.276488    0.0101959   0.00205155 -0.000682025
   0.0101959      0.22381 -0.000682025  -0.00311248
  0.00205155 -0.000682025     0.215774  0.000868077
-0.000682025  -0.00311248  0.000868077     0.283929
IMAGINARY
          0  -0.0080154 -0.00921956 -0.00130321
  0.0080154           0  0.00416208 -0.00179235
 0.00921956 -0.00416208           0   0.0154559
 0.00130321  0.00179235  -0.0154559           0
EndNode1[0]<--->Repeater1[0]
REAL
    0.285843  -0.00426718   0.00673342 -0.000117718
 -0.00426718     0.216411   0.00303828   0.00553294
  0.00673342   0.00303828     0.211602   0.00718774
-0.000117718   0.00553294   0.00718774     0.286144
IMAGINARY
           0   -0.0143674   -0.0039206  -0.00020908
   0.0143674            0   0.00388555  0.000464036
   0.0039206  -0.00388555            0  -0.00261491
  0.00020908 -0.000464036   0.00261491            0
EndNode2[0]<--->HoM1[0]
REAL
   0.276708  0.00412164 -0.00048796 0.000540869
 0.00412164    0.224168 -0.00747729  0.00713536
-0.00048796 -0.00747729    0.223584  0.00194773
0.000540869  0.00713536  0.00194773     0.27554
IMAGINARY
          0  -0.0102079 -0.00618925  0.00534691
  0.0102079           0  0.00368478  0.00724825
 0.00618925 -0.00368478           0  0.00914888
-0.00534691 -0.00724825 -0.00914888           0
Repeater1[0]<--->EndNode1[0]
REAL
    0.285843   0.00673342  -0.00426718 -0.000117718
  0.00673342     0.211602   0.00303828   0.00718774
 -0.00426718   0.00303828     0.216411   0.00553294
-0.000117718   0.00718774   0.00553294     0.286144
IMAGINARY
           0   -0.0039206   -0.0143674  -0.00020908
   0.0039206            0  -0.00388555  -0.00261491
   0.0143674   0.00388555            0  0.000464036
  0.00020908   0.00261491 -0.000464036            0
Repeater1[0]<--->HoM1[0]
REAL
   0.276708 -0.00048796  0.00412164 0.000540869
-0.00048796    0.223584 -0.00747729  0.00194773
 0.00412164 -0.00747729    0.224168  0.00713536
0.000540869  0.00194773  0.00713536     0.27554
IMAGINARY
          0 -0.00618925  -0.0102079  0.00534691
 0.00618925           0 -0.00368478  0.00914888
  0.0102079  0.00368478           0  0.00724825
-0.00534691 -0.00914888 -0.00724825           0
EndNode1[0]<--->Repeater1[0]
REAL
   0.266891 -0.00195535  0.00813648   0.0145212
-0.00195535    0.228982 -0.00287269  0.00115282
 0.00813648 -0.00287269    0.218893   0.0023977
  0.0145212  0.00115282   0.0023977    0.285234
IMAGINARY
           0   -0.0062989 -0.000918781  -0.00927017
   0.0062989            0   0.00073879    0.0015084
 0.000918781  -0.00073879            0  -0.00284025
  0.00927017   -0.0015084   0.00284025            0
EndNode2[0]<--->HoM1[0]
REAL
   0.263189  0.00652926 -0.00616557  0.00359676
 0.00652926    0.226938 -0.00389724 -0.00344982
-0.00616557 -0.00389724    0.226643  0.00699237
 0.00359676 -0.00344982  0.00699237     0.28323
IMAGINARY
           0  -0.00471883  0.000366461  -0.00114898
  0.00471883            0  -0.00499059 -0.000366461
-0.000366461   0.00499059            0   -0.0111685
  0.00114898  0.000366461    0.0111685            0
Repeater1[0]<--->EndNode1[0]
REAL
   0.266891  0.00813648 -0.00195535   0.0145212
 0.00813648    0.218893 -0.00287269   0.0023977
-0.00195535 -0.00287269    0.228982  0.00115282
  0.0145212   0.0023977  0.00115282    0.285234
IMAGINARY
           0 -0.000918781   -0.0062989  -0.00927017
 0.000918781            0  -0.00073879  -0.00284025
   0.0062989   0.00073879            0    0.0015084
  0.00927017   0.00284025   -0.0015084            0
Repeater1[0]<--->HoM1[0]
REAL
   0.263189 -0.00616557  0.00652926  0.00359676
-0.00616557    0.226643 -0.00389724  0.00699237
 0.00652926 -0.00389724    0.226938 -0.00344982
 0.00359676  0.00699237 -0.00344982     0.28323
IMAGINARY
           0  0.000366461  -0.00471883  -0.00114898
-0.000366461            0   0.00499059   -0.0111685
  0.00471883  -0.00499059            0 -0.000366461
  0.00114898    0.0111685  0.000366461            0
EndNode1[0]<--->Repeater1[0]
REAL
   0.280391  0.00229647  0.00748122  0.00460168
 0.00229647    0.215944  0.00868888  0.00428169
 0.00748122  0.00868888    0.218998 -0.00550453
 0.00460168  0.00428169 -0.00550453    0.284667
IMAGINARY
          0  -0.0118753  0.00297744   0.0021599
  0.0118753           0  0.00458268 -0.00736739
-0.00297744 -0.00458268           0  0.00264129
 -0.0021599  0.00736739 -0.00264129           0
EndNode2[0]<--->HoM1[0]
REAL
   0.28184 -0.0128377 0.00627353 0.00190144
-0.0128377   0.232785 0.00824176  0.0214711
0.00627353 0.00824176   0.219683 0.00239613
0.00190144  0.0214711 0.00239613   0.265692
IMAGINARY
          0  0.00148373 -0.00248176  0.00143499
-0.00148373           0 -0.00203523 -0.00503815
 0.00248176  0.00203523           0   0.0010229
-0.00143499  0.00503815  -0.0010229           0
Repeater1[0]<--->EndNode1[0]
REAL
   0.280391  0.00748122  0.00229647  0.00460168
 0.00748122    0.218998  0.00868888 -0.00550453
 0.00229647  0.00868888    0.215944  0.00428169
 0.00460168 -0.00550453  0.00428169    0.284667
IMAGINARY
          0  0.00297744  -0.0118753   0.0021599
-0.00297744           0 -0.00458268  0.00264129
  0.0118753  0.00458268           0 -0.00736739
 -0.0021599 -0.00264129  0.00736739           0
Repeater1[0]<--->HoM1[0]
REAL
   0.28184 0.00627353 -0.0128377 0.00190144
0.00627353   0.219683 0.00824176 0.00239613
-0.0128377 0.00824176   0.232785  0.0214711
0.00190144 0.00239613  0.0214711   0.265692
IMAGINARY
          0 -0.00248176  0.00148373  0.00143499
 0.00248176           0  0.00203523   0.0010229
-0.00148373 -0.00203523           0 -0.00503815
-0.00143499  -0.0010229  0.00503815           0
EndNode1[0]<--->Repeater1[0]
REAL
   0.275164  -0.0047051   0.0017906  0.00903635
 -0.0047051     0.22573  0.00161436   0.0117781
  0.0017906  0.00161436    0.217391 -0.00069321
 0.00903635   0.0117781 -0.00069321    0.281715
IMAGINARY
           0   0.00126701  -0.00794564   0.00178917
 -0.00126701            0  -0.00239744   0.00385597
  0.00794564   0.00239744            0 -0.000812606
 -0.00178917  -0.00385597  0.000812606            0
EndNode2[0]<--->HoM1[0]
REAL
   0.277458 -0.00298332 -0.00379405  0.00105133
-0.00298332     0.21059 -0.00148826   0.0100568
-0.00379405 -0.00148826    0.231467  0.00458542
 0.00105133   0.0100568  0.00458542    0.280484
IMAGINARY
          0 -0.00564623 -0.00503654    0.010641
 0.00564623           0   0.0175155  0.00399083
 0.00503654  -0.0175155           0  0.00280787
  -0.010641 -0.00399083 -0.00280787           0
Repeater1[0]<--->EndNode1[0]
REAL
   0.275164   0.0017906  -0.0047051  0.00903635
  0.0017906    0.217391  0.00161436 -0.00069321
 -0.0047051  0.00161436     0.22573   0.0117781
 0.00903635 -0.00069321   0.0117781    0.281715
IMAGINARY
           0  -0.00794564   0.00126701   0.00178917
  0.00794564            0   0.00239744 -0.000812606
 -0.00126701  -0.00239744            0   0.00385597
 -0.00178917  0.000812606  -0.00385597            0
Repeater1[0]<--->HoM1[0]
REAL
   0.277458 -0.00379405 -0.00298332  0.00105133
-0.00379405    0.231467 -0.00148826  0.00458542
-0.00298332 -0.00148826     0.21059   0.0100568
 0.00105133  0.00458542   0.0100568    0.280484
IMAGINARY
          0 -0.00503654 -0.00564623    0.010641
 0.00503654           0  -0.0175155  0.00280787
 0.00564623   0.0175155           0  0.00399083
  -0.010641 -0.00280787 -0.00399083           0
EndNode1[0]<--->Repeater1[0]
REAL
    0.281109   -0.0015531  -0.00383455 -0.000109747
  -0.0015531     0.222959  -0.00668293  -0.00443479
 -0.00383455  -0.00668293     0.205785  -0.00140024
-0.000109747  -0.00443479  -0.00140024     0.290148
IMAGINARY
          0  0.00553676  0.00238782  -0.0156794
-0.00553676           0  0.00190107  -0.0019496
-0.00238782 -0.00190107           0 -0.00626711
  0.0156794   0.0019496  0.00626711           0
EndNode2[0]<--->HoM1[0]
REAL
    0.258122 -0.000589764   0.00543702   0.00761236
-0.000589764     0.224441    0.0004138  -0.00603155
  0.00543702    0.0004138     0.228912   0.00742686
  0.00761236  -0.00603155   0.00742686     0.288525
IMAGINARY
          0 -0.00200454  0.00525586  0.00536923
 0.00200454           0 -0.00171292  0.00614186
-0.00525586  0.00171292           0  0.00110472
-0.00536923 -0.00614186 -0.00110472           0
Repeater1[0]<--->EndNode1[0]
REAL
    0.281109  -0.00383455   -0.0015531 -0.000109747
 -0.00383455     0.205785  -0.00668293  -0.00140024
  -0.0015531  -0.00668293     0.222959  -0.00443479
-0.000109747  -0.00140024  -0.00443479     0.290148
IMAGINARY
          0  0.00238782  0.00553676  -0.0156794
-0.00238782           0 -0.00190107 -0.00626711
-0.00553676  0.00190107           0  -0.0019496
  0.0156794  0.00626711   0.0019496           0
Repeater1[0]<--->HoM1[0]
REAL
    0.258122   0.00543702 -0.000589764   0.00761236
  0.00543702     0.228912    0.0004138   0.00742686
-0.000589764    0.0004138     0.224441  -0.00603155
  0.00761236   0.00742686  -0.00603155     0.288525
IMAGINARY
          0  0.00525586 -0.00200454  0.00536923
-0.00525586           0  0.00171292  0.00110472
 0.00200454 -0.00171292           0  0.00614186
-0.00536923 -0.00110472 -0.00614186           0
EndNode1[0]<--->Repeater1[0]
REAL
    0.284242     0.004003 -0.000238611    0.0171068
    0.004003     0.223636   0.00402412  -0.00243996
-0.000238611   0.00402412     0.213333  0.000163664
   0.0171068  -0.00243996  0.000163664     0.278788
IMAGINARY
          0 -0.00167746  0.00308474  -0.0122397
 0.00167746           0  0.00560115 -0.00143061
-0.00308474 -0.00560115           0  0.00694062
  0.0122397  0.00143061 -0.00694062           0
EndNode2[0]<--->HoM1[0]
REAL
   0.280669  0.00335751  0.00154949  0.00417462
 0.00335751    0.218401 -0.00372404 -0.00410281
 0.00154949 -0.00372404    0.231103 -0.00561044
 0.00417462 -0.00410281 -0.00561044    0.269827
IMAGINARY
          0   0.0043389    0.011829  0.00351255
 -0.0043389           0   0.0049079  0.00203091
  -0.011829  -0.0049079           0  0.00952101
-0.00351255 -0.00203091 -0.00952101           0
Repeater1[0]<--->EndNode1[0]
REAL
    0.284242 -0.000238611     0.004003    0.0171068
-0.000238611     0.213333   0.00402412  0.000163664
    0.004003   0.00402412     0.223636  -0.00243996
   0.0171068  0.000163664  -0.00243996     0.278788
IMAGINARY
          0  0.00308474 -0.00167746  -0.0122397
-0.00308474           0 -0.00560115  0.00694062
 0.00167746  0.00560115           0 -0.00143061
  0.0122397 -0.00694062  0.00143061           0
Repeater1[0]<--->HoM1[0]
REAL
   0.280669  0.00154949  0.00335751  0.00417462
 0.00154949    0.231103 -0.00372404 -0.00561044
 0.00335751 -0.00372404    0.218401 -0.00410281
 0.00417462 -0.00561044 -0.00410281    0.269827
IMAGINARY
          0    0.011829   0.0043389  0.00351255
  -0.011829           0  -0.0049079  0.00952101
 -0.0043389   0.0049079           0  0.00203091
-0.00351255 -0.00952101 -0.00203091           0
EndNode1[0]<--->Repeater1[0]
REAL
    0.282144 -2.27091e-05    0.0133964   0.00862192
-2.27091e-05      0.21349   0.00666585    0.0021911
   0.0133964   0.00666585     0.217404  -0.00507321
  0.00862192    0.0021911  -0.00507321     0.286962
IMAGINARY
           0  0.000949575   0.00638573   0.00159448
-0.000949575            0   -0.0097864   0.00520019
 -0.00638573    0.0097864            0   -0.0044103
 -0.00159448  -0.00520019    0.0044103            0
EndNode2[0]<--->HoM1[0]
REAL
   0.281455  0.00617051   -0.012803   0.0106318
 0.00617051    0.219738 0.000607533  0.00551257
  -0.012803 0.000607533    0.228384  -0.0101195
  0.0106318  0.00551257  -0.0101195    0.270423
IMAGINARY
          0 -0.00513502 -0.00202245 -0.00710302
 0.00513502           0  0.00333228   0.0111354
 0.00202245 -0.00333228           0  0.00240112
 0.00710302  -0.0111354 -0.00240112           0
Repeater1[0]<--->EndNode1[0]
REAL
    0.282144    0.0133964 -2.27091e-05   0.00862192
   0.0133964     0.217404   0.00666585  -0.00507321
-2.27091e-05   0.00666585      0.21349    0.0021911
  0.00862192  -0.00507321    0.0021911     0.286962
IMAGINARY
           0   0.00638573  0.000949575   0.00159448
 -0.00638573            0    0.0097864   -0.0044103
-0.000949575   -0.0097864            0   0.00520019
 -0.00159448    0.0044103  -0.00520019            0
Repeater1[0]<--->HoM1[0]
REAL
   0.281455   -0.012803  0.00617051   0.0106318
  -0.012803    0.228384 0.000607533  -0.0101195
 0.00617051 0.000607533    0.219738  0.00551257
  0.0106318  -0.0101195  0.00551257    0.270423
IMAGINARY
          0 -0.00202245 -0.00513502 -0.00710302
 0.00202245           0 -0.00333228  0.00240112
 0.00513502  0.00333228           0   0.0111354
 0.00710302 -0.00240112  -0.0111354           0
EndNode1[0]<--->Repeater1[0]
REAL
   0.287012  -0.0065676  -0.0116007    0.010607
 -0.0065676    0.219497 -0.00640788  0.00860131
 -0.0116007 -0.00640788    0.220406   0.0020685
   0.010607  0.00860131   0.0020685    0.273085
IMAGINARY
          0  0.00139773  0.00419145 -0.00649606
-0.00139773           0  0.00844508 -0.00269891
-0.00419145 -0.00844508           0  0.00427391
 0.00649606  0.00269891 -0.00427391           0
EndNode2[0]<--->HoM1[0]
REAL
    0.268271   0.00599683 -0.000836908  -0.00464711
  0.00599683     0.227368 -0.000148009   0.00708509
-0.000836908 -0.000148009     0.230977    0.0034481
 -0.00464711   0.00708509    0.0034481     0.273383
IMAGINARY
           0   0.00412532  0.000720626    0.0205013
 -0.00412532            0   0.00452926   0.00647793
-0.000720626  -0.00452926            0  -0.00352544
  -0.0205013  -0.00647793   0.00352544            0
Repeater1[0]<--->EndNode1[0]
REAL
   0.287012  -0.0116007  -0.0065676    0.010607
 -0.0116007    0.220406 -0.00640788   0.0020685
 -0.0065676 -0.00640788    0.219497  0.00860131
   0.010607   0.0020685  0.00860131    0.273085
IMAGINARY
          0  0.00419145  0.00139773 -0.00649606
-0.00419145           0 -0.00844508  0.00427391
-0.00139773  0.00844508           0 -0.00269891
 0.00649606 -0.00427391  0.00269891           0
Repeater1[0]<--->HoM1[0]
REAL
    0.268271 -0.000836908   0.00599683  -0.00464711
-0.000836908     0.230977 -0.000148009    0.0034481
  0.00599683 -0.000148009     0.227368   0.00708509
 -0.00464711    0.0034481   0.00708509     0.273383
IMAGINARY
           0  0.000720626   0.00412532    0.0205013
-0.000720626            0  -0.00452926  -0.00352544
 -0.00412532   0.00452926            0   0.00647793
  -0.0205013   0.00352544  -0.00647793            0
EndNode1[0]<--->Repeater1[0]
REAL
    0.277331   -0.0116069  -0.00620062   0.00909806
  -0.0116069     0.229371   -0.0042613 -0.000449922
 -0.00620062   -0.0042613     0.215371   0.00616558
  0.00909806 -0.000449922   0.00616558     0.277927
IMAGINARY
          0 -0.00220474  0.00737098 -0.00658008
 0.00220474           0 -0.00337308 -0.00842172
-0.00737098  0.00337308           0  0.00475652
 0.00658008  0.00842172 -0.00475652           0
EndNode2[0]<--->HoM1[0]
REAL
    0.283951  -0.00257564   -0.0035937  -0.00462871
 -0.00257564     0.210178 -0.000843041   0.00433313
  -0.0035937 -0.000843041     0.231858  -0.00585382
 -0.00462871   0.00433313  -0.00585382     0.274014
IMAGINARY
           0   -0.0114983  0.000756699   0.00367434
   0.0114983            0   0.00275465  -0.00133911
-0.000756699  -0.00275465            0  -0.00539164
 -0.00367434   0.00133911   0.00539164            0
Repeater1[0]<--->EndNode1[0]
REAL
    0.277331  -0.00620062   -0.0116069   0.00909806
 -0.00620062     0.215371   -0.0042613   0.00616558
  -0.0116069   -0.0042613     0.229371 -0.000449922
  0.00909806   0.00616558 -0.000449922     0.277927
IMAGINARY
          0  0.00737098 -0.00220474 -0.00658008
-0.00737098           0  0.00337308  0.00475652
 0.00220474 -0.00337308           0 -0.00842172
 0.00658008 -0.00475652  0.00842172           0
Repeater1[0]<--->HoM1[0]
REAL
    0.283951   -0.0035937  -0.00257564  -0.00462871
  -0.0035937     0.231858 -0.000843041  -0.00585382
 -0.00257564 -0.000843041     0.210178   0.00433313
 -0.00462871  -0.00585382   0.00433313     0.274014
IMAGINARY
           0  0.000756699   -0.0114983   0.00367434
-0.000756699            0  -0.00275465  -0.00539164
   0.0114983   0.00275465            0  -0.00133911
 -0.00367434   0.00539164   0.00133911            0
EndNode1[0]<--->Repeater1[0]
REAL
   0.277583 -0.00243656 -0.00535421  0.00261457
-0.00243656    0.224752  0.00453481  0.00581055
-0.00535421  0.00453481    0.219206  0.00654365
 0.00261457  0.00581055  0.00654365    0.278459
IMAGINARY
          0 -0.00217339 -0.00219791  0.00556963
 0.00217339           0  -0.0072041  0.00470899
 0.00219791   0.0072041           0   0.0165013
-0.00556963 -0.00470899  -0.0165013           0
EndNode2[0]<--->HoM1[0]
REAL
   0.275188 -0.00963577 -0.00361764  0.00712713
-0.00963577    0.235188 -0.00501616 0.000300387
-0.00361764 -0.00501616    0.220451 -0.00664891
 0.00712713 0.000300387 -0.00664891    0.269173
IMAGINARY
          0 -0.00106481 -0.00349781   0.0105189
 0.00106481           0 -0.00313401 -0.00712757
 0.00349781  0.00313401           0 -0.00136385
 -0.0105189  0.00712757  0.00136385           0
Repeater1[0]<--->EndNode1[0]
REAL
   0.277583 -0.00535421 -0.00243656  0.00261457
-0.00535421    0.219206  0.00453481  0.00654365
-0.00243656  0.00453481    0.224752  0.00581055
 0.00261457  0.00654365  0.00581055    0.278459
IMAGINARY
          0 -0.00219791 -0.00217339  0.00556963
 0.00219791           0   0.0072041   0.0165013
 0.00217339  -0.0072041           0  0.00470899
-0.00556963  -0.0165013 -0.00470899           0
Repeater1[0]<--->HoM1[0]
REAL
   0.275188 -0.00361764 -0.00963577  0.00712713
-0.00361764    0.220451 -0.00501616 -0.00664891
-0.00963577 -0.00501616    0.235188 0.000300387
 0.00712713 -0.00664891 0.000300387    0.269173
IMAGINARY
          0 -0.00349781 -0.00106481   0.0105189
 0.00349781           0  0.00313401 -0.00136385
 0.00106481 -0.00313401           0 -0.00712757
 -0.0105189  0.00136385  0.00712757           0
EndNode1[0]<--->Repeater1[0]
REAL
   0.280729 -0.00014417 -0.00263566   0.0134059
-0.00014417    0.222051  0.00325581  0.00188514
-0.00263566  0.00325581    0.218962   0.0162054
  0.0134059  0.00188514   0.0162054    0.278258
IMAGINARY
           0   -0.0012608 -0.000674429   0.00471297
   0.0012608            0  -0.00546667     0.005823
 0.000674429   0.00546667            0   0.00346733
 -0.00471297    -0.005823  -0.00346733            0
EndNode2[0]<--->HoM1[0]
REAL
     0.28067   0.00114529  -0.00822473    0.0113173
  0.00114529     0.214307 -0.000240824  -0.00628385
 -0.00822473 -0.000240824      0.22618  0.000258766
   0.0113173  -0.00628385  0.000258766     0.278843
IMAGINARY
           0  -0.00272904   0.00846051  -0.00196098
  0.00272904            0  -0.00225843  -0.00200599
 -0.00846051   0.00225843            0  0.000777678
  0.00196098   0.00200599 -0.000777678            0
Repeater1[0]<--->EndNode1[0]
REAL
   0.280729 -0.00263566 -0.00014417   0.0134059
-0.00263566    0.218962  0.00325581   0.0162054
-0.00014417  0.00325581    0.222051  0.00188514
  0.0134059   0.0162054  0.00188514    0.278258
IMAGINARY
           0 -0.000674429   -0.0012608   0.00471297
 0.000674429            0   0.00546667   0.00346733
   0.0012608  -0.00546667            0     0.005823
 -0.00471297  -0.00346733    -0.005823            0
Repeater1[0]<--->HoM1[0]
REAL
     0.28067  -0.00822473   0.00114529    0.0113173
 -0.00822473      0.22618 -0.000240824  0.000258766
  0.00114529 -0.000240824     0.214307  -0.00628385
   0.0113173  0.000258766  -0.00628385     0.278843
IMAGINARY
           0   0.00846051  -0.00272904  -0.00196098
 -0.00846051            0   0.00225843  0.000777678
  0.00272904  -0.00225843            0  -0.00200599
  0.00196098 -0.000777678   0.00200599            0
EndNode1[0]<--->Repeater1[0]
REAL
   0.266163  0.00775852 -0.00658782  0.00537602
 0.00775852    0.226586  0.00297794  0.00287494
-0.00658782  0.00297794    0.223263   -0.011162
 0.00537602  0.00287494   -0.011162    0.283988
IMAGINARY
           0  -0.00549086   0.00311803   0.00490789
  0.00549086            0  0.000549961  0.000778851
 -0.00311803 -0.000549961            0  -0.00320218
 -0.00490789 -0.000778851   0.00320218            0
EndNode2[0]<--->HoM1[0]
REAL
   0.260684  0.00335087 -0.00520527  0.00314721
 0.00335087    0.242063  0.00669961 -0.00370377
-0.00520527  0.00669961    0.227717  0.00837154
 0.00314721 -0.00370377  0.00837154    0.269536
IMAGINARY
          0  0.00184411  0.00567928 -0.00529276
-0.00184411           0  -0.0116564 -0.00449514
-0.00567928   0.0116564           0 -0.00273221
 0.00529276  0.00449514  0.00273221           0
Repeater1[0]<--->EndNode1[0]
REAL
   0.266163 -0.00658782  0.00775852  0.00537602
-0.00658782    0.223263  0.00297794   -0.011162
 0.00775852  0.00297794    0.226586  0.00287494
 0.00537602   -0.011162  0.00287494    0.283988
IMAGINARY
           0   0.00311803  -0.00549086   0.00490789
 -0.00311803            0 -0.000549961  -0.00320218
  0.00549086  0.000549961            0  0.000778851
 -0.00490789   0.00320218 -0.000778851            0
Repeater1[0]<--->HoM1[0]
REAL
   0.260684 -0.00520527  0.00335087  0.00314721
-0.00520527    0.227717  0.00669961  0.00837154
 0.00335087  0.00669961    0.242063 -0.00370377
 0.00314721  0.00837154 -0.00370377    0.269536
IMAGINARY
          0  0.00567928  0.00184411 -0.00529276
-0.00567928           0   0.0116564 -0.00273221
-0.00184411  -0.0116564           0 -0.00449514
 0.00529276  0.00273221  0.00449514           0
EndNode1[0]<--->Repeater1[0]
REAL
   0.283796  0.00298588  0.00777971  0.00286039
 0.00298588    0.225604  0.00344213 -0.00597899
 0.00777971  0.00344213    0.207998 -0.00148528
 0.00286039 -0.00597899 -0.00148528    0.282602
IMAGINARY
           0  -0.00127772  0.000833512  -0.00612184
  0.00127772            0   -0.0076641   0.00411122
-0.000833512    0.0076641            0  -0.00395788
  0.00612184  -0.00411122   0.00395788            0
EndNode2[0]<--->HoM1[0]
REAL
    0.289759   0.00601846   0.00520092    0.0101929
  0.00601846     0.229819   0.00297699 -0.000508216
  0.00520092   0.00297699     0.209639  -0.00314229
   0.0101929 -0.000508216  -0.00314229     0.270783
IMAGINARY
           0  -0.00552398  0.000265892  -0.00699168
  0.00552398            0   -0.0106413     0.006048
-0.000265892    0.0106413            0    0.0133412
  0.00699168    -0.006048   -0.0133412            0
Repeater1[0]<--->EndNode1[0]
REAL
   0.283796  0.00777971  0.00298588  0.00286039
 0.00777971    0.207998  0.00344213 -0.00148528
 0.00298588  0.00344213    0.225604 -0.00597899
 0.00286039 -0.00148528 -0.00597899    0.282602
IMAGINARY
           0  0.000833512  -0.00127772  -0.00612184
-0.000833512            0    0.0076641  -0.00395788
  0.00127772   -0.0076641            0   0.00411122
  0.00612184   0.00395788  -0.00411122            0
Repeater1[0]<--->HoM1[0]
REAL
    0.289759   0.00520092   0.00601846    0.0101929
  0.00520092     0.209639   0.00297699  -0.00314229
  0.00601846   0.00297699     0.229819 -0.000508216
   0.0101929  -0.00314229 -0.000508216     0.270783
IMAGINARY
           0  0.000265892  -0.00552398  -0.00699168
-0.000265892            0    0.0106413    0.0133412
  0.00552398   -0.0106413            0     0.006048
  0.00699168   -0.0133412    -0.006048            0
EndNode1[0]<--->Repeater1[0]
REAL
   0.270945  0.00112538  -0.0137277  0.00341586
 0.00112538    0.227867  0.00587892  -0.0041242
 -0.0137277  0.00587892    0.224005 -0.00274828
 0.00341586  -0.0041242 -0.00274828    0.277184
IMAGINARY
           0   0.00125231  -0.00110281  0.000654807
 -0.00125231            0   0.00714831   0.00066815
  0.00110281  -0.00714831            0    0.0107732
-0.000654807  -0.00066815   -0.0107732            0
EndNode2[0]<--->HoM1[0]
REAL
   0.281086  0.00115575 -0.00757991  0.00499779
 0.00115575    0.230793  0.00181501 -0.00367601
-0.00757991  0.00181501     0.22709 -0.00382163
 0.00499779 -0.00367601 -0.00382163    0.261031
IMAGINARY
          0 -0.00467739   -0.010056  0.00217732
 0.00467739           0   0.0037964 -0.00131103
   0.010056  -0.0037964           0 -0.00365847
-0.00217732  0.00131103  0.00365847           0
Repeater1[0]<--->EndNode1[0]
REAL
   0.270945  -0.0137277  0.00112538  0.00341586
 -0.0137277    0.224005  0.00587892 -0.00274828
 0.00112538  0.00587892    0.227867  -0.0041242
 0.00341586 -0.00274828  -0.0041242    0.277184
IMAGINARY
           0  -0.00110281   0.00125231  0.000654807
  0.00110281            0  -0.00714831    0.0107732
 -0.00125231   0.00714831            0   0.00066815
-0.000654807   -0.0107732  -0.00066815            0
Repeater1[0]<--->HoM1[0]
REAL
   0.281086 -0.00757991  0.00115575  0.00499779
-0.00757991     0.22709  0.00181501 -0.00382163
 0.00115575  0.00181501    0.230793 -0.00367601
 0.00499779 -0.00382163 -0.00367601    0.261031
IMAGINARY
          0   -0.010056 -0.00467739  0.00217732
   0.010056           0  -0.0037964 -0.00365847
 0.00467739   0.0037964           0 -0.00131103
-0.00217732  0.00365847  0.00131103           0
EndNode1[0]<--->Repeater1[0]
REAL
    0.276583  0.000370548  -0.00623698    0.0101906
 0.000370548     0.225508   0.00657174 -0.000558554
 -0.00623698   0.00657174     0.216547     0.020016
   0.0101906 -0.000558554     0.020016     0.281362
IMAGINARY
          0 -0.00330982  0.00218398  -0.0030566
 0.00330982           0  0.00456535  0.00535523
-0.00218398 -0.00456535           0  0.00421452
  0.0030566 -0.00535523 -0.00421452           0
EndNode2[0]<--->HoM1[0]
REAL
    0.282536  -0.00347759  -0.00296502  -0.00508234
 -0.00347759     0.232551  -0.00598162 -0.000217765
 -0.00296502  -0.00598162     0.213045  -0.00273641
 -0.00508234 -0.000217765  -0.00273641     0.271868
IMAGINARY
          0 -0.00491829 -0.00382997  -0.0124918
 0.00491829           0  0.00622317 -0.00456332
 0.00382997 -0.00622317           0   0.0010214
  0.0124918  0.00456332  -0.0010214           0
Repeater1[0]<--->EndNode1[0]
REAL
    0.276583  -0.00623698  0.000370548    0.0101906
 -0.00623698     0.216547   0.00657174     0.020016
 0.000370548   0.00657174     0.225508 -0.000558554
   0.0101906     0.020016 -0.000558554     0.281362
IMAGINARY
          0  0.00218398 -0.00330982  -0.0030566
-0.00218398           0 -0.00456535  0.00421452
 0.00330982  0.00456535           0  0.00535523
  0.0030566 -0.00421452 -0.00535523           0
Repeater1[0]<--->HoM1[0]
REAL
    0.282536  -0.00296502  -0.00347759  -0.00508234
