EndNode1[0]<--->Repeater1[0]
REAL
   0.418719 -0.00419079   0.0171976    0.399283
-0.00419079   0.0492611  0.00461303  -0.0094054
  0.0171976  0.00461303   0.0628079 -0.00619882
   0.399283  -0.0094054 -0.00619882    0.469212
IMAGINARY
          0 -0.00160639   0.0188256 -0.00628012
 0.00160639           0  0.00952266  -0.0150185
 -0.0188256 -0.00952266           0 -0.00346975
 0.00628012   0.0150185  0.00346975           0
EndNode2[0]<--->HoM1[0]
REAL
   0.454662 -0.00742564  0.00355851    0.404972
-0.00742564   0.0446999   0.0155248   -0.011633
 0.00355851   0.0155248    0.045977  -0.0155557
   0.404972   -0.011633  -0.0155557    0.454662
IMAGINARY
          0  -0.0065161  0.00502513  -0.0401272
  0.0065161           0    0.002694  0.00502513
-0.00502513   -0.002694           0 -0.00102159
  0.0401272 -0.00502513  0.00102159           0
Repeater1[0]<--->EndNode1[0]
REAL
   0.418719   0.0171976 -0.00419079    0.399283
  0.0171976   0.0628079  0.00461303 -0.00619882
-0.00419079  0.00461303   0.0492611  -0.0094054
   0.399283 -0.00619882  -0.0094054    0.469212
IMAGINARY
          0   0.0188256 -0.00160639 -0.00628012
 -0.0188256           0 -0.00952266 -0.00346975
 0.00160639  0.00952266           0  -0.0150185
 0.00628012  0.00346975   0.0150185           0
Repeater1[0]<--->HoM1[0]
REAL
   0.454662  0.00355851 -0.00742564    0.404972
 0.00355851    0.045977   0.0155248  -0.0155557
-0.00742564   0.0155248   0.0446999   -0.011633
   0.404972  -0.0155557   -0.011633    0.454662
IMAGINARY
          0  0.00502513  -0.0065161  -0.0401272
-0.00502513           0   -0.002694 -0.00102159
  0.0065161    0.002694           0  0.00502513
  0.0401272  0.00102159 -0.00502513           0
EndNode1[0]<--->Repeater1[0]
REAL
   0.471584  -0.0117574 -0.00610582    0.389876
 -0.0117574   0.0399033   0.0123521  -0.0112209
-0.00610582   0.0123521   0.0471584  -0.0117574
   0.389876  -0.0112209  -0.0117574    0.441354
IMAGINARY
           0   0.00831863 -0.000659906  -0.00205619
 -0.00831863            0    0.0137749   -0.0161638
 0.000659906   -0.0137749            0 -0.000916203
  0.00205619    0.0161638  0.000916203            0
EndNode2[0]<--->HoM1[0]
REAL
    0.502052   -0.0219474   -0.0110647     0.400003
  -0.0219474    0.0355677 -0.000134276  -0.00540433
  -0.0110647 -0.000134276    0.0465116  0.000208279
    0.400003  -0.00540433  0.000208279     0.415869
IMAGINARY
           0  0.000896415    0.0121254   -0.0220787
-0.000896415            0   0.00317385   -0.0114414
  -0.0121254  -0.00317385            0  -0.00842035
   0.0220787    0.0114414   0.00842035            0
Repeater1[0]<--->EndNode1[0]
REAL
   0.471584 -0.00610582  -0.0117574    0.389876
-0.00610582   0.0471584   0.0123521  -0.0117574
 -0.0117574   0.0123521   0.0399033  -0.0112209
   0.389876  -0.0117574  -0.0112209    0.441354
IMAGINARY
           0 -0.000659906   0.00831863  -0.00205619
 0.000659906            0   -0.0137749 -0.000916203
 -0.00831863    0.0137749            0   -0.0161638
  0.00205619  0.000916203    0.0161638            0
Repeater1[0]<--->HoM1[0]
REAL
    0.502052   -0.0110647   -0.0219474     0.400003
  -0.0110647    0.0465116 -0.000134276  0.000208279
  -0.0219474 -0.000134276    0.0355677  -0.00540433
    0.400003  0.000208279  -0.00540433     0.415869
IMAGINARY
           0    0.0121254  0.000896415   -0.0220787
  -0.0121254            0  -0.00317385  -0.00842035
-0.000896415   0.00317385            0   -0.0114414
   0.0220787   0.00842035    0.0114414            0
EndNode1[0]<--->Repeater1[0]
REAL
   0.429091  0.00599625 -0.00485089    0.380235
 0.00599625    0.049697   0.0038617  0.00215548
-0.00485089   0.0038617   0.0412121     0.00209
   0.380235  0.00215548     0.00209        0.48
IMAGINARY
          0   -0.018303   0.0325252   -0.012588
   0.018303           0  0.00536069  0.00730996
 -0.0325252 -0.00536069           0  -0.0132904
   0.012588 -0.00730996   0.0132904           0
EndNode2[0]<--->HoM1[0]
REAL
   0.444882 -0.00158825 -0.00712162    0.410305
-0.00158825   0.0419948  0.00497133   0.0167493
-0.00712162  0.00497133   0.0603675  0.00351379
   0.410305   0.0167493  0.00351379    0.452756
IMAGINARY
           0  -0.00134741 -0.000656085    0.0128157
  0.00134741            0  -0.00167707   0.00198942
 0.000656085   0.00167707            0  -0.00398593
  -0.0128157  -0.00198942   0.00398593            0
Repeater1[0]<--->EndNode1[0]
REAL
   0.429091 -0.00485089  0.00599625    0.380235
-0.00485089   0.0412121   0.0038617     0.00209
 0.00599625   0.0038617    0.049697  0.00215548
   0.380235     0.00209  0.00215548        0.48
IMAGINARY
          0   0.0325252   -0.018303   -0.012588
 -0.0325252           0 -0.00536069  -0.0132904
   0.018303  0.00536069           0  0.00730996
   0.012588   0.0132904 -0.00730996           0
Repeater1[0]<--->HoM1[0]
REAL
   0.444882 -0.00712162 -0.00158825    0.410305
-0.00712162   0.0603675  0.00497133  0.00351379
-0.00158825  0.00497133   0.0419948   0.0167493
   0.410305  0.00351379   0.0167493    0.452756
IMAGINARY
           0 -0.000656085  -0.00134741    0.0128157
 0.000656085            0   0.00167707  -0.00398593
  0.00134741  -0.00167707            0   0.00198942
  -0.0128157   0.00398593  -0.00198942            0
EndNode1[0]<--->Repeater1[0]
REAL
   0.440847 -0.00402551   0.0161549      0.4082
-0.00402551   0.0560399   0.0157544   0.0186994
  0.0161549   0.0157544   0.0410959   0.0211358
     0.4082   0.0186994   0.0211358    0.462017
IMAGINARY
           0   -0.0139327    0.0178817   -0.0175062
   0.0139327            0   0.00724628  0.000684244
  -0.0178817  -0.00724628            0  -0.00719411
   0.0175062 -0.000684244   0.00719411            0
EndNode2[0]<--->HoM1[0]
REAL
  0.458607 0.00786812 -0.0149516   0.408737
0.00786812  0.0512484  0.0244283 0.00297177
-0.0149516  0.0244283  0.0486202 -0.0185869
  0.408737 0.00297177 -0.0185869   0.441524
IMAGINARY
          0 -0.00618343  -0.0118116 -0.00423471
 0.00618343           0  0.00487987  0.00383292
  0.0118116 -0.00487987           0 -0.00046551
 0.00423471 -0.00383292  0.00046551           0
Repeater1[0]<--->EndNode1[0]
REAL
   0.440847   0.0161549 -0.00402551      0.4082
  0.0161549   0.0410959   0.0157544   0.0211358
-0.00402551   0.0157544   0.0560399   0.0186994
     0.4082   0.0211358   0.0186994    0.462017
IMAGINARY
           0    0.0178817   -0.0139327   -0.0175062
  -0.0178817            0  -0.00724628  -0.00719411
   0.0139327   0.00724628            0  0.000684244
   0.0175062   0.00719411 -0.000684244            0
Repeater1[0]<--->HoM1[0]
REAL
  0.458607 -0.0149516 0.00786812   0.408737
-0.0149516  0.0486202  0.0244283 -0.0185869
0.00786812  0.0244283  0.0512484 0.00297177
  0.408737 -0.0185869 0.00297177   0.441524
IMAGINARY
          0  -0.0118116 -0.00618343 -0.00423471
  0.0118116           0 -0.00487987 -0.00046551
 0.00618343  0.00487987           0  0.00383292
 0.00423471  0.00046551 -0.00383292           0
EndNode1[0]<--->Repeater1[0]
REAL
  0.460733  0.0134864  0.0114991   0.398764
 0.0134864  0.0536649  0.0137203  0.0187455
 0.0114991  0.0137203  0.0458115 0.00646213
  0.398764  0.0187455 0.00646213   0.439791
IMAGINARY
          0  0.00347781 -0.00305231  0.00257204
-0.00347781           0   0.0187847  -0.0161071
 0.00305231  -0.0187847           0   0.0144456
-0.00257204   0.0161071  -0.0144456           0
EndNode2[0]<--->HoM1[0]
REAL
   0.443478   -0.013635 -0.00256943    0.398549
  -0.013635   0.0521739 -0.00222387   0.0012571
-0.00256943 -0.00222387    0.042236  0.00838569
   0.398549   0.0012571  0.00838569    0.462112
IMAGINARY
          0  0.00734707  0.00218891   0.0150211
-0.00734707           0  0.00732881  -0.0124982
-0.00218891 -0.00732881           0   0.0119828
 -0.0150211   0.0124982  -0.0119828           0
Repeater1[0]<--->EndNode1[0]
REAL
  0.460733  0.0114991  0.0134864   0.398764
 0.0114991  0.0458115  0.0137203 0.00646213
 0.0134864  0.0137203  0.0536649  0.0187455
  0.398764 0.00646213  0.0187455   0.439791
IMAGINARY
          0 -0.00305231  0.00347781  0.00257204
 0.00305231           0  -0.0187847   0.0144456
-0.00347781   0.0187847           0  -0.0161071
-0.00257204  -0.0144456   0.0161071           0
Repeater1[0]<--->HoM1[0]
REAL
   0.443478 -0.00256943   -0.013635    0.398549
-0.00256943    0.042236 -0.00222387  0.00838569
  -0.013635 -0.00222387   0.0521739   0.0012571
   0.398549  0.00838569   0.0012571    0.462112
IMAGINARY
          0  0.00218891  0.00734707   0.0150211
-0.00218891           0 -0.00732881   0.0119828
-0.00734707  0.00732881           0  -0.0124982
 -0.0150211  -0.0119828   0.0124982           0
EndNode1[0]<--->Repeater1[0]
REAL
  0.464373 0.00805202 0.00313396   0.392239
0.00805202  0.0528256 0.00701473 0.00806007
0.00313396 0.00701473  0.0479115 0.00936092
  0.392239 0.00806007 0.00936092   0.434889
IMAGINARY
          0  -0.0152858  0.00755801 -0.00649137
  0.0152858           0  -0.0108939   0.0122309
-0.00755801   0.0108939           0 -0.00318387
 0.00649137  -0.0122309  0.00318387           0
EndNode2[0]<--->HoM1[0]
REAL
  0.451119 -0.0095708 0.00213335   0.399646
-0.0095708  0.0471143  0.0152752  0.0135735
0.00213335  0.0152752  0.0471143  0.0318221
  0.399646  0.0135735  0.0318221   0.454653
IMAGINARY
           0    0.0102894  0.000709873  -0.00175754
  -0.0102894            0      0.01096  -0.00515714
-0.000709873     -0.01096            0  0.000511076
  0.00175754   0.00515714 -0.000511076            0
Repeater1[0]<--->EndNode1[0]
REAL
  0.464373 0.00313396 0.00805202   0.392239
0.00313396  0.0479115 0.00701473 0.00936092
0.00805202 0.00701473  0.0528256 0.00806007
  0.392239 0.00936092 0.00806007   0.434889
IMAGINARY
          0  0.00755801  -0.0152858 -0.00649137
-0.00755801           0   0.0108939 -0.00318387
  0.0152858  -0.0108939           0   0.0122309
 0.00649137  0.00318387  -0.0122309           0
Repeater1[0]<--->HoM1[0]
REAL
  0.451119 0.00213335 -0.0095708   0.399646
0.00213335  0.0471143  0.0152752  0.0318221
-0.0095708  0.0152752  0.0471143  0.0135735
  0.399646  0.0318221  0.0135735   0.454653
IMAGINARY
           0  0.000709873    0.0102894  -0.00175754
-0.000709873            0     -0.01096  0.000511076
  -0.0102894      0.01096            0  -0.00515714
  0.00175754 -0.000511076   0.00515714            0
EndNode1[0]<--->Repeater1[0]
REAL
    0.48067  -0.0252121  -0.0366365    0.380182
 -0.0252121   0.0438144   0.0163692 -0.00231621
 -0.0366365   0.0163692   0.0373711 -0.00735495
   0.380182 -0.00231621 -0.00735495    0.438144
IMAGINARY
          0   0.0196812 -0.00502801  0.00401951
 -0.0196812           0  -0.0108688  -0.0280459
 0.00502801   0.0108688           0   0.0276599
-0.00401951   0.0280459  -0.0276599           0
EndNode2[0]<--->HoM1[0]
REAL
   0.458388 -0.00858554  -0.0138779    0.402473
-0.00858554   0.0435931  0.00547161  -0.0132344
 -0.0138779  0.00547161   0.0422721 0.000388819
   0.402473  -0.0132344 0.000388819    0.455746
IMAGINARY
          0 -0.00495225  -0.0142367  -0.0190024
 0.00495225           0   0.0196509  0.00836968
  0.0142367  -0.0196509           0  0.00690792
  0.0190024 -0.00836968 -0.00690792           0
Repeater1[0]<--->EndNode1[0]
REAL
    0.48067  -0.0366365  -0.0252121    0.380182
 -0.0366365   0.0373711   0.0163692 -0.00735495
 -0.0252121   0.0163692   0.0438144 -0.00231621
   0.380182 -0.00735495 -0.00231621    0.438144
IMAGINARY
          0 -0.00502801   0.0196812  0.00401951
 0.00502801           0   0.0108688   0.0276599
 -0.0196812  -0.0108688           0  -0.0280459
-0.00401951  -0.0276599   0.0280459           0
Repeater1[0]<--->HoM1[0]
REAL
   0.458388  -0.0138779 -0.00858554    0.402473
 -0.0138779   0.0422721  0.00547161 0.000388819
-0.00858554  0.00547161   0.0435931  -0.0132344
   0.402473 0.000388819  -0.0132344    0.455746
IMAGINARY
          0  -0.0142367 -0.00495225  -0.0190024
  0.0142367           0  -0.0196509  0.00690792
 0.00495225   0.0196509           0  0.00836968
  0.0190024 -0.00690792 -0.00836968           0
EndNode1[0]<--->Repeater1[0]
REAL
 0.459184 0.0193515 0.0194706  0.402754
0.0193515 0.0535714 0.0189735 0.0122433
0.0194706 0.0189735 0.0408163 0.0231586
 0.402754 0.0122433 0.0231586  0.446429
IMAGINARY
          0  -0.0280971   0.0400805  -0.0235567
  0.0280971           0   0.0185816  0.00525792
 -0.0400805  -0.0185816           0 -0.00574713
  0.0235567 -0.00525792  0.00574713           0
EndNode2[0]<--->HoM1[0]
REAL
   0.409722 -0.00152304  0.00025643    0.399058
-0.00152304   0.0430556  0.00366573   0.0016891
 0.00025643  0.00366573        0.05  0.00217154
   0.399058   0.0016891  0.00217154    0.497222
IMAGINARY
          0  -0.0108149   0.0121461  -0.0101599
  0.0108149           0 -0.00588635  -0.0102781
 -0.0121461  0.00588635           0   0.0014749
  0.0101599   0.0102781  -0.0014749           0
Repeater1[0]<--->EndNode1[0]
REAL
 0.459184 0.0194706 0.0193515  0.402754
0.0194706 0.0408163 0.0189735 0.0231586
0.0193515 0.0189735 0.0535714 0.0122433
 0.402754 0.0231586 0.0122433  0.446429
IMAGINARY
          0   0.0400805  -0.0280971  -0.0235567
 -0.0400805           0  -0.0185816 -0.00574713
  0.0280971   0.0185816           0  0.00525792
  0.0235567  0.00574713 -0.00525792           0
Repeater1[0]<--->HoM1[0]
REAL
   0.409722  0.00025643 -0.00152304    0.399058
 0.00025643        0.05  0.00366573  0.00217154
-0.00152304  0.00366573   0.0430556   0.0016891
   0.399058  0.00217154   0.0016891    0.497222
IMAGINARY
          0   0.0121461  -0.0108149  -0.0101599
 -0.0121461           0  0.00588635   0.0014749
  0.0108149 -0.00588635           0  -0.0102781
  0.0101599  -0.0014749   0.0102781           0
EndNode1[0]<--->Repeater1[0]
REAL
   0.455979  0.00261978 -0.00419241    0.383538
 0.00261978   0.0538765   0.0298481   0.0160034
-0.00419241   0.0298481   0.0538765 -0.00918146
   0.383538   0.0160034 -0.00918146    0.436268
IMAGINARY
          0 -0.00513824  0.00445293  -0.0158232
 0.00513824           0    0.011917 -0.00318066
-0.00445293   -0.011917           0  0.00259371
  0.0158232  0.00318066 -0.00259371           0
EndNode2[0]<--->HoM1[0]
REAL
   0.452037 -0.00202501  -0.0075296    0.410187
-0.00202501   0.0499343   0.0130897  0.00557901
 -0.0075296   0.0130897    0.065703 -0.00642753
   0.410187  0.00557901 -0.00642753    0.432326
IMAGINARY
          0 -0.00525128  0.00625273  0.00768688
 0.00525128           0  -0.0129639  0.00562062
-0.00625273   0.0129639           0 -0.00134503
-0.00768688 -0.00562062  0.00134503           0
Repeater1[0]<--->EndNode1[0]
REAL
   0.455979 -0.00419241  0.00261978    0.383538
-0.00419241   0.0538765   0.0298481 -0.00918146
 0.00261978   0.0298481   0.0538765   0.0160034
   0.383538 -0.00918146   0.0160034    0.436268
IMAGINARY
          0  0.00445293 -0.00513824  -0.0158232
-0.00445293           0   -0.011917  0.00259371
 0.00513824    0.011917           0 -0.00318066
  0.0158232 -0.00259371  0.00318066           0
Repeater1[0]<--->HoM1[0]
REAL
   0.452037  -0.0075296 -0.00202501    0.410187
 -0.0075296    0.065703   0.0130897 -0.00642753
-0.00202501   0.0130897   0.0499343  0.00557901
   0.410187 -0.00642753  0.00557901    0.432326
IMAGINARY
          0  0.00625273 -0.00525128  0.00768688
-0.00625273           0   0.0129639 -0.00134503
 0.00525128  -0.0129639           0  0.00562062
-0.00768688  0.00134503 -0.00562062           0
EndNode1[0]<--->Repeater1[0]
REAL
  0.451174 -0.0137456 -0.0295255   0.393688
-0.0137456  0.0457355 0.00493511 -0.0161566
-0.0295255 0.00493511  0.0444994 -0.0156662
  0.393688 -0.0161566 -0.0156662   0.458591
IMAGINARY
          0  0.00132755  0.00731716   0.0108799
-0.00132755           0 -0.00236093  0.00246279
-0.00731716  0.00236093           0  -0.0221099
 -0.0108799 -0.00246279   0.0221099           0
EndNode2[0]<--->HoM1[0]
REAL
  0.445178 -0.0151027 0.00300401   0.396914
-0.0151027  0.0475561 0.00428774 0.00300401
0.00300401 0.00428774  0.0422721  0.0211107
  0.396914 0.00300401  0.0211107   0.464993
IMAGINARY
          0   0.0210245  -0.0138778   -0.006872
 -0.0210245           0  0.00501786 -0.00746758
  0.0138778 -0.00501786           0   0.0197258
   0.006872  0.00746758  -0.0197258           0
Repeater1[0]<--->EndNode1[0]
REAL
  0.451174 -0.0295255 -0.0137456   0.393688
-0.0295255  0.0444994 0.00493511 -0.0156662
-0.0137456 0.00493511  0.0457355 -0.0161566
  0.393688 -0.0156662 -0.0161566   0.458591
IMAGINARY
          0  0.00731716  0.00132755   0.0108799
-0.00731716           0  0.00236093  -0.0221099
-0.00132755 -0.00236093           0  0.00246279
 -0.0108799   0.0221099 -0.00246279           0
Repeater1[0]<--->HoM1[0]
REAL
  0.445178 0.00300401 -0.0151027   0.396914
0.00300401  0.0422721 0.00428774  0.0211107
-0.0151027 0.00428774  0.0475561 0.00300401
  0.396914  0.0211107 0.00300401   0.464993
IMAGINARY
          0  -0.0138778   0.0210245   -0.006872
  0.0138778           0 -0.00501786   0.0197258
 -0.0210245  0.00501786           0 -0.00746758
   0.006872  -0.0197258  0.00746758           0
EndNode1[0]<--->Repeater1[0]
REAL
    0.441476   -0.0167034   -0.0116257     0.401243
  -0.0167034    0.0483461 -0.000613917   -0.0166762
  -0.0116257 -0.000613917     0.043257 -0.000277688
    0.401243   -0.0166762 -0.000277688     0.466921
IMAGINARY
          0  0.00463152  0.00981723   0.0105096
-0.00463152           0  0.00348532  -0.0204273
-0.00981723 -0.00348532           0  0.00332604
 -0.0105096   0.0204273 -0.00332604           0
EndNode2[0]<--->HoM1[0]
REAL
   0.455826 -0.00456374 -0.00468351    0.388705
-0.00456374   0.0448143  0.00141822  -0.0175387
-0.00468351  0.00141822   0.0512164  -0.0164239
   0.388705  -0.0175387  -0.0164239    0.448143
IMAGINARY
          0  -0.0146484   0.0149442   0.0141969
  0.0146484           0   0.0135467   0.0027491
 -0.0149442  -0.0135467           0  0.00743998
 -0.0141969  -0.0027491 -0.00743998           0
Repeater1[0]<--->EndNode1[0]
REAL
    0.441476   -0.0116257   -0.0167034     0.401243
  -0.0116257     0.043257 -0.000613917 -0.000277688
  -0.0167034 -0.000613917    0.0483461   -0.0166762
    0.401243 -0.000277688   -0.0166762     0.466921
IMAGINARY
          0  0.00981723  0.00463152   0.0105096
-0.00981723           0 -0.00348532  0.00332604
-0.00463152  0.00348532           0  -0.0204273
 -0.0105096 -0.00332604   0.0204273           0
Repeater1[0]<--->HoM1[0]
REAL
   0.455826 -0.00468351 -0.00456374    0.388705
-0.00468351   0.0512164  0.00141822  -0.0164239
-0.00456374  0.00141822   0.0448143  -0.0175387
   0.388705  -0.0164239  -0.0175387    0.448143
IMAGINARY
          0   0.0149442  -0.0146484   0.0141969
 -0.0149442           0  -0.0135467  0.00743998
  0.0146484   0.0135467           0   0.0027491
 -0.0141969 -0.00743998  -0.0027491           0
EndNode1[0]<--->Repeater1[0]
REAL
  0.432326 -0.0105831 -0.0024294   0.403856
-0.0105831  0.0473062  0.0137757  0.0069339
-0.0024294  0.0137757  0.0459921 0.00736561
  0.403856  0.0069339 0.00736561   0.474376
IMAGINARY
          0  -0.0001061  0.00318653  -0.0162001
  0.0001061           0  0.00649767   0.0289851
-0.00318653 -0.00649767           0  -0.0213416
  0.0162001  -0.0289851   0.0213416           0
EndNode2[0]<--->HoM1[0]
REAL
   0.473292  -0.0188408 -0.00101662    0.416805
 -0.0188408   0.0335404   0.0267213  0.00239403
-0.00101662   0.0267213   0.0372671   0.0215956
   0.416805  0.00239403   0.0215956    0.455901
IMAGINARY
         0  0.0122897 -0.0395975   0.012597
-0.0122897          0  0.0146051 -0.0183475
 0.0395975 -0.0146051          0  0.0241499
 -0.012597  0.0183475 -0.0241499          0
Repeater1[0]<--->EndNode1[0]
REAL
  0.432326 -0.0024294 -0.0105831   0.403856
-0.0024294  0.0459921  0.0137757 0.00736561
-0.0105831  0.0137757  0.0473062  0.0069339
  0.403856 0.00736561  0.0069339   0.474376
IMAGINARY
          0  0.00318653  -0.0001061  -0.0162001
-0.00318653           0 -0.00649767  -0.0213416
  0.0001061  0.00649767           0   0.0289851
  0.0162001   0.0213416  -0.0289851           0
Repeater1[0]<--->HoM1[0]
REAL
   0.473292 -0.00101662  -0.0188408    0.416805
-0.00101662   0.0372671   0.0267213   0.0215956
 -0.0188408   0.0267213   0.0335404  0.00239403
   0.416805   0.0215956  0.00239403    0.455901
IMAGINARY
         0 -0.0395975  0.0122897   0.012597
 0.0395975          0 -0.0146051  0.0241499
-0.0122897  0.0146051          0 -0.0183475
 -0.012597 -0.0241499  0.0183475          0
EndNode1[0]<--->Repeater1[0]
REAL
   0.424968  -0.0261695  -0.0247148    0.400046
 -0.0261695   0.0630517 -0.00465373 -0.00579583
 -0.0247148 -0.00465373   0.0504414 0.000640193
   0.400046 -0.00579583 0.000640193    0.461538
IMAGINARY
          0 -0.00594961   0.0138859 -0.00118838
 0.00594961           0  -0.0199384  0.00308539
 -0.0138859   0.0199384           0  -0.0123272
 0.00118838 -0.00308539   0.0123272           0
EndNode2[0]<--->HoM1[0]
REAL
   0.455959  0.00877584  0.00675372     0.39905
 0.00877584   0.0479275  0.00712288 -0.00798829
 0.00675372  0.00712288   0.0388601   -0.002603
    0.39905 -0.00798829   -0.002603    0.457254
IMAGINARY
          0 -0.00519668  -0.0117357 -0.00747219
 0.00519668           0 -0.00488152  0.00131908
  0.0117357  0.00488152           0 -0.00391791
 0.00747219 -0.00131908  0.00391791           0
Repeater1[0]<--->EndNode1[0]
REAL
   0.424968  -0.0247148  -0.0261695    0.400046
 -0.0247148   0.0504414 -0.00465373 0.000640193
 -0.0261695 -0.00465373   0.0630517 -0.00579583
   0.400046 0.000640193 -0.00579583    0.461538
IMAGINARY
          0   0.0138859 -0.00594961 -0.00118838
 -0.0138859           0   0.0199384  -0.0123272
 0.00594961  -0.0199384           0  0.00308539
 0.00118838   0.0123272 -0.00308539           0
Repeater1[0]<--->HoM1[0]
REAL
   0.455959  0.00675372  0.00877584     0.39905
 0.00675372   0.0388601  0.00712288   -0.002603
 0.00877584  0.00712288   0.0479275 -0.00798829
    0.39905   -0.002603 -0.00798829    0.457254
IMAGINARY
          0  -0.0117357 -0.00519668 -0.00747219
  0.0117357           0  0.00488152 -0.00391791
 0.00519668 -0.00488152           0  0.00131908
 0.00747219  0.00391791 -0.00131908           0
EndNode1[0]<--->Repeater1[0]
REAL
     0.46438     0.018319  -0.00773216     0.406964
    0.018319    0.0395778    0.0106986    0.0097242
 -0.00773216    0.0106986    0.0580475 -0.000390695
    0.406964    0.0097242 -0.000390695     0.437995
IMAGINARY
           0    0.0258249    -0.011678   0.00152255
  -0.0258249            0     0.034497 -7.85291e-05
    0.011678    -0.034497            0     0.012211
 -0.00152255  7.85291e-05    -0.012211            0
EndNode2[0]<--->HoM1[0]
REAL
   0.438462 -0.00517865   0.0214018    0.405927
-0.00517865   0.0371795   0.0219766 -0.00471287
  0.0214018   0.0219766   0.0564103   0.0138569
   0.405927 -0.00471287   0.0138569    0.467949
IMAGINARY
           0  -0.00927443 -0.000786995 -6.81789e-05
  0.00927443            0   0.00652813   0.00325613
 0.000786995  -0.00652813            0   -0.0154169
 6.81789e-05  -0.00325613    0.0154169            0
Repeater1[0]<--->EndNode1[0]
REAL
     0.46438  -0.00773216     0.018319     0.406964
 -0.00773216    0.0580475    0.0106986 -0.000390695
    0.018319    0.0106986    0.0395778    0.0097242
    0.406964 -0.000390695    0.0097242     0.437995
IMAGINARY
           0    -0.011678    0.0258249   0.00152255
    0.011678            0    -0.034497     0.012211
  -0.0258249     0.034497            0 -7.85291e-05
 -0.00152255    -0.012211  7.85291e-05            0
Repeater1[0]<--->HoM1[0]
REAL
   0.438462   0.0214018 -0.00517865    0.405927
  0.0214018   0.0564103   0.0219766   0.0138569
-0.00517865   0.0219766   0.0371795 -0.00471287
   0.405927   0.0138569 -0.00471287    0.467949
IMAGINARY
           0 -0.000786995  -0.00927443 -6.81789e-05
 0.000786995            0  -0.00652813   -0.0154169
  0.00927443   0.00652813            0   0.00325613
 6.81789e-05    0.0154169  -0.00325613            0
EndNode1[0]<--->Repeater1[0]
REAL
   0.414853 -0.00692857   0.0189565     0.40486
-0.00692857   0.0384123  0.00314005  -0.0216232
  0.0189565  0.00314005   0.0384123   0.0109286
    0.40486  -0.0216232   0.0109286    0.508323
IMAGINARY
           0  0.000805472   -0.0166394   -0.0146177
-0.000805472            0    0.0152628   0.00558286
   0.0166394   -0.0152628            0   0.00779404
   0.0146177  -0.00558286  -0.00779404            0
EndNode2[0]<--->HoM1[0]
REAL
   0.408917     0.01213 -0.00762031    0.409512
    0.01213    0.056051 0.000421433 -0.00628698
-0.00762031 0.000421433   0.0458599  -0.0286863
   0.409512 -0.00628698  -0.0286863    0.489172
IMAGINARY
           0  -0.00116159  -0.00251452   -0.0162746
  0.00116159            0    0.0144159 -0.000598808
  0.00251452   -0.0144159            0    0.0154829
   0.0162746  0.000598808   -0.0154829            0
Repeater1[0]<--->EndNode1[0]
REAL
   0.414853   0.0189565 -0.00692857     0.40486
  0.0189565   0.0384123  0.00314005   0.0109286
-0.00692857  0.00314005   0.0384123  -0.0216232
    0.40486   0.0109286  -0.0216232    0.508323
IMAGINARY
           0   -0.0166394  0.000805472   -0.0146177
   0.0166394            0   -0.0152628   0.00779404
-0.000805472    0.0152628            0   0.00558286
   0.0146177  -0.00779404  -0.00558286            0
Repeater1[0]<--->HoM1[0]
REAL
   0.408917 -0.00762031     0.01213    0.409512
-0.00762031   0.0458599 0.000421433  -0.0286863
    0.01213 0.000421433    0.056051 -0.00628698
   0.409512  -0.0286863 -0.00628698    0.489172
IMAGINARY
           0  -0.00251452  -0.00116159   -0.0162746
  0.00251452            0   -0.0144159    0.0154829
  0.00116159    0.0144159            0 -0.000598808
   0.0162746   -0.0154829  0.000598808            0
EndNode1[0]<--->Repeater1[0]
REAL
    0.46871  -0.0175178  -0.0289911    0.405963
 -0.0175178   0.0446999   0.0087032 -0.00300887
 -0.0289911   0.0087032   0.0421456  0.00151777
   0.405963 -0.00300887  0.00151777    0.444444
IMAGINARY
          0  -0.0078833  0.00916259 -0.00361231
  0.0078833           0   0.0133148  -0.0105325
-0.00916259  -0.0133148           0 -0.00307561
 0.00361231   0.0105325  0.00307561           0
EndNode2[0]<--->HoM1[0]
REAL
  0.460177 0.00652247 0.00162957   0.394101
0.00652247   0.045512  0.0155846 0.00229713
0.00162957  0.0155846  0.0467762 -0.0222293
  0.394101 0.00229713 -0.0222293   0.447535
IMAGINARY
           0   0.00512222  -0.00892477    0.0126705
 -0.00512222            0 -8.77101e-05  -0.00769928
  0.00892477  8.77101e-05            0    0.0255683
  -0.0126705   0.00769928   -0.0255683            0
Repeater1[0]<--->EndNode1[0]
REAL
    0.46871  -0.0289911  -0.0175178    0.405963
 -0.0289911   0.0421456   0.0087032  0.00151777
 -0.0175178   0.0087032   0.0446999 -0.00300887
   0.405963  0.00151777 -0.00300887    0.444444
IMAGINARY
          0  0.00916259  -0.0078833 -0.00361231
-0.00916259           0  -0.0133148 -0.00307561
  0.0078833   0.0133148           0  -0.0105325
 0.00361231  0.00307561   0.0105325           0
Repeater1[0]<--->HoM1[0]
REAL
  0.460177 0.00162957 0.00652247   0.394101
0.00162957  0.0467762  0.0155846 -0.0222293
0.00652247  0.0155846   0.045512 0.00229713
  0.394101 -0.0222293 0.00229713   0.447535
IMAGINARY
           0  -0.00892477   0.00512222    0.0126705
  0.00892477            0  8.77101e-05    0.0255683
 -0.00512222 -8.77101e-05            0  -0.00769928
  -0.0126705   -0.0255683   0.00769928            0
EndNode1[0]<--->Repeater1[0]
REAL
    0.473545  -0.00640177   0.00163322      0.39873
 -0.00640177    0.0396825 -0.000340645  -0.00225279
  0.00163322 -0.000340645    0.0529101  0.000825562
     0.39873  -0.00225279  0.000825562     0.433862
IMAGINARY
           0   0.00240855    0.0062603   -0.0106454
 -0.00240855            0   -0.0164669 -0.000284204
  -0.0062603    0.0164669            0  -0.00307257
   0.0106454  0.000284204   0.00307257            0
EndNode2[0]<--->HoM1[0]
REAL
   0.46789  0.0240584 -0.0120187   0.402576
 0.0240584  0.0471822  0.0231531  0.0199763
-0.0120187  0.0231531  0.0406291 -0.0107958
  0.402576  0.0199763 -0.0107958   0.444299
IMAGINARY
           0  0.000446287    0.0102003    0.0128205
-0.000446287            0  -0.00707339  -0.00954496
  -0.0102003   0.00707339            0   0.00414087
  -0.0128205   0.00954496  -0.00414087            0
Repeater1[0]<--->EndNode1[0]
REAL
    0.473545   0.00163322  -0.00640177      0.39873
  0.00163322    0.0529101 -0.000340645  0.000825562
 -0.00640177 -0.000340645    0.0396825  -0.00225279
     0.39873  0.000825562  -0.00225279     0.433862
IMAGINARY
           0    0.0062603   0.00240855   -0.0106454
  -0.0062603            0    0.0164669  -0.00307257
 -0.00240855   -0.0164669            0 -0.000284204
   0.0106454   0.00307257  0.000284204            0
Repeater1[0]<--->HoM1[0]
REAL
   0.46789 -0.0120187  0.0240584   0.402576
-0.0120187  0.0406291  0.0231531 -0.0107958
 0.0240584  0.0231531  0.0471822  0.0199763
  0.402576 -0.0107958  0.0199763   0.444299
IMAGINARY
           0    0.0102003  0.000446287    0.0128205
  -0.0102003            0   0.00707339   0.00414087
-0.000446287  -0.00707339            0  -0.00954496
  -0.0128205  -0.00414087   0.00954496            0
EndNode1[0]<--->Repeater1[0]
REAL
   0.45083 0.00537295 0.00352565   0.399131
0.00537295  0.0408685  0.0111097  0.0211267
0.00352565  0.0111097  0.0472542 0.00537295
  0.399131  0.0211267 0.00537295   0.461047
IMAGINARY
           0  0.000810731   -0.0133324 -0.000845331
-0.000810731            0  -0.00851797   0.00812405
   0.0133324   0.00851797            0  -0.00862323
 0.000845331  -0.00812405   0.00862323            0
EndNode2[0]<--->HoM1[0]
REAL
   0.46393  0.0278539  0.0060114   0.399699
 0.0278539  0.0485075 0.00258504 0.00667896
 0.0060114 0.00258504  0.0472637 0.00133388
  0.399699 0.00667896 0.00133388   0.440299
IMAGINARY
          0  0.00018501  -0.0243516  -0.0181676
-0.00018501           0   0.0116741  0.00490369
  0.0243516  -0.0116741           0  0.00420646
  0.0181676 -0.00490369 -0.00420646           0
Repeater1[0]<--->EndNode1[0]
REAL
   0.45083 0.00352565 0.00537295   0.399131
0.00352565  0.0472542  0.0111097 0.00537295
0.00537295  0.0111097  0.0408685  0.0211267
  0.399131 0.00537295  0.0211267   0.461047
IMAGINARY
           0   -0.0133324  0.000810731 -0.000845331
   0.0133324            0   0.00851797  -0.00862323
-0.000810731  -0.00851797            0   0.00812405
 0.000845331   0.00862323  -0.00812405            0
Repeater1[0]<--->HoM1[0]
REAL
   0.46393  0.0060114  0.0278539   0.399699
 0.0060114  0.0472637 0.00258504 0.00133388
 0.0278539 0.00258504  0.0485075 0.00667896
  0.399699 0.00133388 0.00667896   0.440299
IMAGINARY
          0  -0.0243516  0.00018501  -0.0181676
  0.0243516           0  -0.0116741  0.00420646
-0.00018501   0.0116741           0  0.00490369
  0.0181676 -0.00420646 -0.00490369           0
EndNode1[0]<--->Repeater1[0]
REAL
   0.443089 -0.00363065  -0.0191767    0.404206
-0.00363065   0.0542005  0.00878109  -0.0145895
 -0.0191767  0.00878109   0.0487805  -0.0340317
   0.404206  -0.0145895  -0.0340317     0.45393
IMAGINARY
          0  0.00874385  0.00876836  0.00603682
-0.00874385           0   0.0196203 -0.00811476
-0.00876836  -0.0196203           0  -0.0224693
-0.00603682  0.00811476   0.0224693           0
EndNode2[0]<--->HoM1[0]
REAL
  0.440781  0.0196003  0.0248819   0.409438
 0.0196003  0.0634921 0.00647354   0.036567
 0.0248819 0.00647354   0.040293  0.0379676
  0.409438   0.036567  0.0379676   0.455433
IMAGINARY
          0    -0.01973  0.00849907   0.0115348
    0.01973           0    0.017111   0.0117166
-0.00849907   -0.017111           0   0.0102961
 -0.0115348  -0.0117166  -0.0102961           0
Repeater1[0]<--->EndNode1[0]
REAL
   0.443089  -0.0191767 -0.00363065    0.404206
 -0.0191767   0.0487805  0.00878109  -0.0340317
-0.00363065  0.00878109   0.0542005  -0.0145895
   0.404206  -0.0340317  -0.0145895     0.45393
IMAGINARY
          0  0.00876836  0.00874385  0.00603682
-0.00876836           0  -0.0196203  -0.0224693
-0.00874385   0.0196203           0 -0.00811476
-0.00603682   0.0224693  0.00811476           0
Repeater1[0]<--->HoM1[0]
REAL
  0.440781  0.0248819  0.0196003   0.409438
 0.0248819   0.040293 0.00647354  0.0379676
 0.0196003 0.00647354  0.0634921   0.036567
  0.409438  0.0379676   0.036567   0.455433
IMAGINARY
          0  0.00849907    -0.01973   0.0115348
-0.00849907           0   -0.017111   0.0102961
    0.01973    0.017111           0   0.0117166
 -0.0115348  -0.0102961  -0.0117166           0
EndNode1[0]<--->Repeater1[0]
REAL
   0.452632 -0.00697773 -0.00529574    0.392262
-0.00697773   0.0473684   0.0108389  0.00141977
-0.00529574   0.0108389   0.0526316  0.00956171
   0.392262  0.00141977  0.00956171    0.447368
IMAGINARY
          0    0.012533  0.00314004  -0.0088205
  -0.012533           0 -0.00274762  -0.0261967
-0.00314004  0.00274762           0   0.0131587
  0.0088205   0.0261967  -0.0131587           0
EndNode2[0]<--->HoM1[0]
REAL
    0.453532   -0.0166257   -0.0127968     0.405713
  -0.0166257    0.0483271    0.0175547 -0.000817019
  -0.0127968    0.0175547    0.0483271  -0.00193863
    0.405713 -0.000817019  -0.00193863     0.449814
IMAGINARY
           0   0.00657206   -0.0310223 -0.000644824
 -0.00657206            0     -0.01826    0.0112854
   0.0310223      0.01826            0   0.00395426
 0.000644824   -0.0112854  -0.00395426            0
Repeater1[0]<--->EndNode1[0]
REAL
   0.452632 -0.00529574 -0.00697773    0.392262
-0.00529574   0.0526316   0.0108389  0.00956171
-0.00697773   0.0108389   0.0473684  0.00141977
   0.392262  0.00956171  0.00141977    0.447368
IMAGINARY
          0  0.00314004    0.012533  -0.0088205
-0.00314004           0  0.00274762   0.0131587
  -0.012533 -0.00274762           0  -0.0261967
  0.0088205  -0.0131587   0.0261967           0
Repeater1[0]<--->HoM1[0]
REAL
    0.453532   -0.0127968   -0.0166257     0.405713
  -0.0127968    0.0483271    0.0175547  -0.00193863
  -0.0166257    0.0175547    0.0483271 -0.000817019
    0.405713  -0.00193863 -0.000817019     0.449814
IMAGINARY
           0   -0.0310223   0.00657206 -0.000644824
   0.0310223            0      0.01826   0.00395426
 -0.00657206     -0.01826            0    0.0112854
 0.000644824  -0.00395426   -0.0112854            0
EndNode1[0]<--->Repeater1[0]
REAL
    0.45098 -0.00924868   0.0229512     0.39355
-0.00924868   0.0431373   0.0224608  -0.0124525
  0.0229512   0.0224608   0.0405229    0.014498
    0.39355  -0.0124525    0.014498    0.465359
IMAGINARY
          0 -0.00753715 -0.00495246  -0.0108103
 0.00753715           0 -0.00561548  -0.0156984
 0.00495246  0.00561548           0 -0.00310115
  0.0108103   0.0156984  0.00310115           0
EndNode2[0]<--->HoM1[0]
REAL
  0.467762 0.00380385  0.0107888   0.408006
0.00380385  0.0404551 0.00591764 0.00693274
 0.0107888 0.00591764  0.0467762 0.00632274
  0.408006 0.00693274 0.00632274   0.445006
IMAGINARY
          0  0.00304558   0.0163528  0.00622718
-0.00304558           0  0.00427151  0.00322944
 -0.0163528 -0.00427151           0  -0.0108785
-0.00622718 -0.00322944   0.0108785           0
Repeater1[0]<--->EndNode1[0]
REAL
    0.45098   0.0229512 -0.00924868     0.39355
  0.0229512   0.0405229   0.0224608    0.014498
-0.00924868   0.0224608   0.0431373  -0.0124525
    0.39355    0.014498  -0.0124525    0.465359
IMAGINARY
          0 -0.00495246 -0.00753715  -0.0108103
 0.00495246           0  0.00561548 -0.00310115
 0.00753715 -0.00561548           0  -0.0156984
  0.0108103  0.00310115   0.0156984           0
Repeater1[0]<--->HoM1[0]
REAL
  0.467762  0.0107888 0.00380385   0.408006
 0.0107888  0.0467762 0.00591764 0.00632274
0.00380385 0.00591764  0.0404551 0.00693274
  0.408006 0.00632274 0.00693274   0.445006
IMAGINARY
          0   0.0163528  0.00304558  0.00622718
 -0.0163528           0 -0.00427151  -0.0108785
-0.00304558  0.00427151           0  0.00322944
-0.00622718   0.0108785 -0.00322944           0
EndNode1[0]<--->Repeater1[0]
REAL
   0.460277  0.00413476  -0.0108739    0.386276
 0.00413476   0.0428752   0.0180492   0.0075974
 -0.0108739   0.0180492   0.0580076 -0.00347945
   0.386276   0.0075974 -0.00347945     0.43884
IMAGINARY
          0 -0.00571135   0.0140887   0.0122913
 0.00571135           0  0.00906549  -0.0017734
 -0.0140887 -0.00906549           0  -0.0102985
 -0.0122913   0.0017734   0.0102985           0
EndNode2[0]<--->HoM1[0]
REAL
   0.445225 -0.00167945  0.00882969    0.407231
-0.00167945   0.0421348 -0.00124812  -0.0216502
 0.00882969 -0.00124812   0.0393258  -0.0172461
   0.407231  -0.0216502  -0.0172461    0.473315
IMAGINARY
          0   0.0135835 -0.00813662 -0.00471691
 -0.0135835           0   -0.011046   -0.010033
 0.00813662    0.011046           0  0.00458608
 0.00471691    0.010033 -0.00458608           0
Repeater1[0]<--->EndNode1[0]
REAL
   0.460277  -0.0108739  0.00413476    0.386276
 -0.0108739   0.0580076   0.0180492 -0.00347945
 0.00413476   0.0180492   0.0428752   0.0075974
   0.386276 -0.00347945   0.0075974     0.43884
IMAGINARY
          0   0.0140887 -0.00571135   0.0122913
 -0.0140887           0 -0.00906549  -0.0102985
 0.00571135  0.00906549           0  -0.0017734
 -0.0122913   0.0102985   0.0017734           0
Repeater1[0]<--->HoM1[0]
REAL
   0.445225  0.00882969 -0.00167945    0.407231
 0.00882969   0.0393258 -0.00124812  -0.0172461
-0.00167945 -0.00124812   0.0421348  -0.0216502
   0.407231  -0.0172461  -0.0216502    0.473315
IMAGINARY
          0 -0.00813662   0.0135835 -0.00471691
 0.00813662           0    0.011046  0.00458608
 -0.0135835   -0.011046           0   -0.010033
 0.00471691 -0.00458608    0.010033           0
EndNode1[0]<--->Repeater1[0]
REAL
    0.458913 -0.000653043   0.00217056     0.388076
-0.000653043    0.0518331     0.010341  -0.00348982
  0.00217056     0.010341    0.0505689    0.0112071
    0.388076  -0.00348982    0.0112071     0.438685
IMAGINARY
          0   0.0159924 -0.00344884 -0.00855851
 -0.0159924           0  0.00269149 -0.00620367
 0.00344884 -0.00269149           0 -0.00247891
 0.00855851  0.00620367  0.00247891           0
EndNode2[0]<--->HoM1[0]
REAL
  0.461047 0.00512364 0.00114713   0.394952
0.00512364  0.0421456 0.00634717   0.015736
0.00114713 0.00634717  0.0510856  0.0169543
  0.394952   0.015736  0.0169543   0.445722
IMAGINARY
          0   0.0110183  0.00859643   0.0165343
 -0.0110183           0  0.00446311 -0.00667581
-0.00859643 -0.00446311           0   -0.019341
 -0.0165343  0.00667581    0.019341           0
Repeater1[0]<--->EndNode1[0]
REAL
    0.458913   0.00217056 -0.000653043     0.388076
  0.00217056    0.0505689     0.010341    0.0112071
-0.000653043     0.010341    0.0518331  -0.00348982
    0.388076    0.0112071  -0.00348982     0.438685
IMAGINARY
          0 -0.00344884   0.0159924 -0.00855851
 0.00344884           0 -0.00269149 -0.00247891
 -0.0159924  0.00269149           0 -0.00620367
 0.00855851  0.00247891  0.00620367           0
Repeater1[0]<--->HoM1[0]
REAL
  0.461047 0.00114713 0.00512364   0.394952
0.00114713  0.0510856 0.00634717  0.0169543
0.00512364 0.00634717  0.0421456   0.015736
  0.394952  0.0169543   0.015736   0.445722
IMAGINARY
          0  0.00859643   0.0110183   0.0165343
-0.00859643           0 -0.00446311   -0.019341
 -0.0110183  0.00446311           0 -0.00667581
 -0.0165343    0.019341  0.00667581           0
EndNode1[0]<--->Repeater1[0]
REAL
   0.452467 -0.00473221   0.0120558    0.388726
-0.00473221   0.0517449   0.0294102  -0.0120558
  0.0120558   0.0294102   0.0421179  0.00599165
   0.388726  -0.0120558  0.00599165     0.45367
IMAGINARY
          0    0.026904  -0.0199066  -0.0134629
  -0.026904           0  0.00145279 -0.00987794
  0.0199066 -0.00145279           0   0.0117525
  0.0134629  0.00987794  -0.0117525           0
EndNode2[0]<--->HoM1[0]
REAL
     0.44517   -0.0172194 -0.000106915     0.398435
  -0.0172194    0.0522193    0.0138691  -0.00381979
-0.000106915    0.0138691    0.0522193    0.0172194
    0.398435  -0.00381979    0.0172194     0.450392
IMAGINARY
          0  0.00379217   0.0020078 -0.00755998
