EndNode1[0]<--->Repeater1[0]
REAL
   0.415906  -0.0140336 -0.00361362    0.362912
 -0.0140336   0.0808344    0.040544  0.00301768
-0.00361362    0.040544   0.0808344  0.00032676
   0.362912  0.00301768  0.00032676    0.422425
IMAGINARY
          0 -0.00147668   -0.012614  0.00591715
 0.00147668           0  0.00783285   0.0047193
   0.012614 -0.00783285           0   0.0106872
-0.00591715  -0.0047193  -0.0106872           0
EndNode2[0]<--->HoM1[0]
REAL
   0.411995  -0.0151144   0.0135803    0.372372
 -0.0151144   0.0808344   0.0195873 -0.00855515
  0.0135803   0.0195873   0.0938722  -0.0125238
   0.372372 -0.00855515  -0.0125238    0.413299
IMAGINARY
          0   0.0204098 -0.00135044  -0.0213316
 -0.0204098           0 -0.00451962  -0.0039546
 0.00135044  0.00451962           0 -0.00847342
  0.0213316   0.0039546  0.00847342           0
Repeater1[0]<--->EndNode1[0]
REAL
   0.415906 -0.00361362  -0.0140336    0.362912
-0.00361362   0.0808344    0.040544  0.00032676
 -0.0140336    0.040544   0.0808344  0.00301768
   0.362912  0.00032676  0.00301768    0.422425
IMAGINARY
          0   -0.012614 -0.00147668  0.00591715
   0.012614           0 -0.00783285   0.0106872
 0.00147668  0.00783285           0   0.0047193
-0.00591715  -0.0106872  -0.0047193           0
Repeater1[0]<--->HoM1[0]
REAL
   0.411995   0.0135803  -0.0151144    0.372372
  0.0135803   0.0938722   0.0195873  -0.0125238
 -0.0151144   0.0195873   0.0808344 -0.00855515
   0.372372  -0.0125238 -0.00855515    0.413299
IMAGINARY
          0 -0.00135044   0.0204098  -0.0213316
 0.00135044           0  0.00451962 -0.00847342
 -0.0204098 -0.00451962           0  -0.0039546
  0.0213316  0.00847342   0.0039546           0
EndNode1[0]<--->Repeater1[0]
REAL
   0.394366 -0.00272953  0.00594584    0.346175
-0.00272953   0.0921895   0.0570506 -0.00346445
 0.00594584   0.0570506   0.0883483   0.0126551
   0.346175 -0.00346445   0.0126551    0.425096
IMAGINARY
          0  -0.0157106    0.011252  0.00309892
  0.0157106           0  -0.0155677   0.0272095
  -0.011252   0.0155677           0 -0.00285708
-0.00309892  -0.0272095  0.00285708           0
EndNode2[0]<--->HoM1[0]
REAL
   0.396705  -0.0123959  0.00548045    0.365056
 -0.0123959    0.105196   0.0323467    0.010104
 0.00548045   0.0323467   0.0849176 0.000707568
   0.365056    0.010104 0.000707568    0.413181
IMAGINARY
          0 -0.00845941   -0.008064 -0.00787035
 0.00845941           0 -0.00598356   0.0398992
   0.008064  0.00598356           0  -0.0158852
 0.00787035  -0.0398992   0.0158852           0
Repeater1[0]<--->EndNode1[0]
REAL
   0.394366  0.00594584 -0.00272953    0.346175
 0.00594584   0.0883483   0.0570506   0.0126551
-0.00272953   0.0570506   0.0921895 -0.00346445
   0.346175   0.0126551 -0.00346445    0.425096
IMAGINARY
          0    0.011252  -0.0157106  0.00309892
  -0.011252           0   0.0155677 -0.00285708
  0.0157106  -0.0155677           0   0.0272095
-0.00309892  0.00285708  -0.0272095           0
Repeater1[0]<--->HoM1[0]
REAL
   0.396705  0.00548045  -0.0123959    0.365056
 0.00548045   0.0849176   0.0323467 0.000707568
 -0.0123959   0.0323467    0.105196    0.010104
   0.365056 0.000707568    0.010104    0.413181
IMAGINARY
          0   -0.008064 -0.00845941 -0.00787035
   0.008064           0  0.00598356  -0.0158852
 0.00845941 -0.00598356           0   0.0398992
 0.00787035   0.0158852  -0.0398992           0
EndNode1[0]<--->Repeater1[0]
REAL
   0.403487  0.00628387  -0.0237187    0.357707
 0.00628387   0.0784558   0.0412954 2.79644e-05
 -0.0237187   0.0412954   0.0971357  -0.0112714
   0.357707 2.79644e-05  -0.0112714    0.420922
IMAGINARY
           0  -0.00275087 -0.000239491 -0.000637747
  0.00275087            0  -0.00190678    0.0329238
 0.000239491   0.00190678            0   -0.0160252
 0.000637747   -0.0329238    0.0160252            0
EndNode2[0]<--->HoM1[0]
REAL
    0.394459 -0.000947285  -0.00285897     0.354274
-0.000947285    0.0897098    0.0251681 -0.000948139
 -0.00285897    0.0251681     0.091029  -0.00159079
    0.354274 -0.000948139  -0.00159079     0.424802
IMAGINARY
          0   -0.011248   0.0110998 -0.00313032
   0.011248           0   0.0149905   0.0135998
 -0.0110998  -0.0149905           0 -0.00811119
 0.00313032  -0.0135998  0.00811119           0
Repeater1[0]<--->EndNode1[0]
REAL
   0.403487  -0.0237187  0.00628387    0.357707
 -0.0237187   0.0971357   0.0412954  -0.0112714
 0.00628387   0.0412954   0.0784558 2.79644e-05
   0.357707  -0.0112714 2.79644e-05    0.420922
IMAGINARY
           0 -0.000239491  -0.00275087 -0.000637747
 0.000239491            0   0.00190678   -0.0160252
  0.00275087  -0.00190678            0    0.0329238
 0.000637747    0.0160252   -0.0329238            0
Repeater1[0]<--->HoM1[0]
REAL
    0.394459  -0.00285897 -0.000947285     0.354274
 -0.00285897     0.091029    0.0251681  -0.00159079
-0.000947285    0.0251681    0.0897098 -0.000948139
    0.354274  -0.00159079 -0.000948139     0.424802
IMAGINARY
          0   0.0110998   -0.011248 -0.00313032
 -0.0110998           0  -0.0149905 -0.00811119
   0.011248   0.0149905           0   0.0135998
 0.00313032  0.00811119  -0.0135998           0
EndNode1[0]<--->Repeater1[0]
REAL
  0.431551  0.0100159  0.0120597    0.36792
 0.0100159  0.0912647  0.0255426 0.00731074
 0.0120597  0.0255426  0.0821382 0.00693327
   0.36792 0.00731074 0.00693327   0.395046
IMAGINARY
          0  -0.0116749  0.00583867   0.0200508
  0.0116749           0 -0.00420796   0.0096652
-0.00583867  0.00420796           0  0.00650693
 -0.0200508  -0.0096652 -0.00650693           0
EndNode2[0]<--->HoM1[0]
REAL
   0.428205   0.0107874   0.0108151    0.343956
  0.0107874    0.075641    0.046727  -0.0114362
  0.0108151    0.046727   0.0666667 -0.00147065
   0.343956  -0.0114362 -0.00147065    0.429487
IMAGINARY
          0   0.0049715 -0.00160025  -0.0183995
 -0.0049715           0  0.00481254  0.00663803
 0.00160025 -0.00481254           0  -0.0213443
  0.0183995 -0.00663803   0.0213443           0
Repeater1[0]<--->EndNode1[0]
REAL
  0.431551  0.0120597  0.0100159    0.36792
 0.0120597  0.0821382  0.0255426 0.00693327
 0.0100159  0.0255426  0.0912647 0.00731074
   0.36792 0.00693327 0.00731074   0.395046
IMAGINARY
          0  0.00583867  -0.0116749   0.0200508
-0.00583867           0  0.00420796  0.00650693
  0.0116749 -0.00420796           0   0.0096652
 -0.0200508 -0.00650693  -0.0096652           0
Repeater1[0]<--->HoM1[0]
REAL
   0.428205   0.0108151   0.0107874    0.343956
  0.0108151   0.0666667    0.046727 -0.00147065
  0.0107874    0.046727    0.075641  -0.0114362
   0.343956 -0.00147065  -0.0114362    0.429487
IMAGINARY
          0 -0.00160025   0.0049715  -0.0183995
 0.00160025           0 -0.00481254  -0.0213443
 -0.0049715  0.00481254           0  0.00663803
  0.0183995   0.0213443 -0.00663803           0
EndNode1[0]<--->Repeater1[0]
REAL
    0.415243   -0.0115332 -0.000387809     0.365527
  -0.0115332    0.0630749    0.0326095    0.0134313
-0.000387809    0.0326095    0.0985545    0.0121543
    0.365527    0.0134313    0.0121543     0.423127
IMAGINARY
           0   -0.0152482   -0.0119854   -0.0133003
   0.0152482            0  -0.00420941 -0.000483399
   0.0119854   0.00420941            0    0.0202357
   0.0133003  0.000483399   -0.0202357            0
EndNode2[0]<--->HoM1[0]
REAL
  0.381748 -0.0151261  1.638e-05   0.351149
-0.0151261  0.0899743  0.0222187  0.0169549
 1.638e-05  0.0222187  0.0912596 0.00207131
  0.351149  0.0169549 0.00207131   0.437018
IMAGINARY
           0  -0.00739456  0.000253206  -0.00368815
  0.00739456            0 -0.000376891   0.00414931
-0.000253206  0.000376891            0   -0.0196495
  0.00368815  -0.00414931    0.0196495            0
Repeater1[0]<--->EndNode1[0]
REAL
    0.415243 -0.000387809   -0.0115332     0.365527
-0.000387809    0.0985545    0.0326095    0.0121543
  -0.0115332    0.0326095    0.0630749    0.0134313
    0.365527    0.0121543    0.0134313     0.423127
IMAGINARY
           0   -0.0119854   -0.0152482   -0.0133003
   0.0119854            0   0.00420941    0.0202357
   0.0152482  -0.00420941            0 -0.000483399
   0.0133003   -0.0202357  0.000483399            0
Repeater1[0]<--->HoM1[0]
REAL
  0.381748  1.638e-05 -0.0151261   0.351149
 1.638e-05  0.0912596  0.0222187 0.00207131
-0.0151261  0.0222187  0.0899743  0.0169549
  0.351149 0.00207131  0.0169549   0.437018
IMAGINARY
           0  0.000253206  -0.00739456  -0.00368815
-0.000253206            0  0.000376891   -0.0196495
  0.00739456 -0.000376891            0   0.00414931
  0.00368815    0.0196495  -0.00414931            0
EndNode1[0]<--->Repeater1[0]
REAL
   0.398964  0.00416123  0.00673859    0.356814
 0.00416123   0.0958549   0.0329297 -0.00545654
 0.00673859   0.0329297   0.0790155  0.00481312
   0.356814 -0.00545654  0.00481312    0.426166
IMAGINARY
          0  -0.0124466   0.0213971   0.0108204
  0.0124466           0 -0.00569217   0.0105691
 -0.0213971  0.00569217           0  -0.0171071
 -0.0108204  -0.0105691   0.0171071           0
EndNode2[0]<--->HoM1[0]
REAL
   0.449438 -0.00694051 0.000957637     0.35581
-0.00694051   0.0799001   0.0405065 -0.00163977
0.000957637   0.0405065   0.0574282   0.0199009
    0.35581 -0.00163977   0.0199009    0.413233
IMAGINARY
          0   0.0310223  -0.0197747   0.0131156
 -0.0310223           0  -0.0149743 -0.00397196
  0.0197747   0.0149743           0  -0.0204682
 -0.0131156  0.00397196   0.0204682           0
Repeater1[0]<--->EndNode1[0]
REAL
   0.398964  0.00673859  0.00416123    0.356814
 0.00673859   0.0790155   0.0329297  0.00481312
 0.00416123   0.0329297   0.0958549 -0.00545654
   0.356814  0.00481312 -0.00545654    0.426166
IMAGINARY
          0   0.0213971  -0.0124466   0.0108204
 -0.0213971           0  0.00569217  -0.0171071
  0.0124466 -0.00569217           0   0.0105691
 -0.0108204   0.0171071  -0.0105691           0
Repeater1[0]<--->HoM1[0]
REAL
   0.449438 0.000957637 -0.00694051     0.35581
0.000957637   0.0574282   0.0405065   0.0199009
-0.00694051   0.0405065   0.0799001 -0.00163977
    0.35581   0.0199009 -0.00163977    0.413233
IMAGINARY
          0  -0.0197747   0.0310223   0.0131156
  0.0197747           0   0.0149743  -0.0204682
 -0.0310223  -0.0149743           0 -0.00397196
 -0.0131156   0.0204682  0.00397196           0
EndNode1[0]<--->Repeater1[0]
REAL
    0.420708  -0.00226982   -0.0108228     0.344933
 -0.00226982      0.08519    0.0471342   0.00887223
  -0.0108228    0.0471342     0.078637 -0.000981158
    0.344933   0.00887223 -0.000981158     0.415465
IMAGINARY
           0   -0.0117264   0.00559593    0.0104724
   0.0117264            0   -0.0123881 -0.000781623
 -0.00559593    0.0123881            0   0.00278551
  -0.0104724  0.000781623  -0.00278551            0
EndNode2[0]<--->HoM1[0]
REAL
  0.414695 -0.0025286   0.015244   0.357913
-0.0025286  0.0859278  0.0281798  0.0198553
  0.015244  0.0281798  0.0684932  0.0429259
  0.357913  0.0198553  0.0429259   0.430884
IMAGINARY
          0   0.0359298  0.00441675  0.00418773
 -0.0359298           0  0.00483289 -0.00759337
-0.00441675 -0.00483289           0   0.0180727
-0.00418773  0.00759337  -0.0180727           0
Repeater1[0]<--->EndNode1[0]
REAL
    0.420708   -0.0108228  -0.00226982     0.344933
  -0.0108228     0.078637    0.0471342 -0.000981158
 -0.00226982    0.0471342      0.08519   0.00887223
    0.344933 -0.000981158   0.00887223     0.415465
IMAGINARY
           0   0.00559593   -0.0117264    0.0104724
 -0.00559593            0    0.0123881   0.00278551
   0.0117264   -0.0123881            0 -0.000781623
  -0.0104724  -0.00278551  0.000781623            0
Repeater1[0]<--->HoM1[0]
REAL
  0.414695   0.015244 -0.0025286   0.357913
  0.015244  0.0684932  0.0281798  0.0429259
-0.0025286  0.0281798  0.0859278  0.0198553
  0.357913  0.0429259  0.0198553   0.430884
IMAGINARY
          0  0.00441675   0.0359298  0.00418773
-0.00441675           0 -0.00483289   0.0180727
 -0.0359298  0.00483289           0 -0.00759337
-0.00418773  -0.0180727  0.00759337           0
EndNode1[0]<--->Repeater1[0]
REAL
   0.412234 -0.00628139 -0.00215746    0.356665
-0.00628139   0.0837766   0.0332083   0.0211448
-0.00215746   0.0332083   0.0957447   0.0240029
   0.356665   0.0211448   0.0240029    0.408245
IMAGINARY
          0  0.00150139  0.00185185  0.00467591
-0.00150139           0  -0.0188843  0.00679012
-0.00185185   0.0188843           0  0.00343688
-0.00467591 -0.00679012 -0.00343688           0
EndNode2[0]<--->HoM1[0]
REAL
  0.390645  0.0119076 0.00078276   0.354039
 0.0119076  0.0859671  0.0510896  0.0146019
0.00078276  0.0510896  0.0884956   0.003477
  0.354039  0.0146019   0.003477   0.434893
IMAGINARY
          0 -0.00104298  -0.0227857   0.0148241
 0.00104298           0 -0.00697073  0.00669989
  0.0227857  0.00697073           0 -0.00297847
 -0.0148241 -0.00669989  0.00297847           0
Repeater1[0]<--->EndNode1[0]
REAL
   0.412234 -0.00215746 -0.00628139    0.356665
-0.00215746   0.0957447   0.0332083   0.0240029
-0.00628139   0.0332083   0.0837766   0.0211448
   0.356665   0.0240029   0.0211448    0.408245
IMAGINARY
          0  0.00185185  0.00150139  0.00467591
-0.00185185           0   0.0188843  0.00343688
-0.00150139  -0.0188843           0  0.00679012
-0.00467591 -0.00343688 -0.00679012           0
Repeater1[0]<--->HoM1[0]
REAL
  0.390645 0.00078276  0.0119076   0.354039
0.00078276  0.0884956  0.0510896   0.003477
 0.0119076  0.0510896  0.0859671  0.0146019
  0.354039   0.003477  0.0146019   0.434893
IMAGINARY
          0  -0.0227857 -0.00104298   0.0148241
  0.0227857           0  0.00697073 -0.00297847
 0.00104298 -0.00697073           0  0.00669989
 -0.0148241  0.00297847 -0.00669989           0
EndNode1[0]<--->Repeater1[0]
REAL
   0.429504   0.0136351 -0.00367517    0.349313
  0.0136351   0.0822454   0.0369668    0.014182
-0.00367517   0.0369668   0.0822454  0.00923261
   0.349313    0.014182  0.00923261    0.406005
IMAGINARY
          0 -0.00855854  -0.0177463  -0.0114086
 0.00855854           0  0.00869861  0.00416605
  0.0177463 -0.00869861           0   0.0246079
  0.0114086 -0.00416605  -0.0246079           0
EndNode2[0]<--->HoM1[0]
REAL
   0.405904  -0.0135477  0.00232155    0.350839
 -0.0135477    0.099631   0.0508393 -0.00831675
 0.00232155   0.0508393   0.0725707   0.0123487
   0.350839 -0.00831675   0.0123487    0.421894
IMAGINARY
          0  0.00424837  -0.0137925  0.00799598
-0.00424837           0 -0.00390878   0.0118317
  0.0137925  0.00390878           0  0.00424837
-0.00799598  -0.0118317 -0.00424837           0
Repeater1[0]<--->EndNode1[0]
REAL
   0.429504 -0.00367517   0.0136351    0.349313
-0.00367517   0.0822454   0.0369668  0.00923261
  0.0136351   0.0369668   0.0822454    0.014182
   0.349313  0.00923261    0.014182    0.406005
IMAGINARY
          0  -0.0177463 -0.00855854  -0.0114086
  0.0177463           0 -0.00869861   0.0246079
 0.00855854  0.00869861           0  0.00416605
  0.0114086  -0.0246079 -0.00416605           0
Repeater1[0]<--->HoM1[0]
REAL
   0.405904  0.00232155  -0.0135477    0.350839
 0.00232155   0.0725707   0.0508393   0.0123487
 -0.0135477   0.0508393    0.099631 -0.00831675
   0.350839   0.0123487 -0.00831675    0.421894
IMAGINARY
          0  -0.0137925  0.00424837  0.00799598
  0.0137925           0  0.00390878  0.00424837
-0.00424837 -0.00390878           0   0.0118317
-0.00799598 -0.00424837  -0.0118317           0
EndNode1[0]<--->Repeater1[0]
REAL
  0.380818  0.0191635 0.00310465   0.366677
 0.0191635  0.0944993  0.0392206  0.0188527
0.00310465  0.0392206  0.0916784 0.00404859
  0.366677  0.0188527 0.00404859   0.433004
IMAGINARY
          0  0.00627354  0.00276979  0.00170965
-0.00627354           0   0.0041727  0.00604633
-0.00276979  -0.0041727           0  -0.0138302
-0.00170965 -0.00604633   0.0138302           0
EndNode2[0]<--->HoM1[0]
REAL
   0.410091   0.0183597  0.00358318    0.347645
  0.0183597   0.0983182   0.0393226 -0.00225339
 0.00358318   0.0393226    0.072445 0.000257325
   0.347645 -0.00225339 0.000257325    0.419146
IMAGINARY
          0 -0.00783726  -0.0020105  -0.0125806
 0.00783726           0  -0.0125806  -0.0124914
  0.0020105   0.0125806           0    0.017295
  0.0125806   0.0124914   -0.017295           0
Repeater1[0]<--->EndNode1[0]
REAL
  0.380818 0.00310465  0.0191635   0.366677
0.00310465  0.0916784  0.0392206 0.00404859
 0.0191635  0.0392206  0.0944993  0.0188527
  0.366677 0.00404859  0.0188527   0.433004
IMAGINARY
          0  0.00276979  0.00627354  0.00170965
-0.00276979           0  -0.0041727  -0.0138302
-0.00627354   0.0041727           0  0.00604633
-0.00170965   0.0138302 -0.00604633           0
Repeater1[0]<--->HoM1[0]
REAL
   0.410091  0.00358318   0.0183597    0.347645
 0.00358318    0.072445   0.0393226 0.000257325
  0.0183597   0.0393226   0.0983182 -0.00225339
   0.347645 0.000257325 -0.00225339    0.419146
IMAGINARY
          0  -0.0020105 -0.00783726  -0.0125806
  0.0020105           0   0.0125806    0.017295
 0.00783726  -0.0125806           0  -0.0124914
  0.0125806   -0.017295   0.0124914           0
EndNode1[0]<--->Repeater1[0]
REAL
  0.440318  0.0084393 0.00908284   0.360479
 0.0084393  0.0888594  0.0490816 -0.0116668
0.00908284  0.0490816  0.0901857 -0.0161912
  0.360479 -0.0116668 -0.0161912   0.380637
IMAGINARY
          0  0.00937855  0.00111689  0.00732378
-0.00937855           0 -0.00549674 -0.00993643
-0.00111689  0.00549674           0  0.00351154
-0.00732378  0.00993643 -0.00351154           0
EndNode2[0]<--->HoM1[0]
REAL
        0.4  0.00671281  0.00404561    0.349942
 0.00671281   0.0774194   0.0190419  -0.0080563
 0.00404561   0.0190419   0.0787097 -0.00804971
   0.349942  -0.0080563 -0.00804971    0.443871
IMAGINARY
          0 -0.00741636  0.00378345  -0.0158246
 0.00741636           0  -0.0190012 -0.00621655
-0.00378345   0.0190012           0  0.00133364
  0.0158246  0.00621655 -0.00133364           0
Repeater1[0]<--->EndNode1[0]
REAL
  0.440318 0.00908284  0.0084393   0.360479
0.00908284  0.0901857  0.0490816 -0.0161912
 0.0084393  0.0490816  0.0888594 -0.0116668
  0.360479 -0.0161912 -0.0116668   0.380637
IMAGINARY
          0  0.00111689  0.00937855  0.00732378
-0.00111689           0  0.00549674  0.00351154
-0.00937855 -0.00549674           0 -0.00993643
-0.00732378 -0.00351154  0.00993643           0
Repeater1[0]<--->HoM1[0]
REAL
        0.4  0.00404561  0.00671281    0.349942
 0.00404561   0.0787097   0.0190419 -0.00804971
 0.00671281   0.0190419   0.0774194  -0.0080563
   0.349942 -0.00804971  -0.0080563    0.443871
IMAGINARY
          0  0.00378345 -0.00741636  -0.0158246
-0.00378345           0   0.0190012  0.00133364
 0.00741636  -0.0190012           0 -0.00621655
  0.0158246 -0.00133364  0.00621655           0
EndNode1[0]<--->Repeater1[0]
REAL
     0.4025   0.0167974  0.00835051     0.35565
  0.0167974       0.085   0.0518281  0.00369005
 0.00835051   0.0518281      0.0975 -0.00602422
    0.35565  0.00369005 -0.00602422       0.415
IMAGINARY
          0 -0.00830124   0.0140041   0.0205822
 0.00830124           0  0.00647965   0.0133845
 -0.0140041 -0.00647965           0  -0.0165395
 -0.0205822  -0.0133845   0.0165395           0
EndNode2[0]<--->HoM1[0]
REAL
   0.416562  -0.0154944 -0.00590603    0.355412
 -0.0154944   0.0790464   0.0334767  -0.0104338
-0.00590603   0.0334767   0.0777917 -0.00215263
   0.355412  -0.0104338 -0.00215263      0.4266
IMAGINARY
          0  0.00643903  -0.0200202 -0.00448192
-0.00643903           0  -0.0103952 -0.00127016
  0.0200202   0.0103952           0     0.00969
 0.00448192  0.00127016    -0.00969           0
Repeater1[0]<--->EndNode1[0]
REAL
     0.4025  0.00835051   0.0167974     0.35565
 0.00835051      0.0975   0.0518281 -0.00602422
  0.0167974   0.0518281       0.085  0.00369005
    0.35565 -0.00602422  0.00369005       0.415
IMAGINARY
          0   0.0140041 -0.00830124   0.0205822
 -0.0140041           0 -0.00647965  -0.0165395
 0.00830124  0.00647965           0   0.0133845
 -0.0205822   0.0165395  -0.0133845           0
Repeater1[0]<--->HoM1[0]
REAL
   0.416562 -0.00590603  -0.0154944    0.355412
-0.00590603   0.0777917   0.0334767 -0.00215263
 -0.0154944   0.0334767   0.0790464  -0.0104338
   0.355412 -0.00215263  -0.0104338      0.4266
IMAGINARY
          0  -0.0200202  0.00643903 -0.00448192
  0.0200202           0   0.0103952     0.00969
-0.00643903  -0.0103952           0 -0.00127016
 0.00448192    -0.00969  0.00127016           0
EndNode1[0]<--->Repeater1[0]
REAL
  0.393782 -0.0048541 -0.0170129   0.345349
-0.0048541  0.0880829  0.0442878 -0.0119238
-0.0170129  0.0442878  0.0854922 -0.0429252
  0.345349 -0.0119238 -0.0429252   0.432642
IMAGINARY
          0   0.0104666  -0.0167396   0.0117705
 -0.0104666           0   0.0124026 -0.00845934
  0.0167396  -0.0124026           0   0.0173848
 -0.0117705  0.00845934  -0.0173848           0
EndNode2[0]<--->HoM1[0]
REAL
   0.422627  -0.0100449 -0.00689816    0.372728
 -0.0100449    0.104031   0.0402606  0.00500661
-0.00689816   0.0402606   0.0741222  -0.0107622
   0.372728  0.00500661  -0.0107622     0.39922
IMAGINARY
          0  -0.0180918  0.00457369  -0.0280146
  0.0180918           0  -0.0274011 -0.00846979
-0.00457369   0.0274011           0  0.00250742
  0.0280146  0.00846979 -0.00250742           0
Repeater1[0]<--->EndNode1[0]
REAL
  0.393782 -0.0170129 -0.0048541   0.345349
-0.0170129  0.0854922  0.0442878 -0.0429252
-0.0048541  0.0442878  0.0880829 -0.0119238
  0.345349 -0.0429252 -0.0119238   0.432642
IMAGINARY
          0  -0.0167396   0.0104666   0.0117705
  0.0167396           0  -0.0124026   0.0173848
 -0.0104666   0.0124026           0 -0.00845934
 -0.0117705  -0.0173848  0.00845934           0
Repeater1[0]<--->HoM1[0]
REAL
   0.422627 -0.00689816  -0.0100449    0.372728
-0.00689816   0.0741222   0.0402606  -0.0107622
 -0.0100449   0.0402606    0.104031  0.00500661
   0.372728  -0.0107622  0.00500661     0.39922
IMAGINARY
          0  0.00457369  -0.0180918  -0.0280146
-0.00457369           0   0.0274011  0.00250742
  0.0180918  -0.0274011           0 -0.00846979
  0.0280146 -0.00250742  0.00846979           0
EndNode1[0]<--->Repeater1[0]
REAL
    0.395808    0.0163654   0.00528623     0.354516
   0.0163654    0.0887793    0.0327209   0.00400745
  0.00528623    0.0327209    0.0887793 -0.000875956
    0.354516   0.00400745 -0.000875956     0.426634
IMAGINARY
          0  0.00125262  -0.0141162  0.00831974
-0.00125262           0   0.0117304  0.00385981
  0.0141162  -0.0117304           0   -0.010227
-0.00831974 -0.00385981    0.010227           0
EndNode2[0]<--->HoM1[0]
REAL
   0.412334   0.0149626 -0.00417111    0.350911
  0.0149626   0.0846433   0.0350861    0.007269
-0.00417111   0.0350861   0.0773881 0.000526886
   0.350911    0.007269 0.000526886    0.425635
IMAGINARY
          0 -0.00352958  0.00544624  -0.0284944
 0.00352958           0  -0.0123219  -0.0115854
-0.00544624   0.0123219           0   0.0246756
  0.0284944   0.0115854  -0.0246756           0
Repeater1[0]<--->EndNode1[0]
REAL
    0.395808   0.00528623    0.0163654     0.354516
  0.00528623    0.0887793    0.0327209 -0.000875956
   0.0163654    0.0327209    0.0887793   0.00400745
    0.354516 -0.000875956   0.00400745     0.426634
IMAGINARY
          0  -0.0141162  0.00125262  0.00831974
  0.0141162           0  -0.0117304   -0.010227
-0.00125262   0.0117304           0  0.00385981
-0.00831974    0.010227 -0.00385981           0
Repeater1[0]<--->HoM1[0]
REAL
   0.412334 -0.00417111   0.0149626    0.350911
-0.00417111   0.0773881   0.0350861 0.000526886
  0.0149626   0.0350861   0.0846433    0.007269
   0.350911 0.000526886    0.007269    0.425635
IMAGINARY
          0  0.00544624 -0.00352958  -0.0284944
-0.00544624           0   0.0123219   0.0246756
 0.00352958  -0.0123219           0  -0.0115854
  0.0284944  -0.0246756   0.0115854           0
EndNode1[0]<--->Repeater1[0]
REAL
   0.419753  0.00318273   0.0163958    0.343229
 0.00318273    0.102469   0.0242742  -0.0184879
  0.0163958   0.0242742         0.1 -0.00666948
   0.343229  -0.0184879 -0.00666948    0.377778
IMAGINARY
          0  -0.0107739   0.0185366   -0.007231
  0.0107739           0  0.00396303   0.0112325
 -0.0185366 -0.00396303           0  -0.0177802
   0.007231  -0.0112325   0.0177802           0
EndNode2[0]<--->HoM1[0]
REAL
  0.422222  0.0237942 0.00831301   0.349494
 0.0237942  0.0718954  0.0407649 0.00956615
0.00831301  0.0407649  0.0993464  0.0175128
  0.349494 0.00956615  0.0175128   0.406536
IMAGINARY
          0    0.017406  -0.0107395  0.00832432
  -0.017406           0  -0.0228874 -0.00145565
  0.0107395   0.0228874           0   0.0114772
-0.00832432  0.00145565  -0.0114772           0
Repeater1[0]<--->EndNode1[0]
REAL
   0.419753   0.0163958  0.00318273    0.343229
  0.0163958         0.1   0.0242742 -0.00666948
 0.00318273   0.0242742    0.102469  -0.0184879
   0.343229 -0.00666948  -0.0184879    0.377778
IMAGINARY
          0   0.0185366  -0.0107739   -0.007231
 -0.0185366           0 -0.00396303  -0.0177802
  0.0107739  0.00396303           0   0.0112325
   0.007231   0.0177802  -0.0112325           0
Repeater1[0]<--->HoM1[0]
REAL
  0.422222 0.00831301  0.0237942   0.349494
0.00831301  0.0993464  0.0407649  0.0175128
 0.0237942  0.0407649  0.0718954 0.00956615
  0.349494  0.0175128 0.00956615   0.406536
IMAGINARY
          0  -0.0107395    0.017406  0.00832432
  0.0107395           0   0.0228874   0.0114772
  -0.017406  -0.0228874           0 -0.00145565
-0.00832432  -0.0114772  0.00145565           0
EndNode1[0]<--->Repeater1[0]
REAL
   0.378601 -0.00683495 -0.00445126    0.350532
-0.00683495    0.090535   0.0437984 -0.00714668
-0.00445126   0.0437984   0.0781893  0.00296897
   0.350532 -0.00714668  0.00296897    0.452675
IMAGINARY
          0  0.00850099  0.00353176   0.0264516
-0.00850099           0   0.0232258  -0.0172475
-0.00353176  -0.0232258           0   0.0189304
 -0.0264516   0.0172475  -0.0189304           0
EndNode2[0]<--->HoM1[0]
REAL
   0.399488  -0.0117976  -0.0142191    0.356783
 -0.0117976   0.0832266   0.0335568  0.00246979
 -0.0142191   0.0335568   0.0947503 -0.00256274
   0.356783  0.00246979 -0.00256274    0.422535
IMAGINARY
          0 -0.00742769  0.00926298  0.00120474
 0.00742769           0  0.00181824 -0.00861782
-0.00926298 -0.00181824           0  0.00549221
-0.00120474  0.00861782 -0.00549221           0
Repeater1[0]<--->EndNode1[0]
REAL
   0.378601 -0.00445126 -0.00683495    0.350532
-0.00445126   0.0781893   0.0437984  0.00296897
-0.00683495   0.0437984    0.090535 -0.00714668
   0.350532  0.00296897 -0.00714668    0.452675
IMAGINARY
          0  0.00353176  0.00850099   0.0264516
-0.00353176           0  -0.0232258   0.0189304
-0.00850099   0.0232258           0  -0.0172475
 -0.0264516  -0.0189304   0.0172475           0
Repeater1[0]<--->HoM1[0]
REAL
   0.399488  -0.0142191  -0.0117976    0.356783
 -0.0142191   0.0947503   0.0335568 -0.00256274
 -0.0117976   0.0335568   0.0832266  0.00246979
   0.356783 -0.00256274  0.00246979    0.422535
IMAGINARY
          0  0.00926298 -0.00742769  0.00120474
-0.00926298           0 -0.00181824  0.00549221
 0.00742769  0.00181824           0 -0.00861782
-0.00120474 -0.00549221  0.00861782           0
EndNode1[0]<--->Repeater1[0]
REAL
   0.405852  -0.0108168 -0.00731673    0.354755
 -0.0108168   0.0826972   0.0281967 -0.00922271
-0.00731673   0.0281967   0.0992366  0.00445546
   0.354755 -0.00922271  0.00445546    0.412214
IMAGINARY
          0  -0.0150093   0.0130358  0.00360732
  0.0150093           0   0.0249641  0.00864437
 -0.0130358  -0.0249641           0  -0.0283511
-0.00360732 -0.00864437   0.0283511           0
EndNode2[0]<--->HoM1[0]
REAL
   0.432778 -0.00283152  -0.0132165    0.359946
-0.00283152   0.0857875   0.0438251 -0.00303838
 -0.0132165   0.0438251   0.0755442  -0.0160241
   0.359946 -0.00303838  -0.0160241     0.40589
IMAGINARY
          0  -0.0163634  0.00610856   0.0135352
  0.0163634           0  0.00825812  0.00144811
-0.00610856 -0.00825812           0  -0.0138634
 -0.0135352 -0.00144811   0.0138634           0
Repeater1[0]<--->EndNode1[0]
REAL
   0.405852 -0.00731673  -0.0108168    0.354755
-0.00731673   0.0992366   0.0281967  0.00445546
 -0.0108168   0.0281967   0.0826972 -0.00922271
   0.354755  0.00445546 -0.00922271    0.412214
IMAGINARY
          0   0.0130358  -0.0150093  0.00360732
 -0.0130358           0  -0.0249641  -0.0283511
  0.0150093   0.0249641           0  0.00864437
-0.00360732   0.0283511 -0.00864437           0
Repeater1[0]<--->HoM1[0]
REAL
   0.432778  -0.0132165 -0.00283152    0.359946
 -0.0132165   0.0755442   0.0438251  -0.0160241
-0.00283152   0.0438251   0.0857875 -0.00303838
   0.359946  -0.0160241 -0.00303838     0.40589
IMAGINARY
          0  0.00610856  -0.0163634   0.0135352
-0.00610856           0 -0.00825812  -0.0138634
  0.0163634  0.00825812           0  0.00144811
 -0.0135352   0.0138634 -0.00144811           0
EndNode1[0]<--->Repeater1[0]
REAL
   0.40367 -0.0305757 -0.0152575   0.341815
-0.0305757   0.095675  0.0430415 -0.0204121
-0.0152575  0.0430415  0.0707733 -0.0101001
  0.341815 -0.0204121 -0.0101001   0.429882
IMAGINARY
          0 -0.00321297   0.0146191   0.0150042
 0.00321297           0 -0.00166243  -0.0115517
 -0.0146191  0.00166243           0  0.00996144
 -0.0150042   0.0115517 -0.00996144           0
EndNode2[0]<--->HoM1[0]
REAL
  0.429698 -0.0035964  0.0169523   0.365455
-0.0035964  0.0749014  0.0389374 -0.0234123
 0.0169523  0.0389374   0.088042 -0.0131995
  0.365455 -0.0234123 -0.0131995   0.407359
IMAGINARY
          0   0.0061905 -0.00728559   0.0132686
 -0.0061905           0  0.00388519  -0.0119214
 0.00728559 -0.00388519           0  0.00558149
 -0.0132686   0.0119214 -0.00558149           0
Repeater1[0]<--->EndNode1[0]
REAL
   0.40367 -0.0152575 -0.0305757   0.341815
-0.0152575  0.0707733  0.0430415 -0.0101001
-0.0305757  0.0430415   0.095675 -0.0204121
  0.341815 -0.0101001 -0.0204121   0.429882
IMAGINARY
          0   0.0146191 -0.00321297   0.0150042
 -0.0146191           0  0.00166243  0.00996144
 0.00321297 -0.00166243           0  -0.0115517
 -0.0150042 -0.00996144   0.0115517           0
Repeater1[0]<--->HoM1[0]
REAL
  0.429698  0.0169523 -0.0035964   0.365455
 0.0169523   0.088042  0.0389374 -0.0131995
-0.0035964  0.0389374  0.0749014 -0.0234123
  0.365455 -0.0131995 -0.0234123   0.407359
IMAGINARY
          0 -0.00728559   0.0061905   0.0132686
 0.00728559           0 -0.00388519  0.00558149
 -0.0061905  0.00388519           0  -0.0119214
 -0.0132686 -0.00558149   0.0119214           0
EndNode1[0]<--->Repeater1[0]
REAL
   0.413706   0.0150738 0.000910909    0.349746
  0.0150738   0.0672589   0.0394231    0.012943
0.000910909   0.0394231   0.0888325  -0.0163332
   0.349746    0.012943  -0.0163332    0.430203
IMAGINARY
          0  0.00127184   0.0026426  0.00832537
-0.00127184           0  -0.0121715   0.0186477
 -0.0026426   0.0121715           0  0.00195397
-0.00832537  -0.0186477 -0.00195397           0
EndNode2[0]<--->HoM1[0]
REAL
  0.439575  0.0278678  0.0012099   0.350556
 0.0278678  0.0770252  0.0416955  0.0230032
 0.0012099  0.0416955  0.0783533 0.00239859
  0.350556  0.0230032 0.00239859   0.405046
IMAGINARY
          0  0.00475463  0.00884158   0.0107143
-0.00475463           0 -0.00459184 -0.00630993
-0.00884158  0.00459184           0  0.00410613
 -0.0107143  0.00630993 -0.00410613           0
Repeater1[0]<--->EndNode1[0]
REAL
   0.413706 0.000910909   0.0150738    0.349746
0.000910909   0.0888325   0.0394231  -0.0163332
  0.0150738   0.0394231   0.0672589    0.012943
   0.349746  -0.0163332    0.012943    0.430203
IMAGINARY
          0   0.0026426  0.00127184  0.00832537
 -0.0026426           0   0.0121715  0.00195397
-0.00127184  -0.0121715           0   0.0186477
-0.00832537 -0.00195397  -0.0186477           0
Repeater1[0]<--->HoM1[0]
REAL
  0.439575  0.0012099  0.0278678   0.350556
 0.0012099  0.0783533  0.0416955 0.00239859
 0.0278678  0.0416955  0.0770252  0.0230032
  0.350556 0.00239859  0.0230032   0.405046
IMAGINARY
          0  0.00884158  0.00475463   0.0107143
-0.00884158           0  0.00459184  0.00410613
-0.00475463 -0.00459184           0 -0.00630993
 -0.0107143 -0.00410613  0.00630993           0
EndNode1[0]<--->Repeater1[0]
REAL
   0.422627 -0.00889636   0.0116932    0.352179
-0.00889636   0.0845254   0.0304738 -0.00786669
  0.0116932   0.0304738   0.0988296 -0.00258323
   0.352179 -0.00786669 -0.00258323    0.394018
IMAGINARY
          0 -0.00358027  0.00740275  0.00576923
 0.00358027           0 -0.00576923 -0.00611076
-0.00740275  0.00576923           0  0.00487226
-0.00576923  0.00611076 -0.00487226           0
EndNode2[0]<--->HoM1[0]
REAL
    0.397368   -0.0114129  -0.00944689     0.356272
  -0.0114129    0.0894737     0.024381 -0.000603357
 -0.00944689     0.024381    0.0671053    -0.014969
    0.356272 -0.000603357    -0.014969     0.446053
IMAGINARY
         0 -0.0103612  0.0242591 -0.0123949
 0.0103612          0 -0.0155238 -0.0112801
-0.0242591  0.0155238          0   0.007271
 0.0123949  0.0112801  -0.007271          0
Repeater1[0]<--->EndNode1[0]
REAL
   0.422627   0.0116932 -0.00889636    0.352179
  0.0116932   0.0988296   0.0304738 -0.00258323
-0.00889636   0.0304738   0.0845254 -0.00786669
   0.352179 -0.00258323 -0.00786669    0.394018
IMAGINARY
          0  0.00740275 -0.00358027  0.00576923
-0.00740275           0  0.00576923  0.00487226
 0.00358027 -0.00576923           0 -0.00611076
-0.00576923 -0.00487226  0.00611076           0
Repeater1[0]<--->HoM1[0]
REAL
    0.397368  -0.00944689   -0.0114129     0.356272
 -0.00944689    0.0671053     0.024381    -0.014969
  -0.0114129     0.024381    0.0894737 -0.000603357
    0.356272    -0.014969 -0.000603357     0.446053
IMAGINARY
         0  0.0242591 -0.0103612 -0.0123949
-0.0242591          0  0.0155238   0.007271
 0.0103612 -0.0155238          0 -0.0112801
 0.0123949  -0.007271  0.0112801          0
EndNode1[0]<--->Repeater1[0]
REAL
   0.411202 -0.00731707   -0.023379    0.357457
-0.00731707   0.0655738   0.0411307  -0.0183412
  -0.023379   0.0411307   0.0928962  -0.0125802
   0.357457  -0.0183412  -0.0125802    0.430328
IMAGINARY
          0   0.0117793  -0.0188854  -0.0049101
 -0.0117793           0  -0.0142968  0.00357929
  0.0188854   0.0142968           0  -0.0143303
  0.0049101 -0.00357929   0.0143303           0
EndNode2[0]<--->HoM1[0]
REAL
   0.425033   0.0180537  0.00502881    0.366244
  0.0180537   0.0847458   0.0391962   0.0118106
 0.00502881   0.0391962   0.0886571 -0.00510029
   0.366244   0.0118106 -0.00510029    0.401565
IMAGINARY
          0 -0.00179089  0.00171196 -0.00539084
 0.00179089           0 -0.00539084   0.0119421
-0.00171196  0.00539084           0  -0.0105628
 0.00539084  -0.0119421   0.0105628           0
Repeater1[0]<--->EndNode1[0]
REAL
   0.411202   -0.023379 -0.00731707    0.357457
  -0.023379   0.0928962   0.0411307  -0.0125802
-0.00731707   0.0411307   0.0655738  -0.0183412
   0.357457  -0.0125802  -0.0183412    0.430328
IMAGINARY
          0  -0.0188854   0.0117793  -0.0049101
  0.0188854           0   0.0142968  -0.0143303
 -0.0117793  -0.0142968           0  0.00357929
  0.0049101   0.0143303 -0.00357929           0
Repeater1[0]<--->HoM1[0]
REAL
   0.425033  0.00502881   0.0180537    0.366244
 0.00502881   0.0886571   0.0391962 -0.00510029
  0.0180537   0.0391962   0.0847458   0.0118106
   0.366244 -0.00510029   0.0118106    0.401565
IMAGINARY
          0  0.00171196 -0.00179089 -0.00539084
-0.00171196           0  0.00539084  -0.0105628
 0.00179089 -0.00539084           0   0.0119421
 0.00539084   0.0105628  -0.0119421           0
EndNode1[0]<--->Repeater1[0]
REAL
   0.413978  0.00658204  0.00428789    0.349155
 0.00658204   0.0752688   0.0509657  -0.0133132
 0.00428789   0.0509657   0.0725806 -0.00959047
   0.349155  -0.0133132 -0.00959047    0.438172
IMAGINARY
          0    -0.01763  0.00331942 -0.00739821
    0.01763           0  -0.0055888 -0.00267259
-0.00331942   0.0055888           0   0.0195705
 0.00739821  0.00267259  -0.0195705           0
EndNode2[0]<--->HoM1[0]
REAL
  0.397638  0.0269801  0.0231394   0.367516
 0.0269801  0.0761155  0.0436814  0.0212621
 0.0231394  0.0436814  0.0984252 0.00841245
  0.367516  0.0212621 0.00841245   0.427822
IMAGINARY
           0  -0.00303382   0.00637822  -0.00771422
  0.00303382            0 -0.000949149    0.0182332
 -0.00637822  0.000949149            0   -0.0293496
  0.00771422   -0.0182332    0.0293496            0
Repeater1[0]<--->EndNode1[0]
REAL
   0.413978  0.00428789  0.00658204    0.349155
 0.00428789   0.0725806   0.0509657 -0.00959047
 0.00658204   0.0509657   0.0752688  -0.0133132
   0.349155 -0.00959047  -0.0133132    0.438172
IMAGINARY
          0  0.00331942    -0.01763 -0.00739821
-0.00331942           0   0.0055888   0.0195705
    0.01763  -0.0055888           0 -0.00267259
 0.00739821  -0.0195705  0.00267259           0
Repeater1[0]<--->HoM1[0]
REAL
  0.397638  0.0231394  0.0269801   0.367516
 0.0231394  0.0984252  0.0436814 0.00841245
 0.0269801  0.0436814  0.0761155  0.0212621
  0.367516 0.00841245  0.0212621   0.427822
IMAGINARY
           0   0.00637822  -0.00303382  -0.00771422
 -0.00637822            0  0.000949149   -0.0293496
  0.00303382 -0.000949149            0    0.0182332
  0.00771422    0.0293496   -0.0182332            0
EndNode1[0]<--->Repeater1[0]
REAL
     0.44132    0.0187332    0.0148145     0.353585
   0.0187332    0.0794621    0.0508266   0.00601883
   0.0148145    0.0508266    0.0819071 -0.000350808
    0.353585   0.00601883 -0.000350808     0.397311
IMAGINARY
          0  -0.0125507  0.00623995  -0.0157182
  0.0125507           0  -0.0181572    0.017898
-0.00623995   0.0181572           0  -0.0240011
  0.0157182   -0.017898   0.0240011           0
EndNode2[0]<--->HoM1[0]
REAL
   0.455712   0.0203226  -0.0196265     0.36488
  0.0203226   0.0744544    0.039818 -0.00252119
 -0.0196265    0.039818   0.0731707  -0.0250206
    0.36488 -0.00252119  -0.0250206    0.396662
IMAGINARY
          0  0.00106668  0.00406699   0.0023283
-0.00106668           0   0.0145548  0.00213649
-0.00406699  -0.0145548           0  0.00885888
 -0.0023283 -0.00213649 -0.00885888           0
Repeater1[0]<--->EndNode1[0]
REAL
     0.44132    0.0148145    0.0187332     0.353585
   0.0148145    0.0819071    0.0508266 -0.000350808
   0.0187332    0.0508266    0.0794621   0.00601883
    0.353585 -0.000350808   0.00601883     0.397311
IMAGINARY
          0  0.00623995  -0.0125507  -0.0157182
-0.00623995           0   0.0181572  -0.0240011
  0.0125507  -0.0181572           0    0.017898
  0.0157182   0.0240011   -0.017898           0
Repeater1[0]<--->HoM1[0]
REAL
   0.455712  -0.0196265   0.0203226     0.36488
 -0.0196265   0.0731707    0.039818  -0.0250206
  0.0203226    0.039818   0.0744544 -0.00252119
    0.36488  -0.0250206 -0.00252119    0.396662
IMAGINARY
          0  0.00406699  0.00106668   0.0023283
-0.00406699           0  -0.0145548  0.00885888
-0.00106668   0.0145548           0  0.00213649
 -0.0023283 -0.00885888 -0.00213649           0
EndNode1[0]<--->Repeater1[0]
REAL
    0.37323  -0.0168758 -0.00523619     0.34635
 -0.0168758    0.122265   0.0374888  0.00144831
-0.00523619   0.0374888   0.0900901  0.00551221
    0.34635  0.00144831  0.00551221    0.414414
IMAGINARY
           0   -0.0109771   0.00695904 -0.000989781
   0.0109771            0   -0.0108212  -0.00189575
 -0.00695904    0.0108212            0   0.00464794
 0.000989781   0.00189575  -0.00464794            0
EndNode2[0]<--->HoM1[0]
REAL
    0.414667   -0.0117643   0.00130381     0.341198
  -0.0117643     0.106667    0.0436667 -0.000656977
  0.00130381    0.0436667        0.076    0.0137048
    0.341198 -0.000656977    0.0137048     0.402667
IMAGINARY
           0  -0.00255534  -0.00727978   -0.0024455
  0.00255534            0    0.0090418 -0.000127631
  0.00727978   -0.0090418            0     0.014901
