EndNode1[0]<--->Repeater1[0]
REAL
   0.477454   0.0241217   0.0230275    0.239324
  0.0241217   0.0596817  0.00457887 -0.00717384
  0.0230275  0.00457887   0.0490716  -0.0107071
   0.239324 -0.00717384  -0.0107071    0.413793
IMAGINARY
          0   0.0286814 -0.00500828   0.0110442
 -0.0286814           0  -0.0110442 -0.00433169
 0.00500828   0.0110442           0   0.0267358
 -0.0110442  0.00433169  -0.0267358           0
EndNode2[0]<--->HoM1[0]
REAL
    0.433414  -0.00502675 -3.90154e-05     0.240384
 -0.00502675    0.0738499   -0.0160595  -0.00266369
-3.90154e-05   -0.0160595    0.0544794   -0.0165949
    0.240384  -0.00266369   -0.0165949     0.438257
IMAGINARY
           0    0.0114622   -0.0144978    0.0195717
  -0.0114622            0 -0.000958097   -0.0151413
   0.0144978  0.000958097            0   -0.0114622
  -0.0195717    0.0151413    0.0114622            0
Repeater1[0]<--->EndNode1[0]
REAL
   0.477454   0.0230275   0.0241217    0.239324
  0.0230275   0.0490716  0.00457887  -0.0107071
  0.0241217  0.00457887   0.0596817 -0.00717384
   0.239324  -0.0107071 -0.00717384    0.413793
IMAGINARY
          0 -0.00500828   0.0286814   0.0110442
 0.00500828           0   0.0110442   0.0267358
 -0.0286814  -0.0110442           0 -0.00433169
 -0.0110442  -0.0267358  0.00433169           0
Repeater1[0]<--->HoM1[0]
REAL
    0.433414 -3.90154e-05  -0.00502675     0.240384
-3.90154e-05    0.0544794   -0.0160595   -0.0165949
 -0.00502675   -0.0160595    0.0738499  -0.00266369
    0.240384   -0.0165949  -0.00266369     0.438257
IMAGINARY
           0   -0.0144978    0.0114622    0.0195717
   0.0144978            0  0.000958097   -0.0114622
  -0.0114622 -0.000958097            0   -0.0151413
  -0.0195717    0.0114622    0.0151413            0
EndNode1[0]<--->Repeater1[0]
REAL
   0.483061 -0.00388626  0.00827682    0.238607
-0.00388626   0.0476788   0.0104518 -0.00388535
 0.00827682   0.0104518   0.0702635 0.000749499
   0.238607 -0.00388535 0.000749499    0.398996
IMAGINARY
           0    0.0200911 -0.000299293  -0.00894666
  -0.0200911            0     0.017863 -0.000914299
 0.000299293    -0.017863            0   -0.0043144
  0.00894666  0.000914299    0.0043144            0
EndNode2[0]<--->HoM1[0]
REAL
   0.442645   0.0125838  -0.0137288    0.232116
  0.0125838   0.0674764  0.00472596 -0.00632136
 -0.0137288  0.00472596   0.0593792  -0.0226088
   0.232116 -0.00632136  -0.0226088    0.430499
IMAGINARY
           0   0.00350876  -0.00547772 -0.000315418
 -0.00350876            0   0.00466324    0.0274415
  0.00547772  -0.00466324            0    0.0016592
 0.000315418   -0.0274415   -0.0016592            0
Repeater1[0]<--->EndNode1[0]
REAL
   0.483061  0.00827682 -0.00388626    0.238607
 0.00827682   0.0702635   0.0104518 0.000749499
-0.00388626   0.0104518   0.0476788 -0.00388535
   0.238607 0.000749499 -0.00388535    0.398996
IMAGINARY
           0 -0.000299293    0.0200911  -0.00894666
 0.000299293            0    -0.017863   -0.0043144
  -0.0200911     0.017863            0 -0.000914299
  0.00894666    0.0043144  0.000914299            0
Repeater1[0]<--->HoM1[0]
REAL
   0.442645  -0.0137288   0.0125838    0.232116
 -0.0137288   0.0593792  0.00472596  -0.0226088
  0.0125838  0.00472596   0.0674764 -0.00632136
   0.232116  -0.0226088 -0.00632136    0.430499
IMAGINARY
           0  -0.00547772   0.00350876 -0.000315418
  0.00547772            0  -0.00466324    0.0016592
 -0.00350876   0.00466324            0    0.0274415
 0.000315418   -0.0016592   -0.0274415            0
EndNode1[0]<--->Repeater1[0]
REAL
  0.464557 -0.0071581 -0.0112274   0.243675
-0.0071581  0.0670886 0.00540294  0.0167624
-0.0112274 0.00540294  0.0683544 -0.0119071
  0.243675  0.0167624 -0.0119071        0.4
IMAGINARY
           0   0.00679012   -0.0119099  0.000436507
 -0.00679012            0  -0.00431248   0.00573711
   0.0119099   0.00431248            0   0.00679012
-0.000436507  -0.00573711  -0.00679012            0
EndNode2[0]<--->HoM1[0]
REAL
   0.477132  0.00123675 -0.00389634    0.236176
 0.00123675   0.0420272   0.0189786 3.03611e-05
-0.00389634   0.0189786   0.0519159 5.19128e-05
   0.236176 3.03611e-05 5.19128e-05    0.428925
IMAGINARY
          0  0.00983165  0.00532738  -0.0019723
-0.00983165           0  0.00543012 -0.00978597
-0.00532738 -0.00543012           0  -0.0308508
  0.0019723  0.00978597   0.0308508           0
Repeater1[0]<--->EndNode1[0]
REAL
  0.464557 -0.0112274 -0.0071581   0.243675
-0.0112274  0.0683544 0.00540294 -0.0119071
-0.0071581 0.00540294  0.0670886  0.0167624
  0.243675 -0.0119071  0.0167624        0.4
IMAGINARY
           0   -0.0119099   0.00679012  0.000436507
   0.0119099            0   0.00431248   0.00679012
 -0.00679012  -0.00431248            0   0.00573711
-0.000436507  -0.00679012  -0.00573711            0
Repeater1[0]<--->HoM1[0]
REAL
   0.477132 -0.00389634  0.00123675    0.236176
-0.00389634   0.0519159   0.0189786 5.19128e-05
 0.00123675   0.0189786   0.0420272 3.03611e-05
   0.236176 5.19128e-05 3.03611e-05    0.428925
IMAGINARY
          0  0.00532738  0.00983165  -0.0019723
-0.00532738           0 -0.00543012  -0.0308508
-0.00983165  0.00543012           0 -0.00978597
  0.0019723   0.0308508  0.00978597           0
EndNode1[0]<--->Repeater1[0]
REAL
   0.463198  0.00992171  0.00971269    0.262705
 0.00992171   0.0571066 -0.00796206  -0.0124227
 0.00971269 -0.00796206   0.0469543  0.00498344
   0.262705  -0.0124227  0.00498344    0.432741
IMAGINARY
          0  -0.0129574  -0.0178876  -0.0291211
  0.0129574           0   -0.013032 -0.00477903
  0.0178876    0.013032           0   0.0222907
  0.0291211  0.00477903  -0.0222907           0
EndNode2[0]<--->HoM1[0]
REAL
    0.40285  -0.0263489  0.00408001    0.246893
 -0.0263489   0.0686528 -0.00467585    -0.01342
 0.00408001 -0.00467585   0.0764249  0.00829162
   0.246893    -0.01342  0.00829162    0.452073
IMAGINARY
           0  0.000186732    0.0188371  -0.00902933
-0.000186732            0     0.015295  -0.00817211
  -0.0188371    -0.015295            0   0.00671415
  0.00902933   0.00817211  -0.00671415            0
Repeater1[0]<--->EndNode1[0]
REAL
   0.463198  0.00971269  0.00992171    0.262705
 0.00971269   0.0469543 -0.00796206  0.00498344
 0.00992171 -0.00796206   0.0571066  -0.0124227
   0.262705  0.00498344  -0.0124227    0.432741
IMAGINARY
          0  -0.0178876  -0.0129574  -0.0291211
  0.0178876           0    0.013032   0.0222907
  0.0129574   -0.013032           0 -0.00477903
  0.0291211  -0.0222907  0.00477903           0
Repeater1[0]<--->HoM1[0]
REAL
    0.40285  0.00408001  -0.0263489    0.246893
 0.00408001   0.0764249 -0.00467585  0.00829162
 -0.0263489 -0.00467585   0.0686528    -0.01342
   0.246893  0.00829162    -0.01342    0.452073
IMAGINARY
           0    0.0188371  0.000186732  -0.00902933
  -0.0188371            0    -0.015295   0.00671415
-0.000186732     0.015295            0  -0.00817211
  0.00902933  -0.00671415   0.00817211            0
EndNode1[0]<--->Repeater1[0]
REAL
  0.422454 -0.0033499  0.0177238   0.264018
-0.0033499  0.0578704   0.011046  0.0131246
 0.0177238   0.011046  0.0752315   0.014918
  0.264018  0.0131246   0.014918   0.444444
IMAGINARY
          0   0.0038812   0.0115007   0.0249624
 -0.0038812           0  -0.0047468   0.0208639
 -0.0115007   0.0047468           0 -0.00850472
 -0.0249624  -0.0208639  0.00850472           0
EndNode2[0]<--->HoM1[0]
REAL
   0.440764  0.00409275  0.00781864    0.246023
 0.00409275   0.0675159 -0.00174795  -0.0103632
 0.00781864 -0.00174795   0.0547771 -0.00536501
   0.246023  -0.0103632 -0.00536501    0.436943
IMAGINARY
          0   0.0116545  -0.0223248  0.00159628
 -0.0116545           0  0.00224987  0.00767516
  0.0223248 -0.00224987           0  -0.0250303
-0.00159628 -0.00767516   0.0250303           0
Repeater1[0]<--->EndNode1[0]
REAL
  0.422454  0.0177238 -0.0033499   0.264018
 0.0177238  0.0752315   0.011046   0.014918
-0.0033499   0.011046  0.0578704  0.0131246
  0.264018   0.014918  0.0131246   0.444444
IMAGINARY
          0   0.0115007   0.0038812   0.0249624
 -0.0115007           0   0.0047468 -0.00850472
 -0.0038812  -0.0047468           0   0.0208639
 -0.0249624  0.00850472  -0.0208639           0
Repeater1[0]<--->HoM1[0]
REAL
   0.440764  0.00781864  0.00409275    0.246023
 0.00781864   0.0547771 -0.00174795 -0.00536501
 0.00409275 -0.00174795   0.0675159  -0.0103632
   0.246023 -0.00536501  -0.0103632    0.436943
IMAGINARY
          0  -0.0223248   0.0116545  0.00159628
  0.0223248           0 -0.00224987  -0.0250303
 -0.0116545  0.00224987           0  0.00767516
-0.00159628   0.0250303 -0.00767516           0
EndNode1[0]<--->Repeater1[0]
REAL
  0.436435 0.00952999 -0.0036921   0.246004
0.00952999  0.0576671 0.00332909 0.00902544
-0.0036921 0.00332909   0.051114 0.00647001
  0.246004 0.00902544 0.00647001   0.454784
IMAGINARY
           0  0.000465069 -4.52024e-05  -0.00554101
-0.000465069            0    0.0277923   0.00705157
 4.52024e-05   -0.0277923            0  -0.00747144
  0.00554101  -0.00705157   0.00747144            0
EndNode2[0]<--->HoM1[0]
REAL
  0.457106  -0.019934  0.0112112   0.232919
 -0.019934  0.0576184 -0.0087375 0.00138322
 0.0112112 -0.0087375  0.0653009  0.0111179
  0.232919 0.00138322  0.0111179   0.419974
IMAGINARY
          0  -0.0277641   0.0130714 -0.00153379
  0.0277641           0   0.0112867   0.0196851
 -0.0130714  -0.0112867           0   0.0160212
 0.00153379  -0.0196851  -0.0160212           0
Repeater1[0]<--->EndNode1[0]
REAL
  0.436435 -0.0036921 0.00952999   0.246004
-0.0036921   0.051114 0.00332909 0.00647001
0.00952999 0.00332909  0.0576671 0.00902544
  0.246004 0.00647001 0.00902544   0.454784
IMAGINARY
           0 -4.52024e-05  0.000465069  -0.00554101
 4.52024e-05            0   -0.0277923  -0.00747144
-0.000465069    0.0277923            0   0.00705157
  0.00554101   0.00747144  -0.00705157            0
Repeater1[0]<--->HoM1[0]
REAL
  0.457106  0.0112112  -0.019934   0.232919
 0.0112112  0.0653009 -0.0087375  0.0111179
 -0.019934 -0.0087375  0.0576184 0.00138322
  0.232919  0.0111179 0.00138322   0.419974
IMAGINARY
          0   0.0130714  -0.0277641 -0.00153379
 -0.0130714           0  -0.0112867   0.0160212
  0.0277641   0.0112867           0   0.0196851
 0.00153379  -0.0160212  -0.0196851           0
EndNode1[0]<--->Repeater1[0]
REAL
   0.430809  -0.0197773 -0.00363594    0.246751
 -0.0197773   0.0691906   0.0025932  -0.0173614
-0.00363594   0.0025932   0.0770235  0.00796625
   0.246751  -0.0173614  0.00796625    0.422977
IMAGINARY
          0  0.00313939    0.007551  -0.0187577
-0.00313939           0  0.00435983   0.0164342
  -0.007551 -0.00435983           0  -0.0123645
  0.0187577  -0.0164342   0.0123645           0
EndNode2[0]<--->HoM1[0]
REAL
    0.449682  -0.00315377  -0.00240209     0.242801
 -0.00315377     0.044586  0.000949316    0.0224021
 -0.00240209  0.000949316    0.0611465 -0.000596228
    0.242801    0.0224021 -0.000596228     0.444586
IMAGINARY
           0  0.000527642  -0.00896864   0.00974961
-0.000527642            0   -0.0123743    0.0278735
  0.00896864    0.0123743            0  -0.00900222
 -0.00974961   -0.0278735   0.00900222            0
Repeater1[0]<--->EndNode1[0]
REAL
   0.430809 -0.00363594  -0.0197773    0.246751
-0.00363594   0.0770235   0.0025932  0.00796625
 -0.0197773   0.0025932   0.0691906  -0.0173614
   0.246751  0.00796625  -0.0173614    0.422977
IMAGINARY
          0    0.007551  0.00313939  -0.0187577
  -0.007551           0 -0.00435983  -0.0123645
-0.00313939  0.00435983           0   0.0164342
  0.0187577   0.0123645  -0.0164342           0
Repeater1[0]<--->HoM1[0]
REAL
    0.449682  -0.00240209  -0.00315377     0.242801
 -0.00240209    0.0611465  0.000949316 -0.000596228
 -0.00315377  0.000949316     0.044586    0.0224021
    0.242801 -0.000596228    0.0224021     0.444586
IMAGINARY
           0  -0.00896864  0.000527642   0.00974961
  0.00896864            0    0.0123743  -0.00900222
-0.000527642   -0.0123743            0    0.0278735
 -0.00974961   0.00900222   -0.0278735            0
EndNode1[0]<--->Repeater1[0]
REAL
   0.455335 -0.00111522    0.020854    0.234553
-0.00111522   0.0521092 -0.00863739  -0.0106776
   0.020854 -0.00863739   0.0669975   0.0194327
   0.234553  -0.0106776   0.0194327    0.425558
IMAGINARY
          0  0.00995108 -0.00609073 -0.00292849
-0.00995108           0   0.0064348  -0.0256862
 0.00609073  -0.0064348           0  -0.0118966
 0.00292849   0.0256862   0.0118966           0
EndNode2[0]<--->HoM1[0]
REAL
   0.440197 -0.00377229  -0.0166775    0.239213
-0.00377229   0.0715166 -0.00533113  0.00913287
 -0.0166775 -0.00533113   0.0616523 -0.00377229
   0.239213  0.00913287 -0.00377229    0.426634
IMAGINARY
          0 -0.00663301   0.0228632  -0.0105171
 0.00663301           0  0.00282475  0.00216892
 -0.0228632 -0.00282475           0  -0.0119806
  0.0105171 -0.00216892   0.0119806           0
Repeater1[0]<--->EndNode1[0]
REAL
   0.455335    0.020854 -0.00111522    0.234553
   0.020854   0.0669975 -0.00863739   0.0194327
-0.00111522 -0.00863739   0.0521092  -0.0106776
   0.234553   0.0194327  -0.0106776    0.425558
IMAGINARY
          0 -0.00609073  0.00995108 -0.00292849
 0.00609073           0  -0.0064348  -0.0118966
-0.00995108   0.0064348           0  -0.0256862
 0.00292849   0.0118966   0.0256862           0
Repeater1[0]<--->HoM1[0]
REAL
   0.440197  -0.0166775 -0.00377229    0.239213
 -0.0166775   0.0616523 -0.00533113 -0.00377229
-0.00377229 -0.00533113   0.0715166  0.00913287
   0.239213 -0.00377229  0.00913287    0.426634
IMAGINARY
          0   0.0228632 -0.00663301  -0.0105171
 -0.0228632           0 -0.00282475  -0.0119806
 0.00663301  0.00282475           0  0.00216892
  0.0105171   0.0119806 -0.00216892           0
EndNode1[0]<--->Repeater1[0]
REAL
   0.445545   0.0333878 -0.00907599    0.243039
  0.0333878   0.0618812  -0.0085693   0.0048129
-0.00907599  -0.0085693   0.0594059 -0.00598224
   0.243039   0.0048129 -0.00598224    0.433168
IMAGINARY
          0  -0.0289762   0.0126124  -0.0110647
  0.0289762           0   0.0138044  0.00862308
 -0.0126124  -0.0138044           0 -0.00126836
  0.0110647 -0.00862308  0.00126836           0
EndNode2[0]<--->HoM1[0]
REAL
   0.466091  -0.0019508 0.000934004    0.240366
 -0.0019508   0.0517879  -0.0086587  -0.0212592
0.000934004  -0.0086587   0.0493218   0.0168559
   0.240366  -0.0212592   0.0168559    0.432799
IMAGINARY
          0    0.018095  0.00419738  0.00213238
  -0.018095           0 -0.00668374  -0.0139503
-0.00419738  0.00668374           0   0.0059622
-0.00213238   0.0139503  -0.0059622           0
Repeater1[0]<--->EndNode1[0]
REAL
   0.445545 -0.00907599   0.0333878    0.243039
-0.00907599   0.0594059  -0.0085693 -0.00598224
  0.0333878  -0.0085693   0.0618812   0.0048129
   0.243039 -0.00598224   0.0048129    0.433168
IMAGINARY
          0   0.0126124  -0.0289762  -0.0110647
 -0.0126124           0  -0.0138044 -0.00126836
  0.0289762   0.0138044           0  0.00862308
  0.0110647  0.00126836 -0.00862308           0
Repeater1[0]<--->HoM1[0]
REAL
   0.466091 0.000934004  -0.0019508    0.240366
0.000934004   0.0493218  -0.0086587   0.0168559
 -0.0019508  -0.0086587   0.0517879  -0.0212592
   0.240366   0.0168559  -0.0212592    0.432799
IMAGINARY
          0  0.00419738    0.018095  0.00213238
-0.00419738           0  0.00668374   0.0059622
  -0.018095 -0.00668374           0  -0.0139503
-0.00213238  -0.0059622   0.0139503           0
EndNode1[0]<--->Repeater1[0]
REAL
   0.454662  0.00751495 -0.00840123    0.253968
 0.00751495    0.063857  -0.0015873  0.00363933
-0.00840123  -0.0015873   0.0625798   0.0122129
   0.253968  0.00363933   0.0122129    0.418902
IMAGINARY
          0 -0.00433642   0.0104356 -0.00381593
 0.00433642           0  -0.0143979   0.0179595
 -0.0104356   0.0143979           0 -0.00183642
 0.00381593  -0.0179595  0.00183642           0
EndNode2[0]<--->HoM1[0]
REAL
   0.464968 -0.00146684  0.00468711    0.258553
-0.00146684   0.0636943  0.00144703  0.00406289
 0.00468711  0.00144703   0.0433121   0.0202168
   0.258553  0.00406289   0.0202168    0.428025
IMAGINARY
           0   0.00136574 -0.000272466  0.000277861
 -0.00136574            0    0.0143718   0.00285645
 0.000272466   -0.0143718            0   -0.0117017
-0.000277861  -0.00285645    0.0117017            0
Repeater1[0]<--->EndNode1[0]
REAL
   0.454662 -0.00840123  0.00751495    0.253968
-0.00840123   0.0625798  -0.0015873   0.0122129
 0.00751495  -0.0015873    0.063857  0.00363933
   0.253968   0.0122129  0.00363933    0.418902
IMAGINARY
          0   0.0104356 -0.00433642 -0.00381593
 -0.0104356           0   0.0143979 -0.00183642
 0.00433642  -0.0143979           0   0.0179595
 0.00381593  0.00183642  -0.0179595           0
Repeater1[0]<--->HoM1[0]
REAL
   0.464968  0.00468711 -0.00146684    0.258553
 0.00468711   0.0433121  0.00144703   0.0202168
-0.00146684  0.00144703   0.0636943  0.00406289
   0.258553   0.0202168  0.00406289    0.428025
IMAGINARY
           0 -0.000272466   0.00136574  0.000277861
 0.000272466            0   -0.0143718   -0.0117017
 -0.00136574    0.0143718            0   0.00285645
-0.000277861    0.0117017  -0.00285645            0
EndNode1[0]<--->Repeater1[0]
REAL
    0.44114 -0.00267671  0.00191713    0.233538
-0.00267671   0.0545229  -0.0257454   -0.011008
 0.00191713  -0.0257454   0.0594796  -0.0103103
   0.233538   -0.011008  -0.0103103    0.444857
IMAGINARY
          0   0.0086403    -0.02235  0.00426523
 -0.0086403           0  -0.0185509  0.00122322
    0.02235   0.0185509           0  0.00992564
-0.00426523 -0.00122322 -0.00992564           0
EndNode2[0]<--->HoM1[0]
REAL
   0.480418 -0.00862398  -0.0178634    0.260745
-0.00862398   0.0430809 -0.00177084 -0.00521356
 -0.0178634 -0.00177084   0.0496084 -0.00676063
   0.260745 -0.00521356 -0.00676063    0.426893
IMAGINARY
          0   0.0010856  -0.0105032  -0.0185382
 -0.0010856           0  0.00362249 -0.00682672
  0.0105032 -0.00362249           0  0.00725844
  0.0185382  0.00682672 -0.00725844           0
Repeater1[0]<--->EndNode1[0]
REAL
    0.44114  0.00191713 -0.00267671    0.233538
 0.00191713   0.0594796  -0.0257454  -0.0103103
-0.00267671  -0.0257454   0.0545229   -0.011008
   0.233538  -0.0103103   -0.011008    0.444857
IMAGINARY
          0    -0.02235   0.0086403  0.00426523
    0.02235           0   0.0185509  0.00992564
 -0.0086403  -0.0185509           0  0.00122322
-0.00426523 -0.00992564 -0.00122322           0
Repeater1[0]<--->HoM1[0]
REAL
   0.480418  -0.0178634 -0.00862398    0.260745
 -0.0178634   0.0496084 -0.00177084 -0.00676063
-0.00862398 -0.00177084   0.0430809 -0.00521356
   0.260745 -0.00676063 -0.00521356    0.426893
IMAGINARY
          0  -0.0105032   0.0010856  -0.0185382
  0.0105032           0 -0.00362249  0.00725844
 -0.0010856  0.00362249           0 -0.00682672
  0.0185382 -0.00725844  0.00682672           0
EndNode1[0]<--->Repeater1[0]
REAL
   0.45977 0.00269045 0.00206625   0.260248
0.00269045  0.0587484 0.00153846 -0.0144732
0.00206625 0.00153846  0.0613027 0.00475372
  0.260248 -0.0144732 0.00475372   0.420179
IMAGINARY
          0  0.00452024  -0.0207569  -0.0241695
-0.00452024           0  0.00516557   -0.010856
  0.0207569 -0.00516557           0  0.00515718
  0.0241695    0.010856 -0.00515718           0
EndNode2[0]<--->HoM1[0]
REAL
   0.435733 -0.00254506 -0.00880227    0.255843
-0.00254506   0.0642674 -0.00218145 -0.00517908
-0.00880227 -0.00218145    0.059126  0.00853707
   0.255843 -0.00517908  0.00853707    0.440874
IMAGINARY
          0  -0.0243553    -0.01658   0.0191059
  0.0243553           0   -0.014985     0.01658
    0.01658    0.014985           0  0.00460222
 -0.0191059    -0.01658 -0.00460222           0
Repeater1[0]<--->EndNode1[0]
REAL
   0.45977 0.00206625 0.00269045   0.260248
0.00206625  0.0613027 0.00153846 0.00475372
0.00269045 0.00153846  0.0587484 -0.0144732
  0.260248 0.00475372 -0.0144732   0.420179
IMAGINARY
          0  -0.0207569  0.00452024  -0.0241695
  0.0207569           0 -0.00516557  0.00515718
-0.00452024  0.00516557           0   -0.010856
  0.0241695 -0.00515718    0.010856           0
Repeater1[0]<--->HoM1[0]
REAL
   0.435733 -0.00880227 -0.00254506    0.255843
-0.00880227    0.059126 -0.00218145  0.00853707
-0.00254506 -0.00218145   0.0642674 -0.00517908
   0.255843  0.00853707 -0.00517908    0.440874
IMAGINARY
          0    -0.01658  -0.0243553   0.0191059
    0.01658           0    0.014985  0.00460222
  0.0243553   -0.014985           0     0.01658
 -0.0191059 -0.00460222    -0.01658           0
EndNode1[0]<--->Repeater1[0]
REAL
   0.440204 -0.00263748 -0.00770949     0.26356
-0.00263748   0.0585242   -0.014511 -0.00179622
-0.00770949   -0.014511   0.0585242 0.000736339
    0.26356 -0.00179622 0.000736339    0.442748
IMAGINARY
           0  0.000523308    0.0011587    0.0037024
-0.000523308            0   0.00833816   -0.0110662
  -0.0011587  -0.00833816            0   0.00674221
  -0.0037024    0.0110662  -0.00674221            0
EndNode2[0]<--->HoM1[0]
REAL
   0.419098  -0.0146733 -0.00856167     0.25947
 -0.0146733   0.0835544  -0.0094697   0.0111127
-0.00856167  -0.0094697   0.0517241  -0.0133879
    0.25947   0.0111127  -0.0133879    0.445623
IMAGINARY
          0 -0.00593579 -0.00502364 -0.00401022
 0.00593579           0  0.00786626   0.0189125
 0.00502364 -0.00786626           0  -0.0167915
 0.00401022  -0.0189125   0.0167915           0
Repeater1[0]<--->EndNode1[0]
REAL
   0.440204 -0.00770949 -0.00263748     0.26356
-0.00770949   0.0585242   -0.014511 0.000736339
-0.00263748   -0.014511   0.0585242 -0.00179622
    0.26356 0.000736339 -0.00179622    0.442748
IMAGINARY
           0    0.0011587  0.000523308    0.0037024
  -0.0011587            0  -0.00833816   0.00674221
-0.000523308   0.00833816            0   -0.0110662
  -0.0037024  -0.00674221    0.0110662            0
Repeater1[0]<--->HoM1[0]
REAL
   0.419098 -0.00856167  -0.0146733     0.25947
-0.00856167   0.0517241  -0.0094697  -0.0133879
 -0.0146733  -0.0094697   0.0835544   0.0111127
    0.25947  -0.0133879   0.0111127    0.445623
IMAGINARY
          0 -0.00502364 -0.00593579 -0.00401022
 0.00502364           0 -0.00786626  -0.0167915
 0.00593579  0.00786626           0   0.0189125
 0.00401022   0.0167915  -0.0189125           0
EndNode1[0]<--->Repeater1[0]
REAL
   0.434437  0.00346712 0.000929349    0.246894
 0.00346712   0.0609272  -0.0114507   0.0016023
0.000929349  -0.0114507   0.0715232 0.000330353
   0.246894   0.0016023 0.000330353    0.433113
IMAGINARY
          0  0.00878963   0.0124251   0.0152397
-0.00878963           0   0.0120792  -0.0090873
 -0.0124251  -0.0120792           0 -0.00278162
 -0.0152397   0.0090873  0.00278162           0
EndNode2[0]<--->HoM1[0]
REAL
   0.476982 0.000233128   0.0144145    0.263605
0.000233128   0.0524297  -0.0107536  0.00269576
  0.0144145  -0.0107536   0.0485934  0.00800515
   0.263605  0.00269576  0.00800515    0.421995
IMAGINARY
           0   0.00194805 -0.000191254   0.00439042
 -0.00194805            0   -0.0137304      0.01814
 0.000191254    0.0137304            0  -0.00194805
 -0.00439042     -0.01814   0.00194805            0
Repeater1[0]<--->EndNode1[0]
REAL
   0.434437 0.000929349  0.00346712    0.246894
0.000929349   0.0715232  -0.0114507 0.000330353
 0.00346712  -0.0114507   0.0609272   0.0016023
   0.246894 0.000330353   0.0016023    0.433113
IMAGINARY
          0   0.0124251  0.00878963   0.0152397
 -0.0124251           0  -0.0120792 -0.00278162
-0.00878963   0.0120792           0  -0.0090873
 -0.0152397  0.00278162   0.0090873           0
Repeater1[0]<--->HoM1[0]
REAL
   0.476982   0.0144145 0.000233128    0.263605
  0.0144145   0.0485934  -0.0107536  0.00800515
0.000233128  -0.0107536   0.0524297  0.00269576
   0.263605  0.00800515  0.00269576    0.421995
IMAGINARY
           0 -0.000191254   0.00194805   0.00439042
 0.000191254            0    0.0137304  -0.00194805
 -0.00194805   -0.0137304            0      0.01814
 -0.00439042   0.00194805     -0.01814            0
EndNode1[0]<--->Repeater1[0]
REAL
   0.463878   0.0344149   0.0248224    0.251308
  0.0344149   0.0468948 -0.00932984   0.0299904
  0.0248224 -0.00932984   0.0468948 -0.00767693
   0.251308   0.0299904 -0.00767693    0.442332
IMAGINARY
           0 -0.000442163  -0.00972721   -0.0191673
 0.000442163            0    -0.013834 -0.000911088
  0.00972721     0.013834            0   0.00576131
   0.0191673  0.000911088  -0.00576131            0
EndNode2[0]<--->HoM1[0]
REAL
   0.463535 -0.00146101 -0.00470956    0.251723
-0.00146101   0.0383189  -0.0148138  0.00279385
-0.00470956  -0.0148138   0.0716934   0.0225338
   0.251723  0.00279385   0.0225338    0.426452
IMAGINARY
           0   0.00746631  0.000981885 -0.000990471
 -0.00746631            0   0.00411157   0.00226066
-0.000981885  -0.00411157            0   0.00485535
 0.000990471  -0.00226066  -0.00485535            0
Repeater1[0]<--->EndNode1[0]
REAL
   0.463878   0.0248224   0.0344149    0.251308
  0.0248224   0.0468948 -0.00932984 -0.00767693
  0.0344149 -0.00932984   0.0468948   0.0299904
   0.251308 -0.00767693   0.0299904    0.442332
IMAGINARY
           0  -0.00972721 -0.000442163   -0.0191673
  0.00972721            0     0.013834   0.00576131
 0.000442163    -0.013834            0 -0.000911088
   0.0191673  -0.00576131  0.000911088            0
Repeater1[0]<--->HoM1[0]
REAL
   0.463535 -0.00470956 -0.00146101    0.251723
-0.00470956   0.0716934  -0.0148138   0.0225338
-0.00146101  -0.0148138   0.0383189  0.00279385
   0.251723   0.0225338  0.00279385    0.426452
IMAGINARY
           0  0.000981885   0.00746631 -0.000990471
-0.000981885            0  -0.00411157   0.00485535
 -0.00746631   0.00411157            0   0.00226066
 0.000990471  -0.00485535  -0.00226066            0
EndNode1[0]<--->Repeater1[0]
REAL
    0.454787    0.0235705   0.00822994     0.256391
   0.0235705    0.0664894   0.00514734   0.00202647
  0.00822994   0.00514734    0.0545213 -0.000493624
    0.256391   0.00202647 -0.000493624     0.424202
IMAGINARY
           0   -0.0033963   0.00608528  -0.00223302
   0.0033963            0 -0.000350961    0.0088401
 -0.00608528  0.000350961            0   0.00090874
  0.00223302   -0.0088401  -0.00090874            0
EndNode2[0]<--->HoM1[0]
REAL
    0.43607  0.00268196  0.00586691    0.253097
 0.00268196    0.064603 -0.00112888  -0.0137409
 0.00586691 -0.00112888   0.0578735  -0.0118683
   0.253097  -0.0137409  -0.0118683    0.441454
IMAGINARY
          0 -0.00561374 -0.00571748  0.00856715
 0.00561374           0  -0.0136692  0.00116612
 0.00571748   0.0136692           0  -0.0145423
-0.00856715 -0.00116612   0.0145423           0
Repeater1[0]<--->EndNode1[0]
REAL
    0.454787   0.00822994    0.0235705     0.256391
  0.00822994    0.0545213   0.00514734 -0.000493624
   0.0235705   0.00514734    0.0664894   0.00202647
    0.256391 -0.000493624   0.00202647     0.424202
IMAGINARY
           0   0.00608528   -0.0033963  -0.00223302
 -0.00608528            0  0.000350961   0.00090874
   0.0033963 -0.000350961            0    0.0088401
  0.00223302  -0.00090874   -0.0088401            0
Repeater1[0]<--->HoM1[0]
REAL
    0.43607  0.00586691  0.00268196    0.253097
 0.00586691   0.0578735 -0.00112888  -0.0118683
 0.00268196 -0.00112888    0.064603  -0.0137409
   0.253097  -0.0118683  -0.0137409    0.441454
IMAGINARY
          0 -0.00571748 -0.00561374  0.00856715
 0.00571748           0   0.0136692  -0.0145423
 0.00561374  -0.0136692           0  0.00116612
-0.00856715   0.0145423 -0.00116612           0
EndNode1[0]<--->Repeater1[0]
REAL
  0.427056 0.00184509 0.00940254   0.268742
0.00184509  0.0477454 0.00181497  0.0157964
0.00940254 0.00181497  0.0477454    0.01407
  0.268742  0.0157964    0.01407   0.477454
IMAGINARY
           0   -0.0152752  -0.00713333   0.00630259
   0.0152752            0  -0.00376452    0.0214562
  0.00713333   0.00376452            0 -0.000349813
 -0.00630259   -0.0214562  0.000349813            0
EndNode2[0]<--->HoM1[0]
REAL
   0.419655   0.0152543   0.0115799    0.271679
  0.0152543   0.0730412 -0.00965066   0.0020742
  0.0115799 -0.00965066    0.059761  -0.0237068
   0.271679   0.0020742  -0.0237068    0.447543
IMAGINARY
          0 -0.00767589   0.0100036   0.0213051
 0.00767589           0  -0.0126036   0.0232445
 -0.0100036   0.0126036           0 -0.00894815
 -0.0213051  -0.0232445  0.00894815           0
Repeater1[0]<--->EndNode1[0]
REAL
  0.427056 0.00940254 0.00184509   0.268742
0.00940254  0.0477454 0.00181497    0.01407
0.00184509 0.00181497  0.0477454  0.0157964
  0.268742    0.01407  0.0157964   0.477454
IMAGINARY
           0  -0.00713333   -0.0152752   0.00630259
  0.00713333            0   0.00376452 -0.000349813
   0.0152752  -0.00376452            0    0.0214562
 -0.00630259  0.000349813   -0.0214562            0
Repeater1[0]<--->HoM1[0]
REAL
   0.419655   0.0115799   0.0152543    0.271679
  0.0115799    0.059761 -0.00965066  -0.0237068
  0.0152543 -0.00965066   0.0730412   0.0020742
   0.271679  -0.0237068   0.0020742    0.447543
IMAGINARY
          0   0.0100036 -0.00767589   0.0213051
 -0.0100036           0   0.0126036 -0.00894815
 0.00767589  -0.0126036           0   0.0232445
 -0.0213051  0.00894815  -0.0232445           0
EndNode1[0]<--->Repeater1[0]
REAL
   0.414724 -0.00262467  -0.0127873    0.258466
-0.00262467   0.0638037  -0.0183084  -0.0121471
 -0.0127873  -0.0183084   0.0588957   -0.019685
   0.258466  -0.0121471   -0.019685    0.462577
IMAGINARY
          0  0.00709262  0.00367327  0.00566715
-0.00709262           0   0.0131298  -0.0133507
-0.00367327  -0.0131298           0  0.00387512
-0.00566715   0.0133507 -0.00387512           0
EndNode2[0]<--->HoM1[0]
REAL
    0.436782  -0.00381979  0.000369343      0.25411
 -0.00381979    0.0574713 -0.000183281  -0.00953165
 0.000369343 -0.000183281    0.0625798 -0.000106915
     0.25411  -0.00953165 -0.000106915     0.443167
IMAGINARY
          0   0.0092654 -0.00521414  -0.0100373
 -0.0092654           0  0.00402924   0.0111587
 0.00521414 -0.00402924           0 -0.00464189
  0.0100373  -0.0111587  0.00464189           0
Repeater1[0]<--->EndNode1[0]
REAL
   0.414724  -0.0127873 -0.00262467    0.258466
 -0.0127873   0.0588957  -0.0183084   -0.019685
-0.00262467  -0.0183084   0.0638037  -0.0121471
   0.258466   -0.019685  -0.0121471    0.462577
IMAGINARY
          0  0.00367327  0.00709262  0.00566715
-0.00367327           0  -0.0131298  0.00387512
-0.00709262   0.0131298           0  -0.0133507
-0.00566715 -0.00387512   0.0133507           0
Repeater1[0]<--->HoM1[0]
REAL
    0.436782  0.000369343  -0.00381979      0.25411
 0.000369343    0.0625798 -0.000183281 -0.000106915
 -0.00381979 -0.000183281    0.0574713  -0.00953165
     0.25411 -0.000106915  -0.00953165     0.443167
IMAGINARY
          0 -0.00521414   0.0092654  -0.0100373
 0.00521414           0 -0.00402924 -0.00464189
 -0.0092654  0.00402924           0   0.0111587
  0.0100373  0.00464189  -0.0111587           0
EndNode1[0]<--->Repeater1[0]
REAL
   0.450262 -0.00592845 -0.00349438    0.251807
-0.00592845   0.0667539 -0.00502021  0.00220904
-0.00349438 -0.00502021   0.0667539 0.000787059
   0.251807  0.00220904 0.000787059     0.41623
IMAGINARY
          0    0.011756  -0.0140012  0.00839606
  -0.011756           0  0.00630983  -0.0152575
  0.0140012 -0.00630983           0  0.00319851
-0.00839606   0.0152575 -0.00319851           0
EndNode2[0]<--->HoM1[0]
REAL
   0.439698  -0.0122027   0.0107722    0.231868
 -0.0122027   0.0640704 -0.00709765 -0.00749569
  0.0107722 -0.00709765   0.0703518 -0.00286938
   0.231868 -0.00749569 -0.00286938    0.425879
IMAGINARY
          0 -0.00943368 -0.00168138    0.012989
 0.00943368           0  -0.0254726   0.0111391
 0.00168138   0.0254726           0   0.0188914
  -0.012989  -0.0111391  -0.0188914           0
Repeater1[0]<--->EndNode1[0]
REAL
   0.450262 -0.00349438 -0.00592845    0.251807
-0.00349438   0.0667539 -0.00502021 0.000787059
-0.00592845 -0.00502021   0.0667539  0.00220904
   0.251807 0.000787059  0.00220904     0.41623
IMAGINARY
          0  -0.0140012    0.011756  0.00839606
  0.0140012           0 -0.00630983  0.00319851
  -0.011756  0.00630983           0  -0.0152575
-0.00839606 -0.00319851   0.0152575           0
Repeater1[0]<--->HoM1[0]
REAL
   0.439698   0.0107722  -0.0122027    0.231868
  0.0107722   0.0703518 -0.00709765 -0.00286938
 -0.0122027 -0.00709765   0.0640704 -0.00749569
   0.231868 -0.00286938 -0.00749569    0.425879
IMAGINARY
          0 -0.00168138 -0.00943368    0.012989
 0.00168138           0   0.0254726   0.0188914
 0.00943368  -0.0254726           0   0.0111391
  -0.012989  -0.0188914  -0.0111391           0
EndNode1[0]<--->Repeater1[0]
REAL
   0.414765 -0.00715493   0.0029521    0.249474
-0.00715493   0.0630872  -0.0200623  0.00423744
  0.0029521  -0.0200623    0.061745 -0.00526337
   0.249474  0.00423744 -0.00526337    0.460403
IMAGINARY
          0  0.00200102    0.011669 -0.00150709
-0.00200102           0   0.0198383  0.00488727
  -0.011669  -0.0198383           0  0.00263474
 0.00150709 -0.00488727 -0.00263474           0
EndNode2[0]<--->HoM1[0]
REAL
   0.418251  0.00969802   0.0075393     0.25377
 0.00969802   0.0595691 0.000946947  0.00441039
  0.0075393 0.000946947   0.0519645   0.0186039
    0.25377  0.00441039   0.0186039    0.470215
IMAGINARY
          0 -0.00576434  -0.0135313   0.0144368
 0.00576434           0   -0.003745 -0.00215248
  0.0135313    0.003745           0 -0.00991947
 -0.0144368  0.00215248  0.00991947           0
Repeater1[0]<--->EndNode1[0]
REAL
   0.414765   0.0029521 -0.00715493    0.249474
  0.0029521    0.061745  -0.0200623 -0.00526337
-0.00715493  -0.0200623   0.0630872  0.00423744
   0.249474 -0.00526337  0.00423744    0.460403
IMAGINARY
          0    0.011669  0.00200102 -0.00150709
  -0.011669           0  -0.0198383  0.00263474
-0.00200102   0.0198383           0  0.00488727
 0.00150709 -0.00263474 -0.00488727           0
Repeater1[0]<--->HoM1[0]
REAL
   0.418251   0.0075393  0.00969802     0.25377
  0.0075393   0.0519645 0.000946947   0.0186039
 0.00969802 0.000946947   0.0595691  0.00441039
    0.25377   0.0186039  0.00441039    0.470215
IMAGINARY
          0  -0.0135313 -0.00576434   0.0144368
  0.0135313           0    0.003745 -0.00991947
 0.00576434   -0.003745           0 -0.00215248
 -0.0144368  0.00991947  0.00215248           0
EndNode1[0]<--->Repeater1[0]
REAL
   0.493902 -0.00320897 -0.00847069    0.245359
-0.00320897   0.0536585 -0.00432324   0.0117907
-0.00847069 -0.00432324   0.0560976 -0.00011108
   0.245359   0.0117907 -0.00011108    0.396341
IMAGINARY
          0 -0.00628867  -0.0105096  -0.0194011
 0.00628867           0  0.00049624  0.00352102
  0.0105096 -0.00049624           0  0.00184141
  0.0194011 -0.00352102 -0.00184141           0
EndNode2[0]<--->HoM1[0]
REAL
   0.449086   0.0136889 -0.00738766    0.247883
  0.0136889   0.0613577 -0.00048722 -0.00302901
-0.00738766 -0.00048722   0.0587467  0.00714442
   0.247883 -0.00302901  0.00714442    0.430809
IMAGINARY
          0 -0.00583618   0.0100474  -0.0213877
 0.00583618           0  0.00486383   0.0179839
 -0.0100474 -0.00486383           0  -0.0261065
  0.0213877  -0.0179839   0.0261065           0
Repeater1[0]<--->EndNode1[0]
REAL
   0.493902 -0.00847069 -0.00320897    0.245359
-0.00847069   0.0560976 -0.00432324 -0.00011108
-0.00320897 -0.00432324   0.0536585   0.0117907
   0.245359 -0.00011108   0.0117907    0.396341
IMAGINARY
          0  -0.0105096 -0.00628867  -0.0194011
  0.0105096           0 -0.00049624  0.00184141
 0.00628867  0.00049624           0  0.00352102
  0.0194011 -0.00184141 -0.00352102           0
Repeater1[0]<--->HoM1[0]
REAL
   0.449086 -0.00738766   0.0136889    0.247883
-0.00738766   0.0587467 -0.00048722  0.00714442
  0.0136889 -0.00048722   0.0613577 -0.00302901
   0.247883  0.00714442 -0.00302901    0.430809
IMAGINARY
          0   0.0100474 -0.00583618  -0.0213877
 -0.0100474           0 -0.00486383  -0.0261065
 0.00583618  0.00486383           0   0.0179839
  0.0213877   0.0261065  -0.0179839           0
EndNode1[0]<--->Repeater1[0]
REAL
   0.467277 -0.00205857   0.0272478    0.257888
-0.00205857   0.0589005 -0.00489045 -0.00446606
  0.0272478 -0.00489045   0.0641361   0.0200442
   0.257888 -0.00446606   0.0200442    0.409686
IMAGINARY
          0 -0.00709807   0.0119253  -0.0136678
 0.00709807           0   0.0105152  0.00838924
 -0.0119253  -0.0105152           0  -0.0171483
  0.0136678 -0.00838924   0.0171483           0
EndNode2[0]<--->HoM1[0]
REAL
   0.462759  0.00487646   -0.015423    0.225584
 0.00487646   0.0659341 -0.00248653  -0.0200101
  -0.015423 -0.00248653     0.04884 -0.00487646
   0.225584  -0.0200101 -0.00487646    0.422466
IMAGINARY
          0   0.0222107  0.00260471  -0.0124177
 -0.0222107           0  0.00078982  -0.0113766
-0.00260471 -0.00078982           0  -0.0171982
  0.0124177   0.0113766   0.0171982           0
Repeater1[0]<--->EndNode1[0]
REAL
   0.467277   0.0272478 -0.00205857    0.257888
  0.0272478   0.0641361 -0.00489045   0.0200442
-0.00205857 -0.00489045   0.0589005 -0.00446606
   0.257888   0.0200442 -0.00446606    0.409686
IMAGINARY
          0   0.0119253 -0.00709807  -0.0136678
 -0.0119253           0  -0.0105152  -0.0171483
 0.00709807   0.0105152           0  0.00838924
  0.0136678   0.0171483 -0.00838924           0
Repeater1[0]<--->HoM1[0]
REAL
   0.462759   -0.015423  0.00487646    0.225584
  -0.015423     0.04884 -0.00248653 -0.00487646
 0.00487646 -0.00248653   0.0659341  -0.0200101
   0.225584 -0.00487646  -0.0200101    0.422466
IMAGINARY
          0  0.00260471   0.0222107  -0.0124177
-0.00260471           0 -0.00078982  -0.0171982
 -0.0222107  0.00078982           0  -0.0113766
  0.0124177   0.0171982   0.0113766           0
EndNode1[0]<--->Repeater1[0]
REAL
   0.451497   0.0187683   0.0185009     0.24446
  0.0187683   0.0646707 -0.00329883  0.00675159
  0.0185009 -0.00329883   0.0562874  0.00522155
    0.24446  0.00675159  0.00522155    0.427545
IMAGINARY
          0   -0.032481 -0.00934957  0.00296096
   0.032481           0  0.00361799  0.00742895
 0.00934957 -0.00361799           0  0.00495217
-0.00296096 -0.00742895 -0.00495217           0
EndNode2[0]<--->HoM1[0]
REAL
 0.444444 0.0232249  0.020444  0.254984
0.0232249 0.0673759 0.0140514 0.0100128
 0.020444 0.0140514 0.0472813 0.0199223
 0.254984 0.0100128 0.0199223  0.440898
IMAGINARY
          0  0.00634387 -0.00426847   0.0104246
-0.00634387           0  0.00789293 -0.00738956
 0.00426847 -0.00789293           0 -0.00504853
 -0.0104246  0.00738956  0.00504853           0
Repeater1[0]<--->EndNode1[0]
REAL
   0.451497   0.0185009   0.0187683     0.24446
  0.0185009   0.0562874 -0.00329883  0.00522155
  0.0187683 -0.00329883   0.0646707  0.00675159
    0.24446  0.00522155  0.00675159    0.427545
IMAGINARY
          0 -0.00934957   -0.032481  0.00296096
 0.00934957           0 -0.00361799  0.00495217
   0.032481  0.00361799           0  0.00742895
-0.00296096 -0.00495217 -0.00742895           0
Repeater1[0]<--->HoM1[0]
REAL
 0.444444  0.020444 0.0232249  0.254984
 0.020444 0.0472813 0.0140514 0.0199223
0.0232249 0.0140514 0.0673759 0.0100128
 0.254984 0.0199223 0.0100128  0.440898
IMAGINARY
          0 -0.00426847  0.00634387   0.0104246
 0.00426847           0 -0.00789293 -0.00504853
-0.00634387  0.00789293           0 -0.00738956
 -0.0104246  0.00504853  0.00738956           0
EndNode1[0]<--->Repeater1[0]
REAL
   0.445722  -0.0205407 0.000181323    0.243333
 -0.0205407   0.0587484   0.0102709   0.0293075
0.000181323   0.0102709   0.0727969   0.0028474
   0.243333   0.0293075   0.0028474    0.422733
IMAGINARY
          0 -0.00513479 -0.00545628 -0.00986316
 0.00513479           0  -0.0169783  -0.0108039
 0.00545628   0.0169783           0   0.0173299
 0.00986316   0.0108039  -0.0173299           0
EndNode2[0]<--->HoM1[0]
REAL
   0.470284   -0.011091 -0.00136673    0.257239
