EndNode1[0]<--->Repeater1[0]
REAL
   0.428571  -0.0156888 -0.00755915    0.174482
 -0.0156888   0.0883117  -0.0153913  -0.0178419
-0.00755915  -0.0153913   0.0675325  -0.0137229
   0.174482  -0.0178419  -0.0137229    0.415584
IMAGINARY
          0 -0.00290117   0.0174542   0.0108986
 0.00290117           0   0.0165166   0.0103939
 -0.0174542  -0.0165166           0 -0.00849123
 -0.0108986  -0.0103939  0.00849123           0
EndNode2[0]<--->HoM1[0]
REAL
   0.405303  -0.0278911    0.021306    0.163281
 -0.0278911    0.094697 -0.00678251 -0.00273838
   0.021306 -0.00678251   0.0820707  0.00269214
   0.163281 -0.00273838  0.00269214    0.417929
IMAGINARY
         0 -0.0042974  0.0018495  0.0199066
 0.0042974          0 -0.0173685  0.0178957
-0.0018495  0.0173685          0 -0.0141739
-0.0199066 -0.0178957  0.0141739          0
Repeater1[0]<--->EndNode1[0]
REAL
   0.428571 -0.00755915  -0.0156888    0.174482
-0.00755915   0.0675325  -0.0153913  -0.0137229
 -0.0156888  -0.0153913   0.0883117  -0.0178419
   0.174482  -0.0137229  -0.0178419    0.415584
IMAGINARY
          0   0.0174542 -0.00290117   0.0108986
 -0.0174542           0  -0.0165166 -0.00849123
 0.00290117   0.0165166           0   0.0103939
 -0.0108986  0.00849123  -0.0103939           0
Repeater1[0]<--->HoM1[0]
REAL
   0.405303    0.021306  -0.0278911    0.163281
   0.021306   0.0820707 -0.00678251  0.00269214
 -0.0278911 -0.00678251    0.094697 -0.00273838
   0.163281  0.00269214 -0.00273838    0.417929
IMAGINARY
         0  0.0018495 -0.0042974  0.0199066
-0.0018495          0  0.0173685 -0.0141739
 0.0042974 -0.0173685          0  0.0178957
-0.0199066  0.0141739 -0.0178957          0
EndNode1[0]<--->Repeater1[0]
REAL
  0.443902 -0.0222303 -0.0119705   0.168541
-0.0222303  0.0634146 -0.0102627 -0.0138573
-0.0119705 -0.0102627  0.0878049 -0.0274386
  0.168541 -0.0138573 -0.0274386   0.404878
IMAGINARY
          0  -0.0148752 -0.00461972  0.00269973
  0.0148752           0 -0.00785436   0.0312777
 0.00461972  0.00785436           0 -0.00268007
-0.00269973  -0.0312777  0.00268007           0
EndNode2[0]<--->HoM1[0]
REAL
   0.399494  -0.0020369  0.00221377    0.200315
 -0.0020369   0.0935525 -0.00503067 -0.00402756
 0.00221377 -0.00503067   0.0859671  0.00505987
   0.200315 -0.00402756  0.00505987    0.420986
IMAGINARY
          0  -0.0035639  0.00594672   0.0054707
  0.0035639           0  0.00669319   0.0181732
-0.00594672 -0.00669319           0  -0.0257712
 -0.0054707  -0.0181732   0.0257712           0
Repeater1[0]<--->EndNode1[0]
REAL
  0.443902 -0.0119705 -0.0222303   0.168541
-0.0119705  0.0878049 -0.0102627 -0.0274386
-0.0222303 -0.0102627  0.0634146 -0.0138573
  0.168541 -0.0274386 -0.0138573   0.404878
IMAGINARY
          0 -0.00461972  -0.0148752  0.00269973
 0.00461972           0  0.00785436 -0.00268007
  0.0148752 -0.00785436           0   0.0312777
-0.00269973  0.00268007  -0.0312777           0
Repeater1[0]<--->HoM1[0]
REAL
   0.399494  0.00221377  -0.0020369    0.200315
 0.00221377   0.0859671 -0.00503067  0.00505987
 -0.0020369 -0.00503067   0.0935525 -0.00402756
   0.200315  0.00505987 -0.00402756    0.420986
IMAGINARY
          0  0.00594672  -0.0035639   0.0054707
-0.00594672           0 -0.00669319  -0.0257712
  0.0035639  0.00669319           0   0.0181732
 -0.0054707   0.0257712  -0.0181732           0
EndNode1[0]<--->Repeater1[0]
REAL
   0.424242 -0.00700739  0.00162135     0.16049
-0.00700739   0.0685112 -0.00745394   0.0175856
 0.00162135 -0.00745394   0.0777339 -0.00104713
    0.16049   0.0175856 -0.00104713    0.429513
IMAGINARY
          0 -0.00968511 -0.00603671   0.0122146
 0.00968511           0    0.011595  -0.0112047
 0.00603671   -0.011595           0 -0.00372485
 -0.0122146   0.0112047  0.00372485           0
EndNode2[0]<--->HoM1[0]
REAL
   0.426087 -0.00837647  -0.0144737    0.183606
-0.00837647   0.0869565  -0.0183051   0.0144737
 -0.0144737  -0.0183051   0.0732919   0.0179393
   0.183606   0.0144737   0.0179393    0.413665
IMAGINARY
          0  -0.0171056  0.00323622 -0.00066812
  0.0171056           0    0.011112  -0.0102426
-0.00323622   -0.011112           0  -0.0115569
 0.00066812   0.0102426   0.0115569           0
Repeater1[0]<--->EndNode1[0]
REAL
   0.424242  0.00162135 -0.00700739     0.16049
 0.00162135   0.0777339 -0.00745394 -0.00104713
-0.00700739 -0.00745394   0.0685112   0.0175856
    0.16049 -0.00104713   0.0175856    0.429513
IMAGINARY
          0 -0.00603671 -0.00968511   0.0122146
 0.00603671           0   -0.011595 -0.00372485
 0.00968511    0.011595           0  -0.0112047
 -0.0122146  0.00372485   0.0112047           0
Repeater1[0]<--->HoM1[0]
REAL
   0.426087  -0.0144737 -0.00837647    0.183606
 -0.0144737   0.0732919  -0.0183051   0.0179393
-0.00837647  -0.0183051   0.0869565   0.0144737
   0.183606   0.0179393   0.0144737    0.413665
IMAGINARY
          0  0.00323622  -0.0171056 -0.00066812
-0.00323622           0   -0.011112  -0.0115569
  0.0171056    0.011112           0  -0.0102426
 0.00066812   0.0115569   0.0102426           0
EndNode1[0]<--->Repeater1[0]
REAL
   0.420613 0.000329588 -0.00243997     0.18226
0.000329588   0.0738162 -0.00578986 -0.00959212
-0.00243997 -0.00578986   0.0807799   0.0223977
    0.18226 -0.00959212   0.0223977    0.424791
IMAGINARY
          0 -0.00502831  -0.0131269 -0.00948389
 0.00502831           0   0.0029128  -0.0051121
  0.0131269  -0.0029128           0 -0.00440565
 0.00948389   0.0051121  0.00440565           0
EndNode2[0]<--->HoM1[0]
REAL
   0.444724   0.0106509   0.0108891    0.177155
  0.0106509   0.0791457   0.0242425  -0.0127951
  0.0108891   0.0242425    0.071608 -0.00112107
   0.177155  -0.0127951 -0.00112107    0.404523
IMAGINARY
          0   0.0129708   0.0141078 -0.00857788
 -0.0129708           0 -0.00403832   0.0174456
 -0.0141078  0.00403832           0  -0.0275339
 0.00857788  -0.0174456   0.0275339           0
Repeater1[0]<--->EndNode1[0]
REAL
   0.420613 -0.00243997 0.000329588     0.18226
-0.00243997   0.0807799 -0.00578986   0.0223977
0.000329588 -0.00578986   0.0738162 -0.00959212
    0.18226   0.0223977 -0.00959212    0.424791
IMAGINARY
          0  -0.0131269 -0.00502831 -0.00948389
  0.0131269           0  -0.0029128 -0.00440565
 0.00502831   0.0029128           0  -0.0051121
 0.00948389  0.00440565   0.0051121           0
Repeater1[0]<--->HoM1[0]
REAL
   0.444724   0.0108891   0.0106509    0.177155
  0.0108891    0.071608   0.0242425 -0.00112107
  0.0106509   0.0242425   0.0791457  -0.0127951
   0.177155 -0.00112107  -0.0127951    0.404523
IMAGINARY
          0   0.0141078   0.0129708 -0.00857788
 -0.0141078           0  0.00403832  -0.0275339
 -0.0129708 -0.00403832           0   0.0174456
 0.00857788   0.0275339  -0.0174456           0
EndNode1[0]<--->Repeater1[0]
REAL
   0.418133  -0.0132898 -0.00194983    0.194823
 -0.0132898   0.0690122   -0.014981 -0.00529655
-0.00194983   -0.014981   0.0798376  0.00736098
   0.194823 -0.00529655  0.00736098    0.433018
IMAGINARY
          0   0.0137147  -0.0114668   0.0163689
 -0.0137147           0  0.00732494  -0.0257881
  0.0114668 -0.00732494           0   0.0130826
 -0.0163689   0.0257881  -0.0130826           0
EndNode2[0]<--->HoM1[0]
REAL
     0.4375  0.00744788  -0.0128408    0.189583
 0.00744788   0.0706522   0.0170833 0.000840796
 -0.0128408   0.0170833    0.080163  0.00188546
   0.189583 0.000840796  0.00188546    0.411685
IMAGINARY
          0   -0.004125    -0.01625 -0.00977905
   0.004125           0 -0.00279581      0.0075
    0.01625  0.00279581           0    0.007875
 0.00977905     -0.0075   -0.007875           0
Repeater1[0]<--->EndNode1[0]
REAL
   0.418133 -0.00194983  -0.0132898    0.194823
-0.00194983   0.0798376   -0.014981  0.00736098
 -0.0132898   -0.014981   0.0690122 -0.00529655
   0.194823  0.00736098 -0.00529655    0.433018
IMAGINARY
          0  -0.0114668   0.0137147   0.0163689
  0.0114668           0 -0.00732494   0.0130826
 -0.0137147  0.00732494           0  -0.0257881
 -0.0163689  -0.0130826   0.0257881           0
Repeater1[0]<--->HoM1[0]
REAL
     0.4375  -0.0128408  0.00744788    0.189583
 -0.0128408    0.080163   0.0170833  0.00188546
 0.00744788   0.0170833   0.0706522 0.000840796
   0.189583  0.00188546 0.000840796    0.411685
IMAGINARY
          0    -0.01625   -0.004125 -0.00977905
    0.01625           0  0.00279581    0.007875
   0.004125 -0.00279581           0      0.0075
 0.00977905   -0.007875     -0.0075           0
EndNode1[0]<--->Repeater1[0]
REAL
    0.435401    0.0102691  -0.00466262     0.179708
   0.0102691    0.0581395   -0.0103426   0.00533738
 -0.00466262   -0.0103426    0.0813953 -0.000147605
    0.179708   0.00533738 -0.000147605     0.425065
IMAGINARY
           0   0.00208908    0.0158723 -0.000671593
 -0.00208908            0   -0.0153383    0.0096379
  -0.0158723    0.0153383            0    0.0170436
 0.000671593   -0.0096379   -0.0170436            0
EndNode2[0]<--->HoM1[0]
REAL
   0.425806  -0.0110656  0.00832071     0.17354
 -0.0110656   0.0864516 -0.00350244  -0.0114813
 0.00832071 -0.00350244   0.0735484   0.0142262
    0.17354  -0.0114813   0.0142262    0.414194
IMAGINARY
           0   0.00461248 -0.000411983  0.000791895
 -0.00461248            0  -0.00731621   0.00754558
 0.000411983   0.00731621            0 -7.29246e-05
-0.000791895  -0.00754558  7.29246e-05            0
Repeater1[0]<--->EndNode1[0]
REAL
    0.435401  -0.00466262    0.0102691     0.179708
 -0.00466262    0.0813953   -0.0103426 -0.000147605
   0.0102691   -0.0103426    0.0581395   0.00533738
    0.179708 -0.000147605   0.00533738     0.425065
IMAGINARY
           0    0.0158723   0.00208908 -0.000671593
  -0.0158723            0    0.0153383    0.0170436
 -0.00208908   -0.0153383            0    0.0096379
 0.000671593   -0.0170436   -0.0096379            0
Repeater1[0]<--->HoM1[0]
REAL
   0.425806  0.00832071  -0.0110656     0.17354
 0.00832071   0.0735484 -0.00350244   0.0142262
 -0.0110656 -0.00350244   0.0864516  -0.0114813
    0.17354   0.0142262  -0.0114813    0.414194
IMAGINARY
           0 -0.000411983   0.00461248  0.000791895
 0.000411983            0   0.00731621 -7.29246e-05
 -0.00461248  -0.00731621            0   0.00754558
-0.000791895  7.29246e-05  -0.00754558            0
EndNode1[0]<--->Repeater1[0]
REAL
  0.440587  0.0179653  0.0263537   0.170979
 0.0179653  0.0787717 -0.0174361  -0.011918
 0.0263537 -0.0174361  0.0774366 0.00696913
  0.170979  -0.011918 0.00696913   0.403204
IMAGINARY
           0    0.0158781   0.00363295  -0.00532018
  -0.0158781            0   -0.0106112 -0.000304057
 -0.00363295    0.0106112            0 -0.000565223
  0.00532018  0.000304057  0.000565223            0
EndNode2[0]<--->HoM1[0]
REAL
   0.433249  0.00415234   0.0206968    0.185464
 0.00415234   0.0919395 -0.00643547 -0.00535151
  0.0206968 -0.00643547    0.081864  0.00224152
   0.185464 -0.00535151  0.00224152    0.392947
IMAGINARY
          0   0.0179394  -0.0187038   0.0114172
 -0.0179394           0   0.0140281  0.00343159
  0.0187038  -0.0140281           0   0.0185812
 -0.0114172 -0.00343159  -0.0185812           0
Repeater1[0]<--->EndNode1[0]
REAL
  0.440587  0.0263537  0.0179653   0.170979
 0.0263537  0.0774366 -0.0174361 0.00696913
 0.0179653 -0.0174361  0.0787717  -0.011918
  0.170979 0.00696913  -0.011918   0.403204
IMAGINARY
           0   0.00363295    0.0158781  -0.00532018
 -0.00363295            0    0.0106112 -0.000565223
  -0.0158781   -0.0106112            0 -0.000304057
  0.00532018  0.000565223  0.000304057            0
Repeater1[0]<--->HoM1[0]
REAL
   0.433249   0.0206968  0.00415234    0.185464
  0.0206968    0.081864 -0.00643547  0.00224152
 0.00415234 -0.00643547   0.0919395 -0.00535151
   0.185464  0.00224152 -0.00535151    0.392947
IMAGINARY
          0  -0.0187038   0.0179394   0.0114172
  0.0187038           0  -0.0140281   0.0185812
 -0.0179394   0.0140281           0  0.00343159
 -0.0114172  -0.0185812 -0.00343159           0
EndNode1[0]<--->Repeater1[0]
REAL
   0.420915  0.00776014  -0.0137571    0.185244
 0.00776014   0.0732026  0.00981733 -0.00352689
 -0.0137571  0.00981733   0.0627451 -0.00652557
   0.185244 -0.00352689 -0.00652557    0.443137
IMAGINARY
          0  0.00592605    0.009591   0.0153456
-0.00592605           0 -0.00226961    0.012091
  -0.009591  0.00226961           0  0.00787158
 -0.0153456   -0.012091 -0.00787158           0
EndNode2[0]<--->HoM1[0]
REAL
   0.439181  0.00135345 -0.00716333    0.169263
 0.00135345   0.0653009  -0.0152157 -0.00458601
-0.00716333  -0.0152157   0.0729834  -0.0170192
   0.169263 -0.00458601  -0.0170192    0.422535
IMAGINARY
          0  0.00449697  -0.0218473 -0.00402641
-0.00449697           0   0.0240782   0.0243919
  0.0218473  -0.0240782           0  -0.0070415
 0.00402641  -0.0243919   0.0070415           0
Repeater1[0]<--->EndNode1[0]
REAL
   0.420915  -0.0137571  0.00776014    0.185244
 -0.0137571   0.0627451  0.00981733 -0.00652557
 0.00776014  0.00981733   0.0732026 -0.00352689
   0.185244 -0.00652557 -0.00352689    0.443137
IMAGINARY
          0    0.009591  0.00592605   0.0153456
  -0.009591           0  0.00226961  0.00787158
-0.00592605 -0.00226961           0    0.012091
 -0.0153456 -0.00787158   -0.012091           0
Repeater1[0]<--->HoM1[0]
REAL
   0.439181 -0.00716333  0.00135345    0.169263
-0.00716333   0.0729834  -0.0152157  -0.0170192
 0.00135345  -0.0152157   0.0653009 -0.00458601
   0.169263  -0.0170192 -0.00458601    0.422535
IMAGINARY
          0  -0.0218473  0.00449697 -0.00402641
  0.0218473           0  -0.0240782  -0.0070415
-0.00449697   0.0240782           0   0.0243919
 0.00402641   0.0070415  -0.0243919           0
EndNode1[0]<--->Repeater1[0]
REAL
     0.4324   0.0110508  -0.0101388     0.17031
  0.0110508   0.0779537   0.0195369  0.00944342
 -0.0101388   0.0195369   0.0828258 -0.00479207
    0.17031  0.00944342 -0.00479207    0.406821
IMAGINARY
          0  -0.0159204  0.00569483   0.0069838
  0.0159204           0   0.0011923 -0.00440618
-0.00569483  -0.0011923           0  0.00303383
 -0.0069838  0.00440618 -0.00303383           0
EndNode2[0]<--->HoM1[0]
REAL
   0.387342   0.0155849 0.000972619    0.181772
  0.0155849   0.0835443   0.0272022   0.0182582
0.000972619   0.0272022   0.0898734  -0.0104567
   0.181772   0.0182582  -0.0104567    0.439241
IMAGINARY
          0    0.011735 -0.00109017  -0.0109562
  -0.011735           0 -0.00702945  0.00646651
 0.00109017  0.00702945           0    -0.02652
  0.0109562 -0.00646651     0.02652           0
Repeater1[0]<--->EndNode1[0]
REAL
     0.4324  -0.0101388   0.0110508     0.17031
 -0.0101388   0.0828258   0.0195369 -0.00479207
  0.0110508   0.0195369   0.0779537  0.00944342
    0.17031 -0.00479207  0.00944342    0.406821
IMAGINARY
          0  0.00569483  -0.0159204   0.0069838
-0.00569483           0  -0.0011923  0.00303383
  0.0159204   0.0011923           0 -0.00440618
 -0.0069838 -0.00303383  0.00440618           0
Repeater1[0]<--->HoM1[0]
REAL
   0.387342 0.000972619   0.0155849    0.181772
0.000972619   0.0898734   0.0272022  -0.0104567
  0.0155849   0.0272022   0.0835443   0.0182582
   0.181772  -0.0104567   0.0182582    0.439241
IMAGINARY
          0 -0.00109017    0.011735  -0.0109562
 0.00109017           0  0.00702945    -0.02652
  -0.011735 -0.00702945           0  0.00646651
  0.0109562     0.02652 -0.00646651           0
EndNode1[0]<--->Repeater1[0]
REAL
    0.405128 -0.000434666 -0.000922509     0.170092
-0.000434666    0.0871795  -0.00711511 -0.000922509
-0.000922509  -0.00711511    0.0717949    0.0133498
    0.170092 -0.000922509    0.0133498     0.435897
IMAGINARY
          0  0.00290059 -0.00297486  -0.0101463
-0.00290059           0    0.035549   0.0128563
 0.00297486   -0.035549           0 -0.00355935
  0.0101463  -0.0128563  0.00355935           0
EndNode2[0]<--->HoM1[0]
REAL
   0.419897  0.00652232   0.0150656     0.19209
 0.00652232   0.0839793  -0.0169312  0.00340576
  0.0150656  -0.0169312   0.0956072 -0.00715927
    0.19209  0.00340576 -0.00715927    0.400517
IMAGINARY
          0  -0.0144407   0.0173637  -0.0189193
  0.0144407           0  0.00202314 -0.00148056
 -0.0173637 -0.00202314           0 -0.00525435
  0.0189193  0.00148056  0.00525435           0
Repeater1[0]<--->EndNode1[0]
REAL
    0.405128 -0.000922509 -0.000434666     0.170092
-0.000922509    0.0717949  -0.00711511    0.0133498
-0.000434666  -0.00711511    0.0871795 -0.000922509
    0.170092    0.0133498 -0.000922509     0.435897
IMAGINARY
          0 -0.00297486  0.00290059  -0.0101463
 0.00297486           0   -0.035549 -0.00355935
-0.00290059    0.035549           0   0.0128563
  0.0101463  0.00355935  -0.0128563           0
Repeater1[0]<--->HoM1[0]
REAL
   0.419897   0.0150656  0.00652232     0.19209
  0.0150656   0.0956072  -0.0169312 -0.00715927
 0.00652232  -0.0169312   0.0839793  0.00340576
    0.19209 -0.00715927  0.00340576    0.400517
IMAGINARY
          0   0.0173637  -0.0144407  -0.0189193
 -0.0173637           0 -0.00202314 -0.00525435
  0.0144407  0.00202314           0 -0.00148056
  0.0189193  0.00525435  0.00148056           0
EndNode1[0]<--->Repeater1[0]
REAL
   0.405195 -0.00913307 -0.00695654    0.171372
-0.00913307   0.0961039  -0.0108943   0.0175666
-0.00695654  -0.0108943   0.0766234 -0.00147701
   0.171372   0.0175666 -0.00147701    0.422078
IMAGINARY
          0  -0.0290449    0.017283 -0.00392188
  0.0290449           0 -0.00899802 -0.00373616
  -0.017283  0.00899802           0  -0.0140585
 0.00392188  0.00373616   0.0140585           0
EndNode2[0]<--->HoM1[0]
REAL
   0.409714   0.0177917 -0.00283646    0.182255
  0.0177917   0.0797011  0.00604048  0.00538099
-0.00283646  0.00604048   0.0983811    0.019104
   0.182255  0.00538099    0.019104    0.412204
IMAGINARY
          0   0.0204201    -0.01858 -0.00903043
 -0.0204201           0  -0.0116414  -0.0106853
    0.01858   0.0116414           0  0.00386382
 0.00903043   0.0106853 -0.00386382           0
Repeater1[0]<--->EndNode1[0]
REAL
   0.405195 -0.00695654 -0.00913307    0.171372
-0.00695654   0.0766234  -0.0108943 -0.00147701
-0.00913307  -0.0108943   0.0961039   0.0175666
   0.171372 -0.00147701   0.0175666    0.422078
IMAGINARY
          0    0.017283  -0.0290449 -0.00392188
  -0.017283           0  0.00899802  -0.0140585
  0.0290449 -0.00899802           0 -0.00373616
 0.00392188   0.0140585  0.00373616           0
Repeater1[0]<--->HoM1[0]
REAL
   0.409714 -0.00283646   0.0177917    0.182255
-0.00283646   0.0983811  0.00604048    0.019104
  0.0177917  0.00604048   0.0797011  0.00538099
   0.182255    0.019104  0.00538099    0.412204
IMAGINARY
          0    -0.01858   0.0204201 -0.00903043
    0.01858           0   0.0116414  0.00386382
 -0.0204201  -0.0116414           0  -0.0106853
 0.00903043 -0.00386382   0.0106853           0
EndNode1[0]<--->Repeater1[0]
REAL
   0.434954  -0.0175931 -0.00511655    0.185623
 -0.0175931   0.0775296   -0.007099   0.0136804
-0.00511655   -0.007099   0.0840999   0.0261569
   0.185623   0.0136804   0.0261569    0.403417
IMAGINARY
           0    0.0182674   0.00658264   -0.0135938
  -0.0182674            0    0.0109964  0.000155905
 -0.00658264   -0.0109964            0  -0.00613806
   0.0135938 -0.000155905   0.00613806            0
EndNode2[0]<--->HoM1[0]
REAL
   0.398295  0.00852271  0.00345571    0.180871
 0.00852271   0.0950061  -0.0115375 -0.00745571
 0.00345571  -0.0115375    0.091352 0.000810626
   0.180871 -0.00745571 0.000810626    0.415347
IMAGINARY
          0  -0.0106835 -0.00509951  0.00309219
  0.0106835           0   0.0126707   0.0273508
 0.00509951  -0.0126707           0  0.00283006
-0.00309219  -0.0273508 -0.00283006           0
Repeater1[0]<--->EndNode1[0]
REAL
   0.434954 -0.00511655  -0.0175931    0.185623
-0.00511655   0.0840999   -0.007099   0.0261569
 -0.0175931   -0.007099   0.0775296   0.0136804
   0.185623   0.0261569   0.0136804    0.403417
IMAGINARY
           0   0.00658264    0.0182674   -0.0135938
 -0.00658264            0   -0.0109964  -0.00613806
  -0.0182674    0.0109964            0  0.000155905
   0.0135938   0.00613806 -0.000155905            0
Repeater1[0]<--->HoM1[0]
REAL
   0.398295  0.00345571  0.00852271    0.180871
 0.00345571    0.091352  -0.0115375 0.000810626
 0.00852271  -0.0115375   0.0950061 -0.00745571
   0.180871 0.000810626 -0.00745571    0.415347
IMAGINARY
          0 -0.00509951  -0.0106835  0.00309219
 0.00509951           0  -0.0126707  0.00283006
  0.0106835   0.0126707           0   0.0273508
-0.00309219 -0.00283006  -0.0273508           0
EndNode1[0]<--->Repeater1[0]
REAL
   0.408397   0.0161147  -0.0100772    0.159667
  0.0161147   0.0992366   0.0144619 0.000126916
 -0.0100772   0.0144619   0.0826972   0.0112485
   0.159667 0.000126916   0.0112485    0.409669
IMAGINARY
          0  -0.0181136  -0.0136986  -0.0112903
  0.0181136           0 -0.00359801 -0.00410959
  0.0136986  0.00359801           0  0.00167528
  0.0112903  0.00410959 -0.00167528           0
EndNode2[0]<--->HoM1[0]
REAL
   0.430675 -0.00803278   0.0164005     0.17025
-0.00803278   0.0797546 -0.00402129   0.0144799
  0.0164005 -0.00402129   0.0711656  0.00211951
    0.17025   0.0144799  0.00211951    0.418405
IMAGINARY
          0  0.00441882  -0.0184605  -0.0152234
-0.00441882           0 -0.00488752   0.0343033
  0.0184605  0.00488752           0  0.00635431
  0.0152234  -0.0343033 -0.00635431           0
Repeater1[0]<--->EndNode1[0]
REAL
   0.408397  -0.0100772   0.0161147    0.159667
 -0.0100772   0.0826972   0.0144619   0.0112485
  0.0161147   0.0144619   0.0992366 0.000126916
   0.159667   0.0112485 0.000126916    0.409669
IMAGINARY
          0  -0.0136986  -0.0181136  -0.0112903
  0.0136986           0  0.00359801  0.00167528
  0.0181136 -0.00359801           0 -0.00410959
  0.0112903 -0.00167528  0.00410959           0
Repeater1[0]<--->HoM1[0]
REAL
   0.430675   0.0164005 -0.00803278     0.17025
  0.0164005   0.0711656 -0.00402129  0.00211951
-0.00803278 -0.00402129   0.0797546   0.0144799
    0.17025  0.00211951   0.0144799    0.418405
IMAGINARY
          0  -0.0184605  0.00441882  -0.0152234
  0.0184605           0  0.00488752  0.00635431
-0.00441882 -0.00488752           0   0.0343033
  0.0152234 -0.00635431  -0.0343033           0
EndNode1[0]<--->Repeater1[0]
REAL
   0.401496  -0.0069534 -0.00935681    0.183291
 -0.0069534   0.0860349  -0.0109676   0.0237171
-0.00935681  -0.0109676   0.0972569  0.00173147
   0.183291   0.0237171  0.00173147    0.415212
IMAGINARY
          0  -0.0326762   0.0323742   0.0125738
  0.0326762           0   0.0138114 -0.00900975
 -0.0323742  -0.0138114           0  0.00530637
 -0.0125738  0.00900975 -0.00530637           0
EndNode2[0]<--->HoM1[0]
REAL
    0.422425 -0.000539753 -0.000814928     0.160751
-0.000539753    0.0860495   0.00591595    -0.012595
-0.000814928   0.00591595    0.0964798   -0.0115931
    0.160751    -0.012595   -0.0115931     0.395046
IMAGINARY
          0  -0.0140867  -0.0200581 -0.00227684
  0.0140867           0 -0.00362093  0.00108622
  0.0200581  0.00362093           0   -0.013453
 0.00227684 -0.00108622    0.013453           0
Repeater1[0]<--->EndNode1[0]
REAL
   0.401496 -0.00935681  -0.0069534    0.183291
-0.00935681   0.0972569  -0.0109676  0.00173147
 -0.0069534  -0.0109676   0.0860349   0.0237171
   0.183291  0.00173147   0.0237171    0.415212
IMAGINARY
          0   0.0323742  -0.0326762   0.0125738
 -0.0323742           0  -0.0138114  0.00530637
  0.0326762   0.0138114           0 -0.00900975
 -0.0125738 -0.00530637  0.00900975           0
Repeater1[0]<--->HoM1[0]
REAL
    0.422425 -0.000814928 -0.000539753     0.160751
-0.000814928    0.0964798   0.00591595   -0.0115931
-0.000539753   0.00591595    0.0860495    -0.012595
    0.160751   -0.0115931    -0.012595     0.395046
IMAGINARY
          0  -0.0200581  -0.0140867 -0.00227684
  0.0200581           0  0.00362093   -0.013453
  0.0140867 -0.00362093           0  0.00108622
 0.00227684    0.013453 -0.00108622           0
EndNode1[0]<--->Repeater1[0]
REAL
   0.45655 0.00624102   0.008974   0.165733
0.00624102   0.079118  0.0116862 0.00219225
  0.008974  0.0116862  0.0570687 0.00492523
  0.165733 0.00219225 0.00492523   0.407263
IMAGINARY
           0  -0.00520833   0.00554448  5.50688e-05
  0.00520833            0   -0.0119449    0.0035939
 -0.00554448    0.0119449            0   0.00520833
-5.50688e-05   -0.0035939  -0.00520833            0
EndNode2[0]<--->HoM1[0]
REAL
   0.437173 -0.00681025  0.00336142    0.190621
-0.00681025   0.0850785  0.00898861   0.0154942
 0.00336142  0.00898861   0.0680628 -0.00164229
   0.190621   0.0154942 -0.00164229    0.409686
IMAGINARY
          0  -0.0214602  -0.0200732   -0.012059
  0.0214602           0  0.00240645   0.0125902
  0.0200732 -0.00240645           0   0.0126166
   0.012059  -0.0125902  -0.0126166           0
Repeater1[0]<--->EndNode1[0]
REAL
   0.45655   0.008974 0.00624102   0.165733
  0.008974  0.0570687  0.0116862 0.00492523
0.00624102  0.0116862   0.079118 0.00219225
  0.165733 0.00492523 0.00219225   0.407263
IMAGINARY
           0   0.00554448  -0.00520833  5.50688e-05
 -0.00554448            0    0.0119449   0.00520833
  0.00520833   -0.0119449            0    0.0035939
-5.50688e-05  -0.00520833   -0.0035939            0
Repeater1[0]<--->HoM1[0]
REAL
   0.437173  0.00336142 -0.00681025    0.190621
 0.00336142   0.0680628  0.00898861 -0.00164229
-0.00681025  0.00898861   0.0850785   0.0154942
   0.190621 -0.00164229   0.0154942    0.409686
IMAGINARY
          0  -0.0200732  -0.0214602   -0.012059
  0.0200732           0 -0.00240645   0.0126166
  0.0214602  0.00240645           0   0.0125902
   0.012059  -0.0126166  -0.0125902           0
EndNode1[0]<--->Repeater1[0]
REAL
   0.416465   -0.012032 -0.00279418    0.164936
  -0.012032   0.0859564   0.0214703 -0.00864593
-0.00279418   0.0214703   0.0690073   0.0180885
   0.164936 -0.00864593   0.0180885    0.428571
IMAGINARY
           0    -0.011222  -0.00348938    0.0167309
    0.011222            0   0.00287697 -0.000771986
  0.00348938  -0.00287697            0  -0.00866441
  -0.0167309  0.000771986   0.00866441            0
EndNode2[0]<--->HoM1[0]
REAL
    0.43154   0.0319905 0.000363376    0.194851
  0.0319905   0.0953545   0.0116559  0.00561272
0.000363376   0.0116559   0.0733496  -0.0140622
   0.194851  0.00561272  -0.0140622    0.399756
IMAGINARY
           0   0.00131371   -0.0109494  -0.00846024
 -0.00131371            0 -0.000787604   0.00681713
   0.0109494  0.000787604            0  6.37052e-05
  0.00846024  -0.00681713 -6.37052e-05            0
Repeater1[0]<--->EndNode1[0]
REAL
   0.416465 -0.00279418   -0.012032    0.164936
-0.00279418   0.0690073   0.0214703   0.0180885
  -0.012032   0.0214703   0.0859564 -0.00864593
   0.164936   0.0180885 -0.00864593    0.428571
IMAGINARY
           0  -0.00348938    -0.011222    0.0167309
  0.00348938            0  -0.00287697  -0.00866441
    0.011222   0.00287697            0 -0.000771986
  -0.0167309   0.00866441  0.000771986            0
Repeater1[0]<--->HoM1[0]
REAL
    0.43154 0.000363376   0.0319905    0.194851
0.000363376   0.0733496   0.0116559  -0.0140622
  0.0319905   0.0116559   0.0953545  0.00561272
   0.194851  -0.0140622  0.00561272    0.399756
IMAGINARY
           0   -0.0109494   0.00131371  -0.00846024
   0.0109494            0  0.000787604  6.37052e-05
 -0.00131371 -0.000787604            0   0.00681713
  0.00846024 -6.37052e-05  -0.00681713            0
EndNode1[0]<--->Repeater1[0]
REAL
   0.423792 -0.00349975 0.000159015    0.149245
-0.00349975   0.0793061 0.000818522  -0.0122918
0.000159015 0.000818522    0.100372  0.00413832
   0.149245  -0.0122918  0.00413832     0.39653
IMAGINARY
          0  -0.0195138  -0.0054636  0.00326114
  0.0195138           0  0.00390965 -0.00342833
  0.0054636 -0.00390965           0 -0.00305806
-0.00326114  0.00342833  0.00305806           0
EndNode2[0]<--->HoM1[0]
REAL
   0.410323 -0.00298221 -0.00833227    0.177241
-0.00298221   0.0916129  0.00524088   0.0265804
-0.00833227  0.00524088   0.0825806   0.0200138
   0.177241   0.0265804   0.0200138    0.415484
IMAGINARY
          0   0.0172513  -0.0106863  -0.0113447
 -0.0172513           0 -0.00486801  0.00401961
  0.0106863  0.00486801           0 -0.00258459
  0.0113447 -0.00401961  0.00258459           0
Repeater1[0]<--->EndNode1[0]
REAL
   0.423792 0.000159015 -0.00349975    0.149245
0.000159015    0.100372 0.000818522  0.00413832
-0.00349975 0.000818522   0.0793061  -0.0122918
   0.149245  0.00413832  -0.0122918     0.39653
IMAGINARY
          0  -0.0054636  -0.0195138  0.00326114
  0.0054636           0 -0.00390965 -0.00305806
  0.0195138  0.00390965           0 -0.00342833
-0.00326114  0.00305806  0.00342833           0
Repeater1[0]<--->HoM1[0]
REAL
   0.410323 -0.00833227 -0.00298221    0.177241
-0.00833227   0.0825806  0.00524088   0.0200138
-0.00298221  0.00524088   0.0916129   0.0265804
   0.177241   0.0200138   0.0265804    0.415484
IMAGINARY
          0  -0.0106863   0.0172513  -0.0113447
  0.0106863           0  0.00486801 -0.00258459
 -0.0172513 -0.00486801           0  0.00401961
  0.0113447  0.00258459 -0.00401961           0
EndNode1[0]<--->Repeater1[0]
REAL
    0.442602 -0.000917876   -0.0131661     0.194577
-0.000917876    0.0841837   0.00593729  0.000312674
  -0.0131661   0.00593729    0.0701531   0.00220322
    0.194577  0.000312674   0.00220322     0.403061
IMAGINARY
           0   0.00571978    0.0162734    0.0066451
 -0.00571978            0  -0.00016689   -0.0169747
  -0.0162734   0.00016689            0  0.000591578
  -0.0066451    0.0169747 -0.000591578            0
EndNode2[0]<--->HoM1[0]
REAL
   0.418394  -0.0242291 -0.00897924    0.184197
 -0.0242291   0.0686528  0.00151707 -0.00258538
-0.00897924  0.00151707   0.0984456   0.0113039
   0.184197 -0.00258538   0.0113039    0.414508
IMAGINARY
          0 -0.00406675 -0.00752661 -0.00416121
 0.00406675           0  -0.0139412  -0.0133331
 0.00752661   0.0139412           0   0.0135484
 0.00416121   0.0133331  -0.0135484           0
Repeater1[0]<--->EndNode1[0]
REAL
    0.442602   -0.0131661 -0.000917876     0.194577
  -0.0131661    0.0701531   0.00593729   0.00220322
-0.000917876   0.00593729    0.0841837  0.000312674
    0.194577   0.00220322  0.000312674     0.403061
IMAGINARY
           0    0.0162734   0.00571978    0.0066451
  -0.0162734            0   0.00016689  0.000591578
 -0.00571978  -0.00016689            0   -0.0169747
  -0.0066451 -0.000591578    0.0169747            0
Repeater1[0]<--->HoM1[0]
REAL
   0.418394 -0.00897924  -0.0242291    0.184197
-0.00897924   0.0984456  0.00151707   0.0113039
 -0.0242291  0.00151707   0.0686528 -0.00258538
   0.184197   0.0113039 -0.00258538    0.414508
IMAGINARY
          0 -0.00752661 -0.00406675 -0.00416121
 0.00752661           0   0.0139412   0.0135484
 0.00406675  -0.0139412           0  -0.0133331
 0.00416121  -0.0135484   0.0133331           0
EndNode1[0]<--->Repeater1[0]
REAL
  0.429639 -0.0202342  0.0105415   0.169772
-0.0202342  0.0846824 0.00395198  0.0137425
 0.0105415 0.00395198  0.0921544  0.0196115
  0.169772  0.0137425  0.0196115   0.393524
IMAGINARY
          0 -0.00296406  -0.0200427 -0.00692396
 0.00296406           0 -0.00626865   0.0105128
  0.0200427  0.00626865           0   0.0137646
 0.00692396  -0.0105128  -0.0137646           0
EndNode2[0]<--->HoM1[0]
REAL
  0.428571 0.00189947  0.0102179    0.18094
0.00189947  0.0896104  0.0060629  0.0163073
 0.0102179  0.0060629  0.0649351  0.0299308
   0.18094  0.0163073  0.0299308   0.416883
IMAGINARY
          0 -0.00217581  -0.0136008   -0.016097
 0.00217581           0   0.0011035   0.0099062
  0.0136008  -0.0011035           0 -0.00151878
   0.016097  -0.0099062  0.00151878           0
Repeater1[0]<--->EndNode1[0]
REAL
  0.429639  0.0105415 -0.0202342   0.169772
 0.0105415  0.0921544 0.00395198  0.0196115
-0.0202342 0.00395198  0.0846824  0.0137425
  0.169772  0.0196115  0.0137425   0.393524
IMAGINARY
          0  -0.0200427 -0.00296406 -0.00692396
  0.0200427           0  0.00626865   0.0137646
 0.00296406 -0.00626865           0   0.0105128
 0.00692396  -0.0137646  -0.0105128           0
Repeater1[0]<--->HoM1[0]
REAL
  0.428571  0.0102179 0.00189947    0.18094
 0.0102179  0.0649351  0.0060629  0.0299308
0.00189947  0.0060629  0.0896104  0.0163073
   0.18094  0.0299308  0.0163073   0.416883
IMAGINARY
          0  -0.0136008 -0.00217581   -0.016097
  0.0136008           0  -0.0011035 -0.00151878
 0.00217581   0.0011035           0   0.0099062
   0.016097  0.00151878  -0.0099062           0
EndNode1[0]<--->Repeater1[0]
REAL
   0.409257  0.00728087  0.00281484    0.182638
 0.00728087   0.0779537  -0.0177513 -0.00348239
 0.00281484  -0.0177513   0.0596833 -0.00928354
   0.182638 -0.00348239 -0.00928354    0.453106
IMAGINARY
          0   -0.018144   0.0219839  -0.0225657
   0.018144           0 -0.00175863  0.00719897
 -0.0219839  0.00175863           0 -0.00714785
  0.0225657 -0.00719897  0.00714785           0
EndNode2[0]<--->HoM1[0]
REAL
    0.409032   0.00410135   -0.0105871     0.181429
  0.00410135     0.083871  -0.00225706 -0.000409001
  -0.0105871  -0.00225706    0.0890323   -0.0228594
    0.181429 -0.000409001   -0.0228594     0.418065
IMAGINARY
          0 -0.00428993  -0.0124298  -0.0166077
 0.00428993           0 -0.00399152   0.0030898
  0.0124298  0.00399152           0   -0.016258
  0.0166077  -0.0030898    0.016258           0
Repeater1[0]<--->EndNode1[0]
REAL
   0.409257  0.00281484  0.00728087    0.182638
 0.00281484   0.0596833  -0.0177513 -0.00928354
 0.00728087  -0.0177513   0.0779537 -0.00348239
   0.182638 -0.00928354 -0.00348239    0.453106
IMAGINARY
          0   0.0219839   -0.018144  -0.0225657
 -0.0219839           0  0.00175863 -0.00714785
   0.018144 -0.00175863           0  0.00719897
  0.0225657  0.00714785 -0.00719897           0
Repeater1[0]<--->HoM1[0]
REAL
    0.409032   -0.0105871   0.00410135     0.181429
  -0.0105871    0.0890323  -0.00225706   -0.0228594
  0.00410135  -0.00225706     0.083871 -0.000409001
    0.181429   -0.0228594 -0.000409001     0.418065
IMAGINARY
          0  -0.0124298 -0.00428993  -0.0166077
  0.0124298           0  0.00399152   -0.016258
 0.00428993 -0.00399152           0   0.0030898
  0.0166077    0.016258  -0.0030898           0
EndNode1[0]<--->Repeater1[0]
REAL
      0.425 -0.00405056  0.00144291    0.165391
-0.00405056   0.0881579 2.68219e-05   0.0104173
 0.00144291 2.68219e-05   0.0802632   0.0134139
   0.165391   0.0104173   0.0134139    0.406579
IMAGINARY
           0  -0.00203681  -0.00196965   -0.0148304
  0.00203681            0  0.000835443  -0.00323868
  0.00196965 -0.000835443            0   -0.0148903
   0.0148304   0.00323868    0.0148903            0
EndNode2[0]<--->HoM1[0]
REAL
  0.383033 0.00150733 -0.0194902   0.170719
0.00150733  0.0848329 -0.0112891 0.00388641
-0.0194902 -0.0112891  0.0706941 -0.0238954
  0.170719 0.00388641 -0.0238954    0.46144
IMAGINARY
          0  0.00302561  -0.0143957 -0.00841709
-0.00302561           0  -0.0052645  0.00393549
  0.0143957   0.0052645           0   0.0185922
 0.00841709 -0.00393549  -0.0185922           0
Repeater1[0]<--->EndNode1[0]
REAL
      0.425  0.00144291 -0.00405056    0.165391
 0.00144291   0.0802632 2.68219e-05   0.0134139
-0.00405056 2.68219e-05   0.0881579   0.0104173
   0.165391   0.0134139   0.0104173    0.406579
IMAGINARY
           0  -0.00196965  -0.00203681   -0.0148304
  0.00196965            0 -0.000835443   -0.0148903
  0.00203681  0.000835443            0  -0.00323868
   0.0148304    0.0148903   0.00323868            0
Repeater1[0]<--->HoM1[0]
REAL
  0.383033 -0.0194902 0.00150733   0.170719
-0.0194902  0.0706941 -0.0112891 -0.0238954
0.00150733 -0.0112891  0.0848329 0.00388641
  0.170719 -0.0238954 0.00388641    0.46144
IMAGINARY
          0  -0.0143957  0.00302561 -0.00841709
  0.0143957           0   0.0052645   0.0185922
-0.00302561  -0.0052645           0  0.00393549
 0.00841709  -0.0185922 -0.00393549           0
EndNode1[0]<--->Repeater1[0]
REAL
   0.4375  -0.01625 -0.012871  0.182241
 -0.01625 0.0892857 0.0115091 -0.018379
-0.012871 0.0115091 0.0752551  -0.01625
 0.182241 -0.018379  -0.01625  0.397959
IMAGINARY
          0 -0.00338149   0.0106314  -0.0119238
 0.00338149           0  0.00338236 -0.00521139
 -0.0106314 -0.00338236           0  0.00744653
  0.0119238  0.00521139 -0.00744653           0
EndNode2[0]<--->HoM1[0]
REAL
  0.384314 0.00787992  0.0341313   0.184058
0.00787992  0.0797386  0.0195502  0.0199924
 0.0341313  0.0195502  0.0901961  0.0178933
  0.184058  0.0199924  0.0178933   0.445752
IMAGINARY
          0  -0.0119669  -0.0109771  0.00160369
  0.0119669           0 -0.00223262 -0.00456689
  0.0109771  0.00223262           0   0.0210343
-0.00160369  0.00456689  -0.0210343           0
Repeater1[0]<--->EndNode1[0]
REAL
   0.4375 -0.012871  -0.01625  0.182241
-0.012871 0.0752551 0.0115091  -0.01625
 -0.01625 0.0115091 0.0892857 -0.018379
 0.182241  -0.01625 -0.018379  0.397959
IMAGINARY
          0   0.0106314 -0.00338149  -0.0119238
 -0.0106314           0 -0.00338236  0.00744653
 0.00338149  0.00338236           0 -0.00521139
  0.0119238 -0.00744653  0.00521139           0
Repeater1[0]<--->HoM1[0]
REAL
  0.384314  0.0341313 0.00787992   0.184058
 0.0341313  0.0901961  0.0195502  0.0178933
0.00787992  0.0195502  0.0797386  0.0199924
  0.184058  0.0178933  0.0199924   0.445752
IMAGINARY
          0  -0.0109771  -0.0119669  0.00160369
  0.0109771           0  0.00223262   0.0210343
  0.0119669 -0.00223262           0 -0.00456689
-0.00160369  -0.0210343  0.00456689           0
EndNode1[0]<--->Repeater1[0]
REAL
   0.422043   0.0075061 0.000916443    0.187504
  0.0075061   0.0685484   0.0148463   0.0121384
0.000916443   0.0148463   0.0793011   0.0081597
   0.187504   0.0121384   0.0081597    0.430108
IMAGINARY
          0  -0.0122318   0.0190621  -0.0154483
  0.0122318           0 -0.00517022 -0.00301585
 -0.0190621  0.00517022           0 -0.00509816
  0.0154483  0.00301585  0.00509816           0
EndNode2[0]<--->HoM1[0]
REAL
    0.438903  -0.00442583   -0.0022987     0.170858
 -0.00442583     0.084788  -0.00631723 -0.000252318
  -0.0022987  -0.00631723    0.0835411  0.000599298
    0.170858 -0.000252318  0.000599298     0.392768
IMAGINARY
          0  0.00104803   0.0255622 -0.00112154
-0.00104803           0 -0.00709764  -0.0161045
 -0.0255622  0.00709764           0  -0.0130279
 0.00112154   0.0161045   0.0130279           0
Repeater1[0]<--->EndNode1[0]
REAL
   0.422043 0.000916443   0.0075061    0.187504
0.000916443   0.0793011   0.0148463   0.0081597
  0.0075061   0.0148463   0.0685484   0.0121384
   0.187504   0.0081597   0.0121384    0.430108
IMAGINARY
          0   0.0190621  -0.0122318  -0.0154483
 -0.0190621           0  0.00517022 -0.00509816
  0.0122318 -0.00517022           0 -0.00301585
  0.0154483  0.00509816  0.00301585           0
Repeater1[0]<--->HoM1[0]
REAL
    0.438903   -0.0022987  -0.00442583     0.170858
  -0.0022987    0.0835411  -0.00631723  0.000599298
 -0.00442583  -0.00631723     0.084788 -0.000252318
    0.170858  0.000599298 -0.000252318     0.392768
IMAGINARY
          0   0.0255622  0.00104803 -0.00112154
 -0.0255622           0  0.00709764  -0.0130279
-0.00104803 -0.00709764           0  -0.0161045
 0.00112154   0.0130279   0.0161045           0
EndNode1[0]<--->Repeater1[0]
REAL
    0.400517 -0.000671938   -0.0162953      0.17823
-0.000671938    0.0826873  5.45449e-05   0.00825245
  -0.0162953  5.45449e-05    0.0904393   -0.0234567
     0.17823   0.00825245   -0.0234567     0.426357
IMAGINARY
          0 -0.00538865     0.01954  0.00227135
 0.00538865           0  0.00548059  -0.0300209
   -0.01954 -0.00548059           0  -0.0100244
-0.00227135   0.0300209   0.0100244           0
EndNode2[0]<--->HoM1[0]
REAL
    0.40824  0.00793685  -0.0155402    0.184547
 0.00793685   0.0799001   0.0127714   0.0097931
 -0.0155402   0.0127714    0.071161 -0.00218973
   0.184547   0.0097931 -0.00218973    0.440699
