EndNode1[0]<--->Repeater1[0]
REAL
   0.449507 -0.00701439 -0.00783961    0.384011
-0.00701439   0.0492611    0.039351  0.00845765
-0.00783961    0.039351   0.0603448  0.00268806
   0.384011  0.00845765  0.00268806    0.440887
IMAGINARY
          0  0.00147902    0.003765  -0.0121934
-0.00147902           0   0.0179113  0.00247634
  -0.003765  -0.0179113           0  0.00337535
  0.0121934 -0.00247634 -0.00337535           0
EndNode2[0]<--->HoM1[0]
REAL
  0.429836 0.00419082  0.0212244   0.378109
0.00419082  0.0543616  0.0283749 0.00246634
 0.0212244  0.0283749  0.0619469 0.00827801
  0.378109 0.00246634 0.00827801   0.453856
IMAGINARY
           0   -0.0134254    0.0350989     0.012894
   0.0134254            0   0.00503428 -0.000524471
  -0.0350989  -0.00503428            0   -0.0198193
   -0.012894  0.000524471    0.0198193            0
Repeater1[0]<--->EndNode1[0]
REAL
   0.449507 -0.00783961 -0.00701439    0.384011
-0.00783961   0.0603448    0.039351  0.00268806
-0.00701439    0.039351   0.0492611  0.00845765
   0.384011  0.00268806  0.00845765    0.440887
IMAGINARY
          0    0.003765  0.00147902  -0.0121934
  -0.003765           0  -0.0179113  0.00337535
-0.00147902   0.0179113           0  0.00247634
  0.0121934 -0.00337535 -0.00247634           0
Repeater1[0]<--->HoM1[0]
REAL
  0.429836  0.0212244 0.00419082   0.378109
 0.0212244  0.0619469  0.0283749 0.00827801
0.00419082  0.0283749  0.0543616 0.00246634
  0.378109 0.00827801 0.00246634   0.453856
IMAGINARY
           0    0.0350989   -0.0134254     0.012894
  -0.0350989            0  -0.00503428   -0.0198193
   0.0134254   0.00503428            0 -0.000524471
   -0.012894    0.0198193  0.000524471            0
EndNode1[0]<--->Repeater1[0]
REAL
      0.4601    0.0123435  -0.00358967     0.386871
   0.0123435    0.0685786    0.0346974 -0.000985498
 -0.00358967    0.0346974    0.0648379   -0.0169186
    0.386871 -0.000985498   -0.0169186     0.406484
IMAGINARY
          0 -0.00430658 -0.00675885  -0.0198682
 0.00430658           0  0.00779708  0.00737997
 0.00675885 -0.00779708           0  0.00741217
  0.0198682 -0.00737997 -0.00741217           0
EndNode2[0]<--->HoM1[0]
REAL
    0.431227 -0.000285015    0.0157772     0.380339
-0.000285015    0.0768278    0.0259936  5.39321e-05
   0.0157772    0.0259936    0.0669145    0.0042428
    0.380339  5.39321e-05    0.0042428     0.425031
IMAGINARY
          0   -0.014996 -0.00442373  0.00357012
   0.014996           0  -0.0161149  0.00503573
 0.00442373   0.0161149           0    0.018056
-0.00357012 -0.00503573   -0.018056           0
Repeater1[0]<--->EndNode1[0]
REAL
      0.4601  -0.00358967    0.0123435     0.386871
 -0.00358967    0.0648379    0.0346974   -0.0169186
   0.0123435    0.0346974    0.0685786 -0.000985498
    0.386871   -0.0169186 -0.000985498     0.406484
IMAGINARY
          0 -0.00675885 -0.00430658  -0.0198682
 0.00675885           0 -0.00779708  0.00741217
 0.00430658  0.00779708           0  0.00737997
  0.0198682 -0.00741217 -0.00737997           0
Repeater1[0]<--->HoM1[0]
REAL
    0.431227    0.0157772 -0.000285015     0.380339
   0.0157772    0.0669145    0.0259936    0.0042428
-0.000285015    0.0259936    0.0768278  5.39321e-05
    0.380339    0.0042428  5.39321e-05     0.425031
IMAGINARY
          0 -0.00442373   -0.014996  0.00357012
 0.00442373           0   0.0161149    0.018056
   0.014996  -0.0161149           0  0.00503573
-0.00357012   -0.018056 -0.00503573           0
EndNode1[0]<--->Repeater1[0]
REAL
   0.446753  0.00139031  -0.0106825    0.390364
 0.00139031   0.0519481   0.0296361 -0.00556746
 -0.0106825   0.0296361   0.0714286  -0.0126403
   0.390364 -0.00556746  -0.0126403     0.42987
IMAGINARY
          0   0.0107985   -0.010993  -0.0243639
 -0.0107985           0 -0.00388837 -0.00845493
   0.010993  0.00388837           0  0.00488527
  0.0243639  0.00845493 -0.00488527           0
EndNode2[0]<--->HoM1[0]
REAL
   0.444591  0.00514498 -0.00484271    0.385488
 0.00514498    0.060686   0.0237194   0.0099578
-0.00484271   0.0237194   0.0593668  0.00124888
   0.385488   0.0099578  0.00124888    0.435356
IMAGINARY
          0  -0.0124739 -0.00559857  0.00463783
  0.0124739           0   0.0325962 -0.00125074
 0.00559857  -0.0325962           0   0.0155873
-0.00463783  0.00125074  -0.0155873           0
Repeater1[0]<--->EndNode1[0]
REAL
   0.446753  -0.0106825  0.00139031    0.390364
 -0.0106825   0.0714286   0.0296361  -0.0126403
 0.00139031   0.0296361   0.0519481 -0.00556746
   0.390364  -0.0126403 -0.00556746     0.42987
IMAGINARY
          0   -0.010993   0.0107985  -0.0243639
   0.010993           0  0.00388837  0.00488527
 -0.0107985 -0.00388837           0 -0.00845493
  0.0243639 -0.00488527  0.00845493           0
Repeater1[0]<--->HoM1[0]
REAL
   0.444591 -0.00484271  0.00514498    0.385488
-0.00484271   0.0593668   0.0237194  0.00124888
 0.00514498   0.0237194    0.060686   0.0099578
   0.385488  0.00124888   0.0099578    0.435356
IMAGINARY
          0 -0.00559857  -0.0124739  0.00463783
 0.00559857           0  -0.0325962   0.0155873
  0.0124739   0.0325962           0 -0.00125074
-0.00463783  -0.0155873  0.00125074           0
EndNode1[0]<--->Repeater1[0]
REAL
   0.449412   0.0166477 -0.00475934    0.388707
  0.0166477   0.0717647   0.0247179 -0.00214154
-0.00475934   0.0247179   0.0717647  -0.0197845
   0.388707 -0.00214154  -0.0197845    0.407059
IMAGINARY
          0  0.00206003  0.00455068  -0.0148503
-0.00206003           0  0.00639618  0.00192601
-0.00455068 -0.00639618           0  -0.0124227
  0.0148503 -0.00192601   0.0124227           0
EndNode2[0]<--->HoM1[0]
REAL
  0.430647  0.0194933 0.00347702   0.391652
 0.0194933  0.0779392  0.0277238  0.0192798
0.00347702  0.0277238  0.0620872  0.0162675
  0.391652  0.0192798  0.0162675   0.429326
IMAGINARY
           0  -0.00472168   0.00255513   -0.0125009
  0.00472168            0  -0.00615577 -0.000629584
 -0.00255513   0.00615577            0   -0.0100408
   0.0125009  0.000629584    0.0100408            0
Repeater1[0]<--->EndNode1[0]
REAL
   0.449412 -0.00475934   0.0166477    0.388707
-0.00475934   0.0717647   0.0247179  -0.0197845
  0.0166477   0.0247179   0.0717647 -0.00214154
   0.388707  -0.0197845 -0.00214154    0.407059
IMAGINARY
          0  0.00455068  0.00206003  -0.0148503
-0.00455068           0 -0.00639618  -0.0124227
-0.00206003  0.00639618           0  0.00192601
  0.0148503   0.0124227 -0.00192601           0
Repeater1[0]<--->HoM1[0]
REAL
  0.430647 0.00347702  0.0194933   0.391652
0.00347702  0.0620872  0.0277238  0.0162675
 0.0194933  0.0277238  0.0779392  0.0192798
  0.391652  0.0162675  0.0192798   0.429326
IMAGINARY
           0   0.00255513  -0.00472168   -0.0125009
 -0.00255513            0   0.00615577   -0.0100408
  0.00472168  -0.00615577            0 -0.000629584
   0.0125009    0.0100408  0.000629584            0
EndNode1[0]<--->Repeater1[0]
REAL
    0.447301   -0.0141854 -0.000369619     0.389648
  -0.0141854     0.066838    0.0235064  -0.00154609
-0.000369619    0.0235064    0.0488432    0.0122697
    0.389648  -0.00154609    0.0122697     0.437018
IMAGINARY
           0   0.00581704   -0.0160436  0.000757626
 -0.00581704            0    0.0168434   -0.0259511
   0.0160436   -0.0168434            0    0.0151803
-0.000757626    0.0259511   -0.0151803            0
EndNode2[0]<--->HoM1[0]
REAL
  0.431145 0.00300069 -0.0106985   0.371666
0.00300069  0.0759331  0.0370888  0.0187133
-0.0106985  0.0370888  0.0720721 0.00501411
  0.371666  0.0187133 0.00501411   0.420849
IMAGINARY
          0  0.00478135  0.00594693 -0.00412961
-0.00478135           0  0.00412961  -0.0196285
-0.00594693 -0.00412961           0   0.0200943
 0.00412961   0.0196285  -0.0200943           0
Repeater1[0]<--->EndNode1[0]
REAL
    0.447301 -0.000369619   -0.0141854     0.389648
-0.000369619    0.0488432    0.0235064    0.0122697
  -0.0141854    0.0235064     0.066838  -0.00154609
    0.389648    0.0122697  -0.00154609     0.437018
IMAGINARY
           0   -0.0160436   0.00581704  0.000757626
   0.0160436            0   -0.0168434    0.0151803
 -0.00581704    0.0168434            0   -0.0259511
-0.000757626   -0.0151803    0.0259511            0
Repeater1[0]<--->HoM1[0]
REAL
  0.431145 -0.0106985 0.00300069   0.371666
-0.0106985  0.0720721  0.0370888 0.00501411
0.00300069  0.0370888  0.0759331  0.0187133
  0.371666 0.00501411  0.0187133   0.420849
IMAGINARY
          0  0.00594693  0.00478135 -0.00412961
-0.00594693           0 -0.00412961   0.0200943
-0.00478135  0.00412961           0  -0.0196285
 0.00412961  -0.0200943   0.0196285           0
EndNode1[0]<--->Repeater1[0]
REAL
    0.426799  -0.00704415  -0.00078524     0.388949
 -0.00704415    0.0583127    0.0236125   -0.0053724
 -0.00078524    0.0236125    0.0632754 -0.000345008
    0.388949   -0.0053724 -0.000345008     0.451613
IMAGINARY
           0  -0.00394215    0.0133743   -0.0166235
  0.00394215            0  -0.00628757    0.0252791
  -0.0133743   0.00628757            0  0.000201499
   0.0166235   -0.0252791 -0.000201499            0
EndNode2[0]<--->HoM1[0]
REAL
  0.460759  0.0129451 0.00472645   0.382709
 0.0129451  0.0594937  0.0278703 0.00534912
0.00472645  0.0278703  0.0607595  0.0109843
  0.382709 0.00534912  0.0109843   0.418987
IMAGINARY
          0 -0.00880352  -0.0107599  0.00549556
 0.00880352           0  -0.0042069  -0.0053691
  0.0107599   0.0042069           0   0.0114917
-0.00549556   0.0053691  -0.0114917           0
Repeater1[0]<--->EndNode1[0]
REAL
    0.426799  -0.00078524  -0.00704415     0.388949
 -0.00078524    0.0632754    0.0236125 -0.000345008
 -0.00704415    0.0236125    0.0583127   -0.0053724
    0.388949 -0.000345008   -0.0053724     0.451613
IMAGINARY
           0    0.0133743  -0.00394215   -0.0166235
  -0.0133743            0   0.00628757  0.000201499
  0.00394215  -0.00628757            0    0.0252791
   0.0166235 -0.000201499   -0.0252791            0
Repeater1[0]<--->HoM1[0]
REAL
  0.460759 0.00472645  0.0129451   0.382709
0.00472645  0.0607595  0.0278703  0.0109843
 0.0129451  0.0278703  0.0594937 0.00534912
  0.382709  0.0109843 0.00534912   0.418987
IMAGINARY
          0  -0.0107599 -0.00880352  0.00549556
  0.0107599           0   0.0042069   0.0114917
 0.00880352  -0.0042069           0  -0.0053691
-0.00549556  -0.0114917   0.0053691           0
EndNode1[0]<--->Repeater1[0]
REAL
   0.439845 -0.00266667 -0.00556493    0.377463
-0.00266667   0.0620957  0.00653716  -0.0117684
-0.00556493  0.00653716   0.0452781 -0.00266667
   0.377463  -0.0117684 -0.00266667    0.452781
IMAGINARY
          0  0.00611691 -0.00936946  0.00422719
-0.00611691           0   0.0160874  0.00219866
 0.00936946  -0.0160874           0 -0.00285745
-0.00422719 -0.00219866  0.00285745           0
EndNode2[0]<--->HoM1[0]
REAL
   0.437892  -0.0106756  -0.0104326     0.39021
 -0.0106756   0.0602258   0.0332529 -0.00650591
 -0.0104326   0.0332529   0.0677541  -0.0100271
    0.39021 -0.00650591  -0.0100271    0.434128
IMAGINARY
          0 -0.00949491  0.00358377  -0.0106716
 0.00949491           0   0.0206219  0.00226798
-0.00358377  -0.0206219           0  -0.0015584
  0.0106716 -0.00226798   0.0015584           0
Repeater1[0]<--->EndNode1[0]
REAL
   0.439845 -0.00556493 -0.00266667    0.377463
-0.00556493   0.0452781  0.00653716 -0.00266667
-0.00266667  0.00653716   0.0620957  -0.0117684
   0.377463 -0.00266667  -0.0117684    0.452781
IMAGINARY
          0 -0.00936946  0.00611691  0.00422719
 0.00936946           0  -0.0160874 -0.00285745
-0.00611691   0.0160874           0  0.00219866
-0.00422719  0.00285745 -0.00219866           0
Repeater1[0]<--->HoM1[0]
REAL
   0.437892  -0.0104326  -0.0106756     0.39021
 -0.0104326   0.0677541   0.0332529  -0.0100271
 -0.0106756   0.0332529   0.0602258 -0.00650591
    0.39021  -0.0100271 -0.00650591    0.434128
IMAGINARY
          0  0.00358377 -0.00949491  -0.0106716
-0.00358377           0  -0.0206219  -0.0015584
 0.00949491   0.0206219           0  0.00226798
  0.0106716   0.0015584 -0.00226798           0
EndNode1[0]<--->Repeater1[0]
REAL
  0.42803 0.0133836 0.0137154  0.392873
0.0133836 0.0593434 0.0294196 0.0238642
0.0137154 0.0294196 0.0732323 0.0280177
 0.392873 0.0238642 0.0280177  0.439394
IMAGINARY
           0    0.0147801  -0.00350466   -0.0196199
  -0.0147801            0   0.00634552  -0.00787419
  0.00350466  -0.00634552            0 -0.000723826
   0.0196199   0.00787419  0.000723826            0
EndNode2[0]<--->HoM1[0]
REAL
  0.405507  -0.014933 0.00195646   0.392685
 -0.014933  0.0788486  0.0247114 -0.0138463
0.00195646  0.0247114  0.0876095  0.0180619
  0.392685 -0.0138463  0.0180619   0.428035
IMAGINARY
          0   0.0140302  0.00204932  0.00267408
 -0.0140302           0  -0.0136987 -0.00923886
-0.00204932   0.0136987           0   0.0153816
-0.00267408  0.00923886  -0.0153816           0
Repeater1[0]<--->EndNode1[0]
REAL
  0.42803 0.0137154 0.0133836  0.392873
0.0137154 0.0732323 0.0294196 0.0280177
0.0133836 0.0294196 0.0593434 0.0238642
 0.392873 0.0280177 0.0238642  0.439394
IMAGINARY
           0  -0.00350466    0.0147801   -0.0196199
  0.00350466            0  -0.00634552 -0.000723826
  -0.0147801   0.00634552            0  -0.00787419
   0.0196199  0.000723826   0.00787419            0
Repeater1[0]<--->HoM1[0]
REAL
  0.405507 0.00195646  -0.014933   0.392685
0.00195646  0.0876095  0.0247114  0.0180619
 -0.014933  0.0247114  0.0788486 -0.0138463
  0.392685  0.0180619 -0.0138463   0.428035
IMAGINARY
          0  0.00204932   0.0140302  0.00267408
-0.00204932           0   0.0136987   0.0153816
 -0.0140302  -0.0136987           0 -0.00923886
-0.00267408  -0.0153816  0.00923886           0
EndNode1[0]<--->Repeater1[0]
REAL
   0.432598  0.00364227  0.00269724    0.381091
 0.00364227   0.0710784    0.037054  0.00207766
 0.00269724    0.037054    0.067402 -0.00705291
   0.381091  0.00207766 -0.00705291    0.428922
IMAGINARY
          0  -0.0160433   0.0114647 -0.00839254
  0.0160433           0  -0.0171645 -0.00556693
 -0.0114647   0.0171645           0 -0.00427128
 0.00839254  0.00556693  0.00427128           0
EndNode2[0]<--->HoM1[0]
REAL
   0.417092  0.00273787  0.00205563    0.377234
 0.00273787      0.0625   0.0269804 -0.00524848
 0.00205563   0.0269804   0.0522959 -0.00976213
   0.377234 -0.00524848 -0.00976213    0.468112
IMAGINARY
          0   0.0164975  0.00838738  -0.0197451
 -0.0164975           0  0.00211284  -0.0134635
-0.00838738 -0.00211284           0  0.00126904
  0.0197451   0.0134635 -0.00126904           0
Repeater1[0]<--->EndNode1[0]
REAL
   0.432598  0.00269724  0.00364227    0.381091
 0.00269724    0.067402    0.037054 -0.00705291
 0.00364227    0.037054   0.0710784  0.00207766
   0.381091 -0.00705291  0.00207766    0.428922
IMAGINARY
          0   0.0114647  -0.0160433 -0.00839254
 -0.0114647           0   0.0171645 -0.00427128
  0.0160433  -0.0171645           0 -0.00556693
 0.00839254  0.00427128  0.00556693           0
Repeater1[0]<--->HoM1[0]
REAL
   0.417092  0.00205563  0.00273787    0.377234
 0.00205563   0.0522959   0.0269804 -0.00976213
 0.00273787   0.0269804      0.0625 -0.00524848
   0.377234 -0.00976213 -0.00524848    0.468112
IMAGINARY
          0  0.00838738   0.0164975  -0.0197451
-0.00838738           0 -0.00211284  0.00126904
 -0.0164975  0.00211284           0  -0.0134635
  0.0197451 -0.00126904   0.0134635           0
EndNode1[0]<--->Repeater1[0]
REAL
  0.436881 0.00722829 0.00324434   0.380537
0.00722829  0.0792079  0.0272363 0.00136699
0.00324434  0.0272363  0.0631188 0.00265313
  0.380537 0.00136699 0.00265313   0.420792
IMAGINARY
          0  0.00491541    0.014882  0.00624642
-0.00491541           0 -0.00757268  -0.0356644
  -0.014882  0.00757268           0  -0.0061379
-0.00624642   0.0356644   0.0061379           0
EndNode2[0]<--->HoM1[0]
REAL
  0.439532 0.00907424  0.0192166    0.37626
0.00907424  0.0559168  0.0187534 -0.0113426
 0.0192166  0.0187534  0.0559168 0.00404912
   0.37626 -0.0113426 0.00404912   0.448635
IMAGINARY
          0  0.00920787  -0.0231738 -0.00182804
-0.00920787           0   0.0101083  0.00536214
  0.0231738  -0.0101083           0   0.0111484
 0.00182804 -0.00536214  -0.0111484           0
Repeater1[0]<--->EndNode1[0]
REAL
  0.436881 0.00324434 0.00722829   0.380537
0.00324434  0.0631188  0.0272363 0.00265313
0.00722829  0.0272363  0.0792079 0.00136699
  0.380537 0.00265313 0.00136699   0.420792
IMAGINARY
          0    0.014882  0.00491541  0.00624642
  -0.014882           0  0.00757268  -0.0061379
-0.00491541 -0.00757268           0  -0.0356644
-0.00624642   0.0061379   0.0356644           0
Repeater1[0]<--->HoM1[0]
REAL
  0.439532  0.0192166 0.00907424    0.37626
 0.0192166  0.0559168  0.0187534 0.00404912
0.00907424  0.0187534  0.0559168 -0.0113426
   0.37626 0.00404912 -0.0113426   0.448635
IMAGINARY
          0  -0.0231738  0.00920787 -0.00182804
  0.0231738           0  -0.0101083   0.0111484
-0.00920787   0.0101083           0  0.00536214
 0.00182804  -0.0111484 -0.00536214           0
EndNode1[0]<--->Repeater1[0]
REAL
  0.452926 -0.0103986 -0.0264833   0.381815
-0.0103986  0.0661578  0.0357607 -0.0080622
-0.0264833  0.0357607  0.0712468 -0.0265711
  0.381815 -0.0080622 -0.0265711   0.409669
IMAGINARY
          0 -0.00939567   0.0164017  -0.0038644
 0.00939567           0 -0.00901904  0.00365003
 -0.0164017  0.00901904           0  -0.0145371
  0.0038644 -0.00365003   0.0145371           0
EndNode2[0]<--->HoM1[0]
REAL
   0.431274   -0.011432  -0.0219464    0.390072
  -0.011432   0.0706179    0.034619 -0.00151041
 -0.0219464    0.034619   0.0617907  -0.0107902
   0.390072 -0.00151041  -0.0107902    0.436318
IMAGINARY
          0  0.00563031 -0.00515471  -0.0283036
-0.00563031           0  -0.0161708  0.00186956
 0.00515471   0.0161708           0 -0.00234515
  0.0283036 -0.00186956  0.00234515           0
Repeater1[0]<--->EndNode1[0]
REAL
  0.452926 -0.0264833 -0.0103986   0.381815
-0.0264833  0.0712468  0.0357607 -0.0265711
-0.0103986  0.0357607  0.0661578 -0.0080622
  0.381815 -0.0265711 -0.0080622   0.409669
IMAGINARY
          0   0.0164017 -0.00939567  -0.0038644
 -0.0164017           0  0.00901904  -0.0145371
 0.00939567 -0.00901904           0  0.00365003
  0.0038644   0.0145371 -0.00365003           0
Repeater1[0]<--->HoM1[0]
REAL
   0.431274  -0.0219464   -0.011432    0.390072
 -0.0219464   0.0617907    0.034619  -0.0107902
  -0.011432    0.034619   0.0706179 -0.00151041
   0.390072  -0.0107902 -0.00151041    0.436318
IMAGINARY
          0 -0.00515471  0.00563031  -0.0283036
 0.00515471           0   0.0161708 -0.00234515
-0.00563031  -0.0161708           0  0.00186956
  0.0283036  0.00234515 -0.00186956           0
EndNode1[0]<--->Repeater1[0]
REAL
   0.414634 -0.00633132 -0.00906736     0.38154
-0.00633132   0.0564827   0.0290814  0.00777202
-0.00906736   0.0290814   0.0693196  0.00114997
    0.38154  0.00777202  0.00114997    0.459564
IMAGINARY
          0   0.0193803   -0.014893     0.01492
 -0.0193803           0  0.00070496  -0.0122192
   0.014893 -0.00070496           0 -0.00109528
   -0.01492   0.0122192  0.00109528           0
EndNode2[0]<--->HoM1[0]
REAL
   0.446404 -0.00422667 -0.00271672      0.3918
-0.00422667    0.063772   0.0245544 -0.00914346
-0.00271672   0.0245544   0.0719132  -0.0113788
     0.3918 -0.00914346  -0.0113788     0.41791
IMAGINARY
          0  -0.0232765   0.0120694  -0.0138616
  0.0232765           0   0.0244999   0.0139851
 -0.0120694  -0.0244999           0 -0.00153738
  0.0138616  -0.0139851  0.00153738           0
Repeater1[0]<--->EndNode1[0]
REAL
   0.414634 -0.00906736 -0.00633132     0.38154
-0.00906736   0.0693196   0.0290814  0.00114997
-0.00633132   0.0290814   0.0564827  0.00777202
    0.38154  0.00114997  0.00777202    0.459564
IMAGINARY
          0   -0.014893   0.0193803     0.01492
   0.014893           0 -0.00070496 -0.00109528
 -0.0193803  0.00070496           0  -0.0122192
   -0.01492  0.00109528   0.0122192           0
Repeater1[0]<--->HoM1[0]
REAL
   0.446404 -0.00271672 -0.00422667      0.3918
-0.00271672   0.0719132   0.0245544  -0.0113788
-0.00422667   0.0245544    0.063772 -0.00914346
     0.3918  -0.0113788 -0.00914346     0.41791
IMAGINARY
          0   0.0120694  -0.0232765  -0.0138616
 -0.0120694           0  -0.0244999 -0.00153738
  0.0232765   0.0244999           0   0.0139851
  0.0138616  0.00153738  -0.0139851           0
EndNode1[0]<--->Repeater1[0]
REAL
   0.453972 -0.00800969   0.0239974    0.389947
-0.00800969   0.0668348   0.0225369 -0.00533591
  0.0239974   0.0225369   0.0617907   0.0292452
   0.389947 -0.00533591   0.0292452    0.417402
IMAGINARY
          0  0.00782053 -0.00365744  0.00863033
-0.00782053           0  0.00666955  -0.0217453
 0.00365744 -0.00666955           0    0.023778
-0.00863033   0.0217453   -0.023778           0
EndNode2[0]<--->HoM1[0]
REAL
  0.447368 0.00662796  -0.011156   0.384495
0.00662796  0.0578947  0.0312278    0.02059
 -0.011156  0.0312278  0.0736842 0.00406386
  0.384495    0.02059 0.00406386   0.421053
IMAGINARY
           0    0.0126852  -0.00282834   -0.0109373
  -0.0126852            0   -0.0071685  0.000978769
  0.00282834    0.0071685            0   0.00766006
   0.0109373 -0.000978769  -0.00766006            0
Repeater1[0]<--->EndNode1[0]
REAL
   0.453972   0.0239974 -0.00800969    0.389947
  0.0239974   0.0617907   0.0225369   0.0292452
-0.00800969   0.0225369   0.0668348 -0.00533591
   0.389947   0.0292452 -0.00533591    0.417402
IMAGINARY
          0 -0.00365744  0.00782053  0.00863033
 0.00365744           0 -0.00666955    0.023778
-0.00782053  0.00666955           0  -0.0217453
-0.00863033   -0.023778   0.0217453           0
Repeater1[0]<--->HoM1[0]
REAL
  0.447368  -0.011156 0.00662796   0.384495
 -0.011156  0.0736842  0.0312278 0.00406386
0.00662796  0.0312278  0.0578947    0.02059
  0.384495 0.00406386    0.02059   0.421053
IMAGINARY
           0  -0.00282834    0.0126852   -0.0109373
  0.00282834            0    0.0071685   0.00766006
  -0.0126852   -0.0071685            0  0.000978769
   0.0109373  -0.00766006 -0.000978769            0
EndNode1[0]<--->Repeater1[0]
REAL
     0.42663   0.00642993 -5.12479e-05     0.395255
  0.00642993    0.0529891    0.0246962   -0.0134956
-5.12479e-05    0.0246962    0.0706522   -0.0212083
    0.395255   -0.0134956   -0.0212083     0.449728
IMAGINARY
           0   -0.0108653   0.00854415    0.0140382
   0.0108653            0    0.0225796   0.00541524
 -0.00854415   -0.0225796            0 -0.000556021
  -0.0140382  -0.00541524  0.000556021            0
EndNode2[0]<--->HoM1[0]
REAL
   0.466403 -0.00382715  0.00633911    0.389978
-0.00382715   0.0645586   0.0243798   0.0100337
 0.00633911   0.0243798   0.0645586 4.88157e-05
   0.389978   0.0100337 4.88157e-05     0.40448
IMAGINARY
          0  0.00324933 -0.00149214  -0.0172904
-0.00324933           0  -0.0125797 -0.00528961
 0.00149214   0.0125797           0  -0.0322259
  0.0172904  0.00528961   0.0322259           0
Repeater1[0]<--->EndNode1[0]
REAL
     0.42663 -5.12479e-05   0.00642993     0.395255
-5.12479e-05    0.0706522    0.0246962   -0.0212083
  0.00642993    0.0246962    0.0529891   -0.0134956
    0.395255   -0.0212083   -0.0134956     0.449728
IMAGINARY
           0   0.00854415   -0.0108653    0.0140382
 -0.00854415            0   -0.0225796 -0.000556021
   0.0108653    0.0225796            0   0.00541524
  -0.0140382  0.000556021  -0.00541524            0
Repeater1[0]<--->HoM1[0]
REAL
   0.466403  0.00633911 -0.00382715    0.389978
 0.00633911   0.0645586   0.0243798 4.88157e-05
-0.00382715   0.0243798   0.0645586   0.0100337
   0.389978 4.88157e-05   0.0100337     0.40448
IMAGINARY
          0 -0.00149214  0.00324933  -0.0172904
 0.00149214           0   0.0125797  -0.0322259
-0.00324933  -0.0125797           0 -0.00528961
  0.0172904   0.0322259  0.00528961           0
EndNode1[0]<--->Repeater1[0]
REAL
    0.445963   -0.0100943  -0.00151226     0.384651
  -0.0100943    0.0670807     0.029523   -0.0173434
 -0.00151226     0.029523    0.0571429 -0.000959058
    0.384651   -0.0173434 -0.000959058     0.429814
IMAGINARY
          0  -0.0125103   0.0126071  0.00215395
  0.0125103           0  0.00551869   0.0027775
 -0.0126071 -0.00551869           0  0.00353593
-0.00215395  -0.0027775 -0.00353593           0
EndNode2[0]<--->HoM1[0]
REAL
   0.433915 0.000758648   0.0105685    0.380755
0.000758648   0.0673317   0.0191198 6.98051e-05
  0.0105685   0.0191198    0.074813 -0.00513912
   0.380755 6.98051e-05 -0.00513912     0.42394
IMAGINARY
          0   0.0042319  -0.0143182  -0.0224395
 -0.0042319           0 -0.00359525  0.00614213
  0.0143182  0.00359525           0 -0.00108725
  0.0224395 -0.00614213  0.00108725           0
Repeater1[0]<--->EndNode1[0]
REAL
    0.445963  -0.00151226   -0.0100943     0.384651
 -0.00151226    0.0571429     0.029523 -0.000959058
  -0.0100943     0.029523    0.0670807   -0.0173434
    0.384651 -0.000959058   -0.0173434     0.429814
IMAGINARY
          0   0.0126071  -0.0125103  0.00215395
 -0.0126071           0 -0.00551869  0.00353593
  0.0125103  0.00551869           0   0.0027775
-0.00215395 -0.00353593  -0.0027775           0
Repeater1[0]<--->HoM1[0]
REAL
   0.433915   0.0105685 0.000758648    0.380755
  0.0105685    0.074813   0.0191198 -0.00513912
0.000758648   0.0191198   0.0673317 6.98051e-05
   0.380755 -0.00513912 6.98051e-05     0.42394
IMAGINARY
          0  -0.0143182   0.0042319  -0.0224395
  0.0143182           0  0.00359525 -0.00108725
 -0.0042319 -0.00359525           0  0.00614213
  0.0224395  0.00108725 -0.00614213           0
EndNode1[0]<--->Repeater1[0]
REAL
  0.415072  0.0107395 -0.0034184   0.371459
 0.0107395  0.0526316  0.0130175  0.0124437
-0.0034184  0.0130175  0.0837321  0.0127262
  0.371459  0.0124437  0.0127262   0.448565
IMAGINARY
          0  0.00951242  -0.0203046  -0.0163792
-0.00951242           0 -0.00179036   0.0203046
  0.0203046  0.00179036           0 -0.00301891
  0.0163792  -0.0203046  0.00301891           0
EndNode2[0]<--->HoM1[0]
REAL
   0.429668 -0.00591654   0.0108263    0.389245
-0.00591654   0.0690537   0.0224072  -0.0127469
  0.0108263   0.0224072   0.0716113  -0.0152102
   0.389245  -0.0127469  -0.0152102    0.429668
IMAGINARY
          0 -0.00576184   0.0030311   0.0349604
 0.00576184           0  0.00725594 -0.00367131
 -0.0030311 -0.00725594           0 -0.00384123
 -0.0349604  0.00367131  0.00384123           0
Repeater1[0]<--->EndNode1[0]
REAL
  0.415072 -0.0034184  0.0107395   0.371459
-0.0034184  0.0837321  0.0130175  0.0127262
 0.0107395  0.0130175  0.0526316  0.0124437
  0.371459  0.0127262  0.0124437   0.448565
IMAGINARY
          0  -0.0203046  0.00951242  -0.0163792
  0.0203046           0  0.00179036 -0.00301891
-0.00951242 -0.00179036           0   0.0203046
  0.0163792  0.00301891  -0.0203046           0
Repeater1[0]<--->HoM1[0]
REAL
   0.429668   0.0108263 -0.00591654    0.389245
  0.0108263   0.0716113   0.0224072  -0.0152102
-0.00591654   0.0224072   0.0690537  -0.0127469
   0.389245  -0.0152102  -0.0127469    0.429668
IMAGINARY
          0   0.0030311 -0.00576184   0.0349604
 -0.0030311           0 -0.00725594 -0.00384123
 0.00576184  0.00725594           0 -0.00367131
 -0.0349604  0.00384123  0.00367131           0
EndNode1[0]<--->Repeater1[0]
REAL
   0.431818  -0.0121823 -0.00619686    0.371519
 -0.0121823   0.0643939   0.0360759  0.00872851
-0.00619686   0.0360759   0.0555556  0.00332156
   0.371519  0.00872851  0.00332156    0.448232
IMAGINARY
          0  0.00918163 -0.00896482   0.0135761
-0.00918163           0  0.00642393   0.0152939
 0.00896482 -0.00642393           0  0.00221078
 -0.0135761  -0.0152939 -0.00221078           0
EndNode2[0]<--->HoM1[0]
REAL
   0.418327  0.00547438 -0.00575452    0.370397
 0.00547438   0.0690571   0.0139739  0.00384855
-0.00575452   0.0139739   0.0517928  -0.0111923
   0.370397  0.00384855  -0.0111923    0.460823
IMAGINARY
          0  0.00715728  0.00312044  -0.0117002
-0.00715728           0   0.0214563  0.00443623
-0.00312044  -0.0214563           0   0.0129939
  0.0117002 -0.00443623  -0.0129939           0
Repeater1[0]<--->EndNode1[0]
REAL
   0.431818 -0.00619686  -0.0121823    0.371519
-0.00619686   0.0555556   0.0360759  0.00332156
 -0.0121823   0.0360759   0.0643939  0.00872851
   0.371519  0.00332156  0.00872851    0.448232
IMAGINARY
          0 -0.00896482  0.00918163   0.0135761
 0.00896482           0 -0.00642393  0.00221078
-0.00918163  0.00642393           0   0.0152939
 -0.0135761 -0.00221078  -0.0152939           0
Repeater1[0]<--->HoM1[0]
REAL
   0.418327 -0.00575452  0.00547438    0.370397
-0.00575452   0.0517928   0.0139739  -0.0111923
 0.00547438   0.0139739   0.0690571  0.00384855
   0.370397  -0.0111923  0.00384855    0.460823
IMAGINARY
          0  0.00312044  0.00715728  -0.0117002
-0.00312044           0  -0.0214563   0.0129939
-0.00715728   0.0214563           0  0.00443623
  0.0117002  -0.0129939 -0.00443623           0
EndNode1[0]<--->Repeater1[0]
REAL
    0.428571 -9.60879e-05   0.00430217     0.382271
-9.60879e-05    0.0639098     0.028367  -0.00217451
  0.00430217     0.028367    0.0701754  -0.00203157
    0.382271  -0.00217451  -0.00203157     0.437343
IMAGINARY
          0   0.0270655  -0.0301936  0.00340653
 -0.0270655           0  -0.0244793  -0.0214436
  0.0301936   0.0244793           0   0.0245718
-0.00340653   0.0214436  -0.0245718           0
EndNode2[0]<--->HoM1[0]
REAL
  0.418227  0.0282106  0.0138311   0.402891
 0.0282106  0.0736579   0.027223 0.00967593
 0.0138311   0.027223  0.0686642  0.0194387
  0.402891 0.00967593  0.0194387   0.439451
IMAGINARY
           0  -0.00593292  -0.00756895    0.0131776
  0.00593292            0    0.0125439    0.0102428
  0.00756895   -0.0125439            0 -0.000751572
  -0.0131776   -0.0102428  0.000751572            0
Repeater1[0]<--->EndNode1[0]
REAL
    0.428571   0.00430217 -9.60879e-05     0.382271
  0.00430217    0.0701754     0.028367  -0.00203157
-9.60879e-05     0.028367    0.0639098  -0.00217451
    0.382271  -0.00203157  -0.00217451     0.437343
IMAGINARY
          0  -0.0301936   0.0270655  0.00340653
  0.0301936           0   0.0244793   0.0245718
 -0.0270655  -0.0244793           0  -0.0214436
-0.00340653  -0.0245718   0.0214436           0
Repeater1[0]<--->HoM1[0]
REAL
  0.418227  0.0138311  0.0282106   0.402891
 0.0138311  0.0686642   0.027223  0.0194387
 0.0282106   0.027223  0.0736579 0.00967593
  0.402891  0.0194387 0.00967593   0.439451
IMAGINARY
           0  -0.00756895  -0.00593292    0.0131776
  0.00756895            0   -0.0125439 -0.000751572
  0.00593292    0.0125439            0    0.0102428
  -0.0131776  0.000751572   -0.0102428            0
EndNode1[0]<--->Repeater1[0]
REAL
    0.377483  -0.00139518    0.0161675     0.380703
 -0.00139518    0.0635762    0.0115207 -0.000478583
   0.0161675    0.0115207    0.0715232    0.0102628
    0.380703 -0.000478583    0.0102628     0.487417
IMAGINARY
          0 -0.00898715   0.0197362   0.0198191
 0.00898715           0  0.00340495  -0.0228809
 -0.0197362 -0.00340495           0  0.00710036
 -0.0198191   0.0228809 -0.00710036           0
EndNode2[0]<--->HoM1[0]
REAL
   0.426814 -0.00193384  0.00175281    0.378761
-0.00193384   0.0811808   0.0458693   0.0177627
 0.00175281   0.0458693   0.0565806   0.0349083
   0.378761   0.0177627   0.0349083    0.435424
IMAGINARY
          0  0.00135076 -0.00757542 -0.00403708
-0.00135076           0   0.0053029  -0.0017084
 0.00757542  -0.0053029           0   0.0105856
 0.00403708   0.0017084  -0.0105856           0
Repeater1[0]<--->EndNode1[0]
REAL
    0.377483    0.0161675  -0.00139518     0.380703
   0.0161675    0.0715232    0.0115207    0.0102628
 -0.00139518    0.0115207    0.0635762 -0.000478583
    0.380703    0.0102628 -0.000478583     0.487417
IMAGINARY
          0   0.0197362 -0.00898715   0.0198191
 -0.0197362           0 -0.00340495  0.00710036
 0.00898715  0.00340495           0  -0.0228809
 -0.0198191 -0.00710036   0.0228809           0
Repeater1[0]<--->HoM1[0]
REAL
   0.426814  0.00175281 -0.00193384    0.378761
 0.00175281   0.0565806   0.0458693   0.0349083
-0.00193384   0.0458693   0.0811808   0.0177627
   0.378761   0.0349083   0.0177627    0.435424
IMAGINARY
          0 -0.00757542  0.00135076 -0.00403708
 0.00757542           0  -0.0053029   0.0105856
-0.00135076   0.0053029           0  -0.0017084
 0.00403708  -0.0105856   0.0017084           0
EndNode1[0]<--->Repeater1[0]
REAL
  0.439153 0.00750461   -0.02402    0.38013
0.00750461   0.047619  0.0215308  0.0144415
  -0.02402  0.0215308  0.0634921 -0.0234688
   0.38013  0.0144415 -0.0234688   0.449735
IMAGINARY
          0   0.0210834 -0.00836958   0.0152953
 -0.0210834           0  -0.0173417  -0.0266623
 0.00836958   0.0173417           0   0.0126746
 -0.0152953   0.0266623  -0.0126746           0
EndNode2[0]<--->HoM1[0]
REAL
   0.456233 -0.00862151  0.00455685    0.379272
-0.00862151   0.0583554   0.0377138 -0.00647256
 0.00455685   0.0377138    0.066313 -0.00734273
   0.379272 -0.00647256 -0.00734273    0.419098
IMAGINARY
          0   0.0136364  0.00068502   0.0278123
 -0.0136364           0 -0.00852855   -0.013672
-0.00068502  0.00852855           0  0.00194805
 -0.0278123    0.013672 -0.00194805           0
Repeater1[0]<--->EndNode1[0]
REAL
  0.439153   -0.02402 0.00750461    0.38013
  -0.02402  0.0634921  0.0215308 -0.0234688
0.00750461  0.0215308   0.047619  0.0144415
   0.38013 -0.0234688  0.0144415   0.449735
IMAGINARY
          0 -0.00836958   0.0210834   0.0152953
 0.00836958           0   0.0173417   0.0126746
 -0.0210834  -0.0173417           0  -0.0266623
 -0.0152953  -0.0126746   0.0266623           0
Repeater1[0]<--->HoM1[0]
REAL
   0.456233  0.00455685 -0.00862151    0.379272
 0.00455685    0.066313   0.0377138 -0.00734273
-0.00862151   0.0377138   0.0583554 -0.00647256
   0.379272 -0.00734273 -0.00647256    0.419098
IMAGINARY
          0  0.00068502   0.0136364   0.0278123
-0.00068502           0  0.00852855  0.00194805
 -0.0136364 -0.00852855           0   -0.013672
 -0.0278123 -0.00194805    0.013672           0
EndNode1[0]<--->Repeater1[0]
REAL
   0.428954  -0.0119573  -0.0287333    0.374515
 -0.0119573   0.0589812   0.0249692 -0.00992652
 -0.0287333   0.0249692   0.0723861  -0.0163933
   0.374515 -0.00992652  -0.0163933    0.439678
IMAGINARY
           0    0.0072807    0.0111484   -0.0312782
  -0.0072807            0  0.000938345    0.0011733
  -0.0111484 -0.000938345            0  -0.00144413
   0.0312782   -0.0011733   0.00144413            0
EndNode2[0]<--->HoM1[0]
REAL
   0.426065   0.0256279   0.0303234    0.381039
  0.0256279   0.0802005   0.0350897  0.00257985
  0.0303234   0.0350897   0.0538847 0.000823718
   0.381039  0.00257985 0.000823718     0.43985
IMAGINARY
          0  0.00614277 -0.00925699 -0.00836147
-0.00614277           0 -0.00383365 -0.00335921
 0.00925699  0.00383365           0  -0.0147749
 0.00836147  0.00335921   0.0147749           0
Repeater1[0]<--->EndNode1[0]
REAL
   0.428954  -0.0287333  -0.0119573    0.374515
 -0.0287333   0.0723861   0.0249692  -0.0163933
 -0.0119573   0.0249692   0.0589812 -0.00992652
   0.374515  -0.0163933 -0.00992652    0.439678
IMAGINARY
           0    0.0111484    0.0072807   -0.0312782
  -0.0111484            0 -0.000938345  -0.00144413
  -0.0072807  0.000938345            0    0.0011733
   0.0312782   0.00144413   -0.0011733            0
Repeater1[0]<--->HoM1[0]
REAL
   0.426065   0.0303234   0.0256279    0.381039
  0.0303234   0.0538847   0.0350897 0.000823718
  0.0256279   0.0350897   0.0802005  0.00257985
   0.381039 0.000823718  0.00257985     0.43985
IMAGINARY
          0 -0.00925699  0.00614277 -0.00836147
 0.00925699           0  0.00383365  -0.0147749
-0.00614277 -0.00383365           0 -0.00335921
 0.00836147   0.0147749  0.00335921           0
EndNode1[0]<--->Repeater1[0]
REAL
   0.427471  -0.0247691  -0.0226998    0.383124
 -0.0247691   0.0783055   0.0380879 -0.00578505
 -0.0226998   0.0380879   0.0770218 -0.00492785
   0.383124 -0.00578505 -0.00492785    0.417202
IMAGINARY
          0   -0.011064  0.00136199  0.00635765
   0.011064           0   0.0157662   0.0192191
-0.00136199  -0.0157662           0 -0.00709578
-0.00635765  -0.0192191  0.00709578           0
EndNode2[0]<--->HoM1[0]
REAL
  0.444015 -0.0136964  0.0107264   0.389715
-0.0136964  0.0669241  0.0311028 0.00268353
 0.0107264  0.0311028  0.0669241  0.0143349
  0.389715 0.00268353  0.0143349   0.422136
IMAGINARY
          0 -0.00231656  0.00982133  -0.0292857
 0.00231656           0  0.00559807  0.00174679
-0.00982133 -0.00559807           0  -0.0118223
  0.0292857 -0.00174679   0.0118223           0
Repeater1[0]<--->EndNode1[0]
REAL
   0.427471  -0.0226998  -0.0247691    0.383124
 -0.0226998   0.0770218   0.0380879 -0.00492785
 -0.0247691   0.0380879   0.0783055 -0.00578505
   0.383124 -0.00492785 -0.00578505    0.417202
IMAGINARY
          0  0.00136199   -0.011064  0.00635765
-0.00136199           0  -0.0157662 -0.00709578
   0.011064   0.0157662           0   0.0192191
-0.00635765  0.00709578  -0.0192191           0
Repeater1[0]<--->HoM1[0]
REAL
  0.444015  0.0107264 -0.0136964   0.389715
 0.0107264  0.0669241  0.0311028  0.0143349
-0.0136964  0.0311028  0.0669241 0.00268353
  0.389715  0.0143349 0.00268353   0.422136
IMAGINARY
          0  0.00982133 -0.00231656  -0.0292857
-0.00982133           0 -0.00559807  -0.0118223
 0.00231656  0.00559807           0  0.00174679
  0.0292857   0.0118223 -0.00174679           0
EndNode1[0]<--->Repeater1[0]
REAL
  0.422222 -0.0108985  -0.016166   0.375991
-0.0108985  0.0763889  0.0338856  -0.012229
 -0.016166  0.0338856  0.0666667  -0.016262
  0.375991  -0.012229  -0.016262   0.434722
IMAGINARY
          0    0.023481  0.00616357  -0.0116694
  -0.023481           0   0.0122668  -0.0299731
-0.00616357  -0.0122668           0 -0.00217777
  0.0116694   0.0299731  0.00217777           0
EndNode2[0]<--->HoM1[0]
REAL
  0.436881 -0.0253465 -0.0112234   0.392257
-0.0253465  0.0680693  0.0154356 -0.0105715
-0.0112234  0.0154356  0.0680693  -0.011833
  0.392257 -0.0105715  -0.011833    0.42698
IMAGINARY
          0   0.0100616 -0.00227373   0.0339256
 -0.0100616           0     0.01269  -0.0156071
 0.00227373    -0.01269           0 -0.00675035
 -0.0339256   0.0156071  0.00675035           0
Repeater1[0]<--->EndNode1[0]
REAL
  0.422222  -0.016166 -0.0108985   0.375991
 -0.016166  0.0666667  0.0338856  -0.016262
-0.0108985  0.0338856  0.0763889  -0.012229
  0.375991  -0.016262  -0.012229   0.434722
IMAGINARY
          0  0.00616357    0.023481  -0.0116694
-0.00616357           0  -0.0122668 -0.00217777
  -0.023481   0.0122668           0  -0.0299731
  0.0116694  0.00217777   0.0299731           0
Repeater1[0]<--->HoM1[0]
REAL
  0.436881 -0.0112234 -0.0253465   0.392257
-0.0112234  0.0680693  0.0154356  -0.011833
-0.0253465  0.0154356  0.0680693 -0.0105715
  0.392257  -0.011833 -0.0105715    0.42698
IMAGINARY
          0 -0.00227373   0.0100616   0.0339256
 0.00227373           0    -0.01269 -0.00675035
 -0.0100616     0.01269           0  -0.0156071
 -0.0339256  0.00675035   0.0156071           0
EndNode1[0]<--->Repeater1[0]
REAL
   0.42375 -0.0271266 -0.0381926   0.398795
-0.0271266     0.0725  0.0281282 -0.0118074
-0.0381926  0.0281282     0.0875 -0.0138991
  0.398795 -0.0118074 -0.0138991    0.41625
IMAGINARY
           0   0.00335763   0.00410938   0.00479172
 -0.00335763            0 -0.000955405     0.013224
 -0.00410938  0.000955405            0    -0.016691
 -0.00479172    -0.013224     0.016691            0
EndNode2[0]<--->HoM1[0]
REAL
  0.447527   0.035198  0.0152534   0.371669
  0.035198  0.0627262  0.0279187 0.00606707
 0.0152534  0.0279187  0.0566948 0.00950628
  0.371669 0.00606707 0.00950628   0.433052
IMAGINARY
           0  -0.00746899    0.0189778   0.00442584
  0.00746899            0    0.0208516  0.000553427
  -0.0189778   -0.0208516            0    0.0113752
