EndNode1[0]<--->Repeater1[0]
REAL
   0.411028  0.00127551 -0.00923567    0.303348
 0.00127551    0.066416   0.0282842  0.00923567
-0.00923567   0.0282842   0.0576441  0.00127551
   0.303348  0.00923567  0.00127551    0.464912
IMAGINARY
          0 -0.00613074  0.00772537   0.0203583
 0.00613074           0 -0.00477393  0.00255741
-0.00772537  0.00477393           0 -0.00800808
 -0.0203583 -0.00255741  0.00800808           0
EndNode2[0]<--->HoM1[0]
REAL
   0.425718   0.0135892   0.0141778    0.298298
  0.0135892   0.0399501   0.0112258 -0.00195126
  0.0141778   0.0112258   0.0461923   0.0037853
   0.298298 -0.00195126   0.0037853     0.48814
IMAGINARY
           0 -0.000999069  -0.00759204    0.0229085
 0.000999069            0   0.00585528   -0.0082508
  0.00759204  -0.00585528            0    0.0143071
  -0.0229085    0.0082508   -0.0143071            0
Repeater1[0]<--->EndNode1[0]
REAL
   0.411028 -0.00923567  0.00127551    0.303348
-0.00923567   0.0576441   0.0282842  0.00127551
 0.00127551   0.0282842    0.066416  0.00923567
   0.303348  0.00127551  0.00923567    0.464912
IMAGINARY
          0  0.00772537 -0.00613074   0.0203583
-0.00772537           0  0.00477393 -0.00800808
 0.00613074 -0.00477393           0  0.00255741
 -0.0203583  0.00800808 -0.00255741           0
Repeater1[0]<--->HoM1[0]
REAL
   0.425718   0.0141778   0.0135892    0.298298
  0.0141778   0.0461923   0.0112258   0.0037853
  0.0135892   0.0112258   0.0399501 -0.00195126
   0.298298   0.0037853 -0.00195126     0.48814
IMAGINARY
           0  -0.00759204 -0.000999069    0.0229085
  0.00759204            0  -0.00585528    0.0143071
 0.000999069   0.00585528            0   -0.0082508
  -0.0229085   -0.0143071    0.0082508            0
EndNode1[0]<--->Repeater1[0]
REAL
   0.428752   0.0126583    0.012838    0.287427
  0.0126583   0.0542245  -0.0024666  -0.0247114
   0.012838  -0.0024666   0.0617907 -0.00210421
   0.287427  -0.0247114 -0.00210421    0.455233
IMAGINARY
          0  0.00101488  -0.0352083  0.00923082
-0.00101488           0   0.0079682   0.0139317
  0.0352083  -0.0079682           0 -0.00101488
-0.00923082  -0.0139317  0.00101488           0
EndNode2[0]<--->HoM1[0]
REAL
    0.450904 -0.000539516   0.00251991     0.289109
-0.000539516    0.0439276   0.00471781 -5.07791e-05
  0.00251991   0.00471781    0.0503876  -0.00316419
    0.289109 -5.07791e-05  -0.00316419      0.45478
IMAGINARY
           0  -0.00199661  -0.00799042  -0.00172369
  0.00199661            0  -0.00606074  -0.00391434
  0.00799042   0.00606074            0 -0.000648897
  0.00172369   0.00391434  0.000648897            0
Repeater1[0]<--->EndNode1[0]
REAL
   0.428752    0.012838   0.0126583    0.287427
   0.012838   0.0617907  -0.0024666 -0.00210421
  0.0126583  -0.0024666   0.0542245  -0.0247114
   0.287427 -0.00210421  -0.0247114    0.455233
IMAGINARY
          0  -0.0352083  0.00101488  0.00923082
  0.0352083           0  -0.0079682 -0.00101488
-0.00101488   0.0079682           0   0.0139317
-0.00923082  0.00101488  -0.0139317           0
Repeater1[0]<--->HoM1[0]
REAL
    0.450904   0.00251991 -0.000539516     0.289109
  0.00251991    0.0503876   0.00471781  -0.00316419
-0.000539516   0.00471781    0.0439276 -5.07791e-05
    0.289109  -0.00316419 -5.07791e-05      0.45478
IMAGINARY
           0  -0.00799042  -0.00199661  -0.00172369
  0.00799042            0   0.00606074 -0.000648897
  0.00199661  -0.00606074            0  -0.00391434
  0.00172369  0.000648897   0.00391434            0
EndNode1[0]<--->Repeater1[0]
REAL
  0.451235  0.0272167 -0.0028051   0.265343
 0.0272167  0.0442133 0.00667789  0.0209398
-0.0028051 0.00667789  0.0494148 0.00646202
  0.265343  0.0209398 0.00646202   0.455137
IMAGINARY
          0  -0.0336773   0.0105444  0.00769231
  0.0336773           0   0.0102564  0.00806918
 -0.0105444  -0.0102564           0 -0.00290807
-0.00769231 -0.00806918  0.00290807           0
EndNode2[0]<--->HoM1[0]
REAL
   0.480392 -0.00516494 -0.00353273    0.300984
-0.00516494   0.0406162 -0.00386326   -0.013483
-0.00353273 -0.00386326   0.0462185  0.00254714
   0.300984   -0.013483  0.00254714    0.432773
IMAGINARY
          0  0.00409836 -0.00771074  -0.0266981
-0.00409836           0   0.0153345  0.00133319
 0.00771074  -0.0153345           0 -0.00409836
  0.0266981 -0.00133319  0.00409836           0
Repeater1[0]<--->EndNode1[0]
REAL
  0.451235 -0.0028051  0.0272167   0.265343
-0.0028051  0.0494148 0.00667789 0.00646202
 0.0272167 0.00667789  0.0442133  0.0209398
  0.265343 0.00646202  0.0209398   0.455137
IMAGINARY
          0   0.0105444  -0.0336773  0.00769231
 -0.0105444           0  -0.0102564 -0.00290807
  0.0336773   0.0102564           0  0.00806918
-0.00769231  0.00290807 -0.00806918           0
Repeater1[0]<--->HoM1[0]
REAL
   0.480392 -0.00353273 -0.00516494    0.300984
-0.00353273   0.0462185 -0.00386326  0.00254714
-0.00516494 -0.00386326   0.0406162   -0.013483
   0.300984  0.00254714   -0.013483    0.432773
IMAGINARY
          0 -0.00771074  0.00409836  -0.0266981
 0.00771074           0  -0.0153345 -0.00409836
-0.00409836   0.0153345           0  0.00133319
  0.0266981  0.00409836 -0.00133319           0
EndNode1[0]<--->Repeater1[0]
REAL
    0.431298    0.0127334   -0.0153915     0.295725
   0.0127334    0.0356234 -0.000460656   0.00285668
  -0.0153915 -0.000460656    0.0559796  -0.00159132
    0.295725   0.00285668  -0.00159132     0.477099
IMAGINARY
          0  0.00233499   0.0023588   0.0126004
-0.00233499           0 -0.00472636  -0.0160656
 -0.0023588  0.00472636           0   0.0244826
 -0.0126004   0.0160656  -0.0244826           0
EndNode2[0]<--->HoM1[0]
REAL
   0.442767 0.000355248   0.0256611     0.27884
0.000355248   0.0377358  -0.0144419 -0.00471867
  0.0256611  -0.0144419   0.0427673 -0.00820865
    0.27884 -0.00471867 -0.00820865     0.47673
IMAGINARY
          0  -0.0197099  0.00539606 -0.00342076
  0.0197099           0  -0.0165294   0.0256117
-0.00539606   0.0165294           0 -0.00871383
 0.00342076  -0.0256117  0.00871383           0
Repeater1[0]<--->EndNode1[0]
REAL
    0.431298   -0.0153915    0.0127334     0.295725
  -0.0153915    0.0559796 -0.000460656  -0.00159132
   0.0127334 -0.000460656    0.0356234   0.00285668
    0.295725  -0.00159132   0.00285668     0.477099
IMAGINARY
          0   0.0023588  0.00233499   0.0126004
 -0.0023588           0  0.00472636   0.0244826
-0.00233499 -0.00472636           0  -0.0160656
 -0.0126004  -0.0244826   0.0160656           0
Repeater1[0]<--->HoM1[0]
REAL
   0.442767   0.0256611 0.000355248     0.27884
  0.0256611   0.0427673  -0.0144419 -0.00820865
0.000355248  -0.0144419   0.0377358 -0.00471867
    0.27884 -0.00820865 -0.00471867     0.47673
IMAGINARY
          0  0.00539606  -0.0197099 -0.00342076
-0.00539606           0   0.0165294 -0.00871383
  0.0197099  -0.0165294           0   0.0256117
 0.00342076  0.00871383  -0.0256117           0
EndNode1[0]<--->Repeater1[0]
REAL
   0.482188    0.013842  0.00873163    0.289097
   0.013842   0.0407125  -0.0171445  -0.0172506
 0.00873163  -0.0171445   0.0483461 -0.00663359
   0.289097  -0.0172506 -0.00663359    0.428753
IMAGINARY
          0 -0.00158775  0.00102255   0.0108183
 0.00158775           0 -0.00580575  0.00352882
-0.00102255  0.00580575           0 -0.00686479
 -0.0108183 -0.00352882  0.00686479           0
EndNode2[0]<--->HoM1[0]
REAL
   0.420765   0.0133103   0.0312652    0.291253
  0.0133103    0.057377 -0.00770904   0.0168361
  0.0312652 -0.00770904   0.0505464 0.000613779
   0.291253   0.0168361 0.000613779    0.471311
IMAGINARY
           0  -0.00407032  0.000643539    0.0156747
  0.00407032            0    0.0117684  4.96941e-06
-0.000643539   -0.0117684            0   -0.0238155
  -0.0156747 -4.96941e-06    0.0238155            0
Repeater1[0]<--->EndNode1[0]
REAL
   0.482188  0.00873163    0.013842    0.289097
 0.00873163   0.0483461  -0.0171445 -0.00663359
   0.013842  -0.0171445   0.0407125  -0.0172506
   0.289097 -0.00663359  -0.0172506    0.428753
IMAGINARY
          0  0.00102255 -0.00158775   0.0108183
-0.00102255           0  0.00580575 -0.00686479
 0.00158775 -0.00580575           0  0.00352882
 -0.0108183  0.00686479 -0.00352882           0
Repeater1[0]<--->HoM1[0]
REAL
   0.420765   0.0312652   0.0133103    0.291253
  0.0312652   0.0505464 -0.00770904 0.000613779
  0.0133103 -0.00770904    0.057377   0.0168361
   0.291253 0.000613779   0.0168361    0.471311
IMAGINARY
           0  0.000643539  -0.00407032    0.0156747
-0.000643539            0   -0.0117684   -0.0238155
  0.00407032    0.0117684            0  4.96941e-06
  -0.0156747    0.0238155 -4.96941e-06            0
EndNode1[0]<--->Repeater1[0]
REAL
   0.472848  0.00434295  0.00660479    0.279268
 0.00434295   0.0516556  -0.0116536 -0.00227846
 0.00660479  -0.0116536   0.0397351  0.00492775
   0.279268 -0.00227846  0.00492775    0.435762
IMAGINARY
          0 -0.00817934 -0.00911597  0.00483281
 0.00817934           0   0.0137842  -0.0012004
 0.00911597  -0.0137842           0  0.00474055
-0.00483281   0.0012004 -0.00474055           0
EndNode2[0]<--->HoM1[0]
REAL
    0.459644  -0.00761106   -0.0296731     0.280887
 -0.00761106    0.0437756    0.0186025 -0.000339719
  -0.0296731    0.0186025    0.0560876   -0.0211246
    0.280887 -0.000339719   -0.0211246     0.440492
IMAGINARY
          0  0.00109338 -0.00612914  0.00553022
-0.00109338           0  0.00899763  0.00812117
 0.00612914 -0.00899763           0   0.0115228
-0.00553022 -0.00812117  -0.0115228           0
Repeater1[0]<--->EndNode1[0]
REAL
   0.472848  0.00660479  0.00434295    0.279268
 0.00660479   0.0397351  -0.0116536  0.00492775
 0.00434295  -0.0116536   0.0516556 -0.00227846
   0.279268  0.00492775 -0.00227846    0.435762
IMAGINARY
          0 -0.00911597 -0.00817934  0.00483281
 0.00911597           0  -0.0137842  0.00474055
 0.00817934   0.0137842           0  -0.0012004
-0.00483281 -0.00474055   0.0012004           0
Repeater1[0]<--->HoM1[0]
REAL
    0.459644   -0.0296731  -0.00761106     0.280887
  -0.0296731    0.0560876    0.0186025   -0.0211246
 -0.00761106    0.0186025    0.0437756 -0.000339719
    0.280887   -0.0211246 -0.000339719     0.440492
IMAGINARY
          0 -0.00612914  0.00109338  0.00553022
 0.00612914           0 -0.00899763   0.0115228
-0.00109338  0.00899763           0  0.00812117
-0.00553022  -0.0115228 -0.00812117           0
EndNode1[0]<--->Repeater1[0]
REAL
   0.470513  -0.0111257  -0.0289745     0.29792
 -0.0111257   0.0461538 -0.00996183 -0.00374806
 -0.0289745 -0.00996183   0.0384615  -0.0111257
    0.29792 -0.00374806  -0.0111257    0.444872
IMAGINARY
          0    0.011681  -0.0305104  -0.0235334
  -0.011681           0  0.00921215    -0.01013
  0.0305104 -0.00921215           0    0.014181
  0.0235334     0.01013   -0.014181           0
EndNode2[0]<--->HoM1[0]
REAL
  0.450882  0.0131817  0.0328442   0.286226
 0.0131817  0.0579345  -0.012788 -0.0185212
 0.0328442  -0.012788  0.0491184 0.00114118
  0.286226 -0.0185212 0.00114118   0.442065
IMAGINARY
           0   0.00664521  0.000459294  -0.00660222
 -0.00664521            0  -0.00275607   -0.0158724
-0.000459294   0.00275607            0    0.0100009
  0.00660222    0.0158724   -0.0100009            0
Repeater1[0]<--->EndNode1[0]
REAL
   0.470513  -0.0289745  -0.0111257     0.29792
 -0.0289745   0.0384615 -0.00996183  -0.0111257
 -0.0111257 -0.00996183   0.0461538 -0.00374806
    0.29792  -0.0111257 -0.00374806    0.444872
IMAGINARY
          0  -0.0305104    0.011681  -0.0235334
  0.0305104           0 -0.00921215    0.014181
  -0.011681  0.00921215           0    -0.01013
  0.0235334   -0.014181     0.01013           0
Repeater1[0]<--->HoM1[0]
REAL
  0.450882  0.0328442  0.0131817   0.286226
 0.0328442  0.0491184  -0.012788 0.00114118
 0.0131817  -0.012788  0.0579345 -0.0185212
  0.286226 0.00114118 -0.0185212   0.442065
IMAGINARY
           0  0.000459294   0.00664521  -0.00660222
-0.000459294            0   0.00275607    0.0100009
 -0.00664521  -0.00275607            0   -0.0158724
  0.00660222   -0.0100009    0.0158724            0
EndNode1[0]<--->Repeater1[0]
REAL
   0.439374 -0.00378124  0.00854182    0.282392
-0.00378124   0.0469361  0.00171277 -0.00913494
 0.00854182  0.00171277   0.0456323  -0.0110468
   0.282392 -0.00913494  -0.0110468    0.468057
IMAGINARY
          0  -0.0218504 -0.00310317   0.0196171
  0.0218504           0  0.00491121  -0.0125626
 0.00310317 -0.00491121           0 -0.00164834
 -0.0196171   0.0125626  0.00164834           0
EndNode2[0]<--->HoM1[0]
REAL
    0.427842    0.0207535 -0.000700284     0.296072
   0.0207535    0.0587484   -0.0119083    0.0281588
-0.000700284   -0.0119083    0.0523627    0.0207535
    0.296072    0.0281588    0.0207535     0.461047
IMAGINARY
           0   -0.0125633 -0.000310553  0.000253405
   0.0125633            0   -0.0119417  -0.00218321
 0.000310553    0.0119417            0   0.00258823
-0.000253405   0.00218321  -0.00258823            0
Repeater1[0]<--->EndNode1[0]
REAL
   0.439374  0.00854182 -0.00378124    0.282392
 0.00854182   0.0456323  0.00171277  -0.0110468
-0.00378124  0.00171277   0.0469361 -0.00913494
   0.282392  -0.0110468 -0.00913494    0.468057
IMAGINARY
          0 -0.00310317  -0.0218504   0.0196171
 0.00310317           0 -0.00491121 -0.00164834
  0.0218504  0.00491121           0  -0.0125626
 -0.0196171  0.00164834   0.0125626           0
Repeater1[0]<--->HoM1[0]
REAL
    0.427842 -0.000700284    0.0207535     0.296072
-0.000700284    0.0523627   -0.0119083    0.0207535
   0.0207535   -0.0119083    0.0587484    0.0281588
    0.296072    0.0207535    0.0281588     0.461047
IMAGINARY
           0 -0.000310553   -0.0125633  0.000253405
 0.000310553            0    0.0119417   0.00258823
   0.0125633   -0.0119417            0  -0.00218321
-0.000253405  -0.00258823   0.00218321            0
EndNode1[0]<--->Repeater1[0]
REAL
   0.419315 -0.00253919   -0.005597    0.277789
-0.00253919   0.0574572   0.0144512  0.00872591
  -0.005597   0.0144512   0.0476773 0.000661839
   0.277789  0.00872591 0.000661839     0.47555
IMAGINARY
          0  0.00707786  -0.0203526   0.0319182
-0.00707786           0 -0.00930517  -0.0145311
  0.0203526  0.00930517           0   0.0237019
 -0.0319182   0.0145311  -0.0237019           0
EndNode2[0]<--->HoM1[0]
REAL
   0.419518  0.00547652   0.0192052    0.288836
 0.00547652   0.0557668 -0.00368994  0.00864623
  0.0192052 -0.00368994   0.0633714   0.0144174
   0.288836  0.00864623   0.0144174    0.461343
IMAGINARY
          0   0.0129775   0.0194994   -0.012849
 -0.0129775           0  -0.0115896  -0.0143448
 -0.0194994   0.0115896           0  0.00377506
   0.012849   0.0143448 -0.00377506           0
Repeater1[0]<--->EndNode1[0]
REAL
   0.419315   -0.005597 -0.00253919    0.277789
  -0.005597   0.0476773   0.0144512 0.000661839
-0.00253919   0.0144512   0.0574572  0.00872591
   0.277789 0.000661839  0.00872591     0.47555
IMAGINARY
          0  -0.0203526  0.00707786   0.0319182
  0.0203526           0  0.00930517   0.0237019
-0.00707786 -0.00930517           0  -0.0145311
 -0.0319182  -0.0237019   0.0145311           0
Repeater1[0]<--->HoM1[0]
REAL
   0.419518   0.0192052  0.00547652    0.288836
  0.0192052   0.0633714 -0.00368994   0.0144174
 0.00547652 -0.00368994   0.0557668  0.00864623
   0.288836   0.0144174  0.00864623    0.461343
IMAGINARY
          0   0.0194994   0.0129775   -0.012849
 -0.0194994           0   0.0115896  0.00377506
 -0.0129775  -0.0115896           0  -0.0143448
   0.012849 -0.00377506   0.0143448           0
EndNode1[0]<--->Repeater1[0]
REAL
    0.456163   -0.0100083   -0.0104556     0.273051
  -0.0100083    0.0482846 -0.000611301  -0.00913983
  -0.0104556 -0.000611301    0.0546379   -0.0146441
    0.273051  -0.00913983   -0.0146441     0.440915
IMAGINARY
          0 -0.00587065   0.0107357  -0.0177279
 0.00587065           0  0.00819803  -0.0169085
 -0.0107357 -0.00819803           0   0.0161587
  0.0177279   0.0169085  -0.0161587           0
EndNode2[0]<--->HoM1[0]
REAL
    0.44557  0.00294764   0.0173383    0.293545
 0.00294764   0.0582278 -0.00272848  0.00179431
  0.0173383 -0.00272848   0.0468354 -0.00422315
   0.293545  0.00179431 -0.00422315    0.449367
IMAGINARY
           0   0.00327138  0.000461194   0.00634514
 -0.00327138            0  -0.00429316   0.00761334
-0.000461194   0.00429316            0  -0.00886144
 -0.00634514  -0.00761334   0.00886144            0
Repeater1[0]<--->EndNode1[0]
REAL
    0.456163   -0.0104556   -0.0100083     0.273051
  -0.0104556    0.0546379 -0.000611301   -0.0146441
  -0.0100083 -0.000611301    0.0482846  -0.00913983
    0.273051   -0.0146441  -0.00913983     0.440915
IMAGINARY
          0   0.0107357 -0.00587065  -0.0177279
 -0.0107357           0 -0.00819803   0.0161587
 0.00587065  0.00819803           0  -0.0169085
  0.0177279  -0.0161587   0.0169085           0
Repeater1[0]<--->HoM1[0]
REAL
    0.44557   0.0173383  0.00294764    0.293545
  0.0173383   0.0468354 -0.00272848 -0.00422315
 0.00294764 -0.00272848   0.0582278  0.00179431
   0.293545 -0.00422315  0.00179431    0.449367
IMAGINARY
           0  0.000461194   0.00327138   0.00634514
-0.000461194            0   0.00429316  -0.00886144
 -0.00327138  -0.00429316            0   0.00761334
 -0.00634514   0.00886144  -0.00761334            0
EndNode1[0]<--->Repeater1[0]
REAL
    0.457649   -0.0115982   0.00223392     0.278234
  -0.0115982    0.0417193    0.0315282  -0.00411126
  0.00223392    0.0315282    0.0518331 -0.000291665
    0.278234  -0.00411126 -0.000291665     0.448799
IMAGINARY
           0 -0.000544814  -0.00288492    0.0054562
 0.000544814            0   -0.0143395   0.00215286
  0.00288492    0.0143395            0  -0.00311551
  -0.0054562  -0.00215286   0.00311551            0
EndNode2[0]<--->HoM1[0]
REAL
  0.425971 -0.0033963  0.0130833    0.31232
-0.0033963  0.0546117  0.0068012 -0.0143752
 0.0130833  0.0068012  0.0618932 0.00727227
   0.31232 -0.0143752 0.00727227   0.457524
IMAGINARY
           0   -0.0241799  -0.00148238   0.00605652
   0.0241799            0 -0.000861717   -0.0175715
  0.00148238  0.000861717            0   0.00906819
 -0.00605652    0.0175715  -0.00906819            0
Repeater1[0]<--->EndNode1[0]
REAL
    0.457649   0.00223392   -0.0115982     0.278234
  0.00223392    0.0518331    0.0315282 -0.000291665
  -0.0115982    0.0315282    0.0417193  -0.00411126
    0.278234 -0.000291665  -0.00411126     0.448799
IMAGINARY
           0  -0.00288492 -0.000544814    0.0054562
  0.00288492            0    0.0143395  -0.00311551
 0.000544814   -0.0143395            0   0.00215286
  -0.0054562   0.00311551  -0.00215286            0
Repeater1[0]<--->HoM1[0]
REAL
  0.425971  0.0130833 -0.0033963    0.31232
 0.0130833  0.0618932  0.0068012 0.00727227
-0.0033963  0.0068012  0.0546117 -0.0143752
   0.31232 0.00727227 -0.0143752   0.457524
IMAGINARY
           0  -0.00148238   -0.0241799   0.00605652
  0.00148238            0  0.000861717   0.00906819
   0.0241799 -0.000861717            0   -0.0175715
 -0.00605652  -0.00906819    0.0175715            0
EndNode1[0]<--->Repeater1[0]
REAL
   0.438776   0.0143937  0.00657403    0.293982
  0.0143937   0.0637755  -0.0046484  0.00409264
 0.00657403  -0.0046484   0.0459184 -0.00372707
   0.293982  0.00409264 -0.00372707    0.451531
IMAGINARY
          0 -0.00963055    0.005968 -0.00658673
 0.00963055           0 -0.00979597  0.00773063
  -0.005968  0.00979597           0  0.00552096
 0.00658673 -0.00773063 -0.00552096           0
EndNode2[0]<--->HoM1[0]
REAL
  0.444862 -0.0039738  0.0117957    0.30018
-0.0039738  0.0350877 0.00466536 0.00233622
 0.0117957 0.00466536  0.0614035 0.00868443
   0.30018 0.00233622 0.00868443   0.458647
IMAGINARY
          0   0.0145603  -0.0167095  -0.0200734
 -0.0145603           0  0.00330322   0.0167095
  0.0167095 -0.00330322           0   0.0157828
  0.0200734  -0.0167095  -0.0157828           0
Repeater1[0]<--->EndNode1[0]
REAL
   0.438776  0.00657403   0.0143937    0.293982
 0.00657403   0.0459184  -0.0046484 -0.00372707
  0.0143937  -0.0046484   0.0637755  0.00409264
   0.293982 -0.00372707  0.00409264    0.451531
IMAGINARY
          0    0.005968 -0.00963055 -0.00658673
  -0.005968           0  0.00979597  0.00552096
 0.00963055 -0.00979597           0  0.00773063
 0.00658673 -0.00552096 -0.00773063           0
Repeater1[0]<--->HoM1[0]
REAL
  0.444862  0.0117957 -0.0039738    0.30018
 0.0117957  0.0614035 0.00466536 0.00868443
-0.0039738 0.00466536  0.0350877 0.00233622
   0.30018 0.00868443 0.00233622   0.458647
IMAGINARY
          0  -0.0167095   0.0145603  -0.0200734
  0.0167095           0 -0.00330322   0.0157828
 -0.0145603  0.00330322           0   0.0167095
  0.0200734  -0.0157828  -0.0167095           0
EndNode1[0]<--->Repeater1[0]
REAL
   0.435463 0.000449017   0.0176471    0.299292
0.000449017   0.0482399   0.0160022  -0.0117647
  0.0176471   0.0160022   0.0691004 -0.00280196
   0.299292  -0.0117647 -0.00280196    0.447197
IMAGINARY
          0  -0.0215673 -0.00430248  -0.0108321
  0.0215673           0  -0.0081073   0.0225792
 0.00430248   0.0081073           0   0.0137344
  0.0108321  -0.0225792  -0.0137344           0
EndNode2[0]<--->HoM1[0]
REAL
    0.469251   0.00621136   0.00487064     0.284071
  0.00621136    0.0414439    0.0151364   -0.0121362
  0.00487064    0.0151364     0.040107 -0.000266846
    0.284071   -0.0121362 -0.000266846     0.449198
IMAGINARY
          0  0.00948297  -0.0144073  -0.0146472
-0.00948297           0  -0.0139987 -0.00677371
  0.0144073   0.0139987           0  0.00142845
  0.0146472  0.00677371 -0.00142845           0
Repeater1[0]<--->EndNode1[0]
REAL
   0.435463   0.0176471 0.000449017    0.299292
  0.0176471   0.0691004   0.0160022 -0.00280196
0.000449017   0.0160022   0.0482399  -0.0117647
   0.299292 -0.00280196  -0.0117647    0.447197
IMAGINARY
          0 -0.00430248  -0.0215673  -0.0108321
 0.00430248           0   0.0081073   0.0137344
  0.0215673  -0.0081073           0   0.0225792
  0.0108321  -0.0137344  -0.0225792           0
Repeater1[0]<--->HoM1[0]
REAL
    0.469251   0.00487064   0.00621136     0.284071
  0.00487064     0.040107    0.0151364 -0.000266846
  0.00621136    0.0151364    0.0414439   -0.0121362
    0.284071 -0.000266846   -0.0121362     0.449198
IMAGINARY
          0  -0.0144073  0.00948297  -0.0146472
  0.0144073           0   0.0139987  0.00142845
-0.00948297  -0.0139987           0 -0.00677371
  0.0146472 -0.00142845  0.00677371           0
EndNode1[0]<--->Repeater1[0]
REAL
   0.463315   -0.010988 -0.00132468     0.28633
  -0.010988   0.0502717 -0.00327438  -0.0172889
-0.00132468 -0.00327438   0.0475543  0.00392768
    0.28633  -0.0172889  0.00392768    0.438859
IMAGINARY
          0   0.0042938   0.0179425   0.0107783
 -0.0042938           0 -0.00884281  -0.0117544
 -0.0179425  0.00884281           0  0.00684482
 -0.0107783   0.0117544 -0.00684482           0
EndNode2[0]<--->HoM1[0]
REAL
   0.432361  0.00174507 -0.00374906    0.283813
 0.00174507   0.0503979  -0.0214972 -0.00240858
-0.00374906  -0.0214972   0.0450928   0.0130333
   0.283813 -0.00240858   0.0130333    0.472149
IMAGINARY
           0 -9.95451e-05    0.0107795    0.0161751
 9.95451e-05            0    0.0136176  -0.00129781
  -0.0107795   -0.0136176            0   -0.0119106
  -0.0161751   0.00129781    0.0119106            0
Repeater1[0]<--->EndNode1[0]
REAL
   0.463315 -0.00132468   -0.010988     0.28633
-0.00132468   0.0475543 -0.00327438  0.00392768
  -0.010988 -0.00327438   0.0502717  -0.0172889
    0.28633  0.00392768  -0.0172889    0.438859
IMAGINARY
          0   0.0179425   0.0042938   0.0107783
 -0.0179425           0  0.00884281  0.00684482
 -0.0042938 -0.00884281           0  -0.0117544
 -0.0107783 -0.00684482   0.0117544           0
Repeater1[0]<--->HoM1[0]
REAL
   0.432361 -0.00374906  0.00174507    0.283813
-0.00374906   0.0450928  -0.0214972   0.0130333
 0.00174507  -0.0214972   0.0503979 -0.00240858
   0.283813   0.0130333 -0.00240858    0.472149
IMAGINARY
           0    0.0107795 -9.95451e-05    0.0161751
  -0.0107795            0   -0.0136176   -0.0119106
 9.95451e-05    0.0136176            0  -0.00129781
  -0.0161751    0.0119106   0.00129781            0
EndNode1[0]<--->Repeater1[0]
REAL
    0.45098   0.0176112  -0.0129879    0.276385
  0.0176112   0.0366013   0.0174805 -0.00234956
 -0.0129879   0.0174805   0.0575163  -0.0133167
   0.276385 -0.00234956  -0.0133167    0.454902
IMAGINARY
           0  -0.00793588   -0.0200919  0.000254648
  0.00793588            0   -0.0174084  -0.00319578
   0.0200919    0.0174084            0   0.00656601
-0.000254648   0.00319578  -0.00656601            0
EndNode2[0]<--->HoM1[0]
REAL
   0.447761  -0.0135663 0.000192855    0.279114
 -0.0135663   0.0497512 -0.00512391  -0.0115565
0.000192855 -0.00512391   0.0447761  -0.0142115
   0.279114  -0.0115565  -0.0142115    0.457711
IMAGINARY
          0 -0.00702027   0.0108685   0.0154154
 0.00702027           0  -0.0106193   0.0188472
 -0.0108685   0.0106193           0  -0.0136516
 -0.0154154  -0.0188472   0.0136516           0
Repeater1[0]<--->EndNode1[0]
REAL
    0.45098  -0.0129879   0.0176112    0.276385
 -0.0129879   0.0575163   0.0174805  -0.0133167
  0.0176112   0.0174805   0.0366013 -0.00234956
   0.276385  -0.0133167 -0.00234956    0.454902
IMAGINARY
           0   -0.0200919  -0.00793588  0.000254648
   0.0200919            0    0.0174084   0.00656601
  0.00793588   -0.0174084            0  -0.00319578
-0.000254648  -0.00656601   0.00319578            0
Repeater1[0]<--->HoM1[0]
REAL
   0.447761 0.000192855  -0.0135663    0.279114
0.000192855   0.0447761 -0.00512391  -0.0142115
 -0.0135663 -0.00512391   0.0497512  -0.0115565
   0.279114  -0.0142115  -0.0115565    0.457711
IMAGINARY
          0   0.0108685 -0.00702027   0.0154154
 -0.0108685           0   0.0106193  -0.0136516
 0.00702027  -0.0106193           0   0.0188472
 -0.0154154   0.0136516  -0.0188472           0
EndNode1[0]<--->Repeater1[0]
REAL
   0.443421 -0.00782744  -0.0306028    0.302762
-0.00782744   0.0605263 -0.00627051  -0.0109177
 -0.0306028 -0.00627051   0.0486842  -0.0149796
   0.302762  -0.0109177  -0.0149796    0.447368
IMAGINARY
          0  0.00677087  -0.0116715 -0.00227515
-0.00677087           0   0.0190453   0.0110263
  0.0116715  -0.0190453           0  0.00161623
 0.00227515  -0.0110263 -0.00161623           0
EndNode2[0]<--->HoM1[0]
REAL
  0.417004 -0.0143261 -0.0129593   0.288429
-0.0143261  0.0458839 -0.0042384  0.0298978
-0.0129593 -0.0042384  0.0526316  0.0162082
  0.288429  0.0298978  0.0162082    0.48448
IMAGINARY
          0 -0.00200726  0.00435806   0.0248826
 0.00200726           0 -0.00565179  0.00638783
-0.00435806  0.00565179           0  0.00896048
 -0.0248826 -0.00638783 -0.00896048           0
Repeater1[0]<--->EndNode1[0]
REAL
   0.443421  -0.0306028 -0.00782744    0.302762
 -0.0306028   0.0486842 -0.00627051  -0.0149796
-0.00782744 -0.00627051   0.0605263  -0.0109177
   0.302762  -0.0149796  -0.0109177    0.447368
IMAGINARY
          0  -0.0116715  0.00677087 -0.00227515
  0.0116715           0  -0.0190453  0.00161623
-0.00677087   0.0190453           0   0.0110263
 0.00227515 -0.00161623  -0.0110263           0
Repeater1[0]<--->HoM1[0]
REAL
  0.417004 -0.0129593 -0.0143261   0.288429
-0.0129593  0.0526316 -0.0042384  0.0162082
-0.0143261 -0.0042384  0.0458839  0.0298978
  0.288429  0.0162082  0.0298978    0.48448
IMAGINARY
          0  0.00435806 -0.00200726   0.0248826
-0.00435806           0  0.00565179  0.00896048
 0.00200726 -0.00565179           0  0.00638783
 -0.0248826 -0.00896048 -0.00638783           0
EndNode1[0]<--->Repeater1[0]
REAL
   0.423313   0.0262031    0.016124     0.27911
  0.0262031   0.0564417  0.00552493 -0.00856734
   0.016124  0.00552493   0.0564417 -0.00227368
    0.27911 -0.00856734 -0.00227368    0.463804
IMAGINARY
           0   0.00987802  -0.00228162  -0.00110045
 -0.00987802            0  -0.00490756   0.00228162
  0.00228162   0.00490756            0  0.000903656
  0.00110045  -0.00228162 -0.000903656            0
EndNode2[0]<--->HoM1[0]
REAL
   0.433208   0.0141912 -0.00267013    0.272436
  0.0141912   0.0524345 0.000969692   -0.027859
-0.00267013 0.000969692   0.0474407  -0.0243676
   0.272436   -0.027859  -0.0243676    0.466916
IMAGINARY
          0 -0.00862568   0.0010462 -0.00546652
 0.00862568           0   0.0212416  -0.0162377
 -0.0010462  -0.0212416           0   0.0145702
 0.00546652   0.0162377  -0.0145702           0
Repeater1[0]<--->EndNode1[0]
REAL
   0.423313    0.016124   0.0262031     0.27911
   0.016124   0.0564417  0.00552493 -0.00227368
  0.0262031  0.00552493   0.0564417 -0.00856734
    0.27911 -0.00227368 -0.00856734    0.463804
IMAGINARY
           0  -0.00228162   0.00987802  -0.00110045
  0.00228162            0   0.00490756  0.000903656
 -0.00987802  -0.00490756            0   0.00228162
  0.00110045 -0.000903656  -0.00228162            0
Repeater1[0]<--->HoM1[0]
REAL
   0.433208 -0.00267013   0.0141912    0.272436
-0.00267013   0.0474407 0.000969692  -0.0243676
  0.0141912 0.000969692   0.0524345   -0.027859
   0.272436  -0.0243676   -0.027859    0.466916
IMAGINARY
          0   0.0010462 -0.00862568 -0.00546652
 -0.0010462           0  -0.0212416   0.0145702
 0.00862568   0.0212416           0  -0.0162377
 0.00546652  -0.0145702   0.0162377           0
EndNode1[0]<--->Repeater1[0]
REAL
  0.467844 0.00832266 -0.0164821   0.300025
0.00832266  0.0605296 -0.0010498  0.0145615
-0.0164821 -0.0010498  0.0554855 -0.0115237
  0.300025  0.0145615 -0.0115237   0.416141
IMAGINARY
          0   0.0163478 -0.00572705  0.00258279
 -0.0163478           0  0.00759532 -0.00771381
 0.00572705 -0.00759532           0  -0.0029069
-0.00258279  0.00771381   0.0029069           0
EndNode2[0]<--->HoM1[0]
REAL
    0.454427    0.0061213   0.00632717      0.28341
   0.0061213    0.0559896 -0.000638772  -0.00445451
  0.00632717 -0.000638772    0.0455729   -0.0217268
     0.28341  -0.00445451   -0.0217268      0.44401
IMAGINARY
          0  0.00692943   0.0135417 -0.00469381
-0.00692943           0  -0.0116647 -0.00679323
 -0.0135417   0.0116647           0  -0.0234938
 0.00469381  0.00679323   0.0234938           0
Repeater1[0]<--->EndNode1[0]
REAL
  0.467844 -0.0164821 0.00832266   0.300025
-0.0164821  0.0554855 -0.0010498 -0.0115237
0.00832266 -0.0010498  0.0605296  0.0145615
  0.300025 -0.0115237  0.0145615   0.416141
IMAGINARY
          0 -0.00572705   0.0163478  0.00258279
 0.00572705           0 -0.00759532  -0.0029069
 -0.0163478  0.00759532           0 -0.00771381
-0.00258279   0.0029069  0.00771381           0
Repeater1[0]<--->HoM1[0]
REAL
    0.454427   0.00632717    0.0061213      0.28341
  0.00632717    0.0455729 -0.000638772   -0.0217268
   0.0061213 -0.000638772    0.0559896  -0.00445451
     0.28341   -0.0217268  -0.00445451      0.44401
IMAGINARY
          0   0.0135417  0.00692943 -0.00469381
 -0.0135417           0   0.0116647  -0.0234938
-0.00692943  -0.0116647           0 -0.00679323
 0.00469381   0.0234938  0.00679323           0
EndNode1[0]<--->Repeater1[0]
REAL
   0.455458   0.0193036 7.05775e-05    0.298804
  0.0193036   0.0627353 -0.00426535 -0.00332155
7.05775e-05 -0.00426535   0.0401506   0.0268603
   0.298804 -0.00332155   0.0268603    0.441656
IMAGINARY
           0    -0.031257   0.00839998  0.000733546
    0.031257            0  -0.00625502   0.00310897
 -0.00839998   0.00625502            0   -0.0109425
-0.000733546  -0.00310897    0.0109425            0
EndNode2[0]<--->HoM1[0]
REAL
   0.422222   0.0184523   0.0142602     0.28513
  0.0184523    0.054321 -0.00792767   0.0155325
  0.0142602 -0.00792767   0.0481481   0.0165218
    0.28513   0.0155325   0.0165218    0.475309
IMAGINARY
          0  -0.0303083  0.00873484  -0.0045277
  0.0303083           0  -0.0033052 -0.00539706
-0.00873484   0.0033052           0   0.0229652
  0.0045277  0.00539706  -0.0229652           0
Repeater1[0]<--->EndNode1[0]
REAL
   0.455458 7.05775e-05   0.0193036    0.298804
7.05775e-05   0.0401506 -0.00426535   0.0268603
  0.0193036 -0.00426535   0.0627353 -0.00332155
   0.298804   0.0268603 -0.00332155    0.441656
IMAGINARY
           0   0.00839998    -0.031257  0.000733546
 -0.00839998            0   0.00625502   -0.0109425
    0.031257  -0.00625502            0   0.00310897
-0.000733546    0.0109425  -0.00310897            0
Repeater1[0]<--->HoM1[0]
REAL
   0.422222   0.0142602   0.0184523     0.28513
  0.0142602   0.0481481 -0.00792767   0.0165218
  0.0184523 -0.00792767    0.054321   0.0155325
    0.28513   0.0165218   0.0155325    0.475309
IMAGINARY
          0  0.00873484  -0.0303083  -0.0045277
-0.00873484           0   0.0033052   0.0229652
  0.0303083  -0.0033052           0 -0.00539706
  0.0045277  -0.0229652  0.00539706           0
EndNode1[0]<--->Repeater1[0]
REAL
  0.475949  0.0133071  0.0112554   0.291181
 0.0133071  0.0544304  0.0140142 -0.0125541
 0.0112554  0.0140142  0.0455696 0.00617346
  0.291181 -0.0125541 0.00617346   0.424051
IMAGINARY
           0    0.0149119   -0.0161163   -0.0125023
  -0.0149119            0   0.00229822  0.000297855
   0.0161163  -0.00229822            0    0.0119107
   0.0125023 -0.000297855   -0.0119107            0
EndNode2[0]<--->HoM1[0]
REAL
   0.465201   0.0183064 -0.00509173    0.296365
  0.0183064   0.0537241  0.00162781  0.00320967
-0.00509173  0.00162781   0.0549451 -0.00136792
   0.296365  0.00320967 -0.00136792    0.426129
IMAGINARY
          0 -0.00464715  0.00721612   0.0158508
 0.00464715           0 -0.00777627 -0.00853191
-0.00721612  0.00777627           0  0.00596293
 -0.0158508  0.00853191 -0.00596293           0
Repeater1[0]<--->EndNode1[0]
REAL
  0.475949  0.0112554  0.0133071   0.291181
 0.0112554  0.0455696  0.0140142 0.00617346
 0.0133071  0.0140142  0.0544304 -0.0125541
  0.291181 0.00617346 -0.0125541   0.424051
IMAGINARY
           0   -0.0161163    0.0149119   -0.0125023
   0.0161163            0  -0.00229822    0.0119107
  -0.0149119   0.00229822            0  0.000297855
   0.0125023   -0.0119107 -0.000297855            0
Repeater1[0]<--->HoM1[0]
REAL
   0.465201 -0.00509173   0.0183064    0.296365
-0.00509173   0.0549451  0.00162781 -0.00136792
  0.0183064  0.00162781   0.0537241  0.00320967
   0.296365 -0.00136792  0.00320967    0.426129
IMAGINARY
          0  0.00721612 -0.00464715   0.0158508
-0.00721612           0  0.00777627  0.00596293
 0.00464715 -0.00777627           0 -0.00853191
 -0.0158508 -0.00596293  0.00853191           0
EndNode1[0]<--->Repeater1[0]
REAL
   0.451031  0.00461439 -0.00368392    0.275635
 0.00461439   0.0451031   0.0027364 -0.00632943
-0.00368392   0.0027364   0.0541237   -0.017298
   0.275635 -0.00632943   -0.017298    0.449742
IMAGINARY
          0  -0.0130153  -0.0109131   0.0159344
  0.0130153           0   0.0134774  0.00401225
  0.0109131  -0.0134774           0   0.0136427
 -0.0159344 -0.00401225  -0.0136427           0
EndNode2[0]<--->HoM1[0]
REAL
  0.443548 -0.0113191  0.0107042   0.286557
-0.0113191   0.047043  0.0229667  0.0119149
 0.0107042  0.0229667  0.0456989  0.0101286
  0.286557  0.0119149  0.0101286    0.46371
IMAGINARY
          0  0.00606326   0.0140283   0.0165029
-0.00606326           0  0.00592458 -0.00960353
 -0.0140283 -0.00592458           0 -0.00416692
 -0.0165029  0.00960353  0.00416692           0
Repeater1[0]<--->EndNode1[0]
REAL
   0.451031 -0.00368392  0.00461439    0.275635
-0.00368392   0.0541237   0.0027364   -0.017298
 0.00461439   0.0027364   0.0451031 -0.00632943
   0.275635   -0.017298 -0.00632943    0.449742
IMAGINARY
          0  -0.0109131  -0.0130153   0.0159344
  0.0109131           0  -0.0134774   0.0136427
  0.0130153   0.0134774           0  0.00401225
 -0.0159344  -0.0136427 -0.00401225           0
Repeater1[0]<--->HoM1[0]
REAL
  0.443548  0.0107042 -0.0113191   0.286557
 0.0107042  0.0456989  0.0229667  0.0101286
-0.0113191  0.0229667   0.047043  0.0119149
  0.286557  0.0101286  0.0119149    0.46371
IMAGINARY
          0   0.0140283  0.00606326   0.0165029
 -0.0140283           0 -0.00592458 -0.00416692
-0.00606326  0.00592458           0 -0.00960353
 -0.0165029  0.00416692  0.00960353           0
EndNode1[0]<--->Repeater1[0]
REAL
   0.452349 -0.00762806  0.00785595    0.286983
-0.00762806   0.0483221  0.00145328  -0.0137692
 0.00785595  0.00145328   0.0536913  0.00565697
   0.286983  -0.0137692  0.00565697    0.445638
IMAGINARY
           0  0.000950334   -0.0042075   -0.0120719
-0.000950334            0  -0.00405712  -0.00483643
   0.0042075   0.00405712            0   -0.0048263
   0.0120719   0.00483643    0.0048263            0
EndNode2[0]<--->HoM1[0]
REAL
   0.459459  -0.0348301   -0.011419    0.292805
 -0.0348301    0.047619  0.00451077  -0.0120709
  -0.011419  0.00451077    0.045045 -0.00610949
   0.292805  -0.0120709 -0.00610949    0.447876
IMAGINARY
          0   0.0221682 -0.00810586 -0.00978519
 -0.0221682           0   0.0116625  -0.0087061
 0.00810586  -0.0116625           0   0.0195504
 0.00978519   0.0087061  -0.0195504           0
Repeater1[0]<--->EndNode1[0]
REAL
   0.452349  0.00785595 -0.00762806    0.286983
 0.00785595   0.0536913  0.00145328  0.00565697
-0.00762806  0.00145328   0.0483221  -0.0137692
   0.286983  0.00565697  -0.0137692    0.445638
IMAGINARY
           0   -0.0042075  0.000950334   -0.0120719
   0.0042075            0   0.00405712   -0.0048263
-0.000950334  -0.00405712            0  -0.00483643
   0.0120719    0.0048263   0.00483643            0
Repeater1[0]<--->HoM1[0]
REAL
   0.459459   -0.011419  -0.0348301    0.292805
  -0.011419    0.045045  0.00451077 -0.00610949
 -0.0348301  0.00451077    0.047619  -0.0120709
   0.292805 -0.00610949  -0.0120709    0.447876
IMAGINARY
          0 -0.00810586   0.0221682 -0.00978519
 0.00810586           0  -0.0116625   0.0195504
 -0.0221682   0.0116625           0  -0.0087061
 0.00978519  -0.0195504   0.0087061           0
EndNode1[0]<--->Repeater1[0]
REAL
   0.463415  0.00436645 -0.00778468    0.294736
 0.00436645   0.0500642  0.00254458  -0.0336245
-0.00778468  0.00254458   0.0487805  -0.0037484
   0.294736  -0.0336245  -0.0037484    0.437741
IMAGINARY
          0  0.00393095  0.00542078    0.009131
-0.00393095           0  0.00848417 -0.00290189
-0.00542078 -0.00848417           0  0.00992296
  -0.009131  0.00290189 -0.00992296           0
EndNode2[0]<--->HoM1[0]
REAL
   0.437666     0.03296  -0.0207474    0.293335
    0.03296   0.0397878 -0.00425262   0.0343951
 -0.0207474 -0.00425262   0.0437666  0.00550152
   0.293335   0.0343951  0.00550152     0.47878
IMAGINARY
          0  -0.0397716   0.0173016  0.00584936
  0.0397716           0  0.00192266   0.0309557
 -0.0173016 -0.00192266           0  -0.0178692
-0.00584936  -0.0309557   0.0178692           0
Repeater1[0]<--->EndNode1[0]
REAL
   0.463415 -0.00778468  0.00436645    0.294736
-0.00778468   0.0487805  0.00254458  -0.0037484
 0.00436645  0.00254458   0.0500642  -0.0336245
   0.294736  -0.0037484  -0.0336245    0.437741
IMAGINARY
          0  0.00542078  0.00393095    0.009131
-0.00542078           0 -0.00848417  0.00992296
-0.00393095  0.00848417           0 -0.00290189
  -0.009131 -0.00992296  0.00290189           0
Repeater1[0]<--->HoM1[0]
REAL
   0.437666  -0.0207474     0.03296    0.293335
 -0.0207474   0.0437666 -0.00425262  0.00550152
    0.03296 -0.00425262   0.0397878   0.0343951
   0.293335  0.00550152   0.0343951     0.47878
IMAGINARY
          0   0.0173016  -0.0397716  0.00584936
 -0.0173016           0 -0.00192266  -0.0178692
  0.0397716  0.00192266           0   0.0309557
-0.00584936   0.0178692  -0.0309557           0
EndNode1[0]<--->Repeater1[0]
REAL
   0.478981   -0.023387  0.00259415    0.288015
  -0.023387   0.0535032 -0.00061318 -0.00128182
 0.00259415 -0.00061318   0.0458599  0.00895131
   0.288015 -0.00128182  0.00895131    0.421656
IMAGINARY
          0   0.0158294  -0.0284364  0.00907097
 -0.0158294           0    -0.01034  0.00556865
  0.0284364     0.01034           0 -0.00655868
