EndNode1[0]<--->Repeater1[0]
REAL
  0.346614 0.00477231  0.0242347   0.177288
0.00477231   0.188579  0.0216915 0.00892857
 0.0242347  0.0216915   0.143426 0.00288076
  0.177288 0.00892857 0.00288076   0.321381
IMAGINARY
           0  -0.00487675   -0.0160639   -0.0170384
  0.00487675            0   0.00858582  0.000688712
   0.0160639  -0.00858582            0    0.0153319
   0.0170384 -0.000688712   -0.0153319            0
EndNode2[0]<--->HoM1[0]
REAL
   0.381132   0.0106163  0.00307358    0.151805
  0.0106163     0.12956   0.0227098  0.00108155
 0.00307358   0.0227098     0.14717 0.000464024
   0.151805  0.00108155 0.000464024    0.342138
IMAGINARY
          0 -0.00772102  -0.0128419  -0.0163462
 0.00772102           0  0.00162154 -0.00223017
  0.0128419 -0.00162154           0   0.0188613
  0.0163462  0.00223017  -0.0188613           0
Repeater1[0]<--->EndNode1[0]
REAL
  0.346614  0.0242347 0.00477231   0.177288
 0.0242347   0.143426  0.0216915 0.00288076
0.00477231  0.0216915   0.188579 0.00892857
  0.177288 0.00288076 0.00892857   0.321381
IMAGINARY
           0   -0.0160639  -0.00487675   -0.0170384
   0.0160639            0  -0.00858582    0.0153319
  0.00487675   0.00858582            0  0.000688712
   0.0170384   -0.0153319 -0.000688712            0
Repeater1[0]<--->HoM1[0]
REAL
   0.381132  0.00307358   0.0106163    0.151805
 0.00307358     0.14717   0.0227098 0.000464024
  0.0106163   0.0227098     0.12956  0.00108155
   0.151805 0.000464024  0.00108155    0.342138
IMAGINARY
          0  -0.0128419 -0.00772102  -0.0163462
  0.0128419           0 -0.00162154   0.0188613
 0.00772102  0.00162154           0 -0.00223017
  0.0163462  -0.0188613  0.00223017           0
EndNode1[0]<--->Repeater1[0]
REAL
  0.385965 -0.0149324  0.0103541    0.17696
-0.0149324   0.131579  0.0391855 -0.0155624
 0.0103541  0.0391855   0.126566 -0.0189218
   0.17696 -0.0155624 -0.0189218    0.35589
IMAGINARY
          0  -0.0133906  0.00649599 -0.00393312
  0.0133906           0  0.00202715  -0.0149048
-0.00649599 -0.00202715           0 -0.00407383
 0.00393312   0.0149048  0.00407383           0
EndNode2[0]<--->HoM1[0]
REAL
   0.352863 -0.00152028 -0.00121365    0.186537
-0.00152028    0.146471   0.0303695  0.00186896
-0.00121365   0.0303695    0.143808  -0.0109306
   0.186537  0.00186896  -0.0109306    0.356858
IMAGINARY
          0   0.0115928   0.0259034  -0.0225278
 -0.0115928           0   0.0139639  -0.0114677
 -0.0259034  -0.0139639           0  0.00284285
  0.0225278   0.0114677 -0.00284285           0
Repeater1[0]<--->EndNode1[0]
REAL
  0.385965  0.0103541 -0.0149324    0.17696
 0.0103541   0.126566  0.0391855 -0.0189218
-0.0149324  0.0391855   0.131579 -0.0155624
   0.17696 -0.0189218 -0.0155624    0.35589
IMAGINARY
          0  0.00649599  -0.0133906 -0.00393312
-0.00649599           0 -0.00202715 -0.00407383
  0.0133906  0.00202715           0  -0.0149048
 0.00393312  0.00407383   0.0149048           0
Repeater1[0]<--->HoM1[0]
REAL
   0.352863 -0.00121365 -0.00152028    0.186537
-0.00121365    0.143808   0.0303695  -0.0109306
-0.00152028   0.0303695    0.146471  0.00186896
   0.186537  -0.0109306  0.00186896    0.356858
IMAGINARY
          0   0.0259034   0.0115928  -0.0225278
 -0.0259034           0  -0.0139639  0.00284285
 -0.0115928   0.0139639           0  -0.0114677
  0.0225278 -0.00284285   0.0114677           0
EndNode1[0]<--->Repeater1[0]
REAL
    0.36399 -0.00616244   0.0054281    0.150643
-0.00616244    0.151554    0.049858 -0.00417497
  0.0054281    0.049858    0.151554   0.0161875
   0.150643 -0.00417497   0.0161875    0.332902
IMAGINARY
           0   0.00319807   0.00749418    0.0113561
 -0.00319807            0  7.58587e-06  -0.00880308
 -0.00749418 -7.58587e-06            0 -0.000580268
  -0.0113561   0.00880308  0.000580268            0
EndNode2[0]<--->HoM1[0]
REAL
   0.340479 0.000614135 -0.00992063    0.182331
0.000614135    0.151324   0.0319549  0.00330688
-0.00992063   0.0319549     0.15889 -0.00193689
   0.182331  0.00330688 -0.00193689    0.349306
IMAGINARY
          0  0.00917443  -0.0141437   0.0337144
-0.00917443           0  0.00569447  0.00537177
  0.0141437 -0.00569447           0  0.00586317
 -0.0337144 -0.00537177 -0.00586317           0
Repeater1[0]<--->EndNode1[0]
REAL
    0.36399   0.0054281 -0.00616244    0.150643
  0.0054281    0.151554    0.049858   0.0161875
-0.00616244    0.049858    0.151554 -0.00417497
   0.150643   0.0161875 -0.00417497    0.332902
IMAGINARY
           0   0.00749418   0.00319807    0.0113561
 -0.00749418            0 -7.58587e-06 -0.000580268
 -0.00319807  7.58587e-06            0  -0.00880308
  -0.0113561  0.000580268   0.00880308            0
Repeater1[0]<--->HoM1[0]
REAL
   0.340479 -0.00992063 0.000614135    0.182331
-0.00992063     0.15889   0.0319549 -0.00193689
0.000614135   0.0319549    0.151324  0.00330688
   0.182331 -0.00193689  0.00330688    0.349306
IMAGINARY
          0  -0.0141437  0.00917443   0.0337144
  0.0141437           0 -0.00569447  0.00586317
-0.00917443  0.00569447           0  0.00537177
 -0.0337144 -0.00586317 -0.00537177           0
EndNode1[0]<--->Repeater1[0]
REAL
   0.355975 -0.00533863 -0.00611777    0.168027
-0.00533863    0.132075   0.0348224   0.0190079
-0.00611777   0.0348224    0.169811  0.00330335
   0.168027   0.0190079  0.00330335    0.342138
IMAGINARY
           0  0.000473519  -0.00126954   -0.0115984
-0.000473519            0   0.00643044  -0.00194796
  0.00126954  -0.00643044            0  -0.00626503
   0.0115984   0.00194796   0.00626503            0
EndNode2[0]<--->HoM1[0]
REAL
  0.372818  0.0121766 0.00889454    0.19739
 0.0121766    0.15212  0.0243379  0.0133418
0.00889454  0.0243379   0.140898 0.00624777
   0.19739  0.0133418 0.00624777   0.334165
IMAGINARY
          0  -0.0164952   0.0146173  -0.0115605
  0.0164952           0  0.00891503  -0.0114244
 -0.0146173 -0.00891503           0 -0.00713189
  0.0115605   0.0114244  0.00713189           0
Repeater1[0]<--->EndNode1[0]
REAL
   0.355975 -0.00611777 -0.00533863    0.168027
-0.00611777    0.169811   0.0348224  0.00330335
-0.00533863   0.0348224    0.132075   0.0190079
   0.168027  0.00330335   0.0190079    0.342138
IMAGINARY
           0  -0.00126954  0.000473519   -0.0115984
  0.00126954            0  -0.00643044  -0.00626503
-0.000473519   0.00643044            0  -0.00194796
   0.0115984   0.00626503   0.00194796            0
Repeater1[0]<--->HoM1[0]
REAL
  0.372818 0.00889454  0.0121766    0.19739
0.00889454   0.140898  0.0243379 0.00624777
 0.0121766  0.0243379    0.15212  0.0133418
   0.19739 0.00624777  0.0133418   0.334165
IMAGINARY
          0   0.0146173  -0.0164952  -0.0115605
 -0.0146173           0 -0.00891503 -0.00713189
  0.0164952  0.00891503           0  -0.0114244
  0.0115605  0.00713189   0.0114244           0
EndNode1[0]<--->Repeater1[0]
REAL
  0.368074  0.0226869   0.010349    0.17313
 0.0226869   0.143799  0.0402033 0.00565101
  0.010349  0.0402033   0.139842  0.0106464
   0.17313 0.00565101  0.0106464   0.348285
IMAGINARY
           0    0.0206027   -0.0240932  0.000622866
  -0.0206027            0    0.0229503   -0.0112727
   0.0240932   -0.0229503            0   -0.0206027
-0.000622866    0.0112727    0.0206027            0
EndNode2[0]<--->HoM1[0]
REAL
   0.389157  -0.0190763  -0.0171732    0.182964
 -0.0190763    0.154217   0.0278799 -0.00491514
 -0.0171732   0.0278799    0.145783  -0.0190763
   0.182964 -0.00491514  -0.0190763    0.310843
IMAGINARY
          0 -0.00772201 -0.00445715  -0.0217204
 0.00772201           0  -0.0249462 -0.00905636
 0.00445715   0.0249462           0   0.0135135
  0.0217204  0.00905636  -0.0135135           0
Repeater1[0]<--->EndNode1[0]
REAL
  0.368074   0.010349  0.0226869    0.17313
  0.010349   0.139842  0.0402033  0.0106464
 0.0226869  0.0402033   0.143799 0.00565101
   0.17313  0.0106464 0.00565101   0.348285
IMAGINARY
           0   -0.0240932    0.0206027  0.000622866
   0.0240932            0   -0.0229503   -0.0206027
  -0.0206027    0.0229503            0   -0.0112727
-0.000622866    0.0206027    0.0112727            0
Repeater1[0]<--->HoM1[0]
REAL
   0.389157  -0.0171732  -0.0190763    0.182964
 -0.0171732    0.145783   0.0278799  -0.0190763
 -0.0190763   0.0278799    0.154217 -0.00491514
   0.182964  -0.0190763 -0.00491514    0.310843
IMAGINARY
          0 -0.00445715 -0.00772201  -0.0217204
 0.00445715           0   0.0249462   0.0135135
 0.00772201  -0.0249462           0 -0.00905636
  0.0217204  -0.0135135  0.00905636           0
EndNode1[0]<--->Repeater1[0]
REAL
    0.333768    0.0121479 -0.000330883      0.14315
   0.0121479     0.157757    0.0483792  -0.00156545
-0.000330883    0.0483792     0.161669   -0.0165727
     0.14315  -0.00156545   -0.0165727     0.346806
IMAGINARY
          0  0.00368208  -0.0214589  0.00321625
-0.00368208           0   0.0134727   0.0103478
  0.0214589  -0.0134727           0   0.0100434
-0.00321625  -0.0103478  -0.0100434           0
EndNode2[0]<--->HoM1[0]
REAL
   0.349686 -0.00213872  0.00313051    0.182275
-0.00213872    0.162264   0.0263178  0.00247348
 0.00313051   0.0263178    0.166038   0.0077427
   0.182275  0.00247348   0.0077427    0.322013
IMAGINARY
          0  0.00399665  -0.0113352   0.0138321
-0.00399665           0   -0.021788 -0.00807576
  0.0113352    0.021788           0  0.00336613
 -0.0138321  0.00807576 -0.00336613           0
Repeater1[0]<--->EndNode1[0]
REAL
    0.333768 -0.000330883    0.0121479      0.14315
-0.000330883     0.161669    0.0483792   -0.0165727
   0.0121479    0.0483792     0.157757  -0.00156545
     0.14315   -0.0165727  -0.00156545     0.346806
IMAGINARY
          0  -0.0214589  0.00368208  0.00321625
  0.0214589           0  -0.0134727   0.0100434
-0.00368208   0.0134727           0   0.0103478
-0.00321625  -0.0100434  -0.0103478           0
Repeater1[0]<--->HoM1[0]
REAL
   0.349686  0.00313051 -0.00213872    0.182275
 0.00313051    0.166038   0.0263178   0.0077427
-0.00213872   0.0263178    0.162264  0.00247348
   0.182275   0.0077427  0.00247348    0.322013
IMAGINARY
          0  -0.0113352  0.00399665   0.0138321
  0.0113352           0    0.021788  0.00336613
-0.00399665   -0.021788           0 -0.00807576
 -0.0138321 -0.00336613  0.00807576           0
EndNode1[0]<--->Repeater1[0]
REAL
    0.359102     0.031207   0.00377204     0.167203
    0.031207     0.147132    0.0384528   -0.0153402
  0.00377204    0.0384528     0.158354 -0.000358664
    0.167203   -0.0153402 -0.000358664     0.335411
IMAGINARY
          0  -0.0147059  0.00180024 -0.00939125
  0.0147059           0  -0.0243166  0.00944976
-0.00180024   0.0243166           0   0.0147059
 0.00939125 -0.00944976  -0.0147059           0
EndNode2[0]<--->HoM1[0]
REAL
  0.351706  0.0178911 -0.0106646   0.185277
 0.0178911   0.143045  0.0135018 0.00998619
-0.0106646  0.0135018   0.165354   0.013995
  0.185277 0.00998619   0.013995   0.339895
IMAGINARY
          0   0.0058117   0.0144294  0.00772344
 -0.0058117           0  0.00898607 -0.00485083
 -0.0144294 -0.00898607           0   0.0114297
-0.00772344  0.00485083  -0.0114297           0
Repeater1[0]<--->EndNode1[0]
REAL
    0.359102   0.00377204     0.031207     0.167203
  0.00377204     0.158354    0.0384528 -0.000358664
    0.031207    0.0384528     0.147132   -0.0153402
    0.167203 -0.000358664   -0.0153402     0.335411
IMAGINARY
          0  0.00180024  -0.0147059 -0.00939125
-0.00180024           0   0.0243166   0.0147059
  0.0147059  -0.0243166           0  0.00944976
 0.00939125  -0.0147059 -0.00944976           0
Repeater1[0]<--->HoM1[0]
REAL
  0.351706 -0.0106646  0.0178911   0.185277
-0.0106646   0.165354  0.0135018   0.013995
 0.0178911  0.0135018   0.143045 0.00998619
  0.185277   0.013995 0.00998619   0.339895
IMAGINARY
          0   0.0144294   0.0058117  0.00772344
 -0.0144294           0 -0.00898607   0.0114297
 -0.0058117  0.00898607           0 -0.00485083
-0.00772344  -0.0114297  0.00485083           0
EndNode1[0]<--->Repeater1[0]
REAL
   0.347138  -0.0332758  0.00234858    0.181644
 -0.0332758    0.154689   0.0313778 -0.00171646
 0.00234858   0.0313778    0.142509   0.0124161
   0.181644 -0.00171646   0.0124161    0.355664
IMAGINARY
          0   0.0112997 -0.00825356   0.0172655
 -0.0112997           0  -0.0208975 -0.00504431
 0.00825356   0.0208975           0  0.00864714
 -0.0172655  0.00504431 -0.00864714           0
EndNode2[0]<--->HoM1[0]
REAL
   0.364829  0.00795592 -0.00647582    0.218862
 0.00795592    0.173228   0.0424286   0.0122823
-0.00647582   0.0424286    0.145669   0.0017215
   0.218862   0.0122823   0.0017215    0.316273
IMAGINARY
          0   0.0040788  0.00380682   0.0105604
 -0.0040788           0  -0.0241791  0.00574732
-0.00380682   0.0241791           0  -0.0085374
 -0.0105604 -0.00574732   0.0085374           0
Repeater1[0]<--->EndNode1[0]
REAL
   0.347138  0.00234858  -0.0332758    0.181644
 0.00234858    0.142509   0.0313778   0.0124161
 -0.0332758   0.0313778    0.154689 -0.00171646
   0.181644   0.0124161 -0.00171646    0.355664
IMAGINARY
          0 -0.00825356   0.0112997   0.0172655
 0.00825356           0   0.0208975  0.00864714
 -0.0112997  -0.0208975           0 -0.00504431
 -0.0172655 -0.00864714  0.00504431           0
Repeater1[0]<--->HoM1[0]
REAL
   0.364829 -0.00647582  0.00795592    0.218862
-0.00647582    0.145669   0.0424286   0.0017215
 0.00795592   0.0424286    0.173228   0.0122823
   0.218862   0.0017215   0.0122823    0.316273
IMAGINARY
          0  0.00380682   0.0040788   0.0105604
-0.00380682           0   0.0241791  -0.0085374
 -0.0040788  -0.0241791           0  0.00574732
 -0.0105604   0.0085374 -0.00574732           0
EndNode1[0]<--->Repeater1[0]
REAL
    0.373212    0.0189419 -0.000227308     0.191642
   0.0189419      0.16775    0.0522129  -0.00947515
-0.000227308    0.0522129     0.157347 -0.000183799
    0.191642  -0.00947515 -0.000183799     0.301691
IMAGINARY
          0   0.0133693 -2.2535e-05 -0.00473577
 -0.0133693           0  0.00788043 -0.00581404
 2.2535e-05 -0.00788043           0   0.0261898
 0.00473577  0.00581404  -0.0261898           0
EndNode2[0]<--->HoM1[0]
REAL
  0.335451 0.00661531  0.0274595   0.166484
0.00661531   0.151207  0.0296554 0.00927771
 0.0274595  0.0296554   0.143583  0.0176686
  0.166484 0.00927771  0.0176686   0.369759
IMAGINARY
          0  -0.0188061  -0.0285127 -0.00681936
  0.0188061           0   0.0176474  0.00677358
  0.0285127  -0.0176474           0 -0.00293306
 0.00681936 -0.00677358  0.00293306           0
Repeater1[0]<--->EndNode1[0]
REAL
    0.373212 -0.000227308    0.0189419     0.191642
-0.000227308     0.157347    0.0522129 -0.000183799
   0.0189419    0.0522129      0.16775  -0.00947515
    0.191642 -0.000183799  -0.00947515     0.301691
IMAGINARY
          0 -2.2535e-05   0.0133693 -0.00473577
 2.2535e-05           0 -0.00788043   0.0261898
 -0.0133693  0.00788043           0 -0.00581404
 0.00473577  -0.0261898  0.00581404           0
Repeater1[0]<--->HoM1[0]
REAL
  0.335451  0.0274595 0.00661531   0.166484
 0.0274595   0.143583  0.0296554  0.0176686
0.00661531  0.0296554   0.151207 0.00927771
  0.166484  0.0176686 0.00927771   0.369759
IMAGINARY
          0  -0.0285127  -0.0188061 -0.00681936
  0.0285127           0  -0.0176474 -0.00293306
  0.0188061   0.0176474           0  0.00677358
 0.00681936  0.00293306 -0.00677358           0
EndNode1[0]<--->Repeater1[0]
REAL
   0.384713   0.0106899  0.00580714     0.16808
  0.0106899    0.151592   0.0228781 -0.00513237
 0.00580714   0.0228781     0.13121 -0.00056841
    0.16808 -0.00513237 -0.00056841    0.332484
IMAGINARY
           0    0.0229469   -0.0159518   0.00632274
  -0.0229469            0   0.00380385 -0.000462337
   0.0159518  -0.00380385            0  -0.00274484
 -0.00632274  0.000462337   0.00274484            0
EndNode2[0]<--->HoM1[0]
REAL
  0.341722  -0.010787   0.014852   0.169807
 -0.010787   0.143046  0.0149609 0.00435331
  0.014852  0.0149609    0.17351  0.0114493
  0.169807 0.00435331  0.0114493   0.341722
IMAGINARY
          0   0.0026213 -0.00460199  0.00340198
 -0.0026213           0  0.00404219 -0.00130818
 0.00460199 -0.00404219           0  0.00328886
-0.00340198  0.00130818 -0.00328886           0
Repeater1[0]<--->EndNode1[0]
REAL
   0.384713  0.00580714   0.0106899     0.16808
 0.00580714     0.13121   0.0228781 -0.00056841
  0.0106899   0.0228781    0.151592 -0.00513237
    0.16808 -0.00056841 -0.00513237    0.332484
IMAGINARY
           0   -0.0159518    0.0229469   0.00632274
   0.0159518            0  -0.00380385  -0.00274484
  -0.0229469   0.00380385            0 -0.000462337
 -0.00632274   0.00274484  0.000462337            0
Repeater1[0]<--->HoM1[0]
REAL
  0.341722   0.014852  -0.010787   0.169807
  0.014852    0.17351  0.0149609  0.0114493
 -0.010787  0.0149609   0.143046 0.00435331
  0.169807  0.0114493 0.00435331   0.341722
IMAGINARY
          0 -0.00460199   0.0026213  0.00340198
 0.00460199           0 -0.00404219  0.00328886
 -0.0026213  0.00404219           0 -0.00130818
-0.00340198 -0.00328886  0.00130818           0
EndNode1[0]<--->Repeater1[0]
REAL
   0.375773   0.0042595  -0.0178418    0.201168
  0.0042595    0.143387   0.0438072 -0.00100242
 -0.0178418   0.0438072    0.138443  -0.0042595
   0.201168 -0.00100242  -0.0042595    0.342398
IMAGINARY
           0   0.00207523  -0.00280843   -0.0135483
 -0.00207523            0 -0.000285696    0.0015394
  0.00280843  0.000285696            0  -0.00588233
   0.0135483   -0.0015394   0.00588233            0
EndNode2[0]<--->HoM1[0]
REAL
   0.380392  -0.0303944 0.000518727    0.151914
 -0.0303944    0.141176   0.0436802  -0.0118672
0.000518727   0.0436802    0.151634   0.0030246
   0.151914  -0.0118672   0.0030246    0.326797
IMAGINARY
          0 -0.00340918  -0.0100885   0.0109849
 0.00340918           0  -0.0128861  -0.0144799
  0.0100885   0.0128861           0 -0.00522296
 -0.0109849   0.0144799  0.00522296           0
Repeater1[0]<--->EndNode1[0]
REAL
   0.375773  -0.0178418   0.0042595    0.201168
 -0.0178418    0.138443   0.0438072  -0.0042595
  0.0042595   0.0438072    0.143387 -0.00100242
   0.201168  -0.0042595 -0.00100242    0.342398
IMAGINARY
           0  -0.00280843   0.00207523   -0.0135483
  0.00280843            0  0.000285696  -0.00588233
 -0.00207523 -0.000285696            0    0.0015394
   0.0135483   0.00588233   -0.0015394            0
Repeater1[0]<--->HoM1[0]
REAL
   0.380392 0.000518727  -0.0303944    0.151914
0.000518727    0.151634   0.0436802   0.0030246
 -0.0303944   0.0436802    0.141176  -0.0118672
   0.151914   0.0030246  -0.0118672    0.326797
IMAGINARY
          0  -0.0100885 -0.00340918   0.0109849
  0.0100885           0   0.0128861 -0.00522296
 0.00340918  -0.0128861           0  -0.0144799
 -0.0109849  0.00522296   0.0144799           0
EndNode1[0]<--->Repeater1[0]
REAL
    0.37859 -0.00182378   0.0072548    0.166836
-0.00182378    0.148825   0.0167085  0.00793507
  0.0072548   0.0167085    0.142298 -0.00577115
   0.166836  0.00793507 -0.00577115    0.330287
IMAGINARY
          0 -0.00467272 -0.00934808   0.0118058
 0.00467272           0  -0.0124178  -0.0173695
 0.00934808   0.0124178           0   0.0173954
 -0.0118058   0.0173695  -0.0173954           0
EndNode2[0]<--->HoM1[0]
REAL
  0.388462  0.0117257 0.00896846   0.186161
 0.0117257   0.134615  0.0252059  0.0108272
0.00896846  0.0252059   0.124359  0.0285042
  0.186161  0.0108272  0.0285042   0.352564
IMAGINARY
          0  -0.0180148 -0.00163884  0.00636328
  0.0180148           0 -0.00501557   0.0120428
 0.00163884  0.00501557           0   0.0161788
-0.00636328  -0.0120428  -0.0161788           0
Repeater1[0]<--->EndNode1[0]
REAL
    0.37859   0.0072548 -0.00182378    0.166836
  0.0072548    0.142298   0.0167085 -0.00577115
-0.00182378   0.0167085    0.148825  0.00793507
   0.166836 -0.00577115  0.00793507    0.330287
IMAGINARY
          0 -0.00934808 -0.00467272   0.0118058
 0.00934808           0   0.0124178   0.0173954
 0.00467272  -0.0124178           0  -0.0173695
 -0.0118058  -0.0173954   0.0173695           0
Repeater1[0]<--->HoM1[0]
REAL
  0.388462 0.00896846  0.0117257   0.186161
0.00896846   0.124359  0.0252059  0.0285042
 0.0117257  0.0252059   0.134615  0.0108272
  0.186161  0.0285042  0.0108272   0.352564
IMAGINARY
          0 -0.00163884  -0.0180148  0.00636328
 0.00163884           0  0.00501557   0.0161788
  0.0180148 -0.00501557           0   0.0120428
-0.00636328  -0.0161788  -0.0120428           0
EndNode1[0]<--->Repeater1[0]
REAL
  0.364331 0.00065445  0.0101178   0.149111
0.00065445   0.156688  0.0550774 -0.0048822
 0.0101178  0.0550774   0.146497 -0.0137435
  0.149111 -0.0048822 -0.0137435   0.332484
IMAGINARY
          0 -0.00953906  0.00910863   -0.012129
 0.00953906           0    0.020129  -0.0136482
-0.00910863   -0.020129           0   0.0049995
   0.012129   0.0136482  -0.0049995           0
EndNode2[0]<--->HoM1[0]
REAL
   0.376389  0.00970414   0.0185152    0.174555
 0.00970414       0.125   0.0486012 -0.00234445
  0.0185152   0.0486012    0.152778  0.00905395
   0.174555 -0.00234445  0.00905395    0.345833
IMAGINARY
          0 -0.00818015  0.00350075 -0.00776165
 0.00818015           0 -0.00900853  0.00667737
-0.00350075  0.00900853           0   0.0107247
 0.00776165 -0.00667737  -0.0107247           0
Repeater1[0]<--->EndNode1[0]
REAL
  0.364331  0.0101178 0.00065445   0.149111
 0.0101178   0.146497  0.0550774 -0.0137435
0.00065445  0.0550774   0.156688 -0.0048822
  0.149111 -0.0137435 -0.0048822   0.332484
IMAGINARY
          0  0.00910863 -0.00953906   -0.012129
-0.00910863           0   -0.020129   0.0049995
 0.00953906    0.020129           0  -0.0136482
   0.012129  -0.0049995   0.0136482           0
Repeater1[0]<--->HoM1[0]
REAL
   0.376389   0.0185152  0.00970414    0.174555
  0.0185152    0.152778   0.0486012  0.00905395
 0.00970414   0.0486012       0.125 -0.00234445
   0.174555  0.00905395 -0.00234445    0.345833
IMAGINARY
          0  0.00350075 -0.00818015 -0.00776165
-0.00350075           0  0.00900853   0.0107247
 0.00818015 -0.00900853           0  0.00667737
 0.00776165  -0.0107247 -0.00667737           0
EndNode1[0]<--->Repeater1[0]
REAL
   0.368356  0.00377079  0.00470414    0.168625
 0.00377079    0.140915   0.0322618  -0.0104076
 0.00470414   0.0322618    0.170581 0.000665202
   0.168625  -0.0104076 0.000665202    0.320148
IMAGINARY
          0  -0.0122766  0.00588165 -0.00839532
  0.0122766           0  -0.0136173  -0.0192506
-0.00588165   0.0136173           0    -0.00644
 0.00839532   0.0192506     0.00644           0
EndNode2[0]<--->HoM1[0]
REAL
   0.387856   0.0133232 -0.00313425    0.185975
  0.0133232    0.146221    0.026509  -0.0176728
-0.00313425    0.026509     0.13259   0.0238773
   0.185975  -0.0176728   0.0238773    0.333333
IMAGINARY
          0   0.0161182  0.00899214 -0.00864324
 -0.0161182           0  -0.0141681  -0.0108981
-0.00899214   0.0141681           0  0.00611817
 0.00864324   0.0108981 -0.00611817           0
Repeater1[0]<--->EndNode1[0]
REAL
   0.368356  0.00470414  0.00377079    0.168625
 0.00470414    0.170581   0.0322618 0.000665202
 0.00377079   0.0322618    0.140915  -0.0104076
   0.168625 0.000665202  -0.0104076    0.320148
IMAGINARY
          0  0.00588165  -0.0122766 -0.00839532
-0.00588165           0   0.0136173    -0.00644
  0.0122766  -0.0136173           0  -0.0192506
 0.00839532     0.00644   0.0192506           0
Repeater1[0]<--->HoM1[0]
REAL
   0.387856 -0.00313425   0.0133232    0.185975
-0.00313425     0.13259    0.026509   0.0238773
  0.0133232    0.026509    0.146221  -0.0176728
   0.185975   0.0238773  -0.0176728    0.333333
IMAGINARY
          0  0.00899214   0.0161182 -0.00864324
-0.00899214           0   0.0141681  0.00611817
 -0.0161182  -0.0141681           0  -0.0108981
 0.00864324 -0.00611817   0.0108981           0
EndNode1[0]<--->Repeater1[0]
REAL
   0.369845    0.010205  0.00413716    0.174808
   0.010205    0.148196   0.0417692 -0.00814785
 0.00413716   0.0417692    0.162371  -0.0035205
   0.174808 -0.00814785  -0.0035205    0.319588
IMAGINARY
          0  0.00352823   -0.015088 -0.00236594
-0.00352823           0   0.0177901  0.00815234
   0.015088  -0.0177901           0   0.0122347
 0.00236594 -0.00815234  -0.0122347           0
EndNode2[0]<--->HoM1[0]
REAL
   0.333333 -0.00260078 -0.00227568    0.176278
-0.00260078    0.150617   0.0480395 -0.00227568
-0.00227568   0.0480395    0.154321  0.00845254
   0.176278 -0.00227568  0.00845254    0.361728
IMAGINARY
          0  -0.0240153 -0.00952526  -0.0210726
  0.0240153           0   0.0011787  -0.0254488
 0.00952526  -0.0011787           0 -0.00189142
  0.0210726   0.0254488  0.00189142           0
Repeater1[0]<--->EndNode1[0]
REAL
   0.369845  0.00413716    0.010205    0.174808
 0.00413716    0.162371   0.0417692  -0.0035205
   0.010205   0.0417692    0.148196 -0.00814785
   0.174808  -0.0035205 -0.00814785    0.319588
IMAGINARY
          0   -0.015088  0.00352823 -0.00236594
   0.015088           0  -0.0177901   0.0122347
-0.00352823   0.0177901           0  0.00815234
 0.00236594  -0.0122347 -0.00815234           0
Repeater1[0]<--->HoM1[0]
REAL
   0.333333 -0.00227568 -0.00260078    0.176278
-0.00227568    0.154321   0.0480395  0.00845254
-0.00260078   0.0480395    0.150617 -0.00227568
   0.176278  0.00845254 -0.00227568    0.361728
IMAGINARY
          0 -0.00952526  -0.0240153  -0.0210726
 0.00952526           0  -0.0011787 -0.00189142
  0.0240153   0.0011787           0  -0.0254488
  0.0210726  0.00189142   0.0254488           0
EndNode1[0]<--->Repeater1[0]
REAL
   0.374836   -0.012516  0.00640616    0.181463
  -0.012516    0.146789   0.0335567 -0.00319692
 0.00640616   0.0335567    0.152031   -0.012516
   0.181463 -0.00319692   -0.012516    0.326343
IMAGINARY
          0  0.00737618  -0.0105111 -0.00548311
-0.00737618           0   0.0110732  -0.0130491
  0.0105111  -0.0110732           0  0.00178612
 0.00548311   0.0130491 -0.00178612           0
EndNode2[0]<--->HoM1[0]
REAL
   0.338854   0.0249335   0.0125835    0.175695
  0.0249335    0.159236   0.0396798  0.00329964
  0.0125835   0.0396798    0.156688 -0.00650913
   0.175695  0.00329964 -0.00650913    0.345223
IMAGINARY
           0   0.00652418  -0.00958549   -0.0029481
 -0.00652418            0   -0.0122418   0.00128408
  0.00958549    0.0122418            0  0.000500085
   0.0029481  -0.00128408 -0.000500085            0
Repeater1[0]<--->EndNode1[0]
REAL
   0.374836  0.00640616   -0.012516    0.181463
 0.00640616    0.152031   0.0335567   -0.012516
  -0.012516   0.0335567    0.146789 -0.00319692
   0.181463   -0.012516 -0.00319692    0.326343
IMAGINARY
          0  -0.0105111  0.00737618 -0.00548311
  0.0105111           0  -0.0110732  0.00178612
-0.00737618   0.0110732           0  -0.0130491
 0.00548311 -0.00178612   0.0130491           0
Repeater1[0]<--->HoM1[0]
REAL
   0.338854   0.0125835   0.0249335    0.175695
  0.0125835    0.156688   0.0396798 -0.00650913
  0.0249335   0.0396798    0.159236  0.00329964
   0.175695 -0.00650913  0.00329964    0.345223
IMAGINARY
           0  -0.00958549   0.00652418   -0.0029481
  0.00958549            0    0.0122418  0.000500085
 -0.00652418   -0.0122418            0   0.00128408
   0.0029481 -0.000500085  -0.00128408            0
EndNode1[0]<--->Repeater1[0]
REAL
  0.384428   0.010101 0.00194029   0.159402
  0.010101   0.115572  0.0224159 -0.0347686
0.00194029  0.0224159   0.149635   0.010101
  0.159402 -0.0347686   0.010101   0.350365
IMAGINARY
           0    0.0163119  0.000598641   -0.0116768
  -0.0163119            0    0.0172808  -0.00333837
-0.000598641   -0.0172808            0   0.00971555
   0.0116768   0.00333837  -0.00971555            0
EndNode2[0]<--->HoM1[0]
REAL
    0.36809  0.00307512 -0.00135254    0.192888
 0.00307512    0.154523   0.0379316  -0.0214043
-0.00135254   0.0379316     0.14196  0.00927859
   0.192888  -0.0214043  0.00927859    0.335427
IMAGINARY
          0 -0.00599039  0.00157044 -0.00693461
 0.00599039           0 -0.00760395   0.0153681
-0.00157044  0.00760395           0  -0.0046746
 0.00693461  -0.0153681   0.0046746           0
Repeater1[0]<--->EndNode1[0]
REAL
  0.384428 0.00194029   0.010101   0.159402
0.00194029   0.149635  0.0224159   0.010101
  0.010101  0.0224159   0.115572 -0.0347686
  0.159402   0.010101 -0.0347686   0.350365
IMAGINARY
           0  0.000598641    0.0163119   -0.0116768
-0.000598641            0   -0.0172808   0.00971555
  -0.0163119    0.0172808            0  -0.00333837
   0.0116768  -0.00971555   0.00333837            0
Repeater1[0]<--->HoM1[0]
REAL
    0.36809 -0.00135254  0.00307512    0.192888
-0.00135254     0.14196   0.0379316  0.00927859
 0.00307512   0.0379316    0.154523  -0.0214043
   0.192888  0.00927859  -0.0214043    0.335427
IMAGINARY
          0  0.00157044 -0.00599039 -0.00693461
-0.00157044           0  0.00760395  -0.0046746
 0.00599039 -0.00760395           0   0.0153681
 0.00693461   0.0046746  -0.0153681           0
EndNode1[0]<--->Repeater1[0]
REAL
   0.368165  -0.0160598 -0.00819672     0.19328
 -0.0160598    0.153098   0.0355979 -0.00630517
-0.00819672   0.0355979    0.156744  0.00534099
    0.19328 -0.00630517  0.00534099    0.321993
IMAGINARY
          0 -0.00401026 -0.00530099  0.00280409
 0.00401026           0  0.00479085   0.0255166
 0.00530099 -0.00479085           0  -0.0162054
-0.00280409  -0.0255166   0.0162054           0
EndNode2[0]<--->HoM1[0]
REAL
  0.364351 -0.0138275  0.0101469   0.171551
-0.0138275     0.1481  0.0290779 0.00180283
 0.0101469  0.0290779   0.134993 -0.0144744
  0.171551 0.00180283 -0.0144744   0.352556
IMAGINARY
          0  -0.0129738  0.00308319 -0.00714306
  0.0129738           0  -0.0134562   0.0170781
-0.00308319   0.0134562           0 -0.00449927
 0.00714306  -0.0170781  0.00449927           0
Repeater1[0]<--->EndNode1[0]
REAL
   0.368165 -0.00819672  -0.0160598     0.19328
-0.00819672    0.156744   0.0355979  0.00534099
 -0.0160598   0.0355979    0.153098 -0.00630517
    0.19328  0.00534099 -0.00630517    0.321993
IMAGINARY
          0 -0.00530099 -0.00401026  0.00280409
 0.00530099           0 -0.00479085  -0.0162054
 0.00401026  0.00479085           0   0.0255166
-0.00280409   0.0162054  -0.0255166           0
Repeater1[0]<--->HoM1[0]
REAL
  0.364351  0.0101469 -0.0138275   0.171551
 0.0101469   0.134993  0.0290779 -0.0144744
-0.0138275  0.0290779     0.1481 0.00180283
  0.171551 -0.0144744 0.00180283   0.352556
IMAGINARY
          0  0.00308319  -0.0129738 -0.00714306
-0.00308319           0   0.0134562 -0.00449927
  0.0129738  -0.0134562           0   0.0170781
 0.00714306  0.00449927  -0.0170781           0
EndNode1[0]<--->Repeater1[0]
REAL
   0.37931 -0.0249437 0.00350438   0.171786
-0.0249437   0.147215  0.0190771 -0.0141427
0.00350438  0.0190771   0.144562 -0.0044681
  0.171786 -0.0141427 -0.0044681   0.328912
IMAGINARY
           0   -0.0105391  -0.00459331   0.00790081
   0.0105391            0 -0.000529801   -0.0163427
  0.00459331  0.000529801            0    0.0117706
 -0.00790081    0.0163427   -0.0117706            0
EndNode2[0]<--->HoM1[0]
REAL
   0.34717 -0.0002145  0.0162233   0.195682
-0.0002145   0.125786    0.04109  0.0221365
 0.0162233    0.04109   0.162264 0.00815101
  0.195682  0.0221365 0.00815101    0.36478
IMAGINARY
          0 -0.00594808   0.0246323  0.00400478
 0.00594808           0  0.00654931  -0.0136362
 -0.0246323 -0.00654931           0  -0.0141037
-0.00400478   0.0136362   0.0141037           0
Repeater1[0]<--->EndNode1[0]
REAL
   0.37931 0.00350438 -0.0249437   0.171786
0.00350438   0.144562  0.0190771 -0.0044681
-0.0249437  0.0190771   0.147215 -0.0141427
  0.171786 -0.0044681 -0.0141427   0.328912
IMAGINARY
           0  -0.00459331   -0.0105391   0.00790081
  0.00459331            0  0.000529801    0.0117706
   0.0105391 -0.000529801            0   -0.0163427
 -0.00790081   -0.0117706    0.0163427            0
Repeater1[0]<--->HoM1[0]
REAL
   0.34717  0.0162233 -0.0002145   0.195682
 0.0162233   0.162264    0.04109 0.00815101
-0.0002145    0.04109   0.125786  0.0221365
  0.195682 0.00815101  0.0221365    0.36478
IMAGINARY
          0   0.0246323 -0.00594808  0.00400478
 -0.0246323           0 -0.00654931  -0.0141037
 0.00594808  0.00654931           0  -0.0136362
-0.00400478   0.0141037   0.0136362           0
EndNode1[0]<--->Repeater1[0]
REAL
    0.395561   0.00453034  -0.00371732     0.183031
  0.00453034     0.148825    0.0141913 -0.000449346
 -0.00371732    0.0141913     0.118799   -0.0114748
    0.183031 -0.000449346   -0.0114748     0.336815
IMAGINARY
           0  -0.00216191  0.000367215   0.00194922
  0.00216191            0   0.00255528   0.00941114
-0.000367215  -0.00255528            0  -0.00761645
 -0.00194922  -0.00941114   0.00761645            0
EndNode2[0]<--->HoM1[0]
REAL
   0.323569  -0.0121847  0.00928382     0.18222
 -0.0121847     0.16245   0.0484535 -0.00928382
 0.00928382   0.0484535    0.134487  -0.0102592
    0.18222 -0.00928382  -0.0102592    0.379494
IMAGINARY
          0  0.00844156  -0.0165521  0.00734846
-0.00844156           0 -0.00478436   -0.013318
  0.0165521  0.00478436           0  0.00844156
-0.00734846    0.013318 -0.00844156           0
Repeater1[0]<--->EndNode1[0]
REAL
    0.395561  -0.00371732   0.00453034     0.183031
 -0.00371732     0.118799    0.0141913   -0.0114748
  0.00453034    0.0141913     0.148825 -0.000449346
    0.183031   -0.0114748 -0.000449346     0.336815
IMAGINARY
           0  0.000367215  -0.00216191   0.00194922
-0.000367215            0  -0.00255528  -0.00761645
  0.00216191   0.00255528            0   0.00941114
 -0.00194922   0.00761645  -0.00941114            0
Repeater1[0]<--->HoM1[0]
REAL
   0.323569  0.00928382  -0.0121847     0.18222
 0.00928382    0.134487   0.0484535  -0.0102592
 -0.0121847   0.0484535     0.16245 -0.00928382
    0.18222  -0.0102592 -0.00928382    0.379494
IMAGINARY
          0  -0.0165521  0.00844156  0.00734846
  0.0165521           0  0.00478436  0.00844156
-0.00844156 -0.00478436           0   -0.013318
-0.00734846 -0.00844156    0.013318           0
EndNode1[0]<--->Repeater1[0]
REAL
   0.394052 -0.00297184  0.00993434    0.167726
-0.00297184    0.154895   0.0226882  -0.0112297
 0.00993434   0.0226882    0.131351   0.0107439
   0.167726  -0.0112297   0.0107439    0.319703
IMAGINARY
         0  0.0128644  0.0294845   0.016308
-0.0128644          0  0.0105462 -0.0142173
-0.0294845 -0.0105462          0 -0.0115921
 -0.016308  0.0142173  0.0115921          0
EndNode2[0]<--->HoM1[0]
REAL
  0.366374 -0.0216616 0.00794927   0.190222
-0.0216616   0.164366  0.0172181 0.00655262
0.00794927  0.0172181   0.140527   0.015987
  0.190222 0.00655262   0.015987   0.328733
IMAGINARY
           0  -0.00187308  -0.00546268  -0.00227919
  0.00187308            0    0.0123194 -0.000240745
  0.00546268   -0.0123194            0 -2.80611e-05
  0.00227919  0.000240745  2.80611e-05            0
Repeater1[0]<--->EndNode1[0]
REAL
   0.394052  0.00993434 -0.00297184    0.167726
 0.00993434    0.131351   0.0226882   0.0107439
-0.00297184   0.0226882    0.154895  -0.0112297
   0.167726   0.0107439  -0.0112297    0.319703
IMAGINARY
         0  0.0294845  0.0128644   0.016308
-0.0294845          0 -0.0105462 -0.0115921
-0.0128644  0.0105462          0 -0.0142173
 -0.016308  0.0115921  0.0142173          0
Repeater1[0]<--->HoM1[0]
REAL
  0.366374 0.00794927 -0.0216616   0.190222
0.00794927   0.140527  0.0172181   0.015987
-0.0216616  0.0172181   0.164366 0.00655262
  0.190222   0.015987 0.00655262   0.328733
IMAGINARY
           0  -0.00546268  -0.00187308  -0.00227919
  0.00546268            0   -0.0123194 -2.80611e-05
  0.00187308    0.0123194            0 -0.000240745
  0.00227919  2.80611e-05  0.000240745            0
EndNode1[0]<--->Repeater1[0]
REAL
  0.389488 -0.0084578 0.00993175   0.157721
-0.0084578   0.142857  0.0208983 -0.0291881
0.00993175  0.0208983   0.152291 0.00248171
  0.157721 -0.0291881 0.00248171   0.315364
IMAGINARY
          0   0.0110784  -0.0364069  -0.0019581
 -0.0110784           0  -0.0401211 -0.00457668
  0.0364069   0.0401211           0  0.00468453
  0.0019581  0.00457668 -0.00468453           0
EndNode2[0]<--->HoM1[0]
REAL
    0.36272   0.0205109 -0.00227975    0.186745
  0.0205109    0.171285   0.0333056  0.00543233
-0.00227975   0.0333056    0.134761 -0.00979212
   0.186745  0.00543233 -0.00979212    0.331234
IMAGINARY
          0  -0.0135991   0.0112382  -0.0163671
  0.0135991           0  -0.0163671  0.00992584
 -0.0112382   0.0163671           0  0.00830811
  0.0163671 -0.00992584 -0.00830811           0
Repeater1[0]<--->EndNode1[0]
REAL
  0.389488 0.00993175 -0.0084578   0.157721
0.00993175   0.152291  0.0208983 0.00248171
-0.0084578  0.0208983   0.142857 -0.0291881
  0.157721 0.00248171 -0.0291881   0.315364
IMAGINARY
          0  -0.0364069   0.0110784  -0.0019581
  0.0364069           0   0.0401211  0.00468453
 -0.0110784  -0.0401211           0 -0.00457668
  0.0019581 -0.00468453  0.00457668           0
Repeater1[0]<--->HoM1[0]
REAL
    0.36272 -0.00227975   0.0205109    0.186745
-0.00227975    0.134761   0.0333056 -0.00979212
  0.0205109   0.0333056    0.171285  0.00543233
   0.186745 -0.00979212  0.00543233    0.331234
IMAGINARY
          0   0.0112382  -0.0135991  -0.0163671
 -0.0112382           0   0.0163671  0.00830811
  0.0135991  -0.0163671           0  0.00992584
  0.0163671 -0.00830811 -0.00992584           0
EndNode1[0]<--->Repeater1[0]
REAL
   0.354351 -0.00654415  0.00895287    0.165507
-0.00654415    0.148802   0.0197266 0.000114487
 0.00895287   0.0197266    0.156368   0.0194975
   0.165507 0.000114487   0.0194975    0.340479
IMAGINARY
          0 -0.00909672   0.0336487  0.00551117
 0.00909672           0  0.00367518 -0.00551575
 -0.0336487 -0.00367518           0 -0.00241223
-0.00551117  0.00551575  0.00241223           0
EndNode2[0]<--->HoM1[0]
REAL
   0.335172 -0.00358719 -0.00813741    0.174182
-0.00358719    0.135172   0.0266624    0.006328
-0.00813741   0.0266624    0.162759 -0.00545985
   0.174182    0.006328 -0.00545985    0.366897
IMAGINARY
          0   0.0225517 -0.00465992   0.0151061
 -0.0225517           0  -0.0202343   0.0281586
 0.00465992   0.0202343           0  0.00616896
 -0.0151061  -0.0281586 -0.00616896           0
Repeater1[0]<--->EndNode1[0]
REAL
   0.354351  0.00895287 -0.00654415    0.165507
 0.00895287    0.156368   0.0197266   0.0194975
-0.00654415   0.0197266    0.148802 0.000114487
   0.165507   0.0194975 0.000114487    0.340479
IMAGINARY
          0   0.0336487 -0.00909672  0.00551117
 -0.0336487           0 -0.00367518 -0.00241223
 0.00909672  0.00367518           0 -0.00551575
-0.00551117  0.00241223  0.00551575           0
Repeater1[0]<--->HoM1[0]
REAL
   0.335172 -0.00813741 -0.00358719    0.174182
-0.00813741    0.162759   0.0266624 -0.00545985
-0.00358719   0.0266624    0.135172    0.006328
   0.174182 -0.00545985    0.006328    0.366897
IMAGINARY
          0 -0.00465992   0.0225517   0.0151061
 0.00465992           0   0.0202343  0.00616896
 -0.0225517  -0.0202343           0   0.0281586
 -0.0151061 -0.00616896  -0.0281586           0
EndNode1[0]<--->Repeater1[0]
REAL
   0.380463  0.00899743  0.00627411    0.162972
 0.00899743    0.140103    0.028434 -0.00236786
 0.00627411    0.028434    0.141388 -0.00899743
   0.162972 -0.00236786 -0.00899743    0.338046
IMAGINARY
          0  -0.0176851   0.0177831  -0.0101548
  0.0176851           0 -0.00686095  0.00698261
 -0.0177831  0.00686095           0  -0.0244836
  0.0101548 -0.00698261   0.0244836           0
EndNode2[0]<--->HoM1[0]
REAL
  0.381649 -0.0261819 0.00791295   0.176932
-0.0261819   0.154255  0.0501057 -0.0163217
0.00791295  0.0501057   0.156915  0.0138921
  0.176932 -0.0163217  0.0138921   0.307181
IMAGINARY
          0   -0.019074  -0.0111294   0.0285059
   0.019074           0   0.0285059   0.0184335
  0.0111294  -0.0285059           0 -0.00018231
 -0.0285059  -0.0184335  0.00018231           0
