EndNode1[0]<--->Repeater1[0]
REAL
   0.382239  0.00829584 0.000330606    0.117294
 0.00829584     0.11583 0.000353239  0.00222694
0.000330606 0.000353239    0.114543 -0.00701707
   0.117294  0.00222694 -0.00701707    0.387387
IMAGINARY
          0   0.0145045   -0.015138  -0.0114752
 -0.0145045           0 -0.00956439 -0.00698586
   0.015138  0.00956439           0   0.0189974
  0.0114752  0.00698586  -0.0189974           0
EndNode2[0]<--->HoM1[0]
REAL
  0.387136 0.00263988 -0.0205289   0.132604
0.00263988  0.0995146  0.0214926 -0.0100302
-0.0205289  0.0214926   0.127427 -0.0123928
  0.132604 -0.0100302 -0.0123928   0.385922
IMAGINARY
           0  -0.00811069    0.0378908    0.0196247
  0.00811069            0  0.000620733  -0.00733529
  -0.0378908 -0.000620733            0    -0.033556
  -0.0196247   0.00733529     0.033556            0
Repeater1[0]<--->EndNode1[0]
REAL
   0.382239 0.000330606  0.00829584    0.117294
0.000330606    0.114543 0.000353239 -0.00701707
 0.00829584 0.000353239     0.11583  0.00222694
   0.117294 -0.00701707  0.00222694    0.387387
IMAGINARY
          0   -0.015138   0.0145045  -0.0114752
   0.015138           0  0.00956439   0.0189974
 -0.0145045 -0.00956439           0 -0.00698586
  0.0114752  -0.0189974  0.00698586           0
Repeater1[0]<--->HoM1[0]
REAL
  0.387136 -0.0205289 0.00263988   0.132604
-0.0205289   0.127427  0.0214926 -0.0123928
0.00263988  0.0214926  0.0995146 -0.0100302
  0.132604 -0.0123928 -0.0100302   0.385922
IMAGINARY
           0    0.0378908  -0.00811069    0.0196247
  -0.0378908            0 -0.000620733    -0.033556
  0.00811069  0.000620733            0  -0.00733529
  -0.0196247     0.033556   0.00733529            0
EndNode1[0]<--->Repeater1[0]
REAL
   0.409511  0.00227907   0.0049591    0.116546
 0.00227907   0.0871863 -4.0842e-05   0.0253807
  0.0049591 -4.0842e-05   0.0937913  0.00621608
   0.116546   0.0253807  0.00621608    0.409511
IMAGINARY
          0   0.0148158 -0.00944906   0.0166295
 -0.0148158           0    0.019268   0.0166606
 0.00944906   -0.019268           0 -0.00880622
 -0.0166295  -0.0166606  0.00880622           0
EndNode2[0]<--->HoM1[0]
REAL
     0.396 0.00478126  -0.025269   0.119645
0.00478126  0.0946667 0.00788027 0.00632956
 -0.025269 0.00788027       0.12  0.0027945
  0.119645 0.00632956  0.0027945   0.389333
IMAGINARY
           0   -0.0115572  4.68647e-05   -0.0105883
   0.0115572            0   0.00869194    0.0045283
-4.68647e-05  -0.00869194            0   0.00828919
   0.0105883   -0.0045283  -0.00828919            0
Repeater1[0]<--->EndNode1[0]
REAL
   0.409511   0.0049591  0.00227907    0.116546
  0.0049591   0.0937913 -4.0842e-05  0.00621608
 0.00227907 -4.0842e-05   0.0871863   0.0253807
   0.116546  0.00621608   0.0253807    0.409511
IMAGINARY
          0 -0.00944906   0.0148158   0.0166295
 0.00944906           0   -0.019268 -0.00880622
 -0.0148158    0.019268           0   0.0166606
 -0.0166295  0.00880622  -0.0166606           0
Repeater1[0]<--->HoM1[0]
REAL
     0.396  -0.025269 0.00478126   0.119645
 -0.025269       0.12 0.00788027  0.0027945
0.00478126 0.00788027  0.0946667 0.00632956
  0.119645  0.0027945 0.00632956   0.389333
IMAGINARY
           0  4.68647e-05   -0.0115572   -0.0105883
-4.68647e-05            0  -0.00869194   0.00828919
   0.0115572   0.00869194            0    0.0045283
   0.0105883  -0.00828919   -0.0045283            0
EndNode1[0]<--->Repeater1[0]
REAL
    0.364499   -0.0243556 -0.000336276     0.087153
  -0.0243556     0.124661  -0.00959939   0.00222783
-0.000336276  -0.00959939     0.123306    0.0148979
    0.087153   0.00222783    0.0148979     0.387534
IMAGINARY
           0 -0.000971247   -0.0233589   0.00623093
 0.000971247            0    0.0209009   -0.0152067
   0.0233589   -0.0209009            0    0.0043542
 -0.00623093    0.0152067   -0.0043542            0
EndNode2[0]<--->HoM1[0]
REAL
   0.417414 -0.00664921   0.0205022    0.157681
-0.00664921    0.101152  -0.0126483  -0.0211645
  0.0205022  -0.0126483    0.122919  -0.0205031
   0.157681  -0.0211645  -0.0205031    0.358515
IMAGINARY
          0  -0.0315096  0.00168269 -0.00664146
  0.0315096           0  -0.0118771  0.00793269
-0.00168269   0.0118771           0  -0.0193145
 0.00664146 -0.00793269   0.0193145           0
Repeater1[0]<--->EndNode1[0]
REAL
    0.364499 -0.000336276   -0.0243556     0.087153
-0.000336276     0.123306  -0.00959939    0.0148979
  -0.0243556  -0.00959939     0.124661   0.00222783
    0.087153    0.0148979   0.00222783     0.387534
IMAGINARY
           0   -0.0233589 -0.000971247   0.00623093
   0.0233589            0   -0.0209009    0.0043542
 0.000971247    0.0209009            0   -0.0152067
 -0.00623093   -0.0043542    0.0152067            0
Repeater1[0]<--->HoM1[0]
REAL
   0.417414   0.0205022 -0.00664921    0.157681
  0.0205022    0.122919  -0.0126483  -0.0205031
-0.00664921  -0.0126483    0.101152  -0.0211645
   0.157681  -0.0205031  -0.0211645    0.358515
IMAGINARY
          0  0.00168269  -0.0315096 -0.00664146
-0.00168269           0   0.0118771  -0.0193145
  0.0315096  -0.0118771           0  0.00793269
 0.00664146   0.0193145 -0.00793269           0
EndNode1[0]<--->Repeater1[0]
REAL
  0.384224 0.00371722 -0.0113209   0.127515
0.00371722   0.105598 0.00656714  0.0119814
-0.0113209 0.00656714    0.10687 0.00883231
  0.127515  0.0119814 0.00883231   0.403308
IMAGINARY
           0  -0.00282716    0.0125161    0.0035483
  0.00282716            0   0.00156679    0.0049403
  -0.0125161  -0.00156679            0  0.000333395
  -0.0035483   -0.0049403 -0.000333395            0
EndNode2[0]<--->HoM1[0]
REAL
   0.428373  0.00505441   0.0149355    0.125312
 0.00505441   0.0820584 -0.00860447  -0.0075645
  0.0149355 -0.00860447    0.108484  -0.0001404
   0.125312  -0.0075645  -0.0001404    0.381085
IMAGINARY
           0   0.00819811  -0.00804164   -0.0114607
 -0.00819811            0    0.0032846 -0.000706677
  0.00804164   -0.0032846            0  -0.00752516
   0.0114607  0.000706677   0.00752516            0
Repeater1[0]<--->EndNode1[0]
REAL
  0.384224 -0.0113209 0.00371722   0.127515
-0.0113209    0.10687 0.00656714 0.00883231
0.00371722 0.00656714   0.105598  0.0119814
  0.127515 0.00883231  0.0119814   0.403308
IMAGINARY
           0    0.0125161  -0.00282716    0.0035483
  -0.0125161            0  -0.00156679  0.000333395
  0.00282716   0.00156679            0    0.0049403
  -0.0035483 -0.000333395   -0.0049403            0
Repeater1[0]<--->HoM1[0]
REAL
   0.428373   0.0149355  0.00505441    0.125312
  0.0149355    0.108484 -0.00860447  -0.0001404
 0.00505441 -0.00860447   0.0820584  -0.0075645
   0.125312  -0.0001404  -0.0075645    0.381085
IMAGINARY
           0  -0.00804164   0.00819811   -0.0114607
  0.00804164            0   -0.0032846  -0.00752516
 -0.00819811    0.0032846            0 -0.000706677
   0.0114607   0.00752516  0.000706677            0
EndNode1[0]<--->Repeater1[0]
REAL
  0.400531 0.00253202 0.00956046   0.120322
0.00253202   0.111406 0.00290761   0.021601
0.00956046 0.00290761    0.11008  0.0031337
  0.120322   0.021601  0.0031337   0.377984
IMAGINARY
          0  -0.0107954  0.00951334   0.0180848
  0.0107954           0   0.0254476 -0.00159777
-0.00951334  -0.0254476           0 -0.00767428
 -0.0180848  0.00159777  0.00767428           0
EndNode2[0]<--->HoM1[0]
REAL
   0.382239 -0.00399754 -0.00464947    0.126643
-0.00399754    0.129987   0.0142203 -0.00930992
-0.00464947   0.0142203   0.0990991  0.00399754
   0.126643 -0.00930992  0.00399754    0.388674
IMAGINARY
          0  -0.0189526  -0.0199275  0.00899008
  0.0189526           0 -0.00623526 -0.00802277
  0.0199275  0.00623526           0   0.0170893
-0.00899008  0.00802277  -0.0170893           0
Repeater1[0]<--->EndNode1[0]
REAL
  0.400531 0.00956046 0.00253202   0.120322
0.00956046    0.11008 0.00290761  0.0031337
0.00253202 0.00290761   0.111406   0.021601
  0.120322  0.0031337   0.021601   0.377984
IMAGINARY
          0  0.00951334  -0.0107954   0.0180848
-0.00951334           0  -0.0254476 -0.00767428
  0.0107954   0.0254476           0 -0.00159777
 -0.0180848  0.00767428  0.00159777           0
Repeater1[0]<--->HoM1[0]
REAL
   0.382239 -0.00464947 -0.00399754    0.126643
-0.00464947   0.0990991   0.0142203  0.00399754
-0.00399754   0.0142203    0.129987 -0.00930992
   0.126643  0.00399754 -0.00930992    0.388674
IMAGINARY
          0  -0.0199275  -0.0189526  0.00899008
  0.0199275           0  0.00623526   0.0170893
  0.0189526 -0.00623526           0 -0.00802277
-0.00899008  -0.0170893  0.00802277           0
EndNode1[0]<--->Repeater1[0]
REAL
  0.383133 0.00305547  0.0271803   0.117688
0.00305547   0.113253  0.0169025 0.00207851
 0.0271803  0.0169025   0.104819   0.011899
  0.117688 0.00207851   0.011899   0.398795
IMAGINARY
          0 -0.00412853   0.0141469  -0.0107646
 0.00412853           0    0.017825 -0.00891133
 -0.0141469   -0.017825           0   0.0132908
  0.0107646  0.00891133  -0.0132908           0
EndNode2[0]<--->HoM1[0]
REAL
  0.377049 -0.0243551 -0.0167877   0.135314
-0.0243551  0.0996217 0.00507293 0.00641421
-0.0167877 0.00507293  0.0945776  0.0112154
  0.135314 0.00641421  0.0112154   0.428752
IMAGINARY
          0  0.00322299 -0.00475929   0.0243419
-0.00322299           0 -0.00865299  0.00412396
 0.00475929  0.00865299           0  -0.0089409
 -0.0243419 -0.00412396   0.0089409           0
Repeater1[0]<--->EndNode1[0]
REAL
  0.383133  0.0271803 0.00305547   0.117688
 0.0271803   0.104819  0.0169025   0.011899
0.00305547  0.0169025   0.113253 0.00207851
  0.117688   0.011899 0.00207851   0.398795
IMAGINARY
          0   0.0141469 -0.00412853  -0.0107646
 -0.0141469           0   -0.017825   0.0132908
 0.00412853    0.017825           0 -0.00891133
  0.0107646  -0.0132908  0.00891133           0
Repeater1[0]<--->HoM1[0]
REAL
  0.377049 -0.0167877 -0.0243551   0.135314
-0.0167877  0.0945776 0.00507293  0.0112154
-0.0243551 0.00507293  0.0996217 0.00641421
  0.135314  0.0112154 0.00641421   0.428752
IMAGINARY
          0 -0.00475929  0.00322299   0.0243419
 0.00475929           0  0.00865299  -0.0089409
-0.00322299 -0.00865299           0  0.00412396
 -0.0243419   0.0089409 -0.00412396           0
EndNode1[0]<--->Repeater1[0]
REAL
     0.38825   0.00479886   0.00202076     0.100783
  0.00479886     0.111111 -0.000246704    0.0113841
  0.00202076 -0.000246704     0.126437   0.00860597
    0.100783    0.0113841   0.00860597     0.374202
IMAGINARY
          0   0.0346953  0.00393182  -0.0223086
 -0.0346953           0   0.0273847   0.0134427
-0.00393182  -0.0273847           0 -0.00316374
  0.0223086  -0.0134427  0.00316374           0
EndNode2[0]<--->HoM1[0]
REAL
    0.38191 0.000974884 -0.00640039      0.1154
0.000974884    0.124372 -0.00480429   0.0203077
-0.00640039 -0.00480429     0.10804   0.0102834
     0.1154   0.0203077   0.0102834    0.385678
IMAGINARY
          0  0.00389112   0.0093709  0.00861655
-0.00389112           0 -0.00665063   0.0225984
 -0.0093709  0.00665063           0    0.029357
-0.00861655  -0.0225984   -0.029357           0
Repeater1[0]<--->EndNode1[0]
REAL
     0.38825   0.00202076   0.00479886     0.100783
  0.00202076     0.126437 -0.000246704   0.00860597
  0.00479886 -0.000246704     0.111111    0.0113841
    0.100783   0.00860597    0.0113841     0.374202
IMAGINARY
          0  0.00393182   0.0346953  -0.0223086
-0.00393182           0  -0.0273847 -0.00316374
 -0.0346953   0.0273847           0   0.0134427
  0.0223086  0.00316374  -0.0134427           0
Repeater1[0]<--->HoM1[0]
REAL
    0.38191 -0.00640039 0.000974884      0.1154
-0.00640039     0.10804 -0.00480429   0.0102834
0.000974884 -0.00480429    0.124372   0.0203077
     0.1154   0.0102834   0.0203077    0.385678
IMAGINARY
          0   0.0093709  0.00389112  0.00861655
 -0.0093709           0  0.00665063    0.029357
-0.00389112 -0.00665063           0   0.0225984
-0.00861655   -0.029357  -0.0225984           0
EndNode1[0]<--->Repeater1[0]
REAL
    0.38946 -0.00572148  0.00484721    0.108961
-0.00572148    0.100257 -0.00186358   0.0224025
 0.00484721 -0.00186358   0.0976864   0.0253666
   0.108961   0.0224025   0.0253666    0.412596
IMAGINARY
           0    0.0123078   0.00330745  0.000669967
  -0.0123078            0    0.0179967  -0.00717343
 -0.00330745   -0.0179967            0  -0.00844184
-0.000669967   0.00717343   0.00844184            0
EndNode2[0]<--->HoM1[0]
REAL
   0.406716   0.0120405  -0.0057047    0.132255
  0.0120405    0.118159  0.00130233  -0.0057047
 -0.0057047  0.00130233   0.0920398 -0.00868484
   0.132255  -0.0057047 -0.00868484    0.383085
IMAGINARY
          0  -0.0122564  0.00140182  0.00707642
  0.0122564           0 -0.00776229 -0.00669283
-0.00140182  0.00776229           0 -0.00493935
-0.00707642  0.00669283  0.00493935           0
Repeater1[0]<--->EndNode1[0]
REAL
    0.38946  0.00484721 -0.00572148    0.108961
 0.00484721   0.0976864 -0.00186358   0.0253666
-0.00572148 -0.00186358    0.100257   0.0224025
   0.108961   0.0253666   0.0224025    0.412596
IMAGINARY
           0   0.00330745    0.0123078  0.000669967
 -0.00330745            0   -0.0179967  -0.00844184
  -0.0123078    0.0179967            0  -0.00717343
-0.000669967   0.00844184   0.00717343            0
Repeater1[0]<--->HoM1[0]
REAL
   0.406716  -0.0057047   0.0120405    0.132255
 -0.0057047   0.0920398  0.00130233 -0.00868484
  0.0120405  0.00130233    0.118159  -0.0057047
   0.132255 -0.00868484  -0.0057047    0.383085
IMAGINARY
          0  0.00140182  -0.0122564  0.00707642
-0.00140182           0  0.00776229 -0.00493935
  0.0122564 -0.00776229           0 -0.00669283
-0.00707642  0.00493935  0.00669283           0
EndNode1[0]<--->Repeater1[0]
REAL
        0.4 -0.00534443  -0.0116099    0.110533
-0.00534443    0.101887  0.00295558 0.000585239
 -0.0116099  0.00295558    0.109434  0.00988399
   0.110533 0.000585239  0.00988399    0.388679
IMAGINARY
          0  -0.0156381  -0.0182697  0.00206119
  0.0156381           0 -0.00571083 -0.00405779
  0.0182697  0.00571083           0  0.00278292
-0.00206119  0.00405779 -0.00278292           0
EndNode2[0]<--->HoM1[0]
REAL
  0.419974 -0.0101088  0.0045695   0.129803
-0.0101088   0.101152  0.0117557   0.001924
 0.0045695  0.0117557  0.0883483 -0.0197613
  0.129803   0.001924 -0.0197613   0.390525
IMAGINARY
          0  0.00204401  -0.0114177  0.00747631
-0.00204401           0   0.0107529  0.00832749
  0.0114177  -0.0107529           0   -0.015023
-0.00747631 -0.00832749    0.015023           0
Repeater1[0]<--->EndNode1[0]
REAL
        0.4  -0.0116099 -0.00534443    0.110533
 -0.0116099    0.109434  0.00295558  0.00988399
-0.00534443  0.00295558    0.101887 0.000585239
   0.110533  0.00988399 0.000585239    0.388679
IMAGINARY
          0  -0.0182697  -0.0156381  0.00206119
  0.0182697           0  0.00571083  0.00278292
  0.0156381 -0.00571083           0 -0.00405779
-0.00206119 -0.00278292  0.00405779           0
Repeater1[0]<--->HoM1[0]
REAL
  0.419974  0.0045695 -0.0101088   0.129803
 0.0045695  0.0883483  0.0117557 -0.0197613
-0.0101088  0.0117557   0.101152   0.001924
  0.129803 -0.0197613   0.001924   0.390525
IMAGINARY
          0  -0.0114177  0.00204401  0.00747631
  0.0114177           0  -0.0107529   -0.015023
-0.00204401   0.0107529           0  0.00832749
-0.00747631    0.015023 -0.00832749           0
EndNode1[0]<--->Repeater1[0]
REAL
   0.407979  0.00348365  0.00466271    0.131596
 0.00348365   0.0990991  -0.0111668 -0.00151013
 0.00466271  -0.0111668    0.124839  0.00849618
   0.131596 -0.00151013  0.00849618    0.368082
IMAGINARY
           0  0.000707763  -0.00222563   -0.0260143
-0.000707763            0  -0.00121013   0.00421767
  0.00222563   0.00121013            0   -0.0199641
   0.0260143  -0.00421767    0.0199641            0
EndNode2[0]<--->HoM1[0]
REAL
   0.401028 -0.00386351   0.0305874    0.117727
-0.00386351    0.109254   0.0301786 -0.00571831
  0.0305874   0.0301786    0.114396  0.00648131
   0.117727 -0.00571831  0.00648131    0.375321
IMAGINARY
          0 -0.00137392 -0.00835107  0.00515787
 0.00137392           0 -0.00452736 -0.00397059
 0.00835107  0.00452736           0  0.00850751
-0.00515787  0.00397059 -0.00850751           0
Repeater1[0]<--->EndNode1[0]
REAL
   0.407979  0.00466271  0.00348365    0.131596
 0.00466271    0.124839  -0.0111668  0.00849618
 0.00348365  -0.0111668   0.0990991 -0.00151013
   0.131596  0.00849618 -0.00151013    0.368082
IMAGINARY
           0  -0.00222563  0.000707763   -0.0260143
  0.00222563            0   0.00121013   -0.0199641
-0.000707763  -0.00121013            0   0.00421767
   0.0260143    0.0199641  -0.00421767            0
Repeater1[0]<--->HoM1[0]
REAL
   0.401028   0.0305874 -0.00386351    0.117727
  0.0305874    0.114396   0.0301786  0.00648131
-0.00386351   0.0301786    0.109254 -0.00571831
   0.117727  0.00648131 -0.00571831    0.375321
IMAGINARY
          0 -0.00835107 -0.00137392  0.00515787
 0.00835107           0  0.00452736  0.00850751
 0.00137392 -0.00452736           0 -0.00397059
-0.00515787 -0.00850751  0.00397059           0
EndNode1[0]<--->Repeater1[0]
REAL
   0.388821 -0.00569231  0.00185767    0.126007
-0.00569231   0.0996355 -0.00677597  -0.0236525
 0.00185767 -0.00677597   0.0899149 -0.00969231
   0.126007  -0.0236525 -0.00969231    0.421628
IMAGINARY
          0   0.0113286 -0.00591675       0.006
 -0.0113286           0      -0.006  0.00655208
 0.00591675       0.006           0 -0.00306935
     -0.006 -0.00655208  0.00306935           0
EndNode2[0]<--->HoM1[0]
REAL
  0.404284  0.0243142  0.0252022   0.115878
 0.0243142   0.105756 0.00631638 0.00222922
 0.0252022 0.00631638   0.100402  0.0243142
  0.115878 0.00222922  0.0243142   0.389558
IMAGINARY
          0 -0.00698094 -0.00608928   0.0240271
 0.00698094           0    0.014802   0.0280016
 0.00608928   -0.014802           0  0.00631693
 -0.0240271  -0.0280016 -0.00631693           0
Repeater1[0]<--->EndNode1[0]
REAL
   0.388821  0.00185767 -0.00569231    0.126007
 0.00185767   0.0899149 -0.00677597 -0.00969231
-0.00569231 -0.00677597   0.0996355  -0.0236525
   0.126007 -0.00969231  -0.0236525    0.421628
IMAGINARY
          0 -0.00591675   0.0113286       0.006
 0.00591675           0       0.006 -0.00306935
 -0.0113286      -0.006           0  0.00655208
     -0.006  0.00306935 -0.00655208           0
Repeater1[0]<--->HoM1[0]
REAL
  0.404284  0.0252022  0.0243142   0.115878
 0.0252022   0.100402 0.00631638  0.0243142
 0.0243142 0.00631638   0.105756 0.00222922
  0.115878  0.0243142 0.00222922   0.389558
IMAGINARY
          0 -0.00608928 -0.00698094   0.0240271
 0.00608928           0   -0.014802  0.00631693
 0.00698094    0.014802           0   0.0280016
 -0.0240271 -0.00631693  -0.0280016           0
EndNode1[0]<--->Repeater1[0]
REAL
    0.385214 -0.000930826   0.00834155     0.121738
-0.000930826     0.119326  -0.00750531   -0.0127111
  0.00834155  -0.00750531    0.0894942  -0.00219027
    0.121738   -0.0127111  -0.00219027     0.405966
IMAGINARY
          0  0.00823396  -0.0233045  0.00939224
-0.00823396           0  -0.0023319  -0.0145545
  0.0233045   0.0023319           0   0.0244031
-0.00939224   0.0145545  -0.0244031           0
EndNode2[0]<--->HoM1[0]
REAL
   0.404066 -0.00147908  -0.0095959    0.131535
-0.00147908    0.102922   0.0279314   0.0127725
 -0.0095959   0.0279314    0.123253  -0.0105921
   0.131535   0.0127725  -0.0105921    0.369759
IMAGINARY
          0 -0.00289575  0.00943374   0.0230478
 0.00289575           0   0.0204023 -0.00364223
-0.00943374  -0.0204023           0 -0.00289575
 -0.0230478  0.00364223  0.00289575           0
Repeater1[0]<--->EndNode1[0]
REAL
    0.385214   0.00834155 -0.000930826     0.121738
  0.00834155    0.0894942  -0.00750531  -0.00219027
-0.000930826  -0.00750531     0.119326   -0.0127111
    0.121738  -0.00219027   -0.0127111     0.405966
IMAGINARY
          0  -0.0233045  0.00823396  0.00939224
  0.0233045           0   0.0023319   0.0244031
-0.00823396  -0.0023319           0  -0.0145545
-0.00939224  -0.0244031   0.0145545           0
Repeater1[0]<--->HoM1[0]
REAL
   0.404066  -0.0095959 -0.00147908    0.131535
 -0.0095959    0.123253   0.0279314  -0.0105921
-0.00147908   0.0279314    0.102922   0.0127725
   0.131535  -0.0105921   0.0127725    0.369759
IMAGINARY
          0  0.00943374 -0.00289575   0.0230478
-0.00943374           0  -0.0204023 -0.00289575
 0.00289575   0.0204023           0 -0.00364223
 -0.0230478  0.00289575  0.00364223           0
EndNode1[0]<--->Repeater1[0]
REAL
   0.415744  0.00405338  -0.0411865    0.108482
 0.00405338    0.098401  0.00166666   0.0201469
 -0.0411865  0.00166666    0.114391 -0.00652863
   0.108482   0.0201469 -0.00652863    0.371464
IMAGINARY
          0  -0.0118593 -0.00397156   0.0124333
  0.0118593           0  0.00111507     0.01118
 0.00397156 -0.00111507           0  0.00202963
 -0.0124333    -0.01118 -0.00202963           0
EndNode2[0]<--->HoM1[0]
REAL
   0.401554 -0.00281884   0.0180573    0.137772
-0.00281884   0.0919689  -0.0372283  0.00639925
  0.0180573  -0.0372283    0.106218  -0.0134855
   0.137772  0.00639925  -0.0134855    0.400259
IMAGINARY
          0   0.0035903   0.0146034 -0.00070061
 -0.0035903           0  -0.0176817  -0.0158534
 -0.0146034   0.0176817           0  -0.0048403
 0.00070061   0.0158534   0.0048403           0
Repeater1[0]<--->EndNode1[0]
REAL
   0.415744  -0.0411865  0.00405338    0.108482
 -0.0411865    0.114391  0.00166666 -0.00652863
 0.00405338  0.00166666    0.098401   0.0201469
   0.108482 -0.00652863   0.0201469    0.371464
IMAGINARY
          0 -0.00397156  -0.0118593   0.0124333
 0.00397156           0 -0.00111507  0.00202963
  0.0118593  0.00111507           0     0.01118
 -0.0124333 -0.00202963    -0.01118           0
Repeater1[0]<--->HoM1[0]
REAL
   0.401554   0.0180573 -0.00281884    0.137772
  0.0180573    0.106218  -0.0372283  -0.0134855
-0.00281884  -0.0372283   0.0919689  0.00639925
   0.137772  -0.0134855  0.00639925    0.400259
IMAGINARY
          0   0.0146034   0.0035903 -0.00070061
 -0.0146034           0   0.0176817  -0.0048403
 -0.0035903  -0.0176817           0  -0.0158534
 0.00070061   0.0048403   0.0158534           0
EndNode1[0]<--->Repeater1[0]
REAL
   0.392338  0.00203249  -0.0129721     0.13668
 0.00203249   0.0885073  0.00643836 -0.00225327
 -0.0129721  0.00643836    0.110964  -0.0160398
    0.13668 -0.00225327  -0.0160398     0.40819
IMAGINARY
          0 -0.00588476 -0.00343124 -0.00969782
 0.00588476           0   0.0165471  -0.0124519
 0.00343124  -0.0165471           0   0.0128733
 0.00969782   0.0124519  -0.0128733           0
EndNode2[0]<--->HoM1[0]
REAL
   0.388325  0.00954978  -0.0216664   0.0989217
 0.00954978   0.0939086 -0.00759454  -0.0210406
 -0.0216664 -0.00759454    0.109137  0.00687598
  0.0989217  -0.0210406  0.00687598    0.408629
IMAGINARY
          0   -0.015104   -0.011363  -0.0182208
   0.015104           0  -0.0156234  -0.0212185
   0.011363   0.0156234           0  0.00257272
  0.0182208   0.0212185 -0.00257272           0
Repeater1[0]<--->EndNode1[0]
REAL
   0.392338  -0.0129721  0.00203249     0.13668
 -0.0129721    0.110964  0.00643836  -0.0160398
 0.00203249  0.00643836   0.0885073 -0.00225327
    0.13668  -0.0160398 -0.00225327     0.40819
IMAGINARY
          0 -0.00343124 -0.00588476 -0.00969782
 0.00343124           0  -0.0165471   0.0128733
 0.00588476   0.0165471           0  -0.0124519
 0.00969782  -0.0128733   0.0124519           0
Repeater1[0]<--->HoM1[0]
REAL
   0.388325  -0.0216664  0.00954978   0.0989217
 -0.0216664    0.109137 -0.00759454  0.00687598
 0.00954978 -0.00759454   0.0939086  -0.0210406
  0.0989217  0.00687598  -0.0210406    0.408629
IMAGINARY
          0   -0.011363   -0.015104  -0.0182208
   0.011363           0   0.0156234  0.00257272
   0.015104  -0.0156234           0  -0.0212185
  0.0182208 -0.00257272   0.0212185           0
EndNode1[0]<--->Repeater1[0]
REAL
  0.410714  0.0105757  0.0124866   0.118008
 0.0105757  0.0982143 -0.0257005  0.0105903
 0.0124866 -0.0257005   0.107143  0.0125012
  0.118008  0.0105903  0.0125012   0.383929
IMAGINARY
          0   -0.013275   0.0278589   0.0125343
   0.013275           0  0.00875599  0.00194238
 -0.0278589 -0.00875599           0 -0.00195677
 -0.0125343 -0.00194238  0.00195677           0
EndNode2[0]<--->HoM1[0]
REAL
   0.368421   0.0342809  0.00980949     0.13528
  0.0342809    0.104039    0.010605  -0.0172908
 0.00980949    0.010605    0.113831 -0.00934325
    0.13528  -0.0172908 -0.00934325    0.413709
IMAGINARY
          0 -0.00702684  0.00064433    0.015608
 0.00702684           0   0.0162515 -0.00064433
-0.00064433  -0.0162515           0 -0.00206406
  -0.015608  0.00064433  0.00206406           0
Repeater1[0]<--->EndNode1[0]
REAL
  0.410714  0.0124866  0.0105757   0.118008
 0.0124866   0.107143 -0.0257005  0.0125012
 0.0105757 -0.0257005  0.0982143  0.0105903
  0.118008  0.0125012  0.0105903   0.383929
IMAGINARY
          0   0.0278589   -0.013275   0.0125343
 -0.0278589           0 -0.00875599 -0.00195677
   0.013275  0.00875599           0  0.00194238
 -0.0125343  0.00195677 -0.00194238           0
Repeater1[0]<--->HoM1[0]
REAL
   0.368421  0.00980949   0.0342809     0.13528
 0.00980949    0.113831    0.010605 -0.00934325
  0.0342809    0.010605    0.104039  -0.0172908
    0.13528 -0.00934325  -0.0172908    0.413709
IMAGINARY
          0  0.00064433 -0.00702684    0.015608
-0.00064433           0  -0.0162515 -0.00206406
 0.00702684   0.0162515           0 -0.00064433
  -0.015608  0.00206406  0.00064433           0
EndNode1[0]<--->Repeater1[0]
REAL
  0.401242 -0.0115735  0.0266512   0.134342
-0.0115735   0.113043  0.0195564 -0.0204952
 0.0266512  0.0195564   0.108075  0.0136255
  0.134342 -0.0204952  0.0136255    0.37764
IMAGINARY
           0   -0.0181095   0.00937111   -0.0155845
   0.0181095            0  4.04793e-05   0.00554458
 -0.00937111 -4.04793e-05            0     0.017461
   0.0155845  -0.00554458    -0.017461            0
EndNode2[0]<--->HoM1[0]
REAL
   0.396373  0.00959531  -0.0141294    0.124663
 0.00959531    0.101036 -0.00162601   0.0115116
 -0.0141294 -0.00162601     0.11658  -0.0174487
   0.124663   0.0115116  -0.0174487     0.38601
IMAGINARY
          0 -0.00288559 -0.00905471 -0.00170779
 0.00288559           0  -0.0200855 -0.00640921
 0.00905471   0.0200855           0 -0.00484637
 0.00170779  0.00640921  0.00484637           0
Repeater1[0]<--->EndNode1[0]
REAL
  0.401242  0.0266512 -0.0115735   0.134342
 0.0266512   0.108075  0.0195564  0.0136255
-0.0115735  0.0195564   0.113043 -0.0204952
  0.134342  0.0136255 -0.0204952    0.37764
IMAGINARY
           0   0.00937111   -0.0181095   -0.0155845
 -0.00937111            0 -4.04793e-05     0.017461
   0.0181095  4.04793e-05            0   0.00554458
   0.0155845    -0.017461  -0.00554458            0
Repeater1[0]<--->HoM1[0]
REAL
   0.396373  -0.0141294  0.00959531    0.124663
 -0.0141294     0.11658 -0.00162601  -0.0174487
 0.00959531 -0.00162601    0.101036   0.0115116
   0.124663  -0.0174487   0.0115116     0.38601
IMAGINARY
          0 -0.00905471 -0.00288559 -0.00170779
 0.00905471           0   0.0200855 -0.00484637
 0.00288559  -0.0200855           0 -0.00640921
 0.00170779  0.00484637  0.00640921           0
EndNode1[0]<--->Repeater1[0]
REAL
   0.364691 -0.00435875   0.0182948    0.124774
-0.00435875    0.103093  -0.0226383   0.0317719
  0.0182948  -0.0226383    0.131443    0.025053
   0.124774   0.0317719    0.025053    0.400773
IMAGINARY
           0  -0.00962105 -0.000137184    0.0158973
  0.00962105            0 -0.000393425    0.0211961
 0.000137184  0.000393425            0   -0.0102345
  -0.0158973   -0.0211961    0.0102345            0
EndNode2[0]<--->HoM1[0]
REAL
   0.410188 -0.00207797  -0.0090939    0.120551
-0.00207797   0.0857909  0.00267508   -0.018648
 -0.0090939  0.00267508    0.121984 -0.00759945
   0.120551   -0.018648 -0.00759945    0.382038
IMAGINARY
          0  -0.0122859  0.00518135  -0.0235119
  0.0122859           0 -0.00635819  0.00518135
-0.00518135  0.00635819           0 -0.00973485
  0.0235119 -0.00518135  0.00973485           0
Repeater1[0]<--->EndNode1[0]
REAL
   0.364691   0.0182948 -0.00435875    0.124774
  0.0182948    0.131443  -0.0226383    0.025053
-0.00435875  -0.0226383    0.103093   0.0317719
   0.124774    0.025053   0.0317719    0.400773
IMAGINARY
           0 -0.000137184  -0.00962105    0.0158973
 0.000137184            0  0.000393425   -0.0102345
  0.00962105 -0.000393425            0    0.0211961
  -0.0158973    0.0102345   -0.0211961            0
Repeater1[0]<--->HoM1[0]
REAL
   0.410188  -0.0090939 -0.00207797    0.120551
 -0.0090939    0.121984  0.00267508 -0.00759945
-0.00207797  0.00267508   0.0857909   -0.018648
   0.120551 -0.00759945   -0.018648    0.382038
IMAGINARY
          0  0.00518135  -0.0122859  -0.0235119
-0.00518135           0  0.00635819 -0.00973485
  0.0122859 -0.00635819           0  0.00518135
  0.0235119  0.00973485 -0.00518135           0
EndNode1[0]<--->Repeater1[0]
REAL
   0.418782  0.00843913  -0.0100752    0.128673
 0.00843913   0.0913706   -0.017637   0.0201694
 -0.0100752   -0.017637     0.10533 -0.00507439
   0.128673   0.0201694 -0.00507439    0.384518
IMAGINARY
          0  -0.0114828  0.00067712  0.00549625
  0.0114828           0   0.0137345 -0.00576618
-0.00067712  -0.0137345           0   0.0140274
-0.00549625  0.00576618  -0.0140274           0
EndNode2[0]<--->HoM1[0]
REAL
   0.37664 -0.0009972 0.00944878    0.11491
-0.0009972  0.0958005 -0.0194188  0.0144239
0.00944878 -0.0194188   0.114173 -0.0135917
   0.11491  0.0144239 -0.0135917   0.413386
IMAGINARY
          0 -0.00324932   0.0147373 -0.00361642
 0.00324932           0  -0.0168439  -0.0134935
 -0.0147373   0.0168439           0  0.00946822
 0.00361642   0.0134935 -0.00946822           0
Repeater1[0]<--->EndNode1[0]
REAL
   0.418782  -0.0100752  0.00843913    0.128673
 -0.0100752     0.10533   -0.017637 -0.00507439
 0.00843913   -0.017637   0.0913706   0.0201694
   0.128673 -0.00507439   0.0201694    0.384518
IMAGINARY
          0  0.00067712  -0.0114828  0.00549625
-0.00067712           0  -0.0137345   0.0140274
  0.0114828   0.0137345           0 -0.00576618
-0.00549625  -0.0140274  0.00576618           0
Repeater1[0]<--->HoM1[0]
REAL
   0.37664 0.00944878 -0.0009972    0.11491
0.00944878   0.114173 -0.0194188 -0.0135917
-0.0009972 -0.0194188  0.0958005  0.0144239
   0.11491 -0.0135917  0.0144239   0.413386
IMAGINARY
          0   0.0147373 -0.00324932 -0.00361642
 -0.0147373           0   0.0168439  0.00946822
 0.00324932  -0.0168439           0  -0.0134935
 0.00361642 -0.00946822   0.0134935           0
EndNode1[0]<--->Repeater1[0]
REAL
  0.384314 -0.0183643 -0.0278743   0.126488
-0.0183643   0.112418 -0.0123645  0.0272438
-0.0278743 -0.0123645  0.0980392 0.00260138
  0.126488  0.0272438 0.00260138   0.405229
IMAGINARY
          0 -0.00819865 -0.00710842  0.00686642
 0.00819865           0   0.0149813  0.00906409
 0.00710842  -0.0149813           0  -0.0133137
-0.00686642 -0.00906409   0.0133137           0
EndNode2[0]<--->HoM1[0]
REAL
  0.433249   0.012252 0.00395257   0.137222
  0.012252   0.105793 0.00749879 0.00784867
0.00395257 0.00749879   0.124685 0.00700266
  0.137222 0.00784867 0.00700266   0.336272
IMAGINARY
          0 -0.00245623  -0.0134469  -0.0286947
 0.00245623           0  0.00382561  -0.0192987
  0.0134469 -0.00382561           0  0.00749402
  0.0286947   0.0192987 -0.00749402           0
Repeater1[0]<--->EndNode1[0]
REAL
  0.384314 -0.0278743 -0.0183643   0.126488
-0.0278743  0.0980392 -0.0123645 0.00260138
-0.0183643 -0.0123645   0.112418  0.0272438
  0.126488 0.00260138  0.0272438   0.405229
IMAGINARY
          0 -0.00710842 -0.00819865  0.00686642
 0.00710842           0  -0.0149813  -0.0133137
 0.00819865   0.0149813           0  0.00906409
-0.00686642   0.0133137 -0.00906409           0
Repeater1[0]<--->HoM1[0]
REAL
  0.433249 0.00395257   0.012252   0.137222
0.00395257   0.124685 0.00749879 0.00700266
  0.012252 0.00749879   0.105793 0.00784867
  0.137222 0.00700266 0.00784867   0.336272
IMAGINARY
          0  -0.0134469 -0.00245623  -0.0286947
  0.0134469           0 -0.00382561  0.00749402
 0.00245623  0.00382561           0  -0.0192987
  0.0286947 -0.00749402   0.0192987           0
EndNode1[0]<--->Repeater1[0]
REAL
   0.409946 -0.00669907  0.00838561    0.122146
-0.00669907    0.100806 -0.00434451  -0.0214746
 0.00838561 -0.00434451    0.104839   0.0171703
   0.122146  -0.0214746   0.0171703    0.384409
IMAGINARY
           0    0.0150928 -0.000350704   -0.0133735
  -0.0150928            0   -0.0164868  -0.00163605
 0.000350704    0.0164868            0    -0.007808
   0.0133735   0.00163605     0.007808            0
EndNode2[0]<--->HoM1[0]
REAL
   0.406452  -0.0222188  -0.0113092    0.123049
 -0.0222188    0.107097 -0.00950329  0.00134903
 -0.0113092 -0.00950329    0.101935   0.0162427
   0.123049  0.00134903   0.0162427    0.384516
IMAGINARY
          0 -0.00410013   0.0107324 -0.00879635
 0.00410013           0 -0.00189547  0.00344763
 -0.0107324  0.00189547           0  -0.0347408
 0.00879635 -0.00344763   0.0347408           0
Repeater1[0]<--->EndNode1[0]
REAL
   0.409946  0.00838561 -0.00669907    0.122146
 0.00838561    0.104839 -0.00434451   0.0171703
-0.00669907 -0.00434451    0.100806  -0.0214746
   0.122146   0.0171703  -0.0214746    0.384409
IMAGINARY
           0 -0.000350704    0.0150928   -0.0133735
 0.000350704            0    0.0164868    -0.007808
  -0.0150928   -0.0164868            0  -0.00163605
   0.0133735     0.007808   0.00163605            0
Repeater1[0]<--->HoM1[0]
REAL
   0.406452  -0.0113092  -0.0222188    0.123049
 -0.0113092    0.101935 -0.00950329   0.0162427
 -0.0222188 -0.00950329    0.107097  0.00134903
   0.123049   0.0162427  0.00134903    0.384516
IMAGINARY
          0   0.0107324 -0.00410013 -0.00879635
 -0.0107324           0  0.00189547  -0.0347408
 0.00410013 -0.00189547           0  0.00344763
 0.00879635   0.0347408 -0.00344763           0
EndNode1[0]<--->Repeater1[0]
REAL
   0.416774   0.0137231 -0.00612184    0.113382
  0.0137231   0.0890323 -0.00479962  0.00157047
-0.00612184 -0.00479962   0.0993548 -0.00397019
   0.113382  0.00157047 -0.00397019    0.394839
IMAGINARY
          0 -0.00202157 -0.00537478 -0.00146509
 0.00202157           0   0.0165027  0.00467548
 0.00537478  -0.0165027           0   0.0236999
 0.00146509 -0.00467548  -0.0236999           0
EndNode2[0]<--->HoM1[0]
REAL
   0.376871   0.0138943  -0.0122197     0.11501
  0.0138943    0.117007 -0.00729698 -0.00506754
 -0.0122197 -0.00729698     0.10068 -0.00325605
    0.11501 -0.00506754 -0.00325605    0.405442
IMAGINARY
           0   -0.0127424    0.0225651  -0.00218652
   0.0127424            0    -0.020705  -0.00545483
  -0.0225651     0.020705            0  0.000701872
  0.00218652   0.00545483 -0.000701872            0
Repeater1[0]<--->EndNode1[0]
REAL
   0.416774 -0.00612184   0.0137231    0.113382
-0.00612184   0.0993548 -0.00479962 -0.00397019
  0.0137231 -0.00479962   0.0890323  0.00157047
   0.113382 -0.00397019  0.00157047    0.394839
IMAGINARY
          0 -0.00537478 -0.00202157 -0.00146509
 0.00537478           0  -0.0165027   0.0236999
 0.00202157   0.0165027           0  0.00467548
 0.00146509  -0.0236999 -0.00467548           0
Repeater1[0]<--->HoM1[0]
REAL
   0.376871  -0.0122197   0.0138943     0.11501
 -0.0122197     0.10068 -0.00729698 -0.00325605
  0.0138943 -0.00729698    0.117007 -0.00506754
    0.11501 -0.00325605 -0.00506754    0.405442
IMAGINARY
           0    0.0225651   -0.0127424  -0.00218652
  -0.0225651            0     0.020705  0.000701872
   0.0127424    -0.020705            0  -0.00545483
  0.00218652 -0.000701872   0.00545483            0
EndNode1[0]<--->Repeater1[0]
REAL
   0.367666  -0.0190836   0.0113661    0.133729
 -0.0190836    0.105606  0.00263505 -0.00816511
  0.0113661  0.00263505   0.0925684 -0.00844526
   0.133729 -0.00816511 -0.00844526    0.434159
IMAGINARY
          0 -0.00167025  0.00614278   0.0038397
 0.00167025           0  -0.0069608  -0.0041665
-0.00614278   0.0069608           0  -0.0134813
 -0.0038397   0.0041665   0.0134813           0
EndNode2[0]<--->HoM1[0]
REAL
   0.400513   0.0121559 0.000193723    0.106533
  0.0121559    0.106547   0.0139409  -0.0170477
0.000193723   0.0139409   0.0911425  -0.0115317
   0.106533  -0.0170477  -0.0115317    0.401797
IMAGINARY
          0 -0.00374729  0.00351213   0.0167348
 0.00374729           0 -0.00720497  0.00351213
-0.00351213  0.00720497           0    0.005663
 -0.0167348 -0.00351213   -0.005663           0
Repeater1[0]<--->EndNode1[0]
REAL
   0.367666   0.0113661  -0.0190836    0.133729
  0.0113661   0.0925684  0.00263505 -0.00844526
 -0.0190836  0.00263505    0.105606 -0.00816511
   0.133729 -0.00844526 -0.00816511    0.434159
IMAGINARY
          0  0.00614278 -0.00167025   0.0038397
-0.00614278           0   0.0069608  -0.0134813
 0.00167025  -0.0069608           0  -0.0041665
 -0.0038397   0.0134813   0.0041665           0
Repeater1[0]<--->HoM1[0]
REAL
   0.400513 0.000193723   0.0121559    0.106533
0.000193723   0.0911425   0.0139409  -0.0115317
  0.0121559   0.0139409    0.106547  -0.0170477
   0.106533  -0.0115317  -0.0170477    0.401797
IMAGINARY
          0  0.00351213 -0.00374729   0.0167348
-0.00351213           0  0.00720497    0.005663
 0.00374729 -0.00720497           0  0.00351213
 -0.0167348   -0.005663 -0.00351213           0
EndNode1[0]<--->Repeater1[0]
REAL
   0.398742  0.00615296   0.0162183    0.110974
 0.00615296    0.106918  -0.0124983  0.00474735
  0.0162183  -0.0124983    0.109434 -0.00805893
   0.110974  0.00474735 -0.00805893    0.384906
IMAGINARY
          0   0.0131014  0.00487583 -0.00366871
 -0.0131014           0   0.0116687  -0.0195458
-0.00487583  -0.0116687           0 -0.00576648
 0.00366871   0.0195458  0.00576648           0
EndNode2[0]<--->HoM1[0]
REAL
    0.40125  -0.0192138   -0.023943    0.144688
 -0.0192138     0.11375 -0.00334277 -0.00532228
  -0.023943 -0.00334277      0.1075  -0.0100515
   0.144688 -0.00532228  -0.0100515      0.3775
IMAGINARY
           0   0.00473866   0.00479195   0.00599044
 -0.00473866            0  -0.00862202  0.000925968
 -0.00479195   0.00862202            0  0.000979259
 -0.00599044 -0.000925968 -0.000979259            0
Repeater1[0]<--->EndNode1[0]
REAL
   0.398742   0.0162183  0.00615296    0.110974
  0.0162183    0.109434  -0.0124983 -0.00805893
 0.00615296  -0.0124983    0.106918  0.00474735
   0.110974 -0.00805893  0.00474735    0.384906
IMAGINARY
          0  0.00487583   0.0131014 -0.00366871
-0.00487583           0  -0.0116687 -0.00576648
 -0.0131014   0.0116687           0  -0.0195458
 0.00366871  0.00576648   0.0195458           0
Repeater1[0]<--->HoM1[0]
REAL
    0.40125   -0.023943  -0.0192138    0.144688
  -0.023943      0.1075 -0.00334277  -0.0100515
 -0.0192138 -0.00334277     0.11375 -0.00532228
   0.144688  -0.0100515 -0.00532228      0.3775
IMAGINARY
           0   0.00479195   0.00473866   0.00599044
 -0.00479195            0   0.00862202  0.000979259
 -0.00473866  -0.00862202            0  0.000925968
 -0.00599044 -0.000979259 -0.000925968            0
EndNode1[0]<--->Repeater1[0]
REAL
   0.38151 0.00952698  0.0152249   0.144793
0.00952698    0.11849 0.00370061  0.0170564
 0.0152249 0.00370061   0.128906 -0.0159832
  0.144793  0.0170564 -0.0159832   0.371094
IMAGINARY
           0   -0.0235655   -0.0163028  -0.00622493
   0.0235655            0  0.000507015  -0.00255283
   0.0163028 -0.000507015            0  0.000808675
  0.00622493   0.00255283 -0.000808675            0
EndNode2[0]<--->HoM1[0]
REAL
   0.396786  0.00127371  0.00611495    0.131749
 0.00127371    0.118665 -0.00306779 -0.00419433
 0.00611495 -0.00306779    0.112485  -0.0275221
   0.131749 -0.00419433  -0.0275221    0.372064
IMAGINARY
          0  0.00981335 -0.00989268 -0.00688495
-0.00981335           0   0.0152505  0.00334818
