EndNode1[0]<--->Repeater1[0]
REAL
  0.327609  0.0161604 0.00231518   0.188692
 0.0161604   0.169089  0.0603853 -0.0189203
0.00231518  0.0603853   0.188904 -0.0327656
  0.188692 -0.0189203 -0.0327656   0.314399
IMAGINARY
          0   0.0242834 -0.00977028   -0.017991
 -0.0242834           0 -0.00949588    0.011093
 0.00977028  0.00949588           0   0.0101081
   0.017991   -0.011093  -0.0101081           0
EndNode2[0]<--->HoM1[0]
REAL
   0.301587 -0.00092909 -0.00387597    0.195231
-0.00092909     0.19536   0.0735031 -0.00387597
-0.00387597   0.0735031    0.157509  -0.0132828
   0.195231 -0.00387597  -0.0132828    0.345543
IMAGINARY
          0   0.0130157  0.00231251  0.00426407
 -0.0130157           0 -0.00300145 -0.00885701
-0.00231251  0.00300145           0   0.0210157
-0.00426407  0.00885701  -0.0210157           0
Repeater1[0]<--->EndNode1[0]
REAL
  0.327609 0.00231518  0.0161604   0.188692
0.00231518   0.188904  0.0603853 -0.0327656
 0.0161604  0.0603853   0.169089 -0.0189203
  0.188692 -0.0327656 -0.0189203   0.314399
IMAGINARY
          0 -0.00977028   0.0242834   -0.017991
 0.00977028           0  0.00949588   0.0101081
 -0.0242834 -0.00949588           0    0.011093
   0.017991  -0.0101081   -0.011093           0
Repeater1[0]<--->HoM1[0]
REAL
   0.301587 -0.00387597 -0.00092909    0.195231
-0.00387597    0.157509   0.0735031  -0.0132828
-0.00092909   0.0735031     0.19536 -0.00387597
   0.195231  -0.0132828 -0.00387597    0.345543
IMAGINARY
          0  0.00231251   0.0130157  0.00426407
-0.00231251           0  0.00300145   0.0210157
 -0.0130157 -0.00300145           0 -0.00885701
-0.00426407  -0.0210157  0.00885701           0
EndNode1[0]<--->Repeater1[0]
REAL
   0.317602 -0.00558734 -0.00700003    0.203169
-0.00558734    0.177296   0.0565623 -0.00440936
-0.00700003   0.0565623    0.174745 0.000889349
   0.203169 -0.00440936 0.000889349    0.330357
IMAGINARY
          0  -0.0112036   0.0172719 -0.00303844
  0.0112036           0   0.0121514   0.0179394
 -0.0172719  -0.0121514           0  -0.0112036
 0.00303844  -0.0179394   0.0112036           0
EndNode2[0]<--->HoM1[0]
REAL
    0.331194 -9.04954e-05  -0.00731399     0.195255
-9.04954e-05     0.164313    0.0534826   0.00352611
 -0.00731399    0.0534826      0.18742  -0.00748526
    0.195255   0.00352611  -0.00748526     0.317073
IMAGINARY
          0   0.0125645 -0.00759494   0.0117897
 -0.0125645           0  0.00344571  -0.0139241
 0.00759494 -0.00344571           0  0.00515706
 -0.0117897   0.0139241 -0.00515706           0
Repeater1[0]<--->EndNode1[0]
REAL
   0.317602 -0.00700003 -0.00558734    0.203169
-0.00700003    0.174745   0.0565623 0.000889349
-0.00558734   0.0565623    0.177296 -0.00440936
   0.203169 0.000889349 -0.00440936    0.330357
IMAGINARY
          0   0.0172719  -0.0112036 -0.00303844
 -0.0172719           0  -0.0121514  -0.0112036
  0.0112036   0.0121514           0   0.0179394
 0.00303844   0.0112036  -0.0179394           0
Repeater1[0]<--->HoM1[0]
REAL
    0.331194  -0.00731399 -9.04954e-05     0.195255
 -0.00731399      0.18742    0.0534826  -0.00748526
-9.04954e-05    0.0534826     0.164313   0.00352611
    0.195255  -0.00748526   0.00352611     0.317073
IMAGINARY
          0 -0.00759494   0.0125645   0.0117897
 0.00759494           0 -0.00344571  0.00515706
 -0.0125645  0.00344571           0  -0.0139241
 -0.0117897 -0.00515706   0.0139241           0
EndNode1[0]<--->Repeater1[0]
REAL
  0.332031  0.0113431 0.00195412   0.188242
 0.0113431   0.171875  0.0602094 -0.0025737
0.00195412  0.0602094   0.167969  0.0165379
  0.188242 -0.0025737  0.0165379   0.328125
IMAGINARY
          0  -0.0125489  0.00476633  0.00648943
  0.0125489           0  0.00142614    0.026231
-0.00476633 -0.00142614           0   0.0112011
-0.00648943   -0.026231  -0.0112011           0
EndNode2[0]<--->HoM1[0]
REAL
    0.34596 -0.00769975 -0.00318943    0.204515
-0.00769975    0.169192   0.0629565  0.00890735
-0.00318943   0.0629565     0.15404   0.0146883
   0.204515  0.00890735   0.0146883    0.330808
IMAGINARY
          0 -0.00597785  0.00903722   0.0009113
 0.00597785           0  -0.0009113  -0.0116346
-0.00903722   0.0009113           0  0.00338044
 -0.0009113   0.0116346 -0.00338044           0
Repeater1[0]<--->EndNode1[0]
REAL
  0.332031 0.00195412  0.0113431   0.188242
0.00195412   0.167969  0.0602094  0.0165379
 0.0113431  0.0602094   0.171875 -0.0025737
  0.188242  0.0165379 -0.0025737   0.328125
IMAGINARY
          0  0.00476633  -0.0125489  0.00648943
-0.00476633           0 -0.00142614   0.0112011
  0.0125489  0.00142614           0    0.026231
-0.00648943  -0.0112011   -0.026231           0
Repeater1[0]<--->HoM1[0]
REAL
    0.34596 -0.00318943 -0.00769975    0.204515
-0.00318943     0.15404   0.0629565   0.0146883
-0.00769975   0.0629565    0.169192  0.00890735
   0.204515   0.0146883  0.00890735    0.330808
IMAGINARY
          0  0.00903722 -0.00597785   0.0009113
-0.00903722           0   0.0009113  0.00338044
 0.00597785  -0.0009113           0  -0.0116346
 -0.0009113 -0.00338044   0.0116346           0
EndNode1[0]<--->Repeater1[0]
REAL
   0.359626  0.00488857 0.000732592    0.183167
 0.00488857    0.184492   0.0634992 -0.00606593
0.000732592   0.0634992    0.164439  0.00844476
   0.183167 -0.00606593  0.00844476    0.291444
IMAGINARY
           0   -0.0125322 -0.000756977   -0.0013185
   0.0125322            0   -0.0114708   -0.0146459
 0.000756977    0.0114708            0    0.0243805
   0.0013185    0.0146459   -0.0243805            0
EndNode2[0]<--->HoM1[0]
REAL
   0.340506  -0.0103853 -0.00809469    0.220039
 -0.0103853    0.173418   0.0470661   -0.031379
-0.00809469   0.0470661    0.191139 -0.00145677
   0.220039   -0.031379 -0.00145677    0.294937
IMAGINARY
          0 -0.00922504 -0.00815101 -0.00828757
 0.00922504           0 -0.00574304  -0.0121193
 0.00815101  0.00574304           0   0.0213872
 0.00828757   0.0121193  -0.0213872           0
Repeater1[0]<--->EndNode1[0]
REAL
   0.359626 0.000732592  0.00488857    0.183167
0.000732592    0.164439   0.0634992  0.00844476
 0.00488857   0.0634992    0.184492 -0.00606593
   0.183167  0.00844476 -0.00606593    0.291444
IMAGINARY
           0 -0.000756977   -0.0125322   -0.0013185
 0.000756977            0    0.0114708    0.0243805
   0.0125322   -0.0114708            0   -0.0146459
   0.0013185   -0.0243805    0.0146459            0
Repeater1[0]<--->HoM1[0]
REAL
   0.340506 -0.00809469  -0.0103853    0.220039
-0.00809469    0.191139   0.0470661 -0.00145677
 -0.0103853   0.0470661    0.173418   -0.031379
   0.220039 -0.00145677   -0.031379    0.294937
IMAGINARY
          0 -0.00815101 -0.00922504 -0.00828757
 0.00815101           0  0.00574304   0.0213872
 0.00922504 -0.00574304           0  -0.0121193
 0.00828757  -0.0213872   0.0121193           0
EndNode1[0]<--->Repeater1[0]
REAL
   0.302552 0.000867499  -0.0154367    0.183818
0.000867499     0.17983   0.0573587   0.0147831
 -0.0154367   0.0573587    0.168894  0.00632204
   0.183818   0.0147831  0.00632204    0.348724
IMAGINARY
           0  -0.00096528  -0.00791704   0.00141349
  0.00096528            0   -0.0247012   -0.0173748
  0.00791704    0.0247012            0  0.000316771
 -0.00141349    0.0173748 -0.000316771            0
EndNode2[0]<--->HoM1[0]
REAL
     0.344 -0.0182412 0.00984346   0.189731
-0.0182412       0.16  0.0472444  0.0111222
0.00984346  0.0472444      0.164 0.00235808
  0.189731  0.0111222 0.00235808      0.332
IMAGINARY
          0  -0.0266304  0.00835343  -0.0240613
  0.0266304           0   0.0132333 -0.00187675
-0.00835343  -0.0132333           0  -0.0212971
  0.0240613  0.00187675   0.0212971           0
Repeater1[0]<--->EndNode1[0]
REAL
   0.302552  -0.0154367 0.000867499    0.183818
 -0.0154367    0.168894   0.0573587  0.00632204
0.000867499   0.0573587     0.17983   0.0147831
   0.183818  0.00632204   0.0147831    0.348724
IMAGINARY
           0  -0.00791704  -0.00096528   0.00141349
  0.00791704            0    0.0247012  0.000316771
  0.00096528   -0.0247012            0   -0.0173748
 -0.00141349 -0.000316771    0.0173748            0
Repeater1[0]<--->HoM1[0]
REAL
     0.344 0.00984346 -0.0182412   0.189731
0.00984346      0.164  0.0472444 0.00235808
-0.0182412  0.0472444       0.16  0.0111222
  0.189731 0.00235808  0.0111222      0.332
IMAGINARY
          0  0.00835343  -0.0266304  -0.0240613
-0.00835343           0  -0.0132333  -0.0212971
  0.0266304   0.0132333           0 -0.00187675
  0.0240613   0.0212971  0.00187675           0
EndNode1[0]<--->Repeater1[0]
REAL
   0.324147  -0.0164611 0.000192264    0.176818
 -0.0164611    0.188976   0.0750707  -0.0127867
0.000192264   0.0750707    0.182415 -0.00243054
   0.176818  -0.0127867 -0.00243054    0.304462
IMAGINARY
          0  0.00702576   0.0288816   0.0150755
-0.00702576           0  0.00547244   0.0166865
 -0.0288816 -0.00547244           0  -0.0113953
 -0.0150755  -0.0166865   0.0113953           0
EndNode2[0]<--->HoM1[0]
REAL
    0.318299 -0.000960263  -0.00128051     0.219896
-0.000960263     0.190722    0.0767583 -0.000649992
 -0.00128051    0.0767583     0.157216  -0.00354424
    0.219896 -0.000649992  -0.00354424     0.333763
IMAGINARY
          0   0.0398159  -0.0173254 -0.00881353
 -0.0398159           0  -0.0145025  -0.0199295
  0.0173254   0.0145025           0  0.00920368
 0.00881353   0.0199295 -0.00920368           0
Repeater1[0]<--->EndNode1[0]
REAL
   0.324147 0.000192264  -0.0164611    0.176818
0.000192264    0.182415   0.0750707 -0.00243054
 -0.0164611   0.0750707    0.188976  -0.0127867
   0.176818 -0.00243054  -0.0127867    0.304462
IMAGINARY
          0   0.0288816  0.00702576   0.0150755
 -0.0288816           0 -0.00547244  -0.0113953
-0.00702576  0.00547244           0   0.0166865
 -0.0150755   0.0113953  -0.0166865           0
Repeater1[0]<--->HoM1[0]
REAL
    0.318299  -0.00128051 -0.000960263     0.219896
 -0.00128051     0.157216    0.0767583  -0.00354424
-0.000960263    0.0767583     0.190722 -0.000649992
    0.219896  -0.00354424 -0.000649992     0.333763
IMAGINARY
          0  -0.0173254   0.0398159 -0.00881353
  0.0173254           0   0.0145025  0.00920368
 -0.0398159  -0.0145025           0  -0.0199295
 0.00881353 -0.00920368   0.0199295           0
EndNode1[0]<--->Repeater1[0]
REAL
   0.326115  0.00141092   0.0231977     0.19089
 0.00141092    0.180892   0.0544051 -0.00876856
  0.0231977   0.0544051    0.175796   0.0192917
    0.19089 -0.00876856   0.0192917    0.317197
IMAGINARY
           0  -0.00725006    0.0129916   -0.0309409
  0.00725006            0   0.00482154 -0.000341767
  -0.0129916  -0.00482154            0    0.0092474
   0.0309409  0.000341767   -0.0092474            0
EndNode2[0]<--->HoM1[0]
REAL
    0.336283 -0.000825113    0.0218729      0.20436
-0.000825113     0.159292    0.0310535  -0.00219859
   0.0218729    0.0310535      0.17067   0.00286039
     0.20436  -0.00219859   0.00286039     0.333755
IMAGINARY
          0   0.0248293 -0.00677307  0.00369363
 -0.0248293           0 -0.00303832 -0.00185907
 0.00677307  0.00303832           0   -0.010885
-0.00369363  0.00185907    0.010885           0
Repeater1[0]<--->EndNode1[0]
REAL
   0.326115   0.0231977  0.00141092     0.19089
  0.0231977    0.175796   0.0544051   0.0192917
 0.00141092   0.0544051    0.180892 -0.00876856
    0.19089   0.0192917 -0.00876856    0.317197
IMAGINARY
           0    0.0129916  -0.00725006   -0.0309409
  -0.0129916            0  -0.00482154    0.0092474
  0.00725006   0.00482154            0 -0.000341767
   0.0309409   -0.0092474  0.000341767            0
Repeater1[0]<--->HoM1[0]
REAL
    0.336283    0.0218729 -0.000825113      0.20436
   0.0218729      0.17067    0.0310535   0.00286039
-0.000825113    0.0310535     0.159292  -0.00219859
     0.20436   0.00286039  -0.00219859     0.333755
IMAGINARY
          0 -0.00677307   0.0248293  0.00369363
 0.00677307           0  0.00303832   -0.010885
 -0.0248293 -0.00303832           0 -0.00185907
-0.00369363    0.010885  0.00185907           0
EndNode1[0]<--->Repeater1[0]
REAL
   0.335006 -0.00433323 -0.00634538    0.198513
-0.00433323     0.19197   0.0733496 -0.00569518
-0.00634538   0.0733496    0.176913  -0.0178467
   0.198513 -0.00569518  -0.0178467     0.29611
IMAGINARY
          0 -0.00538778  0.00639307   0.0141805
 0.00538778           0   -0.024088  -0.0175333
-0.00639307    0.024088           0   -0.017548
 -0.0141805   0.0175333    0.017548           0
EndNode2[0]<--->HoM1[0]
REAL
  0.381127 -0.0078239   0.021754   0.208121
-0.0078239   0.137255  0.0579974 0.00289834
  0.021754  0.0579974   0.171569  0.0236267
  0.208121 0.00289834  0.0236267   0.310049
IMAGINARY
          0 -0.00554543  -0.0254619   0.0189559
 0.00554543           0 -0.00404018  0.00312942
  0.0254619  0.00404018           0  -0.0093429
 -0.0189559 -0.00312942   0.0093429           0
Repeater1[0]<--->EndNode1[0]
REAL
   0.335006 -0.00634538 -0.00433323    0.198513
-0.00634538    0.176913   0.0733496  -0.0178467
-0.00433323   0.0733496     0.19197 -0.00569518
   0.198513  -0.0178467 -0.00569518     0.29611
IMAGINARY
          0  0.00639307 -0.00538778   0.0141805
-0.00639307           0    0.024088   -0.017548
 0.00538778   -0.024088           0  -0.0175333
 -0.0141805    0.017548   0.0175333           0
Repeater1[0]<--->HoM1[0]
REAL
  0.381127   0.021754 -0.0078239   0.208121
  0.021754   0.171569  0.0579974  0.0236267
-0.0078239  0.0579974   0.137255 0.00289834
  0.208121  0.0236267 0.00289834   0.310049
IMAGINARY
          0  -0.0254619 -0.00554543   0.0189559
  0.0254619           0  0.00404018  -0.0093429
 0.00554543 -0.00404018           0  0.00312942
 -0.0189559   0.0093429 -0.00312942           0
EndNode1[0]<--->Repeater1[0]
REAL
   0.314211  -0.0167776 -0.00138663    0.191479
 -0.0167776    0.179922   0.0545106  0.00807112
-0.00138663   0.0545106    0.166884 -0.00594962
   0.191479  0.00807112 -0.00594962    0.338983
IMAGINARY
          0 -0.00725051 -0.00203923   0.0106857
 0.00725051           0   0.0249344 -0.00327992
 0.00203923  -0.0249344           0    0.016559
 -0.0106857  0.00327992   -0.016559           0
EndNode2[0]<--->HoM1[0]
REAL
    0.336621    0.0121722  -0.00831052     0.209034
   0.0121722     0.166461    0.0546506    0.0183239
 -0.00831052    0.0546506      0.18619 -0.000823716
    0.209034    0.0183239 -0.000823716     0.310727
IMAGINARY
           0   0.00413284   -0.0139629  0.000895494
 -0.00413284            0  -0.00740591    0.0209515
   0.0139629   0.00740591            0 -0.000956219
-0.000895494   -0.0209515  0.000956219            0
Repeater1[0]<--->EndNode1[0]
REAL
   0.314211 -0.00138663  -0.0167776    0.191479
-0.00138663    0.166884   0.0545106 -0.00594962
 -0.0167776   0.0545106    0.179922  0.00807112
   0.191479 -0.00594962  0.00807112    0.338983
IMAGINARY
          0 -0.00203923 -0.00725051   0.0106857
 0.00203923           0  -0.0249344    0.016559
 0.00725051   0.0249344           0 -0.00327992
 -0.0106857   -0.016559  0.00327992           0
Repeater1[0]<--->HoM1[0]
REAL
    0.336621  -0.00831052    0.0121722     0.209034
 -0.00831052      0.18619    0.0546506 -0.000823716
   0.0121722    0.0546506     0.166461    0.0183239
    0.209034 -0.000823716    0.0183239     0.310727
IMAGINARY
           0   -0.0139629   0.00413284  0.000895494
   0.0139629            0   0.00740591 -0.000956219
 -0.00413284  -0.00740591            0    0.0209515
-0.000895494  0.000956219   -0.0209515            0
EndNode1[0]<--->Repeater1[0]
REAL
   0.342857 -0.00890634  0.00877948    0.183354
-0.00890634    0.192547   0.0331016 -0.00624784
 0.00877948   0.0331016    0.163975   0.0215646
   0.183354 -0.00624784   0.0215646    0.300621
IMAGINARY
          0  -0.0117235  0.00776144   0.0122528
  0.0117235           0   -0.043883  -0.0216503
-0.00776144    0.043883           0    0.016774
 -0.0122528   0.0216503   -0.016774           0
EndNode2[0]<--->HoM1[0]
REAL
   0.326923  0.00155248   0.0369019    0.214299
 0.00155248    0.179487   0.0629227 -0.00248391
  0.0369019   0.0629227    0.180769  0.00282799
   0.214299 -0.00248391  0.00282799    0.312821
IMAGINARY
           0    0.0013041 -0.000363398   -0.0436874
  -0.0013041            0   0.00551471  -0.00815561
 0.000363398  -0.00551471            0   -0.0111337
   0.0436874   0.00815561    0.0111337            0
Repeater1[0]<--->EndNode1[0]
REAL
   0.342857  0.00877948 -0.00890634    0.183354
 0.00877948    0.163975   0.0331016   0.0215646
-0.00890634   0.0331016    0.192547 -0.00624784
   0.183354   0.0215646 -0.00624784    0.300621
IMAGINARY
          0  0.00776144  -0.0117235   0.0122528
-0.00776144           0    0.043883    0.016774
  0.0117235   -0.043883           0  -0.0216503
 -0.0122528   -0.016774   0.0216503           0
Repeater1[0]<--->HoM1[0]
REAL
   0.326923   0.0369019  0.00155248    0.214299
  0.0369019    0.180769   0.0629227  0.00282799
 0.00155248   0.0629227    0.179487 -0.00248391
   0.214299  0.00282799 -0.00248391    0.312821
IMAGINARY
           0 -0.000363398    0.0013041   -0.0436874
 0.000363398            0  -0.00551471   -0.0111337
  -0.0013041   0.00551471            0  -0.00815561
   0.0436874    0.0111337   0.00815561            0
EndNode1[0]<--->Repeater1[0]
REAL
   0.326772   0.0204858  -0.0212311    0.178063
  0.0204858    0.190289    0.048529 -0.00436196
 -0.0212311    0.048529    0.156168  -0.0148678
   0.178063 -0.00436196  -0.0148678    0.326772
IMAGINARY
           0  -0.00810048   0.00213226   -0.0147436
  0.00810048            0   -0.0147436    0.0147071
 -0.00213226    0.0147436            0 -0.000966882
   0.0147436   -0.0147071  0.000966882            0
EndNode2[0]<--->HoM1[0]
REAL
   0.321809  0.00415113  0.00176903    0.209495
 0.00415113    0.155585   0.0467965 -0.00508029
 0.00176903   0.0467965    0.183511   0.0137297
   0.209495 -0.00508029   0.0137297    0.339096
IMAGINARY
          0  -0.0240704  0.00768335  0.00808475
  0.0240704           0   0.0219904  0.00289866
-0.00768335  -0.0219904           0 -0.00899835
-0.00808475 -0.00289866  0.00899835           0
Repeater1[0]<--->EndNode1[0]
REAL
   0.326772  -0.0212311   0.0204858    0.178063
 -0.0212311    0.156168    0.048529  -0.0148678
  0.0204858    0.048529    0.190289 -0.00436196
   0.178063  -0.0148678 -0.00436196    0.326772
IMAGINARY
           0   0.00213226  -0.00810048   -0.0147436
 -0.00213226            0    0.0147436 -0.000966882
  0.00810048   -0.0147436            0    0.0147071
   0.0147436  0.000966882   -0.0147071            0
Repeater1[0]<--->HoM1[0]
REAL
   0.321809  0.00176903  0.00415113    0.209495
 0.00176903    0.183511   0.0467965   0.0137297
 0.00415113   0.0467965    0.155585 -0.00508029
   0.209495   0.0137297 -0.00508029    0.339096
IMAGINARY
          0  0.00768335  -0.0240704  0.00808475
-0.00768335           0  -0.0219904 -0.00899835
  0.0240704   0.0219904           0  0.00289866
-0.00808475  0.00899835 -0.00289866           0
EndNode1[0]<--->Repeater1[0]
REAL
   0.333756   -0.018606  0.00127525    0.212943
  -0.018606    0.185279   0.0595568 -0.00377525
 0.00127525   0.0595568    0.162437   -0.028894
   0.212943 -0.00377525   -0.028894    0.318528
IMAGINARY
          0 -0.00402868    0.018869   0.0246598
 0.00402868           0  -0.0068263 -0.00890881
  -0.018869   0.0068263           0  -0.0152276
 -0.0246598  0.00890881   0.0152276           0
EndNode2[0]<--->HoM1[0]
REAL
  0.301461  0.0115105 0.00408504   0.217328
 0.0115105   0.173971  0.0473029 0.00609307
0.00408504  0.0473029   0.173971 0.00757348
  0.217328 0.00609307 0.00757348   0.350598
IMAGINARY
          0  0.00101488   0.0130815   0.0115713
-0.00101488           0   0.0158343 -0.00300597
 -0.0130815  -0.0158343           0 -0.00101488
 -0.0115713  0.00300597  0.00101488           0
Repeater1[0]<--->EndNode1[0]
REAL
   0.333756  0.00127525   -0.018606    0.212943
 0.00127525    0.162437   0.0595568   -0.028894
  -0.018606   0.0595568    0.185279 -0.00377525
   0.212943   -0.028894 -0.00377525    0.318528
IMAGINARY
          0    0.018869 -0.00402868   0.0246598
  -0.018869           0   0.0068263  -0.0152276
 0.00402868  -0.0068263           0 -0.00890881
 -0.0246598   0.0152276  0.00890881           0
Repeater1[0]<--->HoM1[0]
REAL
  0.301461 0.00408504  0.0115105   0.217328
0.00408504   0.173971  0.0473029 0.00757348
 0.0115105  0.0473029   0.173971 0.00609307
  0.217328 0.00757348 0.00609307   0.350598
IMAGINARY
          0   0.0130815  0.00101488   0.0115713
 -0.0130815           0  -0.0158343 -0.00101488
-0.00101488   0.0158343           0 -0.00300597
 -0.0115713  0.00101488  0.00300597           0
EndNode1[0]<--->Repeater1[0]
REAL
  0.314394 0.00335884   0.017684   0.212301
0.00335884   0.179293  0.0412657 -0.0157385
  0.017684  0.0412657   0.190657 0.00896282
  0.212301 -0.0157385 0.00896282   0.315657
IMAGINARY
          0  -0.0166982  0.00387825 -0.00165107
  0.0166982           0  0.00555732  0.00201952
-0.00387825 -0.00555732           0  0.00686863
 0.00165107 -0.00201952 -0.00686863           0
EndNode2[0]<--->HoM1[0]
REAL
     0.3225   0.0128263   0.0167315    0.202449
  0.0128263      0.1725   0.0296261 -0.00100827
  0.0167315   0.0296261     0.17125 -0.00842374
   0.202449 -0.00100827 -0.00842374     0.33375
IMAGINARY
          0  -0.0102438 -0.00050867 -0.00138293
  0.0102438           0  -0.0127923  0.00446645
 0.00050867   0.0127923           0  -0.0200992
 0.00138293 -0.00446645   0.0200992           0
Repeater1[0]<--->EndNode1[0]
REAL
  0.314394   0.017684 0.00335884   0.212301
  0.017684   0.190657  0.0412657 0.00896282
0.00335884  0.0412657   0.179293 -0.0157385
  0.212301 0.00896282 -0.0157385   0.315657
IMAGINARY
          0  0.00387825  -0.0166982 -0.00165107
-0.00387825           0 -0.00555732  0.00686863
  0.0166982  0.00555732           0  0.00201952
 0.00165107 -0.00686863 -0.00201952           0
Repeater1[0]<--->HoM1[0]
REAL
     0.3225   0.0167315   0.0128263    0.202449
  0.0167315     0.17125   0.0296261 -0.00842374
  0.0128263   0.0296261      0.1725 -0.00100827
   0.202449 -0.00842374 -0.00100827     0.33375
IMAGINARY
          0 -0.00050867  -0.0102438 -0.00138293
 0.00050867           0   0.0127923  -0.0200992
  0.0102438  -0.0127923           0  0.00446645
 0.00138293   0.0200992 -0.00446645           0
EndNode1[0]<--->Repeater1[0]
REAL
   0.312585 -0.00319359  0.00087047    0.194049
-0.00319359    0.185386   0.0572331 -0.00343457
 0.00087047   0.0572331    0.189445   -0.012191
   0.194049 -0.00343457   -0.012191    0.312585
IMAGINARY
          0 -0.00760547  0.00721829   0.0142647
 0.00760547           0   0.0117006  0.00397574
-0.00721829  -0.0117006           0  0.00387412
 -0.0142647 -0.00397574 -0.00387412           0
EndNode2[0]<--->HoM1[0]
REAL
   0.321033  -0.0199996  -0.0203842    0.170807
 -0.0199996    0.180812   0.0498916 -0.00205964
 -0.0203842   0.0498916    0.167282 -0.00244431
   0.170807 -0.00205964 -0.00244431    0.330873
IMAGINARY
          0 -0.00185797  0.00394897 -0.00687656
 0.00185797           0  -0.0351289  0.00585495
-0.00394897   0.0351289           0  0.00251157
 0.00687656 -0.00585495 -0.00251157           0
Repeater1[0]<--->EndNode1[0]
REAL
   0.312585  0.00087047 -0.00319359    0.194049
 0.00087047    0.189445   0.0572331   -0.012191
-0.00319359   0.0572331    0.185386 -0.00343457
   0.194049   -0.012191 -0.00343457    0.312585
IMAGINARY
          0  0.00721829 -0.00760547   0.0142647
-0.00721829           0  -0.0117006  0.00387412
 0.00760547   0.0117006           0  0.00397574
 -0.0142647 -0.00387412 -0.00397574           0
Repeater1[0]<--->HoM1[0]
REAL
   0.321033  -0.0203842  -0.0199996    0.170807
 -0.0203842    0.167282   0.0498916 -0.00244431
 -0.0199996   0.0498916    0.180812 -0.00205964
   0.170807 -0.00244431 -0.00205964    0.330873
IMAGINARY
          0  0.00394897 -0.00185797 -0.00687656
-0.00394897           0   0.0351289  0.00251157
 0.00185797  -0.0351289           0  0.00585495
 0.00687656 -0.00251157 -0.00585495           0
EndNode1[0]<--->Repeater1[0]
REAL
    0.34414   -0.020273   0.0250694     0.19078
  -0.020273    0.160848   0.0651255  -0.0263818
  0.0250694   0.0651255    0.167082 -0.00728602
    0.19078  -0.0263818 -0.00728602     0.32793
IMAGINARY
           0    0.0331132   0.00586933 -0.000956033
  -0.0331132            0  -0.00157561    0.0111464
 -0.00586933   0.00157561            0  -0.00300848
 0.000956033   -0.0111464   0.00300848            0
EndNode2[0]<--->HoM1[0]
REAL
   0.326531   0.0177332   0.0213585    0.206606
  0.0177332    0.198079   0.0543763   0.0161092
  0.0213585   0.0543763    0.171669 -0.00481326
   0.206606   0.0161092 -0.00481326    0.303721
IMAGINARY
          0  -0.0055396   -0.011188 -0.00575508
  0.0055396           0 -0.00507295  -0.0162005
   0.011188  0.00507295           0   0.0163676
 0.00575508   0.0162005  -0.0163676           0
Repeater1[0]<--->EndNode1[0]
REAL
    0.34414   0.0250694   -0.020273     0.19078
  0.0250694    0.167082   0.0651255 -0.00728602
  -0.020273   0.0651255    0.160848  -0.0263818
    0.19078 -0.00728602  -0.0263818     0.32793
IMAGINARY
           0   0.00586933    0.0331132 -0.000956033
 -0.00586933            0   0.00157561  -0.00300848
  -0.0331132  -0.00157561            0    0.0111464
 0.000956033   0.00300848   -0.0111464            0
Repeater1[0]<--->HoM1[0]
REAL
   0.326531   0.0213585   0.0177332    0.206606
  0.0213585    0.171669   0.0543763 -0.00481326
  0.0177332   0.0543763    0.198079   0.0161092
   0.206606 -0.00481326   0.0161092    0.303721
IMAGINARY
          0   -0.011188  -0.0055396 -0.00575508
   0.011188           0  0.00507295   0.0163676
  0.0055396 -0.00507295           0  -0.0162005
 0.00575508  -0.0163676   0.0162005           0
EndNode1[0]<--->Repeater1[0]
REAL
  0.289267 0.00552754 -0.0249325   0.190067
0.00552754   0.201571  0.0620105 0.00692701
-0.0249325  0.0620105   0.184555 -0.0166079
  0.190067 0.00692701 -0.0166079   0.324607
IMAGINARY
          0   0.0122808  -0.0109569  0.00902576
 -0.0122808           0  0.00349071  0.00259144
  0.0109569 -0.00349071           0  -0.0129243
-0.00902576 -0.00259144   0.0129243           0
EndNode2[0]<--->HoM1[0]
REAL
   0.35535 -0.0187575 -0.0179865   0.210036
-0.0187575   0.149273  0.0601656 -0.0085287
-0.0179865  0.0601656   0.191546 -0.0102829
  0.210036 -0.0085287 -0.0102829   0.303831
IMAGINARY
          0   0.0174022 -0.00995866 -0.00287915
 -0.0174022           0    0.012163  0.00737468
 0.00995866   -0.012163           0  0.00972957
 0.00287915 -0.00737468 -0.00972957           0
Repeater1[0]<--->EndNode1[0]
REAL
  0.289267 -0.0249325 0.00552754   0.190067
-0.0249325   0.184555  0.0620105 -0.0166079
0.00552754  0.0620105   0.201571 0.00692701
  0.190067 -0.0166079 0.00692701   0.324607
IMAGINARY
          0  -0.0109569   0.0122808  0.00902576
  0.0109569           0 -0.00349071  -0.0129243
 -0.0122808  0.00349071           0  0.00259144
-0.00902576   0.0129243 -0.00259144           0
Repeater1[0]<--->HoM1[0]
REAL
   0.35535 -0.0179865 -0.0187575   0.210036
-0.0179865   0.191546  0.0601656 -0.0102829
-0.0187575  0.0601656   0.149273 -0.0085287
  0.210036 -0.0102829 -0.0085287   0.303831
IMAGINARY
          0 -0.00995866   0.0174022 -0.00287915
 0.00995866           0   -0.012163  0.00972957
 -0.0174022    0.012163           0  0.00737468
 0.00287915 -0.00972957 -0.00737468           0
EndNode1[0]<--->Repeater1[0]
REAL
   0.33015  0.0174935 0.00482541   0.163155
 0.0174935   0.160982   0.073349  0.0131694
0.00482541   0.073349   0.195089  0.0017867
  0.163155  0.0131694  0.0017867   0.313779
IMAGINARY
           0  -0.00746258   -0.0110754   -0.0118733
  0.00746258            0  -0.00802717  0.000153102
   0.0110754   0.00802717            0    0.0111034
   0.0118733 -0.000153102   -0.0111034            0
EndNode2[0]<--->HoM1[0]
REAL
    0.305374  -0.00197121  -0.00445463     0.204917
 -0.00197121     0.186107    0.0699172 -0.000181129
 -0.00445463    0.0699172     0.154653 -1.55418e-05
    0.204917 -0.000181129 -1.55418e-05     0.353866
IMAGINARY
          0 -0.00838926    -0.00625  -0.0273058
 0.00838926           0   0.0110558    -0.00625
    0.00625  -0.0110558           0  0.00838926
  0.0273058     0.00625 -0.00838926           0
Repeater1[0]<--->EndNode1[0]
REAL
   0.33015 0.00482541  0.0174935   0.163155
0.00482541   0.195089   0.073349  0.0017867
 0.0174935   0.073349   0.160982  0.0131694
  0.163155  0.0017867  0.0131694   0.313779
IMAGINARY
           0   -0.0110754  -0.00746258   -0.0118733
   0.0110754            0   0.00802717    0.0111034
  0.00746258  -0.00802717            0  0.000153102
   0.0118733   -0.0111034 -0.000153102            0
Repeater1[0]<--->HoM1[0]
REAL
    0.305374  -0.00445463  -0.00197121     0.204917
 -0.00445463     0.154653    0.0699172 -1.55418e-05
 -0.00197121    0.0699172     0.186107 -0.000181129
    0.204917 -1.55418e-05 -0.000181129     0.353866
IMAGINARY
          0    -0.00625 -0.00838926  -0.0273058
    0.00625           0  -0.0110558  0.00838926
 0.00838926   0.0110558           0    -0.00625
  0.0273058 -0.00838926     0.00625           0
EndNode1[0]<--->Repeater1[0]
REAL
  0.284047 -0.0118726 -0.0161491    0.20905
-0.0118726   0.185473  0.0491776 0.00728837
-0.0161491  0.0491776   0.189364 0.00174605
   0.20905 0.00728837 0.00174605   0.341115
IMAGINARY
           0   0.00250187   0.00161114  0.000317641
 -0.00250187            0  -0.00234193   -0.0086175
 -0.00161114   0.00234193            0  -0.00950824
-0.000317641    0.0086175   0.00950824            0
EndNode2[0]<--->HoM1[0]
REAL
   0.351662  0.00337152  0.00224647    0.188608
 0.00337152    0.175192    0.056962 -0.00224647
 0.00224647    0.056962    0.149616  -0.0122323
   0.188608 -0.00224647  -0.0122323    0.323529
IMAGINARY
           0  -0.00189873  0.000307231   0.00189267
  0.00189873            0   0.00985023    0.0148826
-0.000307231  -0.00985023            0  -0.00189873
 -0.00189267   -0.0148826   0.00189873            0
Repeater1[0]<--->EndNode1[0]
REAL
  0.284047 -0.0161491 -0.0118726    0.20905
-0.0161491   0.189364  0.0491776 0.00174605
-0.0118726  0.0491776   0.185473 0.00728837
   0.20905 0.00174605 0.00728837   0.341115
IMAGINARY
           0   0.00161114   0.00250187  0.000317641
 -0.00161114            0   0.00234193  -0.00950824
 -0.00250187  -0.00234193            0   -0.0086175
-0.000317641   0.00950824    0.0086175            0
Repeater1[0]<--->HoM1[0]
REAL
   0.351662  0.00224647  0.00337152    0.188608
 0.00224647    0.149616    0.056962  -0.0122323
 0.00337152    0.056962    0.175192 -0.00224647
   0.188608  -0.0122323 -0.00224647    0.323529
IMAGINARY
           0  0.000307231  -0.00189873   0.00189267
-0.000307231            0  -0.00985023  -0.00189873
  0.00189873   0.00985023            0    0.0148826
 -0.00189267   0.00189873   -0.0148826            0
EndNode1[0]<--->Repeater1[0]
REAL
  0.350123 -0.0310227 -0.0267307   0.188216
-0.0310227   0.149877  0.0674806 -0.0175731
-0.0267307  0.0674806   0.179361 -0.0170785
  0.188216 -0.0175731 -0.0170785   0.320639
IMAGINARY
           0  -0.00199727    0.0186682   0.00482501
  0.00199727            0    0.0180176  -0.00423253
  -0.0186682   -0.0180176            0 -0.000627404
 -0.00482501   0.00423253  0.000627404            0
EndNode2[0]<--->HoM1[0]
REAL
   0.329082  -0.0112863 -0.00192693    0.212286
 -0.0112863    0.205357    0.048525  0.00733233
-0.00192693    0.048525    0.160714  0.00723223
   0.212286  0.00733233  0.00723223    0.304847
IMAGINARY
           0 -0.000848042  1.38884e-05  -0.00500854
 0.000848042            0   -0.0179875    0.0055901
-1.38884e-05    0.0179875            0   -0.0147186
  0.00500854   -0.0055901    0.0147186            0
Repeater1[0]<--->EndNode1[0]
REAL
  0.350123 -0.0267307 -0.0310227   0.188216
-0.0267307   0.179361  0.0674806 -0.0170785
-0.0310227  0.0674806   0.149877 -0.0175731
  0.188216 -0.0170785 -0.0175731   0.320639
IMAGINARY
           0    0.0186682  -0.00199727   0.00482501
  -0.0186682            0   -0.0180176 -0.000627404
  0.00199727    0.0180176            0  -0.00423253
 -0.00482501  0.000627404   0.00423253            0
Repeater1[0]<--->HoM1[0]
REAL
   0.329082 -0.00192693  -0.0112863    0.212286
-0.00192693    0.160714    0.048525  0.00723223
 -0.0112863    0.048525    0.205357  0.00733233
   0.212286  0.00723223  0.00733233    0.304847
IMAGINARY
           0  1.38884e-05 -0.000848042  -0.00500854
-1.38884e-05            0    0.0179875   -0.0147186
 0.000848042   -0.0179875            0    0.0055901
  0.00500854    0.0147186   -0.0055901            0
EndNode1[0]<--->Repeater1[0]
REAL
   0.313594   0.0134271 -0.00297572    0.201847
  0.0134271    0.183042   0.0544112   0.0141747
-0.00297572   0.0544112    0.201884 -0.00618073
   0.201847   0.0141747 -0.00618073     0.30148
IMAGINARY
          0   0.0197198  -0.0103996  0.00555796
 -0.0197198           0  -0.0136728 -0.00242089
  0.0103996   0.0136728           0   0.0072033
-0.00555796  0.00242089  -0.0072033           0
EndNode2[0]<--->HoM1[0]
REAL
  0.332905  0.0199603 -0.0188504   0.212509
 0.0199603   0.190231  0.0672209  0.0188504
-0.0188504  0.0672209   0.167095 -0.0213117
  0.212509  0.0188504 -0.0213117   0.309769
IMAGINARY
          0  -0.0045846  -0.0048879   0.0159726
  0.0045846           0 -0.00337818  -0.0042744
  0.0048879  0.00337818           0 -0.00326881
 -0.0159726   0.0042744  0.00326881           0
Repeater1[0]<--->EndNode1[0]
REAL
   0.313594 -0.00297572   0.0134271    0.201847
-0.00297572    0.201884   0.0544112 -0.00618073
  0.0134271   0.0544112    0.183042   0.0141747
   0.201847 -0.00618073   0.0141747     0.30148
IMAGINARY
          0  -0.0103996   0.0197198  0.00555796
  0.0103996           0   0.0136728   0.0072033
 -0.0197198  -0.0136728           0 -0.00242089
-0.00555796  -0.0072033  0.00242089           0
Repeater1[0]<--->HoM1[0]
REAL
  0.332905 -0.0188504  0.0199603   0.212509
-0.0188504   0.167095  0.0672209 -0.0213117
 0.0199603  0.0672209   0.190231  0.0188504
  0.212509 -0.0213117  0.0188504   0.309769
IMAGINARY
          0  -0.0048879  -0.0045846   0.0159726
  0.0048879           0  0.00337818 -0.00326881
  0.0045846 -0.00337818           0  -0.0042744
 -0.0159726  0.00326881   0.0042744           0
EndNode1[0]<--->Repeater1[0]
REAL
    0.302384  -0.00166582  -0.00333251     0.214745
 -0.00166582     0.217064    0.0406608 -0.000721544
 -0.00333251    0.0406608     0.180678  -0.00103689
    0.214745 -0.000721544  -0.00103689     0.299875
IMAGINARY
          0 -0.00621001   0.0224573   0.0182853
 0.00621001           0 -0.00674682  -0.0146039
 -0.0224573  0.00674682           0  0.00490111
 -0.0182853   0.0146039 -0.00490111           0
EndNode2[0]<--->HoM1[0]
REAL
   0.329897  0.00137324  0.00854546    0.188145
 0.00137324    0.186856   0.0497686  -0.0136345
 0.00854546   0.0497686    0.177835 -0.00391777
   0.188145  -0.0136345 -0.00391777    0.305412
IMAGINARY
          0    0.013171  -0.0115736 -0.00772817
  -0.013171           0 -0.00202475 -0.00380157
  0.0115736  0.00202475           0   0.0145043
 0.00772817  0.00380157  -0.0145043           0
Repeater1[0]<--->EndNode1[0]
REAL
    0.302384  -0.00333251  -0.00166582     0.214745
 -0.00333251     0.180678    0.0406608  -0.00103689
 -0.00166582    0.0406608     0.217064 -0.000721544
    0.214745  -0.00103689 -0.000721544     0.299875
IMAGINARY
          0   0.0224573 -0.00621001   0.0182853
 -0.0224573           0  0.00674682  0.00490111
 0.00621001 -0.00674682           0  -0.0146039
 -0.0182853 -0.00490111   0.0146039           0
Repeater1[0]<--->HoM1[0]
REAL
   0.329897  0.00854546  0.00137324    0.188145
 0.00854546    0.177835   0.0497686 -0.00391777
 0.00137324   0.0497686    0.186856  -0.0136345
   0.188145 -0.00391777  -0.0136345    0.305412
IMAGINARY
          0  -0.0115736    0.013171 -0.00772817
  0.0115736           0  0.00202475   0.0145043
  -0.013171 -0.00202475           0 -0.00380157
 0.00772817  -0.0145043  0.00380157           0
EndNode1[0]<--->Repeater1[0]
REAL
    0.32267  0.00895309  0.00428065    0.206767
 0.00895309    0.207232   0.0732587 -0.00996966
 0.00428065   0.0732587    0.148818 -0.00705676
   0.206767 -0.00996966 -0.00705676     0.32128
IMAGINARY
           0 -0.000325945   -0.0065445   -0.0103058
 0.000325945            0    0.0134426    0.0065445
   0.0065445   -0.0134426            0  0.000325945
   0.0103058   -0.0065445 -0.000325945            0
EndNode2[0]<--->HoM1[0]
REAL
   0.324967 -0.00457654  0.00502827    0.183558
-0.00457654    0.186262   0.0820053 -0.00569052
 0.00502827   0.0820053    0.163804   0.0105368
   0.183558 -0.00569052   0.0105368    0.324967
IMAGINARY
           0    0.0178696    -0.017782  0.000659461
  -0.0178696            0    0.0150886  -0.00873806
    0.017782   -0.0150886            0  0.000888477
-0.000659461   0.00873806 -0.000888477            0
Repeater1[0]<--->EndNode1[0]
REAL
    0.32267  0.00428065  0.00895309    0.206767
 0.00428065    0.148818   0.0732587 -0.00705676
 0.00895309   0.0732587    0.207232 -0.00996966
   0.206767 -0.00705676 -0.00996966     0.32128
IMAGINARY
           0   -0.0065445 -0.000325945   -0.0103058
   0.0065445            0   -0.0134426  0.000325945
 0.000325945    0.0134426            0    0.0065445
   0.0103058 -0.000325945   -0.0065445            0
Repeater1[0]<--->HoM1[0]
REAL
   0.324967  0.00502827 -0.00457654    0.183558
 0.00502827    0.163804   0.0820053   0.0105368
-0.00457654   0.0820053    0.186262 -0.00569052
   0.183558   0.0105368 -0.00569052    0.324967
IMAGINARY
           0    -0.017782    0.0178696  0.000659461
    0.017782            0   -0.0150886  0.000888477
  -0.0178696    0.0150886            0  -0.00873806
-0.000659461 -0.000888477   0.00873806            0
EndNode1[0]<--->Repeater1[0]
REAL
   0.346154 -0.00440594   0.0113786    0.215997
-0.00440594    0.179901   0.0389538  -0.0126162
  0.0113786   0.0389538     0.16129   0.0105941
   0.215997  -0.0126162   0.0105941    0.312655
IMAGINARY
          0  -0.0207815  0.00817069    0.016841
  0.0207815           0  -0.0155041  0.00155693
-0.00817069   0.0155041           0   0.0331032
  -0.016841 -0.00155693  -0.0331032           0
EndNode2[0]<--->HoM1[0]
REAL
   0.337121 -0.00249245  0.00659757    0.199989
-0.00249245    0.150253   0.0682725  0.00725633
 0.00659757   0.0682725    0.183081 -0.00380478
   0.199989  0.00725633 -0.00380478    0.329545
IMAGINARY
          0  -0.0267811   0.0345015 -0.00602327
  0.0267811           0  0.00407774   0.0198891
 -0.0345015 -0.00407774           0   0.0103984
 0.00602327  -0.0198891  -0.0103984           0
Repeater1[0]<--->EndNode1[0]
REAL
   0.346154   0.0113786 -0.00440594    0.215997
  0.0113786     0.16129   0.0389538   0.0105941
-0.00440594   0.0389538    0.179901  -0.0126162
   0.215997   0.0105941  -0.0126162    0.312655
IMAGINARY
          0  0.00817069  -0.0207815    0.016841
-0.00817069           0   0.0155041   0.0331032
  0.0207815  -0.0155041           0  0.00155693
  -0.016841  -0.0331032 -0.00155693           0
Repeater1[0]<--->HoM1[0]
REAL
   0.337121  0.00659757 -0.00249245    0.199989
 0.00659757    0.183081   0.0682725 -0.00380478
-0.00249245   0.0682725    0.150253  0.00725633
   0.199989 -0.00380478  0.00725633    0.329545
IMAGINARY
          0   0.0345015  -0.0267811 -0.00602327
 -0.0345015           0 -0.00407774   0.0103984
  0.0267811  0.00407774           0   0.0198891
 0.00602327  -0.0103984  -0.0198891           0
EndNode1[0]<--->Repeater1[0]
REAL
   0.318608 0.000536577 -0.00478926    0.195796
0.000536577    0.179384   0.0439996  -0.0143434
-0.00478926   0.0439996    0.190094  -0.0222203
   0.195796  -0.0143434  -0.0222203    0.311914
IMAGINARY
          0  0.00297286  -0.0054291 -0.00776707
-0.00297286           0 -0.00711004   0.0184402
  0.0054291  0.00711004           0 -0.00730991
 0.00776707  -0.0184402  0.00730991           0
EndNode2[0]<--->HoM1[0]
REAL
   0.331194   0.0131982   0.0206375    0.202094
  0.0131982     0.18742   0.0558004 -0.00484798
