EndNode1[0]<--->Repeater1[0]
REAL
   0.407595 -0.00461637  -0.0328685    0.245347
-0.00461637    0.101266   0.0322928   0.0136139
 -0.0328685   0.0322928    0.122785 -0.00594263
   0.245347   0.0136139 -0.00594263    0.368354
IMAGINARY
          0   0.0191015  0.00144227  -0.0219741
 -0.0191015           0  0.00517823 -0.00390532
-0.00144227 -0.00517823           0 -0.00309168
  0.0219741  0.00390532  0.00309168           0
EndNode2[0]<--->HoM1[0]
REAL
    0.409449 -0.000903734     0.038232     0.247349
-0.000903734     0.114173    0.0275543     0.011574
    0.038232    0.0275543     0.106299    0.0196618
    0.247349     0.011574    0.0196618     0.370079
IMAGINARY
          0 -0.00485291  0.00359597  0.00897318
 0.00485291           0  -0.0114484  -0.0100227
-0.00359597   0.0114484           0   0.0138503
-0.00897318   0.0100227  -0.0138503           0
Repeater1[0]<--->EndNode1[0]
REAL
   0.407595  -0.0328685 -0.00461637    0.245347
 -0.0328685    0.122785   0.0322928 -0.00594263
-0.00461637   0.0322928    0.101266   0.0136139
   0.245347 -0.00594263   0.0136139    0.368354
IMAGINARY
          0  0.00144227   0.0191015  -0.0219741
-0.00144227           0 -0.00517823 -0.00309168
 -0.0191015  0.00517823           0 -0.00390532
  0.0219741  0.00309168  0.00390532           0
Repeater1[0]<--->HoM1[0]
REAL
    0.409449     0.038232 -0.000903734     0.247349
    0.038232     0.106299    0.0275543    0.0196618
-0.000903734    0.0275543     0.114173     0.011574
    0.247349    0.0196618     0.011574     0.370079
IMAGINARY
          0  0.00359597 -0.00485291  0.00897318
-0.00359597           0   0.0114484   0.0138503
 0.00485291  -0.0114484           0  -0.0100227
-0.00897318  -0.0138503   0.0100227           0
EndNode1[0]<--->Repeater1[0]
REAL
   0.395522  -0.0134021  -0.0198768    0.256677
 -0.0134021    0.109453   0.0390785  -0.0185848
 -0.0198768   0.0390785    0.131841 -0.00383927
   0.256677  -0.0185848 -0.00383927    0.363184
IMAGINARY
          0  -0.0214097  0.00770455 -0.00351751
  0.0214097           0 -0.00544306  -0.0179365
-0.00770455  0.00544306           0   0.0139063
 0.00351751   0.0179365  -0.0139063           0
EndNode2[0]<--->HoM1[0]
REAL
  0.375318 0.00213086 0.00393994   0.265795
0.00213086   0.118321  0.0352188  0.0220423
0.00393994  0.0352188   0.119593 -0.0103691
  0.265795  0.0220423 -0.0103691   0.386768
IMAGINARY
          0   0.0266279  0.00184423   0.0152354
 -0.0266279           0 -0.00418208   0.0207122
-0.00184423  0.00418208           0  -0.0103371
 -0.0152354  -0.0207122   0.0103371           0
Repeater1[0]<--->EndNode1[0]
REAL
   0.395522  -0.0198768  -0.0134021    0.256677
 -0.0198768    0.131841   0.0390785 -0.00383927
 -0.0134021   0.0390785    0.109453  -0.0185848
   0.256677 -0.00383927  -0.0185848    0.363184
IMAGINARY
          0  0.00770455  -0.0214097 -0.00351751
-0.00770455           0  0.00544306   0.0139063
  0.0214097 -0.00544306           0  -0.0179365
 0.00351751  -0.0139063   0.0179365           0
Repeater1[0]<--->HoM1[0]
REAL
  0.375318 0.00393994 0.00213086   0.265795
0.00393994   0.119593  0.0352188 -0.0103691
0.00213086  0.0352188   0.118321  0.0220423
  0.265795 -0.0103691  0.0220423   0.386768
IMAGINARY
          0  0.00184423   0.0266279   0.0152354
-0.00184423           0  0.00418208  -0.0103371
 -0.0266279 -0.00418208           0   0.0207122
 -0.0152354   0.0103371  -0.0207122           0
EndNode1[0]<--->Repeater1[0]
REAL
   0.386224 -0.00946588  -0.0222372    0.251392
-0.00946588    0.111931   0.0397131   -0.027628
 -0.0222372   0.0397131    0.115621  -0.0120975
   0.251392   -0.027628  -0.0120975    0.386224
IMAGINARY
          0  -0.0083203  0.00170162 -0.00950197
  0.0083203           0 -0.00950197  0.00803074
-0.00170162  0.00950197           0  0.00953684
 0.00950197 -0.00803074 -0.00953684           0
EndNode2[0]<--->HoM1[0]
REAL
    0.411301  -0.00102152 -7.75346e-05     0.246694
 -0.00102152     0.110381   0.00766985   0.00880571
-7.75346e-05   0.00766985     0.120894    0.0134904
    0.246694   0.00880571    0.0134904     0.357424
IMAGINARY
           0  -0.00493732   -0.0186457  -0.00745951
  0.00493732            0  0.000213129   0.00767009
   0.0186457 -0.000213129            0   0.00371781
  0.00745951  -0.00767009  -0.00371781            0
Repeater1[0]<--->EndNode1[0]
REAL
   0.386224  -0.0222372 -0.00946588    0.251392
 -0.0222372    0.115621   0.0397131  -0.0120975
-0.00946588   0.0397131    0.111931   -0.027628
   0.251392  -0.0120975   -0.027628    0.386224
IMAGINARY
          0  0.00170162  -0.0083203 -0.00950197
-0.00170162           0  0.00950197  0.00953684
  0.0083203 -0.00950197           0  0.00803074
 0.00950197 -0.00953684 -0.00803074           0
Repeater1[0]<--->HoM1[0]
REAL
    0.411301 -7.75346e-05  -0.00102152     0.246694
-7.75346e-05     0.120894   0.00766985    0.0134904
 -0.00102152   0.00766985     0.110381   0.00880571
    0.246694    0.0134904   0.00880571     0.357424
IMAGINARY
           0   -0.0186457  -0.00493732  -0.00745951
   0.0186457            0 -0.000213129   0.00371781
  0.00493732  0.000213129            0   0.00767009
  0.00745951  -0.00371781  -0.00767009            0
EndNode1[0]<--->Repeater1[0]
REAL
   0.402795 -0.00612117  0.00546097     0.25172
-0.00612117    0.105464   0.0200747  0.00607749
 0.00546097   0.0200747    0.104193 -0.00285319
    0.25172  0.00607749 -0.00285319    0.387548
IMAGINARY
          0   0.0133236   0.0095669  -0.0132944
 -0.0133236           0   0.0132944   -0.023491
 -0.0095669  -0.0132944           0  0.00819539
  0.0132944    0.023491 -0.00819539           0
EndNode2[0]<--->HoM1[0]
REAL
   0.353576  0.00773874   0.0184413    0.236811
 0.00773874    0.118758   0.0486244  -0.0268938
  0.0184413   0.0486244    0.105263 -0.00448777
   0.236811  -0.0268938 -0.00448777    0.422402
IMAGINARY
          0 -0.00564862  -0.0102531  -0.0217232
 0.00564862           0  0.00598465  -0.0268348
  0.0102531 -0.00598465           0 -0.00808764
  0.0217232   0.0268348  0.00808764           0
Repeater1[0]<--->EndNode1[0]
REAL
   0.402795  0.00546097 -0.00612117     0.25172
 0.00546097    0.104193   0.0200747 -0.00285319
-0.00612117   0.0200747    0.105464  0.00607749
    0.25172 -0.00285319  0.00607749    0.387548
IMAGINARY
          0   0.0095669   0.0133236  -0.0132944
 -0.0095669           0  -0.0132944  0.00819539
 -0.0133236   0.0132944           0   -0.023491
  0.0132944 -0.00819539    0.023491           0
Repeater1[0]<--->HoM1[0]
REAL
   0.353576   0.0184413  0.00773874    0.236811
  0.0184413    0.105263   0.0486244 -0.00448777
 0.00773874   0.0486244    0.118758  -0.0268938
   0.236811 -0.00448777  -0.0268938    0.422402
IMAGINARY
          0  -0.0102531 -0.00564862  -0.0217232
  0.0102531           0 -0.00598465 -0.00808764
 0.00564862  0.00598465           0  -0.0268348
  0.0217232  0.00808764   0.0268348           0
EndNode1[0]<--->Repeater1[0]
REAL
    0.42789 -0.00615521  0.00989227    0.262104
-0.00615521    0.101311   0.0339997  -0.0137884
 0.00989227   0.0339997    0.104887  -0.0068318
   0.262104  -0.0137884  -0.0068318    0.365912
IMAGINARY
          0 -0.00848039  -0.0127036 -0.00770745
 0.00848039           0 -0.00222633 -0.00363626
  0.0127036  0.00222633           0  0.00651961
 0.00770745  0.00363626 -0.00651961           0
EndNode2[0]<--->HoM1[0]
REAL
    0.409272  0.000725338 -0.000132888     0.266086
 0.000725338     0.113907    0.0324117   0.00951962
-0.000132888    0.0324117     0.104636   0.00740983
    0.266086   0.00951962   0.00740983     0.372185
IMAGINARY
           0   0.00447422 -8.63643e-05  -0.00294889
 -0.00447422            0   0.00294889   -0.0236012
 8.63643e-05  -0.00294889            0   0.00384844
  0.00294889    0.0236012  -0.00384844            0
Repeater1[0]<--->EndNode1[0]
REAL
    0.42789  0.00989227 -0.00615521    0.262104
 0.00989227    0.104887   0.0339997  -0.0068318
-0.00615521   0.0339997    0.101311  -0.0137884
   0.262104  -0.0068318  -0.0137884    0.365912
IMAGINARY
          0  -0.0127036 -0.00848039 -0.00770745
  0.0127036           0  0.00222633  0.00651961
 0.00848039 -0.00222633           0 -0.00363626
 0.00770745 -0.00651961  0.00363626           0
Repeater1[0]<--->HoM1[0]
REAL
    0.409272 -0.000132888  0.000725338     0.266086
-0.000132888     0.104636    0.0324117   0.00740983
 0.000725338    0.0324117     0.113907   0.00951962
    0.266086   0.00740983   0.00951962     0.372185
IMAGINARY
           0 -8.63643e-05   0.00447422  -0.00294889
 8.63643e-05            0  -0.00294889   0.00384844
 -0.00447422   0.00294889            0   -0.0236012
  0.00294889  -0.00384844    0.0236012            0
EndNode1[0]<--->Repeater1[0]
REAL
   0.393173  0.00751076  0.00764421    0.252709
 0.00751076    0.115044   0.0264074  -0.0163457
 0.00764421   0.0264074    0.116308 -0.00148667
   0.252709  -0.0163457 -0.00148667    0.375474
IMAGINARY
         0  0.0113881   -0.02733 -0.0127507
-0.0113881          0 -0.0069443 -0.0173963
   0.02733  0.0069443          0   0.018652
 0.0127507  0.0173963  -0.018652          0
EndNode2[0]<--->HoM1[0]
REAL
  0.365885 0.00882531  -0.016873    0.26584
0.00882531    0.11849  0.0282417  0.0137904
 -0.016873  0.0282417   0.135417 -0.0032766
   0.26584  0.0137904 -0.0032766   0.380208
IMAGINARY
          0   0.0107149  -0.0114191   0.0023064
 -0.0107149           0  -0.0264894  -0.0120796
  0.0114191   0.0264894           0  0.00625634
 -0.0023064   0.0120796 -0.00625634           0
Repeater1[0]<--->EndNode1[0]
REAL
   0.393173  0.00764421  0.00751076    0.252709
 0.00764421    0.116308   0.0264074 -0.00148667
 0.00751076   0.0264074    0.115044  -0.0163457
   0.252709 -0.00148667  -0.0163457    0.375474
IMAGINARY
         0   -0.02733  0.0113881 -0.0127507
   0.02733          0  0.0069443   0.018652
-0.0113881 -0.0069443          0 -0.0173963
 0.0127507  -0.018652  0.0173963          0
Repeater1[0]<--->HoM1[0]
REAL
  0.365885  -0.016873 0.00882531    0.26584
 -0.016873   0.135417  0.0282417 -0.0032766
0.00882531  0.0282417    0.11849  0.0137904
   0.26584 -0.0032766  0.0137904   0.380208
IMAGINARY
          0  -0.0114191   0.0107149   0.0023064
  0.0114191           0   0.0264894  0.00625634
 -0.0107149  -0.0264894           0  -0.0120796
 -0.0023064 -0.00625634   0.0120796           0
EndNode1[0]<--->Repeater1[0]
REAL
   0.394402   0.0107839  0.00218604    0.256433
  0.0107839    0.103053   0.0377594  0.00286447
 0.00218604   0.0377594    0.132316 0.000579777
   0.256433  0.00286447 0.000579777    0.370229
IMAGINARY
          0  -0.0199248  0.00058436 -0.00891097
  0.0199248           0  0.00410987 -0.00549836
-0.00058436 -0.00410987           0   0.0113252
 0.00891097  0.00549836  -0.0113252           0
EndNode2[0]<--->HoM1[0]
REAL
     0.37181   0.00647728    0.0106343     0.258721
  0.00647728     0.119077    0.0418143 -0.000594187
   0.0106343    0.0418143     0.114216  -0.00848531
    0.258721 -0.000594187  -0.00848531     0.394897
IMAGINARY
         0  0.0115632 -0.0206049   0.013973
-0.0115632          0 -0.0181747  -0.015437
 0.0206049  0.0181747          0  0.0323424
 -0.013973   0.015437 -0.0323424          0
Repeater1[0]<--->EndNode1[0]
REAL
   0.394402  0.00218604   0.0107839    0.256433
 0.00218604    0.132316   0.0377594 0.000579777
  0.0107839   0.0377594    0.103053  0.00286447
   0.256433 0.000579777  0.00286447    0.370229
IMAGINARY
          0  0.00058436  -0.0199248 -0.00891097
-0.00058436           0 -0.00410987   0.0113252
  0.0199248  0.00410987           0 -0.00549836
 0.00891097  -0.0113252  0.00549836           0
Repeater1[0]<--->HoM1[0]
REAL
     0.37181    0.0106343   0.00647728     0.258721
   0.0106343     0.114216    0.0418143  -0.00848531
  0.00647728    0.0418143     0.119077 -0.000594187
    0.258721  -0.00848531 -0.000594187     0.394897
IMAGINARY
         0 -0.0206049  0.0115632   0.013973
 0.0206049          0  0.0181747  0.0323424
-0.0115632 -0.0181747          0  -0.015437
 -0.013973 -0.0323424   0.015437          0
EndNode1[0]<--->Repeater1[0]
REAL
  0.382567 0.00147267  0.0306433   0.234846
0.00147267    0.11138   0.035459 0.00615875
 0.0306433   0.035459   0.116223    0.02137
  0.234846 0.00615875    0.02137   0.389831
IMAGINARY
          0  -0.0181058   0.0153746    0.018742
  0.0181058           0  -0.0147632   0.0146868
 -0.0153746   0.0147632           0  0.00890338
  -0.018742  -0.0146868 -0.00890338           0
EndNode2[0]<--->HoM1[0]
REAL
  0.374359 0.00200273 -0.0117486   0.247131
0.00200273   0.111538  0.0236463  0.0171105
-0.0117486  0.0236463   0.112821  0.0127426
  0.247131  0.0171105  0.0127426   0.401282
IMAGINARY
           0   0.00692071   0.00133204   -0.0075882
 -0.00692071            0   -0.0025882  -0.00259466
 -0.00133204    0.0025882            0  0.000655047
   0.0075882   0.00259466 -0.000655047            0
Repeater1[0]<--->EndNode1[0]
REAL
  0.382567  0.0306433 0.00147267   0.234846
 0.0306433   0.116223   0.035459    0.02137
0.00147267   0.035459    0.11138 0.00615875
  0.234846    0.02137 0.00615875   0.389831
IMAGINARY
          0   0.0153746  -0.0181058    0.018742
 -0.0153746           0   0.0147632  0.00890338
  0.0181058  -0.0147632           0   0.0146868
  -0.018742 -0.00890338  -0.0146868           0
Repeater1[0]<--->HoM1[0]
REAL
  0.374359 -0.0117486 0.00200273   0.247131
-0.0117486   0.112821  0.0236463  0.0127426
0.00200273  0.0236463   0.111538  0.0171105
  0.247131  0.0127426  0.0171105   0.401282
IMAGINARY
           0   0.00133204   0.00692071   -0.0075882
 -0.00133204            0    0.0025882  0.000655047
 -0.00692071   -0.0025882            0  -0.00259466
   0.0075882 -0.000655047   0.00259466            0
EndNode1[0]<--->Repeater1[0]
REAL
   0.386364 -0.00246299   -0.001671    0.247879
-0.00246299   0.0989305   0.0265672  -0.0107149
  -0.001671   0.0265672    0.121658  0.00963378
   0.247879  -0.0107149  0.00963378    0.393048
IMAGINARY
          0 -0.00354123 -0.00508082    0.015467
 0.00354123           0   0.0141882   -0.006899
 0.00508082  -0.0141882           0 -0.00591653
  -0.015467    0.006899  0.00591653           0
EndNode2[0]<--->HoM1[0]
REAL
  0.425065 -0.0247305 0.00560691   0.250675
-0.0247305   0.104651  0.0109312  0.0100769
0.00560691  0.0109312   0.118863  0.0103014
  0.250675  0.0100769  0.0103014   0.351421
IMAGINARY
          0  0.00171429  0.00038048   0.0220822
-0.00171429           0  0.00484085  -0.0183292
-0.00038048 -0.00484085           0 -0.00299634
 -0.0220822   0.0183292  0.00299634           0
Repeater1[0]<--->EndNode1[0]
REAL
   0.386364   -0.001671 -0.00246299    0.247879
  -0.001671    0.121658   0.0265672  0.00963378
-0.00246299   0.0265672   0.0989305  -0.0107149
   0.247879  0.00963378  -0.0107149    0.393048
IMAGINARY
          0 -0.00508082 -0.00354123    0.015467
 0.00508082           0  -0.0141882 -0.00591653
 0.00354123   0.0141882           0   -0.006899
  -0.015467  0.00591653    0.006899           0
Repeater1[0]<--->HoM1[0]
REAL
  0.425065 0.00560691 -0.0247305   0.250675
0.00560691   0.118863  0.0109312  0.0103014
-0.0247305  0.0109312   0.104651  0.0100769
  0.250675  0.0103014  0.0100769   0.351421
IMAGINARY
          0  0.00038048  0.00171429   0.0220822
-0.00038048           0 -0.00484085 -0.00299634
-0.00171429  0.00484085           0  -0.0183292
 -0.0220822  0.00299634   0.0183292           0
EndNode1[0]<--->Repeater1[0]
REAL
  0.397019 0.00288457  0.0136853   0.258141
0.00288457   0.119241  0.0187922 -0.0181213
 0.0136853  0.0187922  0.0799458 0.00535371
  0.258141 -0.0181213 0.00535371   0.403794
IMAGINARY
           0    0.0199589   -0.0216391  0.000226016
  -0.0199589            0    0.0116473    0.0103609
   0.0216391   -0.0116473            0  -0.00366817
-0.000226016   -0.0103609   0.00366817            0
EndNode2[0]<--->HoM1[0]
REAL
    0.392947   0.00811897  0.000898323     0.239596
  0.00811897     0.115869    0.0104037   -0.0301536
 0.000898323    0.0104037     0.119647 -0.000140244
    0.239596   -0.0301536 -0.000140244     0.371537
IMAGINARY
          0 -0.00827523 -0.00203727  -0.0349659
 0.00827523           0   0.0127146 -0.00603727
 0.00203727  -0.0127146           0  0.00641187
  0.0349659  0.00603727 -0.00641187           0
Repeater1[0]<--->EndNode1[0]
REAL
  0.397019  0.0136853 0.00288457   0.258141
 0.0136853  0.0799458  0.0187922 0.00535371
0.00288457  0.0187922   0.119241 -0.0181213
  0.258141 0.00535371 -0.0181213   0.403794
IMAGINARY
           0   -0.0216391    0.0199589  0.000226016
   0.0216391            0   -0.0116473  -0.00366817
  -0.0199589    0.0116473            0    0.0103609
-0.000226016   0.00366817   -0.0103609            0
Repeater1[0]<--->HoM1[0]
REAL
    0.392947  0.000898323   0.00811897     0.239596
 0.000898323     0.119647    0.0104037 -0.000140244
  0.00811897    0.0104037     0.115869   -0.0301536
    0.239596 -0.000140244   -0.0301536     0.371537
IMAGINARY
          0 -0.00203727 -0.00827523  -0.0349659
 0.00203727           0  -0.0127146  0.00641187
 0.00827523   0.0127146           0 -0.00603727
  0.0349659 -0.00641187  0.00603727           0
EndNode1[0]<--->Repeater1[0]
REAL
   0.412533 -0.00817417  0.00522862    0.242096
-0.00817417    0.125326   0.0441013 -0.00996475
 0.00522862   0.0441013    0.117493 0.000731681
   0.242096 -0.00996475 0.000731681    0.344648
IMAGINARY
          0  0.00919917  -0.0172015  0.00319723
-0.00919917           0   0.0128126  0.00341705
  0.0172015  -0.0128126           0  0.00333216
-0.00319723 -0.00341705 -0.00333216           0
EndNode2[0]<--->HoM1[0]
REAL
  0.402649 0.00497733 0.00335086   0.259224
0.00497733   0.100662   0.022522  0.0059084
0.00335086   0.022522   0.125828 0.00560468
  0.259224  0.0059084 0.00560468   0.370861
IMAGINARY
          0  -0.0125668  0.00796952 -0.00572451
  0.0125668           0 -0.00695907 -0.00398016
-0.00796952  0.00695907           0  0.00857746
 0.00572451  0.00398016 -0.00857746           0
Repeater1[0]<--->EndNode1[0]
REAL
   0.412533  0.00522862 -0.00817417    0.242096
 0.00522862    0.117493   0.0441013 0.000731681
-0.00817417   0.0441013    0.125326 -0.00996475
   0.242096 0.000731681 -0.00996475    0.344648
IMAGINARY
          0  -0.0172015  0.00919917  0.00319723
  0.0172015           0  -0.0128126  0.00333216
-0.00919917   0.0128126           0  0.00341705
-0.00319723 -0.00333216 -0.00341705           0
Repeater1[0]<--->HoM1[0]
REAL
  0.402649 0.00335086 0.00497733   0.259224
0.00335086   0.125828   0.022522 0.00560468
0.00497733   0.022522   0.100662  0.0059084
  0.259224 0.00560468  0.0059084   0.370861
IMAGINARY
          0  0.00796952  -0.0125668 -0.00572451
-0.00796952           0  0.00695907  0.00857746
  0.0125668 -0.00695907           0 -0.00398016
 0.00572451 -0.00857746  0.00398016           0
EndNode1[0]<--->Repeater1[0]
REAL
   0.420147  0.00379325 -0.00182909    0.250646
 0.00379325    0.101966   0.0392278  0.00436073
-0.00182909   0.0392278    0.111794 -0.00885655
   0.250646  0.00436073 -0.00885655    0.366093
IMAGINARY
          0  -0.0143886   0.0104366  0.00365102
  0.0143886           0  0.00993242 -0.00228098
 -0.0104366 -0.00993242           0 -0.00631405
-0.00365102  0.00228098  0.00631405           0
EndNode2[0]<--->HoM1[0]
REAL
   0.423221 -0.00839701   0.0183182    0.273765
-0.00839701    0.107366   0.0244354  -0.0118914
  0.0183182   0.0244354   0.0986267 -0.00702715
   0.273765  -0.0118914 -0.00702715    0.370787
IMAGINARY
          0   0.0041565 -0.00926038  0.00322429
 -0.0041565           0  -0.0262629   0.0213247
 0.00926038   0.0262629           0 -0.00147554
-0.00322429  -0.0213247  0.00147554           0
Repeater1[0]<--->EndNode1[0]
REAL
   0.420147 -0.00182909  0.00379325    0.250646
-0.00182909    0.111794   0.0392278 -0.00885655
 0.00379325   0.0392278    0.101966  0.00436073
   0.250646 -0.00885655  0.00436073    0.366093
IMAGINARY
          0   0.0104366  -0.0143886  0.00365102
 -0.0104366           0 -0.00993242 -0.00631405
  0.0143886  0.00993242           0 -0.00228098
-0.00365102  0.00631405  0.00228098           0
Repeater1[0]<--->HoM1[0]
REAL
   0.423221   0.0183182 -0.00839701    0.273765
  0.0183182   0.0986267   0.0244354 -0.00702715
-0.00839701   0.0244354    0.107366  -0.0118914
   0.273765 -0.00702715  -0.0118914    0.370787
IMAGINARY
          0 -0.00926038   0.0041565  0.00322429
 0.00926038           0   0.0262629 -0.00147554
 -0.0041565  -0.0262629           0   0.0213247
-0.00322429  0.00147554  -0.0213247           0
EndNode1[0]<--->Repeater1[0]
REAL
   0.383866  -0.0140898   0.0238909    0.252383
 -0.0140898    0.109875   0.0352616 -0.00522934
  0.0238909   0.0352616    0.112656  0.00829828
   0.252383 -0.00522934  0.00829828    0.393602
IMAGINARY
           0    0.0068288   0.00718775   -0.0192328
  -0.0068288            0 -0.000197259   0.00397851
 -0.00718775  0.000197259            0   -0.0105509
   0.0192328  -0.00397851    0.0105509            0
EndNode2[0]<--->HoM1[0]
REAL
   0.399751  -0.0212061  0.00949468    0.241939
 -0.0212061    0.109589   0.0442329 -0.00373283
 0.00949468   0.0442329    0.102117  -0.0280897
   0.241939 -0.00373283  -0.0280897    0.388543
IMAGINARY
          0 -0.00840913   0.0115253 -0.00441311
 0.00840913           0   0.0104518  0.00129517
 -0.0115253  -0.0104518           0 -0.00711043
 0.00441311 -0.00129517  0.00711043           0
Repeater1[0]<--->EndNode1[0]
REAL
   0.383866   0.0238909  -0.0140898    0.252383
  0.0238909    0.112656   0.0352616  0.00829828
 -0.0140898   0.0352616    0.109875 -0.00522934
   0.252383  0.00829828 -0.00522934    0.393602
IMAGINARY
           0   0.00718775    0.0068288   -0.0192328
 -0.00718775            0  0.000197259   -0.0105509
  -0.0068288 -0.000197259            0   0.00397851
   0.0192328    0.0105509  -0.00397851            0
Repeater1[0]<--->HoM1[0]
REAL
   0.399751  0.00949468  -0.0212061    0.241939
 0.00949468    0.102117   0.0442329  -0.0280897
 -0.0212061   0.0442329    0.109589 -0.00373283
   0.241939  -0.0280897 -0.00373283    0.388543
IMAGINARY
          0   0.0115253 -0.00840913 -0.00441311
 -0.0115253           0  -0.0104518 -0.00711043
 0.00840913   0.0104518           0  0.00129517
 0.00441311  0.00711043 -0.00129517           0
EndNode1[0]<--->Repeater1[0]
REAL
       0.4 -0.0237433 -0.0086025   0.246292
-0.0237433   0.109934  0.0419906 0.00127893
-0.0086025  0.0419906    0.10596  0.0097619
  0.246292 0.00127893  0.0097619   0.384106
IMAGINARY
           0 -0.000695465    0.0146248   0.00889724
 0.000695465            0   -0.0374687    0.0176332
  -0.0146248    0.0374687            0   -0.0181217
 -0.00889724   -0.0176332    0.0181217            0
EndNode2[0]<--->HoM1[0]
REAL
  0.422378 -0.0116111  0.0168299   0.253243
-0.0116111   0.116084  0.0343779  0.0110827
 0.0168299  0.0343779    0.11049 0.00190239
  0.253243  0.0110827 0.00190239   0.351049
IMAGINARY
          0 -0.00277435   0.0105728   0.0102511
 0.00277435           0  -0.0150654  0.00484029
 -0.0105728   0.0150654           0 -0.00277435
 -0.0102511 -0.00484029  0.00277435           0
Repeater1[0]<--->EndNode1[0]
REAL
       0.4 -0.0086025 -0.0237433   0.246292
-0.0086025    0.10596  0.0419906  0.0097619
-0.0237433  0.0419906   0.109934 0.00127893
  0.246292  0.0097619 0.00127893   0.384106
IMAGINARY
           0    0.0146248 -0.000695465   0.00889724
  -0.0146248            0    0.0374687   -0.0181217
 0.000695465   -0.0374687            0    0.0176332
 -0.00889724    0.0181217   -0.0176332            0
Repeater1[0]<--->HoM1[0]
REAL
  0.422378  0.0168299 -0.0116111   0.253243
 0.0168299    0.11049  0.0343779 0.00190239
-0.0116111  0.0343779   0.116084  0.0110827
  0.253243 0.00190239  0.0110827   0.351049
IMAGINARY
          0   0.0105728 -0.00277435   0.0102511
 -0.0105728           0   0.0150654 -0.00277435
 0.00277435  -0.0150654           0  0.00484029
 -0.0102511  0.00277435 -0.00484029           0
EndNode1[0]<--->Repeater1[0]
REAL
   0.396396   0.0106284 -0.00176787    0.257219
  0.0106284   0.0978121   0.0344472   -0.011253
-0.00176787   0.0344472    0.127413  -0.0028159
   0.257219   -0.011253  -0.0028159    0.378378
IMAGINARY
          0  -0.0102123  -0.0139865 -0.00823734
  0.0102123           0   -0.012596 -0.00457788
  0.0139865    0.012596           0  -0.0108273
 0.00823734  0.00457788   0.0108273           0
EndNode2[0]<--->HoM1[0]
REAL
   0.383917 -0.00083803   0.0169524    0.271699
-0.00083803    0.115435   0.0340371  0.00195241
  0.0169524   0.0340371    0.108949 -0.00763655
   0.271699  0.00195241 -0.00763655    0.391699
IMAGINARY
          0  -0.0111426 -0.00262824  0.00842642
  0.0111426           0 -0.00323161  0.00132954
 0.00262824  0.00323161           0   0.0150387
-0.00842642 -0.00132954  -0.0150387           0
Repeater1[0]<--->EndNode1[0]
REAL
   0.396396 -0.00176787   0.0106284    0.257219
-0.00176787    0.127413   0.0344472  -0.0028159
  0.0106284   0.0344472   0.0978121   -0.011253
   0.257219  -0.0028159   -0.011253    0.378378
IMAGINARY
          0  -0.0139865  -0.0102123 -0.00823734
  0.0139865           0    0.012596  -0.0108273
  0.0102123   -0.012596           0 -0.00457788
 0.00823734   0.0108273  0.00457788           0
Repeater1[0]<--->HoM1[0]
REAL
   0.383917   0.0169524 -0.00083803    0.271699
  0.0169524    0.108949   0.0340371 -0.00763655
-0.00083803   0.0340371    0.115435  0.00195241
   0.271699 -0.00763655  0.00195241    0.391699
IMAGINARY
          0 -0.00262824  -0.0111426  0.00842642
 0.00262824           0  0.00323161   0.0150387
  0.0111426 -0.00323161           0  0.00132954
-0.00842642  -0.0150387 -0.00132954           0
EndNode1[0]<--->Repeater1[0]
REAL
    0.39816  0.00697003  0.00737759    0.263876
 0.00697003    0.113009   0.0306268  -0.0178488
 0.00737759   0.0306268   0.0985545 -0.00304332
   0.263876  -0.0178488 -0.00304332    0.390276
IMAGINARY
           0  0.000279681    0.0111263   -0.0103903
-0.000279681            0    0.0165328  -0.00922995
  -0.0111263   -0.0165328            0   0.00667354
   0.0103903   0.00922995  -0.00667354            0
EndNode2[0]<--->HoM1[0]
REAL
   0.408138  -0.0232193   -0.011289    0.266054
 -0.0232193    0.112207   0.0244954 -0.00467524
  -0.011289   0.0244954   0.0912454  -0.0106249
   0.266054 -0.00467524  -0.0106249    0.388409
IMAGINARY
          0  0.00396428  0.00150076  -0.0134105
-0.00396428           0  -0.0033854  -0.0157865
-0.00150076   0.0033854           0 -0.00915908
  0.0134105   0.0157865  0.00915908           0
Repeater1[0]<--->EndNode1[0]
REAL
    0.39816  0.00737759  0.00697003    0.263876
 0.00737759   0.0985545   0.0306268 -0.00304332
 0.00697003   0.0306268    0.113009  -0.0178488
   0.263876 -0.00304332  -0.0178488    0.390276
IMAGINARY
           0    0.0111263  0.000279681   -0.0103903
  -0.0111263            0   -0.0165328   0.00667354
-0.000279681    0.0165328            0  -0.00922995
   0.0103903  -0.00667354   0.00922995            0
Repeater1[0]<--->HoM1[0]
REAL
   0.408138   -0.011289  -0.0232193    0.266054
  -0.011289   0.0912454   0.0244954  -0.0106249
 -0.0232193   0.0244954    0.112207 -0.00467524
   0.266054  -0.0106249 -0.00467524    0.388409
IMAGINARY
          0  0.00150076  0.00396428  -0.0134105
-0.00150076           0   0.0033854 -0.00915908
-0.00396428  -0.0033854           0  -0.0157865
  0.0134105  0.00915908   0.0157865           0
EndNode1[0]<--->Repeater1[0]
REAL
  0.406991  0.0117763 0.00691473   0.228873
 0.0117763  0.0961298  0.0231375 0.00380914
0.00691473  0.0231375   0.114856 -0.0077549
  0.228873 0.00380914 -0.0077549   0.382022
IMAGINARY
          0  -0.0079412  0.00471363   0.0014855
  0.0079412           0   0.0284397  0.00152078
-0.00471363  -0.0284397           0 -0.00328075
 -0.0014855 -0.00152078  0.00328075           0
EndNode2[0]<--->HoM1[0]
REAL
   0.405303 -0.00717342     0.01221    0.255058
-0.00717342    0.113636   0.0316266  0.00952908
    0.01221   0.0316266    0.107323 -0.00777223
   0.255058  0.00952908 -0.00777223    0.373737
IMAGINARY
          0 -0.00481139 -0.00090203   0.0275592
 0.00481139           0 -0.00950192 -0.00485981
 0.00090203  0.00950192           0   0.0105732
 -0.0275592  0.00485981  -0.0105732           0
Repeater1[0]<--->EndNode1[0]
REAL
  0.406991 0.00691473  0.0117763   0.228873
0.00691473   0.114856  0.0231375 -0.0077549
 0.0117763  0.0231375  0.0961298 0.00380914
  0.228873 -0.0077549 0.00380914   0.382022
IMAGINARY
          0  0.00471363  -0.0079412   0.0014855
-0.00471363           0  -0.0284397 -0.00328075
  0.0079412   0.0284397           0  0.00152078
 -0.0014855  0.00328075 -0.00152078           0
Repeater1[0]<--->HoM1[0]
REAL
   0.405303     0.01221 -0.00717342    0.255058
    0.01221    0.107323   0.0316266 -0.00777223
-0.00717342   0.0316266    0.113636  0.00952908
   0.255058 -0.00777223  0.00952908    0.373737
IMAGINARY
          0 -0.00090203 -0.00481139   0.0275592
 0.00090203           0  0.00950192   0.0105732
 0.00481139 -0.00950192           0 -0.00485981
 -0.0275592  -0.0105732  0.00485981           0
EndNode1[0]<--->Repeater1[0]
REAL
   0.396947   0.0220842 -0.00730972    0.248641
  0.0220842    0.113232   0.0168401    0.011921
-0.00730972   0.0168401    0.117048 -0.00166255
   0.248641    0.011921 -0.00166255    0.372774
IMAGINARY
          0  -0.0176345  -0.0140879 -0.00618445
  0.0176345           0  -0.0180743   0.0389921
  0.0140879   0.0180743           0  0.00550171
 0.00618445  -0.0389921 -0.00550171           0
EndNode2[0]<--->HoM1[0]
REAL
    0.36897  -0.0145585  -0.0153962    0.244196
 -0.0145585     0.11734   0.0343271 -0.00943597
 -0.0153962   0.0343271    0.110821 -0.00356234
   0.244196 -0.00943597 -0.00356234    0.402868
IMAGINARY
          0   0.0147483 -0.00746841    0.022484
 -0.0147483           0  -0.0133217 -0.00620579
 0.00746841   0.0133217           0  0.00130401
  -0.022484  0.00620579 -0.00130401           0
Repeater1[0]<--->EndNode1[0]
REAL
   0.396947 -0.00730972   0.0220842    0.248641
-0.00730972    0.117048   0.0168401 -0.00166255
  0.0220842   0.0168401    0.113232    0.011921
   0.248641 -0.00166255    0.011921    0.372774
IMAGINARY
          0  -0.0140879  -0.0176345 -0.00618445
  0.0140879           0   0.0180743  0.00550171
  0.0176345  -0.0180743           0   0.0389921
 0.00618445 -0.00550171  -0.0389921           0
Repeater1[0]<--->HoM1[0]
REAL
    0.36897  -0.0153962  -0.0145585    0.244196
 -0.0153962    0.110821   0.0343271 -0.00356234
 -0.0145585   0.0343271     0.11734 -0.00943597
   0.244196 -0.00356234 -0.00943597    0.402868
IMAGINARY
          0 -0.00746841   0.0147483    0.022484
 0.00746841           0   0.0133217  0.00130401
 -0.0147483  -0.0133217           0 -0.00620579
  -0.022484 -0.00130401  0.00620579           0
EndNode1[0]<--->Repeater1[0]
REAL
   0.406692 -0.00128628  -0.0070712    0.252455
-0.00128628   0.0978121   0.0433886   0.0058487
 -0.0070712   0.0433886    0.106821  0.00862125
   0.252455   0.0058487  0.00862125    0.388674
IMAGINARY
          0  0.00380063  -0.0175948 -0.00882077
-0.00380063           0   0.0118511   0.0142118
  0.0175948  -0.0118511           0   0.0144673
 0.00882077  -0.0142118  -0.0144673           0
EndNode2[0]<--->HoM1[0]
REAL
   0.404118   0.0124688   0.0264402    0.258901
  0.0124688    0.127413   0.0253882 -0.00773699
  0.0264402   0.0253882   0.0888031   0.0124688
   0.258901 -0.00773699   0.0124688    0.379665
IMAGINARY
          0 -0.00320834  -0.0151822  0.00759938
 0.00320834           0 -0.00889808  0.00508803
  0.0151822  0.00889808           0   0.0106108
-0.00759938 -0.00508803  -0.0106108           0
Repeater1[0]<--->EndNode1[0]
REAL
   0.406692  -0.0070712 -0.00128628    0.252455
 -0.0070712    0.106821   0.0433886  0.00862125
-0.00128628   0.0433886   0.0978121   0.0058487
   0.252455  0.00862125   0.0058487    0.388674
IMAGINARY
          0  -0.0175948  0.00380063 -0.00882077
  0.0175948           0  -0.0118511   0.0144673
-0.00380063   0.0118511           0   0.0142118
 0.00882077  -0.0144673  -0.0142118           0
Repeater1[0]<--->HoM1[0]
REAL
   0.404118   0.0264402   0.0124688    0.258901
  0.0264402   0.0888031   0.0253882   0.0124688
  0.0124688   0.0253882    0.127413 -0.00773699
   0.258901   0.0124688 -0.00773699    0.379665
IMAGINARY
          0  -0.0151822 -0.00320834  0.00759938
  0.0151822           0  0.00889808   0.0106108
 0.00320834 -0.00889808           0  0.00508803
-0.00759938  -0.0106108 -0.00508803           0
EndNode1[0]<--->Repeater1[0]
REAL
   0.386305 -0.00480918   0.0281251     0.24609
-0.00480918    0.117571   0.0190523 0.000923068
  0.0281251   0.0190523    0.118863   0.0264408
    0.24609 0.000923068   0.0264408    0.377261
IMAGINARY
           0   0.00214823    0.0113484 -0.000431651
 -0.00214823            0  -0.00451884   0.00999703
  -0.0113484   0.00451884            0   -0.0015014
 0.000431651  -0.00999703    0.0015014            0
EndNode2[0]<--->HoM1[0]
REAL
   0.394834 0.000543184 -0.00619678    0.254081
0.000543184    0.121771   0.0310645 -0.00176078
-0.00619678   0.0310645    0.099631 -0.00850074
   0.254081 -0.00176078 -0.00850074    0.383764
IMAGINARY
          0  0.00448445 -0.00523995 -0.00176105
-0.00448445           0  -0.0198023   0.0110917
 0.00523995   0.0198023           0 -0.00123347
 0.00176105  -0.0110917  0.00123347           0
Repeater1[0]<--->EndNode1[0]
REAL
   0.386305   0.0281251 -0.00480918     0.24609
  0.0281251    0.118863   0.0190523   0.0264408
-0.00480918   0.0190523    0.117571 0.000923068
    0.24609   0.0264408 0.000923068    0.377261
IMAGINARY
           0    0.0113484   0.00214823 -0.000431651
  -0.0113484            0   0.00451884   -0.0015014
 -0.00214823  -0.00451884            0   0.00999703
 0.000431651    0.0015014  -0.00999703            0
Repeater1[0]<--->HoM1[0]
REAL
   0.394834 -0.00619678 0.000543184    0.254081
-0.00619678    0.099631   0.0310645 -0.00850074
0.000543184   0.0310645    0.121771 -0.00176078
   0.254081 -0.00850074 -0.00176078    0.383764
IMAGINARY
          0 -0.00523995  0.00448445 -0.00176105
 0.00523995           0   0.0198023 -0.00123347
-0.00448445  -0.0198023           0   0.0110917
 0.00176105  0.00123347  -0.0110917           0
EndNode1[0]<--->Repeater1[0]
REAL
   0.42561  0.0131801 0.00220352    0.23782
 0.0131801   0.109756  0.0284296 0.00154648
0.00220352  0.0284296   0.104878 -0.0256801
   0.23782 0.00154648 -0.0256801   0.359756
IMAGINARY
         0 -0.0141336  0.0161822   0.015804
 0.0141336          0 -0.0260342  0.0155437
-0.0161822  0.0260342          0 -0.0239375
 -0.015804 -0.0155437  0.0239375          0
EndNode2[0]<--->HoM1[0]
REAL
  0.389105  0.0075173 -0.0113944   0.273901
 0.0075173  0.0998703  0.0139009   0.014571
-0.0113944  0.0139009  0.0856031  0.0121777
  0.273901   0.014571  0.0121777   0.425422
IMAGINARY
          0  0.00415371  -0.0101108  -0.0101727
-0.00415371           0  -0.0041486   0.0133366
  0.0101108   0.0041486           0  0.00294306
  0.0101727  -0.0133366 -0.00294306           0
Repeater1[0]<--->EndNode1[0]
REAL
   0.42561 0.00220352  0.0131801    0.23782
0.00220352   0.104878  0.0284296 -0.0256801
 0.0131801  0.0284296   0.109756 0.00154648
   0.23782 -0.0256801 0.00154648   0.359756
IMAGINARY
         0  0.0161822 -0.0141336   0.015804
-0.0161822          0  0.0260342 -0.0239375
 0.0141336 -0.0260342          0  0.0155437
 -0.015804  0.0239375 -0.0155437          0
Repeater1[0]<--->HoM1[0]
REAL
  0.389105 -0.0113944  0.0075173   0.273901
-0.0113944  0.0856031  0.0139009  0.0121777
 0.0075173  0.0139009  0.0998703   0.014571
  0.273901  0.0121777   0.014571   0.425422
IMAGINARY
          0  -0.0101108  0.00415371  -0.0101727
  0.0101108           0   0.0041486  0.00294306
-0.00415371  -0.0041486           0   0.0133366
  0.0101727 -0.00294306  -0.0133366           0
EndNode1[0]<--->Repeater1[0]
REAL
  0.402256  0.0120571 0.00317291   0.257361
 0.0120571   0.110276  0.0491312 0.00119663
0.00317291  0.0491312   0.120301 -0.0114329
  0.257361 0.00119663 -0.0114329   0.367168
IMAGINARY
          0   0.0147994   0.0185219 -0.00626718
 -0.0147994           0 -0.00306615   0.0101564
 -0.0185219  0.00306615           0 -0.00108369
 0.00626718  -0.0101564  0.00108369           0
EndNode2[0]<--->HoM1[0]
REAL
  0.373212 -0.0124367 -0.0194017   0.267322
-0.0124367   0.114434  0.0199124 -0.0050038
-0.0194017  0.0199124   0.106632  0.0105594
  0.267322 -0.0050038  0.0105594   0.405722
IMAGINARY
          0 -0.00870274   0.0152003   -0.010474
 0.00870274           0  0.00348541 -0.00613299
 -0.0152003 -0.00348541           0  0.00611207
   0.010474  0.00613299 -0.00611207           0
Repeater1[0]<--->EndNode1[0]
REAL
  0.402256 0.00317291  0.0120571   0.257361
0.00317291   0.120301  0.0491312 -0.0114329
 0.0120571  0.0491312   0.110276 0.00119663
  0.257361 -0.0114329 0.00119663   0.367168
IMAGINARY
          0   0.0185219   0.0147994 -0.00626718
 -0.0185219           0  0.00306615 -0.00108369
 -0.0147994 -0.00306615           0   0.0101564
 0.00626718  0.00108369  -0.0101564           0
Repeater1[0]<--->HoM1[0]
REAL
  0.373212 -0.0194017 -0.0124367   0.267322
-0.0194017   0.106632  0.0199124  0.0105594
-0.0124367  0.0199124   0.114434 -0.0050038
  0.267322  0.0105594 -0.0050038   0.405722
IMAGINARY
          0   0.0152003 -0.00870274   -0.010474
 -0.0152003           0 -0.00348541  0.00611207
 0.00870274  0.00348541           0 -0.00613299
   0.010474 -0.00611207  0.00613299           0
EndNode1[0]<--->Repeater1[0]
REAL
  0.436224  0.0157949 -0.0167483   0.256622
 0.0157949  0.0918367   0.030667 0.00053562
-0.0167483   0.030667   0.110969 -0.0138494
  0.256622 0.00053562 -0.0138494   0.360969
IMAGINARY
          0  -0.0233765   0.0203093  0.00157455
  0.0233765           0  -0.0234254  0.00142986
 -0.0203093   0.0234254           0  -0.0378883
-0.00157455 -0.00142986   0.0378883           0
EndNode2[0]<--->HoM1[0]
REAL
   0.429124 -0.00128147   0.0121457    0.244358
-0.00128147    0.103093   0.0438628     0.01417
  0.0121457   0.0438628   0.0966495   0.0213316
   0.244358     0.01417   0.0213316    0.371134
IMAGINARY
           0  -0.00414301   -0.0108891   0.00795408
  0.00414301            0  0.000564921  -0.00520005
   0.0108891 -0.000564921            0  -0.00204511
 -0.00795408   0.00520005   0.00204511            0
Repeater1[0]<--->EndNode1[0]
REAL
  0.436224 -0.0167483  0.0157949   0.256622
-0.0167483   0.110969   0.030667 -0.0138494
 0.0157949   0.030667  0.0918367 0.00053562
  0.256622 -0.0138494 0.00053562   0.360969
IMAGINARY
          0   0.0203093  -0.0233765  0.00157455
 -0.0203093           0   0.0234254  -0.0378883
  0.0233765  -0.0234254           0  0.00142986
-0.00157455   0.0378883 -0.00142986           0
Repeater1[0]<--->HoM1[0]
REAL
   0.429124   0.0121457 -0.00128147    0.244358
  0.0121457   0.0966495   0.0438628   0.0213316
-0.00128147   0.0438628    0.103093     0.01417
   0.244358   0.0213316     0.01417    0.371134
IMAGINARY
           0   -0.0108891  -0.00414301   0.00795408
   0.0108891            0 -0.000564921  -0.00204511
  0.00414301  0.000564921            0  -0.00520005
 -0.00795408   0.00204511   0.00520005            0
EndNode1[0]<--->Repeater1[0]
REAL
   0.423027  0.00899148 -0.00434575    0.269439
 0.00899148    0.100906  0.00747418   0.0205585
-0.00434575  0.00747418    0.112549   -0.013531
   0.269439   0.0205585   -0.013531    0.363519
IMAGINARY
           0     0.015134    0.0136423    0.0355084
   -0.015134            0 -0.000297179   -0.0111234
  -0.0136423  0.000297179            0  -0.00128012
  -0.0355084    0.0111234   0.00128012            0
EndNode2[0]<--->HoM1[0]
REAL
   0.384712 -0.00769998  -0.0096619    0.238322
-0.00769998   0.0977444   0.0214099   0.0224136
 -0.0096619   0.0214099    0.109023  -0.0131054
   0.238322   0.0224136  -0.0131054    0.408521
IMAGINARY
          0 -0.00501596   0.0121819  0.00814221
 0.00501596           0  -0.0106548  0.00129845
 -0.0121819   0.0106548           0   0.0148199
-0.00814221 -0.00129845  -0.0148199           0
Repeater1[0]<--->EndNode1[0]
REAL
   0.423027 -0.00434575  0.00899148    0.269439
