EndNode1[0]<--->Repeater1[0]
REAL
   0.361111 -0.00207468 -0.00884306    0.245983
-0.00207468     0.17803   0.0278262 -0.00438446
-0.00884306   0.0278262    0.138889  -0.0204121
   0.245983 -0.00438446  -0.0204121     0.32197
IMAGINARY
           0   -0.0171044   -0.0100049   0.00509619
   0.0171044            0    -0.012615   -0.0143854
   0.0100049     0.012615            0  0.000844278
 -0.00509619    0.0143854 -0.000844278            0
EndNode2[0]<--->HoM1[0]
REAL
    0.358566 -0.000975557    0.0135693     0.268046
-0.000975557     0.143426    0.0400862   -0.0053101
   0.0135693    0.0400862     0.146082  0.000340233
    0.268046   -0.0053101  0.000340233     0.351926
IMAGINARY
          0  0.00881612   0.0188711 -0.00682257
-0.00881612           0   0.0100735  0.00379897
 -0.0188711  -0.0100735           0  0.00881612
 0.00682257 -0.00379897 -0.00881612           0
Repeater1[0]<--->EndNode1[0]
REAL
   0.361111 -0.00884306 -0.00207468    0.245983
-0.00884306    0.138889   0.0278262  -0.0204121
-0.00207468   0.0278262     0.17803 -0.00438446
   0.245983  -0.0204121 -0.00438446     0.32197
IMAGINARY
           0   -0.0100049   -0.0171044   0.00509619
   0.0100049            0     0.012615  0.000844278
   0.0171044    -0.012615            0   -0.0143854
 -0.00509619 -0.000844278    0.0143854            0
Repeater1[0]<--->HoM1[0]
REAL
    0.358566    0.0135693 -0.000975557     0.268046
   0.0135693     0.146082    0.0400862  0.000340233
-0.000975557    0.0400862     0.143426   -0.0053101
    0.268046  0.000340233   -0.0053101     0.351926
IMAGINARY
          0   0.0188711  0.00881612 -0.00682257
 -0.0188711           0  -0.0100735  0.00881612
-0.00881612   0.0100735           0  0.00379897
 0.00682257 -0.00881612 -0.00379897           0
EndNode1[0]<--->Repeater1[0]
REAL
   0.36801 0.00798533  -0.017508   0.251544
0.00798533   0.153446  0.0638765 0.00348934
 -0.017508  0.0638765   0.148244 -0.0173311
  0.251544 0.00348934 -0.0173311   0.330299
IMAGINARY
          0   0.0107239   0.0171702  0.00298078
 -0.0107239           0  0.00169212  -0.0225321
 -0.0171702 -0.00169212           0  0.00670241
-0.00298078   0.0225321 -0.00670241           0
EndNode2[0]<--->HoM1[0]
REAL
   0.370419  0.00375401 -0.00960457    0.255436
 0.00375401    0.125654   0.0491777 0.000785036
-0.00960457   0.0491777    0.150524 -0.00985985
   0.255436 0.000785036 -0.00985985    0.353403
IMAGINARY
          0  -0.0108819  0.00518612   0.0156805
  0.0108819           0 -0.00367035   0.0261038
-0.00518612  0.00367035           0  -0.0127452
 -0.0156805  -0.0261038   0.0127452           0
Repeater1[0]<--->EndNode1[0]
REAL
   0.36801  -0.017508 0.00798533   0.251544
 -0.017508   0.148244  0.0638765 -0.0173311
0.00798533  0.0638765   0.153446 0.00348934
  0.251544 -0.0173311 0.00348934   0.330299
IMAGINARY
          0   0.0171702   0.0107239  0.00298078
 -0.0171702           0 -0.00169212  0.00670241
 -0.0107239  0.00169212           0  -0.0225321
-0.00298078 -0.00670241   0.0225321           0
Repeater1[0]<--->HoM1[0]
REAL
   0.370419 -0.00960457  0.00375401    0.255436
-0.00960457    0.150524   0.0491777 -0.00985985
 0.00375401   0.0491777    0.125654 0.000785036
   0.255436 -0.00985985 0.000785036    0.353403
IMAGINARY
          0  0.00518612  -0.0108819   0.0156805
-0.00518612           0  0.00367035  -0.0127452
  0.0108819 -0.00367035           0   0.0261038
 -0.0156805   0.0127452  -0.0261038           0
EndNode1[0]<--->Repeater1[0]
REAL
   0.367707  0.00701447 -0.00906736    0.258307
 0.00701447    0.164179   0.0642319 -0.00906736
-0.00906736   0.0642319    0.149254  -0.0186725
   0.258307 -0.00906736  -0.0186725     0.31886
IMAGINARY
           0 -0.000660475  -0.00348253  -0.00197661
 0.000660475            0   0.00070435    0.0113423
  0.00348253  -0.00070435            0   0.00126507
  0.00197661   -0.0113423  -0.00126507            0
EndNode2[0]<--->HoM1[0]
REAL
   0.363286  0.00342397   0.0123856    0.259885
 0.00342397    0.130937   0.0579495  0.00226411
  0.0123856   0.0579495    0.143774 -0.00788257
   0.259885  0.00226411 -0.00788257    0.362003
IMAGINARY
           0   0.00865428  -0.00666262   0.00263042
 -0.00865428            0   0.00134836  0.000856173
  0.00666262  -0.00134836            0   0.00360378
 -0.00263042 -0.000856173  -0.00360378            0
Repeater1[0]<--->EndNode1[0]
REAL
   0.367707 -0.00906736  0.00701447    0.258307
-0.00906736    0.149254   0.0642319  -0.0186725
 0.00701447   0.0642319    0.164179 -0.00906736
   0.258307  -0.0186725 -0.00906736     0.31886
IMAGINARY
           0  -0.00348253 -0.000660475  -0.00197661
  0.00348253            0  -0.00070435   0.00126507
 0.000660475   0.00070435            0    0.0113423
  0.00197661  -0.00126507   -0.0113423            0
Repeater1[0]<--->HoM1[0]
REAL
   0.363286   0.0123856  0.00342397    0.259885
  0.0123856    0.143774   0.0579495 -0.00788257
 0.00342397   0.0579495    0.130937  0.00226411
   0.259885 -0.00788257  0.00226411    0.362003
IMAGINARY
           0  -0.00666262   0.00865428   0.00263042
  0.00666262            0  -0.00134836   0.00360378
 -0.00865428   0.00134836            0  0.000856173
 -0.00263042  -0.00360378 -0.000856173            0
EndNode1[0]<--->Repeater1[0]
REAL
   0.34018 0.00988956   0.016624   0.275912
0.00988956   0.178434  0.0194844   0.016624
  0.016624  0.0194844   0.138639   0.020801
  0.275912   0.016624   0.020801   0.342747
IMAGINARY
          0  -0.0170191   0.0153273 -0.00884398
  0.0170191           0  0.00443036 -0.00788478
 -0.0153273 -0.00443036           0  0.00957663
 0.00884398  0.00788478 -0.00957663           0
EndNode2[0]<--->HoM1[0]
REAL
  0.367089 0.00205177 0.00387898   0.294807
0.00205177   0.170886   0.038526  0.0143502
0.00387898   0.038526   0.116456  0.0083649
  0.294807  0.0143502  0.0083649    0.34557
IMAGINARY
          0 -0.00753769   0.0129714 -0.00471198
 0.00753769           0   0.0171498 -0.00794628
 -0.0129714  -0.0171498           0 -0.00753769
 0.00471198  0.00794628  0.00753769           0
Repeater1[0]<--->EndNode1[0]
REAL
   0.34018   0.016624 0.00988956   0.275912
  0.016624   0.138639  0.0194844   0.020801
0.00988956  0.0194844   0.178434   0.016624
  0.275912   0.020801   0.016624   0.342747
IMAGINARY
          0   0.0153273  -0.0170191 -0.00884398
 -0.0153273           0 -0.00443036  0.00957663
  0.0170191  0.00443036           0 -0.00788478
 0.00884398 -0.00957663  0.00788478           0
Repeater1[0]<--->HoM1[0]
REAL
  0.367089 0.00387898 0.00205177   0.294807
0.00387898   0.116456   0.038526  0.0083649
0.00205177   0.038526   0.170886  0.0143502
  0.294807  0.0083649  0.0143502    0.34557
IMAGINARY
          0   0.0129714 -0.00753769 -0.00471198
 -0.0129714           0  -0.0171498 -0.00753769
 0.00753769   0.0171498           0 -0.00794628
 0.00471198  0.00753769  0.00794628           0
EndNode1[0]<--->Repeater1[0]
REAL
  0.368065 -0.0091031  0.0105881   0.244716
-0.0091031   0.133965  0.0465775 -0.0022654
 0.0105881  0.0465775   0.147497 -0.0043412
  0.244716 -0.0022654 -0.0043412   0.350474
IMAGINARY
           0    0.0194866   -0.0120157  -0.00771781
  -0.0194866            0 -0.000180123   -0.0132503
   0.0120157  0.000180123            0 -0.000869606
  0.00771781    0.0132503  0.000869606            0
EndNode2[0]<--->HoM1[0]
REAL
   0.395806 -0.00209365  0.00542297    0.258857
-0.00209365    0.152031   0.0485882 -0.00478112
 0.00542297   0.0485882    0.131062   0.0104377
   0.258857 -0.00478112   0.0104377    0.321101
IMAGINARY
          0  -0.0315083   -0.002713 -0.00382066
  0.0315083           0  0.00247657  0.00882547
   0.002713 -0.00247657           0   0.0046134
 0.00382066 -0.00882547  -0.0046134           0
Repeater1[0]<--->EndNode1[0]
REAL
  0.368065  0.0105881 -0.0091031   0.244716
 0.0105881   0.147497  0.0465775 -0.0043412
-0.0091031  0.0465775   0.133965 -0.0022654
  0.244716 -0.0043412 -0.0022654   0.350474
IMAGINARY
           0   -0.0120157    0.0194866  -0.00771781
   0.0120157            0  0.000180123 -0.000869606
  -0.0194866 -0.000180123            0   -0.0132503
  0.00771781  0.000869606    0.0132503            0
Repeater1[0]<--->HoM1[0]
REAL
   0.395806  0.00542297 -0.00209365    0.258857
 0.00542297    0.131062   0.0485882   0.0104377
-0.00209365   0.0485882    0.152031 -0.00478112
   0.258857   0.0104377 -0.00478112    0.321101
IMAGINARY
          0   -0.002713  -0.0315083 -0.00382066
   0.002713           0 -0.00247657   0.0046134
  0.0315083  0.00247657           0  0.00882547
 0.00382066  -0.0046134 -0.00882547           0
EndNode1[0]<--->Repeater1[0]
REAL
  0.365535 0.00447062 0.00402202    0.27234
0.00447062   0.143603  0.0396038  0.0207556
0.00402202  0.0396038   0.114883  0.0228483
   0.27234  0.0207556  0.0228483   0.375979
IMAGINARY
           0  -0.00351052    0.0199697   0.00833914
  0.00351052            0   0.00958914  -0.00973952
  -0.0199697  -0.00958914            0 -0.000325802
 -0.00833914   0.00973952  0.000325802            0
EndNode2[0]<--->HoM1[0]
REAL
  0.349624 0.00915942 0.00112931   0.247476
0.00915942   0.134085  0.0500398 -0.0166573
0.00112931  0.0500398   0.141604 -0.0135072
  0.247476 -0.0166573 -0.0135072   0.374687
IMAGINARY
           0 -0.000582751   -0.0117264   0.00280297
 0.000582751            0   -0.0132069    0.0065982
   0.0117264    0.0132069            0  -0.00967366
 -0.00280297   -0.0065982   0.00967366            0
Repeater1[0]<--->EndNode1[0]
REAL
  0.365535 0.00402202 0.00447062    0.27234
0.00402202   0.114883  0.0396038  0.0228483
0.00447062  0.0396038   0.143603  0.0207556
   0.27234  0.0228483  0.0207556   0.375979
IMAGINARY
           0    0.0199697  -0.00351052   0.00833914
  -0.0199697            0  -0.00958914 -0.000325802
  0.00351052   0.00958914            0  -0.00973952
 -0.00833914  0.000325802   0.00973952            0
Repeater1[0]<--->HoM1[0]
REAL
  0.349624 0.00112931 0.00915942   0.247476
0.00112931   0.141604  0.0500398 -0.0135072
0.00915942  0.0500398   0.134085 -0.0166573
  0.247476 -0.0135072 -0.0166573   0.374687
IMAGINARY
           0   -0.0117264 -0.000582751   0.00280297
   0.0117264            0    0.0132069  -0.00967366
 0.000582751   -0.0132069            0    0.0065982
 -0.00280297   0.00967366   -0.0065982            0
EndNode1[0]<--->Repeater1[0]
REAL
   0.333333  0.00437833   -0.015383    0.253781
 0.00437833    0.143382   0.0666078 -0.00403451
  -0.015383   0.0666078    0.158088   0.0101848
   0.253781 -0.00403451   0.0101848    0.365196
IMAGINARY
          0  0.00625661 -0.00525627  -0.0216714
-0.00625661           0  0.00265296  0.00263847
 0.00525627 -0.00265296           0 -0.00232991
  0.0216714 -0.00263847  0.00232991           0
EndNode2[0]<--->HoM1[0]
REAL
    0.372694    0.0124661 -0.000534143     0.235812
   0.0124661     0.154982    0.0666575     0.015349
-0.000534143    0.0666575     0.135301    0.0097561
    0.235812     0.015349    0.0097561     0.337023
IMAGINARY
           0  0.000758655  -0.00508112   0.00872257
-0.000758655            0   -0.0067669   0.00756868
  0.00508112    0.0067669            0   0.00421647
 -0.00872257  -0.00756868  -0.00421647            0
Repeater1[0]<--->EndNode1[0]
REAL
   0.333333   -0.015383  0.00437833    0.253781
  -0.015383    0.158088   0.0666078   0.0101848
 0.00437833   0.0666078    0.143382 -0.00403451
   0.253781   0.0101848 -0.00403451    0.365196
IMAGINARY
          0 -0.00525627  0.00625661  -0.0216714
 0.00525627           0 -0.00265296 -0.00232991
-0.00625661  0.00265296           0  0.00263847
  0.0216714  0.00232991 -0.00263847           0
Repeater1[0]<--->HoM1[0]
REAL
    0.372694 -0.000534143    0.0124661     0.235812
-0.000534143     0.135301    0.0666575    0.0097561
   0.0124661    0.0666575     0.154982     0.015349
    0.235812    0.0097561     0.015349     0.337023
IMAGINARY
           0  -0.00508112  0.000758655   0.00872257
  0.00508112            0    0.0067669   0.00421647
-0.000758655   -0.0067669            0   0.00756868
 -0.00872257  -0.00421647  -0.00756868            0
EndNode1[0]<--->Repeater1[0]
REAL
    0.3581 0.00288914 0.00775173   0.260797
0.00288914   0.140073  0.0537814 -0.0128668
0.00775173  0.0537814   0.115713 -0.0143981
  0.260797 -0.0128668 -0.0143981   0.386114
IMAGINARY
          0  -0.0191666   0.0268936   0.0108233
  0.0191666           0   0.0160181 -0.00282212
 -0.0268936  -0.0160181           0  -0.0172846
 -0.0108233  0.00282212   0.0172846           0
EndNode2[0]<--->HoM1[0]
REAL
   0.365262 -0.00492338  0.00682396    0.264682
-0.00492338      0.1341   0.0509674  -0.0054977
 0.00682396   0.0509674    0.145594  0.00227086
   0.264682  -0.0054977  0.00227086    0.355045
IMAGINARY
          0    0.005321  0.00636179  -0.0132164
  -0.005321           0   0.0231347   0.0142774
-0.00636179  -0.0231347           0  0.00466569
  0.0132164  -0.0142774 -0.00466569           0
Repeater1[0]<--->EndNode1[0]
REAL
    0.3581 0.00775173 0.00288914   0.260797
0.00775173   0.115713  0.0537814 -0.0143981
0.00288914  0.0537814   0.140073 -0.0128668
  0.260797 -0.0143981 -0.0128668   0.386114
IMAGINARY
          0   0.0268936  -0.0191666   0.0108233
 -0.0268936           0  -0.0160181  -0.0172846
  0.0191666   0.0160181           0 -0.00282212
 -0.0108233   0.0172846  0.00282212           0
Repeater1[0]<--->HoM1[0]
REAL
   0.365262  0.00682396 -0.00492338    0.264682
 0.00682396    0.145594   0.0509674  0.00227086
-0.00492338   0.0509674      0.1341  -0.0054977
   0.264682  0.00227086  -0.0054977    0.355045
IMAGINARY
          0  0.00636179    0.005321  -0.0132164
-0.00636179           0  -0.0231347  0.00466569
  -0.005321   0.0231347           0   0.0142774
  0.0132164 -0.00466569  -0.0142774           0
EndNode1[0]<--->Repeater1[0]
REAL
   0.361042    -0.01666  -0.0036126    0.250196
   -0.01666    0.156328   0.0668624  -0.0229634
 -0.0036126   0.0668624    0.152605 -0.00497167
   0.250196  -0.0229634 -0.00497167    0.330025
IMAGINARY
          0   -0.002602  0.00774359  0.00132802
   0.002602           0  0.00996016  0.00507692
-0.00774359 -0.00996016           0    0.026961
-0.00132802 -0.00507692   -0.026961           0
EndNode2[0]<--->HoM1[0]
REAL
    0.342657    0.0102829 -0.000541126     0.242809
   0.0102829     0.153846    0.0614243    0.0124459
-0.000541126    0.0614243     0.144056  -0.00102364
    0.242809    0.0124459  -0.00102364     0.359441
IMAGINARY
          0  -0.0136816   0.0153523  -0.0115158
  0.0136816           0 -0.00133768  0.00016079
 -0.0153523  0.00133768           0   0.0136816
  0.0115158 -0.00016079  -0.0136816           0
Repeater1[0]<--->EndNode1[0]
REAL
   0.361042  -0.0036126    -0.01666    0.250196
 -0.0036126    0.152605   0.0668624 -0.00497167
   -0.01666   0.0668624    0.156328  -0.0229634
   0.250196 -0.00497167  -0.0229634    0.330025
IMAGINARY
          0  0.00774359   -0.002602  0.00132802
-0.00774359           0 -0.00996016    0.026961
   0.002602  0.00996016           0  0.00507692
-0.00132802   -0.026961 -0.00507692           0
Repeater1[0]<--->HoM1[0]
REAL
    0.342657 -0.000541126    0.0102829     0.242809
-0.000541126     0.144056    0.0614243  -0.00102364
   0.0102829    0.0614243     0.153846    0.0124459
    0.242809  -0.00102364    0.0124459     0.359441
IMAGINARY
          0   0.0153523  -0.0136816  -0.0115158
 -0.0153523           0  0.00133768   0.0136816
  0.0136816 -0.00133768           0  0.00016079
  0.0115158  -0.0136816 -0.00016079           0
EndNode1[0]<--->Repeater1[0]
REAL
  0.351948  0.0257885  0.0275916   0.250595
 0.0257885   0.155844  0.0656083 0.00807945
 0.0275916  0.0656083   0.150649 0.00988258
  0.250595 0.00807945 0.00988258   0.341558
IMAGINARY
          0    0.017775  -0.0105358    0.018681
  -0.017775           0   0.0084508  0.00115247
  0.0105358  -0.0084508           0  0.00635368
  -0.018681 -0.00115247 -0.00635368           0
EndNode2[0]<--->HoM1[0]
REAL
   0.339599 -0.00341591 -0.00306978    0.271502
-0.00341591    0.141604   0.0725228  -0.0189428
-0.00306978   0.0725228     0.14787  -0.0110495
   0.271502  -0.0189428  -0.0110495    0.370927
IMAGINARY
           0   -0.0137117   -0.0150309   -0.0123017
   0.0137117            0  0.000261128   0.00865333
   0.0150309 -0.000261128            0    0.0175383
   0.0123017  -0.00865333   -0.0175383            0
Repeater1[0]<--->EndNode1[0]
REAL
  0.351948  0.0275916  0.0257885   0.250595
 0.0275916   0.150649  0.0656083 0.00988258
 0.0257885  0.0656083   0.155844 0.00807945
  0.250595 0.00988258 0.00807945   0.341558
IMAGINARY
          0  -0.0105358    0.017775    0.018681
  0.0105358           0  -0.0084508  0.00635368
  -0.017775   0.0084508           0  0.00115247
  -0.018681 -0.00635368 -0.00115247           0
Repeater1[0]<--->HoM1[0]
REAL
   0.339599 -0.00306978 -0.00341591    0.271502
-0.00306978     0.14787   0.0725228  -0.0110495
-0.00341591   0.0725228    0.141604  -0.0189428
   0.271502  -0.0110495  -0.0189428    0.370927
IMAGINARY
           0   -0.0150309   -0.0137117   -0.0123017
   0.0150309            0 -0.000261128    0.0175383
   0.0137117  0.000261128            0   0.00865333
   0.0123017   -0.0175383  -0.00865333            0
EndNode1[0]<--->Repeater1[0]
REAL
   0.362184   0.0300713 -0.00746477    0.263806
  0.0300713     0.16245   0.0390106   0.0119462
-0.00746477   0.0390106    0.131824  -0.0127858
   0.263806   0.0119462  -0.0127858    0.343542
IMAGINARY
          0  -0.0217766    0.012809    0.019465
  0.0217766           0   0.0124228  0.00626453
  -0.012809  -0.0124228           0  -0.0109209
  -0.019465 -0.00626453   0.0109209           0
EndNode2[0]<--->HoM1[0]
REAL
   0.369452  -0.0098357  0.00494583     0.25711
 -0.0098357    0.146214   0.0535994 -0.00930448
 0.00494583   0.0535994    0.137076 -0.00199493
    0.25711 -0.00930448 -0.00199493    0.347258
IMAGINARY
           0   -0.0141274  -0.00758677    0.0104781
   0.0141274            0  -0.00264523  0.000434622
  0.00758677   0.00264523            0  -0.00212744
  -0.0104781 -0.000434622   0.00212744            0
Repeater1[0]<--->EndNode1[0]
REAL
   0.362184 -0.00746477   0.0300713    0.263806
-0.00746477    0.131824   0.0390106  -0.0127858
  0.0300713   0.0390106     0.16245   0.0119462
   0.263806  -0.0127858   0.0119462    0.343542
IMAGINARY
          0    0.012809  -0.0217766    0.019465
  -0.012809           0  -0.0124228  -0.0109209
  0.0217766   0.0124228           0  0.00626453
  -0.019465   0.0109209 -0.00626453           0
Repeater1[0]<--->HoM1[0]
REAL
   0.369452  0.00494583  -0.0098357     0.25711
 0.00494583    0.137076   0.0535994 -0.00199493
 -0.0098357   0.0535994    0.146214 -0.00930448
    0.25711 -0.00199493 -0.00930448    0.347258
IMAGINARY
           0  -0.00758677   -0.0141274    0.0104781
  0.00758677            0   0.00264523  -0.00212744
   0.0141274  -0.00264523            0  0.000434622
  -0.0104781   0.00212744 -0.000434622            0
EndNode1[0]<--->Repeater1[0]
REAL
  0.326619  0.0170684 0.00083759   0.263918
 0.0170684   0.142446  0.0673748 0.00528486
0.00083759  0.0673748   0.171223 -0.0027827
  0.263918 0.00528486 -0.0027827   0.359712
IMAGINARY
           0   0.00248599   -0.0041781 -0.000182611
 -0.00248599            0      -0.0029  -0.00542498
   0.0041781       0.0029            0  0.000715034
 0.000182611   0.00542498 -0.000715034            0
EndNode2[0]<--->HoM1[0]
REAL
   0.353706   0.0196349   0.0183796    0.262148
  0.0196349    0.148244   0.0326912   0.0145236
  0.0183796   0.0326912    0.115735 -0.00608653
   0.262148   0.0145236 -0.00608653    0.382315
IMAGINARY
          0  -0.0120728  0.00917453  -0.0186228
  0.0120728           0 -0.00374566  0.00789248
-0.00917453  0.00374566           0 -0.00499425
  0.0186228 -0.00789248  0.00499425           0
Repeater1[0]<--->EndNode1[0]
REAL
  0.326619 0.00083759  0.0170684   0.263918
0.00083759   0.171223  0.0673748 -0.0027827
 0.0170684  0.0673748   0.142446 0.00528486
  0.263918 -0.0027827 0.00528486   0.359712
IMAGINARY
           0   -0.0041781   0.00248599 -0.000182611
   0.0041781            0       0.0029  0.000715034
 -0.00248599      -0.0029            0  -0.00542498
 0.000182611 -0.000715034   0.00542498            0
Repeater1[0]<--->HoM1[0]
REAL
   0.353706   0.0183796   0.0196349    0.262148
  0.0183796    0.115735   0.0326912 -0.00608653
  0.0196349   0.0326912    0.148244   0.0145236
   0.262148 -0.00608653   0.0145236    0.382315
IMAGINARY
          0  0.00917453  -0.0120728  -0.0186228
-0.00917453           0  0.00374566 -0.00499425
  0.0120728 -0.00374566           0  0.00789248
  0.0186228  0.00499425 -0.00789248           0
EndNode1[0]<--->Repeater1[0]
REAL
   0.352096  0.00602968   0.0132884    0.253896
 0.00602968    0.153293   0.0388632 -0.00891886
  0.0132884   0.0388632    0.124551  -0.0066539
   0.253896 -0.00891886  -0.0066539     0.37006
IMAGINARY
          0  0.00489768  0.00259137   0.0132853
-0.00489768           0  -0.0114671 -0.00585934
-0.00259137   0.0114671           0   0.0114422
 -0.0132853  0.00585934  -0.0114422           0
EndNode2[0]<--->HoM1[0]
REAL
  0.361367 0.00170619  0.0233284   0.264915
0.00170619   0.134034  0.0383428 0.00674678
 0.0233284  0.0383428   0.151117  0.0170908
  0.264915 0.00674678  0.0170908   0.353482
IMAGINARY
           0   -0.0228835  -0.00794742  -0.00941546
   0.0228835            0   0.00172315    0.0111567
  0.00794742  -0.00172315            0  0.000418783
  0.00941546   -0.0111567 -0.000418783            0
Repeater1[0]<--->EndNode1[0]
REAL
   0.352096   0.0132884  0.00602968    0.253896
  0.0132884    0.124551   0.0388632  -0.0066539
 0.00602968   0.0388632    0.153293 -0.00891886
   0.253896  -0.0066539 -0.00891886     0.37006
IMAGINARY
          0  0.00259137  0.00489768   0.0132853
-0.00259137           0   0.0114671   0.0114422
-0.00489768  -0.0114671           0 -0.00585934
 -0.0132853  -0.0114422  0.00585934           0
Repeater1[0]<--->HoM1[0]
REAL
  0.361367  0.0233284 0.00170619   0.264915
 0.0233284   0.151117  0.0383428  0.0170908
0.00170619  0.0383428   0.134034 0.00674678
  0.264915  0.0170908 0.00674678   0.353482
IMAGINARY
           0  -0.00794742   -0.0228835  -0.00941546
  0.00794742            0  -0.00172315  0.000418783
   0.0228835   0.00172315            0    0.0111567
  0.00941546 -0.000418783   -0.0111567            0
EndNode1[0]<--->Repeater1[0]
REAL
     0.35668   -0.0160833   -0.0196439      0.25295
  -0.0160833     0.153048    0.0563212 -0.000885858
  -0.0196439    0.0563212     0.128405  -0.00179754
     0.25295 -0.000885858  -0.00179754     0.361868
IMAGINARY
          0   -0.015032  0.00437857 -0.00964744
   0.015032           0  0.00236267   0.0162207
-0.00437857 -0.00236267           0  0.00317185
 0.00964744  -0.0162207 -0.00317185           0
EndNode2[0]<--->HoM1[0]
REAL
  0.349476  0.0188253  -0.006786   0.260865
 0.0188253   0.150524  0.0527831 0.00153666
 -0.006786  0.0527831   0.151832 -0.0109513
  0.260865 0.00153666 -0.0109513   0.348168
IMAGINARY
           0   -0.0109055  0.000433552    0.0122499
   0.0109055            0   0.00494583  -0.00465551
-0.000433552  -0.00494583            0   0.00547724
  -0.0122499   0.00465551  -0.00547724            0
Repeater1[0]<--->EndNode1[0]
REAL
     0.35668   -0.0196439   -0.0160833      0.25295
  -0.0196439     0.128405    0.0563212  -0.00179754
  -0.0160833    0.0563212     0.153048 -0.000885858
     0.25295  -0.00179754 -0.000885858     0.361868
IMAGINARY
          0  0.00437857   -0.015032 -0.00964744
-0.00437857           0 -0.00236267  0.00317185
   0.015032  0.00236267           0   0.0162207
 0.00964744 -0.00317185  -0.0162207           0
Repeater1[0]<--->HoM1[0]
REAL
  0.349476  -0.006786  0.0188253   0.260865
 -0.006786   0.151832  0.0527831 -0.0109513
 0.0188253  0.0527831   0.150524 0.00153666
  0.260865 -0.0109513 0.00153666   0.348168
IMAGINARY
           0  0.000433552   -0.0109055    0.0122499
-0.000433552            0  -0.00494583   0.00547724
   0.0109055   0.00494583            0  -0.00465551
  -0.0122499  -0.00547724   0.00465551            0
EndNode1[0]<--->Repeater1[0]
REAL
    0.33877 -0.00832426 -0.00551268     0.26552
-0.00832426    0.143036   0.0574532  0.00280998
-0.00551268   0.0574532    0.140527   0.0042702
    0.26552  0.00280998   0.0042702    0.377666
IMAGINARY
           0    0.0130332 -0.000118205  -0.00351488
  -0.0130332            0  -0.00226175  -0.00820446
 0.000118205   0.00226175            0  -0.00727136
  0.00351488   0.00820446   0.00727136            0
EndNode2[0]<--->HoM1[0]
REAL
   0.391139   0.0159293  0.00868781    0.230955
  0.0159293     0.13038   0.0518796  -0.0145396
 0.00868781   0.0518796    0.144304 0.000325539
   0.230955  -0.0145396 0.000325539    0.334177
IMAGINARY
          0  -0.0135549    0.010923  -0.0190929
  0.0135549           0  0.00777469  0.00640689
  -0.010923 -0.00777469           0 -0.00377498
  0.0190929 -0.00640689  0.00377498           0
Repeater1[0]<--->EndNode1[0]
REAL
    0.33877 -0.00551268 -0.00832426     0.26552
-0.00551268    0.140527   0.0574532   0.0042702
-0.00832426   0.0574532    0.143036  0.00280998
    0.26552   0.0042702  0.00280998    0.377666
IMAGINARY
           0 -0.000118205    0.0130332  -0.00351488
 0.000118205            0   0.00226175  -0.00727136
  -0.0130332  -0.00226175            0  -0.00820446
  0.00351488   0.00727136   0.00820446            0
Repeater1[0]<--->HoM1[0]
REAL
   0.391139  0.00868781   0.0159293    0.230955
 0.00868781    0.144304   0.0518796 0.000325539
  0.0159293   0.0518796     0.13038  -0.0145396
   0.230955 0.000325539  -0.0145396    0.334177
IMAGINARY
          0    0.010923  -0.0135549  -0.0190929
  -0.010923           0 -0.00777469 -0.00377498
  0.0135549  0.00777469           0  0.00640689
  0.0190929  0.00377498 -0.00640689           0
EndNode1[0]<--->Repeater1[0]
REAL
   0.342072  0.00674385  0.00337822    0.256436
 0.00674385    0.147316   0.0485707 -0.00667203
 0.00337822   0.0485707    0.162297 0.000502523
   0.256436 -0.00667203 0.000502523    0.348315
IMAGINARY
          0  -0.0126624  -0.0127293   0.0268951
  0.0126624           0   0.0202285  -0.0178575
  0.0127293  -0.0202285           0 -0.00169466
 -0.0268951   0.0178575  0.00169466           0
EndNode2[0]<--->HoM1[0]
REAL
   0.394048  0.00365646 -0.00793115    0.285169
 0.00365646    0.138095   0.0377334   0.0139232
-0.00793115   0.0377334    0.120238   0.0116565
   0.285169   0.0139232   0.0116565    0.347619
IMAGINARY
          0 -0.00288176  -0.0115385 -0.00398797
 0.00288176           0   0.0228797  -0.0153846
  0.0115385  -0.0228797           0 -0.00224644
 0.00398797   0.0153846  0.00224644           0
Repeater1[0]<--->EndNode1[0]
REAL
   0.342072  0.00337822  0.00674385    0.256436
 0.00337822    0.162297   0.0485707 0.000502523
 0.00674385   0.0485707    0.147316 -0.00667203
   0.256436 0.000502523 -0.00667203    0.348315
IMAGINARY
          0  -0.0127293  -0.0126624   0.0268951
  0.0127293           0  -0.0202285 -0.00169466
  0.0126624   0.0202285           0  -0.0178575
 -0.0268951  0.00169466   0.0178575           0
Repeater1[0]<--->HoM1[0]
REAL
   0.394048 -0.00793115  0.00365646    0.285169
-0.00793115    0.120238   0.0377334   0.0116565
 0.00365646   0.0377334    0.138095   0.0139232
   0.285169   0.0116565   0.0139232    0.347619
IMAGINARY
          0  -0.0115385 -0.00288176 -0.00398797
  0.0115385           0  -0.0228797 -0.00224644
 0.00288176   0.0228797           0  -0.0153846
 0.00398797  0.00224644   0.0153846           0
EndNode1[0]<--->Repeater1[0]
REAL
  0.360248  0.0038751  0.0146223   0.259512
 0.0038751   0.150311  0.0591278 -0.0158817
 0.0146223  0.0591278   0.144099 -0.0227668
  0.259512 -0.0158817 -0.0227668   0.345342
IMAGINARY
           0   -0.0191112  0.000539797   0.00377737
   0.0191112            0   0.00310623    0.0193066
-0.000539797  -0.00310623            0   -0.0314649
 -0.00377737   -0.0193066    0.0314649            0
EndNode2[0]<--->HoM1[0]
REAL
  0.366925  0.0145328  0.0114316   0.271514
 0.0145328   0.151163  0.0592937 0.00245726
 0.0114316  0.0592937   0.134367  0.0170328
  0.271514 0.00245726  0.0170328   0.347545
IMAGINARY
          0 -0.00395421     0.01678  0.00196333
 0.00395421           0  0.00261184   0.0180426
   -0.01678 -0.00261184           0 -0.00852937
-0.00196333  -0.0180426  0.00852937           0
Repeater1[0]<--->EndNode1[0]
REAL
  0.360248  0.0146223  0.0038751   0.259512
 0.0146223   0.144099  0.0591278 -0.0227668
 0.0038751  0.0591278   0.150311 -0.0158817
  0.259512 -0.0227668 -0.0158817   0.345342
IMAGINARY
           0  0.000539797   -0.0191112   0.00377737
-0.000539797            0  -0.00310623   -0.0314649
   0.0191112   0.00310623            0    0.0193066
 -0.00377737    0.0314649   -0.0193066            0
Repeater1[0]<--->HoM1[0]
REAL
  0.366925  0.0114316  0.0145328   0.271514
 0.0114316   0.134367  0.0592937  0.0170328
 0.0145328  0.0592937   0.151163 0.00245726
  0.271514  0.0170328 0.00245726   0.347545
IMAGINARY
          0     0.01678 -0.00395421  0.00196333
   -0.01678           0 -0.00261184 -0.00852937
 0.00395421  0.00261184           0   0.0180426
-0.00196333  0.00852937  -0.0180426           0
EndNode1[0]<--->Repeater1[0]
REAL
    0.354628 -0.000503321    0.0114458     0.254773
-0.000503321     0.123859    0.0507829    0.0107764
   0.0114458    0.0507829     0.157757   0.00883665
    0.254773    0.0107764   0.00883665     0.363755
IMAGINARY
          0  0.00552526  -0.0121656 -0.00584022
-0.00552526           0  -0.0220079  -0.0180789
  0.0121656   0.0220079           0  0.00927526
 0.00584022   0.0180789 -0.00927526           0
EndNode2[0]<--->HoM1[0]
REAL
  0.372152  0.0053477 -0.0254815   0.248805
 0.0053477   0.124051  0.0494943  0.0115083
-0.0254815  0.0494943   0.158228 0.00984064
  0.248805  0.0115083 0.00984064    0.34557
IMAGINARY
          0 -0.00434227  -0.0146335  -0.0199304
 0.00434227           0   -0.013403  -0.0219182
  0.0146335    0.013403           0  0.00779055
  0.0199304   0.0219182 -0.00779055           0
Repeater1[0]<--->EndNode1[0]
REAL
    0.354628    0.0114458 -0.000503321     0.254773
   0.0114458     0.157757    0.0507829   0.00883665
-0.000503321    0.0507829     0.123859    0.0107764
    0.254773   0.00883665    0.0107764     0.363755
IMAGINARY
          0  -0.0121656  0.00552526 -0.00584022
  0.0121656           0   0.0220079  0.00927526
-0.00552526  -0.0220079           0  -0.0180789
 0.00584022 -0.00927526   0.0180789           0
Repeater1[0]<--->HoM1[0]
REAL
  0.372152 -0.0254815  0.0053477   0.248805
-0.0254815   0.158228  0.0494943 0.00984064
 0.0053477  0.0494943   0.124051  0.0115083
  0.248805 0.00984064  0.0115083    0.34557
IMAGINARY
          0  -0.0146335 -0.00434227  -0.0199304
  0.0146335           0    0.013403  0.00779055
 0.00434227   -0.013403           0  -0.0219182
  0.0199304 -0.00779055   0.0219182           0
EndNode1[0]<--->Repeater1[0]
REAL
  0.343832  0.0260718  0.0171019   0.241647
 0.0260718   0.160105  0.0526975 0.00989037
 0.0171019  0.0526975   0.146982 0.00349117
  0.241647 0.00989037 0.00349117   0.349081
IMAGINARY
           0  0.000415848    0.0199689    0.0204468
-0.000415848            0   0.00129229 -0.000187164
  -0.0199689  -0.00129229            0    -0.006555
  -0.0204468  0.000187164     0.006555            0
EndNode2[0]<--->HoM1[0]
REAL
   0.338083  0.00845193 -0.00257875    0.246261
 0.00845193    0.132124   0.0511077   0.0131051
-0.00257875   0.0511077    0.139896  0.00207438
   0.246261   0.0131051  0.00207438    0.389896
IMAGINARY
          0   0.0104006  -0.0117941  0.00693274
 -0.0104006           0   0.0107888  -0.0111651
  0.0117941  -0.0107888           0  -0.0193292
-0.00693274   0.0111651   0.0193292           0
Repeater1[0]<--->EndNode1[0]
REAL
  0.343832  0.0171019  0.0260718   0.241647
 0.0171019   0.146982  0.0526975 0.00349117
 0.0260718  0.0526975   0.160105 0.00989037
  0.241647 0.00349117 0.00989037   0.349081
IMAGINARY
           0    0.0199689  0.000415848    0.0204468
  -0.0199689            0  -0.00129229    -0.006555
-0.000415848   0.00129229            0 -0.000187164
  -0.0204468     0.006555  0.000187164            0
Repeater1[0]<--->HoM1[0]
REAL
   0.338083 -0.00257875  0.00845193    0.246261
-0.00257875    0.139896   0.0511077  0.00207438
 0.00845193   0.0511077    0.132124   0.0131051
   0.246261  0.00207438   0.0131051    0.389896
IMAGINARY
          0  -0.0117941   0.0104006  0.00693274
  0.0117941           0  -0.0107888  -0.0193292
 -0.0104006   0.0107888           0  -0.0111651
-0.00693274   0.0193292   0.0111651           0
EndNode1[0]<--->Repeater1[0]
REAL
   0.363519 -0.00229622   0.0113335     0.25723
-0.00229622    0.111255   0.0539336   0.0171701
  0.0113335   0.0539336    0.138422   0.0201109
    0.25723   0.0171701   0.0201109    0.386805
IMAGINARY
          0 -0.00507883   0.0161107  0.00391226
 0.00507883           0  0.00960126  0.00998823
 -0.0161107 -0.00960126           0  -0.0292618
-0.00391226 -0.00998823   0.0292618           0
EndNode2[0]<--->HoM1[0]
REAL
     0.365 0.00569607  0.0077821   0.259281
0.00569607    0.13375  0.0422757 -0.0110246
 0.0077821  0.0422757       0.16 0.00014051
  0.259281 -0.0110246 0.00014051    0.34125
IMAGINARY
           0  0.000270332  -0.00893193   0.00345021
-0.000270332            0  -0.00536591   0.00385579
  0.00893193   0.00536591            0    -0.024382
 -0.00345021  -0.00385579     0.024382            0
Repeater1[0]<--->EndNode1[0]
REAL
   0.363519   0.0113335 -0.00229622     0.25723
  0.0113335    0.138422   0.0539336   0.0201109
-0.00229622   0.0539336    0.111255   0.0171701
    0.25723   0.0201109   0.0171701    0.386805
IMAGINARY
          0   0.0161107 -0.00507883  0.00391226
 -0.0161107           0 -0.00960126  -0.0292618
 0.00507883  0.00960126           0  0.00998823
-0.00391226   0.0292618 -0.00998823           0
Repeater1[0]<--->HoM1[0]
REAL
     0.365  0.0077821 0.00569607   0.259281
 0.0077821       0.16  0.0422757 0.00014051
0.00569607  0.0422757    0.13375 -0.0110246
  0.259281 0.00014051 -0.0110246    0.34125
IMAGINARY
           0  -0.00893193  0.000270332   0.00345021
  0.00893193            0   0.00536591    -0.024382
-0.000270332  -0.00536591            0   0.00385579
 -0.00345021     0.024382  -0.00385579            0
EndNode1[0]<--->Repeater1[0]
REAL
   0.358667  0.00116763 -0.00362408    0.255911
 0.00116763    0.129333      0.0524  -0.0138022
-0.00362408      0.0524    0.158667  -0.0172534
   0.255911  -0.0138022  -0.0172534    0.353333
IMAGINARY
           0  -0.00473815  -0.00317443   -0.0202356
  0.00473815            0   0.00675673 -7.65409e-05
  0.00317443  -0.00675673            0   0.00798912
   0.0202356  7.65409e-05  -0.00798912            0
EndNode2[0]<--->HoM1[0]
REAL
   0.349246   0.0232866  0.00451359    0.264038
  0.0232866    0.135678   0.0384941   0.0144738
 0.00451359   0.0384941    0.155779 0.000764055
   0.264038   0.0144738 0.000764055    0.359296
IMAGINARY
          0   -0.012126  0.00733133  -0.0153941
   0.012126           0  -0.0153941  -0.0127661
-0.00733133   0.0153941           0 -0.00146098
  0.0153941   0.0127661  0.00146098           0
Repeater1[0]<--->EndNode1[0]
REAL
   0.358667 -0.00362408  0.00116763    0.255911
-0.00362408    0.158667      0.0524  -0.0172534
 0.00116763      0.0524    0.129333  -0.0138022
   0.255911  -0.0172534  -0.0138022    0.353333
IMAGINARY
           0  -0.00317443  -0.00473815   -0.0202356
  0.00317443            0  -0.00675673   0.00798912
  0.00473815   0.00675673            0 -7.65409e-05
   0.0202356  -0.00798912  7.65409e-05            0
Repeater1[0]<--->HoM1[0]
REAL
   0.349246  0.00451359   0.0232866    0.264038
 0.00451359    0.155779   0.0384941 0.000764055
  0.0232866   0.0384941    0.135678   0.0144738
   0.264038 0.000764055   0.0144738    0.359296
IMAGINARY
          0  0.00733133   -0.012126  -0.0153941
-0.00733133           0   0.0153941 -0.00146098
   0.012126  -0.0153941           0  -0.0127661
  0.0153941  0.00146098   0.0127661           0
EndNode1[0]<--->Repeater1[0]
REAL
  0.384717  0.0016784  0.0285138    0.24721
 0.0016784   0.151515  0.0484756  0.0323999
 0.0285138  0.0484756   0.131752 0.00974292
   0.24721  0.0323999 0.00974292   0.332016
IMAGINARY
           0  0.000446304    0.0104248   -0.0289495
-0.000446304            0   0.00330852    0.0110942
  -0.0104248  -0.00330852            0   -0.0118387
   0.0289495   -0.0110942    0.0118387            0
EndNode2[0]<--->HoM1[0]
REAL
    0.36143  -0.0132933  0.00448503    0.243943
 -0.0132933    0.162197   0.0405639 -0.00589348
 0.00448503   0.0405639    0.123883  -0.0120588
   0.243943 -0.00589348  -0.0120588     0.35249
IMAGINARY
          0  0.00207051 -0.00345348  0.00582059
-0.00207051           0 -0.00713985 -0.00718482
 0.00345348  0.00713985           0   0.0148256
-0.00582059  0.00718482  -0.0148256           0
Repeater1[0]<--->EndNode1[0]
REAL
  0.384717  0.0285138  0.0016784    0.24721
 0.0285138   0.131752  0.0484756 0.00974292
 0.0016784  0.0484756   0.151515  0.0323999
   0.24721 0.00974292  0.0323999   0.332016
IMAGINARY
           0    0.0104248  0.000446304   -0.0289495
  -0.0104248            0  -0.00330852   -0.0118387
-0.000446304   0.00330852            0    0.0110942
   0.0289495    0.0118387   -0.0110942            0
Repeater1[0]<--->HoM1[0]
REAL
    0.36143  0.00448503  -0.0132933    0.243943
 0.00448503    0.123883   0.0405639  -0.0120588
 -0.0132933   0.0405639    0.162197 -0.00589348
   0.243943  -0.0120588 -0.00589348     0.35249
IMAGINARY
          0 -0.00345348  0.00207051  0.00582059
 0.00345348           0  0.00713985   0.0148256
-0.00207051 -0.00713985           0 -0.00718482
-0.00582059  -0.0148256  0.00718482           0
EndNode1[0]<--->Repeater1[0]
REAL
   0.385588   0.0273196   0.0306243    0.262569
  0.0273196    0.135272   0.0578445  0.00942734
  0.0306243   0.0578445    0.116308 -0.00664778
   0.262569  0.00942734 -0.00664778    0.362832
IMAGINARY
          0  -0.0135553  0.00032255   -0.022929
  0.0135553           0  -0.0310371  0.00755147
-0.00032255   0.0310371           0 -0.00350506
   0.022929 -0.00755147  0.00350506           0
EndNode2[0]<--->HoM1[0]
REAL
  0.393484  0.0248882  0.0167762   0.253274
 0.0248882   0.142857  0.0527786  0.0127974
 0.0167762  0.0527786   0.137845 0.00330989
  0.253274  0.0127974 0.00330989   0.325815
IMAGINARY
          0   0.0133457  -0.0190084  0.00357646
 -0.0133457           0   0.0158345 -0.00450648
  0.0190084  -0.0158345           0   0.0101691
-0.00357646  0.00450648  -0.0101691           0
Repeater1[0]<--->EndNode1[0]
REAL
   0.385588   0.0306243   0.0273196    0.262569
  0.0306243    0.116308   0.0578445 -0.00664778
  0.0273196   0.0578445    0.135272  0.00942734
   0.262569 -0.00664778  0.00942734    0.362832
IMAGINARY
          0  0.00032255  -0.0135553   -0.022929
-0.00032255           0   0.0310371 -0.00350506
  0.0135553  -0.0310371           0  0.00755147
   0.022929  0.00350506 -0.00755147           0
Repeater1[0]<--->HoM1[0]
REAL
  0.393484  0.0167762  0.0248882   0.253274
 0.0167762   0.137845  0.0527786 0.00330989
 0.0248882  0.0527786   0.142857  0.0127974
  0.253274 0.00330989  0.0127974   0.325815
IMAGINARY
          0  -0.0190084   0.0133457  0.00357646
  0.0190084           0  -0.0158345   0.0101691
 -0.0133457   0.0158345           0 -0.00450648
-0.00357646  -0.0101691  0.00450648           0
EndNode1[0]<--->Repeater1[0]
REAL
   0.373072 -0.00116131  -0.0104763     0.25209
-0.00116131     0.13324    0.050507    0.011775
 -0.0104763    0.050507    0.145863  0.00765481
    0.25209    0.011775  0.00765481    0.347826
IMAGINARY
           0   0.00327759   0.00125182    0.0016129
 -0.00327759            0   -0.0048304  0.000575225
 -0.00125182    0.0048304            0  -0.00145055
  -0.0016129 -0.000575225   0.00145055            0
EndNode2[0]<--->HoM1[0]
REAL
   0.357143 -0.00298913  -0.0230438    0.271644
-0.00298913    0.155388   0.0571608 -0.00956494
 -0.0230438   0.0571608    0.140351  -0.0160326
   0.271644 -0.00956494  -0.0160326    0.347118
