EndNode1[0]<--->Repeater1[0]
REAL
       0.45 -0.00788842  0.00446192    0.362879
-0.00788842      0.0575   0.0132858  -0.0251011
 0.00446192   0.0132858      0.0475 -0.00342982
   0.362879  -0.0251011 -0.00342982       0.445
IMAGINARY
          0   0.0221896  -0.0185812 -0.00411914
 -0.0221896           0  0.00411914   0.0104511
  0.0185812 -0.00411914           0 -0.00457441
 0.00411914  -0.0104511  0.00457441           0
EndNode2[0]<--->HoM1[0]
REAL
  0.423177 0.00556475 0.00786221   0.361297
0.00556475  0.0481771 -0.0014239  0.0220741
0.00786221 -0.0014239  0.0611979  0.0116327
  0.361297  0.0220741  0.0116327   0.467448
IMAGINARY
          0 -0.00963698   0.0365183  0.00390117
 0.00963698           0  -0.0123537    0.003784
 -0.0365183   0.0123537           0 -0.00421693
-0.00390117   -0.003784  0.00421693           0
Repeater1[0]<--->EndNode1[0]
REAL
       0.45  0.00446192 -0.00788842    0.362879
 0.00446192      0.0475   0.0132858 -0.00342982
-0.00788842   0.0132858      0.0575  -0.0251011
   0.362879 -0.00342982  -0.0251011       0.445
IMAGINARY
          0  -0.0185812   0.0221896 -0.00411914
  0.0185812           0 -0.00411914 -0.00457441
 -0.0221896  0.00411914           0   0.0104511
 0.00411914  0.00457441  -0.0104511           0
Repeater1[0]<--->HoM1[0]
REAL
  0.423177 0.00786221 0.00556475   0.361297
0.00786221  0.0611979 -0.0014239  0.0116327
0.00556475 -0.0014239  0.0481771  0.0220741
  0.361297  0.0116327  0.0220741   0.467448
IMAGINARY
          0   0.0365183 -0.00963698  0.00390117
 -0.0365183           0   0.0123537 -0.00421693
 0.00963698  -0.0123537           0    0.003784
-0.00390117  0.00421693   -0.003784           0
EndNode1[0]<--->Repeater1[0]
REAL
       0.45 -0.00788842  0.00446192    0.362879
-0.00788842      0.0575   0.0132858  -0.0251011
 0.00446192   0.0132858      0.0475 -0.00342982
   0.362879  -0.0251011 -0.00342982       0.445
IMAGINARY
          0   0.0221896  -0.0185812 -0.00411914
 -0.0221896           0  0.00411914   0.0104511
  0.0185812 -0.00411914           0 -0.00457441
 0.00411914  -0.0104511  0.00457441           0
EndNode2[0]<--->HoM1[0]
REAL
  0.423177 0.00556475 0.00786221   0.361297
0.00556475  0.0481771 -0.0014239  0.0220741
0.00786221 -0.0014239  0.0611979  0.0116327
  0.361297  0.0220741  0.0116327   0.467448
IMAGINARY
          0 -0.00963698   0.0365183  0.00390117
 0.00963698           0  -0.0123537    0.003784
 -0.0365183   0.0123537           0 -0.00421693
-0.00390117   -0.003784  0.00421693           0
Repeater1[0]<--->EndNode1[0]
REAL
       0.45  0.00446192 -0.00788842    0.362879
 0.00446192      0.0475   0.0132858 -0.00342982
-0.00788842   0.0132858      0.0575  -0.0251011
   0.362879 -0.00342982  -0.0251011       0.445
IMAGINARY
          0  -0.0185812   0.0221896 -0.00411914
  0.0185812           0 -0.00411914 -0.00457441
 -0.0221896  0.00411914           0   0.0104511
 0.00411914  0.00457441  -0.0104511           0
Repeater1[0]<--->HoM1[0]
REAL
  0.423177 0.00786221 0.00556475   0.361297
0.00786221  0.0611979 -0.0014239  0.0116327
0.00556475 -0.0014239  0.0481771  0.0220741
  0.361297  0.0116327  0.0220741   0.467448
IMAGINARY
          0   0.0365183 -0.00963698  0.00390117
 -0.0365183           0   0.0123537 -0.00421693
 0.00963698  -0.0123537           0    0.003784
-0.00390117  0.00421693   -0.003784           0
EndNode1[0]<--->Repeater1[0]
REAL
   0.452237  0.00889069 -0.00221424    0.373011
 0.00889069   0.0628779   0.0233142  -0.0161585
-0.00221424   0.0233142   0.0411125 -0.00757835
   0.373011  -0.0161585 -0.00757835    0.443773
IMAGINARY
           0  -0.00726517  0.000210594  -5.7306e-05
  0.00726517            0     0.036233   -0.0117257
-0.000210594    -0.036233            0    0.0139318
  5.7306e-05    0.0117257   -0.0139318            0
EndNode2[0]<--->HoM1[0]
REAL
   0.406162  0.00324985  -0.0208211     0.37456
 0.00324985    0.057423   0.0126196  -0.0202046
 -0.0208211   0.0126196   0.0518207 -0.00837806
    0.37456  -0.0202046 -0.00837806    0.484594
IMAGINARY
           0   0.00830739 -0.000164958    0.0186095
 -0.00830739            0    0.0156011   0.00514008
 0.000164958   -0.0156011            0  -0.00457605
  -0.0186095  -0.00514008   0.00457605            0
Repeater1[0]<--->EndNode1[0]
REAL
   0.452237 -0.00221424  0.00889069    0.373011
-0.00221424   0.0411125   0.0233142 -0.00757835
 0.00889069   0.0233142   0.0628779  -0.0161585
   0.373011 -0.00757835  -0.0161585    0.443773
IMAGINARY
           0  0.000210594  -0.00726517  -5.7306e-05
-0.000210594            0    -0.036233    0.0139318
  0.00726517     0.036233            0   -0.0117257
  5.7306e-05   -0.0139318    0.0117257            0
Repeater1[0]<--->HoM1[0]
REAL
   0.406162  -0.0208211  0.00324985     0.37456
 -0.0208211   0.0518207   0.0126196 -0.00837806
 0.00324985   0.0126196    0.057423  -0.0202046
    0.37456 -0.00837806  -0.0202046    0.484594
IMAGINARY
           0 -0.000164958   0.00830739    0.0186095
 0.000164958            0   -0.0156011  -0.00457605
 -0.00830739    0.0156011            0   0.00514008
  -0.0186095   0.00457605  -0.00514008            0
EndNode1[0]<--->Repeater1[0]
REAL
   0.452237  0.00889069 -0.00221424    0.373011
 0.00889069   0.0628779   0.0233142  -0.0161585
-0.00221424   0.0233142   0.0411125 -0.00757835
   0.373011  -0.0161585 -0.00757835    0.443773
IMAGINARY
           0  -0.00726517  0.000210594  -5.7306e-05
  0.00726517            0     0.036233   -0.0117257
-0.000210594    -0.036233            0    0.0139318
  5.7306e-05    0.0117257   -0.0139318            0
EndNode2[0]<--->HoM1[0]
REAL
   0.406162  0.00324985  -0.0208211     0.37456
 0.00324985    0.057423   0.0126196  -0.0202046
 -0.0208211   0.0126196   0.0518207 -0.00837806
    0.37456  -0.0202046 -0.00837806    0.484594
IMAGINARY
           0   0.00830739 -0.000164958    0.0186095
 -0.00830739            0    0.0156011   0.00514008
 0.000164958   -0.0156011            0  -0.00457605
  -0.0186095  -0.00514008   0.00457605            0
Repeater1[0]<--->EndNode1[0]
REAL
   0.452237 -0.00221424  0.00889069    0.373011
-0.00221424   0.0411125   0.0233142 -0.00757835
 0.00889069   0.0233142   0.0628779  -0.0161585
   0.373011 -0.00757835  -0.0161585    0.443773
IMAGINARY
           0  0.000210594  -0.00726517  -5.7306e-05
-0.000210594            0    -0.036233    0.0139318
  0.00726517     0.036233            0   -0.0117257
  5.7306e-05   -0.0139318    0.0117257            0
Repeater1[0]<--->HoM1[0]
REAL
   0.406162  -0.0208211  0.00324985     0.37456
 -0.0208211   0.0518207   0.0126196 -0.00837806
 0.00324985   0.0126196    0.057423  -0.0202046
    0.37456 -0.00837806  -0.0202046    0.484594
IMAGINARY
           0 -0.000164958   0.00830739    0.0186095
 0.000164958            0   -0.0156011  -0.00457605
 -0.00830739    0.0156011            0   0.00514008
  -0.0186095   0.00457605  -0.00514008            0
EndNode1[0]<--->Repeater1[0]
REAL
    0.491071   -0.0116447    0.0055353     0.370171
  -0.0116447    0.0612245   0.00401875   0.00159829
   0.0055353   0.00401875    0.0433673 -0.000676959
    0.370171   0.00159829 -0.000676959     0.404337
IMAGINARY
           0   -0.0274921 -0.000203337  -0.00549815
   0.0274921            0   -0.0190117   -0.0107362
 0.000203337    0.0190117            0  -0.00275247
  0.00549815    0.0107362   0.00275247            0
EndNode2[0]<--->HoM1[0]
REAL
  0.482544 -0.0215894 -0.0271722   0.369062
-0.0215894  0.0461347  0.0191287 -0.0029786
-0.0271722  0.0191287  0.0461347 -0.0123302
  0.369062 -0.0029786 -0.0123302   0.425187
IMAGINARY
          0   0.0207674  -0.0075894  0.00329239
 -0.0207674           0   0.0071885 -0.00635483
  0.0075894  -0.0071885           0  -0.0240875
-0.00329239  0.00635483   0.0240875           0
Repeater1[0]<--->EndNode1[0]
REAL
    0.491071    0.0055353   -0.0116447     0.370171
   0.0055353    0.0433673   0.00401875 -0.000676959
  -0.0116447   0.00401875    0.0612245   0.00159829
    0.370171 -0.000676959   0.00159829     0.404337
IMAGINARY
           0 -0.000203337   -0.0274921  -0.00549815
 0.000203337            0    0.0190117  -0.00275247
   0.0274921   -0.0190117            0   -0.0107362
  0.00549815   0.00275247    0.0107362            0
Repeater1[0]<--->HoM1[0]
REAL
  0.482544 -0.0271722 -0.0215894   0.369062
-0.0271722  0.0461347  0.0191287 -0.0123302
-0.0215894  0.0191287  0.0461347 -0.0029786
  0.369062 -0.0123302 -0.0029786   0.425187
IMAGINARY
          0  -0.0075894   0.0207674  0.00329239
  0.0075894           0  -0.0071885  -0.0240875
 -0.0207674   0.0071885           0 -0.00635483
-0.00329239   0.0240875  0.00635483           0
EndNode1[0]<--->Repeater1[0]
REAL
    0.491071   -0.0116447    0.0055353     0.370171
  -0.0116447    0.0612245   0.00401875   0.00159829
   0.0055353   0.00401875    0.0433673 -0.000676959
    0.370171   0.00159829 -0.000676959     0.404337
IMAGINARY
           0   -0.0274921 -0.000203337  -0.00549815
   0.0274921            0   -0.0190117   -0.0107362
 0.000203337    0.0190117            0  -0.00275247
  0.00549815    0.0107362   0.00275247            0
EndNode2[0]<--->HoM1[0]
REAL
  0.482544 -0.0215894 -0.0271722   0.369062
-0.0215894  0.0461347  0.0191287 -0.0029786
-0.0271722  0.0191287  0.0461347 -0.0123302
  0.369062 -0.0029786 -0.0123302   0.425187
IMAGINARY
          0   0.0207674  -0.0075894  0.00329239
 -0.0207674           0   0.0071885 -0.00635483
  0.0075894  -0.0071885           0  -0.0240875
-0.00329239  0.00635483   0.0240875           0
Repeater1[0]<--->EndNode1[0]
REAL
    0.491071    0.0055353   -0.0116447     0.370171
   0.0055353    0.0433673   0.00401875 -0.000676959
  -0.0116447   0.00401875    0.0612245   0.00159829
    0.370171 -0.000676959   0.00159829     0.404337
IMAGINARY
           0 -0.000203337   -0.0274921  -0.00549815
 0.000203337            0    0.0190117  -0.00275247
   0.0274921   -0.0190117            0   -0.0107362
  0.00549815   0.00275247    0.0107362            0
Repeater1[0]<--->HoM1[0]
REAL
  0.482544 -0.0271722 -0.0215894   0.369062
-0.0271722  0.0461347  0.0191287 -0.0123302
-0.0215894  0.0191287  0.0461347 -0.0029786
  0.369062 -0.0123302 -0.0029786   0.425187
IMAGINARY
          0  -0.0075894   0.0207674  0.00329239
  0.0075894           0  -0.0071885  -0.0240875
 -0.0207674   0.0071885           0 -0.00635483
-0.00329239   0.0240875  0.00635483           0
EndNode1[0]<--->Repeater1[0]
REAL
    0.44819  0.00411373 -0.00690919    0.376037
 0.00411373   0.0436954   0.0148226  0.00486281
-0.00690919   0.0148226   0.0599251  0.00475394
   0.376037  0.00486281  0.00475394     0.44819
IMAGINARY
           0   0.00529782   -0.0286048  -0.00384154
 -0.00529782            0  3.44312e-05    0.0131153
   0.0286048 -3.44312e-05            0    0.0176266
  0.00384154   -0.0131153   -0.0176266            0
EndNode2[0]<--->HoM1[0]
REAL
   0.458225   0.0119408   0.0243353    0.376491
  0.0119408   0.0548303    0.016414 -0.00224696
  0.0243353    0.016414   0.0483029   0.0208571
   0.376491 -0.00224696   0.0208571    0.438642
IMAGINARY
          0  -0.0126536  0.00678526 -0.00074408
  0.0126536           0   0.0185106   0.0105447
-0.00678526  -0.0185106           0  -0.0239318
 0.00074408  -0.0105447   0.0239318           0
Repeater1[0]<--->EndNode1[0]
REAL
    0.44819 -0.00690919  0.00411373    0.376037
-0.00690919   0.0599251   0.0148226  0.00475394
 0.00411373   0.0148226   0.0436954  0.00486281
   0.376037  0.00475394  0.00486281     0.44819
IMAGINARY
           0   -0.0286048   0.00529782  -0.00384154
   0.0286048            0 -3.44312e-05    0.0176266
 -0.00529782  3.44312e-05            0    0.0131153
  0.00384154   -0.0176266   -0.0131153            0
Repeater1[0]<--->HoM1[0]
REAL
   0.458225   0.0243353   0.0119408    0.376491
  0.0243353   0.0483029    0.016414   0.0208571
  0.0119408    0.016414   0.0548303 -0.00224696
   0.376491   0.0208571 -0.00224696    0.438642
IMAGINARY
          0  0.00678526  -0.0126536 -0.00074408
-0.00678526           0  -0.0185106  -0.0239318
  0.0126536   0.0185106           0   0.0105447
 0.00074408   0.0239318  -0.0105447           0
EndNode1[0]<--->Repeater1[0]
REAL
    0.44819  0.00411373 -0.00690919    0.376037
 0.00411373   0.0436954   0.0148226  0.00486281
-0.00690919   0.0148226   0.0599251  0.00475394
   0.376037  0.00486281  0.00475394     0.44819
IMAGINARY
           0   0.00529782   -0.0286048  -0.00384154
 -0.00529782            0  3.44312e-05    0.0131153
   0.0286048 -3.44312e-05            0    0.0176266
  0.00384154   -0.0131153   -0.0176266            0
EndNode2[0]<--->HoM1[0]
REAL
   0.458225   0.0119408   0.0243353    0.376491
  0.0119408   0.0548303    0.016414 -0.00224696
  0.0243353    0.016414   0.0483029   0.0208571
   0.376491 -0.00224696   0.0208571    0.438642
IMAGINARY
          0  -0.0126536  0.00678526 -0.00074408
  0.0126536           0   0.0185106   0.0105447
-0.00678526  -0.0185106           0  -0.0239318
 0.00074408  -0.0105447   0.0239318           0
Repeater1[0]<--->EndNode1[0]
REAL
    0.44819 -0.00690919  0.00411373    0.376037
-0.00690919   0.0599251   0.0148226  0.00475394
 0.00411373   0.0148226   0.0436954  0.00486281
   0.376037  0.00475394  0.00486281     0.44819
IMAGINARY
           0   -0.0286048   0.00529782  -0.00384154
   0.0286048            0 -3.44312e-05    0.0176266
 -0.00529782  3.44312e-05            0    0.0131153
  0.00384154   -0.0176266   -0.0131153            0
Repeater1[0]<--->HoM1[0]
REAL
   0.458225   0.0243353   0.0119408    0.376491
  0.0243353   0.0483029    0.016414   0.0208571
  0.0119408    0.016414   0.0548303 -0.00224696
   0.376491   0.0208571 -0.00224696    0.438642
IMAGINARY
          0  0.00678526  -0.0126536 -0.00074408
-0.00678526           0  -0.0185106  -0.0239318
  0.0126536   0.0185106           0   0.0105447
 0.00074408   0.0239318  -0.0105447           0
EndNode1[0]<--->Repeater1[0]
REAL
  0.454668 0.00163587 -0.0126257    0.37125
0.00163587  0.0392422  0.0128433  0.0366701
-0.0126257  0.0128433  0.0838972 0.00761197
   0.37125  0.0366701 0.00761197   0.422192
IMAGINARY
          0 -0.00980012  0.00883882 -0.00980516
 0.00980012           0  0.00856754  0.00949241
-0.00883882 -0.00856754           0 -0.00600266
 0.00980516 -0.00949241  0.00600266           0
EndNode2[0]<--->HoM1[0]
REAL
   0.421951  -0.0138538  0.00484914    0.375517
 -0.0138538   0.0560976   0.0139784  -0.0137168
 0.00484914   0.0139784   0.0646341 -0.00729215
   0.375517  -0.0137168 -0.00729215    0.457317
IMAGINARY
           0   0.00780275    0.0106549   -0.0248942
 -0.00780275            0   -0.0142824 -0.000398453
  -0.0106549    0.0142824            0  -0.00780275
   0.0248942  0.000398453   0.00780275            0
Repeater1[0]<--->EndNode1[0]
REAL
  0.454668 -0.0126257 0.00163587    0.37125
-0.0126257  0.0838972  0.0128433 0.00761197
0.00163587  0.0128433  0.0392422  0.0366701
   0.37125 0.00761197  0.0366701   0.422192
IMAGINARY
          0  0.00883882 -0.00980012 -0.00980516
-0.00883882           0 -0.00856754 -0.00600266
 0.00980012  0.00856754           0  0.00949241
 0.00980516  0.00600266 -0.00949241           0
Repeater1[0]<--->HoM1[0]
REAL
   0.421951  0.00484914  -0.0138538    0.375517
 0.00484914   0.0646341   0.0139784 -0.00729215
 -0.0138538   0.0139784   0.0560976  -0.0137168
   0.375517 -0.00729215  -0.0137168    0.457317
IMAGINARY
           0    0.0106549   0.00780275   -0.0248942
  -0.0106549            0    0.0142824  -0.00780275
 -0.00780275   -0.0142824            0 -0.000398453
   0.0248942   0.00780275  0.000398453            0
EndNode1[0]<--->Repeater1[0]
REAL
  0.454668 0.00163587 -0.0126257    0.37125
0.00163587  0.0392422  0.0128433  0.0366701
-0.0126257  0.0128433  0.0838972 0.00761197
   0.37125  0.0366701 0.00761197   0.422192
IMAGINARY
          0 -0.00980012  0.00883882 -0.00980516
 0.00980012           0  0.00856754  0.00949241
-0.00883882 -0.00856754           0 -0.00600266
 0.00980516 -0.00949241  0.00600266           0
EndNode2[0]<--->HoM1[0]
REAL
   0.421951  -0.0138538  0.00484914    0.375517
 -0.0138538   0.0560976   0.0139784  -0.0137168
 0.00484914   0.0139784   0.0646341 -0.00729215
   0.375517  -0.0137168 -0.00729215    0.457317
IMAGINARY
           0   0.00780275    0.0106549   -0.0248942
 -0.00780275            0   -0.0142824 -0.000398453
  -0.0106549    0.0142824            0  -0.00780275
   0.0248942  0.000398453   0.00780275            0
Repeater1[0]<--->EndNode1[0]
REAL
  0.454668 -0.0126257 0.00163587    0.37125
-0.0126257  0.0838972  0.0128433 0.00761197
0.00163587  0.0128433  0.0392422  0.0366701
   0.37125 0.00761197  0.0366701   0.422192
IMAGINARY
          0  0.00883882 -0.00980012 -0.00980516
-0.00883882           0 -0.00856754 -0.00600266
 0.00980012  0.00856754           0  0.00949241
 0.00980516  0.00600266 -0.00949241           0
Repeater1[0]<--->HoM1[0]
REAL
   0.421951  0.00484914  -0.0138538    0.375517
 0.00484914   0.0646341   0.0139784 -0.00729215
 -0.0138538   0.0139784   0.0560976  -0.0137168
   0.375517 -0.00729215  -0.0137168    0.457317
IMAGINARY
           0    0.0106549   0.00780275   -0.0248942
  -0.0106549            0    0.0142824  -0.00780275
 -0.00780275   -0.0142824            0 -0.000398453
   0.0248942   0.00780275  0.000398453            0
EndNode1[0]<--->Repeater1[0]
REAL
   0.453836  -0.0101869 -0.00100386    0.369362
 -0.0101869   0.0442133    0.032574 -0.00609292
-0.00100386    0.032574   0.0546164 -0.00465183
   0.369362 -0.00609292 -0.00465183    0.447334
IMAGINARY
         0  0.0113355 -0.0146428 -0.0065032
-0.0113355          0 -0.0165535 -0.0047873
 0.0146428  0.0165535          0  0.0106853
 0.0065032  0.0047873 -0.0106853          0
EndNode2[0]<--->HoM1[0]
REAL
  0.446215  0.0261516  0.0122048    0.37673
 0.0261516  0.0491368  0.0318796 0.00435144
 0.0122048  0.0318796  0.0517928 -0.0082708
   0.37673 0.00435144 -0.0082708   0.452855
IMAGINARY
          0  -0.0007005   0.0039139 -0.00777863
  0.0007005           0  0.00839213  0.00195312
 -0.0039139 -0.00839213           0  0.00395995
 0.00777863 -0.00195312 -0.00395995           0
Repeater1[0]<--->EndNode1[0]
REAL
   0.453836 -0.00100386  -0.0101869    0.369362
-0.00100386   0.0546164    0.032574 -0.00465183
 -0.0101869    0.032574   0.0442133 -0.00609292
   0.369362 -0.00465183 -0.00609292    0.447334
IMAGINARY
         0 -0.0146428  0.0113355 -0.0065032
 0.0146428          0  0.0165535  0.0106853
-0.0113355 -0.0165535          0 -0.0047873
 0.0065032 -0.0106853  0.0047873          0
Repeater1[0]<--->HoM1[0]
REAL
  0.446215  0.0122048  0.0261516    0.37673
 0.0122048  0.0517928  0.0318796 -0.0082708
 0.0261516  0.0318796  0.0491368 0.00435144
   0.37673 -0.0082708 0.00435144   0.452855
IMAGINARY
          0   0.0039139  -0.0007005 -0.00777863
 -0.0039139           0 -0.00839213  0.00395995
  0.0007005  0.00839213           0  0.00195312
 0.00777863 -0.00395995 -0.00195312           0
EndNode1[0]<--->Repeater1[0]
REAL
   0.453836  -0.0101869 -0.00100386    0.369362
 -0.0101869   0.0442133    0.032574 -0.00609292
-0.00100386    0.032574   0.0546164 -0.00465183
   0.369362 -0.00609292 -0.00465183    0.447334
IMAGINARY
         0  0.0113355 -0.0146428 -0.0065032
-0.0113355          0 -0.0165535 -0.0047873
 0.0146428  0.0165535          0  0.0106853
 0.0065032  0.0047873 -0.0106853          0
EndNode2[0]<--->HoM1[0]
REAL
  0.446215  0.0261516  0.0122048    0.37673
 0.0261516  0.0491368  0.0318796 0.00435144
 0.0122048  0.0318796  0.0517928 -0.0082708
   0.37673 0.00435144 -0.0082708   0.452855
IMAGINARY
          0  -0.0007005   0.0039139 -0.00777863
  0.0007005           0  0.00839213  0.00195312
 -0.0039139 -0.00839213           0  0.00395995
 0.00777863 -0.00195312 -0.00395995           0
Repeater1[0]<--->EndNode1[0]
REAL
   0.453836 -0.00100386  -0.0101869    0.369362
-0.00100386   0.0546164    0.032574 -0.00465183
 -0.0101869    0.032574   0.0442133 -0.00609292
   0.369362 -0.00465183 -0.00609292    0.447334
IMAGINARY
         0 -0.0146428  0.0113355 -0.0065032
 0.0146428          0  0.0165535  0.0106853
-0.0113355 -0.0165535          0 -0.0047873
 0.0065032 -0.0106853  0.0047873          0
Repeater1[0]<--->HoM1[0]
REAL
  0.446215  0.0122048  0.0261516    0.37673
 0.0122048  0.0517928  0.0318796 -0.0082708
 0.0261516  0.0318796  0.0491368 0.00435144
   0.37673 -0.0082708 0.00435144   0.452855
IMAGINARY
          0   0.0039139  -0.0007005 -0.00777863
 -0.0039139           0 -0.00839213  0.00395995
  0.0007005  0.00839213           0  0.00195312
 0.00777863 -0.00395995 -0.00195312           0
EndNode1[0]<--->Repeater1[0]
REAL
   0.440051  -0.0144896  -0.0133281    0.388042
 -0.0144896   0.0433673   0.0112209  -0.0112419
 -0.0133281   0.0112209   0.0561224 -0.00270946
   0.388042  -0.0112419 -0.00270946    0.460459
IMAGINARY
          0  0.00215827 -0.00359031   0.0191224
-0.00215827           0   0.0178169 -0.00899247
 0.00359031  -0.0178169           0   -0.012092
 -0.0191224  0.00899247    0.012092           0
EndNode2[0]<--->HoM1[0]
REAL
   0.448231 -0.00260394 -0.00191276     0.38351
-0.00260394   0.0576671   0.0173791  -0.0279475
-0.00191276   0.0173791   0.0458716  -0.0272563
    0.38351  -0.0279475  -0.0272563    0.448231
IMAGINARY
          0  -0.0131681  0.00697886 -0.00678421
  0.0131681           0  -0.0214713 -0.00497083
-0.00697886   0.0214713           0  0.00045057
 0.00678421  0.00497083 -0.00045057           0
Repeater1[0]<--->EndNode1[0]
REAL
   0.440051  -0.0133281  -0.0144896    0.388042
 -0.0133281   0.0561224   0.0112209 -0.00270946
 -0.0144896   0.0112209   0.0433673  -0.0112419
   0.388042 -0.00270946  -0.0112419    0.460459
IMAGINARY
          0 -0.00359031  0.00215827   0.0191224
 0.00359031           0  -0.0178169   -0.012092
-0.00215827   0.0178169           0 -0.00899247
 -0.0191224    0.012092  0.00899247           0
Repeater1[0]<--->HoM1[0]
REAL
   0.448231 -0.00191276 -0.00260394     0.38351
-0.00191276   0.0458716   0.0173791  -0.0272563
-0.00260394   0.0173791   0.0576671  -0.0279475
    0.38351  -0.0272563  -0.0279475    0.448231
IMAGINARY
          0  0.00697886  -0.0131681 -0.00678421
-0.00697886           0   0.0214713  0.00045057
  0.0131681  -0.0214713           0 -0.00497083
 0.00678421 -0.00045057  0.00497083           0
EndNode1[0]<--->Repeater1[0]
REAL
   0.440051  -0.0144896  -0.0133281    0.388042
 -0.0144896   0.0433673   0.0112209  -0.0112419
 -0.0133281   0.0112209   0.0561224 -0.00270946
   0.388042  -0.0112419 -0.00270946    0.460459
IMAGINARY
          0  0.00215827 -0.00359031   0.0191224
-0.00215827           0   0.0178169 -0.00899247
 0.00359031  -0.0178169           0   -0.012092
 -0.0191224  0.00899247    0.012092           0
EndNode2[0]<--->HoM1[0]
REAL
   0.448231 -0.00260394 -0.00191276     0.38351
-0.00260394   0.0576671   0.0173791  -0.0279475
-0.00191276   0.0173791   0.0458716  -0.0272563
    0.38351  -0.0279475  -0.0272563    0.448231
IMAGINARY
          0  -0.0131681  0.00697886 -0.00678421
  0.0131681           0  -0.0214713 -0.00497083
-0.00697886   0.0214713           0  0.00045057
 0.00678421  0.00497083 -0.00045057           0
Repeater1[0]<--->EndNode1[0]
REAL
   0.440051  -0.0133281  -0.0144896    0.388042
 -0.0133281   0.0561224   0.0112209 -0.00270946
 -0.0144896   0.0112209   0.0433673  -0.0112419
   0.388042 -0.00270946  -0.0112419    0.460459
IMAGINARY
          0 -0.00359031  0.00215827   0.0191224
 0.00359031           0  -0.0178169   -0.012092
-0.00215827   0.0178169           0 -0.00899247
 -0.0191224    0.012092  0.00899247           0
Repeater1[0]<--->HoM1[0]
REAL
   0.448231 -0.00191276 -0.00260394     0.38351
-0.00191276   0.0458716   0.0173791  -0.0272563
-0.00260394   0.0173791   0.0576671  -0.0279475
    0.38351  -0.0272563  -0.0279475    0.448231
IMAGINARY
          0  0.00697886  -0.0131681 -0.00678421
-0.00697886           0   0.0214713  0.00045057
  0.0131681  -0.0214713           0 -0.00497083
 0.00678421 -0.00045057  0.00497083           0
EndNode1[0]<--->Repeater1[0]
REAL
    0.46332   0.0157371  0.00642524    0.363305
  0.0157371    0.042471   0.0150908 -0.00189742
 0.00642524   0.0150908   0.0579151 -0.00862192
   0.363305 -0.00189742 -0.00862192    0.436293
IMAGINARY
         0 -0.0156213  0.0105118  0.0211702
 0.0156213          0 -0.0166888  0.0124473
-0.0105118  0.0166888          0 -0.0213685
-0.0211702 -0.0124473  0.0213685          0
EndNode2[0]<--->HoM1[0]
REAL
   0.418814 -0.00250055  -0.0089669    0.395635
-0.00250055   0.0528351   0.0169999 -0.00447396
 -0.0089669   0.0169999    0.068299  0.00384463
   0.395635 -0.00447396  0.00384463    0.460052
IMAGINARY
           0 -0.000206088  -0.00882391  -0.00499475
 0.000206088            0    -0.021966    0.0081918
  0.00882391     0.021966            0    -0.011804
  0.00499475   -0.0081918     0.011804            0
Repeater1[0]<--->EndNode1[0]
REAL
    0.46332  0.00642524   0.0157371    0.363305
 0.00642524   0.0579151   0.0150908 -0.00862192
  0.0157371   0.0150908    0.042471 -0.00189742
   0.363305 -0.00862192 -0.00189742    0.436293
IMAGINARY
         0  0.0105118 -0.0156213  0.0211702
-0.0105118          0  0.0166888 -0.0213685
 0.0156213 -0.0166888          0  0.0124473
-0.0211702  0.0213685 -0.0124473          0
Repeater1[0]<--->HoM1[0]
REAL
   0.418814  -0.0089669 -0.00250055    0.395635
 -0.0089669    0.068299   0.0169999  0.00384463
-0.00250055   0.0169999   0.0528351 -0.00447396
   0.395635  0.00384463 -0.00447396    0.460052
IMAGINARY
           0  -0.00882391 -0.000206088  -0.00499475
  0.00882391            0     0.021966    -0.011804
 0.000206088    -0.021966            0    0.0081918
  0.00499475     0.011804   -0.0081918            0
EndNode1[0]<--->Repeater1[0]
REAL
    0.46332   0.0157371  0.00642524    0.363305
  0.0157371    0.042471   0.0150908 -0.00189742
 0.00642524   0.0150908   0.0579151 -0.00862192
   0.363305 -0.00189742 -0.00862192    0.436293
IMAGINARY
         0 -0.0156213  0.0105118  0.0211702
 0.0156213          0 -0.0166888  0.0124473
-0.0105118  0.0166888          0 -0.0213685
-0.0211702 -0.0124473  0.0213685          0
EndNode2[0]<--->HoM1[0]
REAL
   0.418814 -0.00250055  -0.0089669    0.395635
-0.00250055   0.0528351   0.0169999 -0.00447396
 -0.0089669   0.0169999    0.068299  0.00384463
   0.395635 -0.00447396  0.00384463    0.460052
IMAGINARY
           0 -0.000206088  -0.00882391  -0.00499475
 0.000206088            0    -0.021966    0.0081918
  0.00882391     0.021966            0    -0.011804
  0.00499475   -0.0081918     0.011804            0
Repeater1[0]<--->EndNode1[0]
REAL
    0.46332  0.00642524   0.0157371    0.363305
 0.00642524   0.0579151   0.0150908 -0.00862192
  0.0157371   0.0150908    0.042471 -0.00189742
   0.363305 -0.00862192 -0.00189742    0.436293
IMAGINARY
         0  0.0105118 -0.0156213  0.0211702
-0.0105118          0  0.0166888 -0.0213685
 0.0156213 -0.0166888          0  0.0124473
-0.0211702  0.0213685 -0.0124473          0
Repeater1[0]<--->HoM1[0]
REAL
   0.418814  -0.0089669 -0.00250055    0.395635
 -0.0089669    0.068299   0.0169999  0.00384463
-0.00250055   0.0169999   0.0528351 -0.00447396
   0.395635  0.00384463 -0.00447396    0.460052
IMAGINARY
           0  -0.00882391 -0.000206088  -0.00499475
  0.00882391            0     0.021966    -0.011804
 0.000206088    -0.021966            0    0.0081918
  0.00499475     0.011804   -0.0081918            0
EndNode1[0]<--->Repeater1[0]
REAL
   0.439547  0.00592105   0.0115139    0.375011
 0.00592105   0.0743073  0.00373563  -0.0128763
  0.0115139  0.00373563   0.0491184 -0.00592105
   0.375011  -0.0128763 -0.00592105    0.437028
IMAGINARY
          0 -0.00197959   0.0184142  -0.0046622
 0.00197959           0  -0.0129849  0.00363587
 -0.0184142   0.0129849           0  -0.0129191
  0.0046622 -0.00363587   0.0129191           0
EndNode2[0]<--->HoM1[0]
REAL
    0.43853  0.00138002  0.00682705    0.391417
 0.00138002   0.0532319   0.0123537  0.00682705
 0.00682705   0.0123537   0.0468948 -0.00333061
   0.391417  0.00682705 -0.00333061    0.461343
IMAGINARY
           0   -0.0159501  0.000900393   0.00831039
   0.0159501            0   0.00703488  -0.00155059
-0.000900393  -0.00703488            0    0.0152999
 -0.00831039   0.00155059   -0.0152999            0
Repeater1[0]<--->EndNode1[0]
REAL
   0.439547   0.0115139  0.00592105    0.375011
  0.0115139   0.0491184  0.00373563 -0.00592105
 0.00592105  0.00373563   0.0743073  -0.0128763
   0.375011 -0.00592105  -0.0128763    0.437028
IMAGINARY
          0   0.0184142 -0.00197959  -0.0046622
 -0.0184142           0   0.0129849  -0.0129191
 0.00197959  -0.0129849           0  0.00363587
  0.0046622   0.0129191 -0.00363587           0
Repeater1[0]<--->HoM1[0]
REAL
    0.43853  0.00682705  0.00138002    0.391417
 0.00682705   0.0468948   0.0123537 -0.00333061
 0.00138002   0.0123537   0.0532319  0.00682705
   0.391417 -0.00333061  0.00682705    0.461343
IMAGINARY
           0  0.000900393   -0.0159501   0.00831039
-0.000900393            0  -0.00703488    0.0152999
   0.0159501   0.00703488            0  -0.00155059
 -0.00831039   -0.0152999   0.00155059            0
EndNode1[0]<--->Repeater1[0]
REAL
   0.439547  0.00592105   0.0115139    0.375011
 0.00592105   0.0743073  0.00373563  -0.0128763
  0.0115139  0.00373563   0.0491184 -0.00592105
   0.375011  -0.0128763 -0.00592105    0.437028
IMAGINARY
          0 -0.00197959   0.0184142  -0.0046622
 0.00197959           0  -0.0129849  0.00363587
 -0.0184142   0.0129849           0  -0.0129191
  0.0046622 -0.00363587   0.0129191           0
EndNode2[0]<--->HoM1[0]
REAL
    0.43853  0.00138002  0.00682705    0.391417
 0.00138002   0.0532319   0.0123537  0.00682705
 0.00682705   0.0123537   0.0468948 -0.00333061
   0.391417  0.00682705 -0.00333061    0.461343
IMAGINARY
           0   -0.0159501  0.000900393   0.00831039
   0.0159501            0   0.00703488  -0.00155059
-0.000900393  -0.00703488            0    0.0152999
 -0.00831039   0.00155059   -0.0152999            0
Repeater1[0]<--->EndNode1[0]
REAL
   0.439547   0.0115139  0.00592105    0.375011
  0.0115139   0.0491184  0.00373563 -0.00592105
 0.00592105  0.00373563   0.0743073  -0.0128763
   0.375011 -0.00592105  -0.0128763    0.437028
IMAGINARY
          0   0.0184142 -0.00197959  -0.0046622
 -0.0184142           0   0.0129849  -0.0129191
 0.00197959  -0.0129849           0  0.00363587
  0.0046622   0.0129191 -0.00363587           0
Repeater1[0]<--->HoM1[0]
REAL
    0.43853  0.00682705  0.00138002    0.391417
 0.00682705   0.0468948   0.0123537 -0.00333061
 0.00138002   0.0123537   0.0532319  0.00682705
   0.391417 -0.00333061  0.00682705    0.461343
IMAGINARY
           0  0.000900393   -0.0159501   0.00831039
-0.000900393            0  -0.00703488    0.0152999
   0.0159501   0.00703488            0  -0.00155059
 -0.00831039   -0.0152999   0.00155059            0
EndNode1[0]<--->Repeater1[0]
REAL
  0.425814 -0.0101565 0.00126322   0.377589
-0.0101565  0.0518697  0.0279742 0.00714557
0.00126322  0.0279742  0.0723764  0.0146843
  0.377589 0.00714557  0.0146843    0.44994
IMAGINARY
          0 -0.00709266  -0.0111667 -0.00334397
 0.00709266           0  -0.0113227   0.0278762
  0.0111667   0.0113227           0  0.00195127
 0.00334397  -0.0278762 -0.00195127           0
EndNode2[0]<--->HoM1[0]
REAL
   0.452141  0.00253177  0.00697211    0.374288
 0.00253177    0.059194   0.0235225 -0.00697211
 0.00697211   0.0235225   0.0579345   0.0144999
   0.374288 -0.00697211   0.0144999     0.43073
IMAGINARY
          0 -0.00416868  -0.0205138 -0.00931992
 0.00416868           0   0.0255326  0.00520767
  0.0205138  -0.0255326           0  0.00799521
 0.00931992 -0.00520767 -0.00799521           0
Repeater1[0]<--->EndNode1[0]
REAL
  0.425814 0.00126322 -0.0101565   0.377589
0.00126322  0.0723764  0.0279742  0.0146843
-0.0101565  0.0279742  0.0518697 0.00714557
  0.377589  0.0146843 0.00714557    0.44994
IMAGINARY
          0  -0.0111667 -0.00709266 -0.00334397
  0.0111667           0   0.0113227  0.00195127
 0.00709266  -0.0113227           0   0.0278762
 0.00334397 -0.00195127  -0.0278762           0
Repeater1[0]<--->HoM1[0]
REAL
   0.452141  0.00697211  0.00253177    0.374288
 0.00697211   0.0579345   0.0235225   0.0144999
 0.00253177   0.0235225    0.059194 -0.00697211
   0.374288   0.0144999 -0.00697211     0.43073
IMAGINARY
          0  -0.0205138 -0.00416868 -0.00931992
  0.0205138           0  -0.0255326  0.00799521
 0.00416868   0.0255326           0  0.00520767
 0.00931992 -0.00799521 -0.00520767           0
EndNode1[0]<--->Repeater1[0]
REAL
  0.425814 -0.0101565 0.00126322   0.377589
-0.0101565  0.0518697  0.0279742 0.00714557
0.00126322  0.0279742  0.0723764  0.0146843
  0.377589 0.00714557  0.0146843    0.44994
IMAGINARY
          0 -0.00709266  -0.0111667 -0.00334397
 0.00709266           0  -0.0113227   0.0278762
  0.0111667   0.0113227           0  0.00195127
 0.00334397  -0.0278762 -0.00195127           0
EndNode2[0]<--->HoM1[0]
REAL
   0.452141  0.00253177  0.00697211    0.374288
 0.00253177    0.059194   0.0235225 -0.00697211
 0.00697211   0.0235225   0.0579345   0.0144999
   0.374288 -0.00697211   0.0144999     0.43073
IMAGINARY
          0 -0.00416868  -0.0205138 -0.00931992
 0.00416868           0   0.0255326  0.00520767
  0.0205138  -0.0255326           0  0.00799521
 0.00931992 -0.00520767 -0.00799521           0
Repeater1[0]<--->EndNode1[0]
REAL
  0.425814 0.00126322 -0.0101565   0.377589
0.00126322  0.0723764  0.0279742  0.0146843
-0.0101565  0.0279742  0.0518697 0.00714557
  0.377589  0.0146843 0.00714557    0.44994
IMAGINARY
          0  -0.0111667 -0.00709266 -0.00334397
  0.0111667           0   0.0113227  0.00195127
 0.00709266  -0.0113227           0   0.0278762
 0.00334397 -0.00195127  -0.0278762           0
Repeater1[0]<--->HoM1[0]
REAL
   0.452141  0.00697211  0.00253177    0.374288
 0.00697211   0.0579345   0.0235225   0.0144999
 0.00253177   0.0235225    0.059194 -0.00697211
   0.374288   0.0144999 -0.00697211     0.43073
IMAGINARY
          0  -0.0205138 -0.00416868 -0.00931992
  0.0205138           0  -0.0255326  0.00799521
 0.00416868   0.0255326           0  0.00520767
 0.00931992 -0.00799521 -0.00520767           0
EndNode1[0]<--->Repeater1[0]
REAL
    0.451697 -0.000605598     0.017544     0.374502
-0.000605598    0.0652742   0.00816502    -0.013544
    0.017544   0.00816502    0.0509138   0.00193893
    0.374502    -0.013544   0.00193893     0.432115
IMAGINARY
           0  -0.00119398   0.00348608  0.000641111
  0.00119398            0 -7.39743e-06   -0.0109118
 -0.00348608  7.39743e-06            0  -0.00623176
-0.000641111    0.0109118   0.00623176            0
EndNode2[0]<--->HoM1[0]
REAL
   0.481481   0.0123591  0.00349893    0.384763
  0.0123591   0.0421456   0.0108342  -0.0091593
 0.00349893   0.0108342   0.0600255 -0.00921447
   0.384763  -0.0091593 -0.00921447    0.416347
IMAGINARY
          0 -0.00703794  0.00835278    0.030503
 0.00703794           0  0.00540125  -0.0150847
-0.00835278 -0.00540125           0 -0.00703794
  -0.030503   0.0150847  0.00703794           0
Repeater1[0]<--->EndNode1[0]
REAL
    0.451697     0.017544 -0.000605598     0.374502
    0.017544    0.0509138   0.00816502   0.00193893
-0.000605598   0.00816502    0.0652742    -0.013544
    0.374502   0.00193893    -0.013544     0.432115
IMAGINARY
           0   0.00348608  -0.00119398  0.000641111
 -0.00348608            0  7.39743e-06  -0.00623176
  0.00119398 -7.39743e-06            0   -0.0109118
-0.000641111   0.00623176    0.0109118            0
Repeater1[0]<--->HoM1[0]
REAL
   0.481481  0.00349893   0.0123591    0.384763
 0.00349893   0.0600255   0.0108342 -0.00921447
  0.0123591   0.0108342   0.0421456  -0.0091593
   0.384763 -0.00921447  -0.0091593    0.416347
IMAGINARY
          0  0.00835278 -0.00703794    0.030503
-0.00835278           0 -0.00540125 -0.00703794
 0.00703794  0.00540125           0  -0.0150847
  -0.030503  0.00703794   0.0150847           0
EndNode1[0]<--->Repeater1[0]
REAL
    0.451697 -0.000605598     0.017544     0.374502
-0.000605598    0.0652742   0.00816502    -0.013544
    0.017544   0.00816502    0.0509138   0.00193893
    0.374502    -0.013544   0.00193893     0.432115
IMAGINARY
           0  -0.00119398   0.00348608  0.000641111
  0.00119398            0 -7.39743e-06   -0.0109118
 -0.00348608  7.39743e-06            0  -0.00623176
-0.000641111    0.0109118   0.00623176            0
EndNode2[0]<--->HoM1[0]
REAL
   0.481481   0.0123591  0.00349893    0.384763
  0.0123591   0.0421456   0.0108342  -0.0091593
 0.00349893   0.0108342   0.0600255 -0.00921447
   0.384763  -0.0091593 -0.00921447    0.416347
IMAGINARY
          0 -0.00703794  0.00835278    0.030503
 0.00703794           0  0.00540125  -0.0150847
-0.00835278 -0.00540125           0 -0.00703794
  -0.030503   0.0150847  0.00703794           0
Repeater1[0]<--->EndNode1[0]
REAL
    0.451697     0.017544 -0.000605598     0.374502
    0.017544    0.0509138   0.00816502   0.00193893
-0.000605598   0.00816502    0.0652742    -0.013544
    0.374502   0.00193893    -0.013544     0.432115
IMAGINARY
           0   0.00348608  -0.00119398  0.000641111
 -0.00348608            0  7.39743e-06  -0.00623176
  0.00119398 -7.39743e-06            0   -0.0109118
-0.000641111   0.00623176    0.0109118            0
Repeater1[0]<--->HoM1[0]
REAL
   0.481481  0.00349893   0.0123591    0.384763
 0.00349893   0.0600255   0.0108342 -0.00921447
  0.0123591   0.0108342   0.0421456  -0.0091593
   0.384763 -0.00921447  -0.0091593    0.416347
IMAGINARY
          0  0.00835278 -0.00703794    0.030503
-0.00835278           0 -0.00540125 -0.00703794
 0.00703794  0.00540125           0  -0.0150847
  -0.030503  0.00703794   0.0150847           0
EndNode1[0]<--->Repeater1[0]
REAL
   0.474747    0.025441 -0.00698573    0.374331
   0.025441   0.0530303   0.0166019   0.0194693
-0.00698573   0.0166019   0.0669192  -0.0116434
   0.374331   0.0194693  -0.0116434    0.405303
IMAGINARY
          0  -0.0289575    0.037248 -0.00158507
  0.0289575           0 -0.00916082   0.0167876
  -0.037248  0.00916082           0 -0.00866225
 0.00158507  -0.0167876  0.00866225           0
EndNode2[0]<--->HoM1[0]
REAL
    0.42928 -0.00977279  -0.0223586    0.375303
-0.00977279    0.057072   0.0143336 -0.00119457
 -0.0223586   0.0143336   0.0496278  -0.0110886
   0.375303 -0.00119457  -0.0110886     0.46402
IMAGINARY
          0   0.0291219  -0.0119253  0.00558241
 -0.0291219           0  -0.0113889  -0.0225135
  0.0119253   0.0113889           0  0.00149033
-0.00558241   0.0225135 -0.00149033           0
Repeater1[0]<--->EndNode1[0]
REAL
   0.474747 -0.00698573    0.025441    0.374331
-0.00698573   0.0669192   0.0166019  -0.0116434
   0.025441   0.0166019   0.0530303   0.0194693
   0.374331  -0.0116434   0.0194693    0.405303
IMAGINARY
          0    0.037248  -0.0289575 -0.00158507
  -0.037248           0  0.00916082 -0.00866225
  0.0289575 -0.00916082           0   0.0167876
 0.00158507  0.00866225  -0.0167876           0
Repeater1[0]<--->HoM1[0]
REAL
    0.42928  -0.0223586 -0.00977279    0.375303
 -0.0223586   0.0496278   0.0143336  -0.0110886
-0.00977279   0.0143336    0.057072 -0.00119457
   0.375303  -0.0110886 -0.00119457     0.46402
IMAGINARY
          0  -0.0119253   0.0291219  0.00558241
  0.0119253           0   0.0113889  0.00149033
 -0.0291219  -0.0113889           0  -0.0225135
-0.00558241 -0.00149033   0.0225135           0
EndNode1[0]<--->Repeater1[0]
REAL
   0.474747    0.025441 -0.00698573    0.374331
   0.025441   0.0530303   0.0166019   0.0194693
-0.00698573   0.0166019   0.0669192  -0.0116434
   0.374331   0.0194693  -0.0116434    0.405303
IMAGINARY
          0  -0.0289575    0.037248 -0.00158507
  0.0289575           0 -0.00916082   0.0167876
  -0.037248  0.00916082           0 -0.00866225
 0.00158507  -0.0167876  0.00866225           0
EndNode2[0]<--->HoM1[0]
REAL
    0.42928 -0.00977279  -0.0223586    0.375303
-0.00977279    0.057072   0.0143336 -0.00119457
 -0.0223586   0.0143336   0.0496278  -0.0110886
