EndNode1[0]<--->Repeater1[0]
REAL
   0.452645  0.00549626  0.00414907    0.399542
 0.00549626   0.0393604 -0.00298996  0.00159805
 0.00414907 -0.00298996   0.0405904  0.00152801
   0.399542  0.00159805  0.00152801    0.467405
IMAGINARY
           0 -0.000577807   0.00637941  -0.00409836
 0.000577807            0  -0.00409836   -0.0101769
 -0.00637941   0.00409836            0    0.0056411
  0.00409836    0.0101769   -0.0056411            0
EndNode2[0]<--->HoM1[0]
REAL
   0.459119 -0.00604727   0.0150471     0.41254
-0.00604727   0.0427673  0.00981618   0.0137347
  0.0150471  0.00981618   0.0389937   0.0080553
    0.41254   0.0137347   0.0080553    0.459119
IMAGINARY
          0  -0.0211999   0.0188363  0.00462855
  0.0211999           0  0.00340606 -0.00392057
 -0.0188363 -0.00340606           0   0.0101753
-0.00462855  0.00392057  -0.0101753           0
Repeater1[0]<--->EndNode1[0]
REAL
   0.452645  0.00414907  0.00549626    0.399542
 0.00414907   0.0405904 -0.00298996  0.00152801
 0.00549626 -0.00298996   0.0393604  0.00159805
   0.399542  0.00152801  0.00159805    0.467405
IMAGINARY
           0   0.00637941 -0.000577807  -0.00409836
 -0.00637941            0   0.00409836    0.0056411
 0.000577807  -0.00409836            0   -0.0101769
  0.00409836   -0.0056411    0.0101769            0
Repeater1[0]<--->HoM1[0]
REAL
   0.459119   0.0150471 -0.00604727     0.41254
  0.0150471   0.0389937  0.00981618   0.0080553
-0.00604727  0.00981618   0.0427673   0.0137347
    0.41254   0.0080553   0.0137347    0.459119
IMAGINARY
          0   0.0188363  -0.0211999  0.00462855
 -0.0188363           0 -0.00340606   0.0101753
  0.0211999  0.00340606           0 -0.00392057
-0.00462855  -0.0101753  0.00392057           0
EndNode1[0]<--->Repeater1[0]
REAL
   0.452645  0.00549626  0.00414907    0.399542
 0.00549626   0.0393604 -0.00298996  0.00159805
 0.00414907 -0.00298996   0.0405904  0.00152801
   0.399542  0.00159805  0.00152801    0.467405
IMAGINARY
           0 -0.000577807   0.00637941  -0.00409836
 0.000577807            0  -0.00409836   -0.0101769
 -0.00637941   0.00409836            0    0.0056411
  0.00409836    0.0101769   -0.0056411            0
EndNode2[0]<--->HoM1[0]
REAL
   0.459119 -0.00604727   0.0150471     0.41254
-0.00604727   0.0427673  0.00981618   0.0137347
  0.0150471  0.00981618   0.0389937   0.0080553
    0.41254   0.0137347   0.0080553    0.459119
IMAGINARY
          0  -0.0211999   0.0188363  0.00462855
  0.0211999           0  0.00340606 -0.00392057
 -0.0188363 -0.00340606           0   0.0101753
-0.00462855  0.00392057  -0.0101753           0
Repeater1[0]<--->EndNode1[0]
REAL
   0.452645  0.00414907  0.00549626    0.399542
 0.00414907   0.0405904 -0.00298996  0.00152801
 0.00549626 -0.00298996   0.0393604  0.00159805
   0.399542  0.00152801  0.00159805    0.467405
IMAGINARY
           0   0.00637941 -0.000577807  -0.00409836
 -0.00637941            0   0.00409836    0.0056411
 0.000577807  -0.00409836            0   -0.0101769
  0.00409836   -0.0056411    0.0101769            0
Repeater1[0]<--->HoM1[0]
REAL
   0.459119   0.0150471 -0.00604727     0.41254
  0.0150471   0.0389937  0.00981618   0.0080553
-0.00604727  0.00981618   0.0427673   0.0137347
    0.41254   0.0080553   0.0137347    0.459119
IMAGINARY
          0   0.0188363  -0.0211999  0.00462855
 -0.0188363           0 -0.00340606   0.0101753
  0.0211999  0.00340606           0 -0.00392057
-0.00462855  -0.0101753  0.00392057           0
EndNode1[0]<--->Repeater1[0]
REAL
   0.455826    0.016565  0.00222525    0.411086
   0.016565   0.0320102    0.021484 0.000319279
 0.00222525    0.021484   0.0524968  -0.0229263
   0.411086 0.000319279  -0.0229263    0.459667
IMAGINARY
          0   0.0131027 -0.00514152  0.00160627
 -0.0131027           0  0.00224977 -0.00448621
 0.00514152 -0.00224977           0  0.00936202
-0.00160627  0.00448621 -0.00936202           0
EndNode2[0]<--->HoM1[0]
REAL
   0.474018   0.0174564 -0.00801718    0.407145
  0.0174564   0.0430925  0.00262915    0.015536
-0.00801718  0.00262915   0.0481622  -0.0174564
   0.407145    0.015536  -0.0174564    0.434728
IMAGINARY
          0 -0.00257813  0.00163772 -0.00045292
 0.00257813           0  0.00653564  0.00933002
-0.00163772 -0.00653564           0 -0.00322832
 0.00045292 -0.00933002  0.00322832           0
Repeater1[0]<--->EndNode1[0]
REAL
   0.455826  0.00222525    0.016565    0.411086
 0.00222525   0.0524968    0.021484  -0.0229263
   0.016565    0.021484   0.0320102 0.000319279
   0.411086  -0.0229263 0.000319279    0.459667
IMAGINARY
          0 -0.00514152   0.0131027  0.00160627
 0.00514152           0 -0.00224977  0.00936202
 -0.0131027  0.00224977           0 -0.00448621
-0.00160627 -0.00936202  0.00448621           0
Repeater1[0]<--->HoM1[0]
REAL
   0.474018 -0.00801718   0.0174564    0.407145
-0.00801718   0.0481622  0.00262915  -0.0174564
  0.0174564  0.00262915   0.0430925    0.015536
   0.407145  -0.0174564    0.015536    0.434728
IMAGINARY
          0  0.00163772 -0.00257813 -0.00045292
-0.00163772           0 -0.00653564 -0.00322832
 0.00257813  0.00653564           0  0.00933002
 0.00045292  0.00322832 -0.00933002           0
EndNode1[0]<--->Repeater1[0]
REAL
   0.455826    0.016565  0.00222525    0.411086
   0.016565   0.0320102    0.021484 0.000319279
 0.00222525    0.021484   0.0524968  -0.0229263
   0.411086 0.000319279  -0.0229263    0.459667
IMAGINARY
          0   0.0131027 -0.00514152  0.00160627
 -0.0131027           0  0.00224977 -0.00448621
 0.00514152 -0.00224977           0  0.00936202
-0.00160627  0.00448621 -0.00936202           0
EndNode2[0]<--->HoM1[0]
REAL
   0.474018   0.0174564 -0.00801718    0.407145
  0.0174564   0.0430925  0.00262915    0.015536
-0.00801718  0.00262915   0.0481622  -0.0174564
   0.407145    0.015536  -0.0174564    0.434728
IMAGINARY
          0 -0.00257813  0.00163772 -0.00045292
 0.00257813           0  0.00653564  0.00933002
-0.00163772 -0.00653564           0 -0.00322832
 0.00045292 -0.00933002  0.00322832           0
Repeater1[0]<--->EndNode1[0]
REAL
   0.455826  0.00222525    0.016565    0.411086
 0.00222525   0.0524968    0.021484  -0.0229263
   0.016565    0.021484   0.0320102 0.000319279
   0.411086  -0.0229263 0.000319279    0.459667
IMAGINARY
          0 -0.00514152   0.0131027  0.00160627
 0.00514152           0 -0.00224977  0.00936202
 -0.0131027  0.00224977           0 -0.00448621
-0.00160627 -0.00936202  0.00448621           0
Repeater1[0]<--->HoM1[0]
REAL
   0.474018 -0.00801718   0.0174564    0.407145
-0.00801718   0.0481622  0.00262915  -0.0174564
  0.0174564  0.00262915   0.0430925    0.015536
   0.407145  -0.0174564    0.015536    0.434728
IMAGINARY
          0  0.00163772 -0.00257813 -0.00045292
-0.00163772           0 -0.00653564 -0.00322832
 0.00257813  0.00653564           0  0.00933002
 0.00045292  0.00322832 -0.00933002           0
EndNode1[0]<--->Repeater1[0]
REAL
   0.473616  -0.0016889  0.00523532    0.413881
 -0.0016889    0.043758 -0.00226451 -0.00776057
 0.00523532 -0.00226451    0.041184   0.0117899
   0.413881 -0.00776057   0.0117899    0.441441
IMAGINARY
           0  -0.00630144  -0.00101729   -0.0042899
  0.00630144            0    0.0255802     0.010404
  0.00101729   -0.0255802            0  0.000669405
   0.0042899    -0.010404 -0.000669405            0
EndNode2[0]<--->HoM1[0]
REAL
    0.440318    0.0122525    0.0218439     0.415391
   0.0122525    0.0411141   0.00274467 -0.000433324
   0.0218439   0.00274467    0.0411141    0.0129365
    0.415391 -0.000433324    0.0129365     0.477454
IMAGINARY
          0   -0.010202 -0.00975614   0.0167586
   0.010202           0   0.0117586  -0.0182751
 0.00975614  -0.0117586           0   0.0212841
 -0.0167586   0.0182751  -0.0212841           0
Repeater1[0]<--->EndNode1[0]
REAL
   0.473616  0.00523532  -0.0016889    0.413881
 0.00523532    0.041184 -0.00226451   0.0117899
 -0.0016889 -0.00226451    0.043758 -0.00776057
   0.413881   0.0117899 -0.00776057    0.441441
IMAGINARY
           0  -0.00101729  -0.00630144   -0.0042899
  0.00101729            0   -0.0255802  0.000669405
  0.00630144    0.0255802            0     0.010404
   0.0042899 -0.000669405    -0.010404            0
Repeater1[0]<--->HoM1[0]
REAL
    0.440318    0.0218439    0.0122525     0.415391
   0.0218439    0.0411141   0.00274467    0.0129365
   0.0122525   0.00274467    0.0411141 -0.000433324
    0.415391    0.0129365 -0.000433324     0.477454
IMAGINARY
          0 -0.00975614   -0.010202   0.0167586
 0.00975614           0  -0.0117586   0.0212841
   0.010202   0.0117586           0  -0.0182751
 -0.0167586  -0.0212841   0.0182751           0
EndNode1[0]<--->Repeater1[0]
REAL
   0.473616  -0.0016889  0.00523532    0.413881
 -0.0016889    0.043758 -0.00226451 -0.00776057
 0.00523532 -0.00226451    0.041184   0.0117899
   0.413881 -0.00776057   0.0117899    0.441441
IMAGINARY
           0  -0.00630144  -0.00101729   -0.0042899
  0.00630144            0    0.0255802     0.010404
  0.00101729   -0.0255802            0  0.000669405
   0.0042899    -0.010404 -0.000669405            0
EndNode2[0]<--->HoM1[0]
REAL
    0.440318    0.0122525    0.0218439     0.415391
   0.0122525    0.0411141   0.00274467 -0.000433324
   0.0218439   0.00274467    0.0411141    0.0129365
    0.415391 -0.000433324    0.0129365     0.477454
IMAGINARY
          0   -0.010202 -0.00975614   0.0167586
   0.010202           0   0.0117586  -0.0182751
 0.00975614  -0.0117586           0   0.0212841
 -0.0167586   0.0182751  -0.0212841           0
Repeater1[0]<--->EndNode1[0]
REAL
   0.473616  0.00523532  -0.0016889    0.413881
 0.00523532    0.041184 -0.00226451   0.0117899
 -0.0016889 -0.00226451    0.043758 -0.00776057
   0.413881   0.0117899 -0.00776057    0.441441
IMAGINARY
           0  -0.00101729  -0.00630144   -0.0042899
  0.00101729            0   -0.0255802  0.000669405
  0.00630144    0.0255802            0     0.010404
   0.0042899 -0.000669405    -0.010404            0
Repeater1[0]<--->HoM1[0]
REAL
    0.440318    0.0218439    0.0122525     0.415391
   0.0218439    0.0411141   0.00274467    0.0129365
   0.0122525   0.00274467    0.0411141 -0.000433324
    0.415391    0.0129365 -0.000433324     0.477454
IMAGINARY
          0 -0.00975614   -0.010202   0.0167586
 0.00975614           0  -0.0117586   0.0212841
   0.010202   0.0117586           0  -0.0182751
 -0.0167586  -0.0212841   0.0182751           0
EndNode1[0]<--->Repeater1[0]
REAL
   0.459948  -0.0139405  0.00764524    0.406532
 -0.0139405   0.0465116  0.00551648 -0.00282596
 0.00764524  0.00551648   0.0516796   0.0151453
   0.406532 -0.00282596   0.0151453     0.44186
IMAGINARY
          0  0.00405382  -0.0204739  0.00932836
-0.00405382           0  0.00932836  0.00143841
  0.0204739 -0.00932836           0  0.00990557
-0.00932836 -0.00143841 -0.00990557           0
EndNode2[0]<--->HoM1[0]
REAL
  0.451108  0.0111809 0.00614684   0.411289
 0.0111809  0.0456323  0.0147815  0.0048778
0.00614684  0.0147815  0.0443286 0.00114075
  0.411289  0.0048778 0.00114075   0.458931
IMAGINARY
          0 -0.00995111   0.0105199  -0.0125025
 0.00995111           0    0.011842  0.00176989
 -0.0105199   -0.011842           0 -0.00492599
  0.0125025 -0.00176989  0.00492599           0
Repeater1[0]<--->EndNode1[0]
REAL
   0.459948  0.00764524  -0.0139405    0.406532
 0.00764524   0.0516796  0.00551648   0.0151453
 -0.0139405  0.00551648   0.0465116 -0.00282596
   0.406532   0.0151453 -0.00282596     0.44186
IMAGINARY
          0  -0.0204739  0.00405382  0.00932836
  0.0204739           0 -0.00932836  0.00990557
-0.00405382  0.00932836           0  0.00143841
-0.00932836 -0.00990557 -0.00143841           0
Repeater1[0]<--->HoM1[0]
REAL
  0.451108 0.00614684  0.0111809   0.411289
0.00614684  0.0443286  0.0147815 0.00114075
 0.0111809  0.0147815  0.0456323  0.0048778
  0.411289 0.00114075  0.0048778   0.458931
IMAGINARY
          0   0.0105199 -0.00995111  -0.0125025
 -0.0105199           0   -0.011842 -0.00492599
 0.00995111    0.011842           0  0.00176989
  0.0125025  0.00492599 -0.00176989           0
EndNode1[0]<--->Repeater1[0]
REAL
   0.459948  -0.0139405  0.00764524    0.406532
 -0.0139405   0.0465116  0.00551648 -0.00282596
 0.00764524  0.00551648   0.0516796   0.0151453
   0.406532 -0.00282596   0.0151453     0.44186
IMAGINARY
          0  0.00405382  -0.0204739  0.00932836
-0.00405382           0  0.00932836  0.00143841
  0.0204739 -0.00932836           0  0.00990557
-0.00932836 -0.00143841 -0.00990557           0
EndNode2[0]<--->HoM1[0]
REAL
  0.451108  0.0111809 0.00614684   0.411289
 0.0111809  0.0456323  0.0147815  0.0048778
0.00614684  0.0147815  0.0443286 0.00114075
  0.411289  0.0048778 0.00114075   0.458931
IMAGINARY
          0 -0.00995111   0.0105199  -0.0125025
 0.00995111           0    0.011842  0.00176989
 -0.0105199   -0.011842           0 -0.00492599
  0.0125025 -0.00176989  0.00492599           0
Repeater1[0]<--->EndNode1[0]
REAL
   0.459948  0.00764524  -0.0139405    0.406532
 0.00764524   0.0516796  0.00551648   0.0151453
 -0.0139405  0.00551648   0.0465116 -0.00282596
   0.406532   0.0151453 -0.00282596     0.44186
IMAGINARY
          0  -0.0204739  0.00405382  0.00932836
  0.0204739           0 -0.00932836  0.00990557
-0.00405382  0.00932836           0  0.00143841
-0.00932836 -0.00990557 -0.00143841           0
Repeater1[0]<--->HoM1[0]
REAL
  0.451108 0.00614684  0.0111809   0.411289
0.00614684  0.0443286  0.0147815 0.00114075
 0.0111809  0.0147815  0.0456323  0.0048778
  0.411289 0.00114075  0.0048778   0.458931
IMAGINARY
          0   0.0105199 -0.00995111  -0.0125025
 -0.0105199           0   -0.011842 -0.00492599
 0.00995111    0.011842           0  0.00176989
  0.0125025  0.00492599 -0.00176989           0
EndNode1[0]<--->Repeater1[0]
REAL
   0.462986    0.011403   0.0113428    0.395501
   0.011403   0.0351317  0.00449937   -0.016471
  0.0113428  0.00449937   0.0263488 -0.00114656
   0.395501   -0.016471 -0.00114656    0.475533
IMAGINARY
          0  -0.0109212 -0.00639543 -0.00128205
  0.0109212           0 -0.00641026 -0.00311028
 0.00639543  0.00641026           0   0.0280315
 0.00128205  0.00311028  -0.0280315           0
EndNode2[0]<--->HoM1[0]
REAL
  0.474425 0.00891483 0.00598404   0.423687
0.00891483  0.0358056 0.00982396 0.00598404
0.00598404 0.00982396  0.0498721 -0.0102446
  0.423687 0.00598404 -0.0102446   0.439898
IMAGINARY
          0  0.00774917  0.00273097  -0.0140197
-0.00774917           0   0.0133955  0.00467146
-0.00273097  -0.0133955           0  -0.0151516
  0.0140197 -0.00467146   0.0151516           0
Repeater1[0]<--->EndNode1[0]
REAL
   0.462986   0.0113428    0.011403    0.395501
  0.0113428   0.0263488  0.00449937 -0.00114656
   0.011403  0.00449937   0.0351317   -0.016471
   0.395501 -0.00114656   -0.016471    0.475533
IMAGINARY
          0 -0.00639543  -0.0109212 -0.00128205
 0.00639543           0  0.00641026   0.0280315
  0.0109212 -0.00641026           0 -0.00311028
 0.00128205  -0.0280315  0.00311028           0
Repeater1[0]<--->HoM1[0]
REAL
  0.474425 0.00598404 0.00891483   0.423687
0.00598404  0.0498721 0.00982396 -0.0102446
0.00891483 0.00982396  0.0358056 0.00598404
  0.423687 -0.0102446 0.00598404   0.439898
IMAGINARY
          0  0.00273097  0.00774917  -0.0140197
-0.00273097           0  -0.0133955  -0.0151516
-0.00774917   0.0133955           0  0.00467146
  0.0140197   0.0151516 -0.00467146           0
EndNode1[0]<--->Repeater1[0]
REAL
   0.462986    0.011403   0.0113428    0.395501
   0.011403   0.0351317  0.00449937   -0.016471
  0.0113428  0.00449937   0.0263488 -0.00114656
   0.395501   -0.016471 -0.00114656    0.475533
IMAGINARY
          0  -0.0109212 -0.00639543 -0.00128205
  0.0109212           0 -0.00641026 -0.00311028
 0.00639543  0.00641026           0   0.0280315
 0.00128205  0.00311028  -0.0280315           0
EndNode2[0]<--->HoM1[0]
REAL
  0.474425 0.00891483 0.00598404   0.423687
0.00891483  0.0358056 0.00982396 0.00598404
0.00598404 0.00982396  0.0498721 -0.0102446
  0.423687 0.00598404 -0.0102446   0.439898
IMAGINARY
          0  0.00774917  0.00273097  -0.0140197
-0.00774917           0   0.0133955  0.00467146
-0.00273097  -0.0133955           0  -0.0151516
  0.0140197 -0.00467146   0.0151516           0
Repeater1[0]<--->EndNode1[0]
REAL
   0.462986   0.0113428    0.011403    0.395501
  0.0113428   0.0263488  0.00449937 -0.00114656
   0.011403  0.00449937   0.0351317   -0.016471
   0.395501 -0.00114656   -0.016471    0.475533
IMAGINARY
          0 -0.00639543  -0.0109212 -0.00128205
 0.00639543           0  0.00641026   0.0280315
  0.0109212 -0.00641026           0 -0.00311028
 0.00128205  -0.0280315  0.00311028           0
Repeater1[0]<--->HoM1[0]
REAL
  0.474425 0.00598404 0.00891483   0.423687
0.00598404  0.0498721 0.00982396 -0.0102446
0.00891483 0.00982396  0.0358056 0.00598404
  0.423687 -0.0102446 0.00598404   0.439898
IMAGINARY
          0  0.00273097  0.00774917  -0.0140197
-0.00273097           0  -0.0133955  -0.0151516
-0.00774917   0.0133955           0  0.00467146
  0.0140197   0.0151516 -0.00467146           0
EndNode1[0]<--->Repeater1[0]
REAL
   0.419185  0.00841015   0.0226669    0.409212
 0.00841015   0.0446781 0.000457294   0.0015061
  0.0226669 0.000457294   0.0473062   0.0195797
   0.409212   0.0015061   0.0195797     0.48883
IMAGINARY
           0   0.00328052     0.020927   -0.0172858
 -0.00328052            0  0.000473804   -0.0289418
   -0.020927 -0.000473804            0    -0.002664
   0.0172858    0.0289418     0.002664            0
EndNode2[0]<--->HoM1[0]
REAL
  0.466999 -0.0331485  -0.007949   0.402956
-0.0331485  0.0311333  0.0154401 -0.0328532
 -0.007949  0.0154401  0.0535492 -0.0118031
  0.402956 -0.0328532 -0.0118031   0.448319
IMAGINARY
           0    0.0203251   -0.0102978  0.000229838
  -0.0203251            0    0.0264782   -0.0187504
   0.0102978   -0.0264782            0  -0.00487388
-0.000229838    0.0187504   0.00487388            0
Repeater1[0]<--->EndNode1[0]
REAL
   0.419185   0.0226669  0.00841015    0.409212
  0.0226669   0.0473062 0.000457294   0.0195797
 0.00841015 0.000457294   0.0446781   0.0015061
   0.409212   0.0195797   0.0015061     0.48883
IMAGINARY
           0     0.020927   0.00328052   -0.0172858
   -0.020927            0 -0.000473804    -0.002664
 -0.00328052  0.000473804            0   -0.0289418
   0.0172858     0.002664    0.0289418            0
Repeater1[0]<--->HoM1[0]
REAL
  0.466999  -0.007949 -0.0331485   0.402956
 -0.007949  0.0535492  0.0154401 -0.0118031
-0.0331485  0.0154401  0.0311333 -0.0328532
  0.402956 -0.0118031 -0.0328532   0.448319
IMAGINARY
           0   -0.0102978    0.0203251  0.000229838
   0.0102978            0   -0.0264782  -0.00487388
  -0.0203251    0.0264782            0   -0.0187504
-0.000229838   0.00487388    0.0187504            0
EndNode1[0]<--->Repeater1[0]
REAL
   0.419185  0.00841015   0.0226669    0.409212
 0.00841015   0.0446781 0.000457294   0.0015061
  0.0226669 0.000457294   0.0473062   0.0195797
   0.409212   0.0015061   0.0195797     0.48883
IMAGINARY
           0   0.00328052     0.020927   -0.0172858
 -0.00328052            0  0.000473804   -0.0289418
   -0.020927 -0.000473804            0    -0.002664
   0.0172858    0.0289418     0.002664            0
EndNode2[0]<--->HoM1[0]
REAL
  0.466999 -0.0331485  -0.007949   0.402956
-0.0331485  0.0311333  0.0154401 -0.0328532
 -0.007949  0.0154401  0.0535492 -0.0118031
  0.402956 -0.0328532 -0.0118031   0.448319
IMAGINARY
           0    0.0203251   -0.0102978  0.000229838
  -0.0203251            0    0.0264782   -0.0187504
   0.0102978   -0.0264782            0  -0.00487388
-0.000229838    0.0187504   0.00487388            0
Repeater1[0]<--->EndNode1[0]
REAL
   0.419185   0.0226669  0.00841015    0.409212
  0.0226669   0.0473062 0.000457294   0.0195797
 0.00841015 0.000457294   0.0446781   0.0015061
   0.409212   0.0195797   0.0015061     0.48883
IMAGINARY
           0     0.020927   0.00328052   -0.0172858
   -0.020927            0 -0.000473804    -0.002664
 -0.00328052  0.000473804            0   -0.0289418
   0.0172858     0.002664    0.0289418            0
Repeater1[0]<--->HoM1[0]
REAL
  0.466999  -0.007949 -0.0331485   0.402956
 -0.007949  0.0535492  0.0154401 -0.0118031
-0.0331485  0.0154401  0.0311333 -0.0328532
  0.402956 -0.0118031 -0.0328532   0.448319
IMAGINARY
           0   -0.0102978    0.0203251  0.000229838
   0.0102978            0   -0.0264782  -0.00487388
  -0.0203251    0.0264782            0   -0.0187504
-0.000229838   0.00487388    0.0187504            0
EndNode1[0]<--->Repeater1[0]
REAL
  0.455163 -0.0192256 0.00744614   0.407654
-0.0192256    0.03125 0.00512238 -0.0221882
0.00744614 0.00512238  0.0461957 0.00571207
  0.407654 -0.0221882 0.00571207   0.467391
IMAGINARY
          0  0.00530378  -0.0120366  -0.0132509
-0.00530378           0   0.0223655 -0.00315331
  0.0120366  -0.0223655           0   0.0162152
  0.0132509  0.00315331  -0.0162152           0
EndNode2[0]<--->HoM1[0]
REAL
   0.475196   0.0130201 -0.00974639    0.401604
  0.0130201   0.0574413   0.0159994    0.034091
-0.00974639   0.0159994   0.0300261  0.00383379
   0.401604    0.034091  0.00383379    0.437337
IMAGINARY
          0  -0.0073218  -0.0126576  0.00196158
  0.0073218           0  0.00845509   0.0152283
  0.0126576 -0.00845509           0 -0.00167563
-0.00196158  -0.0152283  0.00167563           0
Repeater1[0]<--->EndNode1[0]
REAL
  0.455163 0.00744614 -0.0192256   0.407654
0.00744614  0.0461957 0.00512238 0.00571207
-0.0192256 0.00512238    0.03125 -0.0221882
  0.407654 0.00571207 -0.0221882   0.467391
IMAGINARY
          0  -0.0120366  0.00530378  -0.0132509
  0.0120366           0  -0.0223655   0.0162152
-0.00530378   0.0223655           0 -0.00315331
  0.0132509  -0.0162152  0.00315331           0
Repeater1[0]<--->HoM1[0]
REAL
   0.475196 -0.00974639   0.0130201    0.401604
-0.00974639   0.0300261   0.0159994  0.00383379
  0.0130201   0.0159994   0.0574413    0.034091
   0.401604  0.00383379    0.034091    0.437337
IMAGINARY
          0  -0.0126576  -0.0073218  0.00196158
  0.0126576           0 -0.00845509 -0.00167563
  0.0073218  0.00845509           0   0.0152283
-0.00196158  0.00167563  -0.0152283           0
EndNode1[0]<--->Repeater1[0]
REAL
  0.455163 -0.0192256 0.00744614   0.407654
-0.0192256    0.03125 0.00512238 -0.0221882
0.00744614 0.00512238  0.0461957 0.00571207
  0.407654 -0.0221882 0.00571207   0.467391
IMAGINARY
          0  0.00530378  -0.0120366  -0.0132509
-0.00530378           0   0.0223655 -0.00315331
  0.0120366  -0.0223655           0   0.0162152
  0.0132509  0.00315331  -0.0162152           0
EndNode2[0]<--->HoM1[0]
REAL
   0.475196   0.0130201 -0.00974639    0.401604
  0.0130201   0.0574413   0.0159994    0.034091
-0.00974639   0.0159994   0.0300261  0.00383379
   0.401604    0.034091  0.00383379    0.437337
IMAGINARY
          0  -0.0073218  -0.0126576  0.00196158
  0.0073218           0  0.00845509   0.0152283
  0.0126576 -0.00845509           0 -0.00167563
-0.00196158  -0.0152283  0.00167563           0
Repeater1[0]<--->EndNode1[0]
REAL
  0.455163 0.00744614 -0.0192256   0.407654
0.00744614  0.0461957 0.00512238 0.00571207
-0.0192256 0.00512238    0.03125 -0.0221882
  0.407654 0.00571207 -0.0221882   0.467391
IMAGINARY
          0  -0.0120366  0.00530378  -0.0132509
  0.0120366           0  -0.0223655   0.0162152
-0.00530378   0.0223655           0 -0.00315331
  0.0132509  -0.0162152  0.00315331           0
Repeater1[0]<--->HoM1[0]
REAL
   0.475196 -0.00974639   0.0130201    0.401604
-0.00974639   0.0300261   0.0159994  0.00383379
  0.0130201   0.0159994   0.0574413    0.034091
   0.401604  0.00383379    0.034091    0.437337
IMAGINARY
          0  -0.0126576  -0.0073218  0.00196158
  0.0126576           0 -0.00845509 -0.00167563
  0.0073218  0.00845509           0   0.0152283
-0.00196158  0.00167563  -0.0152283           0
EndNode1[0]<--->Repeater1[0]
REAL
     0.44665 -0.000729125   -0.0163881     0.398275
-0.000729125    0.0496278  -0.00185598   0.00232159
  -0.0163881  -0.00185598    0.0533499  -0.00950105
    0.398275   0.00232159  -0.00950105     0.450372
IMAGINARY
           0  0.000135247   0.00629601    0.0011212
-0.000135247            0    -0.021634   -0.0082671
 -0.00629601     0.021634            0    0.0202327
  -0.0011212    0.0082671   -0.0202327            0
EndNode2[0]<--->HoM1[0]
REAL
  0.469849   0.015291  0.0111255   0.411305
  0.015291  0.0540201 0.00476255 0.00566104
 0.0111255 0.00476255  0.0376884   0.013486
  0.411305 0.00566104   0.013486   0.438442
IMAGINARY
           0   0.00306553   0.00441329   -0.0237721
 -0.00306553            0 -0.000618151    0.0202863
 -0.00441329  0.000618151            0   -0.0224247
   0.0237721   -0.0202863    0.0224247            0
Repeater1[0]<--->EndNode1[0]
REAL
     0.44665   -0.0163881 -0.000729125     0.398275
  -0.0163881    0.0533499  -0.00185598  -0.00950105
-0.000729125  -0.00185598    0.0496278   0.00232159
    0.398275  -0.00950105   0.00232159     0.450372
IMAGINARY
           0   0.00629601  0.000135247    0.0011212
 -0.00629601            0     0.021634    0.0202327
-0.000135247    -0.021634            0   -0.0082671
  -0.0011212   -0.0202327    0.0082671            0
Repeater1[0]<--->HoM1[0]
REAL
  0.469849  0.0111255   0.015291   0.411305
 0.0111255  0.0376884 0.00476255   0.013486
  0.015291 0.00476255  0.0540201 0.00566104
  0.411305   0.013486 0.00566104   0.438442
IMAGINARY
           0   0.00441329   0.00306553   -0.0237721
 -0.00441329            0  0.000618151   -0.0224247
 -0.00306553 -0.000618151            0    0.0202863
   0.0237721    0.0224247   -0.0202863            0
EndNode1[0]<--->Repeater1[0]
REAL
     0.44665 -0.000729125   -0.0163881     0.398275
-0.000729125    0.0496278  -0.00185598   0.00232159
  -0.0163881  -0.00185598    0.0533499  -0.00950105
    0.398275   0.00232159  -0.00950105     0.450372
IMAGINARY
           0  0.000135247   0.00629601    0.0011212
-0.000135247            0    -0.021634   -0.0082671
 -0.00629601     0.021634            0    0.0202327
  -0.0011212    0.0082671   -0.0202327            0
EndNode2[0]<--->HoM1[0]
REAL
  0.469849   0.015291  0.0111255   0.411305
  0.015291  0.0540201 0.00476255 0.00566104
 0.0111255 0.00476255  0.0376884   0.013486
  0.411305 0.00566104   0.013486   0.438442
IMAGINARY
           0   0.00306553   0.00441329   -0.0237721
 -0.00306553            0 -0.000618151    0.0202863
 -0.00441329  0.000618151            0   -0.0224247
   0.0237721   -0.0202863    0.0224247            0
Repeater1[0]<--->EndNode1[0]
REAL
     0.44665   -0.0163881 -0.000729125     0.398275
  -0.0163881    0.0533499  -0.00185598  -0.00950105
-0.000729125  -0.00185598    0.0496278   0.00232159
    0.398275  -0.00950105   0.00232159     0.450372
IMAGINARY
           0   0.00629601  0.000135247    0.0011212
 -0.00629601            0     0.021634    0.0202327
-0.000135247    -0.021634            0   -0.0082671
  -0.0011212   -0.0202327    0.0082671            0
Repeater1[0]<--->HoM1[0]
REAL
  0.469849  0.0111255   0.015291   0.411305
 0.0111255  0.0376884 0.00476255   0.013486
  0.015291 0.00476255  0.0540201 0.00566104
  0.411305   0.013486 0.00566104   0.438442
IMAGINARY
           0   0.00441329   0.00306553   -0.0237721
 -0.00441329            0  0.000618151   -0.0224247
 -0.00306553 -0.000618151            0    0.0202863
   0.0237721    0.0224247   -0.0202863            0
EndNode1[0]<--->Repeater1[0]
REAL
    0.452092  -0.00594425   -0.0169413     0.392134
 -0.00594425    0.0458839   0.00799589 -0.000568466
  -0.0169413   0.00799589    0.0539811   -0.0128625
    0.392134 -0.000568466   -0.0128625     0.448043
IMAGINARY
           0 -0.000992121  -0.00178994  -0.00358628
 0.000992121            0    0.0221999   -0.0361411
  0.00178994   -0.0221999            0    0.0334059
  0.00358628    0.0361411   -0.0334059            0
EndNode2[0]<--->HoM1[0]
REAL
      0.48 -0.0048022  -0.010455   0.408856
-0.0048022    0.05125 0.00658024 -0.0116926
 -0.010455 0.00658024     0.0375 -0.0240569
  0.408856 -0.0116926 -0.0240569    0.43125
IMAGINARY
          0  -0.0216602  0.00556031 -0.00700746
  0.0216602           0  0.00123082    0.016528
-0.00556031 -0.00123082           0  0.00626531
 0.00700746   -0.016528 -0.00626531           0
Repeater1[0]<--->EndNode1[0]
REAL
    0.452092   -0.0169413  -0.00594425     0.392134
  -0.0169413    0.0539811   0.00799589   -0.0128625
 -0.00594425   0.00799589    0.0458839 -0.000568466
    0.392134   -0.0128625 -0.000568466     0.448043
IMAGINARY
           0  -0.00178994 -0.000992121  -0.00358628
  0.00178994            0   -0.0221999    0.0334059
 0.000992121    0.0221999            0   -0.0361411
  0.00358628   -0.0334059    0.0361411            0
Repeater1[0]<--->HoM1[0]
REAL
      0.48  -0.010455 -0.0048022   0.408856
 -0.010455     0.0375 0.00658024 -0.0240569
-0.0048022 0.00658024    0.05125 -0.0116926
  0.408856 -0.0240569 -0.0116926    0.43125
IMAGINARY
          0  0.00556031  -0.0216602 -0.00700746
-0.00556031           0 -0.00123082  0.00626531
  0.0216602  0.00123082           0    0.016528
 0.00700746 -0.00626531   -0.016528           0
EndNode1[0]<--->Repeater1[0]
REAL
    0.452092  -0.00594425   -0.0169413     0.392134
 -0.00594425    0.0458839   0.00799589 -0.000568466
  -0.0169413   0.00799589    0.0539811   -0.0128625
    0.392134 -0.000568466   -0.0128625     0.448043
IMAGINARY
           0 -0.000992121  -0.00178994  -0.00358628
 0.000992121            0    0.0221999   -0.0361411
  0.00178994   -0.0221999            0    0.0334059
  0.00358628    0.0361411   -0.0334059            0
EndNode2[0]<--->HoM1[0]
REAL
      0.48 -0.0048022  -0.010455   0.408856
-0.0048022    0.05125 0.00658024 -0.0116926
 -0.010455 0.00658024     0.0375 -0.0240569
  0.408856 -0.0116926 -0.0240569    0.43125
IMAGINARY
          0  -0.0216602  0.00556031 -0.00700746
  0.0216602           0  0.00123082    0.016528
-0.00556031 -0.00123082           0  0.00626531
 0.00700746   -0.016528 -0.00626531           0
Repeater1[0]<--->EndNode1[0]
REAL
    0.452092   -0.0169413  -0.00594425     0.392134
  -0.0169413    0.0539811   0.00799589   -0.0128625
 -0.00594425   0.00799589    0.0458839 -0.000568466
    0.392134   -0.0128625 -0.000568466     0.448043
IMAGINARY
           0  -0.00178994 -0.000992121  -0.00358628
  0.00178994            0   -0.0221999    0.0334059
 0.000992121    0.0221999            0   -0.0361411
  0.00358628   -0.0334059    0.0361411            0
Repeater1[0]<--->HoM1[0]
REAL
      0.48  -0.010455 -0.0048022   0.408856
 -0.010455     0.0375 0.00658024 -0.0240569
-0.0048022 0.00658024    0.05125 -0.0116926
  0.408856 -0.0240569 -0.0116926    0.43125
IMAGINARY
          0  0.00556031  -0.0216602 -0.00700746
-0.00556031           0 -0.00123082  0.00626531
  0.0216602  0.00123082           0    0.016528
 0.00700746 -0.00626531   -0.016528           0
EndNode1[0]<--->Repeater1[0]
REAL
    0.45974    -0.01353 -0.00932773    0.389962
   -0.01353   0.0584416 0.000520703  -0.0147922
-0.00932773 0.000520703   0.0415584  -0.0288429
   0.389962  -0.0147922  -0.0288429     0.44026
IMAGINARY
          0   0.0165228 -0.00241326   0.0174848
 -0.0165228           0  0.00404046 -0.00814575
 0.00241326 -0.00404046           0   0.0052163
 -0.0174848  0.00814575  -0.0052163           0
EndNode2[0]<--->HoM1[0]
REAL
   0.475716 -0.00348542   -0.025136    0.407471
-0.00348542   0.0311333  0.00618887    0.013538
  -0.025136  0.00618887   0.0460772  0.00348542
   0.407471    0.013538  0.00348542    0.447073
IMAGINARY
           0   -0.0070384  -0.00728039   0.00161959
   0.0070384            0 -0.000971083   0.00856245
  0.00728039  0.000971083            0  -0.00578212
 -0.00161959  -0.00856245   0.00578212            0
Repeater1[0]<--->EndNode1[0]
REAL
    0.45974 -0.00932773    -0.01353    0.389962
-0.00932773   0.0415584 0.000520703  -0.0288429
   -0.01353 0.000520703   0.0584416  -0.0147922
   0.389962  -0.0288429  -0.0147922     0.44026
IMAGINARY
          0 -0.00241326   0.0165228   0.0174848
 0.00241326           0 -0.00404046   0.0052163
 -0.0165228  0.00404046           0 -0.00814575
 -0.0174848  -0.0052163  0.00814575           0
Repeater1[0]<--->HoM1[0]
REAL
   0.475716   -0.025136 -0.00348542    0.407471
  -0.025136   0.0460772  0.00618887  0.00348542
-0.00348542  0.00618887   0.0311333    0.013538
   0.407471  0.00348542    0.013538    0.447073
IMAGINARY
           0  -0.00728039   -0.0070384   0.00161959
  0.00728039            0  0.000971083  -0.00578212
   0.0070384 -0.000971083            0   0.00856245
 -0.00161959   0.00578212  -0.00856245            0
EndNode1[0]<--->Repeater1[0]
REAL
    0.45974    -0.01353 -0.00932773    0.389962
   -0.01353   0.0584416 0.000520703  -0.0147922
-0.00932773 0.000520703   0.0415584  -0.0288429
   0.389962  -0.0147922  -0.0288429     0.44026
IMAGINARY
          0   0.0165228 -0.00241326   0.0174848
 -0.0165228           0  0.00404046 -0.00814575
 0.00241326 -0.00404046           0   0.0052163
 -0.0174848  0.00814575  -0.0052163           0
EndNode2[0]<--->HoM1[0]
REAL
   0.475716 -0.00348542   -0.025136    0.407471
-0.00348542   0.0311333  0.00618887    0.013538
  -0.025136  0.00618887   0.0460772  0.00348542
   0.407471    0.013538  0.00348542    0.447073
IMAGINARY
           0   -0.0070384  -0.00728039   0.00161959
   0.0070384            0 -0.000971083   0.00856245
  0.00728039  0.000971083            0  -0.00578212
 -0.00161959  -0.00856245   0.00578212            0
Repeater1[0]<--->EndNode1[0]
REAL
    0.45974 -0.00932773    -0.01353    0.389962
-0.00932773   0.0415584 0.000520703  -0.0288429
   -0.01353 0.000520703   0.0584416  -0.0147922
   0.389962  -0.0288429  -0.0147922     0.44026
IMAGINARY
          0 -0.00241326   0.0165228   0.0174848
 0.00241326           0 -0.00404046   0.0052163
 -0.0165228  0.00404046           0 -0.00814575
 -0.0174848  -0.0052163  0.00814575           0
Repeater1[0]<--->HoM1[0]
REAL
   0.475716   -0.025136 -0.00348542    0.407471
  -0.025136   0.0460772  0.00618887  0.00348542
-0.00348542  0.00618887   0.0311333    0.013538
   0.407471  0.00348542    0.013538    0.447073
IMAGINARY
           0  -0.00728039   -0.0070384   0.00161959
  0.00728039            0  0.000971083  -0.00578212
   0.0070384 -0.000971083            0   0.00856245
 -0.00161959   0.00578212  -0.00856245            0
EndNode1[0]<--->Repeater1[0]
REAL
  0.453691 -0.0194668 0.00068061    0.41152
-0.0194668  0.0483221  0.0129137 -0.0397234
0.00068061  0.0129137  0.0550336 -0.0170571
   0.41152 -0.0397234 -0.0170571   0.442953
IMAGINARY
           0     0.012281    -0.002218   -0.0158173
   -0.012281            0  0.000978578    -0.002218
    0.002218 -0.000978578            0   0.00229436
   0.0158173     0.002218  -0.00229436            0
EndNode2[0]<--->HoM1[0]
REAL
    0.458115 -0.000682268   0.00919083      0.41107
-0.000682268    0.0418848   0.00220251   0.00854898
  0.00919083   0.00220251    0.0536649  -0.00260288
     0.41107   0.00854898  -0.00260288     0.446335
IMAGINARY
          0   0.0199262 -0.00582607  0.00429487
 -0.0199262           0   0.0107051  -0.0151099
 0.00582607  -0.0107051           0   0.0231772
-0.00429487   0.0151099  -0.0231772           0
Repeater1[0]<--->EndNode1[0]
REAL
  0.453691 0.00068061 -0.0194668    0.41152
0.00068061  0.0550336  0.0129137 -0.0170571
-0.0194668  0.0129137  0.0483221 -0.0397234
   0.41152 -0.0170571 -0.0397234   0.442953
IMAGINARY
           0    -0.002218     0.012281   -0.0158173
    0.002218            0 -0.000978578   0.00229436
   -0.012281  0.000978578            0    -0.002218
   0.0158173  -0.00229436     0.002218            0
Repeater1[0]<--->HoM1[0]
REAL
    0.458115   0.00919083 -0.000682268      0.41107
  0.00919083    0.0536649   0.00220251  -0.00260288
-0.000682268   0.00220251    0.0418848   0.00854898
     0.41107  -0.00260288   0.00854898     0.446335
IMAGINARY
          0 -0.00582607   0.0199262  0.00429487
 0.00582607           0  -0.0107051   0.0231772
 -0.0199262   0.0107051           0  -0.0151099
-0.00429487  -0.0231772   0.0151099           0
EndNode1[0]<--->Repeater1[0]
REAL
  0.453691 -0.0194668 0.00068061    0.41152
-0.0194668  0.0483221  0.0129137 -0.0397234
0.00068061  0.0129137  0.0550336 -0.0170571
   0.41152 -0.0397234 -0.0170571   0.442953
IMAGINARY
           0     0.012281    -0.002218   -0.0158173
   -0.012281            0  0.000978578    -0.002218
    0.002218 -0.000978578            0   0.00229436
   0.0158173     0.002218  -0.00229436            0
EndNode2[0]<--->HoM1[0]
REAL
    0.458115 -0.000682268   0.00919083      0.41107
-0.000682268    0.0418848   0.00220251   0.00854898
  0.00919083   0.00220251    0.0536649  -0.00260288
     0.41107   0.00854898  -0.00260288     0.446335
IMAGINARY
          0   0.0199262 -0.00582607  0.00429487
 -0.0199262           0   0.0107051  -0.0151099
 0.00582607  -0.0107051           0   0.0231772
-0.00429487   0.0151099  -0.0231772           0
Repeater1[0]<--->EndNode1[0]
REAL
  0.453691 0.00068061 -0.0194668    0.41152
0.00068061  0.0550336  0.0129137 -0.0170571
-0.0194668  0.0129137  0.0483221 -0.0397234
   0.41152 -0.0170571 -0.0397234   0.442953
IMAGINARY
           0    -0.002218     0.012281   -0.0158173
    0.002218            0 -0.000978578   0.00229436
   -0.012281  0.000978578            0    -0.002218
   0.0158173  -0.00229436     0.002218            0
Repeater1[0]<--->HoM1[0]
REAL
    0.458115   0.00919083 -0.000682268      0.41107
  0.00919083    0.0536649   0.00220251  -0.00260288
-0.000682268   0.00220251    0.0418848   0.00854898
     0.41107  -0.00260288   0.00854898     0.446335
IMAGINARY
          0 -0.00582607   0.0199262  0.00429487
 0.00582607           0  -0.0107051   0.0231772
 -0.0199262   0.0107051           0  -0.0151099
-0.00429487  -0.0231772   0.0151099           0
EndNode1[0]<--->Repeater1[0]
REAL
    0.477157  -0.00619638    0.0184295     0.407446
 -0.00619638    0.0418782    0.0131266   0.00761218
   0.0184295    0.0131266     0.036802 -0.000314032
    0.407446   0.00761218 -0.000314032     0.444162
IMAGINARY
           0   0.00297226 -0.000772136  -0.00355746
 -0.00297226            0   0.00141766  -0.00781439
 0.000772136  -0.00141766            0   0.00297226
  0.00355746   0.00781439  -0.00297226            0
EndNode2[0]<--->HoM1[0]
REAL
   0.461842  -0.0189727   0.0011985    0.404898
 -0.0189727   0.0447368   0.0157163  -0.0236057
  0.0011985   0.0157163   0.0394737 -0.00855607
   0.404898  -0.0236057 -0.00855607    0.453947
IMAGINARY
          0  -0.0141037   0.0108039   0.0126488
  0.0141037           0   0.0230655  0.00502725
 -0.0108039  -0.0230655           0 -0.00172745
 -0.0126488 -0.00502725  0.00172745           0
Repeater1[0]<--->EndNode1[0]
REAL
    0.477157    0.0184295  -0.00619638     0.407446
   0.0184295     0.036802    0.0131266 -0.000314032
 -0.00619638    0.0131266    0.0418782   0.00761218
    0.407446 -0.000314032   0.00761218     0.444162
IMAGINARY
           0 -0.000772136   0.00297226  -0.00355746
 0.000772136            0  -0.00141766   0.00297226
 -0.00297226   0.00141766            0  -0.00781439
  0.00355746  -0.00297226   0.00781439            0
Repeater1[0]<--->HoM1[0]
REAL
   0.461842   0.0011985  -0.0189727    0.404898
  0.0011985   0.0394737   0.0157163 -0.00855607
 -0.0189727   0.0157163   0.0447368  -0.0236057
   0.404898 -0.00855607  -0.0236057    0.453947
IMAGINARY
          0   0.0108039  -0.0141037   0.0126488
 -0.0108039           0  -0.0230655 -0.00172745
  0.0141037   0.0230655           0  0.00502725
 -0.0126488  0.00172745 -0.00502725           0
EndNode1[0]<--->Repeater1[0]
REAL
    0.477157  -0.00619638    0.0184295     0.407446
 -0.00619638    0.0418782    0.0131266   0.00761218
   0.0184295    0.0131266     0.036802 -0.000314032
    0.407446   0.00761218 -0.000314032     0.444162
IMAGINARY
           0   0.00297226 -0.000772136  -0.00355746
 -0.00297226            0   0.00141766  -0.00781439
