EndNode1[0]<--->Repeater1[0]
REAL
    0.476354    0.0256942   0.00553249     0.281488
   0.0256942     0.022356 -0.000955075   -0.0069099
  0.00553249 -0.000955075    0.0197764  -0.00595134
    0.281488   -0.0069099  -0.00595134     0.481513
IMAGINARY
           0   -0.0202123    0.0206665 -0.000263809
   0.0202123            0   -0.0153884   0.00700528
  -0.0206665    0.0153884            0  -0.00745945
 0.000263809  -0.00700528   0.00745945            0
EndNode2[0]<--->HoM6[0]
REAL
    0.49779   0.0111189   0.0109328    0.406181
  0.0111189  0.00618921 -0.00258774  0.00177532
  0.0109328 -0.00258774  0.00618921  0.00334212
   0.406181  0.00177532  0.00334212    0.489832
IMAGINARY
           0   -0.0221369 -0.000772812   -0.0133448
   0.0221369            0   0.00839432    0.0083016
 0.000772812  -0.00839432            0   0.00486497
   0.0133448   -0.0083016  -0.00486497            0
Repeater1[0]<--->EndNode1[0]
REAL
    0.476354   0.00553249    0.0256942     0.281488
  0.00553249    0.0197764 -0.000955075  -0.00595134
   0.0256942 -0.000955075     0.022356   -0.0069099
    0.281488  -0.00595134   -0.0069099     0.481513
IMAGINARY
           0    0.0206665   -0.0202123 -0.000263809
  -0.0206665            0    0.0153884  -0.00745945
   0.0202123   -0.0153884            0   0.00700528
 0.000263809   0.00745945  -0.00700528            0
Repeater1[0]<--->HoM1[0]
REAL
   0.500898  -0.0130294   0.0113632    0.304641
 -0.0130294   0.0224417 -0.00210472  0.00494116
  0.0113632 -0.00210472   0.0206463  0.00397145
   0.304641  0.00494116  0.00397145    0.456014
IMAGINARY
          0 -0.00130166   0.0110565 -0.00911039
 0.00130166           0   0.0206193  -0.0106007
 -0.0110565  -0.0206193           0   0.0227237
 0.00911039   0.0106007  -0.0227237           0
Repeater2[0]<--->HoM1[0]
REAL
   0.500898   0.0113632  -0.0130294    0.304641
  0.0113632   0.0206463 -0.00210472  0.00397145
 -0.0130294 -0.00210472   0.0224417  0.00494116
   0.304641  0.00397145  0.00494116    0.456014
IMAGINARY
          0   0.0110565 -0.00130166 -0.00911039
 -0.0110565           0  -0.0206193   0.0227237
 0.00130166   0.0206193           0  -0.0106007
 0.00911039  -0.0227237   0.0106007           0
Repeater2[0]<--->Repeater3[0]
REAL
   0.429856 -0.00886562 -0.00827881     0.14558
-0.00886562   0.0710432  -0.0111226  0.00417671
-0.00827881  -0.0111226   0.0890288 -0.00344067
    0.14558  0.00417671 -0.00344067    0.410072
IMAGINARY
          0 -0.00153405   0.0175262   0.0269008
 0.00153405           0 -0.00183483  -0.0202436
 -0.0175262  0.00183483           0 -0.00571232
 -0.0269008   0.0202436  0.00571232           0
Repeater3[0]<--->Repeater2[0]
REAL
   0.429856 -0.00827881 -0.00886562     0.14558
-0.00827881   0.0890288  -0.0111226 -0.00344067
-0.00886562  -0.0111226   0.0710432  0.00417671
    0.14558 -0.00344067  0.00417671    0.410072
IMAGINARY
          0   0.0175262 -0.00153405   0.0269008
 -0.0175262           0  0.00183483 -0.00571232
 0.00153405 -0.00183483           0  -0.0202436
 -0.0269008  0.00571232   0.0202436           0
Repeater3[0]<--->HoM2[0]
REAL
  0.421004 -0.0211737 -0.0061194   0.166119
-0.0211737  0.0566914 0.00865572  0.0016149
-0.0061194 0.00865572  0.0827138 -0.0112587
  0.166119  0.0016149 -0.0112587   0.439591
IMAGINARY
          0 -0.00772815  -0.0206216  -0.0155697
 0.00772815           0  0.00304733  0.00293395
  0.0206216 -0.00304733           0  -0.0254901
  0.0155697 -0.00293395   0.0254901           0
Repeater4[0]<--->HoM2[0]
REAL
  0.421004 -0.0061194 -0.0211737   0.166119
-0.0061194  0.0827138 0.00865572 -0.0112587
-0.0211737 0.00865572  0.0566914  0.0016149
  0.166119 -0.0112587  0.0016149   0.439591
IMAGINARY
          0  -0.0206216 -0.00772815  -0.0155697
  0.0206216           0 -0.00304733  -0.0254901
 0.00772815  0.00304733           0  0.00293395
  0.0155697   0.0254901 -0.00293395           0
Repeater4[0]<--->Repeater5[0]
REAL
   0.410146 0.000451977  0.00482357   0.0824851
0.000451977    0.099742 0.000699114  -0.0227127
 0.00482357 0.000699114    0.115219  0.00133693
  0.0824851  -0.0227127  0.00133693    0.374893
IMAGINARY
          0  0.00190218  0.00488226  0.00044964
-0.00190218           0 -0.00944245  0.00351738
-0.00488226  0.00944245           0  0.00826581
-0.00044964 -0.00351738 -0.00826581           0
Repeater5[0]<--->Repeater4[0]
REAL
   0.410146  0.00482357 0.000451977   0.0824851
 0.00482357    0.115219 0.000699114  0.00133693
0.000451977 0.000699114    0.099742  -0.0227127
  0.0824851  0.00133693  -0.0227127    0.374893
IMAGINARY
          0  0.00488226  0.00190218  0.00044964
-0.00488226           0  0.00944245  0.00826581
-0.00190218 -0.00944245           0  0.00351738
-0.00044964 -0.00826581 -0.00351738           0
Repeater5[0]<--->HoM3[0]
REAL
   0.392139  -0.0056571  -0.0155983   0.0772407
 -0.0056571    0.128885  -0.0101296 -0.00173506
 -0.0155983  -0.0101296    0.117002  -0.0232318
  0.0772407 -0.00173506  -0.0232318    0.361974
IMAGINARY
           0 -0.000114222   -0.0160462   0.00657421
 0.000114222            0   0.00747837  -0.00211988
   0.0160462  -0.00747837            0  -0.00334599
 -0.00657421   0.00211988   0.00334599            0
Repeater6[0]<--->HoM3[0]
REAL
   0.392139  -0.0155983  -0.0056571   0.0772407
 -0.0155983    0.117002  -0.0101296  -0.0232318
 -0.0056571  -0.0101296    0.128885 -0.00173506
  0.0772407  -0.0232318 -0.00173506    0.361974
IMAGINARY
           0   -0.0160462 -0.000114222   0.00657421
   0.0160462            0  -0.00747837  -0.00334599
 0.000114222   0.00747837            0  -0.00211988
 -0.00657421   0.00334599   0.00211988            0
Repeater6[0]<--->Repeater7[0]
REAL
   0.359561 -0.00232556   0.0192546   0.0124277
-0.00232556    0.166514 -0.00027648  -0.0134041
  0.0192546 -0.00027648    0.144556  -0.0116258
  0.0124277  -0.0134041  -0.0116258    0.329369
IMAGINARY
          0    0.013409  0.00024223 -0.00659738
  -0.013409           0  0.00180226   0.0070173
-0.00024223 -0.00180226           0   0.0074621
 0.00659738  -0.0070173  -0.0074621           0
Repeater7[0]<--->Repeater6[0]
REAL
   0.359561   0.0192546 -0.00232556   0.0124277
  0.0192546    0.144556 -0.00027648  -0.0116258
-0.00232556 -0.00027648    0.166514  -0.0134041
  0.0124277  -0.0116258  -0.0134041    0.329369
IMAGINARY
          0  0.00024223    0.013409 -0.00659738
-0.00024223           0 -0.00180226   0.0074621
  -0.013409  0.00180226           0   0.0070173
 0.00659738  -0.0074621  -0.0070173           0
Repeater7[0]<--->HoM4[0]
REAL
   0.321364 -0.00816498 0.000620444    0.019756
-0.00816498     0.17325  0.00721124    0.021926
0.000620444  0.00721124    0.165171 -0.00200301
   0.019756    0.021926 -0.00200301    0.340215
IMAGINARY
          0 -0.00563827  0.00585073  -0.0104045
 0.00563827           0 -0.00495985  0.00490196
-0.00585073  0.00495985           0  0.00205404
  0.0104045 -0.00490196 -0.00205404           0
Repeater8[0]<--->HoM4[0]
REAL
   0.321364 0.000620444 -0.00816498    0.019756
0.000620444    0.165171  0.00721124 -0.00200301
-0.00816498  0.00721124     0.17325    0.021926
   0.019756 -0.00200301    0.021926    0.340215
IMAGINARY
          0  0.00585073 -0.00563827  -0.0104045
-0.00585073           0  0.00495985  0.00205404
 0.00563827 -0.00495985           0  0.00490196
  0.0104045 -0.00205404 -0.00490196           0
Repeater8[0]<--->Repeater9[0]
REAL
    0.307268  -0.00485796    0.0185156    0.0199667
 -0.00485796     0.171113   -0.0217366 -0.000816523
   0.0185156   -0.0217366     0.209752  -0.00310664
   0.0199667 -0.000816523  -0.00310664     0.311868
IMAGINARY
          0  0.00149926   0.0232003   0.0265312
-0.00149926           0   0.0027217  0.00796736
 -0.0232003  -0.0027217           0  0.00771935
 -0.0265312 -0.00796736 -0.00771935           0
Repeater9[0]<--->Repeater8[0]
REAL
    0.307268    0.0185156  -0.00485796    0.0199667
   0.0185156     0.209752   -0.0217366  -0.00310664
 -0.00485796   -0.0217366     0.171113 -0.000816523
   0.0199667  -0.00310664 -0.000816523     0.311868
IMAGINARY
          0   0.0232003  0.00149926   0.0265312
 -0.0232003           0  -0.0027217  0.00771935
-0.00149926   0.0027217           0  0.00796736
 -0.0265312 -0.00771935 -0.00796736           0
Repeater9[0]<--->HoM5[0]
REAL
  0.295936 -0.0111623  0.0148946   0.029925
-0.0111623   0.189929 0.00717746 -0.0148946
 0.0148946 0.00717746   0.212898  0.0023284
  0.029925 -0.0148946  0.0023284   0.301237
IMAGINARY
           0   0.00282751 -0.000413486  -0.00814805
 -0.00282751            0  -0.00992424  -0.00181667
 0.000413486   0.00992424            0   0.00564706
  0.00814805   0.00181667  -0.00564706            0
Repeater10[0]<--->HoM5[0]
REAL
  0.295936  0.0148946 -0.0111623   0.029925
 0.0148946   0.212898 0.00717746  0.0023284
-0.0111623 0.00717746   0.189929 -0.0148946
  0.029925  0.0023284 -0.0148946   0.301237
IMAGINARY
           0 -0.000413486   0.00282751  -0.00814805
 0.000413486            0   0.00992424   0.00564706
 -0.00282751  -0.00992424            0  -0.00181667
  0.00814805  -0.00564706   0.00181667            0
Repeater10[0]<--->Repeater11[0]
REAL
   0.496364   -0.013088 -0.00863873    0.396167
  -0.013088  0.00727273 -0.00077658  -0.0064322
-0.00863873 -0.00077658  0.00545455  -0.0126212
   0.396167  -0.0064322  -0.0126212    0.490909
IMAGINARY
           0   0.00632032  -0.00597282  -0.00214024
 -0.00632032            0  -0.00486256   0.00553614
  0.00597282   0.00486256            0 -0.000643466
  0.00214024  -0.00553614  0.000643466            0
Repeater11[0]<--->Repeater10[0]
REAL
   0.496364 -0.00863873   -0.013088    0.396167
-0.00863873  0.00545455 -0.00077658  -0.0126212
  -0.013088 -0.00077658  0.00727273  -0.0064322
   0.396167  -0.0126212  -0.0064322    0.490909
IMAGINARY
           0  -0.00597282   0.00632032  -0.00214024
  0.00597282            0   0.00486256 -0.000643466
 -0.00632032  -0.00486256            0   0.00553614
  0.00214024  0.000643466  -0.00553614            0
Repeater11[0]<--->HoM6[0]
REAL
    0.49779   0.0109328   0.0111189    0.406181
  0.0109328  0.00618921 -0.00258774  0.00334212
  0.0111189 -0.00258774  0.00618921  0.00177532
   0.406181  0.00334212  0.00177532    0.489832
IMAGINARY
           0 -0.000772812   -0.0221369   -0.0133448
 0.000772812            0  -0.00839432   0.00486497
   0.0221369   0.00839432            0    0.0083016
   0.0133448  -0.00486497   -0.0083016            0
EndNode1[0]<--->Repeater1[0]
REAL
   0.466428  -0.0111606 -0.00500463    0.298823
 -0.0111606   0.0161146  0.00886898 -0.00268767
-0.00500463  0.00886898   0.0196956  -0.0178992
   0.298823 -0.00268767  -0.0178992    0.497762
IMAGINARY
          0 -0.00374969   0.0118721  0.00435079
 0.00374969           0   0.0146147  -0.0214612
 -0.0118721  -0.0146147           0   0.0169917
-0.00435079   0.0214612  -0.0169917           0
EndNode2[0]<--->HoM6[0]
REAL
    0.483156 -0.000265036   0.00267946     0.386893
-0.000265036   0.00531915  -0.00340647  0.000990268
  0.00267946  -0.00340647   0.00620567  -0.00248726
    0.386893  0.000990268  -0.00248726     0.505319
IMAGINARY
          0   -0.015307 -0.00470644 -0.00401205
   0.015307           0   0.0118462  -0.0020932
 0.00470644  -0.0118462           0  0.00488084
 0.00401205   0.0020932 -0.00488084           0
Repeater1[0]<--->EndNode1[0]
REAL
   0.466428 -0.00500463  -0.0111606    0.298823
-0.00500463   0.0196956  0.00886898  -0.0178992
 -0.0111606  0.00886898   0.0161146 -0.00268767
   0.298823  -0.0178992 -0.00268767    0.497762
IMAGINARY
          0   0.0118721 -0.00374969  0.00435079
 -0.0118721           0  -0.0146147   0.0169917
 0.00374969   0.0146147           0  -0.0214612
-0.00435079  -0.0169917   0.0214612           0
Repeater1[0]<--->HoM1[0]
REAL
    0.492255 -0.000310509  -0.00362171     0.294693
-0.000310509    0.0301205  -0.00215448   0.00953618
 -0.00362171  -0.00215448    0.0215146   0.00804481
    0.294693   0.00953618   0.00804481      0.45611
IMAGINARY
          0  0.00252832   0.0205308   0.0013364
-0.00252832           0 -0.00499271   0.0144955
 -0.0205308  0.00499271           0  -0.0305493
 -0.0013364  -0.0144955   0.0305493           0
Repeater2[0]<--->HoM1[0]
REAL
    0.492255  -0.00362171 -0.000310509     0.294693
 -0.00362171    0.0215146  -0.00215448   0.00804481
-0.000310509  -0.00215448    0.0301205   0.00953618
    0.294693   0.00804481   0.00953618      0.45611
IMAGINARY
          0   0.0205308  0.00252832   0.0013364
 -0.0205308           0  0.00499271  -0.0305493
-0.00252832 -0.00499271           0   0.0144955
 -0.0013364   0.0305493  -0.0144955           0
Repeater2[0]<--->Repeater3[0]
REAL
   0.398927 -0.00204598  -0.0112068    0.163157
-0.00204598   0.0715564 -0.00687947 0.000966351
 -0.0112068 -0.00687947   0.0608229  0.00249122
   0.163157 0.000966351  0.00249122    0.468694
IMAGINARY
           0   -0.0059608    0.0147787   -0.0143735
   0.0059608            0   0.00970059 -7.28014e-05
  -0.0147787  -0.00970059            0   0.00136521
   0.0143735  7.28014e-05  -0.00136521            0
Repeater3[0]<--->Repeater2[0]
REAL
   0.398927  -0.0112068 -0.00204598    0.163157
 -0.0112068   0.0608229 -0.00687947  0.00249122
-0.00204598 -0.00687947   0.0715564 0.000966351
   0.163157  0.00249122 0.000966351    0.468694
IMAGINARY
           0    0.0147787   -0.0059608   -0.0143735
  -0.0147787            0  -0.00970059   0.00136521
   0.0059608   0.00970059            0 -7.28014e-05
   0.0143735  -0.00136521  7.28014e-05            0
Repeater3[0]<--->HoM2[0]
REAL
  0.440476 0.00346645 -0.0001066   0.149853
0.00346645  0.0787546 0.00647753  0.0048439
-0.0001066 0.00647753  0.0760073 -0.0099264
  0.149853  0.0048439 -0.0099264   0.404762
IMAGINARY
          0  0.00587239  0.00430362  -0.0101254
-0.00587239           0  0.00489228  0.00295591
-0.00430362 -0.00489228           0  0.00229458
  0.0101254 -0.00295591 -0.00229458           0
Repeater4[0]<--->HoM2[0]
REAL
  0.440476 -0.0001066 0.00346645   0.149853
-0.0001066  0.0760073 0.00647753 -0.0099264
0.00346645 0.00647753  0.0787546  0.0048439
  0.149853 -0.0099264  0.0048439   0.404762
IMAGINARY
          0  0.00430362  0.00587239  -0.0101254
-0.00430362           0 -0.00489228  0.00229458
-0.00587239  0.00489228           0  0.00295591
  0.0101254 -0.00229458 -0.00295591           0
Repeater4[0]<--->Repeater5[0]
REAL
    0.372283     0.019848   -0.0029778    0.0695449
    0.019848     0.131341    0.0122395 -0.000739667
  -0.0029778    0.0122395     0.119565   -0.0105543
   0.0695449 -0.000739667   -0.0105543     0.376812
IMAGINARY
          0  -0.0166157   0.0120643  -0.0101658
  0.0166157           0 -0.00493023  -0.0142515
 -0.0120643  0.00493023           0  0.00305491
  0.0101658   0.0142515 -0.00305491           0
Repeater5[0]<--->Repeater4[0]
REAL
    0.372283   -0.0029778     0.019848    0.0695449
  -0.0029778     0.119565    0.0122395   -0.0105543
    0.019848    0.0122395     0.131341 -0.000739667
   0.0695449   -0.0105543 -0.000739667     0.376812
IMAGINARY
          0   0.0120643  -0.0166157  -0.0101658
 -0.0120643           0  0.00493023  0.00305491
  0.0166157 -0.00493023           0  -0.0142515
  0.0101658 -0.00305491   0.0142515           0
Repeater5[0]<--->HoM3[0]
REAL
     0.37534   0.00369884  -0.00892653    0.0720678
  0.00369884     0.116047 -0.000259267  0.000947802
 -0.00892653 -0.000259267     0.118767   0.00871251
   0.0720678  0.000947802   0.00871251     0.389846
IMAGINARY
          0  0.00935003   0.0113374 -0.00639173
-0.00935003           0 -0.00410445  0.00618279
 -0.0113374  0.00410445           0  -0.0160886
 0.00639173 -0.00618279   0.0160886           0
Repeater6[0]<--->HoM3[0]
REAL
     0.37534  -0.00892653   0.00369884    0.0720678
 -0.00892653     0.118767 -0.000259267   0.00871251
  0.00369884 -0.000259267     0.116047  0.000947802
   0.0720678   0.00871251  0.000947802     0.389846
IMAGINARY
          0   0.0113374  0.00935003 -0.00639173
 -0.0113374           0  0.00410445  -0.0160886
-0.00935003 -0.00410445           0  0.00618279
 0.00639173   0.0160886 -0.00618279           0
Repeater6[0]<--->Repeater7[0]
REAL
    0.325957  -0.00526138  -0.00090283    0.0417181
 -0.00526138     0.179574  -0.00994241 -3.17496e-05
 -0.00090283  -0.00994241     0.154894  -0.00221525
   0.0417181 -3.17496e-05  -0.00221525     0.339574
IMAGINARY
          0 -0.00744572   0.0171613  0.00288948
 0.00744572           0 -0.00981469  -0.0236189
 -0.0171613  0.00981469           0  -0.0229971
-0.00288948   0.0236189   0.0229971           0
Repeater7[0]<--->Repeater6[0]
REAL
    0.325957  -0.00090283  -0.00526138    0.0417181
 -0.00090283     0.154894  -0.00994241  -0.00221525
 -0.00526138  -0.00994241     0.179574 -3.17496e-05
   0.0417181  -0.00221525 -3.17496e-05     0.339574
IMAGINARY
          0   0.0171613 -0.00744572  0.00288948
 -0.0171613           0  0.00981469  -0.0229971
 0.00744572 -0.00981469           0  -0.0236189
-0.00288948   0.0229971   0.0236189           0
Repeater7[0]<--->HoM4[0]
REAL
  0.336014  0.0121227 0.00217998  0.0249448
 0.0121227   0.161752 0.00838852  0.0115978
0.00217998 0.00838852   0.168901 -0.0241227
 0.0249448  0.0115978 -0.0241227   0.333333
IMAGINARY
          0  0.00586104  0.00470223    0.012869
-0.00586104           0  0.00317374   0.0156384
-0.00470223 -0.00317374           0 -0.00633408
  -0.012869  -0.0156384  0.00633408           0
Repeater8[0]<--->HoM4[0]
REAL
  0.336014 0.00217998  0.0121227  0.0249448
0.00217998   0.168901 0.00838852 -0.0241227
 0.0121227 0.00838852   0.161752  0.0115978
 0.0249448 -0.0241227  0.0115978   0.333333
IMAGINARY
          0  0.00470223  0.00586104    0.012869
-0.00470223           0 -0.00317374 -0.00633408
-0.00586104  0.00317374           0   0.0156384
  -0.012869  0.00633408  -0.0156384           0
Repeater8[0]<--->Repeater9[0]
REAL
   0.305069   0.0076892    0.018491 -0.00627673
  0.0076892    0.199078  0.00138784  -0.0136021
   0.018491  0.00138784    0.190783 -0.00280031
-0.00627673  -0.0136021 -0.00280031    0.305069
IMAGINARY
           0  -0.00873311 -0.000898413    0.0115999
  0.00873311            0   -0.0142929  -0.00135587
 0.000898413    0.0142929            0     0.015496
  -0.0115999   0.00135587    -0.015496            0
Repeater9[0]<--->Repeater8[0]
REAL
   0.305069    0.018491   0.0076892 -0.00627673
   0.018491    0.190783  0.00138784 -0.00280031
  0.0076892  0.00138784    0.199078  -0.0136021
-0.00627673 -0.00280031  -0.0136021    0.305069
IMAGINARY
           0 -0.000898413  -0.00873311    0.0115999
 0.000898413            0    0.0142929     0.015496
  0.00873311   -0.0142929            0  -0.00135587
  -0.0115999    -0.015496   0.00135587            0
Repeater9[0]<--->HoM5[0]
REAL
   0.287263 -0.00338271 -0.00456593   0.0198236
-0.00338271    0.172538  -0.0163694   0.0114744
-0.00456593  -0.0163694    0.191509   0.0111547
  0.0198236   0.0114744   0.0111547     0.34869
IMAGINARY
          0  0.00104312   0.0145304  0.00187064
-0.00104312           0   0.0167568   0.0136197
 -0.0145304  -0.0167568           0  -0.0140011
-0.00187064  -0.0136197   0.0140011           0
Repeater10[0]<--->HoM5[0]
REAL
   0.287263 -0.00456593 -0.00338271   0.0198236
-0.00456593    0.191509  -0.0163694   0.0111547
-0.00338271  -0.0163694    0.172538   0.0114744
  0.0198236   0.0111547   0.0114744     0.34869
IMAGINARY
          0   0.0145304  0.00104312  0.00187064
 -0.0145304           0  -0.0167568  -0.0140011
-0.00104312   0.0167568           0   0.0136197
-0.00187064   0.0140011  -0.0136197           0
Repeater10[0]<--->Repeater11[0]
REAL
   0.477987    0.010866  0.00773187    0.387947
   0.010866   0.0098832  0.00815648    0.010821
 0.00773187  0.00815648  0.00628931 -0.00158954
   0.387947    0.010821 -0.00158954     0.50584
IMAGINARY
           0  -0.00445162   -0.0149563   -0.0183587
  0.00445162            0  0.000353192  -0.00507857
   0.0149563 -0.000353192            0    0.0140335
   0.0183587   0.00507857   -0.0140335            0
Repeater11[0]<--->Repeater10[0]
REAL
   0.477987  0.00773187    0.010866    0.387947
 0.00773187  0.00628931  0.00815648 -0.00158954
   0.010866  0.00815648   0.0098832    0.010821
   0.387947 -0.00158954    0.010821     0.50584
IMAGINARY
           0   -0.0149563  -0.00445162   -0.0183587
   0.0149563            0 -0.000353192    0.0140335
  0.00445162  0.000353192            0  -0.00507857
   0.0183587   -0.0140335   0.00507857            0
Repeater11[0]<--->HoM6[0]
REAL
    0.483156   0.00267946 -0.000265036     0.386893
  0.00267946   0.00620567  -0.00340647  -0.00248726
-0.000265036  -0.00340647   0.00531915  0.000990268
    0.386893  -0.00248726  0.000990268     0.505319
IMAGINARY
          0 -0.00470644   -0.015307 -0.00401205
 0.00470644           0  -0.0118462  0.00488084
   0.015307   0.0118462           0  -0.0020932
 0.00401205 -0.00488084   0.0020932           0
EndNode1[0]<--->Repeater1[0]
REAL
   0.499123 -0.00195782 -0.00749074    0.288421
-0.00195782   0.0149123   0.0061491  0.00341835
-0.00749074   0.0061491    0.027193 -0.00663947
   0.288421  0.00341835 -0.00663947    0.458772
IMAGINARY
         0  0.0236337 -0.0296745  0.0247133
-0.0236337          0 -0.0130645 -0.0150759
 0.0296745  0.0130645          0 -0.0158884
-0.0247133  0.0150759  0.0158884          0
EndNode2[0]<--->HoM6[0]
REAL
   0.491023 -0.00333171  0.00476085    0.392029
-0.00333171    0.005386 -0.00187052 0.000511558
 0.00476085 -0.00187052  0.00628366  0.00421044
   0.392029 0.000511558  0.00421044    0.497307
IMAGINARY
          0   0.0224655    0.005084   0.0184281
 -0.0224655           0 -0.00614741    0.005084
  -0.005084  0.00614741           0  -0.0131817
 -0.0184281   -0.005084   0.0131817           0
Repeater1[0]<--->EndNode1[0]
REAL
   0.499123 -0.00749074 -0.00195782    0.288421
-0.00749074    0.027193   0.0061491 -0.00663947
-0.00195782   0.0061491   0.0149123  0.00341835
   0.288421 -0.00663947  0.00341835    0.458772
IMAGINARY
         0 -0.0296745  0.0236337  0.0247133
 0.0296745          0  0.0130645 -0.0158884
-0.0236337 -0.0130645          0 -0.0150759
-0.0247133  0.0158884  0.0150759          0
Repeater1[0]<--->HoM1[0]
REAL
     0.47048    0.0140622    0.0117365     0.299281
   0.0140622    0.0230627   0.00653501   0.00233479
   0.0117365   0.00653501    0.0239852 -0.000928987
    0.299281   0.00233479 -0.000928987     0.482472
IMAGINARY
          0 -0.00981552  0.00743592 -0.00839374
 0.00981552           0  -0.0129893  -0.0143444
-0.00743592   0.0129893           0  0.00808841
 0.00839374   0.0143444 -0.00808841           0
Repeater2[0]<--->HoM1[0]
REAL
     0.47048    0.0117365    0.0140622     0.299281
   0.0117365    0.0239852   0.00653501 -0.000928987
   0.0140622   0.00653501    0.0230627   0.00233479
    0.299281 -0.000928987   0.00233479     0.482472
IMAGINARY
          0  0.00743592 -0.00981552 -0.00839374
-0.00743592           0   0.0129893  0.00808841
 0.00981552  -0.0129893           0  -0.0143444
 0.00839374 -0.00808841   0.0143444           0
Repeater2[0]<--->Repeater3[0]
REAL
    0.410256   0.00723741   0.00732885     0.148861
  0.00723741    0.0760389    0.0287344 -0.000953624
  0.00732885    0.0287344    0.0848806  -0.00632667
    0.148861 -0.000953624  -0.00632667     0.428824
IMAGINARY
          0  -0.0247463 -0.00473504  0.00106303
  0.0247463           0  0.00334614   0.0151612
 0.00473504 -0.00334614           0 -0.00834522
-0.00106303  -0.0151612  0.00834522           0
Repeater3[0]<--->Repeater2[0]
REAL
    0.410256   0.00732885   0.00723741     0.148861
  0.00732885    0.0848806    0.0287344  -0.00632667
  0.00723741    0.0287344    0.0760389 -0.000953624
    0.148861  -0.00632667 -0.000953624     0.428824
IMAGINARY
          0 -0.00473504  -0.0247463  0.00106303
 0.00473504           0 -0.00334614 -0.00834522
  0.0247463  0.00334614           0   0.0151612
-0.00106303  0.00834522  -0.0151612           0
Repeater3[0]<--->HoM2[0]
REAL
   0.441176 -0.00762307 -0.00505751    0.159162
-0.00762307   0.0664137  -0.0138595  -0.0120628
-0.00505751  -0.0138595   0.0768501  -0.0130091
   0.159162  -0.0120628  -0.0130091     0.41556
IMAGINARY
          0  0.00123108  0.00557695  0.00735857
-0.00123108           0  -0.0060798 -0.00796017
-0.00557695   0.0060798           0   0.0116383
-0.00735857  0.00796017  -0.0116383           0
Repeater4[0]<--->HoM2[0]
REAL
   0.441176 -0.00505751 -0.00762307    0.159162
-0.00505751   0.0768501  -0.0138595  -0.0130091
-0.00762307  -0.0138595   0.0664137  -0.0120628
   0.159162  -0.0130091  -0.0120628     0.41556
IMAGINARY
          0  0.00557695  0.00123108  0.00735857
-0.00557695           0   0.0060798   0.0116383
-0.00123108  -0.0060798           0 -0.00796017
-0.00735857  -0.0116383  0.00796017           0
Repeater4[0]<--->Repeater5[0]
REAL
   0.394881 -0.00932086 -0.00201097   0.0589739
-0.00932086    0.126143  0.00650749  -0.0062284
-0.00201097  0.00650749    0.106947  -0.0101935
  0.0589739  -0.0062284  -0.0101935    0.372029
IMAGINARY
          0  -0.0107823  -0.0094127  -0.0103118
  0.0107823           0 -0.00575803 -0.00897295
  0.0094127  0.00575803           0 -0.00760336
  0.0103118  0.00897295  0.00760336           0
Repeater5[0]<--->Repeater4[0]
REAL
   0.394881 -0.00201097 -0.00932086   0.0589739
-0.00201097    0.106947  0.00650749  -0.0101935
-0.00932086  0.00650749    0.126143  -0.0062284
  0.0589739  -0.0101935  -0.0062284    0.372029
IMAGINARY
          0  -0.0094127  -0.0107823  -0.0103118
  0.0094127           0  0.00575803 -0.00760336
  0.0107823 -0.00575803           0 -0.00897295
  0.0103118  0.00760336  0.00897295           0
Repeater5[0]<--->HoM3[0]
REAL
   0.358014 -0.00406993  0.00175588   0.0671052
-0.00406993    0.114983 -0.00497506  -0.0123222
 0.00175588 -0.00497506     0.12108 -0.00818704
  0.0671052  -0.0123222 -0.00818704    0.405923
IMAGINARY
           0   0.00451343    0.0133221  -0.00111008
 -0.00451343            0     0.011687  0.000364067
  -0.0133221    -0.011687            0  0.000961027
  0.00111008 -0.000364067 -0.000961027            0
Repeater6[0]<--->HoM3[0]
REAL
   0.358014  0.00175588 -0.00406993   0.0671052
 0.00175588     0.12108 -0.00497506 -0.00818704
-0.00406993 -0.00497506    0.114983  -0.0123222
  0.0671052 -0.00818704  -0.0123222    0.405923
IMAGINARY
           0    0.0133221   0.00451343  -0.00111008
  -0.0133221            0    -0.011687  0.000961027
 -0.00451343     0.011687            0  0.000364067
  0.00111008 -0.000961027 -0.000364067            0
Repeater6[0]<--->Repeater7[0]
REAL
   0.332712 -0.00440425 -0.00321963   0.0465155
-0.00440425    0.154706  0.00708896 -0.00140145
-0.00321963  0.00708896    0.163094  -0.0048379
  0.0465155 -0.00140145  -0.0048379    0.349487
IMAGINARY
          0 -0.00927857   0.0135445  0.00071537
 0.00927857           0 -0.00334234  -0.0090642
 -0.0135445  0.00334234           0 -0.00416229
-0.00071537   0.0090642  0.00416229           0
Repeater7[0]<--->Repeater6[0]
REAL
   0.332712 -0.00321963 -0.00440425   0.0465155
-0.00321963    0.163094  0.00708896  -0.0048379
-0.00440425  0.00708896    0.154706 -0.00140145
  0.0465155  -0.0048379 -0.00140145    0.349487
IMAGINARY
          0   0.0135445 -0.00927857  0.00071537
 -0.0135445           0  0.00334234 -0.00416229
 0.00927857 -0.00334234           0  -0.0090642
-0.00071537  0.00416229   0.0090642           0
Repeater7[0]<--->HoM4[0]
REAL
   0.351035  -0.0133663 -0.00429864   0.0418153
 -0.0133663    0.157516  0.00750601 -0.00429864
-0.00429864  0.00750601    0.162016  -0.0169505
  0.0418153 -0.00429864  -0.0169505    0.329433
IMAGINARY
          0   0.0119935  0.00413124   0.0181766
 -0.0119935           0  -0.0145002  0.00456043
-0.00413124   0.0145002           0   -0.012451
 -0.0181766 -0.00456043    0.012451           0
Repeater8[0]<--->HoM4[0]
REAL
   0.351035 -0.00429864  -0.0133663   0.0418153
-0.00429864    0.162016  0.00750601  -0.0169505
 -0.0133663  0.00750601    0.157516 -0.00429864
  0.0418153  -0.0169505 -0.00429864    0.329433
IMAGINARY
          0  0.00413124   0.0119935   0.0181766
-0.00413124           0   0.0145002   -0.012451
 -0.0119935  -0.0145002           0  0.00456043
 -0.0181766    0.012451 -0.00456043           0
Repeater8[0]<--->Repeater9[0]
REAL
    0.307417 -0.000802631  -0.00589732    0.0109377
-0.000802631     0.184093  -0.00380759   0.00678859
 -0.00589732  -0.00380759     0.203753  -0.00632749
   0.0109377   0.00678859  -0.00632749     0.304736
IMAGINARY
          0 -0.00469694  0.00711956 -0.00969802
 0.00469694           0 -0.00514428  0.00047651
-0.00711956  0.00514428           0 -0.00379278
 0.00969802 -0.00047651  0.00379278           0
Repeater9[0]<--->Repeater8[0]
REAL
    0.307417  -0.00589732 -0.000802631    0.0109377
 -0.00589732     0.203753  -0.00380759  -0.00632749
-0.000802631  -0.00380759     0.184093   0.00678859
   0.0109377  -0.00632749   0.00678859     0.304736
IMAGINARY
          0  0.00711956 -0.00469694 -0.00969802
-0.00711956           0  0.00514428 -0.00379278
 0.00469694 -0.00514428           0  0.00047651
 0.00969802  0.00379278 -0.00047651           0
Repeater9[0]<--->HoM5[0]
REAL
   0.308194  0.00655529  -0.0224919   0.0110911
 0.00655529    0.191806 -0.00654561  0.00340097
 -0.0224919 -0.00654561     0.20298   0.0152629
  0.0110911  0.00340097   0.0152629     0.29702
IMAGINARY
          0  0.00262833  -0.0282015 -0.00616733
-0.00262833           0    0.010797   0.0035101
  0.0282015   -0.010797           0   0.0123628
 0.00616733  -0.0035101  -0.0123628           0
Repeater10[0]<--->HoM5[0]
REAL
   0.308194  -0.0224919  0.00655529   0.0110911
 -0.0224919     0.20298 -0.00654561   0.0152629
 0.00655529 -0.00654561    0.191806  0.00340097
  0.0110911   0.0152629  0.00340097     0.29702
IMAGINARY
          0  -0.0282015  0.00262833 -0.00616733
  0.0282015           0   -0.010797   0.0123628
-0.00262833    0.010797           0   0.0035101
 0.00616733  -0.0123628  -0.0035101           0
Repeater10[0]<--->Repeater11[0]
REAL
   0.501367  -0.0038265   0.0018732    0.383003
 -0.0038265  0.00546946  -0.0142805  -0.0146485
  0.0018732  -0.0142805  0.00729262 -0.00806778
   0.383003  -0.0146485 -0.00806778    0.485871
IMAGINARY
          0 -0.00311975  0.00980993   0.0109302
 0.00311975           0  -0.0131885 -0.00132097
-0.00980993   0.0131885           0 -0.00452031
 -0.0109302  0.00132097  0.00452031           0
Repeater11[0]<--->Repeater10[0]
REAL
   0.501367   0.0018732  -0.0038265    0.383003
  0.0018732  0.00729262  -0.0142805 -0.00806778
 -0.0038265  -0.0142805  0.00546946  -0.0146485
   0.383003 -0.00806778  -0.0146485    0.485871
IMAGINARY
          0  0.00980993 -0.00311975   0.0109302
-0.00980993           0   0.0131885 -0.00452031
 0.00311975  -0.0131885           0 -0.00132097
 -0.0109302  0.00452031  0.00132097           0
Repeater11[0]<--->HoM6[0]
REAL
   0.491023  0.00476085 -0.00333171    0.392029
 0.00476085  0.00628366 -0.00187052  0.00421044
-0.00333171 -0.00187052    0.005386 0.000511558
   0.392029  0.00421044 0.000511558    0.497307
IMAGINARY
          0    0.005084   0.0224655   0.0184281
  -0.005084           0  0.00614741  -0.0131817
 -0.0224655 -0.00614741           0    0.005084
 -0.0184281   0.0131817   -0.005084           0
EndNode1[0]<--->Repeater1[0]
REAL
   0.501845 -0.00574946  0.00253843      0.2982
-0.00574946   0.0276753 -0.00129659  0.00930128
 0.00253843 -0.00129659   0.0202952  0.00392796
     0.2982  0.00930128  0.00392796    0.450185
IMAGINARY
          0  0.00794526 -0.00817292  0.00603147
-0.00794526           0   0.0105769  0.00397829
 0.00817292  -0.0105769           0 -0.00458956
-0.00603147 -0.00397829  0.00458956           0
EndNode2[0]<--->HoM6[0]
REAL
   0.506751     0.01488  0.00177946    0.387931
    0.01488  0.00630063 -0.00541465 -0.00224199
 0.00177946 -0.00541465  0.00360036  -0.0107172
   0.387931 -0.00224199  -0.0107172    0.483348
IMAGINARY
          0  0.00141559  0.00744045    0.014924
-0.00141559           0 -0.00965155   0.0158048
-0.00744045  0.00965155           0 -0.00916399
  -0.014924  -0.0158048  0.00916399           0
Repeater1[0]<--->EndNode1[0]
REAL
   0.501845  0.00253843 -0.00574946      0.2982
 0.00253843   0.0202952 -0.00129659  0.00392796
-0.00574946 -0.00129659   0.0276753  0.00930128
     0.2982  0.00392796  0.00930128    0.450185
IMAGINARY
          0 -0.00817292  0.00794526  0.00603147
 0.00817292           0  -0.0105769 -0.00458956
-0.00794526   0.0105769           0  0.00397829
-0.00603147  0.00458956 -0.00397829           0
Repeater1[0]<--->HoM1[0]
REAL
   0.446182  0.00201291  0.00593282    0.301417
 0.00201291   0.0211592 0.000528146 -0.00549073
 0.00593282 0.000528146    0.024839  -0.0157176
   0.301417 -0.00549073  -0.0157176     0.50782
IMAGINARY
           0  0.000525933   -0.0153607   -0.0113222
-0.000525933            0  -0.00350256   0.00513844
   0.0153607   0.00350256            0  -0.00274816
   0.0113222  -0.00513844   0.00274816            0
Repeater2[0]<--->HoM1[0]
REAL
   0.446182  0.00593282  0.00201291    0.301417
 0.00593282    0.024839 0.000528146  -0.0157176
 0.00201291 0.000528146   0.0211592 -0.00549073
   0.301417  -0.0157176 -0.00549073     0.50782
IMAGINARY
           0   -0.0153607  0.000525933   -0.0113222
   0.0153607            0   0.00350256  -0.00274816
-0.000525933  -0.00350256            0   0.00513844
   0.0113222   0.00274816  -0.00513844            0
Repeater2[0]<--->Repeater3[0]
REAL
   0.454216   0.0090115 -0.00290877    0.160038
  0.0090115   0.0716228   0.0012664  -0.0127302
-0.00290877   0.0012664   0.0643699  -0.0201822
   0.160038  -0.0127302  -0.0201822    0.409791
IMAGINARY
          0  0.00839883   0.0073049  -0.0135522
-0.00839883           0  0.00162718 -0.00993648
 -0.0073049 -0.00162718           0  -0.0101532
  0.0135522  0.00993648   0.0101532           0
Repeater3[0]<--->Repeater2[0]
REAL
   0.454216 -0.00290877   0.0090115    0.160038
-0.00290877   0.0643699   0.0012664  -0.0201822
  0.0090115   0.0012664   0.0716228  -0.0127302
   0.160038  -0.0201822  -0.0127302    0.409791
IMAGINARY
          0   0.0073049  0.00839883  -0.0135522
 -0.0073049           0 -0.00162718  -0.0101532
-0.00839883  0.00162718           0 -0.00993648
  0.0135522   0.0101532  0.00993648           0
Repeater3[0]<--->HoM2[0]
REAL
    0.424561 -0.000690836  -0.00867022     0.168303
-0.000690836    0.0710526  -0.00132426  -0.00582931
 -0.00867022  -0.00132426    0.0692982     0.012384
    0.168303  -0.00582931     0.012384     0.435088
IMAGINARY
          0 -0.00108078  0.00627626  0.00535078
 0.00108078           0 -0.00356187 -0.00361196
-0.00627626  0.00356187           0 -0.00335972
-0.00535078  0.00361196  0.00335972           0
Repeater4[0]<--->HoM2[0]
REAL
    0.424561  -0.00867022 -0.000690836     0.168303
 -0.00867022    0.0692982  -0.00132426     0.012384
-0.000690836  -0.00132426    0.0710526  -0.00582931
    0.168303     0.012384  -0.00582931     0.435088
IMAGINARY
          0  0.00627626 -0.00108078  0.00535078
-0.00627626           0  0.00356187 -0.00335972
 0.00108078 -0.00356187           0 -0.00361196
-0.00535078  0.00335972  0.00361196           0
Repeater4[0]<--->Repeater5[0]
REAL
  0.381404  0.0220994 0.00358734   0.048988
 0.0220994   0.129032 0.00837426 0.00770444
0.00358734 0.00837426   0.103416  0.0180994
  0.048988 0.00770444  0.0180994   0.386148
IMAGINARY
          0   0.0167422 -0.00162883 -0.00533484
 -0.0167422           0  -0.0124905  0.00794652
 0.00162883   0.0124905           0   0.0139437
 0.00533484 -0.00794652  -0.0139437           0
Repeater5[0]<--->Repeater4[0]
REAL
  0.381404 0.00358734  0.0220994   0.048988
0.00358734   0.103416 0.00837426  0.0180994
 0.0220994 0.00837426   0.129032 0.00770444
  0.048988  0.0180994 0.00770444   0.386148
IMAGINARY
          0 -0.00162883   0.0167422 -0.00533484
 0.00162883           0   0.0124905   0.0139437
 -0.0167422  -0.0124905           0  0.00794652
 0.00533484  -0.0139437 -0.00794652           0
Repeater5[0]<--->HoM3[0]
REAL
   0.375345 -0.00546256  0.00127728   0.0581135
-0.00546256    0.114075 -0.00502019 -0.00358568
 0.00127728 -0.00502019    0.123275  -0.0097729
  0.0581135 -0.00358568  -0.0097729    0.387305
IMAGINARY
          0  -0.0205702 -0.00191781   0.0187101
  0.0205702           0  -0.0117721  0.00883025
 0.00191781   0.0117721           0 -0.00661877
 -0.0187101 -0.00883025  0.00661877           0
Repeater6[0]<--->HoM3[0]
REAL
   0.375345  0.00127728 -0.00546256   0.0581135
 0.00127728    0.123275 -0.00502019  -0.0097729
-0.00546256 -0.00502019    0.114075 -0.00358568
  0.0581135  -0.0097729 -0.00358568    0.387305
IMAGINARY
          0 -0.00191781  -0.0205702   0.0187101
 0.00191781           0   0.0117721 -0.00661877
  0.0205702  -0.0117721           0  0.00883025
 -0.0187101  0.00661877 -0.00883025           0
Repeater6[0]<--->Repeater7[0]
REAL
   0.342753   0.0145132  -0.0136462   0.0239169
  0.0145132    0.160438  0.00271544 -0.00611325
 -0.0136462  0.00271544    0.159526 0.000950765
  0.0239169 -0.00611325 0.000950765    0.337284
IMAGINARY
          0   0.0133101  0.00766371   0.0012527
 -0.0133101           0  -0.0144706  0.00117021
-0.00766371   0.0144706           0 -0.00624297
 -0.0012527 -0.00117021  0.00624297           0
Repeater7[0]<--->Repeater6[0]
REAL
   0.342753  -0.0136462   0.0145132   0.0239169
 -0.0136462    0.159526  0.00271544 0.000950765
  0.0145132  0.00271544    0.160438 -0.00611325
  0.0239169 0.000950765 -0.00611325    0.337284
IMAGINARY
          0  0.00766371   0.0133101   0.0012527
-0.00766371           0   0.0144706 -0.00624297
 -0.0133101  -0.0144706           0  0.00117021
 -0.0012527  0.00624297 -0.00117021           0
Repeater7[0]<--->HoM4[0]
REAL
    0.327496    0.0135155     0.010897     0.028764
   0.0135155     0.164623 -0.000960917   0.00140931
    0.010897 -0.000960917      0.15324   -0.0121482
    0.028764   0.00140931   -0.0121482     0.354641
IMAGINARY
          0  0.00076119 -0.00619924   0.0129306
-0.00076119           0  0.00900728  -0.0084414
 0.00619924 -0.00900728           0   0.0245272
 -0.0129306   0.0084414  -0.0245272           0
Repeater8[0]<--->HoM4[0]
REAL
    0.327496     0.010897    0.0135155     0.028764
    0.010897      0.15324 -0.000960917   -0.0121482
   0.0135155 -0.000960917     0.164623   0.00140931
    0.028764   -0.0121482   0.00140931     0.354641
IMAGINARY
          0 -0.00619924  0.00076119   0.0129306
 0.00619924           0 -0.00900728   0.0245272
-0.00076119  0.00900728           0  -0.0084414
 -0.0129306  -0.0245272   0.0084414           0
Repeater8[0]<--->Repeater9[0]
REAL
    0.303985   -0.0047028 -6.41478e-05    0.0134783
  -0.0047028     0.189991   0.00379524  -0.00133641
-6.41478e-05   0.00379524     0.200185  -0.00136629
   0.0134783  -0.00133641  -0.00136629     0.305839
IMAGINARY
           0 -0.000786918  0.000897666  -0.00134321
 0.000786918            0    0.0111123 -0.000897666
-0.000897666   -0.0111123            0   -0.0159384
  0.00134321  0.000897666    0.0159384            0
Repeater9[0]<--->Repeater8[0]
REAL
    0.303985 -6.41478e-05   -0.0047028    0.0134783
-6.41478e-05     0.200185   0.00379524  -0.00136629
  -0.0047028   0.00379524     0.189991  -0.00133641
   0.0134783  -0.00136629  -0.00133641     0.305839
IMAGINARY
           0  0.000897666 -0.000786918  -0.00134321
-0.000897666            0   -0.0111123   -0.0159384
 0.000786918    0.0111123            0 -0.000897666
  0.00134321    0.0159384  0.000897666            0
Repeater9[0]<--->HoM5[0]
REAL
   0.300437 -0.00824187 -0.00675807 -0.00429184
-0.00824187    0.199127 -0.00337272 -0.00631677
-0.00675807 -0.00337272     0.19476   0.0231201
-0.00429184 -0.00631677   0.0231201    0.305677
IMAGINARY
          0 -0.00317466  0.00229358 -0.00431476
 0.00317466           0  -0.0149531 -0.00229358
-0.00229358   0.0149531           0  0.00593202
 0.00431476  0.00229358 -0.00593202           0
Repeater10[0]<--->HoM5[0]
REAL
   0.300437 -0.00675807 -0.00824187 -0.00429184
-0.00675807     0.19476 -0.00337272   0.0231201
-0.00824187 -0.00337272    0.199127 -0.00631677
