EndNode1[0]<--->Repeater1[0]
REAL
    0.431201  -0.00111253   0.00269929     0.407199
 -0.00111253    0.0683611    0.0470662  -0.00401856
  0.00269929    0.0470662    0.0753725 -0.000206732
    0.407199  -0.00401856 -0.000206732     0.425066
IMAGINARY
          0   0.0124414  -0.0112507 -0.00356843
 -0.0124414           0  0.00356843 -0.00540011
  0.0112507 -0.00356843           0   0.0146756
 0.00356843  0.00540011  -0.0146756           0
EndNode2[0]<--->HoM6[0]
REAL
   0.457568  0.00919078 -0.00122596    0.459132
 0.00919078   0.0384952   0.0249948  0.00916247
-0.00122596   0.0249948   0.0253718 -0.00125427
   0.459132  0.00916247 -0.00125427    0.478565
IMAGINARY
           0  -0.00691364  0.000954778    0.0106785
  0.00691364            0    0.0158331   0.00461108
-0.000954778   -0.0158331            0  -0.00329045
  -0.0106785  -0.00461108   0.00329045            0
Repeater1[0]<--->EndNode1[0]
REAL
    0.431201   0.00269929  -0.00111253     0.407199
  0.00269929    0.0753725    0.0470662 -0.000206732
 -0.00111253    0.0470662    0.0683611  -0.00401856
    0.407199 -0.000206732  -0.00401856     0.425066
IMAGINARY
          0  -0.0112507   0.0124414 -0.00356843
  0.0112507           0 -0.00356843   0.0146756
 -0.0124414  0.00356843           0 -0.00540011
 0.00356843  -0.0146756  0.00540011           0
Repeater1[0]<--->HoM1[0]
REAL
   0.438581 -0.00508885  -0.0222516    0.405458
-0.00508885   0.0673339   0.0515043   0.0125469
 -0.0222516   0.0515043   0.0809827 -0.00377191
   0.405458   0.0125469 -0.00377191    0.413103
IMAGINARY
           0   -0.0156657     0.020177   0.00204064
   0.0156657            0 -0.000716717    0.0109858
   -0.020177  0.000716717            0  -0.00340409
 -0.00204064   -0.0109858   0.00340409            0
Repeater2[0]<--->HoM1[0]
REAL
   0.438581  -0.0222516 -0.00508885    0.405458
 -0.0222516   0.0809827   0.0515043 -0.00377191
-0.00508885   0.0515043   0.0673339   0.0125469
   0.405458 -0.00377191   0.0125469    0.413103
IMAGINARY
           0     0.020177   -0.0156657   0.00204064
   -0.020177            0  0.000716717  -0.00340409
   0.0156657 -0.000716717            0    0.0109858
 -0.00204064   0.00340409   -0.0109858            0
Repeater2[0]<--->Repeater3[0]
REAL
   0.324532  0.00490594 -0.00262872    0.247853
 0.00490594    0.173765   0.0523252  -0.0138744
-0.00262872   0.0523252    0.158433  0.00535276
   0.247853  -0.0138744  0.00535276    0.343271
IMAGINARY
          0  -0.0130948  -0.0152619   0.0124384
  0.0130948           0  0.00230947 -0.00995217
  0.0152619 -0.00230947           0   0.0192793
 -0.0124384  0.00995217  -0.0192793           0
Repeater3[0]<--->Repeater2[0]
REAL
   0.324532 -0.00262872  0.00490594    0.247853
-0.00262872    0.158433   0.0523252  0.00535276
 0.00490594   0.0523252    0.173765  -0.0138744
   0.247853  0.00535276  -0.0138744    0.343271
IMAGINARY
          0  -0.0152619  -0.0130948   0.0124384
  0.0152619           0 -0.00230947   0.0192793
  0.0130948  0.00230947           0 -0.00995217
 -0.0124384  -0.0192793  0.00995217           0
Repeater3[0]<--->HoM2[0]
REAL
   0.317073  0.00706704  -0.0126419    0.265927
 0.00706704    0.157598   0.0647465  -0.0112942
 -0.0126419   0.0647465    0.163227 -0.00884009
   0.265927  -0.0112942 -0.00884009    0.362101
IMAGINARY
           0  -0.00460495  0.000612145 -6.05745e-05
  0.00460495            0  -0.00269678   -0.0083324
-0.000612145   0.00269678            0   0.00415081
 6.05745e-05    0.0083324  -0.00415081            0
Repeater4[0]<--->HoM2[0]
REAL
   0.317073  -0.0126419  0.00706704    0.265927
 -0.0126419    0.163227   0.0647465 -0.00884009
 0.00706704   0.0647465    0.157598  -0.0112942
   0.265927 -0.00884009  -0.0112942    0.362101
IMAGINARY
           0  0.000612145  -0.00460495 -6.05745e-05
-0.000612145            0   0.00269678   0.00415081
  0.00460495  -0.00269678            0   -0.0083324
 6.05745e-05  -0.00415081    0.0083324            0
Repeater4[0]<--->Repeater5[0]
REAL
   0.303931 -0.00333327 -0.00390984    0.139857
-0.00333327     0.19559   0.0648351 -0.00390984
-0.00390984   0.0648351    0.197507   0.0148328
   0.139857 -0.00390984   0.0148328    0.302972
IMAGINARY
           0  -0.00109532  -0.00957549    0.0105149
  0.00109532            0   0.00864571   0.00393802
  0.00957549  -0.00864571            0 -0.000205637
  -0.0105149  -0.00393802  0.000205637            0
Repeater5[0]<--->Repeater4[0]
REAL
   0.303931 -0.00390984 -0.00333327    0.139857
-0.00390984    0.197507   0.0648351   0.0148328
-0.00333327   0.0648351     0.19559 -0.00390984
   0.139857   0.0148328 -0.00390984    0.302972
IMAGINARY
           0  -0.00957549  -0.00109532    0.0105149
  0.00957549            0  -0.00864571 -0.000205637
  0.00109532   0.00864571            0   0.00393802
  -0.0105149  0.000205637  -0.00393802            0
Repeater5[0]<--->HoM3[0]
REAL
   0.321796  0.00285443 -0.00559815    0.137872
 0.00285443    0.184284   0.0651691   0.0118593
-0.00559815   0.0651691    0.189897  -0.0162712
   0.137872   0.0118593  -0.0162712    0.304022
IMAGINARY
           0  0.000765711    0.0102681    0.0262665
-0.000765711            0   -0.0054139    0.0115874
  -0.0102681    0.0054139            0   -0.0145927
  -0.0262665   -0.0115874    0.0145927            0
Repeater6[0]<--->HoM3[0]
REAL
   0.321796 -0.00559815  0.00285443    0.137872
-0.00559815    0.189897   0.0651691  -0.0162712
 0.00285443   0.0651691    0.184284   0.0118593
   0.137872  -0.0162712   0.0118593    0.304022
IMAGINARY
           0    0.0102681  0.000765711    0.0262665
  -0.0102681            0    0.0054139   -0.0145927
-0.000765711   -0.0054139            0    0.0115874
  -0.0262665    0.0145927   -0.0115874            0
Repeater6[0]<--->Repeater7[0]
REAL
    0.274775 -0.000445633    0.0223583    0.0755525
-0.000445633     0.230631    0.0180304  -0.00631553
   0.0223583    0.0180304     0.235135   -0.0013369
   0.0755525  -0.00631553   -0.0013369     0.259459
IMAGINARY
          0  0.00621827   0.0027428   0.0198948
-0.00621827           0 -0.00760746   0.0158413
 -0.0027428  0.00760746           0 -0.00710322
 -0.0198948  -0.0158413  0.00710322           0
Repeater7[0]<--->Repeater6[0]
REAL
    0.274775    0.0223583 -0.000445633    0.0755525
   0.0223583     0.235135    0.0180304   -0.0013369
-0.000445633    0.0180304     0.230631  -0.00631553
   0.0755525   -0.0013369  -0.00631553     0.259459
IMAGINARY
          0   0.0027428  0.00621827   0.0198948
 -0.0027428           0  0.00760746 -0.00710322
-0.00621827 -0.00760746           0   0.0158413
 -0.0198948  0.00710322  -0.0158413           0
Repeater7[0]<--->HoM4[0]
REAL
   0.263628 -0.00855816 -0.00776054   0.0983334
-0.00855816    0.233244   0.0539963  0.00596842
-0.00776054   0.0539963    0.242181 -0.00219453
  0.0983334  0.00596842 -0.00219453    0.260947
IMAGINARY
           0  -0.00217953   -0.0119317    0.0131222
  0.00217953            0   0.00512597  0.000957175
   0.0119317  -0.00512597            0  -0.00352723
  -0.0131222 -0.000957175   0.00352723            0
Repeater8[0]<--->HoM4[0]
REAL
   0.263628 -0.00776054 -0.00855816   0.0983334
-0.00776054    0.242181   0.0539963 -0.00219453
-0.00855816   0.0539963    0.233244  0.00596842
  0.0983334 -0.00219453  0.00596842    0.260947
IMAGINARY
           0   -0.0119317  -0.00217953    0.0131222
   0.0119317            0  -0.00512597  -0.00352723
  0.00217953   0.00512597            0  0.000957175
  -0.0131222   0.00352723 -0.000957175            0
Repeater8[0]<--->Repeater9[0]
REAL
   0.261674 -0.00813491  -0.0111683    0.027531
-0.00813491    0.245815   0.0204488  0.00864303
 -0.0111683   0.0204488    0.243172  0.00981841
   0.027531  0.00864303  0.00981841    0.249339
IMAGINARY
          0 -0.00288962   -0.011418 -0.00113119
 0.00288962           0   0.0110411 -0.00605129
   0.011418  -0.0110411           0 -0.00985826
 0.00113119  0.00605129  0.00985826           0
Repeater9[0]<--->Repeater8[0]
REAL
   0.261674  -0.0111683 -0.00813491    0.027531
 -0.0111683    0.243172   0.0204488  0.00981841
-0.00813491   0.0204488    0.245815  0.00864303
   0.027531  0.00981841  0.00864303    0.249339
IMAGINARY
          0   -0.011418 -0.00288962 -0.00113119
   0.011418           0  -0.0110411 -0.00985826
 0.00288962   0.0110411           0 -0.00605129
 0.00113119  0.00985826  0.00605129           0
Repeater9[0]<--->HoM5[0]
REAL
   0.261691   0.0106952 -0.00470194   0.0599467
  0.0106952    0.234712   0.0113545 -0.00331945
-0.00470194   0.0113545    0.244604   0.0106952
  0.0599467 -0.00331945   0.0106952    0.258993
IMAGINARY
          0  -0.0166944 -0.00328117 -0.00232447
  0.0166944           0  0.00629622  0.00282703
 0.00328117 -0.00629622           0  -0.0110076
 0.00232447 -0.00282703   0.0110076           0
Repeater10[0]<--->HoM5[0]
REAL
   0.261691 -0.00470194   0.0106952   0.0599467
-0.00470194    0.244604   0.0113545   0.0106952
  0.0106952   0.0113545    0.234712 -0.00331945
  0.0599467   0.0106952 -0.00331945    0.258993
IMAGINARY
          0 -0.00328117  -0.0166944 -0.00232447
 0.00328117           0 -0.00629622  -0.0110076
  0.0166944  0.00629622           0  0.00282703
 0.00232447   0.0110076 -0.00282703           0
Repeater10[0]<--->Repeater11[0]
REAL
   0.467757  0.00642111 -0.00156101    0.461628
 0.00642111   0.0435967   0.0292564   0.0020168
-0.00156101   0.0292564   0.0390554 -0.00778848
   0.461628   0.0020168 -0.00778848    0.449591
IMAGINARY
          0 -0.00173126 -0.00860951 -0.00937305
 0.00173126           0  -0.0147398 -0.00176019
 0.00860951   0.0147398           0  0.00398554
 0.00937305  0.00176019 -0.00398554           0
Repeater11[0]<--->Repeater10[0]
REAL
   0.467757 -0.00156101  0.00642111    0.461628
-0.00156101   0.0390554   0.0292564 -0.00778848
 0.00642111   0.0292564   0.0435967   0.0020168
   0.461628 -0.00778848   0.0020168    0.449591
IMAGINARY
          0 -0.00860951 -0.00173126 -0.00937305
 0.00860951           0   0.0147398  0.00398554
 0.00173126  -0.0147398           0 -0.00176019
 0.00937305 -0.00398554  0.00176019           0
Repeater11[0]<--->HoM6[0]
REAL
   0.457568 -0.00122596  0.00919078    0.459132
-0.00122596   0.0253718   0.0249948 -0.00125427
 0.00919078   0.0249948   0.0384952  0.00916247
   0.459132 -0.00125427  0.00916247    0.478565
IMAGINARY
           0  0.000954778  -0.00691364    0.0106785
-0.000954778            0   -0.0158331  -0.00329045
  0.00691364    0.0158331            0   0.00461108
  -0.0106785   0.00329045  -0.00461108            0
EndNode1[0]<--->Repeater1[0]
REAL
   0.446396   0.0161589   0.0196166    0.386542
  0.0161589   0.0711645   0.0536368 -0.00979517
  0.0196166   0.0536368   0.0767098  0.00526964
   0.386542 -0.00979517  0.00526964     0.40573
IMAGINARY
          0  -0.0171391  0.00153948 -0.00415818
  0.0171391           0 -0.00234659 -0.00796622
-0.00153948  0.00234659           0   0.0021434
 0.00415818  0.00796622  -0.0021434           0
EndNode2[0]<--->HoM6[0]
REAL
   0.478984  -0.0107008   -0.016794    0.463985
 -0.0107008    0.025394   0.0231351 -0.00390514
  -0.016794   0.0231351   0.0262697 -0.00815844
   0.463985 -0.00390514 -0.00815844    0.469352
IMAGINARY
           0   0.00885905  -0.00150835   -0.0194798
 -0.00885905            0  -0.00572645  -0.00865801
  0.00150835   0.00572645            0 -0.000541125
   0.0194798   0.00865801  0.000541125            0
Repeater1[0]<--->EndNode1[0]
REAL
   0.446396   0.0196166   0.0161589    0.386542
  0.0196166   0.0767098   0.0536368  0.00526964
  0.0161589   0.0536368   0.0711645 -0.00979517
   0.386542  0.00526964 -0.00979517     0.40573
IMAGINARY
          0  0.00153948  -0.0171391 -0.00415818
-0.00153948           0  0.00234659   0.0021434
  0.0171391 -0.00234659           0 -0.00796622
 0.00415818  -0.0021434  0.00796622           0
Repeater1[0]<--->HoM1[0]
REAL
  0.439759  0.0114564  0.0261607   0.396815
 0.0114564  0.0765921  0.0494216 0.00430523
 0.0261607  0.0494216  0.0748709  0.0279701
  0.396815 0.00430523  0.0279701   0.408778
IMAGINARY
           0  -0.00781305 -4.30465e-05   -0.0200949
  0.00781305            0   0.00318253  -0.00137875
 4.30465e-05  -0.00318253            0    0.0120785
   0.0200949   0.00137875   -0.0120785            0
Repeater2[0]<--->HoM1[0]
REAL
  0.439759  0.0261607  0.0114564   0.396815
 0.0261607  0.0748709  0.0494216  0.0279701
 0.0114564  0.0494216  0.0765921 0.00430523
  0.396815  0.0279701 0.00430523   0.408778
IMAGINARY
           0 -4.30465e-05  -0.00781305   -0.0200949
 4.30465e-05            0  -0.00318253    0.0120785
  0.00781305   0.00318253            0  -0.00137875
   0.0200949   -0.0120785   0.00137875            0
Repeater2[0]<--->Repeater3[0]
REAL
   0.350045  -0.0118096 -0.00467564    0.253078
 -0.0118096    0.169203   0.0607706 -0.00251861
-0.00467564   0.0607706     0.13966   0.0127088
   0.253078 -0.00251861   0.0127088    0.341092
IMAGINARY
          0 -0.00714886  -0.0052761  -0.0131346
 0.00714886           0  0.00302426    0.015595
  0.0052761 -0.00302426           0 -0.00317008
  0.0131346   -0.015595  0.00317008           0
Repeater3[0]<--->Repeater2[0]
REAL
   0.350045 -0.00467564  -0.0118096    0.253078
-0.00467564     0.13966   0.0607706   0.0127088
 -0.0118096   0.0607706    0.169203 -0.00251861
   0.253078   0.0127088 -0.00251861    0.341092
IMAGINARY
          0  -0.0052761 -0.00714886  -0.0131346
  0.0052761           0 -0.00302426 -0.00317008
 0.00714886  0.00302426           0    0.015595
  0.0131346  0.00317008   -0.015595           0
Repeater3[0]<--->HoM2[0]
REAL
    0.357346   0.00260025   -0.0015655     0.255684
  0.00260025     0.158294    0.0675305 -0.000220211
  -0.0015655    0.0675305     0.133649  -0.00617168
    0.255684 -0.000220211  -0.00617168     0.350711
IMAGINARY
          0  0.00938171  -0.0014327  -0.0150407
-0.00938171           0  -0.0260734 -0.00989134
  0.0014327   0.0260734           0   0.0228483
  0.0150407  0.00989134  -0.0228483           0
Repeater4[0]<--->HoM2[0]
REAL
    0.357346   -0.0015655   0.00260025     0.255684
  -0.0015655     0.133649    0.0675305  -0.00617168
  0.00260025    0.0675305     0.158294 -0.000220211
    0.255684  -0.00617168 -0.000220211     0.350711
IMAGINARY
          0  -0.0014327  0.00938171  -0.0150407
  0.0014327           0   0.0260734   0.0228483
-0.00938171  -0.0260734           0 -0.00989134
  0.0150407  -0.0228483  0.00989134           0
Repeater4[0]<--->Repeater5[0]
REAL
  0.287175 0.00431968 0.00252062   0.152741
0.00431968   0.212825  0.0548667 0.00252062
0.00252062  0.0548667   0.209108  0.0291359
  0.152741 0.00252062  0.0291359   0.290892
IMAGINARY
           0    0.0172762   0.00132783   0.00470572
  -0.0172762            0   -0.0244946  0.000886521
 -0.00132783    0.0244946            0     0.012396
 -0.00470572 -0.000886521    -0.012396            0
Repeater5[0]<--->Repeater4[0]
REAL
  0.287175 0.00252062 0.00431968   0.152741
0.00252062   0.209108  0.0548667  0.0291359
0.00431968  0.0548667   0.212825 0.00252062
  0.152741  0.0291359 0.00252062   0.290892
IMAGINARY
           0   0.00132783    0.0172762   0.00470572
 -0.00132783            0    0.0244946     0.012396
  -0.0172762   -0.0244946            0  0.000886521
 -0.00470572    -0.012396 -0.000886521            0
Repeater5[0]<--->HoM3[0]
REAL
  0.294275 0.00950603  0.0104159   0.158247
0.00950603   0.220036  0.0763156  0.0250679
 0.0104159  0.0763156   0.202147 -0.0090452
  0.158247  0.0250679 -0.0090452   0.283542
IMAGINARY
          0 -0.00176716   0.0207808 -0.00634606
 0.00176716           0  0.00910849  -0.0176807
 -0.0207808 -0.00910849           0 -0.00664737
 0.00634606   0.0176807  0.00664737           0
Repeater6[0]<--->HoM3[0]
REAL
  0.294275  0.0104159 0.00950603   0.158247
 0.0104159   0.202147  0.0763156 -0.0090452
0.00950603  0.0763156   0.220036  0.0250679
  0.158247 -0.0090452  0.0250679   0.283542
IMAGINARY
          0   0.0207808 -0.00176716 -0.00634606
 -0.0207808           0 -0.00910849 -0.00664737
 0.00176716  0.00910849           0  -0.0176807
 0.00634606  0.00664737   0.0176807           0
Repeater6[0]<--->Repeater7[0]
REAL
       0.25   0.0426479 0.000467998   0.0797894
  0.0426479    0.223783   0.0348404  0.00354627
0.000467998   0.0348404      0.2397  -0.0190083
  0.0797894  0.00354627  -0.0190083    0.286517
IMAGINARY
          0  0.00690347   0.0219365   0.0131784
-0.00690347           0  -0.0199781  0.00262324
 -0.0219365   0.0199781           0  -0.0101472
 -0.0131784 -0.00262324   0.0101472           0
Repeater7[0]<--->Repeater6[0]
REAL
       0.25 0.000467998   0.0426479   0.0797894
0.000467998      0.2397   0.0348404  -0.0190083
  0.0426479   0.0348404    0.223783  0.00354627
  0.0797894  -0.0190083  0.00354627    0.286517
IMAGINARY
          0   0.0219365  0.00690347   0.0131784
 -0.0219365           0   0.0199781  -0.0101472
-0.00690347  -0.0199781           0  0.00262324
 -0.0131784   0.0101472 -0.00262324           0
Repeater7[0]<--->HoM4[0]
REAL
   0.271681  0.00222915   0.0192725   0.0835434
 0.00222915    0.207965   0.0326959  0.00978737
  0.0192725   0.0326959    0.253982 -0.00137445
  0.0835434  0.00978737 -0.00137445    0.266372
IMAGINARY
           0  -0.00226742   0.00421774 -0.000910738
  0.00226742            0   0.00182649   0.00331521
 -0.00421774  -0.00182649            0   -0.0231563
 0.000910738  -0.00331521    0.0231563            0
Repeater8[0]<--->HoM4[0]
REAL
   0.271681   0.0192725  0.00222915   0.0835434
  0.0192725    0.253982   0.0326959 -0.00137445
 0.00222915   0.0326959    0.207965  0.00978737
  0.0835434 -0.00137445  0.00978737    0.266372
IMAGINARY
           0   0.00421774  -0.00226742 -0.000910738
 -0.00421774            0  -0.00182649   -0.0231563
  0.00226742   0.00182649            0   0.00331521
 0.000910738    0.0231563  -0.00331521            0
Repeater8[0]<--->Repeater9[0]
REAL
   0.276014  0.00195345 -0.00541144   0.0550004
 0.00195345    0.237213   0.0264156 0.000101706
-0.00541144   0.0264156    0.244268  0.00601116
  0.0550004 0.000101706  0.00601116    0.242504
IMAGINARY
           0   -0.0159888    0.0251631   0.00760927
   0.0159888            0   -0.0121797  -0.00313876
  -0.0251631    0.0121797            0  0.000524922
 -0.00760927   0.00313876 -0.000524922            0
Repeater9[0]<--->Repeater8[0]
REAL
   0.276014 -0.00541144  0.00195345   0.0550004
-0.00541144    0.244268   0.0264156  0.00601116
 0.00195345   0.0264156    0.237213 0.000101706
  0.0550004  0.00601116 0.000101706    0.242504
IMAGINARY
           0    0.0251631   -0.0159888   0.00760927
  -0.0251631            0    0.0121797  0.000524922
   0.0159888   -0.0121797            0  -0.00313876
 -0.00760927 -0.000524922   0.00313876            0
Repeater9[0]<--->HoM5[0]
REAL
    0.25204 -0.00285573 -0.00713363   0.0252779
-0.00285573    0.233908   0.0109666  -0.0142638
-0.00713363   0.0109666     0.24388  0.00154568
  0.0252779  -0.0142638  0.00154568    0.270172
IMAGINARY
          0 -0.00294784    0.014641  -0.0076479
 0.00294784           0  -0.0184782   0.0112981
  -0.014641   0.0184782           0   0.0101035
  0.0076479  -0.0112981  -0.0101035           0
Repeater10[0]<--->HoM5[0]
REAL
    0.25204 -0.00713363 -0.00285573   0.0252779
-0.00713363     0.24388   0.0109666  0.00154568
-0.00285573   0.0109666    0.233908  -0.0142638
  0.0252779  0.00154568  -0.0142638    0.270172
IMAGINARY
          0    0.014641 -0.00294784  -0.0076479
  -0.014641           0   0.0184782   0.0101035
 0.00294784  -0.0184782           0   0.0112981
  0.0076479  -0.0101035  -0.0112981           0
Repeater10[0]<--->Repeater11[0]
REAL
    0.493885 -0.000541175  -0.00339514     0.451656
-0.000541175     0.028222    0.0278812    0.0265268
 -0.00339514    0.0278812    0.0338664    0.0281212
    0.451656    0.0265268    0.0281212     0.444026
IMAGINARY
          0   0.0055202 -0.00370074  0.00966851
 -0.0055202           0 -0.00966851  0.00188586
 0.00370074  0.00966851           0 -0.00189044
-0.00966851 -0.00188586  0.00189044           0
Repeater11[0]<--->Repeater10[0]
REAL
    0.493885  -0.00339514 -0.000541175     0.451656
 -0.00339514    0.0338664    0.0278812    0.0281212
-0.000541175    0.0278812     0.028222    0.0265268
    0.451656    0.0281212    0.0265268     0.444026
IMAGINARY
          0 -0.00370074   0.0055202  0.00966851
 0.00370074           0  0.00966851 -0.00189044
 -0.0055202 -0.00966851           0  0.00188586
-0.00966851  0.00189044 -0.00188586           0
Repeater11[0]<--->HoM6[0]
REAL
   0.478984   -0.016794  -0.0107008    0.463985
  -0.016794   0.0262697   0.0231351 -0.00815844
 -0.0107008   0.0231351    0.025394 -0.00390514
   0.463985 -0.00815844 -0.00390514    0.469352
IMAGINARY
           0  -0.00150835   0.00885905   -0.0194798
  0.00150835            0   0.00572645 -0.000541125
 -0.00885905  -0.00572645            0  -0.00865801
   0.0194798  0.000541125   0.00865801            0
