EndNode1[0]<--->Repeater1[0]
REAL
   0.412581 -0.00650583  0.00755673    0.334762
-0.00650583    0.079556  0.00954433   0.0137956
 0.00755673  0.00954433    0.101758  0.00739551
   0.334762   0.0137956  0.00739551    0.406105
IMAGINARY
          0  -0.0100331  0.00946566   0.0151449
  0.0100331           0  0.00601909   0.0166213
-0.00946566 -0.00601909           0  -0.0221408
 -0.0151449  -0.0166213   0.0221408           0
EndNode2[0]<--->HoM6[0]
REAL
   0.468213 0.000899537  0.00503479    0.392587
0.000899537   0.0446735   0.0035977  -0.0108023
 0.00503479   0.0035977     0.04811  -0.0128782
   0.392587  -0.0108023  -0.0128782    0.439003
IMAGINARY
          0  -0.0019749 -0.00252853  0.00538327
  0.0019749           0  0.00632845  -0.0119119
 0.00252853 -0.00632845           0   0.0137078
-0.00538327   0.0119119  -0.0137078           0
Repeater1[0]<--->EndNode1[0]
REAL
   0.412581  0.00755673 -0.00650583    0.334762
 0.00755673    0.101758  0.00954433  0.00739551
-0.00650583  0.00954433    0.079556   0.0137956
   0.334762  0.00739551   0.0137956    0.406105
IMAGINARY
          0  0.00946566  -0.0100331   0.0151449
-0.00946566           0 -0.00601909  -0.0221408
  0.0100331  0.00601909           0   0.0166213
 -0.0151449   0.0221408  -0.0166213           0
Repeater1[0]<--->HoM1[0]
REAL
   0.405719 -0.00200692  0.00743216     0.32871
-0.00200692   0.0902592 -0.00243481 -0.00959293
 0.00743216 -0.00243481   0.0822163 0.000710467
    0.32871 -0.00959293 0.000710467    0.421805
IMAGINARY
          0   0.0216654 -0.00442276    0.014145
 -0.0216654           0  -0.0256698  -0.0171532
 0.00442276   0.0256698           0  0.00929144
  -0.014145   0.0171532 -0.00929144           0
Repeater2[0]<--->HoM1[0]
REAL
   0.405719  0.00743216 -0.00200692     0.32871
 0.00743216   0.0822163 -0.00243481 0.000710467
-0.00200692 -0.00243481   0.0902592 -0.00959293
    0.32871 0.000710467 -0.00959293    0.421805
IMAGINARY
          0 -0.00442276   0.0216654    0.014145
 0.00442276           0   0.0256698  0.00929144
 -0.0216654  -0.0256698           0  -0.0171532
  -0.014145 -0.00929144   0.0171532           0
Repeater2[0]<--->Repeater3[0]
REAL
    0.35223 -0.00796046  -0.0130996    0.206828
-0.00796046    0.133829 -0.00629371 -0.00116069
 -0.0130996 -0.00629371    0.151487  0.00439539
   0.206828 -0.00116069  0.00439539    0.362454
IMAGINARY
           0  0.000347006   0.00231112  -0.00539652
-0.000347006            0    0.0107922  -0.00457356
 -0.00231112   -0.0107922            0    0.0100602
  0.00539652   0.00457356   -0.0100602            0
Repeater3[0]<--->Repeater2[0]
REAL
    0.35223  -0.0130996 -0.00796046    0.206828
 -0.0130996    0.151487 -0.00629371  0.00439539
-0.00796046 -0.00629371    0.133829 -0.00116069
   0.206828  0.00439539 -0.00116069    0.362454
IMAGINARY
           0   0.00231112  0.000347006  -0.00539652
 -0.00231112            0   -0.0107922    0.0100602
-0.000347006    0.0107922            0  -0.00457356
  0.00539652   -0.0100602   0.00457356            0
Repeater3[0]<--->HoM2[0]
REAL
    0.335371  -0.00125055 -0.000483966     0.219635
 -0.00125055     0.170306    0.0107524    0.0117554
-0.000483966    0.0107524     0.151965   0.00440654
    0.219635    0.0117554   0.00440654     0.342358
IMAGINARY
          0   0.0178007  0.00108659  0.00581885
 -0.0178007           0 -0.00485731   0.0107868
-0.00108659  0.00485731           0   0.0116628
-0.00581885  -0.0107868  -0.0116628           0
Repeater4[0]<--->HoM2[0]
REAL
    0.335371 -0.000483966  -0.00125055     0.219635
-0.000483966     0.151965    0.0107524   0.00440654
 -0.00125055    0.0107524     0.170306    0.0117554
    0.219635   0.00440654    0.0117554     0.342358
IMAGINARY
          0  0.00108659   0.0178007  0.00581885
-0.00108659           0  0.00485731   0.0116628
 -0.0178007 -0.00485731           0   0.0107868
-0.00581885  -0.0116628  -0.0107868           0
Repeater4[0]<--->Repeater5[0]
REAL
   0.315789 0.000811833  0.00499733    0.123655
0.000811833    0.190901 -0.00633635   0.0154868
 0.00499733 -0.00633635    0.172168 -0.00360513
   0.123655   0.0154868 -0.00360513    0.321142
IMAGINARY
           0  -0.00659073   -0.0137779   0.00897953
  0.00659073            0    0.0122971 -0.000862755
   0.0137779   -0.0122971            0    0.0114709
 -0.00897953  0.000862755   -0.0114709            0
Repeater5[0]<--->Repeater4[0]
REAL
   0.315789  0.00499733 0.000811833    0.123655
 0.00499733    0.172168 -0.00633635 -0.00360513
0.000811833 -0.00633635    0.190901   0.0154868
   0.123655 -0.00360513   0.0154868    0.321142
IMAGINARY
           0   -0.0137779  -0.00659073   0.00897953
   0.0137779            0   -0.0122971    0.0114709
  0.00659073    0.0122971            0 -0.000862755
 -0.00897953   -0.0114709  0.000862755            0
Repeater5[0]<--->HoM3[0]
REAL
        0.32    0.0124931 -0.000184849     0.134578
   0.0124931     0.187556    0.0015502   0.00320991
-0.000184849    0.0015502     0.174222   -0.0172467
    0.134578   0.00320991   -0.0172467     0.318222
IMAGINARY
           0   -0.0184186   0.00548694  0.000885971
   0.0184186            0   -0.0125339   -0.0137438
 -0.00548694    0.0125339            0  -0.00451722
-0.000885971    0.0137438   0.00451722            0
Repeater6[0]<--->HoM3[0]
REAL
        0.32 -0.000184849    0.0124931     0.134578
-0.000184849     0.174222    0.0015502   -0.0172467
   0.0124931    0.0015502     0.187556   0.00320991
    0.134578   -0.0172467   0.00320991     0.318222
IMAGINARY
           0   0.00548694   -0.0184186  0.000885971
 -0.00548694            0    0.0125339  -0.00451722
   0.0184186   -0.0125339            0   -0.0137438
-0.000885971   0.00451722    0.0137438            0
Repeater6[0]<--->Repeater7[0]
REAL
   0.300731 -0.00780647    -0.02296   0.0813743
-0.00780647    0.195612  0.00994575  -0.0141105
   -0.02296  0.00994575    0.207495  0.00147735
  0.0813743  -0.0141105  0.00147735    0.296161
IMAGINARY
          0  0.00263657   0.0105198    0.010984
-0.00263657           0   0.0154245   0.0114223
 -0.0105198  -0.0154245           0  0.00810105
  -0.010984  -0.0114223 -0.00810105           0
Repeater7[0]<--->Repeater6[0]
REAL
   0.300731    -0.02296 -0.00780647   0.0813743
   -0.02296    0.207495  0.00994575  0.00147735
-0.00780647  0.00994575    0.195612  -0.0141105
  0.0813743  0.00147735  -0.0141105    0.296161
IMAGINARY
          0   0.0105198  0.00263657    0.010984
 -0.0105198           0  -0.0154245  0.00810105
-0.00263657   0.0154245           0   0.0114223
  -0.010984 -0.00810105  -0.0114223           0
Repeater7[0]<--->HoM4[0]
REAL
   0.291139 -0.00838048   0.0144212   0.0843736
-0.00838048    0.218807   0.0169275  0.00881296
  0.0144212   0.0169275    0.189873    0.004663
  0.0843736  0.00881296    0.004663    0.300181
IMAGINARY
           0  -0.00256442  -0.00552803   -0.0304467
  0.00256442            0   0.00257215  0.000132347
  0.00552803  -0.00257215            0   -0.0145219
   0.0304467 -0.000132347    0.0145219            0
Repeater8[0]<--->HoM4[0]
REAL
   0.291139   0.0144212 -0.00838048   0.0843736
  0.0144212    0.189873   0.0169275    0.004663
-0.00838048   0.0169275    0.218807  0.00881296
  0.0843736    0.004663  0.00881296    0.300181
IMAGINARY
           0  -0.00552803  -0.00256442   -0.0304467
  0.00552803            0  -0.00257215   -0.0145219
  0.00256442   0.00257215            0  0.000132347
   0.0304467    0.0145219 -0.000132347            0
Repeater8[0]<--->Repeater9[0]
REAL
   0.272647 -0.00018135  -0.0117223   0.0559152
-0.00018135    0.217584  0.00314703  -0.0121731
 -0.0117223  0.00314703    0.220249 -0.00297465
  0.0559152  -0.0121731 -0.00297465     0.28952
IMAGINARY
           0  -0.00112643   0.00418122    0.0241601
  0.00112643            0  0.000862628   -0.0162919
 -0.00418122 -0.000862628            0   -0.0101192
  -0.0241601    0.0162919    0.0101192            0
Repeater9[0]<--->Repeater8[0]
REAL
   0.272647  -0.0117223 -0.00018135   0.0559152
 -0.0117223    0.220249  0.00314703 -0.00297465
-0.00018135  0.00314703    0.217584  -0.0121731
  0.0559152 -0.00297465  -0.0121731     0.28952
IMAGINARY
           0   0.00418122  -0.00112643    0.0241601
 -0.00418122            0 -0.000862628   -0.0101192
  0.00112643  0.000862628            0   -0.0162919
  -0.0241601    0.0101192    0.0162919            0
Repeater9[0]<--->HoM5[0]
REAL
   0.319456 -0.00218352  -0.0248077   0.0564765
-0.00218352     0.22175   0.0204124    0.010141
 -0.0248077   0.0204124    0.203059  -0.0124831
  0.0564765    0.010141  -0.0124831    0.255735
IMAGINARY
          0  0.00753659  0.00333462  -0.0126545
-0.00753659           0   0.0144434  -0.0189179
-0.00333462  -0.0144434           0  0.00893715
  0.0126545   0.0189179 -0.00893715           0
Repeater10[0]<--->HoM5[0]
REAL
   0.319456  -0.0248077 -0.00218352   0.0564765
 -0.0248077    0.203059   0.0204124  -0.0124831
-0.00218352   0.0204124     0.22175    0.010141
  0.0564765  -0.0124831    0.010141    0.255735
IMAGINARY
          0  0.00333462  0.00753659  -0.0126545
-0.00333462           0  -0.0144434  0.00893715
-0.00753659   0.0144434           0  -0.0189179
  0.0126545 -0.00893715   0.0189179           0
Repeater10[0]<--->Repeater11[0]
REAL
    0.43964  0.00357236  -0.0243121    0.402128
 0.00357236   0.0531532   0.0151321 -0.00237832
 -0.0243121   0.0151321   0.0486486   -0.024035
   0.402128 -0.00237832   -0.024035    0.458559
IMAGINARY
          0  -0.0211431  0.00890428  0.00215974
  0.0211431           0 -0.00547728   0.0211406
-0.00890428  0.00547728           0  -0.0124892
-0.00215974  -0.0211406   0.0124892           0
Repeater11[0]<--->Repeater10[0]
REAL
    0.43964  -0.0243121  0.00357236    0.402128
 -0.0243121   0.0486486   0.0151321   -0.024035
 0.00357236   0.0151321   0.0531532 -0.00237832
   0.402128   -0.024035 -0.00237832    0.458559
IMAGINARY
          0  0.00890428  -0.0211431  0.00215974
-0.00890428           0  0.00547728  -0.0124892
  0.0211431 -0.00547728           0   0.0211406
-0.00215974   0.0124892  -0.0211406           0
Repeater11[0]<--->HoM6[0]
REAL
   0.468213  0.00503479 0.000899537    0.392587
 0.00503479     0.04811   0.0035977  -0.0128782
0.000899537   0.0035977   0.0446735  -0.0108023
   0.392587  -0.0128782  -0.0108023    0.439003
IMAGINARY
          0 -0.00252853  -0.0019749  0.00538327
 0.00252853           0 -0.00632845   0.0137078
  0.0019749  0.00632845           0  -0.0119119
-0.00538327  -0.0137078   0.0119119           0
EndNode1[0]<--->Repeater1[0]
REAL
    0.401802 -0.000665104   0.00486138     0.312358
-0.000665104     0.103604    0.0105958   -0.0155375
  0.00486138    0.0105958     0.090991 -0.000224576
    0.312358   -0.0155375 -0.000224576     0.403604
IMAGINARY
          0 -0.00399911  -0.0164471  0.00536925
 0.00399911           0 -0.00952437 -0.00161457
  0.0164471  0.00952437           0  0.00884493
-0.00536925  0.00161457 -0.00884493           0
EndNode2[0]<--->HoM6[0]
REAL
    0.439791   -0.0165407 -0.000733264     0.399161
  -0.0165407     0.056719    0.0102725  -0.00492711
-0.000733264    0.0102725    0.0488656 -0.000440477
    0.399161  -0.00492711 -0.000440477     0.454625
IMAGINARY
          0 -0.00299047 -0.00196746 -0.00946049
 0.00299047           0   0.0129147  -0.0066143
 0.00196746  -0.0129147           0   0.0142823
 0.00946049   0.0066143  -0.0142823           0
Repeater1[0]<--->EndNode1[0]
REAL
    0.401802   0.00486138 -0.000665104     0.312358
  0.00486138     0.090991    0.0105958 -0.000224576
-0.000665104    0.0105958     0.103604   -0.0155375
    0.312358 -0.000224576   -0.0155375     0.403604
IMAGINARY
          0  -0.0164471 -0.00399911  0.00536925
  0.0164471           0  0.00952437  0.00884493
 0.00399911 -0.00952437           0 -0.00161457
-0.00536925 -0.00884493  0.00161457           0
Repeater1[0]<--->HoM1[0]
REAL
    0.409735 -0.000964202   0.00654185     0.320151
-0.000964202    0.0938053   0.00137826    0.0241475
  0.00654185   0.00137826    0.0858407    0.0174892
    0.320151    0.0241475    0.0174892     0.410619
IMAGINARY
           0   -0.0116648    0.0295567    0.0120628
   0.0116648            0 -4.79696e-05 -0.000746311
  -0.0295567  4.79696e-05            0   0.00422985
  -0.0120628  0.000746311  -0.00422985            0
Repeater2[0]<--->HoM1[0]
REAL
    0.409735   0.00654185 -0.000964202     0.320151
  0.00654185    0.0858407   0.00137826    0.0174892
-0.000964202   0.00137826    0.0938053    0.0241475
    0.320151    0.0174892    0.0241475     0.410619
IMAGINARY
           0    0.0295567   -0.0116648    0.0120628
  -0.0295567            0  4.79696e-05   0.00422985
   0.0116648 -4.79696e-05            0 -0.000746311
  -0.0120628  -0.00422985  0.000746311            0
Repeater2[0]<--->Repeater3[0]
REAL
   0.348155 -0.00401158  -0.0192553    0.218766
-0.00401158    0.137181 -0.00214432   0.0151681
 -0.0192553 -0.00214432    0.140965 -0.00734174
   0.218766   0.0151681 -0.00734174    0.373699
IMAGINARY
          0   0.0158829  -0.0150691  0.00859851
 -0.0158829           0  -0.0020022  -0.0168644
  0.0150691   0.0020022           0  0.00817662
-0.00859851   0.0168644 -0.00817662           0
Repeater3[0]<--->Repeater2[0]
REAL
   0.348155  -0.0192553 -0.00401158    0.218766
 -0.0192553    0.140965 -0.00214432 -0.00734174
-0.00401158 -0.00214432    0.137181   0.0151681
   0.218766 -0.00734174   0.0151681    0.373699
IMAGINARY
          0  -0.0150691   0.0158829  0.00859851
  0.0150691           0   0.0020022  0.00817662
 -0.0158829  -0.0020022           0  -0.0168644
-0.00859851 -0.00817662   0.0168644           0
Repeater3[0]<--->HoM2[0]
REAL
   0.327739 -0.00877204  -0.0132361    0.218374
-0.00877204    0.165194  0.00445209  -0.0202784
 -0.0132361  0.00445209    0.138693  -0.0156845
   0.218374  -0.0202784  -0.0156845    0.368375
IMAGINARY
           0   -0.0043166   0.00174117  -0.00318188
   0.0043166            0    0.0022826    0.0126901
 -0.00174117   -0.0022826            0 -0.000776778
  0.00318188   -0.0126901  0.000776778            0
Repeater4[0]<--->HoM2[0]
REAL
   0.327739  -0.0132361 -0.00877204    0.218374
 -0.0132361    0.138693  0.00445209  -0.0156845
-0.00877204  0.00445209    0.165194  -0.0202784
   0.218374  -0.0156845  -0.0202784    0.368375
IMAGINARY
           0   0.00174117   -0.0043166  -0.00318188
 -0.00174117            0   -0.0022826 -0.000776778
   0.0043166    0.0022826            0    0.0126901
  0.00318188  0.000776778   -0.0126901            0
Repeater4[0]<--->Repeater5[0]
REAL
  0.312044 0.00255172 0.00345796   0.139283
0.00255172   0.176095 -0.0161717  0.0103198
0.00345796 -0.0161717   0.175182 0.00944828
  0.139283  0.0103198 0.00944828   0.336679
IMAGINARY
           0    -0.013433    0.0122816   0.00427061
    0.013433            0   0.00660924  -0.00228155
  -0.0122816  -0.00660924            0  0.000705772
 -0.00427061   0.00228155 -0.000705772            0
Repeater5[0]<--->Repeater4[0]
REAL
  0.312044 0.00345796 0.00255172   0.139283
0.00345796   0.175182 -0.0161717 0.00944828
0.00255172 -0.0161717   0.176095  0.0103198
  0.139283 0.00944828  0.0103198   0.336679
IMAGINARY
           0    0.0122816    -0.013433   0.00427061
  -0.0122816            0  -0.00660924  0.000705772
    0.013433   0.00660924            0  -0.00228155
 -0.00427061 -0.000705772   0.00228155            0
Repeater5[0]<--->HoM3[0]
REAL
    0.327986   0.00472774   0.00161773     0.146024
  0.00472774      0.19697   -0.0116752    0.0136177
  0.00161773   -0.0116752     0.175579 -0.000572614
    0.146024    0.0136177 -0.000572614     0.299465
IMAGINARY
          0   0.0126292  0.00455652  -0.0143122
 -0.0126292           0 -0.00565226  -0.0101224
-0.00455652  0.00565226           0  0.00128543
  0.0143122   0.0101224 -0.00128543           0
Repeater6[0]<--->HoM3[0]
REAL
    0.327986   0.00161773   0.00472774     0.146024
  0.00161773     0.175579   -0.0116752 -0.000572614
  0.00472774   -0.0116752      0.19697    0.0136177
    0.146024 -0.000572614    0.0136177     0.299465
IMAGINARY
          0  0.00455652   0.0126292  -0.0143122
-0.00455652           0  0.00565226  0.00128543
 -0.0126292 -0.00565226           0  -0.0101224
  0.0143122 -0.00128543   0.0101224           0
Repeater6[0]<--->Repeater7[0]
REAL
    0.28897  0.00358681  -0.0141166   0.0989401
 0.00358681    0.217867 -0.00854464   0.0112917
 -0.0141166 -0.00854464     0.20237   0.0114791
  0.0989401   0.0112917   0.0114791    0.290793
IMAGINARY
          0  0.00834287  -0.0105565  0.00276516
-0.00834287           0 -0.00717433   0.0179542
  0.0105565  0.00717433           0   0.0164613
-0.00276516  -0.0179542  -0.0164613           0
Repeater7[0]<--->Repeater6[0]
REAL
    0.28897  -0.0141166  0.00358681   0.0989401
 -0.0141166     0.20237 -0.00854464   0.0114791
 0.00358681 -0.00854464    0.217867   0.0112917
  0.0989401   0.0114791   0.0112917    0.290793
IMAGINARY
          0  -0.0105565  0.00834287  0.00276516
  0.0105565           0  0.00717433   0.0164613
-0.00834287 -0.00717433           0   0.0179542
-0.00276516  -0.0164613  -0.0179542           0
Repeater7[0]<--->HoM4[0]
REAL
   0.266187 -0.00250041 -0.00605928   0.0875307
-0.00250041    0.228417  0.00602889   0.0151977
-0.00605928  0.00602889    0.214029  0.00380589
  0.0875307   0.0151977  0.00380589    0.291367
IMAGINARY
          0  0.00848899 -0.00846085 -0.00936856
-0.00848899           0  0.00892412   0.0130396
 0.00846085 -0.00892412           0 -0.00482598
 0.00936856  -0.0130396  0.00482598           0
Repeater8[0]<--->HoM4[0]
REAL
   0.266187 -0.00605928 -0.00250041   0.0875307
-0.00605928    0.214029  0.00602889  0.00380589
-0.00250041  0.00602889    0.228417   0.0151977
  0.0875307  0.00380589   0.0151977    0.291367
IMAGINARY
          0 -0.00846085  0.00848899 -0.00936856
 0.00846085           0 -0.00892412 -0.00482598
-0.00848899  0.00892412           0   0.0130396
 0.00936856  0.00482598  -0.0130396           0
Repeater8[0]<--->Repeater9[0]
REAL
   0.300699  0.00321141  -0.0134767    0.087907
 0.00321141    0.217657  0.00227161 -0.00795185
 -0.0134767  0.00227161     0.22465   0.0119672
   0.087907 -0.00795185   0.0119672    0.256993
IMAGINARY
          0  -0.0024498  -0.0134158    0.017027
  0.0024498           0 -0.00665725   0.0143367
  0.0134158  0.00665725           0  0.00152898
  -0.017027  -0.0143367 -0.00152898           0
Repeater9[0]<--->Repeater8[0]
REAL
   0.300699  -0.0134767  0.00321141    0.087907
 -0.0134767     0.22465  0.00227161   0.0119672
 0.00321141  0.00227161    0.217657 -0.00795185
   0.087907   0.0119672 -0.00795185    0.256993
IMAGINARY
          0  -0.0134158  -0.0024498    0.017027
  0.0134158           0  0.00665725  0.00152898
  0.0024498 -0.00665725           0   0.0143367
  -0.017027 -0.00152898  -0.0143367           0
Repeater9[0]<--->HoM5[0]
REAL
  0.276636  0.0119746 0.00556446  0.0713763
 0.0119746   0.225234 0.00817926 0.00643554
0.00556446 0.00817926   0.217757 0.00446988
 0.0713763 0.00643554 0.00446988   0.280374
IMAGINARY
          0  0.00244127  -0.0034115  0.00906311
-0.00244127           0  0.00686046  0.00805834
  0.0034115 -0.00686046           0   0.0114992
-0.00906311 -0.00805834  -0.0114992           0
Repeater10[0]<--->HoM5[0]
REAL
  0.276636 0.00556446  0.0119746  0.0713763
0.00556446   0.217757 0.00817926 0.00446988
 0.0119746 0.00817926   0.225234 0.00643554
 0.0713763 0.00446988 0.00643554   0.280374
IMAGINARY
          0  -0.0034115  0.00244127  0.00906311
  0.0034115           0 -0.00686046   0.0114992
-0.00244127  0.00686046           0  0.00805834
-0.00906311  -0.0114992 -0.00805834           0
Repeater10[0]<--->Repeater11[0]
REAL
    0.448485 -0.000782793  -0.00591453     0.395424
-0.000782793    0.0545455  -0.00762328     0.014374
 -0.00591453  -0.00762328    0.0424242    0.0128042
    0.395424     0.014374    0.0128042     0.454545
IMAGINARY
          0  -0.0139971  0.00581253  -0.0149627
  0.0139971           0   0.0140228   0.0075762
-0.00581253  -0.0140228           0 -0.00954865
  0.0149627  -0.0075762  0.00954865           0
Repeater11[0]<--->Repeater10[0]
REAL
    0.448485  -0.00591453 -0.000782793     0.395424
 -0.00591453    0.0424242  -0.00762328    0.0128042
-0.000782793  -0.00762328    0.0545455     0.014374
    0.395424    0.0128042     0.014374     0.454545
IMAGINARY
          0  0.00581253  -0.0139971  -0.0149627
-0.00581253           0  -0.0140228 -0.00954865
  0.0139971   0.0140228           0   0.0075762
  0.0149627  0.00954865  -0.0075762           0
Repeater11[0]<--->HoM6[0]
REAL
    0.439791 -0.000733264   -0.0165407     0.399161
-0.000733264    0.0488656    0.0102725 -0.000440477
  -0.0165407    0.0102725     0.056719  -0.00492711
    0.399161 -0.000440477  -0.00492711     0.454625
IMAGINARY
          0 -0.00196746 -0.00299047 -0.00946049
 0.00196746           0  -0.0129147   0.0142823
 0.00299047   0.0129147           0  -0.0066143
 0.00946049  -0.0142823   0.0066143           0
EndNode1[0]<--->Repeater1[0]
REAL
    0.414566   -0.0133613  0.000710619     0.318011
  -0.0133613    0.0915033  -0.00215223  -0.00467538
 0.000710619  -0.00215223    0.0999066 -0.000295093
    0.318011  -0.00467538 -0.000295093     0.394024
IMAGINARY
          0  -0.0118525 -0.00868565  0.00590894
  0.0118525           0 -0.00635025   0.0227638
 0.00868565  0.00635025           0 -0.00949176
-0.00590894  -0.0227638  0.00949176           0
EndNode2[0]<--->HoM6[0]
REAL
    0.439068    0.0152387  -0.00521847     0.395561
   0.0152387    0.0448029 -0.000181791   0.00826991
 -0.00521847 -0.000181791    0.0510753   0.00350585
    0.395561   0.00826991   0.00350585     0.465054
IMAGINARY
          0  -0.0200165  0.00913278   0.0186808
  0.0200165           0 -0.00965555  0.00867782
-0.00913278  0.00965555           0 -0.00821979
 -0.0186808 -0.00867782  0.00821979           0
Repeater1[0]<--->EndNode1[0]
REAL
    0.414566  0.000710619   -0.0133613     0.318011
 0.000710619    0.0999066  -0.00215223 -0.000295093
  -0.0133613  -0.00215223    0.0915033  -0.00467538
    0.318011 -0.000295093  -0.00467538     0.394024
IMAGINARY
          0 -0.00868565  -0.0118525  0.00590894
 0.00868565           0  0.00635025 -0.00949176
  0.0118525 -0.00635025           0   0.0227638
-0.00590894  0.00949176  -0.0227638           0
Repeater1[0]<--->HoM1[0]
REAL
   0.428697 -0.00753894  0.00618564    0.329788
-0.00753894   0.0818662  0.00166296  0.00119924
 0.00618564  0.00166296   0.0783451   0.0044981
   0.329788  0.00119924   0.0044981    0.411092
IMAGINARY
          0 -0.00627407 -0.00964408 -0.00429472
 0.00627407           0 -0.00944936 -0.00873828
 0.00964408  0.00944936           0  -0.0111892
 0.00429472  0.00873828   0.0111892           0
Repeater2[0]<--->HoM1[0]
REAL
   0.428697  0.00618564 -0.00753894    0.329788
 0.00618564   0.0783451  0.00166296   0.0044981
-0.00753894  0.00166296   0.0818662  0.00119924
   0.329788   0.0044981  0.00119924    0.411092
IMAGINARY
          0 -0.00964408 -0.00627407 -0.00429472
 0.00964408           0  0.00944936  -0.0111892
 0.00627407 -0.00944936           0 -0.00873828
 0.00429472   0.0111892  0.00873828           0
Repeater2[0]<--->Repeater3[0]
REAL
   0.340018 -0.00361576  0.00365912    0.211488
-0.00361576    0.145852    0.010633 -0.00731542
 0.00365912    0.010633     0.15588  -0.0110095
   0.211488 -0.00731542  -0.0110095     0.35825
IMAGINARY
          0   0.0166291 -0.00684486   0.0122258
 -0.0166291           0 -0.00279185  -0.0116737
 0.00684486  0.00279185           0  0.00663777
 -0.0122258   0.0116737 -0.00663777           0
Repeater3[0]<--->Repeater2[0]
REAL
   0.340018  0.00365912 -0.00361576    0.211488
 0.00365912     0.15588    0.010633  -0.0110095
-0.00361576    0.010633    0.145852 -0.00731542
   0.211488  -0.0110095 -0.00731542     0.35825
IMAGINARY
          0 -0.00684486   0.0166291   0.0122258
 0.00684486           0  0.00279185  0.00663777
 -0.0166291 -0.00279185           0  -0.0116737
 -0.0122258 -0.00663777   0.0116737           0
Repeater3[0]<--->HoM2[0]
REAL
   0.354955 -0.00429864 -0.00943789     0.20866
-0.00429864    0.153153   -0.022249 -0.00624155
-0.00943789   -0.022249     0.13964  0.00429864
    0.20866 -0.00624155  0.00429864    0.352252
IMAGINARY
          0 -0.00156916   0.0070147   0.0193633
 0.00156916           0  -0.0132763 -0.00792379
 -0.0070147   0.0132763           0  -0.0175218
 -0.0193633  0.00792379   0.0175218           0
Repeater4[0]<--->HoM2[0]
REAL
   0.354955 -0.00943789 -0.00429864     0.20866
-0.00943789     0.13964   -0.022249  0.00429864
-0.00429864   -0.022249    0.153153 -0.00624155
    0.20866  0.00429864 -0.00624155    0.352252
IMAGINARY
          0   0.0070147 -0.00156916   0.0193633
 -0.0070147           0   0.0132763  -0.0175218
 0.00156916  -0.0132763           0 -0.00792379
 -0.0193633   0.0175218  0.00792379           0
Repeater4[0]<--->Repeater5[0]
REAL
  0.313567  -0.022897  0.0020929   0.150944
 -0.022897   0.186882 0.00738889 0.00438858
 0.0020929 0.00738889   0.189578 0.00252668
  0.150944 0.00438858 0.00252668   0.309973
IMAGINARY
          0 -0.00607207   0.0040956 -0.00789403
 0.00607207           0 -0.00210597     0.01946
 -0.0040956  0.00210597           0  0.00473874
 0.00789403    -0.01946 -0.00473874           0
Repeater5[0]<--->Repeater4[0]
REAL
  0.313567  0.0020929  -0.022897   0.150944
 0.0020929   0.189578 0.00738889 0.00252668
 -0.022897 0.00738889   0.186882 0.00438858
  0.150944 0.00252668 0.00438858   0.309973
IMAGINARY
          0   0.0040956 -0.00607207 -0.00789403
 -0.0040956           0  0.00210597  0.00473874
 0.00607207 -0.00210597           0     0.01946
 0.00789403 -0.00473874    -0.01946           0
Repeater5[0]<--->HoM3[0]
REAL
   0.325792  0.00132979 -0.00375767    0.148897
 0.00132979    0.165611  0.00358561 -0.00422106
-0.00375767  0.00358561    0.197285 -0.00398936
   0.148897 -0.00422106 -0.00398936    0.311312
IMAGINARY
          0    0.010518  -0.0283182  -0.0306119
  -0.010518           0  -0.0234047  -0.0102148
  0.0283182   0.0234047           0 -0.00541121
  0.0306119   0.0102148  0.00541121           0
Repeater6[0]<--->HoM3[0]
REAL
   0.325792 -0.00375767  0.00132979    0.148897
-0.00375767    0.197285  0.00358561 -0.00398936
 0.00132979  0.00358561    0.165611 -0.00422106
   0.148897 -0.00398936 -0.00422106    0.311312
IMAGINARY
          0  -0.0283182    0.010518  -0.0306119
  0.0283182           0   0.0234047 -0.00541121
  -0.010518  -0.0234047           0  -0.0102148
  0.0306119  0.00541121   0.0102148           0
Repeater6[0]<--->Repeater7[0]
REAL
   0.275401   0.0050997  -0.0180898    0.100934
  0.0050997     0.19697 -0.00413141 -0.00500079
 -0.0180898 -0.00413141    0.207665  0.00200509
   0.100934 -0.00500079  0.00200509    0.319964
IMAGINARY
          0  0.00353771 -0.00835996  0.00457351
-0.00353771           0   0.0149432  0.00273144
 0.00835996  -0.0149432           0  0.00490507
-0.00457351 -0.00273144 -0.00490507           0
Repeater7[0]<--->Repeater6[0]
REAL
   0.275401  -0.0180898   0.0050997    0.100934
 -0.0180898    0.207665 -0.00413141  0.00200509
  0.0050997 -0.00413141     0.19697 -0.00500079
   0.100934  0.00200509 -0.00500079    0.319964
IMAGINARY
          0 -0.00835996  0.00353771  0.00457351
 0.00835996           0  -0.0149432  0.00490507
-0.00353771   0.0149432           0  0.00273144
-0.00457351 -0.00490507 -0.00273144           0
Repeater7[0]<--->HoM4[0]
REAL
   0.283906 -0.00139004  0.00586807   0.0928615
-0.00139004     0.19349   0.0117047   0.0165064
 0.00586807   0.0117047     0.22604 -0.00454603
  0.0928615   0.0165064 -0.00454603    0.296564
IMAGINARY
          0   0.0113219 -0.00636161  0.00878204
 -0.0113219           0   0.0277582  0.00542878
 0.00636161  -0.0277582           0  -0.0094562
-0.00878204 -0.00542878   0.0094562           0
Repeater8[0]<--->HoM4[0]
REAL
   0.283906  0.00586807 -0.00139004   0.0928615
 0.00586807     0.22604   0.0117047 -0.00454603
-0.00139004   0.0117047     0.19349   0.0165064
  0.0928615 -0.00454603   0.0165064    0.296564
IMAGINARY
          0 -0.00636161   0.0113219  0.00878204
 0.00636161           0  -0.0277582  -0.0094562
 -0.0113219   0.0277582           0  0.00542878
-0.00878204   0.0094562 -0.00542878           0
Repeater8[0]<--->Repeater9[0]
REAL
   0.303555  0.00737851 -0.00597686    0.055618
 0.00737851    0.201459  0.00164076   0.0127397
-0.00597686  0.00164076    0.198724   0.0165169
   0.055618   0.0127397   0.0165169    0.296263
IMAGINARY
           0   -0.0129829   0.00624651    0.0165872
   0.0129829            0 -0.000780235  -0.00435257
 -0.00624651  0.000780235            0   0.00635411
  -0.0165872   0.00435257  -0.00635411            0
Repeater9[0]<--->Repeater8[0]
REAL
   0.303555 -0.00597686  0.00737851    0.055618
-0.00597686    0.198724  0.00164076   0.0165169
 0.00737851  0.00164076    0.201459   0.0127397
   0.055618   0.0165169   0.0127397    0.296263
IMAGINARY
           0   0.00624651   -0.0129829    0.0165872
 -0.00624651            0  0.000780235   0.00635411
   0.0129829 -0.000780235            0  -0.00435257
  -0.0165872  -0.00635411   0.00435257            0
Repeater9[0]<--->HoM5[0]
REAL
   0.281665   -0.021075   0.0105634   0.0688026
  -0.021075    0.204606  0.00490629   0.0105634
  0.0105634  0.00490629    0.217892 -0.00474663
  0.0688026   0.0105634 -0.00474663    0.295837
IMAGINARY
          0 -0.00412242  0.00411496   0.0052645
 0.00412242           0  0.00128572  -0.0063491
-0.00411496 -0.00128572           0  0.00456925
 -0.0052645   0.0063491 -0.00456925           0
Repeater10[0]<--->HoM5[0]
REAL
   0.281665   0.0105634   -0.021075   0.0688026
  0.0105634    0.217892  0.00490629 -0.00474663
  -0.021075  0.00490629    0.204606   0.0105634
  0.0688026 -0.00474663   0.0105634    0.295837
IMAGINARY
          0  0.00411496 -0.00412242   0.0052645
-0.00411496           0 -0.00128572  0.00456925
 0.00412242  0.00128572           0  -0.0063491
 -0.0052645 -0.00456925   0.0063491           0
Repeater10[0]<--->Repeater11[0]
REAL
   0.444147 -0.00166302   0.0124809    0.391497
-0.00166302   0.0455764   0.0119017 -0.00353639
  0.0124809   0.0119017   0.0464701 -0.00907043
   0.391497 -0.00353639 -0.00907043    0.463807
IMAGINARY
          0  0.00623687 -0.00598047 -0.00927276
-0.00623687           0   0.0199308   0.0151716
 0.00598047  -0.0199308           0 -0.00715599
 0.00927276  -0.0151716  0.00715599           0
Repeater11[0]<--->Repeater10[0]
REAL
   0.444147   0.0124809 -0.00166302    0.391497
  0.0124809   0.0464701   0.0119017 -0.00907043
-0.00166302   0.0119017   0.0455764 -0.00353639
   0.391497 -0.00907043 -0.00353639    0.463807
IMAGINARY
          0 -0.00598047  0.00623687 -0.00927276
 0.00598047           0  -0.0199308 -0.00715599
-0.00623687   0.0199308           0   0.0151716
 0.00927276  0.00715599  -0.0151716           0
Repeater11[0]<--->HoM6[0]
REAL
    0.439068  -0.00521847    0.0152387     0.395561
 -0.00521847    0.0510753 -0.000181791   0.00350585
   0.0152387 -0.000181791    0.0448029   0.00826991
    0.395561   0.00350585   0.00826991     0.465054
IMAGINARY
          0  0.00913278  -0.0200165   0.0186808
-0.00913278           0  0.00965555 -0.00821979
  0.0200165 -0.00965555           0  0.00867782
 -0.0186808  0.00821979 -0.00867782           0
EndNode1[0]<--->Repeater1[0]
REAL
   0.414462  -0.0113393 -0.00455738    0.321468
 -0.0113393   0.0837743 0.000258777  0.00316463
-0.00455738 0.000258777   0.0881834  0.00994654
   0.321468  0.00316463  0.00994654     0.41358
IMAGINARY
           0 -2.18132e-05    0.0151659  -0.00269626
 2.18132e-05            0  0.000535502  -0.00946914
  -0.0151659 -0.000535502            0    0.0030893
  0.00269626   0.00946914   -0.0030893            0
EndNode2[0]<--->HoM6[0]
REAL
   0.475143   0.0169584  0.00868272    0.408317
  0.0169584    0.042065 0.000693247  0.00692834
 0.00868272 0.000693247   0.0497132  0.00400503
   0.408317  0.00692834  0.00400503    0.433078
IMAGINARY
           0 -0.000888557    0.0062945   -0.0215947
 0.000888557            0   0.00225768   0.00760684
  -0.0062945  -0.00225768            0   -0.0157034
   0.0215947  -0.00760684    0.0157034            0
Repeater1[0]<--->EndNode1[0]
REAL
   0.414462 -0.00455738  -0.0113393    0.321468
-0.00455738   0.0881834 0.000258777  0.00994654
 -0.0113393 0.000258777   0.0837743  0.00316463
   0.321468  0.00994654  0.00316463     0.41358
IMAGINARY
           0    0.0151659 -2.18132e-05  -0.00269626
  -0.0151659            0 -0.000535502    0.0030893
 2.18132e-05  0.000535502            0  -0.00946914
  0.00269626   -0.0030893   0.00946914            0
Repeater1[0]<--->HoM1[0]
REAL
   0.419731  -0.0196315  -0.0185423    0.312389
 -0.0196315   0.0798206 -0.00571099   0.0115124
 -0.0185423 -0.00571099   0.0995516 -0.00145814
   0.312389   0.0115124 -0.00145814    0.400897
IMAGINARY
          0 -0.00388629  0.00548167 -0.00972483
 0.00388629           0   0.0127977  -0.0180265
-0.00548167  -0.0127977           0   0.0119508
 0.00972483   0.0180265  -0.0119508           0
Repeater2[0]<--->HoM1[0]
REAL
   0.419731  -0.0185423  -0.0196315    0.312389
 -0.0185423   0.0995516 -0.00571099 -0.00145814
 -0.0196315 -0.00571099   0.0798206   0.0115124
   0.312389 -0.00145814   0.0115124    0.400897
IMAGINARY
          0  0.00548167 -0.00388629 -0.00972483
-0.00548167           0  -0.0127977   0.0119508
 0.00388629   0.0127977           0  -0.0180265
 0.00972483  -0.0119508   0.0180265           0
Repeater2[0]<--->Repeater3[0]
REAL
   0.342129  0.00201942   0.0103173    0.211572
 0.00201942    0.151046 -0.00909308 -0.00985815
  0.0103173 -0.00909308    0.161056   0.0057859
   0.211572 -0.00985815   0.0057859    0.345769
IMAGINARY
           0   -0.0136349  0.000511747   0.00547212
   0.0136349            0 -0.000485718    0.0134988
-0.000511747  0.000485718            0   0.00225137
 -0.00547212   -0.0134988  -0.00225137            0
Repeater3[0]<--->Repeater2[0]
REAL
   0.342129   0.0103173  0.00201942    0.211572
  0.0103173    0.161056 -0.00909308   0.0057859
 0.00201942 -0.00909308    0.151046 -0.00985815
   0.211572   0.0057859 -0.00985815    0.345769
IMAGINARY
           0  0.000511747   -0.0136349   0.00547212
-0.000511747            0  0.000485718   0.00225137
   0.0136349 -0.000485718            0    0.0134988
 -0.00547212  -0.00225137   -0.0134988            0
Repeater3[0]<--->HoM2[0]
REAL
   0.355769 -0.00897033  0.00457888    0.205992
-0.00897033    0.153846  0.00571962  0.00082653
 0.00457888  0.00571962    0.132867  0.00176312
   0.205992  0.00082653  0.00176312    0.357517
IMAGINARY
          0   0.0248867  -0.0292217  0.00386485
 -0.0248867           0  0.00478566  0.00151966
  0.0292217 -0.00478566           0  0.00826497
-0.00386485 -0.00151966 -0.00826497           0
Repeater4[0]<--->HoM2[0]
REAL
   0.355769  0.00457888 -0.00897033    0.205992
 0.00457888    0.132867  0.00571962  0.00176312
-0.00897033  0.00571962    0.153846  0.00082653
   0.205992  0.00176312  0.00082653    0.357517
IMAGINARY
          0  -0.0292217   0.0248867  0.00386485
  0.0292217           0 -0.00478566  0.00826497
 -0.0248867  0.00478566           0  0.00151966
-0.00386485 -0.00826497 -0.00151966           0
Repeater4[0]<--->Repeater5[0]
REAL
  0.334947 0.00370269 -0.0220938   0.109642
0.00370269   0.166505 -0.0149003 0.00532135
-0.0220938 -0.0149003   0.188771  0.0239492
  0.109642 0.00532135  0.0239492   0.309777
IMAGINARY
          0   0.0107678 -0.00380748  -0.0198931
 -0.0107678           0   0.0182153 -0.00809728
 0.00380748  -0.0182153           0 -0.00435753
  0.0198931  0.00809728  0.00435753           0
Repeater5[0]<--->Repeater4[0]
REAL
  0.334947 -0.0220938 0.00370269   0.109642
-0.0220938   0.188771 -0.0149003  0.0239492
0.00370269 -0.0149003   0.166505 0.00532135
  0.109642  0.0239492 0.00532135   0.309777
IMAGINARY
          0 -0.00380748   0.0107678  -0.0198931
 0.00380748           0  -0.0182153 -0.00435753
 -0.0107678   0.0182153           0 -0.00809728
  0.0198931  0.00435753  0.00809728           0
Repeater5[0]<--->HoM3[0]
REAL
   0.311287  -0.0180269 -0.00514692    0.158511
 -0.0180269    0.193122 -0.00167436  0.00112548
-0.00514692 -0.00167436    0.194885 -0.00386763
   0.158511  0.00112548 -0.00386763    0.300705
IMAGINARY
           0  -0.00370972 -0.000201216  -0.00484372
  0.00370972            0  0.000410221   0.00205307
 0.000201216 -0.000410221            0   0.00278379
  0.00484372  -0.00205307  -0.00278379            0
Repeater6[0]<--->HoM3[0]
REAL
   0.311287 -0.00514692  -0.0180269    0.158511
-0.00514692    0.194885 -0.00167436 -0.00386763
 -0.0180269 -0.00167436    0.193122  0.00112548
   0.158511 -0.00386763  0.00112548    0.300705
IMAGINARY
           0 -0.000201216  -0.00370972  -0.00484372
 0.000201216            0 -0.000410221   0.00278379
  0.00370972  0.000410221            0   0.00205307
  0.00484372  -0.00278379  -0.00205307            0
Repeater6[0]<--->Repeater7[0]
REAL
   0.289829 -0.00258448  -0.0247362   0.0777586
-0.00258448    0.211521    0.006843  0.00280249
 -0.0247362    0.006843     0.20252    0.020042
  0.0777586  0.00280249    0.020042     0.29613
IMAGINARY
          0  -0.0051717   0.0228747  0.00346648
  0.0051717           0 -0.00801194    0.015725
 -0.0228747  0.00801194           0 -0.00649796
-0.00346648   -0.015725  0.00649796           0
Repeater7[0]<--->Repeater6[0]
REAL
   0.289829  -0.0247362 -0.00258448   0.0777586
 -0.0247362     0.20252    0.006843    0.020042
-0.00258448    0.006843    0.211521  0.00280249
  0.0777586    0.020042  0.00280249     0.29613
IMAGINARY
          0   0.0228747  -0.0051717  0.00346648
 -0.0228747           0  0.00801194 -0.00649796
  0.0051717 -0.00801194           0    0.015725
-0.00346648  0.00649796   -0.015725           0
Repeater7[0]<--->HoM4[0]
REAL
    0.29522 -0.00495365  -0.0126251   0.0853026
-0.00495365    0.204311 -0.00844744  0.00820819
 -0.0126251 -0.00844744    0.210872  0.00848721
  0.0853026  0.00820819  0.00848721    0.289597
IMAGINARY
           0   -0.0265468   -0.0035739   0.00111988
   0.0265468            0 -0.000669026    0.0256327
   0.0035739  0.000669026            0  -0.00286495
 -0.00111988   -0.0256327   0.00286495            0
Repeater8[0]<--->HoM4[0]
REAL
    0.29522  -0.0126251 -0.00495365   0.0853026
 -0.0126251    0.210872 -0.00844744  0.00848721
-0.00495365 -0.00844744    0.204311  0.00820819
  0.0853026  0.00848721  0.00820819    0.289597
IMAGINARY
           0   -0.0035739   -0.0265468   0.00111988
   0.0035739            0  0.000669026  -0.00286495
   0.0265468 -0.000669026            0    0.0256327
 -0.00111988   0.00286495   -0.0256327            0
Repeater8[0]<--->Repeater9[0]
REAL
  0.289314 0.00727273  0.0167126  0.0680166
0.00727273   0.217202 0.00500664  0.0144502
 0.0167126 0.00500664   0.214596 -0.0272727
 0.0680166  0.0144502 -0.0272727   0.278888
IMAGINARY
           0   -0.0146692   0.00471649 -0.000279808
   0.0146692            0   0.00574429    0.0120559
 -0.00471649  -0.00574429            0   -0.0184223
 0.000279808   -0.0120559    0.0184223            0
Repeater9[0]<--->Repeater8[0]
REAL
  0.289314  0.0167126 0.00727273  0.0680166
 0.0167126   0.214596 0.00500664 -0.0272727
0.00727273 0.00500664   0.217202  0.0144502
 0.0680166 -0.0272727  0.0144502   0.278888
IMAGINARY
           0   0.00471649   -0.0146692 -0.000279808
 -0.00471649            0  -0.00574429   -0.0184223
   0.0146692   0.00574429            0    0.0120559
 0.000279808    0.0184223   -0.0120559            0
Repeater9[0]<--->HoM5[0]
REAL
   0.267189 -0.00210584  -0.0127958   0.0371801
-0.00210584    0.241079 -0.00372459  0.00133845
 -0.0127958 -0.00372459    0.232376 -0.00843495
  0.0371801  0.00133845 -0.00843495    0.259356
IMAGINARY
           0 -0.000977661   0.00455429    0.0124741
 0.000977661            0       0.0116  -0.00214813
 -0.00455429      -0.0116            0  -0.00624082
  -0.0124741   0.00214813   0.00624082            0
Repeater10[0]<--->HoM5[0]
REAL
   0.267189  -0.0127958 -0.00210584   0.0371801
 -0.0127958    0.232376 -0.00372459 -0.00843495
