EndNode1[0]<--->Repeater1[0]
REAL
   0.251572 -0.00664871 -0.00748056   0.0852751
-0.00664871    0.226415   0.0374958  -0.0151532
-0.00748056   0.0374958    0.231447  -0.0283307
  0.0852751  -0.0151532  -0.0283307    0.290566
IMAGINARY
           0   0.00567055  -0.00399271 -0.000976177
 -0.00567055            0    0.0135257   0.00197387
  0.00399271   -0.0135257            0   0.00442366
 0.000976177  -0.00197387  -0.00442366            0
EndNode2[0]<--->HoM1[0]
REAL
   0.285906 -0.00194165 -0.00115147   0.0775344
-0.00194165    0.236242   0.0457785   0.0128079
-0.00115147   0.0457785    0.202685  -0.0072608
  0.0775344   0.0128079  -0.0072608    0.275168
IMAGINARY
          0 -0.00820438 -0.00617098  -0.0150256
 0.00820438           0  -0.0023597   -0.010641
 0.00617098   0.0023597           0   0.0100724
  0.0150256    0.010641  -0.0100724           0
Repeater1[0]<--->EndNode1[0]
REAL
   0.251572 -0.00748056 -0.00664871   0.0852751
-0.00748056    0.231447   0.0374958  -0.0283307
-0.00664871   0.0374958    0.226415  -0.0151532
  0.0852751  -0.0283307  -0.0151532    0.290566
IMAGINARY
           0  -0.00399271   0.00567055 -0.000976177
  0.00399271            0   -0.0135257   0.00442366
 -0.00567055    0.0135257            0   0.00197387
 0.000976177  -0.00442366  -0.00197387            0
Repeater1[0]<--->HoM1[0]
REAL
   0.285906 -0.00115147 -0.00194165   0.0775344
-0.00115147    0.202685   0.0457785  -0.0072608
-0.00194165   0.0457785    0.236242   0.0128079
  0.0775344  -0.0072608   0.0128079    0.275168
IMAGINARY
          0 -0.00617098 -0.00820438  -0.0150256
 0.00617098           0   0.0023597   0.0100724
 0.00820438  -0.0023597           0   -0.010641
  0.0150256  -0.0100724    0.010641           0
EndNode1[0]<--->Repeater1[0]
REAL
   0.261446  0.00373797  -0.0230732   0.0794794
 0.00373797     0.23494   0.0186262  0.00345204
 -0.0230732   0.0186262    0.259036 -0.00576774
  0.0794794  0.00345204 -0.00576774    0.244578
IMAGINARY
          0   0.0102393  -0.0124931 -0.00465996
 -0.0102393           0  -0.0119641  0.00182815
  0.0124931   0.0119641           0  0.00293514
 0.00465996 -0.00182815 -0.00293514           0
EndNode2[0]<--->HoM1[0]
REAL
    0.268354    -0.028246 -0.000959436    0.0719208
   -0.028246     0.208861    0.0125773   -0.0111117
-0.000959436    0.0125773     0.227848   0.00728031
   0.0719208   -0.0111117   0.00728031     0.294937
IMAGINARY
           0  0.000519854  9.54126e-06   -0.0041782
-0.000519854            0    0.0167095   0.00756622
-9.54126e-06   -0.0167095            0  -0.00430773
   0.0041782  -0.00756622   0.00430773            0
Repeater1[0]<--->EndNode1[0]
REAL
   0.261446  -0.0230732  0.00373797   0.0794794
 -0.0230732    0.259036   0.0186262 -0.00576774
 0.00373797   0.0186262     0.23494  0.00345204
  0.0794794 -0.00576774  0.00345204    0.244578
IMAGINARY
          0  -0.0124931   0.0102393 -0.00465996
  0.0124931           0   0.0119641  0.00293514
 -0.0102393  -0.0119641           0  0.00182815
 0.00465996 -0.00293514 -0.00182815           0
Repeater1[0]<--->HoM1[0]
REAL
    0.268354 -0.000959436    -0.028246    0.0719208
-0.000959436     0.227848    0.0125773   0.00728031
   -0.028246    0.0125773     0.208861   -0.0111117
   0.0719208   0.00728031   -0.0111117     0.294937
IMAGINARY
           0  9.54126e-06  0.000519854   -0.0041782
-9.54126e-06            0   -0.0167095  -0.00430773
-0.000519854    0.0167095            0   0.00756622
   0.0041782   0.00430773  -0.00756622            0
