EndNode1[0]<--->Repeater1[0]
REAL
   0.292776 -0.00412518  0.00339657   0.0914601
-0.00412518    0.228137 -0.00724958   0.0150245
 0.00339657 -0.00724958    0.168568  0.00938834
  0.0914601   0.0150245  0.00938834     0.31052
IMAGINARY
          0 -0.00902645 -0.00184462 -0.00413225
 0.00902645           0 -0.00875119  -0.0117038
 0.00184462  0.00875119           0 -0.00452194
 0.00413225   0.0117038  0.00452194           0
EndNode2[0]<--->HoM1[0]
REAL
   0.316832   0.0261332  -0.0150816   0.0944977
  0.0261332    0.206683 -0.00577698  0.00338973
 -0.0150816 -0.00577698    0.179455    0.013069
  0.0944977  0.00338973    0.013069     0.29703
IMAGINARY
          0 -0.00247019  -0.0156615   0.0199104
 0.00247019           0  -0.0316291   0.0115406
  0.0156615   0.0316291           0  -0.0140133
 -0.0199104  -0.0115406   0.0140133           0
Repeater1[0]<--->EndNode1[0]
REAL
   0.292776  0.00339657 -0.00412518   0.0914601
 0.00339657    0.168568 -0.00724958  0.00938834
-0.00412518 -0.00724958    0.228137   0.0150245
  0.0914601  0.00938834   0.0150245     0.31052
IMAGINARY
          0 -0.00184462 -0.00902645 -0.00413225
 0.00184462           0  0.00875119 -0.00452194
 0.00902645 -0.00875119           0  -0.0117038
 0.00413225  0.00452194   0.0117038           0
Repeater1[0]<--->HoM1[0]
REAL
   0.316832  -0.0150816   0.0261332   0.0944977
 -0.0150816    0.179455 -0.00577698    0.013069
  0.0261332 -0.00577698    0.206683  0.00338973
  0.0944977    0.013069  0.00338973     0.29703
IMAGINARY
          0  -0.0156615 -0.00247019   0.0199104
  0.0156615           0   0.0316291  -0.0140133
 0.00247019  -0.0316291           0   0.0115406
 -0.0199104   0.0140133  -0.0115406           0
EndNode1[0]<--->Repeater1[0]
REAL
    0.293578 -0.000300324   0.00973569    0.0860691
-0.000300324     0.208388   -0.0037398   0.00432053
  0.00973569   -0.0037398     0.204456   0.00364704
   0.0860691   0.00432053   0.00364704     0.293578
IMAGINARY
          0 -0.00653559   0.0140119  0.00269899
 0.00653559           0 -0.00593315   0.0146505
 -0.0140119  0.00593315           0  -0.0195791
-0.00269899  -0.0146505   0.0195791           0
EndNode2[0]<--->HoM1[0]
REAL
   0.290446  -0.0125733 -0.00713037    0.107415
 -0.0125733    0.219108  -0.0126346  -0.0162213
-0.00713037  -0.0126346    0.182166 -0.00940473
   0.107415  -0.0162213 -0.00940473     0.30828
IMAGINARY
         0  0.0127277 -0.0339045 -0.0240781
-0.0127277          0  0.0299759 -0.0131252
 0.0339045 -0.0299759          0  0.0107872
 0.0240781  0.0131252 -0.0107872          0
Repeater1[0]<--->EndNode1[0]
REAL
    0.293578   0.00973569 -0.000300324    0.0860691
  0.00973569     0.204456   -0.0037398   0.00364704
-0.000300324   -0.0037398     0.208388   0.00432053
   0.0860691   0.00364704   0.00432053     0.293578
IMAGINARY
          0   0.0140119 -0.00653559  0.00269899
 -0.0140119           0  0.00593315  -0.0195791
 0.00653559 -0.00593315           0   0.0146505
-0.00269899   0.0195791  -0.0146505           0
Repeater1[0]<--->HoM1[0]
REAL
   0.290446 -0.00713037  -0.0125733    0.107415
-0.00713037    0.182166  -0.0126346 -0.00940473
 -0.0125733  -0.0126346    0.219108  -0.0162213
   0.107415 -0.00940473  -0.0162213     0.30828
IMAGINARY
         0 -0.0339045  0.0127277 -0.0240781
 0.0339045          0 -0.0299759  0.0107872
-0.0127277  0.0299759          0 -0.0131252
 0.0240781 -0.0107872  0.0131252          0
EndNode1[0]<--->Repeater1[0]
REAL
   0.288312 -0.00363608  -0.0175322    0.099022
-0.00363608    0.181818 -0.00220501   -0.014298
 -0.0175322 -0.00220501    0.237662   0.0222037
   0.099022   -0.014298   0.0222037    0.292208
IMAGINARY
          0  -0.0382327  0.00784279  0.00265248
  0.0382327           0 -0.00330779 -0.00722929
-0.00784279  0.00330779           0 -0.00041759
-0.00265248  0.00722929  0.00041759           0
EndNode2[0]<--->HoM1[0]
REAL
   0.315403  -0.0140053  -0.0184134   0.0760277
 -0.0140053    0.206601 -0.00563059 -0.00144216
 -0.0184134 -0.00563059    0.220049 -0.00464697
  0.0760277 -0.00144216 -0.00464697    0.257946
IMAGINARY
           0   0.00722279  0.000187397   -0.0259654
 -0.00722279            0 -6.93889e-18    0.0136317
-0.000187397  6.93889e-18            0    0.0204154
   0.0259654   -0.0136317   -0.0204154            0
Repeater1[0]<--->EndNode1[0]
REAL
   0.288312  -0.0175322 -0.00363608    0.099022
 -0.0175322    0.237662 -0.00220501   0.0222037
-0.00363608 -0.00220501    0.181818   -0.014298
   0.099022   0.0222037   -0.014298    0.292208
IMAGINARY
          0  0.00784279  -0.0382327  0.00265248
-0.00784279           0  0.00330779 -0.00041759
  0.0382327 -0.00330779           0 -0.00722929
-0.00265248  0.00041759  0.00722929           0
Repeater1[0]<--->HoM1[0]
REAL
   0.315403  -0.0184134  -0.0140053   0.0760277
 -0.0184134    0.220049 -0.00563059 -0.00464697
 -0.0140053 -0.00563059    0.206601 -0.00144216
  0.0760277 -0.00464697 -0.00144216    0.257946
IMAGINARY
           0  0.000187397   0.00722279   -0.0259654
-0.000187397            0  6.93889e-18    0.0204154
 -0.00722279 -6.93889e-18            0    0.0136317
   0.0259654   -0.0204154   -0.0136317            0
EndNode1[0]<--->Repeater1[0]
REAL
    0.31211  -0.0173181  0.00369451    0.074646
 -0.0173181     0.19226  0.00436487  0.00173372
 0.00369451  0.00436487     0.19226 -0.00741053
   0.074646  0.00173372 -0.00741053    0.303371
IMAGINARY
          0  -0.0086919  -0.0233284 -0.00141821
  0.0086919           0   0.0199826  0.00124002
  0.0233284  -0.0199826           0  -0.0080417
 0.00141821 -0.00124002   0.0080417           0
EndNode2[0]<--->HoM1[0]
REAL
   0.310433  0.00254265  0.00230788   0.0846112
 0.00254265    0.212468 -0.00629792  0.00103884
 0.00230788 -0.00629792    0.212468   0.0235618
  0.0846112  0.00103884   0.0235618    0.264631
IMAGINARY
          0  0.00944584 -0.00404241 -0.00363086
-0.00944584           0    0.011075  0.00656767
 0.00404241   -0.011075           0 -0.00944584
 0.00363086 -0.00656767  0.00944584           0
Repeater1[0]<--->EndNode1[0]
REAL
    0.31211  0.00369451  -0.0173181    0.074646
 0.00369451     0.19226  0.00436487 -0.00741053
 -0.0173181  0.00436487     0.19226  0.00173372
   0.074646 -0.00741053  0.00173372    0.303371
IMAGINARY
          0  -0.0233284  -0.0086919 -0.00141821
  0.0233284           0  -0.0199826  -0.0080417
  0.0086919   0.0199826           0  0.00124002
 0.00141821   0.0080417 -0.00124002           0
Repeater1[0]<--->HoM1[0]
REAL
   0.310433  0.00230788  0.00254265   0.0846112
 0.00230788    0.212468 -0.00629792   0.0235618
 0.00254265 -0.00629792    0.212468  0.00103884
  0.0846112   0.0235618  0.00103884    0.264631
IMAGINARY
          0 -0.00404241  0.00944584 -0.00363086
 0.00404241           0   -0.011075 -0.00944584
-0.00944584    0.011075           0  0.00656767
 0.00363086  0.00944584 -0.00656767           0
EndNode1[0]<--->Repeater1[0]
REAL
   0.307181   0.0024774   0.0230612   0.0817859
  0.0024774    0.204787 -0.00591042   0.0139037
  0.0230612 -0.00591042     0.19016 -0.00831397
  0.0817859   0.0139037 -0.00831397    0.297872
IMAGINARY
          0   -0.013756   0.0147677  -0.0280647
   0.013756           0  -0.0013471  -0.0069143
 -0.0147677   0.0013471           0  0.00197588
  0.0280647   0.0069143 -0.00197588           0
EndNode2[0]<--->HoM1[0]
REAL
   0.290566   0.0130409 -0.00185199   0.0739544
  0.0130409    0.210063  0.00856983  -0.0187791
-0.00185199  0.00856983    0.191195  -0.0166817
  0.0739544  -0.0187791  -0.0166817    0.308176
IMAGINARY
          0   0.0149927  0.00819847   -0.012987
 -0.0149927           0  -0.0181818 -0.00178821
-0.00819847   0.0181818           0 -0.00730034
   0.012987  0.00178821  0.00730034           0
Repeater1[0]<--->EndNode1[0]
REAL
   0.307181   0.0230612   0.0024774   0.0817859
  0.0230612     0.19016 -0.00591042 -0.00831397
  0.0024774 -0.00591042    0.204787   0.0139037
  0.0817859 -0.00831397   0.0139037    0.297872
IMAGINARY
          0   0.0147677   -0.013756  -0.0280647
 -0.0147677           0   0.0013471  0.00197588
   0.013756  -0.0013471           0  -0.0069143
  0.0280647 -0.00197588   0.0069143           0
Repeater1[0]<--->HoM1[0]
REAL
   0.290566 -0.00185199   0.0130409   0.0739544
-0.00185199    0.191195  0.00856983  -0.0166817
  0.0130409  0.00856983    0.210063  -0.0187791
  0.0739544  -0.0166817  -0.0187791    0.308176
IMAGINARY
          0  0.00819847   0.0149927   -0.012987
-0.00819847           0   0.0181818 -0.00730034
 -0.0149927  -0.0181818           0 -0.00178821
   0.012987  0.00730034  0.00178821           0
EndNode1[0]<--->Repeater1[0]
REAL
  0.312102  0.0302591  0.0158301  0.0876024
 0.0302591   0.215287 -0.0174609  0.0015444
 0.0158301 -0.0174609   0.197452 0.00513345
 0.0876024  0.0015444 0.00513345   0.275159
IMAGINARY
          0   0.0142264 -0.00413904  -0.0093009
 -0.0142264           0 -0.00808436    0.011734
 0.00413904  0.00808436           0    0.018685
  0.0093009   -0.011734   -0.018685           0
EndNode2[0]<--->HoM1[0]
REAL
   0.294872   0.0205628 -0.00919063    0.101455
  0.0205628    0.203846 -0.00712729  0.00240888
-0.00919063 -0.00712729    0.211538 -0.00884892
   0.101455  0.00240888 -0.00884892    0.289744
IMAGINARY
          0 -0.00566861     0.02111  0.00514865
 0.00566861           0  -0.0181357  0.00164687
   -0.02111   0.0181357           0  0.00241764
-0.00514865 -0.00164687 -0.00241764           0
Repeater1[0]<--->EndNode1[0]
REAL
  0.312102  0.0158301  0.0302591  0.0876024
 0.0158301   0.197452 -0.0174609 0.00513345
 0.0302591 -0.0174609   0.215287  0.0015444
 0.0876024 0.00513345  0.0015444   0.275159
IMAGINARY
          0 -0.00413904   0.0142264  -0.0093009
 0.00413904           0  0.00808436    0.018685
 -0.0142264 -0.00808436           0    0.011734
  0.0093009   -0.018685   -0.011734           0
Repeater1[0]<--->HoM1[0]
REAL
   0.294872 -0.00919063   0.0205628    0.101455
-0.00919063    0.211538 -0.00712729 -0.00884892
  0.0205628 -0.00712729    0.203846  0.00240888
   0.101455 -0.00884892  0.00240888    0.289744
IMAGINARY
          0     0.02111 -0.00566861  0.00514865
   -0.02111           0   0.0181357  0.00241764
 0.00566861  -0.0181357           0  0.00164687
-0.00514865 -0.00241764 -0.00164687           0
EndNode1[0]<--->Repeater1[0]
REAL
   0.281602  -0.0012184 -0.00739952   0.0783214
 -0.0012184    0.192741  -0.0179101  0.00997021
-0.00739952  -0.0179101    0.235294  -0.0116351
  0.0783214  0.00997021  -0.0116351    0.290363
IMAGINARY
          0    0.010335  0.00349371  -0.0168178
  -0.010335           0 -0.00587825  -0.0149338
-0.00349371  0.00587825           0  -0.0150457
  0.0168178   0.0149338   0.0150457           0
EndNode2[0]<--->HoM1[0]
REAL
   0.313222 -0.00184657 -0.00057342    0.100773
-0.00184657    0.207959  0.00452317 -0.00510123
-0.00057342  0.00452317    0.213094 -0.00508911
   0.100773 -0.00510123 -0.00508911    0.265725
IMAGINARY
          0   0.0247325   0.0101587 -0.00524866
 -0.0247325           0  -0.0216744  0.00109132
 -0.0101587   0.0216744           0  -0.0122325
 0.00524866 -0.00109132   0.0122325           0
Repeater1[0]<--->EndNode1[0]
REAL
   0.281602 -0.00739952  -0.0012184   0.0783214
-0.00739952    0.235294  -0.0179101  -0.0116351
 -0.0012184  -0.0179101    0.192741  0.00997021
  0.0783214  -0.0116351  0.00997021    0.290363
IMAGINARY
          0  0.00349371    0.010335  -0.0168178
-0.00349371           0  0.00587825  -0.0150457
  -0.010335 -0.00587825           0  -0.0149338
  0.0168178   0.0150457   0.0149338           0
Repeater1[0]<--->HoM1[0]
REAL
   0.313222 -0.00057342 -0.00184657    0.100773
-0.00057342    0.213094  0.00452317 -0.00508911
-0.00184657  0.00452317    0.207959 -0.00510123
   0.100773 -0.00508911 -0.00510123    0.265725
IMAGINARY
          0   0.0101587   0.0247325 -0.00524866
 -0.0101587           0   0.0216744  -0.0122325
 -0.0247325  -0.0216744           0  0.00109132
 0.00524866   0.0122325 -0.00109132           0
EndNode1[0]<--->Repeater1[0]
REAL
   0.287179 -0.00197253  -0.0109429    0.091292
-0.00197253    0.207692 -0.00517714  0.00226465
 -0.0109429 -0.00517714     0.20641  0.00931565
   0.091292  0.00226465  0.00931565    0.298718
IMAGINARY
           0  -0.00160367    0.0169087  -0.00413452
  0.00160367            0    0.0175492   0.00515937
  -0.0169087   -0.0175492            0 -0.000287881
  0.00413452  -0.00515937  0.000287881            0
EndNode2[0]<--->HoM1[0]
REAL
  0.296632 -0.0217457 0.00129318  0.0680392
-0.0217457   0.176166 0.00993109 -0.0136694
0.00129318 0.00993109   0.218912 -0.0116701
 0.0680392 -0.0136694 -0.0116701    0.30829
IMAGINARY
          0  0.00621516  -0.0118038  -0.0185115
-0.00621516           0  0.00294491   0.0185606
  0.0118038 -0.00294491           0 -0.00351246
  0.0185115  -0.0185606  0.00351246           0
Repeater1[0]<--->EndNode1[0]
REAL
   0.287179  -0.0109429 -0.00197253    0.091292
 -0.0109429     0.20641 -0.00517714  0.00931565
-0.00197253 -0.00517714    0.207692  0.00226465
   0.091292  0.00931565  0.00226465    0.298718
IMAGINARY
           0    0.0169087  -0.00160367  -0.00413452
  -0.0169087            0   -0.0175492 -0.000287881
  0.00160367    0.0175492            0   0.00515937
  0.00413452  0.000287881  -0.00515937            0
Repeater1[0]<--->HoM1[0]
REAL
  0.296632 0.00129318 -0.0217457  0.0680392
0.00129318   0.218912 0.00993109 -0.0116701
-0.0217457 0.00993109   0.176166 -0.0136694
 0.0680392 -0.0116701 -0.0136694    0.30829
IMAGINARY
          0  -0.0118038  0.00621516  -0.0185115
  0.0118038           0 -0.00294491 -0.00351246
-0.00621516  0.00294491           0   0.0185606
  0.0185115  0.00351246  -0.0185606           0
EndNode1[0]<--->Repeater1[0]
REAL
  0.324969 -0.0173277 -0.0121063  0.0657828
-0.0173277   0.185696  0.0085501   -0.01013
-0.0121063  0.0085501   0.194479  -0.003638
 0.0657828   -0.01013  -0.003638   0.294856
IMAGINARY
           0 -0.000620816   -0.0106545   -0.0110104
 0.000620816            0   -0.0213731    0.0125413
   0.0106545    0.0213731            0  -0.00126598
   0.0110104   -0.0125413   0.00126598            0
EndNode2[0]<--->HoM1[0]
REAL
   0.314322 -0.00538297 -0.00326047   0.0861659
-0.00538297    0.204056  0.00153046 -0.00197513
-0.00326047  0.00153046    0.200253 -0.00901493
  0.0861659 -0.00197513 -0.00901493    0.281369
IMAGINARY
           0 -0.000635663   0.00352896    -0.021315
 0.000635663            0  -0.00473333   -0.0126435
 -0.00352896   0.00473333            0  -0.00457267
    0.021315    0.0126435   0.00457267            0
Repeater1[0]<--->EndNode1[0]
REAL
  0.324969 -0.0121063 -0.0173277  0.0657828
-0.0121063   0.194479  0.0085501  -0.003638
-0.0173277  0.0085501   0.185696   -0.01013
 0.0657828  -0.003638   -0.01013   0.294856
IMAGINARY
           0   -0.0106545 -0.000620816   -0.0110104
   0.0106545            0    0.0213731  -0.00126598
 0.000620816   -0.0213731            0    0.0125413
   0.0110104   0.00126598   -0.0125413            0
Repeater1[0]<--->HoM1[0]
REAL
   0.314322 -0.00326047 -0.00538297   0.0861659
-0.00326047    0.200253  0.00153046 -0.00901493
-0.00538297  0.00153046    0.204056 -0.00197513
  0.0861659 -0.00901493 -0.00197513    0.281369
IMAGINARY
           0   0.00352896 -0.000635663    -0.021315
 -0.00352896            0   0.00473333  -0.00457267
 0.000635663  -0.00473333            0   -0.0126435
    0.021315   0.00457267    0.0126435            0
EndNode1[0]<--->Repeater1[0]
REAL
   0.288804 -0.00554493  -0.0137548   0.0851274
-0.00554493    0.222646  0.00373203 0.000492174
 -0.0137548  0.00373203     0.21883  -0.0236328
  0.0851274 0.000492174  -0.0236328     0.26972
IMAGINARY
          0 -0.00656764  -0.0069493  -0.0252826
 0.00656764           0  -0.0107072  -0.0132465
  0.0069493   0.0107072           0  -0.0124042
  0.0252826   0.0132465   0.0124042           0
EndNode2[0]<--->HoM1[0]
REAL
   0.269133  0.00268956  0.00787355    0.104156
 0.00268956    0.190051  0.00366022  0.00156042
 0.00787355  0.00366022    0.209184 -0.00538498
   0.104156  0.00156042 -0.00538498    0.331633
IMAGINARY
           0   -0.0265216   -0.0027022   -0.0221005
   0.0265216            0  -0.00641665  -0.00846405
   0.0027022   0.00641665            0  0.000467023
   0.0221005   0.00846405 -0.000467023            0
Repeater1[0]<--->EndNode1[0]
REAL
   0.288804  -0.0137548 -0.00554493   0.0851274
 -0.0137548     0.21883  0.00373203  -0.0236328
-0.00554493  0.00373203    0.222646 0.000492174
  0.0851274  -0.0236328 0.000492174     0.26972
IMAGINARY
          0  -0.0069493 -0.00656764  -0.0252826
  0.0069493           0   0.0107072  -0.0124042
 0.00656764  -0.0107072           0  -0.0132465
  0.0252826   0.0124042   0.0132465           0
Repeater1[0]<--->HoM1[0]
REAL
   0.269133  0.00787355  0.00268956    0.104156
 0.00787355    0.209184  0.00366022 -0.00538498
 0.00268956  0.00366022    0.190051  0.00156042
   0.104156 -0.00538498  0.00156042    0.331633
IMAGINARY
           0   -0.0027022   -0.0265216   -0.0221005
   0.0027022            0   0.00641665  0.000467023
   0.0265216  -0.00641665            0  -0.00846405
   0.0221005 -0.000467023   0.00846405            0
EndNode1[0]<--->Repeater1[0]
REAL
       0.28  -0.0139693 -0.00500161   0.0829939
 -0.0139693    0.228966  -0.0134752  -0.0150519
-0.00500161  -0.0134752    0.216552 -0.00341034
  0.0829939  -0.0150519 -0.00341034    0.274483
IMAGINARY
          0   0.0103132  -0.0093893  0.00607907
 -0.0103132           0   0.0106304 -0.00637362
  0.0093893  -0.0106304           0  0.00040563
-0.00607907  0.00637362 -0.00040563           0
EndNode2[0]<--->HoM1[0]
REAL
   0.293493 -0.00467085 -0.00729838    0.102468
-0.00467085    0.185923  0.00175325 -0.00193645
-0.00729838  0.00175325    0.212483  -0.0072025
   0.102468 -0.00193645  -0.0072025    0.308101
IMAGINARY
          0  0.00839392  0.00374824 -0.00286932
-0.00839392           0  0.00099666  0.00757477
-0.00374824 -0.00099666           0 -0.00422228
 0.00286932 -0.00757477  0.00422228           0
Repeater1[0]<--->EndNode1[0]
REAL
       0.28 -0.00500161  -0.0139693   0.0829939
-0.00500161    0.216552  -0.0134752 -0.00341034
 -0.0139693  -0.0134752    0.228966  -0.0150519
  0.0829939 -0.00341034  -0.0150519    0.274483
IMAGINARY
          0  -0.0093893   0.0103132  0.00607907
  0.0093893           0  -0.0106304  0.00040563
 -0.0103132   0.0106304           0 -0.00637362
-0.00607907 -0.00040563  0.00637362           0
Repeater1[0]<--->HoM1[0]
REAL
   0.293493 -0.00729838 -0.00467085    0.102468
-0.00729838    0.212483  0.00175325  -0.0072025
-0.00467085  0.00175325    0.185923 -0.00193645
   0.102468  -0.0072025 -0.00193645    0.308101
IMAGINARY
          0  0.00374824  0.00839392 -0.00286932
-0.00374824           0 -0.00099666 -0.00422228
-0.00839392  0.00099666           0  0.00757477
 0.00286932  0.00422228 -0.00757477           0
EndNode1[0]<--->Repeater1[0]
REAL
    0.27013  0.00789861  0.00342329   0.0961164
 0.00789861    0.220779  0.00414747 -0.00606181
 0.00342329  0.00414747    0.212987  0.00661326
  0.0961164 -0.00606181  0.00661326    0.296104
IMAGINARY
          0  0.00807705  0.00938072   0.0141984
-0.00807705           0  -0.0190528 -0.00679004
-0.00938072   0.0190528           0 -0.00160037
 -0.0141984  0.00679004  0.00160037           0
EndNode2[0]<--->HoM1[0]
REAL
  0.312579 -0.0338013 -0.0109767  0.0980035
-0.0338013   0.175349 0.00380061 -0.0199511
-0.0109767 0.00380061   0.218551  0.0118941
 0.0980035 -0.0199511  0.0118941    0.29352
IMAGINARY
          0  0.00069202  -0.0160674   0.0115719
-0.00069202           0 -0.00826938  0.00761327
  0.0160674  0.00826938           0  -0.0236389
 -0.0115719 -0.00761327   0.0236389           0
Repeater1[0]<--->EndNode1[0]
REAL
    0.27013  0.00342329  0.00789861   0.0961164
 0.00342329    0.212987  0.00414747  0.00661326
 0.00789861  0.00414747    0.220779 -0.00606181
  0.0961164  0.00661326 -0.00606181    0.296104
IMAGINARY
          0  0.00938072  0.00807705   0.0141984
-0.00938072           0   0.0190528 -0.00160037
-0.00807705  -0.0190528           0 -0.00679004
 -0.0141984  0.00160037  0.00679004           0
Repeater1[0]<--->HoM1[0]
REAL
  0.312579 -0.0109767 -0.0338013  0.0980035
-0.0109767   0.218551 0.00380061  0.0118941
-0.0338013 0.00380061   0.175349 -0.0199511
 0.0980035  0.0118941 -0.0199511    0.29352
IMAGINARY
          0  -0.0160674  0.00069202   0.0115719
  0.0160674           0  0.00826938  -0.0236389
-0.00069202 -0.00826938           0  0.00761327
 -0.0115719   0.0236389 -0.00761327           0
EndNode1[0]<--->Repeater1[0]
REAL
   0.303959   0.0330588   0.0114772   0.0814799
  0.0330588    0.214559 -0.00163698   0.0238631
  0.0114772 -0.00163698    0.200511  0.00620825
  0.0814799   0.0238631  0.00620825    0.280971
IMAGINARY
           0    0.0155485    0.0107222   -0.0219579
  -0.0155485            0 -0.000110203  0.000966107
  -0.0107222  0.000110203            0   0.00263334
   0.0219579 -0.000966107  -0.00263334            0
EndNode2[0]<--->HoM1[0]
REAL
   0.252218 -0.00494772    0.015752   0.0764406
-0.00494772    0.217997 -0.00100671  -0.0164196
   0.015752 -0.00100671    0.205323  -0.0117412
  0.0764406  -0.0164196  -0.0117412    0.324461
IMAGINARY
          0  -0.0193732  0.00129603  -0.0257356
  0.0193732           0 -0.00648092    0.010476
-0.00129603  0.00648092           0  -0.0109861
  0.0257356   -0.010476   0.0109861           0
Repeater1[0]<--->EndNode1[0]
REAL
   0.303959   0.0114772   0.0330588   0.0814799
  0.0114772    0.200511 -0.00163698  0.00620825
  0.0330588 -0.00163698    0.214559   0.0238631
  0.0814799  0.00620825   0.0238631    0.280971
IMAGINARY
           0    0.0107222    0.0155485   -0.0219579
  -0.0107222            0  0.000110203   0.00263334
  -0.0155485 -0.000110203            0  0.000966107
   0.0219579  -0.00263334 -0.000966107            0
Repeater1[0]<--->HoM1[0]
REAL
   0.252218    0.015752 -0.00494772   0.0764406
   0.015752    0.205323 -0.00100671  -0.0117412
-0.00494772 -0.00100671    0.217997  -0.0164196
  0.0764406  -0.0117412  -0.0164196    0.324461
IMAGINARY
          0  0.00129603  -0.0193732  -0.0257356
-0.00129603           0  0.00648092  -0.0109861
  0.0193732 -0.00648092           0    0.010476
  0.0257356   0.0109861   -0.010476           0
EndNode1[0]<--->Repeater1[0]
REAL
  0.300239 0.00448086 0.00229779   0.082082
0.00448086   0.202153 0.00933071  0.0157078
0.00229779 0.00933071   0.202153  -0.010021
  0.082082  0.0157078  -0.010021   0.295455
IMAGINARY
          0   0.0119153  0.00926673 -0.00665273
 -0.0119153           0  0.00535739 -0.00265297
-0.00926673 -0.00535739           0  0.00924868
 0.00665273  0.00265297 -0.00924868           0
EndNode2[0]<--->HoM1[0]
REAL
   0.296689  -0.0022508  0.00440263   0.0842101
 -0.0022508    0.190728 -0.00163529   0.0131526
 0.00440263 -0.00163529    0.230464 0.000300218
  0.0842101   0.0131526 0.000300218    0.282119
IMAGINARY
          0  0.00980767  0.00589022  0.00372005
-0.00980767           0 -0.00439481  0.00525002
-0.00589022  0.00439481           0 -0.00259928
-0.00372005 -0.00525002  0.00259928           0
Repeater1[0]<--->EndNode1[0]
REAL
  0.300239 0.00229779 0.00448086   0.082082
0.00229779   0.202153 0.00933071  -0.010021
0.00448086 0.00933071   0.202153  0.0157078
  0.082082  -0.010021  0.0157078   0.295455
IMAGINARY
          0  0.00926673   0.0119153 -0.00665273
-0.00926673           0 -0.00535739  0.00924868
 -0.0119153  0.00535739           0 -0.00265297
 0.00665273 -0.00924868  0.00265297           0
Repeater1[0]<--->HoM1[0]
REAL
   0.296689  0.00440263  -0.0022508   0.0842101
 0.00440263    0.230464 -0.00163529 0.000300218
 -0.0022508 -0.00163529    0.190728   0.0131526
  0.0842101 0.000300218   0.0131526    0.282119
IMAGINARY
          0  0.00589022  0.00980767  0.00372005
-0.00589022           0  0.00439481 -0.00259928
-0.00980767 -0.00439481           0  0.00525002
-0.00372005  0.00259928 -0.00525002           0
EndNode1[0]<--->Repeater1[0]
REAL
   0.291188 -0.00566736 -0.00346632   0.0861325
-0.00566736    0.226054  -0.0136134  0.00219406
-0.00346632  -0.0136134    0.189017  0.00948415
  0.0861325  0.00219406  0.00948415    0.293742
IMAGINARY
         0 -0.0155956 -0.0101195   0.012483
 0.0155956          0  -0.016339 -0.0133875
 0.0101195   0.016339          0  0.0251254
 -0.012483  0.0133875 -0.0251254          0
EndNode2[0]<--->HoM1[0]
REAL
   0.309068   0.0103341   0.0151109   0.0811789
  0.0103341    0.199234 -0.00859828  0.00370632
  0.0151109 -0.00859828    0.219668  0.00310676
  0.0811789  0.00370632  0.00310676    0.272031
IMAGINARY
          0  0.00753604   0.0027491  0.00150726
-0.00753604           0  0.00286228   0.0149442
 -0.0027491 -0.00286228           0  0.00753604
-0.00150726  -0.0149442 -0.00753604           0
Repeater1[0]<--->EndNode1[0]
REAL
   0.291188 -0.00346632 -0.00566736   0.0861325
-0.00346632    0.189017  -0.0136134  0.00948415
-0.00566736  -0.0136134    0.226054  0.00219406
  0.0861325  0.00948415  0.00219406    0.293742
IMAGINARY
         0 -0.0101195 -0.0155956   0.012483
 0.0101195          0   0.016339  0.0251254
 0.0155956  -0.016339          0 -0.0133875
 -0.012483 -0.0251254  0.0133875          0
Repeater1[0]<--->HoM1[0]
REAL
   0.309068   0.0151109   0.0103341   0.0811789
  0.0151109    0.219668 -0.00859828  0.00310676
  0.0103341 -0.00859828    0.199234  0.00370632
  0.0811789  0.00310676  0.00370632    0.272031
IMAGINARY
          0   0.0027491  0.00753604  0.00150726
 -0.0027491           0 -0.00286228  0.00753604
-0.00753604  0.00286228           0   0.0149442
-0.00150726 -0.00753604  -0.0149442           0
EndNode1[0]<--->Repeater1[0]
REAL
    0.30875 -0.00088617   0.0174745    0.108014
-0.00088617     0.20125  -0.0143464   0.0181456
  0.0174745  -0.0143464     0.20625  -0.0109872
   0.108014   0.0181456  -0.0109872     0.28375
IMAGINARY
          0   0.0229968  -0.0164739   0.0184004
 -0.0229968           0    0.013919 -0.00402302
  0.0164739   -0.013919           0   0.0223449
 -0.0184004  0.00402302  -0.0223449           0
EndNode2[0]<--->HoM1[0]
REAL
   0.286245 0.000732458   0.0132908   0.0822385
0.000732458    0.240397 -0.00546952 0.000727939
  0.0132908 -0.00546952    0.213135   0.0146213
  0.0822385 0.000727939   0.0146213    0.260223
IMAGINARY
          0  0.00309118  0.00849933   -0.010718
-0.00309118           0 -0.00269662 -0.00529831
-0.00849933  0.00269662           0  -0.0062922
   0.010718  0.00529831   0.0062922           0
Repeater1[0]<--->EndNode1[0]
REAL
    0.30875   0.0174745 -0.00088617    0.108014
  0.0174745     0.20625  -0.0143464  -0.0109872
-0.00088617  -0.0143464     0.20125   0.0181456
   0.108014  -0.0109872   0.0181456     0.28375
IMAGINARY
          0  -0.0164739   0.0229968   0.0184004
  0.0164739           0   -0.013919   0.0223449
 -0.0229968    0.013919           0 -0.00402302
 -0.0184004  -0.0223449  0.00402302           0
Repeater1[0]<--->HoM1[0]
REAL
   0.286245   0.0132908 0.000732458   0.0822385
  0.0132908    0.213135 -0.00546952   0.0146213
0.000732458 -0.00546952    0.240397 0.000727939
  0.0822385   0.0146213 0.000727939    0.260223
IMAGINARY
          0  0.00849933  0.00309118   -0.010718
-0.00849933           0  0.00269662  -0.0062922
-0.00309118 -0.00269662           0 -0.00529831
   0.010718   0.0062922  0.00529831           0
EndNode1[0]<--->Repeater1[0]
REAL
    0.31935   0.0269517   0.0170835    0.106128
  0.0269517    0.197564 0.000830375   0.0125557
  0.0170835 0.000830375    0.201624  -0.0269517
   0.106128   0.0125557  -0.0269517    0.281461
IMAGINARY
           0   0.00534806 -0.000480132    -0.011255
 -0.00534806            0    0.0105927  -0.00548013
 0.000480132   -0.0105927            0   -0.0311759
    0.011255   0.00548013    0.0311759            0
EndNode2[0]<--->HoM1[0]
REAL
    0.27474 -0.00560814  0.00643997     0.08283
-0.00560814    0.191406  -0.0110351  -0.0154143
 0.00643997  -0.0110351     0.21875  -0.0213149
    0.08283  -0.0154143  -0.0213149    0.315104
IMAGINARY
          0   0.0061656   -0.015186  0.00461121
 -0.0061656           0  -0.0096745 -0.00751338
   0.015186   0.0096745           0  0.00549084
-0.00461121  0.00751338 -0.00549084           0
Repeater1[0]<--->EndNode1[0]
REAL
    0.31935   0.0170835   0.0269517    0.106128
  0.0170835    0.201624 0.000830375  -0.0269517
  0.0269517 0.000830375    0.197564   0.0125557
   0.106128  -0.0269517   0.0125557    0.281461
IMAGINARY
           0 -0.000480132   0.00534806    -0.011255
 0.000480132            0   -0.0105927   -0.0311759
 -0.00534806    0.0105927            0  -0.00548013
    0.011255    0.0311759   0.00548013            0
Repeater1[0]<--->HoM1[0]
REAL
    0.27474  0.00643997 -0.00560814     0.08283
 0.00643997     0.21875  -0.0110351  -0.0213149
-0.00560814  -0.0110351    0.191406  -0.0154143
    0.08283  -0.0213149  -0.0154143    0.315104
IMAGINARY
          0   -0.015186   0.0061656  0.00461121
   0.015186           0   0.0096745  0.00549084
 -0.0061656  -0.0096745           0 -0.00751338
-0.00461121 -0.00549084  0.00751338           0
EndNode1[0]<--->Repeater1[0]
REAL
   0.301144 -0.00268391 -0.00308341   0.0867457
-0.00268391    0.203304 -0.00320139  -0.0159039
-0.00308341 -0.00320139    0.207116  -0.0150376
  0.0867457  -0.0159039  -0.0150376    0.288437
IMAGINARY
          0  0.00891881   -0.010029 -0.00450286
-0.00891881           0 -0.00386265  0.00341527
   0.010029  0.00386265           0  0.00827696
 0.00450286 -0.00341527 -0.00827696           0
EndNode2[0]<--->HoM1[0]
REAL
   0.279292 0.000416689  -0.0257102    0.093773
0.000416689    0.213896  0.00726998  0.00550157
 -0.0257102  0.00726998    0.196185   -0.010195
   0.093773  0.00550157   -0.010195    0.310627
IMAGINARY
          0   0.0249736 -0.00117158   0.0103847
 -0.0249736           0  0.00838204  -0.0215278
 0.00117158 -0.00838204           0  0.00140674
 -0.0103847   0.0215278 -0.00140674           0
Repeater1[0]<--->EndNode1[0]
REAL
   0.301144 -0.00308341 -0.00268391   0.0867457
-0.00308341    0.207116 -0.00320139  -0.0150376
-0.00268391 -0.00320139    0.203304  -0.0159039
  0.0867457  -0.0150376  -0.0159039    0.288437
IMAGINARY
          0   -0.010029  0.00891881 -0.00450286
   0.010029           0  0.00386265  0.00827696
-0.00891881 -0.00386265           0  0.00341527
 0.00450286 -0.00827696 -0.00341527           0
Repeater1[0]<--->HoM1[0]
REAL
   0.279292  -0.0257102 0.000416689    0.093773
 -0.0257102    0.196185  0.00726998   -0.010195
0.000416689  0.00726998    0.213896  0.00550157
   0.093773   -0.010195  0.00550157    0.310627
IMAGINARY
          0 -0.00117158   0.0249736   0.0103847
 0.00117158           0 -0.00838204  0.00140674
 -0.0249736  0.00838204           0  -0.0215278
 -0.0103847 -0.00140674   0.0215278           0
EndNode1[0]<--->Repeater1[0]
REAL
   0.281602   0.0227152 -0.00790077   0.0769329
  0.0227152    0.195244  0.00125371 -0.00852499
-0.00790077  0.00125371    0.215269  -0.0010332
  0.0769329 -0.00852499  -0.0010332    0.307885
IMAGINARY
           0  -0.00516379   0.00431044  0.000628127
  0.00516379            0    -0.037735     0.013154
 -0.00431044     0.037735            0    0.0032233
-0.000628127    -0.013154   -0.0032233            0
EndNode2[0]<--->HoM1[0]
REAL
   0.268409 -0.00542728 -0.00504184   0.0759276
-0.00542728    0.206651  -0.0339835 -0.00627641
-0.00504184  -0.0339835    0.213777  0.00742462
  0.0759276 -0.00627641  0.00742462    0.311164
IMAGINARY
          0  -0.0159102  -0.0127535  0.00473565
  0.0159102           0  0.00282968  0.00576498
  0.0127535 -0.00282968           0 -0.00124354
-0.00473565 -0.00576498  0.00124354           0
Repeater1[0]<--->EndNode1[0]
REAL
   0.281602 -0.00790077   0.0227152   0.0769329
-0.00790077    0.215269  0.00125371  -0.0010332
  0.0227152  0.00125371    0.195244 -0.00852499
  0.0769329  -0.0010332 -0.00852499    0.307885
IMAGINARY
           0   0.00431044  -0.00516379  0.000628127
 -0.00431044            0     0.037735    0.0032233
  0.00516379    -0.037735            0     0.013154
-0.000628127   -0.0032233    -0.013154            0
Repeater1[0]<--->HoM1[0]
REAL
   0.268409 -0.00504184 -0.00542728   0.0759276
-0.00504184    0.213777  -0.0339835  0.00742462
-0.00542728  -0.0339835    0.206651 -0.00627641
  0.0759276  0.00742462 -0.00627641    0.311164
IMAGINARY
          0  -0.0127535  -0.0159102  0.00473565
  0.0127535           0 -0.00282968 -0.00124354
  0.0159102  0.00282968           0  0.00576498
-0.00473565  0.00124354 -0.00576498           0
EndNode1[0]<--->Repeater1[0]
REAL
   0.296296 -0.00064433  0.00485499    0.065991
-0.00064433     0.18642  -0.0173423  -0.0264766
 0.00485499  -0.0173423    0.204938  0.00064433
   0.065991  -0.0264766  0.00064433    0.312346
IMAGINARY
          0  0.00441919  0.00307765  -0.0252725
-0.00441919           0   0.0103954  0.00828598
-0.00307765  -0.0103954           0  0.00441919
  0.0252725 -0.00828598 -0.00441919           0
EndNode2[0]<--->HoM1[0]
REAL
    0.29199  0.00751603   0.0104777   0.0638508
 0.00751603    0.198966 -0.00260081   0.0170223
  0.0104777 -0.00260081    0.197674  0.00623397
  0.0638508   0.0170223  0.00623397     0.31137
IMAGINARY
          0 -0.00941752   0.0170802  0.00461639
 0.00941752           0  0.00928929  -0.0125641
 -0.0170802 -0.00928929           0   0.0229659
-0.00461639   0.0125641  -0.0229659           0
Repeater1[0]<--->EndNode1[0]
REAL
   0.296296  0.00485499 -0.00064433    0.065991
 0.00485499    0.204938  -0.0173423  0.00064433
-0.00064433  -0.0173423     0.18642  -0.0264766
   0.065991  0.00064433  -0.0264766    0.312346
IMAGINARY
          0  0.00307765  0.00441919  -0.0252725
-0.00307765           0  -0.0103954  0.00441919
-0.00441919   0.0103954           0  0.00828598
  0.0252725 -0.00441919 -0.00828598           0
Repeater1[0]<--->HoM1[0]
REAL
    0.29199   0.0104777  0.00751603   0.0638508
  0.0104777    0.197674 -0.00260081  0.00623397
 0.00751603 -0.00260081    0.198966   0.0170223
  0.0638508  0.00623397   0.0170223     0.31137
IMAGINARY
          0   0.0170802 -0.00941752  0.00461639
 -0.0170802           0 -0.00928929   0.0229659
 0.00941752  0.00928929           0  -0.0125641
-0.00461639  -0.0229659   0.0125641           0
EndNode1[0]<--->Repeater1[0]
REAL
   0.333333  -0.0133456   0.0140562    0.101741
 -0.0133456    0.187811  0.00200714 -0.00133869
  0.0140562  0.00200714    0.226368  -0.0114201
   0.101741 -0.00133869  -0.0114201    0.252488
IMAGINARY
           0   -0.0181663 -0.000494805    0.0207394
   0.0181663            0   0.00531521    0.0111331
 0.000494805  -0.00531521            0    0.0194961
  -0.0207394   -0.0111331   -0.0194961            0
EndNode2[0]<--->HoM1[0]
REAL
  0.264706 -0.0128161 -0.0260312   0.103348
-0.0128161   0.221228  0.0177863  0.0015467
-0.0260312  0.0177863   0.204604  0.0192594
  0.103348  0.0015467  0.0192594   0.309463
IMAGINARY
          0 -0.00820796  -0.0102332   -0.004207
 0.00820796           0   0.0178611   0.0062225
  0.0102332  -0.0178611           0  -0.0145193
   0.004207  -0.0062225   0.0145193           0
Repeater1[0]<--->EndNode1[0]
REAL
   0.333333   0.0140562  -0.0133456    0.101741
  0.0140562    0.226368  0.00200714  -0.0114201
 -0.0133456  0.00200714    0.187811 -0.00133869
   0.101741  -0.0114201 -0.00133869    0.252488
IMAGINARY
           0 -0.000494805   -0.0181663    0.0207394
 0.000494805            0  -0.00531521    0.0194961
   0.0181663   0.00531521            0    0.0111331
  -0.0207394   -0.0194961   -0.0111331            0
Repeater1[0]<--->HoM1[0]
REAL
  0.264706 -0.0260312 -0.0128161   0.103348
-0.0260312   0.204604  0.0177863  0.0192594
-0.0128161  0.0177863   0.221228  0.0015467
  0.103348  0.0192594  0.0015467   0.309463
IMAGINARY
          0  -0.0102332 -0.00820796   -0.004207
  0.0102332           0  -0.0178611  -0.0145193
 0.00820796   0.0178611           0   0.0062225
   0.004207   0.0145193  -0.0062225           0
EndNode1[0]<--->Repeater1[0]
REAL
   0.284841  -0.0031628 -0.00278552    0.111117
 -0.0031628    0.213936 -0.00322198  0.00278552
-0.00278552 -0.00322198    0.217604  -0.0099951
   0.111117  0.00278552  -0.0099951    0.283619
IMAGINARY
          0 -0.00260384  0.00450649  0.00953646
 0.00260384           0  0.00221289  -0.0100689
-0.00450649 -0.00221289           0  -0.0140834
-0.00953646   0.0100689   0.0140834           0
EndNode2[0]<--->HoM1[0]
REAL
    0.268886    -0.011549   0.00852009    0.0669083
   -0.011549     0.198464    0.0139835   0.00358182
  0.00852009    0.0139835     0.226633 -0.000552896
   0.0669083   0.00358182 -0.000552896     0.306018
IMAGINARY
           0    -0.014588 -0.000876574   -0.0111103
    0.014588            0 -0.000880114   -0.0116582
 0.000876574  0.000880114            0  -0.00491059
   0.0111103    0.0116582   0.00491059            0
Repeater1[0]<--->EndNode1[0]
REAL
   0.284841 -0.00278552  -0.0031628    0.111117
-0.00278552    0.217604 -0.00322198  -0.0099951
 -0.0031628 -0.00322198    0.213936  0.00278552
   0.111117  -0.0099951  0.00278552    0.283619
IMAGINARY
          0  0.00450649 -0.00260384  0.00953646
-0.00450649           0 -0.00221289  -0.0140834
 0.00260384  0.00221289           0  -0.0100689
-0.00953646   0.0140834   0.0100689           0
Repeater1[0]<--->HoM1[0]
REAL
    0.268886   0.00852009    -0.011549    0.0669083
  0.00852009     0.226633    0.0139835 -0.000552896
   -0.011549    0.0139835     0.198464   0.00358182
   0.0669083 -0.000552896   0.00358182     0.306018
IMAGINARY
           0 -0.000876574    -0.014588   -0.0111103
 0.000876574            0  0.000880114  -0.00491059
    0.014588 -0.000880114            0   -0.0116582
   0.0111103   0.00491059    0.0116582            0
EndNode1[0]<--->Repeater1[0]
REAL
   0.297587  0.00649267   -0.015988   0.0970567
 0.00649267    0.186327  0.00475917  0.00107234
  -0.015988  0.00475917    0.199732 0.000640919
  0.0970567  0.00107234 0.000640919    0.316354
IMAGINARY
          0  0.00810446 -0.00528683  0.00813712
-0.00810446           0  -0.0343886 -0.00467333
 0.00528683   0.0343886           0   0.0138079
-0.00813712  0.00467333  -0.0138079           0
EndNode2[0]<--->HoM1[0]
REAL
  0.327273 0.00929546  0.0227202  0.0871004
0.00929546   0.180519  0.0247661 0.00261971
 0.0227202  0.0247661   0.202597  0.0086279
 0.0871004 0.00261971  0.0086279    0.28961
IMAGINARY
          0 -0.00165034  0.00408779   0.0278296
 0.00165034           0 -0.00872553 -0.00276153
-0.00408779  0.00872553           0  -0.0129385
 -0.0278296  0.00276153   0.0129385           0
Repeater1[0]<--->EndNode1[0]
REAL
   0.297587   -0.015988  0.00649267   0.0970567
  -0.015988    0.199732  0.00475917 0.000640919
 0.00649267  0.00475917    0.186327  0.00107234
  0.0970567 0.000640919  0.00107234    0.316354
IMAGINARY
          0 -0.00528683  0.00810446  0.00813712
 0.00528683           0   0.0343886   0.0138079
-0.00810446  -0.0343886           0 -0.00467333
-0.00813712  -0.0138079  0.00467333           0
Repeater1[0]<--->HoM1[0]
REAL
  0.327273  0.0227202 0.00929546  0.0871004
 0.0227202   0.202597  0.0247661  0.0086279
0.00929546  0.0247661   0.180519 0.00261971
 0.0871004  0.0086279 0.00261971    0.28961
IMAGINARY
          0  0.00408779 -0.00165034   0.0278296
-0.00408779           0  0.00872553  -0.0129385
 0.00165034 -0.00872553           0 -0.00276153
 -0.0278296   0.0129385  0.00276153           0
EndNode1[0]<--->Repeater1[0]
REAL
   0.284689 -0.00630962 0.000944176   0.0838197
-0.00630962    0.212919 -0.00101317 -0.00536896
0.000944176 -0.00101317    0.210526  -0.0309849
  0.0838197 -0.00536896  -0.0309849    0.291866
IMAGINARY
          0   0.0100885    -0.02546   0.0136996
 -0.0100885           0   0.0118176  0.00875051
    0.02546  -0.0118176           0  0.00276495
 -0.0136996 -0.00875051 -0.00276495           0
EndNode2[0]<--->HoM1[0]
REAL
  0.316043 0.00375121  0.0263869  0.0983022
0.00375121    0.19421 -0.0111965 -0.0188423
 0.0263869 -0.0111965   0.186972  0.0106521
 0.0983022 -0.0188423  0.0106521   0.302774
IMAGINARY
          0  0.00956683   0.0293518    0.016778
