EndNode1[0]<--->Repeater1[0]
REAL
    0.379352   -0.0075683    0.0159593     0.232017
  -0.0075683     0.115246     0.035088 -0.000169779
   0.0159593     0.035088     0.115246    0.0115157
    0.232017 -0.000169779    0.0115157     0.390156
IMAGINARY
           0    0.0175567  -0.00899212   0.00253612
  -0.0175567            0 -0.000600639   -0.0117021
  0.00899212  0.000600639            0 -0.000867739
 -0.00253612    0.0117021  0.000867739            0
EndNode2[0]<--->HoM1[0]
REAL
   0.408163  0.00451031   0.0169712    0.250686
 0.00451031    0.104592    0.053438  0.00235872
  0.0169712    0.053438    0.109694 -0.00837629
   0.250686  0.00235872 -0.00837629    0.377551
IMAGINARY
          0  -0.0130622  0.00234867  -0.0173047
  0.0130622           0 -0.00259881   0.0232083
-0.00234867  0.00259881           0   0.0124069
  0.0173047  -0.0232083  -0.0124069           0
Repeater1[0]<--->EndNode1[0]
REAL
    0.379352    0.0159593   -0.0075683     0.232017
   0.0159593     0.115246     0.035088    0.0115157
  -0.0075683     0.035088     0.115246 -0.000169779
    0.232017    0.0115157 -0.000169779     0.390156
IMAGINARY
           0  -0.00899212    0.0175567   0.00253612
  0.00899212            0  0.000600639 -0.000867739
  -0.0175567 -0.000600639            0   -0.0117021
 -0.00253612  0.000867739    0.0117021            0
Repeater1[0]<--->HoM1[0]
REAL
   0.408163   0.0169712  0.00451031    0.250686
  0.0169712    0.109694    0.053438 -0.00837629
 0.00451031    0.053438    0.104592  0.00235872
   0.250686 -0.00837629  0.00235872    0.377551
IMAGINARY
          0  0.00234867  -0.0130622  -0.0173047
-0.00234867           0  0.00259881   0.0124069
  0.0130622 -0.00259881           0   0.0232083
  0.0173047  -0.0124069  -0.0232083           0
EndNode1[0]<--->Repeater1[0]
REAL
  0.386449  0.0100978 -0.0044999   0.257183
 0.0100978   0.105395  0.0372337  0.0184593
-0.0044999  0.0372337    0.10665 -0.0113668
  0.257183  0.0184593 -0.0113668   0.401506
IMAGINARY
          0   0.0144002  0.00572185  0.00805471
 -0.0144002           0 -0.00674581  -0.0197884
-0.00572185  0.00674581           0    0.023963
-0.00805471   0.0197884   -0.023963           0
EndNode2[0]<--->HoM1[0]
REAL
   0.398996   0.0196994 5.36985e-05    0.238568
  0.0196994    0.097867    0.025535  -0.0051819
5.36985e-05    0.025535    0.114178  -0.0325199
   0.238568  -0.0051819  -0.0325199    0.388959
IMAGINARY
           0  -0.00755525     0.040339   -0.0053481
  0.00755525            0  -0.00467696 -0.000238733
   -0.040339   0.00467696            0   0.00880838
   0.0053481  0.000238733  -0.00880838            0
Repeater1[0]<--->EndNode1[0]
REAL
  0.386449 -0.0044999  0.0100978   0.257183
-0.0044999    0.10665  0.0372337 -0.0113668
 0.0100978  0.0372337   0.105395  0.0184593
  0.257183 -0.0113668  0.0184593   0.401506
IMAGINARY
          0  0.00572185   0.0144002  0.00805471
-0.00572185           0  0.00674581    0.023963
 -0.0144002 -0.00674581           0  -0.0197884
-0.00805471   -0.023963   0.0197884           0
Repeater1[0]<--->HoM1[0]
REAL
   0.398996 5.36985e-05   0.0196994    0.238568
5.36985e-05    0.114178    0.025535  -0.0325199
  0.0196994    0.025535    0.097867  -0.0051819
   0.238568  -0.0325199  -0.0051819    0.388959
IMAGINARY
           0     0.040339  -0.00755525   -0.0053481
   -0.040339            0   0.00467696   0.00880838
  0.00755525  -0.00467696            0 -0.000238733
   0.0053481  -0.00880838  0.000238733            0
EndNode1[0]<--->Repeater1[0]
REAL
   0.405585 -0.00305774 -0.00588395    0.229526
-0.00305774    0.107713   0.0221432 -0.00145917
-0.00588395   0.0221432    0.105053  0.00105507
   0.229526 -0.00145917  0.00105507    0.381649
IMAGINARY
           0    0.0022887   0.00787825 -0.000339213
  -0.0022887            0  0.000339213    -0.011234
 -0.00787825 -0.000339213            0  -0.00161755
 0.000339213     0.011234   0.00161755            0
EndNode2[0]<--->HoM1[0]
REAL
   0.383142 0.000289561   0.0030585     0.24967
0.000289561    0.109834   0.0495428   0.0100649
  0.0030585   0.0495428    0.128991 -0.00422657
    0.24967   0.0100649 -0.00422657    0.378033
IMAGINARY
          0  -0.0126863  0.00423985  0.00692494
  0.0126863           0   0.0043933  -0.0150404
-0.00423985  -0.0043933           0  0.00315649
-0.00692494   0.0150404 -0.00315649           0
Repeater1[0]<--->EndNode1[0]
REAL
   0.405585 -0.00588395 -0.00305774    0.229526
-0.00588395    0.105053   0.0221432  0.00105507
-0.00305774   0.0221432    0.107713 -0.00145917
   0.229526  0.00105507 -0.00145917    0.381649
IMAGINARY
           0   0.00787825    0.0022887 -0.000339213
 -0.00787825            0 -0.000339213  -0.00161755
  -0.0022887  0.000339213            0    -0.011234
 0.000339213   0.00161755     0.011234            0
Repeater1[0]<--->HoM1[0]
REAL
   0.383142   0.0030585 0.000289561     0.24967
  0.0030585    0.128991   0.0495428 -0.00422657
0.000289561   0.0495428    0.109834   0.0100649
    0.24967 -0.00422657   0.0100649    0.378033
IMAGINARY
          0  0.00423985  -0.0126863  0.00692494
-0.00423985           0  -0.0043933  0.00315649
  0.0126863   0.0043933           0  -0.0150404
-0.00692494 -0.00315649   0.0150404           0
EndNode1[0]<--->Repeater1[0]
REAL
   0.389245 -0.00275979    0.018214    0.255285
-0.00275979    0.115237   0.0535984  0.00264737
   0.018214   0.0535984    0.103713   0.0182376
   0.255285  0.00264737   0.0182376    0.391805
IMAGINARY
          0   0.0140209 -0.00595426 -0.00046237
 -0.0140209           0   0.0206644  -0.0361988
 0.00595426  -0.0206644           0     0.02035
 0.00046237   0.0361988    -0.02035           0
EndNode2[0]<--->HoM1[0]
REAL
   0.399507  -0.0234324 -0.00931926    0.249819
 -0.0234324    0.110974   0.0364602  0.00668074
-0.00931926   0.0364602     0.11344   0.0049627
   0.249819  0.00668074   0.0049627    0.376079
IMAGINARY
          0  -0.0110933 -0.00415145  0.00233364
  0.0110933           0   -0.011285  0.00479996
 0.00415145    0.011285           0  0.00655375
-0.00233364 -0.00479996 -0.00655375           0
Repeater1[0]<--->EndNode1[0]
REAL
   0.389245    0.018214 -0.00275979    0.255285
   0.018214    0.103713   0.0535984   0.0182376
-0.00275979   0.0535984    0.115237  0.00264737
   0.255285   0.0182376  0.00264737    0.391805
IMAGINARY
          0 -0.00595426   0.0140209 -0.00046237
 0.00595426           0  -0.0206644     0.02035
 -0.0140209   0.0206644           0  -0.0361988
 0.00046237    -0.02035   0.0361988           0
Repeater1[0]<--->HoM1[0]
REAL
   0.399507 -0.00931926  -0.0234324    0.249819
-0.00931926     0.11344   0.0364602   0.0049627
 -0.0234324   0.0364602    0.110974  0.00668074
   0.249819   0.0049627  0.00668074    0.376079
IMAGINARY
          0 -0.00415145  -0.0110933  0.00233364
 0.00415145           0    0.011285  0.00655375
  0.0110933   -0.011285           0  0.00479996
-0.00233364 -0.00655375 -0.00479996           0
EndNode1[0]<--->Repeater1[0]
REAL
   0.427854    0.012185  0.00615959    0.266246
   0.012185    0.109159   0.0390872 -0.00349292
 0.00615959   0.0390872   0.0915935  0.00648162
   0.266246 -0.00349292  0.00648162    0.371393
IMAGINARY
          0 -0.00887427 -0.00470763   0.0124729
 0.00887427           0    0.015758 -0.00217598
 0.00470763   -0.015758           0  -0.0142797
 -0.0124729  0.00217598   0.0142797           0
EndNode2[0]<--->HoM1[0]
REAL
    0.37351  0.00962217  0.00149843     0.23906
 0.00962217     0.12053   0.0577947 -0.00346435
 0.00149843   0.0577947   0.0874172  0.00282869
    0.23906 -0.00346435  0.00282869    0.418543
IMAGINARY
           0  -0.00420377  -0.00272046   -0.0144441
  0.00420377            0 -8.37659e-05   0.00515355
  0.00272046  8.37659e-05            0     0.011503
   0.0144441  -0.00515355    -0.011503            0
Repeater1[0]<--->EndNode1[0]
REAL
   0.427854  0.00615959    0.012185    0.266246
 0.00615959   0.0915935   0.0390872  0.00648162
   0.012185   0.0390872    0.109159 -0.00349292
   0.266246  0.00648162 -0.00349292    0.371393
IMAGINARY
          0 -0.00470763 -0.00887427   0.0124729
 0.00470763           0   -0.015758  -0.0142797
 0.00887427    0.015758           0 -0.00217598
 -0.0124729   0.0142797  0.00217598           0
Repeater1[0]<--->HoM1[0]
REAL
    0.37351  0.00149843  0.00962217     0.23906
 0.00149843   0.0874172   0.0577947  0.00282869
 0.00962217   0.0577947     0.12053 -0.00346435
    0.23906  0.00282869 -0.00346435    0.418543
IMAGINARY
           0  -0.00272046  -0.00420377   -0.0144441
  0.00272046            0  8.37659e-05     0.011503
  0.00420377 -8.37659e-05            0   0.00515355
   0.0144441    -0.011503  -0.00515355            0
EndNode1[0]<--->Repeater1[0]
REAL
   0.385856  -0.0121493  0.00480769    0.227252
 -0.0121493    0.104218   0.0372905 -0.00480769
 0.00480769   0.0372905    0.110422  -0.0127814
   0.227252 -0.00480769  -0.0127814    0.399504
IMAGINARY
          0  -0.0260491   0.0198901  -0.0211991
  0.0260491           0  0.00531603  0.00234624
 -0.0198901 -0.00531603           0  -0.0266828
  0.0211991 -0.00234624   0.0266828           0
EndNode2[0]<--->HoM1[0]
REAL
   0.405333 -0.00213341  -0.0124366    0.244399
-0.00213341    0.102667   0.0425519   0.0104392
 -0.0124366   0.0425519   0.0973333   0.0161148
   0.244399   0.0104392   0.0161148    0.394667
IMAGINARY
           0   -0.0139776   -0.0101132  -0.00971069
   0.0139776            0  -0.00159584    0.0233058
   0.0101132   0.00159584            0  0.000784952
  0.00971069   -0.0233058 -0.000784952            0
Repeater1[0]<--->EndNode1[0]
REAL
   0.385856  0.00480769  -0.0121493    0.227252
 0.00480769    0.110422   0.0372905  -0.0127814
 -0.0121493   0.0372905    0.104218 -0.00480769
   0.227252  -0.0127814 -0.00480769    0.399504
IMAGINARY
          0   0.0198901  -0.0260491  -0.0211991
 -0.0198901           0 -0.00531603  -0.0266828
  0.0260491  0.00531603           0  0.00234624
  0.0211991   0.0266828 -0.00234624           0
Repeater1[0]<--->HoM1[0]
REAL
   0.405333  -0.0124366 -0.00213341    0.244399
 -0.0124366   0.0973333   0.0425519   0.0161148
-0.00213341   0.0425519    0.102667   0.0104392
   0.244399   0.0161148   0.0104392    0.394667
IMAGINARY
           0   -0.0101132   -0.0139776  -0.00971069
   0.0101132            0   0.00159584  0.000784952
   0.0139776  -0.00159584            0    0.0233058
  0.00971069 -0.000784952   -0.0233058            0
EndNode1[0]<--->Repeater1[0]
REAL
   0.376866   0.0093593 -0.00119235     0.25714
  0.0093593    0.113184   0.0305483  -0.0113705
-0.00119235   0.0305483    0.124378  -0.0156407
    0.25714  -0.0113705  -0.0156407    0.385572
IMAGINARY
          0  -0.0159037  -0.0127447  0.00793818
  0.0159037           0 -0.00320205    0.010872
  0.0127447  0.00320205           0  -0.0134346
-0.00793818   -0.010872   0.0134346           0
EndNode2[0]<--->HoM1[0]
REAL
  0.387985 0.00406953 0.00822382   0.229428
0.00406953   0.112641  0.0443383  0.0128351
0.00822382  0.0443383  0.0963705  0.0169894
  0.229428  0.0128351  0.0169894   0.403004
IMAGINARY
          0  -0.0184613   0.0155379 -0.00286392
  0.0184613           0    -0.00694   0.0204519
 -0.0155379     0.00694           0  -0.0265258
 0.00286392  -0.0204519   0.0265258           0
Repeater1[0]<--->EndNode1[0]
REAL
   0.376866 -0.00119235   0.0093593     0.25714
-0.00119235    0.124378   0.0305483  -0.0156407
  0.0093593   0.0305483    0.113184  -0.0113705
    0.25714  -0.0156407  -0.0113705    0.385572
IMAGINARY
          0  -0.0127447  -0.0159037  0.00793818
  0.0127447           0  0.00320205  -0.0134346
  0.0159037 -0.00320205           0    0.010872
-0.00793818   0.0134346   -0.010872           0
Repeater1[0]<--->HoM1[0]
REAL
  0.387985 0.00822382 0.00406953   0.229428
0.00822382  0.0963705  0.0443383  0.0169894
0.00406953  0.0443383   0.112641  0.0128351
  0.229428  0.0169894  0.0128351   0.403004
IMAGINARY
          0   0.0155379  -0.0184613 -0.00286392
 -0.0155379           0     0.00694  -0.0265258
  0.0184613    -0.00694           0   0.0204519
 0.00286392   0.0265258  -0.0204519           0
EndNode1[0]<--->Repeater1[0]
REAL
  0.398458 0.00677569  0.0120085   0.253847
0.00677569   0.107969  0.0314135 -0.0126438
 0.0120085  0.0314135   0.116967 -0.0264707
  0.253847 -0.0126438 -0.0264707   0.376607
IMAGINARY
          0   0.0145011 -0.00300521  -0.0258398
 -0.0145011           0  -0.0232558   0.0112435
 0.00300521   0.0232558           0 -0.00372802
  0.0258398  -0.0112435  0.00372802           0
EndNode2[0]<--->HoM1[0]
REAL
    0.38189  0.00551064 -0.00926785    0.237384
 0.00551064    0.107612    0.030751  0.00538184
-0.00926785    0.030751   0.0997375 -0.00291997
   0.237384  0.00538184 -0.00291997    0.410761
IMAGINARY
          0   0.0243872  0.00922159  -0.0181218
 -0.0243872           0 -0.00339714   0.0150131
-0.00922159  0.00339714           0  -0.0154586
  0.0181218  -0.0150131   0.0154586           0
Repeater1[0]<--->EndNode1[0]
REAL
  0.398458  0.0120085 0.00677569   0.253847
 0.0120085   0.116967  0.0314135 -0.0264707
0.00677569  0.0314135   0.107969 -0.0126438
  0.253847 -0.0264707 -0.0126438   0.376607
IMAGINARY
          0 -0.00300521   0.0145011  -0.0258398
 0.00300521           0   0.0232558 -0.00372802
 -0.0145011  -0.0232558           0   0.0112435
  0.0258398  0.00372802  -0.0112435           0
Repeater1[0]<--->HoM1[0]
REAL
    0.38189 -0.00926785  0.00551064    0.237384
-0.00926785   0.0997375    0.030751 -0.00291997
 0.00551064    0.030751    0.107612  0.00538184
   0.237384 -0.00291997  0.00538184    0.410761
IMAGINARY
          0  0.00922159   0.0243872  -0.0181218
-0.00922159           0  0.00339714  -0.0154586
 -0.0243872 -0.00339714           0   0.0150131
  0.0181218   0.0154586  -0.0150131           0
EndNode1[0]<--->Repeater1[0]
REAL
  0.370817  0.0256187 -0.0282375   0.236962
 0.0256187   0.115127  0.0431105  0.0069738
-0.0282375  0.0431105  0.0950469 0.00536552
  0.236962  0.0069738 0.00536552   0.419009
IMAGINARY
           0   0.00921901     0.019439   -0.0203054
 -0.00921901            0   0.00910641  8.93896e-06
   -0.019439  -0.00910641            0   -0.0236481
   0.0203054 -8.93896e-06    0.0236481            0
EndNode2[0]<--->HoM1[0]
REAL
   0.399015  -0.0110149 -0.00623338    0.244493
 -0.0110149   0.0948276   0.0375745  0.00187473
-0.00623338   0.0375745    0.123153  0.00541089
   0.244493  0.00187473  0.00541089    0.383005
IMAGINARY
           0  -0.00656447   0.00157631  -0.00410117
  0.00656447            0   0.00618161  0.000310485
 -0.00157631  -0.00618161            0   0.00593553
  0.00410117 -0.000310485  -0.00593553            0
Repeater1[0]<--->EndNode1[0]
REAL
  0.370817 -0.0282375  0.0256187   0.236962
-0.0282375  0.0950469  0.0431105 0.00536552
 0.0256187  0.0431105   0.115127  0.0069738
  0.236962 0.00536552  0.0069738   0.419009
IMAGINARY
           0     0.019439   0.00921901   -0.0203054
   -0.019439            0  -0.00910641   -0.0236481
 -0.00921901   0.00910641            0  8.93896e-06
   0.0203054    0.0236481 -8.93896e-06            0
Repeater1[0]<--->HoM1[0]
REAL
   0.399015 -0.00623338  -0.0110149    0.244493
-0.00623338    0.123153   0.0375745  0.00541089
 -0.0110149   0.0375745   0.0948276  0.00187473
   0.244493  0.00541089  0.00187473    0.383005
IMAGINARY
           0   0.00157631  -0.00656447  -0.00410117
 -0.00157631            0  -0.00618161   0.00593553
  0.00656447   0.00618161            0  0.000310485
  0.00410117  -0.00593553 -0.000310485            0
EndNode1[0]<--->Repeater1[0]
REAL
  0.361757 -0.0147687 0.00877459   0.251505
-0.0147687   0.116279  0.0368551  0.0176804
0.00877459  0.0368551   0.118863  0.0094777
  0.251505  0.0176804  0.0094777   0.403101
IMAGINARY
          0 -0.00622052  0.00337453 -0.00971982
 0.00622052           0 -0.00720726 -0.00655924
-0.00337453  0.00720726           0   0.0323352
 0.00971982  0.00655924  -0.0323352           0
EndNode2[0]<--->HoM1[0]
REAL
  0.406524 0.00918369 0.00285492   0.253301
0.00918369   0.110414  0.0433953 0.00921624
0.00285492  0.0433953   0.111669  0.0155939
  0.253301 0.00921624  0.0155939   0.371393
IMAGINARY
           0   -0.0154469    0.0053066 -0.000276676
   0.0154469            0   0.00233429    0.0053066
  -0.0053066  -0.00233429            0   0.00719218
 0.000276676   -0.0053066  -0.00719218            0
Repeater1[0]<--->EndNode1[0]
REAL
  0.361757 0.00877459 -0.0147687   0.251505
0.00877459   0.118863  0.0368551  0.0094777
-0.0147687  0.0368551   0.116279  0.0176804
  0.251505  0.0094777  0.0176804   0.403101
IMAGINARY
          0  0.00337453 -0.00622052 -0.00971982
-0.00337453           0  0.00720726   0.0323352
 0.00622052 -0.00720726           0 -0.00655924
 0.00971982  -0.0323352  0.00655924           0
Repeater1[0]<--->HoM1[0]
REAL
  0.406524 0.00285492 0.00918369   0.253301
0.00285492   0.111669  0.0433953  0.0155939
0.00918369  0.0433953   0.110414 0.00921624
  0.253301  0.0155939 0.00921624   0.371393
IMAGINARY
           0    0.0053066   -0.0154469 -0.000276676
  -0.0053066            0  -0.00233429   0.00719218
   0.0154469   0.00233429            0    0.0053066
 0.000276676  -0.00719218   -0.0053066            0
EndNode1[0]<--->Repeater1[0]
REAL
  0.388956  0.0123002 0.00496871   0.227645
 0.0123002   0.118848  0.0383721 0.00756611
0.00496871  0.0383721   0.106843  0.0280897
  0.227645 0.00756611  0.0280897   0.385354
IMAGINARY
          0   0.0006959  0.00420012 -0.00693969
 -0.0006959           0   0.0127163   -0.014681
-0.00420012  -0.0127163           0   0.0344459
 0.00693969    0.014681  -0.0344459           0
EndNode2[0]<--->HoM1[0]
REAL
      0.384   0.0100307   -0.013167    0.244916
  0.0100307    0.125333   0.0450449 0.000617462
  -0.013167   0.0450449    0.118667  -0.0212592
   0.244916 0.000617462  -0.0212592       0.372
IMAGINARY
          0  -0.0143158    0.016855  0.00087642
  0.0143158           0 -0.00740383   0.0264827
  -0.016855  0.00740383           0  0.00978801
-0.00087642  -0.0264827 -0.00978801           0
Repeater1[0]<--->EndNode1[0]
REAL
  0.388956 0.00496871  0.0123002   0.227645
0.00496871   0.106843  0.0383721  0.0280897
 0.0123002  0.0383721   0.118848 0.00756611
  0.227645  0.0280897 0.00756611   0.385354
IMAGINARY
          0  0.00420012   0.0006959 -0.00693969
-0.00420012           0  -0.0127163   0.0344459
 -0.0006959   0.0127163           0   -0.014681
 0.00693969  -0.0344459    0.014681           0
Repeater1[0]<--->HoM1[0]
REAL
      0.384   -0.013167   0.0100307    0.244916
  -0.013167    0.118667   0.0450449  -0.0212592
  0.0100307   0.0450449    0.125333 0.000617462
   0.244916  -0.0212592 0.000617462       0.372
IMAGINARY
          0    0.016855  -0.0143158  0.00087642
  -0.016855           0  0.00740383  0.00978801
  0.0143158 -0.00740383           0   0.0264827
-0.00087642 -0.00978801  -0.0264827           0
EndNode1[0]<--->Repeater1[0]
REAL
  0.379679 0.00729925  0.0253175   0.240232
0.00729925   0.104278  0.0333998  0.0318964
 0.0253175  0.0333998   0.100267  0.0250391
  0.240232  0.0318964  0.0250391   0.415775
IMAGINARY
          0  0.00438092 -0.00575089  0.00570511
-0.00438092           0   0.0178019  -0.0172305
 0.00575089  -0.0178019           0   0.0310228
-0.00570511   0.0172305  -0.0310228           0
EndNode2[0]<--->HoM1[0]
REAL
   0.365947  -0.0108696  0.00393602    0.225843
 -0.0108696    0.123253   0.0241569 -0.00121862
 0.00393602   0.0241569    0.115629  -0.0108696
   0.225843 -0.00121862  -0.0108696    0.395172
IMAGINARY
          0  -0.0135682   0.0165649   0.0111517
  0.0135682           0 -0.00921623    0.019103
 -0.0165649  0.00921623           0  0.00124658
 -0.0111517   -0.019103 -0.00124658           0
Repeater1[0]<--->EndNode1[0]
REAL
  0.379679  0.0253175 0.00729925   0.240232
 0.0253175   0.100267  0.0333998  0.0250391
0.00729925  0.0333998   0.104278  0.0318964
  0.240232  0.0250391  0.0318964   0.415775
IMAGINARY
          0 -0.00575089  0.00438092  0.00570511
 0.00575089           0  -0.0178019   0.0310228
-0.00438092   0.0178019           0  -0.0172305
-0.00570511  -0.0310228   0.0172305           0
Repeater1[0]<--->HoM1[0]
REAL
   0.365947  0.00393602  -0.0108696    0.225843
 0.00393602    0.115629   0.0241569  -0.0108696
 -0.0108696   0.0241569    0.123253 -0.00121862
   0.225843  -0.0108696 -0.00121862    0.395172
IMAGINARY
          0   0.0165649  -0.0135682   0.0111517
 -0.0165649           0  0.00921623  0.00124658
  0.0135682 -0.00921623           0    0.019103
 -0.0111517 -0.00124658   -0.019103           0
