EndNode1[0]<--->Repeater1[0]
REAL
    0.427665   0.00522771   -0.0033212     0.382166
  0.00522771    0.0571066   0.00957936 -6.17488e-05
  -0.0033212   0.00957936    0.0482234    0.0130402
    0.382166 -6.17488e-05    0.0130402     0.467005
IMAGINARY
          0    0.020603 -0.00675181 -0.00630286
  -0.020603           0   0.0129518  -0.0041877
 0.00675181  -0.0129518           0  -0.0109504
 0.00630286   0.0041877   0.0109504           0
EndNode2[0]<--->HoM1[0]
REAL
  0.445609 0.00663721 0.00796384   0.381285
0.00663721  0.0432503 -0.0136009 0.00730334
0.00796384 -0.0136009  0.0524246 -0.0142708
  0.381285 0.00730334 -0.0142708   0.458716
IMAGINARY
           0    0.0109038   0.00393178  0.000810572
  -0.0109038            0  -0.00442503   -0.0181363
 -0.00393178   0.00442503            0  0.000459886
-0.000810572    0.0181363 -0.000459886            0
Repeater1[0]<--->EndNode1[0]
REAL
    0.427665   -0.0033212   0.00522771     0.382166
  -0.0033212    0.0482234   0.00957936    0.0130402
  0.00522771   0.00957936    0.0571066 -6.17488e-05
    0.382166    0.0130402 -6.17488e-05     0.467005
IMAGINARY
          0 -0.00675181    0.020603 -0.00630286
 0.00675181           0  -0.0129518  -0.0109504
  -0.020603   0.0129518           0  -0.0041877
 0.00630286   0.0109504   0.0041877           0
Repeater1[0]<--->HoM1[0]
REAL
  0.445609 0.00796384 0.00663721   0.381285
0.00796384  0.0524246 -0.0136009 -0.0142708
0.00663721 -0.0136009  0.0432503 0.00730334
  0.381285 -0.0142708 0.00730334   0.458716
IMAGINARY
           0   0.00393178    0.0109038  0.000810572
 -0.00393178            0   0.00442503  0.000459886
  -0.0109038  -0.00442503            0   -0.0181363
-0.000810572 -0.000459886    0.0181363            0
EndNode1[0]<--->Repeater1[0]
REAL
   0.451654  0.00761197  -0.0134472     0.37028
 0.00761197   0.0470738  0.00333931 -0.00679823
 -0.0134472  0.00333931   0.0547074 -0.00209049
    0.37028 -0.00679823 -0.00209049    0.446565
IMAGINARY
          0   0.0103615  -0.0198876 -0.00356412
 -0.0103615           0 -0.00901866  0.00959956
  0.0198876  0.00901866           0   0.0122723
 0.00356412 -0.00959956  -0.0122723           0
EndNode2[0]<--->HoM1[0]
REAL
    0.41255 -0.00604071  -0.0179097    0.387109
-0.00604071   0.0694259    0.020275   0.0060198
 -0.0179097    0.020275   0.0520694  0.00416337
   0.387109   0.0060198  0.00416337    0.465955
IMAGINARY
          0  0.00834437   0.0147164 -0.00437068
-0.00834437           0 -0.00229599  -0.0209978
 -0.0147164  0.00229599           0 -0.00457553
 0.00437068   0.0209978  0.00457553           0
Repeater1[0]<--->EndNode1[0]
REAL
   0.451654  -0.0134472  0.00761197     0.37028
 -0.0134472   0.0547074  0.00333931 -0.00209049
 0.00761197  0.00333931   0.0470738 -0.00679823
    0.37028 -0.00209049 -0.00679823    0.446565
IMAGINARY
          0  -0.0198876   0.0103615 -0.00356412
  0.0198876           0  0.00901866   0.0122723
 -0.0103615 -0.00901866           0  0.00959956
 0.00356412  -0.0122723 -0.00959956           0
Repeater1[0]<--->HoM1[0]
REAL
    0.41255  -0.0179097 -0.00604071    0.387109
 -0.0179097   0.0520694    0.020275  0.00416337
-0.00604071    0.020275   0.0694259   0.0060198
   0.387109  0.00416337   0.0060198    0.465955
IMAGINARY
          0   0.0147164  0.00834437 -0.00437068
 -0.0147164           0  0.00229599 -0.00457553
-0.00834437 -0.00229599           0  -0.0209978
 0.00437068  0.00457553   0.0209978           0
EndNode1[0]<--->Repeater1[0]
REAL
   0.464752 -0.00203676  0.00689373    0.389594
-0.00203676   0.0443864  0.00563099  0.00902139
 0.00689373  0.00563099   0.0665796   0.0139731
   0.389594  0.00902139   0.0139731    0.424282
IMAGINARY
           0  -0.00227406  -0.00507379   -0.0110103
  0.00227406            0   0.00363934    0.0174597
  0.00507379  -0.00363934            0 -0.000985396
   0.0110103   -0.0174597  0.000985396            0
EndNode2[0]<--->HoM1[0]
REAL
    0.469281   0.00145107    0.0242139     0.379432
  0.00145107    0.0535948 -5.48738e-05  -0.00281312
   0.0242139 -5.48738e-05    0.0418301    0.0212467
    0.379432  -0.00281312    0.0212467     0.435294
IMAGINARY
           0   0.00277512  -0.00580253    0.0121083
 -0.00277512            0    0.0127325 -0.000607726
  0.00580253   -0.0127325            0  -0.00405717
  -0.0121083  0.000607726   0.00405717            0
Repeater1[0]<--->EndNode1[0]
REAL
   0.464752  0.00689373 -0.00203676    0.389594
 0.00689373   0.0665796  0.00563099   0.0139731
-0.00203676  0.00563099   0.0443864  0.00902139
   0.389594   0.0139731  0.00902139    0.424282
IMAGINARY
           0  -0.00507379  -0.00227406   -0.0110103
  0.00507379            0  -0.00363934 -0.000985396
  0.00227406   0.00363934            0    0.0174597
   0.0110103  0.000985396   -0.0174597            0
Repeater1[0]<--->HoM1[0]
REAL
    0.469281    0.0242139   0.00145107     0.379432
   0.0242139    0.0418301 -5.48738e-05    0.0212467
  0.00145107 -5.48738e-05    0.0535948  -0.00281312
    0.379432    0.0212467  -0.00281312     0.435294
IMAGINARY
           0  -0.00580253   0.00277512    0.0121083
  0.00580253            0   -0.0127325  -0.00405717
 -0.00277512    0.0127325            0 -0.000607726
  -0.0121083   0.00405717  0.000607726            0
EndNode1[0]<--->Repeater1[0]
REAL
   0.458493  0.00845423   0.0118825    0.370206
 0.00845423   0.0421456 0.000525428 -0.00334592
  0.0118825 0.000525428   0.0625798 -0.00723472
   0.370206 -0.00334592 -0.00723472    0.436782
IMAGINARY
           0  -0.00686292  0.000696876  -0.00698775
  0.00686292            0   0.00824403    0.0019627
-0.000696876  -0.00824403            0   -0.0011158
  0.00698775   -0.0019627    0.0011158            0
EndNode2[0]<--->HoM1[0]
REAL
   0.460459 -0.00513911 -0.00199815    0.374291
-0.00513911   0.0663265   0.0145975    0.013377
-0.00199815   0.0145975   0.0548469   0.0232114
   0.374291    0.013377   0.0232114    0.418367
IMAGINARY
           0  0.000322543   0.00736595  -0.00404287
-0.000322543            0  -0.00221583   0.00283813
 -0.00736595   0.00221583            0  -0.00542458
  0.00404287  -0.00283813   0.00542458            0
Repeater1[0]<--->EndNode1[0]
REAL
   0.458493   0.0118825  0.00845423    0.370206
  0.0118825   0.0625798 0.000525428 -0.00723472
 0.00845423 0.000525428   0.0421456 -0.00334592
   0.370206 -0.00723472 -0.00334592    0.436782
IMAGINARY
           0  0.000696876  -0.00686292  -0.00698775
-0.000696876            0  -0.00824403   -0.0011158
  0.00686292   0.00824403            0    0.0019627
  0.00698775    0.0011158   -0.0019627            0
Repeater1[0]<--->HoM1[0]
REAL
   0.460459 -0.00199815 -0.00513911    0.374291
-0.00199815   0.0548469   0.0145975   0.0232114
-0.00513911   0.0145975   0.0663265    0.013377
   0.374291   0.0232114    0.013377    0.418367
IMAGINARY
           0   0.00736595  0.000322543  -0.00404287
 -0.00736595            0   0.00221583  -0.00542458
-0.000322543  -0.00221583            0   0.00283813
  0.00404287   0.00542458  -0.00283813            0
