EndNode1[0]<--->Repeater1[0]
REAL
   0.263556  -0.0109095 -0.00497845   0.0518834
 -0.0109095    0.230769  0.00511138  -0.0248143
-0.00497845  0.00511138    0.229508   0.0122048
  0.0518834  -0.0248143   0.0122048    0.276166
IMAGINARY
          0  -0.0148169    0.017945   0.0175083
  0.0148169           0   0.0220012  0.00379409
  -0.017945  -0.0220012           0  -0.0121923
 -0.0175083 -0.00379409   0.0121923           0
EndNode2[0]<--->HoM1[0]
REAL
   0.284211   0.0179092   0.0195588   0.0161394
  0.0179092    0.211842   0.0313328 -0.00537882
  0.0195588   0.0313328    0.205263   0.0172326
  0.0161394 -0.00537882   0.0172326    0.298684
IMAGINARY
          0  0.00264619  -0.0154771 -0.00170827
-0.00264619           0  0.00235677 -0.00662233
  0.0154771 -0.00235677           0   0.0125472
 0.00170827  0.00662233  -0.0125472           0
Repeater1[0]<--->EndNode1[0]
REAL
   0.263556 -0.00497845  -0.0109095   0.0518834
-0.00497845    0.229508  0.00511138   0.0122048
 -0.0109095  0.00511138    0.230769  -0.0248143
  0.0518834   0.0122048  -0.0248143    0.276166
IMAGINARY
          0    0.017945  -0.0148169   0.0175083
  -0.017945           0  -0.0220012  -0.0121923
  0.0148169   0.0220012           0  0.00379409
 -0.0175083   0.0121923 -0.00379409           0
Repeater1[0]<--->HoM1[0]
REAL
   0.284211   0.0195588   0.0179092   0.0161394
  0.0195588    0.205263   0.0313328   0.0172326
  0.0179092   0.0313328    0.211842 -0.00537882
  0.0161394   0.0172326 -0.00537882    0.298684
IMAGINARY
          0  -0.0154771  0.00264619 -0.00170827
  0.0154771           0 -0.00235677   0.0125472
-0.00264619  0.00235677           0 -0.00662233
 0.00170827  -0.0125472  0.00662233           0
EndNode1[0]<--->Repeater1[0]
REAL
    0.26162 -0.00531939   0.0240451   0.0379925
-0.00531939    0.223108   0.0318044   0.0127569
  0.0240451   0.0318044    0.219124   0.0180097
  0.0379925   0.0127569   0.0180097    0.296149
IMAGINARY
           0   -0.0175989  -0.00673484  -0.00295689
   0.0175989            0 -0.000959556  0.000546717
  0.00673484  0.000959556            0    0.0151236
  0.00295689 -0.000546717   -0.0151236            0
EndNode2[0]<--->HoM1[0]
REAL
   0.303526 -0.00948592  -0.0476844   0.0627721
-0.00948592     0.20403   0.0398253  0.00352855
 -0.0476844   0.0398253     0.20403  0.00948592
  0.0627721  0.00352855  0.00948592    0.288413
IMAGINARY
           0   0.00494967 -5.78735e-05    0.0164077
 -0.00494967            0  -0.00709924    0.0169661
 5.78735e-05   0.00709924            0  -0.00132648
  -0.0164077   -0.0169661   0.00132648            0
Repeater1[0]<--->EndNode1[0]
REAL
    0.26162   0.0240451 -0.00531939   0.0379925
  0.0240451    0.219124   0.0318044   0.0180097
-0.00531939   0.0318044    0.223108   0.0127569
  0.0379925   0.0180097   0.0127569    0.296149
IMAGINARY
           0  -0.00673484   -0.0175989  -0.00295689
  0.00673484            0  0.000959556    0.0151236
   0.0175989 -0.000959556            0  0.000546717
  0.00295689   -0.0151236 -0.000546717            0
Repeater1[0]<--->HoM1[0]
REAL
   0.303526  -0.0476844 -0.00948592   0.0627721
 -0.0476844     0.20403   0.0398253  0.00948592
-0.00948592   0.0398253     0.20403  0.00352855
  0.0627721  0.00948592  0.00352855    0.288413
IMAGINARY
           0 -5.78735e-05   0.00494967    0.0164077
 5.78735e-05            0   0.00709924  -0.00132648
 -0.00494967  -0.00709924            0    0.0169661
  -0.0164077   0.00132648   -0.0169661            0
EndNode1[0]<--->Repeater1[0]
REAL
   0.273063  -0.0127324 -0.00729318   0.0482878
 -0.0127324    0.200492   0.0247891 0.000882922
-0.00729318   0.0247891    0.223862   0.0101683
  0.0482878 0.000882922   0.0101683    0.302583
IMAGINARY
          0  -0.0199201  -0.0114336  -0.0118318
  0.0199201           0  0.00790507  -0.0146761
  0.0114336 -0.00790507           0 -0.00227308
  0.0118318   0.0146761  0.00227308           0
EndNode2[0]<--->HoM1[0]
REAL
   0.276455  -0.0262643 0.000151328   0.0424386
 -0.0262643    0.219577   0.0251973  -0.0235394
0.000151328   0.0251973     0.22619  -0.0224083
  0.0424386  -0.0235394  -0.0224083    0.277778
IMAGINARY
          0  -0.0109203  -0.0149723   0.0214965
  0.0109203           0  -0.0392879  -0.0048234
  0.0149723   0.0392879           0 -0.00248968
 -0.0214965   0.0048234  0.00248968           0
Repeater1[0]<--->EndNode1[0]
REAL
   0.273063 -0.00729318  -0.0127324   0.0482878
-0.00729318    0.223862   0.0247891   0.0101683
 -0.0127324   0.0247891    0.200492 0.000882922
  0.0482878   0.0101683 0.000882922    0.302583
IMAGINARY
          0  -0.0114336  -0.0199201  -0.0118318
  0.0114336           0 -0.00790507 -0.00227308
  0.0199201  0.00790507           0  -0.0146761
  0.0118318  0.00227308   0.0146761           0
Repeater1[0]<--->HoM1[0]
REAL
   0.276455 0.000151328  -0.0262643   0.0424386
0.000151328     0.22619   0.0251973  -0.0224083
 -0.0262643   0.0251973    0.219577  -0.0235394
  0.0424386  -0.0224083  -0.0235394    0.277778
IMAGINARY
          0  -0.0149723  -0.0109203   0.0214965
  0.0149723           0   0.0392879 -0.00248968
  0.0109203  -0.0392879           0  -0.0048234
 -0.0214965  0.00248968   0.0048234           0
EndNode1[0]<--->Repeater1[0]
REAL
   0.274657 -0.00671218  0.00800906   0.0265202
-0.00671218    0.218477   0.0403178 -0.00543837
 0.00800906   0.0403178    0.207241 -0.00999733
  0.0265202 -0.00543837 -0.00999733    0.299625
IMAGINARY
          0  0.00674299 -0.00377895     0.01602
-0.00674299           0  -0.0139279  0.00312192
 0.00377895   0.0139279           0  -0.0126563
   -0.01602 -0.00312192   0.0126563           0
EndNode2[0]<--->HoM1[0]
REAL
   0.263224  -0.0150595  0.00535939   0.0456048
 -0.0150595    0.244332   0.0354008 -0.00535939
 0.00535939   0.0354008    0.195214  0.00667962
  0.0456048 -0.00535939  0.00667962    0.297229
IMAGINARY
          0 -0.00954445  0.00601127 -0.00961624
 0.00954445           0 -0.00837862  -0.0187664
-0.00601127  0.00837862           0  -0.0108637
 0.00961624   0.0187664   0.0108637           0
Repeater1[0]<--->EndNode1[0]
REAL
   0.274657  0.00800906 -0.00671218   0.0265202
 0.00800906    0.207241   0.0403178 -0.00999733
-0.00671218   0.0403178    0.218477 -0.00543837
  0.0265202 -0.00999733 -0.00543837    0.299625
IMAGINARY
          0 -0.00377895  0.00674299     0.01602
 0.00377895           0   0.0139279  -0.0126563
-0.00674299  -0.0139279           0  0.00312192
   -0.01602   0.0126563 -0.00312192           0
Repeater1[0]<--->HoM1[0]
REAL
   0.263224  0.00535939  -0.0150595   0.0456048
 0.00535939    0.195214   0.0354008  0.00667962
 -0.0150595   0.0354008    0.244332 -0.00535939
  0.0456048  0.00667962 -0.00535939    0.297229
IMAGINARY
          0  0.00601127 -0.00954445 -0.00961624
-0.00601127           0  0.00837862  -0.0108637
 0.00954445 -0.00837862           0  -0.0187664
 0.00961624   0.0108637   0.0187664           0
