EndNode1[0]<--->Repeater1[0]
REAL
    0.430905   0.00354421  -0.00762853     0.319736
  0.00354421    0.0791457    0.0100246 -0.000568194
 -0.00762853    0.0100246    0.0992462  -0.00795782
    0.319736 -0.000568194  -0.00795782     0.390704
IMAGINARY
          0 -0.00160914  -0.0114561    -0.01578
 0.00160914           0   0.0138643 -0.00691657
  0.0114561  -0.0138643           0  0.00817082
    0.01578  0.00691657 -0.00817082           0
EndNode2[0]<--->HoM1[0]
REAL
    0.398788    0.0115034     0.011726     0.326402
   0.0115034    0.0884848    0.0141417  -0.00739968
    0.011726    0.0141417    0.0945455 -0.000996601
    0.326402  -0.00739968 -0.000996601     0.418182
IMAGINARY
          0  0.00767729 -0.00979056   0.0318399
-0.00767729           0  0.00288235  0.00404343
 0.00979056 -0.00288235           0  0.00956409
 -0.0318399 -0.00404343 -0.00956409           0
Repeater1[0]<--->EndNode1[0]
REAL
    0.430905  -0.00762853   0.00354421     0.319736
 -0.00762853    0.0992462    0.0100246  -0.00795782
  0.00354421    0.0100246    0.0791457 -0.000568194
    0.319736  -0.00795782 -0.000568194     0.390704
IMAGINARY
          0  -0.0114561 -0.00160914    -0.01578
  0.0114561           0  -0.0138643  0.00817082
 0.00160914   0.0138643           0 -0.00691657
    0.01578 -0.00817082  0.00691657           0
Repeater1[0]<--->HoM1[0]
REAL
    0.398788     0.011726    0.0115034     0.326402
    0.011726    0.0945455    0.0141417 -0.000996601
   0.0115034    0.0141417    0.0884848  -0.00739968
    0.326402 -0.000996601  -0.00739968     0.418182
IMAGINARY
          0 -0.00979056  0.00767729   0.0318399
 0.00979056           0 -0.00288235  0.00956409
-0.00767729  0.00288235           0  0.00404343
 -0.0318399 -0.00956409 -0.00404343           0
EndNode1[0]<--->Repeater1[0]
REAL
    0.423515 -0.000657675   -0.0169847     0.325317
-0.000657675    0.0581542  -0.00867018  -0.00171249
  -0.0169847  -0.00867018    0.0973451  -0.00597682
    0.325317  -0.00171249  -0.00597682     0.420986
IMAGINARY
           0    0.0225279   -0.0224616  -0.00358057
  -0.0225279            0  -0.00165503   -0.0121789
   0.0224616   0.00165503            0  0.000347921
  0.00358057    0.0121789 -0.000347921            0
EndNode2[0]<--->HoM1[0]
REAL
   0.380353  -0.0247096   0.0122183    0.314451
 -0.0247096   0.0831234  -0.0162982 -0.00694121
  0.0122183  -0.0162982    0.102015   0.0154748
   0.314451 -0.00694121   0.0154748    0.434509
IMAGINARY
           0 -0.000935078   -0.0184537  0.000940558
 0.000935078            0    0.0112233    0.0210376
   0.0184537   -0.0112233            0    0.0203149
-0.000940558   -0.0210376   -0.0203149            0
Repeater1[0]<--->EndNode1[0]
REAL
    0.423515   -0.0169847 -0.000657675     0.325317
  -0.0169847    0.0973451  -0.00867018  -0.00597682
-0.000657675  -0.00867018    0.0581542  -0.00171249
    0.325317  -0.00597682  -0.00171249     0.420986
IMAGINARY
           0   -0.0224616    0.0225279  -0.00358057
   0.0224616            0   0.00165503  0.000347921
  -0.0225279  -0.00165503            0   -0.0121789
  0.00358057 -0.000347921    0.0121789            0
Repeater1[0]<--->HoM1[0]
REAL
   0.380353   0.0122183  -0.0247096    0.314451
  0.0122183    0.102015  -0.0162982   0.0154748
 -0.0247096  -0.0162982   0.0831234 -0.00694121
   0.314451   0.0154748 -0.00694121    0.434509
IMAGINARY
           0   -0.0184537 -0.000935078  0.000940558
   0.0184537            0   -0.0112233    0.0203149
 0.000935078    0.0112233            0    0.0210376
-0.000940558   -0.0203149   -0.0210376            0
EndNode1[0]<--->Repeater1[0]
REAL
   0.433673  0.00755668  -0.0236425    0.338107
 0.00755668   0.0803571 0.000810452 -0.00341935
 -0.0236425 0.000810452   0.0803571 -0.00755668
   0.338107 -0.00341935 -0.00755668    0.405612
IMAGINARY
          0 -0.00878226  -0.0113859  -0.0250579
 0.00878226           0  -0.0188698   0.0157664
  0.0113859   0.0188698           0  -0.0031076
  0.0250579  -0.0157664   0.0031076           0
EndNode2[0]<--->HoM1[0]
REAL
  0.419226  0.0199711 0.00682971   0.330542
 0.0199711  0.0720961 0.00733051 0.00808599
0.00682971 0.00733051  0.0881175 -0.0141345
  0.330542 0.00808599 -0.0141345   0.420561
IMAGINARY
          0  -0.0180331 -0.00426796 -0.00146492
  0.0180331           0 -0.00881786 -0.00180491
 0.00426796  0.00881786           0   0.0227564
 0.00146492  0.00180491  -0.0227564           0
Repeater1[0]<--->EndNode1[0]
REAL
   0.433673  -0.0236425  0.00755668    0.338107
 -0.0236425   0.0803571 0.000810452 -0.00755668
 0.00755668 0.000810452   0.0803571 -0.00341935
   0.338107 -0.00755668 -0.00341935    0.405612
IMAGINARY
          0  -0.0113859 -0.00878226  -0.0250579
  0.0113859           0   0.0188698  -0.0031076
 0.00878226  -0.0188698           0   0.0157664
  0.0250579   0.0031076  -0.0157664           0
Repeater1[0]<--->HoM1[0]
REAL
  0.419226 0.00682971  0.0199711   0.330542
0.00682971  0.0881175 0.00733051 -0.0141345
 0.0199711 0.00733051  0.0720961 0.00808599
  0.330542 -0.0141345 0.00808599   0.420561
IMAGINARY
          0 -0.00426796  -0.0180331 -0.00146492
 0.00426796           0  0.00881786   0.0227564
  0.0180331 -0.00881786           0 -0.00180491
 0.00146492  -0.0227564  0.00180491           0
EndNode1[0]<--->Repeater1[0]
REAL
   0.391304  -0.0152672 -0.00127226    0.332144
 -0.0152672   0.0750988  -0.0229839 -0.00890585
-0.00127226  -0.0229839   0.0777339  -0.0152672
   0.332144 -0.00890585  -0.0152672    0.455863
IMAGINARY
          0 -0.00665399 -0.00220608  -0.0122065
 0.00665399           0  0.00953267  -0.0221529
 0.00220608 -0.00953267           0  0.00665399
  0.0122065   0.0221529 -0.00665399           0
EndNode2[0]<--->HoM1[0]
REAL
    0.413793  -0.00138382    0.0158453     0.326967
 -0.00138382    0.0899015 -0.000989844   0.00496179
   0.0158453 -0.000989844    0.0923645    0.0196688
    0.326967   0.00496179    0.0196688     0.403941
IMAGINARY
          0   0.0119974 -0.00295699  -0.0268234
 -0.0119974           0 -0.00126644  -0.0319892
 0.00295699  0.00126644           0  -0.0119974
  0.0268234   0.0319892   0.0119974           0
Repeater1[0]<--->EndNode1[0]
REAL
   0.391304 -0.00127226  -0.0152672    0.332144
-0.00127226   0.0777339  -0.0229839  -0.0152672
 -0.0152672  -0.0229839   0.0750988 -0.00890585
   0.332144  -0.0152672 -0.00890585    0.455863
IMAGINARY
          0 -0.00220608 -0.00665399  -0.0122065
 0.00220608           0 -0.00953267  0.00665399
 0.00665399  0.00953267           0  -0.0221529
  0.0122065 -0.00665399   0.0221529           0
Repeater1[0]<--->HoM1[0]
REAL
    0.413793    0.0158453  -0.00138382     0.326967
   0.0158453    0.0923645 -0.000989844    0.0196688
 -0.00138382 -0.000989844    0.0899015   0.00496179
    0.326967    0.0196688   0.00496179     0.403941
IMAGINARY
          0 -0.00295699   0.0119974  -0.0268234
 0.00295699           0  0.00126644  -0.0119974
 -0.0119974 -0.00126644           0  -0.0319892
  0.0268234   0.0119974   0.0319892           0
EndNode1[0]<--->Repeater1[0]
REAL
    0.402375   -0.0177377 -0.000385541     0.317801
  -0.0177377     0.104222 -0.000265306   -0.0043538
-0.000385541 -0.000265306    0.0923483   0.00588937
    0.317801   -0.0043538   0.00588937     0.401055
IMAGINARY
           0 -0.000851596   0.00285979   -0.0162882
 0.000851596            0  0.000445381   0.00222927
 -0.00285979 -0.000445381            0   0.00721292
   0.0162882  -0.00222927  -0.00721292            0
EndNode2[0]<--->HoM1[0]
REAL
   0.416776 -0.00879162  0.00821193    0.324247
-0.00879162   0.0865007  -0.0099433   0.0162548
 0.00821193  -0.0099433   0.0969856 -0.00187338
   0.324247   0.0162548 -0.00187338    0.399738
IMAGINARY
           0   -0.0196578   0.00224812  -0.00583067
   0.0196578            0  9.81848e-05   0.00417862
 -0.00224812 -9.81848e-05            0 -0.000907776
  0.00583067  -0.00417862  0.000907776            0
Repeater1[0]<--->EndNode1[0]
REAL
    0.402375 -0.000385541   -0.0177377     0.317801
-0.000385541    0.0923483 -0.000265306   0.00588937
  -0.0177377 -0.000265306     0.104222   -0.0043538
    0.317801   0.00588937   -0.0043538     0.401055
IMAGINARY
           0   0.00285979 -0.000851596   -0.0162882
 -0.00285979            0 -0.000445381   0.00721292
 0.000851596  0.000445381            0   0.00222927
   0.0162882  -0.00721292  -0.00222927            0
Repeater1[0]<--->HoM1[0]
REAL
   0.416776  0.00821193 -0.00879162    0.324247
 0.00821193   0.0969856  -0.0099433 -0.00187338
-0.00879162  -0.0099433   0.0865007   0.0162548
   0.324247 -0.00187338   0.0162548    0.399738
IMAGINARY
           0   0.00224812   -0.0196578  -0.00583067
 -0.00224812            0 -9.81848e-05 -0.000907776
   0.0196578  9.81848e-05            0   0.00417862
  0.00583067  0.000907776  -0.00417862            0
EndNode1[0]<--->Repeater1[0]
REAL
   0.430962 -0.00568249  0.00692521    0.333789
-0.00568249   0.0767085 -0.00817958 -0.00692521
 0.00692521 -0.00817958   0.0892608   0.0434874
   0.333789 -0.00692521   0.0434874    0.403068
IMAGINARY
          0   0.0041294  0.00628814  -0.0110309
 -0.0041294           0   0.0219704   0.0105512
-0.00628814  -0.0219704           0 -0.00542474
  0.0110309  -0.0105512  0.00542474           0
EndNode2[0]<--->HoM1[0]
REAL
   0.415671 -0.00369114 -0.00380423    0.331027
-0.00369114   0.0942895   0.0136697  -0.0025089
-0.00380423   0.0136697   0.0849934  0.00621639
   0.331027  -0.0025089  0.00621639    0.405046
IMAGINARY
           0   -0.0143977    0.0115427   0.00383816
   0.0143977            0  0.000701398  -0.00117998
  -0.0115427 -0.000701398            0    0.0131023
 -0.00383816   0.00117998   -0.0131023            0
Repeater1[0]<--->EndNode1[0]
REAL
   0.430962  0.00692521 -0.00568249    0.333789
 0.00692521   0.0892608 -0.00817958   0.0434874
-0.00568249 -0.00817958   0.0767085 -0.00692521
   0.333789   0.0434874 -0.00692521    0.403068
IMAGINARY
          0  0.00628814   0.0041294  -0.0110309
-0.00628814           0  -0.0219704 -0.00542474
 -0.0041294   0.0219704           0   0.0105512
  0.0110309  0.00542474  -0.0105512           0
Repeater1[0]<--->HoM1[0]
REAL
   0.415671 -0.00380423 -0.00369114    0.331027
-0.00380423   0.0849934   0.0136697  0.00621639
-0.00369114   0.0136697   0.0942895  -0.0025089
   0.331027  0.00621639  -0.0025089    0.405046
IMAGINARY
           0    0.0115427   -0.0143977   0.00383816
  -0.0115427            0 -0.000701398    0.0131023
   0.0143977  0.000701398            0  -0.00117998
 -0.00383816   -0.0131023   0.00117998            0
EndNode1[0]<--->Repeater1[0]
REAL
    0.37707 -0.00542371   0.0070187    0.323221
-0.00542371   0.0853503  0.00469268  -0.0151488
  0.0070187  0.00469268    0.089172 -0.00677142
   0.323221  -0.0151488 -0.00677142    0.448408
IMAGINARY
           0  -0.00730379 -0.000150521   0.00491888
  0.00730379            0   -0.0136471    0.0293383
 0.000150521    0.0136471            0   -0.0180769
 -0.00491888   -0.0293383    0.0180769            0
EndNode2[0]<--->HoM1[0]
REAL
  0.410737 -0.0187014 -0.0107895     0.3173
-0.0187014  0.0948814 -0.0107258  0.0139501
-0.0107895 -0.0107258  0.0923845  0.0231262
    0.3173  0.0139501  0.0231262   0.401998
IMAGINARY
          0  0.00913434 -0.00887404 -0.00609756
-0.00913434           0  0.00609756 -0.00322787
 0.00887404 -0.00609756           0  -0.0135929
 0.00609756  0.00322787   0.0135929           0
Repeater1[0]<--->EndNode1[0]
REAL
    0.37707   0.0070187 -0.00542371    0.323221
  0.0070187    0.089172  0.00469268 -0.00677142
-0.00542371  0.00469268   0.0853503  -0.0151488
   0.323221 -0.00677142  -0.0151488    0.448408
IMAGINARY
           0 -0.000150521  -0.00730379   0.00491888
 0.000150521            0    0.0136471   -0.0180769
  0.00730379   -0.0136471            0    0.0293383
 -0.00491888    0.0180769   -0.0293383            0
Repeater1[0]<--->HoM1[0]
REAL
  0.410737 -0.0107895 -0.0187014     0.3173
-0.0107895  0.0923845 -0.0107258  0.0231262
-0.0187014 -0.0107258  0.0948814  0.0139501
    0.3173  0.0231262  0.0139501   0.401998
IMAGINARY
          0 -0.00887404  0.00913434 -0.00609756
 0.00887404           0 -0.00609756  -0.0135929
-0.00913434  0.00609756           0 -0.00322787
 0.00609756   0.0135929  0.00322787           0
EndNode1[0]<--->Repeater1[0]
REAL
   0.448187  -0.0141571  0.00250867    0.330445
 -0.0141571   0.0906736 -0.00655354  0.00118591
 0.00250867 -0.00655354   0.0712435   0.0116941
   0.330445  0.00118591   0.0116941    0.389896
IMAGINARY
          0  0.00300411  0.00849388 -0.00652174
-0.00300411           0 -0.00652174   0.0037959
-0.00849388  0.00652174           0  -0.0101192
 0.00652174  -0.0037959   0.0101192           0
EndNode2[0]<--->HoM1[0]
REAL
   0.438017   0.0191144   0.0175752    0.339877
  0.0191144   0.0743802 -0.00986383  0.00699319
  0.0175752 -0.00986383   0.0964187 -0.00251412
   0.339877  0.00699319 -0.00251412    0.391185
IMAGINARY
          0  -0.0158375 -0.00506761   0.0139061
  0.0158375           0   0.0139061 -0.00140907
 0.00506761  -0.0139061           0   0.0145422
 -0.0139061  0.00140907  -0.0145422           0
Repeater1[0]<--->EndNode1[0]
REAL
   0.448187  0.00250867  -0.0141571    0.330445
 0.00250867   0.0712435 -0.00655354   0.0116941
 -0.0141571 -0.00655354   0.0906736  0.00118591
   0.330445   0.0116941  0.00118591    0.389896
IMAGINARY
          0  0.00849388  0.00300411 -0.00652174
-0.00849388           0  0.00652174  -0.0101192
-0.00300411 -0.00652174           0   0.0037959
 0.00652174   0.0101192  -0.0037959           0
Repeater1[0]<--->HoM1[0]
REAL
   0.438017   0.0175752   0.0191144    0.339877
  0.0175752   0.0964187 -0.00986383 -0.00251412
  0.0191144 -0.00986383   0.0743802  0.00699319
   0.339877 -0.00251412  0.00699319    0.391185
IMAGINARY
          0 -0.00506761  -0.0158375   0.0139061
 0.00506761           0  -0.0139061   0.0145422
  0.0158375   0.0139061           0 -0.00140907
 -0.0139061  -0.0145422  0.00140907           0
EndNode1[0]<--->Repeater1[0]
REAL
    0.427861  -0.00553806   -0.0188802     0.332639
 -0.00553806    0.0883085 -0.000694444  -0.00195313
  -0.0188802 -0.000694444    0.0920398   0.00831584
    0.332639  -0.00195313   0.00831584     0.391791
IMAGINARY
           0   0.00405262    0.0178982  -0.00350817
 -0.00405262            0  0.000298932   0.00495124
  -0.0178982 -0.000298932            0   -0.0161494
  0.00350817  -0.00495124    0.0161494            0
EndNode2[0]<--->HoM1[0]
REAL
   0.400483  -0.0180483   -0.022139     0.34103
 -0.0180483   0.0940893 -0.00615524 -0.00362053
  -0.022139 -0.00615524   0.0711701 -0.00639027
    0.34103 -0.00362053 -0.00639027    0.434258
IMAGINARY
           0  -0.00320266    0.0060686    -0.020941
  0.00320266            0   -0.0262289  0.000633815
  -0.0060686    0.0262289            0     0.015267
    0.020941 -0.000633815    -0.015267            0
Repeater1[0]<--->EndNode1[0]
REAL
    0.427861   -0.0188802  -0.00553806     0.332639
  -0.0188802    0.0920398 -0.000694444   0.00831584
 -0.00553806 -0.000694444    0.0883085  -0.00195313
    0.332639   0.00831584  -0.00195313     0.391791
IMAGINARY
           0    0.0178982   0.00405262  -0.00350817
  -0.0178982            0 -0.000298932   -0.0161494
 -0.00405262  0.000298932            0   0.00495124
  0.00350817    0.0161494  -0.00495124            0
Repeater1[0]<--->HoM1[0]
REAL
   0.400483   -0.022139  -0.0180483     0.34103
  -0.022139   0.0711701 -0.00615524 -0.00639027
 -0.0180483 -0.00615524   0.0940893 -0.00362053
    0.34103 -0.00639027 -0.00362053    0.434258
IMAGINARY
           0    0.0060686  -0.00320266    -0.020941
  -0.0060686            0    0.0262289     0.015267
  0.00320266   -0.0262289            0  0.000633815
    0.020941    -0.015267 -0.000633815            0
EndNode1[0]<--->Repeater1[0]
REAL
  0.396252 0.00132573 -0.0167455   0.340888
0.00132573  0.0910308 -0.0108228 0.00432725
-0.0167455 -0.0108228  0.0923695 0.00194225
  0.340888 0.00432725 0.00194225   0.420348
IMAGINARY
          0 -0.00507051  0.00958889  -0.0170949
 0.00507051           0  0.00922089 -0.00135062
-0.00958889 -0.00922089           0 -0.00443519
  0.0170949  0.00135062  0.00443519           0
EndNode2[0]<--->HoM1[0]
REAL
  0.405473 -0.0150649  -0.023915   0.327219
-0.0150649  0.0895522  0.0287026 -0.0108835
 -0.023915  0.0287026  0.0870647 0.00712835
  0.327219 -0.0108835 0.00712835    0.41791
IMAGINARY
          0  0.00717648 -0.00353147  -0.0203765
-0.00717648           0  0.00538305  -0.0106836
 0.00353147 -0.00538305           0  0.00333032
  0.0203765   0.0106836 -0.00333032           0
Repeater1[0]<--->EndNode1[0]
REAL
  0.396252 -0.0167455 0.00132573   0.340888
-0.0167455  0.0923695 -0.0108228 0.00194225
0.00132573 -0.0108228  0.0910308 0.00432725
  0.340888 0.00194225 0.00432725   0.420348
IMAGINARY
          0  0.00958889 -0.00507051  -0.0170949
-0.00958889           0 -0.00922089 -0.00443519
 0.00507051  0.00922089           0 -0.00135062
  0.0170949  0.00443519  0.00135062           0
Repeater1[0]<--->HoM1[0]
REAL
  0.405473  -0.023915 -0.0150649   0.327219
 -0.023915  0.0870647  0.0287026 0.00712835
-0.0150649  0.0287026  0.0895522 -0.0108835
  0.327219 0.00712835 -0.0108835    0.41791
IMAGINARY
          0 -0.00353147  0.00717648  -0.0203765
 0.00353147           0 -0.00538305  0.00333032
-0.00717648  0.00538305           0  -0.0106836
  0.0203765 -0.00333032   0.0106836           0
EndNode1[0]<--->Repeater1[0]
REAL
  0.415789 0.00303599 0.00948162   0.329646
0.00303599  0.0763158  0.0162962  0.0187165
0.00948162  0.0162962  0.0736842    0.01966
  0.329646  0.0187165    0.01966   0.434211
IMAGINARY
           0   -0.0118786   -0.0131407  -0.00472661
   0.0118786            0 -0.000151443   0.00139783
   0.0131407  0.000151443            0    0.0223854
  0.00472661  -0.00139783   -0.0223854            0
EndNode2[0]<--->HoM1[0]
REAL
   0.404609 -0.00493211  -0.0137124    0.318509
-0.00493211   0.0973111 -0.00554153  0.00997178
 -0.0137124 -0.00554153   0.0909091    0.006179
   0.318509  0.00997178    0.006179     0.40717
IMAGINARY
           0  -0.00156459    0.0148846  -0.00959172
  0.00156459            0   -0.0176562    0.0154951
  -0.0148846    0.0176562            0  0.000298766
  0.00959172   -0.0154951 -0.000298766            0
Repeater1[0]<--->EndNode1[0]
REAL
  0.415789 0.00948162 0.00303599   0.329646
0.00948162  0.0736842  0.0162962    0.01966
0.00303599  0.0162962  0.0763158  0.0187165
  0.329646    0.01966  0.0187165   0.434211
IMAGINARY
           0   -0.0131407   -0.0118786  -0.00472661
   0.0131407            0  0.000151443    0.0223854
   0.0118786 -0.000151443            0   0.00139783
  0.00472661   -0.0223854  -0.00139783            0
Repeater1[0]<--->HoM1[0]
REAL
   0.404609  -0.0137124 -0.00493211    0.318509
 -0.0137124   0.0909091 -0.00554153    0.006179
-0.00493211 -0.00554153   0.0973111  0.00997178
   0.318509    0.006179  0.00997178     0.40717
IMAGINARY
           0    0.0148846  -0.00156459  -0.00959172
  -0.0148846            0    0.0176562  0.000298766
  0.00156459   -0.0176562            0    0.0154951
  0.00959172 -0.000298766   -0.0154951            0
EndNode1[0]<--->Repeater1[0]
REAL
   0.410458  0.00285956   0.0135727    0.336868
 0.00285956    0.104575  -0.0145329 -0.00595852
  0.0135727  -0.0145329   0.0862745  -0.0104738
   0.336868 -0.00595852  -0.0104738    0.398693
IMAGINARY
          0  0.00450829 -0.00851753  0.00910224
-0.00450829           0   0.0168143  0.00181838
 0.00851753  -0.0168143           0 -0.00268125
-0.00910224 -0.00181838  0.00268125           0
EndNode2[0]<--->HoM1[0]
REAL
  0.406977  0.0105905  0.0172847   0.345886
 0.0105905  0.0968992 0.00392099  0.0128822
 0.0172847 0.00392099  0.0904393  0.0105905
  0.345886  0.0128822  0.0105905   0.405685
IMAGINARY
           0  0.000245341  -0.00975715  -0.00479734
-0.000245341            0   -0.0129941  -0.00020301
  0.00975715    0.0129941            0   -0.0155176
  0.00479734   0.00020301    0.0155176            0
Repeater1[0]<--->EndNode1[0]
REAL
   0.410458   0.0135727  0.00285956    0.336868
  0.0135727   0.0862745  -0.0145329  -0.0104738
 0.00285956  -0.0145329    0.104575 -0.00595852
   0.336868  -0.0104738 -0.00595852    0.398693
IMAGINARY
          0 -0.00851753  0.00450829  0.00910224
 0.00851753           0  -0.0168143 -0.00268125
-0.00450829   0.0168143           0  0.00181838
-0.00910224  0.00268125 -0.00181838           0
Repeater1[0]<--->HoM1[0]
REAL
  0.406977  0.0172847  0.0105905   0.345886
 0.0172847  0.0904393 0.00392099  0.0105905
 0.0105905 0.00392099  0.0968992  0.0128822
  0.345886  0.0105905  0.0128822   0.405685
IMAGINARY
           0  -0.00975715  0.000245341  -0.00479734
  0.00975715            0    0.0129941   -0.0155176
-0.000245341   -0.0129941            0  -0.00020301
  0.00479734    0.0155176   0.00020301            0
EndNode1[0]<--->Repeater1[0]
REAL
   0.401535 -0.00360419   0.0190455    0.308977
-0.00360419    0.106138  0.00479898 -0.00373934
  0.0190455  0.00479898   0.0831202  0.00360419
   0.308977 -0.00373934  0.00360419    0.409207
IMAGINARY
          0   0.0139728  -0.0227171  -0.0162821
 -0.0139728           0   0.0202714 -0.00861451
  0.0227171  -0.0202714           0   0.0121368
  0.0162821  0.00861451  -0.0121368           0
EndNode2[0]<--->HoM1[0]
REAL
   0.382244  -0.0103443  -0.0135281    0.335232
 -0.0103443     0.10111  0.00145163  -0.0115976
 -0.0135281  0.00145163   0.0961776 0.000294023
   0.335232  -0.0115976 0.000294023    0.420469
IMAGINARY
           0   -0.0211177  -0.00443791    0.0159169
   0.0211177            0    0.0145871  0.000416461
  0.00443791   -0.0145871            0    0.0144153
  -0.0159169 -0.000416461   -0.0144153            0
Repeater1[0]<--->EndNode1[0]
REAL
   0.401535   0.0190455 -0.00360419    0.308977
  0.0190455   0.0831202  0.00479898  0.00360419
-0.00360419  0.00479898    0.106138 -0.00373934
   0.308977  0.00360419 -0.00373934    0.409207
IMAGINARY
          0  -0.0227171   0.0139728  -0.0162821
  0.0227171           0  -0.0202714   0.0121368
 -0.0139728   0.0202714           0 -0.00861451
  0.0162821  -0.0121368  0.00861451           0
Repeater1[0]<--->HoM1[0]
REAL
   0.382244  -0.0135281  -0.0103443    0.335232
 -0.0135281   0.0961776  0.00145163 0.000294023
 -0.0103443  0.00145163     0.10111  -0.0115976
   0.335232 0.000294023  -0.0115976    0.420469
IMAGINARY
           0  -0.00443791   -0.0211177    0.0159169
  0.00443791            0   -0.0145871    0.0144153
   0.0211177    0.0145871            0  0.000416461
  -0.0159169   -0.0144153 -0.000416461            0
EndNode1[0]<--->Repeater1[0]
REAL
   0.398726  0.00184606 -0.00233855    0.326496
 0.00184606   0.0993631 -0.00117989  0.00613602
-0.00233855 -0.00117989   0.0942675    0.012078
   0.326496  0.00613602    0.012078    0.407643
IMAGINARY
          0  0.00355951 -0.00930998  -0.0045999
-0.00355951           0   0.0253253 -0.00113388
 0.00930998  -0.0253253           0  -0.0192253
  0.0045999  0.00113388   0.0192253           0
EndNode2[0]<--->HoM1[0]
REAL
  0.404313 0.00541223 0.00766311   0.316606
0.00541223  0.0849057 -0.0093772 0.00371574
0.00766311 -0.0093772   0.083558  0.0139988
  0.316606 0.00371574  0.0139988   0.427224
IMAGINARY
          0   0.0010147 -0.00423071  0.00231788
 -0.0010147           0 -0.00231788 -0.00113282
 0.00423071  0.00231788           0  0.00673262
-0.00231788  0.00113282 -0.00673262           0
Repeater1[0]<--->EndNode1[0]
REAL
   0.398726 -0.00233855  0.00184606    0.326496
-0.00233855   0.0942675 -0.00117989    0.012078
 0.00184606 -0.00117989   0.0993631  0.00613602
   0.326496    0.012078  0.00613602    0.407643
IMAGINARY
          0 -0.00930998  0.00355951  -0.0045999
 0.00930998           0  -0.0253253  -0.0192253
-0.00355951   0.0253253           0 -0.00113388
  0.0045999   0.0192253  0.00113388           0
Repeater1[0]<--->HoM1[0]
REAL
  0.404313 0.00766311 0.00541223   0.316606
0.00766311   0.083558 -0.0093772  0.0139988
0.00541223 -0.0093772  0.0849057 0.00371574
  0.316606  0.0139988 0.00371574   0.427224
IMAGINARY
          0 -0.00423071   0.0010147  0.00231788
 0.00423071           0  0.00231788  0.00673262
 -0.0010147 -0.00231788           0 -0.00113282
-0.00231788 -0.00673262  0.00113282           0
EndNode1[0]<--->Repeater1[0]
REAL
   0.428571  -0.0121614  -0.0152336    0.325445
 -0.0121614   0.0894526 -0.00666239  -0.0165124
 -0.0152336 -0.00666239   0.0761015 -0.00767992
   0.325445  -0.0165124 -0.00767992    0.405874
IMAGINARY
           0   -0.0168466  -0.00151976  0.000922512
   0.0168466            0  -0.00290402  -0.00215671
  0.00151976   0.00290402            0   0.00214073
-0.000922512   0.00215671  -0.00214073            0
EndNode2[0]<--->HoM1[0]
REAL
   0.402089   0.0144357   0.0109917    0.324562
  0.0144357   0.0939948 -0.00124457 -0.00738596
  0.0109917 -0.00124457   0.0796345  -0.0144357
   0.324562 -0.00738596  -0.0144357    0.424282
IMAGINARY
           0   0.00928033  -0.00624606  -0.00167782
 -0.00928033            0  -0.00231154   -0.0176249
  0.00624606   0.00231154            0  0.000397085
  0.00167782    0.0176249 -0.000397085            0
Repeater1[0]<--->EndNode1[0]
REAL
   0.428571  -0.0152336  -0.0121614    0.325445
 -0.0152336   0.0761015 -0.00666239 -0.00767992
 -0.0121614 -0.00666239   0.0894526  -0.0165124
   0.325445 -0.00767992  -0.0165124    0.405874
IMAGINARY
           0  -0.00151976   -0.0168466  0.000922512
  0.00151976            0   0.00290402   0.00214073
   0.0168466  -0.00290402            0  -0.00215671
-0.000922512  -0.00214073   0.00215671            0
Repeater1[0]<--->HoM1[0]
REAL
   0.402089   0.0109917   0.0144357    0.324562
  0.0109917   0.0796345 -0.00124457  -0.0144357
  0.0144357 -0.00124457   0.0939948 -0.00738596
   0.324562  -0.0144357 -0.00738596    0.424282
IMAGINARY
           0  -0.00624606   0.00928033  -0.00167782
  0.00624606            0   0.00231154  0.000397085
 -0.00928033  -0.00231154            0   -0.0176249
  0.00167782 -0.000397085    0.0176249            0
EndNode1[0]<--->Repeater1[0]
REAL
     0.40767 -0.000678004  -0.00283502     0.314584
-0.000678004     0.078125   -0.0163836   0.00926175
 -0.00283502   -0.0163836    0.0852273    0.0032487
    0.314584   0.00926175    0.0032487     0.428977
IMAGINARY
           0   0.00556342   0.00467352    0.0137687
 -0.00556342            0    0.0302926 -0.000157394
 -0.00467352   -0.0302926            0  -0.00620858
  -0.0137687  0.000157394   0.00620858            0
EndNode2[0]<--->HoM1[0]
REAL
   0.411765  0.00769022  0.00115124    0.319593
 0.00769022   0.0882353  -0.0070925 -0.00780017
 0.00115124  -0.0070925   0.0772059  -0.0209881
   0.319593 -0.00780017  -0.0209881    0.422794
IMAGINARY
           0   -0.0169199  -0.00197517   -0.0226922
   0.0169199            0 -0.000734851    0.0191691
  0.00197517  0.000734851            0    0.0134811
   0.0226922   -0.0191691   -0.0134811            0
Repeater1[0]<--->EndNode1[0]
REAL
     0.40767  -0.00283502 -0.000678004     0.314584
 -0.00283502    0.0852273   -0.0163836    0.0032487
-0.000678004   -0.0163836     0.078125   0.00926175
    0.314584    0.0032487   0.00926175     0.428977
IMAGINARY
           0   0.00467352   0.00556342    0.0137687
 -0.00467352            0   -0.0302926  -0.00620858
 -0.00556342    0.0302926            0 -0.000157394
  -0.0137687   0.00620858  0.000157394            0
Repeater1[0]<--->HoM1[0]
REAL
   0.411765  0.00115124  0.00769022    0.319593
 0.00115124   0.0772059  -0.0070925  -0.0209881
 0.00769022  -0.0070925   0.0882353 -0.00780017
   0.319593  -0.0209881 -0.00780017    0.422794
IMAGINARY
           0  -0.00197517   -0.0169199   -0.0226922
  0.00197517            0  0.000734851    0.0134811
   0.0169199 -0.000734851            0    0.0191691
   0.0226922   -0.0134811   -0.0191691            0
EndNode1[0]<--->Repeater1[0]
REAL
  0.401022  0.0154173 0.00164484   0.317679
 0.0154173   0.102171  0.0118665 0.00719354
0.00164484  0.0118665  0.0727969 0.00225944
  0.317679 0.00719354 0.00225944    0.42401
IMAGINARY
          0  -0.0186061  0.00493676  -0.0139569
  0.0186061           0  -0.0178429  0.00629177
-0.00493676   0.0178429           0  0.00341459
  0.0139569 -0.00629177 -0.00341459           0
EndNode2[0]<--->HoM1[0]
REAL
   0.444302  -0.0154848  0.00341322    0.321262
 -0.0154848    0.099872 -0.00907257  0.00280569
 0.00341322 -0.00907257   0.0768246  0.00802215
   0.321262  0.00280569  0.00802215    0.379001
IMAGINARY
          0 -0.00739364   0.0107789  0.00558753
 0.00739364           0  0.00237003  -0.0107789
 -0.0107789 -0.00237003           0 -0.00288914
-0.00558753   0.0107789  0.00288914           0
Repeater1[0]<--->EndNode1[0]
REAL
  0.401022 0.00164484  0.0154173   0.317679
0.00164484  0.0727969  0.0118665 0.00225944
 0.0154173  0.0118665   0.102171 0.00719354
  0.317679 0.00225944 0.00719354    0.42401
IMAGINARY
          0  0.00493676  -0.0186061  -0.0139569
-0.00493676           0   0.0178429  0.00341459
  0.0186061  -0.0178429           0  0.00629177
  0.0139569 -0.00341459 -0.00629177           0
Repeater1[0]<--->HoM1[0]
REAL
   0.444302  0.00341322  -0.0154848    0.321262
 0.00341322   0.0768246 -0.00907257  0.00802215
 -0.0154848 -0.00907257    0.099872  0.00280569
   0.321262  0.00802215  0.00280569    0.379001
IMAGINARY
          0   0.0107789 -0.00739364  0.00558753
 -0.0107789           0 -0.00237003 -0.00288914
 0.00739364  0.00237003           0  -0.0107789
-0.00558753  0.00288914   0.0107789           0
EndNode1[0]<--->Repeater1[0]
REAL
   0.423338  -0.0246922 -0.00812743    0.352495
 -0.0246922   0.0841248  -0.0148657  -0.0112025
-0.00812743  -0.0148657   0.0909091 -0.00494698
   0.352495  -0.0112025 -0.00494698    0.401628
IMAGINARY
          0    0.012529 -0.00553436  -0.0180419
  -0.012529           0   0.0238936 -0.00421857
 0.00553436  -0.0238936           0  0.00762704
  0.0180419  0.00421857 -0.00762704           0
EndNode2[0]<--->HoM1[0]
REAL
   0.432778  -0.0159096   -0.025352    0.326211
 -0.0159096   0.0819462 -0.00141925   -0.019344
  -0.025352 -0.00141925   0.0819462  -0.0132918
   0.326211   -0.019344  -0.0132918    0.403329
IMAGINARY
          0  0.00271277 -0.00226157 -0.00797538
-0.00271277           0  -0.0144521 -0.00851157
 0.00226157   0.0144521           0  0.00806036
 0.00797538  0.00851157 -0.00806036           0
Repeater1[0]<--->EndNode1[0]
REAL
   0.423338 -0.00812743  -0.0246922    0.352495
-0.00812743   0.0909091  -0.0148657 -0.00494698
 -0.0246922  -0.0148657   0.0841248  -0.0112025
   0.352495 -0.00494698  -0.0112025    0.401628
IMAGINARY
          0 -0.00553436    0.012529  -0.0180419
 0.00553436           0  -0.0238936  0.00762704
  -0.012529   0.0238936           0 -0.00421857
  0.0180419 -0.00762704  0.00421857           0
Repeater1[0]<--->HoM1[0]
REAL
   0.432778   -0.025352  -0.0159096    0.326211
  -0.025352   0.0819462 -0.00141925  -0.0132918
 -0.0159096 -0.00141925   0.0819462   -0.019344
   0.326211  -0.0132918   -0.019344    0.403329
IMAGINARY
          0 -0.00226157  0.00271277 -0.00797538
 0.00226157           0   0.0144521  0.00806036
-0.00271277  -0.0144521           0 -0.00851157
 0.00797538 -0.00806036  0.00851157           0
EndNode1[0]<--->Repeater1[0]
REAL
   0.400815 -0.00477973  0.00487679    0.334312
-0.00477973   0.0951087 -0.00468204  -0.0196916
 0.00487679 -0.00468204   0.0991848  -0.0223808
   0.334312  -0.0196916  -0.0223808    0.404891
IMAGINARY
           0   0.00198524   0.00578682    0.0146216
 -0.00198524            0    0.0106428 -0.000126447
 -0.00578682   -0.0106428            0  -0.00512989
  -0.0146216  0.000126447   0.00512989            0
EndNode2[0]<--->HoM1[0]
REAL
   0.402344 -0.00375077   0.0026034    0.310412
-0.00375077     0.10026 -0.00799278   0.0175579
  0.0026034 -0.00799278   0.0820312   0.0171916
   0.310412   0.0175579   0.0171916    0.415365
IMAGINARY
          0  0.00183198  -0.0146443   0.0235394
-0.00183198           0  -0.0113443   0.0029879
  0.0146443   0.0113443           0   0.0024625
 -0.0235394  -0.0029879  -0.0024625           0
Repeater1[0]<--->EndNode1[0]
REAL
   0.400815  0.00487679 -0.00477973    0.334312
 0.00487679   0.0991848 -0.00468204  -0.0223808
-0.00477973 -0.00468204   0.0951087  -0.0196916
   0.334312  -0.0223808  -0.0196916    0.404891
IMAGINARY
           0   0.00578682   0.00198524    0.0146216
 -0.00578682            0   -0.0106428  -0.00512989
 -0.00198524    0.0106428            0 -0.000126447
  -0.0146216   0.00512989  0.000126447            0
Repeater1[0]<--->HoM1[0]
REAL
   0.402344   0.0026034 -0.00375077    0.310412
  0.0026034   0.0820312 -0.00799278   0.0171916
-0.00375077 -0.00799278     0.10026   0.0175579
   0.310412   0.0171916   0.0175579    0.415365
IMAGINARY
          0  -0.0146443  0.00183198   0.0235394
  0.0146443           0   0.0113443   0.0024625
-0.00183198  -0.0113443           0   0.0029879
 -0.0235394  -0.0024625  -0.0029879           0
EndNode1[0]<--->Repeater1[0]
REAL
   0.427196   0.0079356  0.00296443    0.312208
  0.0079356   0.0806258 -0.00456628  0.00296443
 0.00296443 -0.00456628   0.0890493   -0.015182
   0.312208  0.00296443   -0.015182    0.403129
IMAGINARY
           0   -0.0102481  0.000775557   -0.0013121
   0.0102481            0   -0.0146879    -0.010453
-0.000775557    0.0146879            0   0.00960298
   0.0013121     0.010453  -0.00960298            0
EndNode2[0]<--->HoM1[0]
REAL
    0.432911 -0.000517313    0.0156348     0.320344
-0.000517313    0.0822785   0.00365613   -0.0143015
   0.0156348   0.00365613    0.0797468  -0.00614935
    0.320344   -0.0143015  -0.00614935     0.405063
IMAGINARY
          0 -0.00719891  0.00890828   0.0157596
 0.00719891           0 -0.00196194  0.00310183
-0.00890828  0.00196194           0   -0.026303
 -0.0157596 -0.00310183    0.026303           0
Repeater1[0]<--->EndNode1[0]
REAL
   0.427196  0.00296443   0.0079356    0.312208
 0.00296443   0.0890493 -0.00456628   -0.015182
  0.0079356 -0.00456628   0.0806258  0.00296443
   0.312208   -0.015182  0.00296443    0.403129
IMAGINARY
           0  0.000775557   -0.0102481   -0.0013121
-0.000775557            0    0.0146879   0.00960298
   0.0102481   -0.0146879            0    -0.010453
   0.0013121  -0.00960298     0.010453            0
Repeater1[0]<--->HoM1[0]
REAL
    0.432911    0.0156348 -0.000517313     0.320344
   0.0156348    0.0797468   0.00365613  -0.00614935
-0.000517313   0.00365613    0.0822785   -0.0143015
    0.320344  -0.00614935   -0.0143015     0.405063
IMAGINARY
          0  0.00890828 -0.00719891   0.0157596
-0.00890828           0  0.00196194   -0.026303
 0.00719891 -0.00196194           0  0.00310183
 -0.0157596    0.026303 -0.00310183           0
EndNode1[0]<--->Repeater1[0]
REAL
   0.420988  0.00382667 -0.00273018    0.324046
 0.00382667   0.0777778  0.00243178   0.0181543
-0.00273018  0.00243178   0.0864198  0.00517076
   0.324046   0.0181543  0.00517076    0.414815
IMAGINARY
          0  -0.0207199  -0.0129411 -0.00250729
  0.0207199           0  0.00704685 -0.00528805
  0.0129411 -0.00704685           0   0.0168136
 0.00250729  0.00528805  -0.0168136           0
EndNode2[0]<--->HoM1[0]
REAL
   0.413619  0.00656641  0.00266575    0.329606
 0.00656641   0.0882724  0.00528125  0.00332626
 0.00266575  0.00528125   0.0882724 -0.00323751
   0.329606  0.00332626 -0.00323751    0.409836
IMAGINARY
          0  0.00252422   0.0168407  -0.0210809
-0.00252422           0  -0.0249469   0.0020782
 -0.0168407   0.0249469           0  -0.0295512
  0.0210809  -0.0020782   0.0295512           0
Repeater1[0]<--->EndNode1[0]
REAL
   0.420988 -0.00273018  0.00382667    0.324046
-0.00273018   0.0864198  0.00243178  0.00517076
 0.00382667  0.00243178   0.0777778   0.0181543
   0.324046  0.00517076   0.0181543    0.414815
IMAGINARY
          0  -0.0129411  -0.0207199 -0.00250729
  0.0129411           0 -0.00704685   0.0168136
  0.0207199  0.00704685           0 -0.00528805
 0.00250729  -0.0168136  0.00528805           0
Repeater1[0]<--->HoM1[0]
REAL
   0.413619  0.00266575  0.00656641    0.329606
 0.00266575   0.0882724  0.00528125 -0.00323751
 0.00656641  0.00528125   0.0882724  0.00332626
   0.329606 -0.00323751  0.00332626    0.409836
IMAGINARY
          0   0.0168407  0.00252422  -0.0210809
 -0.0168407           0   0.0249469  -0.0295512
-0.00252422  -0.0249469           0   0.0020782
  0.0210809   0.0295512  -0.0020782           0
EndNode1[0]<--->Repeater1[0]
REAL
      0.44 -0.0204003 -0.0160359   0.328535
-0.0204003  0.0864516 -0.0255257 -0.0147439
-0.0160359 -0.0255257  0.0812903 -0.0131155
  0.328535 -0.0147439 -0.0131155   0.392258
IMAGINARY
          0  0.00632947   0.0289434  0.00409325
-0.00632947           0  0.00474514  -0.0340196
 -0.0289434 -0.00474514           0  0.00509185
-0.00409325   0.0340196 -0.00509185           0
EndNode2[0]<--->HoM1[0]
REAL
  0.415287 0.00118064  0.0400475   0.320607
0.00118064  0.0675159  0.0105445  0.0280154
 0.0400475  0.0105445  0.0942675  0.0263063
  0.320607  0.0280154  0.0263063    0.42293
IMAGINARY
          0  -0.0136057   0.0220915   0.0149564
  0.0136057           0  -0.0215353  0.00117895
 -0.0220915   0.0215353           0 -0.00337548
 -0.0149564 -0.00117895  0.00337548           0
Repeater1[0]<--->EndNode1[0]
REAL
      0.44 -0.0160359 -0.0204003   0.328535
-0.0160359  0.0812903 -0.0255257 -0.0131155
-0.0204003 -0.0255257  0.0864516 -0.0147439
  0.328535 -0.0131155 -0.0147439   0.392258
IMAGINARY
          0   0.0289434  0.00632947  0.00409325
 -0.0289434           0 -0.00474514  0.00509185
-0.00632947  0.00474514           0  -0.0340196
-0.00409325 -0.00509185   0.0340196           0
Repeater1[0]<--->HoM1[0]
REAL
  0.415287  0.0400475 0.00118064   0.320607
 0.0400475  0.0942675  0.0105445  0.0263063
0.00118064  0.0105445  0.0675159  0.0280154
  0.320607  0.0263063  0.0280154    0.42293
IMAGINARY
          0   0.0220915  -0.0136057   0.0149564
 -0.0220915           0   0.0215353 -0.00337548
  0.0136057  -0.0215353           0  0.00117895
 -0.0149564  0.00337548 -0.00117895           0
EndNode1[0]<--->Repeater1[0]
REAL
   0.420645   0.0225347   0.0196692    0.321626
  0.0225347   0.0916129 -0.00587036  0.00129649
  0.0196692 -0.00587036   0.0929032   0.0124081
   0.321626  0.00129649   0.0124081    0.394839
IMAGINARY
          0  0.00904156   0.0147767  -0.0104772
-0.00904156           0  0.00310622  -0.0245043
 -0.0147767 -0.00310622           0 -0.00061095
  0.0104772   0.0245043  0.00061095           0
EndNode2[0]<--->HoM1[0]
REAL
   0.370886  -0.0212069   0.0064908    0.326589
 -0.0212069   0.0797468 -0.00198205   0.0013626
  0.0064908 -0.00198205   0.0924051   0.0107357
   0.326589   0.0013626   0.0107357    0.456962
IMAGINARY
           0   0.00625976 -0.000698351  -0.00982121
 -0.00625976            0    -0.026828  -0.00986065
 0.000698351     0.026828            0   0.00926819
  0.00982121   0.00986065  -0.00926819            0
Repeater1[0]<--->EndNode1[0]
REAL
   0.420645   0.0196692   0.0225347    0.321626
  0.0196692   0.0929032 -0.00587036   0.0124081
  0.0225347 -0.00587036   0.0916129  0.00129649
   0.321626   0.0124081  0.00129649    0.394839
IMAGINARY
          0   0.0147767  0.00904156  -0.0104772
 -0.0147767           0 -0.00310622 -0.00061095
-0.00904156  0.00310622           0  -0.0245043
  0.0104772  0.00061095   0.0245043           0
Repeater1[0]<--->HoM1[0]
REAL
   0.370886   0.0064908  -0.0212069    0.326589
  0.0064908   0.0924051 -0.00198205   0.0107357
 -0.0212069 -0.00198205   0.0797468   0.0013626
   0.326589   0.0107357   0.0013626    0.456962
IMAGINARY
           0 -0.000698351   0.00625976  -0.00982121
 0.000698351            0     0.026828   0.00926819
 -0.00625976    -0.026828            0  -0.00986065
  0.00982121  -0.00926819   0.00986065            0
EndNode1[0]<--->Repeater1[0]
REAL
   0.421185  0.00685661   0.0114545    0.326888
 0.00685661   0.0844893   0.0148674 -0.00480561
  0.0114545   0.0148674   0.0807062 -0.00951619
   0.326888 -0.00480561 -0.00951619    0.413619
IMAGINARY
          0     0.01559  0.00448546   0.0169411
