EndNode1[0]<--->Repeater1[0]
REAL
  0.424282 0.00926596  0.0151054   0.393982
0.00926596  0.0874674  0.0498958 0.00275172
 0.0151054  0.0498958  0.0652742 0.00604016
  0.393982 0.00275172 0.00604016   0.422977
IMAGINARY
          0 -0.00809553 -0.00608606  0.00886611
 0.00809553           0 -0.00493941  0.00474197
 0.00608606  0.00493941           0 -0.00937758
-0.00886611 -0.00474197  0.00937758           0
EndNode2[0]<--->HoM1[0]
REAL
   0.461538  -0.0203868 0.000368182     0.40169
 -0.0203868   0.0769231   0.0367921  -0.0121483
0.000368182   0.0367921   0.0685096  0.00206219
    0.40169  -0.0121483  0.00206219    0.393029
IMAGINARY
          0 -0.00308918  -0.0185498  -0.0145859
 0.00308918           0  0.00935028    0.010709
  0.0185498 -0.00935028           0    0.015755
  0.0145859   -0.010709   -0.015755           0
Repeater1[0]<--->EndNode1[0]
REAL
  0.424282  0.0151054 0.00926596   0.393982
 0.0151054  0.0652742  0.0498958 0.00604016
0.00926596  0.0498958  0.0874674 0.00275172
  0.393982 0.00604016 0.00275172   0.422977
IMAGINARY
          0 -0.00608606 -0.00809553  0.00886611
 0.00608606           0  0.00493941 -0.00937758
 0.00809553 -0.00493941           0  0.00474197
-0.00886611  0.00937758 -0.00474197           0
Repeater1[0]<--->HoM1[0]
REAL
   0.461538 0.000368182  -0.0203868     0.40169
0.000368182   0.0685096   0.0367921  0.00206219
 -0.0203868   0.0367921   0.0769231  -0.0121483
    0.40169  0.00206219  -0.0121483    0.393029
IMAGINARY
          0  -0.0185498 -0.00308918  -0.0145859
  0.0185498           0 -0.00935028    0.015755
 0.00308918  0.00935028           0    0.010709
  0.0145859   -0.015755   -0.010709           0
EndNode1[0]<--->Repeater1[0]
REAL
    0.43883 -0.00604836  -0.0161465    0.398801
-0.00604836    0.081117   0.0574488   0.0061465
 -0.0161465   0.0574488   0.0864362 -0.00270164
   0.398801   0.0061465 -0.00270164    0.393617
IMAGINARY
           0 -0.000593089   0.00506263   0.00559398
 0.000593089            0  -0.00238474  0.000789126
 -0.00506263   0.00238474            0   0.00254367
 -0.00559398 -0.000789126  -0.00254367            0
EndNode2[0]<--->HoM1[0]
REAL
   0.410737  -0.0113524 -0.00693527    0.405279
 -0.0113524   0.0811486   0.0409575  0.00693527
-0.00693527   0.0409575   0.0761548   0.0194169
   0.405279  0.00693527   0.0194169     0.43196
IMAGINARY
          0  -0.0153535   0.0174517  -0.0142565
  0.0153535           0 -0.00421637  -0.0187079
 -0.0174517  0.00421637           0   0.0115847
  0.0142565   0.0187079  -0.0115847           0
Repeater1[0]<--->EndNode1[0]
REAL
    0.43883  -0.0161465 -0.00604836    0.398801
 -0.0161465   0.0864362   0.0574488 -0.00270164
-0.00604836   0.0574488    0.081117   0.0061465
   0.398801 -0.00270164   0.0061465    0.393617
IMAGINARY
           0   0.00506263 -0.000593089   0.00559398
 -0.00506263            0   0.00238474   0.00254367
 0.000593089  -0.00238474            0  0.000789126
 -0.00559398  -0.00254367 -0.000789126            0
Repeater1[0]<--->HoM1[0]
REAL
   0.410737 -0.00693527  -0.0113524    0.405279
-0.00693527   0.0761548   0.0409575   0.0194169
 -0.0113524   0.0409575   0.0811486  0.00693527
   0.405279   0.0194169  0.00693527     0.43196
IMAGINARY
          0   0.0174517  -0.0153535  -0.0142565
 -0.0174517           0  0.00421637   0.0115847
  0.0153535 -0.00421637           0  -0.0187079
  0.0142565  -0.0115847   0.0187079           0
EndNode1[0]<--->Repeater1[0]
REAL
   0.405371 -0.00328606 -0.00127551    0.407119
-0.00328606   0.0818414   0.0278303 -0.00255102
-0.00127551   0.0278303   0.0767263 -0.00691802
   0.407119 -0.00255102 -0.00691802    0.436061
IMAGINARY
          0  -0.0268696  0.00658165   0.0125791
  0.0268696           0  -0.0262949 -0.00340503
-0.00658165   0.0262949           0  0.00971581
 -0.0125791  0.00340503 -0.00971581           0
EndNode2[0]<--->HoM1[0]
REAL
   0.458167  0.00515971 -0.00551903    0.390253
 0.00515971   0.0836653   0.0592667  -0.0016925
-0.00551903   0.0592667   0.0770252 -0.00275586
   0.390253  -0.0016925 -0.00275586    0.381142
IMAGINARY
          0    0.012614 -0.00210419  -0.0397344
  -0.012614           0   0.0116906  0.00632954
 0.00210419  -0.0116906           0  0.00569581
  0.0397344 -0.00632954 -0.00569581           0
Repeater1[0]<--->EndNode1[0]
REAL
   0.405371 -0.00127551 -0.00328606    0.407119
-0.00127551   0.0767263   0.0278303 -0.00691802
-0.00328606   0.0278303   0.0818414 -0.00255102
   0.407119 -0.00691802 -0.00255102    0.436061
IMAGINARY
          0  0.00658165  -0.0268696   0.0125791
-0.00658165           0   0.0262949  0.00971581
  0.0268696  -0.0262949           0 -0.00340503
 -0.0125791 -0.00971581  0.00340503           0
Repeater1[0]<--->HoM1[0]
REAL
   0.458167 -0.00551903  0.00515971    0.390253
-0.00551903   0.0770252   0.0592667 -0.00275586
 0.00515971   0.0592667   0.0836653  -0.0016925
   0.390253 -0.00275586  -0.0016925    0.381142
IMAGINARY
          0 -0.00210419    0.012614  -0.0397344
 0.00210419           0  -0.0116906  0.00569581
  -0.012614   0.0116906           0  0.00632954
  0.0397344 -0.00569581 -0.00632954           0
EndNode1[0]<--->Repeater1[0]
REAL
   0.434278 -0.00809898 -0.00435613    0.397122
-0.00809898    0.064433   0.0449249 -0.00242562
-0.00435613   0.0449249   0.0670103   -0.004848
   0.397122 -0.00242562   -0.004848    0.434278
IMAGINARY
          0   0.0199776 -0.00531676  -0.0113705
 -0.0199776           0  0.00268568 -0.00466993
 0.00531676 -0.00268568           0  0.00731935
  0.0113705  0.00466993 -0.00731935           0
EndNode2[0]<--->HoM1[0]
REAL
  0.409147 -0.0154229 -0.0171064   0.400542
-0.0154229   0.092707  0.0537065 -0.0123053
-0.0171064  0.0537065  0.0778739 -0.0179104
  0.400542 -0.0123053 -0.0179104   0.420272
IMAGINARY
          0  0.00339392  -0.0187018  0.00986387
-0.00339392           0   0.0105041 -0.00155138
  0.0187018  -0.0105041           0 -0.00719139
-0.00986387  0.00155138  0.00719139           0
Repeater1[0]<--->EndNode1[0]
REAL
   0.434278 -0.00435613 -0.00809898    0.397122
-0.00435613   0.0670103   0.0449249   -0.004848
-0.00809898   0.0449249    0.064433 -0.00242562
   0.397122   -0.004848 -0.00242562    0.434278
IMAGINARY
          0 -0.00531676   0.0199776  -0.0113705
 0.00531676           0 -0.00268568  0.00731935
 -0.0199776  0.00268568           0 -0.00466993
  0.0113705 -0.00731935  0.00466993           0
Repeater1[0]<--->HoM1[0]
REAL
  0.409147 -0.0171064 -0.0154229   0.400542
-0.0171064  0.0778739  0.0537065 -0.0179104
-0.0154229  0.0537065   0.092707 -0.0123053
  0.400542 -0.0179104 -0.0123053   0.420272
IMAGINARY
          0  -0.0187018  0.00339392  0.00986387
  0.0187018           0  -0.0105041 -0.00719139
-0.00339392   0.0105041           0 -0.00155138
-0.00986387  0.00719139  0.00155138           0
EndNode1[0]<--->Repeater1[0]
REAL
    0.440171    0.0141132    0.0091965     0.396568
   0.0141132    0.0569801    0.0427885   -0.0215727
   0.0091965    0.0427885    0.0868946 -0.000499295
    0.396568   -0.0215727 -0.000499295     0.415954
IMAGINARY
           0  -0.00393337  0.000987479   0.00675247
  0.00393337            0  -0.00739267   -0.0164769
-0.000987479   0.00739267            0   0.00207464
 -0.00675247    0.0164769  -0.00207464            0
EndNode2[0]<--->HoM1[0]
REAL
   0.421053 -0.00310354  -0.0146545    0.397242
-0.00310354   0.0776942   0.0560295 -0.00870998
 -0.0146545   0.0560295    0.075188 -0.00824493
   0.397242 -0.00870998 -0.00824493    0.426065
IMAGINARY
           0  2.68817e-05    0.0205593    0.0117552
-2.68817e-05            0  -0.00141924    0.0115619
  -0.0205593   0.00141924            0  -0.00669355
  -0.0117552   -0.0115619   0.00669355            0
Repeater1[0]<--->EndNode1[0]
REAL
    0.440171    0.0091965    0.0141132     0.396568
   0.0091965    0.0868946    0.0427885 -0.000499295
   0.0141132    0.0427885    0.0569801   -0.0215727
    0.396568 -0.000499295   -0.0215727     0.415954
IMAGINARY
           0  0.000987479  -0.00393337   0.00675247
-0.000987479            0   0.00739267   0.00207464
  0.00393337  -0.00739267            0   -0.0164769
 -0.00675247  -0.00207464    0.0164769            0
Repeater1[0]<--->HoM1[0]
REAL
   0.421053  -0.0146545 -0.00310354    0.397242
 -0.0146545    0.075188   0.0560295 -0.00824493
-0.00310354   0.0560295   0.0776942 -0.00870998
   0.397242 -0.00824493 -0.00870998    0.426065
IMAGINARY
           0    0.0205593  2.68817e-05    0.0117552
  -0.0205593            0   0.00141924  -0.00669355
-2.68817e-05  -0.00141924            0    0.0115619
  -0.0117552   0.00669355   -0.0115619            0
EndNode1[0]<--->Repeater1[0]
REAL
   0.446237   0.0155981  0.00808413    0.402622
  0.0155981   0.0712366   0.0449438 -0.00745991
 0.00808413   0.0449438   0.0766129  -0.0174707
   0.402622 -0.00745991  -0.0174707    0.405914
IMAGINARY
          0 -0.00564171  0.00752205   0.0191474
 0.00564171           0  -0.0152914  0.00558657
-0.00752205   0.0152914           0 -0.00247314
 -0.0191474 -0.00558657  0.00247314           0
EndNode2[0]<--->HoM1[0]
REAL
  0.415894  0.0129008 -0.0140355   0.389673
 0.0129008  0.0701987  0.0432306 0.00693876
-0.0140355  0.0432306  0.0834437 -0.0277396
  0.389673 0.00693876 -0.0277396   0.430464
IMAGINARY
          0  0.00656493 -0.00247672   0.0114573
-0.00656493           0   0.0226792  0.00559782
 0.00247672  -0.0226792           0   -0.020922
 -0.0114573 -0.00559782    0.020922           0
Repeater1[0]<--->EndNode1[0]
REAL
   0.446237  0.00808413   0.0155981    0.402622
 0.00808413   0.0766129   0.0449438  -0.0174707
  0.0155981   0.0449438   0.0712366 -0.00745991
   0.402622  -0.0174707 -0.00745991    0.405914
IMAGINARY
          0  0.00752205 -0.00564171   0.0191474
-0.00752205           0   0.0152914 -0.00247314
 0.00564171  -0.0152914           0  0.00558657
 -0.0191474  0.00247314 -0.00558657           0
Repeater1[0]<--->HoM1[0]
REAL
  0.415894 -0.0140355  0.0129008   0.389673
-0.0140355  0.0834437  0.0432306 -0.0277396
 0.0129008  0.0432306  0.0701987 0.00693876
  0.389673 -0.0277396 0.00693876   0.430464
IMAGINARY
          0 -0.00247672  0.00656493   0.0114573
 0.00247672           0  -0.0226792   -0.020922
-0.00656493   0.0226792           0  0.00559782
 -0.0114573    0.020922 -0.00559782           0
EndNode1[0]<--->Repeater1[0]
REAL
  0.405928  0.0035044  -0.012181   0.402498
 0.0035044   0.068299  0.0364809 0.00657705
 -0.012181  0.0364809  0.0618557 -0.0128444
  0.402498 0.00657705 -0.0128444   0.463918
IMAGINARY
          0 -0.00962588  -0.0124416 -0.00503776
 0.00962588           0 -0.00313662  0.00330642
  0.0124416  0.00313662           0    0.013889
 0.00503776 -0.00330642   -0.013889           0
EndNode2[0]<--->HoM1[0]
REAL
   0.401554  -0.0160043 -0.00280633    0.405894
 -0.0160043   0.0686528   0.0459435  -0.0130365
-0.00280633   0.0459435   0.0751295   0.0052312
   0.405894  -0.0130365   0.0052312    0.454663
IMAGINARY
          0   0.0106743  0.00388601   -0.017142
 -0.0106743           0  0.00896764 -0.00388601
-0.00388601 -0.00896764           0 -0.00821734
   0.017142  0.00388601  0.00821734           0
Repeater1[0]<--->EndNode1[0]
REAL
  0.405928  -0.012181  0.0035044   0.402498
 -0.012181  0.0618557  0.0364809 -0.0128444
 0.0035044  0.0364809   0.068299 0.00657705
  0.402498 -0.0128444 0.00657705   0.463918
IMAGINARY
          0  -0.0124416 -0.00962588 -0.00503776
  0.0124416           0  0.00313662    0.013889
 0.00962588 -0.00313662           0  0.00330642
 0.00503776   -0.013889 -0.00330642           0
Repeater1[0]<--->HoM1[0]
REAL
   0.401554 -0.00280633  -0.0160043    0.405894
-0.00280633   0.0751295   0.0459435   0.0052312
 -0.0160043   0.0459435   0.0686528  -0.0130365
   0.405894   0.0052312  -0.0130365    0.454663
IMAGINARY
          0  0.00388601   0.0106743   -0.017142
-0.00388601           0 -0.00896764 -0.00821734
 -0.0106743  0.00896764           0 -0.00388601
   0.017142  0.00821734  0.00388601           0
EndNode1[0]<--->Repeater1[0]
REAL
   0.421795 -0.00621538 -0.00180001    0.396416
-0.00621538   0.0692308   0.0416603 -0.00808141
-0.00180001   0.0416603   0.0717949  0.00555662
   0.396416 -0.00808141  0.00555662    0.437179
IMAGINARY
          0   0.0128166  -0.0230738   0.0104135
 -0.0128166           0 -0.00854079  0.00122289
  0.0230738  0.00854079           0 -0.00767521
 -0.0104135 -0.00122289  0.00767521           0
EndNode2[0]<--->HoM1[0]
REAL
  0.420561  0.0164276 -0.0126913    0.40094
 0.0164276  0.0654206  0.0573935  0.0114287
-0.0126913  0.0573935  0.0801068 -0.0189529
   0.40094  0.0114287 -0.0189529   0.433912
IMAGINARY
          0  0.00806932 -0.00685329   0.0067326
-0.00806932           0  -0.0162143 -0.00944397
 0.00685329   0.0162143           0   0.0290884
 -0.0067326  0.00944397  -0.0290884           0
Repeater1[0]<--->EndNode1[0]
REAL
   0.421795 -0.00180001 -0.00621538    0.396416
-0.00180001   0.0717949   0.0416603  0.00555662
-0.00621538   0.0416603   0.0692308 -0.00808141
   0.396416  0.00555662 -0.00808141    0.437179
IMAGINARY
          0  -0.0230738   0.0128166   0.0104135
  0.0230738           0  0.00854079 -0.00767521
 -0.0128166 -0.00854079           0  0.00122289
 -0.0104135  0.00767521 -0.00122289           0
Repeater1[0]<--->HoM1[0]
REAL
  0.420561 -0.0126913  0.0164276    0.40094
-0.0126913  0.0801068  0.0573935 -0.0189529
 0.0164276  0.0573935  0.0654206  0.0114287
   0.40094 -0.0189529  0.0114287   0.433912
IMAGINARY
          0 -0.00685329  0.00806932   0.0067326
 0.00685329           0   0.0162143   0.0290884
-0.00806932  -0.0162143           0 -0.00944397
 -0.0067326  -0.0290884  0.00944397           0
EndNode1[0]<--->Repeater1[0]
REAL
   0.415365 -0.00284017  0.00271084    0.405309
-0.00284017   0.0885417     0.04516   0.0193775
 0.00271084     0.04516   0.0820312   0.0262672
   0.405309   0.0193775   0.0262672    0.414062
IMAGINARY
          0  -0.0335962   0.0125499   0.0179167
  0.0335962           0  0.00291667   0.0196284
 -0.0125499 -0.00291667           0  0.00265556
 -0.0179167  -0.0196284 -0.00265556           0
EndNode2[0]<--->HoM1[0]
REAL
    0.42735  0.00916739  0.00693328    0.404805
 0.00916739   0.0769231   0.0485957   0.0119584
 0.00693328   0.0485957   0.0634921 0.000908177
   0.404805   0.0119584 0.000908177    0.432234
IMAGINARY
          0  0.00620311  0.00118015  -0.0204741
-0.00620311           0 -0.00802328  -0.0149056
-0.00118015  0.00802328           0  0.00752238
  0.0204741   0.0149056 -0.00752238           0
Repeater1[0]<--->EndNode1[0]
REAL
   0.415365  0.00271084 -0.00284017    0.405309
 0.00271084   0.0820312     0.04516   0.0262672
-0.00284017     0.04516   0.0885417   0.0193775
   0.405309   0.0262672   0.0193775    0.414062
IMAGINARY
          0   0.0125499  -0.0335962   0.0179167
 -0.0125499           0 -0.00291667  0.00265556
  0.0335962  0.00291667           0   0.0196284
 -0.0179167 -0.00265556  -0.0196284           0
Repeater1[0]<--->HoM1[0]
REAL
    0.42735  0.00693328  0.00916739    0.404805
 0.00693328   0.0634921   0.0485957 0.000908177
 0.00916739   0.0485957   0.0769231   0.0119584
   0.404805 0.000908177   0.0119584    0.432234
IMAGINARY
          0  0.00118015  0.00620311  -0.0204741
-0.00118015           0  0.00802328  0.00752238
-0.00620311 -0.00802328           0  -0.0149056
  0.0204741 -0.00752238   0.0149056           0
EndNode1[0]<--->Repeater1[0]
REAL
  0.424791 0.00541356  0.0165799   0.397233
0.00541356  0.0779944  0.0553309 0.00906111
 0.0165799  0.0553309  0.0752089  0.0163813
  0.397233 0.00906111  0.0163813   0.422006
IMAGINARY
          0 -0.00705955 -0.00320403  0.00581395
 0.00705955           0 -0.00581395   0.0199135
 0.00320403  0.00581395           0 -0.00322323
-0.00581395  -0.0199135  0.00322323           0
EndNode2[0]<--->HoM1[0]
REAL
  0.410693  0.0290322   0.033134   0.392322
 0.0290322  0.0716889  0.0425811 -0.0151285
  0.033134  0.0425811  0.0558931 -0.0124117
  0.392322 -0.0151285 -0.0124117   0.461725
IMAGINARY
          0   0.0123563   0.0133609   0.0363718
 -0.0123563           0    0.005246  -0.0237235
 -0.0133609   -0.005246           0 -0.00717495
 -0.0363718   0.0237235  0.00717495           0
Repeater1[0]<--->EndNode1[0]
REAL
  0.424791  0.0165799 0.00541356   0.397233
 0.0165799  0.0752089  0.0553309  0.0163813
0.00541356  0.0553309  0.0779944 0.00906111
  0.397233  0.0163813 0.00906111   0.422006
IMAGINARY
          0 -0.00320403 -0.00705955  0.00581395
 0.00320403           0  0.00581395 -0.00322323
 0.00705955 -0.00581395           0   0.0199135
-0.00581395  0.00322323  -0.0199135           0
Repeater1[0]<--->HoM1[0]
REAL
  0.410693   0.033134  0.0290322   0.392322
  0.033134  0.0558931  0.0425811 -0.0124117
 0.0290322  0.0425811  0.0716889 -0.0151285
  0.392322 -0.0124117 -0.0151285   0.461725
IMAGINARY
          0   0.0133609   0.0123563   0.0363718
 -0.0133609           0   -0.005246 -0.00717495
 -0.0123563    0.005246           0  -0.0237235
 -0.0363718  0.00717495   0.0237235           0
EndNode1[0]<--->Repeater1[0]
REAL
   0.427657  -0.0255783  -0.0323318    0.406882
 -0.0255783   0.0665813   0.0411533 -0.00759219
 -0.0323318   0.0411533   0.0704225  -0.0130783
   0.406882 -0.00759219  -0.0130783    0.435339
IMAGINARY
           0  -0.00889223    0.0223493  -0.00134133
  0.00889223            0  0.000699484    0.0147351
  -0.0223493 -0.000699484            0   -0.0320285
  0.00134133   -0.0147351    0.0320285            0
EndNode2[0]<--->HoM1[0]
REAL
   0.392857 -0.00753901  -0.0308656    0.396486
-0.00753901   0.0812808   0.0528168 -0.00145381
 -0.0308656   0.0528168   0.0985222  -0.0247804
   0.396486 -0.00145381  -0.0247804     0.42734
IMAGINARY
           0   -0.0122739   0.00450162  -0.00193768
   0.0122739            0  -0.00914607   0.00712629
 -0.00450162   0.00914607            0 -0.000645995
  0.00193768  -0.00712629  0.000645995            0
Repeater1[0]<--->EndNode1[0]
REAL
   0.427657  -0.0323318  -0.0255783    0.406882
 -0.0323318   0.0704225   0.0411533  -0.0130783
 -0.0255783   0.0411533   0.0665813 -0.00759219
   0.406882  -0.0130783 -0.00759219    0.435339
IMAGINARY
           0    0.0223493  -0.00889223  -0.00134133
  -0.0223493            0 -0.000699484   -0.0320285
  0.00889223  0.000699484            0    0.0147351
  0.00134133    0.0320285   -0.0147351            0
Repeater1[0]<--->HoM1[0]
REAL
   0.392857  -0.0308656 -0.00753901    0.396486
 -0.0308656   0.0985222   0.0528168  -0.0247804
-0.00753901   0.0528168   0.0812808 -0.00145381
   0.396486  -0.0247804 -0.00145381     0.42734
IMAGINARY
           0   0.00450162   -0.0122739  -0.00193768
 -0.00450162            0   0.00914607 -0.000645995
   0.0122739  -0.00914607            0   0.00712629
  0.00193768  0.000645995  -0.00712629            0
EndNode1[0]<--->Repeater1[0]
REAL
  0.424204 -0.0135219 0.00563402   0.404281
-0.0135219  0.0789809  0.0536915 0.00363668
0.00563402  0.0536915  0.0828025  0.0178482
  0.404281 0.00363668  0.0178482   0.414013
IMAGINARY
          0  0.00948118 -0.00586401   0.0159718
-0.00948118           0  -0.0019769  -0.0144505
 0.00586401   0.0019769           0  0.00821214
 -0.0159718   0.0144505 -0.00821214           0
EndNode2[0]<--->HoM1[0]
REAL
  0.447028 0.00387176 0.00348472   0.394834
0.00387176  0.0775194  0.0612951  0.0100637
0.00348472  0.0612951  0.0710594  0.0174186
  0.394834  0.0100637  0.0174186   0.404393
IMAGINARY
           0     0.014427   0.00319276  -0.00283208
   -0.014427            0    0.0148002   -0.0173728
 -0.00319276   -0.0148002            0  0.000986105
  0.00283208    0.0173728 -0.000986105            0
Repeater1[0]<--->EndNode1[0]
REAL
  0.424204 0.00563402 -0.0135219   0.404281
0.00563402  0.0828025  0.0536915  0.0178482
-0.0135219  0.0536915  0.0789809 0.00363668
  0.404281  0.0178482 0.00363668   0.414013
IMAGINARY
          0 -0.00586401  0.00948118   0.0159718
 0.00586401           0   0.0019769  0.00821214
-0.00948118  -0.0019769           0  -0.0144505
 -0.0159718 -0.00821214   0.0144505           0
Repeater1[0]<--->HoM1[0]
REAL
  0.447028 0.00348472 0.00387176   0.394834
0.00348472  0.0710594  0.0612951  0.0174186
0.00387176  0.0612951  0.0775194  0.0100637
  0.394834  0.0174186  0.0100637   0.404393
IMAGINARY
           0   0.00319276     0.014427  -0.00283208
 -0.00319276            0   -0.0148002  0.000986105
   -0.014427    0.0148002            0   -0.0173728
  0.00283208 -0.000986105    0.0173728            0
EndNode1[0]<--->Repeater1[0]
REAL
   0.437824 -0.00801405 0.000323393    0.407349
-0.00801405   0.0621762   0.0426507 -0.00416955
0.000323393   0.0426507   0.0712435 -0.00993467
   0.407349 -0.00416955 -0.00993467    0.428756
IMAGINARY
          0   0.0107755   0.0063108   0.0142711
 -0.0107755           0  0.00162131   0.0176744
 -0.0063108 -0.00162131           0  -0.0298407
 -0.0142711  -0.0176744   0.0298407           0
EndNode2[0]<--->HoM1[0]
REAL
   0.404539 -0.00225806   0.0145963    0.401812
-0.00225806    0.082777   0.0433581  -0.0145963
  0.0145963   0.0433581   0.0921228  0.00225806
   0.401812  -0.0145963  0.00225806    0.420561
IMAGINARY
           0   -0.0158837   0.00222838   -0.0034377
   0.0158837            0  -0.00215236    0.0272605
 -0.00222838   0.00215236            0 -0.000499042
   0.0034377   -0.0272605  0.000499042            0
Repeater1[0]<--->EndNode1[0]
REAL
   0.437824 0.000323393 -0.00801405    0.407349
0.000323393   0.0712435   0.0426507 -0.00993467
-0.00801405   0.0426507   0.0621762 -0.00416955
   0.407349 -0.00993467 -0.00416955    0.428756
IMAGINARY
          0   0.0063108   0.0107755   0.0142711
 -0.0063108           0 -0.00162131  -0.0298407
 -0.0107755  0.00162131           0   0.0176744
 -0.0142711   0.0298407  -0.0176744           0
Repeater1[0]<--->HoM1[0]
REAL
   0.404539   0.0145963 -0.00225806    0.401812
  0.0145963   0.0921228   0.0433581  0.00225806
-0.00225806   0.0433581    0.082777  -0.0145963
   0.401812  0.00225806  -0.0145963    0.420561
IMAGINARY
           0   0.00222838   -0.0158837   -0.0034377
 -0.00222838            0   0.00215236 -0.000499042
   0.0158837  -0.00215236            0    0.0272605
   0.0034377  0.000499042   -0.0272605            0
EndNode1[0]<--->Repeater1[0]
REAL
    0.41761  0.00413016  -0.0129269    0.404168
 0.00413016   0.0654088   0.0491148 0.000300625
 -0.0129269   0.0491148   0.0654088 -0.00791804
   0.404168 0.000300625 -0.00791804    0.451572
IMAGINARY
           0   0.00499933  0.000964833  -0.00777408
 -0.00499933            0    0.0124345  -0.00229462
-0.000964833   -0.0124345            0   -0.0076589
  0.00777408   0.00229462    0.0076589            0
EndNode2[0]<--->HoM1[0]
REAL
   0.452092 -0.00808758  -0.0206054    0.395002
-0.00808758   0.0823212   0.0352614   0.0153423
 -0.0206054   0.0352614   0.0580297  0.00940337
   0.395002   0.0153423  0.00940337    0.407557
IMAGINARY
           0   0.00549554    0.0147186   0.00968269
 -0.00549554            0 -0.000547489   -0.0004329
  -0.0147186  0.000547489            0  -0.00679424
 -0.00968269    0.0004329   0.00679424            0
Repeater1[0]<--->EndNode1[0]
REAL
    0.41761  -0.0129269  0.00413016    0.404168
 -0.0129269   0.0654088   0.0491148 -0.00791804
 0.00413016   0.0491148   0.0654088 0.000300625
   0.404168 -0.00791804 0.000300625    0.451572
IMAGINARY
           0  0.000964833   0.00499933  -0.00777408
-0.000964833            0   -0.0124345   -0.0076589
 -0.00499933    0.0124345            0  -0.00229462
  0.00777408    0.0076589   0.00229462            0
Repeater1[0]<--->HoM1[0]
REAL
   0.452092  -0.0206054 -0.00808758    0.395002
 -0.0206054   0.0580297   0.0352614  0.00940337
-0.00808758   0.0352614   0.0823212   0.0153423
   0.395002  0.00940337   0.0153423    0.407557
IMAGINARY
           0    0.0147186   0.00549554   0.00968269
  -0.0147186            0  0.000547489  -0.00679424
 -0.00549554 -0.000547489            0   -0.0004329
 -0.00968269   0.00679424    0.0004329            0
EndNode1[0]<--->Repeater1[0]
REAL
   0.415584   0.0134433 -0.00335469    0.410523
  0.0134433   0.0649351   0.0384299  -0.0123521
-0.00335469   0.0384299   0.0818182  -0.0252234
   0.410523  -0.0123521  -0.0252234    0.437662
IMAGINARY
          0   0.0230097  -0.0116822  0.00577739
 -0.0230097           0   0.0167451   0.0116822
  0.0116822  -0.0167451           0  -0.0113818
-0.00577739  -0.0116822   0.0113818           0
EndNode2[0]<--->HoM1[0]
REAL
    0.420408  -0.00550043  -0.00167901     0.410894
 -0.00550043    0.0639456    0.0402597 -0.000356263
 -0.00167901    0.0402597    0.0748299   0.00889256
    0.410894 -0.000356263   0.00889256     0.440816
IMAGINARY
          0  0.00153149  0.00731403 -0.00378279
-0.00153149           0  0.00748649  -0.0183101
-0.00731403 -0.00748649           0 -0.00864663
 0.00378279   0.0183101  0.00864663           0
Repeater1[0]<--->EndNode1[0]
REAL
   0.415584 -0.00335469   0.0134433    0.410523
-0.00335469   0.0818182   0.0384299  -0.0252234
  0.0134433   0.0384299   0.0649351  -0.0123521
   0.410523  -0.0252234  -0.0123521    0.437662
IMAGINARY
          0  -0.0116822   0.0230097  0.00577739
  0.0116822           0  -0.0167451  -0.0113818
 -0.0230097   0.0167451           0   0.0116822
-0.00577739   0.0113818  -0.0116822           0
Repeater1[0]<--->HoM1[0]
REAL
    0.420408  -0.00167901  -0.00550043     0.410894
 -0.00167901    0.0748299    0.0402597   0.00889256
 -0.00550043    0.0402597    0.0639456 -0.000356263
    0.410894   0.00889256 -0.000356263     0.440816
IMAGINARY
          0  0.00731403  0.00153149 -0.00378279
-0.00731403           0 -0.00748649 -0.00864663
-0.00153149  0.00748649           0  -0.0183101
 0.00378279  0.00864663   0.0183101           0
EndNode1[0]<--->Repeater1[0]
REAL
   0.411082  -0.0231463  -0.0144347    0.403863
 -0.0231463   0.0773196   0.0327222 -0.00751649
 -0.0144347   0.0327222    0.068299 -0.00124393
   0.403863 -0.00751649 -0.00124393    0.443299
IMAGINARY
          0  -0.0131416  0.00332683   -0.006277
  0.0131416           0 -0.00436129  0.00137116
-0.00332683  0.00436129           0  -0.0103483
   0.006277 -0.00137116   0.0103483           0
EndNode2[0]<--->HoM1[0]
REAL
   0.428571 -0.00734905 7.18682e-05    0.415849
-0.00734905   0.0733249   0.0441509   0.0186378
7.18682e-05   0.0441509   0.0847029   0.0144458
   0.415849   0.0186378   0.0144458    0.413401
IMAGINARY
          0 -0.00660377 -0.00835272  -0.0070926
 0.00660377           0   0.0052611   0.0190445
 0.00835272  -0.0052611           0 -0.00660377
  0.0070926  -0.0190445  0.00660377           0
Repeater1[0]<--->EndNode1[0]
REAL
   0.411082  -0.0144347  -0.0231463    0.403863
 -0.0144347    0.068299   0.0327222 -0.00124393
 -0.0231463   0.0327222   0.0773196 -0.00751649
   0.403863 -0.00124393 -0.00751649    0.443299
IMAGINARY
          0  0.00332683  -0.0131416   -0.006277
-0.00332683           0  0.00436129  -0.0103483
  0.0131416 -0.00436129           0  0.00137116
   0.006277   0.0103483 -0.00137116           0
Repeater1[0]<--->HoM1[0]
REAL
   0.428571 7.18682e-05 -0.00734905    0.415849
7.18682e-05   0.0847029   0.0441509   0.0144458
-0.00734905   0.0441509   0.0733249   0.0186378
   0.415849   0.0144458   0.0186378    0.413401
IMAGINARY
          0 -0.00835272 -0.00660377  -0.0070926
 0.00835272           0  -0.0052611 -0.00660377
 0.00660377   0.0052611           0   0.0190445
  0.0070926  0.00660377  -0.0190445           0
EndNode1[0]<--->Repeater1[0]
REAL
  0.435057 -0.0135696 0.00157065   0.406742
-0.0135696  0.0680958  0.0401603 0.00664679
0.00157065  0.0401603    0.07314  0.0192586
  0.406742 0.00664679  0.0192586   0.423707
IMAGINARY
          0  -0.0266345   0.0212122   0.0277992
  0.0266345           0  0.00386305  -0.0027878
 -0.0212122 -0.00386305           0    0.012022
 -0.0277992   0.0027878   -0.012022           0
EndNode2[0]<--->HoM1[0]
REAL
   0.430328  0.00168141 -0.00397073    0.403489
 0.00168141   0.0819672   0.0513585 -0.00731745
-0.00397073   0.0513585   0.0655738 -0.00500146
   0.403489 -0.00731745 -0.00500146    0.422131
IMAGINARY
           0    0.0123322   -0.0114247  -0.00994371
  -0.0123322            0 -0.000610378   0.00014653
   0.0114247  0.000610378            0  -0.00356025
  0.00994371  -0.00014653   0.00356025            0
Repeater1[0]<--->EndNode1[0]
REAL
  0.435057 0.00157065 -0.0135696   0.406742
0.00157065    0.07314  0.0401603  0.0192586
-0.0135696  0.0401603  0.0680958 0.00664679
  0.406742  0.0192586 0.00664679   0.423707
IMAGINARY
          0   0.0212122  -0.0266345   0.0277992
 -0.0212122           0 -0.00386305    0.012022
  0.0266345  0.00386305           0  -0.0027878
 -0.0277992   -0.012022   0.0027878           0
Repeater1[0]<--->HoM1[0]
REAL
   0.430328 -0.00397073  0.00168141    0.403489
-0.00397073   0.0655738   0.0513585 -0.00500146
 0.00168141   0.0513585   0.0819672 -0.00731745
   0.403489 -0.00500146 -0.00731745    0.422131
IMAGINARY
           0   -0.0114247    0.0123322  -0.00994371
   0.0114247            0  0.000610378  -0.00356025
  -0.0123322 -0.000610378            0   0.00014653
  0.00994371   0.00356025  -0.00014653            0
EndNode1[0]<--->Repeater1[0]
REAL
  0.430396  0.0123543 -0.0160048   0.403049
 0.0123543  0.0817369  0.0466197 0.00209754
-0.0160048  0.0466197  0.0651341 -0.0156656
  0.403049 0.00209754 -0.0156656   0.422733
IMAGINARY
          0   0.0144895  -0.0086941   0.0109717
 -0.0144895           0  0.00389318  0.00931832
  0.0086941 -0.00389318           0 -0.00387781
 -0.0109717 -0.00931832  0.00387781           0
EndNode2[0]<--->HoM1[0]
REAL
  0.421182 0.00504292  0.0206445   0.411068
0.00504292  0.0849754   0.047544 -0.0159716
 0.0206445   0.047544  0.0849754 0.00630555
  0.411068 -0.0159716 0.00630555   0.408867
IMAGINARY
          0  -0.0144225  -0.0139087   0.0036275
  0.0144225           0  0.00302144   0.0139087
  0.0139087 -0.00302144           0   0.0069783
 -0.0036275  -0.0139087  -0.0069783           0
Repeater1[0]<--->EndNode1[0]
REAL
  0.430396 -0.0160048  0.0123543   0.403049
-0.0160048  0.0651341  0.0466197 -0.0156656
 0.0123543  0.0466197  0.0817369 0.00209754
  0.403049 -0.0156656 0.00209754   0.422733
IMAGINARY
          0  -0.0086941   0.0144895   0.0109717
  0.0086941           0 -0.00389318 -0.00387781
 -0.0144895  0.00389318           0  0.00931832
 -0.0109717  0.00387781 -0.00931832           0
Repeater1[0]<--->HoM1[0]
REAL
  0.421182  0.0206445 0.00504292   0.411068
 0.0206445  0.0849754   0.047544 0.00630555
0.00504292   0.047544  0.0849754 -0.0159716
  0.411068 0.00630555 -0.0159716   0.408867
IMAGINARY
          0  -0.0139087  -0.0144225   0.0036275
  0.0139087           0 -0.00302144   0.0069783
  0.0144225  0.00302144           0   0.0139087
 -0.0036275  -0.0069783  -0.0139087           0
EndNode1[0]<--->Repeater1[0]
REAL
   0.420986  -0.0230169 -0.00853224    0.400026
 -0.0230169   0.0670038    0.038776  -0.0123011
-0.00853224    0.038776   0.0783818 -0.00693106
   0.400026  -0.0123011 -0.00693106    0.433628
IMAGINARY
           0 -0.000136187  -0.00620813  -0.00510788
 0.000136187            0    0.0282255   0.00495813
  0.00620813   -0.0282255            0  -0.00986381
  0.00510788  -0.00495813   0.00986381            0
EndNode2[0]<--->HoM1[0]
REAL
   0.430657  0.00932606   0.0150214    0.403134
 0.00932606   0.0778589   0.0522108 -0.00487252
  0.0150214   0.0522108   0.0790754 -0.00323675
   0.403134 -0.00487252 -0.00323675    0.412409
IMAGINARY
           0  6.56265e-05   -0.0207993   0.00398669
-6.56265e-05            0   0.00464545  -0.00822445
   0.0207993  -0.00464545            0   0.00389216
 -0.00398669   0.00822445  -0.00389216            0
Repeater1[0]<--->EndNode1[0]
REAL
   0.420986 -0.00853224  -0.0230169    0.400026
-0.00853224   0.0783818    0.038776 -0.00693106
 -0.0230169    0.038776   0.0670038  -0.0123011
   0.400026 -0.00693106  -0.0123011    0.433628
IMAGINARY
           0  -0.00620813 -0.000136187  -0.00510788
  0.00620813            0   -0.0282255  -0.00986381
 0.000136187    0.0282255            0   0.00495813
  0.00510788   0.00986381  -0.00495813            0
Repeater1[0]<--->HoM1[0]
REAL
   0.430657   0.0150214  0.00932606    0.403134
  0.0150214   0.0790754   0.0522108 -0.00323675
 0.00932606   0.0522108   0.0778589 -0.00487252
   0.403134 -0.00323675 -0.00487252    0.412409
IMAGINARY
           0   -0.0207993  6.56265e-05   0.00398669
   0.0207993            0  -0.00464545   0.00389216
-6.56265e-05   0.00464545            0  -0.00822445
 -0.00398669  -0.00389216   0.00822445            0
EndNode1[0]<--->Repeater1[0]
REAL
   0.421498   0.0156654   0.0200141    0.398674
  0.0156654   0.0917874   0.0492682  -0.0103289
  0.0200141   0.0492682   0.0519324 -0.00961208
   0.398674  -0.0103289 -0.00961208    0.434783
IMAGINARY
          0  0.00161709  -0.0257783  -0.0106402
-0.00161709           0 -0.00783117  0.00530276
  0.0257783  0.00783117           0   0.0188585
  0.0106402 -0.00530276  -0.0188585           0
EndNode2[0]<--->HoM1[0]
REAL
  0.416021 0.00766245 0.00915446    0.41229
0.00766245  0.0788114  0.0358115 0.00983288
0.00915446  0.0358115  0.0801034 0.00499578
   0.41229 0.00983288 0.00499578   0.425065
IMAGINARY
          0   0.0120395    0.018269  0.00851739
 -0.0120395           0   0.0034023  -0.0294385
  -0.018269  -0.0034023           0  -0.0166388
-0.00851739   0.0294385   0.0166388           0
Repeater1[0]<--->EndNode1[0]
REAL
   0.421498   0.0200141   0.0156654    0.398674
  0.0200141   0.0519324   0.0492682 -0.00961208
  0.0156654   0.0492682   0.0917874  -0.0103289
   0.398674 -0.00961208  -0.0103289    0.434783
IMAGINARY
          0  -0.0257783  0.00161709  -0.0106402
  0.0257783           0  0.00783117   0.0188585
-0.00161709 -0.00783117           0  0.00530276
  0.0106402  -0.0188585 -0.00530276           0
Repeater1[0]<--->HoM1[0]
REAL
  0.416021 0.00915446 0.00766245    0.41229
0.00915446  0.0801034  0.0358115 0.00499578
0.00766245  0.0358115  0.0788114 0.00983288
   0.41229 0.00499578 0.00983288   0.425065
IMAGINARY
          0    0.018269   0.0120395  0.00851739
  -0.018269           0  -0.0034023  -0.0166388
 -0.0120395   0.0034023           0  -0.0294385
-0.00851739   0.0166388   0.0294385           0
EndNode1[0]<--->Repeater1[0]
REAL
    0.414602   -0.0332264    -0.032566     0.386367
  -0.0332264    0.0664928    0.0480589   -0.0125159
   -0.032566    0.0480589    0.0769231 -0.000926632
    0.386367   -0.0125159 -0.000926632     0.441982
IMAGINARY
          0 -0.00219391  0.00428092  0.00198939
 0.00219391           0 -0.00198939  0.00815689
-0.00428092  0.00198939           0 -0.00775634
-0.00198939 -0.00815689  0.00775634           0
EndNode2[0]<--->HoM1[0]
REAL
  0.429513 0.00968262  0.0200949   0.406417
0.00968262   0.085639  0.0462017  0.0148178
 0.0200949  0.0462017  0.0803689  0.0277239
  0.406417  0.0148178  0.0277239    0.40448
IMAGINARY
           0  -0.00255608    0.0232156   -0.0215349
  0.00255608            0    0.0354943   -0.0058918
  -0.0232156   -0.0354943            0  0.000763969
   0.0215349    0.0058918 -0.000763969            0
Repeater1[0]<--->EndNode1[0]
REAL
    0.414602    -0.032566   -0.0332264     0.386367
   -0.032566    0.0769231    0.0480589 -0.000926632
  -0.0332264    0.0480589    0.0664928   -0.0125159
    0.386367 -0.000926632   -0.0125159     0.441982
IMAGINARY
          0  0.00428092 -0.00219391  0.00198939
-0.00428092           0  0.00198939 -0.00775634
 0.00219391 -0.00198939           0  0.00815689
-0.00198939  0.00775634 -0.00815689           0
Repeater1[0]<--->HoM1[0]
REAL
  0.429513  0.0200949 0.00968262   0.406417
 0.0200949  0.0803689  0.0462017  0.0277239
0.00968262  0.0462017   0.085639  0.0148178
  0.406417  0.0277239  0.0148178    0.40448
IMAGINARY
           0    0.0232156  -0.00255608   -0.0215349
  -0.0232156            0   -0.0354943  0.000763969
  0.00255608    0.0354943            0   -0.0058918
   0.0215349 -0.000763969    0.0058918            0
EndNode1[0]<--->Repeater1[0]
REAL
  0.416058  0.0253694 0.00622966   0.388354
 0.0253694  0.0620438  0.0535381   0.015392
0.00622966  0.0535381  0.0693431 -0.0213153
  0.388354   0.015392 -0.0213153   0.452555
IMAGINARY
           0  -0.00987605    0.0165241 -0.000862203
  0.00987605            0   -0.0133131    0.0120655
  -0.0165241    0.0133131            0   -0.0110896
 0.000862203   -0.0120655    0.0110896            0
EndNode2[0]<--->HoM1[0]
REAL
   0.42471 -0.0178703 -0.0273782   0.402214
-0.0178703  0.0939511  0.0415917 -0.0166831
-0.0273782  0.0415917  0.0720721 -0.0159739
  0.402214 -0.0166831 -0.0159739   0.409266
IMAGINARY
          0 -0.00446292 -0.00965009  0.00419597
 0.00446292           0  -0.0143226  -0.0140306
 0.00965009   0.0143226           0   0.0132586
-0.00419597   0.0140306  -0.0132586           0
Repeater1[0]<--->EndNode1[0]
REAL
  0.416058 0.00622966  0.0253694   0.388354
0.00622966  0.0693431  0.0535381 -0.0213153
 0.0253694  0.0535381  0.0620438   0.015392
  0.388354 -0.0213153   0.015392   0.452555
IMAGINARY
           0    0.0165241  -0.00987605 -0.000862203
  -0.0165241            0    0.0133131   -0.0110896
  0.00987605   -0.0133131            0    0.0120655
 0.000862203    0.0110896   -0.0120655            0
Repeater1[0]<--->HoM1[0]
REAL
   0.42471 -0.0273782 -0.0178703   0.402214
-0.0273782  0.0720721  0.0415917 -0.0159739
-0.0178703  0.0415917  0.0939511 -0.0166831
  0.402214 -0.0159739 -0.0166831   0.409266
IMAGINARY
          0 -0.00965009 -0.00446292  0.00419597
 0.00965009           0   0.0143226   0.0132586
 0.00446292  -0.0143226           0  -0.0140306
-0.00419597  -0.0132586   0.0140306           0
EndNode1[0]<--->Repeater1[0]
REAL
   0.411609  -0.0117404 -0.00547297    0.400167
 -0.0117404   0.0804749   0.0454452  -0.0186309
-0.00547297   0.0454452   0.0765172 -0.00494689
   0.400167  -0.0186309 -0.00494689    0.431398
IMAGINARY
           0    0.0117654   -0.0102742  -0.00577828
  -0.0117654            0    0.0209298 -0.000621687
   0.0102742   -0.0209298            0   0.00397315
  0.00577828  0.000621687  -0.00397315            0
EndNode2[0]<--->HoM1[0]
REAL
   0.446556  0.00390178  0.00941785    0.402718
 0.00390178   0.0522565   0.0390813 -0.00148134
 0.00941785   0.0390813   0.0700713  0.00138922
   0.402718 -0.00148134  0.00138922    0.431116
IMAGINARY
          0   0.0150674  -0.0263483 -0.00788894
 -0.0150674           0 -0.00103963   -0.009748
  0.0263483  0.00103963           0  0.00231229
 0.00788894    0.009748 -0.00231229           0
Repeater1[0]<--->EndNode1[0]
REAL
   0.411609 -0.00547297  -0.0117404    0.400167
-0.00547297   0.0765172   0.0454452 -0.00494689
 -0.0117404   0.0454452   0.0804749  -0.0186309
   0.400167 -0.00494689  -0.0186309    0.431398
IMAGINARY
           0   -0.0102742    0.0117654  -0.00577828
   0.0102742            0   -0.0209298   0.00397315
  -0.0117654    0.0209298            0 -0.000621687
  0.00577828  -0.00397315  0.000621687            0
Repeater1[0]<--->HoM1[0]
REAL
   0.446556  0.00941785  0.00390178    0.402718
 0.00941785   0.0700713   0.0390813  0.00138922
 0.00390178   0.0390813   0.0522565 -0.00148134
   0.402718  0.00138922 -0.00148134    0.431116
IMAGINARY
          0  -0.0263483   0.0150674 -0.00788894
  0.0263483           0  0.00103963  0.00231229
 -0.0150674 -0.00103963           0   -0.009748
 0.00788894 -0.00231229    0.009748           0
EndNode1[0]<--->Repeater1[0]
REAL
   0.457213  -0.0125424 -0.00450944    0.390593
 -0.0125424   0.0733496   0.0532273  0.00138834
-0.00450944   0.0532273   0.0721271   0.0106697
   0.390593  0.00138834   0.0106697    0.397311
IMAGINARY
          0 -0.00764568 -0.00282258  0.00119721
 0.00764568           0  0.00247926  0.00685484
 0.00282258 -0.00247926           0  0.00226934
-0.00119721 -0.00685484 -0.00226934           0
EndNode2[0]<--->HoM1[0]
REAL
   0.415465  0.00327033 -0.00786055    0.409889
 0.00327033   0.0838794   0.0411774 -0.00656856
-0.00786055   0.0411774   0.0773263 -0.00640709
   0.409889 -0.00656856 -0.00640709    0.423329
IMAGINARY
          0   -0.019023    0.013691  -0.0240803
   0.019023           0  0.00632074   0.0175973
