EndNode1[0]<--->Repeater1[0]
REAL
   0.515843 -0.00255341  -0.0108941    0.399099
-0.00255341  0.00253485  0.00227394   0.0102699
 -0.0108941  0.00227394   0.0101394 0.000680747
   0.399099   0.0102699 0.000680747    0.471483
IMAGINARY
          0   0.0206561  -0.0176553  -0.0253247
 -0.0206561           0   0.0253247  0.00707329
  0.0176553  -0.0253247           0  -0.0180106
  0.0253247 -0.00707329   0.0180106           0
EndNode2[0]<--->HoM1[0]
REAL
   0.517976  0.00865801 2.51038e-05    0.397618
 0.00865801  0.00532623  0.00887503   0.0064684
2.51038e-05  0.00887503  0.00798935  -0.0151515
   0.397618   0.0064684  -0.0151515    0.468708
IMAGINARY
           0  0.000359475    -0.018032    0.0179699
-0.000359475            0   0.00768715   0.00625192
    0.018032  -0.00768715            0   -0.0160663
  -0.0179699  -0.00625192    0.0160663            0
Repeater1[0]<--->EndNode1[0]
REAL
   0.515843  -0.0108941 -0.00255341    0.399099
 -0.0108941   0.0101394  0.00227394 0.000680747
-0.00255341  0.00227394  0.00253485   0.0102699
   0.399099 0.000680747   0.0102699    0.471483
IMAGINARY
          0  -0.0176553   0.0206561  -0.0253247
  0.0176553           0  -0.0253247  -0.0180106
 -0.0206561   0.0253247           0  0.00707329
  0.0253247   0.0180106 -0.00707329           0
Repeater1[0]<--->HoM1[0]
REAL
   0.517976 2.51038e-05  0.00865801    0.397618
2.51038e-05  0.00798935  0.00887503  -0.0151515
 0.00865801  0.00887503  0.00532623   0.0064684
   0.397618  -0.0151515   0.0064684    0.468708
IMAGINARY
           0    -0.018032  0.000359475    0.0179699
    0.018032            0  -0.00768715   -0.0160663
-0.000359475   0.00768715            0   0.00625192
  -0.0179699    0.0160663  -0.00625192            0
EndNode1[0]<--->Repeater1[0]
REAL
    0.506739   -0.0276403   0.00420085     0.385821
  -0.0276403   0.00269542   -0.0184738 -0.000374316
  0.00420085   -0.0184738   0.00943396    0.0136097
    0.385821 -0.000374316    0.0136097     0.481132
IMAGINARY
          0   0.0108356  0.00352325  0.00361691
 -0.0108356           0 -0.00616144   0.0069062
-0.00352325  0.00616144           0 -0.00163319
-0.00361691  -0.0069062  0.00163319           0
EndNode2[0]<--->HoM1[0]
REAL
    0.478437    0.0221263   0.00972635     0.395561
   0.0221263   0.00269542 -0.000298814    0.0177051
  0.00972635 -0.000298814   0.00673854    0.0127864
    0.395561    0.0177051    0.0127864     0.512129
IMAGINARY
          0  -0.0020466   0.0103513  -0.0172783
  0.0020466           0 -0.00114924   0.0103513
 -0.0103513  0.00114924           0  -0.0123825
  0.0172783  -0.0103513   0.0123825           0
Repeater1[0]<--->EndNode1[0]
REAL
    0.506739   0.00420085   -0.0276403     0.385821
  0.00420085   0.00943396   -0.0184738    0.0136097
  -0.0276403   -0.0184738   0.00269542 -0.000374316
    0.385821    0.0136097 -0.000374316     0.481132
IMAGINARY
          0  0.00352325   0.0108356  0.00361691
-0.00352325           0  0.00616144 -0.00163319
 -0.0108356 -0.00616144           0   0.0069062
-0.00361691  0.00163319  -0.0069062           0
Repeater1[0]<--->HoM1[0]
REAL
    0.478437   0.00972635    0.0221263     0.395561
  0.00972635   0.00673854 -0.000298814    0.0127864
   0.0221263 -0.000298814   0.00269542    0.0177051
    0.395561    0.0127864    0.0177051     0.512129
IMAGINARY
          0   0.0103513  -0.0020466  -0.0172783
 -0.0103513           0  0.00114924  -0.0123825
  0.0020466 -0.00114924           0   0.0103513
  0.0172783   0.0123825  -0.0103513           0
EndNode1[0]<--->Repeater1[0]
REAL
   0.492637   0.0162095  0.00266148     0.39048
  0.0162095  0.00401606 -0.00718801  0.00593802
 0.00266148 -0.00718801  0.00669344  -0.0162095
    0.39048  0.00593802  -0.0162095    0.496653
IMAGINARY
          0  -0.0245512  0.00420657  0.00234025
  0.0245512           0   0.0168905   -0.021046
-0.00420657  -0.0168905           0   0.0219605
-0.00234025    0.021046  -0.0219605           0
EndNode2[0]<--->HoM1[0]
REAL
   0.538262  0.00420248  -0.0183951    0.385074
 0.00420248  0.00648508 -0.00453674  0.00698566
 -0.0183951 -0.00453674  0.00259403  0.00989148
   0.385074  0.00698566  0.00989148    0.452659
IMAGINARY
          0   0.0117921 -0.00421445  0.00633875
 -0.0117921           0 -0.00127546  -0.0139674
 0.00421445  0.00127546           0   0.0206754
-0.00633875   0.0139674  -0.0206754           0
Repeater1[0]<--->EndNode1[0]
REAL
   0.492637  0.00266148   0.0162095     0.39048
 0.00266148  0.00669344 -0.00718801  -0.0162095
  0.0162095 -0.00718801  0.00401606  0.00593802
    0.39048  -0.0162095  0.00593802    0.496653
IMAGINARY
          0  0.00420657  -0.0245512  0.00234025
-0.00420657           0  -0.0168905   0.0219605
  0.0245512   0.0168905           0   -0.021046
-0.00234025  -0.0219605    0.021046           0
Repeater1[0]<--->HoM1[0]
REAL
   0.538262  -0.0183951  0.00420248    0.385074
 -0.0183951  0.00259403 -0.00453674  0.00989148
 0.00420248 -0.00453674  0.00648508  0.00698566
   0.385074  0.00989148  0.00698566    0.452659
IMAGINARY
          0 -0.00421445   0.0117921  0.00633875
 0.00421445           0  0.00127546   0.0206754
 -0.0117921 -0.00127546           0  -0.0139674
-0.00633875  -0.0206754   0.0139674           0
EndNode1[0]<--->Repeater1[0]
REAL
   0.486181 -0.00653187  0.00057673    0.398581
-0.00653187  0.00502513  0.00612079  0.00387054
 0.00057673  0.00612079  0.00753769  -0.0131632
   0.398581  0.00387054  -0.0131632    0.501256
IMAGINARY
          0   0.0202704 -0.00676432  0.00616306
 -0.0202704           0  -0.0106909  -0.0222839
 0.00676432   0.0106909           0   0.0100139
-0.00616306   0.0222839  -0.0100139           0
EndNode2[0]<--->HoM1[0]
REAL
   0.482544 -0.00505669  -0.0122467    0.391743
-0.00505669  0.00872818  -0.0108211  0.00392405
 -0.0122467  -0.0108211  0.00249377 -0.00966802
   0.391743  0.00392405 -0.00966802    0.506234
IMAGINARY
          0  -0.0175937  0.00289116  0.00500434
  0.0175937           0  -0.0189284  -0.0195578
-0.00289116   0.0189284           0   0.0214398
-0.00500434   0.0195578  -0.0214398           0
Repeater1[0]<--->EndNode1[0]
REAL
   0.486181  0.00057673 -0.00653187    0.398581
 0.00057673  0.00753769  0.00612079  -0.0131632
-0.00653187  0.00612079  0.00502513  0.00387054
   0.398581  -0.0131632  0.00387054    0.501256
IMAGINARY
          0 -0.00676432   0.0202704  0.00616306
 0.00676432           0   0.0106909   0.0100139
 -0.0202704  -0.0106909           0  -0.0222839
-0.00616306  -0.0100139   0.0222839           0
Repeater1[0]<--->HoM1[0]
REAL
   0.482544  -0.0122467 -0.00505669    0.391743
 -0.0122467  0.00249377  -0.0108211 -0.00966802
-0.00505669  -0.0108211  0.00872818  0.00392405
   0.391743 -0.00966802  0.00392405    0.506234
IMAGINARY
          0  0.00289116  -0.0175937  0.00500434
-0.00289116           0   0.0189284   0.0214398
  0.0175937  -0.0189284           0  -0.0195578
-0.00500434  -0.0214398   0.0195578           0
EndNode1[0]<--->Repeater1[0]
REAL
   0.486658  -0.0315695  -0.0335069    0.388657
 -0.0315695  0.00635324   0.0154171 -0.00394387
 -0.0335069   0.0154171  0.00889454  -0.0071953
   0.388657 -0.00394387  -0.0071953    0.498094
IMAGINARY
          0  -0.0233921   0.0105525   0.0154966
  0.0233921           0 -0.00312039   0.0118546
 -0.0105525  0.00312039           0   0.0150694
 -0.0154966  -0.0118546  -0.0150694           0
EndNode2[0]<--->HoM1[0]
REAL
   0.482625   0.0201782  0.00125926     0.40642
  0.0201782    0.003861 -0.00492332  0.00622204
 0.00125926 -0.00492332  0.00643501  0.00101878
    0.40642  0.00622204  0.00101878    0.507079
IMAGINARY
          0  0.00125812  -0.0159086  -0.0147818
-0.00125812           0 -0.00872523   0.0152567
  0.0159086  0.00872523           0  -0.0162516
  0.0147818  -0.0152567   0.0162516           0
Repeater1[0]<--->EndNode1[0]
REAL
   0.486658  -0.0335069  -0.0315695    0.388657
 -0.0335069  0.00889454   0.0154171  -0.0071953
 -0.0315695   0.0154171  0.00635324 -0.00394387
   0.388657  -0.0071953 -0.00394387    0.498094
IMAGINARY
          0   0.0105525  -0.0233921   0.0154966
 -0.0105525           0  0.00312039   0.0150694
  0.0233921 -0.00312039           0   0.0118546
 -0.0154966  -0.0150694  -0.0118546           0
Repeater1[0]<--->HoM1[0]
REAL
   0.482625  0.00125926   0.0201782     0.40642
 0.00125926  0.00643501 -0.00492332  0.00101878
  0.0201782 -0.00492332    0.003861  0.00622204
    0.40642  0.00101878  0.00622204    0.507079
IMAGINARY
          0  -0.0159086  0.00125812  -0.0147818
  0.0159086           0  0.00872523  -0.0162516
-0.00125812 -0.00872523           0   0.0152567
  0.0147818   0.0162516  -0.0152567           0
EndNode1[0]<--->Repeater1[0]
REAL
    0.49004  -0.0159005 -0.00191156    0.388812
 -0.0159005   0.0119522  0.00120045    0.010129
-0.00191156  0.00120045  0.00531208   0.0152684
   0.388812    0.010129   0.0152684    0.492696
IMAGINARY
         0   0.015308 -0.0186325  0.0142227
 -0.015308          0 -0.0161784 -0.0139345
 0.0186325  0.0161784          0  0.0147048
-0.0142227  0.0139345 -0.0147048          0
EndNode2[0]<--->HoM1[0]
REAL
   0.476829  0.00344982  0.00386226    0.387269
 0.00344982  0.00487805 -0.00608097   0.0124037
 0.00386226 -0.00608097   0.0097561   0.0156449
   0.387269   0.0124037   0.0156449    0.508537
IMAGINARY
          0 -0.00763102 -0.00237404   0.0123145
 0.00763102           0  0.00537881    0.013039
 0.00237404 -0.00537881           0 -0.00177927
 -0.0123145   -0.013039  0.00177927           0
Repeater1[0]<--->EndNode1[0]
REAL
    0.49004 -0.00191156  -0.0159005    0.388812
-0.00191156  0.00531208  0.00120045   0.0152684
 -0.0159005  0.00120045   0.0119522    0.010129
   0.388812   0.0152684    0.010129    0.492696
IMAGINARY
         0 -0.0186325   0.015308  0.0142227
 0.0186325          0  0.0161784  0.0147048
 -0.015308 -0.0161784          0 -0.0139345
-0.0142227 -0.0147048  0.0139345          0
Repeater1[0]<--->HoM1[0]
REAL
   0.476829  0.00386226  0.00344982    0.387269
 0.00386226   0.0097561 -0.00608097   0.0156449
 0.00344982 -0.00608097  0.00487805   0.0124037
   0.387269   0.0156449   0.0124037    0.508537
IMAGINARY
          0 -0.00237404 -0.00763102   0.0123145
 0.00237404           0 -0.00537881 -0.00177927
 0.00763102  0.00537881           0    0.013039
 -0.0123145  0.00177927   -0.013039           0
EndNode1[0]<--->Repeater1[0]
REAL
   0.475515 -0.00846986   0.0204144    0.401343
-0.00846986  0.00902062  -0.0207835 -0.00707255
  0.0204144  -0.0207835  0.00773196   0.0167291
   0.401343 -0.00707255   0.0167291    0.507732
IMAGINARY
           0   -0.0191519   0.00926614 -4.26994e-05
   0.0191519            0    0.0131317   0.00742112
 -0.00926614   -0.0131317            0   0.00122854
 4.26994e-05  -0.00742112  -0.00122854            0
EndNode2[0]<--->HoM1[0]
REAL
   0.464241   0.0216502   0.0148392    0.394854
  0.0216502  0.00250941  -0.0043712 -0.00636463
  0.0148392  -0.0043712  0.00878294  -0.0131756
   0.394854 -0.00636463  -0.0131756    0.524467
IMAGINARY
          0 -0.00322328  0.00220029  0.00700963
 0.00322328           0  -0.0057781  0.00942762
-0.00220029   0.0057781           0 -0.00840463
-0.00700963 -0.00942762  0.00840463           0
Repeater1[0]<--->EndNode1[0]
REAL
   0.475515   0.0204144 -0.00846986    0.401343
  0.0204144  0.00773196  -0.0207835   0.0167291
-0.00846986  -0.0207835  0.00902062 -0.00707255
   0.401343   0.0167291 -0.00707255    0.507732
IMAGINARY
           0   0.00926614   -0.0191519 -4.26994e-05
 -0.00926614            0   -0.0131317   0.00122854
   0.0191519    0.0131317            0   0.00742112
 4.26994e-05  -0.00122854  -0.00742112            0
Repeater1[0]<--->HoM1[0]
REAL
   0.464241   0.0148392   0.0216502    0.394854
  0.0148392  0.00878294  -0.0043712  -0.0131756
  0.0216502  -0.0043712  0.00250941 -0.00636463
   0.394854  -0.0131756 -0.00636463    0.524467
IMAGINARY
          0  0.00220029 -0.00322328  0.00700963
-0.00220029           0   0.0057781 -0.00840463
 0.00322328  -0.0057781           0  0.00942762
-0.00700963  0.00840463 -0.00942762           0
EndNode1[0]<--->Repeater1[0]
REAL
   0.514667  -0.0111304  -0.0227564    0.397562
 -0.0111304  0.00533333  0.00282563 -0.00764467
 -0.0227564  0.00282563       0.008  -0.0205643
   0.397562 -0.00764467  -0.0205643       0.472
IMAGINARY
          0   0.0141892 -0.00955808 -0.00113719
 -0.0141892           0  0.00524036   0.0145706
 0.00955808 -0.00524036           0  -0.0141892
 0.00113719  -0.0145706   0.0141892           0
EndNode2[0]<--->HoM1[0]
REAL
   0.466847   0.0007894  -0.0132049    0.400464
  0.0007894  0.00541272   -0.014403 -0.00194662
 -0.0132049   -0.014403  0.00270636  -0.0183652
   0.400464 -0.00194662  -0.0183652    0.525034
IMAGINARY
           0    0.0176388    0.0170445  0.000309464
  -0.0176388            0   -0.0354513   0.00392117
  -0.0170445    0.0354513            0   -0.0119209
-0.000309464  -0.00392117    0.0119209            0
Repeater1[0]<--->EndNode1[0]
REAL
   0.514667  -0.0227564  -0.0111304    0.397562
 -0.0227564       0.008  0.00282563  -0.0205643
 -0.0111304  0.00282563  0.00533333 -0.00764467
   0.397562  -0.0205643 -0.00764467       0.472
IMAGINARY
          0 -0.00955808   0.0141892 -0.00113719
 0.00955808           0 -0.00524036  -0.0141892
 -0.0141892  0.00524036           0   0.0145706
 0.00113719   0.0141892  -0.0145706           0
Repeater1[0]<--->HoM1[0]
REAL
   0.466847  -0.0132049   0.0007894    0.400464
 -0.0132049  0.00270636   -0.014403  -0.0183652
  0.0007894   -0.014403  0.00541272 -0.00194662
   0.400464  -0.0183652 -0.00194662    0.525034
IMAGINARY
           0    0.0170445    0.0176388  0.000309464
  -0.0170445            0    0.0354513   -0.0119209
  -0.0176388   -0.0354513            0   0.00392117
-0.000309464    0.0119209  -0.00392117            0
EndNode1[0]<--->Repeater1[0]
REAL
   0.484355 -0.00207643 -0.00053483    0.381885
-0.00207643  0.00500626  0.00589555  -0.0106871
-0.00053483  0.00589555  0.00876095  -0.0116393
   0.381885  -0.0106871  -0.0116393    0.501877
IMAGINARY
          0  -0.0019685    0.001005   0.0133159
  0.0019685           0  0.00921757 -0.00892056
  -0.001005 -0.00921757           0   0.0019685
 -0.0133159  0.00892056  -0.0019685           0
EndNode2[0]<--->HoM1[0]
REAL
   0.508772  -0.0154685 -0.00260236    0.393766
 -0.0154685   0.0107962 -0.00445293  -0.0177539
-0.00260236 -0.00445293  0.00674764 -0.00615999
   0.393766  -0.0177539 -0.00615999    0.473684
IMAGINARY
           0    0.0314027  0.000678433   0.00404603
  -0.0314027            0    0.0090088   -0.0159456
-0.000678433   -0.0090088            0    -0.013591
 -0.00404603    0.0159456     0.013591            0
Repeater1[0]<--->EndNode1[0]
REAL
   0.484355 -0.00053483 -0.00207643    0.381885
-0.00053483  0.00876095  0.00589555  -0.0116393
-0.00207643  0.00589555  0.00500626  -0.0106871
   0.381885  -0.0116393  -0.0106871    0.501877
IMAGINARY
          0    0.001005  -0.0019685   0.0133159
  -0.001005           0 -0.00921757   0.0019685
  0.0019685  0.00921757           0 -0.00892056
 -0.0133159  -0.0019685  0.00892056           0
Repeater1[0]<--->HoM1[0]
REAL
   0.508772 -0.00260236  -0.0154685    0.393766
-0.00260236  0.00674764 -0.00445293 -0.00615999
 -0.0154685 -0.00445293   0.0107962  -0.0177539
   0.393766 -0.00615999  -0.0177539    0.473684
IMAGINARY
           0  0.000678433    0.0314027   0.00404603
-0.000678433            0   -0.0090088    -0.013591
  -0.0314027    0.0090088            0   -0.0159456
 -0.00404603     0.013591    0.0159456            0
EndNode1[0]<--->Repeater1[0]
REAL
   0.442236    0.016217  0.00124635    0.394118
   0.016217   0.0124224 -0.00166013   0.0183067
 0.00124635 -0.00166013  0.00248447   0.0103193
   0.394118   0.0183067   0.0103193    0.542857
IMAGINARY
          0   0.0108831 -0.00932262 -0.00991994
 -0.0108831           0 -0.00495716  -0.0197011
 0.00932262  0.00495716           0 -0.00164825
 0.00991994   0.0197011  0.00164825           0
EndNode2[0]<--->HoM1[0]
REAL
   0.489647  0.00837455   0.0203896    0.389122
 0.00837455   0.0133983 -0.00720332   0.0023656
  0.0203896 -0.00720332  0.00730816   0.0119207
   0.389122   0.0023656   0.0119207    0.489647
IMAGINARY
          0   0.0118668  -0.0177045 -0.00784221
 -0.0118668           0  0.00357911 -0.00854221
  0.0177045 -0.00357911           0  -0.0158038
 0.00784221  0.00854221   0.0158038           0
Repeater1[0]<--->EndNode1[0]
REAL
   0.442236  0.00124635    0.016217    0.394118
 0.00124635  0.00248447 -0.00166013   0.0103193
   0.016217 -0.00166013   0.0124224   0.0183067
   0.394118   0.0103193   0.0183067    0.542857
IMAGINARY
          0 -0.00932262   0.0108831 -0.00991994
 0.00932262           0  0.00495716 -0.00164825
 -0.0108831 -0.00495716           0  -0.0197011
 0.00991994  0.00164825   0.0197011           0
Repeater1[0]<--->HoM1[0]
REAL
   0.489647   0.0203896  0.00837455    0.389122
  0.0203896  0.00730816 -0.00720332   0.0119207
 0.00837455 -0.00720332   0.0133983   0.0023656
   0.389122   0.0119207   0.0023656    0.489647
IMAGINARY
          0  -0.0177045   0.0118668 -0.00784221
  0.0177045           0 -0.00357911  -0.0158038
 -0.0118668  0.00357911           0 -0.00854221
 0.00784221   0.0158038  0.00854221           0
EndNode1[0]<--->Repeater1[0]
REAL
   0.477865  0.00732597   0.0269669    0.383364
 0.00732597   0.0078125 0.000860363  -0.0116997
  0.0269669 0.000860363  0.00520833  0.00666894
   0.383364  -0.0116997  0.00666894    0.509115
IMAGINARY
           0     0.002271   0.00666075    -0.017981
   -0.002271            0  -0.00840249  0.000363518
 -0.00666075   0.00840249            0    0.0060304
    0.017981 -0.000363518   -0.0060304            0
EndNode2[0]<--->HoM1[0]
REAL
   0.494819   0.0044839   0.0137769    0.387581
  0.0044839  0.00647668  0.00330451  -0.0105677
  0.0137769  0.00330451  0.00518135 -0.00255835
   0.387581  -0.0105677 -0.00255835    0.493523
IMAGINARY
          0  0.00614724 -0.00419799  0.00300217
-0.00614724           0  -0.0127046  0.00608478
 0.00419799   0.0127046           0   0.0120918
-0.00300217 -0.00608478  -0.0120918           0
Repeater1[0]<--->EndNode1[0]
REAL
   0.477865   0.0269669  0.00732597    0.383364
  0.0269669  0.00520833 0.000860363  0.00666894
 0.00732597 0.000860363   0.0078125  -0.0116997
   0.383364  0.00666894  -0.0116997    0.509115
IMAGINARY
           0   0.00666075     0.002271    -0.017981
 -0.00666075            0   0.00840249    0.0060304
   -0.002271  -0.00840249            0  0.000363518
    0.017981   -0.0060304 -0.000363518            0
Repeater1[0]<--->HoM1[0]
REAL
   0.494819   0.0137769   0.0044839    0.387581
  0.0137769  0.00518135  0.00330451 -0.00255835
  0.0044839  0.00330451  0.00647668  -0.0105677
   0.387581 -0.00255835  -0.0105677    0.493523
IMAGINARY
          0 -0.00419799  0.00614724  0.00300217
 0.00419799           0   0.0127046   0.0120918
-0.00614724  -0.0127046           0  0.00608478
-0.00300217  -0.0120918 -0.00608478           0
EndNode1[0]<--->Repeater1[0]
REAL
   0.516049  0.00163771  -0.0193417     0.39952
 0.00163771  0.00864198  0.00379131    0.022653
 -0.0193417  0.00379131   0.0037037 0.000349048
    0.39952    0.022653 0.000349048    0.471605
IMAGINARY
          0  -0.0100598   0.0160786  0.00247518
  0.0100598           0  0.00517788  0.00527814
 -0.0160786 -0.00517788           0 -0.00752815
-0.00247518 -0.00527814  0.00752815           0
EndNode2[0]<--->HoM1[0]
REAL
   0.518182  -0.0133923 -0.00684513    0.394804
 -0.0133923   0.0038961 8.23005e-07   -0.010038
-0.00684513 8.23005e-07   0.0025974 0.000405311
   0.394804   -0.010038 0.000405311    0.475325
IMAGINARY
           0  -0.00902649   -0.0117502  0.000259153
  0.00902649            0    0.0101847    0.0301279
   0.0117502   -0.0101847            0   0.00205564
-0.000259153   -0.0301279  -0.00205564            0
Repeater1[0]<--->EndNode1[0]
REAL
   0.516049  -0.0193417  0.00163771     0.39952
 -0.0193417   0.0037037  0.00379131 0.000349048
 0.00163771  0.00379131  0.00864198    0.022653
    0.39952 0.000349048    0.022653    0.471605
IMAGINARY
          0   0.0160786  -0.0100598  0.00247518
 -0.0160786           0 -0.00517788 -0.00752815
  0.0100598  0.00517788           0  0.00527814
-0.00247518  0.00752815 -0.00527814           0
Repeater1[0]<--->HoM1[0]
REAL
   0.518182 -0.00684513  -0.0133923    0.394804
-0.00684513   0.0025974 8.23005e-07 0.000405311
 -0.0133923 8.23005e-07   0.0038961   -0.010038
   0.394804 0.000405311   -0.010038    0.475325
IMAGINARY
           0   -0.0117502  -0.00902649  0.000259153
   0.0117502            0   -0.0101847   0.00205564
  0.00902649    0.0101847            0    0.0301279
-0.000259153  -0.00205564   -0.0301279            0
EndNode1[0]<--->Repeater1[0]
REAL
   0.501863  -0.0235357  0.00946308    0.387492
 -0.0235357  0.00621118 -0.00392182 -0.00234794
 0.00946308 -0.00392182  0.00496894   0.0177143
   0.387492 -0.00234794   0.0177143    0.486957
IMAGINARY
          0 -0.00910703 -0.00701901   0.0232832
 0.00910703           0   -0.014605   -0.003082
 0.00701901    0.014605           0  0.00153127
 -0.0232832    0.003082 -0.00153127           0
EndNode2[0]<--->HoM1[0]
REAL
   0.479798 -0.00412203 -0.00511076    0.394925
-0.00412203  0.00378788 -0.00481485  -0.0125938
-0.00511076 -0.00481485    0.010101  0.00595353
   0.394925  -0.0125938  0.00595353    0.506313
IMAGINARY
           0    0.0104286    0.0112134    0.0236934
  -0.0104286            0   -0.0118823 -0.000796724
  -0.0112134    0.0118823            0   0.00129018
  -0.0236934  0.000796724  -0.00129018            0
Repeater1[0]<--->EndNode1[0]
REAL
   0.501863  0.00946308  -0.0235357    0.387492
 0.00946308  0.00496894 -0.00392182   0.0177143
 -0.0235357 -0.00392182  0.00621118 -0.00234794
   0.387492   0.0177143 -0.00234794    0.486957
IMAGINARY
          0 -0.00701901 -0.00910703   0.0232832
 0.00701901           0    0.014605  0.00153127
 0.00910703   -0.014605           0   -0.003082
 -0.0232832 -0.00153127    0.003082           0
Repeater1[0]<--->HoM1[0]
REAL
   0.479798 -0.00511076 -0.00412203    0.394925
-0.00511076    0.010101 -0.00481485  0.00595353
-0.00412203 -0.00481485  0.00378788  -0.0125938
   0.394925  0.00595353  -0.0125938    0.506313
IMAGINARY
           0    0.0112134    0.0104286    0.0236934
  -0.0112134            0    0.0118823   0.00129018
  -0.0104286   -0.0118823            0 -0.000796724
  -0.0236934  -0.00129018  0.000796724            0
EndNode1[0]<--->Repeater1[0]
REAL
   0.460494  -0.0145625  -0.0124013    0.413419
 -0.0145625   0.0037037  0.00444291 -0.00650353
 -0.0124013  0.00444291  0.00617284 -0.00564614
   0.413419 -0.00650353 -0.00564614     0.52963
IMAGINARY
          0   0.0019713  0.00590026   0.0179841
 -0.0019713           0  0.00474321  -0.0166462
-0.00590026 -0.00474321           0   0.0138315
 -0.0179841   0.0166462  -0.0138315           0
EndNode2[0]<--->HoM1[0]
REAL
   0.511002   0.0120447 -0.00387597     0.39649
  0.0120447  0.00244499 -0.00760159 -0.00387597
-0.00387597 -0.00760159  0.00733496  -0.0094607
    0.39649 -0.00387597  -0.0094607    0.479218
IMAGINARY
          0    0.023594   -0.020727 -0.00568417
  -0.023594           0   0.0173725  -0.0163574
   0.020727  -0.0173725           0  0.00709654
 0.00568417   0.0163574 -0.00709654           0
Repeater1[0]<--->EndNode1[0]
REAL
   0.460494  -0.0124013  -0.0145625    0.413419
 -0.0124013  0.00617284  0.00444291 -0.00564614
 -0.0145625  0.00444291   0.0037037 -0.00650353
   0.413419 -0.00564614 -0.00650353     0.52963
IMAGINARY
          0  0.00590026   0.0019713   0.0179841
-0.00590026           0 -0.00474321   0.0138315
 -0.0019713  0.00474321           0  -0.0166462
 -0.0179841  -0.0138315   0.0166462           0
Repeater1[0]<--->HoM1[0]
REAL
   0.511002 -0.00387597   0.0120447     0.39649
-0.00387597  0.00733496 -0.00760159  -0.0094607
  0.0120447 -0.00760159  0.00244499 -0.00387597
    0.39649  -0.0094607 -0.00387597    0.479218
IMAGINARY
          0   -0.020727    0.023594 -0.00568417
   0.020727           0  -0.0173725  0.00709654
  -0.023594   0.0173725           0  -0.0163574
 0.00568417 -0.00709654   0.0163574           0
EndNode1[0]<--->Repeater1[0]
REAL
   0.505115  0.00752823  -0.0152925    0.383667
 0.00752823  0.00767263 -0.00537375  0.00839167
 -0.0152925 -0.00537375  0.00511509  -0.0181932
   0.383667  0.00839167  -0.0181932    0.482097
IMAGINARY
           0   -0.0065155   -0.0099301  0.000166648
   0.0065155            0   -0.0139722  -0.00787812
   0.0099301    0.0139722            0    0.0174744
-0.000166648   0.00787812   -0.0174744            0
EndNode2[0]<--->HoM1[0]
REAL
   0.506989 0.000463334  0.00560241    0.391945
0.000463334  0.00635324 -0.00399364 -0.00439759
 0.00560241 -0.00399364   0.0025413 -0.00769225
   0.391945 -0.00439759 -0.00769225    0.484117
IMAGINARY
           0   0.00282414   0.00614981  -0.00336022
 -0.00282414            0 -0.000672043    0.0014644
 -0.00614981  0.000672043            0   0.00479007
  0.00336022   -0.0014644  -0.00479007            0
Repeater1[0]<--->EndNode1[0]
REAL
   0.505115  -0.0152925  0.00752823    0.383667
 -0.0152925  0.00511509 -0.00537375  -0.0181932
 0.00752823 -0.00537375  0.00767263  0.00839167
   0.383667  -0.0181932  0.00839167    0.482097
IMAGINARY
           0   -0.0099301   -0.0065155  0.000166648
   0.0099301            0    0.0139722    0.0174744
   0.0065155   -0.0139722            0  -0.00787812
-0.000166648   -0.0174744   0.00787812            0
Repeater1[0]<--->HoM1[0]
REAL
   0.506989  0.00560241 0.000463334    0.391945
 0.00560241   0.0025413 -0.00399364 -0.00769225
0.000463334 -0.00399364  0.00635324 -0.00439759
   0.391945 -0.00769225 -0.00439759    0.484117
IMAGINARY
           0   0.00614981   0.00282414  -0.00336022
 -0.00614981            0  0.000672043   0.00479007
 -0.00282414 -0.000672043            0    0.0014644
  0.00336022  -0.00479007   -0.0014644            0
EndNode1[0]<--->Repeater1[0]
REAL
  0.480355 0.00111295  -0.012344   0.387945
0.00111295 0.00253485 0.00308074  0.0097799
 -0.012344 0.00308074 0.00380228 0.00786141
  0.387945  0.0097799 0.00786141   0.513308
IMAGINARY
          0  0.00730614 -0.00237929 -0.00111121
-0.00730614           0  0.00526634  0.00302612
 0.00237929 -0.00526634           0  0.00110266
 0.00111121 -0.00302612 -0.00110266           0
EndNode2[0]<--->HoM1[0]
REAL
   0.511487 -0.00636195   0.0104873    0.386115
-0.00636195  0.00362757  -0.0138853 -0.00201271
  0.0104873  -0.0138853  0.00362757  0.00701384
   0.386115 -0.00201271  0.00701384    0.481258
IMAGINARY
          0  0.00732552  -0.0308509  0.00632993
-0.00732552           0  0.00160658 -0.00563562
  0.0308509 -0.00160658           0   0.0183502
-0.00632993  0.00563562  -0.0183502           0
Repeater1[0]<--->EndNode1[0]
REAL
  0.480355  -0.012344 0.00111295   0.387945
 -0.012344 0.00380228 0.00308074 0.00786141
0.00111295 0.00308074 0.00253485  0.0097799
  0.387945 0.00786141  0.0097799   0.513308
IMAGINARY
          0 -0.00237929  0.00730614 -0.00111121
 0.00237929           0 -0.00526634  0.00110266
-0.00730614  0.00526634           0  0.00302612
 0.00111121 -0.00110266 -0.00302612           0
Repeater1[0]<--->HoM1[0]
REAL
   0.511487   0.0104873 -0.00636195    0.386115
  0.0104873  0.00362757  -0.0138853  0.00701384
-0.00636195  -0.0138853  0.00362757 -0.00201271
   0.386115  0.00701384 -0.00201271    0.481258
IMAGINARY
          0  -0.0308509  0.00732552  0.00632993
  0.0308509           0 -0.00160658   0.0183502
-0.00732552  0.00160658           0 -0.00563562
-0.00632993  -0.0183502  0.00563562           0
EndNode1[0]<--->Repeater1[0]
REAL
  0.493573 -0.0135281 -0.0159043   0.381841
-0.0135281 0.00385604 0.00634974 -0.0205278
-0.0159043 0.00634974  0.0102828 -0.0115976
  0.381841 -0.0205278 -0.0115976   0.492288
IMAGINARY
          0  0.00976298 -0.00759036 -0.00187579
-0.00976298           0  0.00125312   0.0200412
 0.00759036 -0.00125312           0  -0.0156608
 0.00187579  -0.0200412   0.0156608           0
EndNode2[0]<--->HoM1[0]
REAL
   0.477157   0.0161582   0.0139447     0.38505
  0.0161582  0.00507614  0.00766552 -0.00533547
  0.0139447  0.00766552  0.00761421   0.0149677
    0.38505 -0.00533547   0.0149677    0.510152
IMAGINARY
          0   0.0246411 -0.00222788  0.00775257
 -0.0246411           0  0.00323644  -0.0263825
 0.00222788 -0.00323644           0  0.00396926
-0.00775257   0.0263825 -0.00396926           0
Repeater1[0]<--->EndNode1[0]
REAL
  0.493573 -0.0159043 -0.0135281   0.381841
-0.0159043  0.0102828 0.00634974 -0.0115976
-0.0135281 0.00634974 0.00385604 -0.0205278
  0.381841 -0.0115976 -0.0205278   0.492288
IMAGINARY
          0 -0.00759036  0.00976298 -0.00187579
 0.00759036           0 -0.00125312  -0.0156608
-0.00976298  0.00125312           0   0.0200412
 0.00187579   0.0156608  -0.0200412           0
Repeater1[0]<--->HoM1[0]
REAL
   0.477157   0.0139447   0.0161582     0.38505
  0.0139447  0.00761421  0.00766552   0.0149677
  0.0161582  0.00766552  0.00507614 -0.00533547
    0.38505   0.0149677 -0.00533547    0.510152
IMAGINARY
          0 -0.00222788   0.0246411  0.00775257
 0.00222788           0 -0.00323644  0.00396926
 -0.0246411  0.00323644           0  -0.0263825
-0.00775257 -0.00396926   0.0263825           0
EndNode1[0]<--->Repeater1[0]
REAL
   0.480366   0.0109458   0.0179161    0.394304
  0.0109458   0.0026178   0.0056962  -0.0166341
  0.0179161   0.0056962   0.0104712 0.000592617
   0.394304  -0.0166341 0.000592617    0.506545
IMAGINARY
           0   0.00572119  1.73472e-18   -0.0037062
 -0.00572119            0   0.00502198  1.73472e-18
-1.73472e-18  -0.00502198            0    0.0044054
   0.0037062 -1.73472e-18   -0.0044054            0
EndNode2[0]<--->HoM1[0]
REAL
   0.490789  0.00274023 -0.00179066    0.391658
 0.00274023  0.00263158 0.000267369 -0.00504164
-0.00179066 0.000267369  0.00394737  0.00657654
   0.391658 -0.00504164  0.00657654    0.502632
IMAGINARY
          0  -0.0123893  -0.0143797  -0.0204517
  0.0123893           0   0.0114078 -0.00482558
  0.0143797  -0.0114078           0   0.0157006
  0.0204517  0.00482558  -0.0157006           0
Repeater1[0]<--->EndNode1[0]
REAL
   0.480366   0.0179161   0.0109458    0.394304
  0.0179161   0.0104712   0.0056962 0.000592617
  0.0109458   0.0056962   0.0026178  -0.0166341
   0.394304 0.000592617  -0.0166341    0.506545
IMAGINARY
           0  1.73472e-18   0.00572119   -0.0037062
-1.73472e-18            0  -0.00502198    0.0044054
 -0.00572119   0.00502198            0  1.73472e-18
   0.0037062   -0.0044054 -1.73472e-18            0
Repeater1[0]<--->HoM1[0]
REAL
   0.490789 -0.00179066  0.00274023    0.391658
-0.00179066  0.00394737 0.000267369  0.00657654
 0.00274023 0.000267369  0.00263158 -0.00504164
   0.391658  0.00657654 -0.00504164    0.502632
IMAGINARY
          0  -0.0143797  -0.0123893  -0.0204517
  0.0143797           0  -0.0114078   0.0157006
  0.0123893   0.0114078           0 -0.00482558
  0.0204517  -0.0157006  0.00482558           0
EndNode1[0]<--->Repeater1[0]
REAL
   0.464557   0.0249304 -0.00183158    0.408137
  0.0249304  0.00379747  0.00737368   0.0251607
-0.00183158  0.00737368   0.0101266  0.00722593
   0.408137   0.0251607  0.00722593    0.521519
IMAGINARY
           0  -0.00792321    0.0016958 -0.000911626
  0.00792321            0  -0.00487988  -0.00551259
  -0.0016958   0.00487988            0   0.00156189
 0.000911626   0.00551259  -0.00156189            0
EndNode2[0]<--->HoM1[0]
REAL
   0.499348 -0.00513231   0.0229401     0.39583
-0.00513231   0.0065189 -0.00522526 -0.00685262
  0.0229401 -0.00522526  0.00521512  0.00706281
    0.39583 -0.00685262  0.00706281    0.488918
IMAGINARY
          0  0.00942049  -0.0137536 -0.00302553
-0.00942049           0  0.00360896  -0.0179087
  0.0137536 -0.00360896           0   0.0209225
 0.00302553   0.0179087  -0.0209225           0
Repeater1[0]<--->EndNode1[0]
REAL
   0.464557 -0.00183158   0.0249304    0.408137
-0.00183158   0.0101266  0.00737368  0.00722593
  0.0249304  0.00737368  0.00379747   0.0251607
   0.408137  0.00722593   0.0251607    0.521519
IMAGINARY
           0    0.0016958  -0.00792321 -0.000911626
  -0.0016958            0   0.00487988   0.00156189
  0.00792321  -0.00487988            0  -0.00551259
 0.000911626  -0.00156189   0.00551259            0
Repeater1[0]<--->HoM1[0]
REAL
   0.499348   0.0229401 -0.00513231     0.39583
  0.0229401  0.00521512 -0.00522526  0.00706281
-0.00513231 -0.00522526   0.0065189 -0.00685262
    0.39583  0.00706281 -0.00685262    0.488918
IMAGINARY
          0  -0.0137536  0.00942049 -0.00302553
  0.0137536           0 -0.00360896   0.0209225
-0.00942049  0.00360896           0  -0.0179087
 0.00302553  -0.0209225   0.0179087           0
EndNode1[0]<--->Repeater1[0]
REAL
       0.5 -0.0170552 0.00765603   0.393319
-0.0170552 0.00641026  -0.008363 -0.0120808
0.00765603  -0.008363 0.00641026  0.0063093
  0.393319 -0.0120808  0.0063093   0.487179
IMAGINARY
           0   -0.0135625    0.0252927 -0.000798325
   0.0135625            0  -0.00397494    0.0206323
  -0.0252927   0.00397494            0   -0.0297752
 0.000798325   -0.0206323    0.0297752            0
EndNode2[0]<--->HoM1[0]
REAL
   0.485643  0.00667568 0.000168547    0.403505
 0.00667568  0.00499376   0.0158936  0.00666205
0.000168547   0.0158936  0.00499376  0.00152104
   0.403505  0.00666205  0.00152104     0.50437
IMAGINARY
          0  -0.0147648  0.00374086   0.0117801
  0.0147648           0  0.00499839  -0.0145965
-0.00374086 -0.00499839           0   0.0179577
 -0.0117801   0.0145965  -0.0179577           0
Repeater1[0]<--->EndNode1[0]
REAL
       0.5 0.00765603 -0.0170552   0.393319
0.00765603 0.00641026  -0.008363  0.0063093
-0.0170552  -0.008363 0.00641026 -0.0120808
  0.393319  0.0063093 -0.0120808   0.487179
IMAGINARY
           0    0.0252927   -0.0135625 -0.000798325
  -0.0252927            0   0.00397494   -0.0297752
   0.0135625  -0.00397494            0    0.0206323
 0.000798325    0.0297752   -0.0206323            0
Repeater1[0]<--->HoM1[0]
REAL
   0.485643 0.000168547  0.00667568    0.403505
0.000168547  0.00499376   0.0158936  0.00152104
 0.00667568   0.0158936  0.00499376  0.00666205
   0.403505  0.00152104  0.00666205     0.50437
IMAGINARY
          0  0.00374086  -0.0147648   0.0117801
-0.00374086           0 -0.00499839   0.0179577
  0.0147648  0.00499839           0  -0.0145965
 -0.0117801  -0.0179577   0.0145965           0
EndNode1[0]<--->Repeater1[0]
REAL
   0.504178  0.00564353 -0.00538891    0.406539
 0.00564353  0.00557103  -0.0080617 -0.00603241
-0.00538891  -0.0080617  0.00417827  -0.0119887
   0.406539 -0.00603241  -0.0119887    0.486072
IMAGINARY
          0   0.0302501 -0.00628475  -0.0254572
 -0.0302501           0  -0.0129076 -0.00197971
 0.00628475   0.0129076           0 -0.00821149
  0.0254572  0.00197971  0.00821149           0
EndNode2[0]<--->HoM1[0]
REAL
    0.517157  -0.00833255  -0.00530448     0.400991
 -0.00833255   0.00735294 -0.000607937    0.0161602
 -0.00530448 -0.000607937   0.00490196   0.00386257
    0.400991    0.0161602   0.00386257     0.470588
IMAGINARY
          0  -0.0167684   0.0183963  0.00150206
  0.0167684           0  0.00566873  0.00189887
 -0.0183963 -0.00566873           0 -0.00598678
-0.00150206 -0.00189887  0.00598678           0
Repeater1[0]<--->EndNode1[0]
REAL
   0.504178 -0.00538891  0.00564353    0.406539
-0.00538891  0.00417827  -0.0080617  -0.0119887
 0.00564353  -0.0080617  0.00557103 -0.00603241
   0.406539  -0.0119887 -0.00603241    0.486072
IMAGINARY
          0 -0.00628475   0.0302501  -0.0254572
 0.00628475           0   0.0129076 -0.00821149
 -0.0302501  -0.0129076           0 -0.00197971
  0.0254572  0.00821149  0.00197971           0
Repeater1[0]<--->HoM1[0]
REAL
    0.517157  -0.00530448  -0.00833255     0.400991
 -0.00530448   0.00490196 -0.000607937   0.00386257
 -0.00833255 -0.000607937   0.00735294    0.0161602
    0.400991   0.00386257    0.0161602     0.470588
IMAGINARY
          0   0.0183963  -0.0167684  0.00150206
 -0.0183963           0 -0.00566873 -0.00598678
  0.0167684  0.00566873           0  0.00189887
-0.00150206  0.00598678 -0.00189887           0
EndNode1[0]<--->Repeater1[0]
REAL
  0.494624  0.0298743 0.00594971   0.388229
 0.0298743 0.00403226 0.00557612  0.0351375
0.00594971 0.00557612 0.00537634 0.00362759
  0.388229  0.0351375 0.00362759   0.495968
IMAGINARY
          0 -0.00253119 -0.00183286  -0.0210227
 0.00253119           0 -0.00809751    0.017139
 0.00183286  0.00809751           0 -0.00512187
  0.0210227   -0.017139  0.00512187           0
EndNode2[0]<--->HoM1[0]
REAL
    0.476383  -0.00447068     0.011502      0.38748
 -0.00447068   0.00674764  -0.00884541 -0.000756087
    0.011502  -0.00884541   0.00944669   0.00763123
     0.38748 -0.000756087   0.00763123     0.507422
IMAGINARY
          0   0.0045589 -0.00083975 -0.00328086
 -0.0045589           0   0.0122323  -0.0188453
 0.00083975  -0.0122323           0  0.00331512
 0.00328086   0.0188453 -0.00331512           0
Repeater1[0]<--->EndNode1[0]
REAL
  0.494624 0.00594971  0.0298743   0.388229
0.00594971 0.00537634 0.00557612 0.00362759
 0.0298743 0.00557612 0.00403226  0.0351375
  0.388229 0.00362759  0.0351375   0.495968
IMAGINARY
          0 -0.00183286 -0.00253119  -0.0210227
 0.00183286           0  0.00809751 -0.00512187
 0.00253119 -0.00809751           0    0.017139
  0.0210227  0.00512187   -0.017139           0
Repeater1[0]<--->HoM1[0]
REAL
    0.476383     0.011502  -0.00447068      0.38748
    0.011502   0.00944669  -0.00884541   0.00763123
 -0.00447068  -0.00884541   0.00674764 -0.000756087
     0.38748   0.00763123 -0.000756087     0.507422
IMAGINARY
          0 -0.00083975   0.0045589 -0.00328086
 0.00083975           0  -0.0122323  0.00331512
 -0.0045589   0.0122323           0  -0.0188453
 0.00328086 -0.00331512   0.0188453           0
EndNode1[0]<--->Repeater1[0]
REAL
     0.50559   0.00143286    0.0114917      0.40316
  0.00143286   0.00869565 -0.000840049    0.0196439
   0.0114917 -0.000840049   0.00621118    0.0272607
     0.40316    0.0196439    0.0272607     0.479503
IMAGINARY
          0  -0.0089249   0.0103845 -0.00361008
  0.0089249           0   0.0182442 -0.00771785
 -0.0103845  -0.0182442           0  0.00359157
 0.00361008  0.00771785 -0.00359157           0
EndNode2[0]<--->HoM1[0]
REAL
    0.48038    -0.00969 -0.00103734    0.391505
   -0.00969  0.00356718  -0.0151613  0.00103734
-0.00103734  -0.0151613   0.0142687 -0.00643903
   0.391505  0.00103734 -0.00643903    0.501784
IMAGINARY
          0  -0.0205158  0.00784358  0.00189873
  0.0205158           0  0.00189873   0.0134898
-0.00784358 -0.00189873           0 -0.00348418
-0.00189873  -0.0134898  0.00348418           0
Repeater1[0]<--->EndNode1[0]
REAL
     0.50559    0.0114917   0.00143286      0.40316
   0.0114917   0.00621118 -0.000840049    0.0272607
  0.00143286 -0.000840049   0.00869565    0.0196439
     0.40316    0.0272607    0.0196439     0.479503
IMAGINARY
          0   0.0103845  -0.0089249 -0.00361008
 -0.0103845           0  -0.0182442  0.00359157
  0.0089249   0.0182442           0 -0.00771785
 0.00361008 -0.00359157  0.00771785           0
Repeater1[0]<--->HoM1[0]
REAL
    0.48038 -0.00103734    -0.00969    0.391505
-0.00103734   0.0142687  -0.0151613 -0.00643903
   -0.00969  -0.0151613  0.00356718  0.00103734
   0.391505 -0.00643903  0.00103734    0.501784
IMAGINARY
          0  0.00784358  -0.0205158  0.00189873
-0.00784358           0 -0.00189873 -0.00348418
  0.0205158  0.00189873           0   0.0134898
-0.00189873  0.00348418  -0.0134898           0
EndNode1[0]<--->Repeater1[0]
REAL
   0.490741   0.0121991 -0.00124693     0.39497
  0.0121991  0.00529101 -0.00346712  0.00451491
-0.00124693 -0.00346712  0.00529101 0.000219239
    0.39497  0.00451491 0.000219239    0.498677
IMAGINARY
          0  0.00840003   -0.015939   0.0051115
-0.00840003           0   0.0167394  -0.0218214
   0.015939  -0.0167394           0   0.0449854
 -0.0051115   0.0218214  -0.0449854           0
