EndNode1[0]<--->Repeater1[0]
REAL
   0.252859  0.00625278    0.029048   0.0558317
 0.00625278    0.221093   0.0337636   0.0229751
   0.029048   0.0337636    0.246506 -0.00336261
  0.0558317   0.0229751 -0.00336261    0.279543
IMAGINARY
          0   0.0112345  0.00411959  0.00567629
 -0.0112345           0   -0.017626  0.00786024
-0.00411959    0.017626           0  -0.0017767
-0.00567629 -0.00786024   0.0017767           0
EndNode2[0]<--->HoM1[0]
REAL
  0.269987 0.00132075 -0.0102515    0.04601
0.00132075   0.245085  0.0332583 0.00537348
-0.0102515  0.0332583     0.2346  0.0120939
   0.04601 0.00537348  0.0120939   0.250328
IMAGINARY
          0  0.00218357  -0.0124766   0.0246052
-0.00218357           0  -0.0071408 -0.00564425
  0.0124766   0.0071408           0  0.00922582
 -0.0246052  0.00564425 -0.00922582           0
Repeater1[0]<--->EndNode1[0]
REAL
   0.252859    0.029048  0.00625278   0.0558317
   0.029048    0.246506   0.0337636 -0.00336261
 0.00625278   0.0337636    0.221093   0.0229751
  0.0558317 -0.00336261   0.0229751    0.279543
IMAGINARY
          0  0.00411959   0.0112345  0.00567629
-0.00411959           0    0.017626  -0.0017767
 -0.0112345   -0.017626           0  0.00786024
-0.00567629   0.0017767 -0.00786024           0
Repeater1[0]<--->HoM1[0]
REAL
  0.269987 -0.0102515 0.00132075    0.04601
-0.0102515     0.2346  0.0332583  0.0120939
0.00132075  0.0332583   0.245085 0.00537348
   0.04601  0.0120939 0.00537348   0.250328
IMAGINARY
          0  -0.0124766  0.00218357   0.0246052
  0.0124766           0   0.0071408  0.00922582
-0.00218357  -0.0071408           0 -0.00564425
 -0.0246052 -0.00922582  0.00564425           0
