EndNode1[0]<--->Repeater1[0]
REAL
   0.470976 -0.00405438   0.0111926    0.482281
-0.00405438  0.00395778 -0.00345171  -0.0192873
  0.0111926 -0.00345171  0.00659631 -0.00279493
   0.482281  -0.0192873 -0.00279493     0.51847
IMAGINARY
           0   -0.0187583    0.0128093   0.00424004
   0.0187583            0    0.0023389  0.000809339
  -0.0128093   -0.0023389            0  -0.00134541
 -0.00424004 -0.000809339   0.00134541            0
EndNode2[0]<--->HoM1[0]
REAL
   0.468625 -0.00342041   0.0042707    0.477033
-0.00342041    0.012016   0.0090431  -0.0042707
  0.0042707   0.0090431  0.00667557  0.00721788
   0.477033  -0.0042707  0.00721788    0.512684
IMAGINARY
          0   0.0180026  0.00600956  -0.0134013
 -0.0180026           0  0.00884997  -0.0181734
-0.00600956 -0.00884997           0 -0.00199744
  0.0134013   0.0181734  0.00199744           0
Repeater1[0]<--->EndNode1[0]
REAL
   0.470976   0.0111926 -0.00405438    0.482281
  0.0111926  0.00659631 -0.00345171 -0.00279493
-0.00405438 -0.00345171  0.00395778  -0.0192873
   0.482281 -0.00279493  -0.0192873     0.51847
IMAGINARY
           0    0.0128093   -0.0187583   0.00424004
  -0.0128093            0   -0.0023389  -0.00134541
   0.0187583    0.0023389            0  0.000809339
 -0.00424004   0.00134541 -0.000809339            0
Repeater1[0]<--->HoM1[0]
REAL
   0.468625   0.0042707 -0.00342041    0.477033
  0.0042707  0.00667557   0.0090431  0.00721788
-0.00342041   0.0090431    0.012016  -0.0042707
   0.477033  0.00721788  -0.0042707    0.512684
IMAGINARY
          0  0.00600956   0.0180026  -0.0134013
-0.00600956           0 -0.00884997 -0.00199744
 -0.0180026  0.00884997           0  -0.0181734
  0.0134013  0.00199744   0.0181734           0
EndNode1[0]<--->Repeater1[0]
REAL
   0.490372  0.00423121 0.000282385    0.477766
 0.00423121   0.0102696  0.00503848   0.0208816
0.000282385  0.00503848  0.00641849   0.0156101
   0.477766   0.0208816   0.0156101     0.49294
IMAGINARY
           0    0.0136702   -0.0222105 -0.000613732
  -0.0136702            0    0.0145378    0.0118209
   0.0222105   -0.0145378            0   -0.0123715
 0.000613732   -0.0118209    0.0123715            0
EndNode2[0]<--->HoM1[0]
REAL
   0.467879 -0.00995733  -0.0184837    0.480247
-0.00995733   0.0109091  0.00659546  0.00532581
 -0.0184837  0.00659546  0.00848485 -0.00320057
   0.480247  0.00532581 -0.00320057    0.512727
IMAGINARY
          0 -0.00154204 -0.00293155  0.00905183
 0.00154204           0  -0.0109482   0.0110871
 0.00293155   0.0109482           0 -0.00535884
-0.00905183  -0.0110871  0.00535884           0
Repeater1[0]<--->EndNode1[0]
REAL
   0.490372 0.000282385  0.00423121    0.477766
0.000282385  0.00641849  0.00503848   0.0156101
 0.00423121  0.00503848   0.0102696   0.0208816
   0.477766   0.0156101   0.0208816     0.49294
IMAGINARY
           0   -0.0222105    0.0136702 -0.000613732
   0.0222105            0   -0.0145378   -0.0123715
  -0.0136702    0.0145378            0    0.0118209
 0.000613732    0.0123715   -0.0118209            0
Repeater1[0]<--->HoM1[0]
REAL
   0.467879  -0.0184837 -0.00995733    0.480247
 -0.0184837  0.00848485  0.00659546 -0.00320057
-0.00995733  0.00659546   0.0109091  0.00532581
   0.480247 -0.00320057  0.00532581    0.512727
IMAGINARY
          0 -0.00293155 -0.00154204  0.00905183
 0.00293155           0   0.0109482 -0.00535884
 0.00154204  -0.0109482           0   0.0110871
-0.00905183  0.00535884  -0.0110871           0
EndNode1[0]<--->Repeater1[0]
REAL
    0.502506   0.00614088    0.0134496     0.482275
  0.00614088    0.0112782     0.010699 -0.000569065
   0.0134496     0.010699   0.00501253   0.00673968
    0.482275 -0.000569065   0.00673968     0.481203
IMAGINARY
          0  0.00178326  -0.0059219 -0.00431319
-0.00178326           0  0.00499532   0.0149658
  0.0059219 -0.00499532           0 -0.00565923
 0.00431319  -0.0149658  0.00565923           0
EndNode2[0]<--->HoM1[0]
REAL
   0.511194   0.0108966   0.0130545    0.480882
  0.0108966  0.00746269 0.000438382   0.0149654
  0.0130545 0.000438382  0.00373134   0.0108966
   0.480882   0.0149654   0.0108966    0.477612
IMAGINARY
           0  0.000202638   0.00167678  -0.00162549
-0.000202638            0   0.00162549   -0.0127589
 -0.00167678  -0.00162549            0    0.0173984
  0.00162549    0.0127589   -0.0173984            0
Repeater1[0]<--->EndNode1[0]
REAL
    0.502506    0.0134496   0.00614088     0.482275
   0.0134496   0.00501253     0.010699   0.00673968
  0.00614088     0.010699    0.0112782 -0.000569065
    0.482275   0.00673968 -0.000569065     0.481203
IMAGINARY
          0  -0.0059219  0.00178326 -0.00431319
  0.0059219           0 -0.00499532 -0.00565923
-0.00178326  0.00499532           0   0.0149658
 0.00431319  0.00565923  -0.0149658           0
Repeater1[0]<--->HoM1[0]
REAL
   0.511194   0.0130545   0.0108966    0.480882
  0.0130545  0.00373134 0.000438382   0.0108966
  0.0108966 0.000438382  0.00746269   0.0149654
   0.480882   0.0108966   0.0149654    0.477612
IMAGINARY
           0   0.00167678  0.000202638  -0.00162549
 -0.00167678            0  -0.00162549    0.0173984
-0.000202638   0.00162549            0   -0.0127589
  0.00162549   -0.0173984    0.0127589            0
EndNode1[0]<--->Repeater1[0]
REAL
   0.493917 -0.00577178 -0.00470938    0.478818
-0.00577178  0.00973236  0.00695136  0.00406255
-0.00470938  0.00695136  0.00364964  0.00383129
   0.478818  0.00406255  0.00383129    0.492701
IMAGINARY
          0 -0.00402206  -0.0174185  -0.0109237
 0.00402206           0   -0.015862  0.00846708
  0.0174185    0.015862           0    0.015531
  0.0109237 -0.00846708   -0.015531           0
EndNode2[0]<--->HoM1[0]
REAL
   0.471673 -0.00357945 -0.00689793    0.480003
-0.00357945  0.00922266  0.00439278  -0.0106573
-0.00689793  0.00439278  0.00658762 -0.00877426
   0.480003  -0.0106573 -0.00877426    0.512516
IMAGINARY
          0  -0.0152787 -0.00577664   0.0121975
  0.0152787           0  0.00891231   0.0192555
 0.00577664 -0.00891231           0  -0.0020512
 -0.0121975  -0.0192555   0.0020512           0
Repeater1[0]<--->EndNode1[0]
REAL
   0.493917 -0.00470938 -0.00577178    0.478818
-0.00470938  0.00364964  0.00695136  0.00383129
-0.00577178  0.00695136  0.00973236  0.00406255
   0.478818  0.00383129  0.00406255    0.492701
IMAGINARY
          0  -0.0174185 -0.00402206  -0.0109237
  0.0174185           0    0.015862    0.015531
 0.00402206   -0.015862           0  0.00846708
  0.0109237   -0.015531 -0.00846708           0
Repeater1[0]<--->HoM1[0]
REAL
   0.471673 -0.00689793 -0.00357945    0.480003
-0.00689793  0.00658762  0.00439278 -0.00877426
-0.00357945  0.00439278  0.00922266  -0.0106573
   0.480003 -0.00877426  -0.0106573    0.512516
IMAGINARY
          0 -0.00577664  -0.0152787   0.0121975
 0.00577664           0 -0.00891231  -0.0020512
  0.0152787  0.00891231           0   0.0192555
 -0.0121975   0.0020512  -0.0192555           0
EndNode1[0]<--->Repeater1[0]
REAL
  0.505195  0.0141771  0.0277112   0.474575
 0.0141771   0.012987 0.00607061 0.00390169
 0.0277112 0.00607061 0.00909091  0.0109842
  0.474575 0.00390169  0.0109842   0.472727
IMAGINARY
          0  0.00950321 -0.00891067 -0.00412391
-0.00950321           0   0.0122795 -0.00421269
 0.00891067  -0.0122795           0  0.00886949
 0.00412391  0.00421269 -0.00886949           0
EndNode2[0]<--->HoM1[0]
REAL
    0.503797    0.0148129    0.0238075     0.479328
   0.0148129   0.00379747 -0.000237991   0.00509781
   0.0238075 -0.000237991   0.00126582    0.0128623
    0.479328   0.00509781    0.0128623     0.491139
IMAGINARY
          0 -0.00518898 -0.00112475 -0.00924268
 0.00518898           0   0.0105313  -0.0301652
 0.00112475  -0.0105313           0   0.0288161
 0.00924268   0.0301652  -0.0288161           0
Repeater1[0]<--->EndNode1[0]
REAL
  0.505195  0.0277112  0.0141771   0.474575
 0.0277112 0.00909091 0.00607061  0.0109842
 0.0141771 0.00607061   0.012987 0.00390169
  0.474575  0.0109842 0.00390169   0.472727
IMAGINARY
          0 -0.00891067  0.00950321 -0.00412391
 0.00891067           0  -0.0122795  0.00886949
-0.00950321   0.0122795           0 -0.00421269
 0.00412391 -0.00886949  0.00421269           0
Repeater1[0]<--->HoM1[0]
REAL
    0.503797    0.0238075    0.0148129     0.479328
   0.0238075   0.00126582 -0.000237991    0.0128623
   0.0148129 -0.000237991   0.00379747   0.00509781
    0.479328    0.0128623   0.00509781     0.491139
IMAGINARY
          0 -0.00112475 -0.00518898 -0.00924268
 0.00112475           0  -0.0105313   0.0288161
 0.00518898   0.0105313           0  -0.0301652
 0.00924268  -0.0288161   0.0301652           0
EndNode1[0]<--->Repeater1[0]
REAL
   0.486352  -0.0233068 -0.00510045     0.47464
 -0.0233068  0.00744417  0.00916547  -0.0225649
-0.00510045  0.00916547  0.00744417 -0.00975665
    0.47464  -0.0225649 -0.00975665    0.498759
IMAGINARY
          0 -0.00108892   -0.015449 -0.00523783
 0.00108892           0   0.0180913   0.0111333
   0.015449  -0.0180913           0  0.00540458
 0.00523783  -0.0111333 -0.00540458           0
EndNode2[0]<--->HoM1[0]
REAL
   0.467463  -0.0112201  -0.0109835    0.478445
 -0.0112201  0.00265604   0.0084318 -0.00476456
 -0.0109835   0.0084318  0.00796813 -0.00190329
   0.478445 -0.00476456 -0.00190329    0.521912
IMAGINARY
          0   0.0298887  -0.0133638  -0.0113663
 -0.0298887           0  -0.0107467  -0.0133638
  0.0133638   0.0107467           0 -0.00185737
  0.0113663   0.0133638  0.00185737           0
Repeater1[0]<--->EndNode1[0]
REAL
   0.486352 -0.00510045  -0.0233068     0.47464
-0.00510045  0.00744417  0.00916547 -0.00975665
 -0.0233068  0.00916547  0.00744417  -0.0225649
    0.47464 -0.00975665  -0.0225649    0.498759
IMAGINARY
          0   -0.015449 -0.00108892 -0.00523783
   0.015449           0  -0.0180913  0.00540458
 0.00108892   0.0180913           0   0.0111333
 0.00523783 -0.00540458  -0.0111333           0
Repeater1[0]<--->HoM1[0]
REAL
   0.467463  -0.0109835  -0.0112201    0.478445
 -0.0109835  0.00796813   0.0084318 -0.00190329
 -0.0112201   0.0084318  0.00265604 -0.00476456
   0.478445 -0.00190329 -0.00476456    0.521912
IMAGINARY
          0  -0.0133638   0.0298887  -0.0113663
  0.0133638           0   0.0107467 -0.00185737
 -0.0298887  -0.0107467           0  -0.0133638
  0.0113663  0.00185737   0.0133638           0
EndNode1[0]<--->Repeater1[0]
REAL
   0.483827   0.0149031   0.0114931     0.48292
  0.0149031  0.00808625 -0.00110156  -0.0062983
  0.0114931 -0.00110156  0.00808625  -0.0097083
    0.48292  -0.0062983  -0.0097083         0.5
IMAGINARY
          0  -0.0052057 -0.00177568 -0.00730139
  0.0052057           0 -0.00861373  0.00377302
 0.00177568  0.00861373           0   0.0111977
 0.00730139 -0.00377302  -0.0111977           0
EndNode2[0]<--->HoM1[0]
REAL
   0.517949   0.0191352   0.0141511    0.484835
  0.0191352  0.00769231  0.00344584 -0.00764068
  0.0141511  0.00344584  0.00769231   -0.016531
   0.484835 -0.00764068   -0.016531    0.466667
IMAGINARY
          0  0.00496278 -0.00788273   0.0195501
-0.00496278           0   0.0189115 -0.00328352
 0.00788273  -0.0189115           0  0.00496278
 -0.0195501  0.00328352 -0.00496278           0
Repeater1[0]<--->EndNode1[0]
REAL
   0.483827   0.0114931   0.0149031     0.48292
  0.0114931  0.00808625 -0.00110156  -0.0097083
  0.0149031 -0.00110156  0.00808625  -0.0062983
    0.48292  -0.0097083  -0.0062983         0.5
IMAGINARY
          0 -0.00177568  -0.0052057 -0.00730139
 0.00177568           0  0.00861373   0.0111977
  0.0052057 -0.00861373           0  0.00377302
 0.00730139  -0.0111977 -0.00377302           0
Repeater1[0]<--->HoM1[0]
REAL
   0.517949   0.0141511   0.0191352    0.484835
  0.0141511  0.00769231  0.00344584   -0.016531
  0.0191352  0.00344584  0.00769231 -0.00764068
   0.484835   -0.016531 -0.00764068    0.466667
IMAGINARY
          0 -0.00788273  0.00496278   0.0195501
 0.00788273           0  -0.0189115  0.00496278
-0.00496278   0.0189115           0 -0.00328352
 -0.0195501 -0.00496278  0.00328352           0
EndNode1[0]<--->Repeater1[0]
REAL
   0.506281   -0.019113 -0.00607332    0.482639
  -0.019113   0.0125628  0.00219194 -0.00734558
-0.00607332  0.00219194   0.0125628  0.00686099
   0.482639 -0.00734558  0.00686099    0.468593
IMAGINARY
          0 -0.00572554   0.0147317  0.00219752
 0.00572554           0  0.00152457   0.0173912
 -0.0147317 -0.00152457           0  -0.0263974
-0.00219752  -0.0173912   0.0263974           0
EndNode2[0]<--->HoM1[0]
REAL
   0.521628 -0.00857215  -0.0111517    0.479473
-0.00857215  0.00763359  0.00888441   0.0143859
 -0.0111517  0.00888441   0.0127226  0.00792532
   0.479473   0.0143859  0.00792532    0.458015
IMAGINARY
          0 -0.00695505 -0.00897691  -0.0100382
 0.00695505           0  -0.0141254 -0.00764713
 0.00897691   0.0141254           0   0.0146277
  0.0100382  0.00764713  -0.0146277           0
Repeater1[0]<--->EndNode1[0]
REAL
   0.506281 -0.00607332   -0.019113    0.482639
-0.00607332   0.0125628  0.00219194  0.00686099
  -0.019113  0.00219194   0.0125628 -0.00734558
   0.482639  0.00686099 -0.00734558    0.468593
IMAGINARY
          0   0.0147317 -0.00572554  0.00219752
 -0.0147317           0 -0.00152457  -0.0263974
 0.00572554  0.00152457           0   0.0173912
-0.00219752   0.0263974  -0.0173912           0
Repeater1[0]<--->HoM1[0]
REAL
   0.521628  -0.0111517 -0.00857215    0.479473
 -0.0111517   0.0127226  0.00888441  0.00792532
-0.00857215  0.00888441  0.00763359   0.0143859
   0.479473  0.00792532   0.0143859    0.458015
IMAGINARY
          0 -0.00897691 -0.00695505  -0.0100382
 0.00897691           0   0.0141254   0.0146277
 0.00695505  -0.0141254           0 -0.00764713
  0.0100382  -0.0146277  0.00764713           0
EndNode1[0]<--->Repeater1[0]
REAL
     0.47871   0.00887933 -0.000344884     0.481151
  0.00887933   0.00774194   0.00379252   0.00348165
-0.000344884   0.00379252   0.00903226 -0.000723745
    0.481151   0.00348165 -0.000723745     0.504516
IMAGINARY
           0    0.0137825  0.000443345   0.00168582
  -0.0137825            0    0.0128261   -0.0186823
-0.000443345   -0.0128261            0   0.00948798
 -0.00168582    0.0186823  -0.00948798            0
EndNode2[0]<--->HoM1[0]
REAL
   0.493703 -0.00938212   0.0125579    0.481205
-0.00938212  0.00755668  0.00488888  -0.0207754
  0.0125579  0.00488888  0.00251889   0.0024289
   0.481205  -0.0207754   0.0024289    0.496222
IMAGINARY
          0 -0.00805138   0.0188291   0.0103972
 0.00805138           0 -0.00585766  0.00617089
 -0.0188291  0.00585766           0   -0.014317
 -0.0103972 -0.00617089    0.014317           0
Repeater1[0]<--->EndNode1[0]
REAL
     0.47871 -0.000344884   0.00887933     0.481151
-0.000344884   0.00903226   0.00379252 -0.000723745
  0.00887933   0.00379252   0.00774194   0.00348165
    0.481151 -0.000723745   0.00348165     0.504516
IMAGINARY
           0  0.000443345    0.0137825   0.00168582
-0.000443345            0   -0.0128261   0.00948798
  -0.0137825    0.0128261            0   -0.0186823
 -0.00168582  -0.00948798    0.0186823            0
Repeater1[0]<--->HoM1[0]
REAL
   0.493703   0.0125579 -0.00938212    0.481205
  0.0125579  0.00251889  0.00488888   0.0024289
-0.00938212  0.00488888  0.00755668  -0.0207754
   0.481205   0.0024289  -0.0207754    0.496222
IMAGINARY
          0   0.0188291 -0.00805138   0.0103972
 -0.0188291           0  0.00585766   -0.014317
 0.00805138 -0.00585766           0  0.00617089
 -0.0103972    0.014317 -0.00617089           0
EndNode1[0]<--->Repeater1[0]
REAL
   0.508838  0.00390755 6.32159e-05    0.479398
 0.00390755  0.00505051  0.00749545   0.0150089
6.32159e-05  0.00749545  0.00252525  0.00854331
   0.479398   0.0150089  0.00854331    0.483586
IMAGINARY
           0   -0.0183028  0.000752005  -0.00091222
   0.0183028            0   0.00768729   0.00882654
-0.000752005  -0.00768729            0   0.00872424
  0.00091222  -0.00882654  -0.00872424            0
EndNode2[0]<--->HoM1[0]
REAL
  0.465839  0.0136277  0.0104256   0.472167
 0.0136277 0.00372671  0.0130877 0.00431974
 0.0104256  0.0130877 0.00869565 0.00245814
  0.472167 0.00431974 0.00245814   0.521739
IMAGINARY
          0   0.0174499 -0.00844557 -0.00212865
 -0.0174499           0 -0.00151213  0.00460926
 0.00844557  0.00151213           0 -0.00338342
 0.00212865 -0.00460926  0.00338342           0
Repeater1[0]<--->EndNode1[0]
REAL
   0.508838 6.32159e-05  0.00390755    0.479398
6.32159e-05  0.00252525  0.00749545  0.00854331
 0.00390755  0.00749545  0.00505051   0.0150089
   0.479398  0.00854331   0.0150089    0.483586
IMAGINARY
           0  0.000752005   -0.0183028  -0.00091222
-0.000752005            0  -0.00768729   0.00872424
   0.0183028   0.00768729            0   0.00882654
  0.00091222  -0.00872424  -0.00882654            0
Repeater1[0]<--->HoM1[0]
REAL
  0.465839  0.0104256  0.0136277   0.472167
 0.0104256 0.00869565  0.0130877 0.00245814
 0.0136277  0.0130877 0.00372671 0.00431974
  0.472167 0.00245814 0.00431974   0.521739
IMAGINARY
          0 -0.00844557   0.0174499 -0.00212865
 0.00844557           0  0.00151213 -0.00338342
 -0.0174499 -0.00151213           0  0.00460926
 0.00212865  0.00338342 -0.00460926           0
EndNode1[0]<--->Repeater1[0]
REAL
  0.494667   0.015812 0.00375383   0.480731
  0.015812      0.012 0.00825351   0.011546
0.00375383 0.00825351      0.008 0.00560787
  0.480731   0.011546 0.00560787   0.485333
IMAGINARY
         0  0.0174325 -0.0180965  0.0113463
-0.0174325          0  0.0120303 -0.0100817
 0.0180965 -0.0120303          0  0.0199201
-0.0113463  0.0100817 -0.0199201          0
EndNode2[0]<--->HoM1[0]
REAL
  0.483745 -0.0272944 -0.0174844   0.477889
-0.0272944 0.00260078   0.002031 0.00476689
-0.0174844   0.002031 0.00650195  0.0159155
  0.477889 0.00476689  0.0159155   0.507152
IMAGINARY
          0  -0.0113201   -0.011768  0.00822672
  0.0113201           0  0.00361539   0.0111327
   0.011768 -0.00361539           0   0.0106848
-0.00822672  -0.0111327  -0.0106848           0
Repeater1[0]<--->EndNode1[0]
REAL
  0.494667 0.00375383   0.015812   0.480731
0.00375383      0.008 0.00825351 0.00560787
  0.015812 0.00825351      0.012   0.011546
  0.480731 0.00560787   0.011546   0.485333
IMAGINARY
         0 -0.0180965  0.0174325  0.0113463
 0.0180965          0 -0.0120303  0.0199201
-0.0174325  0.0120303          0 -0.0100817
-0.0113463 -0.0199201  0.0100817          0
Repeater1[0]<--->HoM1[0]
REAL
  0.483745 -0.0174844 -0.0272944   0.477889
-0.0174844 0.00650195   0.002031  0.0159155
-0.0272944   0.002031 0.00260078 0.00476689
  0.477889  0.0159155 0.00476689   0.507152
IMAGINARY
          0   -0.011768  -0.0113201  0.00822672
   0.011768           0 -0.00361539   0.0106848
  0.0113201  0.00361539           0   0.0111327
-0.00822672  -0.0106848  -0.0111327           0
EndNode1[0]<--->Repeater1[0]
REAL
  0.502024   0.012917 0.00154392   0.478344
  0.012917 0.00674764 0.00673086 0.00218742
0.00154392 0.00673086 0.00944669 -0.0116732
  0.478344 0.00218742 -0.0116732   0.481781
IMAGINARY
          0  -0.0169933  -0.0117942  -0.0218764
  0.0169933           0 -0.00953068   0.0163104
  0.0117942  0.00953068           0   0.0202191
  0.0218764  -0.0163104  -0.0202191           0
EndNode2[0]<--->HoM1[0]
REAL
   0.47995 -0.0136579 0.00886647   0.480196
-0.0136579 0.00501253  0.0072574 -0.0157673
0.00886647  0.0072574 0.00877193 0.00926647
  0.480196 -0.0157673 0.00926647   0.506266
IMAGINARY
          0  -0.0071323  0.00261036 -0.00255754
  0.0071323           0   0.0242967   0.0154309
-0.00261036  -0.0242967           0 -0.00446564
 0.00255754  -0.0154309  0.00446564           0
Repeater1[0]<--->EndNode1[0]
REAL
  0.502024 0.00154392   0.012917   0.478344
0.00154392 0.00944669 0.00673086 -0.0116732
  0.012917 0.00673086 0.00674764 0.00218742
  0.478344 -0.0116732 0.00218742   0.481781
IMAGINARY
          0  -0.0117942  -0.0169933  -0.0218764
  0.0117942           0  0.00953068   0.0202191
  0.0169933 -0.00953068           0   0.0163104
  0.0218764  -0.0202191  -0.0163104           0
Repeater1[0]<--->HoM1[0]
REAL
   0.47995 0.00886647 -0.0136579   0.480196
0.00886647 0.00877193  0.0072574 0.00926647
-0.0136579  0.0072574 0.00501253 -0.0157673
  0.480196 0.00926647 -0.0157673   0.506266
IMAGINARY
          0  0.00261036  -0.0071323 -0.00255754
-0.00261036           0  -0.0242967 -0.00446564
  0.0071323   0.0242967           0   0.0154309
 0.00255754  0.00446564  -0.0154309           0
EndNode1[0]<--->Repeater1[0]
REAL
   0.486842  -0.0213134  -0.0174965    0.478293
 -0.0213134  0.00956938   0.0116692 -0.00697022
 -0.0174965   0.0116692  0.00478469  0.00186544
   0.478293 -0.00697022  0.00186544    0.498804
IMAGINARY
          0 -0.00222319   0.0119825   0.0198106
 0.00222319           0  0.00812232  0.00278003
 -0.0119825 -0.00812232           0 -0.00740454
 -0.0198106 -0.00278003  0.00740454           0
EndNode2[0]<--->HoM1[0]
REAL
   0.494662  -0.0244077 -0.00902062    0.479626
 -0.0244077   0.0106762  0.00877644  -0.0167526
-0.00902062  0.00877644  0.00711744  0.00507784
   0.479626  -0.0167526  0.00507784    0.487544
IMAGINARY
          0 -0.00494245   0.0206361 -0.00922252
 0.00494245           0   0.0144581    0.007881
 -0.0206361  -0.0144581           0  -0.0172375
 0.00922252   -0.007881   0.0172375           0
Repeater1[0]<--->EndNode1[0]
REAL
   0.486842  -0.0174965  -0.0213134    0.478293
 -0.0174965  0.00478469   0.0116692  0.00186544
 -0.0213134   0.0116692  0.00956938 -0.00697022
   0.478293  0.00186544 -0.00697022    0.498804
IMAGINARY
          0   0.0119825 -0.00222319   0.0198106
 -0.0119825           0 -0.00812232 -0.00740454
 0.00222319  0.00812232           0  0.00278003
 -0.0198106  0.00740454 -0.00278003           0
Repeater1[0]<--->HoM1[0]
REAL
   0.494662 -0.00902062  -0.0244077    0.479626
-0.00902062  0.00711744  0.00877644  0.00507784
 -0.0244077  0.00877644   0.0106762  -0.0167526
   0.479626  0.00507784  -0.0167526    0.487544
IMAGINARY
          0   0.0206361 -0.00494245 -0.00922252
 -0.0206361           0  -0.0144581  -0.0172375
 0.00494245   0.0144581           0    0.007881
 0.00922252   0.0172375   -0.007881           0
EndNode1[0]<--->Repeater1[0]
REAL
   0.495747  0.00355003 -0.00451846    0.479518
 0.00355003   0.0036452  0.00105213 -0.00843491
-0.00451846  0.00105213   0.0072904  -0.0152081
   0.479518 -0.00843491  -0.0152081    0.493317
IMAGINARY
           0  -0.00120595  -0.00407712  0.000806191
  0.00120595            0   0.00715137   0.00340417
  0.00407712  -0.00715137            0   0.00457069
-0.000806191  -0.00340417  -0.00457069            0
EndNode2[0]<--->HoM1[0]
REAL
   0.482121 -0.00302207  0.00307855    0.480224
-0.00302207  0.00493218  0.00572741   0.0179942
 0.00307855  0.00572741   0.0110974   0.0228177
   0.480224   0.0179942   0.0228177     0.50185
IMAGINARY
          0  0.00121254  -0.0273026   0.0072756
-0.00121254           0   0.0091071   0.0105241
  0.0273026  -0.0091071           0   0.0142237
 -0.0072756  -0.0105241  -0.0142237           0
Repeater1[0]<--->EndNode1[0]
REAL
   0.495747 -0.00451846  0.00355003    0.479518
-0.00451846   0.0072904  0.00105213  -0.0152081
 0.00355003  0.00105213   0.0036452 -0.00843491
   0.479518  -0.0152081 -0.00843491    0.493317
IMAGINARY
           0  -0.00407712  -0.00120595  0.000806191
  0.00407712            0  -0.00715137   0.00457069
  0.00120595   0.00715137            0   0.00340417
-0.000806191  -0.00457069  -0.00340417            0
Repeater1[0]<--->HoM1[0]
REAL
   0.482121  0.00307855 -0.00302207    0.480224
 0.00307855   0.0110974  0.00572741   0.0228177
-0.00302207  0.00572741  0.00493218   0.0179942
   0.480224   0.0228177   0.0179942     0.50185
IMAGINARY
          0  -0.0273026  0.00121254   0.0072756
  0.0273026           0  -0.0091071   0.0142237
-0.00121254   0.0091071           0   0.0105241
 -0.0072756  -0.0142237  -0.0105241           0
EndNode1[0]<--->Repeater1[0]
REAL
  0.501302 0.00831745  0.0290095   0.478517
0.00831745 0.00911458 0.00428393 0.00784551
 0.0290095 0.00428393 0.00520833  0.0236236
  0.478517 0.00784551  0.0236236   0.484375
IMAGINARY
          0  0.00876472  0.00706205 -0.00867229
-0.00876472           0 -0.00994132 -0.00276757
-0.00706205  0.00994132           0 -0.00692423
 0.00867229  0.00276757  0.00692423           0
EndNode2[0]<--->HoM1[0]
REAL
   0.476373  -0.0302516  -0.0165893    0.478043
 -0.0302516  0.00893997   0.0047609 -0.00589747
 -0.0165893   0.0047609  0.00766284   0.0117331
   0.478043 -0.00589747   0.0117331    0.507024
IMAGINARY
          0  0.00285572 -0.00666383 -0.00703058
-0.00285572           0  -0.0274522  0.00284704
 0.00666383   0.0274522           0 -0.00794478
 0.00703058 -0.00284704  0.00794478           0
Repeater1[0]<--->EndNode1[0]
REAL
  0.501302  0.0290095 0.00831745   0.478517
 0.0290095 0.00520833 0.00428393  0.0236236
0.00831745 0.00428393 0.00911458 0.00784551
  0.478517  0.0236236 0.00784551   0.484375
IMAGINARY
          0  0.00706205  0.00876472 -0.00867229
-0.00706205           0  0.00994132 -0.00692423
-0.00876472 -0.00994132           0 -0.00276757
 0.00867229  0.00692423  0.00276757           0
Repeater1[0]<--->HoM1[0]
REAL
   0.476373  -0.0165893  -0.0302516    0.478043
 -0.0165893  0.00766284   0.0047609   0.0117331
 -0.0302516   0.0047609  0.00893997 -0.00589747
   0.478043   0.0117331 -0.00589747    0.507024
IMAGINARY
          0 -0.00666383  0.00285572 -0.00703058
 0.00666383           0   0.0274522 -0.00794478
-0.00285572  -0.0274522           0  0.00284704
 0.00703058  0.00794478 -0.00284704           0
EndNode1[0]<--->Repeater1[0]
REAL
   0.531768  -0.0119313 -0.00958065    0.480341
 -0.0119313   0.0138122  -0.0014329  -0.0115112
-0.00958065  -0.0014329  0.00552486 -0.00295699
   0.480341  -0.0115112 -0.00295699    0.448895
IMAGINARY
          0 -0.00309802 -0.00387002   0.0134119
 0.00309802           0  -0.0220212  -0.0125334
 0.00387002   0.0220212           0   0.0158562
 -0.0134119   0.0125334  -0.0158562           0
EndNode2[0]<--->HoM1[0]
REAL
   0.498074  -0.0202336 -0.00515023    0.477533
 -0.0202336  0.00898588  0.00971156  -0.0127069
-0.00515023  0.00971156  0.00770218   0.0100295
   0.477533  -0.0127069   0.0100295    0.485237
IMAGINARY
          0   0.0155112    0.012154   0.0193067
 -0.0155112           0   0.0186599 -0.00349059
  -0.012154  -0.0186599           0  -0.0340756
 -0.0193067  0.00349059   0.0340756           0
Repeater1[0]<--->EndNode1[0]
REAL
   0.531768 -0.00958065  -0.0119313    0.480341
-0.00958065  0.00552486  -0.0014329 -0.00295699
 -0.0119313  -0.0014329   0.0138122  -0.0115112
   0.480341 -0.00295699  -0.0115112    0.448895
IMAGINARY
          0 -0.00387002 -0.00309802   0.0134119
 0.00387002           0   0.0220212   0.0158562
 0.00309802  -0.0220212           0  -0.0125334
 -0.0134119  -0.0158562   0.0125334           0
Repeater1[0]<--->HoM1[0]
REAL
   0.498074 -0.00515023  -0.0202336    0.477533
-0.00515023  0.00770218  0.00971156   0.0100295
 -0.0202336  0.00971156  0.00898588  -0.0127069
   0.477533   0.0100295  -0.0127069    0.485237
IMAGINARY
          0    0.012154   0.0155112   0.0193067
  -0.012154           0  -0.0186599  -0.0340756
 -0.0155112   0.0186599           0 -0.00349059
 -0.0193067   0.0340756  0.00349059           0
EndNode1[0]<--->Repeater1[0]
REAL
  0.477064 0.00793543  0.0175658   0.476647
0.00793543 0.00917431  0.0101952  0.0100658
 0.0175658  0.0101952  0.0104849  0.0118014
  0.476647  0.0100658  0.0118014   0.503277
IMAGINARY
           0 -0.000363006  -0.00257369  0.000948787
 0.000363006            0    0.0162487    0.0122511
  0.00257369   -0.0162487            0  -0.00931441
-0.000948787   -0.0122511   0.00931441            0
EndNode2[0]<--->HoM1[0]
REAL
    0.50137   0.0118789   0.0211212    0.478454
  0.0118789   0.0109589    0.010837 -0.00706502
  0.0211212    0.010837  0.00547945  0.00485467
   0.478454 -0.00706502  0.00485467    0.482192
IMAGINARY
          0 -0.00263288  0.00841969  -0.0198135
 0.00263288           0  -0.0122465  0.00841969
-0.00841969   0.0122465           0 -0.00513914
  0.0198135 -0.00841969  0.00513914           0
Repeater1[0]<--->EndNode1[0]
REAL
  0.477064  0.0175658 0.00793543   0.476647
 0.0175658  0.0104849  0.0101952  0.0118014
0.00793543  0.0101952 0.00917431  0.0100658
  0.476647  0.0118014  0.0100658   0.503277
IMAGINARY
           0  -0.00257369 -0.000363006  0.000948787
  0.00257369            0   -0.0162487  -0.00931441
 0.000363006    0.0162487            0    0.0122511
-0.000948787   0.00931441   -0.0122511            0
Repeater1[0]<--->HoM1[0]
REAL
    0.50137   0.0211212   0.0118789    0.478454
  0.0211212  0.00547945    0.010837  0.00485467
  0.0118789    0.010837   0.0109589 -0.00706502
   0.478454  0.00485467 -0.00706502    0.482192
IMAGINARY
          0  0.00841969 -0.00263288  -0.0198135
-0.00841969           0   0.0122465 -0.00513914
 0.00263288  -0.0122465           0  0.00841969
  0.0198135  0.00513914 -0.00841969           0
EndNode1[0]<--->Repeater1[0]
REAL
   0.475348 -0.00664481  0.00882985    0.475301
-0.00664481  0.00632111  0.00061767  -0.0158007
 0.00882985  0.00061767   0.0101138 0.000941392
   0.475301  -0.0158007 0.000941392    0.508217
IMAGINARY
          0  -0.0074398  -0.0013809  -0.0104513
  0.0074398           0  0.00546379  0.00771001
  0.0013809 -0.00546379           0  0.00364233
  0.0104513 -0.00771001 -0.00364233           0
EndNode2[0]<--->HoM1[0]
REAL
     0.51375 -0.000400865   -0.0129606     0.481646
-0.000400865      0.00625  -0.00138278    0.0024343
  -0.0129606  -0.00138278        0.015  -0.00880966
    0.481646    0.0024343  -0.00880966        0.465
IMAGINARY
           0    0.0194268    0.0168776  0.000968515
  -0.0194268            0    -0.011852   -0.0103502
  -0.0168776     0.011852            0   -0.0194268
-0.000968515    0.0103502    0.0194268            0
Repeater1[0]<--->EndNode1[0]
REAL
   0.475348  0.00882985 -0.00664481    0.475301
 0.00882985   0.0101138  0.00061767 0.000941392
-0.00664481  0.00061767  0.00632111  -0.0158007
   0.475301 0.000941392  -0.0158007    0.508217
IMAGINARY
          0  -0.0013809  -0.0074398  -0.0104513
  0.0013809           0 -0.00546379  0.00364233
  0.0074398  0.00546379           0  0.00771001
  0.0104513 -0.00364233 -0.00771001           0
Repeater1[0]<--->HoM1[0]
REAL
     0.51375   -0.0129606 -0.000400865     0.481646
  -0.0129606        0.015  -0.00138278  -0.00880966
-0.000400865  -0.00138278      0.00625    0.0024343
    0.481646  -0.00880966    0.0024343        0.465
IMAGINARY
           0    0.0168776    0.0194268  0.000968515
  -0.0168776            0     0.011852   -0.0194268
  -0.0194268    -0.011852            0   -0.0103502
-0.000968515    0.0194268    0.0103502            0
EndNode1[0]<--->Repeater1[0]
REAL
   0.494709  -0.0100711  0.00388313    0.476522
 -0.0100711  0.00793651   0.0100794  -0.0105823
 0.00388313   0.0100794  0.00529101 -0.00271817
   0.476522  -0.0105823 -0.00271817    0.492063
IMAGINARY
          0  -0.0105019    0.004083  0.00105724
  0.0105019           0   0.0107849  -0.0168347
  -0.004083  -0.0107849           0   0.0165421
-0.00105724   0.0168347  -0.0165421           0
EndNode2[0]<--->HoM1[0]
REAL
    0.49434 -0.00506481   0.0103486    0.475345
-0.00506481  0.00503145   0.0027762 -0.00327008
  0.0103486   0.0027762  0.00628931  0.00570832
   0.475345 -0.00327008  0.00570832     0.49434
IMAGINARY
          0  0.00352315  -0.0205065  -0.0107313
-0.00352315           0  0.00325003  0.00180323
  0.0205065 -0.00325003           0   0.0201676
  0.0107313 -0.00180323  -0.0201676           0
Repeater1[0]<--->EndNode1[0]
REAL
   0.494709  0.00388313  -0.0100711    0.476522
 0.00388313  0.00529101   0.0100794 -0.00271817
 -0.0100711   0.0100794  0.00793651  -0.0105823
   0.476522 -0.00271817  -0.0105823    0.492063
IMAGINARY
          0    0.004083  -0.0105019  0.00105724
  -0.004083           0  -0.0107849   0.0165421
  0.0105019   0.0107849           0  -0.0168347
-0.00105724  -0.0165421   0.0168347           0
Repeater1[0]<--->HoM1[0]
REAL
    0.49434   0.0103486 -0.00506481    0.475345
  0.0103486  0.00628931   0.0027762  0.00570832
-0.00506481   0.0027762  0.00503145 -0.00327008
   0.475345  0.00570832 -0.00327008     0.49434
IMAGINARY
          0  -0.0205065  0.00352315  -0.0107313
  0.0205065           0 -0.00325003   0.0201676
-0.00352315  0.00325003           0  0.00180323
  0.0107313  -0.0201676 -0.00180323           0
EndNode1[0]<--->Repeater1[0]
REAL
    0.489004 -0.000737811 -8.07275e-06     0.478457
-0.000737811   0.00388098   0.00758341   0.00635325
-8.07275e-06   0.00758341   0.00517464    0.0108901
    0.478457   0.00635325    0.0108901      0.50194
IMAGINARY
          0    0.010857  0.00694097  0.00352322
  -0.010857           0  0.00292008 -0.00763445
-0.00694097 -0.00292008           0 -0.00877653
-0.00352322  0.00763445  0.00877653           0
EndNode2[0]<--->HoM1[0]
REAL
  0.525575 -0.0114425 -0.0172676   0.481149
-0.0114425 0.00895141 0.00390518 -0.0139824
-0.0172676 0.00390518   0.011509 -0.0184488
  0.481149 -0.0139824 -0.0184488   0.453964
IMAGINARY
           0     0.010537   -0.0162144  -0.00161034
   -0.010537            0    0.0028826   0.00294011
   0.0162144   -0.0028826            0  0.000208912
  0.00161034  -0.00294011 -0.000208912            0
Repeater1[0]<--->EndNode1[0]
REAL
    0.489004 -8.07275e-06 -0.000737811     0.478457
-8.07275e-06   0.00517464   0.00758341    0.0108901
-0.000737811   0.00758341   0.00388098   0.00635325
    0.478457    0.0108901   0.00635325      0.50194
IMAGINARY
          0  0.00694097    0.010857  0.00352322
-0.00694097           0 -0.00292008 -0.00877653
  -0.010857  0.00292008           0 -0.00763445
-0.00352322  0.00877653  0.00763445           0
Repeater1[0]<--->HoM1[0]
REAL
  0.525575 -0.0172676 -0.0114425   0.481149
-0.0172676   0.011509 0.00390518 -0.0184488
-0.0114425 0.00390518 0.00895141 -0.0139824
  0.481149 -0.0184488 -0.0139824   0.453964
IMAGINARY
           0   -0.0162144     0.010537  -0.00161034
   0.0162144            0   -0.0028826  0.000208912
   -0.010537    0.0028826            0   0.00294011
  0.00161034 -0.000208912  -0.00294011            0
EndNode1[0]<--->Repeater1[0]
REAL
   0.492187 -0.00805041 -0.00160357    0.475631
-0.00805041   0.0104167   0.0118534   0.0210028
-0.00160357   0.0118534  0.00651042   0.0324559
   0.475631   0.0210028   0.0324559    0.490885
IMAGINARY
          0 -0.00746923   0.0184956  0.00587407
 0.00746923           0  -0.0094712  0.00802442
 -0.0184956   0.0094712           0 -0.00611421
-0.00587407 -0.00802442  0.00611421           0
EndNode2[0]<--->HoM1[0]
REAL
    0.485969 -0.000573877    -0.014467      0.47179
-0.000573877   0.00637755   0.00495373  -0.00491285
   -0.014467   0.00495373   0.00765306    -0.013638
     0.47179  -0.00491285    -0.013638          0.5
IMAGINARY
          0  0.00453276   0.0242221   0.0138946
-0.00453276           0  0.00997811 -0.00253844
 -0.0242221 -0.00997811           0  -0.0185634
 -0.0138946  0.00253844   0.0185634           0
Repeater1[0]<--->EndNode1[0]
REAL
   0.492188 -0.00160357 -0.00805041    0.475631
-0.00160357  0.00651042   0.0118534   0.0324559
-0.00805041   0.0118534   0.0104167   0.0210028
   0.475631   0.0324559   0.0210028    0.490885
IMAGINARY
          0   0.0184956 -0.00746923  0.00587407
 -0.0184956           0   0.0094712 -0.00611421
 0.00746923  -0.0094712           0  0.00802442
-0.00587407  0.00611421 -0.00802442           0
Repeater1[0]<--->HoM1[0]
REAL
    0.485969    -0.014467 -0.000573877      0.47179
   -0.014467   0.00765306   0.00495373    -0.013638
-0.000573877   0.00495373   0.00637755  -0.00491285
     0.47179    -0.013638  -0.00491285          0.5
IMAGINARY
          0   0.0242221  0.00453276   0.0138946
 -0.0242221           0 -0.00997811  -0.0185634
-0.00453276  0.00997811           0 -0.00253844
 -0.0138946   0.0185634  0.00253844           0
EndNode1[0]<--->Repeater1[0]
REAL
  0.505195  0.0145045  0.0103619   0.479308
 0.0145045 0.00649351 0.00697614 -0.0116088
 0.0103619 0.00697614  0.0038961 -0.0120107
  0.479308 -0.0116088 -0.0120107   0.484416
IMAGINARY
          0  -0.0144954  0.00427484  0.00104879
  0.0144954           0  -0.0126767   0.0174643
-0.00427484   0.0126767           0  -0.0138314
-0.00104879  -0.0174643   0.0138314           0
EndNode2[0]<--->HoM1[0]
REAL
   0.488432 -0.00915385  -0.0124278    0.481521
-0.00915385   0.0115681  0.00822293 0.000889365
 -0.0124278  0.00822293  0.00257069 0.000179487
   0.481521 0.000889365 0.000179487    0.497429
IMAGINARY
          0   0.0171721  -0.0178224  0.00634316
 -0.0171721           0   0.0255995   -0.028239
  0.0178224  -0.0255995           0   0.0262191
-0.00634316    0.028239  -0.0262191           0
Repeater1[0]<--->EndNode1[0]
REAL
  0.505195  0.0103619  0.0145045   0.479308
 0.0103619  0.0038961 0.00697614 -0.0120107
 0.0145045 0.00697614 0.00649351 -0.0116088
  0.479308 -0.0120107 -0.0116088   0.484416
IMAGINARY
          0  0.00427484  -0.0144954  0.00104879
-0.00427484           0   0.0126767  -0.0138314
  0.0144954  -0.0126767           0   0.0174643
-0.00104879   0.0138314  -0.0174643           0
Repeater1[0]<--->HoM1[0]
REAL
   0.488432  -0.0124278 -0.00915385    0.481521
 -0.0124278  0.00257069  0.00822293 0.000179487
-0.00915385  0.00822293   0.0115681 0.000889365
   0.481521 0.000179487 0.000889365    0.497429
IMAGINARY
          0  -0.0178224   0.0171721  0.00634316
  0.0178224           0  -0.0255995   0.0262191
 -0.0171721   0.0255995           0   -0.028239
-0.00634316  -0.0262191    0.028239           0
EndNode1[0]<--->Repeater1[0]
REAL
   0.506127  0.00743068  0.00742104    0.482944
 0.00743068  0.00367647  0.00405214 -0.00156928
 0.00742104  0.00405214  0.00612745 -0.00938127
   0.482944 -0.00156928 -0.00938127    0.484069
IMAGINARY
          0  0.00524721  -0.0174841  -0.0222488
-0.00524721           0 -0.00406699   -0.018136
  0.0174841  0.00406699           0   0.0303728
  0.0222488    0.018136  -0.0303728           0
EndNode2[0]<--->HoM1[0]
REAL
  0.451407 0.00463942 -0.0146639   0.477762
0.00463942 0.00767263 0.00802647 -0.0253878
-0.0146639 0.00802647 0.00895141 -0.0408151
  0.477762 -0.0253878 -0.0408151   0.531969
IMAGINARY
           0     0.020317  -0.00876614  0.000656119
   -0.020317            0    0.0117947 -0.000691611
  0.00876614   -0.0117947            0   0.00175108
-0.000656119  0.000691611  -0.00175108            0
Repeater1[0]<--->EndNode1[0]
REAL
   0.506127  0.00742104  0.00743068    0.482944
 0.00742104  0.00612745  0.00405214 -0.00938127
 0.00743068  0.00405214  0.00367647 -0.00156928
   0.482944 -0.00938127 -0.00156928    0.484069
IMAGINARY
          0  -0.0174841  0.00524721  -0.0222488
  0.0174841           0  0.00406699   0.0303728
-0.00524721 -0.00406699           0   -0.018136
  0.0222488  -0.0303728    0.018136           0
Repeater1[0]<--->HoM1[0]
REAL
  0.451407 -0.0146639 0.00463942   0.477762
-0.0146639 0.00895141 0.00802647 -0.0408151
0.00463942 0.00802647 0.00767263 -0.0253878
  0.477762 -0.0408151 -0.0253878   0.531969
IMAGINARY
           0  -0.00876614     0.020317  0.000656119
  0.00876614            0   -0.0117947   0.00175108
   -0.020317    0.0117947            0 -0.000691611
-0.000656119  -0.00175108  0.000691611            0
EndNode1[0]<--->Repeater1[0]
REAL
   0.463847  0.00714584 -0.00191983    0.484011
 0.00714584  0.00409277  0.00102656  -0.0217709
-0.00191983  0.00102656   0.0109141  -0.0258491
   0.484011  -0.0217709  -0.0258491    0.521146
IMAGINARY
          0  -0.0052662   0.0160866 -0.00925169
  0.0052662           0   0.0116907   0.0087825
 -0.0160866  -0.0116907           0  -0.0130584
 0.00925169  -0.0087825   0.0130584           0
EndNode2[0]<--->HoM1[0]
REAL
   0.494102 0.000510769  0.00770574    0.480629
0.000510769  0.00524246 0.000729346   0.0116018
 0.00770574 0.000729346  0.00917431  0.00814436
   0.480629   0.0116018  0.00814436    0.491481
IMAGINARY
