EndNode1[0]<--->Repeater1[0]
REAL
    0.506008 -0.000776158 -0.000514566     0.273112
-0.000776158    0.0133511   0.00863862   0.00852936
-0.000514566   0.00863862    0.0213618  -0.00970473
    0.273112   0.00852936  -0.00970473     0.459279
IMAGINARY
          0  -0.0033805 -0.00317835   0.0191156
  0.0033805           0  -0.0160406  -0.0152427
 0.00317835   0.0160406           0  -0.0216195
 -0.0191156   0.0152427   0.0216195           0
EndNode2[0]<--->HoM1[0]
REAL
   0.452957 -0.00903036  -0.0335752    0.317856
-0.00903036    0.016129 -0.00445264   0.0171494
 -0.0335752 -0.00445264   0.0174731 -0.00476727
   0.317856   0.0171494 -0.00476727    0.513441
IMAGINARY
           0    0.0176834   0.00941432   -0.0125594
  -0.0176834            0  -0.00102089   -0.0074688
 -0.00941432   0.00102089            0 -0.000173708
   0.0125594    0.0074688  0.000173708            0
Repeater1[0]<--->EndNode1[0]
REAL
    0.506008 -0.000514566 -0.000776158     0.273112
-0.000514566    0.0213618   0.00863862  -0.00970473
-0.000776158   0.00863862    0.0133511   0.00852936
    0.273112  -0.00970473   0.00852936     0.459279
IMAGINARY
          0 -0.00317835  -0.0033805   0.0191156
 0.00317835           0   0.0160406  -0.0216195
  0.0033805  -0.0160406           0  -0.0152427
 -0.0191156   0.0216195   0.0152427           0
Repeater1[0]<--->HoM1[0]
REAL
   0.452957  -0.0335752 -0.00903036    0.317856
 -0.0335752   0.0174731 -0.00445264 -0.00476727
-0.00903036 -0.00445264    0.016129   0.0171494
   0.317856 -0.00476727   0.0171494    0.513441
IMAGINARY
           0   0.00941432    0.0176834   -0.0125594
 -0.00941432            0   0.00102089 -0.000173708
  -0.0176834  -0.00102089            0   -0.0074688
   0.0125594  0.000173708    0.0074688            0
EndNode1[0]<--->Repeater1[0]
REAL
   0.484808  0.00361803 -0.00223672    0.317106
 0.00361803   0.0184941 -0.00154725   0.0204299
-0.00223672 -0.00154725   0.0250991   0.0133205
   0.317106   0.0204299   0.0133205    0.471598
IMAGINARY
          0  -0.0123159   -0.010525  0.00591077
  0.0123159           0  0.00133561    0.018297
   0.010525 -0.00133561           0  -0.0110001
-0.00591077   -0.018297   0.0110001           0
EndNode2[0]<--->HoM1[0]
REAL
   0.473062  -0.0238694  -0.0152228    0.274037
 -0.0238694   0.0183968 -0.00244902 -0.00566861
 -0.0152228 -0.00244902   0.0105125  -0.0193061
   0.274037 -0.00566861  -0.0193061    0.498029
IMAGINARY
           0    0.0244834  -0.00191785  0.000591104
  -0.0244834            0   -0.0117851  -0.00971006
  0.00191785    0.0117851            0   0.00910829
-0.000591104   0.00971006  -0.00910829            0
Repeater1[0]<--->EndNode1[0]
REAL
   0.484808 -0.00223672  0.00361803    0.317106
-0.00223672   0.0250991 -0.00154725   0.0133205
 0.00361803 -0.00154725   0.0184941   0.0204299
   0.317106   0.0133205   0.0204299    0.471598
IMAGINARY
          0   -0.010525  -0.0123159  0.00591077
   0.010525           0 -0.00133561  -0.0110001
  0.0123159  0.00133561           0    0.018297
-0.00591077   0.0110001   -0.018297           0
Repeater1[0]<--->HoM1[0]
REAL
   0.473062  -0.0152228  -0.0238694    0.274037
 -0.0152228   0.0105125 -0.00244902  -0.0193061
 -0.0238694 -0.00244902   0.0183968 -0.00566861
   0.274037  -0.0193061 -0.00566861    0.498029
IMAGINARY
           0  -0.00191785    0.0244834  0.000591104
  0.00191785            0    0.0117851   0.00910829
  -0.0244834   -0.0117851            0  -0.00971006
-0.000591104  -0.00910829   0.00971006            0
EndNode1[0]<--->Repeater1[0]
REAL
   0.437247 -0.00126871  -0.0147712     0.30766
-0.00126871   0.0215924   0.0134683  -0.0122396
 -0.0147712   0.0134683   0.0296896  -0.0149378
    0.30766  -0.0122396  -0.0149378    0.511471
IMAGINARY
           0   0.00123959  0.000371361   0.00121681
 -0.00123959            0  -0.00382098  -0.00289661
-0.000371361   0.00382098            0  2.30406e-05
 -0.00121681   0.00289661 -2.30406e-05            0
EndNode2[0]<--->HoM1[0]
REAL
   0.492268 -0.00614856 -0.00992253    0.305025
-0.00614856   0.0206186 -0.00887097 -0.00802619
-0.00992253 -0.00887097   0.0206186  -0.0105181
   0.305025 -0.00802619  -0.0105181    0.466495
IMAGINARY
          0  -0.0232328 -0.00363276  -0.0121258
  0.0232328           0  0.00388405  0.00363276
 0.00363276 -0.00388405           0 -0.00654388
  0.0121258 -0.00363276  0.00654388           0
Repeater1[0]<--->EndNode1[0]
REAL
   0.437247  -0.0147712 -0.00126871     0.30766
 -0.0147712   0.0296896   0.0134683  -0.0149378
-0.00126871   0.0134683   0.0215924  -0.0122396
    0.30766  -0.0149378  -0.0122396    0.511471
IMAGINARY
           0  0.000371361   0.00123959   0.00121681
-0.000371361            0   0.00382098  2.30406e-05
 -0.00123959  -0.00382098            0  -0.00289661
 -0.00121681 -2.30406e-05   0.00289661            0
Repeater1[0]<--->HoM1[0]
REAL
   0.492268 -0.00992253 -0.00614856    0.305025
-0.00992253   0.0206186 -0.00887097  -0.0105181
-0.00614856 -0.00887097   0.0206186 -0.00802619
   0.305025  -0.0105181 -0.00802619    0.466495
IMAGINARY
          0 -0.00363276  -0.0232328  -0.0121258
 0.00363276           0 -0.00388405 -0.00654388
  0.0232328  0.00388405           0  0.00363276
  0.0121258  0.00654388 -0.00363276           0
EndNode1[0]<--->Repeater1[0]
REAL
   0.488636  0.00100606 -0.00107873      0.2956
 0.00100606   0.0227273  0.00236694  0.00933794
-0.00107873  0.00236694   0.0189394   0.0288542
     0.2956  0.00933794   0.0288542    0.469697
IMAGINARY
          0   -0.018058   -0.015715 -0.00686809
   0.018058           0  0.00143331   0.0119556
   0.015715 -0.00143331           0 -0.00700467
 0.00686809  -0.0119556  0.00700467           0
EndNode2[0]<--->HoM1[0]
REAL
   0.485472  0.00653114  -0.0039894    0.301908
 0.00653114   0.0205811 -0.00495359  0.00525844
 -0.0039894 -0.00495359   0.0230024  -0.0230286
   0.301908  0.00525844  -0.0230286    0.470944
IMAGINARY
           0    0.0118646  0.000317662    0.0160594
  -0.0118646            0   0.00657433  0.000317662
-0.000317662  -0.00657433            0  0.000206563
  -0.0160594 -0.000317662 -0.000206563            0
Repeater1[0]<--->EndNode1[0]
REAL
   0.488636 -0.00107873  0.00100606      0.2956
-0.00107873   0.0189394  0.00236694   0.0288542
 0.00100606  0.00236694   0.0227273  0.00933794
     0.2956   0.0288542  0.00933794    0.469697
IMAGINARY
          0   -0.015715   -0.018058 -0.00686809
   0.015715           0 -0.00143331 -0.00700467
   0.018058  0.00143331           0   0.0119556
 0.00686809  0.00700467  -0.0119556           0
Repeater1[0]<--->HoM1[0]
REAL
   0.485472  -0.0039894  0.00653114    0.301908
 -0.0039894   0.0230024 -0.00495359  -0.0230286
 0.00653114 -0.00495359   0.0205811  0.00525844
   0.301908  -0.0230286  0.00525844    0.470944
IMAGINARY
           0  0.000317662    0.0118646    0.0160594
-0.000317662            0  -0.00657433  0.000206563
  -0.0118646   0.00657433            0  0.000317662
  -0.0160594 -0.000206563 -0.000317662            0
EndNode1[0]<--->Repeater1[0]
REAL
   0.501971  -0.0218158  -0.0165274    0.294317
 -0.0218158    0.022339 -0.00202805  -0.0058607
 -0.0165274 -0.00202805   0.0144547   0.0180845
   0.294317  -0.0058607   0.0180845    0.461235
IMAGINARY
          0 -0.00460011  -0.0070617  -0.0232635
 0.00460011           0  0.00815013   0.0135891
  0.0070617 -0.00815013           0  0.00329463
  0.0232635  -0.0135891 -0.00329463           0
EndNode2[0]<--->HoM1[0]
REAL
  0.461443  0.0189668 -0.0117785   0.303224
 0.0189668  0.0174129 0.00741201  0.0189121
-0.0117785 0.00741201  0.0149254 -0.0040511
  0.303224  0.0189121 -0.0040511   0.506219
IMAGINARY
           0    0.0255094  0.000641026   0.00472848
  -0.0255094            0   0.00792132 -0.000641026
-0.000641026  -0.00792132            0  -0.00194914
 -0.00472848  0.000641026   0.00194914            0
Repeater1[0]<--->EndNode1[0]
REAL
   0.501971  -0.0165274  -0.0218158    0.294317
 -0.0165274   0.0144547 -0.00202805   0.0180845
 -0.0218158 -0.00202805    0.022339  -0.0058607
   0.294317   0.0180845  -0.0058607    0.461235
IMAGINARY
          0  -0.0070617 -0.00460011  -0.0232635
  0.0070617           0 -0.00815013  0.00329463
 0.00460011  0.00815013           0   0.0135891
  0.0232635 -0.00329463  -0.0135891           0
Repeater1[0]<--->HoM1[0]
REAL
  0.461443 -0.0117785  0.0189668   0.303224
-0.0117785  0.0149254 0.00741201 -0.0040511
 0.0189668 0.00741201  0.0174129  0.0189121
  0.303224 -0.0040511  0.0189121   0.506219
IMAGINARY
           0  0.000641026    0.0255094   0.00472848
-0.000641026            0  -0.00792132  -0.00194914
  -0.0255094   0.00792132            0 -0.000641026
 -0.00472848   0.00194914  0.000641026            0
EndNode1[0]<--->Repeater1[0]
REAL
    0.51943  0.00653689  -0.0039531     0.30228
 0.00653689   0.0142487   0.0201501   0.0153016
 -0.0039531   0.0201501   0.0194301 0.000806233
    0.30228   0.0153016 0.000806233    0.446891
IMAGINARY
          0  -0.0175421   0.0131706  -0.0224457
  0.0175421           0  -0.0111274 -0.00766269
 -0.0131706   0.0111274           0 -0.00265375
  0.0224457  0.00766269  0.00265375           0
EndNode2[0]<--->HoM1[0]
REAL
  0.477419 -0.0120858  0.0139143    0.29031
-0.0120858  0.0219355  0.0149024 0.00871947
 0.0139143  0.0149024  0.0245161 0.00728468
   0.29031 0.00871947 0.00728468   0.476129
IMAGINARY
           0    0.0112396   -0.0337575    0.0142122
  -0.0112396            0  0.000733417  -0.00200159
   0.0337575 -0.000733417            0     0.018246
  -0.0142122   0.00200159    -0.018246            0
Repeater1[0]<--->EndNode1[0]
REAL
    0.51943  -0.0039531  0.00653689     0.30228
 -0.0039531   0.0194301   0.0201501 0.000806233
 0.00653689   0.0201501   0.0142487   0.0153016
    0.30228 0.000806233   0.0153016    0.446891
IMAGINARY
          0   0.0131706  -0.0175421  -0.0224457
 -0.0131706           0   0.0111274 -0.00265375
  0.0175421  -0.0111274           0 -0.00766269
  0.0224457  0.00265375  0.00766269           0
Repeater1[0]<--->HoM1[0]
REAL
  0.477419  0.0139143 -0.0120858    0.29031
 0.0139143  0.0245161  0.0149024 0.00728468
-0.0120858  0.0149024  0.0219355 0.00871947
   0.29031 0.00728468 0.00871947   0.476129
IMAGINARY
           0   -0.0337575    0.0112396    0.0142122
   0.0337575            0 -0.000733417     0.018246
  -0.0112396  0.000733417            0  -0.00200159
  -0.0142122    -0.018246   0.00200159            0
EndNode1[0]<--->Repeater1[0]
REAL
  0.478552  0.0133873  0.0133952   0.306048
 0.0133873  0.0268097 0.00341646  0.0220967
 0.0133952 0.00341646  0.0187668  0.0133873
  0.306048  0.0220967  0.0133873   0.475871
IMAGINARY
          0   0.0101283   0.0157926  0.00779139
 -0.0101283           0  -0.0128804  -0.0263189
 -0.0157926   0.0128804           0 -0.00486516
-0.00779139   0.0263189  0.00486516           0
EndNode2[0]<--->HoM1[0]
REAL
  0.474018  0.0310775   0.002664   0.294698
 0.0310775   0.017744 -0.0144047 0.00199645
  0.002664 -0.0144047   0.017744  0.0121981
  0.294698 0.00199645  0.0121981   0.490494
IMAGINARY
          0   -0.005689 -0.00647326   0.0180214
   0.005689           0   0.0103291  -0.0131222
 0.00647326  -0.0103291           0  0.00126422
 -0.0180214   0.0131222 -0.00126422           0
Repeater1[0]<--->EndNode1[0]
REAL
  0.478552  0.0133952  0.0133873   0.306048
 0.0133952  0.0187668 0.00341646  0.0133873
 0.0133873 0.00341646  0.0268097  0.0220967
  0.306048  0.0133873  0.0220967   0.475871
IMAGINARY
          0   0.0157926   0.0101283  0.00779139
 -0.0157926           0   0.0128804 -0.00486516
 -0.0101283  -0.0128804           0  -0.0263189
-0.00779139  0.00486516   0.0263189           0
Repeater1[0]<--->HoM1[0]
REAL
  0.474018   0.002664  0.0310775   0.294698
  0.002664   0.017744 -0.0144047  0.0121981
 0.0310775 -0.0144047   0.017744 0.00199645
  0.294698  0.0121981 0.00199645   0.490494
IMAGINARY
          0 -0.00647326   -0.005689   0.0180214
 0.00647326           0  -0.0103291  0.00126422
   0.005689   0.0103291           0  -0.0131222
 -0.0180214 -0.00126422   0.0131222           0
EndNode1[0]<--->Repeater1[0]
REAL
   0.468541 -0.00499492 -0.00519751    0.294704
-0.00499492   0.0254351  0.00529557  -0.0024948
-0.00519751  0.00529557    0.021419  0.00243082
   0.294704  -0.0024948  0.00243082    0.484605
IMAGINARY
          0 -0.00579449   -0.016875  -0.0123565
 0.00579449           0  -0.0149405   0.0144119
   0.016875   0.0149405           0  0.00702602
  0.0123565  -0.0144119 -0.00702602           0
EndNode2[0]<--->HoM1[0]
REAL
   0.48995 -0.0220065 0.00249442   0.281994
-0.0220065  0.0201005 0.00661344 -0.0151526
0.00249442 0.00661344  0.0113065 -0.0147024
  0.281994 -0.0151526 -0.0147024   0.478643
IMAGINARY
          0  -0.0258244 -0.00165737  0.00554774
  0.0258244           0 -0.00877355  0.00927159
 0.00165737  0.00877355           0  0.00425079
-0.00554774 -0.00927159 -0.00425079           0
Repeater1[0]<--->EndNode1[0]
REAL
   0.468541 -0.00519751 -0.00499492    0.294704
-0.00519751    0.021419  0.00529557  0.00243082
-0.00499492  0.00529557   0.0254351  -0.0024948
   0.294704  0.00243082  -0.0024948    0.484605
IMAGINARY
          0   -0.016875 -0.00579449  -0.0123565
   0.016875           0   0.0149405  0.00702602
 0.00579449  -0.0149405           0   0.0144119
  0.0123565 -0.00702602  -0.0144119           0
Repeater1[0]<--->HoM1[0]
REAL
   0.48995 0.00249442 -0.0220065   0.281994
0.00249442  0.0113065 0.00661344 -0.0147024
-0.0220065 0.00661344  0.0201005 -0.0151526
  0.281994 -0.0147024 -0.0151526   0.478643
IMAGINARY
          0 -0.00165737  -0.0258244  0.00554774
 0.00165737           0  0.00877355  0.00425079
  0.0258244 -0.00877355           0  0.00927159
-0.00554774 -0.00425079 -0.00927159           0
EndNode1[0]<--->Repeater1[0]
REAL
   0.499371  -0.0317248 -0.00237979    0.301333
 -0.0317248   0.0238994   0.0105094  -0.0147255
-0.00237979   0.0105094   0.0138365  0.00804055
   0.301333  -0.0147255  0.00804055    0.462893
IMAGINARY
          0   0.0162776 -0.00381385 -0.00716775
 -0.0162776           0  -0.0193629 -0.00630761
 0.00381385   0.0193629           0  0.00329057
 0.00716775  0.00630761 -0.00329057           0
EndNode2[0]<--->HoM1[0]
REAL
   0.503546  -0.0162053 0.000607005      0.2976
 -0.0162053   0.0156028 -0.00165614  0.00763127
0.000607005 -0.00165614   0.0212766   0.0155716
     0.2976  0.00763127   0.0155716    0.459574
IMAGINARY
          0   0.0149587  -0.0158649   0.0109819
 -0.0149587           0  -0.0148579  0.00533208
  0.0158649   0.0148579           0  0.00300905
 -0.0109819 -0.00533208 -0.00300905           0
Repeater1[0]<--->EndNode1[0]
REAL
   0.499371 -0.00237979  -0.0317248    0.301333
-0.00237979   0.0138365   0.0105094  0.00804055
 -0.0317248   0.0105094   0.0238994  -0.0147255
   0.301333  0.00804055  -0.0147255    0.462893
IMAGINARY
          0 -0.00381385   0.0162776 -0.00716775
 0.00381385           0   0.0193629  0.00329057
 -0.0162776  -0.0193629           0 -0.00630761
 0.00716775 -0.00329057  0.00630761           0
Repeater1[0]<--->HoM1[0]
REAL
   0.503546 0.000607005  -0.0162053      0.2976
0.000607005   0.0212766 -0.00165614   0.0155716
 -0.0162053 -0.00165614   0.0156028  0.00763127
     0.2976   0.0155716  0.00763127    0.459574
IMAGINARY
          0  -0.0158649   0.0149587   0.0109819
  0.0158649           0   0.0148579  0.00300905
 -0.0149587  -0.0148579           0  0.00533208
 -0.0109819 -0.00300905 -0.00533208           0
EndNode1[0]<--->Repeater1[0]
REAL
  0.483829  0.0028204 0.00225915   0.288926
 0.0028204  0.0155239 -0.0215736 0.00159689
0.00225915 -0.0215736  0.0168176 -0.0131032
  0.288926 0.00159689 -0.0131032   0.483829
IMAGINARY
          0  0.00535422   0.0040353 -0.00449163
-0.00535422           0  0.00253084  -0.0046755
 -0.0040353 -0.00253084           0 -0.00983565
 0.00449163   0.0046755  0.00983565           0
EndNode2[0]<--->HoM1[0]
REAL
   0.472258 -0.00159133  -0.0168504    0.299457
-0.00159133   0.0193548  0.00246414 -0.00775947
 -0.0168504  0.00246414   0.0167742 -0.00501131
   0.299457 -0.00775947 -0.00501131    0.491613
IMAGINARY
          0 -0.00213391 -0.00751634 -0.00937706
 0.00213391           0  -0.0132036  0.00751634
 0.00751634   0.0132036           0 -0.00538489
 0.00937706 -0.00751634  0.00538489           0
Repeater1[0]<--->EndNode1[0]
REAL
  0.483829 0.00225915  0.0028204   0.288926
0.00225915  0.0168176 -0.0215736 -0.0131032
 0.0028204 -0.0215736  0.0155239 0.00159689
  0.288926 -0.0131032 0.00159689   0.483829
IMAGINARY
          0   0.0040353  0.00535422 -0.00449163
 -0.0040353           0 -0.00253084 -0.00983565
-0.00535422  0.00253084           0  -0.0046755
 0.00449163  0.00983565   0.0046755           0
Repeater1[0]<--->HoM1[0]
REAL
   0.472258  -0.0168504 -0.00159133    0.299457
 -0.0168504   0.0167742  0.00246414 -0.00501131
-0.00159133  0.00246414   0.0193548 -0.00775947
   0.299457 -0.00501131 -0.00775947    0.491613
IMAGINARY
          0 -0.00751634 -0.00213391 -0.00937706
 0.00751634           0   0.0132036 -0.00538489
 0.00213391  -0.0132036           0  0.00751634
 0.00937706  0.00538489 -0.00751634           0
EndNode1[0]<--->Repeater1[0]
REAL
   0.490421   0.0179672     0.01143    0.290128
  0.0179672   0.0268199  -0.0164506 -0.00343489
    0.01143  -0.0164506   0.0217114  0.00970803
   0.290128 -0.00343489  0.00970803    0.461047
IMAGINARY
           0  -0.00972035 -0.000526996    0.0137626
  0.00972035            0  -0.00150456    0.0136849
 0.000526996   0.00150456            0  0.000509826
  -0.0137626   -0.0136849 -0.000509826            0
EndNode2[0]<--->HoM1[0]
REAL
   0.477212  -0.0148297 -0.00271807    0.303555
 -0.0148297   0.0187668  0.00277877  -0.0271236
-0.00271807  0.00277877   0.0321716   -0.018666
   0.303555  -0.0271236   -0.018666     0.47185
IMAGINARY
          0  -0.0247288  0.00173734  -0.0018533
  0.0247288           0  0.00462338 -0.00367783
-0.00173734 -0.00462338           0   0.0137327
  0.0018533  0.00367783  -0.0137327           0
Repeater1[0]<--->EndNode1[0]
REAL
   0.490421     0.01143   0.0179672    0.290128
    0.01143   0.0217114  -0.0164506  0.00970803
  0.0179672  -0.0164506   0.0268199 -0.00343489
   0.290128  0.00970803 -0.00343489    0.461047
IMAGINARY
           0 -0.000526996  -0.00972035    0.0137626
 0.000526996            0   0.00150456  0.000509826
  0.00972035  -0.00150456            0    0.0136849
  -0.0137626 -0.000509826   -0.0136849            0
Repeater1[0]<--->HoM1[0]
REAL
   0.477212 -0.00271807  -0.0148297    0.303555
-0.00271807   0.0321716  0.00277877   -0.018666
 -0.0148297  0.00277877   0.0187668  -0.0271236
   0.303555   -0.018666  -0.0271236     0.47185
IMAGINARY
          0  0.00173734  -0.0247288  -0.0018533
-0.00173734           0 -0.00462338   0.0137327
  0.0247288  0.00462338           0 -0.00367783
  0.0018533  -0.0137327  0.00367783           0
EndNode1[0]<--->Repeater1[0]
REAL
    0.482947  0.000289421 -0.000243459     0.285358
 0.000289421    0.0218281  -0.00918018   0.00417016
-0.000243459  -0.00918018    0.0218281    0.0232708
    0.285358   0.00417016    0.0232708     0.473397
IMAGINARY
          0  0.00771425 -0.00448434   0.0168049
-0.00771425           0  -0.0205086 -0.00916975
 0.00448434   0.0205086           0  -0.0148664
 -0.0168049  0.00916975   0.0148664           0
EndNode2[0]<--->HoM1[0]
REAL
   0.503958  0.00242969 -0.00535026    0.299296
 0.00242969   0.0224274  0.00525504 -0.00870596
-0.00535026  0.00525504   0.0184697 -0.00845379
   0.299296 -0.00870596 -0.00845379    0.455145
IMAGINARY
           0 -0.000181035    -0.014279   0.00365562
 0.000181035            0   0.00502924    0.0259371
    0.014279  -0.00502924            0  -0.00500031
 -0.00365562   -0.0259371   0.00500031            0
Repeater1[0]<--->EndNode1[0]
REAL
    0.482947 -0.000243459  0.000289421     0.285358
-0.000243459    0.0218281  -0.00918018    0.0232708
 0.000289421  -0.00918018    0.0218281   0.00417016
    0.285358    0.0232708   0.00417016     0.473397
IMAGINARY
          0 -0.00448434  0.00771425   0.0168049
 0.00448434           0   0.0205086  -0.0148664
-0.00771425  -0.0205086           0 -0.00916975
 -0.0168049   0.0148664  0.00916975           0
Repeater1[0]<--->HoM1[0]
REAL
   0.503958 -0.00535026  0.00242969    0.299296
-0.00535026   0.0184697  0.00525504 -0.00845379
 0.00242969  0.00525504   0.0224274 -0.00870596
   0.299296 -0.00845379 -0.00870596    0.455145
IMAGINARY
           0    -0.014279 -0.000181035   0.00365562
    0.014279            0  -0.00502924  -0.00500031
 0.000181035   0.00502924            0    0.0259371
 -0.00365562   0.00500031   -0.0259371            0
EndNode1[0]<--->Repeater1[0]
REAL
   0.504032 -0.00848182   0.0144888    0.302717
-0.00848182    0.016129 -0.00826597   0.0353221
  0.0144888 -0.00826597   0.0228495  0.00659027
   0.302717   0.0353221  0.00659027    0.456989
IMAGINARY
           0    0.0159374   0.00412893   0.00359397
  -0.0159374            0   -0.0263788  0.000341054
 -0.00412893    0.0263788            0  -0.00508171
 -0.00359397 -0.000341054   0.00508171            0
EndNode2[0]<--->HoM1[0]
REAL
   0.449612  0.00650728   0.0195029    0.297905
 0.00650728   0.0219638 -0.00283334   0.0161651
  0.0195029 -0.00283334   0.0258398  0.00840842
   0.297905   0.0161651  0.00840842    0.502584
IMAGINARY
          0  0.00799734 -0.00551797 -0.00282792
-0.00799734           0   0.0225731  -0.0147772
 0.00551797  -0.0225731           0  0.00983783
 0.00282792   0.0147772 -0.00983783           0
Repeater1[0]<--->EndNode1[0]
REAL
   0.504032   0.0144888 -0.00848182    0.302717
  0.0144888   0.0228495 -0.00826597  0.00659027
-0.00848182 -0.00826597    0.016129   0.0353221
   0.302717  0.00659027   0.0353221    0.456989
IMAGINARY
           0   0.00412893    0.0159374   0.00359397
 -0.00412893            0    0.0263788  -0.00508171
  -0.0159374   -0.0263788            0  0.000341054
 -0.00359397   0.00508171 -0.000341054            0
Repeater1[0]<--->HoM1[0]
REAL
   0.449612   0.0195029  0.00650728    0.297905
  0.0195029   0.0258398 -0.00283334  0.00840842
 0.00650728 -0.00283334   0.0219638   0.0161651
   0.297905  0.00840842   0.0161651    0.502584
IMAGINARY
          0 -0.00551797  0.00799734 -0.00282792
 0.00551797           0  -0.0225731  0.00983783
-0.00799734   0.0225731           0  -0.0147772
 0.00282792 -0.00983783   0.0147772           0
EndNode1[0]<--->Repeater1[0]
REAL
   0.468468 0.000273315  0.00514651    0.312364
0.000273315    0.016731 -0.00639389 -0.00141517
 0.00514651 -0.00639389    0.024453  0.00345803
   0.312364 -0.00141517  0.00345803    0.490347
IMAGINARY
          0  0.00580943  0.00444349   0.0128235
-0.00580943           0  0.00482353  -0.0316932
-0.00444349 -0.00482353           0   0.0151031
 -0.0128235   0.0316932  -0.0151031           0
EndNode2[0]<--->HoM1[0]
REAL
   0.469717  0.00382311   0.0108963    0.299479
 0.00382311   0.0269179 -0.00101959  -0.0256588
  0.0108963 -0.00101959   0.0121131  0.00580462
   0.299479  -0.0256588  0.00580462    0.491252
IMAGINARY
           0    0.0181315   0.00849184    0.0059418
  -0.0181315            0  0.000941802   0.00522387
 -0.00849184 -0.000941802            0    -0.001922
  -0.0059418  -0.00522387     0.001922            0
Repeater1[0]<--->EndNode1[0]
REAL
   0.468468  0.00514651 0.000273315    0.312364
 0.00514651    0.024453 -0.00639389  0.00345803
0.000273315 -0.00639389    0.016731 -0.00141517
   0.312364  0.00345803 -0.00141517    0.490347
IMAGINARY
          0  0.00444349  0.00580943   0.0128235
-0.00444349           0 -0.00482353   0.0151031
-0.00580943  0.00482353           0  -0.0316932
 -0.0128235  -0.0151031   0.0316932           0
Repeater1[0]<--->HoM1[0]
REAL
   0.469717   0.0108963  0.00382311    0.299479
  0.0108963   0.0121131 -0.00101959  0.00580462
 0.00382311 -0.00101959   0.0269179  -0.0256588
   0.299479  0.00580462  -0.0256588    0.491252
IMAGINARY
           0   0.00849184    0.0181315    0.0059418
 -0.00849184            0 -0.000941802    -0.001922
  -0.0181315  0.000941802            0   0.00522387
  -0.0059418     0.001922  -0.00522387            0
EndNode1[0]<--->Repeater1[0]
REAL
   0.446499  -0.0113148   -0.033805    0.299698
 -0.0113148   0.0224571  0.00684118 -0.00706698
  -0.033805  0.00684118   0.0277411  -0.0186579
   0.299698 -0.00706698  -0.0186579    0.503303
IMAGINARY
          0  0.00134358 -0.00103319 -0.00832098
-0.00134358           0 -0.00768887  -0.0049192
 0.00103319  0.00768887           0  0.00698975
 0.00832098   0.0049192 -0.00698975           0
EndNode2[0]<--->HoM1[0]
REAL
   0.503268 -0.00406336     0.01769     0.30107
-0.00406336   0.0261438  0.00106952    0.009048
    0.01769  0.00106952   0.0196078  0.00673715
    0.30107    0.009048  0.00673715     0.45098
IMAGINARY
           0    0.0301326   -0.0198673    0.0127799
  -0.0301326            0 -0.000553411   -0.0117117
   0.0198673  0.000553411            0   0.00407797
  -0.0127799    0.0117117  -0.00407797            0
Repeater1[0]<--->EndNode1[0]
REAL
   0.446499   -0.033805  -0.0113148    0.299698
  -0.033805   0.0277411  0.00684118  -0.0186579
 -0.0113148  0.00684118   0.0224571 -0.00706698
   0.299698  -0.0186579 -0.00706698    0.503303
IMAGINARY
          0 -0.00103319  0.00134358 -0.00832098
 0.00103319           0  0.00768887  0.00698975
-0.00134358 -0.00768887           0  -0.0049192
 0.00832098 -0.00698975   0.0049192           0
Repeater1[0]<--->HoM1[0]
REAL
   0.503268     0.01769 -0.00406336     0.30107
    0.01769   0.0196078  0.00106952  0.00673715
-0.00406336  0.00106952   0.0261438    0.009048
    0.30107  0.00673715    0.009048     0.45098
IMAGINARY
           0   -0.0198673    0.0301326    0.0127799
   0.0198673            0  0.000553411   0.00407797
  -0.0301326 -0.000553411            0   -0.0117117
  -0.0127799  -0.00407797    0.0117117            0
EndNode1[0]<--->Repeater1[0]
REAL
    0.480485   -0.0131759    0.0230859     0.297569
  -0.0131759    0.0215343  -0.00345138 -6.80198e-05
   0.0230859  -0.00345138    0.0148048    0.0195697
    0.297569 -6.80198e-05    0.0195697     0.483176
IMAGINARY
          0 -0.00190228 -0.00544719   0.0385102
 0.00190228           0   0.0215955  -0.0136855
 0.00544719  -0.0215955           0   0.0159329
 -0.0385102   0.0136855  -0.0159329           0
EndNode2[0]<--->HoM1[0]
REAL
   0.497333 -0.00597735  0.00251017    0.292631
-0.00597735        0.02   0.0119517  0.00692379
 0.00251017   0.0119517   0.0186667   0.0302361
   0.292631  0.00692379   0.0302361       0.464
IMAGINARY
          0 -0.00312883   0.0208586  0.00139463
 0.00312883           0  0.00592244  -0.0078038
 -0.0208586 -0.00592244           0  0.00835076
-0.00139463   0.0078038 -0.00835076           0
Repeater1[0]<--->EndNode1[0]
REAL
    0.480485    0.0230859   -0.0131759     0.297569
   0.0230859    0.0148048  -0.00345138    0.0195697
  -0.0131759  -0.00345138    0.0215343 -6.80198e-05
    0.297569    0.0195697 -6.80198e-05     0.483176
IMAGINARY
          0 -0.00544719 -0.00190228   0.0385102
 0.00544719           0  -0.0215955   0.0159329
 0.00190228   0.0215955           0  -0.0136855
 -0.0385102  -0.0159329   0.0136855           0
Repeater1[0]<--->HoM1[0]
REAL
   0.497333  0.00251017 -0.00597735    0.292631
 0.00251017   0.0186667   0.0119517   0.0302361
-0.00597735   0.0119517        0.02  0.00692379
   0.292631   0.0302361  0.00692379       0.464
IMAGINARY
          0   0.0208586 -0.00312883  0.00139463
 -0.0208586           0 -0.00592244  0.00835076
 0.00312883  0.00592244           0  -0.0078038
-0.00139463 -0.00835076   0.0078038           0
EndNode1[0]<--->Repeater1[0]
REAL
   0.503374 -0.00646499  -0.0433747     0.30573
-0.00646499   0.0202429 -0.00999115 -0.00424431
 -0.0433747 -0.00999115   0.0337382   -0.012332
    0.30573 -0.00424431   -0.012332    0.442645
IMAGINARY
          0 -0.00162122   -0.011798   0.0109398
 0.00162122           0   0.0203501   0.0027774
   0.011798  -0.0203501           0   0.0145078
 -0.0109398  -0.0027774  -0.0145078           0
EndNode2[0]<--->HoM1[0]
REAL
  0.468456  0.0110188 -0.0253568   0.293019
 0.0110188  0.0228188 -0.0104107  0.0185245
-0.0253568 -0.0104107  0.0201342 0.00326689
  0.293019  0.0185245 0.00326689   0.488591
IMAGINARY
          0  0.00397474  0.00462445   0.0130318
-0.00397474           0  0.00491693  0.00329112
-0.00462445 -0.00491693           0  0.00526009
 -0.0130318 -0.00329112 -0.00526009           0
Repeater1[0]<--->EndNode1[0]
REAL
   0.503374  -0.0433747 -0.00646499     0.30573
 -0.0433747   0.0337382 -0.00999115   -0.012332
-0.00646499 -0.00999115   0.0202429 -0.00424431
    0.30573   -0.012332 -0.00424431    0.442645
IMAGINARY
          0   -0.011798 -0.00162122   0.0109398
   0.011798           0  -0.0203501   0.0145078
 0.00162122   0.0203501           0   0.0027774
 -0.0109398  -0.0145078  -0.0027774           0
Repeater1[0]<--->HoM1[0]
REAL
  0.468456 -0.0253568  0.0110188   0.293019
-0.0253568  0.0201342 -0.0104107 0.00326689
 0.0110188 -0.0104107  0.0228188  0.0185245
  0.293019 0.00326689  0.0185245   0.488591
IMAGINARY
          0  0.00462445  0.00397474   0.0130318
-0.00462445           0 -0.00491693  0.00526009
-0.00397474  0.00491693           0  0.00329112
 -0.0130318 -0.00526009 -0.00329112           0
EndNode1[0]<--->Repeater1[0]
REAL
   0.449219  -0.0105831  -0.0128612    0.278076
 -0.0105831   0.0195313 -0.00127893   0.0122306
 -0.0128612 -0.00127893   0.0169271  0.00616948
   0.278076   0.0122306  0.00616948    0.514323
IMAGINARY
          0    0.016133  -0.0155007   0.0261673
  -0.016133           0  0.00698921  -0.0122412
  0.0155007 -0.00698921           0  0.00515736
 -0.0261673   0.0122412 -0.00515736           0
EndNode2[0]<--->HoM1[0]
REAL
    0.46952  0.00796512  0.00153752    0.309609
 0.00796512   0.0194553  -0.0187114  0.00153752
 0.00153752  -0.0187114   0.0194553 -0.00489009
   0.309609  0.00153752 -0.00489009    0.491569
IMAGINARY
         0  0.0116092  0.0232447  0.0120796
-0.0116092          0 -0.0101136 -0.0119665
-0.0232447  0.0101136          0 -0.0166217
-0.0120796  0.0119665  0.0166217          0
Repeater1[0]<--->EndNode1[0]
REAL
   0.449219  -0.0128612  -0.0105831    0.278076
 -0.0128612   0.0169271 -0.00127893  0.00616948
 -0.0105831 -0.00127893   0.0195313   0.0122306
   0.278076  0.00616948   0.0122306    0.514323
IMAGINARY
          0  -0.0155007    0.016133   0.0261673
  0.0155007           0 -0.00698921  0.00515736
  -0.016133  0.00698921           0  -0.0122412
 -0.0261673 -0.00515736   0.0122412           0
Repeater1[0]<--->HoM1[0]
REAL
    0.46952  0.00153752  0.00796512    0.309609
 0.00153752   0.0194553  -0.0187114 -0.00489009
 0.00796512  -0.0187114   0.0194553  0.00153752
   0.309609 -0.00489009  0.00153752    0.491569
IMAGINARY
         0  0.0232447  0.0116092  0.0120796
-0.0232447          0  0.0101136 -0.0166217
-0.0116092 -0.0101136          0 -0.0119665
-0.0120796  0.0166217  0.0119665          0
EndNode1[0]<--->Repeater1[0]
REAL
     0.4663  -0.0120359 -0.00528949    0.299756
 -0.0120359   0.0275103  -0.0185446  0.00343535
-0.00528949  -0.0185446   0.0178817     0.01389
   0.299756  0.00343535     0.01389    0.488308
IMAGINARY
           0   0.00763924  -0.00337182   -0.0102013
 -0.00763924            0    0.0161145  -0.00904648
  0.00337182   -0.0161145            0  0.000857491
   0.0102013   0.00904648 -0.000857491            0
EndNode2[0]<--->HoM1[0]
REAL
    0.46397 -0.00590209 -0.00438639    0.298077
-0.00590209   0.0189633  0.00218446   0.0200522
-0.00438639  0.00218446   0.0290771   0.0045966
   0.298077   0.0200522   0.0045966     0.48799
IMAGINARY
           0    0.0145178   -0.0201083   -0.0122505
  -0.0145178            0 -0.000858105  -0.00107273
   0.0201083  0.000858105            0   0.00537946
   0.0122505   0.00107273  -0.00537946            0
Repeater1[0]<--->EndNode1[0]
REAL
     0.4663 -0.00528949  -0.0120359    0.299756
-0.00528949   0.0178817  -0.0185446     0.01389
 -0.0120359  -0.0185446   0.0275103  0.00343535
   0.299756     0.01389  0.00343535    0.488308
IMAGINARY
           0  -0.00337182   0.00763924   -0.0102013
  0.00337182            0   -0.0161145  0.000857491
 -0.00763924    0.0161145            0  -0.00904648
   0.0102013 -0.000857491   0.00904648            0
Repeater1[0]<--->HoM1[0]
REAL
    0.46397 -0.00438639 -0.00590209    0.298077
-0.00438639   0.0290771  0.00218446   0.0045966
-0.00590209  0.00218446   0.0189633   0.0200522
   0.298077   0.0045966   0.0200522     0.48799
IMAGINARY
           0   -0.0201083    0.0145178   -0.0122505
   0.0201083            0  0.000858105   0.00537946
  -0.0145178 -0.000858105            0  -0.00107273
   0.0122505  -0.00537946   0.00107273            0
EndNode1[0]<--->Repeater1[0]
REAL
    0.47331 0.000350148  -0.0147742     0.31232
0.000350148   0.0225386  -0.0107002   0.0114003
 -0.0147742  -0.0107002   0.0154211  -0.0185688
    0.31232   0.0114003  -0.0185688    0.488731
IMAGINARY
          0  0.00705134  0.00225185 -0.00968318
-0.00705134           0  0.00081551 -0.00843997
-0.00225185 -0.00081551           0  0.00284965
 0.00968318  0.00843997 -0.00284965           0
EndNode2[0]<--->HoM1[0]
REAL
   0.480964 -0.00280504 -0.00955572    0.299578
-0.00280504   0.0177665 -0.00885115  0.00704945
-0.00955572 -0.00885115   0.0228426  -0.0109794
   0.299578  0.00704945  -0.0109794    0.478426
IMAGINARY
           0   -0.0120403 -2.05127e-05 -0.000631234
   0.0120403            0   0.00561877  -0.00700375
 2.05127e-05  -0.00561877            0   0.00884744
 0.000631234   0.00700375  -0.00884744            0
Repeater1[0]<--->EndNode1[0]
REAL
    0.47331  -0.0147742 0.000350148     0.31232
 -0.0147742   0.0154211  -0.0107002  -0.0185688
0.000350148  -0.0107002   0.0225386   0.0114003
    0.31232  -0.0185688   0.0114003    0.488731
IMAGINARY
          0  0.00225185  0.00705134 -0.00968318
-0.00225185           0 -0.00081551  0.00284965
-0.00705134  0.00081551           0 -0.00843997
 0.00968318 -0.00284965  0.00843997           0
Repeater1[0]<--->HoM1[0]
REAL
   0.480964 -0.00955572 -0.00280504    0.299578
-0.00955572   0.0228426 -0.00885115  -0.0109794
-0.00280504 -0.00885115   0.0177665  0.00704945
   0.299578  -0.0109794  0.00704945    0.478426
IMAGINARY
           0 -2.05127e-05   -0.0120403 -0.000631234
 2.05127e-05            0  -0.00561877   0.00884744
   0.0120403   0.00561877            0  -0.00700375
 0.000631234  -0.00884744   0.00700375            0
EndNode1[0]<--->Repeater1[0]
REAL
   0.503741  0.00487199 -0.00192429    0.303783
 0.00487199   0.0149626  -0.0133954  0.00259184
-0.00192429  -0.0133954   0.0286783   0.0211627
   0.303783  0.00259184   0.0211627    0.452618
IMAGINARY
          0  0.00388233  0.00108567   0.0235975
-0.00388233           0  0.00852541   0.0105708
-0.00108567 -0.00852541           0 -0.00204184
 -0.0235975  -0.0105708  0.00204184           0
EndNode2[0]<--->HoM1[0]
REAL
   0.489851  -0.0074357 -0.00596405    0.281684
 -0.0074357   0.0230041 -0.00652018  0.00792484
-0.00596405 -0.00652018   0.0243572   0.0172396
   0.281684  0.00792484   0.0172396    0.462788
IMAGINARY
           0  -0.00562921   0.00994068   0.00120539
  0.00562921            0  -0.00385791  0.000783176
 -0.00994068   0.00385791            0   0.00831018
 -0.00120539 -0.000783176  -0.00831018            0
Repeater1[0]<--->EndNode1[0]
REAL
   0.503741 -0.00192429  0.00487199    0.303783
-0.00192429   0.0286783  -0.0133954   0.0211627
 0.00487199  -0.0133954   0.0149626  0.00259184
   0.303783   0.0211627  0.00259184    0.452618
IMAGINARY
          0  0.00108567  0.00388233   0.0235975
-0.00108567           0 -0.00852541 -0.00204184
-0.00388233  0.00852541           0   0.0105708
 -0.0235975  0.00204184  -0.0105708           0
Repeater1[0]<--->HoM1[0]
REAL
   0.489851 -0.00596405  -0.0074357    0.281684
-0.00596405   0.0243572 -0.00652018   0.0172396
 -0.0074357 -0.00652018   0.0230041  0.00792484
   0.281684   0.0172396  0.00792484    0.462788
IMAGINARY
           0   0.00994068  -0.00562921   0.00120539
 -0.00994068            0   0.00385791   0.00831018
  0.00562921  -0.00385791            0  0.000783176
 -0.00120539  -0.00831018 -0.000783176            0
EndNode1[0]<--->Repeater1[0]
REAL
   0.467433 -0.00168702  -0.0176623    0.287117
-0.00168702   0.0229885 -0.00175752  0.00773679
 -0.0176623 -0.00175752   0.0229885 -0.00947923
   0.287117  0.00773679 -0.00947923     0.48659
IMAGINARY
          0 -0.00096337   0.0126422  -0.0188139
 0.00096337           0   0.0227509  -0.0259166
 -0.0126422  -0.0227509           0   0.0230873
  0.0188139   0.0259166  -0.0230873           0
EndNode2[0]<--->HoM1[0]
REAL
   0.493473  -0.0234306  -0.0025703    0.315504
 -0.0234306   0.0221932 -0.00691459   0.0154537
 -0.0025703 -0.00691459   0.0234987   0.0191361
   0.315504   0.0154537   0.0191361    0.460836
IMAGINARY
          0   0.0232939  0.00296498   0.0276227
 -0.0232939           0   0.0181888 -0.00800276
-0.00296498  -0.0181888           0   0.0107111
 -0.0276227  0.00800276  -0.0107111           0
Repeater1[0]<--->EndNode1[0]
REAL
   0.467433  -0.0176623 -0.00168702    0.287117
 -0.0176623   0.0229885 -0.00175752 -0.00947923
-0.00168702 -0.00175752   0.0229885  0.00773679
   0.287117 -0.00947923  0.00773679     0.48659
IMAGINARY
          0   0.0126422 -0.00096337  -0.0188139
 -0.0126422           0  -0.0227509   0.0230873
 0.00096337   0.0227509           0  -0.0259166
  0.0188139  -0.0230873   0.0259166           0
Repeater1[0]<--->HoM1[0]
REAL
   0.493473  -0.0025703  -0.0234306    0.315504
 -0.0025703   0.0234987 -0.00691459   0.0191361
 -0.0234306 -0.00691459   0.0221932   0.0154537
   0.315504   0.0191361   0.0154537    0.460836
IMAGINARY
          0  0.00296498   0.0232939   0.0276227
-0.00296498           0  -0.0181888   0.0107111
 -0.0232939   0.0181888           0 -0.00800276
 -0.0276227  -0.0107111  0.00800276           0
EndNode1[0]<--->Repeater1[0]
REAL
    0.441799    0.0124848    0.0151997     0.311688
   0.0124848    0.0198413 -0.000481733    0.0109879
   0.0151997 -0.000481733    0.0291005    0.0124848
    0.311688    0.0109879    0.0124848     0.509259
IMAGINARY
          0  -0.0223304  0.00687927 -0.00262688
  0.0223304           0 -0.00602824    0.012962
-0.00687927  0.00602824           0 -0.00544733
 0.00262688   -0.012962  0.00544733           0
EndNode2[0]<--->HoM1[0]
REAL
   0.480204  -0.0163583  0.00501915    0.298778
 -0.0163583   0.0204342 -0.00486342  -0.0167757
 0.00501915 -0.00486342   0.0293742 -0.00508013
   0.298778  -0.0167757 -0.00508013    0.469987
IMAGINARY
           0  0.000470445  0.000266649    0.0083066
-0.000470445            0  -0.00358326   -0.0191223
-0.000266649   0.00358326            0   -0.0167253
  -0.0083066    0.0191223    0.0167253            0
Repeater1[0]<--->EndNode1[0]
REAL
    0.441799    0.0151997    0.0124848     0.311688
   0.0151997    0.0291005 -0.000481733    0.0124848
   0.0124848 -0.000481733    0.0198413    0.0109879
    0.311688    0.0124848    0.0109879     0.509259
IMAGINARY
          0  0.00687927  -0.0223304 -0.00262688
-0.00687927           0  0.00602824 -0.00544733
  0.0223304 -0.00602824           0    0.012962
 0.00262688  0.00544733   -0.012962           0
Repeater1[0]<--->HoM1[0]
REAL
   0.480204  0.00501915  -0.0163583    0.298778
 0.00501915   0.0293742 -0.00486342 -0.00508013
 -0.0163583 -0.00486342   0.0204342  -0.0167757
   0.298778 -0.00508013  -0.0167757    0.469987
IMAGINARY
           0  0.000266649  0.000470445    0.0083066
-0.000266649            0   0.00358326   -0.0167253
-0.000470445  -0.00358326            0   -0.0191223
  -0.0083066    0.0167253    0.0191223            0
EndNode1[0]<--->Repeater1[0]
REAL
   0.459391 -0.00718747  -0.0311742    0.304063
-0.00718747   0.0190355 -0.00698036   0.0152591
 -0.0311742 -0.00698036   0.0279188  -0.0233165
   0.304063   0.0152591  -0.0233165    0.493655
IMAGINARY
          0   0.0229106  -0.0135316   0.0164278
 -0.0229106           0 -0.00756703  -0.0103948
  0.0135316  0.00756703           0   0.0157398
 -0.0164278   0.0103948  -0.0157398           0
