EndNode1[0]<--->Repeater1[0]
REAL
  0.319205 -0.0076041 -0.0163264   0.106203
-0.0076041   0.188079  0.0563279 0.00640086
-0.0163264  0.0563279   0.157616 -0.0271354
  0.106203 0.00640086 -0.0271354   0.335099
IMAGINARY
          0  0.00408743  -0.0153941 -0.00454059
-0.00408743           0 -0.00253792   0.0278629
  0.0153941  0.00253792           0    0.012122
 0.00454059  -0.0278629   -0.012122           0
EndNode2[0]<--->HoM1[0]
REAL
   0.277344   0.0156213 -0.00601244   0.0934469
  0.0156213    0.167969   0.0464495   0.0215565
-0.00601244   0.0464495     0.21875  -0.0467094
  0.0934469   0.0215565  -0.0467094    0.335938
IMAGINARY
           0  -0.00425313    0.0173657  -0.00311779
  0.00425313            0  4.27628e-05   -0.0173657
  -0.0173657 -4.27628e-05            0  -0.00488525
  0.00311779    0.0173657   0.00488525            0
Repeater1[0]<--->EndNode1[0]
REAL
  0.319205 -0.0163264 -0.0076041   0.106203
-0.0163264   0.157616  0.0563279 -0.0271354
-0.0076041  0.0563279   0.188079 0.00640086
  0.106203 -0.0271354 0.00640086   0.335099
IMAGINARY
          0  -0.0153941  0.00408743 -0.00454059
  0.0153941           0  0.00253792    0.012122
-0.00408743 -0.00253792           0   0.0278629
 0.00454059   -0.012122  -0.0278629           0
Repeater1[0]<--->HoM1[0]
REAL
   0.277344 -0.00601244   0.0156213   0.0934469
-0.00601244     0.21875   0.0464495  -0.0467094
  0.0156213   0.0464495    0.167969   0.0215565
  0.0934469  -0.0467094   0.0215565    0.335938
IMAGINARY
           0    0.0173657  -0.00425313  -0.00311779
  -0.0173657            0 -4.27628e-05  -0.00488525
  0.00425313  4.27628e-05            0   -0.0173657
  0.00311779   0.00488525    0.0173657            0
EndNode1[0]<--->Repeater1[0]
REAL
  0.302083 -0.0119162 -0.0181439   0.125394
-0.0119162   0.217448  0.0421664 0.00205811
-0.0181439  0.0421664   0.169271 0.00387329
  0.125394 0.00205811 0.00387329   0.311198
IMAGINARY
          0   0.0136789   0.0111348  -0.0227742
 -0.0136789           0  0.00922581 -0.00795823
 -0.0111348 -0.00922581           0  0.00347483
  0.0227742  0.00795823 -0.00347483           0
EndNode2[0]<--->HoM1[0]
REAL
    0.303413    -0.011039   -0.0022927     0.114952
   -0.011039     0.190898    0.0144367    0.0029429
  -0.0022927    0.0144367     0.182048 -1.43363e-05
    0.114952    0.0029429 -1.43363e-05     0.323641
IMAGINARY
          0  -0.0134321  0.00645472 -0.00112999
  0.0134321           0   0.0074114  0.00772054
-0.00645472  -0.0074114           0   0.0121434
 0.00112999 -0.00772054  -0.0121434           0
Repeater1[0]<--->EndNode1[0]
REAL
  0.302083 -0.0181439 -0.0119162   0.125394
-0.0181439   0.169271  0.0421664 0.00387329
-0.0119162  0.0421664   0.217448 0.00205811
  0.125394 0.00387329 0.00205811   0.311198
IMAGINARY
          0   0.0111348   0.0136789  -0.0227742
 -0.0111348           0 -0.00922581  0.00347483
 -0.0136789  0.00922581           0 -0.00795823
  0.0227742 -0.00347483  0.00795823           0
Repeater1[0]<--->HoM1[0]
REAL
    0.303413   -0.0022927    -0.011039     0.114952
  -0.0022927     0.182048    0.0144367 -1.43363e-05
   -0.011039    0.0144367     0.190898    0.0029429
    0.114952 -1.43363e-05    0.0029429     0.323641
IMAGINARY
          0  0.00645472  -0.0134321 -0.00112999
-0.00645472           0  -0.0074114   0.0121434
  0.0134321   0.0074114           0  0.00772054
 0.00112999  -0.0121434 -0.00772054           0
EndNode1[0]<--->Repeater1[0]
REAL
   0.334197  0.00124745   0.0230712    0.102126
 0.00124745    0.190415   0.0243483 -0.00275663
  0.0230712   0.0243483    0.176166  0.00727155
   0.102126 -0.00275663  0.00727155    0.299223
IMAGINARY
          0   0.0192507   0.0164824  0.00631091
 -0.0192507           0   -0.016766  -0.0223647
 -0.0164824    0.016766           0  0.00623952
-0.00631091   0.0223647 -0.00623952           0
EndNode2[0]<--->HoM1[0]
REAL
  0.323377 -0.0100519  -0.010542  0.0871147
-0.0100519   0.175325   0.027879 0.00863606
 -0.010542   0.027879    0.17013 0.00687523
 0.0871147 0.00863606 0.00687523   0.331169
IMAGINARY
          0  -0.0102674  0.00956797  0.00801107
  0.0102674           0  0.00105785 -0.00128771
-0.00956797 -0.00105785           0 -0.00565612
-0.00801107  0.00128771  0.00565612           0
Repeater1[0]<--->EndNode1[0]
REAL
   0.334197   0.0230712  0.00124745    0.102126
  0.0230712    0.176166   0.0243483  0.00727155
 0.00124745   0.0243483    0.190415 -0.00275663
   0.102126  0.00727155 -0.00275663    0.299223
IMAGINARY
          0   0.0164824   0.0192507  0.00631091
 -0.0164824           0    0.016766  0.00623952
 -0.0192507   -0.016766           0  -0.0223647
-0.00631091 -0.00623952   0.0223647           0
Repeater1[0]<--->HoM1[0]
REAL
  0.323377  -0.010542 -0.0100519  0.0871147
 -0.010542    0.17013   0.027879 0.00687523
-0.0100519   0.027879   0.175325 0.00863606
 0.0871147 0.00687523 0.00863606   0.331169
IMAGINARY
          0  0.00956797  -0.0102674  0.00801107
-0.00956797           0 -0.00105785 -0.00565612
  0.0102674  0.00105785           0 -0.00128771
-0.00801107  0.00565612  0.00128771           0
EndNode1[0]<--->Repeater1[0]
REAL
    0.306329   -0.0262885   0.00167272     0.114013
  -0.0262885     0.183544    0.0211035 -0.000986852
  0.00167272    0.0211035     0.170886   0.00228297
    0.114013 -0.000986852   0.00228297     0.339241
IMAGINARY
           0    0.0144411   0.00966269  0.000369765
  -0.0144411            0  -0.00227574  -0.00232772
 -0.00966269   0.00227574            0   -0.0156636
-0.000369765   0.00232772    0.0156636            0
EndNode2[0]<--->HoM1[0]
REAL
   0.325758  0.00156938 -0.00902713   0.0928636
 0.00156938    0.194444   0.0406443  -0.0354755
-0.00902713   0.0406443    0.176768   0.0115196
  0.0928636  -0.0354755   0.0115196     0.30303
IMAGINARY
          0 -0.00125206  0.00430918 -0.00845403
 0.00125206           0  0.00661805 -0.00822563
-0.00430918 -0.00661805           0  0.00386303
 0.00845403  0.00822563 -0.00386303           0
Repeater1[0]<--->EndNode1[0]
REAL
    0.306329   0.00167272   -0.0262885     0.114013
  0.00167272     0.170886    0.0211035   0.00228297
  -0.0262885    0.0211035     0.183544 -0.000986852
    0.114013   0.00228297 -0.000986852     0.339241
IMAGINARY
           0   0.00966269    0.0144411  0.000369765
 -0.00966269            0   0.00227574   -0.0156636
  -0.0144411  -0.00227574            0  -0.00232772
-0.000369765    0.0156636   0.00232772            0
Repeater1[0]<--->HoM1[0]
REAL
   0.325758 -0.00902713  0.00156938   0.0928636
-0.00902713    0.176768   0.0406443   0.0115196
 0.00156938   0.0406443    0.194444  -0.0354755
  0.0928636   0.0115196  -0.0354755     0.30303
IMAGINARY
          0  0.00430918 -0.00125206 -0.00845403
-0.00430918           0 -0.00661805  0.00386303
 0.00125206  0.00661805           0 -0.00822563
 0.00845403 -0.00386303  0.00822563           0
EndNode1[0]<--->Repeater1[0]
REAL
   0.336761 -0.00148921  0.00209388   0.0990463
-0.00148921    0.170951  0.00917288  -0.0103131
 0.00209388  0.00917288    0.183805  -0.0204286
  0.0990463  -0.0103131  -0.0204286    0.308483
IMAGINARY
           0    0.0175382   0.00821203   0.00726724
  -0.0175382            0  0.000807293   0.00571203
 -0.00821203 -0.000807293            0   -0.0010825
 -0.00726724  -0.00571203    0.0010825            0
EndNode2[0]<--->HoM1[0]
REAL
   0.333775   0.0185171 -0.00133118    0.105153
  0.0185171     0.18543   0.0192551  0.00725535
-0.00133118   0.0192551    0.164238 -0.00429908
   0.105153  0.00725535 -0.00429908    0.316556
IMAGINARY
          0   0.0157184  -0.0118101 -0.00341615
 -0.0157184           0  0.00341615  -0.0176771
  0.0118101 -0.00341615           0   0.0150508
 0.00341615   0.0176771  -0.0150508           0
Repeater1[0]<--->EndNode1[0]
REAL
   0.336761  0.00209388 -0.00148921   0.0990463
 0.00209388    0.183805  0.00917288  -0.0204286
-0.00148921  0.00917288    0.170951  -0.0103131
  0.0990463  -0.0204286  -0.0103131    0.308483
IMAGINARY
           0   0.00821203    0.0175382   0.00726724
 -0.00821203            0 -0.000807293   -0.0010825
  -0.0175382  0.000807293            0   0.00571203
 -0.00726724    0.0010825  -0.00571203            0
Repeater1[0]<--->HoM1[0]
REAL
   0.333775 -0.00133118   0.0185171    0.105153
-0.00133118    0.164238   0.0192551 -0.00429908
  0.0185171   0.0192551     0.18543  0.00725535
   0.105153 -0.00429908  0.00725535    0.316556
IMAGINARY
          0  -0.0118101   0.0157184 -0.00341615
  0.0118101           0 -0.00341615   0.0150508
 -0.0157184  0.00341615           0  -0.0176771
 0.00341615  -0.0150508   0.0176771           0
EndNode1[0]<--->Repeater1[0]
REAL
   0.330357    0.022106  0.00522724   0.0952608
   0.022106    0.178571   0.0300434 -0.00279415
 0.00522724   0.0300434    0.183673  -0.0148067
  0.0952608 -0.00279415  -0.0148067    0.307398
IMAGINARY
          0 -0.00383964   0.0143875   0.0252786
 0.00383964           0  0.00428119  0.00983612
 -0.0143875 -0.00428119           0  -0.0129305
 -0.0252786 -0.00983612   0.0129305           0
EndNode2[0]<--->HoM1[0]
REAL
   0.316804  0.00771158 -0.00124528    0.113117
 0.00771158    0.168044   0.0203847  0.00250472
-0.00124528   0.0203847    0.202479  0.00236399
   0.113117  0.00250472  0.00236399    0.312672
IMAGINARY
          0  -0.0142375  0.00661738 -0.00877879
  0.0142375           0  0.00621469   0.0134327
-0.00661738 -0.00621469           0  -0.0296221
 0.00877879  -0.0134327   0.0296221           0
Repeater1[0]<--->EndNode1[0]
REAL
   0.330357  0.00522724    0.022106   0.0952608
 0.00522724    0.183673   0.0300434  -0.0148067
   0.022106   0.0300434    0.178571 -0.00279415
  0.0952608  -0.0148067 -0.00279415    0.307398
IMAGINARY
          0   0.0143875 -0.00383964   0.0252786
 -0.0143875           0 -0.00428119  -0.0129305
 0.00383964  0.00428119           0  0.00983612
 -0.0252786   0.0129305 -0.00983612           0
Repeater1[0]<--->HoM1[0]
REAL
   0.316804 -0.00124528  0.00771158    0.113117
-0.00124528    0.202479   0.0203847  0.00236399
 0.00771158   0.0203847    0.168044  0.00250472
   0.113117  0.00236399  0.00250472    0.312672
IMAGINARY
          0  0.00661738  -0.0142375 -0.00877879
-0.00661738           0 -0.00621469  -0.0296221
  0.0142375  0.00621469           0   0.0134327
 0.00877879   0.0296221  -0.0134327           0
