EndNode1[0]<--->Repeater1[0]
REAL
   0.313299   0.0218265  0.00126098    0.140644
  0.0218265    0.186701   0.0621626 -0.00253649
 0.00126098   0.0621626    0.222506  -0.0141735
   0.140644 -0.00253649  -0.0141735    0.277494
IMAGINARY
           0    0.0197116   -0.0159929   0.00951521
  -0.0197116            0  -0.00820631  0.000802996
   0.0159929   0.00820631            0   0.00940232
 -0.00951521 -0.000802996  -0.00940232            0
EndNode2[0]<--->HoM1[0]
REAL
   0.277202 -0.00322548  -0.0036893    0.159326
-0.00322548    0.222798   0.0636907   0.0121418
 -0.0036893   0.0636907    0.189119  -0.0130294
   0.159326   0.0121418  -0.0130294    0.310881
IMAGINARY
          0  -0.0271101  0.00320591 -0.00655435
  0.0271101           0  -0.0193421  0.00385442
-0.00320591   0.0193421           0  -0.0146101
 0.00655435 -0.00385442   0.0146101           0
Repeater1[0]<--->EndNode1[0]
REAL
   0.313299  0.00126098   0.0218265    0.140644
 0.00126098    0.222506   0.0621626  -0.0141735
  0.0218265   0.0621626    0.186701 -0.00253649
   0.140644  -0.0141735 -0.00253649    0.277494
IMAGINARY
           0   -0.0159929    0.0197116   0.00951521
   0.0159929            0   0.00820631   0.00940232
  -0.0197116  -0.00820631            0  0.000802996
 -0.00951521  -0.00940232 -0.000802996            0
Repeater1[0]<--->HoM1[0]
REAL
   0.277202  -0.0036893 -0.00322548    0.159326
 -0.0036893    0.189119   0.0636907  -0.0130294
-0.00322548   0.0636907    0.222798   0.0121418
   0.159326  -0.0130294   0.0121418    0.310881
IMAGINARY
          0  0.00320591  -0.0271101 -0.00655435
-0.00320591           0   0.0193421  -0.0146101
  0.0271101  -0.0193421           0  0.00385442
 0.00655435   0.0146101 -0.00385442           0
EndNode1[0]<--->Repeater1[0]
REAL
   0.306878   0.0162298  0.00718314    0.147925
  0.0162298    0.216931   0.0408254  0.00781686
 0.00718314   0.0408254     0.18254 -0.00247984
   0.147925  0.00781686 -0.00247984    0.293651
IMAGINARY
           0    -0.029663    0.0159293    0.0130744
    0.029663            0  -0.00292558    0.0152825
  -0.0159293   0.00292558            0 -0.000324717
  -0.0130744   -0.0152825  0.000324717            0
EndNode2[0]<--->HoM1[0]
REAL
   0.281518  0.00325516  0.00844806    0.127077
 0.00325516    0.200734   0.0543847 -0.00844806
 0.00844806   0.0543847     0.23623  0.00979967
   0.127077 -0.00844806  0.00979967    0.281518
IMAGINARY
          0   0.0123475  -0.0147961   0.0211882
 -0.0123475           0  -0.0263696  0.00784292
  0.0147961   0.0263696           0 -0.00792275
 -0.0211882 -0.00784292  0.00792275           0
Repeater1[0]<--->EndNode1[0]
REAL
   0.306878  0.00718314   0.0162298    0.147925
 0.00718314     0.18254   0.0408254 -0.00247984
  0.0162298   0.0408254    0.216931  0.00781686
   0.147925 -0.00247984  0.00781686    0.293651
IMAGINARY
           0    0.0159293    -0.029663    0.0130744
  -0.0159293            0   0.00292558 -0.000324717
    0.029663  -0.00292558            0    0.0152825
  -0.0130744  0.000324717   -0.0152825            0
Repeater1[0]<--->HoM1[0]
REAL
   0.281518  0.00844806  0.00325516    0.127077
 0.00844806     0.23623   0.0543847  0.00979967
 0.00325516   0.0543847    0.200734 -0.00844806
   0.127077  0.00979967 -0.00844806    0.281518
IMAGINARY
          0  -0.0147961   0.0123475   0.0211882
  0.0147961           0   0.0263696 -0.00792275
 -0.0123475  -0.0263696           0  0.00784292
 -0.0211882  0.00792275 -0.00784292           0
EndNode1[0]<--->Repeater1[0]
REAL
   0.318357 1.45165e-05  0.00555909    0.150189
1.45165e-05    0.205392   0.0644744  0.00302744
 0.00555909   0.0644744    0.197689    0.016498
   0.150189  0.00302744    0.016498    0.278562
IMAGINARY
          0 -0.00370108  0.00724407  0.00556649
 0.00370108           0   0.0106043 -0.00962502
-0.00724407  -0.0106043           0 -0.00582273
-0.00556649  0.00962502  0.00582273           0
EndNode2[0]<--->HoM1[0]
REAL
   0.281088  -0.0067972  -0.0144727    0.158648
 -0.0067972    0.202073   0.0422627   -0.021288
 -0.0144727   0.0422627    0.213731 -0.00555651
   0.158648   -0.021288 -0.00555651    0.303109
IMAGINARY
          0  0.00100445   0.0338051  -0.0203226
-0.00100445           0  -0.0203226   0.0318646
 -0.0338051   0.0203226           0  -0.0237613
  0.0203226  -0.0318646   0.0237613           0
Repeater1[0]<--->EndNode1[0]
REAL
   0.318357  0.00555909 1.45165e-05    0.150189
 0.00555909    0.197689   0.0644744    0.016498
1.45165e-05   0.0644744    0.205392  0.00302744
   0.150189    0.016498  0.00302744    0.278562
IMAGINARY
          0  0.00724407 -0.00370108  0.00556649
-0.00724407           0  -0.0106043 -0.00582273
 0.00370108   0.0106043           0 -0.00962502
-0.00556649  0.00582273  0.00962502           0
Repeater1[0]<--->HoM1[0]
REAL
   0.281088  -0.0144727  -0.0067972    0.158648
 -0.0144727    0.213731   0.0422627 -0.00555651
 -0.0067972   0.0422627    0.202073   -0.021288
   0.158648 -0.00555651   -0.021288    0.303109
IMAGINARY
          0   0.0338051  0.00100445  -0.0203226
 -0.0338051           0   0.0203226  -0.0237613
-0.00100445  -0.0203226           0   0.0318646
  0.0203226   0.0237613  -0.0318646           0
EndNode1[0]<--->Repeater1[0]
REAL
        0.3  0.00131182  -0.0138101    0.149579
 0.00131182      0.2275   0.0614189 -0.00281396
 -0.0138101   0.0614189        0.19 -0.00514813
   0.149579 -0.00281396 -0.00514813      0.2825
IMAGINARY
          0  0.00186374   0.0127911  -0.0046006
-0.00186374           0 -0.00778532  0.00200942
 -0.0127911  0.00778532           0  -0.0243863
  0.0046006 -0.00200942   0.0243863           0
EndNode2[0]<--->HoM1[0]
REAL
  0.322854 -0.0192296 0.00312891    0.14971
-0.0192296   0.195889  0.0298117 -0.0137672
0.00312891  0.0298117   0.189843 -0.0113555
   0.14971 -0.0137672 -0.0113555   0.291415
IMAGINARY
          0  -0.0297586  0.00491063  0.00481512
  0.0297586           0  0.00743979   0.0205996
-0.00491063 -0.00743979           0  -0.0212618
-0.00481512  -0.0205996   0.0212618           0
Repeater1[0]<--->EndNode1[0]
REAL
        0.3  -0.0138101  0.00131182    0.149579
 -0.0138101        0.19   0.0614189 -0.00514813
 0.00131182   0.0614189      0.2275 -0.00281396
   0.149579 -0.00514813 -0.00281396      0.2825
IMAGINARY
          0   0.0127911  0.00186374  -0.0046006
 -0.0127911           0  0.00778532  -0.0243863
-0.00186374 -0.00778532           0  0.00200942
  0.0046006   0.0243863 -0.00200942           0
Repeater1[0]<--->HoM1[0]
REAL
  0.322854 0.00312891 -0.0192296    0.14971
0.00312891   0.189843  0.0298117 -0.0113555
-0.0192296  0.0298117   0.195889 -0.0137672
   0.14971 -0.0113555 -0.0137672   0.291415
IMAGINARY
          0  0.00491063  -0.0297586  0.00481512
-0.00491063           0 -0.00743979  -0.0212618
  0.0297586  0.00743979           0   0.0205996
-0.00481512   0.0212618  -0.0205996           0
