EndNode1[0]<--->Repeater1[0]
REAL
    0.263979   -0.0119727   0.00561572    0.0077096
  -0.0119727     0.230169   -0.0039502 -0.000603187
  0.00561572   -0.0039502     0.247074    0.0144789
   0.0077096 -0.000603187    0.0144789     0.258778
IMAGINARY
          0 -0.00401506   0.0112246  0.00655182
 0.00401506           0   0.0039745  0.00317866
 -0.0112246  -0.0039745           0  -0.0186187
-0.00655182 -0.00317866   0.0186187           0
EndNode2[0]<--->HoM1[0]
REAL
    0.26781 -0.00137553   -0.018826    0.028696
-0.00137553    0.225594 -0.00337951 -0.00902209
  -0.018826 -0.00337951    0.254617   0.0279578
   0.028696 -0.00902209   0.0279578    0.251979
IMAGINARY
          0 -0.00381315  0.00786164  0.00807369
 0.00381315           0  -0.0061382  0.00786164
-0.00786164   0.0061382           0 -0.00184723
-0.00807369 -0.00786164  0.00184723           0
Repeater1[0]<--->EndNode1[0]
REAL
    0.263979   0.00561572   -0.0119727    0.0077096
  0.00561572     0.247074   -0.0039502    0.0144789
  -0.0119727   -0.0039502     0.230169 -0.000603187
   0.0077096    0.0144789 -0.000603187     0.258778
IMAGINARY
          0   0.0112246 -0.00401506  0.00655182
 -0.0112246           0  -0.0039745  -0.0186187
 0.00401506   0.0039745           0  0.00317866
-0.00655182   0.0186187 -0.00317866           0
Repeater1[0]<--->HoM1[0]
REAL
    0.26781   -0.018826 -0.00137553    0.028696
  -0.018826    0.254617 -0.00337951   0.0279578
-0.00137553 -0.00337951    0.225594 -0.00902209
   0.028696   0.0279578 -0.00902209    0.251979
IMAGINARY
          0  0.00786164 -0.00381315  0.00807369
-0.00786164           0   0.0061382 -0.00184723
 0.00381315  -0.0061382           0  0.00786164
-0.00807369  0.00184723 -0.00786164           0
EndNode1[0]<--->Repeater1[0]
REAL
   0.274809  -0.0108344 -0.00397807   0.0123791
 -0.0108344    0.212468  -0.0111196 -0.00987584
-0.00397807  -0.0111196    0.254453   0.0146127
  0.0123791 -0.00987584   0.0146127     0.25827
IMAGINARY
          0   0.0126387  -0.0249641   0.0222884
 -0.0126387           0  -0.0370337  0.00407634
  0.0249641   0.0370337           0 -0.00611129
 -0.0222884 -0.00407634  0.00611129           0
EndNode2[0]<--->HoM1[0]
REAL
  0.258824   0.014468 0.00673164  0.0158665
  0.014468   0.198693   0.006656 -0.0112361
0.00673164   0.006656   0.256209 -0.0022415
 0.0158665 -0.0112361 -0.0022415   0.286275
IMAGINARY
          0 -0.00157233 -0.00887364 -0.00463987
 0.00157233           0  -0.0113244   0.0286105
 0.00887364   0.0113244           0  0.00157233
 0.00463987  -0.0286105 -0.00157233           0
Repeater1[0]<--->EndNode1[0]
REAL
   0.274809 -0.00397807  -0.0108344   0.0123791
-0.00397807    0.254453  -0.0111196   0.0146127
 -0.0108344  -0.0111196    0.212468 -0.00987584
  0.0123791   0.0146127 -0.00987584     0.25827
IMAGINARY
          0  -0.0249641   0.0126387   0.0222884
  0.0249641           0   0.0370337 -0.00611129
 -0.0126387  -0.0370337           0  0.00407634
 -0.0222884  0.00611129 -0.00407634           0
Repeater1[0]<--->HoM1[0]
REAL
  0.258824 0.00673164   0.014468  0.0158665
0.00673164   0.256209   0.006656 -0.0022415
  0.014468   0.006656   0.198693 -0.0112361
 0.0158665 -0.0022415 -0.0112361   0.286275
IMAGINARY
          0 -0.00887364 -0.00157233 -0.00463987
 0.00887364           0   0.0113244  0.00157233
 0.00157233  -0.0113244           0   0.0286105
 0.00463987 -0.00157233  -0.0286105           0
