EndNode1[0]<--->Repeater1[0]
REAL
   0.310078 -0.00790483  -0.0016748    0.241929
-0.00790483    0.164083   0.0631339   0.0130672
 -0.0016748   0.0631339    0.148579   0.0192972
   0.241929   0.0130672   0.0192972    0.377261
IMAGINARY
          0 -0.00981559  0.00691184  -0.0229097
 0.00981559           0  -0.0129496   0.0112814
-0.00691184   0.0129496           0 -0.00586822
  0.0229097  -0.0112814  0.00586822           0
EndNode2[0]<--->HoM1[0]
REAL
   0.339947  -0.0380214  0.00640594    0.249393
 -0.0380214    0.164021   0.0571807 -0.00198116
 0.00640594   0.0571807    0.153439   0.0108407
   0.249393 -0.00198116   0.0108407    0.342593
IMAGINARY
           0    0.0113412   -0.0227745    0.0064446
  -0.0113412            0  -0.00198601    0.0196843
   0.0227745   0.00198601            0  0.000401691
  -0.0064446   -0.0196843 -0.000401691            0
Repeater1[0]<--->EndNode1[0]
REAL
   0.310078  -0.0016748 -0.00790483    0.241929
 -0.0016748    0.148579   0.0631339   0.0192972
-0.00790483   0.0631339    0.164083   0.0130672
   0.241929   0.0192972   0.0130672    0.377261
IMAGINARY
          0  0.00691184 -0.00981559  -0.0229097
-0.00691184           0   0.0129496 -0.00586822
 0.00981559  -0.0129496           0   0.0112814
  0.0229097  0.00586822  -0.0112814           0
Repeater1[0]<--->HoM1[0]
REAL
   0.339947  0.00640594  -0.0380214    0.249393
 0.00640594    0.153439   0.0571807   0.0108407
 -0.0380214   0.0571807    0.164021 -0.00198116
   0.249393   0.0108407 -0.00198116    0.342593
IMAGINARY
           0   -0.0227745    0.0113412    0.0064446
   0.0227745            0   0.00198601  0.000401691
  -0.0113412  -0.00198601            0    0.0196843
  -0.0064446 -0.000401691   -0.0196843            0
EndNode1[0]<--->Repeater1[0]
REAL
  0.335476  0.0123879 -0.0110349   0.255223
 0.0123879    0.16581  0.0708077 0.00716895
-0.0110349  0.0708077   0.154242 -0.0252745
  0.255223 0.00716895 -0.0252745   0.344473
IMAGINARY
           0      0.01322  0.000395257 -5.48176e-05
    -0.01322            0   0.00844191  -0.00948617
-0.000395257  -0.00844191            0   0.00236437
 5.48176e-05   0.00948617  -0.00236437            0
EndNode2[0]<--->HoM1[0]
REAL
  0.329457  0.0112823 0.00209717    0.26747
 0.0112823   0.151163  0.0750712  0.0158586
0.00209717  0.0750712   0.161499 -0.0071387
   0.26747  0.0158586 -0.0071387   0.357881
IMAGINARY
          0   0.0134491   -0.010645  -0.0113698
 -0.0134491           0 -0.00335496  0.00589442
   0.010645  0.00335496           0 -0.00038493
  0.0113698 -0.00589442  0.00038493           0
Repeater1[0]<--->EndNode1[0]
REAL
  0.335476 -0.0110349  0.0123879   0.255223
-0.0110349   0.154242  0.0708077 -0.0252745
 0.0123879  0.0708077    0.16581 0.00716895
  0.255223 -0.0252745 0.00716895   0.344473
IMAGINARY
           0  0.000395257      0.01322 -5.48176e-05
-0.000395257            0  -0.00844191   0.00236437
    -0.01322   0.00844191            0  -0.00948617
 5.48176e-05  -0.00236437   0.00948617            0
Repeater1[0]<--->HoM1[0]
REAL
  0.329457 0.00209717  0.0112823    0.26747
0.00209717   0.161499  0.0750712 -0.0071387
 0.0112823  0.0750712   0.151163  0.0158586
   0.26747 -0.0071387  0.0158586   0.357881
IMAGINARY
          0   -0.010645   0.0134491  -0.0113698
   0.010645           0  0.00335496 -0.00038493
 -0.0134491 -0.00335496           0  0.00589442
  0.0113698  0.00038493 -0.00589442           0
EndNode1[0]<--->Repeater1[0]
REAL
      0.36  0.0065865 0.00363139   0.251187
 0.0065865   0.139355  0.0891269  0.0133843
0.00363139  0.0891269   0.141935  0.0025758
  0.251187  0.0133843  0.0025758    0.35871
IMAGINARY
          0  -0.0274388  0.00435973   0.0012309
  0.0274388           0   0.0113319 -0.00184717
-0.00435973  -0.0113319           0 -0.00648076
 -0.0012309  0.00184717  0.00648076           0
EndNode2[0]<--->HoM1[0]
REAL
   0.326996 -0.00192138  0.00160567    0.255295
-0.00192138    0.162231   0.0689949 0.000978313
 0.00160567   0.0689949    0.183777  0.00450536
   0.255295 0.000978313  0.00450536    0.326996
IMAGINARY
           0   0.00294621  -0.00588225 -0.000981344
 -0.00294621            0   -0.0176909    0.0129245
  0.00588225    0.0176909            0   -0.0112689
 0.000981344   -0.0129245    0.0112689            0
Repeater1[0]<--->EndNode1[0]
REAL
      0.36 0.00363139  0.0065865   0.251187
0.00363139   0.141935  0.0891269  0.0025758
 0.0065865  0.0891269   0.139355  0.0133843
  0.251187  0.0025758  0.0133843    0.35871
IMAGINARY
          0  0.00435973  -0.0274388   0.0012309
-0.00435973           0  -0.0113319 -0.00648076
  0.0274388   0.0113319           0 -0.00184717
 -0.0012309  0.00648076  0.00184717           0
Repeater1[0]<--->HoM1[0]
REAL
   0.326996  0.00160567 -0.00192138    0.255295
 0.00160567    0.183777   0.0689949  0.00450536
-0.00192138   0.0689949    0.162231 0.000978313
   0.255295  0.00450536 0.000978313    0.326996
IMAGINARY
           0  -0.00588225   0.00294621 -0.000981344
  0.00588225            0    0.0176909   -0.0112689
 -0.00294621   -0.0176909            0    0.0129245
 0.000981344    0.0112689   -0.0129245            0
EndNode1[0]<--->Repeater1[0]
REAL
   0.326478 -0.00717857 0.000243279    0.243265
-0.00717857     0.16581   0.0533243  0.00158376
0.000243279   0.0533243    0.177378  -0.0092648
   0.243265  0.00158376  -0.0092648    0.330334
IMAGINARY
           0   0.00798817    0.0169562    0.0136601
 -0.00798817            0    0.0130065  0.000203593
  -0.0169562   -0.0130065            0   0.00798817
  -0.0136601 -0.000203593  -0.00798817            0
EndNode2[0]<--->HoM1[0]
REAL
  0.364512 0.00159244 -0.0179316   0.256701
0.00159244   0.185695  0.0851966 -0.0117127
-0.0179316  0.0851966   0.137552 -0.0259666
  0.256701 -0.0117127 -0.0259666   0.312242
IMAGINARY
          0   0.0215609    0.024057   0.0319062
 -0.0215609           0  0.00151285 -0.00954514
  -0.024057 -0.00151285           0   0.0101013
 -0.0319062  0.00954514  -0.0101013           0
Repeater1[0]<--->EndNode1[0]
REAL
   0.326478 0.000243279 -0.00717857    0.243265
0.000243279    0.177378   0.0533243  -0.0092648
-0.00717857   0.0533243     0.16581  0.00158376
   0.243265  -0.0092648  0.00158376    0.330334
IMAGINARY
           0    0.0169562   0.00798817    0.0136601
  -0.0169562            0   -0.0130065   0.00798817
 -0.00798817    0.0130065            0  0.000203593
  -0.0136601  -0.00798817 -0.000203593            0
Repeater1[0]<--->HoM1[0]
REAL
  0.364512 -0.0179316 0.00159244   0.256701
-0.0179316   0.137552  0.0851966 -0.0259666
0.00159244  0.0851966   0.185695 -0.0117127
  0.256701 -0.0259666 -0.0117127   0.312242
IMAGINARY
          0    0.024057   0.0215609   0.0319062
  -0.024057           0 -0.00151285   0.0101013
 -0.0215609  0.00151285           0 -0.00954514
 -0.0319062  -0.0101013  0.00954514           0
EndNode1[0]<--->Repeater1[0]
REAL
   0.334187   0.0122452 -0.00778963    0.254568
  0.0122452    0.174136   0.0406577   0.0128148
-0.00778963   0.0406577    0.160051  0.00659902
   0.254568   0.0128148  0.00659902    0.331626
IMAGINARY
           0   0.00488858    0.0105245   0.00629048
 -0.00488858            0   0.00239438  -0.00789986
  -0.0105245  -0.00239438            0  0.000360765
 -0.00629048   0.00789986 -0.000360765            0
EndNode2[0]<--->HoM1[0]
REAL
   0.347594    0.014236 -0.00712308    0.262007
   0.014236    0.149733   0.0643025  0.00393023
-0.00712308   0.0643025    0.159091 -0.00721173
   0.262007  0.00393023 -0.00721173    0.343583
IMAGINARY
          0  0.00604852 -0.00557197  -0.0213143
-0.00604852           0  -0.0250643    0.013225
 0.00557197   0.0250643           0 -0.00987505
  0.0213143   -0.013225  0.00987505           0
Repeater1[0]<--->EndNode1[0]
REAL
   0.334187 -0.00778963   0.0122452    0.254568
-0.00778963    0.160051   0.0406577  0.00659902
  0.0122452   0.0406577    0.174136   0.0128148
   0.254568  0.00659902   0.0128148    0.331626
IMAGINARY
           0    0.0105245   0.00488858   0.00629048
  -0.0105245            0  -0.00239438  0.000360765
 -0.00488858   0.00239438            0  -0.00789986
 -0.00629048 -0.000360765   0.00789986            0
Repeater1[0]<--->HoM1[0]
REAL
   0.347594 -0.00712308    0.014236    0.262007
-0.00712308    0.159091   0.0643025 -0.00721173
   0.014236   0.0643025    0.149733  0.00393023
   0.262007 -0.00721173  0.00393023    0.343583
IMAGINARY
          0 -0.00557197  0.00604852  -0.0213143
 0.00557197           0   0.0250643 -0.00987505
-0.00604852  -0.0250643           0    0.013225
  0.0213143  0.00987505   -0.013225           0
EndNode1[0]<--->Repeater1[0]
REAL
   0.34799  0.0145963 0.00442735   0.270619
 0.0145963   0.144472  0.0931995 0.00692112
0.00442735  0.0931995   0.165829  0.0101033
  0.270619 0.00692112  0.0101033   0.341709
IMAGINARY
          0   0.0240902  0.00450162  0.00580963
 -0.0240902           0    0.009757  -0.0206307
-0.00450162   -0.009757           0 -0.00796112
-0.00580963   0.0206307  0.00796112           0
EndNode2[0]<--->HoM1[0]
REAL
  0.364109  0.0149226  -0.014349   0.246181
 0.0149226   0.169051  0.0501399 0.00843577
 -0.014349  0.0501399   0.153446 0.00938753
  0.246181 0.00843577 0.00938753   0.313394
IMAGINARY
          0  -0.0153023   0.0172906   0.0135362
  0.0153023           0   0.0221781 -0.00132639
 -0.0172906  -0.0221781           0    0.017218
 -0.0135362  0.00132639   -0.017218           0
Repeater1[0]<--->EndNode1[0]
REAL
   0.34799 0.00442735  0.0145963   0.270619
0.00442735   0.165829  0.0931995  0.0101033
 0.0145963  0.0931995   0.144472 0.00692112
  0.270619  0.0101033 0.00692112   0.341709
IMAGINARY
          0  0.00450162   0.0240902  0.00580963
-0.00450162           0   -0.009757 -0.00796112
 -0.0240902    0.009757           0  -0.0206307
-0.00580963  0.00796112   0.0206307           0
Repeater1[0]<--->HoM1[0]
REAL
  0.364109  -0.014349  0.0149226   0.246181
 -0.014349   0.153446  0.0501399 0.00938753
 0.0149226  0.0501399   0.169051 0.00843577
  0.246181 0.00938753 0.00843577   0.313394
IMAGINARY
          0   0.0172906  -0.0153023   0.0135362
 -0.0172906           0  -0.0221781    0.017218
  0.0153023   0.0221781           0 -0.00132639
 -0.0135362   -0.017218  0.00132639           0
EndNode1[0]<--->Repeater1[0]
REAL
 0.363049  -0.01336  0.019199   0.24062
 -0.01336  0.147287  0.067072 0.0043742
 0.019199  0.067072  0.151163 0.0158414
  0.24062 0.0043742 0.0158414  0.338501
IMAGINARY
          0  -0.0144706   0.0177802   0.0255283
  0.0144706           0 -0.00153352  -0.0055221
 -0.0177802  0.00153352           0  -0.0223035
 -0.0255283   0.0055221   0.0223035           0
EndNode2[0]<--->HoM1[0]
REAL
   0.366539   -0.003414 0.000665996    0.281836
  -0.003414    0.137931   0.0718228   0.0237242
0.000665996   0.0718228    0.144317 -0.00471608
   0.281836   0.0237242 -0.00471608    0.351213
IMAGINARY
          0   0.0077849  -0.0110796 -0.00270498
 -0.0077849           0  -0.0172435  0.00912901
  0.0110796   0.0172435           0  0.00586919
 0.00270498 -0.00912901 -0.00586919           0
Repeater1[0]<--->EndNode1[0]
REAL
 0.363049  0.019199  -0.01336   0.24062
 0.019199  0.151163  0.067072 0.0158414
 -0.01336  0.067072  0.147287 0.0043742
  0.24062 0.0158414 0.0043742  0.338501
IMAGINARY
          0   0.0177802  -0.0144706   0.0255283
 -0.0177802           0  0.00153352  -0.0223035
  0.0144706 -0.00153352           0  -0.0055221
 -0.0255283   0.0223035   0.0055221           0
Repeater1[0]<--->HoM1[0]
REAL
   0.366539 0.000665996   -0.003414    0.281836
0.000665996    0.144317   0.0718228 -0.00471608
  -0.003414   0.0718228    0.137931   0.0237242
   0.281836 -0.00471608   0.0237242    0.351213
IMAGINARY
          0  -0.0110796   0.0077849 -0.00270498
  0.0110796           0   0.0172435  0.00586919
 -0.0077849  -0.0172435           0  0.00912901
 0.00270498 -0.00586919 -0.00912901           0
EndNode1[0]<--->Repeater1[0]
REAL
  0.356764  0.0216782 0.00500707   0.234737
 0.0216782   0.157825  0.0688805  0.0169568
0.00500707  0.0688805   0.124668  0.0261254
  0.234737  0.0169568  0.0261254   0.360743
IMAGINARY
          0   0.0213648   0.0058464  -0.0104299
 -0.0213648           0 -0.00349418 -0.00280873
 -0.0058464  0.00349418           0  0.00840435
  0.0104299  0.00280873 -0.00840435           0
EndNode2[0]<--->HoM1[0]
REAL
 0.341096 0.0105862 0.0107336  0.253652
0.0105862  0.141096   0.04682 0.0146501
0.0107336   0.04682  0.161644 0.0112556
 0.253652 0.0146501 0.0112556  0.356164
IMAGINARY
          0  0.00821938   0.0072642  -0.0059505
-0.00821938           0   0.0124272 -0.00664308
 -0.0072642  -0.0124272           0 -0.00635603
  0.0059505  0.00664308  0.00635603           0
Repeater1[0]<--->EndNode1[0]
REAL
  0.356764 0.00500707  0.0216782   0.234737
0.00500707   0.124668  0.0688805  0.0261254
 0.0216782  0.0688805   0.157825  0.0169568
  0.234737  0.0261254  0.0169568   0.360743
IMAGINARY
          0   0.0058464   0.0213648  -0.0104299
 -0.0058464           0  0.00349418  0.00840435
 -0.0213648 -0.00349418           0 -0.00280873
  0.0104299 -0.00840435  0.00280873           0
Repeater1[0]<--->HoM1[0]
REAL
 0.341096 0.0107336 0.0105862  0.253652
0.0107336  0.161644   0.04682 0.0112556
0.0105862   0.04682  0.141096 0.0146501
 0.253652 0.0112556 0.0146501  0.356164
IMAGINARY
          0   0.0072642  0.00821938  -0.0059505
 -0.0072642           0  -0.0124272 -0.00635603
-0.00821938   0.0124272           0 -0.00664308
  0.0059505  0.00635603  0.00664308           0
