EndNode1[0]<--->Repeater1[0]
REAL
  0.434146   0.018973 -0.0334113   0.412761
  0.018973  0.0585366 0.00247078  0.0155305
-0.0334113 0.00247078  0.0463415 -0.0103637
  0.412761  0.0155305 -0.0103637   0.460976
IMAGINARY
           0    0.0213988   -0.0241989  0.000460398
  -0.0213988            0    0.0067104  -0.00218632
   0.0241989   -0.0067104            0     0.012902
-0.000460398   0.00218632    -0.012902            0
EndNode2[0]<--->HoM1[0]
REAL
   0.464241 -0.00261097 -0.00391645    0.400269
-0.00261097   0.0301129   0.0031257 -0.00391645
-0.00391645   0.0031257   0.0401506 -0.00261097
   0.400269 -0.00391645 -0.00261097    0.465496
IMAGINARY
          0   0.0239309  0.00122296 -0.00528272
 -0.0239309           0 -0.00331679  -0.0269372
-0.00122296  0.00331679           0 -0.00678805
 0.00528272   0.0269372  0.00678805           0
Repeater1[0]<--->EndNode1[0]
REAL
  0.434146 -0.0334113   0.018973   0.412761
-0.0334113  0.0463415 0.00247078 -0.0103637
  0.018973 0.00247078  0.0585366  0.0155305
  0.412761 -0.0103637  0.0155305   0.460976
IMAGINARY
           0   -0.0241989    0.0213988  0.000460398
   0.0241989            0   -0.0067104     0.012902
  -0.0213988    0.0067104            0  -0.00218632
-0.000460398    -0.012902   0.00218632            0
Repeater1[0]<--->HoM1[0]
REAL
   0.464241 -0.00391645 -0.00261097    0.400269
-0.00391645   0.0401506   0.0031257 -0.00261097
-0.00261097   0.0031257   0.0301129 -0.00391645
   0.400269 -0.00261097 -0.00391645    0.465496
IMAGINARY
          0  0.00122296   0.0239309 -0.00528272
-0.00122296           0  0.00331679 -0.00678805
 -0.0239309 -0.00331679           0  -0.0269372
 0.00528272  0.00678805   0.0269372           0
EndNode1[0]<--->Repeater1[0]
REAL
  0.457995 0.00560103  0.0181042   0.399203
0.00560103  0.0406504 0.00555864 0.00319905
 0.0181042 0.00555864  0.0514905   0.013196
  0.399203 0.00319905   0.013196   0.449864
IMAGINARY
           0   0.00154997  -0.00759178    0.0104834
 -0.00154997            0 -0.000880282    -0.011215
  0.00759178  0.000880282            0    0.0172568
  -0.0104834     0.011215   -0.0172568            0
EndNode2[0]<--->HoM1[0]
REAL
   0.450299 -0.00234091  -0.0152781    0.398628
-0.00234091   0.0431138   0.0144736  -0.0127967
 -0.0152781   0.0144736   0.0526946 -0.00300669
   0.398628  -0.0127967 -0.00300669    0.453892
IMAGINARY
           0   0.00512519 -0.000405002    0.0248162
 -0.00512519            0   -0.0162797  -0.00292389
 0.000405002    0.0162797            0   -0.0164434
  -0.0248162   0.00292389    0.0164434            0
Repeater1[0]<--->EndNode1[0]
REAL
  0.457995  0.0181042 0.00560103   0.399203
 0.0181042  0.0514905 0.00555864   0.013196
0.00560103 0.00555864  0.0406504 0.00319905
  0.399203   0.013196 0.00319905   0.449864
IMAGINARY
           0  -0.00759178   0.00154997    0.0104834
  0.00759178            0  0.000880282    0.0172568
 -0.00154997 -0.000880282            0    -0.011215
  -0.0104834   -0.0172568     0.011215            0
Repeater1[0]<--->HoM1[0]
REAL
   0.450299  -0.0152781 -0.00234091    0.398628
 -0.0152781   0.0526946   0.0144736 -0.00300669
-0.00234091   0.0144736   0.0431138  -0.0127967
   0.398628 -0.00300669  -0.0127967    0.453892
IMAGINARY
           0 -0.000405002   0.00512519    0.0248162
 0.000405002            0    0.0162797   -0.0164434
 -0.00512519   -0.0162797            0  -0.00292389
  -0.0248162    0.0164434   0.00292389            0
EndNode1[0]<--->Repeater1[0]
REAL
     0.45502  -0.00836895   0.00954302     0.400568
 -0.00836895    0.0469361 -0.000822226    0.0120306
  0.00954302 -0.000822226    0.0547588    0.0261354
    0.400568    0.0120306    0.0261354     0.443286
IMAGINARY
          0  -0.0134395 -0.00894611  -0.0180018
  0.0134395           0  -0.0101484   0.0171636
 0.00894611   0.0101484           0  0.00522204
  0.0180018  -0.0171636 -0.00522204           0
EndNode2[0]<--->HoM1[0]
REAL
   0.443272 0.000372853  -0.0281243    0.402619
0.000372853    0.055409 -0.00326376 -0.00219833
 -0.0281243 -0.00326376   0.0435356  -0.0152116
   0.402619 -0.00219833  -0.0152116    0.457784
IMAGINARY
           0   0.00142587   -0.0146948  0.000312881
 -0.00142587            0   0.00280044   0.00227649
   0.0146948  -0.00280044            0   -0.0099226
-0.000312881  -0.00227649    0.0099226            0
Repeater1[0]<--->EndNode1[0]
REAL
     0.45502   0.00954302  -0.00836895     0.400568
  0.00954302    0.0547588 -0.000822226    0.0261354
 -0.00836895 -0.000822226    0.0469361    0.0120306
    0.400568    0.0261354    0.0120306     0.443286
IMAGINARY
          0 -0.00894611  -0.0134395  -0.0180018
 0.00894611           0   0.0101484  0.00522204
  0.0134395  -0.0101484           0   0.0171636
  0.0180018 -0.00522204  -0.0171636           0
Repeater1[0]<--->HoM1[0]
REAL
   0.443272  -0.0281243 0.000372853    0.402619
 -0.0281243   0.0435356 -0.00326376  -0.0152116
0.000372853 -0.00326376    0.055409 -0.00219833
   0.402619  -0.0152116 -0.00219833    0.457784
IMAGINARY
           0   -0.0146948   0.00142587  0.000312881
   0.0146948            0  -0.00280044   -0.0099226
 -0.00142587   0.00280044            0   0.00227649
-0.000312881    0.0099226  -0.00227649            0
EndNode1[0]<--->Repeater1[0]
REAL
   0.439898   0.0157895 -0.00697674    0.401698
  0.0157895   0.0332481 -0.00827731 -0.00881273
-0.00697674 -0.00827731    0.044757 -0.00131579
   0.401698 -0.00881273 -0.00131579    0.482097
IMAGINARY
           0   -0.0173362   0.00547445  0.000735591
   0.0173362            0   -0.0298495   0.00547445
 -0.00547445    0.0298495            0   0.00395416
-0.000735591  -0.00547445  -0.00395416            0
EndNode2[0]<--->HoM1[0]
REAL
   0.481852  0.00941828    0.010992    0.400319
 0.00941828   0.0425532 -0.00327954 -0.00906149
   0.010992 -0.00327954   0.0538173  -0.0177838
   0.400319 -0.00906149  -0.0177838    0.421777
IMAGINARY
           0   -0.0126693    0.0239727   0.00441064
   0.0126693            0 -0.000564485   0.00559031
  -0.0239727  0.000564485            0    -0.018179
 -0.00441064  -0.00559031     0.018179            0
Repeater1[0]<--->EndNode1[0]
REAL
   0.439898 -0.00697674   0.0157895    0.401698
-0.00697674    0.044757 -0.00827731 -0.00131579
  0.0157895 -0.00827731   0.0332481 -0.00881273
   0.401698 -0.00131579 -0.00881273    0.482097
IMAGINARY
           0   0.00547445   -0.0173362  0.000735591
 -0.00547445            0    0.0298495   0.00395416
   0.0173362   -0.0298495            0   0.00547445
-0.000735591  -0.00395416  -0.00547445            0
Repeater1[0]<--->HoM1[0]
REAL
   0.481852    0.010992  0.00941828    0.400319
   0.010992   0.0538173 -0.00327954  -0.0177838
 0.00941828 -0.00327954   0.0425532 -0.00906149
   0.400319  -0.0177838 -0.00906149    0.421777
IMAGINARY
           0    0.0239727   -0.0126693   0.00441064
  -0.0239727            0  0.000564485    -0.018179
   0.0126693 -0.000564485            0   0.00559031
 -0.00441064     0.018179  -0.00559031            0
EndNode1[0]<--->Repeater1[0]
REAL
   0.459355   -0.012722  0.00544082    0.414928
  -0.012722        0.04 -0.00338919   -0.010569
 0.00544082 -0.00338919   0.0567742  -0.0167652
   0.414928   -0.010569  -0.0167652    0.443871
IMAGINARY
          0   0.0144819 -0.00991759  0.00588708
 -0.0144819           0   0.0150255   0.0111552
 0.00991759  -0.0150255           0  -0.0157195
-0.00588708  -0.0111552   0.0157195           0
EndNode2[0]<--->HoM1[0]
REAL
   0.453024 0.000398077  0.00971016    0.407688
0.000398077    0.041184   0.0113718 -0.00579371
 0.00971016   0.0113718    0.047619 -0.00692549
   0.407688 -0.00579371 -0.00692549    0.458172
IMAGINARY
          0   0.0154463  -0.0128173   0.0254122
 -0.0154463           0  0.00225829  0.00804239
  0.0128173 -0.00225829           0  -0.0133999
 -0.0254122 -0.00804239   0.0133999           0
Repeater1[0]<--->EndNode1[0]
REAL
   0.459355  0.00544082   -0.012722    0.414928
 0.00544082   0.0567742 -0.00338919  -0.0167652
  -0.012722 -0.00338919        0.04   -0.010569
   0.414928  -0.0167652   -0.010569    0.443871
IMAGINARY
          0 -0.00991759   0.0144819  0.00588708
 0.00991759           0  -0.0150255  -0.0157195
 -0.0144819   0.0150255           0   0.0111552
-0.00588708   0.0157195  -0.0111552           0
Repeater1[0]<--->HoM1[0]
REAL
   0.453024  0.00971016 0.000398077    0.407688
 0.00971016    0.047619   0.0113718 -0.00692549
0.000398077   0.0113718    0.041184 -0.00579371
   0.407688 -0.00692549 -0.00579371    0.458172
IMAGINARY
          0  -0.0128173   0.0154463   0.0254122
  0.0128173           0 -0.00225829  -0.0133999
 -0.0154463  0.00225829           0  0.00804239
 -0.0254122   0.0133999 -0.00804239           0
EndNode1[0]<--->Repeater1[0]
REAL
   0.458493 0.000767596  -0.0181433    0.409265
0.000767596   0.0446999 -0.00773076  0.00663434
 -0.0181433 -0.00773076   0.0408685  -0.0135553
   0.409265  0.00663434  -0.0135553    0.455939
IMAGINARY
           0  -0.00963408   0.00561575    0.0137992
  0.00963408            0  -0.00703413   -0.0102271
 -0.00561575   0.00703413            0 -0.000247345
  -0.0137992    0.0102271  0.000247345            0
EndNode2[0]<--->HoM1[0]
REAL
   0.456384   0.0104635   0.0118885     0.41077
  0.0104635   0.0467762  0.00244717 -0.00721559
  0.0118885  0.00244717   0.0493047  0.00088496
    0.41077 -0.00721559  0.00088496    0.447535
IMAGINARY
           0     -0.02565     0.025059 -0.000859937
     0.02565            0   -0.0155658  -0.00153671
   -0.025059    0.0155658            0   0.00212773
 0.000859937   0.00153671  -0.00212773            0
Repeater1[0]<--->EndNode1[0]
REAL
   0.458493  -0.0181433 0.000767596    0.409265
 -0.0181433   0.0408685 -0.00773076  -0.0135553
0.000767596 -0.00773076   0.0446999  0.00663434
   0.409265  -0.0135553  0.00663434    0.455939
IMAGINARY
           0   0.00561575  -0.00963408    0.0137992
 -0.00561575            0   0.00703413 -0.000247345
  0.00963408  -0.00703413            0   -0.0102271
  -0.0137992  0.000247345    0.0102271            0
Repeater1[0]<--->HoM1[0]
REAL
   0.456384   0.0118885   0.0104635     0.41077
  0.0118885   0.0493047  0.00244717  0.00088496
  0.0104635  0.00244717   0.0467762 -0.00721559
    0.41077  0.00088496 -0.00721559    0.447535
IMAGINARY
           0     0.025059     -0.02565 -0.000859937
   -0.025059            0    0.0155658   0.00212773
     0.02565   -0.0155658            0  -0.00153671
 0.000859937  -0.00212773   0.00153671            0
EndNode1[0]<--->Repeater1[0]
REAL
   0.43609  0.0020858  0.0269013   0.404155
 0.0020858  0.0601504 0.00861362  0.0015437
 0.0269013 0.00861362  0.0576441  0.0276234
  0.404155  0.0015437  0.0276234   0.446115
IMAGINARY
           0  -0.00234728   -0.0112056    0.0249119
  0.00234728            0  -0.00899682 -0.000896316
   0.0112056   0.00899682            0    0.0119014
  -0.0249119  0.000896316   -0.0119014            0
EndNode2[0]<--->HoM1[0]
REAL
   0.420485 -0.00587477   -0.021706    0.401503
-0.00587477   0.0566038  0.00413442 -0.00402926
  -0.021706  0.00413442   0.0579515  -0.0161841
   0.401503 -0.00402926  -0.0161841     0.46496
IMAGINARY
           0 -0.000301998   0.00839277   0.00249095
 0.000301998            0   0.00122192   -0.0149717
 -0.00839277  -0.00122192            0   0.00424937
 -0.00249095    0.0149717  -0.00424937            0
Repeater1[0]<--->EndNode1[0]
REAL
   0.43609  0.0269013  0.0020858   0.404155
 0.0269013  0.0576441 0.00861362  0.0276234
 0.0020858 0.00861362  0.0601504  0.0015437
  0.404155  0.0276234  0.0015437   0.446115
IMAGINARY
           0   -0.0112056  -0.00234728    0.0249119
   0.0112056            0   0.00899682    0.0119014
  0.00234728  -0.00899682            0 -0.000896316
  -0.0249119   -0.0119014  0.000896316            0
Repeater1[0]<--->HoM1[0]
REAL
   0.420485   -0.021706 -0.00587477    0.401503
  -0.021706   0.0579515  0.00413442  -0.0161841
-0.00587477  0.00413442   0.0566038 -0.00402926
   0.401503  -0.0161841 -0.00402926     0.46496
IMAGINARY
           0   0.00839277 -0.000301998   0.00249095
 -0.00839277            0  -0.00122192   0.00424937
 0.000301998   0.00122192            0   -0.0149717
 -0.00249095  -0.00424937    0.0149717            0
EndNode1[0]<--->Repeater1[0]
REAL
   0.451362  0.00884872   0.0060363     0.40474
 0.00884872   0.0440986  -0.0041109 -0.00792309
  0.0060363  -0.0041109   0.0440986   -0.024572
    0.40474 -0.00792309   -0.024572    0.460441
IMAGINARY
          0  0.00393206  -0.0202755   0.0184966
-0.00393206           0 -0.00761309  0.00376296
  0.0202755  0.00761309           0  0.00861747
 -0.0184966 -0.00376296 -0.00861747           0
EndNode2[0]<--->HoM1[0]
REAL
   0.466754 -0.00994873   0.0213711    0.390558
-0.00994873   0.0573664 0.000833209  -0.0114373
  0.0213711 0.000833209   0.0521512  0.00133945
   0.390558  -0.0114373  0.00133945    0.423729
IMAGINARY
          0  0.00878925 -0.00674413 -0.00334731
-0.00878925           0  -0.0134229   0.0205286
 0.00674413   0.0134229           0 -0.00502985
 0.00334731  -0.0205286  0.00502985           0
Repeater1[0]<--->EndNode1[0]
REAL
   0.451362   0.0060363  0.00884872     0.40474
  0.0060363   0.0440986  -0.0041109   -0.024572
 0.00884872  -0.0041109   0.0440986 -0.00792309
    0.40474   -0.024572 -0.00792309    0.460441
IMAGINARY
          0  -0.0202755  0.00393206   0.0184966
  0.0202755           0  0.00761309  0.00861747
-0.00393206 -0.00761309           0  0.00376296
 -0.0184966 -0.00861747 -0.00376296           0
Repeater1[0]<--->HoM1[0]
REAL
   0.466754   0.0213711 -0.00994873    0.390558
  0.0213711   0.0521512 0.000833209  0.00133945
-0.00994873 0.000833209   0.0573664  -0.0114373
   0.390558  0.00133945  -0.0114373    0.423729
IMAGINARY
          0 -0.00674413  0.00878925 -0.00334731
 0.00674413           0   0.0134229 -0.00502985
-0.00878925  -0.0134229           0   0.0205286
 0.00334731  0.00502985  -0.0205286           0
EndNode1[0]<--->Repeater1[0]
REAL
    0.46814   0.0114648   0.0181084    0.396419
  0.0114648   0.0520156 0.000264914  0.00995282
  0.0181084 0.000264914   0.0598179   0.0153209
   0.396419  0.00995282   0.0153209    0.420026
IMAGINARY
          0  -0.0136322 -0.00326966  -0.0115154
  0.0136322           0    0.014733  -0.0146791
 0.00326966   -0.014733           0   0.0123501
  0.0115154   0.0146791  -0.0123501           0
EndNode2[0]<--->HoM1[0]
REAL
   0.437669 -0.00699013 -0.00695891    0.398002
-0.00699013   0.0582656  -0.0190961 0.000448495
-0.00695891  -0.0190961   0.0474255   0.0017818
   0.398002 0.000448495   0.0017818     0.45664
IMAGINARY
           0  -0.00610492   -0.0026414    0.0105747
  0.00610492            0  0.000265415    0.0104134
   0.0026414 -0.000265415            0   0.00869559
  -0.0105747   -0.0104134  -0.00869559            0
Repeater1[0]<--->EndNode1[0]
REAL
    0.46814   0.0181084   0.0114648    0.396419
  0.0181084   0.0598179 0.000264914   0.0153209
  0.0114648 0.000264914   0.0520156  0.00995282
   0.396419   0.0153209  0.00995282    0.420026
IMAGINARY
          0 -0.00326966  -0.0136322  -0.0115154
 0.00326966           0   -0.014733   0.0123501
  0.0136322    0.014733           0  -0.0146791
  0.0115154  -0.0123501   0.0146791           0
Repeater1[0]<--->HoM1[0]
REAL
   0.437669 -0.00695891 -0.00699013    0.398002
-0.00695891   0.0474255  -0.0190961   0.0017818
-0.00699013  -0.0190961   0.0582656 0.000448495
   0.398002   0.0017818 0.000448495     0.45664
IMAGINARY
           0   -0.0026414  -0.00610492    0.0105747
   0.0026414            0 -0.000265415   0.00869559
  0.00610492  0.000265415            0    0.0104134
  -0.0105747  -0.00869559   -0.0104134            0
EndNode1[0]<--->Repeater1[0]
REAL
  0.445455 -0.0290601 0.00632808   0.394258
-0.0290601  0.0493506 0.00634837 -0.0166311
0.00632808 0.00634837  0.0350649  0.0139086
  0.394258 -0.0166311  0.0139086    0.47013
IMAGINARY
          0  -0.0208947    0.014654  -0.0113194
  0.0208947           0  0.00169171 -0.00583784
  -0.014654 -0.00169171           0   0.0108192
  0.0113194  0.00583784  -0.0108192           0
EndNode2[0]<--->HoM1[0]
REAL
   0.468443 -0.00986468 -0.00435698    0.396633
-0.00986468   0.0476858 -0.00311981 -0.00971891
-0.00435698 -0.00311981   0.0546985 -0.00788318
   0.396633 -0.00971891 -0.00788318    0.429173
IMAGINARY
          0 -0.00728494 -0.00538119  -0.0120945
 0.00728494           0  0.00204428  0.00661881
 0.00538119 -0.00204428           0   0.0196612
  0.0120945 -0.00661881  -0.0196612           0
Repeater1[0]<--->EndNode1[0]
REAL
  0.445455 0.00632808 -0.0290601   0.394258
0.00632808  0.0350649 0.00634837  0.0139086
-0.0290601 0.00634837  0.0493506 -0.0166311
  0.394258  0.0139086 -0.0166311    0.47013
IMAGINARY
          0    0.014654  -0.0208947  -0.0113194
  -0.014654           0 -0.00169171   0.0108192
  0.0208947  0.00169171           0 -0.00583784
  0.0113194  -0.0108192  0.00583784           0
Repeater1[0]<--->HoM1[0]
REAL
   0.468443 -0.00435698 -0.00986468    0.396633
-0.00435698   0.0546985 -0.00311981 -0.00788318
-0.00986468 -0.00311981   0.0476858 -0.00971891
   0.396633 -0.00788318 -0.00971891    0.429173
IMAGINARY
          0 -0.00538119 -0.00728494  -0.0120945
 0.00538119           0 -0.00204428   0.0196612
 0.00728494  0.00204428           0  0.00661881
  0.0120945  -0.0196612 -0.00661881           0
EndNode1[0]<--->Repeater1[0]
REAL
   0.456954   0.0251777   0.0212225    0.392752
  0.0251777   0.0490066 -0.00357342 -0.00101387
  0.0212225 -0.00357342   0.0437086 -0.00627288
   0.392752 -0.00101387 -0.00627288    0.450331
IMAGINARY
           0   0.00485696   0.00199665   0.00434553
 -0.00485696            0  -0.00309864 -0.000684315
 -0.00199665   0.00309864            0    -0.012731
 -0.00434553  0.000684315     0.012731            0
EndNode2[0]<--->HoM1[0]
REAL
  0.453145  0.0075954  0.0094089   0.400731
 0.0075954  0.0436457 0.00732972  0.0107422
 0.0094089 0.00732972  0.0500642  0.0062585
  0.400731  0.0107422  0.0062585   0.453145
IMAGINARY
          0  -0.0148511  0.00429873  0.00788835
  0.0148511           0  0.00788835  0.00966066
-0.00429873 -0.00788835           0  -0.0117986
-0.00788835 -0.00966066   0.0117986           0
Repeater1[0]<--->EndNode1[0]
REAL
   0.456954   0.0212225   0.0251777    0.392752
  0.0212225   0.0437086 -0.00357342 -0.00627288
  0.0251777 -0.00357342   0.0490066 -0.00101387
   0.392752 -0.00627288 -0.00101387    0.450331
IMAGINARY
           0   0.00199665   0.00485696   0.00434553
 -0.00199665            0   0.00309864    -0.012731
 -0.00485696  -0.00309864            0 -0.000684315
 -0.00434553     0.012731  0.000684315            0
Repeater1[0]<--->HoM1[0]
REAL
  0.453145  0.0094089  0.0075954   0.400731
 0.0094089  0.0500642 0.00732972  0.0062585
 0.0075954 0.00732972  0.0436457  0.0107422
  0.400731  0.0062585  0.0107422   0.453145
IMAGINARY
          0  0.00429873  -0.0148511  0.00788835
-0.00429873           0 -0.00788835  -0.0117986
  0.0148511  0.00788835           0  0.00966066
-0.00788835   0.0117986 -0.00966066           0
EndNode1[0]<--->Repeater1[0]
REAL
     0.50068    0.0150832  -0.00314015     0.398093
   0.0150832    0.0353741 -0.000909698      0.02145
 -0.00314015 -0.000909698    0.0435374    0.0130858
    0.398093      0.02145    0.0130858     0.420408
IMAGINARY
          0   0.0146674  -0.0241294  -0.0199084
 -0.0146674           0    0.020528  0.00293242
  0.0241294   -0.020528           0   0.0152578
  0.0199084 -0.00293242  -0.0152578           0
EndNode2[0]<--->HoM1[0]
REAL
     0.4677  0.00185644  0.00553583    0.389602
 0.00185644   0.0516796     0.01168 -0.00681788
 0.00553583     0.01168   0.0426357 -0.00185644
   0.389602 -0.00681788 -0.00185644    0.437984
IMAGINARY
          0  0.00142823  0.00744668  -0.0305635
-0.00142823           0  -0.0153752   0.0120338
-0.00744668   0.0153752           0  -0.0235062
  0.0305635  -0.0120338   0.0235062           0
Repeater1[0]<--->EndNode1[0]
REAL
     0.50068  -0.00314015    0.0150832     0.398093
 -0.00314015    0.0435374 -0.000909698    0.0130858
   0.0150832 -0.000909698    0.0353741      0.02145
    0.398093    0.0130858      0.02145     0.420408
IMAGINARY
          0  -0.0241294   0.0146674  -0.0199084
  0.0241294           0   -0.020528   0.0152578
 -0.0146674    0.020528           0  0.00293242
  0.0199084  -0.0152578 -0.00293242           0
Repeater1[0]<--->HoM1[0]
REAL
     0.4677  0.00553583  0.00185644    0.389602
 0.00553583   0.0426357     0.01168 -0.00185644
 0.00185644     0.01168   0.0516796 -0.00681788
   0.389602 -0.00185644 -0.00681788    0.437984
IMAGINARY
          0  0.00744668  0.00142823  -0.0305635
-0.00744668           0   0.0153752  -0.0235062
-0.00142823  -0.0153752           0   0.0120338
  0.0305635   0.0235062  -0.0120338           0
EndNode1[0]<--->Repeater1[0]
REAL
   0.463054 -0.00493738  0.00376049    0.398027
-0.00493738   0.0418719  0.00744546  0.00245841
 0.00376049  0.00744546   0.0517241 -0.00625665
   0.398027  0.00245841 -0.00625665     0.44335
IMAGINARY
          0  -0.0253411   0.0144054  -0.0237434
  0.0253411           0 -0.00230492   0.0174505
 -0.0144054  0.00230492           0 -0.00235973
  0.0237434  -0.0174505  0.00235973           0
EndNode2[0]<--->HoM1[0]
REAL
   0.421348 -0.00100942  -0.0120062    0.401935
-0.00100942   0.0449438   0.0124677 -0.00837424
 -0.0120062   0.0124677   0.0477528  -0.0125775
   0.401935 -0.00837424  -0.0125775    0.485955
IMAGINARY
          0  0.00155932  -0.0230387  -0.0238713
-0.00155932           0   0.0126493   0.0119854
  0.0230387  -0.0126493           0 -0.00220952
  0.0238713  -0.0119854  0.00220952           0
Repeater1[0]<--->EndNode1[0]
REAL
   0.463054  0.00376049 -0.00493738    0.398027
 0.00376049   0.0517241  0.00744546 -0.00625665
-0.00493738  0.00744546   0.0418719  0.00245841
   0.398027 -0.00625665  0.00245841     0.44335
IMAGINARY
          0   0.0144054  -0.0253411  -0.0237434
 -0.0144054           0  0.00230492 -0.00235973
  0.0253411 -0.00230492           0   0.0174505
  0.0237434  0.00235973  -0.0174505           0
Repeater1[0]<--->HoM1[0]
REAL
   0.421348  -0.0120062 -0.00100942    0.401935
 -0.0120062   0.0477528   0.0124677  -0.0125775
-0.00100942   0.0124677   0.0449438 -0.00837424
   0.401935  -0.0125775 -0.00837424    0.485955
IMAGINARY
          0  -0.0230387  0.00155932  -0.0238713
  0.0230387           0  -0.0126493 -0.00220952
-0.00155932   0.0126493           0   0.0119854
  0.0238713  0.00220952  -0.0119854           0
EndNode1[0]<--->Repeater1[0]
REAL
   0.473272  -0.0123929  0.00491222    0.406186
 -0.0123929   0.0508475 -0.00186047  0.00622801
 0.00491222 -0.00186047   0.0404172   0.0222225
   0.406186  0.00622801   0.0222225    0.435463
IMAGINARY
           0    0.0148187   0.00485246    0.0148376
  -0.0148187            0   -0.0104789  0.000894671
 -0.00485246    0.0104789            0   -0.0077944
  -0.0148376 -0.000894671    0.0077944            0
EndNode2[0]<--->HoM1[0]
REAL
    0.446556   0.00876981 -0.000262744     0.397753
  0.00876981    0.0510689    0.0275044   0.00412872
-0.000262744    0.0275044     0.043943  0.000250807
    0.397753   0.00412872  0.000250807     0.458432
IMAGINARY
          0   0.0130812   0.0118311  0.00882876
 -0.0130812           0  -0.0285238   0.0163472
 -0.0118311   0.0285238           0  -0.0373276
-0.00882876  -0.0163472   0.0373276           0
Repeater1[0]<--->EndNode1[0]
REAL
   0.473272  0.00491222  -0.0123929    0.406186
 0.00491222   0.0404172 -0.00186047   0.0222225
 -0.0123929 -0.00186047   0.0508475  0.00622801
   0.406186   0.0222225  0.00622801    0.435463
IMAGINARY
           0   0.00485246    0.0148187    0.0148376
 -0.00485246            0    0.0104789   -0.0077944
  -0.0148187   -0.0104789            0  0.000894671
  -0.0148376    0.0077944 -0.000894671            0
Repeater1[0]<--->HoM1[0]
REAL
    0.446556 -0.000262744   0.00876981     0.397753
-0.000262744     0.043943    0.0275044  0.000250807
  0.00876981    0.0275044    0.0510689   0.00412872
    0.397753  0.000250807   0.00412872     0.458432
IMAGINARY
          0   0.0118311   0.0130812  0.00882876
 -0.0118311           0   0.0285238  -0.0373276
 -0.0130812  -0.0285238           0   0.0163472
-0.00882876   0.0373276  -0.0163472           0
EndNode1[0]<--->Repeater1[0]
REAL
    0.474734  0.000204975 -0.000148833     0.394488
 0.000204975    0.0398936   0.00158301   -0.0118917
-0.000148833   0.00158301    0.0558511   -0.0173152
    0.394488   -0.0118917   -0.0173152     0.429521
IMAGINARY
           0  -0.00621264  0.000379016   0.00252764
  0.00621264            0  -0.00316136   0.00162902
-0.000379016   0.00316136            0    0.0149141
 -0.00252764  -0.00162902   -0.0149141            0
EndNode2[0]<--->HoM1[0]
REAL
  0.459786 0.00417031  0.0112579   0.400512
0.00417031  0.0549598 0.00139504 -0.0153451
 0.0112579 0.00139504  0.0455764 0.00536648
  0.400512 -0.0153451 0.00536648   0.439678
IMAGINARY
          0   0.0100601  0.00413585  0.00444932
 -0.0100601           0    0.023582   -0.026204
-0.00413585   -0.023582           0   0.0145301
-0.00444932    0.026204  -0.0145301           0
Repeater1[0]<--->EndNode1[0]
REAL
    0.474734 -0.000148833  0.000204975     0.394488
-0.000148833    0.0558511   0.00158301   -0.0173152
 0.000204975   0.00158301    0.0398936   -0.0118917
    0.394488   -0.0173152   -0.0118917     0.429521
IMAGINARY
           0  0.000379016  -0.00621264   0.00252764
-0.000379016            0   0.00316136    0.0149141
  0.00621264  -0.00316136            0   0.00162902
 -0.00252764   -0.0149141  -0.00162902            0
Repeater1[0]<--->HoM1[0]
REAL
  0.459786  0.0112579 0.00417031   0.400512
 0.0112579  0.0455764 0.00139504 0.00536648
0.00417031 0.00139504  0.0549598 -0.0153451
  0.400512 0.00536648 -0.0153451   0.439678
IMAGINARY
          0  0.00413585   0.0100601  0.00444932
-0.00413585           0   -0.023582   0.0145301
 -0.0100601    0.023582           0   -0.026204
-0.00444932  -0.0145301    0.026204           0
EndNode1[0]<--->Repeater1[0]
REAL
    0.433081  -0.00693608  -0.00413365     0.401242
 -0.00693608    0.0467172    0.0123535   0.00222768
 -0.00413365    0.0123535    0.0454545 -5.24798e-05
    0.401242   0.00222768 -5.24798e-05     0.474747
IMAGINARY
           0   0.00485274    0.0252759  -0.00845254
 -0.00485274            0  -0.00520156 -0.000510217
  -0.0252759   0.00520156            0    -0.022925
  0.00845254  0.000510217     0.022925            0
EndNode2[0]<--->HoM1[0]
REAL
  0.495609  0.0194393  0.0242279   0.399976
 0.0194393  0.0351317  0.0096856 0.00525769
 0.0242279  0.0096856  0.0451694  0.0125557
  0.399976 0.00525769  0.0125557    0.42409
IMAGINARY
           0   -0.0163849    0.0273833   -0.0232083
   0.0163849            0    0.0114071   0.00225101
  -0.0273833   -0.0114071            0  0.000621939
   0.0232083  -0.00225101 -0.000621939            0
Repeater1[0]<--->EndNode1[0]
REAL
    0.433081  -0.00413365  -0.00693608     0.401242
 -0.00413365    0.0454545    0.0123535 -5.24798e-05
 -0.00693608    0.0123535    0.0467172   0.00222768
    0.401242 -5.24798e-05   0.00222768     0.474747
IMAGINARY
           0    0.0252759   0.00485274  -0.00845254
  -0.0252759            0   0.00520156    -0.022925
 -0.00485274  -0.00520156            0 -0.000510217
  0.00845254     0.022925  0.000510217            0
Repeater1[0]<--->HoM1[0]
REAL
  0.495609  0.0242279  0.0194393   0.399976
 0.0242279  0.0451694  0.0096856  0.0125557
 0.0194393  0.0096856  0.0351317 0.00525769
  0.399976  0.0125557 0.00525769    0.42409
IMAGINARY
           0    0.0273833   -0.0163849   -0.0232083
  -0.0273833            0   -0.0114071  0.000621939
   0.0163849    0.0114071            0   0.00225101
   0.0232083 -0.000621939  -0.00225101            0
EndNode1[0]<--->Repeater1[0]
REAL
   0.482278   0.0173512  0.00298982    0.401225
  0.0173512   0.0544304   0.0163144    0.025806
 0.00298982   0.0163144   0.0607595 -0.00295333
   0.401225    0.025806 -0.00295333    0.402532
IMAGINARY
           0     0.022302 -0.000317662 -0.000383119
   -0.022302            0   -0.0189967  0.000317662
 0.000317662    0.0189967            0  -0.00695675
 0.000383119 -0.000317662   0.00695675            0
EndNode2[0]<--->HoM1[0]
REAL
    0.438994    0.0158404 -0.000952986     0.399628
   0.0158404    0.0427673   0.00462766  0.000952986
-0.000952986   0.00462766    0.0566038  0.000117088
    0.399628  0.000952986  0.000117088     0.461635
IMAGINARY
          0 -0.00711601 -0.00015625  0.00487815
 0.00711601           0   0.0157062  0.00765625
 0.00015625  -0.0157062           0   -0.010384
-0.00487815 -0.00765625    0.010384           0
Repeater1[0]<--->EndNode1[0]
REAL
   0.482278  0.00298982   0.0173512    0.401225
 0.00298982   0.0607595   0.0163144 -0.00295333
  0.0173512   0.0163144   0.0544304    0.025806
   0.401225 -0.00295333    0.025806    0.402532
IMAGINARY
           0 -0.000317662     0.022302 -0.000383119
 0.000317662            0    0.0189967  -0.00695675
   -0.022302   -0.0189967            0  0.000317662
 0.000383119   0.00695675 -0.000317662            0
Repeater1[0]<--->HoM1[0]
REAL
    0.438994 -0.000952986    0.0158404     0.399628
-0.000952986    0.0566038   0.00462766  0.000117088
   0.0158404   0.00462766    0.0427673  0.000952986
    0.399628  0.000117088  0.000952986     0.461635
IMAGINARY
          0 -0.00015625 -0.00711601  0.00487815
 0.00015625           0  -0.0157062   -0.010384
 0.00711601   0.0157062           0  0.00765625
-0.00487815    0.010384 -0.00765625           0
EndNode1[0]<--->Repeater1[0]
REAL
   0.453384   0.0227713   0.0100891    0.395804
  0.0227713   0.0395913 -0.00380443  0.00591086
  0.0100891 -0.00380443   0.0472542  -0.0214379
   0.395804  0.00591086  -0.0214379     0.45977
IMAGINARY
           0   0.00623251   0.00634119   -0.0204948
 -0.00623251            0  -0.00735334 -0.000474176
 -0.00634119   0.00735334            0    -0.021226
   0.0204948  0.000474176     0.021226            0
EndNode2[0]<--->HoM1[0]
REAL
   0.447165 -0.00789261  -0.0115475    0.401377
-0.00789261   0.0386598 0.000262569 0.000828724
 -0.0115475 0.000262569   0.0425258  0.00978416
   0.401377 0.000828724  0.00978416    0.471649
IMAGINARY
          0 -0.00332225  -0.0305574   0.0312147
 0.00332225           0   0.0292792   0.0208081
  0.0305574  -0.0292792           0   0.0144643
 -0.0312147  -0.0208081  -0.0144643           0
Repeater1[0]<--->EndNode1[0]
REAL
   0.453384   0.0100891   0.0227713    0.395804
  0.0100891   0.0472542 -0.00380443  -0.0214379
  0.0227713 -0.00380443   0.0395913  0.00591086
   0.395804  -0.0214379  0.00591086     0.45977
IMAGINARY
           0   0.00634119   0.00623251   -0.0204948
 -0.00634119            0   0.00735334    -0.021226
 -0.00623251  -0.00735334            0 -0.000474176
   0.0204948     0.021226  0.000474176            0
Repeater1[0]<--->HoM1[0]
REAL
   0.447165  -0.0115475 -0.00789261    0.401377
 -0.0115475   0.0425258 0.000262569  0.00978416
-0.00789261 0.000262569   0.0386598 0.000828724
   0.401377  0.00978416 0.000828724    0.471649
IMAGINARY
          0  -0.0305574 -0.00332225   0.0312147
  0.0305574           0  -0.0292792   0.0144643
 0.00332225   0.0292792           0   0.0208081
 -0.0312147  -0.0144643  -0.0208081           0
EndNode1[0]<--->Repeater1[0]
REAL
  0.457649  0.0111222  0.0108462   0.417261
 0.0111222  0.0442478 0.00522971 -0.0140229
 0.0108462 0.00522971  0.0467762 0.00476089
  0.417261 -0.0140229 0.00476089   0.451327
IMAGINARY
          0 -0.00122142  0.00607838  0.00656168
 0.00122142           0  0.00656168  -0.0144872
-0.00607838 -0.00656168           0   0.0173922
-0.00656168   0.0144872  -0.0173922           0
EndNode2[0]<--->HoM1[0]
REAL
   0.463415   0.0100916 -0.00342484    0.404819
  0.0100916    0.029525 -0.00179606    0.012241
-0.00342484 -0.00179606   0.0577664  0.00754061
   0.404819    0.012241  0.00754061    0.449294
IMAGINARY
          0  0.00497035  -0.0107305    0.036006
-0.00497035           0  -0.0146606  0.00878498
  0.0107305   0.0146606           0  0.00735131
  -0.036006 -0.00878498 -0.00735131           0
Repeater1[0]<--->EndNode1[0]
REAL
  0.457649  0.0108462  0.0111222   0.417261
 0.0108462  0.0467762 0.00522971 0.00476089
 0.0111222 0.00522971  0.0442478 -0.0140229
  0.417261 0.00476089 -0.0140229   0.451327
IMAGINARY
          0  0.00607838 -0.00122142  0.00656168
-0.00607838           0 -0.00656168   0.0173922
 0.00122142  0.00656168           0  -0.0144872
-0.00656168  -0.0173922   0.0144872           0
Repeater1[0]<--->HoM1[0]
REAL
   0.463415 -0.00342484   0.0100916    0.404819
-0.00342484   0.0577664 -0.00179606  0.00754061
  0.0100916 -0.00179606    0.029525    0.012241
   0.404819  0.00754061    0.012241    0.449294
IMAGINARY
          0  -0.0107305  0.00497035    0.036006
  0.0107305           0   0.0146606  0.00735131
-0.00497035  -0.0146606           0  0.00878498
  -0.036006 -0.00735131 -0.00878498           0
EndNode1[0]<--->Repeater1[0]
REAL
   0.457383 0.000785869   0.0102443    0.417852
0.000785869   0.0480192    0.008883  -0.0141003
  0.0102443    0.008883   0.0504202 -0.00849795
   0.417852  -0.0141003 -0.00849795    0.444178
IMAGINARY
          0  -0.0254446   0.0193862  -0.0237622
  0.0254446           0  0.00429907  0.00404089
 -0.0193862 -0.00429907           0 -0.00869198
  0.0237622 -0.00404089  0.00869198           0
EndNode2[0]<--->HoM1[0]
REAL
   0.457026 -0.00685448 -0.00719766    0.398157
-0.00685448    0.047749 -0.00250504 -0.00336134
-0.00719766 -0.00250504   0.0436562   0.0186557
   0.398157 -0.00336134   0.0186557    0.451569
IMAGINARY
           0   0.00157243  -0.00290876  -0.00676738
 -0.00157243            0  0.000517384 -0.000402496
  0.00290876 -0.000517384            0  -0.00223468
  0.00676738  0.000402496   0.00223468            0
Repeater1[0]<--->EndNode1[0]
REAL
   0.457383   0.0102443 0.000785869    0.417852
  0.0102443   0.0504202    0.008883 -0.00849795
0.000785869    0.008883   0.0480192  -0.0141003
   0.417852 -0.00849795  -0.0141003    0.444178
IMAGINARY
          0   0.0193862  -0.0254446  -0.0237622
 -0.0193862           0 -0.00429907 -0.00869198
  0.0254446  0.00429907           0  0.00404089
  0.0237622  0.00869198 -0.00404089           0
Repeater1[0]<--->HoM1[0]
REAL
   0.457026 -0.00719766 -0.00685448    0.398157
-0.00719766   0.0436562 -0.00250504   0.0186557
-0.00685448 -0.00250504    0.047749 -0.00336134
   0.398157   0.0186557 -0.00336134    0.451569
IMAGINARY
           0  -0.00290876   0.00157243  -0.00676738
  0.00290876            0 -0.000517384  -0.00223468
 -0.00157243  0.000517384            0 -0.000402496
  0.00676738   0.00223468  0.000402496            0
EndNode1[0]<--->Repeater1[0]
REAL
   0.431145 -0.00761621   0.0054149    0.419424
-0.00761621   0.0501931  -0.0145996 0.000452118
  0.0054149  -0.0145996   0.0643501   0.0121794
   0.419424 0.000452118   0.0121794    0.454311
IMAGINARY
          0   0.0135034 -0.00833926 -0.00111756
 -0.0135034           0  0.00714165   0.0141607
 0.00833926 -0.00714165           0  -0.0154439
 0.00111756  -0.0141607   0.0154439           0
EndNode2[0]<--->HoM1[0]
REAL
   0.440678  -0.0103134 -0.00930964    0.391378
 -0.0103134   0.0508475 -0.00715373  -0.0250415
-0.00930964 -0.00715373   0.0435835  -0.0202209
   0.391378  -0.0250415  -0.0202209    0.464891
IMAGINARY
          0 -0.00763632  0.00436068 -0.00415317
 0.00763632           0  0.00351946  0.00565267
-0.00436068 -0.00351946           0   0.0109741
 0.00415317 -0.00565267  -0.0109741           0
Repeater1[0]<--->EndNode1[0]
REAL
   0.431145   0.0054149 -0.00761621    0.419424
  0.0054149   0.0643501  -0.0145996   0.0121794
-0.00761621  -0.0145996   0.0501931 0.000452118
   0.419424   0.0121794 0.000452118    0.454311
IMAGINARY
          0 -0.00833926   0.0135034 -0.00111756
 0.00833926           0 -0.00714165  -0.0154439
 -0.0135034  0.00714165           0   0.0141607
 0.00111756   0.0154439  -0.0141607           0
Repeater1[0]<--->HoM1[0]
REAL
   0.440678 -0.00930964  -0.0103134    0.391378
-0.00930964   0.0435835 -0.00715373  -0.0202209
 -0.0103134 -0.00715373   0.0508475  -0.0250415
   0.391378  -0.0202209  -0.0250415    0.464891
IMAGINARY
          0  0.00436068 -0.00763632 -0.00415317
-0.00436068           0 -0.00351946   0.0109741
 0.00763632  0.00351946           0  0.00565267
 0.00415317  -0.0109741 -0.00565267           0
EndNode1[0]<--->Repeater1[0]
REAL
   0.477124  -0.0118185  0.00192279    0.385668
 -0.0118185   0.0444444  0.00204699 -0.00918832
 0.00192279  0.00204699   0.0562092 -0.00997804
   0.385668 -0.00918832 -0.00997804    0.422222
IMAGINARY
          0   0.0215813  -0.0260348  0.00423806
 -0.0215813           0  -0.0164646 -0.00557442
  0.0260348   0.0164646           0   0.0172118
-0.00423806  0.00557442  -0.0172118           0
EndNode2[0]<--->HoM1[0]
REAL
   0.423226   0.0114118 -0.00603727    0.401064
  0.0114118   0.0477419 -0.00767652  0.00401298
-0.00603727 -0.00767652   0.0593548  0.00950585
   0.401064  0.00401298  0.00950585    0.469677
IMAGINARY
           0   -0.0191386    0.0192555 -3.39615e-05
   0.0191386            0  -0.00307163  2.47182e-05
  -0.0192555   0.00307163            0   0.00628513
 3.39615e-05 -2.47182e-05  -0.00628513            0
Repeater1[0]<--->EndNode1[0]
REAL
   0.477124  0.00192279  -0.0118185    0.385668
 0.00192279   0.0562092  0.00204699 -0.00997804
 -0.0118185  0.00204699   0.0444444 -0.00918832
   0.385668 -0.00997804 -0.00918832    0.422222
IMAGINARY
          0  -0.0260348   0.0215813  0.00423806
  0.0260348           0   0.0164646   0.0172118
 -0.0215813  -0.0164646           0 -0.00557442
-0.00423806  -0.0172118  0.00557442           0
Repeater1[0]<--->HoM1[0]
REAL
   0.423226 -0.00603727   0.0114118    0.401064
-0.00603727   0.0593548 -0.00767652  0.00950585
  0.0114118 -0.00767652   0.0477419  0.00401298
   0.401064  0.00950585  0.00401298    0.469677
IMAGINARY
           0    0.0192555   -0.0191386 -3.39615e-05
  -0.0192555            0   0.00307163   0.00628513
   0.0191386  -0.00307163            0  2.47182e-05
 3.39615e-05  -0.00628513 -2.47182e-05            0
EndNode1[0]<--->Repeater1[0]
REAL
   0.464945 -0.00515971 -0.00621372    0.400084
-0.00515971   0.0455105   0.0090074  0.00498522
-0.00621372   0.0090074   0.0455105   0.0039312
   0.400084  0.00498522   0.0039312    0.444034
IMAGINARY
          0  -0.0081143  0.00492341  0.00388437
  0.0081143           0 -0.00323077  0.00819995
-0.00492341  0.00323077           0 -0.00107205
-0.00388437 -0.00819995  0.00107205           0
EndNode2[0]<--->HoM1[0]
REAL
  0.452528  0.0165317 0.00789474   0.405258
 0.0165317  0.0493218  0.0065845 -0.0118421
0.00789474  0.0065845   0.053021  -0.027058
  0.405258 -0.0118421  -0.027058   0.445129
IMAGINARY
           0   -0.0105545   0.00854196    0.0165827
   0.0105545            0   0.00572701   0.00171136
 -0.00854196  -0.00572701            0  0.000301183
  -0.0165827  -0.00171136 -0.000301183            0
Repeater1[0]<--->EndNode1[0]
REAL
   0.464945 -0.00621372 -0.00515971    0.400084
-0.00621372   0.0455105   0.0090074   0.0039312
-0.00515971   0.0090074   0.0455105  0.00498522
   0.400084   0.0039312  0.00498522    0.444034
IMAGINARY
          0  0.00492341  -0.0081143  0.00388437
-0.00492341           0  0.00323077 -0.00107205
  0.0081143 -0.00323077           0  0.00819995
-0.00388437  0.00107205 -0.00819995           0
Repeater1[0]<--->HoM1[0]
REAL
  0.452528 0.00789474  0.0165317   0.405258
0.00789474   0.053021  0.0065845  -0.027058
 0.0165317  0.0065845  0.0493218 -0.0118421
  0.405258  -0.027058 -0.0118421   0.445129
IMAGINARY
           0   0.00854196   -0.0105545    0.0165827
 -0.00854196            0  -0.00572701  0.000301183
   0.0105545   0.00572701            0   0.00171136
  -0.0165827 -0.000301183  -0.00171136            0
EndNode1[0]<--->Repeater1[0]
REAL
   0.432099 -0.00160007 -0.00616083    0.379618
-0.00160007   0.0562414  0.00656093  0.00616083
-0.00616083  0.00656093   0.0356653   0.0043101
   0.379618  0.00616083   0.0043101    0.475995
IMAGINARY
