EndNode1[0]<--->Repeater1[0]
REAL
  0.441019 -0.0160096 -0.0103196   0.174127
-0.0160096  0.0844504 -0.0136008 -0.0028383
-0.0103196 -0.0136008   0.077748 -0.0103062
  0.174127 -0.0028383 -0.0103062   0.396783
IMAGINARY
          0   -0.011173  0.00654637   0.0150738
   0.011173           0   0.0144133  0.00135156
-0.00654637  -0.0144133           0   0.0166408
 -0.0150738 -0.00135156  -0.0166408           0
EndNode2[0]<--->HoM1[0]
REAL
   0.442645 0.000958892   0.0136298    0.160329
0.000958892    0.097166  0.00282895 0.000843841
  0.0136298  0.00282895   0.0674764 -0.00753784
   0.160329 0.000843841 -0.00753784    0.392713
IMAGINARY
          0 -0.00769757  0.00498561   0.0112223
 0.00769757           0  0.00743442  0.00626439
-0.00498561 -0.00743442           0  0.00644757
 -0.0112223 -0.00626439 -0.00644757           0
Repeater1[0]<--->EndNode1[0]
REAL
  0.441019 -0.0103196 -0.0160096   0.174127
-0.0103196   0.077748 -0.0136008 -0.0103062
-0.0160096 -0.0136008  0.0844504 -0.0028383
  0.174127 -0.0103062 -0.0028383   0.396783
IMAGINARY
          0  0.00654637   -0.011173   0.0150738
-0.00654637           0  -0.0144133   0.0166408
   0.011173   0.0144133           0  0.00135156
 -0.0150738  -0.0166408 -0.00135156           0
Repeater1[0]<--->HoM1[0]
REAL
   0.442645   0.0136298 0.000958892    0.160329
  0.0136298   0.0674764  0.00282895 -0.00753784
0.000958892  0.00282895    0.097166 0.000843841
   0.160329 -0.00753784 0.000843841    0.392713
IMAGINARY
          0  0.00498561 -0.00769757   0.0112223
-0.00498561           0 -0.00743442  0.00644757
 0.00769757  0.00743442           0  0.00626439
 -0.0112223 -0.00644757 -0.00626439           0
EndNode1[0]<--->Repeater1[0]
REAL
   0.442332   0.0147251    0.012214    0.168064
  0.0147251   0.0709759  0.00761147   0.0154565
   0.012214  0.00761147   0.0684411 7.54166e-05
   0.168064   0.0154565 7.54166e-05    0.418251
IMAGINARY
          0  -0.0112667  0.00308672   0.0154325
  0.0112667           0     0.01799 -0.00907873
-0.00308672    -0.01799           0 -0.00804089
 -0.0154325  0.00907873  0.00804089           0
EndNode2[0]<--->HoM1[0]
REAL
  0.451031 0.00273847 -0.0157142   0.160648
0.00273847  0.0773196 -0.0155666 0.00637419
-0.0157142 -0.0155666  0.0786082  0.0140735
  0.160648 0.00637419  0.0140735   0.393041
IMAGINARY
          0   -0.015855  -0.0108376 -0.00543963
   0.015855           0  0.00218866    0.010215
  0.0108376 -0.00218866           0  0.00651502
 0.00543963   -0.010215 -0.00651502           0
Repeater1[0]<--->EndNode1[0]
REAL
   0.442332    0.012214   0.0147251    0.168064
   0.012214   0.0684411  0.00761147 7.54166e-05
  0.0147251  0.00761147   0.0709759   0.0154565
   0.168064 7.54166e-05   0.0154565    0.418251
IMAGINARY
          0  0.00308672  -0.0112667   0.0154325
-0.00308672           0    -0.01799 -0.00804089
  0.0112667     0.01799           0 -0.00907873
 -0.0154325  0.00804089  0.00907873           0
Repeater1[0]<--->HoM1[0]
REAL
  0.451031 -0.0157142 0.00273847   0.160648
-0.0157142  0.0786082 -0.0155666  0.0140735
0.00273847 -0.0155666  0.0773196 0.00637419
  0.160648  0.0140735 0.00637419   0.393041
IMAGINARY
          0  -0.0108376   -0.015855 -0.00543963
  0.0108376           0 -0.00218866  0.00651502
   0.015855  0.00218866           0    0.010215
 0.00543963 -0.00651502   -0.010215           0
EndNode1[0]<--->Repeater1[0]
REAL
  0.434457 -0.0220358 -0.0172703    0.15438
-0.0220358  0.0886392  -0.016163 -0.0101182
-0.0172703  -0.016163  0.0611735  -0.002805
   0.15438 -0.0101182  -0.002805    0.41573
IMAGINARY
          0  0.00360397   0.0131879  -0.0195382
-0.00360397           0 -0.00873768    0.001024
 -0.0131879  0.00873768           0  -0.0139399
  0.0195382   -0.001024   0.0139399           0
EndNode2[0]<--->HoM1[0]
REAL
   0.443122  -0.0035628  0.00502289    0.154321
 -0.0035628   0.0727513 -0.00491873   0.0142334
 0.00502289 -0.00491873   0.0674603   0.0228191
   0.154321   0.0142334   0.0228191    0.416667
IMAGINARY
          0 -0.00069717 -0.00156834  -0.0012298
 0.00069717           0   0.0078611   0.0140192
 0.00156834  -0.0078611           0  -0.0117537
  0.0012298  -0.0140192   0.0117537           0
Repeater1[0]<--->EndNode1[0]
REAL
  0.434457 -0.0172703 -0.0220358    0.15438
-0.0172703  0.0611735  -0.016163  -0.002805
-0.0220358  -0.016163  0.0886392 -0.0101182
   0.15438  -0.002805 -0.0101182    0.41573
IMAGINARY
          0   0.0131879  0.00360397  -0.0195382
 -0.0131879           0  0.00873768  -0.0139399
-0.00360397 -0.00873768           0    0.001024
  0.0195382   0.0139399   -0.001024           0
Repeater1[0]<--->HoM1[0]
REAL
   0.443122  0.00502289  -0.0035628    0.154321
 0.00502289   0.0674603 -0.00491873   0.0228191
 -0.0035628 -0.00491873   0.0727513   0.0142334
   0.154321   0.0228191   0.0142334    0.416667
IMAGINARY
          0 -0.00156834 -0.00069717  -0.0012298
 0.00156834           0  -0.0078611  -0.0117537
 0.00069717   0.0078611           0   0.0140192
  0.0012298   0.0117537  -0.0140192           0
EndNode1[0]<--->Repeater1[0]
REAL
   0.431319 -0.00683235  0.00854574    0.160628
-0.00683235    0.081044   0.0025301  0.00592794
 0.00854574   0.0025301   0.0604396 -0.00500975
   0.160628  0.00592794 -0.00500975    0.427198
IMAGINARY
          0   0.0217435  -0.0231869   -0.021659
 -0.0217435           0  0.00737327   0.0039067
  0.0231869 -0.00737327           0  0.00781947
   0.021659  -0.0039067 -0.00781947           0
EndNode2[0]<--->HoM1[0]
REAL
     0.42743  -0.00779499   0.00539812     0.153863
 -0.00779499    0.0625832 -0.000959555  -0.00346264
  0.00539812 -0.000959555    0.0825566   -0.0276889
    0.153863  -0.00346264   -0.0276889      0.42743
IMAGINARY
          0  0.00264944 -0.00918664  -0.0149625
-0.00264944           0  -0.0234991 -0.00984889
 0.00918664   0.0234991           0  0.00877188
  0.0149625  0.00984889 -0.00877188           0
Repeater1[0]<--->EndNode1[0]
REAL
   0.431319  0.00854574 -0.00683235    0.160628
 0.00854574   0.0604396   0.0025301 -0.00500975
-0.00683235   0.0025301    0.081044  0.00592794
   0.160628 -0.00500975  0.00592794    0.427198
IMAGINARY
          0  -0.0231869   0.0217435   -0.021659
  0.0231869           0 -0.00737327  0.00781947
 -0.0217435  0.00737327           0   0.0039067
   0.021659 -0.00781947  -0.0039067           0
Repeater1[0]<--->HoM1[0]
REAL
     0.42743   0.00539812  -0.00779499     0.153863
  0.00539812    0.0825566 -0.000959555   -0.0276889
 -0.00779499 -0.000959555    0.0625832  -0.00346264
    0.153863   -0.0276889  -0.00346264      0.42743
IMAGINARY
          0 -0.00918664  0.00264944  -0.0149625
 0.00918664           0   0.0234991  0.00877188
-0.00264944  -0.0234991           0 -0.00984889
  0.0149625 -0.00877188  0.00984889           0
EndNode1[0]<--->Repeater1[0]
REAL
   0.420026 -0.00597271  0.00842727    0.162247
-0.00597271   0.0819246  0.00711876  -0.0023544
 0.00842727  0.00711876   0.0702211  -0.0189935
   0.162247  -0.0023544  -0.0189935    0.427828
IMAGINARY
          0   0.0122235  -0.0024864   0.0151492
 -0.0122235           0  0.00183197  0.00761461
  0.0024864 -0.00183197           0   -0.049403
 -0.0151492 -0.00761461    0.049403           0
EndNode2[0]<--->HoM1[0]
REAL
  0.420716 0.00762176  0.0135042   0.162013
0.00762176  0.0780051  0.0231956  0.0199977
 0.0135042  0.0231956  0.0741688 0.00185991
  0.162013  0.0199977 0.00185991    0.42711
IMAGINARY
          0  0.00229938 -0.00608315   0.0060939
-0.00229938           0  -0.0348897   0.0022271
 0.00608315   0.0348897           0   0.0054127
 -0.0060939  -0.0022271  -0.0054127           0
Repeater1[0]<--->EndNode1[0]
REAL
   0.420026  0.00842727 -0.00597271    0.162247
 0.00842727   0.0702211  0.00711876  -0.0189935
-0.00597271  0.00711876   0.0819246  -0.0023544
   0.162247  -0.0189935  -0.0023544    0.427828
IMAGINARY
          0  -0.0024864   0.0122235   0.0151492
  0.0024864           0 -0.00183197   -0.049403
 -0.0122235  0.00183197           0  0.00761461
 -0.0151492    0.049403 -0.00761461           0
Repeater1[0]<--->HoM1[0]
REAL
  0.420716  0.0135042 0.00762176   0.162013
 0.0135042  0.0741688  0.0231956 0.00185991
0.00762176  0.0231956  0.0780051  0.0199977
  0.162013 0.00185991  0.0199977    0.42711
IMAGINARY
          0 -0.00608315  0.00229938   0.0060939
 0.00608315           0   0.0348897   0.0054127
-0.00229938  -0.0348897           0   0.0022271
 -0.0060939  -0.0054127  -0.0022271           0
EndNode1[0]<--->Repeater1[0]
REAL
   0.400527  -0.0197687 -0.00642217    0.166836
 -0.0197687   0.0909091  -0.0222502  -0.0133231
-0.00642217  -0.0222502   0.0592885  -0.0190848
   0.166836  -0.0133231  -0.0190848    0.449275
IMAGINARY
           0   0.00340636 -0.000941382   -0.0117272
 -0.00340636            0   0.00873317  -0.00159669
 0.000941382  -0.00873317            0  -0.00975154
   0.0117272   0.00159669   0.00975154            0
EndNode2[0]<--->HoM1[0]
REAL
    0.439264    0.0127971 -0.000567434     0.138906
   0.0127971    0.0674847   -0.0145336    0.0269493
-0.000567434   -0.0145336    0.0539877   -0.0027469
    0.138906    0.0269493   -0.0027469     0.439264
IMAGINARY
          0  0.00942397  -0.0124006  0.00390625
-0.00942397           0  0.00390625  0.00975509
  0.0124006 -0.00390625           0 -0.00148746
-0.00390625 -0.00975509  0.00148746           0
Repeater1[0]<--->EndNode1[0]
REAL
   0.400527 -0.00642217  -0.0197687    0.166836
-0.00642217   0.0592885  -0.0222502  -0.0190848
 -0.0197687  -0.0222502   0.0909091  -0.0133231
   0.166836  -0.0190848  -0.0133231    0.449275
IMAGINARY
           0 -0.000941382   0.00340636   -0.0117272
 0.000941382            0  -0.00873317  -0.00975154
 -0.00340636   0.00873317            0  -0.00159669
   0.0117272   0.00975154   0.00159669            0
Repeater1[0]<--->HoM1[0]
REAL
    0.439264 -0.000567434    0.0127971     0.138906
-0.000567434    0.0539877   -0.0145336   -0.0027469
   0.0127971   -0.0145336    0.0674847    0.0269493
    0.138906   -0.0027469    0.0269493     0.439264
IMAGINARY
          0  -0.0124006  0.00942397  0.00390625
  0.0124006           0 -0.00390625 -0.00148746
-0.00942397  0.00390625           0  0.00975509
-0.00390625  0.00148746 -0.00975509           0
EndNode1[0]<--->Repeater1[0]
REAL
   0.440154 -0.00752999   0.0178026    0.157744
-0.00752999   0.0656371  0.00934806 -0.00759849
  0.0178026  0.00934806   0.0746461  0.00625448
   0.157744 -0.00759849  0.00625448    0.419562
IMAGINARY
           0  -0.00132119    0.0173052   -0.0160161
  0.00132119            0    0.0096709  -0.00126243
  -0.0173052   -0.0096709            0 -1.57077e-05
   0.0160161   0.00126243  1.57077e-05            0
EndNode2[0]<--->HoM1[0]
REAL
   0.424042  -0.0263872  -0.0134065    0.152058
 -0.0263872   0.0752972 -0.00107807  -0.0120837
 -0.0134065 -0.00107807   0.0700132  -0.0108677
   0.152058  -0.0120837  -0.0108677    0.430647
IMAGINARY
           0  -0.00897266   0.00267828   0.00793703
  0.00897266            0  -0.00666151    0.0053168
 -0.00267828   0.00666151            0  0.000977584
 -0.00793703   -0.0053168 -0.000977584            0
Repeater1[0]<--->EndNode1[0]
REAL
   0.440154   0.0178026 -0.00752999    0.157744
  0.0178026   0.0746461  0.00934806  0.00625448
-0.00752999  0.00934806   0.0656371 -0.00759849
   0.157744  0.00625448 -0.00759849    0.419562
IMAGINARY
           0    0.0173052  -0.00132119   -0.0160161
  -0.0173052            0   -0.0096709 -1.57077e-05
  0.00132119    0.0096709            0  -0.00126243
   0.0160161  1.57077e-05   0.00126243            0
Repeater1[0]<--->HoM1[0]
REAL
   0.424042  -0.0134065  -0.0263872    0.152058
 -0.0134065   0.0700132 -0.00107807  -0.0108677
 -0.0263872 -0.00107807   0.0752972  -0.0120837
   0.152058  -0.0108677  -0.0120837    0.430647
IMAGINARY
           0   0.00267828  -0.00897266   0.00793703
 -0.00267828            0   0.00666151  0.000977584
  0.00897266  -0.00666151            0    0.0053168
 -0.00793703 -0.000977584   -0.0053168            0
EndNode1[0]<--->Repeater1[0]
REAL
   0.422446  0.00571806  -0.0114458    0.173504
 0.00571806   0.0718789   0.0263684 -0.00196415
 -0.0114458   0.0263684   0.0844893 2.90626e-05
   0.173504 -0.00196415 2.90626e-05    0.421185
IMAGINARY
          0  -0.0113609  -0.0248853 -0.00454613
  0.0113609           0  0.00656498  -0.0128752
  0.0248853 -0.00656498           0 -0.00426411
 0.00454613   0.0128752  0.00426411           0
EndNode2[0]<--->HoM1[0]
REAL
   0.428224  0.00327565 -0.00874193    0.137597
 0.00327565   0.0620438  -0.0102905  0.00197686
-0.00874193  -0.0102905   0.0742092  0.00594944
   0.137597  0.00197686  0.00594944    0.435523
IMAGINARY
          0    0.011479  0.00289155   0.0246633
  -0.011479           0  -0.0165281    0.011193
-0.00289155   0.0165281           0  0.00542244
 -0.0246633   -0.011193 -0.00542244           0
Repeater1[0]<--->EndNode1[0]
REAL
   0.422446  -0.0114458  0.00571806    0.173504
 -0.0114458   0.0844893   0.0263684 2.90626e-05
 0.00571806   0.0263684   0.0718789 -0.00196415
   0.173504 2.90626e-05 -0.00196415    0.421185
IMAGINARY
          0  -0.0248853  -0.0113609 -0.00454613
  0.0248853           0 -0.00656498 -0.00426411
  0.0113609  0.00656498           0  -0.0128752
 0.00454613  0.00426411   0.0128752           0
Repeater1[0]<--->HoM1[0]
REAL
   0.428224 -0.00874193  0.00327565    0.137597
-0.00874193   0.0742092  -0.0102905  0.00594944
 0.00327565  -0.0102905   0.0620438  0.00197686
   0.137597  0.00594944  0.00197686    0.435523
IMAGINARY
          0  0.00289155    0.011479   0.0246633
-0.00289155           0   0.0165281  0.00542244
  -0.011479  -0.0165281           0    0.011193
 -0.0246633 -0.00542244   -0.011193           0
EndNode1[0]<--->Repeater1[0]
REAL
    0.40824 -0.00483953 -0.00174747    0.183443
-0.00483953   0.0911361 -0.00297702  0.00886261
-0.00174747 -0.00297702   0.0611735   0.0132483
   0.183443  0.00886261   0.0132483    0.439451
IMAGINARY
           0  -0.00084579   0.00148846  0.000652742
  0.00084579            0    0.0124021    -0.011365
 -0.00148846   -0.0124021            0    0.0107223
-0.000652742     0.011365   -0.0107223            0
EndNode2[0]<--->HoM1[0]
REAL
  0.403394  0.0105847 -0.0167781   0.162931
 0.0105847  0.0953003  0.0132344 0.00252944
-0.0167781  0.0132344  0.0548303   -0.01188
  0.162931 0.00252944   -0.01188   0.446475
IMAGINARY
          0 -0.00691679  -0.0129818 -0.00751084
 0.00691679           0   0.0199617   0.0123758
  0.0129818  -0.0199617           0  0.00631073
 0.00751084  -0.0123758 -0.00631073           0
Repeater1[0]<--->EndNode1[0]
REAL
    0.40824 -0.00174747 -0.00483953    0.183443
-0.00174747   0.0611735 -0.00297702   0.0132483
-0.00483953 -0.00297702   0.0911361  0.00886261
   0.183443   0.0132483  0.00886261    0.439451
IMAGINARY
           0   0.00148846  -0.00084579  0.000652742
 -0.00148846            0   -0.0124021    0.0107223
  0.00084579    0.0124021            0    -0.011365
-0.000652742   -0.0107223     0.011365            0
Repeater1[0]<--->HoM1[0]
REAL
  0.403394 -0.0167781  0.0105847   0.162931
-0.0167781  0.0548303  0.0132344   -0.01188
 0.0105847  0.0132344  0.0953003 0.00252944
  0.162931   -0.01188 0.00252944   0.446475
IMAGINARY
          0  -0.0129818 -0.00691679 -0.00751084
  0.0129818           0  -0.0199617  0.00631073
 0.00691679   0.0199617           0   0.0123758
 0.00751084 -0.00631073  -0.0123758           0
EndNode1[0]<--->Repeater1[0]
REAL
   0.404884 -0.00274965  -0.0104252    0.159039
-0.00274965   0.0796915 -0.00328158   0.0110312
 -0.0104252 -0.00328158   0.0706941   0.0179012
   0.159039   0.0110312   0.0179012     0.44473
IMAGINARY
           0  -0.00252786  -0.00644438 -0.000776757
  0.00252786            0    0.0183778   -0.0254983
  0.00644438   -0.0183778            0   0.00969865
 0.000776757    0.0254983  -0.00969865            0
EndNode2[0]<--->HoM1[0]
REAL
   0.424442   0.0153079 -0.00451152    0.184998
  0.0153079   0.0591327  -0.0179096  0.00830899
-0.00451152  -0.0179096   0.0788436  0.00494524
   0.184998  0.00830899  0.00494524    0.437582
IMAGINARY
          0  0.00895836   0.0264536  0.00931976
-0.00895836           0 -0.00173355  -0.0144435
 -0.0264536  0.00173355           0  -0.0121189
-0.00931976   0.0144435   0.0121189           0
Repeater1[0]<--->EndNode1[0]
REAL
   0.404884  -0.0104252 -0.00274965    0.159039
 -0.0104252   0.0706941 -0.00328158   0.0179012
-0.00274965 -0.00328158   0.0796915   0.0110312
   0.159039   0.0179012   0.0110312     0.44473
IMAGINARY
           0  -0.00644438  -0.00252786 -0.000776757
  0.00644438            0   -0.0183778   0.00969865
  0.00252786    0.0183778            0   -0.0254983
 0.000776757  -0.00969865    0.0254983            0
Repeater1[0]<--->HoM1[0]
REAL
   0.424442 -0.00451152   0.0153079    0.184998
-0.00451152   0.0788436  -0.0179096  0.00494524
  0.0153079  -0.0179096   0.0591327  0.00830899
   0.184998  0.00494524  0.00830899    0.437582
IMAGINARY
          0   0.0264536  0.00895836  0.00931976
 -0.0264536           0  0.00173355  -0.0121189
-0.00895836 -0.00173355           0  -0.0144435
-0.00931976   0.0121189   0.0144435           0
EndNode1[0]<--->Repeater1[0]
REAL
   0.418109   0.0106364  -0.0255942    0.155775
  0.0106364   0.0679095 -0.00596976  0.00808451
 -0.0255942 -0.00596976   0.0479361 -0.00479983
   0.155775  0.00808451 -0.00479983    0.466045
IMAGINARY
           0   0.00738415  0.000651626      0.01239
 -0.00738415            0   -0.0260716  1.95148e-05
-0.000651626    0.0260716            0   -0.0134244
    -0.01239 -1.95148e-05    0.0134244            0
EndNode2[0]<--->HoM1[0]
REAL
    0.44723  0.00753535    -0.02093    0.153633
 0.00753535   0.0712401 -0.00710371  -0.0343399
   -0.02093 -0.00710371   0.0672823 -0.00496465
   0.153633  -0.0343399 -0.00496465    0.414248
IMAGINARY
          0  0.00390224   0.0102024  -0.0153744
-0.00390224           0 -0.00588929 -0.00575509
 -0.0102024  0.00588929           0  -0.0197853
  0.0153744  0.00575509   0.0197853           0
Repeater1[0]<--->EndNode1[0]
REAL
   0.418109  -0.0255942   0.0106364    0.155775
 -0.0255942   0.0479361 -0.00596976 -0.00479983
  0.0106364 -0.00596976   0.0679095  0.00808451
   0.155775 -0.00479983  0.00808451    0.466045
IMAGINARY
           0  0.000651626   0.00738415      0.01239
-0.000651626            0    0.0260716   -0.0134244
 -0.00738415   -0.0260716            0  1.95148e-05
    -0.01239    0.0134244 -1.95148e-05            0
Repeater1[0]<--->HoM1[0]
REAL
    0.44723    -0.02093  0.00753535    0.153633
   -0.02093   0.0672823 -0.00710371 -0.00496465
 0.00753535 -0.00710371   0.0712401  -0.0343399
   0.153633 -0.00496465  -0.0343399    0.414248
IMAGINARY
          0   0.0102024  0.00390224  -0.0153744
 -0.0102024           0  0.00588929  -0.0197853
-0.00390224 -0.00588929           0 -0.00575509
  0.0153744   0.0197853  0.00575509           0
EndNode1[0]<--->Repeater1[0]
REAL
   0.458995  0.00507493  0.00264768    0.156381
 0.00507493   0.0595238 -0.00940131  0.00205031
 0.00264768 -0.00940131   0.0727513  0.00096534
   0.156381  0.00205031  0.00096534     0.40873
IMAGINARY
           0   0.00406967   -0.0180268   -0.0319201
 -0.00406967            0  0.000825532   0.00343789
   0.0180268 -0.000825532            0    -0.021311
   0.0319201  -0.00343789     0.021311            0
EndNode2[0]<--->HoM1[0]
REAL
   0.417414  0.00591943  0.00849749    0.152816
 0.00591943   0.0742638 -0.00748942  -0.0142593
 0.00849749 -0.00748942    0.056338  -0.0129617
   0.152816  -0.0142593  -0.0129617    0.451985
IMAGINARY
          0  0.00736502  -0.0102435  -0.0181677
-0.00736502           0  -0.0175466  0.00260994
  0.0102435   0.0175466           0  0.00917442
  0.0181677 -0.00260994 -0.00917442           0
Repeater1[0]<--->EndNode1[0]
REAL
   0.458995  0.00264768  0.00507493    0.156381
 0.00264768   0.0727513 -0.00940131  0.00096534
 0.00507493 -0.00940131   0.0595238  0.00205031
   0.156381  0.00096534  0.00205031     0.40873
IMAGINARY
           0   -0.0180268   0.00406967   -0.0319201
   0.0180268            0 -0.000825532    -0.021311
 -0.00406967  0.000825532            0   0.00343789
   0.0319201     0.021311  -0.00343789            0
Repeater1[0]<--->HoM1[0]
REAL
   0.417414  0.00849749  0.00591943    0.152816
 0.00849749    0.056338 -0.00748942  -0.0129617
 0.00591943 -0.00748942   0.0742638  -0.0142593
   0.152816  -0.0129617  -0.0142593    0.451985
IMAGINARY
          0  -0.0102435  0.00736502  -0.0181677
  0.0102435           0   0.0175466  0.00917442
-0.00736502  -0.0175466           0  0.00260994
  0.0181677 -0.00917442 -0.00260994           0
EndNode1[0]<--->Repeater1[0]
REAL
   0.447816  -0.0184817 0.000866739    0.135454
 -0.0184817   0.0849515  0.00317912   0.0208153
0.000866739  0.00317912   0.0776699 -0.00845659
   0.135454   0.0208153 -0.00845659    0.389563
IMAGINARY
           0    0.0165747     0.013871    0.0215901
  -0.0165747            0 -0.000498271   -0.0112255
   -0.013871  0.000498271            0   -0.0139292
  -0.0215901    0.0112255    0.0139292            0
EndNode2[0]<--->HoM1[0]
REAL
    0.401821 -0.000232207   -0.0131466     0.148187
-0.000232207     0.076723    0.0133707   -0.0117577
  -0.0131466    0.0133707     0.076723    0.0149193
    0.148187   -0.0117577    0.0149193     0.444733
IMAGINARY
          0   0.0117801  0.00426878   0.0218328
 -0.0117801           0  -0.0148971  0.00751132
-0.00426878   0.0148971           0  -0.0039267
 -0.0218328 -0.00751132   0.0039267           0
Repeater1[0]<--->EndNode1[0]
REAL
   0.447816 0.000866739  -0.0184817    0.135454
0.000866739   0.0776699  0.00317912 -0.00845659
 -0.0184817  0.00317912   0.0849515   0.0208153
   0.135454 -0.00845659   0.0208153    0.389563
IMAGINARY
           0     0.013871    0.0165747    0.0215901
   -0.013871            0  0.000498271   -0.0139292
  -0.0165747 -0.000498271            0   -0.0112255
  -0.0215901    0.0139292    0.0112255            0
Repeater1[0]<--->HoM1[0]
REAL
    0.401821   -0.0131466 -0.000232207     0.148187
  -0.0131466     0.076723    0.0133707    0.0149193
-0.000232207    0.0133707     0.076723   -0.0117577
    0.148187    0.0149193   -0.0117577     0.444733
IMAGINARY
          0  0.00426878   0.0117801   0.0218328
-0.00426878           0   0.0148971  -0.0039267
 -0.0117801  -0.0148971           0  0.00751132
 -0.0218328   0.0039267 -0.00751132           0
EndNode1[0]<--->Repeater1[0]
REAL
   0.407068 1.00414e-05   0.0111212    0.145505
1.00414e-05   0.0667539  0.00565802  0.00438267
  0.0111212  0.00565802   0.0903141 -0.00776198
   0.145505  0.00438267 -0.00776198    0.435864
IMAGINARY
          0 -0.00897984   0.0121451  -0.0028242
 0.00897984           0   0.0219283  0.00254201
 -0.0121451  -0.0219283           0  -0.0108158
  0.0028242 -0.00254201   0.0108158           0
EndNode2[0]<--->HoM1[0]
REAL
  0.409488 -0.0105646  0.0023214   0.152379
-0.0105646  0.0761548 0.00804896 0.00168929
 0.0023214 0.00804896   0.093633  0.0172491
  0.152379 0.00168929  0.0172491   0.420724
IMAGINARY
          0  -0.0048706   0.0141833 -0.00654283
  0.0048706           0 -0.00531734  -0.0154719
 -0.0141833  0.00531734           0  0.00358194
 0.00654283   0.0154719 -0.00358194           0
Repeater1[0]<--->EndNode1[0]
REAL
   0.407068   0.0111212 1.00414e-05    0.145505
  0.0111212   0.0903141  0.00565802 -0.00776198
1.00414e-05  0.00565802   0.0667539  0.00438267
   0.145505 -0.00776198  0.00438267    0.435864
IMAGINARY
          0   0.0121451 -0.00897984  -0.0028242
 -0.0121451           0  -0.0219283  -0.0108158
 0.00897984   0.0219283           0  0.00254201
  0.0028242   0.0108158 -0.00254201           0
Repeater1[0]<--->HoM1[0]
REAL
  0.409488  0.0023214 -0.0105646   0.152379
 0.0023214   0.093633 0.00804896  0.0172491
-0.0105646 0.00804896  0.0761548 0.00168929
  0.152379  0.0172491 0.00168929   0.420724
IMAGINARY
          0   0.0141833  -0.0048706 -0.00654283
 -0.0141833           0  0.00531734  0.00358194
  0.0048706 -0.00531734           0  -0.0154719
 0.00654283 -0.00358194   0.0154719           0
EndNode1[0]<--->Repeater1[0]
REAL
    0.432642 -0.000154832   -0.0213251      0.16539
-0.000154832    0.0673575   0.00127714  -0.00322272
  -0.0213251   0.00127714    0.0790155   -0.0114731
     0.16539  -0.00322272   -0.0114731     0.420984
IMAGINARY
          0 -0.00288167 -0.00875102   -0.017015
 0.00288167           0  0.00303362   0.0183296
 0.00875102 -0.00303362           0 -0.00541974
   0.017015  -0.0183296  0.00541974           0
EndNode2[0]<--->HoM1[0]
REAL
    0.43734   0.0130598  0.00714372      0.1307
  0.0130598   0.0741688 -0.00198023  -0.0168462
 0.00714372 -0.00198023   0.0664962  0.00440465
     0.1307  -0.0168462  0.00440465    0.421995
IMAGINARY
          0  0.00914039  -0.0158708  -0.0207458
-0.00914039           0 -0.00634785   0.0152172
  0.0158708  0.00634785           0  0.00850667
  0.0207458  -0.0152172 -0.00850667           0
Repeater1[0]<--->EndNode1[0]
REAL
    0.432642   -0.0213251 -0.000154832      0.16539
  -0.0213251    0.0790155   0.00127714   -0.0114731
-0.000154832   0.00127714    0.0673575  -0.00322272
     0.16539   -0.0114731  -0.00322272     0.420984
IMAGINARY
          0 -0.00875102 -0.00288167   -0.017015
 0.00875102           0 -0.00303362 -0.00541974
 0.00288167  0.00303362           0   0.0183296
   0.017015  0.00541974  -0.0183296           0
Repeater1[0]<--->HoM1[0]
REAL
    0.43734  0.00714372   0.0130598      0.1307
 0.00714372   0.0664962 -0.00198023  0.00440465
  0.0130598 -0.00198023   0.0741688  -0.0168462
     0.1307  0.00440465  -0.0168462    0.421995
IMAGINARY
          0  -0.0158708  0.00914039  -0.0207458
  0.0158708           0  0.00634785  0.00850667
-0.00914039 -0.00634785           0   0.0152172
  0.0207458 -0.00850667  -0.0152172           0
EndNode1[0]<--->Repeater1[0]
REAL
    0.433041 -0.000811463  -0.00132082     0.144318
-0.000811463     0.068836   -0.0193182   4.5305e-05
 -0.00132082   -0.0193182     0.068836   -0.0183212
    0.144318   4.5305e-05   -0.0183212     0.429287
IMAGINARY
          0 -0.00661127   0.0068252  -0.0164254
 0.00661127           0   0.0247057  0.00746052
 -0.0068252  -0.0247057           0  -0.0141679
  0.0164254 -0.00746052   0.0141679           0
EndNode2[0]<--->HoM1[0]
REAL
   0.445466 -0.00443383   0.0124819    0.163525
-0.00443383   0.0670171  0.00272142 -0.00618472
  0.0124819  0.00272142   0.0683311  0.00443383
   0.163525 -0.00618472  0.00443383    0.419185
IMAGINARY
           0   0.00309711  -0.00486323    0.0173704
 -0.00309711            0 -9.28402e-06   -0.0177498
  0.00486323  9.28402e-06            0   0.00695315
  -0.0173704    0.0177498  -0.00695315            0
Repeater1[0]<--->EndNode1[0]
REAL
    0.433041  -0.00132082 -0.000811463     0.144318
 -0.00132082     0.068836   -0.0193182   -0.0183212
-0.000811463   -0.0193182     0.068836   4.5305e-05
    0.144318   -0.0183212   4.5305e-05     0.429287
IMAGINARY
          0   0.0068252 -0.00661127  -0.0164254
 -0.0068252           0  -0.0247057  -0.0141679
 0.00661127   0.0247057           0  0.00746052
  0.0164254   0.0141679 -0.00746052           0
Repeater1[0]<--->HoM1[0]
REAL
   0.445466   0.0124819 -0.00443383    0.163525
  0.0124819   0.0683311  0.00272142  0.00443383
-0.00443383  0.00272142   0.0670171 -0.00618472
   0.163525  0.00443383 -0.00618472    0.419185
IMAGINARY
           0  -0.00486323   0.00309711    0.0173704
  0.00486323            0  9.28402e-06   0.00695315
 -0.00309711 -9.28402e-06            0   -0.0177498
  -0.0173704  -0.00695315    0.0177498            0
EndNode1[0]<--->Repeater1[0]
REAL
   0.442945   0.0107461 -0.00498449    0.152573
  0.0107461   0.0576687 -0.00363649 -0.00831338
-0.00498449 -0.00363649   0.0809816  -0.0027674
   0.152573 -0.00831338  -0.0027674    0.418405
IMAGINARY
          0  0.00981938  -0.0036595 -0.00766603
-0.00981938           0 -0.00895802  -0.0139876
  0.0036595  0.00895802           0  0.00390611
 0.00766603   0.0139876 -0.00390611           0
EndNode2[0]<--->HoM1[0]
REAL
   0.430894 0.000653315  0.00941504    0.155319
0.000653315   0.0813008   0.0252174  0.00467891
 0.00941504   0.0252174   0.0745257 -0.00266674
   0.155319  0.00467891 -0.00266674    0.413279
IMAGINARY
          0 -0.00639678    0.013613  0.00430908
 0.00639678           0  -0.0127225 -0.00851093
  -0.013613   0.0127225           0 -0.00890934
-0.00430908  0.00851093  0.00890934           0
Repeater1[0]<--->EndNode1[0]
REAL
   0.442945 -0.00498449   0.0107461    0.152573
-0.00498449   0.0809816 -0.00363649  -0.0027674
  0.0107461 -0.00363649   0.0576687 -0.00831338
   0.152573  -0.0027674 -0.00831338    0.418405
IMAGINARY
          0  -0.0036595  0.00981938 -0.00766603
  0.0036595           0  0.00895802  0.00390611
-0.00981938 -0.00895802           0  -0.0139876
 0.00766603 -0.00390611   0.0139876           0
Repeater1[0]<--->HoM1[0]
REAL
   0.430894  0.00941504 0.000653315    0.155319
 0.00941504   0.0745257   0.0252174 -0.00266674
0.000653315   0.0252174   0.0813008  0.00467891
   0.155319 -0.00266674  0.00467891    0.413279
IMAGINARY
          0    0.013613 -0.00639678  0.00430908
  -0.013613           0   0.0127225 -0.00890934
 0.00639678  -0.0127225           0 -0.00851093
-0.00430908  0.00890934  0.00851093           0
EndNode1[0]<--->Repeater1[0]
REAL
   0.454902  0.00346708   0.0024365    0.144075
 0.00346708   0.0705882 -0.00793957   0.0107379
  0.0024365 -0.00793957   0.0666667  -0.0204056
   0.144075   0.0107379  -0.0204056    0.407843
IMAGINARY
          0   0.0169903   0.0102833  -0.0158815
 -0.0169903           0  0.00937105 -0.00478879
 -0.0102833 -0.00937105           0  0.00315626
  0.0158815  0.00478879 -0.00315626           0
EndNode2[0]<--->HoM1[0]
REAL
   0.434509  0.00326693   0.0157673    0.161597
 0.00326693    0.081864 -0.00299877 -0.00876097
  0.0157673 -0.00299877   0.0755668 -0.00390387
   0.161597 -0.00876097 -0.00390387     0.40806
IMAGINARY
          0  0.00487905  -0.0040442  -0.0340542
-0.00487905           0  -0.0272791  -0.0152105
  0.0040442   0.0272791           0 -0.00301569
  0.0340542   0.0152105  0.00301569           0
Repeater1[0]<--->EndNode1[0]
REAL
   0.454902   0.0024365  0.00346708    0.144075
  0.0024365   0.0666667 -0.00793957  -0.0204056
 0.00346708 -0.00793957   0.0705882   0.0107379
   0.144075  -0.0204056   0.0107379    0.407843
IMAGINARY
          0   0.0102833   0.0169903  -0.0158815
 -0.0102833           0 -0.00937105  0.00315626
 -0.0169903  0.00937105           0 -0.00478879
  0.0158815 -0.00315626  0.00478879           0
Repeater1[0]<--->HoM1[0]
REAL
   0.434509   0.0157673  0.00326693    0.161597
  0.0157673   0.0755668 -0.00299877 -0.00390387
 0.00326693 -0.00299877    0.081864 -0.00876097
   0.161597 -0.00390387 -0.00876097     0.40806
IMAGINARY
          0  -0.0040442  0.00487905  -0.0340542
  0.0040442           0   0.0272791 -0.00301569
-0.00487905  -0.0272791           0  -0.0152105
  0.0340542  0.00301569   0.0152105           0
EndNode1[0]<--->Repeater1[0]
REAL
  0.381142 0.00202246  0.0104475   0.160429
0.00202246  0.0743692 -0.0283778 0.00237299
 0.0104475 -0.0283778  0.0823373 -0.0238173
  0.160429 0.00237299 -0.0238173   0.462151
IMAGINARY
          0 -0.00705154 -0.00610386 -0.00260667
 0.00705154           0 -0.00850444  0.00425884
 0.00610386  0.00850444           0  0.00520652
 0.00260667 -0.00425884 -0.00520652           0
EndNode2[0]<--->HoM1[0]
REAL
   0.436906  0.00888838  -0.0210973    0.146426
 0.00888838   0.0868385 -0.00518667 -0.00929604
 -0.0210973 -0.00518667    0.082768 -0.00948433
   0.146426 -0.00929604 -0.00948433    0.393487
IMAGINARY
          0 -0.00931503  0.00703909  0.00255624
 0.00931503           0  -0.0118041   0.0297351
-0.00703909   0.0118041           0   0.0112505
-0.00255624  -0.0297351  -0.0112505           0
Repeater1[0]<--->EndNode1[0]
REAL
  0.381142  0.0104475 0.00202246   0.160429
 0.0104475  0.0823373 -0.0283778 -0.0238173
0.00202246 -0.0283778  0.0743692 0.00237299
  0.160429 -0.0238173 0.00237299   0.462151
IMAGINARY
          0 -0.00610386 -0.00705154 -0.00260667
 0.00610386           0  0.00850444  0.00520652
 0.00705154 -0.00850444           0  0.00425884
 0.00260667 -0.00520652 -0.00425884           0
Repeater1[0]<--->HoM1[0]
REAL
   0.436906  -0.0210973  0.00888838    0.146426
 -0.0210973    0.082768 -0.00518667 -0.00948433
 0.00888838 -0.00518667   0.0868385 -0.00929604
   0.146426 -0.00948433 -0.00929604    0.393487
IMAGINARY
          0  0.00703909 -0.00931503  0.00255624
-0.00703909           0   0.0118041   0.0112505
 0.00931503  -0.0118041           0   0.0297351
-0.00255624  -0.0112505  -0.0297351           0
EndNode1[0]<--->Repeater1[0]
REAL
    0.431673  -0.00202468 -0.000503033     0.151206
 -0.00202468    0.0510856   -0.0189792    -0.002572
-0.000503033   -0.0189792    0.0779055    0.0223199
    0.151206    -0.002572    0.0223199     0.439336
IMAGINARY
          0 -0.00425114   0.0212405   0.0218833
 0.00425114           0 -0.00880729  0.00118698
 -0.0212405  0.00880729           0 -0.00234517
 -0.0218833 -0.00118698  0.00234517           0
EndNode2[0]<--->HoM1[0]
REAL
   0.439197  -0.0173578 -0.00108018    0.119777
 -0.0173578   0.0743802   0.0031101  -0.0164751
-0.00108018   0.0031101   0.0720189   0.0206088
   0.119777  -0.0164751   0.0206088    0.414404
IMAGINARY
          0 -0.00254137  -0.0108223  -0.0239844
 0.00254137           0   0.0258808  0.00526678
  0.0108223  -0.0258808           0  0.00809693
  0.0239844 -0.00526678 -0.00809693           0
Repeater1[0]<--->EndNode1[0]
REAL
    0.431673 -0.000503033  -0.00202468     0.151206
-0.000503033    0.0779055   -0.0189792    0.0223199
 -0.00202468   -0.0189792    0.0510856    -0.002572
    0.151206    0.0223199    -0.002572     0.439336
IMAGINARY
          0   0.0212405 -0.00425114   0.0218833
 -0.0212405           0  0.00880729 -0.00234517
 0.00425114 -0.00880729           0  0.00118698
 -0.0218833  0.00234517 -0.00118698           0
Repeater1[0]<--->HoM1[0]
REAL
   0.439197 -0.00108018  -0.0173578    0.119777
-0.00108018   0.0720189   0.0031101   0.0206088
 -0.0173578   0.0031101   0.0743802  -0.0164751
   0.119777   0.0206088  -0.0164751    0.414404
IMAGINARY
          0  -0.0108223 -0.00254137  -0.0239844
  0.0108223           0  -0.0258808  0.00809693
 0.00254137   0.0258808           0  0.00526678
  0.0239844 -0.00809693 -0.00526678           0
EndNode1[0]<--->Repeater1[0]
REAL
   0.416988   0.0127248 -0.00270567    0.147248
  0.0127248   0.0643501  0.00375873  -0.0033346
-0.00270567  0.00375873   0.0694981  0.00271145
   0.147248  -0.0033346  0.00271145    0.449163
IMAGINARY
          0   0.0107647 -0.00570584   0.0153261
 -0.0107647           0 -0.00630551 -0.00504006
 0.00570584  0.00630551           0   0.0126234
 -0.0153261  0.00504006  -0.0126234           0
EndNode2[0]<--->HoM1[0]
REAL
   0.417661  0.00225536  0.00725649    0.164264
 0.00225536   0.0704057 -0.00696851 -0.00390977
 0.00725649 -0.00696851   0.0727924  0.00912349
   0.164264 -0.00390977  0.00912349    0.439141
IMAGINARY
           0   0.00976836    0.0236548   -0.0133615
 -0.00976836            0   0.00601836  -0.00933353
  -0.0236548  -0.00601836            0  0.000816949
   0.0133615   0.00933353 -0.000816949            0
Repeater1[0]<--->EndNode1[0]
REAL
   0.416988 -0.00270567   0.0127248    0.147248
-0.00270567   0.0694981  0.00375873  0.00271145
  0.0127248  0.00375873   0.0643501  -0.0033346
   0.147248  0.00271145  -0.0033346    0.449163
IMAGINARY
          0 -0.00570584   0.0107647   0.0153261
 0.00570584           0  0.00630551   0.0126234
 -0.0107647 -0.00630551           0 -0.00504006
 -0.0153261  -0.0126234  0.00504006           0
Repeater1[0]<--->HoM1[0]
REAL
   0.417661  0.00725649  0.00225536    0.164264
 0.00725649   0.0727924 -0.00696851  0.00912349
 0.00225536 -0.00696851   0.0704057 -0.00390977
   0.164264  0.00912349 -0.00390977    0.439141
IMAGINARY
           0    0.0236548   0.00976836   -0.0133615
  -0.0236548            0  -0.00601836  0.000816949
 -0.00976836   0.00601836            0  -0.00933353
   0.0133615 -0.000816949   0.00933353            0
EndNode1[0]<--->Repeater1[0]
REAL
   0.447368 -0.00782603 -0.00126848    0.142619
-0.00782603   0.0618421   0.0236329  -0.0105622
-0.00126848   0.0236329   0.0763158   0.0159207
   0.142619  -0.0105622   0.0159207    0.414474
IMAGINARY
          0 -0.00399968  0.00756086 -0.00361565
 0.00399968           0   0.0176343  -0.0108118
-0.00756086  -0.0176343           0   0.0111518
 0.00361565   0.0108118  -0.0111518           0
EndNode2[0]<--->HoM1[0]
REAL
   0.423571 -0.00370121  -0.0156998    0.157409
-0.00370121   0.0910152 0.000733458   0.0029138
 -0.0156998 0.000733458   0.0525088 -0.00370121
   0.157409   0.0029138 -0.00370121    0.432905
IMAGINARY
          0  -0.0131944  -0.0134182  0.00606016
  0.0131944           0  -0.0117063   0.0106934
  0.0134182   0.0117063           0   0.0131944
-0.00606016  -0.0106934  -0.0131944           0
Repeater1[0]<--->EndNode1[0]
REAL
   0.447368 -0.00126848 -0.00782603    0.142619
-0.00126848   0.0763158   0.0236329   0.0159207
-0.00782603   0.0236329   0.0618421  -0.0105622
   0.142619   0.0159207  -0.0105622    0.414474
IMAGINARY
          0  0.00756086 -0.00399968 -0.00361565
-0.00756086           0  -0.0176343   0.0111518
 0.00399968   0.0176343           0  -0.0108118
 0.00361565  -0.0111518   0.0108118           0
Repeater1[0]<--->HoM1[0]
REAL
   0.423571  -0.0156998 -0.00370121    0.157409
 -0.0156998   0.0525088 0.000733458 -0.00370121
-0.00370121 0.000733458   0.0910152   0.0029138
   0.157409 -0.00370121   0.0029138    0.432905
IMAGINARY
          0  -0.0134182  -0.0131944  0.00606016
  0.0134182           0   0.0117063   0.0131944
  0.0131944  -0.0117063           0   0.0106934
-0.00606016  -0.0131944  -0.0106934           0
EndNode1[0]<--->Repeater1[0]
REAL
    0.41403  0.00507523   0.0214524    0.163934
 0.00507523   0.0976616  0.00526743 -0.00941182
  0.0214524  0.00526743    0.085282   0.0056979
   0.163934 -0.00941182   0.0056979    0.403026
IMAGINARY
           0   0.00229611  -0.00344659  -0.00432332
 -0.00229611            0  -0.00197038   0.00877992
  0.00344659   0.00197038            0  0.000370561
  0.00432332  -0.00877992 -0.000370561            0
EndNode2[0]<--->HoM1[0]
REAL
   0.430556   0.0245767 -0.00760779    0.146654
  0.0245767   0.0656566 -0.00262888 -0.00559976
-0.00760779 -0.00262888   0.0643939  -0.0138849
   0.146654 -0.00559976  -0.0138849    0.439394
IMAGINARY
          0 -0.00197637  0.00505172  0.00190445
 0.00197637           0  -0.0185711 -0.00961495
-0.00505172   0.0185711           0 -0.00258687
-0.00190445  0.00961495  0.00258687           0
Repeater1[0]<--->EndNode1[0]
REAL
    0.41403   0.0214524  0.00507523    0.163934
  0.0214524    0.085282  0.00526743   0.0056979
 0.00507523  0.00526743   0.0976616 -0.00941182
   0.163934   0.0056979 -0.00941182    0.403026
IMAGINARY
           0  -0.00344659   0.00229611  -0.00432332
  0.00344659            0   0.00197038  0.000370561
 -0.00229611  -0.00197038            0   0.00877992
  0.00432332 -0.000370561  -0.00877992            0
Repeater1[0]<--->HoM1[0]
REAL
   0.430556 -0.00760779   0.0245767    0.146654
-0.00760779   0.0643939 -0.00262888  -0.0138849
  0.0245767 -0.00262888   0.0656566 -0.00559976
   0.146654  -0.0138849 -0.00559976    0.439394
IMAGINARY
          0  0.00505172 -0.00197637  0.00190445
-0.00505172           0   0.0185711 -0.00258687
 0.00197637  -0.0185711           0 -0.00961495
-0.00190445  0.00258687  0.00961495           0
EndNode1[0]<--->Repeater1[0]
REAL
    0.431673 -0.000330598   -0.0177317     0.151074
-0.000330598    0.0766284    0.0209554   -0.0144465
  -0.0177317    0.0209554    0.0689655   0.00651872
    0.151074   -0.0144465   0.00651872     0.422733
IMAGINARY
          0  0.00853789   0.0234407  0.00560777
-0.00853789           0  -0.0193922  -0.0346692
 -0.0234407   0.0193922           0   0.0159007
-0.00560777   0.0346692  -0.0159007           0
EndNode2[0]<--->HoM1[0]
REAL
