EndNode1[0]<--->Repeater1[0]
REAL
   0.475669  0.00328138  0.00219024    0.462518
 0.00328138   0.0364964   0.0199597  0.00219024
 0.00219024   0.0199597   0.0316302 -0.00140403
   0.462518  0.00219024 -0.00140403    0.456204
IMAGINARY
          0   0.0123778  -0.0178867   -0.019205
 -0.0123778           0   0.0241555 -0.00430648
  0.0178867  -0.0241555           0   0.0150374
   0.019205  0.00430648  -0.0150374           0
EndNode2[0]<--->HoM1[0]
REAL
   0.462779 -0.00806029  0.00105843    0.461975
-0.00806029   0.0272953   0.0304682 -0.00357733
 0.00105843   0.0304682   0.0297767 0.000503612
   0.461975 -0.00357733 0.000503612    0.480149
IMAGINARY
           0    -0.017114    0.0215196  -0.00741813
    0.017114            0   -0.0147891  -0.00968893
  -0.0215196    0.0147891            0 -0.000943261
  0.00741813   0.00968893  0.000943261            0
Repeater1[0]<--->EndNode1[0]
REAL
   0.475669  0.00219024  0.00328138    0.462518
 0.00219024   0.0316302   0.0199597 -0.00140403
 0.00328138   0.0199597   0.0364964  0.00219024
   0.462518 -0.00140403  0.00219024    0.456204
IMAGINARY
          0  -0.0178867   0.0123778   -0.019205
  0.0178867           0  -0.0241555   0.0150374
 -0.0123778   0.0241555           0 -0.00430648
   0.019205  -0.0150374  0.00430648           0
Repeater1[0]<--->HoM1[0]
REAL
   0.462779  0.00105843 -0.00806029    0.461975
 0.00105843   0.0297767   0.0304682 0.000503612
-0.00806029   0.0304682   0.0272953 -0.00357733
   0.461975 0.000503612 -0.00357733    0.480149
IMAGINARY
           0    0.0215196    -0.017114  -0.00741813
  -0.0215196            0    0.0147891 -0.000943261
    0.017114   -0.0147891            0  -0.00968893
  0.00741813  0.000943261   0.00968893            0
EndNode1[0]<--->Repeater1[0]
REAL
   0.476309  0.00198465 -0.00858304    0.469883
 0.00198465   0.0349127   0.0174426 -0.00599237
-0.00858304   0.0174426   0.0249377  -0.0140252
   0.469883 -0.00599237  -0.0140252     0.46384
IMAGINARY
          0  0.00683205  -0.0176572 -0.00642712
-0.00683205           0 -0.00241642 -0.00174206
  0.0176572  0.00241642           0   0.0150703
 0.00642712  0.00174206  -0.0150703           0
EndNode2[0]<--->HoM1[0]
REAL
   0.461629 -0.00308642  0.00356237    0.463704
-0.00308642   0.0318772   0.0253218 -0.00699172
 0.00356237   0.0253218   0.0200708 -0.00308642
   0.463704 -0.00699172 -0.00308642    0.486423
IMAGINARY
           0 -0.000263616  -0.00581775    0.0204023
 0.000263616            0   -0.0114279  -0.00124259
  0.00581775    0.0114279            0    0.0175935
  -0.0204023   0.00124259   -0.0175935            0
Repeater1[0]<--->EndNode1[0]
REAL
   0.476309 -0.00858304  0.00198465    0.469883
-0.00858304   0.0249377   0.0174426  -0.0140252
 0.00198465   0.0174426   0.0349127 -0.00599237
   0.469883  -0.0140252 -0.00599237     0.46384
IMAGINARY
          0  -0.0176572  0.00683205 -0.00642712
  0.0176572           0  0.00241642   0.0150703
-0.00683205 -0.00241642           0 -0.00174206
 0.00642712  -0.0150703  0.00174206           0
Repeater1[0]<--->HoM1[0]
REAL
   0.461629  0.00356237 -0.00308642    0.463704
 0.00356237   0.0200708   0.0253218 -0.00308642
-0.00308642   0.0253218   0.0318772 -0.00699172
   0.463704 -0.00308642 -0.00699172    0.486423
IMAGINARY
           0  -0.00581775 -0.000263616    0.0204023
  0.00581775            0    0.0114279    0.0175935
 0.000263616   -0.0114279            0  -0.00124259
  -0.0204023   -0.0175935   0.00124259            0
EndNode1[0]<--->Repeater1[0]
REAL
  0.479319  0.0142214 0.00124409   0.459897
 0.0142214  0.0182482  0.0289506  0.0105279
0.00124409  0.0289506  0.0364964 0.00126805
  0.459897  0.0105279 0.00126805   0.465937
IMAGINARY
          0  0.00609369  0.00399395  0.00627242
-0.00609369           0   -0.014725  -0.0155029
-0.00399395    0.014725           0  0.00541526
-0.00627242   0.0155029 -0.00541526           0
EndNode2[0]<--->HoM1[0]
REAL
   0.444444 -0.00222282   0.0186566    0.455663
-0.00222282   0.0304233   0.0316629  -0.0180229
  0.0186566   0.0316629   0.0224868  0.00539139
   0.455663  -0.0180229  0.00539139    0.502646
IMAGINARY
          0  0.00974518   0.0111605   0.0184787
-0.00974518           0  0.00562518 -0.00982716
 -0.0111605 -0.00562518           0 -0.00707851
 -0.0184787  0.00982716  0.00707851           0
Repeater1[0]<--->EndNode1[0]
REAL
  0.479319 0.00124409  0.0142214   0.459897
0.00124409  0.0364964  0.0289506 0.00126805
 0.0142214  0.0289506  0.0182482  0.0105279
  0.459897 0.00126805  0.0105279   0.465937
IMAGINARY
          0  0.00399395  0.00609369  0.00627242
-0.00399395           0    0.014725  0.00541526
-0.00609369   -0.014725           0  -0.0155029
-0.00627242 -0.00541526   0.0155029           0
Repeater1[0]<--->HoM1[0]
REAL
   0.444444   0.0186566 -0.00222282    0.455663
  0.0186566   0.0224868   0.0316629  0.00539139
-0.00222282   0.0316629   0.0304233  -0.0180229
   0.455663  0.00539139  -0.0180229    0.502646
IMAGINARY
          0   0.0111605  0.00974518   0.0184787
 -0.0111605           0 -0.00562518 -0.00707851
-0.00974518  0.00562518           0 -0.00982716
 -0.0184787  0.00707851  0.00982716           0
EndNode1[0]<--->Repeater1[0]
REAL
   0.460957  -0.0087607  0.00169147    0.457854
 -0.0087607    0.034005   0.0280071 -0.00169147
 0.00169147   0.0280071   0.0377834    0.010046
   0.457854 -0.00169147    0.010046    0.467254
IMAGINARY
          0   0.0148663   0.0202819 -0.00586365
 -0.0148663           0  0.00128849  -0.0292105
 -0.0202819 -0.00128849           0 -0.00976425
 0.00586365   0.0292105  0.00976425           0
EndNode2[0]<--->HoM1[0]
REAL
   0.471895  0.00600609   0.0217974    0.453926
 0.00600609   0.0326797   0.0345502 -0.00195102
  0.0217974   0.0345502   0.0366013   0.0151207
   0.453926 -0.00195102   0.0151207    0.458824
IMAGINARY
          0   0.0201552  0.00124743 -0.00359651
 -0.0201552           0  0.00162542  -0.0188027
-0.00124743 -0.00162542           0 -0.00259998
 0.00359651   0.0188027  0.00259998           0
Repeater1[0]<--->EndNode1[0]
REAL
   0.460957  0.00169147  -0.0087607    0.457854
 0.00169147   0.0377834   0.0280071    0.010046
 -0.0087607   0.0280071    0.034005 -0.00169147
   0.457854    0.010046 -0.00169147    0.467254
IMAGINARY
          0   0.0202819   0.0148663 -0.00586365
 -0.0202819           0 -0.00128849 -0.00976425
 -0.0148663  0.00128849           0  -0.0292105
 0.00586365  0.00976425   0.0292105           0
Repeater1[0]<--->HoM1[0]
REAL
   0.471895   0.0217974  0.00600609    0.453926
  0.0217974   0.0366013   0.0345502   0.0151207
 0.00600609   0.0345502   0.0326797 -0.00195102
   0.453926   0.0151207 -0.00195102    0.458824
IMAGINARY
          0  0.00124743   0.0201552 -0.00359651
-0.00124743           0 -0.00162542 -0.00259998
 -0.0201552  0.00162542           0  -0.0188027
 0.00359651  0.00259998   0.0188027           0
EndNode1[0]<--->Repeater1[0]
REAL
  0.469016 -0.0104704 -0.0140476   0.452317
-0.0104704  0.0437424  0.0310377  0.0121269
-0.0140476  0.0310377  0.0303767  0.0072694
  0.452317  0.0121269  0.0072694   0.456865
IMAGINARY
           0  -0.00463785   0.00432867   -0.0118318
  0.00463785            0  -0.00391623   0.00366641
 -0.00432867   0.00391623            0 -0.000897203
   0.0118318  -0.00366641  0.000897203            0
EndNode2[0]<--->HoM1[0]
REAL
    0.456117   -0.0167865 -0.000770504     0.456362
  -0.0167865     0.025266    0.0315894   -0.0146244
-0.000770504    0.0315894    0.0265957  5.28886e-05
    0.456362   -0.0146244  5.28886e-05     0.492021
IMAGINARY
          0      0.0125  -0.0187723 -0.00199267
    -0.0125           0  -0.0225582   0.0077477
  0.0187723   0.0225582           0  -0.0196336
 0.00199267  -0.0077477   0.0196336           0
Repeater1[0]<--->EndNode1[0]
REAL
  0.469016 -0.0140476 -0.0104704   0.452317
-0.0140476  0.0303767  0.0310377  0.0072694
-0.0104704  0.0310377  0.0437424  0.0121269
  0.452317  0.0072694  0.0121269   0.456865
IMAGINARY
           0   0.00432867  -0.00463785   -0.0118318
 -0.00432867            0   0.00391623 -0.000897203
  0.00463785  -0.00391623            0   0.00366641
   0.0118318  0.000897203  -0.00366641            0
Repeater1[0]<--->HoM1[0]
REAL
    0.456117 -0.000770504   -0.0167865     0.456362
-0.000770504    0.0265957    0.0315894  5.28886e-05
  -0.0167865    0.0315894     0.025266   -0.0146244
    0.456362  5.28886e-05   -0.0146244     0.492021
IMAGINARY
          0  -0.0187723      0.0125 -0.00199267
  0.0187723           0   0.0225582  -0.0196336
    -0.0125  -0.0225582           0   0.0077477
 0.00199267   0.0196336  -0.0077477           0
EndNode1[0]<--->Repeater1[0]
REAL
   0.480334   0.0165112   0.0333273    0.452302
  0.0165112    0.034565   0.0357458 -0.00344686
  0.0333273   0.0357458   0.0286055   0.0120412
   0.452302 -0.00344686   0.0120412    0.456496
IMAGINARY
          0 -0.00153813    0.011524 -0.00571536
 0.00153813           0   0.0228206   0.0248998
  -0.011524  -0.0228206           0  -0.0176672
 0.00571536  -0.0248998   0.0176672           0
EndNode2[0]<--->HoM1[0]
REAL
    0.487871  -0.00489715  -0.00220081     0.457806
 -0.00489715    0.0404313    0.0280267   -0.0101959
 -0.00220081    0.0280267    0.0283019 -0.000415717
    0.457806   -0.0101959 -0.000415717     0.443396
IMAGINARY
          0  -0.0168801   0.0104574 -0.00757682
  0.0168801           0   0.0170346   0.0188014
 -0.0104574  -0.0170346           0 -0.00977786
 0.00757682  -0.0188014  0.00977786           0
Repeater1[0]<--->EndNode1[0]
REAL
   0.480334   0.0333273   0.0165112    0.452302
  0.0333273   0.0286055   0.0357458   0.0120412
  0.0165112   0.0357458    0.034565 -0.00344686
   0.452302   0.0120412 -0.00344686    0.456496
IMAGINARY
          0    0.011524 -0.00153813 -0.00571536
  -0.011524           0  -0.0228206  -0.0176672
 0.00153813   0.0228206           0   0.0248998
 0.00571536   0.0176672  -0.0248998           0
Repeater1[0]<--->HoM1[0]
REAL
    0.487871  -0.00220081  -0.00489715     0.457806
 -0.00220081    0.0283019    0.0280267 -0.000415717
 -0.00489715    0.0280267    0.0404313   -0.0101959
    0.457806 -0.000415717   -0.0101959     0.443396
IMAGINARY
          0   0.0104574  -0.0168801 -0.00757682
 -0.0104574           0  -0.0170346 -0.00977786
  0.0168801   0.0170346           0   0.0188014
 0.00757682  0.00977786  -0.0188014           0
EndNode1[0]<--->Repeater1[0]
REAL
 0.478102 0.0278837 0.0147039  0.460354
0.0278837 0.0243309 0.0271113 0.0229006
0.0147039 0.0271113 0.0279805 0.0111135
 0.460354 0.0229006 0.0111135  0.469586
IMAGINARY
          0  -0.0030004  -0.0123843  0.00841429
  0.0030004           0  0.00176535   0.0028475
  0.0123843 -0.00176535           0  0.00844999
-0.00841429  -0.0028475 -0.00844999           0
EndNode2[0]<--->HoM1[0]
REAL
   0.475159   0.0139433 -0.00202218    0.455386
  0.0139433   0.0318471   0.0234219 3.54291e-05
-0.00202218   0.0234219    0.033121  -0.0132811
   0.455386 3.54291e-05  -0.0132811    0.459873
IMAGINARY
          0  -0.0217217 -0.00469635   0.0072947
  0.0217217           0  -0.0143369  0.00662189
 0.00469635   0.0143369           0 -0.00202668
 -0.0072947 -0.00662189  0.00202668           0
Repeater1[0]<--->EndNode1[0]
REAL
 0.478102 0.0147039 0.0278837  0.460354
0.0147039 0.0279805 0.0271113 0.0111135
0.0278837 0.0271113 0.0243309 0.0229006
 0.460354 0.0111135 0.0229006  0.469586
IMAGINARY
          0  -0.0123843  -0.0030004  0.00841429
  0.0123843           0 -0.00176535  0.00844999
  0.0030004  0.00176535           0   0.0028475
-0.00841429 -0.00844999  -0.0028475           0
Repeater1[0]<--->HoM1[0]
REAL
   0.475159 -0.00202218   0.0139433    0.455386
-0.00202218    0.033121   0.0234219  -0.0132811
  0.0139433   0.0234219   0.0318471 3.54291e-05
   0.455386  -0.0132811 3.54291e-05    0.459873
IMAGINARY
          0 -0.00469635  -0.0217217   0.0072947
 0.00469635           0   0.0143369 -0.00202668
  0.0217217  -0.0143369           0  0.00662189
 -0.0072947  0.00202668 -0.00662189           0
EndNode1[0]<--->Repeater1[0]
REAL
   0.483161  0.00185178 -0.00306289    0.463334
 0.00185178   0.0168394   0.0285248 -0.00439979
-0.00306289   0.0285248   0.0233161 -0.00931447
   0.463334 -0.00439979 -0.00931447    0.476684
IMAGINARY
          0  -0.0180428  0.00231437 -0.00555967
  0.0180428           0  0.00749516  -0.0152295
-0.00231437 -0.00749516           0   0.0297279
 0.00555967   0.0152295  -0.0297279           0
EndNode2[0]<--->HoM1[0]
REAL
  0.459494  0.0193995  0.0205538   0.439842
 0.0193995  0.0341772  0.0366591 -0.0114155
 0.0205538  0.0366591  0.0329114 0.00540463
  0.439842 -0.0114155 0.00540463   0.473418
IMAGINARY
          0  0.00693094  0.00678383  0.00849022
-0.00693094           0 -0.00055371  -0.0147414
-0.00678383  0.00055371           0   0.0050054
-0.00849022   0.0147414  -0.0050054           0
Repeater1[0]<--->EndNode1[0]
REAL
   0.483161 -0.00306289  0.00185178    0.463334
-0.00306289   0.0233161   0.0285248 -0.00931447
 0.00185178   0.0285248   0.0168394 -0.00439979
   0.463334 -0.00931447 -0.00439979    0.476684
IMAGINARY
          0  0.00231437  -0.0180428 -0.00555967
-0.00231437           0 -0.00749516   0.0297279
  0.0180428  0.00749516           0  -0.0152295
 0.00555967  -0.0297279   0.0152295           0
Repeater1[0]<--->HoM1[0]
REAL
  0.459494  0.0205538  0.0193995   0.439842
 0.0205538  0.0329114  0.0366591 0.00540463
 0.0193995  0.0366591  0.0341772 -0.0114155
  0.439842 0.00540463 -0.0114155   0.473418
IMAGINARY
          0  0.00678383  0.00693094  0.00849022
-0.00678383           0  0.00055371   0.0050054
-0.00693094 -0.00055371           0  -0.0147414
-0.00849022  -0.0050054   0.0147414           0
EndNode1[0]<--->Repeater1[0]
REAL
   0.450065 -0.00780064  0.00705275    0.463812
-0.00780064   0.0557717    0.025036 -0.00891149
 0.00705275    0.025036   0.0311284  0.00222443
   0.463812 -0.00891149  0.00222443    0.463035
IMAGINARY
          0  -0.0105171   0.0198099   0.0265986
  0.0105171           0   0.0193331 -0.00280313
 -0.0198099  -0.0193331           0  -0.0187346
 -0.0265986  0.00280313   0.0187346           0
EndNode2[0]<--->HoM1[0]
REAL
   0.454194 -0.00768496 -0.00870401      0.4642
-0.00768496   0.0283871   0.0270933   -0.019903
-0.00870401   0.0270933   0.0374194  -0.0171907
     0.4642   -0.019903  -0.0171907        0.48
IMAGINARY
          0   0.0100589  -0.0160053 -0.00978631
 -0.0100589           0  -0.0272507   -0.017328
  0.0160053   0.0272507           0   0.0132115
 0.00978631    0.017328  -0.0132115           0
Repeater1[0]<--->EndNode1[0]
REAL
   0.450065  0.00705275 -0.00780064    0.463812
 0.00705275   0.0311284    0.025036  0.00222443
-0.00780064    0.025036   0.0557717 -0.00891149
   0.463812  0.00222443 -0.00891149    0.463035
IMAGINARY
          0   0.0198099  -0.0105171   0.0265986
 -0.0198099           0  -0.0193331  -0.0187346
  0.0105171   0.0193331           0 -0.00280313
 -0.0265986   0.0187346  0.00280313           0
Repeater1[0]<--->HoM1[0]
REAL
   0.454194 -0.00870401 -0.00768496      0.4642
-0.00870401   0.0374194   0.0270933  -0.0171907
-0.00768496   0.0270933   0.0283871   -0.019903
     0.4642  -0.0171907   -0.019903        0.48
IMAGINARY
          0  -0.0160053   0.0100589 -0.00978631
  0.0160053           0   0.0272507   0.0132115
 -0.0100589  -0.0272507           0   -0.017328
 0.00978631  -0.0132115    0.017328           0
EndNode1[0]<--->Repeater1[0]
REAL
  0.448276  0.0159259 0.00546143   0.454943
 0.0159259  0.0319285   0.028454  0.0194428
0.00546143   0.028454  0.0446999 0.00259259
  0.454943  0.0194428 0.00259259   0.475096
IMAGINARY
          0  0.00448162   0.0107095   0.0139061
-0.00448162           0  -0.0139061   0.0152727
 -0.0107095   0.0139061           0   -0.010185
 -0.0139061  -0.0152727    0.010185           0
EndNode2[0]<--->HoM1[0]
REAL
   0.473324   0.0040869 -0.00684676    0.452005
  0.0040869   0.0232558   0.0313705  0.00173167
-0.00684676   0.0313705   0.0273598 -0.00792322
   0.452005  0.00173167 -0.00792322     0.47606
IMAGINARY
           0    0.0241516   0.00942905 -0.000221886
  -0.0241516            0   0.00294668   -0.0186883
 -0.00942905  -0.00294668            0   -0.0122469
 0.000221886    0.0186883    0.0122469            0
Repeater1[0]<--->EndNode1[0]
REAL
  0.448276 0.00546143  0.0159259   0.454943
0.00546143  0.0446999   0.028454 0.00259259
 0.0159259   0.028454  0.0319285  0.0194428
  0.454943 0.00259259  0.0194428   0.475096
IMAGINARY
          0   0.0107095  0.00448162   0.0139061
 -0.0107095           0   0.0139061   -0.010185
-0.00448162  -0.0139061           0   0.0152727
 -0.0139061    0.010185  -0.0152727           0
Repeater1[0]<--->HoM1[0]
REAL
   0.473324 -0.00684676   0.0040869    0.452005
-0.00684676   0.0273598   0.0313705 -0.00792322
  0.0040869   0.0313705   0.0232558  0.00173167
   0.452005 -0.00792322  0.00173167     0.47606
IMAGINARY
           0   0.00942905    0.0241516 -0.000221886
 -0.00942905            0  -0.00294668   -0.0122469
  -0.0241516   0.00294668            0   -0.0186883
 0.000221886    0.0122469    0.0186883            0
EndNode1[0]<--->Repeater1[0]
REAL
   0.452806 -0.00208763   0.0174344    0.457242
-0.00208763   0.0306122   0.0321481 -0.00682434
  0.0174344   0.0321481   0.0331633   0.0100452
   0.457242 -0.00682434   0.0100452    0.483418
IMAGINARY
          0  -0.0267542  0.00737234  0.00610002
  0.0267542           0   0.0144655   0.0194691
-0.00737234  -0.0144655           0   0.0049065
-0.00610002  -0.0194691  -0.0049065           0
EndNode2[0]<--->HoM1[0]
REAL
   0.444589 -0.00910931  -0.0119947    0.452017
-0.00910931   0.0443286   0.0338807 0.000456195
 -0.0119947   0.0338807   0.0508475    0.001417
   0.452017 0.000456195    0.001417    0.460235
IMAGINARY
          0   0.0141044  0.00643286  0.00105846
 -0.0141044           0  0.00222669 -0.00895175
-0.00643286 -0.00222669           0  -0.0204017
-0.00105846  0.00895175   0.0204017           0
Repeater1[0]<--->EndNode1[0]
REAL
   0.452806   0.0174344 -0.00208763    0.457242
  0.0174344   0.0331633   0.0321481   0.0100452
-0.00208763   0.0321481   0.0306122 -0.00682434
   0.457242   0.0100452 -0.00682434    0.483418
IMAGINARY
          0  0.00737234  -0.0267542  0.00610002
-0.00737234           0  -0.0144655   0.0049065
  0.0267542   0.0144655           0   0.0194691
-0.00610002  -0.0049065  -0.0194691           0
Repeater1[0]<--->HoM1[0]
REAL
   0.444589  -0.0119947 -0.00910931    0.452017
 -0.0119947   0.0508475   0.0338807    0.001417
-0.00910931   0.0338807   0.0443286 0.000456195
   0.452017    0.001417 0.000456195    0.460235
IMAGINARY
          0  0.00643286   0.0141044  0.00105846
-0.00643286           0 -0.00222669  -0.0204017
 -0.0141044  0.00222669           0 -0.00895175
-0.00105846   0.0204017  0.00895175           0
EndNode1[0]<--->Repeater1[0]
REAL
  0.503713 -0.0133615 -0.0103121   0.461856
-0.0133615  0.0309406  0.0276454 0.00637513
-0.0103121  0.0276454   0.029703 0.00679981
  0.461856 0.00637513 0.00679981   0.435644
IMAGINARY
         0  0.0277768  -0.013378 -0.0165047
-0.0277768          0  0.0146642 -0.0076746
  0.013378 -0.0146642          0 -0.0146189
 0.0165047  0.0076746  0.0146189          0
EndNode2[0]<--->HoM1[0]
REAL
    0.47601  0.00101303 -0.00962297    0.462167
 0.00101303   0.0340909   0.0285735 0.000363713
-0.00962297   0.0285735   0.0239899 -0.00630404
   0.462167 0.000363713 -0.00630404    0.465909
IMAGINARY
          0   -0.014144  -0.0112353  -0.0232064
   0.014144           0 -0.00425212  0.00732905
  0.0112353  0.00425212           0  0.00633153
  0.0232064 -0.00732905 -0.00633153           0
Repeater1[0]<--->EndNode1[0]
REAL
  0.503713 -0.0103121 -0.0133615   0.461856
-0.0103121   0.029703  0.0276454 0.00679981
-0.0133615  0.0276454  0.0309406 0.00637513
  0.461856 0.00679981 0.00637513   0.435644
IMAGINARY
         0  -0.013378  0.0277768 -0.0165047
  0.013378          0 -0.0146642 -0.0146189
-0.0277768  0.0146642          0 -0.0076746
 0.0165047  0.0146189  0.0076746          0
Repeater1[0]<--->HoM1[0]
REAL
    0.47601 -0.00962297  0.00101303    0.462167
-0.00962297   0.0239899   0.0285735 -0.00630404
 0.00101303   0.0285735   0.0340909 0.000363713
   0.462167 -0.00630404 0.000363713    0.465909
IMAGINARY
          0  -0.0112353   -0.014144  -0.0232064
  0.0112353           0  0.00425212  0.00633153
   0.014144 -0.00425212           0  0.00732905
  0.0232064 -0.00633153 -0.00732905           0
EndNode1[0]<--->Repeater1[0]
REAL
   0.453461   0.0188623  0.00637755    0.456326
  0.0188623   0.0334129   0.0266288 -0.00637755
 0.00637755   0.0266288    0.026253  -0.0160214
   0.456326 -0.00637755  -0.0160214    0.486874
IMAGINARY
          0  -0.0170973   0.0124804  -0.0130635
  0.0170973           0 -0.00229034   0.0172165
 -0.0124804  0.00229034           0   0.0092185
  0.0130635  -0.0172165  -0.0092185           0
EndNode2[0]<--->HoM1[0]
REAL
  0.494354 0.00287775 -0.0133536   0.454368
0.00287775  0.0288582   0.028727  0.0244069
-0.0133536   0.028727  0.0313676  0.0042744
  0.454368  0.0244069  0.0042744    0.44542
IMAGINARY
           0   0.00606355    0.0064628  0.000152168
 -0.00606355            0  -0.00436396   -0.0256936
  -0.0064628   0.00436396            0    0.0106031
-0.000152168    0.0256936   -0.0106031            0
Repeater1[0]<--->EndNode1[0]
REAL
   0.453461  0.00637755   0.0188623    0.456326
 0.00637755    0.026253   0.0266288  -0.0160214
  0.0188623   0.0266288   0.0334129 -0.00637755
   0.456326  -0.0160214 -0.00637755    0.486874
IMAGINARY
          0   0.0124804  -0.0170973  -0.0130635
 -0.0124804           0  0.00229034   0.0092185
  0.0170973 -0.00229034           0   0.0172165
  0.0130635  -0.0092185  -0.0172165           0
Repeater1[0]<--->HoM1[0]
REAL
  0.494354 -0.0133536 0.00287775   0.454368
-0.0133536  0.0313676   0.028727  0.0042744
0.00287775   0.028727  0.0288582  0.0244069
  0.454368  0.0042744  0.0244069    0.44542
IMAGINARY
           0    0.0064628   0.00606355  0.000152168
  -0.0064628            0   0.00436396    0.0106031
 -0.00606355  -0.00436396            0   -0.0256936
-0.000152168   -0.0106031    0.0256936            0
EndNode1[0]<--->Repeater1[0]
REAL
   0.491844  -0.0073078 -0.00537298    0.470412
 -0.0073078   0.0376412   0.0244662 -0.00166927
-0.00537298   0.0244662   0.0326223 -0.00229527
   0.470412 -0.00166927 -0.00229527    0.437892
IMAGINARY
          0  -0.0121696   0.0152149  -0.0177028
  0.0121696           0  0.00353274   0.0098816
 -0.0152149 -0.00353274           0  -0.0232229
  0.0177028  -0.0098816   0.0232229           0
EndNode2[0]<--->HoM1[0]
REAL
   0.462455 -0.00254716  0.00559412    0.454185
-0.00254716   0.0405244   0.0300467  0.00688946
 0.00559412   0.0300467    0.022646   0.0097745
   0.454185  0.00688946   0.0097745    0.474374
IMAGINARY
           0   0.00171042    0.0048708  -0.00150892
 -0.00171042            0  -0.00219479 -4.32094e-05
  -0.0048708   0.00219479            0  -0.00791731
  0.00150892  4.32094e-05   0.00791731            0
Repeater1[0]<--->EndNode1[0]
REAL
   0.491844 -0.00537298  -0.0073078    0.470412
-0.00537298   0.0326223   0.0244662 -0.00229527
 -0.0073078   0.0244662   0.0376412 -0.00166927
   0.470412 -0.00229527 -0.00166927    0.437892
IMAGINARY
          0   0.0152149  -0.0121696  -0.0177028
 -0.0152149           0 -0.00353274  -0.0232229
  0.0121696  0.00353274           0   0.0098816
  0.0177028   0.0232229  -0.0098816           0
Repeater1[0]<--->HoM1[0]
REAL
   0.462455  0.00559412 -0.00254716    0.454185
 0.00559412    0.022646   0.0300467   0.0097745
-0.00254716   0.0300467   0.0405244  0.00688946
   0.454185   0.0097745  0.00688946    0.474374
IMAGINARY
           0    0.0048708   0.00171042  -0.00150892
  -0.0048708            0   0.00219479  -0.00791731
 -0.00171042  -0.00219479            0 -4.32094e-05
  0.00150892   0.00791731  4.32094e-05            0
EndNode1[0]<--->Repeater1[0]
REAL
   0.464567  0.00446492 -0.00229166    0.460013
 0.00446492   0.0314961   0.0297178 -0.00348498
-0.00229166   0.0297178   0.0380577  -0.0153763
   0.460013 -0.00348498  -0.0153763    0.465879
IMAGINARY
           0    0.0048767   -0.0176397  -0.00804023
  -0.0048767            0   0.00487967   -0.0011271
   0.0176397  -0.00487967            0  0.000485231
  0.00804023    0.0011271 -0.000485231            0
EndNode2[0]<--->HoM1[0]
REAL
  0.462017 0.00342437 0.00617565   0.464089
0.00342437  0.0386052  0.0152395 0.00932823
0.00617565  0.0152395  0.0323786  0.0120795
  0.464089 0.00932823  0.0120795   0.466999
IMAGINARY
           0    0.0218581   0.00538624    0.0105816
  -0.0218581            0 -0.000218907    -0.018174
 -0.00538624  0.000218907            0  -0.00139773
  -0.0105816     0.018174   0.00139773            0
Repeater1[0]<--->EndNode1[0]
REAL
   0.464567 -0.00229166  0.00446492    0.460013
-0.00229166   0.0380577   0.0297178  -0.0153763
 0.00446492   0.0297178   0.0314961 -0.00348498
   0.460013  -0.0153763 -0.00348498    0.465879
IMAGINARY
           0   -0.0176397    0.0048767  -0.00804023
   0.0176397            0  -0.00487967  0.000485231
  -0.0048767   0.00487967            0   -0.0011271
  0.00804023 -0.000485231    0.0011271            0
Repeater1[0]<--->HoM1[0]
REAL
  0.462017 0.00617565 0.00342437   0.464089
0.00617565  0.0323786  0.0152395  0.0120795
0.00342437  0.0152395  0.0386052 0.00932823
  0.464089  0.0120795 0.00932823   0.466999
IMAGINARY
           0   0.00538624    0.0218581    0.0105816
 -0.00538624            0  0.000218907  -0.00139773
  -0.0218581 -0.000218907            0    -0.018174
  -0.0105816   0.00139773     0.018174            0
EndNode1[0]<--->Repeater1[0]
REAL
   0.460441   0.0129032  0.00128703    0.461646
  0.0129032   0.0363165   0.0228703 0.000648457
 0.00128703   0.0228703   0.0402075   -0.016129
   0.461646 0.000648457   -0.016129    0.463035
IMAGINARY
           0 -0.000993041    0.0111983   0.00142236
 0.000993041            0  -0.00505432   -0.0118786
  -0.0111983   0.00505432            0   -0.0105716
 -0.00142236    0.0118786    0.0105716            0
EndNode2[0]<--->HoM1[0]
REAL
    0.45977  -0.0179293  -0.0160397    0.461703
 -0.0179293    0.037037   0.0284569 -0.00548556
 -0.0160397   0.0284569   0.0293742 -0.00605594
   0.461703 -0.00548556 -0.00605594    0.473819
IMAGINARY
          0  0.00543697  -0.0305762 -0.00861093
-0.00543697           0 -0.00995501  0.00178036
  0.0305762  0.00995501           0   0.0246677
 0.00861093 -0.00178036  -0.0246677           0
Repeater1[0]<--->EndNode1[0]
REAL
   0.460441  0.00128703   0.0129032    0.461646
 0.00128703   0.0402075   0.0228703   -0.016129
  0.0129032   0.0228703   0.0363165 0.000648457
   0.461646   -0.016129 0.000648457    0.463035
IMAGINARY
           0    0.0111983 -0.000993041   0.00142236
  -0.0111983            0   0.00505432   -0.0105716
 0.000993041  -0.00505432            0   -0.0118786
 -0.00142236    0.0105716    0.0118786            0
Repeater1[0]<--->HoM1[0]
REAL
    0.45977  -0.0160397  -0.0179293    0.461703
 -0.0160397   0.0293742   0.0284569 -0.00605594
 -0.0179293   0.0284569    0.037037 -0.00548556
   0.461703 -0.00605594 -0.00548556    0.473819
IMAGINARY
          0  -0.0305762  0.00543697 -0.00861093
  0.0305762           0  0.00995501   0.0246677
-0.00543697 -0.00995501           0  0.00178036
 0.00861093  -0.0246677 -0.00178036           0
EndNode1[0]<--->Repeater1[0]
REAL
  0.488432 -0.0166558 0.00768141   0.465156
-0.0166558  0.0308483  0.0197498 0.00175255
0.00768141  0.0197498  0.0359897  0.0235741
  0.465156 0.00175255  0.0235741    0.44473
IMAGINARY
           0    0.0025175    0.0116855   -0.0165856
  -0.0025175            0    0.0128262   -0.0203406
  -0.0116855   -0.0128262            0 -0.000520165
   0.0165856    0.0203406  0.000520165            0
EndNode2[0]<--->HoM1[0]
REAL
    0.477004    0.0120582 -0.000845764     0.461571
   0.0120582    0.0394218     0.027165    0.0064778
-0.000845764     0.027165    0.0394218 -0.000168325
    0.461571    0.0064778 -0.000168325     0.444152
IMAGINARY
           0    0.0159215   -0.0140924   -0.0122574
  -0.0159215            0  -0.00400272 -0.000759076
   0.0140924   0.00400272            0  -0.00230765
   0.0122574  0.000759076   0.00230765            0
Repeater1[0]<--->EndNode1[0]
REAL
  0.488432 0.00768141 -0.0166558   0.465156
0.00768141  0.0359897  0.0197498  0.0235741
-0.0166558  0.0197498  0.0308483 0.00175255
  0.465156  0.0235741 0.00175255    0.44473
IMAGINARY
           0    0.0116855    0.0025175   -0.0165856
  -0.0116855            0   -0.0128262 -0.000520165
  -0.0025175    0.0128262            0   -0.0203406
   0.0165856  0.000520165    0.0203406            0
Repeater1[0]<--->HoM1[0]
REAL
    0.477004 -0.000845764    0.0120582     0.461571
-0.000845764    0.0394218     0.027165 -0.000168325
   0.0120582     0.027165    0.0394218    0.0064778
    0.461571 -0.000168325    0.0064778     0.444152
IMAGINARY
           0   -0.0140924    0.0159215   -0.0122574
   0.0140924            0   0.00400272  -0.00230765
  -0.0159215  -0.00400272            0 -0.000759076
   0.0122574   0.00230765  0.000759076            0
EndNode1[0]<--->Repeater1[0]
REAL
   0.491481  0.00174046  -0.0040549    0.453356
 0.00174046   0.0353866   0.0328593 -0.00972956
 -0.0040549   0.0328593   0.0222805  -0.0167781
   0.453356 -0.00972956  -0.0167781    0.450852
IMAGINARY
          0 -0.00127217  0.00727595  0.00704408
 0.00127217           0   0.0173005 -0.00292813
-0.00727595  -0.0173005           0   0.0168001
-0.00704408  0.00292813  -0.0168001           0
EndNode2[0]<--->HoM1[0]
REAL
  0.457325   0.013362  0.0148934   0.454838
  0.013362  0.0343949  0.0323576 -0.0219356
 0.0148934  0.0323576  0.0356688 -0.0204042
  0.454838 -0.0219356 -0.0204042   0.472611
IMAGINARY
           0    0.0124795  -0.00576162   0.00106079
  -0.0124795            0    0.0126289 -0.000698329
  0.00576162   -0.0126289            0   -0.0034356
 -0.00106079  0.000698329    0.0034356            0
Repeater1[0]<--->EndNode1[0]
REAL
   0.491481  -0.0040549  0.00174046    0.453356
 -0.0040549   0.0222805   0.0328593  -0.0167781
 0.00174046   0.0328593   0.0353866 -0.00972956
   0.453356  -0.0167781 -0.00972956    0.450852
IMAGINARY
          0  0.00727595 -0.00127217  0.00704408
-0.00727595           0  -0.0173005   0.0168001
 0.00127217   0.0173005           0 -0.00292813
-0.00704408  -0.0168001  0.00292813           0
Repeater1[0]<--->HoM1[0]
REAL
  0.457325  0.0148934   0.013362   0.454838
 0.0148934  0.0356688  0.0323576 -0.0204042
  0.013362  0.0323576  0.0343949 -0.0219356
  0.454838 -0.0204042 -0.0219356   0.472611
IMAGINARY
           0  -0.00576162    0.0124795   0.00106079
  0.00576162            0   -0.0126289   -0.0034356
  -0.0124795    0.0126289            0 -0.000698329
 -0.00106079    0.0034356  0.000698329            0
EndNode1[0]<--->Repeater1[0]
REAL
     0.49125 -0.000595144   -0.0147959       0.4589
-0.000595144       0.0425    0.0232886   -0.0030158
  -0.0147959    0.0232886      0.03375  -0.00703844
      0.4589   -0.0030158  -0.00703844       0.4325
IMAGINARY
          0  -0.0105116  0.00549647   0.0127217
  0.0105116           0  -0.0102028 -0.00483944
-0.00549647   0.0102028           0   0.0111686
 -0.0127217  0.00483944  -0.0111686           0
EndNode2[0]<--->HoM1[0]
REAL
   0.452088  0.00555619   0.0124726    0.455491
 0.00555619   0.0282555   0.0289447 -0.00533906
  0.0124726   0.0289447    0.036855  0.00157741
   0.455491 -0.00533906  0.00157741    0.482801
IMAGINARY
          0  0.00871048  -0.0151778  0.00716378
-0.00871048           0  0.00977474   -0.011884
  0.0151778 -0.00977474           0    0.027372
-0.00716378    0.011884   -0.027372           0
Repeater1[0]<--->EndNode1[0]
REAL
     0.49125   -0.0147959 -0.000595144       0.4589
  -0.0147959      0.03375    0.0232886  -0.00703844
-0.000595144    0.0232886       0.0425   -0.0030158
      0.4589  -0.00703844   -0.0030158       0.4325
IMAGINARY
          0  0.00549647  -0.0105116   0.0127217
-0.00549647           0   0.0102028   0.0111686
  0.0105116  -0.0102028           0 -0.00483944
 -0.0127217  -0.0111686  0.00483944           0
Repeater1[0]<--->HoM1[0]
REAL
   0.452088   0.0124726  0.00555619    0.455491
  0.0124726    0.036855   0.0289447  0.00157741
 0.00555619   0.0289447   0.0282555 -0.00533906
   0.455491  0.00157741 -0.00533906    0.482801
IMAGINARY
          0  -0.0151778  0.00871048  0.00716378
  0.0151778           0 -0.00977474    0.027372
-0.00871048  0.00977474           0   -0.011884
-0.00716378   -0.027372    0.011884           0
EndNode1[0]<--->Repeater1[0]
REAL
   0.442236 -0.00979026 -0.00230966    0.456231
-0.00979026   0.0360248   0.0329578 0.000958311
-0.00230966   0.0329578   0.0310559  0.00843891
   0.456231 0.000958311  0.00843891    0.490683
IMAGINARY
          0 -0.00545571  -0.0207855   0.0285891
 0.00545571           0   0.0202236   0.0131128
  0.0207855  -0.0202236           0  0.00545571
 -0.0285891  -0.0131128 -0.00545571           0
EndNode2[0]<--->HoM1[0]
REAL
   0.481865  -0.0116091 0.000732943    0.462705
 -0.0116091   0.0297927     0.02412  -0.0145669
0.000732943     0.02412   0.0336788 0.000410142
   0.462705  -0.0145669 0.000410142    0.454663
IMAGINARY
          0   0.0162832 -0.00948298   0.0154129
 -0.0162832           0  -0.0141535   0.0101505
 0.00948298   0.0141535           0   -0.019621
 -0.0154129  -0.0101505    0.019621           0
Repeater1[0]<--->EndNode1[0]
REAL
   0.442236 -0.00230966 -0.00979026    0.456231
-0.00230966   0.0310559   0.0329578  0.00843891
-0.00979026   0.0329578   0.0360248 0.000958311
   0.456231  0.00843891 0.000958311    0.490683
IMAGINARY
          0  -0.0207855 -0.00545571   0.0285891
  0.0207855           0  -0.0202236  0.00545571
 0.00545571   0.0202236           0   0.0131128
 -0.0285891 -0.00545571  -0.0131128           0
Repeater1[0]<--->HoM1[0]
REAL
   0.481865 0.000732943  -0.0116091    0.462705
0.000732943   0.0336788     0.02412 0.000410142
 -0.0116091     0.02412   0.0297927  -0.0145669
   0.462705 0.000410142  -0.0145669    0.454663
IMAGINARY
          0 -0.00948298   0.0162832   0.0154129
 0.00948298           0   0.0141535   -0.019621
 -0.0162832  -0.0141535           0   0.0101505
 -0.0154129    0.019621  -0.0101505           0
EndNode1[0]<--->Repeater1[0]
REAL
   0.442133   0.0157181   0.0173737    0.470854
  0.0157181   0.0221066   0.0136217 -0.00379029
  0.0173737   0.0136217   0.0481144  0.00821466
   0.470854 -0.00379029  0.00821466    0.487646
IMAGINARY
          0 -0.00937214  0.00731163  -0.0226367
 0.00937214           0    0.020764  -0.0167456
-0.00731163   -0.020764           0   0.0188061
  0.0226367   0.0167456  -0.0188061           0
EndNode2[0]<--->HoM1[0]
REAL
  0.471673  0.0030004 -0.0113216   0.459145
 0.0030004  0.0289855  0.0268599  0.0240442
-0.0113216  0.0268599  0.0355731 0.00844999
  0.459145  0.0240442 0.00844999   0.463768
IMAGINARY
          0 -0.00608722  0.00997582 -0.00509071
 0.00608722           0  -0.0077645  0.00997582
-0.00997582   0.0077645           0 -0.00419089
 0.00509071 -0.00997582  0.00419089           0
Repeater1[0]<--->EndNode1[0]
REAL
   0.442133   0.0173737   0.0157181    0.470854
  0.0173737   0.0481144   0.0136217  0.00821466
  0.0157181   0.0136217   0.0221066 -0.00379029
   0.470854  0.00821466 -0.00379029    0.487646
IMAGINARY
          0  0.00731163 -0.00937214  -0.0226367
-0.00731163           0   -0.020764   0.0188061
 0.00937214    0.020764           0  -0.0167456
  0.0226367  -0.0188061   0.0167456           0
Repeater1[0]<--->HoM1[0]
REAL
  0.471673 -0.0113216  0.0030004   0.459145
-0.0113216  0.0355731  0.0268599 0.00844999
 0.0030004  0.0268599  0.0289855  0.0240442
  0.459145 0.00844999  0.0240442   0.463768
IMAGINARY
          0  0.00997582 -0.00608722 -0.00509071
-0.00997582           0   0.0077645 -0.00419089
 0.00608722  -0.0077645           0  0.00997582
 0.00509071  0.00419089 -0.00997582           0
EndNode1[0]<--->Repeater1[0]
REAL
   0.490683 0.000207723   0.0158814    0.459463
0.000207723   0.0310559   0.0297551 -0.00375206
  0.0158814   0.0297551   0.0322981   0.0119217
   0.459463 -0.00375206   0.0119217    0.445963
IMAGINARY
           0    0.0279257    -0.030006    0.0215867
  -0.0279257            0   -0.0150593  -0.00447675
    0.030006    0.0150593            0 -7.42706e-05
  -0.0215867   0.00447675  7.42706e-05            0
EndNode2[0]<--->HoM1[0]
REAL
  0.484197  0.0115951 0.00553926   0.460872
 0.0115951  0.0316056  0.0229988  0.0105898
0.00553926  0.0229988  0.0353982 0.00184578
  0.460872  0.0105898 0.00184578   0.448799
IMAGINARY
           0    0.0193836   -0.0117602  -0.00747941
  -0.0193836            0   0.00500416  -0.00795308
   0.0117602  -0.00500416            0  0.000329693
  0.00747941   0.00795308 -0.000329693            0
Repeater1[0]<--->EndNode1[0]
REAL
   0.490683   0.0158814 0.000207723    0.459463
  0.0158814   0.0322981   0.0297551   0.0119217
0.000207723   0.0297551   0.0310559 -0.00375206
   0.459463   0.0119217 -0.00375206    0.445963
IMAGINARY
           0    -0.030006    0.0279257    0.0215867
    0.030006            0    0.0150593 -7.42706e-05
  -0.0279257   -0.0150593            0  -0.00447675
  -0.0215867  7.42706e-05   0.00447675            0
Repeater1[0]<--->HoM1[0]
REAL
  0.484197 0.00553926  0.0115951   0.460872
0.00553926  0.0353982  0.0229988 0.00184578
 0.0115951  0.0229988  0.0316056  0.0105898
  0.460872 0.00184578  0.0105898   0.448799
IMAGINARY
           0   -0.0117602    0.0193836  -0.00747941
   0.0117602            0  -0.00500416  0.000329693
  -0.0193836   0.00500416            0  -0.00795308
  0.00747941 -0.000329693   0.00795308            0
EndNode1[0]<--->Repeater1[0]
REAL
   0.469059  -0.0233309  -0.0166065    0.466913
 -0.0233309    0.029703   0.0205525 -0.00428485
 -0.0166065   0.0205525   0.0272277  -0.0045242
   0.466913 -0.00428485  -0.0045242     0.47401
IMAGINARY
          0   0.0117024  -0.0146428 -0.00505749
 -0.0117024           0  -0.0025761 -0.00770712
  0.0146428   0.0025761           0   0.0208647
 0.00505749  0.00770712  -0.0208647           0
EndNode2[0]<--->HoM1[0]
REAL
   0.469438   0.0249704  0.00648562    0.453421
  0.0249704   0.0342298   0.0361081 5.88837e-05
 0.00648562   0.0361081   0.0244499  -0.0184259
   0.453421 5.88837e-05  -0.0184259    0.471883
IMAGINARY
           0   0.00789059   -0.0185378   0.00435434
 -0.00789059            0  0.000343646    0.0249978
   0.0185378 -0.000343646            0  -0.00918258
 -0.00435434   -0.0249978   0.00918258            0
Repeater1[0]<--->EndNode1[0]
REAL
   0.469059  -0.0166065  -0.0233309    0.466913
 -0.0166065   0.0272277   0.0205525  -0.0045242
 -0.0233309   0.0205525    0.029703 -0.00428485
   0.466913  -0.0045242 -0.00428485     0.47401
IMAGINARY
          0  -0.0146428   0.0117024 -0.00505749
  0.0146428           0   0.0025761   0.0208647
 -0.0117024  -0.0025761           0 -0.00770712
 0.00505749  -0.0208647  0.00770712           0
Repeater1[0]<--->HoM1[0]
REAL
   0.469438  0.00648562   0.0249704    0.453421
 0.00648562   0.0244499   0.0361081  -0.0184259
  0.0249704   0.0361081   0.0342298 5.88837e-05
   0.453421  -0.0184259 5.88837e-05    0.471883
IMAGINARY
           0   -0.0185378   0.00789059   0.00435434
   0.0185378            0 -0.000343646  -0.00918258
 -0.00789059  0.000343646            0    0.0249978
 -0.00435434   0.00918258   -0.0249978            0
EndNode1[0]<--->Repeater1[0]
REAL
   0.458122  -0.0151814 -0.00504195    0.450428
 -0.0151814   0.0304569   0.0295465 0.000661473
-0.00504195   0.0295465    0.034264   0.0108009
   0.450428 0.000661473   0.0108009    0.477157
IMAGINARY
          0   0.0200076  -0.0205094  -0.0068499
 -0.0200076           0   0.0015589 -0.00348543
  0.0205094  -0.0015589           0  0.00787824
  0.0068499  0.00348543 -0.00787824           0
EndNode2[0]<--->HoM1[0]
REAL
   0.487245 -0.00751764  -0.0143183    0.460947
-0.00751764   0.0306122   0.0246924 -0.00787496
 -0.0143183   0.0246924   0.0306122 -0.00814816
   0.460947 -0.00787496 -0.00814816    0.451531
IMAGINARY
