EndNode1[0]<--->Repeater1[0]
REAL
  0.466581  0.0198638  0.0170758   0.428199
 0.0198638  0.0321337  0.0187606  -0.004786
 0.0170758  0.0187606  0.0372751 0.00665625
  0.428199  -0.004786 0.00665625    0.46401
IMAGINARY
           0   -0.0131803  0.000308644   -0.0279583
   0.0131803            0    0.0063237   0.00351789
-0.000308644   -0.0063237            0    0.0106293
   0.0279583  -0.00351789   -0.0106293            0
EndNode2[0]<--->HoM1[0]
REAL
      0.465 -0.00148566   0.0105037    0.405888
-0.00148566     0.03375   0.0326311  0.00267075
  0.0105037   0.0326311     0.03125  0.00587713
   0.405888  0.00267075  0.00587713        0.47
IMAGINARY
           0  -0.00142193 -0.000149399    0.0121527
  0.00142193            0    0.0158473   -0.0156934
 0.000149399   -0.0158473            0   0.00966021
  -0.0121527    0.0156934  -0.00966021            0
Repeater1[0]<--->EndNode1[0]
REAL
  0.466581  0.0170758  0.0198638   0.428199
 0.0170758  0.0372751  0.0187606 0.00665625
 0.0198638  0.0187606  0.0321337  -0.004786
  0.428199 0.00665625  -0.004786    0.46401
IMAGINARY
           0  0.000308644   -0.0131803   -0.0279583
-0.000308644            0   -0.0063237    0.0106293
   0.0131803    0.0063237            0   0.00351789
   0.0279583   -0.0106293  -0.00351789            0
Repeater1[0]<--->HoM1[0]
REAL
      0.465   0.0105037 -0.00148566    0.405888
  0.0105037     0.03125   0.0326311  0.00587713
-0.00148566   0.0326311     0.03375  0.00267075
   0.405888  0.00587713  0.00267075        0.47
IMAGINARY
           0 -0.000149399  -0.00142193    0.0121527
 0.000149399            0   -0.0158473   0.00966021
  0.00142193    0.0158473            0   -0.0156934
  -0.0121527  -0.00966021    0.0156934            0
EndNode1[0]<--->Repeater1[0]
REAL
   0.485333  0.00984638  0.00680722    0.425256
 0.00984638       0.024   0.0298141  -0.0100165
 0.00680722   0.0298141       0.024 -0.00663714
   0.425256  -0.0100165 -0.00663714    0.466667
IMAGINARY
          0  -0.0122655  -0.0163449 -0.00768079
  0.0122655           0  -0.0208552  -0.0144862
  0.0163449   0.0208552           0    0.016287
 0.00768079   0.0144862   -0.016287           0
EndNode2[0]<--->HoM1[0]
REAL
   0.480519  -0.0159974  -0.0386409    0.417791
 -0.0159974   0.0246753   0.0281889 -0.00784147
 -0.0386409   0.0281889   0.0298701  -0.0267162
   0.417791 -0.00784147  -0.0267162    0.464935
IMAGINARY
          0  -0.0010628 -0.00150439   0.0132908
  0.0010628           0 -0.00798578  -0.0106907
 0.00150439  0.00798578           0  0.00555574
 -0.0132908   0.0106907 -0.00555574           0
Repeater1[0]<--->EndNode1[0]
REAL
   0.485333  0.00680722  0.00984638    0.425256
 0.00680722       0.024   0.0298141 -0.00663714
 0.00984638   0.0298141       0.024  -0.0100165
   0.425256 -0.00663714  -0.0100165    0.466667
IMAGINARY
          0  -0.0163449  -0.0122655 -0.00768079
  0.0163449           0   0.0208552    0.016287
  0.0122655  -0.0208552           0  -0.0144862
 0.00768079   -0.016287   0.0144862           0
Repeater1[0]<--->HoM1[0]
REAL
   0.480519  -0.0386409  -0.0159974    0.417791
 -0.0386409   0.0298701   0.0281889  -0.0267162
 -0.0159974   0.0281889   0.0246753 -0.00784147
   0.417791  -0.0267162 -0.00784147    0.464935
IMAGINARY
          0 -0.00150439  -0.0010628   0.0132908
 0.00150439           0  0.00798578  0.00555574
  0.0010628 -0.00798578           0  -0.0106907
 -0.0132908 -0.00555574   0.0106907           0
EndNode1[0]<--->Repeater1[0]
REAL
   0.459811 -0.00881071  -0.0103855    0.419906
-0.00881071   0.0248227   0.0189691 -0.00306193
 -0.0103855   0.0189691   0.0283688  0.00269824
   0.419906 -0.00306193  0.00269824    0.486998
IMAGINARY
          0  0.00202064   0.0109863  0.00637882
-0.00202064           0  -0.0176854  -0.0156717
 -0.0109863   0.0176854           0 -0.00268999
-0.00637882   0.0156717  0.00268999           0
EndNode2[0]<--->HoM1[0]
REAL
   0.457718 -0.00379725  0.00217232    0.413855
-0.00379725   0.0308725   0.0176522   0.0128962
 0.00217232   0.0176522   0.0348993   0.0216055
   0.413855   0.0128962   0.0216055     0.47651
IMAGINARY
          0  -0.0138291 -0.00891874   0.0216049
  0.0138291           0  -0.0216049    0.013982
 0.00891874   0.0216049           0  0.00117089
 -0.0216049   -0.013982 -0.00117089           0
Repeater1[0]<--->EndNode1[0]
REAL
   0.459811  -0.0103855 -0.00881071    0.419906
 -0.0103855   0.0283688   0.0189691  0.00269824
-0.00881071   0.0189691   0.0248227 -0.00306193
   0.419906  0.00269824 -0.00306193    0.486998
IMAGINARY
          0   0.0109863  0.00202064  0.00637882
 -0.0109863           0   0.0176854 -0.00268999
-0.00202064  -0.0176854           0  -0.0156717
-0.00637882  0.00268999   0.0156717           0
Repeater1[0]<--->HoM1[0]
REAL
   0.457718  0.00217232 -0.00379725    0.413855
 0.00217232   0.0348993   0.0176522   0.0216055
-0.00379725   0.0176522   0.0308725   0.0128962
   0.413855   0.0216055   0.0128962     0.47651
IMAGINARY
          0 -0.00891874  -0.0138291   0.0216049
 0.00891874           0   0.0216049  0.00117089
  0.0138291  -0.0216049           0    0.013982
 -0.0216049 -0.00117089   -0.013982           0
EndNode1[0]<--->Repeater1[0]
REAL
   0.495401 -0.00656697  0.00880739    0.424415
-0.00656697   0.0236531   0.0145271 -0.00270156
 0.00880739   0.0145271   0.0118265  0.00588854
   0.424415 -0.00270156  0.00588854     0.46912
IMAGINARY
          0  0.00175471 -0.00259716   0.0168183
-0.00175471           0   0.0193183  -0.0155505
 0.00259716  -0.0193183           0   0.0239024
 -0.0168183   0.0155505  -0.0239024           0
EndNode2[0]<--->HoM1[0]
REAL
   0.43555  0.0374808   0.026707   0.411286
 0.0374808  0.0434193  0.0176687 0.00278359
  0.026707  0.0176687  0.0352782 -0.0120116
  0.411286 0.00278359 -0.0120116   0.485753
IMAGINARY
          0  0.00496195   0.0124211 -0.00235955
-0.00496195           0 -0.00833564  -0.0193047
 -0.0124211  0.00833564           0 -0.00683929
 0.00235955   0.0193047  0.00683929           0
Repeater1[0]<--->EndNode1[0]
REAL
   0.495401  0.00880739 -0.00656697    0.424415
 0.00880739   0.0118265   0.0145271  0.00588854
-0.00656697   0.0145271   0.0236531 -0.00270156
   0.424415  0.00588854 -0.00270156     0.46912
IMAGINARY
          0 -0.00259716  0.00175471   0.0168183
 0.00259716           0  -0.0193183   0.0239024
-0.00175471   0.0193183           0  -0.0155505
 -0.0168183  -0.0239024   0.0155505           0
Repeater1[0]<--->HoM1[0]
REAL
   0.43555   0.026707  0.0374808   0.411286
  0.026707  0.0352782  0.0176687 -0.0120116
 0.0374808  0.0176687  0.0434193 0.00278359
  0.411286 -0.0120116 0.00278359   0.485753
IMAGINARY
          0   0.0124211  0.00496195 -0.00235955
 -0.0124211           0  0.00833564 -0.00683929
-0.00496195 -0.00833564           0  -0.0193047
 0.00235955  0.00683929   0.0193047           0
EndNode1[0]<--->Repeater1[0]
REAL
    0.46683  0.00191243   0.0105775    0.419897
 0.00191243   0.0257985   0.0149436  0.00803948
  0.0105775   0.0149436    0.034398 -0.00324221
   0.419897  0.00803948 -0.00324221    0.472973
IMAGINARY
          0  -0.0124018 -0.00154347  0.00593355
  0.0124018           0  -0.0129221 -0.00849669
 0.00154347   0.0129221           0   0.0211033
-0.00593355  0.00849669  -0.0211033           0
EndNode2[0]<--->HoM1[0]
REAL
   0.438735  0.00235165 0.000412336    0.407449
 0.00235165   0.0250329 0.000324352  0.00288147
0.000412336 0.000324352   0.0434783 -0.00959803
   0.407449  0.00288147 -0.00959803    0.492754
IMAGINARY
          0  -0.0124426  0.00149311 -0.00362092
  0.0124426           0 -0.00148112   -0.015488
-0.00149311  0.00148112           0   0.0251653
 0.00362092    0.015488  -0.0251653           0
Repeater1[0]<--->EndNode1[0]
REAL
    0.46683   0.0105775  0.00191243    0.419897
  0.0105775    0.034398   0.0149436 -0.00324221
 0.00191243   0.0149436   0.0257985  0.00803948
   0.419897 -0.00324221  0.00803948    0.472973
IMAGINARY
          0 -0.00154347  -0.0124018  0.00593355
 0.00154347           0   0.0129221   0.0211033
  0.0124018  -0.0129221           0 -0.00849669
-0.00593355  -0.0211033  0.00849669           0
Repeater1[0]<--->HoM1[0]
REAL
   0.438735 0.000412336  0.00235165    0.407449
0.000412336   0.0434783 0.000324352 -0.00959803
 0.00235165 0.000324352   0.0250329  0.00288147
   0.407449 -0.00959803  0.00288147    0.492754
IMAGINARY
          0  0.00149311  -0.0124426 -0.00362092
-0.00149311           0  0.00148112   0.0251653
  0.0124426 -0.00148112           0   -0.015488
 0.00362092  -0.0251653    0.015488           0
EndNode1[0]<--->Repeater1[0]
REAL
   0.494949 -0.00919559   0.0151558    0.424744
-0.00919559   0.0416667   0.0140063  0.00859416
  0.0151558   0.0140063   0.0290404   0.0341956
   0.424744  0.00859416   0.0341956    0.434343
IMAGINARY
           0   0.00766658 -2.44703e-05    0.0134489
 -0.00766658            0   -0.0167956  -0.00191602
 2.44703e-05    0.0167956            0   0.00332953
  -0.0134489   0.00191602  -0.00332953            0
EndNode2[0]<--->HoM1[0]
REAL
   0.477573  0.00969385 0.000389759    0.419639
 0.00969385   0.0211082  0.00693008   -0.009068
0.000389759  0.00693008   0.0263852  -0.0116965
   0.419639   -0.009068  -0.0116965    0.474934
IMAGINARY
          0  -0.0137027   0.0111444   0.0171994
  0.0137027           0  0.00437889 -0.00408405
 -0.0111444 -0.00437889           0 -0.00362717
 -0.0171994  0.00408405  0.00362717           0
Repeater1[0]<--->EndNode1[0]
REAL
   0.494949   0.0151558 -0.00919559    0.424744
  0.0151558   0.0290404   0.0140063   0.0341956
-0.00919559   0.0140063   0.0416667  0.00859416
   0.424744   0.0341956  0.00859416    0.434343
IMAGINARY
           0 -2.44703e-05   0.00766658    0.0134489
 2.44703e-05            0    0.0167956   0.00332953
 -0.00766658   -0.0167956            0  -0.00191602
  -0.0134489  -0.00332953   0.00191602            0
Repeater1[0]<--->HoM1[0]
REAL
   0.477573 0.000389759  0.00969385    0.419639
0.000389759   0.0263852  0.00693008  -0.0116965
 0.00969385  0.00693008   0.0211082   -0.009068
   0.419639  -0.0116965   -0.009068    0.474934
IMAGINARY
          0   0.0111444  -0.0137027   0.0171994
 -0.0111444           0 -0.00437889 -0.00362717
  0.0137027  0.00437889           0 -0.00408405
 -0.0171994  0.00362717  0.00408405           0
EndNode1[0]<--->Repeater1[0]
REAL
   0.429708 -0.00521802  0.00445837    0.429437
-0.00521802   0.0397878   0.0199937 -0.00761893
 0.00445837   0.0199937   0.0265252  0.00458591
   0.429437 -0.00761893  0.00458591    0.503979
IMAGINARY
           0    0.0184634    0.0117758 -0.000272625
  -0.0184634            0   -0.0105554   -0.0150099
  -0.0117758    0.0105554            0   -0.0152293
 0.000272625    0.0150099    0.0152293            0
EndNode2[0]<--->HoM1[0]
REAL
    0.47416   0.0269426   0.0152876    0.420752
  0.0269426   0.0297158   0.0267546  0.00833441
  0.0152876   0.0267546   0.0297158 -0.00332056
   0.420752  0.00833441 -0.00332056    0.466408
IMAGINARY
          0   0.0111579  0.00674428   0.0135709
 -0.0111579           0   0.0240777  -0.0137685
-0.00674428  -0.0240777           0  -0.0156279
 -0.0135709   0.0137685   0.0156279           0
Repeater1[0]<--->EndNode1[0]
REAL
   0.429708  0.00445837 -0.00521802    0.429437
 0.00445837   0.0265252   0.0199937  0.00458591
-0.00521802   0.0199937   0.0397878 -0.00761893
   0.429437  0.00458591 -0.00761893    0.503979
IMAGINARY
           0    0.0117758    0.0184634 -0.000272625
  -0.0117758            0    0.0105554   -0.0152293
  -0.0184634   -0.0105554            0   -0.0150099
 0.000272625    0.0152293    0.0150099            0
Repeater1[0]<--->HoM1[0]
REAL
    0.47416   0.0152876   0.0269426    0.420752
  0.0152876   0.0297158   0.0267546 -0.00332056
  0.0269426   0.0267546   0.0297158  0.00833441
   0.420752 -0.00332056  0.00833441    0.466408
IMAGINARY
          0  0.00674428   0.0111579   0.0135709
-0.00674428           0  -0.0240777  -0.0156279
 -0.0111579   0.0240777           0  -0.0137685
 -0.0135709   0.0156279   0.0137685           0
EndNode1[0]<--->Repeater1[0]
REAL
    0.48057  0.00390965 -0.00381055    0.416038
 0.00390965   0.0284974   0.0174688   0.0148927
-0.00381055   0.0174688   0.0323834  0.00326114
   0.416038   0.0148927  0.00326114    0.458549
IMAGINARY
          0   -0.023591 -0.00420018 -0.00122428
   0.023591           0 -0.00255406   0.0295578
 0.00420018  0.00255406           0  -0.0121697
 0.00122428  -0.0295578   0.0121697           0
EndNode2[0]<--->HoM1[0]
REAL
   0.45443  0.0228764  0.0114681   0.415066
 0.0228764  0.0278481  0.0231736 0.00495767
 0.0114681  0.0231736  0.0265823  -0.013021
  0.415066 0.00495767  -0.013021   0.491139
IMAGINARY
          0 -0.00387583 -0.00362562 -0.00483564
 0.00387583           0  -0.0159468  0.00426912
 0.00362562   0.0159468           0 -0.00963768
 0.00483564 -0.00426912  0.00963768           0
Repeater1[0]<--->EndNode1[0]
REAL
    0.48057 -0.00381055  0.00390965    0.416038
-0.00381055   0.0323834   0.0174688  0.00326114
 0.00390965   0.0174688   0.0284974   0.0148927
   0.416038  0.00326114   0.0148927    0.458549
IMAGINARY
          0 -0.00420018   -0.023591 -0.00122428
 0.00420018           0  0.00255406  -0.0121697
   0.023591 -0.00255406           0   0.0295578
 0.00122428   0.0121697  -0.0295578           0
Repeater1[0]<--->HoM1[0]
REAL
   0.45443  0.0114681  0.0228764   0.415066
 0.0114681  0.0265823  0.0231736  -0.013021
 0.0228764  0.0231736  0.0278481 0.00495767
  0.415066  -0.013021 0.00495767   0.491139
IMAGINARY
          0 -0.00362562 -0.00387583 -0.00483564
 0.00362562           0   0.0159468 -0.00963768
 0.00387583  -0.0159468           0  0.00426912
 0.00483564  0.00963768 -0.00426912           0
EndNode1[0]<--->Repeater1[0]
REAL
   0.447619  0.00469765   0.0018069    0.415782
 0.00469765   0.0244898   0.0268931 -0.00499162
  0.0018069   0.0268931   0.0285714 -0.00915625
   0.415782 -0.00499162 -0.00915625     0.49932
IMAGINARY
          0  0.00237138 -0.00160027   0.0215239
-0.00237138           0   0.0106543    0.012456
 0.00160027  -0.0106543           0  -0.0119499
 -0.0215239   -0.012456   0.0119499           0
EndNode2[0]<--->HoM1[0]
REAL
    0.511628  -0.00662973   -0.0108042     0.418012
 -0.00662973    0.0245478     0.029837 -0.000277911
  -0.0108042     0.029837    0.0258398   0.00337027
    0.418012 -0.000277911   0.00337027     0.437984
IMAGINARY
          0   0.0165338 -0.00996268  -0.0160834
 -0.0165338           0   0.0128741 -0.00931752
 0.00996268  -0.0128741           0 -0.00625102
  0.0160834  0.00931752  0.00625102           0
Repeater1[0]<--->EndNode1[0]
REAL
   0.447619   0.0018069  0.00469765    0.415782
  0.0018069   0.0285714   0.0268931 -0.00915625
 0.00469765   0.0268931   0.0244898 -0.00499162
   0.415782 -0.00915625 -0.00499162     0.49932
IMAGINARY
          0 -0.00160027  0.00237138   0.0215239
 0.00160027           0  -0.0106543  -0.0119499
-0.00237138   0.0106543           0    0.012456
 -0.0215239   0.0119499   -0.012456           0
Repeater1[0]<--->HoM1[0]
REAL
    0.511628   -0.0108042  -0.00662973     0.418012
  -0.0108042    0.0258398     0.029837   0.00337027
 -0.00662973     0.029837    0.0245478 -0.000277911
    0.418012   0.00337027 -0.000277911     0.437984
IMAGINARY
          0 -0.00996268   0.0165338  -0.0160834
 0.00996268           0  -0.0128741 -0.00625102
 -0.0165338   0.0128741           0 -0.00931752
  0.0160834  0.00625102  0.00931752           0
EndNode1[0]<--->Repeater1[0]
REAL
   0.452477  -0.0158655  -0.0266924    0.418273
 -0.0158655   0.0348059   0.0184028 -0.00760841
 -0.0266924   0.0184028   0.0267738  -0.0210738
   0.418273 -0.00760841  -0.0210738    0.485944
IMAGINARY
          0  -0.0175262  0.00587568  -0.0232846
  0.0175262           0 -0.00165606  0.00127647
-0.00587568  0.00165606           0  -0.0143334
  0.0232846 -0.00127647   0.0143334           0
EndNode2[0]<--->HoM1[0]
REAL
   0.466328 0.000768827   0.0117668    0.420196
0.000768827   0.0292249   0.0244677  0.00601972
  0.0117668   0.0244677   0.0266836   0.0143827
   0.420196  0.00601972   0.0143827    0.477764
IMAGINARY
          0 -0.00398914     0.01634  0.00639536
 0.00398914           0  -0.0262417  -0.0188526
   -0.01634   0.0262417           0   0.0253459
-0.00639536   0.0188526  -0.0253459           0
Repeater1[0]<--->EndNode1[0]
REAL
   0.452477  -0.0266924  -0.0158655    0.418273
 -0.0266924   0.0267738   0.0184028  -0.0210738
 -0.0158655   0.0184028   0.0348059 -0.00760841
   0.418273  -0.0210738 -0.00760841    0.485944
IMAGINARY
          0  0.00587568  -0.0175262  -0.0232846
-0.00587568           0  0.00165606  -0.0143334
  0.0175262 -0.00165606           0  0.00127647
  0.0232846   0.0143334 -0.00127647           0
Repeater1[0]<--->HoM1[0]
REAL
   0.466328   0.0117668 0.000768827    0.420196
  0.0117668   0.0266836   0.0244677   0.0143827
0.000768827   0.0244677   0.0292249  0.00601972
   0.420196   0.0143827  0.00601972    0.477764
IMAGINARY
          0     0.01634 -0.00398914  0.00639536
   -0.01634           0   0.0262417   0.0253459
 0.00398914  -0.0262417           0  -0.0188526
-0.00639536  -0.0253459   0.0188526           0
EndNode1[0]<--->Repeater1[0]
REAL
  0.493421 0.00700871 -0.0121718   0.406704
0.00700871  0.0263158  0.0165803  0.0195742
-0.0121718  0.0165803  0.0355263 0.00443139
  0.406704  0.0195742 0.00443139   0.444737
IMAGINARY
          0 -0.00852227   0.0121025  -0.0128992
 0.00852227           0 -0.00900314   0.0039469
 -0.0121025  0.00900314           0  0.00605314
  0.0128992  -0.0039469 -0.00605314           0
EndNode2[0]<--->HoM1[0]
REAL
   0.489822 -0.00725904   0.0139512    0.419017
-0.00725904   0.0356234   0.0255641  -0.0201088
  0.0139512   0.0255641   0.0229008  0.00972209
   0.419017  -0.0201088  0.00972209    0.451654
IMAGINARY
          0   -0.022637   0.0192177 -0.00205325
   0.022637           0   0.0160346  0.00453065
 -0.0192177  -0.0160346           0   0.0104419
 0.00205325 -0.00453065  -0.0104419           0
Repeater1[0]<--->EndNode1[0]
REAL
  0.493421 -0.0121718 0.00700871   0.406704
-0.0121718  0.0355263  0.0165803 0.00443139
0.00700871  0.0165803  0.0263158  0.0195742
  0.406704 0.00443139  0.0195742   0.444737
IMAGINARY
          0   0.0121025 -0.00852227  -0.0128992
 -0.0121025           0  0.00900314  0.00605314
 0.00852227 -0.00900314           0   0.0039469
  0.0128992 -0.00605314  -0.0039469           0
Repeater1[0]<--->HoM1[0]
REAL
   0.489822   0.0139512 -0.00725904    0.419017
  0.0139512   0.0229008   0.0255641  0.00972209
-0.00725904   0.0255641   0.0356234  -0.0201088
   0.419017  0.00972209  -0.0201088    0.451654
IMAGINARY
          0   0.0192177   -0.022637 -0.00205325
 -0.0192177           0  -0.0160346   0.0104419
   0.022637   0.0160346           0  0.00453065
 0.00205325  -0.0104419 -0.00453065           0
EndNode1[0]<--->Repeater1[0]
REAL
     0.4275   0.0134549 -0.00804852     0.40982
  0.0134549      0.0225   0.0112689   0.0060077
-0.00804852   0.0112689     0.04125 -0.00189032
    0.40982   0.0060077 -0.00189032     0.50875
IMAGINARY
           0   -0.0085063 -0.000737779    0.0222489
   0.0085063            0   -0.0139475   -0.0157313
 0.000737779    0.0139475            0   0.00257745
  -0.0222489    0.0157313  -0.00257745            0
EndNode2[0]<--->HoM1[0]
REAL
  0.494595 0.00601968 0.00656137    0.41641
0.00601968  0.0297297  0.0240047 0.00898267
0.00656137  0.0240047  0.0202703 0.00952436
   0.41641 0.00898267 0.00952436   0.455405
IMAGINARY
          0  0.00211862   0.0106996  -0.0120067
-0.00211862           0  0.00227904  -0.0157628
 -0.0106996 -0.00227904           0  0.00674214
  0.0120067   0.0157628 -0.00674214           0
Repeater1[0]<--->EndNode1[0]
REAL
     0.4275 -0.00804852   0.0134549     0.40982
-0.00804852     0.04125   0.0112689 -0.00189032
  0.0134549   0.0112689      0.0225   0.0060077
    0.40982 -0.00189032   0.0060077     0.50875
IMAGINARY
           0 -0.000737779   -0.0085063    0.0222489
 0.000737779            0    0.0139475   0.00257745
   0.0085063   -0.0139475            0   -0.0157313
  -0.0222489  -0.00257745    0.0157313            0
Repeater1[0]<--->HoM1[0]
REAL
  0.494595 0.00656137 0.00601968    0.41641
0.00656137  0.0202703  0.0240047 0.00952436
0.00601968  0.0240047  0.0297297 0.00898267
   0.41641 0.00952436 0.00898267   0.455405
IMAGINARY
          0   0.0106996  0.00211862  -0.0120067
 -0.0106996           0 -0.00227904  0.00674214
-0.00211862  0.00227904           0  -0.0157628
  0.0120067 -0.00674214   0.0157628           0
EndNode1[0]<--->Repeater1[0]
REAL
   0.492424  -0.0262895 -0.00406855    0.403991
 -0.0262895   0.0214646   0.0223115 -0.00546131
-0.00406855   0.0223115    0.040404    0.011677
   0.403991 -0.00546131    0.011677    0.445707
IMAGINARY
          0    0.016159  0.00261908  0.00530587
  -0.016159           0  0.00530587 -0.00389134
-0.00261908 -0.00530587           0  -0.0034364
-0.00530587  0.00389134   0.0034364           0
EndNode2[0]<--->HoM1[0]
REAL
   0.507634 -0.00489464  0.00780221    0.428648
-0.00489464   0.0356234   0.0205258   0.0182461
 0.00780221   0.0205258   0.0343511   0.0207777
   0.428648   0.0182461   0.0207777    0.422392
IMAGINARY
           0   -0.0202427  -0.00734276    0.0146454
   0.0202427            0   0.00495008    0.0026823
  0.00734276  -0.00495008            0 -0.000396398
  -0.0146454   -0.0026823  0.000396398            0
Repeater1[0]<--->EndNode1[0]
REAL
   0.492424 -0.00406855  -0.0262895    0.403991
-0.00406855    0.040404   0.0223115    0.011677
 -0.0262895   0.0223115   0.0214646 -0.00546131
   0.403991    0.011677 -0.00546131    0.445707
IMAGINARY
          0  0.00261908    0.016159  0.00530587
-0.00261908           0 -0.00530587  -0.0034364
  -0.016159  0.00530587           0 -0.00389134
-0.00530587   0.0034364  0.00389134           0
Repeater1[0]<--->HoM1[0]
REAL
   0.507634  0.00780221 -0.00489464    0.428648
 0.00780221   0.0343511   0.0205258   0.0207777
-0.00489464   0.0205258   0.0356234   0.0182461
   0.428648   0.0207777   0.0182461    0.422392
IMAGINARY
           0  -0.00734276   -0.0202427    0.0146454
  0.00734276            0  -0.00495008 -0.000396398
   0.0202427   0.00495008            0    0.0026823
  -0.0146454  0.000396398   -0.0026823            0
EndNode1[0]<--->Repeater1[0]
REAL
  0.474839  0.0101414 0.00253034   0.416073
 0.0101414  0.0348387  0.0380553  0.0256479
0.00253034  0.0380553  0.0335484 0.00886258
  0.416073  0.0256479 0.00886258   0.456774
IMAGINARY
          0  -0.0122486 -0.00566898   0.0121814
  0.0122486           0  -0.0102257  -0.0152967
 0.00566898   0.0102257           0   0.0205079
 -0.0121814   0.0152967  -0.0205079           0
EndNode2[0]<--->HoM1[0]
REAL
   0.470588  0.00130849 -0.00304459     0.41886
 0.00130849   0.0330882   0.0161715  0.00495541
-0.00304459   0.0161715   0.0379902 -0.00321932
    0.41886  0.00495541 -0.00321932    0.458333
IMAGINARY
           0  0.000555288    -0.012484    0.0094997
-0.000555288            0    0.0148905    -0.012484
    0.012484   -0.0148905            0    0.0116086
  -0.0094997     0.012484   -0.0116086            0
Repeater1[0]<--->EndNode1[0]
REAL
  0.474839 0.00253034  0.0101414   0.416073
0.00253034  0.0335484  0.0380553 0.00886258
 0.0101414  0.0380553  0.0348387  0.0256479
  0.416073 0.00886258  0.0256479   0.456774
IMAGINARY
          0 -0.00566898  -0.0122486   0.0121814
 0.00566898           0   0.0102257   0.0205079
  0.0122486  -0.0102257           0  -0.0152967
 -0.0121814  -0.0205079   0.0152967           0
Repeater1[0]<--->HoM1[0]
REAL
   0.470588 -0.00304459  0.00130849     0.41886
-0.00304459   0.0379902   0.0161715 -0.00321932
 0.00130849   0.0161715   0.0330882  0.00495541
    0.41886 -0.00321932  0.00495541    0.458333
IMAGINARY
           0    -0.012484  0.000555288    0.0094997
    0.012484            0   -0.0148905    0.0116086
-0.000555288    0.0148905            0    -0.012484
  -0.0094997   -0.0116086     0.012484            0
EndNode1[0]<--->Repeater1[0]
REAL
   0.464239   0.0171546   0.0145729    0.416328
  0.0171546   0.0442133   0.0253705 -0.00253235
  0.0145729   0.0253705   0.0286086  -0.0177883
   0.416328 -0.00253235  -0.0177883    0.462939
IMAGINARY
          0 -0.00909832  -0.0109509 -0.00750042
 0.00909832           0  -0.0104944 -0.00101716
  0.0109509   0.0104944           0   0.0263856
 0.00750042  0.00101716  -0.0263856           0
EndNode2[0]<--->HoM1[0]
REAL
   0.479899   0.0158731 -0.00170111    0.414355
  0.0158731   0.0251256    0.013466  -0.0101099
-0.00170111    0.013466    0.031407  -0.0184978
   0.414355  -0.0101099  -0.0184978    0.463568
IMAGINARY
          0   0.0143577  -0.0252877   0.0195891
 -0.0143577           0 -0.00693091 -0.00584322
  0.0252877  0.00693091           0   0.0167732
 -0.0195891  0.00584322  -0.0167732           0
Repeater1[0]<--->EndNode1[0]
REAL
   0.464239   0.0145729   0.0171546    0.416328
  0.0145729   0.0286086   0.0253705  -0.0177883
  0.0171546   0.0253705   0.0442133 -0.00253235
   0.416328  -0.0177883 -0.00253235    0.462939
IMAGINARY
          0  -0.0109509 -0.00909832 -0.00750042
  0.0109509           0   0.0104944   0.0263856
 0.00909832  -0.0104944           0 -0.00101716
 0.00750042  -0.0263856  0.00101716           0
Repeater1[0]<--->HoM1[0]
REAL
   0.479899 -0.00170111   0.0158731    0.414355
-0.00170111    0.031407    0.013466  -0.0184978
  0.0158731    0.013466   0.0251256  -0.0101099
   0.414355  -0.0184978  -0.0101099    0.463568
IMAGINARY
          0  -0.0252877   0.0143577   0.0195891
  0.0252877           0  0.00693091   0.0167732
 -0.0143577 -0.00693091           0 -0.00584322
 -0.0195891  -0.0167732  0.00584322           0
EndNode1[0]<--->Repeater1[0]
REAL
   0.485897  0.00310461  0.00504723     0.41635
 0.00310461   0.0205128   0.0144679  0.00438673
 0.00504723   0.0144679   0.0230769 -0.00750713
    0.41635  0.00438673 -0.00750713    0.470513
IMAGINARY
          0 -0.00435651   0.0117769   0.0169448
 0.00435651           0    0.022208 -0.00236827
 -0.0117769   -0.022208           0   -0.003708
 -0.0169448  0.00236827    0.003708           0
EndNode2[0]<--->HoM1[0]
REAL
   0.476127  -0.0111817  0.00163464    0.425015
 -0.0111817   0.0331565  0.00982528 -0.00429421
 0.00163464  0.00982528   0.0411141  0.00187316
   0.425015 -0.00429421  0.00187316    0.449602
IMAGINARY
           0   -0.0204421   -0.0105696   -0.0239208
   0.0204421            0   0.00348482    0.0194304
   0.0105696  -0.00348482            0  0.000188952
   0.0239208   -0.0194304 -0.000188952            0
Repeater1[0]<--->EndNode1[0]
REAL
   0.485897  0.00504723  0.00310461     0.41635
 0.00504723   0.0230769   0.0144679 -0.00750713
 0.00310461   0.0144679   0.0205128  0.00438673
    0.41635 -0.00750713  0.00438673    0.470513
IMAGINARY
          0   0.0117769 -0.00435651   0.0169448
 -0.0117769           0   -0.022208   -0.003708
 0.00435651    0.022208           0 -0.00236827
 -0.0169448    0.003708  0.00236827           0
Repeater1[0]<--->HoM1[0]
REAL
   0.476127  0.00163464  -0.0111817    0.425015
 0.00163464   0.0411141  0.00982528  0.00187316
 -0.0111817  0.00982528   0.0331565 -0.00429421
   0.425015  0.00187316 -0.00429421    0.449602
IMAGINARY
           0   -0.0105696   -0.0204421   -0.0239208
   0.0105696            0  -0.00348482  0.000188952
   0.0204421   0.00348482            0    0.0194304
   0.0239208 -0.000188952   -0.0194304            0
EndNode1[0]<--->Repeater1[0]
REAL
  0.483954 -0.0255529 -0.0164065   0.423154
-0.0255529  0.0256739  0.0141761 -0.0176534
-0.0164065  0.0141761  0.0269576 -0.0139567
  0.423154 -0.0176534 -0.0139567   0.463415
IMAGINARY
          0   0.0115035 -0.00213036  0.00835228
 -0.0115035           0  -0.0185564  -0.0215604
 0.00213036   0.0185564           0   0.0184217
-0.00835228   0.0215604  -0.0184217           0
EndNode2[0]<--->HoM1[0]
REAL
  0.469716 0.00528785   0.011871   0.422974
0.00528785  0.0432633  0.0179604 -0.0104974
  0.011871  0.0179604  0.0469716 0.00844841
  0.422974 -0.0104974 0.00844841   0.440049
IMAGINARY
          0   0.0101177  -0.0153433  0.00274759
 -0.0101177           0   0.0318678 -0.00708411
  0.0153433  -0.0318678           0   0.0255023
-0.00274759  0.00708411  -0.0255023           0
Repeater1[0]<--->EndNode1[0]
REAL
  0.483954 -0.0164065 -0.0255529   0.423154
-0.0164065  0.0269576  0.0141761 -0.0139567
-0.0255529  0.0141761  0.0256739 -0.0176534
  0.423154 -0.0139567 -0.0176534   0.463415
IMAGINARY
          0 -0.00213036   0.0115035  0.00835228
 0.00213036           0   0.0185564   0.0184217
 -0.0115035  -0.0185564           0  -0.0215604
-0.00835228  -0.0184217   0.0215604           0
Repeater1[0]<--->HoM1[0]
REAL
  0.469716   0.011871 0.00528785   0.422974
  0.011871  0.0469716  0.0179604 0.00844841
0.00528785  0.0179604  0.0432633 -0.0104974
  0.422974 0.00844841 -0.0104974   0.440049
IMAGINARY
          0  -0.0153433   0.0101177  0.00274759
  0.0153433           0  -0.0318678   0.0255023
 -0.0101177   0.0318678           0 -0.00708411
-0.00274759  -0.0255023  0.00708411           0
EndNode1[0]<--->Repeater1[0]
REAL
  0.486891 0.00593495 -0.0158042   0.422113
0.00593495  0.0337079  0.0141682 -0.0108538
-0.0158042  0.0141682  0.0374532 -0.0182887
  0.422113 -0.0108538 -0.0182887   0.441948
IMAGINARY
          0 -0.00138034  0.00167362  -0.0190656
 0.00138034           0  -0.0217904  -0.0313079
-0.00167362   0.0217904           0  0.00453293
  0.0190656   0.0313079 -0.00453293           0
EndNode2[0]<--->HoM1[0]
REAL
   0.463878 -0.00461817  0.00871296    0.412782
-0.00461817   0.0329531   0.0275362  -0.0153443
 0.00871296   0.0275362   0.0316857 -0.00333939
   0.412782  -0.0153443 -0.00333939    0.471483
IMAGINARY
           0   -0.0170407 -0.000263804   0.00393312
   0.0170407            0   0.00715062  -0.00414981
 0.000263804  -0.00715062            0    0.0201933
 -0.00393312   0.00414981   -0.0201933            0
Repeater1[0]<--->EndNode1[0]
REAL
  0.486891 -0.0158042 0.00593495   0.422113
-0.0158042  0.0374532  0.0141682 -0.0182887
0.00593495  0.0141682  0.0337079 -0.0108538
  0.422113 -0.0182887 -0.0108538   0.441948
IMAGINARY
          0  0.00167362 -0.00138034  -0.0190656
-0.00167362           0   0.0217904  0.00453293
 0.00138034  -0.0217904           0  -0.0313079
  0.0190656 -0.00453293   0.0313079           0
Repeater1[0]<--->HoM1[0]
REAL
   0.463878  0.00871296 -0.00461817    0.412782
 0.00871296   0.0316857   0.0275362 -0.00333939
-0.00461817   0.0275362   0.0329531  -0.0153443
   0.412782 -0.00333939  -0.0153443    0.471483
IMAGINARY
           0 -0.000263804   -0.0170407   0.00393312
 0.000263804            0  -0.00715062    0.0201933
   0.0170407   0.00715062            0  -0.00414981
 -0.00393312   -0.0201933   0.00414981            0
EndNode1[0]<--->Repeater1[0]
REAL
    0.466422 -0.000164904   -0.0048022     0.425627
-0.000164904     0.029304   0.00457436   -0.0240569
  -0.0048022   0.00457436     0.018315   -0.0206405
    0.425627   -0.0240569   -0.0206405     0.485958
IMAGINARY
          0   0.0214298 -0.00984666 -0.00362165
 -0.0214298           0  0.00300965 -0.00857439
 0.00984666 -0.00300965           0 -0.00300876
 0.00362165  0.00857439  0.00300876           0
EndNode2[0]<--->HoM1[0]
REAL
  0.489308 -0.0108112  0.0107523   0.428961
-0.0108112  0.0251572  0.0201005 -0.0254977
 0.0107523  0.0201005  0.0339623  0.0067898
  0.428961 -0.0254977  0.0067898   0.451572
IMAGINARY
          0   0.0169183  0.00769277  -0.0125518
 -0.0169183           0   0.0144244   -0.020351
-0.00769277  -0.0144244           0  0.00333486
  0.0125518    0.020351 -0.00333486           0
Repeater1[0]<--->EndNode1[0]
REAL
    0.466422   -0.0048022 -0.000164904     0.425627
  -0.0048022     0.018315   0.00457436   -0.0206405
-0.000164904   0.00457436     0.029304   -0.0240569
    0.425627   -0.0206405   -0.0240569     0.485958
IMAGINARY
          0 -0.00984666   0.0214298 -0.00362165
 0.00984666           0 -0.00300965 -0.00300876
 -0.0214298  0.00300965           0 -0.00857439
 0.00362165  0.00300876  0.00857439           0
Repeater1[0]<--->HoM1[0]
REAL
  0.489308  0.0107523 -0.0108112   0.428961
 0.0107523  0.0339623  0.0201005  0.0067898
-0.0108112  0.0201005  0.0251572 -0.0254977
  0.428961  0.0067898 -0.0254977   0.451572
IMAGINARY
          0  0.00769277   0.0169183  -0.0125518
-0.00769277           0  -0.0144244  0.00333486
 -0.0169183   0.0144244           0   -0.020351
  0.0125518 -0.00333486    0.020351           0
EndNode1[0]<--->Repeater1[0]
REAL
   0.445312   0.0106882   0.0127058    0.415658
  0.0106882   0.0325521   0.0130865  -0.0102903
  0.0127058   0.0130865   0.0351562 0.000181383
   0.415658  -0.0102903 0.000181383    0.486979
IMAGINARY
          0 -0.00121717 -0.00606046 -0.00871688
 0.00121717           0   0.0228488  0.00944341
 0.00606046  -0.0228488           0  -0.0075785
 0.00871688 -0.00944341   0.0075785           0
EndNode2[0]<--->HoM1[0]
REAL
  0.444892 0.00184725  0.0013197   0.417739
0.00184725  0.0389785  0.0179838   0.007951
 0.0013197  0.0179838  0.0322581 0.00742346
  0.417739   0.007951 0.00742346   0.483871
IMAGINARY
          0 -0.00150949 -0.00680448  -0.0100624
 0.00150949           0  0.00673349   0.0178069
 0.00680448 -0.00673349           0   -0.002158
  0.0100624  -0.0178069    0.002158           0
Repeater1[0]<--->EndNode1[0]
REAL
   0.445312   0.0127058   0.0106882    0.415658
  0.0127058   0.0351562   0.0130865 0.000181383
  0.0106882   0.0130865   0.0325521  -0.0102903
   0.415658 0.000181383  -0.0102903    0.486979
IMAGINARY
          0 -0.00606046 -0.00121717 -0.00871688
 0.00606046           0  -0.0228488  -0.0075785
 0.00121717   0.0228488           0  0.00944341
 0.00871688   0.0075785 -0.00944341           0
Repeater1[0]<--->HoM1[0]
REAL
  0.444892  0.0013197 0.00184725   0.417739
 0.0013197  0.0322581  0.0179838 0.00742346
0.00184725  0.0179838  0.0389785   0.007951
  0.417739 0.00742346   0.007951   0.483871
IMAGINARY
          0 -0.00680448 -0.00150949  -0.0100624
 0.00680448           0 -0.00673349   -0.002158
 0.00150949  0.00673349           0   0.0178069
  0.0100624    0.002158  -0.0178069           0
EndNode1[0]<--->Repeater1[0]
REAL
   0.452174   0.0139042 -0.00296078    0.414379
  0.0139042   0.0409938   0.0267974   0.0173538
-0.00296078   0.0267974   0.0397516  0.00174033
   0.414379   0.0173538  0.00174033    0.467081
IMAGINARY
          0  -0.0039339  0.00481465   0.0142331
  0.0039339           0   0.0103571 -0.00154667
-0.00481465  -0.0103571           0 -0.00456283
 -0.0142331  0.00154667  0.00456283           0
EndNode2[0]<--->HoM1[0]
REAL
  0.491315  -0.010434  0.0034322   0.417191
 -0.010434  0.0210918  0.0151501 -0.0176406
 0.0034322  0.0151501  0.0310174 -0.0200125
  0.417191 -0.0176406 -0.0200125   0.456576
IMAGINARY
           0   -0.0103047  -0.00692585 -0.000220992
   0.0103047            0   0.00943152    0.0116878
  0.00692585  -0.00943152            0   0.00282175
 0.000220992   -0.0116878  -0.00282175            0
Repeater1[0]<--->EndNode1[0]
REAL
   0.452174 -0.00296078   0.0139042    0.414379
-0.00296078   0.0397516   0.0267974  0.00174033
  0.0139042   0.0267974   0.0409938   0.0173538
   0.414379  0.00174033   0.0173538    0.467081
IMAGINARY
          0  0.00481465  -0.0039339   0.0142331
-0.00481465           0  -0.0103571 -0.00456283
  0.0039339   0.0103571           0 -0.00154667
 -0.0142331  0.00456283  0.00154667           0
Repeater1[0]<--->HoM1[0]
REAL
  0.491315  0.0034322  -0.010434   0.417191
 0.0034322  0.0310174  0.0151501 -0.0200125
 -0.010434  0.0151501  0.0210918 -0.0176406
  0.417191 -0.0200125 -0.0176406   0.456576
IMAGINARY
           0  -0.00692585   -0.0103047 -0.000220992
  0.00692585            0  -0.00943152   0.00282175
   0.0103047   0.00943152            0    0.0116878
 0.000220992  -0.00282175   -0.0116878            0
EndNode1[0]<--->Repeater1[0]
REAL
   0.468912  -0.0271456  -0.0194577    0.426159
 -0.0271456   0.0362694   0.0100387  -0.0170007
 -0.0194577   0.0100387   0.0297927 -0.00540648
   0.426159  -0.0170007 -0.00540648    0.465026
IMAGINARY
          0  0.00187129    0.017839  -0.0113013
-0.00187129           0  0.00196131  -0.0145625
  -0.017839 -0.00196131           0  -0.0103903
  0.0113013   0.0145625   0.0103903           0
EndNode2[0]<--->HoM1[0]
REAL
   0.477632  -0.0118101 -0.00662043    0.422756
 -0.0118101   0.0289474   0.0230197 -0.00662043
-0.00662043   0.0230197   0.0223684 -0.00521383
   0.422756 -0.00662043 -0.00521383    0.471053
IMAGINARY
          0 -0.00361139 -0.00120988    0.018154
 0.00361139           0  0.00802739  0.00516767
 0.00120988 -0.00802739           0   0.0102077
  -0.018154 -0.00516767  -0.0102077           0
Repeater1[0]<--->EndNode1[0]
REAL
   0.468912  -0.0194577  -0.0271456    0.426159
 -0.0194577   0.0297927   0.0100387 -0.00540648
 -0.0271456   0.0100387   0.0362694  -0.0170007
   0.426159 -0.00540648  -0.0170007    0.465026
IMAGINARY
          0    0.017839  0.00187129  -0.0113013
  -0.017839           0 -0.00196131  -0.0103903
-0.00187129  0.00196131           0  -0.0145625
  0.0113013   0.0103903   0.0145625           0
Repeater1[0]<--->HoM1[0]
REAL
   0.477632 -0.00662043  -0.0118101    0.422756
-0.00662043   0.0223684   0.0230197 -0.00521383
 -0.0118101   0.0230197   0.0289474 -0.00662043
   0.422756 -0.00521383 -0.00662043    0.471053
IMAGINARY
          0 -0.00120988 -0.00361139    0.018154
 0.00120988           0 -0.00802739   0.0102077
 0.00361139  0.00802739           0  0.00516767
  -0.018154  -0.0102077 -0.00516767           0
EndNode1[0]<--->Repeater1[0]
REAL
   0.481669 -0.00625823  -0.0107459     0.43529
-0.00625823   0.0379267  0.00315196 -0.00307323
 -0.0107459  0.00315196   0.0240202  0.00625823
    0.43529 -0.00307323  0.00625823    0.456384
IMAGINARY
          0 -0.00193301   0.0284691   0.0112606
 0.00193301           0   -0.010584  -0.0239877
 -0.0284691    0.010584           0   0.0012928
 -0.0112606   0.0239877  -0.0012928           0
EndNode2[0]<--->HoM1[0]
REAL
   0.434395  -0.0166815 -0.00164656    0.426935
 -0.0166815   0.0471338   0.0170756  -0.0256972
-0.00164656   0.0170756   0.0484076 -0.00675597
   0.426935  -0.0256972 -0.00675597    0.470064
IMAGINARY
          0  0.00163747  -0.0057172  0.00536826
-0.00163747           0  -0.0110144  -0.0280856
  0.0057172   0.0110144           0   0.0180808
-0.00536826   0.0280856  -0.0180808           0
Repeater1[0]<--->EndNode1[0]
REAL
   0.481669  -0.0107459 -0.00625823     0.43529
 -0.0107459   0.0240202  0.00315196  0.00625823
-0.00625823  0.00315196   0.0379267 -0.00307323
    0.43529  0.00625823 -0.00307323    0.456384
IMAGINARY
          0   0.0284691 -0.00193301   0.0112606
 -0.0284691           0    0.010584   0.0012928
 0.00193301   -0.010584           0  -0.0239877
 -0.0112606  -0.0012928   0.0239877           0
Repeater1[0]<--->HoM1[0]
REAL
   0.434395 -0.00164656  -0.0166815    0.426935
-0.00164656   0.0484076   0.0170756 -0.00675597
 -0.0166815   0.0170756   0.0471338  -0.0256972
   0.426935 -0.00675597  -0.0256972    0.470064
IMAGINARY
          0  -0.0057172  0.00163747  0.00536826
  0.0057172           0   0.0110144   0.0180808
-0.00163747  -0.0110144           0  -0.0280856
-0.00536826  -0.0180808   0.0280856           0
EndNode1[0]<--->Repeater1[0]
REAL
   0.475967  -0.0209177  -0.0143451    0.426179
 -0.0209177   0.0339977   0.0162574 -0.00908194
 -0.0143451   0.0162574   0.0375147  0.00418408
   0.426179 -0.00908194  0.00418408    0.452521
IMAGINARY
          0  0.00503778  0.00901954  0.00996381
-0.00503778           0  0.00488767 -0.00771406
-0.00901954 -0.00488767           0 -0.00503778
-0.00996381  0.00771406  0.00503778           0
EndNode2[0]<--->HoM1[0]
REAL
  0.474279  -0.015149  0.0188248   0.414688
 -0.015149  0.0326223  0.0182234 -0.0112299
 0.0188248  0.0182234   0.033877  0.0138832
  0.414688 -0.0112299  0.0138832   0.459222
IMAGINARY
          0  -0.0110385 -0.00265442  -0.0116602
  0.0110385           0  0.00639706   0.0178059
 0.00265442 -0.00639706           0  -0.0116887
