EndNode1[0]<--->Repeater1[0]
REAL
   0.732357   0.0226253   0.0102068   0.0101912
  0.0226253   0.0958722  0.00565164   0.0208451
  0.0102068  0.00565164    0.150466 -0.00931732
  0.0101912   0.0208451 -0.00931732   0.0213049
IMAGINARY
          0  -0.0120478 -0.00899937   0.0045675
  0.0120478           0   -0.013154  0.00316279
 0.00899937    0.013154           0   -0.013244
 -0.0045675 -0.00316279    0.013244           0
EndNode2[0]<--->HoM1[0]
REAL
   0.625767  0.00286495  0.00750746   0.0830181
 0.00286495    0.157055   0.0147121  -0.0056159
 0.00750746   0.0147121    0.139877 0.000287633
  0.0830181  -0.0056159 0.000287633   0.0773006
IMAGINARY
          0 -0.00431904  -0.0150138  -0.0237534
 0.00431904           0  0.00638363   0.0122815
  0.0150138 -0.00638363           0  0.00978352
  0.0237534  -0.0122815 -0.00978352           0
Repeater1[0]<--->EndNode1[0]
REAL
   0.732357   0.0102068   0.0226253   0.0101912
  0.0102068    0.150466  0.00565164 -0.00931732
  0.0226253  0.00565164   0.0958722   0.0208451
  0.0101912 -0.00931732   0.0208451   0.0213049
IMAGINARY
          0 -0.00899937  -0.0120478   0.0045675
 0.00899937           0    0.013154   -0.013244
  0.0120478   -0.013154           0  0.00316279
 -0.0045675    0.013244 -0.00316279           0
Repeater1[0]<--->HoM1[0]
REAL
   0.625767  0.00750746  0.00286495   0.0830181
 0.00750746    0.139877   0.0147121 0.000287633
 0.00286495   0.0147121    0.157055  -0.0056159
  0.0830181 0.000287633  -0.0056159   0.0773006
IMAGINARY
          0  -0.0150138 -0.00431904  -0.0237534
  0.0150138           0 -0.00638363  0.00978352
 0.00431904  0.00638363           0   0.0122815
  0.0237534 -0.00978352  -0.0122815           0
