EndNode1[0]<--->Repeater1[0]
REAL
   0.464419  0.00832174 -0.00148758    0.136608
 0.00832174    0.149813  0.00962416   0.0174518
-0.00148758  0.00962416    0.174782   0.0242453
   0.136608   0.0174518   0.0242453    0.210986
IMAGINARY
          0  -0.0225232  -0.0174174 -0.00313382
  0.0225232           0   0.0161208   0.0160947
  0.0174174  -0.0161208           0  -0.0317096
 0.00313382  -0.0160947   0.0317096           0
EndNode2[0]<--->HoM1[0]
REAL
  0.440764  0.0103213 0.00305199   0.191434
 0.0103213   0.138854 0.00427512  0.0158037
0.00305199 0.00427512   0.123567 0.00333277
  0.191434  0.0158037 0.00333277   0.296815
IMAGINARY
           0    0.0121845   -0.0108764  2.74473e-05
  -0.0121845            0    0.0216011   -0.0178121
   0.0108764   -0.0216011            0   0.00420899
-2.74473e-05    0.0178121  -0.00420899            0
Repeater1[0]<--->EndNode1[0]
REAL
   0.464419 -0.00148758  0.00832174    0.136608
-0.00148758    0.174782  0.00962416   0.0242453
 0.00832174  0.00962416    0.149813   0.0174518
   0.136608   0.0242453   0.0174518    0.210986
IMAGINARY
          0  -0.0174174  -0.0225232 -0.00313382
  0.0174174           0  -0.0161208  -0.0317096
  0.0225232   0.0161208           0   0.0160947
 0.00313382   0.0317096  -0.0160947           0
Repeater1[0]<--->HoM1[0]
REAL
  0.440764 0.00305199  0.0103213   0.191434
0.00305199   0.123567 0.00427512 0.00333277
 0.0103213 0.00427512   0.138854  0.0158037
  0.191434 0.00333277  0.0158037   0.296815
IMAGINARY
           0   -0.0108764    0.0121845  2.74473e-05
   0.0108764            0   -0.0216011   0.00420899
  -0.0121845    0.0216011            0   -0.0178121
-2.74473e-05  -0.00420899    0.0178121            0
