EndNode1[0]<--->Repeater1[0]
REAL
   0.53012 -0.0131409  0.0181865    0.11197
-0.0131409    0.15261 0.00912385  0.0156676
 0.0181865 0.00912385    0.21419 0.00142218
   0.11197  0.0156676 0.00142218   0.103079
IMAGINARY
          0 -0.00326016   0.0158927  0.00958074
 0.00326016           0  -0.0270371 -0.00748391
 -0.0158927   0.0270371           0   0.0168436
-0.00958074  0.00748391  -0.0168436           0
EndNode2[0]<--->HoM1[0]
REAL
   0.462532    0.030212  0.00883363    0.204685
   0.030212    0.192506   0.0420343   0.0213501
 0.00883363   0.0420343    0.130491 -0.00658999
   0.204685   0.0213501 -0.00658999     0.21447
IMAGINARY
          0   0.0033092 -0.00078046   0.0057072
 -0.0033092           0  0.00933039  -0.0146145
 0.00078046 -0.00933039           0     0.02815
 -0.0057072   0.0146145    -0.02815           0
Repeater1[0]<--->EndNode1[0]
REAL
   0.53012  0.0181865 -0.0131409    0.11197
 0.0181865    0.21419 0.00912385 0.00142218
-0.0131409 0.00912385    0.15261  0.0156676
   0.11197 0.00142218  0.0156676   0.103079
IMAGINARY
          0   0.0158927 -0.00326016  0.00958074
 -0.0158927           0   0.0270371   0.0168436
 0.00326016  -0.0270371           0 -0.00748391
-0.00958074  -0.0168436  0.00748391           0
Repeater1[0]<--->HoM1[0]
REAL
   0.462532  0.00883363    0.030212    0.204685
 0.00883363    0.130491   0.0420343 -0.00658999
   0.030212   0.0420343    0.192506   0.0213501
   0.204685 -0.00658999   0.0213501     0.21447
IMAGINARY
          0 -0.00078046   0.0033092   0.0057072
 0.00078046           0 -0.00933039     0.02815
 -0.0033092  0.00933039           0  -0.0146145
 -0.0057072    -0.02815   0.0146145           0
EndNode1[0]<--->Repeater1[0]
REAL
  0.534527 0.00874517  0.0103264   0.114235
0.00874517   0.147059   0.024197  0.0181186
 0.0103264   0.024197   0.209719  0.0146429
  0.114235  0.0181186  0.0146429   0.108696
IMAGINARY
          0   0.0110551 -0.00722496   0.0159115
 -0.0110551           0   0.0103353  -0.0215107
 0.00722496  -0.0103353           0   0.0240662
 -0.0159115   0.0215107  -0.0240662           0
EndNode2[0]<--->HoM1[0]
REAL
   0.437423  -0.0322547 0.000515966    0.198267
 -0.0322547    0.197026   0.0403392  -0.0058779
0.000515966   0.0403392    0.159851 -0.00125738
   0.198267  -0.0058779 -0.00125738      0.2057
IMAGINARY
          0   0.0224703  0.00311382 -0.00737575
 -0.0224703           0   0.0041332  -0.0137256
-0.00311382  -0.0041332           0   0.0230977
 0.00737575   0.0137256  -0.0230977           0
Repeater1[0]<--->EndNode1[0]
REAL
  0.534527  0.0103264 0.00874517   0.114235
 0.0103264   0.209719   0.024197  0.0146429
0.00874517   0.024197   0.147059  0.0181186
  0.114235  0.0146429  0.0181186   0.108696
IMAGINARY
          0 -0.00722496   0.0110551   0.0159115
 0.00722496           0  -0.0103353   0.0240662
 -0.0110551   0.0103353           0  -0.0215107
 -0.0159115  -0.0240662   0.0215107           0
Repeater1[0]<--->HoM1[0]
REAL
   0.437423 0.000515966  -0.0322547    0.198267
0.000515966    0.159851   0.0403392 -0.00125738
 -0.0322547   0.0403392    0.197026  -0.0058779
   0.198267 -0.00125738  -0.0058779      0.2057
IMAGINARY
          0  0.00311382   0.0224703 -0.00737575
-0.00311382           0  -0.0041332   0.0230977
 -0.0224703   0.0041332           0  -0.0137256
 0.00737575  -0.0230977   0.0137256           0
EndNode1[0]<--->Repeater1[0]
REAL
  0.492159 -0.0130015 -0.0248943   0.106323
-0.0130015   0.139928   0.042532 0.00326585
-0.0248943   0.042532   0.240048  0.0168182
  0.106323 0.00326585  0.0168182   0.127865
IMAGINARY
           0   -0.0177218   0.00581764 -0.000753605
   0.0177218            0    0.0315847  -0.00156491
 -0.00581764   -0.0315847            0  -0.00232684
 0.000753605   0.00156491   0.00232684            0
EndNode2[0]<--->HoM1[0]
REAL
   0.473753    -0.01631  0.00383632    0.185844
   -0.01631    0.191601    0.020038 -0.00383632
 0.00383632    0.020038    0.144357  0.00650612
   0.185844 -0.00383632  0.00650612    0.190289
IMAGINARY
          0   0.0119156 -0.00837132     0.01228
 -0.0119156           0   -0.014107  0.00385519
 0.00837132    0.014107           0   -0.021593
   -0.01228 -0.00385519    0.021593           0
Repeater1[0]<--->EndNode1[0]
REAL
  0.492159 -0.0248943 -0.0130015   0.106323
-0.0248943   0.240048   0.042532  0.0168182
-0.0130015   0.042532   0.139928 0.00326585
  0.106323  0.0168182 0.00326585   0.127865
IMAGINARY
           0   0.00581764   -0.0177218 -0.000753605
 -0.00581764            0   -0.0315847  -0.00232684
   0.0177218    0.0315847            0  -0.00156491
 0.000753605   0.00232684   0.00156491            0
Repeater1[0]<--->HoM1[0]
REAL
   0.473753  0.00383632    -0.01631    0.185844
 0.00383632    0.144357    0.020038  0.00650612
   -0.01631    0.020038    0.191601 -0.00383632
   0.185844  0.00650612 -0.00383632    0.190289
IMAGINARY
          0 -0.00837132   0.0119156     0.01228
 0.00837132           0    0.014107   -0.021593
 -0.0119156   -0.014107           0  0.00385519
   -0.01228    0.021593 -0.00385519           0
