EndNode1[0]<--->Repeater1[0]
REAL
    0.446589   0.00677893 -0.000167084     0.204574
  0.00677893     0.178893    0.0226985   -0.0248009
-0.000167084    0.0226985     0.132561   -0.0227841
    0.204574   -0.0248009   -0.0227841     0.241956
IMAGINARY
           0   0.00502304  -0.00508123  0.000681417
 -0.00502304            0   0.00191599    0.0221915
  0.00508123  -0.00191599            0   -0.0234007
-0.000681417   -0.0221915    0.0234007            0
EndNode2[0]<--->HoM1[0]
REAL
     0.47588 -0.000728849   0.00758037      0.24628
-0.000728849    0.0756193  6.79102e-05   0.00503584
  0.00758037  6.79102e-05     0.131682   -0.0171994
     0.24628   0.00503584   -0.0171994     0.316819
IMAGINARY
           0  -0.00625301    0.0139065    0.0348813
  0.00625301            0   0.00710348 -1.75809e-05
  -0.0139065  -0.00710348            0  -0.00889851
  -0.0348813  1.75809e-05   0.00889851            0
Repeater1[0]<--->EndNode1[0]
REAL
    0.446589 -0.000167084   0.00677893     0.204574
-0.000167084     0.132561    0.0226985   -0.0227841
  0.00677893    0.0226985     0.178893   -0.0248009
    0.204574   -0.0227841   -0.0248009     0.241956
IMAGINARY
           0  -0.00508123   0.00502304  0.000681417
  0.00508123            0  -0.00191599   -0.0234007
 -0.00502304   0.00191599            0    0.0221915
-0.000681417    0.0234007   -0.0221915            0
Repeater1[0]<--->HoM1[0]
REAL
     0.47588   0.00758037 -0.000728849      0.24628
  0.00758037     0.131682  6.79102e-05   -0.0171994
-0.000728849  6.79102e-05    0.0756193   0.00503584
     0.24628   -0.0171994   0.00503584     0.316819
IMAGINARY
           0    0.0139065  -0.00625301    0.0348813
  -0.0139065            0  -0.00710348  -0.00889851
  0.00625301   0.00710348            0 -1.75809e-05
  -0.0348813   0.00889851  1.75809e-05            0
EndNode1[0]<--->Repeater1[0]
REAL
  0.444299 -0.0154986 0.00644041   0.204668
-0.0154986   0.169069   0.014162 0.00373771
0.00644041   0.014162   0.114024 -0.0010408
  0.204668 0.00373771 -0.0010408   0.272608
IMAGINARY
           0  -0.00216922  0.000972471  -0.00978862
  0.00216922            0  -0.00393687    0.0230719
-0.000972471   0.00393687            0   -0.0206421
  0.00978862   -0.0230719    0.0206421            0
EndNode2[0]<--->HoM1[0]
REAL
  0.442308 0.00611082 -0.0142582   0.263233
0.00611082   0.120513  0.0267798  0.0123376
-0.0142582  0.0267798   0.133333 -0.0029098
  0.263233  0.0123376 -0.0029098   0.303846
IMAGINARY
           0  -0.00858447   -0.0136311 -0.000744225
  0.00858447            0    0.0115174   -0.0109995
   0.0136311   -0.0115174            0   0.00612141
 0.000744225    0.0109995  -0.00612141            0
Repeater1[0]<--->EndNode1[0]
REAL
  0.444299 0.00644041 -0.0154986   0.204668
0.00644041   0.114024   0.014162 -0.0010408
-0.0154986   0.014162   0.169069 0.00373771
  0.204668 -0.0010408 0.00373771   0.272608
IMAGINARY
           0  0.000972471  -0.00216922  -0.00978862
-0.000972471            0   0.00393687   -0.0206421
  0.00216922  -0.00393687            0    0.0230719
  0.00978862    0.0206421   -0.0230719            0
Repeater1[0]<--->HoM1[0]
REAL
  0.442308 -0.0142582 0.00611082   0.263233
-0.0142582   0.133333  0.0267798 -0.0029098
0.00611082  0.0267798   0.120513  0.0123376
  0.263233 -0.0029098  0.0123376   0.303846
IMAGINARY
           0   -0.0136311  -0.00858447 -0.000744225
   0.0136311            0   -0.0115174   0.00612141
  0.00858447    0.0115174            0   -0.0109995
 0.000744225  -0.00612141    0.0109995            0
EndNode1[0]<--->Repeater1[0]
REAL
   0.433915 -0.00895123 -0.00030195    0.199182
-0.00895123    0.200748   0.0174845 -0.00995446
-0.00030195   0.0174845    0.112219  -0.0179718
   0.199182 -0.00995446  -0.0179718    0.253117
IMAGINARY
          0   0.0128647 -0.00978199   0.0127039
 -0.0128647           0 -0.00404873 -0.00480687
 0.00978199  0.00404873           0   0.0282493
 -0.0127039  0.00480687  -0.0282493           0
EndNode2[0]<--->HoM1[0]
REAL
   0.438509 -0.00554786    0.020067    0.255978
-0.00554786    0.084472   0.0398146  -0.0064531
   0.020067   0.0398146    0.136646   0.0104984
   0.255978  -0.0064531   0.0104984    0.340373
IMAGINARY
          0   0.0105328  -0.0133686 -0.00355862
 -0.0105328           0 -0.00555596 -0.00437119
  0.0133686  0.00555596           0   0.0124633
 0.00355862  0.00437119  -0.0124633           0
Repeater1[0]<--->EndNode1[0]
REAL
   0.433915 -0.00030195 -0.00895123    0.199182
-0.00030195    0.112219   0.0174845  -0.0179718
-0.00895123   0.0174845    0.200748 -0.00995446
   0.199182  -0.0179718 -0.00995446    0.253117
IMAGINARY
          0 -0.00978199   0.0128647   0.0127039
 0.00978199           0  0.00404873   0.0282493
 -0.0128647 -0.00404873           0 -0.00480687
 -0.0127039  -0.0282493  0.00480687           0
Repeater1[0]<--->HoM1[0]
REAL
   0.438509    0.020067 -0.00554786    0.255978
   0.020067    0.136646   0.0398146   0.0104984
-0.00554786   0.0398146    0.084472  -0.0064531
   0.255978   0.0104984  -0.0064531    0.340373
IMAGINARY
          0  -0.0133686   0.0105328 -0.00355862
  0.0133686           0  0.00555596   0.0124633
 -0.0105328 -0.00555596           0 -0.00437119
 0.00355862  -0.0124633  0.00437119           0
EndNode1[0]<--->Repeater1[0]
REAL
   0.447236 0.000933167 -0.00400809    0.202829
0.000933167    0.172111   0.0239879   0.0140331
-0.00400809   0.0239879    0.155779   0.0115982
   0.202829   0.0140331   0.0115982    0.224874
IMAGINARY
          0  -0.0303571  0.00840168   0.0181798
  0.0303571           0  -0.0022562   0.0205656
-0.00840168   0.0022562           0  -0.0175019
 -0.0181798  -0.0205656   0.0175019           0
EndNode2[0]<--->HoM1[0]
REAL
   0.447368 -0.00969026  -0.0112109    0.269002
-0.00969026    0.114474   0.0312539  -0.0124767
 -0.0112109   0.0312539    0.118421  0.00392842
   0.269002  -0.0124767  0.00392842    0.319737
IMAGINARY
          0  0.00951987  0.00665134   0.0175192
-0.00951987           0    0.016247  0.00725594
-0.00665134   -0.016247           0  -0.0154801
 -0.0175192 -0.00725594   0.0154801           0
Repeater1[0]<--->EndNode1[0]
REAL
   0.447236 -0.00400809 0.000933167    0.202829
-0.00400809    0.155779   0.0239879   0.0115982
0.000933167   0.0239879    0.172111   0.0140331
   0.202829   0.0115982   0.0140331    0.224874
IMAGINARY
          0  0.00840168  -0.0303571   0.0181798
-0.00840168           0   0.0022562  -0.0175019
  0.0303571  -0.0022562           0   0.0205656
 -0.0181798   0.0175019  -0.0205656           0
Repeater1[0]<--->HoM1[0]
REAL
   0.447368  -0.0112109 -0.00969026    0.269002
 -0.0112109    0.118421   0.0312539  0.00392842
-0.00969026   0.0312539    0.114474  -0.0124767
   0.269002  0.00392842  -0.0124767    0.319737
IMAGINARY
          0  0.00665134  0.00951987   0.0175192
-0.00665134           0   -0.016247  -0.0154801
-0.00951987    0.016247           0  0.00725594
 -0.0175192   0.0154801 -0.00725594           0
EndNode1[0]<--->Repeater1[0]
REAL
    0.43853 -0.00170266  -0.0214564    0.201806
-0.00170266     0.17744  0.00576547 -0.00856976
 -0.0214564  0.00576547    0.139417  -0.0100467
   0.201806 -0.00856976  -0.0100467    0.244613
IMAGINARY
          0  0.00707174 -0.00776165  -0.0101145
-0.00707174           0  -0.0146897  0.00329166
 0.00776165   0.0146897           0   0.0101696
  0.0101145 -0.00329166  -0.0101696           0
EndNode2[0]<--->HoM1[0]
REAL
   0.449482   0.0143695   -0.020527    0.285225
  0.0143695    0.112694   0.0244721 -0.00553356
  -0.020527   0.0244721    0.106218   -0.019824
   0.285225 -0.00553356   -0.019824    0.331606
IMAGINARY
          0  0.00521505  0.00923702    0.012512
-0.00521505           0  0.00451198  -0.0226779
-0.00923702 -0.00451198           0   0.0136022
  -0.012512   0.0226779  -0.0136022           0
Repeater1[0]<--->EndNode1[0]
REAL
    0.43853  -0.0214564 -0.00170266    0.201806
 -0.0214564    0.139417  0.00576547  -0.0100467
-0.00170266  0.00576547     0.17744 -0.00856976
   0.201806  -0.0100467 -0.00856976    0.244613
IMAGINARY
          0 -0.00776165  0.00707174  -0.0101145
 0.00776165           0   0.0146897   0.0101696
-0.00707174  -0.0146897           0  0.00329166
  0.0101145  -0.0101696 -0.00329166           0
Repeater1[0]<--->HoM1[0]
REAL
   0.449482   -0.020527   0.0143695    0.285225
  -0.020527    0.106218   0.0244721   -0.019824
  0.0143695   0.0244721    0.112694 -0.00553356
   0.285225   -0.019824 -0.00553356    0.331606
IMAGINARY
          0  0.00923702  0.00521505    0.012512
-0.00923702           0 -0.00451198   0.0136022
-0.00521505  0.00451198           0  -0.0226779
  -0.012512  -0.0136022   0.0226779           0
EndNode1[0]<--->Repeater1[0]
REAL
   0.446721 -0.00911599   0.0050506    0.193798
-0.00911599    0.177596   0.0153171  0.00567326
  0.0050506   0.0153171    0.131148   0.0158184
   0.193798  0.00567326   0.0158184    0.244536
IMAGINARY
          0  -0.0104027  0.00266295   0.0131388
  0.0104027           0  -0.0156704 -0.00899206
-0.00266295   0.0156704           0  -0.0212428
 -0.0131388  0.00899206   0.0212428           0
EndNode2[0]<--->HoM1[0]
REAL
   0.473324  -0.0149189  -0.0130957    0.273969
 -0.0149189    0.110807   0.0224462 -0.00418984
 -0.0130957   0.0224462    0.110807  0.00147457
   0.273969 -0.00418984  0.00147457    0.305062
IMAGINARY
          0  0.00518467   -0.017903 -0.00826241
-0.00518467           0  -0.0127902  0.00633172
   0.017903   0.0127902           0  0.00638659
 0.00826241 -0.00633172 -0.00638659           0
Repeater1[0]<--->EndNode1[0]
REAL
   0.446721   0.0050506 -0.00911599    0.193798
  0.0050506    0.131148   0.0153171   0.0158184
-0.00911599   0.0153171    0.177596  0.00567326
   0.193798   0.0158184  0.00567326    0.244536
IMAGINARY
          0  0.00266295  -0.0104027   0.0131388
-0.00266295           0   0.0156704  -0.0212428
  0.0104027  -0.0156704           0 -0.00899206
 -0.0131388   0.0212428  0.00899206           0
Repeater1[0]<--->HoM1[0]
REAL
   0.473324  -0.0130957  -0.0149189    0.273969
 -0.0130957    0.110807   0.0224462  0.00147457
 -0.0149189   0.0224462    0.110807 -0.00418984
   0.273969  0.00147457 -0.00418984    0.305062
IMAGINARY
          0   -0.017903  0.00518467 -0.00826241
   0.017903           0   0.0127902  0.00638659
-0.00518467  -0.0127902           0  0.00633172
 0.00826241 -0.00638659 -0.00633172           0
