EndNode1[0]<--->Repeater1[0]
REAL
   0.351175 -0.00265222  0.00178179    0.261283
-0.00265222    0.169713     0.10433  -0.0129807
 0.00178179     0.10433    0.186684 -0.00591168
   0.261283  -0.0129807 -0.00591168    0.292428
IMAGINARY
           0   -0.0196777  -0.00270001 -0.000115848
   0.0196777            0  -0.00373031  -0.00590926
  0.00270001   0.00373031            0   -0.0101236
 0.000115848   0.00590926    0.0101236            0
EndNode2[0]<--->HoM1[0]
REAL
   0.325843  0.00884153 -0.00127782    0.290383
 0.00884153    0.186017    0.114067 -0.00919339
-0.00127782    0.114067    0.158552  0.00555638
   0.290383 -0.00919339  0.00555638    0.329588
IMAGINARY
          0  -0.0121202  -0.0128455  0.00889163
  0.0121202           0  0.00570691   -0.014786
  0.0128455 -0.00570691           0   0.0239623
-0.00889163    0.014786  -0.0239623           0
Repeater1[0]<--->EndNode1[0]
REAL
   0.351175  0.00178179 -0.00265222    0.261283
 0.00178179    0.186684     0.10433 -0.00591168
-0.00265222     0.10433    0.169713  -0.0129807
   0.261283 -0.00591168  -0.0129807    0.292428
IMAGINARY
           0  -0.00270001   -0.0196777 -0.000115848
  0.00270001            0   0.00373031   -0.0101236
   0.0196777  -0.00373031            0  -0.00590926
 0.000115848    0.0101236   0.00590926            0
Repeater1[0]<--->HoM1[0]
REAL
   0.325843 -0.00127782  0.00884153    0.290383
-0.00127782    0.158552    0.114067  0.00555638
 0.00884153    0.114067    0.186017 -0.00919339
   0.290383  0.00555638 -0.00919339    0.329588
IMAGINARY
          0  -0.0128455  -0.0121202  0.00889163
  0.0128455           0 -0.00570691   0.0239623
  0.0121202  0.00570691           0   -0.014786
-0.00889163  -0.0239623    0.014786           0
EndNode1[0]<--->Repeater1[0]
REAL
   0.365819 -0.00502252   0.0130606      0.2531
-0.00502252    0.162429    0.108831 -0.00769863
  0.0130606    0.108831    0.185028  0.00904397
     0.2531 -0.00769863  0.00904397    0.286723
IMAGINARY
           0   -0.0105137 -0.000245389   -0.0160761
   0.0105137            0    0.0185151    0.0272546
 0.000245389   -0.0185151            0   -0.0138604
   0.0160761   -0.0272546    0.0138604            0
EndNode2[0]<--->HoM1[0]
REAL
    0.356886    0.0227939   0.00506283      0.27324
   0.0227939     0.185629     0.119801    0.0129784
  0.00506283     0.119801     0.154491 -0.000886717
     0.27324    0.0129784 -0.000886717     0.302994
IMAGINARY
          0  0.00799013  0.00527313  -0.0146161
-0.00799013           0  -0.0102246  -0.0198234
-0.00527313   0.0102246           0  -0.0119584
  0.0146161   0.0198234   0.0119584           0
Repeater1[0]<--->EndNode1[0]
REAL
   0.365819   0.0130606 -0.00502252      0.2531
  0.0130606    0.185028    0.108831  0.00904397
-0.00502252    0.108831    0.162429 -0.00769863
     0.2531  0.00904397 -0.00769863    0.286723
IMAGINARY
           0 -0.000245389   -0.0105137   -0.0160761
 0.000245389            0   -0.0185151   -0.0138604
   0.0105137    0.0185151            0    0.0272546
   0.0160761    0.0138604   -0.0272546            0
Repeater1[0]<--->HoM1[0]
REAL
    0.356886   0.00506283    0.0227939      0.27324
  0.00506283     0.154491     0.119801 -0.000886717
   0.0227939     0.119801     0.185629    0.0129784
     0.27324 -0.000886717    0.0129784     0.302994
IMAGINARY
          0  0.00527313  0.00799013  -0.0146161
-0.00527313           0   0.0102246  -0.0119584
-0.00799013  -0.0102246           0  -0.0198234
  0.0146161   0.0119584   0.0198234           0
EndNode1[0]<--->Repeater1[0]
REAL
  0.319574   0.011228 0.00221301   0.240911
  0.011228    0.17976  0.0967782  0.0136054
0.00221301  0.0967782   0.185087 -0.0174178
  0.240911  0.0136054 -0.0174178   0.315579
IMAGINARY
          0 -0.00667904 -0.00896078  -0.0180961
 0.00667904           0   0.0060769  -0.0152739
 0.00896078  -0.0060769           0   0.0270872
  0.0180961   0.0152739  -0.0270872           0
EndNode2[0]<--->HoM1[0]
REAL
   0.346633  0.00669296  -0.0263721    0.275473
 0.00669296    0.187032    0.114015    0.012895
 -0.0263721    0.114015    0.147132 -0.00130212
   0.275473    0.012895 -0.00130212    0.319202
IMAGINARY
           0   0.00771336   -0.0182564  0.000161349
 -0.00771336            0  -0.00801475  -0.00778523
   0.0182564   0.00801475            0  9.91434e-05
-0.000161349   0.00778523 -9.91434e-05            0
Repeater1[0]<--->EndNode1[0]
REAL
  0.319574 0.00221301   0.011228   0.240911
0.00221301   0.185087  0.0967782 -0.0174178
  0.011228  0.0967782    0.17976  0.0136054
  0.240911 -0.0174178  0.0136054   0.315579
IMAGINARY
          0 -0.00896078 -0.00667904  -0.0180961
 0.00896078           0  -0.0060769   0.0270872
 0.00667904   0.0060769           0  -0.0152739
  0.0180961  -0.0270872   0.0152739           0
Repeater1[0]<--->HoM1[0]
REAL
   0.346633  -0.0263721  0.00669296    0.275473
 -0.0263721    0.147132    0.114015 -0.00130212
 0.00669296    0.114015    0.187032    0.012895
   0.275473 -0.00130212    0.012895    0.319202
IMAGINARY
           0   -0.0182564   0.00771336  0.000161349
   0.0182564            0   0.00801475  9.91434e-05
 -0.00771336  -0.00801475            0  -0.00778523
-0.000161349 -9.91434e-05   0.00778523            0
EndNode1[0]<--->Repeater1[0]
REAL
    0.340741   0.00802139 -0.000234428     0.272958
  0.00802139     0.155556      0.11062   0.00636188
-0.000234428      0.11062     0.196296   0.00423351
    0.272958   0.00636188   0.00423351     0.307407
IMAGINARY
          0 -0.00257992 -0.00576776  0.00144932
 0.00257992           0  -0.0111769  -0.0111154
 0.00576776   0.0111769           0  -0.0220954
-0.00144932   0.0111154   0.0220954           0
EndNode2[0]<--->HoM1[0]
REAL
    0.34717  -0.0182447  -0.0150859    0.285117
 -0.0182447    0.177358    0.110903  -0.0137973
 -0.0150859    0.110903    0.184906 0.000914773
   0.285117  -0.0137973 0.000914773    0.290566
IMAGINARY
          0 -0.00485535  -0.0328446 -0.00204313
 0.00485535           0   0.0107446    0.010832
  0.0328446  -0.0107446           0  -0.0221887
 0.00204313   -0.010832   0.0221887           0
Repeater1[0]<--->EndNode1[0]
REAL
    0.340741 -0.000234428   0.00802139     0.272958
-0.000234428     0.196296      0.11062   0.00423351
  0.00802139      0.11062     0.155556   0.00636188
    0.272958   0.00423351   0.00636188     0.307407
IMAGINARY
          0 -0.00576776 -0.00257992  0.00144932
 0.00576776           0   0.0111769  -0.0220954
 0.00257992  -0.0111769           0  -0.0111154
-0.00144932   0.0220954   0.0111154           0
Repeater1[0]<--->HoM1[0]
REAL
    0.34717  -0.0150859  -0.0182447    0.285117
 -0.0150859    0.184906    0.110903 0.000914773
 -0.0182447    0.110903    0.177358  -0.0137973
   0.285117 0.000914773  -0.0137973    0.290566
IMAGINARY
          0  -0.0328446 -0.00485535 -0.00204313
  0.0328446           0  -0.0107446  -0.0221887
 0.00485535   0.0107446           0    0.010832
 0.00204313   0.0221887   -0.010832           0
EndNode1[0]<--->Repeater1[0]
REAL
   0.329936  0.00054055 -0.00110787    0.268763
 0.00054055    0.169427    0.107567    -0.01219
-0.00110787    0.107567    0.175796 -0.00984906
   0.268763    -0.01219 -0.00984906    0.324841
IMAGINARY
           0  4.37196e-05   0.00308959   -0.0075144
-4.37196e-05            0   -0.0200144   -0.0177437
 -0.00308959    0.0200144            0    0.0110934
   0.0075144    0.0177437   -0.0110934            0
EndNode2[0]<--->HoM1[0]
REAL
   0.350985 -0.00192588 -0.00337732     0.27473
-0.00192588    0.179803    0.111545  -0.0103482
-0.00337732    0.111545    0.144089 -0.00526366
    0.27473  -0.0103482 -0.00526366    0.325123
IMAGINARY
           0  -0.00349025   0.00283614   -0.0016221
  0.00349025            0    0.0123173    0.0102187
 -0.00283614   -0.0123173            0  0.000879286
   0.0016221   -0.0102187 -0.000879286            0
Repeater1[0]<--->EndNode1[0]
REAL
   0.329936 -0.00110787  0.00054055    0.268763
-0.00110787    0.175796    0.107567 -0.00984906
 0.00054055    0.107567    0.169427    -0.01219
   0.268763 -0.00984906    -0.01219    0.324841
IMAGINARY
           0   0.00308959  4.37196e-05   -0.0075144
 -0.00308959            0    0.0200144    0.0110934
-4.37196e-05   -0.0200144            0   -0.0177437
   0.0075144   -0.0110934    0.0177437            0
Repeater1[0]<--->HoM1[0]
REAL
   0.350985 -0.00337732 -0.00192588     0.27473
-0.00337732    0.144089    0.111545 -0.00526366
-0.00192588    0.111545    0.179803  -0.0103482
    0.27473 -0.00526366  -0.0103482    0.325123
IMAGINARY
           0   0.00283614  -0.00349025   -0.0016221
 -0.00283614            0   -0.0123173  0.000879286
  0.00349025    0.0123173            0    0.0102187
   0.0016221 -0.000879286   -0.0102187            0
EndNode1[0]<--->Repeater1[0]
REAL
    0.36036 -0.00462678  -0.0139694    0.249311
-0.00462678    0.166023    0.125524 -0.00381714
 -0.0139694    0.125524    0.194337 -0.00393712
   0.249311 -0.00381714 -0.00393712    0.279279
IMAGINARY
          0 -0.00974133  0.00532329   0.0104757
 0.00974133           0   0.0260795 -0.00653688
-0.00532329  -0.0260795           0 -0.00846256
 -0.0104757  0.00653688  0.00846256           0
EndNode2[0]<--->HoM1[0]
REAL
   0.337079   -0.016539 -0.00262055    0.278039
  -0.016539    0.182272    0.119535  0.00531596
-0.00262055    0.119535    0.161049   0.0273207
   0.278039  0.00531596   0.0273207      0.3196
IMAGINARY
          0   0.0123879  0.00432302    0.010445
 -0.0123879           0 -0.00288833   -0.011806
-0.00432302  0.00288833           0   0.0209454
  -0.010445    0.011806  -0.0209454           0
Repeater1[0]<--->EndNode1[0]
REAL
    0.36036  -0.0139694 -0.00462678    0.249311
 -0.0139694    0.194337    0.125524 -0.00393712
-0.00462678    0.125524    0.166023 -0.00381714
   0.249311 -0.00393712 -0.00381714    0.279279
IMAGINARY
          0  0.00532329 -0.00974133   0.0104757
-0.00532329           0  -0.0260795 -0.00846256
 0.00974133   0.0260795           0 -0.00653688
 -0.0104757  0.00846256  0.00653688           0
Repeater1[0]<--->HoM1[0]
REAL
   0.337079 -0.00262055   -0.016539    0.278039
-0.00262055    0.161049    0.119535   0.0273207
  -0.016539    0.119535    0.182272  0.00531596
   0.278039   0.0273207  0.00531596      0.3196
IMAGINARY
          0  0.00432302   0.0123879    0.010445
-0.00432302           0  0.00288833   0.0209454
 -0.0123879 -0.00288833           0   -0.011806
  -0.010445  -0.0209454    0.011806           0
EndNode1[0]<--->Repeater1[0]
REAL
  0.345502  0.0136957  0.0101669   0.243609
 0.0136957   0.174707   0.129825  0.0061238
 0.0101669   0.129825   0.187744 0.00134194
  0.243609  0.0061238 0.00134194   0.292047
IMAGINARY
          0  0.00180645  0.00707516  0.00306697
-0.00180645           0  -0.0144883 -0.00772535
-0.00707516   0.0144883           0 -0.00245664
-0.00306697  0.00772535  0.00245664           0
EndNode2[0]<--->HoM1[0]
REAL
  0.313237 0.00370982 0.00902224    0.26873
0.00370982   0.200524    0.12373 0.00148456
0.00902224    0.12373   0.163827  0.0030887
   0.26873 0.00148456  0.0030887   0.322412
IMAGINARY
          0   0.0120467 -0.00175127 -0.00201601
 -0.0120467           0 -0.00600538  -0.0182487
 0.00175127  0.00600538           0  -0.0170467
 0.00201601   0.0182487   0.0170467           0
Repeater1[0]<--->EndNode1[0]
REAL
  0.345502  0.0101669  0.0136957   0.243609
 0.0101669   0.187744   0.129825 0.00134194
 0.0136957   0.129825   0.174707  0.0061238
  0.243609 0.00134194  0.0061238   0.292047
IMAGINARY
          0  0.00707516  0.00180645  0.00306697
-0.00707516           0   0.0144883 -0.00245664
-0.00180645  -0.0144883           0 -0.00772535
-0.00306697  0.00245664  0.00772535           0
Repeater1[0]<--->HoM1[0]
REAL
  0.313237 0.00902224 0.00370982    0.26873
0.00902224   0.163827    0.12373  0.0030887
0.00370982    0.12373   0.200524 0.00148456
   0.26873  0.0030887 0.00148456   0.322412
IMAGINARY
          0 -0.00175127   0.0120467 -0.00201601
 0.00175127           0  0.00600538  -0.0170467
 -0.0120467 -0.00600538           0  -0.0182487
 0.00201601   0.0170467   0.0182487           0
EndNode1[0]<--->Repeater1[0]
REAL
   0.352792  0.00193182 -0.00560534    0.267707
 0.00193182    0.170051    0.114422 -0.00897007
-0.00560534    0.114422    0.191624  -0.0101701
   0.267707 -0.00897007  -0.0101701    0.285533
IMAGINARY
          0  -0.0174398 -0.00743028   0.0018064
  0.0174398           0  -0.0171125 -0.00230208
 0.00743028   0.0171125           0   0.0235225
 -0.0018064  0.00230208  -0.0235225           0
EndNode2[0]<--->HoM1[0]
REAL
    0.359536 -0.000320924   0.00578419     0.277962
-0.000320924     0.180412     0.118722  -0.00961072
  0.00578419     0.118722     0.186856  0.000320924
    0.277962  -0.00961072  0.000320924     0.273196
IMAGINARY
          0 -0.00689936  -0.0119628  -0.0166655
 0.00689936           0  -0.0101888  -0.0162155
  0.0119628   0.0101888           0 -0.00948334
  0.0166655   0.0162155  0.00948334           0
Repeater1[0]<--->EndNode1[0]
REAL
   0.352792 -0.00560534  0.00193182    0.267707
-0.00560534    0.191624    0.114422  -0.0101701
 0.00193182    0.114422    0.170051 -0.00897007
   0.267707  -0.0101701 -0.00897007    0.285533
IMAGINARY
          0 -0.00743028  -0.0174398   0.0018064
 0.00743028           0   0.0171125   0.0235225
  0.0174398  -0.0171125           0 -0.00230208
 -0.0018064  -0.0235225  0.00230208           0
Repeater1[0]<--->HoM1[0]
REAL
    0.359536   0.00578419 -0.000320924     0.277962
  0.00578419     0.186856     0.118722  0.000320924
-0.000320924     0.118722     0.180412  -0.00961072
    0.277962  0.000320924  -0.00961072     0.273196
IMAGINARY
          0  -0.0119628 -0.00689936  -0.0166655
  0.0119628           0   0.0101888 -0.00948334
 0.00689936  -0.0101888           0  -0.0162155
  0.0166655  0.00948334   0.0162155           0
EndNode1[0]<--->Repeater1[0]
REAL
    0.334168    0.0155789   -0.0065377     0.252446
   0.0155789     0.178974      0.11172 -0.000577435
  -0.0065377      0.11172     0.188986  -0.00328907
    0.252446 -0.000577435  -0.00328907     0.297872
IMAGINARY
          0 -0.00914439   0.0194528   0.0114217
 0.00914439           0  0.00083638  -0.0084282
 -0.0194528 -0.00083638           0  -0.0343057
 -0.0114217   0.0084282   0.0343057           0
EndNode2[0]<--->HoM1[0]
REAL
    0.36255  0.00648016 -0.00571031    0.269389
 0.00648016    0.166003    0.125988  0.00449377
-0.00571031    0.125988    0.172643  -0.0247283
   0.269389  0.00449377  -0.0247283    0.298805
IMAGINARY
          0 -0.00896556 -0.00793752 -0.00216069
 0.00896556           0  0.00920294  0.00159234
 0.00793752 -0.00920294           0 -0.00626286
 0.00216069 -0.00159234  0.00626286           0
Repeater1[0]<--->EndNode1[0]
REAL
    0.334168   -0.0065377    0.0155789     0.252446
  -0.0065377     0.188986      0.11172  -0.00328907
   0.0155789      0.11172     0.178974 -0.000577435
    0.252446  -0.00328907 -0.000577435     0.297872
IMAGINARY
          0   0.0194528 -0.00914439   0.0114217
 -0.0194528           0 -0.00083638  -0.0343057
 0.00914439  0.00083638           0  -0.0084282
 -0.0114217   0.0343057   0.0084282           0
Repeater1[0]<--->HoM1[0]
REAL
    0.36255 -0.00571031  0.00648016    0.269389
-0.00571031    0.172643    0.125988  -0.0247283
 0.00648016    0.125988    0.166003  0.00449377
   0.269389  -0.0247283  0.00449377    0.298805
IMAGINARY
          0 -0.00793752 -0.00896556 -0.00216069
 0.00793752           0 -0.00920294 -0.00626286
 0.00896556  0.00920294           0  0.00159234
 0.00216069  0.00626286 -0.00159234           0
EndNode1[0]<--->Repeater1[0]
REAL
  0.381727  0.0144869 -0.0372508   0.221414
 0.0144869   0.158949   0.135541  0.0201904
-0.0372508   0.135541   0.178974 -0.0171116
  0.221414  0.0201904 -0.0171116    0.28035
IMAGINARY
          0   0.0102342   0.0207368   0.0226247
 -0.0102342           0 -0.00866526  -0.0124265
 -0.0207368  0.00866526           0 -0.00053892
 -0.0226247   0.0124265  0.00053892           0
EndNode2[0]<--->HoM1[0]
REAL
  0.327869  0.0112274 0.00553979   0.273518
 0.0112274   0.152585   0.121577  0.0162586
0.00553979   0.121577   0.187894 0.00920856
  0.273518  0.0162586 0.00920856   0.331652
IMAGINARY
           0 -4.32108e-05    0.0166024   0.00966058
 4.32108e-05            0   -0.0146234   -0.0105783
  -0.0166024    0.0146234            0    0.0100834
 -0.00966058    0.0105783   -0.0100834            0
Repeater1[0]<--->EndNode1[0]
REAL
  0.381727 -0.0372508  0.0144869   0.221414
-0.0372508   0.178974   0.135541 -0.0171116
 0.0144869   0.135541   0.158949  0.0201904
  0.221414 -0.0171116  0.0201904    0.28035
IMAGINARY
          0   0.0207368   0.0102342   0.0226247
 -0.0207368           0  0.00866526 -0.00053892
 -0.0102342 -0.00866526           0  -0.0124265
 -0.0226247  0.00053892   0.0124265           0
Repeater1[0]<--->HoM1[0]
REAL
  0.327869 0.00553979  0.0112274   0.273518
0.00553979   0.187894   0.121577 0.00920856
 0.0112274   0.121577   0.152585  0.0162586
  0.273518 0.00920856  0.0162586   0.331652
IMAGINARY
           0    0.0166024 -4.32108e-05   0.00966058
  -0.0166024            0    0.0146234    0.0100834
 4.32108e-05   -0.0146234            0   -0.0105783
 -0.00966058   -0.0100834    0.0105783            0
EndNode1[0]<--->Repeater1[0]
REAL
   0.343381  -0.0138939  0.00259627    0.221825
 -0.0138939    0.159895    0.120567  -0.0284115
 0.00259627    0.120567    0.222805 -0.00648651
   0.221825  -0.0284115 -0.00648651    0.273919
IMAGINARY
          0 -0.00931761   0.0120078  0.00623108
 0.00931761           0   -0.018638  0.00623118
 -0.0120078    0.018638           0  -0.0177264
-0.00623108 -0.00623118   0.0177264           0
EndNode2[0]<--->HoM1[0]
REAL
  0.340347  0.0118955 0.00059074    0.27785
 0.0118955   0.163366   0.111184  0.0124641
0.00059074   0.111184   0.162129  -0.013201
   0.27785  0.0124641  -0.013201   0.334158
IMAGINARY
           0    0.0163462   0.00177501   -0.0117667
  -0.0163462            0 -0.000955918   0.00627951
 -0.00177501  0.000955918            0   0.00162154
   0.0117667  -0.00627951  -0.00162154            0
Repeater1[0]<--->EndNode1[0]
REAL
   0.343381  0.00259627  -0.0138939    0.221825
 0.00259627    0.222805    0.120567 -0.00648651
 -0.0138939    0.120567    0.159895  -0.0284115
   0.221825 -0.00648651  -0.0284115    0.273919
IMAGINARY
          0   0.0120078 -0.00931761  0.00623108
 -0.0120078           0    0.018638  -0.0177264
 0.00931761   -0.018638           0  0.00623118
-0.00623108   0.0177264 -0.00623118           0
Repeater1[0]<--->HoM1[0]
REAL
  0.340347 0.00059074  0.0118955    0.27785
0.00059074   0.162129   0.111184  -0.013201
 0.0118955   0.111184   0.163366  0.0124641
   0.27785  -0.013201  0.0124641   0.334158
IMAGINARY
           0   0.00177501    0.0163462   -0.0117667
 -0.00177501            0  0.000955918   0.00162154
  -0.0163462 -0.000955918            0   0.00627951
   0.0117667  -0.00162154  -0.00627951            0
EndNode1[0]<--->Repeater1[0]
REAL
   0.345013   0.0013756  -0.0049479     0.25491
  0.0013756    0.181941   0.0964053 -0.00557842
 -0.0049479   0.0964053    0.167116   0.0157297
    0.25491 -0.00557842   0.0157297     0.30593
IMAGINARY
           0  -0.00200849  0.000102072  -0.00264167
  0.00200849            0  -0.00523234   0.00505257
-0.000102072   0.00523234            0   -0.0173214
  0.00264167  -0.00505257    0.0173214            0
EndNode2[0]<--->HoM1[0]
REAL
   0.349869  0.00364586 -0.00422785    0.266011
 0.00364586     0.17624    0.127607   -0.016423
-0.00422785    0.127607    0.159269  -0.0155357
   0.266011   -0.016423  -0.0155357    0.314621
IMAGINARY
          0   0.0200836  0.00728632  0.00528613
 -0.0200836           0   0.0184623  -0.0135207
-0.00728632  -0.0184623           0  0.00111341
-0.00528613   0.0135207 -0.00111341           0
Repeater1[0]<--->EndNode1[0]
REAL
   0.345013  -0.0049479   0.0013756     0.25491
 -0.0049479    0.167116   0.0964053   0.0157297
  0.0013756   0.0964053    0.181941 -0.00557842
    0.25491   0.0157297 -0.00557842     0.30593
IMAGINARY
           0  0.000102072  -0.00200849  -0.00264167
-0.000102072            0   0.00523234   -0.0173214
  0.00200849  -0.00523234            0   0.00505257
  0.00264167    0.0173214  -0.00505257            0
Repeater1[0]<--->HoM1[0]
REAL
   0.349869 -0.00422785  0.00364586    0.266011
-0.00422785    0.159269    0.127607  -0.0155357
 0.00364586    0.127607     0.17624   -0.016423
   0.266011  -0.0155357   -0.016423    0.314621
IMAGINARY
          0  0.00728632   0.0200836  0.00528613
-0.00728632           0  -0.0184623  0.00111341
 -0.0200836   0.0184623           0  -0.0135207
-0.00528613 -0.00111341   0.0135207           0
EndNode1[0]<--->Repeater1[0]
REAL
  0.328982 -0.0033392 -0.0226217   0.243108
-0.0033392   0.165796   0.100156 -0.0110571
-0.0226217   0.100156   0.219321 -0.0264536
  0.243108 -0.0110571 -0.0264536   0.285901
IMAGINARY
          0  -0.0062086   0.0133917  -0.0384524
  0.0062086           0  0.00205393 -0.00219273
 -0.0133917 -0.00205393           0  0.00686736
  0.0384524  0.00219273 -0.00686736           0
EndNode2[0]<--->HoM1[0]
REAL
  0.337696  0.0102426 0.00212988   0.270491
 0.0102426   0.167539   0.128386  0.0197178
0.00212988   0.128386   0.174084  0.0128535
  0.270491  0.0197178  0.0128535   0.320681
IMAGINARY
          0  -0.0179328   0.0110835  0.00186714
  0.0179328           0 -0.00452672  0.00470596
 -0.0110835  0.00452672           0  -0.0110146
-0.00186714 -0.00470596   0.0110146           0
Repeater1[0]<--->EndNode1[0]
REAL
  0.328982 -0.0226217 -0.0033392   0.243108
-0.0226217   0.219321   0.100156 -0.0264536
-0.0033392   0.100156   0.165796 -0.0110571
  0.243108 -0.0264536 -0.0110571   0.285901
IMAGINARY
          0   0.0133917  -0.0062086  -0.0384524
 -0.0133917           0 -0.00205393  0.00686736
  0.0062086  0.00205393           0 -0.00219273
  0.0384524 -0.00686736  0.00219273           0
Repeater1[0]<--->HoM1[0]
REAL
  0.337696 0.00212988  0.0102426   0.270491
0.00212988   0.174084   0.128386  0.0128535
 0.0102426   0.128386   0.167539  0.0197178
  0.270491  0.0128535  0.0197178   0.320681
IMAGINARY
          0   0.0110835  -0.0179328  0.00186714
 -0.0110835           0  0.00452672  -0.0110146
  0.0179328 -0.00452672           0  0.00470596
-0.00186714   0.0110146 -0.00470596           0
EndNode1[0]<--->Repeater1[0]
REAL
    0.319066  -0.00964552   0.00666606     0.249024
 -0.00964552     0.182879     0.104852 -0.000948149
  0.00666606     0.104852     0.217899    0.0115515
    0.249024 -0.000948149    0.0115515     0.280156
IMAGINARY
           0    0.0123727   0.00810037   0.00733726
  -0.0123727            0   -0.0114695  -0.00994086
 -0.00810037    0.0114695            0 -0.000716282
 -0.00733726   0.00994086  0.000716282            0
EndNode2[0]<--->HoM1[0]
REAL
    0.322622  -0.00638654  -0.00479926     0.260928
 -0.00638654     0.205656     0.124681   -0.0105759
 -0.00479926     0.124681     0.182519 -0.000378528
    0.260928   -0.0105759 -0.000378528     0.289203
IMAGINARY
          0   0.0169339  -0.0109453  0.00861577
 -0.0169339           0   0.0117924  0.00451859
  0.0109453  -0.0117924           0  0.00106092
-0.00861577 -0.00451859 -0.00106092           0
Repeater1[0]<--->EndNode1[0]
REAL
    0.319066   0.00666606  -0.00964552     0.249024
  0.00666606     0.217899     0.104852    0.0115515
 -0.00964552     0.104852     0.182879 -0.000948149
    0.249024    0.0115515 -0.000948149     0.280156
IMAGINARY
           0   0.00810037    0.0123727   0.00733726
 -0.00810037            0    0.0114695 -0.000716282
  -0.0123727   -0.0114695            0  -0.00994086
 -0.00733726  0.000716282   0.00994086            0
Repeater1[0]<--->HoM1[0]
REAL
    0.322622  -0.00479926  -0.00638654     0.260928
 -0.00479926     0.182519     0.124681 -0.000378528
 -0.00638654     0.124681     0.205656   -0.0105759
    0.260928 -0.000378528   -0.0105759     0.289203
IMAGINARY
          0  -0.0109453   0.0169339  0.00861577
  0.0109453           0  -0.0117924  0.00106092
 -0.0169339   0.0117924           0  0.00451859
-0.00861577 -0.00106092 -0.00451859           0
EndNode1[0]<--->Repeater1[0]
REAL
  0.354756 -0.0281879 -0.0122001   0.240455
-0.0281879   0.174807    0.10803 0.00758879
-0.0122001    0.10803   0.203085  0.0222591
  0.240455 0.00758879  0.0222591   0.267352
IMAGINARY
          0  -0.0078043  0.00370677  -0.0173283
  0.0078043           0 -0.00660443  0.00124372
-0.00370677  0.00660443           0 -0.00333431
  0.0173283 -0.00124372  0.00333431           0
EndNode2[0]<--->HoM1[0]
REAL
   0.336461  -0.0233769  -0.0119201    0.257866
 -0.0233769    0.191689    0.122294 -0.00871906
 -0.0119201    0.122294     0.19437  0.00273775
   0.257866 -0.00871906  0.00273775     0.27748
IMAGINARY
          0 -0.00715572 -0.00234294  0.00726855
 0.00715572           0 -0.00535772  -0.0100949
 0.00234294  0.00535772           0   0.0158622
-0.00726855   0.0100949  -0.0158622           0
Repeater1[0]<--->EndNode1[0]
REAL
  0.354756 -0.0122001 -0.0281879   0.240455
-0.0122001   0.203085    0.10803  0.0222591
-0.0281879    0.10803   0.174807 0.00758879
  0.240455  0.0222591 0.00758879   0.267352
IMAGINARY
          0  0.00370677  -0.0078043  -0.0173283
-0.00370677           0  0.00660443 -0.00333431
  0.0078043 -0.00660443           0  0.00124372
  0.0173283  0.00333431 -0.00124372           0
Repeater1[0]<--->HoM1[0]
REAL
   0.336461  -0.0119201  -0.0233769    0.257866
 -0.0119201     0.19437    0.122294  0.00273775
 -0.0233769    0.122294    0.191689 -0.00871906
   0.257866  0.00273775 -0.00871906     0.27748
IMAGINARY
          0 -0.00234294 -0.00715572  0.00726855
 0.00234294           0  0.00535772   0.0158622
 0.00715572 -0.00535772           0  -0.0100949
-0.00726855  -0.0158622   0.0100949           0
EndNode1[0]<--->Repeater1[0]
REAL
   0.313907    0.015875 -0.00090264    0.252465
   0.015875    0.181457   0.0968684    0.010236
-0.00090264   0.0968684    0.213245  0.00545833
   0.252465    0.010236  0.00545833    0.291391
IMAGINARY
          0    -0.01459 -0.00135961  0.00680914
    0.01459           0   0.0106553  0.00566465
 0.00135961  -0.0106553           0 -0.00939522
-0.00680914 -0.00566465  0.00939522           0
EndNode2[0]<--->HoM1[0]
REAL
   0.356129 -0.00122494  -0.0119703    0.268363
-0.00122494    0.162581    0.115956  -0.0163073
 -0.0119703    0.115956    0.179355 -0.00905784
   0.268363  -0.0163073 -0.00905784    0.301935
IMAGINARY
          0    0.010341  0.00453434  0.00420277
  -0.010341           0   0.0191962   -0.021914
-0.00453434  -0.0191962           0  0.00436489
-0.00420277    0.021914 -0.00436489           0
Repeater1[0]<--->EndNode1[0]
REAL
   0.313907 -0.00090264    0.015875    0.252465
-0.00090264    0.213245   0.0968684  0.00545833
   0.015875   0.0968684    0.181457    0.010236
   0.252465  0.00545833    0.010236    0.291391
IMAGINARY
          0 -0.00135961    -0.01459  0.00680914
 0.00135961           0  -0.0106553 -0.00939522
    0.01459   0.0106553           0  0.00566465
-0.00680914  0.00939522 -0.00566465           0
Repeater1[0]<--->HoM1[0]
REAL
   0.356129  -0.0119703 -0.00122494    0.268363
 -0.0119703    0.179355    0.115956 -0.00905784
-0.00122494    0.115956    0.162581  -0.0163073
   0.268363 -0.00905784  -0.0163073    0.301935
IMAGINARY
          0  0.00453434    0.010341  0.00420277
-0.00453434           0  -0.0191962  0.00436489
  -0.010341   0.0191962           0   -0.021914
-0.00420277 -0.00436489    0.021914           0
EndNode1[0]<--->Repeater1[0]
REAL
   0.356671 -0.00145789  0.00740686    0.254744
-0.00145789    0.182299    0.107369  0.00805706
 0.00740686    0.107369    0.198151  0.00532387
   0.254744  0.00805706  0.00532387     0.26288
IMAGINARY
          0  0.00536396  -0.0259326 -0.00595577
-0.00536396           0  -0.0232413   -0.029922
  0.0259326   0.0232413           0  0.00473025
 0.00595577    0.029922 -0.00473025           0
EndNode2[0]<--->HoM1[0]
REAL
  0.369705  0.0054544 0.00451202    0.28035
 0.0054544   0.165597    0.11669 0.00256649
0.00451202    0.11669   0.179718 0.00419811
   0.28035 0.00256649 0.00419811   0.284981
IMAGINARY
           0   0.00372124  -0.00351776  0.000300891
 -0.00372124            0     0.023689   0.00996106
  0.00351776    -0.023689            0  -0.00372124
-0.000300891  -0.00996106   0.00372124            0
Repeater1[0]<--->EndNode1[0]
REAL
   0.356671  0.00740686 -0.00145789    0.254744
 0.00740686    0.198151    0.107369  0.00532387
-0.00145789    0.107369    0.182299  0.00805706
   0.254744  0.00532387  0.00805706     0.26288
IMAGINARY
          0  -0.0259326  0.00536396 -0.00595577
  0.0259326           0   0.0232413  0.00473025
-0.00536396  -0.0232413           0   -0.029922
 0.00595577 -0.00473025    0.029922           0
Repeater1[0]<--->HoM1[0]
REAL
  0.369705 0.00451202  0.0054544    0.28035
0.00451202   0.179718    0.11669 0.00419811
 0.0054544    0.11669   0.165597 0.00256649
   0.28035 0.00419811 0.00256649   0.284981
IMAGINARY
           0  -0.00351776   0.00372124  0.000300891
  0.00351776            0    -0.023689  -0.00372124
 -0.00372124     0.023689            0   0.00996106
-0.000300891   0.00372124  -0.00996106            0
EndNode1[0]<--->Repeater1[0]
REAL
      0.3425  -0.00532637  -0.00800824     0.245375
 -0.00532637       0.1825     0.127619 -1.31552e-05
 -0.00800824     0.127619         0.19  -0.00135812
    0.245375 -1.31552e-05  -0.00135812        0.285
IMAGINARY
           0    0.0121553   -0.0195753   0.00452014
  -0.0121553            0   -0.0162053   -0.0131004
   0.0195753    0.0162053            0  0.000791671
 -0.00452014    0.0131004 -0.000791671            0
EndNode2[0]<--->HoM1[0]
REAL
   0.350129  -0.0241942   -0.010408     0.26357
 -0.0241942    0.156331    0.124605 -0.00116014
  -0.010408    0.124605    0.187339  -0.0143662
    0.26357 -0.00116014  -0.0143662    0.306202
IMAGINARY
         0 -0.0282406  0.0170026 -0.0232528
 0.0282406          0  0.0157901  -0.018365
-0.0170026 -0.0157901          0  0.0146166
 0.0232528   0.018365 -0.0146166          0
Repeater1[0]<--->EndNode1[0]
REAL
      0.3425  -0.00800824  -0.00532637     0.245375
 -0.00800824         0.19     0.127619  -0.00135812
 -0.00532637     0.127619       0.1825 -1.31552e-05
    0.245375  -0.00135812 -1.31552e-05        0.285
IMAGINARY
           0   -0.0195753    0.0121553   0.00452014
   0.0195753            0    0.0162053  0.000791671
  -0.0121553   -0.0162053            0   -0.0131004
 -0.00452014 -0.000791671    0.0131004            0
Repeater1[0]<--->HoM1[0]
REAL
   0.350129   -0.010408  -0.0241942     0.26357
  -0.010408    0.187339    0.124605  -0.0143662
 -0.0241942    0.124605    0.156331 -0.00116014
    0.26357  -0.0143662 -0.00116014    0.306202
IMAGINARY
         0  0.0170026 -0.0282406 -0.0232528
-0.0170026          0 -0.0157901  0.0146166
 0.0282406  0.0157901          0  -0.018365
 0.0232528 -0.0146166   0.018365          0
EndNode1[0]<--->Repeater1[0]
REAL
   0.321188   0.0238997    0.015449     0.26752
  0.0238997    0.182186     0.11016  -0.0236457
   0.015449     0.11016    0.191633 -0.00309261
    0.26752  -0.0236457 -0.00309261    0.304993
IMAGINARY
           0   -0.0173614  2.40956e-05    -0.014564
   0.0173614            0   0.00409276    0.0190114
-2.40956e-05  -0.00409276            0   -0.0118264
    0.014564   -0.0190114    0.0118264            0
EndNode2[0]<--->HoM1[0]
REAL
  0.359199 -0.0005678 0.00425509   0.260439
-0.0005678   0.168961   0.112995  0.0107825
0.00425509   0.112995   0.156446 0.00933973
  0.260439  0.0107825 0.00933973   0.315394
IMAGINARY
          0   0.0147103 -0.00081664  -0.0230542
 -0.0147103           0  0.00547843  0.00933564
 0.00081664 -0.00547843           0  0.00429363
  0.0230542 -0.00933564 -0.00429363           0
Repeater1[0]<--->EndNode1[0]
REAL
   0.321188    0.015449   0.0238997     0.26752
   0.015449    0.191633     0.11016 -0.00309261
  0.0238997     0.11016    0.182186  -0.0236457
    0.26752 -0.00309261  -0.0236457    0.304993
IMAGINARY
           0  2.40956e-05   -0.0173614    -0.014564
-2.40956e-05            0  -0.00409276   -0.0118264
   0.0173614   0.00409276            0    0.0190114
    0.014564    0.0118264   -0.0190114            0
Repeater1[0]<--->HoM1[0]
REAL
  0.359199 0.00425509 -0.0005678   0.260439
0.00425509   0.156446   0.112995 0.00933973
-0.0005678   0.112995   0.168961  0.0107825
  0.260439 0.00933973  0.0107825   0.315394
IMAGINARY
          0 -0.00081664   0.0147103  -0.0230542
 0.00081664           0 -0.00547843  0.00429363
 -0.0147103  0.00547843           0  0.00933564
  0.0230542 -0.00429363 -0.00933564           0
EndNode1[0]<--->Repeater1[0]
REAL
   0.386792   0.0011817 -0.00632287    0.247257
  0.0011817    0.171159    0.124266  0.00698512
-0.00632287    0.124266     0.15903 -0.00449296
   0.247257  0.00698512 -0.00449296    0.283019
IMAGINARY
          0  -0.0305174  0.00813628 -0.00920014
  0.0305174           0 -0.00985374   0.0172036
-0.00813628  0.00985374           0 -0.00594737
 0.00920014  -0.0172036  0.00594737           0
EndNode2[0]<--->HoM1[0]
REAL
   0.342266  -0.0189376 -0.00227574     0.27594
 -0.0189376    0.196102    0.133874  -0.0136394
-0.00227574    0.133874    0.147381 0.000369975
    0.27594  -0.0136394 0.000369975    0.314251
IMAGINARY
           0  0.000132353   -0.0199592  -0.00850655
-0.000132353            0    0.0041695   0.00581403
   0.0199592   -0.0041695            0   -0.0191975
  0.00850655  -0.00581403    0.0191975            0
Repeater1[0]<--->EndNode1[0]
REAL
   0.386792 -0.00632287   0.0011817    0.247257
-0.00632287     0.15903    0.124266 -0.00449296
  0.0011817    0.124266    0.171159  0.00698512
   0.247257 -0.00449296  0.00698512    0.283019
IMAGINARY
          0  0.00813628  -0.0305174 -0.00920014
-0.00813628           0  0.00985374 -0.00594737
  0.0305174 -0.00985374           0   0.0172036
 0.00920014  0.00594737  -0.0172036           0
Repeater1[0]<--->HoM1[0]
REAL
   0.342266 -0.00227574  -0.0189376     0.27594
-0.00227574    0.147381    0.133874 0.000369975
 -0.0189376    0.133874    0.196102  -0.0136394
    0.27594 0.000369975  -0.0136394    0.314251
IMAGINARY
           0   -0.0199592  0.000132353  -0.00850655
   0.0199592            0   -0.0041695   -0.0191975
-0.000132353    0.0041695            0   0.00581403
  0.00850655    0.0191975  -0.00581403            0
EndNode1[0]<--->Repeater1[0]
REAL
   0.335484   0.0232663 -0.00454534    0.244264
  0.0232663    0.185806    0.120704  0.00518228
-0.00454534    0.120704    0.193548 -0.00479494
   0.244264  0.00518228 -0.00479494    0.285161
IMAGINARY
          0   0.0099381 -0.00656828 -0.00487925
 -0.0099381           0  0.00611687  0.00208685
 0.00656828 -0.00611687           0  0.00734743
 0.00487925 -0.00208685 -0.00734743           0
EndNode2[0]<--->HoM1[0]
REAL
   0.347932   0.0123703   0.0236109    0.273852
  0.0123703    0.173966    0.133959 -0.00632539
  0.0236109    0.133959    0.171533  -0.0130105
   0.273852 -0.00632539  -0.0130105    0.306569
IMAGINARY
           0  -0.00869881   0.00719353   -0.0136936
  0.00869881            0    0.0189568  0.000169259
 -0.00719353   -0.0189568            0   -0.0080348
   0.0136936 -0.000169259    0.0080348            0
Repeater1[0]<--->EndNode1[0]
REAL
   0.335484 -0.00454534   0.0232663    0.244264
-0.00454534    0.193548    0.120704 -0.00479494
  0.0232663    0.120704    0.185806  0.00518228
   0.244264 -0.00479494  0.00518228    0.285161
IMAGINARY
          0 -0.00656828   0.0099381 -0.00487925
 0.00656828           0 -0.00611687  0.00734743
 -0.0099381  0.00611687           0  0.00208685
 0.00487925 -0.00734743 -0.00208685           0
Repeater1[0]<--->HoM1[0]
REAL
   0.347932   0.0236109   0.0123703    0.273852
  0.0236109    0.171533    0.133959  -0.0130105
  0.0123703    0.133959    0.173966 -0.00632539
   0.273852  -0.0130105 -0.00632539    0.306569
IMAGINARY
           0   0.00719353  -0.00869881   -0.0136936
 -0.00719353            0   -0.0189568   -0.0080348
  0.00869881    0.0189568            0  0.000169259
   0.0136936    0.0080348 -0.000169259            0
EndNode1[0]<--->Repeater1[0]
REAL
   0.340076 -0.00692728 -0.00954428    0.252265
-0.00692728    0.189633    0.119144  0.00202034
-0.00954428    0.119144    0.204804  0.00761128
   0.252265  0.00202034  0.00761128    0.265487
IMAGINARY
          0 -0.00859143   0.0086577  -0.0178284
 0.00859143           0  -0.0126064   0.0123614
 -0.0086577   0.0126064           0  0.00285895
  0.0178284  -0.0123614 -0.00285895           0
EndNode2[0]<--->HoM1[0]
REAL
   0.350943 -0.00698605  -0.0044699    0.289677
-0.00698605    0.184906    0.107421  -0.0139998
 -0.0044699    0.107421    0.192453 -0.00092952
   0.289677  -0.0139998 -0.00092952    0.271698
IMAGINARY
          0  -0.0149023  0.00171939 -0.00178434
  0.0149023           0  0.00482941  0.00171939
-0.00171939 -0.00482941           0   0.0238431
 0.00178434 -0.00171939  -0.0238431           0
Repeater1[0]<--->EndNode1[0]
REAL
   0.340076 -0.00954428 -0.00692728    0.252265
-0.00954428    0.204804    0.119144  0.00761128
-0.00692728    0.119144    0.189633  0.00202034
   0.252265  0.00761128  0.00202034    0.265487
IMAGINARY
          0   0.0086577 -0.00859143  -0.0178284
 -0.0086577           0   0.0126064  0.00285895
 0.00859143  -0.0126064           0   0.0123614
  0.0178284 -0.00285895  -0.0123614           0
Repeater1[0]<--->HoM1[0]
REAL
   0.350943  -0.0044699 -0.00698605    0.289677
 -0.0044699    0.192453    0.107421 -0.00092952
-0.00698605    0.107421    0.184906  -0.0139998
   0.289677 -0.00092952  -0.0139998    0.271698
IMAGINARY
          0  0.00171939  -0.0149023 -0.00178434
-0.00171939           0 -0.00482941   0.0238431
  0.0149023  0.00482941           0  0.00171939
 0.00178434  -0.0238431 -0.00171939           0
EndNode1[0]<--->Repeater1[0]
REAL
   0.333765  -0.0220328 -0.00858541    0.258222
 -0.0220328    0.165589    0.108533   -0.038908
-0.00858541    0.108533    0.192755  -0.0188643
   0.258222   -0.038908  -0.0188643    0.307891
IMAGINARY
           0   0.00560615   0.00289043  0.000845789
 -0.00560615            0   -0.0131356   -0.0134494
 -0.00289043    0.0131356            0    0.0099218
-0.000845789    0.0134494   -0.0099218            0
EndNode2[0]<--->HoM1[0]
REAL
  0.364973 0.00611425  0.0223768    0.27173
0.00611425   0.169786   0.116145 0.00304692
 0.0223768   0.116145   0.153743   0.021917
   0.27173 0.00304692   0.021917   0.311497
IMAGINARY
          0   0.0124108  -0.0198193 -0.00585123
 -0.0124108           0 -0.00335123  -0.0134254
  0.0198193  0.00335123           0   0.0221637
 0.00585123   0.0134254  -0.0221637           0
Repeater1[0]<--->EndNode1[0]
REAL
   0.333765 -0.00858541  -0.0220328    0.258222
-0.00858541    0.192755    0.108533  -0.0188643
 -0.0220328    0.108533    0.165589   -0.038908
   0.258222  -0.0188643   -0.038908    0.307891
IMAGINARY
           0   0.00289043   0.00560615  0.000845789
 -0.00289043            0    0.0131356    0.0099218
 -0.00560615   -0.0131356            0   -0.0134494
-0.000845789   -0.0099218    0.0134494            0
Repeater1[0]<--->HoM1[0]
REAL
  0.364973  0.0223768 0.00611425    0.27173
 0.0223768   0.153743   0.116145   0.021917
0.00611425   0.116145   0.169786 0.00304692
   0.27173   0.021917 0.00304692   0.311497
IMAGINARY
          0  -0.0198193   0.0124108 -0.00585123
  0.0198193           0  0.00335123   0.0221637
 -0.0124108 -0.00335123           0  -0.0134254
 0.00585123  -0.0221637   0.0134254           0
EndNode1[0]<--->Repeater1[0]
REAL
   0.359069  -0.0190058 -0.00501191    0.225015
 -0.0190058    0.177696    0.124475   0.0037364
-0.00501191    0.124475    0.171569   0.0228323
   0.225015   0.0037364   0.0228323    0.291667
IMAGINARY
          0   0.0178834  0.00856278   0.0054098
 -0.0178834           0   0.0203255  0.00425773
-0.00856278  -0.0203255           0  0.00708288
 -0.0054098 -0.00425773 -0.00708288           0
EndNode2[0]<--->HoM1[0]
REAL
   0.334171 -0.00877415   0.0128538     0.26471
