EndNode1[0]<--->Repeater1[0]
REAL
   0.483476   0.0056967  -0.0383636    0.259216
  0.0056967    0.121175  0.00603566 -0.00142424
 -0.0383636  0.00603566    0.102815  -0.0202856
   0.259216 -0.00142424  -0.0202856    0.292534
IMAGINARY
          0  0.00258418  0.00575983  -0.0125089
-0.00258418           0 -0.00192684  0.00823508
-0.00575983  0.00192684           0 -0.00131192
  0.0125089 -0.00823508  0.00131192           0
EndNode2[0]<--->HoM1[0]
REAL
   0.473881 -0.00933657  -0.0131659      0.3197
-0.00933657   0.0845771   0.0101149  -0.0119001
 -0.0131659   0.0101149   0.0970149  -0.0170487
     0.3197  -0.0119001  -0.0170487    0.344527
IMAGINARY
          0  -0.0139859   0.0116428  0.00102886
  0.0139859           0  0.00288759   0.0155593
 -0.0116428 -0.00288759           0 -0.00673951
-0.00102886  -0.0155593  0.00673951           0
Repeater1[0]<--->EndNode1[0]
REAL
   0.483476  -0.0383636   0.0056967    0.259216
 -0.0383636    0.102815  0.00603566  -0.0202856
  0.0056967  0.00603566    0.121175 -0.00142424
   0.259216  -0.0202856 -0.00142424    0.292534
IMAGINARY
          0  0.00575983  0.00258418  -0.0125089
-0.00575983           0  0.00192684 -0.00131192
-0.00258418 -0.00192684           0  0.00823508
  0.0125089  0.00131192 -0.00823508           0
Repeater1[0]<--->HoM1[0]
REAL
   0.473881  -0.0131659 -0.00933657      0.3197
 -0.0131659   0.0970149   0.0101149  -0.0170487
-0.00933657   0.0101149   0.0845771  -0.0119001
     0.3197  -0.0170487  -0.0119001    0.344527
IMAGINARY
          0   0.0116428  -0.0139859  0.00102886
 -0.0116428           0 -0.00288759 -0.00673951
  0.0139859  0.00288759           0   0.0155593
-0.00102886  0.00673951  -0.0155593           0
EndNode1[0]<--->Repeater1[0]
REAL
   0.46375  0.0224149  0.0174813   0.266881
 0.0224149      0.115 0.00840029  0.0168508
 0.0174813 0.00840029    0.11875  0.0244016
  0.266881  0.0168508  0.0244016     0.3025
IMAGINARY
          0   0.0298499  -0.0035354   0.0221516
 -0.0298499           0  -0.0123986 -0.00664099
  0.0035354   0.0123986           0  0.00203616
 -0.0221516  0.00664099 -0.00203616           0
EndNode2[0]<--->HoM1[0]
REAL
   0.455484  -0.0281175  -0.0190791     0.31157
 -0.0281175   0.0929032  0.00377445 0.000223479
 -0.0190791  0.00377445   0.0877419 -0.00114131
    0.31157 0.000223479 -0.00114131    0.363871
IMAGINARY
          0  0.00628304 -0.00780256  0.00669658
-0.00628304           0  -0.0169305 -0.00967056
 0.00780256   0.0169305           0  0.00984599
-0.00669658  0.00967056 -0.00984599           0
Repeater1[0]<--->EndNode1[0]
REAL
   0.46375  0.0174813  0.0224149   0.266881
 0.0174813    0.11875 0.00840029  0.0244016
 0.0224149 0.00840029      0.115  0.0168508
  0.266881  0.0244016  0.0168508     0.3025
IMAGINARY
          0  -0.0035354   0.0298499   0.0221516
  0.0035354           0   0.0123986  0.00203616
 -0.0298499  -0.0123986           0 -0.00664099
 -0.0221516 -0.00203616  0.00664099           0
Repeater1[0]<--->HoM1[0]
REAL
   0.455484  -0.0190791  -0.0281175     0.31157
 -0.0190791   0.0877419  0.00377445 -0.00114131
 -0.0281175  0.00377445   0.0929032 0.000223479
    0.31157 -0.00114131 0.000223479    0.363871
IMAGINARY
          0 -0.00780256  0.00628304  0.00669658
 0.00780256           0   0.0169305  0.00984599
-0.00628304  -0.0169305           0 -0.00967056
-0.00669658 -0.00984599  0.00967056           0
EndNode1[0]<--->Repeater1[0]
REAL
   0.447989   0.0138887   0.0134505    0.243035
  0.0138887    0.116505   0.0331973 -0.00396884
  0.0134505   0.0331973    0.140083   0.0145563
   0.243035 -0.00396884   0.0145563    0.295423
IMAGINARY
          0 -0.00777307  8.0418e-05  -0.0117713
 0.00777307           0    0.013758   0.0129955
-8.0418e-05   -0.013758           0 -0.00903889
  0.0117713  -0.0129955  0.00903889           0
EndNode2[0]<--->HoM1[0]
REAL
  0.459211  0.0013026  0.0131716   0.318346
 0.0013026        0.1 0.00963874  0.0144279
 0.0131716 0.00963874        0.1  0.0160273
  0.318346  0.0144279  0.0160273   0.340789
IMAGINARY
          0  0.00981796  -0.0109685    0.021641
-0.00981796           0  0.00260543  -0.0140974
  0.0109685 -0.00260543           0  0.00337466
  -0.021641   0.0140974 -0.00337466           0
Repeater1[0]<--->EndNode1[0]
REAL
   0.447989   0.0134505   0.0138887    0.243035
  0.0134505    0.140083   0.0331973   0.0145563
  0.0138887   0.0331973    0.116505 -0.00396884
   0.243035   0.0145563 -0.00396884    0.295423
IMAGINARY
          0  8.0418e-05 -0.00777307  -0.0117713
-8.0418e-05           0   -0.013758 -0.00903889
 0.00777307    0.013758           0   0.0129955
  0.0117713  0.00903889  -0.0129955           0
Repeater1[0]<--->HoM1[0]
REAL
  0.459211  0.0131716  0.0013026   0.318346
 0.0131716        0.1 0.00963874  0.0160273
 0.0013026 0.00963874        0.1  0.0144279
  0.318346  0.0160273  0.0144279   0.340789
IMAGINARY
          0  -0.0109685  0.00981796    0.021641
  0.0109685           0 -0.00260543  0.00337466
-0.00981796  0.00260543           0  -0.0140974
  -0.021641 -0.00337466   0.0140974           0
EndNode1[0]<--->Repeater1[0]
REAL
   0.474868   0.0166614 -0.00383325     0.26563
  0.0166614    0.109788   0.0203474  0.00198823
-0.00383325   0.0203474    0.100529 -0.00620632
    0.26563  0.00198823 -0.00620632    0.314815
IMAGINARY
          0  -0.0392544  -0.0230582  -0.0100236
  0.0392544           0   0.0151916  0.00823341
  0.0230582  -0.0151916           0  0.00690942
  0.0100236 -0.00823341 -0.00690942           0
EndNode2[0]<--->HoM1[0]
REAL
  0.437346   0.001875  0.0191146   0.316867
  0.001875  0.0896806  0.0181329 -0.0303646
 0.0191146  0.0181329  0.0835381   0.001875
  0.316867 -0.0303646   0.001875   0.389435
IMAGINARY
           0  -0.00347106   -0.0110793   0.00237273
  0.00347106            0    0.0308701  0.000952752
   0.0110793   -0.0308701            0 -0.000326407
 -0.00237273 -0.000952752  0.000326407            0
Repeater1[0]<--->EndNode1[0]
REAL
   0.474868 -0.00383325   0.0166614     0.26563
-0.00383325    0.100529   0.0203474 -0.00620632
  0.0166614   0.0203474    0.109788  0.00198823
    0.26563 -0.00620632  0.00198823    0.314815
IMAGINARY
          0  -0.0230582  -0.0392544  -0.0100236
  0.0230582           0  -0.0151916  0.00690942
  0.0392544   0.0151916           0  0.00823341
  0.0100236 -0.00690942 -0.00823341           0
Repeater1[0]<--->HoM1[0]
REAL
  0.437346  0.0191146   0.001875   0.316867
 0.0191146  0.0835381  0.0181329   0.001875
  0.001875  0.0181329  0.0896806 -0.0303646
  0.316867   0.001875 -0.0303646   0.389435
IMAGINARY
           0   -0.0110793  -0.00347106   0.00237273
   0.0110793            0   -0.0308701 -0.000326407
  0.00347106    0.0308701            0  0.000952752
 -0.00237273  0.000326407 -0.000952752            0
EndNode1[0]<--->Repeater1[0]
REAL
   0.459873 -6.3802e-05  0.00454737    0.260936
-6.3802e-05    0.118471   0.0127263  0.00574069
 0.00454737   0.0127263    0.121019  0.00898013
   0.260936  0.00574069  0.00898013    0.300637
IMAGINARY
           0    0.0159733    0.0114033  0.000348474
  -0.0159733            0   -0.0145972   -0.0125967
  -0.0114033    0.0145972            0    0.0031198
-0.000348474    0.0125967   -0.0031198            0
EndNode2[0]<--->HoM1[0]
REAL
   0.448871   0.0207281   0.0165556    0.313797
  0.0207281   0.0969456   0.0034745   0.0253718
  0.0165556   0.0034745   0.0810093 -0.00883825
   0.313797   0.0253718 -0.00883825    0.373174
IMAGINARY
          0  0.00872221   0.0133319  0.00113158
-0.00872221           0 -0.00757488 -0.00494483
 -0.0133319  0.00757488           0  0.00224553
-0.00113158  0.00494483 -0.00224553           0
Repeater1[0]<--->EndNode1[0]
REAL
   0.459873  0.00454737 -6.3802e-05    0.260936
 0.00454737    0.121019   0.0127263  0.00898013
-6.3802e-05   0.0127263    0.118471  0.00574069
   0.260936  0.00898013  0.00574069    0.300637
IMAGINARY
           0    0.0114033    0.0159733  0.000348474
  -0.0114033            0    0.0145972    0.0031198
  -0.0159733   -0.0145972            0   -0.0125967
-0.000348474   -0.0031198    0.0125967            0
Repeater1[0]<--->HoM1[0]
REAL
   0.448871   0.0165556   0.0207281    0.313797
  0.0165556   0.0810093   0.0034745 -0.00883825
  0.0207281   0.0034745   0.0969456   0.0253718
   0.313797 -0.00883825   0.0253718    0.373174
IMAGINARY
          0   0.0133319  0.00872221  0.00113158
 -0.0133319           0  0.00757488  0.00224553
-0.00872221 -0.00757488           0 -0.00494483
-0.00113158 -0.00224553  0.00494483           0
EndNode1[0]<--->Repeater1[0]
REAL
     0.4801 -0.00479561  -0.0112245    0.265251
-0.00479561    0.103234  -0.0065442  0.00376184
 -0.0112245  -0.0065442    0.151741  -0.0151049
   0.265251  0.00376184  -0.0151049    0.264925
IMAGINARY
           0   0.00834367 -0.000707453    0.0062042
 -0.00834367            0   -0.0190876    0.0122459
 0.000707453    0.0190876            0   -0.0198821
  -0.0062042   -0.0122459    0.0198821            0
EndNode2[0]<--->HoM1[0]
REAL
   0.476427 5.78931e-05   0.0349102    0.325314
5.78931e-05   0.0818859   0.0071325 -0.00964425
  0.0349102   0.0071325   0.0806452   0.0145698
   0.325314 -0.00964425   0.0145698    0.361042
IMAGINARY
          0 -0.00314073   0.0265866   0.0107362
 0.00314073           0  -0.0107362  -0.0069122
 -0.0265866   0.0107362           0  -0.0056788
 -0.0107362   0.0069122   0.0056788           0
Repeater1[0]<--->EndNode1[0]
REAL
     0.4801  -0.0112245 -0.00479561    0.265251
 -0.0112245    0.151741  -0.0065442  -0.0151049
-0.00479561  -0.0065442    0.103234  0.00376184
   0.265251  -0.0151049  0.00376184    0.264925
IMAGINARY
           0 -0.000707453   0.00834367    0.0062042
 0.000707453            0    0.0190876   -0.0198821
 -0.00834367   -0.0190876            0    0.0122459
  -0.0062042    0.0198821   -0.0122459            0
Repeater1[0]<--->HoM1[0]
REAL
   0.476427   0.0349102 5.78931e-05    0.325314
  0.0349102   0.0806452   0.0071325   0.0145698
5.78931e-05   0.0071325   0.0818859 -0.00964425
   0.325314   0.0145698 -0.00964425    0.361042
IMAGINARY
          0   0.0265866 -0.00314073   0.0107362
 -0.0265866           0   0.0107362  -0.0056788
 0.00314073  -0.0107362           0  -0.0069122
 -0.0107362   0.0056788   0.0069122           0
EndNode1[0]<--->Repeater1[0]
REAL
    0.45568  0.00689432  -0.0104162    0.254253
 0.00689432    0.126092 -0.00193512 -0.00349104
 -0.0104162 -0.00193512     0.11985  -0.0115301
   0.254253 -0.00349104  -0.0115301    0.298377
IMAGINARY
          0   0.0107543   0.0105458    0.017284
 -0.0107543           0   -0.017284  -0.0130211
 -0.0105458    0.017284           0  0.00285956
  -0.017284   0.0130211 -0.00285956           0
EndNode2[0]<--->HoM1[0]
REAL
   0.461245  -0.0128024  -0.0261056    0.302964
 -0.0128024    0.113088  0.00320927   0.0075871
 -0.0261056  0.00320927   0.0736976 -0.00695067
   0.302964   0.0075871 -0.00695067     0.35197
IMAGINARY
          0  -0.0226335  -0.0124876   0.0134499
  0.0226335           0 -0.00521162 -0.00716844
  0.0124876  0.00521162           0    0.011577
 -0.0134499  0.00716844   -0.011577           0
Repeater1[0]<--->EndNode1[0]
REAL
    0.45568  -0.0104162  0.00689432    0.254253
 -0.0104162     0.11985 -0.00193512  -0.0115301
 0.00689432 -0.00193512    0.126092 -0.00349104
   0.254253  -0.0115301 -0.00349104    0.298377
IMAGINARY
          0   0.0105458   0.0107543    0.017284
 -0.0105458           0    0.017284  0.00285956
 -0.0107543   -0.017284           0  -0.0130211
  -0.017284 -0.00285956   0.0130211           0
Repeater1[0]<--->HoM1[0]
REAL
   0.461245  -0.0261056  -0.0128024    0.302964
 -0.0261056   0.0736976  0.00320927 -0.00695067
 -0.0128024  0.00320927    0.113088   0.0075871
   0.302964 -0.00695067   0.0075871     0.35197
IMAGINARY
          0  -0.0124876  -0.0226335   0.0134499
  0.0124876           0  0.00521162    0.011577
  0.0226335 -0.00521162           0 -0.00716844
 -0.0134499   -0.011577  0.00716844           0
EndNode1[0]<--->Repeater1[0]
REAL
   0.476129 -0.00156838  0.00376412    0.248664
-0.00156838    0.113548   0.0167057 -0.00313676
 0.00376412   0.0167057    0.101935 -0.00156838
   0.248664 -0.00313676 -0.00156838    0.308387
IMAGINARY
           0   0.00249396  -0.00161376    -0.013346
 -0.00249396            0  -0.00425507 -0.000963562
  0.00161376   0.00425507            0   -0.0231125
    0.013346  0.000963562    0.0231125            0
EndNode2[0]<--->HoM1[0]
REAL
  0.462338 -0.0217656 0.00557551   0.317144
-0.0217656  0.0792208  0.0181815 0.00305662
0.00557551  0.0181815  0.0974026 0.00118127
  0.317144 0.00305662 0.00118127   0.361039
IMAGINARY
          0   0.0120236   0.0238771 -0.00769551
 -0.0120236           0  -0.0242194 -0.00507031
 -0.0238771   0.0242194           0  -0.0217512
 0.00769551  0.00507031   0.0217512           0
Repeater1[0]<--->EndNode1[0]
REAL
   0.476129  0.00376412 -0.00156838    0.248664
 0.00376412    0.101935   0.0167057 -0.00156838
-0.00156838   0.0167057    0.113548 -0.00313676
   0.248664 -0.00156838 -0.00313676    0.308387
IMAGINARY
           0  -0.00161376   0.00249396    -0.013346
  0.00161376            0   0.00425507   -0.0231125
 -0.00249396  -0.00425507            0 -0.000963562
    0.013346    0.0231125  0.000963562            0
Repeater1[0]<--->HoM1[0]
REAL
  0.462338 0.00557551 -0.0217656   0.317144
0.00557551  0.0974026  0.0181815 0.00118127
-0.0217656  0.0181815  0.0792208 0.00305662
  0.317144 0.00118127 0.00305662   0.361039
IMAGINARY
          0   0.0238771   0.0120236 -0.00769551
 -0.0238771           0   0.0242194  -0.0217512
 -0.0120236  -0.0242194           0 -0.00507031
 0.00769551   0.0217512  0.00507031           0
EndNode1[0]<--->Repeater1[0]
REAL
   0.48802   0.020803 0.00268421   0.262043
  0.020803   0.110971  0.0145807  0.0193937
0.00268421  0.0145807   0.128625  0.0116646
  0.262043  0.0193937  0.0116646   0.272383
IMAGINARY
          0   0.0137267   0.0142292   0.0130485
 -0.0137267           0 -0.00680713  0.00353734
 -0.0142292  0.00680713           0  -0.0073815
 -0.0130485 -0.00353734   0.0073815           0
EndNode2[0]<--->HoM1[0]
REAL
   0.501319  -0.0197664 -0.00145174    0.319976
 -0.0197664   0.0831135   0.0106909  -0.0265483
-0.00145174   0.0106909   0.0897098  -0.0149002
   0.319976  -0.0265483  -0.0149002    0.325858
IMAGINARY
          0  0.00247372  0.00231618 -0.00366891
-0.00247372           0 -0.00950549 -0.00921706
-0.00231618  0.00950549           0   0.0119554
 0.00366891  0.00921706  -0.0119554           0
Repeater1[0]<--->EndNode1[0]
REAL
   0.48802 0.00268421   0.020803   0.262043
0.00268421   0.128625  0.0145807  0.0116646
  0.020803  0.0145807   0.110971  0.0193937
  0.262043  0.0116646  0.0193937   0.272383
IMAGINARY
          0   0.0142292   0.0137267   0.0130485
 -0.0142292           0  0.00680713  -0.0073815
 -0.0137267 -0.00680713           0  0.00353734
 -0.0130485   0.0073815 -0.00353734           0
Repeater1[0]<--->HoM1[0]
REAL
   0.501319 -0.00145174  -0.0197664    0.319976
-0.00145174   0.0897098   0.0106909  -0.0149002
 -0.0197664   0.0106909   0.0831135  -0.0265483
   0.319976  -0.0149002  -0.0265483    0.325858
IMAGINARY
          0  0.00231618  0.00247372 -0.00366891
-0.00231618           0  0.00950549   0.0119554
-0.00247372 -0.00950549           0 -0.00921706
 0.00366891  -0.0119554  0.00921706           0
EndNode1[0]<--->Repeater1[0]
REAL
  0.479401  0.0128485 -0.0112174   0.249341
 0.0128485   0.127341  0.0131055  0.0346883
-0.0112174  0.0131055   0.121099 0.00635495
  0.249341  0.0346883 0.00635495    0.27216
IMAGINARY
           0    0.0240377  0.000547731   -0.0342654
  -0.0240377            0    0.0078138   -0.0216745
-0.000547731   -0.0078138            0    0.0226972
   0.0342654    0.0216745   -0.0226972            0
EndNode2[0]<--->HoM1[0]
REAL
   0.449275   0.0156462 -0.00660415    0.316086
  0.0156462   0.0777339   0.0359617 -0.00594539
-0.00660415   0.0359617    0.110672  -0.0123437
   0.316086 -0.00594539  -0.0123437    0.362319
IMAGINARY
          0 -0.00620429   0.0142431 -0.00536391
 0.00620429           0   0.0100873  -0.0148642
 -0.0142431  -0.0100873           0 -0.00435472
 0.00536391   0.0148642  0.00435472           0
Repeater1[0]<--->EndNode1[0]
REAL
  0.479401 -0.0112174  0.0128485   0.249341
-0.0112174   0.121099  0.0131055 0.00635495
 0.0128485  0.0131055   0.127341  0.0346883
  0.249341 0.00635495  0.0346883    0.27216
IMAGINARY
           0  0.000547731    0.0240377   -0.0342654
-0.000547731            0   -0.0078138    0.0226972
  -0.0240377    0.0078138            0   -0.0216745
   0.0342654   -0.0226972    0.0216745            0
Repeater1[0]<--->HoM1[0]
REAL
   0.449275 -0.00660415   0.0156462    0.316086
-0.00660415    0.110672   0.0359617  -0.0123437
  0.0156462   0.0359617   0.0777339 -0.00594539
   0.316086  -0.0123437 -0.00594539    0.362319
IMAGINARY
          0   0.0142431 -0.00620429 -0.00536391
 -0.0142431           0  -0.0100873 -0.00435472
 0.00620429   0.0100873           0  -0.0148642
 0.00536391  0.00435472   0.0148642           0
EndNode1[0]<--->Repeater1[0]
REAL
   0.472798   0.0217028  -0.0120361    0.278676
  0.0217028    0.115285   0.0067691 -0.00490246
 -0.0120361   0.0067691     0.11658 -0.00727373
   0.278676 -0.00490246 -0.00727373    0.295337
IMAGINARY
          0  0.00259509    0.015589  -0.0193088
-0.00259509           0 -0.00366421  0.00631826
  -0.015589  0.00366421           0 -0.00774973
  0.0193088 -0.00631826  0.00774973           0
EndNode2[0]<--->HoM1[0]
REAL
   0.443717   0.0136187 -0.00256107    0.314703
  0.0136187   0.0798429   0.0192789 0.000615547
-0.00256107   0.0192789   0.0759162 -0.00518807
   0.314703 0.000615547 -0.00518807    0.400524
IMAGINARY
          0 -0.00817417  0.00210348   0.0150712
 0.00817417           0  0.00513742  0.00395305
-0.00210348 -0.00513742           0   0.0128848
 -0.0150712 -0.00395305  -0.0128848           0
Repeater1[0]<--->EndNode1[0]
REAL
   0.472798  -0.0120361   0.0217028    0.278676
 -0.0120361     0.11658   0.0067691 -0.00727373
  0.0217028   0.0067691    0.115285 -0.00490246
   0.278676 -0.00727373 -0.00490246    0.295337
IMAGINARY
          0    0.015589  0.00259509  -0.0193088
  -0.015589           0  0.00366421 -0.00774973
-0.00259509 -0.00366421           0  0.00631826
  0.0193088  0.00774973 -0.00631826           0
Repeater1[0]<--->HoM1[0]
REAL
   0.443717 -0.00256107   0.0136187    0.314703
-0.00256107   0.0759162   0.0192789 -0.00518807
  0.0136187   0.0192789   0.0798429 0.000615547
   0.314703 -0.00518807 0.000615547    0.400524
IMAGINARY
          0  0.00210348 -0.00817417   0.0150712
-0.00210348           0 -0.00513742   0.0128848
 0.00817417  0.00513742           0  0.00395305
 -0.0150712  -0.0128848 -0.00395305           0
EndNode1[0]<--->Repeater1[0]
REAL
    0.481682    0.0102705 -0.000745077      0.25762
   0.0102705    0.0990502   0.00761997   -0.0193587
-0.000745077   0.00761997     0.128901   -0.0212951
     0.25762   -0.0193587   -0.0212951     0.290366
IMAGINARY
           0  -0.00401967    0.0146934   0.00346618
  0.00401967            0  0.000265159   0.00530663
  -0.0146934 -0.000265159            0   -0.0209803
 -0.00346618  -0.00530663    0.0209803            0
EndNode2[0]<--->HoM1[0]
REAL
   0.432292   0.0249852   0.0255648    0.308376
  0.0249852    0.106771   0.0175347 0.000750947
  0.0255648   0.0175347    0.105469   0.0134763
   0.308376 0.000750947   0.0134763    0.355469
IMAGINARY
          0 -0.00518022   0.0182732 -0.00627843
 0.00518022           0 -0.00328441   0.0176179
 -0.0182732  0.00328441           0   0.0150812
 0.00627843  -0.0176179  -0.0150812           0
Repeater1[0]<--->EndNode1[0]
REAL
    0.481682 -0.000745077    0.0102705      0.25762
-0.000745077     0.128901   0.00761997   -0.0212951
   0.0102705   0.00761997    0.0990502   -0.0193587
     0.25762   -0.0212951   -0.0193587     0.290366
IMAGINARY
           0    0.0146934  -0.00401967   0.00346618
  -0.0146934            0 -0.000265159   -0.0209803
  0.00401967  0.000265159            0   0.00530663
 -0.00346618    0.0209803  -0.00530663            0
Repeater1[0]<--->HoM1[0]
REAL
   0.432292   0.0255648   0.0249852    0.308376
  0.0255648    0.105469   0.0175347   0.0134763
  0.0249852   0.0175347    0.106771 0.000750947
   0.308376   0.0134763 0.000750947    0.355469
IMAGINARY
          0   0.0182732 -0.00518022 -0.00627843
 -0.0182732           0  0.00328441   0.0150812
 0.00518022 -0.00328441           0   0.0176179
 0.00627843  -0.0150812  -0.0176179           0
EndNode1[0]<--->Repeater1[0]
REAL
   0.469543 -0.00662566  0.00133262    0.249987
-0.00662566    0.111675 -0.00620593  -0.0224769
 0.00133262 -0.00620593    0.133249  -0.0120311
   0.249987  -0.0224769  -0.0120311    0.285533
IMAGINARY
          0   0.0151066  0.00923297  0.00619164
 -0.0151066           0 -0.00552229  -0.0111886
-0.00923297  0.00552229           0   0.0194436
-0.00619164   0.0111886  -0.0194436           0
EndNode2[0]<--->HoM1[0]
REAL
   0.466427 -0.00133479  0.00831863    0.297338
-0.00133479    0.117506   0.0128992 -0.00270065
 0.00831863   0.0128992    0.088729  0.00195901
   0.297338 -0.00270065  0.00195901    0.327338
IMAGINARY
          0   0.0206524  0.00224072   0.0115652
 -0.0206524           0    0.012809 -0.00224072
-0.00224072   -0.012809           0  0.00868432
 -0.0115652  0.00224072 -0.00868432           0
Repeater1[0]<--->EndNode1[0]
REAL
   0.469543  0.00133262 -0.00662566    0.249987
 0.00133262    0.133249 -0.00620593  -0.0120311
-0.00662566 -0.00620593    0.111675  -0.0224769
   0.249987  -0.0120311  -0.0224769    0.285533
IMAGINARY
          0  0.00923297   0.0151066  0.00619164
-0.00923297           0  0.00552229   0.0194436
 -0.0151066 -0.00552229           0  -0.0111886
-0.00619164  -0.0194436   0.0111886           0
Repeater1[0]<--->HoM1[0]
REAL
   0.466427  0.00831863 -0.00133479    0.297338
 0.00831863    0.088729   0.0128992  0.00195901
-0.00133479   0.0128992    0.117506 -0.00270065
   0.297338  0.00195901 -0.00270065    0.327338
IMAGINARY
          0  0.00224072   0.0206524   0.0115652
-0.00224072           0   -0.012809  0.00868432
 -0.0206524    0.012809           0 -0.00224072
 -0.0115652 -0.00868432  0.00224072           0
EndNode1[0]<--->Repeater1[0]
REAL
    0.45393 0.000324122 -0.00569052     0.23518
0.000324122    0.117886   0.0167089 -0.00438504
-0.00569052   0.0167089    0.127371  -0.0217347
    0.23518 -0.00438504  -0.0217347    0.300813
IMAGINARY
         0  0.0318054 -0.0266558 -0.0113724
-0.0318054          0 -0.0036603  0.0158278
 0.0266558  0.0036603          0  0.0236086
 0.0113724 -0.0158278 -0.0236086          0
EndNode2[0]<--->HoM1[0]
REAL
   0.455145   0.0159345  0.00487056    0.322091
  0.0159345    0.085752  0.00180848 -0.00675735
 0.00487056  0.00180848   0.0976253 -0.00272699
   0.322091 -0.00675735 -0.00272699    0.361478
IMAGINARY
          0  0.00141498  -0.0103647   0.0113521
-0.00141498           0   0.0188148  0.00715549
  0.0103647  -0.0188148           0  -0.0213123
 -0.0113521 -0.00715549   0.0213123           0
Repeater1[0]<--->EndNode1[0]
REAL
    0.45393 -0.00569052 0.000324122     0.23518
-0.00569052    0.127371   0.0167089  -0.0217347
0.000324122   0.0167089    0.117886 -0.00438504
    0.23518  -0.0217347 -0.00438504    0.300813
IMAGINARY
         0 -0.0266558  0.0318054 -0.0113724
 0.0266558          0  0.0036603  0.0236086
-0.0318054 -0.0036603          0  0.0158278
 0.0113724 -0.0236086 -0.0158278          0
Repeater1[0]<--->HoM1[0]
REAL
   0.455145  0.00487056   0.0159345    0.322091
 0.00487056   0.0976253  0.00180848 -0.00272699
  0.0159345  0.00180848    0.085752 -0.00675735
   0.322091 -0.00272699 -0.00675735    0.361478
IMAGINARY
          0  -0.0103647  0.00141498   0.0113521
  0.0103647           0  -0.0188148  -0.0213123
-0.00141498   0.0188148           0  0.00715549
 -0.0113521   0.0213123 -0.00715549           0
EndNode1[0]<--->Repeater1[0]
REAL
  0.445312 -0.0124479 0.00575749   0.266866
-0.0124479   0.123698  0.0301571 0.00439136
0.00575749  0.0301571   0.117188  0.0198904
  0.266866 0.00439136  0.0198904   0.313802
IMAGINARY
          0  -0.0084711  -0.0167808  -0.0141176
  0.0084711           0  0.00367377  -0.0161306
  0.0167808 -0.00367377           0 -0.00418713
  0.0141176   0.0161306  0.00418713           0
EndNode2[0]<--->HoM1[0]
REAL
  0.433121 0.00466625  0.0133066   0.307201
0.00466625   0.109554 -0.0048605  0.0159521
 0.0133066 -0.0048605   0.089172   0.019391
  0.307201  0.0159521   0.019391   0.368153
IMAGINARY
          0  0.00781716  -0.0014644  -0.0113501
-0.00781716           0 -0.00356563  -0.0244823
  0.0014644  0.00356563           0  0.00410429
  0.0113501   0.0244823 -0.00410429           0
Repeater1[0]<--->EndNode1[0]
REAL
  0.445312 0.00575749 -0.0124479   0.266866
0.00575749   0.117188  0.0301571  0.0198904
-0.0124479  0.0301571   0.123698 0.00439136
  0.266866  0.0198904 0.00439136   0.313802
IMAGINARY
          0  -0.0167808  -0.0084711  -0.0141176
  0.0167808           0 -0.00367377 -0.00418713
  0.0084711  0.00367377           0  -0.0161306
  0.0141176  0.00418713   0.0161306           0
Repeater1[0]<--->HoM1[0]
REAL
  0.433121  0.0133066 0.00466625   0.307201
 0.0133066   0.089172 -0.0048605   0.019391
0.00466625 -0.0048605   0.109554  0.0159521
  0.307201   0.019391  0.0159521   0.368153
IMAGINARY
          0  -0.0014644  0.00781716  -0.0113501
  0.0014644           0  0.00356563  0.00410429
-0.00781716 -0.00356563           0  -0.0244823
  0.0113501 -0.00410429   0.0244823           0
EndNode1[0]<--->Repeater1[0]
REAL
  0.477387 -0.0112822 -0.0145698    0.28129
-0.0112822    0.11809  0.0112637 0.00659105
-0.0145698  0.0112637  0.0967337 -0.0232923
   0.28129 0.00659105 -0.0232923   0.307789
IMAGINARY
           0 -0.000645995   -0.0316308    0.0140974
 0.000645995            0     0.019934 -0.000668975
   0.0316308    -0.019934            0 -0.000645995
  -0.0140974  0.000668975  0.000645995            0
EndNode2[0]<--->HoM1[0]
REAL
   0.488682   0.0198223 -0.00132417    0.315038
  0.0198223   0.0798935   0.0130457 -0.00261283
-0.00132417   0.0130457   0.0825566  0.00904913
   0.315038 -0.00261283  0.00904913    0.348868
IMAGINARY
          0   0.0101679 -0.00437158  -0.0240684
 -0.0101679           0   0.0119619 -0.00372307
 0.00437158  -0.0119619           0 -0.00829993
  0.0240684  0.00372307  0.00829993           0
Repeater1[0]<--->EndNode1[0]
REAL
  0.477387 -0.0145698 -0.0112822    0.28129
-0.0145698  0.0967337  0.0112637 -0.0232923
-0.0112822  0.0112637    0.11809 0.00659105
   0.28129 -0.0232923 0.00659105   0.307789
IMAGINARY
           0   -0.0316308 -0.000645995    0.0140974
   0.0316308            0    -0.019934 -0.000645995
 0.000645995     0.019934            0 -0.000668975
  -0.0140974  0.000645995  0.000668975            0
Repeater1[0]<--->HoM1[0]
REAL
   0.488682 -0.00132417   0.0198223    0.315038
-0.00132417   0.0825566   0.0130457  0.00904913
  0.0198223   0.0130457   0.0798935 -0.00261283
   0.315038  0.00904913 -0.00261283    0.348868
IMAGINARY
          0 -0.00437158   0.0101679  -0.0240684
 0.00437158           0  -0.0119619 -0.00829993
 -0.0101679   0.0119619           0 -0.00372307
  0.0240684  0.00829993  0.00372307           0
EndNode1[0]<--->Repeater1[0]
REAL
   0.473973  0.00150797  -0.0114621    0.261695
 0.00150797    0.112329  0.00859356   0.0176519
 -0.0114621  0.00859356     0.10274 -0.00219573
   0.261695   0.0176519 -0.00219573    0.310959
IMAGINARY
          0 -0.00746898  0.00847966 -0.00227904
 0.00746898           0   0.0120067   0.0250191
-0.00847966  -0.0120067           0  -0.0223077
 0.00227904  -0.0250191   0.0223077           0
EndNode2[0]<--->HoM1[0]
REAL
   0.433249   0.0186517   0.0428584    0.300255
  0.0186517    0.103275  0.00815009 -0.00886578
  0.0428584  0.00815009   0.0906801 -0.00567267
   0.300255 -0.00886578 -0.00567267    0.372796
IMAGINARY
          0   0.0132112 -0.00745857 -0.00461477
 -0.0132112           0  -0.0174353 -0.00438354
 0.00745857   0.0174353           0  0.00915718
 0.00461477  0.00438354 -0.00915718           0
Repeater1[0]<--->EndNode1[0]
REAL
   0.473973  -0.0114621  0.00150797    0.261695
 -0.0114621     0.10274  0.00859356 -0.00219573
 0.00150797  0.00859356    0.112329   0.0176519
   0.261695 -0.00219573   0.0176519    0.310959
IMAGINARY
          0  0.00847966 -0.00746898 -0.00227904
-0.00847966           0  -0.0120067  -0.0223077
 0.00746898   0.0120067           0   0.0250191
 0.00227904   0.0223077  -0.0250191           0
Repeater1[0]<--->HoM1[0]
REAL
   0.433249   0.0428584   0.0186517    0.300255
  0.0428584   0.0906801  0.00815009 -0.00567267
  0.0186517  0.00815009    0.103275 -0.00886578
   0.300255 -0.00567267 -0.00886578    0.372796
IMAGINARY
          0 -0.00745857   0.0132112 -0.00461477
 0.00745857           0   0.0174353  0.00915718
 -0.0132112  -0.0174353           0 -0.00438354
 0.00461477 -0.00915718  0.00438354           0
EndNode1[0]<--->Repeater1[0]
REAL
   0.481297  -0.0082649  -0.0075404    0.255281
 -0.0082649   0.0910224   0.0149211 -0.00887374
 -0.0075404   0.0149211    0.147132  0.00700227
   0.255281 -0.00887374  0.00700227    0.280549
IMAGINARY
          0 -0.00691321   0.0170693   0.0168495
 0.00691321           0 -0.00701986  -0.0132133
 -0.0170693  0.00701986           0   0.0133399
 -0.0168495   0.0132133  -0.0133399           0
EndNode2[0]<--->HoM1[0]
REAL
   0.449871 -0.00259354   0.0125658    0.329216
-0.00259354    0.100257   0.0266516  -0.0100148
  0.0125658   0.0266516    0.092545   0.0140731
   0.329216  -0.0100148   0.0140731    0.357326
IMAGINARY
          0  -0.0138158    0.004876 -0.00828871
  0.0138158           0  -0.0108929   0.0130727
  -0.004876   0.0108929           0   0.0138158
 0.00828871  -0.0130727  -0.0138158           0
Repeater1[0]<--->EndNode1[0]
REAL
   0.481297  -0.0075404  -0.0082649    0.255281
 -0.0075404    0.147132   0.0149211  0.00700227
 -0.0082649   0.0149211   0.0910224 -0.00887374
   0.255281  0.00700227 -0.00887374    0.280549
IMAGINARY
          0   0.0170693 -0.00691321   0.0168495
 -0.0170693           0  0.00701986   0.0133399
 0.00691321 -0.00701986           0  -0.0132133
 -0.0168495  -0.0133399   0.0132133           0
Repeater1[0]<--->HoM1[0]
REAL
   0.449871   0.0125658 -0.00259354    0.329216
  0.0125658    0.092545   0.0266516   0.0140731
-0.00259354   0.0266516    0.100257  -0.0100148
   0.329216   0.0140731  -0.0100148    0.357326
IMAGINARY
          0    0.004876  -0.0138158 -0.00828871
  -0.004876           0   0.0108929   0.0138158
  0.0138158  -0.0108929           0   0.0130727
 0.00828871  -0.0138158  -0.0130727           0
EndNode1[0]<--->Repeater1[0]
REAL
    0.48103 0.000898327  0.00621849    0.268551
0.000898327    0.108401  0.00384561 -0.00742915
 0.00621849  0.00384561    0.135501   0.0245254
   0.268551 -0.00742915   0.0245254    0.275068
IMAGINARY
          0  -0.0110625   0.0267082  -0.0206105
  0.0110625           0  -0.0180398  -0.0219202
 -0.0267082   0.0180398           0  0.00627454
  0.0206105   0.0219202 -0.00627454           0
EndNode2[0]<--->HoM1[0]
REAL
   0.509926  0.00348189  -0.0104137    0.304851
 0.00348189     0.08933 -0.00102354  0.00562905
 -0.0104137 -0.00102354   0.0831266 -0.00348189
   0.304851  0.00562905 -0.00348189    0.317618
IMAGINARY
          0  0.00926663 -0.00320614  0.00451571
-0.00926663           0   0.0179945 -0.00381813
 0.00320614  -0.0179945           0  0.00542047
-0.00451571  0.00381813 -0.00542047           0
Repeater1[0]<--->EndNode1[0]
REAL
    0.48103  0.00621849 0.000898327    0.268551
 0.00621849    0.135501  0.00384561   0.0245254
0.000898327  0.00384561    0.108401 -0.00742915
   0.268551   0.0245254 -0.00742915    0.275068
IMAGINARY
          0   0.0267082  -0.0110625  -0.0206105
 -0.0267082           0   0.0180398  0.00627454
  0.0110625  -0.0180398           0  -0.0219202
  0.0206105 -0.00627454   0.0219202           0
Repeater1[0]<--->HoM1[0]
REAL
   0.509926  -0.0104137  0.00348189    0.304851
 -0.0104137   0.0831266 -0.00102354 -0.00348189
 0.00348189 -0.00102354     0.08933  0.00562905
   0.304851 -0.00348189  0.00562905    0.317618
IMAGINARY
          0 -0.00320614  0.00926663  0.00451571
 0.00320614           0  -0.0179945  0.00542047
-0.00926663   0.0179945           0 -0.00381813
-0.00451571 -0.00542047  0.00381813           0
EndNode1[0]<--->Repeater1[0]
REAL
    0.44875 -0.00277993  0.00436424     0.25599
-0.00277993     0.11625  0.00146794  -0.0114978
 0.00436424  0.00146794      0.1175   0.0176956
    0.25599  -0.0114978   0.0176956      0.3175
IMAGINARY
          0  0.00169105  0.00545012    0.012601
-0.00169105           0 -0.00348647 -0.00157415
-0.00545012  0.00348647           0   -0.010735
  -0.012601  0.00157415    0.010735           0
EndNode2[0]<--->HoM1[0]
REAL
  0.462516 0.00896168  0.0192582   0.315254
0.00896168   0.100381  0.0215815 0.00113737
 0.0192582  0.0215815  0.0851334 0.00896168
  0.315254 0.00113737 0.00896168    0.35197
IMAGINARY
          0 -0.00852416   0.0140367   0.0148363
 0.00852416           0 -0.00753215  0.00178176
 -0.0140367  0.00753215           0 -0.00179221
 -0.0148363 -0.00178176  0.00179221           0
Repeater1[0]<--->EndNode1[0]
REAL
    0.44875  0.00436424 -0.00277993     0.25599
 0.00436424      0.1175  0.00146794   0.0176956
-0.00277993  0.00146794     0.11625  -0.0114978
    0.25599   0.0176956  -0.0114978      0.3175
IMAGINARY
          0  0.00545012  0.00169105    0.012601
-0.00545012           0  0.00348647   -0.010735
-0.00169105 -0.00348647           0 -0.00157415
  -0.012601    0.010735  0.00157415           0
Repeater1[0]<--->HoM1[0]
REAL
  0.462516  0.0192582 0.00896168   0.315254
 0.0192582  0.0851334  0.0215815 0.00896168
0.00896168  0.0215815   0.100381 0.00113737
  0.315254 0.00896168 0.00113737    0.35197
IMAGINARY
          0   0.0140367 -0.00852416   0.0148363
 -0.0140367           0  0.00753215 -0.00179221
 0.00852416 -0.00753215           0  0.00178176
 -0.0148363  0.00179221 -0.00178176           0
EndNode1[0]<--->Repeater1[0]
REAL
    0.480159    0.0045262   0.00224231     0.268238
   0.0045262     0.100529  -0.00233513   -0.0060591
  0.00224231  -0.00233513     0.100529 -0.000709404
    0.268238   -0.0060591 -0.000709404     0.318783
IMAGINARY
          0 -0.00720268   0.0087298  0.00590988
 0.00720268           0 -0.00652793 -0.00748291
 -0.0087298  0.00652793           0 -0.00651303
-0.00590988  0.00748291  0.00651303           0
EndNode2[0]<--->HoM1[0]
REAL
   0.445026 -0.00649915  -0.0221466    0.305306
-0.00649915   0.0955497   0.0214867  -0.0110063
 -0.0221466   0.0214867    0.102094  -0.0104156
   0.305306  -0.0110063  -0.0104156     0.35733
IMAGINARY
          0   0.0107191 -0.00397878 -0.00644775
 -0.0107191           0 -0.00338026 -0.00397878
 0.00397878  0.00338026           0  0.00386977
 0.00644775  0.00397878 -0.00386977           0
Repeater1[0]<--->EndNode1[0]
REAL
    0.480159   0.00224231    0.0045262     0.268238
  0.00224231     0.100529  -0.00233513 -0.000709404
   0.0045262  -0.00233513     0.100529   -0.0060591
    0.268238 -0.000709404   -0.0060591     0.318783
IMAGINARY
          0   0.0087298 -0.00720268  0.00590988
 -0.0087298           0  0.00652793 -0.00651303
 0.00720268 -0.00652793           0 -0.00748291
-0.00590988  0.00651303  0.00748291           0
Repeater1[0]<--->HoM1[0]
REAL
   0.445026  -0.0221466 -0.00649915    0.305306
 -0.0221466    0.102094   0.0214867  -0.0104156
-0.00649915   0.0214867   0.0955497  -0.0110063
   0.305306  -0.0104156  -0.0110063     0.35733
IMAGINARY
          0 -0.00397878   0.0107191 -0.00644775
 0.00397878           0  0.00338026  0.00386977
 -0.0107191 -0.00338026           0 -0.00397878
 0.00644775 -0.00386977  0.00397878           0
EndNode1[0]<--->Repeater1[0]
REAL
    0.465982  0.000637755  -0.00156685     0.260536
 0.000637755     0.112965   0.00930487    0.0121489
 -0.00156685   0.00930487     0.130937 -0.000637755
    0.260536    0.0121489 -0.000637755     0.290116
IMAGINARY
          0  -0.0142634   0.0211201  0.00221184
  0.0142634           0  -0.0123384  -0.0149624
 -0.0211201   0.0123384           0   0.0105688
-0.00221184   0.0149624  -0.0105688           0
EndNode2[0]<--->HoM1[0]
REAL
   0.461153 -0.00845361  0.00208665    0.315441
-0.00845361    0.093985   0.0033513   0.0052959
 0.00208665   0.0033513   0.0914787  -0.0096672
   0.315441   0.0052959  -0.0096672    0.353383
IMAGINARY
          0  -0.0113857 -0.00551722 -0.00951374
  0.0113857           0  0.00563777 -0.00171011
 0.00551722 -0.00563777           0  0.00415835
 0.00951374  0.00171011 -0.00415835           0
Repeater1[0]<--->EndNode1[0]
REAL
    0.465982  -0.00156685  0.000637755     0.260536
 -0.00156685     0.130937   0.00930487 -0.000637755
 0.000637755   0.00930487     0.112965    0.0121489
    0.260536 -0.000637755    0.0121489     0.290116
IMAGINARY
          0   0.0211201  -0.0142634  0.00221184
 -0.0211201           0   0.0123384   0.0105688
  0.0142634  -0.0123384           0  -0.0149624
-0.00221184  -0.0105688   0.0149624           0
Repeater1[0]<--->HoM1[0]
REAL
   0.461153  0.00208665 -0.00845361    0.315441
 0.00208665   0.0914787   0.0033513  -0.0096672
-0.00845361   0.0033513    0.093985   0.0052959
   0.315441  -0.0096672   0.0052959    0.353383
IMAGINARY
          0 -0.00551722  -0.0113857 -0.00951374
 0.00551722           0 -0.00563777  0.00415835
  0.0113857  0.00563777           0 -0.00171011
 0.00951374 -0.00415835  0.00171011           0
EndNode1[0]<--->Repeater1[0]
REAL
  0.496799 0.00624017 0.00624017   0.254397
0.00624017   0.104994 0.00439698  0.0226543
0.00624017 0.00439698   0.120359  0.0226543
  0.254397  0.0226543  0.0226543   0.277849
IMAGINARY
          0 -0.00103515  0.00576923 -0.00977399
 0.00103515           0   0.0122554 -0.00840081
-0.00576923  -0.0122554           0   -0.004228
 0.00977399  0.00840081    0.004228           0
EndNode2[0]<--->HoM1[0]
REAL
   0.432326 -0.00380643  -0.0234718     0.31304
-0.00380643    0.088042   0.0176686 -0.00671198
 -0.0234718   0.0176686   0.0840999  -0.0119416
    0.31304 -0.00671198  -0.0119416    0.395532
IMAGINARY
          0   -0.016351 -0.00993343   0.0214822
   0.016351           0    0.011252  0.00201626
 0.00993343   -0.011252           0  0.00721584
 -0.0214822 -0.00201626 -0.00721584           0
Repeater1[0]<--->EndNode1[0]
REAL
  0.496799 0.00624017 0.00624017   0.254397
0.00624017   0.120359 0.00439698  0.0226543
0.00624017 0.00439698   0.104994  0.0226543
  0.254397  0.0226543  0.0226543   0.277849
IMAGINARY
          0  0.00576923 -0.00103515 -0.00977399
-0.00576923           0  -0.0122554   -0.004228
 0.00103515   0.0122554           0 -0.00840081
 0.00977399    0.004228  0.00840081           0
Repeater1[0]<--->HoM1[0]
REAL
   0.432326  -0.0234718 -0.00380643     0.31304
 -0.0234718   0.0840999   0.0176686  -0.0119416
-0.00380643   0.0176686    0.088042 -0.00671198
    0.31304  -0.0119416 -0.00671198    0.395532
IMAGINARY
          0 -0.00993343   -0.016351   0.0214822
 0.00993343           0   -0.011252  0.00721584
   0.016351    0.011252           0  0.00201626
 -0.0214822 -0.00721584 -0.00201626           0
EndNode1[0]<--->Repeater1[0]
REAL
   0.468541  0.00647824 -0.00415016    0.264622
 0.00647824     0.11245   0.0226868 -0.00348791
-0.00415016   0.0226868    0.116466  0.00586019
   0.264622 -0.00348791  0.00586019    0.302544
IMAGINARY
           0   -0.0112987   0.00580228  -0.00594041
   0.0112987            0  0.000148902   0.00903643
 -0.00580228 -0.000148902            0   0.00162124
  0.00594041  -0.00903643  -0.00162124            0
EndNode2[0]<--->HoM1[0]
REAL
    0.460277    0.0110432 -0.000577261     0.320165
   0.0110432    0.0996217   0.00502816    0.0121454
-0.000577261   0.00502816    0.0794451  -0.00204579
    0.320165    0.0121454  -0.00204579     0.360656
IMAGINARY
          0 -0.00468036   0.0201414    0.011226
 0.00468036           0 -0.00654054  0.00343184
 -0.0201414  0.00654054           0  0.00716175
  -0.011226 -0.00343184 -0.00716175           0
