EndNode1[0]<--->Repeater1[0]
REAL
  0.454305 -0.0047679  0.0108319   0.345364
-0.0047679  0.0569536  0.0249822 -0.0204597
 0.0108319  0.0249822  0.0635762 -0.0112783
  0.345364 -0.0204597 -0.0112783   0.425166
IMAGINARY
           0   0.00897062   -0.0134184   0.00615108
 -0.00897062            0    0.0161261  -0.00505291
   0.0134184   -0.0161261            0  0.000583522
 -0.00615108   0.00505291 -0.000583522            0
EndNode2[0]<--->HoM1[0]
REAL
    0.44664 -0.00249185  0.00191964    0.345991
-0.00249185   0.0658762   0.0122562  0.00710098
 0.00191964   0.0122562   0.0764163   0.0140898
   0.345991  0.00710098   0.0140898    0.411067
IMAGINARY
          0  0.00524353 -0.00522901  -0.0149544
-0.00524353           0  -0.0278651 -0.00320472
 0.00522901   0.0278651           0 -0.00644835
  0.0149544  0.00320472  0.00644835           0
Repeater1[0]<--->EndNode1[0]
REAL
  0.454305  0.0108319 -0.0047679   0.345364
 0.0108319  0.0635762  0.0249822 -0.0112783
-0.0047679  0.0249822  0.0569536 -0.0204597
  0.345364 -0.0112783 -0.0204597   0.425166
IMAGINARY
           0   -0.0134184   0.00897062   0.00615108
   0.0134184            0   -0.0161261  0.000583522
 -0.00897062    0.0161261            0  -0.00505291
 -0.00615108 -0.000583522   0.00505291            0
Repeater1[0]<--->HoM1[0]
REAL
    0.44664  0.00191964 -0.00249185    0.345991
 0.00191964   0.0764163   0.0122562   0.0140898
-0.00249185   0.0122562   0.0658762  0.00710098
   0.345991   0.0140898  0.00710098    0.411067
IMAGINARY
          0 -0.00522901  0.00524353  -0.0149544
 0.00522901           0   0.0278651 -0.00644835
-0.00524353  -0.0278651           0 -0.00320472
  0.0149544  0.00644835  0.00320472           0
EndNode1[0]<--->Repeater1[0]
REAL
 0.474801 0.0156488   0.01103  0.349869
0.0156488 0.0636605 0.0294198 0.0264541
  0.01103 0.0294198 0.0689655 0.0103995
 0.349869 0.0264541 0.0103995  0.392573
IMAGINARY
           0   0.00432025    0.0376216   0.00464896
 -0.00432025            0  0.000832163  -0.00146198
  -0.0376216 -0.000832163            0   -0.0230235
 -0.00464896   0.00146198    0.0230235            0
EndNode2[0]<--->HoM1[0]
REAL
   0.432161 -0.00413225  0.00245091    0.352126
-0.00413225   0.0552764   0.0448967  -0.0036916
 0.00245091   0.0448967   0.0665829  0.00661364
   0.352126  -0.0036916  0.00661364     0.44598
IMAGINARY
          0  0.00302554  0.00368588  0.00725757
-0.00302554           0 -0.00418254 -0.00301653
-0.00368588  0.00418254           0 -0.00369489
-0.00725757  0.00301653  0.00369489           0
Repeater1[0]<--->EndNode1[0]
REAL
 0.474801   0.01103 0.0156488  0.349869
  0.01103 0.0689655 0.0294198 0.0103995
0.0156488 0.0294198 0.0636605 0.0264541
 0.349869 0.0103995 0.0264541  0.392573
IMAGINARY
           0    0.0376216   0.00432025   0.00464896
  -0.0376216            0 -0.000832163   -0.0230235
 -0.00432025  0.000832163            0  -0.00146198
 -0.00464896    0.0230235   0.00146198            0
Repeater1[0]<--->HoM1[0]
REAL
   0.432161  0.00245091 -0.00413225    0.352126
 0.00245091   0.0665829   0.0448967  0.00661364
-0.00413225   0.0448967   0.0552764  -0.0036916
   0.352126  0.00661364  -0.0036916     0.44598
IMAGINARY
          0  0.00368588  0.00302554  0.00725757
-0.00368588           0  0.00418254 -0.00369489
-0.00302554 -0.00418254           0 -0.00301653
-0.00725757  0.00369489  0.00301653           0
EndNode1[0]<--->Repeater1[0]
REAL
   0.42068  0.0274295  0.0203298   0.357733
 0.0274295  0.0651558  0.0200302 0.00242701
 0.0203298  0.0200302  0.0679887   0.010932
  0.357733 0.00242701   0.010932   0.446176
IMAGINARY
          0   0.0223306 -0.00076034   0.0038565
 -0.0223306           0  -0.0113753  0.00762676
 0.00076034   0.0113753           0  -0.0067251
 -0.0038565 -0.00762676   0.0067251           0
EndNode2[0]<--->HoM1[0]
REAL
  0.444034  0.0113069   0.018543   0.344258
 0.0113069  0.0553506  0.0315034 -0.0313323
  0.018543  0.0315034  0.0664207 -0.0143519
  0.344258 -0.0313323 -0.0143519   0.434194
IMAGINARY
          0 -0.00506534 -0.00235069  0.00683479
 0.00506534           0  -0.0221801    0.022025
 0.00235069   0.0221801           0  0.00167321
-0.00683479   -0.022025 -0.00167321           0
Repeater1[0]<--->EndNode1[0]
REAL
   0.42068  0.0203298  0.0274295   0.357733
 0.0203298  0.0679887  0.0200302   0.010932
 0.0274295  0.0200302  0.0651558 0.00242701
  0.357733   0.010932 0.00242701   0.446176
IMAGINARY
          0 -0.00076034   0.0223306   0.0038565
 0.00076034           0   0.0113753  -0.0067251
 -0.0223306  -0.0113753           0  0.00762676
 -0.0038565   0.0067251 -0.00762676           0
Repeater1[0]<--->HoM1[0]
REAL
  0.444034   0.018543  0.0113069   0.344258
  0.018543  0.0664207  0.0315034 -0.0143519
 0.0113069  0.0315034  0.0553506 -0.0313323
  0.344258 -0.0143519 -0.0313323   0.434194
IMAGINARY
          0 -0.00235069 -0.00506534  0.00683479
 0.00235069           0   0.0221801  0.00167321
 0.00506534  -0.0221801           0    0.022025
-0.00683479 -0.00167321   -0.022025           0
EndNode1[0]<--->Repeater1[0]
REAL
   0.424119   0.0265767  0.00800523    0.340922
  0.0265767   0.0663957   0.0264886 4.92933e-05
 0.00800523   0.0264886   0.0813008   -0.017283
   0.340922 4.92933e-05   -0.017283    0.428184
IMAGINARY
          0  -0.0218108   0.0194409   0.0283247
  0.0218108           0  0.00781192  0.00633229
 -0.0194409 -0.00781192           0  -0.0245809
 -0.0283247 -0.00633229   0.0245809           0
EndNode2[0]<--->HoM1[0]
REAL
   0.416352  -0.0142275 -0.00576305     0.34739
 -0.0142275   0.0880503    0.029919  -0.0100681
-0.00576305    0.029919   0.0628931  0.00235414
    0.34739  -0.0100681  0.00235414    0.432704
IMAGINARY
          0  0.00220288 -0.00807788  -0.0139428
-0.00220288           0 -0.00669639  0.00742599
 0.00807788  0.00669639           0  -0.0171964
  0.0139428 -0.00742599   0.0171964           0
Repeater1[0]<--->EndNode1[0]
REAL
   0.424119  0.00800523   0.0265767    0.340922
 0.00800523   0.0813008   0.0264886   -0.017283
  0.0265767   0.0264886   0.0663957 4.92933e-05
   0.340922   -0.017283 4.92933e-05    0.428184
IMAGINARY
          0   0.0194409  -0.0218108   0.0283247
 -0.0194409           0 -0.00781192  -0.0245809
  0.0218108  0.00781192           0  0.00633229
 -0.0283247   0.0245809 -0.00633229           0
Repeater1[0]<--->HoM1[0]
REAL
   0.416352 -0.00576305  -0.0142275     0.34739
-0.00576305   0.0628931    0.029919  0.00235414
 -0.0142275    0.029919   0.0880503  -0.0100681
    0.34739  0.00235414  -0.0100681    0.432704
IMAGINARY
          0 -0.00807788  0.00220288  -0.0139428
 0.00807788           0  0.00669639  -0.0171964
-0.00220288 -0.00669639           0  0.00742599
  0.0139428   0.0171964 -0.00742599           0
EndNode1[0]<--->Repeater1[0]
REAL
   0.430809 -0.00846718  -0.0380915    0.347508
-0.00846718   0.0561358   0.0327392 -0.00758752
 -0.0380915   0.0327392   0.0613577   -0.031039
   0.347508 -0.00758752   -0.031039    0.451697
IMAGINARY
          0  0.00514515 -0.00103446  0.00538715
-0.00514515           0 -0.00740057  0.00916963
 0.00103446  0.00740057           0  -0.0207897
-0.00538715 -0.00916963   0.0207897           0
EndNode2[0]<--->HoM1[0]
REAL
   0.425978 -0.00271585  0.00705521     0.34855
-0.00271585   0.0837989   0.0312045  0.00705521
 0.00705521   0.0312045   0.0446927   0.0119183
    0.34855  0.00705521   0.0119183    0.445531
IMAGINARY
          0   0.0239278 -0.00197367  0.00590501
 -0.0239278           0  0.00141207  -0.0039396
 0.00197367 -0.00141207           0   0.0148369
-0.00590501   0.0039396  -0.0148369           0
Repeater1[0]<--->EndNode1[0]
REAL
   0.430809  -0.0380915 -0.00846718    0.347508
 -0.0380915   0.0613577   0.0327392   -0.031039
-0.00846718   0.0327392   0.0561358 -0.00758752
   0.347508   -0.031039 -0.00758752    0.451697
IMAGINARY
          0 -0.00103446  0.00514515  0.00538715
 0.00103446           0  0.00740057  -0.0207897
-0.00514515 -0.00740057           0  0.00916963
-0.00538715   0.0207897 -0.00916963           0
Repeater1[0]<--->HoM1[0]
REAL
   0.425978  0.00705521 -0.00271585     0.34855
 0.00705521   0.0446927   0.0312045   0.0119183
-0.00271585   0.0312045   0.0837989  0.00705521
    0.34855   0.0119183  0.00705521    0.445531
IMAGINARY
          0 -0.00197367   0.0239278  0.00590501
 0.00197367           0 -0.00141207   0.0148369
 -0.0239278  0.00141207           0  -0.0039396
-0.00590501  -0.0148369   0.0039396           0
EndNode1[0]<--->Repeater1[0]
REAL
   0.438802  -0.0170622  0.00597774    0.342742
 -0.0170622   0.0690104    0.020182  -0.0203381
 0.00597774    0.020182   0.0755208 -0.00904743
   0.342742  -0.0203381 -0.00904743    0.416667
IMAGINARY
          0  0.00381417 -0.00134247 -0.00398275
-0.00381417           0 -0.00900427  -0.0145004
 0.00134247  0.00900427           0 -0.00825017
 0.00398275   0.0145004  0.00825017           0
EndNode2[0]<--->HoM1[0]
REAL
   0.429293  -0.0175732 -0.00691613    0.349168
 -0.0175732   0.0618687   0.0296195 -0.00560034
-0.00691613   0.0296195   0.0782828 -0.00284845
   0.349168 -0.00560034 -0.00284845    0.430556
IMAGINARY
           0   0.00196677 -6.40989e-05   -0.0169217
 -0.00196677            0   -0.0122612   0.00632976
 6.40989e-05    0.0122612            0    0.0193365
   0.0169217  -0.00632976   -0.0193365            0
Repeater1[0]<--->EndNode1[0]
REAL
   0.438802  0.00597774  -0.0170622    0.342742
 0.00597774   0.0755208    0.020182 -0.00904743
 -0.0170622    0.020182   0.0690104  -0.0203381
   0.342742 -0.00904743  -0.0203381    0.416667
IMAGINARY
          0 -0.00134247  0.00381417 -0.00398275
 0.00134247           0  0.00900427 -0.00825017
-0.00381417 -0.00900427           0  -0.0145004
 0.00398275  0.00825017   0.0145004           0
Repeater1[0]<--->HoM1[0]
REAL
   0.429293 -0.00691613  -0.0175732    0.349168
-0.00691613   0.0782828   0.0296195 -0.00284845
 -0.0175732   0.0296195   0.0618687 -0.00560034
   0.349168 -0.00284845 -0.00560034    0.430556
IMAGINARY
           0 -6.40989e-05   0.00196677   -0.0169217
 6.40989e-05            0    0.0122612    0.0193365
 -0.00196677   -0.0122612            0   0.00632976
   0.0169217   -0.0193365  -0.00632976            0
EndNode1[0]<--->Repeater1[0]
REAL
   0.436709  -0.0125625   0.0114165    0.351257
 -0.0125625    0.064557   0.0168455  -0.0255484
  0.0114165   0.0168455   0.0772152 -0.00426114
   0.351257  -0.0255484 -0.00426114    0.421519
IMAGINARY
           0 -0.000843827   -0.0200142    0.0164213
 0.000843827            0   -0.0276202   0.00901807
   0.0200142    0.0276202            0   -0.0140333
  -0.0164213  -0.00901807    0.0140333            0
EndNode2[0]<--->HoM1[0]
REAL
  0.429134 -0.0078329   0.013216   0.357664
-0.0078329  0.0643045  0.0212024  0.0125572
  0.013216  0.0212024  0.0826772  0.0078329
  0.357664  0.0125572  0.0078329   0.423885
IMAGINARY
          0  0.00233001  -0.0029883   0.0211954
-0.00233001           0  -0.0156739  0.00432878
  0.0029883   0.0156739           0  0.00169144
 -0.0211954 -0.00432878 -0.00169144           0
Repeater1[0]<--->EndNode1[0]
REAL
   0.436709   0.0114165  -0.0125625    0.351257
  0.0114165   0.0772152   0.0168455 -0.00426114
 -0.0125625   0.0168455    0.064557  -0.0255484
   0.351257 -0.00426114  -0.0255484    0.421519
IMAGINARY
           0   -0.0200142 -0.000843827    0.0164213
   0.0200142            0    0.0276202   -0.0140333
 0.000843827   -0.0276202            0   0.00901807
  -0.0164213    0.0140333  -0.00901807            0
Repeater1[0]<--->HoM1[0]
REAL
  0.429134   0.013216 -0.0078329   0.357664
  0.013216  0.0826772  0.0212024  0.0078329
-0.0078329  0.0212024  0.0643045  0.0125572
  0.357664  0.0078329  0.0125572   0.423885
IMAGINARY
          0  -0.0029883  0.00233001   0.0211954
  0.0029883           0   0.0156739  0.00169144
-0.00233001  -0.0156739           0  0.00432878
 -0.0211954 -0.00169144 -0.00432878           0
EndNode1[0]<--->Repeater1[0]
REAL
    0.447165     0.011721   0.00779805      0.35108
    0.011721     0.060567    0.0373915   0.00222702
  0.00779805    0.0373915    0.0502577 -0.000442848
     0.35108   0.00222702 -0.000442848      0.44201
IMAGINARY
         0  -0.014161 -0.0083725 -0.0149286
  0.014161          0  0.0215953  0.0128085
 0.0083725 -0.0215953          0  0.0109924
 0.0149286 -0.0128085 -0.0109924          0
EndNode2[0]<--->HoM1[0]
REAL
  0.464474 0.00702427  0.0106732   0.351969
0.00702427  0.0723684  0.0356426  0.0180624
 0.0106732  0.0356426  0.0526316  0.0242656
  0.351969  0.0180624  0.0242656   0.410526
IMAGINARY
           0   -0.0122449 -0.000614861 -0.000560688
   0.0122449            0   0.00325611  -0.00958922
 0.000614861  -0.00325611            0   0.00204082
 0.000560688   0.00958922  -0.00204082            0
Repeater1[0]<--->EndNode1[0]
REAL
    0.447165   0.00779805     0.011721      0.35108
  0.00779805    0.0502577    0.0373915 -0.000442848
    0.011721    0.0373915     0.060567   0.00222702
     0.35108 -0.000442848   0.00222702      0.44201
IMAGINARY
         0 -0.0083725  -0.014161 -0.0149286
 0.0083725          0 -0.0215953  0.0109924
  0.014161  0.0215953          0  0.0128085
 0.0149286 -0.0109924 -0.0128085          0
Repeater1[0]<--->HoM1[0]
REAL
  0.464474  0.0106732 0.00702427   0.351969
 0.0106732  0.0526316  0.0356426  0.0242656
0.00702427  0.0356426  0.0723684  0.0180624
  0.351969  0.0242656  0.0180624   0.410526
IMAGINARY
           0 -0.000614861   -0.0122449 -0.000560688
 0.000614861            0  -0.00325611   0.00204082
   0.0122449   0.00325611            0  -0.00958922
 0.000560688  -0.00204082   0.00958922            0
EndNode1[0]<--->Repeater1[0]
REAL
   0.437086 0.000621985 -0.00940611    0.344067
0.000621985   0.0768212    0.016082  -0.0240097
-0.00940611    0.016082   0.0569536  -0.0352755
   0.344067  -0.0240097  -0.0352755    0.429139
IMAGINARY
          0 -0.00851862  0.00478177  0.00461564
 0.00851862           0 -0.00833773   -0.020828
-0.00478177  0.00833773           0  0.00659307
-0.00461564    0.020828 -0.00659307           0
EndNode2[0]<--->HoM1[0]
REAL
    0.395078   -0.0200315    0.0233127     0.356314
  -0.0200315    0.0634715    0.0393041   -0.0220241
   0.0233127    0.0393041    0.0725389 -0.000587056
    0.356314   -0.0220241 -0.000587056     0.468912
IMAGINARY
          0 -0.00713681 -0.00583625 -0.00513971
 0.00713681           0  0.00705542   0.0174342
 0.00583625 -0.00705542           0  -0.0147704
 0.00513971  -0.0174342   0.0147704           0
Repeater1[0]<--->EndNode1[0]
REAL
   0.437086 -0.00940611 0.000621985    0.344067
-0.00940611   0.0569536    0.016082  -0.0352755
0.000621985    0.016082   0.0768212  -0.0240097
   0.344067  -0.0352755  -0.0240097    0.429139
IMAGINARY
          0  0.00478177 -0.00851862  0.00461564
-0.00478177           0  0.00833773  0.00659307
 0.00851862 -0.00833773           0   -0.020828
-0.00461564 -0.00659307    0.020828           0
Repeater1[0]<--->HoM1[0]
REAL
    0.395078    0.0233127   -0.0200315     0.356314
   0.0233127    0.0725389    0.0393041 -0.000587056
  -0.0200315    0.0393041    0.0634715   -0.0220241
    0.356314 -0.000587056   -0.0220241     0.468912
IMAGINARY
          0 -0.00583625 -0.00713681 -0.00513971
 0.00583625           0 -0.00705542  -0.0147704
 0.00713681  0.00705542           0   0.0174342
 0.00513971   0.0147704  -0.0174342           0
EndNode1[0]<--->Repeater1[0]
REAL
   0.427284  0.00833031   0.0102233    0.352847
 0.00833031    0.047619   0.0347934 -0.00335691
  0.0102233   0.0347934   0.0707851  -0.0114514
   0.352847 -0.00335691  -0.0114514    0.454311
IMAGINARY
          0 -0.00239954  -0.0114904  -0.0247532
 0.00239954           0  0.00703166   0.0136061
  0.0114904 -0.00703166           0   0.0186196
  0.0247532  -0.0136061  -0.0186196           0
EndNode2[0]<--->HoM1[0]
REAL
   0.442384  0.00901313  0.00541242     0.35979
 0.00901313   0.0768212   0.0299248 -0.00727116
 0.00541242   0.0299248   0.0582781  -0.0245026
    0.35979 -0.00727116  -0.0245026    0.422517
IMAGINARY
          0  -0.0077186  0.00266571  -0.0130605
  0.0077186           0 -0.00725405 -0.00694968
-0.00266571  0.00725405           0  -0.0161492
  0.0130605  0.00694968   0.0161492           0
Repeater1[0]<--->EndNode1[0]
REAL
   0.427284   0.0102233  0.00833031    0.352847
  0.0102233   0.0707851   0.0347934  -0.0114514
 0.00833031   0.0347934    0.047619 -0.00335691
   0.352847  -0.0114514 -0.00335691    0.454311
IMAGINARY
          0  -0.0114904 -0.00239954  -0.0247532
  0.0114904           0 -0.00703166   0.0186196
 0.00239954  0.00703166           0   0.0136061
  0.0247532  -0.0186196  -0.0136061           0
Repeater1[0]<--->HoM1[0]
REAL
   0.442384  0.00541242  0.00901313     0.35979
 0.00541242   0.0582781   0.0299248  -0.0245026
 0.00901313   0.0299248   0.0768212 -0.00727116
    0.35979  -0.0245026 -0.00727116    0.422517
IMAGINARY
          0  0.00266571  -0.0077186  -0.0130605
-0.00266571           0  0.00725405  -0.0161492
  0.0077186 -0.00725405           0 -0.00694968
  0.0130605   0.0161492  0.00694968           0
EndNode1[0]<--->Repeater1[0]
REAL
   0.464052 -0.00752713  0.00957729    0.355357
-0.00752713    0.069281   0.0342621  -0.0168046
 0.00957729   0.0342621   0.0509804 -0.00495644
   0.355357  -0.0168046 -0.00495644    0.415686
IMAGINARY
          0 -0.00544451 -0.00895639  -0.0114825
 0.00544451           0  -0.0146272  0.00294838
 0.00895639   0.0146272           0   0.0221334
  0.0114825 -0.00294838  -0.0221334           0
EndNode2[0]<--->HoM1[0]
REAL
   0.433653 0.000481648  -0.0069065    0.353065
0.000481648   0.0465116   0.0195217    0.011411
 -0.0069065   0.0195217   0.0889193 -0.00498615
   0.353065    0.011411 -0.00498615    0.430917
IMAGINARY
          0 -0.00339856  -0.0101393  -0.0153075
 0.00339856           0 -0.00767389 -0.00436263
  0.0101393  0.00767389           0   0.0128563
  0.0153075  0.00436263  -0.0128563           0
Repeater1[0]<--->EndNode1[0]
REAL
   0.464052  0.00957729 -0.00752713    0.355357
 0.00957729   0.0509804   0.0342621 -0.00495644
-0.00752713   0.0342621    0.069281  -0.0168046
   0.355357 -0.00495644  -0.0168046    0.415686
IMAGINARY
          0 -0.00895639 -0.00544451  -0.0114825
 0.00895639           0   0.0146272   0.0221334
 0.00544451  -0.0146272           0  0.00294838
  0.0114825  -0.0221334 -0.00294838           0
Repeater1[0]<--->HoM1[0]
REAL
   0.433653  -0.0069065 0.000481648    0.353065
 -0.0069065   0.0889193   0.0195217 -0.00498615
0.000481648   0.0195217   0.0465116    0.011411
   0.353065 -0.00498615    0.011411    0.430917
IMAGINARY
          0  -0.0101393 -0.00339856  -0.0153075
  0.0101393           0  0.00767389   0.0128563
 0.00339856 -0.00767389           0 -0.00436263
  0.0153075  -0.0128563  0.00436263           0
EndNode1[0]<--->Repeater1[0]
REAL
   0.441406 -0.00534887  0.00438962    0.347909
-0.00534887   0.0742188   0.0260093 -0.00129938
 0.00438962   0.0260093   0.0585938   0.0109113
   0.347909 -0.00129938   0.0109113    0.425781
IMAGINARY
           0   0.00330515   0.00333122   -0.0172679
 -0.00330515            0   -0.0062923   0.00458435
 -0.00333122    0.0062923            0  0.000652632
   0.0172679  -0.00458435 -0.000652632            0
EndNode2[0]<--->HoM1[0]
REAL
   0.433766   0.0157603 -0.00841292    0.349345
  0.0157603    0.074026   0.0320987   0.0200109
-0.00841292   0.0320987   0.0675325 -0.00673969
   0.349345   0.0200109 -0.00673969    0.424675
IMAGINARY
          0   0.0030581  -0.0098053   -0.030496
 -0.0030581           0   0.0214521  0.00401379
  0.0098053  -0.0214521           0   0.0207514
   0.030496 -0.00401379  -0.0207514           0
Repeater1[0]<--->EndNode1[0]
REAL
   0.441406  0.00438962 -0.00534887    0.347909
 0.00438962   0.0585938   0.0260093   0.0109113
-0.00534887   0.0260093   0.0742188 -0.00129938
   0.347909   0.0109113 -0.00129938    0.425781
IMAGINARY
           0   0.00333122   0.00330515   -0.0172679
 -0.00333122            0    0.0062923  0.000652632
 -0.00330515   -0.0062923            0   0.00458435
   0.0172679 -0.000652632  -0.00458435            0
Repeater1[0]<--->HoM1[0]
REAL
   0.433766 -0.00841292   0.0157603    0.349345
-0.00841292   0.0675325   0.0320987 -0.00673969
  0.0157603   0.0320987    0.074026   0.0200109
   0.349345 -0.00673969   0.0200109    0.424675
IMAGINARY
          0  -0.0098053   0.0030581   -0.030496
  0.0098053           0  -0.0214521   0.0207514
 -0.0030581   0.0214521           0  0.00401379
   0.030496  -0.0207514 -0.00401379           0
EndNode1[0]<--->Repeater1[0]
REAL
   0.445679 -0.00732552 -0.00193609    0.354101
-0.00732552   0.0666667   0.0253859 -0.00447416
-0.00193609   0.0253859   0.0765432  0.00604347
   0.354101 -0.00447416  0.00604347    0.411111
IMAGINARY
          0 -0.00622817 -0.00434475 -0.00928838
 0.00622817           0   0.0181268 -0.00699026
 0.00434475  -0.0181268           0  -0.0101446
 0.00928838  0.00699026   0.0101446           0
EndNode2[0]<--->HoM1[0]
REAL
   0.449612   0.0129927 -0.00247437    0.329755
  0.0129927   0.0645995   0.0146076  -0.0012021
-0.00247437   0.0146076   0.0813953  0.00661515
   0.329755  -0.0012021  0.00661515    0.404393
IMAGINARY
          0   0.0141207  0.00832677  0.00884897
 -0.0141207           0    0.022401 -0.00511753
-0.00832677   -0.022401           0 -0.00706033
-0.00884897  0.00511753  0.00706033           0
Repeater1[0]<--->EndNode1[0]
REAL
   0.445679 -0.00193609 -0.00732552    0.354101
-0.00193609   0.0765432   0.0253859  0.00604347
-0.00732552   0.0253859   0.0666667 -0.00447416
   0.354101  0.00604347 -0.00447416    0.411111
IMAGINARY
          0 -0.00434475 -0.00622817 -0.00928838
 0.00434475           0  -0.0181268  -0.0101446
 0.00622817   0.0181268           0 -0.00699026
 0.00928838   0.0101446  0.00699026           0
Repeater1[0]<--->HoM1[0]
REAL
   0.449612 -0.00247437   0.0129927    0.329755
-0.00247437   0.0813953   0.0146076  0.00661515
  0.0129927   0.0146076   0.0645995  -0.0012021
   0.329755  0.00661515  -0.0012021    0.404393
IMAGINARY
          0  0.00832677   0.0141207  0.00884897
-0.00832677           0   -0.022401 -0.00706033
 -0.0141207    0.022401           0 -0.00511753
-0.00884897  0.00706033  0.00511753           0
EndNode1[0]<--->Repeater1[0]
REAL
   0.426719  -0.0017518  0.00474737     0.35476
 -0.0017518   0.0713359   0.0388011 -0.00934659
 0.00474737   0.0388011   0.0700389 -0.00678959
    0.35476 -0.00934659 -0.00678959    0.431907
IMAGINARY
          0 -0.00512511  -0.0088536  0.00027704
 0.00512511           0   0.0130648   0.0069231
  0.0088536  -0.0130648           0  -0.0071014
-0.00027704  -0.0069231   0.0071014           0
EndNode2[0]<--->HoM1[0]
REAL
   0.419231  -0.0293394  -0.0360891    0.365639
 -0.0293394   0.0705128   0.0276943 -0.00391089
 -0.0360891   0.0276943   0.0871795 -0.00799396
   0.365639 -0.00391089 -0.00799396    0.423077
IMAGINARY
          0   -0.006542  0.00728866 -0.00949086
   0.006542           0  -0.0231725   0.0104979
-0.00728866   0.0231725           0  -0.0151971
 0.00949086  -0.0104979   0.0151971           0
Repeater1[0]<--->EndNode1[0]
REAL
   0.426719  0.00474737  -0.0017518     0.35476
 0.00474737   0.0700389   0.0388011 -0.00678959
 -0.0017518   0.0388011   0.0713359 -0.00934659
    0.35476 -0.00678959 -0.00934659    0.431907
IMAGINARY
          0  -0.0088536 -0.00512511  0.00027704
  0.0088536           0  -0.0130648  -0.0071014
 0.00512511   0.0130648           0   0.0069231
-0.00027704   0.0071014  -0.0069231           0
Repeater1[0]<--->HoM1[0]
REAL
   0.419231  -0.0360891  -0.0293394    0.365639
 -0.0360891   0.0871795   0.0276943 -0.00799396
 -0.0293394   0.0276943   0.0705128 -0.00391089
   0.365639 -0.00799396 -0.00391089    0.423077
IMAGINARY
          0  0.00728866   -0.006542 -0.00949086
-0.00728866           0   0.0231725  -0.0151971
   0.006542  -0.0231725           0   0.0104979
 0.00949086   0.0151971  -0.0104979           0
EndNode1[0]<--->Repeater1[0]
REAL
  0.446615 -0.0125698  0.0024805   0.345344
-0.0125698  0.0494792  0.0117989 0.00974602
 0.0024805  0.0117989     0.0625  0.0209353
  0.345344 0.00974602  0.0209353   0.441406
IMAGINARY
          0   0.0165597   0.0142407 -0.00894542
 -0.0165597           0    -0.01702    0.010537
 -0.0142407     0.01702           0   -0.042608
 0.00894542   -0.010537    0.042608           0
EndNode2[0]<--->HoM1[0]
REAL
   0.42707  0.0264076 0.00168752   0.352608
 0.0264076  0.0670171  0.0368521 0.00602457
0.00168752  0.0368521  0.0604468 -0.0186955
  0.352608 0.00602457 -0.0186955   0.445466
IMAGINARY
          0   0.0286699   0.0220286  0.00429135
 -0.0286699           0 -0.00684889  -0.0188519
 -0.0220286  0.00684889           0 -0.00262166
-0.00429135   0.0188519  0.00262166           0
Repeater1[0]<--->EndNode1[0]
REAL
  0.446615  0.0024805 -0.0125698   0.345344
 0.0024805     0.0625  0.0117989  0.0209353
-0.0125698  0.0117989  0.0494792 0.00974602
  0.345344  0.0209353 0.00974602   0.441406
IMAGINARY
          0   0.0142407   0.0165597 -0.00894542
 -0.0142407           0     0.01702   -0.042608
 -0.0165597    -0.01702           0    0.010537
 0.00894542    0.042608   -0.010537           0
Repeater1[0]<--->HoM1[0]
REAL
   0.42707 0.00168752  0.0264076   0.352608
0.00168752  0.0604468  0.0368521 -0.0186955
 0.0264076  0.0368521  0.0670171 0.00602457
  0.352608 -0.0186955 0.00602457   0.445466
IMAGINARY
          0   0.0220286   0.0286699  0.00429135
 -0.0220286           0  0.00684889 -0.00262166
 -0.0286699 -0.00684889           0  -0.0188519
-0.00429135  0.00262166   0.0188519           0
EndNode1[0]<--->Repeater1[0]
REAL
    0.43299 -0.00258385 -0.00843672    0.340867
-0.00258385   0.0618557   0.0133267  0.00521092
-0.00843672   0.0133267    0.056701  -0.0199968
   0.340867  0.00521092  -0.0199968    0.448454
IMAGINARY
          0  -0.0112552   0.0129684   0.0268286
  0.0112552           0 -0.00921338   0.0110958
 -0.0129684  0.00921338           0  -0.0194935
 -0.0268286  -0.0110958   0.0194935           0
EndNode2[0]<--->HoM1[0]
REAL
   0.452261  -0.0120349 -0.00800355    0.342239
 -0.0120349   0.0628141   0.0419847   0.0143649
-0.00800355   0.0419847   0.0766332  0.00949034
   0.342239   0.0143649  0.00949034    0.408291
IMAGINARY
           0  0.000952479   0.00317412   0.00228617
-0.000952479            0    -0.017764   0.00445947
 -0.00317412     0.017764            0  -0.00985833
 -0.00228617  -0.00445947   0.00985833            0
Repeater1[0]<--->EndNode1[0]
REAL
    0.43299 -0.00843672 -0.00258385    0.340867
-0.00843672    0.056701   0.0133267  -0.0199968
-0.00258385   0.0133267   0.0618557  0.00521092
   0.340867  -0.0199968  0.00521092    0.448454
IMAGINARY
          0   0.0129684  -0.0112552   0.0268286
 -0.0129684           0  0.00921338  -0.0194935
  0.0112552 -0.00921338           0   0.0110958
 -0.0268286   0.0194935  -0.0110958           0
Repeater1[0]<--->HoM1[0]
REAL
   0.452261 -0.00800355  -0.0120349    0.342239
-0.00800355   0.0766332   0.0419847  0.00949034
 -0.0120349   0.0419847   0.0628141   0.0143649
   0.342239  0.00949034   0.0143649    0.408291
IMAGINARY
           0   0.00317412  0.000952479   0.00228617
 -0.00317412            0     0.017764  -0.00985833
-0.000952479    -0.017764            0   0.00445947
 -0.00228617   0.00985833  -0.00445947            0
EndNode1[0]<--->Repeater1[0]
REAL
  0.433735 -0.0040892 -0.0166686   0.340525
-0.0040892  0.0682731  0.0280252 -0.0140439
-0.0166686  0.0280252   0.064257 -0.0131098
  0.340525 -0.0140439 -0.0131098   0.433735
IMAGINARY
          0 -0.00890306 -0.00714286  0.00220799
 0.00890306           0  0.00936013  0.00714286
 0.00714286 -0.00936013           0  0.00640306
-0.00220799 -0.00714286 -0.00640306           0
EndNode2[0]<--->HoM1[0]
REAL
    0.44401 -0.00855935  -0.0159734    0.347144
-0.00855935   0.0716146   0.0403557 -0.00777664
 -0.0159734   0.0403557   0.0677083  -0.0151906
   0.347144 -0.00777664  -0.0151906    0.416667
IMAGINARY
          0  0.00798534   0.0125494  0.00793058
-0.00798534           0  0.00666796 -0.00602201
 -0.0125494 -0.00666796           0  0.00115304
-0.00793058  0.00602201 -0.00115304           0
Repeater1[0]<--->EndNode1[0]
REAL
  0.433735 -0.0166686 -0.0040892   0.340525
-0.0166686   0.064257  0.0280252 -0.0131098
-0.0040892  0.0280252  0.0682731 -0.0140439
  0.340525 -0.0131098 -0.0140439   0.433735
IMAGINARY
          0 -0.00714286 -0.00890306  0.00220799
 0.00714286           0 -0.00936013  0.00640306
 0.00890306  0.00936013           0  0.00714286
-0.00220799 -0.00640306 -0.00714286           0
Repeater1[0]<--->HoM1[0]
REAL
    0.44401  -0.0159734 -0.00855935    0.347144
 -0.0159734   0.0677083   0.0403557  -0.0151906
-0.00855935   0.0403557   0.0716146 -0.00777664
   0.347144  -0.0151906 -0.00777664    0.416667
IMAGINARY
          0   0.0125494  0.00798534  0.00793058
 -0.0125494           0 -0.00666796  0.00115304
-0.00798534  0.00666796           0 -0.00602201
-0.00793058 -0.00115304  0.00602201           0
EndNode1[0]<--->Repeater1[0]
REAL
  0.448485 0.00131905 -0.0106944   0.352197
0.00131905  0.0666667  0.0165285 -0.0015321
-0.0106944  0.0165285  0.0533333 0.00962046
  0.352197 -0.0015321 0.00962046   0.431515
IMAGINARY
          0  0.00570414   0.0074403   0.0292924
-0.00570414           0   0.0168615   0.0174005
 -0.0074403  -0.0168615           0     0.00385
 -0.0292924  -0.0174005    -0.00385           0
EndNode2[0]<--->HoM1[0]
REAL
   0.439803   0.0020127   0.0148555    0.345042
  0.0020127   0.0724816   0.0341611  -0.0167235
  0.0148555   0.0341611   0.0773956 -0.00263537
   0.345042  -0.0167235 -0.00263537    0.410319
IMAGINARY
           0  0.000500471   -0.0204007   -0.0134864
-0.000500471            0  -0.00251869   0.00226598
   0.0204007   0.00251869            0   -0.0108632
   0.0134864  -0.00226598    0.0108632            0
Repeater1[0]<--->EndNode1[0]
REAL
  0.448485 -0.0106944 0.00131905   0.352197
-0.0106944  0.0533333  0.0165285 0.00962046
0.00131905  0.0165285  0.0666667 -0.0015321
  0.352197 0.00962046 -0.0015321   0.431515
IMAGINARY
          0   0.0074403  0.00570414   0.0292924
 -0.0074403           0  -0.0168615     0.00385
-0.00570414   0.0168615           0   0.0174005
 -0.0292924    -0.00385  -0.0174005           0
Repeater1[0]<--->HoM1[0]
REAL
   0.439803   0.0148555   0.0020127    0.345042
  0.0148555   0.0773956   0.0341611 -0.00263537
  0.0020127   0.0341611   0.0724816  -0.0167235
   0.345042 -0.00263537  -0.0167235    0.410319
IMAGINARY
           0   -0.0204007  0.000500471   -0.0134864
   0.0204007            0   0.00251869   -0.0108632
-0.000500471  -0.00251869            0   0.00226598
   0.0134864    0.0108632  -0.00226598            0
EndNode1[0]<--->Repeater1[0]
REAL
   0.421376   -0.011147 -0.00275005    0.348664
  -0.011147   0.0663391   0.0298983  -0.0139786
-0.00275005   0.0298983   0.0798526  -0.0154949
   0.348664  -0.0139786  -0.0154949    0.432432
IMAGINARY
          0  0.00467477  -0.0223498  0.00798703
-0.00467477           0  0.00542293  -0.0264934
  0.0223498 -0.00542293           0   0.0326003
-0.00798703   0.0264934  -0.0326003           0
EndNode2[0]<--->HoM1[0]
REAL
   0.456774  -0.0179442 -0.00648841    0.362276
 -0.0179442   0.0554839   0.0225408  0.00779731
-0.00648841   0.0225408   0.0619355 -0.00168932
   0.362276  0.00779731 -0.00168932    0.425806
IMAGINARY
          0   0.0177416  0.00176704   0.0210938
 -0.0177416           0 -0.00394004  -0.0262703
-0.00176704  0.00394004           0   0.0107352
 -0.0210938   0.0262703  -0.0107352           0
Repeater1[0]<--->EndNode1[0]
REAL
   0.421376 -0.00275005   -0.011147    0.348664
-0.00275005   0.0798526   0.0298983  -0.0154949
  -0.011147   0.0298983   0.0663391  -0.0139786
   0.348664  -0.0154949  -0.0139786    0.432432
IMAGINARY
          0  -0.0223498  0.00467477  0.00798703
  0.0223498           0 -0.00542293   0.0326003
-0.00467477  0.00542293           0  -0.0264934
-0.00798703  -0.0326003   0.0264934           0
Repeater1[0]<--->HoM1[0]
REAL
   0.456774 -0.00648841  -0.0179442    0.362276
-0.00648841   0.0619355   0.0225408 -0.00168932
 -0.0179442   0.0225408   0.0554839  0.00779731
   0.362276 -0.00168932  0.00779731    0.425806
IMAGINARY
          0  0.00176704   0.0177416   0.0210938
-0.00176704           0  0.00394004   0.0107352
 -0.0177416 -0.00394004           0  -0.0262703
 -0.0210938  -0.0107352   0.0262703           0
EndNode1[0]<--->Repeater1[0]
REAL
   0.465206  0.00705484  0.00799335     0.34768
 0.00705484   0.0773196   0.0200041   0.0123629
 0.00799335   0.0200041    0.068299 -0.00196578
    0.34768   0.0123629 -0.00196578    0.389175
IMAGINARY
          0   0.0240551 -0.00189622 -0.00207729
 -0.0240551           0 -0.00921089  -0.0137696
 0.00189622  0.00921089           0  -0.0110003
 0.00207729   0.0137696   0.0110003           0
EndNode2[0]<--->HoM1[0]
REAL
   0.446112  -0.0128773 -0.00437981     0.34757
 -0.0128773   0.0654843   0.0208507  -0.0332142
-0.00437981   0.0208507   0.0600273  -0.0359949
    0.34757  -0.0332142  -0.0359949    0.428377
IMAGINARY
          0   0.0065656   0.0195358  -0.0047259
 -0.0065656           0  -0.0169524  0.00559644
 -0.0195358   0.0169524           0  -0.0092111
  0.0047259 -0.00559644   0.0092111           0
Repeater1[0]<--->EndNode1[0]
REAL
   0.465206  0.00799335  0.00705484     0.34768
 0.00799335    0.068299   0.0200041 -0.00196578
 0.00705484   0.0200041   0.0773196   0.0123629
    0.34768 -0.00196578   0.0123629    0.389175
IMAGINARY
          0 -0.00189622   0.0240551 -0.00207729
 0.00189622           0  0.00921089  -0.0110003
 -0.0240551 -0.00921089           0  -0.0137696
 0.00207729   0.0110003   0.0137696           0
Repeater1[0]<--->HoM1[0]
REAL
   0.446112 -0.00437981  -0.0128773     0.34757
-0.00437981   0.0600273   0.0208507  -0.0359949
 -0.0128773   0.0208507   0.0654843  -0.0332142
    0.34757  -0.0359949  -0.0332142    0.428377
IMAGINARY
          0   0.0195358   0.0065656  -0.0047259
 -0.0195358           0   0.0169524  -0.0092111
 -0.0065656  -0.0169524           0  0.00559644
  0.0047259   0.0092111 -0.00559644           0
EndNode1[0]<--->Repeater1[0]
REAL
  0.458333  0.0319154  0.0217151   0.354635
 0.0319154  0.0698529  0.0274097   0.027433
 0.0217151  0.0274097  0.0661765 0.00936899
  0.354635   0.027433 0.00936899   0.405637
IMAGINARY
           0   0.00176513    0.0182235   -0.0161355
 -0.00176513            0  0.000469685   -0.0142968
  -0.0182235 -0.000469685            0   0.00739717
   0.0161355    0.0142968  -0.00739717            0
EndNode2[0]<--->HoM1[0]
REAL
   0.43843  0.0118598 0.00895165   0.356441
 0.0118598  0.0622463  0.0367265   0.010303
0.00895165  0.0367265  0.0608931 0.00242588
  0.356441   0.010303 0.00242588    0.43843
IMAGINARY
           0   -0.0142574  0.000334309  -0.00107263
   0.0142574            0   -0.0116546   0.00550227
-0.000334309    0.0116546            0   -0.0136285
  0.00107263  -0.00550227    0.0136285            0
Repeater1[0]<--->EndNode1[0]
REAL
  0.458333  0.0217151  0.0319154   0.354635
 0.0217151  0.0661765  0.0274097 0.00936899
 0.0319154  0.0274097  0.0698529   0.027433
  0.354635 0.00936899   0.027433   0.405637
IMAGINARY
           0    0.0182235   0.00176513   -0.0161355
  -0.0182235            0 -0.000469685   0.00739717
 -0.00176513  0.000469685            0   -0.0142968
   0.0161355  -0.00739717    0.0142968            0
Repeater1[0]<--->HoM1[0]
REAL
   0.43843 0.00895165  0.0118598   0.356441
0.00895165  0.0608931  0.0367265 0.00242588
 0.0118598  0.0367265  0.0622463   0.010303
  0.356441 0.00242588   0.010303    0.43843
IMAGINARY
           0  0.000334309   -0.0142574  -0.00107263
-0.000334309            0    0.0116546   -0.0136285
   0.0142574   -0.0116546            0   0.00550227
  0.00107263    0.0136285  -0.00550227            0
EndNode1[0]<--->Repeater1[0]
REAL
    0.439374  -0.00919952 -0.000324243     0.348881
 -0.00919952    0.0795306    0.0324748  -0.00293521
-0.000324243    0.0324748    0.0638853   0.00724385
    0.348881  -0.00293521   0.00724385      0.41721
IMAGINARY
           0   0.00219759   -0.0111924    0.0224217
 -0.00219759            0   0.00168998  0.000775709
   0.0111924  -0.00168998            0   0.00952116
  -0.0224217 -0.000775709  -0.00952116            0
EndNode2[0]<--->HoM1[0]
REAL
   0.422136 -0.00357353   -0.015236    0.358992
-0.00357353   0.0682111   0.0277266  0.00481933
  -0.015236   0.0277266   0.0643501  0.00747978
   0.358992  0.00481933  0.00747978    0.445302
IMAGINARY
          0   -0.011713    0.016682 -0.00667427
   0.011713           0 -0.00733303  -0.0104785
  -0.016682  0.00733303           0 -0.00193464
 0.00667427   0.0104785  0.00193464           0
Repeater1[0]<--->EndNode1[0]
REAL
    0.439374 -0.000324243  -0.00919952     0.348881
-0.000324243    0.0638853    0.0324748   0.00724385
 -0.00919952    0.0324748    0.0795306  -0.00293521
    0.348881   0.00724385  -0.00293521      0.41721
IMAGINARY
           0   -0.0111924   0.00219759    0.0224217
   0.0111924            0  -0.00168998   0.00952116
 -0.00219759   0.00168998            0  0.000775709
  -0.0224217  -0.00952116 -0.000775709            0
Repeater1[0]<--->HoM1[0]
REAL
   0.422136   -0.015236 -0.00357353    0.358992
  -0.015236   0.0643501   0.0277266  0.00747978
-0.00357353   0.0277266   0.0682111  0.00481933
   0.358992  0.00747978  0.00481933    0.445302
IMAGINARY
          0    0.016682   -0.011713 -0.00667427
  -0.016682           0  0.00733303 -0.00193464
   0.011713 -0.00733303           0  -0.0104785
 0.00667427  0.00193464   0.0104785           0
EndNode1[0]<--->Repeater1[0]
REAL
   0.435125 -0.00409527   0.0142919    0.339038
-0.00409527   0.0629096   0.0339984  0.00272379
  0.0142919   0.0339984   0.0694626   0.0224199
   0.339038  0.00272379   0.0224199    0.432503
IMAGINARY
           0  0.000222718   -0.0137195    -0.014831
-0.000222718            0    0.0195671  -0.00750063
   0.0137195   -0.0195671            0    0.0090611
    0.014831   0.00750063   -0.0090611            0
EndNode2[0]<--->HoM1[0]
REAL
  0.421409 0.00251743 -0.0151627   0.337718
0.00251743  0.0623306  0.0366779  0.0199936
-0.0151627  0.0366779  0.0772358  0.0143908
  0.337718  0.0199936  0.0143908   0.439024
IMAGINARY
          0   0.0149929  -0.0114242  0.00835529
 -0.0149929           0   0.0294281   0.0120744
  0.0114242  -0.0294281           0 -0.00133878
-0.00835529  -0.0120744  0.00133878           0
Repeater1[0]<--->EndNode1[0]
REAL
   0.435125   0.0142919 -0.00409527    0.339038
  0.0142919   0.0694626   0.0339984   0.0224199
-0.00409527   0.0339984   0.0629096  0.00272379
   0.339038   0.0224199  0.00272379    0.432503
IMAGINARY
           0   -0.0137195  0.000222718    -0.014831
   0.0137195            0   -0.0195671    0.0090611
-0.000222718    0.0195671            0  -0.00750063
    0.014831   -0.0090611   0.00750063            0
Repeater1[0]<--->HoM1[0]
REAL
  0.421409 -0.0151627 0.00251743   0.337718
-0.0151627  0.0772358  0.0366779  0.0143908
0.00251743  0.0366779  0.0623306  0.0199936
  0.337718  0.0143908  0.0199936   0.439024
IMAGINARY
          0  -0.0114242   0.0149929  0.00835529
  0.0114242           0  -0.0294281 -0.00133878
 -0.0149929   0.0294281           0   0.0120744
-0.00835529  0.00133878  -0.0120744           0
EndNode1[0]<--->Repeater1[0]
REAL
   0.445187 -0.00963919 -0.00379818    0.350724
-0.00963919   0.0614973   0.0182499  -0.0128891
-0.00379818   0.0182499    0.078877 -0.00457589
   0.350724  -0.0128891 -0.00457589    0.414439
IMAGINARY
          0 -0.00960786 -0.00128866 -0.00668715
 0.00960786           0 -0.00157206 -0.00128866
 0.00128866  0.00157206           0 -0.00327874
 0.00668715  0.00128866  0.00327874           0
EndNode2[0]<--->HoM1[0]
REAL
  0.434383 0.00319306 -0.0198684    0.35891
0.00319306  0.0682415  0.0280462 0.00930936
-0.0198684  0.0280462  0.0734908 -0.0174788
   0.35891 0.00930936 -0.0174788   0.423885
IMAGINARY
          0  0.00493074  0.00363677  0.00528105
-0.00493074           0  -0.0273694  -0.0184516
-0.00363677   0.0273694           0  0.00371123
