EndNode1[0]<--->Repeater1[0]
REAL
   0.381208  -0.0173669 -0.00968016    0.337871
 -0.0173669    0.111409   0.0368028 -0.00468016
-0.00968016   0.0368028   0.0939597 -0.00221537
   0.337871 -0.00468016 -0.00221537    0.413423
IMAGINARY
          0   0.0172028  -0.0100881  -0.0115351
 -0.0172028           0  -0.0186318  -0.0266275
  0.0100881   0.0186318           0  0.00482657
  0.0115351   0.0266275 -0.00482657           0
EndNode2[0]<--->HoM1[0]
REAL
    0.37633   0.0165282   0.0110164    0.335732
  0.0165282   0.0890957   0.0637319  0.00909085
  0.0110164   0.0637319    0.115691 -0.00580432
   0.335732  0.00909085 -0.00580432    0.418883
IMAGINARY
          0  0.00466667  -0.0017272  -0.0253851
-0.00466667           0 -0.00460268   0.0110605
  0.0017272  0.00460268           0 -0.00466667
  0.0253851  -0.0110605  0.00466667           0
Repeater1[0]<--->EndNode1[0]
REAL
   0.381208 -0.00968016  -0.0173669    0.337871
-0.00968016   0.0939597   0.0368028 -0.00221537
 -0.0173669   0.0368028    0.111409 -0.00468016
   0.337871 -0.00221537 -0.00468016    0.413423
IMAGINARY
          0  -0.0100881   0.0172028  -0.0115351
  0.0100881           0   0.0186318  0.00482657
 -0.0172028  -0.0186318           0  -0.0266275
  0.0115351 -0.00482657   0.0266275           0
Repeater1[0]<--->HoM1[0]
REAL
    0.37633   0.0110164   0.0165282    0.335732
  0.0110164    0.115691   0.0637319 -0.00580432
  0.0165282   0.0637319   0.0890957  0.00909085
   0.335732 -0.00580432  0.00909085    0.418883
IMAGINARY
          0  -0.0017272  0.00466667  -0.0253851
  0.0017272           0  0.00460268 -0.00466667
-0.00466667 -0.00460268           0   0.0110605
  0.0253851  0.00466667  -0.0110605           0
EndNode1[0]<--->Repeater1[0]
REAL
   0.439086   0.0134461 -0.00393511    0.344358
  0.0134461   0.0964467   0.0476612  0.00510882
-0.00393511   0.0476612   0.0901015 -0.00053528
   0.344358  0.00510882 -0.00053528    0.374365
IMAGINARY
          0   0.0095975  0.00508774  0.00076618
 -0.0095975           0  0.00322318 -0.00572307
-0.00508774 -0.00322318           0 -0.00387959
-0.00076618  0.00572307  0.00387959           0
EndNode2[0]<--->HoM1[0]
REAL
   0.419608   0.0192885   0.0142458    0.334576
  0.0192885   0.0862745   0.0399674  -0.0148548
  0.0142458   0.0399674    0.100654 -0.00406316
   0.334576  -0.0148548 -0.00406316    0.393464
IMAGINARY
          0  -0.0204752 -0.00511986    0.019651
  0.0204752           0  0.00142182 -0.00450787
 0.00511986 -0.00142182           0    0.004429
  -0.019651  0.00450787   -0.004429           0
Repeater1[0]<--->EndNode1[0]
REAL
   0.439086 -0.00393511   0.0134461    0.344358
-0.00393511   0.0901015   0.0476612 -0.00053528
  0.0134461   0.0476612   0.0964467  0.00510882
   0.344358 -0.00053528  0.00510882    0.374365
IMAGINARY
          0  0.00508774   0.0095975  0.00076618
-0.00508774           0 -0.00322318 -0.00387959
 -0.0095975  0.00322318           0 -0.00572307
-0.00076618  0.00387959  0.00572307           0
Repeater1[0]<--->HoM1[0]
REAL
   0.419608   0.0142458   0.0192885    0.334576
  0.0142458    0.100654   0.0399674 -0.00406316
  0.0192885   0.0399674   0.0862745  -0.0148548
   0.334576 -0.00406316  -0.0148548    0.393464
IMAGINARY
          0 -0.00511986  -0.0204752    0.019651
 0.00511986           0 -0.00142182    0.004429
  0.0204752  0.00142182           0 -0.00450787
  -0.019651   -0.004429  0.00450787           0
EndNode1[0]<--->Repeater1[0]
REAL
   0.441476   0.0131281   0.0125661    0.346922
  0.0131281   0.0916031   0.0707252 -0.00537652
  0.0125661   0.0707252   0.0801527 -0.00463142
   0.346922 -0.00537652 -0.00463142    0.386768
IMAGINARY
          0  0.00233651   0.0109637   0.0222801
-0.00233651           0  0.00582444 -0.00126124
 -0.0109637 -0.00582444           0   0.0125406
 -0.0222801  0.00126124  -0.0125406           0
EndNode2[0]<--->HoM1[0]
REAL
  0.423077   0.009231  0.0115714   0.342838
  0.009231   0.107143  0.0537135 -0.0214236
 0.0115714  0.0537135  0.0906593 -0.0141571
  0.342838 -0.0214236 -0.0141571   0.379121
IMAGINARY
          0  0.00738707  0.00277798   0.0226148
-0.00738707           0  0.00927298  -0.0107355
-0.00277798 -0.00927298           0   0.0257694
 -0.0226148   0.0107355  -0.0257694           0
Repeater1[0]<--->EndNode1[0]
REAL
   0.441476   0.0125661   0.0131281    0.346922
  0.0125661   0.0801527   0.0707252 -0.00463142
  0.0131281   0.0707252   0.0916031 -0.00537652
   0.346922 -0.00463142 -0.00537652    0.386768
IMAGINARY
          0   0.0109637  0.00233651   0.0222801
 -0.0109637           0 -0.00582444   0.0125406
-0.00233651  0.00582444           0 -0.00126124
 -0.0222801  -0.0125406  0.00126124           0
Repeater1[0]<--->HoM1[0]
REAL
  0.423077  0.0115714   0.009231   0.342838
 0.0115714  0.0906593  0.0537135 -0.0141571
  0.009231  0.0537135   0.107143 -0.0214236
  0.342838 -0.0141571 -0.0214236   0.379121
IMAGINARY
          0  0.00277798  0.00738707   0.0226148
-0.00277798           0 -0.00927298   0.0257694
-0.00738707  0.00927298           0  -0.0107355
 -0.0226148  -0.0257694   0.0107355           0
EndNode1[0]<--->Repeater1[0]
REAL
   0.398136 0.000610562   0.0108464    0.343854
0.000610562   0.0878828   0.0253166  0.00340227
  0.0108464   0.0253166   0.0905459   0.0149335
   0.343854  0.00340227   0.0149335    0.423435
IMAGINARY
          0 -0.00665953  0.00996272  -0.0103054
 0.00665953           0  -0.0301993  0.00178662
-0.00996272   0.0301993           0  -0.0168392
  0.0103054 -0.00178662   0.0168392           0
EndNode2[0]<--->HoM1[0]
REAL
   0.393041   0.0164417 -0.00148792     0.34481
  0.0164417   0.0863402   0.0412831   0.0153952
-0.00148792   0.0412831    0.104381 -0.00518344
    0.34481   0.0153952 -0.00518344    0.416237
IMAGINARY
          0  -0.0136701 -0.00580274  -0.0104253
  0.0136701           0   0.0248907   0.0146189
 0.00580274  -0.0248907           0  0.00233505
  0.0104253  -0.0146189 -0.00233505           0
Repeater1[0]<--->EndNode1[0]
REAL
   0.398136   0.0108464 0.000610562    0.343854
  0.0108464   0.0905459   0.0253166   0.0149335
0.000610562   0.0253166   0.0878828  0.00340227
   0.343854   0.0149335  0.00340227    0.423435
IMAGINARY
          0  0.00996272 -0.00665953  -0.0103054
-0.00996272           0   0.0301993  -0.0168392
 0.00665953  -0.0301993           0  0.00178662
  0.0103054   0.0168392 -0.00178662           0
Repeater1[0]<--->HoM1[0]
REAL
   0.393041 -0.00148792   0.0164417     0.34481
-0.00148792    0.104381   0.0412831 -0.00518344
  0.0164417   0.0412831   0.0863402   0.0153952
    0.34481 -0.00518344   0.0153952    0.416237
IMAGINARY
          0 -0.00580274  -0.0136701  -0.0104253
 0.00580274           0  -0.0248907  0.00233505
  0.0136701   0.0248907           0   0.0146189
  0.0104253 -0.00233505  -0.0146189           0
EndNode1[0]<--->Repeater1[0]
REAL
  0.440741 0.00325802 -0.0113895   0.349157
0.00325802  0.0864198    0.04841  0.0133101
-0.0113895    0.04841   0.091358 -0.0115807
  0.349157  0.0133101 -0.0115807   0.381481
IMAGINARY
          0 -0.00365867 -0.00614862  -0.0132903
 0.00365867           0  0.00229415  0.00677128
 0.00614862 -0.00229415           0 -0.00692664
  0.0132903 -0.00677128  0.00692664           0
EndNode2[0]<--->HoM1[0]
REAL
    0.421477   0.00125148 -2.53656e-05     0.335824
  0.00125148    0.0912752    0.0540727   0.00650205
-2.53656e-05    0.0540727    0.0899329   0.00911121
    0.335824   0.00650205   0.00911121     0.397315
IMAGINARY
          0   0.0259983  -0.0054364   0.0238973
 -0.0259983           0  -0.0323941  -0.0124428
  0.0054364   0.0323941           0  0.00791045
 -0.0238973   0.0124428 -0.00791045           0
Repeater1[0]<--->EndNode1[0]
REAL
  0.440741 -0.0113895 0.00325802   0.349157
-0.0113895   0.091358    0.04841 -0.0115807
0.00325802    0.04841  0.0864198  0.0133101
  0.349157 -0.0115807  0.0133101   0.381481
IMAGINARY
          0 -0.00614862 -0.00365867  -0.0132903
 0.00614862           0 -0.00229415 -0.00692664
 0.00365867  0.00229415           0  0.00677128
  0.0132903  0.00692664 -0.00677128           0
Repeater1[0]<--->HoM1[0]
REAL
    0.421477 -2.53656e-05   0.00125148     0.335824
-2.53656e-05    0.0899329    0.0540727   0.00911121
  0.00125148    0.0540727    0.0912752   0.00650205
    0.335824   0.00911121   0.00650205     0.397315
IMAGINARY
          0  -0.0054364   0.0259983   0.0238973
  0.0054364           0   0.0323941  0.00791045
 -0.0259983  -0.0323941           0  -0.0124428
 -0.0238973 -0.00791045   0.0124428           0
EndNode1[0]<--->Repeater1[0]
REAL
    0.387677   -0.0165084   -0.0123089     0.338509
  -0.0165084    0.0808729    0.0589608 -0.000340858
  -0.0123089    0.0589608     0.105263   0.00252709
    0.338509 -0.000340858   0.00252709     0.426187
IMAGINARY
           0   -0.0177582  2.06728e-05   0.00254617
   0.0177582            0  -0.00919672  0.000643338
-2.06728e-05   0.00919672            0  -0.00149807
 -0.00254617 -0.000643338   0.00149807            0
EndNode2[0]<--->HoM1[0]
REAL
  0.418114 0.00259067  0.0320067   0.339766
0.00259067  0.0942928   0.046244 -0.0164627
 0.0320067   0.046244  0.0955335 0.00259067
  0.339766 -0.0164627 0.00259067    0.39206
IMAGINARY
          0 -0.00474544  0.00975446  0.00600506
 0.00474544           0  0.00600506   0.0057651
-0.00975446 -0.00600506           0  0.00407068
-0.00600506  -0.0057651 -0.00407068           0
Repeater1[0]<--->EndNode1[0]
REAL
    0.387677   -0.0123089   -0.0165084     0.338509
  -0.0123089     0.105263    0.0589608   0.00252709
  -0.0165084    0.0589608    0.0808729 -0.000340858
    0.338509   0.00252709 -0.000340858     0.426187
IMAGINARY
           0  2.06728e-05   -0.0177582   0.00254617
-2.06728e-05            0   0.00919672  -0.00149807
   0.0177582  -0.00919672            0  0.000643338
 -0.00254617   0.00149807 -0.000643338            0
Repeater1[0]<--->HoM1[0]
REAL
  0.418114  0.0320067 0.00259067   0.339766
 0.0320067  0.0955335   0.046244 0.00259067
0.00259067   0.046244  0.0942928 -0.0164627
  0.339766 0.00259067 -0.0164627    0.39206
IMAGINARY
          0  0.00975446 -0.00474544  0.00600506
-0.00975446           0 -0.00600506  0.00407068
 0.00474544  0.00600506           0   0.0057651
-0.00600506 -0.00407068  -0.0057651           0
EndNode1[0]<--->Repeater1[0]
REAL
  0.440051  0.0155482  0.0107553   0.353455
 0.0155482   0.102041  0.0526733  0.0120608
 0.0107553  0.0526733  0.0841837 0.00726796
  0.353455  0.0120608 0.00726796   0.373724
IMAGINARY
           0  -0.00576147 -0.000525519  -0.00477861
  0.00576147            0  -0.00851926    0.0187547
 0.000525519   0.00851926            0 -0.000748943
  0.00477861   -0.0187547  0.000748943            0
EndNode2[0]<--->HoM1[0]
REAL
   0.38163  -0.015006 -0.0154283   0.335419
 -0.015006  0.0957309  0.0628652 -0.0225619
-0.0154283  0.0628652   0.107374 0.00030012
  0.335419 -0.0225619 0.00030012   0.415265
IMAGINARY
          0   0.0150472  -0.0200925  0.00805521
 -0.0150472           0  -0.0100795 -0.00214381
  0.0200925   0.0100795           0 -0.00170539
-0.00805521  0.00214381  0.00170539           0
Repeater1[0]<--->EndNode1[0]
REAL
  0.440051  0.0107553  0.0155482   0.353455
 0.0107553  0.0841837  0.0526733 0.00726796
 0.0155482  0.0526733   0.102041  0.0120608
  0.353455 0.00726796  0.0120608   0.373724
IMAGINARY
           0 -0.000525519  -0.00576147  -0.00477861
 0.000525519            0   0.00851926 -0.000748943
  0.00576147  -0.00851926            0    0.0187547
  0.00477861  0.000748943   -0.0187547            0
Repeater1[0]<--->HoM1[0]
REAL
   0.38163 -0.0154283  -0.015006   0.335419
-0.0154283   0.107374  0.0628652 0.00030012
 -0.015006  0.0628652  0.0957309 -0.0225619
  0.335419 0.00030012 -0.0225619   0.415265
IMAGINARY
          0  -0.0200925   0.0150472  0.00805521
  0.0200925           0   0.0100795 -0.00170539
 -0.0150472  -0.0100795           0 -0.00214381
-0.00805521  0.00170539  0.00214381           0
EndNode1[0]<--->Repeater1[0]
REAL
   0.423274  0.00740546 -0.00482424     0.30473
 0.00740546   0.0933504   0.0263591  0.00298826
-0.00482424   0.0263591   0.0792839   0.0152384
    0.30473  0.00298826   0.0152384    0.404092
IMAGINARY
           0  -0.00393287  0.000343728  -0.00213004
  0.00393287            0  -0.00655482  -0.00101129
-0.000343728   0.00655482            0 -0.000740025
  0.00213004   0.00101129  0.000740025            0
EndNode2[0]<--->HoM1[0]
REAL
   0.398207  -0.0162333  0.00126037    0.338726
 -0.0162333    0.104994   0.0602373 -0.00773706
 0.00126037   0.0602373   0.0960307  -0.0135595
   0.338726 -0.00773706  -0.0135595    0.400768
IMAGINARY
          0  -0.0135038   0.0126636  -0.0220664
  0.0135038           0 -0.00965947 -0.00562137
 -0.0126636  0.00965947           0  -0.0101838
  0.0220664  0.00562137   0.0101838           0
Repeater1[0]<--->EndNode1[0]
REAL
   0.423274 -0.00482424  0.00740546     0.30473
-0.00482424   0.0792839   0.0263591   0.0152384
 0.00740546   0.0263591   0.0933504  0.00298826
    0.30473   0.0152384  0.00298826    0.404092
IMAGINARY
           0  0.000343728  -0.00393287  -0.00213004
-0.000343728            0   0.00655482 -0.000740025
  0.00393287  -0.00655482            0  -0.00101129
  0.00213004  0.000740025   0.00101129            0
Repeater1[0]<--->HoM1[0]
REAL
   0.398207  0.00126037  -0.0162333    0.338726
 0.00126037   0.0960307   0.0602373  -0.0135595
 -0.0162333   0.0602373    0.104994 -0.00773706
   0.338726  -0.0135595 -0.00773706    0.400768
IMAGINARY
          0   0.0126636  -0.0135038  -0.0220664
 -0.0126636           0  0.00965947  -0.0101838
  0.0135038 -0.00965947           0 -0.00562137
  0.0220664   0.0101838  0.00562137           0
EndNode1[0]<--->Repeater1[0]
REAL
   0.398701  0.00741603 -0.00337298    0.332903
 0.00741603   0.0961039   0.0575607  0.00466164
-0.00337298   0.0575607   0.0896104 -0.00226139
   0.332903  0.00466164 -0.00226139    0.415584
IMAGINARY
           0   -0.0188157  -0.00352113   -0.0119742
   0.0188157            0 -0.000494618   0.00352113
  0.00352113  0.000494618            0   0.00511705
   0.0119742  -0.00352113  -0.00511705            0
EndNode2[0]<--->HoM1[0]
REAL
   0.381707 -0.00551596  0.00443794    0.354048
-0.00551596   0.0878049   0.0545753  -0.0128034
 0.00443794   0.0545753   0.0939024  0.00101146
   0.354048  -0.0128034  0.00101146    0.436585
IMAGINARY
          0  -0.0016652 -0.00921389   0.0135459
  0.0016652           0 -0.00115998  -0.0250869
 0.00921389  0.00115998           0   0.0227734
 -0.0135459   0.0250869  -0.0227734           0
Repeater1[0]<--->EndNode1[0]
REAL
   0.398701 -0.00337298  0.00741603    0.332903
-0.00337298   0.0896104   0.0575607 -0.00226139
 0.00741603   0.0575607   0.0961039  0.00466164
   0.332903 -0.00226139  0.00466164    0.415584
IMAGINARY
           0  -0.00352113   -0.0188157   -0.0119742
  0.00352113            0  0.000494618   0.00511705
   0.0188157 -0.000494618            0   0.00352113
   0.0119742  -0.00511705  -0.00352113            0
Repeater1[0]<--->HoM1[0]
REAL
   0.381707  0.00443794 -0.00551596    0.354048
 0.00443794   0.0939024   0.0545753  0.00101146
-0.00551596   0.0545753   0.0878049  -0.0128034
   0.354048  0.00101146  -0.0128034    0.436585
IMAGINARY
          0 -0.00921389  -0.0016652   0.0135459
 0.00921389           0  0.00115998   0.0227734
  0.0016652 -0.00115998           0  -0.0250869
 -0.0135459  -0.0227734   0.0250869           0
EndNode1[0]<--->Repeater1[0]
REAL
   0.445583   0.0066064  0.00572864    0.331745
  0.0066064    0.078105    0.069245 -0.00325339
 0.00572864    0.069245   0.0729834  -0.0066064
   0.331745 -0.00325339  -0.0066064    0.403329
IMAGINARY
          0  0.00689404  0.00650098 -0.00888359
-0.00689404           0  -0.0102205    0.022249
-0.00650098   0.0102205           0  0.00435596
 0.00888359   -0.022249 -0.00435596           0
EndNode2[0]<--->HoM1[0]
REAL
    0.373154  0.000966115 -0.000322857     0.331318
 0.000966115     0.095302    0.0408908    -0.020769
-0.000322857    0.0408908     0.108725   -0.0034475
    0.331318    -0.020769   -0.0034475     0.422819
IMAGINARY
          0 -0.00861527  0.00936037  0.00195801
 0.00861527           0 -0.00329134    0.011985
-0.00936037  0.00329134           0 -0.00238085
-0.00195801   -0.011985  0.00238085           0
Repeater1[0]<--->EndNode1[0]
REAL
   0.445583  0.00572864   0.0066064    0.331745
 0.00572864   0.0729834    0.069245  -0.0066064
  0.0066064    0.069245    0.078105 -0.00325339
   0.331745  -0.0066064 -0.00325339    0.403329
IMAGINARY
          0  0.00650098  0.00689404 -0.00888359
-0.00650098           0   0.0102205  0.00435596
-0.00689404  -0.0102205           0    0.022249
 0.00888359 -0.00435596   -0.022249           0
Repeater1[0]<--->HoM1[0]
REAL
    0.373154 -0.000322857  0.000966115     0.331318
-0.000322857     0.108725    0.0408908   -0.0034475
 0.000966115    0.0408908     0.095302    -0.020769
    0.331318   -0.0034475    -0.020769     0.422819
IMAGINARY
          0  0.00936037 -0.00861527  0.00195801
-0.00936037           0  0.00329134 -0.00238085
 0.00861527 -0.00329134           0    0.011985
-0.00195801  0.00238085   -0.011985           0
EndNode1[0]<--->Repeater1[0]
REAL
   0.432193  0.00433661  0.00398407    0.343699
 0.00433661    0.095057   0.0552373 5.29093e-06
 0.00398407   0.0552373   0.0988593  0.00231232
   0.343699 5.29093e-06  0.00231232    0.373891
IMAGINARY
          0   0.0111962   0.0100651   0.0302632
 -0.0111962           0   0.0217266 -0.00237275
 -0.0100651  -0.0217266           0  -0.0227347
 -0.0302632  0.00237275   0.0227347           0
EndNode2[0]<--->HoM1[0]
REAL
  0.376455  0.0124026 0.00897815   0.339103
 0.0124026  0.0827943  0.0406436  0.0049459
0.00897815  0.0406436  0.0996119 0.00278724
  0.339103  0.0049459 0.00278724   0.441138
IMAGINARY
          0  0.00291592  0.00336168 -0.00647568
-0.00291592           0  0.00898824 -0.00913832
-0.00336168 -0.00898824           0  0.00414442
 0.00647568  0.00913832 -0.00414442           0
Repeater1[0]<--->EndNode1[0]
REAL
   0.432193  0.00398407  0.00433661    0.343699
 0.00398407   0.0988593   0.0552373  0.00231232
 0.00433661   0.0552373    0.095057 5.29093e-06
   0.343699  0.00231232 5.29093e-06    0.373891
IMAGINARY
          0   0.0100651   0.0111962   0.0302632
 -0.0100651           0  -0.0217266  -0.0227347
 -0.0111962   0.0217266           0 -0.00237275
 -0.0302632   0.0227347  0.00237275           0
Repeater1[0]<--->HoM1[0]
REAL
  0.376455 0.00897815  0.0124026   0.339103
0.00897815  0.0996119  0.0406436 0.00278724
 0.0124026  0.0406436  0.0827943  0.0049459
  0.339103 0.00278724  0.0049459   0.441138
IMAGINARY
          0  0.00336168  0.00291592 -0.00647568
-0.00336168           0 -0.00898824  0.00414442
-0.00291592  0.00898824           0 -0.00913832
 0.00647568 -0.00414442  0.00913832           0
EndNode1[0]<--->Repeater1[0]
REAL
    0.367041  -0.00539245  -0.00955594     0.322458
 -0.00539245     0.118602    0.0511049  -0.00513116
 -0.00955594    0.0511049    0.0998752 -0.000354672
    0.322458  -0.00513116 -0.000354672     0.414482
IMAGINARY
           0   0.00575394   0.00287108   -0.0148734
 -0.00575394            0   0.00741072  0.000414074
 -0.00287108  -0.00741072            0  -0.00378285
   0.0148734 -0.000414074   0.00378285            0
EndNode2[0]<--->HoM1[0]
REAL
   0.419619   0.0175376  -0.0136738     0.32795
  0.0175376   0.0858311   0.0717926   0.0265272
 -0.0136738   0.0717926   0.0940054 -0.00982555
    0.32795   0.0265272 -0.00982555    0.400545
IMAGINARY
          0 -0.00772723 -0.00880823 -0.00878221
 0.00772723           0   0.0126284  0.00388212
 0.00880823  -0.0126284           0 -0.00212499
 0.00878221 -0.00388212  0.00212499           0
Repeater1[0]<--->EndNode1[0]
REAL
    0.367041  -0.00955594  -0.00539245     0.322458
 -0.00955594    0.0998752    0.0511049 -0.000354672
 -0.00539245    0.0511049     0.118602  -0.00513116
    0.322458 -0.000354672  -0.00513116     0.414482
IMAGINARY
           0   0.00287108   0.00575394   -0.0148734
 -0.00287108            0  -0.00741072  -0.00378285
 -0.00575394   0.00741072            0  0.000414074
   0.0148734   0.00378285 -0.000414074            0
Repeater1[0]<--->HoM1[0]
REAL
   0.419619  -0.0136738   0.0175376     0.32795
 -0.0136738   0.0940054   0.0717926 -0.00982555
  0.0175376   0.0717926   0.0858311   0.0265272
    0.32795 -0.00982555   0.0265272    0.400545
IMAGINARY
          0 -0.00880823 -0.00772723 -0.00878221
 0.00880823           0  -0.0126284 -0.00212499
 0.00772723   0.0126284           0  0.00388212
 0.00878221  0.00212499 -0.00388212           0
EndNode1[0]<--->Repeater1[0]
REAL
   0.407268   0.0106419 0.000723288    0.341551
  0.0106419   0.0977444   0.0465443   0.0183243
0.000723288   0.0465443    0.100251   0.0203104
   0.341551   0.0183243   0.0203104    0.394737
IMAGINARY
          0   0.0143241 -0.00359494  0.00465878
 -0.0143241           0  -0.0133652 -0.00100427
 0.00359494   0.0133652           0  0.00604384
-0.00465878  0.00100427 -0.00604384           0
EndNode2[0]<--->HoM1[0]
REAL
   0.390909 -0.00378755  0.00426829    0.348151
-0.00378755    0.087013   0.0385674 -0.00426829
 0.00426829   0.0385674   0.0935065  -0.0079312
   0.348151 -0.00426829  -0.0079312    0.428571
IMAGINARY
           0  -0.00757816  0.000229502   -0.0127877
  0.00757816            0    0.0127877   0.00670619
-0.000229502   -0.0127877            0   0.00190351
   0.0127877  -0.00670619  -0.00190351            0
Repeater1[0]<--->EndNode1[0]
REAL
   0.407268 0.000723288   0.0106419    0.341551
0.000723288    0.100251   0.0465443   0.0203104
  0.0106419   0.0465443   0.0977444   0.0183243
   0.341551   0.0203104   0.0183243    0.394737
IMAGINARY
          0 -0.00359494   0.0143241  0.00465878
 0.00359494           0   0.0133652  0.00604384
 -0.0143241  -0.0133652           0 -0.00100427
-0.00465878 -0.00604384  0.00100427           0
Repeater1[0]<--->HoM1[0]
REAL
   0.390909  0.00426829 -0.00378755    0.348151
 0.00426829   0.0935065   0.0385674  -0.0079312
-0.00378755   0.0385674    0.087013 -0.00426829
   0.348151  -0.0079312 -0.00426829    0.428571
IMAGINARY
           0  0.000229502  -0.00757816   -0.0127877
-0.000229502            0   -0.0127877   0.00190351
  0.00757816    0.0127877            0   0.00670619
   0.0127877  -0.00190351  -0.00670619            0
EndNode1[0]<--->Repeater1[0]
REAL
    0.44473  -0.0103067    -0.01484    0.343121
 -0.0103067   0.0835476   0.0281657 -0.00425473
   -0.01484   0.0281657   0.0874036 -0.00454482
   0.343121 -0.00425473 -0.00454482    0.384319
IMAGINARY
          0 -0.00384696  0.00440292  0.00523466
 0.00384696           0   0.0103498  -0.0113738
-0.00440292  -0.0103498           0   0.0209572
-0.00523466   0.0113738  -0.0209572           0
EndNode2[0]<--->HoM1[0]
REAL
      0.375   0.0110526   0.0113209    0.352817
  0.0110526    0.101562   0.0399966 -0.00340377
  0.0113209   0.0399966   0.0989583 -0.00557146
   0.352817 -0.00340377 -0.00557146    0.424479
IMAGINARY
           0  -0.00559074 -0.000955254   -0.0145632
  0.00559074            0   0.00982706  -0.00160885
 0.000955254  -0.00982706            0  0.000462532
   0.0145632   0.00160885 -0.000462532            0
Repeater1[0]<--->EndNode1[0]
REAL
    0.44473    -0.01484  -0.0103067    0.343121
   -0.01484   0.0874036   0.0281657 -0.00454482
 -0.0103067   0.0281657   0.0835476 -0.00425473
   0.343121 -0.00454482 -0.00425473    0.384319
IMAGINARY
          0  0.00440292 -0.00384696  0.00523466
-0.00440292           0  -0.0103498   0.0209572
 0.00384696   0.0103498           0  -0.0113738
-0.00523466  -0.0209572   0.0113738           0
Repeater1[0]<--->HoM1[0]
REAL
      0.375   0.0113209   0.0110526    0.352817
  0.0113209   0.0989583   0.0399966 -0.00557146
  0.0110526   0.0399966    0.101562 -0.00340377
   0.352817 -0.00557146 -0.00340377    0.424479
IMAGINARY
           0 -0.000955254  -0.00559074   -0.0145632
 0.000955254            0  -0.00982706  0.000462532
  0.00559074   0.00982706            0  -0.00160885
   0.0145632 -0.000462532   0.00160885            0
EndNode1[0]<--->Repeater1[0]
REAL
   0.402813     0.02206  0.00679974    0.335654
    0.02206    0.104859   0.0343722  0.00248408
 0.00679974   0.0343722   0.0971867 0.000486408
   0.335654  0.00248408 0.000486408    0.395141
IMAGINARY
           0   -0.0127193  -0.00297812   0.00583371
   0.0127193            0  -0.00264086  0.000414014
  0.00297812   0.00264086            0  -0.00394737
 -0.00583371 -0.000414014   0.00394737            0
EndNode2[0]<--->HoM1[0]
REAL
   0.412678  -0.0118492 0.000665212    0.343571
 -0.0118492   0.0711514   0.0440851 2.82693e-05
0.000665212   0.0440851   0.0853816 -0.00548785
   0.343571 2.82693e-05 -0.00548785    0.430789
IMAGINARY
          0  0.00373134  0.00605714  -0.0213803
-0.00373134           0 -0.00675267  0.00422564
-0.00605714  0.00675267           0 -0.00373134
  0.0213803 -0.00422564  0.00373134           0
Repeater1[0]<--->EndNode1[0]
REAL
   0.402813  0.00679974     0.02206    0.335654
 0.00679974   0.0971867   0.0343722 0.000486408
    0.02206   0.0343722    0.104859  0.00248408
   0.335654 0.000486408  0.00248408    0.395141
IMAGINARY
           0  -0.00297812   -0.0127193   0.00583371
  0.00297812            0   0.00264086  -0.00394737
   0.0127193  -0.00264086            0  0.000414014
 -0.00583371   0.00394737 -0.000414014            0
Repeater1[0]<--->HoM1[0]
REAL
   0.412678 0.000665212  -0.0118492    0.343571
0.000665212   0.0853816   0.0440851 -0.00548785
 -0.0118492   0.0440851   0.0711514 2.82693e-05
   0.343571 -0.00548785 2.82693e-05    0.430789
IMAGINARY
          0  0.00605714  0.00373134  -0.0213803
-0.00605714           0  0.00675267 -0.00373134
-0.00373134 -0.00675267           0  0.00422564
  0.0213803  0.00373134 -0.00422564           0
EndNode1[0]<--->Repeater1[0]
REAL
    0.40874  -0.0143813 -0.00561069    0.334628
 -0.0143813    0.096401   0.0526626   -0.014773
-0.00561069   0.0526626   0.0874036 -0.00840046
   0.334628   -0.014773 -0.00840046    0.407455
IMAGINARY
          0   -0.031559  -0.0221445  0.00739112
   0.031559           0  0.00407986  0.00397491
  0.0221445 -0.00407986           0   0.0201189
-0.00739112 -0.00397491  -0.0201189           0
EndNode2[0]<--->HoM1[0]
REAL
   0.419397  -0.0104837 -0.00613984    0.338869
 -0.0104837    0.104849   0.0228065   0.0137541
-0.00613984   0.0228065   0.0799476    0.019367
   0.338869   0.0137541    0.019367    0.395806
IMAGINARY
         0  0.0110104  -0.033605 -0.0177403
-0.0110104          0  0.0021153 -0.0272759
  0.033605 -0.0021153          0  0.0110104
 0.0177403  0.0272759 -0.0110104          0
Repeater1[0]<--->EndNode1[0]
REAL
    0.40874 -0.00561069  -0.0143813    0.334628
-0.00561069   0.0874036   0.0526626 -0.00840046
 -0.0143813   0.0526626    0.096401   -0.014773
   0.334628 -0.00840046   -0.014773    0.407455
IMAGINARY
          0  -0.0221445   -0.031559  0.00739112
  0.0221445           0 -0.00407986   0.0201189
   0.031559  0.00407986           0  0.00397491
-0.00739112  -0.0201189 -0.00397491           0
Repeater1[0]<--->HoM1[0]
REAL
   0.419397 -0.00613984  -0.0104837    0.338869
-0.00613984   0.0799476   0.0228065    0.019367
 -0.0104837   0.0228065    0.104849   0.0137541
   0.338869    0.019367   0.0137541    0.395806
IMAGINARY
         0  -0.033605  0.0110104 -0.0177403
  0.033605          0 -0.0021153  0.0110104
-0.0110104  0.0021153          0 -0.0272759
 0.0177403 -0.0110104  0.0272759          0
EndNode1[0]<--->Repeater1[0]
REAL
   0.387097 -0.00970677  -0.0246403    0.338031
-0.00970677    0.104516   0.0358771   0.0015442
 -0.0246403   0.0358771    0.109677 0.000343478
   0.338031   0.0015442 0.000343478     0.39871
IMAGINARY
          0 -0.00582117   0.0135517   0.0046581
 0.00582117           0  0.00913953  -0.0196082
 -0.0135517 -0.00913953           0  -0.0110025
 -0.0046581   0.0196082   0.0110025           0
EndNode2[0]<--->HoM1[0]
REAL
   0.417755  -0.0020815 -0.00672043     0.35114
 -0.0020815   0.0953003   0.0319242   0.0134409
-0.00672043   0.0319242   0.0887728   0.0128342
    0.35114   0.0134409   0.0128342    0.398172
IMAGINARY
          0  -0.0132599   0.0130381 -0.00161454
  0.0132599           0  0.00219257     0.01035
 -0.0130381 -0.00219257           0  -0.0189778
 0.00161454    -0.01035   0.0189778           0
Repeater1[0]<--->EndNode1[0]
REAL
   0.387097  -0.0246403 -0.00970677    0.338031
 -0.0246403    0.109677   0.0358771 0.000343478
-0.00970677   0.0358771    0.104516   0.0015442
   0.338031 0.000343478   0.0015442     0.39871
IMAGINARY
          0   0.0135517 -0.00582117   0.0046581
 -0.0135517           0 -0.00913953  -0.0110025
 0.00582117  0.00913953           0  -0.0196082
 -0.0046581   0.0110025   0.0196082           0
Repeater1[0]<--->HoM1[0]
REAL
   0.417755 -0.00672043  -0.0020815     0.35114
-0.00672043   0.0887728   0.0319242   0.0128342
 -0.0020815   0.0319242   0.0953003   0.0134409
    0.35114   0.0128342   0.0134409    0.398172
IMAGINARY
          0   0.0130381  -0.0132599 -0.00161454
 -0.0130381           0 -0.00219257  -0.0189778
  0.0132599  0.00219257           0     0.01035
 0.00161454   0.0189778    -0.01035           0
EndNode1[0]<--->Repeater1[0]
REAL
    0.41457  -0.0245888  -0.0295649    0.337972
 -0.0245888   0.0966887   0.0327933 -0.00870357
 -0.0295649   0.0327933   0.0953642   -0.012425
   0.337972 -0.00870357   -0.012425    0.393377
IMAGINARY
           0  -0.00891314    0.0114735   -0.0271894
  0.00891314            0   -0.0155615   -0.0194883
  -0.0114735    0.0155615            0 -0.000334705
   0.0271894    0.0194883  0.000334705            0
EndNode2[0]<--->HoM1[0]
REAL
   0.391304   0.0011977  0.00224966    0.324216
  0.0011977   0.0881643    0.036337 0.000262904
 0.00224966    0.036337   0.0978261  0.00508371
   0.324216 0.000262904  0.00508371    0.422705
IMAGINARY
          0  -0.0130006 -0.00489124   0.0162025
  0.0130006           0 -0.00564841 -0.00419967
 0.00489124  0.00564841           0   0.0111824
 -0.0162025  0.00419967  -0.0111824           0
Repeater1[0]<--->EndNode1[0]
REAL
    0.41457  -0.0295649  -0.0245888    0.337972
 -0.0295649   0.0953642   0.0327933   -0.012425
 -0.0245888   0.0327933   0.0966887 -0.00870357
   0.337972   -0.012425 -0.00870357    0.393377
IMAGINARY
           0    0.0114735  -0.00891314   -0.0271894
  -0.0114735            0    0.0155615 -0.000334705
  0.00891314   -0.0155615            0   -0.0194883
   0.0271894  0.000334705    0.0194883            0
Repeater1[0]<--->HoM1[0]
REAL
   0.391304  0.00224966   0.0011977    0.324216
 0.00224966   0.0978261    0.036337  0.00508371
  0.0011977    0.036337   0.0881643 0.000262904
   0.324216  0.00508371 0.000262904    0.422705
IMAGINARY
          0 -0.00489124  -0.0130006   0.0162025
 0.00489124           0  0.00564841   0.0111824
  0.0130006 -0.00564841           0 -0.00419967
 -0.0162025  -0.0111824  0.00419967           0
EndNode1[0]<--->Repeater1[0]
REAL
 0.424837 0.0117692 0.0208846  0.345294
0.0117692 0.0980392 0.0492418 0.0102463
0.0208846 0.0492418 0.0810458 0.0104671
 0.345294 0.0102463 0.0104671  0.396078
IMAGINARY
           0  -0.00124751   0.00561231  -0.00160371
  0.00124751            0  0.000934364    0.0154403
 -0.00561231 -0.000934364            0  -0.00796302
  0.00160371   -0.0154403   0.00796302            0
EndNode2[0]<--->HoM1[0]
REAL
  0.408805 -0.0131226 0.00968949   0.325461
-0.0131226   0.109434  0.0468252  -0.019268
0.00968949  0.0468252  0.0767296 0.00354406
  0.325461  -0.019268 0.00354406   0.405031
IMAGINARY
           0   0.00101804  0.000344198  -0.00916097
 -0.00101804            0    0.0112472   -0.0112837
-0.000344198   -0.0112472            0  -0.00809655
  0.00916097    0.0112837   0.00809655            0
Repeater1[0]<--->EndNode1[0]
REAL
 0.424837 0.0208846 0.0117692  0.345294
0.0208846 0.0810458 0.0492418 0.0104671
0.0117692 0.0492418 0.0980392 0.0102463
 0.345294 0.0104671 0.0102463  0.396078
IMAGINARY
           0   0.00561231  -0.00124751  -0.00160371
 -0.00561231            0 -0.000934364  -0.00796302
  0.00124751  0.000934364            0    0.0154403
  0.00160371   0.00796302   -0.0154403            0
Repeater1[0]<--->HoM1[0]
REAL
  0.408805 0.00968949 -0.0131226   0.325461
0.00968949  0.0767296  0.0468252 0.00354406
-0.0131226  0.0468252   0.109434  -0.019268
  0.325461 0.00354406  -0.019268   0.405031
IMAGINARY
           0  0.000344198   0.00101804  -0.00916097
-0.000344198            0   -0.0112472  -0.00809655
 -0.00101804    0.0112472            0   -0.0112837
  0.00916097   0.00809655    0.0112837            0
EndNode1[0]<--->Repeater1[0]
REAL
    0.401258   -0.0243507    0.0132062     0.335413
  -0.0243507      0.10566    0.0579369   -0.0213617
   0.0132062    0.0579369     0.103145 -0.000116028
    0.335413   -0.0213617 -0.000116028     0.389937
IMAGINARY
          0  0.00441735   0.0139366 -0.00659109
-0.00441735           0  -0.0440418 -0.00240331
 -0.0139366   0.0440418           0  -0.0159506
 0.00659109  0.00240331   0.0159506           0
EndNode2[0]<--->HoM1[0]
REAL
  0.430218 -0.0232652 -0.0285411   0.338018
-0.0232652  0.0947503  0.0501805 0.00804424
-0.0285411  0.0501805  0.0921895 -0.0171075
  0.338018 0.00804424 -0.0171075   0.382843
IMAGINARY
         0 -0.0271131  0.0113625 -0.0172049
 0.0271131          0 -0.0293377   0.025124
-0.0113625  0.0293377          0 -0.0188328
 0.0172049  -0.025124  0.0188328          0
Repeater1[0]<--->EndNode1[0]
REAL
    0.401258    0.0132062   -0.0243507     0.335413
   0.0132062     0.103145    0.0579369 -0.000116028
  -0.0243507    0.0579369      0.10566   -0.0213617
    0.335413 -0.000116028   -0.0213617     0.389937
IMAGINARY
          0   0.0139366  0.00441735 -0.00659109
 -0.0139366           0   0.0440418  -0.0159506
-0.00441735  -0.0440418           0 -0.00240331
 0.00659109   0.0159506  0.00240331           0
Repeater1[0]<--->HoM1[0]
REAL
  0.430218 -0.0285411 -0.0232652   0.338018
-0.0285411  0.0921895  0.0501805 -0.0171075
-0.0232652  0.0501805  0.0947503 0.00804424
  0.338018 -0.0171075 0.00804424   0.382843
IMAGINARY
         0  0.0113625 -0.0271131 -0.0172049
-0.0113625          0  0.0293377 -0.0188328
 0.0271131 -0.0293377          0   0.025124
 0.0172049  0.0188328  -0.025124          0
EndNode1[0]<--->Repeater1[0]
REAL
  0.431937 0.00359804 0.00374403   0.338111
0.00359804  0.0955497  0.0466995 0.00638255
0.00374403  0.0466995  0.0798429   0.017921
  0.338111 0.00638255   0.017921    0.39267
IMAGINARY
          0 -0.00393908  -0.0147317  -0.0389858
 0.00393908           0 -0.00515122   0.0190262
  0.0147317  0.00515122           0  -0.0150793
  0.0389858  -0.0190262   0.0150793           0
EndNode2[0]<--->HoM1[0]
REAL
   0.437252 0.000983844 -0.00383125    0.337933
0.000983844   0.0924703   0.0522186  0.00761913
-0.00383125   0.0522186   0.0686922  -0.0035091
   0.337933  0.00761913  -0.0035091    0.401585
IMAGINARY
          0  -0.0115719   0.0234885  0.00870336
  0.0115719           0  0.00280559  0.00164381
 -0.0234885 -0.00280559           0  -0.0109149
-0.00870336 -0.00164381   0.0109149           0
Repeater1[0]<--->EndNode1[0]
REAL
  0.431937 0.00374403 0.00359804   0.338111
0.00374403  0.0798429  0.0466995   0.017921
0.00359804  0.0466995  0.0955497 0.00638255
  0.338111   0.017921 0.00638255    0.39267
IMAGINARY
          0  -0.0147317 -0.00393908  -0.0389858
  0.0147317           0  0.00515122  -0.0150793
 0.00393908 -0.00515122           0   0.0190262
  0.0389858   0.0150793  -0.0190262           0
Repeater1[0]<--->HoM1[0]
REAL
   0.437252 -0.00383125 0.000983844    0.337933
-0.00383125   0.0686922   0.0522186  -0.0035091
0.000983844   0.0522186   0.0924703  0.00761913
   0.337933  -0.0035091  0.00761913    0.401585
IMAGINARY
          0   0.0234885  -0.0115719  0.00870336
 -0.0234885           0 -0.00280559  -0.0109149
  0.0115719  0.00280559           0  0.00164381
-0.00870336   0.0109149 -0.00164381           0
EndNode1[0]<--->Repeater1[0]
REAL
     0.39719    0.0289926 -0.000592885      0.31962
   0.0289926    0.0945083    0.0549141    0.0123941
-0.000592885    0.0549141    0.0868455   0.00392665
     0.31962    0.0123941   0.00392665     0.421456
IMAGINARY
           0   0.00748066   0.00544868   0.00793248
 -0.00748066            0 -0.000608912   -0.0120513
 -0.00544868  0.000608912            0   -0.0080809
 -0.00793248    0.0120513    0.0080809            0
EndNode2[0]<--->HoM1[0]
REAL
   0.414194 0.000283887 -0.00373375    0.354976
0.000283887   0.0890323   0.0343371  -0.0102612
-0.00373375   0.0343371   0.0941935   -0.010462
   0.354976  -0.0102612   -0.010462    0.402581
IMAGINARY
          0 -0.00126229  0.00682382  -0.0116154
 0.00126229           0   0.0153938 -0.00682382
-0.00682382  -0.0153938           0   0.0135473
  0.0116154  0.00682382  -0.0135473           0
Repeater1[0]<--->EndNode1[0]
REAL
     0.39719 -0.000592885    0.0289926      0.31962
-0.000592885    0.0868455    0.0549141   0.00392665
   0.0289926    0.0549141    0.0945083    0.0123941
     0.31962   0.00392665    0.0123941     0.421456
IMAGINARY
           0   0.00544868   0.00748066   0.00793248
 -0.00544868            0  0.000608912   -0.0080809
 -0.00748066 -0.000608912            0   -0.0120513
 -0.00793248    0.0080809    0.0120513            0
Repeater1[0]<--->HoM1[0]
REAL
   0.414194 -0.00373375 0.000283887    0.354976
-0.00373375   0.0941935   0.0343371   -0.010462
0.000283887   0.0343371   0.0890323  -0.0102612
   0.354976   -0.010462  -0.0102612    0.402581
IMAGINARY
          0  0.00682382 -0.00126229  -0.0116154
-0.00682382           0  -0.0153938   0.0135473
 0.00126229   0.0153938           0 -0.00682382
  0.0116154  -0.0135473  0.00682382           0
EndNode1[0]<--->Repeater1[0]
REAL
   0.42973  0.0123011  -0.011368   0.354108
 0.0123011  0.0891892  0.0392931  0.0164441
 -0.011368  0.0392931   0.101351 -0.0199154
  0.354108  0.0164441 -0.0199154    0.37973
IMAGINARY
          0  0.00286165   0.0163123 -0.00515693
-0.00286165           0  -0.0174419  0.00731482
 -0.0163123   0.0174419           0  -0.0456458
 0.00515693 -0.00731482   0.0456458           0
EndNode2[0]<--->HoM1[0]
REAL
  0.434457  0.0091734   0.025048   0.336912
 0.0091734  0.0799001   0.053239 0.00904289
  0.025048   0.053239   0.082397  0.0135539
  0.336912 0.00904289  0.0135539   0.403246
IMAGINARY
          0 -0.00645242  -0.0213627  -0.0291906
 0.00645242           0  -0.0175627  -0.0038074
  0.0213627   0.0175627           0  0.00849323
  0.0291906   0.0038074 -0.00849323           0
Repeater1[0]<--->EndNode1[0]
REAL
   0.42973  -0.011368  0.0123011   0.354108
 -0.011368   0.101351  0.0392931 -0.0199154
 0.0123011  0.0392931  0.0891892  0.0164441
  0.354108 -0.0199154  0.0164441    0.37973
IMAGINARY
          0   0.0163123  0.00286165 -0.00515693
 -0.0163123           0   0.0174419  -0.0456458
-0.00286165  -0.0174419           0  0.00731482
 0.00515693   0.0456458 -0.00731482           0
Repeater1[0]<--->HoM1[0]
REAL
  0.434457   0.025048  0.0091734   0.336912
  0.025048   0.082397   0.053239  0.0135539
 0.0091734   0.053239  0.0799001 0.00904289
  0.336912  0.0135539 0.00904289   0.403246
IMAGINARY
          0  -0.0213627 -0.00645242  -0.0291906
  0.0213627           0   0.0175627  0.00849323
 0.00645242  -0.0175627           0  -0.0038074
  0.0291906 -0.00849323   0.0038074           0
EndNode1[0]<--->Repeater1[0]
REAL
  0.397436  0.0119894  0.0167323   0.340299
 0.0119894  0.0987179  0.0438389 -0.0339737
 0.0167323  0.0438389  0.0858974 -0.0264721
  0.340299 -0.0339737 -0.0264721   0.417949
IMAGINARY
          0  0.00920307    0.001106  -0.0191425
-0.00920307           0 -0.00569823 -0.00932345
  -0.001106  0.00569823           0 -0.00477829
  0.0191425  0.00932345  0.00477829           0
EndNode2[0]<--->HoM1[0]
REAL
   0.400788 -0.00768038   0.0151671    0.350725
-0.00768038   0.0854139   0.0253079  0.00824887
  0.0151671   0.0253079   0.0946124  0.00354815
   0.350725  0.00824887  0.00354815    0.419185
IMAGINARY
           0  -0.00726176 -0.000531467   -0.0188242
