EndNode1[0]<--->Repeater1[0]
REAL
   0.423969 -0.00999053 -0.00437516    0.319407
-0.00999053   0.0695876   0.0339765 -0.00314363
-0.00437516   0.0339765   0.0889175   0.0162562
   0.319407 -0.00314363   0.0162562    0.417526
IMAGINARY
          0  0.00597068  -0.0264926  0.00718739
-0.00597068           0   0.0181898  0.00463829
  0.0264926  -0.0181898           0   0.0079366
-0.00718739 -0.00463829  -0.0079366           0
EndNode2[0]<--->HoM1[0]
REAL
    0.380079  0.000645436 -0.000994089      0.32425
 0.000645436    0.0943644    0.0316289    0.0142684
-0.000994089    0.0316289      0.08519 -1.33251e-05
     0.32425    0.0142684 -1.33251e-05     0.440367
IMAGINARY
           0   0.00461598   0.00722146   0.00728714
 -0.00461598            0  -0.00406133  -0.00722146
 -0.00722146   0.00406133            0 -0.000799184
 -0.00728714   0.00722146  0.000799184            0
Repeater1[0]<--->EndNode1[0]
REAL
   0.423969 -0.00437516 -0.00999053    0.319407
-0.00437516   0.0889175   0.0339765   0.0162562
-0.00999053   0.0339765   0.0695876 -0.00314363
   0.319407   0.0162562 -0.00314363    0.417526
IMAGINARY
          0  -0.0264926  0.00597068  0.00718739
  0.0264926           0  -0.0181898   0.0079366
-0.00597068   0.0181898           0  0.00463829
-0.00718739  -0.0079366 -0.00463829           0
Repeater1[0]<--->HoM1[0]
REAL
    0.380079 -0.000994089  0.000645436      0.32425
-0.000994089      0.08519    0.0316289 -1.33251e-05
 0.000645436    0.0316289    0.0943644    0.0142684
     0.32425 -1.33251e-05    0.0142684     0.440367
IMAGINARY
           0   0.00722146   0.00461598   0.00728714
 -0.00722146            0   0.00406133 -0.000799184
 -0.00461598  -0.00406133            0  -0.00722146
 -0.00728714  0.000799184   0.00722146            0
EndNode1[0]<--->Repeater1[0]
REAL
   0.410156   0.0214029 -0.00812744    0.326456
  0.0214029   0.0768229   0.0267191  0.00812744
-0.00812744   0.0267191   0.0755208 -0.00685263
   0.326456  0.00812744 -0.00685263      0.4375
IMAGINARY
          0  0.00460537  0.00365979 -0.00189794
-0.00460537           0 -0.00126262  -0.0148587
-0.00365979  0.00126262           0  0.00395853
 0.00189794   0.0148587 -0.00395853           0
EndNode2[0]<--->HoM1[0]
REAL
        0.4 -0.00668883  0.00015352    0.327792
-0.00668883   0.0835294   0.0468781  -0.0318158
 0.00015352   0.0468781   0.0941176  -0.0183771
   0.327792  -0.0318158  -0.0183771    0.422353
IMAGINARY
           0    0.0137629    0.0136095 -0.000332494
  -0.0137629            0    0.0116675  -0.00554502
  -0.0136095   -0.0116675            0   -0.0258597
 0.000332494   0.00554502    0.0258597            0
Repeater1[0]<--->EndNode1[0]
REAL
   0.410156 -0.00812744   0.0214029    0.326456
-0.00812744   0.0755208   0.0267191 -0.00685263
  0.0214029   0.0267191   0.0768229  0.00812744
   0.326456 -0.00685263  0.00812744      0.4375
IMAGINARY
          0  0.00365979  0.00460537 -0.00189794
-0.00365979           0  0.00126262  0.00395853
-0.00460537 -0.00126262           0  -0.0148587
 0.00189794 -0.00395853   0.0148587           0
Repeater1[0]<--->HoM1[0]
REAL
        0.4  0.00015352 -0.00668883    0.327792
 0.00015352   0.0941176   0.0468781  -0.0183771
-0.00668883   0.0468781   0.0835294  -0.0318158
   0.327792  -0.0183771  -0.0318158    0.422353
IMAGINARY
           0    0.0136095    0.0137629 -0.000332494
  -0.0136095            0   -0.0116675   -0.0258597
  -0.0137629    0.0116675            0  -0.00554502
 0.000332494    0.0258597   0.00554502            0
EndNode1[0]<--->Repeater1[0]
REAL
  0.413223 -0.0110267 -0.0317591   0.319942
-0.0110267  0.0909091  0.0266256 -0.0173661
-0.0317591  0.0266256  0.0716253  0.0157373
  0.319942 -0.0173661  0.0157373   0.424242
IMAGINARY
          0  -0.0162548 -0.00298688    0.028376
  0.0162548           0  -0.0022613  0.00174925
 0.00298688   0.0022613           0   0.0113043
  -0.028376 -0.00174925  -0.0113043           0
EndNode2[0]<--->HoM1[0]
REAL
   0.439147   0.0117149 -0.00680692    0.323239
  0.0117149   0.0853199   0.0237406   0.0209009
-0.00680692   0.0237406   0.0840652   0.0104328
   0.323239   0.0209009   0.0104328    0.391468
IMAGINARY
           0  -0.00900321    0.0107985  -0.00771975
  0.00900321            0 -0.000195814   0.00298598
  -0.0107985  0.000195814            0  -0.00478125
  0.00771975  -0.00298598   0.00478125            0
Repeater1[0]<--->EndNode1[0]
REAL
  0.413223 -0.0317591 -0.0110267   0.319942
-0.0317591  0.0716253  0.0266256  0.0157373
-0.0110267  0.0266256  0.0909091 -0.0173661
  0.319942  0.0157373 -0.0173661   0.424242
IMAGINARY
          0 -0.00298688  -0.0162548    0.028376
 0.00298688           0   0.0022613   0.0113043
  0.0162548  -0.0022613           0  0.00174925
  -0.028376  -0.0113043 -0.00174925           0
Repeater1[0]<--->HoM1[0]
REAL
   0.439147 -0.00680692   0.0117149    0.323239
-0.00680692   0.0840652   0.0237406   0.0104328
  0.0117149   0.0237406   0.0853199   0.0209009
   0.323239   0.0104328   0.0209009    0.391468
IMAGINARY
           0    0.0107985  -0.00900321  -0.00771975
  -0.0107985            0  0.000195814  -0.00478125
  0.00900321 -0.000195814            0   0.00298598
  0.00771975   0.00478125  -0.00298598            0
EndNode1[0]<--->Repeater1[0]
REAL
  0.413299   0.018496  0.0194908   0.306031
  0.018496  0.0847458   0.017569 0.00732687
 0.0194908   0.017569  0.0808344 -0.0131325
  0.306031 0.00732687 -0.0131325   0.421121
IMAGINARY
          0 -0.00963022  0.00540746   0.0165465
 0.00963022           0 -0.00240772   0.0112592
-0.00540746  0.00240772           0  0.00193791
 -0.0165465  -0.0112592 -0.00193791           0
EndNode2[0]<--->HoM1[0]
REAL
   0.403101 -0.00465839  0.00212241    0.326809
-0.00465839   0.0736434   0.0289367  0.00276757
 0.00212241   0.0289367   0.0839793  0.00465839
   0.326809  0.00276757  0.00465839    0.439276
IMAGINARY
           0   0.00898272   0.00463749  0.000817938
 -0.00898272            0  -0.00849057    -0.032563
 -0.00463749   0.00849057            0   0.00564494
-0.000817938     0.032563  -0.00564494            0
Repeater1[0]<--->EndNode1[0]
REAL
  0.413299  0.0194908   0.018496   0.306031
 0.0194908  0.0808344   0.017569 -0.0131325
  0.018496   0.017569  0.0847458 0.00732687
  0.306031 -0.0131325 0.00732687   0.421121
IMAGINARY
          0  0.00540746 -0.00963022   0.0165465
-0.00540746           0  0.00240772  0.00193791
 0.00963022 -0.00240772           0   0.0112592
 -0.0165465 -0.00193791  -0.0112592           0
Repeater1[0]<--->HoM1[0]
REAL
   0.403101  0.00212241 -0.00465839    0.326809
 0.00212241   0.0839793   0.0289367  0.00465839
-0.00465839   0.0289367   0.0736434  0.00276757
   0.326809  0.00465839  0.00276757    0.439276
IMAGINARY
           0   0.00463749   0.00898272  0.000817938
 -0.00463749            0   0.00849057   0.00564494
 -0.00898272  -0.00849057            0    -0.032563
-0.000817938  -0.00564494     0.032563            0
EndNode1[0]<--->Repeater1[0]
REAL
    0.436214    0.0177313    0.0152284     0.316659
   0.0177313     0.085048   0.00556289 -0.000195742
   0.0152284   0.00556289    0.0768176   -0.0157706
    0.316659 -0.000195742   -0.0157706      0.40192
IMAGINARY
          0 -0.00270798 -0.00543261  -0.0121582
 0.00270798           0 -0.00830216 -0.00975894
 0.00543261  0.00830216           0 -0.00455755
  0.0121582  0.00975894  0.00455755           0
EndNode2[0]<--->HoM1[0]
REAL
  0.423816 0.00373197  0.0104556   0.308435
0.00373197  0.0973111   0.024688 0.00913983
 0.0104556   0.024688  0.0704225   0.013335
  0.308435 0.00913983   0.013335   0.408451
IMAGINARY
          0  -0.0150116   0.0119409  0.00697624
  0.0150116           0   0.0106708  0.00458799
 -0.0119409  -0.0106708           0   0.0136342
-0.00697624 -0.00458799  -0.0136342           0
Repeater1[0]<--->EndNode1[0]
REAL
    0.436214    0.0152284    0.0177313     0.316659
   0.0152284    0.0768176   0.00556289   -0.0157706
   0.0177313   0.00556289     0.085048 -0.000195742
    0.316659   -0.0157706 -0.000195742      0.40192
IMAGINARY
          0 -0.00543261 -0.00270798  -0.0121582
 0.00543261           0  0.00830216 -0.00455755
 0.00270798 -0.00830216           0 -0.00975894
  0.0121582  0.00455755  0.00975894           0
Repeater1[0]<--->HoM1[0]
REAL
  0.423816  0.0104556 0.00373197   0.308435
 0.0104556  0.0704225   0.024688   0.013335
0.00373197   0.024688  0.0973111 0.00913983
  0.308435   0.013335 0.00913983   0.408451
IMAGINARY
          0   0.0119409  -0.0150116  0.00697624
 -0.0119409           0  -0.0106708   0.0136342
  0.0150116   0.0106708           0  0.00458799
-0.00697624  -0.0136342 -0.00458799           0
EndNode1[0]<--->Repeater1[0]
REAL
   0.416256  0.00152285  0.00795398    0.318401
 0.00152285   0.0985222   0.0314112 -0.00607663
 0.00795398   0.0314112   0.0775862   0.0153733
   0.318401 -0.00607663   0.0153733    0.407635
IMAGINARY
          0  0.00050924   0.0200834   0.0023871
-0.00050924           0  0.00177957 -0.00222628
 -0.0200834 -0.00177957           0  -0.0196419
 -0.0023871  0.00222628   0.0196419           0
EndNode2[0]<--->HoM1[0]
REAL
  0.421314 -0.0212768 -0.0245395   0.315709
-0.0212768  0.0793061  0.0322294  0.0180962
-0.0245395  0.0322294  0.0718711 0.00710156
  0.315709  0.0180962 0.00710156   0.427509
IMAGINARY
          0  -0.0147766   0.0224424 -0.00856301
  0.0147766           0 -0.00541835  -0.0105525
 -0.0224424  0.00541835           0  -0.0108805
 0.00856301   0.0105525   0.0108805           0
Repeater1[0]<--->EndNode1[0]
REAL
   0.416256  0.00795398  0.00152285    0.318401
 0.00795398   0.0775862   0.0314112   0.0153733
 0.00152285   0.0314112   0.0985222 -0.00607663
   0.318401   0.0153733 -0.00607663    0.407635
IMAGINARY
          0   0.0200834  0.00050924   0.0023871
 -0.0200834           0 -0.00177957  -0.0196419
-0.00050924  0.00177957           0 -0.00222628
 -0.0023871   0.0196419  0.00222628           0
Repeater1[0]<--->HoM1[0]
REAL
  0.421314 -0.0245395 -0.0212768   0.315709
-0.0245395  0.0718711  0.0322294 0.00710156
-0.0212768  0.0322294  0.0793061  0.0180962
  0.315709 0.00710156  0.0180962   0.427509
IMAGINARY
          0   0.0224424  -0.0147766 -0.00856301
 -0.0224424           0  0.00541835  -0.0108805
  0.0147766 -0.00541835           0  -0.0105525
 0.00856301   0.0108805   0.0105525           0
EndNode1[0]<--->Repeater1[0]
REAL
   0.422222  -0.0214303   0.0112362    0.318941
 -0.0214303    0.075817   0.0328649 -0.00812291
  0.0112362   0.0328649   0.0875817  0.00835429
   0.318941 -0.00812291  0.00835429    0.414379
IMAGINARY
           0    0.0180408  -0.00223607  -0.00251844
  -0.0180408            0   -0.0116568 -0.000295577
  0.00223607    0.0116568            0    0.0136048
  0.00251844  0.000295577   -0.0136048            0
EndNode2[0]<--->HoM1[0]
REAL
    0.413534   0.00377942   0.00464925     0.308472
  0.00377942    0.0789474    0.0373724 -0.000627799
  0.00464925    0.0373724    0.0714286    0.0176683
    0.308472 -0.000627799    0.0176683      0.43609
IMAGINARY
          0 -0.00713012   0.0124684 -0.00162711
 0.00713012           0  0.00291245    0.013107
 -0.0124684 -0.00291245           0  -0.0222816
 0.00162711   -0.013107   0.0222816           0
Repeater1[0]<--->EndNode1[0]
REAL
   0.422222   0.0112362  -0.0214303    0.318941
  0.0112362   0.0875817   0.0328649  0.00835429
 -0.0214303   0.0328649    0.075817 -0.00812291
   0.318941  0.00835429 -0.00812291    0.414379
IMAGINARY
           0  -0.00223607    0.0180408  -0.00251844
  0.00223607            0    0.0116568    0.0136048
  -0.0180408   -0.0116568            0 -0.000295577
  0.00251844   -0.0136048  0.000295577            0
Repeater1[0]<--->HoM1[0]
REAL
    0.413534   0.00464925   0.00377942     0.308472
  0.00464925    0.0714286    0.0373724    0.0176683
  0.00377942    0.0373724    0.0789474 -0.000627799
    0.308472    0.0176683 -0.000627799      0.43609
IMAGINARY
          0   0.0124684 -0.00713012 -0.00162711
 -0.0124684           0 -0.00291245  -0.0222816
 0.00713012  0.00291245           0    0.013107
 0.00162711   0.0222816   -0.013107           0
EndNode1[0]<--->Repeater1[0]
REAL
   0.429988 -0.00257912   0.0191417    0.327848
-0.00257912   0.0879802   0.0257505  -0.0228638
  0.0191417   0.0257505   0.0954151 -0.00858713
   0.327848  -0.0228638 -0.00858713    0.386617
IMAGINARY
           0  -0.00207622    0.0120348   0.00225137
  0.00207622            0 -0.000280277   0.00303733
  -0.0120348  0.000280277            0   -0.0169277
 -0.00225137  -0.00303733    0.0169277            0
EndNode2[0]<--->HoM1[0]
REAL
   0.425061  0.00172071 -0.00703859    0.318313
 0.00172071   0.0896806   0.0193249   0.0162637
-0.00703859   0.0193249   0.0859951  -0.0195559
   0.318313   0.0162637  -0.0195559    0.399263
IMAGINARY
          0   0.0103977  -0.0100494  0.00515889
 -0.0103977           0  0.00703623  -0.0272452
  0.0100494 -0.00703623           0   0.0205758
-0.00515889   0.0272452  -0.0205758           0
Repeater1[0]<--->EndNode1[0]
REAL
   0.429988   0.0191417 -0.00257912    0.327848
  0.0191417   0.0954151   0.0257505 -0.00858713
-0.00257912   0.0257505   0.0879802  -0.0228638
   0.327848 -0.00858713  -0.0228638    0.386617
IMAGINARY
           0    0.0120348  -0.00207622   0.00225137
  -0.0120348            0  0.000280277   -0.0169277
  0.00207622 -0.000280277            0   0.00303733
 -0.00225137    0.0169277  -0.00303733            0
Repeater1[0]<--->HoM1[0]
REAL
   0.425061 -0.00703859  0.00172071    0.318313
-0.00703859   0.0859951   0.0193249  -0.0195559
 0.00172071   0.0193249   0.0896806   0.0162637
   0.318313  -0.0195559   0.0162637    0.399263
IMAGINARY
          0  -0.0100494   0.0103977  0.00515889
  0.0100494           0 -0.00703623   0.0205758
 -0.0103977  0.00703623           0  -0.0272452
-0.00515889  -0.0205758   0.0272452           0
EndNode1[0]<--->Repeater1[0]
REAL
   0.45045  -0.015075 -0.0135252   0.305029
 -0.015075  0.0746461  0.0307923 -0.0129335
-0.0135252  0.0307923  0.0669241 -0.0018856
  0.305029 -0.0129335 -0.0018856   0.407979
IMAGINARY
           0   0.00549112   0.00195879    0.0233554
 -0.00549112            0   -0.0139971  3.32432e-05
 -0.00195879    0.0139971            0   -0.0154513
  -0.0233554 -3.32432e-05    0.0154513            0
EndNode2[0]<--->HoM1[0]
REAL
  0.405405 -0.0133755 0.00041168   0.327072
-0.0133755  0.0746461  0.0287726 -0.0263857
0.00041168  0.0287726  0.0875161 -0.0242869
  0.327072 -0.0263857 -0.0242869   0.432432
IMAGINARY
           0   0.00189169   -0.0310191 -3.89598e-05
 -0.00189169            0   0.00328994    0.0170458
   0.0310191  -0.00328994            0  -6.9092e-05
 3.89598e-05   -0.0170458   6.9092e-05            0
Repeater1[0]<--->EndNode1[0]
REAL
   0.45045 -0.0135252  -0.015075   0.305029
-0.0135252  0.0669241  0.0307923 -0.0018856
 -0.015075  0.0307923  0.0746461 -0.0129335
  0.305029 -0.0018856 -0.0129335   0.407979
IMAGINARY
           0   0.00195879   0.00549112    0.0233554
 -0.00195879            0    0.0139971   -0.0154513
 -0.00549112   -0.0139971            0  3.32432e-05
  -0.0233554    0.0154513 -3.32432e-05            0
Repeater1[0]<--->HoM1[0]
REAL
  0.405405 0.00041168 -0.0133755   0.327072
0.00041168  0.0875161  0.0287726 -0.0242869
-0.0133755  0.0287726  0.0746461 -0.0263857
  0.327072 -0.0242869 -0.0263857   0.432432
IMAGINARY
           0   -0.0310191   0.00189169 -3.89598e-05
   0.0310191            0  -0.00328994  -6.9092e-05
 -0.00189169   0.00328994            0    0.0170458
 3.89598e-05   6.9092e-05   -0.0170458            0
EndNode1[0]<--->Repeater1[0]
REAL
   0.407683  0.00209755 -0.00121451    0.325192
 0.00209755   0.0842627   0.0257167 -0.00908852
-0.00121451   0.0257167    0.104089    0.003357
   0.325192 -0.00908852    0.003357    0.403965
IMAGINARY
           0  0.000930303    0.0105276    0.0220428
-0.000930303            0   -0.0100428    0.0268249
  -0.0105276    0.0100428            0  -0.00289623
  -0.0220428   -0.0268249   0.00289623            0
EndNode2[0]<--->HoM1[0]
REAL
   0.429612 -0.00492005 -0.00806452    0.328112
-0.00492005    0.100728   0.0407197  0.00806452
-0.00806452   0.0407197   0.0728155  0.00362135
   0.328112  0.00806452  0.00362135    0.396845
IMAGINARY
          0   0.0176578 -0.00315406  0.00595823
 -0.0176578           0  -0.0079139  -0.0296024
 0.00315406   0.0079139           0   0.0101544
-0.00595823   0.0296024  -0.0101544           0
Repeater1[0]<--->EndNode1[0]
REAL
   0.407683 -0.00121451  0.00209755    0.325192
-0.00121451    0.104089   0.0257167    0.003357
 0.00209755   0.0257167   0.0842627 -0.00908852
   0.325192    0.003357 -0.00908852    0.403965
IMAGINARY
           0    0.0105276  0.000930303    0.0220428
  -0.0105276            0    0.0100428  -0.00289623
-0.000930303   -0.0100428            0    0.0268249
  -0.0220428   0.00289623   -0.0268249            0
Repeater1[0]<--->HoM1[0]
REAL
   0.429612 -0.00806452 -0.00492005    0.328112
-0.00806452   0.0728155   0.0407197  0.00362135
-0.00492005   0.0407197    0.100728  0.00806452
   0.328112  0.00362135  0.00806452    0.396845
IMAGINARY
          0 -0.00315406   0.0176578  0.00595823
 0.00315406           0   0.0079139   0.0101544
 -0.0176578  -0.0079139           0  -0.0296024
-0.00595823  -0.0101544   0.0296024           0
EndNode1[0]<--->Repeater1[0]
REAL
    0.423226  -0.00527332 -0.000119321     0.306174
 -0.00527332    0.0864516    0.0327875   -0.0167638
-0.000119321    0.0327875    0.0748387   0.00137722
    0.306174   -0.0167638   0.00137722     0.415484
IMAGINARY
          0 -0.00897078 -0.00845383  0.00600038
 0.00897078           0  -0.0120569   0.0130652
 0.00845383   0.0120569           0  -0.0140859
-0.00600038  -0.0130652   0.0140859           0
EndNode2[0]<--->HoM1[0]
REAL
   0.43375 0.00644647 0.00161536   0.327361
0.00644647       0.07  0.0292077 -0.0163607
0.00161536  0.0292077    0.07375 0.00963932
  0.327361 -0.0163607 0.00963932     0.4225
IMAGINARY
          0  0.00358909  -0.0104205    0.022421
-0.00358909           0 -0.00150846 -0.00409138
  0.0104205  0.00150846           0  0.00168795
  -0.022421  0.00409138 -0.00168795           0
Repeater1[0]<--->EndNode1[0]
REAL
    0.423226 -0.000119321  -0.00527332     0.306174
-0.000119321    0.0748387    0.0327875   0.00137722
 -0.00527332    0.0327875    0.0864516   -0.0167638
    0.306174   0.00137722   -0.0167638     0.415484
IMAGINARY
          0 -0.00845383 -0.00897078  0.00600038
 0.00845383           0   0.0120569  -0.0140859
 0.00897078  -0.0120569           0   0.0130652
-0.00600038   0.0140859  -0.0130652           0
Repeater1[0]<--->HoM1[0]
REAL
   0.43375 0.00161536 0.00644647   0.327361
0.00161536    0.07375  0.0292077 0.00963932
0.00644647  0.0292077       0.07 -0.0163607
  0.327361 0.00963932 -0.0163607     0.4225
IMAGINARY
          0  -0.0104205  0.00358909    0.022421
  0.0104205           0  0.00150846  0.00168795
-0.00358909 -0.00150846           0 -0.00409138
  -0.022421 -0.00168795  0.00409138           0
EndNode1[0]<--->Repeater1[0]
REAL
  0.426908 0.00471468 -0.0308746   0.317528
0.00471468   0.076326  0.0364866  0.0016775
-0.0308746  0.0364866  0.0892626 -0.0120139
  0.317528  0.0016775 -0.0120139   0.407503
IMAGINARY
          0  0.00355596   0.0221121 -0.00297756
-0.00355596           0   0.0114317  0.00125241
 -0.0221121  -0.0114317           0 -0.00555863
 0.00297756 -0.00125241  0.00555863           0
EndNode2[0]<--->HoM1[0]
REAL
  0.422744 -0.0119162 0.00698629   0.335262
-0.0119162  0.0766378  0.0313164 0.00292124
0.00698629  0.0313164  0.0877627  0.0099347
  0.335262 0.00292124  0.0099347   0.412855
IMAGINARY
          0   0.0124223  0.00216928  0.00238626
 -0.0124223           0   0.0249327  -0.0151163
-0.00216928  -0.0249327           0  0.00668986
-0.00238626   0.0151163 -0.00668986           0
Repeater1[0]<--->EndNode1[0]
REAL
  0.426908 -0.0308746 0.00471468   0.317528
-0.0308746  0.0892626  0.0364866 -0.0120139
0.00471468  0.0364866   0.076326  0.0016775
  0.317528 -0.0120139  0.0016775   0.407503
IMAGINARY
          0   0.0221121  0.00355596 -0.00297756
 -0.0221121           0  -0.0114317 -0.00555863
-0.00355596   0.0114317           0  0.00125241
 0.00297756  0.00555863 -0.00125241           0
Repeater1[0]<--->HoM1[0]
REAL
  0.422744 0.00698629 -0.0119162   0.335262
0.00698629  0.0877627  0.0313164  0.0099347
-0.0119162  0.0313164  0.0766378 0.00292124
  0.335262  0.0099347 0.00292124   0.412855
IMAGINARY
          0  0.00216928   0.0124223  0.00238626
-0.00216928           0  -0.0249327  0.00668986
 -0.0124223   0.0249327           0  -0.0151163
-0.00238626 -0.00668986   0.0151163           0
EndNode1[0]<--->Repeater1[0]
REAL
   0.40856 0.00148111      0.018   0.313701
0.00148111   0.106355  0.0329658 0.00733333
     0.018  0.0329658  0.0881971 0.00651889
  0.313701 0.00733333 0.00651889   0.396887
IMAGINARY
           0   0.00271808   0.00619778 -0.000678089
 -0.00271808            0   -0.0024745    0.0349936
 -0.00619778    0.0024745            0   -0.0198283
 0.000678089   -0.0349936    0.0198283            0
EndNode2[0]<--->HoM1[0]
REAL
   0.428922  -0.0136544  0.00506844    0.320001
 -0.0136544   0.0821078   0.0532021 -0.00310766
 0.00506844   0.0532021   0.0747549   0.0221512
   0.320001 -0.00310766   0.0221512    0.414216
IMAGINARY
          0  0.00111048  0.00456213 -0.00570163
-0.00111048           0   0.0162557  0.00663682
-0.00456213  -0.0162557           0 -0.00572181
 0.00570163 -0.00663682  0.00572181           0
Repeater1[0]<--->EndNode1[0]
REAL
   0.40856      0.018 0.00148111   0.313701
     0.018  0.0881971  0.0329658 0.00651889
0.00148111  0.0329658   0.106355 0.00733333
  0.313701 0.00651889 0.00733333   0.396887
IMAGINARY
           0   0.00619778   0.00271808 -0.000678089
 -0.00619778            0    0.0024745   -0.0198283
 -0.00271808   -0.0024745            0    0.0349936
 0.000678089    0.0198283   -0.0349936            0
Repeater1[0]<--->HoM1[0]
REAL
   0.428922  0.00506844  -0.0136544    0.320001
 0.00506844   0.0747549   0.0532021   0.0221512
 -0.0136544   0.0532021   0.0821078 -0.00310766
   0.320001   0.0221512 -0.00310766    0.414216
IMAGINARY
          0  0.00456213  0.00111048 -0.00570163
-0.00456213           0  -0.0162557 -0.00572181
-0.00111048   0.0162557           0  0.00663682
 0.00570163  0.00572181 -0.00663682           0
EndNode1[0]<--->Repeater1[0]
REAL
 0.396203 -0.015049 0.0105413   0.30807
-0.015049 0.0772152 0.0174331 0.0035527
0.0105413 0.0174331  0.110127 0.0157202
  0.30807 0.0035527 0.0157202  0.416456
IMAGINARY
          0 -0.00708744   0.0074924  0.00891678
 0.00708744           0  0.00891678   0.0152644
 -0.0074924 -0.00891678           0   -0.014369
-0.00891678  -0.0152644    0.014369           0
EndNode2[0]<--->HoM1[0]
REAL
       0.4 -0.0278376 -0.0163472   0.325197
-0.0278376  0.0968553  0.0225998  -0.015028
-0.0163472  0.0225998  0.0716981 -0.0168887
  0.325197  -0.015028 -0.0168887   0.431447
IMAGINARY
           0   -0.0156048       0.0169    0.0171479
   0.0156048            0  0.000352067   0.00387919
     -0.0169 -0.000352067            0   -0.0103692
  -0.0171479  -0.00387919    0.0103692            0
Repeater1[0]<--->EndNode1[0]
REAL
 0.396203 0.0105413 -0.015049   0.30807
0.0105413  0.110127 0.0174331 0.0157202
-0.015049 0.0174331 0.0772152 0.0035527
  0.30807 0.0157202 0.0035527  0.416456
IMAGINARY
          0   0.0074924 -0.00708744  0.00891678
 -0.0074924           0 -0.00891678   -0.014369
 0.00708744  0.00891678           0   0.0152644
-0.00891678    0.014369  -0.0152644           0
Repeater1[0]<--->HoM1[0]
REAL
       0.4 -0.0163472 -0.0278376   0.325197
-0.0163472  0.0716981  0.0225998 -0.0168887
-0.0278376  0.0225998  0.0968553  -0.015028
  0.325197 -0.0168887  -0.015028   0.431447
IMAGINARY
           0       0.0169   -0.0156048    0.0171479
     -0.0169            0 -0.000352067   -0.0103692
   0.0156048  0.000352067            0   0.00387919
  -0.0171479    0.0103692  -0.00387919            0
EndNode1[0]<--->Repeater1[0]
REAL
  0.453351 0.00993779  0.0123853    0.31606
0.00993779  0.0906702   0.036399 -0.0130158
 0.0123853   0.036399  0.0775296 -0.0193955
   0.31606 -0.0130158 -0.0193955   0.378449
IMAGINARY
           0  -0.00158908    0.0107686   -0.0137362
  0.00158908            0   -0.0111982  0.000313517
  -0.0107686    0.0111982            0 -0.000366589
   0.0137362 -0.000313517  0.000366589            0
EndNode2[0]<--->HoM1[0]
REAL
  0.402189 0.00796224  0.0193468   0.336759
0.00796224  0.0807114    0.02897 -0.0129529
 0.0193468    0.02897  0.0779754 0.00482548
  0.336759 -0.0129529 0.00482548   0.439124
IMAGINARY
           0 -0.000972418   -0.0106394   -0.0117594
 0.000972418            0   -0.0224512  -0.00443595
   0.0106394    0.0224512            0    0.0273543
   0.0117594   0.00443595   -0.0273543            0
Repeater1[0]<--->EndNode1[0]
REAL
  0.453351  0.0123853 0.00993779    0.31606
 0.0123853  0.0775296   0.036399 -0.0193955
0.00993779   0.036399  0.0906702 -0.0130158
   0.31606 -0.0193955 -0.0130158   0.378449
IMAGINARY
           0    0.0107686  -0.00158908   -0.0137362
  -0.0107686            0    0.0111982 -0.000366589
  0.00158908   -0.0111982            0  0.000313517
   0.0137362  0.000366589 -0.000313517            0
Repeater1[0]<--->HoM1[0]
REAL
  0.402189  0.0193468 0.00796224   0.336759
 0.0193468  0.0779754    0.02897 0.00482548
0.00796224    0.02897  0.0807114 -0.0129529
  0.336759 0.00482548 -0.0129529   0.439124
IMAGINARY
           0   -0.0106394 -0.000972418   -0.0117594
   0.0106394            0    0.0224512    0.0273543
 0.000972418   -0.0224512            0  -0.00443595
   0.0117594   -0.0273543   0.00443595            0
EndNode1[0]<--->Repeater1[0]
REAL
   0.435631  0.00938338  0.00459466    0.321529
 0.00938338   0.0845254   0.0337684   0.0186612
 0.00459466   0.0337684    0.083225 -0.00938338
   0.321529   0.0186612 -0.00938338    0.396619
IMAGINARY
          0 -0.00100465  0.00688665  0.00160038
 0.00100465           0 -0.00476094 -0.00818873
-0.00688665  0.00476094           0    0.021838
-0.00160038  0.00818873   -0.021838           0
EndNode2[0]<--->HoM1[0]
REAL
   0.432161    0.025482  0.00276113    0.318019
   0.025482   0.0703518   0.0378133  0.00837911
 0.00276113   0.0378133   0.0816583 -0.00123558
   0.318019  0.00837911 -0.00123558    0.415829
IMAGINARY
          0   0.0170513 -0.00972821 -0.00772715
 -0.0170513           0  -0.0243716 -0.00569595
 0.00972821   0.0243716           0   0.0125117
 0.00772715  0.00569595  -0.0125117           0
Repeater1[0]<--->EndNode1[0]
REAL
   0.435631  0.00459466  0.00938338    0.321529
 0.00459466    0.083225   0.0337684 -0.00938338
 0.00938338   0.0337684   0.0845254   0.0186612
   0.321529 -0.00938338   0.0186612    0.396619
IMAGINARY
          0  0.00688665 -0.00100465  0.00160038
-0.00688665           0  0.00476094    0.021838
 0.00100465 -0.00476094           0 -0.00818873
-0.00160038   -0.021838  0.00818873           0
Repeater1[0]<--->HoM1[0]
REAL
   0.432161  0.00276113    0.025482    0.318019
 0.00276113   0.0816583   0.0378133 -0.00123558
   0.025482   0.0378133   0.0703518  0.00837911
   0.318019 -0.00123558  0.00837911    0.415829
IMAGINARY
          0 -0.00972821   0.0170513 -0.00772715
 0.00972821           0   0.0243716   0.0125117
 -0.0170513  -0.0243716           0 -0.00569595
 0.00772715  -0.0125117  0.00569595           0
EndNode1[0]<--->Repeater1[0]
REAL
   0.429521   0.0194222   0.0156373    0.325981
  0.0194222   0.0904255   0.0227028  0.00278379
  0.0156373   0.0227028   0.0837766 -0.00231693
   0.325981  0.00278379 -0.00231693    0.396277
IMAGINARY
           0   -0.0129069   -0.0171146   0.00582781
   0.0129069            0  0.000699605    0.0288242
   0.0171146 -0.000699605            0  -0.00582843
 -0.00582781   -0.0288242   0.00582843            0
EndNode2[0]<--->HoM1[0]
REAL
   0.411058  0.00311372 -0.00528338    0.304425
 0.00311372   0.0913462   0.0153724   0.0293951
-0.00528338   0.0153724   0.0985577   0.0108457
   0.304425   0.0293951   0.0108457    0.399038
IMAGINARY
          0   0.0160658  -0.0230549   0.0272005
 -0.0160658           0   0.0165904  -0.0109905
  0.0230549  -0.0165904           0 -0.00338218
 -0.0272005   0.0109905  0.00338218           0
Repeater1[0]<--->EndNode1[0]
REAL
   0.429521   0.0156373   0.0194222    0.325981
  0.0156373   0.0837766   0.0227028 -0.00231693
  0.0194222   0.0227028   0.0904255  0.00278379
   0.325981 -0.00231693  0.00278379    0.396277
IMAGINARY
           0   -0.0171146   -0.0129069   0.00582781
   0.0171146            0 -0.000699605  -0.00582843
   0.0129069  0.000699605            0    0.0288242
 -0.00582781   0.00582843   -0.0288242            0
Repeater1[0]<--->HoM1[0]
REAL
   0.411058 -0.00528338  0.00311372    0.304425
-0.00528338   0.0985577   0.0153724   0.0108457
 0.00311372   0.0153724   0.0913462   0.0293951
   0.304425   0.0108457   0.0293951    0.399038
IMAGINARY
          0  -0.0230549   0.0160658   0.0272005
  0.0230549           0  -0.0165904 -0.00338218
 -0.0160658   0.0165904           0  -0.0109905
 -0.0272005  0.00338218   0.0109905           0
EndNode1[0]<--->Repeater1[0]
REAL
    0.41507  -0.0144625  0.00998518    0.317523
 -0.0144625    0.091954   0.0309618 -0.00405633
 0.00998518   0.0309618   0.0957854   0.0085336
   0.317523 -0.00405633   0.0085336     0.39719
IMAGINARY
          0    0.011698 -0.00755967  0.00358137
  -0.011698           0  0.00294605 -0.00627432
 0.00755967 -0.00294605           0   0.0205813
-0.00358137  0.00627432  -0.0205813           0
EndNode2[0]<--->HoM1[0]
REAL
   0.374674   0.0013818   0.0052503    0.313223
  0.0013818   0.0939948   0.0298895 -0.00397479
  0.0052503   0.0298895   0.0874674 -0.00903486
   0.313223 -0.00397479 -0.00903486    0.443864
IMAGINARY
          0 -0.00835196 -0.00448638 -0.00616302
 0.00835196           0  -0.0153494   0.0173069
 0.00448638   0.0153494           0  -0.0288275
 0.00616302  -0.0173069   0.0288275           0
Repeater1[0]<--->EndNode1[0]
REAL
    0.41507  0.00998518  -0.0144625    0.317523
 0.00998518   0.0957854   0.0309618   0.0085336
 -0.0144625   0.0309618    0.091954 -0.00405633
   0.317523   0.0085336 -0.00405633     0.39719
IMAGINARY
          0 -0.00755967    0.011698  0.00358137
 0.00755967           0 -0.00294605   0.0205813
  -0.011698  0.00294605           0 -0.00627432
-0.00358137  -0.0205813  0.00627432           0
Repeater1[0]<--->HoM1[0]
REAL
   0.374674   0.0052503   0.0013818    0.313223
  0.0052503   0.0874674   0.0298895 -0.00903486
  0.0013818   0.0298895   0.0939948 -0.00397479
   0.313223 -0.00903486 -0.00397479    0.443864
IMAGINARY
          0 -0.00448638 -0.00835196 -0.00616302
 0.00448638           0   0.0153494  -0.0288275
 0.00835196  -0.0153494           0   0.0173069
 0.00616302   0.0288275  -0.0173069           0
EndNode1[0]<--->Repeater1[0]
REAL
   0.430263 -0.00551286 -0.00815642    0.300375
-0.00551286   0.0815789    0.031625 -0.00251025
-0.00815642    0.031625   0.0934211  -0.0264871
   0.300375 -0.00251025  -0.0264871    0.394737
IMAGINARY
          0  0.00537402 -0.00910216 -0.00132181
-0.00537402           0  0.00500731   0.0378522
 0.00910216 -0.00500731           0   -0.010374
 0.00132181  -0.0378522    0.010374           0
EndNode2[0]<--->HoM1[0]
REAL
    0.431849  -0.00388396    0.0176896     0.311756
 -0.00388396    0.0688259   0.00735207 -0.000492183
   0.0176896   0.00735207    0.0877193   0.00834256
    0.311756 -0.000492183   0.00834256     0.411606
IMAGINARY
          0  -0.0149234   0.0116065   0.0261775
  0.0149234           0  0.00156606  0.00911891
 -0.0116065 -0.00156606           0 -0.00450669
 -0.0261775 -0.00911891  0.00450669           0
Repeater1[0]<--->EndNode1[0]
REAL
   0.430263 -0.00815642 -0.00551286    0.300375
-0.00815642   0.0934211    0.031625  -0.0264871
-0.00551286    0.031625   0.0815789 -0.00251025
   0.300375  -0.0264871 -0.00251025    0.394737
IMAGINARY
          0 -0.00910216  0.00537402 -0.00132181
 0.00910216           0 -0.00500731   -0.010374
-0.00537402  0.00500731           0   0.0378522
 0.00132181    0.010374  -0.0378522           0
Repeater1[0]<--->HoM1[0]
REAL
    0.431849    0.0176896  -0.00388396     0.311756
   0.0176896    0.0877193   0.00735207   0.00834256
 -0.00388396   0.00735207    0.0688259 -0.000492183
    0.311756   0.00834256 -0.000492183     0.411606
IMAGINARY
          0   0.0116065  -0.0149234   0.0261775
 -0.0116065           0 -0.00156606 -0.00450669
  0.0149234  0.00156606           0  0.00911891
 -0.0261775  0.00450669 -0.00911891           0
EndNode1[0]<--->Repeater1[0]
REAL
   0.425667  0.00326371   0.0244709    0.321278
 0.00326371   0.0762389    0.034542  -0.0152116
  0.0244709    0.034542   0.0673443 -0.00326371
   0.321278  -0.0152116 -0.00326371     0.43075
IMAGINARY
          0 -0.00872759 -0.00322225  -0.0179156
 0.00872759           0  -0.0253414 -0.00523028
 0.00322225   0.0253414           0  0.00157544
  0.0179156  0.00523028 -0.00157544           0
EndNode2[0]<--->HoM1[0]
REAL
    0.395808 -0.000614841    0.0272407     0.321971
-0.000614841    0.0715166    0.0183536  -0.00897277
   0.0272407    0.0183536    0.0900123   0.00264461
    0.321971  -0.00897277   0.00264461     0.442663
IMAGINARY
           0    0.0119951   -0.0139623  0.000101551
  -0.0119951            0    0.0227146   0.00750235
   0.0139623   -0.0227146            0   0.00221676
-0.000101551  -0.00750235  -0.00221676            0
Repeater1[0]<--->EndNode1[0]
REAL
   0.425667   0.0244709  0.00326371    0.321278
  0.0244709   0.0673443    0.034542 -0.00326371
 0.00326371    0.034542   0.0762389  -0.0152116
   0.321278 -0.00326371  -0.0152116     0.43075
IMAGINARY
          0 -0.00322225 -0.00872759  -0.0179156
 0.00322225           0   0.0253414  0.00157544
 0.00872759  -0.0253414           0 -0.00523028
  0.0179156 -0.00157544  0.00523028           0
Repeater1[0]<--->HoM1[0]
REAL
    0.395808    0.0272407 -0.000614841     0.321971
   0.0272407    0.0900123    0.0183536   0.00264461
-0.000614841    0.0183536    0.0715166  -0.00897277
    0.321971   0.00264461  -0.00897277     0.442663
IMAGINARY
           0   -0.0139623    0.0119951  0.000101551
   0.0139623            0   -0.0227146   0.00221676
  -0.0119951    0.0227146            0   0.00750235
-0.000101551  -0.00221676  -0.00750235            0
EndNode1[0]<--->Repeater1[0]
REAL
   0.40721  0.0156785 0.00172362   0.311352
 0.0156785  0.0694259  0.0202129  0.0075602
0.00172362  0.0202129  0.0934579 0.00288918
  0.311352  0.0075602 0.00288918   0.429907
IMAGINARY
          0   0.0110771 -0.00528927   0.0131079
 -0.0110771           0  0.00106735  -0.0099006
 0.00528927 -0.00106735           0   0.0129735
 -0.0131079   0.0099006  -0.0129735           0
EndNode2[0]<--->HoM1[0]
REAL
   0.417834  0.00739313  -0.0132319    0.328052
 0.00739313   0.0713376   0.0152315 -0.00169346
 -0.0132319   0.0152315   0.0917197  6.9559e-05
   0.328052 -0.00169346  6.9559e-05    0.419108
IMAGINARY
          0  0.00217297   0.0107631  0.00860996
-0.00217297           0   0.0230029 -0.00307084
 -0.0107631  -0.0230029           0   0.0106475
-0.00860996  0.00307084  -0.0106475           0
Repeater1[0]<--->EndNode1[0]
REAL
   0.40721 0.00172362  0.0156785   0.311352
0.00172362  0.0934579  0.0202129 0.00288918
 0.0156785  0.0202129  0.0694259  0.0075602
  0.311352 0.00288918  0.0075602   0.429907
IMAGINARY
          0 -0.00528927   0.0110771   0.0131079
 0.00528927           0 -0.00106735   0.0129735
 -0.0110771  0.00106735           0  -0.0099006
 -0.0131079  -0.0129735   0.0099006           0
Repeater1[0]<--->HoM1[0]
REAL
   0.417834  -0.0132319  0.00739313    0.328052
 -0.0132319   0.0917197   0.0152315  6.9559e-05
 0.00739313   0.0152315   0.0713376 -0.00169346
   0.328052  6.9559e-05 -0.00169346    0.419108
IMAGINARY
          0   0.0107631  0.00217297  0.00860996
 -0.0107631           0  -0.0230029   0.0106475
-0.00217297   0.0230029           0 -0.00307084
-0.00860996  -0.0106475  0.00307084           0
EndNode1[0]<--->Repeater1[0]
REAL
   0.407801   0.0134788   0.0144391    0.319924
  0.0134788   0.0898345   0.0298835   0.0157278
  0.0144391   0.0298835   0.0780142 -0.00256739
   0.319924   0.0157278 -0.00256739     0.42435
IMAGINARY
          0 -0.00603649 -0.00739147 -0.00425634
 0.00603649           0 -0.00297099   0.0107562
 0.00739147  0.00297099           0   -0.013479
 0.00425634  -0.0107562    0.013479           0
EndNode2[0]<--->HoM1[0]
REAL
  0.404177 -0.0105316  0.0104692   0.321149
-0.0105316  0.0958231   0.022937  0.0150684
 0.0104692   0.022937  0.0859951  0.0226284
  0.321149  0.0150684  0.0226284   0.414005
IMAGINARY
           0  -0.00819802    0.0192851   0.00973349
  0.00819802            0   -0.0166517 -0.000766614
  -0.0192851    0.0166517            0  -0.00010338
 -0.00973349  0.000766614   0.00010338            0
Repeater1[0]<--->EndNode1[0]
REAL
   0.407801   0.0144391   0.0134788    0.319924
  0.0144391   0.0780142   0.0298835 -0.00256739
  0.0134788   0.0298835   0.0898345   0.0157278
   0.319924 -0.00256739   0.0157278     0.42435
IMAGINARY
          0 -0.00739147 -0.00603649 -0.00425634
 0.00739147           0  0.00297099   -0.013479
 0.00603649 -0.00297099           0   0.0107562
 0.00425634    0.013479  -0.0107562           0
Repeater1[0]<--->HoM1[0]
REAL
  0.404177  0.0104692 -0.0105316   0.321149
 0.0104692  0.0859951   0.022937  0.0226284
-0.0105316   0.022937  0.0958231  0.0150684
  0.321149  0.0226284  0.0150684   0.414005
IMAGINARY
           0    0.0192851  -0.00819802   0.00973349
  -0.0192851            0    0.0166517  -0.00010338
  0.00819802   -0.0166517            0 -0.000766614
 -0.00973349   0.00010338  0.000766614            0
EndNode1[0]<--->Repeater1[0]
REAL
    0.43257  -0.0129657 -0.00898863    0.301517
 -0.0129657   0.0687023   0.0415716  -0.0115593
-0.00898863   0.0415716   0.0750636 -0.00509163
   0.301517  -0.0115593 -0.00509163    0.423664
IMAGINARY
          0  -0.0252233   0.0175669 -0.00228244
  0.0252233           0  -0.0152614  0.00506687
 -0.0175669   0.0152614           0   0.0121917
 0.00228244 -0.00506687  -0.0121917           0
EndNode2[0]<--->HoM1[0]
REAL
    0.41625   0.0161972  -0.0115395    0.302835
  0.0161972        0.09   0.0373711 -0.00650173
 -0.0115395   0.0373711        0.07  -0.0161972
   0.302835 -0.00650173  -0.0161972     0.42375
IMAGINARY
           0    0.0126663   -0.0120915   0.00256107
  -0.0126663            0  0.000664736    0.0120915
   0.0120915 -0.000664736            0    -0.010089
 -0.00256107   -0.0120915     0.010089            0
Repeater1[0]<--->EndNode1[0]
REAL
    0.43257 -0.00898863  -0.0129657    0.301517
-0.00898863   0.0750636   0.0415716 -0.00509163
 -0.0129657   0.0415716   0.0687023  -0.0115593
   0.301517 -0.00509163  -0.0115593    0.423664
IMAGINARY
          0   0.0175669  -0.0252233 -0.00228244
 -0.0175669           0   0.0152614   0.0121917
  0.0252233  -0.0152614           0  0.00506687
 0.00228244  -0.0121917 -0.00506687           0
Repeater1[0]<--->HoM1[0]
REAL
    0.41625  -0.0115395   0.0161972    0.302835
 -0.0115395        0.07   0.0373711  -0.0161972
  0.0161972   0.0373711        0.09 -0.00650173
   0.302835  -0.0161972 -0.00650173     0.42375
IMAGINARY
           0   -0.0120915    0.0126663   0.00256107
   0.0120915            0 -0.000664736    -0.010089
  -0.0126663  0.000664736            0    0.0120915
 -0.00256107     0.010089   -0.0120915            0
EndNode1[0]<--->Repeater1[0]
REAL
    0.400541    0.0133086 -0.000736147     0.312832
   0.0133086    0.0730717    0.0353353    0.0321498
-0.000736147    0.0353353    0.0920162    0.0259584
    0.312832    0.0321498    0.0259584     0.434371
IMAGINARY
          0  0.00977113 -0.00763729   0.0058576
-0.00977113           0  -0.0121548  -0.0144866
 0.00763729   0.0121548           0  0.00729588
 -0.0058576   0.0144866 -0.00729588           0
EndNode2[0]<--->HoM1[0]
REAL
   0.417853  0.00962411 -0.00100909    0.315572
 0.00962411   0.0983182   0.0281386  0.00418571
-0.00100909   0.0281386   0.0711514  0.00498835
