EndNode1[0]<--->Repeater1[0]
REAL
   0.426357 -0.00421452 -0.00794817    0.314161
-0.00421452   0.0568475   0.0225476 0.000353234
-0.00794817   0.0225476   0.0710594  0.00801199
   0.314161 0.000353234  0.00801199    0.445736
IMAGINARY
          0 -0.00169253  0.00226925  -0.0231943
 0.00169253           0   0.0131693  -0.0181524
-0.00226925  -0.0131693           0  0.00486915
  0.0231943   0.0181524 -0.00486915           0
EndNode2[0]<--->HoM1[0]
REAL
   0.393977   -0.004429  -0.0184661    0.315654
  -0.004429   0.0803011   0.0257167 -0.00564558
 -0.0184661   0.0257167   0.0853199 -0.00318522
   0.315654 -0.00564558 -0.00318522    0.440402
IMAGINARY
          0 -0.00124188  -0.0110184   0.0165564
 0.00124188           0  0.00541432 -0.00973633
  0.0110184 -0.00541432           0  -0.0044185
 -0.0165564  0.00973633   0.0044185           0
Repeater1[0]<--->EndNode1[0]
REAL
   0.426357 -0.00794817 -0.00421452    0.314161
-0.00794817   0.0710594   0.0225476  0.00801199
-0.00421452   0.0225476   0.0568475 0.000353234
   0.314161  0.00801199 0.000353234    0.445736
IMAGINARY
          0  0.00226925 -0.00169253  -0.0231943
-0.00226925           0  -0.0131693  0.00486915
 0.00169253   0.0131693           0  -0.0181524
  0.0231943 -0.00486915   0.0181524           0
Repeater1[0]<--->HoM1[0]
REAL
   0.393977  -0.0184661   -0.004429    0.315654
 -0.0184661   0.0853199   0.0257167 -0.00318522
  -0.004429   0.0257167   0.0803011 -0.00564558
   0.315654 -0.00318522 -0.00564558    0.440402
IMAGINARY
          0  -0.0110184 -0.00124188   0.0165564
  0.0110184           0 -0.00541432  -0.0044185
 0.00124188  0.00541432           0 -0.00973633
 -0.0165564   0.0044185  0.00973633           0
EndNode1[0]<--->Repeater1[0]
REAL
   0.406494  -0.0140619  -0.0103961    0.310175
 -0.0140619   0.0987013   0.0433284  -0.0169924
 -0.0103961   0.0433284   0.0662338 -0.00440941
   0.310175  -0.0169924 -0.00440941    0.428571
IMAGINARY
          0   0.0021666   0.0197569  -0.0122117
 -0.0021666           0 -0.00958009  0.00584959
 -0.0197569  0.00958009           0  -0.0129483
  0.0122117 -0.00584959   0.0129483           0
EndNode2[0]<--->HoM1[0]
REAL
 0.428389 0.0122786 0.0311616  0.332505
0.0122786 0.0639386 0.0391881 0.0376215
0.0311616 0.0391881 0.0997442 0.0340177
 0.332505 0.0376215 0.0340177  0.407928
IMAGINARY
          0  0.00728991 -0.00275795  -0.0141187
-0.00728991           0  0.00603244   0.0200847
 0.00275795 -0.00603244           0  -0.0110028
  0.0141187  -0.0200847   0.0110028           0
Repeater1[0]<--->EndNode1[0]
REAL
   0.406494  -0.0103961  -0.0140619    0.310175
 -0.0103961   0.0662338   0.0433284 -0.00440941
 -0.0140619   0.0433284   0.0987013  -0.0169924
   0.310175 -0.00440941  -0.0169924    0.428571
IMAGINARY
          0   0.0197569   0.0021666  -0.0122117
 -0.0197569           0  0.00958009  -0.0129483
 -0.0021666 -0.00958009           0  0.00584959
  0.0122117   0.0129483 -0.00584959           0
Repeater1[0]<--->HoM1[0]
REAL
 0.428389 0.0311616 0.0122786  0.332505
0.0311616 0.0997442 0.0391881 0.0340177
0.0122786 0.0391881 0.0639386 0.0376215
 0.332505 0.0340177 0.0376215  0.407928
IMAGINARY
          0 -0.00275795  0.00728991  -0.0141187
 0.00275795           0 -0.00603244  -0.0110028
-0.00728991  0.00603244           0   0.0200847
  0.0141187   0.0110028  -0.0200847           0
EndNode1[0]<--->Repeater1[0]
REAL
  0.402945 0.00269028 0.00223253   0.323523
0.00269028  0.0722892  0.0278108 -0.0117624
0.00223253  0.0278108  0.0696118 -0.0185734
  0.323523 -0.0117624 -0.0185734   0.455154
IMAGINARY
          0  -0.0135561  0.00174845  0.00338872
  0.0135561           0  0.00904909  0.00518724
-0.00174845 -0.00904909           0  -0.0135561
-0.00338872 -0.00518724   0.0135561           0
EndNode2[0]<--->HoM1[0]
REAL
   0.415243  0.00817843  0.00979193    0.328015
 0.00817843   0.0749014   0.0348278 -0.00106375
 0.00979193   0.0348278   0.0775296 -0.00443778
   0.328015 -0.00106375 -0.00443778    0.432326
IMAGINARY
          0   0.0278909   0.0147236 -0.00263024
 -0.0278909           0   0.0115816 -0.00864088
 -0.0147236  -0.0115816           0  -0.0315406
 0.00263024  0.00864088   0.0315406           0
Repeater1[0]<--->EndNode1[0]
REAL
  0.402945 0.00223253 0.00269028   0.323523
0.00223253  0.0696118  0.0278108 -0.0185734
0.00269028  0.0278108  0.0722892 -0.0117624
  0.323523 -0.0185734 -0.0117624   0.455154
IMAGINARY
          0  0.00174845  -0.0135561  0.00338872
-0.00174845           0 -0.00904909  -0.0135561
  0.0135561  0.00904909           0  0.00518724
-0.00338872   0.0135561 -0.00518724           0
Repeater1[0]<--->HoM1[0]
REAL
   0.415243  0.00979193  0.00817843    0.328015
 0.00979193   0.0775296   0.0348278 -0.00443778
 0.00817843   0.0348278   0.0749014 -0.00106375
   0.328015 -0.00443778 -0.00106375    0.432326
IMAGINARY
          0   0.0147236   0.0278909 -0.00263024
 -0.0147236           0  -0.0115816  -0.0315406
 -0.0278909   0.0115816           0 -0.00864088
 0.00263024   0.0315406  0.00864088           0
EndNode1[0]<--->Repeater1[0]
REAL
   0.449612  0.00131579  0.00664452    0.311643
 0.00131579   0.0788114   0.0281502  -0.0092285
 0.00664452   0.0281502   0.0620155 -0.00131579
   0.311643  -0.0092285 -0.00131579    0.409561
IMAGINARY
          0   0.0019757  -0.0067876  0.00390519
 -0.0019757           0  -0.0226149  0.00319908
  0.0067876   0.0226149           0  0.00759368
-0.00390519 -0.00319908 -0.00759368           0
EndNode2[0]<--->HoM1[0]
REAL
   0.447301    0.023797   0.0197962    0.320374
   0.023797   0.0732648   0.0398546 -0.00010113
  0.0197962   0.0398546   0.0784062 -0.00156063
   0.320374 -0.00010113 -0.00156063    0.401028
IMAGINARY
          0 -0.00134771  0.00114397 -0.00521965
 0.00134771           0  -0.0251202  -0.0102349
-0.00114397   0.0251202           0  0.00134771
 0.00521965   0.0102349 -0.00134771           0
Repeater1[0]<--->EndNode1[0]
REAL
   0.449612  0.00664452  0.00131579    0.311643
 0.00664452   0.0620155   0.0281502 -0.00131579
 0.00131579   0.0281502   0.0788114  -0.0092285
   0.311643 -0.00131579  -0.0092285    0.409561
IMAGINARY
          0  -0.0067876   0.0019757  0.00390519
  0.0067876           0   0.0226149  0.00759368
 -0.0019757  -0.0226149           0  0.00319908
-0.00390519 -0.00759368 -0.00319908           0
Repeater1[0]<--->HoM1[0]
REAL
   0.447301   0.0197962    0.023797    0.320374
  0.0197962   0.0784062   0.0398546 -0.00156063
   0.023797   0.0398546   0.0732648 -0.00010113
   0.320374 -0.00156063 -0.00010113    0.401028
IMAGINARY
          0  0.00114397 -0.00134771 -0.00521965
-0.00114397           0   0.0251202  0.00134771
 0.00134771  -0.0251202           0  -0.0102349
 0.00521965 -0.00134771   0.0102349           0
EndNode1[0]<--->Repeater1[0]
REAL
   0.450852  -0.0155457  0.00557754    0.322694
 -0.0155457   0.0694626   0.0175658 -0.00038273
 0.00557754   0.0175658   0.0865007    0.014247
   0.322694 -0.00038273    0.014247    0.393185
IMAGINARY
          0 -0.00449699  0.00280233  0.00582466
 0.00449699           0  0.00267207   0.0125823
-0.00280233 -0.00267207           0 -0.00832352
-0.00582466  -0.0125823  0.00832352           0
EndNode2[0]<--->HoM1[0]
REAL
   0.429326  0.00597663 -0.00374196    0.320379
 0.00597663   0.0792602   0.0261554   0.0223063
-0.00374196   0.0261554   0.0898283    0.024964
   0.320379   0.0223063    0.024964    0.401585
IMAGINARY
          0   0.0214079 -0.00684516  0.00890621
 -0.0214079           0   0.0128329   -0.021434
 0.00684516  -0.0128329           0  0.00807461
-0.00890621    0.021434 -0.00807461           0
Repeater1[0]<--->EndNode1[0]
REAL
   0.450852  0.00557754  -0.0155457    0.322694
 0.00557754   0.0865007   0.0175658    0.014247
 -0.0155457   0.0175658   0.0694626 -0.00038273
   0.322694    0.014247 -0.00038273    0.393185
IMAGINARY
          0  0.00280233 -0.00449699  0.00582466
-0.00280233           0 -0.00267207 -0.00832352
 0.00449699  0.00267207           0   0.0125823
-0.00582466  0.00832352  -0.0125823           0
Repeater1[0]<--->HoM1[0]
REAL
   0.429326 -0.00374196  0.00597663    0.320379
-0.00374196   0.0898283   0.0261554    0.024964
 0.00597663   0.0261554   0.0792602   0.0223063
   0.320379    0.024964   0.0223063    0.401585
IMAGINARY
          0 -0.00684516   0.0214079  0.00890621
 0.00684516           0  -0.0128329  0.00807461
 -0.0214079   0.0128329           0   -0.021434
-0.00890621 -0.00807461    0.021434           0
EndNode1[0]<--->Repeater1[0]
REAL
    0.414824  -0.00607644  -0.00978876     0.311918
 -0.00607644    0.0793238    0.0341399 -0.000849542
 -0.00978876    0.0341399    0.0780234   -0.0133228
    0.311918 -0.000849542   -0.0133228     0.427828
IMAGINARY
          0   0.0213665  0.00966103   0.0152249
 -0.0213665           0  -0.0318489 -0.00569278
-0.00966103   0.0318489           0  -0.0173983
 -0.0152249  0.00569278   0.0173983           0
EndNode2[0]<--->HoM1[0]
REAL
  0.434211 0.00951777  0.0187147   0.309611
0.00951777  0.0565789  0.0203386  0.0130112
 0.0187147  0.0203386  0.0723684 0.00951777
  0.309611  0.0130112 0.00951777   0.436842
IMAGINARY
          0  0.00412338  0.00785599  -0.0232374
-0.00412338           0  0.00864858  -0.0110488
-0.00785599 -0.00864858           0  0.00290089
  0.0232374   0.0110488 -0.00290089           0
Repeater1[0]<--->EndNode1[0]
REAL
    0.414824  -0.00978876  -0.00607644     0.311918
 -0.00978876    0.0780234    0.0341399   -0.0133228
 -0.00607644    0.0341399    0.0793238 -0.000849542
    0.311918   -0.0133228 -0.000849542     0.427828
IMAGINARY
          0  0.00966103   0.0213665   0.0152249
-0.00966103           0   0.0318489  -0.0173983
 -0.0213665  -0.0318489           0 -0.00569278
 -0.0152249   0.0173983  0.00569278           0
Repeater1[0]<--->HoM1[0]
REAL
  0.434211  0.0187147 0.00951777   0.309611
 0.0187147  0.0723684  0.0203386 0.00951777
0.00951777  0.0203386  0.0565789  0.0130112
  0.309611 0.00951777  0.0130112   0.436842
IMAGINARY
          0  0.00785599  0.00412338  -0.0232374
-0.00785599           0 -0.00864858  0.00290089
-0.00412338  0.00864858           0  -0.0110488
  0.0232374 -0.00290089   0.0110488           0
EndNode1[0]<--->Repeater1[0]
REAL
    0.39759   0.0083595 -0.00981032    0.321189
  0.0083595   0.0977242   0.0317156  0.00795618
-0.00981032   0.0317156    0.085676 -0.00650536
   0.321189  0.00795618 -0.00650536    0.419009
IMAGINARY
          0  -0.0276367   0.0311213    0.019569
  0.0276367           0  0.00661559   0.0267735
 -0.0311213 -0.00661559           0  0.00132087
  -0.019569  -0.0267735 -0.00132087           0
EndNode2[0]<--->HoM1[0]
REAL
   0.408322  -0.0180786 0.000898204    0.305519
 -0.0180786    0.076723   0.0411877 0.000898204
0.000898204   0.0411877   0.0845254   0.0318511
   0.305519 0.000898204   0.0318511    0.430429
IMAGINARY
          0   0.0143786  0.00994138 -0.00439698
 -0.0143786           0  0.00439698 -0.00548278
-0.00994138 -0.00439698           0   0.0104622
 0.00439698  0.00548278  -0.0104622           0
Repeater1[0]<--->EndNode1[0]
REAL
    0.39759 -0.00981032   0.0083595    0.321189
-0.00981032    0.085676   0.0317156 -0.00650536
  0.0083595   0.0317156   0.0977242  0.00795618
   0.321189 -0.00650536  0.00795618    0.419009
IMAGINARY
          0   0.0311213  -0.0276367    0.019569
 -0.0311213           0 -0.00661559  0.00132087
  0.0276367  0.00661559           0   0.0267735
  -0.019569 -0.00132087  -0.0267735           0
Repeater1[0]<--->HoM1[0]
REAL
   0.408322 0.000898204  -0.0180786    0.305519
0.000898204   0.0845254   0.0411877   0.0318511
 -0.0180786   0.0411877    0.076723 0.000898204
   0.305519   0.0318511 0.000898204    0.430429
IMAGINARY
          0  0.00994138   0.0143786 -0.00439698
-0.00994138           0 -0.00439698   0.0104622
 -0.0143786  0.00439698           0 -0.00548278
 0.00439698  -0.0104622  0.00548278           0
EndNode1[0]<--->Repeater1[0]
REAL
   0.403266   0.0129074  0.00386006    0.309596
  0.0129074   0.0841709   0.0325786  -0.0025338
 0.00386006   0.0325786    0.071608 -0.00494979
   0.309596  -0.0025338 -0.00494979    0.440955
IMAGINARY
           0  -0.00552105  -0.00180139  -0.00323089
  0.00552105            0  5.42655e-05    0.0189012
  0.00180139 -5.42655e-05            0   -0.0129468
  0.00323089   -0.0189012    0.0129468            0
EndNode2[0]<--->HoM1[0]
REAL
   0.422104 -0.00249667  0.00634584    0.322986
-0.00249667   0.0705726   0.0242361  0.00375517
 0.00634584   0.0242361   0.0639148   0.0214361
   0.322986  0.00375517   0.0214361    0.443409
IMAGINARY
           0  -0.00124378   0.00254424  0.000295233
  0.00124378            0   0.00685691    0.0212058
 -0.00254424  -0.00685691            0   0.00124378
-0.000295233   -0.0212058  -0.00124378            0
Repeater1[0]<--->EndNode1[0]
REAL
   0.403266  0.00386006   0.0129074    0.309596
 0.00386006    0.071608   0.0325786 -0.00494979
  0.0129074   0.0325786   0.0841709  -0.0025338
   0.309596 -0.00494979  -0.0025338    0.440955
IMAGINARY
           0  -0.00180139  -0.00552105  -0.00323089
  0.00180139            0 -5.42655e-05   -0.0129468
  0.00552105  5.42655e-05            0    0.0189012
  0.00323089    0.0129468   -0.0189012            0
Repeater1[0]<--->HoM1[0]
REAL
   0.422104  0.00634584 -0.00249667    0.322986
 0.00634584   0.0639148   0.0242361   0.0214361
-0.00249667   0.0242361   0.0705726  0.00375517
   0.322986   0.0214361  0.00375517    0.443409
IMAGINARY
           0   0.00254424  -0.00124378  0.000295233
 -0.00254424            0  -0.00685691   0.00124378
  0.00124378   0.00685691            0    0.0212058
-0.000295233  -0.00124378   -0.0212058            0
EndNode1[0]<--->Repeater1[0]
REAL
  0.417323 0.00437848 0.00862815   0.310013
0.00437848  0.0721785  0.0187088  0.0183811
0.00862815  0.0187088  0.0866142  0.0120906
  0.310013  0.0183811  0.0120906   0.423885
IMAGINARY
          0 -0.00745812   0.0107234  0.00308248
 0.00745812           0   0.0134991   0.0209536
 -0.0107234  -0.0134991           0  -0.0068276
-0.00308248  -0.0209536   0.0068276           0
EndNode2[0]<--->HoM1[0]
REAL
  0.418733 0.00633834  0.0051418   0.315171
0.00633834  0.0853994  0.0224249 0.00253083
 0.0051418  0.0224249   0.077135  0.0102857
  0.315171 0.00253083  0.0102857   0.418733
IMAGINARY
          0   0.0152148  0.00863742  -0.0289877
 -0.0152148           0  0.00162453  -0.0151141
-0.00863742 -0.00162453           0   0.0145779
  0.0289877   0.0151141  -0.0145779           0
Repeater1[0]<--->EndNode1[0]
REAL
  0.417323 0.00862815 0.00437848   0.310013
0.00862815  0.0866142  0.0187088  0.0120906
0.00437848  0.0187088  0.0721785  0.0183811
  0.310013  0.0120906  0.0183811   0.423885
IMAGINARY
          0   0.0107234 -0.00745812  0.00308248
 -0.0107234           0  -0.0134991  -0.0068276
 0.00745812   0.0134991           0   0.0209536
-0.00308248   0.0068276  -0.0209536           0
Repeater1[0]<--->HoM1[0]
REAL
  0.418733  0.0051418 0.00633834   0.315171
 0.0051418   0.077135  0.0224249  0.0102857
0.00633834  0.0224249  0.0853994 0.00253083
  0.315171  0.0102857 0.00253083   0.418733
IMAGINARY
          0  0.00863742   0.0152148  -0.0289877
-0.00863742           0 -0.00162453   0.0145779
 -0.0152148  0.00162453           0  -0.0151141
  0.0289877  -0.0145779   0.0151141           0
EndNode1[0]<--->Repeater1[0]
REAL
   0.415265  0.00798115  0.00158699     0.32648
 0.00798115   0.0892626    0.037994 -0.00816594
 0.00158699    0.037994   0.0789133   -0.021139
    0.32648 -0.00816594   -0.021139    0.416559
IMAGINARY
          0  0.00294581  -0.0039911  0.00716362
-0.00294581           0  -0.0160922  0.00712001
  0.0039911   0.0160922           0   0.0126987
-0.00716362 -0.00712001  -0.0126987           0
EndNode2[0]<--->HoM1[0]
REAL
    0.426908    0.0122053 -0.000971966     0.333883
   0.0122053    0.0905563    0.0364636  0.000330117
-0.000971966    0.0364636    0.0905563    0.0115431
    0.333883  0.000330117    0.0115431     0.391979
IMAGINARY
           0    0.0205317   -0.0132719 -0.000595893
  -0.0205317            0    0.0179226   0.00101382
   0.0132719   -0.0179226            0  -0.00440268
 0.000595893  -0.00101382   0.00440268            0
Repeater1[0]<--->EndNode1[0]
REAL
   0.415265  0.00158699  0.00798115     0.32648
 0.00158699   0.0789133    0.037994   -0.021139
 0.00798115    0.037994   0.0892626 -0.00816594
    0.32648   -0.021139 -0.00816594    0.416559
IMAGINARY
          0  -0.0039911  0.00294581  0.00716362
  0.0039911           0   0.0160922   0.0126987
-0.00294581  -0.0160922           0  0.00712001
-0.00716362  -0.0126987 -0.00712001           0
Repeater1[0]<--->HoM1[0]
REAL
    0.426908 -0.000971966    0.0122053     0.333883
-0.000971966    0.0905563    0.0364636    0.0115431
   0.0122053    0.0364636    0.0905563  0.000330117
    0.333883    0.0115431  0.000330117     0.391979
IMAGINARY
           0   -0.0132719    0.0205317 -0.000595893
   0.0132719            0   -0.0179226  -0.00440268
  -0.0205317    0.0179226            0   0.00101382
 0.000595893   0.00440268  -0.00101382            0
EndNode1[0]<--->Repeater1[0]
REAL
    0.43389  -0.0128326  -0.0131935    0.326298
 -0.0128326   0.0937099   0.0126735  -0.0131935
 -0.0131935   0.0126735   0.0757381 -0.00949484
   0.326298  -0.0131935 -0.00949484    0.396662
IMAGINARY
          0   0.0125523   0.0221705   0.0164427
 -0.0125523           0   -0.004523 -0.00546103
 -0.0221705    0.004523           0   -0.015123
 -0.0164427  0.00546103    0.015123           0
EndNode2[0]<--->HoM1[0]
REAL
    0.42545  -0.0226395  -0.0153935    0.342793
 -0.0226395   0.0861183   0.0123528 -0.00303088
 -0.0153935   0.0123528   0.0758355 -0.00340876
   0.342793 -0.00303088 -0.00340876    0.412596
IMAGINARY
          0  0.00931505  -0.0135936    0.005717
-0.00931505           0 -0.00776339   -0.011106
  0.0135936  0.00776339           0  0.00870899
  -0.005717    0.011106 -0.00870899           0
Repeater1[0]<--->EndNode1[0]
REAL
    0.43389  -0.0131935  -0.0128326    0.326298
 -0.0131935   0.0757381   0.0126735 -0.00949484
 -0.0128326   0.0126735   0.0937099  -0.0131935
   0.326298 -0.00949484  -0.0131935    0.396662
IMAGINARY
          0   0.0221705   0.0125523   0.0164427
 -0.0221705           0    0.004523   -0.015123
 -0.0125523   -0.004523           0 -0.00546103
 -0.0164427    0.015123  0.00546103           0
Repeater1[0]<--->HoM1[0]
REAL
    0.42545  -0.0153935  -0.0226395    0.342793
 -0.0153935   0.0758355   0.0123528 -0.00340876
 -0.0226395   0.0123528   0.0861183 -0.00303088
   0.342793 -0.00340876 -0.00303088    0.412596
IMAGINARY
          0  -0.0135936  0.00931505    0.005717
  0.0135936           0  0.00776339  0.00870899
-0.00931505 -0.00776339           0   -0.011106
  -0.005717 -0.00870899    0.011106           0
EndNode1[0]<--->Repeater1[0]
REAL
   0.429124  0.00548037  0.00142074    0.309949
 0.00548037   0.0734536   0.0344388  0.00495681
 0.00142074   0.0344388   0.0876289 -0.00420486
   0.309949  0.00495681 -0.00420486    0.409794
IMAGINARY
          0   0.0208863 -0.00611603  0.00615633
 -0.0208863           0    0.016655  -0.0142921
 0.00611603   -0.016655           0    0.012277
-0.00615633   0.0142921   -0.012277           0
EndNode2[0]<--->HoM1[0]
REAL
   0.442029  0.00278896 -0.00106504    0.311854
 0.00278896   0.0748792   0.0357148 -0.00353417
-0.00106504   0.0357148   0.0821256  -0.0336694
   0.311854 -0.00353417  -0.0336694    0.400966
IMAGINARY
          0  0.00824372  -0.0140465   0.0144712
-0.00824372           0 -0.00230732  -0.0033798
  0.0140465  0.00230732           0  0.00516111
 -0.0144712   0.0033798 -0.00516111           0
Repeater1[0]<--->EndNode1[0]
REAL
   0.429124  0.00142074  0.00548037    0.309949
 0.00142074   0.0876289   0.0344388 -0.00420486
 0.00548037   0.0344388   0.0734536  0.00495681
   0.309949 -0.00420486  0.00495681    0.409794
IMAGINARY
          0 -0.00611603   0.0208863  0.00615633
 0.00611603           0   -0.016655    0.012277
 -0.0208863    0.016655           0  -0.0142921
-0.00615633   -0.012277   0.0142921           0
Repeater1[0]<--->HoM1[0]
REAL
   0.442029 -0.00106504  0.00278896    0.311854
-0.00106504   0.0821256   0.0357148  -0.0336694
 0.00278896   0.0357148   0.0748792 -0.00353417
   0.311854  -0.0336694 -0.00353417    0.400966
IMAGINARY
          0  -0.0140465  0.00824372   0.0144712
  0.0140465           0  0.00230732  0.00516111
-0.00824372 -0.00230732           0  -0.0033798
 -0.0144712 -0.00516111   0.0033798           0
EndNode1[0]<--->Repeater1[0]
REAL
  0.434307 -0.0030704 -0.0197998   0.318482
-0.0030704  0.0717762  0.0139427 -0.0115353
-0.0197998  0.0139427  0.0766423 -0.0214528
  0.318482 -0.0115353 -0.0214528   0.417275
IMAGINARY
          0 -0.00764726   0.0101319  -0.0225395
 0.00764726           0   0.0151964   0.0144582
 -0.0101319  -0.0151964           0  -0.0156819
  0.0225395  -0.0144582   0.0156819           0
EndNode2[0]<--->HoM1[0]
REAL
    0.37484  0.00375979  0.00118289    0.310083
 0.00375979   0.0693196   0.0310773 -0.00394532
 0.00118289   0.0310773   0.0590501  0.00314629
   0.310083 -0.00394532  0.00314629    0.496791
IMAGINARY
           0   0.00682378 -0.000209793    -0.011178
 -0.00682378            0  -0.00293969   0.00435344
 0.000209793   0.00293969            0   -0.0164923
    0.011178  -0.00435344    0.0164923            0
Repeater1[0]<--->EndNode1[0]
REAL
  0.434307 -0.0197998 -0.0030704   0.318482
-0.0197998  0.0766423  0.0139427 -0.0214528
-0.0030704  0.0139427  0.0717762 -0.0115353
  0.318482 -0.0214528 -0.0115353   0.417275
IMAGINARY
          0   0.0101319 -0.00764726  -0.0225395
 -0.0101319           0  -0.0151964  -0.0156819
 0.00764726   0.0151964           0   0.0144582
  0.0225395   0.0156819  -0.0144582           0
Repeater1[0]<--->HoM1[0]
REAL
    0.37484  0.00118289  0.00375979    0.310083
 0.00118289   0.0590501   0.0310773  0.00314629
 0.00375979   0.0310773   0.0693196 -0.00394532
   0.310083  0.00314629 -0.00394532    0.496791
IMAGINARY
           0 -0.000209793   0.00682378    -0.011178
 0.000209793            0   0.00293969   -0.0164923
 -0.00682378  -0.00293969            0   0.00435344
    0.011178    0.0164923  -0.00435344            0
EndNode1[0]<--->Repeater1[0]
REAL
   0.410691  0.00766255 -0.00549945    0.319066
 0.00766255    0.071708   0.0317769 -0.00682221
-0.00549945   0.0317769   0.0860495  -0.0109051
   0.319066 -0.00682221  -0.0109051    0.431551
IMAGINARY
          0   0.0223748   0.0135761   -0.023747
 -0.0223748           0  -0.0013786   0.0220919
 -0.0135761   0.0013786           0  0.00680813
   0.023747  -0.0220919 -0.00680813           0
EndNode2[0]<--->HoM1[0]
REAL
  0.424675 0.00711807 0.00616397   0.320801
0.00711807  0.0896104  0.0458653  0.0126239
0.00616397  0.0458653  0.0597403  0.0213668
  0.320801  0.0126239  0.0213668   0.425974
IMAGINARY
           0  -0.00327877  6.62576e-05  -0.00677847
  0.00327877            0    0.0174451   -0.0102964
-6.62576e-05   -0.0174451            0  0.000721228
  0.00677847    0.0102964 -0.000721228            0
Repeater1[0]<--->EndNode1[0]
REAL
   0.410691 -0.00549945  0.00766255    0.319066
-0.00549945   0.0860495   0.0317769  -0.0109051
 0.00766255   0.0317769    0.071708 -0.00682221
   0.319066  -0.0109051 -0.00682221    0.431551
IMAGINARY
          0   0.0135761   0.0223748   -0.023747
 -0.0135761           0   0.0013786  0.00680813
 -0.0223748  -0.0013786           0   0.0220919
   0.023747 -0.00680813  -0.0220919           0
Repeater1[0]<--->HoM1[0]
REAL
  0.424675 0.00616397 0.00711807   0.320801
0.00616397  0.0597403  0.0458653  0.0213668
0.00711807  0.0458653  0.0896104  0.0126239
  0.320801  0.0213668  0.0126239   0.425974
IMAGINARY
           0  6.62576e-05  -0.00327877  -0.00677847
-6.62576e-05            0   -0.0174451  0.000721228
  0.00327877    0.0174451            0   -0.0102964
  0.00677847 -0.000721228    0.0102964            0
EndNode1[0]<--->Repeater1[0]
REAL
    0.42804  0.00421215  0.00373291    0.309161
 0.00421215   0.0818859   0.0402217 -0.00743661
 0.00373291   0.0402217   0.0744417   0.0143064
   0.309161 -0.00743661   0.0143064    0.415633
IMAGINARY
          0  0.00131944  -0.0279048  0.00696531
-0.00131944           0  0.00347856 -0.00492346
  0.0279048 -0.00347856           0   0.0125694
-0.00696531  0.00492346  -0.0125694           0
EndNode2[0]<--->HoM1[0]
REAL
   0.405914   0.0148313 -0.00816642    0.324803
  0.0148313   0.0833333   0.0150408  -0.0100628
-0.00816642   0.0150408   0.0752688 -0.00571668
   0.324803  -0.0100628 -0.00571668    0.435484
IMAGINARY
          0   0.0112585  -0.0184476  0.00891266
 -0.0112585           0 -0.00623886   0.0153187
  0.0184476  0.00623886           0   0.0118954
-0.00891266  -0.0153187  -0.0118954           0
Repeater1[0]<--->EndNode1[0]
REAL
    0.42804  0.00373291  0.00421215    0.309161
 0.00373291   0.0744417   0.0402217   0.0143064
 0.00421215   0.0402217   0.0818859 -0.00743661
   0.309161   0.0143064 -0.00743661    0.415633
IMAGINARY
          0  -0.0279048  0.00131944  0.00696531
  0.0279048           0 -0.00347856   0.0125694
-0.00131944  0.00347856           0 -0.00492346
-0.00696531  -0.0125694  0.00492346           0
Repeater1[0]<--->HoM1[0]
REAL
   0.405914 -0.00816642   0.0148313    0.324803
-0.00816642   0.0752688   0.0150408 -0.00571668
  0.0148313   0.0150408   0.0833333  -0.0100628
   0.324803 -0.00571668  -0.0100628    0.435484
IMAGINARY
          0  -0.0184476   0.0112585  0.00891266
  0.0184476           0  0.00623886   0.0118954
 -0.0112585 -0.00623886           0   0.0153187
-0.00891266  -0.0118954  -0.0153187           0
EndNode1[0]<--->Repeater1[0]
REAL
  0.411028  0.0162353 0.00387315   0.314644
 0.0162353  0.0764411  0.0199146 0.00593077
0.00387315  0.0199146  0.0601504 0.00704898
  0.314644 0.00593077 0.00704898   0.452381
IMAGINARY
          0  0.00798912 -0.00186189  0.00457787
-0.00798912           0 -0.00722337  0.00116841
 0.00186189  0.00722337           0   0.0232175
-0.00457787 -0.00116841  -0.0232175           0
EndNode2[0]<--->HoM1[0]
REAL
   0.395092 -0.00315178   0.0215934    0.304676
-0.00315178   0.0846626   0.0410618   0.0183254
  0.0215934   0.0410618   0.0883436  0.00518155
   0.304676   0.0183254  0.00518155    0.431902
IMAGINARY
          0  0.00737471   0.0113141  -0.0047056
-0.00737471           0 -0.00866338  -0.0199775
 -0.0113141  0.00866338           0  0.00995203
  0.0047056   0.0199775 -0.00995203           0
Repeater1[0]<--->EndNode1[0]
REAL
  0.411028 0.00387315  0.0162353   0.314644
0.00387315  0.0601504  0.0199146 0.00704898
 0.0162353  0.0199146  0.0764411 0.00593077
  0.314644 0.00704898 0.00593077   0.452381
IMAGINARY
          0 -0.00186189  0.00798912  0.00457787
 0.00186189           0  0.00722337   0.0232175
-0.00798912 -0.00722337           0  0.00116841
-0.00457787  -0.0232175 -0.00116841           0
Repeater1[0]<--->HoM1[0]
REAL
   0.395092   0.0215934 -0.00315178    0.304676
  0.0215934   0.0883436   0.0410618  0.00518155
-0.00315178   0.0410618   0.0846626   0.0183254
   0.304676  0.00518155   0.0183254    0.431902
IMAGINARY
          0   0.0113141  0.00737471  -0.0047056
 -0.0113141           0  0.00866338  0.00995203
-0.00737471 -0.00866338           0  -0.0199775
  0.0047056 -0.00995203   0.0199775           0
EndNode1[0]<--->Repeater1[0]
REAL
  0.416877  -0.013092 -0.0233847   0.319683
 -0.013092  0.0831234  0.0210251 0.00378923
-0.0233847  0.0210251  0.0717884 0.00613877
  0.319683 0.00378923 0.00613877   0.428212
IMAGINARY
          0 -0.00978143   0.0118539 -0.00780275
 0.00978143           0  0.00780275   0.0183474
 -0.0118539 -0.00780275           0  -0.0472655
 0.00780275  -0.0183474   0.0472655           0
EndNode2[0]<--->HoM1[0]
REAL
 0.435931 0.0172571 0.0154321  0.317845
0.0172571 0.0739762 0.0254668 0.0221476
0.0154321 0.0254668 0.0845443 0.0114053
 0.317845 0.0221476 0.0114053  0.405548
IMAGINARY
           0  0.000278389   0.00762271   -0.0041439
-0.000278389            0    0.0251182  -0.00565162
 -0.00762271   -0.0251182            0    0.0135192
   0.0041439   0.00565162   -0.0135192            0
Repeater1[0]<--->EndNode1[0]
REAL
  0.416877 -0.0233847  -0.013092   0.319683
-0.0233847  0.0717884  0.0210251 0.00613877
 -0.013092  0.0210251  0.0831234 0.00378923
  0.319683 0.00613877 0.00378923   0.428212
IMAGINARY
          0   0.0118539 -0.00978143 -0.00780275
 -0.0118539           0 -0.00780275  -0.0472655
 0.00978143  0.00780275           0   0.0183474
 0.00780275   0.0472655  -0.0183474           0
Repeater1[0]<--->HoM1[0]
REAL
 0.435931 0.0154321 0.0172571  0.317845
0.0154321 0.0845443 0.0254668 0.0114053
0.0172571 0.0254668 0.0739762 0.0221476
 0.317845 0.0114053 0.0221476  0.405548
IMAGINARY
           0   0.00762271  0.000278389   -0.0041439
 -0.00762271            0   -0.0251182    0.0135192
-0.000278389    0.0251182            0  -0.00565162
   0.0041439   -0.0135192   0.00565162            0
EndNode1[0]<--->Repeater1[0]
REAL
   0.407056  -0.0135493  -0.0175978    0.329686
 -0.0135493   0.0678426   0.0267561  -0.0112365
 -0.0175978   0.0267561   0.0746269 0.000665822
   0.329686  -0.0112365 0.000665822    0.450475
IMAGINARY
          0 -0.00888372 -0.00484918 -0.00102221
 0.00888372           0   0.0177748   0.0148359
 0.00484918  -0.0177748           0  0.00156015
 0.00102221  -0.0148359 -0.00156015           0
EndNode2[0]<--->HoM1[0]
REAL
    0.414231 -0.000859826   0.00286936     0.329332
-0.000859826    0.0698856    0.0472634    0.0219533
  0.00286936    0.0472634    0.0889454    0.0100797
    0.329332    0.0219533    0.0100797     0.426938
IMAGINARY
           0   0.00852514   -0.0111671    -0.017803
 -0.00852514            0    0.0137285 -0.000557029
   0.0111671   -0.0137285            0  -0.00231824
    0.017803  0.000557029   0.00231824            0
Repeater1[0]<--->EndNode1[0]
REAL
   0.407056  -0.0175978  -0.0135493    0.329686
 -0.0175978   0.0746269   0.0267561 0.000665822
 -0.0135493   0.0267561   0.0678426  -0.0112365
   0.329686 0.000665822  -0.0112365    0.450475
IMAGINARY
          0 -0.00484918 -0.00888372 -0.00102221
 0.00484918           0  -0.0177748  0.00156015
 0.00888372   0.0177748           0   0.0148359
 0.00102221 -0.00156015  -0.0148359           0
Repeater1[0]<--->HoM1[0]
REAL
    0.414231   0.00286936 -0.000859826     0.329332
  0.00286936    0.0889454    0.0472634    0.0100797
-0.000859826    0.0472634    0.0698856    0.0219533
    0.329332    0.0100797    0.0219533     0.426938
IMAGINARY
           0   -0.0111671   0.00852514    -0.017803
   0.0111671            0   -0.0137285  -0.00231824
 -0.00852514    0.0137285            0 -0.000557029
    0.017803   0.00231824  0.000557029            0
EndNode1[0]<--->Repeater1[0]
REAL
    0.406634    -0.012602  -0.00861462     0.320639
   -0.012602    0.0945946    0.0179433 -0.000571728
 -0.00861462    0.0179433    0.0700246   0.00472795
    0.320639 -0.000571728   0.00472795     0.428747
IMAGINARY
          0 -0.00595866   0.0127222 -0.00576593
 0.00595866           0 -0.00705459  0.00688563
 -0.0127222  0.00705459           0  0.00473317
 0.00576593 -0.00688563 -0.00473317           0
EndNode2[0]<--->HoM1[0]
REAL
   0.421855  -0.0196053    0.004022    0.312618
 -0.0196053   0.0978399   0.0304133   -0.015524
   0.004022   0.0304133   0.0787802 -0.00272218
   0.312618   -0.015524 -0.00272218    0.401525
IMAGINARY
          0   -0.015511  -0.0165038   0.0159575
   0.015511           0  0.00506161   0.0198238
  0.0165038 -0.00506161           0  -0.0117135
 -0.0159575  -0.0198238   0.0117135           0
Repeater1[0]<--->EndNode1[0]
REAL
    0.406634  -0.00861462    -0.012602     0.320639
 -0.00861462    0.0700246    0.0179433   0.00472795
   -0.012602    0.0179433    0.0945946 -0.000571728
    0.320639   0.00472795 -0.000571728     0.428747
IMAGINARY
          0   0.0127222 -0.00595866 -0.00576593
 -0.0127222           0  0.00705459  0.00473317
 0.00595866 -0.00705459           0  0.00688563
 0.00576593 -0.00473317 -0.00688563           0
Repeater1[0]<--->HoM1[0]
REAL
   0.421855    0.004022  -0.0196053    0.312618
   0.004022   0.0787802   0.0304133 -0.00272218
 -0.0196053   0.0304133   0.0978399   -0.015524
   0.312618 -0.00272218   -0.015524    0.401525
IMAGINARY
          0  -0.0165038   -0.015511   0.0159575
  0.0165038           0 -0.00506161  -0.0117135
   0.015511  0.00506161           0   0.0198238
 -0.0159575   0.0117135  -0.0198238           0
EndNode1[0]<--->Repeater1[0]
REAL
  0.406524 0.00128781 0.00422592   0.315146
0.00128781  0.0677541  0.0372288 -0.0125699
0.00422592  0.0372288  0.0953576 0.00448883
  0.315146 -0.0125699 0.00448883   0.430364
IMAGINARY
           0   -0.0108032  0.000883398  0.000674312
   0.0108032            0   0.00258514   0.00350807
-0.000883398  -0.00258514            0   0.00766645
-0.000674312  -0.00350807  -0.00766645            0
EndNode2[0]<--->HoM1[0]
REAL
  0.416564  0.0142329 -0.0176904   0.326507
 0.0142329    0.07911  0.0221865  0.0101251
-0.0176904  0.0221865  0.0889988 -0.0162962
  0.326507  0.0101251 -0.0162962   0.415328
IMAGINARY
          0 -0.00741733   0.0106372  -0.0169311
 0.00741733           0  -0.0116925  -0.0100019
 -0.0106372   0.0116925           0  0.00424071
  0.0169311   0.0100019 -0.00424071           0
Repeater1[0]<--->EndNode1[0]
REAL
  0.406524 0.00422592 0.00128781   0.315146
0.00422592  0.0953576  0.0372288 0.00448883
0.00128781  0.0372288  0.0677541 -0.0125699
  0.315146 0.00448883 -0.0125699   0.430364
IMAGINARY
           0  0.000883398   -0.0108032  0.000674312
-0.000883398            0  -0.00258514   0.00766645
   0.0108032   0.00258514            0   0.00350807
-0.000674312  -0.00766645  -0.00350807            0
Repeater1[0]<--->HoM1[0]
REAL
  0.416564 -0.0176904  0.0142329   0.326507
-0.0176904  0.0889988  0.0221865 -0.0162962
 0.0142329  0.0221865    0.07911  0.0101251
  0.326507 -0.0162962  0.0101251   0.415328
IMAGINARY
          0   0.0106372 -0.00741733  -0.0169311
 -0.0106372           0   0.0116925  0.00424071
 0.00741733  -0.0116925           0  -0.0100019
  0.0169311 -0.00424071   0.0100019           0
EndNode1[0]<--->Repeater1[0]
REAL
   0.411321 -5.6157e-05  0.00396929    0.348124
-5.6157e-05   0.0754717   0.0199781  0.00208723
 0.00396929   0.0199781   0.0918239  0.00342089
   0.348124  0.00208723  0.00342089    0.421384
IMAGINARY
          0  -0.0101049  0.00581385 -0.00139243
  0.0101049           0  -0.0149392   0.0273391
-0.00581385   0.0149392           0  -0.0406393
 0.00139243  -0.0273391   0.0406393           0
EndNode2[0]<--->HoM1[0]
REAL
    0.415307 -0.000626165  0.000302358     0.323977
-0.000626165    0.0790464    0.0244688    0.0113557
 0.000302358    0.0244688    0.0828105    0.0239422
    0.323977    0.0113557    0.0239422     0.422836
IMAGINARY
          0  0.00478427  0.00317672  0.00611403
-0.00478427           0  -0.0145886   0.0097384
-0.00317672   0.0145886           0 -0.00170924
-0.00611403  -0.0097384  0.00170924           0
Repeater1[0]<--->EndNode1[0]
REAL
   0.411321  0.00396929 -5.6157e-05    0.348124
 0.00396929   0.0918239   0.0199781  0.00342089
-5.6157e-05   0.0199781   0.0754717  0.00208723
   0.348124  0.00342089  0.00208723    0.421384
IMAGINARY
          0  0.00581385  -0.0101049 -0.00139243
-0.00581385           0   0.0149392  -0.0406393
  0.0101049  -0.0149392           0   0.0273391
 0.00139243   0.0406393  -0.0273391           0
Repeater1[0]<--->HoM1[0]
REAL
    0.415307  0.000302358 -0.000626165     0.323977
 0.000302358    0.0828105    0.0244688    0.0239422
-0.000626165    0.0244688    0.0790464    0.0113557
    0.323977    0.0239422    0.0113557     0.422836
IMAGINARY
          0  0.00317672  0.00478427  0.00611403
-0.00317672           0   0.0145886 -0.00170924
-0.00478427  -0.0145886           0   0.0097384
-0.00611403  0.00170924  -0.0097384           0
EndNode1[0]<--->Repeater1[0]
REAL
   0.427481 -0.00115507  0.00098066    0.316913
-0.00115507   0.0687023   0.0285532  0.00221219
 0.00098066   0.0285532   0.0763359  -0.0148092
   0.316913  0.00221219  -0.0148092    0.427481
IMAGINARY
          0  -0.0119523  -0.0153817   -0.015996
  0.0119523           0  0.00855182   0.0206727
  0.0153817 -0.00855182           0   0.0066613
   0.015996  -0.0206727  -0.0066613           0
EndNode2[0]<--->HoM1[0]
REAL
   0.447332 0.000493749    0.016734    0.317482
0.000493749   0.0711354   0.0321419  0.00958182
   0.016734   0.0321419   0.0779754  0.00827818
   0.317482  0.00958182  0.00827818    0.403557
IMAGINARY
           0   -0.0157017  0.000550294   0.00518006
   0.0157017            0    0.0205931    0.0164654
-0.000550294   -0.0205931            0   -0.0196387
 -0.00518006   -0.0164654    0.0196387            0
Repeater1[0]<--->EndNode1[0]
REAL
   0.427481  0.00098066 -0.00115507    0.316913
 0.00098066   0.0763359   0.0285532  -0.0148092
-0.00115507   0.0285532   0.0687023  0.00221219
   0.316913  -0.0148092  0.00221219    0.427481
IMAGINARY
          0  -0.0153817  -0.0119523   -0.015996
  0.0153817           0 -0.00855182   0.0066613
  0.0119523  0.00855182           0   0.0206727
   0.015996  -0.0066613  -0.0206727           0
Repeater1[0]<--->HoM1[0]
REAL
   0.447332    0.016734 0.000493749    0.317482
   0.016734   0.0779754   0.0321419  0.00827818
0.000493749   0.0321419   0.0711354  0.00958182
   0.317482  0.00827818  0.00958182    0.403557
IMAGINARY
           0  0.000550294   -0.0157017   0.00518006
-0.000550294            0   -0.0205931   -0.0196387
   0.0157017    0.0205931            0    0.0164654
 -0.00518006    0.0196387   -0.0164654            0
EndNode1[0]<--->Repeater1[0]
REAL
  0.410091 0.00115566 -0.0050452   0.307784
0.00115566  0.0633894  0.0195638  0.0133325
-0.0050452  0.0195638  0.0905563 -0.0108242
  0.307784  0.0133325 -0.0108242   0.435964
IMAGINARY
           0    0.0164196   0.00333333    0.0384044
  -0.0164196            0  -0.00387751  -0.00333333
 -0.00333333   0.00387751            0 -0.000128868
  -0.0384044   0.00333333  0.000128868            0
EndNode2[0]<--->HoM1[0]
REAL
   0.442356   0.0137167   0.0161255    0.334666
  0.0137167   0.0814536   0.0187715  0.00268122
  0.0161255   0.0187715   0.0726817 -0.00139502
   0.334666  0.00268122 -0.00139502    0.403509
IMAGINARY
          0  0.00325643  0.00477496 -0.00369289
-0.00325643           0  -0.0113071   0.0117813
-0.00477496   0.0113071           0  -0.0105412
 0.00369289  -0.0117813   0.0105412           0
Repeater1[0]<--->EndNode1[0]
REAL
  0.410091 -0.0050452 0.00115566   0.307784
-0.0050452  0.0905563  0.0195638 -0.0108242
0.00115566  0.0195638  0.0633894  0.0133325
  0.307784 -0.0108242  0.0133325   0.435964
IMAGINARY
           0   0.00333333    0.0164196    0.0384044
 -0.00333333            0   0.00387751 -0.000128868
  -0.0164196  -0.00387751            0  -0.00333333
  -0.0384044  0.000128868   0.00333333            0
Repeater1[0]<--->HoM1[0]
REAL
   0.442356   0.0161255   0.0137167    0.334666
  0.0161255   0.0726817   0.0187715 -0.00139502
  0.0137167   0.0187715   0.0814536  0.00268122
   0.334666 -0.00139502  0.00268122    0.403509
IMAGINARY
          0  0.00477496  0.00325643 -0.00369289
-0.00477496           0   0.0113071  -0.0105412
-0.00325643  -0.0113071           0   0.0117813
 0.00369289   0.0105412  -0.0117813           0
EndNode1[0]<--->Repeater1[0]
REAL
   0.410498   0.0123625   0.0202092    0.324996
  0.0123625   0.0807537   0.0287242 -0.00570733
  0.0202092   0.0287242   0.0740242 -0.00290471
   0.324996 -0.00570733 -0.00290471    0.434724
IMAGINARY
           0  0.000996019   0.00569198  -0.00115997
-0.000996019            0   0.00929514   0.00828938
 -0.00569198  -0.00929514            0  -0.00033024
  0.00115997  -0.00828938   0.00033024            0
EndNode2[0]<--->HoM1[0]
REAL
   0.416133  -0.0253609 -0.00326849    0.314379
 -0.0253609   0.0768246    0.019805  0.00454401
-0.00326849    0.019805   0.0883483 -0.00142477
   0.314379  0.00454401 -0.00142477    0.418694
IMAGINARY
          0  -0.0118319   -0.024328  -0.0105147
  0.0118319           0 -0.00856922 -0.00151181
   0.024328  0.00856922           0 -0.00754794
