EndNode1[0]<--->Repeater1[0]
REAL
   0.456493  0.00762556 -0.00629227    0.329792
 0.00762556   0.0776439   0.0190147  0.00496601
-0.00629227   0.0190147   0.0696118   0.0069633
   0.329792  0.00496601   0.0069633    0.396252
IMAGINARY
          0  -0.0316176   0.0203764   0.0143026
  0.0316176           0  -0.0328211   0.0134582
 -0.0203764   0.0328211           0  0.00154238
 -0.0143026  -0.0134582 -0.00154238           0
EndNode2[0]<--->HoM1[0]
REAL
   0.447471  -0.0187775 -0.00789848     0.36428
 -0.0187775    0.075227   0.0239108 -0.00466433
-0.00789848   0.0239108   0.0726329 -0.00760436
    0.36428 -0.00466433 -0.00760436    0.404669
IMAGINARY
          0   0.0199524  -0.0101436  -0.0201925
 -0.0199524           0   0.0126358 -0.00700682
  0.0101436  -0.0126358           0   0.0143484
  0.0201925  0.00700682  -0.0143484           0
Repeater1[0]<--->EndNode1[0]
REAL
   0.456493 -0.00629227  0.00762556    0.329792
-0.00629227   0.0696118   0.0190147   0.0069633
 0.00762556   0.0190147   0.0776439  0.00496601
   0.329792   0.0069633  0.00496601    0.396252
IMAGINARY
          0   0.0203764  -0.0316176   0.0143026
 -0.0203764           0   0.0328211  0.00154238
  0.0316176  -0.0328211           0   0.0134582
 -0.0143026 -0.00154238  -0.0134582           0
Repeater1[0]<--->HoM1[0]
REAL
   0.447471 -0.00789848  -0.0187775     0.36428
-0.00789848   0.0726329   0.0239108 -0.00760436
 -0.0187775   0.0239108    0.075227 -0.00466433
    0.36428 -0.00760436 -0.00466433    0.404669
IMAGINARY
          0  -0.0101436   0.0199524  -0.0201925
  0.0101436           0  -0.0126358   0.0143484
 -0.0199524   0.0126358           0 -0.00700682
  0.0201925  -0.0143484  0.00700682           0
EndNode1[0]<--->Repeater1[0]
REAL
  0.470361 -0.0017256 0.00796086   0.355333
-0.0017256  0.0798969  0.0226195  0.0104118
0.00796086  0.0226195  0.0670103  0.0214106
  0.355333  0.0104118  0.0214106   0.382732
IMAGINARY
          0  0.00600484    -0.01714  0.00462113
-0.00600484           0  0.00201017 -0.00330605
    0.01714 -0.00201017           0 -0.00166779
-0.00462113  0.00330605  0.00166779           0
EndNode2[0]<--->HoM1[0]
REAL
   0.417929  0.00186976  0.00128136    0.385165
 0.00186976   0.0568182    0.026937 0.000629469
 0.00128136    0.026937   0.0707071 -0.00887613
   0.385165 0.000629469 -0.00887613    0.454545
IMAGINARY
          0  0.00267861   0.0014114   -0.010541
-0.00267861           0  -0.0013787  0.00491771
 -0.0014114   0.0013787           0   -0.021666
   0.010541 -0.00491771    0.021666           0
Repeater1[0]<--->EndNode1[0]
REAL
  0.470361 0.00796086 -0.0017256   0.355333
0.00796086  0.0670103  0.0226195  0.0214106
-0.0017256  0.0226195  0.0798969  0.0104118
  0.355333  0.0214106  0.0104118   0.382732
IMAGINARY
          0    -0.01714  0.00600484  0.00462113
    0.01714           0 -0.00201017 -0.00166779
-0.00600484  0.00201017           0 -0.00330605
-0.00462113  0.00166779  0.00330605           0
Repeater1[0]<--->HoM1[0]
REAL
   0.417929  0.00128136  0.00186976    0.385165
 0.00128136   0.0707071    0.026937 -0.00887613
 0.00186976    0.026937   0.0568182 0.000629469
   0.385165 -0.00887613 0.000629469    0.454545
IMAGINARY
          0   0.0014114  0.00267861   -0.010541
 -0.0014114           0   0.0013787   -0.021666
-0.00267861  -0.0013787           0  0.00491771
   0.010541    0.021666 -0.00491771           0
EndNode1[0]<--->Repeater1[0]
REAL
   0.459103   0.0190932    0.032739    0.345694
  0.0190932   0.0738786   0.0304233   -0.028269
   0.032739   0.0304233   0.0686016 -0.00312899
   0.345694   -0.028269 -0.00312899    0.398417
IMAGINARY
          0  -0.0213815 -0.00132275  -0.0180467
  0.0213815           0  0.00936845   0.0210272
 0.00132275 -0.00936845           0  -0.0131013
  0.0180467  -0.0210272   0.0131013           0
EndNode2[0]<--->HoM1[0]
REAL
   0.455629  -0.0237222 -0.00721455    0.376858
 -0.0237222   0.0768212    0.013222  0.00721455
-0.00721455    0.013222   0.0490066   0.0264031
   0.376858  0.00721455   0.0264031    0.418543
IMAGINARY
           0  0.000318443  0.000609885  -0.00347095
-0.000318443            0   0.00281045   0.00191537
-0.000609885  -0.00281045            0   0.00473206
  0.00347095  -0.00191537  -0.00473206            0
Repeater1[0]<--->EndNode1[0]
REAL
   0.459103    0.032739   0.0190932    0.345694
   0.032739   0.0686016   0.0304233 -0.00312899
  0.0190932   0.0304233   0.0738786   -0.028269
   0.345694 -0.00312899   -0.028269    0.398417
IMAGINARY
          0 -0.00132275  -0.0213815  -0.0180467
 0.00132275           0 -0.00936845  -0.0131013
  0.0213815  0.00936845           0   0.0210272
  0.0180467   0.0131013  -0.0210272           0
Repeater1[0]<--->HoM1[0]
REAL
   0.455629 -0.00721455  -0.0237222    0.376858
-0.00721455   0.0490066    0.013222   0.0264031
 -0.0237222    0.013222   0.0768212  0.00721455
   0.376858   0.0264031  0.00721455    0.418543
IMAGINARY
           0  0.000609885  0.000318443  -0.00347095
-0.000609885            0  -0.00281045   0.00473206
-0.000318443   0.00281045            0   0.00191537
  0.00347095  -0.00473206  -0.00191537            0
EndNode1[0]<--->Repeater1[0]
REAL
   0.442748  0.00098715 -0.00449801      0.3499
 0.00098715   0.0776081   0.0214003  -0.0038675
-0.00449801   0.0214003   0.0712468 -0.00163065
     0.3499  -0.0038675 -0.00163065    0.408397
IMAGINARY
           0 -0.000249054   -0.0132207   -0.0141956
 0.000249054            0   -0.0216583   -0.0164136
   0.0132207    0.0216583            0    0.0147509
   0.0141956    0.0164136   -0.0147509            0
EndNode2[0]<--->HoM1[0]
REAL
   0.461337  0.00314032  0.00212611    0.383087
 0.00314032   0.0642202   0.0208823 -0.00404673
 0.00212611   0.0208823   0.0733945 -0.00634135
   0.383087 -0.00404673 -0.00634135    0.401048
IMAGINARY
          0 -0.00307518  -0.0290106  -0.0205925
 0.00307518           0  0.00138554 -0.00248543
  0.0290106 -0.00138554           0  0.00438751
  0.0205925  0.00248543 -0.00438751           0
Repeater1[0]<--->EndNode1[0]
REAL
   0.442748 -0.00449801  0.00098715      0.3499
-0.00449801   0.0712468   0.0214003 -0.00163065
 0.00098715   0.0214003   0.0776081  -0.0038675
     0.3499 -0.00163065  -0.0038675    0.408397
IMAGINARY
           0   -0.0132207 -0.000249054   -0.0141956
   0.0132207            0    0.0216583    0.0147509
 0.000249054   -0.0216583            0   -0.0164136
   0.0141956   -0.0147509    0.0164136            0
Repeater1[0]<--->HoM1[0]
REAL
   0.461337  0.00212611  0.00314032    0.383087
 0.00212611   0.0733945   0.0208823 -0.00634135
 0.00314032   0.0208823   0.0642202 -0.00404673
   0.383087 -0.00634135 -0.00404673    0.401048
IMAGINARY
          0  -0.0290106 -0.00307518  -0.0205925
  0.0290106           0 -0.00138554  0.00438751
 0.00307518  0.00138554           0 -0.00248543
  0.0205925 -0.00438751  0.00248543           0
EndNode1[0]<--->Repeater1[0]
REAL
   0.452564  0.00830377 -0.00136344    0.360047
 0.00830377   0.0576923    0.013371     0.01149
-0.00136344    0.013371    0.074359 -0.00577212
   0.360047     0.01149 -0.00577212    0.415385
IMAGINARY
          0  0.00543233   0.0418518    0.016449
-0.00543233           0  0.00488435   0.0253124
 -0.0418518 -0.00488435           0  -0.0278204
  -0.016449  -0.0253124   0.0278204           0
EndNode2[0]<--->HoM1[0]
REAL
   0.452073  -0.0160962 -0.00987747    0.366527
 -0.0160962   0.0595855   0.0300249 0.000298923
-0.00987747   0.0300249   0.0699482   0.0103491
   0.366527 0.000298923   0.0103491    0.418394
IMAGINARY
          0     0.01063   0.0117749  0.00678347
   -0.01063           0  0.00248899  0.00280053
 -0.0117749 -0.00248899           0  -0.0239379
-0.00678347 -0.00280053   0.0239379           0
Repeater1[0]<--->EndNode1[0]
REAL
   0.452564 -0.00136344  0.00830377    0.360047
-0.00136344    0.074359    0.013371 -0.00577212
 0.00830377    0.013371   0.0576923     0.01149
   0.360047 -0.00577212     0.01149    0.415385
IMAGINARY
          0   0.0418518  0.00543233    0.016449
 -0.0418518           0 -0.00488435  -0.0278204
-0.00543233  0.00488435           0   0.0253124
  -0.016449   0.0278204  -0.0253124           0
Repeater1[0]<--->HoM1[0]
REAL
   0.452073 -0.00987747  -0.0160962    0.366527
-0.00987747   0.0699482   0.0300249   0.0103491
 -0.0160962   0.0300249   0.0595855 0.000298923
   0.366527   0.0103491 0.000298923    0.418394
IMAGINARY
          0   0.0117749     0.01063  0.00678347
 -0.0117749           0 -0.00248899  -0.0239379
   -0.01063  0.00248899           0  0.00280053
-0.00678347   0.0239379 -0.00280053           0
EndNode1[0]<--->Repeater1[0]
REAL
    0.429919  -0.00503778  -0.00349379      0.34436
 -0.00503778    0.0727763    0.0108033 -0.000284547
 -0.00349379    0.0108033    0.0822102  -0.00503778
     0.34436 -0.000284547  -0.00503778     0.415094
IMAGINARY
           0    -0.017551     0.021968   -0.0225712
    0.017551            0   -0.0116223   -0.0145855
   -0.021968    0.0116223            0 -0.000569837
   0.0225712    0.0145855  0.000569837            0
EndNode2[0]<--->HoM1[0]
REAL
    0.4361  0.0118618  0.0173982   0.379045
 0.0118618  0.0658762  0.0127143 -0.0106331
 0.0173982  0.0127143  0.0737813  0.0022833
  0.379045 -0.0106331  0.0022833   0.424242
IMAGINARY
          0  0.00888733  -0.0117948  0.00803135
-0.00888733           0   0.0112489  0.00233707
  0.0117948  -0.0112489           0 -0.00699577
-0.00803135 -0.00233707  0.00699577           0
Repeater1[0]<--->EndNode1[0]
REAL
    0.429919  -0.00349379  -0.00503778      0.34436
 -0.00349379    0.0822102    0.0108033  -0.00503778
 -0.00503778    0.0108033    0.0727763 -0.000284547
     0.34436  -0.00503778 -0.000284547     0.415094
IMAGINARY
           0     0.021968    -0.017551   -0.0225712
   -0.021968            0    0.0116223 -0.000569837
    0.017551   -0.0116223            0   -0.0145855
   0.0225712  0.000569837    0.0145855            0
Repeater1[0]<--->HoM1[0]
REAL
    0.4361  0.0173982  0.0118618   0.379045
 0.0173982  0.0737813  0.0127143  0.0022833
 0.0118618  0.0127143  0.0658762 -0.0106331
  0.379045  0.0022833 -0.0106331   0.424242
IMAGINARY
          0  -0.0117948  0.00888733  0.00803135
  0.0117948           0  -0.0112489 -0.00699577
-0.00888733   0.0112489           0  0.00233707
-0.00803135  0.00699577 -0.00233707           0
EndNode1[0]<--->Repeater1[0]
REAL
   0.457106  0.00932783   0.0045695    0.354684
 0.00932783   0.0640205   0.0232378    0.001924
  0.0045695   0.0232378   0.0691421 -0.00283433
   0.354684    0.001924 -0.00283433    0.409731
IMAGINARY
          0   0.0116424    -0.01285  0.00296213
 -0.0116424           0  0.00610679  -0.0141941
    0.01285 -0.00610679           0  0.00785449
-0.00296213   0.0141941 -0.00785449           0
EndNode2[0]<--->HoM1[0]
REAL
  0.437582 0.00521158  0.0473437   0.373832
0.00521158  0.0722733  0.0235711 0.00200693
 0.0473437  0.0235711  0.0538765  0.0116715
  0.373832 0.00200693  0.0116715   0.436268
IMAGINARY
           0   -0.0013475  -0.00192552    0.0193917
   0.0013475            0   -0.0357315 -0.000678642
  0.00192552    0.0357315            0   -0.0129754
  -0.0193917  0.000678642    0.0129754            0
Repeater1[0]<--->EndNode1[0]
REAL
   0.457106   0.0045695  0.00932783    0.354684
  0.0045695   0.0691421   0.0232378 -0.00283433
 0.00932783   0.0232378   0.0640205    0.001924
   0.354684 -0.00283433    0.001924    0.409731
IMAGINARY
          0    -0.01285   0.0116424  0.00296213
    0.01285           0 -0.00610679  0.00785449
 -0.0116424  0.00610679           0  -0.0141941
-0.00296213 -0.00785449   0.0141941           0
Repeater1[0]<--->HoM1[0]
REAL
  0.437582  0.0473437 0.00521158   0.373832
 0.0473437  0.0538765  0.0235711  0.0116715
0.00521158  0.0235711  0.0722733 0.00200693
  0.373832  0.0116715 0.00200693   0.436268
IMAGINARY
           0  -0.00192552   -0.0013475    0.0193917
  0.00192552            0    0.0357315   -0.0129754
   0.0013475   -0.0357315            0 -0.000678642
  -0.0193917    0.0129754  0.000678642            0
EndNode1[0]<--->Repeater1[0]
REAL
   0.434097 0.000966763 -0.00712951    0.372777
0.000966763   0.0716332    0.017497 -0.00284555
-0.00712951    0.017497   0.0530086  -0.0159294
   0.372777 -0.00284555  -0.0159294    0.441261
IMAGINARY
          0 -0.00262448   0.0109853   -0.010613
 0.00262448           0  -0.0197514  0.00661575
 -0.0109853   0.0197514           0 -0.00324253
   0.010613 -0.00661575  0.00324253           0
EndNode2[0]<--->HoM1[0]
REAL
   0.456713   0.0123084 -0.00811907    0.370619
  0.0123084    0.055207 -0.00213303 0.000674901
-0.00811907 -0.00213303   0.0602258 -0.00982701
   0.370619 0.000674901 -0.00982701    0.427854
IMAGINARY
          0 -0.00474672   -0.012483   0.0023018
 0.00474672           0   0.0294541   0.0159408
   0.012483  -0.0294541           0  0.00682141
 -0.0023018  -0.0159408 -0.00682141           0
Repeater1[0]<--->EndNode1[0]
REAL
   0.434097 -0.00712951 0.000966763    0.372777
-0.00712951   0.0530086    0.017497  -0.0159294
0.000966763    0.017497   0.0716332 -0.00284555
   0.372777  -0.0159294 -0.00284555    0.441261
IMAGINARY
          0   0.0109853 -0.00262448   -0.010613
 -0.0109853           0   0.0197514 -0.00324253
 0.00262448  -0.0197514           0  0.00661575
   0.010613  0.00324253 -0.00661575           0
Repeater1[0]<--->HoM1[0]
REAL
   0.456713 -0.00811907   0.0123084    0.370619
-0.00811907   0.0602258 -0.00213303 -0.00982701
  0.0123084 -0.00213303    0.055207 0.000674901
   0.370619 -0.00982701 0.000674901    0.427854
IMAGINARY
          0   -0.012483 -0.00474672   0.0023018
   0.012483           0  -0.0294541  0.00682141
 0.00474672   0.0294541           0   0.0159408
 -0.0023018 -0.00682141  -0.0159408           0
EndNode1[0]<--->Repeater1[0]
REAL
   0.473282  -0.0127494 -0.00910105    0.354404
 -0.0127494   0.0636132  0.00453806  -0.0186068
-0.00910105  0.00453806   0.0521628 -0.00740177
   0.354404  -0.0186068 -0.00740177    0.410941
IMAGINARY
          0   0.0010013   0.0104581 -0.00152981
 -0.0010013           0 -0.00946631  -0.0144796
 -0.0104581  0.00946631           0  0.00302015
 0.00152981   0.0144796 -0.00302015           0
EndNode2[0]<--->HoM1[0]
REAL
   0.449275 0.000570363 -0.00632868    0.376094
0.000570363   0.0671937   0.0113402  0.00501978
-0.00632868   0.0113402   0.0619236 -0.00973267
   0.376094  0.00501978 -0.00973267    0.421607
IMAGINARY
          0 -0.00445833  0.00304208  0.00641465
 0.00445833           0   0.0182159   0.0133514
-0.00304208  -0.0182159           0  0.00582445
-0.00641465  -0.0133514 -0.00582445           0
Repeater1[0]<--->EndNode1[0]
REAL
   0.473282 -0.00910105  -0.0127494    0.354404
-0.00910105   0.0521628  0.00453806 -0.00740177
 -0.0127494  0.00453806   0.0636132  -0.0186068
   0.354404 -0.00740177  -0.0186068    0.410941
IMAGINARY
          0   0.0104581   0.0010013 -0.00152981
 -0.0104581           0  0.00946631  0.00302015
 -0.0010013 -0.00946631           0  -0.0144796
 0.00152981 -0.00302015   0.0144796           0
Repeater1[0]<--->HoM1[0]
REAL
   0.449275 -0.00632868 0.000570363    0.376094
-0.00632868   0.0619236   0.0113402 -0.00973267
0.000570363   0.0113402   0.0671937  0.00501978
   0.376094 -0.00973267  0.00501978    0.421607
IMAGINARY
          0  0.00304208 -0.00445833  0.00641465
-0.00304208           0  -0.0182159  0.00582445
 0.00445833   0.0182159           0   0.0133514
-0.00641465 -0.00582445  -0.0133514           0
EndNode1[0]<--->Repeater1[0]
REAL
   0.456464   0.0165111   0.0162067    0.350858
  0.0165111   0.0778364   0.0297395  0.00866897
  0.0162067   0.0297395   0.0620053 -0.00407326
   0.350858  0.00866897 -0.00407326    0.403694
IMAGINARY
          0 -0.00525226 -0.00539709 -0.00616083
 0.00525226           0 -0.00616083   0.0147139
 0.00539709  0.00616083           0  -0.0115179
 0.00616083  -0.0147139   0.0115179           0
EndNode2[0]<--->HoM1[0]
REAL
   0.463804  0.00519945  0.00494489     0.36714
 0.00519945   0.0539877   0.0231501 -0.00431437
 0.00494489   0.0231501   0.0711656 -0.00582996
    0.36714 -0.00431437 -0.00582996    0.411043
IMAGINARY
          0   0.0225655 -0.00203804   0.0107412
 -0.0225655           0  -0.0167173  -0.0197011
 0.00203804   0.0167173           0  0.00428873
 -0.0107412   0.0197011 -0.00428873           0
Repeater1[0]<--->EndNode1[0]
REAL
   0.456464   0.0162067   0.0165111    0.350858
  0.0162067   0.0620053   0.0297395 -0.00407326
  0.0165111   0.0297395   0.0778364  0.00866897
   0.350858 -0.00407326  0.00866897    0.403694
IMAGINARY
          0 -0.00539709 -0.00525226 -0.00616083
 0.00539709           0  0.00616083  -0.0115179
 0.00525226 -0.00616083           0   0.0147139
 0.00616083   0.0115179  -0.0147139           0
Repeater1[0]<--->HoM1[0]
REAL
   0.463804  0.00494489  0.00519945     0.36714
 0.00494489   0.0711656   0.0231501 -0.00582996
 0.00519945   0.0231501   0.0539877 -0.00431437
    0.36714 -0.00582996 -0.00431437    0.411043
IMAGINARY
          0 -0.00203804   0.0225655   0.0107412
 0.00203804           0   0.0167173  0.00428873
 -0.0225655  -0.0167173           0  -0.0197011
 -0.0107412 -0.00428873   0.0197011           0
EndNode1[0]<--->Repeater1[0]
REAL
   0.477876 0.000350735 -0.00812623    0.359788
0.000350735   0.0720607   0.0115861  0.00119054
-0.00812623   0.0115861   0.0644753 -0.00476435
   0.359788  0.00119054 -0.00476435    0.385588
IMAGINARY
          0 -0.00585696   0.0278062  -0.0058876
 0.00585696           0 -0.00965644   0.0101432
 -0.0278062  0.00965644           0  -0.0187769
  0.0058876  -0.0101432   0.0187769           0
EndNode2[0]<--->HoM1[0]
REAL
   0.461923  0.00399976  -0.0149803    0.369745
 0.00399976   0.0674157    0.011883 -0.00536493
 -0.0149803    0.011883   0.0561798 -0.00708238
   0.369745 -0.00536493 -0.00708238    0.414482
IMAGINARY
          0  -0.0192708  0.00909398   0.0104345
  0.0192708           0   0.0154723   0.0104029
-0.00909398  -0.0154723           0  -0.0140625
 -0.0104345  -0.0104029   0.0140625           0
Repeater1[0]<--->EndNode1[0]
REAL
   0.477876 -0.00812623 0.000350735    0.359788
-0.00812623   0.0644753   0.0115861 -0.00476435
0.000350735   0.0115861   0.0720607  0.00119054
   0.359788 -0.00476435  0.00119054    0.385588
IMAGINARY
          0   0.0278062 -0.00585696  -0.0058876
 -0.0278062           0  0.00965644  -0.0187769
 0.00585696 -0.00965644           0   0.0101432
  0.0058876   0.0187769  -0.0101432           0
Repeater1[0]<--->HoM1[0]
REAL
   0.461923  -0.0149803  0.00399976    0.369745
 -0.0149803   0.0561798    0.011883 -0.00708238
 0.00399976    0.011883   0.0674157 -0.00536493
   0.369745 -0.00708238 -0.00536493    0.414482
IMAGINARY
          0  0.00909398  -0.0192708   0.0104345
-0.00909398           0  -0.0154723  -0.0140625
  0.0192708   0.0154723           0   0.0104029
 -0.0104345   0.0140625  -0.0104029           0
EndNode1[0]<--->Repeater1[0]
REAL
   0.429495  0.00433006   0.0331447    0.349378
 0.00433006   0.0633894   0.0242484 -0.00292494
  0.0331447   0.0242484   0.0672704   0.0094062
   0.349378 -0.00292494   0.0094062    0.439845
IMAGINARY
          0  0.00348955   0.0106421   0.0011595
-0.00348955           0 -0.00699608  0.00878796
 -0.0106421  0.00699608           0  -0.0242149
 -0.0011595 -0.00878796   0.0242149           0
EndNode2[0]<--->HoM1[0]
REAL
    0.496887 -0.000647668   -0.0116379      0.37152
-0.000647668    0.0697385     0.015786   0.00386593
  -0.0116379     0.015786    0.0610212 -0.000647668
     0.37152   0.00386593 -0.000647668     0.372354
IMAGINARY
          0  0.00814766  -0.0109634  0.00225197
-0.00814766           0  0.00604944   0.0078808
  0.0109634 -0.00604944           0  -0.0161625
-0.00225197  -0.0078808   0.0161625           0
Repeater1[0]<--->EndNode1[0]
REAL
   0.429495   0.0331447  0.00433006    0.349378
  0.0331447   0.0672704   0.0242484   0.0094062
 0.00433006   0.0242484   0.0633894 -0.00292494
   0.349378   0.0094062 -0.00292494    0.439845
IMAGINARY
          0   0.0106421  0.00348955   0.0011595
 -0.0106421           0  0.00699608  -0.0242149
-0.00348955 -0.00699608           0  0.00878796
 -0.0011595   0.0242149 -0.00878796           0
Repeater1[0]<--->HoM1[0]
REAL
    0.496887   -0.0116379 -0.000647668      0.37152
  -0.0116379    0.0610212     0.015786 -0.000647668
-0.000647668     0.015786    0.0697385   0.00386593
     0.37152 -0.000647668   0.00386593     0.372354
IMAGINARY
          0  -0.0109634  0.00814766  0.00225197
  0.0109634           0 -0.00604944  -0.0161625
-0.00814766  0.00604944           0   0.0078808
-0.00225197   0.0161625  -0.0078808           0
EndNode1[0]<--->Repeater1[0]
REAL
   0.447368   0.0155864 -0.00778065    0.357514
  0.0155864   0.0614035   0.0289058  0.00901522
-0.00778065   0.0289058   0.0789474 -0.00941358
   0.357514  0.00901522 -0.00941358    0.412281
IMAGINARY
          0  -0.0190972  0.00948731  -0.0074648
  0.0190972           0 -0.00608359 -0.00304401
-0.00948731  0.00608359           0  -0.0015214
  0.0074648  0.00304401   0.0015214           0
EndNode2[0]<--->HoM1[0]
REAL
   0.414231  0.00881796  0.00710326    0.363152
 0.00881796   0.0876747   0.0113476  -0.0117762
 0.00710326   0.0113476    0.068615 -0.00280995
   0.363152  -0.0117762 -0.00280995    0.429479
IMAGINARY
           0   -0.0159115   0.00805537 -0.000485467
   0.0159115            0   0.00911761   0.00740854
 -0.00805537  -0.00911761            0    0.0146228
 0.000485467  -0.00740854   -0.0146228            0
Repeater1[0]<--->EndNode1[0]
REAL
   0.447368 -0.00778065   0.0155864    0.357514
-0.00778065   0.0789474   0.0289058 -0.00941358
  0.0155864   0.0289058   0.0614035  0.00901522
   0.357514 -0.00941358  0.00901522    0.412281
IMAGINARY
          0  0.00948731  -0.0190972  -0.0074648
-0.00948731           0  0.00608359  -0.0015214
  0.0190972 -0.00608359           0 -0.00304401
  0.0074648   0.0015214  0.00304401           0
Repeater1[0]<--->HoM1[0]
REAL
   0.414231  0.00710326  0.00881796    0.363152
 0.00710326    0.068615   0.0113476 -0.00280995
 0.00881796   0.0113476   0.0876747  -0.0117762
   0.363152 -0.00280995  -0.0117762    0.429479
IMAGINARY
           0   0.00805537   -0.0159115 -0.000485467
 -0.00805537            0  -0.00911761    0.0146228
   0.0159115   0.00911761            0   0.00740854
 0.000485467   -0.0146228  -0.00740854            0
EndNode1[0]<--->Repeater1[0]
REAL
   0.439499   0.0116407  0.00649804    0.349002
  0.0116407   0.0806676   0.0145188 -0.00012049
 0.00649804   0.0145188   0.0848401  0.00111439
   0.349002 -0.00012049  0.00111439    0.394993
IMAGINARY
          0  -0.0161179  0.00163739  -0.0128388
  0.0161179           0  -0.0122238 -0.00784428
-0.00163739   0.0122238           0    0.014049
  0.0128388  0.00784428   -0.014049           0
EndNode2[0]<--->HoM1[0]
REAL
   0.430279  -0.0258373  -0.0180025    0.365778
 -0.0258373   0.0664011   0.0117729 -0.00368119
 -0.0180025   0.0117729   0.0690571   0.0169088
   0.365778 -0.00368119   0.0169088    0.434263
IMAGINARY
          0 -0.00509239 -0.00407625   0.0217402
 0.00509239           0   0.0152969   0.0105362
 0.00407625  -0.0152969           0  -0.0233314
 -0.0217402  -0.0105362   0.0233314           0
Repeater1[0]<--->EndNode1[0]
REAL
   0.439499  0.00649804   0.0116407    0.349002
 0.00649804   0.0848401   0.0145188  0.00111439
  0.0116407   0.0145188   0.0806676 -0.00012049
   0.349002  0.00111439 -0.00012049    0.394993
IMAGINARY
          0  0.00163739  -0.0161179  -0.0128388
-0.00163739           0   0.0122238    0.014049
  0.0161179  -0.0122238           0 -0.00784428
  0.0128388   -0.014049  0.00784428           0
Repeater1[0]<--->HoM1[0]
REAL
   0.430279  -0.0180025  -0.0258373    0.365778
 -0.0180025   0.0690571   0.0117729   0.0169088
 -0.0258373   0.0117729   0.0664011 -0.00368119
   0.365778   0.0169088 -0.00368119    0.434263
IMAGINARY
          0 -0.00407625 -0.00509239   0.0217402
 0.00407625           0  -0.0152969  -0.0233314
 0.00509239   0.0152969           0   0.0105362
 -0.0217402   0.0233314  -0.0105362           0
EndNode1[0]<--->Repeater1[0]
REAL
   0.468874 -0.00134701    0.011658    0.354734
-0.00134701   0.0529801  0.00666461 -0.00129534
   0.011658  0.00666461   0.0781457  0.00264235
   0.354734 -0.00129534  0.00264235         0.4
IMAGINARY
         0  0.0118939  0.0152832    0.01658
-0.0118939          0   -0.01658 -0.0296045
-0.0152832    0.01658          0 -0.0050446
  -0.01658  0.0296045  0.0050446          0
EndNode2[0]<--->HoM1[0]
REAL
    0.452017   -0.0106677    0.0125777     0.363234
  -0.0106677    0.0681502    0.0137715 -0.000545637
   0.0125777    0.0137715    0.0751043    0.0173522
    0.363234 -0.000545637    0.0173522     0.404729
IMAGINARY
          0 -0.00156391   0.0203833  0.00792972
 0.00156391           0  -0.0130579 -0.00664374
 -0.0203833   0.0130579           0  -0.0121756
-0.00792972  0.00664374   0.0121756           0
Repeater1[0]<--->EndNode1[0]
REAL
   0.468874    0.011658 -0.00134701    0.354734
   0.011658   0.0781457  0.00666461  0.00264235
-0.00134701  0.00666461   0.0529801 -0.00129534
   0.354734  0.00264235 -0.00129534         0.4
IMAGINARY
         0  0.0152832  0.0118939    0.01658
-0.0152832          0    0.01658 -0.0050446
-0.0118939   -0.01658          0 -0.0296045
  -0.01658  0.0050446  0.0296045          0
Repeater1[0]<--->HoM1[0]
REAL
    0.452017    0.0125777   -0.0106677     0.363234
   0.0125777    0.0751043    0.0137715    0.0173522
  -0.0106677    0.0137715    0.0681502 -0.000545637
    0.363234    0.0173522 -0.000545637     0.404729
IMAGINARY
          0   0.0203833 -0.00156391  0.00792972
 -0.0203833           0   0.0130579  -0.0121756
 0.00156391  -0.0130579           0 -0.00664374
-0.00792972   0.0121756  0.00664374           0
EndNode1[0]<--->Repeater1[0]
REAL
  0.449814 0.00635254  0.0015206   0.378976
0.00635254  0.0755886 0.00919068 -0.0138743
 0.0015206 0.00919068  0.0594796  -0.021307
  0.378976 -0.0138743  -0.021307   0.415118
IMAGINARY
           0   0.00758373  -0.00284689   0.00936489
 -0.00758373            0  0.000367465  -0.00410633
  0.00284689 -0.000367465            0   0.00821905
 -0.00936489   0.00410633  -0.00821905            0
EndNode2[0]<--->HoM1[0]
REAL
   0.455901 -0.00128119  0.00642609    0.357179
-0.00128119   0.0695652   0.0269906  -0.0238006
 0.00642609   0.0269906   0.0608696 -0.00579732
   0.357179  -0.0238006 -0.00579732    0.413665
IMAGINARY
          0   0.0109465 -0.00192732 -0.00461629
 -0.0109465           0  0.00253585  -0.0150538
 0.00192732 -0.00253585           0   0.0123239
 0.00461629   0.0150538  -0.0123239           0
Repeater1[0]<--->EndNode1[0]
REAL
  0.449814  0.0015206 0.00635254   0.378976
 0.0015206  0.0594796 0.00919068  -0.021307
0.00635254 0.00919068  0.0755886 -0.0138743
  0.378976  -0.021307 -0.0138743   0.415118
IMAGINARY
           0  -0.00284689   0.00758373   0.00936489
  0.00284689            0 -0.000367465   0.00821905
 -0.00758373  0.000367465            0  -0.00410633
 -0.00936489  -0.00821905   0.00410633            0
Repeater1[0]<--->HoM1[0]
REAL
   0.455901  0.00642609 -0.00128119    0.357179
 0.00642609   0.0608696   0.0269906 -0.00579732
-0.00128119   0.0269906   0.0695652  -0.0238006
   0.357179 -0.00579732  -0.0238006    0.413665
IMAGINARY
          0 -0.00192732   0.0109465 -0.00461629
 0.00192732           0 -0.00253585   0.0123239
 -0.0109465  0.00253585           0  -0.0150538
 0.00461629  -0.0123239   0.0150538           0
EndNode1[0]<--->Repeater1[0]
REAL
  0.449689 -0.0100072 -0.0209945   0.356337
-0.0100072  0.0596273  0.0166793 0.00115319
-0.0209945  0.0166793  0.0819876 0.00603898
  0.356337 0.00115319 0.00603898   0.408696
IMAGINARY
           0    0.0119822   -0.0162706     0.025943
  -0.0119822            0   0.00370663  0.000970751
   0.0162706  -0.00370663            0   0.00943765
   -0.025943 -0.000970751  -0.00943765            0
EndNode2[0]<--->HoM1[0]
REAL
   0.453621   0.0121595  -0.0076769    0.361211
  0.0121595    0.064803   0.0385252   0.0076769
 -0.0076769   0.0385252   0.0571792 -0.00424392
   0.361211   0.0076769 -0.00424392    0.424396
IMAGINARY
          0 -0.00819085   0.0148568 -0.00506677
 0.00819085           0   0.0164456   0.0353387
 -0.0148568  -0.0164456           0  -0.0211442
 0.00506677  -0.0353387   0.0211442           0
Repeater1[0]<--->EndNode1[0]
REAL
  0.449689 -0.0209945 -0.0100072   0.356337
-0.0209945  0.0819876  0.0166793 0.00603898
-0.0100072  0.0166793  0.0596273 0.00115319
  0.356337 0.00603898 0.00115319   0.408696
IMAGINARY
           0   -0.0162706    0.0119822     0.025943
   0.0162706            0  -0.00370663   0.00943765
  -0.0119822   0.00370663            0  0.000970751
   -0.025943  -0.00943765 -0.000970751            0
Repeater1[0]<--->HoM1[0]
REAL
   0.453621  -0.0076769   0.0121595    0.361211
 -0.0076769   0.0571792   0.0385252 -0.00424392
  0.0121595   0.0385252    0.064803   0.0076769
   0.361211 -0.00424392   0.0076769    0.424396
IMAGINARY
          0   0.0148568 -0.00819085 -0.00506677
 -0.0148568           0  -0.0164456  -0.0211442
 0.00819085   0.0164456           0   0.0353387
 0.00506677   0.0211442  -0.0353387           0
EndNode1[0]<--->Repeater1[0]
REAL
   0.451493 0.000227749 -0.00700782    0.370808
0.000227749   0.0883085   0.0244538   0.0082547
-0.00700782   0.0244538   0.0522388   0.0035129
   0.370808   0.0082547   0.0035129     0.40796
IMAGINARY
           0    0.0155563  -0.00629165   0.00284975
  -0.0155563            0   -0.0242505 -0.000218771
  0.00629165    0.0242505            0    0.0117875
 -0.00284975  0.000218771   -0.0117875            0
EndNode2[0]<--->HoM1[0]
REAL
    0.44675  0.00531771  0.00138812    0.357329
 0.00531771   0.0677732  0.00746328  0.00865204
 0.00138812  0.00746328   0.0456432 0.000706383
   0.357329  0.00865204 0.000706383    0.439834
IMAGINARY
          0   0.0120643  0.00232623   0.0210946
 -0.0120643           0 -0.00586618  -0.0157311
-0.00232623  0.00586618           0   0.0120643
 -0.0210946   0.0157311  -0.0120643           0
Repeater1[0]<--->EndNode1[0]
REAL
   0.451493 -0.00700782 0.000227749    0.370808
-0.00700782   0.0522388   0.0244538   0.0035129
0.000227749   0.0244538   0.0883085   0.0082547
   0.370808   0.0035129   0.0082547     0.40796
IMAGINARY
           0  -0.00629165    0.0155563   0.00284975
  0.00629165            0    0.0242505    0.0117875
  -0.0155563   -0.0242505            0 -0.000218771
 -0.00284975   -0.0117875  0.000218771            0
Repeater1[0]<--->HoM1[0]
REAL
    0.44675  0.00138812  0.00531771    0.357329
 0.00138812   0.0456432  0.00746328 0.000706383
 0.00531771  0.00746328   0.0677732  0.00865204
   0.357329 0.000706383  0.00865204    0.439834
IMAGINARY
          0  0.00232623   0.0120643   0.0210946
-0.00232623           0  0.00586618   0.0120643
 -0.0120643 -0.00586618           0  -0.0157311
 -0.0210946  -0.0120643   0.0157311           0
EndNode1[0]<--->Repeater1[0]
REAL
   0.428202 -0.00268097  0.00955349    0.342024
-0.00268097   0.0659767   0.0172257 -0.00821301
 0.00955349   0.0172257   0.0827943 -0.00268097
   0.342024 -0.00821301 -0.00268097    0.423027
IMAGINARY
          0 -0.00614632   0.0179433   0.0120695
 0.00614632           0  0.00495441  0.00631543
 -0.0179433 -0.00495441           0   -0.015417
 -0.0120695 -0.00631543    0.015417           0
EndNode2[0]<--->HoM1[0]
REAL
   0.447742 -0.00749144 -0.00837194    0.378933
-0.00749144   0.0632258  0.00925838  0.00334681
-0.00837194  0.00925838   0.0696774  0.00121003
   0.378933  0.00334681  0.00121003    0.419355
IMAGINARY
           0    0.0106516   0.00211516    0.0159824
  -0.0106516            0 -0.000988899    0.0116693
 -0.00211516  0.000988899            0   -0.0244361
  -0.0159824   -0.0116693    0.0244361            0
Repeater1[0]<--->EndNode1[0]
REAL
   0.428202  0.00955349 -0.00268097    0.342024
 0.00955349   0.0827943   0.0172257 -0.00268097
-0.00268097   0.0172257   0.0659767 -0.00821301
   0.342024 -0.00268097 -0.00821301    0.423027
IMAGINARY
          0   0.0179433 -0.00614632   0.0120695
 -0.0179433           0 -0.00495441   -0.015417
 0.00614632  0.00495441           0  0.00631543
 -0.0120695    0.015417 -0.00631543           0
Repeater1[0]<--->HoM1[0]
REAL
   0.447742 -0.00837194 -0.00749144    0.378933
-0.00837194   0.0696774  0.00925838  0.00121003
-0.00749144  0.00925838   0.0632258  0.00334681
   0.378933  0.00121003  0.00334681    0.419355
IMAGINARY
           0   0.00211516    0.0106516    0.0159824
 -0.00211516            0  0.000988899   -0.0244361
  -0.0106516 -0.000988899            0    0.0116693
  -0.0159824    0.0244361   -0.0116693            0
EndNode1[0]<--->Repeater1[0]
REAL
  0.484694 0.00983009 -0.0169957   0.351073
0.00983009  0.0688776  0.0078852  0.0189017
-0.0169957  0.0078852  0.0714286 -0.0269838
  0.351073  0.0189017 -0.0269838      0.375
IMAGINARY
           0   0.00388102 -0.000642674   0.00520159
 -0.00388102            0  -0.00261091 -0.000642674
 0.000642674   0.00261091            0  -0.00259567
 -0.00520159  0.000642674   0.00259567            0
EndNode2[0]<--->HoM1[0]
REAL
  0.449804 -0.0225469 -0.0127965   0.379779
-0.0225469  0.0691004  0.0178488 -0.0127965
-0.0127965  0.0178488  0.0521512 -0.0105368
  0.379779 -0.0127965 -0.0105368   0.428944
IMAGINARY
          0    0.016616  -0.0085753  -0.0102625
  -0.016616           0   0.0116399 -0.00214856
  0.0085753  -0.0116399           0  0.00617217
  0.0102625  0.00214856 -0.00617217           0
Repeater1[0]<--->EndNode1[0]
REAL
  0.484694 -0.0169957 0.00983009   0.351073
-0.0169957  0.0714286  0.0078852 -0.0269838
0.00983009  0.0078852  0.0688776  0.0189017
  0.351073 -0.0269838  0.0189017      0.375
IMAGINARY
           0 -0.000642674   0.00388102   0.00520159
 0.000642674            0   0.00261091  -0.00259567
 -0.00388102  -0.00261091            0 -0.000642674
 -0.00520159   0.00259567  0.000642674            0
Repeater1[0]<--->HoM1[0]
REAL
  0.449804 -0.0127965 -0.0225469   0.379779
-0.0127965  0.0521512  0.0178488 -0.0105368
-0.0225469  0.0178488  0.0691004 -0.0127965
  0.379779 -0.0105368 -0.0127965   0.428944
IMAGINARY
          0  -0.0085753    0.016616  -0.0102625
  0.0085753           0  -0.0116399  0.00617217
  -0.016616   0.0116399           0 -0.00214856
  0.0102625 -0.00617217  0.00214856           0
EndNode1[0]<--->Repeater1[0]
REAL
    0.45875  -0.0261154  -0.0103029    0.361538
 -0.0261154     0.06625  0.00307283 -0.00176148
 -0.0103029  0.00307283     0.06875   0.0153916
   0.361538 -0.00176148   0.0153916     0.40625
IMAGINARY
          0   0.0137637  0.00783962  -0.0007347
 -0.0137637           0  0.00507175  -0.0144534
-0.00783962 -0.00507175           0 -0.00847267
  0.0007347   0.0144534  0.00847267           0
EndNode2[0]<--->HoM1[0]
REAL
   0.447761 -0.00525128 -0.00975025    0.367943
-0.00525128   0.0497512   0.0291927  -0.0136873
-0.00975025   0.0291927   0.0721393  0.00134503
   0.367943  -0.0136873  0.00134503    0.430348
IMAGINARY
         0  0.0134993  0.0146356  0.0071284
-0.0134993          0 -0.0105484 -0.0146356
-0.0146356  0.0105484          0 -0.0172493
-0.0071284  0.0146356  0.0172493          0
Repeater1[0]<--->EndNode1[0]
REAL
    0.45875  -0.0103029  -0.0261154    0.361538
 -0.0103029     0.06875  0.00307283   0.0153916
 -0.0261154  0.00307283     0.06625 -0.00176148
   0.361538   0.0153916 -0.00176148     0.40625
IMAGINARY
          0  0.00783962   0.0137637  -0.0007347
-0.00783962           0 -0.00507175 -0.00847267
 -0.0137637  0.00507175           0  -0.0144534
  0.0007347  0.00847267   0.0144534           0
Repeater1[0]<--->HoM1[0]
REAL
   0.447761 -0.00975025 -0.00525128    0.367943
-0.00975025   0.0721393   0.0291927  0.00134503
-0.00525128   0.0291927   0.0497512  -0.0136873
   0.367943  0.00134503  -0.0136873    0.430348
IMAGINARY
         0  0.0146356  0.0134993  0.0071284
-0.0146356          0  0.0105484 -0.0172493
-0.0134993 -0.0105484          0 -0.0146356
-0.0071284  0.0172493  0.0146356          0
EndNode1[0]<--->Repeater1[0]
REAL
   0.455844   0.0188256   0.0179708    0.343124
  0.0188256   0.0753247 -0.00532114    0.012042
  0.0179708 -0.00532114   0.0532468   0.0124643
   0.343124    0.012042   0.0124643    0.415584
IMAGINARY
          0   0.0127238 -0.00133519 -0.00997527
 -0.0127238           0   0.0105903  -0.0090275
 0.00133519  -0.0105903           0  0.00152488
 0.00997527   0.0090275 -0.00152488           0
EndNode2[0]<--->HoM1[0]
REAL
    0.43871  0.00937248 -0.00750272    0.349433
 0.00937248   0.0632258 0.000566751 -0.00225338
-0.00750272 0.000566751   0.0606452   0.0113592
   0.349433 -0.00225338   0.0113592    0.437419
IMAGINARY
          0 -0.00723341 -0.00701979  0.00438749
 0.00723341           0 -0.00240599  -0.0143908
 0.00701979  0.00240599           0 -0.00913938
-0.00438749   0.0143908  0.00913938           0
Repeater1[0]<--->EndNode1[0]
REAL
   0.455844   0.0179708   0.0188256    0.343124
  0.0179708   0.0532468 -0.00532114   0.0124643
  0.0188256 -0.00532114   0.0753247    0.012042
   0.343124   0.0124643    0.012042    0.415584
IMAGINARY
          0 -0.00133519   0.0127238 -0.00997527
 0.00133519           0  -0.0105903  0.00152488
 -0.0127238   0.0105903           0  -0.0090275
 0.00997527 -0.00152488   0.0090275           0
Repeater1[0]<--->HoM1[0]
REAL
    0.43871 -0.00750272  0.00937248    0.349433
-0.00750272   0.0606452 0.000566751   0.0113592
 0.00937248 0.000566751   0.0632258 -0.00225338
   0.349433   0.0113592 -0.00225338    0.437419
IMAGINARY
          0 -0.00701979 -0.00723341  0.00438749
 0.00701979           0  0.00240599 -0.00913938
 0.00723341 -0.00240599           0  -0.0143908
-0.00438749  0.00913938   0.0143908           0
EndNode1[0]<--->Repeater1[0]
REAL
  0.444302 -0.0205386 -0.0222401   0.358556
-0.0205386  0.0678617  0.0183866 -0.0101433
-0.0222401  0.0183866  0.0768246 -0.0157309
  0.358556 -0.0101433 -0.0157309   0.411012
IMAGINARY
          0   0.0172451  0.00355839 -0.00099628
 -0.0172451           0  0.00162839   -0.025482
-0.00355839 -0.00162839           0   0.0117506
 0.00099628    0.025482  -0.0117506           0
EndNode2[0]<--->HoM1[0]
REAL
   0.453621 -0.00230808  0.00797635     0.36009
-0.00230808   0.0482846   0.0139361  -0.0157686
 0.00797635   0.0139361   0.0838628 -0.00418543
    0.36009  -0.0157686 -0.00418543    0.414231
IMAGINARY
          0  0.00946637  -0.0132626  -0.0214889
-0.00946637           0  -0.0165013 -0.00265252
  0.0132626   0.0165013           0  0.00114371
  0.0214889  0.00265252 -0.00114371           0
Repeater1[0]<--->EndNode1[0]
REAL
  0.444302 -0.0222401 -0.0205386   0.358556
-0.0222401  0.0768246  0.0183866 -0.0157309
-0.0205386  0.0183866  0.0678617 -0.0101433
  0.358556 -0.0157309 -0.0101433   0.411012
IMAGINARY
          0  0.00355839   0.0172451 -0.00099628
-0.00355839           0 -0.00162839   0.0117506
 -0.0172451  0.00162839           0   -0.025482
 0.00099628  -0.0117506    0.025482           0
Repeater1[0]<--->HoM1[0]
REAL
   0.453621  0.00797635 -0.00230808     0.36009
 0.00797635   0.0838628   0.0139361 -0.00418543
-0.00230808   0.0139361   0.0482846  -0.0157686
    0.36009 -0.00418543  -0.0157686    0.414231
IMAGINARY
          0  -0.0132626  0.00946637  -0.0214889
  0.0132626           0   0.0165013  0.00114371
-0.00946637  -0.0165013           0 -0.00265252
  0.0214889 -0.00114371  0.00265252           0
EndNode1[0]<--->Repeater1[0]
REAL
    0.42228   0.0188338 -0.00156653    0.359057
  0.0188338   0.0686528  0.00355843   0.0167581
-0.00156653  0.00355843   0.0984456   0.0201359
   0.359057   0.0167581   0.0201359    0.410622
IMAGINARY
          0  -0.0119156  0.00484955  -0.0142643
  0.0119156           0  -0.0301373   0.0104957
-0.00484955   0.0301373           0  -0.0149386
  0.0142643  -0.0104957   0.0149386           0
EndNode2[0]<--->HoM1[0]
REAL
   0.453595  0.00121106  -0.0151203    0.344337
 0.00121106   0.0679739   0.0116733  -0.0027133
 -0.0151203   0.0116733   0.0627451 -0.00187156
   0.344337  -0.0027133 -0.00187156    0.415686
IMAGINARY
          0 -0.00672405  -0.0126012  -0.0104074
