EndNode1[0]<--->Repeater1[0]
REAL
   0.387597 -0.00650466 -0.00674707    0.334649
-0.00650466    0.116279    0.074086   0.0047914
-0.00674707    0.074086    0.118863  0.00715655
   0.334649   0.0047914  0.00715655    0.377261
IMAGINARY
          0 -0.00837236   0.0114102  0.00795795
 0.00837236           0  0.00860646  0.00459488
 -0.0114102 -0.00860646           0   0.0013301
-0.00795795 -0.00459488  -0.0013301           0
EndNode2[0]<--->HoM1[0]
REAL
   0.411384 -0.00629167  -0.0175588    0.325119
-0.00629167   0.0866753   0.0664022   0.0113244
 -0.0175588   0.0664022    0.122898 -0.00118963
   0.325119   0.0113244 -0.00118963    0.379043
IMAGINARY
          0  -0.0170643 -0.00668133   0.0316233
  0.0170643           0  0.00703318  -0.0205153
 0.00668133 -0.00703318           0   0.0177616
 -0.0316233   0.0205153  -0.0177616           0
Repeater1[0]<--->EndNode1[0]
REAL
   0.387597 -0.00674707 -0.00650466    0.334649
-0.00674707    0.118863    0.074086  0.00715655
-0.00650466    0.074086    0.116279   0.0047914
   0.334649  0.00715655   0.0047914    0.377261
IMAGINARY
          0   0.0114102 -0.00837236  0.00795795
 -0.0114102           0 -0.00860646   0.0013301
 0.00837236  0.00860646           0  0.00459488
-0.00795795  -0.0013301 -0.00459488           0
Repeater1[0]<--->HoM1[0]
REAL
   0.411384  -0.0175588 -0.00629167    0.325119
 -0.0175588    0.122898   0.0664022 -0.00118963
-0.00629167   0.0664022   0.0866753   0.0113244
   0.325119 -0.00118963   0.0113244    0.379043
IMAGINARY
          0 -0.00668133  -0.0170643   0.0316233
 0.00668133           0 -0.00703318   0.0177616
  0.0170643  0.00703318           0  -0.0205153
 -0.0316233  -0.0177616   0.0205153           0
EndNode1[0]<--->Repeater1[0]
REAL
 0.380952 0.0134935 0.0182551  0.318974
0.0134935  0.129073 0.0854678 0.0227947
0.0182551 0.0854678  0.131579 0.0235186
 0.318974 0.0227947 0.0235186  0.358396
IMAGINARY
          0  -0.0150329 -0.00776197  -0.0117181
  0.0150329           0  0.00445262  0.00711514
 0.00776197 -0.00445262           0   0.0156797
  0.0117181 -0.00711514  -0.0156797           0
EndNode2[0]<--->HoM1[0]
REAL
   0.396783 -0.00310408  0.00257832    0.326491
-0.00310408    0.108579   0.0673767  -0.0167293
 0.00257832   0.0673767    0.119303 -0.00632988
   0.326491  -0.0167293 -0.00632988    0.375335
IMAGINARY
          0  0.00426721     0.01165  -0.0140852
-0.00426721           0 -0.00145889   0.0222041
   -0.01165  0.00145889           0   -0.015986
  0.0140852  -0.0222041    0.015986           0
Repeater1[0]<--->EndNode1[0]
REAL
 0.380952 0.0182551 0.0134935  0.318974
0.0182551  0.131579 0.0854678 0.0235186
0.0134935 0.0854678  0.129073 0.0227947
 0.318974 0.0235186 0.0227947  0.358396
IMAGINARY
          0 -0.00776197  -0.0150329  -0.0117181
 0.00776197           0 -0.00445262   0.0156797
  0.0150329  0.00445262           0  0.00711514
  0.0117181  -0.0156797 -0.00711514           0
Repeater1[0]<--->HoM1[0]
REAL
   0.396783  0.00257832 -0.00310408    0.326491
 0.00257832    0.119303   0.0673767 -0.00632988
-0.00310408   0.0673767    0.108579  -0.0167293
   0.326491 -0.00632988  -0.0167293    0.375335
IMAGINARY
          0     0.01165  0.00426721  -0.0140852
   -0.01165           0  0.00145889   -0.015986
-0.00426721 -0.00145889           0   0.0222041
  0.0140852    0.015986  -0.0222041           0
EndNode1[0]<--->Repeater1[0]
REAL
   0.378486 -0.00920176  0.00260978    0.313875
-0.00920176    0.128818   0.0984705 -0.00878262
 0.00260978   0.0984705    0.136786  0.00179436
   0.313875 -0.00878262  0.00179436     0.35591
IMAGINARY
          0    0.022846  -0.0248281  0.00435892
  -0.022846           0   0.0304072 -0.00650349
  0.0248281  -0.0304072           0  -0.0124021
-0.00435892  0.00650349   0.0124021           0
EndNode2[0]<--->HoM1[0]
REAL
   0.362944  -0.0108966 0.000431377    0.320167
 -0.0108966    0.112944   0.0739936  0.00808444
0.000431377   0.0739936    0.124365  0.00603045
   0.320167  0.00808444  0.00603045    0.399746
IMAGINARY
          0  -0.0125299  0.00700371   0.0149442
  0.0125299           0  0.00347324  0.00830241
-0.00700371 -0.00347324           0  0.00105033
 -0.0149442 -0.00830241 -0.00105033           0
Repeater1[0]<--->EndNode1[0]
REAL
   0.378486  0.00260978 -0.00920176    0.313875
 0.00260978    0.136786   0.0984705  0.00179436
-0.00920176   0.0984705    0.128818 -0.00878262
   0.313875  0.00179436 -0.00878262     0.35591
IMAGINARY
          0  -0.0248281    0.022846  0.00435892
  0.0248281           0  -0.0304072  -0.0124021
  -0.022846   0.0304072           0 -0.00650349
-0.00435892   0.0124021  0.00650349           0
Repeater1[0]<--->HoM1[0]
REAL
   0.362944 0.000431377  -0.0108966    0.320167
0.000431377    0.124365   0.0739936  0.00603045
 -0.0108966   0.0739936    0.112944  0.00808444
   0.320167  0.00603045  0.00808444    0.399746
IMAGINARY
          0  0.00700371  -0.0125299   0.0149442
-0.00700371           0 -0.00347324  0.00105033
  0.0125299  0.00347324           0  0.00830241
 -0.0149442 -0.00105033 -0.00830241           0
EndNode1[0]<--->Repeater1[0]
REAL
   0.392287 -0.00737161   0.0122923    0.329195
-0.00737161    0.113032   0.0737807   0.0129341
  0.0122923   0.0737807    0.109043   0.0235424
   0.329195   0.0129341   0.0235424    0.385638
IMAGINARY
          0   0.0171186  0.00196645  0.00823672
 -0.0171186           0   0.0265294  -0.0306289
-0.00196645  -0.0265294           0 -0.00374279
-0.00823672   0.0306289  0.00374279           0
EndNode2[0]<--->HoM1[0]
REAL
   0.380597 -0.00531609 -0.00174299    0.323028
-0.00531609    0.119403   0.0912574   0.0095352
-0.00174299   0.0912574    0.109453   0.0131083
   0.323028   0.0095352   0.0131083    0.390547
IMAGINARY
           0  -0.00709434   0.00192542   -0.0378773
  0.00709434            0 -0.000887494     0.004585
 -0.00192542  0.000887494            0   0.00579226
   0.0378773    -0.004585  -0.00579226            0
Repeater1[0]<--->EndNode1[0]
REAL
   0.392287   0.0122923 -0.00737161    0.329195
  0.0122923    0.109043   0.0737807   0.0235424
-0.00737161   0.0737807    0.113032   0.0129341
   0.329195   0.0235424   0.0129341    0.385638
IMAGINARY
          0  0.00196645   0.0171186  0.00823672
-0.00196645           0  -0.0265294 -0.00374279
 -0.0171186   0.0265294           0  -0.0306289
-0.00823672  0.00374279   0.0306289           0
Repeater1[0]<--->HoM1[0]
REAL
   0.380597 -0.00174299 -0.00531609    0.323028
-0.00174299    0.109453   0.0912574   0.0131083
-0.00531609   0.0912574    0.119403   0.0095352
   0.323028   0.0131083   0.0095352    0.390547
IMAGINARY
           0   0.00192542  -0.00709434   -0.0378773
 -0.00192542            0  0.000887494   0.00579226
  0.00709434 -0.000887494            0     0.004585
   0.0378773  -0.00579226    -0.004585            0
EndNode1[0]<--->Repeater1[0]
REAL
  0.361386  0.0030596 0.00877489    0.31129
 0.0030596   0.108911  0.0907204  0.0138382
0.00877489  0.0907204   0.121287  0.0245786
   0.31129  0.0138382  0.0245786   0.408416
IMAGINARY
          0  0.00654064  0.00687334   0.0211698
-0.00654064           0  0.00095413  -0.0126948
-0.00687334 -0.00095413           0  -0.0214177
 -0.0211698   0.0126948   0.0214177           0
EndNode2[0]<--->HoM1[0]
REAL
   0.390026  -0.0244171  -0.0218102    0.324329
 -0.0244171    0.138107   0.0710481  0.00477861
 -0.0218102   0.0710481     0.11509 8.62055e-05
   0.324329  0.00477861 8.62055e-05    0.356777
IMAGINARY
          0 -0.00349521  0.00373083   0.0163166
 0.00349521           0  0.00743338   0.0408886
-0.00373083 -0.00743338           0  -0.0227515
 -0.0163166  -0.0408886   0.0227515           0
Repeater1[0]<--->EndNode1[0]
REAL
  0.361386 0.00877489  0.0030596    0.31129
0.00877489   0.121287  0.0907204  0.0245786
 0.0030596  0.0907204   0.108911  0.0138382
   0.31129  0.0245786  0.0138382   0.408416
IMAGINARY
          0  0.00687334  0.00654064   0.0211698
-0.00687334           0 -0.00095413  -0.0214177
-0.00654064  0.00095413           0  -0.0126948
 -0.0211698   0.0214177   0.0126948           0
Repeater1[0]<--->HoM1[0]
REAL
   0.390026  -0.0218102  -0.0244171    0.324329
 -0.0218102     0.11509   0.0710481 8.62055e-05
 -0.0244171   0.0710481    0.138107  0.00477861
   0.324329 8.62055e-05  0.00477861    0.356777
IMAGINARY
          0  0.00373083 -0.00349521   0.0163166
-0.00373083           0 -0.00743338  -0.0227515
 0.00349521  0.00743338           0   0.0408886
 -0.0163166   0.0227515  -0.0408886           0
EndNode1[0]<--->Repeater1[0]
REAL
   0.380952 -0.00873529  -0.0225721    0.340653
-0.00873529    0.137709   0.0738204 -0.00374367
 -0.0225721   0.0738204    0.122265  -0.0241595
   0.340653 -0.00374367  -0.0241595    0.359073
IMAGINARY
          0  -0.0027579 -0.00260417  -0.0137478
  0.0027579           0 -0.00788074  0.00260417
 0.00260417  0.00788074           0 -0.00098275
  0.0137478 -0.00260417  0.00098275           0
EndNode2[0]<--->HoM1[0]
REAL
   0.362176  0.00414449 0.000277431    0.329844
 0.00414449    0.108776   0.0851076  0.00589541
0.000277431   0.0851076    0.123609  0.00477184
   0.329844  0.00589541  0.00477184    0.405439
IMAGINARY
          0 -0.00288221  0.00598634   0.0202206
 0.00288221           0  -0.0101804  0.00980313
-0.00598634   0.0101804           0   0.0134085
 -0.0202206 -0.00980313  -0.0134085           0
Repeater1[0]<--->EndNode1[0]
REAL
   0.380952  -0.0225721 -0.00873529    0.340653
 -0.0225721    0.122265   0.0738204  -0.0241595
-0.00873529   0.0738204    0.137709 -0.00374367
   0.340653  -0.0241595 -0.00374367    0.359073
IMAGINARY
          0 -0.00260417  -0.0027579  -0.0137478
 0.00260417           0  0.00788074 -0.00098275
  0.0027579 -0.00788074           0  0.00260417
  0.0137478  0.00098275 -0.00260417           0
Repeater1[0]<--->HoM1[0]
REAL
   0.362176 0.000277431  0.00414449    0.329844
0.000277431    0.123609   0.0851076  0.00477184
 0.00414449   0.0851076    0.108776  0.00589541
   0.329844  0.00477184  0.00589541    0.405439
IMAGINARY
          0  0.00598634 -0.00288221   0.0202206
-0.00598634           0   0.0101804   0.0134085
 0.00288221  -0.0101804           0  0.00980313
 -0.0202206  -0.0134085 -0.00980313           0
EndNode1[0]<--->Repeater1[0]
REAL
    0.353186  -0.00314883  -0.00772358     0.315498
 -0.00314883     0.123269    0.0720359 -0.000406504
 -0.00772358    0.0720359     0.145429   0.00721387
    0.315498 -0.000406504   0.00721387     0.378116
IMAGINARY
          0    0.010878   0.0125147 -0.00718478
  -0.010878           0  -0.0174676  0.00429725
 -0.0125147   0.0174676           0  -0.0152367
 0.00718478 -0.00429725   0.0152367           0
EndNode2[0]<--->HoM1[0]
REAL
   0.365119    0.011512 -0.00389316    0.323488
   0.011512    0.138018   0.0926238   0.0112167
-0.00389316   0.0926238    0.115433 -0.00818307
   0.323488   0.0112167 -0.00818307     0.38143
IMAGINARY
          0  0.00431029 -0.00307193  -0.0032633
-0.00431029           0 -0.00646433   0.0080102
 0.00307193  0.00646433           0   0.0129737
  0.0032633  -0.0080102  -0.0129737           0
Repeater1[0]<--->EndNode1[0]
REAL
    0.353186  -0.00772358  -0.00314883     0.315498
 -0.00772358     0.145429    0.0720359   0.00721387
 -0.00314883    0.0720359     0.123269 -0.000406504
    0.315498   0.00721387 -0.000406504     0.378116
IMAGINARY
          0   0.0125147    0.010878 -0.00718478
 -0.0125147           0   0.0174676  -0.0152367
  -0.010878  -0.0174676           0  0.00429725
 0.00718478   0.0152367 -0.00429725           0
Repeater1[0]<--->HoM1[0]
REAL
   0.365119 -0.00389316    0.011512    0.323488
-0.00389316    0.115433   0.0926238 -0.00818307
   0.011512   0.0926238    0.138018   0.0112167
   0.323488 -0.00818307   0.0112167     0.38143
IMAGINARY
          0 -0.00307193  0.00431029  -0.0032633
 0.00307193           0  0.00646433   0.0129737
-0.00431029 -0.00646433           0   0.0080102
  0.0032633  -0.0129737  -0.0080102           0
EndNode1[0]<--->Repeater1[0]
REAL
   0.366961  0.00635552 0.000281742    0.320893
 0.00635552    0.110971   0.0787156   0.0199269
0.000281742   0.0787156    0.141236   0.0229796
   0.320893   0.0199269   0.0229796    0.380832
IMAGINARY
          0  -0.0106212  0.00848151 -0.00914907
  0.0106212           0  0.00382992    0.015924
-0.00848151 -0.00382992           0   -0.028803
 0.00914907   -0.015924    0.028803           0
EndNode2[0]<--->HoM1[0]
REAL
   0.402484 -0.00753995  -0.0249886    0.319645
-0.00753995    0.104348   0.0830788   0.0074789
 -0.0249886   0.0830788    0.119255  -0.0190489
   0.319645   0.0074789  -0.0190489    0.373913
IMAGINARY
           0  -0.00871108 -0.000928208   -0.0154735
  0.00871108            0  -0.00916035    -0.010212
 0.000928208   0.00916035            0    0.0159195
   0.0154735     0.010212   -0.0159195            0
Repeater1[0]<--->EndNode1[0]
REAL
   0.366961 0.000281742  0.00635552    0.320893
0.000281742    0.141236   0.0787156   0.0229796
 0.00635552   0.0787156    0.110971   0.0199269
   0.320893   0.0229796   0.0199269    0.380832
IMAGINARY
          0  0.00848151  -0.0106212 -0.00914907
-0.00848151           0 -0.00382992   -0.028803
  0.0106212  0.00382992           0    0.015924
 0.00914907    0.028803   -0.015924           0
Repeater1[0]<--->HoM1[0]
REAL
   0.402484  -0.0249886 -0.00753995    0.319645
 -0.0249886    0.119255   0.0830788  -0.0190489
-0.00753995   0.0830788    0.104348   0.0074789
   0.319645  -0.0190489   0.0074789    0.373913
IMAGINARY
           0 -0.000928208  -0.00871108   -0.0154735
 0.000928208            0   0.00916035    0.0159195
  0.00871108  -0.00916035            0    -0.010212
   0.0154735   -0.0159195     0.010212            0
EndNode1[0]<--->Repeater1[0]
REAL
  0.378213 0.00551098  0.0133983   0.319055
0.00551098   0.123623  0.0717118 0.00155619
 0.0133983  0.0717118   0.107711 0.00424195
  0.319055 0.00155619 0.00424195   0.390453
IMAGINARY
          0  6.0687e-05 -0.00624216       0.004
-6.0687e-05           0      -0.004  -0.0179609
 0.00624216       0.004           0   0.0194198
     -0.004   0.0179609  -0.0194198           0
EndNode2[0]<--->HoM1[0]
REAL
  0.388235 -0.0101862 0.00256676    0.34034
-0.0101862   0.113725  0.0859098 -0.0238168
0.00256676  0.0859098   0.115033 -0.0248138
   0.34034 -0.0238168 -0.0248138   0.383007
IMAGINARY
           0  0.000948164  -0.00223315  -0.00530952
-0.000948164            0  -0.00724002   -0.0116909
  0.00223315   0.00724002            0    0.0028493
  0.00530952    0.0116909   -0.0028493            0
Repeater1[0]<--->EndNode1[0]
REAL
  0.378213  0.0133983 0.00551098   0.319055
 0.0133983   0.107711  0.0717118 0.00424195
0.00551098  0.0717118   0.123623 0.00155619
  0.319055 0.00424195 0.00155619   0.390453
IMAGINARY
          0 -0.00624216  6.0687e-05       0.004
 0.00624216           0       0.004   0.0194198
-6.0687e-05      -0.004           0  -0.0179609
     -0.004  -0.0194198   0.0179609           0
Repeater1[0]<--->HoM1[0]
REAL
  0.388235 0.00256676 -0.0101862    0.34034
0.00256676   0.115033  0.0859098 -0.0248138
-0.0101862  0.0859098   0.113725 -0.0238168
   0.34034 -0.0248138 -0.0238168   0.383007
IMAGINARY
           0  -0.00223315  0.000948164  -0.00530952
  0.00223315            0   0.00724002    0.0028493
-0.000948164  -0.00724002            0   -0.0116909
  0.00530952   -0.0028493    0.0116909            0
EndNode1[0]<--->Repeater1[0]
REAL
  0.387139  0.0120533  0.0229355   0.317799
 0.0120533   0.103675   0.068476 0.00516904
 0.0229355   0.068476   0.110236 0.00951528
  0.317799 0.00516904 0.00951528    0.39895
IMAGINARY
          0  -0.0287459  0.00921801    -0.00887
  0.0287459           0  0.00467839   0.0138172
-0.00921801 -0.00467839           0  -0.0173246
    0.00887  -0.0138172   0.0173246           0
EndNode2[0]<--->HoM1[0]
REAL
   0.391363   0.0046613   0.0102074    0.342079
  0.0046613     0.11336   0.0738331 -0.00826694
  0.0102074   0.0738331    0.121457   0.0218588
   0.342079 -0.00826694   0.0218588    0.373819
IMAGINARY
          0   0.0111931  -0.0138139  -0.0139542
 -0.0111931           0   0.0270956  0.00165001
  0.0138139  -0.0270956           0  -0.0156745
  0.0139542 -0.00165001   0.0156745           0
Repeater1[0]<--->EndNode1[0]
REAL
  0.387139  0.0229355  0.0120533   0.317799
 0.0229355   0.110236   0.068476 0.00951528
 0.0120533   0.068476   0.103675 0.00516904
  0.317799 0.00951528 0.00516904    0.39895
IMAGINARY
          0  0.00921801  -0.0287459    -0.00887
-0.00921801           0 -0.00467839  -0.0173246
  0.0287459  0.00467839           0   0.0138172
    0.00887   0.0173246  -0.0138172           0
Repeater1[0]<--->HoM1[0]
REAL
   0.391363   0.0102074   0.0046613    0.342079
  0.0102074    0.121457   0.0738331   0.0218588
  0.0046613   0.0738331     0.11336 -0.00826694
   0.342079   0.0218588 -0.00826694    0.373819
IMAGINARY
          0  -0.0138139   0.0111931  -0.0139542
  0.0138139           0  -0.0270956  -0.0156745
 -0.0111931   0.0270956           0  0.00165001
  0.0139542   0.0156745 -0.00165001           0
EndNode1[0]<--->Repeater1[0]
REAL
   0.373556  0.00340726  0.00081332     0.31932
 0.00340726    0.132221    0.101404 -0.00289955
 0.00081332    0.101404     0.12837   0.0125872
    0.31932 -0.00289955   0.0125872    0.365854
IMAGINARY
          0  0.00858906 -0.00758502   0.0192967
-0.00858906           0  -0.0134902 -0.00321549
 0.00758502   0.0134902           0  0.00475274
 -0.0192967  0.00321549 -0.00475274           0
EndNode2[0]<--->HoM1[0]
REAL
   0.391425   0.0178161    0.013072    0.303133
  0.0178161    0.109267   0.0948532 -0.00703175
   0.013072   0.0948532    0.135546  0.00164697
   0.303133 -0.00703175  0.00164697    0.363762
IMAGINARY
           0   -0.0046147  0.000799102  -2.6046e-05
   0.0046147            0   0.00188478   0.00875504
-0.000799102  -0.00188478            0   0.00652553
  2.6046e-05  -0.00875504  -0.00652553            0
Repeater1[0]<--->EndNode1[0]
REAL
   0.373556  0.00081332  0.00340726     0.31932
 0.00081332     0.12837    0.101404   0.0125872
 0.00340726    0.101404    0.132221 -0.00289955
    0.31932   0.0125872 -0.00289955    0.365854
IMAGINARY
          0 -0.00758502  0.00858906   0.0192967
 0.00758502           0   0.0134902  0.00475274
-0.00858906  -0.0134902           0 -0.00321549
 -0.0192967 -0.00475274  0.00321549           0
Repeater1[0]<--->HoM1[0]
REAL
   0.391425    0.013072   0.0178161    0.303133
   0.013072    0.135546   0.0948532  0.00164697
  0.0178161   0.0948532    0.109267 -0.00703175
   0.303133  0.00164697 -0.00703175    0.363762
IMAGINARY
           0  0.000799102   -0.0046147  -2.6046e-05
-0.000799102            0  -0.00188478   0.00652553
   0.0046147   0.00188478            0   0.00875504
  2.6046e-05  -0.00652553  -0.00875504            0
EndNode1[0]<--->Repeater1[0]
REAL
  0.385942 -0.0231813 -0.0175598   0.331865
-0.0231813   0.122016  0.0809117 0.00896027
-0.0175598  0.0809117    0.12069  0.0207243
  0.331865 0.00896027  0.0207243   0.371353
IMAGINARY
          0 -0.00902042   0.0180164  0.00643046
 0.00902042           0 -0.00711633   0.0131145
 -0.0180164  0.00711633           0   0.0109264
-0.00643046  -0.0131145  -0.0109264           0
EndNode2[0]<--->HoM1[0]
REAL
   0.377837  0.00669149  0.00320863    0.327562
 0.00669149    0.129506    0.067242 -0.00130749
 0.00320863    0.067242    0.141522  -0.0212669
   0.327562 -0.00130749  -0.0212669    0.351135
IMAGINARY
          0  -0.0273742   0.0224513   0.0132832
  0.0273742           0   0.0068729   0.0154981
 -0.0224513  -0.0068729           0 -0.00258583
 -0.0132832  -0.0154981  0.00258583           0
Repeater1[0]<--->EndNode1[0]
REAL
  0.385942 -0.0175598 -0.0231813   0.331865
-0.0175598    0.12069  0.0809117  0.0207243
-0.0231813  0.0809117   0.122016 0.00896027
  0.331865  0.0207243 0.00896027   0.371353
IMAGINARY
          0   0.0180164 -0.00902042  0.00643046
 -0.0180164           0  0.00711633   0.0109264
 0.00902042 -0.00711633           0   0.0131145
-0.00643046  -0.0109264  -0.0131145           0
Repeater1[0]<--->HoM1[0]
REAL
   0.377837  0.00320863  0.00669149    0.327562
 0.00320863    0.141522    0.067242  -0.0212669
 0.00669149    0.067242    0.129506 -0.00130749
   0.327562  -0.0212669 -0.00130749    0.351135
IMAGINARY
          0   0.0224513  -0.0273742   0.0132832
 -0.0224513           0  -0.0068729 -0.00258583
  0.0273742   0.0068729           0   0.0154981
 -0.0132832  0.00258583  -0.0154981           0
EndNode1[0]<--->Repeater1[0]
REAL
   0.382353   0.0158265 -0.00187907     0.31024
  0.0158265    0.106138   0.0873014    0.012808
-0.00187907   0.0873014    0.144501   0.0183265
    0.31024    0.012808   0.0183265    0.367008
IMAGINARY
          0  0.00837134  -0.0236107 -0.00918678
-0.00837134           0   0.0250598   0.0120127
  0.0236107  -0.0250598           0  0.00709257
 0.00918678  -0.0120127 -0.00709257           0
EndNode2[0]<--->HoM1[0]
REAL
  0.365333 -0.0142131 0.00689628   0.302848
-0.0142131   0.125333  0.0951367 -0.0194907
0.00689628  0.0951367   0.129333 -0.0172731
  0.302848 -0.0194907 -0.0172731       0.38
IMAGINARY
           0  -0.00451449  0.000809245   -0.0140737
  0.00451449            0   0.00948653   -0.0207097
-0.000809245  -0.00948653            0   -0.0141422
   0.0140737    0.0207097    0.0141422            0
Repeater1[0]<--->EndNode1[0]
REAL
   0.382353 -0.00187907   0.0158265     0.31024
-0.00187907    0.144501   0.0873014   0.0183265
  0.0158265   0.0873014    0.106138    0.012808
    0.31024   0.0183265    0.012808    0.367008
IMAGINARY
          0  -0.0236107  0.00837134 -0.00918678
  0.0236107           0  -0.0250598  0.00709257
-0.00837134   0.0250598           0   0.0120127
 0.00918678 -0.00709257  -0.0120127           0
Repeater1[0]<--->HoM1[0]
REAL
  0.365333 0.00689628 -0.0142131   0.302848
0.00689628   0.129333  0.0951367 -0.0172731
-0.0142131  0.0951367   0.125333 -0.0194907
  0.302848 -0.0172731 -0.0194907       0.38
IMAGINARY
           0  0.000809245  -0.00451449   -0.0140737
-0.000809245            0  -0.00948653   -0.0141422
  0.00451449   0.00948653            0   -0.0207097
   0.0140737    0.0141422    0.0207097            0
EndNode1[0]<--->Repeater1[0]
REAL
   0.397823  -0.0181529  0.00615764     0.32274
 -0.0181529   0.0979444    0.081769 -0.00615764
 0.00615764    0.081769    0.118501   0.0181529
    0.32274 -0.00615764   0.0181529    0.385732
IMAGINARY
          0   0.0014238 -0.00151431  -0.0054544
 -0.0014238           0   0.0226502 -0.00782567
 0.00151431  -0.0226502           0  -0.0144998
  0.0054544  0.00782567   0.0144998           0
EndNode2[0]<--->HoM1[0]
REAL
   0.392996  -0.0157459 -0.00068626    0.333627
 -0.0157459    0.127108   0.0810228   -0.019059
-0.00068626   0.0810228     0.11284  0.00237007
   0.333627   -0.019059  0.00237007    0.367056
IMAGINARY
          0 -0.00554272   0.0112058  0.00123266
 0.00554272           0   0.0121722   0.0200442
 -0.0112058  -0.0121722           0  -0.0100823
-0.00123266  -0.0200442   0.0100823           0
Repeater1[0]<--->EndNode1[0]
REAL
   0.397823  0.00615764  -0.0181529     0.32274
 0.00615764    0.118501    0.081769   0.0181529
 -0.0181529    0.081769   0.0979444 -0.00615764
    0.32274   0.0181529 -0.00615764    0.385732
IMAGINARY
          0 -0.00151431   0.0014238  -0.0054544
 0.00151431           0  -0.0226502  -0.0144998
 -0.0014238   0.0226502           0 -0.00782567
  0.0054544   0.0144998  0.00782567           0
Repeater1[0]<--->HoM1[0]
REAL
   0.392996 -0.00068626  -0.0157459    0.333627
-0.00068626     0.11284   0.0810228  0.00237007
 -0.0157459   0.0810228    0.127108   -0.019059
   0.333627  0.00237007   -0.019059    0.367056
IMAGINARY
          0   0.0112058 -0.00554272  0.00123266
 -0.0112058           0  -0.0121722  -0.0100823
 0.00554272   0.0121722           0   0.0200442
-0.00123266   0.0100823  -0.0200442           0
EndNode1[0]<--->Repeater1[0]
REAL
  0.371537 -0.0154618  0.0194505   0.313175
-0.0154618   0.125945   0.072242 -0.0142422
 0.0194505   0.072242   0.115869 0.00244099
  0.313175 -0.0142422 0.00244099    0.38665
IMAGINARY
          0  0.00973455  -0.0129704   0.0086723
-0.00973455           0  -0.0300731  -0.0103457
  0.0129704   0.0300731           0   0.0109908
 -0.0086723   0.0103457  -0.0109908           0
EndNode2[0]<--->HoM1[0]
REAL
   0.393862   0.0177958  -0.0100883    0.331573
  0.0177958    0.120205   0.0763713   0.0107188
 -0.0100883   0.0763713     0.11509 -0.00077184
   0.331573   0.0107188 -0.00077184    0.370844
IMAGINARY
          0  -0.0117989 -0.00190081   0.0098448
  0.0117989           0  0.00123553  0.00251281
 0.00190081 -0.00123553           0   -0.001053
 -0.0098448 -0.00251281    0.001053           0
Repeater1[0]<--->EndNode1[0]
REAL
  0.371537  0.0194505 -0.0154618   0.313175
 0.0194505   0.115869   0.072242 0.00244099
-0.0154618   0.072242   0.125945 -0.0142422
  0.313175 0.00244099 -0.0142422    0.38665
IMAGINARY
          0  -0.0129704  0.00973455   0.0086723
  0.0129704           0   0.0300731   0.0109908
-0.00973455  -0.0300731           0  -0.0103457
 -0.0086723  -0.0109908   0.0103457           0
Repeater1[0]<--->HoM1[0]
REAL
   0.393862  -0.0100883   0.0177958    0.331573
 -0.0100883     0.11509   0.0763713 -0.00077184
  0.0177958   0.0763713    0.120205   0.0107188
   0.331573 -0.00077184   0.0107188    0.370844
IMAGINARY
          0 -0.00190081  -0.0117989   0.0098448
 0.00190081           0 -0.00123553   -0.001053
  0.0117989  0.00123553           0  0.00251281
 -0.0098448    0.001053 -0.00251281           0
EndNode1[0]<--->Repeater1[0]
REAL
  0.401242  0.0123457 0.00226029   0.321561
 0.0123457    0.12795  0.0759695  0.0261348
0.00226029  0.0759695   0.122981  0.0123457
  0.321561  0.0261348  0.0123457   0.347826
IMAGINARY
          0  -0.0170477   0.0385758   0.0162729
  0.0170477           0  0.00410749   0.0256559
 -0.0385758 -0.00410749           0  -0.0119195
 -0.0162729  -0.0256559   0.0119195           0
EndNode2[0]<--->HoM1[0]
REAL
    0.385511   0.00901549    0.0111634     0.327792
  0.00901549     0.103493    0.0761492  -0.00500576
   0.0111634    0.0761492     0.119017 -0.000394799
    0.327792  -0.00500576 -0.000394799     0.391979
IMAGINARY
          0  0.00407103   0.0230645   0.0157144
-0.00407103           0  0.00240641   0.0143862
 -0.0230645 -0.00240641           0  -0.0296952
 -0.0157144  -0.0143862   0.0296952           0
Repeater1[0]<--->EndNode1[0]
REAL
  0.401242 0.00226029  0.0123457   0.321561
0.00226029   0.122981  0.0759695  0.0123457
 0.0123457  0.0759695    0.12795  0.0261348
  0.321561  0.0123457  0.0261348   0.347826
IMAGINARY
          0   0.0385758  -0.0170477   0.0162729
 -0.0385758           0 -0.00410749  -0.0119195
  0.0170477  0.00410749           0   0.0256559
 -0.0162729   0.0119195  -0.0256559           0
Repeater1[0]<--->HoM1[0]
REAL
    0.385511    0.0111634   0.00901549     0.327792
   0.0111634     0.119017    0.0761492 -0.000394799
  0.00901549    0.0761492     0.103493  -0.00500576
    0.327792 -0.000394799  -0.00500576     0.391979
IMAGINARY
          0   0.0230645  0.00407103   0.0157144
 -0.0230645           0 -0.00240641  -0.0296952
-0.00407103  0.00240641           0   0.0143862
 -0.0157144   0.0296952  -0.0143862           0
EndNode1[0]<--->Repeater1[0]
REAL
    0.392082    0.0253018    0.0166804     0.327336
   0.0253018     0.127714     0.076358    0.0123433
   0.0166804     0.076358     0.118774 -0.000235836
    0.327336    0.0123433 -0.000235836      0.36143
IMAGINARY
         0 -0.0198354  0.0133985  0.0138017
 0.0198354          0 -0.0074886  0.0159366
-0.0133985  0.0074886          0 -0.0160186
-0.0138017 -0.0159366  0.0160186          0
EndNode2[0]<--->HoM1[0]
REAL
  0.389381 -0.0237263 -0.0284822   0.330016
-0.0237263   0.123894  0.0749906 -0.0106705
-0.0284822  0.0749906   0.130215 -0.0179938
  0.330016 -0.0106705 -0.0179938   0.356511
IMAGINARY
          0 -0.00316167  -0.0134127   0.0099958
 0.00316167           0   0.0144887   0.0096439
  0.0134127  -0.0144887           0   0.0081868
 -0.0099958  -0.0096439  -0.0081868           0
Repeater1[0]<--->EndNode1[0]
REAL
    0.392082    0.0166804    0.0253018     0.327336
   0.0166804     0.118774     0.076358 -0.000235836
   0.0253018     0.076358     0.127714    0.0123433
    0.327336 -0.000235836    0.0123433      0.36143
IMAGINARY
         0  0.0133985 -0.0198354  0.0138017
-0.0133985          0  0.0074886 -0.0160186
 0.0198354 -0.0074886          0  0.0159366
-0.0138017  0.0160186 -0.0159366          0
Repeater1[0]<--->HoM1[0]
REAL
  0.389381 -0.0284822 -0.0237263   0.330016
-0.0284822   0.130215  0.0749906 -0.0179938
-0.0237263  0.0749906   0.123894 -0.0106705
  0.330016 -0.0179938 -0.0106705   0.356511
IMAGINARY
          0  -0.0134127 -0.00316167   0.0099958
  0.0134127           0  -0.0144887   0.0081868
 0.00316167   0.0144887           0   0.0096439
 -0.0099958  -0.0081868  -0.0096439           0
EndNode1[0]<--->Repeater1[0]
REAL
  0.353982 -0.0312986 -0.0139777   0.338463
-0.0312986   0.139064  0.0650455 0.00144642
-0.0139777  0.0650455   0.123894  0.0175141
  0.338463 0.00144642  0.0175141   0.383059
IMAGINARY
           0 -0.000907676  -0.00556827  -0.00131348
 0.000907676            0 -0.000673275   -0.0108874
  0.00556827  0.000673275            0   0.00850261
  0.00131348    0.0108874  -0.00850261            0
EndNode2[0]<--->HoM1[0]
REAL
  0.342308 -0.0166278 -0.0035847    0.33901
-0.0166278   0.117949  0.0775424  0.0042687
-0.0035847  0.0775424   0.144872  0.0022639
   0.33901  0.0042687  0.0022639   0.394872
IMAGINARY
          0 -0.00768234  0.00427244 -0.00234725
 0.00768234           0  0.00975466 -0.00230651
-0.00427244 -0.00975466           0 -0.00214728
 0.00234725  0.00230651  0.00214728           0
Repeater1[0]<--->EndNode1[0]
REAL
  0.353982 -0.0139777 -0.0312986   0.338463
-0.0139777   0.123894  0.0650455  0.0175141
-0.0312986  0.0650455   0.139064 0.00144642
  0.338463  0.0175141 0.00144642   0.383059
IMAGINARY
           0  -0.00556827 -0.000907676  -0.00131348
  0.00556827            0  0.000673275   0.00850261
 0.000907676 -0.000673275            0   -0.0108874
  0.00131348  -0.00850261    0.0108874            0
Repeater1[0]<--->HoM1[0]
REAL
  0.342308 -0.0035847 -0.0166278    0.33901
-0.0035847   0.144872  0.0775424  0.0022639
-0.0166278  0.0775424   0.117949  0.0042687
   0.33901  0.0022639  0.0042687   0.394872
IMAGINARY
          0  0.00427244 -0.00768234 -0.00234725
-0.00427244           0 -0.00975466 -0.00214728
 0.00768234  0.00975466           0 -0.00230651
 0.00234725  0.00214728  0.00230651           0
EndNode1[0]<--->Repeater1[0]
REAL
   0.384804  -0.0117082  -0.0235006    0.327404
 -0.0117082    0.113971   0.0728585  -0.0119325
 -0.0235006   0.0728585    0.129902 -0.00797685
   0.327404  -0.0119325 -0.00797685    0.371324
IMAGINARY
          0   0.0296875 -0.00108608 -0.00795744
 -0.0296875           0  0.00992336 -0.00930353
 0.00108608 -0.00992336           0  0.00537741
 0.00795744  0.00930353 -0.00537741           0
EndNode2[0]<--->HoM1[0]
REAL
  0.370229 0.00514805  0.0159623   0.324104
0.00514805   0.110687  0.0812839 0.00703374
 0.0159623  0.0812839    0.12341  0.0257324
  0.324104 0.00703374  0.0257324   0.395674
IMAGINARY
           0  -0.00360642   -0.0166155   0.00806758
  0.00360642            0 -0.000255082  -0.00688317
   0.0166155  0.000255082            0  -0.00553196
 -0.00806758   0.00688317   0.00553196            0
Repeater1[0]<--->EndNode1[0]
REAL
   0.384804  -0.0235006  -0.0117082    0.327404
 -0.0235006    0.129902   0.0728585 -0.00797685
 -0.0117082   0.0728585    0.113971  -0.0119325
   0.327404 -0.00797685  -0.0119325    0.371324
IMAGINARY
          0 -0.00108608   0.0296875 -0.00795744
 0.00108608           0 -0.00992336  0.00537741
 -0.0296875  0.00992336           0 -0.00930353
 0.00795744 -0.00537741  0.00930353           0
Repeater1[0]<--->HoM1[0]
REAL
  0.370229  0.0159623 0.00514805   0.324104
 0.0159623    0.12341  0.0812839  0.0257324
0.00514805  0.0812839   0.110687 0.00703374
  0.324104  0.0257324 0.00703374   0.395674
IMAGINARY
           0   -0.0166155  -0.00360642   0.00806758
   0.0166155            0  0.000255082  -0.00553196
  0.00360642 -0.000255082            0  -0.00688317
 -0.00806758   0.00553196   0.00688317            0
EndNode1[0]<--->Repeater1[0]
REAL
   0.36165 -0.0386019 -0.0170536   0.313022
-0.0386019   0.133495  0.0734933 -0.0236674
-0.0170536  0.0734933   0.126214 -0.0141351
  0.313022 -0.0236674 -0.0141351   0.378641
IMAGINARY
           0   0.00818365  -0.00484427   0.00991543
 -0.00818365            0  -0.00860309  0.000917571
  0.00484427   0.00860309            0   0.00752315
 -0.00991543 -0.000917571  -0.00752315            0
EndNode2[0]<--->HoM1[0]
REAL
   0.360223   0.0206064 -0.00470906    0.334527
  0.0206064     0.11822   0.0656027  0.00665458
-0.00470906   0.0656027    0.123783 -0.00439364
   0.334527  0.00665458 -0.00439364    0.397775
IMAGINARY
          0   0.0215557 -0.00638637  0.00795655
 -0.0215557           0 -0.00115803  -0.0274782
 0.00638637  0.00115803           0   0.0202769
-0.00795655   0.0274782  -0.0202769           0
Repeater1[0]<--->EndNode1[0]
REAL
   0.36165 -0.0170536 -0.0386019   0.313022
-0.0170536   0.126214  0.0734933 -0.0141351
-0.0386019  0.0734933   0.133495 -0.0236674
  0.313022 -0.0141351 -0.0236674   0.378641
IMAGINARY
           0  -0.00484427   0.00818365   0.00991543
  0.00484427            0   0.00860309   0.00752315
 -0.00818365  -0.00860309            0  0.000917571
 -0.00991543  -0.00752315 -0.000917571            0
Repeater1[0]<--->HoM1[0]
REAL
   0.360223 -0.00470906   0.0206064    0.334527
-0.00470906    0.123783   0.0656027 -0.00439364
  0.0206064   0.0656027     0.11822  0.00665458
   0.334527 -0.00439364  0.00665458    0.397775
IMAGINARY
          0 -0.00638637   0.0215557  0.00795655
 0.00638637           0  0.00115803   0.0202769
 -0.0215557 -0.00115803           0  -0.0274782
-0.00795655  -0.0202769   0.0274782           0
EndNode1[0]<--->Repeater1[0]
REAL
 0.405195 0.0271675 0.0127683  0.328161
0.0271675   0.12987  0.087655 0.0101909
0.0127683  0.087655   0.12987 0.0161998
 0.328161 0.0101909 0.0161998  0.335065
IMAGINARY
          0  0.00687493   -0.018197  -0.0189284
-0.00687493           0   0.0087761   0.0232603
   0.018197  -0.0087761           0  -0.0435838
  0.0189284  -0.0232603   0.0435838           0
EndNode2[0]<--->HoM1[0]
REAL
   0.387942  0.00377968 0.000181452    0.333052
 0.00377968    0.133683    0.094031  -0.0314315
0.000181452    0.094031    0.129751  -0.0141963
   0.333052  -0.0314315  -0.0141963    0.348624
IMAGINARY
          0 -0.00294565  0.00361252 -0.00238682
 0.00294565           0 -0.00550792   -0.020551
-0.00361252  0.00550792           0  0.00733712
 0.00238682    0.020551 -0.00733712           0
Repeater1[0]<--->EndNode1[0]
REAL
 0.405195 0.0127683 0.0271675  0.328161
0.0127683   0.12987  0.087655 0.0161998
0.0271675  0.087655   0.12987 0.0101909
 0.328161 0.0161998 0.0101909  0.335065
IMAGINARY
          0   -0.018197  0.00687493  -0.0189284
   0.018197           0  -0.0087761  -0.0435838
-0.00687493   0.0087761           0   0.0232603
  0.0189284   0.0435838  -0.0232603           0
Repeater1[0]<--->HoM1[0]
REAL
   0.387942 0.000181452  0.00377968    0.333052
0.000181452    0.129751    0.094031  -0.0141963
 0.00377968    0.094031    0.133683  -0.0314315
   0.333052  -0.0141963  -0.0314315    0.348624
IMAGINARY
          0  0.00361252 -0.00294565 -0.00238682
-0.00361252           0  0.00550792  0.00733712
 0.00294565 -0.00550792           0   -0.020551
 0.00238682 -0.00733712    0.020551           0
EndNode1[0]<--->Repeater1[0]
REAL
   0.354351  0.00665289 -0.00837629    0.315758
 0.00665289    0.127364   0.0695512 -0.00579897
-0.00837629   0.0695512    0.124842 -0.00923021
   0.315758 -0.00579897 -0.00923021    0.393443
IMAGINARY
          0 -0.00818409  -0.0125837   -0.015167
 0.00818409           0     0.01453  -0.0198301
  0.0125837    -0.01453           0  0.00473581
   0.015167   0.0198301 -0.00473581           0
EndNode2[0]<--->HoM1[0]
REAL
   0.352869  -0.0161445  -0.0164246    0.321494
 -0.0161445    0.123321   0.0859358 -0.00367288
 -0.0164246   0.0859358    0.140415 -0.00151686
   0.321494 -0.00367288 -0.00151686    0.383394
IMAGINARY
          0    0.023569   0.0104128   0.0193289
  -0.023569           0  0.00536244  -0.0174731
 -0.0104128 -0.00536244           0  -0.0113738
 -0.0193289   0.0174731   0.0113738           0
Repeater1[0]<--->EndNode1[0]
REAL
   0.354351 -0.00837629  0.00665289    0.315758
-0.00837629    0.124842   0.0695512 -0.00923021
 0.00665289   0.0695512    0.127364 -0.00579897
   0.315758 -0.00923021 -0.00579897    0.393443
IMAGINARY
          0  -0.0125837 -0.00818409   -0.015167
  0.0125837           0    -0.01453  0.00473581
 0.00818409     0.01453           0  -0.0198301
   0.015167 -0.00473581   0.0198301           0
Repeater1[0]<--->HoM1[0]
REAL
   0.352869  -0.0164246  -0.0161445    0.321494
 -0.0164246    0.140415   0.0859358 -0.00151686
 -0.0161445   0.0859358    0.123321 -0.00367288
   0.321494 -0.00151686 -0.00367288    0.383394
IMAGINARY
          0   0.0104128    0.023569   0.0193289
 -0.0104128           0 -0.00536244  -0.0113738
  -0.023569  0.00536244           0  -0.0174731
 -0.0193289   0.0113738   0.0174731           0
EndNode1[0]<--->Repeater1[0]
REAL
   0.383825  0.00311282 -0.00508438    0.324759
 0.00311282    0.119384   0.0766867  0.00179923
-0.00508438   0.0766867    0.107831 -0.00508391
   0.324759  0.00179923 -0.00508391     0.38896
IMAGINARY
          0  0.00872031  0.00467914   0.0336953
-0.00872031           0 -0.00628013 -0.00467914
-0.00467914  0.00628013           0  0.00413316
 -0.0336953  0.00467914 -0.00413316           0
EndNode2[0]<--->HoM1[0]
REAL
  0.395561  0.0127226 0.00215926   0.323121
 0.0127226   0.125326   0.085638 -0.0033758
0.00215926   0.085638    0.12141 -0.0127226
  0.323121 -0.0033758 -0.0127226   0.357702
IMAGINARY
          0  -0.0156014  0.00876263  0.00190295
  0.0156014           0   -0.012191  0.00815212
-0.00876263    0.012191           0  0.00680575
-0.00190295 -0.00815212 -0.00680575           0
Repeater1[0]<--->EndNode1[0]
REAL
   0.383825 -0.00508438  0.00311282    0.324759
-0.00508438    0.107831   0.0766867 -0.00508391
 0.00311282   0.0766867    0.119384  0.00179923
   0.324759 -0.00508391  0.00179923     0.38896
IMAGINARY
          0  0.00467914  0.00872031   0.0336953
-0.00467914           0  0.00628013  0.00413316
-0.00872031 -0.00628013           0 -0.00467914
 -0.0336953 -0.00413316  0.00467914           0
Repeater1[0]<--->HoM1[0]
REAL
  0.395561 0.00215926  0.0127226   0.323121
0.00215926    0.12141   0.085638 -0.0127226
 0.0127226   0.085638   0.125326 -0.0033758
  0.323121 -0.0127226 -0.0033758   0.357702
IMAGINARY
          0  0.00876263  -0.0156014  0.00190295
-0.00876263           0    0.012191  0.00680575
  0.0156014   -0.012191           0  0.00815212
-0.00190295 -0.00680575 -0.00815212           0
EndNode1[0]<--->Repeater1[0]
REAL
   0.36409  0.0116086   0.012516   0.324026
 0.0116086   0.107232  0.0902597  -0.012516
  0.012516  0.0902597   0.127182 0.00137842
  0.324026  -0.012516 0.00137842   0.401496
IMAGINARY
          0    0.012987 -0.00247565  -0.0191729
  -0.012987           0  0.00346613  0.00377435
 0.00247565 -0.00346613           0    0.012987
  0.0191729 -0.00377435   -0.012987           0
EndNode2[0]<--->HoM1[0]
REAL
  0.390585   -0.02347  -0.016627   0.319571
  -0.02347   0.115776  0.0734175 -0.0442586
 -0.016627  0.0734175   0.115776 -0.0189655
  0.319571 -0.0442586 -0.0189655   0.377863
IMAGINARY
          0 -0.00420474   0.0219281  -0.0111313
 0.00420474           0   0.0157918  0.00114885
 -0.0219281  -0.0157918           0  -0.0240004
  0.0111313 -0.00114885   0.0240004           0
Repeater1[0]<--->EndNode1[0]
REAL
   0.36409   0.012516  0.0116086   0.324026
  0.012516   0.127182  0.0902597 0.00137842
 0.0116086  0.0902597   0.107232  -0.012516
  0.324026 0.00137842  -0.012516   0.401496
IMAGINARY
          0 -0.00247565    0.012987  -0.0191729
