EndNode1[0]<--->Repeater1[0]
REAL
   0.441253 -0.00539077  0.00508058     0.31889
-0.00539077   0.0639687   0.0131614 -0.00892673
 0.00508058   0.0131614     0.10705  0.00282667
    0.31889 -0.00892673  0.00282667    0.387728
IMAGINARY
          0 -0.00163167 -0.00129172  0.00265784
 0.00163167           0 -0.00132094  0.00066906
 0.00129172  0.00132094           0  0.00225434
-0.00265784 -0.00066906 -0.00225434           0
EndNode2[0]<--->HoM1[0]
REAL
   0.444304  -0.0035518  0.00563491    0.324322
 -0.0035518    0.078481   0.0146833 -0.00170821
 0.00563491   0.0146833   0.0632911  -0.0016838
   0.324322 -0.00170821  -0.0016838    0.413924
IMAGINARY
          0  0.00772256  -0.0133561  0.00689081
-0.00772256           0  -0.0119159   0.0181754
  0.0133561   0.0119159           0  -0.0269997
-0.00689081  -0.0181754   0.0269997           0
Repeater1[0]<--->EndNode1[0]
REAL
   0.441253  0.00508058 -0.00539077     0.31889
 0.00508058     0.10705   0.0131614  0.00282667
-0.00539077   0.0131614   0.0639687 -0.00892673
    0.31889  0.00282667 -0.00892673    0.387728
IMAGINARY
          0 -0.00129172 -0.00163167  0.00265784
 0.00129172           0  0.00132094  0.00225434
 0.00163167 -0.00132094           0  0.00066906
-0.00265784 -0.00225434 -0.00066906           0
Repeater1[0]<--->HoM1[0]
REAL
   0.444304  0.00563491  -0.0035518    0.324322
 0.00563491   0.0632911   0.0146833  -0.0016838
 -0.0035518   0.0146833    0.078481 -0.00170821
   0.324322  -0.0016838 -0.00170821    0.413924
IMAGINARY
          0  -0.0133561  0.00772256  0.00689081
  0.0133561           0   0.0119159  -0.0269997
-0.00772256  -0.0119159           0   0.0181754
-0.00689081   0.0269997  -0.0181754           0
EndNode1[0]<--->Repeater1[0]
REAL
   0.423969   0.0128669  0.00934071    0.307513
  0.0128669   0.0850515   0.0275653 -0.00148731
 0.00934071   0.0275653   0.0902062 -0.00239566
   0.307513 -0.00148731 -0.00239566    0.400773
IMAGINARY
           0  -0.00706223 -0.000546596  -0.00817425
  0.00706223            0   0.00622366  -0.00856799
 0.000546596  -0.00622366            0    0.0096664
  0.00817425   0.00856799   -0.0096664            0
EndNode2[0]<--->HoM1[0]
REAL
    0.46332   0.0055881     0.02225    0.340151
  0.0055881   0.0785071  0.00724319 8.25093e-05
    0.02225  0.00724319   0.0630631  -0.0117916
   0.340151 8.25093e-05  -0.0117916    0.395109
IMAGINARY
           0    0.0131922  -0.00160146  -0.00817403
  -0.0131922            0     0.021161 -0.000949565
  0.00160146    -0.021161            0  0.000838453
  0.00817403  0.000949565 -0.000838453            0
Repeater1[0]<--->EndNode1[0]
REAL
   0.423969  0.00934071   0.0128669    0.307513
 0.00934071   0.0902062   0.0275653 -0.00239566
  0.0128669   0.0275653   0.0850515 -0.00148731
   0.307513 -0.00239566 -0.00148731    0.400773
IMAGINARY
           0 -0.000546596  -0.00706223  -0.00817425
 0.000546596            0  -0.00622366    0.0096664
  0.00706223   0.00622366            0  -0.00856799
  0.00817425   -0.0096664   0.00856799            0
Repeater1[0]<--->HoM1[0]
REAL
    0.46332     0.02225   0.0055881    0.340151
    0.02225   0.0630631  0.00724319  -0.0117916
  0.0055881  0.00724319   0.0785071 8.25093e-05
   0.340151  -0.0117916 8.25093e-05    0.395109
IMAGINARY
           0  -0.00160146    0.0131922  -0.00817403
  0.00160146            0    -0.021161  0.000838453
  -0.0131922     0.021161            0 -0.000949565
  0.00817403 -0.000838453  0.000949565            0
EndNode1[0]<--->Repeater1[0]
REAL
    0.43681 -0.00576297   0.0065297    0.314939
-0.00576297   0.0895706   0.0228984  -0.0286427
  0.0065297   0.0228984     0.11411  -0.0138931
   0.314939  -0.0286427  -0.0138931    0.359509
IMAGINARY
          0   0.0130015 -0.00100009   0.0294254
 -0.0130015           0  0.00580332   0.0106278
 0.00100009 -0.00580332           0  -0.0200619
 -0.0294254  -0.0106278   0.0200619           0
EndNode2[0]<--->HoM1[0]
REAL
   0.44709 -0.0156888 -0.0089716   0.325002
-0.0156888  0.0674603  0.0295193 0.00569506
-0.0089716  0.0295193  0.0687831  0.0137229
  0.325002 0.00569506  0.0137229   0.416667
IMAGINARY
           0  -0.00309463  -0.00745843    0.0175031
  0.00309463            0   0.00549297   0.00432167
  0.00745843  -0.00549297            0 -4.21299e-05
  -0.0175031  -0.00432167  4.21299e-05            0
Repeater1[0]<--->EndNode1[0]
REAL
    0.43681   0.0065297 -0.00576297    0.314939
  0.0065297     0.11411   0.0228984  -0.0138931
-0.00576297   0.0228984   0.0895706  -0.0286427
   0.314939  -0.0138931  -0.0286427    0.359509
IMAGINARY
          0 -0.00100009   0.0130015   0.0294254
 0.00100009           0 -0.00580332  -0.0200619
 -0.0130015  0.00580332           0   0.0106278
 -0.0294254   0.0200619  -0.0106278           0
Repeater1[0]<--->HoM1[0]
REAL
   0.44709 -0.0089716 -0.0156888   0.325002
-0.0089716  0.0687831  0.0295193  0.0137229
-0.0156888  0.0295193  0.0674603 0.00569506
  0.325002  0.0137229 0.00569506   0.416667
IMAGINARY
           0  -0.00745843  -0.00309463    0.0175031
  0.00745843            0  -0.00549297 -4.21299e-05
  0.00309463   0.00549297            0   0.00432167
  -0.0175031  4.21299e-05  -0.00432167            0
EndNode1[0]<--->Repeater1[0]
REAL
   0.428205  0.00816596   0.0158052    0.311912
 0.00816596   0.0820513   0.0150367 -0.00193464
  0.0158052   0.0150367   0.0935897   0.0123096
   0.311912 -0.00193464   0.0123096    0.396154
IMAGINARY
          0  -0.0109301 -0.00254826  -0.0067728
  0.0109301           0   0.0127394   0.0351003
 0.00254826  -0.0127394           0   -0.021622
  0.0067728  -0.0351003    0.021622           0
EndNode2[0]<--->HoM1[0]
REAL
   0.439374  -0.0121992  -0.0116524    0.326698
 -0.0121992   0.0795306   0.0220105   -0.018483
 -0.0116524   0.0220105   0.0873533 -0.00194591
   0.326698   -0.018483 -0.00194591    0.393742
IMAGINARY
           0 -0.000701855  -0.00372085   0.00330368
 0.000701855            0  0.000135111    0.0128354
  0.00372085 -0.000135111            0   -0.0214336
 -0.00330368   -0.0128354    0.0214336            0
Repeater1[0]<--->EndNode1[0]
REAL
   0.428205   0.0158052  0.00816596    0.311912
  0.0158052   0.0935897   0.0150367   0.0123096
 0.00816596   0.0150367   0.0820513 -0.00193464
   0.311912   0.0123096 -0.00193464    0.396154
IMAGINARY
          0 -0.00254826  -0.0109301  -0.0067728
 0.00254826           0  -0.0127394   -0.021622
  0.0109301   0.0127394           0   0.0351003
  0.0067728    0.021622  -0.0351003           0
Repeater1[0]<--->HoM1[0]
REAL
   0.439374  -0.0116524  -0.0121992    0.326698
 -0.0116524   0.0873533   0.0220105 -0.00194591
 -0.0121992   0.0220105   0.0795306   -0.018483
   0.326698 -0.00194591   -0.018483    0.393742
IMAGINARY
           0  -0.00372085 -0.000701855   0.00330368
  0.00372085            0 -0.000135111   -0.0214336
 0.000701855  0.000135111            0    0.0128354
 -0.00330368    0.0214336   -0.0128354            0
EndNode1[0]<--->Repeater1[0]
REAL
  0.409561 -0.0114973 -0.0123571   0.301842
-0.0114973  0.0826873   0.016696  0.0136626
-0.0123571   0.016696   0.111111 0.00888636
  0.301842  0.0136626 0.00888636   0.396641
IMAGINARY
           0 -0.000223216  -0.00357203    0.0165732
 0.000223216            0   -0.0159109   -0.0203007
  0.00357203    0.0159109            0    0.0108333
  -0.0165732    0.0203007   -0.0108333            0
EndNode2[0]<--->HoM1[0]
REAL
  0.428195 -0.0188036 -0.0134486   0.335474
-0.0188036  0.0843215  0.0212932 -0.0148037
-0.0134486  0.0212932  0.0843215 0.00500594
  0.335474 -0.0148037 0.00500594   0.403162
IMAGINARY
          0  -0.0119182   0.0235024  0.00996408
  0.0119182           0   0.0112561 -0.00149756
 -0.0235024  -0.0112561           0  -0.0100867
-0.00996408  0.00149756   0.0100867           0
Repeater1[0]<--->EndNode1[0]
REAL
  0.409561 -0.0123571 -0.0114973   0.301842
-0.0123571   0.111111   0.016696 0.00888636
-0.0114973   0.016696  0.0826873  0.0136626
  0.301842 0.00888636  0.0136626   0.396641
IMAGINARY
           0  -0.00357203 -0.000223216    0.0165732
  0.00357203            0    0.0159109    0.0108333
 0.000223216   -0.0159109            0   -0.0203007
  -0.0165732   -0.0108333    0.0203007            0
Repeater1[0]<--->HoM1[0]
REAL
  0.428195 -0.0134486 -0.0188036   0.335474
-0.0134486  0.0843215  0.0212932 0.00500594
-0.0188036  0.0212932  0.0843215 -0.0148037
  0.335474 0.00500594 -0.0148037   0.403162
IMAGINARY
          0   0.0235024  -0.0119182  0.00996408
 -0.0235024           0  -0.0112561  -0.0100867
  0.0119182   0.0112561           0 -0.00149756
-0.00996408   0.0100867  0.00149756           0
EndNode1[0]<--->Repeater1[0]
REAL
   0.419944  -0.0160698  -0.0039719    0.305987
 -0.0160698   0.0842697   0.0110138  0.00220094
 -0.0039719   0.0110138   0.0800562 -0.00813328
   0.305987  0.00220094 -0.00813328     0.41573
IMAGINARY
          0 -0.00753131   0.0144272  0.00314368
 0.00753131           0   0.0100307   0.0107051
 -0.0144272  -0.0100307           0  -0.0189237
-0.00314368  -0.0107051   0.0189237           0
EndNode2[0]<--->HoM1[0]
REAL
     0.4511   -0.002878 -0.00605629    0.323521
  -0.002878   0.0855746   0.0227343  -0.0169398
-0.00605629   0.0227343   0.0831296  -0.0161759
   0.323521  -0.0169398  -0.0161759    0.380196
IMAGINARY
          0  0.00172252   0.0139072   0.0120105
-0.00172252           0  -0.0107447  -0.0184943
 -0.0139072   0.0107447           0  -0.0207265
 -0.0120105   0.0184943   0.0207265           0
Repeater1[0]<--->EndNode1[0]
REAL
   0.419944  -0.0039719  -0.0160698    0.305987
 -0.0039719   0.0800562   0.0110138 -0.00813328
 -0.0160698   0.0110138   0.0842697  0.00220094
   0.305987 -0.00813328  0.00220094     0.41573
IMAGINARY
          0   0.0144272 -0.00753131  0.00314368
 -0.0144272           0  -0.0100307  -0.0189237
 0.00753131   0.0100307           0   0.0107051
-0.00314368   0.0189237  -0.0107051           0
Repeater1[0]<--->HoM1[0]
REAL
     0.4511 -0.00605629   -0.002878    0.323521
-0.00605629   0.0831296   0.0227343  -0.0161759
  -0.002878   0.0227343   0.0855746  -0.0169398
   0.323521  -0.0161759  -0.0169398    0.380196
IMAGINARY
          0   0.0139072  0.00172252   0.0120105
 -0.0139072           0   0.0107447  -0.0207265
-0.00172252  -0.0107447           0  -0.0184943
 -0.0120105   0.0207265   0.0184943           0
EndNode1[0]<--->Repeater1[0]
REAL
   0.457405   0.0174273  -0.0215316    0.319847
  0.0174273   0.0733945    0.010768 -0.00168046
 -0.0215316    0.010768   0.0838794 -0.00927172
   0.319847 -0.00168046 -0.00927172    0.385321
IMAGINARY
           0  -0.00155329  0.000686323  -0.00578193
  0.00155329            0  -0.00382114   -0.0133699
-0.000686323   0.00382114            0    0.0075613
  0.00578193    0.0133699   -0.0075613            0
EndNode2[0]<--->HoM1[0]
REAL
   0.409608  0.00209796 -0.00424226    0.316902
 0.00209796   0.0834387   0.0133789  0.00363176
-0.00424226   0.0133789   0.0657396 -0.00881347
   0.316902  0.00363176 -0.00881347    0.441214
IMAGINARY
           0    0.0127953   -0.0260124   -0.0115205
  -0.0127953            0   0.00104931    -0.010573
   0.0260124  -0.00104931            0  0.000754789
   0.0115205     0.010573 -0.000754789            0
Repeater1[0]<--->EndNode1[0]
REAL
   0.457405  -0.0215316   0.0174273    0.319847
 -0.0215316   0.0838794    0.010768 -0.00927172
  0.0174273    0.010768   0.0733945 -0.00168046
   0.319847 -0.00927172 -0.00168046    0.385321
IMAGINARY
           0  0.000686323  -0.00155329  -0.00578193
-0.000686323            0   0.00382114    0.0075613
  0.00155329  -0.00382114            0   -0.0133699
  0.00578193   -0.0075613    0.0133699            0
Repeater1[0]<--->HoM1[0]
REAL
   0.409608 -0.00424226  0.00209796    0.316902
-0.00424226   0.0657396   0.0133789 -0.00881347
 0.00209796   0.0133789   0.0834387  0.00363176
   0.316902 -0.00881347  0.00363176    0.441214
IMAGINARY
           0   -0.0260124    0.0127953   -0.0115205
   0.0260124            0  -0.00104931  0.000754789
  -0.0127953   0.00104931            0    -0.010573
   0.0115205 -0.000754789     0.010573            0
EndNode1[0]<--->Repeater1[0]
REAL
    0.438662    0.0107205 -0.000848775     0.305624
   0.0107205    0.0557621     0.040254   -0.0105013
-0.000848775     0.040254    0.0929368   -0.0280443
    0.305624   -0.0105013   -0.0280443     0.412639
IMAGINARY
          0 -0.00507593  0.00623729  0.00473137
 0.00507593           0  -0.0151625  0.00944653
-0.00623729   0.0151625           0 -0.00182495
-0.00473137 -0.00944653  0.00182495           0
EndNode2[0]<--->HoM1[0]
REAL
   0.442384    0.002583  0.00363181    0.340894
   0.002583   0.0662252  0.00778167  -0.0231778
 0.00363181  0.00778167   0.0728477 0.000569581
   0.340894  -0.0231778 0.000569581    0.418543
IMAGINARY
          0 -0.00105195 -0.00827815 -0.00847091
 0.00105195           0  0.00480343 -0.00827815
 0.00827815 -0.00480343           0  0.00436321
 0.00847091  0.00827815 -0.00436321           0
Repeater1[0]<--->EndNode1[0]
REAL
    0.438662 -0.000848775    0.0107205     0.305624
-0.000848775    0.0929368     0.040254   -0.0280443
   0.0107205     0.040254    0.0557621   -0.0105013
    0.305624   -0.0280443   -0.0105013     0.412639
IMAGINARY
          0  0.00623729 -0.00507593  0.00473137
-0.00623729           0   0.0151625 -0.00182495
 0.00507593  -0.0151625           0  0.00944653
-0.00473137  0.00182495 -0.00944653           0
Repeater1[0]<--->HoM1[0]
REAL
   0.442384  0.00363181    0.002583    0.340894
 0.00363181   0.0728477  0.00778167 0.000569581
   0.002583  0.00778167   0.0662252  -0.0231778
   0.340894 0.000569581  -0.0231778    0.418543
IMAGINARY
          0 -0.00827815 -0.00105195 -0.00847091
 0.00827815           0 -0.00480343  0.00436321
 0.00105195  0.00480343           0 -0.00827815
 0.00847091 -0.00436321  0.00827815           0
EndNode1[0]<--->Repeater1[0]
REAL
  0.439698 -0.0123062 -0.0257516     0.2996
-0.0123062  0.0678392 0.00599116 0.00986848
-0.0257516 0.00599116   0.089196 -0.0277192
    0.2996 0.00986848 -0.0277192   0.403266
IMAGINARY
           0  0.000924888    0.0015429    -0.016227
-0.000924888            0   -0.0110457   0.00844378
  -0.0015429    0.0110457            0   -0.0149062
    0.016227  -0.00844378    0.0149062            0
EndNode2[0]<--->HoM1[0]
REAL
   0.423841  -0.0246457 0.000538896    0.339764
 -0.0246457   0.0860927   0.0273415   -0.012381
0.000538896   0.0273415   0.0860927  0.00885621
   0.339764   -0.012381  0.00885621    0.403974
IMAGINARY
           0   -0.0247788   0.00246171 -0.000515967
   0.0247788            0   0.00483163    0.0155507
 -0.00246171  -0.00483163            0   0.00552419
 0.000515967   -0.0155507  -0.00552419            0
Repeater1[0]<--->EndNode1[0]
REAL
  0.439698 -0.0257516 -0.0123062     0.2996
-0.0257516   0.089196 0.00599116 -0.0277192
-0.0123062 0.00599116  0.0678392 0.00986848
    0.2996 -0.0277192 0.00986848   0.403266
IMAGINARY
           0    0.0015429  0.000924888    -0.016227
  -0.0015429            0    0.0110457   -0.0149062
-0.000924888   -0.0110457            0   0.00844378
    0.016227    0.0149062  -0.00844378            0
Repeater1[0]<--->HoM1[0]
REAL
   0.423841 0.000538896  -0.0246457    0.339764
0.000538896   0.0860927   0.0273415  0.00885621
 -0.0246457   0.0273415   0.0860927   -0.012381
   0.339764  0.00885621   -0.012381    0.403974
IMAGINARY
           0   0.00246171   -0.0247788 -0.000515967
 -0.00246171            0  -0.00483163   0.00552419
   0.0247788   0.00483163            0    0.0155507
 0.000515967  -0.00552419   -0.0155507            0
EndNode1[0]<--->Repeater1[0]
REAL
   0.454305  -0.0171349 -0.00759738    0.305959
 -0.0171349   0.0860927  0.00401447  0.00220654
-0.00759738  0.00401447   0.0834437   0.0130918
   0.305959  0.00220654   0.0130918    0.376159
IMAGINARY
           0 -0.000109529   -0.0167709  -0.00147876
 0.000109529            0    0.0151264   -0.0142133
   0.0167709   -0.0151264            0    0.0225883
  0.00147876    0.0142133   -0.0225883            0
EndNode2[0]<--->HoM1[0]
REAL
   0.436364 -0.00397875  -0.0109467    0.341134
-0.00397875   0.0909091   0.0264161  -0.0122321
 -0.0109467   0.0264161   0.0763636 -0.00595503
   0.341134  -0.0122321 -0.00595503    0.396364
IMAGINARY
          0  -0.0340518   0.0110601   -0.016429
  0.0340518           0  0.00750045  0.00667967
 -0.0110601 -0.00750045           0    0.017626
   0.016429 -0.00667967   -0.017626           0
Repeater1[0]<--->EndNode1[0]
REAL
   0.454305 -0.00759738  -0.0171349    0.305959
-0.00759738   0.0834437  0.00401447   0.0130918
 -0.0171349  0.00401447   0.0860927  0.00220654
   0.305959   0.0130918  0.00220654    0.376159
IMAGINARY
           0   -0.0167709 -0.000109529  -0.00147876
   0.0167709            0   -0.0151264    0.0225883
 0.000109529    0.0151264            0   -0.0142133
  0.00147876   -0.0225883    0.0142133            0
Repeater1[0]<--->HoM1[0]
REAL
   0.436364  -0.0109467 -0.00397875    0.341134
 -0.0109467   0.0763636   0.0264161 -0.00595503
-0.00397875   0.0264161   0.0909091  -0.0122321
   0.341134 -0.00595503  -0.0122321    0.396364
IMAGINARY
          0   0.0110601  -0.0340518   -0.016429
 -0.0110601           0 -0.00750045    0.017626
  0.0340518  0.00750045           0  0.00667967
   0.016429   -0.017626 -0.00667967           0
EndNode1[0]<--->Repeater1[0]
REAL
  0.471306 -0.0188088  0.0164686    0.32069
-0.0188088  0.0732601  0.0244876 -0.0190067
 0.0164686  0.0244876  0.0769231 0.00104231
   0.32069 -0.0190067 0.00104231    0.37851
IMAGINARY
           0  -0.00949712   0.00136709   -0.0100106
  0.00949712            0    0.0198402  -0.00263291
 -0.00136709   -0.0198402            0 -0.000629458
   0.0100106   0.00263291  0.000629458            0
EndNode2[0]<--->HoM1[0]
REAL
   0.449682  0.00466792  -0.0128615    0.314293
 0.00466792   0.0751592 -0.00376649  0.00365101
 -0.0128615 -0.00376649   0.0636943  -0.0191416
   0.314293  0.00365101  -0.0191416    0.411465
IMAGINARY
          0 -0.00761337  -0.0232712   0.0024306
 0.00761337           0 -0.00751965 -0.00233525
  0.0232712  0.00751965           0  0.00491796
 -0.0024306  0.00233525 -0.00491796           0
Repeater1[0]<--->EndNode1[0]
REAL
  0.471306  0.0164686 -0.0188088    0.32069
 0.0164686  0.0769231  0.0244876 0.00104231
-0.0188088  0.0244876  0.0732601 -0.0190067
   0.32069 0.00104231 -0.0190067    0.37851
IMAGINARY
           0   0.00136709  -0.00949712   -0.0100106
 -0.00136709            0   -0.0198402 -0.000629458
  0.00949712    0.0198402            0  -0.00263291
   0.0100106  0.000629458   0.00263291            0
Repeater1[0]<--->HoM1[0]
REAL
   0.449682  -0.0128615  0.00466792    0.314293
 -0.0128615   0.0636943 -0.00376649  -0.0191416
 0.00466792 -0.00376649   0.0751592  0.00365101
   0.314293  -0.0191416  0.00365101    0.411465
IMAGINARY
          0  -0.0232712 -0.00761337   0.0024306
  0.0232712           0  0.00751965  0.00491796
 0.00761337 -0.00751965           0 -0.00233525
 -0.0024306 -0.00491796  0.00233525           0
EndNode1[0]<--->Repeater1[0]
REAL
    0.480366   0.00300338  -0.00602085      0.31264
  0.00300338    0.0628272    0.0317124 -0.000866207
 -0.00602085    0.0317124    0.0850785   0.00801591
     0.31264 -0.000866207   0.00801591     0.371728
IMAGINARY
           0  -0.00259193    0.0156968   -0.0243381
  0.00259193            0  0.000823219  -0.00409886
  -0.0156968 -0.000823219            0  -0.00385137
   0.0243381   0.00409886   0.00385137            0
EndNode2[0]<--->HoM1[0]
REAL
    0.43188 -0.00101624  0.00972316    0.336369
-0.00101624   0.0776567   0.0132731  0.00101669
 0.00972316   0.0132731   0.0722071  0.00220956
   0.336369  0.00101669  0.00220956    0.418256
IMAGINARY
          0   0.0114795 -0.00478825   0.0115444
 -0.0114795           0  0.00369103 -0.00872526
 0.00478825 -0.00369103           0  0.00449098
 -0.0115444  0.00872526 -0.00449098           0
Repeater1[0]<--->EndNode1[0]
REAL
    0.480366  -0.00602085   0.00300338      0.31264
 -0.00602085    0.0850785    0.0317124   0.00801591
  0.00300338    0.0317124    0.0628272 -0.000866207
     0.31264   0.00801591 -0.000866207     0.371728
IMAGINARY
           0    0.0156968  -0.00259193   -0.0243381
  -0.0156968            0 -0.000823219  -0.00385137
  0.00259193  0.000823219            0  -0.00409886
   0.0243381   0.00385137   0.00409886            0
Repeater1[0]<--->HoM1[0]
REAL
    0.43188  0.00972316 -0.00101624    0.336369
 0.00972316   0.0722071   0.0132731  0.00220956
-0.00101624   0.0132731   0.0776567  0.00101669
   0.336369  0.00220956  0.00101669    0.418256
IMAGINARY
          0 -0.00478825   0.0114795   0.0115444
 0.00478825           0 -0.00369103  0.00449098
 -0.0114795  0.00369103           0 -0.00872526
 -0.0115444 -0.00449098  0.00872526           0
EndNode1[0]<--->Repeater1[0]
REAL
  0.410714 0.00289503  0.0160588   0.311024
0.00289503  0.0905612  0.0201278 0.00750138
 0.0160588  0.0201278  0.0982143 0.00103167
  0.311024 0.00750138 0.00103167    0.40051
IMAGINARY
           0   -0.0216195   0.00376983    0.0063081
   0.0216195            0    0.0063081   0.00689874
 -0.00376983   -0.0063081            0  0.000993588
  -0.0063081  -0.00689874 -0.000993588            0
EndNode2[0]<--->HoM1[0]
REAL
  0.443681 0.00718726 0.00522734    0.32504
0.00718726  0.0851648  0.0275243  0.0255419
0.00522734  0.0275243   0.081044   0.024864
   0.32504  0.0255419   0.024864    0.39011
IMAGINARY
          0  -0.0058662   0.0260072 -0.00795963
  0.0058662           0  0.00860479  0.00194307
 -0.0260072 -0.00860479           0   -0.010904
 0.00795963 -0.00194307    0.010904           0
Repeater1[0]<--->EndNode1[0]
REAL
  0.410714  0.0160588 0.00289503   0.311024
 0.0160588  0.0982143  0.0201278 0.00103167
0.00289503  0.0201278  0.0905612 0.00750138
  0.311024 0.00103167 0.00750138    0.40051
IMAGINARY
           0   0.00376983   -0.0216195    0.0063081
 -0.00376983            0   -0.0063081  0.000993588
   0.0216195    0.0063081            0   0.00689874
  -0.0063081 -0.000993588  -0.00689874            0
Repeater1[0]<--->HoM1[0]
REAL
  0.443681 0.00522734 0.00718726    0.32504
0.00522734   0.081044  0.0275243   0.024864
0.00718726  0.0275243  0.0851648  0.0255419
   0.32504   0.024864  0.0255419    0.39011
IMAGINARY
          0   0.0260072  -0.0058662 -0.00795963
 -0.0260072           0 -0.00860479   -0.010904
  0.0058662  0.00860479           0  0.00194307
 0.00795963    0.010904 -0.00194307           0
EndNode1[0]<--->Repeater1[0]
REAL
   0.394805  0.00347653   0.0115941    0.315898
 0.00347653   0.0818182   0.0277742 -0.00166852
  0.0115941   0.0277742    0.101299   0.0138932
   0.315898 -0.00166852   0.0138932    0.422078
IMAGINARY
           0   -0.0167464    0.0244805   0.00710594
   0.0167464            0  -0.00710594  0.000485725
  -0.0244805   0.00710594            0  -0.00956938
 -0.00710594 -0.000485725   0.00956938            0
EndNode2[0]<--->HoM1[0]
REAL
   0.404282    0.013667   0.0160669     0.34633
   0.013667   0.0680101   0.0253343 -0.00526641
  0.0160669   0.0253343    0.081864  -0.0168436
    0.34633 -0.00526641  -0.0168436    0.445844
IMAGINARY
           0   -0.0215461   0.00946322 -0.000977829
   0.0215461            0  -0.00162634   -0.0007149
 -0.00946322   0.00162634            0   -0.0127742
 0.000977829    0.0007149    0.0127742            0
Repeater1[0]<--->EndNode1[0]
REAL
   0.394805   0.0115941  0.00347653    0.315898
  0.0115941    0.101299   0.0277742   0.0138932
 0.00347653   0.0277742   0.0818182 -0.00166852
   0.315898   0.0138932 -0.00166852    0.422078
IMAGINARY
           0    0.0244805   -0.0167464   0.00710594
  -0.0244805            0   0.00710594  -0.00956938
   0.0167464  -0.00710594            0  0.000485725
 -0.00710594   0.00956938 -0.000485725            0
Repeater1[0]<--->HoM1[0]
REAL
   0.404282   0.0160669    0.013667     0.34633
  0.0160669    0.081864   0.0253343  -0.0168436
   0.013667   0.0253343   0.0680101 -0.00526641
    0.34633  -0.0168436 -0.00526641    0.445844
IMAGINARY
           0   0.00946322   -0.0215461 -0.000977829
 -0.00946322            0   0.00162634   -0.0127742
   0.0215461  -0.00162634            0   -0.0007149
 0.000977829    0.0127742    0.0007149            0
EndNode1[0]<--->Repeater1[0]
REAL
   0.425587  -0.0225914 -0.00535401    0.306015
 -0.0225914   0.0953003   0.0111747  -0.0116992
-0.00535401   0.0111747   0.0691906  0.00280968
   0.306015  -0.0116992  0.00280968    0.409922
IMAGINARY
          0 -0.00859052  0.00499137 -0.00603916
 0.00859052           0   0.0198006 -0.00130586
-0.00499137  -0.0198006           0  -0.0061515
 0.00603916  0.00130586   0.0061515           0
EndNode2[0]<--->HoM1[0]
REAL
    0.42487   0.0280827   0.0104376    0.319665
  0.0280827   0.0751295   0.0304614  0.00467575
  0.0104376   0.0304614   0.0803109 -0.00415323
   0.319665  0.00467575 -0.00415323    0.419689
IMAGINARY
          0  0.00517572   -0.015033 -0.00957326
-0.00517572           0  -0.0153947 -0.00296185
   0.015033   0.0153947           0   0.0256726
 0.00957326  0.00296185  -0.0256726           0
Repeater1[0]<--->EndNode1[0]
REAL
   0.425587 -0.00535401  -0.0225914    0.306015
-0.00535401   0.0691906   0.0111747  0.00280968
 -0.0225914   0.0111747   0.0953003  -0.0116992
   0.306015  0.00280968  -0.0116992    0.409922
IMAGINARY
          0  0.00499137 -0.00859052 -0.00603916
-0.00499137           0  -0.0198006  -0.0061515
 0.00859052   0.0198006           0 -0.00130586
 0.00603916   0.0061515  0.00130586           0
Repeater1[0]<--->HoM1[0]
REAL
    0.42487   0.0104376   0.0280827    0.319665
  0.0104376   0.0803109   0.0304614 -0.00415323
  0.0280827   0.0304614   0.0751295  0.00467575
   0.319665 -0.00415323  0.00467575    0.419689
IMAGINARY
          0   -0.015033  0.00517572 -0.00957326
   0.015033           0   0.0153947   0.0256726
-0.00517572  -0.0153947           0 -0.00296185
 0.00957326  -0.0256726  0.00296185           0
EndNode1[0]<--->Repeater1[0]
REAL
  0.444444  0.0150041  0.0298026   0.300567
 0.0150041  0.0910308  0.0154006 0.00876301
 0.0298026  0.0154006  0.0829987  0.0235615
  0.300567 0.00876301  0.0235615   0.381526
IMAGINARY
           0   0.00338153    0.0153226   0.00432175
 -0.00338153            0  -0.00367825  2.26955e-05
  -0.0153226   0.00367825            0   -0.0110542
 -0.00432175 -2.26955e-05    0.0110542            0
EndNode2[0]<--->HoM1[0]
REAL
  0.445302  0.0119457  0.0148346   0.322798
 0.0119457  0.0913771 0.00943422    0.01753
 0.0148346 0.00943422  0.0669241  0.0190979
  0.322798    0.01753  0.0190979   0.396396
IMAGINARY
           0    0.0212935   -0.0224286  0.000604867
  -0.0212935            0   -0.0146236   0.00169131
   0.0224286    0.0146236            0   0.00405212
-0.000604867  -0.00169131  -0.00405212            0
Repeater1[0]<--->EndNode1[0]
REAL
  0.444444  0.0298026  0.0150041   0.300567
 0.0298026  0.0829987  0.0154006  0.0235615
 0.0150041  0.0154006  0.0910308 0.00876301
  0.300567  0.0235615 0.00876301   0.381526
IMAGINARY
           0    0.0153226   0.00338153   0.00432175
  -0.0153226            0   0.00367825   -0.0110542
 -0.00338153  -0.00367825            0  2.26955e-05
 -0.00432175    0.0110542 -2.26955e-05            0
Repeater1[0]<--->HoM1[0]
REAL
  0.445302  0.0148346  0.0119457   0.322798
 0.0148346  0.0669241 0.00943422  0.0190979
 0.0119457 0.00943422  0.0913771    0.01753
  0.322798  0.0190979    0.01753   0.396396
IMAGINARY
           0   -0.0224286    0.0212935  0.000604867
   0.0224286            0    0.0146236   0.00405212
  -0.0212935   -0.0146236            0   0.00169131
-0.000604867  -0.00405212  -0.00169131            0
EndNode1[0]<--->Repeater1[0]
REAL
    0.422336   -0.0154914  -0.00906124     0.312299
  -0.0154914     0.101412 -0.000116457   0.00652317
 -0.00906124 -0.000116457    0.0821566    0.0104153
    0.312299   0.00652317    0.0104153     0.394095
IMAGINARY
           0  -0.00413801  0.000280722  -0.00962733
  0.00413801            0  -0.00962733     0.020637
-0.000280722   0.00962733            0   -0.0262264
  0.00962733    -0.020637    0.0262264            0
EndNode2[0]<--->HoM1[0]
REAL
   0.451351 -0.00407593   0.0127135    0.330761
-0.00407593    0.072973   0.0238825 -0.00665697
  0.0127135   0.0238825   0.0635135   0.0101325
   0.330761 -0.00665697   0.0101325    0.412162
IMAGINARY
          0  -0.0234404   0.0172618  -0.0315097
  0.0234404           0  0.00531924   0.0012567
 -0.0172618 -0.00531924           0  0.00756737
  0.0315097  -0.0012567 -0.00756737           0
Repeater1[0]<--->EndNode1[0]
REAL
    0.422336  -0.00906124   -0.0154914     0.312299
 -0.00906124    0.0821566 -0.000116457    0.0104153
  -0.0154914 -0.000116457     0.101412   0.00652317
    0.312299    0.0104153   0.00652317     0.394095
IMAGINARY
           0  0.000280722  -0.00413801  -0.00962733
-0.000280722            0   0.00962733   -0.0262264
  0.00413801  -0.00962733            0     0.020637
  0.00962733    0.0262264    -0.020637            0
Repeater1[0]<--->HoM1[0]
REAL
   0.451351   0.0127135 -0.00407593    0.330761
  0.0127135   0.0635135   0.0238825   0.0101325
-0.00407593   0.0238825    0.072973 -0.00665697
   0.330761   0.0101325 -0.00665697    0.412162
IMAGINARY
          0   0.0172618  -0.0234404  -0.0315097
 -0.0172618           0 -0.00531924  0.00756737
  0.0234404  0.00531924           0   0.0012567
  0.0315097 -0.00756737  -0.0012567           0
EndNode1[0]<--->Repeater1[0]
REAL
   0.424812  -0.0105488 -0.00969615    0.315425
 -0.0105488   0.0789474   0.0144177 -0.00601065
-0.00969615   0.0144177   0.0964912 -0.00515799
   0.315425 -0.00601065 -0.00515799    0.399749
IMAGINARY
           0     -0.00404   0.00946502 -0.000785786
     0.00404            0    0.0123539   0.00438888
 -0.00946502   -0.0123539            0    0.0128561
 0.000785786  -0.00438888   -0.0128561            0
EndNode2[0]<--->HoM1[0]
REAL
  0.434088 0.00135742  0.0314238   0.315289
0.00135742  0.0719041  0.0279473  0.0134561
 0.0314238  0.0279473  0.0798935  0.0334087
  0.315289  0.0134561  0.0334087   0.414115
IMAGINARY
          0   0.0021014 -0.00219573  0.00035685
 -0.0021014           0  0.00743536  0.00219573
 0.00219573 -0.00743536           0  0.00549353
-0.00035685 -0.00219573 -0.00549353           0
Repeater1[0]<--->EndNode1[0]
REAL
   0.424812 -0.00969615  -0.0105488    0.315425
-0.00969615   0.0964912   0.0144177 -0.00515799
 -0.0105488   0.0144177   0.0789474 -0.00601065
   0.315425 -0.00515799 -0.00601065    0.399749
IMAGINARY
           0   0.00946502     -0.00404 -0.000785786
 -0.00946502            0   -0.0123539    0.0128561
     0.00404    0.0123539            0   0.00438888
 0.000785786   -0.0128561  -0.00438888            0
Repeater1[0]<--->HoM1[0]
REAL
  0.434088  0.0314238 0.00135742   0.315289
 0.0314238  0.0798935  0.0279473  0.0334087
0.00135742  0.0279473  0.0719041  0.0134561
  0.315289  0.0334087  0.0134561   0.414115
IMAGINARY
          0 -0.00219573   0.0021014  0.00035685
 0.00219573           0 -0.00743536  0.00549353
 -0.0021014  0.00743536           0  0.00219573
-0.00035685 -0.00549353 -0.00219573           0
EndNode1[0]<--->Repeater1[0]
REAL
   0.448366 7.81657e-05   0.0100938     0.29302
7.81657e-05    0.069281   0.0240854   0.0201694
  0.0100938   0.0240854    0.108497  0.00255341
    0.29302   0.0201694  0.00255341    0.373856
IMAGINARY
          0  -0.0165945  0.00156906 -0.00686851
  0.0165945           0 -0.00433044  0.00420758
-0.00156906  0.00433044           0  -0.0020191
 0.00686851 -0.00420758   0.0020191           0
EndNode2[0]<--->HoM1[0]
REAL
    0.45322  -0.0121266  -0.0103981    0.326378
 -0.0121266   0.0607533   0.0130783 -0.00388765
 -0.0103981   0.0130783   0.0534629 -0.00488021
   0.326378 -0.00388765 -0.00488021    0.432564
IMAGINARY
          0   0.0160404 -0.00320967   0.0121605
 -0.0160404           0    0.015228   0.0147186
 0.00320967   -0.015228           0  -0.0275493
 -0.0121605  -0.0147186   0.0275493           0
Repeater1[0]<--->EndNode1[0]
REAL
   0.448366   0.0100938 7.81657e-05     0.29302
  0.0100938    0.108497   0.0240854  0.00255341
7.81657e-05   0.0240854    0.069281   0.0201694
    0.29302  0.00255341   0.0201694    0.373856
IMAGINARY
          0  0.00156906  -0.0165945 -0.00686851
-0.00156906           0  0.00433044  -0.0020191
  0.0165945 -0.00433044           0  0.00420758
 0.00686851   0.0020191 -0.00420758           0
Repeater1[0]<--->HoM1[0]
REAL
    0.45322  -0.0103981  -0.0121266    0.326378
 -0.0103981   0.0534629   0.0130783 -0.00488021
 -0.0121266   0.0130783   0.0607533 -0.00388765
   0.326378 -0.00488021 -0.00388765    0.432564
IMAGINARY
          0 -0.00320967   0.0160404   0.0121605
 0.00320967           0   -0.015228  -0.0275493
 -0.0160404    0.015228           0   0.0147186
 -0.0121605   0.0275493  -0.0147186           0
EndNode1[0]<--->Repeater1[0]
REAL
   0.454771  -0.0127976 -0.00903798     0.30794
 -0.0127976    0.086741   0.0222252   0.0096717
-0.00903798   0.0222252   0.0904585   0.0159662
    0.30794   0.0096717   0.0159662     0.36803
IMAGINARY
          0  0.00471423 -0.00584416 -0.00354177
-0.00471423           0  0.00156027 -0.00584416
 0.00584416 -0.00156027           0   0.0108702
 0.00354177  0.00584416  -0.0108702           0
EndNode2[0]<--->HoM1[0]
REAL
   0.463226   0.0196403   0.0130794    0.335455
  0.0196403   0.0709677   0.0220515 0.000915509
  0.0130794   0.0220515        0.08   -0.013279
   0.335455 0.000915509   -0.013279    0.385806
IMAGINARY
          0  -0.0222511 -0.00198927  -0.0234161
  0.0222511           0   0.0108847   0.0118447
 0.00198927  -0.0108847           0  -0.0138856
  0.0234161  -0.0118447   0.0138856           0
Repeater1[0]<--->EndNode1[0]
REAL
   0.454771 -0.00903798  -0.0127976     0.30794
-0.00903798   0.0904585   0.0222252   0.0159662
 -0.0127976   0.0222252    0.086741   0.0096717
    0.30794   0.0159662   0.0096717     0.36803
IMAGINARY
          0 -0.00584416  0.00471423 -0.00354177
 0.00584416           0 -0.00156027   0.0108702
-0.00471423  0.00156027           0 -0.00584416
 0.00354177  -0.0108702  0.00584416           0
Repeater1[0]<--->HoM1[0]
REAL
   0.463226   0.0130794   0.0196403    0.335455
  0.0130794        0.08   0.0220515   -0.013279
  0.0196403   0.0220515   0.0709677 0.000915509
   0.335455   -0.013279 0.000915509    0.385806
IMAGINARY
          0 -0.00198927  -0.0222511  -0.0234161
 0.00198927           0  -0.0108847  -0.0138856
  0.0222511   0.0108847           0   0.0118447
  0.0234161   0.0138856  -0.0118447           0
EndNode1[0]<--->Repeater1[0]
REAL
  0.430806 0.00459543 0.00413392   0.319061
0.00459543  0.0818291  0.0236648  0.0122488
0.00413392  0.0236648  0.0806258  0.0222722
  0.319061  0.0122488  0.0222722   0.406739
IMAGINARY
          0  0.00300053 -0.00052284  0.00777633
-0.00300053           0  0.00639892    0.022262
 0.00052284 -0.00639892           0  -0.0247397
-0.00777633   -0.022262   0.0247397           0
EndNode2[0]<--->HoM1[0]
REAL
   0.46242 -0.0104203 -0.0127342   0.310282
-0.0104203  0.0598726  0.0262201  0.0222399
-0.0127342  0.0262201   0.089172 0.00851913
  0.310282  0.0222399 0.00851913   0.388535
IMAGINARY
           0   0.00910853   0.00158043   0.00415796
 -0.00910853            0  0.000136515     0.007417
 -0.00158043 -0.000136515            0   0.00245959
 -0.00415796    -0.007417  -0.00245959            0
Repeater1[0]<--->EndNode1[0]
REAL
  0.430806 0.00413392 0.00459543   0.319061
0.00413392  0.0806258  0.0236648  0.0222722
0.00459543  0.0236648  0.0818291  0.0122488
  0.319061  0.0222722  0.0122488   0.406739
IMAGINARY
          0 -0.00052284  0.00300053  0.00777633
 0.00052284           0 -0.00639892  -0.0247397
-0.00300053  0.00639892           0    0.022262
-0.00777633   0.0247397   -0.022262           0
Repeater1[0]<--->HoM1[0]
REAL
   0.46242 -0.0127342 -0.0104203   0.310282
-0.0127342   0.089172  0.0262201 0.00851913
-0.0104203  0.0262201  0.0598726  0.0222399
  0.310282 0.00851913  0.0222399   0.388535
IMAGINARY
           0   0.00158043   0.00910853   0.00415796
 -0.00158043            0 -0.000136515   0.00245959
 -0.00910853  0.000136515            0     0.007417
 -0.00415796  -0.00245959    -0.007417            0
EndNode1[0]<--->Repeater1[0]
REAL
  0.447165  0.0473327  0.0249824   0.312863
 0.0473327  0.0824742 0.00308775  0.0173489
 0.0249824 0.00308775   0.104381  0.0121765
  0.312863  0.0173489  0.0121765   0.365979
IMAGINARY
          0 -0.00662001 -0.00249846  -0.0153692
 0.00662001           0   0.0133665    0.011085
 0.00249846  -0.0133665           0 -0.00725053
  0.0153692   -0.011085  0.00725053           0
EndNode2[0]<--->HoM1[0]
REAL
  0.434457 0.00481251 -0.0279856   0.312074
0.00481251  0.0749064 0.00896472  0.0115922
-0.0279856 0.00896472  0.0661673 -0.0198398
  0.312074  0.0115922 -0.0198398   0.424469
IMAGINARY
           0 -0.000586415   0.00437746  -0.00489359
 0.000586415            0    0.0105826  -0.00567279
 -0.00437746   -0.0105826            0    0.0070631
  0.00489359   0.00567279   -0.0070631            0
Repeater1[0]<--->EndNode1[0]
REAL
  0.447165  0.0249824  0.0473327   0.312863
 0.0249824   0.104381 0.00308775  0.0121765
 0.0473327 0.00308775  0.0824742  0.0173489
  0.312863  0.0121765  0.0173489   0.365979
IMAGINARY
          0 -0.00249846 -0.00662001  -0.0153692
 0.00249846           0  -0.0133665 -0.00725053
 0.00662001   0.0133665           0    0.011085
  0.0153692  0.00725053   -0.011085           0
Repeater1[0]<--->HoM1[0]
REAL
  0.434457 -0.0279856 0.00481251   0.312074
-0.0279856  0.0661673 0.00896472 -0.0198398
0.00481251 0.00896472  0.0749064  0.0115922
  0.312074 -0.0198398  0.0115922   0.424469
IMAGINARY
           0   0.00437746 -0.000586415  -0.00489359
 -0.00437746            0   -0.0105826    0.0070631
 0.000586415    0.0105826            0  -0.00567279
  0.00489359   -0.0070631   0.00567279            0
EndNode1[0]<--->Repeater1[0]
REAL
   0.437975 0.000518947  0.00421381    0.309131
0.000518947   0.0911392 0.000755149 -0.00738237
 0.00421381 0.000755149   0.0873418  -0.0112921
   0.309131 -0.00738237  -0.0112921    0.383544
IMAGINARY
          0   0.0113783  -0.0104835 -0.00737852
 -0.0113783           0   0.0338269  -0.0148972
  0.0104835  -0.0338269           0   0.0127333
 0.00737852   0.0148972  -0.0127333           0
EndNode2[0]<--->HoM1[0]
REAL
   0.437419  0.00909661  0.00421687    0.307586
 0.00909661   0.0722581   0.0278567 -0.00421687
 0.00421687   0.0278567   0.0748387 -0.00909661
   0.307586 -0.00421687 -0.00909661    0.415484
IMAGINARY
          0 -0.00332459   0.0162708  -0.0310622
 0.00332459           0   0.0276422 -0.00140595
 -0.0162708  -0.0276422           0 -0.00208081
  0.0310622  0.00140595  0.00208081           0
Repeater1[0]<--->EndNode1[0]
REAL
   0.437975  0.00421381 0.000518947    0.309131
 0.00421381   0.0873418 0.000755149  -0.0112921
0.000518947 0.000755149   0.0911392 -0.00738237
   0.309131  -0.0112921 -0.00738237    0.383544
IMAGINARY
          0  -0.0104835   0.0113783 -0.00737852
  0.0104835           0  -0.0338269   0.0127333
 -0.0113783   0.0338269           0  -0.0148972
 0.00737852  -0.0127333   0.0148972           0
Repeater1[0]<--->HoM1[0]
REAL
   0.437419  0.00421687  0.00909661    0.307586
 0.00421687   0.0748387   0.0278567 -0.00909661
 0.00909661   0.0278567   0.0722581 -0.00421687
   0.307586 -0.00909661 -0.00421687    0.415484
IMAGINARY
          0   0.0162708 -0.00332459  -0.0310622
 -0.0162708           0  -0.0276422 -0.00208081
 0.00332459   0.0276422           0 -0.00140595
  0.0310622  0.00208081  0.00140595           0
EndNode1[0]<--->Repeater1[0]
REAL
    0.46545 -0.00937367  -0.0026186    0.310198
-0.00937367   0.0677966    0.025013 -0.00442365
 -0.0026186    0.025013   0.0860495  -0.0131615
   0.310198 -0.00442365  -0.0131615    0.380704
IMAGINARY
          0 -0.00304332 -0.00428195  0.00127309
 0.00304332           0  -0.0297705  0.00428195
 0.00428195   0.0297705           0  -0.0117715
-0.00127309 -0.00428195   0.0117715           0
EndNode2[0]<--->HoM1[0]
REAL
   0.452854  -0.0255826 0.000859516    0.331705
