EndNode1[0]<--->Repeater1[0]
REAL
    0.427673 -0.000234352   -0.0138086     0.391802
-0.000234352     0.072956    0.0348484   0.00891865
  -0.0138086    0.0348484    0.0603774  -0.00221064
    0.391802   0.00891865  -0.00221064     0.438994
IMAGINARY
          0  0.00695731  0.00722965  0.00513265
-0.00695731           0   0.0177589  0.00402863
-0.00722965  -0.0177589           0  -0.0235136
-0.00513265 -0.00402863   0.0235136           0
EndNode2[0]<--->HoM1[0]
REAL
  0.395503  0.0112425 -0.0231335   0.382875
 0.0112425  0.0780423  0.0465805  0.0169454
-0.0231335  0.0465805  0.0820106 0.00360895
  0.382875  0.0169454 0.00360895   0.444444
IMAGINARY
           0  0.000893114   -0.0074208 -0.000148344
-0.000893114            0  -0.00963001   0.00995888
   0.0074208   0.00963001            0   -0.0123144
 0.000148344  -0.00995888    0.0123144            0
Repeater1[0]<--->EndNode1[0]
REAL
    0.427673   -0.0138086 -0.000234352     0.391802
  -0.0138086    0.0603774    0.0348484  -0.00221064
-0.000234352    0.0348484     0.072956   0.00891865
    0.391802  -0.00221064   0.00891865     0.438994
IMAGINARY
          0  0.00722965  0.00695731  0.00513265
-0.00722965           0  -0.0177589  -0.0235136
-0.00695731   0.0177589           0  0.00402863
-0.00513265   0.0235136 -0.00402863           0
Repeater1[0]<--->HoM1[0]
REAL
  0.395503 -0.0231335  0.0112425   0.382875
-0.0231335  0.0820106  0.0465805 0.00360895
 0.0112425  0.0465805  0.0780423  0.0169454
  0.382875 0.00360895  0.0169454   0.444444
IMAGINARY
           0   -0.0074208  0.000893114 -0.000148344
   0.0074208            0   0.00963001   -0.0123144
-0.000893114  -0.00963001            0   0.00995888
 0.000148344    0.0123144  -0.00995888            0
EndNode1[0]<--->Repeater1[0]
REAL
     0.4375 -0.00793448  -0.0191384    0.393608
-0.00793448   0.0759804    0.048921  -0.0044887
 -0.0191384    0.048921   0.0588235  -0.0118612
   0.393608  -0.0044887  -0.0118612    0.427696
IMAGINARY
           0   0.00104937  -0.00611781 -0.000661886
 -0.00104937            0  1.83857e-05    0.0129298
  0.00611781 -1.83857e-05            0   -0.0133109
 0.000661886   -0.0129298    0.0133109            0
EndNode2[0]<--->HoM1[0]
REAL
    0.412346  -0.00674438  -0.00107192     0.380518
 -0.00674438     0.082716     0.046123  -0.00986759
 -0.00107192     0.046123    0.0777778 -0.000334125
    0.380518  -0.00986759 -0.000334125      0.42716
IMAGINARY
          0  -0.0147317   0.0290822 -0.00466075
  0.0147317           0  0.00586557  0.00212801
 -0.0290822 -0.00586557           0  0.00135586
 0.00466075 -0.00212801 -0.00135586           0
Repeater1[0]<--->EndNode1[0]
REAL
     0.4375  -0.0191384 -0.00793448    0.393608
 -0.0191384   0.0588235    0.048921  -0.0118612
-0.00793448    0.048921   0.0759804  -0.0044887
   0.393608  -0.0118612  -0.0044887    0.427696
IMAGINARY
           0  -0.00611781   0.00104937 -0.000661886
  0.00611781            0 -1.83857e-05   -0.0133109
 -0.00104937  1.83857e-05            0    0.0129298
 0.000661886    0.0133109   -0.0129298            0
Repeater1[0]<--->HoM1[0]
REAL
    0.412346  -0.00107192  -0.00674438     0.380518
 -0.00107192    0.0777778     0.046123 -0.000334125
 -0.00674438     0.046123     0.082716  -0.00986759
    0.380518 -0.000334125  -0.00986759      0.42716
IMAGINARY
          0   0.0290822  -0.0147317 -0.00466075
 -0.0290822           0 -0.00586557  0.00135586
  0.0147317  0.00586557           0  0.00212801
 0.00466075 -0.00135586 -0.00212801           0
EndNode1[0]<--->Repeater1[0]
REAL
    0.426862    0.0100503    0.0201021       0.3847
   0.0100503    0.0558511    0.0474606 -1.62942e-06
   0.0201021    0.0474606    0.0651596    0.0100503
      0.3847 -1.62942e-06    0.0100503     0.452128
IMAGINARY
           0 -0.000567036   0.00341817    0.0218283
 0.000567036            0  -0.00598544 -0.000813999
 -0.00341817   0.00598544            0  -0.00594338
  -0.0218283  0.000813999   0.00594338            0
EndNode2[0]<--->HoM1[0]
REAL
   0.407895 -0.00269259  0.00463122    0.393783
-0.00269259   0.0723684   0.0351577   0.0160406
 0.00463122   0.0351577   0.0671053   0.0117365
   0.393783   0.0160406   0.0117365    0.452632
IMAGINARY
           0  -0.00890519   -0.0170358    0.0132079
  0.00890519            0 -6.64547e-05   0.00860521
   0.0170358  6.64547e-05            0    0.0134447
  -0.0132079  -0.00860521   -0.0134447            0
Repeater1[0]<--->EndNode1[0]
REAL
    0.426862    0.0201021    0.0100503       0.3847
   0.0201021    0.0651596    0.0474606    0.0100503
   0.0100503    0.0474606    0.0558511 -1.62942e-06
      0.3847    0.0100503 -1.62942e-06     0.452128
IMAGINARY
           0   0.00341817 -0.000567036    0.0218283
 -0.00341817            0   0.00598544  -0.00594338
 0.000567036  -0.00598544            0 -0.000813999
  -0.0218283   0.00594338  0.000813999            0
Repeater1[0]<--->HoM1[0]
REAL
   0.407895  0.00463122 -0.00269259    0.393783
 0.00463122   0.0671053   0.0351577   0.0117365
-0.00269259   0.0351577   0.0723684   0.0160406
   0.393783   0.0117365   0.0160406    0.452632
IMAGINARY
           0   -0.0170358  -0.00890519    0.0132079
   0.0170358            0  6.64547e-05    0.0134447
  0.00890519 -6.64547e-05            0   0.00860521
  -0.0132079   -0.0134447  -0.00860521            0
EndNode1[0]<--->Repeater1[0]
REAL
  0.442559 0.00843277  0.0174954   0.378634
0.00843277  0.0639687  0.0295544 0.00483714
 0.0174954  0.0295544  0.0561358 0.00397417
  0.378634 0.00483714 0.00397417   0.437337
IMAGINARY
          0  -0.0059903  0.00337423 -0.00994414
  0.0059903           0 -0.00284186  0.00337423
-0.00337423  0.00284186           0  -0.0167091
 0.00994414 -0.00337423   0.0167091           0
EndNode2[0]<--->HoM1[0]
REAL
   0.440278   0.0196867 0.000910399    0.400267
  0.0196867   0.0652778   0.0400516 -0.00886796
0.000910399   0.0400516   0.0527778  -0.0104029
   0.400267 -0.00886796  -0.0104029    0.441667
IMAGINARY
          0  0.00951812 -0.00409421  -0.0053577
-0.00951812           0   0.0131608  -0.0200993
 0.00409421  -0.0131608           0   0.0119873
  0.0053577   0.0200993  -0.0119873           0
Repeater1[0]<--->EndNode1[0]
REAL
  0.442559  0.0174954 0.00843277   0.378634
 0.0174954  0.0561358  0.0295544 0.00397417
0.00843277  0.0295544  0.0639687 0.00483714
  0.378634 0.00397417 0.00483714   0.437337
IMAGINARY
          0  0.00337423  -0.0059903 -0.00994414
-0.00337423           0  0.00284186  -0.0167091
  0.0059903 -0.00284186           0  0.00337423
 0.00994414   0.0167091 -0.00337423           0
Repeater1[0]<--->HoM1[0]
REAL
   0.440278 0.000910399   0.0196867    0.400267
0.000910399   0.0527778   0.0400516  -0.0104029
  0.0196867   0.0400516   0.0652778 -0.00886796
   0.400267  -0.0104029 -0.00886796    0.441667
IMAGINARY
          0 -0.00409421  0.00951812  -0.0053577
 0.00409421           0  -0.0131608   0.0119873
-0.00951812   0.0131608           0  -0.0200993
  0.0053577  -0.0119873   0.0200993           0
EndNode1[0]<--->Repeater1[0]
REAL
 0.446404 0.0146426 0.0116261  0.395715
0.0146426 0.0705563   0.03464 0.0166261
0.0116261   0.03464 0.0678426 0.0096675
 0.395715 0.0166261 0.0096675  0.415197
IMAGINARY
          0   0.0344834  -0.0138074    0.024667
 -0.0344834           0  0.00451587  -0.0169921
  0.0138074 -0.00451587           0   0.0172859
  -0.024667   0.0169921  -0.0172859           0
EndNode2[0]<--->HoM1[0]
REAL
   0.41519 0.00377246 0.00052218   0.393904
0.00377246  0.0734177  0.0338529  0.0178555
0.00052218  0.0338529  0.0949367 0.00573324
  0.393904  0.0178555 0.00573324   0.416456
IMAGINARY
           0   -0.0190958     0.011847   0.00894117
   0.0190958            0  0.000216338   0.00850923
   -0.011847 -0.000216338            0   0.00382862
 -0.00894117  -0.00850923  -0.00382862            0
Repeater1[0]<--->EndNode1[0]
REAL
 0.446404 0.0116261 0.0146426  0.395715
0.0116261 0.0678426   0.03464 0.0096675
0.0146426   0.03464 0.0705563 0.0166261
 0.395715 0.0096675 0.0166261  0.415197
IMAGINARY
          0  -0.0138074   0.0344834    0.024667
  0.0138074           0 -0.00451587   0.0172859
 -0.0344834  0.00451587           0  -0.0169921
  -0.024667  -0.0172859   0.0169921           0
Repeater1[0]<--->HoM1[0]
REAL
   0.41519 0.00052218 0.00377246   0.393904
0.00052218  0.0949367  0.0338529 0.00573324
0.00377246  0.0338529  0.0734177  0.0178555
  0.393904 0.00573324  0.0178555   0.416456
IMAGINARY
           0     0.011847   -0.0190958   0.00894117
   -0.011847            0 -0.000216338   0.00382862
   0.0190958  0.000216338            0   0.00850923
 -0.00894117  -0.00382862  -0.00850923            0
EndNode1[0]<--->Repeater1[0]
REAL
   0.448095  -0.0016001 -0.00571387    0.390769
 -0.0016001   0.0578187   0.0370793  0.00824552
-0.00571387   0.0370793   0.0762155 -0.00472901
   0.390769  0.00824552 -0.00472901    0.417871
IMAGINARY
          0  0.00943624  -0.0114307   0.0135113
-0.00943624           0   0.0187884  -0.0140146
  0.0114307  -0.0187884           0   0.0198258
 -0.0135113   0.0140146  -0.0198258           0
EndNode2[0]<--->HoM1[0]
REAL
    0.438144  -0.00675676  -0.00531322      0.39126
 -0.00675676    0.0747423    0.0359633 -7.76167e-05
 -0.00531322    0.0359633    0.0670103   0.00675676
     0.39126 -7.76167e-05   0.00675676     0.420103
IMAGINARY
          0  -0.0119091   0.0283042 -0.00227152
  0.0119091           0 -0.00161449  0.00787151
 -0.0283042  0.00161449           0  -0.0190986
 0.00227152 -0.00787151   0.0190986           0
Repeater1[0]<--->EndNode1[0]
REAL
   0.448095 -0.00571387  -0.0016001    0.390769
-0.00571387   0.0762155   0.0370793 -0.00472901
 -0.0016001   0.0370793   0.0578187  0.00824552
   0.390769 -0.00472901  0.00824552    0.417871
IMAGINARY
          0  -0.0114307  0.00943624   0.0135113
  0.0114307           0  -0.0187884   0.0198258
-0.00943624   0.0187884           0  -0.0140146
 -0.0135113  -0.0198258   0.0140146           0
Repeater1[0]<--->HoM1[0]
REAL
    0.438144  -0.00531322  -0.00675676      0.39126
 -0.00531322    0.0670103    0.0359633   0.00675676
 -0.00675676    0.0359633    0.0747423 -7.76167e-05
     0.39126   0.00675676 -7.76167e-05     0.420103
IMAGINARY
          0   0.0283042  -0.0119091 -0.00227152
 -0.0283042           0  0.00161449  -0.0190986
  0.0119091 -0.00161449           0  0.00787151
 0.00227152   0.0190986 -0.00787151           0
EndNode1[0]<--->Repeater1[0]
REAL
   0.420513 -0.00029879  -0.0156257    0.386083
-0.00029879    0.074359   0.0492337  0.00721692
 -0.0156257   0.0492337   0.0589744  0.00223928
   0.386083  0.00721692  0.00223928    0.446154
IMAGINARY
          0   0.0018946  -0.0041711  0.00388614
 -0.0018946           0 -0.00706276  -0.0232551
  0.0041711  0.00706276           0  -0.0222884
-0.00388614   0.0232551   0.0222884           0
EndNode2[0]<--->HoM1[0]
REAL
   0.451138   0.0127302   0.0111192    0.401956
  0.0127302   0.0655957   0.0306557  0.00151615
  0.0111192   0.0306557   0.0615797 -0.00250157
   0.401956  0.00151615 -0.00250157    0.421687
IMAGINARY
          0   0.0154982  -0.0183909 -0.00948739
 -0.0154982           0   0.0108172  0.00230337
  0.0183909  -0.0108172           0  -0.0174287
 0.00948739 -0.00230337   0.0174287           0
Repeater1[0]<--->EndNode1[0]
REAL
   0.420513  -0.0156257 -0.00029879    0.386083
 -0.0156257   0.0589744   0.0492337  0.00223928
-0.00029879   0.0492337    0.074359  0.00721692
   0.386083  0.00223928  0.00721692    0.446154
IMAGINARY
          0  -0.0041711   0.0018946  0.00388614
  0.0041711           0  0.00706276  -0.0222884
 -0.0018946 -0.00706276           0  -0.0232551
-0.00388614   0.0222884   0.0232551           0
Repeater1[0]<--->HoM1[0]
REAL
   0.451138   0.0111192   0.0127302    0.401956
  0.0111192   0.0615797   0.0306557 -0.00250157
  0.0127302   0.0306557   0.0655957  0.00151615
   0.401956 -0.00250157  0.00151615    0.421687
IMAGINARY
          0  -0.0183909   0.0154982 -0.00948739
  0.0183909           0  -0.0108172  -0.0174287
 -0.0154982   0.0108172           0  0.00230337
 0.00948739   0.0174287 -0.00230337           0
EndNode1[0]<--->Repeater1[0]
REAL
   0.434667 -0.00646401  0.00545253    0.389506
-0.00646401   0.0746667   0.0475309  -0.0289093
 0.00545253   0.0475309   0.0706667  -0.0083508
   0.389506  -0.0289093  -0.0083508        0.42
IMAGINARY
          0 -0.00464191 -0.00730172  -0.0156023
 0.00464191           0   0.0168977  0.00112889
 0.00730172  -0.0168977           0 -0.00400006
  0.0156023 -0.00112889  0.00400006           0
EndNode2[0]<--->HoM1[0]
REAL
   0.418577 -0.00944022   0.0172341    0.398717
-0.00944022   0.0566948   0.0382802 -0.00114828
  0.0172341   0.0382802   0.0832328   0.0295475
   0.398717 -0.00114828   0.0295475    0.441496
IMAGINARY
           0   -0.0118345    0.0040545   0.00347273
   0.0118345            0 -0.000296112  -0.00162732
  -0.0040545  0.000296112            0   0.00576654
 -0.00347273   0.00162732  -0.00576654            0
Repeater1[0]<--->EndNode1[0]
REAL
   0.434667  0.00545253 -0.00646401    0.389506
 0.00545253   0.0706667   0.0475309  -0.0083508
-0.00646401   0.0475309   0.0746667  -0.0289093
   0.389506  -0.0083508  -0.0289093        0.42
IMAGINARY
          0 -0.00730172 -0.00464191  -0.0156023
 0.00730172           0  -0.0168977 -0.00400006
 0.00464191   0.0168977           0  0.00112889
  0.0156023  0.00400006 -0.00112889           0
Repeater1[0]<--->HoM1[0]
REAL
   0.418577   0.0172341 -0.00944022    0.398717
  0.0172341   0.0832328   0.0382802   0.0295475
-0.00944022   0.0382802   0.0566948 -0.00114828
   0.398717   0.0295475 -0.00114828    0.441496
IMAGINARY
           0    0.0040545   -0.0118345   0.00347273
  -0.0040545            0  0.000296112   0.00576654
   0.0118345 -0.000296112            0  -0.00162732
 -0.00347273  -0.00576654   0.00162732            0
EndNode1[0]<--->Repeater1[0]
REAL
   0.417391  0.00709744  -0.0162797    0.390569
 0.00709744    0.068323   0.0345582  0.00612744
 -0.0162797   0.0345582   0.0782609 -0.00836648
   0.390569  0.00612744 -0.00836648    0.436025
IMAGINARY
           0   0.00337096    0.0104403    0.0112092
 -0.00337096            0 -0.000710506   0.00475127
  -0.0104403  0.000710506            0  -0.00403146
  -0.0112092  -0.00475127   0.00403146            0
EndNode2[0]<--->HoM1[0]
REAL
   0.418953   0.0237034  -0.0126717    0.392622
  0.0237034   0.0785536   0.0379853   0.0145304
 -0.0126717   0.0379853   0.0710723 -0.00945309
   0.392622   0.0145304 -0.00945309    0.431421
IMAGINARY
          0  -0.0171371   -0.005655  -0.0147537
  0.0171371           0    -0.02013 -0.00311693
   0.005655     0.02013           0  0.00585893
  0.0147537  0.00311693 -0.00585893           0
Repeater1[0]<--->EndNode1[0]
REAL
   0.417391  -0.0162797  0.00709744    0.390569
 -0.0162797   0.0782609   0.0345582 -0.00836648
 0.00709744   0.0345582    0.068323  0.00612744
   0.390569 -0.00836648  0.00612744    0.436025
IMAGINARY
           0    0.0104403   0.00337096    0.0112092
  -0.0104403            0  0.000710506  -0.00403146
 -0.00337096 -0.000710506            0   0.00475127
  -0.0112092   0.00403146  -0.00475127            0
Repeater1[0]<--->HoM1[0]
REAL
   0.418953  -0.0126717   0.0237034    0.392622
 -0.0126717   0.0710723   0.0379853 -0.00945309
  0.0237034   0.0379853   0.0785536   0.0145304
   0.392622 -0.00945309   0.0145304    0.431421
IMAGINARY
          0   -0.005655  -0.0171371  -0.0147537
   0.005655           0     0.02013  0.00585893
  0.0171371    -0.02013           0 -0.00311693
  0.0147537 -0.00585893  0.00311693           0
EndNode1[0]<--->Repeater1[0]
REAL
   0.446549  0.00548805 -0.00978274    0.390071
 0.00548805   0.0811908   0.0425712  -0.0057613
-0.00978274   0.0425712   0.0635995  -0.0184414
   0.390071  -0.0057613  -0.0184414     0.40866
IMAGINARY
          0  0.00911557 -0.00812986  -0.0231666
-0.00911557           0   0.0063964  0.00937986
 0.00812986  -0.0063964           0 -0.00786557
  0.0231666 -0.00937986  0.00786557           0
EndNode2[0]<--->HoM1[0]
REAL
  0.455882 -0.0181886 -0.0128916   0.401119
-0.0181886  0.0668449  0.0359794 0.00839869
-0.0128916  0.0359794  0.0601604 0.00727721
  0.401119 0.00839869 0.00727721   0.417112
IMAGINARY
           0   -0.0150513   -0.0045058    0.0270856
   0.0150513            0   0.00360494  0.000689006
   0.0045058  -0.00360494            0   0.00360092
  -0.0270856 -0.000689006  -0.00360092            0
Repeater1[0]<--->EndNode1[0]
REAL
   0.446549 -0.00978274  0.00548805    0.390071
-0.00978274   0.0635995   0.0425712  -0.0184414
 0.00548805   0.0425712   0.0811908  -0.0057613
   0.390071  -0.0184414  -0.0057613     0.40866
IMAGINARY
          0 -0.00812986  0.00911557  -0.0231666
 0.00812986           0  -0.0063964 -0.00786557
-0.00911557   0.0063964           0  0.00937986
  0.0231666  0.00786557 -0.00937986           0
Repeater1[0]<--->HoM1[0]
REAL
  0.455882 -0.0128916 -0.0181886   0.401119
-0.0128916  0.0601604  0.0359794 0.00727721
-0.0181886  0.0359794  0.0668449 0.00839869
  0.401119 0.00727721 0.00839869   0.417112
IMAGINARY
           0   -0.0045058   -0.0150513    0.0270856
   0.0045058            0  -0.00360494   0.00360092
   0.0150513   0.00360494            0  0.000689006
  -0.0270856  -0.00360092 -0.000689006            0
EndNode1[0]<--->Repeater1[0]
REAL
   0.423313  -0.0270475 -0.00610325    0.390253
 -0.0270475   0.0613497   0.0546191  -0.0131275
-0.00610325   0.0546191   0.0809816  0.00653463
   0.390253  -0.0131275  0.00653463    0.434356
IMAGINARY
           0   0.00286959  -0.00889322  0.000709769
 -0.00286959            0  -0.00335527   0.00575646
  0.00889322   0.00335527            0   0.00152188
-0.000709769  -0.00575646  -0.00152188            0
EndNode2[0]<--->HoM1[0]
REAL
  0.427097 -0.0049033  -0.024224    0.39484
-0.0049033  0.0748387  0.0349176 0.00698264
 -0.024224  0.0349176  0.0696774 -0.0110609
   0.39484 0.00698264 -0.0110609   0.428387
IMAGINARY
          0   0.0252693  0.00585148  -0.0221068
 -0.0252693           0 -0.00918159  0.00776719
-0.00585148  0.00918159           0 -0.00516551
  0.0221068 -0.00776719  0.00516551           0
Repeater1[0]<--->EndNode1[0]
REAL
   0.423313 -0.00610325  -0.0270475    0.390253
-0.00610325   0.0809816   0.0546191  0.00653463
 -0.0270475   0.0546191   0.0613497  -0.0131275
   0.390253  0.00653463  -0.0131275    0.434356
IMAGINARY
           0  -0.00889322   0.00286959  0.000709769
  0.00889322            0   0.00335527   0.00152188
 -0.00286959  -0.00335527            0   0.00575646
-0.000709769  -0.00152188  -0.00575646            0
Repeater1[0]<--->HoM1[0]
REAL
  0.427097  -0.024224 -0.0049033    0.39484
 -0.024224  0.0696774  0.0349176 -0.0110609
-0.0049033  0.0349176  0.0748387 0.00698264
   0.39484 -0.0110609 0.00698264   0.428387
IMAGINARY
          0  0.00585148   0.0252693  -0.0221068
-0.00585148           0  0.00918159 -0.00516551
 -0.0252693 -0.00918159           0  0.00776719
  0.0221068  0.00516551 -0.00776719           0
EndNode1[0]<--->Repeater1[0]
REAL
    0.40721 -0.00206524   0.0164237    0.381321
-0.00206524   0.0694259   0.0334074  0.00554017
  0.0164237   0.0334074   0.0787717   0.0111092
   0.381321  0.00554017   0.0111092    0.444593
IMAGINARY
          0    0.012005 -0.00250584  -0.0149218
  -0.012005           0  -0.0042835  -0.0156637
 0.00250584   0.0042835           0  -0.0167156
  0.0149218   0.0156637   0.0167156           0
EndNode2[0]<--->HoM1[0]
REAL
  0.44801 0.0160608 0.0115643  0.382819
0.0160608 0.0693196 0.0419929 0.0260297
0.0115643 0.0419929 0.0564827 0.0240395
 0.382819 0.0260297 0.0240395  0.426187
IMAGINARY
          0  0.00694245  0.00790771 -0.00752667
-0.00694245           0 -0.00124526  0.00120529
-0.00790771  0.00124526           0  -0.0294212
 0.00752667 -0.00120529   0.0294212           0
Repeater1[0]<--->EndNode1[0]
REAL
    0.40721   0.0164237 -0.00206524    0.381321
  0.0164237   0.0787717   0.0334074   0.0111092
-0.00206524   0.0334074   0.0694259  0.00554017
   0.381321   0.0111092  0.00554017    0.444593
IMAGINARY
          0 -0.00250584    0.012005  -0.0149218
 0.00250584           0   0.0042835  -0.0167156
  -0.012005  -0.0042835           0  -0.0156637
  0.0149218   0.0167156   0.0156637           0
Repeater1[0]<--->HoM1[0]
REAL
  0.44801 0.0115643 0.0160608  0.382819
0.0115643 0.0564827 0.0419929 0.0240395
0.0160608 0.0419929 0.0693196 0.0260297
 0.382819 0.0240395 0.0260297  0.426187
IMAGINARY
          0  0.00790771  0.00694245 -0.00752667
-0.00790771           0  0.00124526  -0.0294212
-0.00694245 -0.00124526           0  0.00120529
 0.00752667   0.0294212 -0.00120529           0
EndNode1[0]<--->Repeater1[0]
REAL
   0.419192 0.000890058 -0.00802733    0.394046
0.000890058   0.0643939   0.0249827 -0.00479318
-0.00802733   0.0249827   0.0732323  -0.0218077
   0.394046 -0.00479318  -0.0218077    0.443182
IMAGINARY
          0   0.0334501  -0.0229876    0.005814
 -0.0334501           0 -0.00386342 -0.00974671
  0.0229876  0.00386342           0  0.00185158
  -0.005814  0.00974671 -0.00185158           0
EndNode2[0]<--->HoM1[0]
REAL
  0.439575 -0.0148121 0.00976386   0.401425
-0.0148121  0.0783533  0.0245956 -0.0174169
0.00976386  0.0245956  0.0730412   0.002057
  0.401425 -0.0174169   0.002057   0.409031
IMAGINARY
           0    0.0113966   -0.0053523   0.00946268
  -0.0113966            0  0.000418748  -0.00806233
   0.0053523 -0.000418748            0  -0.00407956
 -0.00946268   0.00806233   0.00407956            0
Repeater1[0]<--->EndNode1[0]
REAL
   0.419192 -0.00802733 0.000890058    0.394046
-0.00802733   0.0732323   0.0249827  -0.0218077
0.000890058   0.0249827   0.0643939 -0.00479318
   0.394046  -0.0218077 -0.00479318    0.443182
IMAGINARY
          0  -0.0229876   0.0334501    0.005814
  0.0229876           0  0.00386342  0.00185158
 -0.0334501 -0.00386342           0 -0.00974671
  -0.005814 -0.00185158  0.00974671           0
Repeater1[0]<--->HoM1[0]
REAL
  0.439575 0.00976386 -0.0148121   0.401425
0.00976386  0.0730412  0.0245956   0.002057
-0.0148121  0.0245956  0.0783533 -0.0174169
  0.401425   0.002057 -0.0174169   0.409031
IMAGINARY
           0   -0.0053523    0.0113966   0.00946268
   0.0053523            0 -0.000418748  -0.00407956
  -0.0113966  0.000418748            0  -0.00806233
 -0.00946268   0.00407956   0.00806233            0
EndNode1[0]<--->Repeater1[0]
REAL
   0.446891 -0.00733655  0.00817734    0.385332
-0.00733655   0.0777202   0.0374482  0.00276217
 0.00817734   0.0374482   0.0660622   0.0157021
   0.385332  0.00276217   0.0157021    0.409326
IMAGINARY
          0  -0.0150908   0.0267502 -0.00982827
  0.0150908           0 -0.00467363  -0.0214592
 -0.0267502  0.00467363           0    0.003186
 0.00982827   0.0214592   -0.003186           0
EndNode2[0]<--->HoM1[0]
REAL
 0.416449 0.0078331 0.0123726  0.400276
0.0078331 0.0718016 0.0484722 0.0049099
0.0123726 0.0484722 0.0770235 0.0154089
 0.400276 0.0049099 0.0154089  0.434726
IMAGINARY
          0  -0.0142928 -0.00518521  -0.0176142
  0.0142928           0  0.00238579   0.0129172
 0.00518521 -0.00238579           0   0.0130041
  0.0176142  -0.0129172  -0.0130041           0
Repeater1[0]<--->EndNode1[0]
REAL
   0.446891  0.00817734 -0.00733655    0.385332
 0.00817734   0.0660622   0.0374482   0.0157021
-0.00733655   0.0374482   0.0777202  0.00276217
   0.385332   0.0157021  0.00276217    0.409326
IMAGINARY
          0   0.0267502  -0.0150908 -0.00982827
 -0.0267502           0  0.00467363    0.003186
  0.0150908 -0.00467363           0  -0.0214592
 0.00982827   -0.003186   0.0214592           0
Repeater1[0]<--->HoM1[0]
REAL
 0.416449 0.0123726 0.0078331  0.400276
0.0123726 0.0770235 0.0484722 0.0154089
0.0078331 0.0484722 0.0718016 0.0049099
 0.400276 0.0154089 0.0049099  0.434726
IMAGINARY
          0 -0.00518521  -0.0142928  -0.0176142
 0.00518521           0 -0.00238579   0.0130041
  0.0142928  0.00238579           0   0.0129172
  0.0176142  -0.0130041  -0.0129172           0
EndNode1[0]<--->Repeater1[0]
REAL
   0.433962  -0.0101978 -0.00584256    0.391031
 -0.0101978   0.0893082   0.0308443  0.00584256
-0.00584256   0.0308443   0.0691824   0.0101978
   0.391031  0.00584256   0.0101978    0.407547
IMAGINARY
          0  -0.0063249   0.0328702  0.00811861
  0.0063249           0   0.0146976  -0.0268782
 -0.0328702  -0.0146976           0  -0.0063249
-0.00811861   0.0268782   0.0063249           0
EndNode2[0]<--->HoM1[0]
REAL
  0.405405 0.00805785 0.00961247   0.406216
0.00805785  0.0566281  0.0279776  0.0129682
0.00961247  0.0279776  0.0656371  0.0183938
  0.406216  0.0129682  0.0183938   0.472329
IMAGINARY
         0 -0.0161917   0.022655  0.0258342
 0.0161917          0  0.0055728  0.0123191
 -0.022655 -0.0055728          0 -0.0161917
-0.0258342 -0.0123191  0.0161917          0
Repeater1[0]<--->EndNode1[0]
REAL
   0.433962 -0.00584256  -0.0101978    0.391031
-0.00584256   0.0691824   0.0308443   0.0101978
 -0.0101978   0.0308443   0.0893082  0.00584256
   0.391031   0.0101978  0.00584256    0.407547
IMAGINARY
          0   0.0328702  -0.0063249  0.00811861
 -0.0328702           0  -0.0146976  -0.0063249
  0.0063249   0.0146976           0  -0.0268782
-0.00811861   0.0063249   0.0268782           0
Repeater1[0]<--->HoM1[0]
REAL
  0.405405 0.00961247 0.00805785   0.406216
0.00961247  0.0656371  0.0279776  0.0183938
0.00805785  0.0279776  0.0566281  0.0129682
  0.406216  0.0183938  0.0129682   0.472329
IMAGINARY
         0   0.022655 -0.0161917  0.0258342
 -0.022655          0 -0.0055728 -0.0161917
 0.0161917  0.0055728          0  0.0123191
-0.0258342  0.0161917 -0.0123191          0
EndNode1[0]<--->Repeater1[0]
REAL
  0.408488  0.0400877  0.0224632   0.398977
 0.0400877  0.0583554  0.0321457  0.0145266
 0.0224632  0.0321457  0.0517241 0.00200415
  0.398977  0.0145266 0.00200415   0.481432
IMAGINARY
          0 -0.00736078  -0.0251343   0.0140908
 0.00736078           0 -0.00306611   0.0146535
  0.0251343  0.00306611           0   0.0129095
 -0.0140908  -0.0146535  -0.0129095           0
EndNode2[0]<--->HoM1[0]
REAL
  0.405371 -0.0105401 -0.0234592   0.386078
-0.0105401  0.0716113  0.0367112  0.0116285
-0.0234592  0.0367112  0.0895141  0.0136534
  0.386078  0.0116285  0.0136534   0.433504
IMAGINARY
          0   0.0169843  -0.0131282  -0.0304514
 -0.0169843           0  0.00721098  0.00553329
  0.0131282 -0.00721098           0  -0.0309084
  0.0304514 -0.00553329   0.0309084           0
Repeater1[0]<--->EndNode1[0]
REAL
  0.408488  0.0224632  0.0400877   0.398977
 0.0224632  0.0517241  0.0321457 0.00200415
 0.0400877  0.0321457  0.0583554  0.0145266
  0.398977 0.00200415  0.0145266   0.481432
IMAGINARY
          0  -0.0251343 -0.00736078   0.0140908
  0.0251343           0  0.00306611   0.0129095
 0.00736078 -0.00306611           0   0.0146535
 -0.0140908  -0.0129095  -0.0146535           0
Repeater1[0]<--->HoM1[0]
REAL
  0.405371 -0.0234592 -0.0105401   0.386078
-0.0234592  0.0895141  0.0367112  0.0136534
-0.0105401  0.0367112  0.0716113  0.0116285
  0.386078  0.0136534  0.0116285   0.433504
IMAGINARY
          0  -0.0131282   0.0169843  -0.0304514
  0.0131282           0 -0.00721098  -0.0309084
 -0.0169843  0.00721098           0  0.00553329
  0.0304514   0.0309084 -0.00553329           0
EndNode1[0]<--->Repeater1[0]
REAL
   0.412422   -0.013219 -0.00796983    0.389961
  -0.013219    0.063354   0.0341055  -0.0184137
-0.00796983   0.0341055   0.0695652  -0.0273216
   0.389961  -0.0184137  -0.0273216    0.454658
IMAGINARY
          0   0.0282783  -0.0111959   0.0011248
 -0.0282783           0 -0.00970323   0.0118394
  0.0111959  0.00970323           0  0.00711426
 -0.0011248  -0.0118394 -0.00711426           0
EndNode2[0]<--->HoM1[0]
REAL
   0.417381  0.00497998 -0.00745923    0.393408
 0.00497998   0.0820073   0.0439319  0.00362291
-0.00745923   0.0439319   0.0611995 -0.00242244
   0.393408  0.00362291 -0.00242244    0.439412
IMAGINARY
           0   -0.0124996    0.0106359   0.00205255
   0.0124996            0   0.00779967 -0.000164652
  -0.0106359  -0.00779967            0    0.0190441
 -0.00205255  0.000164652   -0.0190441            0
Repeater1[0]<--->EndNode1[0]
REAL
   0.412422 -0.00796983   -0.013219    0.389961
-0.00796983   0.0695652   0.0341055  -0.0273216
  -0.013219   0.0341055    0.063354  -0.0184137
   0.389961  -0.0273216  -0.0184137    0.454658
IMAGINARY
          0  -0.0111959   0.0282783   0.0011248
  0.0111959           0  0.00970323  0.00711426
 -0.0282783 -0.00970323           0   0.0118394
 -0.0011248 -0.00711426  -0.0118394           0
Repeater1[0]<--->HoM1[0]
REAL
   0.417381 -0.00745923  0.00497998    0.393408
-0.00745923   0.0611995   0.0439319 -0.00242244
 0.00497998   0.0439319   0.0820073  0.00362291
   0.393408 -0.00242244  0.00362291    0.439412
IMAGINARY
           0    0.0106359   -0.0124996   0.00205255
  -0.0106359            0  -0.00779967    0.0190441
   0.0124996   0.00779967            0 -0.000164652
 -0.00205255   -0.0190441  0.000164652            0
EndNode1[0]<--->Repeater1[0]
REAL
    0.43593   0.0104276  0.00708804     0.38191
  0.0104276   0.0628141   0.0476481 -0.00985048
 0.00708804   0.0476481   0.0841709  -0.0118088
    0.38191 -0.00985048  -0.0118088    0.417085
IMAGINARY
           0    0.0111141   -0.0144147   0.00243026
  -0.0111141            0 -0.000667631    -0.027368
   0.0144147  0.000667631            0   0.00977723
 -0.00243026     0.027368  -0.00977723            0
EndNode2[0]<--->HoM1[0]
REAL
    0.426667 -0.000361304    0.0168841     0.406853
-0.000361304    0.0613333    0.0307999   0.00267576
   0.0168841    0.0307999    0.0826667    0.0138087
    0.406853   0.00267576    0.0138087     0.429333
IMAGINARY
          0  -0.0206621  0.00431059   0.0102797
  0.0206621           0  -0.0141258    0.025172
-0.00431059   0.0141258           0  -0.0100238
 -0.0102797   -0.025172   0.0100238           0
Repeater1[0]<--->EndNode1[0]
REAL
    0.43593  0.00708804   0.0104276     0.38191
 0.00708804   0.0841709   0.0476481  -0.0118088
  0.0104276   0.0476481   0.0628141 -0.00985048
    0.38191  -0.0118088 -0.00985048    0.417085
IMAGINARY
           0   -0.0144147    0.0111141   0.00243026
   0.0144147            0  0.000667631   0.00977723
  -0.0111141 -0.000667631            0    -0.027368
 -0.00243026  -0.00977723     0.027368            0
Repeater1[0]<--->HoM1[0]
REAL
    0.426667    0.0168841 -0.000361304     0.406853
   0.0168841    0.0826667    0.0307999    0.0138087
-0.000361304    0.0307999    0.0613333   0.00267576
    0.406853    0.0138087   0.00267576     0.429333
IMAGINARY
          0  0.00431059  -0.0206621   0.0102797
-0.00431059           0   0.0141258  -0.0100238
  0.0206621  -0.0141258           0    0.025172
 -0.0102797   0.0100238   -0.025172           0
EndNode1[0]<--->Repeater1[0]
REAL
  0.431081 0.00373291  0.0196385    0.38416
0.00373291  0.0797297   0.051451 0.00861383
 0.0196385   0.051451  0.0635135 0.00743661
   0.38416 0.00861383 0.00743661   0.425676
IMAGINARY
           0  0.000221418    0.0125461   -0.0157166
-0.000221418            0   -0.0102488   0.00805316
  -0.0125461    0.0102488            0   0.00414812
   0.0157166  -0.00805316  -0.00414812            0
EndNode2[0]<--->HoM1[0]
REAL
   0.389253  -0.0199725 -0.00615228    0.409357
 -0.0199725   0.0432503   0.0302758  -0.0240314
-0.00615228   0.0302758   0.0930537 -0.00758657
   0.409357  -0.0240314 -0.00758657    0.474443
IMAGINARY
           0   0.00824734 -0.000206004   -0.0056236
 -0.00824734            0     0.014691  -0.00281697
 0.000206004    -0.014691            0  -0.00280598
   0.0056236   0.00281697   0.00280598            0
Repeater1[0]<--->EndNode1[0]
REAL
  0.431081  0.0196385 0.00373291    0.38416
 0.0196385  0.0635135   0.051451 0.00743661
0.00373291   0.051451  0.0797297 0.00861383
   0.38416 0.00743661 0.00861383   0.425676
IMAGINARY
           0    0.0125461  0.000221418   -0.0157166
  -0.0125461            0    0.0102488   0.00414812
-0.000221418   -0.0102488            0   0.00805316
   0.0157166  -0.00414812  -0.00805316            0
Repeater1[0]<--->HoM1[0]
REAL
   0.389253 -0.00615228  -0.0199725    0.409357
-0.00615228   0.0930537   0.0302758 -0.00758657
 -0.0199725   0.0302758   0.0432503  -0.0240314
   0.409357 -0.00758657  -0.0240314    0.474443
IMAGINARY
           0 -0.000206004   0.00824734   -0.0056236
 0.000206004            0    -0.014691  -0.00280598
 -0.00824734     0.014691            0  -0.00281697
   0.0056236   0.00280598   0.00281697            0
EndNode1[0]<--->Repeater1[0]
REAL
   0.423816   0.0116357 -0.00675976    0.401178
  0.0116357   0.0691421   0.0447678   0.0112643
-0.00675976   0.0447678   0.0691421  -0.0174272
   0.401178   0.0112643  -0.0174272      0.4379
IMAGINARY
          0  0.00233664   0.0258362    0.014772
-0.00233664           0 -0.00185207  0.00621509
 -0.0258362  0.00185207           0  -0.0266956
  -0.014772 -0.00621509   0.0266956           0
EndNode2[0]<--->HoM1[0]
REAL
   0.458488  0.00108929 -0.00536808    0.387309
 0.00108929   0.0508055   0.0396189 -0.00342759
-0.00536808   0.0396189   0.0669145  0.00364684
   0.387309 -0.00342759  0.00364684    0.423792
IMAGINARY
          0   0.0071132 -0.00880656  0.00148571
 -0.0071132           0 -0.00610923 -0.00430205
 0.00880656  0.00610923           0   0.0109892
-0.00148571  0.00430205  -0.0109892           0
Repeater1[0]<--->EndNode1[0]
REAL
   0.423816 -0.00675976   0.0116357    0.401178
-0.00675976   0.0691421   0.0447678  -0.0174272
  0.0116357   0.0447678   0.0691421   0.0112643
   0.401178  -0.0174272   0.0112643      0.4379
IMAGINARY
          0   0.0258362  0.00233664    0.014772
 -0.0258362           0  0.00185207  -0.0266956
-0.00233664 -0.00185207           0  0.00621509
  -0.014772   0.0266956 -0.00621509           0
Repeater1[0]<--->HoM1[0]
REAL
   0.458488 -0.00536808  0.00108929    0.387309
-0.00536808   0.0669145   0.0396189  0.00364684
 0.00108929   0.0396189   0.0508055 -0.00342759
   0.387309  0.00364684 -0.00342759    0.423792
IMAGINARY
          0 -0.00880656   0.0071132  0.00148571
 0.00880656           0  0.00610923   0.0109892
 -0.0071132 -0.00610923           0 -0.00430205
-0.00148571  -0.0109892  0.00430205           0
EndNode1[0]<--->Repeater1[0]
REAL
      0.44 0.00716589  0.0110618   0.393411
0.00716589   0.076129  0.0531066 0.00635115
 0.0110618  0.0531066  0.0709677  0.0065157
  0.393411 0.00635115  0.0065157   0.412903
IMAGINARY
           0    -0.024359 -0.000369397  -0.00396669
    0.024359            0  -0.00266461    0.0162122
 0.000369397   0.00266461            0    -0.021902
  0.00396669   -0.0162122     0.021902            0
EndNode2[0]<--->HoM1[0]
REAL
        0.44 -0.000735047    0.0150333     0.386178
-0.000735047    0.0709677    0.0519942   -0.0204097
   0.0150333    0.0519942    0.0658065   -0.0046413
    0.386178   -0.0204097   -0.0046413     0.423226
IMAGINARY
          0  0.00649951  -0.0137047 -0.00526876
-0.00649951           0   0.0149213  -0.0143566
  0.0137047  -0.0149213           0   0.0164597
 0.00526876   0.0143566  -0.0164597           0
Repeater1[0]<--->EndNode1[0]
REAL
      0.44  0.0110618 0.00716589   0.393411
 0.0110618  0.0709677  0.0531066  0.0065157
0.00716589  0.0531066   0.076129 0.00635115
  0.393411  0.0065157 0.00635115   0.412903
IMAGINARY
           0 -0.000369397    -0.024359  -0.00396669
 0.000369397            0   0.00266461    -0.021902
    0.024359  -0.00266461            0    0.0162122
  0.00396669     0.021902   -0.0162122            0
Repeater1[0]<--->HoM1[0]
REAL
        0.44    0.0150333 -0.000735047     0.386178
   0.0150333    0.0658065    0.0519942   -0.0046413
-0.000735047    0.0519942    0.0709677   -0.0204097
    0.386178   -0.0046413   -0.0204097     0.423226
IMAGINARY
          0  -0.0137047  0.00649951 -0.00526876
  0.0137047           0  -0.0149213   0.0164597
-0.00649951   0.0149213           0  -0.0143566
 0.00526876  -0.0164597   0.0143566           0
EndNode1[0]<--->Repeater1[0]
REAL
  0.435419 -0.0310245 0.00455245   0.395368
-0.0310245  0.0785619  0.0477113 -0.0116676
0.00455245  0.0477113  0.0758988  0.0213221
  0.395368 -0.0116676  0.0213221    0.41012
IMAGINARY
          0 -0.00422191   0.0197378  -0.0131001
 0.00422191           0   0.0178734   0.0284393
 -0.0197378  -0.0178734           0  -0.0244239
  0.0131001  -0.0284393   0.0244239           0
EndNode2[0]<--->HoM1[0]
REAL
    0.438994 -0.000703155 -0.000816868     0.392283
-0.000703155    0.0754717    0.0466197    0.0132857
-0.000816868    0.0466197    0.0628931    0.0268877
    0.392283    0.0132857    0.0268877     0.422642
IMAGINARY
          0  -0.0136348   0.0103649 -0.00316437
  0.0136348           0 -0.00514588 -0.00143634
 -0.0103649  0.00514588           0  0.00853272
 0.00316437  0.00143634 -0.00853272           0
Repeater1[0]<--->EndNode1[0]
REAL
  0.435419 0.00455245 -0.0310245   0.395368
0.00455245  0.0758988  0.0477113  0.0213221
-0.0310245  0.0477113  0.0785619 -0.0116676
  0.395368  0.0213221 -0.0116676    0.41012
IMAGINARY
          0   0.0197378 -0.00422191  -0.0131001
 -0.0197378           0  -0.0178734  -0.0244239
 0.00422191   0.0178734           0   0.0284393
  0.0131001   0.0244239  -0.0284393           0
Repeater1[0]<--->HoM1[0]
REAL
    0.438994 -0.000816868 -0.000703155     0.392283
-0.000816868    0.0628931    0.0466197    0.0268877
-0.000703155    0.0466197    0.0754717    0.0132857
    0.392283    0.0268877    0.0132857     0.422642
IMAGINARY
          0   0.0103649  -0.0136348 -0.00316437
 -0.0103649           0  0.00514588  0.00853272
  0.0136348 -0.00514588           0 -0.00143634
 0.00316437 -0.00853272  0.00143634           0
EndNode1[0]<--->Repeater1[0]
REAL
  0.421622  -0.021731 -0.0213842   0.394855
 -0.021731   0.072973  0.0326998 -0.0116042
-0.0213842  0.0326998  0.0635135 0.00426658
  0.394855 -0.0116042 0.00426658   0.441892
IMAGINARY
          0   0.0183031  0.00423729   0.0121155
 -0.0183031           0   0.0265512 -0.00423729
-0.00423729  -0.0265512           0 -0.00326552
 -0.0121155  0.00423729  0.00326552           0
EndNode2[0]<--->HoM1[0]
REAL
   0.445557  -0.0045709 -0.00484215     0.38574
 -0.0045709   0.0625782   0.0466754  -0.0108024
-0.00484215   0.0466754    0.077597  -0.0235893
    0.38574  -0.0108024  -0.0235893    0.414268
IMAGINARY
          0  0.00776747   -0.011095  -0.0150255
-0.00776747           0  0.00791032   -0.017103
   0.011095 -0.00791032           0   0.0163041
  0.0150255    0.017103  -0.0163041           0
Repeater1[0]<--->EndNode1[0]
REAL
  0.421622 -0.0213842  -0.021731   0.394855
-0.0213842  0.0635135  0.0326998 0.00426658
 -0.021731  0.0326998   0.072973 -0.0116042
  0.394855 0.00426658 -0.0116042   0.441892
IMAGINARY
          0  0.00423729   0.0183031   0.0121155
-0.00423729           0  -0.0265512 -0.00326552
 -0.0183031   0.0265512           0 -0.00423729
 -0.0121155  0.00326552  0.00423729           0
Repeater1[0]<--->HoM1[0]
REAL
   0.445557 -0.00484215  -0.0045709     0.38574
-0.00484215    0.077597   0.0466754  -0.0235893
 -0.0045709   0.0466754   0.0625782  -0.0108024
    0.38574  -0.0235893  -0.0108024    0.414268
IMAGINARY
          0   -0.011095  0.00776747  -0.0150255
   0.011095           0 -0.00791032   0.0163041
-0.00776747  0.00791032           0   -0.017103
  0.0150255  -0.0163041    0.017103           0
EndNode1[0]<--->Repeater1[0]
REAL
   0.413793   0.0103884 0.000183414    0.397907
  0.0103884   0.0717241   0.0403801  0.00989215
0.000183414   0.0403801   0.0634483   0.0110221
   0.397907  0.00989215   0.0110221    0.451034
IMAGINARY
           0    0.0129788 -3.17501e-05  -0.00572387
  -0.0129788            0    0.0243375  -0.00265642
 3.17501e-05   -0.0243375            0    -0.015667
  0.00572387   0.00265642     0.015667            0
EndNode2[0]<--->HoM1[0]
REAL
 0.438083 0.0169196 0.0216844   0.39655
0.0169196 0.0639148 0.0371369 0.0101459
0.0216844 0.0371369 0.0758988 0.0175631
  0.39655 0.0101459 0.0175631  0.422104
IMAGINARY
          0  0.00796948  -0.0110626 -0.00869951
-0.00796948           0   0.0120552 -0.00727476
