EndNode1[0]<--->Repeater1[0]
REAL
   0.332005  0.00621761 0.000732062    0.218866
 0.00621761    0.185923   0.0513691  0.00579535
0.000732062   0.0513691    0.163347   -0.015356
   0.218866  0.00579535   -0.015356    0.318725
IMAGINARY
          0 -0.00653798  0.00685984  -0.0172698
 0.00653798           0  0.00139683  -0.0124638
-0.00685984 -0.00139683           0 -0.00653798
  0.0172698   0.0124638  0.00653798           0
EndNode2[0]<--->HoM1[0]
REAL
   0.355091 -0.00289393 -0.00373039    0.232623
-0.00289393    0.167102   0.0696877   0.0197766
-0.00373039   0.0696877    0.160574    0.011238
   0.232623   0.0197766    0.011238    0.317232
IMAGINARY
          0  -0.0157458 -0.00710472   0.0108928
  0.0157458           0   0.0243717   -0.011552
 0.00710472  -0.0243717           0  0.00330803
 -0.0108928    0.011552 -0.00330803           0
Repeater1[0]<--->EndNode1[0]
REAL
   0.332005 0.000732062  0.00621761    0.218866
0.000732062    0.163347   0.0513691   -0.015356
 0.00621761   0.0513691    0.185923  0.00579535
   0.218866   -0.015356  0.00579535    0.318725
IMAGINARY
          0  0.00685984 -0.00653798  -0.0172698
-0.00685984           0 -0.00139683 -0.00653798
 0.00653798  0.00139683           0  -0.0124638
  0.0172698  0.00653798   0.0124638           0
Repeater1[0]<--->HoM1[0]
REAL
   0.355091 -0.00373039 -0.00289393    0.232623
-0.00373039    0.160574   0.0696877    0.011238
-0.00289393   0.0696877    0.167102   0.0197766
   0.232623    0.011238   0.0197766    0.317232
IMAGINARY
          0 -0.00710472  -0.0157458   0.0108928
 0.00710472           0  -0.0243717  0.00330803
  0.0157458   0.0243717           0   -0.011552
 -0.0108928 -0.00330803    0.011552           0
EndNode1[0]<--->Repeater1[0]
REAL
  0.335013  0.0118364 0.00165551   0.215295
 0.0118364   0.175063  0.0796786  0.0261223
0.00165551  0.0796786    0.15995  0.0225552
  0.215295  0.0261223  0.0225552   0.329975
IMAGINARY
           0   0.00900983    0.0102047   0.00296547
 -0.00900983            0  -0.00825648    0.0158227
  -0.0102047   0.00825648            0  0.000579216
 -0.00296547   -0.0158227 -0.000579216            0
EndNode2[0]<--->HoM1[0]
REAL
  0.337612 0.00917168 0.00943094   0.218473
0.00917168   0.166881  0.0606117 -0.0100845
0.00943094  0.0606117   0.172015 -0.0059037
  0.218473 -0.0100845 -0.0059037   0.323492
IMAGINARY
          0   0.0285242 -0.00970416   0.0072544
 -0.0285242           0  -0.0118296 -0.00727697
 0.00970416   0.0118296           0   0.0211614
 -0.0072544  0.00727697  -0.0211614           0
Repeater1[0]<--->EndNode1[0]
REAL
  0.335013 0.00165551  0.0118364   0.215295
0.00165551    0.15995  0.0796786  0.0225552
 0.0118364  0.0796786   0.175063  0.0261223
  0.215295  0.0225552  0.0261223   0.329975
IMAGINARY
           0    0.0102047   0.00900983   0.00296547
  -0.0102047            0   0.00825648  0.000579216
 -0.00900983  -0.00825648            0    0.0158227
 -0.00296547 -0.000579216   -0.0158227            0
Repeater1[0]<--->HoM1[0]
REAL
  0.337612 0.00943094 0.00917168   0.218473
0.00943094   0.172015  0.0606117 -0.0059037
0.00917168  0.0606117   0.166881 -0.0100845
  0.218473 -0.0059037 -0.0100845   0.323492
IMAGINARY
          0 -0.00970416   0.0285242   0.0072544
 0.00970416           0   0.0118296   0.0211614
 -0.0285242  -0.0118296           0 -0.00727697
 -0.0072544  -0.0211614  0.00727697           0
EndNode1[0]<--->Repeater1[0]
REAL
   0.324461 -0.00818413  0.00862973    0.241625
-0.00818413    0.185044    0.056099  0.00338038
 0.00862973    0.056099    0.171103   0.0201942
   0.241625  0.00338038   0.0201942    0.319392
IMAGINARY
          0  0.00911274  -0.0148135  -0.0096179
-0.00911274           0   0.0038264  0.00165557
  0.0148135  -0.0038264           0  -0.0235864
  0.0096179 -0.00165557   0.0235864           0
EndNode2[0]<--->HoM1[0]
REAL
   0.335019  0.00472898 -0.00568266    0.214324
 0.00472898    0.174463   0.0596658   0.0309352
-0.00568266   0.0596658    0.165613   0.0041094
   0.214324   0.0309352   0.0041094    0.324905
IMAGINARY
          0  0.00167718  -0.0200964 -0.00269251
-0.00167718           0 -0.00610316   0.0281709
  0.0200964  0.00610316           0 -0.00478277
 0.00269251  -0.0281709  0.00478277           0
Repeater1[0]<--->EndNode1[0]
REAL
   0.324461  0.00862973 -0.00818413    0.241625
 0.00862973    0.171103    0.056099   0.0201942
-0.00818413    0.056099    0.185044  0.00338038
   0.241625   0.0201942  0.00338038    0.319392
IMAGINARY
          0  -0.0148135  0.00911274  -0.0096179
  0.0148135           0  -0.0038264  -0.0235864
-0.00911274   0.0038264           0  0.00165557
  0.0096179   0.0235864 -0.00165557           0
Repeater1[0]<--->HoM1[0]
REAL
   0.335019 -0.00568266  0.00472898    0.214324
-0.00568266    0.165613   0.0596658   0.0041094
 0.00472898   0.0596658    0.174463   0.0309352
   0.214324   0.0041094   0.0309352    0.324905
IMAGINARY
          0  -0.0200964  0.00167718 -0.00269251
  0.0200964           0  0.00610316 -0.00478277
-0.00167718 -0.00610316           0   0.0281709
 0.00269251  0.00478277  -0.0281709           0
EndNode1[0]<--->Repeater1[0]
REAL
   0.344156 -0.00446429 -0.00462061    0.221556
-0.00446429    0.168831   0.0501276  -0.0196141
-0.00462061   0.0501276    0.168831  0.00191327
   0.221556  -0.0196141  0.00191327    0.318182
IMAGINARY
          0  0.00436806   0.0155885   0.0099826
-0.00436806           0 -0.00739192  -0.0103937
 -0.0155885  0.00739192           0   0.0177099
 -0.0099826   0.0103937  -0.0177099           0
EndNode2[0]<--->HoM1[0]
REAL
   0.360571     -0.0052 -0.00603954    0.217227
    -0.0052    0.149157   0.0808632  -0.0164707
-0.00603954   0.0808632    0.154345 -0.00639618
   0.217227  -0.0164707 -0.00639618    0.335927
IMAGINARY
          0  -0.0177312 -0.00844846   0.0132928
  0.0177312           0  0.00748638   0.0172868
 0.00844846 -0.00748638           0  0.00384236
 -0.0132928  -0.0172868 -0.00384236           0
Repeater1[0]<--->EndNode1[0]
REAL
   0.344156 -0.00462061 -0.00446429    0.221556
-0.00462061    0.168831   0.0501276  0.00191327
-0.00446429   0.0501276    0.168831  -0.0196141
   0.221556  0.00191327  -0.0196141    0.318182
IMAGINARY
          0   0.0155885  0.00436806   0.0099826
 -0.0155885           0  0.00739192   0.0177099
-0.00436806 -0.00739192           0  -0.0103937
 -0.0099826  -0.0177099   0.0103937           0
Repeater1[0]<--->HoM1[0]
REAL
   0.360571 -0.00603954     -0.0052    0.217227
-0.00603954    0.154345   0.0808632 -0.00639618
    -0.0052   0.0808632    0.149157  -0.0164707
   0.217227 -0.00639618  -0.0164707    0.335927
IMAGINARY
          0 -0.00844846  -0.0177312   0.0132928
 0.00844846           0 -0.00748638  0.00384236
  0.0177312  0.00748638           0   0.0172868
 -0.0132928 -0.00384236  -0.0172868           0
EndNode1[0]<--->Repeater1[0]
REAL
    0.333333 -0.000740644    0.0204262     0.215038
-0.000740644     0.153846    0.0411805   -0.0179386
   0.0204262    0.0411805     0.183536    0.0231287
    0.215038   -0.0179386    0.0231287     0.329285
IMAGINARY
          0  -0.0103666  0.00741587   -0.011338
  0.0103666           0 -0.00567766 -0.00360877
-0.00741587  0.00567766           0 -0.00232373
   0.011338  0.00360877  0.00232373           0
EndNode2[0]<--->HoM1[0]
REAL
   0.328608   -0.014557  -0.0255301    0.222071
  -0.014557     0.17268   0.0589413 -0.00231803
 -0.0255301   0.0589413    0.155928 0.000632911
   0.222071 -0.00231803 0.000632911    0.342784
IMAGINARY
           0    0.0170148   -0.0220042   0.00746606
  -0.0170148            0  -0.00233786  0.000784022
   0.0220042   0.00233786            0    0.0307305
 -0.00746606 -0.000784022   -0.0307305            0
Repeater1[0]<--->EndNode1[0]
REAL
    0.333333    0.0204262 -0.000740644     0.215038
   0.0204262     0.183536    0.0411805    0.0231287
-0.000740644    0.0411805     0.153846   -0.0179386
    0.215038    0.0231287   -0.0179386     0.329285
IMAGINARY
          0  0.00741587  -0.0103666   -0.011338
-0.00741587           0  0.00567766 -0.00232373
  0.0103666 -0.00567766           0 -0.00360877
   0.011338  0.00232373  0.00360877           0
Repeater1[0]<--->HoM1[0]
REAL
   0.328608  -0.0255301   -0.014557    0.222071
 -0.0255301    0.155928   0.0589413 0.000632911
  -0.014557   0.0589413     0.17268 -0.00231803
   0.222071 0.000632911 -0.00231803    0.342784
IMAGINARY
           0   -0.0220042    0.0170148   0.00746606
   0.0220042            0   0.00233786    0.0307305
  -0.0170148  -0.00233786            0  0.000784022
 -0.00746606   -0.0307305 -0.000784022            0
EndNode1[0]<--->Repeater1[0]
REAL
   0.366106  -0.0118198 -0.00407019    0.219808
 -0.0118198    0.175938   0.0462055  0.00472378
-0.00407019   0.0462055    0.161708 -0.00713442
   0.219808  0.00472378 -0.00713442    0.296248
IMAGINARY
           0  -0.00897843  0.000817458  -0.00910633
  0.00897843            0     0.027479    0.0115362
-0.000817458    -0.027479            0   0.00572745
  0.00910633   -0.0115362  -0.00572745            0
EndNode2[0]<--->HoM1[0]
REAL
    0.354362  -0.00302547   -0.0166106     0.220237
 -0.00302547     0.183893    0.0687415 -0.000862543
  -0.0166106    0.0687415      0.15302    0.0191545
    0.220237 -0.000862543    0.0191545     0.308725
IMAGINARY
          0  0.00473595 -0.00912553  -0.0220239
-0.00473595           0 -0.00989104 -0.00973013
 0.00912553  0.00989104           0  -0.0118881
  0.0220239  0.00973013   0.0118881           0
Repeater1[0]<--->EndNode1[0]
REAL
   0.366106 -0.00407019  -0.0118198    0.219808
-0.00407019    0.161708   0.0462055 -0.00713442
 -0.0118198   0.0462055    0.175938  0.00472378
   0.219808 -0.00713442  0.00472378    0.296248
IMAGINARY
           0  0.000817458  -0.00897843  -0.00910633
-0.000817458            0    -0.027479   0.00572745
  0.00897843     0.027479            0    0.0115362
  0.00910633  -0.00572745   -0.0115362            0
Repeater1[0]<--->HoM1[0]
REAL
    0.354362   -0.0166106  -0.00302547     0.220237
  -0.0166106      0.15302    0.0687415    0.0191545
 -0.00302547    0.0687415     0.183893 -0.000862543
    0.220237    0.0191545 -0.000862543     0.308725
IMAGINARY
          0 -0.00912553  0.00473595  -0.0220239
 0.00912553           0  0.00989104  -0.0118881
-0.00473595 -0.00989104           0 -0.00973013
  0.0220239   0.0118881  0.00973013           0
EndNode1[0]<--->Repeater1[0]
REAL
    0.340233 -0.000246152   0.00350132     0.215947
-0.000246152     0.155239    0.0616914    0.0140866
  0.00350132    0.0616914      0.15912  -0.00352269
    0.215947    0.0140866  -0.00352269     0.345408
IMAGINARY
          0  0.00534137  -0.0156016  0.00864598
-0.00534137           0   0.0138408  -0.0149835
  0.0156016  -0.0138408           0  0.00662672
-0.00864598   0.0149835 -0.00662672           0
EndNode2[0]<--->HoM1[0]
REAL
  0.302991 -0.0319247  -0.022051   0.206215
-0.0319247    0.20156   0.050542  0.0046765
 -0.022051   0.050542   0.148244 -0.0124768
  0.206215  0.0046765 -0.0124768   0.347204
IMAGINARY
           0  -0.00863886    0.0107049   0.00401014
  0.00863886            0   -0.0065227 -0.000150797
  -0.0107049    0.0065227            0 -0.000595967
 -0.00401014  0.000150797  0.000595967            0
Repeater1[0]<--->EndNode1[0]
REAL
    0.340233   0.00350132 -0.000246152     0.215947
  0.00350132      0.15912    0.0616914  -0.00352269
-0.000246152    0.0616914     0.155239    0.0140866
    0.215947  -0.00352269    0.0140866     0.345408
IMAGINARY
          0  -0.0156016  0.00534137  0.00864598
  0.0156016           0  -0.0138408  0.00662672
-0.00534137   0.0138408           0  -0.0149835
-0.00864598 -0.00662672   0.0149835           0
Repeater1[0]<--->HoM1[0]
REAL
  0.302991  -0.022051 -0.0319247   0.206215
 -0.022051   0.148244   0.050542 -0.0124768
-0.0319247   0.050542    0.20156  0.0046765
  0.206215 -0.0124768  0.0046765   0.347204
IMAGINARY
           0    0.0107049  -0.00863886   0.00401014
  -0.0107049            0    0.0065227 -0.000595967
  0.00863886   -0.0065227            0 -0.000150797
 -0.00401014  0.000595967  0.000150797            0
EndNode1[0]<--->Repeater1[0]
REAL
    0.369645   0.00377594 -0.000228261     0.182281
  0.00377594     0.152999    0.0666962    0.0172815
-0.000228261    0.0666962     0.156671   0.00509173
    0.182281    0.0172815   0.00509173     0.320685
IMAGINARY
           0 -2.34907e-05   0.00069047   -0.0115708
 2.34907e-05            0   0.00913181  -0.00458657
 -0.00069047  -0.00913181            0  -0.00906742
   0.0115708   0.00458657   0.00906742            0
EndNode2[0]<--->HoM1[0]
REAL
   0.347716 -0.00503929   0.0135447    0.231547
-0.00503929    0.168782   0.0635879 -0.00522205
  0.0135447   0.0635879    0.164975   0.0056795
   0.231547 -0.00522205   0.0056795    0.318528
IMAGINARY
          0 -0.00921053  -0.0122354  0.00789589
 0.00921053           0 -0.00249372   0.0109434
  0.0122354  0.00249372           0  0.00921053
-0.00789589  -0.0109434 -0.00921053           0
Repeater1[0]<--->EndNode1[0]
REAL
    0.369645 -0.000228261   0.00377594     0.182281
-0.000228261     0.156671    0.0666962   0.00509173
  0.00377594    0.0666962     0.152999    0.0172815
    0.182281   0.00509173    0.0172815     0.320685
IMAGINARY
           0   0.00069047 -2.34907e-05   -0.0115708
 -0.00069047            0  -0.00913181  -0.00906742
 2.34907e-05   0.00913181            0  -0.00458657
   0.0115708   0.00906742   0.00458657            0
Repeater1[0]<--->HoM1[0]
REAL
   0.347716   0.0135447 -0.00503929    0.231547
  0.0135447    0.164975   0.0635879   0.0056795
-0.00503929   0.0635879    0.168782 -0.00522205
   0.231547   0.0056795 -0.00522205    0.318528
IMAGINARY
          0  -0.0122354 -0.00921053  0.00789589
  0.0122354           0  0.00249372  0.00921053
 0.00921053 -0.00249372           0   0.0109434
-0.00789589 -0.00921053  -0.0109434           0
EndNode1[0]<--->Repeater1[0]
REAL
   0.360049 -0.00832384  -0.0150784    0.209263
-0.00832384    0.152898   0.0555166   -0.018255
 -0.0150784   0.0555166    0.177559 -0.00362585
   0.209263   -0.018255 -0.00362585    0.309494
IMAGINARY
           0   0.00651068  -0.00820899 -0.000338886
 -0.00651068            0   0.00607137   0.00562501
  0.00820899  -0.00607137            0  -0.00134272
 0.000338886  -0.00562501   0.00134272            0
EndNode2[0]<--->HoM1[0]
REAL
    0.340909   0.00530519  -0.00922824     0.237209
  0.00530519      0.17246    0.0503896   0.00263193
 -0.00922824    0.0503896     0.161765 -2.81442e-05
    0.237209   0.00263193 -2.81442e-05     0.324866
IMAGINARY
          0  -0.0110592 -0.00283324  0.00101956
  0.0110592           0  0.00166141  -0.0159092
 0.00283324 -0.00166141           0  0.00924539
-0.00101956   0.0159092 -0.00924539           0
Repeater1[0]<--->EndNode1[0]
REAL
   0.360049  -0.0150784 -0.00832384    0.209263
 -0.0150784    0.177559   0.0555166 -0.00362585
-0.00832384   0.0555166    0.152898   -0.018255
   0.209263 -0.00362585   -0.018255    0.309494
IMAGINARY
           0  -0.00820899   0.00651068 -0.000338886
  0.00820899            0  -0.00607137  -0.00134272
 -0.00651068   0.00607137            0   0.00562501
 0.000338886   0.00134272  -0.00562501            0
Repeater1[0]<--->HoM1[0]
REAL
    0.340909  -0.00922824   0.00530519     0.237209
 -0.00922824     0.161765    0.0503896 -2.81442e-05
  0.00530519    0.0503896      0.17246   0.00263193
    0.237209 -2.81442e-05   0.00263193     0.324866
IMAGINARY
          0 -0.00283324  -0.0110592  0.00101956
 0.00283324           0 -0.00166141  0.00924539
  0.0110592  0.00166141           0  -0.0159092
-0.00101956 -0.00924539   0.0159092           0
EndNode1[0]<--->Repeater1[0]
REAL
   0.35741 0.00137064 0.00997611   0.216929
0.00137064    0.16812  0.0846172  0.0209517
0.00997611  0.0846172   0.173101  0.0140933
  0.216929  0.0209517  0.0140933    0.30137
IMAGINARY
           0 -0.000696379  -0.00339462 -0.000961006
 0.000696379            0  -0.00161631 -0.000783653
  0.00339462   0.00161631            0 -0.000696379
 0.000961006  0.000783653  0.000696379            0
EndNode2[0]<--->HoM1[0]
REAL
    0.368693  -0.00104554    0.0058006     0.219255
 -0.00104554      0.16947    0.0551428 -9.71749e-05
   0.0058006    0.0551428     0.165589   0.00167925
    0.219255 -9.71749e-05   0.00167925     0.296248
IMAGINARY
          0   0.0173489  -0.0105364   0.0167427
 -0.0173489           0   0.0336258  -0.0105364
  0.0105364  -0.0336258           0 -0.00010749
 -0.0167427   0.0105364  0.00010749           0
Repeater1[0]<--->EndNode1[0]
REAL
   0.35741 0.00997611 0.00137064   0.216929
0.00997611   0.173101  0.0846172  0.0140933
0.00137064  0.0846172    0.16812  0.0209517
  0.216929  0.0140933  0.0209517    0.30137
IMAGINARY
           0  -0.00339462 -0.000696379 -0.000961006
  0.00339462            0   0.00161631 -0.000696379
 0.000696379  -0.00161631            0 -0.000783653
 0.000961006  0.000696379  0.000783653            0
Repeater1[0]<--->HoM1[0]
REAL
    0.368693    0.0058006  -0.00104554     0.219255
   0.0058006     0.165589    0.0551428   0.00167925
 -0.00104554    0.0551428      0.16947 -9.71749e-05
    0.219255   0.00167925 -9.71749e-05     0.296248
IMAGINARY
          0  -0.0105364   0.0173489   0.0167427
  0.0105364           0  -0.0336258 -0.00010749
 -0.0173489   0.0336258           0  -0.0105364
 -0.0167427  0.00010749   0.0105364           0
EndNode1[0]<--->Repeater1[0]
REAL
    0.336898    0.0162626 -0.000590071     0.224754
   0.0162626     0.176471    0.0620877   0.00585323
-0.000590071    0.0620877     0.159091   -0.0083679
    0.224754   0.00585323   -0.0083679      0.32754
IMAGINARY
           0  -0.00333333     0.011694  0.000248656
  0.00333333            0   0.00430271     0.012306
   -0.011694  -0.00430271            0  -0.00333333
-0.000248656    -0.012306   0.00333333            0
EndNode2[0]<--->HoM1[0]
REAL
   0.335227  -0.0101802 -0.00170281    0.241822
 -0.0101802     0.15625   0.0518088 -0.00912521
-0.00170281   0.0518088    0.193182  -0.0108389
   0.241822 -0.00912521  -0.0108389    0.315341
IMAGINARY
         0 -0.0231571  0.0107843  0.0278058
 0.0231571          0  0.0205418  0.0183985
-0.0107843 -0.0205418          0  0.0108355
-0.0278058 -0.0183985 -0.0108355          0
Repeater1[0]<--->EndNode1[0]
REAL
    0.336898 -0.000590071    0.0162626     0.224754
-0.000590071     0.159091    0.0620877   -0.0083679
   0.0162626    0.0620877     0.176471   0.00585323
    0.224754   -0.0083679   0.00585323      0.32754
IMAGINARY
           0     0.011694  -0.00333333  0.000248656
   -0.011694            0  -0.00430271  -0.00333333
  0.00333333   0.00430271            0     0.012306
-0.000248656   0.00333333    -0.012306            0
Repeater1[0]<--->HoM1[0]
REAL
   0.335227 -0.00170281  -0.0101802    0.241822
-0.00170281    0.193182   0.0518088  -0.0108389
 -0.0101802   0.0518088     0.15625 -0.00912521
   0.241822  -0.0108389 -0.00912521    0.315341
IMAGINARY
         0  0.0107843 -0.0231571  0.0278058
-0.0107843          0 -0.0205418  0.0108355
 0.0231571  0.0205418          0  0.0183985
-0.0278058 -0.0108355 -0.0183985          0
EndNode1[0]<--->Repeater1[0]
REAL
  0.352941 -0.0090254   0.011386    0.25108
-0.0090254   0.177807  0.0438604 0.00525851
  0.011386  0.0438604   0.161765 0.00969118
   0.25108 0.00525851 0.00969118   0.307487
IMAGINARY
          0  0.00359082   0.0051148  0.00755744
-0.00359082           0  0.00755744 -0.00110411
 -0.0051148 -0.00755744           0  -0.0303288
-0.00755744  0.00110411   0.0303288           0
EndNode2[0]<--->HoM1[0]
REAL
  0.363405  0.0199075 -0.0035908   0.226124
 0.0199075   0.141042  0.0324065 0.00884014
-0.0035908  0.0324065   0.163914 -0.0120335
  0.226124 0.00884014 -0.0120335   0.331639
IMAGINARY
          0  -0.0150739  -0.0219057  0.00515574
  0.0150739           0  0.00454672  0.00619888
  0.0219057 -0.00454672           0  -0.0163397
-0.00515574 -0.00619888   0.0163397           0
Repeater1[0]<--->EndNode1[0]
REAL
  0.352941   0.011386 -0.0090254    0.25108
  0.011386   0.161765  0.0438604 0.00969118
-0.0090254  0.0438604   0.177807 0.00525851
   0.25108 0.00969118 0.00525851   0.307487
IMAGINARY
          0   0.0051148  0.00359082  0.00755744
 -0.0051148           0 -0.00755744  -0.0303288
-0.00359082  0.00755744           0 -0.00110411
-0.00755744   0.0303288  0.00110411           0
Repeater1[0]<--->HoM1[0]
REAL
  0.363405 -0.0035908  0.0199075   0.226124
-0.0035908   0.163914  0.0324065 -0.0120335
 0.0199075  0.0324065   0.141042 0.00884014
  0.226124 -0.0120335 0.00884014   0.331639
IMAGINARY
          0  -0.0219057  -0.0150739  0.00515574
  0.0219057           0 -0.00454672  -0.0163397
  0.0150739  0.00454672           0  0.00619888
-0.00515574   0.0163397 -0.00619888           0
EndNode1[0]<--->Repeater1[0]
REAL
 0.331748 0.0149816 0.0189467  0.228219
0.0149816  0.158145 0.0572006 0.0202556
0.0189467 0.0572006   0.16409 0.0104655
 0.228219 0.0202556 0.0104655  0.346017
IMAGINARY
          0  -0.0120744  0.00389949  -0.0200949
  0.0120744           0  0.00490506 -0.00259401
-0.00389949 -0.00490506           0  -0.0101188
  0.0200949  0.00259401   0.0101188           0
EndNode2[0]<--->HoM1[0]
REAL
   0.35781  0.0101433  0.0210648   0.213886
 0.0101433   0.169559  0.0616013 0.00814486
 0.0210648  0.0616013   0.168224 0.00761161
  0.213886 0.00814486 0.00761161   0.304406
IMAGINARY
          0   0.0235175  0.00311521   0.0205146
 -0.0235175           0   -0.014678  -0.0132675
-0.00311521    0.014678           0   0.0120155
 -0.0205146   0.0132675  -0.0120155           0
Repeater1[0]<--->EndNode1[0]
REAL
 0.331748 0.0189467 0.0149816  0.228219
0.0189467   0.16409 0.0572006 0.0104655
0.0149816 0.0572006  0.158145 0.0202556
 0.228219 0.0104655 0.0202556  0.346017
IMAGINARY
          0  0.00389949  -0.0120744  -0.0200949
-0.00389949           0 -0.00490506  -0.0101188
  0.0120744  0.00490506           0 -0.00259401
  0.0200949   0.0101188  0.00259401           0
Repeater1[0]<--->HoM1[0]
REAL
   0.35781  0.0210648  0.0101433   0.213886
 0.0210648   0.168224  0.0616013 0.00761161
 0.0101433  0.0616013   0.169559 0.00814486
  0.213886 0.00761161 0.00814486   0.304406
IMAGINARY
          0  0.00311521   0.0235175   0.0205146
-0.00311521           0    0.014678   0.0120155
 -0.0235175   -0.014678           0  -0.0132675
 -0.0205146  -0.0120155   0.0132675           0
EndNode1[0]<--->Repeater1[0]
REAL
   0.351759   0.0159506  0.00972081    0.206667
  0.0159506    0.158291   0.0395638  -0.0147459
 0.00972081   0.0395638    0.182161 -0.00590032
   0.206667  -0.0147459 -0.00590032    0.307789
IMAGINARY
          0   0.0105763  0.00113514   0.0182268
 -0.0105763           0  -0.0128935 -0.00834353
-0.00113514   0.0128935           0 -0.00336792
 -0.0182268  0.00834353  0.00336792           0
EndNode2[0]<--->HoM1[0]
REAL
   0.32987  -0.017525 -0.0117969   0.234084
 -0.017525   0.174026  0.0744833  0.0164823
-0.0117969  0.0744833   0.171429 0.00480748
  0.234084  0.0164823 0.00480748   0.324675
IMAGINARY
          0 -0.00330302   0.0154649 -0.00395968
 0.00330302           0  0.00531103  0.00323836
 -0.0154649 -0.00531103           0  -0.0116596
 0.00395968 -0.00323836   0.0116596           0
Repeater1[0]<--->EndNode1[0]
REAL
   0.351759  0.00972081   0.0159506    0.206667
 0.00972081    0.182161   0.0395638 -0.00590032
  0.0159506   0.0395638    0.158291  -0.0147459
   0.206667 -0.00590032  -0.0147459    0.307789
IMAGINARY
          0  0.00113514   0.0105763   0.0182268
-0.00113514           0   0.0128935 -0.00336792
 -0.0105763  -0.0128935           0 -0.00834353
 -0.0182268  0.00336792  0.00834353           0
Repeater1[0]<--->HoM1[0]
REAL
   0.32987 -0.0117969  -0.017525   0.234084
-0.0117969   0.171429  0.0744833 0.00480748
 -0.017525  0.0744833   0.174026  0.0164823
  0.234084 0.00480748  0.0164823   0.324675
IMAGINARY
          0   0.0154649 -0.00330302 -0.00395968
 -0.0154649           0 -0.00531103  -0.0116596
 0.00330302  0.00531103           0  0.00323836
 0.00395968   0.0116596 -0.00323836           0
EndNode1[0]<--->Repeater1[0]
REAL
   0.336884  -0.0141686   0.0143428    0.220656
 -0.0141686    0.181092   0.0416596  0.00043552
  0.0143428   0.0416596    0.146471 -0.00923037
   0.220656  0.00043552 -0.00923037    0.335553
IMAGINARY
           0 -0.000525208  -0.00920727   0.00469556
 0.000525208            0   -0.0227196  0.000620742
  0.00920727    0.0227196            0   -0.0107033
 -0.00469556 -0.000620742    0.0107033            0
EndNode2[0]<--->HoM1[0]
REAL
    0.346598    0.0142286  -0.00422076     0.224159
   0.0142286     0.150193    0.0570505 -0.000283748
 -0.00422076    0.0570505     0.161746   -0.0135851
    0.224159 -0.000283748   -0.0135851     0.341463
IMAGINARY
          0   0.0172158   -0.020202 -0.00611916
 -0.0172158           0  -0.0154591  0.00561318
   0.020202   0.0154591           0  0.00665684
 0.00611916 -0.00561318 -0.00665684           0
Repeater1[0]<--->EndNode1[0]
REAL
   0.336884   0.0143428  -0.0141686    0.220656
  0.0143428    0.146471   0.0416596 -0.00923037
 -0.0141686   0.0416596    0.181092  0.00043552
   0.220656 -0.00923037  0.00043552    0.335553
IMAGINARY
           0  -0.00920727 -0.000525208   0.00469556
  0.00920727            0    0.0227196   -0.0107033
 0.000525208   -0.0227196            0  0.000620742
 -0.00469556    0.0107033 -0.000620742            0
Repeater1[0]<--->HoM1[0]
REAL
    0.346598  -0.00422076    0.0142286     0.224159
 -0.00422076     0.161746    0.0570505   -0.0135851
   0.0142286    0.0570505     0.150193 -0.000283748
    0.224159   -0.0135851 -0.000283748     0.341463
IMAGINARY
          0   -0.020202   0.0172158 -0.00611916
   0.020202           0   0.0154591  0.00665684
 -0.0172158  -0.0154591           0  0.00561318
 0.00611916 -0.00665684 -0.00561318           0
EndNode1[0]<--->Repeater1[0]
REAL
   0.362637    0.013698 -0.00716509    0.234117
   0.013698    0.151099    0.064129 0.000899426
-0.00716509    0.064129    0.138736  0.00384582
   0.234117 0.000899426  0.00384582    0.347527
IMAGINARY
          0  -0.0114691   0.0108312 -0.00748083
  0.0114691           0  0.00420429  0.00224472
 -0.0108312 -0.00420429           0  -0.0153055
 0.00748083 -0.00224472   0.0153055           0
EndNode2[0]<--->HoM1[0]
REAL
   0.324324  0.00140123 -0.00168741    0.226506
 0.00140123    0.157248   0.0615646   0.0105707
-0.00168741   0.0615646     0.17199 -0.00901544
   0.226506   0.0105707 -0.00901544    0.346437
IMAGINARY
          0  0.00900525 -0.00245592  -0.0143134
-0.00900525           0   0.0110876  -0.0227705
 0.00245592  -0.0110876           0  -0.0161204
  0.0143134   0.0227705   0.0161204           0
Repeater1[0]<--->EndNode1[0]
REAL
   0.362637 -0.00716509    0.013698    0.234117
-0.00716509    0.138736    0.064129  0.00384582
   0.013698    0.064129    0.151099 0.000899426
   0.234117  0.00384582 0.000899426    0.347527
IMAGINARY
          0   0.0108312  -0.0114691 -0.00748083
 -0.0108312           0 -0.00420429  -0.0153055
  0.0114691  0.00420429           0  0.00224472
 0.00748083   0.0153055 -0.00224472           0
Repeater1[0]<--->HoM1[0]
REAL
   0.324324 -0.00168741  0.00140123    0.226506
-0.00168741     0.17199   0.0615646 -0.00901544
 0.00140123   0.0615646    0.157248   0.0105707
   0.226506 -0.00901544   0.0105707    0.346437
IMAGINARY
          0 -0.00245592  0.00900525  -0.0143134
 0.00245592           0  -0.0110876  -0.0161204
-0.00900525   0.0110876           0  -0.0227705
  0.0143134   0.0161204   0.0227705           0
EndNode1[0]<--->Repeater1[0]
REAL
  0.384309  0.0120731    0.01973   0.229278
 0.0120731   0.172872     0.0508  0.0171393
   0.01973     0.0508   0.128989 0.00409765
  0.229278  0.0171393 0.00409765    0.31383
IMAGINARY
           0   -0.0163401   0.00805372 -0.000516695
   0.0163401            0   0.00560575   -0.0133031
 -0.00805372  -0.00560575            0    0.0176525
 0.000516695    0.0133031   -0.0176525            0
EndNode2[0]<--->HoM1[0]
REAL
   0.360939  0.00658643 -0.00852175    0.230388
 0.00658643     0.15822   0.0616226   0.0222959
-0.00852175   0.0616226    0.174289 -0.00796384
   0.230388   0.0222959 -0.00796384    0.306551
IMAGINARY
          0   0.0123266 -0.00505485 -0.00378802
 -0.0123266           0  -0.0424512   0.0226871
 0.00505485   0.0424512           0  0.00908402
 0.00378802  -0.0226871 -0.00908402           0
Repeater1[0]<--->EndNode1[0]
REAL
  0.384309    0.01973  0.0120731   0.229278
   0.01973   0.128989     0.0508 0.00409765
 0.0120731     0.0508   0.172872  0.0171393
  0.229278 0.00409765  0.0171393    0.31383
IMAGINARY
           0   0.00805372   -0.0163401 -0.000516695
 -0.00805372            0  -0.00560575    0.0176525
   0.0163401   0.00560575            0   -0.0133031
 0.000516695   -0.0176525    0.0133031            0
Repeater1[0]<--->HoM1[0]
REAL
   0.360939 -0.00852175  0.00658643    0.230388
-0.00852175    0.174289   0.0616226 -0.00796384
 0.00658643   0.0616226     0.15822   0.0222959
   0.230388 -0.00796384   0.0222959    0.306551
IMAGINARY
          0 -0.00505485   0.0123266 -0.00378802
 0.00505485           0   0.0424512  0.00908402
 -0.0123266  -0.0424512           0   0.0226871
 0.00378802 -0.00908402  -0.0226871           0
EndNode1[0]<--->Repeater1[0]
REAL
   0.332907  -0.0115955  -0.0222121    0.259234
 -0.0115955    0.162612   0.0425453 -0.00510683
 -0.0222121   0.0425453    0.143406   -0.020806
   0.259234 -0.00510683   -0.020806    0.361076
IMAGINARY
          0 -0.00950977  0.00407913   0.0047457
 0.00950977           0 -0.00349257 -0.00731328
-0.00407913  0.00349257           0  0.00886294
 -0.0047457  0.00731328 -0.00886294           0
EndNode2[0]<--->HoM1[0]
REAL
   0.364935  -0.0136529 -0.00409521    0.225677
 -0.0136529    0.158442   0.0484351  0.00536425
-0.00409521   0.0484351    0.179221  0.00984579
   0.225677  0.00536425  0.00984579    0.297403
IMAGINARY
          0  -0.0265517   0.0111572 -0.00934584
  0.0265517           0 -0.00192344 -0.00908822
 -0.0111572  0.00192344           0  0.00793103
 0.00934584  0.00908822 -0.00793103           0
Repeater1[0]<--->EndNode1[0]
REAL
   0.332907  -0.0222121  -0.0115955    0.259234
 -0.0222121    0.143406   0.0425453   -0.020806
 -0.0115955   0.0425453    0.162612 -0.00510683
   0.259234   -0.020806 -0.00510683    0.361076
IMAGINARY
          0  0.00407913 -0.00950977   0.0047457
-0.00407913           0  0.00349257  0.00886294
 0.00950977 -0.00349257           0 -0.00731328
 -0.0047457 -0.00886294  0.00731328           0
Repeater1[0]<--->HoM1[0]
REAL
   0.364935 -0.00409521  -0.0136529    0.225677
-0.00409521    0.179221   0.0484351  0.00984579
 -0.0136529   0.0484351    0.158442  0.00536425
   0.225677  0.00984579  0.00536425    0.297403
IMAGINARY
          0   0.0111572  -0.0265517 -0.00934584
 -0.0111572           0  0.00192344  0.00793103
  0.0265517 -0.00192344           0 -0.00908822
 0.00934584 -0.00793103  0.00908822           0
EndNode1[0]<--->Repeater1[0]
REAL
    0.35733 -0.00963209  -0.0208059    0.210485
-0.00963209    0.179319   0.0797961 -0.00732709
 -0.0208059   0.0797961    0.145288  -0.0108283
   0.210485 -0.00732709  -0.0108283    0.318063
IMAGINARY
           0   -0.0200434  0.000434344   -0.0132568
   0.0200434            0   0.00165888  -0.00498571
-0.000434344  -0.00165888            0  -0.00921538
   0.0132568   0.00498571   0.00921538            0
EndNode2[0]<--->HoM1[0]
REAL
   0.338177  -0.0100649 -0.00589562    0.210131
 -0.0100649     0.15852   0.0720858  -0.0121456
-0.00589562   0.0720858    0.169089  -0.0273063
   0.210131  -0.0121456  -0.0273063    0.334214
IMAGINARY
           0    0.0284016   -0.0139051    0.0157774
  -0.0284016            0 -0.000477499   0.00267655
   0.0139051  0.000477499            0     0.001321
  -0.0157774  -0.00267655    -0.001321            0
Repeater1[0]<--->EndNode1[0]
REAL
    0.35733  -0.0208059 -0.00963209    0.210485
 -0.0208059    0.145288   0.0797961  -0.0108283
-0.00963209   0.0797961    0.179319 -0.00732709
   0.210485  -0.0108283 -0.00732709    0.318063
IMAGINARY
           0  0.000434344   -0.0200434   -0.0132568
-0.000434344            0  -0.00165888  -0.00921538
   0.0200434   0.00165888            0  -0.00498571
   0.0132568   0.00921538   0.00498571            0
Repeater1[0]<--->HoM1[0]
REAL
   0.338177 -0.00589562  -0.0100649    0.210131
-0.00589562    0.169089   0.0720858  -0.0273063
 -0.0100649   0.0720858     0.15852  -0.0121456
   0.210131  -0.0273063  -0.0121456    0.334214
IMAGINARY
           0   -0.0139051    0.0284016    0.0157774
   0.0139051            0  0.000477499     0.001321
  -0.0284016 -0.000477499            0   0.00267655
  -0.0157774    -0.001321  -0.00267655            0
EndNode1[0]<--->Repeater1[0]
REAL
  0.349288 0.00466754  0.0150408   0.229375
0.00466754   0.174644  0.0581082 0.00777532
 0.0150408  0.0581082   0.137128  0.0246675
  0.229375 0.00777532  0.0246675   0.338939
IMAGINARY
           0   0.00917543   -0.0151933  -0.00414593
 -0.00917543            0    0.0029144  0.000764169
   0.0151933   -0.0029144            0  -0.00478396
  0.00414593 -0.000764169   0.00478396            0
EndNode2[0]<--->HoM1[0]
REAL
   0.340645  0.00994698 -0.00408638    0.221335
 0.00994698     0.15871   0.0443721  0.00539528
-0.00408638   0.0443721    0.149677 -0.00209358
   0.221335  0.00539528 -0.00209358    0.350968
IMAGINARY
          0  -0.0122176  -0.0182977  -0.0165614
  0.0122176           0   0.0196903  0.00349718
  0.0182977  -0.0196903           0   0.0180091
  0.0165614 -0.00349718  -0.0180091           0
Repeater1[0]<--->EndNode1[0]
REAL
  0.349288  0.0150408 0.00466754   0.229375
 0.0150408   0.137128  0.0581082  0.0246675
0.00466754  0.0581082   0.174644 0.00777532
  0.229375  0.0246675 0.00777532   0.338939
IMAGINARY
           0   -0.0151933   0.00917543  -0.00414593
   0.0151933            0   -0.0029144  -0.00478396
 -0.00917543    0.0029144            0  0.000764169
  0.00414593   0.00478396 -0.000764169            0
Repeater1[0]<--->HoM1[0]
REAL
   0.340645 -0.00408638  0.00994698    0.221335
-0.00408638    0.149677   0.0443721 -0.00209358
 0.00994698   0.0443721     0.15871  0.00539528
   0.221335 -0.00209358  0.00539528    0.350968
IMAGINARY
          0  -0.0182977  -0.0122176  -0.0165614
  0.0182977           0  -0.0196903   0.0180091
  0.0122176   0.0196903           0  0.00349718
  0.0165614  -0.0180091 -0.00349718           0
EndNode1[0]<--->Repeater1[0]
REAL
   0.337093 -0.00278991   0.0108759    0.215605
-0.00278991    0.182957   0.0512217  -0.0144817
  0.0108759   0.0512217    0.172932  0.00399184
   0.215605  -0.0144817  0.00399184    0.307018
IMAGINARY
          0  0.00260538  0.00850709   0.0044346
-0.00260538           0   -0.013621  0.00382168
-0.00850709    0.013621           0   0.0056138
 -0.0044346 -0.00382168  -0.0056138           0
EndNode2[0]<--->HoM1[0]
REAL
   0.338158 -0.00562546 -0.00693569    0.228826
-0.00562546    0.163158   0.0530153 -0.00882724
-0.00693569   0.0530153    0.180263 -0.00887643
   0.228826 -0.00882724 -0.00887643    0.318421
IMAGINARY
          0 -0.00786594    0.015073  -0.0343785
 0.00786594           0   0.0143268  0.00986466
  -0.015073  -0.0143268           0  0.00786594
  0.0343785 -0.00986466 -0.00786594           0
Repeater1[0]<--->EndNode1[0]
REAL
   0.337093   0.0108759 -0.00278991    0.215605
  0.0108759    0.172932   0.0512217  0.00399184
-0.00278991   0.0512217    0.182957  -0.0144817
   0.215605  0.00399184  -0.0144817    0.307018
IMAGINARY
          0  0.00850709  0.00260538   0.0044346
-0.00850709           0    0.013621   0.0056138
-0.00260538   -0.013621           0  0.00382168
 -0.0044346  -0.0056138 -0.00382168           0
Repeater1[0]<--->HoM1[0]
REAL
   0.338158 -0.00693569 -0.00562546    0.228826
-0.00693569    0.180263   0.0530153 -0.00887643
-0.00562546   0.0530153    0.163158 -0.00882724
   0.228826 -0.00887643 -0.00882724    0.318421
IMAGINARY
          0    0.015073 -0.00786594  -0.0343785
  -0.015073           0  -0.0143268  0.00786594
 0.00786594   0.0143268           0  0.00986466
  0.0343785 -0.00786594 -0.00986466           0
EndNode1[0]<--->Repeater1[0]
REAL
  0.314286 0.00552443  0.0184419   0.228182
0.00552443   0.186335  0.0606785  0.0204182
 0.0184419  0.0606785   0.178882 0.00354293
  0.228182  0.0204182 0.00354293   0.320497
IMAGINARY
          0 -0.00104172  -0.0100055  -0.0120465
 0.00104172           0 -0.00628469  -0.0132065
  0.0100055  0.00628469           0   0.0154708
  0.0120465   0.0132065  -0.0154708           0
EndNode2[0]<--->HoM1[0]
REAL
   0.358832  0.00766765 -0.00807286    0.221861
 0.00766765    0.139082   0.0470738  0.00743101
-0.00807286   0.0470738    0.147427  -0.0185791
   0.221861  0.00743101  -0.0185791    0.354659
IMAGINARY
          0   0.0228835   0.0192405 -0.00209518
 -0.0228835           0   0.0101898 -0.00645121
 -0.0192405  -0.0101898           0   0.0118302
 0.00209518  0.00645121  -0.0118302           0
Repeater1[0]<--->EndNode1[0]
REAL
  0.314286  0.0184419 0.00552443   0.228182
 0.0184419   0.178882  0.0606785 0.00354293
0.00552443  0.0606785   0.186335  0.0204182
  0.228182 0.00354293  0.0204182   0.320497
IMAGINARY
          0  -0.0100055 -0.00104172  -0.0120465
  0.0100055           0  0.00628469   0.0154708
 0.00104172 -0.00628469           0  -0.0132065
  0.0120465  -0.0154708   0.0132065           0
Repeater1[0]<--->HoM1[0]
REAL
   0.358832 -0.00807286  0.00766765    0.221861
-0.00807286    0.147427   0.0470738  -0.0185791
 0.00766765   0.0470738    0.139082  0.00743101
   0.221861  -0.0185791  0.00743101    0.354659
IMAGINARY
          0   0.0192405   0.0228835 -0.00209518
 -0.0192405           0  -0.0101898   0.0118302
 -0.0228835   0.0101898           0 -0.00645121
 0.00209518  -0.0118302  0.00645121           0
EndNode1[0]<--->Repeater1[0]
REAL
    0.34005 -0.00568021    0.012985    0.209821
-0.00568021    0.178841   0.0598836   -0.010522
   0.012985   0.0598836    0.177582 -0.00294048
   0.209821   -0.010522 -0.00294048    0.303526
IMAGINARY
          0  -0.0289367 -0.00542561  -0.0147044
  0.0289367           0 -0.00792934   0.0286377
 0.00542561  0.00792934           0 -0.00807707
  0.0147044  -0.0286377  0.00807707           0
EndNode2[0]<--->HoM1[0]
REAL
   0.356873 -0.00314029 -0.00830248    0.226571
-0.00314029    0.165195   0.0704399   0.0163971
-0.00830248   0.0704399    0.156368  -0.0024637
   0.226571   0.0163971  -0.0024637    0.321564
IMAGINARY
           0   0.00332122 -0.000399357   -0.0191115
 -0.00332122            0    0.0349426   0.00735258
 0.000399357   -0.0349426            0   -0.0178598
   0.0191115  -0.00735258    0.0178598            0
Repeater1[0]<--->EndNode1[0]
REAL
    0.34005    0.012985 -0.00568021    0.209821
   0.012985    0.177582   0.0598836 -0.00294048
-0.00568021   0.0598836    0.178841   -0.010522
   0.209821 -0.00294048   -0.010522    0.303526
IMAGINARY
          0 -0.00542561  -0.0289367  -0.0147044
 0.00542561           0  0.00792934 -0.00807707
  0.0289367 -0.00792934           0   0.0286377
  0.0147044  0.00807707  -0.0286377           0
Repeater1[0]<--->HoM1[0]
REAL
   0.356873 -0.00830248 -0.00314029    0.226571
-0.00830248    0.156368   0.0704399  -0.0024637
-0.00314029   0.0704399    0.165195   0.0163971
   0.226571  -0.0024637   0.0163971    0.321564
IMAGINARY
           0 -0.000399357   0.00332122   -0.0191115
 0.000399357            0   -0.0349426   -0.0178598
 -0.00332122    0.0349426            0   0.00735258
   0.0191115    0.0178598  -0.00735258            0
EndNode1[0]<--->Repeater1[0]
REAL
   0.343112  -0.0205502  0.00359045    0.199179
 -0.0205502    0.159439   0.0708604 -0.00818966
 0.00359045   0.0708604    0.163265  -0.0116443
   0.199179 -0.00818966  -0.0116443    0.334184
IMAGINARY
           0   0.00156591  0.000914898    0.0162834
 -0.00156591            0  -0.00484333   -0.0066039
-0.000914898   0.00484333            0   -0.0211614
  -0.0162834    0.0066039    0.0211614            0
EndNode2[0]<--->HoM1[0]
REAL
    0.36413 -0.00308287 -0.00462442    0.212246
-0.00308287    0.160326    0.053361  -0.0159881
