EndNode1[0]<--->Repeater1[0]
REAL
   0.384422   0.0164944   0.0178052    0.218783
  0.0164944     0.13191   0.0146327 -0.00920565
  0.0178052   0.0146327    0.164573 -0.00666638
   0.218783 -0.00920565 -0.00666638    0.319095
IMAGINARY
          0 -0.00501387 -0.00217384 -0.00281638
 0.00501387           0   0.0241067  -0.0145598
 0.00217384  -0.0241067           0 -0.00368761
 0.00281638   0.0145598  0.00368761           0
EndNode2[0]<--->HoM1[0]
REAL
   0.37037 0.00845955 -0.0140696   0.203721
0.00845955   0.130227  0.0507124   0.010659
-0.0140696  0.0507124   0.137395 -0.0145987
  0.203721   0.010659 -0.0145987   0.362007
IMAGINARY
          0  -0.0262598  0.00650247 -0.00173457
  0.0262598           0  0.00995374 -0.00330145
-0.00650247 -0.00995374           0   0.0140959
 0.00173457  0.00330145  -0.0140959           0
Repeater1[0]<--->EndNode1[0]
REAL
   0.384422   0.0178052   0.0164944    0.218783
  0.0178052    0.164573   0.0146327 -0.00666638
  0.0164944   0.0146327     0.13191 -0.00920565
   0.218783 -0.00666638 -0.00920565    0.319095
IMAGINARY
          0 -0.00217384 -0.00501387 -0.00281638
 0.00217384           0  -0.0241067 -0.00368761
 0.00501387   0.0241067           0  -0.0145598
 0.00281638  0.00368761   0.0145598           0
Repeater1[0]<--->HoM1[0]
REAL
   0.37037 -0.0140696 0.00845955   0.203721
-0.0140696   0.137395  0.0507124 -0.0145987
0.00845955  0.0507124   0.130227   0.010659
  0.203721 -0.0145987   0.010659   0.362007
IMAGINARY
          0  0.00650247  -0.0262598 -0.00173457
-0.00650247           0 -0.00995374   0.0140959
  0.0262598  0.00995374           0 -0.00330145
 0.00173457  -0.0140959  0.00330145           0
EndNode1[0]<--->Repeater1[0]
REAL
   0.407311   0.0051421 -0.00116741    0.181101
  0.0051421    0.124021   0.0383332   0.0121069
-0.00116741   0.0383332    0.117493  0.00579741
   0.181101   0.0121069  0.00579741    0.351175
IMAGINARY
           0   -0.0379316 -3.13291e-06   -0.0203522
   0.0379316            0    0.0106997 -0.000625798
 3.13291e-06   -0.0106997            0    0.0033404
   0.0203522  0.000625798   -0.0033404            0
EndNode2[0]<--->HoM1[0]
REAL
  0.356234  0.0137493 -0.0164737   0.213883
 0.0137493   0.148855  0.0350879  0.0103009
-0.0164737  0.0350879   0.124682 -0.0185504
  0.213883  0.0103009 -0.0185504   0.370229
IMAGINARY
          0   0.0115934   0.0226854  0.00930344
 -0.0115934           0  0.00673934  0.00930959
 -0.0226854 -0.00673934           0 -0.00845668
-0.00930344 -0.00930959  0.00845668           0
Repeater1[0]<--->EndNode1[0]
REAL
   0.407311 -0.00116741   0.0051421    0.181101
-0.00116741    0.117493   0.0383332  0.00579741
  0.0051421   0.0383332    0.124021   0.0121069
   0.181101  0.00579741   0.0121069    0.351175
IMAGINARY
           0 -3.13291e-06   -0.0379316   -0.0203522
 3.13291e-06            0   -0.0106997    0.0033404
   0.0379316    0.0106997            0 -0.000625798
   0.0203522   -0.0033404  0.000625798            0
Repeater1[0]<--->HoM1[0]
REAL
  0.356234 -0.0164737  0.0137493   0.213883
-0.0164737   0.124682  0.0350879 -0.0185504
 0.0137493  0.0350879   0.148855  0.0103009
  0.213883 -0.0185504  0.0103009   0.370229
IMAGINARY
          0   0.0226854   0.0115934  0.00930344
 -0.0226854           0 -0.00673934 -0.00845668
 -0.0115934  0.00673934           0  0.00930959
-0.00930344  0.00845668 -0.00930959           0
EndNode1[0]<--->Repeater1[0]
REAL
   0.413317  -0.0120786 -0.00919937    0.194805
 -0.0120786     0.11809   0.0542988  -0.0308245
-0.00919937   0.0542988    0.116834  -0.0351138
   0.194805  -0.0308245  -0.0351138    0.351759
IMAGINARY
          0  0.00860066  0.00315057 -0.00448135
-0.00860066           0   0.0185753  -0.0196063
-0.00315057  -0.0185753           0     0.01545
 0.00448135   0.0196063    -0.01545           0
EndNode2[0]<--->HoM1[0]
REAL
    0.39417  -0.0104542 -0.00757929    0.175342
 -0.0104542    0.117871   0.0525229  0.00237096
-0.00757929   0.0525229    0.126743  0.00394374
   0.175342  0.00237096  0.00394374    0.361217
IMAGINARY
          0  -0.0170094  0.00853246  0.00200399
  0.0170094           0  0.00799601 -0.00249219
-0.00853246 -0.00799601           0  -0.0145342
-0.00200399  0.00249219   0.0145342           0
Repeater1[0]<--->EndNode1[0]
REAL
   0.413317 -0.00919937  -0.0120786    0.194805
-0.00919937    0.116834   0.0542988  -0.0351138
 -0.0120786   0.0542988     0.11809  -0.0308245
   0.194805  -0.0351138  -0.0308245    0.351759
IMAGINARY
          0  0.00315057  0.00860066 -0.00448135
-0.00315057           0  -0.0185753     0.01545
-0.00860066   0.0185753           0  -0.0196063
 0.00448135    -0.01545   0.0196063           0
Repeater1[0]<--->HoM1[0]
REAL
    0.39417 -0.00757929  -0.0104542    0.175342
-0.00757929    0.126743   0.0525229  0.00394374
 -0.0104542   0.0525229    0.117871  0.00237096
   0.175342  0.00394374  0.00237096    0.361217
IMAGINARY
          0  0.00853246  -0.0170094  0.00200399
-0.00853246           0 -0.00799601  -0.0145342
  0.0170094  0.00799601           0 -0.00249219
-0.00200399   0.0145342  0.00249219           0
EndNode1[0]<--->Repeater1[0]
REAL
      0.375  0.00113495 -0.00695543    0.188918
 0.00113495    0.145408   0.0384694   0.0295685
-0.00695543   0.0384694    0.132653   0.0378098
   0.188918   0.0295685   0.0378098    0.346939
IMAGINARY
           0   0.00779231  0.000319284   -0.0100467
 -0.00779231            0    0.0107325 -0.000959489
-0.000319284   -0.0107325            0    0.0171757
   0.0100467  0.000959489   -0.0171757            0
EndNode2[0]<--->HoM1[0]
REAL
    0.383981  -0.00739048    0.0101772     0.230646
 -0.00739048     0.127208    0.0332245  0.000790504
   0.0101772    0.0332245     0.133098 -0.000996617
    0.230646  0.000790504 -0.000996617     0.355713
IMAGINARY
          0   0.0335729  0.00122222   -0.016305
 -0.0335729           0   0.0097433 -0.00461435
-0.00122222  -0.0097433           0   0.0200228
   0.016305  0.00461435  -0.0200228           0
Repeater1[0]<--->EndNode1[0]
REAL
      0.375 -0.00695543  0.00113495    0.188918
-0.00695543    0.132653   0.0384694   0.0378098
 0.00113495   0.0384694    0.145408   0.0295685
   0.188918   0.0378098   0.0295685    0.346939
IMAGINARY
           0  0.000319284   0.00779231   -0.0100467
-0.000319284            0   -0.0107325    0.0171757
 -0.00779231    0.0107325            0 -0.000959489
   0.0100467   -0.0171757  0.000959489            0
Repeater1[0]<--->HoM1[0]
REAL
    0.383981    0.0101772  -0.00739048     0.230646
   0.0101772     0.133098    0.0332245 -0.000996617
 -0.00739048    0.0332245     0.127208  0.000790504
    0.230646 -0.000996617  0.000790504     0.355713
IMAGINARY
          0  0.00122222   0.0335729   -0.016305
-0.00122222           0  -0.0097433   0.0200228
 -0.0335729   0.0097433           0 -0.00461435
   0.016305  -0.0200228  0.00461435           0
EndNode1[0]<--->Repeater1[0]
REAL
  0.371029  0.0125147 0.00816289   0.206843
 0.0125147   0.146125  0.0336244 0.00475224
0.00816289  0.0336244   0.148666  0.0163906
  0.206843 0.00475224  0.0163906    0.33418
IMAGINARY
          0 -0.00317363    0.016027   0.0016923
 0.00317363           0   0.0189795   0.0048575
  -0.016027  -0.0189795           0  0.00440213
 -0.0016923  -0.0048575 -0.00440213           0
EndNode2[0]<--->HoM1[0]
REAL
    0.37234 -0.00659295   0.0129258    0.192207
-0.00659295    0.155585   0.0355099  -0.0196413
  0.0129258   0.0355099    0.132979  -0.0233216
   0.192207  -0.0196413  -0.0233216    0.339096
IMAGINARY
          0  0.00249256  0.00847803  0.00135212
-0.00249256           0  -0.0116349 -0.00132589
-0.00847803   0.0116349           0   0.0163631
-0.00135212  0.00132589  -0.0163631           0
Repeater1[0]<--->EndNode1[0]
REAL
  0.371029 0.00816289  0.0125147   0.206843
0.00816289   0.148666  0.0336244  0.0163906
 0.0125147  0.0336244   0.146125 0.00475224
  0.206843  0.0163906 0.00475224    0.33418
IMAGINARY
          0    0.016027 -0.00317363   0.0016923
  -0.016027           0  -0.0189795  0.00440213
 0.00317363   0.0189795           0   0.0048575
 -0.0016923 -0.00440213  -0.0048575           0
Repeater1[0]<--->HoM1[0]
REAL
    0.37234   0.0129258 -0.00659295    0.192207
  0.0129258    0.132979   0.0355099  -0.0233216
-0.00659295   0.0355099    0.155585  -0.0196413
   0.192207  -0.0233216  -0.0196413    0.339096
IMAGINARY
          0  0.00847803  0.00249256  0.00135212
-0.00847803           0   0.0116349   0.0163631
-0.00249256  -0.0116349           0 -0.00132589
-0.00135212  -0.0163631  0.00132589           0
EndNode1[0]<--->Repeater1[0]
REAL
   0.383202 -0.00572861  -0.0019895    0.194926
-0.00572861    0.132546   0.0189551   0.0246524
 -0.0019895   0.0189551    0.160105 6.28917e-05
   0.194926   0.0246524 6.28917e-05    0.324147
IMAGINARY
          0    0.029949   0.0117933  0.00361476
  -0.029949           0  -0.0130725  0.00519699
 -0.0117933   0.0130725           0 -0.00931797
-0.00361476 -0.00519699  0.00931797           0
EndNode2[0]<--->HoM1[0]
REAL
   0.364221 -0.00285812   0.0039034    0.207511
-0.00285812    0.129987   0.0450269  -0.0191318
  0.0039034   0.0450269    0.133848 -0.00348705
   0.207511  -0.0191318 -0.00348705    0.371943
IMAGINARY
          0  -0.0124472   0.0256156   -0.020184
  0.0124472           0   0.0105066  -0.0111865
 -0.0256156  -0.0105066           0 -0.00323664
   0.020184   0.0111865  0.00323664           0
Repeater1[0]<--->EndNode1[0]
REAL
   0.383202  -0.0019895 -0.00572861    0.194926
 -0.0019895    0.160105   0.0189551 6.28917e-05
-0.00572861   0.0189551    0.132546   0.0246524
   0.194926 6.28917e-05   0.0246524    0.324147
IMAGINARY
          0   0.0117933    0.029949  0.00361476
 -0.0117933           0   0.0130725 -0.00931797
  -0.029949  -0.0130725           0  0.00519699
-0.00361476  0.00931797 -0.00519699           0
Repeater1[0]<--->HoM1[0]
REAL
   0.364221   0.0039034 -0.00285812    0.207511
  0.0039034    0.133848   0.0450269 -0.00348705
-0.00285812   0.0450269    0.129987  -0.0191318
   0.207511 -0.00348705  -0.0191318    0.371943
IMAGINARY
          0   0.0256156  -0.0124472   -0.020184
 -0.0256156           0  -0.0105066 -0.00323664
  0.0124472   0.0105066           0  -0.0111865
   0.020184  0.00323664   0.0111865           0
EndNode1[0]<--->Repeater1[0]
REAL
   0.380952  -0.0186874  0.00236403    0.189403
 -0.0186874     0.12963   0.0419591  -0.0113615
 0.00236403   0.0419591    0.124339 0.000692493
   0.189403  -0.0113615 0.000692493    0.365079
IMAGINARY
          0  -0.0246335  0.00446479 -0.00835147
  0.0246335           0  -0.0139415   0.0106073
-0.00446479   0.0139415           0  0.00562961
 0.00835147  -0.0106073 -0.00562961           0
EndNode2[0]<--->HoM1[0]
REAL
   0.370277   0.0204162 -0.00410714    0.191922
  0.0204162    0.151134   0.0401482  0.00343055
-0.00410714   0.0401482     0.13602  -0.0156801
   0.191922  0.00343055  -0.0156801    0.342569
IMAGINARY
          0   0.0069343 -0.00182808   0.0113672
 -0.0069343           0 -0.00397805  0.00905541
 0.00182808  0.00397805           0  -0.0102194
 -0.0113672 -0.00905541   0.0102194           0
Repeater1[0]<--->EndNode1[0]
REAL
   0.380952  0.00236403  -0.0186874    0.189403
 0.00236403    0.124339   0.0419591 0.000692493
 -0.0186874   0.0419591     0.12963  -0.0113615
   0.189403 0.000692493  -0.0113615    0.365079
IMAGINARY
          0  0.00446479  -0.0246335 -0.00835147
-0.00446479           0   0.0139415  0.00562961
  0.0246335  -0.0139415           0   0.0106073
 0.00835147 -0.00562961  -0.0106073           0
Repeater1[0]<--->HoM1[0]
REAL
   0.370277 -0.00410714   0.0204162    0.191922
-0.00410714     0.13602   0.0401482  -0.0156801
  0.0204162   0.0401482    0.151134  0.00343055
   0.191922  -0.0156801  0.00343055    0.342569
IMAGINARY
          0 -0.00182808   0.0069343   0.0113672
 0.00182808           0  0.00397805  -0.0102194
 -0.0069343 -0.00397805           0  0.00905541
 -0.0113672   0.0102194 -0.00905541           0
EndNode1[0]<--->Repeater1[0]
REAL
   0.389914 -0.00097427 -0.00456447    0.202293
-0.00097427    0.119311   0.0277837  -0.0185718
-0.00456447   0.0277837    0.159902 -0.00416712
   0.202293  -0.0185718 -0.00416712    0.330873
IMAGINARY
           0 -0.000326797   0.00390594   0.00278337
 0.000326797            0  -0.00591228   0.00589798
 -0.00390594   0.00591228            0 -0.000326797
 -0.00278337  -0.00589798  0.000326797            0
EndNode2[0]<--->HoM1[0]
REAL
   0.36856 0.00804617  0.0198403   0.221023
0.00804617   0.122853  0.0429927  0.0160137
 0.0198403  0.0429927   0.130779  0.0134662
  0.221023  0.0160137  0.0134662   0.377807
IMAGINARY
           0   0.00683304  -0.00749981   0.00433298
 -0.00683304            0   0.00862746    0.0125503
  0.00749981  -0.00862746            0 -0.000519905
 -0.00433298   -0.0125503  0.000519905            0
Repeater1[0]<--->EndNode1[0]
REAL
   0.389914 -0.00456447 -0.00097427    0.202293
-0.00456447    0.159902   0.0277837 -0.00416712
-0.00097427   0.0277837    0.119311  -0.0185718
   0.202293 -0.00416712  -0.0185718    0.330873
IMAGINARY
           0   0.00390594 -0.000326797   0.00278337
 -0.00390594            0   0.00591228 -0.000326797
 0.000326797  -0.00591228            0   0.00589798
 -0.00278337  0.000326797  -0.00589798            0
Repeater1[0]<--->HoM1[0]
REAL
   0.36856  0.0198403 0.00804617   0.221023
 0.0198403   0.130779  0.0429927  0.0134662
0.00804617  0.0429927   0.122853  0.0160137
  0.221023  0.0134662  0.0160137   0.377807
IMAGINARY
           0  -0.00749981   0.00683304   0.00433298
  0.00749981            0  -0.00862746 -0.000519905
 -0.00683304   0.00862746            0    0.0125503
 -0.00433298  0.000519905   -0.0125503            0
EndNode1[0]<--->Repeater1[0]
REAL
   0.386635 -0.00144765   0.0113947    0.204604
-0.00144765    0.138425   0.0282817   0.0107529
  0.0113947   0.0282817    0.151551   0.0249376
   0.204604   0.0107529   0.0249376    0.323389
IMAGINARY
           0    0.0175222     0.010179 -0.000806597
  -0.0175222            0   0.00512226    0.0187883
   -0.010179  -0.00512226            0   0.00766673
 0.000806597   -0.0187883  -0.00766673            0
EndNode2[0]<--->HoM1[0]
REAL
   0.380228   0.0149964  0.00634838    0.198468
  0.0149964    0.108999   0.0300674 -0.00761101
 0.00634838   0.0300674    0.130545  0.00773088
   0.198468 -0.00761101  0.00773088    0.380228
IMAGINARY
          0 -0.00983729  -0.0122847  0.00791688
 0.00983729           0 -0.00128558   0.0142353
  0.0122847  0.00128558           0   0.0117879
-0.00791688  -0.0142353  -0.0117879           0
Repeater1[0]<--->EndNode1[0]
REAL
   0.386635   0.0113947 -0.00144765    0.204604
  0.0113947    0.151551   0.0282817   0.0249376
-0.00144765   0.0282817    0.138425   0.0107529
   0.204604   0.0249376   0.0107529    0.323389
IMAGINARY
           0     0.010179    0.0175222 -0.000806597
   -0.010179            0  -0.00512226   0.00766673
  -0.0175222   0.00512226            0    0.0187883
 0.000806597  -0.00766673   -0.0187883            0
Repeater1[0]<--->HoM1[0]
REAL
   0.380228  0.00634838   0.0149964    0.198468
 0.00634838    0.130545   0.0300674  0.00773088
  0.0149964   0.0300674    0.108999 -0.00761101
   0.198468  0.00773088 -0.00761101    0.380228
IMAGINARY
          0  -0.0122847 -0.00983729  0.00791688
  0.0122847           0  0.00128558   0.0117879
 0.00983729 -0.00128558           0   0.0142353
-0.00791688  -0.0117879  -0.0142353           0
EndNode1[0]<--->Repeater1[0]
REAL
    0.358333  0.000198192    0.0199858     0.171816
 0.000198192     0.133333    0.0469747 -0.000931901
   0.0199858    0.0469747     0.136111    0.0109713
    0.171816 -0.000931901    0.0109713     0.372222
IMAGINARY
          0 -0.00893755 -0.00147944   0.0111416
 0.00893755           0  0.00783029  0.00464801
 0.00147944 -0.00783029           0  0.00830383
 -0.0111416 -0.00464801 -0.00830383           0
EndNode2[0]<--->HoM1[0]
REAL
    0.369093      0.01145   0.00686495      0.21971
     0.01145     0.131545    0.0335881 -0.000268643
  0.00686495    0.0335881     0.145594  -0.00881146
     0.21971 -0.000268643  -0.00881146     0.353768
IMAGINARY
          0  0.00612507 -0.00919371 -0.00922158
-0.00612507           0  0.00612369 -0.00183093
 0.00919371 -0.00612369           0  0.00489958
 0.00922158  0.00183093 -0.00489958           0
Repeater1[0]<--->EndNode1[0]
REAL
    0.358333    0.0199858  0.000198192     0.171816
   0.0199858     0.136111    0.0469747    0.0109713
 0.000198192    0.0469747     0.133333 -0.000931901
    0.171816    0.0109713 -0.000931901     0.372222
IMAGINARY
          0 -0.00147944 -0.00893755   0.0111416
 0.00147944           0 -0.00783029  0.00830383
 0.00893755  0.00783029           0  0.00464801
 -0.0111416 -0.00830383 -0.00464801           0
Repeater1[0]<--->HoM1[0]
REAL
    0.369093   0.00686495      0.01145      0.21971
  0.00686495     0.145594    0.0335881  -0.00881146
     0.01145    0.0335881     0.131545 -0.000268643
     0.21971  -0.00881146 -0.000268643     0.353768
IMAGINARY
          0 -0.00919371  0.00612507 -0.00922158
 0.00919371           0 -0.00612369  0.00489958
-0.00612507  0.00612369           0 -0.00183093
 0.00922158 -0.00489958  0.00183093           0
EndNode1[0]<--->Repeater1[0]
REAL
   0.375474  0.00795822 -0.00525337    0.184209
 0.00795822    0.144121   0.0416391   0.0143918
-0.00525337   0.0416391    0.127686 -0.00404178
   0.184209   0.0143918 -0.00404178    0.352718
IMAGINARY
           0   -0.0103748   -0.0278013 -0.000974307
   0.0103748            0    0.0180796   0.00972899
   0.0278013   -0.0180796            0   -0.0103748
 0.000974307  -0.00972899    0.0103748            0
EndNode2[0]<--->HoM1[0]
REAL
    0.398884   0.00364634   0.00495647     0.211193
  0.00364634     0.124128    0.0290827 -0.000565002
  0.00495647    0.0290827     0.138075    0.0170563
    0.211193 -0.000565002    0.0170563     0.338912
IMAGINARY
           0  0.000896304    0.0176064   0.00239792
-0.000896304            0  -0.00302214   0.00491608
  -0.0176064   0.00302214            0   -0.0144098
 -0.00239792  -0.00491608    0.0144098            0
Repeater1[0]<--->EndNode1[0]
REAL
   0.375474 -0.00525337  0.00795822    0.184209
-0.00525337    0.127686   0.0416391 -0.00404178
 0.00795822   0.0416391    0.144121   0.0143918
   0.184209 -0.00404178   0.0143918    0.352718
IMAGINARY
           0   -0.0278013   -0.0103748 -0.000974307
   0.0278013            0   -0.0180796   -0.0103748
   0.0103748    0.0180796            0   0.00972899
 0.000974307    0.0103748  -0.00972899            0
Repeater1[0]<--->HoM1[0]
REAL
    0.398884   0.00495647   0.00364634     0.211193
  0.00495647     0.138075    0.0290827    0.0170563
  0.00364634    0.0290827     0.124128 -0.000565002
    0.211193    0.0170563 -0.000565002     0.338912
IMAGINARY
           0    0.0176064  0.000896304   0.00239792
  -0.0176064            0   0.00302214   -0.0144098
-0.000896304  -0.00302214            0   0.00491608
 -0.00239792    0.0144098  -0.00491608            0
EndNode1[0]<--->Repeater1[0]
REAL
    0.37516  0.00587814 -0.00468433    0.206882
 0.00587814    0.137004   0.0402151  0.00791013
-0.00468433   0.0402151    0.134443 -0.00523297
   0.206882  0.00791013 -0.00523297    0.353393
IMAGINARY
          0  -0.0127089  -0.0109024 -0.00300634
  0.0127089           0  0.00818769  0.00233848
  0.0109024 -0.00818769           0  0.00414502
 0.00300634 -0.00233848 -0.00414502           0
EndNode2[0]<--->HoM1[0]
REAL
   0.378109  0.00757026  -0.0205475    0.210714
 0.00757026    0.125622   0.0574981 -0.00528032
 -0.0205475   0.0574981    0.136816 -0.00823252
   0.210714 -0.00528032 -0.00823252    0.359453
IMAGINARY
           0   0.00508958    0.0124269    0.0012313
 -0.00508958            0   0.00325014   0.00333601
  -0.0124269  -0.00325014            0  0.000585074
  -0.0012313  -0.00333601 -0.000585074            0
Repeater1[0]<--->EndNode1[0]
REAL
    0.37516 -0.00468433  0.00587814    0.206882
-0.00468433    0.134443   0.0402151 -0.00523297
 0.00587814   0.0402151    0.137004  0.00791013
   0.206882 -0.00523297  0.00791013    0.353393
IMAGINARY
          0  -0.0109024  -0.0127089 -0.00300634
  0.0109024           0 -0.00818769  0.00414502
  0.0127089  0.00818769           0  0.00233848
 0.00300634 -0.00414502 -0.00233848           0
Repeater1[0]<--->HoM1[0]
REAL
   0.378109  -0.0205475  0.00757026    0.210714
 -0.0205475    0.136816   0.0574981 -0.00823252
 0.00757026   0.0574981    0.125622 -0.00528032
   0.210714 -0.00823252 -0.00528032    0.359453
IMAGINARY
           0    0.0124269   0.00508958    0.0012313
  -0.0124269            0  -0.00325014  0.000585074
 -0.00508958   0.00325014            0   0.00333601
  -0.0012313 -0.000585074  -0.00333601            0
EndNode1[0]<--->Repeater1[0]
REAL
    0.389677   0.00785357 -0.000317435      0.18898
  0.00785357     0.132903    0.0486178    0.0133723
-0.000317435    0.0486178         0.12   0.00389578
     0.18898    0.0133723   0.00389578     0.357419
IMAGINARY
           0   0.00529829   -0.0148462  -0.00936364
 -0.00529829            0 -0.000389283   0.00902475
   0.0148462  0.000389283            0   0.00828515
  0.00936364  -0.00902475  -0.00828515            0
EndNode2[0]<--->HoM1[0]
REAL
   0.359102  -0.0254876   0.0121807    0.213306
 -0.0254876    0.143392   0.0360576  -0.0198143
  0.0121807   0.0360576    0.128429 -0.00886355
   0.213306  -0.0198143 -0.00886355    0.369077
IMAGINARY
          0   0.0151637  0.00231871   0.0163724
 -0.0151637           0  -0.0132668   0.0029723
-0.00231871   0.0132668           0 -0.00193617
 -0.0163724  -0.0029723  0.00193617           0
Repeater1[0]<--->EndNode1[0]
REAL
    0.389677 -0.000317435   0.00785357      0.18898
-0.000317435         0.12    0.0486178   0.00389578
  0.00785357    0.0486178     0.132903    0.0133723
     0.18898   0.00389578    0.0133723     0.357419
IMAGINARY
           0   -0.0148462   0.00529829  -0.00936364
   0.0148462            0  0.000389283   0.00828515
 -0.00529829 -0.000389283            0   0.00902475
  0.00936364  -0.00828515  -0.00902475            0
Repeater1[0]<--->HoM1[0]
REAL
   0.359102   0.0121807  -0.0254876    0.213306
  0.0121807    0.128429   0.0360576 -0.00886355
 -0.0254876   0.0360576    0.143392  -0.0198143
   0.213306 -0.00886355  -0.0198143    0.369077
IMAGINARY
          0  0.00231871   0.0151637   0.0163724
-0.00231871           0   0.0132668 -0.00193617
 -0.0151637  -0.0132668           0   0.0029723
 -0.0163724  0.00193617  -0.0029723           0
EndNode1[0]<--->Repeater1[0]
REAL
   0.368159 -0.00279043  0.00261934    0.200532
-0.00279043    0.139303   0.0491563   -0.010714
 0.00261934   0.0491563     0.14801 0.000922438
   0.200532   -0.010714 0.000922438    0.344527
IMAGINARY
          0  -0.0193923  -0.0054486   0.0141915
  0.0193923           0  -0.0108085   0.0257631
  0.0054486   0.0108085           0 -0.00616475
 -0.0141915  -0.0257631  0.00616475           0
EndNode2[0]<--->HoM1[0]
REAL
  0.395349 -0.0231228  -0.033294    0.20417
-0.0231228   0.135659  0.0358831 0.00544257
 -0.033294  0.0358831  0.0956072 -0.0100337
   0.20417 0.00544257 -0.0100337   0.373385
IMAGINARY
          0  0.00778797   0.0183087  0.00271064
-0.00778797           0  0.00664765  -0.0140559
 -0.0183087 -0.00664765           0  -0.0108256
-0.00271064   0.0140559   0.0108256           0
Repeater1[0]<--->EndNode1[0]
REAL
   0.368159  0.00261934 -0.00279043    0.200532
 0.00261934     0.14801   0.0491563 0.000922438
-0.00279043   0.0491563    0.139303   -0.010714
   0.200532 0.000922438   -0.010714    0.344527
IMAGINARY
          0  -0.0054486  -0.0193923   0.0141915
  0.0054486           0   0.0108085 -0.00616475
  0.0193923  -0.0108085           0   0.0257631
 -0.0141915  0.00616475  -0.0257631           0
Repeater1[0]<--->HoM1[0]
REAL
  0.395349  -0.033294 -0.0231228    0.20417
 -0.033294  0.0956072  0.0358831 -0.0100337
-0.0231228  0.0358831   0.135659 0.00544257
   0.20417 -0.0100337 0.00544257   0.373385
IMAGINARY
          0   0.0183087  0.00778797  0.00271064
 -0.0183087           0 -0.00664765  -0.0108256
-0.00778797  0.00664765           0  -0.0140559
-0.00271064   0.0108256   0.0140559           0
EndNode1[0]<--->Repeater1[0]
REAL
   0.382429  0.00274136   0.0313448    0.206181
 0.00274136    0.133075   0.0395143  0.00772806
  0.0313448   0.0395143    0.129199 -0.00605261
   0.206181  0.00772806 -0.00605261    0.355297
IMAGINARY
          0   0.0101444 -0.00422549  -0.0162595
 -0.0101444           0  -0.0137533  0.00859503
 0.00422549   0.0137533           0  -0.0157624
  0.0162595 -0.00859503   0.0157624           0
EndNode2[0]<--->HoM1[0]
REAL
   0.370787 -0.00945763 -0.00355671    0.203023
-0.00945763    0.114856   0.0230748 -0.00548721
-0.00355671   0.0230748    0.157303  -0.0202581
   0.203023 -0.00548721  -0.0202581    0.357054
IMAGINARY
          0   -0.015722 -0.00747729 -0.00670893
   0.015722           0   0.0139937   0.0151894
 0.00747729  -0.0139937           0 -0.00355816
 0.00670893  -0.0151894  0.00355816           0
Repeater1[0]<--->EndNode1[0]
REAL
   0.382429   0.0313448  0.00274136    0.206181
  0.0313448    0.129199   0.0395143 -0.00605261
 0.00274136   0.0395143    0.133075  0.00772806
   0.206181 -0.00605261  0.00772806    0.355297
IMAGINARY
          0 -0.00422549   0.0101444  -0.0162595
 0.00422549           0   0.0137533  -0.0157624
 -0.0101444  -0.0137533           0  0.00859503
  0.0162595   0.0157624 -0.00859503           0
Repeater1[0]<--->HoM1[0]
REAL
   0.370787 -0.00355671 -0.00945763    0.203023
-0.00355671    0.157303   0.0230748  -0.0202581
-0.00945763   0.0230748    0.114856 -0.00548721
   0.203023  -0.0202581 -0.00548721    0.357054
IMAGINARY
          0 -0.00747729   -0.015722 -0.00670893
 0.00747729           0  -0.0139937 -0.00355816
   0.015722   0.0139937           0   0.0151894
 0.00670893  0.00355816  -0.0151894           0
EndNode1[0]<--->Repeater1[0]
REAL
   0.375443 -0.00506688  -0.0111842    0.200312
-0.00506688     0.12987  0.00758249  -0.0111842
 -0.0111842  0.00758249    0.138135    -0.01467
   0.200312  -0.0111842    -0.01467    0.356553
IMAGINARY
          0  0.00963457   0.0200707  0.00886745
-0.00963457           0  0.00287544  -0.0152696
 -0.0200707 -0.00287544           0   0.0102557
-0.00886745   0.0152696  -0.0102557           0
EndNode2[0]<--->HoM1[0]
REAL
  0.383242 0.00364809 0.00327271   0.194865
0.00364809   0.111264  0.0185109  0.0177464
0.00327271  0.0185109   0.145604 -0.0068328
  0.194865  0.0177464 -0.0068328    0.35989
IMAGINARY
          0 -0.00928989  -0.0206245   0.0267747
 0.00928989           0  -0.0199424 -0.00513506
  0.0206245   0.0199424           0   0.0231604
 -0.0267747  0.00513506  -0.0231604           0
Repeater1[0]<--->EndNode1[0]
REAL
   0.375443  -0.0111842 -0.00506688    0.200312
 -0.0111842    0.138135  0.00758249    -0.01467
-0.00506688  0.00758249     0.12987  -0.0111842
   0.200312    -0.01467  -0.0111842    0.356553
IMAGINARY
          0   0.0200707  0.00963457  0.00886745
 -0.0200707           0 -0.00287544   0.0102557
-0.00963457  0.00287544           0  -0.0152696
-0.00886745  -0.0102557   0.0152696           0
Repeater1[0]<--->HoM1[0]
REAL
  0.383242 0.00327271 0.00364809   0.194865
0.00327271   0.145604  0.0185109 -0.0068328
0.00364809  0.0185109   0.111264  0.0177464
  0.194865 -0.0068328  0.0177464    0.35989
IMAGINARY
          0  -0.0206245 -0.00928989   0.0267747
  0.0206245           0   0.0199424   0.0231604
 0.00928989  -0.0199424           0 -0.00513506
 -0.0267747  -0.0231604  0.00513506           0
EndNode1[0]<--->Repeater1[0]
REAL
  0.383459  0.0289824  0.0154607   0.207472
 0.0289824    0.16416  0.0448957  0.0244581
 0.0154607  0.0448957   0.122807 0.00958319
  0.207472  0.0244581 0.00958319   0.329574
IMAGINARY
          0 -0.00222834  0.00410527   0.0121522
 0.00222834           0 -0.00303765  0.00877817
-0.00410527  0.00303765           0   -0.019244
 -0.0121522 -0.00877817    0.019244           0
EndNode2[0]<--->HoM1[0]
REAL
   0.377632   -0.010259  -0.0166376    0.188745
  -0.010259    0.131579   0.0571041   -0.012098
 -0.0166376   0.0571041    0.131579 0.000680483
   0.188745   -0.012098 0.000680483    0.359211
IMAGINARY
          0  0.00974026 -0.00400744 -0.00280894
-0.00974026           0   0.0164986  0.00105585
 0.00400744  -0.0164986           0  0.00974026
 0.00280894 -0.00105585 -0.00974026           0
Repeater1[0]<--->EndNode1[0]
REAL
  0.383459  0.0154607  0.0289824   0.207472
 0.0154607   0.122807  0.0448957 0.00958319
 0.0289824  0.0448957    0.16416  0.0244581
  0.207472 0.00958319  0.0244581   0.329574
IMAGINARY
          0  0.00410527 -0.00222834   0.0121522
-0.00410527           0  0.00303765   -0.019244
 0.00222834 -0.00303765           0  0.00877817
 -0.0121522    0.019244 -0.00877817           0
Repeater1[0]<--->HoM1[0]
REAL
   0.377632  -0.0166376   -0.010259    0.188745
 -0.0166376    0.131579   0.0571041 0.000680483
  -0.010259   0.0571041    0.131579   -0.012098
   0.188745 0.000680483   -0.012098    0.359211
IMAGINARY
          0 -0.00400744  0.00974026 -0.00280894
 0.00400744           0  -0.0164986  0.00974026
-0.00974026   0.0164986           0  0.00105585
 0.00280894 -0.00974026 -0.00105585           0
EndNode1[0]<--->Repeater1[0]
REAL
    0.388375  -0.00725647    0.0276313     0.209443
 -0.00725647     0.133421    0.0493447 -0.000358547
   0.0276313    0.0493447     0.124174  -0.00789504
    0.209443 -0.000358547  -0.00789504     0.354029
IMAGINARY
          0   -0.015483  0.00639579   -0.013733
   0.015483           0 -0.00166188  0.00838254
-0.00639579  0.00166188           0   -0.028852
   0.013733 -0.00838254    0.028852           0
EndNode2[0]<--->HoM1[0]
REAL
   0.347884 -0.00614316  0.00735905    0.188392
-0.00614316    0.133598   0.0430656   0.0105438
 0.00735905   0.0430656    0.136243   0.0214884
   0.188392   0.0105438   0.0214884    0.382275
IMAGINARY
          0  0.00365865   0.0040811    0.018992
-0.00365865           0    -0.01218 -0.00984295
 -0.0040811     0.01218           0   0.0110661
  -0.018992  0.00984295  -0.0110661           0
Repeater1[0]<--->EndNode1[0]
REAL
    0.388375    0.0276313  -0.00725647     0.209443
   0.0276313     0.124174    0.0493447  -0.00789504
 -0.00725647    0.0493447     0.133421 -0.000358547
    0.209443  -0.00789504 -0.000358547     0.354029
IMAGINARY
          0  0.00639579   -0.015483   -0.013733
-0.00639579           0  0.00166188   -0.028852
   0.015483 -0.00166188           0  0.00838254
   0.013733    0.028852 -0.00838254           0
Repeater1[0]<--->HoM1[0]
REAL
   0.347884  0.00735905 -0.00614316    0.188392
 0.00735905    0.136243   0.0430656   0.0214884
-0.00614316   0.0430656    0.133598   0.0105438
   0.188392   0.0214884   0.0105438    0.382275
IMAGINARY
          0   0.0040811  0.00365865    0.018992
 -0.0040811           0     0.01218   0.0110661
-0.00365865    -0.01218           0 -0.00984295
  -0.018992  -0.0110661  0.00984295           0
EndNode1[0]<--->Repeater1[0]
REAL
   0.348344  0.00253657 -0.00594108    0.185173
 0.00253657    0.149669   0.0274554  -0.0159661
-0.00594108   0.0274554     0.14702  -0.0231551
   0.185173  -0.0159661  -0.0231551    0.354967
IMAGINARY
          0   0.0143817 -0.00597695  -0.0129139
 -0.0143817           0   0.0129139 -0.00409016
 0.00597695  -0.0129139           0   0.0185042
  0.0129139  0.00409016  -0.0185042           0
EndNode2[0]<--->HoM1[0]
REAL
  0.356147  0.0163907  0.0181717   0.204502
 0.0163907   0.139417  0.0325445 -0.0103997
 0.0181717  0.0325445   0.131812 -0.0176861
  0.204502 -0.0103997 -0.0176861   0.372624
IMAGINARY
           0   -0.0145215   0.00859439    0.0043659
   0.0145215            0    0.0159044   0.00595587
 -0.00859439   -0.0159044            0 -2.87555e-05
  -0.0043659  -0.00595587  2.87555e-05            0
Repeater1[0]<--->EndNode1[0]
REAL
   0.348344 -0.00594108  0.00253657    0.185173
-0.00594108     0.14702   0.0274554  -0.0231551
 0.00253657   0.0274554    0.149669  -0.0159661
   0.185173  -0.0231551  -0.0159661    0.354967
IMAGINARY
          0 -0.00597695   0.0143817  -0.0129139
 0.00597695           0  -0.0129139   0.0185042
 -0.0143817   0.0129139           0 -0.00409016
  0.0129139  -0.0185042  0.00409016           0
Repeater1[0]<--->HoM1[0]
REAL
  0.356147  0.0181717  0.0163907   0.204502
 0.0181717   0.131812  0.0325445 -0.0176861
 0.0163907  0.0325445   0.139417 -0.0103997
  0.204502 -0.0176861 -0.0103997   0.372624
IMAGINARY
           0   0.00859439   -0.0145215    0.0043659
 -0.00859439            0   -0.0159044 -2.87555e-05
   0.0145215    0.0159044            0   0.00595587
  -0.0043659  2.87555e-05  -0.00595587            0
EndNode1[0]<--->Repeater1[0]
REAL
   0.371465 -0.00162409  -0.0126993    0.195075
-0.00162409    0.138817    0.041962  0.00776104
 -0.0126993    0.041962    0.154242  -0.0218327
   0.195075  0.00776104  -0.0218327    0.335476
IMAGINARY
           0 -0.000317662    0.0194933    0.0072378
 0.000317662            0    0.0158798  -0.00488086
  -0.0194933   -0.0158798            0 -0.000317662
  -0.0072378   0.00488086  0.000317662            0
EndNode2[0]<--->HoM1[0]
REAL
   0.357326  0.00584619 -0.00616152    0.210311
 0.00584619    0.125964   0.0503615  -0.0113029
-0.00616152   0.0503615    0.143959  0.00903091
   0.210311  -0.0113029  0.00903091    0.372751
IMAGINARY
          0  -0.0112019 -0.00217585   0.0129271
  0.0112019           0  -0.0122718 -0.00412138
 0.00217585   0.0122718           0  0.00994242
 -0.0129271  0.00412138 -0.00994242           0
Repeater1[0]<--->EndNode1[0]
REAL
   0.371465  -0.0126993 -0.00162409    0.195075
 -0.0126993    0.154242    0.041962  -0.0218327
-0.00162409    0.041962    0.138817  0.00776104
   0.195075  -0.0218327  0.00776104    0.335476
IMAGINARY
           0    0.0194933 -0.000317662    0.0072378
  -0.0194933            0   -0.0158798 -0.000317662
 0.000317662    0.0158798            0  -0.00488086
  -0.0072378  0.000317662   0.00488086            0
Repeater1[0]<--->HoM1[0]
REAL
   0.357326 -0.00616152  0.00584619    0.210311
-0.00616152    0.143959   0.0503615  0.00903091
 0.00584619   0.0503615    0.125964  -0.0113029
   0.210311  0.00903091  -0.0113029    0.372751
IMAGINARY
          0 -0.00217585  -0.0112019   0.0129271
 0.00217585           0   0.0122718  0.00994242
  0.0112019  -0.0122718           0 -0.00412138
 -0.0129271 -0.00994242  0.00412138           0
EndNode1[0]<--->Repeater1[0]
REAL
    0.421702    0.0186426   0.00433912     0.185442
   0.0186426     0.128237    0.0205768  -0.00433912
  0.00433912    0.0205768     0.131936 -0.000124119
    0.185442  -0.00433912 -0.000124119     0.318126
IMAGINARY
          0   -0.021811  0.00138353  -0.0128822
   0.021811           0  0.00907512   -0.010843
-0.00138353 -0.00907512           0  0.00154069
  0.0128822    0.010843 -0.00154069           0
EndNode2[0]<--->HoM1[0]
REAL
   0.406444   0.0066313   0.0168361    0.219466
  0.0066313    0.122677   0.0378282  -0.0168361
  0.0168361   0.0378282    0.106568 -0.00265252
   0.219466  -0.0168361 -0.00265252    0.364312
IMAGINARY
           0  0.000481683    0.0101432    0.0189995
-0.000481683            0    -0.000481  -0.00287766
  -0.0101432     0.000481            0    0.0199939
  -0.0189995   0.00287766   -0.0199939            0
Repeater1[0]<--->EndNode1[0]
REAL
    0.421702   0.00433912    0.0186426     0.185442
  0.00433912     0.131936    0.0205768 -0.000124119
   0.0186426    0.0205768     0.128237  -0.00433912
    0.185442 -0.000124119  -0.00433912     0.318126
IMAGINARY
          0  0.00138353   -0.021811  -0.0128822
-0.00138353           0 -0.00907512  0.00154069
   0.021811  0.00907512           0   -0.010843
  0.0128822 -0.00154069    0.010843           0
Repeater1[0]<--->HoM1[0]
REAL
   0.406444   0.0168361   0.0066313    0.219466
  0.0168361    0.106568   0.0378282 -0.00265252
  0.0066313   0.0378282    0.122677  -0.0168361
   0.219466 -0.00265252  -0.0168361    0.364312
IMAGINARY
           0    0.0101432  0.000481683    0.0189995
  -0.0101432            0     0.000481    0.0199939
-0.000481683    -0.000481            0  -0.00287766
  -0.0189995   -0.0199939   0.00287766            0
EndNode1[0]<--->Repeater1[0]
REAL
   0.403329  -0.0138742 -0.00435568    0.208497
 -0.0138742    0.110115   0.0197215   0.0102074
-0.00435568   0.0197215    0.143406   0.0184256
   0.208497   0.0102074   0.0184256     0.34315
IMAGINARY
          0  -0.0144133  -0.0135642   0.0110303
  0.0144133           0  0.00689803   0.0326969
  0.0135642 -0.00689803           0   0.0105867
 -0.0110303  -0.0326969  -0.0105867           0
EndNode2[0]<--->HoM1[0]
REAL
    0.36796 -0.00961538  0.00901313    0.208235
-0.00961538    0.152691   0.0331015   -0.012726
 0.00901313   0.0331015    0.110138  0.00961538
   0.208235   -0.012726  0.00961538    0.369212
IMAGINARY
          0   0.0196947  -0.0110644   0.0294416
 -0.0196947           0  0.00277491   0.0124013
  0.0110644 -0.00277491           0  -0.0170209
 -0.0294416  -0.0124013   0.0170209           0
Repeater1[0]<--->EndNode1[0]
REAL
   0.403329 -0.00435568  -0.0138742    0.208497
-0.00435568    0.143406   0.0197215   0.0184256
 -0.0138742   0.0197215    0.110115   0.0102074
   0.208497   0.0184256   0.0102074     0.34315
IMAGINARY
          0  -0.0135642  -0.0144133   0.0110303
  0.0135642           0 -0.00689803   0.0105867
  0.0144133  0.00689803           0   0.0326969
 -0.0110303  -0.0105867  -0.0326969           0
Repeater1[0]<--->HoM1[0]
REAL
    0.36796  0.00901313 -0.00961538    0.208235
 0.00901313    0.110138   0.0331015  0.00961538
-0.00961538   0.0331015    0.152691   -0.012726
   0.208235  0.00961538   -0.012726    0.369212
IMAGINARY
          0  -0.0110644   0.0196947   0.0294416
  0.0110644           0 -0.00277491  -0.0170209
 -0.0196947  0.00277491           0   0.0124013
 -0.0294416   0.0170209  -0.0124013           0
EndNode1[0]<--->Repeater1[0]
REAL
  0.393979 -0.0056065 -0.0124208   0.221801
-0.0056065   0.158377  0.0502581  0.0197737
-0.0124208  0.0502581   0.133508  0.0129594
  0.221801  0.0197737  0.0129594   0.314136
IMAGINARY
          0   0.0121105  -0.0166091  0.00774231
 -0.0121105           0  -0.0233886 -0.00599732
  0.0166091   0.0233886           0  0.00650652
-0.00774231  0.00599732 -0.00650652           0
EndNode2[0]<--->HoM1[0]
REAL
    0.35324 -0.00503979  -0.0229807    0.173638
-0.00503979    0.155019   0.0226482  -0.0128284
 -0.0229807   0.0226482    0.138501   0.0103448
   0.173638  -0.0128284   0.0103448     0.35324
IMAGINARY
           0     0.012112   0.00928218    0.0162122
   -0.012112            0 -0.000369397   0.00928218
 -0.00928218  0.000369397            0   0.00150189
  -0.0162122  -0.00928218  -0.00150189            0
Repeater1[0]<--->EndNode1[0]
REAL
  0.393979 -0.0124208 -0.0056065   0.221801
-0.0124208   0.133508  0.0502581  0.0129594
-0.0056065  0.0502581   0.158377  0.0197737
  0.221801  0.0129594  0.0197737   0.314136
IMAGINARY
          0  -0.0166091   0.0121105  0.00774231
  0.0166091           0   0.0233886  0.00650652
 -0.0121105  -0.0233886           0 -0.00599732
-0.00774231 -0.00650652  0.00599732           0
Repeater1[0]<--->HoM1[0]
REAL
    0.35324  -0.0229807 -0.00503979    0.173638
 -0.0229807    0.138501   0.0226482   0.0103448
-0.00503979   0.0226482    0.155019  -0.0128284
   0.173638   0.0103448  -0.0128284     0.35324
IMAGINARY
           0   0.00928218     0.012112    0.0162122
 -0.00928218            0  0.000369397   0.00150189
   -0.012112 -0.000369397            0   0.00928218
  -0.0162122  -0.00150189  -0.00928218            0
EndNode1[0]<--->Repeater1[0]
REAL
   0.351145 -2.3416e-05  0.00418269    0.179685
-2.3416e-05    0.139949   0.0381994    0.014709
 0.00418269   0.0381994    0.128499  -0.0113116
   0.179685    0.014709  -0.0113116    0.380407
IMAGINARY
          0  -0.0014914  -0.0153674  -0.0138262
  0.0014914           0 -0.00931006  -0.0147222
  0.0153674  0.00931006           0  0.00853366
  0.0138262   0.0147222 -0.00853366           0
EndNode2[0]<--->HoM1[0]
REAL
