EndNode1[0]<--->Repeater1[0]
REAL
    0.375788 -0.000404472  0.000626566     0.308323
-0.000404472     0.143758    0.0626046    -0.014411
 0.000626566    0.0626046     0.121059     0.005417
    0.308323    -0.014411     0.005417     0.359395
IMAGINARY
          0  0.00307717   0.0162183 -0.00413546
-0.00307717           0 -0.00975343  -0.0181946
 -0.0162183  0.00975343           0   0.0265671
 0.00413546   0.0181946  -0.0265671           0
EndNode2[0]<--->HoM1[0]
REAL
   0.348985 -0.00692556  -0.0150045    0.273606
-0.00692556    0.123096    0.066289  0.00844286
 -0.0150045    0.066289    0.128173  -0.0101348
   0.273606  0.00844286  -0.0101348    0.399746
IMAGINARY
           0    0.0115458   -0.0135832   -0.0163918
  -0.0115458            0 -0.000668549   0.00267173
   0.0135832  0.000668549            0    0.0173373
   0.0163918  -0.00267173   -0.0173373            0
Repeater1[0]<--->EndNode1[0]
REAL
    0.375788  0.000626566 -0.000404472     0.308323
 0.000626566     0.121059    0.0626046     0.005417
-0.000404472    0.0626046     0.143758    -0.014411
    0.308323     0.005417    -0.014411     0.359395
IMAGINARY
          0   0.0162183  0.00307717 -0.00413546
 -0.0162183           0  0.00975343   0.0265671
-0.00307717 -0.00975343           0  -0.0181946
 0.00413546  -0.0265671   0.0181946           0
Repeater1[0]<--->HoM1[0]
REAL
   0.348985  -0.0150045 -0.00692556    0.273606
 -0.0150045    0.128173    0.066289  -0.0101348
-0.00692556    0.066289    0.123096  0.00844286
   0.273606  -0.0101348  0.00844286    0.399746
IMAGINARY
           0   -0.0135832    0.0115458   -0.0163918
   0.0135832            0  0.000668549    0.0173373
  -0.0115458 -0.000668549            0   0.00267173
   0.0163918   -0.0173373  -0.00267173            0
EndNode1[0]<--->Repeater1[0]
REAL
   0.370572  0.00121606 -0.00362334    0.309219
 0.00121606     0.13624   0.0696097    0.001626
-0.00362334   0.0696097     0.13079 -0.00188184
   0.309219    0.001626 -0.00188184    0.362398
IMAGINARY
          0 -0.00850244   0.0148772 -0.00799103
 0.00850244           0  -0.0242883 -0.00631978
 -0.0148772   0.0242883           0  -0.0135024
 0.00799103  0.00631978   0.0135024           0
EndNode2[0]<--->HoM1[0]
REAL
  0.362821  0.0155323 0.00380152   0.275223
 0.0155323   0.116667  0.0653384 0.00257603
0.00380152  0.0653384   0.142308  0.0023248
  0.275223 0.00257603  0.0023248   0.378205
IMAGINARY
           0  0.000235798   0.00386664    0.0133987
-0.000235798            0    0.0133987   0.00319369
 -0.00386664   -0.0133987            0   0.00554084
  -0.0133987  -0.00319369  -0.00554084            0
Repeater1[0]<--->EndNode1[0]
REAL
   0.370572 -0.00362334  0.00121606    0.309219
-0.00362334     0.13079   0.0696097 -0.00188184
 0.00121606   0.0696097     0.13624    0.001626
   0.309219 -0.00188184    0.001626    0.362398
IMAGINARY
          0   0.0148772 -0.00850244 -0.00799103
 -0.0148772           0   0.0242883  -0.0135024
 0.00850244  -0.0242883           0 -0.00631978
 0.00799103   0.0135024  0.00631978           0
Repeater1[0]<--->HoM1[0]
REAL
  0.362821 0.00380152  0.0155323   0.275223
0.00380152   0.142308  0.0653384  0.0023248
 0.0155323  0.0653384   0.116667 0.00257603
  0.275223  0.0023248 0.00257603   0.378205
IMAGINARY
           0   0.00386664  0.000235798    0.0133987
 -0.00386664            0   -0.0133987   0.00554084
-0.000235798    0.0133987            0   0.00319369
  -0.0133987  -0.00554084  -0.00319369            0
EndNode1[0]<--->Repeater1[0]
REAL
  0.374536 0.00675877  0.0127479   0.286403
0.00675877   0.133498  0.0581566 -0.0075666
 0.0127479  0.0581566   0.137206 -0.0326655
  0.286403 -0.0075666 -0.0326655   0.354759
IMAGINARY
          0 -0.00720989  0.00544383    0.012167
 0.00720989           0  0.00894119   0.0086124
-0.00544383 -0.00894119           0   0.0105566
  -0.012167  -0.0086124  -0.0105566           0
EndNode2[0]<--->HoM1[0]
REAL
  0.358344 0.00821029  0.0217944   0.285181
0.00821029   0.139715  0.0558173 -0.0158812
 0.0217944  0.0558173   0.134541 0.00427328
  0.285181 -0.0158812 0.00427328     0.3674
IMAGINARY
          0   0.0229056 -0.00756642  0.00262151
 -0.0229056           0  0.00635285  -0.0174674
 0.00756642 -0.00635285           0   0.0102473
-0.00262151   0.0174674  -0.0102473           0
Repeater1[0]<--->EndNode1[0]
REAL
  0.374536  0.0127479 0.00675877   0.286403
 0.0127479   0.137206  0.0581566 -0.0326655
0.00675877  0.0581566   0.133498 -0.0075666
  0.286403 -0.0326655 -0.0075666   0.354759
IMAGINARY
          0  0.00544383 -0.00720989    0.012167
-0.00544383           0 -0.00894119   0.0105566
 0.00720989  0.00894119           0   0.0086124
  -0.012167  -0.0105566  -0.0086124           0
Repeater1[0]<--->HoM1[0]
REAL
  0.358344  0.0217944 0.00821029   0.285181
 0.0217944   0.134541  0.0558173 0.00427328
0.00821029  0.0558173   0.139715 -0.0158812
  0.285181 0.00427328 -0.0158812     0.3674
IMAGINARY
          0 -0.00756642   0.0229056  0.00262151
 0.00756642           0 -0.00635285   0.0102473
 -0.0229056  0.00635285           0  -0.0174674
-0.00262151  -0.0102473   0.0174674           0
EndNode1[0]<--->Repeater1[0]
REAL
   0.351135  0.00168872  -0.0135738    0.303039
 0.00168872    0.149533   0.0502581   0.0061714
 -0.0135738   0.0502581    0.124166 -0.00774524
   0.303039   0.0061714 -0.00774524    0.375167
IMAGINARY
           0   0.00441528 -0.000342018   0.00528039
 -0.00441528            0   0.00277413  0.000960065
 0.000342018  -0.00277413            0  -0.00997771
 -0.00528039 -0.000960065   0.00997771            0
EndNode2[0]<--->HoM1[0]
REAL
    0.372354   0.00797963  -0.00223717     0.279738
  0.00797963     0.138232    0.0702618    0.0153951
 -0.00223717    0.0702618      0.11457 -8.48896e-05
    0.279738    0.0153951 -8.48896e-05     0.374844
IMAGINARY
          0 -0.00262839   0.0125456  0.00652452
 0.00262839           0  0.00156174 -0.00755812
 -0.0125456 -0.00156174           0  0.00636904
-0.00652452  0.00755812 -0.00636904           0
Repeater1[0]<--->EndNode1[0]
REAL
   0.351135  -0.0135738  0.00168872    0.303039
 -0.0135738    0.124166   0.0502581 -0.00774524
 0.00168872   0.0502581    0.149533   0.0061714
   0.303039 -0.00774524   0.0061714    0.375167
IMAGINARY
           0 -0.000342018   0.00441528   0.00528039
 0.000342018            0  -0.00277413  -0.00997771
 -0.00441528   0.00277413            0  0.000960065
 -0.00528039   0.00997771 -0.000960065            0
Repeater1[0]<--->HoM1[0]
REAL
    0.372354  -0.00223717   0.00797963     0.279738
 -0.00223717      0.11457    0.0702618 -8.48896e-05
  0.00797963    0.0702618     0.138232    0.0153951
    0.279738 -8.48896e-05    0.0153951     0.374844
IMAGINARY
          0   0.0125456 -0.00262839  0.00652452
 -0.0125456           0 -0.00156174  0.00636904
 0.00262839  0.00156174           0 -0.00755812
-0.00652452 -0.00636904  0.00755812           0
EndNode1[0]<--->Repeater1[0]
REAL
   0.379355 -0.00270208 -0.00510204    0.282984
-0.00270208    0.129032   0.0486088  0.00510204
-0.00510204   0.0486088    0.136774 -0.00904726
   0.282984  0.00510204 -0.00904726    0.354839
IMAGINARY
         0 -0.0259862 -0.0146322  0.0128147
 0.0259862          0  0.0211161 -0.0127116
 0.0146322 -0.0211161          0 -0.0117743
-0.0128147  0.0127116  0.0117743          0
EndNode2[0]<--->HoM1[0]
REAL
    0.387399  -0.00022019  -0.00844476     0.288952
 -0.00022019     0.132708    0.0653531 -0.000164508
 -0.00844476    0.0653531     0.128686   0.00485595
    0.288952 -0.000164508   0.00485595     0.351206
IMAGINARY
           0   0.00111626   0.00879747 -7.79331e-06
 -0.00111626            0  -0.00124849   -0.0159683
 -0.00879747   0.00124849            0   0.00605453
 7.79331e-06    0.0159683  -0.00605453            0
Repeater1[0]<--->EndNode1[0]
REAL
   0.379355 -0.00510204 -0.00270208    0.282984
-0.00510204    0.136774   0.0486088 -0.00904726
-0.00270208   0.0486088    0.129032  0.00510204
   0.282984 -0.00904726  0.00510204    0.354839
IMAGINARY
         0 -0.0146322 -0.0259862  0.0128147
 0.0146322          0 -0.0211161 -0.0117743
 0.0259862  0.0211161          0 -0.0127116
-0.0128147  0.0117743  0.0127116          0
Repeater1[0]<--->HoM1[0]
REAL
    0.387399  -0.00844476  -0.00022019     0.288952
 -0.00844476     0.128686    0.0653531   0.00485595
 -0.00022019    0.0653531     0.132708 -0.000164508
    0.288952   0.00485595 -0.000164508     0.351206
IMAGINARY
           0   0.00879747   0.00111626 -7.79331e-06
 -0.00879747            0   0.00124849   0.00605453
 -0.00111626  -0.00124849            0   -0.0159683
 7.79331e-06  -0.00605453    0.0159683            0
EndNode1[0]<--->Repeater1[0]
REAL
   0.364557 -0.00455014     0.00988     0.28717
-0.00455014    0.131646   0.0547374 -0.00925265
    0.00988   0.0547374    0.148101  0.00517749
    0.28717 -0.00925265  0.00517749    0.355696
IMAGINARY
           0    0.0028757   0.00931045 -0.000536227
  -0.0028757            0   -0.0203251    0.0150139
 -0.00931045    0.0203251            0   -0.0055784
 0.000536227   -0.0150139    0.0055784            0
EndNode2[0]<--->HoM1[0]
REAL
    0.381313  -0.00645768   0.00834103     0.309849
 -0.00645768        0.125    0.0455435  -0.00343907
  0.00834103    0.0455435     0.131313 -0.000895259
    0.309849  -0.00343907 -0.000895259     0.362374
IMAGINARY
          0  0.00741648  -0.0179085  -0.0126479
-0.00741648           0  -0.0159591   0.0192709
  0.0179085   0.0159591           0 -0.00196689
  0.0126479  -0.0192709  0.00196689           0
Repeater1[0]<--->EndNode1[0]
REAL
   0.364557     0.00988 -0.00455014     0.28717
    0.00988    0.148101   0.0547374  0.00517749
-0.00455014   0.0547374    0.131646 -0.00925265
    0.28717  0.00517749 -0.00925265    0.355696
IMAGINARY
           0   0.00931045    0.0028757 -0.000536227
 -0.00931045            0    0.0203251   -0.0055784
  -0.0028757   -0.0203251            0    0.0150139
 0.000536227    0.0055784   -0.0150139            0
Repeater1[0]<--->HoM1[0]
REAL
    0.381313   0.00834103  -0.00645768     0.309849
  0.00834103     0.131313    0.0455435 -0.000895259
 -0.00645768    0.0455435        0.125  -0.00343907
    0.309849 -0.000895259  -0.00343907     0.362374
IMAGINARY
          0  -0.0179085  0.00741648  -0.0126479
  0.0179085           0   0.0159591 -0.00196689
-0.00741648  -0.0159591           0   0.0192709
  0.0126479  0.00196689  -0.0192709           0
EndNode1[0]<--->Repeater1[0]
REAL
     0.3775  -0.0113605  0.00988335    0.300352
 -0.0113605       0.135   0.0361029  -0.0279857
 0.00988335   0.0361029        0.13 -0.00549346
   0.300352  -0.0279857 -0.00549346      0.3575
IMAGINARY
           0    -0.031709  -0.00715127  -0.00706307
    0.031709            0    0.0191274     0.013628
  0.00715127   -0.0191274            0 -0.000674468
  0.00706307    -0.013628  0.000674468            0
EndNode2[0]<--->HoM1[0]
REAL
  0.37485  0.029004 0.0183286  0.299667
 0.029004  0.138922 0.0700694 0.0224609
0.0183286 0.0700694  0.122156 0.0236276
 0.299667 0.0224609 0.0236276  0.364072
IMAGINARY
          0 -0.00626479 -0.00682538    0.014033
 0.00626479           0   0.0166304  0.00865242
 0.00682538  -0.0166304           0  -0.0174867
  -0.014033 -0.00865242   0.0174867           0
Repeater1[0]<--->EndNode1[0]
REAL
     0.3775  0.00988335  -0.0113605    0.300352
 0.00988335        0.13   0.0361029 -0.00549346
 -0.0113605   0.0361029       0.135  -0.0279857
   0.300352 -0.00549346  -0.0279857      0.3575
IMAGINARY
           0  -0.00715127    -0.031709  -0.00706307
  0.00715127            0   -0.0191274 -0.000674468
    0.031709    0.0191274            0     0.013628
  0.00706307  0.000674468    -0.013628            0
Repeater1[0]<--->HoM1[0]
REAL
  0.37485 0.0183286  0.029004  0.299667
0.0183286  0.122156 0.0700694 0.0236276
 0.029004 0.0700694  0.138922 0.0224609
 0.299667 0.0236276 0.0224609  0.364072
IMAGINARY
          0 -0.00682538 -0.00626479    0.014033
 0.00682538           0  -0.0166304  -0.0174867
 0.00626479   0.0166304           0  0.00865242
  -0.014033   0.0174867 -0.00865242           0
EndNode1[0]<--->Repeater1[0]
REAL
   0.390488  -0.0102996  -0.0243611     0.29488
 -0.0102996    0.105131   0.0573174 -0.00160428
 -0.0243611   0.0573174    0.132666  -0.0249867
    0.29488 -0.00160428  -0.0249867    0.371715
IMAGINARY
          0  -0.0155178  -0.0105521   0.0203636
  0.0155178           0  0.00727459  0.00557695
  0.0105521 -0.00727459           0   0.0167615
 -0.0203636 -0.00557695  -0.0167615           0
EndNode2[0]<--->HoM1[0]
REAL
    0.38295  0.00713481  0.00294939    0.290223
 0.00713481    0.121786   0.0538838 -0.00611796
 0.00294939   0.0538838    0.121786 -0.00903595
   0.290223 -0.00611796 -0.00903595    0.373478
IMAGINARY
           0    -0.012214  -0.00450682   0.00537157
    0.012214            0    0.0122898   0.00177458
  0.00450682   -0.0122898            0 -8.11297e-05
 -0.00537157  -0.00177458  8.11297e-05            0
Repeater1[0]<--->EndNode1[0]
REAL
   0.390488  -0.0243611  -0.0102996     0.29488
 -0.0243611    0.132666   0.0573174  -0.0249867
 -0.0102996   0.0573174    0.105131 -0.00160428
    0.29488  -0.0249867 -0.00160428    0.371715
IMAGINARY
          0  -0.0105521  -0.0155178   0.0203636
  0.0105521           0 -0.00727459   0.0167615
  0.0155178  0.00727459           0  0.00557695
 -0.0203636  -0.0167615 -0.00557695           0
Repeater1[0]<--->HoM1[0]
REAL
    0.38295  0.00294939  0.00713481    0.290223
 0.00294939    0.121786   0.0538838 -0.00903595
 0.00713481   0.0538838    0.121786 -0.00611796
   0.290223 -0.00903595 -0.00611796    0.373478
IMAGINARY
           0  -0.00450682    -0.012214   0.00537157
  0.00450682            0   -0.0122898 -8.11297e-05
    0.012214    0.0122898            0   0.00177458
 -0.00537157  8.11297e-05  -0.00177458            0
EndNode1[0]<--->Repeater1[0]
REAL
  0.359593 -0.0147614  0.0154661   0.284373
-0.0147614   0.146125  0.0676174 0.00940955
 0.0154661  0.0676174   0.143583  0.0309305
  0.284373 0.00940955  0.0309305   0.350699
IMAGINARY
          0  -0.0075438   0.0180766 -0.00144579
  0.0075438           0 -0.00742188  0.00452979
 -0.0180766  0.00742188           0  -0.0110732
 0.00144579 -0.00452979   0.0110732           0
EndNode2[0]<--->HoM1[0]
REAL
   0.356952   0.0127518  0.00641729     0.29329
  0.0127518    0.100267   0.0727929 -0.00203682
 0.00641729   0.0727929    0.141711  -0.0146291
    0.29329 -0.00203682  -0.0146291     0.40107
IMAGINARY
          0   0.0192473   0.0140969  0.00261167
 -0.0192473           0 -0.00190446  -0.0196869
 -0.0140969  0.00190446           0   -0.012415
-0.00261167   0.0196869    0.012415           0
Repeater1[0]<--->EndNode1[0]
REAL
  0.359593  0.0154661 -0.0147614   0.284373
 0.0154661   0.143583  0.0676174  0.0309305
-0.0147614  0.0676174   0.146125 0.00940955
  0.284373  0.0309305 0.00940955   0.350699
IMAGINARY
          0   0.0180766  -0.0075438 -0.00144579
 -0.0180766           0  0.00742188  -0.0110732
  0.0075438 -0.00742188           0  0.00452979
 0.00144579   0.0110732 -0.00452979           0
Repeater1[0]<--->HoM1[0]
REAL
   0.356952  0.00641729   0.0127518     0.29329
 0.00641729    0.141711   0.0727929  -0.0146291
  0.0127518   0.0727929    0.100267 -0.00203682
    0.29329  -0.0146291 -0.00203682     0.40107
IMAGINARY
          0   0.0140969   0.0192473  0.00261167
 -0.0140969           0  0.00190446   -0.012415
 -0.0192473 -0.00190446           0  -0.0196869
-0.00261167    0.012415   0.0196869           0
EndNode1[0]<--->Repeater1[0]
REAL
  0.354545 0.00961204  0.0134237   0.291582
0.00961204   0.148052  0.0614646 -0.0128263
 0.0134237  0.0614646   0.144156 0.00173802
  0.291582 -0.0128263 0.00173802   0.353247
IMAGINARY
          0   0.0122265 -0.00736952  -0.0267564
 -0.0122265           0 -0.00640013  0.00411007
 0.00736952  0.00640013           0  0.00276701
  0.0267564 -0.00411007 -0.00276701           0
EndNode2[0]<--->HoM1[0]
REAL
    0.36809 -0.00468949  0.00227737    0.295642
-0.00468949    0.125628   0.0607339  0.00107833
 0.00227737   0.0607339    0.120603  0.00670291
   0.295642  0.00107833  0.00670291    0.385678
IMAGINARY
          0  -0.0180102  0.00786199  -0.0032223
  0.0180102           0  0.00122497 -0.00130031
-0.00786199 -0.00122497           0  -0.0121736
  0.0032223  0.00130031   0.0121736           0
Repeater1[0]<--->EndNode1[0]
REAL
  0.354545  0.0134237 0.00961204   0.291582
 0.0134237   0.144156  0.0614646 0.00173802
0.00961204  0.0614646   0.148052 -0.0128263
  0.291582 0.00173802 -0.0128263   0.353247
IMAGINARY
          0 -0.00736952   0.0122265  -0.0267564
 0.00736952           0  0.00640013  0.00276701
 -0.0122265 -0.00640013           0  0.00411007
  0.0267564 -0.00276701 -0.00411007           0
Repeater1[0]<--->HoM1[0]
REAL
    0.36809  0.00227737 -0.00468949    0.295642
 0.00227737    0.120603   0.0607339  0.00670291
-0.00468949   0.0607339    0.125628  0.00107833
   0.295642  0.00670291  0.00107833    0.385678
IMAGINARY
          0  0.00786199  -0.0180102  -0.0032223
-0.00786199           0 -0.00122497  -0.0121736
  0.0180102  0.00122497           0 -0.00130031
  0.0032223   0.0121736  0.00130031           0
EndNode1[0]<--->Repeater1[0]
REAL
   0.361299 -0.00140383   0.0117604    0.279727
-0.00140383    0.127199   0.0607638  0.00235007
  0.0117604   0.0607638    0.150203   0.0106063
   0.279727  0.00235007   0.0106063    0.361299
IMAGINARY
          0  0.00995457   0.0183987 -0.00736777
-0.00995457           0   0.0110533  0.00138301
 -0.0183987  -0.0110533           0  -0.0160937
 0.00736777 -0.00138301   0.0160937           0
EndNode2[0]<--->HoM1[0]
REAL
   0.368618 -0.00179084 -0.00846208    0.293358
-0.00179084    0.115816   0.0663136 -0.00101959
-0.00846208   0.0663136    0.139477  -0.0064266
   0.293358 -0.00101959  -0.0064266     0.37609
IMAGINARY
          0  -0.0153632   0.0104454  -0.0300131
  0.0153632           0  -0.0123809 -0.00855857
 -0.0104454   0.0123809           0  0.00970279
  0.0300131  0.00855857 -0.00970279           0
Repeater1[0]<--->EndNode1[0]
REAL
   0.361299   0.0117604 -0.00140383    0.279727
  0.0117604    0.150203   0.0607638   0.0106063
-0.00140383   0.0607638    0.127199  0.00235007
   0.279727   0.0106063  0.00235007    0.361299
IMAGINARY
          0   0.0183987  0.00995457 -0.00736777
 -0.0183987           0  -0.0110533  -0.0160937
-0.00995457   0.0110533           0  0.00138301
 0.00736777   0.0160937 -0.00138301           0
Repeater1[0]<--->HoM1[0]
REAL
   0.368618 -0.00846208 -0.00179084    0.293358
-0.00846208    0.139477   0.0663136  -0.0064266
-0.00179084   0.0663136    0.115816 -0.00101959
   0.293358  -0.0064266 -0.00101959     0.37609
IMAGINARY
          0   0.0104454  -0.0153632  -0.0300131
 -0.0104454           0   0.0123809  0.00970279
  0.0153632  -0.0123809           0 -0.00855857
  0.0300131 -0.00970279  0.00855857           0
EndNode1[0]<--->Repeater1[0]
REAL
  0.355212  0.0178424 0.00824595   0.308262
 0.0178424   0.123552   0.057623  0.0321186
0.00824595   0.057623   0.155727 0.00299092
  0.308262  0.0321186 0.00299092   0.365508
IMAGINARY
          0  -0.0265743 -0.00706932 -0.00779805
  0.0265743           0   0.0370568   0.0211358
 0.00706932  -0.0370568           0 -0.00667379
 0.00779805  -0.0211358  0.00667379           0
EndNode2[0]<--->HoM1[0]
REAL
     0.34359   0.00233042 -5.54712e-06     0.289523
  0.00233042     0.147436    0.0452485    0.0154186
-5.54712e-06    0.0452485     0.120513  -0.00417999
    0.289523    0.0154186  -0.00417999     0.388462
IMAGINARY
          0  -0.0133202  0.00432671  -0.0161498
  0.0133202           0  0.00715242   0.0109405
-0.00432671 -0.00715242           0 -0.00321922
  0.0161498  -0.0109405  0.00321922           0
Repeater1[0]<--->EndNode1[0]
REAL
  0.355212 0.00824595  0.0178424   0.308262
0.00824595   0.155727   0.057623 0.00299092
 0.0178424   0.057623   0.123552  0.0321186
  0.308262 0.00299092  0.0321186   0.365508
IMAGINARY
          0 -0.00706932  -0.0265743 -0.00779805
 0.00706932           0  -0.0370568 -0.00667379
  0.0265743   0.0370568           0   0.0211358
 0.00779805  0.00667379  -0.0211358           0
Repeater1[0]<--->HoM1[0]
REAL
     0.34359 -5.54712e-06   0.00233042     0.289523
-5.54712e-06     0.120513    0.0452485  -0.00417999
  0.00233042    0.0452485     0.147436    0.0154186
    0.289523  -0.00417999    0.0154186     0.388462
IMAGINARY
          0  0.00432671  -0.0133202  -0.0161498
-0.00432671           0 -0.00715242 -0.00321922
  0.0133202  0.00715242           0   0.0109405
  0.0161498  0.00321922  -0.0109405           0
EndNode1[0]<--->Repeater1[0]
REAL
   0.390585  0.00366358 -0.00836476    0.303622
 0.00366358    0.113232   0.0670562  0.00900497
-0.00836476   0.0670562    0.120865 -0.00942542
   0.303622  0.00900497 -0.00942542    0.375318
IMAGINARY
          0 -0.00322073  0.00197891  -0.0330873
 0.00322073           0  -0.0119063  -0.0013236
-0.00197891   0.0119063           0  0.00387604
  0.0330873   0.0013236 -0.00387604           0
EndNode2[0]<--->HoM1[0]
REAL
  0.366584 -0.0174018 -0.0015972   0.290932
-0.0174018   0.144638   0.060213 -0.0123977
-0.0015972   0.060213   0.139651 -0.0080435
  0.290932 -0.0123977 -0.0080435   0.349127
IMAGINARY
          0     0.02034   0.0233163  0.00474062
   -0.02034           0 -0.00790918  -0.0252771
 -0.0233163  0.00790918           0  0.00515016
-0.00474062   0.0252771 -0.00515016           0
Repeater1[0]<--->EndNode1[0]
REAL
   0.390585 -0.00836476  0.00366358    0.303622
-0.00836476    0.120865   0.0670562 -0.00942542
 0.00366358   0.0670562    0.113232  0.00900497
   0.303622 -0.00942542  0.00900497    0.375318
IMAGINARY
          0  0.00197891 -0.00322073  -0.0330873
-0.00197891           0   0.0119063  0.00387604
 0.00322073  -0.0119063           0  -0.0013236
  0.0330873 -0.00387604   0.0013236           0
Repeater1[0]<--->HoM1[0]
REAL
  0.366584 -0.0015972 -0.0174018   0.290932
-0.0015972   0.139651   0.060213 -0.0080435
-0.0174018   0.060213   0.144638 -0.0123977
  0.290932 -0.0080435 -0.0123977   0.349127
IMAGINARY
          0   0.0233163     0.02034  0.00474062
 -0.0233163           0  0.00790918  0.00515016
   -0.02034 -0.00790918           0  -0.0252771
-0.00474062 -0.00515016   0.0252771           0
EndNode1[0]<--->Repeater1[0]
REAL
   0.389313  -0.0162538 -0.00541875    0.289467
 -0.0162538    0.125954   0.0558943   0.0131507
-0.00541875   0.0558943    0.127226   0.0214085
   0.289467   0.0131507   0.0214085    0.357506
IMAGINARY
          0   0.0090243 -0.00935195  -0.0271833
 -0.0090243           0  -0.0113805  0.00278087
 0.00935195   0.0113805           0 -0.00125847
  0.0271833 -0.00278087  0.00125847           0
EndNode2[0]<--->HoM1[0]
REAL
   0.372455 -0.00816527 -0.00194524    0.298496
-0.00816527    0.128144   0.0400054   0.0161571
-0.00194524   0.0400054    0.135329 -0.00475463
   0.298496   0.0161571 -0.00475463    0.364072
IMAGINARY
          0  -0.0329739    0.019404 -0.00657621
  0.0329739           0   0.0242233  -0.0175172
  -0.019404  -0.0242233           0 -0.00916442
 0.00657621   0.0175172  0.00916442           0
Repeater1[0]<--->EndNode1[0]
REAL
   0.389313 -0.00541875  -0.0162538    0.289467
-0.00541875    0.127226   0.0558943   0.0214085
 -0.0162538   0.0558943    0.125954   0.0131507
   0.289467   0.0214085   0.0131507    0.357506
IMAGINARY
          0 -0.00935195   0.0090243  -0.0271833
 0.00935195           0   0.0113805 -0.00125847
 -0.0090243  -0.0113805           0  0.00278087
  0.0271833  0.00125847 -0.00278087           0
Repeater1[0]<--->HoM1[0]
REAL
   0.372455 -0.00194524 -0.00816527    0.298496
-0.00194524    0.135329   0.0400054 -0.00475463
-0.00816527   0.0400054    0.128144   0.0161571
   0.298496 -0.00475463   0.0161571    0.364072
IMAGINARY
          0    0.019404  -0.0329739 -0.00657621
  -0.019404           0  -0.0242233 -0.00916442
  0.0329739   0.0242233           0  -0.0175172
 0.00657621  0.00916442   0.0175172           0
EndNode1[0]<--->Repeater1[0]
REAL
   0.389392  -0.0107629   0.0107092    0.298494
 -0.0107629    0.124191   0.0514429 -0.00377354
  0.0107092   0.0514429    0.104787   0.0189597
   0.298494 -0.00377354   0.0189597     0.38163
IMAGINARY
          0   0.0149749  -0.0157404  0.00877665
 -0.0149749           0 -0.00500781 -0.00457415
  0.0157404  0.00500781           0  0.00927149
-0.00877665  0.00457415 -0.00927149           0
EndNode2[0]<--->HoM1[0]
REAL
   0.353393  -0.0110917  0.00995183    0.303498
 -0.0110917    0.116517   0.0608232  -0.0212584
 0.00995183   0.0608232    0.145967 -0.00523995
   0.303498  -0.0212584 -0.00523995    0.384123
IMAGINARY
          0  0.00381271   0.0109009  0.00294118
-0.00381271           0  0.00294118 -0.00771615
 -0.0109009 -0.00294118           0    0.010837
-0.00294118  0.00771615   -0.010837           0
Repeater1[0]<--->EndNode1[0]
REAL
   0.389392   0.0107092  -0.0107629    0.298494
  0.0107092    0.104787   0.0514429   0.0189597
 -0.0107629   0.0514429    0.124191 -0.00377354
   0.298494   0.0189597 -0.00377354     0.38163
IMAGINARY
          0  -0.0157404   0.0149749  0.00877665
  0.0157404           0  0.00500781  0.00927149
 -0.0149749 -0.00500781           0 -0.00457415
-0.00877665 -0.00927149  0.00457415           0
Repeater1[0]<--->HoM1[0]
REAL
   0.353393  0.00995183  -0.0110917    0.303498
 0.00995183    0.145967   0.0608232 -0.00523995
 -0.0110917   0.0608232    0.116517  -0.0212584
   0.303498 -0.00523995  -0.0212584    0.384123
IMAGINARY
          0   0.0109009  0.00381271  0.00294118
 -0.0109009           0 -0.00294118    0.010837
-0.00381271  0.00294118           0 -0.00771615
-0.00294118   -0.010837  0.00771615           0
EndNode1[0]<--->Repeater1[0]
REAL
   0.358442 -0.00462468  0.00874388    0.300712
-0.00462468    0.124675   0.0525552  0.00666919
 0.00874388   0.0525552    0.127273 -0.00339011
   0.300712  0.00666919 -0.00339011     0.38961
IMAGINARY
           0   0.00628462    0.0177959  -0.00887582
 -0.00628462            0  -0.00354248    0.0043171
  -0.0177959   0.00354248            0 -0.000142115
  0.00887582   -0.0043171  0.000142115            0
EndNode2[0]<--->HoM1[0]
REAL
   0.382793   0.0118435   0.0136036    0.298619
  0.0118435     0.13217   0.0620465   -0.011754
  0.0136036   0.0620465    0.133416 -0.00876089
   0.298619   -0.011754 -0.00876089    0.351621
IMAGINARY
          0   0.0127665 -0.00931486  -0.0374332
 -0.0127665           0 -0.00802139 -0.00475163
 0.00931486  0.00802139           0 -0.00381511
  0.0374332  0.00475163  0.00381511           0
Repeater1[0]<--->EndNode1[0]
REAL
   0.358442  0.00874388 -0.00462468    0.300712
 0.00874388    0.127273   0.0525552 -0.00339011
-0.00462468   0.0525552    0.124675  0.00666919
   0.300712 -0.00339011  0.00666919     0.38961
IMAGINARY
           0    0.0177959   0.00628462  -0.00887582
  -0.0177959            0   0.00354248 -0.000142115
 -0.00628462  -0.00354248            0    0.0043171
  0.00887582  0.000142115   -0.0043171            0
Repeater1[0]<--->HoM1[0]
REAL
   0.382793   0.0136036   0.0118435    0.298619
  0.0136036    0.133416   0.0620465 -0.00876089
  0.0118435   0.0620465     0.13217   -0.011754
   0.298619 -0.00876089   -0.011754    0.351621
IMAGINARY
          0 -0.00931486   0.0127665  -0.0374332
 0.00931486           0  0.00802139 -0.00381511
 -0.0127665 -0.00802139           0 -0.00475163
  0.0374332  0.00381511  0.00475163           0
EndNode1[0]<--->Repeater1[0]
REAL
  0.362047 0.00656979  0.0156649    0.29214
0.00656979   0.147316  0.0539196 0.00650259
 0.0156649  0.0539196   0.133583  0.0119031
   0.29214 0.00650259  0.0119031   0.357054
IMAGINARY
          0 -0.00106943  -0.0146369   0.0137072
 0.00106943           0  0.00768314 -0.00237882
  0.0146369 -0.00768314           0 -0.00285727
 -0.0137072  0.00237882  0.00285727           0
EndNode2[0]<--->HoM1[0]
REAL
  0.388594 0.00107487 0.00435035   0.278409
0.00107487   0.133952  0.0525021 -0.0129369
0.00435035  0.0525021   0.123342  0.0167587
  0.278409 -0.0129369  0.0167587   0.354111
IMAGINARY
          0 -0.00925559  -0.0076308 -0.00621585
 0.00925559           0  0.00169972    -0.01302
  0.0076308 -0.00169972           0   0.0211454
 0.00621585     0.01302  -0.0211454           0
Repeater1[0]<--->EndNode1[0]
REAL
  0.362047  0.0156649 0.00656979    0.29214
 0.0156649   0.133583  0.0539196  0.0119031
0.00656979  0.0539196   0.147316 0.00650259
   0.29214  0.0119031 0.00650259   0.357054
IMAGINARY
          0  -0.0146369 -0.00106943   0.0137072
  0.0146369           0 -0.00768314 -0.00285727
 0.00106943  0.00768314           0 -0.00237882
 -0.0137072  0.00285727  0.00237882           0
Repeater1[0]<--->HoM1[0]
REAL
  0.388594 0.00435035 0.00107487   0.278409
0.00435035   0.123342  0.0525021  0.0167587
0.00107487  0.0525021   0.133952 -0.0129369
  0.278409  0.0167587 -0.0129369   0.354111
IMAGINARY
          0  -0.0076308 -0.00925559 -0.00621585
  0.0076308           0 -0.00169972   0.0211454
 0.00925559  0.00169972           0    -0.01302
 0.00621585  -0.0211454     0.01302           0
EndNode1[0]<--->Repeater1[0]
REAL
   0.35589 0.00344715  0.0114057   0.295691
0.00344715   0.139098  0.0643085 -0.0114057
 0.0114057  0.0643085   0.136591 0.00588618
  0.295691 -0.0114057 0.00588618   0.368421
IMAGINARY
          0   0.0103019  -0.0201409  -0.0270131
 -0.0103019           0   -0.018669  0.00418344
  0.0201409    0.018669           0   0.0162939
  0.0270131 -0.00418344  -0.0162939           0
EndNode2[0]<--->HoM1[0]
REAL
   0.369311 0.000964419  0.00297959    0.269318
0.000964419     0.13394   0.0710638 -0.00229746
 0.00297959   0.0710638    0.143043 -0.00164655
   0.269318 -0.00229746 -0.00164655    0.353706
IMAGINARY
          0   0.0136789  -0.0196333   -0.015025
 -0.0136789           0  0.00101774   -0.020267
  0.0196333 -0.00101774           0  0.00876494
   0.015025    0.020267 -0.00876494           0
Repeater1[0]<--->EndNode1[0]
REAL
   0.35589  0.0114057 0.00344715   0.295691
 0.0114057   0.136591  0.0643085 0.00588618
0.00344715  0.0643085   0.139098 -0.0114057
  0.295691 0.00588618 -0.0114057   0.368421
IMAGINARY
          0  -0.0201409   0.0103019  -0.0270131
  0.0201409           0    0.018669   0.0162939
 -0.0103019   -0.018669           0  0.00418344
  0.0270131  -0.0162939 -0.00418344           0
Repeater1[0]<--->HoM1[0]
REAL
   0.369311  0.00297959 0.000964419    0.269318
 0.00297959    0.143043   0.0710638 -0.00164655
0.000964419   0.0710638     0.13394 -0.00229746
   0.269318 -0.00164655 -0.00229746    0.353706
IMAGINARY
          0  -0.0196333   0.0136789   -0.015025
  0.0196333           0 -0.00101774  0.00876494
 -0.0136789  0.00101774           0   -0.020267
   0.015025 -0.00876494    0.020267           0
EndNode1[0]<--->Repeater1[0]
REAL
    0.344966 -0.000938496    0.0121489     0.285129
-0.000938496     0.142282    0.0490357   0.00156685
   0.0121489    0.0490357     0.132886   0.00841979
    0.285129   0.00156685   0.00841979     0.379866
IMAGINARY
           0   0.00390838    -0.002813   0.00783167
 -0.00390838            0   -0.0234567  0.000872506
    0.002813    0.0234567            0    0.0109687
 -0.00783167 -0.000872506   -0.0109687            0
EndNode2[0]<--->HoM1[0]
REAL
   0.381865   0.0278773 -0.00725095    0.289305
  0.0278773    0.126437   0.0669368 -0.00725095
-0.00725095   0.0669368    0.122605  -0.0196806
   0.289305 -0.00725095  -0.0196806    0.369093
IMAGINARY
           0 -0.000836478  -0.00328429   -0.0251199
 0.000836478            0   -0.0124295  0.000652714
  0.00328429    0.0124295            0     0.010047
   0.0251199 -0.000652714    -0.010047            0
Repeater1[0]<--->EndNode1[0]
REAL
    0.344966    0.0121489 -0.000938496     0.285129
   0.0121489     0.132886    0.0490357   0.00841979
-0.000938496    0.0490357     0.142282   0.00156685
    0.285129   0.00841979   0.00156685     0.379866
IMAGINARY
           0    -0.002813   0.00390838   0.00783167
    0.002813            0    0.0234567    0.0109687
 -0.00390838   -0.0234567            0  0.000872506
 -0.00783167   -0.0109687 -0.000872506            0
Repeater1[0]<--->HoM1[0]
REAL
   0.381865 -0.00725095   0.0278773    0.289305
-0.00725095    0.122605   0.0669368  -0.0196806
  0.0278773   0.0669368    0.126437 -0.00725095
   0.289305  -0.0196806 -0.00725095    0.369093
IMAGINARY
           0  -0.00328429 -0.000836478   -0.0251199
  0.00328429            0    0.0124295     0.010047
 0.000836478   -0.0124295            0  0.000652714
   0.0251199    -0.010047 -0.000652714            0
EndNode1[0]<--->Repeater1[0]
REAL
  0.359395 -0.0194214 0.00108805   0.280202
-0.0194214   0.151324  0.0535356  0.0183294
0.00108805  0.0535356   0.127364  0.0230622
  0.280202  0.0183294  0.0230622   0.361917
IMAGINARY
           0  0.000326622  -0.00585507    0.0212244
-0.000326622            0   -0.0143921   0.00718841
  0.00585507    0.0143921            0   0.00234004
  -0.0212244  -0.00718841  -0.00234004            0
EndNode2[0]<--->HoM1[0]
REAL
   0.388024  -0.0220443 -0.00831267    0.282331
 -0.0220443    0.135329   0.0488213 0.000459263
-0.00831267   0.0488213     0.11976   -0.013296
   0.282331 0.000459263   -0.013296    0.356886
IMAGINARY
         0 -0.0230871  0.0223099 -0.0024406
 0.0230871          0  0.0137756  0.0159486
-0.0223099 -0.0137756          0 -0.0230871
 0.0024406 -0.0159486  0.0230871          0
Repeater1[0]<--->EndNode1[0]
REAL
  0.359395 0.00108805 -0.0194214   0.280202
0.00108805   0.127364  0.0535356  0.0230622
-0.0194214  0.0535356   0.151324  0.0183294
  0.280202  0.0230622  0.0183294   0.361917
IMAGINARY
           0  -0.00585507  0.000326622    0.0212244
  0.00585507            0    0.0143921   0.00234004
-0.000326622   -0.0143921            0   0.00718841
  -0.0212244  -0.00234004  -0.00718841            0
Repeater1[0]<--->HoM1[0]
REAL
   0.388024 -0.00831267  -0.0220443    0.282331
-0.00831267     0.11976   0.0488213   -0.013296
 -0.0220443   0.0488213    0.135329 0.000459263
   0.282331   -0.013296 0.000459263    0.356886
IMAGINARY
         0  0.0223099 -0.0230871 -0.0024406
-0.0223099          0 -0.0137756 -0.0230871
 0.0230871  0.0137756          0  0.0159486
 0.0024406  0.0230871 -0.0159486          0
EndNode1[0]<--->Repeater1[0]
REAL
   0.408673   0.0016129   0.0166717    0.295218
  0.0016129     0.11958    0.061556 -0.00957497
  0.0166717    0.061556    0.122208   0.0016129
   0.295218 -0.00957497   0.0016129     0.34954
IMAGINARY
          0  -0.0101726  0.00248647  -0.0114058
  0.0101726           0  -0.0107181  0.00799442
-0.00248647   0.0107181           0  -0.0101726
  0.0114058 -0.00799442   0.0101726           0
EndNode2[0]<--->HoM1[0]
REAL
   0.380208  0.00119018 -0.00735705    0.267833
 0.00119018    0.128906   0.0818489   0.0207328
-0.00735705   0.0818489    0.136719 -0.00819655
   0.267833   0.0207328 -0.00819655    0.354167
IMAGINARY
          0  -0.0225043   0.0185404  0.00600825
  0.0225043           0   0.0129791   0.0205431
 -0.0185404  -0.0129791           0  0.00902722
-0.00600825  -0.0205431 -0.00902722           0
Repeater1[0]<--->EndNode1[0]
REAL
   0.408673   0.0166717   0.0016129    0.295218
  0.0166717    0.122208    0.061556   0.0016129
  0.0016129    0.061556     0.11958 -0.00957497
   0.295218   0.0016129 -0.00957497     0.34954
IMAGINARY
          0  0.00248647  -0.0101726  -0.0114058
-0.00248647           0   0.0107181  -0.0101726
  0.0101726  -0.0107181           0  0.00799442
  0.0114058   0.0101726 -0.00799442           0
Repeater1[0]<--->HoM1[0]
REAL
   0.380208 -0.00735705  0.00119018    0.267833
-0.00735705    0.136719   0.0818489 -0.00819655
 0.00119018   0.0818489    0.128906   0.0207328
   0.267833 -0.00819655   0.0207328    0.354167
IMAGINARY
          0   0.0185404  -0.0225043  0.00600825
 -0.0185404           0  -0.0129791  0.00902722
  0.0225043   0.0129791           0   0.0205431
-0.00600825 -0.00902722  -0.0205431           0
EndNode1[0]<--->Repeater1[0]
REAL
    0.371393    0.0141517 -0.000996103     0.282224
   0.0141517     0.145546    0.0626958 -0.000340795
-0.000996103    0.0626958     0.135508   0.00857553
    0.282224 -0.000340795   0.00857553     0.347553
IMAGINARY
          0 -0.00672396  -0.0262281 -0.00325568
 0.00672396           0  0.00510982  0.00460297
  0.0262281 -0.00510982           0   0.0021368
 0.00325568 -0.00460297  -0.0021368           0
EndNode2[0]<--->HoM1[0]
REAL
  0.373856 -0.0277665 -0.0144788   0.296504
-0.0277665   0.122876  0.0658338 0.00149175
-0.0144788  0.0658338   0.121569 0.00438987
  0.296504 0.00149175 0.00438987   0.381699
IMAGINARY
          0  0.00512779 -0.00179779 -0.00471552
-0.00512779           0   0.0145921   0.0108184
 0.00179779  -0.0145921           0   0.0103361
 0.00471552  -0.0108184  -0.0103361           0
Repeater1[0]<--->EndNode1[0]
REAL
    0.371393 -0.000996103    0.0141517     0.282224
-0.000996103     0.135508    0.0626958   0.00857553
   0.0141517    0.0626958     0.145546 -0.000340795
    0.282224   0.00857553 -0.000340795     0.347553
IMAGINARY
          0  -0.0262281 -0.00672396 -0.00325568
  0.0262281           0 -0.00510982   0.0021368
 0.00672396  0.00510982           0  0.00460297
 0.00325568  -0.0021368 -0.00460297           0
Repeater1[0]<--->HoM1[0]
REAL
  0.373856 -0.0144788 -0.0277665   0.296504
-0.0144788   0.121569  0.0658338 0.00438987
-0.0277665  0.0658338   0.122876 0.00149175
  0.296504 0.00438987 0.00149175   0.381699
IMAGINARY
          0 -0.00179779  0.00512779 -0.00471552
 0.00179779           0  -0.0145921   0.0103361
-0.00512779   0.0145921           0   0.0108184
 0.00471552  -0.0103361  -0.0108184           0
EndNode1[0]<--->Repeater1[0]
REAL
   0.410383 -0.00499529  0.00164592    0.293636
-0.00499529    0.108776   0.0410101  0.00229108
 0.00164592   0.0410101    0.134734  0.00368295
   0.293636  0.00229108  0.00368295    0.346106
IMAGINARY
          0   0.0149146  0.00994107   0.0123968
 -0.0149146           0 -0.00852085  0.00931214
-0.00994107  0.00852085           0  -0.0108306
 -0.0123968 -0.00931214   0.0108306           0
EndNode2[0]<--->HoM1[0]
REAL
   0.389237  0.00241681 -0.00439555    0.290327
 0.00241681    0.153942   0.0522316  0.00378055
-0.00439555   0.0522316    0.122653  0.00680828
   0.290327  0.00378055  0.00680828    0.334168
IMAGINARY
          0   0.0133316  0.00518282  0.00733329
 -0.0133316           0  -0.0146961 -0.00782833
-0.00518282   0.0146961           0  -0.0212681
-0.00733329  0.00782833   0.0212681           0
Repeater1[0]<--->EndNode1[0]
REAL
   0.410383  0.00164592 -0.00499529    0.293636
 0.00164592    0.134734   0.0410101  0.00368295
-0.00499529   0.0410101    0.108776  0.00229108
   0.293636  0.00368295  0.00229108    0.346106
IMAGINARY
          0  0.00994107   0.0149146   0.0123968
-0.00994107           0  0.00852085  -0.0108306
 -0.0149146 -0.00852085           0  0.00931214
 -0.0123968   0.0108306 -0.00931214           0
Repeater1[0]<--->HoM1[0]
REAL
   0.389237 -0.00439555  0.00241681    0.290327
-0.00439555    0.122653   0.0522316  0.00680828
 0.00241681   0.0522316    0.153942  0.00378055
   0.290327  0.00680828  0.00378055    0.334168
IMAGINARY
          0  0.00518282   0.0133316  0.00733329
-0.00518282           0   0.0146961  -0.0212681
 -0.0133316  -0.0146961           0 -0.00782833
-0.00733329   0.0212681  0.00782833           0
EndNode1[0]<--->Repeater1[0]
REAL
 0.374532 0.0238221 0.0104301  0.286675
0.0238221  0.146067 0.0579725 0.0130686
0.0104301 0.0579725  0.128589 0.0192589
 0.286675 0.0130686 0.0192589  0.350811
IMAGINARY
          0  -0.0105772  0.00206341   0.0148443
  0.0105772           0   0.0129335   0.0169405
-0.00206341  -0.0129335           0  -0.0149798
 -0.0148443  -0.0169405   0.0149798           0
EndNode2[0]<--->HoM1[0]
REAL
   0.400266   0.0171713 -4.6066e-05    0.290439
  0.0171713    0.119681   0.0540052   0.0123917
-4.6066e-05   0.0540052    0.117021  -0.0221096
   0.290439   0.0123917  -0.0221096    0.363032
IMAGINARY
          0  0.00210475  0.00773844  -0.0201735
-0.00210475           0  -0.0372837   0.0103494
