EndNode1[0]<--->Repeater1[0]
REAL
   0.463904  0.00825444  -0.0169734     0.36193
 0.00825444   0.0628342   0.0249595 -0.00230677
 -0.0169734   0.0249595   0.0601604  -0.0301053
    0.36193 -0.00230677  -0.0301053    0.413102
IMAGINARY
          0 -0.00193952  -0.0168821   0.0228243
 0.00193952           0 -0.00478306   0.0277935
  0.0168821  0.00478306           0   -0.012823
 -0.0228243  -0.0277935    0.012823           0
EndNode2[0]<--->HoM1[0]
REAL
   0.438619 -0.00428461   0.0239128    0.373799
-0.00428461   0.0664962   0.0240577   -0.014455
  0.0239128   0.0240577   0.0601023   0.0225696
   0.373799   -0.014455   0.0225696    0.434783
IMAGINARY
          0  -0.0213399   0.0293888  -0.0162771
  0.0213399           0  -0.0117841    0.015948
 -0.0293888   0.0117841           0 -0.00586214
  0.0162771   -0.015948  0.00586214           0
Repeater1[0]<--->EndNode1[0]
REAL
   0.463904  -0.0169734  0.00825444     0.36193
 -0.0169734   0.0601604   0.0249595  -0.0301053
 0.00825444   0.0249595   0.0628342 -0.00230677
    0.36193  -0.0301053 -0.00230677    0.413102
IMAGINARY
          0  -0.0168821 -0.00193952   0.0228243
  0.0168821           0  0.00478306   -0.012823
 0.00193952 -0.00478306           0   0.0277935
 -0.0228243    0.012823  -0.0277935           0
Repeater1[0]<--->HoM1[0]
REAL
   0.438619   0.0239128 -0.00428461    0.373799
  0.0239128   0.0601023   0.0240577   0.0225696
-0.00428461   0.0240577   0.0664962   -0.014455
   0.373799   0.0225696   -0.014455    0.434783
IMAGINARY
          0   0.0293888  -0.0213399  -0.0162771
 -0.0293888           0   0.0117841 -0.00586214
  0.0213399  -0.0117841           0    0.015948
  0.0162771  0.00586214   -0.015948           0
EndNode1[0]<--->Repeater1[0]
REAL
  0.454311 -0.0100456   -0.01004   0.362948
-0.0100456  0.0656371  0.0356753  0.0119173
  -0.01004  0.0356753  0.0527671 0.00316197
  0.362948  0.0119173 0.00316197   0.427284
IMAGINARY
          0  -0.0222228 -0.00237039 -0.00683721
  0.0222228           0 -0.00488154   0.0179548
 0.00237039  0.00488154           0 -0.00764736
 0.00683721  -0.0179548  0.00764736           0
EndNode2[0]<--->HoM1[0]
REAL
   0.476923   0.0007554 -0.00450726    0.361244
  0.0007554   0.0512821   0.0192753   0.0122995
-0.00450726   0.0192753   0.0371795  0.00703681
   0.361244   0.0122995  0.00703681    0.434615
IMAGINARY
          0 -0.00757073  -0.0169427  0.00974575
 0.00757073           0 -0.00585974 -0.00896401
  0.0169427  0.00585974           0   0.0179334
-0.00974575  0.00896401  -0.0179334           0
Repeater1[0]<--->EndNode1[0]
REAL
  0.454311   -0.01004 -0.0100456   0.362948
  -0.01004  0.0527671  0.0356753 0.00316197
-0.0100456  0.0356753  0.0656371  0.0119173
  0.362948 0.00316197  0.0119173   0.427284
IMAGINARY
          0 -0.00237039  -0.0222228 -0.00683721
 0.00237039           0  0.00488154 -0.00764736
  0.0222228 -0.00488154           0   0.0179548
 0.00683721  0.00764736  -0.0179548           0
Repeater1[0]<--->HoM1[0]
REAL
   0.476923 -0.00450726   0.0007554    0.361244
-0.00450726   0.0371795   0.0192753  0.00703681
  0.0007554   0.0192753   0.0512821   0.0122995
   0.361244  0.00703681   0.0122995    0.434615
IMAGINARY
          0  -0.0169427 -0.00757073  0.00974575
  0.0169427           0  0.00585974   0.0179334
 0.00757073 -0.00585974           0 -0.00896401
-0.00974575  -0.0179334  0.00896401           0
EndNode1[0]<--->Repeater1[0]
REAL
   0.46735 -0.0274669  -0.023001   0.359083
-0.0274669  0.0653009   0.031083 -0.0236145
 -0.023001   0.031083  0.0704225 -0.0268116
  0.359083 -0.0236145 -0.0268116   0.396927
IMAGINARY
           0 -0.000754717   -0.0118923  -0.00193352
 0.000754717            0    0.0239629    -0.017441
   0.0118923   -0.0239629            0   0.00742138
  0.00193352     0.017441  -0.00742138            0
EndNode2[0]<--->HoM1[0]
REAL
  0.447263 -0.0174044 -0.0108467   0.366321
-0.0174044  0.0480641  0.0303628 -0.0121125
-0.0108467  0.0303628   0.058745 0.00592477
  0.366321 -0.0121125 0.00592477   0.445928
IMAGINARY
           0 -0.000902559    0.0258969  -0.00102603
 0.000902559            0    0.0116643   0.00166218
  -0.0258969   -0.0116643            0   -0.0122208
  0.00102603  -0.00166218    0.0122208            0
Repeater1[0]<--->EndNode1[0]
REAL
   0.46735  -0.023001 -0.0274669   0.359083
 -0.023001  0.0704225   0.031083 -0.0268116
-0.0274669   0.031083  0.0653009 -0.0236145
  0.359083 -0.0268116 -0.0236145   0.396927
IMAGINARY
           0   -0.0118923 -0.000754717  -0.00193352
   0.0118923            0   -0.0239629   0.00742138
 0.000754717    0.0239629            0    -0.017441
  0.00193352  -0.00742138     0.017441            0
Repeater1[0]<--->HoM1[0]
REAL
  0.447263 -0.0108467 -0.0174044   0.366321
-0.0108467   0.058745  0.0303628 0.00592477
-0.0174044  0.0303628  0.0480641 -0.0121125
  0.366321 0.00592477 -0.0121125   0.445928
IMAGINARY
           0    0.0258969 -0.000902559  -0.00102603
  -0.0258969            0   -0.0116643   -0.0122208
 0.000902559    0.0116643            0   0.00166218
  0.00102603    0.0122208  -0.00166218            0
EndNode1[0]<--->Repeater1[0]
REAL
  0.472149 -0.0124069 0.00821315   0.373644
-0.0124069  0.0424403  0.0285905 -0.0193863
0.00821315  0.0285905  0.0623342  0.0124069
  0.373644 -0.0193863  0.0124069   0.423077
IMAGINARY
          0   0.0151312 -0.00226007  -0.0042862
 -0.0151312           0  0.00551772 -0.00429535
 0.00226007 -0.00551772           0  -0.0038082
  0.0042862  0.00429535   0.0038082           0
EndNode2[0]<--->HoM1[0]
REAL
  0.458763  -0.011378 0.00541626   0.362547
 -0.011378  0.0631443  0.0375793 -0.0174264
0.00541626  0.0375793  0.0489691 0.00316056
  0.362547 -0.0174264 0.00316056   0.429124
IMAGINARY
          0 -0.00130049  -0.0203202  0.00547169
 0.00130049           0  0.00481638  0.00551964
  0.0203202 -0.00481638           0 -0.00191701
-0.00547169 -0.00551964  0.00191701           0
Repeater1[0]<--->EndNode1[0]
REAL
  0.472149 0.00821315 -0.0124069   0.373644
0.00821315  0.0623342  0.0285905  0.0124069
-0.0124069  0.0285905  0.0424403 -0.0193863
  0.373644  0.0124069 -0.0193863   0.423077
IMAGINARY
          0 -0.00226007   0.0151312  -0.0042862
 0.00226007           0 -0.00551772  -0.0038082
 -0.0151312  0.00551772           0 -0.00429535
  0.0042862   0.0038082  0.00429535           0
Repeater1[0]<--->HoM1[0]
REAL
  0.458763 0.00541626  -0.011378   0.362547
0.00541626  0.0489691  0.0375793 0.00316056
 -0.011378  0.0375793  0.0631443 -0.0174264
  0.362547 0.00316056 -0.0174264   0.429124
IMAGINARY
          0  -0.0203202 -0.00130049  0.00547169
  0.0203202           0 -0.00481638 -0.00191701
 0.00130049  0.00481638           0  0.00551964
-0.00547169  0.00191701 -0.00551964           0
EndNode1[0]<--->Repeater1[0]
REAL
   0.432964   0.0168387  -0.0058349    0.361387
  0.0168387   0.0651907   0.0276457  0.00518974
 -0.0058349   0.0276457   0.0565806 -0.00716129
   0.361387  0.00518974 -0.00716129    0.445264
IMAGINARY
           0  -0.00102427    0.0280182 -0.000582751
  0.00102427            0  -0.00699301  -0.00601326
  -0.0280182   0.00699301            0   -0.0112007
 0.000582751   0.00601326    0.0112007            0
EndNode2[0]<--->HoM1[0]
REAL
  0.420779  0.0126459 -0.0152933   0.372458
 0.0126459  0.0662338 0.00416535  0.0191894
-0.0152933 0.00416535   0.061039 -0.0126459
  0.372458  0.0191894 -0.0126459   0.451948
IMAGINARY
          0   0.0038782 -0.00584579  0.00926303
 -0.0038782           0   0.0112498 -0.00391031
 0.00584579  -0.0112498           0    0.013195
-0.00926303  0.00391031   -0.013195           0
Repeater1[0]<--->EndNode1[0]
REAL
   0.432964  -0.0058349   0.0168387    0.361387
 -0.0058349   0.0565806   0.0276457 -0.00716129
  0.0168387   0.0276457   0.0651907  0.00518974
   0.361387 -0.00716129  0.00518974    0.445264
IMAGINARY
           0    0.0280182  -0.00102427 -0.000582751
  -0.0280182            0   0.00699301   -0.0112007
  0.00102427  -0.00699301            0  -0.00601326
 0.000582751    0.0112007   0.00601326            0
Repeater1[0]<--->HoM1[0]
REAL
  0.420779 -0.0152933  0.0126459   0.372458
-0.0152933   0.061039 0.00416535 -0.0126459
 0.0126459 0.00416535  0.0662338  0.0191894
  0.372458 -0.0126459  0.0191894   0.451948
IMAGINARY
          0 -0.00584579   0.0038782  0.00926303
 0.00584579           0  -0.0112498    0.013195
 -0.0038782   0.0112498           0 -0.00391031
-0.00926303   -0.013195  0.00391031           0
EndNode1[0]<--->Repeater1[0]
REAL
 0.447721 0.0113396 0.0202614  0.358695
0.0113396 0.0522788 0.0260202 0.0147127
0.0202614 0.0260202 0.0482574 0.0197484
 0.358695 0.0147127 0.0197484  0.451743
IMAGINARY
          0   0.0112163  -0.0071031  0.00783439
 -0.0112163           0  -0.0133694   0.0103969
  0.0071031   0.0133694           0  -0.0158277
-0.00783439  -0.0103969   0.0158277           0
EndNode2[0]<--->HoM1[0]
REAL
  0.430769 -0.0164926  -0.011602   0.366235
-0.0164926  0.0615385 0.00719872 -0.0134607
 -0.011602 0.00719872  0.0643357 -0.0198483
  0.366235 -0.0134607 -0.0198483   0.443357
IMAGINARY
          0   -0.001096  0.00258828   0.0281046
   0.001096           0 -0.00522876 -0.00499792
-0.00258828  0.00522876           0  0.00471045
 -0.0281046  0.00499792 -0.00471045           0
Repeater1[0]<--->EndNode1[0]
REAL
 0.447721 0.0202614 0.0113396  0.358695
0.0202614 0.0482574 0.0260202 0.0197484
0.0113396 0.0260202 0.0522788 0.0147127
 0.358695 0.0197484 0.0147127  0.451743
IMAGINARY
          0  -0.0071031   0.0112163  0.00783439
  0.0071031           0   0.0133694  -0.0158277
 -0.0112163  -0.0133694           0   0.0103969
-0.00783439   0.0158277  -0.0103969           0
Repeater1[0]<--->HoM1[0]
REAL
  0.430769  -0.011602 -0.0164926   0.366235
 -0.011602  0.0643357 0.00719872 -0.0198483
-0.0164926 0.00719872  0.0615385 -0.0134607
  0.366235 -0.0198483 -0.0134607   0.443357
IMAGINARY
          0  0.00258828   -0.001096   0.0281046
-0.00258828           0  0.00522876  0.00471045
   0.001096 -0.00522876           0 -0.00499792
 -0.0281046 -0.00471045  0.00499792           0
EndNode1[0]<--->Repeater1[0]
REAL
  0.443456  0.0124727  0.0118421    0.36177
 0.0124727   0.043202  0.0267188 -0.0118421
 0.0118421  0.0267188  0.0635324 -0.0184679
   0.36177 -0.0118421 -0.0184679   0.449809
IMAGINARY
           0   -0.0128345    0.0194442 -0.000367061
   0.0128345            0   0.00496627   0.00246304
  -0.0194442  -0.00496627            0  -0.00391813
 0.000367061  -0.00246304   0.00391813            0
EndNode2[0]<--->HoM1[0]
REAL
  0.397561 0.00065703 -0.0134048   0.370454
0.00065703  0.0609756  0.0165366 0.00617746
-0.0134048  0.0165366   0.047561          0
  0.370454 0.00617746          0   0.493902
IMAGINARY
          0   0.0107416  -0.0151393  0.00398352
 -0.0107416           0 -0.00275502  -0.0200533
  0.0151393  0.00275502           0   0.0217949
-0.00398352   0.0200533  -0.0217949           0
Repeater1[0]<--->EndNode1[0]
REAL
  0.443456  0.0118421  0.0124727    0.36177
 0.0118421  0.0635324  0.0267188 -0.0184679
 0.0124727  0.0267188   0.043202 -0.0118421
   0.36177 -0.0184679 -0.0118421   0.449809
IMAGINARY
           0    0.0194442   -0.0128345 -0.000367061
  -0.0194442            0  -0.00496627  -0.00391813
   0.0128345   0.00496627            0   0.00246304
 0.000367061   0.00391813  -0.00246304            0
Repeater1[0]<--->HoM1[0]
REAL
  0.397561 -0.0134048 0.00065703   0.370454
-0.0134048   0.047561  0.0165366          0
0.00065703  0.0165366  0.0609756 0.00617746
  0.370454          0 0.00617746   0.493902
IMAGINARY
          0  -0.0151393   0.0107416  0.00398352
  0.0151393           0  0.00275502   0.0217949
 -0.0107416 -0.00275502           0  -0.0200533
-0.00398352  -0.0217949   0.0200533           0
EndNode1[0]<--->Repeater1[0]
REAL
  0.429882 0.00351229 0.00225359   0.371076
0.00351229  0.0602883  0.0258705 0.00410773
0.00225359  0.0258705  0.0471822  0.0041213
  0.371076 0.00410773  0.0041213   0.462647
IMAGINARY
           0   0.00684932  4.41891e-05   0.00826446
 -0.00684932            0   0.00826446  -0.00963323
-4.41891e-05  -0.00826446            0   0.00684932
 -0.00826446   0.00963323  -0.00684932            0
EndNode2[0]<--->HoM1[0]
REAL
    0.450255   -0.0104388 -0.000715803     0.377623
  -0.0104388     0.057398    0.0201324   -0.0192343
-0.000715803    0.0201324    0.0535714  -0.00203002
    0.377623   -0.0192343  -0.00203002     0.438776
IMAGINARY
          0  0.00208134  0.00803291  -0.0210366
-0.00208134           0   0.0153619  0.00475637
-0.00803291  -0.0153619           0  -0.0112165
  0.0210366 -0.00475637   0.0112165           0
Repeater1[0]<--->EndNode1[0]
REAL
  0.429882 0.00225359 0.00351229   0.371076
0.00225359  0.0471822  0.0258705  0.0041213
0.00351229  0.0258705  0.0602883 0.00410773
  0.371076  0.0041213 0.00410773   0.462647
IMAGINARY
           0  4.41891e-05   0.00684932   0.00826446
-4.41891e-05            0  -0.00826446   0.00684932
 -0.00684932   0.00826446            0  -0.00963323
 -0.00826446  -0.00684932   0.00963323            0
Repeater1[0]<--->HoM1[0]
REAL
    0.450255 -0.000715803   -0.0104388     0.377623
-0.000715803    0.0535714    0.0201324  -0.00203002
  -0.0104388    0.0201324     0.057398   -0.0192343
    0.377623  -0.00203002   -0.0192343     0.438776
IMAGINARY
          0  0.00803291  0.00208134  -0.0210366
-0.00803291           0  -0.0153619  -0.0112165
-0.00208134   0.0153619           0  0.00475637
  0.0210366   0.0112165 -0.00475637           0
EndNode1[0]<--->Repeater1[0]
REAL
    0.459211   0.00545247 -0.000980181     0.365372
  0.00545247    0.0671053    0.0228028   0.00740692
-0.000980181    0.0228028    0.0578947   0.00225962
    0.365372   0.00740692   0.00225962     0.415789
IMAGINARY
          0   -0.014159   0.0106832  0.00549027
   0.014159           0  -0.0297742  0.00191126
 -0.0106832   0.0297742           0  0.00786175
-0.00549027 -0.00191126 -0.00786175           0
EndNode2[0]<--->HoM1[0]
REAL
  0.443878 -0.0123793 -0.0146721   0.364547
-0.0123793     0.0625  0.0242001 -0.0109033
-0.0146721  0.0242001  0.0510204 0.00087035
  0.364547 -0.0109033 0.00087035   0.442602
IMAGINARY
           0  -0.00126043     0.001567   0.00318117
  0.00126043            0  -0.00841677  0.000908243
   -0.001567   0.00841677            0  -0.00740294
 -0.00318117 -0.000908243   0.00740294            0
Repeater1[0]<--->EndNode1[0]
REAL
    0.459211 -0.000980181   0.00545247     0.365372
-0.000980181    0.0578947    0.0228028   0.00225962
  0.00545247    0.0228028    0.0671053   0.00740692
    0.365372   0.00225962   0.00740692     0.415789
IMAGINARY
          0   0.0106832   -0.014159  0.00549027
 -0.0106832           0   0.0297742  0.00786175
   0.014159  -0.0297742           0  0.00191126
-0.00549027 -0.00786175 -0.00191126           0
Repeater1[0]<--->HoM1[0]
REAL
  0.443878 -0.0146721 -0.0123793   0.364547
-0.0146721  0.0510204  0.0242001 0.00087035
-0.0123793  0.0242001     0.0625 -0.0109033
  0.364547 0.00087035 -0.0109033   0.442602
IMAGINARY
           0     0.001567  -0.00126043   0.00318117
   -0.001567            0   0.00841677  -0.00740294
  0.00126043  -0.00841677            0  0.000908243
 -0.00318117   0.00740294 -0.000908243            0
EndNode1[0]<--->Repeater1[0]
REAL
   0.466102  0.00456664 -0.00313035    0.369883
 0.00456664   0.0690073    0.030117  -0.0157886
-0.00313035    0.030117   0.0520581  -0.0126747
   0.369883  -0.0157886  -0.0126747    0.412833
IMAGINARY
          0  0.00319744  -0.0210455  -0.0238932
-0.00319744           0  0.00330887   0.0087648
  0.0210455 -0.00330887           0 -0.00846059
  0.0238932  -0.0087648  0.00846059           0
EndNode2[0]<--->HoM1[0]
REAL
   0.440568 -0.00330638 -0.00250907    0.392813
-0.00330638   0.0516796   0.0189513  -0.0135337
-0.00250907   0.0189513   0.0633075   0.0113278
   0.392813  -0.0135337   0.0113278    0.444444
IMAGINARY
          0  -0.0156415   0.0173051 -0.00995056
  0.0156415           0  -0.0293304    0.019756
 -0.0173051   0.0293304           0    -0.02272
 0.00995056   -0.019756     0.02272           0
Repeater1[0]<--->EndNode1[0]
REAL
   0.466102 -0.00313035  0.00456664    0.369883
-0.00313035   0.0520581    0.030117  -0.0126747
 0.00456664    0.030117   0.0690073  -0.0157886
   0.369883  -0.0126747  -0.0157886    0.412833
IMAGINARY
          0  -0.0210455  0.00319744  -0.0238932
  0.0210455           0 -0.00330887 -0.00846059
-0.00319744  0.00330887           0   0.0087648
  0.0238932  0.00846059  -0.0087648           0
Repeater1[0]<--->HoM1[0]
REAL
   0.440568 -0.00250907 -0.00330638    0.392813
-0.00250907   0.0633075   0.0189513   0.0113278
-0.00330638   0.0189513   0.0516796  -0.0135337
   0.392813   0.0113278  -0.0135337    0.444444
IMAGINARY
          0   0.0173051  -0.0156415 -0.00995056
 -0.0173051           0   0.0293304    -0.02272
  0.0156415  -0.0293304           0    0.019756
 0.00995056     0.02272   -0.019756           0
EndNode1[0]<--->Repeater1[0]
REAL
   0.440104  -0.0042339 -0.00933132    0.359072
 -0.0042339   0.0677083   0.0263447   0.0145397
-0.00933132   0.0263447   0.0598958  -0.0035786
   0.359072   0.0145397  -0.0035786    0.432292
IMAGINARY
          0 -0.00914938 -0.00409386 -0.00227626
 0.00914938           0  -0.0136551 -0.00863342
 0.00409386   0.0136551           0  0.00975544
 0.00227626  0.00863342 -0.00975544           0
EndNode2[0]<--->HoM1[0]
REAL
   0.441176 -0.00615994  0.00294375    0.363668
-0.00615994   0.0588235   0.0255104 -0.00229186
 0.00294375   0.0255104   0.0511509   0.0107232
   0.363668 -0.00229186   0.0107232    0.448849
IMAGINARY
           0    0.0171222   -0.0183755  0.000865711
  -0.0171222            0    0.0120877   0.00390177
   0.0183755   -0.0120877            0   -0.0144907
-0.000865711  -0.00390177    0.0144907            0
Repeater1[0]<--->EndNode1[0]
REAL
   0.440104 -0.00933132  -0.0042339    0.359072
-0.00933132   0.0598958   0.0263447  -0.0035786
 -0.0042339   0.0263447   0.0677083   0.0145397
   0.359072  -0.0035786   0.0145397    0.432292
IMAGINARY
          0 -0.00409386 -0.00914938 -0.00227626
 0.00409386           0   0.0136551  0.00975544
 0.00914938  -0.0136551           0 -0.00863342
 0.00227626 -0.00975544  0.00863342           0
Repeater1[0]<--->HoM1[0]
REAL
   0.441176  0.00294375 -0.00615994    0.363668
 0.00294375   0.0511509   0.0255104   0.0107232
-0.00615994   0.0255104   0.0588235 -0.00229186
   0.363668   0.0107232 -0.00229186    0.448849
IMAGINARY
           0   -0.0183755    0.0171222  0.000865711
   0.0183755            0   -0.0120877   -0.0144907
  -0.0171222    0.0120877            0   0.00390177
-0.000865711    0.0144907  -0.00390177            0
EndNode1[0]<--->Repeater1[0]
REAL
   0.456072  0.00516903  0.00560116    0.386872
 0.00516903   0.0503876   0.0211434 -0.00231601
 0.00560116   0.0211434   0.0503876 0.000744247
   0.386872 -0.00231601 0.000744247    0.443152
IMAGINARY
          0   0.0175514  -0.0169578 -0.00516129
 -0.0175514           0  -0.0235436  -0.0162903
  0.0169578   0.0235436           0    0.019533
 0.00516129   0.0162903   -0.019533           0
EndNode2[0]<--->HoM1[0]
REAL
  0.429504 -0.0205688 -0.0104987   0.383173
-0.0205688  0.0718016  0.0249638 0.00656168
-0.0104987  0.0249638   0.073107  0.0166317
  0.383173 0.00656168  0.0166317   0.425587
IMAGINARY
          0 -0.00860047   0.0269348   0.0108548
 0.00860047           0 -0.00117733 -0.00703426
 -0.0269348  0.00117733           0  -0.0212503
 -0.0108548  0.00703426   0.0212503           0
Repeater1[0]<--->EndNode1[0]
REAL
   0.456072  0.00560116  0.00516903    0.386872
 0.00560116   0.0503876   0.0211434 0.000744247
 0.00516903   0.0211434   0.0503876 -0.00231601
   0.386872 0.000744247 -0.00231601    0.443152
IMAGINARY
          0  -0.0169578   0.0175514 -0.00516129
  0.0169578           0   0.0235436    0.019533
 -0.0175514  -0.0235436           0  -0.0162903
 0.00516129   -0.019533   0.0162903           0
Repeater1[0]<--->HoM1[0]
REAL
  0.429504 -0.0104987 -0.0205688   0.383173
-0.0104987   0.073107  0.0249638  0.0166317
-0.0205688  0.0249638  0.0718016 0.00656168
  0.383173  0.0166317 0.00656168   0.425587
IMAGINARY
          0   0.0269348 -0.00860047   0.0108548
 -0.0269348           0  0.00117733  -0.0212503
 0.00860047 -0.00117733           0 -0.00703426
 -0.0108548   0.0212503  0.00703426           0
EndNode1[0]<--->Repeater1[0]
REAL
   0.474642  -0.0329219  -0.0244242    0.396291
 -0.0329219   0.0546164   0.0225934 0.000976834
 -0.0244242   0.0225934   0.0507152 -0.00826952
   0.396291 0.000976834 -0.00826952    0.420026
IMAGINARY
          0   -0.006449  -0.0126689   -0.011418
   0.006449           0  -0.0266465 -0.00816441
  0.0126689   0.0266465           0   0.0155636
   0.011418  0.00816441  -0.0155636           0
EndNode2[0]<--->HoM1[0]
REAL
   0.444299  -0.0185612  -0.0213178    0.382706
 -0.0185612   0.0629096   0.0255629 0.000645995
 -0.0213178   0.0255629    0.068152   0.0146852
   0.382706 0.000645995   0.0146852     0.42464
IMAGINARY
           0    -0.014713    0.0111295    0.0172849
    0.014713            0   0.00787634   0.00140185
  -0.0111295  -0.00787634            0 -0.000324552
  -0.0172849  -0.00140185  0.000324552            0
Repeater1[0]<--->EndNode1[0]
REAL
   0.474642  -0.0244242  -0.0329219    0.396291
 -0.0244242   0.0507152   0.0225934 -0.00826952
 -0.0329219   0.0225934   0.0546164 0.000976834
   0.396291 -0.00826952 0.000976834    0.420026
IMAGINARY
          0  -0.0126689   -0.006449   -0.011418
  0.0126689           0   0.0266465   0.0155636
   0.006449  -0.0266465           0 -0.00816441
   0.011418  -0.0155636  0.00816441           0
Repeater1[0]<--->HoM1[0]
REAL
   0.444299  -0.0213178  -0.0185612    0.382706
 -0.0213178    0.068152   0.0255629   0.0146852
 -0.0185612   0.0255629   0.0629096 0.000645995
   0.382706   0.0146852 0.000645995     0.42464
IMAGINARY
           0    0.0111295    -0.014713    0.0172849
  -0.0111295            0  -0.00787634 -0.000324552
    0.014713   0.00787634            0   0.00140185
  -0.0172849  0.000324552  -0.00140185            0
EndNode1[0]<--->Repeater1[0]
REAL
  0.431058  0.0235751 -0.0118407    0.36181
 0.0235751  0.0589023  0.0323832  0.0240988
-0.0118407  0.0323832  0.0682731 0.00932814
   0.36181  0.0240988 0.00932814   0.441767
IMAGINARY
          0  0.00134485 -0.00198721  -0.0112399
-0.00134485           0   0.0125697  -0.0214503
 0.00198721  -0.0125697           0   0.0025614
  0.0112399   0.0214503  -0.0025614           0
EndNode2[0]<--->HoM1[0]
REAL
   0.440476  0.00579256   0.0221767    0.368913
 0.00579256   0.0661376   0.0250844  -0.0189839
  0.0221767   0.0250844   0.0595238 -0.00132257
   0.368913  -0.0189839 -0.00132257    0.433862
IMAGINARY
           0  -0.00802591  0.000621691    0.0243837
  0.00802591            0  -0.00595931    0.0018972
-0.000621691   0.00595931            0  0.000469235
  -0.0243837   -0.0018972 -0.000469235            0
Repeater1[0]<--->EndNode1[0]
REAL
  0.431058 -0.0118407  0.0235751    0.36181
-0.0118407  0.0682731  0.0323832 0.00932814
 0.0235751  0.0323832  0.0589023  0.0240988
   0.36181 0.00932814  0.0240988   0.441767
IMAGINARY
          0 -0.00198721  0.00134485  -0.0112399
 0.00198721           0  -0.0125697   0.0025614
-0.00134485   0.0125697           0  -0.0214503
  0.0112399  -0.0025614   0.0214503           0
Repeater1[0]<--->HoM1[0]
REAL
   0.440476   0.0221767  0.00579256    0.368913
  0.0221767   0.0595238   0.0250844 -0.00132257
 0.00579256   0.0250844   0.0661376  -0.0189839
   0.368913 -0.00132257  -0.0189839    0.433862
IMAGINARY
           0  0.000621691  -0.00802591    0.0243837
-0.000621691            0   0.00595931  0.000469235
  0.00802591  -0.00595931            0    0.0018972
  -0.0243837 -0.000469235   -0.0018972            0
EndNode1[0]<--->Repeater1[0]
REAL
   0.464501 0.000179908 -0.00609687    0.376292
0.000179908   0.0589651   0.0265578   0.0035062
-0.00609687   0.0265578   0.0493381   0.0140688
   0.376292   0.0035062   0.0140688    0.427196
IMAGINARY
          0  0.00191697   0.0257545  -0.0043633
-0.00191697           0   0.0117657  -0.0137864
 -0.0257545  -0.0117657           0 -0.00457654
  0.0043633   0.0137864  0.00457654           0
EndNode2[0]<--->HoM1[0]
REAL
   0.429306   0.0111584 -0.00262749     0.37684
  0.0111584   0.0604113   0.0188002    0.013856
-0.00262749   0.0188002   0.0514139  -0.0065349
    0.37684    0.013856  -0.0065349    0.458869
IMAGINARY
          0   0.0125157 -0.00849766  0.00200292
 -0.0125157           0  0.00642769   0.0059851
 0.00849766 -0.00642769           0  -0.0062343
-0.00200292  -0.0059851   0.0062343           0
Repeater1[0]<--->EndNode1[0]
REAL
   0.464501 -0.00609687 0.000179908    0.376292
-0.00609687   0.0493381   0.0265578   0.0140688
0.000179908   0.0265578   0.0589651   0.0035062
   0.376292   0.0140688   0.0035062    0.427196
IMAGINARY
          0   0.0257545  0.00191697  -0.0043633
 -0.0257545           0  -0.0117657 -0.00457654
-0.00191697   0.0117657           0  -0.0137864
  0.0043633  0.00457654   0.0137864           0
Repeater1[0]<--->HoM1[0]
REAL
   0.429306 -0.00262749   0.0111584     0.37684
-0.00262749   0.0514139   0.0188002  -0.0065349
  0.0111584   0.0188002   0.0604113    0.013856
    0.37684  -0.0065349    0.013856    0.458869
IMAGINARY
          0 -0.00849766   0.0125157  0.00200292
 0.00849766           0 -0.00642769  -0.0062343
 -0.0125157  0.00642769           0   0.0059851
-0.00200292   0.0062343  -0.0059851           0
EndNode1[0]<--->Repeater1[0]
REAL
    0.445479   0.00237169    0.0161203     0.369255
  0.00237169    0.0691489    0.0228902 -0.000293823
   0.0161203    0.0228902       0.0625   0.00173148
    0.369255 -0.000293823   0.00173148     0.422872
IMAGINARY
           0    0.0106659   0.00785586  0.000671212
  -0.0106659            0    0.0222398    -0.012657
 -0.00785586   -0.0222398            0    0.0243135
-0.000671212     0.012657   -0.0243135            0
EndNode2[0]<--->HoM1[0]
REAL
    0.414005 -8.35626e-05   -0.0026739     0.373989
-8.35626e-05    0.0675676    0.0312057    0.0169596
  -0.0026739    0.0312057    0.0565111   0.00527837
    0.373989    0.0169596   0.00527837     0.461916
IMAGINARY
           0    0.0130768  0.000982962    0.0179439
  -0.0130768            0  -0.00185809 -0.000982962
-0.000982962   0.00185809            0   0.00754175
  -0.0179439  0.000982962  -0.00754175            0
Repeater1[0]<--->EndNode1[0]
REAL
    0.445479    0.0161203   0.00237169     0.369255
   0.0161203       0.0625    0.0228902   0.00173148
  0.00237169    0.0228902    0.0691489 -0.000293823
    0.369255   0.00173148 -0.000293823     0.422872
IMAGINARY
           0   0.00785586    0.0106659  0.000671212
 -0.00785586            0   -0.0222398    0.0243135
  -0.0106659    0.0222398            0    -0.012657
-0.000671212   -0.0243135     0.012657            0
Repeater1[0]<--->HoM1[0]
REAL
    0.414005   -0.0026739 -8.35626e-05     0.373989
  -0.0026739    0.0565111    0.0312057   0.00527837
-8.35626e-05    0.0312057    0.0675676    0.0169596
    0.373989   0.00527837    0.0169596     0.461916
IMAGINARY
           0  0.000982962    0.0130768    0.0179439
-0.000982962            0   0.00185809   0.00754175
  -0.0130768  -0.00185809            0 -0.000982962
  -0.0179439  -0.00754175  0.000982962            0
EndNode1[0]<--->Repeater1[0]
REAL
    0.47526  -0.0137242   -0.014664    0.378503
 -0.0137242   0.0533854   0.0205795 0.000902579
  -0.014664   0.0205795   0.0494792 -0.00134792
   0.378503 0.000902579 -0.00134792    0.421875
IMAGINARY
          0   0.0153469  0.00352372  0.00317966
 -0.0153469           0  0.00134816   0.0101375
-0.00352372 -0.00134816           0  0.00377878
-0.00317966  -0.0101375 -0.00377878           0
EndNode2[0]<--->HoM1[0]
REAL
   0.447334 -0.00156588   0.0105742    0.391968
-0.00156588   0.0364109   0.0230115 0.000896783
  0.0105742   0.0230115   0.0702211 0.000891119
   0.391968 0.000896783 0.000891119    0.446034
IMAGINARY
          0   0.0148114  -0.0150509    0.016506
 -0.0148114           0  0.00674986 -0.00912209
  0.0150509 -0.00674986           0  0.00300034
  -0.016506  0.00912209 -0.00300034           0
Repeater1[0]<--->EndNode1[0]
REAL
    0.47526   -0.014664  -0.0137242    0.378503
  -0.014664   0.0494792   0.0205795 -0.00134792
 -0.0137242   0.0205795   0.0533854 0.000902579
   0.378503 -0.00134792 0.000902579    0.421875
IMAGINARY
          0  0.00352372   0.0153469  0.00317966
-0.00352372           0 -0.00134816  0.00377878
 -0.0153469  0.00134816           0   0.0101375
-0.00317966 -0.00377878  -0.0101375           0
Repeater1[0]<--->HoM1[0]
REAL
   0.447334   0.0105742 -0.00156588    0.391968
  0.0105742   0.0702211   0.0230115 0.000891119
-0.00156588   0.0230115   0.0364109 0.000896783
   0.391968 0.000891119 0.000896783    0.446034
IMAGINARY
          0  -0.0150509   0.0148114    0.016506
  0.0150509           0 -0.00674986  0.00300034
 -0.0148114  0.00674986           0 -0.00912209
  -0.016506 -0.00300034  0.00912209           0
EndNode1[0]<--->Repeater1[0]
REAL
  0.465359 -0.0110412 0.00366925   0.364045
-0.0110412  0.0588235   0.018382 -0.0207363
0.00366925   0.018382  0.0627451 0.00535222
  0.364045 -0.0207363 0.00535222   0.413072
IMAGINARY
          0   0.0188288 -0.00713758  -0.0211132
 -0.0188288           0  0.00787232  0.00458656
 0.00713758 -0.00787232           0 -0.00479823
  0.0211132 -0.00458656  0.00479823           0
EndNode2[0]<--->HoM1[0]
REAL
   0.458122   -0.015259 -0.00520116    0.363501
  -0.015259   0.0520305   0.0281436 -0.00785368
-0.00520116   0.0281436   0.0558376 -0.00171224
   0.363501 -0.00785368 -0.00171224     0.43401
IMAGINARY
          0  -0.0114986   0.0177084  -0.0216335
  0.0114986           0     0.01075 -0.00218887
 -0.0177084    -0.01075           0  -0.0121182
  0.0216335  0.00218887   0.0121182           0
Repeater1[0]<--->EndNode1[0]
REAL
  0.465359 0.00366925 -0.0110412   0.364045
0.00366925  0.0627451   0.018382 0.00535222
-0.0110412   0.018382  0.0588235 -0.0207363
  0.364045 0.00535222 -0.0207363   0.413072
IMAGINARY
          0 -0.00713758   0.0188288  -0.0211132
 0.00713758           0 -0.00787232 -0.00479823
 -0.0188288  0.00787232           0  0.00458656
  0.0211132  0.00479823 -0.00458656           0
Repeater1[0]<--->HoM1[0]
REAL
   0.458122 -0.00520116   -0.015259    0.363501
-0.00520116   0.0558376   0.0281436 -0.00171224
  -0.015259   0.0281436   0.0520305 -0.00785368
   0.363501 -0.00171224 -0.00785368     0.43401
IMAGINARY
          0   0.0177084  -0.0114986  -0.0216335
 -0.0177084           0    -0.01075  -0.0121182
  0.0114986     0.01075           0 -0.00218887
  0.0216335   0.0121182  0.00218887           0
EndNode1[0]<--->Repeater1[0]
REAL
  0.437817 -0.0092874 -0.0134296   0.364868
-0.0092874  0.0469543   0.033882 0.00592957
-0.0134296   0.033882  0.0659898  0.0055374
  0.364868 0.00592957  0.0055374   0.449239
IMAGINARY
         0 -0.0174499  0.0234552 -0.0128131
 0.0174499          0 -0.0057528  0.0143169
-0.0234552  0.0057528          0 -0.0100789
 0.0128131 -0.0143169  0.0100789          0
EndNode2[0]<--->HoM1[0]
REAL
   0.444588   -0.029687  -0.0183676    0.363809
  -0.029687   0.0631443   0.0358241 0.000619742
 -0.0183676   0.0358241   0.0476804 -0.00274875
   0.363809 0.000619742 -0.00274875    0.444588
IMAGINARY
           0 -0.000603286   0.00578166  -0.00220629
 0.000603286            0  -0.00799779   0.00512977
 -0.00578166   0.00799779            0  -0.00260596
  0.00220629  -0.00512977   0.00260596            0
Repeater1[0]<--->EndNode1[0]
REAL
  0.437817 -0.0134296 -0.0092874   0.364868
-0.0134296  0.0659898   0.033882  0.0055374
-0.0092874   0.033882  0.0469543 0.00592957
  0.364868  0.0055374 0.00592957   0.449239
IMAGINARY
         0  0.0234552 -0.0174499 -0.0128131
-0.0234552          0  0.0057528 -0.0100789
 0.0174499 -0.0057528          0  0.0143169
 0.0128131  0.0100789 -0.0143169          0
Repeater1[0]<--->HoM1[0]
REAL
   0.444588  -0.0183676   -0.029687    0.363809
 -0.0183676   0.0476804   0.0358241 -0.00274875
  -0.029687   0.0358241   0.0631443 0.000619742
   0.363809 -0.00274875 0.000619742    0.444588
IMAGINARY
           0   0.00578166 -0.000603286  -0.00220629
 -0.00578166            0   0.00799779  -0.00260596
 0.000603286  -0.00799779            0   0.00512977
  0.00220629   0.00260596  -0.00512977            0
EndNode1[0]<--->Repeater1[0]
REAL
  0.44357 0.0318083  0.023233  0.365828
0.0318083 0.0524934 0.0230608  0.028401
 0.023233 0.0230608 0.0603675 0.0132898
 0.365828  0.028401 0.0132898   0.44357
IMAGINARY
           0 -0.000481917  -0.00351139   -0.0059421
 0.000481917            0    0.0223355  -0.00214899
  0.00351139   -0.0223355            0   0.00236871
   0.0059421   0.00214899  -0.00236871            0
EndNode2[0]<--->HoM1[0]
REAL
    0.43932   0.0304664   0.0353244    0.381428
  0.0304664   0.0449029   0.0110321 -0.00504014
  0.0353244   0.0110321   0.0509709 -0.00636257
   0.381428 -0.00504014 -0.00636257    0.464806
IMAGINARY
           0   0.00733311 -7.69318e-06    0.0152664
 -0.00733311            0   -0.0166214    0.0075111
 7.69318e-06    0.0166214            0   -0.0134723
  -0.0152664   -0.0075111    0.0134723            0
Repeater1[0]<--->EndNode1[0]
REAL
  0.44357  0.023233 0.0318083  0.365828
 0.023233 0.0603675 0.0230608 0.0132898
0.0318083 0.0230608 0.0524934  0.028401
 0.365828 0.0132898  0.028401   0.44357
IMAGINARY
           0  -0.00351139 -0.000481917   -0.0059421
  0.00351139            0   -0.0223355   0.00236871
 0.000481917    0.0223355            0  -0.00214899
   0.0059421  -0.00236871   0.00214899            0
Repeater1[0]<--->HoM1[0]
REAL
    0.43932   0.0353244   0.0304664    0.381428
  0.0353244   0.0509709   0.0110321 -0.00636257
  0.0304664   0.0110321   0.0449029 -0.00504014
   0.381428 -0.00636257 -0.00504014    0.464806
IMAGINARY
           0 -7.69318e-06   0.00733311    0.0152664
 7.69318e-06            0    0.0166214   -0.0134723
 -0.00733311   -0.0166214            0    0.0075111
  -0.0152664    0.0134723   -0.0075111            0
EndNode1[0]<--->Repeater1[0]
REAL
   0.465234 -0.00382108  0.00692777    0.376511
-0.00382108   0.0530973   0.0152165 -0.00814431
 0.00692777   0.0152165   0.0530973   0.0135534
   0.376511 -0.00814431   0.0135534    0.428571
IMAGINARY
          0  0.00408453  0.00370814   0.0141059
-0.00408453           0 -0.00816134 -0.00701065
-0.00370814  0.00816134           0  0.00846501
 -0.0141059  0.00701065 -0.00846501           0
EndNode2[0]<--->HoM1[0]
REAL
    0.458488    0.0174352 -0.000181311     0.373115
   0.0174352     0.047088    0.0243535   0.00777625
-0.000181311    0.0243535    0.0483271   0.00155212
    0.373115   0.00777625   0.00155212     0.446097
IMAGINARY
           0  -0.00168265 -0.000346423   -0.0170596
  0.00168265            0   0.00552109    0.0101248
 0.000346423  -0.00552109            0   -0.0107033
   0.0170596   -0.0101248    0.0107033            0
Repeater1[0]<--->EndNode1[0]
REAL
   0.465234  0.00692777 -0.00382108    0.376511
 0.00692777   0.0530973   0.0152165   0.0135534
-0.00382108   0.0152165   0.0530973 -0.00814431
   0.376511   0.0135534 -0.00814431    0.428571
IMAGINARY
          0  0.00370814  0.00408453   0.0141059
-0.00370814           0  0.00816134  0.00846501
-0.00408453 -0.00816134           0 -0.00701065
 -0.0141059 -0.00846501  0.00701065           0
Repeater1[0]<--->HoM1[0]
REAL
    0.458488 -0.000181311    0.0174352     0.373115
-0.000181311    0.0483271    0.0243535   0.00155212
   0.0174352    0.0243535     0.047088   0.00777625
    0.373115   0.00155212   0.00777625     0.446097
IMAGINARY
           0 -0.000346423  -0.00168265   -0.0170596
 0.000346423            0  -0.00552109   -0.0107033
  0.00168265   0.00552109            0    0.0101248
   0.0170596    0.0107033   -0.0101248            0
EndNode1[0]<--->Repeater1[0]
REAL
   0.450462  -0.0203796  -0.0171312    0.356358
 -0.0203796   0.0541612   0.0249551  -0.0119092
 -0.0171312   0.0249551   0.0554822 -0.00866083
   0.356358  -0.0119092 -0.00866083    0.439894
IMAGINARY
           0     0.018018 -0.000764206   -0.0116664
   -0.018018            0   0.00517294   -0.0050273
 0.000764206  -0.00517294            0  -0.00579151
   0.0116664    0.0050273   0.00579151            0
EndNode2[0]<--->HoM1[0]
REAL
   0.455882 -0.00366109   -0.024001    0.362029
-0.00366109   0.0548128   0.0286955  0.00684729
  -0.024001   0.0286955   0.0628342 -0.00841007
   0.362029  0.00684729 -0.00841007    0.426471
IMAGINARY
          0  -0.0254841  0.00126582 -0.00398773
  0.0254841           0  0.00398773 -0.00126582
-0.00126582 -0.00398773           0 -0.00070642
 0.00398773  0.00126582  0.00070642           0
Repeater1[0]<--->EndNode1[0]
REAL
   0.450462  -0.0171312  -0.0203796    0.356358
 -0.0171312   0.0554822   0.0249551 -0.00866083
 -0.0203796   0.0249551   0.0541612  -0.0119092
   0.356358 -0.00866083  -0.0119092    0.439894
IMAGINARY
           0 -0.000764206     0.018018   -0.0116664
 0.000764206            0  -0.00517294  -0.00579151
   -0.018018   0.00517294            0   -0.0050273
   0.0116664   0.00579151    0.0050273            0
Repeater1[0]<--->HoM1[0]
REAL
   0.455882   -0.024001 -0.00366109    0.362029
  -0.024001   0.0628342   0.0286955 -0.00841007
-0.00366109   0.0286955   0.0548128  0.00684729
   0.362029 -0.00841007  0.00684729    0.426471
IMAGINARY
          0  0.00126582  -0.0254841 -0.00398773
-0.00126582           0 -0.00398773 -0.00070642
  0.0254841  0.00398773           0 -0.00126582
 0.00398773  0.00070642  0.00126582           0
EndNode1[0]<--->Repeater1[0]
REAL
  0.439024 -0.0208969 -0.0205721   0.370732
-0.0208969  0.0596206   0.022584 -0.0231297
-0.0205721   0.022584  0.0623306 -0.0215196
  0.370732 -0.0231297 -0.0215196   0.439024
IMAGINARY
          0  0.00480214  0.00987654   0.0148964
-0.00480214           0   0.0123057  0.00987654
-0.00987654  -0.0123057           0 -0.00850584
 -0.0148964 -0.00987654  0.00850584           0
EndNode2[0]<--->HoM1[0]
REAL
   0.421185  -0.0239606  -0.0367779    0.379855
 -0.0239606   0.0491803     0.04312   0.0015853
 -0.0367779     0.04312   0.0491803 -0.00857595
   0.379855   0.0015853 -0.00857595    0.480454
IMAGINARY
          0  0.00300691 -0.00162767  0.00250748
-0.00300691           0 -0.00120539    0.037342
 0.00162767  0.00120539           0  -0.0208641
-0.00250748   -0.037342   0.0208641           0
Repeater1[0]<--->EndNode1[0]
REAL
  0.439024 -0.0205721 -0.0208969   0.370732
-0.0205721  0.0623306   0.022584 -0.0215196
-0.0208969   0.022584  0.0596206 -0.0231297
  0.370732 -0.0215196 -0.0231297   0.439024
IMAGINARY
          0  0.00987654  0.00480214   0.0148964
-0.00987654           0  -0.0123057 -0.00850584
-0.00480214   0.0123057           0  0.00987654
 -0.0148964  0.00850584 -0.00987654           0
Repeater1[0]<--->HoM1[0]
REAL
   0.421185  -0.0367779  -0.0239606    0.379855
 -0.0367779   0.0491803     0.04312 -0.00857595
 -0.0239606     0.04312   0.0491803   0.0015853
   0.379855 -0.00857595   0.0015853    0.480454
IMAGINARY
          0 -0.00162767  0.00300691  0.00250748
 0.00162767           0  0.00120539  -0.0208641
-0.00300691 -0.00120539           0    0.037342
-0.00250748   0.0208641   -0.037342           0
EndNode1[0]<--->Repeater1[0]
REAL
  0.428571  0.0105071  0.0131208   0.366241
 0.0105071  0.0606827  0.0219077 -0.0031341
 0.0131208  0.0219077  0.0480405  0.0181214
  0.366241 -0.0031341  0.0181214   0.462705
IMAGINARY
          0   0.0128197   0.0062163   0.0214052
 -0.0128197           0 -0.00129421  -0.0168016
 -0.0062163  0.00129421           0  0.00897356
 -0.0214052   0.0168016 -0.00897356           0
EndNode2[0]<--->HoM1[0]
REAL
   0.482385 -0.00272076   0.0229126    0.353131
-0.00272076   0.0392954   0.0276718  0.00029949
  0.0229126   0.0276718   0.0487805  0.00460281
   0.353131  0.00029949  0.00460281    0.429539
IMAGINARY
           0   -0.0140584   0.00666763  0.000190756
   0.0140584            0     0.007385    -0.019791
 -0.00666763    -0.007385            0    0.0206201
