EndNode1[0]<--->Repeater1[0]
REAL
   0.393359 -0.00229529   0.0127043    0.362741
-0.00229529   0.0996169   0.0508719 -0.00485093
  0.0127043   0.0508719   0.0881226  0.00491309
   0.362741 -0.00485093  0.00491309    0.418902
IMAGINARY
           0 -0.000680379   -0.0147257    0.0287727
 0.000680379            0   0.00109743   0.00336211
   0.0147257  -0.00109743            0   0.00320563
  -0.0287727  -0.00336211  -0.00320563            0
EndNode2[0]<--->HoM1[0]
REAL
   0.420253   0.0148842 0.000670603    0.354596
  0.0148842   0.0898734   0.0441383  0.00439269
0.000670603   0.0441383   0.0974684 -0.00222602
   0.354596  0.00439269 -0.00222602    0.392405
IMAGINARY
           0  6.93889e-18   -0.0199183    0.0175181
-6.93889e-18            0    0.0143415  -0.00165035
   0.0199183   -0.0143415            0   0.00196078
  -0.0175181   0.00165035  -0.00196078            0
Repeater1[0]<--->EndNode1[0]
REAL
   0.393359   0.0127043 -0.00229529    0.362741
  0.0127043   0.0881226   0.0508719  0.00491309
-0.00229529   0.0508719   0.0996169 -0.00485093
   0.362741  0.00491309 -0.00485093    0.418902
IMAGINARY
           0   -0.0147257 -0.000680379    0.0287727
   0.0147257            0  -0.00109743   0.00320563
 0.000680379   0.00109743            0   0.00336211
  -0.0287727  -0.00320563  -0.00336211            0
Repeater1[0]<--->HoM1[0]
REAL
   0.420253 0.000670603   0.0148842    0.354596
0.000670603   0.0974684   0.0441383 -0.00222602
  0.0148842   0.0441383   0.0898734  0.00439269
   0.354596 -0.00222602  0.00439269    0.392405
IMAGINARY
           0   -0.0199183  6.93889e-18    0.0175181
   0.0199183            0   -0.0143415   0.00196078
-6.93889e-18    0.0143415            0  -0.00165035
  -0.0175181  -0.00196078   0.00165035            0
EndNode1[0]<--->Repeater1[0]
REAL
    0.396129   0.00398514  -0.00739854     0.348383
  0.00398514    0.0735484    0.0481239      0.01322
 -0.00739854    0.0481239    0.0890323 -0.000750989
    0.348383      0.01322 -0.000750989      0.44129
IMAGINARY
          0  -0.0160039   -0.015434   0.0160606
  0.0160039           0   0.0148199 -0.00985781
   0.015434  -0.0148199           0   0.0231375
 -0.0160606  0.00985781  -0.0231375           0
EndNode2[0]<--->HoM1[0]
REAL
    0.38546   0.0128919 -0.00630359    0.360038
  0.0128919    0.109739   0.0579947 -0.00567624
-0.00630359   0.0579947    0.085048  -0.0210887
   0.360038 -0.00567624  -0.0210887    0.419753
IMAGINARY
          0  -0.0168542  0.00417281 -0.00647788
  0.0168542           0  0.00918791 -0.00736565
-0.00417281 -0.00918791           0 -0.00166432
 0.00647788  0.00736565  0.00166432           0
Repeater1[0]<--->EndNode1[0]
REAL
    0.396129  -0.00739854   0.00398514     0.348383
 -0.00739854    0.0890323    0.0481239 -0.000750989
  0.00398514    0.0481239    0.0735484      0.01322
    0.348383 -0.000750989      0.01322      0.44129
IMAGINARY
          0   -0.015434  -0.0160039   0.0160606
   0.015434           0  -0.0148199   0.0231375
  0.0160039   0.0148199           0 -0.00985781
 -0.0160606  -0.0231375  0.00985781           0
Repeater1[0]<--->HoM1[0]
REAL
    0.38546 -0.00630359   0.0128919    0.360038
-0.00630359    0.085048   0.0579947  -0.0210887
  0.0128919   0.0579947    0.109739 -0.00567624
   0.360038  -0.0210887 -0.00567624    0.419753
IMAGINARY
          0  0.00417281  -0.0168542 -0.00647788
-0.00417281           0 -0.00918791 -0.00166432
  0.0168542  0.00918791           0 -0.00736565
 0.00647788  0.00166432  0.00736565           0
EndNode1[0]<--->Repeater1[0]
REAL
   0.420526  -0.0234335 -0.00329512    0.350178
 -0.0234335    0.111389   0.0434666  -0.0168086
-0.00329512   0.0434666   0.0888611  -0.0122345
   0.350178  -0.0168086  -0.0122345    0.379224
IMAGINARY
          0 -0.00933247  0.00154404   0.0138967
 0.00933247           0   0.0189218  0.00583851
-0.00154404  -0.0189218           0  -0.0034192
 -0.0138967 -0.00583851   0.0034192           0
EndNode2[0]<--->HoM1[0]
REAL
    0.397972   -0.0231671 -0.000247394     0.362122
  -0.0231671    0.0963245    0.0473549   -0.0428926
-0.000247394    0.0473549    0.0684411 -0.000170995
    0.362122   -0.0428926 -0.000170995     0.437262
IMAGINARY
          0 -0.00977237  0.00417547  -0.0114264
 0.00977237           0    0.007184   0.0100732
-0.00417547   -0.007184           0    0.012363
  0.0114264  -0.0100732   -0.012363           0
Repeater1[0]<--->EndNode1[0]
REAL
   0.420526 -0.00329512  -0.0234335    0.350178
-0.00329512   0.0888611   0.0434666  -0.0122345
 -0.0234335   0.0434666    0.111389  -0.0168086
   0.350178  -0.0122345  -0.0168086    0.379224
IMAGINARY
          0  0.00154404 -0.00933247   0.0138967
-0.00154404           0  -0.0189218  -0.0034192
 0.00933247   0.0189218           0  0.00583851
 -0.0138967   0.0034192 -0.00583851           0
Repeater1[0]<--->HoM1[0]
REAL
    0.397972 -0.000247394   -0.0231671     0.362122
-0.000247394    0.0684411    0.0473549 -0.000170995
  -0.0231671    0.0473549    0.0963245   -0.0428926
    0.362122 -0.000170995   -0.0428926     0.437262
IMAGINARY
          0  0.00417547 -0.00977237  -0.0114264
-0.00417547           0   -0.007184    0.012363
 0.00977237    0.007184           0   0.0100732
  0.0114264   -0.012363  -0.0100732           0
EndNode1[0]<--->Repeater1[0]
REAL
   0.412678  0.00577953 -0.00387303    0.358865
 0.00577953   0.0866753   0.0236449  0.00320548
-0.00387303   0.0236449    0.103493   0.0149147
   0.358865  0.00320548   0.0149147    0.397154
IMAGINARY
          0  -0.0194303   0.0126991  0.00196283
  0.0194303           0 -0.00451385 -0.00326514
 -0.0126991  0.00451385           0  -0.0113874
-0.00196283  0.00326514   0.0113874           0
EndNode2[0]<--->HoM1[0]
REAL
  0.382429 -0.0171404  0.0164205   0.366874
-0.0171404  0.0943152  0.0527796 0.00273893
 0.0164205  0.0527796  0.0943152  0.0202307
  0.366874 0.00273893  0.0202307   0.428941
IMAGINARY
          0  -0.0271747  -0.0039469 -0.00456031
  0.0271747           0   -0.020773   0.0130599
  0.0039469    0.020773           0  0.00712609
 0.00456031  -0.0130599 -0.00712609           0
Repeater1[0]<--->EndNode1[0]
REAL
   0.412678 -0.00387303  0.00577953    0.358865
-0.00387303    0.103493   0.0236449   0.0149147
 0.00577953   0.0236449   0.0866753  0.00320548
   0.358865   0.0149147  0.00320548    0.397154
IMAGINARY
          0   0.0126991  -0.0194303  0.00196283
 -0.0126991           0  0.00451385  -0.0113874
  0.0194303 -0.00451385           0 -0.00326514
-0.00196283   0.0113874  0.00326514           0
Repeater1[0]<--->HoM1[0]
REAL
  0.382429  0.0164205 -0.0171404   0.366874
 0.0164205  0.0943152  0.0527796  0.0202307
-0.0171404  0.0527796  0.0943152 0.00273893
  0.366874  0.0202307 0.00273893   0.428941
IMAGINARY
          0  -0.0039469  -0.0271747 -0.00456031
  0.0039469           0    0.020773  0.00712609
  0.0271747   -0.020773           0   0.0130599
 0.00456031 -0.00712609  -0.0130599           0
EndNode1[0]<--->Repeater1[0]
REAL
  0.430693  0.0120481  0.0124461   0.368431
 0.0120481  0.0977723  0.0340364 0.00459269
 0.0124461  0.0340364  0.0779703 0.00616576
  0.368431 0.00459269 0.00616576   0.393564
IMAGINARY
          0 -0.00450778  0.00489956  0.00774345
 0.00450778           0  -0.0297073   -0.033562
-0.00489956   0.0297073           0  0.00514473
-0.00774345    0.033562 -0.00514473           0
EndNode2[0]<--->HoM1[0]
REAL
    0.383721 -0.000674691    0.0122352     0.367583
-0.000674691     0.103359    0.0565003 -0.000455125
   0.0122352    0.0565003    0.0865633  -0.00325201
    0.367583 -0.000455125  -0.00325201     0.426357
IMAGINARY
          0   -0.018406   0.0129491  0.00979136
   0.018406           0  0.00392435    0.007202
 -0.0129491 -0.00392435           0   0.0108493
-0.00979136   -0.007202  -0.0108493           0
Repeater1[0]<--->EndNode1[0]
REAL
  0.430693  0.0124461  0.0120481   0.368431
 0.0124461  0.0779703  0.0340364 0.00616576
 0.0120481  0.0340364  0.0977723 0.00459269
  0.368431 0.00616576 0.00459269   0.393564
IMAGINARY
          0  0.00489956 -0.00450778  0.00774345
-0.00489956           0   0.0297073  0.00514473
 0.00450778  -0.0297073           0   -0.033562
-0.00774345 -0.00514473    0.033562           0
Repeater1[0]<--->HoM1[0]
REAL
    0.383721    0.0122352 -0.000674691     0.367583
   0.0122352    0.0865633    0.0565003  -0.00325201
-0.000674691    0.0565003     0.103359 -0.000455125
    0.367583  -0.00325201 -0.000455125     0.426357
IMAGINARY
          0   0.0129491   -0.018406  0.00979136
 -0.0129491           0 -0.00392435   0.0108493
   0.018406  0.00392435           0    0.007202
-0.00979136  -0.0108493   -0.007202           0
EndNode1[0]<--->Repeater1[0]
REAL
   0.415465 -0.00166694  0.00752355    0.345686
-0.00166694     0.08519   0.0516829  0.00168698
 0.00752355   0.0516829   0.0904325 -0.00228043
   0.345686  0.00168698 -0.00228043    0.408912
IMAGINARY
           0   0.00572321   -0.0015817   0.00830078
 -0.00572321            0    0.0129612 -0.000373971
   0.0015817   -0.0129612            0  -0.00898267
 -0.00830078  0.000373971   0.00898267            0
EndNode2[0]<--->HoM1[0]
REAL
   0.402145 -0.00428293 -0.00527954    0.347944
-0.00428293   0.0924933   0.0615976   0.0133341
-0.00527954   0.0615976    0.105898   0.0185332
   0.347944   0.0133341   0.0185332    0.399464
IMAGINARY
          0  0.00904673  0.00319023  6.7318e-05
-0.00904673           0  0.00379866  0.00123455
-0.00319023 -0.00379866           0 -0.00209351
-6.7318e-05 -0.00123455  0.00209351           0
Repeater1[0]<--->EndNode1[0]
REAL
   0.415465  0.00752355 -0.00166694    0.345686
 0.00752355   0.0904325   0.0516829 -0.00228043
-0.00166694   0.0516829     0.08519  0.00168698
   0.345686 -0.00228043  0.00168698    0.408912
IMAGINARY
           0   -0.0015817   0.00572321   0.00830078
   0.0015817            0   -0.0129612  -0.00898267
 -0.00572321    0.0129612            0 -0.000373971
 -0.00830078   0.00898267  0.000373971            0
Repeater1[0]<--->HoM1[0]
REAL
   0.402145 -0.00527954 -0.00428293    0.347944
-0.00527954    0.105898   0.0615976   0.0185332
-0.00428293   0.0615976   0.0924933   0.0133341
   0.347944   0.0185332   0.0133341    0.399464
IMAGINARY
          0  0.00319023  0.00904673  6.7318e-05
-0.00319023           0 -0.00379866 -0.00209351
-0.00904673  0.00379866           0  0.00123455
-6.7318e-05  0.00209351 -0.00123455           0
EndNode1[0]<--->Repeater1[0]
REAL
    0.40458  0.00255215  0.00931409    0.358213
 0.00255215    0.103053   0.0491225   0.0144954
 0.00931409   0.0491225   0.0788804 0.000665355
   0.358213   0.0144954 0.000665355    0.413486
IMAGINARY
          0  -0.0180829 -0.00157428   0.0283563
  0.0180829           0 -0.00255773  0.00287298
 0.00157428  0.00255773           0   0.0050959
 -0.0283563 -0.00287298  -0.0050959           0
EndNode2[0]<--->HoM1[0]
REAL
    0.37625   0.0147442   0.0124224    0.351648
  0.0147442        0.11   0.0454464 -0.00515847
  0.0124224   0.0454464      0.0975 0.000994249
   0.351648 -0.00515847 0.000994249     0.41625
IMAGINARY
          0 -0.00167785  -0.0216042   0.0309678
 0.00167785           0   -0.015261   0.0061003
  0.0216042    0.015261           0  0.00167785
 -0.0309678  -0.0061003 -0.00167785           0
Repeater1[0]<--->EndNode1[0]
REAL
    0.40458  0.00931409  0.00255215    0.358213
 0.00931409   0.0788804   0.0491225 0.000665355
 0.00255215   0.0491225    0.103053   0.0144954
   0.358213 0.000665355   0.0144954    0.413486
IMAGINARY
          0 -0.00157428  -0.0180829   0.0283563
 0.00157428           0  0.00255773   0.0050959
  0.0180829 -0.00255773           0  0.00287298
 -0.0283563  -0.0050959 -0.00287298           0
Repeater1[0]<--->HoM1[0]
REAL
    0.37625   0.0124224   0.0147442    0.351648
  0.0124224      0.0975   0.0454464 0.000994249
  0.0147442   0.0454464        0.11 -0.00515847
   0.351648 0.000994249 -0.00515847     0.41625
IMAGINARY
          0  -0.0216042 -0.00167785   0.0309678
  0.0216042           0    0.015261  0.00167785
 0.00167785   -0.015261           0   0.0061003
 -0.0309678 -0.00167785  -0.0061003           0
EndNode1[0]<--->Repeater1[0]
REAL
    0.42203   0.0204321 -0.00257213    0.373617
  0.0204321   0.0891089   0.0400884     0.03176
-0.00257213   0.0400884   0.0767327   0.0112938
   0.373617     0.03176   0.0112938    0.412129
IMAGINARY
          0   0.0157029 -0.00706292  -0.0109467
 -0.0157029           0  -0.0102571 -0.00172958
 0.00706292   0.0102571           0   0.0118469
  0.0109467  0.00172958  -0.0118469           0
EndNode2[0]<--->HoM1[0]
REAL
   0.418758  -0.0161316 -0.00101117     0.35568
 -0.0161316    0.104359   0.0417879  -0.0344319
-0.00101117   0.0417879   0.0739762  -0.0281722
    0.35568  -0.0344319  -0.0281722    0.402906
IMAGINARY
           0    0.0022783   0.00917771     0.026428
  -0.0022783            0   0.00771833   0.00982622
 -0.00917771  -0.00771833            0 -0.000312375
   -0.026428  -0.00982622  0.000312375            0
Repeater1[0]<--->EndNode1[0]
REAL
    0.42203 -0.00257213   0.0204321    0.373617
-0.00257213   0.0767327   0.0400884   0.0112938
  0.0204321   0.0400884   0.0891089     0.03176
   0.373617   0.0112938     0.03176    0.412129
IMAGINARY
          0 -0.00706292   0.0157029  -0.0109467
 0.00706292           0   0.0102571   0.0118469
 -0.0157029  -0.0102571           0 -0.00172958
  0.0109467  -0.0118469  0.00172958           0
Repeater1[0]<--->HoM1[0]
REAL
   0.418758 -0.00101117  -0.0161316     0.35568
-0.00101117   0.0739762   0.0417879  -0.0281722
 -0.0161316   0.0417879    0.104359  -0.0344319
    0.35568  -0.0281722  -0.0344319    0.402906
IMAGINARY
           0   0.00917771    0.0022783     0.026428
 -0.00917771            0  -0.00771833 -0.000312375
  -0.0022783   0.00771833            0   0.00982622
   -0.026428  0.000312375  -0.00982622            0
EndNode1[0]<--->Repeater1[0]
REAL
   0.404792  0.00858106 -0.00811558    0.360075
 0.00858106   0.0832282   0.0595791   0.0186224
-0.00811558   0.0595791    0.103405   0.0105784
   0.360075   0.0186224   0.0105784    0.408575
IMAGINARY
          0  0.00639479   0.0191436  0.00560476
-0.00639479           0  0.00179766 -0.00737158
 -0.0191436 -0.00179766           0 -0.00205774
-0.00560476  0.00737158  0.00205774           0
EndNode2[0]<--->HoM1[0]
REAL
   0.392768 -0.00380667   0.0177827    0.377285
-0.00380667   0.0822943   0.0375813   0.0171601
  0.0177827   0.0375813   0.0910224   0.0273137
   0.377285   0.0171601   0.0273137    0.433915
IMAGINARY
          0  0.00501411   0.0106047  0.00182927
-0.00501411           0  0.00182927  0.00604144
 -0.0106047 -0.00182927           0  0.00300069
-0.00182927 -0.00604144 -0.00300069           0
Repeater1[0]<--->EndNode1[0]
REAL
   0.404792 -0.00811558  0.00858106    0.360075
-0.00811558    0.103405   0.0595791   0.0105784
 0.00858106   0.0595791   0.0832282   0.0186224
   0.360075   0.0105784   0.0186224    0.408575
IMAGINARY
          0   0.0191436  0.00639479  0.00560476
 -0.0191436           0 -0.00179766 -0.00205774
-0.00639479  0.00179766           0 -0.00737158
-0.00560476  0.00205774  0.00737158           0
Repeater1[0]<--->HoM1[0]
REAL
   0.392768   0.0177827 -0.00380667    0.377285
  0.0177827   0.0910224   0.0375813   0.0273137
-0.00380667   0.0375813   0.0822943   0.0171601
   0.377285   0.0273137   0.0171601    0.433915
IMAGINARY
          0   0.0106047  0.00501411  0.00182927
 -0.0106047           0 -0.00182927  0.00300069
-0.00501411  0.00182927           0  0.00604144
-0.00182927 -0.00300069 -0.00604144           0
EndNode1[0]<--->Repeater1[0]
REAL
   0.396505   0.0236793 0.000550321    0.363936
  0.0236793   0.0752688   0.0497425   0.0067538
0.000550321   0.0497425    0.104839 -0.00973506
   0.363936   0.0067538 -0.00973506    0.423387
IMAGINARY
           0  0.000571848   0.00042514    0.0163607
-0.000571848            0   0.00200664  -0.00365095
 -0.00042514  -0.00200664            0    0.0232991
  -0.0163607   0.00365095   -0.0232991            0
EndNode2[0]<--->HoM1[0]
REAL
   0.422018  -0.0054806 -0.00829263     0.35536
 -0.0054806   0.0891219   0.0420763  0.00890313
-0.00829263   0.0420763   0.0825688   0.0109751
    0.35536  0.00890313   0.0109751    0.406291
IMAGINARY
          0  -0.0125913 -0.00683312  0.00613935
  0.0125913           0  -0.0174275  0.00933939
 0.00683312   0.0174275           0   0.0113382
-0.00613935 -0.00933939  -0.0113382           0
Repeater1[0]<--->EndNode1[0]
REAL
   0.396505 0.000550321   0.0236793    0.363936
0.000550321    0.104839   0.0497425 -0.00973506
  0.0236793   0.0497425   0.0752688   0.0067538
   0.363936 -0.00973506   0.0067538    0.423387
IMAGINARY
           0   0.00042514  0.000571848    0.0163607
 -0.00042514            0  -0.00200664    0.0232991
-0.000571848   0.00200664            0  -0.00365095
  -0.0163607   -0.0232991   0.00365095            0
Repeater1[0]<--->HoM1[0]
REAL
   0.422018 -0.00829263  -0.0054806     0.35536
-0.00829263   0.0825688   0.0420763   0.0109751
 -0.0054806   0.0420763   0.0891219  0.00890313
    0.35536   0.0109751  0.00890313    0.406291
IMAGINARY
          0 -0.00683312  -0.0125913  0.00613935
 0.00683312           0   0.0174275   0.0113382
  0.0125913  -0.0174275           0  0.00933939
-0.00613935  -0.0113382 -0.00933939           0
EndNode1[0]<--->Repeater1[0]
REAL
  0.410761 -0.0113029 0.00611667   0.361204
-0.0113029  0.0931759  0.0486207 0.00128575
0.00611667  0.0486207  0.0787402  0.0173595
  0.361204 0.00128575  0.0173595   0.417323
IMAGINARY
          0   0.0021274 -0.00456099  0.00333268
 -0.0021274           0  0.00852749  -0.0014631
 0.00456099 -0.00852749           0    0.019961
-0.00333268   0.0014631   -0.019961           0
EndNode2[0]<--->HoM1[0]
REAL
  0.398406 0.00317641 -0.0130741   0.355543
0.00317641  0.0863214  0.0436615 0.00113777
-0.0130741  0.0436615  0.0916335 -0.0230703
  0.355543 0.00113777 -0.0230703   0.423639
IMAGINARY
          0  -0.0162697  0.00577583 -0.00431067
  0.0162697           0  0.00682956 -0.00701345
-0.00577583 -0.00682956           0  0.00513108
 0.00431067  0.00701345 -0.00513108           0
Repeater1[0]<--->EndNode1[0]
REAL
  0.410761 0.00611667 -0.0113029   0.361204
0.00611667  0.0787402  0.0486207  0.0173595
-0.0113029  0.0486207  0.0931759 0.00128575
  0.361204  0.0173595 0.00128575   0.417323
IMAGINARY
          0 -0.00456099   0.0021274  0.00333268
 0.00456099           0 -0.00852749    0.019961
 -0.0021274  0.00852749           0  -0.0014631
-0.00333268   -0.019961   0.0014631           0
Repeater1[0]<--->HoM1[0]
REAL
  0.398406 -0.0130741 0.00317641   0.355543
-0.0130741  0.0916335  0.0436615 -0.0230703
0.00317641  0.0436615  0.0863214 0.00113777
  0.355543 -0.0230703 0.00113777   0.423639
IMAGINARY
          0  0.00577583  -0.0162697 -0.00431067
-0.00577583           0 -0.00682956  0.00513108
  0.0162697  0.00682956           0 -0.00701345
 0.00431067 -0.00513108  0.00701345           0
EndNode1[0]<--->Repeater1[0]
REAL
   0.409262 0.000312695  -0.0167101    0.346668
0.000312695   0.0913642   0.0493526  -0.0224426
 -0.0167101   0.0493526   0.0826033  -0.0125078
   0.346668  -0.0224426  -0.0125078    0.416771
IMAGINARY
          0  -0.0183019  0.00213033 -0.00785788
  0.0183019           0  0.00851491  0.00793678
-0.00213033 -0.00851491           0   0.0149462
 0.00785788 -0.00793678  -0.0149462           0
EndNode2[0]<--->HoM1[0]
REAL
  0.421466  -0.011471 -0.0312587   0.365124
 -0.011471   0.108639  0.0426071  -0.014876
-0.0312587  0.0426071  0.0759162 -0.0147135
  0.365124  -0.014876 -0.0147135   0.393979
IMAGINARY
           0  -0.00727706  -0.00607913 -0.000965251
  0.00727706            0 -0.000965251   0.00674138
  0.00607913  0.000965251            0  -0.00663023
 0.000965251  -0.00674138   0.00663023            0
Repeater1[0]<--->EndNode1[0]
REAL
   0.409262  -0.0167101 0.000312695    0.346668
 -0.0167101   0.0826033   0.0493526  -0.0125078
0.000312695   0.0493526   0.0913642  -0.0224426
   0.346668  -0.0125078  -0.0224426    0.416771
IMAGINARY
          0  0.00213033  -0.0183019 -0.00785788
-0.00213033           0 -0.00851491   0.0149462
  0.0183019  0.00851491           0  0.00793678
 0.00785788  -0.0149462 -0.00793678           0
Repeater1[0]<--->HoM1[0]
REAL
  0.421466 -0.0312587  -0.011471   0.365124
-0.0312587  0.0759162  0.0426071 -0.0147135
 -0.011471  0.0426071   0.108639  -0.014876
  0.365124 -0.0147135  -0.014876   0.393979
IMAGINARY
           0  -0.00607913  -0.00727706 -0.000965251
  0.00607913            0  0.000965251  -0.00663023
  0.00727706 -0.000965251            0   0.00674138
 0.000965251   0.00663023  -0.00674138            0
EndNode1[0]<--->Repeater1[0]
REAL
     0.39897 -0.000324888 -0.000632111     0.354119
-0.000324888      0.10296    0.0523286   0.00758534
-0.000632111    0.0523286    0.0797941    0.0148634
    0.354119   0.00758534    0.0148634     0.418275
IMAGINARY
          0  -0.0210737  0.00951985   0.0129991
  0.0210737           0 -0.00456848   0.0237282
-0.00951985  0.00456848           0  -0.0108956
 -0.0129991  -0.0237282   0.0108956           0
EndNode2[0]<--->HoM1[0]
REAL
   0.397653   0.0234077 -0.00089136    0.348658
  0.0234077    0.095176   0.0635759  -0.0124065
-0.00089136   0.0635759   0.0873533  -0.0207481
   0.348658  -0.0124065  -0.0207481    0.419817
IMAGINARY
          0 -0.00201931  -0.0132671   0.0237275
 0.00201931           0 -0.00238213  -0.0151779
  0.0132671  0.00238213           0  0.00770831
 -0.0237275   0.0151779 -0.00770831           0
Repeater1[0]<--->EndNode1[0]
REAL
     0.39897 -0.000632111 -0.000324888     0.354119
-0.000632111    0.0797941    0.0523286    0.0148634
-0.000324888    0.0523286      0.10296   0.00758534
    0.354119    0.0148634   0.00758534     0.418275
IMAGINARY
          0  0.00951985  -0.0210737   0.0129991
-0.00951985           0  0.00456848  -0.0108956
  0.0210737 -0.00456848           0   0.0237282
 -0.0129991   0.0108956  -0.0237282           0
Repeater1[0]<--->HoM1[0]
REAL
   0.397653 -0.00089136   0.0234077    0.348658
-0.00089136   0.0873533   0.0635759  -0.0207481
  0.0234077   0.0635759    0.095176  -0.0124065
   0.348658  -0.0207481  -0.0124065    0.419817
IMAGINARY
          0  -0.0132671 -0.00201931   0.0237275
  0.0132671           0  0.00238213  0.00770831
 0.00201931 -0.00238213           0  -0.0151779
 -0.0237275 -0.00770831   0.0151779           0
EndNode1[0]<--->Repeater1[0]
REAL
   0.447861 -0.00624235   0.0131533    0.347277
-0.00624235   0.0815508    0.063527 -0.00184673
  0.0131533    0.063527   0.0909091 -0.00883303
   0.347277 -0.00184673 -0.00883303    0.379679
IMAGINARY
          0 -0.00474083  -0.0278315   0.0203289
 0.00474083           0  -0.0152911  0.00658148
  0.0278315   0.0152911           0  0.00474083
 -0.0203289 -0.00658148 -0.00474083           0
EndNode2[0]<--->HoM1[0]
REAL
     0.41255   -0.0115666  -0.00082755     0.362889
  -0.0115666    0.0974633    0.0431958  -0.00710896
 -0.00082755    0.0431958    0.0814419 -0.000338114
    0.362889  -0.00710896 -0.000338114     0.408545
IMAGINARY
          0  0.00560183  -0.0182766 -0.00536219
-0.00560183           0   0.0190877  0.00421014
  0.0182766  -0.0190877           0    0.012301
 0.00536219 -0.00421014   -0.012301           0
Repeater1[0]<--->EndNode1[0]
REAL
   0.447861   0.0131533 -0.00624235    0.347277
  0.0131533   0.0909091    0.063527 -0.00883303
-0.00624235    0.063527   0.0815508 -0.00184673
   0.347277 -0.00883303 -0.00184673    0.379679
IMAGINARY
          0  -0.0278315 -0.00474083   0.0203289
  0.0278315           0   0.0152911  0.00474083
 0.00474083  -0.0152911           0  0.00658148
 -0.0203289 -0.00474083 -0.00658148           0
Repeater1[0]<--->HoM1[0]
REAL
     0.41255  -0.00082755   -0.0115666     0.362889
 -0.00082755    0.0814419    0.0431958 -0.000338114
  -0.0115666    0.0431958    0.0974633  -0.00710896
    0.362889 -0.000338114  -0.00710896     0.408545
IMAGINARY
          0  -0.0182766  0.00560183 -0.00536219
  0.0182766           0  -0.0190877    0.012301
-0.00560183   0.0190877           0  0.00421014
 0.00536219   -0.012301 -0.00421014           0
EndNode1[0]<--->Repeater1[0]
REAL
  0.393316  0.0110697  -0.015001   0.358167
 0.0110697   0.102828  0.0460615 0.00505075
 -0.015001  0.0460615  0.0886889 -0.0222637
  0.358167 0.00505075 -0.0222637   0.415167
IMAGINARY
          0 -0.00530498   0.0240904   0.0205558
 0.00530498           0   0.0290525   0.0068049
 -0.0240904  -0.0290525           0 -0.00667484
 -0.0205558  -0.0068049  0.00667484           0
EndNode2[0]<--->HoM1[0]
REAL
   0.379731  0.00986493 -0.00247502    0.352197
 0.00986493   0.0866911   0.0613228  0.00795614
-0.00247502   0.0613228    0.101343 -0.00803789
   0.352197  0.00795614 -0.00803789    0.432234
IMAGINARY
          0 -0.00429877   -0.018825 -0.00630098
 0.00429877           0   -0.044464   0.0105867
   0.018825    0.044464           0  0.00619991
 0.00630098  -0.0105867 -0.00619991           0
Repeater1[0]<--->EndNode1[0]
REAL
  0.393316  -0.015001  0.0110697   0.358167
 -0.015001  0.0886889  0.0460615 -0.0222637
 0.0110697  0.0460615   0.102828 0.00505075
  0.358167 -0.0222637 0.00505075   0.415167
IMAGINARY
          0   0.0240904 -0.00530498   0.0205558
 -0.0240904           0  -0.0290525 -0.00667484
 0.00530498   0.0290525           0   0.0068049
 -0.0205558  0.00667484  -0.0068049           0
Repeater1[0]<--->HoM1[0]
REAL
   0.379731 -0.00247502  0.00986493    0.352197
-0.00247502    0.101343   0.0613228 -0.00803789
 0.00986493   0.0613228   0.0866911  0.00795614
   0.352197 -0.00803789  0.00795614    0.432234
IMAGINARY
          0   -0.018825 -0.00429877 -0.00630098
   0.018825           0    0.044464  0.00619991
 0.00429877   -0.044464           0   0.0105867
 0.00630098 -0.00619991  -0.0105867           0
EndNode1[0]<--->Repeater1[0]
REAL
   0.447917  -0.0232139  -0.0108208    0.352226
 -0.0232139   0.0833333   0.0368027 -0.00115899
 -0.0108208   0.0368027     0.09375  0.00366785
   0.352226 -0.00115899  0.00366785       0.375
IMAGINARY
           0   0.00721906    0.0223944  -0.00463787
 -0.00721906            0   -0.0154659  0.000993669
  -0.0223944    0.0154659            0  -0.00279429
  0.00463787 -0.000993669   0.00279429            0
EndNode2[0]<--->HoM1[0]
REAL
   0.404916  0.00564904   0.0147778    0.360628
 0.00564904     0.10608   0.0350465  -0.0236837
  0.0147778   0.0350465   0.0776197 -0.00946583
   0.360628  -0.0236837 -0.00946583    0.411384
IMAGINARY
           0      0.02647   -0.0118164   0.00294634
    -0.02647            0  0.000990668   0.00277247
   0.0118164 -0.000990668            0 -0.000630239
 -0.00294634  -0.00277247  0.000630239            0
Repeater1[0]<--->EndNode1[0]
REAL
   0.447917  -0.0108208  -0.0232139    0.352226
 -0.0108208     0.09375   0.0368027  0.00366785
 -0.0232139   0.0368027   0.0833333 -0.00115899
   0.352226  0.00366785 -0.00115899       0.375
IMAGINARY
           0    0.0223944   0.00721906  -0.00463787
  -0.0223944            0    0.0154659  -0.00279429
 -0.00721906   -0.0154659            0  0.000993669
  0.00463787   0.00279429 -0.000993669            0
Repeater1[0]<--->HoM1[0]
REAL
   0.404916   0.0147778  0.00564904    0.360628
  0.0147778   0.0776197   0.0350465 -0.00946583
 0.00564904   0.0350465     0.10608  -0.0236837
   0.360628 -0.00946583  -0.0236837    0.411384
IMAGINARY
           0   -0.0118164      0.02647   0.00294634
   0.0118164            0 -0.000990668 -0.000630239
    -0.02647  0.000990668            0   0.00277247
 -0.00294634  0.000630239  -0.00277247            0
EndNode1[0]<--->Repeater1[0]
REAL
    0.39085   0.0104701  0.00967004    0.347945
  0.0104701    0.104575    0.051925 -0.00641907
 0.00967004    0.051925    0.112418  0.00188359
   0.347945 -0.00641907  0.00188359    0.392157
IMAGINARY
           0  -0.00577062   0.00283733    0.0100619
  0.00577062            0  0.000409347  -0.00283733
 -0.00283733 -0.000409347            0    0.0132333
  -0.0100619   0.00283733   -0.0132333            0
EndNode2[0]<--->HoM1[0]
REAL
   0.441441   0.0154648  0.00710466    0.351905
  0.0154648   0.0797941   0.0506926  0.00977846
 0.00710466   0.0506926   0.0797941 0.000119574
   0.351905  0.00977846 0.000119574     0.39897
IMAGINARY
           0   0.00244915    -0.020404    0.0098253
 -0.00244915            0   -0.0163527  -0.00929293
    0.020404    0.0163527            0  0.000581154
  -0.0098253   0.00929293 -0.000581154            0
Repeater1[0]<--->EndNode1[0]
REAL
    0.39085  0.00967004   0.0104701    0.347945
 0.00967004    0.112418    0.051925  0.00188359
  0.0104701    0.051925    0.104575 -0.00641907
   0.347945  0.00188359 -0.00641907    0.392157
IMAGINARY
           0   0.00283733  -0.00577062    0.0100619
 -0.00283733            0 -0.000409347    0.0132333
  0.00577062  0.000409347            0  -0.00283733
  -0.0100619   -0.0132333   0.00283733            0
Repeater1[0]<--->HoM1[0]
REAL
   0.441441  0.00710466   0.0154648    0.351905
 0.00710466   0.0797941   0.0506926 0.000119574
  0.0154648   0.0506926   0.0797941  0.00977846
   0.351905 0.000119574  0.00977846     0.39897
IMAGINARY
           0    -0.020404   0.00244915    0.0098253
    0.020404            0    0.0163527  0.000581154
 -0.00244915   -0.0163527            0  -0.00929293
  -0.0098253 -0.000581154   0.00929293            0
EndNode1[0]<--->Repeater1[0]
REAL
   0.409731   0.0114135 0.000992435    0.359977
  0.0114135   0.0793854   0.0665126 -0.00289358
0.000992435   0.0665126   0.0717029  -0.0107797
   0.359977 -0.00289358  -0.0107797    0.439181
IMAGINARY
          0   0.0124151   0.0147489  -0.0201071
 -0.0124151           0 -0.00300725  0.00159099
 -0.0147489  0.00300725           0  -0.0182974
  0.0201071 -0.00159099   0.0182974           0
EndNode2[0]<--->HoM1[0]
REAL
   0.45977 0.00250204 -0.0134032   0.371434
0.00250204  0.0855683  0.0453467 -0.0077428
-0.0134032  0.0453467  0.0791826 -0.0140982
  0.371434 -0.0077428 -0.0140982   0.375479
IMAGINARY
          0  -0.0102178    0.001526  0.00395447
  0.0102178           0  -0.0115494  0.00406407
  -0.001526   0.0115494           0  0.00711216
-0.00395447 -0.00406407 -0.00711216           0
Repeater1[0]<--->EndNode1[0]
REAL
   0.409731 0.000992435   0.0114135    0.359977
0.000992435   0.0717029   0.0665126  -0.0107797
  0.0114135   0.0665126   0.0793854 -0.00289358
   0.359977  -0.0107797 -0.00289358    0.439181
IMAGINARY
          0   0.0147489   0.0124151  -0.0201071
 -0.0147489           0  0.00300725  -0.0182974
 -0.0124151 -0.00300725           0  0.00159099
  0.0201071   0.0182974 -0.00159099           0
Repeater1[0]<--->HoM1[0]
REAL
   0.45977 -0.0134032 0.00250204   0.371434
-0.0134032  0.0791826  0.0453467 -0.0140982
0.00250204  0.0453467  0.0855683 -0.0077428
  0.371434 -0.0140982 -0.0077428   0.375479
IMAGINARY
          0    0.001526  -0.0102178  0.00395447
  -0.001526           0   0.0115494  0.00711216
  0.0102178  -0.0115494           0  0.00406407
-0.00395447 -0.00711216 -0.00406407           0
EndNode1[0]<--->Repeater1[0]
REAL
  0.396635   0.020967 -0.0158423   0.340752
  0.020967  0.0901442  0.0559265  0.0201474
-0.0158423  0.0559265  0.0925481 0.00301826
  0.340752  0.0201474 0.00301826   0.420673
IMAGINARY
           0   -0.0107118 -0.000415159   0.00572202
   0.0107118            0   0.00768281   0.00912163
 0.000415159  -0.00768281            0  -0.00670112
 -0.00572202  -0.00912163   0.00670112            0
EndNode2[0]<--->HoM1[0]
REAL
   0.40458  0.0193406 0.00809218   0.364928
 0.0193406  0.0928753  0.0386048 0.00549478
0.00809218  0.0386048  0.0954198 -0.0125471
  0.364928 0.00549478 -0.0125471   0.407125
IMAGINARY
          0  -0.0139911  0.00700732   0.0019578
  0.0139911           0  0.00936521  0.00452593
-0.00700732 -0.00936521           0    0.010599
 -0.0019578 -0.00452593   -0.010599           0
Repeater1[0]<--->EndNode1[0]
REAL
  0.396635 -0.0158423   0.020967   0.340752
-0.0158423  0.0925481  0.0559265 0.00301826
  0.020967  0.0559265  0.0901442  0.0201474
  0.340752 0.00301826  0.0201474   0.420673
IMAGINARY
           0 -0.000415159   -0.0107118   0.00572202
 0.000415159            0  -0.00768281  -0.00670112
   0.0107118   0.00768281            0   0.00912163
 -0.00572202   0.00670112  -0.00912163            0
Repeater1[0]<--->HoM1[0]
REAL
   0.40458 0.00809218  0.0193406   0.364928
0.00809218  0.0954198  0.0386048 -0.0125471
 0.0193406  0.0386048  0.0928753 0.00549478
  0.364928 -0.0125471 0.00549478   0.407125
IMAGINARY
          0  0.00700732  -0.0139911   0.0019578
-0.00700732           0 -0.00936521    0.010599
  0.0139911  0.00936521           0  0.00452593
 -0.0019578   -0.010599 -0.00452593           0
EndNode1[0]<--->Repeater1[0]
REAL
   0.408112 -0.00436283 -0.00371824    0.351086
-0.00436283   0.0912548   0.0534989 -0.00309712
-0.00371824   0.0534989    0.102662 -0.00369169
   0.351086 -0.00309712 -0.00369169    0.397972
IMAGINARY
           0 -0.000927388   0.00016992  -0.00966465
 0.000927388            0  -0.00516015  -0.00687233
 -0.00016992   0.00516015            0  -0.00711551
  0.00966465   0.00687233   0.00711551            0
EndNode2[0]<--->HoM1[0]
REAL
  0.390604 -0.0114064 -0.0303371   0.373616
-0.0114064   0.103356   0.039602 0.00163218
-0.0303371   0.039602  0.0885906 -0.0132932
  0.373616 0.00163218 -0.0132932    0.41745
IMAGINARY
           0    0.0202341  -0.00371729  -0.00632693
  -0.0202341            0    0.0104689   0.00439756
  0.00371729   -0.0104689            0  0.000854295
  0.00632693  -0.00439756 -0.000854295            0
Repeater1[0]<--->EndNode1[0]
REAL
   0.408112 -0.00371824 -0.00436283    0.351086
-0.00371824    0.102662   0.0534989 -0.00369169
-0.00436283   0.0534989   0.0912548 -0.00309712
   0.351086 -0.00369169 -0.00309712    0.397972
IMAGINARY
           0   0.00016992 -0.000927388  -0.00966465
 -0.00016992            0   0.00516015  -0.00711551
 0.000927388  -0.00516015            0  -0.00687233
  0.00966465   0.00711551   0.00687233            0
Repeater1[0]<--->HoM1[0]
REAL
  0.390604 -0.0303371 -0.0114064   0.373616
-0.0303371  0.0885906   0.039602 -0.0132932
-0.0114064   0.039602   0.103356 0.00163218
  0.373616 -0.0132932 0.00163218    0.41745
IMAGINARY
           0  -0.00371729    0.0202341  -0.00632693
  0.00371729            0   -0.0104689  0.000854295
  -0.0202341    0.0104689            0   0.00439756
  0.00632693 -0.000854295  -0.00439756            0
EndNode1[0]<--->Repeater1[0]
REAL
   0.407459  0.00476489 -0.00315212    0.346419
 0.00476489    0.111878   0.0559552   0.0163447
-0.00315212   0.0559552   0.0953039 0.000512155
   0.346419   0.0163447 0.000512155    0.385359
IMAGINARY
          0   0.0142071 -0.00121515  -0.0133905
 -0.0142071           0 -0.00581477  -0.0169781
 0.00121515  0.00581477           0 -0.00479682
  0.0133905   0.0169781  0.00479682           0
EndNode2[0]<--->HoM1[0]
REAL
   0.365309   0.0136608    0.014145    0.365181
  0.0136608   0.0854139    0.052184 -0.00875577
   0.014145    0.052184   0.0972405  0.00969252
   0.365181 -0.00875577  0.00969252    0.452037
IMAGINARY
          0   0.0155277  -0.0139487 -0.00489104
 -0.0155277           0 -0.00549857  0.00466489
  0.0139487  0.00549857           0 -0.00757013
 0.00489104 -0.00466489  0.00757013           0
Repeater1[0]<--->EndNode1[0]
REAL
   0.407459 -0.00315212  0.00476489    0.346419
-0.00315212   0.0953039   0.0559552 0.000512155
 0.00476489   0.0559552    0.111878   0.0163447
   0.346419 0.000512155   0.0163447    0.385359
IMAGINARY
          0 -0.00121515   0.0142071  -0.0133905
 0.00121515           0  0.00581477 -0.00479682
 -0.0142071 -0.00581477           0  -0.0169781
  0.0133905  0.00479682   0.0169781           0
Repeater1[0]<--->HoM1[0]
REAL
   0.365309    0.014145   0.0136608    0.365181
   0.014145   0.0972405    0.052184  0.00969252
  0.0136608    0.052184   0.0854139 -0.00875577
   0.365181  0.00969252 -0.00875577    0.452037
IMAGINARY
          0  -0.0139487   0.0155277 -0.00489104
  0.0139487           0  0.00549857 -0.00757013
 -0.0155277 -0.00549857           0  0.00466489
 0.00489104  0.00757013 -0.00466489           0
EndNode1[0]<--->Repeater1[0]
REAL
  0.419192  0.0216896 0.00301747   0.364653
 0.0216896  0.0770202  0.0506692  0.0117675
0.00301747  0.0506692   0.102273 0.00519213
  0.364653  0.0117675 0.00519213   0.401515
IMAGINARY
          0 -0.00200704  0.00128205  0.00716146
 0.00200704           0  0.00716146 -0.00128205
-0.00128205 -0.00716146           0   0.0033263
-0.00716146  0.00128205  -0.0033263           0
EndNode2[0]<--->HoM1[0]
REAL
   0.407104   0.0199881 -0.00783542    0.353945
  0.0199881   0.0846995   0.0529179  -0.0117724
-0.00783542   0.0529179   0.0887978  -0.0126351
   0.353945  -0.0117724  -0.0126351    0.419399
IMAGINARY
          0  0.00451578   0.0125013 -0.00713019
-0.00451578           0 -0.00915449 -0.00929202
 -0.0125013  0.00915449           0  0.00896304
 0.00713019  0.00929202 -0.00896304           0
Repeater1[0]<--->EndNode1[0]
REAL
  0.419192 0.00301747  0.0216896   0.364653
0.00301747   0.102273  0.0506692 0.00519213
 0.0216896  0.0506692  0.0770202  0.0117675
  0.364653 0.00519213  0.0117675   0.401515
IMAGINARY
          0  0.00128205 -0.00200704  0.00716146
-0.00128205           0 -0.00716146   0.0033263
 0.00200704  0.00716146           0 -0.00128205
-0.00716146  -0.0033263  0.00128205           0
Repeater1[0]<--->HoM1[0]
REAL
   0.407104 -0.00783542   0.0199881    0.353945
-0.00783542   0.0887978   0.0529179  -0.0126351
  0.0199881   0.0529179   0.0846995  -0.0117724
   0.353945  -0.0126351  -0.0117724    0.419399
IMAGINARY
          0   0.0125013  0.00451578 -0.00713019
 -0.0125013           0  0.00915449  0.00896304
-0.00451578 -0.00915449           0 -0.00929202
 0.00713019 -0.00896304  0.00929202           0
EndNode1[0]<--->Repeater1[0]
REAL
    0.39899  0.00420749 -0.00455307    0.357397
 0.00420749   0.0959596   0.0314918 -0.00148558
-0.00455307   0.0314918   0.0896465  -0.0126616
   0.357397 -0.00148558  -0.0126616    0.415404
IMAGINARY
          0   -0.006466   0.0208393 -0.00326053
   0.006466           0  0.00127903 -0.00134068
 -0.0208393 -0.00127903           0   0.0106443
 0.00326053  0.00134068  -0.0106443           0
EndNode2[0]<--->HoM1[0]
REAL
   0.410904   0.0184525   0.0127288    0.361775
  0.0184525   0.0864362   0.0506919 -0.00477122
  0.0127288   0.0506919   0.0784574 0.000115115
   0.361775 -0.00477122 0.000115115    0.424202
IMAGINARY
           0  0.000123851    -0.010947   0.00398948
-0.000123851            0   -0.0227962 -0.000388003
    0.010947    0.0227962            0   -0.0164966
 -0.00398948  0.000388003    0.0164966            0
Repeater1[0]<--->EndNode1[0]
REAL
    0.39899 -0.00455307  0.00420749    0.357397
-0.00455307   0.0896465   0.0314918  -0.0126616
 0.00420749   0.0314918   0.0959596 -0.00148558
   0.357397  -0.0126616 -0.00148558    0.415404
IMAGINARY
          0   0.0208393   -0.006466 -0.00326053
 -0.0208393           0 -0.00127903   0.0106443
   0.006466  0.00127903           0 -0.00134068
 0.00326053  -0.0106443  0.00134068           0
Repeater1[0]<--->HoM1[0]
REAL
   0.410904   0.0127288   0.0184525    0.361775
  0.0127288   0.0784574   0.0506919 0.000115115
  0.0184525   0.0506919   0.0864362 -0.00477122
   0.361775 0.000115115 -0.00477122    0.424202
IMAGINARY
           0    -0.010947  0.000123851   0.00398948
    0.010947            0    0.0227962   -0.0164966
-0.000123851   -0.0227962            0 -0.000388003
 -0.00398948    0.0164966  0.000388003            0
EndNode1[0]<--->Repeater1[0]
REAL
   0.41761  0.0115486  0.0205276   0.347537
 0.0115486  0.0955975  0.0520821  0.0144152
 0.0205276  0.0520821  0.0679245 0.00687575
  0.347537  0.0144152 0.00687575   0.418868
IMAGINARY
          0  0.00422143  0.00384439   -0.023598
-0.00422143           0   0.0016407 -0.00510702
-0.00384439  -0.0016407           0   0.0222937
   0.023598  0.00510702  -0.0222937           0
EndNode2[0]<--->HoM1[0]
REAL
   0.40274 0.00506312  0.0067848   0.354146
0.00506312  0.0876712  0.0539004  0.0206737
 0.0067848  0.0539004  0.0958904  0.0121783
