EndNode1[0]<--->Repeater1[0]
REAL
   0.422721  -0.0137604    0.017082    0.428655
 -0.0137604   0.0449141   0.0129038  -0.0339651
   0.017082   0.0129038   0.0488771 -0.00182404
   0.428655  -0.0339651 -0.00182404    0.483487
IMAGINARY
           0    0.0223032   0.00762845   -0.0172477
  -0.0223032            0    0.0154027 -0.000912943
 -0.00762845   -0.0154027            0   -0.0180297
   0.0172477  0.000912943    0.0180297            0
EndNode2[0]<--->HoM1[0]
REAL
   0.458387  0.00292904 -0.00106049    0.425552
 0.00292904    0.056338    0.026458  0.00689707
-0.00106049    0.026458   0.0409731  0.00420455
   0.425552  0.00689707  0.00420455    0.444302
IMAGINARY
           0   0.00841721    -0.013315   0.00883872
 -0.00841721            0  0.000252192   0.00749354
    0.013315 -0.000252192            0   0.00516623
 -0.00883872  -0.00749354  -0.00516623            0
Repeater1[0]<--->EndNode1[0]
REAL
   0.422721    0.017082  -0.0137604    0.428655
   0.017082   0.0488771   0.0129038 -0.00182404
 -0.0137604   0.0129038   0.0449141  -0.0339651
   0.428655 -0.00182404  -0.0339651    0.483487
IMAGINARY
           0   0.00762845    0.0223032   -0.0172477
 -0.00762845            0   -0.0154027   -0.0180297
  -0.0223032    0.0154027            0 -0.000912943
   0.0172477    0.0180297  0.000912943            0
Repeater1[0]<--->HoM1[0]
REAL
   0.458387 -0.00106049  0.00292904    0.425552
-0.00106049   0.0409731    0.026458  0.00420455
 0.00292904    0.026458    0.056338  0.00689707
   0.425552  0.00420455  0.00689707    0.444302
IMAGINARY
           0    -0.013315   0.00841721   0.00883872
    0.013315            0 -0.000252192   0.00516623
 -0.00841721  0.000252192            0   0.00749354
 -0.00883872  -0.00516623  -0.00749354            0
EndNode1[0]<--->Repeater1[0]
REAL
   0.477573  0.00306448  0.00687095    0.418236
 0.00306448    0.060686   0.0195691   -0.014188
 0.00687095   0.0195691   0.0488127 -0.00916204
   0.418236   -0.014188 -0.00916204    0.412929
IMAGINARY
          0  -0.0298726   0.0148401  0.00212808
  0.0298726           0 -0.00965202   0.0224932
 -0.0148401  0.00965202           0  -0.0101274
-0.00212808  -0.0224932   0.0101274           0
EndNode2[0]<--->HoM1[0]
REAL
   0.463384 -0.00196191   0.0214813     0.43657
-0.00196191   0.0429293   0.0292095  -0.0284521
  0.0214813   0.0292095   0.0416667 -0.00881122
    0.43657  -0.0284521 -0.00881122     0.45202
IMAGINARY
          0   0.0145827  0.00297291 -0.00923567
 -0.0145827           0 -0.00923567 -0.00678002
-0.00297291  0.00923567           0   0.0057219
 0.00923567  0.00678002  -0.0057219           0
Repeater1[0]<--->EndNode1[0]
REAL
   0.477573  0.00687095  0.00306448    0.418236
 0.00687095   0.0488127   0.0195691 -0.00916204
 0.00306448   0.0195691    0.060686   -0.014188
   0.418236 -0.00916204   -0.014188    0.412929
IMAGINARY
          0   0.0148401  -0.0298726  0.00212808
 -0.0148401           0  0.00965202  -0.0101274
  0.0298726 -0.00965202           0   0.0224932
-0.00212808   0.0101274  -0.0224932           0
Repeater1[0]<--->HoM1[0]
REAL
   0.463384   0.0214813 -0.00196191     0.43657
  0.0214813   0.0416667   0.0292095 -0.00881122
-0.00196191   0.0292095   0.0429293  -0.0284521
    0.43657 -0.00881122  -0.0284521     0.45202
IMAGINARY
          0  0.00297291   0.0145827 -0.00923567
-0.00297291           0  0.00923567   0.0057219
 -0.0145827 -0.00923567           0 -0.00678002
 0.00923567  -0.0057219  0.00678002           0
EndNode1[0]<--->Repeater1[0]
REAL
   0.496782  -0.0138529 -0.00317259     0.42851
 -0.0138529   0.0553411   0.0280121  0.00317259
-0.00317259   0.0280121    0.036036   0.0165703
    0.42851  0.00317259   0.0165703     0.41184
IMAGINARY
          0   0.0128026   0.0129777 -0.00744056
 -0.0128026           0 -0.00564845 -0.00302744
 -0.0129777  0.00564845           0   -0.010315
 0.00744056  0.00302744    0.010315           0
EndNode2[0]<--->HoM1[0]
REAL
   0.465868 -0.00653162 -0.00384884    0.428168
-0.00653162    0.045509   0.0235925 -0.00984086
-0.00384884   0.0235925   0.0491018  -0.0162845
   0.428168 -0.00984086  -0.0162845    0.439521
IMAGINARY
          0  0.00102019 -0.00518022 -0.00334043
-0.00102019           0 -0.00803842  -0.0150812
 0.00518022  0.00803842           0   0.0127053
 0.00334043   0.0150812  -0.0127053           0
Repeater1[0]<--->EndNode1[0]
REAL
   0.496782 -0.00317259  -0.0138529     0.42851
-0.00317259    0.036036   0.0280121   0.0165703
 -0.0138529   0.0280121   0.0553411  0.00317259
    0.42851   0.0165703  0.00317259     0.41184
IMAGINARY
          0   0.0129777   0.0128026 -0.00744056
 -0.0129777           0  0.00564845   -0.010315
 -0.0128026 -0.00564845           0 -0.00302744
 0.00744056    0.010315  0.00302744           0
Repeater1[0]<--->HoM1[0]
REAL
   0.465868 -0.00384884 -0.00653162    0.428168
-0.00384884   0.0491018   0.0235925  -0.0162845
-0.00653162   0.0235925    0.045509 -0.00984086
   0.428168  -0.0162845 -0.00984086    0.439521
IMAGINARY
          0 -0.00518022  0.00102019 -0.00334043
 0.00518022           0  0.00803842   0.0127053
-0.00102019 -0.00803842           0  -0.0150812
 0.00334043  -0.0127053   0.0150812           0
EndNode1[0]<--->Repeater1[0]
REAL
   0.456633  0.00430941  0.00531286    0.428908
 0.00430941   0.0510204   0.0204117 0.000249566
 0.00531286   0.0204117   0.0522959   0.0049613
   0.428908 0.000249566   0.0049613    0.440051
IMAGINARY
          0  -0.0153595  0.00390395   -0.012317
  0.0153595           0  0.00324963    0.026815
-0.00390395 -0.00324963           0  -0.0153595
   0.012317   -0.026815   0.0153595           0
EndNode2[0]<--->HoM1[0]
REAL
   0.421687  -0.0116199 -0.00665298    0.425272
 -0.0116199   0.0669344   0.0198498  -0.0140787
-0.00665298   0.0198498   0.0414993  -0.0103313
   0.425272  -0.0140787  -0.0103313     0.46988
IMAGINARY
           0    0.0179242   0.00582611  0.000904191
  -0.0179242            0   0.00487245    -0.021589
 -0.00582611  -0.00487245            0   0.00666594
-0.000904191     0.021589  -0.00666594            0
Repeater1[0]<--->EndNode1[0]
REAL
   0.456633  0.00531286  0.00430941    0.428908
 0.00531286   0.0522959   0.0204117   0.0049613
 0.00430941   0.0204117   0.0510204 0.000249566
   0.428908   0.0049613 0.000249566    0.440051
IMAGINARY
          0  0.00390395  -0.0153595   -0.012317
-0.00390395           0 -0.00324963  -0.0153595
  0.0153595  0.00324963           0    0.026815
   0.012317   0.0153595   -0.026815           0
Repeater1[0]<--->HoM1[0]
REAL
   0.421687 -0.00665298  -0.0116199    0.425272
-0.00665298   0.0414993   0.0198498  -0.0103313
 -0.0116199   0.0198498   0.0669344  -0.0140787
   0.425272  -0.0103313  -0.0140787     0.46988
IMAGINARY
           0   0.00582611    0.0179242  0.000904191
 -0.00582611            0  -0.00487245   0.00666594
  -0.0179242   0.00487245            0    -0.021589
-0.000904191  -0.00666594     0.021589            0
EndNode1[0]<--->Repeater1[0]
REAL
   0.47769 -0.0157319 -0.0168303   0.416467
-0.0157319  0.0538058  0.0200813  0.0206374
-0.0168303  0.0200813  0.0472441  0.0068487
  0.416467  0.0206374  0.0068487    0.42126
IMAGINARY
          0  0.00805575  0.00738031   0.0186896
-0.00805575           0  0.00310523   -0.023043
-0.00738031 -0.00310523           0   0.0100165
 -0.0186896    0.023043  -0.0100165           0
EndNode2[0]<--->HoM1[0]
REAL
   0.447368  0.00696536 0.000611188    0.423077
 0.00696536   0.0463659   0.0265252 -0.00591623
0.000611188   0.0265252   0.0413534 -0.00431284
   0.423077 -0.00591623 -0.00431284    0.464912
IMAGINARY
          0   0.0126486  0.00393183 -0.00744746
 -0.0126486           0   0.0166098 -0.00712468
-0.00393183  -0.0166098           0  0.00203851
 0.00744746  0.00712468 -0.00203851           0
Repeater1[0]<--->EndNode1[0]
REAL
   0.47769 -0.0168303 -0.0157319   0.416467
-0.0168303  0.0472441  0.0200813  0.0068487
-0.0157319  0.0200813  0.0538058  0.0206374
  0.416467  0.0068487  0.0206374    0.42126
IMAGINARY
          0  0.00738031  0.00805575   0.0186896
-0.00738031           0 -0.00310523   0.0100165
-0.00805575  0.00310523           0   -0.023043
 -0.0186896  -0.0100165    0.023043           0
Repeater1[0]<--->HoM1[0]
REAL
   0.447368 0.000611188  0.00696536    0.423077
0.000611188   0.0413534   0.0265252 -0.00431284
 0.00696536   0.0265252   0.0463659 -0.00591623
   0.423077 -0.00431284 -0.00591623    0.464912
IMAGINARY
          0  0.00393183   0.0126486 -0.00744746
-0.00393183           0  -0.0166098  0.00203851
 -0.0126486   0.0166098           0 -0.00712468
 0.00744746 -0.00203851  0.00712468           0
EndNode1[0]<--->Repeater1[0]
REAL
    0.473282 -0.000184795   -0.0121148     0.431139
-0.000184795    0.0458015    0.0256668  -0.00359204
  -0.0121148    0.0256668    0.0458015   -0.0168309
    0.431139  -0.00359204   -0.0168309     0.435115
IMAGINARY
           0  0.000833631  -0.00902797    0.0225555
-0.000833631            0   -0.0194499  -0.00714118
  0.00902797    0.0194499            0    0.0153355
  -0.0225555   0.00714118   -0.0153355            0
EndNode2[0]<--->HoM1[0]
REAL
   0.465371  -0.0122766    -0.02552    0.438137
 -0.0122766   0.0413123   0.0282155  0.00196687
   -0.02552   0.0282155   0.0425273 -0.00723885
   0.438137  0.00196687 -0.00723885     0.45079
IMAGINARY
          0 -0.00721516  0.00350122 -0.00516152
 0.00721516           0   0.0026105   0.0121646
-0.00350122  -0.0026105           0 -0.00453419
 0.00516152  -0.0121646  0.00453419           0
Repeater1[0]<--->EndNode1[0]
REAL
    0.473282   -0.0121148 -0.000184795     0.431139
  -0.0121148    0.0458015    0.0256668   -0.0168309
-0.000184795    0.0256668    0.0458015  -0.00359204
    0.431139   -0.0168309  -0.00359204     0.435115
IMAGINARY
           0  -0.00902797  0.000833631    0.0225555
  0.00902797            0    0.0194499    0.0153355
-0.000833631   -0.0194499            0  -0.00714118
  -0.0225555   -0.0153355   0.00714118            0
Repeater1[0]<--->HoM1[0]
REAL
   0.465371    -0.02552  -0.0122766    0.438137
   -0.02552   0.0425273   0.0282155 -0.00723885
 -0.0122766   0.0282155   0.0413123  0.00196687
   0.438137 -0.00723885  0.00196687     0.45079
IMAGINARY
          0  0.00350122 -0.00721516 -0.00516152
-0.00350122           0  -0.0026105 -0.00453419
 0.00721516   0.0026105           0   0.0121646
 0.00516152  0.00453419  -0.0121646           0
EndNode1[0]<--->Repeater1[0]
REAL
   0.478049 -0.00466648  -0.0194122    0.414837
-0.00466648   0.0560976   0.0189211   0.0034886
 -0.0194122   0.0189211   0.0512195  -0.0138049
   0.414837   0.0034886  -0.0138049    0.414634
IMAGINARY
          0  -0.0207266  -0.0121794  0.00888918
  0.0207266           0   0.0101647  -0.0108773
  0.0121794  -0.0101647           0   0.0240204
-0.00888918   0.0108773  -0.0240204           0
EndNode2[0]<--->HoM1[0]
REAL
   0.475497 -0.00605791 -0.00169099    0.432325
-0.00605791   0.0437086   0.0247826   0.0163969
-0.00169099   0.0247826   0.0476821   0.0146363
   0.432325   0.0163969   0.0146363    0.433113
IMAGINARY
          0  -0.0134414  0.00838509 -0.00931419
  0.0134414           0   0.0133249 -0.00838509
-0.00838509  -0.0133249           0  0.00370902
 0.00931419  0.00838509 -0.00370902           0
Repeater1[0]<--->EndNode1[0]
REAL
   0.478049  -0.0194122 -0.00466648    0.414837
 -0.0194122   0.0512195   0.0189211  -0.0138049
-0.00466648   0.0189211   0.0560976   0.0034886
   0.414837  -0.0138049   0.0034886    0.414634
IMAGINARY
          0  -0.0121794  -0.0207266  0.00888918
  0.0121794           0  -0.0101647   0.0240204
  0.0207266   0.0101647           0  -0.0108773
-0.00888918  -0.0240204   0.0108773           0
Repeater1[0]<--->HoM1[0]
REAL
   0.475497 -0.00169099 -0.00605791    0.432325
-0.00169099   0.0476821   0.0247826   0.0146363
-0.00605791   0.0247826   0.0437086   0.0163969
   0.432325   0.0146363   0.0163969    0.433113
IMAGINARY
          0  0.00838509  -0.0134414 -0.00931419
-0.00838509           0  -0.0133249  0.00370902
  0.0134414   0.0133249           0 -0.00838509
 0.00931419 -0.00370902  0.00838509           0
EndNode1[0]<--->Repeater1[0]
REAL
    0.477632   0.00552731   -0.0138525     0.429891
  0.00552731    0.0394737    0.0305048 -0.000999007
  -0.0138525    0.0305048    0.0513158   -0.0104778
    0.429891 -0.000999007   -0.0104778     0.431579
IMAGINARY
           0    0.0076424  0.000429363   0.00385107
  -0.0076424            0  -0.00771705  -0.00717783
-0.000429363   0.00771705            0  -0.00580191
 -0.00385107   0.00717783   0.00580191            0
EndNode2[0]<--->HoM1[0]
REAL
    0.449809   0.00875154    0.0222328     0.426813
  0.00875154     0.047014     0.034313 -0.000785091
   0.0222328     0.034313    0.0508259    0.0113557
    0.426813 -0.000785091    0.0113557     0.452351
IMAGINARY
           0    0.0131127  -0.00217933   -0.0184128
  -0.0131127            0  0.000691283   0.00217933
  0.00217933 -0.000691283            0 -0.000612745
   0.0184128  -0.00217933  0.000612745            0
Repeater1[0]<--->EndNode1[0]
REAL
    0.477632   -0.0138525   0.00552731     0.429891
  -0.0138525    0.0513158    0.0305048   -0.0104778
  0.00552731    0.0305048    0.0394737 -0.000999007
    0.429891   -0.0104778 -0.000999007     0.431579
IMAGINARY
           0  0.000429363    0.0076424   0.00385107
-0.000429363            0   0.00771705  -0.00580191
  -0.0076424  -0.00771705            0  -0.00717783
 -0.00385107   0.00580191   0.00717783            0
Repeater1[0]<--->HoM1[0]
REAL
    0.449809    0.0222328   0.00875154     0.426813
   0.0222328    0.0508259     0.034313    0.0113557
  0.00875154     0.034313     0.047014 -0.000785091
    0.426813    0.0113557 -0.000785091     0.452351
IMAGINARY
           0  -0.00217933    0.0131127   -0.0184128
  0.00217933            0 -0.000691283 -0.000612745
  -0.0131127  0.000691283            0   0.00217933
   0.0184128  0.000612745  -0.00217933            0
EndNode1[0]<--->Repeater1[0]
REAL
   0.454774    0.010274 -0.00325095    0.407603
   0.010274   0.0577889   0.0376027   0.0210592
-0.00325095   0.0376027   0.0464824    0.010274
   0.407603   0.0210592    0.010274    0.440955
IMAGINARY
          0   0.0109132 -0.00107405  0.00212657
 -0.0109132           0  0.00282392  -0.0139259
 0.00107405 -0.00282392           0  0.00658684
-0.00212657   0.0139259 -0.00658684           0
EndNode2[0]<--->HoM1[0]
REAL
  0.460337  -0.010256  -0.015358   0.432778
 -0.010256  0.0420673  0.0215433 -0.0340247
 -0.015358  0.0215433  0.0576923 -0.0329538
  0.432778 -0.0340247 -0.0329538   0.439904
IMAGINARY
           0    0.0132943  0.000254489    0.0100136
  -0.0132943            0  -0.00545034   -0.0148176
-0.000254489   0.00545034            0   0.00959059
  -0.0100136    0.0148176  -0.00959059            0
Repeater1[0]<--->EndNode1[0]
REAL
   0.454774 -0.00325095    0.010274    0.407603
-0.00325095   0.0464824   0.0376027    0.010274
   0.010274   0.0376027   0.0577889   0.0210592
   0.407603    0.010274   0.0210592    0.440955
IMAGINARY
          0 -0.00107405   0.0109132  0.00212657
 0.00107405           0 -0.00282392  0.00658684
 -0.0109132  0.00282392           0  -0.0139259
-0.00212657 -0.00658684   0.0139259           0
Repeater1[0]<--->HoM1[0]
REAL
  0.460337  -0.015358  -0.010256   0.432778
 -0.015358  0.0576923  0.0215433 -0.0329538
 -0.010256  0.0215433  0.0420673 -0.0340247
  0.432778 -0.0329538 -0.0340247   0.439904
IMAGINARY
           0  0.000254489    0.0132943    0.0100136
-0.000254489            0   0.00545034   0.00959059
  -0.0132943  -0.00545034            0   -0.0148176
  -0.0100136  -0.00959059    0.0148176            0
EndNode1[0]<--->Repeater1[0]
REAL
    0.445693  -0.00232963   -0.0181758     0.419816
 -0.00232963    0.0499376     0.033141    0.0141436
  -0.0181758     0.033141    0.0436954 -0.000358541
    0.419816    0.0141436 -0.000358541     0.460674
IMAGINARY
          0   0.0125976  0.00117217  -0.0170917
 -0.0125976           0   0.0215617   0.0218664
-0.00117217  -0.0215617           0  -0.0368816
  0.0170917  -0.0218664   0.0368816           0
EndNode2[0]<--->HoM1[0]
REAL
    0.44402  0.00205886    0.010844    0.428614
 0.00205886   0.0559796   0.0180345 -0.00742398
   0.010844   0.0180345   0.0458015 -0.00547883
   0.428614 -0.00742398 -0.00547883    0.454198
IMAGINARY
          0 -0.00397703 -0.00196746  0.00703373
 0.00397703           0  -0.0111954  -0.0181837
 0.00196746   0.0111954           0   0.0127932
-0.00703373   0.0181837  -0.0127932           0
Repeater1[0]<--->EndNode1[0]
REAL
    0.445693   -0.0181758  -0.00232963     0.419816
  -0.0181758    0.0436954     0.033141 -0.000358541
 -0.00232963     0.033141    0.0499376    0.0141436
    0.419816 -0.000358541    0.0141436     0.460674
IMAGINARY
          0  0.00117217   0.0125976  -0.0170917
-0.00117217           0  -0.0215617  -0.0368816
 -0.0125976   0.0215617           0   0.0218664
  0.0170917   0.0368816  -0.0218664           0
Repeater1[0]<--->HoM1[0]
REAL
    0.44402    0.010844  0.00205886    0.428614
   0.010844   0.0458015   0.0180345 -0.00547883
 0.00205886   0.0180345   0.0559796 -0.00742398
   0.428614 -0.00547883 -0.00742398    0.454198
IMAGINARY
          0 -0.00196746 -0.00397703  0.00703373
 0.00196746           0   0.0111954   0.0127932
 0.00397703  -0.0111954           0  -0.0181837
-0.00703373  -0.0127932   0.0181837           0
EndNode1[0]<--->Repeater1[0]
REAL
  0.432148 -0.0174365 -0.0063752   0.422163
-0.0174365  0.0527009  0.0189377 0.00061336
-0.0063752  0.0189377  0.0382082  0.0014314
  0.422163 0.00061336  0.0014314   0.476943
IMAGINARY
           0   -0.0142732   0.00164915   0.00801254
   0.0142732            0  -0.00349641 -0.000408459
 -0.00164915   0.00349641            0  0.000625523
 -0.00801254  0.000408459 -0.000625523            0
EndNode2[0]<--->HoM1[0]
REAL
   0.44675  0.0119924  0.0110217   0.425501
 0.0119924  0.0719225  0.0340286 0.00464412
 0.0110217  0.0340286  0.0414938 0.00758986
  0.425501 0.00464412 0.00758986   0.439834
IMAGINARY
           0  0.000195994    0.0059853   -0.0196474
-0.000195994            0  -0.00214744  -0.00727729
  -0.0059853   0.00214744            0   0.00626395
   0.0196474   0.00727729  -0.00626395            0
Repeater1[0]<--->EndNode1[0]
REAL
  0.432148 -0.0063752 -0.0174365   0.422163
-0.0063752  0.0382082  0.0189377  0.0014314
-0.0174365  0.0189377  0.0527009 0.00061336
  0.422163  0.0014314 0.00061336   0.476943
IMAGINARY
           0   0.00164915   -0.0142732   0.00801254
 -0.00164915            0   0.00349641  0.000625523
   0.0142732  -0.00349641            0 -0.000408459
 -0.00801254 -0.000625523  0.000408459            0
Repeater1[0]<--->HoM1[0]
REAL
   0.44675  0.0110217  0.0119924   0.425501
 0.0110217  0.0414938  0.0340286 0.00758986
 0.0119924  0.0340286  0.0719225 0.00464412
  0.425501 0.00758986 0.00464412   0.439834
IMAGINARY
           0    0.0059853  0.000195994   -0.0196474
  -0.0059853            0   0.00214744   0.00626395
-0.000195994  -0.00214744            0  -0.00727729
   0.0196474  -0.00626395   0.00727729            0
EndNode1[0]<--->Repeater1[0]
REAL
   0.437579  -0.0187581 -0.00420157    0.427048
 -0.0187581   0.0643127   0.0250869   0.0151977
-0.00420157   0.0250869   0.0491803  0.00776197
   0.427048   0.0151977  0.00776197    0.448928
IMAGINARY
          0   -0.021945  0.00263359  -0.0104929
   0.021945           0 -0.00341439  0.00594484
-0.00263359  0.00341439           0  0.00111166
  0.0104929 -0.00594484 -0.00111166           0
EndNode2[0]<--->HoM1[0]
REAL
   0.398477   0.0234145   0.0138026    0.407833
  0.0234145   0.0596447   0.0252475 -0.00496419
  0.0138026   0.0252475   0.0494924  -0.0208893
   0.407833 -0.00496419  -0.0208893    0.492386
IMAGINARY
          0   0.0219504  -0.0248863   0.0106227
 -0.0219504           0   0.0112797 -0.00281819
  0.0248863  -0.0112797           0  0.00707332
 -0.0106227  0.00281819 -0.00707332           0
Repeater1[0]<--->EndNode1[0]
REAL
   0.437579 -0.00420157  -0.0187581    0.427048
-0.00420157   0.0491803   0.0250869  0.00776197
 -0.0187581   0.0250869   0.0643127   0.0151977
   0.427048  0.00776197   0.0151977    0.448928
IMAGINARY
          0  0.00263359   -0.021945  -0.0104929
-0.00263359           0  0.00341439  0.00111166
   0.021945 -0.00341439           0  0.00594484
  0.0104929 -0.00111166 -0.00594484           0
Repeater1[0]<--->HoM1[0]
REAL
   0.398477   0.0138026   0.0234145    0.407833
  0.0138026   0.0494924   0.0252475  -0.0208893
  0.0234145   0.0252475   0.0596447 -0.00496419
   0.407833  -0.0208893 -0.00496419    0.492386
IMAGINARY
          0  -0.0248863   0.0219504   0.0106227
  0.0248863           0  -0.0112797  0.00707332
 -0.0219504   0.0112797           0 -0.00281819
 -0.0106227 -0.00707332  0.00281819           0
EndNode1[0]<--->Repeater1[0]
REAL
  0.477089 0.00417679 0.00648038   0.427955
0.00417679  0.0444744  0.0320446   0.010939
0.00648038  0.0320446  0.0539084  0.0093716
  0.427955   0.010939  0.0093716   0.424528
IMAGINARY
          0  0.00585131  0.00345386   0.0203624
-0.00585131           0   0.0222732  -0.0226608
-0.00345386  -0.0222732           0  -0.0089492
 -0.0203624   0.0226608   0.0089492           0
EndNode2[0]<--->HoM1[0]
REAL
   0.454994 -0.00248719  0.00325408    0.419551
-0.00248719    0.054254   0.0210938  0.00126205
 0.00325408   0.0210938   0.0394575  0.00958397
   0.419551  0.00126205  0.00958397    0.451295
IMAGINARY
           0  -0.00166715   0.00672228    0.0315046
  0.00166715            0  -0.00240411  0.000989799
 -0.00672228   0.00240411            0     0.015806
  -0.0315046 -0.000989799    -0.015806            0
Repeater1[0]<--->EndNode1[0]
REAL
  0.477089 0.00648038 0.00417679   0.427955
0.00648038  0.0539084  0.0320446  0.0093716
0.00417679  0.0320446  0.0444744   0.010939
  0.427955  0.0093716   0.010939   0.424528
IMAGINARY
          0  0.00345386  0.00585131   0.0203624
-0.00345386           0  -0.0222732  -0.0089492
-0.00585131   0.0222732           0  -0.0226608
 -0.0203624   0.0089492   0.0226608           0
Repeater1[0]<--->HoM1[0]
REAL
   0.454994  0.00325408 -0.00248719    0.419551
 0.00325408   0.0394575   0.0210938  0.00958397
-0.00248719   0.0210938    0.054254  0.00126205
   0.419551  0.00958397  0.00126205    0.451295
IMAGINARY
           0   0.00672228  -0.00166715    0.0315046
 -0.00672228            0   0.00240411     0.015806
  0.00166715  -0.00240411            0  0.000989799
  -0.0315046    -0.015806 -0.000989799            0
EndNode1[0]<--->Repeater1[0]
REAL
  0.467866 -0.0223159 -0.0109199   0.431988
-0.0223159  0.0398458  0.0243162 -0.0121762
-0.0109199  0.0243162  0.0565553 0.00546192
  0.431988 -0.0121762 0.00546192   0.435733
IMAGINARY
           0    0.0209196  -0.00236314 -0.000611865
  -0.0209196            0   0.00859059   0.00171295
  0.00236314  -0.00859059            0  -0.00856593
 0.000611865  -0.00171295   0.00856593            0
EndNode2[0]<--->HoM1[0]
REAL
   0.468274   0.0146239  0.00172848    0.415137
  0.0146239   0.0431472    0.038689  0.00618708
 0.00172848    0.038689   0.0482234 -0.00275058
   0.415137  0.00618708 -0.00275058    0.440355
IMAGINARY
          0  -0.0129192    0.028314  -0.0107896
  0.0129192           0 -0.00826431 -0.00579151
  -0.028314  0.00826431           0  -0.0224733
  0.0107896  0.00579151   0.0224733           0
Repeater1[0]<--->EndNode1[0]
REAL
  0.467866 -0.0109199 -0.0223159   0.431988
-0.0109199  0.0565553  0.0243162 0.00546192
-0.0223159  0.0243162  0.0398458 -0.0121762
  0.431988 0.00546192 -0.0121762   0.435733
IMAGINARY
           0  -0.00236314    0.0209196 -0.000611865
  0.00236314            0  -0.00859059  -0.00856593
  -0.0209196   0.00859059            0   0.00171295
 0.000611865   0.00856593  -0.00171295            0
Repeater1[0]<--->HoM1[0]
REAL
   0.468274  0.00172848   0.0146239    0.415137
 0.00172848   0.0482234    0.038689 -0.00275058
  0.0146239    0.038689   0.0431472  0.00618708
   0.415137 -0.00275058  0.00618708    0.440355
IMAGINARY
          0    0.028314  -0.0129192  -0.0107896
  -0.028314           0  0.00826431  -0.0224733
  0.0129192 -0.00826431           0 -0.00579151
  0.0107896   0.0224733  0.00579151           0
EndNode1[0]<--->Repeater1[0]
REAL
   0.467806  0.00604707  2.3565e-05    0.418095
 0.00604707   0.0512484   0.0371104  -0.0097088
 2.3565e-05   0.0371104   0.0551905 -0.00483641
   0.418095  -0.0097088 -0.00483641    0.425756
IMAGINARY
           0    -0.004022   -0.0178833    -0.021164
    0.004022            0 -0.000414317  -0.00879244
   0.0178833  0.000414317            0   0.00197001
    0.021164   0.00879244  -0.00197001            0
EndNode2[0]<--->HoM1[0]
REAL
   0.443362 -0.00136134  0.00425847    0.422111
-0.00136134   0.0353228   0.0218488 -0.00239047
 0.00425847   0.0218488    0.047503   0.0119466
   0.422111 -0.00239047   0.0119466    0.473812
IMAGINARY
           0  -0.00197547   -0.0140857      0.01466
  0.00197547            0  -0.00945167     0.019335
   0.0140857   0.00945167            0 -0.000649206
    -0.01466    -0.019335  0.000649206            0
Repeater1[0]<--->EndNode1[0]
REAL
   0.467806  2.3565e-05  0.00604707    0.418095
 2.3565e-05   0.0551905   0.0371104 -0.00483641
 0.00604707   0.0371104   0.0512484  -0.0097088
   0.418095 -0.00483641  -0.0097088    0.425756
IMAGINARY
           0   -0.0178833    -0.004022    -0.021164
   0.0178833            0  0.000414317   0.00197001
    0.004022 -0.000414317            0  -0.00879244
    0.021164  -0.00197001   0.00879244            0
Repeater1[0]<--->HoM1[0]
REAL
   0.443362  0.00425847 -0.00136134    0.422111
 0.00425847    0.047503   0.0218488   0.0119466
-0.00136134   0.0218488   0.0353228 -0.00239047
   0.422111   0.0119466 -0.00239047    0.473812
IMAGINARY
           0   -0.0140857  -0.00197547      0.01466
   0.0140857            0   0.00945167 -0.000649206
  0.00197547  -0.00945167            0     0.019335
    -0.01466  0.000649206    -0.019335            0
EndNode1[0]<--->Repeater1[0]
REAL
   0.483188  -0.0119885  -0.0187283    0.420174
 -0.0119885   0.0410959   0.0280791  -0.0129664
 -0.0187283   0.0280791   0.0398506 -0.00935691
   0.420174  -0.0129664 -0.00935691    0.435866
IMAGINARY
           0   -0.0110655    0.0224917   0.00290691
   0.0110655            0  0.000413144   0.00573914
  -0.0224917 -0.000413144            0   -0.0196748
 -0.00290691  -0.00573914    0.0196748            0
EndNode2[0]<--->HoM1[0]
REAL
  0.464771 -0.0164867  0.0143142   0.411942
-0.0164867  0.0618047  0.0241997 -0.0143142
 0.0143142  0.0241997  0.0618047  0.0178454
  0.411942 -0.0143142  0.0178454   0.411619
IMAGINARY
          0   0.0156675   0.0118653   0.0145987
 -0.0156675           0  -0.0170142  0.00297339
 -0.0118653   0.0170142           0  0.00433249
 -0.0145987 -0.00297339 -0.00433249           0
Repeater1[0]<--->EndNode1[0]
REAL
   0.483188  -0.0187283  -0.0119885    0.420174
 -0.0187283   0.0398506   0.0280791 -0.00935691
 -0.0119885   0.0280791   0.0410959  -0.0129664
   0.420174 -0.00935691  -0.0129664    0.435866
IMAGINARY
           0    0.0224917   -0.0110655   0.00290691
  -0.0224917            0 -0.000413144   -0.0196748
   0.0110655  0.000413144            0   0.00573914
 -0.00290691    0.0196748  -0.00573914            0
Repeater1[0]<--->HoM1[0]
REAL
  0.464771  0.0143142 -0.0164867   0.411942
 0.0143142  0.0618047  0.0241997  0.0178454
-0.0164867  0.0241997  0.0618047 -0.0143142
  0.411942  0.0178454 -0.0143142   0.411619
IMAGINARY
          0   0.0118653   0.0156675   0.0145987
 -0.0118653           0   0.0170142  0.00433249
 -0.0156675  -0.0170142           0  0.00297339
 -0.0145987 -0.00433249 -0.00297339           0
EndNode1[0]<--->Repeater1[0]
REAL
   0.436943   0.0085484 -0.00183513    0.422475
  0.0085484   0.0573248   0.0380186   0.0117117
-0.00183513   0.0380186   0.0573248 -0.00607926
   0.422475   0.0117117 -0.00607926    0.448408
IMAGINARY
          0  0.00864952  -0.0127585  0.00493958
-0.00864952           0  0.00619903   -0.014064
  0.0127585 -0.00619903           0    0.012671
-0.00493958    0.014064   -0.012671           0
EndNode2[0]<--->HoM1[0]
REAL
   0.439451 0.000941003   0.0050741    0.429177
0.000941003   0.0611735   0.0175608 -0.00840299
  0.0050741   0.0175608   0.0524345 -0.00693301
   0.429177 -0.00840299 -0.00693301    0.446941
IMAGINARY
          0  0.00320958  0.00121635 -0.00861972
-0.00320958           0   0.0136575  0.00383415
-0.00121635  -0.0136575           0  -0.0107853
 0.00861972 -0.00383415   0.0107853           0
Repeater1[0]<--->EndNode1[0]
REAL
   0.436943 -0.00183513   0.0085484    0.422475
-0.00183513   0.0573248   0.0380186 -0.00607926
  0.0085484   0.0380186   0.0573248   0.0117117
   0.422475 -0.00607926   0.0117117    0.448408
IMAGINARY
          0  -0.0127585  0.00864952  0.00493958
  0.0127585           0 -0.00619903    0.012671
-0.00864952  0.00619903           0   -0.014064
-0.00493958   -0.012671    0.014064           0
Repeater1[0]<--->HoM1[0]
REAL
   0.439451   0.0050741 0.000941003    0.429177
  0.0050741   0.0524345   0.0175608 -0.00693301
0.000941003   0.0175608   0.0611735 -0.00840299
   0.429177 -0.00693301 -0.00840299    0.446941
IMAGINARY
          0  0.00121635  0.00320958 -0.00861972
-0.00121635           0  -0.0136575  -0.0107853
-0.00320958   0.0136575           0  0.00383415
 0.00861972   0.0107853 -0.00383415           0
EndNode1[0]<--->Repeater1[0]
REAL
   0.452196 -0.00805567 -0.00606117    0.420441
-0.00805567   0.0529716   0.0316931   0.0248193
-0.00606117   0.0316931   0.0516796   0.0125835
   0.420441   0.0248193   0.0125835    0.443152
IMAGINARY
          0  0.00463659 -0.00767597   0.0105915
-0.00463659           0  -0.0184323    0.024743
 0.00767597   0.0184323           0 -0.00653292
 -0.0105915   -0.024743  0.00653292           0
EndNode2[0]<--->HoM1[0]
REAL
   0.463325   0.0303073   0.0120781     0.41497
  0.0303073   0.0525672   0.0210303   0.0185885
  0.0120781   0.0210303   0.0391198 0.000359375
    0.41497   0.0185885 0.000359375    0.444988
IMAGINARY
          0 -0.00638448  0.00242406 -0.00743628
 0.00638448           0  0.00934225   0.0203032
-0.00242406 -0.00934225           0   -0.018868
 0.00743628  -0.0203032    0.018868           0
Repeater1[0]<--->EndNode1[0]
REAL
   0.452196 -0.00606117 -0.00805567    0.420441
-0.00606117   0.0516796   0.0316931   0.0125835
-0.00805567   0.0316931   0.0529716   0.0248193
   0.420441   0.0125835   0.0248193    0.443152
IMAGINARY
          0 -0.00767597  0.00463659   0.0105915
 0.00767597           0   0.0184323 -0.00653292
-0.00463659  -0.0184323           0    0.024743
 -0.0105915  0.00653292   -0.024743           0
Repeater1[0]<--->HoM1[0]
REAL
   0.463325   0.0120781   0.0303073     0.41497
  0.0120781   0.0391198   0.0210303 0.000359375
  0.0303073   0.0210303   0.0525672   0.0185885
    0.41497 0.000359375   0.0185885    0.444988
IMAGINARY
          0  0.00242406 -0.00638448 -0.00743628
-0.00242406           0 -0.00934225   -0.018868
 0.00638448  0.00934225           0   0.0203032
 0.00743628    0.018868  -0.0203032           0
EndNode1[0]<--->Repeater1[0]
REAL
   0.437579 -0.00284862  0.00272285    0.419092
-0.00284862   0.0517024   0.0272681  -0.0161328
 0.00272285   0.0272681   0.0479193 -0.00545279
   0.419092  -0.0161328 -0.00545279    0.462799
IMAGINARY
           0    0.0192497  -0.00125786    0.0125388
  -0.0192497            0  -0.00419479  0.000628931
  0.00125786   0.00419479            0  -0.00604214
  -0.0125388 -0.000628931   0.00604214            0
EndNode2[0]<--->HoM1[0]
REAL
  0.460772 -0.0212629 -0.0344249   0.427968
-0.0212629  0.0498132  0.0307953 -0.0106782
-0.0344249  0.0307953  0.0398506 -0.0212629
  0.427968 -0.0106782 -0.0212629   0.449564
IMAGINARY
          0  0.00851562  0.00542837  -0.0277455
-0.00851562           0  -0.0122816  0.00228371
-0.00542837   0.0122816           0  0.00176716
  0.0277455 -0.00228371 -0.00176716           0
Repeater1[0]<--->EndNode1[0]
REAL
   0.437579  0.00272285 -0.00284862    0.419092
 0.00272285   0.0479193   0.0272681 -0.00545279
-0.00284862   0.0272681   0.0517024  -0.0161328
   0.419092 -0.00545279  -0.0161328    0.462799
IMAGINARY
           0  -0.00125786    0.0192497    0.0125388
  0.00125786            0   0.00419479  -0.00604214
  -0.0192497  -0.00419479            0  0.000628931
  -0.0125388   0.00604214 -0.000628931            0
Repeater1[0]<--->HoM1[0]
REAL
  0.460772 -0.0344249 -0.0212629   0.427968
-0.0344249  0.0398506  0.0307953 -0.0212629
-0.0212629  0.0307953  0.0498132 -0.0106782
  0.427968 -0.0212629 -0.0106782   0.449564
IMAGINARY
          0  0.00542837  0.00851562  -0.0277455
-0.00542837           0   0.0122816  0.00176716
-0.00851562  -0.0122816           0  0.00228371
  0.0277455 -0.00176716 -0.00228371           0
EndNode1[0]<--->Repeater1[0]
REAL
  0.442728 0.00826851  0.0178763   0.413724
0.00826851  0.0579151  0.0249737 0.00575077
 0.0178763  0.0249737   0.043758    0.01025
  0.413724 0.00575077    0.01025   0.455598
IMAGINARY
          0 -0.00181818   0.0152489 -0.00249214
 0.00181818           0 -0.00925721  0.00600108
 -0.0152489  0.00925721           0  -0.0131818
 0.00249214 -0.00600108   0.0131818           0
EndNode2[0]<--->HoM1[0]
REAL
   0.423816   0.0109912 0.000551405    0.415933
  0.0109912    0.049936   0.0359326  -0.0119834
0.000551405   0.0359326   0.0422535  -0.0200165
   0.415933  -0.0119834  -0.0200165    0.483995
IMAGINARY
          0 -0.00547805  0.00174194  0.00925208
 0.00547805           0 -0.00383692 -0.00625806
-0.00174194  0.00383692           0  0.00354257
-0.00925208  0.00625806 -0.00354257           0
Repeater1[0]<--->EndNode1[0]
REAL
  0.442728  0.0178763 0.00826851   0.413724
 0.0178763   0.043758  0.0249737    0.01025
0.00826851  0.0249737  0.0579151 0.00575077
  0.413724    0.01025 0.00575077   0.455598
IMAGINARY
          0   0.0152489 -0.00181818 -0.00249214
 -0.0152489           0  0.00925721  -0.0131818
 0.00181818 -0.00925721           0  0.00600108
 0.00249214   0.0131818 -0.00600108           0
Repeater1[0]<--->HoM1[0]
REAL
   0.423816 0.000551405   0.0109912    0.415933
0.000551405   0.0422535   0.0359326  -0.0200165
  0.0109912   0.0359326    0.049936  -0.0119834
   0.415933  -0.0200165  -0.0119834    0.483995
IMAGINARY
          0  0.00174194 -0.00547805  0.00925208
-0.00174194           0  0.00383692  0.00354257
 0.00547805 -0.00383692           0 -0.00625806
-0.00925208 -0.00354257  0.00625806           0
EndNode1[0]<--->Repeater1[0]
REAL
  0.429274 0.00208872 0.00134521   0.434346
0.00208872  0.0393604  0.0217121  0.0192939
0.00134521  0.0217121  0.0504305  0.0118926
  0.434346  0.0192939  0.0118926   0.480935
IMAGINARY
           0  0.000517473   -0.0246546    0.0275556
-0.000517473            0   -0.0172992  -0.00222714
   0.0246546    0.0172992            0    0.0142675
  -0.0275556   0.00222714   -0.0142675            0
EndNode2[0]<--->HoM1[0]
REAL
    0.472401 -0.000259691   0.00105677      0.43439
-0.000259691    0.0526316    0.0161594   0.00169048
  0.00105677    0.0161594    0.0526316  -0.00523481
     0.43439   0.00169048  -0.00523481     0.422336
IMAGINARY
           0  -0.00483098  0.000252337   -0.0141515
  0.00483098            0    0.0103152   -0.0109762
-0.000252337   -0.0103152            0   0.00617146
   0.0141515    0.0109762  -0.00617146            0
Repeater1[0]<--->EndNode1[0]
REAL
  0.429274 0.00134521 0.00208872   0.434346
0.00134521  0.0504305  0.0217121  0.0118926
0.00208872  0.0217121  0.0393604  0.0192939
  0.434346  0.0118926  0.0192939   0.480935
IMAGINARY
           0   -0.0246546  0.000517473    0.0275556
   0.0246546            0    0.0172992    0.0142675
-0.000517473   -0.0172992            0  -0.00222714
  -0.0275556   -0.0142675   0.00222714            0
Repeater1[0]<--->HoM1[0]
REAL
    0.472401   0.00105677 -0.000259691      0.43439
  0.00105677    0.0526316    0.0161594  -0.00523481
-0.000259691    0.0161594    0.0526316   0.00169048
     0.43439  -0.00523481   0.00169048     0.422336
IMAGINARY
           0  0.000252337  -0.00483098   -0.0141515
-0.000252337            0   -0.0103152   0.00617146
  0.00483098    0.0103152            0   -0.0109762
   0.0141515  -0.00617146    0.0109762            0
EndNode1[0]<--->Repeater1[0]
REAL
    0.436567 -0.000409821    0.0173013     0.409882
-0.000409821    0.0485075    0.0308295   -0.0285002
   0.0173013    0.0308295    0.0485075  -0.00683656
    0.409882   -0.0285002  -0.00683656     0.466418
IMAGINARY
          0 -0.00204209  0.00567624  -0.0240539
 0.00204209           0 -0.00253493  0.00429883
-0.00567624  0.00253493           0    0.013264
  0.0240539 -0.00429883   -0.013264           0
EndNode2[0]<--->HoM1[0]
REAL
   0.461333  -0.0015096 -0.00110718    0.416974
 -0.0015096       0.052    0.037993  -0.0101511
-0.00110718    0.037993   0.0533333 -0.00709967
   0.416974  -0.0101511 -0.00709967    0.433333
IMAGINARY
           0  -0.00216239   0.00510696   -0.0181465
  0.00216239            0   0.00566297  0.000625525
 -0.00510696  -0.00566297            0    0.0104426
   0.0181465 -0.000625525   -0.0104426            0
Repeater1[0]<--->EndNode1[0]
REAL
    0.436567    0.0173013 -0.000409821     0.409882
   0.0173013    0.0485075    0.0308295  -0.00683656
-0.000409821    0.0308295    0.0485075   -0.0285002
    0.409882  -0.00683656   -0.0285002     0.466418
IMAGINARY
          0  0.00567624 -0.00204209  -0.0240539
-0.00567624           0  0.00253493    0.013264
 0.00204209 -0.00253493           0  0.00429883
  0.0240539   -0.013264 -0.00429883           0
Repeater1[0]<--->HoM1[0]
REAL
   0.461333 -0.00110718  -0.0015096    0.416974
-0.00110718   0.0533333    0.037993 -0.00709967
 -0.0015096    0.037993       0.052  -0.0101511
   0.416974 -0.00709967  -0.0101511    0.433333
IMAGINARY
           0   0.00510696  -0.00216239   -0.0181465
 -0.00510696            0  -0.00566297    0.0104426
  0.00216239   0.00566297            0  0.000625525
   0.0181465   -0.0104426 -0.000625525            0
EndNode1[0]<--->Repeater1[0]
REAL
   0.448718  -0.0196024  -0.0116044    0.418828
 -0.0196024   0.0525641   0.0160993 -0.00366787
 -0.0116044   0.0160993   0.0576923 0.000346106
   0.418828 -0.00366787 0.000346106    0.441026
IMAGINARY
           0    0.0131463  -0.00507619   0.00640534
  -0.0131463            0   0.00256902 -0.000261886
  0.00507619  -0.00256902            0  -0.00306322
 -0.00640534  0.000261886   0.00306322            0
EndNode2[0]<--->HoM1[0]
REAL
   0.466667 -0.00959215  -0.0187998    0.427869
-0.00959215   0.0528302   0.0415053   0.0194655
 -0.0187998   0.0415053   0.0553459  0.00892637
   0.427869   0.0194655  0.00892637    0.425157
IMAGINARY
          0  0.00167966 -0.00971491  0.00296232
-0.00167966           0   0.0132504 -0.00669923
 0.00971491  -0.0132504           0   0.0147345
-0.00296232  0.00669923  -0.0147345           0
Repeater1[0]<--->EndNode1[0]
REAL
   0.448718  -0.0116044  -0.0196024    0.418828
 -0.0116044   0.0576923   0.0160993 0.000346106
 -0.0196024   0.0160993   0.0525641 -0.00366787
   0.418828 0.000346106 -0.00366787    0.441026
IMAGINARY
           0  -0.00507619    0.0131463   0.00640534
  0.00507619            0  -0.00256902  -0.00306322
  -0.0131463   0.00256902            0 -0.000261886
 -0.00640534   0.00306322  0.000261886            0
Repeater1[0]<--->HoM1[0]
REAL
   0.466667  -0.0187998 -0.00959215    0.427869
 -0.0187998   0.0553459   0.0415053  0.00892637
-0.00959215   0.0415053   0.0528302   0.0194655
   0.427869  0.00892637   0.0194655    0.425157
IMAGINARY
          0 -0.00971491  0.00167966  0.00296232
 0.00971491           0  -0.0132504   0.0147345
-0.00167966   0.0132504           0 -0.00669923
-0.00296232  -0.0147345  0.00669923           0
EndNode1[0]<--->Repeater1[0]
REAL
  0.446313   0.019734 0.00510866   0.422492
  0.019734  0.0413972  0.0191419 0.00851002
0.00510866  0.0191419  0.0413972  0.0029638
  0.422492 0.00851002  0.0029638   0.470893
IMAGINARY
          0  -0.0248805  0.00103667  0.00163099
  0.0248805           0 -0.00353697   0.0131386
