EndNode1[0]<--->Repeater1[0]
REAL
   0.504711 -0.00480642   0.0156109    0.360247
-0.00480642   0.0107672  0.00959801 -0.00530163
  0.0156109  0.00959801   0.0161507   0.0086724
   0.360247 -0.00530163   0.0086724    0.468371
IMAGINARY
          0  -0.0162175 -0.00865303  -0.0286988
  0.0162175           0  -0.0338802  0.00475693
 0.00865303   0.0338802           0  0.00323046
  0.0286988 -0.00475693 -0.00323046           0
EndNode2[0]<--->HoM1[0]
REAL
   0.468874 -0.00550174  -0.0107457    0.350026
-0.00550174   0.0211921 -0.00506507   0.0029938
 -0.0107457 -0.00506507   0.0211921 -0.00483418
   0.350026   0.0029938 -0.00483418    0.488742
IMAGINARY
           0   0.00361433  -0.00242627 -0.000946481
 -0.00361433            0  -0.00161762   -0.0223779
  0.00242627   0.00161762            0    0.0407721
 0.000946481    0.0223779   -0.0407721            0
Repeater1[0]<--->EndNode1[0]
REAL
   0.504711   0.0156109 -0.00480642    0.360247
  0.0156109   0.0161507  0.00959801   0.0086724
-0.00480642  0.00959801   0.0107672 -0.00530163
   0.360247   0.0086724 -0.00530163    0.468371
IMAGINARY
          0 -0.00865303  -0.0162175  -0.0286988
 0.00865303           0   0.0338802  0.00323046
  0.0162175  -0.0338802           0  0.00475693
  0.0286988 -0.00323046 -0.00475693           0
Repeater1[0]<--->HoM1[0]
REAL
   0.468874  -0.0107457 -0.00550174    0.350026
 -0.0107457   0.0211921 -0.00506507 -0.00483418
-0.00550174 -0.00506507   0.0211921   0.0029938
   0.350026 -0.00483418   0.0029938    0.488742
IMAGINARY
           0  -0.00242627   0.00361433 -0.000946481
  0.00242627            0   0.00161762    0.0407721
 -0.00361433  -0.00161762            0   -0.0223779
 0.000946481   -0.0407721    0.0223779            0
EndNode1[0]<--->Repeater1[0]
REAL
    0.496053   0.00617269 -0.000812195     0.353228
  0.00617269    0.0263158 -0.000397491   0.00647257
-0.000812195 -0.000397491    0.0210526    0.0108084
    0.353228   0.00647257    0.0108084     0.456579
IMAGINARY
          0  -0.0138175 -0.00197598   -0.013691
  0.0138175           0  0.00500618   0.0122359
 0.00197598 -0.00500618           0  -0.0169622
   0.013691  -0.0122359   0.0169622           0
EndNode2[0]<--->HoM1[0]
REAL
  0.503722 0.00566281  0.0279644   0.358759
0.00566281  0.0322581  -0.003354  0.0220356
 0.0279644  -0.003354  0.0235732  0.0294723
  0.358759  0.0220356  0.0294723   0.440447
IMAGINARY
          0  -0.0294623  0.00710696  -0.0228775
  0.0294623           0   0.0222205  0.00835696
-0.00710696  -0.0222205           0  0.00240044
  0.0228775 -0.00835696 -0.00240044           0
Repeater1[0]<--->EndNode1[0]
REAL
    0.496053 -0.000812195   0.00617269     0.353228
-0.000812195    0.0210526 -0.000397491    0.0108084
  0.00617269 -0.000397491    0.0263158   0.00647257
    0.353228    0.0108084   0.00647257     0.456579
IMAGINARY
          0 -0.00197598  -0.0138175   -0.013691
 0.00197598           0 -0.00500618  -0.0169622
  0.0138175  0.00500618           0   0.0122359
   0.013691   0.0169622  -0.0122359           0
Repeater1[0]<--->HoM1[0]
REAL
  0.503722  0.0279644 0.00566281   0.358759
 0.0279644  0.0235732  -0.003354  0.0294723
0.00566281  -0.003354  0.0322581  0.0220356
  0.358759  0.0294723  0.0220356   0.440447
IMAGINARY
          0  0.00710696  -0.0294623  -0.0228775
-0.00710696           0  -0.0222205  0.00240044
  0.0294623   0.0222205           0  0.00835696
  0.0228775 -0.00240044 -0.00835696           0
EndNode1[0]<--->Repeater1[0]
REAL
  0.495364 -0.0224138 0.00806214   0.369666
-0.0224138  0.0238411 -0.0101297 -0.0093508
0.00806214 -0.0101297  0.0145695 0.00952722
  0.369666 -0.0093508 0.00952722   0.466225
IMAGINARY
          0   0.0146664 -0.00933294  -0.0207816
 -0.0146664           0  0.00574897  -0.0200788
 0.00933294 -0.00574897           0   0.0300906
  0.0207816   0.0200788  -0.0300906           0
EndNode2[0]<--->HoM1[0]
REAL
     0.46875 -0.000577337  0.000387227     0.368085
-0.000577337       0.0225  -0.00438941    0.0133742
 0.000387227  -0.00438941      0.02375    0.0248237
    0.368085    0.0133742    0.0248237        0.485
IMAGINARY
          0  0.00449433  -0.0170455 -0.00553959
-0.00449433           0   0.0133521 -0.00820707
  0.0170455  -0.0133521           0   0.0245461
 0.00553959  0.00820707  -0.0245461           0
Repeater1[0]<--->EndNode1[0]
REAL
  0.495364 0.00806214 -0.0224138   0.369666
0.00806214  0.0145695 -0.0101297 0.00952722
-0.0224138 -0.0101297  0.0238411 -0.0093508
  0.369666 0.00952722 -0.0093508   0.466225
IMAGINARY
          0 -0.00933294   0.0146664  -0.0207816
 0.00933294           0 -0.00574897   0.0300906
 -0.0146664  0.00574897           0  -0.0200788
  0.0207816  -0.0300906   0.0200788           0
Repeater1[0]<--->HoM1[0]
REAL
     0.46875  0.000387227 -0.000577337     0.368085
 0.000387227      0.02375  -0.00438941    0.0248237
-0.000577337  -0.00438941       0.0225    0.0133742
    0.368085    0.0248237    0.0133742        0.485
IMAGINARY
          0  -0.0170455  0.00449433 -0.00553959
  0.0170455           0  -0.0133521   0.0245461
-0.00449433   0.0133521           0 -0.00820707
 0.00553959  -0.0245461  0.00820707           0
EndNode1[0]<--->Repeater1[0]
REAL
   0.454294 -0.00719183 -0.00605584    0.355346
-0.00719183   0.0249307   0.0134437  -0.0034983
-0.00605584   0.0134437   0.0180055  0.00400712
   0.355346  -0.0034983  0.00400712     0.50277
IMAGINARY
          0 -0.00709783  -0.0156053  -0.0150129
 0.00709783           0  -0.0193074   0.0143199
  0.0156053   0.0193074           0 -0.00832633
  0.0150129  -0.0143199  0.00832633           0
EndNode2[0]<--->HoM1[0]
REAL
   0.492994  0.00793504  0.00716624    0.375077
 0.00793504   0.0305732 -0.00410943   0.0038015
 0.00716624 -0.00410943   0.0178344 0.000452052
   0.375077   0.0038015 0.000452052    0.458599
IMAGINARY
          0  -0.0114444   0.0126899 -0.00506208
  0.0114444           0   0.0100496  0.00286031
 -0.0126899  -0.0100496           0 -0.00769438
 0.00506208 -0.00286031  0.00769438           0
Repeater1[0]<--->EndNode1[0]
REAL
   0.454294 -0.00605584 -0.00719183    0.355346
-0.00605584   0.0180055   0.0134437  0.00400712
-0.00719183   0.0134437   0.0249307  -0.0034983
   0.355346  0.00400712  -0.0034983     0.50277
IMAGINARY
          0  -0.0156053 -0.00709783  -0.0150129
  0.0156053           0   0.0193074 -0.00832633
 0.00709783  -0.0193074           0   0.0143199
  0.0150129  0.00832633  -0.0143199           0
Repeater1[0]<--->HoM1[0]
REAL
   0.492994  0.00716624  0.00793504    0.375077
 0.00716624   0.0178344 -0.00410943 0.000452052
 0.00793504 -0.00410943   0.0305732   0.0038015
   0.375077 0.000452052   0.0038015    0.458599
IMAGINARY
          0   0.0126899  -0.0114444 -0.00506208
 -0.0126899           0  -0.0100496 -0.00769438
  0.0114444   0.0100496           0  0.00286031
 0.00506208  0.00769438 -0.00286031           0
EndNode1[0]<--->Repeater1[0]
REAL
  0.445722  0.0142625  0.0274869   0.364207
 0.0142625  0.0293742 0.00882982  0.0274869
 0.0274869 0.00882982  0.0268199  0.0210778
  0.364207  0.0274869  0.0210778   0.498084
IMAGINARY
           0 -4.56123e-06   0.00350597   0.00774904
 4.56123e-06            0  -0.00104663    0.0144174
 -0.00350597   0.00104663            0  -0.00184958
 -0.00774904   -0.0144174   0.00184958            0
EndNode2[0]<--->HoM1[0]
REAL
    0.478544 -0.000447708    0.0148803     0.357318
-0.000447708     0.023407   -0.0130973   -0.0211617
   0.0148803   -0.0130973    0.0273082   -0.0158839
    0.357318   -0.0211617   -0.0158839     0.470741
IMAGINARY
          0  -0.0103341   0.0140244   0.0054575
  0.0103341           0  -0.0215865  -0.0140244
 -0.0140244   0.0215865           0  0.00299919
 -0.0054575   0.0140244 -0.00299919           0
Repeater1[0]<--->EndNode1[0]
REAL
  0.445722  0.0274869  0.0142625   0.364207
 0.0274869  0.0268199 0.00882982  0.0210778
 0.0142625 0.00882982  0.0293742  0.0274869
  0.364207  0.0210778  0.0274869   0.498084
IMAGINARY
           0   0.00350597 -4.56123e-06   0.00774904
 -0.00350597            0   0.00104663  -0.00184958
 4.56123e-06  -0.00104663            0    0.0144174
 -0.00774904   0.00184958   -0.0144174            0
Repeater1[0]<--->HoM1[0]
REAL
    0.478544    0.0148803 -0.000447708     0.357318
   0.0148803    0.0273082   -0.0130973   -0.0158839
-0.000447708   -0.0130973     0.023407   -0.0211617
    0.357318   -0.0158839   -0.0211617     0.470741
IMAGINARY
          0   0.0140244  -0.0103341   0.0054575
 -0.0140244           0   0.0215865  0.00299919
  0.0103341  -0.0215865           0  -0.0140244
 -0.0054575 -0.00299919   0.0140244           0
EndNode1[0]<--->Repeater1[0]
REAL
   0.451743  0.00782556   0.0156786    0.383701
 0.00782556   0.0268097  -0.0121859 0.000685078
  0.0156786  -0.0121859   0.0174263   0.0109623
   0.383701 0.000685078   0.0109623    0.504021
IMAGINARY
          0  -0.0261026   0.0135763  0.00104926
  0.0261026           0 -0.00168298 -0.00200815
 -0.0135763  0.00168298           0 -0.00474577
-0.00104926  0.00200815  0.00474577           0
EndNode2[0]<--->HoM1[0]
REAL
   0.469863 -0.00899725  0.00260543    0.363278
-0.00899725   0.0191781  0.00459731  0.00387125
 0.00260543  0.00459731   0.0287671   0.0180646
   0.363278  0.00387125   0.0180646    0.482192
IMAGINARY
          0 -0.00458298  0.00677143  -0.0140462
 0.00458298           0   -0.019808 -0.00340669
-0.00677143    0.019808           0   0.0106395
  0.0140462  0.00340669  -0.0106395           0
Repeater1[0]<--->EndNode1[0]
REAL
   0.451743   0.0156786  0.00782556    0.383701
  0.0156786   0.0174263  -0.0121859   0.0109623
 0.00782556  -0.0121859   0.0268097 0.000685078
   0.383701   0.0109623 0.000685078    0.504021
IMAGINARY
          0   0.0135763  -0.0261026  0.00104926
 -0.0135763           0  0.00168298 -0.00474577
  0.0261026 -0.00168298           0 -0.00200815
-0.00104926  0.00474577  0.00200815           0
Repeater1[0]<--->HoM1[0]
REAL
   0.469863  0.00260543 -0.00899725    0.363278
 0.00260543   0.0287671  0.00459731   0.0180646
-0.00899725  0.00459731   0.0191781  0.00387125
   0.363278   0.0180646  0.00387125    0.482192
IMAGINARY
          0  0.00677143 -0.00458298  -0.0140462
-0.00677143           0    0.019808   0.0106395
 0.00458298   -0.019808           0 -0.00340669
  0.0140462  -0.0106395  0.00340669           0
EndNode1[0]<--->Repeater1[0]
REAL
   0.473819 -0.00332447  -0.0133151    0.359591
-0.00332447   0.0153257 -0.00586792  -0.0146104
 -0.0133151 -0.00586792   0.0217114 -0.00332447
   0.359591  -0.0146104 -0.00332447    0.489144
IMAGINARY
          0  -0.0168692  0.00337046   0.0188618
  0.0168692           0   -0.017546   0.0244433
-0.00337046    0.017546           0  -0.0368177
 -0.0188618  -0.0244433   0.0368177           0
EndNode2[0]<--->HoM1[0]
REAL
   0.475101  -0.0173413 -0.00741536     0.37732
 -0.0173413   0.0336474  0.00803049  0.00550453
-0.00741536  0.00803049   0.0269179  0.00523937
    0.37732  0.00550453  0.00523937    0.464334
IMAGINARY
          0  -0.0172071  -0.0181116  -0.0127782
  0.0172071           0  0.00373431 -0.00346196
  0.0181116 -0.00373431           0   0.0273594
  0.0127782  0.00346196  -0.0273594           0
Repeater1[0]<--->EndNode1[0]
REAL
   0.473819  -0.0133151 -0.00332447    0.359591
 -0.0133151   0.0217114 -0.00586792 -0.00332447
-0.00332447 -0.00586792   0.0153257  -0.0146104
   0.359591 -0.00332447  -0.0146104    0.489144
IMAGINARY
          0  0.00337046  -0.0168692   0.0188618
-0.00337046           0    0.017546  -0.0368177
  0.0168692   -0.017546           0   0.0244433
 -0.0188618   0.0368177  -0.0244433           0
Repeater1[0]<--->HoM1[0]
REAL
   0.475101 -0.00741536  -0.0173413     0.37732
-0.00741536   0.0269179  0.00803049  0.00523937
 -0.0173413  0.00803049   0.0336474  0.00550453
    0.37732  0.00523937  0.00550453    0.464334
IMAGINARY
          0  -0.0181116  -0.0172071  -0.0127782
  0.0181116           0 -0.00373431   0.0273594
  0.0172071  0.00373431           0 -0.00346196
  0.0127782  -0.0273594  0.00346196           0
EndNode1[0]<--->Repeater1[0]
REAL
    0.458281  -0.00881109    -0.027349     0.357156
 -0.00881109    0.0373599 -0.000745735   0.00555418
   -0.027349 -0.000745735    0.0211706   -0.0232402
    0.357156   0.00555418   -0.0232402     0.483188
IMAGINARY
           0   -0.0125277    0.0294661    0.0147774
   0.0125277            0  -0.00479073 -0.000913645
  -0.0294661   0.00479073            0  -0.00141656
  -0.0147774  0.000913645   0.00141656            0
EndNode2[0]<--->HoM1[0]
REAL
   0.466242  0.00606132   0.0066855    0.349538
 0.00606132   0.0216561 0.000654506 -0.00476488
  0.0066855 0.000654506   0.0229299   0.0125046
   0.349538 -0.00476488   0.0125046    0.489172
IMAGINARY
          0 -0.00323958  0.00205835  -0.0105835
 0.00323958           0 -0.00128984  -0.0145419
-0.00205835  0.00128984           0   0.0301778
  0.0105835   0.0145419  -0.0301778           0
Repeater1[0]<--->EndNode1[0]
REAL
    0.458281    -0.027349  -0.00881109     0.357156
   -0.027349    0.0211706 -0.000745735   -0.0232402
 -0.00881109 -0.000745735    0.0373599   0.00555418
    0.357156   -0.0232402   0.00555418     0.483188
IMAGINARY
           0    0.0294661   -0.0125277    0.0147774
  -0.0294661            0   0.00479073  -0.00141656
   0.0125277  -0.00479073            0 -0.000913645
  -0.0147774   0.00141656  0.000913645            0
Repeater1[0]<--->HoM1[0]
REAL
   0.466242   0.0066855  0.00606132    0.349538
  0.0066855   0.0229299 0.000654506   0.0125046
 0.00606132 0.000654506   0.0216561 -0.00476488
   0.349538   0.0125046 -0.00476488    0.489172
IMAGINARY
          0  0.00205835 -0.00323958  -0.0105835
-0.00205835           0  0.00128984   0.0301778
 0.00323958 -0.00128984           0  -0.0145419
  0.0105835  -0.0301778   0.0145419           0
EndNode1[0]<--->Repeater1[0]
REAL
   0.500637 0.000343788 -0.00478664    0.374164
0.000343788   0.0254777  0.00628477  0.00167331
-0.00478664  0.00628477   0.0229299  -0.0208917
   0.374164  0.00167331  -0.0208917    0.450955
IMAGINARY
           0   -0.0220018    -0.015796   0.00451105
   0.0220018            0   -0.0252903 -0.000567605
    0.015796    0.0252903            0    0.0201836
 -0.00451105  0.000567605   -0.0201836            0
EndNode2[0]<--->HoM1[0]
REAL
   0.483503  -0.0142533   -0.019878    0.362793
 -0.0142533   0.0228426 -0.00378538  0.00290677
  -0.019878 -0.00378538   0.0203046   0.0103369
   0.362793  0.00290677   0.0103369     0.47335
IMAGINARY
          0   0.0129297   0.0085294  0.00606796
 -0.0129297           0  0.00606796  -0.0157949
 -0.0085294 -0.00606796           0  -0.0122692
-0.00606796   0.0157949   0.0122692           0
Repeater1[0]<--->EndNode1[0]
REAL
   0.500637 -0.00478664 0.000343788    0.374164
-0.00478664   0.0229299  0.00628477  -0.0208917
0.000343788  0.00628477   0.0254777  0.00167331
   0.374164  -0.0208917  0.00167331    0.450955
IMAGINARY
           0    -0.015796   -0.0220018   0.00451105
    0.015796            0    0.0252903    0.0201836
   0.0220018   -0.0252903            0 -0.000567605
 -0.00451105   -0.0201836  0.000567605            0
Repeater1[0]<--->HoM1[0]
REAL
   0.483503   -0.019878  -0.0142533    0.362793
  -0.019878   0.0203046 -0.00378538   0.0103369
 -0.0142533 -0.00378538   0.0228426  0.00290677
   0.362793   0.0103369  0.00290677     0.47335
IMAGINARY
          0   0.0085294   0.0129297  0.00606796
 -0.0085294           0 -0.00606796  -0.0122692
 -0.0129297  0.00606796           0  -0.0157949
-0.00606796   0.0122692   0.0157949           0
EndNode1[0]<--->Repeater1[0]
REAL
   0.444444 -0.00626935 -0.00468978    0.348547
-0.00626935   0.0277778  0.00671655 -0.00846812
-0.00468978  0.00671655   0.0176768  -0.0121517
   0.348547 -0.00846812  -0.0121517    0.510101
IMAGINARY
          0  -0.0107544  -0.0110856   0.0174831
  0.0107544           0  0.00131392 -0.00133269
  0.0110856 -0.00131392           0   0.0270942
 -0.0174831  0.00133269  -0.0270942           0
EndNode2[0]<--->HoM1[0]
REAL
  0.469333  0.0120693 0.00428666   0.377784
 0.0120693  0.0226667 0.00486953  0.0135705
0.00428666 0.00486953      0.028 0.00578787
  0.377784  0.0135705 0.00578787       0.48
IMAGINARY
           0   -0.0038845  0.000649439  -0.00302673
   0.0038845            0    0.0131023 -7.59085e-06
-0.000649439   -0.0131023            0  -0.00574323
  0.00302673  7.59085e-06   0.00574323            0
Repeater1[0]<--->EndNode1[0]
REAL
   0.444444 -0.00468978 -0.00626935    0.348547
-0.00468978   0.0176768  0.00671655  -0.0121517
-0.00626935  0.00671655   0.0277778 -0.00846812
   0.348547  -0.0121517 -0.00846812    0.510101
IMAGINARY
          0  -0.0110856  -0.0107544   0.0174831
  0.0110856           0 -0.00131392   0.0270942
  0.0107544  0.00131392           0 -0.00133269
 -0.0174831  -0.0270942  0.00133269           0
Repeater1[0]<--->HoM1[0]
REAL
  0.469333 0.00428666  0.0120693   0.377784
0.00428666      0.028 0.00486953 0.00578787
 0.0120693 0.00486953  0.0226667  0.0135705
  0.377784 0.00578787  0.0135705       0.48
IMAGINARY
           0  0.000649439   -0.0038845  -0.00302673
-0.000649439            0   -0.0131023  -0.00574323
   0.0038845    0.0131023            0 -7.59085e-06
  0.00302673   0.00574323  7.59085e-06            0
EndNode1[0]<--->Repeater1[0]
REAL
   0.477356  0.00842792  0.00863203    0.370328
 0.00842792   0.0134639  -0.0248737 -0.00603463
 0.00863203  -0.0248737   0.0232558   0.0110526
   0.370328 -0.00603463   0.0110526    0.485924
IMAGINARY
           0  -0.00792168   0.00820707  0.000992023
  0.00792168            0    0.0111701   0.00820707
 -0.00820707   -0.0111701            0   -0.0122803
-0.000992023  -0.00820707    0.0122803            0
EndNode2[0]<--->HoM1[0]
REAL
  0.461847 -0.0244255 -0.0106058   0.375508
-0.0244255  0.0187416 0.00295931 -0.0125118
-0.0106058 0.00295931  0.0187416 0.00659191
  0.375508 -0.0125118 0.00659191   0.500669
IMAGINARY
          0  -0.0211811  0.00788569  -0.0205367
  0.0211811           0 -0.00125653   0.0104967
-0.00788569  0.00125653           0   0.0126027
  0.0205367  -0.0104967  -0.0126027           0
Repeater1[0]<--->EndNode1[0]
REAL
   0.477356  0.00863203  0.00842792    0.370328
 0.00863203   0.0232558  -0.0248737   0.0110526
 0.00842792  -0.0248737   0.0134639 -0.00603463
   0.370328   0.0110526 -0.00603463    0.485924
IMAGINARY
           0   0.00820707  -0.00792168  0.000992023
 -0.00820707            0   -0.0111701   -0.0122803
  0.00792168    0.0111701            0   0.00820707
-0.000992023    0.0122803  -0.00820707            0
Repeater1[0]<--->HoM1[0]
REAL
  0.461847 -0.0106058 -0.0244255   0.375508
-0.0106058  0.0187416 0.00295931 0.00659191
-0.0244255 0.00295931  0.0187416 -0.0125118
  0.375508 0.00659191 -0.0125118   0.500669
IMAGINARY
          0  0.00788569  -0.0211811  -0.0205367
-0.00788569           0  0.00125653   0.0126027
  0.0211811 -0.00125653           0   0.0104967
  0.0205367  -0.0126027  -0.0104967           0
EndNode1[0]<--->Repeater1[0]
REAL
  0.484127  0.0250727 -0.0188337   0.368407
 0.0250727  0.0251323 0.00901191  0.0233499
-0.0188337 0.00901191  0.0238095  0.0013789
  0.368407  0.0233499  0.0013789   0.466931
IMAGINARY
           0    0.0230156  -0.00274811  -0.00685932
  -0.0230156            0   0.00746538   -0.0110495
  0.00274811  -0.00746538            0 -1.95863e-05
  0.00685932    0.0110495  1.95863e-05            0
EndNode2[0]<--->HoM1[0]
REAL
   0.447689  0.00528967  0.00723817    0.347853
 0.00528967   0.0255474 -0.00300284  0.00254019
 0.00723817 -0.00300284   0.0218978   0.0110076
   0.347853  0.00254019   0.0110076    0.504866
IMAGINARY
          0  0.00522219 -0.00283143  0.00299184
-0.00522219           0  -0.0210797   0.0236138
 0.00283143   0.0210797           0  -0.0235596
-0.00299184  -0.0236138   0.0235596           0
Repeater1[0]<--->EndNode1[0]
REAL
  0.484127 -0.0188337  0.0250727   0.368407
-0.0188337  0.0238095 0.00901191  0.0013789
 0.0250727 0.00901191  0.0251323  0.0233499
  0.368407  0.0013789  0.0233499   0.466931
IMAGINARY
           0  -0.00274811    0.0230156  -0.00685932
  0.00274811            0  -0.00746538 -1.95863e-05
  -0.0230156   0.00746538            0   -0.0110495
  0.00685932  1.95863e-05    0.0110495            0
Repeater1[0]<--->HoM1[0]
REAL
   0.447689  0.00723817  0.00528967    0.347853
 0.00723817   0.0218978 -0.00300284   0.0110076
 0.00528967 -0.00300284   0.0255474  0.00254019
   0.347853   0.0110076  0.00254019    0.504866
IMAGINARY
          0 -0.00283143  0.00522219  0.00299184
 0.00283143           0   0.0210797  -0.0235596
-0.00522219  -0.0210797           0   0.0236138
-0.00299184   0.0235596  -0.0236138           0
EndNode1[0]<--->Repeater1[0]
REAL
     0.47644 -0.000837082    0.0118938     0.353213
-0.000837082    0.0287958  -0.00571317   0.00435616
   0.0118938  -0.00571317    0.0353403    0.0145871
    0.353213   0.00435616    0.0145871     0.459424
IMAGINARY
           0    0.0200411 -0.000949865    0.0129672
  -0.0200411            0   -0.0168431  0.000325645
 0.000949865    0.0168431            0   -0.0106778
  -0.0129672 -0.000325645    0.0106778            0
EndNode2[0]<--->HoM1[0]
REAL
  0.497396  0.0032973 0.00501607   0.372856
 0.0032973  0.0221354  0.0268018 0.00695656
0.00501607  0.0268018  0.0208333  0.0269193
  0.372856 0.00695656  0.0269193   0.459635
IMAGINARY
          0 -0.00770119   0.0150553   0.0053149
 0.00770119           0 -0.00147858 -0.00535285
 -0.0150553  0.00147858           0  -0.0110569
 -0.0053149  0.00535285   0.0110569           0
Repeater1[0]<--->EndNode1[0]
REAL
     0.47644    0.0118938 -0.000837082     0.353213
   0.0118938    0.0353403  -0.00571317    0.0145871
-0.000837082  -0.00571317    0.0287958   0.00435616
    0.353213    0.0145871   0.00435616     0.459424
IMAGINARY
           0 -0.000949865    0.0200411    0.0129672
 0.000949865            0    0.0168431   -0.0106778
  -0.0200411   -0.0168431            0  0.000325645
  -0.0129672    0.0106778 -0.000325645            0
Repeater1[0]<--->HoM1[0]
REAL
  0.497396 0.00501607  0.0032973   0.372856
0.00501607  0.0208333  0.0268018  0.0269193
 0.0032973  0.0268018  0.0221354 0.00695656
  0.372856  0.0269193 0.00695656   0.459635
IMAGINARY
          0   0.0150553 -0.00770119   0.0053149
 -0.0150553           0  0.00147858  -0.0110569
 0.00770119 -0.00147858           0 -0.00535285
 -0.0053149   0.0110569  0.00535285           0
EndNode1[0]<--->Repeater1[0]
REAL
   0.463568  0.00062354  -0.0124905    0.354025
 0.00062354   0.0201005 -0.00509451  0.00179526
 -0.0124905 -0.00509451   0.0150754 -0.00196044
   0.354025  0.00179526 -0.00196044    0.501256
IMAGINARY
          0  0.00498738  -0.0108772   0.0114275
-0.00498738           0   0.0151682   0.0140219
  0.0108772  -0.0151682           0   0.0119938
 -0.0114275  -0.0140219  -0.0119938           0
EndNode2[0]<--->HoM1[0]
REAL
  0.492593  0.0153279  0.0129881    0.38506
 0.0153279  0.0148148 0.00726801 0.00921921
 0.0129881 0.00726801  0.0296296 0.00418762
   0.38506 0.00921921 0.00418762   0.462963
IMAGINARY
          0    -0.01686    0.014791  -0.0109488
    0.01686           0  0.00463564  0.00294886
  -0.014791 -0.00463564           0   0.0135748
  0.0109488 -0.00294886  -0.0135748           0
Repeater1[0]<--->EndNode1[0]
REAL
   0.463568  -0.0124905  0.00062354    0.354025
 -0.0124905   0.0150754 -0.00509451 -0.00196044
 0.00062354 -0.00509451   0.0201005  0.00179526
   0.354025 -0.00196044  0.00179526    0.501256
IMAGINARY
          0  -0.0108772  0.00498738   0.0114275
  0.0108772           0  -0.0151682   0.0119938
-0.00498738   0.0151682           0   0.0140219
 -0.0114275  -0.0119938  -0.0140219           0
Repeater1[0]<--->HoM1[0]
REAL
  0.492593  0.0129881  0.0153279    0.38506
 0.0129881  0.0296296 0.00726801 0.00418762
 0.0153279 0.00726801  0.0148148 0.00921921
   0.38506 0.00418762 0.00921921   0.462963
IMAGINARY
          0    0.014791    -0.01686  -0.0109488
  -0.014791           0 -0.00463564   0.0135748
    0.01686  0.00463564           0  0.00294886
  0.0109488  -0.0135748 -0.00294886           0
EndNode1[0]<--->Repeater1[0]
REAL
    0.46806   0.0204947 -0.00479851    0.354745
  0.0204947   0.0209059   -0.012902  0.00417585
-0.00479851   -0.012902   0.0174216     -0.0124
   0.354745  0.00417585     -0.0124    0.493612
IMAGINARY
          0 -0.00658005  0.00194754    0.019585
 0.00658005           0  0.00804656   0.0127583
-0.00194754 -0.00804656           0  0.00123245
  -0.019585  -0.0127583 -0.00123245           0
EndNode2[0]<--->HoM1[0]
REAL
   0.450068   0.0187946  -0.0152865    0.382208
  0.0187946   0.0177839 -0.00361835 -0.00560125
 -0.0152865 -0.00361835   0.0205198 -0.00704522
   0.382208 -0.00560125 -0.00704522    0.511628
IMAGINARY
          0 -0.00581395  0.00193424 -0.00575275
 0.00581395           0   0.0186062  -0.0111206
-0.00193424  -0.0186062           0  0.00581395
 0.00575275   0.0111206 -0.00581395           0
Repeater1[0]<--->EndNode1[0]
REAL
    0.46806 -0.00479851   0.0204947    0.354745
-0.00479851   0.0174216   -0.012902     -0.0124
  0.0204947   -0.012902   0.0209059  0.00417585
   0.354745     -0.0124  0.00417585    0.493612
IMAGINARY
          0  0.00194754 -0.00658005    0.019585
-0.00194754           0 -0.00804656  0.00123245
 0.00658005  0.00804656           0   0.0127583
  -0.019585 -0.00123245  -0.0127583           0
Repeater1[0]<--->HoM1[0]
REAL
   0.450068  -0.0152865   0.0187946    0.382208
 -0.0152865   0.0205198 -0.00361835 -0.00704522
  0.0187946 -0.00361835   0.0177839 -0.00560125
   0.382208 -0.00704522 -0.00560125    0.511628
IMAGINARY
          0  0.00193424 -0.00581395 -0.00575275
-0.00193424           0  -0.0186062  0.00581395
 0.00581395   0.0186062           0  -0.0111206
 0.00575275 -0.00581395   0.0111206           0
EndNode1[0]<--->Repeater1[0]
REAL
   0.511873 -0.00326053 -0.00508911    0.378539
-0.00326053   0.0237467  -0.0173201  0.00184657
-0.00508911  -0.0173201   0.0263852 -0.00127903
   0.378539  0.00184657 -0.00127903    0.437995
IMAGINARY
          0  -0.0179996   0.0126985  0.00465452
  0.0179996           0   0.0026886  -0.0045429
 -0.0126985  -0.0026886           0  0.00858928
-0.00465452   0.0045429 -0.00858928           0
EndNode2[0]<--->HoM1[0]
REAL
   0.483313  -0.0167556  -0.0163029    0.378444
 -0.0167556   0.0210136 -0.00800332   0.0144161
 -0.0163029 -0.00800332   0.0271941 -0.00148337
   0.378444   0.0144161 -0.00148337     0.46848
IMAGINARY
          0 -0.00238621  0.00447186  -0.0153681
 0.00238621           0   0.0100771   0.0291057
-0.00447186  -0.0100771           0  -0.0324123
  0.0153681  -0.0291057   0.0324123           0
Repeater1[0]<--->EndNode1[0]
REAL
   0.511873 -0.00508911 -0.00326053    0.378539
-0.00508911   0.0263852  -0.0173201 -0.00127903
-0.00326053  -0.0173201   0.0237467  0.00184657
   0.378539 -0.00127903  0.00184657    0.437995
IMAGINARY
          0   0.0126985  -0.0179996  0.00465452
 -0.0126985           0  -0.0026886  0.00858928
  0.0179996   0.0026886           0  -0.0045429
-0.00465452 -0.00858928   0.0045429           0
Repeater1[0]<--->HoM1[0]
REAL
   0.483313  -0.0163029  -0.0167556    0.378444
 -0.0163029   0.0271941 -0.00800332 -0.00148337
 -0.0167556 -0.00800332   0.0210136   0.0144161
   0.378444 -0.00148337   0.0144161     0.46848
IMAGINARY
          0  0.00447186 -0.00238621  -0.0153681
-0.00447186           0  -0.0100771  -0.0324123
 0.00238621   0.0100771           0   0.0291057
  0.0153681   0.0324123  -0.0291057           0
EndNode1[0]<--->Repeater1[0]
REAL
    0.462567  -0.00125979 -0.000555032     0.358567
 -0.00125979    0.0200535   0.00911764    0.0107331
-0.000555032   0.00911764    0.0320856     0.021616
    0.358567    0.0107331     0.021616     0.485294
IMAGINARY
           0  -0.00643613  -0.00551471  -0.00475798
  0.00643613            0 -0.000736529  6.75823e-06
  0.00551471  0.000736529            0   -0.0137597
  0.00475798 -6.75823e-06    0.0137597            0
EndNode2[0]<--->HoM1[0]
REAL
   0.493168 -0.00823077  -0.0131989    0.374213
-0.00823077   0.0223602   0.0190673 -0.00722276
 -0.0131989   0.0190673   0.0198758  0.00757201
   0.374213 -0.00722276  0.00757201    0.464596
IMAGINARY
           0 -0.000292163   -0.0106849    0.0125621
 0.000292163            0    0.0113089    0.0075083
   0.0106849   -0.0113089            0   0.00855137
  -0.0125621   -0.0075083  -0.00855137            0
Repeater1[0]<--->EndNode1[0]
REAL
    0.462567 -0.000555032  -0.00125979     0.358567
-0.000555032    0.0320856   0.00911764     0.021616
 -0.00125979   0.00911764    0.0200535    0.0107331
    0.358567     0.021616    0.0107331     0.485294
IMAGINARY
           0  -0.00551471  -0.00643613  -0.00475798
  0.00551471            0  0.000736529   -0.0137597
  0.00643613 -0.000736529            0  6.75823e-06
  0.00475798    0.0137597 -6.75823e-06            0
Repeater1[0]<--->HoM1[0]
REAL
   0.493168  -0.0131989 -0.00823077    0.374213
 -0.0131989   0.0198758   0.0190673  0.00757201
-0.00823077   0.0190673   0.0223602 -0.00722276
   0.374213  0.00757201 -0.00722276    0.464596
IMAGINARY
           0   -0.0106849 -0.000292163    0.0125621
   0.0106849            0   -0.0113089   0.00855137
 0.000292163    0.0113089            0    0.0075083
  -0.0125621  -0.00855137   -0.0075083            0
EndNode1[0]<--->Repeater1[0]
REAL
   0.481675   0.0152222  0.00992318    0.369997
  0.0152222   0.0196335 -0.00700131  0.00992318
 0.00992318 -0.00700131   0.0248691  0.00846541
   0.369997  0.00992318  0.00846541    0.473822
IMAGINARY
          0  0.00324457 -0.00900709 -0.00179625
-0.00324457           0 -0.00440722  0.00716207
 0.00900709  0.00440722           0  -0.0210798
 0.00179625 -0.00716207   0.0210798           0
EndNode2[0]<--->HoM1[0]
REAL
   0.475432   0.0130329   0.0117632    0.369994
  0.0130329   0.0199203  0.00150746  0.00350398
  0.0117632  0.00150746   0.0292165 -0.00667156
   0.369994  0.00350398 -0.00667156    0.475432
IMAGINARY
          0   0.0178048  -0.0293788 -0.00371538
 -0.0178048           0 -0.00870292 -0.00163859
  0.0293788  0.00870292           0   0.0231381
 0.00371538  0.00163859  -0.0231381           0
Repeater1[0]<--->EndNode1[0]
REAL
   0.481675  0.00992318   0.0152222    0.369997
 0.00992318   0.0248691 -0.00700131  0.00846541
  0.0152222 -0.00700131   0.0196335  0.00992318
   0.369997  0.00846541  0.00992318    0.473822
IMAGINARY
          0 -0.00900709  0.00324457 -0.00179625
 0.00900709           0  0.00440722  -0.0210798
-0.00324457 -0.00440722           0  0.00716207
 0.00179625   0.0210798 -0.00716207           0
Repeater1[0]<--->HoM1[0]
REAL
   0.475432   0.0117632   0.0130329    0.369994
  0.0117632   0.0292165  0.00150746 -0.00667156
  0.0130329  0.00150746   0.0199203  0.00350398
   0.369994 -0.00667156  0.00350398    0.475432
IMAGINARY
          0  -0.0293788   0.0178048 -0.00371538
  0.0293788           0  0.00870292   0.0231381
 -0.0178048 -0.00870292           0 -0.00163859
 0.00371538  -0.0231381  0.00163859           0
EndNode1[0]<--->Repeater1[0]
REAL
   0.486352  -0.0146401  -0.0182993    0.353717
 -0.0146401   0.0223325   0.0133047  0.00633123
 -0.0182993   0.0133047   0.0186104 -0.00530674
   0.353717  0.00633123 -0.00530674    0.472705
IMAGINARY
           0 -0.000481205  -0.00806638   -0.0122921
 0.000481205            0   0.00379539  -0.00416013
  0.00806638  -0.00379539            0    0.0152817
   0.0122921   0.00416013   -0.0152817            0
EndNode2[0]<--->HoM1[0]
REAL
     0.47995     -0.01287    -0.011009     0.357695
    -0.01287    0.0175439 -0.000552283   -0.0218095
   -0.011009 -0.000552283    0.0200501   -0.0263835
    0.357695   -0.0218095   -0.0263835     0.482456
IMAGINARY
           0   -0.0064433    0.0237774   -0.0029881
   0.0064433            0     0.018751 -0.000581549
  -0.0237774    -0.018751            0   -0.0115979
   0.0029881  0.000581549    0.0115979            0
Repeater1[0]<--->EndNode1[0]
REAL
   0.486352  -0.0182993  -0.0146401    0.353717
 -0.0182993   0.0186104   0.0133047 -0.00530674
 -0.0146401   0.0133047   0.0223325  0.00633123
   0.353717 -0.00530674  0.00633123    0.472705
IMAGINARY
           0  -0.00806638 -0.000481205   -0.0122921
  0.00806638            0  -0.00379539    0.0152817
 0.000481205   0.00379539            0  -0.00416013
   0.0122921   -0.0152817   0.00416013            0
Repeater1[0]<--->HoM1[0]
REAL
     0.47995    -0.011009     -0.01287     0.357695
   -0.011009    0.0200501 -0.000552283   -0.0263835
    -0.01287 -0.000552283    0.0175439   -0.0218095
    0.357695   -0.0263835   -0.0218095     0.482456
IMAGINARY
           0    0.0237774   -0.0064433   -0.0029881
  -0.0237774            0    -0.018751   -0.0115979
   0.0064433     0.018751            0 -0.000581549
   0.0029881    0.0115979  0.000581549            0
EndNode1[0]<--->Repeater1[0]
REAL
    0.48535  -0.0264493 -0.00125177     0.35369
 -0.0264493   0.0191083 -0.00401715  -0.0124737
-0.00125177 -0.00401715    0.033121  0.00618782
    0.35369  -0.0124737  0.00618782     0.46242
IMAGINARY
          0   0.0217399  0.00169396  0.00408768
 -0.0217399           0   0.0138406  -0.0221156
-0.00169396  -0.0138406           0 -0.00131832
-0.00408768   0.0221156  0.00131832           0
EndNode2[0]<--->HoM1[0]
REAL
   0.463824 -0.00474135   0.0133979    0.359416
-0.00474135   0.0129199 -0.00813381 -0.00314151
  0.0133979 -0.00813381   0.0155039   0.0226901
   0.359416 -0.00314151   0.0226901    0.507752
IMAGINARY
           0   0.00868644  -0.00971865  -0.00815723
 -0.00868644            0  0.000638436   0.00110938
  0.00971865 -0.000638436            0    0.0131679
  0.00815723  -0.00110938   -0.0131679            0
Repeater1[0]<--->EndNode1[0]
REAL
    0.48535 -0.00125177  -0.0264493     0.35369
-0.00125177    0.033121 -0.00401715  0.00618782
 -0.0264493 -0.00401715   0.0191083  -0.0124737
    0.35369  0.00618782  -0.0124737     0.46242
IMAGINARY
          0  0.00169396   0.0217399  0.00408768
-0.00169396           0  -0.0138406 -0.00131832
 -0.0217399   0.0138406           0  -0.0221156
-0.00408768  0.00131832   0.0221156           0
Repeater1[0]<--->HoM1[0]
REAL
   0.463824   0.0133979 -0.00474135    0.359416
  0.0133979   0.0155039 -0.00813381   0.0226901
-0.00474135 -0.00813381   0.0129199 -0.00314151
   0.359416   0.0226901 -0.00314151    0.507752
IMAGINARY
           0  -0.00971865   0.00868644  -0.00815723
  0.00971865            0 -0.000638436    0.0131679
 -0.00868644  0.000638436            0   0.00110938
  0.00815723   -0.0131679  -0.00110938            0
EndNode1[0]<--->Repeater1[0]
REAL
    0.46683   0.0110655 -0.00266324    0.357639
  0.0110655   0.0208845 -0.00588727  0.00131554
-0.00266324 -0.00588727   0.0282555 -0.00702236
   0.357639  0.00131554 -0.00702236    0.484029
IMAGINARY
           0   0.00431099  -0.00704785    -0.020003
 -0.00431099            0  -0.00822285 -0.000198531
  0.00704785   0.00822285            0    0.0113895
    0.020003  0.000198531   -0.0113895            0
EndNode2[0]<--->HoM1[0]
REAL
   0.453595  -0.0367795  -0.0154291    0.371748
 -0.0367795   0.0300654 -0.00030173  -0.0160913
 -0.0154291 -0.00030173   0.0222222  -0.0169906
   0.371748  -0.0160913  -0.0169906    0.494118
IMAGINARY
          0  -0.0062489  -0.0143287  -0.0107318
  0.0062489           0 -0.00232302 -0.00741045
  0.0143287  0.00232302           0    0.011839
  0.0107318  0.00741045   -0.011839           0
Repeater1[0]<--->EndNode1[0]
REAL
    0.46683 -0.00266324   0.0110655    0.357639
-0.00266324   0.0282555 -0.00588727 -0.00702236
  0.0110655 -0.00588727   0.0208845  0.00131554
   0.357639 -0.00702236  0.00131554    0.484029
IMAGINARY
           0  -0.00704785   0.00431099    -0.020003
  0.00704785            0   0.00822285    0.0113895
 -0.00431099  -0.00822285            0 -0.000198531
    0.020003   -0.0113895  0.000198531            0
Repeater1[0]<--->HoM1[0]
REAL
   0.453595  -0.0154291  -0.0367795    0.371748
 -0.0154291   0.0222222 -0.00030173  -0.0169906
 -0.0367795 -0.00030173   0.0300654  -0.0160913
   0.371748  -0.0169906  -0.0160913    0.494118
IMAGINARY
          0  -0.0143287  -0.0062489  -0.0107318
  0.0143287           0  0.00232302    0.011839
  0.0062489 -0.00232302           0 -0.00741045
  0.0107318   -0.011839  0.00741045           0
EndNode1[0]<--->Repeater1[0]
REAL
   0.465496 -0.00187916  -0.0139667    0.369661
-0.00187916   0.0225847   0.0053392  -0.0112858
 -0.0139667   0.0053392   0.0250941   -0.024636
   0.369661  -0.0112858   -0.024636    0.486826
IMAGINARY
           0 -3.83909e-05   0.00444041   -0.0059287
 3.83909e-05            0    0.0192977   0.00937868
 -0.00444041   -0.0192977            0   -0.0162933
   0.0059287  -0.00937868    0.0162933            0
EndNode2[0]<--->HoM1[0]
REAL
    0.525215 -4.83894e-05    0.0141519     0.364384
-4.83894e-05    0.0196802   0.00812611  -0.00286376
   0.0141519   0.00812611    0.0196802   0.00602449
    0.364384  -0.00286376   0.00602449     0.435424
IMAGINARY
          0 -0.00270226  0.00335311   0.0154002
 0.00270226           0  -0.0129249  -0.0237992
-0.00335311   0.0129249           0  0.00332184
 -0.0154002   0.0237992 -0.00332184           0
Repeater1[0]<--->EndNode1[0]
REAL
   0.465496  -0.0139667 -0.00187916    0.369661
 -0.0139667   0.0250941   0.0053392   -0.024636
-0.00187916   0.0053392   0.0225847  -0.0112858
   0.369661   -0.024636  -0.0112858    0.486826
IMAGINARY
           0   0.00444041 -3.83909e-05   -0.0059287
 -0.00444041            0   -0.0192977   -0.0162933
 3.83909e-05    0.0192977            0   0.00937868
   0.0059287    0.0162933  -0.00937868            0
Repeater1[0]<--->HoM1[0]
REAL
    0.525215    0.0141519 -4.83894e-05     0.364384
   0.0141519    0.0196802   0.00812611   0.00602449
-4.83894e-05   0.00812611    0.0196802  -0.00286376
    0.364384   0.00602449  -0.00286376     0.435424
IMAGINARY
          0  0.00335311 -0.00270226   0.0154002
-0.00335311           0   0.0129249  0.00332184
 0.00270226  -0.0129249           0  -0.0237992
 -0.0154002 -0.00332184   0.0237992           0
EndNode1[0]<--->Repeater1[0]
REAL
   0.473236    0.015872  -0.0107731    0.375182
   0.015872   0.0206813 -0.00952953   0.0164766
 -0.0107731 -0.00952953   0.0255474   0.0101102
   0.375182   0.0164766   0.0101102    0.480535
IMAGINARY
         0  0.0117729 -0.0115546 -0.0114379
-0.0117729          0  0.0405518 -0.0197737
 0.0115546 -0.0405518          0  0.0145429
 0.0114379  0.0197737 -0.0145429          0
EndNode2[0]<--->HoM1[0]
REAL
   0.484733 0.000392287  0.00254755    0.373027
0.000392287   0.0165394  -0.0061933  0.00122129
 0.00254755  -0.0061933   0.0267176 -0.00918626
   0.373027  0.00122129 -0.00918626     0.47201
IMAGINARY
           0   0.00169781    0.0061828   -0.0133896
 -0.00169781            0   0.00886175 -0.000987995
  -0.0061828  -0.00886175            0    0.0047957
   0.0133896  0.000987995   -0.0047957            0
Repeater1[0]<--->EndNode1[0]
REAL
   0.473236  -0.0107731    0.015872    0.375182
 -0.0107731   0.0255474 -0.00952953   0.0101102
   0.015872 -0.00952953   0.0206813   0.0164766
   0.375182   0.0101102   0.0164766    0.480535
IMAGINARY
         0 -0.0115546  0.0117729 -0.0114379
 0.0115546          0 -0.0405518  0.0145429
-0.0117729  0.0405518          0 -0.0197737
 0.0114379 -0.0145429  0.0197737          0
Repeater1[0]<--->HoM1[0]
REAL
   0.484733  0.00254755 0.000392287    0.373027
 0.00254755   0.0267176  -0.0061933 -0.00918626
0.000392287  -0.0061933   0.0165394  0.00122129
   0.373027 -0.00918626  0.00122129     0.47201
IMAGINARY
           0    0.0061828   0.00169781   -0.0133896
  -0.0061828            0  -0.00886175    0.0047957
 -0.00169781   0.00886175            0 -0.000987995
   0.0133896   -0.0047957  0.000987995            0
EndNode1[0]<--->Repeater1[0]
REAL
   0.493333  -0.0176148 -0.00743579    0.355058
 -0.0176148       0.028   0.0106136  0.00370445
-0.00743579   0.0106136   0.0213333   0.0213462
   0.355058  0.00370445   0.0213462    0.457333
IMAGINARY
          0   0.0271272 -0.00617284  0.00409609
 -0.0271272           0  -0.0101526 -0.00864198
