EndNode1[0]<--->Repeater1[0]
REAL
   0.418719 -0.00264722    0.013691    0.135957
-0.00264722   0.0849754 0.000406882  0.00487491
   0.013691 0.000406882    0.103448 0.000726602
   0.135957  0.00487491 0.000726602    0.392857
IMAGINARY
          0   0.0184386  -0.0152935 -0.00326223
 -0.0184386           0  0.00925424 -0.00516689
  0.0152935 -0.00925424           0 -0.00181456
 0.00326223  0.00516689  0.00181456           0
EndNode2[0]<--->HoM1[0]
REAL
  0.409396  -0.013143  0.0216369   0.109941
 -0.013143  0.0805369 -0.0086161  0.0134625
 0.0216369 -0.0086161  0.0912752 0.00453375
  0.109941  0.0134625 0.00453375   0.418792
IMAGINARY
           0  -0.00230073  0.000712775     0.010594
  0.00230073            0   -0.0022926  -0.00844473
-0.000712775    0.0022926            0   0.00745537
   -0.010594   0.00844473  -0.00745537            0
Repeater1[0]<--->EndNode1[0]
REAL
   0.418719    0.013691 -0.00264722    0.135957
   0.013691    0.103448 0.000406882 0.000726602
-0.00264722 0.000406882   0.0849754  0.00487491
   0.135957 0.000726602  0.00487491    0.392857
IMAGINARY
          0  -0.0152935   0.0184386 -0.00326223
  0.0152935           0 -0.00925424 -0.00181456
 -0.0184386  0.00925424           0 -0.00516689
 0.00326223  0.00181456  0.00516689           0
Repeater1[0]<--->HoM1[0]
REAL
  0.409396  0.0216369  -0.013143   0.109941
 0.0216369  0.0912752 -0.0086161 0.00453375
 -0.013143 -0.0086161  0.0805369  0.0134625
  0.109941 0.00453375  0.0134625   0.418792
IMAGINARY
           0  0.000712775  -0.00230073     0.010594
-0.000712775            0    0.0022926   0.00745537
  0.00230073   -0.0022926            0  -0.00844473
   -0.010594  -0.00745537   0.00844473            0
EndNode1[0]<--->Repeater1[0]
REAL
   0.398045 -0.00592388  -0.0118391     0.13179
-0.00592388   0.0949721  0.00244641 0.000755357
 -0.0118391  0.00244641    0.106145 -0.00146528
    0.13179 0.000755357 -0.00146528    0.400838
IMAGINARY
           0    0.0121477  -0.00878741    0.0161963
  -0.0121477            0  0.000272736    0.0210139
  0.00878741 -0.000272736            0   0.00908777
  -0.0161963   -0.0210139  -0.00908777            0
EndNode2[0]<--->HoM1[0]
REAL
  0.414933  0.0281713  0.0180548   0.125223
 0.0281713  0.0942472  0.0128947 -0.0029764
 0.0180548  0.0128947  0.0832313 0.00620747
  0.125223 -0.0029764 0.00620747   0.407589
IMAGINARY
           0  -0.00295579   -0.0114554   -0.0200382
  0.00295579            0   0.00843865 -0.000873378
   0.0114554  -0.00843865            0    0.0193941
   0.0200382  0.000873378   -0.0193941            0
Repeater1[0]<--->EndNode1[0]
REAL
   0.398045  -0.0118391 -0.00592388     0.13179
 -0.0118391    0.106145  0.00244641 -0.00146528
-0.00592388  0.00244641   0.0949721 0.000755357
    0.13179 -0.00146528 0.000755357    0.400838
IMAGINARY
           0  -0.00878741    0.0121477    0.0161963
  0.00878741            0 -0.000272736   0.00908777
  -0.0121477  0.000272736            0    0.0210139
  -0.0161963  -0.00908777   -0.0210139            0
Repeater1[0]<--->HoM1[0]
REAL
  0.414933  0.0180548  0.0281713   0.125223
 0.0180548  0.0832313  0.0128947 0.00620747
 0.0281713  0.0128947  0.0942472 -0.0029764
  0.125223 0.00620747 -0.0029764   0.407589
IMAGINARY
           0   -0.0114554  -0.00295579   -0.0200382
   0.0114554            0  -0.00843865    0.0193941
  0.00295579   0.00843865            0 -0.000873378
   0.0200382   -0.0193941  0.000873378            0
EndNode1[0]<--->Repeater1[0]
REAL
   0.416667 -0.00327082 -0.00892136    0.130996
-0.00327082   0.0886243 -0.00706404  -0.0173302
-0.00892136 -0.00706404   0.0899471  0.00388132
   0.130996  -0.0173302  0.00388132    0.404762
IMAGINARY
           0  -0.00276088   0.00214333 -0.000754236
  0.00276088            0   -0.0235424  -0.00960602
 -0.00214333    0.0235424            0  -0.00594559
 0.000754236   0.00960602   0.00594559            0
EndNode2[0]<--->HoM1[0]
REAL
   0.432357   0.0107933 -0.00730772    0.132507
  0.0107933   0.0808926  0.00327987    0.016191
-0.00730772  0.00327987   0.0864714  0.00951126
   0.132507    0.016191  0.00951126    0.400279
IMAGINARY
          0   0.0101449  0.00544709 -0.00578382
 -0.0101449           0  -0.0154363 -0.00665482
-0.00544709   0.0154363           0 -0.00289855
 0.00578382  0.00665482  0.00289855           0
Repeater1[0]<--->EndNode1[0]
REAL
   0.416667 -0.00892136 -0.00327082    0.130996
-0.00892136   0.0899471 -0.00706404  0.00388132
-0.00327082 -0.00706404   0.0886243  -0.0173302
   0.130996  0.00388132  -0.0173302    0.404762
IMAGINARY
           0   0.00214333  -0.00276088 -0.000754236
 -0.00214333            0    0.0235424  -0.00594559
  0.00276088   -0.0235424            0  -0.00960602
 0.000754236   0.00594559   0.00960602            0
Repeater1[0]<--->HoM1[0]
REAL
   0.432357 -0.00730772   0.0107933    0.132507
-0.00730772   0.0864714  0.00327987  0.00951126
  0.0107933  0.00327987   0.0808926    0.016191
   0.132507  0.00951126    0.016191    0.400279
IMAGINARY
          0  0.00544709   0.0101449 -0.00578382
-0.00544709           0   0.0154363 -0.00289855
 -0.0101449  -0.0154363           0 -0.00665482
 0.00578382  0.00289855  0.00665482           0
EndNode1[0]<--->Repeater1[0]
REAL
   0.421519 -0.00739983  -0.0229898    0.138548
-0.00739983   0.0848101   0.0048344   0.0131859
 -0.0229898   0.0048344    0.105063 -0.00608057
   0.138548   0.0131859 -0.00608057    0.388608
IMAGINARY
          0  0.00752882  0.00216694   0.0157198
-0.00752882           0 -0.00491932   0.0136759
-0.00216694  0.00491932           0   0.0108489
 -0.0157198  -0.0136759  -0.0108489           0
EndNode2[0]<--->HoM1[0]
REAL
   0.432115   0.0103863  -0.0196254    0.140454
  0.0103863   0.0900783   0.0229243 -0.00565208
 -0.0196254   0.0229243   0.0874674 -0.00976976
   0.140454 -0.00565208 -0.00976976    0.390339
IMAGINARY
          0   0.0129622  0.00198261  -0.0072987
 -0.0129622           0  -0.0047013  0.00133745
-0.00198261   0.0047013           0 -0.00300204
  0.0072987 -0.00133745  0.00300204           0
Repeater1[0]<--->EndNode1[0]
REAL
   0.421519  -0.0229898 -0.00739983    0.138548
 -0.0229898    0.105063   0.0048344 -0.00608057
-0.00739983   0.0048344   0.0848101   0.0131859
   0.138548 -0.00608057   0.0131859    0.388608
IMAGINARY
          0  0.00216694  0.00752882   0.0157198
-0.00216694           0  0.00491932   0.0108489
-0.00752882 -0.00491932           0   0.0136759
 -0.0157198  -0.0108489  -0.0136759           0
Repeater1[0]<--->HoM1[0]
REAL
   0.432115  -0.0196254   0.0103863    0.140454
 -0.0196254   0.0874674   0.0229243 -0.00976976
  0.0103863   0.0229243   0.0900783 -0.00565208
   0.140454 -0.00976976 -0.00565208    0.390339
IMAGINARY
          0  0.00198261   0.0129622  -0.0072987
-0.00198261           0   0.0047013 -0.00300204
 -0.0129622  -0.0047013           0  0.00133745
  0.0072987  0.00300204 -0.00133745           0
EndNode1[0]<--->Repeater1[0]
REAL
   0.373478  0.00433912  0.00693396    0.119204
 0.00433912   0.0920162  0.00613252    0.011934
 0.00693396  0.00613252    0.104195 -0.00433912
   0.119204    0.011934 -0.00433912    0.430311
IMAGINARY
          0  0.00261438 -0.00831771    0.034627
-0.00261438           0   0.0109395  -0.0171725
 0.00831771  -0.0109395           0  0.00196078
  -0.034627   0.0171725 -0.00196078           0
EndNode2[0]<--->HoM1[0]
REAL
    0.401282  -0.00328974   -0.0168591     0.124683
 -0.00328974     0.074359   0.00631316 -0.000976039
  -0.0168591   0.00631316     0.111538   -0.0120854
    0.124683 -0.000976039   -0.0120854     0.412821
IMAGINARY
          0    -0.01237 -0.00416283  -0.0104206
    0.01237           0  -0.0228275  0.00869064
 0.00416283   0.0228275           0  -0.0244994
  0.0104206 -0.00869064   0.0244994           0
Repeater1[0]<--->EndNode1[0]
REAL
   0.373478  0.00693396  0.00433912    0.119204
 0.00693396    0.104195  0.00613252 -0.00433912
 0.00433912  0.00613252   0.0920162    0.011934
   0.119204 -0.00433912    0.011934    0.430311
IMAGINARY
          0 -0.00831771  0.00261438    0.034627
 0.00831771           0  -0.0109395  0.00196078
-0.00261438   0.0109395           0  -0.0171725
  -0.034627 -0.00196078   0.0171725           0
Repeater1[0]<--->HoM1[0]
REAL
    0.401282   -0.0168591  -0.00328974     0.124683
  -0.0168591     0.111538   0.00631316   -0.0120854
 -0.00328974   0.00631316     0.074359 -0.000976039
    0.124683   -0.0120854 -0.000976039     0.412821
IMAGINARY
          0 -0.00416283    -0.01237  -0.0104206
 0.00416283           0   0.0228275  -0.0244994
    0.01237  -0.0228275           0  0.00869064
  0.0104206   0.0244994 -0.00869064           0
EndNode1[0]<--->Repeater1[0]
REAL
   0.409439   0.0165007 -0.00416133    0.120123
  0.0165007   0.0829082  0.00343636 -0.00416133
-0.00416133  0.00343636   0.0982143 -0.00177603
   0.120123 -0.00416133 -0.00177603    0.409439
IMAGINARY
          0 -0.00481246  0.00675473 -0.00741015
 0.00481246           0    -0.02033  0.00110501
-0.00675473     0.02033           0  -0.0115116
 0.00741015 -0.00110501   0.0115116           0
EndNode2[0]<--->HoM1[0]
REAL
   0.383226  -0.0139713  -0.0145963    0.129611
 -0.0139713    0.101935  -0.0122194  -0.0145963
 -0.0145963  -0.0122194   0.0812903 -0.00776783
   0.129611  -0.0145963 -0.00776783    0.433548
IMAGINARY
          0  -0.0161971  -0.0115483 -0.00785291
  0.0161971           0   0.0209289 -0.00479156
  0.0115483  -0.0209289           0 -0.00406431
 0.00785291  0.00479156  0.00406431           0
Repeater1[0]<--->EndNode1[0]
REAL
   0.409439 -0.00416133   0.0165007    0.120123
-0.00416133   0.0982143  0.00343636 -0.00177603
  0.0165007  0.00343636   0.0829082 -0.00416133
   0.120123 -0.00177603 -0.00416133    0.409439
IMAGINARY
          0  0.00675473 -0.00481246 -0.00741015
-0.00675473           0     0.02033  -0.0115116
 0.00481246    -0.02033           0  0.00110501
 0.00741015   0.0115116 -0.00110501           0
Repeater1[0]<--->HoM1[0]
REAL
   0.383226  -0.0145963  -0.0139713    0.129611
 -0.0145963   0.0812903  -0.0122194 -0.00776783
 -0.0139713  -0.0122194    0.101935  -0.0145963
   0.129611 -0.00776783  -0.0145963    0.433548
IMAGINARY
          0  -0.0115483  -0.0161971 -0.00785291
  0.0115483           0  -0.0209289 -0.00406431
  0.0161971   0.0209289           0 -0.00479156
 0.00785291  0.00406431  0.00479156           0
EndNode1[0]<--->Repeater1[0]
REAL
   0.414634  -0.0052542  0.00989365    0.134955
 -0.0052542    0.071887  0.00881106 -0.00607686
 0.00989365  0.00881106    0.110398   0.0192491
   0.134955 -0.00607686   0.0192491    0.403081
IMAGINARY
          0  -0.0130387  0.00266076   0.0047617
  0.0130387           0  0.00985076  -0.0150791
-0.00266076 -0.00985076           0   0.0123851
 -0.0047617   0.0150791  -0.0123851           0
EndNode2[0]<--->HoM1[0]
REAL
    0.42764  0.00326523 -0.00862775    0.122426
 0.00326523    0.095176   0.0175179 -0.00614019
-0.00862775   0.0175179   0.0743155   -0.026472
   0.122426 -0.00614019   -0.026472    0.402868
IMAGINARY
          0   0.0111555 -0.00827013 -0.00330043
 -0.0111555           0 -0.00390796  0.00888362
 0.00827013  0.00390796           0   -0.011769
 0.00330043 -0.00888362    0.011769           0
Repeater1[0]<--->EndNode1[0]
REAL
   0.414634  0.00989365  -0.0052542    0.134955
 0.00989365    0.110398  0.00881106   0.0192491
 -0.0052542  0.00881106    0.071887 -0.00607686
   0.134955   0.0192491 -0.00607686    0.403081
IMAGINARY
          0  0.00266076  -0.0130387   0.0047617
-0.00266076           0 -0.00985076   0.0123851
  0.0130387  0.00985076           0  -0.0150791
 -0.0047617  -0.0123851   0.0150791           0
Repeater1[0]<--->HoM1[0]
REAL
    0.42764 -0.00862775  0.00326523    0.122426
-0.00862775   0.0743155   0.0175179   -0.026472
 0.00326523   0.0175179    0.095176 -0.00614019
   0.122426   -0.026472 -0.00614019    0.402868
IMAGINARY
          0 -0.00827013   0.0111555 -0.00330043
 0.00827013           0  0.00390796   -0.011769
 -0.0111555 -0.00390796           0  0.00888362
 0.00330043    0.011769 -0.00888362           0
EndNode1[0]<--->Repeater1[0]
REAL
   0.371108  0.00468498 -0.00110207    0.138908
 0.00468498    0.113325 -0.00109188 -0.00488994
-0.00110207 -0.00109188   0.0809465  0.00263859
   0.138908 -0.00488994  0.00263859     0.43462
IMAGINARY
          0  -0.0166273 -0.00445617   0.0138918
  0.0166273           0 -0.00746502   0.0332062
 0.00445617  0.00746502           0  -0.0121227
 -0.0138918  -0.0332062   0.0121227           0
EndNode2[0]<--->HoM1[0]
REAL
   0.382093 0.000533419  0.00325679    0.129048
0.000533419    0.108449  0.00231392  -0.0273283
 0.00325679  0.00231392   0.0895334  0.00840743
   0.129048  -0.0273283  0.00840743    0.419924
IMAGINARY
          0  -0.0138337  0.00452185 -0.00262836
  0.0138337           0   0.0051036  -0.0026303
-0.00452185  -0.0051036           0  0.00689801
 0.00262836   0.0026303 -0.00689801           0
Repeater1[0]<--->EndNode1[0]
REAL
   0.371108 -0.00110207  0.00468498    0.138908
-0.00110207   0.0809465 -0.00109188  0.00263859
 0.00468498 -0.00109188    0.113325 -0.00488994
   0.138908  0.00263859 -0.00488994     0.43462
IMAGINARY
          0 -0.00445617  -0.0166273   0.0138918
 0.00445617           0  0.00746502  -0.0121227
  0.0166273 -0.00746502           0   0.0332062
 -0.0138918   0.0121227  -0.0332062           0
Repeater1[0]<--->HoM1[0]
REAL
   0.382093  0.00325679 0.000533419    0.129048
 0.00325679   0.0895334  0.00231392  0.00840743
0.000533419  0.00231392    0.108449  -0.0273283
   0.129048  0.00840743  -0.0273283    0.419924
IMAGINARY
          0  0.00452185  -0.0138337 -0.00262836
-0.00452185           0  -0.0051036  0.00689801
  0.0138337   0.0051036           0  -0.0026303
 0.00262836 -0.00689801   0.0026303           0
EndNode1[0]<--->Repeater1[0]
REAL
   0.428931 -0.00366667   0.0136839    0.156654
-0.00366667    0.101887 -0.00332079   0.0143161
  0.0136839 -0.00332079    0.100629   0.0263333
   0.156654   0.0143161   0.0263333    0.368553
IMAGINARY
          0 -0.00751869    0.015072   -0.012668
 0.00751869           0  0.00888969  -0.0169541
  -0.015072 -0.00888969           0 -0.00941983
   0.012668   0.0169541  0.00941983           0
EndNode2[0]<--->HoM1[0]
REAL
   0.403329   0.0140137  0.00143557    0.133291
  0.0140137    0.103713  0.00956633   0.0240746
 0.00143557  0.00956633   0.0793854 -0.00125857
   0.133291   0.0240746 -0.00125857    0.413572
IMAGINARY
          0  -0.0106812   0.0221984  -0.0157679
  0.0106812           0  -0.0131153  0.00841389
 -0.0221984   0.0131153           0   0.0145077
  0.0157679 -0.00841389  -0.0145077           0
Repeater1[0]<--->EndNode1[0]
REAL
   0.428931   0.0136839 -0.00366667    0.156654
  0.0136839    0.100629 -0.00332079   0.0263333
-0.00366667 -0.00332079    0.101887   0.0143161
   0.156654   0.0263333   0.0143161    0.368553
IMAGINARY
          0    0.015072 -0.00751869   -0.012668
  -0.015072           0 -0.00888969 -0.00941983
 0.00751869  0.00888969           0  -0.0169541
   0.012668  0.00941983   0.0169541           0
Repeater1[0]<--->HoM1[0]
REAL
   0.403329  0.00143557   0.0140137    0.133291
 0.00143557   0.0793854  0.00956633 -0.00125857
  0.0140137  0.00956633    0.103713   0.0240746
   0.133291 -0.00125857   0.0240746    0.413572
IMAGINARY
          0   0.0221984  -0.0106812  -0.0157679
 -0.0221984           0   0.0131153   0.0145077
  0.0106812  -0.0131153           0  0.00841389
  0.0157679  -0.0145077 -0.00841389           0
EndNode1[0]<--->Repeater1[0]
REAL
  0.382979 0.00753827 -0.0124658   0.141411
0.00753827    0.10388 0.00493094 -0.0105694
-0.0124658 0.00493094   0.107635 -0.0102483
  0.141411 -0.0105694 -0.0102483   0.405507
IMAGINARY
          0   0.0143393  0.00071388  0.00869115
 -0.0143393           0  0.00180754  -0.0032649
-0.00071388 -0.00180754           0 -0.00285971
-0.00869115   0.0032649  0.00285971           0
EndNode2[0]<--->HoM1[0]
REAL
   0.424282  -0.0226709 -0.00201863     0.12203
 -0.0226709    0.073107  -0.0136753 -0.00973071
-0.00201863  -0.0136753   0.0992167  0.00308867
    0.12203 -0.00973071  0.00308867    0.403394
IMAGINARY
          0 -0.00701505 -0.00713573  -0.0121461
 0.00701505           0   -0.010138  -0.0127678
 0.00713573    0.010138           0  -0.0189198
  0.0121461   0.0127678   0.0189198           0
Repeater1[0]<--->EndNode1[0]
REAL
  0.382979 -0.0124658 0.00753827   0.141411
-0.0124658   0.107635 0.00493094 -0.0102483
0.00753827 0.00493094    0.10388 -0.0105694
  0.141411 -0.0102483 -0.0105694   0.405507
IMAGINARY
          0  0.00071388   0.0143393  0.00869115
-0.00071388           0 -0.00180754 -0.00285971
 -0.0143393  0.00180754           0  -0.0032649
-0.00869115  0.00285971   0.0032649           0
Repeater1[0]<--->HoM1[0]
REAL
   0.424282 -0.00201863  -0.0226709     0.12203
-0.00201863   0.0992167  -0.0136753  0.00308867
 -0.0226709  -0.0136753    0.073107 -0.00973071
    0.12203  0.00308867 -0.00973071    0.403394
IMAGINARY
          0 -0.00713573 -0.00701505  -0.0121461
 0.00713573           0    0.010138  -0.0189198
 0.00701505   -0.010138           0  -0.0127678
  0.0121461   0.0189198   0.0127678           0
EndNode1[0]<--->Repeater1[0]
REAL
   0.419481  0.00973542 -0.00570484    0.126635
 0.00973542   0.0974026   0.0211071   0.0205436
-0.00570484   0.0211071   0.0922078 -0.00134832
   0.126635   0.0205436 -0.00134832    0.390909
IMAGINARY
           0    0.0169502   -0.0113705  0.000143097
  -0.0169502            0    0.0187126  -0.00119235
   0.0113705   -0.0187126            0    0.0182257
-0.000143097   0.00119235   -0.0182257            0
EndNode2[0]<--->HoM1[0]
REAL
   0.422277  0.00137893 -0.00533989     0.14796
 0.00137893   0.0930233 -0.00748053  -0.0232886
-0.00533989 -0.00748053   0.0905753  0.00461308
    0.14796  -0.0232886  0.00461308    0.394125
IMAGINARY
          0   0.0106552  -0.0202222 -0.00195802
 -0.0106552           0   0.0113163   0.0020875
  0.0202222  -0.0113163           0 -0.00547384
 0.00195802  -0.0020875  0.00547384           0
Repeater1[0]<--->EndNode1[0]
REAL
   0.419481 -0.00570484  0.00973542    0.126635
-0.00570484   0.0922078   0.0211071 -0.00134832
 0.00973542   0.0211071   0.0974026   0.0205436
   0.126635 -0.00134832   0.0205436    0.390909
IMAGINARY
           0   -0.0113705    0.0169502  0.000143097
   0.0113705            0   -0.0187126    0.0182257
  -0.0169502    0.0187126            0  -0.00119235
-0.000143097   -0.0182257   0.00119235            0
Repeater1[0]<--->HoM1[0]
REAL
   0.422277 -0.00533989  0.00137893     0.14796
-0.00533989   0.0905753 -0.00748053  0.00461308
 0.00137893 -0.00748053   0.0930233  -0.0232886
    0.14796  0.00461308  -0.0232886    0.394125
IMAGINARY
          0  -0.0202222   0.0106552 -0.00195802
  0.0202222           0  -0.0113163 -0.00547384
 -0.0106552   0.0113163           0   0.0020875
 0.00195802  0.00547384  -0.0020875           0
EndNode1[0]<--->Repeater1[0]
REAL
   0.429487 -0.00293744   0.0158332    0.122347
-0.00293744         0.1 -0.00532584 -0.00785443
  0.0158332 -0.00532584   0.0935897  0.00825659
   0.122347 -0.00785443  0.00825659    0.376923
IMAGINARY
          0 -0.00528606  0.00848664  0.00650593
 0.00528606           0   0.0127248  0.00723664
-0.00848664  -0.0127248           0  0.00465713
-0.00650593 -0.00723664 -0.00465713           0
EndNode2[0]<--->HoM1[0]
REAL
  0.375489 0.00465091  0.0155917   0.131353
0.00465091   0.104302  0.0255228 -0.0109188
 0.0155917  0.0255228    0.10691  0.0013571
  0.131353 -0.0109188  0.0013571   0.413299
IMAGINARY
          0   0.0303227  -0.0255483  0.00326149
 -0.0303227           0 -0.00756653 -0.00803855
  0.0255483  0.00756653           0   0.0197407
-0.00326149  0.00803855  -0.0197407           0
Repeater1[0]<--->EndNode1[0]
REAL
   0.429487   0.0158332 -0.00293744    0.122347
  0.0158332   0.0935897 -0.00532584  0.00825659
-0.00293744 -0.00532584         0.1 -0.00785443
   0.122347  0.00825659 -0.00785443    0.376923
IMAGINARY
          0  0.00848664 -0.00528606  0.00650593
-0.00848664           0  -0.0127248  0.00465713
 0.00528606   0.0127248           0  0.00723664
-0.00650593 -0.00465713 -0.00723664           0
Repeater1[0]<--->HoM1[0]
REAL
  0.375489  0.0155917 0.00465091   0.131353
 0.0155917    0.10691  0.0255228  0.0013571
0.00465091  0.0255228   0.104302 -0.0109188
  0.131353  0.0013571 -0.0109188   0.413299
IMAGINARY
          0  -0.0255483   0.0303227  0.00326149
  0.0255483           0  0.00756653   0.0197407
 -0.0303227 -0.00756653           0 -0.00803855
-0.00326149  -0.0197407  0.00803855           0
EndNode1[0]<--->Repeater1[0]
REAL
   0.412224  0.00775863    -0.01413    0.139495
 0.00775863   0.0819246    0.010629 -0.00572116
   -0.01413    0.010629    0.111834   0.0071297
   0.139495 -0.00572116   0.0071297    0.394018
IMAGINARY
          0  0.00886075 -0.00096608  0.00599025
-0.00886075           0    0.005328 -0.00032258
 0.00096608   -0.005328           0 -0.00241745
-0.00599025  0.00032258  0.00241745           0
EndNode2[0]<--->HoM1[0]
REAL
    0.43853 -0.00544591  -0.0201174    0.132861
-0.00544591    0.095057  0.00864879    0.014457
 -0.0201174  0.00864879   0.0874525  -0.0115352
   0.132861    0.014457  -0.0115352    0.378961
IMAGINARY
          0   0.0200309 -0.00781749  0.00744953
 -0.0200309           0 -0.00014541   0.0122311
 0.00781749  0.00014541           0  -0.0269665
-0.00744953  -0.0122311   0.0269665           0
Repeater1[0]<--->EndNode1[0]
REAL
   0.412224    -0.01413  0.00775863    0.139495
   -0.01413    0.111834    0.010629   0.0071297
 0.00775863    0.010629   0.0819246 -0.00572116
   0.139495   0.0071297 -0.00572116    0.394018
IMAGINARY
          0 -0.00096608  0.00886075  0.00599025
 0.00096608           0   -0.005328 -0.00241745
-0.00886075    0.005328           0 -0.00032258
-0.00599025  0.00241745  0.00032258           0
Repeater1[0]<--->HoM1[0]
REAL
    0.43853  -0.0201174 -0.00544591    0.132861
 -0.0201174   0.0874525  0.00864879  -0.0115352
-0.00544591  0.00864879    0.095057    0.014457
   0.132861  -0.0115352    0.014457    0.378961
IMAGINARY
          0 -0.00781749   0.0200309  0.00744953
 0.00781749           0  0.00014541  -0.0269665
 -0.0200309 -0.00014541           0   0.0122311
-0.00744953   0.0269665  -0.0122311           0
EndNode1[0]<--->Repeater1[0]
REAL
   0.401478  0.00339698 -0.00586116    0.143617
 0.00339698   0.0800493  0.00658887  -0.0167726
-0.00586116  0.00658887    0.100985  0.00277586
   0.143617  -0.0167726  0.00277586    0.417488
IMAGINARY
           0  0.000287196 -0.000497348   0.00478621
-0.000287196            0    0.0237256   -0.0232542
 0.000497348   -0.0237256            0   -0.0203846
 -0.00478621    0.0232542    0.0203846            0
EndNode2[0]<--->HoM1[0]
REAL
  0.400832 0.00634518 0.00579881   0.111252
0.00634518  0.0901526 -0.0109986 -0.0197582
0.00579881 -0.0109986   0.102635 0.00634518
  0.111252 -0.0197582 0.00634518    0.40638
IMAGINARY
          0 -0.00324661  0.00560615   0.0100057
 0.00324661           0   -0.021807 -0.00107834
-0.00560615    0.021807           0 -0.00645585
 -0.0100057  0.00107834  0.00645585           0
Repeater1[0]<--->EndNode1[0]
REAL
   0.401478 -0.00586116  0.00339698    0.143617
-0.00586116    0.100985  0.00658887  0.00277586
 0.00339698  0.00658887   0.0800493  -0.0167726
   0.143617  0.00277586  -0.0167726    0.417488
IMAGINARY
           0 -0.000497348  0.000287196   0.00478621
 0.000497348            0   -0.0237256   -0.0203846
-0.000287196    0.0237256            0   -0.0232542
 -0.00478621    0.0203846    0.0232542            0
Repeater1[0]<--->HoM1[0]
REAL
  0.400832 0.00579881 0.00634518   0.111252
0.00579881   0.102635 -0.0109986 0.00634518
0.00634518 -0.0109986  0.0901526 -0.0197582
  0.111252 0.00634518 -0.0197582    0.40638
IMAGINARY
          0  0.00560615 -0.00324661   0.0100057
-0.00560615           0    0.021807 -0.00645585
 0.00324661   -0.021807           0 -0.00107834
 -0.0100057  0.00645585  0.00107834           0
EndNode1[0]<--->Repeater1[0]
REAL
    0.435152   -0.0104381  0.000287245     0.115469
  -0.0104381    0.0751515 -0.000692945  -0.00688355
 0.000287245 -0.000692945    0.0921212    0.0170344
    0.115469  -0.00688355    0.0170344     0.397576
IMAGINARY
           0  -0.00593175 -0.000887272  -0.00619823
  0.00593175            0  -0.00491288   0.00467515
 0.000887272   0.00491288            0    0.0223459
  0.00619823  -0.00467515   -0.0223459            0
EndNode2[0]<--->HoM1[0]
REAL
   0.425806 -0.00912357  0.00192715    0.122868
-0.00912357        0.08   0.0103363  0.00257735
 0.00192715   0.0103363    0.076129   0.0123411
   0.122868  0.00257735   0.0123411    0.418065
IMAGINARY
           0  0.000109609   -0.0045565   -0.0191105
-0.000109609            0      0.02177    0.0045565
   0.0045565     -0.02177            0   -0.0141761
   0.0191105   -0.0045565    0.0141761            0
Repeater1[0]<--->EndNode1[0]
REAL
    0.435152  0.000287245   -0.0104381     0.115469
 0.000287245    0.0921212 -0.000692945    0.0170344
  -0.0104381 -0.000692945    0.0751515  -0.00688355
    0.115469    0.0170344  -0.00688355     0.397576
IMAGINARY
           0 -0.000887272  -0.00593175  -0.00619823
 0.000887272            0   0.00491288    0.0223459
  0.00593175  -0.00491288            0   0.00467515
  0.00619823   -0.0223459  -0.00467515            0
Repeater1[0]<--->HoM1[0]
REAL
   0.425806  0.00192715 -0.00912357    0.122868
 0.00192715    0.076129   0.0103363   0.0123411
-0.00912357   0.0103363        0.08  0.00257735
   0.122868   0.0123411  0.00257735    0.418065
IMAGINARY
           0   -0.0045565  0.000109609   -0.0191105
   0.0045565            0     -0.02177   -0.0141761
-0.000109609      0.02177            0    0.0045565
   0.0191105    0.0141761   -0.0045565            0
EndNode1[0]<--->Repeater1[0]
REAL
  0.400527  0.0161479 0.00995222   0.135581
 0.0161479   0.088274 0.00551527  0.0105957
0.00995222 0.00551527  0.0948617 -0.0120383
  0.135581  0.0105957 -0.0120383   0.416337
IMAGINARY
          0   -0.015636  0.00947627   0.0224971
   0.015636           0   0.0139106  0.00817079
-0.00947627  -0.0139106           0   0.0228255
 -0.0224971 -0.00817079  -0.0228255           0
EndNode2[0]<--->HoM1[0]
REAL
   0.403206 -0.00774602  0.00635877    0.135981
-0.00774602   0.0961776  0.00525025  0.00635877
 0.00635877  0.00525025   0.0961776  -0.0143423
   0.135981  0.00635877  -0.0143423    0.404439
IMAGINARY
          0   0.0009822 -0.00100446  -0.0242715
 -0.0009822           0  -0.0048605 -0.00828922
 0.00100446   0.0048605           0 -0.00160178
  0.0242715  0.00828922  0.00160178           0
Repeater1[0]<--->EndNode1[0]
REAL
  0.400527 0.00995222  0.0161479   0.135581
0.00995222  0.0948617 0.00551527 -0.0120383
 0.0161479 0.00551527   0.088274  0.0105957
  0.135581 -0.0120383  0.0105957   0.416337
IMAGINARY
          0  0.00947627   -0.015636   0.0224971
-0.00947627           0  -0.0139106   0.0228255
   0.015636   0.0139106           0  0.00817079
 -0.0224971  -0.0228255 -0.00817079           0
Repeater1[0]<--->HoM1[0]
REAL
   0.403206  0.00635877 -0.00774602    0.135981
 0.00635877   0.0961776  0.00525025  -0.0143423
-0.00774602  0.00525025   0.0961776  0.00635877
   0.135981  -0.0143423  0.00635877    0.404439
IMAGINARY
          0 -0.00100446   0.0009822  -0.0242715
 0.00100446           0   0.0048605 -0.00160178
 -0.0009822  -0.0048605           0 -0.00828922
  0.0242715  0.00160178  0.00828922           0
EndNode1[0]<--->Repeater1[0]
REAL
   0.435152  -0.0110737 -0.00995215    0.145259
 -0.0110737   0.0969697 -0.00125887 -0.00871452
-0.00995215 -0.00125887   0.0642424    0.012407
   0.145259 -0.00871452    0.012407    0.403636
IMAGINARY
          0  0.00243194   0.0109161  -0.0189549
-0.00243194           0  -0.0121396  0.00419563
 -0.0109161   0.0121396           0  -0.0162296
  0.0189549 -0.00419563   0.0162296           0
EndNode2[0]<--->HoM1[0]
REAL
   0.444988  -0.0167531 -0.00442006    0.144339
 -0.0167531   0.0843521    0.015917  -0.0109646
-0.00442006    0.015917   0.0831296   0.0359839
   0.144339  -0.0109646   0.0359839    0.387531
IMAGINARY
          0 -0.00912134 -0.00220659  -0.0114581
 0.00912134           0 -0.00683458  0.00546604
 0.00220659  0.00683458           0  -0.0110873
  0.0114581 -0.00546604   0.0110873           0
Repeater1[0]<--->EndNode1[0]
REAL
   0.435152 -0.00995215  -0.0110737    0.145259
-0.00995215   0.0642424 -0.00125887    0.012407
 -0.0110737 -0.00125887   0.0969697 -0.00871452
   0.145259    0.012407 -0.00871452    0.403636
IMAGINARY
          0   0.0109161  0.00243194  -0.0189549
 -0.0109161           0   0.0121396  -0.0162296
-0.00243194  -0.0121396           0  0.00419563
  0.0189549   0.0162296 -0.00419563           0
Repeater1[0]<--->HoM1[0]
REAL
   0.444988 -0.00442006  -0.0167531    0.144339
-0.00442006   0.0831296    0.015917   0.0359839
 -0.0167531    0.015917   0.0843521  -0.0109646
   0.144339   0.0359839  -0.0109646    0.387531
IMAGINARY
          0 -0.00220659 -0.00912134  -0.0114581
 0.00220659           0  0.00683458  -0.0110873
 0.00912134 -0.00683458           0  0.00546604
  0.0114581   0.0110873 -0.00546604           0
EndNode1[0]<--->Repeater1[0]
REAL
    0.434278 -0.000802137    0.0119121     0.139005
-0.000802137     0.104381   -0.0116282    0.0178724
   0.0119121   -0.0116282    0.0850515   0.00523813
    0.139005    0.0178724   0.00523813     0.376289
IMAGINARY
           0  -0.00516322    0.0119904    0.0136918
  0.00516322            0    0.0175981   -0.0119904
  -0.0119904   -0.0175981            0  9.99334e-05
  -0.0136918    0.0119904 -9.99334e-05            0
EndNode2[0]<--->HoM1[0]
REAL
   0.40566 0.00534478 0.00150482   0.123032
0.00534478  0.0916442 -0.0243056 0.00804932
0.00150482 -0.0243056  0.0929919   -0.02509
  0.123032 0.00804932   -0.02509   0.409704
IMAGINARY
          0   0.0104845  -0.0174979  -0.0061289
 -0.0104845           0 -0.00288636 -0.00321217
  0.0174979  0.00288636           0 -0.00634246
  0.0061289  0.00321217  0.00634246           0
Repeater1[0]<--->EndNode1[0]
REAL
    0.434278    0.0119121 -0.000802137     0.139005
   0.0119121    0.0850515   -0.0116282   0.00523813
-0.000802137   -0.0116282     0.104381    0.0178724
    0.139005   0.00523813    0.0178724     0.376289
IMAGINARY
           0    0.0119904  -0.00516322    0.0136918
  -0.0119904            0   -0.0175981  9.99334e-05
  0.00516322    0.0175981            0   -0.0119904
  -0.0136918 -9.99334e-05    0.0119904            0
Repeater1[0]<--->HoM1[0]
REAL
   0.40566 0.00150482 0.00534478   0.123032
0.00150482  0.0929919 -0.0243056   -0.02509
0.00534478 -0.0243056  0.0916442 0.00804932
  0.123032   -0.02509 0.00804932   0.409704
IMAGINARY
          0  -0.0174979   0.0104845  -0.0061289
  0.0174979           0  0.00288636 -0.00634246
 -0.0104845 -0.00288636           0 -0.00321217
  0.0061289  0.00634246  0.00321217           0
EndNode1[0]<--->Repeater1[0]
REAL
   0.404669  0.00476514     0.00875    0.121336
 0.00476514   0.0843061 -0.00705069    -0.00875
    0.00875 -0.00705069   0.0985733   0.0147154
   0.121336    -0.00875   0.0147154    0.412451
IMAGINARY
           0  -0.00308271   -0.0122402    0.0043416
  0.00308271            0 -0.000197956    0.0128854
   0.0122402  0.000197956            0    0.0127601
  -0.0043416   -0.0128854   -0.0127601            0
EndNode2[0]<--->HoM1[0]
REAL
   0.415816 -0.00160674   0.0278514    0.128199
-0.00160674   0.0982143 -0.00793021 0.000842153
  0.0278514 -0.00793021   0.0943878  -0.0124348
   0.128199 0.000842153  -0.0124348    0.391582
IMAGINARY
          0  -0.0118898  0.00893784  -0.0159528
  0.0118898           0  0.00185887  -0.0276475
-0.00893784 -0.00185887           0 -0.00294893
  0.0159528   0.0276475  0.00294893           0
Repeater1[0]<--->EndNode1[0]
REAL
   0.404669     0.00875  0.00476514    0.121336
    0.00875   0.0985733 -0.00705069   0.0147154
 0.00476514 -0.00705069   0.0843061    -0.00875
   0.121336   0.0147154    -0.00875    0.412451
IMAGINARY
           0   -0.0122402  -0.00308271    0.0043416
   0.0122402            0  0.000197956    0.0127601
  0.00308271 -0.000197956            0    0.0128854
  -0.0043416   -0.0127601   -0.0128854            0
Repeater1[0]<--->HoM1[0]
REAL
   0.415816   0.0278514 -0.00160674    0.128199
  0.0278514   0.0943878 -0.00793021  -0.0124348
-0.00160674 -0.00793021   0.0982143 0.000842153
   0.128199  -0.0124348 0.000842153    0.391582
IMAGINARY
          0  0.00893784  -0.0118898  -0.0159528
-0.00893784           0 -0.00185887 -0.00294893
  0.0118898  0.00185887           0  -0.0276475
  0.0159528  0.00294893   0.0276475           0
EndNode1[0]<--->Repeater1[0]
REAL
   0.440657 -0.00353608  -0.0155599    0.127091
-0.00353608   0.0909091   0.0128592 0.000146868
 -0.0155599   0.0128592   0.0782828   0.0103178
   0.127091 0.000146868   0.0103178    0.390152
IMAGINARY
          0  -0.0216173  -0.0145837   0.0204652
  0.0216173           0 -0.00390894  0.00646889
  0.0145837  0.00390894           0   0.0359743
 -0.0204652 -0.00646889  -0.0359743           0
EndNode2[0]<--->HoM1[0]
REAL
   0.432326   0.0159628   0.0161969     0.14834
  0.0159628   0.0827858  -0.0108405 -0.00369695
  0.0161969  -0.0108405   0.0854139   0.0140372
    0.14834 -0.00369695   0.0140372    0.399474
IMAGINARY
          0 -0.00428861  -0.0012303  0.00614046
 0.00428861           0 -0.00488418   0.0018908
  0.0012303  0.00488418           0   0.0168381
-0.00614046  -0.0018908  -0.0168381           0
Repeater1[0]<--->EndNode1[0]
REAL
   0.440657  -0.0155599 -0.00353608    0.127091
 -0.0155599   0.0782828   0.0128592   0.0103178
-0.00353608   0.0128592   0.0909091 0.000146868
   0.127091   0.0103178 0.000146868    0.390152
IMAGINARY
          0  -0.0145837  -0.0216173   0.0204652
  0.0145837           0  0.00390894   0.0359743
  0.0216173 -0.00390894           0  0.00646889
 -0.0204652  -0.0359743 -0.00646889           0
Repeater1[0]<--->HoM1[0]
REAL
   0.432326   0.0161969   0.0159628     0.14834
  0.0161969   0.0854139  -0.0108405   0.0140372
  0.0159628  -0.0108405   0.0827858 -0.00369695
    0.14834   0.0140372 -0.00369695    0.399474
IMAGINARY
          0  -0.0012303 -0.00428861  0.00614046
  0.0012303           0  0.00488418   0.0168381
 0.00428861 -0.00488418           0   0.0018908
-0.00614046  -0.0168381  -0.0018908           0
EndNode1[0]<--->Repeater1[0]
REAL
   0.397683  -0.0112147 -0.00236403    0.112163
 -0.0112147   0.0849421 0.000909349  -0.0113615
-0.00236403 0.000909349     0.10296 0.000103566
   0.112163  -0.0113615 0.000103566    0.414414
IMAGINARY
          0 -0.00493561   -0.014701  0.00389955
 0.00493561           0  -0.0264802  -0.0108745
   0.014701   0.0264802           0   0.0126082
-0.00389955   0.0108745  -0.0126082           0
EndNode2[0]<--->HoM1[0]
REAL
   0.37751 -0.0185527  0.0118447   0.131352
-0.0185527   0.105756  0.0115957 -0.0086681
 0.0118447  0.0115957  0.0870147  0.0102935
  0.131352 -0.0086681  0.0102935   0.429719
IMAGINARY
           0   0.00746677   -0.0171689  0.000903595
 -0.00746677            0  -0.00731385    0.0110796
   0.0171689   0.00731385            0   0.00268208
-0.000903595   -0.0110796  -0.00268208            0
Repeater1[0]<--->EndNode1[0]
REAL
   0.397683 -0.00236403  -0.0112147    0.112163
-0.00236403     0.10296 0.000909349 0.000103566
 -0.0112147 0.000909349   0.0849421  -0.0113615
   0.112163 0.000103566  -0.0113615    0.414414
IMAGINARY
          0   -0.014701 -0.00493561  0.00389955
   0.014701           0   0.0264802   0.0126082
 0.00493561  -0.0264802           0  -0.0108745
-0.00389955  -0.0126082   0.0108745           0
Repeater1[0]<--->HoM1[0]
REAL
   0.37751  0.0118447 -0.0185527   0.131352
 0.0118447  0.0870147  0.0115957  0.0102935
-0.0185527  0.0115957   0.105756 -0.0086681
  0.131352  0.0102935 -0.0086681   0.429719
IMAGINARY
           0   -0.0171689   0.00746677  0.000903595
   0.0171689            0   0.00731385   0.00268208
 -0.00746677  -0.00731385            0    0.0110796
-0.000903595  -0.00268208   -0.0110796            0
EndNode1[0]<--->Repeater1[0]
REAL
   0.416559  -0.0149809  -0.0344595    0.123413
 -0.0149809   0.0892626   0.0234127 -0.00390031
 -0.0344595   0.0234127   0.0957309  0.00439892
   0.123413 -0.00390031  0.00439892    0.398448
IMAGINARY
          0  0.00470163  -0.0130893 -0.00265065
-0.00470163           0  0.00328759 -0.00637379
  0.0130893 -0.00328759           0   0.0040232
 0.00265065  0.00637379  -0.0040232           0
EndNode2[0]<--->HoM1[0]
REAL
   0.405237  -0.0167656 0.000645986    0.119298
 -0.0167656   0.0947631   0.0180077  0.00194469
0.000645986   0.0180077   0.0947631    0.014175
   0.119298  0.00194469    0.014175    0.405237
IMAGINARY
          0   0.0096693   0.0144044    0.010673
 -0.0096693           0   0.0113051 -0.00601726
 -0.0144044  -0.0113051           0  0.00904037
  -0.010673  0.00601726 -0.00904037           0
Repeater1[0]<--->EndNode1[0]
REAL
   0.416559  -0.0344595  -0.0149809    0.123413
 -0.0344595   0.0957309   0.0234127  0.00439892
 -0.0149809   0.0234127   0.0892626 -0.00390031
   0.123413  0.00439892 -0.00390031    0.398448
IMAGINARY
          0  -0.0130893  0.00470163 -0.00265065
  0.0130893           0 -0.00328759   0.0040232
-0.00470163  0.00328759           0 -0.00637379
 0.00265065  -0.0040232  0.00637379           0
Repeater1[0]<--->HoM1[0]
REAL
   0.405237 0.000645986  -0.0167656    0.119298
0.000645986   0.0947631   0.0180077    0.014175
 -0.0167656   0.0180077   0.0947631  0.00194469
   0.119298    0.014175  0.00194469    0.405237
IMAGINARY
          0   0.0144044   0.0096693    0.010673
 -0.0144044           0  -0.0113051  0.00904037
 -0.0096693   0.0113051           0 -0.00601726
  -0.010673 -0.00904037  0.00601726           0
EndNode1[0]<--->Repeater1[0]
REAL
   0.405548  -0.0235231 -0.00956314   0.0967689
 -0.0235231   0.0977543   0.0137574 -0.00885792
-0.00956314   0.0137574    0.100396   -0.013319
  0.0967689 -0.00885792   -0.013319    0.396301
IMAGINARY
           0   -0.0152607  -0.00968098   -0.0100663
   0.0152607            0 -0.000679579   -0.0128415
  0.00968098  0.000679579            0    0.0171912
   0.0100663    0.0128415   -0.0171912            0
EndNode2[0]<--->HoM1[0]
REAL
   0.405978  0.00577137   0.0199156    0.123193
 0.00577137   0.0983811 -0.00648247  0.00793582
  0.0199156 -0.00648247   0.0821918   0.0154488
   0.123193  0.00793582   0.0154488     0.41345
IMAGINARY
          0  -0.0364766 -0.00237951  0.00826211
  0.0364766           0  -0.0045584  -0.0163237
 0.00237951   0.0045584           0 -0.00591742
-0.00826211   0.0163237  0.00591742           0
Repeater1[0]<--->EndNode1[0]
REAL
   0.405548 -0.00956314  -0.0235231   0.0967689
-0.00956314    0.100396   0.0137574   -0.013319
 -0.0235231   0.0137574   0.0977543 -0.00885792
  0.0967689   -0.013319 -0.00885792    0.396301
IMAGINARY
           0  -0.00968098   -0.0152607   -0.0100663
  0.00968098            0  0.000679579    0.0171912
   0.0152607 -0.000679579            0   -0.0128415
   0.0100663   -0.0171912    0.0128415            0
Repeater1[0]<--->HoM1[0]
REAL
   0.405978   0.0199156  0.00577137    0.123193
  0.0199156   0.0821918 -0.00648247   0.0154488
 0.00577137 -0.00648247   0.0983811  0.00793582
   0.123193   0.0154488  0.00793582     0.41345
IMAGINARY
          0 -0.00237951  -0.0364766  0.00826211
 0.00237951           0   0.0045584 -0.00591742
  0.0364766  -0.0045584           0  -0.0163237
-0.00826211  0.00591742   0.0163237           0
EndNode1[0]<--->Repeater1[0]
REAL
   0.394057  -0.0057285  0.00993078    0.115288
 -0.0057285   0.0930233 -0.00168125  0.00739913
 0.00993078 -0.00168125    0.100775   0.0166399
   0.115288  0.00739913   0.0166399    0.412145
IMAGINARY
          0  -0.0220335  0.00578106  0.00927961
  0.0220335           0     0.01579    0.044522
-0.00578106    -0.01579           0  -0.0088756
-0.00927961   -0.044522   0.0088756           0
EndNode2[0]<--->HoM1[0]
REAL
   0.401003 -0.00105031 -0.00255412    0.128712
-0.00105031   0.0902256  0.00540571  -0.0045047
-0.00255412  0.00540571   0.0864662  0.00928561
