EndNode1[0]<--->Repeater1[0]
REAL
    0.449814  0.000950286    -0.002574     0.275032
 0.000950286    0.0508055    0.0036036 -0.000643501
   -0.002574    0.0036036    0.0408922   0.00870222
    0.275032 -0.000643501   0.00870222     0.458488
IMAGINARY
          0  0.00099262   0.0110316  0.00737799
-0.00099262           0 -0.00109658  -0.0228329
 -0.0110316  0.00109658           0   0.0157776
-0.00737799   0.0228329  -0.0157776           0
EndNode2[0]<--->HoM1[0]
REAL
   0.479849  -0.0120569 -0.00119107     0.28532
 -0.0120569   0.0302267   0.0128803  0.00890315
-0.00119107   0.0128803   0.0453401 -0.00208188
    0.28532  0.00890315 -0.00208188    0.444584
IMAGINARY
          0 -0.00529492  0.00743625  -0.0118621
 0.00529492           0  -0.0138594  0.00204542
-0.00743625   0.0138594           0  0.00592703
  0.0118621 -0.00204542 -0.00592703           0
Repeater1[0]<--->EndNode1[0]
REAL
    0.449814    -0.002574  0.000950286     0.275032
   -0.002574    0.0408922    0.0036036   0.00870222
 0.000950286    0.0036036    0.0508055 -0.000643501
    0.275032   0.00870222 -0.000643501     0.458488
IMAGINARY
          0   0.0110316  0.00099262  0.00737799
 -0.0110316           0  0.00109658   0.0157776
-0.00099262 -0.00109658           0  -0.0228329
-0.00737799  -0.0157776   0.0228329           0
Repeater1[0]<--->HoM1[0]
REAL
   0.479849 -0.00119107  -0.0120569     0.28532
-0.00119107   0.0453401   0.0128803 -0.00208188
 -0.0120569   0.0128803   0.0302267  0.00890315
    0.28532 -0.00208188  0.00890315    0.444584
IMAGINARY
          0  0.00743625 -0.00529492  -0.0118621
-0.00743625           0   0.0138594  0.00592703
 0.00529492  -0.0138594           0  0.00204542
  0.0118621 -0.00592703 -0.00204542           0
EndNode1[0]<--->Repeater1[0]
REAL
    0.480769   -0.0102436   -0.0112058     0.272906
  -0.0102436    0.0358974    0.0167768 -0.000698982
  -0.0112058    0.0167768    0.0397436    0.0181801
    0.272906 -0.000698982    0.0181801      0.44359
IMAGINARY
          0   0.0107102  0.00188807  0.00400062
 -0.0107102           0   0.0114633  -0.0309203
-0.00188807  -0.0114633           0  0.00154788
-0.00400062   0.0309203 -0.00154788           0
EndNode2[0]<--->HoM1[0]
REAL
   0.436061   0.0197048 0.000138387    0.269594
  0.0197048   0.0524297   0.0036905   0.0145675
0.000138387   0.0036905   0.0460358  -0.0111263
   0.269594   0.0145675  -0.0111263    0.465473
IMAGINARY
           0  -0.00203969    0.0035076 -3.71213e-05
  0.00203969            0   -0.0285542    0.0333881
  -0.0035076    0.0285542            0  -0.00941069
 3.71213e-05   -0.0333881   0.00941069            0
Repeater1[0]<--->EndNode1[0]
REAL
    0.480769   -0.0112058   -0.0102436     0.272906
  -0.0112058    0.0397436    0.0167768    0.0181801
  -0.0102436    0.0167768    0.0358974 -0.000698982
    0.272906    0.0181801 -0.000698982      0.44359
IMAGINARY
          0  0.00188807   0.0107102  0.00400062
-0.00188807           0  -0.0114633  0.00154788
 -0.0107102   0.0114633           0  -0.0309203
-0.00400062 -0.00154788   0.0309203           0
Repeater1[0]<--->HoM1[0]
REAL
   0.436061 0.000138387   0.0197048    0.269594
0.000138387   0.0460358   0.0036905  -0.0111263
  0.0197048   0.0036905   0.0524297   0.0145675
   0.269594  -0.0111263   0.0145675    0.465473
IMAGINARY
           0    0.0035076  -0.00203969 -3.71213e-05
  -0.0035076            0    0.0285542  -0.00941069
  0.00203969   -0.0285542            0    0.0333881
 3.71213e-05   0.00941069   -0.0333881            0
EndNode1[0]<--->Repeater1[0]
REAL
   0.465772  -0.0157268 -0.00281315     0.25976
 -0.0157268   0.0536913 -0.00602907  -0.0208187
-0.00281315 -0.00602907   0.0590604  -0.0054175
    0.25976  -0.0208187  -0.0054175    0.421477
IMAGINARY
           0   0.00182473  0.000588988    0.0137105
 -0.00182473            0  -0.00738135  -0.00190478
-0.000588988   0.00738135            0     -0.01893
  -0.0137105   0.00190478      0.01893            0
EndNode2[0]<--->HoM1[0]
REAL
  0.444005 -0.0239181 0.00635162   0.261711
-0.0239181  0.0461133  0.0159259 0.00699019
0.00635162  0.0159259  0.0421607 0.00549368
  0.261711 0.00699019 0.00549368   0.467721
IMAGINARY
           0  -0.00540756   -0.0208114    0.0111117
  0.00540756            0  -0.00251223  0.000707613
   0.0208114   0.00251223            0    0.0125412
  -0.0111117 -0.000707613   -0.0125412            0
Repeater1[0]<--->EndNode1[0]
REAL
   0.465772 -0.00281315  -0.0157268     0.25976
-0.00281315   0.0590604 -0.00602907  -0.0054175
 -0.0157268 -0.00602907   0.0536913  -0.0208187
    0.25976  -0.0054175  -0.0208187    0.421477
IMAGINARY
           0  0.000588988   0.00182473    0.0137105
-0.000588988            0   0.00738135     -0.01893
 -0.00182473  -0.00738135            0  -0.00190478
  -0.0137105      0.01893   0.00190478            0
Repeater1[0]<--->HoM1[0]
REAL
  0.444005 0.00635162 -0.0239181   0.261711
0.00635162  0.0421607  0.0159259 0.00549368
-0.0239181  0.0159259  0.0461133 0.00699019
  0.261711 0.00549368 0.00699019   0.467721
IMAGINARY
           0   -0.0208114  -0.00540756    0.0111117
   0.0208114            0   0.00251223    0.0125412
  0.00540756  -0.00251223            0  0.000707613
  -0.0111117   -0.0125412 -0.000707613            0
EndNode1[0]<--->Repeater1[0]
REAL
   0.449495  -0.0194246  -0.0108854    0.270409
 -0.0194246   0.0530303 -0.00881142  -0.0161764
 -0.0108854 -0.00881142   0.0517677 -0.00892591
   0.270409  -0.0161764 -0.00892591    0.445707
IMAGINARY
         0 -0.0197228  0.0279745  0.0216683
 0.0197228          0 -0.0143512 -0.0123901
-0.0279745  0.0143512          0  0.0067358
-0.0216683  0.0123901 -0.0067358          0
EndNode2[0]<--->HoM1[0]
REAL
   0.452055 -0.00182976  -0.0034195    0.276544
-0.00182976   0.0342466 -0.00779445   0.0096695
 -0.0034195 -0.00779445   0.0452055 -0.00317024
   0.276544   0.0096695 -0.00317024    0.468493
IMAGINARY
          0  0.00292823 -0.00513479   0.0186008
-0.00292823           0  0.00344927   0.0121951
 0.00513479 -0.00344927           0   0.0054158
 -0.0186008  -0.0121951  -0.0054158           0
Repeater1[0]<--->EndNode1[0]
REAL
   0.449495  -0.0108854  -0.0194246    0.270409
 -0.0108854   0.0517677 -0.00881142 -0.00892591
 -0.0194246 -0.00881142   0.0530303  -0.0161764
   0.270409 -0.00892591  -0.0161764    0.445707
IMAGINARY
         0  0.0279745 -0.0197228  0.0216683
-0.0279745          0  0.0143512  0.0067358
 0.0197228 -0.0143512          0 -0.0123901
-0.0216683 -0.0067358  0.0123901          0
Repeater1[0]<--->HoM1[0]
REAL
   0.452055  -0.0034195 -0.00182976    0.276544
 -0.0034195   0.0452055 -0.00779445 -0.00317024
-0.00182976 -0.00779445   0.0342466   0.0096695
   0.276544 -0.00317024   0.0096695    0.468493
IMAGINARY
          0 -0.00513479  0.00292823   0.0186008
 0.00513479           0 -0.00344927   0.0054158
-0.00292823  0.00344927           0   0.0121951
 -0.0186008  -0.0054158  -0.0121951           0
EndNode1[0]<--->Repeater1[0]
REAL
   0.447059  0.00315044  -0.0142568    0.256434
 0.00315044   0.0457516  0.00675801 0.000743243
 -0.0142568  0.00675801   0.0444444   0.0167981
   0.256434 0.000743243   0.0167981    0.462745
IMAGINARY
          0 -0.00814445 -0.00886758   0.0116638
 0.00814445           0  0.00348771  -0.0164243
 0.00886758 -0.00348771           0  0.00360489
 -0.0116638   0.0164243 -0.00360489           0
EndNode2[0]<--->HoM1[0]
REAL
   0.487147 -0.00694526  -0.0091798    0.265408
-0.00694526   0.0372751  0.00160798     0.03274
 -0.0091798  0.00160798   0.0462725   0.0305055
   0.265408     0.03274   0.0305055    0.429306
IMAGINARY
          0   0.0198418  -0.0114353  -0.0144906
 -0.0198418           0  0.00121623  0.00694238
  0.0114353 -0.00121623           0  -0.0127814
  0.0144906 -0.00694238   0.0127814           0
Repeater1[0]<--->EndNode1[0]
REAL
   0.447059  -0.0142568  0.00315044    0.256434
 -0.0142568   0.0444444  0.00675801   0.0167981
 0.00315044  0.00675801   0.0457516 0.000743243
   0.256434   0.0167981 0.000743243    0.462745
IMAGINARY
          0 -0.00886758 -0.00814445   0.0116638
 0.00886758           0 -0.00348771  0.00360489
 0.00814445  0.00348771           0  -0.0164243
 -0.0116638 -0.00360489   0.0164243           0
Repeater1[0]<--->HoM1[0]
REAL
   0.487147  -0.0091798 -0.00694526    0.265408
 -0.0091798   0.0462725  0.00160798   0.0305055
-0.00694526  0.00160798   0.0372751     0.03274
   0.265408   0.0305055     0.03274    0.429306
IMAGINARY
          0  -0.0114353   0.0198418  -0.0144906
  0.0114353           0 -0.00121623  -0.0127814
 -0.0198418  0.00121623           0  0.00694238
  0.0144906   0.0127814 -0.00694238           0
EndNode1[0]<--->Repeater1[0]
REAL
  0.425926 -0.0010361 -0.0142521   0.277774
-0.0010361  0.0481481 0.00667387  0.0176628
-0.0142521 0.00667387  0.0407407 -0.0037388
  0.277774  0.0176628 -0.0037388   0.485185
IMAGINARY
          0 -0.00559484   0.0103006  0.00033305
 0.00559484           0  -0.0015925  -0.0218095
 -0.0103006   0.0015925           0   0.0030373
-0.00033305   0.0218095  -0.0030373           0
EndNode2[0]<--->HoM1[0]
REAL
  0.441802 -0.0233063  0.0170762   0.257562
-0.0233063  0.0413016  0.0165909 0.00488111
 0.0170762  0.0165909  0.0387985 -0.0149622
  0.257562 0.00488111 -0.0149622   0.478098
IMAGINARY
          0   0.0024964   0.0134179 -0.00766766
 -0.0024964           0   0.0109018  -0.0140406
 -0.0134179  -0.0109018           0 -0.00934571
 0.00766766   0.0140406  0.00934571           0
Repeater1[0]<--->EndNode1[0]
REAL
  0.425926 -0.0142521 -0.0010361   0.277774
-0.0142521  0.0407407 0.00667387 -0.0037388
-0.0010361 0.00667387  0.0481481  0.0176628
  0.277774 -0.0037388  0.0176628   0.485185
IMAGINARY
          0   0.0103006 -0.00559484  0.00033305
 -0.0103006           0   0.0015925   0.0030373
 0.00559484  -0.0015925           0  -0.0218095
-0.00033305  -0.0030373   0.0218095           0
Repeater1[0]<--->HoM1[0]
REAL
  0.441802  0.0170762 -0.0233063   0.257562
 0.0170762  0.0387985  0.0165909 -0.0149622
-0.0233063  0.0165909  0.0413016 0.00488111
  0.257562 -0.0149622 0.00488111   0.478098
IMAGINARY
          0   0.0134179   0.0024964 -0.00766766
 -0.0134179           0  -0.0109018 -0.00934571
 -0.0024964   0.0109018           0  -0.0140406
 0.00766766  0.00934571   0.0140406           0
EndNode1[0]<--->Repeater1[0]
REAL
   0.470907 -0.00481865   0.0267104    0.258912
-0.00481865   0.0514208   0.0260878  -0.0142104
  0.0267104   0.0260878   0.0500677  -0.0151813
   0.258912  -0.0142104  -0.0151813    0.427605
IMAGINARY
          0 -0.00610033  0.00377484 -0.00938939
 0.00610033           0  -0.0152411 -0.00631937
-0.00377484   0.0152411           0  -0.0142559
 0.00938939  0.00631937   0.0142559           0
EndNode2[0]<--->HoM1[0]
REAL
   0.471822   0.0125528  0.00546945    0.255232
  0.0125528   0.0327654   0.0195079   -0.014584
 0.00546945   0.0195079    0.034076 -0.00734449
   0.255232   -0.014584 -0.00734449    0.461337
IMAGINARY
          0  -0.0128319  0.00770542    0.024666
  0.0128319           0  -0.0320091  -0.0189936
-0.00770542   0.0320091           0  0.00419975
  -0.024666   0.0189936 -0.00419975           0
Repeater1[0]<--->EndNode1[0]
REAL
   0.470907   0.0267104 -0.00481865    0.258912
  0.0267104   0.0500677   0.0260878  -0.0151813
-0.00481865   0.0260878   0.0514208  -0.0142104
   0.258912  -0.0151813  -0.0142104    0.427605
IMAGINARY
          0  0.00377484 -0.00610033 -0.00938939
-0.00377484           0   0.0152411  -0.0142559
 0.00610033  -0.0152411           0 -0.00631937
 0.00938939   0.0142559  0.00631937           0
Repeater1[0]<--->HoM1[0]
REAL
   0.471822  0.00546945   0.0125528    0.255232
 0.00546945    0.034076   0.0195079 -0.00734449
  0.0125528   0.0195079   0.0327654   -0.014584
   0.255232 -0.00734449   -0.014584    0.461337
IMAGINARY
          0  0.00770542  -0.0128319    0.024666
-0.00770542           0   0.0320091  0.00419975
  0.0128319  -0.0320091           0  -0.0189936
  -0.024666 -0.00419975   0.0189936           0
EndNode1[0]<--->Repeater1[0]
REAL
  0.460591  0.0115546  0.0105996   0.240394
 0.0115546  0.0492611 0.00382152 0.00996592
 0.0105996 0.00382152  0.0578818   0.012867
  0.240394 0.00996592   0.012867   0.432266
IMAGINARY
           0     -0.02009   0.00847527    0.0197302
     0.02009            0  0.000214751  -0.00591772
 -0.00847527 -0.000214751            0   0.00218721
  -0.0197302   0.00591772  -0.00218721            0
EndNode2[0]<--->HoM1[0]
REAL
   0.452221 -0.00240178  -0.0136619    0.253332
-0.00240178   0.0417227   0.0112337  0.00117679
 -0.0136619   0.0112337   0.0444145  -0.0148396
   0.253332  0.00117679  -0.0148396    0.461642
IMAGINARY
           0    0.0160626  -0.00110003    0.0114135
  -0.0160626            0  0.000274849    -0.027345
  0.00110003 -0.000274849            0  -0.00531671
  -0.0114135     0.027345   0.00531671            0
Repeater1[0]<--->EndNode1[0]
REAL
  0.460591  0.0105996  0.0115546   0.240394
 0.0105996  0.0578818 0.00382152   0.012867
 0.0115546 0.00382152  0.0492611 0.00996592
  0.240394   0.012867 0.00996592   0.432266
IMAGINARY
           0   0.00847527     -0.02009    0.0197302
 -0.00847527            0 -0.000214751   0.00218721
     0.02009  0.000214751            0  -0.00591772
  -0.0197302  -0.00218721   0.00591772            0
Repeater1[0]<--->HoM1[0]
REAL
   0.452221  -0.0136619 -0.00240178    0.253332
 -0.0136619   0.0444145   0.0112337  -0.0148396
-0.00240178   0.0112337   0.0417227  0.00117679
   0.253332  -0.0148396  0.00117679    0.461642
IMAGINARY
           0  -0.00110003    0.0160626    0.0114135
  0.00110003            0 -0.000274849  -0.00531671
  -0.0160626  0.000274849            0    -0.027345
  -0.0114135   0.00531671     0.027345            0
EndNode1[0]<--->Repeater1[0]
REAL
   0.470149  0.00473379  0.00806869    0.269211
 0.00473379   0.0335821  -0.0229801   0.0158007
 0.00806869  -0.0229801   0.0522388 -0.00599007
   0.269211   0.0158007 -0.00599007     0.44403
IMAGINARY
          0 -0.00440806  0.00251889 -0.00622704
 0.00440806           0  -0.0121403 -0.00251889
-0.00251889   0.0121403           0  0.00314861
 0.00622704  0.00251889 -0.00314861           0
EndNode2[0]<--->HoM1[0]
REAL
   0.451398 0.000826498  0.00533304    0.263313
0.000826498   0.0612517  -0.0149018 -0.00978031
 0.00533304  -0.0149018   0.0439414  -0.0179802
   0.263313 -0.00978031  -0.0179802    0.443409
IMAGINARY
          0 -0.00340768  0.00292428   0.0288671
 0.00340768           0  -0.0162409  0.00626207
-0.00292428   0.0162409           0  0.00340768
 -0.0288671 -0.00626207 -0.00340768           0
Repeater1[0]<--->EndNode1[0]
REAL
   0.470149  0.00806869  0.00473379    0.269211
 0.00806869   0.0522388  -0.0229801 -0.00599007
 0.00473379  -0.0229801   0.0335821   0.0158007
   0.269211 -0.00599007   0.0158007     0.44403
IMAGINARY
          0  0.00251889 -0.00440806 -0.00622704
-0.00251889           0   0.0121403  0.00314861
 0.00440806  -0.0121403           0 -0.00251889
 0.00622704 -0.00314861  0.00251889           0
Repeater1[0]<--->HoM1[0]
REAL
   0.451398  0.00533304 0.000826498    0.263313
 0.00533304   0.0439414  -0.0149018  -0.0179802
0.000826498  -0.0149018   0.0612517 -0.00978031
   0.263313  -0.0179802 -0.00978031    0.443409
IMAGINARY
          0  0.00292428 -0.00340768   0.0288671
-0.00292428           0   0.0162409  0.00340768
 0.00340768  -0.0162409           0  0.00626207
 -0.0288671 -0.00340768 -0.00626207           0
EndNode1[0]<--->Repeater1[0]
REAL
   0.457672  0.00338256   0.0197027    0.258217
 0.00338256   0.0529101 -0.00952542   0.0156376
  0.0197027 -0.00952542   0.0436508 -0.00730926
   0.258217   0.0156376 -0.00730926    0.445767
IMAGINARY
          0  -0.0122365  0.00162403  -0.0128447
  0.0122365           0 -0.00567386  -0.0087208
-0.00162403  0.00567386           0  -0.0038925
  0.0128447   0.0087208   0.0038925           0
EndNode2[0]<--->HoM1[0]
REAL
    0.485046  -0.00348784    0.0129991     0.268392
 -0.00348784    0.0364109  -0.00189484  -0.00411583
   0.0129991  -0.00189484    0.0377113 -0.000319269
    0.268392  -0.00411583 -0.000319269     0.440832
IMAGINARY
          0   0.0023516 -0.00913185 -0.00127391
 -0.0023516           0    0.011884    0.001017
 0.00913185   -0.011884           0  -0.0117149
 0.00127391   -0.001017   0.0117149           0
Repeater1[0]<--->EndNode1[0]
REAL
   0.457672   0.0197027  0.00338256    0.258217
  0.0197027   0.0436508 -0.00952542 -0.00730926
 0.00338256 -0.00952542   0.0529101   0.0156376
   0.258217 -0.00730926   0.0156376    0.445767
IMAGINARY
          0  0.00162403  -0.0122365  -0.0128447
-0.00162403           0  0.00567386  -0.0038925
  0.0122365 -0.00567386           0  -0.0087208
  0.0128447   0.0038925   0.0087208           0
Repeater1[0]<--->HoM1[0]
REAL
    0.485046    0.0129991  -0.00348784     0.268392
   0.0129991    0.0377113  -0.00189484 -0.000319269
 -0.00348784  -0.00189484    0.0364109  -0.00411583
    0.268392 -0.000319269  -0.00411583     0.440832
IMAGINARY
          0 -0.00913185   0.0023516 -0.00127391
 0.00913185           0   -0.011884  -0.0117149
 -0.0023516    0.011884           0    0.001017
 0.00127391   0.0117149   -0.001017           0
EndNode1[0]<--->Repeater1[0]
REAL
   0.460927  -0.0195092  0.00466792     0.26377
 -0.0195092   0.0450331  -0.0131433 -0.00717419
 0.00466792  -0.0131433   0.0516556    0.008231
    0.26377 -0.00717419    0.008231    0.442384
IMAGINARY
           0  2.99839e-05   -0.0045353   -0.0137181
-2.99839e-05            0   0.00956624  -0.00519233
   0.0045353  -0.00956624            0  -0.00327253
   0.0137181   0.00519233   0.00327253            0
EndNode2[0]<--->HoM1[0]
REAL
  0.458333 0.00713143  0.0080585   0.254125
0.00713143  0.0265152  0.0129484 0.00291711
 0.0080585  0.0129484  0.0429293  0.0123808
  0.254125 0.00291711  0.0123808   0.472222
IMAGINARY
          0 -0.00650418 -0.00972556  -0.0166567
 0.00650418           0   0.0153126  0.00253602
 0.00972556  -0.0153126           0  -0.0229076
  0.0166567 -0.00253602   0.0229076           0
Repeater1[0]<--->EndNode1[0]
REAL
   0.460927  0.00466792  -0.0195092     0.26377
 0.00466792   0.0516556  -0.0131433    0.008231
 -0.0195092  -0.0131433   0.0450331 -0.00717419
    0.26377    0.008231 -0.00717419    0.442384
IMAGINARY
           0   -0.0045353  2.99839e-05   -0.0137181
   0.0045353            0  -0.00956624  -0.00327253
-2.99839e-05   0.00956624            0  -0.00519233
   0.0137181   0.00327253   0.00519233            0
Repeater1[0]<--->HoM1[0]
REAL
  0.458333  0.0080585 0.00713143   0.254125
 0.0080585  0.0429293  0.0129484  0.0123808
0.00713143  0.0129484  0.0265152 0.00291711
  0.254125  0.0123808 0.00291711   0.472222
IMAGINARY
          0 -0.00972556 -0.00650418  -0.0166567
 0.00972556           0  -0.0153126  -0.0229076
 0.00650418   0.0153126           0  0.00253602
  0.0166567   0.0229076 -0.00253602           0
EndNode1[0]<--->Repeater1[0]
REAL
   0.471627  -0.0110175   -0.012901    0.259143
 -0.0110175   0.0403531  0.00548456 0.000932953
  -0.012901  0.00548456   0.0340479  0.00303875
   0.259143 0.000932953  0.00303875    0.453972
IMAGINARY
           0   0.00220958    0.0133259 -0.000695381
 -0.00220958            0   -0.0114685   0.00374731
  -0.0133259    0.0114685            0   -0.0119657
 0.000695381  -0.00374731    0.0119657            0
EndNode2[0]<--->HoM1[0]
REAL
   0.461738  -0.0173501   0.0240109    0.272156
 -0.0173501   0.0531777 -0.00140461  0.00431585
  0.0240109 -0.00140461   0.0363165   0.0272315
   0.272156  0.00431585   0.0272315    0.448768
IMAGINARY
           0    0.0225442  0.000341378  -0.00515988
  -0.0225442            0   -0.0177543   -0.0212838
-0.000341378    0.0177543            0  -0.00814632
  0.00515988    0.0212838   0.00814632            0
Repeater1[0]<--->EndNode1[0]
REAL
   0.471627   -0.012901  -0.0110175    0.259143
  -0.012901   0.0340479  0.00548456  0.00303875
 -0.0110175  0.00548456   0.0403531 0.000932953
   0.259143  0.00303875 0.000932953    0.453972
IMAGINARY
           0    0.0133259   0.00220958 -0.000695381
  -0.0133259            0    0.0114685   -0.0119657
 -0.00220958   -0.0114685            0   0.00374731
 0.000695381    0.0119657  -0.00374731            0
Repeater1[0]<--->HoM1[0]
REAL
   0.461738   0.0240109  -0.0173501    0.272156
  0.0240109   0.0363165 -0.00140461   0.0272315
 -0.0173501 -0.00140461   0.0531777  0.00431585
   0.272156   0.0272315  0.00431585    0.448768
IMAGINARY
           0  0.000341378    0.0225442  -0.00515988
-0.000341378            0    0.0177543  -0.00814632
  -0.0225442   -0.0177543            0   -0.0212838
  0.00515988   0.00814632    0.0212838            0
EndNode1[0]<--->Repeater1[0]
REAL
   0.446174  -0.0186638  -0.0126739    0.246266
 -0.0186638   0.0505837   0.0222188 -0.00490187
 -0.0126739   0.0222188   0.0479896  0.00472436
   0.246266 -0.00490187  0.00472436    0.455253
IMAGINARY
          0   0.0202141  -0.0181625  0.00213134
 -0.0202141           0  -0.0139114 -0.00877575
  0.0181625   0.0139114           0 -0.00904463
-0.00213134  0.00877575  0.00904463           0
EndNode2[0]<--->HoM1[0]
REAL
     0.4525  0.00617108  -0.0228041     0.26824
 0.00617108     0.04875   0.0111337 -0.00330553
 -0.0228041   0.0111337        0.04 -0.00747656
    0.26824 -0.00330553 -0.00747656     0.45875
IMAGINARY
          0  0.00420691  0.00256508  0.00653794
-0.00420691           0    0.010875  0.00389487
-0.00256508   -0.010875           0 -0.00808287
-0.00653794 -0.00389487  0.00808287           0
Repeater1[0]<--->EndNode1[0]
REAL
   0.446174  -0.0126739  -0.0186638    0.246266
 -0.0126739   0.0479896   0.0222188  0.00472436
 -0.0186638   0.0222188   0.0505837 -0.00490187
   0.246266  0.00472436 -0.00490187    0.455253
IMAGINARY
          0  -0.0181625   0.0202141  0.00213134
  0.0181625           0   0.0139114 -0.00904463
 -0.0202141  -0.0139114           0 -0.00877575
-0.00213134  0.00904463  0.00877575           0
Repeater1[0]<--->HoM1[0]
REAL
     0.4525  -0.0228041  0.00617108     0.26824
 -0.0228041        0.04   0.0111337 -0.00747656
 0.00617108   0.0111337     0.04875 -0.00330553
    0.26824 -0.00747656 -0.00330553     0.45875
IMAGINARY
          0  0.00256508  0.00420691  0.00653794
-0.00256508           0   -0.010875 -0.00808287
-0.00420691    0.010875           0  0.00389487
-0.00653794  0.00808287 -0.00389487           0
EndNode1[0]<--->Repeater1[0]
REAL
  0.448454 -0.0128032  0.0110935   0.258271
-0.0128032  0.0554124 -0.0116404 -0.0178321
 0.0110935 -0.0116404  0.0502577 -0.0128032
  0.258271 -0.0178321 -0.0128032   0.445876
IMAGINARY
           0  -0.00413547  -0.00370354   -0.0254044
  0.00413547            0    0.0059239    0.0106568
  0.00370354   -0.0059239            0 -0.000289312
   0.0254044   -0.0106568  0.000289312            0
EndNode2[0]<--->HoM1[0]
REAL
   0.470075  0.00913535  0.00324172    0.260553
 0.00913535   0.0386534 -0.00407635  0.00193963
 0.00324172 -0.00407635    0.042394 -0.00136333
   0.260553  0.00193963 -0.00136333    0.448878
IMAGINARY
           0 -0.000176129    0.0215897    0.0096025
 0.000176129            0   0.00834622  -0.00403446
  -0.0215897  -0.00834622            0    -0.036885
  -0.0096025   0.00403446     0.036885            0
Repeater1[0]<--->EndNode1[0]
REAL
  0.448454  0.0110935 -0.0128032   0.258271
 0.0110935  0.0502577 -0.0116404 -0.0128032
-0.0128032 -0.0116404  0.0554124 -0.0178321
  0.258271 -0.0128032 -0.0178321   0.445876
IMAGINARY
           0  -0.00370354  -0.00413547   -0.0254044
  0.00370354            0   -0.0059239 -0.000289312
  0.00413547    0.0059239            0    0.0106568
   0.0254044  0.000289312   -0.0106568            0
Repeater1[0]<--->HoM1[0]
REAL
   0.470075  0.00324172  0.00913535    0.260553
 0.00324172    0.042394 -0.00407635 -0.00136333
 0.00913535 -0.00407635   0.0386534  0.00193963
   0.260553 -0.00136333  0.00193963    0.448878
IMAGINARY
           0    0.0215897 -0.000176129    0.0096025
  -0.0215897            0  -0.00834622    -0.036885
 0.000176129   0.00834622            0  -0.00403446
  -0.0096025     0.036885   0.00403446            0
EndNode1[0]<--->Repeater1[0]
REAL
   0.431169   0.0129325  -0.0111702    0.263243
  0.0129325   0.0402597   0.0269946   0.0243628
 -0.0111702   0.0269946   0.0558442 -0.00897472
   0.263243   0.0243628 -0.00897472    0.472727
IMAGINARY
          0   -0.011701   0.0114928 -0.00801372
   0.011701           0   0.0172388  0.00331675
 -0.0114928  -0.0172388           0  0.00394358
 0.00801372 -0.00331675 -0.00394358           0
EndNode2[0]<--->HoM1[0]
REAL
  0.490566  0.0151482 -0.0117535   0.266967
 0.0151482  0.0402516 0.00821714  0.0117535
-0.0117535 0.00821714  0.0427673  0.0131074
  0.266967  0.0117535  0.0131074   0.426415
IMAGINARY
          0   -0.004375 -0.00113079   0.0187767
   0.004375           0   0.0161927   0.0111308
 0.00113079  -0.0161927           0   -0.004375
 -0.0187767  -0.0111308    0.004375           0
Repeater1[0]<--->EndNode1[0]
REAL
   0.431169  -0.0111702   0.0129325    0.263243
 -0.0111702   0.0558442   0.0269946 -0.00897472
  0.0129325   0.0269946   0.0402597   0.0243628
   0.263243 -0.00897472   0.0243628    0.472727
IMAGINARY
          0   0.0114928   -0.011701 -0.00801372
 -0.0114928           0  -0.0172388  0.00394358
   0.011701   0.0172388           0  0.00331675
 0.00801372 -0.00394358 -0.00331675           0
Repeater1[0]<--->HoM1[0]
REAL
  0.490566 -0.0117535  0.0151482   0.266967
-0.0117535  0.0427673 0.00821714  0.0131074
 0.0151482 0.00821714  0.0402516  0.0117535
  0.266967  0.0131074  0.0117535   0.426415
IMAGINARY
          0 -0.00113079   -0.004375   0.0187767
 0.00113079           0  -0.0161927   -0.004375
   0.004375   0.0161927           0   0.0111308
 -0.0187767    0.004375  -0.0111308           0
EndNode1[0]<--->Repeater1[0]
REAL
   0.463382  -0.0104921  -0.0144414    0.278599
 -0.0104921   0.0585885 -0.00269222 0.000192721
 -0.0144414 -0.00269222   0.0559254  0.00531072
   0.278599 0.000192721  0.00531072    0.422104
IMAGINARY
          0  -0.0118042  0.00398349 -0.00994156
  0.0118042           0 -0.00378393   0.0098505
-0.00398349  0.00378393           0  0.00851037
 0.00994156  -0.0098505 -0.00851037           0
EndNode2[0]<--->HoM1[0]
REAL
  0.478947 -0.0106374 0.00892488   0.270065
-0.0106374  0.0394737 0.00181873 0.00433772
0.00892488 0.00181873  0.0394737 0.00267982
  0.270065 0.00433772 0.00267982   0.442105
IMAGINARY
          0  0.00362727 -0.00952193   0.0021732
-0.00362727           0  0.00859993  0.00632091
 0.00952193 -0.00859993           0 -0.00426747
 -0.0021732 -0.00632091  0.00426747           0
Repeater1[0]<--->EndNode1[0]
REAL
   0.463382  -0.0144414  -0.0104921    0.278599
 -0.0144414   0.0559254 -0.00269222  0.00531072
 -0.0104921 -0.00269222   0.0585885 0.000192721
   0.278599  0.00531072 0.000192721    0.422104
IMAGINARY
          0  0.00398349  -0.0118042 -0.00994156
-0.00398349           0  0.00378393  0.00851037
  0.0118042 -0.00378393           0   0.0098505
 0.00994156 -0.00851037  -0.0098505           0
Repeater1[0]<--->HoM1[0]
REAL
  0.478947 0.00892488 -0.0106374   0.270065
0.00892488  0.0394737 0.00181873 0.00267982
-0.0106374 0.00181873  0.0394737 0.00433772
  0.270065 0.00267982 0.00433772   0.442105
IMAGINARY
          0 -0.00952193  0.00362727   0.0021732
 0.00952193           0 -0.00859993 -0.00426747
-0.00362727  0.00859993           0  0.00632091
 -0.0021732  0.00426747 -0.00632091           0
EndNode1[0]<--->Repeater1[0]
REAL
   0.442875 -0.00919809 -0.00986388    0.272693
-0.00919809   0.0500642   0.0108511  0.00226894
-0.00986388   0.0108511   0.0474968  -0.0072576
   0.272693  0.00226894  -0.0072576    0.459564
IMAGINARY
          0   0.0175728 -0.00018797  0.00124022
 -0.0175728           0   0.0165463 -0.00770677
 0.00018797  -0.0165463           0 -0.00309908
-0.00124022  0.00770677  0.00309908           0
EndNode2[0]<--->HoM1[0]
REAL
   0.448635 -0.00904624  0.00287008    0.261826
-0.00904624   0.0390117  -0.0139892 -0.00101593
 0.00287008  -0.0139892   0.0377113   0.0183169
   0.261826 -0.00101593   0.0183169    0.474642
IMAGINARY
          0 -0.00498996  -0.0244757  -0.0107019
 0.00498996           0  0.00429161 -0.00133949
  0.0244757 -0.00429161           0   0.0185769
  0.0107019  0.00133949  -0.0185769           0
Repeater1[0]<--->EndNode1[0]
REAL
   0.442875 -0.00986388 -0.00919809    0.272693
-0.00986388   0.0474968   0.0108511  -0.0072576
-0.00919809   0.0108511   0.0500642  0.00226894
   0.272693  -0.0072576  0.00226894    0.459564
IMAGINARY
          0 -0.00018797   0.0175728  0.00124022
 0.00018797           0  -0.0165463 -0.00309908
 -0.0175728   0.0165463           0 -0.00770677
-0.00124022  0.00309908  0.00770677           0
Repeater1[0]<--->HoM1[0]
REAL
   0.448635  0.00287008 -0.00904624    0.261826
 0.00287008   0.0377113  -0.0139892   0.0183169
-0.00904624  -0.0139892   0.0390117 -0.00101593
   0.261826   0.0183169 -0.00101593    0.474642
IMAGINARY
          0  -0.0244757 -0.00498996  -0.0107019
  0.0244757           0 -0.00429161   0.0185769
 0.00498996  0.00429161           0 -0.00133949
  0.0107019  -0.0185769  0.00133949           0
EndNode1[0]<--->Repeater1[0]
REAL
   0.451613   0.0115413 -0.00505898    0.263179
  0.0115413   0.0510753  0.00259899  -0.0138751
-0.00505898  0.00259899   0.0510753  -0.0150476
   0.263179  -0.0138751  -0.0150476    0.446237
IMAGINARY
          0  0.00529674  0.00760369  0.00163032
-0.00529674           0  0.00523609  -0.0142542
-0.00760369 -0.00523609           0 -0.00106458
-0.00163032   0.0142542  0.00106458           0
EndNode2[0]<--->HoM1[0]
REAL
   0.461842  0.00357368  -0.0145705    0.272743
 0.00357368   0.0421053 -0.00586399   0.0113858
 -0.0145705 -0.00586399   0.0407895 -0.00293674
   0.272743   0.0113858 -0.00293674    0.455263
IMAGINARY
          0  -0.0084624 -0.00372208   0.0175647
  0.0084624           0 -0.00388306  0.00372208
 0.00372208  0.00388306           0  0.00348728
 -0.0175647 -0.00372208 -0.00348728           0
Repeater1[0]<--->EndNode1[0]
REAL
   0.451613 -0.00505898   0.0115413    0.263179
-0.00505898   0.0510753  0.00259899  -0.0150476
  0.0115413  0.00259899   0.0510753  -0.0138751
   0.263179  -0.0150476  -0.0138751    0.446237
IMAGINARY
          0  0.00760369  0.00529674  0.00163032
-0.00760369           0 -0.00523609 -0.00106458
-0.00529674  0.00523609           0  -0.0142542
-0.00163032  0.00106458   0.0142542           0
Repeater1[0]<--->HoM1[0]
REAL
   0.461842  -0.0145705  0.00357368    0.272743
 -0.0145705   0.0407895 -0.00586399 -0.00293674
 0.00357368 -0.00586399   0.0421053   0.0113858
   0.272743 -0.00293674   0.0113858    0.455263
IMAGINARY
          0 -0.00372208  -0.0084624   0.0175647
 0.00372208           0  0.00388306  0.00348728
  0.0084624 -0.00388306           0  0.00372208
 -0.0175647 -0.00348728 -0.00372208           0
EndNode1[0]<--->Repeater1[0]
REAL
    0.465753   0.00124309    0.0168623     0.253184
  0.00124309    0.0435866  -0.00155853   0.00589454
   0.0168623  -0.00155853    0.0473225 -0.000592895
    0.253184   0.00589454 -0.000592895     0.443337
IMAGINARY
           0  -0.00885127  -0.00997239  -0.00357217
  0.00885127            0    0.0138023    0.0181025
  0.00997239   -0.0138023            0 -0.000633824
  0.00357217   -0.0181025  0.000633824            0
EndNode2[0]<--->HoM1[0]
REAL
   0.445006   0.0091394 -0.00562443    0.257696
  0.0091394   0.0429836   0.0106291  -0.0166269
-0.00562443   0.0106291   0.0404551  -0.0196106
   0.257696  -0.0166269  -0.0196106    0.471555
IMAGINARY
          0 -0.00463246  -0.0135959  -0.0065383
 0.00463246           0  -0.0104857 -0.00661268
  0.0135959   0.0104857           0 -0.00905724
  0.0065383  0.00661268  0.00905724           0
Repeater1[0]<--->EndNode1[0]
REAL
    0.465753    0.0168623   0.00124309     0.253184
   0.0168623    0.0473225  -0.00155853 -0.000592895
  0.00124309  -0.00155853    0.0435866   0.00589454
    0.253184 -0.000592895   0.00589454     0.443337
IMAGINARY
           0  -0.00997239  -0.00885127  -0.00357217
  0.00997239            0   -0.0138023 -0.000633824
  0.00885127    0.0138023            0    0.0181025
  0.00357217  0.000633824   -0.0181025            0
Repeater1[0]<--->HoM1[0]
REAL
   0.445006 -0.00562443   0.0091394    0.257696
-0.00562443   0.0404551   0.0106291  -0.0196106
  0.0091394   0.0106291   0.0429836  -0.0166269
   0.257696  -0.0196106  -0.0166269    0.471555
IMAGINARY
          0  -0.0135959 -0.00463246  -0.0065383
  0.0135959           0   0.0104857 -0.00905724
 0.00463246  -0.0104857           0 -0.00661268
  0.0065383  0.00905724  0.00661268           0
EndNode1[0]<--->Repeater1[0]
REAL
   0.479058  0.00304412  -0.0159597    0.256078
 0.00304412   0.0445026 -0.00219185   0.0043017
 -0.0159597 -0.00219185   0.0497382   0.0163859
   0.256078   0.0043017   0.0163859    0.426702
IMAGINARY
          0 -0.00492941   -0.009501 -0.00504829
 0.00492941           0   0.0109616  -0.0159443
   0.009501  -0.0109616           0   0.0227411
 0.00504829   0.0159443  -0.0227411           0
EndNode2[0]<--->HoM1[0]
REAL
  0.450882 0.00921164 0.00764864   0.265815
0.00921164  0.0579345 0.00935742  0.0302824
0.00764864 0.00935742  0.0327456  0.0025125
  0.265815  0.0302824  0.0025125   0.458438
IMAGINARY
          0  -0.0098883   0.0035293  0.00146159
  0.0098883           0   0.0176711 -0.00783434
 -0.0035293  -0.0176711           0   0.0117333
-0.00146159  0.00783434  -0.0117333           0
Repeater1[0]<--->EndNode1[0]
REAL
   0.479058  -0.0159597  0.00304412    0.256078
 -0.0159597   0.0497382 -0.00219185   0.0163859
 0.00304412 -0.00219185   0.0445026   0.0043017
   0.256078   0.0163859   0.0043017    0.426702
IMAGINARY
          0   -0.009501 -0.00492941 -0.00504829
   0.009501           0  -0.0109616   0.0227411
 0.00492941   0.0109616           0  -0.0159443
 0.00504829  -0.0227411   0.0159443           0
Repeater1[0]<--->HoM1[0]
REAL
  0.450882 0.00764864 0.00921164   0.265815
0.00764864  0.0327456 0.00935742  0.0025125
0.00921164 0.00935742  0.0579345  0.0302824
  0.265815  0.0025125  0.0302824   0.458438
IMAGINARY
          0   0.0035293  -0.0098883  0.00146159
 -0.0035293           0  -0.0176711   0.0117333
  0.0098883   0.0176711           0 -0.00783434
-0.00146159  -0.0117333  0.00783434           0
EndNode1[0]<--->Repeater1[0]
REAL
   0.459494  -0.0134789  -0.0144777    0.254137
 -0.0134789   0.0367089  0.00745253 -0.00870109
 -0.0144777  0.00745253   0.0607595  0.00354509
   0.254137 -0.00870109  0.00354509    0.443038
IMAGINARY
           0    0.0113908   0.00907832    0.0173091
  -0.0113908            0  0.000155338   -0.0130571
 -0.00907832 -0.000155338            0   0.00452435
  -0.0173091    0.0130571  -0.00452435            0
EndNode2[0]<--->HoM1[0]
REAL
   0.446615 -0.00887199  0.00129015    0.276082
-0.00887199   0.0403646  0.00465327 -0.00319129
 0.00129015  0.00465327   0.0546875   0.0183777
   0.276082 -0.00319129   0.0183777    0.458333
IMAGINARY
           0   0.00371058   0.00551569    0.0143007
 -0.00371058            0  -0.00981926 -0.000320885
 -0.00551569   0.00981926            0   -0.0166976
  -0.0143007  0.000320885    0.0166976            0
Repeater1[0]<--->EndNode1[0]
REAL
   0.459494  -0.0144777  -0.0134789    0.254137
 -0.0144777   0.0607595  0.00745253  0.00354509
 -0.0134789  0.00745253   0.0367089 -0.00870109
   0.254137  0.00354509 -0.00870109    0.443038
IMAGINARY
           0   0.00907832    0.0113908    0.0173091
 -0.00907832            0 -0.000155338   0.00452435
  -0.0113908  0.000155338            0   -0.0130571
  -0.0173091  -0.00452435    0.0130571            0
Repeater1[0]<--->HoM1[0]
REAL
   0.446615  0.00129015 -0.00887199    0.276082
 0.00129015   0.0546875  0.00465327   0.0183777
-0.00887199  0.00465327   0.0403646 -0.00319129
   0.276082   0.0183777 -0.00319129    0.458333
IMAGINARY
           0   0.00551569   0.00371058    0.0143007
 -0.00551569            0   0.00981926   -0.0166976
 -0.00371058  -0.00981926            0 -0.000320885
  -0.0143007    0.0166976  0.000320885            0
EndNode1[0]<--->Repeater1[0]
REAL
  0.438867  0.0193899 0.00909939   0.265878
 0.0193899  0.0501931  0.0349135  0.0186051
0.00909939  0.0349135   0.041184 0.00963382
  0.265878  0.0186051 0.00963382   0.469755
IMAGINARY
          0  -0.0229419 -0.00332269 -0.00168667
  0.0229419           0  0.00801579  0.00205365
 0.00332269 -0.00801579           0  0.00136826
 0.00168667 -0.00205365 -0.00136826           0
EndNode2[0]<--->HoM1[0]
REAL
   0.466146  -0.0138528 0.000992093    0.265779
 -0.0138528   0.0494792  0.00166321 -0.00616005
0.000992093  0.00166321    0.046875   0.0035169
   0.265779 -0.00616005   0.0035169      0.4375
IMAGINARY
           0  0.000524561  -0.00975792   0.00759072
-0.000524561            0  -0.00505908   -0.0071806
  0.00975792   0.00505908            0   0.00637632
 -0.00759072    0.0071806  -0.00637632            0
Repeater1[0]<--->EndNode1[0]
REAL
  0.438867 0.00909939  0.0193899   0.265878
0.00909939   0.041184  0.0349135 0.00963382
 0.0193899  0.0349135  0.0501931  0.0186051
  0.265878 0.00963382  0.0186051   0.469755
IMAGINARY
          0 -0.00332269  -0.0229419 -0.00168667
 0.00332269           0 -0.00801579  0.00136826
  0.0229419  0.00801579           0  0.00205365
 0.00168667 -0.00136826 -0.00205365           0
Repeater1[0]<--->HoM1[0]
REAL
   0.466146 0.000992093  -0.0138528    0.265779
0.000992093    0.046875  0.00166321   0.0035169
 -0.0138528  0.00166321   0.0494792 -0.00616005
   0.265779   0.0035169 -0.00616005      0.4375
IMAGINARY
           0  -0.00975792  0.000524561   0.00759072
  0.00975792            0   0.00505908   0.00637632
-0.000524561  -0.00505908            0   -0.0071806
 -0.00759072  -0.00637632    0.0071806            0
EndNode1[0]<--->Repeater1[0]
REAL
   0.426966   0.0021615 -0.00297778    0.290624
  0.0021615   0.0461923   0.0166346  0.00485512
-0.00297778   0.0166346   0.0524345  -0.0153029
   0.290624  0.00485512  -0.0153029    0.474407
IMAGINARY
          0 -0.00315657  -0.0263728  -0.0056825
 0.00315657           0  -0.0346081   0.0112212
  0.0263728   0.0346081           0 -0.00315657
  0.0056825  -0.0112212  0.00315657           0
EndNode2[0]<--->HoM1[0]
REAL
  0.488834   0.015843 0.00140542   0.268881
  0.015843  0.0471464 0.00757425  0.0118221
0.00140542 0.00757425  0.0347395  0.0145803
  0.268881  0.0118221  0.0145803    0.42928
IMAGINARY
          0 -0.00276242   0.0139347 -0.00878411
 0.00276242           0  0.00613159  0.00993467
 -0.0139347 -0.00613159           0  0.00653126
 0.00878411 -0.00993467 -0.00653126           0
Repeater1[0]<--->EndNode1[0]
REAL
   0.426966 -0.00297778   0.0021615    0.290624
-0.00297778   0.0524345   0.0166346  -0.0153029
  0.0021615   0.0166346   0.0461923  0.00485512
   0.290624  -0.0153029  0.00485512    0.474407
IMAGINARY
          0  -0.0263728 -0.00315657  -0.0056825
  0.0263728           0   0.0346081 -0.00315657
 0.00315657  -0.0346081           0   0.0112212
  0.0056825  0.00315657  -0.0112212           0
Repeater1[0]<--->HoM1[0]
REAL
  0.488834 0.00140542   0.015843   0.268881
0.00140542  0.0347395 0.00757425  0.0145803
  0.015843 0.00757425  0.0471464  0.0118221
  0.268881  0.0145803  0.0118221    0.42928
IMAGINARY
          0   0.0139347 -0.00276242 -0.00878411
 -0.0139347           0 -0.00613159  0.00653126
 0.00276242  0.00613159           0  0.00993467
 0.00878411 -0.00653126 -0.00993467           0
EndNode1[0]<--->Repeater1[0]
REAL
    0.449294   0.00664665   -0.0235469     0.276785
  0.00664665    0.0397946  -0.00973204 -0.000262605
  -0.0235469  -0.00973204    0.0462131  -0.00600315
    0.276785 -0.000262605  -0.00600315     0.464698
IMAGINARY
           0    0.0063581   0.00476211  -0.00249961
  -0.0063581            0   0.00963321  0.000855864
 -0.00476211  -0.00963321            0  -0.00823076
  0.00249961 -0.000855864   0.00823076            0
EndNode2[0]<--->HoM1[0]
REAL
   0.470513  -0.0361347 -0.00857321    0.275057
 -0.0361347   0.0448718   0.0113753    0.021136
-0.00857321   0.0113753   0.0512821  0.00849656
