EndNode1[0]<--->Repeater1[0]
REAL
   0.383798 0.000679605  0.00362511    0.343282
0.000679605    0.106242   0.0532695  -0.0168877
 0.00362511   0.0532695    0.108898 -0.00863716
   0.343282  -0.0168877 -0.00863716    0.401062
IMAGINARY
          0  0.00584299   -0.011189  -0.0211729
-0.00584299           0   0.0161604 -0.00865735
   0.011189  -0.0161604           0   0.0216858
  0.0211729  0.00865735  -0.0216858           0
EndNode2[0]<--->HoM1[0]
REAL
   0.423873  0.00865152 -0.00434224    0.357011
 0.00865152    0.090134   0.0595431 -0.00306019
-0.00434224   0.0595431   0.0828258  -0.0187457
   0.357011 -0.00306019  -0.0187457    0.403167
IMAGINARY
          0  -0.0144145  0.00251558  -0.0129256
  0.0144145           0  -0.0129256   0.0152059
-0.00251558   0.0129256           0  0.00175627
  0.0129256  -0.0152059 -0.00175627           0
Repeater1[0]<--->EndNode1[0]
REAL
   0.383798  0.00362511 0.000679605    0.343282
 0.00362511    0.108898   0.0532695 -0.00863716
0.000679605   0.0532695    0.106242  -0.0168877
   0.343282 -0.00863716  -0.0168877    0.401062
IMAGINARY
          0   -0.011189  0.00584299  -0.0211729
   0.011189           0  -0.0161604   0.0216858
-0.00584299   0.0161604           0 -0.00865735
  0.0211729  -0.0216858  0.00865735           0
Repeater1[0]<--->HoM1[0]
REAL
   0.423873 -0.00434224  0.00865152    0.357011
-0.00434224   0.0828258   0.0595431  -0.0187457
 0.00865152   0.0595431    0.090134 -0.00306019
   0.357011  -0.0187457 -0.00306019    0.403167
IMAGINARY
          0  0.00251558  -0.0144145  -0.0129256
-0.00251558           0   0.0129256  0.00175627
  0.0144145  -0.0129256           0   0.0152059
  0.0129256 -0.00175627  -0.0152059           0
EndNode1[0]<--->Repeater1[0]
REAL
   0.402256 0.000273119 -0.00989011    0.339668
0.000273119    0.106516    0.058989   0.0043956
-0.00989011    0.058989    0.093985  0.00277938
   0.339668   0.0043956  0.00277938    0.397243
IMAGINARY
           0  -0.00454134  0.000552062    0.0104671
  0.00454134            0   -0.0118258   -0.0123014
-0.000552062    0.0118258            0  -0.00720801
  -0.0104671    0.0123014   0.00720801            0
EndNode2[0]<--->HoM1[0]
REAL
    0.401062   0.00330702    -0.011097     0.350677
  0.00330702      0.11421    0.0482735     0.022908
   -0.011097    0.0482735    0.0996016 -0.000682345
    0.350677     0.022908 -0.000682345     0.385126
IMAGINARY
           0   -0.0149114   -0.0365176   0.00382414
   0.0149114            0     0.013059 -0.000198004
   0.0365176    -0.013059            0    0.0329355
 -0.00382414  0.000198004   -0.0329355            0
Repeater1[0]<--->EndNode1[0]
REAL
   0.402256 -0.00989011 0.000273119    0.339668
-0.00989011    0.093985    0.058989  0.00277938
0.000273119    0.058989    0.106516   0.0043956
   0.339668  0.00277938   0.0043956    0.397243
IMAGINARY
           0  0.000552062  -0.00454134    0.0104671
-0.000552062            0    0.0118258  -0.00720801
  0.00454134   -0.0118258            0   -0.0123014
  -0.0104671   0.00720801    0.0123014            0
Repeater1[0]<--->HoM1[0]
REAL
    0.401062    -0.011097   0.00330702     0.350677
   -0.011097    0.0996016    0.0482735 -0.000682345
  0.00330702    0.0482735      0.11421     0.022908
    0.350677 -0.000682345     0.022908     0.385126
IMAGINARY
           0   -0.0365176   -0.0149114   0.00382414
   0.0365176            0    -0.013059    0.0329355
   0.0149114     0.013059            0 -0.000198004
 -0.00382414   -0.0329355  0.000198004            0
EndNode1[0]<--->Repeater1[0]
REAL
   0.43173 -0.0264732 -0.0175523   0.339622
-0.0264732  0.0858257  0.0500148 -0.0221516
-0.0175523  0.0500148  0.0910273 -0.0239979
  0.339622 -0.0221516 -0.0239979   0.391417
IMAGINARY
           0    0.0203232   -0.0107447  0.000833777
  -0.0203232            0   0.00485522   -0.0152376
   0.0107447  -0.00485522            0   0.00312419
-0.000833777    0.0152376  -0.00312419            0
EndNode2[0]<--->HoM1[0]
REAL
   0.444596 -0.00503488 0.000980091    0.341502
-0.00503488   0.0984952   0.0499415    -0.02333
0.000980091   0.0499415   0.0889193   -0.026255
   0.341502    -0.02333   -0.026255    0.367989
IMAGINARY
          0   -0.022598 -0.00918267 -0.00442518
   0.022598           0   0.0159964 -0.00104751
 0.00918267  -0.0159964           0  0.00085883
 0.00442518  0.00104751 -0.00085883           0
Repeater1[0]<--->EndNode1[0]
REAL
   0.43173 -0.0175523 -0.0264732   0.339622
-0.0175523  0.0910273  0.0500148 -0.0239979
-0.0264732  0.0500148  0.0858257 -0.0221516
  0.339622 -0.0239979 -0.0221516   0.391417
IMAGINARY
           0   -0.0107447    0.0203232  0.000833777
   0.0107447            0  -0.00485522   0.00312419
  -0.0203232   0.00485522            0   -0.0152376
-0.000833777  -0.00312419    0.0152376            0
Repeater1[0]<--->HoM1[0]
REAL
   0.444596 0.000980091 -0.00503488    0.341502
0.000980091   0.0889193   0.0499415   -0.026255
-0.00503488   0.0499415   0.0984952    -0.02333
   0.341502   -0.026255    -0.02333    0.367989
IMAGINARY
          0 -0.00918267   -0.022598 -0.00442518
 0.00918267           0  -0.0159964  0.00085883
   0.022598   0.0159964           0 -0.00104751
 0.00442518 -0.00085883  0.00104751           0
EndNode1[0]<--->Repeater1[0]
REAL
   0.420655 -0.00161704 -0.00576923    0.317498
-0.00161704    0.110831     0.04404  0.00961538
-0.00576923     0.04404   0.0944584  0.00289909
   0.317498  0.00961538  0.00289909    0.374055
IMAGINARY
           0  -0.00247525  -0.00530943   -0.0145056
  0.00247525            0  6.98582e-05  -0.00139298
  0.00530943 -6.98582e-05            0   0.00247525
   0.0145056   0.00139298  -0.00247525            0
EndNode2[0]<--->HoM1[0]
REAL
   0.421777  0.00416367 -0.00485952    0.325415
 0.00416367    0.097622   0.0464809  0.00812749
-0.00485952   0.0464809   0.0876095  0.00171868
   0.325415  0.00812749  0.00171868    0.392991
IMAGINARY
          0  -0.0219677 -0.00406949  -0.0110124
  0.0219677           0  0.00253778  0.00862086
 0.00406949 -0.00253778           0   0.0200171
  0.0110124 -0.00862086  -0.0200171           0
Repeater1[0]<--->EndNode1[0]
REAL
   0.420655 -0.00576923 -0.00161704    0.317498
-0.00576923   0.0944584     0.04404  0.00289909
-0.00161704     0.04404    0.110831  0.00961538
   0.317498  0.00289909  0.00961538    0.374055
IMAGINARY
           0  -0.00530943  -0.00247525   -0.0145056
  0.00530943            0 -6.98582e-05   0.00247525
  0.00247525  6.98582e-05            0  -0.00139298
   0.0145056  -0.00247525   0.00139298            0
Repeater1[0]<--->HoM1[0]
REAL
   0.421777 -0.00485952  0.00416367    0.325415
-0.00485952   0.0876095   0.0464809  0.00171868
 0.00416367   0.0464809    0.097622  0.00812749
   0.325415  0.00171868  0.00812749    0.392991
IMAGINARY
          0 -0.00406949  -0.0219677  -0.0110124
 0.00406949           0 -0.00253778   0.0200171
  0.0219677  0.00253778           0  0.00862086
  0.0110124  -0.0200171 -0.00862086           0
EndNode1[0]<--->Repeater1[0]
REAL
  0.379093  0.0081823  0.0145033   0.322158
 0.0081823  0.0957179  0.0586447  0.0112182
 0.0145033  0.0586447   0.102015 0.00624681
  0.322158  0.0112182 0.00624681   0.423174
IMAGINARY
          0   0.0140637  -0.0219117  -0.0134179
 -0.0140637           0  -0.0227578  0.00164145
  0.0219117   0.0227578           0   0.0183687
  0.0134179 -0.00164145  -0.0183687           0
EndNode2[0]<--->HoM1[0]
REAL
   0.386768   0.0181589   0.0172239    0.354779
  0.0181589   0.0890585   0.0375078 -0.00658561
  0.0172239   0.0375078   0.0966921 -0.00885036
   0.354779 -0.00658561 -0.00885036    0.427481
IMAGINARY
           0    0.0185895  0.000377754   -0.0077163
  -0.0185895            0  -0.00345321    0.0127637
-0.000377754   0.00345321            0   -0.0192153
   0.0077163   -0.0127637    0.0192153            0
Repeater1[0]<--->EndNode1[0]
REAL
  0.379093  0.0145033  0.0081823   0.322158
 0.0145033   0.102015  0.0586447 0.00624681
 0.0081823  0.0586447  0.0957179  0.0112182
  0.322158 0.00624681  0.0112182   0.423174
IMAGINARY
          0  -0.0219117   0.0140637  -0.0134179
  0.0219117           0   0.0227578   0.0183687
 -0.0140637  -0.0227578           0  0.00164145
  0.0134179  -0.0183687 -0.00164145           0
Repeater1[0]<--->HoM1[0]
REAL
   0.386768   0.0172239   0.0181589    0.354779
  0.0172239   0.0966921   0.0375078 -0.00885036
  0.0181589   0.0375078   0.0890585 -0.00658561
   0.354779 -0.00885036 -0.00658561    0.427481
IMAGINARY
           0  0.000377754    0.0185895   -0.0077163
-0.000377754            0   0.00345321   -0.0192153
  -0.0185895  -0.00345321            0    0.0127637
   0.0077163    0.0192153   -0.0127637            0
EndNode1[0]<--->Repeater1[0]
REAL
    0.394095  -0.00319939 -0.000392487     0.336701
 -0.00319939     0.101412    0.0480619  -0.00793018
-0.000392487    0.0480619     0.120668  -0.00256245
    0.336701  -0.00793018  -0.00256245     0.383825
IMAGINARY
          0 -0.00160395  0.00821298  0.00168691
 0.00160395           0  0.00168691  -0.0273675
-0.00821298 -0.00168691           0  0.00490646
-0.00168691   0.0273675 -0.00490646           0
EndNode2[0]<--->HoM1[0]
REAL
   0.403533 -0.00129164 -0.00767631    0.347931
-0.00129164    0.103261    0.052192  0.00212761
-0.00767631    0.052192   0.0842391  -0.0178206
   0.347931  0.00212761  -0.0178206    0.408967
IMAGINARY
          0  -0.0113546  0.00662724  -0.0126384
  0.0113546           0   0.0152426  0.00465096
-0.00662724  -0.0152426           0   0.0213797
  0.0126384 -0.00465096  -0.0213797           0
Repeater1[0]<--->EndNode1[0]
REAL
    0.394095 -0.000392487  -0.00319939     0.336701
-0.000392487     0.120668    0.0480619  -0.00256245
 -0.00319939    0.0480619     0.101412  -0.00793018
    0.336701  -0.00256245  -0.00793018     0.383825
IMAGINARY
          0  0.00821298 -0.00160395  0.00168691
-0.00821298           0 -0.00168691  0.00490646
 0.00160395  0.00168691           0  -0.0273675
-0.00168691 -0.00490646   0.0273675           0
Repeater1[0]<--->HoM1[0]
REAL
   0.403533 -0.00767631 -0.00129164    0.347931
-0.00767631   0.0842391    0.052192  -0.0178206
-0.00129164    0.052192    0.103261  0.00212761
   0.347931  -0.0178206  0.00212761    0.408967
IMAGINARY
          0  0.00662724  -0.0113546  -0.0126384
-0.00662724           0  -0.0152426   0.0213797
  0.0113546   0.0152426           0  0.00465096
  0.0126384  -0.0213797 -0.00465096           0
EndNode1[0]<--->Repeater1[0]
REAL
     0.4266 -0.00670427   0.0142161    0.348821
-0.00670427   0.0928482   0.0388937  0.00229643
  0.0142161   0.0388937    0.110414   0.0166118
   0.348821  0.00229643   0.0166118    0.370138
IMAGINARY
          0 -0.00778761   -0.011007   0.0292519
 0.00778761           0   0.0117317  0.00132177
   0.011007  -0.0117317           0   0.0138409
 -0.0292519 -0.00132177  -0.0138409           0
EndNode2[0]<--->HoM1[0]
REAL
    0.41255  0.00554574   0.0127755    0.330108
 0.00554574   0.0894526   0.0452168 -0.00758071
  0.0127755   0.0452168   0.0921228   0.0100387
   0.330108 -0.00758071   0.0100387    0.405874
IMAGINARY
          0  0.00686367 -0.00576804  0.00388798
-0.00686367           0  -0.0176856  0.00512784
 0.00576804   0.0176856           0 -0.00366265
-0.00388798 -0.00512784  0.00366265           0
Repeater1[0]<--->EndNode1[0]
REAL
     0.4266   0.0142161 -0.00670427    0.348821
  0.0142161    0.110414   0.0388937   0.0166118
-0.00670427   0.0388937   0.0928482  0.00229643
   0.348821   0.0166118  0.00229643    0.370138
IMAGINARY
          0   -0.011007 -0.00778761   0.0292519
   0.011007           0  -0.0117317   0.0138409
 0.00778761   0.0117317           0  0.00132177
 -0.0292519  -0.0138409 -0.00132177           0
Repeater1[0]<--->HoM1[0]
REAL
    0.41255   0.0127755  0.00554574    0.330108
  0.0127755   0.0921228   0.0452168   0.0100387
 0.00554574   0.0452168   0.0894526 -0.00758071
   0.330108   0.0100387 -0.00758071    0.405874
IMAGINARY
          0 -0.00576804  0.00686367  0.00388798
 0.00576804           0   0.0176856 -0.00366265
-0.00686367  -0.0176856           0  0.00512784
-0.00388798  0.00366265 -0.00512784           0
EndNode1[0]<--->Repeater1[0]
REAL
  0.399743 0.00866889  0.0273276   0.341201
0.00866889   0.109254  0.0510458 0.00880907
 0.0273276  0.0510458   0.104113  0.0248397
  0.341201 0.00880907  0.0248397   0.386889
IMAGINARY
           0   -0.0179712  -0.00569241   -0.0114868
   0.0179712            0  -0.00210011  0.000511063
  0.00569241   0.00210011            0   -0.0053449
   0.0114868 -0.000511063    0.0053449            0
EndNode2[0]<--->HoM1[0]
REAL
   0.382576 -0.00530468 -0.00161044    0.330221
-0.00530468    0.107323   0.0399589 -0.00096025
-0.00161044   0.0399589    0.094697  0.00916072
   0.330221 -0.00096025  0.00916072    0.415404
IMAGINARY
         0    0.01159 -0.0223933 -0.0223995
  -0.01159          0 -0.0012913 -0.0144357
 0.0223933  0.0012913          0  0.0202452
 0.0223995  0.0144357 -0.0202452          0
Repeater1[0]<--->EndNode1[0]
REAL
  0.399743  0.0273276 0.00866889   0.341201
 0.0273276   0.104113  0.0510458  0.0248397
0.00866889  0.0510458   0.109254 0.00880907
  0.341201  0.0248397 0.00880907   0.386889
IMAGINARY
           0  -0.00569241   -0.0179712   -0.0114868
  0.00569241            0   0.00210011   -0.0053449
   0.0179712  -0.00210011            0  0.000511063
   0.0114868    0.0053449 -0.000511063            0
Repeater1[0]<--->HoM1[0]
REAL
   0.382576 -0.00161044 -0.00530468    0.330221
-0.00161044    0.094697   0.0399589  0.00916072
-0.00530468   0.0399589    0.107323 -0.00096025
   0.330221  0.00916072 -0.00096025    0.415404
IMAGINARY
         0 -0.0223933    0.01159 -0.0223995
 0.0223933          0  0.0012913  0.0202452
  -0.01159 -0.0012913          0 -0.0144357
 0.0223995 -0.0202452  0.0144357          0
EndNode1[0]<--->Repeater1[0]
REAL
  0.392422  0.0175776  0.0233678   0.347244
 0.0175776   0.110961  0.0654255 0.00676752
 0.0233678  0.0654255   0.106901  0.0162478
  0.347244 0.00676752  0.0162478   0.389716
IMAGINARY
           0 -0.000876901   0.00298176   0.00724223
 0.000876901            0  -0.00219173   -0.0276571
 -0.00298176   0.00219173            0    0.0021756
 -0.00724223    0.0276571   -0.0021756            0
EndNode2[0]<--->HoM1[0]
REAL
   0.401506   0.0106557   0.0206903    0.348733
  0.0106557   0.0991217   0.0460693 -0.00212591
  0.0206903   0.0460693    0.105395  0.00419577
   0.348733 -0.00212591  0.00419577    0.393977
IMAGINARY
           0   0.00927085   -0.0191747   0.00854959
 -0.00927085            0   -0.0143262   -0.0171449
   0.0191747    0.0143262            0 -0.000796269
 -0.00854959    0.0171449  0.000796269            0
Repeater1[0]<--->EndNode1[0]
REAL
  0.392422  0.0233678  0.0175776   0.347244
 0.0233678   0.106901  0.0654255  0.0162478
 0.0175776  0.0654255   0.110961 0.00676752
  0.347244  0.0162478 0.00676752   0.389716
IMAGINARY
           0   0.00298176 -0.000876901   0.00724223
 -0.00298176            0   0.00219173    0.0021756
 0.000876901  -0.00219173            0   -0.0276571
 -0.00724223   -0.0021756    0.0276571            0
Repeater1[0]<--->HoM1[0]
REAL
   0.401506   0.0206903   0.0106557    0.348733
  0.0206903    0.105395   0.0460693  0.00419577
  0.0106557   0.0460693   0.0991217 -0.00212591
   0.348733  0.00419577 -0.00212591    0.393977
IMAGINARY
           0   -0.0191747   0.00927085   0.00854959
   0.0191747            0    0.0143262 -0.000796269
 -0.00927085   -0.0143262            0   -0.0171449
 -0.00854959  0.000796269    0.0171449            0
EndNode1[0]<--->Repeater1[0]
REAL
   0.439394  0.00371299  0.00459145    0.338628
 0.00371299   0.0867769   0.0626067 -0.00829515
 0.00459145   0.0626067    0.100551  0.00245985
   0.338628 -0.00829515  0.00245985    0.373278
IMAGINARY
           0  -0.00883924   0.00414741  -0.00756955
  0.00883924            0  -0.00312228    0.0175917
 -0.00414741   0.00312228            0  0.000275342
  0.00756955   -0.0175917 -0.000275342            0
EndNode2[0]<--->HoM1[0]
REAL
   0.426451 0.000577012  0.00154417    0.340298
0.000577012    0.120108   0.0490051  0.00343096
 0.00154417   0.0490051   0.0769231  0.00315433
   0.340298  0.00343096  0.00315433    0.376518
IMAGINARY
           0  -0.00966535   -0.0300188  -0.00511522
  0.00966535            0  2.61648e-05  -7.0856e-05
   0.0300188 -2.61648e-05            0  6.22767e-05
  0.00511522   7.0856e-05 -6.22767e-05            0
Repeater1[0]<--->EndNode1[0]
REAL
   0.439394  0.00459145  0.00371299    0.338628
 0.00459145    0.100551   0.0626067  0.00245985
 0.00371299   0.0626067   0.0867769 -0.00829515
   0.338628  0.00245985 -0.00829515    0.373278
IMAGINARY
           0   0.00414741  -0.00883924  -0.00756955
 -0.00414741            0   0.00312228  0.000275342
  0.00883924  -0.00312228            0    0.0175917
  0.00756955 -0.000275342   -0.0175917            0
Repeater1[0]<--->HoM1[0]
REAL
   0.426451  0.00154417 0.000577012    0.340298
 0.00154417   0.0769231   0.0490051  0.00315433
0.000577012   0.0490051    0.120108  0.00343096
   0.340298  0.00315433  0.00343096    0.376518
IMAGINARY
           0   -0.0300188  -0.00966535  -0.00511522
   0.0300188            0 -2.61648e-05  6.22767e-05
  0.00966535  2.61648e-05            0  -7.0856e-05
  0.00511522 -6.22767e-05   7.0856e-05            0
EndNode1[0]<--->Repeater1[0]
REAL
   0.422194 -0.00696379 -0.00310165    0.332696
-0.00696379    0.100765   0.0719363 -0.00507274
-0.00310165   0.0719363   0.0880102  0.00696379
   0.332696 -0.00507274  0.00696379    0.389031
IMAGINARY
          0 -0.00547359  0.00553892 -0.00792172
 0.00547359           0 -0.00730671   -0.011868
-0.00553892  0.00730671           0  0.00800523
 0.00792172    0.011868 -0.00800523           0
EndNode2[0]<--->HoM1[0]
REAL
   0.38394 0.00299362 0.00155476   0.361792
0.00299362  0.0953576  0.0392118 0.00490148
0.00155476  0.0392118   0.112923 -0.0123193
  0.361792 0.00490148 -0.0123193   0.407779
IMAGINARY
          0  0.00181308  -0.0245304 -0.00213443
-0.00181308           0  0.00275555  -0.0102091
  0.0245304 -0.00275555           0   0.0043904
 0.00213443   0.0102091  -0.0043904           0
Repeater1[0]<--->EndNode1[0]
REAL
   0.422194 -0.00310165 -0.00696379    0.332696
-0.00310165   0.0880102   0.0719363  0.00696379
-0.00696379   0.0719363    0.100765 -0.00507274
   0.332696  0.00696379 -0.00507274    0.389031
IMAGINARY
          0  0.00553892 -0.00547359 -0.00792172
-0.00553892           0  0.00730671  0.00800523
 0.00547359 -0.00730671           0   -0.011868
 0.00792172 -0.00800523    0.011868           0
Repeater1[0]<--->HoM1[0]
REAL
   0.38394 0.00155476 0.00299362   0.361792
0.00155476   0.112923  0.0392118 -0.0123193
0.00299362  0.0392118  0.0953576 0.00490148
  0.361792 -0.0123193 0.00490148   0.407779
IMAGINARY
          0  -0.0245304  0.00181308 -0.00213443
  0.0245304           0 -0.00275555   0.0043904
-0.00181308  0.00275555           0  -0.0102091
 0.00213443  -0.0043904   0.0102091           0
EndNode1[0]<--->Repeater1[0]
REAL
  0.402075 -0.0133338 -0.0246235   0.355907
-0.0133338  0.0920882  0.0595156   0.015917
-0.0246235  0.0595156   0.101167    0.01209
  0.355907   0.015917    0.01209   0.404669
IMAGINARY
           0  0.000255686    0.0120479   0.00466002
-0.000255686            0    0.0151863   0.00470473
  -0.0120479   -0.0151863            0   -0.0195856
 -0.00466002  -0.00470473    0.0195856            0
EndNode2[0]<--->HoM1[0]
REAL
    0.406332 -0.000715479   0.00146023     0.338073
-0.000715479    0.0844327    0.0570227   0.00943895
  0.00146023    0.0570227     0.104222    0.0102523
    0.338073   0.00943895    0.0102523     0.405013
IMAGINARY
           0  -0.00851457  -0.00574551  -0.00850431
  0.00851457            0   0.00721896  -0.00513797
  0.00574551  -0.00721896            0  0.000191902
  0.00850431   0.00513797 -0.000191902            0
Repeater1[0]<--->EndNode1[0]
REAL
  0.402075 -0.0246235 -0.0133338   0.355907
-0.0246235   0.101167  0.0595156    0.01209
-0.0133338  0.0595156  0.0920882   0.015917
  0.355907    0.01209   0.015917   0.404669
IMAGINARY
           0    0.0120479  0.000255686   0.00466002
  -0.0120479            0   -0.0151863   -0.0195856
-0.000255686    0.0151863            0   0.00470473
 -0.00466002    0.0195856  -0.00470473            0
Repeater1[0]<--->HoM1[0]
REAL
    0.406332   0.00146023 -0.000715479     0.338073
  0.00146023     0.104222    0.0570227    0.0102523
-0.000715479    0.0570227    0.0844327   0.00943895
    0.338073    0.0102523   0.00943895     0.405013
IMAGINARY
           0  -0.00574551  -0.00851457  -0.00850431
  0.00574551            0  -0.00721896  0.000191902
  0.00851457   0.00721896            0  -0.00513797
  0.00850431 -0.000191902   0.00513797            0
EndNode1[0]<--->Repeater1[0]
REAL
  0.421121 -0.0147832 -0.0152345   0.356444
-0.0147832  0.0977836  0.0432993 0.00752237
-0.0152345  0.0432993  0.0912647 0.00707111
  0.356444 0.00752237 0.00707111   0.389831
IMAGINARY
           0   -0.0110115 -9.53424e-05   -0.0214769
   0.0110115            0   0.00954052  -0.00248198
 9.53424e-05  -0.00954052            0    0.0200321
   0.0214769   0.00248198   -0.0200321            0
EndNode2[0]<--->HoM1[0]
REAL
   0.407314  -0.0221862 -0.00727724    0.342164
 -0.0221862    0.104666   0.0512185  0.00237527
-0.00727724   0.0512185    0.105927  0.00380387
   0.342164  0.00237527  0.00380387    0.382093
IMAGINARY
          0 -0.00245119 -0.00404732  0.00236692
 0.00245119           0   0.0108827  0.00870778
 0.00404732  -0.0108827           0  0.00711165
-0.00236692 -0.00870778 -0.00711165           0
Repeater1[0]<--->EndNode1[0]
REAL
  0.421121 -0.0152345 -0.0147832   0.356444
-0.0152345  0.0912647  0.0432993 0.00707111
-0.0147832  0.0432993  0.0977836 0.00752237
  0.356444 0.00707111 0.00752237   0.389831
IMAGINARY
           0 -9.53424e-05   -0.0110115   -0.0214769
 9.53424e-05            0  -0.00954052    0.0200321
   0.0110115   0.00954052            0  -0.00248198
   0.0214769   -0.0200321   0.00248198            0
Repeater1[0]<--->HoM1[0]
REAL
   0.407314 -0.00727724  -0.0221862    0.342164
-0.00727724    0.105927   0.0512185  0.00380387
 -0.0221862   0.0512185    0.104666  0.00237527
   0.342164  0.00380387  0.00237527    0.382093
IMAGINARY
          0 -0.00404732 -0.00245119  0.00236692
 0.00404732           0  -0.0108827  0.00711165
 0.00245119   0.0108827           0  0.00870778
-0.00236692 -0.00711165 -0.00870778           0
EndNode1[0]<--->Repeater1[0]
REAL
  0.444714 -0.0151239 -0.0101856   0.346792
-0.0151239  0.0814095  0.0528165  0.0147488
-0.0101856  0.0528165   0.100851 0.00795306
  0.346792  0.0147488 0.00795306   0.373026
IMAGINARY
          0  0.00328157 -0.00702631  -0.0024133
-0.00328157           0 -0.00800336 -0.00381707
 0.00702631  0.00800336           0  0.00394735
  0.0024133  0.00381707 -0.00394735           0
EndNode2[0]<--->HoM1[0]
REAL
   0.387363   0.0288409   0.0231191    0.358902
  0.0288409   0.0947802   0.0404772 -0.00510669
  0.0231191   0.0404772    0.108516  0.00283615
   0.358902 -0.00510669  0.00283615    0.409341
IMAGINARY
         0 -0.0154303   0.026054  0.0103518
 0.0154303          0 -0.0122873   0.026683
 -0.026054  0.0122873          0 -0.0186151
-0.0103518  -0.026683  0.0186151          0
Repeater1[0]<--->EndNode1[0]
REAL
  0.444714 -0.0101856 -0.0151239   0.346792
-0.0101856   0.100851  0.0528165 0.00795306
-0.0151239  0.0528165  0.0814095  0.0147488
  0.346792 0.00795306  0.0147488   0.373026
IMAGINARY
          0 -0.00702631  0.00328157  -0.0024133
 0.00702631           0  0.00800336  0.00394735
-0.00328157 -0.00800336           0 -0.00381707
  0.0024133 -0.00394735  0.00381707           0
Repeater1[0]<--->HoM1[0]
REAL
   0.387363   0.0231191   0.0288409    0.358902
  0.0231191    0.108516   0.0404772  0.00283615
  0.0288409   0.0404772   0.0947802 -0.00510669
   0.358902  0.00283615 -0.00510669    0.409341
IMAGINARY
         0   0.026054 -0.0154303  0.0103518
 -0.026054          0  0.0122873 -0.0186151
 0.0154303 -0.0122873          0   0.026683
-0.0103518  0.0186151  -0.026683          0
EndNode1[0]<--->Repeater1[0]
REAL
   0.391927  -0.0373273  -0.0438776    0.341593
 -0.0373273   0.0989583   0.0553138  -0.0154008
 -0.0438776   0.0553138   0.0859375 -0.00390986
   0.341593  -0.0154008 -0.00390986    0.423177
IMAGINARY
           0   0.00197889   0.00143097 -0.000342708
 -0.00197889            0    0.0147357   -0.0106658
 -0.00143097   -0.0147357            0   0.00197889
 0.000342708    0.0106658  -0.00197889            0
EndNode2[0]<--->HoM1[0]
REAL
   0.411067 -0.00802344  0.00370444    0.335488
-0.00802344   0.0922266   0.0542762 -0.00895379
 0.00370444   0.0542762    0.101449  -0.0129739
   0.335488 -0.00895379  -0.0129739    0.395257
IMAGINARY
          0 -0.00761276 -0.00264596   0.0284579
 0.00761276           0   0.0230816 -0.00662474
 0.00264596  -0.0230816           0  0.00328643
 -0.0284579  0.00662474 -0.00328643           0
Repeater1[0]<--->EndNode1[0]
REAL
   0.391927  -0.0438776  -0.0373273    0.341593
 -0.0438776   0.0859375   0.0553138 -0.00390986
 -0.0373273   0.0553138   0.0989583  -0.0154008
   0.341593 -0.00390986  -0.0154008    0.423177
IMAGINARY
           0   0.00143097   0.00197889 -0.000342708
 -0.00143097            0   -0.0147357   0.00197889
 -0.00197889    0.0147357            0   -0.0106658
 0.000342708  -0.00197889    0.0106658            0
Repeater1[0]<--->HoM1[0]
REAL
   0.411067  0.00370444 -0.00802344    0.335488
 0.00370444    0.101449   0.0542762  -0.0129739
-0.00802344   0.0542762   0.0922266 -0.00895379
   0.335488  -0.0129739 -0.00895379    0.395257
IMAGINARY
          0 -0.00264596 -0.00761276   0.0284579
 0.00264596           0  -0.0230816  0.00328643
 0.00761276   0.0230816           0 -0.00662474
 -0.0284579 -0.00328643  0.00662474           0
EndNode1[0]<--->Repeater1[0]
REAL
  0.402795  -0.017275 -0.0100075   0.332115
 -0.017275   0.104193  0.0543369 -0.0138635
-0.0100075  0.0543369   0.110546 0.00114601
  0.332115 -0.0138635 0.00114601   0.382465
IMAGINARY
          0   0.0114731 -0.00178995  -0.0026247
 -0.0114731           0  0.00197451  0.00606345
 0.00178995 -0.00197451           0  -0.0133046
  0.0026247 -0.00606345   0.0133046           0
EndNode2[0]<--->HoM1[0]
REAL
   0.369624  0.00177987   0.0046676    0.331606
 0.00177987     0.11828   0.0580214 -0.00599739
  0.0046676   0.0580214   0.0994624 -0.00975859
   0.331606 -0.00599739 -0.00975859    0.412634
IMAGINARY
          0   0.0116218  -0.0122721  -0.0142675
 -0.0116218           0 -0.00718896 -0.00974047
  0.0122721  0.00718896           0   -0.009735
  0.0142675  0.00974047    0.009735           0
Repeater1[0]<--->EndNode1[0]
REAL
  0.402795 -0.0100075  -0.017275   0.332115
-0.0100075   0.110546  0.0543369 0.00114601
 -0.017275  0.0543369   0.104193 -0.0138635
  0.332115 0.00114601 -0.0138635   0.382465
IMAGINARY
          0 -0.00178995   0.0114731  -0.0026247
 0.00178995           0 -0.00197451  -0.0133046
 -0.0114731  0.00197451           0  0.00606345
  0.0026247   0.0133046 -0.00606345           0
Repeater1[0]<--->HoM1[0]
REAL
   0.369624   0.0046676  0.00177987    0.331606
  0.0046676   0.0994624   0.0580214 -0.00975859
 0.00177987   0.0580214     0.11828 -0.00599739
   0.331606 -0.00975859 -0.00599739    0.412634
IMAGINARY
          0  -0.0122721   0.0116218  -0.0142675
  0.0122721           0  0.00718896   -0.009735
 -0.0116218 -0.00718896           0 -0.00974047
  0.0142675    0.009735  0.00974047           0
EndNode1[0]<--->Repeater1[0]
REAL
   0.416773  0.00362823   0.0043277      0.3384
 0.00362823    0.123253   0.0461112   0.0228462
  0.0043277   0.0461112   0.0736976 -0.00226954
     0.3384   0.0228462 -0.00226954    0.386277
IMAGINARY
           0  -0.00238531     0.017917     0.007992
  0.00238531            0    0.0047662 -0.000504059
   -0.017917   -0.0047662            0    0.0110918
   -0.007992  0.000504059   -0.0110918            0
EndNode2[0]<--->HoM1[0]
REAL
   0.426431   0.0029705  0.00617368    0.338903
  0.0029705   0.0953678   0.0591102 -0.00551143
 0.00617368   0.0591102   0.0749319  -0.0115798
   0.338903 -0.00551143  -0.0115798     0.40327
IMAGINARY
          0  -0.0203455  -0.0239169   0.0134354
  0.0203455           0 -0.00323129   0.0122588
  0.0239169  0.00323129           0   0.0060968
 -0.0134354  -0.0122588  -0.0060968           0
Repeater1[0]<--->EndNode1[0]
REAL
   0.416773   0.0043277  0.00362823      0.3384
  0.0043277   0.0736976   0.0461112 -0.00226954
 0.00362823   0.0461112    0.123253   0.0228462
     0.3384 -0.00226954   0.0228462    0.386277
IMAGINARY
           0     0.017917  -0.00238531     0.007992
   -0.017917            0   -0.0047662    0.0110918
  0.00238531    0.0047662            0 -0.000504059
   -0.007992   -0.0110918  0.000504059            0
Repeater1[0]<--->HoM1[0]
REAL
   0.426431  0.00617368   0.0029705    0.338903
 0.00617368   0.0749319   0.0591102  -0.0115798
  0.0029705   0.0591102   0.0953678 -0.00551143
   0.338903  -0.0115798 -0.00551143     0.40327
IMAGINARY
          0  -0.0239169  -0.0203455   0.0134354
  0.0239169           0  0.00323129   0.0060968
  0.0203455 -0.00323129           0   0.0122588
 -0.0134354  -0.0060968  -0.0122588           0
EndNode1[0]<--->Repeater1[0]
REAL
    0.410995  -0.00237698 -0.000200909     0.353917
 -0.00237698     0.108639    0.0447064    0.0208517
-0.000200909    0.0447064     0.116492   0.00425432
    0.353917    0.0208517   0.00425432     0.363874
IMAGINARY
          0    0.010732  -0.0224998   0.0075494
  -0.010732           0  -0.0107752 -0.00118437
  0.0224998   0.0107752           0   0.0063733
 -0.0075494  0.00118437  -0.0063733           0
EndNode2[0]<--->HoM1[0]
REAL
   0.400254 -0.00281177   -0.010294    0.348061
-0.00281177   0.0889454   0.0493035    0.029018
  -0.010294   0.0493035    0.090216   0.0187618
   0.348061    0.029018   0.0187618    0.420584
IMAGINARY
          0 -0.00749773   0.0226013   0.0163104
 0.00749773           0  -0.0110334   0.0028645
 -0.0226013   0.0110334           0  0.00439214
 -0.0163104  -0.0028645 -0.00439214           0
Repeater1[0]<--->EndNode1[0]
REAL
    0.410995 -0.000200909  -0.00237698     0.353917
-0.000200909     0.116492    0.0447064   0.00425432
 -0.00237698    0.0447064     0.108639    0.0208517
    0.353917   0.00425432    0.0208517     0.363874
IMAGINARY
          0  -0.0224998    0.010732   0.0075494
  0.0224998           0   0.0107752   0.0063733
  -0.010732  -0.0107752           0 -0.00118437
 -0.0075494  -0.0063733  0.00118437           0
Repeater1[0]<--->HoM1[0]
REAL
   0.400254   -0.010294 -0.00281177    0.348061
  -0.010294    0.090216   0.0493035   0.0187618
-0.00281177   0.0493035   0.0889454    0.029018
   0.348061   0.0187618    0.029018    0.420584
IMAGINARY
          0   0.0226013 -0.00749773   0.0163104
 -0.0226013           0   0.0110334  0.00439214
 0.00749773  -0.0110334           0   0.0028645
 -0.0163104 -0.00439214  -0.0028645           0
EndNode1[0]<--->Repeater1[0]
REAL
   0.367246 -0.00817875  0.00761009     0.34278
-0.00817875   0.0955335    0.054318 -0.00892935
 0.00761009    0.054318    0.102978  0.00949801
    0.34278 -0.00892935  0.00949801    0.434243
IMAGINARY
           0   -0.0081565   0.00638958   -0.0179833
   0.0081565            0  -0.00632684   0.00514888
 -0.00638958   0.00632684            0  0.000464191
   0.0179833  -0.00514888 -0.000464191            0
EndNode2[0]<--->HoM1[0]
REAL
   0.405577   0.0349542   0.0228105    0.344823
  0.0349542    0.095057   0.0541543  0.00404373
  0.0228105   0.0541543    0.101394 -0.00682123
   0.344823  0.00404373 -0.00682123    0.397972
IMAGINARY
          0  -0.0152406  0.00570069  0.00817604
  0.0152406           0   0.0258872   0.0125843
-0.00570069  -0.0258872           0 -0.00808849
-0.00817604  -0.0125843  0.00808849           0
Repeater1[0]<--->EndNode1[0]
REAL
   0.367246  0.00761009 -0.00817875     0.34278
 0.00761009    0.102978    0.054318  0.00949801
-0.00817875    0.054318   0.0955335 -0.00892935
    0.34278  0.00949801 -0.00892935    0.434243
IMAGINARY
           0   0.00638958   -0.0081565   -0.0179833
 -0.00638958            0   0.00632684  0.000464191
   0.0081565  -0.00632684            0   0.00514888
   0.0179833 -0.000464191  -0.00514888            0
Repeater1[0]<--->HoM1[0]
REAL
   0.405577   0.0228105   0.0349542    0.344823
  0.0228105    0.101394   0.0541543 -0.00682123
  0.0349542   0.0541543    0.095057  0.00404373
   0.344823 -0.00682123  0.00404373    0.397972
IMAGINARY
          0  0.00570069  -0.0152406  0.00817604
-0.00570069           0  -0.0258872 -0.00808849
  0.0152406   0.0258872           0   0.0125843
-0.00817604  0.00808849  -0.0125843           0
EndNode1[0]<--->Repeater1[0]
REAL
   0.417098 -0.00786509   -0.020001    0.345053
-0.00786509   0.0803109   0.0439847 -5.2478e-05
  -0.020001   0.0439847    0.101036  -0.0215467
   0.345053 -5.2478e-05  -0.0215467    0.401554
IMAGINARY
          0  0.00421979   0.0242064  -0.0106131
-0.00421979           0  -0.0148971 -0.00217708
 -0.0242064   0.0148971           0 -0.00355223
  0.0106131  0.00217708  0.00355223           0
EndNode2[0]<--->HoM1[0]
REAL
   0.42298 0.00969719  0.0072305   0.341248
0.00969719  0.0909091  0.0425639  0.0136572
 0.0072305  0.0425639   0.094697  0.0255509
  0.341248  0.0136572  0.0255509   0.391414
IMAGINARY
          0   -0.010633 -0.00528492 -0.00896527
   0.010633           0 -0.00308292 -0.00655718
 0.00528492  0.00308292           0   0.0185277
 0.00896527  0.00655718  -0.0185277           0
Repeater1[0]<--->EndNode1[0]
REAL
   0.417098   -0.020001 -0.00786509    0.345053
  -0.020001    0.101036   0.0439847  -0.0215467
-0.00786509   0.0439847   0.0803109 -5.2478e-05
   0.345053  -0.0215467 -5.2478e-05    0.401554
IMAGINARY
          0   0.0242064  0.00421979  -0.0106131
 -0.0242064           0   0.0148971 -0.00355223
-0.00421979  -0.0148971           0 -0.00217708
  0.0106131  0.00355223  0.00217708           0
Repeater1[0]<--->HoM1[0]
REAL
   0.42298  0.0072305 0.00969719   0.341248
 0.0072305   0.094697  0.0425639  0.0255509
0.00969719  0.0425639  0.0909091  0.0136572
  0.341248  0.0255509  0.0136572   0.391414
IMAGINARY
          0 -0.00528492   -0.010633 -0.00896527
 0.00528492           0  0.00308292   0.0185277
   0.010633 -0.00308292           0 -0.00655718
 0.00896527  -0.0185277  0.00655718           0
EndNode1[0]<--->Repeater1[0]
REAL
   0.408377 0.000748423  0.00596537    0.332392
0.000748423   0.0929319   0.0655134   0.0123592
 0.00596537   0.0655134     0.10733  0.00972278
   0.332392   0.0123592  0.00972278    0.391361
IMAGINARY
          0  0.00171808   0.0281095  -0.0169565
-0.00171808           0  -0.0260474   0.0171134
 -0.0281095   0.0260474           0  -0.0150939
  0.0169565  -0.0171134   0.0150939           0
EndNode2[0]<--->HoM1[0]
REAL
  0.411301  0.0260969  0.0155696   0.333852
 0.0260969  0.0840999  0.0633817 0.00880455
 0.0155696  0.0633817   0.106439 -0.0122629
  0.333852 0.00880455 -0.0122629    0.39816
IMAGINARY
          0  -0.0144404  0.00624716  0.00325444
  0.0144404           0   -0.020193 -0.00423373
-0.00624716    0.020193           0  0.00571561
-0.00325444  0.00423373 -0.00571561           0
Repeater1[0]<--->EndNode1[0]
REAL
   0.408377  0.00596537 0.000748423    0.332392
 0.00596537     0.10733   0.0655134  0.00972278
0.000748423   0.0655134   0.0929319   0.0123592
   0.332392  0.00972278   0.0123592    0.391361
IMAGINARY
          0   0.0281095  0.00171808  -0.0169565
 -0.0281095           0   0.0260474  -0.0150939
-0.00171808  -0.0260474           0   0.0171134
  0.0169565   0.0150939  -0.0171134           0
Repeater1[0]<--->HoM1[0]
REAL
  0.411301  0.0155696  0.0260969   0.333852
 0.0155696   0.106439  0.0633817 -0.0122629
 0.0260969  0.0633817  0.0840999 0.00880455
  0.333852 -0.0122629 0.00880455    0.39816
IMAGINARY
          0  0.00624716  -0.0144404  0.00325444
-0.00624716           0    0.020193  0.00571561
  0.0144404   -0.020193           0 -0.00423373
-0.00325444 -0.00571561  0.00423373           0
EndNode1[0]<--->Repeater1[0]
REAL
    0.40915  0.00152233  -0.0192058    0.360048
 0.00152233   0.0915033   0.0352399 -0.00435436
 -0.0192058   0.0352399     0.11634 -0.00675793
   0.360048 -0.00435436 -0.00675793    0.383007
IMAGINARY
         0 -0.0121483  0.0147512 -0.0142823
 0.0121483          0  0.0230105   0.023612
-0.0147512 -0.0230105          0 -0.0121483
 0.0142823  -0.023612  0.0121483          0
EndNode2[0]<--->HoM1[0]
REAL
  0.399171 -0.0167982 -0.0123321   0.330522
-0.0167982  0.0925414  0.0539925  -0.027038
-0.0123321  0.0539925   0.107735 -0.0304459
  0.330522  -0.027038 -0.0304459   0.400552
IMAGINARY
          0   0.0243446   0.0116401 -0.00530729
 -0.0243446           0   -0.004051  0.00895914
 -0.0116401    0.004051           0  -0.0237203
 0.00530729 -0.00895914   0.0237203           0
Repeater1[0]<--->EndNode1[0]
REAL
    0.40915  -0.0192058  0.00152233    0.360048
 -0.0192058     0.11634   0.0352399 -0.00675793
 0.00152233   0.0352399   0.0915033 -0.00435436
   0.360048 -0.00675793 -0.00435436    0.383007
IMAGINARY
         0  0.0147512 -0.0121483 -0.0142823
-0.0147512          0 -0.0230105 -0.0121483
 0.0121483  0.0230105          0   0.023612
 0.0142823  0.0121483  -0.023612          0
Repeater1[0]<--->HoM1[0]
REAL
  0.399171 -0.0123321 -0.0167982   0.330522
-0.0123321   0.107735  0.0539925 -0.0304459
-0.0167982  0.0539925  0.0925414  -0.027038
  0.330522 -0.0304459  -0.027038   0.400552
IMAGINARY
          0   0.0116401   0.0243446 -0.00530729
 -0.0116401           0    0.004051  -0.0237203
 -0.0243446   -0.004051           0  0.00895914
 0.00530729   0.0237203 -0.00895914           0
EndNode1[0]<--->Repeater1[0]
REAL
  0.399188  0.0128438 0.00847379   0.356539
 0.0128438  0.0920162  0.0327841 0.00584912
0.00847379  0.0327841   0.113667  0.0184062
  0.356539 0.00584912  0.0184062   0.395129
IMAGINARY
          0  -0.0327729  0.00275473 -0.00700811
  0.0327729           0 -0.00577961    0.027258
-0.00275473  0.00577961           0  0.00276011
 0.00700811   -0.027258 -0.00276011           0
EndNode2[0]<--->HoM1[0]
REAL
   0.397403  0.00328776  0.00025191    0.338352
 0.00328776    0.101299   0.0412894 -0.00601375
 0.00025191   0.0412894   0.0948052  -0.0192929
   0.338352 -0.00601375  -0.0192929    0.406494
IMAGINARY
          0  0.00799736    -0.03175   0.0232552
-0.00799736           0   0.0145052   0.0230717
    0.03175  -0.0145052           0  -0.0206809
 -0.0232552  -0.0230717   0.0206809           0
Repeater1[0]<--->EndNode1[0]
REAL
  0.399188 0.00847379  0.0128438   0.356539
0.00847379   0.113667  0.0327841  0.0184062
 0.0128438  0.0327841  0.0920162 0.00584912
  0.356539  0.0184062 0.00584912   0.395129
IMAGINARY
          0  0.00275473  -0.0327729 -0.00700811
-0.00275473           0  0.00577961  0.00276011
  0.0327729 -0.00577961           0    0.027258
 0.00700811 -0.00276011   -0.027258           0
Repeater1[0]<--->HoM1[0]
REAL
   0.397403  0.00025191  0.00328776    0.338352
 0.00025191   0.0948052   0.0412894  -0.0192929
 0.00328776   0.0412894    0.101299 -0.00601375
   0.338352  -0.0192929 -0.00601375    0.406494
IMAGINARY
          0    -0.03175  0.00799736   0.0232552
    0.03175           0  -0.0145052  -0.0206809
-0.00799736   0.0145052           0   0.0230717
 -0.0232552   0.0206809  -0.0230717           0
EndNode1[0]<--->Repeater1[0]
REAL
     0.38642  -0.00676771   -0.0102041     0.341088
 -0.00676771     0.103704    0.0568711   0.00510204
  -0.0102041    0.0568711    0.0987654 -0.000885354
    0.341088   0.00510204 -0.000885354     0.411111
IMAGINARY
          0  -0.0077672 -0.00343877  -0.0108548
  0.0077672           0  0.00339213  0.00652139
 0.00343877 -0.00339213           0   0.0108498
  0.0108548 -0.00652139  -0.0108498           0
EndNode2[0]<--->HoM1[0]
REAL
   0.375959   0.0196442 -0.00190186    0.322278
  0.0196442   0.0882353   0.0549827   0.0174057
-0.00190186   0.0549827    0.084399   0.0126556
   0.322278   0.0174057   0.0126556    0.451407
IMAGINARY
