EndNode1[0]<--->Repeater1[0]
REAL
   0.332061 -0.00109107 0.000257742     0.19067
-0.00109107      0.1743   0.0647162 -0.00596116
0.000257742   0.0647162    0.167939 -0.00841464
    0.19067 -0.00596116 -0.00841464      0.3257
IMAGINARY
          0 -0.00502084   0.0148948   0.0162359
 0.00502084           0 -0.00539577 -0.00217218
 -0.0148948  0.00539577           0 -0.00770181
 -0.0162359  0.00217218  0.00770181           0
EndNode2[0]<--->HoM1[0]
REAL
  0.333333 -0.0114154 0.00535355   0.199142
-0.0114154   0.141762  0.0787719  0.0283888
0.00535355  0.0787719   0.177522  0.0242989
  0.199142  0.0283888  0.0242989   0.347382
IMAGINARY
          0 -0.00738509  -0.0089118  0.00469036
 0.00738509           0  -0.0097924 -0.00696122
  0.0089118   0.0097924           0  0.00606234
-0.00469036  0.00696122 -0.00606234           0
Repeater1[0]<--->EndNode1[0]
REAL
   0.332061 0.000257742 -0.00109107     0.19067
0.000257742    0.167939   0.0647162 -0.00841464
-0.00109107   0.0647162      0.1743 -0.00596116
    0.19067 -0.00841464 -0.00596116      0.3257
IMAGINARY
          0   0.0148948 -0.00502084   0.0162359
 -0.0148948           0  0.00539577 -0.00770181
 0.00502084 -0.00539577           0 -0.00217218
 -0.0162359  0.00770181  0.00217218           0
Repeater1[0]<--->HoM1[0]
REAL
  0.333333 0.00535355 -0.0114154   0.199142
0.00535355   0.177522  0.0787719  0.0242989
-0.0114154  0.0787719   0.141762  0.0283888
  0.199142  0.0242989  0.0283888   0.347382
IMAGINARY
          0  -0.0089118 -0.00738509  0.00469036
  0.0089118           0   0.0097924  0.00606234
 0.00738509  -0.0097924           0 -0.00696122
-0.00469036 -0.00606234  0.00696122           0
EndNode1[0]<--->Repeater1[0]
REAL
  0.325193 0.00118562  0.0152029   0.207025
0.00118562   0.200514  0.0598926 0.00860661
 0.0152029  0.0598926   0.179949  0.0176114
  0.207025 0.00860661  0.0176114   0.294344
IMAGINARY
          0   0.0105922  -0.0127794 -0.00129534
 -0.0105922           0 -0.00129534  -0.0109114
  0.0127794  0.00129534           0   0.0118517
 0.00129534   0.0109114  -0.0118517           0
EndNode2[0]<--->HoM1[0]
REAL
  0.351634  0.0152946  0.0141242   0.213476
 0.0152946   0.160784  0.0694508   0.007827
 0.0141242  0.0694508   0.156863 -0.0128556
  0.213476   0.007827 -0.0128556   0.330719
IMAGINARY
          0  0.00731192   0.0120483  -0.0120643
-0.00731192           0  -0.0107519  -0.0265138
 -0.0120483   0.0107519           0 -0.00668299
  0.0120643   0.0265138  0.00668299           0
Repeater1[0]<--->EndNode1[0]
REAL
  0.325193  0.0152029 0.00118562   0.207025
 0.0152029   0.179949  0.0598926  0.0176114
0.00118562  0.0598926   0.200514 0.00860661
  0.207025  0.0176114 0.00860661   0.294344
IMAGINARY
          0  -0.0127794   0.0105922 -0.00129534
  0.0127794           0  0.00129534   0.0118517
 -0.0105922 -0.00129534           0  -0.0109114
 0.00129534  -0.0118517   0.0109114           0
Repeater1[0]<--->HoM1[0]
REAL
  0.351634  0.0141242  0.0152946   0.213476
 0.0141242   0.156863  0.0694508 -0.0128556
 0.0152946  0.0694508   0.160784   0.007827
  0.213476 -0.0128556   0.007827   0.330719
IMAGINARY
          0   0.0120483  0.00731192  -0.0120643
 -0.0120483           0   0.0107519 -0.00668299
-0.00731192  -0.0107519           0  -0.0265138
  0.0120643  0.00668299   0.0265138           0
EndNode1[0]<--->Repeater1[0]
REAL
   0.359006  0.00894897  0.00437848    0.216409
 0.00894897    0.175155   0.0559068  -0.0153746
 0.00437848   0.0559068    0.146584 -0.00700848
   0.216409  -0.0153746 -0.00700848    0.319255
IMAGINARY
          0   0.0101013 -0.00540125   0.0162459
 -0.0101013           0  -0.0084537  0.00209875
 0.00540125   0.0084537           0  0.00244824
 -0.0162459 -0.00209875 -0.00244824           0
EndNode2[0]<--->HoM1[0]
REAL
   0.316872  0.00287348   -0.003022    0.224327
 0.00287348    0.167353   0.0463396 -0.00364467
  -0.003022   0.0463396    0.176955 -0.00154014
   0.224327 -0.00364467 -0.00154014     0.33882
IMAGINARY
           0 -0.000296016  -0.00161554   -0.0151538
 0.000296016            0  -0.00987674   0.00601805
  0.00161554   0.00987674            0   -0.0192008
   0.0151538  -0.00601805    0.0192008            0
Repeater1[0]<--->EndNode1[0]
REAL
   0.359006  0.00437848  0.00894897    0.216409
 0.00437848    0.146584   0.0559068 -0.00700848
 0.00894897   0.0559068    0.175155  -0.0153746
   0.216409 -0.00700848  -0.0153746    0.319255
IMAGINARY
          0 -0.00540125   0.0101013   0.0162459
 0.00540125           0   0.0084537  0.00244824
 -0.0101013  -0.0084537           0  0.00209875
 -0.0162459 -0.00244824 -0.00209875           0
Repeater1[0]<--->HoM1[0]
REAL
   0.316872   -0.003022  0.00287348    0.224327
  -0.003022    0.176955   0.0463396 -0.00154014
 0.00287348   0.0463396    0.167353 -0.00364467
   0.224327 -0.00154014 -0.00364467     0.33882
IMAGINARY
           0  -0.00161554 -0.000296016   -0.0151538
  0.00161554            0   0.00987674   -0.0192008
 0.000296016  -0.00987674            0   0.00601805
   0.0151538    0.0192008  -0.00601805            0
EndNode1[0]<--->Repeater1[0]
REAL
   0.351523 -0.00227673  0.00188679    0.220767
-0.00227673    0.147208   0.0792328   0.0301887
 0.00188679   0.0792328    0.191624 0.000389937
   0.220767   0.0301887 0.000389937    0.309645
IMAGINARY
           0    0.0183612  -0.00757081  -0.00354561
  -0.0183612            0   0.00220152  -0.00168845
  0.00757081  -0.00220152            0  0.000157318
  0.00354561   0.00168845 -0.000157318            0
EndNode2[0]<--->HoM1[0]
REAL
  0.346887 -0.0247423 -0.0177265   0.212002
-0.0247423   0.170267  0.0671305  0.0028214
-0.0177265  0.0671305   0.162643  0.0139022
  0.212002  0.0028214  0.0139022   0.320203
IMAGINARY
          0 -0.00221351  0.00457043   0.0186582
 0.00221351           0 -0.00400849 -0.00841658
-0.00457043  0.00400849           0  -0.0182993
 -0.0186582  0.00841658   0.0182993           0
Repeater1[0]<--->EndNode1[0]
REAL
   0.351523  0.00188679 -0.00227673    0.220767
 0.00188679    0.191624   0.0792328 0.000389937
-0.00227673   0.0792328    0.147208   0.0301887
   0.220767 0.000389937   0.0301887    0.309645
IMAGINARY
           0  -0.00757081    0.0183612  -0.00354561
  0.00757081            0  -0.00220152  0.000157318
  -0.0183612   0.00220152            0  -0.00168845
  0.00354561 -0.000157318   0.00168845            0
Repeater1[0]<--->HoM1[0]
REAL
  0.346887 -0.0177265 -0.0247423   0.212002
-0.0177265   0.162643  0.0671305  0.0139022
-0.0247423  0.0671305   0.170267  0.0028214
  0.212002  0.0139022  0.0028214   0.320203
IMAGINARY
          0  0.00457043 -0.00221351   0.0186582
-0.00457043           0  0.00400849  -0.0182993
 0.00221351 -0.00400849           0 -0.00841658
 -0.0186582   0.0182993  0.00841658           0
EndNode1[0]<--->Repeater1[0]
REAL
   0.340369    -0.01091  -0.0178737     0.18951
   -0.01091    0.175462    0.050516 -0.00336182
 -0.0178737    0.050516    0.154354 -0.00517752
    0.18951 -0.00336182 -0.00517752    0.329815
IMAGINARY
          0  0.00596064  0.00362475 -0.00817225
-0.00596064           0  -0.0101127  -0.0256373
-0.00362475   0.0101127           0  -0.0179103
 0.00817225   0.0256373   0.0179103           0
EndNode2[0]<--->HoM1[0]
REAL
   0.344198  -0.0138572 -0.00921748     0.21371
 -0.0138572    0.169492   0.0530883 -0.00725156
-0.00921748   0.0530883    0.161669  -0.0197396
    0.21371 -0.00725156  -0.0197396    0.324641
IMAGINARY
           0   -0.0107637    0.0312254   0.00348231
   0.0107637            0  0.000239771   0.00504404
  -0.0312254 -0.000239771            0   -0.0255057
 -0.00348231  -0.00504404    0.0255057            0
Repeater1[0]<--->EndNode1[0]
REAL
   0.340369  -0.0178737    -0.01091     0.18951
 -0.0178737    0.154354    0.050516 -0.00517752
   -0.01091    0.050516    0.175462 -0.00336182
    0.18951 -0.00517752 -0.00336182    0.329815
IMAGINARY
          0  0.00362475  0.00596064 -0.00817225
-0.00362475           0   0.0101127  -0.0179103
-0.00596064  -0.0101127           0  -0.0256373
 0.00817225   0.0179103   0.0256373           0
Repeater1[0]<--->HoM1[0]
REAL
   0.344198 -0.00921748  -0.0138572     0.21371
-0.00921748    0.161669   0.0530883  -0.0197396
 -0.0138572   0.0530883    0.169492 -0.00725156
    0.21371  -0.0197396 -0.00725156    0.324641
IMAGINARY
           0    0.0312254   -0.0107637   0.00348231
  -0.0312254            0 -0.000239771   -0.0255057
   0.0107637  0.000239771            0   0.00504404
 -0.00348231    0.0255057  -0.00504404            0
EndNode1[0]<--->Repeater1[0]
REAL
    0.31746   0.0159042  0.00177512    0.206476
  0.0159042    0.175926   0.0553134   0.0133397
 0.00177512   0.0553134    0.178571 -0.00199857
   0.206476   0.0133397 -0.00199857    0.328042
IMAGINARY
          0  0.00884817 -0.00390023   0.0144533
-0.00884817           0 -0.00121247   0.0204241
 0.00390023  0.00121247           0   0.0101237
 -0.0144533  -0.0204241  -0.0101237           0
EndNode2[0]<--->HoM1[0]
REAL
   0.311938   0.0173112 0.000730174    0.231102
  0.0173112    0.175866   0.0492843  0.00203226
0.000730174   0.0492843    0.182285 0.000644567
   0.231102  0.00203226 0.000644567     0.32991
IMAGINARY
          0 -0.00425488   0.0293072  0.00741409
 0.00425488           0 -0.00119518  0.00352106
 -0.0293072  0.00119518           0  -0.0260482
-0.00741409 -0.00352106   0.0260482           0
Repeater1[0]<--->EndNode1[0]
REAL
    0.31746  0.00177512   0.0159042    0.206476
 0.00177512    0.178571   0.0553134 -0.00199857
  0.0159042   0.0553134    0.175926   0.0133397
   0.206476 -0.00199857   0.0133397    0.328042
IMAGINARY
          0 -0.00390023  0.00884817   0.0144533
 0.00390023           0  0.00121247   0.0101237
-0.00884817 -0.00121247           0   0.0204241
 -0.0144533  -0.0101237  -0.0204241           0
Repeater1[0]<--->HoM1[0]
REAL
   0.311938 0.000730174   0.0173112    0.231102
0.000730174    0.182285   0.0492843 0.000644567
  0.0173112   0.0492843    0.175866  0.00203226
   0.231102 0.000644567  0.00203226     0.32991
IMAGINARY
          0   0.0293072 -0.00425488  0.00741409
 -0.0293072           0  0.00119518  -0.0260482
 0.00425488 -0.00119518           0  0.00352106
-0.00741409   0.0260482 -0.00352106           0
EndNode1[0]<--->Repeater1[0]
REAL
  0.344569 0.00737141 -0.0177755   0.205244
0.00737141   0.173533  0.0573757  0.0116363
-0.0177755  0.0573757   0.169788  0.0192316
  0.205244  0.0116363  0.0192316    0.31211
IMAGINARY
          0  0.00667299  0.00772645  0.00338277
-0.00667299           0 -0.00656748  -0.0111652
-0.00772645  0.00656748           0 -0.00598523
-0.00338277   0.0111652  0.00598523           0
EndNode2[0]<--->HoM1[0]
REAL
   0.348428 -0.00228355 -0.00395188    0.173439
-0.00228355    0.168553   0.0648531    -0.00569
-0.00395188   0.0648531    0.176101  0.00366096
   0.173439    -0.00569  0.00366096    0.306918
IMAGINARY
          0 -0.00934542 -0.00901876 -0.00947712
 0.00934542           0  0.00947712  0.00396825
 0.00901876 -0.00947712           0  -0.0159071
 0.00947712 -0.00396825   0.0159071           0
Repeater1[0]<--->EndNode1[0]
REAL
  0.344569 -0.0177755 0.00737141   0.205244
-0.0177755   0.169788  0.0573757  0.0192316
0.00737141  0.0573757   0.173533  0.0116363
  0.205244  0.0192316  0.0116363    0.31211
IMAGINARY
          0  0.00772645  0.00667299  0.00338277
-0.00772645           0  0.00656748 -0.00598523
-0.00667299 -0.00656748           0  -0.0111652
-0.00338277  0.00598523   0.0111652           0
Repeater1[0]<--->HoM1[0]
REAL
   0.348428 -0.00395188 -0.00228355    0.173439
-0.00395188    0.176101   0.0648531  0.00366096
-0.00228355   0.0648531    0.168553    -0.00569
   0.173439  0.00366096    -0.00569    0.306918
IMAGINARY
          0 -0.00901876 -0.00934542 -0.00947712
 0.00901876           0 -0.00947712  -0.0159071
 0.00934542  0.00947712           0  0.00396825
 0.00947712   0.0159071 -0.00396825           0
EndNode1[0]<--->Repeater1[0]
REAL
    0.313131    0.0108126 -0.000379389     0.208791
   0.0108126     0.162879    0.0670934    0.0259364
-0.000379389    0.0670934     0.156566    0.0108126
    0.208791    0.0259364    0.0108126     0.367424
IMAGINARY
          0  -0.0113937   0.0294826   0.0321867
  0.0113937           0 -0.00684677  0.00859484
 -0.0294826  0.00684677           0  -0.0154478
 -0.0321867 -0.00859484   0.0154478           0
EndNode2[0]<--->HoM1[0]
REAL
    0.34174 -0.00847727 -0.00513117    0.226897
-0.00847727    0.171501    0.054353 -0.00709709
-0.00513117    0.054353    0.147541 -0.00782708
   0.226897 -0.00709709 -0.00782708    0.339218
IMAGINARY
          0 -0.00233417 -0.00981821  -0.0135705
 0.00233417           0  0.00194261  -0.0015168
 0.00981821 -0.00194261           0 -0.00900084
  0.0135705   0.0015168  0.00900084           0
Repeater1[0]<--->EndNode1[0]
REAL
    0.313131 -0.000379389    0.0108126     0.208791
-0.000379389     0.156566    0.0670934    0.0108126
   0.0108126    0.0670934     0.162879    0.0259364
    0.208791    0.0108126    0.0259364     0.367424
IMAGINARY
          0   0.0294826  -0.0113937   0.0321867
 -0.0294826           0  0.00684677  -0.0154478
  0.0113937 -0.00684677           0  0.00859484
 -0.0321867   0.0154478 -0.00859484           0
Repeater1[0]<--->HoM1[0]
REAL
    0.34174 -0.00513117 -0.00847727    0.226897
-0.00513117    0.147541    0.054353 -0.00782708
-0.00847727    0.054353    0.171501 -0.00709709
   0.226897 -0.00782708 -0.00709709    0.339218
IMAGINARY
          0 -0.00981821 -0.00233417  -0.0135705
 0.00981821           0 -0.00194261 -0.00900084
 0.00233417  0.00194261           0  -0.0015168
  0.0135705  0.00900084   0.0015168           0
EndNode1[0]<--->Repeater1[0]
REAL
  0.325828 -0.0045492 -0.0109934   0.215282
-0.0045492    0.17351  0.0647722 -0.0204274
-0.0109934  0.0647722   0.177483 0.00728144
  0.215282 -0.0204274 0.00728144   0.323179
IMAGINARY
          0  -0.0111035  -0.0209506 -0.00740582
  0.0111035           0  -0.0150589  -0.0109372
  0.0209506   0.0150589           0   0.0200321
 0.00740582   0.0109372  -0.0200321           0
EndNode2[0]<--->HoM1[0]
REAL
   0.33715 0.00423172 -0.0161917   0.203392
0.00423172   0.183206   0.053085  0.0200777
-0.0161917   0.053085   0.173028 0.00224496
  0.203392  0.0200777 0.00224496   0.306616
IMAGINARY
          0  -0.0113497  -0.0174236   -0.011994
  0.0113497           0   0.0195128  0.00454019
  0.0174236  -0.0195128           0  -0.0113497
   0.011994 -0.00454019   0.0113497           0
Repeater1[0]<--->EndNode1[0]
REAL
  0.325828 -0.0109934 -0.0045492   0.215282
-0.0109934   0.177483  0.0647722 0.00728144
-0.0045492  0.0647722    0.17351 -0.0204274
  0.215282 0.00728144 -0.0204274   0.323179
IMAGINARY
          0  -0.0209506  -0.0111035 -0.00740582
  0.0209506           0   0.0150589   0.0200321
  0.0111035  -0.0150589           0  -0.0109372
 0.00740582  -0.0200321   0.0109372           0
Repeater1[0]<--->HoM1[0]
REAL
   0.33715 -0.0161917 0.00423172   0.203392
-0.0161917   0.173028   0.053085 0.00224496
0.00423172   0.053085   0.183206  0.0200777
  0.203392 0.00224496  0.0200777   0.306616
IMAGINARY
          0  -0.0174236  -0.0113497   -0.011994
  0.0174236           0  -0.0195128  -0.0113497
  0.0113497   0.0195128           0  0.00454019
   0.011994   0.0113497 -0.00454019           0
EndNode1[0]<--->Repeater1[0]
REAL
   0.342975 -0.00488231  0.00633174    0.205377
-0.00488231    0.172176   0.0620649  -0.0102077
 0.00633174   0.0620649    0.169421 -0.00932958
   0.205377  -0.0102077 -0.00932958    0.315427
IMAGINARY
          0 -0.00269599  -0.0102356 -0.00688854
 0.00269599           0  -0.0280856  -0.0044141
  0.0102356   0.0280856           0  -0.0259664
 0.00688854   0.0044141   0.0259664           0
EndNode2[0]<--->HoM1[0]
REAL
    0.33967   0.0205212   -0.020592    0.190846
  0.0205212    0.179975   0.0427447   0.0173745
  -0.020592   0.0427447    0.181242 -0.00700765
   0.190846   0.0173745 -0.00700765    0.299113
IMAGINARY
          0    0.028941  0.00390727   0.0108294
  -0.028941           0 -0.00469021  -0.0152997
-0.00390727  0.00469021           0  -0.0226118
 -0.0108294   0.0152997   0.0226118           0
Repeater1[0]<--->EndNode1[0]
REAL
   0.342975  0.00633174 -0.00488231    0.205377
 0.00633174    0.169421   0.0620649 -0.00932958
-0.00488231   0.0620649    0.172176  -0.0102077
   0.205377 -0.00932958  -0.0102077    0.315427
IMAGINARY
          0  -0.0102356 -0.00269599 -0.00688854
  0.0102356           0   0.0280856  -0.0259664
 0.00269599  -0.0280856           0  -0.0044141
 0.00688854   0.0259664   0.0044141           0
Repeater1[0]<--->HoM1[0]
REAL
    0.33967   -0.020592   0.0205212    0.190846
  -0.020592    0.181242   0.0427447 -0.00700765
  0.0205212   0.0427447    0.179975   0.0173745
   0.190846 -0.00700765   0.0173745    0.299113
IMAGINARY
          0  0.00390727    0.028941   0.0108294
-0.00390727           0  0.00469021  -0.0226118
  -0.028941 -0.00469021           0  -0.0152997
 -0.0108294   0.0226118   0.0152997           0
EndNode1[0]<--->Repeater1[0]
REAL
   0.329588 -0.00633955   0.0196365    0.195506
-0.00633955    0.162297   0.0592591   0.0229303
  0.0196365   0.0592591    0.182272  0.00443358
   0.195506   0.0229303  0.00443358    0.325843
IMAGINARY
           0     0.028615  -0.00254163  -0.00928795
   -0.028615            0   0.00799929 -2.90656e-05
  0.00254163  -0.00799929            0   -0.0041934
  0.00928795  2.90656e-05    0.0041934            0
EndNode2[0]<--->HoM1[0]
REAL
    0.32053   0.0108744 -0.00338941    0.203414
  0.0108744    0.180132   0.0445756     0.03288
-0.00338941   0.0445756    0.154967   0.0025304
   0.203414     0.03288   0.0025304    0.344371
IMAGINARY
          0 -0.00966316 -0.00555273 -0.00865771
 0.00966316           0  0.00601221   0.0395453
 0.00555273 -0.00601221           0  0.00533684
 0.00865771  -0.0395453 -0.00533684           0
Repeater1[0]<--->EndNode1[0]
REAL
   0.329588   0.0196365 -0.00633955    0.195506
  0.0196365    0.182272   0.0592591  0.00443358
-0.00633955   0.0592591    0.162297   0.0229303
   0.195506  0.00443358   0.0229303    0.325843
IMAGINARY
           0  -0.00254163     0.028615  -0.00928795
  0.00254163            0  -0.00799929   -0.0041934
   -0.028615   0.00799929            0 -2.90656e-05
  0.00928795    0.0041934  2.90656e-05            0
Repeater1[0]<--->HoM1[0]
REAL
    0.32053 -0.00338941   0.0108744    0.203414
-0.00338941    0.154967   0.0445756   0.0025304
  0.0108744   0.0445756    0.180132     0.03288
   0.203414   0.0025304     0.03288    0.344371
IMAGINARY
          0 -0.00555273 -0.00966316 -0.00865771
 0.00555273           0 -0.00601221  0.00533684
 0.00966316  0.00601221           0   0.0395453
 0.00865771 -0.00533684  -0.0395453           0
EndNode1[0]<--->Repeater1[0]
REAL
   0.354582   0.0146234   0.0181186    0.207468
  0.0146234    0.158035   0.0507886 -0.00556902
  0.0181186   0.0507886    0.152722 -0.00867887
   0.207468 -0.00556902 -0.00867887    0.334661
IMAGINARY
          0 -0.00998752   0.0135434  0.00380402
 0.00998752           0  0.00694867  -0.0054285
 -0.0135434 -0.00694867           0 -0.00436954
-0.00380402   0.0054285  0.00436954           0
EndNode2[0]<--->HoM1[0]
REAL
   0.29558 0.00708262  0.0168879   0.234138
0.00708262   0.168508  0.0459394 -0.0265904
 0.0168879  0.0459394   0.161602 -0.0193724
  0.234138 -0.0265904 -0.0193724   0.374309
IMAGINARY
           0   -0.0176936  0.000149163    0.0244798
   0.0176936            0   0.00303212   -0.0131926
-0.000149163  -0.00303212            0    0.0170725
  -0.0244798    0.0131926   -0.0170725            0
Repeater1[0]<--->EndNode1[0]
REAL
   0.354582   0.0181186   0.0146234    0.207468
  0.0181186    0.152722   0.0507886 -0.00867887
  0.0146234   0.0507886    0.158035 -0.00556902
   0.207468 -0.00867887 -0.00556902    0.334661
IMAGINARY
          0   0.0135434 -0.00998752  0.00380402
 -0.0135434           0 -0.00694867 -0.00436954
 0.00998752  0.00694867           0  -0.0054285
-0.00380402  0.00436954   0.0054285           0
Repeater1[0]<--->HoM1[0]
REAL
   0.29558  0.0168879 0.00708262   0.234138
 0.0168879   0.161602  0.0459394 -0.0193724
0.00708262  0.0459394   0.168508 -0.0265904
  0.234138 -0.0193724 -0.0265904   0.374309
IMAGINARY
           0  0.000149163   -0.0176936    0.0244798
-0.000149163            0  -0.00303212    0.0170725
   0.0176936   0.00303212            0   -0.0131926
  -0.0244798   -0.0170725    0.0131926            0
EndNode1[0]<--->Repeater1[0]
REAL
  0.306579 0.00571408   0.026568   0.207138
0.00571408   0.198684  0.0671868  0.0180266
  0.026568  0.0671868   0.173684 0.00239403
  0.207138  0.0180266 0.00239403   0.321053
IMAGINARY
           0  -0.00587658  -0.00370773  0.000862987
  0.00587658            0   -0.0100205  -0.00307402
  0.00370773    0.0100205            0  -0.00460431
-0.000862987   0.00307402   0.00460431            0
EndNode2[0]<--->HoM1[0]
REAL
   0.328784   0.0068196   0.0157291    0.215538
  0.0068196    0.187345   0.0542078 -0.00702768
  0.0157291   0.0542078    0.165012   -0.011505
   0.215538 -0.00702768   -0.011505    0.318859
IMAGINARY
          0  0.00484774 -0.00954699 -0.00462428
-0.00484774           0  0.00970042 -0.00523133
 0.00954699 -0.00970042           0  -0.0159315
 0.00462428  0.00523133   0.0159315           0
Repeater1[0]<--->EndNode1[0]
REAL
  0.306579   0.026568 0.00571408   0.207138
  0.026568   0.173684  0.0671868 0.00239403
0.00571408  0.0671868   0.198684  0.0180266
  0.207138 0.00239403  0.0180266   0.321053
IMAGINARY
           0  -0.00370773  -0.00587658  0.000862987
  0.00370773            0    0.0100205  -0.00460431
  0.00587658   -0.0100205            0  -0.00307402
-0.000862987   0.00460431   0.00307402            0
Repeater1[0]<--->HoM1[0]
REAL
   0.328784   0.0157291   0.0068196    0.215538
  0.0157291    0.165012   0.0542078   -0.011505
  0.0068196   0.0542078    0.187345 -0.00702768
   0.215538   -0.011505 -0.00702768    0.318859
IMAGINARY
          0 -0.00954699  0.00484774 -0.00462428
 0.00954699           0 -0.00970042  -0.0159315
-0.00484774  0.00970042           0 -0.00523133
 0.00462428   0.0159315  0.00523133           0
EndNode1[0]<--->Repeater1[0]
REAL
  0.371391  -0.015192 -0.0144442   0.203236
 -0.015192    0.17979   0.053109 -0.0439314
-0.0144442   0.053109    0.15748 -0.0178029
  0.203236 -0.0439314 -0.0178029   0.291339
IMAGINARY
          0  0.00108761  0.00837629   0.0274841
-0.00108761           0  -0.0119561 -0.00837629
-0.00837629   0.0119561           0  -0.0049044
 -0.0274841  0.00837629   0.0049044           0
EndNode2[0]<--->HoM1[0]
REAL
   0.334651 -0.00805378   0.0110415    0.213295
-0.00805378     0.15942   0.0617999  -0.0205714
  0.0110415   0.0617999    0.168643   0.0150423
   0.213295  -0.0205714   0.0150423    0.337286
IMAGINARY
          0  0.00426732  -0.0321965 -0.00988427
-0.00426732           0 -0.00345753  -0.0139673
  0.0321965  0.00345753           0   0.0132879
 0.00988427   0.0139673  -0.0132879           0
Repeater1[0]<--->EndNode1[0]
REAL
  0.371391 -0.0144442  -0.015192   0.203236
-0.0144442    0.15748   0.053109 -0.0178029
 -0.015192   0.053109    0.17979 -0.0439314
  0.203236 -0.0178029 -0.0439314   0.291339
IMAGINARY
          0  0.00837629  0.00108761   0.0274841
-0.00837629           0   0.0119561  -0.0049044
-0.00108761  -0.0119561           0 -0.00837629
 -0.0274841   0.0049044  0.00837629           0
Repeater1[0]<--->HoM1[0]
REAL
   0.334651   0.0110415 -0.00805378    0.213295
  0.0110415    0.168643   0.0617999   0.0150423
-0.00805378   0.0617999     0.15942  -0.0205714
   0.213295   0.0150423  -0.0205714    0.337286
IMAGINARY
          0  -0.0321965  0.00426732 -0.00988427
  0.0321965           0  0.00345753   0.0132879
-0.00426732 -0.00345753           0  -0.0139673
 0.00988427  -0.0132879   0.0139673           0
EndNode1[0]<--->Repeater1[0]
REAL
  0.345333  0.0110471 0.00969811   0.228456
 0.0110471   0.177333  0.0567003 0.00722897
0.00969811  0.0567003   0.181333  0.0149945
  0.228456 0.00722897  0.0149945      0.296
IMAGINARY
           0  -0.00320525  -0.00795125   0.00556482
  0.00320525            0    0.0068211  -0.00731593
  0.00795125   -0.0068211            0  0.000660725
 -0.00556482   0.00731593 -0.000660725            0
EndNode2[0]<--->HoM1[0]
REAL
   0.374541  0.00917176 -0.00883337     0.19654
 0.00917176    0.165239   0.0391549  0.00747098
-0.00883337   0.0391549    0.165239 -0.00780937
    0.19654  0.00747098 -0.00780937    0.294982
IMAGINARY
           0   0.00560337 -0.000790433    0.0125916
 -0.00560337            0   -0.0092627   -0.0137374
 0.000790433    0.0092627            0  -0.00923534
  -0.0125916    0.0137374   0.00923534            0
Repeater1[0]<--->EndNode1[0]
REAL
  0.345333 0.00969811  0.0110471   0.228456
0.00969811   0.181333  0.0567003  0.0149945
 0.0110471  0.0567003   0.177333 0.00722897
  0.228456  0.0149945 0.00722897      0.296
IMAGINARY
           0  -0.00795125  -0.00320525   0.00556482
  0.00795125            0   -0.0068211  0.000660725
  0.00320525    0.0068211            0  -0.00731593
 -0.00556482 -0.000660725   0.00731593            0
Repeater1[0]<--->HoM1[0]
REAL
   0.374541 -0.00883337  0.00917176     0.19654
-0.00883337    0.165239   0.0391549 -0.00780937
 0.00917176   0.0391549    0.165239  0.00747098
    0.19654 -0.00780937  0.00747098    0.294982
IMAGINARY
           0 -0.000790433   0.00560337    0.0125916
 0.000790433            0    0.0092627  -0.00923534
 -0.00560337   -0.0092627            0   -0.0137374
  -0.0125916   0.00923534    0.0137374            0
EndNode1[0]<--->Repeater1[0]
REAL
   0.325407 -0.00484178   0.0241744    0.202971
-0.00484178    0.185232   0.0559122  0.00882056
  0.0241744   0.0559122    0.190238   0.0149941
   0.202971  0.00882056   0.0149941    0.299124
IMAGINARY
          0   0.0126058   0.0122296  -0.0128732
 -0.0126058           0  0.00957069  0.00637784
 -0.0122296 -0.00957069           0  -0.0120056
  0.0128732 -0.00637784   0.0120056           0
EndNode2[0]<--->HoM1[0]
REAL
  0.348837 -0.0214406 -0.0343672   0.197559
-0.0214406   0.158915  0.0729128 -0.0189826
-0.0343672  0.0729128   0.152455 -0.0157802
  0.197559 -0.0189826 -0.0157802   0.339793
IMAGINARY
          0  -0.0232045 -0.00125588   0.0175248
  0.0232045           0   0.0021496   -0.021407
 0.00125588  -0.0021496           0 -0.00370766
 -0.0175248    0.021407  0.00370766           0
Repeater1[0]<--->EndNode1[0]
REAL
   0.325407   0.0241744 -0.00484178    0.202971
  0.0241744    0.190238   0.0559122   0.0149941
-0.00484178   0.0559122    0.185232  0.00882056
   0.202971   0.0149941  0.00882056    0.299124
IMAGINARY
          0   0.0122296   0.0126058  -0.0128732
 -0.0122296           0 -0.00957069  -0.0120056
 -0.0126058  0.00957069           0  0.00637784
  0.0128732   0.0120056 -0.00637784           0
Repeater1[0]<--->HoM1[0]
REAL
  0.348837 -0.0343672 -0.0214406   0.197559
-0.0343672   0.152455  0.0729128 -0.0157802
-0.0214406  0.0729128   0.158915 -0.0189826
  0.197559 -0.0157802 -0.0189826   0.339793
IMAGINARY
          0 -0.00125588  -0.0232045   0.0175248
 0.00125588           0  -0.0021496 -0.00370766
  0.0232045   0.0021496           0   -0.021407
 -0.0175248  0.00370766    0.021407           0
EndNode1[0]<--->Repeater1[0]
REAL
   0.355995   0.0117053  0.00389461    0.203669
  0.0117053    0.189122   0.0807179 -0.00451419
 0.00389461   0.0807179    0.171817 -0.00736826
   0.203669 -0.00451419 -0.00736826    0.283066
IMAGINARY
          0  -0.0053866   0.0200261 -0.00652762
  0.0053866           0   0.0110909  0.00866244
 -0.0200261  -0.0110909           0  -0.0178374
 0.00652762 -0.00866244   0.0178374           0
EndNode2[0]<--->HoM1[0]
REAL
   0.335072  0.00647821 -0.00230104    0.202492
 0.00647821    0.172099   0.0701208  0.00858244
-0.00230104   0.0701208     0.16558 -0.00396565
   0.202492  0.00858244 -0.00396565    0.327249
IMAGINARY
          0   0.0121785  -0.0242297   0.0166732
 -0.0121785           0  0.00801812  -0.0178029
  0.0242297 -0.00801812           0  -0.0090417
 -0.0166732   0.0178029   0.0090417           0
Repeater1[0]<--->EndNode1[0]
REAL
   0.355995  0.00389461   0.0117053    0.203669
 0.00389461    0.171817   0.0807179 -0.00736826
  0.0117053   0.0807179    0.189122 -0.00451419
   0.203669 -0.00736826 -0.00451419    0.283066
IMAGINARY
          0   0.0200261  -0.0053866 -0.00652762
 -0.0200261           0  -0.0110909  -0.0178374
  0.0053866   0.0110909           0  0.00866244
 0.00652762   0.0178374 -0.00866244           0
Repeater1[0]<--->HoM1[0]
REAL
   0.335072 -0.00230104  0.00647821    0.202492
-0.00230104     0.16558   0.0701208 -0.00396565
 0.00647821   0.0701208    0.172099  0.00858244
   0.202492 -0.00396565  0.00858244    0.327249
IMAGINARY
          0  -0.0242297   0.0121785   0.0166732
  0.0242297           0 -0.00801812  -0.0090417
 -0.0121785  0.00801812           0  -0.0178029
 -0.0166732   0.0090417   0.0178029           0
EndNode1[0]<--->Repeater1[0]
REAL
   0.315175   0.0100547  -0.0120026    0.201351
  0.0100547    0.194553    0.075858 -0.00400256
 -0.0120026    0.075858    0.175097  -0.0106949
   0.201351 -0.00400256  -0.0106949    0.315175
IMAGINARY
          0   0.0042707  0.00601017  -0.0152659
 -0.0042707           0   0.0286154   0.0182999
-0.00601017  -0.0286154           0   0.0042707
  0.0152659  -0.0182999  -0.0042707           0
EndNode2[0]<--->HoM1[0]
REAL
  0.339674 -0.0165036 0.00242974   0.218374
-0.0165036   0.164402  0.0589799 -0.0126079
0.00242974  0.0589799   0.182065 -0.0305701
  0.218374 -0.0126079 -0.0305701   0.313859
IMAGINARY
           0    0.0131199 -0.000544906    0.0252588
  -0.0131199            0  -0.00151579   -0.0024854
 0.000544906   0.00151579            0  -0.00160478
  -0.0252588    0.0024854   0.00160478            0
Repeater1[0]<--->EndNode1[0]
REAL
   0.315175  -0.0120026   0.0100547    0.201351
 -0.0120026    0.175097    0.075858  -0.0106949
  0.0100547    0.075858    0.194553 -0.00400256
   0.201351  -0.0106949 -0.00400256    0.315175
IMAGINARY
          0  0.00601017   0.0042707  -0.0152659
-0.00601017           0  -0.0286154   0.0042707
 -0.0042707   0.0286154           0   0.0182999
  0.0152659  -0.0042707  -0.0182999           0
Repeater1[0]<--->HoM1[0]
REAL
  0.339674 0.00242974 -0.0165036   0.218374
0.00242974   0.182065  0.0589799 -0.0305701
-0.0165036  0.0589799   0.164402 -0.0126079
  0.218374 -0.0305701 -0.0126079   0.313859
IMAGINARY
           0 -0.000544906    0.0131199    0.0252588
 0.000544906            0   0.00151579  -0.00160478
  -0.0131199  -0.00151579            0   -0.0024854
  -0.0252588   0.00160478    0.0024854            0
EndNode1[0]<--->Repeater1[0]
REAL
   0.337423  -0.0107741  -0.0106719    0.208679
 -0.0107741    0.174233   0.0544095 -0.00241714
 -0.0106719   0.0544095     0.18773  0.00161181
   0.208679 -0.00241714  0.00161181    0.300613
IMAGINARY
          0    -0.00468  0.00267232  -0.0199184
    0.00468           0  -0.0192344  0.00834697
-0.00267232   0.0192344           0  -0.0104715
  0.0199184 -0.00834697   0.0104715           0
EndNode2[0]<--->HoM1[0]
REAL
   0.352258  0.00905528   0.0125812    0.221181
 0.00905528    0.175484    0.058502   0.0217196
  0.0125812    0.058502    0.149677 0.000179544
   0.221181   0.0217196 0.000179544    0.322581
IMAGINARY
          0  -0.0043168   0.0014434  -0.0121673
  0.0043168           0 -0.00215397 -0.00742426
 -0.0014434  0.00215397           0     0.01269
  0.0121673  0.00742426    -0.01269           0
Repeater1[0]<--->EndNode1[0]
REAL
   0.337423  -0.0106719  -0.0107741    0.208679
 -0.0106719     0.18773   0.0544095  0.00161181
 -0.0107741   0.0544095    0.174233 -0.00241714
   0.208679  0.00161181 -0.00241714    0.300613
IMAGINARY
          0  0.00267232    -0.00468  -0.0199184
-0.00267232           0   0.0192344  -0.0104715
    0.00468  -0.0192344           0  0.00834697
  0.0199184   0.0104715 -0.00834697           0
Repeater1[0]<--->HoM1[0]
REAL
   0.352258   0.0125812  0.00905528    0.221181
  0.0125812    0.149677    0.058502 0.000179544
 0.00905528    0.058502    0.175484   0.0217196
   0.221181 0.000179544   0.0217196    0.322581
IMAGINARY
          0   0.0014434  -0.0043168  -0.0121673
 -0.0014434           0  0.00215397     0.01269
  0.0043168 -0.00215397           0 -0.00742426
  0.0121673    -0.01269  0.00742426           0
EndNode1[0]<--->Repeater1[0]
REAL
   0.338812 -0.00700324  0.00297993    0.194205
-0.00700324    0.168142   0.0672624  -0.0128095
 0.00297993   0.0672624    0.171934  0.00503732
   0.194205  -0.0128095  0.00503732    0.321113
IMAGINARY
          0   0.0326716 -0.00710937  0.00700475
 -0.0326716           0 -0.00637104 -0.00325333
 0.00710937  0.00637104           0   -0.022309
-0.00700475  0.00325333    0.022309           0
EndNode2[0]<--->HoM1[0]
REAL
   0.329815   0.0302824  0.00886497    0.227006
  0.0302824    0.195251   0.0452452 -0.00101157
 0.00886497   0.0452452    0.168865   0.0168381
   0.227006 -0.00101157   0.0168381    0.306069
IMAGINARY
          0 -0.00231447 -0.00944375 -0.00257815
 0.00231447           0  0.00932661 -0.00879524
 0.00944375 -0.00932661           0  0.00168553
 0.00257815  0.00879524 -0.00168553           0
Repeater1[0]<--->EndNode1[0]
REAL
   0.338812  0.00297993 -0.00700324    0.194205
 0.00297993    0.171934   0.0672624  0.00503732
-0.00700324   0.0672624    0.168142  -0.0128095
   0.194205  0.00503732  -0.0128095    0.321113
IMAGINARY
          0 -0.00710937   0.0326716  0.00700475
 0.00710937           0  0.00637104   -0.022309
 -0.0326716 -0.00637104           0 -0.00325333
-0.00700475    0.022309  0.00325333           0
Repeater1[0]<--->HoM1[0]
REAL
   0.329815  0.00886497   0.0302824    0.227006
 0.00886497    0.168865   0.0452452   0.0168381
  0.0302824   0.0452452    0.195251 -0.00101157
   0.227006   0.0168381 -0.00101157    0.306069
IMAGINARY
          0 -0.00944375 -0.00231447 -0.00257815
 0.00944375           0 -0.00932661  0.00168553
 0.00231447  0.00932661           0 -0.00879524
 0.00257815 -0.00168553  0.00879524           0
EndNode1[0]<--->Repeater1[0]
REAL
   0.341837  0.00515915  -0.0169321    0.225518
 0.00515915    0.181122   0.0655651 -0.00536087
 -0.0169321   0.0655651    0.160714 -0.00197444
   0.225518 -0.00536087 -0.00197444    0.316327
IMAGINARY
           0 -0.000489388   0.00814826  -0.00515996
 0.000489388            0   -0.0112658  -0.00696343
 -0.00814826    0.0112658            0    -0.011359
  0.00515996   0.00696343     0.011359            0
EndNode2[0]<--->HoM1[0]
REAL
    0.313924  -0.00195776  -0.00193249     0.205762
 -0.00195776     0.179747    0.0448709 -0.000599156
 -0.00193249    0.0448709     0.181013   0.00322358
    0.205762 -0.000599156   0.00322358     0.325316
IMAGINARY
          0  0.00374341 -0.00508801  0.00310329
-0.00374341           0   0.0117354  0.00880088
 0.00508801  -0.0117354           0  0.00244471
-0.00310329 -0.00880088 -0.00244471           0
Repeater1[0]<--->EndNode1[0]
REAL
   0.341837  -0.0169321  0.00515915    0.225518
 -0.0169321    0.160714   0.0655651 -0.00197444
 0.00515915   0.0655651    0.181122 -0.00536087
   0.225518 -0.00197444 -0.00536087    0.316327
IMAGINARY
           0   0.00814826 -0.000489388  -0.00515996
 -0.00814826            0    0.0112658    -0.011359
 0.000489388   -0.0112658            0  -0.00696343
  0.00515996     0.011359   0.00696343            0
Repeater1[0]<--->HoM1[0]
REAL
    0.313924  -0.00193249  -0.00195776     0.205762
 -0.00193249     0.181013    0.0448709   0.00322358
 -0.00195776    0.0448709     0.179747 -0.000599156
    0.205762   0.00322358 -0.000599156     0.325316
IMAGINARY
          0 -0.00508801  0.00374341  0.00310329
 0.00508801           0  -0.0117354  0.00244471
-0.00374341   0.0117354           0  0.00880088
-0.00310329 -0.00244471 -0.00880088           0
EndNode1[0]<--->Repeater1[0]
REAL
   0.354881  0.00352765 -0.00749183    0.226129
 0.00352765    0.188654   0.0678687  0.00817396
-0.00749183   0.0678687    0.147757  0.00670427
   0.226129  0.00817396  0.00670427    0.308707
IMAGINARY
          0   0.0262903  -0.0144175  -0.0226247
 -0.0262903           0  0.00227948 -0.00260647
  0.0144175 -0.00227948           0  0.00460504
  0.0226247  0.00260647 -0.00460504           0
EndNode2[0]<--->HoM1[0]
REAL
  0.322667 0.00734333 0.00299188   0.202271
0.00734333      0.168  0.0452033 -0.0042545
0.00299188  0.0452033   0.173333  0.0115961
  0.202271 -0.0042545  0.0115961      0.336
IMAGINARY
          0  0.00698848  -0.0152473  -0.0097435
-0.00698848           0  -0.0338722 -0.00176844
  0.0152473   0.0338722           0 -0.00306177
  0.0097435  0.00176844  0.00306177           0
Repeater1[0]<--->EndNode1[0]
REAL
   0.354881 -0.00749183  0.00352765    0.226129
-0.00749183    0.147757   0.0678687  0.00670427
 0.00352765   0.0678687    0.188654  0.00817396
   0.226129  0.00670427  0.00817396    0.308707
IMAGINARY
          0  -0.0144175   0.0262903  -0.0226247
  0.0144175           0 -0.00227948  0.00460504
 -0.0262903  0.00227948           0 -0.00260647
  0.0226247 -0.00460504  0.00260647           0
Repeater1[0]<--->HoM1[0]
REAL
  0.322667 0.00299188 0.00734333   0.202271
0.00299188   0.173333  0.0452033  0.0115961
0.00734333  0.0452033      0.168 -0.0042545
  0.202271  0.0115961 -0.0042545      0.336
IMAGINARY
          0  -0.0152473  0.00698848  -0.0097435
  0.0152473           0   0.0338722 -0.00306177
-0.00698848  -0.0338722           0 -0.00176844
  0.0097435  0.00306177  0.00176844           0
EndNode1[0]<--->Repeater1[0]
REAL
   0.343909  -0.0182379 -0.00885811    0.209707
 -0.0182379    0.164975   0.0750406 -0.00405702
-0.00885811   0.0750406    0.176396  -0.0254275
   0.209707 -0.00405702  -0.0254275    0.314721
IMAGINARY
          0 -0.00487515 -0.00613299 -0.00931063
 0.00487515           0 -0.00547431  -0.0152003
 0.00613299  0.00547431           0 -0.00312485
 0.00931063   0.0152003  0.00312485           0
EndNode2[0]<--->HoM1[0]
REAL
    0.308376    0.0159258    0.0122813     0.220694
   0.0159258     0.175127    0.0573644 -0.000301479
   0.0122813    0.0573644     0.194162   -0.0140343
    0.220694 -0.000301479   -0.0140343     0.322335
IMAGINARY
          0  0.00592187  -0.0116332    0.014746
-0.00592187           0   0.0128449   0.0235231
  0.0116332  -0.0128449           0  0.00346487
  -0.014746  -0.0235231 -0.00346487           0
Repeater1[0]<--->EndNode1[0]
REAL
   0.343909 -0.00885811  -0.0182379    0.209707
-0.00885811    0.176396   0.0750406  -0.0254275
 -0.0182379   0.0750406    0.164975 -0.00405702
   0.209707  -0.0254275 -0.00405702    0.314721
IMAGINARY
          0 -0.00613299 -0.00487515 -0.00931063
 0.00613299           0  0.00547431 -0.00312485
 0.00487515 -0.00547431           0  -0.0152003
 0.00931063  0.00312485   0.0152003           0
Repeater1[0]<--->HoM1[0]
REAL
    0.308376    0.0122813    0.0159258     0.220694
   0.0122813     0.194162    0.0573644   -0.0140343
   0.0159258    0.0573644     0.175127 -0.000301479
    0.220694   -0.0140343 -0.000301479     0.322335
IMAGINARY
          0  -0.0116332  0.00592187    0.014746
  0.0116332           0  -0.0128449  0.00346487
-0.00592187   0.0128449           0   0.0235231
  -0.014746 -0.00346487  -0.0235231           0
EndNode1[0]<--->Repeater1[0]
REAL
   0.356757  0.00977398 0.000640192    0.203933
 0.00977398    0.174324   0.0636273  0.00127552
0.000640192   0.0636273    0.160811 -0.00785827
   0.203933  0.00127552 -0.00785827    0.308108
IMAGINARY
          0   0.0158552 -0.00990646  0.00442598
 -0.0158552           0 -0.00918788   0.0315901
 0.00990646  0.00918788           0  -0.0069266
-0.00442598  -0.0315901   0.0069266           0
EndNode2[0]<--->HoM1[0]
REAL
   0.346497 -0.00706204  0.00702123    0.210874
-0.00706204    0.161783   0.0437675  0.00889389
 0.00702123   0.0437675    0.169427   0.0269559
   0.210874  0.00889389   0.0269559    0.322293
IMAGINARY
          0 -0.00429326 -0.00854155   0.0186066
 0.00429326           0  -0.0324406    -0.00665
 0.00854155   0.0324406           0 -0.00429326
 -0.0186066     0.00665  0.00429326           0
