EndNode1[0]<--->Repeater1[0]
REAL
    0.35249  -0.0168747 -0.00472023    0.276905
 -0.0168747    0.145594   0.0541945  -0.0234299
-0.00472023   0.0541945     0.12516 -0.00859446
   0.276905  -0.0234299 -0.00859446    0.376756
IMAGINARY
          0  -0.0179794    0.032013  0.00987804
  0.0179794           0 -0.00444326   0.0137838
  -0.032013  0.00444326           0   0.0160974
-0.00987804  -0.0137838  -0.0160974           0
EndNode2[0]<--->HoM1[0]
REAL
    0.40751 -0.00799644 -0.00623648    0.279021
-0.00799644    0.155772   0.0673329 -0.00157602
-0.00623648   0.0673329    0.130737 -0.00242023
   0.279021 -0.00157602 -0.00242023    0.305981
IMAGINARY
          0   0.0113347 -0.00460398   0.0185463
 -0.0113347           0 -0.00723982  -0.0161752
 0.00460398  0.00723982           0 -0.00354245
 -0.0185463   0.0161752  0.00354245           0
Repeater1[0]<--->EndNode1[0]
REAL
    0.35249 -0.00472023  -0.0168747    0.276905
-0.00472023     0.12516   0.0541945 -0.00859446
 -0.0168747   0.0541945    0.145594  -0.0234299
   0.276905 -0.00859446  -0.0234299    0.376756
IMAGINARY
          0    0.032013  -0.0179794  0.00987804
  -0.032013           0  0.00444326   0.0160974
  0.0179794 -0.00444326           0   0.0137838
-0.00987804  -0.0160974  -0.0137838           0
Repeater1[0]<--->HoM1[0]
REAL
    0.40751 -0.00623648 -0.00799644    0.279021
-0.00623648    0.130737   0.0673329 -0.00242023
-0.00799644   0.0673329    0.155772 -0.00157602
   0.279021 -0.00242023 -0.00157602    0.305981
IMAGINARY
          0 -0.00460398   0.0113347   0.0185463
 0.00460398           0  0.00723982 -0.00354245
 -0.0113347 -0.00723982           0  -0.0161752
 -0.0185463  0.00354245   0.0161752           0
EndNode1[0]<--->Repeater1[0]
REAL
   0.377953  -0.0228651  -0.0198226    0.272335
 -0.0228651    0.161417   0.0593361 -0.00012754
 -0.0198226   0.0593361    0.132546  0.00416189
   0.272335 -0.00012754  0.00416189    0.328084
IMAGINARY
           0  -0.00581648 -0.000125125   -0.0198946
  0.00581648            0   0.00737813   -0.0146754
 0.000125125  -0.00737813            0   0.00388598
   0.0198946    0.0146754  -0.00388598            0
EndNode2[0]<--->HoM1[0]
REAL
   0.373206   0.0183873  -0.0133931    0.259218
  0.0183873    0.131579   0.0726512   0.0190393
 -0.0133931   0.0726512    0.131579 -0.00772233
   0.259218   0.0190393 -0.00772233    0.363636
IMAGINARY
          0  0.00617413  0.00101517 -0.00295993
-0.00617413           0 -0.00102943    0.015154
-0.00101517  0.00102943           0  0.00750746
 0.00295993   -0.015154 -0.00750746           0
Repeater1[0]<--->EndNode1[0]
REAL
   0.377953  -0.0198226  -0.0228651    0.272335
 -0.0198226    0.132546   0.0593361  0.00416189
 -0.0228651   0.0593361    0.161417 -0.00012754
   0.272335  0.00416189 -0.00012754    0.328084
IMAGINARY
           0 -0.000125125  -0.00581648   -0.0198946
 0.000125125            0  -0.00737813   0.00388598
  0.00581648   0.00737813            0   -0.0146754
   0.0198946  -0.00388598    0.0146754            0
Repeater1[0]<--->HoM1[0]
REAL
   0.373206  -0.0133931   0.0183873    0.259218
 -0.0133931    0.131579   0.0726512 -0.00772233
  0.0183873   0.0726512    0.131579   0.0190393
   0.259218 -0.00772233   0.0190393    0.363636
IMAGINARY
          0  0.00101517  0.00617413 -0.00295993
-0.00101517           0  0.00102943  0.00750746
-0.00617413 -0.00102943           0    0.015154
 0.00295993 -0.00750746   -0.015154           0
EndNode1[0]<--->Repeater1[0]
REAL
   0.383615   0.0288876    0.014373    0.282222
  0.0288876    0.123537   0.0796199  0.00799544
   0.014373   0.0796199    0.144343 -0.00520335
   0.282222  0.00799544 -0.00520335    0.348505
IMAGINARY
           0  -0.00504036   0.00171748    0.0116335
  0.00504036            0   -0.0313703  -0.00605454
 -0.00171748    0.0313703            0 -0.000535852
  -0.0116335   0.00605454  0.000535852            0
EndNode2[0]<--->HoM1[0]
REAL
   0.368421 -0.00471776  0.00219076    0.262213
-0.00471776    0.126566   0.0425364  -0.0140641
 0.00219076   0.0425364    0.131579  -0.0309023
   0.262213  -0.0140641  -0.0309023    0.373434
IMAGINARY
           0   -0.0263229  0.000628141    0.0396689
   0.0263229            0    0.0150575 -0.000628141
-0.000628141   -0.0150575            0 -0.000631239
  -0.0396689  0.000628141  0.000631239            0
Repeater1[0]<--->EndNode1[0]
REAL
   0.383615    0.014373   0.0288876    0.282222
   0.014373    0.144343   0.0796199 -0.00520335
  0.0288876   0.0796199    0.123537  0.00799544
   0.282222 -0.00520335  0.00799544    0.348505
IMAGINARY
           0   0.00171748  -0.00504036    0.0116335
 -0.00171748            0    0.0313703 -0.000535852
  0.00504036   -0.0313703            0  -0.00605454
  -0.0116335  0.000535852   0.00605454            0
Repeater1[0]<--->HoM1[0]
REAL
   0.368421  0.00219076 -0.00471776    0.262213
 0.00219076    0.131579   0.0425364  -0.0309023
-0.00471776   0.0425364    0.126566  -0.0140641
   0.262213  -0.0309023  -0.0140641    0.373434
IMAGINARY
           0  0.000628141   -0.0263229    0.0396689
-0.000628141            0   -0.0150575 -0.000631239
   0.0263229    0.0150575            0 -0.000628141
  -0.0396689  0.000631239  0.000628141            0
EndNode1[0]<--->Repeater1[0]
REAL
      0.368  0.00909689 -0.00141314    0.261859
 0.00909689    0.165333   0.0729129  -0.0250973
-0.00141314   0.0729129    0.130667  -0.0356074
   0.261859  -0.0250973  -0.0356074       0.336
IMAGINARY
          0 -0.00729922  0.00265225   0.0263644
 0.00729922           0  0.00798673   0.0153426
-0.00265225 -0.00798673           0 -0.00298356
 -0.0263644  -0.0153426  0.00298356           0
EndNode2[0]<--->HoM1[0]
REAL
    0.34811  0.00130689   0.0138337     0.28694
 0.00130689    0.168188   0.0672532 -0.00544655
  0.0138337   0.0672532    0.127771   0.0135318
    0.28694 -0.00544655   0.0135318    0.355932
IMAGINARY
          0   0.0115087   0.0164258 -0.00504264
 -0.0115087           0  -0.0335195   0.0246433
 -0.0164258   0.0335195           0  -0.0382362
 0.00504264  -0.0246433   0.0382362           0
Repeater1[0]<--->EndNode1[0]
REAL
      0.368 -0.00141314  0.00909689    0.261859
-0.00141314    0.130667   0.0729129  -0.0356074
 0.00909689   0.0729129    0.165333  -0.0250973
   0.261859  -0.0356074  -0.0250973       0.336
IMAGINARY
          0  0.00265225 -0.00729922   0.0263644
-0.00265225           0 -0.00798673 -0.00298356
 0.00729922  0.00798673           0   0.0153426
 -0.0263644  0.00298356  -0.0153426           0
Repeater1[0]<--->HoM1[0]
REAL
    0.34811   0.0138337  0.00130689     0.28694
  0.0138337    0.127771   0.0672532   0.0135318
 0.00130689   0.0672532    0.168188 -0.00544655
    0.28694   0.0135318 -0.00544655    0.355932
IMAGINARY
          0   0.0164258   0.0115087 -0.00504264
 -0.0164258           0   0.0335195  -0.0382362
 -0.0115087  -0.0335195           0   0.0246433
 0.00504264   0.0382362  -0.0246433           0
EndNode1[0]<--->Repeater1[0]
REAL
  0.364771 0.00905298 0.00528437   0.270674
0.00905298   0.120666  0.0371687 0.00713393
0.00528437  0.0371687   0.135922 0.00467251
  0.270674 0.00713393 0.00467251   0.378641
IMAGINARY
          0  -0.0144533  -0.0209319 -0.00250186
  0.0144533           0   0.0057784   0.0241661
  0.0209319  -0.0057784           0   0.0112191
 0.00250186  -0.0241661  -0.0112191           0
EndNode2[0]<--->HoM1[0]
REAL
   0.384717 -0.00114058    0.011839    0.285964
-0.00114058    0.134387   0.0768058 -0.00739175
   0.011839   0.0768058    0.119895   0.0106704
   0.285964 -0.00739175   0.0106704    0.361001
IMAGINARY
           0   -0.0212688    0.0174404 -0.000313676
   0.0212688            0 -0.000313676   0.00978733
  -0.0174404  0.000313676            0  0.000229158
 0.000313676  -0.00978733 -0.000229158            0
Repeater1[0]<--->EndNode1[0]
REAL
  0.364771 0.00528437 0.00905298   0.270674
0.00528437   0.135922  0.0371687 0.00467251
0.00905298  0.0371687   0.120666 0.00713393
  0.270674 0.00467251 0.00713393   0.378641
IMAGINARY
          0  -0.0209319  -0.0144533 -0.00250186
  0.0209319           0  -0.0057784   0.0112191
  0.0144533   0.0057784           0   0.0241661
 0.00250186  -0.0112191  -0.0241661           0
Repeater1[0]<--->HoM1[0]
REAL
   0.384717    0.011839 -0.00114058    0.285964
   0.011839    0.119895   0.0768058   0.0106704
-0.00114058   0.0768058    0.134387 -0.00739175
   0.285964   0.0106704 -0.00739175    0.361001
IMAGINARY
           0    0.0174404   -0.0212688 -0.000313676
  -0.0174404            0  0.000313676  0.000229158
   0.0212688 -0.000313676            0   0.00978733
 0.000313676 -0.000229158  -0.00978733            0
EndNode1[0]<--->Repeater1[0]
REAL
  0.360837  0.0115784 -0.0117999   0.268175
 0.0115784   0.128079  0.0588729  0.0384579
-0.0117999  0.0588729   0.155172  0.0189808
  0.268175  0.0384579  0.0189808   0.355911
IMAGINARY
          0  0.00742019 -0.00161819  0.00751274
-0.00742019           0 -0.00368621  -0.0164697
 0.00161819  0.00368621           0  -0.0061282
-0.00751274   0.0164697   0.0061282           0
EndNode2[0]<--->HoM1[0]
REAL
    0.358682   0.00128867      0.01269     0.287184
  0.00128867     0.139417    0.0459339   0.00477443
     0.01269    0.0459339     0.110266 -0.000641836
    0.287184   0.00477443 -0.000641836     0.391635
IMAGINARY
          0  0.00626603   0.0049785  -0.0139098
-0.00626603           0  -0.0118634   0.0025215
 -0.0049785   0.0118634           0  0.00498397
  0.0139098  -0.0025215 -0.00498397           0
Repeater1[0]<--->EndNode1[0]
REAL
  0.360837 -0.0117999  0.0115784   0.268175
-0.0117999   0.155172  0.0588729  0.0189808
 0.0115784  0.0588729   0.128079  0.0384579
  0.268175  0.0189808  0.0384579   0.355911
IMAGINARY
          0 -0.00161819  0.00742019  0.00751274
 0.00161819           0  0.00368621  -0.0061282
-0.00742019 -0.00368621           0  -0.0164697
-0.00751274   0.0061282   0.0164697           0
Repeater1[0]<--->HoM1[0]
REAL
    0.358682      0.01269   0.00128867     0.287184
     0.01269     0.110266    0.0459339 -0.000641836
  0.00128867    0.0459339     0.139417   0.00477443
    0.287184 -0.000641836   0.00477443     0.391635
IMAGINARY
          0   0.0049785  0.00626603  -0.0139098
 -0.0049785           0   0.0118634  0.00498397
-0.00626603  -0.0118634           0   0.0025215
  0.0139098 -0.00498397  -0.0025215           0
EndNode1[0]<--->Repeater1[0]
REAL
   0.346753  0.00696648   0.0103698    0.274328
 0.00696648    0.137662   0.0518154  -0.0031803
  0.0103698   0.0518154    0.167532 -0.00369851
   0.274328  -0.0031803 -0.00369851    0.348052
IMAGINARY
           0  -0.00185107  2.15389e-05    0.0247825
  0.00185107            0     0.025413   0.00128736
-2.15389e-05    -0.025413            0   -0.0177824
  -0.0247825  -0.00128736    0.0177824            0
EndNode2[0]<--->HoM1[0]
REAL
   0.382843  -0.0030286 -0.00370129    0.289115
 -0.0030286    0.133163   0.0637532  -0.0100144
-0.00370129   0.0637532    0.121639  -0.0131809
   0.289115  -0.0100144  -0.0131809    0.362356
IMAGINARY
          0 -0.00755585  -0.0119573  0.00673415
 0.00755585           0  -0.0132108  0.00472997
  0.0119573   0.0132108           0 -0.00755585
-0.00673415 -0.00472997  0.00755585           0
Repeater1[0]<--->EndNode1[0]
REAL
   0.346753   0.0103698  0.00696648    0.274328
  0.0103698    0.167532   0.0518154 -0.00369851
 0.00696648   0.0518154    0.137662  -0.0031803
   0.274328 -0.00369851  -0.0031803    0.348052
IMAGINARY
           0  2.15389e-05  -0.00185107    0.0247825
-2.15389e-05            0    -0.025413   -0.0177824
  0.00185107     0.025413            0   0.00128736
  -0.0247825    0.0177824  -0.00128736            0
Repeater1[0]<--->HoM1[0]
REAL
   0.382843 -0.00370129  -0.0030286    0.289115
-0.00370129    0.121639   0.0637532  -0.0131809
 -0.0030286   0.0637532    0.133163  -0.0100144
   0.289115  -0.0131809  -0.0100144    0.362356
IMAGINARY
          0  -0.0119573 -0.00755585  0.00673415
  0.0119573           0   0.0132108 -0.00755585
 0.00755585  -0.0132108           0  0.00472997
-0.00673415  0.00755585 -0.00472997           0
EndNode1[0]<--->Repeater1[0]
REAL
   0.37766 -0.0130096 -0.0041999   0.269313
-0.0130096   0.117021  0.0568289 -0.0161047
-0.0041999  0.0568289   0.163564 -0.0136401
  0.269313 -0.0161047 -0.0136401   0.341755
IMAGINARY
          0 -0.00410221  0.00864274  -0.0124761
 0.00410221           0 -0.00910224  -0.0269277
-0.00864274  0.00910224           0  -0.0129217
  0.0124761   0.0269277   0.0129217           0
EndNode2[0]<--->HoM1[0]
REAL
   0.346304 -0.00659815  0.00126706    0.271786
-0.00659815    0.143969   0.0476031  -0.0098992
 0.00126706   0.0476031    0.136187  0.00859018
   0.271786  -0.0098992  0.00859018    0.373541
IMAGINARY
          0  -0.0101341  0.00791075  0.00813505
  0.0101341           0   0.0126983   0.0136579
-0.00791075  -0.0126983           0 -0.00489854
-0.00813505  -0.0136579  0.00489854           0
Repeater1[0]<--->EndNode1[0]
REAL
   0.37766 -0.0041999 -0.0130096   0.269313
-0.0041999   0.163564  0.0568289 -0.0136401
-0.0130096  0.0568289   0.117021 -0.0161047
  0.269313 -0.0136401 -0.0161047   0.341755
IMAGINARY
          0  0.00864274 -0.00410221  -0.0124761
-0.00864274           0  0.00910224  -0.0129217
 0.00410221 -0.00910224           0  -0.0269277
  0.0124761   0.0129217   0.0269277           0
Repeater1[0]<--->HoM1[0]
REAL
   0.346304  0.00126706 -0.00659815    0.271786
 0.00126706    0.136187   0.0476031  0.00859018
-0.00659815   0.0476031    0.143969  -0.0098992
   0.271786  0.00859018  -0.0098992    0.373541
IMAGINARY
          0  0.00791075  -0.0101341  0.00813505
-0.00791075           0  -0.0126983 -0.00489854
  0.0101341   0.0126983           0   0.0136579
-0.00813505  0.00489854  -0.0136579           0
EndNode1[0]<--->Repeater1[0]
REAL
   0.346547 -0.00386029 -0.00782516    0.291501
-0.00386029     0.14578   0.0402751  0.00582249
-0.00782516   0.0402751    0.131714  0.00185762
   0.291501  0.00582249  0.00185762    0.375959
IMAGINARY
          0 -0.00418275  -0.0174608  -0.0242276
 0.00418275           0  -0.0094651 -0.00827447
  0.0174608   0.0094651           0  0.00418275
  0.0242276  0.00827447 -0.00418275           0
EndNode2[0]<--->HoM1[0]
REAL
    0.340938    0.0140031   0.00161165     0.281338
   0.0140031     0.131812     0.058462    0.0440705
  0.00161165     0.058462     0.143219 -0.000861719
    0.281338    0.0440705 -0.000861719      0.38403
IMAGINARY
          0  0.00461833 -0.00474199   0.0092416
-0.00461833           0 -0.00410021  -0.0102907
 0.00474199  0.00410021           0   0.0234862
 -0.0092416   0.0102907  -0.0234862           0
Repeater1[0]<--->EndNode1[0]
REAL
   0.346547 -0.00782516 -0.00386029    0.291501
-0.00782516    0.131714   0.0402751  0.00185762
-0.00386029   0.0402751     0.14578  0.00582249
   0.291501  0.00185762  0.00582249    0.375959
IMAGINARY
          0  -0.0174608 -0.00418275  -0.0242276
  0.0174608           0   0.0094651  0.00418275
 0.00418275  -0.0094651           0 -0.00827447
  0.0242276 -0.00418275  0.00827447           0
Repeater1[0]<--->HoM1[0]
REAL
    0.340938   0.00161165    0.0140031     0.281338
  0.00161165     0.143219     0.058462 -0.000861719
   0.0140031     0.058462     0.131812    0.0440705
    0.281338 -0.000861719    0.0440705      0.38403
IMAGINARY
          0 -0.00474199  0.00461833   0.0092416
 0.00474199           0  0.00410021   0.0234862
-0.00461833 -0.00410021           0  -0.0102907
 -0.0092416  -0.0234862   0.0102907           0
EndNode1[0]<--->Repeater1[0]
REAL
   0.361355 -0.00124158  -0.0205923    0.287935
-0.00124158    0.125471   0.0679873   0.0126558
 -0.0205923   0.0679873    0.143036 0.000631079
   0.287935   0.0126558 0.000631079    0.370138
IMAGINARY
          0   0.0162582 -0.00422909 -0.00170898
 -0.0162582           0 -0.00909153  0.00224759
 0.00422909  0.00909153           0  0.00950141
 0.00170898 -0.00224759 -0.00950141           0
EndNode2[0]<--->HoM1[0]
REAL
   0.335878  -0.0221971 -0.00997235    0.284598
 -0.0221971    0.153944   0.0408796  -0.0072251
-0.00997235   0.0408796    0.137405 -0.00646527
   0.284598  -0.0072251 -0.00646527    0.372774
IMAGINARY
          0  0.00562941  -0.0177515   -0.020671
-0.00562941           0  -0.0140684  -0.0224495
  0.0177515   0.0140684           0   0.0119585
   0.020671   0.0224495  -0.0119585           0
Repeater1[0]<--->EndNode1[0]
REAL
   0.361355  -0.0205923 -0.00124158    0.287935
 -0.0205923    0.143036   0.0679873 0.000631079
-0.00124158   0.0679873    0.125471   0.0126558
   0.287935 0.000631079   0.0126558    0.370138
IMAGINARY
          0 -0.00422909   0.0162582 -0.00170898
 0.00422909           0  0.00909153  0.00950141
 -0.0162582 -0.00909153           0  0.00224759
 0.00170898 -0.00950141 -0.00224759           0
Repeater1[0]<--->HoM1[0]
REAL
   0.335878 -0.00997235  -0.0221971    0.284598
-0.00997235    0.137405   0.0408796 -0.00646527
 -0.0221971   0.0408796    0.153944  -0.0072251
   0.284598 -0.00646527  -0.0072251    0.372774
IMAGINARY
          0  -0.0177515  0.00562941   -0.020671
  0.0177515           0   0.0140684   0.0119585
-0.00562941  -0.0140684           0  -0.0224495
   0.020671  -0.0119585   0.0224495           0
EndNode1[0]<--->Repeater1[0]
REAL
  0.350336  0.0117547 0.00141552   0.278913
 0.0117547   0.155705  0.0600804 0.00550272
0.00141552  0.0600804   0.139597 0.00271074
  0.278913 0.00550272 0.00271074   0.354362
IMAGINARY
          0   0.0128914   0.0135107  -0.0216135
 -0.0128914           0  0.00524071  0.00373071
 -0.0135107 -0.00524071           0  0.00169741
  0.0216135 -0.00373071 -0.00169741           0
EndNode2[0]<--->HoM1[0]
REAL
    0.37659 -0.00849313  0.00300475     0.27091
-0.00849313    0.143766   0.0698793  0.00620578
 0.00300475   0.0698793    0.111959 -0.00203318
    0.27091  0.00620578 -0.00203318    0.367684
IMAGINARY
          0 -0.00257732  0.00967679 -0.00354839
 0.00257732           0 -0.00354839  0.00836445
-0.00967679  0.00354839           0 -0.00257732
 0.00354839 -0.00836445  0.00257732           0
Repeater1[0]<--->EndNode1[0]
REAL
  0.350336 0.00141552  0.0117547   0.278913
0.00141552   0.139597  0.0600804 0.00271074
 0.0117547  0.0600804   0.155705 0.00550272
  0.278913 0.00271074 0.00550272   0.354362
IMAGINARY
          0   0.0135107   0.0128914  -0.0216135
 -0.0135107           0 -0.00524071  0.00169741
 -0.0128914  0.00524071           0  0.00373071
  0.0216135 -0.00169741 -0.00373071           0
Repeater1[0]<--->HoM1[0]
REAL
    0.37659  0.00300475 -0.00849313     0.27091
 0.00300475    0.111959   0.0698793 -0.00203318
-0.00849313   0.0698793    0.143766  0.00620578
    0.27091 -0.00203318  0.00620578    0.367684
IMAGINARY
          0  0.00967679 -0.00257732 -0.00354839
-0.00967679           0  0.00354839 -0.00257732
 0.00257732 -0.00354839           0  0.00836445
 0.00354839  0.00257732 -0.00836445           0
EndNode1[0]<--->Repeater1[0]
REAL
   0.374036   0.0230547 -0.00647298     0.26295
  0.0230547    0.137532   0.0843784   0.0281015
-0.00647298   0.0843784    0.133676 -0.00651523
    0.26295   0.0281015 -0.00651523    0.354756
IMAGINARY
          0  -0.0114505  4.2517e-05 -0.00475703
  0.0114505           0 -0.00906207  -0.0166241
-4.2517e-05  0.00906207           0    0.015277
 0.00475703   0.0166241   -0.015277           0
EndNode2[0]<--->HoM1[0]
REAL
  0.397713 0.00297546 0.00455526   0.258922
0.00297546   0.135959  0.0587932   0.011491
0.00455526  0.0587932   0.142313 -0.0074684
  0.258922   0.011491 -0.0074684   0.324015
IMAGINARY
         0  0.0119416  0.0082941  0.0356343
-0.0119416          0 -0.0129676 -0.0243816
-0.0082941  0.0129676          0  0.0183029
-0.0356343  0.0243816 -0.0183029          0
Repeater1[0]<--->EndNode1[0]
REAL
   0.374036 -0.00647298   0.0230547     0.26295
-0.00647298    0.133676   0.0843784 -0.00651523
  0.0230547   0.0843784    0.137532   0.0281015
    0.26295 -0.00651523   0.0281015    0.354756
IMAGINARY
          0  4.2517e-05  -0.0114505 -0.00475703
-4.2517e-05           0  0.00906207    0.015277
  0.0114505 -0.00906207           0  -0.0166241
 0.00475703   -0.015277   0.0166241           0
Repeater1[0]<--->HoM1[0]
REAL
  0.397713 0.00455526 0.00297546   0.258922
0.00455526   0.142313  0.0587932 -0.0074684
0.00297546  0.0587932   0.135959   0.011491
  0.258922 -0.0074684   0.011491   0.324015
IMAGINARY
         0  0.0082941  0.0119416  0.0356343
-0.0082941          0  0.0129676  0.0183029
-0.0119416 -0.0129676          0 -0.0243816
-0.0356343 -0.0183029  0.0243816          0
EndNode1[0]<--->Repeater1[0]
REAL
   0.332902  0.00809264 0.000938659    0.263261
 0.00809264     0.15544   0.0805682  -0.0021981
0.000938659   0.0805682     0.15285 -0.00431431
   0.263261  -0.0021981 -0.00431431    0.358808
IMAGINARY
           0    0.0107841   -0.0185087  0.000775378
  -0.0107841            0   -0.0169461 -0.000722104
   0.0185087    0.0169461            0   -0.0231467
-0.000775378  0.000722104    0.0231467            0
EndNode2[0]<--->HoM1[0]
REAL
  0.376694  0.0041557  0.0110827   0.286566
 0.0041557   0.136856   0.049331 -0.0123647
 0.0110827   0.049331   0.128726 0.00225456
  0.286566 -0.0123647 0.00225456   0.357724
IMAGINARY
          0  0.00553954   0.0018469     0.01534
-0.00553954           0  0.00695295  0.00749307
 -0.0018469 -0.00695295           0 -0.00118089
   -0.01534 -0.00749307  0.00118089           0
Repeater1[0]<--->EndNode1[0]
REAL
   0.332902 0.000938659  0.00809264    0.263261
0.000938659     0.15285   0.0805682 -0.00431431
 0.00809264   0.0805682     0.15544  -0.0021981
   0.263261 -0.00431431  -0.0021981    0.358808
IMAGINARY
           0   -0.0185087    0.0107841  0.000775378
   0.0185087            0    0.0169461   -0.0231467
  -0.0107841   -0.0169461            0 -0.000722104
-0.000775378    0.0231467  0.000722104            0
Repeater1[0]<--->HoM1[0]
REAL
  0.376694  0.0110827  0.0041557   0.286566
 0.0110827   0.128726   0.049331 0.00225456
 0.0041557   0.049331   0.136856 -0.0123647
  0.286566 0.00225456 -0.0123647   0.357724
IMAGINARY
          0   0.0018469  0.00553954     0.01534
 -0.0018469           0 -0.00695295 -0.00118089
-0.00553954  0.00695295           0  0.00749307
   -0.01534  0.00118089 -0.00749307           0
EndNode1[0]<--->Repeater1[0]
REAL
   0.355177   0.0144238   0.0052277    0.278575
  0.0144238    0.150721    0.066513 -0.00270881
  0.0052277    0.066513    0.133683   0.0170623
   0.278575 -0.00270881   0.0170623    0.360419
IMAGINARY
           0   -0.0203268   0.00386214   -0.0038753
   0.0203268            0   0.00199324  0.000677423
 -0.00386214  -0.00199324            0    -0.002371
   0.0038753 -0.000677423     0.002371            0
EndNode2[0]<--->HoM1[0]
REAL
   0.379397  -0.0113248   -0.027697    0.280326
 -0.0113248    0.138191    0.036878 -0.00993742
  -0.027697    0.036878    0.148241  -0.0155569
   0.280326 -0.00993742  -0.0155569    0.334171
IMAGINARY
          0   0.0101003  0.00338362 -0.00787431
 -0.0101003           0  -0.0122768  -0.0178664
-0.00338362   0.0122768           0  0.00438242
 0.00787431   0.0178664 -0.00438242           0
Repeater1[0]<--->EndNode1[0]
REAL
   0.355177   0.0052277   0.0144238    0.278575
  0.0052277    0.133683    0.066513   0.0170623
  0.0144238    0.066513    0.150721 -0.00270881
   0.278575   0.0170623 -0.00270881    0.360419
IMAGINARY
           0   0.00386214   -0.0203268   -0.0038753
 -0.00386214            0  -0.00199324    -0.002371
   0.0203268   0.00199324            0  0.000677423
   0.0038753     0.002371 -0.000677423            0
Repeater1[0]<--->HoM1[0]
REAL
   0.379397   -0.027697  -0.0113248    0.280326
  -0.027697    0.148241    0.036878  -0.0155569
 -0.0113248    0.036878    0.138191 -0.00993742
   0.280326  -0.0155569 -0.00993742    0.334171
IMAGINARY
          0  0.00338362   0.0101003 -0.00787431
-0.00338362           0   0.0122768  0.00438242
 -0.0101003  -0.0122768           0  -0.0178664
 0.00787431 -0.00438242   0.0178664           0
EndNode1[0]<--->Repeater1[0]
REAL
    0.379093   0.00479961  -0.00984704     0.265345
  0.00479961     0.147355    0.0717113  -0.00920684
 -0.00984704    0.0717113     0.132242 -0.000200394
    0.265345  -0.00920684 -0.000200394      0.34131
IMAGINARY
          0   0.0066313 -0.00994695   0.0114106
 -0.0066313           0  0.00885962 -0.00994695
 0.00994695 -0.00885962           0   0.0066313
 -0.0114106  0.00994695  -0.0066313           0
EndNode2[0]<--->HoM1[0]
REAL
    0.38163 0.000971746 0.000381328    0.273186
0.000971746    0.108668   0.0739476 -0.00356604
0.000381328   0.0739476    0.139715 -0.00415646
   0.273186 -0.00356604 -0.00415646    0.369987
IMAGINARY
          0  -0.0294098   0.0148829   -0.017171
  0.0294098           0  0.00352331   0.0257263
 -0.0148829 -0.00352331           0  -0.0150065
   0.017171  -0.0257263   0.0150065           0
Repeater1[0]<--->EndNode1[0]
REAL
    0.379093  -0.00984704   0.00479961     0.265345
 -0.00984704     0.132242    0.0717113 -0.000200394
  0.00479961    0.0717113     0.147355  -0.00920684
    0.265345 -0.000200394  -0.00920684      0.34131
IMAGINARY
          0 -0.00994695   0.0066313   0.0114106
 0.00994695           0 -0.00885962   0.0066313
 -0.0066313  0.00885962           0 -0.00994695
 -0.0114106  -0.0066313  0.00994695           0
Repeater1[0]<--->HoM1[0]
REAL
    0.38163 0.000381328 0.000971746    0.273186
0.000381328    0.139715   0.0739476 -0.00415646
0.000971746   0.0739476    0.108668 -0.00356604
   0.273186 -0.00415646 -0.00356604    0.369987
IMAGINARY
          0   0.0148829  -0.0294098   -0.017171
 -0.0148829           0 -0.00352331  -0.0150065
  0.0294098  0.00352331           0   0.0257263
   0.017171   0.0150065  -0.0257263           0
EndNode1[0]<--->Repeater1[0]
REAL
   0.375332 -0.00107103   0.0102462    0.273978
-0.00107103    0.132626   0.0704667 -0.00264388
  0.0102462   0.0704667    0.127321 -0.00419213
   0.273978 -0.00264388 -0.00419213    0.364721
IMAGINARY
          0   0.0108619  -0.0168423   0.0267447
 -0.0108619           0  0.00798662 -0.00461409
  0.0168423 -0.00798662           0 -0.00761097
 -0.0267447  0.00461409  0.00761097           0
EndNode2[0]<--->HoM1[0]
REAL
   0.400788  0.00508946 -0.00284454    0.275848
 0.00508946    0.131406   0.0621272 -0.00221875
-0.00284454   0.0621272    0.118265  0.00250548
   0.275848 -0.00221875  0.00250548     0.34954
IMAGINARY
          0  -0.0115457 -0.00948604  -0.0153021
  0.0115457           0  -0.0191582  0.00157047
 0.00948604   0.0191582           0  -0.0082432
  0.0153021 -0.00157047   0.0082432           0
Repeater1[0]<--->EndNode1[0]
REAL
   0.375332   0.0102462 -0.00107103    0.273978
  0.0102462    0.127321   0.0704667 -0.00419213
-0.00107103   0.0704667    0.132626 -0.00264388
   0.273978 -0.00419213 -0.00264388    0.364721
IMAGINARY
          0  -0.0168423   0.0108619   0.0267447
  0.0168423           0 -0.00798662 -0.00761097
 -0.0108619  0.00798662           0 -0.00461409
 -0.0267447  0.00761097  0.00461409           0
Repeater1[0]<--->HoM1[0]
REAL
   0.400788 -0.00284454  0.00508946    0.275848
-0.00284454    0.118265   0.0621272  0.00250548
 0.00508946   0.0621272    0.131406 -0.00221875
   0.275848  0.00250548 -0.00221875     0.34954
IMAGINARY
          0 -0.00948604  -0.0115457  -0.0153021
 0.00948604           0   0.0191582  -0.0082432
  0.0115457  -0.0191582           0  0.00157047
  0.0153021   0.0082432 -0.00157047           0
EndNode1[0]<--->Repeater1[0]
REAL
  0.334174  0.0122108 -0.0136261   0.284181
 0.0122108   0.139975  0.0587152  0.0067955
-0.0136261  0.0587152   0.131148 -0.0122108
  0.284181  0.0067955 -0.0122108   0.394704
IMAGINARY
          0    -0.01239 -0.00407238  -0.0101721
    0.01239           0  0.00346967  0.00220903
 0.00407238 -0.00346967           0   0.0130111
  0.0101721 -0.00220903  -0.0130111           0
EndNode2[0]<--->HoM1[0]
REAL
   0.386889  0.00952428 -0.00709702    0.277641
 0.00952428    0.138817   0.0563075  0.00894204
-0.00709702   0.0563075    0.116967 -0.00398923
   0.277641  0.00894204 -0.00398923    0.357326
IMAGINARY
           0   0.00539394   0.00761206    0.0105554
 -0.00539394            0   0.00210285 -0.000945395
 -0.00761206  -0.00210285            0   -0.0133939
  -0.0105554  0.000945395    0.0133939            0
Repeater1[0]<--->EndNode1[0]
REAL
  0.334174 -0.0136261  0.0122108   0.284181
-0.0136261   0.131148  0.0587152 -0.0122108
 0.0122108  0.0587152   0.139975  0.0067955
  0.284181 -0.0122108  0.0067955   0.394704
IMAGINARY
          0 -0.00407238    -0.01239  -0.0101721
 0.00407238           0 -0.00346967   0.0130111
    0.01239  0.00346967           0  0.00220903
  0.0101721  -0.0130111 -0.00220903           0
Repeater1[0]<--->HoM1[0]
REAL
   0.386889 -0.00709702  0.00952428    0.277641
-0.00709702    0.116967   0.0563075 -0.00398923
 0.00952428   0.0563075    0.138817  0.00894204
   0.277641 -0.00398923  0.00894204    0.357326
IMAGINARY
           0   0.00761206   0.00539394    0.0105554
 -0.00761206            0  -0.00210285   -0.0133939
 -0.00539394   0.00210285            0 -0.000945395
  -0.0105554    0.0133939  0.000945395            0
EndNode1[0]<--->Repeater1[0]
REAL
  0.383812 0.00270022 -0.0117714   0.283404
0.00270022    0.13577  0.0471688 0.00349113
-0.0117714  0.0471688   0.131854 -0.0173499
  0.283404 0.00349113 -0.0173499   0.348564
IMAGINARY
          0 -0.00624139 -0.00156859  -0.0107437
 0.00624139           0  0.00211154 -0.00419326
 0.00156859 -0.00211154           0  0.00944242
  0.0107437  0.00419326 -0.00944242           0
EndNode2[0]<--->HoM1[0]
REAL
   0.361955  -0.0136602  -0.0115955    0.280102
 -0.0136602    0.140026   0.0684619   0.0142065
 -0.0115955   0.0684619    0.126816 -0.00722749
   0.280102   0.0142065 -0.00722749    0.371202
IMAGINARY
          0   -0.012208  0.00335775 -0.00609883
   0.012208           0  -0.0162511   0.0283883
-0.00335775   0.0162511           0  0.00162599
 0.00609883  -0.0283883 -0.00162599           0
Repeater1[0]<--->EndNode1[0]
REAL
  0.383812 -0.0117714 0.00270022   0.283404
-0.0117714   0.131854  0.0471688 -0.0173499
0.00270022  0.0471688    0.13577 0.00349113
  0.283404 -0.0173499 0.00349113   0.348564
IMAGINARY
          0 -0.00156859 -0.00624139  -0.0107437
 0.00156859           0 -0.00211154  0.00944242
 0.00624139  0.00211154           0 -0.00419326
  0.0107437 -0.00944242  0.00419326           0
Repeater1[0]<--->HoM1[0]
REAL
   0.361955  -0.0115955  -0.0136602    0.280102
 -0.0115955    0.126816   0.0684619 -0.00722749
 -0.0136602   0.0684619    0.140026   0.0142065
   0.280102 -0.00722749   0.0142065    0.371202
IMAGINARY
          0  0.00335775   -0.012208 -0.00609883
-0.00335775           0   0.0162511  0.00162599
   0.012208  -0.0162511           0   0.0283883
 0.00609883 -0.00162599  -0.0283883           0
EndNode1[0]<--->Repeater1[0]
REAL
   0.385768  -0.0156626 -0.00171941    0.268693
 -0.0156626    0.123596   0.0760908  -0.0110032
-0.00171941   0.0760908    0.138577  -0.0021491
   0.268693  -0.0110032  -0.0021491     0.35206
IMAGINARY
          0 -0.00742347 -0.00311186   -0.015645
 0.00742347           0   0.0213921  0.00693839
 0.00311186  -0.0213921           0   0.0150765
   0.015645 -0.00693839  -0.0150765           0
EndNode2[0]<--->HoM1[0]
REAL
   0.354592  -0.0241909   0.0226232    0.284245
 -0.0241909    0.141582   0.0549705  -0.0285056
  0.0226232   0.0549705    0.137755 -0.00129931
   0.284245  -0.0285056 -0.00129931    0.366071
IMAGINARY
           0  0.000372828  -0.00427323  -0.00673266
-0.000372828            0   -0.0196526  0.000387221
  0.00427323    0.0196526            0   0.00221785
  0.00673266 -0.000387221  -0.00221785            0
Repeater1[0]<--->EndNode1[0]
REAL
   0.385768 -0.00171941  -0.0156626    0.268693
-0.00171941    0.138577   0.0760908  -0.0021491
 -0.0156626   0.0760908    0.123596  -0.0110032
   0.268693  -0.0021491  -0.0110032     0.35206
IMAGINARY
          0 -0.00311186 -0.00742347   -0.015645
 0.00311186           0  -0.0213921   0.0150765
 0.00742347   0.0213921           0  0.00693839
   0.015645  -0.0150765 -0.00693839           0
Repeater1[0]<--->HoM1[0]
REAL
   0.354592   0.0226232  -0.0241909    0.284245
  0.0226232    0.137755   0.0549705 -0.00129931
 -0.0241909   0.0549705    0.141582  -0.0285056
   0.284245 -0.00129931  -0.0285056    0.366071
IMAGINARY
           0  -0.00427323  0.000372828  -0.00673266
  0.00427323            0    0.0196526   0.00221785
-0.000372828   -0.0196526            0  0.000387221
  0.00673266  -0.00221785 -0.000387221            0
EndNode1[0]<--->Repeater1[0]
REAL
    0.37421 -0.00347756  -0.0171668    0.268789
-0.00347756    0.139064   0.0534332   0.0130001
 -0.0171668   0.0534332    0.136536  -0.0118002
   0.268789   0.0130001  -0.0118002     0.35019
IMAGINARY
          0  0.00227577  -0.0167414   0.0154803
-0.00227577           0 -0.00367911  0.00238431
  0.0167414  0.00367911           0 -0.00539687
 -0.0154803 -0.00238431  0.00539687           0
EndNode2[0]<--->HoM1[0]
REAL
  0.325676 0.00972913  0.0248669   0.274809
0.00972913   0.135135    0.06743  0.0107565
 0.0248669    0.06743   0.155405  0.0284388
  0.274809  0.0107565  0.0284388   0.383784
IMAGINARY
          0  -0.0152242  -0.0205177   0.0113145
  0.0152242           0   0.0248613 -0.00238302
  0.0205177  -0.0248613           0  0.00504608
 -0.0113145  0.00238302 -0.00504608           0
Repeater1[0]<--->EndNode1[0]
REAL
    0.37421  -0.0171668 -0.00347756    0.268789
 -0.0171668    0.136536   0.0534332  -0.0118002
-0.00347756   0.0534332    0.139064   0.0130001
   0.268789  -0.0118002   0.0130001     0.35019
IMAGINARY
          0  -0.0167414  0.00227577   0.0154803
  0.0167414           0  0.00367911 -0.00539687
-0.00227577 -0.00367911           0  0.00238431
 -0.0154803  0.00539687 -0.00238431           0
Repeater1[0]<--->HoM1[0]
REAL
  0.325676  0.0248669 0.00972913   0.274809
 0.0248669   0.155405    0.06743  0.0284388
0.00972913    0.06743   0.135135  0.0107565
  0.274809  0.0284388  0.0107565   0.383784
IMAGINARY
          0  -0.0205177  -0.0152242   0.0113145
  0.0205177           0  -0.0248613  0.00504608
  0.0152242   0.0248613           0 -0.00238302
 -0.0113145 -0.00504608  0.00238302           0
EndNode1[0]<--->Repeater1[0]
REAL
   0.378412   0.0105813  -0.0148237    0.263572
  0.0105813    0.137717   0.0633259 -0.00847854
 -0.0148237   0.0633259    0.129032 -0.00991556
   0.263572 -0.00847854 -0.00991556    0.354839
IMAGINARY
          0  -0.0219713  0.00745722  0.00998413
  0.0219713           0 -0.00601587 -0.00131471
-0.00745722  0.00601587           0  -0.0111982
-0.00998413  0.00131471   0.0111982           0
EndNode2[0]<--->HoM1[0]
REAL
   0.358247  -0.0195446  0.00456508    0.278343
 -0.0195446    0.143041   0.0556438   -0.014369
 0.00456508   0.0556438    0.148196 -0.00986717
   0.278343   -0.014369 -0.00986717    0.350515
IMAGINARY
           0   0.00689536  0.000163703   -0.0181617
 -0.00689536            0  -0.00795766  -0.00936616
-0.000163703   0.00795766            0 -0.000146894
   0.0181617   0.00936616  0.000146894            0
Repeater1[0]<--->EndNode1[0]
REAL
   0.378412  -0.0148237   0.0105813    0.263572
 -0.0148237    0.129032   0.0633259 -0.00991556
  0.0105813   0.0633259    0.137717 -0.00847854
   0.263572 -0.00991556 -0.00847854    0.354839
IMAGINARY
          0  0.00745722  -0.0219713  0.00998413
-0.00745722           0  0.00601587  -0.0111982
  0.0219713 -0.00601587           0 -0.00131471
-0.00998413   0.0111982  0.00131471           0
Repeater1[0]<--->HoM1[0]
REAL
   0.358247  0.00456508  -0.0195446    0.278343
 0.00456508    0.148196   0.0556438 -0.00986717
 -0.0195446   0.0556438    0.143041   -0.014369
   0.278343 -0.00986717   -0.014369    0.350515
IMAGINARY
           0  0.000163703   0.00689536   -0.0181617
-0.000163703            0   0.00795766 -0.000146894
 -0.00689536  -0.00795766            0  -0.00936616
   0.0181617  0.000146894   0.00936616            0
EndNode1[0]<--->Repeater1[0]
REAL
      0.375   0.0344159  -0.0040068    0.254859
  0.0344159        0.15   0.0451407    0.016665
 -0.0040068   0.0451407    0.135714 -0.00656775
   0.254859    0.016665 -0.00656775    0.339286
IMAGINARY
          0 -0.00939233   0.0138954    -0.02938
 0.00939233           0  0.00647925  0.00528616
 -0.0138954 -0.00647925           0   0.0196225
    0.02938 -0.00528616  -0.0196225           0
EndNode2[0]<--->HoM1[0]
REAL
    0.366887  -0.00568321   -0.0206838     0.267128
 -0.00568321     0.152318    0.0680364 -0.000683761
  -0.0206838    0.0680364     0.153642  -0.00957931
    0.267128 -0.000683761  -0.00957931     0.327152
IMAGINARY
          0   0.0119274  -0.0131188   0.0233383
 -0.0119274           0  0.00192769  0.00598525
  0.0131188 -0.00192769           0  -0.0125759
 -0.0233383 -0.00598525   0.0125759           0
Repeater1[0]<--->EndNode1[0]
REAL
      0.375  -0.0040068   0.0344159    0.254859
 -0.0040068    0.135714   0.0451407 -0.00656775
  0.0344159   0.0451407        0.15    0.016665
   0.254859 -0.00656775    0.016665    0.339286
IMAGINARY
          0   0.0138954 -0.00939233    -0.02938
 -0.0138954           0 -0.00647925   0.0196225
 0.00939233  0.00647925           0  0.00528616
    0.02938  -0.0196225 -0.00528616           0
Repeater1[0]<--->HoM1[0]
REAL
    0.366887   -0.0206838  -0.00568321     0.267128
  -0.0206838     0.153642    0.0680364  -0.00957931
 -0.00568321    0.0680364     0.152318 -0.000683761
    0.267128  -0.00957931 -0.000683761     0.327152
IMAGINARY
          0  -0.0131188   0.0119274   0.0233383
  0.0131188           0 -0.00192769  -0.0125759
 -0.0119274  0.00192769           0  0.00598525
 -0.0233383   0.0125759 -0.00598525           0
EndNode1[0]<--->Repeater1[0]
REAL
   0.371287 -0.00166851    0.010838    0.275983
-0.00166851    0.132426   0.0457853   0.0184137
   0.010838   0.0457853    0.134901  0.00779095
   0.275983   0.0184137  0.00779095    0.361386
IMAGINARY
          0  0.00547962 -0.00161024 -0.00239692
-0.00547962           0  -0.0081294  0.00779836
 0.00161024   0.0081294           0 -0.00176675
 0.00239692 -0.00779836  0.00176675           0
EndNode2[0]<--->HoM1[0]
REAL
   0.356886  0.00368516   0.0167656    0.275444
 0.00368516    0.143713   0.0611578  -0.0134976
  0.0167656   0.0611578    0.142515 -0.00695314
   0.275444  -0.0134976 -0.00695314    0.356886
IMAGINARY
          0   0.0147312  -0.0288185  0.00482881
 -0.0147312           0 -0.00733508   0.0231295
  0.0288185  0.00733508           0 -0.00398534
-0.00482881  -0.0231295  0.00398534           0
Repeater1[0]<--->EndNode1[0]
REAL
   0.371287    0.010838 -0.00166851    0.275983
   0.010838    0.134901   0.0457853  0.00779095
-0.00166851   0.0457853    0.132426   0.0184137
   0.275983  0.00779095   0.0184137    0.361386
IMAGINARY
          0 -0.00161024  0.00547962 -0.00239692
 0.00161024           0   0.0081294 -0.00176675
-0.00547962  -0.0081294           0  0.00779836
 0.00239692  0.00176675 -0.00779836           0
Repeater1[0]<--->HoM1[0]
REAL
   0.356886   0.0167656  0.00368516    0.275444
  0.0167656    0.142515   0.0611578 -0.00695314
 0.00368516   0.0611578    0.143713  -0.0134976
   0.275444 -0.00695314  -0.0134976    0.356886
IMAGINARY
          0  -0.0288185   0.0147312  0.00482881
  0.0288185           0  0.00733508 -0.00398534
 -0.0147312 -0.00733508           0   0.0231295
-0.00482881  0.00398534  -0.0231295           0
EndNode1[0]<--->Repeater1[0]
REAL
  0.355383  0.0319979  0.0307919   0.272937
 0.0319979   0.129702  0.0661882 0.00588766
 0.0307919  0.0661882   0.151751 -0.0197714
  0.272937 0.00588766 -0.0197714   0.363165
IMAGINARY
           0    0.0069271    0.0171302   -0.0086603
  -0.0069271            0   -0.0175211  0.000661186
  -0.0171302    0.0175211            0   -0.0161296
   0.0086603 -0.000661186    0.0161296            0
EndNode2[0]<--->HoM1[0]
REAL
    0.373526    0.0016357  -0.00959079     0.285406
   0.0016357     0.133683    0.0511954    -0.019821
 -0.00959079    0.0511954     0.138925 -0.000982103
    0.285406    -0.019821 -0.000982103     0.353866
IMAGINARY
