EndNode1[0]<--->Repeater1[0]
REAL
  0.411012 0.00128535 0.00304501   0.256147
0.00128535   0.103713  0.0381979 -0.0133278
0.00304501  0.0381979   0.117798 0.00128535
  0.256147 -0.0133278 0.00128535   0.367478
IMAGINARY
          0  -0.0221255   0.0123827  0.00541572
  0.0221255           0 -0.00478836  0.00165883
 -0.0123827  0.00478836           0   -0.005347
-0.00541572 -0.00165883    0.005347           0
EndNode2[0]<--->HoM1[0]
REAL
  0.371537 0.00223586  0.0116047    0.28034
0.00223586    0.11335  0.0402407  0.0187383
 0.0116047  0.0402407   0.117128   0.012276
   0.28034  0.0187383   0.012276   0.397985
IMAGINARY
         0  0.0133365   -0.01079 -0.0028478
-0.0133365          0  0.0194294  -0.028814
   0.01079 -0.0194294          0  0.0114159
 0.0028478   0.028814 -0.0114159          0
Repeater1[0]<--->EndNode1[0]
REAL
  0.411012 0.00304501 0.00128535   0.256147
0.00304501   0.117798  0.0381979 0.00128535
0.00128535  0.0381979   0.103713 -0.0133278
  0.256147 0.00128535 -0.0133278   0.367478
IMAGINARY
          0   0.0123827  -0.0221255  0.00541572
 -0.0123827           0  0.00478836   -0.005347
  0.0221255 -0.00478836           0  0.00165883
-0.00541572    0.005347 -0.00165883           0
Repeater1[0]<--->HoM1[0]
REAL
  0.371537  0.0116047 0.00223586    0.28034
 0.0116047   0.117128  0.0402407   0.012276
0.00223586  0.0402407    0.11335  0.0187383
   0.28034   0.012276  0.0187383   0.397985
IMAGINARY
         0   -0.01079  0.0133365 -0.0028478
   0.01079          0 -0.0194294  0.0114159
-0.0133365  0.0194294          0  -0.028814
 0.0028478 -0.0114159   0.028814          0
EndNode1[0]<--->Repeater1[0]
REAL
  0.390909  0.0143912 0.00360707   0.267966
 0.0143912  0.0974026  0.0300262 0.00956733
0.00360707  0.0300262   0.115584  0.0100755
  0.267966 0.00956733  0.0100755   0.396104
IMAGINARY
           0    0.0136518 -0.000159496  -0.00188358
  -0.0136518            0  -0.00454315  -0.00831508
 0.000159496   0.00454315            0   0.00394929
  0.00188358   0.00831508  -0.00394929            0
EndNode2[0]<--->HoM1[0]
REAL
  0.388167  0.0108949 -0.0069387    0.25689
 0.0108949  0.0966811  0.0367407 -0.0102588
-0.0069387  0.0367407  0.0894661 -0.0153535
   0.25689 -0.0102588 -0.0153535   0.425685
IMAGINARY
          0    -0.00502 -0.00963581  0.00463466
    0.00502           0 -0.00400731  -0.0115085
 0.00963581  0.00400731           0 -0.00244268
-0.00463466   0.0115085  0.00244268           0
Repeater1[0]<--->EndNode1[0]
REAL
  0.390909 0.00360707  0.0143912   0.267966
0.00360707   0.115584  0.0300262  0.0100755
 0.0143912  0.0300262  0.0974026 0.00956733
  0.267966  0.0100755 0.00956733   0.396104
IMAGINARY
           0 -0.000159496    0.0136518  -0.00188358
 0.000159496            0   0.00454315   0.00394929
  -0.0136518  -0.00454315            0  -0.00831508
  0.00188358  -0.00394929   0.00831508            0
Repeater1[0]<--->HoM1[0]
REAL
  0.388167 -0.0069387  0.0108949    0.25689
-0.0069387  0.0894661  0.0367407 -0.0153535
 0.0108949  0.0367407  0.0966811 -0.0102588
   0.25689 -0.0153535 -0.0102588   0.425685
IMAGINARY
          0 -0.00963581    -0.00502  0.00463466
 0.00963581           0  0.00400731 -0.00244268
    0.00502 -0.00400731           0  -0.0115085
-0.00463466  0.00244268   0.0115085           0
EndNode1[0]<--->Repeater1[0]
REAL
  0.365563 0.00786164  0.0210713   0.275474
0.00786164  0.0966887  0.0345887 0.00848848
 0.0210713  0.0345887   0.125828 0.00786164
  0.275474 0.00848848 0.00786164   0.411921
IMAGINARY
          0  -0.0229444  0.00688082   0.0195366
  0.0229444           0   0.0101026  0.00874418
-0.00688082  -0.0101026           0   0.0138298
 -0.0195366 -0.00874418  -0.0138298           0
EndNode2[0]<--->HoM1[0]
REAL
   0.396154  0.00139616 -0.00902871    0.271175
 0.00139616    0.132051   0.0414084  0.00702068
-0.00902871   0.0414084    0.102564  0.00998269
   0.271175  0.00702068  0.00998269    0.369231
IMAGINARY
          0  -0.0188999   0.0355241 -0.00516129
  0.0188999           0   0.0083871   0.0159162
 -0.0355241  -0.0083871           0  -0.0256817
 0.00516129  -0.0159162   0.0256817           0
Repeater1[0]<--->EndNode1[0]
REAL
  0.365563  0.0210713 0.00786164   0.275474
 0.0210713   0.125828  0.0345887 0.00786164
0.00786164  0.0345887  0.0966887 0.00848848
  0.275474 0.00786164 0.00848848   0.411921
IMAGINARY
          0  0.00688082  -0.0229444   0.0195366
-0.00688082           0  -0.0101026   0.0138298
  0.0229444   0.0101026           0  0.00874418
 -0.0195366  -0.0138298 -0.00874418           0
Repeater1[0]<--->HoM1[0]
REAL
   0.396154 -0.00902871  0.00139616    0.271175
-0.00902871    0.102564   0.0414084  0.00998269
 0.00139616   0.0414084    0.132051  0.00702068
   0.271175  0.00998269  0.00702068    0.369231
IMAGINARY
          0   0.0355241  -0.0188999 -0.00516129
 -0.0355241           0  -0.0083871  -0.0256817
  0.0188999   0.0083871           0   0.0159162
 0.00516129   0.0256817  -0.0159162           0
EndNode1[0]<--->Repeater1[0]
REAL
   0.408488    0.005477  0.00311721    0.249861
   0.005477   0.0915119   0.0457115 -0.00311721
 0.00311721   0.0457115    0.114058  -0.0119874
   0.249861 -0.00311721  -0.0119874    0.385942
IMAGINARY
           0    0.0135048    0.0111451  -0.00107768
  -0.0135048            0   -0.0208797  0.000233712
  -0.0111451    0.0208797            0  0.000551429
  0.00107768 -0.000233712 -0.000551429            0
EndNode2[0]<--->HoM1[0]
REAL
   0.367949   0.0097406 -0.00370848    0.265934
  0.0097406    0.115385   0.0580554  0.00305659
-0.00370848   0.0580554    0.128205   0.0039491
   0.265934  0.00305659   0.0039491    0.388462
IMAGINARY
          0   0.0086473   0.0210373  0.00674764
 -0.0086473           0  -0.0236167 -0.00588578
 -0.0210373   0.0236167           0  -0.0274352
-0.00674764  0.00588578   0.0274352           0
Repeater1[0]<--->EndNode1[0]
REAL
   0.408488  0.00311721    0.005477    0.249861
 0.00311721    0.114058   0.0457115  -0.0119874
   0.005477   0.0457115   0.0915119 -0.00311721
   0.249861  -0.0119874 -0.00311721    0.385942
IMAGINARY
           0    0.0111451    0.0135048  -0.00107768
  -0.0111451            0    0.0208797  0.000551429
  -0.0135048   -0.0208797            0  0.000233712
  0.00107768 -0.000551429 -0.000233712            0
Repeater1[0]<--->HoM1[0]
REAL
   0.367949 -0.00370848   0.0097406    0.265934
-0.00370848    0.128205   0.0580554   0.0039491
  0.0097406   0.0580554    0.115385  0.00305659
   0.265934   0.0039491  0.00305659    0.388462
IMAGINARY
          0   0.0210373   0.0086473  0.00674764
 -0.0210373           0   0.0236167  -0.0274352
 -0.0086473  -0.0236167           0 -0.00588578
-0.00674764   0.0274352  0.00588578           0
EndNode1[0]<--->Repeater1[0]
REAL
   0.423545  0.00238624   0.0118881    0.251313
 0.00238624    0.101488   0.0550164  0.00203592
  0.0118881   0.0550164    0.102842 -0.00491788
   0.251313  0.00203592 -0.00491788    0.372124
IMAGINARY
          0  -0.0197332  0.00510662  0.00714354
  0.0197332           0    0.023101  -0.0100449
-0.00510662   -0.023101           0   0.0222023
-0.00714354   0.0100449  -0.0222023           0
EndNode2[0]<--->HoM1[0]
REAL
   0.378049  0.00018498 -0.00772928    0.269897
 0.00018498    0.105691   0.0340247   0.0259366
-0.00772928   0.0340247    0.112466  0.00961894
   0.269897   0.0259366  0.00961894    0.403794
IMAGINARY
          0  -0.0128549 -0.00295878 -0.00522879
  0.0128549           0  0.00260411  0.00664429
 0.00295878 -0.00260411           0 -0.00188714
 0.00522879 -0.00664429  0.00188714           0
Repeater1[0]<--->EndNode1[0]
REAL
   0.423545   0.0118881  0.00238624    0.251313
  0.0118881    0.102842   0.0550164 -0.00491788
 0.00238624   0.0550164    0.101488  0.00203592
   0.251313 -0.00491788  0.00203592    0.372124
IMAGINARY
          0  0.00510662  -0.0197332  0.00714354
-0.00510662           0   -0.023101   0.0222023
  0.0197332    0.023101           0  -0.0100449
-0.00714354  -0.0222023   0.0100449           0
Repeater1[0]<--->HoM1[0]
REAL
   0.378049 -0.00772928  0.00018498    0.269897
-0.00772928    0.112466   0.0340247  0.00961894
 0.00018498   0.0340247    0.105691   0.0259366
   0.269897  0.00961894   0.0259366    0.403794
IMAGINARY
          0 -0.00295878  -0.0128549 -0.00522879
 0.00295878           0 -0.00260411 -0.00188714
  0.0128549  0.00260411           0  0.00664429
 0.00522879  0.00188714 -0.00664429           0
EndNode1[0]<--->Repeater1[0]
REAL
   0.394495 -0.00463769  0.00457996    0.246461
-0.00463769   0.0917431   0.0408004   0.0151653
 0.00457996   0.0408004    0.107471   0.0205613
   0.246461   0.0151653   0.0205613    0.406291
IMAGINARY
          0 -0.00136713 -0.00314703   0.0118588
 0.00136713           0   0.0304231 -0.00125548
 0.00314703  -0.0304231           0 -0.00932469
 -0.0118588  0.00125548  0.00932469           0
EndNode2[0]<--->HoM1[0]
REAL
  0.402036 0.00365687  0.0065234   0.261385
0.00365687   0.109415   0.030175 -0.0103597
 0.0065234   0.030175  0.0979644 -0.0113295
  0.261385 -0.0103597 -0.0113295   0.390585
IMAGINARY
           0    0.0058939    0.0127927   -0.0318261
  -0.0058939            0 -0.000782551   0.00313087
  -0.0127927  0.000782551            0  -0.00780473
   0.0318261  -0.00313087   0.00780473            0
Repeater1[0]<--->EndNode1[0]
REAL
   0.394495  0.00457996 -0.00463769    0.246461
 0.00457996    0.107471   0.0408004   0.0205613
-0.00463769   0.0408004   0.0917431   0.0151653
   0.246461   0.0205613   0.0151653    0.406291
IMAGINARY
          0 -0.00314703 -0.00136713   0.0118588
 0.00314703           0  -0.0304231 -0.00932469
 0.00136713   0.0304231           0 -0.00125548
 -0.0118588  0.00932469  0.00125548           0
Repeater1[0]<--->HoM1[0]
REAL
  0.402036  0.0065234 0.00365687   0.261385
 0.0065234  0.0979644   0.030175 -0.0113295
0.00365687   0.030175   0.109415 -0.0103597
  0.261385 -0.0113295 -0.0103597   0.390585
IMAGINARY
           0    0.0127927    0.0058939   -0.0318261
  -0.0127927            0  0.000782551  -0.00780473
  -0.0058939 -0.000782551            0   0.00313087
   0.0318261   0.00780473  -0.00313087            0
EndNode1[0]<--->Repeater1[0]
REAL
  0.413299 -0.0094697 0.00695076   0.253234
-0.0094697   0.112125  0.0409579 0.00820076
0.00695076  0.0409579   0.127771  0.0157828
  0.253234 0.00820076  0.0157828   0.346806
IMAGINARY
           0   -0.0172161  0.000584825   -0.0186906
   0.0172161            0    0.0159879   0.00325149
-0.000584825   -0.0159879            0    0.0197737
   0.0186906  -0.00325149   -0.0197737            0
EndNode2[0]<--->HoM1[0]
REAL
   0.394771   0.0168821 -0.00595801    0.255357
  0.0168821    0.121569   0.0210822  0.00796604
-0.00595801   0.0210822    0.096732   -0.010858
   0.255357  0.00796604   -0.010858    0.386928
IMAGINARY
          0  0.00649991  -0.0151018  0.00726869
-0.00649991           0  0.00917467  -0.0124977
  0.0151018 -0.00917467           0 -0.00842546
-0.00726869   0.0124977  0.00842546           0
Repeater1[0]<--->EndNode1[0]
REAL
  0.413299 0.00695076 -0.0094697   0.253234
0.00695076   0.127771  0.0409579  0.0157828
-0.0094697  0.0409579   0.112125 0.00820076
  0.253234  0.0157828 0.00820076   0.346806
IMAGINARY
           0  0.000584825   -0.0172161   -0.0186906
-0.000584825            0   -0.0159879    0.0197737
   0.0172161    0.0159879            0   0.00325149
   0.0186906   -0.0197737  -0.00325149            0
Repeater1[0]<--->HoM1[0]
REAL
   0.394771 -0.00595801   0.0168821    0.255357
-0.00595801    0.096732   0.0210822   -0.010858
  0.0168821   0.0210822    0.121569  0.00796604
   0.255357   -0.010858  0.00796604    0.386928
IMAGINARY
          0  -0.0151018  0.00649991  0.00726869
  0.0151018           0 -0.00917467 -0.00842546
-0.00649991  0.00917467           0  -0.0124977
-0.00726869  0.00842546   0.0124977           0
EndNode1[0]<--->Repeater1[0]
REAL
    0.414541  -0.00437692 -0.000286791     0.256968
 -0.00437692     0.100765    0.0356997  -0.00160954
-0.000286791    0.0356997      0.11352    0.0125944
    0.256968  -0.00160954    0.0125944     0.371173
IMAGINARY
          0   -0.012335  -0.0102689  -0.0101197
   0.012335           0 -0.00613032   0.0148924
  0.0102689  0.00613032           0  0.00903251
  0.0101197  -0.0148924 -0.00903251           0
EndNode2[0]<--->HoM1[0]
REAL
  0.412224 -0.0193268 0.00363252   0.265072
-0.0193268   0.110533  0.0609622 -0.0206642
0.00363252  0.0609622   0.107932  -0.015953
  0.265072 -0.0206642  -0.015953   0.369311
IMAGINARY
          0   -0.014754  0.00503852   0.0102115
   0.014754           0 -0.00757992   0.0113998
-0.00503852  0.00757992           0   -0.015383
 -0.0102115  -0.0113998    0.015383           0
Repeater1[0]<--->EndNode1[0]
REAL
    0.414541 -0.000286791  -0.00437692     0.256968
-0.000286791      0.11352    0.0356997    0.0125944
 -0.00437692    0.0356997     0.100765  -0.00160954
    0.256968    0.0125944  -0.00160954     0.371173
IMAGINARY
          0  -0.0102689   -0.012335  -0.0101197
  0.0102689           0  0.00613032  0.00903251
   0.012335 -0.00613032           0   0.0148924
  0.0101197 -0.00903251  -0.0148924           0
Repeater1[0]<--->HoM1[0]
REAL
  0.412224 0.00363252 -0.0193268   0.265072
0.00363252   0.107932  0.0609622  -0.015953
-0.0193268  0.0609622   0.110533 -0.0206642
  0.265072  -0.015953 -0.0206642   0.369311
IMAGINARY
          0  0.00503852   -0.014754   0.0102115
-0.00503852           0  0.00757992   -0.015383
   0.014754 -0.00757992           0   0.0113998
 -0.0102115    0.015383  -0.0113998           0
EndNode1[0]<--->Repeater1[0]
REAL
    0.42804   0.0229009  -0.0230031    0.260944
  0.0229009    0.109181    0.058816     0.01566
 -0.0230031    0.058816    0.127792 -0.00487687
   0.260944     0.01566 -0.00487687    0.334988
IMAGINARY
          0   0.0206472  0.00768089  0.00102912
 -0.0206472           0 -0.00650857  0.00162762
-0.00768089  0.00650857           0  -0.0060195
-0.00102912 -0.00162762   0.0060195           0
EndNode2[0]<--->HoM1[0]
REAL
    0.39375 -0.00134462 -0.00812262    0.267442
-0.00134462        0.12   0.0426357  -0.0228851
-0.00812262   0.0426357         0.1  -0.0335391
   0.267442  -0.0228851  -0.0335391     0.38625
IMAGINARY
          0  0.00192085  -0.0113238 -0.00202531
-0.00192085           0 -0.00655312 -0.00547206
  0.0113238  0.00655312           0  0.00324711
 0.00202531  0.00547206 -0.00324711           0
Repeater1[0]<--->EndNode1[0]
REAL
    0.42804  -0.0230031   0.0229009    0.260944
 -0.0230031    0.127792    0.058816 -0.00487687
  0.0229009    0.058816    0.109181     0.01566
   0.260944 -0.00487687     0.01566    0.334988
IMAGINARY
          0  0.00768089   0.0206472  0.00102912
-0.00768089           0  0.00650857  -0.0060195
 -0.0206472 -0.00650857           0  0.00162762
-0.00102912   0.0060195 -0.00162762           0
Repeater1[0]<--->HoM1[0]
REAL
    0.39375 -0.00812262 -0.00134462    0.267442
-0.00812262         0.1   0.0426357  -0.0335391
-0.00134462   0.0426357        0.12  -0.0228851
   0.267442  -0.0335391  -0.0228851     0.38625
IMAGINARY
          0  -0.0113238  0.00192085 -0.00202531
  0.0113238           0  0.00655312  0.00324711
-0.00192085 -0.00655312           0 -0.00547206
 0.00202531 -0.00324711  0.00547206           0
EndNode1[0]<--->Repeater1[0]
REAL
    0.41601 -0.00501794 -0.00850979    0.269223
-0.00501794    0.112861   0.0285848  -0.0152417
-0.00850979   0.0285848   0.0905512  -0.0138615
   0.269223  -0.0152417  -0.0138615    0.380577
IMAGINARY
          0 -0.00677099  0.00461374   0.0142763
 0.00677099           0 -0.00593229   0.0154972
-0.00461374  0.00593229           0  -0.0147269
 -0.0142763  -0.0154972   0.0147269           0
EndNode2[0]<--->HoM1[0]
REAL
   0.423274   0.0124444    0.020318     0.26584
  0.0124444     0.12532    0.038453 -0.00264121
   0.020318    0.038453   0.0856777  0.00396978
    0.26584 -0.00264121  0.00396978    0.365729
IMAGINARY
           0    0.0262503  0.000370528  -0.00351487
  -0.0262503            0   -0.0139045  -0.00162681
-0.000370528    0.0139045            0   0.00390041
  0.00351487   0.00162681  -0.00390041            0
Repeater1[0]<--->EndNode1[0]
REAL
    0.41601 -0.00850979 -0.00501794    0.269223
-0.00850979   0.0905512   0.0285848  -0.0138615
-0.00501794   0.0285848    0.112861  -0.0152417
   0.269223  -0.0138615  -0.0152417    0.380577
IMAGINARY
          0  0.00461374 -0.00677099   0.0142763
-0.00461374           0  0.00593229  -0.0147269
 0.00677099 -0.00593229           0   0.0154972
 -0.0142763   0.0147269  -0.0154972           0
Repeater1[0]<--->HoM1[0]
REAL
   0.423274    0.020318   0.0124444     0.26584
   0.020318   0.0856777    0.038453  0.00396978
  0.0124444    0.038453     0.12532 -0.00264121
    0.26584  0.00396978 -0.00264121    0.365729
IMAGINARY
           0  0.000370528    0.0262503  -0.00351487
-0.000370528            0    0.0139045   0.00390041
  -0.0262503   -0.0139045            0  -0.00162681
  0.00351487  -0.00390041   0.00162681            0
EndNode1[0]<--->Repeater1[0]
REAL
  0.405928 -0.0208536 -0.0119191   0.274587
-0.0208536  0.0979381  0.0269491  0.0189613
-0.0119191  0.0269491   0.117268 0.00356803
  0.274587  0.0189613 0.00356803   0.378866
IMAGINARY
           0   -0.0169647    0.0242915   -0.0268838
   0.0169647            0  -0.00782994     -0.01417
  -0.0242915   0.00782994            0  9.56358e-05
   0.0268838      0.01417 -9.56358e-05            0
EndNode2[0]<--->HoM1[0]
REAL
   0.424084  0.00140569    -0.01469    0.257353
 0.00140569     0.11911   0.0400159 -0.00373107
   -0.01469   0.0400159   0.0929319 -0.00666885
   0.257353 -0.00373107 -0.00666885    0.363874
IMAGINARY
          0  0.00712599 -0.00156819  -0.0146425
-0.00712599           0  -0.0140199   0.0128747
 0.00156819   0.0140199           0  -0.0121511
  0.0146425  -0.0128747   0.0121511           0
Repeater1[0]<--->EndNode1[0]
REAL
  0.405928 -0.0119191 -0.0208536   0.274587
-0.0119191   0.117268  0.0269491 0.00356803
-0.0208536  0.0269491  0.0979381  0.0189613
  0.274587 0.00356803  0.0189613   0.378866
IMAGINARY
           0    0.0242915   -0.0169647   -0.0268838
  -0.0242915            0   0.00782994  9.56358e-05
   0.0169647  -0.00782994            0     -0.01417
   0.0268838 -9.56358e-05      0.01417            0
Repeater1[0]<--->HoM1[0]
REAL
   0.424084    -0.01469  0.00140569    0.257353
   -0.01469   0.0929319   0.0400159 -0.00666885
 0.00140569   0.0400159     0.11911 -0.00373107
   0.257353 -0.00666885 -0.00373107    0.363874
IMAGINARY
          0 -0.00156819  0.00712599  -0.0146425
 0.00156819           0   0.0140199  -0.0121511
-0.00712599  -0.0140199           0   0.0128747
  0.0146425   0.0121511  -0.0128747           0
EndNode1[0]<--->Repeater1[0]
REAL
    0.40527   0.0231488   0.0114292    0.251068
  0.0231488    0.111669   0.0431601 -0.00452828
  0.0114292   0.0431601    0.124216  0.00633681
   0.251068 -0.00452828  0.00633681    0.358846
IMAGINARY
           0  -0.00676771  -0.00779404   0.00431705
  0.00676771            0  -0.00864338   0.00141649
  0.00779404   0.00864338            0 -0.000885354
 -0.00431705  -0.00141649  0.000885354            0
EndNode2[0]<--->HoM1[0]
REAL
    0.374677      0.02407 -0.000349396     0.271744
     0.02407     0.121447    0.0398505    0.0148421
-0.000349396    0.0398505     0.107235   0.00491547
    0.271744    0.0148421   0.00491547     0.396641
IMAGINARY
          0   0.0110825  -0.0179523  0.00728912
 -0.0110825           0  -0.0111353  -0.0220731
  0.0179523   0.0111353           0  0.00734187
-0.00728912   0.0220731 -0.00734187           0
Repeater1[0]<--->EndNode1[0]
REAL
    0.40527   0.0114292   0.0231488    0.251068
  0.0114292    0.124216   0.0431601  0.00633681
  0.0231488   0.0431601    0.111669 -0.00452828
   0.251068  0.00633681 -0.00452828    0.358846
IMAGINARY
           0  -0.00779404  -0.00676771   0.00431705
  0.00779404            0   0.00864338 -0.000885354
  0.00676771  -0.00864338            0   0.00141649
 -0.00431705  0.000885354  -0.00141649            0
Repeater1[0]<--->HoM1[0]
REAL
    0.374677 -0.000349396      0.02407     0.271744
-0.000349396     0.107235    0.0398505   0.00491547
     0.02407    0.0398505     0.121447    0.0148421
    0.271744   0.00491547    0.0148421     0.396641
IMAGINARY
          0  -0.0179523   0.0110825  0.00728912
  0.0179523           0   0.0111353  0.00734187
 -0.0110825  -0.0111353           0  -0.0220731
-0.00728912 -0.00734187   0.0220731           0
EndNode1[0]<--->Repeater1[0]
REAL
   0.406736  0.00451527   0.0112026    0.257221
 0.00451527    0.128238   0.0529059  -0.0231576
  0.0112026   0.0529059    0.107513 -0.00662497
   0.257221  -0.0231576 -0.00662497    0.357513
IMAGINARY
           0   -0.0158646   -0.0224009   0.00940416
   0.0158646            0  -0.00875565  -0.00551783
   0.0224009   0.00875565            0 -0.000632837
 -0.00940416   0.00551783  0.000632837            0
EndNode2[0]<--->HoM1[0]
REAL
   0.402945 -0.00213201 -0.00313676    0.256922
-0.00213201    0.100402   0.0310333  -0.0175659
-0.00313676   0.0310333    0.119143  -0.0198253
   0.256922  -0.0175659  -0.0198253     0.37751
IMAGINARY
          0  0.00524473 -0.00636088 -0.00248844
-0.00524473           0  0.00876984 -0.00759851
 0.00636088 -0.00876984           0   0.0112527
 0.00248844  0.00759851  -0.0112527           0
Repeater1[0]<--->EndNode1[0]
REAL
   0.406736   0.0112026  0.00451527    0.257221
  0.0112026    0.107513   0.0529059 -0.00662497
 0.00451527   0.0529059    0.128238  -0.0231576
   0.257221 -0.00662497  -0.0231576    0.357513
IMAGINARY
           0   -0.0224009   -0.0158646   0.00940416
   0.0224009            0   0.00875565 -0.000632837
   0.0158646  -0.00875565            0  -0.00551783
 -0.00940416  0.000632837   0.00551783            0
Repeater1[0]<--->HoM1[0]
REAL
   0.402945 -0.00313676 -0.00213201    0.256922
-0.00313676    0.119143   0.0310333  -0.0198253
-0.00213201   0.0310333    0.100402  -0.0175659
   0.256922  -0.0198253  -0.0175659     0.37751
IMAGINARY
          0 -0.00636088  0.00524473 -0.00248844
 0.00636088           0 -0.00876984   0.0112527
-0.00524473  0.00876984           0 -0.00759851
 0.00248844  -0.0112527  0.00759851           0
EndNode1[0]<--->Repeater1[0]
REAL
     0.396  0.0171353 0.00525604   0.268912
 0.0171353   0.125333   0.034815  0.0276632
0.00525604   0.034815  0.0986667   0.015784
  0.268912  0.0276632   0.015784       0.38
IMAGINARY
          0 -0.00413527   0.0243616  -0.0110988
 0.00413527           0  0.00286056  -0.0052776
 -0.0243616 -0.00286056           0 -0.00349832
  0.0110988   0.0052776  0.00349832           0
EndNode2[0]<--->HoM1[0]
REAL
   0.396026  0.00228868 -0.00063798    0.268681
 0.00228868   0.0980132   0.0467424  -0.0139006
-0.00063798   0.0467424   0.0966887  -0.0395832
   0.268681  -0.0139006  -0.0395832    0.409272
IMAGINARY
          0 -0.00916307 -0.00108959 -0.00777854
 0.00916307           0  -0.0140758   0.0138447
 0.00108959   0.0140758           0 -0.00359204
 0.00777854  -0.0138447  0.00359204           0
Repeater1[0]<--->EndNode1[0]
REAL
     0.396 0.00525604  0.0171353   0.268912
0.00525604  0.0986667   0.034815   0.015784
 0.0171353   0.034815   0.125333  0.0276632
  0.268912   0.015784  0.0276632       0.38
IMAGINARY
          0   0.0243616 -0.00413527  -0.0110988
 -0.0243616           0 -0.00286056 -0.00349832
 0.00413527  0.00286056           0  -0.0052776
  0.0110988  0.00349832   0.0052776           0
Repeater1[0]<--->HoM1[0]
REAL
   0.396026 -0.00063798  0.00228868    0.268681
-0.00063798   0.0966887   0.0467424  -0.0395832
 0.00228868   0.0467424   0.0980132  -0.0139006
   0.268681  -0.0395832  -0.0139006    0.409272
IMAGINARY
          0 -0.00108959 -0.00916307 -0.00777854
 0.00108959           0   0.0140758 -0.00359204
 0.00916307  -0.0140758           0   0.0138447
 0.00777854  0.00359204  -0.0138447           0
EndNode1[0]<--->Repeater1[0]
REAL
    0.404916   0.00647419 -0.000575333     0.257848
  0.00647419     0.102199    0.0174637  -0.00427904
-0.000575333    0.0174637     0.121604  -0.00578071
    0.257848  -0.00427904  -0.00578071     0.371281
IMAGINARY
           0   0.00440508  -0.00325682 -0.000208417
 -0.00440508            0   -0.0175781    0.0128722
  0.00325682    0.0175781            0   0.00933119
 0.000208417   -0.0128722  -0.00933119            0
EndNode2[0]<--->HoM1[0]
REAL
   0.412596   -0.015326  -0.0194103    0.270244
  -0.015326    0.123393   0.0382102  -0.0023863
 -0.0194103   0.0382102    0.113111 -0.00514959
   0.270244  -0.0023863 -0.00514959      0.3509
IMAGINARY
           0   0.00763979  0.000640937  -0.00325227
 -0.00763979            0    0.0252648   -0.0195204
-0.000640937   -0.0252648            0   0.00636752
  0.00325227    0.0195204  -0.00636752            0
Repeater1[0]<--->EndNode1[0]
REAL
    0.404916 -0.000575333   0.00647419     0.257848
-0.000575333     0.121604    0.0174637  -0.00578071
  0.00647419    0.0174637     0.102199  -0.00427904
    0.257848  -0.00578071  -0.00427904     0.371281
IMAGINARY
           0  -0.00325682   0.00440508 -0.000208417
  0.00325682            0    0.0175781   0.00933119
 -0.00440508   -0.0175781            0    0.0128722
 0.000208417  -0.00933119   -0.0128722            0
Repeater1[0]<--->HoM1[0]
REAL
   0.412596  -0.0194103   -0.015326    0.270244
 -0.0194103    0.113111   0.0382102 -0.00514959
  -0.015326   0.0382102    0.123393  -0.0023863
   0.270244 -0.00514959  -0.0023863      0.3509
IMAGINARY
           0  0.000640937   0.00763979  -0.00325227
-0.000640937            0   -0.0252648   0.00636752
 -0.00763979    0.0252648            0   -0.0195204
  0.00325227  -0.00636752    0.0195204            0
EndNode1[0]<--->Repeater1[0]
REAL
   0.398487  -0.0031431  0.00403183    0.265459
 -0.0031431    0.107188   0.0358742   0.0159682
 0.00403183   0.0358742   0.0933165 -0.00752357
   0.265459   0.0159682 -0.00752357    0.401009
IMAGINARY
          0   0.0057793  0.00211599  -0.0287047
 -0.0057793           0 -0.00568682  0.00390811
-0.00211599  0.00568682           0  0.00961562
  0.0287047 -0.00390811 -0.00961562           0
EndNode2[0]<--->HoM1[0]
REAL
  0.421392  0.0115567  0.0142301   0.268586
 0.0115567  0.0863402  0.0436839 -0.0271136
 0.0142301  0.0436839   0.109536 -0.0109433
  0.268586 -0.0271136 -0.0109433   0.382732
IMAGINARY
          0  -0.0123992   0.0162973  0.00231877
  0.0123992           0  0.00166001   0.0130378
 -0.0162973 -0.00166001           0   0.0104435
-0.00231877  -0.0130378  -0.0104435           0
Repeater1[0]<--->EndNode1[0]
REAL
   0.398487  0.00403183  -0.0031431    0.265459
 0.00403183   0.0933165   0.0358742 -0.00752357
 -0.0031431   0.0358742    0.107188   0.0159682
   0.265459 -0.00752357   0.0159682    0.401009
IMAGINARY
          0  0.00211599   0.0057793  -0.0287047
-0.00211599           0  0.00568682  0.00961562
 -0.0057793 -0.00568682           0  0.00390811
  0.0287047 -0.00961562 -0.00390811           0
Repeater1[0]<--->HoM1[0]
REAL
  0.421392  0.0142301  0.0115567   0.268586
 0.0142301   0.109536  0.0436839 -0.0109433
 0.0115567  0.0436839  0.0863402 -0.0271136
  0.268586 -0.0109433 -0.0271136   0.382732
IMAGINARY
          0   0.0162973  -0.0123992  0.00231877
 -0.0162973           0 -0.00166001   0.0104435
  0.0123992  0.00166001           0   0.0130378
-0.00231877  -0.0104435  -0.0130378           0
EndNode1[0]<--->Repeater1[0]
REAL
   0.426434  -0.0107404  -0.0377696     0.23508
 -0.0107404    0.107232   0.0477484 -0.00263445
 -0.0377696   0.0477484   0.0997506 -0.00946162
    0.23508 -0.00263445 -0.00946162    0.366584
IMAGINARY
          0  -0.0143788 -0.00108365  -0.0020234
  0.0143788           0 -0.00917555   0.0078222
 0.00108365  0.00917555           0  0.00494485
  0.0020234  -0.0078222 -0.00494485           0
EndNode2[0]<--->HoM1[0]
REAL
   0.423797 -0.00351544  -0.0145076     0.26488
-0.00351544    0.105615   0.0498406  0.00816242
 -0.0145076   0.0498406   0.0962567   0.0022464
    0.26488  0.00816242   0.0022464    0.374332
IMAGINARY
          0  0.00753887  0.00871909   0.0011951
-0.00753887           0 -0.00691301  -0.0047613
-0.00871909  0.00691301           0  -0.0114967
 -0.0011951   0.0047613   0.0114967           0
Repeater1[0]<--->EndNode1[0]
REAL
   0.426434  -0.0377696  -0.0107404     0.23508
 -0.0377696   0.0997506   0.0477484 -0.00946162
 -0.0107404   0.0477484    0.107232 -0.00263445
    0.23508 -0.00946162 -0.00263445    0.366584
IMAGINARY
          0 -0.00108365  -0.0143788  -0.0020234
 0.00108365           0  0.00917555  0.00494485
  0.0143788 -0.00917555           0   0.0078222
  0.0020234 -0.00494485  -0.0078222           0
Repeater1[0]<--->HoM1[0]
REAL
   0.423797  -0.0145076 -0.00351544     0.26488
 -0.0145076   0.0962567   0.0498406   0.0022464
-0.00351544   0.0498406    0.105615  0.00816242
    0.26488   0.0022464  0.00816242    0.374332
IMAGINARY
          0  0.00871909  0.00753887   0.0011951
-0.00871909           0  0.00691301  -0.0114967
-0.00753887 -0.00691301           0  -0.0047613
 -0.0011951   0.0114967   0.0047613           0
EndNode1[0]<--->Repeater1[0]
REAL
  0.407314 0.00552829  0.0050531   0.268526
0.00552829    0.10971  0.0403343 -0.0253063
 0.0050531  0.0403343   0.118537 -0.0169207
  0.268526 -0.0253063 -0.0169207   0.364439
IMAGINARY
          0  0.00157948  -0.0245584  0.00664416
-0.00157948           0 -0.00991213 -0.00388659
  0.0245584  0.00991213           0   0.0028453
-0.00664416  0.00388659  -0.0028453           0
EndNode2[0]<--->HoM1[0]
REAL
   0.420026   0.0115404 -0.00505271    0.266746
  0.0115404   0.0975293   0.0327433   0.0095227
-0.00505271   0.0327433    0.109233  0.00953238
   0.266746   0.0095227  0.00953238    0.373212
IMAGINARY
          0  0.00376412 -0.00812202   0.0193585
-0.00376412           0 -0.00653795  -0.0125806
 0.00812202  0.00653795           0 -0.00815558
 -0.0193585   0.0125806  0.00815558           0
Repeater1[0]<--->EndNode1[0]
REAL
  0.407314  0.0050531 0.00552829   0.268526
 0.0050531   0.118537  0.0403343 -0.0169207
0.00552829  0.0403343    0.10971 -0.0253063
  0.268526 -0.0169207 -0.0253063   0.364439
IMAGINARY
          0  -0.0245584  0.00157948  0.00664416
  0.0245584           0  0.00991213   0.0028453
-0.00157948 -0.00991213           0 -0.00388659
-0.00664416  -0.0028453  0.00388659           0
Repeater1[0]<--->HoM1[0]
REAL
   0.420026 -0.00505271   0.0115404    0.266746
-0.00505271    0.109233   0.0327433  0.00953238
  0.0115404   0.0327433   0.0975293   0.0095227
   0.266746  0.00953238   0.0095227    0.373212
IMAGINARY
          0 -0.00812202  0.00376412   0.0193585
 0.00812202           0  0.00653795 -0.00815558
-0.00376412 -0.00653795           0  -0.0125806
 -0.0193585  0.00815558   0.0125806           0
EndNode1[0]<--->Repeater1[0]
REAL
  0.406801 -0.0101856  0.0120811   0.249476
-0.0101856   0.122166  0.0215936 -0.0202572
 0.0120811  0.0215936   0.109572 0.00200951
  0.249476 -0.0202572 0.00200951   0.361461
IMAGINARY
           0   -0.0161133  -0.00498057    0.0105173
   0.0161133            0  -0.00650663 -0.000381359
  0.00498057   0.00650663            0    0.0120918
  -0.0105173  0.000381359   -0.0120918            0
EndNode2[0]<--->HoM1[0]
REAL
    0.415328 -0.000686738     0.013446     0.253313
-0.000686738    0.0939431    0.0253333  -0.00823767
    0.013446    0.0253333     0.105068    0.0267284
    0.253313  -0.00823767    0.0267284     0.385661
IMAGINARY
          0 -0.00194301  0.00450818  0.00282967
 0.00194301           0  0.00732261  0.00844519
-0.00450818 -0.00732261           0  -0.0110104
-0.00282967 -0.00844519   0.0110104           0
Repeater1[0]<--->EndNode1[0]
REAL
  0.406801  0.0120811 -0.0101856   0.249476
 0.0120811   0.109572  0.0215936 0.00200951
-0.0101856  0.0215936   0.122166 -0.0202572
  0.249476 0.00200951 -0.0202572   0.361461
IMAGINARY
           0  -0.00498057   -0.0161133    0.0105173
  0.00498057            0   0.00650663    0.0120918
   0.0161133  -0.00650663            0 -0.000381359
  -0.0105173   -0.0120918  0.000381359            0
Repeater1[0]<--->HoM1[0]
REAL
    0.415328     0.013446 -0.000686738     0.253313
    0.013446     0.105068    0.0253333    0.0267284
-0.000686738    0.0253333    0.0939431  -0.00823767
    0.253313    0.0267284  -0.00823767     0.385661
IMAGINARY
          0  0.00450818 -0.00194301  0.00282967
-0.00450818           0 -0.00732261  -0.0110104
 0.00194301  0.00732261           0  0.00844519
-0.00282967   0.0110104 -0.00844519           0
EndNode1[0]<--->Repeater1[0]
REAL
    0.40498 -0.00918507  -0.0068084    0.266077
-0.00918507    0.103539   0.0653972 -0.00868106
 -0.0068084   0.0653972    0.123198  0.00608718
   0.266077 -0.00868106  0.00608718    0.368283
IMAGINARY
           0    0.0171638   -0.0127384   -0.0176257
  -0.0171638            0  0.000847191   -0.0369214
   0.0127384 -0.000847191            0   0.00800628
   0.0176257    0.0369214  -0.00800628            0
EndNode2[0]<--->HoM1[0]
REAL
   0.397403  0.00670935 0.000123007    0.254056
 0.00670935         0.1   0.0370267    0.010705
0.000123007   0.0370267    0.111688  0.00411868
   0.254056    0.010705  0.00411868    0.390909
IMAGINARY
          0   0.0143434 -0.00282001  0.00794155
 -0.0143434           0  0.00794155  0.00730145
 0.00282001 -0.00794155           0  -0.0175444
-0.00794155 -0.00730145   0.0175444           0
Repeater1[0]<--->EndNode1[0]
REAL
    0.40498  -0.0068084 -0.00918507    0.266077
 -0.0068084    0.123198   0.0653972  0.00608718
-0.00918507   0.0653972    0.103539 -0.00868106
   0.266077  0.00608718 -0.00868106    0.368283
IMAGINARY
           0   -0.0127384    0.0171638   -0.0176257
   0.0127384            0 -0.000847191   0.00800628
  -0.0171638  0.000847191            0   -0.0369214
   0.0176257  -0.00800628    0.0369214            0
Repeater1[0]<--->HoM1[0]
REAL
   0.397403 0.000123007  0.00670935    0.254056
0.000123007    0.111688   0.0370267  0.00411868
 0.00670935   0.0370267         0.1    0.010705
   0.254056  0.00411868    0.010705    0.390909
IMAGINARY
          0 -0.00282001   0.0143434  0.00794155
 0.00282001           0 -0.00794155  -0.0175444
 -0.0143434  0.00794155           0  0.00730145
-0.00794155   0.0175444 -0.00730145           0
EndNode1[0]<--->Repeater1[0]
REAL
   0.399743  -0.0187908  -0.0212737    0.265639
 -0.0187908    0.104113   0.0338717 -0.00806615
 -0.0212737   0.0338717    0.116967   -0.010549
   0.265639 -0.00806615   -0.010549    0.379177
IMAGINARY
          0   0.0104531  0.00611824 -0.00811198
 -0.0104531           0   0.0143155   0.0192217
-0.00611824  -0.0143155           0  -0.0246682
 0.00811198  -0.0192217   0.0246682           0
EndNode2[0]<--->HoM1[0]
REAL
   0.399267   0.0114958 -0.00133156    0.263142
  0.0114958   0.0879121   0.0251398  0.00199734
-0.00133156   0.0251398    0.111111 -0.00683539
   0.263142  0.00199734 -0.00683539    0.401709
IMAGINARY
          0  -0.0282573   0.0225946  0.00619377
  0.0282573           0  -0.0114693  0.00269726
 -0.0225946   0.0114693           0 -0.00222259
-0.00619377 -0.00269726  0.00222259           0
Repeater1[0]<--->EndNode1[0]
REAL
   0.399743  -0.0212737  -0.0187908    0.265639
 -0.0212737    0.116967   0.0338717   -0.010549
 -0.0187908   0.0338717    0.104113 -0.00806615
   0.265639   -0.010549 -0.00806615    0.379177
IMAGINARY
          0  0.00611824   0.0104531 -0.00811198
-0.00611824           0  -0.0143155  -0.0246682
 -0.0104531   0.0143155           0   0.0192217
 0.00811198   0.0246682  -0.0192217           0
Repeater1[0]<--->HoM1[0]
REAL
   0.399267 -0.00133156   0.0114958    0.263142
-0.00133156    0.111111   0.0251398 -0.00683539
  0.0114958   0.0251398   0.0879121  0.00199734
   0.263142 -0.00683539  0.00199734    0.401709
IMAGINARY
          0   0.0225946  -0.0282573  0.00619377
 -0.0225946           0   0.0114693 -0.00222259
  0.0282573  -0.0114693           0  0.00269726
-0.00619377  0.00222259 -0.00269726           0
EndNode1[0]<--->Repeater1[0]
REAL
  0.404509  0.0115961  0.0076232   0.259119
 0.0115961   0.103448  0.0334337 -0.0129424
 0.0076232  0.0334337  0.0981432 0.00702093
  0.259119 -0.0129424 0.00702093   0.393899
IMAGINARY
          0  -0.0234131   0.0159296 -0.00996735
  0.0234131           0 -0.00189282   0.0102549
 -0.0159296  0.00189282           0  -0.0127465
 0.00996735  -0.0102549   0.0127465           0
EndNode2[0]<--->HoM1[0]
REAL
   0.440986 -0.00187144   0.0123302    0.260007
-0.00187144   0.0998703   0.0628424 -0.00270248
  0.0123302   0.0628424    0.105058   0.0192014
   0.260007 -0.00270248   0.0192014    0.354086
IMAGINARY
           0  0.000175874   -0.0208549  -0.00120599
-0.000175874            0   0.00324127    0.0157003
   0.0208549  -0.00324127            0   -0.0117738
  0.00120599   -0.0157003    0.0117738            0
Repeater1[0]<--->EndNode1[0]
REAL
  0.404509  0.0076232  0.0115961   0.259119
 0.0076232  0.0981432  0.0334337 0.00702093
 0.0115961  0.0334337   0.103448 -0.0129424
  0.259119 0.00702093 -0.0129424   0.393899
IMAGINARY
          0   0.0159296  -0.0234131 -0.00996735
 -0.0159296           0  0.00189282  -0.0127465
  0.0234131 -0.00189282           0   0.0102549
 0.00996735   0.0127465  -0.0102549           0
Repeater1[0]<--->HoM1[0]
REAL
   0.440986   0.0123302 -0.00187144    0.260007
  0.0123302    0.105058   0.0628424   0.0192014
-0.00187144   0.0628424   0.0998703 -0.00270248
   0.260007   0.0192014 -0.00270248    0.354086
IMAGINARY
           0   -0.0208549  0.000175874  -0.00120599
   0.0208549            0  -0.00324127   -0.0117738
-0.000175874   0.00324127            0    0.0157003
  0.00120599    0.0117738   -0.0157003            0
EndNode1[0]<--->Repeater1[0]
REAL
   0.385714  -0.0152364 -0.00884866    0.260611
 -0.0152364    0.103896   0.0386722 -0.00489088
-0.00884866   0.0386722         0.1   0.0206127
   0.260611 -0.00489088   0.0206127     0.41039
IMAGINARY
           0    0.0136875 -0.000968006  -0.00484698
  -0.0136875            0    -0.017523 -0.000307504
 0.000968006     0.017523            0  -0.00730991
  0.00484698  0.000307504   0.00730991            0
EndNode2[0]<--->HoM1[0]
REAL
   0.394472  0.00922245  -0.0105072    0.263768
 0.00922245    0.109296    0.056039 -0.00806224
 -0.0105072    0.056039   0.0954774 -0.00991021
   0.263768 -0.00806224 -0.00991021    0.400754
IMAGINARY
           0  -0.00529344  -0.00140902    0.0118426
  0.00529344            0 -0.000874897    0.0171095
  0.00140902  0.000874897            0     0.016163
  -0.0118426   -0.0171095    -0.016163            0
Repeater1[0]<--->EndNode1[0]
REAL
   0.385714 -0.00884866  -0.0152364    0.260611
-0.00884866         0.1   0.0386722   0.0206127
 -0.0152364   0.0386722    0.103896 -0.00489088
   0.260611   0.0206127 -0.00489088     0.41039
IMAGINARY
           0 -0.000968006    0.0136875  -0.00484698
 0.000968006            0     0.017523  -0.00730991
  -0.0136875    -0.017523            0 -0.000307504
  0.00484698   0.00730991  0.000307504            0
Repeater1[0]<--->HoM1[0]
REAL
   0.394472  -0.0105072  0.00922245    0.263768
 -0.0105072   0.0954774    0.056039 -0.00991021
 0.00922245    0.056039    0.109296 -0.00806224
   0.263768 -0.00991021 -0.00806224    0.400754
IMAGINARY
           0  -0.00140902  -0.00529344    0.0118426
  0.00140902            0  0.000874897     0.016163
  0.00529344 -0.000874897            0    0.0171095
  -0.0118426    -0.016163   -0.0171095            0
EndNode1[0]<--->Repeater1[0]
REAL
    0.424433   0.00340808   -0.0048903     0.268139
  0.00340808     0.105793    0.0318608 -0.000443033
  -0.0048903    0.0318608     0.117128   -0.0194081
    0.268139 -0.000443033   -0.0194081     0.352645
IMAGINARY
          0  0.00670558 -0.00270183   0.0174186
-0.00670558           0   0.0049498  -0.0167091
 0.00270183  -0.0049498           0    0.027431
 -0.0174186   0.0167091   -0.027431           0
EndNode2[0]<--->HoM1[0]
REAL
   0.380165 -0.00383016 -0.00653399    0.250936
-0.00383016   0.0991736   0.0398249   0.0146862
-0.00653399   0.0398249   0.0936639  -0.0070394
   0.250936   0.0146862  -0.0070394    0.426997
IMAGINARY
