EndNode1[0]<--->Repeater1[0]
REAL
    0.420026   -0.0119371 -0.000225647     0.192406
  -0.0119371     0.076723   0.00404579   0.00482486
-0.000225647   0.00404579    0.0806242   0.00208162
    0.192406   0.00482486   0.00208162     0.422627
IMAGINARY
          0 -0.00910105  -0.0129374  -0.0237305
 0.00910105           0 -0.00674938 -0.00270719
  0.0129374  0.00674938           0 -0.00654351
  0.0237305  0.00270719  0.00654351           0
EndNode2[0]<--->HoM1[0]
REAL
  0.414322  0.0161651 -0.0209234   0.201358
 0.0161651  0.0741688 -0.0134432 -0.0102851
-0.0209234 -0.0134432  0.0677749 -0.0247972
  0.201358 -0.0102851 -0.0247972   0.443734
IMAGINARY
           0 -0.000398529   0.00586918     0.016439
 0.000398529            0   0.00481105   0.00195273
 -0.00586918  -0.00481105            0     -0.00622
   -0.016439  -0.00195273      0.00622            0
Repeater1[0]<--->EndNode1[0]
REAL
    0.420026 -0.000225647   -0.0119371     0.192406
-0.000225647    0.0806242   0.00404579   0.00208162
  -0.0119371   0.00404579     0.076723   0.00482486
    0.192406   0.00208162   0.00482486     0.422627
IMAGINARY
          0  -0.0129374 -0.00910105  -0.0237305
  0.0129374           0  0.00674938 -0.00654351
 0.00910105 -0.00674938           0 -0.00270719
  0.0237305  0.00654351  0.00270719           0
Repeater1[0]<--->HoM1[0]
REAL
  0.414322 -0.0209234  0.0161651   0.201358
-0.0209234  0.0677749 -0.0134432 -0.0247972
 0.0161651 -0.0134432  0.0741688 -0.0102851
  0.201358 -0.0247972 -0.0102851   0.443734
IMAGINARY
           0   0.00586918 -0.000398529     0.016439
 -0.00586918            0  -0.00481105     -0.00622
 0.000398529   0.00481105            0   0.00195273
   -0.016439      0.00622  -0.00195273            0
EndNode1[0]<--->Repeater1[0]
REAL
   0.439901 -0.00143646 -0.00330094    0.176601
-0.00143646    0.063197  0.00385007  -0.0154961
-0.00330094  0.00385007    0.063197  -0.0085886
   0.176601  -0.0154961  -0.0085886    0.433705
IMAGINARY
           0   -0.0171848  -0.00842913   0.00835871
   0.0171848            0   0.00902097  -0.00526057
  0.00842913  -0.00902097            0  0.000887514
 -0.00835871   0.00526057 -0.000887514            0
EndNode2[0]<--->HoM1[0]
REAL
   0.392723   0.0108083  -0.0157056    0.187184
  0.0108083   0.0790464    0.013071 -0.00597802
 -0.0157056    0.013071   0.0853199  0.00704887
   0.187184 -0.00597802  0.00704887    0.442911
IMAGINARY
           0 -0.000433656  -0.00664601    0.0012008
 0.000433656            0    0.0147143    0.0125593
  0.00664601   -0.0147143            0   0.00766099
  -0.0012008   -0.0125593  -0.00766099            0
Repeater1[0]<--->EndNode1[0]
REAL
   0.439901 -0.00330094 -0.00143646    0.176601
-0.00330094    0.063197  0.00385007  -0.0085886
-0.00143646  0.00385007    0.063197  -0.0154961
   0.176601  -0.0085886  -0.0154961    0.433705
IMAGINARY
           0  -0.00842913   -0.0171848   0.00835871
  0.00842913            0  -0.00902097  0.000887514
   0.0171848   0.00902097            0  -0.00526057
 -0.00835871 -0.000887514   0.00526057            0
Repeater1[0]<--->HoM1[0]
REAL
   0.392723  -0.0157056   0.0108083    0.187184
 -0.0157056   0.0853199    0.013071  0.00704887
  0.0108083    0.013071   0.0790464 -0.00597802
   0.187184  0.00704887 -0.00597802    0.442911
IMAGINARY
           0  -0.00664601 -0.000433656    0.0012008
  0.00664601            0   -0.0147143   0.00766099
 0.000433656    0.0147143            0    0.0125593
  -0.0012008  -0.00766099   -0.0125593            0
EndNode1[0]<--->Repeater1[0]
REAL
  0.437018  0.0230711  0.0262828   0.192543
 0.0230711  0.0694087 0.00397487 0.00854303
 0.0262828 0.00397487  0.0771208   0.021705
  0.192543 0.00854303   0.021705   0.416452
IMAGINARY
           0  0.000889728  -0.00630358    0.0190509
-0.000889728            0  -0.00747968  -0.00749406
  0.00630358   0.00747968            0   -0.0199436
  -0.0190509   0.00749406    0.0199436            0
EndNode2[0]<--->HoM1[0]
REAL
   0.398325    0.021918 -0.00100472    0.199682
   0.021918   0.0813397  -0.0015684   0.0131341
-0.00100472  -0.0015684   0.0741627 -0.00439779
   0.199682   0.0131341 -0.00439779    0.446172
IMAGINARY
          0    0.013406 -0.00270833  -0.0166198
  -0.013406           0  -0.0160033  -0.0160417
 0.00270833   0.0160033           0  0.00659401
  0.0166198   0.0160417 -0.00659401           0
Repeater1[0]<--->EndNode1[0]
REAL
  0.437018  0.0262828  0.0230711   0.192543
 0.0262828  0.0771208 0.00397487   0.021705
 0.0230711 0.00397487  0.0694087 0.00854303
  0.192543   0.021705 0.00854303   0.416452
IMAGINARY
           0  -0.00630358  0.000889728    0.0190509
  0.00630358            0   0.00747968   -0.0199436
-0.000889728  -0.00747968            0  -0.00749406
  -0.0190509    0.0199436   0.00749406            0
Repeater1[0]<--->HoM1[0]
REAL
   0.398325 -0.00100472    0.021918    0.199682
-0.00100472   0.0741627  -0.0015684 -0.00439779
   0.021918  -0.0015684   0.0813397   0.0131341
   0.199682 -0.00439779   0.0131341    0.446172
IMAGINARY
          0 -0.00270833    0.013406  -0.0166198
 0.00270833           0   0.0160033  0.00659401
  -0.013406  -0.0160033           0  -0.0160417
  0.0166198 -0.00659401   0.0160417           0
EndNode1[0]<--->Repeater1[0]
REAL
   0.413127 -0.00141989  0.00973697    0.175407
-0.00141989   0.0913771  -0.0245932  0.00841071
 0.00973697  -0.0245932   0.0746461   0.0108066
   0.175407  0.00841071   0.0108066    0.420849
IMAGINARY
         0 -0.0148864  0.0270772 -0.0260508
 0.0148864          0 -0.0021274  0.0118838
-0.0270772  0.0021274          0 -0.0123864
 0.0260508 -0.0118838  0.0123864          0
EndNode2[0]<--->HoM1[0]
REAL
   0.435506 0.000822583  -0.0133973    0.195154
0.000822583    0.074896  0.00666903 -0.00222774
 -0.0133973  0.00666903    0.073509   -0.007333
   0.195154 -0.00222774   -0.007333    0.416089
IMAGINARY
          0  0.00176904  -0.0123841   0.0158989
-0.00176904           0  0.00328269  -0.0197371
  0.0123841 -0.00328269           0   0.0242916
 -0.0158989   0.0197371  -0.0242916           0
Repeater1[0]<--->EndNode1[0]
REAL
   0.413127  0.00973697 -0.00141989    0.175407
 0.00973697   0.0746461  -0.0245932   0.0108066
-0.00141989  -0.0245932   0.0913771  0.00841071
   0.175407   0.0108066  0.00841071    0.420849
IMAGINARY
         0  0.0270772 -0.0148864 -0.0260508
-0.0270772          0  0.0021274 -0.0123864
 0.0148864 -0.0021274          0  0.0118838
 0.0260508  0.0123864 -0.0118838          0
Repeater1[0]<--->HoM1[0]
REAL
   0.435506  -0.0133973 0.000822583    0.195154
 -0.0133973    0.073509  0.00666903   -0.007333
0.000822583  0.00666903    0.074896 -0.00222774
   0.195154   -0.007333 -0.00222774    0.416089
IMAGINARY
          0  -0.0123841  0.00176904   0.0158989
  0.0123841           0 -0.00328269   0.0242916
-0.00176904  0.00328269           0  -0.0197371
 -0.0158989  -0.0242916   0.0197371           0
EndNode1[0]<--->Repeater1[0]
REAL
   0.434783 -0.00769325 -0.00368737    0.190901
-0.00769325    0.056101   0.0084859   -0.014104
-0.00368737   0.0084859    0.056101  0.00830675
   0.190901   -0.014104  0.00830675    0.453015
IMAGINARY
          0 -0.00648912  -0.0174383   0.0267812
 0.00648912           0   0.0225694   0.0305617
  0.0174383  -0.0225694           0  0.00123978
 -0.0267812  -0.0305617 -0.00123978           0
EndNode2[0]<--->HoM1[0]
REAL
   0.430095    0.012962  0.00686286    0.180047
   0.012962   0.0616114   0.0160573 -0.00296676
 0.00686286   0.0160573   0.0746445  0.00911588
   0.180047 -0.00296676  0.00911588    0.433649
IMAGINARY
           0  0.000951312    0.0305378   0.00925676
-0.000951312            0   0.00425676  -0.00711079
  -0.0305378  -0.00425676            0  -0.00429803
 -0.00925676   0.00711079   0.00429803            0
Repeater1[0]<--->EndNode1[0]
REAL
   0.434783 -0.00368737 -0.00769325    0.190901
-0.00368737    0.056101   0.0084859  0.00830675
-0.00769325   0.0084859    0.056101   -0.014104
   0.190901  0.00830675   -0.014104    0.453015
IMAGINARY
          0  -0.0174383 -0.00648912   0.0267812
  0.0174383           0  -0.0225694  0.00123978
 0.00648912   0.0225694           0   0.0305617
 -0.0267812 -0.00123978  -0.0305617           0
Repeater1[0]<--->HoM1[0]
REAL
   0.430095  0.00686286    0.012962    0.180047
 0.00686286   0.0746445   0.0160573  0.00911588
   0.012962   0.0160573   0.0616114 -0.00296676
   0.180047  0.00911588 -0.00296676    0.433649
IMAGINARY
           0    0.0305378  0.000951312   0.00925676
  -0.0305378            0  -0.00425676  -0.00429803
-0.000951312   0.00425676            0  -0.00711079
 -0.00925676   0.00429803   0.00711079            0
EndNode1[0]<--->Repeater1[0]
REAL
  0.451415 0.00971866  0.0079549   0.179178
0.00971866  0.0615006 0.00573488 -0.0139629
 0.0079549 0.00573488  0.0774908  0.0296672
  0.179178 -0.0139629  0.0296672   0.409594
IMAGINARY
          0 -0.00179559 -0.00219758   0.0260087
 0.00179559           0   0.0222208 -0.00352033
 0.00219758  -0.0222208           0  -0.0191701
 -0.0260087  0.00352033   0.0191701           0
EndNode2[0]<--->HoM1[0]
REAL
    0.437423    0.0336083    0.0112115     0.190418
   0.0336083    0.0793061  -0.00578475 -0.000890405
   0.0112115  -0.00578475    0.0743494   0.00538251
    0.190418 -0.000890405   0.00538251     0.408922
IMAGINARY
          0  -0.0199556 -0.00319934 -0.00973847
  0.0199556           0  -0.0122322 -0.00453624
 0.00319934   0.0122322           0   0.0108136
 0.00973847  0.00453624  -0.0108136           0
Repeater1[0]<--->EndNode1[0]
REAL
  0.451415  0.0079549 0.00971866   0.179178
 0.0079549  0.0774908 0.00573488  0.0296672
0.00971866 0.00573488  0.0615006 -0.0139629
  0.179178  0.0296672 -0.0139629   0.409594
IMAGINARY
          0 -0.00219758 -0.00179559   0.0260087
 0.00219758           0  -0.0222208  -0.0191701
 0.00179559   0.0222208           0 -0.00352033
 -0.0260087   0.0191701  0.00352033           0
Repeater1[0]<--->HoM1[0]
REAL
    0.437423    0.0112115    0.0336083     0.190418
   0.0112115    0.0743494  -0.00578475   0.00538251
   0.0336083  -0.00578475    0.0793061 -0.000890405
    0.190418   0.00538251 -0.000890405     0.408922
IMAGINARY
          0 -0.00319934  -0.0199556 -0.00973847
 0.00319934           0   0.0122322   0.0108136
  0.0199556  -0.0122322           0 -0.00453624
 0.00973847  -0.0108136  0.00453624           0
EndNode1[0]<--->Repeater1[0]
REAL
    0.454892    0.0013624 -0.000276655     0.194481
   0.0013624    0.0724269    0.0126035   0.00163905
-0.000276655    0.0126035     0.064803    0.0013624
    0.194481   0.00163905    0.0013624     0.407878
IMAGINARY
          0  -0.0231085   0.0337985  0.00457603
  0.0231085           0 -0.00856539 -0.00446346
 -0.0337985  0.00856539           0  -0.0349097
-0.00457603  0.00446346   0.0349097           0
EndNode2[0]<--->HoM1[0]
REAL
   0.448586  -0.0126101  0.00462366    0.203962
 -0.0126101   0.0449871 -0.00646236  0.00662634
 0.00462366 -0.00646236    0.066838  0.00636009
   0.203962  0.00662634  0.00636009    0.439589
IMAGINARY
          0   0.0309756  -0.0325201 -0.00670729
 -0.0309756           0 -0.00859884   0.0138586
  0.0325201  0.00859884           0  0.00956498
 0.00670729  -0.0138586 -0.00956498           0
Repeater1[0]<--->EndNode1[0]
REAL
    0.454892 -0.000276655    0.0013624     0.194481
-0.000276655     0.064803    0.0126035    0.0013624
   0.0013624    0.0126035    0.0724269   0.00163905
    0.194481    0.0013624   0.00163905     0.407878
IMAGINARY
          0   0.0337985  -0.0231085  0.00457603
 -0.0337985           0  0.00856539  -0.0349097
  0.0231085 -0.00856539           0 -0.00446346
-0.00457603   0.0349097  0.00446346           0
Repeater1[0]<--->HoM1[0]
REAL
   0.448586  0.00462366  -0.0126101    0.203962
 0.00462366    0.066838 -0.00646236  0.00636009
 -0.0126101 -0.00646236   0.0449871  0.00662634
   0.203962  0.00636009  0.00662634    0.439589
IMAGINARY
          0  -0.0325201   0.0309756 -0.00670729
  0.0325201           0  0.00859884  0.00956498
 -0.0309756 -0.00859884           0   0.0138586
 0.00670729 -0.00956498  -0.0138586           0
EndNode1[0]<--->Repeater1[0]
REAL
   0.43199 0.00164434 0.00481429   0.173384
0.00164434  0.0680101 0.00218843  0.0244478
0.00481429 0.00218843  0.0755668  0.0110783
  0.173384  0.0244478  0.0110783   0.424433
IMAGINARY
          0  0.00944416 -0.00158232  0.00950506
-0.00944416           0  0.00572673 -0.00656985
 0.00158232 -0.00572673           0  0.00686018
-0.00950506  0.00656985 -0.00686018           0
EndNode2[0]<--->HoM1[0]
REAL
    0.411168   0.00261449 -0.000576299     0.188376
  0.00261449    0.0850254   0.00513021    0.0031737
-0.000576299   0.00513021    0.0736041 -1.70882e-05
    0.188376    0.0031737 -1.70882e-05     0.430203
IMAGINARY
          0  -0.0112144  0.00620684  -0.0036348
  0.0112144           0   0.0155247   -0.016678
-0.00620684  -0.0155247           0    0.003361
  0.0036348    0.016678   -0.003361           0
Repeater1[0]<--->EndNode1[0]
REAL
   0.43199 0.00481429 0.00164434   0.173384
0.00481429  0.0755668 0.00218843  0.0110783
0.00164434 0.00218843  0.0680101  0.0244478
  0.173384  0.0110783  0.0244478   0.424433
IMAGINARY
          0 -0.00158232  0.00944416  0.00950506
 0.00158232           0 -0.00572673  0.00686018
-0.00944416  0.00572673           0 -0.00656985
-0.00950506 -0.00686018  0.00656985           0
Repeater1[0]<--->HoM1[0]
REAL
    0.411168 -0.000576299   0.00261449     0.188376
-0.000576299    0.0736041   0.00513021 -1.70882e-05
  0.00261449   0.00513021    0.0850254    0.0031737
    0.188376 -1.70882e-05    0.0031737     0.430203
IMAGINARY
          0  0.00620684  -0.0112144  -0.0036348
-0.00620684           0  -0.0155247    0.003361
  0.0112144   0.0155247           0   -0.016678
  0.0036348   -0.003361    0.016678           0
EndNode1[0]<--->Repeater1[0]
REAL
  0.449005 0.00720595 0.00254746   0.197995
0.00720595  0.0435323 0.00907607  0.0113414
0.00254746 0.00907607  0.0597015  0.0243597
  0.197995  0.0113414  0.0243597   0.447761
IMAGINARY
           0   -0.0160214   -0.0052276   -0.0147944
   0.0160214            0 -0.000434057   0.00322493
   0.0052276  0.000434057            0   0.00867824
   0.0147944  -0.00322493  -0.00867824            0
EndNode2[0]<--->HoM1[0]
REAL
   0.443243   0.0194605  0.00878328    0.167136
  0.0194605   0.0540541 -0.00945402 -0.00204474
 0.00878328 -0.00945402   0.0743243   0.0034506
   0.167136 -0.00204474   0.0034506    0.428378
IMAGINARY
          0   0.0121486  -0.0103845  0.00380712
 -0.0121486           0   0.0253854  -0.0268279
  0.0103845  -0.0253854           0   0.0047661
-0.00380712   0.0268279  -0.0047661           0
Repeater1[0]<--->EndNode1[0]
REAL
  0.449005 0.00254746 0.00720595   0.197995
0.00254746  0.0597015 0.00907607  0.0243597
0.00720595 0.00907607  0.0435323  0.0113414
  0.197995  0.0243597  0.0113414   0.447761
IMAGINARY
           0   -0.0052276   -0.0160214   -0.0147944
   0.0052276            0  0.000434057   0.00867824
   0.0160214 -0.000434057            0   0.00322493
   0.0147944  -0.00867824  -0.00322493            0
Repeater1[0]<--->HoM1[0]
REAL
   0.443243  0.00878328   0.0194605    0.167136
 0.00878328   0.0743243 -0.00945402   0.0034506
  0.0194605 -0.00945402   0.0540541 -0.00204474
   0.167136   0.0034506 -0.00204474    0.428378
IMAGINARY
          0  -0.0103845   0.0121486  0.00380712
  0.0103845           0  -0.0253854   0.0047661
 -0.0121486   0.0253854           0  -0.0268279
-0.00380712  -0.0047661   0.0268279           0
EndNode1[0]<--->Repeater1[0]
REAL
  0.458667  -0.011713 0.00555655   0.195912
 -0.011713  0.0786667 0.00682582 0.00291803
0.00555655 0.00682582      0.048 0.00193464
  0.195912 0.00291803 0.00193464   0.414667
IMAGINARY
           0   0.00884489   -0.0123986   -0.0166667
 -0.00884489            0    0.0095146  0.000977238
   0.0123986   -0.0095146            0  -0.00123068
   0.0166667 -0.000977238   0.00123068            0
EndNode2[0]<--->HoM1[0]
REAL
    0.431734 -0.000453056   -0.0239142     0.170857
-0.000453056    0.0479705    0.0020753   -0.0186923
  -0.0239142    0.0020753    0.0664207   -0.0158377
    0.170857   -0.0186923   -0.0158377     0.453875
IMAGINARY
          0  -0.0102561   0.0139486   0.0098917
  0.0102561           0  -0.0027581   0.0266605
 -0.0139486   0.0027581           0 -0.00116521
 -0.0098917  -0.0266605  0.00116521           0
Repeater1[0]<--->EndNode1[0]
REAL
  0.458667 0.00555655  -0.011713   0.195912
0.00555655      0.048 0.00682582 0.00193464
 -0.011713 0.00682582  0.0786667 0.00291803
  0.195912 0.00193464 0.00291803   0.414667
IMAGINARY
           0   -0.0123986   0.00884489   -0.0166667
   0.0123986            0   -0.0095146  -0.00123068
 -0.00884489    0.0095146            0  0.000977238
   0.0166667   0.00123068 -0.000977238            0
Repeater1[0]<--->HoM1[0]
REAL
    0.431734   -0.0239142 -0.000453056     0.170857
  -0.0239142    0.0664207    0.0020753   -0.0158377
-0.000453056    0.0020753    0.0479705   -0.0186923
    0.170857   -0.0158377   -0.0186923     0.453875
IMAGINARY
          0   0.0139486  -0.0102561   0.0098917
 -0.0139486           0   0.0027581 -0.00116521
  0.0102561  -0.0027581           0   0.0266605
 -0.0098917  0.00116521  -0.0266605           0
EndNode1[0]<--->Repeater1[0]
REAL
   0.429719   0.0117361   0.0115537    0.202412
  0.0117361   0.0763052   0.0265595 -0.00287544
  0.0115537   0.0265595   0.0655957 -0.00439295
   0.202412 -0.00287544 -0.00439295     0.42838
IMAGINARY
          0 -0.00663533  -0.0212628 -0.00848812
 0.00663533           0   0.0154413   0.0068271
  0.0212628  -0.0154413           0  -0.0117374
 0.00848812  -0.0068271   0.0117374           0
EndNode2[0]<--->HoM1[0]
REAL
   0.414853  0.00925038 -0.00723794    0.210023
 0.00925038   0.0768246  -0.0130536  0.00850056
-0.00723794  -0.0130536   0.0653009  -0.0155635
   0.210023  0.00850056  -0.0155635    0.443022
IMAGINARY
          0  -0.0147075 -0.00404007   0.0329907
  0.0147075           0  -0.0201702  -0.0126266
 0.00404007   0.0201702           0   0.0134255
 -0.0329907   0.0126266  -0.0134255           0
Repeater1[0]<--->EndNode1[0]
REAL
   0.429719   0.0115537   0.0117361    0.202412
  0.0115537   0.0655957   0.0265595 -0.00439295
  0.0117361   0.0265595   0.0763052 -0.00287544
   0.202412 -0.00439295 -0.00287544     0.42838
IMAGINARY
          0  -0.0212628 -0.00663533 -0.00848812
  0.0212628           0  -0.0154413  -0.0117374
 0.00663533   0.0154413           0   0.0068271
 0.00848812   0.0117374  -0.0068271           0
Repeater1[0]<--->HoM1[0]
REAL
   0.414853 -0.00723794  0.00925038    0.210023
-0.00723794   0.0653009  -0.0130536  -0.0155635
 0.00925038  -0.0130536   0.0768246  0.00850056
   0.210023  -0.0155635  0.00850056    0.443022
IMAGINARY
          0 -0.00404007  -0.0147075   0.0329907
 0.00404007           0   0.0201702   0.0134255
  0.0147075  -0.0201702           0  -0.0126266
 -0.0329907  -0.0134255   0.0126266           0
EndNode1[0]<--->Repeater1[0]
REAL
   0.449682 -0.00212693   0.0144669    0.174477
-0.00212693   0.0585987  0.00823864   0.0102245
  0.0144669  0.00823864   0.0738854  0.00583063
   0.174477   0.0102245  0.00583063    0.417834
IMAGINARY
          0  -0.0201911  -0.0135622  -0.0156962
  0.0201911           0  -0.0190976   0.0116367
  0.0135622   0.0190976           0 -0.00612465
  0.0156962  -0.0116367  0.00612465           0
EndNode2[0]<--->HoM1[0]
REAL
   0.401575   0.0304624 -0.00849041    0.188078
  0.0304624   0.0748031   0.0157683   0.0213109
-0.00849041   0.0157683   0.0866142   0.0118453
   0.188078   0.0213109   0.0118453    0.437008
IMAGINARY
          0  0.00344849 -0.00479837  0.00611687
-0.00344849           0  -0.0144824  -0.0127349
 0.00479837   0.0144824           0   0.0249675
-0.00611687   0.0127349  -0.0249675           0
Repeater1[0]<--->EndNode1[0]
REAL
   0.449682   0.0144669 -0.00212693    0.174477
  0.0144669   0.0738854  0.00823864  0.00583063
-0.00212693  0.00823864   0.0585987   0.0102245
   0.174477  0.00583063   0.0102245    0.417834
IMAGINARY
          0  -0.0135622  -0.0201911  -0.0156962
  0.0135622           0   0.0190976 -0.00612465
  0.0201911  -0.0190976           0   0.0116367
  0.0156962  0.00612465  -0.0116367           0
Repeater1[0]<--->HoM1[0]
REAL
   0.401575 -0.00849041   0.0304624    0.188078
-0.00849041   0.0866142   0.0157683   0.0118453
  0.0304624   0.0157683   0.0748031   0.0213109
   0.188078   0.0118453   0.0213109    0.437008
IMAGINARY
          0 -0.00479837  0.00344849  0.00611687
 0.00479837           0   0.0144824   0.0249675
-0.00344849  -0.0144824           0  -0.0127349
-0.00611687  -0.0249675   0.0127349           0
EndNode1[0]<--->Repeater1[0]
REAL
   0.456774  0.00767742 -0.00268726    0.180375
 0.00767742   0.0696774  0.00629145   0.0146873
-0.00268726  0.00629145   0.0632258  0.00832258
   0.180375   0.0146873  0.00832258    0.410323
IMAGINARY
           0    0.0213169  -0.00841843   0.00511762
  -0.0213169            0  0.000659019   0.00710952
  0.00841843 -0.000659019            0   0.00486116
 -0.00511762  -0.00710952  -0.00486116            0
EndNode2[0]<--->HoM1[0]
REAL
   0.432895 -0.00131179 -0.00883838     0.17617
-0.00131179   0.0776316 -0.00319069  0.00378788
-0.00883838 -0.00319069        0.05  -0.0353044
    0.17617  0.00378788  -0.0353044    0.439474
IMAGINARY
          0   0.0171998  -0.0143325  0.00194879
 -0.0171998           0 -0.00910093  0.00819001
  0.0143325  0.00910093           0   0.0073702
-0.00194879 -0.00819001  -0.0073702           0
Repeater1[0]<--->EndNode1[0]
REAL
   0.456774 -0.00268726  0.00767742    0.180375
-0.00268726   0.0632258  0.00629145  0.00832258
 0.00767742  0.00629145   0.0696774   0.0146873
   0.180375  0.00832258   0.0146873    0.410323
IMAGINARY
           0  -0.00841843    0.0213169   0.00511762
  0.00841843            0 -0.000659019   0.00486116
  -0.0213169  0.000659019            0   0.00710952
 -0.00511762  -0.00486116  -0.00710952            0
Repeater1[0]<--->HoM1[0]
REAL
   0.432895 -0.00883838 -0.00131179     0.17617
-0.00883838        0.05 -0.00319069  -0.0353044
-0.00131179 -0.00319069   0.0776316  0.00378788
    0.17617  -0.0353044  0.00378788    0.439474
IMAGINARY
          0  -0.0143325   0.0171998  0.00194879
  0.0143325           0  0.00910093   0.0073702
 -0.0171998 -0.00910093           0  0.00819001
-0.00194879  -0.0073702 -0.00819001           0
EndNode1[0]<--->Repeater1[0]
REAL
   0.432577 -0.00662494  -0.0121505    0.176718
-0.00662494   0.0654206  0.00794444    0.011537
 -0.0121505  0.00794444    0.070761  0.00478445
   0.176718    0.011537  0.00478445    0.431242
IMAGINARY
           0     0.018681  -0.00942711   -0.0368513
   -0.018681            0 -0.000581863  -0.00511145
  0.00942711  0.000581863            0  0.000914476
   0.0368513   0.00511145 -0.000914476            0
EndNode2[0]<--->HoM1[0]
REAL
    0.427491  -0.00139529   -0.0150264     0.201138
 -0.00139529    0.0832282 -0.000106943 -0.000437529
  -0.0150264 -0.000106943     0.074401  -0.00375935
    0.201138 -0.000437529  -0.00375935      0.41488
IMAGINARY
          0  -0.0102012   0.0146159 -0.00660215
  0.0102012           0  -0.0227312  0.00820566
 -0.0146159   0.0227312           0 -0.00708787
 0.00660215 -0.00820566  0.00708787           0
Repeater1[0]<--->EndNode1[0]
REAL
   0.432577  -0.0121505 -0.00662494    0.176718
 -0.0121505    0.070761  0.00794444  0.00478445
-0.00662494  0.00794444   0.0654206    0.011537
   0.176718  0.00478445    0.011537    0.431242
IMAGINARY
           0  -0.00942711     0.018681   -0.0368513
  0.00942711            0  0.000581863  0.000914476
   -0.018681 -0.000581863            0  -0.00511145
   0.0368513 -0.000914476   0.00511145            0
Repeater1[0]<--->HoM1[0]
REAL
    0.427491   -0.0150264  -0.00139529     0.201138
  -0.0150264     0.074401 -0.000106943  -0.00375935
 -0.00139529 -0.000106943    0.0832282 -0.000437529
    0.201138  -0.00375935 -0.000437529      0.41488
IMAGINARY
          0   0.0146159  -0.0102012 -0.00660215
 -0.0146159           0   0.0227312 -0.00708787
  0.0102012  -0.0227312           0  0.00820566
 0.00660215  0.00708787 -0.00820566           0
EndNode1[0]<--->Repeater1[0]
REAL
   0.454208 -0.00351632  0.00406561    0.179597
-0.00351632   0.0606436  0.00355798 -0.00941321
 0.00406561  0.00355798   0.0643564  -0.0165372
   0.179597 -0.00941321  -0.0165372    0.420792
IMAGINARY
           0   0.00302372  -0.00661779   -0.0103448
 -0.00302372            0 -0.000766284    0.0274002
  0.00661779  0.000766284            0    0.0189812
   0.0103448   -0.0274002   -0.0189812            0
EndNode2[0]<--->HoM1[0]
REAL
   0.419708  -0.0258852  -0.0160962    0.190335
 -0.0258852   0.0559611   0.0128281   0.0100135
 -0.0160962   0.0128281   0.0729927 -0.00452842
   0.190335   0.0100135 -0.00452842    0.451338
IMAGINARY
          0  0.00930859  0.00867956  -0.0123826
-0.00930859           0 -0.00127149  0.00080554
-0.00867956  0.00127149           0 -0.00253352
  0.0123826 -0.00080554  0.00253352           0
Repeater1[0]<--->EndNode1[0]
REAL
   0.454208  0.00406561 -0.00351632    0.179597
 0.00406561   0.0643564  0.00355798  -0.0165372
-0.00351632  0.00355798   0.0606436 -0.00941321
   0.179597  -0.0165372 -0.00941321    0.420792
IMAGINARY
           0  -0.00661779   0.00302372   -0.0103448
  0.00661779            0  0.000766284    0.0189812
 -0.00302372 -0.000766284            0    0.0274002
   0.0103448   -0.0189812   -0.0274002            0
Repeater1[0]<--->HoM1[0]
REAL
   0.419708  -0.0160962  -0.0258852    0.190335
 -0.0160962   0.0729927   0.0128281 -0.00452842
 -0.0258852   0.0128281   0.0559611   0.0100135
   0.190335 -0.00452842   0.0100135    0.451338
IMAGINARY
          0  0.00867956  0.00930859  -0.0123826
-0.00867956           0  0.00127149 -0.00253352
-0.00930859 -0.00127149           0  0.00080554
  0.0123826  0.00253352 -0.00080554           0
EndNode1[0]<--->Repeater1[0]
REAL
   0.426357 -0.00455888  -0.0124105    0.194246
-0.00455888   0.0762274  0.00549613   0.0059672
 -0.0124105  0.00549613   0.0671835 -0.00832772
   0.194246   0.0059672 -0.00832772    0.430233
IMAGINARY
           0   0.00935596  -0.00414258   0.00728909
 -0.00935596            0  -0.00209429 -0.000857424
  0.00414258   0.00209429            0     0.011894
 -0.00728909  0.000857424    -0.011894            0
EndNode2[0]<--->HoM1[0]
REAL
   0.420981    0.011909  -0.0206387    0.222783
   0.011909   0.0722071  0.00609473   0.0187471
 -0.0206387  0.00609473   0.0667575 -0.00245128
   0.222783   0.0187471 -0.00245128    0.440054
IMAGINARY
           0   0.00216415  0.000535308    0.0076705
 -0.00216415            0    0.0113834   -0.0167061
-0.000535308   -0.0113834            0  -0.00281098
  -0.0076705    0.0167061   0.00281098            0
Repeater1[0]<--->EndNode1[0]
REAL
   0.426357  -0.0124105 -0.00455888    0.194246
 -0.0124105   0.0671835  0.00549613 -0.00832772
-0.00455888  0.00549613   0.0762274   0.0059672
   0.194246 -0.00832772   0.0059672    0.430233
IMAGINARY
           0  -0.00414258   0.00935596   0.00728909
  0.00414258            0   0.00209429     0.011894
 -0.00935596  -0.00209429            0 -0.000857424
 -0.00728909    -0.011894  0.000857424            0
Repeater1[0]<--->HoM1[0]
REAL
   0.420981  -0.0206387    0.011909    0.222783
 -0.0206387   0.0667575  0.00609473 -0.00245128
   0.011909  0.00609473   0.0722071   0.0187471
   0.222783 -0.00245128   0.0187471    0.440054
IMAGINARY
           0  0.000535308   0.00216415    0.0076705
-0.000535308            0   -0.0113834  -0.00281098
 -0.00216415    0.0113834            0   -0.0167061
  -0.0076705   0.00281098    0.0167061            0
EndNode1[0]<--->Repeater1[0]
REAL
    0.423423  -0.00122618   -0.0247445     0.167852
 -0.00122618    0.0733591   0.00203906   -0.0169725
  -0.0247445   0.00203906    0.0849421 -0.000587608
    0.167852   -0.0169725 -0.000587608     0.418275
IMAGINARY
          0  0.00226388  0.00405861 -0.00169617
-0.00226388           0  -0.0126251 -0.00725963
-0.00405861   0.0126251           0 -0.00290408
 0.00169617  0.00725963  0.00290408           0
EndNode2[0]<--->HoM1[0]
REAL
  0.425245 -0.0262532 -0.0131005   0.198988
-0.0262532   0.064951  0.0225955 0.00224479
-0.0131005  0.0225955  0.0808824 -0.0305795
  0.198988 0.00224479 -0.0305795   0.428922
IMAGINARY
           0    0.0147143  0.000376778   -0.0164426
  -0.0147143            0   -0.0170731   -0.0109869
-0.000376778    0.0170731            0    0.0012008
   0.0164426    0.0109869   -0.0012008            0
Repeater1[0]<--->EndNode1[0]
REAL
    0.423423   -0.0247445  -0.00122618     0.167852
  -0.0247445    0.0849421   0.00203906 -0.000587608
 -0.00122618   0.00203906    0.0733591   -0.0169725
    0.167852 -0.000587608   -0.0169725     0.418275
IMAGINARY
          0  0.00405861  0.00226388 -0.00169617
-0.00405861           0   0.0126251 -0.00290408
-0.00226388  -0.0126251           0 -0.00725963
 0.00169617  0.00290408  0.00725963           0
Repeater1[0]<--->HoM1[0]
REAL
  0.425245 -0.0131005 -0.0262532   0.198988
-0.0131005  0.0808824  0.0225955 -0.0305795
-0.0262532  0.0225955   0.064951 0.00224479
  0.198988 -0.0305795 0.00224479   0.428922
IMAGINARY
           0  0.000376778    0.0147143   -0.0164426
-0.000376778            0    0.0170731    0.0012008
  -0.0147143   -0.0170731            0   -0.0109869
   0.0164426   -0.0012008    0.0109869            0
EndNode1[0]<--->Repeater1[0]
REAL
   0.451572  0.00937069 -0.00972684     0.20619
 0.00937069   0.0591195   0.0010963  -0.0103737
-0.00972684   0.0010963   0.0578616  -0.0131395
    0.20619  -0.0103737  -0.0131395    0.431447
IMAGINARY
          0  0.00210132  0.00663717  -0.0100259
-0.00210132           0   0.0100259 -0.00663717
-0.00663717  -0.0100259           0 -0.00478228
  0.0100259  0.00663717  0.00478228           0
EndNode2[0]<--->HoM1[0]
REAL
   0.456839  0.00343295  -0.0156917    0.185044
 0.00343295   0.0730412 -0.00473706    0.014413
 -0.0156917 -0.00473706   0.0783533   -0.020057
   0.185044    0.014413   -0.020057    0.391766
IMAGINARY
          0  0.00193872   0.0118282  -0.0102219
-0.00193872           0 -0.00504058 -0.00209585
 -0.0118282  0.00504058           0 -0.00802144
  0.0102219  0.00209585  0.00802144           0
Repeater1[0]<--->EndNode1[0]
REAL
   0.451572 -0.00972684  0.00937069     0.20619
-0.00972684   0.0578616   0.0010963  -0.0131395
 0.00937069   0.0010963   0.0591195  -0.0103737
    0.20619  -0.0131395  -0.0103737    0.431447
IMAGINARY
          0  0.00663717  0.00210132  -0.0100259
-0.00663717           0  -0.0100259 -0.00478228
-0.00210132   0.0100259           0 -0.00663717
  0.0100259  0.00478228  0.00663717           0
Repeater1[0]<--->HoM1[0]
REAL
   0.456839  -0.0156917  0.00343295    0.185044
 -0.0156917   0.0783533 -0.00473706   -0.020057
 0.00343295 -0.00473706   0.0730412    0.014413
   0.185044   -0.020057    0.014413    0.391766
IMAGINARY
          0   0.0118282  0.00193872  -0.0102219
 -0.0118282           0  0.00504058 -0.00802144
-0.00193872 -0.00504058           0 -0.00209585
  0.0102219  0.00802144  0.00209585           0
EndNode1[0]<--->Repeater1[0]
REAL
   0.409608  0.00702521  0.00513705     0.18368
 0.00702521   0.0644753 -0.00324232  0.00640609
 0.00513705 -0.00324232   0.0733249 -0.00884781
    0.18368  0.00640609 -0.00884781    0.452592
IMAGINARY
          0   0.0132446  -0.0154948  0.00687849
 -0.0132446           0  -0.0185668   0.0227603
  0.0154948   0.0185668           0 -0.00333705
-0.00687849  -0.0227603  0.00333705           0
EndNode2[0]<--->HoM1[0]
REAL
   0.400257 0.000794397  -0.0106482    0.201743
0.000794397   0.0733591 -0.00659014 -0.00210685
 -0.0106482 -0.00659014   0.0746461   0.0183383
   0.201743 -0.00210685   0.0183383    0.451737
IMAGINARY
           0   0.00593617   -0.0187296  -0.00498757
 -0.00593617            0   0.00306695   0.00440667
   0.0187296  -0.00306695            0  0.000574243
  0.00498757  -0.00440667 -0.000574243            0
Repeater1[0]<--->EndNode1[0]
REAL
   0.409608  0.00513705  0.00702521     0.18368
 0.00513705   0.0733249 -0.00324232 -0.00884781
 0.00702521 -0.00324232   0.0644753  0.00640609
    0.18368 -0.00884781  0.00640609    0.452592
IMAGINARY
          0  -0.0154948   0.0132446  0.00687849
  0.0154948           0   0.0185668 -0.00333705
 -0.0132446  -0.0185668           0   0.0227603
-0.00687849  0.00333705  -0.0227603           0
Repeater1[0]<--->HoM1[0]
REAL
   0.400257  -0.0106482 0.000794397    0.201743
 -0.0106482   0.0746461 -0.00659014   0.0183383
0.000794397 -0.00659014   0.0733591 -0.00210685
   0.201743   0.0183383 -0.00210685    0.451737
IMAGINARY
           0   -0.0187296   0.00593617  -0.00498757
   0.0187296            0  -0.00306695  0.000574243
 -0.00593617   0.00306695            0   0.00440667
  0.00498757 -0.000574243  -0.00440667            0
EndNode1[0]<--->Repeater1[0]
REAL
  0.449424 0.00219467 0.00492611   0.179186
0.00219467  0.0678617 0.00791509 -0.0030104
0.00492611 0.00791509  0.0627401  0.0112153
  0.179186 -0.0030104  0.0112153   0.419974
IMAGINARY
          0   0.0290627  -0.0139211  0.00208925
 -0.0290627           0  -0.0144752  -0.0164656
  0.0139211   0.0144752           0   0.0123738
-0.00208925   0.0164656  -0.0123738           0
EndNode2[0]<--->HoM1[0]
REAL
   0.444299  -0.0205434  0.00335593    0.189329
 -0.0205434   0.0642202 -0.00525901  0.00266817
 0.00335593 -0.00525901   0.0629096  -0.0109157
   0.189329  0.00266817  -0.0109157    0.428571
IMAGINARY
          0  0.00551571   0.0249247  0.00708677
-0.00551571           0     0.01404   0.0150237
 -0.0249247    -0.01404           0 -0.00293839
-0.00708677  -0.0150237  0.00293839           0
Repeater1[0]<--->EndNode1[0]
REAL
  0.449424 0.00492611 0.00219467   0.179186
0.00492611  0.0627401 0.00791509  0.0112153
0.00219467 0.00791509  0.0678617 -0.0030104
  0.179186  0.0112153 -0.0030104   0.419974
IMAGINARY
          0  -0.0139211   0.0290627  0.00208925
  0.0139211           0   0.0144752   0.0123738
 -0.0290627  -0.0144752           0  -0.0164656
-0.00208925  -0.0123738   0.0164656           0
Repeater1[0]<--->HoM1[0]
REAL
   0.444299  0.00335593  -0.0205434    0.189329
 0.00335593   0.0629096 -0.00525901  -0.0109157
 -0.0205434 -0.00525901   0.0642202  0.00266817
   0.189329  -0.0109157  0.00266817    0.428571
IMAGINARY
          0   0.0249247  0.00551571  0.00708677
 -0.0249247           0    -0.01404 -0.00293839
-0.00551571     0.01404           0   0.0150237
-0.00708677  0.00293839  -0.0150237           0
EndNode1[0]<--->Repeater1[0]
REAL
   0.447861 -0.00661676  -0.0148029    0.186939
-0.00661676   0.0628342 -0.00882178  0.00208024
 -0.0148029 -0.00882178   0.0548128  -0.0175563
   0.186939  0.00208024  -0.0175563    0.434492
IMAGINARY
          0  -0.0241663   0.0173124 -0.00566287
  0.0241663           0  -0.0158425   0.0338098
 -0.0173124   0.0158425           0 -0.00949958
 0.00566287  -0.0338098  0.00949958           0
EndNode2[0]<--->HoM1[0]
REAL
   0.424658  0.00156659   0.0031222    0.184119
 0.00156659   0.0734745   0.0152359  0.00784554
  0.0031222   0.0152359   0.0635118 -0.00221175
   0.184119  0.00784554 -0.00221175    0.438356
IMAGINARY
          0   0.0113032   0.0126846   -0.015312
 -0.0113032           0  -0.0105501 -0.00736549
 -0.0126846   0.0105501           0   0.0113032
   0.015312  0.00736549  -0.0113032           0
Repeater1[0]<--->EndNode1[0]
REAL
   0.447861  -0.0148029 -0.00661676    0.186939
 -0.0148029   0.0548128 -0.00882178  -0.0175563
-0.00661676 -0.00882178   0.0628342  0.00208024
   0.186939  -0.0175563  0.00208024    0.434492
IMAGINARY
          0   0.0173124  -0.0241663 -0.00566287
 -0.0173124           0   0.0158425 -0.00949958
  0.0241663  -0.0158425           0   0.0338098
 0.00566287  0.00949958  -0.0338098           0
Repeater1[0]<--->HoM1[0]
REAL
   0.424658   0.0031222  0.00156659    0.184119
  0.0031222   0.0635118   0.0152359 -0.00221175
 0.00156659   0.0152359   0.0734745  0.00784554
   0.184119 -0.00221175  0.00784554    0.438356
IMAGINARY
          0   0.0126846   0.0113032   -0.015312
 -0.0126846           0   0.0105501   0.0113032
 -0.0113032  -0.0105501           0 -0.00736549
   0.015312  -0.0113032  0.00736549           0
EndNode1[0]<--->Repeater1[0]
REAL
  0.399734 -0.0234143 0.00420228   0.178851
-0.0234143  0.0796813 0.00961043 0.00990028
0.00420228 0.00961043  0.0743692 0.00290148
  0.178851 0.00990028 0.00290148   0.446215
IMAGINARY
           0  -0.00775418  -0.00485802   -0.0303635
  0.00775418            0   -0.0196968  -0.00865549
  0.00485802    0.0196968            0 -0.000611326
   0.0303635   0.00865549  0.000611326            0
EndNode2[0]<--->HoM1[0]
REAL
  0.451058 0.00953442  0.0122146   0.173096
0.00953442  0.0582011  0.0106431 0.00891213
 0.0122146  0.0106431  0.0555556  0.0282377
  0.173096 0.00891213  0.0282377   0.435185
IMAGINARY
           0    0.0156954   -0.0141144    0.0161328
  -0.0156954            0     0.011095  0.000840075
   0.0141144    -0.011095            0    0.0089569
  -0.0161328 -0.000840075   -0.0089569            0
Repeater1[0]<--->EndNode1[0]
REAL
  0.399734 0.00420228 -0.0234143   0.178851
0.00420228  0.0743692 0.00961043 0.00290148
-0.0234143 0.00961043  0.0796813 0.00990028
  0.178851 0.00290148 0.00990028   0.446215
IMAGINARY
           0  -0.00485802  -0.00775418   -0.0303635
  0.00485802            0    0.0196968 -0.000611326
  0.00775418   -0.0196968            0  -0.00865549
   0.0303635  0.000611326   0.00865549            0
Repeater1[0]<--->HoM1[0]
REAL
  0.451058  0.0122146 0.00953442   0.173096
 0.0122146  0.0555556  0.0106431  0.0282377
0.00953442  0.0106431  0.0582011 0.00891213
  0.173096  0.0282377 0.00891213   0.435185
IMAGINARY
           0   -0.0141144    0.0156954    0.0161328
   0.0141144            0    -0.011095    0.0089569
  -0.0156954     0.011095            0  0.000840075
  -0.0161328   -0.0089569 -0.000840075            0
EndNode1[0]<--->Repeater1[0]
REAL
    0.411616    -0.016473   -0.0142924     0.183419
   -0.016473    0.0681818 -0.000404588    0.0130962
  -0.0142924 -0.000404588    0.0593434   0.00690362
    0.183419    0.0130962   0.00690362     0.460859
IMAGINARY
          0  0.00377229  0.00244755  0.00411596
-0.00377229           0  -0.0182912 -0.00244755
-0.00244755   0.0182912           0 -0.00377229
-0.00411596  0.00244755  0.00377229           0
EndNode2[0]<--->HoM1[0]
REAL
   0.433604    0.019919   0.0184577    0.163134
   0.019919   0.0636856  0.00639871   0.0294538
  0.0184577  0.00639871   0.0718157 -0.00272003
   0.163134   0.0294538 -0.00272003    0.430894
IMAGINARY
           0   -0.0225128  0.000944834  -0.00554477
   0.0225128            0   -0.0177713   0.00682719
-0.000944834    0.0177713            0   0.00567345
  0.00554477  -0.00682719  -0.00567345            0
Repeater1[0]<--->EndNode1[0]
REAL
    0.411616   -0.0142924    -0.016473     0.183419
  -0.0142924    0.0593434 -0.000404588   0.00690362
   -0.016473 -0.000404588    0.0681818    0.0130962
    0.183419   0.00690362    0.0130962     0.460859
IMAGINARY
          0  0.00244755  0.00377229  0.00411596
-0.00244755           0   0.0182912 -0.00377229
-0.00377229  -0.0182912           0 -0.00244755
-0.00411596  0.00377229  0.00244755           0
Repeater1[0]<--->HoM1[0]
REAL
   0.433604   0.0184577    0.019919    0.163134
  0.0184577   0.0718157  0.00639871 -0.00272003
   0.019919  0.00639871   0.0636856   0.0294538
   0.163134 -0.00272003   0.0294538    0.430894
IMAGINARY
           0  0.000944834   -0.0225128  -0.00554477
-0.000944834            0    0.0177713   0.00567345
   0.0225128   -0.0177713            0   0.00682719
  0.00554477  -0.00567345  -0.00682719            0
EndNode1[0]<--->Repeater1[0]
REAL
    0.483418    0.0142664 -0.000362869     0.191997
   0.0142664       0.0625  -0.00508767   -0.0138072
-0.000362869  -0.00508767    0.0727041  -0.00954309
    0.191997   -0.0138072  -0.00954309     0.381378
IMAGINARY
           0  -0.00556312   0.00833444    0.0235766
  0.00556312            0  -0.00542892 -9.61666e-05
