EndNode1[0]<--->Repeater1[0]
REAL
  0.368766 -0.0337837 -0.0227526   0.288263
-0.0337837   0.128609  0.0585008  -0.012254
-0.0227526  0.0585008   0.132546 -0.0144329
  0.288263  -0.012254 -0.0144329   0.370079
IMAGINARY
          0 -0.00349133   0.0169918 -0.00303096
 0.00349133           0  -0.0130981   0.0163416
 -0.0169918   0.0130981           0  0.00706276
 0.00303096  -0.0163416 -0.00706276           0
EndNode2[0]<--->HoM1[0]
REAL
   0.351385 -0.00752342   0.0130787    0.283491
-0.00752342    0.124685    0.060299  0.00292642
  0.0130787    0.060299    0.151134   0.0235285
   0.283491  0.00292642   0.0235285    0.372796
IMAGINARY
          0  0.00701265 -0.00709356 -0.00391295
-0.00701265           0 -0.00844076  -0.0116097
 0.00709356  0.00844076           0   0.0241594
 0.00391295   0.0116097  -0.0241594           0
Repeater1[0]<--->EndNode1[0]
REAL
  0.368766 -0.0227526 -0.0337837   0.288263
-0.0227526   0.132546  0.0585008 -0.0144329
-0.0337837  0.0585008   0.128609  -0.012254
  0.288263 -0.0144329  -0.012254   0.370079
IMAGINARY
          0   0.0169918 -0.00349133 -0.00303096
 -0.0169918           0   0.0130981  0.00706276
 0.00349133  -0.0130981           0   0.0163416
 0.00303096 -0.00706276  -0.0163416           0
Repeater1[0]<--->HoM1[0]
REAL
   0.351385   0.0130787 -0.00752342    0.283491
  0.0130787    0.151134    0.060299   0.0235285
-0.00752342    0.060299    0.124685  0.00292642
   0.283491   0.0235285  0.00292642    0.372796
IMAGINARY
          0 -0.00709356  0.00701265 -0.00391295
 0.00709356           0  0.00844076   0.0241594
-0.00701265 -0.00844076           0  -0.0116097
 0.00391295  -0.0241594   0.0116097           0
EndNode1[0]<--->Repeater1[0]
REAL
   0.380637 -0.00662582  0.00432861    0.292702
-0.00662582    0.124668   0.0612582     0.00681
 0.00432861   0.0612582    0.148541   0.0177644
   0.292702     0.00681   0.0177644    0.346154
IMAGINARY
          0   0.0157961  -0.0155387  0.00438201
 -0.0157961           0  -0.0241351 -0.00133035
  0.0155387   0.0241351           0  0.00782064
-0.00438201  0.00133035 -0.00782064           0
EndNode2[0]<--->HoM1[0]
REAL
   0.361076 -0.00670429 -0.00528595    0.283495
-0.00670429    0.144686   0.0779661  -0.0123463
-0.00528595   0.0779661    0.135723  -0.0260413
   0.283495  -0.0123463  -0.0260413    0.358515
IMAGINARY
          0 -0.00609523  -0.0126442  -0.0233279
 0.00609523           0   0.0117598  -0.0210097
  0.0126442  -0.0117598           0   0.0217202
  0.0233279   0.0210097  -0.0217202           0
Repeater1[0]<--->EndNode1[0]
REAL
   0.380637  0.00432861 -0.00662582    0.292702
 0.00432861    0.148541   0.0612582   0.0177644
-0.00662582   0.0612582    0.124668     0.00681
   0.292702   0.0177644     0.00681    0.346154
IMAGINARY
          0  -0.0155387   0.0157961  0.00438201
  0.0155387           0   0.0241351  0.00782064
 -0.0157961  -0.0241351           0 -0.00133035
-0.00438201 -0.00782064  0.00133035           0
Repeater1[0]<--->HoM1[0]
REAL
   0.361076 -0.00528595 -0.00670429    0.283495
-0.00528595    0.135723   0.0779661  -0.0260413
-0.00670429   0.0779661    0.144686  -0.0123463
   0.283495  -0.0260413  -0.0123463    0.358515
IMAGINARY
          0  -0.0126442 -0.00609523  -0.0233279
  0.0126442           0  -0.0117598   0.0217202
 0.00609523   0.0117598           0  -0.0210097
  0.0233279  -0.0217202   0.0210097           0
EndNode1[0]<--->Repeater1[0]
REAL
   0.354293   -0.010944 0.000121504    0.273095
  -0.010944    0.124547   0.0627056   0.0140104
0.000121504   0.0627056    0.154776 -0.00453377
   0.273095   0.0140104 -0.00453377    0.366385
IMAGINARY
          0   -0.020068 -0.00875489   0.0162911
   0.020068           0 -0.00722375 -0.00293342
 0.00875489  0.00722375           0  -0.0085034
 -0.0162911  0.00293342   0.0085034           0
EndNode2[0]<--->HoM1[0]
REAL
  0.365206  0.0106607 -0.0133252   0.281603
 0.0106607   0.139442  0.0650385 -0.0113897
-0.0133252  0.0650385   0.138114  -0.018899
  0.281603 -0.0113897  -0.018899   0.357238
IMAGINARY
           0 -0.000352882  -0.00898719   0.00466572
 0.000352882            0   0.00740544 -0.000215262
  0.00898719  -0.00740544            0  0.000966379
 -0.00466572  0.000215262 -0.000966379            0
Repeater1[0]<--->EndNode1[0]
REAL
   0.354293 0.000121504   -0.010944    0.273095
0.000121504    0.154776   0.0627056 -0.00453377
  -0.010944   0.0627056    0.124547   0.0140104
   0.273095 -0.00453377   0.0140104    0.366385
IMAGINARY
          0 -0.00875489   -0.020068   0.0162911
 0.00875489           0  0.00722375  -0.0085034
   0.020068 -0.00722375           0 -0.00293342
 -0.0162911   0.0085034  0.00293342           0
Repeater1[0]<--->HoM1[0]
REAL
  0.365206 -0.0133252  0.0106607   0.281603
-0.0133252   0.138114  0.0650385  -0.018899
 0.0106607  0.0650385   0.139442 -0.0113897
  0.281603  -0.018899 -0.0113897   0.357238
IMAGINARY
           0  -0.00898719 -0.000352882   0.00466572
  0.00898719            0  -0.00740544  0.000966379
 0.000352882   0.00740544            0 -0.000215262
 -0.00466572 -0.000966379  0.000215262            0
EndNode1[0]<--->Repeater1[0]
REAL
   0.409471  0.00918586 -0.00596919     0.27218
 0.00918586    0.139276   0.0496667  0.00531899
-0.00596919   0.0496667     0.10585 -0.00853566
    0.27218  0.00531899 -0.00853566    0.345404
IMAGINARY
          0   0.0263817   0.0122053 -0.00406366
 -0.0263817           0  -0.0103293 -0.00173409
 -0.0122053   0.0103293           0 -0.00805708
 0.00406366  0.00173409  0.00805708           0
EndNode2[0]<--->HoM1[0]
REAL
   0.399272   0.0158267 -0.00355766    0.285877
  0.0158267    0.114078   0.0616028   0.0234516
-0.00355766   0.0616028    0.148058   0.0106985
   0.285877   0.0234516   0.0106985    0.338592
IMAGINARY
           0    0.0154331    0.0152129   -0.0176765
  -0.0154331            0 -0.000291262     0.029642
  -0.0152129  0.000291262            0   0.00171734
   0.0176765    -0.029642  -0.00171734            0
Repeater1[0]<--->EndNode1[0]
REAL
   0.409471 -0.00596919  0.00918586     0.27218
-0.00596919     0.10585   0.0496667 -0.00853566
 0.00918586   0.0496667    0.139276  0.00531899
    0.27218 -0.00853566  0.00531899    0.345404
IMAGINARY
          0   0.0122053   0.0263817 -0.00406366
 -0.0122053           0   0.0103293 -0.00805708
 -0.0263817  -0.0103293           0 -0.00173409
 0.00406366  0.00805708  0.00173409           0
Repeater1[0]<--->HoM1[0]
REAL
   0.399272 -0.00355766   0.0158267    0.285877
-0.00355766    0.148058   0.0616028   0.0106985
  0.0158267   0.0616028    0.114078   0.0234516
   0.285877   0.0106985   0.0234516    0.338592
IMAGINARY
           0    0.0152129    0.0154331   -0.0176765
  -0.0152129            0  0.000291262   0.00171734
  -0.0154331 -0.000291262            0     0.029642
   0.0176765  -0.00171734    -0.029642            0
EndNode1[0]<--->Repeater1[0]
REAL
   0.381132  -0.0147868   0.0074313    0.273093
 -0.0147868    0.137107   0.0802907 -0.00617817
  0.0074313   0.0802907    0.133333   0.0147868
   0.273093 -0.00617817   0.0147868    0.348428
IMAGINARY
          0  0.00245848  0.00871814   0.0107496
-0.00245848           0  -0.0134968  -0.0048621
-0.00871814   0.0134968           0    0.010395
 -0.0107496   0.0048621   -0.010395           0
EndNode2[0]<--->HoM1[0]
REAL
   0.349166  -0.0214464  -0.0196469    0.284434
 -0.0214464    0.157895   0.0542755  -0.0209983
 -0.0196469   0.0542755    0.132221 -0.00242461
   0.284434  -0.0209983 -0.00242461    0.360719
IMAGINARY
         0  0.0247407  0.0017094 -0.0137585
-0.0247407          0  0.0094535  0.0159951
-0.0017094 -0.0094535          0 -0.0070362
 0.0137585 -0.0159951  0.0070362          0
Repeater1[0]<--->EndNode1[0]
REAL
   0.381132   0.0074313  -0.0147868    0.273093
  0.0074313    0.133333   0.0802907   0.0147868
 -0.0147868   0.0802907    0.137107 -0.00617817
   0.273093   0.0147868 -0.00617817    0.348428
IMAGINARY
          0  0.00871814  0.00245848   0.0107496
-0.00871814           0   0.0134968    0.010395
-0.00245848  -0.0134968           0  -0.0048621
 -0.0107496   -0.010395   0.0048621           0
Repeater1[0]<--->HoM1[0]
REAL
   0.349166  -0.0196469  -0.0214464    0.284434
 -0.0196469    0.132221   0.0542755 -0.00242461
 -0.0214464   0.0542755    0.157895  -0.0209983
   0.284434 -0.00242461  -0.0209983    0.360719
IMAGINARY
         0  0.0017094  0.0247407 -0.0137585
-0.0017094          0 -0.0094535 -0.0070362
-0.0247407  0.0094535          0  0.0159951
 0.0137585  0.0070362 -0.0159951          0
EndNode1[0]<--->Repeater1[0]
REAL
   0.334646  0.00111061  -0.0129388    0.290234
 0.00111061    0.141732   0.0882471 -0.00858017
 -0.0129388   0.0882471    0.133858  -0.0302245
   0.290234 -0.00858017  -0.0302245    0.389764
IMAGINARY
          0 -0.00605917  -0.0106577  0.00669252
 0.00605917           0   0.0174113  0.00337292
  0.0106577  -0.0174113           0   0.0173175
-0.00669252 -0.00337292  -0.0173175           0
EndNode2[0]<--->HoM1[0]
REAL
   0.388674 -0.00924525  0.00636866    0.285537
-0.00924525    0.131274   0.0624403  -0.0140395
 0.00636866   0.0624403    0.126126  -0.0053991
   0.285537  -0.0140395  -0.0053991    0.353925
IMAGINARY
          0 -0.00912496   0.0017125   0.0264257
 0.00912496           0   0.0382181 -0.00827418
 -0.0017125  -0.0382181           0    0.016999
 -0.0264257  0.00827418   -0.016999           0
Repeater1[0]<--->EndNode1[0]
REAL
   0.334646  -0.0129388  0.00111061    0.290234
 -0.0129388    0.133858   0.0882471  -0.0302245
 0.00111061   0.0882471    0.141732 -0.00858017
   0.290234  -0.0302245 -0.00858017    0.389764
IMAGINARY
          0  -0.0106577 -0.00605917  0.00669252
  0.0106577           0  -0.0174113   0.0173175
 0.00605917   0.0174113           0  0.00337292
-0.00669252  -0.0173175 -0.00337292           0
Repeater1[0]<--->HoM1[0]
REAL
   0.388674  0.00636866 -0.00924525    0.285537
 0.00636866    0.126126   0.0624403  -0.0053991
-0.00924525   0.0624403    0.131274  -0.0140395
   0.285537  -0.0053991  -0.0140395    0.353925
IMAGINARY
          0   0.0017125 -0.00912496   0.0264257
 -0.0017125           0  -0.0382181    0.016999
 0.00912496   0.0382181           0 -0.00827418
 -0.0264257   -0.016999  0.00827418           0
EndNode1[0]<--->Repeater1[0]
REAL
   0.380769 -0.00999592 -0.00698471    0.295774
-0.00999592    0.142308   0.0556469  -0.0136871
-0.00698471   0.0556469    0.129487 -0.00938392
   0.295774  -0.0136871 -0.00938392    0.347436
IMAGINARY
           0   -0.0104922    0.0169879   0.00379351
   0.0104922            0 -0.000687922  -0.00743373
  -0.0169879  0.000687922            0   0.00858137
 -0.00379351   0.00743373  -0.00858137            0
EndNode2[0]<--->HoM1[0]
REAL
   0.350617 -0.00478881 -0.00694224    0.277144
-0.00478881    0.146914   0.0555086   0.0198674
-0.00694224   0.0555086    0.151852  0.00819017
   0.277144   0.0198674  0.00819017    0.350617
IMAGINARY
           0  0.000813818   -0.0058913  -0.00218913
-0.000813818            0    0.0151761  -0.00466279
   0.0058913   -0.0151761            0   0.00842101
  0.00218913   0.00466279  -0.00842101            0
Repeater1[0]<--->EndNode1[0]
REAL
   0.380769 -0.00698471 -0.00999592    0.295774
-0.00698471    0.129487   0.0556469 -0.00938392
-0.00999592   0.0556469    0.142308  -0.0136871
   0.295774 -0.00938392  -0.0136871    0.347436
IMAGINARY
           0    0.0169879   -0.0104922   0.00379351
  -0.0169879            0  0.000687922   0.00858137
   0.0104922 -0.000687922            0  -0.00743373
 -0.00379351  -0.00858137   0.00743373            0
Repeater1[0]<--->HoM1[0]
REAL
   0.350617 -0.00694224 -0.00478881    0.277144
-0.00694224    0.151852   0.0555086  0.00819017
-0.00478881   0.0555086    0.146914   0.0198674
   0.277144  0.00819017   0.0198674    0.350617
IMAGINARY
           0   -0.0058913  0.000813818  -0.00218913
   0.0058913            0   -0.0151761   0.00842101
-0.000813818    0.0151761            0  -0.00466279
  0.00218913  -0.00842101   0.00466279            0
EndNode1[0]<--->Repeater1[0]
REAL
  0.367666 0.00125225 0.00809896   0.297458
0.00125225   0.135593  0.0598787   0.005488
0.00809896  0.0598787    0.15515 0.00825862
  0.297458   0.005488 0.00825862   0.341591
IMAGINARY
          0   0.0111662   -0.020202 -0.00658517
 -0.0111662           0 -0.00597764  -0.0161037
   0.020202  0.00597764           0   0.0124007
 0.00658517   0.0161037  -0.0124007           0
EndNode2[0]<--->HoM1[0]
REAL
   0.344733  0.00121356  -0.0119229    0.276432
 0.00121356    0.132695   0.0499925  -0.0049165
 -0.0119229   0.0499925    0.165527 -0.00509957
   0.276432  -0.0049165 -0.00509957    0.357045
IMAGINARY
          0  -0.0112455     0.02086 -0.00329297
  0.0112455           0  0.00198407   0.0027002
   -0.02086 -0.00198407           0  0.00731883
 0.00329297  -0.0027002 -0.00731883           0
Repeater1[0]<--->EndNode1[0]
REAL
  0.367666 0.00809896 0.00125225   0.297458
0.00809896    0.15515  0.0598787 0.00825862
0.00125225  0.0598787   0.135593   0.005488
  0.297458 0.00825862   0.005488   0.341591
IMAGINARY
          0   -0.020202   0.0111662 -0.00658517
   0.020202           0  0.00597764   0.0124007
 -0.0111662 -0.00597764           0  -0.0161037
 0.00658517  -0.0124007   0.0161037           0
Repeater1[0]<--->HoM1[0]
REAL
   0.344733  -0.0119229  0.00121356    0.276432
 -0.0119229    0.165527   0.0499925 -0.00509957
 0.00121356   0.0499925    0.132695  -0.0049165
   0.276432 -0.00509957  -0.0049165    0.357045
IMAGINARY
          0     0.02086  -0.0112455 -0.00329297
   -0.02086           0 -0.00198407  0.00731883
  0.0112455  0.00198407           0   0.0027002
 0.00329297 -0.00731883  -0.0027002           0
EndNode1[0]<--->Repeater1[0]
REAL
   0.361183  -0.0116861 -0.00762734     0.25557
 -0.0116861    0.113111   0.0510524   0.0109386
-0.00762734   0.0510524    0.123393  0.00440137
    0.25557   0.0109386  0.00440137    0.402314
IMAGINARY
          0   0.0125792 -0.00195049  0.00371153
 -0.0125792           0  -0.0125792  0.00378199
 0.00195049   0.0125792           0  -0.0119687
-0.00371153 -0.00378199   0.0119687           0
EndNode2[0]<--->HoM1[0]
REAL
   0.368557  -0.0113791  0.00917426    0.291839
 -0.0113791    0.134021   0.0710848  -0.0183126
 0.00917426   0.0710848    0.127577 -0.00689766
   0.291839  -0.0183126 -0.00689766    0.369845
IMAGINARY
           0    0.0179341   -0.0105273   0.00605681
  -0.0179341            0  -0.00981621 -0.000164565
   0.0105273   0.00981621            0    0.0128836
 -0.00605681  0.000164565   -0.0128836            0
Repeater1[0]<--->EndNode1[0]
REAL
   0.361183 -0.00762734  -0.0116861     0.25557
-0.00762734    0.123393   0.0510524  0.00440137
 -0.0116861   0.0510524    0.113111   0.0109386
    0.25557  0.00440137   0.0109386    0.402314
IMAGINARY
          0 -0.00195049   0.0125792  0.00371153
 0.00195049           0   0.0125792  -0.0119687
 -0.0125792  -0.0125792           0  0.00378199
-0.00371153   0.0119687 -0.00378199           0
Repeater1[0]<--->HoM1[0]
REAL
   0.368557  0.00917426  -0.0113791    0.291839
 0.00917426    0.127577   0.0710848 -0.00689766
 -0.0113791   0.0710848    0.134021  -0.0183126
   0.291839 -0.00689766  -0.0183126    0.369845
IMAGINARY
           0   -0.0105273    0.0179341   0.00605681
   0.0105273            0   0.00981621    0.0128836
  -0.0179341  -0.00981621            0 -0.000164565
 -0.00605681   -0.0128836  0.000164565            0
EndNode1[0]<--->Repeater1[0]
REAL
  0.370968 -0.0132425 -0.0146505   0.256491
-0.0132425   0.100806  0.0623586 -0.0165613
-0.0146505  0.0623586   0.150538 0.00651057
  0.256491 -0.0165613 0.00651057   0.377688
IMAGINARY
          0  -0.0237289  0.00458206   0.0303848
  0.0237289           0  -0.0149485   0.0172656
-0.00458206   0.0149485           0  -0.0168453
 -0.0303848  -0.0172656   0.0168453           0
EndNode2[0]<--->HoM1[0]
REAL
   0.350384  -0.0220725  -0.0191578    0.280576
 -0.0220725    0.106138   0.0527578  -0.0218678
 -0.0191578   0.0527578    0.163683 -0.00869672
   0.280576  -0.0218678 -0.00869672    0.379795
IMAGINARY
          0 -0.00745449  0.00720108   -0.019055
 0.00745449           0  -0.0151385  -0.0263857
-0.00720108   0.0151385           0   0.0158478
   0.019055   0.0263857  -0.0158478           0
Repeater1[0]<--->EndNode1[0]
REAL
  0.370968 -0.0146505 -0.0132425   0.256491
-0.0146505   0.150538  0.0623586 0.00651057
-0.0132425  0.0623586   0.100806 -0.0165613
  0.256491 0.00651057 -0.0165613   0.377688
IMAGINARY
          0  0.00458206  -0.0237289   0.0303848
-0.00458206           0   0.0149485  -0.0168453
  0.0237289  -0.0149485           0   0.0172656
 -0.0303848   0.0168453  -0.0172656           0
Repeater1[0]<--->HoM1[0]
REAL
   0.350384  -0.0191578  -0.0220725    0.280576
 -0.0191578    0.163683   0.0527578 -0.00869672
 -0.0220725   0.0527578    0.106138  -0.0218678
   0.280576 -0.00869672  -0.0218678    0.379795
IMAGINARY
          0  0.00720108 -0.00745449   -0.019055
-0.00720108           0   0.0151385   0.0158478
 0.00745449  -0.0151385           0  -0.0263857
   0.019055  -0.0158478   0.0263857           0
EndNode1[0]<--->Repeater1[0]
REAL
  0.373193 -0.0139442 0.00424493   0.282663
-0.0139442   0.147175  0.0526627 -0.0314694
0.00424493  0.0526627  0.0919842 -0.0106242
  0.282663 -0.0314694 -0.0106242   0.387648
IMAGINARY
          0 -0.00718791   0.0140532  -0.0100549
 0.00718791           0  0.00501715   0.0146968
 -0.0140532 -0.00501715           0  -0.0315621
  0.0100549  -0.0146968   0.0315621           0
EndNode2[0]<--->HoM1[0]
REAL
    0.345109    0.0102093    0.0293522     0.277832
   0.0102093     0.137228    0.0661678   -0.0080189
   0.0293522    0.0661678     0.160326 -0.000875924
    0.277832   -0.0080189 -0.000875924     0.357337
IMAGINARY
           0   0.00391449   -0.0159453 -0.000674987
 -0.00391449            0    0.0185558  -0.00305867
   0.0159453   -0.0185558            0   0.00722575
 0.000674987   0.00305867  -0.00722575            0
Repeater1[0]<--->EndNode1[0]
REAL
  0.373193 0.00424493 -0.0139442   0.282663
0.00424493  0.0919842  0.0526627 -0.0106242
-0.0139442  0.0526627   0.147175 -0.0314694
  0.282663 -0.0106242 -0.0314694   0.387648
IMAGINARY
          0   0.0140532 -0.00718791  -0.0100549
 -0.0140532           0 -0.00501715  -0.0315621
 0.00718791  0.00501715           0   0.0146968
  0.0100549   0.0315621  -0.0146968           0
Repeater1[0]<--->HoM1[0]
REAL
    0.345109    0.0293522    0.0102093     0.277832
   0.0293522     0.160326    0.0661678 -0.000875924
   0.0102093    0.0661678     0.137228   -0.0080189
    0.277832 -0.000875924   -0.0080189     0.357337
IMAGINARY
           0   -0.0159453   0.00391449 -0.000674987
   0.0159453            0   -0.0185558   0.00722575
 -0.00391449    0.0185558            0  -0.00305867
 0.000674987  -0.00722575   0.00305867            0
EndNode1[0]<--->Repeater1[0]
REAL
  0.375165  0.0383456 0.00676166   0.272729
 0.0383456   0.121532  0.0710209  0.0132383
0.00676166  0.0710209   0.133421 -0.0145956
  0.272729  0.0132383 -0.0145956   0.369881
IMAGINARY
          0   0.0130206  0.00885683  0.00593835
 -0.0130206           0   0.0112154  -0.0200263
-0.00885683  -0.0112154           0   0.0099755
-0.00593835   0.0200263  -0.0099755           0
EndNode2[0]<--->HoM1[0]
REAL
   0.352572 -0.00944248  -0.0146933    0.269611
-0.00944248    0.141782   0.0661894 -0.00213044
 -0.0146933   0.0661894    0.134253   -0.010073
   0.269611 -0.00213044   -0.010073    0.371393
IMAGINARY
          0 -0.00618056 -0.00729496   0.0134219
 0.00618056           0  0.00093837 -0.00347817
 0.00729496 -0.00093837           0  -0.0185343
 -0.0134219  0.00347817   0.0185343           0
Repeater1[0]<--->EndNode1[0]
REAL
  0.375165 0.00676166  0.0383456   0.272729
0.00676166   0.133421  0.0710209 -0.0145956
 0.0383456  0.0710209   0.121532  0.0132383
  0.272729 -0.0145956  0.0132383   0.369881
IMAGINARY
          0  0.00885683   0.0130206  0.00593835
-0.00885683           0  -0.0112154   0.0099755
 -0.0130206   0.0112154           0  -0.0200263
-0.00593835  -0.0099755   0.0200263           0
Repeater1[0]<--->HoM1[0]
REAL
   0.352572  -0.0146933 -0.00944248    0.269611
 -0.0146933    0.134253   0.0661894   -0.010073
-0.00944248   0.0661894    0.141782 -0.00213044
   0.269611   -0.010073 -0.00213044    0.371393
IMAGINARY
          0 -0.00729496 -0.00618056   0.0134219
 0.00729496           0 -0.00093837  -0.0185343
 0.00618056  0.00093837           0 -0.00347817
 -0.0134219   0.0185343  0.00347817           0
EndNode1[0]<--->Repeater1[0]
REAL
    0.372354 -0.000153927   -0.0109456     0.284101
-0.000153927     0.134496    0.0692674    0.0129271
  -0.0109456    0.0692674     0.136986  -0.00446959
    0.284101    0.0129271  -0.00446959     0.356164
IMAGINARY
           0    0.0288693   -0.0160859   0.00220643
  -0.0288693            0   -0.0108484  -0.00948957
   0.0160859    0.0108484            0  0.000542509
 -0.00220643   0.00948957 -0.000542509            0
EndNode2[0]<--->HoM1[0]
REAL
   0.367666  0.00935964 -0.00998222    0.276852
 0.00935964    0.140808   0.0538971 -0.00681365
-0.00998222   0.0538971    0.123859  -0.0119436
   0.276852 -0.00681365  -0.0119436    0.367666
IMAGINARY
          0 -0.00530854   -0.002911  -0.0208678
 0.00530854           0  -0.0160016   0.0095073
   0.002911   0.0160016           0   0.0066278
  0.0208678  -0.0095073  -0.0066278           0
Repeater1[0]<--->EndNode1[0]
REAL
    0.372354   -0.0109456 -0.000153927     0.284101
  -0.0109456     0.136986    0.0692674  -0.00446959
-0.000153927    0.0692674     0.134496    0.0129271
    0.284101  -0.00446959    0.0129271     0.356164
IMAGINARY
           0   -0.0160859    0.0288693   0.00220643
   0.0160859            0    0.0108484  0.000542509
  -0.0288693   -0.0108484            0  -0.00948957
 -0.00220643 -0.000542509   0.00948957            0
Repeater1[0]<--->HoM1[0]
REAL
   0.367666 -0.00998222  0.00935964    0.276852
-0.00998222    0.123859   0.0538971  -0.0119436
 0.00935964   0.0538971    0.140808 -0.00681365
   0.276852  -0.0119436 -0.00681365    0.367666
IMAGINARY
          0   -0.002911 -0.00530854  -0.0208678
   0.002911           0   0.0160016   0.0066278
 0.00530854  -0.0160016           0   0.0095073
  0.0208678  -0.0066278  -0.0095073           0
EndNode1[0]<--->Repeater1[0]
REAL
   0.372549   -0.015763  0.00295948    0.280954
  -0.015763    0.133333   0.0372283 -0.00415565
 0.00295948   0.0372283    0.117647 -0.00217957
   0.280954 -0.00415565 -0.00217957    0.376471
IMAGINARY
           0  -0.00826491 -0.000372613  -0.00490092
  0.00826491            0  0.000240468  -0.00953492
 0.000372613 -0.000240468            0   0.00232039
  0.00490092   0.00953492  -0.00232039            0
EndNode2[0]<--->HoM1[0]
REAL
  0.348045 -0.0309967 0.00246587   0.294128
-0.0309967   0.141236  0.0711294 -0.0308675
0.00246587  0.0711294   0.136192 0.00259507
  0.294128 -0.0308675 0.00259507   0.374527
IMAGINARY
          0   0.0102089   -0.019897    0.013141
 -0.0102089           0   -0.011859 -0.00996323
   0.019897    0.011859           0 -0.00576162
  -0.013141  0.00996323  0.00576162           0
Repeater1[0]<--->EndNode1[0]
REAL
   0.372549  0.00295948   -0.015763    0.280954
 0.00295948    0.117647   0.0372283 -0.00217957
  -0.015763   0.0372283    0.133333 -0.00415565
   0.280954 -0.00217957 -0.00415565    0.376471
IMAGINARY
           0 -0.000372613  -0.00826491  -0.00490092
 0.000372613            0 -0.000240468   0.00232039
  0.00826491  0.000240468            0  -0.00953492
  0.00490092  -0.00232039   0.00953492            0
Repeater1[0]<--->HoM1[0]
REAL
  0.348045 0.00246587 -0.0309967   0.294128
0.00246587   0.136192  0.0711294 0.00259507
-0.0309967  0.0711294   0.141236 -0.0308675
  0.294128 0.00259507 -0.0308675   0.374527
IMAGINARY
          0   -0.019897   0.0102089    0.013141
   0.019897           0    0.011859 -0.00576162
 -0.0102089   -0.011859           0 -0.00996323
  -0.013141  0.00576162  0.00996323           0
EndNode1[0]<--->Repeater1[0]
REAL
   0.383721 -0.00282712 0.000246332    0.291763
-0.00282712    0.121447   0.0306797  -0.0073486
0.000246332   0.0306797    0.114987  0.00566803
   0.291763  -0.0073486  0.00566803    0.379845
IMAGINARY
           0   0.00209235 -0.000844294   0.00157872
 -0.00209235            0  -0.00488123   0.00946498
 0.000844294   0.00488123            0   0.00652834
 -0.00157872  -0.00946498  -0.00652834            0
EndNode2[0]<--->HoM1[0]
REAL
  0.391858  0.0241029  0.0236028   0.304256
 0.0241029   0.132316  0.0577235 0.00243882
 0.0236028  0.0577235   0.124682 0.00454297
  0.304256 0.00243882 0.00454297   0.351145
IMAGINARY
          0 -0.00196846  0.00697655  0.00255102
 0.00196846           0 -0.00255102 -0.00382396
-0.00697655  0.00255102           0  -0.0100114
-0.00255102  0.00382396   0.0100114           0
Repeater1[0]<--->EndNode1[0]
REAL
   0.383721 0.000246332 -0.00282712    0.291763
0.000246332    0.114987   0.0306797  0.00566803
-0.00282712   0.0306797    0.121447  -0.0073486
   0.291763  0.00566803  -0.0073486    0.379845
IMAGINARY
           0 -0.000844294   0.00209235   0.00157872
 0.000844294            0   0.00488123   0.00652834
 -0.00209235  -0.00488123            0   0.00946498
 -0.00157872  -0.00652834  -0.00946498            0
Repeater1[0]<--->HoM1[0]
REAL
  0.391858  0.0236028  0.0241029   0.304256
 0.0236028   0.124682  0.0577235 0.00454297
 0.0241029  0.0577235   0.132316 0.00243882
  0.304256 0.00454297 0.00243882   0.351145
IMAGINARY
          0  0.00697655 -0.00196846  0.00255102
-0.00697655           0  0.00255102  -0.0100114
 0.00196846 -0.00255102           0 -0.00382396
-0.00255102   0.0100114  0.00382396           0
EndNode1[0]<--->Repeater1[0]
REAL
  0.363014   -0.00125 0.00462341   0.281543
  -0.00125   0.149315  0.0707888  0.0109206
0.00462341  0.0707888   0.134247    0.00125
  0.281543  0.0109206    0.00125   0.353425
IMAGINARY
          0  -0.0227368   0.0162858   0.0141634
  0.0227368           0  0.00715706  -0.0230843
 -0.0162858 -0.00715706           0 -0.00507536
 -0.0141634   0.0230843  0.00507536           0
EndNode2[0]<--->HoM1[0]
REAL
   0.378272 -0.00715745  -0.0108757    0.273359
-0.00715745    0.121728   0.0723278  0.00419281
 -0.0108757   0.0723278    0.136126   0.0114102
   0.273359  0.00419281   0.0114102    0.363874
IMAGINARY
          0  -0.0153947  0.00887885  -0.0113109
  0.0153947           0 -0.00447859 -0.00759019
-0.00887885  0.00447859           0 -0.00393515
  0.0113109  0.00759019  0.00393515           0
Repeater1[0]<--->EndNode1[0]
REAL
  0.363014 0.00462341   -0.00125   0.281543
0.00462341   0.134247  0.0707888    0.00125
  -0.00125  0.0707888   0.149315  0.0109206
  0.281543    0.00125  0.0109206   0.353425
IMAGINARY
          0   0.0162858  -0.0227368   0.0141634
 -0.0162858           0 -0.00715706 -0.00507536
  0.0227368  0.00715706           0  -0.0230843
 -0.0141634  0.00507536   0.0230843           0
Repeater1[0]<--->HoM1[0]
REAL
   0.378272  -0.0108757 -0.00715745    0.273359
 -0.0108757    0.136126   0.0723278   0.0114102
-0.00715745   0.0723278    0.121728  0.00419281
   0.273359   0.0114102  0.00419281    0.363874
IMAGINARY
          0  0.00887885  -0.0153947  -0.0113109
-0.00887885           0  0.00447859 -0.00393515
  0.0153947 -0.00447859           0 -0.00759019
  0.0113109  0.00393515  0.00759019           0
EndNode1[0]<--->Repeater1[0]
REAL
   0.368351  -0.0146834  0.00188897    0.296008
 -0.0146834    0.118351   0.0591019  -0.0025358
 0.00188897   0.0591019    0.154255 -0.00666201
   0.296008  -0.0025358 -0.00666201    0.359043
IMAGINARY
           0     0.025459   -0.0391679   -0.0249643
   -0.025459            0    0.0100098 -0.000417935
   0.0391679   -0.0100098            0     0.018999
   0.0249643  0.000417935    -0.018999            0
EndNode2[0]<--->HoM1[0]
REAL
   0.355438  0.00584701 -0.00461632    0.289202
 0.00584701    0.128647   0.0646736  0.00652229
-0.00461632   0.0646736    0.139257 -0.00012909
   0.289202  0.00652229 -0.00012909    0.376658
IMAGINARY
           0   0.00793201 -0.000531811  -0.00226588
 -0.00793201            0   -0.0016001    0.0187708
 0.000531811    0.0016001            0   -0.0198817
  0.00226588   -0.0187708    0.0198817            0
Repeater1[0]<--->EndNode1[0]
REAL
   0.368351  0.00188897  -0.0146834    0.296008
 0.00188897    0.154255   0.0591019 -0.00666201
 -0.0146834   0.0591019    0.118351  -0.0025358
   0.296008 -0.00666201  -0.0025358    0.359043
IMAGINARY
           0   -0.0391679     0.025459   -0.0249643
   0.0391679            0   -0.0100098     0.018999
   -0.025459    0.0100098            0 -0.000417935
   0.0249643    -0.018999  0.000417935            0
Repeater1[0]<--->HoM1[0]
REAL
   0.355438 -0.00461632  0.00584701    0.289202
-0.00461632    0.139257   0.0646736 -0.00012909
 0.00584701   0.0646736    0.128647  0.00652229
   0.289202 -0.00012909  0.00652229    0.376658
IMAGINARY
           0 -0.000531811   0.00793201  -0.00226588
 0.000531811            0    0.0016001   -0.0198817
 -0.00793201   -0.0016001            0    0.0187708
  0.00226588    0.0198817   -0.0187708            0
EndNode1[0]<--->Repeater1[0]
REAL
   0.355805  -0.0239614 -0.00932956    0.272888
 -0.0239614    0.121099   0.0582287  -0.0146066
-0.00932956   0.0582287    0.158552  0.00135504
   0.272888  -0.0146066  0.00135504    0.364544
IMAGINARY
          0   0.0112853 -0.00161517   0.0116892
 -0.0112853           0 -0.00148516  0.00946857
 0.00161517  0.00148516           0  0.00180367
 -0.0116892 -0.00946857 -0.00180367           0
EndNode2[0]<--->HoM1[0]
REAL
   0.377005  -0.0207689 -0.00913108    0.277242
 -0.0207689    0.121658   0.0577454 -0.00575726
-0.00913108   0.0577454     0.13369  -0.0276182
   0.277242 -0.00575726  -0.0276182    0.367647
IMAGINARY
          0 -0.00285915   0.0213128  0.00407175
 0.00285915           0  0.00790807  0.00447339
 -0.0213128 -0.00790807           0 -0.00154336
-0.00407175 -0.00447339  0.00154336           0
Repeater1[0]<--->EndNode1[0]
REAL
   0.355805 -0.00932956  -0.0239614    0.272888
-0.00932956    0.158552   0.0582287  0.00135504
 -0.0239614   0.0582287    0.121099  -0.0146066
   0.272888  0.00135504  -0.0146066    0.364544
IMAGINARY
          0 -0.00161517   0.0112853   0.0116892
 0.00161517           0  0.00148516  0.00180367
 -0.0112853 -0.00148516           0  0.00946857
 -0.0116892 -0.00180367 -0.00946857           0
Repeater1[0]<--->HoM1[0]
REAL
   0.377005 -0.00913108  -0.0207689    0.277242
-0.00913108     0.13369   0.0577454  -0.0276182
 -0.0207689   0.0577454    0.121658 -0.00575726
   0.277242  -0.0276182 -0.00575726    0.367647
IMAGINARY
          0   0.0213128 -0.00285915  0.00407175
 -0.0213128           0 -0.00790807 -0.00154336
 0.00285915  0.00790807           0  0.00447339
-0.00407175  0.00154336 -0.00447339           0
EndNode1[0]<--->Repeater1[0]
REAL
   0.379763  0.00723185   0.0225309    0.291772
 0.00723185     0.11958   0.0576106 -0.00524691
  0.0225309   0.0576106    0.120894  0.00264469
   0.291772 -0.00524691  0.00264469    0.379763
IMAGINARY
          0 -0.00231438  0.00910947  -0.0139004
 0.00231438           0   -0.032225 -0.00600388
-0.00910947    0.032225           0  -0.0132136
  0.0139004  0.00600388   0.0132136           0
EndNode2[0]<--->HoM1[0]
REAL
    0.37013 0.000392358 -0.00251253    0.294134
0.000392358     0.11039   0.0737182 -0.00574668
-0.00251253   0.0737182    0.120779 -0.00865157
   0.294134 -0.00574668 -0.00865157    0.398701
IMAGINARY
           0  -0.00876412 -0.000873168    0.0156194
  0.00876412            0    0.0224517   -0.0322868
 0.000873168   -0.0224517            0    0.0120151
  -0.0156194    0.0322868   -0.0120151            0
Repeater1[0]<--->EndNode1[0]
REAL
   0.379763   0.0225309  0.00723185    0.291772
  0.0225309    0.120894   0.0576106  0.00264469
 0.00723185   0.0576106     0.11958 -0.00524691
   0.291772  0.00264469 -0.00524691    0.379763
IMAGINARY
          0  0.00910947 -0.00231438  -0.0139004
-0.00910947           0    0.032225  -0.0132136
 0.00231438   -0.032225           0 -0.00600388
  0.0139004   0.0132136  0.00600388           0
Repeater1[0]<--->HoM1[0]
REAL
    0.37013 -0.00251253 0.000392358    0.294134
-0.00251253    0.120779   0.0737182 -0.00865157
0.000392358   0.0737182     0.11039 -0.00574668
   0.294134 -0.00865157 -0.00574668    0.398701
IMAGINARY
           0 -0.000873168  -0.00876412    0.0156194
 0.000873168            0   -0.0224517    0.0120151
  0.00876412    0.0224517            0   -0.0322868
  -0.0156194   -0.0120151    0.0322868            0
EndNode1[0]<--->Repeater1[0]
REAL
   0.355867   -0.012885   0.0147853    0.273577
  -0.012885    0.137755   0.0730563 -0.00481019
  0.0147853   0.0730563    0.147959  0.00914436
   0.273577 -0.00481019  0.00914436    0.358418
IMAGINARY
           0   -0.0121675  -0.00274985    0.0133193
   0.0121675            0    0.0108743   0.00926027
  0.00274985   -0.0108743            0  0.000448726
  -0.0133193  -0.00926027 -0.000448726            0
EndNode2[0]<--->HoM1[0]
REAL
  0.364294 0.00642199 0.00610457   0.288926
0.00642199   0.115802  0.0667035  0.0197232
0.00610457  0.0667035   0.125452  0.0127833
  0.288926  0.0197232  0.0127833   0.394451
IMAGINARY
          0  -0.0162472   0.0110574   0.0173059
  0.0162472           0 -0.00853393   0.0104072
 -0.0110574  0.00853393           0  0.00993411
 -0.0173059  -0.0104072 -0.00993411           0
Repeater1[0]<--->EndNode1[0]
REAL
   0.355867   0.0147853   -0.012885    0.273577
  0.0147853    0.147959   0.0730563  0.00914436
  -0.012885   0.0730563    0.137755 -0.00481019
   0.273577  0.00914436 -0.00481019    0.358418
IMAGINARY
           0  -0.00274985   -0.0121675    0.0133193
  0.00274985            0   -0.0108743  0.000448726
   0.0121675    0.0108743            0   0.00926027
  -0.0133193 -0.000448726  -0.00926027            0
Repeater1[0]<--->HoM1[0]
REAL
  0.364294 0.00610457 0.00642199   0.288926
0.00610457   0.125452  0.0667035  0.0127833
0.00642199  0.0667035   0.115802  0.0197232
  0.288926  0.0127833  0.0197232   0.394451
IMAGINARY
          0   0.0110574  -0.0162472   0.0173059
 -0.0110574           0  0.00853393  0.00993411
  0.0162472 -0.00853393           0   0.0104072
 -0.0173059 -0.00993411  -0.0104072           0
EndNode1[0]<--->Repeater1[0]
REAL
   0.363402 -0.00597794  -0.0163039    0.265364
-0.00597794    0.150773   0.0797239 -0.00762562
 -0.0163039   0.0797239    0.140464 -0.00661651
   0.265364 -0.00762562 -0.00661651    0.345361
IMAGINARY
           0    0.0131379   0.00300362    -0.011213
  -0.0131379            0  0.000237386    0.0235164
 -0.00300362 -0.000237386            0   -0.0254277
    0.011213   -0.0235164    0.0254277            0
EndNode2[0]<--->HoM1[0]
REAL
   0.358543 -0.00424185 0.000833207    0.272824
-0.00424185    0.133053   0.0574867  -0.0150819
0.000833207   0.0574867    0.147059  -0.0113022
   0.272824  -0.0150819  -0.0113022    0.361345
IMAGINARY
          0  0.00568316  -0.0107588  0.00106382
-0.00568316           0  0.00166842   0.0260962
  0.0107588 -0.00166842           0 -0.00629666
-0.00106382  -0.0260962  0.00629666           0
Repeater1[0]<--->EndNode1[0]
REAL
   0.363402  -0.0163039 -0.00597794    0.265364
 -0.0163039    0.140464   0.0797239 -0.00661651
-0.00597794   0.0797239    0.150773 -0.00762562
   0.265364 -0.00661651 -0.00762562    0.345361
IMAGINARY
           0   0.00300362    0.0131379    -0.011213
 -0.00300362            0 -0.000237386   -0.0254277
  -0.0131379  0.000237386            0    0.0235164
    0.011213    0.0254277   -0.0235164            0
Repeater1[0]<--->HoM1[0]
REAL
   0.358543 0.000833207 -0.00424185    0.272824
0.000833207    0.147059   0.0574867  -0.0113022
-0.00424185   0.0574867    0.133053  -0.0150819
   0.272824  -0.0113022  -0.0150819    0.361345
IMAGINARY
          0  -0.0107588  0.00568316  0.00106382
  0.0107588           0 -0.00166842 -0.00629666
-0.00568316  0.00166842           0   0.0260962
-0.00106382  0.00629666  -0.0260962           0
EndNode1[0]<--->Repeater1[0]
REAL
   0.389229 -0.00831418  0.00242783    0.289071
-0.00831418    0.155447    0.060611  -0.0183514
 0.00242783    0.060611    0.110159   0.0025817
   0.289071  -0.0183514   0.0025817    0.345165
IMAGINARY
          0 -0.00522193   0.0069156  -0.0100148
 0.00522193           0  0.00669473 -0.00169367
 -0.0069156 -0.00669473           0 -0.00522193
  0.0100148  0.00169367  0.00522193           0
EndNode2[0]<--->HoM1[0]
REAL
   0.366013 -0.00628629  0.00662531    0.295582
-0.00628629    0.146405   0.0611884  -0.0105316
 0.00662531   0.0611884    0.135948  -0.0158491
   0.295582  -0.0105316  -0.0158491    0.351634
IMAGINARY
          0  -0.0152589 -0.00421225  -0.0093224
  0.0152589           0  -0.0231929  0.00360025
 0.00421225   0.0231929           0  -0.0073849
  0.0093224 -0.00360025   0.0073849           0
Repeater1[0]<--->EndNode1[0]
REAL
   0.389229  0.00242783 -0.00831418    0.289071
 0.00242783    0.110159    0.060611   0.0025817
-0.00831418    0.060611    0.155447  -0.0183514
   0.289071   0.0025817  -0.0183514    0.345165
IMAGINARY
          0   0.0069156 -0.00522193  -0.0100148
 -0.0069156           0 -0.00669473 -0.00522193
 0.00522193  0.00669473           0 -0.00169367
  0.0100148  0.00522193  0.00169367           0
Repeater1[0]<--->HoM1[0]
REAL
   0.366013  0.00662531 -0.00628629    0.295582
 0.00662531    0.135948   0.0611884  -0.0158491
-0.00628629   0.0611884    0.146405  -0.0105316
   0.295582  -0.0158491  -0.0105316    0.351634
IMAGINARY
          0 -0.00421225  -0.0152589  -0.0093224
 0.00421225           0   0.0231929  -0.0073849
  0.0152589  -0.0231929           0  0.00360025
  0.0093224   0.0073849 -0.00360025           0
EndNode1[0]<--->Repeater1[0]
REAL
   0.332061 -0.00331407 -0.00741981    0.300731
-0.00331407    0.124682   0.0476295 -0.00487528
-0.00741981   0.0476295    0.137405  -0.0240083
   0.300731 -0.00487528  -0.0240083    0.405852
IMAGINARY
           0   -0.0192648    0.0147664 -0.000808021
   0.0192648            0    0.0102166   0.00384405
  -0.0147664   -0.0102166            0  -0.00554909
 0.000808021  -0.00384405   0.00554909            0
EndNode2[0]<--->HoM1[0]
REAL
   0.368421  0.00379993  -0.0167411    0.293246
 0.00379993    0.135526   0.0542758 -0.00422461
 -0.0167411   0.0542758    0.136842 0.000647341
   0.293246 -0.00422461 0.000647341    0.359211
IMAGINARY
          0  0.00620404   0.0105079  -0.0110538
-0.00620404           0   0.0183579  -0.0276648
 -0.0105079  -0.0183579           0  -0.0172335
  0.0110538   0.0276648   0.0172335           0
Repeater1[0]<--->EndNode1[0]
REAL
   0.332061 -0.00741981 -0.00331407    0.300731
-0.00741981    0.137405   0.0476295  -0.0240083
-0.00331407   0.0476295    0.124682 -0.00487528
   0.300731  -0.0240083 -0.00487528    0.405852
IMAGINARY
           0    0.0147664   -0.0192648 -0.000808021
  -0.0147664            0   -0.0102166  -0.00554909
   0.0192648    0.0102166            0   0.00384405
 0.000808021   0.00554909  -0.00384405            0
Repeater1[0]<--->HoM1[0]
REAL
   0.368421  -0.0167411  0.00379993    0.293246
 -0.0167411    0.136842   0.0542758 0.000647341
 0.00379993   0.0542758    0.135526 -0.00422461
   0.293246 0.000647341 -0.00422461    0.359211
IMAGINARY
          0   0.0105079  0.00620404  -0.0110538
 -0.0105079           0  -0.0183579  -0.0172335
-0.00620404   0.0183579           0  -0.0276648
  0.0110538   0.0172335   0.0276648           0
EndNode1[0]<--->Repeater1[0]
REAL
   0.379012 -0.00416512  0.00106113    0.280878
-0.00416512    0.134568   0.0515546   0.0151551
 0.00106113   0.0515546    0.123457   0.0122732
   0.280878   0.0151551   0.0122732    0.362963
IMAGINARY
           0    0.0111597  -0.00814062 -0.000459596
  -0.0111597            0   0.00932036  -0.00940324
  0.00814062  -0.00932036            0  -0.00364086
 0.000459596   0.00940324   0.00364086            0
EndNode2[0]<--->HoM1[0]
REAL
  0.365079 0.00425059  0.0222397   0.284014
0.00425059    0.13431  0.0631747 -0.0210173
 0.0222397  0.0631747   0.148962 0.00552936
