EndNode1[0]<--->Repeater1[0]
REAL
   0.477076 -0.00185265   -0.015694    0.345725
-0.00185265   0.0346964  0.00355372  0.00979621
  -0.015694  0.00355372    0.023544  0.00775042
   0.345725  0.00979621  0.00775042    0.464684
IMAGINARY
          0   0.0122155  -0.0342434   0.0115098
 -0.0122155           0   0.0248178  0.00267775
  0.0342434  -0.0248178           0   0.0155622
 -0.0115098 -0.00267775  -0.0155622           0
EndNode2[0]<--->HoM1[0]
REAL
  0.478836  -0.016167 -0.0171044   0.356736
 -0.016167  0.0238095 0.00414595 -0.0214631
-0.0171044 0.00414595  0.0277778 -0.0155134
  0.356736 -0.0214631 -0.0155134   0.469577
IMAGINARY
          0  0.00281171  -0.0126844  0.00392528
-0.00281171           0   0.0102866 -0.00657192
  0.0126844  -0.0102866           0  -0.0087878
-0.00392528  0.00657192   0.0087878           0
Repeater1[0]<--->EndNode1[0]
REAL
   0.477076   -0.015694 -0.00185265    0.345725
  -0.015694    0.023544  0.00355372  0.00775042
-0.00185265  0.00355372   0.0346964  0.00979621
   0.345725  0.00775042  0.00979621    0.464684
IMAGINARY
          0  -0.0342434   0.0122155   0.0115098
  0.0342434           0  -0.0248178   0.0155622
 -0.0122155   0.0248178           0  0.00267775
 -0.0115098  -0.0155622 -0.00267775           0
Repeater1[0]<--->HoM1[0]
REAL
  0.478836 -0.0171044  -0.016167   0.356736
-0.0171044  0.0277778 0.00414595 -0.0155134
 -0.016167 0.00414595  0.0238095 -0.0214631
  0.356736 -0.0155134 -0.0214631   0.469577
IMAGINARY
          0  -0.0126844  0.00281171  0.00392528
  0.0126844           0  -0.0102866  -0.0087878
-0.00281171   0.0102866           0 -0.00657192
-0.00392528   0.0087878  0.00657192           0
EndNode1[0]<--->Repeater1[0]
REAL
    0.49281  -0.0234283  -0.0121533     0.35591
 -0.0234283   0.0287582   0.0100555 -0.00952866
 -0.0121533   0.0100555   0.0248366 -0.00088185
    0.35591 -0.00952866 -0.00088185    0.453595
IMAGINARY
          0 -0.00903414  -0.0114514  -0.0108285
 0.00903414           0  -0.0208788  0.00627009
  0.0114514   0.0208788           0 -0.00262389
  0.0108285 -0.00627009  0.00262389           0
EndNode2[0]<--->HoM1[0]
REAL
  0.474774  0.0164021  0.0131455   0.365263
 0.0164021  0.0206986 0.00123292  0.0195888
 0.0131455 0.00123292  0.0206986 0.00863004
  0.365263  0.0195888 0.00863004   0.483829
IMAGINARY
          0 -0.00680964 -0.00183634  0.00932433
 0.00680964           0 -0.00209699  0.00863486
 0.00183634  0.00209699           0  0.00989987
-0.00932433 -0.00863486 -0.00989987           0
Repeater1[0]<--->EndNode1[0]
REAL
    0.49281  -0.0121533  -0.0234283     0.35591
 -0.0121533   0.0248366   0.0100555 -0.00088185
 -0.0234283   0.0100555   0.0287582 -0.00952866
    0.35591 -0.00088185 -0.00952866    0.453595
IMAGINARY
          0  -0.0114514 -0.00903414  -0.0108285
  0.0114514           0   0.0208788 -0.00262389
 0.00903414  -0.0208788           0  0.00627009
  0.0108285  0.00262389 -0.00627009           0
Repeater1[0]<--->HoM1[0]
REAL
  0.474774  0.0131455  0.0164021   0.365263
 0.0131455  0.0206986 0.00123292 0.00863004
 0.0164021 0.00123292  0.0206986  0.0195888
  0.365263 0.00863004  0.0195888   0.483829
IMAGINARY
          0 -0.00183634 -0.00680964  0.00932433
 0.00183634           0  0.00209699  0.00989987
 0.00680964 -0.00209699           0  0.00863486
-0.00932433 -0.00989987 -0.00863486           0
EndNode1[0]<--->Repeater1[0]
REAL
   0.470893   0.0057005   0.0116589    0.364339
  0.0057005   0.0232859 -0.00775446  -0.0162221
  0.0116589 -0.00775446   0.0336352  -0.0102637
   0.364339  -0.0162221  -0.0102637    0.472186
IMAGINARY
         0  0.0161414  0.0041179 -0.0179791
-0.0161414          0  0.0130286   0.010094
-0.0041179 -0.0130286          0 -0.0213093
 0.0179791  -0.010094  0.0213093          0
EndNode2[0]<--->HoM1[0]
REAL
    0.495641 -0.000175266    0.0105483     0.356058
-0.000175266    0.0286426   0.00971366   0.00488793
   0.0105483   0.00971366    0.0236613    0.0182961
    0.356058   0.00488793    0.0182961     0.452055
IMAGINARY
          0   0.0102176 -0.00410502  0.00906884
 -0.0102176           0 -0.00358939  -0.0101453
 0.00410502  0.00358939           0   0.0114676
-0.00906884   0.0101453  -0.0114676           0
Repeater1[0]<--->EndNode1[0]
REAL
   0.470893   0.0116589   0.0057005    0.364339
  0.0116589   0.0336352 -0.00775446  -0.0102637
  0.0057005 -0.00775446   0.0232859  -0.0162221
   0.364339  -0.0102637  -0.0162221    0.472186
IMAGINARY
         0  0.0041179  0.0161414 -0.0179791
-0.0041179          0 -0.0130286 -0.0213093
-0.0161414  0.0130286          0   0.010094
 0.0179791  0.0213093  -0.010094          0
Repeater1[0]<--->HoM1[0]
REAL
    0.495641    0.0105483 -0.000175266     0.356058
   0.0105483    0.0236613   0.00971366    0.0182961
-0.000175266   0.00971366    0.0286426   0.00488793
    0.356058    0.0182961   0.00488793     0.452055
IMAGINARY
          0 -0.00410502   0.0102176  0.00906884
 0.00410502           0  0.00358939   0.0114676
 -0.0102176 -0.00358939           0  -0.0101453
-0.00906884  -0.0114676   0.0101453           0
EndNode1[0]<--->Repeater1[0]
REAL
   0.447334  -0.0036118 -0.00389872    0.351356
 -0.0036118   0.0338101   0.0038167 -0.00782542
-0.00389872   0.0038167   0.0221066  0.00154284
   0.351356 -0.00782542  0.00154284    0.496749
IMAGINARY
           0    -0.014412  -0.00717729   0.00999101
    0.014412            0   0.00871223  0.000574648
  0.00717729  -0.00871223            0    0.0030074
 -0.00999101 -0.000574648   -0.0030074            0
EndNode2[0]<--->HoM1[0]
REAL
   0.481976  0.00288583 -0.00861862    0.354146
 0.00288583   0.0320427 -0.00631951  0.00222476
-0.00861862 -0.00631951   0.0200267  -0.0105585
   0.354146  0.00222476  -0.0105585    0.465955
IMAGINARY
           0  7.30128e-05  -0.00857697   0.00794185
-7.30128e-05            0   -0.0191704   0.00551699
  0.00857697    0.0191704            0   0.00543494
 -0.00794185  -0.00551699  -0.00543494            0
Repeater1[0]<--->EndNode1[0]
REAL
   0.447334 -0.00389872  -0.0036118    0.351356
-0.00389872   0.0221066   0.0038167  0.00154284
 -0.0036118   0.0038167   0.0338101 -0.00782542
   0.351356  0.00154284 -0.00782542    0.496749
IMAGINARY
           0  -0.00717729    -0.014412   0.00999101
  0.00717729            0  -0.00871223    0.0030074
    0.014412   0.00871223            0  0.000574648
 -0.00999101   -0.0030074 -0.000574648            0
Repeater1[0]<--->HoM1[0]
REAL
   0.481976 -0.00861862  0.00288583    0.354146
-0.00861862   0.0200267 -0.00631951  -0.0105585
 0.00288583 -0.00631951   0.0320427  0.00222476
   0.354146  -0.0105585  0.00222476    0.465955
IMAGINARY
           0  -0.00857697  7.30128e-05   0.00794185
  0.00857697            0    0.0191704   0.00543494
-7.30128e-05   -0.0191704            0   0.00551699
 -0.00794185  -0.00543494  -0.00551699            0
EndNode1[0]<--->Repeater1[0]
REAL
    0.46952 -0.00143979  0.00796976    0.363783
-0.00143979   0.0233463   0.0100913  0.00296976
 0.00796976   0.0100913   0.0259403   0.0123793
   0.363783  0.00296976   0.0123793    0.481193
IMAGINARY
           0   -0.0135287   0.00771359  0.000849987
   0.0135287            0   0.00626515   0.00906494
 -0.00771359  -0.00626515            0   -0.0206995
-0.000849987  -0.00906494    0.0206995            0
EndNode2[0]<--->HoM1[0]
REAL
  0.474874 0.00327008   0.020135   0.337821
0.00327008  0.0339196 -0.0185755 0.00392225
  0.020135 -0.0185755  0.0251256 0.00388207
  0.337821 0.00392225 0.00388207    0.46608
IMAGINARY
          0  0.00285044 -0.00955859   0.0207368
-0.00285044           0  -0.0312632  0.00825311
 0.00955859   0.0312632           0 -0.00415593
 -0.0207368 -0.00825311  0.00415593           0
Repeater1[0]<--->EndNode1[0]
REAL
    0.46952  0.00796976 -0.00143979    0.363783
 0.00796976   0.0259403   0.0100913   0.0123793
-0.00143979   0.0100913   0.0233463  0.00296976
   0.363783   0.0123793  0.00296976    0.481193
IMAGINARY
           0   0.00771359   -0.0135287  0.000849987
 -0.00771359            0  -0.00626515   -0.0206995
   0.0135287   0.00626515            0   0.00906494
-0.000849987    0.0206995  -0.00906494            0
Repeater1[0]<--->HoM1[0]
REAL
  0.474874   0.020135 0.00327008   0.337821
  0.020135  0.0251256 -0.0185755 0.00388207
0.00327008 -0.0185755  0.0339196 0.00392225
  0.337821 0.00388207 0.00392225    0.46608
IMAGINARY
          0 -0.00955859  0.00285044   0.0207368
 0.00955859           0   0.0312632 -0.00415593
-0.00285044  -0.0312632           0  0.00825311
 -0.0207368  0.00415593 -0.00825311           0
EndNode1[0]<--->Repeater1[0]
REAL
   0.482527  0.00633309 -0.00901708    0.366663
 0.00633309   0.0389785   0.0141402  0.00964444
-0.00901708   0.0141402   0.0174731   0.0131148
   0.366663  0.00964444   0.0131148    0.461022
IMAGINARY
           0  -0.00158456  -0.00512313   -0.0126738
  0.00158456            0    0.0159332 -0.000698348
  0.00512313   -0.0159332            0  -0.00294325
   0.0126738  0.000698348   0.00294325            0
EndNode2[0]<--->HoM1[0]
REAL
  0.476965  0.0312976  0.0379497   0.360723
 0.0312976  0.0216802 0.00339313  0.0253748
 0.0379497 0.00339313  0.0203252  0.0254306
  0.360723  0.0253748  0.0254306    0.48103
IMAGINARY
          0   0.0106942  0.00554382 -0.00265623
 -0.0106942           0   0.0140963  -0.0173239
-0.00554382  -0.0140963           0   0.0181016
 0.00265623   0.0173239  -0.0181016           0
Repeater1[0]<--->EndNode1[0]
REAL
   0.482527 -0.00901708  0.00633309    0.366663
-0.00901708   0.0174731   0.0141402   0.0131148
 0.00633309   0.0141402   0.0389785  0.00964444
   0.366663   0.0131148  0.00964444    0.461022
IMAGINARY
           0  -0.00512313  -0.00158456   -0.0126738
  0.00512313            0   -0.0159332  -0.00294325
  0.00158456    0.0159332            0 -0.000698348
   0.0126738   0.00294325  0.000698348            0
Repeater1[0]<--->HoM1[0]
REAL
  0.476965  0.0379497  0.0312976   0.360723
 0.0379497  0.0203252 0.00339313  0.0254306
 0.0312976 0.00339313  0.0216802  0.0253748
  0.360723  0.0254306  0.0253748    0.48103
IMAGINARY
          0  0.00554382   0.0106942 -0.00265623
-0.00554382           0  -0.0140963   0.0181016
 -0.0106942   0.0140963           0  -0.0173239
 0.00265623  -0.0181016   0.0173239           0
EndNode1[0]<--->Repeater1[0]
REAL
  0.496212 -0.0259455 -0.0161879   0.371939
-0.0259455  0.0227273 0.00553155  -0.020044
-0.0161879 0.00553155  0.0189394  0.0015713
  0.371939  -0.020044  0.0015713   0.462121
IMAGINARY
          0   0.0233973  0.00634453   0.0384584
 -0.0233973           0 -0.00479863 -0.00569602
-0.00634453  0.00479863           0   0.0135677
 -0.0384584  0.00569602  -0.0135677           0
EndNode2[0]<--->HoM1[0]
REAL
   0.446809  0.00370491 -0.00375669    0.352399
 0.00370491   0.0292553  0.00383506 -0.00769369
-0.00375669  0.00383506   0.0292553   -0.013883
   0.352399 -0.00769369   -0.013883    0.494681
IMAGINARY
          0   0.0205484   0.0171699  -0.0055278
 -0.0205484           0    0.036392  -0.0263083
 -0.0171699   -0.036392           0  0.00686678
  0.0055278   0.0263083 -0.00686678           0
Repeater1[0]<--->EndNode1[0]
REAL
  0.496212 -0.0161879 -0.0259455   0.371939
-0.0161879  0.0189394 0.00553155  0.0015713
-0.0259455 0.00553155  0.0227273  -0.020044
  0.371939  0.0015713  -0.020044   0.462121
IMAGINARY
          0  0.00634453   0.0233973   0.0384584
-0.00634453           0  0.00479863   0.0135677
 -0.0233973 -0.00479863           0 -0.00569602
 -0.0384584  -0.0135677  0.00569602           0
Repeater1[0]<--->HoM1[0]
REAL
   0.446809 -0.00375669  0.00370491    0.352399
-0.00375669   0.0292553  0.00383506   -0.013883
 0.00370491  0.00383506   0.0292553 -0.00769369
   0.352399   -0.013883 -0.00769369    0.494681
IMAGINARY
          0   0.0171699   0.0205484  -0.0055278
 -0.0171699           0   -0.036392  0.00686678
 -0.0205484    0.036392           0  -0.0263083
  0.0055278 -0.00686678   0.0263083           0
EndNode1[0]<--->Repeater1[0]
REAL
    0.47451   0.0128271 -0.00487684    0.365451
  0.0128271    0.027451  0.00501549 -0.00548585
-0.00487684  0.00501549   0.0261438  -0.0205991
   0.365451 -0.00548585  -0.0205991    0.471895
IMAGINARY
          0  -0.0152279  0.00386051   0.0240947
  0.0152279           0   0.0108451  0.00574257
-0.00386051  -0.0108451           0 -0.00333804
 -0.0240947 -0.00574257  0.00333804           0
EndNode2[0]<--->HoM1[0]
REAL
   0.464771   0.0201984   0.0137614     0.34447
  0.0201984   0.0222497 -0.00714315 0.000740529
  0.0137614 -0.00714315    0.025958 -0.00443545
    0.34447 0.000740529 -0.00443545    0.487021
IMAGINARY
           0 -0.000708978   0.00324509   0.00552626
 0.000708978            0  0.000162737   -0.0103419
 -0.00324509 -0.000162737            0   -0.0115491
 -0.00552626    0.0103419    0.0115491            0
Repeater1[0]<--->EndNode1[0]
REAL
    0.47451 -0.00487684   0.0128271    0.365451
-0.00487684   0.0261438  0.00501549  -0.0205991
  0.0128271  0.00501549    0.027451 -0.00548585
   0.365451  -0.0205991 -0.00548585    0.471895
IMAGINARY
          0  0.00386051  -0.0152279   0.0240947
-0.00386051           0  -0.0108451 -0.00333804
  0.0152279   0.0108451           0  0.00574257
 -0.0240947  0.00333804 -0.00574257           0
Repeater1[0]<--->HoM1[0]
REAL
   0.464771   0.0137614   0.0201984     0.34447
  0.0137614    0.025958 -0.00714315 -0.00443545
  0.0201984 -0.00714315   0.0222497 0.000740529
    0.34447 -0.00443545 0.000740529    0.487021
IMAGINARY
           0   0.00324509 -0.000708978   0.00552626
 -0.00324509            0 -0.000162737   -0.0115491
 0.000708978  0.000162737            0   -0.0103419
 -0.00552626    0.0115491    0.0103419            0
EndNode1[0]<--->Repeater1[0]
REAL
   0.462745 -0.00167101   0.0053114    0.364974
-0.00167101    0.027451  0.00169271   0.0123357
  0.0053114  0.00169271   0.0235294  0.00624617
   0.364974   0.0123357  0.00624617    0.486275
IMAGINARY
          0   0.0113768   0.0112245 -0.00148947
 -0.0113768           0   0.0408834  -0.0112245
 -0.0112245  -0.0408834           0  0.00294615
 0.00148947   0.0112245 -0.00294615           0
EndNode2[0]<--->HoM1[0]
REAL
    0.480978 -0.000298765   0.00827619     0.350928
-0.000298765    0.0244565  -0.00546192    -0.011469
  0.00827619  -0.00546192    0.0285326   -0.0067255
    0.350928    -0.011469   -0.0067255     0.466033
IMAGINARY
          0  -0.0189141  0.00189187 -0.00386419
  0.0189141           0   0.0179307   0.0119421
-0.00189187  -0.0179307           0  -0.0120477
 0.00386419  -0.0119421   0.0120477           0
Repeater1[0]<--->EndNode1[0]
REAL
   0.462745   0.0053114 -0.00167101    0.364974
  0.0053114   0.0235294  0.00169271  0.00624617
-0.00167101  0.00169271    0.027451   0.0123357
   0.364974  0.00624617   0.0123357    0.486275
IMAGINARY
          0   0.0112245   0.0113768 -0.00148947
 -0.0112245           0  -0.0408834  0.00294615
 -0.0113768   0.0408834           0  -0.0112245
 0.00148947 -0.00294615   0.0112245           0
Repeater1[0]<--->HoM1[0]
REAL
    0.480978   0.00827619 -0.000298765     0.350928
  0.00827619    0.0285326  -0.00546192   -0.0067255
-0.000298765  -0.00546192    0.0244565    -0.011469
    0.350928   -0.0067255    -0.011469     0.466033
IMAGINARY
          0  0.00189187  -0.0189141 -0.00386419
-0.00189187           0  -0.0179307  -0.0120477
  0.0189141   0.0179307           0   0.0119421
 0.00386419   0.0120477  -0.0119421           0
EndNode1[0]<--->Repeater1[0]
REAL
   0.482968  0.00755744 -0.00889788    0.358097
 0.00755744   0.0291971  0.00152865   0.0102348
-0.00889788  0.00152865   0.0194647 -0.00755744
   0.358097   0.0102348 -0.00755744     0.46837
IMAGINARY
          0 -0.00681528 -0.00559998 -0.00812464
 0.00681528           0  -0.0177032  0.00291902
 0.00559998   0.0177032           0   -0.013292
 0.00812464 -0.00291902    0.013292           0
EndNode2[0]<--->HoM1[0]
REAL
   0.464239 -0.00175007 -0.00887889    0.360669
-0.00175007   0.0351105  0.00516989  0.00453107
-0.00887889  0.00516989    0.023407  -0.0199891
   0.360669  0.00453107  -0.0199891    0.477243
IMAGINARY
           0   -0.0109772    0.0131969 -0.000788878
   0.0109772            0   -0.0197591  -0.00680307
  -0.0131969    0.0197591            0  0.000746979
 0.000788878   0.00680307 -0.000746979            0
Repeater1[0]<--->EndNode1[0]
REAL
   0.482968 -0.00889788  0.00755744    0.358097
-0.00889788   0.0194647  0.00152865 -0.00755744
 0.00755744  0.00152865   0.0291971   0.0102348
   0.358097 -0.00755744   0.0102348     0.46837
IMAGINARY
          0 -0.00559998 -0.00681528 -0.00812464
 0.00559998           0   0.0177032   -0.013292
 0.00681528  -0.0177032           0  0.00291902
 0.00812464    0.013292 -0.00291902           0
Repeater1[0]<--->HoM1[0]
REAL
   0.464239 -0.00887889 -0.00175007    0.360669
-0.00887889    0.023407  0.00516989  -0.0199891
-0.00175007  0.00516989   0.0351105  0.00453107
   0.360669  -0.0199891  0.00453107    0.477243
IMAGINARY
           0    0.0131969   -0.0109772 -0.000788878
  -0.0131969            0    0.0197591  0.000746979
   0.0109772   -0.0197591            0  -0.00680307
 0.000788878 -0.000746979   0.00680307            0
EndNode1[0]<--->Repeater1[0]
REAL
  0.458549 -0.0166246 -0.0253496   0.355126
-0.0166246  0.0349741  -0.011625 -0.0144382
-0.0253496  -0.011625  0.0284974 -0.0205106
  0.355126 -0.0144382 -0.0205106   0.477979
IMAGINARY
          0 -0.00379096   0.0132673  -0.0121399
 0.00379096           0   0.0083899 -0.00184602
 -0.0132673  -0.0083899           0  -0.0165136
  0.0121399  0.00184602   0.0165136           0
EndNode2[0]<--->HoM1[0]
REAL
  0.450269 0.00967079 -0.0114396   0.365477
0.00967079  0.0241935 0.00888243 0.00502939
-0.0114396 0.00888243   0.016129 0.00186767
  0.365477 0.00502939 0.00186767   0.509409
IMAGINARY
          0   0.0195033 -0.00901471  -0.0163558
 -0.0195033           0  -0.0151303 -0.00699042
 0.00901471   0.0151303           0  -0.0137414
  0.0163558  0.00699042   0.0137414           0
Repeater1[0]<--->EndNode1[0]
REAL
  0.458549 -0.0253496 -0.0166246   0.355126
-0.0253496  0.0284974  -0.011625 -0.0205106
-0.0166246  -0.011625  0.0349741 -0.0144382
  0.355126 -0.0205106 -0.0144382   0.477979
IMAGINARY
          0   0.0132673 -0.00379096  -0.0121399
 -0.0132673           0  -0.0083899  -0.0165136
 0.00379096   0.0083899           0 -0.00184602
  0.0121399   0.0165136  0.00184602           0
Repeater1[0]<--->HoM1[0]
REAL
  0.450269 -0.0114396 0.00967079   0.365477
-0.0114396   0.016129 0.00888243 0.00186767
0.00967079 0.00888243  0.0241935 0.00502939
  0.365477 0.00186767 0.00502939   0.509409
IMAGINARY
          0 -0.00901471   0.0195033  -0.0163558
 0.00901471           0   0.0151303  -0.0137414
 -0.0195033  -0.0151303           0 -0.00699042
  0.0163558   0.0137414  0.00699042           0
EndNode1[0]<--->Repeater1[0]
REAL
   0.446589  -0.0141855 -0.00441806     0.37025
 -0.0141855    0.033462   0.0109912  -0.0057034
-0.00441806   0.0109912    0.032175 -0.00403317
    0.37025  -0.0057034 -0.00403317    0.487773
IMAGINARY
           0  0.000580973   -0.0267901   -0.0156517
-0.000580973            0   -0.0286833    0.0132099
   0.0267901    0.0286833            0  -0.00922295
   0.0156517   -0.0132099   0.00922295            0
EndNode2[0]<--->HoM1[0]
REAL
    0.466667    0.0141782    0.0188772      0.35197
   0.0141782    0.0282051    0.0258827 -0.000756351
   0.0188772    0.0258827     0.025641    0.0160232
     0.35197 -0.000756351    0.0160232     0.479487
IMAGINARY
          0 -0.00898497 -0.00777623   0.0031075
 0.00898497           0 -0.00699351  -0.0280294
 0.00777623  0.00699351           0  -0.0063603
 -0.0031075   0.0280294   0.0063603           0
Repeater1[0]<--->EndNode1[0]
REAL
   0.446589 -0.00441806  -0.0141855     0.37025
-0.00441806    0.032175   0.0109912 -0.00403317
 -0.0141855   0.0109912    0.033462  -0.0057034
    0.37025 -0.00403317  -0.0057034    0.487773
IMAGINARY
           0   -0.0267901  0.000580973   -0.0156517
   0.0267901            0    0.0286833  -0.00922295
-0.000580973   -0.0286833            0    0.0132099
   0.0156517   0.00922295   -0.0132099            0
Repeater1[0]<--->HoM1[0]
REAL
    0.466667    0.0188772    0.0141782      0.35197
   0.0188772     0.025641    0.0258827    0.0160232
   0.0141782    0.0258827    0.0282051 -0.000756351
     0.35197    0.0160232 -0.000756351     0.479487
IMAGINARY
          0 -0.00777623 -0.00898497   0.0031075
 0.00777623           0  0.00699351  -0.0063603
 0.00898497 -0.00699351           0  -0.0280294
 -0.0031075   0.0063603   0.0280294           0
EndNode1[0]<--->Repeater1[0]
REAL
   0.489556 -0.00211608  -0.0166505    0.356747
-0.00211608   0.0287206   0.0141773  0.00442227
 -0.0166505   0.0141773   0.0221932  0.00211608
   0.356747  0.00442227  0.00211608     0.45953
IMAGINARY
          0 -0.00597644    0.014846   0.0226557
 0.00597644           0 -0.00161612 -0.00728937
  -0.014846  0.00161612           0 -0.00283968
 -0.0226557  0.00728937  0.00283968           0
EndNode2[0]<--->HoM1[0]
REAL
         0.5    0.0197438  -0.00194476     0.362954
   0.0197438    0.0300481 -0.000974473  -0.00065941
 -0.00194476 -0.000974473    0.0144231    -0.022348
    0.362954  -0.00065941    -0.022348     0.455529
IMAGINARY
          0   0.0024028  0.00225559  -0.0159694
 -0.0024028           0   0.0146939  -0.0105996
-0.00225559  -0.0146939           0  0.00850863
  0.0159694   0.0105996 -0.00850863           0
Repeater1[0]<--->EndNode1[0]
REAL
   0.489556  -0.0166505 -0.00211608    0.356747
 -0.0166505   0.0221932   0.0141773  0.00211608
-0.00211608   0.0141773   0.0287206  0.00442227
   0.356747  0.00211608  0.00442227     0.45953
IMAGINARY
          0    0.014846 -0.00597644   0.0226557
  -0.014846           0  0.00161612 -0.00283968
 0.00597644 -0.00161612           0 -0.00728937
 -0.0226557  0.00283968  0.00728937           0
Repeater1[0]<--->HoM1[0]
REAL
         0.5  -0.00194476    0.0197438     0.362954
 -0.00194476    0.0144231 -0.000974473    -0.022348
   0.0197438 -0.000974473    0.0300481  -0.00065941
    0.362954    -0.022348  -0.00065941     0.455529
IMAGINARY
          0  0.00225559   0.0024028  -0.0159694
-0.00225559           0  -0.0146939  0.00850863
 -0.0024028   0.0146939           0  -0.0105996
  0.0159694 -0.00850863   0.0105996           0
EndNode1[0]<--->Repeater1[0]
REAL
   0.47914  0.0118058  0.0217408   0.359196
 0.0118058   0.022756   0.012462 0.00232335
 0.0217408   0.012462  0.0240202 0.00691074
  0.359196 0.00232335 0.00691074   0.474083
IMAGINARY
           0   0.00902661  -0.00326716   -0.0170278
 -0.00902661            0  3.83526e-06   -0.0105519
  0.00326716 -3.83526e-06            0 -0.000232645
   0.0170278    0.0105519  0.000232645            0
EndNode2[0]<--->HoM1[0]
REAL
   0.457036 0.000379525 -0.00117313    0.364461
0.000379525   0.0211706 -0.00469739  -0.0099671
-0.00117313 -0.00469739   0.0224159  -0.0154516
   0.364461  -0.0099671  -0.0154516    0.499377
IMAGINARY
          0  0.00737921  -0.0140018  0.00447569
-0.00737921           0   0.0240217  -0.0133681
  0.0140018  -0.0240217           0  0.00930971
-0.00447569   0.0133681 -0.00930971           0
Repeater1[0]<--->EndNode1[0]
REAL
   0.47914  0.0217408  0.0118058   0.359196
 0.0217408  0.0240202   0.012462 0.00691074
 0.0118058   0.012462   0.022756 0.00232335
  0.359196 0.00691074 0.00232335   0.474083
IMAGINARY
           0  -0.00326716   0.00902661   -0.0170278
  0.00326716            0 -3.83526e-06 -0.000232645
 -0.00902661  3.83526e-06            0   -0.0105519
   0.0170278  0.000232645    0.0105519            0
Repeater1[0]<--->HoM1[0]
REAL
   0.457036 -0.00117313 0.000379525    0.364461
-0.00117313   0.0224159 -0.00469739  -0.0154516
0.000379525 -0.00469739   0.0211706  -0.0099671
   0.364461  -0.0154516  -0.0099671    0.499377
IMAGINARY
          0  -0.0140018  0.00737921  0.00447569
  0.0140018           0  -0.0240217  0.00930971
-0.00737921   0.0240217           0  -0.0133681
-0.00447569 -0.00930971   0.0133681           0
EndNode1[0]<--->Repeater1[0]
REAL
  0.503121 0.00150544  0.0132917   0.366992
0.00150544  0.0249688  0.0244224 0.00943562
 0.0132917  0.0244224  0.0249688  0.0111208
  0.366992 0.00943562  0.0111208   0.446941
IMAGINARY
          0   0.0100756  0.00301975    0.013564
 -0.0100756           0  0.00828693  -0.0143548
-0.00301975 -0.00828693           0   0.0176322
  -0.013564   0.0143548  -0.0176322           0
EndNode2[0]<--->HoM1[0]
REAL
   0.507692  -0.0109514   0.0012851     0.35378
 -0.0109514    0.025641   0.0183719  -0.0139433
  0.0012851   0.0183719   0.0320513 -0.00297266
    0.35378  -0.0139433 -0.00297266    0.434615
IMAGINARY
          0   0.0111741  -0.0118959    0.019216
 -0.0111741           0 -0.00563252   0.0153537
  0.0118959  0.00563252           0   0.0227125
  -0.019216  -0.0153537  -0.0227125           0
Repeater1[0]<--->EndNode1[0]
REAL
  0.503121  0.0132917 0.00150544   0.366992
 0.0132917  0.0249688  0.0244224  0.0111208
0.00150544  0.0244224  0.0249688 0.00943562
  0.366992  0.0111208 0.00943562   0.446941
IMAGINARY
          0  0.00301975   0.0100756    0.013564
-0.00301975           0 -0.00828693   0.0176322
 -0.0100756  0.00828693           0  -0.0143548
  -0.013564  -0.0176322   0.0143548           0
Repeater1[0]<--->HoM1[0]
REAL
   0.507692   0.0012851  -0.0109514     0.35378
  0.0012851   0.0320513   0.0183719 -0.00297266
 -0.0109514   0.0183719    0.025641  -0.0139433
    0.35378 -0.00297266  -0.0139433    0.434615
IMAGINARY
          0  -0.0118959   0.0111741    0.019216
  0.0118959           0  0.00563252   0.0227125
 -0.0111741 -0.00563252           0   0.0153537
  -0.019216  -0.0227125  -0.0153537           0
EndNode1[0]<--->Repeater1[0]
REAL
   0.470968  0.00484843  0.00457638     0.35306
 0.00484843   0.0283871  0.00485608 -0.00931251
 0.00457638  0.00485608   0.0232258 -0.00552502
    0.35306 -0.00931251 -0.00552502    0.477419
IMAGINARY
          0 -0.00492468   0.0197551   0.0107618
 0.00492468           0    0.017715 -0.00642947
 -0.0197551   -0.017715           0 -0.00492468
 -0.0107618  0.00642947  0.00492468           0
EndNode2[0]<--->HoM1[0]
REAL
  0.487867 -0.0129166 0.00609429   0.368848
-0.0129166  0.0280971 0.00841282 0.00294964
0.00609429 0.00841282  0.0191571 -0.0103392
  0.368848 0.00294964 -0.0103392   0.464879
IMAGINARY
          0  -0.0141494   0.0208313 -0.00522667
  0.0141494           0 -0.00145782  0.00797787
 -0.0208313  0.00145782           0 -0.00569691
 0.00522667 -0.00797787  0.00569691           0
Repeater1[0]<--->EndNode1[0]
REAL
   0.470968  0.00457638  0.00484843     0.35306
 0.00457638   0.0232258  0.00485608 -0.00552502
 0.00484843  0.00485608   0.0283871 -0.00931251
    0.35306 -0.00552502 -0.00931251    0.477419
IMAGINARY
          0   0.0197551 -0.00492468   0.0107618
 -0.0197551           0   -0.017715 -0.00492468
 0.00492468    0.017715           0 -0.00642947
 -0.0107618  0.00492468  0.00642947           0
Repeater1[0]<--->HoM1[0]
REAL
  0.487867 0.00609429 -0.0129166   0.368848
0.00609429  0.0191571 0.00841282 -0.0103392
-0.0129166 0.00841282  0.0280971 0.00294964
  0.368848 -0.0103392 0.00294964   0.464879
IMAGINARY
          0   0.0208313  -0.0141494 -0.00522667
 -0.0208313           0  0.00145782 -0.00569691
  0.0141494 -0.00145782           0  0.00797787
 0.00522667  0.00569691 -0.00797787           0
EndNode1[0]<--->Repeater1[0]
REAL
   0.478142 -0.00712283 -0.00740898    0.369156
-0.00712283   0.0245902  0.00487971 -0.00930053
-0.00740898  0.00487971   0.0355191  0.00326678
   0.369156 -0.00930053  0.00326678    0.461749
IMAGINARY
          0  -0.0111505  0.00448728  0.00417831
  0.0111505           0   0.0150063  0.00383539
-0.00448728  -0.0150063           0  -0.0150979
-0.00417831 -0.00383539   0.0150979           0
EndNode2[0]<--->HoM1[0]
REAL
   0.477356 -0.00306555  -0.0227845     0.37568
-0.00306555   0.0293758 -0.00822547   0.0109735
 -0.0227845 -0.00822547   0.0293758  -0.0205565
    0.37568   0.0109735  -0.0205565    0.463892
IMAGINARY
           0  -0.00053127    0.0126391    0.0188874
  0.00053127            0  0.000368895 -0.000765737
  -0.0126391 -0.000368895            0   -0.0113421
  -0.0188874  0.000765737    0.0113421            0
Repeater1[0]<--->EndNode1[0]
REAL
   0.478142 -0.00740898 -0.00712283    0.369156
-0.00740898   0.0355191  0.00487971  0.00326678
-0.00712283  0.00487971   0.0245902 -0.00930053
   0.369156  0.00326678 -0.00930053    0.461749
IMAGINARY
          0  0.00448728  -0.0111505  0.00417831
-0.00448728           0  -0.0150063  -0.0150979
  0.0111505   0.0150063           0  0.00383539
-0.00417831   0.0150979 -0.00383539           0
Repeater1[0]<--->HoM1[0]
REAL
   0.477356  -0.0227845 -0.00306555     0.37568
 -0.0227845   0.0293758 -0.00822547  -0.0205565
-0.00306555 -0.00822547   0.0293758   0.0109735
    0.37568  -0.0205565   0.0109735    0.463892
IMAGINARY
           0    0.0126391  -0.00053127    0.0188874
  -0.0126391            0 -0.000368895   -0.0113421
  0.00053127  0.000368895            0 -0.000765737
  -0.0188874    0.0113421  0.000765737            0
EndNode1[0]<--->Repeater1[0]
REAL
    0.47625 -0.00253684 -0.00840076    0.368144
-0.00253684     0.03375   0.0140555    0.018872
-0.00840076   0.0140555     0.03125  0.00777244
   0.368144    0.018872  0.00777244     0.45875
IMAGINARY
           0 -0.000665927  -0.00720523    0.0156739
 0.000665927            0  0.000249701   0.00909203
  0.00720523 -0.000249701            0   0.00129486
  -0.0156739  -0.00909203  -0.00129486            0
EndNode2[0]<--->HoM1[0]
REAL
    0.476252  -0.00684582  -0.00727324     0.374476
 -0.00684582    0.0256739   0.00485611   0.00791509
 -0.00727324   0.00485611    0.0218228 -0.000214517
    0.374476   0.00791509 -0.000214517     0.476252
IMAGINARY
          0  -0.0150566 -0.00316296 -0.00775159
  0.0150566           0   0.0111163 -0.00190033
 0.00316296  -0.0111163           0   0.0112592
 0.00775159  0.00190033  -0.0112592           0
Repeater1[0]<--->EndNode1[0]
REAL
    0.47625 -0.00840076 -0.00253684    0.368144
-0.00840076     0.03125   0.0140555  0.00777244
-0.00253684   0.0140555     0.03375    0.018872
   0.368144  0.00777244    0.018872     0.45875
IMAGINARY
           0  -0.00720523 -0.000665927    0.0156739
  0.00720523            0 -0.000249701   0.00129486
 0.000665927  0.000249701            0   0.00909203
  -0.0156739  -0.00129486  -0.00909203            0
Repeater1[0]<--->HoM1[0]
REAL
    0.476252  -0.00727324  -0.00684582     0.374476
 -0.00727324    0.0218228   0.00485611 -0.000214517
 -0.00684582   0.00485611    0.0256739   0.00791509
    0.374476 -0.000214517   0.00791509     0.476252
IMAGINARY
          0 -0.00316296  -0.0150566 -0.00775159
 0.00316296           0  -0.0111163   0.0112592
  0.0150566   0.0111163           0 -0.00190033
 0.00775159  -0.0112592  0.00190033           0
EndNode1[0]<--->Repeater1[0]
REAL
    0.479487    0.0192843     0.023657     0.361797
   0.0192843    0.0294872     0.002401   0.00473807
    0.023657     0.002401    0.0192308 -0.000765803
    0.361797   0.00473807 -0.000765803     0.471795
IMAGINARY
           0  8.16083e-05 -4.58986e-05   0.00340768
-8.16083e-05            0  -0.00340768  -0.00586737
 4.58986e-05   0.00340768            0    0.0045176
 -0.00340768   0.00586737   -0.0045176            0
EndNode2[0]<--->HoM1[0]
REAL
    0.486093    0.0181655   -0.0163318     0.345192
   0.0181655     0.018543   0.00865385   0.00607538
  -0.0163318   0.00865385    0.0357616 -0.000216817
    0.345192   0.00607538 -0.000216817     0.459603
IMAGINARY
           0   0.00128205 -0.000628439  -0.00743407
 -0.00128205            0    0.0135316   -0.0172287
 0.000628439   -0.0135316            0    0.0179487
  0.00743407    0.0172287   -0.0179487            0
Repeater1[0]<--->EndNode1[0]
REAL
    0.479487     0.023657    0.0192843     0.361797
    0.023657    0.0192308     0.002401 -0.000765803
   0.0192843     0.002401    0.0294872   0.00473807
    0.361797 -0.000765803   0.00473807     0.471795
IMAGINARY
           0 -4.58986e-05  8.16083e-05   0.00340768
 4.58986e-05            0   0.00340768    0.0045176
-8.16083e-05  -0.00340768            0  -0.00586737
 -0.00340768   -0.0045176   0.00586737            0
Repeater1[0]<--->HoM1[0]
REAL
    0.486093   -0.0163318    0.0181655     0.345192
  -0.0163318    0.0357616   0.00865385 -0.000216817
   0.0181655   0.00865385     0.018543   0.00607538
    0.345192 -0.000216817   0.00607538     0.459603
IMAGINARY
           0 -0.000628439   0.00128205  -0.00743407
 0.000628439            0   -0.0135316    0.0179487
 -0.00128205    0.0135316            0   -0.0172287
  0.00743407   -0.0179487    0.0172287            0
EndNode1[0]<--->Repeater1[0]
REAL
  0.484646  0.0107997 0.00478263   0.350954
 0.0107997  0.0226969 -0.0126225  0.0102109
0.00478263 -0.0126225  0.0173565 -0.0114516
  0.350954  0.0102109 -0.0114516     0.4753
IMAGINARY
           0   0.00928499   -0.0122546 -1.97244e-05
 -0.00928499            0   0.00384625   0.00232082
   0.0122546  -0.00384625            0   0.00992031
 1.97244e-05  -0.00232082  -0.00992031            0
EndNode2[0]<--->HoM1[0]
REAL
  0.447507  -0.013115 0.00408235   0.375309
 -0.013115  0.0288714 0.00246914 -0.0139589
0.00408235 0.00246914  0.0262467 0.00447298
  0.375309 -0.0139589 0.00447298   0.497375
IMAGINARY
          0  -0.0173789 -0.00927375   0.0334771
  0.0173789           0   0.0154359  -0.0203559
 0.00927375  -0.0154359           0   0.0210826
 -0.0334771   0.0203559  -0.0210826           0
Repeater1[0]<--->EndNode1[0]
REAL
  0.484646 0.00478263  0.0107997   0.350954
0.00478263  0.0173565 -0.0126225 -0.0114516
 0.0107997 -0.0126225  0.0226969  0.0102109
  0.350954 -0.0114516  0.0102109     0.4753
IMAGINARY
           0   -0.0122546   0.00928499 -1.97244e-05
   0.0122546            0  -0.00384625   0.00992031
 -0.00928499   0.00384625            0   0.00232082
 1.97244e-05  -0.00992031  -0.00232082            0
Repeater1[0]<--->HoM1[0]
REAL
  0.447507 0.00408235  -0.013115   0.375309
0.00408235  0.0262467 0.00246914 0.00447298
 -0.013115 0.00246914  0.0288714 -0.0139589
  0.375309 0.00447298 -0.0139589   0.497375
IMAGINARY
          0 -0.00927375  -0.0173789   0.0334771
 0.00927375           0  -0.0154359   0.0210826
  0.0173789   0.0154359           0  -0.0203559
 -0.0334771  -0.0210826   0.0203559           0
EndNode1[0]<--->Repeater1[0]
REAL
   0.488591 -0.00070361   0.0140361     0.35744
-0.00070361   0.0295302 -0.00227657  0.00863393
  0.0140361 -0.00227657   0.0228188  0.00196306
    0.35744  0.00863393  0.00196306     0.45906
IMAGINARY
          0  -0.0157408   0.0223109  0.00670241
  0.0157408           0 -0.00670241  -0.0126584
 -0.0223109  0.00670241           0  -0.0235128
-0.00670241   0.0126584   0.0235128           0
EndNode2[0]<--->HoM1[0]
REAL
   0.468254  -0.0158152   0.0104382    0.356798
 -0.0158152    0.026455  -0.0147615 -0.00260529
  0.0104382  -0.0147615   0.0238095 -0.00376703
   0.356798 -0.00260529 -0.00376703    0.481481
IMAGINARY
           0   -0.0111402    0.0150234   0.00126944
   0.0111402            0  2.25534e-05    0.0183973
  -0.0150234 -2.25534e-05            0   -0.0222805
 -0.00126944   -0.0183973    0.0222805            0
Repeater1[0]<--->EndNode1[0]
REAL
   0.488591   0.0140361 -0.00070361     0.35744
  0.0140361   0.0228188 -0.00227657  0.00196306
-0.00070361 -0.00227657   0.0295302  0.00863393
    0.35744  0.00196306  0.00863393     0.45906
IMAGINARY
          0   0.0223109  -0.0157408  0.00670241
 -0.0223109           0  0.00670241  -0.0235128
  0.0157408 -0.00670241           0  -0.0126584
-0.00670241   0.0235128   0.0126584           0
Repeater1[0]<--->HoM1[0]
REAL
   0.468254   0.0104382  -0.0158152    0.356798
  0.0104382   0.0238095  -0.0147615 -0.00376703
 -0.0158152  -0.0147615    0.026455 -0.00260529
   0.356798 -0.00376703 -0.00260529    0.481481
IMAGINARY
           0    0.0150234   -0.0111402   0.00126944
  -0.0150234            0 -2.25534e-05   -0.0222805
   0.0111402  2.25534e-05            0    0.0183973
 -0.00126944    0.0222805   -0.0183973            0
EndNode1[0]<--->Repeater1[0]
REAL
    0.434954   0.00290125  -0.00465783     0.370705
  0.00290125    0.0341656 -0.000704514  -0.00034217
 -0.00465783 -0.000704514    0.0302234 -0.000401255
    0.370705  -0.00034217 -0.000401255     0.500657
IMAGINARY
           0   -0.0170384   -0.0120955   -0.0072623
   0.0170384            0 -0.000430005    0.0114115
   0.0120955  0.000430005            0    0.0259303
   0.0072623   -0.0114115   -0.0259303            0
EndNode2[0]<--->HoM1[0]
REAL
   0.47198 0.00809495 0.00631548    0.36443
0.00809495  0.0298879  0.0148154 -0.0144916
0.00631548  0.0148154  0.0211706 -0.0187868
   0.36443 -0.0144916 -0.0187868   0.476961
IMAGINARY
           0  0.000319269  0.000281017 -0.000972611
-0.000319269            0   0.00229536  -0.00542241
-0.000281017  -0.00229536            0   0.00353677
 0.000972611   0.00542241  -0.00353677            0
Repeater1[0]<--->EndNode1[0]
REAL
    0.434954  -0.00465783   0.00290125     0.370705
 -0.00465783    0.0302234 -0.000704514 -0.000401255
  0.00290125 -0.000704514    0.0341656  -0.00034217
    0.370705 -0.000401255  -0.00034217     0.500657
IMAGINARY
           0   -0.0120955   -0.0170384   -0.0072623
   0.0120955            0  0.000430005    0.0259303
   0.0170384 -0.000430005            0    0.0114115
   0.0072623   -0.0259303   -0.0114115            0
Repeater1[0]<--->HoM1[0]
REAL
   0.47198 0.00631548 0.00809495    0.36443
0.00631548  0.0211706  0.0148154 -0.0187868
0.00809495  0.0148154  0.0298879 -0.0144916
   0.36443 -0.0187868 -0.0144916   0.476961
IMAGINARY
           0  0.000281017  0.000319269 -0.000972611
-0.000281017            0  -0.00229536   0.00353677
-0.000319269   0.00229536            0  -0.00542241
 0.000972611  -0.00353677   0.00542241            0
EndNode1[0]<--->Repeater1[0]
REAL
    0.453634   0.00202703   0.00793486     0.359948
  0.00202703    0.0238095 -0.000488717    0.0015246
  0.00793486 -0.000488717    0.0275689   0.00202703
    0.359948    0.0015246   0.00202703     0.494987
IMAGINARY
           0 -0.000397609   0.00429473  -0.00656501
 0.000397609            0   -0.0222308    0.0151228
 -0.00429473    0.0222308            0   0.00403839
  0.00656501   -0.0151228  -0.00403839            0
EndNode2[0]<--->HoM1[0]
REAL
    0.483117    0.0243884   0.00869379     0.350024
   0.0243884    0.0272727   -0.0061848    0.0142288
  0.00869379   -0.0061848    0.0220779 -3.31465e-05
    0.350024    0.0142288 -3.31465e-05     0.467532
IMAGINARY
          0  0.00474795  -0.0111028  0.00564356
-0.00474795           0 -0.00935644  -0.0104658
  0.0111028  0.00935644           0   0.0194351
-0.00564356   0.0104658  -0.0194351           0
Repeater1[0]<--->EndNode1[0]
REAL
    0.453634   0.00793486   0.00202703     0.359948
  0.00793486    0.0275689 -0.000488717   0.00202703
  0.00202703 -0.000488717    0.0238095    0.0015246
    0.359948   0.00202703    0.0015246     0.494987
IMAGINARY
           0   0.00429473 -0.000397609  -0.00656501
 -0.00429473            0    0.0222308   0.00403839
 0.000397609   -0.0222308            0    0.0151228
  0.00656501  -0.00403839   -0.0151228            0
Repeater1[0]<--->HoM1[0]
REAL
    0.483117   0.00869379    0.0243884     0.350024
  0.00869379    0.0220779   -0.0061848 -3.31465e-05
   0.0243884   -0.0061848    0.0272727    0.0142288
    0.350024 -3.31465e-05    0.0142288     0.467532
IMAGINARY
          0  -0.0111028  0.00474795  0.00564356
  0.0111028           0  0.00935644   0.0194351
-0.00474795 -0.00935644           0  -0.0104658
-0.00564356  -0.0194351   0.0104658           0
EndNode1[0]<--->Repeater1[0]
REAL
   0.490885  0.00297226  0.00666671    0.354664
 0.00297226   0.0208333 -0.00285959  -0.0259966
 0.00666671 -0.00285959   0.0182292 -0.00297226
   0.354664  -0.0259966 -0.00297226    0.470052
IMAGINARY
          0 -0.00418931  0.00623404  0.00560091
 0.00418931           0 -0.00498439  0.00375265
-0.00623404  0.00498439           0  -0.0151183
