EndNode1[0]<--->Repeater1[0]
REAL
    0.42298  0.00384796 -0.00150954    0.111861
 0.00384796    0.106061 -0.00411872    0.011187
-0.00150954 -0.00411872   0.0871212  0.00582946
   0.111861    0.011187  0.00582946    0.383838
IMAGINARY
          0 -0.00662835   0.0118111   0.0208953
 0.00662835           0   0.0103132   0.0268487
 -0.0118111  -0.0103132           0   0.0220923
 -0.0208953  -0.0268487  -0.0220923           0
EndNode2[0]<--->HoM1[0]
REAL
   0.427224  0.00720705   0.0200533    0.129522
 0.00720705    0.074124 -0.00896909 0.000368284
  0.0200533 -0.00896909   0.0997305 -0.00523076
   0.129522 0.000368284 -0.00523076    0.398922
IMAGINARY
          0  -0.0066618  0.00746972    0.010043
  0.0066618           0  -0.0205693  0.00618437
-0.00746972   0.0205693           0   0.0242171
  -0.010043 -0.00618437  -0.0242171           0
Repeater1[0]<--->EndNode1[0]
REAL
    0.42298 -0.00150954  0.00384796    0.111861
-0.00150954   0.0871212 -0.00411872  0.00582946
 0.00384796 -0.00411872    0.106061    0.011187
   0.111861  0.00582946    0.011187    0.383838
IMAGINARY
          0   0.0118111 -0.00662835   0.0208953
 -0.0118111           0  -0.0103132   0.0220923
 0.00662835   0.0103132           0   0.0268487
 -0.0208953  -0.0220923  -0.0268487           0
Repeater1[0]<--->HoM1[0]
REAL
   0.427224   0.0200533  0.00720705    0.129522
  0.0200533   0.0997305 -0.00896909 -0.00523076
 0.00720705 -0.00896909    0.074124 0.000368284
   0.129522 -0.00523076 0.000368284    0.398922
IMAGINARY
          0  0.00746972  -0.0066618    0.010043
-0.00746972           0   0.0205693   0.0242171
  0.0066618  -0.0205693           0  0.00618437
  -0.010043  -0.0242171 -0.00618437           0
EndNode1[0]<--->Repeater1[0]
REAL
   0.371134   0.0154167   0.0200205    0.153665
  0.0154167   0.0953608 -0.00399223  0.00808412
  0.0200205 -0.00399223   0.0927835  0.00745913
   0.153665  0.00808412  0.00745913    0.440722
IMAGINARY
         0  0.0032366 -0.0036082   -0.02451
-0.0032366          0  0.0295605 -0.0189143
 0.0036082 -0.0295605          0 -0.0116021
   0.02451  0.0189143  0.0116021          0
EndNode2[0]<--->HoM1[0]
REAL
   0.442683  0.00360204  -0.0115584    0.145489
 0.00360204   0.0829268 8.07285e-05  -0.0355584
 -0.0115584 8.07285e-05   0.0939024  -0.0169635
   0.145489  -0.0355584  -0.0169635    0.380488
IMAGINARY
           0    0.0107434   -0.0122217   0.00597862
  -0.0107434            0   -0.0153889 -0.000533395
   0.0122217    0.0153889            0   -0.0158454
 -0.00597862  0.000533395    0.0158454            0
Repeater1[0]<--->EndNode1[0]
REAL
   0.371134   0.0200205   0.0154167    0.153665
  0.0200205   0.0927835 -0.00399223  0.00745913
  0.0154167 -0.00399223   0.0953608  0.00808412
   0.153665  0.00745913  0.00808412    0.440722
IMAGINARY
         0 -0.0036082  0.0032366   -0.02451
 0.0036082          0 -0.0295605 -0.0116021
-0.0032366  0.0295605          0 -0.0189143
   0.02451  0.0116021  0.0189143          0
Repeater1[0]<--->HoM1[0]
REAL
   0.442683  -0.0115584  0.00360204    0.145489
 -0.0115584   0.0939024 8.07285e-05  -0.0169635
 0.00360204 8.07285e-05   0.0829268  -0.0355584
   0.145489  -0.0169635  -0.0355584    0.380488
IMAGINARY
           0   -0.0122217    0.0107434   0.00597862
   0.0122217            0    0.0153889   -0.0158454
  -0.0107434   -0.0153889            0 -0.000533395
 -0.00597862    0.0158454  0.000533395            0
EndNode1[0]<--->Repeater1[0]
REAL
  0.401845 -0.0263133  0.0120189   0.142289
-0.0263133  0.0909091 -0.0198399 -0.0145699
 0.0120189 -0.0198399  0.0869565  -0.017054
  0.142289 -0.0145699  -0.017054    0.42029
IMAGINARY
          0  0.00456561  0.00637504  0.00666539
-0.00456561           0  0.00536669 -0.00885029
-0.00637504 -0.00536669           0  -0.0305557
-0.00666539  0.00885029   0.0305557           0
EndNode2[0]<--->HoM1[0]
REAL
  0.439633   0.021169 0.00186232   0.154614
  0.021169   0.104987 0.00777376  0.0193187
0.00186232 0.00777376  0.0866142 -0.0115413
  0.154614  0.0193187 -0.0115413   0.368766
IMAGINARY
          0   0.0162331 -0.00343095  0.00591136
 -0.0162331           0  -0.0119034    0.007768
 0.00343095   0.0119034           0 -0.00446113
-0.00591136   -0.007768  0.00446113           0
Repeater1[0]<--->EndNode1[0]
REAL
  0.401845  0.0120189 -0.0263133   0.142289
 0.0120189  0.0869565 -0.0198399  -0.017054
-0.0263133 -0.0198399  0.0909091 -0.0145699
  0.142289  -0.017054 -0.0145699    0.42029
IMAGINARY
          0  0.00637504  0.00456561  0.00666539
-0.00637504           0 -0.00536669  -0.0305557
-0.00456561  0.00536669           0 -0.00885029
-0.00666539   0.0305557  0.00885029           0
Repeater1[0]<--->HoM1[0]
REAL
  0.439633 0.00186232   0.021169   0.154614
0.00186232  0.0866142 0.00777376 -0.0115413
  0.021169 0.00777376   0.104987  0.0193187
  0.154614 -0.0115413  0.0193187   0.368766
IMAGINARY
          0 -0.00343095   0.0162331  0.00591136
 0.00343095           0   0.0119034 -0.00446113
 -0.0162331  -0.0119034           0    0.007768
-0.00591136  0.00446113   -0.007768           0
EndNode1[0]<--->Repeater1[0]
REAL
    0.390977 -0.000633714  -0.00647723     0.135615
-0.000633714    0.0789474   -0.0120406   0.00457609
 -0.00647723   -0.0120406     0.085213     0.017744
    0.135615   0.00457609     0.017744     0.444862
IMAGINARY
          0   0.0126017   0.0207419 -0.00919982
 -0.0126017           0  -0.0200555 -0.00489909
 -0.0207419   0.0200555           0  -0.0107006
 0.00919982  0.00489909   0.0107006           0
EndNode2[0]<--->HoM1[0]
REAL
   0.409836  0.00990473   0.0119176     0.14462
 0.00990473   0.0920555 -0.00606536  -0.0219577
  0.0119176 -0.00606536   0.0907945  0.00147412
    0.14462  -0.0219577  0.00147412    0.407314
IMAGINARY
          0 -0.00161893   0.0119123   0.0158602
 0.00161893           0 -0.00973278 -0.00369316
 -0.0119123  0.00973278           0   0.0139477
 -0.0158602  0.00369316  -0.0139477           0
Repeater1[0]<--->EndNode1[0]
REAL
    0.390977  -0.00647723 -0.000633714     0.135615
 -0.00647723     0.085213   -0.0120406     0.017744
-0.000633714   -0.0120406    0.0789474   0.00457609
    0.135615     0.017744   0.00457609     0.444862
IMAGINARY
          0   0.0207419   0.0126017 -0.00919982
 -0.0207419           0   0.0200555  -0.0107006
 -0.0126017  -0.0200555           0 -0.00489909
 0.00919982   0.0107006  0.00489909           0
Repeater1[0]<--->HoM1[0]
REAL
   0.409836   0.0119176  0.00990473     0.14462
  0.0119176   0.0907945 -0.00606536  0.00147412
 0.00990473 -0.00606536   0.0920555  -0.0219577
    0.14462  0.00147412  -0.0219577    0.407314
IMAGINARY
          0   0.0119123 -0.00161893   0.0158602
 -0.0119123           0  0.00973278   0.0139477
 0.00161893 -0.00973278           0 -0.00369316
 -0.0158602  -0.0139477  0.00369316           0
EndNode1[0]<--->Repeater1[0]
REAL
   0.427649 -0.00734469 -0.00454708    0.107042
-0.00734469   0.0943152  0.00757985   0.0039275
-0.00454708  0.00757985   0.0968992 0.000529325
   0.107042   0.0039275 0.000529325    0.381137
IMAGINARY
           0  -0.00969687    0.0115464   0.00444444
  0.00969687            0   0.00944444  0.000550328
  -0.0115464  -0.00944444            0  -0.00777625
 -0.00444444 -0.000550328   0.00777625            0
EndNode2[0]<--->HoM1[0]
REAL
    0.385482    -0.013871   -0.0182963      0.10613
   -0.013871    0.0901126   -0.0173684  -0.00660795
  -0.0182963   -0.0173684    0.0813517 -0.000816135
     0.10613  -0.00660795 -0.000816135     0.443054
IMAGINARY
           0   -0.0147927   0.00166889   0.00429131
   0.0147927            0   -0.0119249   0.00166889
 -0.00166889    0.0119249            0  0.000773967
 -0.00429131  -0.00166889 -0.000773967            0
Repeater1[0]<--->EndNode1[0]
REAL
   0.427649 -0.00454708 -0.00734469    0.107042
-0.00454708   0.0968992  0.00757985 0.000529325
-0.00734469  0.00757985   0.0943152   0.0039275
   0.107042 0.000529325   0.0039275    0.381137
IMAGINARY
           0    0.0115464  -0.00969687   0.00444444
  -0.0115464            0  -0.00944444  -0.00777625
  0.00969687   0.00944444            0  0.000550328
 -0.00444444   0.00777625 -0.000550328            0
Repeater1[0]<--->HoM1[0]
REAL
    0.385482   -0.0182963    -0.013871      0.10613
  -0.0182963    0.0813517   -0.0173684 -0.000816135
   -0.013871   -0.0173684    0.0901126  -0.00660795
     0.10613 -0.000816135  -0.00660795     0.443054
IMAGINARY
           0   0.00166889   -0.0147927   0.00429131
 -0.00166889            0    0.0119249  0.000773967
   0.0147927   -0.0119249            0   0.00166889
 -0.00429131 -0.000773967  -0.00166889            0
EndNode1[0]<--->Repeater1[0]
REAL
   0.450323   0.0165909  0.00756594    0.122199
  0.0165909   0.0851613  0.00462748  0.00637829
 0.00756594  0.00462748   0.0735484 -0.00397468
   0.122199  0.00637829 -0.00397468    0.390968
IMAGINARY
          0   -0.010546 -0.00956277 -0.00331258
   0.010546           0    0.016896  0.00827078
 0.00956277   -0.016896           0    0.014422
 0.00331258 -0.00827078   -0.014422           0
EndNode2[0]<--->HoM1[0]
REAL
    0.42398    0.013274  0.00942791    0.127886
   0.013274   0.0939431 0.000725118  -0.0046136
 0.00942791 0.000725118     0.07911   0.0383078
   0.127886  -0.0046136   0.0383078    0.402967
IMAGINARY
          0   0.0175968   0.0032162  0.00965411
 -0.0175968           0  0.00208878  0.00912948
 -0.0032162 -0.00208878           0   0.0169711
-0.00965411 -0.00912948  -0.0169711           0
Repeater1[0]<--->EndNode1[0]
REAL
   0.450323  0.00756594   0.0165909    0.122199
 0.00756594   0.0735484  0.00462748 -0.00397468
  0.0165909  0.00462748   0.0851613  0.00637829
   0.122199 -0.00397468  0.00637829    0.390968
IMAGINARY
          0 -0.00956277   -0.010546 -0.00331258
 0.00956277           0   -0.016896    0.014422
   0.010546    0.016896           0  0.00827078
 0.00331258   -0.014422 -0.00827078           0
Repeater1[0]<--->HoM1[0]
REAL
    0.42398  0.00942791    0.013274    0.127886
 0.00942791     0.07911 0.000725118   0.0383078
   0.013274 0.000725118   0.0939431  -0.0046136
   0.127886   0.0383078  -0.0046136    0.402967
IMAGINARY
          0   0.0032162   0.0175968  0.00965411
 -0.0032162           0 -0.00208878   0.0169711
 -0.0175968  0.00208878           0  0.00912948
-0.00965411  -0.0169711 -0.00912948           0
EndNode1[0]<--->Repeater1[0]
REAL
   0.390411 -0.00220281 0.000357705    0.128444
-0.00220281   0.0917808  0.00963882  -0.0199037
0.000357705  0.00963882     0.10411 -0.00347184
   0.128444  -0.0199037 -0.00347184    0.413699
IMAGINARY
           0    0.0103438   0.00789845  -0.00138057
  -0.0103438            0  -0.00657537  0.000360762
 -0.00789845   0.00657537            0    0.0169751
  0.00138057 -0.000360762   -0.0169751            0
EndNode2[0]<--->HoM1[0]
REAL
   0.418394 -0.00705385   0.0209551     0.13959
-0.00705385    0.101036  0.00123712  0.00617673
  0.0209551  0.00123712   0.0867876 -0.00974202
    0.13959  0.00617673 -0.00974202    0.393782
IMAGINARY
           0    0.0168028   -0.0142122  -0.00369366
  -0.0168028            0   -0.0218284 -0.000588268
   0.0142122    0.0218284            0    0.0121547
  0.00369366  0.000588268   -0.0121547            0
Repeater1[0]<--->EndNode1[0]
REAL
   0.390411 0.000357705 -0.00220281    0.128444
0.000357705     0.10411  0.00963882 -0.00347184
-0.00220281  0.00963882   0.0917808  -0.0199037
   0.128444 -0.00347184  -0.0199037    0.413699
IMAGINARY
           0   0.00789845    0.0103438  -0.00138057
 -0.00789845            0   0.00657537    0.0169751
  -0.0103438  -0.00657537            0  0.000360762
  0.00138057   -0.0169751 -0.000360762            0
Repeater1[0]<--->HoM1[0]
REAL
   0.418394   0.0209551 -0.00705385     0.13959
  0.0209551   0.0867876  0.00123712 -0.00974202
-0.00705385  0.00123712    0.101036  0.00617673
    0.13959 -0.00974202  0.00617673    0.393782
IMAGINARY
           0   -0.0142122    0.0168028  -0.00369366
   0.0142122            0    0.0218284    0.0121547
  -0.0168028   -0.0218284            0 -0.000588268
  0.00369366   -0.0121547  0.000588268            0
EndNode1[0]<--->Repeater1[0]
REAL
    0.39599  -0.0169867  -0.0092539    0.119526
 -0.0169867    0.093985 -0.00333833   0.0131703
 -0.0092539 -0.00333833   0.0952381 -0.00520655
   0.119526   0.0131703 -0.00520655    0.414787
IMAGINARY
           0   -0.0100841    0.0101443  -0.00471536
   0.0100841            0  0.000725996  -0.00817321
  -0.0101443 -0.000725996            0   0.00679898
  0.00471536   0.00817321  -0.00679898            0
EndNode2[0]<--->HoM1[0]
REAL
   0.397368 -0.00595213   0.0175306    0.145893
-0.00595213   0.0802632 -0.00727193  -0.0140823
  0.0175306 -0.00727193   0.0934211   0.0204349
   0.145893  -0.0140823   0.0204349    0.428947
IMAGINARY
          0   0.0118224  -0.0163776   0.0112776
 -0.0118224           0  0.00430678  -0.0102047
  0.0163776 -0.00430678           0   0.0248865
 -0.0112776   0.0102047  -0.0248865           0
Repeater1[0]<--->EndNode1[0]
REAL
    0.39599  -0.0092539  -0.0169867    0.119526
 -0.0092539   0.0952381 -0.00333833 -0.00520655
 -0.0169867 -0.00333833    0.093985   0.0131703
   0.119526 -0.00520655   0.0131703    0.414787
IMAGINARY
           0    0.0101443   -0.0100841  -0.00471536
  -0.0101443            0 -0.000725996   0.00679898
   0.0100841  0.000725996            0  -0.00817321
  0.00471536  -0.00679898   0.00817321            0
Repeater1[0]<--->HoM1[0]
REAL
   0.397368   0.0175306 -0.00595213    0.145893
  0.0175306   0.0934211 -0.00727193   0.0204349
-0.00595213 -0.00727193   0.0802632  -0.0140823
   0.145893   0.0204349  -0.0140823    0.428947
IMAGINARY
          0  -0.0163776   0.0118224   0.0112776
  0.0163776           0 -0.00430678   0.0248865
 -0.0118224  0.00430678           0  -0.0102047
 -0.0112776  -0.0248865   0.0102047           0
EndNode1[0]<--->Repeater1[0]
REAL
   0.412334  -0.0041373 -0.00248311    0.151135
 -0.0041373    0.100363  -0.0187023  -0.0137331
-0.00248311  -0.0187023   0.0858525   0.0122454
   0.151135  -0.0137331   0.0122454    0.401451
IMAGINARY
          0  -0.0150256  -0.0201273  0.00312449
  0.0150256           0  -0.0194562    0.021486
  0.0201273   0.0194562           0  0.00415601
-0.00312449   -0.021486 -0.00415601           0
EndNode2[0]<--->HoM1[0]
REAL
   0.399741 -0.00451992  -0.0035993    0.150548
-0.00451992   0.0944373  -0.0048485  0.00039006
 -0.0035993  -0.0048485   0.0957309  -0.0115263
   0.150548  0.00039006  -0.0115263    0.410091
IMAGINARY
          0  0.00685645  -0.0289714  0.00626219
-0.00685645           0  -0.0136879  -0.0236944
  0.0289714   0.0136879           0   0.0159004
-0.00626219   0.0236944  -0.0159004           0
Repeater1[0]<--->EndNode1[0]
REAL
   0.412334 -0.00248311  -0.0041373    0.151135
-0.00248311   0.0858525  -0.0187023   0.0122454
 -0.0041373  -0.0187023    0.100363  -0.0137331
   0.151135   0.0122454  -0.0137331    0.401451
IMAGINARY
          0  -0.0201273  -0.0150256  0.00312449
  0.0201273           0   0.0194562  0.00415601
  0.0150256  -0.0194562           0    0.021486
-0.00312449 -0.00415601   -0.021486           0
Repeater1[0]<--->HoM1[0]
REAL
   0.399741  -0.0035993 -0.00451992    0.150548
 -0.0035993   0.0957309  -0.0048485  -0.0115263
-0.00451992  -0.0048485   0.0944373  0.00039006
   0.150548  -0.0115263  0.00039006    0.410091
IMAGINARY
          0  -0.0289714  0.00685645  0.00626219
  0.0289714           0   0.0136879   0.0159004
-0.00685645  -0.0136879           0  -0.0236944
-0.00626219  -0.0159004   0.0236944           0
EndNode1[0]<--->Repeater1[0]
REAL
   0.383917  0.00942947  0.00388449    0.113672
 0.00942947   0.0946822  0.00864019 -0.00791675
 0.00388449  0.00864019     0.12192  -0.0067413
   0.113672 -0.00791675  -0.0067413    0.399481
IMAGINARY
           0   -0.0230276   0.00297027    0.0145839
   0.0230276            0   0.00100049    0.0203002
 -0.00297027  -0.00100049            0 -0.000242815
  -0.0145839   -0.0203002  0.000242815            0
EndNode2[0]<--->HoM1[0]
REAL
    0.404313 -0.000870459   0.00494879     0.131939
-0.000870459    0.0781671  -0.00518708    0.0224397
  0.00494879  -0.00518708    0.0808625    0.0244373
    0.131939    0.0224397    0.0244373     0.436658
IMAGINARY
          0 -0.00926532   0.0137407 -0.00509835
 0.00926532           0  -0.0143822    0.014403
 -0.0137407   0.0143822           0   0.0038761
 0.00509835   -0.014403  -0.0038761           0
Repeater1[0]<--->EndNode1[0]
REAL
   0.383917  0.00388449  0.00942947    0.113672
 0.00388449     0.12192  0.00864019  -0.0067413
 0.00942947  0.00864019   0.0946822 -0.00791675
   0.113672  -0.0067413 -0.00791675    0.399481
IMAGINARY
           0   0.00297027   -0.0230276    0.0145839
 -0.00297027            0  -0.00100049 -0.000242815
   0.0230276   0.00100049            0    0.0203002
  -0.0145839  0.000242815   -0.0203002            0
Repeater1[0]<--->HoM1[0]
REAL
    0.404313   0.00494879 -0.000870459     0.131939
  0.00494879    0.0808625  -0.00518708    0.0244373
-0.000870459  -0.00518708    0.0781671    0.0224397
    0.131939    0.0244373    0.0224397     0.436658
IMAGINARY
          0   0.0137407 -0.00926532 -0.00509835
 -0.0137407           0   0.0143822   0.0038761
 0.00926532  -0.0143822           0    0.014403
 0.00509835  -0.0038761   -0.014403           0
EndNode1[0]<--->Repeater1[0]
REAL
   0.401469 -0.00272792 -0.00420408    0.135846
-0.00272792   0.0905753   0.0113561  0.00907026
-0.00420408   0.0113561    0.101591   0.0100272
   0.135846  0.00907026   0.0100272    0.406365
IMAGINARY
          0  0.00620248  -0.0204674 -0.00941439
-0.00620248           0  -0.0142023   0.0170661
  0.0204674   0.0142023           0 -0.00280112
 0.00941439  -0.0170661  0.00280112           0
EndNode2[0]<--->HoM1[0]
REAL
   0.382685  0.00092707 -0.00908082    0.131484
 0.00092707    0.100376   0.0100743 -0.00130879
-0.00908082   0.0100743    0.097867 -0.00092707
   0.131484 -0.00130879 -0.00092707    0.419072
IMAGINARY
          0   0.0108283   0.0012815  0.00214724
 -0.0108283           0 -0.00214724   0.0104678
 -0.0012815  0.00214724           0  0.00614294
-0.00214724  -0.0104678 -0.00614294           0
Repeater1[0]<--->EndNode1[0]
REAL
   0.401469 -0.00420408 -0.00272792    0.135846
-0.00420408    0.101591   0.0113561   0.0100272
-0.00272792   0.0113561   0.0905753  0.00907026
   0.135846   0.0100272  0.00907026    0.406365
IMAGINARY
          0  -0.0204674  0.00620248 -0.00941439
  0.0204674           0   0.0142023 -0.00280112
-0.00620248  -0.0142023           0   0.0170661
 0.00941439  0.00280112  -0.0170661           0
Repeater1[0]<--->HoM1[0]
REAL
   0.382685 -0.00908082  0.00092707    0.131484
-0.00908082    0.097867   0.0100743 -0.00092707
 0.00092707   0.0100743    0.100376 -0.00130879
   0.131484 -0.00092707 -0.00130879    0.419072
IMAGINARY
          0   0.0012815   0.0108283  0.00214724
 -0.0012815           0  0.00214724  0.00614294
 -0.0108283 -0.00214724           0   0.0104678
-0.00214724 -0.00614294  -0.0104678           0
EndNode1[0]<--->Repeater1[0]
REAL
   0.378768 -0.00229787  0.00846762    0.144727
-0.00229787    0.107471  0.00356651  -0.0110923
 0.00846762  0.00356651   0.0917431 -0.00295147
   0.144727  -0.0110923 -0.00295147    0.422018
IMAGINARY
          0  -0.0192506 -0.00803778 -0.00297212
  0.0192506           0  -0.0108255 -0.00251631
 0.00803778   0.0108255           0  0.00341945
 0.00297212  0.00251631 -0.00341945           0
EndNode2[0]<--->HoM1[0]
REAL
   0.399745  0.00667824   0.0258082    0.130638
 0.00667824   0.0791826 -0.00821581 -0.00132362
  0.0258082 -0.00821581   0.0970626  -0.0144102
   0.130638 -0.00132362  -0.0144102     0.42401
IMAGINARY
          0   0.0167849  0.00701876 -0.00807775
 -0.0167849           0   -0.012677   0.0135292
-0.00701876    0.012677           0 -0.00495425
 0.00807775  -0.0135292  0.00495425           0
Repeater1[0]<--->EndNode1[0]
REAL
   0.378768  0.00846762 -0.00229787    0.144727
 0.00846762   0.0917431  0.00356651 -0.00295147
-0.00229787  0.00356651    0.107471  -0.0110923
   0.144727 -0.00295147  -0.0110923    0.422018
IMAGINARY
          0 -0.00803778  -0.0192506 -0.00297212
 0.00803778           0   0.0108255  0.00341945
  0.0192506  -0.0108255           0 -0.00251631
 0.00297212 -0.00341945  0.00251631           0
Repeater1[0]<--->HoM1[0]
REAL
   0.399745   0.0258082  0.00667824    0.130638
  0.0258082   0.0970626 -0.00821581  -0.0144102
 0.00667824 -0.00821581   0.0791826 -0.00132362
   0.130638  -0.0144102 -0.00132362     0.42401
IMAGINARY
          0  0.00701876   0.0167849 -0.00807775
-0.00701876           0    0.012677 -0.00495425
 -0.0167849   -0.012677           0   0.0135292
 0.00807775  0.00495425  -0.0135292           0
EndNode1[0]<--->Repeater1[0]
REAL
   0.411215  -0.0062589  0.00144737    0.134546
 -0.0062589   0.0921228   0.0207619  -0.0256938
 0.00144737   0.0207619   0.0841121 -0.00357072
   0.134546  -0.0256938 -0.00357072     0.41255
IMAGINARY
           0  -0.00472276  0.000335204   -0.0102932
  0.00472276            0  -0.00596692   0.00551655
-0.000335204   0.00596692            0   0.00797373
   0.0102932  -0.00551655  -0.00797373            0
EndNode2[0]<--->HoM1[0]
REAL
    0.432326   0.00928701  0.000172331     0.137102
  0.00928701    0.0840999   -0.0146393    0.0045638
 0.000172331   -0.0146393     0.086728 -0.000491344
    0.137102    0.0045638 -0.000491344     0.396846
IMAGINARY
          0  -0.0263783  0.00251918  0.00768069
  0.0263783           0  0.00892447   0.0124062
-0.00251918 -0.00892447           0  0.00150271
-0.00768069  -0.0124062 -0.00150271           0
Repeater1[0]<--->EndNode1[0]
REAL
   0.411215  0.00144737  -0.0062589    0.134546
 0.00144737   0.0841121   0.0207619 -0.00357072
 -0.0062589   0.0207619   0.0921228  -0.0256938
   0.134546 -0.00357072  -0.0256938     0.41255
IMAGINARY
           0  0.000335204  -0.00472276   -0.0102932
-0.000335204            0   0.00596692   0.00797373
  0.00472276  -0.00596692            0   0.00551655
   0.0102932  -0.00797373  -0.00551655            0
Repeater1[0]<--->HoM1[0]
REAL
    0.432326  0.000172331   0.00928701     0.137102
 0.000172331     0.086728   -0.0146393 -0.000491344
  0.00928701   -0.0146393    0.0840999    0.0045638
    0.137102 -0.000491344    0.0045638     0.396846
IMAGINARY
          0  0.00251918  -0.0263783  0.00768069
-0.00251918           0 -0.00892447  0.00150271
  0.0263783  0.00892447           0   0.0124062
-0.00768069 -0.00150271  -0.0124062           0
EndNode1[0]<--->Repeater1[0]
REAL
  0.390686  0.0167171  0.0213755   0.156916
 0.0167171   0.100906   0.010163 0.00708982
 0.0213755   0.010163  0.0815006  0.0204116
  0.156916 0.00708982  0.0204116   0.426908
IMAGINARY
          0    0.013795   0.0154606  0.00273997
  -0.013795           0   0.0105934   0.0196043
 -0.0154606  -0.0105934           0  -0.0176911
-0.00273997  -0.0196043   0.0176911           0
EndNode2[0]<--->HoM1[0]
REAL
   0.415519 -0.00794711  -0.0356131    0.147054
-0.00794711   0.0888611   0.0143001  -0.0155157
 -0.0356131   0.0143001    0.100125  -0.0206053
   0.147054  -0.0155157  -0.0206053    0.395494
IMAGINARY
          0  0.00114241   0.0175186  0.00604658
-0.00114241           0 -0.00739428 -0.00635236
 -0.0175186  0.00739428           0  -0.0222342
-0.00604658  0.00635236   0.0222342           0
Repeater1[0]<--->EndNode1[0]
REAL
  0.390686  0.0213755  0.0167171   0.156916
 0.0213755  0.0815006   0.010163  0.0204116
 0.0167171   0.010163   0.100906 0.00708982
  0.156916  0.0204116 0.00708982   0.426908
IMAGINARY
          0   0.0154606    0.013795  0.00273997
 -0.0154606           0  -0.0105934  -0.0176911
  -0.013795   0.0105934           0   0.0196043
-0.00273997   0.0176911  -0.0196043           0
Repeater1[0]<--->HoM1[0]
REAL
   0.415519  -0.0356131 -0.00794711    0.147054
 -0.0356131    0.100125   0.0143001  -0.0206053
-0.00794711   0.0143001   0.0888611  -0.0155157
   0.147054  -0.0206053  -0.0155157    0.395494
IMAGINARY
          0   0.0175186  0.00114241  0.00604658
 -0.0175186           0  0.00739428  -0.0222342
-0.00114241 -0.00739428           0 -0.00635236
-0.00604658   0.0222342  0.00635236           0
EndNode1[0]<--->Repeater1[0]
REAL
   0.389105   0.0179061  0.00690576    0.149949
  0.0179061   0.0843061  0.00618279 -0.00248098
 0.00690576  0.00618279   0.0830091  -0.0109529
   0.149949 -0.00248098  -0.0109529     0.44358
IMAGINARY
           0  -0.00600864 -0.000602735   -0.0109097
  0.00600864            0  -0.00513307   0.00314726
 0.000602735   0.00513307            0   -0.0168921
   0.0109097  -0.00314726    0.0168921            0
EndNode2[0]<--->HoM1[0]
REAL
    0.401266  -0.00898335   -0.0144837     0.125161
 -0.00898335    0.0974684 -3.29715e-06    0.0125969
  -0.0144837 -3.29715e-06    0.0962025    0.0146437
    0.125161    0.0125969    0.0146437     0.405063
IMAGINARY
          0  0.00917431    0.011164  -0.0247369
-0.00917431           0  0.00579748   0.0157036
  -0.011164 -0.00579748           0 -0.00720839
  0.0247369  -0.0157036  0.00720839           0
Repeater1[0]<--->EndNode1[0]
REAL
   0.389105  0.00690576   0.0179061    0.149949
 0.00690576   0.0830091  0.00618279  -0.0109529
  0.0179061  0.00618279   0.0843061 -0.00248098
   0.149949  -0.0109529 -0.00248098     0.44358
IMAGINARY
           0 -0.000602735  -0.00600864   -0.0109097
 0.000602735            0   0.00513307   -0.0168921
  0.00600864  -0.00513307            0   0.00314726
   0.0109097    0.0168921  -0.00314726            0
Repeater1[0]<--->HoM1[0]
REAL
    0.401266   -0.0144837  -0.00898335     0.125161
  -0.0144837    0.0962025 -3.29715e-06    0.0146437
 -0.00898335 -3.29715e-06    0.0974684    0.0125969
    0.125161    0.0146437    0.0125969     0.405063
IMAGINARY
          0    0.011164  0.00917431  -0.0247369
  -0.011164           0 -0.00579748 -0.00720839
-0.00917431  0.00579748           0   0.0157036
  0.0247369  0.00720839  -0.0157036           0
EndNode1[0]<--->Repeater1[0]
REAL
    0.41199 -0.00532242  -0.0189841     0.13701
-0.00532242   0.0829082  0.00937813   0.0120132
 -0.0189841  0.00937813   0.0982143  -0.0206598
    0.13701   0.0120132  -0.0206598    0.406888
IMAGINARY
          0  0.00264712  -0.0136849  0.00965251
-0.00264712           0    0.001287   0.0215796
  0.0136849   -0.001287           0   0.0144581
-0.00965251  -0.0215796  -0.0144581           0
EndNode2[0]<--->HoM1[0]
REAL
    0.37234   0.0113286   0.0042672    0.121652
  0.0113286   0.0944149  0.00236891 -0.00818365
  0.0042672  0.00236891   0.0970745  0.00825361
   0.121652 -0.00818365  0.00825361     0.43617
IMAGINARY
          0 -0.00368879   0.0377703   0.0118561
 0.00368879           0  -0.0125029 -0.00501384
 -0.0377703   0.0125029           0 -0.00434582
 -0.0118561  0.00501384  0.00434582           0
Repeater1[0]<--->EndNode1[0]
REAL
    0.41199  -0.0189841 -0.00532242     0.13701
 -0.0189841   0.0982143  0.00937813  -0.0206598
-0.00532242  0.00937813   0.0829082   0.0120132
    0.13701  -0.0206598   0.0120132    0.406888
IMAGINARY
          0  -0.0136849  0.00264712  0.00965251
  0.0136849           0   -0.001287   0.0144581
-0.00264712    0.001287           0   0.0215796
-0.00965251  -0.0144581  -0.0215796           0
Repeater1[0]<--->HoM1[0]
REAL
    0.37234   0.0042672   0.0113286    0.121652
  0.0042672   0.0970745  0.00236891  0.00825361
  0.0113286  0.00236891   0.0944149 -0.00818365
   0.121652  0.00825361 -0.00818365     0.43617
IMAGINARY
          0   0.0377703 -0.00368879   0.0118561
 -0.0377703           0   0.0125029 -0.00434582
 0.00368879  -0.0125029           0 -0.00501384
 -0.0118561  0.00434582  0.00501384           0
EndNode1[0]<--->Repeater1[0]
REAL
   0.428571  -0.0216571 -0.00481134    0.118011
 -0.0216571   0.0896359  -0.0138982 -0.00932747
-0.00481134  -0.0138982   0.0910364    0.010089
   0.118011 -0.00932747    0.010089    0.390756
IMAGINARY
          0  -0.0277661   0.0123296  0.00563431
  0.0277661           0  0.00811569 -0.00604814
 -0.0123296 -0.00811569           0 -0.00740982
-0.00563431  0.00604814  0.00740982           0
EndNode2[0]<--->HoM1[0]
REAL
   0.393506    0.023277  0.00404103    0.143904
   0.023277   0.0883117    -0.00385    0.007461
 0.00404103    -0.00385   0.0987013 -0.00636221
   0.143904    0.007461 -0.00636221    0.419481
IMAGINARY
           0  0.000233693   -0.0134822   0.00289771
-0.000233693            0    0.0194723    0.0170283
   0.0134822   -0.0194723            0  -0.00614386
 -0.00289771   -0.0170283   0.00614386            0
Repeater1[0]<--->EndNode1[0]
REAL
   0.428571 -0.00481134  -0.0216571    0.118011
-0.00481134   0.0910364  -0.0138982    0.010089
 -0.0216571  -0.0138982   0.0896359 -0.00932747
   0.118011    0.010089 -0.00932747    0.390756
IMAGINARY
          0   0.0123296  -0.0277661  0.00563431
 -0.0123296           0 -0.00811569 -0.00740982
  0.0277661  0.00811569           0 -0.00604814
-0.00563431  0.00740982  0.00604814           0
Repeater1[0]<--->HoM1[0]
REAL
   0.393506  0.00404103    0.023277    0.143904
 0.00404103   0.0987013    -0.00385 -0.00636221
   0.023277    -0.00385   0.0883117    0.007461
   0.143904 -0.00636221    0.007461    0.419481
IMAGINARY
           0   -0.0134822  0.000233693   0.00289771
   0.0134822            0   -0.0194723  -0.00614386
-0.000233693    0.0194723            0    0.0170283
 -0.00289771   0.00614386   -0.0170283            0
EndNode1[0]<--->Repeater1[0]
REAL
   0.427097   -0.012584 -0.00961028    0.140953
  -0.012584    0.076129  0.00268319   0.0235497
-0.00961028  0.00268319   0.0787097  -0.0195372
   0.140953   0.0235497  -0.0195372    0.418065
IMAGINARY
          0  0.00905139 -0.00460502  -0.0102179
-0.00905139           0  -0.0135917  -0.0052246
 0.00460502   0.0135917           0  -0.0097067
  0.0102179   0.0052246   0.0097067           0
EndNode2[0]<--->HoM1[0]
REAL
   0.406053  -0.0168047   0.0177213    0.147746
 -0.0168047   0.0844893   0.0038434 0.000616073
  0.0177213   0.0038434   0.0832282  0.00213473
   0.147746 0.000616073  0.00213473     0.42623
IMAGINARY
           0  -0.00147365  -0.00131166 -0.000122778
  0.00147365            0  -0.00997823  -0.00722493
  0.00131166   0.00997823            0  -0.00218489
 0.000122778   0.00722493   0.00218489            0
Repeater1[0]<--->EndNode1[0]
REAL
   0.427097 -0.00961028   -0.012584    0.140953
-0.00961028   0.0787097  0.00268319  -0.0195372
  -0.012584  0.00268319    0.076129   0.0235497
   0.140953  -0.0195372   0.0235497    0.418065
IMAGINARY
          0 -0.00460502  0.00905139  -0.0102179
 0.00460502           0   0.0135917  -0.0097067
-0.00905139  -0.0135917           0  -0.0052246
  0.0102179   0.0097067   0.0052246           0
Repeater1[0]<--->HoM1[0]
REAL
   0.406053   0.0177213  -0.0168047    0.147746
  0.0177213   0.0832282   0.0038434  0.00213473
 -0.0168047   0.0038434   0.0844893 0.000616073
   0.147746  0.00213473 0.000616073     0.42623
IMAGINARY
           0  -0.00131166  -0.00147365 -0.000122778
  0.00131166            0   0.00997823  -0.00218489
  0.00147365  -0.00997823            0  -0.00722493
 0.000122778   0.00218489   0.00722493            0
EndNode1[0]<--->Repeater1[0]
REAL
   0.41816 0.00759878 0.00370171   0.113987
0.00759878    0.09319 -0.0101652 -0.0170775
0.00370171 -0.0101652  0.0860215 0.00322924
  0.113987 -0.0170775 0.00322924   0.402628
IMAGINARY
          0  0.00982328  -0.0103695  0.00494319
-0.00982328           0  0.00554632 -0.00659116
  0.0103695 -0.00554632           0   0.0139216
-0.00494319  0.00659116  -0.0139216           0
EndNode2[0]<--->HoM1[0]
REAL
    0.417193  -0.00418098    0.0101535     0.135866
 -0.00418098    0.0859671    0.0067933 -0.000458222
   0.0101535    0.0067933    0.0935525  -0.00551431
    0.135866 -0.000458222  -0.00551431     0.403287
IMAGINARY
          0   0.0128434 -0.00665339  0.00239228
 -0.0128434           0  0.00768329  0.00414712
 0.00665339 -0.00768329           0   0.0122192
-0.00239228 -0.00414712  -0.0122192           0
Repeater1[0]<--->EndNode1[0]
REAL
   0.41816 0.00370171 0.00759878   0.113987
0.00370171  0.0860215 -0.0101652 0.00322924
0.00759878 -0.0101652    0.09319 -0.0170775
  0.113987 0.00322924 -0.0170775   0.402628
IMAGINARY
          0  -0.0103695  0.00982328  0.00494319
  0.0103695           0 -0.00554632   0.0139216
-0.00982328  0.00554632           0 -0.00659116
-0.00494319  -0.0139216  0.00659116           0
Repeater1[0]<--->HoM1[0]
REAL
    0.417193    0.0101535  -0.00418098     0.135866
   0.0101535    0.0935525    0.0067933  -0.00551431
 -0.00418098    0.0067933    0.0859671 -0.000458222
    0.135866  -0.00551431 -0.000458222     0.403287
IMAGINARY
          0 -0.00665339   0.0128434  0.00239228
 0.00665339           0 -0.00768329   0.0122192
 -0.0128434  0.00768329           0  0.00414712
-0.00239228  -0.0122192 -0.00414712           0
EndNode1[0]<--->Repeater1[0]
REAL
   0.415094   0.0035742  0.00865449    0.110005
  0.0035742   0.0805031   0.0122463 -0.00930132
 0.00865449   0.0122463     0.11195  0.00871558
   0.110005 -0.00930132  0.00871558    0.392453
IMAGINARY
          0  0.00480107   0.0310506  0.00162275
-0.00480107           0  0.00951749 -0.00801195
 -0.0310506 -0.00951749           0  -0.0191224
-0.00162275  0.00801195   0.0191224           0
EndNode2[0]<--->HoM1[0]
REAL
   0.384319  0.00776618 -0.00075663    0.144677
 0.00776618   0.0874036 -0.00672263   0.0121967
-0.00075663 -0.00672263    0.096401 -0.00574734
   0.144677   0.0121967 -0.00574734    0.431877
IMAGINARY
          0  -0.0144752  0.00143627  -0.0171529
  0.0144752           0  0.00598337  -0.0128866
-0.00143627 -0.00598337           0  0.00302481
  0.0171529   0.0128866 -0.00302481           0
Repeater1[0]<--->EndNode1[0]
REAL
   0.415094  0.00865449   0.0035742    0.110005
 0.00865449     0.11195   0.0122463  0.00871558
  0.0035742   0.0122463   0.0805031 -0.00930132
   0.110005  0.00871558 -0.00930132    0.392453
IMAGINARY
          0   0.0310506  0.00480107  0.00162275
 -0.0310506           0 -0.00951749  -0.0191224
-0.00480107  0.00951749           0 -0.00801195
-0.00162275   0.0191224  0.00801195           0
Repeater1[0]<--->HoM1[0]
REAL
   0.384319 -0.00075663  0.00776618    0.144677
-0.00075663    0.096401 -0.00672263 -0.00574734
 0.00776618 -0.00672263   0.0874036   0.0121967
   0.144677 -0.00574734   0.0121967    0.431877
IMAGINARY
          0  0.00143627  -0.0144752  -0.0171529
-0.00143627           0 -0.00598337  0.00302481
  0.0144752  0.00598337           0  -0.0128866
  0.0171529 -0.00302481   0.0128866           0
EndNode1[0]<--->Repeater1[0]
REAL
    0.38502 0.000252862  -0.0120157    0.123798
0.000252862   0.0959264  0.00554585   0.0165202
 -0.0120157  0.00554585    0.101183 -0.00604437
   0.123798   0.0165202 -0.00604437    0.417871
IMAGINARY
          0 -0.00736502 -0.00841732  0.00955356
 0.00736502           0  -0.0193832   0.0225561
 0.00841732   0.0193832           0 -0.00291775
-0.00955356  -0.0225561  0.00291775           0
EndNode2[0]<--->HoM1[0]
REAL
   0.393316 -0.00198775 -0.00627194    0.130668
-0.00198775   0.0938303   0.0343261 -0.00690246
-0.00627194   0.0343261   0.0899743 -0.00742254
   0.130668 -0.00690246 -0.00742254    0.422879
IMAGINARY
          0 -0.00552909  -0.0137412  0.00790884
 0.00552909           0  0.00359319   0.0271559
  0.0137412 -0.00359319           0 -0.00422701
-0.00790884  -0.0271559  0.00422701           0
Repeater1[0]<--->EndNode1[0]
REAL
    0.38502  -0.0120157 0.000252862    0.123798
 -0.0120157    0.101183  0.00554585 -0.00604437
0.000252862  0.00554585   0.0959264   0.0165202
   0.123798 -0.00604437   0.0165202    0.417871
IMAGINARY
          0 -0.00841732 -0.00736502  0.00955356
 0.00841732           0   0.0193832 -0.00291775
 0.00736502  -0.0193832           0   0.0225561
-0.00955356  0.00291775  -0.0225561           0
Repeater1[0]<--->HoM1[0]
REAL
   0.393316 -0.00627194 -0.00198775    0.130668
-0.00627194   0.0899743   0.0343261 -0.00742254
-0.00198775   0.0343261   0.0938303 -0.00690246
   0.130668 -0.00742254 -0.00690246    0.422879
IMAGINARY
          0  -0.0137412 -0.00552909  0.00790884
  0.0137412           0 -0.00359319 -0.00422701
 0.00552909  0.00359319           0   0.0271559
-0.00790884  0.00422701  -0.0271559           0
EndNode1[0]<--->Repeater1[0]
REAL
   0.427056  -0.0230123  -0.0174442    0.125241
 -0.0230123   0.0862069   0.0307165  -0.0193697
 -0.0174442   0.0307165   0.0782493 0.000923908
   0.125241  -0.0193697 0.000923908    0.408488
IMAGINARY
           0  0.000384871  -0.00945241  -0.00189394
-0.000384871            0   0.00189394  -0.00945241
  0.00945241  -0.00189394            0   -0.0166821
  0.00189394   0.00945241    0.0166821            0
EndNode2[0]<--->HoM1[0]
REAL
   0.409794  0.00674718 -0.00909116     0.12809
 0.00674718   0.0670103  0.00104089  0.00235922
-0.00909116  0.00104089    0.101804   0.0171206
    0.12809  0.00235922   0.0171206    0.421392
IMAGINARY
           0  0.000837647   0.00668411    0.0164062
-0.000837647            0   0.00789043    0.0179061
 -0.00668411  -0.00789043            0   -0.0267939
  -0.0164062   -0.0179061    0.0267939            0
Repeater1[0]<--->EndNode1[0]
REAL
   0.427056  -0.0174442  -0.0230123    0.125241
 -0.0174442   0.0782493   0.0307165 0.000923908
 -0.0230123   0.0307165   0.0862069  -0.0193697
   0.125241 0.000923908  -0.0193697    0.408488
IMAGINARY
           0  -0.00945241  0.000384871  -0.00189394
  0.00945241            0  -0.00189394   -0.0166821
-0.000384871   0.00189394            0  -0.00945241
  0.00189394    0.0166821   0.00945241            0
Repeater1[0]<--->HoM1[0]
REAL
   0.409794 -0.00909116  0.00674718     0.12809
-0.00909116    0.101804  0.00104089   0.0171206
 0.00674718  0.00104089   0.0670103  0.00235922
    0.12809   0.0171206  0.00235922    0.421392
IMAGINARY
           0   0.00668411  0.000837647    0.0164062
 -0.00668411            0  -0.00789043   -0.0267939
-0.000837647   0.00789043            0    0.0179061
  -0.0164062    0.0267939   -0.0179061            0
EndNode1[0]<--->Repeater1[0]
REAL
   0.430039  0.00830341 -0.00602989    0.125395
 0.00830341    0.097561   0.0124917  -0.0223206
-0.00602989   0.0124917    0.103979 0.000717206
   0.125395  -0.0223206 0.000717206    0.368421
IMAGINARY
          0  0.00873656 -0.00109853    0.016128
-0.00873656           0  -0.0052288 -0.00831007
 0.00109853   0.0052288           0  0.00873656
  -0.016128  0.00831007 -0.00873656           0
EndNode2[0]<--->HoM1[0]
REAL
   0.425316  -0.0220774 0.000934081    0.129784
 -0.0220774   0.0810127 -0.00691973  -0.0147317
0.000934081 -0.00691973   0.0974684 -0.00880304
   0.129784  -0.0147317 -0.00880304    0.396203
IMAGINARY
          0  -0.0296875   0.0289014 -0.00693058
  0.0296875           0  -0.0114938  0.00667915
 -0.0289014   0.0114938           0 -0.00214771
 0.00693058 -0.00667915  0.00214771           0
Repeater1[0]<--->EndNode1[0]
REAL
   0.430039 -0.00602989  0.00830341    0.125395
-0.00602989    0.103979   0.0124917 0.000717206
 0.00830341   0.0124917    0.097561  -0.0223206
   0.125395 0.000717206  -0.0223206    0.368421
IMAGINARY
          0 -0.00109853  0.00873656    0.016128
 0.00109853           0   0.0052288  0.00873656
-0.00873656  -0.0052288           0 -0.00831007
  -0.016128 -0.00873656  0.00831007           0
Repeater1[0]<--->HoM1[0]
REAL
   0.425316 0.000934081  -0.0220774    0.129784
0.000934081   0.0974684 -0.00691973 -0.00880304
 -0.0220774 -0.00691973   0.0810127  -0.0147317
   0.129784 -0.00880304  -0.0147317    0.396203
IMAGINARY
          0   0.0289014  -0.0296875 -0.00693058
 -0.0289014           0   0.0114938 -0.00214771
  0.0296875  -0.0114938           0  0.00667915
 0.00693058  0.00214771 -0.00667915           0
EndNode1[0]<--->Repeater1[0]
REAL
 0.438303 0.0175839 0.0178477  0.140677
0.0175839 0.0886889 0.0239033 0.0278344
0.0178477 0.0239033 0.0719794 0.0130794
 0.140677 0.0278344 0.0130794  0.401028
IMAGINARY
          0 -0.00602238   0.0276308  -0.0177548
 0.00602238           0  0.00519202   0.0362401
 -0.0276308 -0.00519202           0  -0.0255905
