EndNode1[0]<--->Repeater1[0]
REAL
   0.468514 -0.00591623   -0.032262    0.309806
-0.00591623   0.0289673   0.0156887   0.0211234
  -0.032262   0.0156887   0.0365239    0.013342
   0.309806   0.0211234    0.013342    0.465995
IMAGINARY
         0 -0.0173011  0.0142542  0.0171388
 0.0173011          0 -0.0202677  0.0191682
-0.0142542  0.0202677          0 -0.0107737
-0.0171388 -0.0191682  0.0107737          0
EndNode2[0]<--->HoM1[0]
REAL
     0.4947 5.95047e-05  -0.0140689     0.29773
5.95047e-05    0.024735 -0.00380655  0.00812435
 -0.0140689 -0.00380655   0.0365135  0.00456401
    0.29773  0.00812435  0.00456401    0.444052
IMAGINARY
          0   0.0116162   0.0289701  -0.0111411
 -0.0116162           0 -0.00591922 -0.00656291
 -0.0289701  0.00591922           0  -0.0122564
  0.0111411  0.00656291   0.0122564           0
Repeater1[0]<--->EndNode1[0]
REAL
   0.468514   -0.032262 -0.00591623    0.309806
  -0.032262   0.0365239   0.0156887    0.013342
-0.00591623   0.0156887   0.0289673   0.0211234
   0.309806    0.013342   0.0211234    0.465995
IMAGINARY
         0  0.0142542 -0.0173011  0.0171388
-0.0142542          0  0.0202677 -0.0107737
 0.0173011 -0.0202677          0  0.0191682
-0.0171388  0.0107737 -0.0191682          0
Repeater1[0]<--->HoM1[0]
REAL
     0.4947  -0.0140689 5.95047e-05     0.29773
 -0.0140689   0.0365135 -0.00380655  0.00456401
5.95047e-05 -0.00380655    0.024735  0.00812435
    0.29773  0.00456401  0.00812435    0.444052
IMAGINARY
          0   0.0289701   0.0116162  -0.0111411
 -0.0289701           0  0.00591922  -0.0122564
 -0.0116162 -0.00591922           0 -0.00656291
  0.0111411   0.0122564  0.00656291           0
EndNode1[0]<--->Repeater1[0]
REAL
    0.487678 -0.000249329    0.0107595     0.291437
-0.000249329    0.0337224   -0.0104245    0.0107595
   0.0107595   -0.0104245    0.0337224   0.00278097
    0.291437    0.0107595   0.00278097     0.444877
IMAGINARY
          0  0.00679514  -0.0132659  -0.0170266
-0.00679514           0   0.0132001   -0.025298
  0.0132659  -0.0132001           0   0.0251198
  0.0170266    0.025298  -0.0251198           0
EndNode2[0]<--->HoM1[0]
REAL
    0.478544   -0.0031855   0.00289495     0.317191
  -0.0031855    0.0403121 -0.000524176 -0.000330852
  0.00289495 -0.000524176    0.0247074   0.00446756
    0.317191 -0.000330852   0.00446756     0.456437
IMAGINARY
          0 -0.00992317 -0.00537143  -0.0186418
 0.00992317           0 -0.00940698  0.00472958
 0.00537143  0.00940698           0  0.00286283
  0.0186418 -0.00472958 -0.00286283           0
Repeater1[0]<--->EndNode1[0]
REAL
    0.487678    0.0107595 -0.000249329     0.291437
   0.0107595    0.0337224   -0.0104245   0.00278097
-0.000249329   -0.0104245    0.0337224    0.0107595
    0.291437   0.00278097    0.0107595     0.444877
IMAGINARY
          0  -0.0132659  0.00679514  -0.0170266
  0.0132659           0  -0.0132001   0.0251198
-0.00679514   0.0132001           0   -0.025298
  0.0170266  -0.0251198    0.025298           0
Repeater1[0]<--->HoM1[0]
REAL
    0.478544   0.00289495   -0.0031855     0.317191
  0.00289495    0.0247074 -0.000524176   0.00446756
  -0.0031855 -0.000524176    0.0403121 -0.000330852
    0.317191   0.00446756 -0.000330852     0.456437
IMAGINARY
          0 -0.00537143 -0.00992317  -0.0186418
 0.00537143           0  0.00940698  0.00286283
 0.00992317 -0.00940698           0  0.00472958
  0.0186418 -0.00286283 -0.00472958           0
EndNode1[0]<--->Repeater1[0]
REAL
   0.473469  -0.0163482  -0.0245696    0.323242
 -0.0163482   0.0421769 -0.00765791  -0.0143915
 -0.0245696 -0.00765791   0.0217687    0.008556
   0.323242  -0.0143915    0.008556    0.462585
IMAGINARY
          0  0.00194988   0.0118109  -0.0072425
-0.00194988           0  -0.0200302   0.0161696
 -0.0118109   0.0200302           0  -0.0214146
  0.0072425  -0.0161696   0.0214146           0
EndNode2[0]<--->HoM1[0]
REAL
    0.455274  -0.00725151   -0.0123574     0.301149
 -0.00725151    0.0333778   -0.0154343 -0.000870105
  -0.0123574   -0.0154343    0.0373832    -0.005976
    0.301149 -0.000870105    -0.005976     0.473965
IMAGINARY
           0   0.00760067  -0.00851769   -0.0046567
 -0.00760067            0 -0.000878359   0.00600513
  0.00851769  0.000878359            0   0.00496215
   0.0046567  -0.00600513  -0.00496215            0
Repeater1[0]<--->EndNode1[0]
REAL
   0.473469  -0.0245696  -0.0163482    0.323242
 -0.0245696   0.0217687 -0.00765791    0.008556
 -0.0163482 -0.00765791   0.0421769  -0.0143915
   0.323242    0.008556  -0.0143915    0.462585
IMAGINARY
          0   0.0118109  0.00194988  -0.0072425
 -0.0118109           0   0.0200302  -0.0214146
-0.00194988  -0.0200302           0   0.0161696
  0.0072425   0.0214146  -0.0161696           0
Repeater1[0]<--->HoM1[0]
REAL
    0.455274   -0.0123574  -0.00725151     0.301149
  -0.0123574    0.0373832   -0.0154343    -0.005976
 -0.00725151   -0.0154343    0.0333778 -0.000870105
    0.301149    -0.005976 -0.000870105     0.473965
IMAGINARY
           0  -0.00851769   0.00760067   -0.0046567
  0.00851769            0  0.000878359   0.00496215
 -0.00760067 -0.000878359            0   0.00600513
   0.0046567  -0.00496215  -0.00600513            0
EndNode1[0]<--->Repeater1[0]
REAL
   0.460598 -0.00124509 0.000838525    0.312334
-0.00124509   0.0285326 -0.00409726  0.00881398
0.000838525 -0.00409726   0.0244565   0.0096106
   0.312334  0.00881398   0.0096106    0.486413
IMAGINARY
          0 -0.00764651 -0.00344588  0.00154912
 0.00764651           0 -0.00692546  0.00665513
 0.00344588  0.00692546           0 -0.00454861
-0.00154912 -0.00665513  0.00454861           0
EndNode2[0]<--->HoM1[0]
REAL
   0.460477    0.012418  -0.0107949    0.317235
   0.012418   0.0263488  0.00383129 -0.00443355
 -0.0107949  0.00383129   0.0376412  -0.0111489
   0.317235 -0.00443355  -0.0111489    0.475533
IMAGINARY
          0  0.00478541  0.00331898   0.0119005
-0.00478541           0  -0.0138065  0.00653648
-0.00331898   0.0138065           0 -0.00938463
 -0.0119005 -0.00653648  0.00938463           0
Repeater1[0]<--->EndNode1[0]
REAL
   0.460598 0.000838525 -0.00124509    0.312334
0.000838525   0.0244565 -0.00409726   0.0096106
-0.00124509 -0.00409726   0.0285326  0.00881398
   0.312334   0.0096106  0.00881398    0.486413
IMAGINARY
          0 -0.00344588 -0.00764651  0.00154912
 0.00344588           0  0.00692546 -0.00454861
 0.00764651 -0.00692546           0  0.00665513
-0.00154912  0.00454861 -0.00665513           0
Repeater1[0]<--->HoM1[0]
REAL
   0.460477  -0.0107949    0.012418    0.317235
 -0.0107949   0.0376412  0.00383129  -0.0111489
   0.012418  0.00383129   0.0263488 -0.00443355
   0.317235  -0.0111489 -0.00443355    0.475533
IMAGINARY
          0  0.00331898  0.00478541   0.0119005
-0.00331898           0   0.0138065 -0.00938463
-0.00478541  -0.0138065           0  0.00653648
 -0.0119005  0.00938463 -0.00653648           0
EndNode1[0]<--->Repeater1[0]
REAL
  0.457179  0.0104361  0.0143767   0.328893
 0.0104361  0.0327456 0.00422596 -0.0188697
 0.0143767 0.00422596  0.0403023 -0.0072269
  0.328893 -0.0188697 -0.0072269   0.469773
IMAGINARY
           0 -0.000941107    0.0114755  -0.00497831
 0.000941107            0    0.0227262  -0.00603419
  -0.0114755   -0.0227262            0   0.00638246
  0.00497831   0.00603419  -0.00638246            0
EndNode2[0]<--->HoM1[0]
REAL
   0.450065 -0.00121843  -0.0180484    0.306097
-0.00121843   0.0324254   0.0101529   0.0155484
 -0.0180484   0.0101529   0.0337224 -0.00753157
   0.306097   0.0155484 -0.00753157    0.483787
IMAGINARY
          0 -0.00792142  0.00540185    -0.01026
 0.00792142           0 -0.00830434  -0.0187098
-0.00540185  0.00830434           0 -0.00792142
    0.01026   0.0187098  0.00792142           0
Repeater1[0]<--->EndNode1[0]
REAL
  0.457179  0.0143767  0.0104361   0.328893
 0.0143767  0.0403023 0.00422596 -0.0072269
 0.0104361 0.00422596  0.0327456 -0.0188697
  0.328893 -0.0072269 -0.0188697   0.469773
IMAGINARY
           0    0.0114755 -0.000941107  -0.00497831
  -0.0114755            0   -0.0227262   0.00638246
 0.000941107    0.0227262            0  -0.00603419
  0.00497831  -0.00638246   0.00603419            0
Repeater1[0]<--->HoM1[0]
REAL
   0.450065  -0.0180484 -0.00121843    0.306097
 -0.0180484   0.0337224   0.0101529 -0.00753157
-0.00121843   0.0101529   0.0324254   0.0155484
   0.306097 -0.00753157   0.0155484    0.483787
IMAGINARY
          0  0.00540185 -0.00792142    -0.01026
-0.00540185           0  0.00830434 -0.00792142
 0.00792142 -0.00830434           0  -0.0187098
    0.01026  0.00792142   0.0187098           0
EndNode1[0]<--->Repeater1[0]
REAL
  0.472401 -0.0199585 -0.0197794   0.316972
-0.0199585  0.0397946 -0.0129516 0.00847288
-0.0197794 -0.0129516  0.0308087 0.00111429
  0.316972 0.00847288 0.00111429   0.456996
IMAGINARY
          0  -0.0136066  0.00837029   0.0110619
  0.0136066           0  -0.0254549   0.0197627
-0.00837029   0.0254549           0  -0.0311504
 -0.0110619  -0.0197627   0.0311504           0
EndNode2[0]<--->HoM1[0]
REAL
   0.449495   0.0030123  0.00296162    0.309375
  0.0030123   0.0340909 -0.00192156  0.00759738
 0.00296162 -0.00192156   0.0340909  0.00878894
   0.309375  0.00759738  0.00878894    0.482323
IMAGINARY
           0    0.0014534 -0.000600439  0.000851436
  -0.0014534            0    0.0035181   -0.0167295
 0.000600439   -0.0035181            0    0.0171602
-0.000851436    0.0167295   -0.0171602            0
Repeater1[0]<--->EndNode1[0]
REAL
  0.472401 -0.0197794 -0.0199585   0.316972
-0.0197794  0.0308087 -0.0129516 0.00111429
-0.0199585 -0.0129516  0.0397946 0.00847288
  0.316972 0.00111429 0.00847288   0.456996
IMAGINARY
          0  0.00837029  -0.0136066   0.0110619
-0.00837029           0   0.0254549  -0.0311504
  0.0136066  -0.0254549           0   0.0197627
 -0.0110619   0.0311504  -0.0197627           0
Repeater1[0]<--->HoM1[0]
REAL
   0.449495  0.00296162   0.0030123    0.309375
 0.00296162   0.0340909 -0.00192156  0.00878894
  0.0030123 -0.00192156   0.0340909  0.00759738
   0.309375  0.00878894  0.00759738    0.482323
IMAGINARY
           0 -0.000600439    0.0014534  0.000851436
 0.000600439            0   -0.0035181    0.0171602
  -0.0014534    0.0035181            0   -0.0167295
-0.000851436   -0.0171602    0.0167295            0
EndNode1[0]<--->Repeater1[0]
REAL
   0.458217  0.00191589  0.00348389    0.299901
 0.00191589   0.0348189 -0.00774401 -0.00544468
 0.00348389 -0.00774401   0.0278552   0.0105024
   0.299901 -0.00544468   0.0105024    0.479109
IMAGINARY
          0   0.0049414   0.0105167   0.0229216
 -0.0049414           0  0.00572419  -0.0185315
 -0.0105167 -0.00572419           0   0.0030734
 -0.0229216   0.0185315  -0.0030734           0
EndNode2[0]<--->HoM1[0]
REAL
   0.485149  -0.0121521 -0.00199902    0.319474
 -0.0121521   0.0420792  0.00778607  -0.0013748
-0.00199902  0.00778607   0.0272277 -0.00741601
   0.319474  -0.0013748 -0.00741601    0.445545
IMAGINARY
          0  -0.0124356   0.0136397  0.00131081
  0.0124356           0   0.0171136   0.0149317
 -0.0136397  -0.0171136           0  0.00594209
-0.00131081  -0.0149317 -0.00594209           0
Repeater1[0]<--->EndNode1[0]
REAL
   0.458217  0.00348389  0.00191589    0.299901
 0.00348389   0.0278552 -0.00774401   0.0105024
 0.00191589 -0.00774401   0.0348189 -0.00544468
   0.299901   0.0105024 -0.00544468    0.479109
IMAGINARY
          0   0.0105167   0.0049414   0.0229216
 -0.0105167           0 -0.00572419   0.0030734
 -0.0049414  0.00572419           0  -0.0185315
 -0.0229216  -0.0030734   0.0185315           0
Repeater1[0]<--->HoM1[0]
REAL
   0.485149 -0.00199902  -0.0121521    0.319474
-0.00199902   0.0272277  0.00778607 -0.00741601
 -0.0121521  0.00778607   0.0420792  -0.0013748
   0.319474 -0.00741601  -0.0013748    0.445545
IMAGINARY
          0   0.0136397  -0.0124356  0.00131081
 -0.0136397           0  -0.0171136  0.00594209
  0.0124356   0.0171136           0   0.0149317
-0.00131081 -0.00594209  -0.0149317           0
EndNode1[0]<--->Repeater1[0]
REAL
   0.488837 -0.00574313 -0.00985207    0.309867
-0.00574313   0.0329025   0.0124473 -0.00116721
-0.00985207   0.0124473    0.027027 -0.00114392
   0.309867 -0.00116721 -0.00114392    0.451234
IMAGINARY
           0   0.00448942  0.000640088    0.0053958
 -0.00448942            0   -0.0127389    0.0012954
-0.000640088    0.0127389            0   0.00260736
  -0.0053958   -0.0012954  -0.00260736            0
EndNode2[0]<--->HoM1[0]
REAL
   0.481743 -0.00903762   0.0121926    0.326352
-0.00903762    0.024735  -0.0113012  -0.0172946
  0.0121926  -0.0113012    0.024735  0.00521109
   0.326352  -0.0172946  0.00521109    0.468787
IMAGINARY
          0  0.00718796   0.0127083 -0.00449539
-0.00718796           0 -0.00578738  0.00298066
 -0.0127083  0.00578738           0  -0.0105986
 0.00449539 -0.00298066   0.0105986           0
Repeater1[0]<--->EndNode1[0]
REAL
   0.488837 -0.00985207 -0.00574313    0.309867
-0.00985207    0.027027   0.0124473 -0.00114392
-0.00574313   0.0124473   0.0329025 -0.00116721
   0.309867 -0.00114392 -0.00116721    0.451234
IMAGINARY
           0  0.000640088   0.00448942    0.0053958
-0.000640088            0    0.0127389   0.00260736
 -0.00448942   -0.0127389            0    0.0012954
  -0.0053958  -0.00260736   -0.0012954            0
Repeater1[0]<--->HoM1[0]
REAL
   0.481743   0.0121926 -0.00903762    0.326352
  0.0121926    0.024735  -0.0113012  0.00521109
-0.00903762  -0.0113012    0.024735  -0.0172946
   0.326352  0.00521109  -0.0172946    0.468787
IMAGINARY
          0   0.0127083  0.00718796 -0.00449539
 -0.0127083           0  0.00578738  -0.0105986
-0.00718796 -0.00578738           0  0.00298066
 0.00449539   0.0105986 -0.00298066           0
EndNode1[0]<--->Repeater1[0]
REAL
   0.474074   0.0015176   0.0100099    0.302071
  0.0015176   0.0358025 -0.00442088  -0.0139263
  0.0100099 -0.00442088   0.0320988 -0.00412857
   0.302071  -0.0139263 -0.00412857    0.458025
IMAGINARY
          0 -0.00371034  -0.0208085   0.0065233
 0.00371034           0 -0.00458781  -0.0160205
  0.0208085  0.00458781           0   0.0243096
 -0.0065233   0.0160205  -0.0243096           0
EndNode2[0]<--->HoM1[0]
REAL
   0.470812  0.00777713  0.00452281    0.317519
 0.00777713   0.0380711 -0.00818061   0.0039078
 0.00452281 -0.00818061   0.0304569  0.00713856
   0.317519   0.0039078  0.00713856     0.46066
IMAGINARY
          0   0.0185032  0.00408085 -0.00193798
 -0.0185032           0  0.00968992 -0.00535311
-0.00408085 -0.00968992           0 -0.00323598
 0.00193798  0.00535311  0.00323598           0
Repeater1[0]<--->EndNode1[0]
REAL
   0.474074   0.0100099   0.0015176    0.302071
  0.0100099   0.0320988 -0.00442088 -0.00412857
  0.0015176 -0.00442088   0.0358025  -0.0139263
   0.302071 -0.00412857  -0.0139263    0.458025
IMAGINARY
          0  -0.0208085 -0.00371034   0.0065233
  0.0208085           0  0.00458781   0.0243096
 0.00371034 -0.00458781           0  -0.0160205
 -0.0065233  -0.0243096   0.0160205           0
Repeater1[0]<--->HoM1[0]
REAL
   0.470812  0.00452281  0.00777713    0.317519
 0.00452281   0.0304569 -0.00818061  0.00713856
 0.00777713 -0.00818061   0.0380711   0.0039078
   0.317519  0.00713856   0.0039078     0.46066
IMAGINARY
          0  0.00408085   0.0185032 -0.00193798
-0.00408085           0 -0.00968992 -0.00323598
 -0.0185032  0.00968992           0 -0.00535311
 0.00193798  0.00323598  0.00535311           0
EndNode1[0]<--->Repeater1[0]
REAL
     0.46814  -0.00705605 -0.000549451     0.305522
 -0.00705605    0.0325098    0.0139586    0.0148352
-0.000549451    0.0139586     0.023407   0.00965346
    0.305522    0.0148352   0.00965346     0.475943
IMAGINARY
          0  -0.0362604  0.00928523  0.00044029
  0.0362604           0  0.00921222   0.0180101
-0.00928523 -0.00921222           0 -0.00344185
-0.00044029  -0.0180101  0.00344185           0
EndNode2[0]<--->HoM1[0]
REAL
   0.461441   0.0135049  0.00235541    0.313306
  0.0135049   0.0328698   0.0100677  0.00760475
 0.00235541   0.0100677   0.0278129 -0.00487278
   0.313306  0.00760475 -0.00487278    0.477876
IMAGINARY
          0    0.014908   0.0105618   0.0254446
  -0.014908           0  0.00442551  -0.0161657
 -0.0105618 -0.00442551           0 -0.00432273
 -0.0254446   0.0161657  0.00432273           0
Repeater1[0]<--->EndNode1[0]
REAL
     0.46814 -0.000549451  -0.00705605     0.305522
-0.000549451     0.023407    0.0139586   0.00965346
 -0.00705605    0.0139586    0.0325098    0.0148352
    0.305522   0.00965346    0.0148352     0.475943
IMAGINARY
          0  0.00928523  -0.0362604  0.00044029
-0.00928523           0 -0.00921222 -0.00344185
  0.0362604  0.00921222           0   0.0180101
-0.00044029  0.00344185  -0.0180101           0
Repeater1[0]<--->HoM1[0]
REAL
   0.461441  0.00235541   0.0135049    0.313306
 0.00235541   0.0278129   0.0100677 -0.00487278
  0.0135049   0.0100677   0.0328698  0.00760475
   0.313306 -0.00487278  0.00760475    0.477876
IMAGINARY
          0   0.0105618    0.014908   0.0254446
 -0.0105618           0 -0.00442551 -0.00432273
  -0.014908  0.00442551           0  -0.0161657
 -0.0254446  0.00432273   0.0161657           0
EndNode1[0]<--->Repeater1[0]
REAL
   0.443038  -0.0108999  -0.0148506    0.307205
 -0.0108999   0.0303797   0.0148974  -0.0228852
 -0.0148506   0.0148974   0.0468354 -0.00257721
   0.307205  -0.0228852 -0.00257721    0.479747
IMAGINARY
          0   0.0034605  0.00956341 -0.00108789
 -0.0034605           0 -0.00513102   0.0365904
-0.00956341  0.00513102           0  -0.0060246
 0.00108789  -0.0365904   0.0060246           0
EndNode2[0]<--->HoM1[0]
REAL
   0.491294 -0.00588146  0.00779138     0.31172
-0.00588146   0.0323383 -0.00309474  0.00299029
 0.00779138 -0.00309474    0.039801   0.0112723
    0.31172  0.00299029   0.0112723    0.436567
IMAGINARY
          0  0.00377387  -0.0153738   0.0139621
-0.00377387           0  0.00608805   0.0172895
  0.0153738 -0.00608805           0 -0.00185817
 -0.0139621  -0.0172895  0.00185817           0
Repeater1[0]<--->EndNode1[0]
REAL
   0.443038  -0.0148506  -0.0108999    0.307205
 -0.0148506   0.0468354   0.0148974 -0.00257721
 -0.0108999   0.0148974   0.0303797  -0.0228852
   0.307205 -0.00257721  -0.0228852    0.479747
IMAGINARY
          0  0.00956341   0.0034605 -0.00108789
-0.00956341           0  0.00513102  -0.0060246
 -0.0034605 -0.00513102           0   0.0365904
 0.00108789   0.0060246  -0.0365904           0
Repeater1[0]<--->HoM1[0]
REAL
   0.491294  0.00779138 -0.00588146     0.31172
 0.00779138    0.039801 -0.00309474   0.0112723
-0.00588146 -0.00309474   0.0323383  0.00299029
    0.31172   0.0112723  0.00299029    0.436567
IMAGINARY
          0  -0.0153738  0.00377387   0.0139621
  0.0153738           0 -0.00608805 -0.00185817
-0.00377387  0.00608805           0   0.0172895
 -0.0139621  0.00185817  -0.0172895           0
EndNode1[0]<--->Repeater1[0]
REAL
   0.442688 -0.00856398 -0.00756115    0.334012
-0.00856398   0.0368906  0.00249008  0.00566001
-0.00756115  0.00249008   0.0487484  0.00539541
   0.334012  0.00566001  0.00539541    0.471673
IMAGINARY
           0   -0.0167218  -0.00873421 -0.000932629
   0.0167218            0  -0.00917439 -0.000776655
  0.00873421   0.00917439            0   0.00721093
 0.000932629  0.000776655  -0.00721093            0
EndNode2[0]<--->HoM1[0]
REAL
   0.450798 -0.00468342   -0.013277    0.307488
-0.00468342   0.0319149 -0.00356621  0.00478028
  -0.013277 -0.00356621    0.025266 -0.00904207
   0.307488  0.00478028 -0.00904207    0.492021
IMAGINARY
           0    0.0127629  -0.00385604 -0.000264872
  -0.0127629            0  -0.00417112  -0.00385604
  0.00385604   0.00417112            0    0.0245122
 0.000264872   0.00385604   -0.0245122            0
Repeater1[0]<--->EndNode1[0]
REAL
   0.442688 -0.00756115 -0.00856398    0.334012
-0.00756115   0.0487484  0.00249008  0.00539541
-0.00856398  0.00249008   0.0368906  0.00566001
   0.334012  0.00539541  0.00566001    0.471673
IMAGINARY
           0  -0.00873421   -0.0167218 -0.000932629
  0.00873421            0   0.00917439   0.00721093
   0.0167218  -0.00917439            0 -0.000776655
 0.000932629  -0.00721093  0.000776655            0
Repeater1[0]<--->HoM1[0]
REAL
   0.450798   -0.013277 -0.00468342    0.307488
  -0.013277    0.025266 -0.00356621 -0.00904207
-0.00468342 -0.00356621   0.0319149  0.00478028
   0.307488 -0.00904207  0.00478028    0.492021
IMAGINARY
           0  -0.00385604    0.0127629 -0.000264872
  0.00385604            0   0.00417112    0.0245122
  -0.0127629  -0.00417112            0  -0.00385604
 0.000264872   -0.0245122   0.00385604            0
EndNode1[0]<--->Repeater1[0]
REAL
    0.46164 -0.00921921  -0.0143904    0.318152
-0.00921921   0.0291005 -0.00499452 -0.00534646
 -0.0143904 -0.00499452   0.0224868  -0.0026229
   0.318152 -0.00534646  -0.0026229    0.486772
IMAGINARY
          0    0.006507  -0.0109204   0.0115422
  -0.006507           0   0.0159447  0.00376823
  0.0109204  -0.0159447           0  0.00844749
 -0.0115422 -0.00376823 -0.00844749           0
EndNode2[0]<--->HoM1[0]
REAL
   0.428208   0.0235703     0.02257    0.314631
  0.0235703   0.0241423  0.00747865   0.0276206
    0.02257  0.00747865   0.0317662 -0.00133394
   0.314631   0.0276206 -0.00133394    0.515883
IMAGINARY
          0   0.0196649 -0.00756995  -0.0102871
 -0.0196649           0  -0.0302871   0.0197028
 0.00756995   0.0302871           0 -0.00242349
  0.0102871  -0.0197028  0.00242349           0
Repeater1[0]<--->EndNode1[0]
REAL
    0.46164  -0.0143904 -0.00921921    0.318152
 -0.0143904   0.0224868 -0.00499452  -0.0026229
-0.00921921 -0.00499452   0.0291005 -0.00534646
   0.318152  -0.0026229 -0.00534646    0.486772
IMAGINARY
          0  -0.0109204    0.006507   0.0115422
  0.0109204           0  -0.0159447  0.00844749
  -0.006507   0.0159447           0  0.00376823
 -0.0115422 -0.00844749 -0.00376823           0
Repeater1[0]<--->HoM1[0]
REAL
   0.428208     0.02257   0.0235703    0.314631
    0.02257   0.0317662  0.00747865 -0.00133394
  0.0235703  0.00747865   0.0241423   0.0276206
   0.314631 -0.00133394   0.0276206    0.515883
IMAGINARY
          0 -0.00756995   0.0196649  -0.0102871
 0.00756995           0   0.0302871 -0.00242349
 -0.0196649  -0.0302871           0   0.0197028
  0.0102871  0.00242349  -0.0197028           0
EndNode1[0]<--->Repeater1[0]
REAL
   0.455791  0.00478682 0.000296272    0.315385
 0.00478682   0.0336239   0.0153846 -0.00670653
0.000296272   0.0153846   0.0336239 -0.00606887
   0.315385 -0.00670653 -0.00606887    0.476961
IMAGINARY
          0  0.00780942   0.0173839  -0.0184397
-0.00780942           0 -0.00585695  -0.0142783
 -0.0173839  0.00585695           0   0.0126875
  0.0184397   0.0142783  -0.0126875           0
EndNode2[0]<--->HoM1[0]
REAL
    0.458333   0.00754043 -0.000729454     0.333603
  0.00754043    0.0315657   0.00381606    0.0168585
-0.000729454   0.00381606    0.0353535  -0.00689527
    0.333603    0.0168585  -0.00689527     0.474747
IMAGINARY
           0  0.000716429    0.0039812  -0.00930231
-0.000716429            0   -0.0073866    0.0191727
  -0.0039812    0.0073866            0   -0.0113547
  0.00930231   -0.0191727    0.0113547            0
Repeater1[0]<--->EndNode1[0]
REAL
   0.455791 0.000296272  0.00478682    0.315385
0.000296272   0.0336239   0.0153846 -0.00606887
 0.00478682   0.0153846   0.0336239 -0.00670653
   0.315385 -0.00606887 -0.00670653    0.476961
IMAGINARY
          0   0.0173839  0.00780942  -0.0184397
 -0.0173839           0  0.00585695   0.0126875
-0.00780942 -0.00585695           0  -0.0142783
  0.0184397  -0.0126875   0.0142783           0
Repeater1[0]<--->HoM1[0]
REAL
    0.458333 -0.000729454   0.00754043     0.333603
-0.000729454    0.0353535   0.00381606  -0.00689527
  0.00754043   0.00381606    0.0315657    0.0168585
    0.333603  -0.00689527    0.0168585     0.474747
IMAGINARY
           0    0.0039812  0.000716429  -0.00930231
  -0.0039812            0    0.0073866   -0.0113547
-0.000716429   -0.0073866            0    0.0191727
  0.00930231    0.0113547   -0.0191727            0
EndNode1[0]<--->Repeater1[0]
REAL
  0.463649 0.00608273   0.020883   0.319835
0.00608273  0.0260631 0.00741573 -0.0257492
  0.020883 0.00741573  0.0315501 0.00608273
  0.319835 -0.0257492 0.00608273   0.478738
IMAGINARY
          0  0.00367646  -0.0251397 -0.00107737
-0.00367646           0   0.0234458   0.0193183
  0.0251397  -0.0234458           0 -0.00949794
 0.00107737  -0.0193183  0.00949794           0
EndNode2[0]<--->HoM1[0]
REAL
   0.485944  0.00918946  -0.0110952    0.314318
 0.00918946   0.0294511  0.00765152 -0.00784421
 -0.0110952  0.00765152   0.0455154  -0.0066642
   0.314318 -0.00784421  -0.0066642     0.43909
IMAGINARY
          0  -0.0202353  0.00985544 -0.00502083
  0.0202353           0  -0.0109497  0.00347789
-0.00985544   0.0109497           0  -0.0104314
 0.00502083 -0.00347789   0.0104314           0
Repeater1[0]<--->EndNode1[0]
REAL
  0.463649   0.020883 0.00608273   0.319835
  0.020883  0.0315501 0.00741573 0.00608273
0.00608273 0.00741573  0.0260631 -0.0257492
  0.319835 0.00608273 -0.0257492   0.478738
IMAGINARY
          0  -0.0251397  0.00367646 -0.00107737
  0.0251397           0  -0.0234458 -0.00949794
-0.00367646   0.0234458           0   0.0193183
 0.00107737  0.00949794  -0.0193183           0
Repeater1[0]<--->HoM1[0]
REAL
   0.485944  -0.0110952  0.00918946    0.314318
 -0.0110952   0.0455154  0.00765152  -0.0066642
 0.00918946  0.00765152   0.0294511 -0.00784421
   0.314318  -0.0066642 -0.00784421     0.43909
IMAGINARY
          0  0.00985544  -0.0202353 -0.00502083
-0.00985544           0   0.0109497  -0.0104314
  0.0202353  -0.0109497           0  0.00347789
 0.00502083   0.0104314 -0.00347789           0
EndNode1[0]<--->Repeater1[0]
REAL
   0.474128   0.0185827   0.0127862    0.313122
  0.0185827   0.0300842   0.0136497   0.0265839
  0.0127862   0.0136497   0.0361011 -0.00808399
   0.313122   0.0265839 -0.00808399    0.459687
IMAGINARY
          0 -0.00484262  -0.0253017  0.00182092
 0.00484262           0 -0.00516764  0.00683201
  0.0253017  0.00516764           0  0.00484262
-0.00182092 -0.00683201 -0.00484262           0
EndNode2[0]<--->HoM1[0]
REAL
   0.483617  -0.0170523  0.00159198    0.315855
 -0.0170523    0.034076 -0.00060938  -0.0274318
 0.00159198 -0.00060938   0.0393185 -0.00232757
   0.315855  -0.0274318 -0.00232757    0.442988
IMAGINARY
          0  -0.0124106 -0.00219382 -0.00404398
  0.0124106           0 -0.00786078  0.00151905
 0.00219382  0.00786078           0 -0.00580799
 0.00404398 -0.00151905  0.00580799           0
Repeater1[0]<--->EndNode1[0]
REAL
   0.474128   0.0127862   0.0185827    0.313122
  0.0127862   0.0361011   0.0136497 -0.00808399
  0.0185827   0.0136497   0.0300842   0.0265839
   0.313122 -0.00808399   0.0265839    0.459687
IMAGINARY
          0  -0.0253017 -0.00484262  0.00182092
  0.0253017           0  0.00516764  0.00484262
 0.00484262 -0.00516764           0  0.00683201
-0.00182092 -0.00484262 -0.00683201           0
Repeater1[0]<--->HoM1[0]
REAL
   0.483617  0.00159198  -0.0170523    0.315855
 0.00159198   0.0393185 -0.00060938 -0.00232757
 -0.0170523 -0.00060938    0.034076  -0.0274318
   0.315855 -0.00232757  -0.0274318    0.442988
IMAGINARY
          0 -0.00219382  -0.0124106 -0.00404398
 0.00219382           0  0.00786078 -0.00580799
  0.0124106 -0.00786078           0  0.00151905
 0.00404398  0.00580799 -0.00151905           0
EndNode1[0]<--->Repeater1[0]
REAL
   0.469466   0.0248573  0.00268167    0.308888
  0.0248573   0.0394402 -0.00651675    0.020375
 0.00268167 -0.00651675   0.0407125 -0.00180067
   0.308888    0.020375 -0.00180067    0.450382
IMAGINARY
          0  0.00768815 -0.00911787 -0.00273448
-0.00768815           0  0.00337799  0.00579782
 0.00911787 -0.00337799           0   0.0288324
 0.00273448 -0.00579782  -0.0288324           0
EndNode2[0]<--->HoM1[0]
REAL
  0.451861 0.00647451 0.00916402   0.314594
0.00647451  0.0346598 0.00477789 0.00785169
0.00916402 0.00477789  0.0410783   0.013159
  0.314594 0.00785169   0.013159   0.472401
IMAGINARY
          0  0.00259734   0.0241107  0.00247733
-0.00259734           0   0.0264171   0.0157666
 -0.0241107  -0.0264171           0  -0.0216157
-0.00247733  -0.0157666   0.0216157           0
Repeater1[0]<--->EndNode1[0]
REAL
   0.469466  0.00268167   0.0248573    0.308888
 0.00268167   0.0407125 -0.00651675 -0.00180067
  0.0248573 -0.00651675   0.0394402    0.020375
   0.308888 -0.00180067    0.020375    0.450382
IMAGINARY
          0 -0.00911787  0.00768815 -0.00273448
 0.00911787           0 -0.00337799   0.0288324
-0.00768815  0.00337799           0  0.00579782
 0.00273448  -0.0288324 -0.00579782           0
Repeater1[0]<--->HoM1[0]
REAL
  0.451861 0.00916402 0.00647451   0.314594
0.00916402  0.0410783 0.00477789   0.013159
0.00647451 0.00477789  0.0346598 0.00785169
  0.314594   0.013159 0.00785169   0.472401
IMAGINARY
          0   0.0241107  0.00259734  0.00247733
 -0.0241107           0  -0.0264171  -0.0216157
-0.00259734   0.0264171           0   0.0157666
-0.00247733   0.0216157  -0.0157666           0
EndNode1[0]<--->Repeater1[0]
REAL
   0.466234   0.0304557   0.0297047    0.302193
  0.0304557   0.0350649 -0.00503565  0.00130308
  0.0297047 -0.00503565   0.0363636    0.009596
   0.302193  0.00130308    0.009596    0.462338
IMAGINARY
          0 -0.00187598  0.00601201 -0.00212773
 0.00187598           0   0.0212604  0.00536684
-0.00601201  -0.0212604           0  0.00120664
 0.00212773 -0.00536684 -0.00120664           0
EndNode2[0]<--->HoM1[0]
REAL
   0.489032  -0.0239604 -0.00351198    0.326615
 -0.0239604   0.0219355   0.0100324  -0.0348403
-0.00351198   0.0100324   0.0193548  -0.0300169
   0.326615  -0.0348403  -0.0300169    0.469677
IMAGINARY
          0  -0.0017229  -0.0189957  -0.0179321
  0.0017229           0  0.00732039 -0.00864248
  0.0189957 -0.00732039           0   0.0268485
  0.0179321  0.00864248  -0.0268485           0
Repeater1[0]<--->EndNode1[0]
REAL
   0.466234   0.0297047   0.0304557    0.302193
  0.0297047   0.0363636 -0.00503565    0.009596
  0.0304557 -0.00503565   0.0350649  0.00130308
   0.302193    0.009596  0.00130308    0.462338
IMAGINARY
          0  0.00601201 -0.00187598 -0.00212773
-0.00601201           0  -0.0212604  0.00120664
 0.00187598   0.0212604           0  0.00536684
 0.00212773 -0.00120664 -0.00536684           0
Repeater1[0]<--->HoM1[0]
REAL
   0.489032 -0.00351198  -0.0239604    0.326615
-0.00351198   0.0193548   0.0100324  -0.0300169
 -0.0239604   0.0100324   0.0219355  -0.0348403
   0.326615  -0.0300169  -0.0348403    0.469677
IMAGINARY
          0  -0.0189957  -0.0017229  -0.0179321
  0.0189957           0 -0.00732039   0.0268485
  0.0017229  0.00732039           0 -0.00864248
  0.0179321  -0.0268485  0.00864248           0
EndNode1[0]<--->Repeater1[0]
REAL
   0.476252   0.0220834   0.0130592    0.309824
  0.0220834   0.0256739   0.0179393 -0.00149107
  0.0130592   0.0179393   0.0320924  0.00233819
   0.309824 -0.00149107  0.00233819    0.465982
IMAGINARY
          0  -0.0112226  -0.0159357  -0.0139792
  0.0112226           0  -0.0139792  -0.0023889
  0.0159357   0.0139792           0  0.00729591
  0.0139792   0.0023889 -0.00729591           0
EndNode2[0]<--->HoM1[0]
REAL
   0.467643  -0.0154279  -0.0229104     0.32233
 -0.0154279    0.037851 -0.00798965  -0.0353482
 -0.0229104 -0.00798965    0.046398  -0.0236246
    0.32233  -0.0353482  -0.0236246    0.448107
IMAGINARY
          0 -0.00320542   0.0116445  0.00964893
 0.00320542           0   0.0168763 -0.00677659
 -0.0116445  -0.0168763           0   0.0122458
-0.00964893  0.00677659  -0.0122458           0
Repeater1[0]<--->EndNode1[0]
REAL
   0.476252   0.0130592   0.0220834    0.309824
  0.0130592   0.0320924   0.0179393  0.00233819
  0.0220834   0.0179393   0.0256739 -0.00149107
   0.309824  0.00233819 -0.00149107    0.465982
IMAGINARY
          0  -0.0159357  -0.0112226  -0.0139792
  0.0159357           0   0.0139792  0.00729591
  0.0112226  -0.0139792           0  -0.0023889
  0.0139792 -0.00729591   0.0023889           0
Repeater1[0]<--->HoM1[0]
REAL
   0.467643  -0.0229104  -0.0154279     0.32233
 -0.0229104    0.046398 -0.00798965  -0.0236246
 -0.0154279 -0.00798965    0.037851  -0.0353482
    0.32233  -0.0236246  -0.0353482    0.448107
IMAGINARY
          0   0.0116445 -0.00320542  0.00964893
 -0.0116445           0  -0.0168763   0.0122458
 0.00320542   0.0168763           0 -0.00677659
-0.00964893  -0.0122458  0.00677659           0
EndNode1[0]<--->Repeater1[0]
REAL
   0.46172 0.00130875 -0.0131282   0.312741
0.00130875  0.0353357  0.0185843 0.00308803
-0.0131282  0.0185843  0.0318021 -0.0167037
  0.312741 0.00308803 -0.0167037   0.471143
IMAGINARY
          0 -0.00215167  0.00316776  -0.0207511
 0.00215167           0  0.00716767   -0.019768
-0.00316776 -0.00716767           0  0.00679974
  0.0207511    0.019768 -0.00679974           0
EndNode2[0]<--->HoM1[0]
REAL
   0.463568 -0.00263197  0.00875817    0.318667
-0.00263197   0.0439698 -0.00533333  -0.0154248
 0.00875817 -0.00533333   0.0301508  -0.0280347
   0.318667  -0.0154248  -0.0280347    0.462312
IMAGINARY
           0   -0.0160888    0.0264737    0.0228435
   0.0160888            0  0.000663507  -0.00247368
  -0.0264737 -0.000663507            0   0.00275544
  -0.0228435   0.00247368  -0.00275544            0
Repeater1[0]<--->EndNode1[0]
REAL
   0.46172 -0.0131282 0.00130875   0.312741
-0.0131282  0.0318021  0.0185843 -0.0167037
0.00130875  0.0185843  0.0353357 0.00308803
  0.312741 -0.0167037 0.00308803   0.471143
IMAGINARY
          0  0.00316776 -0.00215167  -0.0207511
-0.00316776           0 -0.00716767  0.00679974
 0.00215167  0.00716767           0   -0.019768
  0.0207511 -0.00679974    0.019768           0
Repeater1[0]<--->HoM1[0]
REAL
   0.463568  0.00875817 -0.00263197    0.318667
 0.00875817   0.0301508 -0.00533333  -0.0280347
-0.00263197 -0.00533333   0.0439698  -0.0154248
   0.318667  -0.0280347  -0.0154248    0.462312
IMAGINARY
           0    0.0264737   -0.0160888    0.0228435
  -0.0264737            0 -0.000663507   0.00275544
   0.0160888  0.000663507            0  -0.00247368
  -0.0228435  -0.00275544   0.00247368            0
EndNode1[0]<--->Repeater1[0]
REAL
    0.47381 -0.00211646  -0.0194882    0.330861
-0.00211646   0.0369048 -0.00466492  0.00689373
 -0.0194882 -0.00466492   0.0380952  0.00715424
   0.330861  0.00689373  0.00715424     0.45119
IMAGINARY
           0   0.00715661  -0.00592105   -0.0106707
 -0.00715661            0 -0.000382625  -0.00592105
  0.00592105  0.000382625            0    0.0270539
   0.0106707   0.00592105   -0.0270539            0
EndNode2[0]<--->HoM1[0]
REAL
   0.449804  -0.0163949 -0.00589433     0.32657
 -0.0163949   0.0260756   0.0139122 0.000532402
-0.00589433   0.0139122   0.0273794  0.00433052
    0.32657 0.000532402  0.00433052    0.496741
IMAGINARY
          0  -0.0120714   0.0069812  0.00913271
  0.0120714           0 -0.00720716   0.0221327
 -0.0069812  0.00720716           0  0.00827389
-0.00913271  -0.0221327 -0.00827389           0
Repeater1[0]<--->EndNode1[0]
REAL
    0.47381  -0.0194882 -0.00211646    0.330861
 -0.0194882   0.0380952 -0.00466492  0.00715424
-0.00211646 -0.00466492   0.0369048  0.00689373
   0.330861  0.00715424  0.00689373     0.45119
IMAGINARY
           0  -0.00592105   0.00715661   -0.0106707
  0.00592105            0  0.000382625    0.0270539
 -0.00715661 -0.000382625            0  -0.00592105
   0.0106707   -0.0270539   0.00592105            0
Repeater1[0]<--->HoM1[0]
REAL
   0.449804 -0.00589433  -0.0163949     0.32657
-0.00589433   0.0273794   0.0139122  0.00433052
 -0.0163949   0.0139122   0.0260756 0.000532402
    0.32657  0.00433052 0.000532402    0.496741
IMAGINARY
          0   0.0069812  -0.0120714  0.00913271
 -0.0069812           0  0.00720716  0.00827389
  0.0120714 -0.00720716           0   0.0221327
-0.00913271 -0.00827389  -0.0221327           0
EndNode1[0]<--->Repeater1[0]
REAL
   0.472483   0.0109594   0.0156361    0.316893
  0.0109594   0.0295302  -0.0145675 -0.00142424
  0.0156361  -0.0145675    0.033557  0.00971248
   0.316893 -0.00142424  0.00971248     0.46443
IMAGINARY
          0   0.0097948 -0.00199196 -0.00503272
 -0.0097948           0 -0.00827526  -0.0211042
 0.00199196  0.00827526           0  -0.0204065
 0.00503272   0.0211042   0.0204065           0
EndNode2[0]<--->HoM1[0]
REAL
    0.510996   0.00726814  -0.00890479     0.310001
  0.00726814    0.0206986   0.00895396  -0.00506848
 -0.00890479   0.00895396    0.0232859 -0.000585268
    0.310001  -0.00506848 -0.000585268     0.445019
IMAGINARY
          0   0.0117869 -0.00561867  -0.0100634
 -0.0117869           0   0.0185824 -0.00877923
 0.00561867  -0.0185824           0   0.0130822
  0.0100634  0.00877923  -0.0130822           0
Repeater1[0]<--->EndNode1[0]
REAL
   0.472483   0.0156361   0.0109594    0.316893
  0.0156361    0.033557  -0.0145675  0.00971248
  0.0109594  -0.0145675   0.0295302 -0.00142424
   0.316893  0.00971248 -0.00142424     0.46443
IMAGINARY
          0 -0.00199196   0.0097948 -0.00503272
 0.00199196           0  0.00827526  -0.0204065
 -0.0097948 -0.00827526           0  -0.0211042
 0.00503272   0.0204065   0.0211042           0
Repeater1[0]<--->HoM1[0]
REAL
    0.510996  -0.00890479   0.00726814     0.310001
 -0.00890479    0.0232859   0.00895396 -0.000585268
  0.00726814   0.00895396    0.0206986  -0.00506848
    0.310001 -0.000585268  -0.00506848     0.445019
IMAGINARY
          0 -0.00561867   0.0117869  -0.0100634
 0.00561867           0  -0.0185824   0.0130822
 -0.0117869   0.0185824           0 -0.00877923
  0.0100634  -0.0130822  0.00877923           0
EndNode1[0]<--->Repeater1[0]
REAL
   0.449219 -0.00261504 -0.00612436    0.315811
-0.00261504   0.0338542  0.00948212   0.0106876
-0.00612436  0.00948212   0.0247396 -0.00325198
   0.315811   0.0106876 -0.00325198    0.492188
IMAGINARY
          0   0.0108761 -0.00381223   0.0060055
 -0.0108761           0  -0.0265898 -0.00251689
 0.00381223   0.0265898           0 -0.00581281
 -0.0060055  0.00251689  0.00581281           0
EndNode2[0]<--->HoM1[0]
REAL
    0.474462   0.00643841    0.0163765       0.3227
  0.00643841    0.0322581   0.00259377 -7.92171e-05
   0.0163765   0.00259377    0.0336022  -0.00578652
      0.3227 -7.92171e-05  -0.00578652     0.459677
IMAGINARY
          0  0.00863999    0.021864  0.00154262
-0.00863999           0    0.032438 -0.00731373
  -0.021864   -0.032438           0  -0.0231903
-0.00154262  0.00731373   0.0231903           0
Repeater1[0]<--->EndNode1[0]
REAL
   0.449219 -0.00612436 -0.00261504    0.315811
-0.00612436   0.0247396  0.00948212 -0.00325198
-0.00261504  0.00948212   0.0338542   0.0106876
   0.315811 -0.00325198   0.0106876    0.492188
IMAGINARY
          0 -0.00381223   0.0108761   0.0060055
 0.00381223           0   0.0265898 -0.00581281
 -0.0108761  -0.0265898           0 -0.00251689
 -0.0060055  0.00581281  0.00251689           0
Repeater1[0]<--->HoM1[0]
REAL
    0.474462    0.0163765   0.00643841       0.3227
   0.0163765    0.0336022   0.00259377  -0.00578652
  0.00643841   0.00259377    0.0322581 -7.92171e-05
      0.3227  -0.00578652 -7.92171e-05     0.459677
IMAGINARY
          0    0.021864  0.00863999  0.00154262
  -0.021864           0   -0.032438  -0.0231903
-0.00863999    0.032438           0 -0.00731373
-0.00154262   0.0231903  0.00731373           0
EndNode1[0]<--->Repeater1[0]
REAL
   0.472376   0.0166128 -0.00350696    0.322898
  0.0166128   0.0276243 -0.00560169  -0.0190265
-0.00350696 -0.00560169    0.019337  -0.0172218
   0.322898  -0.0190265  -0.0172218    0.480663
IMAGINARY
          0  0.00857355  -0.0160929  0.00683708
-0.00857355           0   0.0165395  -0.0173245
  0.0160929  -0.0165395           0   0.0046673
-0.00683708   0.0173245  -0.0046673           0
EndNode2[0]<--->HoM1[0]
REAL
  0.483791 0.00275578  0.0202677    0.31696
