EndNode1[0]<--->Repeater1[0]
REAL
   0.461146   0.0111422  0.00846721    0.347564
  0.0111422    0.044586   0.0285652 -0.00395109
 0.00846721   0.0285652   0.0573248   -0.014368
   0.347564 -0.00395109   -0.014368    0.436943
IMAGINARY
           0    0.0094607  -0.00155537   -0.0203893
  -0.0094607            0  -0.00812776    0.0240201
  0.00155537   0.00812776            0  0.000167024
   0.0203893   -0.0240201 -0.000167024            0
EndNode2[0]<--->HoM1[0]
REAL
  0.456384  0.0140247  0.0121155   0.327287
 0.0140247  0.0493047  0.0175187 0.00352901
 0.0121155  0.0175187  0.0556258  0.0116324
  0.327287 0.00352901  0.0116324   0.438685
IMAGINARY
           0   0.00832647  -0.00708552  -0.00205835
 -0.00832647            0    0.0145419  -0.00833865
  0.00708552   -0.0145419            0 -0.000614385
  0.00205835   0.00833865  0.000614385            0
Repeater1[0]<--->EndNode1[0]
REAL
   0.461146  0.00846721   0.0111422    0.347564
 0.00846721   0.0573248   0.0285652   -0.014368
  0.0111422   0.0285652    0.044586 -0.00395109
   0.347564   -0.014368 -0.00395109    0.436943
IMAGINARY
           0  -0.00155537    0.0094607   -0.0203893
  0.00155537            0   0.00812776  0.000167024
  -0.0094607  -0.00812776            0    0.0240201
   0.0203893 -0.000167024   -0.0240201            0
Repeater1[0]<--->HoM1[0]
REAL
  0.456384  0.0121155  0.0140247   0.327287
 0.0121155  0.0556258  0.0175187  0.0116324
 0.0140247  0.0175187  0.0493047 0.00352901
  0.327287  0.0116324 0.00352901   0.438685
IMAGINARY
           0  -0.00708552   0.00832647  -0.00205835
  0.00708552            0   -0.0145419 -0.000614385
 -0.00832647    0.0145419            0  -0.00833865
  0.00205835  0.000614385   0.00833865            0
EndNode1[0]<--->Repeater1[0]
REAL
   0.464632  -0.0146309  0.00291579    0.317703
 -0.0146309   0.0499307   0.0274587 -0.00098031
 0.00291579   0.0274587   0.0499307 -0.00924007
   0.317703 -0.00098031 -0.00924007    0.435506
IMAGINARY
          0  -0.0205647  -0.0045443 -0.00312617
  0.0205647           0 -0.00441152  -0.0113094
  0.0045443  0.00441152           0   0.0144671
 0.00312617   0.0113094  -0.0144671           0
EndNode2[0]<--->HoM1[0]
REAL
    0.45478  -0.0149283  -0.0138008    0.351682
 -0.0149283   0.0555556   0.0147254   0.0105582
 -0.0138008   0.0147254   0.0555556 -0.00517542
   0.351682   0.0105582 -0.00517542    0.434109
IMAGINARY
          0 -0.00092761   0.0387587  0.00560608
 0.00092761           0 -0.00104285  0.00109637
 -0.0387587  0.00104285           0  -0.0256424
-0.00560608 -0.00109637   0.0256424           0
Repeater1[0]<--->EndNode1[0]
REAL
   0.464632  0.00291579  -0.0146309    0.317703
 0.00291579   0.0499307   0.0274587 -0.00924007
 -0.0146309   0.0274587   0.0499307 -0.00098031
   0.317703 -0.00924007 -0.00098031    0.435506
IMAGINARY
          0  -0.0045443  -0.0205647 -0.00312617
  0.0045443           0  0.00441152   0.0144671
  0.0205647 -0.00441152           0  -0.0113094
 0.00312617  -0.0144671   0.0113094           0
Repeater1[0]<--->HoM1[0]
REAL
    0.45478  -0.0138008  -0.0149283    0.351682
 -0.0138008   0.0555556   0.0147254 -0.00517542
 -0.0149283   0.0147254   0.0555556   0.0105582
   0.351682 -0.00517542   0.0105582    0.434109
IMAGINARY
          0   0.0387587 -0.00092761  0.00560608
 -0.0387587           0  0.00104285  -0.0256424
 0.00092761 -0.00104285           0  0.00109637
-0.00560608   0.0256424 -0.00109637           0
EndNode1[0]<--->Repeater1[0]
REAL
   0.477273  0.00591872   0.0121319    0.327095
 0.00591872   0.0366162   0.0214653 -0.00274518
  0.0121319   0.0214653   0.0694444  0.00972583
   0.327095 -0.00274518  0.00972583    0.416667
IMAGINARY
           0   0.00143423   0.00270924  -0.00620409
 -0.00143423            0 -0.000306322     0.020079
 -0.00270924  0.000306322            0     -0.01752
  0.00620409    -0.020079      0.01752            0
EndNode2[0]<--->HoM1[0]
REAL
   0.416465   -0.009149 0.000609028    0.320614
  -0.009149   0.0714286  0.00611818 -0.00927239
0.000609028  0.00611818   0.0641646  0.00791137
   0.320614 -0.00927239  0.00791137    0.447942
IMAGINARY
          0 -0.00634777 -0.00252179  0.00122909
 0.00634777           0  -0.0261971   0.0221778
 0.00252179   0.0261971           0  0.00757628
-0.00122909  -0.0221778 -0.00757628           0
Repeater1[0]<--->EndNode1[0]
REAL
   0.477273   0.0121319  0.00591872    0.327095
  0.0121319   0.0694444   0.0214653  0.00972583
 0.00591872   0.0214653   0.0366162 -0.00274518
   0.327095  0.00972583 -0.00274518    0.416667
IMAGINARY
           0   0.00270924   0.00143423  -0.00620409
 -0.00270924            0  0.000306322     -0.01752
 -0.00143423 -0.000306322            0     0.020079
  0.00620409      0.01752    -0.020079            0
Repeater1[0]<--->HoM1[0]
REAL
   0.416465 0.000609028   -0.009149    0.320614
0.000609028   0.0641646  0.00611818  0.00791137
  -0.009149  0.00611818   0.0714286 -0.00927239
   0.320614  0.00791137 -0.00927239    0.447942
IMAGINARY
          0 -0.00252179 -0.00634777  0.00122909
 0.00252179           0   0.0261971  0.00757628
 0.00634777  -0.0261971           0   0.0221778
-0.00122909 -0.00757628  -0.0221778           0
EndNode1[0]<--->Repeater1[0]
REAL
   0.424242   -0.014771 -0.00117918    0.330765
  -0.014771   0.0530303   0.0109903  -0.0121187
-0.00117918   0.0109903   0.0555556 -0.00783535
   0.330765  -0.0121187 -0.00783535    0.467172
IMAGINARY
          0 -0.00138813 -0.00113423   -0.026129
 0.00138813           0 -0.00612903  0.00551471
 0.00113423  0.00612903           0   0.0095233
   0.026129 -0.00551471  -0.0095233           0
EndNode2[0]<--->HoM1[0]
REAL
   0.438287 -0.00852196  0.00192555    0.351653
-0.00852196    0.059194 0.000721581 -0.00513479
 0.00192555 0.000721581   0.0843829   0.0117312
   0.351653 -0.00513479   0.0117312    0.418136
IMAGINARY
          0  0.00622395   0.0144835  0.00638993
-0.00622395           0   0.0295075   0.0171935
 -0.0144835  -0.0295075           0  -0.0130563
-0.00638993  -0.0171935   0.0130563           0
Repeater1[0]<--->EndNode1[0]
REAL
   0.424242 -0.00117918   -0.014771    0.330765
-0.00117918   0.0555556   0.0109903 -0.00783535
  -0.014771   0.0109903   0.0530303  -0.0121187
   0.330765 -0.00783535  -0.0121187    0.467172
IMAGINARY
          0 -0.00113423 -0.00138813   -0.026129
 0.00113423           0  0.00612903   0.0095233
 0.00138813 -0.00612903           0  0.00551471
   0.026129  -0.0095233 -0.00551471           0
Repeater1[0]<--->HoM1[0]
REAL
   0.438287  0.00192555 -0.00852196    0.351653
 0.00192555   0.0843829 0.000721581   0.0117312
-0.00852196 0.000721581    0.059194 -0.00513479
   0.351653   0.0117312 -0.00513479    0.418136
IMAGINARY
          0   0.0144835  0.00622395  0.00638993
 -0.0144835           0  -0.0295075  -0.0130563
-0.00622395   0.0295075           0   0.0171935
-0.00638993   0.0130563  -0.0171935           0
EndNode1[0]<--->Repeater1[0]
REAL
   0.422053  -0.0216537 -0.00924654    0.336961
 -0.0216537   0.0595691  0.00797957 -0.00192297
-0.00924654  0.00797957   0.0544994  0.00522798
   0.336961 -0.00192297  0.00522798    0.463878
IMAGINARY
          0   0.0100184 -0.00876937   0.0140289
 -0.0100184           0 -0.00621645   0.0100749
 0.00876937  0.00621645           0 -0.00479644
 -0.0140289  -0.0100749  0.00479644           0
EndNode2[0]<--->HoM1[0]
REAL
  0.422827 -0.0149929 0.00132258   0.337662
-0.0149929  0.0700389  0.0194805 0.00588581
0.00132258  0.0194805  0.0557717   0.013027
  0.337662 0.00588581   0.013027   0.451362
IMAGINARY
          0  0.00116831   0.0143129  0.00124631
-0.00116831           0 -0.00981021  -0.0213551
 -0.0143129  0.00981021           0    0.018678
-0.00124631   0.0213551   -0.018678           0
Repeater1[0]<--->EndNode1[0]
REAL
   0.422053 -0.00924654  -0.0216537    0.336961
-0.00924654   0.0544994  0.00797957  0.00522798
 -0.0216537  0.00797957   0.0595691 -0.00192297
   0.336961  0.00522798 -0.00192297    0.463878
IMAGINARY
          0 -0.00876937   0.0100184   0.0140289
 0.00876937           0  0.00621645 -0.00479644
 -0.0100184 -0.00621645           0   0.0100749
 -0.0140289  0.00479644  -0.0100749           0
Repeater1[0]<--->HoM1[0]
REAL
  0.422827 0.00132258 -0.0149929   0.337662
0.00132258  0.0557717  0.0194805   0.013027
-0.0149929  0.0194805  0.0700389 0.00588581
  0.337662   0.013027 0.00588581   0.451362
IMAGINARY
          0   0.0143129  0.00116831  0.00124631
 -0.0143129           0  0.00981021    0.018678
-0.00116831 -0.00981021           0  -0.0213551
-0.00124631   -0.018678   0.0213551           0
EndNode1[0]<--->Repeater1[0]
REAL
  0.427123  0.0065199  0.0174973   0.337503
 0.0065199  0.0481622  0.0177438 0.00964387
 0.0174973  0.0177438  0.0621039  0.0302714
  0.337503 0.00964387  0.0302714   0.462611
IMAGINARY
           0    0.0131613   -0.0253124    0.0181058
  -0.0131613            0 -0.000864405 -0.000722275
   0.0253124  0.000864405            0  -0.00715327
  -0.0181058  0.000722275   0.00715327            0
EndNode2[0]<--->HoM1[0]
REAL
   0.443884 -0.00491704  -0.0111394     0.32861
-0.00491704   0.0617907   0.0121791  0.00587627
 -0.0111394   0.0121791   0.0517024 -0.00692507
    0.32861  0.00587627 -0.00692507    0.442623
IMAGINARY
           0   0.00293108   -0.0091387    0.0147535
 -0.00293108            0  0.000621628   0.00464576
   0.0091387 -0.000621628            0   -0.0151262
  -0.0147535  -0.00464576    0.0151262            0
Repeater1[0]<--->EndNode1[0]
REAL
  0.427123  0.0174973  0.0065199   0.337503
 0.0174973  0.0621039  0.0177438  0.0302714
 0.0065199  0.0177438  0.0481622 0.00964387
  0.337503  0.0302714 0.00964387   0.462611
IMAGINARY
           0   -0.0253124    0.0131613    0.0181058
   0.0253124            0  0.000864405  -0.00715327
  -0.0131613 -0.000864405            0 -0.000722275
  -0.0181058   0.00715327  0.000722275            0
Repeater1[0]<--->HoM1[0]
REAL
   0.443884  -0.0111394 -0.00491704     0.32861
 -0.0111394   0.0517024   0.0121791 -0.00692507
-0.00491704   0.0121791   0.0617907  0.00587627
    0.32861 -0.00692507  0.00587627    0.442623
IMAGINARY
           0   -0.0091387   0.00293108    0.0147535
   0.0091387            0 -0.000621628   -0.0151262
 -0.00293108  0.000621628            0   0.00464576
  -0.0147535    0.0151262  -0.00464576            0
EndNode1[0]<--->Repeater1[0]
REAL
   0.455712 -0.00231212   0.0264212    0.347623
-0.00231212   0.0526316   0.0251686  0.00361416
  0.0264212   0.0251686   0.0500642   0.0158575
   0.347623  0.00361416   0.0158575    0.441592
IMAGINARY
          0  0.00690884   0.0105863  0.00501107
-0.00690884           0   0.0210986  -0.0184192
 -0.0105863  -0.0210986           0  0.00353502
-0.00501107   0.0184192 -0.00353502           0
EndNode2[0]<--->HoM1[0]
REAL
   0.469136 -0.00874712   -0.016233    0.330168
-0.00874712   0.0481481   0.0277136  0.00331307
  -0.016233   0.0277136   0.0567901  -0.0222606
   0.330168  0.00331307  -0.0222606    0.425926
IMAGINARY
           0  -0.00319377   0.00561826    0.0115638
  0.00319377            0   0.00225529   -0.0185017
 -0.00561826  -0.00225529            0  0.000126284
  -0.0115638    0.0185017 -0.000126284            0
Repeater1[0]<--->EndNode1[0]
REAL
   0.455712   0.0264212 -0.00231212    0.347623
  0.0264212   0.0500642   0.0251686   0.0158575
-0.00231212   0.0251686   0.0526316  0.00361416
   0.347623   0.0158575  0.00361416    0.441592
IMAGINARY
          0   0.0105863  0.00690884  0.00501107
 -0.0105863           0  -0.0210986  0.00353502
-0.00690884   0.0210986           0  -0.0184192
-0.00501107 -0.00353502   0.0184192           0
Repeater1[0]<--->HoM1[0]
REAL
   0.469136   -0.016233 -0.00874712    0.330168
  -0.016233   0.0567901   0.0277136  -0.0222606
-0.00874712   0.0277136   0.0481481  0.00331307
   0.330168  -0.0222606  0.00331307    0.425926
IMAGINARY
           0   0.00561826  -0.00319377    0.0115638
 -0.00561826            0  -0.00225529  0.000126284
  0.00319377   0.00225529            0   -0.0185017
  -0.0115638 -0.000126284    0.0185017            0
EndNode1[0]<--->Repeater1[0]
REAL
  0.444444  0.0124431  0.0173376   0.351349
 0.0124431  0.0593434 -0.0126806 0.00378919
 0.0173376 -0.0126806  0.0631313 0.00868368
  0.351349 0.00378919 0.00868368   0.433081
IMAGINARY
          0   0.0057926 -0.00038722 -0.00532976
 -0.0057926           0  -0.0108394  -0.0200083
 0.00038722   0.0108394           0  0.00965858
 0.00532976   0.0200083 -0.00965858           0
EndNode2[0]<--->HoM1[0]
REAL
       0.424    -0.015555   -0.0216153     0.331101
   -0.015555         0.06    0.0153453    0.0140011
  -0.0216153    0.0153453        0.048 -0.000942505
    0.331101    0.0140011 -0.000942505        0.468
IMAGINARY
          0   0.0258047  -0.0164942  -0.0242954
 -0.0258047           0 -0.00775592  -0.0349671
  0.0164942  0.00775592           0  0.00913808
  0.0242954   0.0349671 -0.00913808           0
Repeater1[0]<--->EndNode1[0]
REAL
  0.444444  0.0173376  0.0124431   0.351349
 0.0173376  0.0631313 -0.0126806 0.00868368
 0.0124431 -0.0126806  0.0593434 0.00378919
  0.351349 0.00868368 0.00378919   0.433081
IMAGINARY
          0 -0.00038722   0.0057926 -0.00532976
 0.00038722           0   0.0108394  0.00965858
 -0.0057926  -0.0108394           0  -0.0200083
 0.00532976 -0.00965858   0.0200083           0
Repeater1[0]<--->HoM1[0]
REAL
       0.424   -0.0216153    -0.015555     0.331101
  -0.0216153        0.048    0.0153453 -0.000942505
   -0.015555    0.0153453         0.06    0.0140011
    0.331101 -0.000942505    0.0140011        0.468
IMAGINARY
          0  -0.0164942   0.0258047  -0.0242954
  0.0164942           0  0.00775592  0.00913808
 -0.0258047 -0.00775592           0  -0.0349671
  0.0242954 -0.00913808   0.0349671           0
EndNode1[0]<--->Repeater1[0]
REAL
  0.419355    0.01575 -0.0110577   0.344662
   0.01575  0.0464516 0.00424991  0.0142587
-0.0110577 0.00424991  0.0593548 -0.0176707
  0.344662  0.0142587 -0.0176707   0.474839
IMAGINARY
          0   0.0416624  -0.0172885 -0.00532578
 -0.0416624           0  -0.0274497   -0.036122
  0.0172885   0.0274497           0 -0.00112181
 0.00532578    0.036122  0.00112181           0
EndNode2[0]<--->HoM1[0]
REAL
   0.438257 -0.00385304  -0.0179673    0.338482
-0.00385304    0.059322   0.0129328   0.0108918
 -0.0179673   0.0129328   0.0472155  0.00149455
   0.338482   0.0108918  0.00149455    0.455206
IMAGINARY
          0 -0.00370385  0.00412862 -0.00418441
 0.00370385           0   0.0067551 -0.00275499
-0.00412862  -0.0067551           0   0.0009566
 0.00418441  0.00275499  -0.0009566           0
Repeater1[0]<--->EndNode1[0]
REAL
  0.419355 -0.0110577    0.01575   0.344662
-0.0110577  0.0593548 0.00424991 -0.0176707
   0.01575 0.00424991  0.0464516  0.0142587
  0.344662 -0.0176707  0.0142587   0.474839
IMAGINARY
          0  -0.0172885   0.0416624 -0.00532578
  0.0172885           0   0.0274497 -0.00112181
 -0.0416624  -0.0274497           0   -0.036122
 0.00532578  0.00112181    0.036122           0
Repeater1[0]<--->HoM1[0]
REAL
   0.438257  -0.0179673 -0.00385304    0.338482
 -0.0179673   0.0472155   0.0129328  0.00149455
-0.00385304   0.0129328    0.059322   0.0108918
   0.338482  0.00149455   0.0108918    0.455206
IMAGINARY
          0  0.00412862 -0.00370385 -0.00418441
-0.00412862           0  -0.0067551   0.0009566
 0.00370385   0.0067551           0 -0.00275499
 0.00418441  -0.0009566  0.00275499           0
EndNode1[0]<--->Repeater1[0]
REAL
   0.401316  -0.0158573 -0.00627126    0.335676
 -0.0158573   0.0684211   0.0122927  -0.0140433
-0.00627126   0.0122927   0.0473684 -0.00969969
   0.335676  -0.0140433 -0.00969969    0.482895
IMAGINARY
          0  -0.0204946 -0.00668426   0.0143362
  0.0204946           0  -0.0156117   0.0104156
 0.00668426   0.0156117           0  0.00183789
 -0.0143362  -0.0104156 -0.00183789           0
EndNode2[0]<--->HoM1[0]
REAL
   0.452229 -0.00652226  0.00643038    0.339385
-0.00652226   0.0433121   0.0202213   -0.012588
 0.00643038   0.0202213   0.0598726 -0.00456148
   0.339385   -0.012588 -0.00456148    0.444586
IMAGINARY
          0   0.0205013 -0.00933727  -0.0129858
 -0.0205013           0    -0.01361 -0.00483277
 0.00933727     0.01361           0  0.00986304
  0.0129858  0.00483277 -0.00986304           0
Repeater1[0]<--->EndNode1[0]
REAL
   0.401316 -0.00627126  -0.0158573    0.335676
-0.00627126   0.0473684   0.0122927 -0.00969969
 -0.0158573   0.0122927   0.0684211  -0.0140433
   0.335676 -0.00969969  -0.0140433    0.482895
IMAGINARY
          0 -0.00668426  -0.0204946   0.0143362
 0.00668426           0   0.0156117  0.00183789
  0.0204946  -0.0156117           0   0.0104156
 -0.0143362 -0.00183789  -0.0104156           0
Repeater1[0]<--->HoM1[0]
REAL
   0.452229  0.00643038 -0.00652226    0.339385
 0.00643038   0.0598726   0.0202213 -0.00456148
-0.00652226   0.0202213   0.0433121   -0.012588
   0.339385 -0.00456148   -0.012588    0.444586
IMAGINARY
          0 -0.00933727   0.0205013  -0.0129858
 0.00933727           0     0.01361  0.00986304
 -0.0205013    -0.01361           0 -0.00483277
  0.0129858 -0.00986304  0.00483277           0
EndNode1[0]<--->Repeater1[0]
REAL
  0.420573 0.00660796  0.0218176   0.338076
0.00660796  0.0572917  0.0091288  0.0048905
 0.0218176  0.0091288  0.0416667 0.00146657
  0.338076  0.0048905 0.00146657   0.480469
IMAGINARY
          0  0.00825134  -0.0103787 -0.00618086
-0.00825134           0 -0.00367459  -0.0198844
  0.0103787  0.00367459           0   0.0114855
 0.00618086   0.0198844  -0.0114855           0
EndNode2[0]<--->HoM1[0]
REAL
   0.456094  -0.0156514  -0.0200319    0.354311
 -0.0156514   0.0563565   0.0139752 -0.00170726
 -0.0200319   0.0139752    0.051114 0.000306089
   0.354311 -0.00170726 0.000306089    0.436435
IMAGINARY
          0   0.0147667  -0.0300469  0.00901938
 -0.0147667           0 -0.00715138  0.00543701
  0.0300469  0.00715138           0  -0.0057631
-0.00901938 -0.00543701   0.0057631           0
Repeater1[0]<--->EndNode1[0]
REAL
  0.420573  0.0218176 0.00660796   0.338076
 0.0218176  0.0416667  0.0091288 0.00146657
0.00660796  0.0091288  0.0572917  0.0048905
  0.338076 0.00146657  0.0048905   0.480469
IMAGINARY
          0  -0.0103787  0.00825134 -0.00618086
  0.0103787           0  0.00367459   0.0114855
-0.00825134 -0.00367459           0  -0.0198844
 0.00618086  -0.0114855   0.0198844           0
Repeater1[0]<--->HoM1[0]
REAL
   0.456094  -0.0200319  -0.0156514    0.354311
 -0.0200319    0.051114   0.0139752 0.000306089
 -0.0156514   0.0139752   0.0563565 -0.00170726
   0.354311 0.000306089 -0.00170726    0.436435
IMAGINARY
          0  -0.0300469   0.0147667  0.00901938
  0.0300469           0  0.00715138  -0.0057631
 -0.0147667 -0.00715138           0  0.00543701
-0.00901938   0.0057631 -0.00543701           0
EndNode1[0]<--->Repeater1[0]
REAL
  0.446097 0.00994572  0.0254401   0.340138
0.00994572  0.0483271  0.0246543  0.0153899
 0.0254401  0.0246543  0.0557621   0.032223
  0.340138  0.0153899   0.032223   0.449814
IMAGINARY
          0  0.00536181 -4.7086e-05  0.00303975
-0.00536181           0   0.0309653   -0.012211
 4.7086e-05  -0.0309653           0   0.0107672
-0.00303975    0.012211  -0.0107672           0
EndNode2[0]<--->HoM1[0]
REAL
   0.491358 -0.00777282 -0.00609836    0.335175
-0.00777282   0.0469136 -0.00793695 -0.00209836
-0.00609836 -0.00793695   0.0592593  0.00588127
   0.335175 -0.00209836  0.00588127    0.402469
IMAGINARY
           0   -0.0216512    0.0195115  -0.00412569
   0.0216512            0   -0.0016068 -0.000378804
  -0.0195115    0.0016068            0   0.00379407
  0.00412569  0.000378804  -0.00379407            0
Repeater1[0]<--->EndNode1[0]
REAL
  0.446097  0.0254401 0.00994572   0.340138
 0.0254401  0.0557621  0.0246543   0.032223
0.00994572  0.0246543  0.0483271  0.0153899
  0.340138   0.032223  0.0153899   0.449814
IMAGINARY
          0 -4.7086e-05  0.00536181  0.00303975
 4.7086e-05           0  -0.0309653   0.0107672
-0.00536181   0.0309653           0   -0.012211
-0.00303975  -0.0107672    0.012211           0
Repeater1[0]<--->HoM1[0]
REAL
   0.491358 -0.00609836 -0.00777282    0.335175
-0.00609836   0.0592593 -0.00793695  0.00588127
-0.00777282 -0.00793695   0.0469136 -0.00209836
   0.335175  0.00588127 -0.00209836    0.402469
IMAGINARY
           0    0.0195115   -0.0216512  -0.00412569
  -0.0195115            0    0.0016068   0.00379407
   0.0216512   -0.0016068            0 -0.000378804
  0.00412569  -0.00379407  0.000378804            0
EndNode1[0]<--->Repeater1[0]
REAL
    0.470434  -0.00518723   -0.0122584     0.327334
 -0.00518723     0.064389    0.0144304 -6.32691e-05
  -0.0122584    0.0144304    0.0578187   -0.0045404
    0.327334 -6.32691e-05   -0.0045404     0.407359
IMAGINARY
           0   -0.0144815    0.0165632  0.000939274
   0.0144815            0  -0.00154829   -0.0120471
  -0.0165632   0.00154829            0  -0.00680884
-0.000939274    0.0120471   0.00680884            0
EndNode2[0]<--->HoM1[0]
REAL
    0.46303 -0.00560975  -0.0105384    0.343656
-0.00560975   0.0569697  -0.0113577  -0.0112007
 -0.0105384  -0.0113577   0.0448485 -0.00494925
   0.343656  -0.0112007 -0.00494925    0.435152
IMAGINARY
           0     0.014522   -0.0124404   0.00794369
   -0.014522            0   0.00349642  -0.00381974
   0.0124404  -0.00349642            0  0.000383166
 -0.00794369   0.00381974 -0.000383166            0
Repeater1[0]<--->EndNode1[0]
REAL
    0.470434   -0.0122584  -0.00518723     0.327334
  -0.0122584    0.0578187    0.0144304   -0.0045404
 -0.00518723    0.0144304     0.064389 -6.32691e-05
    0.327334   -0.0045404 -6.32691e-05     0.407359
IMAGINARY
           0    0.0165632   -0.0144815  0.000939274
  -0.0165632            0   0.00154829  -0.00680884
   0.0144815  -0.00154829            0   -0.0120471
-0.000939274   0.00680884    0.0120471            0
Repeater1[0]<--->HoM1[0]
REAL
    0.46303  -0.0105384 -0.00560975    0.343656
 -0.0105384   0.0448485  -0.0113577 -0.00494925
-0.00560975  -0.0113577   0.0569697  -0.0112007
   0.343656 -0.00494925  -0.0112007    0.435152
IMAGINARY
           0   -0.0124404     0.014522   0.00794369
   0.0124404            0  -0.00349642  0.000383166
   -0.014522   0.00349642            0  -0.00381974
 -0.00794369 -0.000383166   0.00381974            0
EndNode1[0]<--->Repeater1[0]
REAL
   0.486076 -0.00811973   0.0042707    0.343795
-0.00811973   0.0455696   0.0240805  -0.0042707
  0.0042707   0.0240805   0.0405063 -0.00742432
   0.343795  -0.0042707 -0.00742432    0.427848
IMAGINARY
          0 -0.00813388  0.00682971 -0.00331981
 0.00813388           0  -0.0271908  0.00808599
-0.00682971   0.0271908           0   -0.021049
 0.00331981 -0.00808599    0.021049           0
EndNode2[0]<--->HoM1[0]
REAL
    0.44106 -0.00999356   -0.012226    0.342498
-0.00999356   0.0556291   0.0229106 -0.00223936
  -0.012226   0.0229106   0.0476821  0.00181746
   0.342498 -0.00223936  0.00181746    0.455629
IMAGINARY
          0  0.00503473  0.00546641 -0.00588482
-0.00503473           0 -0.00150434   0.0215954
-0.00546641  0.00150434           0 -0.00116875
 0.00588482  -0.0215954  0.00116875           0
Repeater1[0]<--->EndNode1[0]
REAL
   0.486076   0.0042707 -0.00811973    0.343795
  0.0042707   0.0405063   0.0240805 -0.00742432
-0.00811973   0.0240805   0.0455696  -0.0042707
   0.343795 -0.00742432  -0.0042707    0.427848
IMAGINARY
          0  0.00682971 -0.00813388 -0.00331981
-0.00682971           0   0.0271908   -0.021049
 0.00813388  -0.0271908           0  0.00808599
 0.00331981    0.021049 -0.00808599           0
Repeater1[0]<--->HoM1[0]
REAL
    0.44106   -0.012226 -0.00999356    0.342498
  -0.012226   0.0476821   0.0229106  0.00181746
-0.00999356   0.0229106   0.0556291 -0.00223936
   0.342498  0.00181746 -0.00223936    0.455629
IMAGINARY
          0  0.00546641  0.00503473 -0.00588482
-0.00546641           0  0.00150434 -0.00116875
-0.00503473 -0.00150434           0   0.0215954
 0.00588482  0.00116875  -0.0215954           0
EndNode1[0]<--->Repeater1[0]
REAL
    0.42629 -0.00103069  -0.0160773    0.337349
-0.00103069   0.0528256   0.0220884   0.0247788
 -0.0160773   0.0220884   0.0601966 -0.00231603
   0.337349   0.0247788 -0.00231603    0.460688
IMAGINARY
           0 -0.000276816   -0.0171047   0.00920047
 0.000276816            0    0.0135268   -0.0183705
   0.0171047   -0.0135268            0    0.0170104
 -0.00920047    0.0183705   -0.0170104            0
EndNode2[0]<--->HoM1[0]
REAL
    0.454994    0.0112794 -0.000435296     0.337008
   0.0112794    0.0628853   -0.0123069    0.0143795
-0.000435296   -0.0123069    0.0554871    0.0079769
    0.337008    0.0143795    0.0079769     0.426634
IMAGINARY
           0   -0.0139281     0.028499    0.0127167
   0.0139281            0    -0.010126  0.000268129
   -0.028499     0.010126            0  -0.00114038
  -0.0127167 -0.000268129   0.00114038            0
Repeater1[0]<--->EndNode1[0]
REAL
    0.42629  -0.0160773 -0.00103069    0.337349
 -0.0160773   0.0601966   0.0220884 -0.00231603
-0.00103069   0.0220884   0.0528256   0.0247788
   0.337349 -0.00231603   0.0247788    0.460688
IMAGINARY
           0   -0.0171047 -0.000276816   0.00920047
   0.0171047            0   -0.0135268    0.0170104
 0.000276816    0.0135268            0   -0.0183705
 -0.00920047   -0.0170104    0.0183705            0
Repeater1[0]<--->HoM1[0]
REAL
    0.454994 -0.000435296    0.0112794     0.337008
-0.000435296    0.0554871   -0.0123069    0.0079769
   0.0112794   -0.0123069    0.0628853    0.0143795
    0.337008    0.0079769    0.0143795     0.426634
IMAGINARY
           0     0.028499   -0.0139281    0.0127167
   -0.028499            0     0.010126  -0.00114038
   0.0139281    -0.010126            0  0.000268129
  -0.0127167   0.00114038 -0.000268129            0
EndNode1[0]<--->Repeater1[0]
REAL
    0.466667 -5.37088e-05   0.00689576     0.331085
-5.37088e-05    0.0461538  0.000773763   -0.0125848
  0.00689576  0.000773763    0.0615385   0.00321427
    0.331085   -0.0125848   0.00321427     0.425641
IMAGINARY
          0  0.00222239 -0.00487079 -0.00792046
-0.00222239           0  -0.0103185 -0.00549191
 0.00487079   0.0103185           0   0.0120263
 0.00792046  0.00549191  -0.0120263           0
EndNode2[0]<--->HoM1[0]
REAL
    0.439589 -0.000475176    0.0151606     0.346482
-0.000475176    0.0526992    0.0232497  0.000803593
   0.0151606    0.0232497    0.0732648    0.0138851
    0.346482  0.000803593    0.0138851     0.434447
IMAGINARY
          0  0.00212617  -0.0139016 -0.00473091
-0.00212617           0  0.00723718  -0.0189267
  0.0139016 -0.00723718           0   0.0130253
 0.00473091   0.0189267  -0.0130253           0
Repeater1[0]<--->EndNode1[0]
REAL
    0.466667   0.00689576 -5.37088e-05     0.331085
  0.00689576    0.0615385  0.000773763   0.00321427
-5.37088e-05  0.000773763    0.0461538   -0.0125848
    0.331085   0.00321427   -0.0125848     0.425641
IMAGINARY
          0 -0.00487079  0.00222239 -0.00792046
 0.00487079           0   0.0103185   0.0120263
-0.00222239  -0.0103185           0 -0.00549191
 0.00792046  -0.0120263  0.00549191           0
Repeater1[0]<--->HoM1[0]
REAL
    0.439589    0.0151606 -0.000475176     0.346482
   0.0151606    0.0732648    0.0232497    0.0138851
-0.000475176    0.0232497    0.0526992  0.000803593
    0.346482    0.0138851  0.000803593     0.434447
IMAGINARY
          0  -0.0139016  0.00212617 -0.00473091
  0.0139016           0 -0.00723718   0.0130253
-0.00212617  0.00723718           0  -0.0189267
 0.00473091  -0.0130253   0.0189267           0
EndNode1[0]<--->Repeater1[0]
REAL
   0.475594 -0.00387543 -0.00666477    0.335597
-0.00387543   0.0475594   0.0187477  0.00605277
-0.00666477   0.0187477    0.057572   0.0118314
   0.335597  0.00605277   0.0118314    0.419274
IMAGINARY
          0  -0.0150546 -0.00524176  0.00726541
  0.0150546           0  -0.0172788   0.0119573
 0.00524176   0.0172788           0   0.0132231
-0.00726541  -0.0119573  -0.0132231           0
EndNode2[0]<--->HoM1[0]
REAL
   0.443106 0.000403467  -0.0146924     0.35086
0.000403467   0.0522088  0.00743927 -0.00352619
 -0.0146924  0.00743927    0.038822  -0.0253697
    0.35086 -0.00352619  -0.0253697    0.465863
IMAGINARY
          0   0.0283916  -0.0112687   0.0175159
 -0.0283916           0   0.0175159  -0.0150471
  0.0112687  -0.0175159           0  0.00187155
 -0.0175159   0.0150471 -0.00187155           0
Repeater1[0]<--->EndNode1[0]
REAL
   0.475594 -0.00666477 -0.00387543    0.335597
-0.00666477    0.057572   0.0187477   0.0118314
-0.00387543   0.0187477   0.0475594  0.00605277
   0.335597   0.0118314  0.00605277    0.419274
IMAGINARY
          0 -0.00524176  -0.0150546  0.00726541
 0.00524176           0   0.0172788   0.0132231
  0.0150546  -0.0172788           0   0.0119573
-0.00726541  -0.0132231  -0.0119573           0
Repeater1[0]<--->HoM1[0]
REAL
   0.443106  -0.0146924 0.000403467     0.35086
 -0.0146924    0.038822  0.00743927  -0.0253697
0.000403467  0.00743927   0.0522088 -0.00352619
    0.35086  -0.0253697 -0.00352619    0.465863
IMAGINARY
          0  -0.0112687   0.0283916   0.0175159
  0.0112687           0  -0.0175159  0.00187155
 -0.0283916   0.0175159           0  -0.0150471
 -0.0175159 -0.00187155   0.0150471           0
EndNode1[0]<--->Repeater1[0]
REAL
    0.431267   0.00151051    0.0140345      0.33808
  0.00151051    0.0660377    0.0138757 -6.80418e-05
   0.0140345    0.0138757    0.0512129   0.00966268
     0.33808 -6.80418e-05   0.00966268     0.451482
IMAGINARY
          0  -0.0259218   0.0182615  0.00420555
  0.0259218           0  -0.0231104  0.00657926
 -0.0182615   0.0231104           0 -0.00401454
-0.00420555 -0.00657926  0.00401454           0
EndNode2[0]<--->HoM1[0]
REAL
   0.450777  0.00481081 -0.00972642    0.328446
 0.00481081   0.0388601   0.0240131   0.0242283
-0.00972642   0.0240131   0.0505181   0.0134742
   0.328446   0.0242283   0.0134742    0.459845
IMAGINARY
          0  -0.0042959 -0.00222251   0.0139812
  0.0042959           0   0.0115481 -0.00755585
 0.00222251  -0.0115481           0 -0.00157111
 -0.0139812  0.00755585  0.00157111           0
Repeater1[0]<--->EndNode1[0]
REAL
    0.431267    0.0140345   0.00151051      0.33808
   0.0140345    0.0512129    0.0138757   0.00966268
  0.00151051    0.0138757    0.0660377 -6.80418e-05
     0.33808   0.00966268 -6.80418e-05     0.451482
IMAGINARY
          0   0.0182615  -0.0259218  0.00420555
 -0.0182615           0   0.0231104 -0.00401454
  0.0259218  -0.0231104           0  0.00657926
-0.00420555  0.00401454 -0.00657926           0
Repeater1[0]<--->HoM1[0]
REAL
   0.450777 -0.00972642  0.00481081    0.328446
-0.00972642   0.0505181   0.0240131   0.0134742
 0.00481081   0.0240131   0.0388601   0.0242283
   0.328446   0.0134742   0.0242283    0.459845
IMAGINARY
          0 -0.00222251  -0.0042959   0.0139812
 0.00222251           0  -0.0115481 -0.00157111
  0.0042959   0.0115481           0 -0.00755585
 -0.0139812  0.00157111  0.00755585           0
EndNode1[0]<--->Repeater1[0]
REAL
   0.435463  -0.0169443 -0.00979112    0.338727
 -0.0169443   0.0573664 0.000698709 -0.00979112
-0.00979112 0.000698709   0.0482399  -0.0117763
   0.338727 -0.00979112  -0.0117763    0.458931
IMAGINARY
          0 -0.00764982  -0.0014342  0.00815673
 0.00764982           0   0.0100724   0.0108239
  0.0014342  -0.0100724           0  0.00999724
-0.00815673  -0.0108239 -0.00999724           0
EndNode2[0]<--->HoM1[0]
REAL
   0.436582 -0.00198021  0.00466667    0.332292
-0.00198021   0.0534045  0.00735472 -0.00466667
 0.00466667  0.00735472    0.046729   0.0259701
   0.332292 -0.00466667   0.0259701    0.463284
IMAGINARY
          0  0.00209365  0.00531441   -0.012627
-0.00209365           0  0.00928025  -0.0166494
-0.00531441 -0.00928025           0 -0.00713144
   0.012627   0.0166494  0.00713144           0
Repeater1[0]<--->EndNode1[0]
REAL
   0.435463 -0.00979112  -0.0169443    0.338727
-0.00979112   0.0482399 0.000698709  -0.0117763
 -0.0169443 0.000698709   0.0573664 -0.00979112
   0.338727  -0.0117763 -0.00979112    0.458931
IMAGINARY
          0  -0.0014342 -0.00764982  0.00815673
  0.0014342           0  -0.0100724  0.00999724
 0.00764982   0.0100724           0   0.0108239
-0.00815673 -0.00999724  -0.0108239           0
Repeater1[0]<--->HoM1[0]
REAL
   0.436582  0.00466667 -0.00198021    0.332292
 0.00466667    0.046729  0.00735472   0.0259701
-0.00198021  0.00735472   0.0534045 -0.00466667
   0.332292   0.0259701 -0.00466667    0.463284
IMAGINARY
          0  0.00531441  0.00209365   -0.012627
-0.00531441           0 -0.00928025 -0.00713144
-0.00209365  0.00928025           0  -0.0166494
   0.012627  0.00713144   0.0166494           0
EndNode1[0]<--->Repeater1[0]
REAL
    0.43354  0.00500389  0.00498268    0.346731
 0.00500389   0.0608696 0.000577645  0.00565562
 0.00498268 0.000577645   0.0621118  0.00563441
   0.346731  0.00565562  0.00563441    0.443478
IMAGINARY
          0   0.0236935  -0.0117131 -0.00223778
 -0.0236935           0  0.00157902  -0.0190562
  0.0117131 -0.00157902           0   0.0173322
 0.00223778   0.0190562  -0.0173322           0
EndNode2[0]<--->HoM1[0]
REAL
   0.473615   -0.024037   0.0123061    0.333469
  -0.024037   0.0593668    0.010243  -0.0239056
  0.0123061    0.010243   0.0514512 -0.00709851
   0.333469  -0.0239056 -0.00709851    0.415567
IMAGINARY
          0   0.0317864 -0.00772085 -0.00303435
 -0.0317864           0  0.00366806  -0.0109888
 0.00772085 -0.00366806           0   0.0191813
 0.00303435   0.0109888  -0.0191813           0
Repeater1[0]<--->EndNode1[0]
REAL
    0.43354  0.00498268  0.00500389    0.346731
 0.00498268   0.0621118 0.000577645  0.00563441
 0.00500389 0.000577645   0.0608696  0.00565562
   0.346731  0.00563441  0.00565562    0.443478
IMAGINARY
          0  -0.0117131   0.0236935 -0.00223778
  0.0117131           0 -0.00157902   0.0173322
 -0.0236935  0.00157902           0  -0.0190562
 0.00223778  -0.0173322   0.0190562           0
Repeater1[0]<--->HoM1[0]
REAL
   0.473615   0.0123061   -0.024037    0.333469
  0.0123061   0.0514512    0.010243 -0.00709851
  -0.024037    0.010243   0.0593668  -0.0239056
   0.333469 -0.00709851  -0.0239056    0.415567
IMAGINARY
          0 -0.00772085   0.0317864 -0.00303435
 0.00772085           0 -0.00366806   0.0191813
 -0.0317864  0.00366806           0  -0.0109888
 0.00303435  -0.0191813   0.0109888           0
EndNode1[0]<--->Repeater1[0]
REAL
   0.450249  0.00812302      0.0306    0.341371
 0.00812302   0.0472637   0.0152284   0.0023949
     0.0306   0.0152284   0.0485075 0.000760232
   0.341371   0.0023949 0.000760232     0.45398
IMAGINARY
          0   0.0177972  0.00391548 -0.00615278
 -0.0177972           0  0.00989343  0.00116066
-0.00391548 -0.00989343           0 -0.00637585
 0.00615278 -0.00116066  0.00637585           0
EndNode2[0]<--->HoM1[0]
REAL
   0.433162  -0.0023035  -0.0295822    0.347476
 -0.0023035    0.059126   0.0141427 -0.00958225
 -0.0295822   0.0141427   0.0526992  -0.0211952
   0.347476 -0.00958225  -0.0211952    0.455013
IMAGINARY
          0  0.00113519  -0.0115196   0.0026473
-0.00113519           0  -0.0136434 -0.00563725
  0.0115196   0.0136434           0  0.00376677
 -0.0026473  0.00563725 -0.00376677           0
Repeater1[0]<--->EndNode1[0]
REAL
   0.450249      0.0306  0.00812302    0.341371
     0.0306   0.0485075   0.0152284 0.000760232
 0.00812302   0.0152284   0.0472637   0.0023949
   0.341371 0.000760232   0.0023949     0.45398
IMAGINARY
          0  0.00391548   0.0177972 -0.00615278
-0.00391548           0 -0.00989343 -0.00637585
 -0.0177972  0.00989343           0  0.00116066
 0.00615278  0.00637585 -0.00116066           0
Repeater1[0]<--->HoM1[0]
REAL
   0.433162  -0.0295822  -0.0023035    0.347476
 -0.0295822   0.0526992   0.0141427  -0.0211952
 -0.0023035   0.0141427    0.059126 -0.00958225
   0.347476  -0.0211952 -0.00958225    0.455013
IMAGINARY
          0  -0.0115196  0.00113519   0.0026473
  0.0115196           0   0.0136434  0.00376677
-0.00113519  -0.0136434           0 -0.00563725
 -0.0026473 -0.00376677  0.00563725           0
EndNode1[0]<--->Repeater1[0]
REAL
   0.460338   0.0205376 -0.00180685    0.339877
  0.0205376   0.0481144  0.00936888   0.0055757
-0.00180685  0.00936888   0.0585176  -0.0142562
   0.339877   0.0055757  -0.0142562     0.43303
IMAGINARY
          0   0.0284974 -0.00694871  0.00386933
 -0.0284974           0 -0.00129863   0.0102082
 0.00694871  0.00129863           0  0.00474901
-0.00386933  -0.0102082 -0.00474901           0
EndNode2[0]<--->HoM1[0]
REAL
    0.480432   0.00876118 -0.000640915     0.339702
  0.00876118    0.0445344    0.0146023 -2.13365e-05
-0.000640915    0.0146023    0.0472335  -0.00412542
    0.339702 -2.13365e-05  -0.00412542       0.4278
IMAGINARY
          0   0.0084014  -0.0087383  -0.0019134
 -0.0084014           0  -0.0122666  0.00540052
  0.0087383   0.0122666           0   0.0149631
  0.0019134 -0.00540052  -0.0149631           0
Repeater1[0]<--->EndNode1[0]
REAL
   0.460338 -0.00180685   0.0205376    0.339877
-0.00180685   0.0585176  0.00936888  -0.0142562
  0.0205376  0.00936888   0.0481144   0.0055757
   0.339877  -0.0142562   0.0055757     0.43303
IMAGINARY
          0 -0.00694871   0.0284974  0.00386933
 0.00694871           0  0.00129863  0.00474901
 -0.0284974 -0.00129863           0   0.0102082
-0.00386933 -0.00474901  -0.0102082           0
Repeater1[0]<--->HoM1[0]
REAL
    0.480432 -0.000640915   0.00876118     0.339702
-0.000640915    0.0472335    0.0146023  -0.00412542
  0.00876118    0.0146023    0.0445344 -2.13365e-05
    0.339702  -0.00412542 -2.13365e-05       0.4278
IMAGINARY
          0  -0.0087383   0.0084014  -0.0019134
  0.0087383           0   0.0122666   0.0149631
 -0.0084014  -0.0122666           0  0.00540052
  0.0019134  -0.0149631 -0.00540052           0
EndNode1[0]<--->Repeater1[0]
REAL
   0.395141 -0.00228162   0.0133244    0.337508
-0.00228162   0.0780051    0.021684 -0.00224224
  0.0133244    0.021684   0.0537084 -0.00228162
   0.337508 -0.00224224 -0.00228162    0.473146
IMAGINARY
          0   0.0116855  0.00564253  -0.0188063
 -0.0116855           0  0.00941954  -0.0166672
-0.00564253 -0.00941954           0   -0.013631
  0.0188063   0.0166672    0.013631           0
EndNode2[0]<--->HoM1[0]
REAL
   0.417989  -0.0076978 -0.00704591    0.342467
 -0.0076978   0.0608466  0.00635584  -0.0109219
-0.00704591  0.00635584   0.0687831  -0.0127483
   0.342467  -0.0109219  -0.0127483    0.452381
IMAGINARY
          0 -0.00286836  0.00120289   0.0193657
 0.00286836           0  -0.0166919   0.0112971
-0.00120289   0.0166919           0 -0.00407609
 -0.0193657  -0.0112971  0.00407609           0
Repeater1[0]<--->EndNode1[0]
REAL
   0.395141   0.0133244 -0.00228162    0.337508
  0.0133244   0.0537084    0.021684 -0.00228162
-0.00228162    0.021684   0.0780051 -0.00224224
   0.337508 -0.00228162 -0.00224224    0.473146
IMAGINARY
          0  0.00564253   0.0116855  -0.0188063
-0.00564253           0 -0.00941954   -0.013631
 -0.0116855  0.00941954           0  -0.0166672
  0.0188063    0.013631   0.0166672           0
Repeater1[0]<--->HoM1[0]
REAL
   0.417989 -0.00704591  -0.0076978    0.342467
-0.00704591   0.0687831  0.00635584  -0.0127483
 -0.0076978  0.00635584   0.0608466  -0.0109219
   0.342467  -0.0127483  -0.0109219    0.452381
IMAGINARY
          0  0.00120289 -0.00286836   0.0193657
-0.00120289           0   0.0166919 -0.00407609
 0.00286836  -0.0166919           0   0.0112971
 -0.0193657  0.00407609  -0.0112971           0
EndNode1[0]<--->Repeater1[0]
REAL
  0.453003 0.00123586 0.00681523   0.341934
0.00123586  0.0509138  0.0113822 -0.0029887
0.00681523  0.0113822    0.04047  0.0064172
  0.341934 -0.0029887  0.0064172   0.455614
IMAGINARY
           0  6.52727e-05   -0.0109335   0.00840672
-6.52727e-05            0    0.0336985    -0.016666
   0.0109335   -0.0336985            0   -0.0084093
 -0.00840672     0.016666    0.0084093            0
EndNode2[0]<--->HoM1[0]
REAL
