EndNode1[0]<--->Repeater1[0]
REAL
    0.400253 -0.000481602  0.000948317     0.261113
-0.000481602     0.106061   0.00204527  0.000304816
 0.000948317   0.00204527     0.107323   -0.0120497
    0.261113  0.000304816   -0.0120497     0.386364
IMAGINARY
           0  -0.00873389    0.0137821 -0.000711864
  0.00873389            0  -0.00989822   -0.0189635
  -0.0137821   0.00989822            0   0.00614321
 0.000711864    0.0189635  -0.00614321            0
EndNode2[0]<--->HoM1[0]
REAL
   0.394558  -0.0102378 -0.00255438    0.272409
 -0.0102378   0.0843537  -0.0211397 1.63115e-05
-0.00255438  -0.0211397   0.0965986   0.0102378
   0.272409 1.63115e-05   0.0102378     0.42449
IMAGINARY
          0 -0.00705695 -0.00741108 -0.00751417
 0.00705695           0 -0.00999556 -0.00484698
 0.00741108  0.00999556           0  0.00899243
 0.00751417  0.00484698 -0.00899243           0
Repeater1[0]<--->EndNode1[0]
REAL
    0.400253  0.000948317 -0.000481602     0.261113
 0.000948317     0.107323   0.00204527   -0.0120497
-0.000481602   0.00204527     0.106061  0.000304816
    0.261113   -0.0120497  0.000304816     0.386364
IMAGINARY
           0    0.0137821  -0.00873389 -0.000711864
  -0.0137821            0   0.00989822   0.00614321
  0.00873389  -0.00989822            0   -0.0189635
 0.000711864  -0.00614321    0.0189635            0
Repeater1[0]<--->HoM1[0]
REAL
   0.394558 -0.00255438  -0.0102378    0.272409
-0.00255438   0.0965986  -0.0211397   0.0102378
 -0.0102378  -0.0211397   0.0843537 1.63115e-05
   0.272409   0.0102378 1.63115e-05     0.42449
IMAGINARY
          0 -0.00741108 -0.00705695 -0.00751417
 0.00741108           0  0.00999556  0.00899243
 0.00705695 -0.00999556           0 -0.00484698
 0.00751417 -0.00899243  0.00484698           0
EndNode1[0]<--->Repeater1[0]
REAL
   0.441176 -0.00862402  0.00553383    0.270464
-0.00862402   0.0935829  0.00249472 -0.00808485
 0.00553383  0.00249472   0.0868984 -0.00413108
   0.270464 -0.00808485 -0.00413108    0.378342
IMAGINARY
         0  0.0114361  0.0105788  -0.011543
-0.0114361          0 -0.0177158 -0.0137314
-0.0105788  0.0177158          0 -0.0057614
  0.011543  0.0137314  0.0057614          0
EndNode2[0]<--->HoM1[0]
REAL
   0.419098   0.0107639 -0.00551579    0.257025
  0.0107639   0.0755968  0.00276661  0.00159934
-0.00551579  0.00276661   0.0795756 0.000985495
   0.257025  0.00159934 0.000985495    0.425729
IMAGINARY
          0  0.00479961  0.00947103  0.00870899
-0.00479961           0    0.019291 -0.00460485
-0.00947103   -0.019291           0 -0.00966579
-0.00870899  0.00460485  0.00966579           0
Repeater1[0]<--->EndNode1[0]
REAL
   0.441176  0.00553383 -0.00862402    0.270464
 0.00553383   0.0868984  0.00249472 -0.00413108
-0.00862402  0.00249472   0.0935829 -0.00808485
   0.270464 -0.00413108 -0.00808485    0.378342
IMAGINARY
         0  0.0105788  0.0114361  -0.011543
-0.0105788          0  0.0177158 -0.0057614
-0.0114361 -0.0177158          0 -0.0137314
  0.011543  0.0057614  0.0137314          0
Repeater1[0]<--->HoM1[0]
REAL
   0.419098 -0.00551579   0.0107639    0.257025
-0.00551579   0.0795756  0.00276661 0.000985495
  0.0107639  0.00276661   0.0755968  0.00159934
   0.257025 0.000985495  0.00159934    0.425729
IMAGINARY
          0  0.00947103  0.00479961  0.00870899
-0.00947103           0   -0.019291 -0.00966579
-0.00479961    0.019291           0 -0.00460485
-0.00870899  0.00966579  0.00460485           0
EndNode1[0]<--->Repeater1[0]
REAL
   0.391805  0.00384362   0.0195665    0.262321
 0.00384362   0.0896287 -0.00470865 -0.00555916
  0.0195665 -0.00470865   0.0960307  0.00894566
   0.262321 -0.00555916  0.00894566    0.422535
IMAGINARY
          0  0.00511675    0.026803  -0.0252999
-0.00511675           0  -0.0110512  0.00725696
  -0.026803   0.0110512           0  -0.0214655
  0.0252999 -0.00725696   0.0214655           0
EndNode2[0]<--->HoM1[0]
REAL
   0.384412  -0.0150606  0.00987709    0.276359
 -0.0150606   0.0951123  0.00722314 7.31636e-05
 0.00987709  0.00722314   0.0977543   0.0175481
   0.276359 7.31636e-05   0.0175481    0.422721
IMAGINARY
          0  0.00568584 -0.00330009 -0.00759377
-0.00568584           0 -0.00824907  0.00823837
 0.00330009  0.00824907           0 -0.00938954
 0.00759377 -0.00823837  0.00938954           0
Repeater1[0]<--->EndNode1[0]
REAL
   0.391805   0.0195665  0.00384362    0.262321
  0.0195665   0.0960307 -0.00470865  0.00894566
 0.00384362 -0.00470865   0.0896287 -0.00555916
   0.262321  0.00894566 -0.00555916    0.422535
IMAGINARY
          0    0.026803  0.00511675  -0.0252999
  -0.026803           0   0.0110512  -0.0214655
-0.00511675  -0.0110512           0  0.00725696
  0.0252999   0.0214655 -0.00725696           0
Repeater1[0]<--->HoM1[0]
REAL
   0.384412  0.00987709  -0.0150606    0.276359
 0.00987709   0.0977543  0.00722314   0.0175481
 -0.0150606  0.00722314   0.0951123 7.31636e-05
   0.276359   0.0175481 7.31636e-05    0.422721
IMAGINARY
          0 -0.00330009  0.00568584 -0.00759377
 0.00330009           0  0.00824907 -0.00938954
-0.00568584 -0.00824907           0  0.00823837
 0.00759377  0.00938954 -0.00823837           0
EndNode1[0]<--->Repeater1[0]
REAL
   0.416456  -0.0132434  0.00088835    0.266454
 -0.0132434   0.0721519   0.0210774 -0.00852194
 0.00088835   0.0210774         0.1  0.00942662
   0.266454 -0.00852194  0.00942662    0.411392
IMAGINARY
          0   0.0132162   0.0022515  -0.0158482
 -0.0132162           0   0.0106669 -0.00723017
 -0.0022515  -0.0106669           0  0.00740972
  0.0158482  0.00723017 -0.00740972           0
EndNode2[0]<--->HoM1[0]
REAL
   0.396705 -0.00704392   0.0132624    0.265092
-0.00704392   0.0912548   0.0117047 -0.00380462
  0.0132624   0.0117047    0.108999 0.000108229
   0.265092 -0.00380462 0.000108229    0.403042
IMAGINARY
          0  0.00387058  -0.0115638 -0.00360213
-0.00387058           0  -0.0124854  -0.0128264
  0.0115638   0.0124854           0   0.0123896
 0.00360213   0.0128264  -0.0123896           0
Repeater1[0]<--->EndNode1[0]
REAL
   0.416456  0.00088835  -0.0132434    0.266454
 0.00088835         0.1   0.0210774  0.00942662
 -0.0132434   0.0210774   0.0721519 -0.00852194
   0.266454  0.00942662 -0.00852194    0.411392
IMAGINARY
          0   0.0022515   0.0132162  -0.0158482
 -0.0022515           0  -0.0106669  0.00740972
 -0.0132162   0.0106669           0 -0.00723017
  0.0158482 -0.00740972  0.00723017           0
Repeater1[0]<--->HoM1[0]
REAL
   0.396705   0.0132624 -0.00704392    0.265092
  0.0132624    0.108999   0.0117047 0.000108229
-0.00704392   0.0117047   0.0912548 -0.00380462
   0.265092 0.000108229 -0.00380462    0.403042
IMAGINARY
          0  -0.0115638  0.00387058 -0.00360213
  0.0115638           0   0.0124854   0.0123896
-0.00387058  -0.0124854           0  -0.0128264
 0.00360213  -0.0123896   0.0128264           0
EndNode1[0]<--->Repeater1[0]
REAL
   0.422164 -0.00643746   0.0142419    0.255301
-0.00643746   0.0751979  -0.0116766  0.00522123
  0.0142419  -0.0116766   0.0817942  0.00845088
   0.255301  0.00522123  0.00845088    0.420844
IMAGINARY
           0   -0.0169596 -0.000880703    0.0030599
   0.0169596            0   -0.0135862   0.00154648
 0.000880703    0.0135862            0    0.0122992
  -0.0030599  -0.00154648   -0.0122992            0
EndNode2[0]<--->HoM1[0]
REAL
   0.390428 -0.00392551  0.00896372    0.269634
-0.00392551   0.0894207   0.0223368  0.00563482
 0.00896372   0.0223368   0.0793451  -0.0070234
   0.269634  0.00563482  -0.0070234    0.440806
IMAGINARY
           0 -0.000902099    0.0166286    0.0121646
 0.000902099            0   -0.0170907   0.00364163
  -0.0166286    0.0170907            0   -0.0288276
  -0.0121646  -0.00364163    0.0288276            0
Repeater1[0]<--->EndNode1[0]
REAL
   0.422164   0.0142419 -0.00643746    0.255301
  0.0142419   0.0817942  -0.0116766  0.00845088
-0.00643746  -0.0116766   0.0751979  0.00522123
   0.255301  0.00845088  0.00522123    0.420844
IMAGINARY
           0 -0.000880703   -0.0169596    0.0030599
 0.000880703            0    0.0135862    0.0122992
   0.0169596   -0.0135862            0   0.00154648
  -0.0030599   -0.0122992  -0.00154648            0
Repeater1[0]<--->HoM1[0]
REAL
   0.390428  0.00896372 -0.00392551    0.269634
 0.00896372   0.0793451   0.0223368  -0.0070234
-0.00392551   0.0223368   0.0894207  0.00563482
   0.269634  -0.0070234  0.00563482    0.440806
IMAGINARY
           0    0.0166286 -0.000902099    0.0121646
  -0.0166286            0    0.0170907   -0.0288276
 0.000902099   -0.0170907            0   0.00364163
  -0.0121646    0.0288276  -0.00364163            0
EndNode1[0]<--->Repeater1[0]
REAL
   0.406015 -0.00842569 -0.00646643    0.248356
-0.00842569   0.0827068  -0.0130992    0.014622
-0.00646643  -0.0130992   0.0764411  -0.0223146
   0.248356    0.014622  -0.0223146    0.434837
IMAGINARY
          0  -0.0242355  0.00852279   0.0084088
  0.0242355           0 -0.00646831   0.0265176
-0.00852279  0.00646831           0  -0.0094572
 -0.0084088  -0.0265176   0.0094572           0
EndNode2[0]<--->HoM1[0]
REAL
   0.394631  0.00676087   -0.007227    0.249982
 0.00676087   0.0832215 -0.00701535  -0.0157909
  -0.007227 -0.00701535   0.0791946 -0.00803964
   0.249982  -0.0157909 -0.00803964    0.442953
IMAGINARY
           0  -0.00214912     0.017735  0.000749168
  0.00214912            0    0.0139567  -0.00755686
   -0.017735   -0.0139567            0  -0.00930126
-0.000749168   0.00755686   0.00930126            0
Repeater1[0]<--->EndNode1[0]
REAL
   0.406015 -0.00646643 -0.00842569    0.248356
-0.00646643   0.0764411  -0.0130992  -0.0223146
-0.00842569  -0.0130992   0.0827068    0.014622
   0.248356  -0.0223146    0.014622    0.434837
IMAGINARY
          0  0.00852279  -0.0242355   0.0084088
-0.00852279           0  0.00646831  -0.0094572
  0.0242355 -0.00646831           0   0.0265176
 -0.0084088   0.0094572  -0.0265176           0
Repeater1[0]<--->HoM1[0]
REAL
   0.394631   -0.007227  0.00676087    0.249982
  -0.007227   0.0791946 -0.00701535 -0.00803964
 0.00676087 -0.00701535   0.0832215  -0.0157909
   0.249982 -0.00803964  -0.0157909    0.442953
IMAGINARY
           0     0.017735  -0.00214912  0.000749168
   -0.017735            0   -0.0139567  -0.00930126
  0.00214912    0.0139567            0  -0.00755686
-0.000749168   0.00930126   0.00755686            0
EndNode1[0]<--->Repeater1[0]
REAL
  0.382315 -0.0054135 -0.0104389   0.266701
-0.0054135  0.0962289 0.00335198 -0.0122884
-0.0104389 0.00335198  0.0988296  0.0067504
  0.266701 -0.0122884  0.0067504   0.422627
IMAGINARY
          0  0.00888582    -0.01185 -0.00604839
-0.00888582           0  0.00604839  -0.0197034
    0.01185 -0.00604839           0  0.00203651
 0.00604839   0.0197034 -0.00203651           0
EndNode2[0]<--->HoM1[0]
REAL
    0.411528   0.00894418  -0.00458004     0.264898
  0.00894418     0.112601 -0.000566354   0.00903864
 -0.00458004 -0.000566354    0.0938338   0.00188385
    0.264898   0.00903864   0.00188385     0.382038
IMAGINARY
          0  0.00238638 -0.00197866 -0.00966886
-0.00238638           0   0.0176264 -0.00704195
 0.00197866  -0.0176264           0   0.0143662
 0.00966886  0.00704195  -0.0143662           0
Repeater1[0]<--->EndNode1[0]
REAL
  0.382315 -0.0104389 -0.0054135   0.266701
-0.0104389  0.0988296 0.00335198  0.0067504
-0.0054135 0.00335198  0.0962289 -0.0122884
  0.266701  0.0067504 -0.0122884   0.422627
IMAGINARY
          0    -0.01185  0.00888582 -0.00604839
    0.01185           0 -0.00604839  0.00203651
-0.00888582  0.00604839           0  -0.0197034
 0.00604839 -0.00203651   0.0197034           0
Repeater1[0]<--->HoM1[0]
REAL
    0.411528  -0.00458004   0.00894418     0.264898
 -0.00458004    0.0938338 -0.000566354   0.00188385
  0.00894418 -0.000566354     0.112601   0.00903864
    0.264898   0.00188385   0.00903864     0.382038
IMAGINARY
          0 -0.00197866  0.00238638 -0.00966886
 0.00197866           0  -0.0176264   0.0143662
-0.00238638   0.0176264           0 -0.00704195
 0.00966886  -0.0143662  0.00704195           0
EndNode1[0]<--->Repeater1[0]
REAL
 0.394636 0.0341275 0.0171804  0.267947
0.0341275 0.0932312 0.0124768 0.0158884
0.0171804 0.0124768 0.0881226 0.0068778
 0.267947 0.0158884 0.0068778   0.42401
IMAGINARY
           0   0.00726134    0.0135791    0.0109545
 -0.00726134            0   0.00513302   0.00508239
  -0.0135791  -0.00513302            0 -0.000182831
  -0.0109545  -0.00508239  0.000182831            0
EndNode2[0]<--->HoM1[0]
REAL
   0.400264  -0.0068652 -0.00473934    0.288659
 -0.0068652    0.101717  0.00991951 -0.00473934
-0.00473934  0.00991951   0.0937913 -0.00498314
   0.288659 -0.00473934 -0.00498314    0.404227
IMAGINARY
          0  0.00839289  -0.0161436   0.0124879
-0.00839289           0   0.0118222 -0.00177974
  0.0161436  -0.0118222           0  0.00582219
 -0.0124879  0.00177974 -0.00582219           0
Repeater1[0]<--->EndNode1[0]
REAL
 0.394636 0.0171804 0.0341275  0.267947
0.0171804 0.0881226 0.0124768 0.0068778
0.0341275 0.0124768 0.0932312 0.0158884
 0.267947 0.0068778 0.0158884   0.42401
IMAGINARY
           0    0.0135791   0.00726134    0.0109545
  -0.0135791            0  -0.00513302 -0.000182831
 -0.00726134   0.00513302            0   0.00508239
  -0.0109545  0.000182831  -0.00508239            0
Repeater1[0]<--->HoM1[0]
REAL
   0.400264 -0.00473934  -0.0068652    0.288659
-0.00473934   0.0937913  0.00991951 -0.00498314
 -0.0068652  0.00991951    0.101717 -0.00473934
   0.288659 -0.00498314 -0.00473934    0.404227
IMAGINARY
          0  -0.0161436  0.00839289   0.0124879
  0.0161436           0  -0.0118222  0.00582219
-0.00839289   0.0118222           0 -0.00177974
 -0.0124879 -0.00582219  0.00177974           0
EndNode1[0]<--->Repeater1[0]
REAL
   0.391195    0.006729 -0.00570182    0.278741
   0.006729    0.109434   -0.008249  0.00507131
-0.00570182   -0.008249   0.0968553  -0.0124037
   0.278741  0.00507131  -0.0124037    0.402516
IMAGINARY
          0   0.0205748  -0.0166143  -0.0017307
 -0.0205748           0   0.0149582 -0.00379383
  0.0166143  -0.0149582           0  0.00621091
  0.0017307  0.00379383 -0.00621091           0
EndNode2[0]<--->HoM1[0]
REAL
   0.388312 -0.00683951  -0.0226542    0.285754
-0.00683951    0.106494   0.0175248 0.000586138
 -0.0226542   0.0175248   0.0922078  -0.0127065
   0.285754 0.000586138  -0.0127065    0.412987
IMAGINARY
         0  0.0227268 -0.0063244 -0.0070051
-0.0227268          0  0.0141759  0.0115327
 0.0063244 -0.0141759          0  0.0111273
 0.0070051 -0.0115327 -0.0111273          0
Repeater1[0]<--->EndNode1[0]
REAL
   0.391195 -0.00570182    0.006729    0.278741
-0.00570182   0.0968553   -0.008249  -0.0124037
   0.006729   -0.008249    0.109434  0.00507131
   0.278741  -0.0124037  0.00507131    0.402516
IMAGINARY
          0  -0.0166143   0.0205748  -0.0017307
  0.0166143           0  -0.0149582  0.00621091
 -0.0205748   0.0149582           0 -0.00379383
  0.0017307 -0.00621091  0.00379383           0
Repeater1[0]<--->HoM1[0]
REAL
   0.388312  -0.0226542 -0.00683951    0.285754
 -0.0226542   0.0922078   0.0175248  -0.0127065
-0.00683951   0.0175248    0.106494 0.000586138
   0.285754  -0.0127065 0.000586138    0.412987
IMAGINARY
         0 -0.0063244  0.0227268 -0.0070051
 0.0063244          0 -0.0141759  0.0111273
-0.0227268  0.0141759          0  0.0115327
 0.0070051 -0.0111273 -0.0115327          0
EndNode1[0]<--->Repeater1[0]
REAL
   0.422481 0.000509705   0.0126514    0.258065
0.000509705   0.0788114 -0.00969464   0.0166837
  0.0126514 -0.00969464   0.0891473   0.0170913
   0.258065   0.0166837   0.0170913    0.409561
IMAGINARY
          0  0.00588243 -0.00164241  -0.0135006
-0.00588243           0  -0.0055834   -0.014751
 0.00164241   0.0055834           0  0.00777877
  0.0135006    0.014751 -0.00777877           0
EndNode2[0]<--->HoM1[0]
REAL
   0.407928   0.0114075   0.0139977    0.292915
  0.0114075   0.0907928  -0.0177209  0.00409016
  0.0139977  -0.0177209   0.0997442 -0.00623955
   0.292915  0.00409016 -0.00623955    0.401535
IMAGINARY
           0  -0.00775319  -0.00579185   -0.0201041
  0.00775319            0    0.0120296 -4.47247e-05
  0.00579185   -0.0120296            0  -0.00456847
   0.0201041  4.47247e-05   0.00456847            0
Repeater1[0]<--->EndNode1[0]
REAL
   0.422481   0.0126514 0.000509705    0.258065
  0.0126514   0.0891473 -0.00969464   0.0170913
0.000509705 -0.00969464   0.0788114   0.0166837
   0.258065   0.0170913   0.0166837    0.409561
IMAGINARY
          0 -0.00164241  0.00588243  -0.0135006
 0.00164241           0   0.0055834  0.00777877
-0.00588243  -0.0055834           0   -0.014751
  0.0135006 -0.00777877    0.014751           0
Repeater1[0]<--->HoM1[0]
REAL
   0.407928   0.0139977   0.0114075    0.292915
  0.0139977   0.0997442  -0.0177209 -0.00623955
  0.0114075  -0.0177209   0.0907928  0.00409016
   0.292915 -0.00623955  0.00409016    0.401535
IMAGINARY
           0  -0.00579185  -0.00775319   -0.0201041
  0.00579185            0   -0.0120296  -0.00456847
  0.00775319    0.0120296            0 -4.47247e-05
   0.0201041   0.00456847  4.47247e-05            0
EndNode1[0]<--->Repeater1[0]
REAL
   0.438662  -0.0204885  0.00116716    0.271567
 -0.0204885   0.0991326 -0.00368564  -0.0180363
 0.00116716 -0.00368564   0.0879802   0.0198138
   0.271567  -0.0180363   0.0198138    0.374226
IMAGINARY
           0    0.0144413   0.00754751 -0.000957854
  -0.0144413            0  -0.00889436   -0.0365879
 -0.00754751   0.00889436            0    0.0196496
 0.000957854    0.0365879   -0.0196496            0
EndNode2[0]<--->HoM1[0]
REAL
   0.407407  0.00052468  -0.0218804    0.268434
 0.00052468   0.0740741  -0.0108952   0.0128334
 -0.0218804  -0.0108952    0.101509 -0.00354036
   0.268434   0.0128334 -0.00354036     0.41701
IMAGINARY
          0   0.0133788  0.00698324  0.00834651
 -0.0133788           0  0.00641601  0.00698324
-0.00698324 -0.00641601           0  -0.0049989
-0.00834651 -0.00698324   0.0049989           0
Repeater1[0]<--->EndNode1[0]
REAL
   0.438662  0.00116716  -0.0204885    0.271567
 0.00116716   0.0879802 -0.00368564   0.0198138
 -0.0204885 -0.00368564   0.0991326  -0.0180363
   0.271567   0.0198138  -0.0180363    0.374226
IMAGINARY
           0   0.00754751    0.0144413 -0.000957854
 -0.00754751            0   0.00889436    0.0196496
  -0.0144413  -0.00889436            0   -0.0365879
 0.000957854   -0.0196496    0.0365879            0
Repeater1[0]<--->HoM1[0]
REAL
   0.407407  -0.0218804  0.00052468    0.268434
 -0.0218804    0.101509  -0.0108952 -0.00354036
 0.00052468  -0.0108952   0.0740741   0.0128334
   0.268434 -0.00354036   0.0128334     0.41701
IMAGINARY
          0  0.00698324   0.0133788  0.00834651
-0.00698324           0 -0.00641601  -0.0049989
 -0.0133788  0.00641601           0  0.00698324
-0.00834651   0.0049989 -0.00698324           0
EndNode1[0]<--->Repeater1[0]
REAL
  0.395202  -0.026216 -0.0235495   0.286824
 -0.026216  0.0959596 -0.0025098 -0.0254701
-0.0235495 -0.0025098   0.094697 -0.0136532
  0.286824 -0.0254701 -0.0136532   0.414141
IMAGINARY
          0 -0.00514286  0.00786701   0.0164661
 0.00514286           0 -0.00686303 -0.00120035
-0.00786701  0.00686303           0  0.00914286
 -0.0164661  0.00120035 -0.00914286           0
EndNode2[0]<--->HoM1[0]
REAL
   0.406091    0.003663   0.0026275    0.264924
   0.003663    0.072335   -0.013722 -0.00623326
  0.0026275   -0.013722   0.0812183   0.0155678
   0.264924 -0.00623326   0.0155678    0.440355
IMAGINARY
          0  -0.0163746    0.016491    0.024938
  0.0163746           0  0.00137779   0.0238736
  -0.016491 -0.00137779           0  -0.0109692
  -0.024938  -0.0238736   0.0109692           0
Repeater1[0]<--->EndNode1[0]
REAL
  0.395202 -0.0235495  -0.026216   0.286824
-0.0235495   0.094697 -0.0025098 -0.0136532
 -0.026216 -0.0025098  0.0959596 -0.0254701
  0.286824 -0.0136532 -0.0254701   0.414141
IMAGINARY
          0  0.00786701 -0.00514286   0.0164661
-0.00786701           0  0.00686303  0.00914286
 0.00514286 -0.00686303           0 -0.00120035
 -0.0164661 -0.00914286  0.00120035           0
Repeater1[0]<--->HoM1[0]
REAL
   0.406091   0.0026275    0.003663    0.264924
  0.0026275   0.0812183   -0.013722   0.0155678
   0.003663   -0.013722    0.072335 -0.00623326
   0.264924   0.0155678 -0.00623326    0.440355
IMAGINARY
          0    0.016491  -0.0163746    0.024938
  -0.016491           0 -0.00137779  -0.0109692
  0.0163746  0.00137779           0   0.0238736
  -0.024938   0.0109692  -0.0238736           0
EndNode1[0]<--->Repeater1[0]
REAL
   0.404639 -0.00348572   0.0222319    0.271248
-0.00348572   0.0786082 -0.00780703  0.00196164
  0.0222319 -0.00780703     0.10567   0.0249911
   0.271248  0.00196164   0.0249911    0.411082
IMAGINARY
          0  -0.0281193  0.00451471  0.00118416
  0.0281193           0    0.026628 -0.00132186
-0.00451471   -0.026628           0  -0.0223277
-0.00118416  0.00132186   0.0223277           0
EndNode2[0]<--->HoM1[0]
REAL
   0.403183  -0.0093729  0.00890585    0.261196
 -0.0093729   0.0941645 -0.00547074  0.00890585
 0.00890585 -0.00547074   0.0875332   0.0119174
   0.261196  0.00890585   0.0119174    0.415119
IMAGINARY
          0 -0.00137247 -0.00455052 -0.00865048
 0.00137247           0   0.0158778  -0.0236546
 0.00455052  -0.0158778           0   -0.011448
 0.00865048   0.0236546    0.011448           0
Repeater1[0]<--->EndNode1[0]
REAL
   0.404639   0.0222319 -0.00348572    0.271248
  0.0222319     0.10567 -0.00780703   0.0249911
-0.00348572 -0.00780703   0.0786082  0.00196164
   0.271248   0.0249911  0.00196164    0.411082
IMAGINARY
          0  0.00451471  -0.0281193  0.00118416
-0.00451471           0   -0.026628  -0.0223277
  0.0281193    0.026628           0 -0.00132186
-0.00118416   0.0223277  0.00132186           0
Repeater1[0]<--->HoM1[0]
REAL
   0.403183  0.00890585  -0.0093729    0.261196
 0.00890585   0.0875332 -0.00547074   0.0119174
 -0.0093729 -0.00547074   0.0941645  0.00890585
   0.261196   0.0119174  0.00890585    0.415119
IMAGINARY
          0 -0.00455052 -0.00137247 -0.00865048
 0.00455052           0  -0.0158778   -0.011448
 0.00137247   0.0158778           0  -0.0236546
 0.00865048    0.011448   0.0236546           0
EndNode1[0]<--->Repeater1[0]
REAL
    0.40678   0.0306474   0.0169693    0.258005
  0.0306474   0.0859564 -0.00199519  -0.0025462
  0.0169693 -0.00199519    0.094431 -0.00540702
   0.258005  -0.0025462 -0.00540702    0.412833
IMAGINARY
          0 -0.00215196 -0.00571893  0.00687001
 0.00215196           0 -0.00379498  0.00143322
 0.00571893  0.00379498           0  0.00358053
-0.00687001 -0.00143322 -0.00358053           0
EndNode2[0]<--->HoM1[0]
REAL
  0.398568 -0.0049561  0.0160008    0.28052
-0.0049561  0.0930788  0.0176332  -0.012043
 0.0160008  0.0176332  0.0799523 -0.0135136
   0.28052  -0.012043 -0.0135136   0.428401
IMAGINARY
          0 -0.00235901  -0.0141129  -0.0187976
 0.00235901           0  0.00587771   0.0141129
  0.0141129 -0.00587771           0  -0.0131049
  0.0187976  -0.0141129   0.0131049           0
Repeater1[0]<--->EndNode1[0]
REAL
    0.40678   0.0169693   0.0306474    0.258005
  0.0169693    0.094431 -0.00199519 -0.00540702
  0.0306474 -0.00199519   0.0859564  -0.0025462
   0.258005 -0.00540702  -0.0025462    0.412833
IMAGINARY
          0 -0.00571893 -0.00215196  0.00687001
 0.00571893           0  0.00379498  0.00358053
 0.00215196 -0.00379498           0  0.00143322
-0.00687001 -0.00358053 -0.00143322           0
Repeater1[0]<--->HoM1[0]
REAL
  0.398568  0.0160008 -0.0049561    0.28052
 0.0160008  0.0799523  0.0176332 -0.0135136
-0.0049561  0.0176332  0.0930788  -0.012043
   0.28052 -0.0135136  -0.012043   0.428401
IMAGINARY
          0  -0.0141129 -0.00235901  -0.0187976
  0.0141129           0 -0.00587771  -0.0131049
 0.00235901  0.00587771           0   0.0141129
  0.0187976   0.0131049  -0.0141129           0
EndNode1[0]<--->Repeater1[0]
REAL
   0.425693  -0.0152492 -0.00746389    0.271726
 -0.0152492   0.0806045   0.0137238  -0.0326101
-0.00746389   0.0137238   0.0831234  -0.0124944
   0.271726  -0.0326101  -0.0124944    0.410579
IMAGINARY
          0 -0.00328409  -0.0159564  0.00280596
 0.00328409           0  -0.0119205 -0.00645073
  0.0159564   0.0119205           0   0.0039243
-0.00280596  0.00645073  -0.0039243           0
EndNode2[0]<--->HoM1[0]
REAL
    0.372222  -0.00196151   -0.0110695     0.263837
 -0.00196151     0.106944  -0.00865611 -0.000588572
  -0.0110695  -0.00865611    0.0902778    0.0123242
    0.263837 -0.000588572    0.0123242     0.430556
IMAGINARY
          0 -0.00270853 -0.00278113   0.0103469
 0.00270853           0  0.00844095   0.0104932
 0.00278113 -0.00844095           0  0.00399388
 -0.0103469  -0.0104932 -0.00399388           0
Repeater1[0]<--->EndNode1[0]
REAL
   0.425693 -0.00746389  -0.0152492    0.271726
-0.00746389   0.0831234   0.0137238  -0.0124944
 -0.0152492   0.0137238   0.0806045  -0.0326101
   0.271726  -0.0124944  -0.0326101    0.410579
IMAGINARY
          0  -0.0159564 -0.00328409  0.00280596
  0.0159564           0   0.0119205   0.0039243
 0.00328409  -0.0119205           0 -0.00645073
-0.00280596  -0.0039243  0.00645073           0
Repeater1[0]<--->HoM1[0]
REAL
    0.372222   -0.0110695  -0.00196151     0.263837
  -0.0110695    0.0902778  -0.00865611    0.0123242
 -0.00196151  -0.00865611     0.106944 -0.000588572
    0.263837    0.0123242 -0.000588572     0.430556
IMAGINARY
          0 -0.00278113 -0.00270853   0.0103469
 0.00278113           0 -0.00844095  0.00399388
 0.00270853  0.00844095           0   0.0104932
 -0.0103469 -0.00399388  -0.0104932           0
EndNode1[0]<--->Repeater1[0]
REAL
   0.409814  0.00749395 -0.00965536    0.260669
 0.00749395    0.115385  0.00491409   0.0191405
-0.00965536  0.00491409   0.0742706  0.00876621
   0.260669   0.0191405  0.00876621    0.400531
IMAGINARY
          0 -0.00912901 -0.00380703   0.0210632
 0.00912901           0  0.00551912  0.00764335
 0.00380703 -0.00551912           0  0.00657147
 -0.0210632 -0.00764335 -0.00657147           0
EndNode2[0]<--->HoM1[0]
REAL
   0.416244  -0.0125261   0.0162675    0.271906
 -0.0125261   0.0875635  0.00118084  -0.0175867
  0.0162675  0.00118084   0.0977157 -0.00990138
   0.271906  -0.0175867 -0.00990138    0.398477
IMAGINARY
          0  -0.0133017  0.00154131  -0.0120722
  0.0133017           0   0.0071094 -0.00154131
-0.00154131  -0.0071094           0  -0.0113097
  0.0120722  0.00154131   0.0113097           0
Repeater1[0]<--->EndNode1[0]
REAL
   0.409814 -0.00965536  0.00749395    0.260669
-0.00965536   0.0742706  0.00491409  0.00876621
 0.00749395  0.00491409    0.115385   0.0191405
   0.260669  0.00876621   0.0191405    0.400531
IMAGINARY
          0 -0.00380703 -0.00912901   0.0210632
 0.00380703           0 -0.00551912  0.00657147
 0.00912901  0.00551912           0  0.00764335
 -0.0210632 -0.00657147 -0.00764335           0
Repeater1[0]<--->HoM1[0]
REAL
   0.416244   0.0162675  -0.0125261    0.271906
  0.0162675   0.0977157  0.00118084 -0.00990138
 -0.0125261  0.00118084   0.0875635  -0.0175867
   0.271906 -0.00990138  -0.0175867    0.398477
IMAGINARY
          0  0.00154131  -0.0133017  -0.0120722
-0.00154131           0  -0.0071094  -0.0113097
  0.0133017   0.0071094           0 -0.00154131
  0.0120722   0.0113097  0.00154131           0
EndNode1[0]<--->Repeater1[0]
REAL
      0.425  -0.0210584 -0.00156048    0.266545
 -0.0210584   0.0881579  -0.0034555   -0.018073
-0.00156048  -0.0034555   0.0723684   0.0105872
   0.266545   -0.018073   0.0105872    0.414474
IMAGINARY
           0  -0.00994296    0.0103169   0.00348886
  0.00994296            0 -0.000924758   0.00968314
  -0.0103169  0.000924758            0   0.00244296
 -0.00348886  -0.00968314  -0.00244296            0
EndNode2[0]<--->HoM1[0]
REAL
      0.384    0.014436  0.00131009    0.267598
   0.014436    0.101333 0.000572668  -0.0138414
 0.00131009 0.000572668    0.114667 -0.00817036
   0.267598  -0.0138414 -0.00817036         0.4
IMAGINARY
          0   0.0151133  -0.0157672  -0.0051505
 -0.0151133           0 -0.00321501 -0.00872499
  0.0157672  0.00321501           0   0.0105737
  0.0051505  0.00872499  -0.0105737           0
Repeater1[0]<--->EndNode1[0]
REAL
      0.425 -0.00156048  -0.0210584    0.266545
-0.00156048   0.0723684  -0.0034555   0.0105872
 -0.0210584  -0.0034555   0.0881579   -0.018073
   0.266545   0.0105872   -0.018073    0.414474
IMAGINARY
           0    0.0103169  -0.00994296   0.00348886
  -0.0103169            0  0.000924758   0.00244296
  0.00994296 -0.000924758            0   0.00968314
 -0.00348886  -0.00244296  -0.00968314            0
Repeater1[0]<--->HoM1[0]
REAL
      0.384  0.00131009    0.014436    0.267598
 0.00131009    0.114667 0.000572668 -0.00817036
   0.014436 0.000572668    0.101333  -0.0138414
   0.267598 -0.00817036  -0.0138414         0.4
IMAGINARY
          0  -0.0157672   0.0151133  -0.0051505
  0.0157672           0  0.00321501   0.0105737
 -0.0151133 -0.00321501           0 -0.00872499
  0.0051505  -0.0105737  0.00872499           0
EndNode1[0]<--->Repeater1[0]
REAL
   0.430538   0.0173764 -0.00993875    0.274915
  0.0173764   0.0851064 -0.00149753  0.00360964
-0.00993875 -0.00149753   0.0876095  0.00540836
   0.274915  0.00360964  0.00540836    0.396746
IMAGINARY
          0  0.00188551  0.00492795  0.00570259
-0.00188551           0   0.0120639   0.0122711
-0.00492795  -0.0120639           0  -0.0215415
-0.00570259  -0.0122711   0.0215415           0
EndNode2[0]<--->HoM1[0]
REAL
   0.416667   0.0049889  -0.0081564     0.26529
  0.0049889   0.0885417 -0.00363919     0.01548
 -0.0081564 -0.00363919   0.0911458   0.0116556
    0.26529     0.01548   0.0116556    0.403646
IMAGINARY
          0  0.00771514 -0.00490163   0.0101842
-0.00771514           0  -0.0108132   0.0192619
 0.00490163   0.0108132           0  -0.0103261
 -0.0101842  -0.0192619   0.0103261           0
Repeater1[0]<--->EndNode1[0]
REAL
   0.430538 -0.00993875   0.0173764    0.274915
-0.00993875   0.0876095 -0.00149753  0.00540836
  0.0173764 -0.00149753   0.0851064  0.00360964
   0.274915  0.00540836  0.00360964    0.396746
IMAGINARY
          0  0.00492795  0.00188551  0.00570259
-0.00492795           0  -0.0120639  -0.0215415
-0.00188551   0.0120639           0   0.0122711
-0.00570259   0.0215415  -0.0122711           0
Repeater1[0]<--->HoM1[0]
REAL
   0.416667  -0.0081564   0.0049889     0.26529
 -0.0081564   0.0911458 -0.00363919   0.0116556
  0.0049889 -0.00363919   0.0885417     0.01548
    0.26529   0.0116556     0.01548    0.403646
IMAGINARY
          0 -0.00490163  0.00771514   0.0101842
 0.00490163           0   0.0108132  -0.0103261
-0.00771514  -0.0108132           0   0.0192619
 -0.0101842   0.0103261  -0.0192619           0
EndNode1[0]<--->Repeater1[0]
REAL
    0.40874 -0.00118447  0.00168341    0.274326
-0.00118447   0.0848329  -0.0132638 -0.00357975
 0.00168341  -0.0132638    0.096401 -0.00450453
   0.274326 -0.00357975 -0.00450453    0.410026
IMAGINARY
           0  -0.00914545   0.00640008    -0.005582
  0.00914545            0 -0.000667998   -0.0123667
 -0.00640008  0.000667998            0  -0.00636767
    0.005582    0.0123667   0.00636767            0
EndNode2[0]<--->HoM1[0]
REAL
   0.384217  -0.0111096 -0.00601246     0.25543
 -0.0111096   0.0815006 -0.00708584   0.0013767
-0.00601246 -0.00708584   0.0905563   0.0276659
    0.25543   0.0013767   0.0276659    0.443726
IMAGINARY
          0  -0.0133786 -0.00948297 -0.00399836
  0.0133786           0   0.0156867 -0.00142845
 0.00948297  -0.0156867           0  -0.0078024
 0.00399836  0.00142845   0.0078024           0
Repeater1[0]<--->EndNode1[0]
REAL
    0.40874  0.00168341 -0.00118447    0.274326
 0.00168341    0.096401  -0.0132638 -0.00450453
-0.00118447  -0.0132638   0.0848329 -0.00357975
   0.274326 -0.00450453 -0.00357975    0.410026
IMAGINARY
           0   0.00640008  -0.00914545    -0.005582
 -0.00640008            0  0.000667998  -0.00636767
  0.00914545 -0.000667998            0   -0.0123667
    0.005582   0.00636767    0.0123667            0
Repeater1[0]<--->HoM1[0]
REAL
   0.384217 -0.00601246  -0.0111096     0.25543
-0.00601246   0.0905563 -0.00708584   0.0276659
 -0.0111096 -0.00708584   0.0815006   0.0013767
    0.25543   0.0276659   0.0013767    0.443726
IMAGINARY
          0 -0.00948297  -0.0133786 -0.00399836
 0.00948297           0  -0.0156867  -0.0078024
  0.0133786   0.0156867           0 -0.00142845
 0.00399836   0.0078024  0.00142845           0
EndNode1[0]<--->Repeater1[0]
REAL
   0.391528 -0.00171955 -0.00374778    0.274744
-0.00171955   0.0988447  -0.0158604 -0.00894258
-0.00374778  -0.0158604    0.101412  0.00933376
   0.274744 -0.00894258  0.00933376    0.408216
IMAGINARY
          0  -0.0046817  -0.0166891   0.0073647
  0.0046817           0  0.00145142   0.0307831
  0.0166891 -0.00145142           0 -0.00404313
 -0.0073647  -0.0307831  0.00404313           0
EndNode2[0]<--->HoM1[0]
REAL
   0.415929 -0.00660502 -0.00982316    0.272375
-0.00660502    0.102402 -0.00883475 -0.00272638
-0.00982316 -0.00883475   0.0884956  -0.0310436
   0.272375 -0.00272638  -0.0310436    0.393173
IMAGINARY
          0  -0.0088169   0.0176719  0.00106083
  0.0088169           0 -0.00891423  -0.0015844
 -0.0176719  0.00891423           0   0.0081734
-0.00106083   0.0015844  -0.0081734           0
Repeater1[0]<--->EndNode1[0]
REAL
   0.391528 -0.00374778 -0.00171955    0.274744
-0.00374778    0.101412  -0.0158604  0.00933376
-0.00171955  -0.0158604   0.0988447 -0.00894258
   0.274744  0.00933376 -0.00894258    0.408216
IMAGINARY
          0  -0.0166891  -0.0046817   0.0073647
  0.0166891           0 -0.00145142 -0.00404313
  0.0046817  0.00145142           0   0.0307831
 -0.0073647  0.00404313  -0.0307831           0
Repeater1[0]<--->HoM1[0]
REAL
   0.415929 -0.00982316 -0.00660502    0.272375
-0.00982316   0.0884956 -0.00883475  -0.0310436
-0.00660502 -0.00883475    0.102402 -0.00272638
   0.272375  -0.0310436 -0.00272638    0.393173
IMAGINARY
          0   0.0176719  -0.0088169  0.00106083
 -0.0176719           0  0.00891423   0.0081734
  0.0088169 -0.00891423           0  -0.0015844
-0.00106083  -0.0081734   0.0015844           0
EndNode1[0]<--->Repeater1[0]
REAL
  0.418023 -0.0184544 -0.0030413   0.257719
-0.0184544  0.0750939 0.00309516 -0.0249485
-0.0030413 0.00309516  0.0913642  -0.017169
  0.257719 -0.0249485  -0.017169   0.415519
IMAGINARY
           0   -0.0140345   -0.0138871  -0.00332547
   0.0140345            0     -0.04139     0.024368
   0.0138871      0.04139            0 -0.000145568
  0.00332547    -0.024368  0.000145568            0
EndNode2[0]<--->HoM1[0]
REAL
   0.380774  0.00191246  0.00209826    0.272319
 0.00191246   0.0873908   0.0238598 -0.00655686
 0.00209826   0.0238598   0.0998752  0.00127225
   0.272319 -0.00655686  0.00127225     0.43196
IMAGINARY
          0  0.00242086   0.0189747  -0.0175968
-0.00242086           0  -0.0122634 -0.00232857
 -0.0189747   0.0122634           0  -0.0166009
  0.0175968  0.00232857   0.0166009           0
Repeater1[0]<--->EndNode1[0]
REAL
  0.418023 -0.0030413 -0.0184544   0.257719
-0.0030413  0.0913642 0.00309516  -0.017169
-0.0184544 0.00309516  0.0750939 -0.0249485
  0.257719  -0.017169 -0.0249485   0.415519
IMAGINARY
           0   -0.0138871   -0.0140345  -0.00332547
   0.0138871            0      0.04139 -0.000145568
   0.0140345     -0.04139            0     0.024368
  0.00332547  0.000145568    -0.024368            0
Repeater1[0]<--->HoM1[0]
REAL
   0.380774  0.00209826  0.00191246    0.272319
 0.00209826   0.0998752   0.0238598  0.00127225
 0.00191246   0.0238598   0.0873908 -0.00655686
   0.272319  0.00127225 -0.00655686     0.43196
IMAGINARY
          0   0.0189747  0.00242086  -0.0175968
 -0.0189747           0   0.0122634  -0.0166009
-0.00242086  -0.0122634           0 -0.00232857
  0.0175968   0.0166009  0.00232857           0
EndNode1[0]<--->Repeater1[0]
REAL
    0.38665  0.00401071  -0.0172884    0.276231
 0.00401071   0.0881612 -0.00792204  0.00730174
 -0.0172884 -0.00792204   0.0780856  0.00464442
   0.276231  0.00730174  0.00464442    0.447103
IMAGINARY
          0   0.0145385  0.00637404 -0.00799447
 -0.0145385           0 -0.00990529  0.00182268
-0.00637404  0.00990529           0  0.00185493
 0.00799447 -0.00182268 -0.00185493           0
EndNode2[0]<--->HoM1[0]
REAL
   0.402632 -0.00823635    -0.01125    0.268104
-0.00823635    0.106579 -0.00439621     0.01125
   -0.01125 -0.00439621   0.0907895   -0.003513
   0.268104     0.01125   -0.003513         0.4
IMAGINARY
          0  0.00777244 -0.00322704   0.0105907
-0.00777244           0 -0.00432501  0.00697704
 0.00322704  0.00432501           0  -0.0140224
 -0.0105907 -0.00697704   0.0140224           0
Repeater1[0]<--->EndNode1[0]
REAL
    0.38665  -0.0172884  0.00401071    0.276231
 -0.0172884   0.0780856 -0.00792204  0.00464442
 0.00401071 -0.00792204   0.0881612  0.00730174
   0.276231  0.00464442  0.00730174    0.447103
IMAGINARY
          0  0.00637404   0.0145385 -0.00799447
-0.00637404           0  0.00990529  0.00185493
 -0.0145385 -0.00990529           0  0.00182268
 0.00799447 -0.00185493 -0.00182268           0
Repeater1[0]<--->HoM1[0]
REAL
   0.402632    -0.01125 -0.00823635    0.268104
   -0.01125   0.0907895 -0.00439621   -0.003513
-0.00823635 -0.00439621    0.106579     0.01125
   0.268104   -0.003513     0.01125         0.4
IMAGINARY
          0 -0.00322704  0.00777244   0.0105907
 0.00322704           0  0.00432501  -0.0140224
-0.00777244 -0.00432501           0  0.00697704
 -0.0105907   0.0140224 -0.00697704           0
EndNode1[0]<--->Repeater1[0]
REAL
  0.403439 0.00732457  0.0114669   0.279884
0.00732457  0.0978836 -0.0093925 0.00429607
 0.0114669 -0.0093925  0.0912698  0.0286149
  0.279884 0.00429607  0.0286149   0.407407
IMAGINARY
          0  0.00647289  -0.0174145  -0.0154653
-0.00647289           0   0.0070347   0.0161676
  0.0174145  -0.0070347           0  0.00100841
  0.0154653  -0.0161676 -0.00100841           0
EndNode2[0]<--->HoM1[0]
REAL
    0.40498  -0.0100214   0.0141779    0.265207
 -0.0100214   0.0878113 0.000723076  0.00337738
  0.0141779 0.000723076   0.0812582  -0.0062335
   0.265207  0.00337738  -0.0062335     0.42595
IMAGINARY
          0   0.0104808   0.0136952   0.0110099
 -0.0104808           0    0.023081  -0.0174736
 -0.0136952   -0.023081           0 -0.00292408
 -0.0110099   0.0174736  0.00292408           0
Repeater1[0]<--->EndNode1[0]
REAL
  0.403439  0.0114669 0.00732457   0.279884
 0.0114669  0.0912698 -0.0093925  0.0286149
0.00732457 -0.0093925  0.0978836 0.00429607
  0.279884  0.0286149 0.00429607   0.407407
IMAGINARY
          0  -0.0174145  0.00647289  -0.0154653
  0.0174145           0  -0.0070347  0.00100841
-0.00647289   0.0070347           0   0.0161676
  0.0154653 -0.00100841  -0.0161676           0
Repeater1[0]<--->HoM1[0]
REAL
    0.40498   0.0141779  -0.0100214    0.265207
  0.0141779   0.0812582 0.000723076  -0.0062335
 -0.0100214 0.000723076   0.0878113  0.00337738
   0.265207  -0.0062335  0.00337738     0.42595
IMAGINARY
          0   0.0136952   0.0104808   0.0110099
 -0.0136952           0   -0.023081 -0.00292408
 -0.0104808    0.023081           0  -0.0174736
 -0.0110099  0.00292408   0.0174736           0
EndNode1[0]<--->Repeater1[0]
REAL
   0.408788 -0.00941943   0.0148171    0.262703
-0.00941943   0.0905459  0.00322633  -0.0154672
  0.0148171  0.00322633    0.109188 -0.00683545
   0.262703  -0.0154672 -0.00683545    0.391478
IMAGINARY
         0   0.010123 -0.0161752  0.0131731
 -0.010123          0  0.0144651  -0.023694
 0.0161752 -0.0144651          0  0.0219031
-0.0131731   0.023694 -0.0219031          0
EndNode2[0]<--->HoM1[0]
REAL
    0.385604     0.012884 -0.000699787      0.24528
    0.012884    0.0848329  -0.00702532   0.00539777
-0.000699787  -0.00702532     0.100257    -0.017582
     0.24528   0.00539777    -0.017582     0.429306
IMAGINARY
