EndNode1[0]<--->Repeater1[0]
REAL
  0.454183  0.0092758  0.0068507   0.322816
 0.0092758   0.063745 0.00965817 0.00345857
 0.0068507 0.00965817  0.0571049   0.021652
  0.322816 0.00345857   0.021652   0.424967
IMAGINARY
           0   0.00800581  -0.00850245  -0.00416996
 -0.00800581            0  8.27702e-05    -0.013866
  0.00850245 -8.27702e-05            0    0.0248889
  0.00416996     0.013866   -0.0248889            0
EndNode2[0]<--->HoM1[0]
REAL
    0.438992 -0.000720254    0.0109616      0.30624
-0.000720254    0.0583554   0.00648913   -0.0115736
   0.0109616   0.00648913    0.0530504   -0.0133556
     0.30624   -0.0115736   -0.0133556     0.449602
IMAGINARY
          0   0.0145119   0.0112815   0.0086663
 -0.0145119           0 -0.00734355  0.00488765
 -0.0112815  0.00734355           0 -0.00456166
 -0.0086663 -0.00488765  0.00456166           0
Repeater1[0]<--->EndNode1[0]
REAL
  0.454183  0.0068507  0.0092758   0.322816
 0.0068507  0.0571049 0.00965817   0.021652
 0.0092758 0.00965817   0.063745 0.00345857
  0.322816   0.021652 0.00345857   0.424967
IMAGINARY
           0  -0.00850245   0.00800581  -0.00416996
  0.00850245            0 -8.27702e-05    0.0248889
 -0.00800581  8.27702e-05            0    -0.013866
  0.00416996   -0.0248889     0.013866            0
Repeater1[0]<--->HoM1[0]
REAL
    0.438992    0.0109616 -0.000720254      0.30624
   0.0109616    0.0530504   0.00648913   -0.0133556
-0.000720254   0.00648913    0.0583554   -0.0115736
     0.30624   -0.0133556   -0.0115736     0.449602
IMAGINARY
          0   0.0112815   0.0145119   0.0086663
 -0.0112815           0  0.00734355 -0.00456166
 -0.0145119 -0.00734355           0  0.00488765
 -0.0086663  0.00456166 -0.00488765           0
EndNode1[0]<--->Repeater1[0]
REAL
    0.437884  -0.00158028   0.00816218     0.336135
 -0.00158028    0.0590406    0.0134688 -0.000246615
  0.00816218    0.0134688    0.0688807   0.00158028
    0.336135 -0.000246615   0.00158028     0.434194
IMAGINARY
          0   0.0200452  0.00822222  -0.0135733
 -0.0200452           0 -0.00207126 -0.00288889
-0.00822222  0.00207126           0 -0.00537853
  0.0135733  0.00288889  0.00537853           0
EndNode2[0]<--->HoM1[0]
REAL
   0.459426  -0.0151657  -0.0170836    0.296418
 -0.0151657   0.0474407 0.000171438  0.00794845
 -0.0170836 0.000171438   0.0674157 -0.00980381
   0.296418  0.00794845 -0.00980381    0.425718
IMAGINARY
          0  0.00285151 -0.00473347  -0.0146821
-0.00285151           0    0.010875 -0.00733087
 0.00473347   -0.010875           0  0.00921283
  0.0146821  0.00733087 -0.00921283           0
Repeater1[0]<--->EndNode1[0]
REAL
    0.437884   0.00816218  -0.00158028     0.336135
  0.00816218    0.0688807    0.0134688   0.00158028
 -0.00158028    0.0134688    0.0590406 -0.000246615
    0.336135   0.00158028 -0.000246615     0.434194
IMAGINARY
          0  0.00822222   0.0200452  -0.0135733
-0.00822222           0  0.00207126 -0.00537853
 -0.0200452 -0.00207126           0 -0.00288889
  0.0135733  0.00537853  0.00288889           0
Repeater1[0]<--->HoM1[0]
REAL
   0.459426  -0.0170836  -0.0151657    0.296418
 -0.0170836   0.0674157 0.000171438 -0.00980381
 -0.0151657 0.000171438   0.0474407  0.00794845
   0.296418 -0.00980381  0.00794845    0.425718
IMAGINARY
          0 -0.00473347  0.00285151  -0.0146821
 0.00473347           0   -0.010875  0.00921283
-0.00285151    0.010875           0 -0.00733087
  0.0146821 -0.00921283  0.00733087           0
EndNode1[0]<--->Repeater1[0]
REAL
   0.429471   0.0168832   0.0168319    0.301078
  0.0168832   0.0692695 -0.00677028  0.00580721
  0.0168319 -0.00677028   0.0617128  0.00963684
   0.301078  0.00580721  0.00963684    0.439547
IMAGINARY
          0  0.00398018  -0.0209615 -0.00541352
-0.00398018           0 -0.00473876 -0.00136601
  0.0209615  0.00473876           0  -0.0114227
 0.00541352  0.00136601   0.0114227           0
EndNode2[0]<--->HoM1[0]
REAL
   0.478431  -0.0026233 -0.00192591    0.316881
 -0.0026233   0.0614379   0.0027694   0.0295168
-0.00192591   0.0027694   0.0535948   0.0113716
   0.316881   0.0295168   0.0113716    0.406536
IMAGINARY
          0   0.0340351  -0.0131887  -0.0273903
 -0.0340351           0 -0.00925562 -0.00919935
  0.0131887  0.00925562           0    0.024988
  0.0273903  0.00919935   -0.024988           0
Repeater1[0]<--->EndNode1[0]
REAL
   0.429471   0.0168319   0.0168832    0.301078
  0.0168319   0.0617128 -0.00677028  0.00963684
  0.0168832 -0.00677028   0.0692695  0.00580721
   0.301078  0.00963684  0.00580721    0.439547
IMAGINARY
          0  -0.0209615  0.00398018 -0.00541352
  0.0209615           0  0.00473876  -0.0114227
-0.00398018 -0.00473876           0 -0.00136601
 0.00541352   0.0114227  0.00136601           0
Repeater1[0]<--->HoM1[0]
REAL
   0.478431 -0.00192591  -0.0026233    0.316881
-0.00192591   0.0535948   0.0027694   0.0113716
 -0.0026233   0.0027694   0.0614379   0.0295168
   0.316881   0.0113716   0.0295168    0.406536
IMAGINARY
          0  -0.0131887   0.0340351  -0.0273903
  0.0131887           0  0.00925562    0.024988
 -0.0340351 -0.00925562           0 -0.00919935
  0.0273903   -0.024988  0.00919935           0
EndNode1[0]<--->Repeater1[0]
REAL
   0.465206 -0.00439125   0.0126953    0.312469
-0.00439125   0.0541237   0.0155151  -0.0030676
  0.0126953   0.0155151   0.0515464   0.0114516
   0.312469  -0.0030676   0.0114516    0.429124
IMAGINARY
          0  -0.0138191  -0.0134054  -0.0110002
  0.0138191           0   0.0148963 -0.00943719
  0.0134054  -0.0148963           0   0.0138191
  0.0110002  0.00943719  -0.0138191           0
EndNode2[0]<--->HoM1[0]
REAL
    0.460733   0.00853336 -0.000932222     0.315611
  0.00853336    0.0471204   0.00526573    0.0176848
-0.000932222   0.00526573    0.0471204    0.0172398
    0.315611    0.0176848    0.0172398     0.445026
IMAGINARY
           0   0.00619473   0.00137974    -0.027433
 -0.00619473            0  0.000205234  -0.00668478
 -0.00137974 -0.000205234            0  -0.00752099
    0.027433   0.00668478   0.00752099            0
Repeater1[0]<--->EndNode1[0]
REAL
   0.465206   0.0126953 -0.00439125    0.312469
  0.0126953   0.0515464   0.0155151   0.0114516
-0.00439125   0.0155151   0.0541237  -0.0030676
   0.312469   0.0114516  -0.0030676    0.429124
IMAGINARY
          0  -0.0134054  -0.0138191  -0.0110002
  0.0134054           0  -0.0148963   0.0138191
  0.0138191   0.0148963           0 -0.00943719
  0.0110002  -0.0138191  0.00943719           0
Repeater1[0]<--->HoM1[0]
REAL
    0.460733 -0.000932222   0.00853336     0.315611
-0.000932222    0.0471204   0.00526573    0.0172398
  0.00853336   0.00526573    0.0471204    0.0176848
    0.315611    0.0172398    0.0176848     0.445026
IMAGINARY
           0   0.00137974   0.00619473    -0.027433
 -0.00137974            0 -0.000205234  -0.00752099
 -0.00619473  0.000205234            0  -0.00668478
    0.027433   0.00752099   0.00668478            0
EndNode1[0]<--->Repeater1[0]
REAL
   0.47875 -0.0161767 0.00891698   0.312829
-0.0161767       0.05  0.0248337 -0.0102157
0.00891698  0.0248337    0.06125 0.00578711
  0.312829 -0.0102157 0.00578711       0.41
IMAGINARY
          0  0.00126175   0.0121549   0.0189756
-0.00126175           0 -0.00390022 -0.00513063
 -0.0121549  0.00390022           0   0.0019311
 -0.0189756  0.00513063  -0.0019311           0
EndNode2[0]<--->HoM1[0]
REAL
   0.451654 -1.7116e-06 -0.00185704    0.303407
-1.7116e-06   0.0445293   0.0117405   0.0114848
-0.00185704   0.0117405   0.0483461   0.0173316
   0.303407   0.0114848   0.0173316    0.455471
IMAGINARY
          0    0.011297  0.00127877  -0.0080718
  -0.011297           0  -0.0151686 -0.00127877
-0.00127877   0.0151686           0  -0.0150849
  0.0080718  0.00127877   0.0150849           0
Repeater1[0]<--->EndNode1[0]
REAL
   0.47875 0.00891698 -0.0161767   0.312829
0.00891698    0.06125  0.0248337 0.00578711
-0.0161767  0.0248337       0.05 -0.0102157
  0.312829 0.00578711 -0.0102157       0.41
IMAGINARY
          0   0.0121549  0.00126175   0.0189756
 -0.0121549           0  0.00390022   0.0019311
-0.00126175 -0.00390022           0 -0.00513063
 -0.0189756  -0.0019311  0.00513063           0
Repeater1[0]<--->HoM1[0]
REAL
   0.451654 -0.00185704 -1.7116e-06    0.303407
-0.00185704   0.0483461   0.0117405   0.0173316
-1.7116e-06   0.0117405   0.0445293   0.0114848
   0.303407   0.0173316   0.0114848    0.455471
IMAGINARY
          0  0.00127877    0.011297  -0.0080718
-0.00127877           0   0.0151686  -0.0150849
  -0.011297  -0.0151686           0 -0.00127877
  0.0080718   0.0150849  0.00127877           0
EndNode1[0]<--->Repeater1[0]
REAL
  0.44021 0.0181388 0.0309935  0.303209
0.0181388 0.0604468  0.018399 0.0104637
0.0309935  0.018399 0.0722733 0.0258311
 0.303209 0.0104637 0.0258311   0.42707
IMAGINARY
           0  0.000104082   0.00536331  -0.00773341
-0.000104082            0  -0.00167688   0.00602909
 -0.00536331   0.00167688            0  -0.00896484
  0.00773341  -0.00602909   0.00896484            0
EndNode2[0]<--->HoM1[0]
REAL
   0.448878   -0.016219  -0.0171315    0.306344
  -0.016219   0.0523691   0.0212847 -0.00487341
 -0.0171315   0.0212847   0.0710723 -0.00700843
   0.306344 -0.00487341 -0.00700843    0.427681
IMAGINARY
          0 -0.00205269 -0.00368016 -0.00335763
 0.00205269           0   -0.016691   0.0200629
 0.00368016    0.016691           0 -0.00646631
 0.00335763  -0.0200629  0.00646631           0
Repeater1[0]<--->EndNode1[0]
REAL
  0.44021 0.0309935 0.0181388  0.303209
0.0309935 0.0722733  0.018399 0.0258311
0.0181388  0.018399 0.0604468 0.0104637
 0.303209 0.0258311 0.0104637   0.42707
IMAGINARY
           0   0.00536331  0.000104082  -0.00773341
 -0.00536331            0   0.00167688  -0.00896484
-0.000104082  -0.00167688            0   0.00602909
  0.00773341   0.00896484  -0.00602909            0
Repeater1[0]<--->HoM1[0]
REAL
   0.448878  -0.0171315   -0.016219    0.306344
 -0.0171315   0.0710723   0.0212847 -0.00700843
  -0.016219   0.0212847   0.0523691 -0.00487341
   0.306344 -0.00700843 -0.00487341    0.427681
IMAGINARY
          0 -0.00368016 -0.00205269 -0.00335763
 0.00368016           0    0.016691 -0.00646631
 0.00205269   -0.016691           0   0.0200629
 0.00335763  0.00646631  -0.0200629           0
EndNode1[0]<--->Repeater1[0]
REAL
  0.418694 0.00811622 -0.0097434   0.308904
0.00811622  0.0742638  -0.016158 0.00715272
-0.0097434  -0.016158  0.0640205  0.0126092
  0.308904 0.00715272  0.0126092   0.443022
IMAGINARY
          0  0.00239603  -0.0133639  0.00627961
-0.00239603           0  -0.0133947  0.00219766
  0.0133639   0.0133947           0   -0.014803
-0.00627961 -0.00219766    0.014803           0
EndNode2[0]<--->HoM1[0]
REAL
   0.430968  0.00132943  0.00958636     0.30919
 0.00132943   0.0516129  0.00305496   0.0115021
 0.00958636  0.00305496   0.0567742 0.000711385
    0.30919   0.0115021 0.000711385    0.460645
IMAGINARY
           0  -0.00309519     0.026757   0.00985696
  0.00309519            0   0.00233816  0.000850313
   -0.026757  -0.00233816            0   -0.0269662
 -0.00985696 -0.000850313    0.0269662            0
Repeater1[0]<--->EndNode1[0]
REAL
  0.418694 -0.0097434 0.00811622   0.308904
-0.0097434  0.0640205  -0.016158  0.0126092
0.00811622  -0.016158  0.0742638 0.00715272
  0.308904  0.0126092 0.00715272   0.443022
IMAGINARY
          0  -0.0133639  0.00239603  0.00627961
  0.0133639           0   0.0133947   -0.014803
-0.00239603  -0.0133947           0  0.00219766
-0.00627961    0.014803 -0.00219766           0
Repeater1[0]<--->HoM1[0]
REAL
   0.430968  0.00958636  0.00132943     0.30919
 0.00958636   0.0567742  0.00305496 0.000711385
 0.00132943  0.00305496   0.0516129   0.0115021
    0.30919 0.000711385   0.0115021    0.460645
IMAGINARY
           0     0.026757  -0.00309519   0.00985696
   -0.026757            0  -0.00233816   -0.0269662
  0.00309519   0.00233816            0  0.000850313
 -0.00985696    0.0269662 -0.000850313            0
EndNode1[0]<--->Repeater1[0]
REAL
   0.443726  -0.0148661  -0.0144754      0.3201
 -0.0148661   0.0633894   0.0200999 -0.00237858
 -0.0144754   0.0200999   0.0465718  -0.0219629
     0.3201 -0.00237858  -0.0219629    0.446313
IMAGINARY
          0  0.00048738 -0.00229122 -0.00709765
-0.00048738           0  -0.0181798    0.016774
 0.00229122   0.0181798           0  -0.0191081
 0.00709765   -0.016774   0.0191081           0
EndNode2[0]<--->HoM1[0]
REAL
    0.433249 -0.000927486   -0.0102744     0.321334
-0.000927486    0.0503778  -0.00701406  0.000565685
  -0.0102744  -0.00701406    0.0617128  -0.00999484
    0.321334  0.000565685  -0.00999484      0.45466
IMAGINARY
          0   0.0161561  -0.0134819   0.0136073
 -0.0161561           0   0.0192113 -0.00537377
  0.0134819  -0.0192113           0  0.00530038
 -0.0136073  0.00537377 -0.00530038           0
Repeater1[0]<--->EndNode1[0]
REAL
   0.443726  -0.0144754  -0.0148661      0.3201
 -0.0144754   0.0465718   0.0200999  -0.0219629
 -0.0148661   0.0200999   0.0633894 -0.00237858
     0.3201  -0.0219629 -0.00237858    0.446313
IMAGINARY
          0 -0.00229122  0.00048738 -0.00709765
 0.00229122           0   0.0181798  -0.0191081
-0.00048738  -0.0181798           0    0.016774
 0.00709765   0.0191081   -0.016774           0
Repeater1[0]<--->HoM1[0]
REAL
    0.433249   -0.0102744 -0.000927486     0.321334
  -0.0102744    0.0617128  -0.00701406  -0.00999484
-0.000927486  -0.00701406    0.0503778  0.000565685
    0.321334  -0.00999484  0.000565685      0.45466
IMAGINARY
          0  -0.0134819   0.0161561   0.0136073
  0.0134819           0  -0.0192113  0.00530038
 -0.0161561   0.0192113           0 -0.00537377
 -0.0136073 -0.00530038  0.00537377           0
EndNode1[0]<--->Repeater1[0]
REAL
   0.461728  -0.0042538  0.00431368    0.327565
 -0.0042538   0.0617284 -0.00322376 -0.00368632
 0.00431368 -0.00322376   0.0617284   0.0174282
   0.327565 -0.00368632   0.0174282    0.414815
IMAGINARY
           0   -0.0159912   -0.0019084    0.0057425
   0.0159912            0 -0.000124518   -0.0019084
   0.0019084  0.000124518            0    0.0185357
  -0.0057425    0.0019084   -0.0185357            0
EndNode2[0]<--->HoM1[0]
REAL
   0.412153 -0.00275271  -0.0089062    0.312044
-0.00275271   0.0700132   0.0109537  0.00632222
 -0.0089062   0.0109537   0.0515192  -0.0114592
   0.312044  0.00632222  -0.0114592    0.466314
IMAGINARY
          0   0.0110593  0.00892541  -0.0100726
 -0.0110593           0 -0.00193747  -0.0198246
-0.00892541  0.00193747           0 -0.00288492
  0.0100726   0.0198246  0.00288492           0
Repeater1[0]<--->EndNode1[0]
REAL
   0.461728  0.00431368  -0.0042538    0.327565
 0.00431368   0.0617284 -0.00322376   0.0174282
 -0.0042538 -0.00322376   0.0617284 -0.00368632
   0.327565   0.0174282 -0.00368632    0.414815
IMAGINARY
           0   -0.0019084   -0.0159912    0.0057425
   0.0019084            0  0.000124518    0.0185357
   0.0159912 -0.000124518            0   -0.0019084
  -0.0057425   -0.0185357    0.0019084            0
Repeater1[0]<--->HoM1[0]
REAL
   0.412153  -0.0089062 -0.00275271    0.312044
 -0.0089062   0.0515192   0.0109537  -0.0114592
-0.00275271   0.0109537   0.0700132  0.00632222
   0.312044  -0.0114592  0.00632222    0.466314
IMAGINARY
          0  0.00892541   0.0110593  -0.0100726
-0.00892541           0  0.00193747 -0.00288492
 -0.0110593 -0.00193747           0  -0.0198246
  0.0100726  0.00288492   0.0198246           0
EndNode1[0]<--->Repeater1[0]
REAL
   0.424354 -0.00269944  0.00875527    0.319142
-0.00269944   0.0578106  0.00400523   0.0114008
 0.00875527  0.00400523   0.0627306  0.00725081
   0.319142   0.0114008  0.00725081    0.455105
IMAGINARY
          0  0.00250896  0.00862773   0.0148476
-0.00250896           0    0.015475  -0.0111091
-0.00862773   -0.015475           0   0.0136201
 -0.0148476   0.0111091  -0.0136201           0
EndNode2[0]<--->HoM1[0]
REAL
   0.451531 -0.00372302 0.000624501    0.318771
-0.00372302   0.0701531  0.00420172   -0.014138
0.000624501  0.00420172    0.059949 -0.00573644
   0.318771   -0.014138 -0.00573644    0.418367
IMAGINARY
          0  0.00490551   0.0176609 -0.00810474
-0.00490551           0 -0.00810474  -0.0249456
 -0.0176609  0.00810474           0   0.0156243
 0.00810474   0.0249456  -0.0156243           0
Repeater1[0]<--->EndNode1[0]
REAL
   0.424354  0.00875527 -0.00269944    0.319142
 0.00875527   0.0627306  0.00400523  0.00725081
-0.00269944  0.00400523   0.0578106   0.0114008
   0.319142  0.00725081   0.0114008    0.455105
IMAGINARY
          0  0.00862773  0.00250896   0.0148476
-0.00862773           0   -0.015475   0.0136201
-0.00250896    0.015475           0  -0.0111091
 -0.0148476  -0.0136201   0.0111091           0
Repeater1[0]<--->HoM1[0]
REAL
   0.451531 0.000624501 -0.00372302    0.318771
0.000624501    0.059949  0.00420172 -0.00573644
-0.00372302  0.00420172   0.0701531   -0.014138
   0.318771 -0.00573644   -0.014138    0.418367
IMAGINARY
          0   0.0176609  0.00490551 -0.00810474
 -0.0176609           0  0.00810474   0.0156243
-0.00490551 -0.00810474           0  -0.0249456
 0.00810474  -0.0156243   0.0249456           0
EndNode1[0]<--->Repeater1[0]
REAL
   0.465854 -0.00264879  -0.0128155    0.301558
-0.00264879   0.0487805    0.016122  -0.0134275
 -0.0128155    0.016122   0.0804878   -0.015307
   0.301558  -0.0134275   -0.015307    0.404878
IMAGINARY
          0 -0.00201444  -0.0155367   0.0094331
 0.00201444           0   0.0229119  0.00188263
  0.0155367  -0.0229119           0   0.0247713
 -0.0094331 -0.00188263  -0.0247713           0
EndNode2[0]<--->HoM1[0]
REAL
    0.45614 -0.00328432  0.00667693    0.316795
-0.00328432   0.0576441  0.00688896  -0.0119401
 0.00667693  0.00688896   0.0588972 -0.00197884
   0.316795  -0.0119401 -0.00197884    0.427318
IMAGINARY
           0   0.00287284  -0.00885312  0.000568339
 -0.00287284            0  -0.00940672   0.00416771
  0.00885312   0.00940672            0   0.00716732
-0.000568339  -0.00416771  -0.00716732            0
Repeater1[0]<--->EndNode1[0]
REAL
   0.465854  -0.0128155 -0.00264879    0.301558
 -0.0128155   0.0804878    0.016122   -0.015307
-0.00264879    0.016122   0.0487805  -0.0134275
   0.301558   -0.015307  -0.0134275    0.404878
IMAGINARY
          0  -0.0155367 -0.00201444   0.0094331
  0.0155367           0  -0.0229119   0.0247713
 0.00201444   0.0229119           0  0.00188263
 -0.0094331  -0.0247713 -0.00188263           0
Repeater1[0]<--->HoM1[0]
REAL
    0.45614  0.00667693 -0.00328432    0.316795
 0.00667693   0.0588972  0.00688896 -0.00197884
-0.00328432  0.00688896   0.0576441  -0.0119401
   0.316795 -0.00197884  -0.0119401    0.427318
IMAGINARY
           0  -0.00885312   0.00287284  0.000568339
  0.00885312            0   0.00940672   0.00716732
 -0.00287284  -0.00940672            0   0.00416771
-0.000568339  -0.00716732  -0.00416771            0
EndNode1[0]<--->Repeater1[0]
REAL
  0.439374 0.00857215 -0.0104167   0.309467
0.00857215   0.041721  0.0166747  0.0104167
-0.0104167  0.0166747  0.0638853 0.00792532
  0.309467  0.0104167 0.00792532    0.45502
IMAGINARY
           0    -0.012585  -0.00718692   -0.0195487
    0.012585            0   0.00455518   0.00911742
  0.00718692  -0.00455518            0 -0.000928536
   0.0195487  -0.00911742  0.000928536            0
EndNode2[0]<--->HoM1[0]
REAL
   0.441065 -0.00875956   0.0105328     0.30828
-0.00875956   0.0697085   0.0169987  -0.0111524
  0.0105328   0.0169987   0.0583016 -0.00301243
    0.30828  -0.0111524 -0.00301243    0.430925
IMAGINARY
           0    0.0148006  -0.00297052   0.00783476
  -0.0148006            0   -0.0157923 -0.000331994
  0.00297052    0.0157923            0  -0.00357208
 -0.00783476  0.000331994   0.00357208            0
Repeater1[0]<--->EndNode1[0]
REAL
  0.439374 -0.0104167 0.00857215   0.309467
-0.0104167  0.0638853  0.0166747 0.00792532
0.00857215  0.0166747   0.041721  0.0104167
  0.309467 0.00792532  0.0104167    0.45502
IMAGINARY
           0  -0.00718692    -0.012585   -0.0195487
  0.00718692            0  -0.00455518 -0.000928536
    0.012585   0.00455518            0   0.00911742
   0.0195487  0.000928536  -0.00911742            0
Repeater1[0]<--->HoM1[0]
REAL
   0.441065   0.0105328 -0.00875956     0.30828
  0.0105328   0.0583016   0.0169987 -0.00301243
-0.00875956   0.0169987   0.0697085  -0.0111524
    0.30828 -0.00301243  -0.0111524    0.430925
IMAGINARY
           0  -0.00297052    0.0148006   0.00783476
  0.00297052            0    0.0157923  -0.00357208
  -0.0148006   -0.0157923            0 -0.000331994
 -0.00783476   0.00357208  0.000331994            0
EndNode1[0]<--->Repeater1[0]
REAL
   0.449184  0.00776986   0.0200544    0.312311
 0.00776986   0.0464241 -0.00878417  -0.0124977
  0.0200544 -0.00878417   0.0464241 -0.00525097
   0.312311  -0.0124977 -0.00525097    0.457967
IMAGINARY
          0   0.0236047  -0.0171538 -0.00312663
 -0.0236047           0   0.0228635  -0.0302428
  0.0171538  -0.0228635           0 -0.00291045
 0.00312663   0.0302428  0.00291045           0
EndNode2[0]<--->HoM1[0]
REAL
   0.468912 -0.00252451   -0.017244    0.299391
-0.00252451   0.0582902  0.00542149  -0.0121678
  -0.017244  0.00542149   0.0595855 -0.00817068
   0.299391  -0.0121678 -0.00817068    0.413212
IMAGINARY
          0   0.0100566  -0.0236305  -0.0144069
 -0.0100566           0 -0.00497294 -0.00652024
  0.0236305  0.00497294           0   0.0050188
  0.0144069  0.00652024  -0.0050188           0
Repeater1[0]<--->EndNode1[0]
REAL
   0.449184   0.0200544  0.00776986    0.312311
  0.0200544   0.0464241 -0.00878417 -0.00525097
 0.00776986 -0.00878417   0.0464241  -0.0124977
   0.312311 -0.00525097  -0.0124977    0.457967
IMAGINARY
          0  -0.0171538   0.0236047 -0.00312663
  0.0171538           0  -0.0228635 -0.00291045
 -0.0236047   0.0228635           0  -0.0302428
 0.00312663  0.00291045   0.0302428           0
Repeater1[0]<--->HoM1[0]
REAL
   0.468912   -0.017244 -0.00252451    0.299391
  -0.017244   0.0595855  0.00542149 -0.00817068
-0.00252451  0.00542149   0.0582902  -0.0121678
   0.299391 -0.00817068  -0.0121678    0.413212
IMAGINARY
          0  -0.0236305   0.0100566  -0.0144069
  0.0236305           0  0.00497294   0.0050188
 -0.0100566 -0.00497294           0 -0.00652024
  0.0144069  -0.0050188  0.00652024           0
EndNode1[0]<--->Repeater1[0]
REAL
   0.453278  -0.0028759  0.00682782    0.325493
 -0.0028759   0.0655509   0.0116568 -0.00428329
 0.00682782   0.0116568   0.0571827 -0.00984675
   0.325493 -0.00428329 -0.00984675    0.423989
IMAGINARY
          0  0.00801844  0.00440016  0.00415763
-0.00801844           0   0.0121331  0.00377594
-0.00440016  -0.0121331           0  0.00393125
-0.00415763 -0.00377594 -0.00393125           0
EndNode2[0]<--->HoM1[0]
REAL
    0.45045   0.0230143 -0.00666763    0.330255
  0.0230143   0.0579151   0.0183504    0.027252
-0.00666763   0.0183504   0.0553411 0.000226084
   0.330255    0.027252 0.000226084    0.436293
IMAGINARY
           0   -0.0148148   0.00495278     0.011407
   0.0148148            0  0.000847948    0.0140948
 -0.00495278 -0.000847948            0   0.00767196
   -0.011407   -0.0140948  -0.00767196            0
Repeater1[0]<--->EndNode1[0]
REAL
   0.453278  0.00682782  -0.0028759    0.325493
 0.00682782   0.0571827   0.0116568 -0.00984675
 -0.0028759   0.0116568   0.0655509 -0.00428329
   0.325493 -0.00984675 -0.00428329    0.423989
IMAGINARY
          0  0.00440016  0.00801844  0.00415763
-0.00440016           0  -0.0121331  0.00393125
-0.00801844   0.0121331           0  0.00377594
-0.00415763 -0.00393125 -0.00377594           0
Repeater1[0]<--->HoM1[0]
REAL
    0.45045 -0.00666763   0.0230143    0.330255
-0.00666763   0.0553411   0.0183504 0.000226084
  0.0230143   0.0183504   0.0579151    0.027252
   0.330255 0.000226084    0.027252    0.436293
IMAGINARY
           0   0.00495278   -0.0148148     0.011407
 -0.00495278            0 -0.000847948   0.00767196
   0.0148148  0.000847948            0    0.0140948
   -0.011407  -0.00767196   -0.0140948            0
EndNode1[0]<--->Repeater1[0]
REAL
    0.481481 -0.000221553     -0.01718     0.311975
-0.000221553    0.0523627    0.0106054 -0.000189718
    -0.01718    0.0106054     0.054917  -0.00846331
    0.311975 -0.000189718  -0.00846331     0.411239
IMAGINARY
          0 -0.00367053 -0.00622191   0.0128839
 0.00367053           0 -0.00591307 -0.00884658
 0.00622191  0.00591307           0  0.00914998
 -0.0128839  0.00884658 -0.00914998           0
EndNode2[0]<--->HoM1[0]
REAL
   0.473618   0.0184265 -0.00539817    0.326053
  0.0184265   0.0665829   0.0085723   0.0170261
-0.00539817   0.0085723   0.0464824 0.000953363
   0.326053   0.0170261 0.000953363    0.413317
IMAGINARY
           0 -0.000664206  0.000663456  -0.00417803
 0.000664206            0  -0.00958344   0.00190724
-0.000663456   0.00958344            0    0.0160884
  0.00417803  -0.00190724   -0.0160884            0
Repeater1[0]<--->EndNode1[0]
REAL
    0.481481     -0.01718 -0.000221553     0.311975
    -0.01718     0.054917    0.0106054  -0.00846331
-0.000221553    0.0106054    0.0523627 -0.000189718
    0.311975  -0.00846331 -0.000189718     0.411239
IMAGINARY
          0 -0.00622191 -0.00367053   0.0128839
 0.00622191           0  0.00591307  0.00914998
 0.00367053 -0.00591307           0 -0.00884658
 -0.0128839 -0.00914998  0.00884658           0
Repeater1[0]<--->HoM1[0]
REAL
   0.473618 -0.00539817   0.0184265    0.326053
-0.00539817   0.0464824   0.0085723 0.000953363
  0.0184265   0.0085723   0.0665829   0.0170261
   0.326053 0.000953363   0.0170261    0.413317
IMAGINARY
           0  0.000663456 -0.000664206  -0.00417803
-0.000663456            0   0.00958344    0.0160884
 0.000664206  -0.00958344            0   0.00190724
  0.00417803   -0.0160884  -0.00190724            0
EndNode1[0]<--->Repeater1[0]
REAL
  0.423347 -0.0100575 -0.0106581    0.32492
-0.0100575  0.0576653 0.00778443 -0.0151281
-0.0106581 0.00778443  0.0492264 -0.0094394
   0.32492 -0.0151281 -0.0094394   0.469761
IMAGINARY
           0   -0.0108696    0.0110206 -0.000935966
   0.0108696            0   -0.0273163 -0.000790422
  -0.0110206    0.0273163            0     0.019821
 0.000935966  0.000790422    -0.019821            0
EndNode2[0]<--->HoM1[0]
REAL
   0.430183 -0.00179605   0.0216721    0.326016
-0.00179605   0.0606488   0.0173425 -0.00788764
  0.0216721   0.0173425   0.0620592 -0.00572275
   0.326016 -0.00788764 -0.00572275    0.447109
IMAGINARY
           0    0.0070202   -0.0128043  -0.00314497
  -0.0070202            0  3.16475e-05  4.91842e-05
   0.0128043 -3.16475e-05            0   0.00318388
  0.00314497 -4.91842e-05  -0.00318388            0
Repeater1[0]<--->EndNode1[0]
REAL
  0.423347 -0.0106581 -0.0100575    0.32492
-0.0106581  0.0492264 0.00778443 -0.0094394
-0.0100575 0.00778443  0.0576653 -0.0151281
   0.32492 -0.0094394 -0.0151281   0.469761
IMAGINARY
           0    0.0110206   -0.0108696 -0.000935966
  -0.0110206            0    0.0273163     0.019821
   0.0108696   -0.0273163            0 -0.000790422
 0.000935966    -0.019821  0.000790422            0
Repeater1[0]<--->HoM1[0]
REAL
   0.430183   0.0216721 -0.00179605    0.326016
  0.0216721   0.0620592   0.0173425 -0.00572275
-0.00179605   0.0173425   0.0606488 -0.00788764
   0.326016 -0.00572275 -0.00788764    0.447109
IMAGINARY
           0   -0.0128043    0.0070202  -0.00314497
   0.0128043            0 -3.16475e-05   0.00318388
  -0.0070202  3.16475e-05            0  4.91842e-05
  0.00314497  -0.00318388 -4.91842e-05            0
EndNode1[0]<--->Repeater1[0]
REAL
    0.42623  -0.0149393  -0.0106377    0.319343
 -0.0149393   0.0592686   0.0139903 0.000301797
 -0.0106377   0.0139903   0.0453972 -0.00444058
   0.319343 0.000301797 -0.00444058    0.469105
IMAGINARY
          0  0.00864695   -0.011676 -0.00695328
-0.00864695           0  -0.0049069   0.0104594
   0.011676   0.0049069           0  -0.0147297
 0.00695328  -0.0104594   0.0147297           0
EndNode2[0]<--->HoM1[0]
REAL
   0.431169 -0.00591146    0.025708    0.326282
-0.00591146   0.0675325   0.0179067  -0.0174066
   0.025708   0.0179067   0.0545455  0.00144148
   0.326282  -0.0174066  0.00144148    0.446753
IMAGINARY
          0  0.00499334  0.00270123  -0.0146903
-0.00499334           0   0.0259188  -0.0115845
-0.00270123  -0.0259188           0 -0.00499334
  0.0146903   0.0115845  0.00499334           0
Repeater1[0]<--->EndNode1[0]
REAL
    0.42623  -0.0106377  -0.0149393    0.319343
 -0.0106377   0.0453972   0.0139903 -0.00444058
 -0.0149393   0.0139903   0.0592686 0.000301797
   0.319343 -0.00444058 0.000301797    0.469105
IMAGINARY
          0   -0.011676  0.00864695 -0.00695328
   0.011676           0   0.0049069  -0.0147297
-0.00864695  -0.0049069           0   0.0104594
 0.00695328   0.0147297  -0.0104594           0
Repeater1[0]<--->HoM1[0]
REAL
   0.431169    0.025708 -0.00591146    0.326282
   0.025708   0.0545455   0.0179067  0.00144148
-0.00591146   0.0179067   0.0675325  -0.0174066
   0.326282  0.00144148  -0.0174066    0.446753
IMAGINARY
          0  0.00270123  0.00499334  -0.0146903
-0.00270123           0  -0.0259188 -0.00499334
-0.00499334   0.0259188           0  -0.0115845
  0.0146903  0.00499334   0.0115845           0
EndNode1[0]<--->Repeater1[0]
REAL
  0.448276 0.00653111  0.0116719   0.322702
0.00653111  0.0510345 0.00463599  0.0123089
 0.0116719 0.00463599  0.0634483 0.00785737
  0.322702  0.0123089 0.00785737   0.437241
IMAGINARY
          0  0.00285472 -0.00817439   0.0139557
-0.00285472           0  0.00350063  0.00817439
 0.00817439 -0.00350063           0  0.00350661
 -0.0139557 -0.00817439 -0.00350661           0
EndNode2[0]<--->HoM1[0]
REAL
  0.422392  -0.030504 0.00915362   0.311945
 -0.030504  0.0597964 0.00768383 -0.0104799
0.00915362 0.00768383  0.0572519 0.00795756
  0.311945 -0.0104799 0.00795756    0.46056
IMAGINARY
           0    -0.019772    0.0228117 -0.000520955
    0.019772            0    0.0204215   -0.0035041
  -0.0228117   -0.0204215            0 -0.000867162
 0.000520955    0.0035041  0.000867162            0
Repeater1[0]<--->EndNode1[0]
REAL
  0.448276  0.0116719 0.00653111   0.322702
 0.0116719  0.0634483 0.00463599 0.00785737
0.00653111 0.00463599  0.0510345  0.0123089
  0.322702 0.00785737  0.0123089   0.437241
IMAGINARY
          0 -0.00817439  0.00285472   0.0139557
 0.00817439           0 -0.00350063  0.00350661
-0.00285472  0.00350063           0  0.00817439
 -0.0139557 -0.00350661 -0.00817439           0
Repeater1[0]<--->HoM1[0]
REAL
  0.422392 0.00915362  -0.030504   0.311945
0.00915362  0.0572519 0.00768383 0.00795756
 -0.030504 0.00768383  0.0597964 -0.0104799
  0.311945 0.00795756 -0.0104799    0.46056
IMAGINARY
           0    0.0228117    -0.019772 -0.000520955
  -0.0228117            0   -0.0204215 -0.000867162
    0.019772    0.0204215            0   -0.0035041
 0.000520955  0.000867162    0.0035041            0
EndNode1[0]<--->Repeater1[0]
REAL
   0.470434  0.00653641 -0.00200718    0.328902
 0.00653641   0.0551905   0.0177316  -0.0142023
-0.00200718   0.0177316    0.065703  -0.0239928
   0.328902  -0.0142023  -0.0239928    0.408673
IMAGINARY
          0   0.0099734  -0.0183027   0.0128497
 -0.0099734           0  0.00915515  0.00899421
  0.0183027 -0.00915515           0   0.0099734
 -0.0128497 -0.00899421  -0.0099734           0
EndNode2[0]<--->HoM1[0]
REAL
   0.473684  -0.0133966   0.0045597    0.308769
 -0.0133966    0.055199   0.0168845 -0.00393703
  0.0045597   0.0168845   0.0513479  0.00156598
   0.308769 -0.00393703  0.00156598    0.419769
IMAGINARY
          0  -0.0331339 -0.00772386 -0.00592105
  0.0331339           0  -0.0164474  0.00641496
 0.00772386   0.0164474           0  0.00172032
 0.00592105 -0.00641496 -0.00172032           0
Repeater1[0]<--->EndNode1[0]
REAL
   0.470434 -0.00200718  0.00653641    0.328902
-0.00200718    0.065703   0.0177316  -0.0239928
 0.00653641   0.0177316   0.0551905  -0.0142023
   0.328902  -0.0239928  -0.0142023    0.408673
IMAGINARY
          0  -0.0183027   0.0099734   0.0128497
  0.0183027           0 -0.00915515   0.0099734
 -0.0099734  0.00915515           0  0.00899421
 -0.0128497  -0.0099734 -0.00899421           0
Repeater1[0]<--->HoM1[0]
REAL
   0.473684   0.0045597  -0.0133966    0.308769
  0.0045597   0.0513479   0.0168845  0.00156598
 -0.0133966   0.0168845    0.055199 -0.00393703
   0.308769  0.00156598 -0.00393703    0.419769
IMAGINARY
          0 -0.00772386  -0.0331339 -0.00592105
 0.00772386           0   0.0164474  0.00172032
  0.0331339  -0.0164474           0  0.00641496
 0.00592105 -0.00172032 -0.00641496           0
EndNode1[0]<--->Repeater1[0]
REAL
   0.452659 -0.00191587    0.014268    0.308008
-0.00191587   0.0648508   0.0108505  -0.0241935
   0.014268   0.0108505   0.0687419  0.00439726
   0.308008  -0.0241935  0.00439726    0.413748
IMAGINARY
          0 -0.00802131  0.00179018   0.0190979
 0.00802131           0   0.0102372 -0.00695814
-0.00179018  -0.0102372           0   0.0196492
 -0.0190979  0.00695814  -0.0196492           0
EndNode2[0]<--->HoM1[0]
REAL
   0.453595   0.0123827  0.00340099    0.303418
  0.0123827   0.0784314     0.01116 -0.00723731
 0.00340099     0.01116   0.0457516  0.00807766
   0.303418 -0.00723731  0.00807766    0.422222
IMAGINARY
          0   0.0153554 -0.00326055  0.00752615
 -0.0153554           0  -0.0213452  -0.0283524
 0.00326055   0.0213452           0  0.00722528
-0.00752615   0.0283524 -0.00722528           0
Repeater1[0]<--->EndNode1[0]
REAL
   0.452659    0.014268 -0.00191587    0.308008
   0.014268   0.0687419   0.0108505  0.00439726
-0.00191587   0.0108505   0.0648508  -0.0241935
   0.308008  0.00439726  -0.0241935    0.413748
IMAGINARY
          0  0.00179018 -0.00802131   0.0190979
-0.00179018           0  -0.0102372   0.0196492
 0.00802131   0.0102372           0 -0.00695814
 -0.0190979  -0.0196492  0.00695814           0
Repeater1[0]<--->HoM1[0]
REAL
   0.453595  0.00340099   0.0123827    0.303418
 0.00340099   0.0457516     0.01116  0.00807766
  0.0123827     0.01116   0.0784314 -0.00723731
   0.303418  0.00807766 -0.00723731    0.422222
IMAGINARY
          0 -0.00326055   0.0153554  0.00752615
 0.00326055           0   0.0213452  0.00722528
 -0.0153554  -0.0213452           0  -0.0283524
-0.00752615 -0.00722528   0.0283524           0
EndNode1[0]<--->Repeater1[0]
REAL
  0.435013 0.00947539  0.0220604   0.324841
0.00947539  0.0530504  0.0276184  -0.027735
 0.0220604  0.0276184  0.0623342 0.00880961
  0.324841  -0.027735 0.00880961   0.449602
IMAGINARY
          0  0.00929571     -0.0125  0.00593429
-0.00929571           0  -0.0197067     -0.0125
     0.0125   0.0197067           0   0.0184821
-0.00593429      0.0125  -0.0184821           0
EndNode2[0]<--->HoM1[0]
REAL
     0.43295   0.00909095  -0.00926294     0.329414
  0.00909095    0.0561941 -0.000176874    0.0163781
 -0.00926294 -0.000176874    0.0561941  -0.00456314
    0.329414    0.0163781  -0.00456314     0.454662
IMAGINARY
          0   0.0124212  0.00278123  0.00618472
 -0.0124212           0   0.0128192 -0.00212073
-0.00278123  -0.0128192           0 -0.00119266
-0.00618472  0.00212073  0.00119266           0
Repeater1[0]<--->EndNode1[0]
REAL
  0.435013  0.0220604 0.00947539   0.324841
 0.0220604  0.0623342  0.0276184 0.00880961
0.00947539  0.0276184  0.0530504  -0.027735
  0.324841 0.00880961  -0.027735   0.449602
IMAGINARY
          0     -0.0125  0.00929571  0.00593429
     0.0125           0   0.0197067   0.0184821
-0.00929571  -0.0197067           0     -0.0125
-0.00593429  -0.0184821      0.0125           0
Repeater1[0]<--->HoM1[0]
REAL
     0.43295  -0.00926294   0.00909095     0.329414
 -0.00926294    0.0561941 -0.000176874  -0.00456314
  0.00909095 -0.000176874    0.0561941    0.0163781
    0.329414  -0.00456314    0.0163781     0.454662
IMAGINARY
          0  0.00278123   0.0124212  0.00618472
-0.00278123           0  -0.0128192 -0.00119266
 -0.0124212   0.0128192           0 -0.00212073
-0.00618472  0.00119266  0.00212073           0
EndNode1[0]<--->Repeater1[0]
REAL
   0.439056   0.0372901 0.000985545    0.315476
  0.0372901    0.068152   0.0268367 0.000985545
0.000985545   0.0268367   0.0720839  0.00673093
   0.315476 0.000985545  0.00673093    0.420708
IMAGINARY
           0    0.0170145  -0.00470244 -0.000216012
  -0.0170145            0   -0.0113271   -0.0078471
  0.00470244    0.0113271            0   0.00610307
 0.000216012    0.0078471  -0.00610307            0
EndNode2[0]<--->HoM1[0]
REAL
   0.451174   0.0137247 -0.00483241    0.304253
  0.0137247   0.0692213  0.00900839    0.020394
-0.00483241  0.00900839   0.0630408   0.0099559
   0.304253    0.020394   0.0099559    0.416564
IMAGINARY
          0 -0.00602698   0.0237922 -0.00125764
 0.00602698           0  0.00582087 -0.00067459
 -0.0237922 -0.00582087           0  -0.0104856
 0.00125764  0.00067459   0.0104856           0
Repeater1[0]<--->EndNode1[0]
REAL
   0.439056 0.000985545   0.0372901    0.315476
0.000985545   0.0720839   0.0268367  0.00673093
  0.0372901   0.0268367    0.068152 0.000985545
   0.315476  0.00673093 0.000985545    0.420708
IMAGINARY
           0  -0.00470244    0.0170145 -0.000216012
  0.00470244            0    0.0113271   0.00610307
  -0.0170145   -0.0113271            0   -0.0078471
 0.000216012  -0.00610307    0.0078471            0
Repeater1[0]<--->HoM1[0]
REAL
   0.451174 -0.00483241   0.0137247    0.304253
-0.00483241   0.0630408  0.00900839   0.0099559
  0.0137247  0.00900839   0.0692213    0.020394
   0.304253   0.0099559    0.020394    0.416564
IMAGINARY
          0   0.0237922 -0.00602698 -0.00125764
 -0.0237922           0 -0.00582087  -0.0104856
 0.00602698  0.00582087           0 -0.00067459
 0.00125764   0.0104856  0.00067459           0
EndNode1[0]<--->Repeater1[0]
REAL
    0.434555 -0.000201992   0.00979136     0.297674
-0.000201992    0.0484293    0.0228997 -0.000221987
  0.00979136    0.0228997    0.0641361    0.0169484
    0.297674 -0.000221987    0.0169484      0.45288
IMAGINARY
          0  0.00212734   0.0165108   0.0240038
-0.00212734           0   0.0164661  -0.0120063
 -0.0165108  -0.0164661           0  -0.0233629
 -0.0240038   0.0120063   0.0233629           0
EndNode2[0]<--->HoM1[0]
REAL
  0.439516  0.0132968 -0.0102139   0.311475
 0.0132968  0.0698925  0.0187609 -0.0052756
-0.0102139  0.0187609   0.063172 -0.0126772
  0.311475 -0.0052756 -0.0126772   0.427419
IMAGINARY
          0  -0.0103797 -0.00562445    0.015494
  0.0103797           0  0.00888021  0.00813702
 0.00562445 -0.00888021           0   0.0141486
  -0.015494 -0.00813702  -0.0141486           0
Repeater1[0]<--->EndNode1[0]
REAL
    0.434555   0.00979136 -0.000201992     0.297674
  0.00979136    0.0641361    0.0228997    0.0169484
-0.000201992    0.0228997    0.0484293 -0.000221987
    0.297674    0.0169484 -0.000221987      0.45288
IMAGINARY
          0   0.0165108  0.00212734   0.0240038
 -0.0165108           0  -0.0164661  -0.0233629
-0.00212734   0.0164661           0  -0.0120063
 -0.0240038   0.0233629   0.0120063           0
Repeater1[0]<--->HoM1[0]
REAL
  0.439516 -0.0102139  0.0132968   0.311475
-0.0102139   0.063172  0.0187609 -0.0126772
 0.0132968  0.0187609  0.0698925 -0.0052756
  0.311475 -0.0126772 -0.0052756   0.427419
IMAGINARY
          0 -0.00562445  -0.0103797    0.015494
 0.00562445           0 -0.00888021   0.0141486
  0.0103797  0.00888021           0  0.00813702
  -0.015494  -0.0141486 -0.00813702           0
EndNode1[0]<--->Repeater1[0]
REAL
    0.470588  -0.00278272    0.0241564     0.319148
 -0.00278272    0.0588235   0.00467383 -0.000583191
   0.0241564   0.00467383    0.0550688    0.0114676
    0.319148 -0.000583191    0.0114676     0.415519
IMAGINARY
           0   0.00262135  -0.00334282    0.0187318
 -0.00262135            0 -6.51629e-05  0.000711238
  0.00334282  6.51629e-05            0   0.00132602
  -0.0187318 -0.000711238  -0.00132602            0
EndNode2[0]<--->HoM1[0]
REAL
