EndNode1[0]<--->Repeater1[0]
REAL
   0.479695   -0.013376   -0.022438    0.368709
  -0.013376   0.0545685 -0.00547186 -0.00328345
  -0.022438 -0.00547186   0.0406091  0.00647512
   0.368709 -0.00328345  0.00647512    0.425127
IMAGINARY
           0  -0.00293605  0.000991562    0.0201799
  0.00293605            0 -2.87357e-05   -0.0121318
-0.000991562  2.87357e-05            0   0.00359136
  -0.0201799    0.0121318  -0.00359136            0
EndNode2[0]<--->HoM1[0]
REAL
  0.485934 -0.0311454 -0.0201127   0.354457
-0.0311454  0.0370844 -0.0088971 0.00402521
-0.0201127 -0.0088971  0.0332481  0.0021879
  0.354457 0.00402521  0.0021879   0.443734
IMAGINARY
           0 -0.000933734    0.0145994   0.00519343
 0.000933734            0 -0.000688924   0.00962424
  -0.0145994  0.000688924            0   -0.0108675
 -0.00519343  -0.00962424    0.0108675            0
Repeater1[0]<--->EndNode1[0]
REAL
   0.479695   -0.022438   -0.013376    0.368709
  -0.022438   0.0406091 -0.00547186  0.00647512
  -0.013376 -0.00547186   0.0545685 -0.00328345
   0.368709  0.00647512 -0.00328345    0.425127
IMAGINARY
           0  0.000991562  -0.00293605    0.0201799
-0.000991562            0  2.87357e-05   0.00359136
  0.00293605 -2.87357e-05            0   -0.0121318
  -0.0201799  -0.00359136    0.0121318            0
Repeater1[0]<--->HoM1[0]
REAL
  0.485934 -0.0201127 -0.0311454   0.354457
-0.0201127  0.0332481 -0.0088971  0.0021879
-0.0311454 -0.0088971  0.0370844 0.00402521
  0.354457  0.0021879 0.00402521   0.443734
IMAGINARY
           0    0.0145994 -0.000933734   0.00519343
  -0.0145994            0  0.000688924   -0.0108675
 0.000933734 -0.000688924            0   0.00962424
 -0.00519343    0.0108675  -0.00962424            0
EndNode1[0]<--->Repeater1[0]
REAL
   0.455128  -0.0145515 -0.00342235    0.359187
 -0.0145515   0.0371795  0.00438909  -0.0118094
-0.00342235  0.00438909   0.0423077  -0.0126009
   0.359187  -0.0118094  -0.0126009    0.465385
IMAGINARY
          0   0.0123979  0.00284562  0.00760849
 -0.0123979           0   -0.016315  -0.0154719
-0.00284562    0.016315           0 -0.00355953
-0.00760849   0.0154719  0.00355953           0
EndNode2[0]<--->HoM1[0]
REAL
  0.465806   0.019746   0.017945   0.370547
  0.019746       0.04 0.00929748 0.00789477
  0.017945 0.00929748  0.0477419  0.0177217
  0.370547 0.00789477  0.0177217   0.446452
IMAGINARY
          0 -0.00325194   0.0131526  0.00451167
 0.00325194           0 -0.00577111 -0.00440263
 -0.0131526  0.00577111           0  -0.0142481
-0.00451167  0.00440263   0.0142481           0
Repeater1[0]<--->EndNode1[0]
REAL
   0.455128 -0.00342235  -0.0145515    0.359187
-0.00342235   0.0423077  0.00438909  -0.0126009
 -0.0145515  0.00438909   0.0371795  -0.0118094
   0.359187  -0.0126009  -0.0118094    0.465385
IMAGINARY
          0  0.00284562   0.0123979  0.00760849
-0.00284562           0    0.016315 -0.00355953
 -0.0123979   -0.016315           0  -0.0154719
-0.00760849  0.00355953   0.0154719           0
Repeater1[0]<--->HoM1[0]
REAL
  0.465806   0.017945   0.019746   0.370547
  0.017945  0.0477419 0.00929748  0.0177217
  0.019746 0.00929748       0.04 0.00789477
  0.370547  0.0177217 0.00789477   0.446452
IMAGINARY
          0   0.0131526 -0.00325194  0.00451167
 -0.0131526           0  0.00577111  -0.0142481
 0.00325194 -0.00577111           0 -0.00440263
-0.00451167   0.0142481  0.00440263           0
EndNode1[0]<--->Repeater1[0]
REAL
   0.458556  -0.0135841 0.000688553    0.373635
 -0.0135841   0.0427807 -0.00887113 -0.00192925
0.000688553 -0.00887113   0.0427807 -0.00626702
   0.373635 -0.00192925 -0.00626702    0.455882
IMAGINARY
          0  0.00197965   0.0021162 -0.00950182
-0.00197965           0  -0.0140651   -0.015171
 -0.0021162   0.0140651           0  0.00324228
 0.00950182    0.015171 -0.00324228           0
EndNode2[0]<--->HoM1[0]
REAL
    0.453003   -0.0150989   -0.0266723      0.36375
  -0.0150989     0.037859   -0.0114013 -0.000844482
  -0.0266723   -0.0114013    0.0430809   -0.0124179
     0.36375 -0.000844482   -0.0124179     0.466057
IMAGINARY
          0   0.0204329  -0.0216908 -0.00631937
 -0.0204329           0  -0.0115142 -0.00436979
  0.0216908   0.0115142           0   0.0165368
 0.00631937  0.00436979  -0.0165368           0
Repeater1[0]<--->EndNode1[0]
REAL
   0.458556 0.000688553  -0.0135841    0.373635
0.000688553   0.0427807 -0.00887113 -0.00626702
 -0.0135841 -0.00887113   0.0427807 -0.00192925
   0.373635 -0.00626702 -0.00192925    0.455882
IMAGINARY
          0   0.0021162  0.00197965 -0.00950182
 -0.0021162           0   0.0140651  0.00324228
-0.00197965  -0.0140651           0   -0.015171
 0.00950182 -0.00324228    0.015171           0
Repeater1[0]<--->HoM1[0]
REAL
    0.453003   -0.0266723   -0.0150989      0.36375
  -0.0266723    0.0430809   -0.0114013   -0.0124179
  -0.0150989   -0.0114013     0.037859 -0.000844482
     0.36375   -0.0124179 -0.000844482     0.466057
IMAGINARY
          0  -0.0216908   0.0204329 -0.00631937
  0.0216908           0   0.0115142   0.0165368
 -0.0204329  -0.0115142           0 -0.00436979
 0.00631937  -0.0165368  0.00436979           0
EndNode1[0]<--->Repeater1[0]
REAL
   0.463508  -0.0238439  -0.0369411    0.357268
 -0.0238439   0.0384123 -0.00989975 -0.00384841
 -0.0369411 -0.00989975   0.0358515   -0.014314
   0.357268 -0.00384841   -0.014314    0.462228
IMAGINARY
          0    0.011346 -0.00253126  -0.0144229
  -0.011346           0  0.00701552   0.0200751
 0.00253126 -0.00701552           0  -0.0163585
  0.0144229  -0.0200751   0.0163585           0
EndNode2[0]<--->HoM1[0]
REAL
    0.46729   0.0125711  0.00771111    0.379769
  0.0125711   0.0320427 -0.00553997  0.00523587
 0.00771111 -0.00553997   0.0280374 0.000375929
   0.379769  0.00523587 0.000375929     0.47263
IMAGINARY
          0   0.0108419  -0.0242036   0.0068694
 -0.0108419           0   0.0101546 -0.00285822
  0.0242036  -0.0101546           0   0.0175086
 -0.0068694  0.00285822  -0.0175086           0
Repeater1[0]<--->EndNode1[0]
REAL
   0.463508  -0.0369411  -0.0238439    0.357268
 -0.0369411   0.0358515 -0.00989975   -0.014314
 -0.0238439 -0.00989975   0.0384123 -0.00384841
   0.357268   -0.014314 -0.00384841    0.462228
IMAGINARY
          0 -0.00253126    0.011346  -0.0144229
 0.00253126           0 -0.00701552  -0.0163585
  -0.011346  0.00701552           0   0.0200751
  0.0144229   0.0163585  -0.0200751           0
Repeater1[0]<--->HoM1[0]
REAL
    0.46729  0.00771111   0.0125711    0.379769
 0.00771111   0.0280374 -0.00553997 0.000375929
  0.0125711 -0.00553997   0.0320427  0.00523587
   0.379769 0.000375929  0.00523587     0.47263
IMAGINARY
          0  -0.0242036   0.0108419   0.0068694
  0.0242036           0  -0.0101546   0.0175086
 -0.0108419   0.0101546           0 -0.00285822
 -0.0068694  -0.0175086  0.00285822           0
EndNode1[0]<--->Repeater1[0]
REAL
   0.478981 -0.00788794   -0.016448    0.366064
-0.00788794   0.0471338  0.00310652   0.0216294
  -0.016448  0.00310652   0.0394904  0.00400193
   0.366064   0.0216294  0.00400193    0.434395
IMAGINARY
           0   -0.0054575   -0.0172352   -0.0182721
   0.0054575            0     0.026836  0.000274538
   0.0172352    -0.026836            0    0.0129202
   0.0182721 -0.000274538   -0.0129202            0
EndNode2[0]<--->HoM1[0]
REAL
   0.468635   0.0125388   0.0173344    0.357155
  0.0125388   0.0430504 0.000981312   0.0028325
  0.0173344 0.000981312   0.0479705  0.00484647
   0.357155   0.0028325  0.00484647    0.440344
IMAGINARY
          0 -0.00468517    0.016983 -0.00930203
 0.00468517           0  0.00292448   0.0176167
  -0.016983 -0.00292448           0  -0.0244872
 0.00930203  -0.0176167   0.0244872           0
Repeater1[0]<--->EndNode1[0]
REAL
   0.478981   -0.016448 -0.00788794    0.366064
  -0.016448   0.0394904  0.00310652  0.00400193
-0.00788794  0.00310652   0.0471338   0.0216294
   0.366064  0.00400193   0.0216294    0.434395
IMAGINARY
           0   -0.0172352   -0.0054575   -0.0182721
   0.0172352            0    -0.026836    0.0129202
   0.0054575     0.026836            0  0.000274538
   0.0182721   -0.0129202 -0.000274538            0
Repeater1[0]<--->HoM1[0]
REAL
   0.468635   0.0173344   0.0125388    0.357155
  0.0173344   0.0479705 0.000981312  0.00484647
  0.0125388 0.000981312   0.0430504   0.0028325
   0.357155  0.00484647   0.0028325    0.440344
IMAGINARY
          0    0.016983 -0.00468517 -0.00930203
  -0.016983           0 -0.00292448  -0.0244872
 0.00468517  0.00292448           0   0.0176167
 0.00930203   0.0244872  -0.0176167           0
EndNode1[0]<--->Repeater1[0]
REAL
    0.44692   0.0028209 -0.00378716    0.356082
  0.0028209   0.0629096   0.0123714   0.0129224
-0.00378716   0.0123714   0.0327654   0.0111864
   0.356082   0.0129224   0.0111864    0.457405
IMAGINARY
           0   -0.0120273   0.00152529  -0.00349774
   0.0120273            0 -0.000927042    0.0181698
 -0.00152529  0.000927042            0   -0.0292687
  0.00349774   -0.0181698    0.0292687            0
EndNode2[0]<--->HoM1[0]
REAL
   0.459038  -0.0314102  -0.0115484    0.370717
 -0.0314102    0.046814   0.0172139  -0.0180083
 -0.0115484   0.0172139   0.0364109 -0.00923021
   0.370717  -0.0180083 -0.00923021    0.457737
IMAGINARY
          0   0.0104453 -0.00158964  -0.0107318
 -0.0104453           0 -0.00263717   0.0124177
 0.00158964  0.00263717           0  -0.0174517
  0.0107318  -0.0124177   0.0174517           0
Repeater1[0]<--->EndNode1[0]
REAL
    0.44692 -0.00378716   0.0028209    0.356082
-0.00378716   0.0327654   0.0123714   0.0111864
  0.0028209   0.0123714   0.0629096   0.0129224
   0.356082   0.0111864   0.0129224    0.457405
IMAGINARY
           0   0.00152529   -0.0120273  -0.00349774
 -0.00152529            0  0.000927042   -0.0292687
   0.0120273 -0.000927042            0    0.0181698
  0.00349774    0.0292687   -0.0181698            0
Repeater1[0]<--->HoM1[0]
REAL
   0.459038  -0.0115484  -0.0314102    0.370717
 -0.0115484   0.0364109   0.0172139 -0.00923021
 -0.0314102   0.0172139    0.046814  -0.0180083
   0.370717 -0.00923021  -0.0180083    0.457737
IMAGINARY
          0 -0.00158964   0.0104453  -0.0107318
 0.00158964           0  0.00263717  -0.0174517
 -0.0104453 -0.00263717           0   0.0124177
  0.0107318   0.0174517  -0.0124177           0
EndNode1[0]<--->Repeater1[0]
REAL
   0.45875 0.00733216   0.018552   0.338512
0.00733216     0.0525  0.0224502  0.0108597
  0.018552  0.0224502       0.04 0.00603682
  0.338512  0.0108597 0.00603682    0.44875
IMAGINARY
           0   0.00449462   0.00326576   -0.0292282
 -0.00449462            0  -0.00529869  0.000620254
 -0.00326576   0.00529869            0   0.00198206
   0.0292282 -0.000620254  -0.00198206            0
EndNode2[0]<--->HoM1[0]
REAL
   0.462141  0.00607826 -0.00442558    0.348212
 0.00607826   0.0496084 -0.00982818 0.000637706
-0.00442558 -0.00982818   0.0365535  -0.0123914
   0.348212 0.000637706  -0.0123914    0.451697
IMAGINARY
           0   0.00312639  -0.00503257  0.000326748
 -0.00312639            0    0.0061332   0.00880142
  0.00503257   -0.0061332            0   0.00692386
-0.000326748  -0.00880142  -0.00692386            0
Repeater1[0]<--->EndNode1[0]
REAL
   0.45875   0.018552 0.00733216   0.338512
  0.018552       0.04  0.0224502 0.00603682
0.00733216  0.0224502     0.0525  0.0108597
  0.338512 0.00603682  0.0108597    0.44875
IMAGINARY
           0   0.00326576   0.00449462   -0.0292282
 -0.00326576            0   0.00529869   0.00198206
 -0.00449462  -0.00529869            0  0.000620254
   0.0292282  -0.00198206 -0.000620254            0
Repeater1[0]<--->HoM1[0]
REAL
   0.462141 -0.00442558  0.00607826    0.348212
-0.00442558   0.0365535 -0.00982818  -0.0123914
 0.00607826 -0.00982818   0.0496084 0.000637706
   0.348212  -0.0123914 0.000637706    0.451697
IMAGINARY
           0  -0.00503257   0.00312639  0.000326748
  0.00503257            0   -0.0061332   0.00692386
 -0.00312639    0.0061332            0   0.00880142
-0.000326748  -0.00692386  -0.00880142            0
EndNode1[0]<--->Repeater1[0]
REAL
   0.475655 -0.00443131  -0.0197049     0.34164
-0.00443131   0.0349563  0.00958885   0.0164708
 -0.0197049  0.00958885   0.0449438  0.00766546
    0.34164   0.0164708  0.00766546    0.444444
IMAGINARY
          0    0.024932  -0.0283574  0.00216185
  -0.024932           0  -0.0068852  -0.0113862
  0.0283574   0.0068852           0   0.0160936
-0.00216185   0.0113862  -0.0160936           0
EndNode2[0]<--->HoM1[0]
REAL
     0.47416 -0.000308641  -0.00593553     0.364767
-0.000308641    0.0529716   0.00591188   0.00913655
 -0.00593553   0.00591188    0.0335917    0.0175942
    0.364767   0.00913655    0.0175942     0.439276
IMAGINARY
           0    0.0252343    0.0125861  -0.00461388
  -0.0252343            0   0.00764418  -0.00126783
  -0.0125861  -0.00764418            0  0.000731034
  0.00461388   0.00126783 -0.000731034            0
Repeater1[0]<--->EndNode1[0]
REAL
   0.475655  -0.0197049 -0.00443131     0.34164
 -0.0197049   0.0449438  0.00958885  0.00766546
-0.00443131  0.00958885   0.0349563   0.0164708
    0.34164  0.00766546   0.0164708    0.444444
IMAGINARY
          0  -0.0283574    0.024932  0.00216185
  0.0283574           0   0.0068852   0.0160936
  -0.024932  -0.0068852           0  -0.0113862
-0.00216185  -0.0160936   0.0113862           0
Repeater1[0]<--->HoM1[0]
REAL
     0.47416  -0.00593553 -0.000308641     0.364767
 -0.00593553    0.0335917   0.00591188    0.0175942
-0.000308641   0.00591188    0.0529716   0.00913655
    0.364767    0.0175942   0.00913655     0.439276
IMAGINARY
           0    0.0125861    0.0252343  -0.00461388
  -0.0125861            0  -0.00764418  0.000731034
  -0.0252343   0.00764418            0  -0.00126783
  0.00461388 -0.000731034   0.00126783            0
EndNode1[0]<--->Repeater1[0]
REAL
  0.462865  0.0191785 0.00298299   0.355896
 0.0191785  0.0371353   0.010441 0.00939325
0.00298299   0.010441  0.0397878  0.0204254
  0.355896 0.00939325  0.0204254   0.460212
IMAGINARY
           0    -0.014403  4.55685e-05    0.0117933
    0.014403            0  -0.00112661   0.00255183
-4.55685e-05   0.00112661            0    0.0157017
  -0.0117933  -0.00255183   -0.0157017            0
EndNode2[0]<--->HoM1[0]
REAL
    0.46477  0.00837047   0.0294109    0.366496
 0.00837047   0.0487805 -0.00770218  0.00717451
  0.0294109 -0.00770218   0.0271003   0.0102431
   0.366496  0.00717451   0.0102431     0.45935
IMAGINARY
           0   0.00802311 -0.000341995   -0.0187247
 -0.00802311            0 -6.31801e-05  -0.00286725
 0.000341995  6.31801e-05            0   0.00802311
   0.0187247   0.00286725  -0.00802311            0
Repeater1[0]<--->EndNode1[0]
REAL
  0.462865 0.00298299  0.0191785   0.355896
0.00298299  0.0397878   0.010441  0.0204254
 0.0191785   0.010441  0.0371353 0.00939325
  0.355896  0.0204254 0.00939325   0.460212
IMAGINARY
           0  4.55685e-05    -0.014403    0.0117933
-4.55685e-05            0   0.00112661    0.0157017
    0.014403  -0.00112661            0   0.00255183
  -0.0117933   -0.0157017  -0.00255183            0
Repeater1[0]<--->HoM1[0]
REAL
    0.46477   0.0294109  0.00837047    0.366496
  0.0294109   0.0271003 -0.00770218   0.0102431
 0.00837047 -0.00770218   0.0487805  0.00717451
   0.366496   0.0102431  0.00717451     0.45935
IMAGINARY
           0 -0.000341995   0.00802311   -0.0187247
 0.000341995            0  6.31801e-05   0.00802311
 -0.00802311 -6.31801e-05            0  -0.00286725
   0.0187247  -0.00802311   0.00286725            0
EndNode1[0]<--->Repeater1[0]
REAL
    0.437028  -0.00941074  -0.00781249     0.378017
 -0.00941074    0.0403023    0.0185351 -0.000488918
 -0.00781249    0.0185351    0.0453401   -0.0154935
    0.378017 -0.000488918   -0.0154935      0.47733
IMAGINARY
          0  -0.0253166   0.0219957  -0.0134697
  0.0253166           0 -0.00543511 -0.00494252
 -0.0219957  0.00543511           0   0.0041706
  0.0134697  0.00494252  -0.0041706           0
EndNode2[0]<--->HoM1[0]
REAL
    0.49281 -0.00250507   0.0160142     0.35862
-0.00250507   0.0470588  0.00274104 -0.00895383
  0.0160142  0.00274104   0.0535948  0.00443062
    0.35862 -0.00895383  0.00443062    0.406536
IMAGINARY
          0  0.00852896  0.00821239  0.00167826
-0.00852896           0  -0.0221911 -0.00378761
-0.00821239   0.0221911           0  -0.0104253
-0.00167826  0.00378761   0.0104253           0
Repeater1[0]<--->EndNode1[0]
REAL
    0.437028  -0.00781249  -0.00941074     0.378017
 -0.00781249    0.0453401    0.0185351   -0.0154935
 -0.00941074    0.0185351    0.0403023 -0.000488918
    0.378017   -0.0154935 -0.000488918      0.47733
IMAGINARY
          0   0.0219957  -0.0253166  -0.0134697
 -0.0219957           0  0.00543511   0.0041706
  0.0253166 -0.00543511           0 -0.00494252
  0.0134697  -0.0041706  0.00494252           0
Repeater1[0]<--->HoM1[0]
REAL
    0.49281   0.0160142 -0.00250507     0.35862
  0.0160142   0.0535948  0.00274104  0.00443062
-0.00250507  0.00274104   0.0470588 -0.00895383
    0.35862  0.00443062 -0.00895383    0.406536
IMAGINARY
          0  0.00821239  0.00852896  0.00167826
-0.00821239           0   0.0221911  -0.0104253
-0.00852896  -0.0221911           0 -0.00378761
-0.00167826   0.0104253  0.00378761           0
EndNode1[0]<--->Repeater1[0]
REAL
     0.4725 0.000612745  0.00492637     0.36293
0.000612745     0.04375  0.00349191   0.0122305
 0.00492637  0.00349191      0.0325 0.000612745
    0.36293   0.0122305 0.000612745     0.45125
IMAGINARY
          0 -0.00271675  -0.0060079  -0.0155676
 0.00271675           0 -0.00261423 -0.00537095
  0.0060079  0.00261423           0 -0.00598472
  0.0155676  0.00537095  0.00598472           0
EndNode2[0]<--->HoM1[0]
REAL
    0.44086  0.00960314  -0.0183318     0.36015
 0.00960314   0.0483871  0.00434205   0.0126856
 -0.0183318  0.00434205   0.0443548 -0.00521167
    0.36015   0.0126856 -0.00521167    0.466398
IMAGINARY
          0  0.00734047  0.00839167  -0.0103104
-0.00734047           0    0.012236  0.00963236
-0.00839167   -0.012236           0  0.00667822
  0.0103104 -0.00963236 -0.00667822           0
Repeater1[0]<--->EndNode1[0]
REAL
     0.4725  0.00492637 0.000612745     0.36293
 0.00492637      0.0325  0.00349191 0.000612745
0.000612745  0.00349191     0.04375   0.0122305
    0.36293 0.000612745   0.0122305     0.45125
IMAGINARY
          0  -0.0060079 -0.00271675  -0.0155676
  0.0060079           0  0.00261423 -0.00598472
 0.00271675 -0.00261423           0 -0.00537095
  0.0155676  0.00598472  0.00537095           0
Repeater1[0]<--->HoM1[0]
REAL
    0.44086  -0.0183318  0.00960314     0.36015
 -0.0183318   0.0443548  0.00434205 -0.00521167
 0.00960314  0.00434205   0.0483871   0.0126856
    0.36015 -0.00521167   0.0126856    0.466398
IMAGINARY
          0  0.00839167  0.00734047  -0.0103104
-0.00839167           0   -0.012236  0.00667822
-0.00734047    0.012236           0  0.00963236
  0.0103104 -0.00667822 -0.00963236           0
EndNode1[0]<--->Repeater1[0]
REAL
   0.507285 -0.00705757  0.00326463     0.36753
-0.00705757   0.0450331 -0.00964167  0.00260238
 0.00326463 -0.00964167   0.0463576  0.00379812
    0.36753  0.00260238  0.00379812    0.401325
IMAGINARY
           0 -0.000351347   -0.0160824 -0.000488813
 0.000351347            0   0.00923881    0.0111196
   0.0160824  -0.00923881            0   0.00407343
 0.000488813   -0.0111196  -0.00407343            0
EndNode2[0]<--->HoM1[0]
REAL
   0.493622 -0.00436198  0.00266667    0.361238
-0.00436198   0.0357143  0.00409524  0.00266667
 0.00266667  0.00409524   0.0369898   0.0136953
   0.361238  0.00266667   0.0136953    0.433673
IMAGINARY
           0   0.00681227  -0.00103232 -6.90376e-05
 -0.00681227            0   0.00897489   -0.0103161
  0.00103232  -0.00897489            0  0.000530859
 6.90376e-05    0.0103161 -0.000530859            0
Repeater1[0]<--->EndNode1[0]
REAL
   0.507285  0.00326463 -0.00705757     0.36753
 0.00326463   0.0463576 -0.00964167  0.00379812
-0.00705757 -0.00964167   0.0450331  0.00260238
    0.36753  0.00379812  0.00260238    0.401325
IMAGINARY
           0   -0.0160824 -0.000351347 -0.000488813
   0.0160824            0  -0.00923881   0.00407343
 0.000351347   0.00923881            0    0.0111196
 0.000488813  -0.00407343   -0.0111196            0
Repeater1[0]<--->HoM1[0]
REAL
   0.493622  0.00266667 -0.00436198    0.361238
 0.00266667   0.0369898  0.00409524   0.0136953
-0.00436198  0.00409524   0.0357143  0.00266667
   0.361238   0.0136953  0.00266667    0.433673
IMAGINARY
           0  -0.00103232   0.00681227 -6.90376e-05
  0.00103232            0  -0.00897489  0.000530859
 -0.00681227   0.00897489            0   -0.0103161
 6.90376e-05 -0.000530859    0.0103161            0
EndNode1[0]<--->Repeater1[0]
REAL
  0.494208  0.0040337 0.00719895   0.369675
 0.0040337   0.030888 0.00597926 0.00719895
0.00719895 0.00597926   0.046332 -0.0014159
  0.369675 0.00719895 -0.0014159   0.428571
IMAGINARY
          0   0.0135554  0.00253693  0.00689251
 -0.0135554           0  -0.0220841  -0.0241621
-0.00253693   0.0220841           0 -0.00241514
-0.00689251   0.0241621  0.00241514           0
EndNode2[0]<--->HoM1[0]
REAL
     0.49349   -0.0103734    -0.009484     0.353708
  -0.0103734    0.0390625   0.00736662 -0.000345619
   -0.009484   0.00736662    0.0429688  -0.00469872
    0.353708 -0.000345619  -0.00469872     0.424479
IMAGINARY
          0   0.0120544  -0.0193171  -0.0224359
 -0.0120544           0 -0.00320513  0.00468293
  0.0193171  0.00320513           0 -0.00717636
  0.0224359 -0.00468293  0.00717636           0
Repeater1[0]<--->EndNode1[0]
REAL
  0.494208 0.00719895  0.0040337   0.369675
0.00719895   0.046332 0.00597926 -0.0014159
 0.0040337 0.00597926   0.030888 0.00719895
  0.369675 -0.0014159 0.00719895   0.428571
IMAGINARY
          0  0.00253693   0.0135554  0.00689251
-0.00253693           0   0.0220841 -0.00241514
 -0.0135554  -0.0220841           0  -0.0241621
-0.00689251  0.00241514   0.0241621           0
Repeater1[0]<--->HoM1[0]
REAL
     0.49349    -0.009484   -0.0103734     0.353708
   -0.009484    0.0429688   0.00736662  -0.00469872
  -0.0103734   0.00736662    0.0390625 -0.000345619
    0.353708  -0.00469872 -0.000345619     0.424479
IMAGINARY
          0  -0.0193171   0.0120544  -0.0224359
  0.0193171           0  0.00320513 -0.00717636
 -0.0120544 -0.00320513           0  0.00468293
  0.0224359  0.00717636 -0.00468293           0
EndNode1[0]<--->Repeater1[0]
REAL
    0.420079   -0.0172981  5.31929e-05     0.358205
  -0.0172981    0.0396301  -0.00412246   0.00998697
 5.31929e-05  -0.00412246    0.0528402 -0.000774211
    0.358205   0.00998697 -0.000774211      0.48745
IMAGINARY
          0 -0.00847855  0.00183441  -0.0243678
 0.00847855           0  0.00436782  0.00755232
-0.00183441 -0.00436782           0 -0.00591444
  0.0243678 -0.00755232  0.00591444           0
EndNode2[0]<--->HoM1[0]
REAL
    0.4375  0.0118599  0.0122273   0.357041
 0.0118599  0.0442708 0.00249531  0.0238552
 0.0122273 0.00249531  0.0364583  0.0203566
  0.357041  0.0238552  0.0203566   0.481771
IMAGINARY
          0   0.0134839 -0.00781499 -0.00311653
 -0.0134839           0  -0.0302168 -0.00906812
 0.00781499   0.0302168           0  0.00859397
 0.00311653  0.00906812 -0.00859397           0
Repeater1[0]<--->EndNode1[0]
REAL
    0.420079  5.31929e-05   -0.0172981     0.358205
 5.31929e-05    0.0528402  -0.00412246 -0.000774211
  -0.0172981  -0.00412246    0.0396301   0.00998697
    0.358205 -0.000774211   0.00998697      0.48745
IMAGINARY
          0  0.00183441 -0.00847855  -0.0243678
-0.00183441           0 -0.00436782 -0.00591444
 0.00847855  0.00436782           0  0.00755232
  0.0243678  0.00591444 -0.00755232           0
Repeater1[0]<--->HoM1[0]
REAL
    0.4375  0.0122273  0.0118599   0.357041
 0.0122273  0.0364583 0.00249531  0.0203566
 0.0118599 0.00249531  0.0442708  0.0238552
  0.357041  0.0203566  0.0238552   0.481771
IMAGINARY
          0 -0.00781499   0.0134839 -0.00311653
 0.00781499           0   0.0302168  0.00859397
 -0.0134839  -0.0302168           0 -0.00906812
 0.00311653 -0.00859397  0.00906812           0
EndNode1[0]<--->Repeater1[0]
REAL
     0.50125 -3.05977e-05   0.00325671     0.359098
-3.05977e-05      0.02625 -0.000459562   0.00721449
  0.00325671 -0.000459562       0.0525  -0.00782281
    0.359098   0.00721449  -0.00782281         0.42
IMAGINARY
          0 -0.00398423   0.0155703  0.00776696
 0.00398423           0  0.00969746  0.00328532
 -0.0155703 -0.00969746           0  -0.0252746
-0.00776696 -0.00328532   0.0252746           0
EndNode2[0]<--->HoM1[0]
REAL
   0.464752 -0.00892003 -0.00623583    0.368675
-0.00892003   0.0430809 0.000388228  0.00174289
-0.00623583 0.000388228   0.0496084   0.0352358
   0.368675  0.00174289   0.0352358    0.442559
IMAGINARY
           0  -0.00286708    0.0124226  -0.00615241
  0.00286708            0    0.0191394   -0.0137014
  -0.0124226   -0.0191394            0  0.000309538
  0.00615241    0.0137014 -0.000309538            0
Repeater1[0]<--->EndNode1[0]
REAL
     0.50125   0.00325671 -3.05977e-05     0.359098
  0.00325671       0.0525 -0.000459562  -0.00782281
-3.05977e-05 -0.000459562      0.02625   0.00721449
    0.359098  -0.00782281   0.00721449         0.42
IMAGINARY
          0   0.0155703 -0.00398423  0.00776696
 -0.0155703           0 -0.00969746  -0.0252746
 0.00398423  0.00969746           0  0.00328532
-0.00776696   0.0252746 -0.00328532           0
Repeater1[0]<--->HoM1[0]
REAL
   0.464752 -0.00623583 -0.00892003    0.368675
-0.00623583   0.0496084 0.000388228   0.0352358
-0.00892003 0.000388228   0.0430809  0.00174289
   0.368675   0.0352358  0.00174289    0.442559
IMAGINARY
           0    0.0124226  -0.00286708  -0.00615241
  -0.0124226            0   -0.0191394  0.000309538
  0.00286708    0.0191394            0   -0.0137014
  0.00615241 -0.000309538    0.0137014            0
EndNode1[0]<--->Repeater1[0]
REAL
   0.471895   -0.010147  -0.0191309    0.359561
  -0.010147   0.0392157 -0.00331096  -0.0133691
 -0.0191309 -0.00331096   0.0470588 -0.00110304
   0.359561  -0.0133691 -0.00110304     0.44183
IMAGINARY
           0    0.0182041   0.00383313 -0.000261017
  -0.0182041            0   0.00289954   0.00845665
 -0.00383313  -0.00289954            0   -0.0123826
 0.000261017  -0.00845665    0.0123826            0
EndNode2[0]<--->HoM1[0]
REAL
    0.503251   0.00887183  -0.00226218     0.364691
  0.00887183    0.0364109  -0.00403507 -0.000470063
 -0.00226218  -0.00403507     0.046814   -0.0279975
    0.364691 -0.000470063   -0.0279975     0.413524
IMAGINARY
          0   0.0124498   0.0113468  -0.0118697
 -0.0124498           0  -0.0137057  0.00602768
 -0.0113468   0.0137057           0 -0.00923225
  0.0118697 -0.00602768  0.00923225           0
Repeater1[0]<--->EndNode1[0]
REAL
   0.471895  -0.0191309   -0.010147    0.359561
 -0.0191309   0.0470588 -0.00331096 -0.00110304
  -0.010147 -0.00331096   0.0392157  -0.0133691
   0.359561 -0.00110304  -0.0133691     0.44183
IMAGINARY
           0   0.00383313    0.0182041 -0.000261017
 -0.00383313            0  -0.00289954   -0.0123826
  -0.0182041   0.00289954            0   0.00845665
 0.000261017    0.0123826  -0.00845665            0
Repeater1[0]<--->HoM1[0]
REAL
    0.503251  -0.00226218   0.00887183     0.364691
 -0.00226218     0.046814  -0.00403507   -0.0279975
  0.00887183  -0.00403507    0.0364109 -0.000470063
    0.364691   -0.0279975 -0.000470063     0.413524
IMAGINARY
          0   0.0113468   0.0124498  -0.0118697
 -0.0113468           0   0.0137057 -0.00923225
 -0.0124498  -0.0137057           0  0.00602768
  0.0118697  0.00923225 -0.00602768           0
EndNode1[0]<--->Repeater1[0]
REAL
   0.465847 -0.00408668 0.000251727    0.347761
-0.00408668   0.0464481   0.0166887  -0.0194333
0.000251727   0.0166887   0.0409836 0.000250367
   0.347761  -0.0194333 0.000250367    0.446721
IMAGINARY
          0  0.00833448 -0.00241653  0.00529199
-0.00833448           0 -0.00337138  0.00303306
 0.00241653  0.00337138           0   -0.010184
-0.00529199 -0.00303306    0.010184           0
EndNode2[0]<--->HoM1[0]
REAL
   0.449933  -0.0128294 -0.00253799    0.368452
 -0.0128294    0.046729 -0.00331165 -0.00382334
-0.00253799 -0.00331165   0.0440587    0.001379
   0.368452 -0.00382334    0.001379    0.459279
IMAGINARY
          0  0.00252628  0.00160968  0.00558571
-0.00252628           0 -0.00683259   0.0113373
-0.00160968  0.00683259           0 -0.00560889
-0.00558571  -0.0113373  0.00560889           0
Repeater1[0]<--->EndNode1[0]
REAL
   0.465847 0.000251727 -0.00408668    0.347761
0.000251727   0.0409836   0.0166887 0.000250367
-0.00408668   0.0166887   0.0464481  -0.0194333
   0.347761 0.000250367  -0.0194333    0.446721
IMAGINARY
          0 -0.00241653  0.00833448  0.00529199
 0.00241653           0  0.00337138   -0.010184
-0.00833448 -0.00337138           0  0.00303306
-0.00529199    0.010184 -0.00303306           0
Repeater1[0]<--->HoM1[0]
REAL
   0.449933 -0.00253799  -0.0128294    0.368452
-0.00253799   0.0440587 -0.00331165    0.001379
 -0.0128294 -0.00331165    0.046729 -0.00382334
   0.368452    0.001379 -0.00382334    0.459279
IMAGINARY
          0  0.00160968  0.00252628  0.00558571
-0.00160968           0  0.00683259 -0.00560889
-0.00252628 -0.00683259           0   0.0113373
-0.00558571  0.00560889  -0.0113373           0
EndNode1[0]<--->Repeater1[0]
REAL
   0.461957 -0.00461997  0.00356942      0.3535
-0.00461997   0.0421196   0.0271972   0.0151973
 0.00356942   0.0271972   0.0543478   0.0193653
     0.3535   0.0151973   0.0193653    0.441576
IMAGINARY
          0   0.0109854 -0.00774079  -0.0295428
 -0.0109854           0  0.00194333  -0.0121103
 0.00774079 -0.00194333           0  -0.0109854
  0.0295428   0.0121103   0.0109854           0
EndNode2[0]<--->HoM1[0]
REAL
  0.497948 -0.0115493  0.0025157   0.366261
-0.0115493  0.0328317 0.00756493 -0.0058714
 0.0025157 0.00756493  0.0314637  0.0108781
  0.366261 -0.0058714  0.0108781   0.437756
IMAGINARY
           0   0.00192313  -0.00678775    0.0157664
 -0.00192313            0    0.0181645 -0.000458631
  0.00678775   -0.0181645            0 -0.000715396
  -0.0157664  0.000458631  0.000715396            0
Repeater1[0]<--->EndNode1[0]
REAL
   0.461957  0.00356942 -0.00461997      0.3535
 0.00356942   0.0543478   0.0271972   0.0193653
-0.00461997   0.0271972   0.0421196   0.0151973
     0.3535   0.0193653   0.0151973    0.441576
IMAGINARY
          0 -0.00774079   0.0109854  -0.0295428
 0.00774079           0 -0.00194333  -0.0109854
 -0.0109854  0.00194333           0  -0.0121103
  0.0295428   0.0109854   0.0121103           0
Repeater1[0]<--->HoM1[0]
REAL
  0.497948  0.0025157 -0.0115493   0.366261
 0.0025157  0.0314637 0.00756493  0.0108781
-0.0115493 0.00756493  0.0328317 -0.0058714
  0.366261  0.0108781 -0.0058714   0.437756
IMAGINARY
           0  -0.00678775   0.00192313    0.0157664
  0.00678775            0   -0.0181645 -0.000715396
 -0.00192313    0.0181645            0 -0.000458631
  -0.0157664  0.000715396  0.000458631            0
EndNode1[0]<--->Repeater1[0]
REAL
   0.461538 -0.00788558 -0.00727542    0.351849
-0.00788558   0.0391134   0.0112691 -0.00856741
-0.00727542   0.0112691   0.0495437   -0.013027
   0.351849 -0.00856741   -0.013027    0.449804
IMAGINARY
           0 -0.000301932  -0.00886265   0.00618471
 0.000301932            0    0.0254923    0.0121565
  0.00886265   -0.0254923            0  0.000960694
 -0.00618471   -0.0121565 -0.000960694            0
EndNode2[0]<--->HoM1[0]
REAL
   0.460772 -0.00337317   0.0192506    0.362983
-0.00337317   0.0311333  0.00298292 -0.00939519
  0.0192506  0.00298292   0.0286426  0.00271614
   0.362983 -0.00939519  0.00271614    0.479452
IMAGINARY
          0 -0.00511509   -0.018624  -0.0109023
 0.00511509           0 -0.00135576  0.00862398
   0.018624  0.00135576           0  0.00511509
  0.0109023 -0.00862398 -0.00511509           0
Repeater1[0]<--->EndNode1[0]
REAL
   0.461538 -0.00727542 -0.00788558    0.351849
-0.00727542   0.0495437   0.0112691   -0.013027
-0.00788558   0.0112691   0.0391134 -0.00856741
   0.351849   -0.013027 -0.00856741    0.449804
IMAGINARY
           0  -0.00886265 -0.000301932   0.00618471
  0.00886265            0   -0.0254923  0.000960694
 0.000301932    0.0254923            0    0.0121565
 -0.00618471 -0.000960694   -0.0121565            0
Repeater1[0]<--->HoM1[0]
REAL
   0.460772   0.0192506 -0.00337317    0.362983
  0.0192506   0.0286426  0.00298292  0.00271614
-0.00337317  0.00298292   0.0311333 -0.00939519
   0.362983  0.00271614 -0.00939519    0.479452
IMAGINARY
          0   -0.018624 -0.00511509  -0.0109023
   0.018624           0  0.00135576  0.00511509
 0.00511509 -0.00135576           0  0.00862398
  0.0109023 -0.00511509 -0.00862398           0
EndNode1[0]<--->Repeater1[0]
REAL
  0.439744  0.0248872 0.00905455   0.364417
 0.0248872  0.0346154  0.0169592  0.0318707
0.00905455  0.0169592  0.0730769  0.0184105
  0.364417  0.0318707  0.0184105   0.452564
IMAGINARY
          0   0.0160832  -0.0155987  -0.0223984
 -0.0160832           0 -0.00359168   -0.021559
  0.0155987  0.00359168           0 -0.00630485
  0.0223984    0.021559  0.00630485           0
EndNode2[0]<--->HoM1[0]
REAL
   0.460106  -0.0025372  -0.0118277    0.330149
 -0.0025372   0.0385638 -0.00339757  0.00354745
 -0.0118277 -0.00339757   0.0425532  -0.0108386
   0.330149  0.00354745  -0.0108386    0.458777
IMAGINARY
           0 -0.000274626  -0.00862777   0.00961561
 0.000274626            0   0.00500428   -0.0240227
  0.00862777  -0.00500428            0    0.0252426
 -0.00961561    0.0240227   -0.0252426            0
Repeater1[0]<--->EndNode1[0]
REAL
  0.439744 0.00905455  0.0248872   0.364417
0.00905455  0.0730769  0.0169592  0.0184105
 0.0248872  0.0169592  0.0346154  0.0318707
  0.364417  0.0184105  0.0318707   0.452564
IMAGINARY
          0  -0.0155987   0.0160832  -0.0223984
  0.0155987           0  0.00359168 -0.00630485
 -0.0160832 -0.00359168           0   -0.021559
  0.0223984  0.00630485    0.021559           0
Repeater1[0]<--->HoM1[0]
REAL
   0.460106  -0.0118277  -0.0025372    0.330149
 -0.0118277   0.0425532 -0.00339757  -0.0108386
 -0.0025372 -0.00339757   0.0385638  0.00354745
   0.330149  -0.0108386  0.00354745    0.458777
IMAGINARY
           0  -0.00862777 -0.000274626   0.00961561
  0.00862777            0  -0.00500428    0.0252426
 0.000274626   0.00500428            0   -0.0240227
 -0.00961561   -0.0252426    0.0240227            0
EndNode1[0]<--->Repeater1[0]
REAL
   0.449256 -0.00159785  -0.0055336    0.353755
-0.00159785    0.037889   0.0131752  0.00355731
 -0.0055336   0.0131752   0.0487145  -0.0122361
   0.353755  0.00355731  -0.0122361    0.464141
IMAGINARY
          0 -0.00113307 -0.00329381   0.0104919
 0.00113307           0   -0.016805  0.00527009
 0.00329381    0.016805           0  0.00310935
 -0.0104919 -0.00527009 -0.00310935           0
EndNode2[0]<--->HoM1[0]
REAL
  0.473282 -0.0039157 0.00491212   0.362674
-0.0039157  0.0407125 0.00197763  0.0128277
0.00491212 0.00197763  0.0318066  0.0124571
  0.362674  0.0128277  0.0124571   0.454198
IMAGINARY
          0  -0.0159734 -0.00138512 -0.00710268
  0.0159734           0  0.00389344   0.0175543
 0.00138512 -0.00389344           0  0.00726695
 0.00710268  -0.0175543 -0.00726695           0
Repeater1[0]<--->EndNode1[0]
REAL
   0.449256  -0.0055336 -0.00159785    0.353755
 -0.0055336   0.0487145   0.0131752  -0.0122361
-0.00159785   0.0131752    0.037889  0.00355731
   0.353755  -0.0122361  0.00355731    0.464141
IMAGINARY
          0 -0.00329381 -0.00113307   0.0104919
 0.00329381           0    0.016805  0.00310935
 0.00113307   -0.016805           0  0.00527009
 -0.0104919 -0.00310935 -0.00527009           0
Repeater1[0]<--->HoM1[0]
REAL
  0.473282 0.00491212 -0.0039157   0.362674
0.00491212  0.0318066 0.00197763  0.0124571
-0.0039157 0.00197763  0.0407125  0.0128277
  0.362674  0.0124571  0.0128277   0.454198
IMAGINARY
          0 -0.00138512  -0.0159734 -0.00710268
 0.00138512           0 -0.00389344  0.00726695
  0.0159734  0.00389344           0   0.0175543
 0.00710268 -0.00726695  -0.0175543           0
EndNode1[0]<--->Repeater1[0]
REAL
    0.426893  -0.00645149   -0.0138165     0.366063
 -0.00645149    0.0391645 -0.000429536   0.00218861
  -0.0138165 -0.000429536    0.0443864  -0.00776039
    0.366063   0.00218861  -0.00776039     0.489556
IMAGINARY
           0    -0.017188   0.00162576   -0.0139964
    0.017188            0 -0.000142457  0.000992044
 -0.00162576  0.000142457            0   -0.0273146
   0.0139964 -0.000992044    0.0273146            0
EndNode2[0]<--->HoM1[0]
REAL
   0.479578  -0.0134086  -0.0112965    0.363052
 -0.0134086   0.0461133 -0.00719658   -0.012513
 -0.0112965 -0.00719658   0.0447958 -0.00525297
   0.363052   -0.012513 -0.00525297    0.429513
IMAGINARY
           0   -0.0289868    0.0101254    0.0113395
   0.0289868            0  0.000110924   0.00756789
  -0.0101254 -0.000110924            0   0.00998284
  -0.0113395  -0.00756789  -0.00998284            0
Repeater1[0]<--->EndNode1[0]
REAL
    0.426893   -0.0138165  -0.00645149     0.366063
  -0.0138165    0.0443864 -0.000429536  -0.00776039
 -0.00645149 -0.000429536    0.0391645   0.00218861
    0.366063  -0.00776039   0.00218861     0.489556
IMAGINARY
           0   0.00162576    -0.017188   -0.0139964
 -0.00162576            0  0.000142457   -0.0273146
    0.017188 -0.000142457            0  0.000992044
   0.0139964    0.0273146 -0.000992044            0
Repeater1[0]<--->HoM1[0]
REAL
   0.479578  -0.0112965  -0.0134086    0.363052
 -0.0112965   0.0447958 -0.00719658 -0.00525297
 -0.0134086 -0.00719658   0.0461133   -0.012513
   0.363052 -0.00525297   -0.012513    0.429513
IMAGINARY
           0    0.0101254   -0.0289868    0.0113395
  -0.0101254            0 -0.000110924   0.00998284
   0.0289868  0.000110924            0   0.00756789
  -0.0113395  -0.00998284  -0.00756789            0
EndNode1[0]<--->Repeater1[0]
REAL
   0.471939   0.0152072   0.0152043    0.361485
  0.0152072   0.0535714   0.0116118 -0.00378301
  0.0152043   0.0116118   0.0484694  0.00382834
   0.361485 -0.00378301  0.00382834     0.42602
IMAGINARY
          0  -0.0177819   0.0112389  -0.0308113
  0.0177819           0  -0.0103652   0.0231122
 -0.0112389   0.0103652           0  0.00887607
  0.0308113  -0.0231122 -0.00887607           0
EndNode2[0]<--->HoM1[0]
REAL
  0.432069 0.00450831  0.0134395   0.355962
0.00450831  0.0575275  0.0119132 0.00210451
 0.0134395  0.0119132  0.0501836  0.0110357
  0.355962 0.00210451  0.0110357    0.46022
IMAGINARY
           0    0.0415303   -0.0176005  -0.00280601
  -0.0415303            0 -0.000261478   -0.0227552
   0.0176005  0.000261478            0    0.0179772
  0.00280601    0.0227552   -0.0179772            0
Repeater1[0]<--->EndNode1[0]
REAL
   0.471939   0.0152043   0.0152072    0.361485
  0.0152043   0.0484694   0.0116118  0.00382834
  0.0152072   0.0116118   0.0535714 -0.00378301
   0.361485  0.00382834 -0.00378301     0.42602
IMAGINARY
          0   0.0112389  -0.0177819  -0.0308113
 -0.0112389           0   0.0103652  0.00887607
  0.0177819  -0.0103652           0   0.0231122
  0.0308113 -0.00887607  -0.0231122           0
Repeater1[0]<--->HoM1[0]
REAL
  0.432069  0.0134395 0.00450831   0.355962
 0.0134395  0.0501836  0.0119132  0.0110357
0.00450831  0.0119132  0.0575275 0.00210451
  0.355962  0.0110357 0.00210451    0.46022
IMAGINARY
           0   -0.0176005    0.0415303  -0.00280601
   0.0176005            0  0.000261478    0.0179772
  -0.0415303 -0.000261478            0   -0.0227552
  0.00280601   -0.0179772    0.0227552            0
EndNode1[0]<--->Repeater1[0]
REAL
   0.443286   0.0161182 -0.00656004    0.344851
  0.0161182   0.0638853   0.0151739  0.00466849
-0.00656004   0.0151739    0.041721  0.00342784
   0.344851  0.00466849  0.00342784    0.451108
IMAGINARY
