EndNode1[0]<--->Repeater1[0]
REAL
   0.475248  0.00381202 -0.00545925     0.30702
 0.00381202   0.0928218 0.000991108 -0.00420925
-0.00545925 0.000991108    0.108911   0.0100001
    0.30702 -0.00420925   0.0100001     0.32302
IMAGINARY
          0 -0.00625647  -0.0131062  -0.0133681
 0.00625647           0 -0.00998517  -0.0137615
  0.0131062  0.00998517           0  0.00953301
  0.0133681   0.0137615 -0.00953301           0
EndNode2[0]<--->HoM1[0]
REAL
   0.447903 -0.00679839  -0.0160757      0.3597
-0.00679839   0.0933694 -0.00885682  0.00505106
 -0.0160757 -0.00885682   0.0744249  -0.0236815
     0.3597  0.00505106  -0.0236815    0.384303
IMAGINARY
          0  -0.0133462  0.00247662  -0.0012994
  0.0133462           0 -0.00973001  -0.0127859
-0.00247662  0.00973001           0 -0.00211769
  0.0012994   0.0127859  0.00211769           0
Repeater1[0]<--->EndNode1[0]
REAL
   0.475248 -0.00545925  0.00381202     0.30702
-0.00545925    0.108911 0.000991108   0.0100001
 0.00381202 0.000991108   0.0928218 -0.00420925
    0.30702   0.0100001 -0.00420925     0.32302
IMAGINARY
          0  -0.0131062 -0.00625647  -0.0133681
  0.0131062           0  0.00998517  0.00953301
 0.00625647 -0.00998517           0  -0.0137615
  0.0133681 -0.00953301   0.0137615           0
Repeater1[0]<--->HoM1[0]
REAL
   0.447903  -0.0160757 -0.00679839      0.3597
 -0.0160757   0.0744249 -0.00885682  -0.0236815
-0.00679839 -0.00885682   0.0933694  0.00505106
     0.3597  -0.0236815  0.00505106    0.384303
IMAGINARY
          0  0.00247662  -0.0133462  -0.0012994
-0.00247662           0  0.00973001 -0.00211769
  0.0133462 -0.00973001           0  -0.0127859
  0.0012994  0.00211769   0.0127859           0
EndNode1[0]<--->Repeater1[0]
REAL
   0.467114  0.00070081  -0.0174483    0.281277
 0.00070081   0.0993289  0.00205628 -0.00178249
 -0.0174483  0.00205628    0.110067  -0.0109572
   0.281277 -0.00178249  -0.0109572     0.32349
IMAGINARY
          0  -0.0157944    0.018117 -0.00196017
  0.0157944           0 -0.00386131 -0.00123385
  -0.018117  0.00386131           0  0.00410609
 0.00196017  0.00123385 -0.00410609           0
EndNode2[0]<--->HoM1[0]
REAL
    0.468912 -0.000885922   -0.0154681     0.353851
-0.000885922    0.0738342    0.0233645    0.0255947
  -0.0154681    0.0233645    0.0582902   0.00215174
    0.353851    0.0255947   0.00215174     0.398964
IMAGINARY
          0   0.0133793   0.0112219 -0.00562243
 -0.0133793           0  0.00294147  0.00126171
 -0.0112219 -0.00294147           0 -0.00615196
 0.00562243 -0.00126171  0.00615196           0
Repeater1[0]<--->EndNode1[0]
REAL
   0.467114  -0.0174483  0.00070081    0.281277
 -0.0174483    0.110067  0.00205628  -0.0109572
 0.00070081  0.00205628   0.0993289 -0.00178249
   0.281277  -0.0109572 -0.00178249     0.32349
IMAGINARY
          0    0.018117  -0.0157944 -0.00196017
  -0.018117           0  0.00386131  0.00410609
  0.0157944 -0.00386131           0 -0.00123385
 0.00196017 -0.00410609  0.00123385           0
Repeater1[0]<--->HoM1[0]
REAL
    0.468912   -0.0154681 -0.000885922     0.353851
  -0.0154681    0.0582902    0.0233645   0.00215174
-0.000885922    0.0233645    0.0738342    0.0255947
    0.353851   0.00215174    0.0255947     0.398964
IMAGINARY
          0   0.0112219   0.0133793 -0.00562243
 -0.0112219           0 -0.00294147 -0.00615196
 -0.0133793  0.00294147           0  0.00126171
 0.00562243  0.00615196 -0.00126171           0
EndNode1[0]<--->Repeater1[0]
REAL
  0.486877  0.0250388  0.0148342   0.297046
 0.0250388  0.0853018  -0.011155  0.0161064
 0.0148342  -0.011155  0.0971129 0.00961465
  0.297046  0.0161064 0.00961465   0.330709
IMAGINARY
          0 -0.00966315 -0.00108963 -0.00700113
 0.00966315           0  0.00307443   0.0341584
 0.00108963 -0.00307443           0  -0.0300194
 0.00700113  -0.0341584   0.0300194           0
EndNode2[0]<--->HoM1[0]
REAL
   0.478697 0.000467588  -0.0153405    0.361325
0.000467588   0.0614035 -0.00756983 -0.00112858
 -0.0153405 -0.00756983   0.0526316  -0.0208892
   0.361325 -0.00112858  -0.0208892    0.407268
IMAGINARY
          0 -0.00242521  0.00354275   0.0115455
 0.00242521           0  -0.0260192  0.00288399
-0.00354275   0.0260192           0  0.00628125
 -0.0115455 -0.00288399 -0.00628125           0
Repeater1[0]<--->EndNode1[0]
REAL
  0.486877  0.0148342  0.0250388   0.297046
 0.0148342  0.0971129  -0.011155 0.00961465
 0.0250388  -0.011155  0.0853018  0.0161064
  0.297046 0.00961465  0.0161064   0.330709
IMAGINARY
          0 -0.00108963 -0.00966315 -0.00700113
 0.00108963           0 -0.00307443  -0.0300194
 0.00966315  0.00307443           0   0.0341584
 0.00700113   0.0300194  -0.0341584           0
Repeater1[0]<--->HoM1[0]
REAL
   0.478697  -0.0153405 0.000467588    0.361325
 -0.0153405   0.0526316 -0.00756983  -0.0208892
0.000467588 -0.00756983   0.0614035 -0.00112858
   0.361325  -0.0208892 -0.00112858    0.407268
IMAGINARY
          0  0.00354275 -0.00242521   0.0115455
-0.00354275           0   0.0260192  0.00628125
 0.00242521  -0.0260192           0  0.00288399
 -0.0115455 -0.00628125 -0.00288399           0
EndNode1[0]<--->Repeater1[0]
REAL
   0.479578  0.00100038   -0.009076    0.301844
 0.00100038    0.106719 -0.00886581 0.000601422
  -0.009076 -0.00886581   0.0843215  0.00626354
   0.301844 0.000601422  0.00626354    0.329381
IMAGINARY
          0  0.00466534  0.00529265  0.00460337
-0.00466534           0  -0.0140137  0.00529265
-0.00529265   0.0140137           0 -0.00279735
-0.00460337 -0.00529265  0.00279735           0
EndNode2[0]<--->HoM1[0]
REAL
    0.48583  -0.0183114 -0.00323486    0.348802
 -0.0183114   0.0728745 -0.00223415   0.0106373
-0.00323486 -0.00223415   0.0620783    0.023022
   0.348802   0.0106373    0.023022    0.379217
IMAGINARY
           0   0.00591214   -0.0158851   0.00712249
 -0.00591214            0  -0.00387995  -0.00743098
   0.0158851   0.00387995            0  0.000564545
 -0.00712249   0.00743098 -0.000564545            0
Repeater1[0]<--->EndNode1[0]
REAL
   0.479578   -0.009076  0.00100038    0.301844
  -0.009076   0.0843215 -0.00886581  0.00626354
 0.00100038 -0.00886581    0.106719 0.000601422
   0.301844  0.00626354 0.000601422    0.329381
IMAGINARY
          0  0.00529265  0.00466534  0.00460337
-0.00529265           0   0.0140137 -0.00279735
-0.00466534  -0.0140137           0  0.00529265
-0.00460337  0.00279735 -0.00529265           0
Repeater1[0]<--->HoM1[0]
REAL
    0.48583 -0.00323486  -0.0183114    0.348802
-0.00323486   0.0620783 -0.00223415    0.023022
 -0.0183114 -0.00223415   0.0728745   0.0106373
   0.348802    0.023022   0.0106373    0.379217
IMAGINARY
           0   -0.0158851   0.00591214   0.00712249
   0.0158851            0   0.00387995  0.000564545
 -0.00591214  -0.00387995            0  -0.00743098
 -0.00712249 -0.000564545   0.00743098            0
EndNode1[0]<--->Repeater1[0]
REAL
   0.46789  0.0162499  0.0107234   0.309469
 0.0162499   0.107471  0.0087126  0.0113151
 0.0107234  0.0087126  0.0812582 -0.0134951
  0.309469  0.0113151 -0.0134951   0.343381
IMAGINARY
          0   0.0118888  0.00275597  0.00967839
 -0.0118888           0 -0.00774789 -0.00716959
-0.00275597  0.00774789           0 -0.00243103
-0.00967839  0.00716959  0.00243103           0
EndNode2[0]<--->HoM1[0]
REAL
    0.478149   -0.0134695  -0.00518135      0.33993
  -0.0134695    0.0809769   -0.0122099  -0.00518135
 -0.00518135   -0.0122099     0.062982 -0.000779175
     0.33993  -0.00518135 -0.000779175     0.377892
IMAGINARY
          0  0.00778377  0.00907654  0.00625296
-0.00778377           0 -0.00433235  -0.0201012
-0.00907654  0.00433235           0  0.00842894
-0.00625296   0.0201012 -0.00842894           0
Repeater1[0]<--->EndNode1[0]
REAL
   0.46789  0.0107234  0.0162499   0.309469
 0.0107234  0.0812582  0.0087126 -0.0134951
 0.0162499  0.0087126   0.107471  0.0113151
  0.309469 -0.0134951  0.0113151   0.343381
IMAGINARY
          0  0.00275597   0.0118888  0.00967839
-0.00275597           0  0.00774789 -0.00243103
 -0.0118888 -0.00774789           0 -0.00716959
-0.00967839  0.00243103  0.00716959           0
Repeater1[0]<--->HoM1[0]
REAL
    0.478149  -0.00518135   -0.0134695      0.33993
 -0.00518135     0.062982   -0.0122099 -0.000779175
  -0.0134695   -0.0122099    0.0809769  -0.00518135
     0.33993 -0.000779175  -0.00518135     0.377892
IMAGINARY
          0  0.00907654  0.00778377  0.00625296
-0.00907654           0  0.00433235  0.00842894
-0.00778377 -0.00433235           0  -0.0201012
-0.00625296 -0.00842894   0.0201012           0
EndNode1[0]<--->Repeater1[0]
REAL
   0.470297  -0.0168265  0.00326241    0.295248
 -0.0168265   0.0829208 -0.00395446  0.00762107
 0.00326241 -0.00395446    0.095297  0.00338215
   0.295248  0.00762107  0.00338215    0.351485
IMAGINARY
          0   0.0116977 -0.00308642  -0.0170323
 -0.0116977           0   0.0118509  0.00308642
 0.00308642  -0.0118509           0  -0.0130275
  0.0170323 -0.00308642   0.0130275           0
EndNode2[0]<--->HoM1[0]
REAL
   0.451899   0.0109103  0.00181604    0.355112
  0.0109103   0.0734177 -0.00566281  0.00246793
 0.00181604 -0.00566281   0.0556962  -0.0176422
   0.355112  0.00246793  -0.0176422    0.418987
IMAGINARY
          0  -0.0209616  0.00411531  0.00240055
  0.0209616           0 -0.00240055   0.0104125
-0.00411531  0.00240055           0   0.0197509
-0.00240055  -0.0104125  -0.0197509           0
Repeater1[0]<--->EndNode1[0]
REAL
   0.470297  0.00326241  -0.0168265    0.295248
 0.00326241    0.095297 -0.00395446  0.00338215
 -0.0168265 -0.00395446   0.0829208  0.00762107
   0.295248  0.00338215  0.00762107    0.351485
IMAGINARY
          0 -0.00308642   0.0116977  -0.0170323
 0.00308642           0  -0.0118509  -0.0130275
 -0.0116977   0.0118509           0  0.00308642
  0.0170323   0.0130275 -0.00308642           0
Repeater1[0]<--->HoM1[0]
REAL
   0.451899  0.00181604   0.0109103    0.355112
 0.00181604   0.0556962 -0.00566281  -0.0176422
  0.0109103 -0.00566281   0.0734177  0.00246793
   0.355112  -0.0176422  0.00246793    0.418987
IMAGINARY
          0  0.00411531  -0.0209616  0.00240055
-0.00411531           0  0.00240055   0.0197509
  0.0209616 -0.00240055           0   0.0104125
-0.00240055  -0.0197509  -0.0104125           0
EndNode1[0]<--->Repeater1[0]
REAL
    0.516456     0.014685    0.0167687     0.294684
    0.014685    0.0974684   0.00139492 -0.000428791
   0.0167687   0.00139492    0.0987342 -0.000959533
    0.294684 -0.000428791 -0.000959533     0.287342
IMAGINARY
          0 -0.00506531  -0.0253199 -0.00232955
 0.00506531           0  0.00883997   0.0125683
  0.0253199 -0.00883997           0 -0.00634408
 0.00232955  -0.0125683  0.00634408           0
EndNode2[0]<--->HoM1[0]
REAL
   0.487738 0.000311799   0.0208076    0.352339
0.000311799   0.0762943  0.00351653  -0.0124421
  0.0208076  0.00351653   0.0613079   0.0157757
   0.352339  -0.0124421   0.0157757    0.374659
IMAGINARY
           0   -0.0161234   -0.0138637    0.0138337
   0.0161234            0 -0.000559327  -0.00038661
   0.0138637  0.000559327            0    0.0179821
  -0.0138337   0.00038661   -0.0179821            0
Repeater1[0]<--->EndNode1[0]
REAL
    0.516456    0.0167687     0.014685     0.294684
   0.0167687    0.0987342   0.00139492 -0.000959533
    0.014685   0.00139492    0.0974684 -0.000428791
    0.294684 -0.000959533 -0.000428791     0.287342
IMAGINARY
          0  -0.0253199 -0.00506531 -0.00232955
  0.0253199           0 -0.00883997 -0.00634408
 0.00506531  0.00883997           0   0.0125683
 0.00232955  0.00634408  -0.0125683           0
Repeater1[0]<--->HoM1[0]
REAL
   0.487738   0.0208076 0.000311799    0.352339
  0.0208076   0.0613079  0.00351653   0.0157757
0.000311799  0.00351653   0.0762943  -0.0124421
   0.352339   0.0157757  -0.0124421    0.374659
IMAGINARY
           0   -0.0138637   -0.0161234    0.0138337
   0.0138637            0  0.000559327    0.0179821
   0.0161234 -0.000559327            0  -0.00038661
  -0.0138337   -0.0179821   0.00038661            0
EndNode1[0]<--->Repeater1[0]
REAL
    0.476573    0.0188843  -0.00561924     0.289884
   0.0188843      0.08166    0.0035258 -8.41834e-05
 -0.00561924    0.0035258    0.0950469   0.00456305
    0.289884 -8.41834e-05   0.00456305      0.34672
IMAGINARY
           0    0.0181529 -0.000304514    0.0204463
  -0.0181529            0  -0.00373675   0.00352202
 0.000304514   0.00373675            0  -0.00335243
  -0.0204463  -0.00352202   0.00335243            0
EndNode2[0]<--->HoM1[0]
REAL
   0.471523  0.00925095   0.0130577    0.345683
 0.00925095   0.0807947   0.0129835    0.017609
  0.0130577   0.0129835   0.0649007 -0.00525095
   0.345683    0.017609 -0.00525095    0.382781
IMAGINARY
           0   0.00664677   -0.0258336    0.0108106
 -0.00664677            0 -0.000329674    0.0036536
   0.0258336  0.000329674            0  -0.00474563
  -0.0108106   -0.0036536   0.00474563            0
Repeater1[0]<--->EndNode1[0]
REAL
    0.476573  -0.00561924    0.0188843     0.289884
 -0.00561924    0.0950469    0.0035258   0.00456305
   0.0188843    0.0035258      0.08166 -8.41834e-05
    0.289884   0.00456305 -8.41834e-05      0.34672
IMAGINARY
           0 -0.000304514    0.0181529    0.0204463
 0.000304514            0   0.00373675  -0.00335243
  -0.0181529  -0.00373675            0   0.00352202
  -0.0204463   0.00335243  -0.00352202            0
Repeater1[0]<--->HoM1[0]
REAL
   0.471523   0.0130577  0.00925095    0.345683
  0.0130577   0.0649007   0.0129835 -0.00525095
 0.00925095   0.0129835   0.0807947    0.017609
   0.345683 -0.00525095    0.017609    0.382781
IMAGINARY
           0   -0.0258336   0.00664677    0.0108106
   0.0258336            0  0.000329674  -0.00474563
 -0.00664677 -0.000329674            0    0.0036536
  -0.0108106   0.00474563   -0.0036536            0
EndNode1[0]<--->Repeater1[0]
REAL
   0.482234   0.0183404   0.0107015    0.310969
  0.0183404    0.100254 -0.00499869 -0.00199501
  0.0107015 -0.00499869   0.0837563 0.000316342
   0.310969 -0.00199501 0.000316342    0.333756
IMAGINARY
           0   -0.0117227 -0.000399561    0.0136012
   0.0117227            0   -0.0045806  -0.00433657
 0.000399561    0.0045806            0   0.00292701
  -0.0136012   0.00433657  -0.00292701            0
EndNode2[0]<--->HoM1[0]
REAL
    0.48704  -0.0110332 -0.00945072     0.35318
 -0.0110332   0.0641201  0.00663288  -0.0205893
-0.00945072  0.00663288   0.0463847  0.00369004
    0.35318  -0.0205893  0.00369004    0.402456
IMAGINARY
          0  -0.0190809   0.0225696 -0.00641596
  0.0190809           0  -0.0194119  0.00428461
 -0.0225696   0.0194119           0  -0.0103309
 0.00641596 -0.00428461   0.0103309           0
Repeater1[0]<--->EndNode1[0]
REAL
   0.482234   0.0107015   0.0183404    0.310969
  0.0107015   0.0837563 -0.00499869 0.000316342
  0.0183404 -0.00499869    0.100254 -0.00199501
   0.310969 0.000316342 -0.00199501    0.333756
IMAGINARY
           0 -0.000399561   -0.0117227    0.0136012
 0.000399561            0    0.0045806   0.00292701
   0.0117227   -0.0045806            0  -0.00433657
  -0.0136012  -0.00292701   0.00433657            0
Repeater1[0]<--->HoM1[0]
REAL
    0.48704 -0.00945072  -0.0110332     0.35318
-0.00945072   0.0463847  0.00663288  0.00369004
 -0.0110332  0.00663288   0.0641201  -0.0205893
    0.35318  0.00369004  -0.0205893    0.402456
IMAGINARY
          0   0.0225696  -0.0190809 -0.00641596
 -0.0225696           0   0.0194119  -0.0103309
  0.0190809  -0.0194119           0  0.00428461
 0.00641596   0.0103309 -0.00428461           0
EndNode1[0]<--->Repeater1[0]
REAL
  0.485175 0.00543558 -0.0113628   0.301638
0.00543558  0.0902965 0.00654606 0.00241135
-0.0113628 0.00654606  0.0983827 -0.0195021
  0.301638 0.00241135 -0.0195021   0.326146
IMAGINARY
          0    0.018565  -0.0226282  -0.0219576
  -0.018565           0  0.00154941   0.0220147
  0.0226282 -0.00154941           0 -0.00200057
  0.0219576  -0.0220147  0.00200057           0
EndNode2[0]<--->HoM1[0]
REAL
   0.475452 -0.00276315   0.0197142    0.342116
-0.00276315   0.0607235 -0.00250517 0.000334379
  0.0197142 -0.00250517   0.0633075 0.000940552
   0.342116 0.000334379 0.000940552    0.400517
IMAGINARY
          0 -0.00156072   0.0454452 -0.00558639
 0.00156072           0 -0.00753697   0.0256039
 -0.0454452  0.00753697           0  -0.0150395
 0.00558639  -0.0256039   0.0150395           0
Repeater1[0]<--->EndNode1[0]
REAL
  0.485175 -0.0113628 0.00543558   0.301638
-0.0113628  0.0983827 0.00654606 -0.0195021
0.00543558 0.00654606  0.0902965 0.00241135
  0.301638 -0.0195021 0.00241135   0.326146
IMAGINARY
          0  -0.0226282    0.018565  -0.0219576
  0.0226282           0 -0.00154941 -0.00200057
  -0.018565  0.00154941           0   0.0220147
  0.0219576  0.00200057  -0.0220147           0
Repeater1[0]<--->HoM1[0]
REAL
   0.475452   0.0197142 -0.00276315    0.342116
  0.0197142   0.0633075 -0.00250517 0.000940552
-0.00276315 -0.00250517   0.0607235 0.000334379
   0.342116 0.000940552 0.000334379    0.400517
IMAGINARY
          0   0.0454452 -0.00156072 -0.00558639
 -0.0454452           0  0.00753697  -0.0150395
 0.00156072 -0.00753697           0   0.0256039
 0.00558639   0.0150395  -0.0256039           0
EndNode1[0]<--->Repeater1[0]
REAL
    0.49004   0.0140181  -0.0122059    0.294096
  0.0140181   0.0796813  0.00865057 -0.00964179
 -0.0122059  0.00865057    0.106242   0.0040843
   0.294096 -0.00964179   0.0040843    0.324037
IMAGINARY
          0  -0.0110222  -0.0206802 -0.00297487
  0.0110222           0  0.00693266   0.0150341
  0.0206802 -0.00693266           0   0.0129042
 0.00297487  -0.0150341  -0.0129042           0
EndNode2[0]<--->HoM1[0]
REAL
   0.457447  0.00809459    0.015697    0.362683
 0.00809459   0.0771277 -0.00516983 -0.00792501
   0.015697 -0.00516983   0.0492021   0.0100401
   0.362683 -0.00792501   0.0100401    0.416223
IMAGINARY
           0    0.0097934   -0.0138822  -0.00873163
  -0.0097934            0  0.000774072  -0.00454221
   0.0138822 -0.000774072            0    0.0060897
  0.00873163   0.00454221   -0.0060897            0
Repeater1[0]<--->EndNode1[0]
REAL
    0.49004  -0.0122059   0.0140181    0.294096
 -0.0122059    0.106242  0.00865057   0.0040843
  0.0140181  0.00865057   0.0796813 -0.00964179
   0.294096   0.0040843 -0.00964179    0.324037
IMAGINARY
          0  -0.0206802  -0.0110222 -0.00297487
  0.0206802           0 -0.00693266   0.0129042
  0.0110222  0.00693266           0   0.0150341
 0.00297487  -0.0129042  -0.0150341           0
Repeater1[0]<--->HoM1[0]
REAL
   0.457447    0.015697  0.00809459    0.362683
   0.015697   0.0492021 -0.00516983   0.0100401
 0.00809459 -0.00516983   0.0771277 -0.00792501
   0.362683   0.0100401 -0.00792501    0.416223
IMAGINARY
           0   -0.0138822    0.0097934  -0.00873163
   0.0138822            0 -0.000774072    0.0060897
  -0.0097934  0.000774072            0  -0.00454221
  0.00873163   -0.0060897   0.00454221            0
EndNode1[0]<--->Repeater1[0]
REAL
   0.461443  0.00565263  0.00627741    0.305925
 0.00565263     0.10199  0.00166355  -0.0130525
 0.00627741  0.00166355   0.0920398 -0.00429762
   0.305925  -0.0130525 -0.00429762    0.344527
IMAGINARY
           0  0.000357188 -0.000501932    0.0197017
-0.000357188            0 -1.66352e-05   0.00249927
 0.000501932  1.66352e-05            0    0.0149557
  -0.0197017  -0.00249927   -0.0149557            0
EndNode2[0]<--->HoM1[0]
REAL
   0.482119  -0.0118078  -0.0104871    0.361788
 -0.0118078   0.0874172  0.00268572  -0.0131971
 -0.0104871  0.00268572   0.0556291 -0.00529742
   0.361788  -0.0131971 -0.00529742    0.374834
IMAGINARY
          0   0.0274908  -0.0149626 -0.00747772
 -0.0274908           0  0.00195624  -0.0149626
  0.0149626 -0.00195624           0  0.00368127
 0.00747772   0.0149626 -0.00368127           0
Repeater1[0]<--->EndNode1[0]
REAL
   0.461443  0.00627741  0.00565263    0.305925
 0.00627741   0.0920398  0.00166355 -0.00429762
 0.00565263  0.00166355     0.10199  -0.0130525
   0.305925 -0.00429762  -0.0130525    0.344527
IMAGINARY
           0 -0.000501932  0.000357188    0.0197017
 0.000501932            0  1.66352e-05    0.0149557
-0.000357188 -1.66352e-05            0   0.00249927
  -0.0197017   -0.0149557  -0.00249927            0
Repeater1[0]<--->HoM1[0]
REAL
   0.482119  -0.0104871  -0.0118078    0.361788
 -0.0104871   0.0556291  0.00268572 -0.00529742
 -0.0118078  0.00268572   0.0874172  -0.0131971
   0.361788 -0.00529742  -0.0131971    0.374834
IMAGINARY
          0  -0.0149626   0.0274908 -0.00747772
  0.0149626           0 -0.00195624  0.00368127
 -0.0274908  0.00195624           0  -0.0149626
 0.00747772 -0.00368127   0.0149626           0
EndNode1[0]<--->Repeater1[0]
REAL
   0.46124 0.00589655  0.0138654   0.300135
0.00589655  0.0917313 0.00672606 0.00710031
 0.0138654 0.00672606   0.113695  0.0125278
  0.300135 0.00710031  0.0125278   0.333333
IMAGINARY
          0  -0.0246565   0.0170544  0.00325539
  0.0246565           0   0.0132421   0.0317415
 -0.0170544  -0.0132421           0  -0.0279417
-0.00325539  -0.0317415   0.0279417           0
EndNode2[0]<--->HoM1[0]
REAL
   0.457106  -0.0185928  0.00575349    0.333573
 -0.0185928   0.0678617  -0.0153914 -0.00236136
 0.00575349  -0.0153914   0.0524968  0.00841642
   0.333573 -0.00236136  0.00841642    0.422535
IMAGINARY
          0 -0.00175722 -0.00843459  -0.0140825
 0.00175722           0 -0.00370403  0.00782557
 0.00843459  0.00370403           0 -0.00494193
  0.0140825 -0.00782557  0.00494193           0
Repeater1[0]<--->EndNode1[0]
REAL
   0.46124  0.0138654 0.00589655   0.300135
 0.0138654   0.113695 0.00672606  0.0125278
0.00589655 0.00672606  0.0917313 0.00710031
  0.300135  0.0125278 0.00710031   0.333333
IMAGINARY
          0   0.0170544  -0.0246565  0.00325539
 -0.0170544           0  -0.0132421  -0.0279417
  0.0246565   0.0132421           0   0.0317415
-0.00325539   0.0279417  -0.0317415           0
Repeater1[0]<--->HoM1[0]
REAL
   0.457106  0.00575349  -0.0185928    0.333573
 0.00575349   0.0524968  -0.0153914  0.00841642
 -0.0185928  -0.0153914   0.0678617 -0.00236136
   0.333573  0.00841642 -0.00236136    0.422535
IMAGINARY
          0 -0.00843459 -0.00175722  -0.0140825
 0.00843459           0  0.00370403 -0.00494193
 0.00175722 -0.00370403           0  0.00782557
  0.0140825  0.00494193 -0.00782557           0
EndNode1[0]<--->Repeater1[0]
REAL
   0.490956 -0.00103362 -0.00284787    0.314917
-0.00103362   0.0839793  0.00439031  0.00656074
-0.00284787  0.00439031    0.104651  -0.0051545
   0.314917  0.00656074  -0.0051545    0.320413
IMAGINARY
          0  -0.0129321 -0.00266536  0.00072603
  0.0129321           0  -0.0213979   0.0126069
 0.00266536   0.0213979           0  0.00065137
-0.00072603  -0.0126069 -0.00065137           0
EndNode2[0]<--->HoM1[0]
REAL
    0.470075   0.00689212  -0.00582183     0.353332
  0.00689212    0.0561097  -0.00457016 -4.51888e-05
 -0.00582183  -0.00457016    0.0586035    0.0107089
    0.353332 -4.51888e-05    0.0107089     0.415212
IMAGINARY
          0   0.0194025  -0.0177371  -0.0120736
 -0.0194025           0  0.00701034  0.00246489
  0.0177371 -0.00701034           0  -0.0081143
  0.0120736 -0.00246489   0.0081143           0
Repeater1[0]<--->EndNode1[0]
REAL
   0.490956 -0.00284787 -0.00103362    0.314917
-0.00284787    0.104651  0.00439031  -0.0051545
-0.00103362  0.00439031   0.0839793  0.00656074
   0.314917  -0.0051545  0.00656074    0.320413
IMAGINARY
          0 -0.00266536  -0.0129321  0.00072603
 0.00266536           0   0.0213979  0.00065137
  0.0129321  -0.0213979           0   0.0126069
-0.00072603 -0.00065137  -0.0126069           0
Repeater1[0]<--->HoM1[0]
REAL
    0.470075  -0.00582183   0.00689212     0.353332
 -0.00582183    0.0586035  -0.00457016    0.0107089
  0.00689212  -0.00457016    0.0561097 -4.51888e-05
    0.353332    0.0107089 -4.51888e-05     0.415212
IMAGINARY
          0  -0.0177371   0.0194025  -0.0120736
  0.0177371           0 -0.00701034  -0.0081143
 -0.0194025  0.00701034           0  0.00246489
  0.0120736   0.0081143 -0.00246489           0
EndNode1[0]<--->Repeater1[0]
REAL
   0.457967 -0.00578252 -0.00277309    0.303662
-0.00578252    0.105395  -0.0150444 -0.00942203
-0.00277309  -0.0150444   0.0815558  0.00171748
   0.303662 -0.00942203  0.00171748    0.355082
IMAGINARY
          0  0.00098265  -0.0138186    0.010093
-0.00098265           0 -0.00138656 -0.00234765
  0.0138186  0.00138656           0   0.0232668
  -0.010093  0.00234765  -0.0232668           0
EndNode2[0]<--->HoM1[0]
REAL
    0.482759  -0.00463805    0.0154837     0.356154
 -0.00463805    0.0689655 -0.000420022   0.00116241
   0.0154837 -0.000420022    0.0480296    0.0101868
    0.356154   0.00116241    0.0101868     0.400246
IMAGINARY
          0 -0.00593065 -0.00714059  -0.0181661
 0.00593065           0    0.001297  -0.0121157
 0.00714059   -0.001297           0 -0.00402951
  0.0181661   0.0121157  0.00402951           0
Repeater1[0]<--->EndNode1[0]
REAL
   0.457967 -0.00277309 -0.00578252    0.303662
-0.00277309   0.0815558  -0.0150444  0.00171748
-0.00578252  -0.0150444    0.105395 -0.00942203
   0.303662  0.00171748 -0.00942203    0.355082
IMAGINARY
          0  -0.0138186  0.00098265    0.010093
  0.0138186           0  0.00138656   0.0232668
-0.00098265 -0.00138656           0 -0.00234765
  -0.010093  -0.0232668  0.00234765           0
Repeater1[0]<--->HoM1[0]
REAL
    0.482759    0.0154837  -0.00463805     0.356154
   0.0154837    0.0480296 -0.000420022    0.0101868
 -0.00463805 -0.000420022    0.0689655   0.00116241
    0.356154    0.0101868   0.00116241     0.400246
IMAGINARY
          0 -0.00714059 -0.00593065  -0.0181661
 0.00714059           0   -0.001297 -0.00402951
 0.00593065    0.001297           0  -0.0121157
  0.0181661  0.00402951   0.0121157           0
EndNode1[0]<--->Repeater1[0]
REAL
   0.488889   0.0274248  0.00970241    0.290605
  0.0274248   0.0925926  -0.0195048   0.0184306
 0.00970241  -0.0195048   0.0864198 -0.00824319
   0.290605   0.0184306 -0.00824319    0.332099
IMAGINARY
          0  -0.0101723  0.00343027 -0.00791521
  0.0101723           0 -0.00242071 -0.00752863
-0.00343027  0.00242071           0   0.0129046
 0.00791521  0.00752863  -0.0129046           0
EndNode2[0]<--->HoM1[0]
REAL
  0.471831 -0.0257586   -0.02125    0.35341
-0.0257586  0.0704225 0.00534013    0.00375
  -0.02125 0.00534013  0.0661972 -0.0104914
   0.35341    0.00375 -0.0104914   0.391549
IMAGINARY
          0 -0.00403759 -0.00193735 -0.00925531
 0.00403759           0   0.0152956 -0.00989329
 0.00193735  -0.0152956           0  0.00590559
 0.00925531  0.00989329 -0.00590559           0
Repeater1[0]<--->EndNode1[0]
REAL
   0.488889  0.00970241   0.0274248    0.290605
 0.00970241   0.0864198  -0.0195048 -0.00824319
  0.0274248  -0.0195048   0.0925926   0.0184306
   0.290605 -0.00824319   0.0184306    0.332099
IMAGINARY
          0  0.00343027  -0.0101723 -0.00791521
-0.00343027           0  0.00242071   0.0129046
  0.0101723 -0.00242071           0 -0.00752863
 0.00791521  -0.0129046  0.00752863           0
Repeater1[0]<--->HoM1[0]
REAL
  0.471831   -0.02125 -0.0257586    0.35341
  -0.02125  0.0661972 0.00534013 -0.0104914
-0.0257586 0.00534013  0.0704225    0.00375
   0.35341 -0.0104914    0.00375   0.391549
IMAGINARY
          0 -0.00193735 -0.00403759 -0.00925531
 0.00193735           0  -0.0152956  0.00590559
 0.00403759   0.0152956           0 -0.00989329
 0.00925531 -0.00590559  0.00989329           0
EndNode1[0]<--->Repeater1[0]
REAL
    0.482213 -0.000692626  -0.00182488     0.299535
-0.000692626    0.0711462  -0.00149856   0.00953876
 -0.00182488  -0.00149856    0.0816864  -0.00561873
    0.299535   0.00953876  -0.00561873     0.364954
IMAGINARY
           0   -0.0093646  0.000635822   -0.0148132
   0.0093646            0   -0.0032747   0.00194816
-0.000635822    0.0032747            0 -0.000971316
   0.0148132  -0.00194816  0.000971316            0
EndNode2[0]<--->HoM1[0]
REAL
   0.487582  -0.0230087  0.00468813    0.350558
 -0.0230087   0.0640523 -0.00207337 -0.00893055
 0.00468813 -0.00207337   0.0457516   0.0127056
   0.350558 -0.00893055   0.0127056    0.402614
IMAGINARY
          0   0.0209588  -0.0129738   0.0238045
 -0.0209588           0  0.00505453  -0.0273771
  0.0129738 -0.00505453           0  0.00769619
 -0.0238045   0.0273771 -0.00769619           0
Repeater1[0]<--->EndNode1[0]
REAL
    0.482213  -0.00182488 -0.000692626     0.299535
 -0.00182488    0.0816864  -0.00149856  -0.00561873
-0.000692626  -0.00149856    0.0711462   0.00953876
    0.299535  -0.00561873   0.00953876     0.364954
IMAGINARY
           0  0.000635822   -0.0093646   -0.0148132
-0.000635822            0    0.0032747 -0.000971316
   0.0093646   -0.0032747            0   0.00194816
   0.0148132  0.000971316  -0.00194816            0
Repeater1[0]<--->HoM1[0]
REAL
   0.487582  0.00468813  -0.0230087    0.350558
 0.00468813   0.0457516 -0.00207337   0.0127056
 -0.0230087 -0.00207337   0.0640523 -0.00893055
   0.350558   0.0127056 -0.00893055    0.402614
IMAGINARY
          0  -0.0129738   0.0209588   0.0238045
  0.0129738           0 -0.00505453  0.00769619
 -0.0209588  0.00505453           0  -0.0273771
 -0.0238045 -0.00769619   0.0273771           0
EndNode1[0]<--->Repeater1[0]
REAL
   0.503788  0.00132365  -0.0246105    0.290229
 0.00132365   0.0997475 -0.00620884  0.00525966
 -0.0246105 -0.00620884   0.0820707   -0.019426
   0.290229  0.00525966   -0.019426    0.314394
IMAGINARY
          0   -0.004182   0.0163337  0.00566104
   0.004182           0   0.0221167  0.00275026
 -0.0163337  -0.0221167           0 -0.00217933
-0.00566104 -0.00275026  0.00217933           0
EndNode2[0]<--->HoM1[0]
REAL
    0.51847 -0.00253807  0.00253807    0.355494
-0.00253807   0.0567282   0.0036426  0.00253807
 0.00253807   0.0036426   0.0567282  0.00380711
   0.355494  0.00253807  0.00380711    0.368074
IMAGINARY
           0    0.0053299   0.00349187    0.0125075
  -0.0053299            0  -0.00238088   -0.0028533
 -0.00349187   0.00238088            0 -0.000859917
  -0.0125075    0.0028533  0.000859917            0
Repeater1[0]<--->EndNode1[0]
REAL
   0.503788  -0.0246105  0.00132365    0.290229
 -0.0246105   0.0820707 -0.00620884   -0.019426
 0.00132365 -0.00620884   0.0997475  0.00525966
   0.290229   -0.019426  0.00525966    0.314394
IMAGINARY
          0   0.0163337   -0.004182  0.00566104
 -0.0163337           0  -0.0221167 -0.00217933
   0.004182   0.0221167           0  0.00275026
-0.00566104  0.00217933 -0.00275026           0
Repeater1[0]<--->HoM1[0]
REAL
    0.51847  0.00253807 -0.00253807    0.355494
 0.00253807   0.0567282   0.0036426  0.00380711
-0.00253807   0.0036426   0.0567282  0.00253807
   0.355494  0.00380711  0.00253807    0.368074
IMAGINARY
           0   0.00349187    0.0053299    0.0125075
 -0.00349187            0   0.00238088 -0.000859917
  -0.0053299  -0.00238088            0   -0.0028533
  -0.0125075  0.000859917    0.0028533            0
EndNode1[0]<--->Repeater1[0]
REAL
   0.482716 -0.00250464  0.00503896    0.298385
-0.00250464    0.091358   -0.010073    0.017039
 0.00503896   -0.010073    0.109877  0.00769944
   0.298385    0.017039  0.00769944    0.316049
IMAGINARY
           0  6.28506e-05   0.00177822   0.00581797
-6.28506e-05            0    0.0347945   0.00568447
 -0.00177822   -0.0347945            0    0.0173501
 -0.00581797  -0.00568447   -0.0173501            0
EndNode2[0]<--->HoM1[0]
REAL
    0.44504  -0.0260951  -0.0129979    0.362271
 -0.0260951   0.0844504  0.00646367 -0.00848179
 -0.0129979  0.00646367   0.0831099 -0.00493112
   0.362271 -0.00848179 -0.00493112    0.387399
IMAGINARY
          0  -0.0169015  -0.0119589  0.00237224
  0.0169015           0   0.0135109 -0.00339495
  0.0119589  -0.0135109           0   0.0189041
-0.00237224  0.00339495  -0.0189041           0
Repeater1[0]<--->EndNode1[0]
REAL
   0.482716  0.00503896 -0.00250464    0.298385
 0.00503896    0.109877   -0.010073  0.00769944
-0.00250464   -0.010073    0.091358    0.017039
   0.298385  0.00769944    0.017039    0.316049
IMAGINARY
           0   0.00177822  6.28506e-05   0.00581797
 -0.00177822            0   -0.0347945    0.0173501
-6.28506e-05    0.0347945            0   0.00568447
 -0.00581797   -0.0173501  -0.00568447            0
Repeater1[0]<--->HoM1[0]
REAL
    0.44504  -0.0129979  -0.0260951    0.362271
 -0.0129979   0.0831099  0.00646367 -0.00493112
 -0.0260951  0.00646367   0.0844504 -0.00848179
   0.362271 -0.00493112 -0.00848179    0.387399
IMAGINARY
          0  -0.0119589  -0.0169015  0.00237224
  0.0119589           0  -0.0135109   0.0189041
  0.0169015   0.0135109           0 -0.00339495
-0.00237224  -0.0189041  0.00339495           0
EndNode1[0]<--->Repeater1[0]
REAL
   0.462963    0.022175 -0.00492424    0.294861
   0.022175    0.102469  -0.0170832   0.0200758
-0.00492424  -0.0170832    0.106173  -0.0145992
   0.294861   0.0200758  -0.0145992    0.328395
IMAGINARY
          0   0.0118231  0.00432226   0.0175019
 -0.0118231           0   0.0131104 -0.00241629
-0.00432226  -0.0131104           0 -0.00610519
 -0.0175019  0.00241629  0.00610519           0
EndNode2[0]<--->HoM1[0]
REAL
   0.472441  0.00292204 -0.00984369    0.364698
 0.00292204   0.0813648 -0.00365297 -0.00797103
-0.00984369 -0.00365297   0.0656168  -0.0124232
   0.364698 -0.00797103  -0.0124232    0.380577
IMAGINARY
          0 -0.00400579  -0.0179539 -0.00841065
 0.00400579           0 -0.00384742  -0.0166206
  0.0179539  0.00384742           0   0.0239526
 0.00841065   0.0166206  -0.0239526           0
Repeater1[0]<--->EndNode1[0]
REAL
   0.462963 -0.00492424    0.022175    0.294861
-0.00492424    0.106173  -0.0170832  -0.0145992
   0.022175  -0.0170832    0.102469   0.0200758
   0.294861  -0.0145992   0.0200758    0.328395
IMAGINARY
          0  0.00432226   0.0118231   0.0175019
-0.00432226           0  -0.0131104 -0.00610519
 -0.0118231   0.0131104           0 -0.00241629
 -0.0175019  0.00610519  0.00241629           0
Repeater1[0]<--->HoM1[0]
REAL
   0.472441 -0.00984369  0.00292204    0.364698
-0.00984369   0.0656168 -0.00365297  -0.0124232
 0.00292204 -0.00365297   0.0813648 -0.00797103
   0.364698  -0.0124232 -0.00797103    0.380577
IMAGINARY
          0  -0.0179539 -0.00400579 -0.00841065
  0.0179539           0  0.00384742   0.0239526
 0.00400579 -0.00384742           0  -0.0166206
 0.00841065  -0.0239526   0.0166206           0
EndNode1[0]<--->Repeater1[0]
REAL
   0.465234 -0.00318099 -0.00990642     0.29383
-0.00318099   0.0986094  0.00130433   0.0310332
-0.00990642  0.00130433   0.0948167 -0.00386126
    0.29383   0.0310332 -0.00386126     0.34134
IMAGINARY
           0    0.0102764  0.000354381    0.0189045
  -0.0102764            0   -0.0050854   -0.0183956
-0.000354381    0.0050854            0   0.00389885
  -0.0189045    0.0183956  -0.00389885            0
EndNode2[0]<--->HoM1[0]
REAL
   0.480255  -0.0254473  -0.0129759    0.368513
 -0.0254473   0.0815287 -0.00648734  -0.0136064
 -0.0129759 -0.00648734   0.0573248  -0.0125274
   0.368513  -0.0136064  -0.0125274    0.380892
IMAGINARY
          0  0.00518873  -0.0110476  -0.0272694
-0.00518873           0  -0.0107131  0.00718159
  0.0110476   0.0107131           0  0.00254323
  0.0272694 -0.00718159 -0.00254323           0
Repeater1[0]<--->EndNode1[0]
REAL
   0.465234 -0.00990642 -0.00318099     0.29383
-0.00990642   0.0948167  0.00130433 -0.00386126
-0.00318099  0.00130433   0.0986094   0.0310332
    0.29383 -0.00386126   0.0310332     0.34134
IMAGINARY
           0  0.000354381    0.0102764    0.0189045
-0.000354381            0    0.0050854   0.00389885
  -0.0102764   -0.0050854            0   -0.0183956
  -0.0189045  -0.00389885    0.0183956            0
Repeater1[0]<--->HoM1[0]
REAL
   0.480255  -0.0129759  -0.0254473    0.368513
 -0.0129759   0.0573248 -0.00648734  -0.0125274
 -0.0254473 -0.00648734   0.0815287  -0.0136064
   0.368513  -0.0125274  -0.0136064    0.380892
IMAGINARY
          0  -0.0110476  0.00518873  -0.0272694
  0.0110476           0   0.0107131  0.00254323
-0.00518873  -0.0107131           0  0.00718159
  0.0272694 -0.00254323 -0.00718159           0
EndNode1[0]<--->Repeater1[0]
REAL
  0.475066 0.00574877 0.00801453   0.314398
0.00574877  0.0931759  0.0221278  0.0181668
0.00801453  0.0221278  0.0905512 0.00510692
  0.314398  0.0181668 0.00510692   0.341207
IMAGINARY
          0  -0.0317398  0.00409564 -0.00978795
  0.0317398           0  0.00845105  0.00798165
-0.00409564 -0.00845105           0 -0.00690756
 0.00978795 -0.00798165  0.00690756           0
EndNode2[0]<--->HoM1[0]
REAL
  0.528859 -0.0108986 -0.0165685   0.328641
-0.0108986  0.0630872 -0.0128512  0.0205159
-0.0165685 -0.0128512  0.0563758  0.0201091
  0.328641  0.0205159  0.0201091   0.351678
IMAGINARY
           0    0.0086468  0.000893551    0.0261507
  -0.0086468            0   -0.0281971   -0.0102176
-0.000893551    0.0281971            0   -0.0063158
  -0.0261507    0.0102176    0.0063158            0
Repeater1[0]<--->EndNode1[0]
REAL
  0.475066 0.00801453 0.00574877   0.314398
0.00801453  0.0905512  0.0221278 0.00510692
0.00574877  0.0221278  0.0931759  0.0181668
  0.314398 0.00510692  0.0181668   0.341207
IMAGINARY
          0  0.00409564  -0.0317398 -0.00978795
-0.00409564           0 -0.00845105 -0.00690756
  0.0317398  0.00845105           0  0.00798165
 0.00978795  0.00690756 -0.00798165           0
Repeater1[0]<--->HoM1[0]
REAL
  0.528859 -0.0165685 -0.0108986   0.328641
-0.0165685  0.0563758 -0.0128512  0.0201091
-0.0108986 -0.0128512  0.0630872  0.0205159
  0.328641  0.0201091  0.0205159   0.351678
IMAGINARY
           0  0.000893551    0.0086468    0.0261507
-0.000893551            0    0.0281971   -0.0063158
  -0.0086468   -0.0281971            0   -0.0102176
  -0.0261507    0.0063158    0.0102176            0
EndNode1[0]<--->Repeater1[0]
REAL
    0.503356 -0.000208077   0.00947162     0.284721
-0.000208077    0.0791946  -0.00189922   -0.0162201
  0.00947162  -0.00189922    0.0926174   0.00450256
    0.284721   -0.0162201   0.00450256     0.324832
IMAGINARY
          0  -0.0157088  0.00236703  -0.0138195
  0.0157088           0  -0.0022233  0.00628348
-0.00236703   0.0022233           0  -0.0217768
  0.0138195 -0.00628348   0.0217768           0
EndNode2[0]<--->HoM1[0]
REAL
   0.467266  0.00899743  0.00423099    0.355427
 0.00899743   0.0795892  0.00614801  0.00292891
 0.00423099  0.00614801   0.0680359 -0.00899743
   0.355427  0.00292891 -0.00899743    0.385109
IMAGINARY
          0 -0.00488921 -0.00376341 -0.00284749
 0.00488921           0  -0.0150097  -0.0165511
 0.00376341   0.0150097           0  0.00292329
 0.00284749   0.0165511 -0.00292329           0
Repeater1[0]<--->EndNode1[0]
REAL
    0.503356   0.00947162 -0.000208077     0.284721
  0.00947162    0.0926174  -0.00189922   0.00450256
-0.000208077  -0.00189922    0.0791946   -0.0162201
    0.284721   0.00450256   -0.0162201     0.324832
IMAGINARY
          0  0.00236703  -0.0157088  -0.0138195
-0.00236703           0   0.0022233  -0.0217768
  0.0157088  -0.0022233           0  0.00628348
  0.0138195   0.0217768 -0.00628348           0
Repeater1[0]<--->HoM1[0]
REAL
   0.467266  0.00423099  0.00899743    0.355427
 0.00423099   0.0680359  0.00614801 -0.00899743
 0.00899743  0.00614801   0.0795892  0.00292891
   0.355427 -0.00899743  0.00292891    0.385109
IMAGINARY
          0 -0.00376341 -0.00488921 -0.00284749
 0.00376341           0   0.0150097  0.00292329
 0.00488921  -0.0150097           0  -0.0165511
 0.00284749 -0.00292329   0.0165511           0
EndNode1[0]<--->Repeater1[0]
REAL
   0.493116   0.0102527   0.0110966    0.296674
  0.0102527   0.0988736   0.0197319  -0.0110966
  0.0110966   0.0197319   0.0938673 -0.00374225
   0.296674  -0.0110966 -0.00374225    0.314143
IMAGINARY
           0    0.0110024  -0.00350539  0.000892167
  -0.0110024            0   0.00294415  0.000999119
  0.00350539  -0.00294415            0  -0.00097738
