EndNode1[0]<--->Repeater1[0]
REAL
    0.39136 -0.00629642 -0.00471976    0.343815
-0.00629642   0.0838628   0.0467137  -0.0155754
-0.00471976   0.0467137   0.0813215  -0.0176888
   0.343815  -0.0155754  -0.0176888    0.443456
IMAGINARY
           0   0.00239618   0.00232441    0.0129475
 -0.00239618            0  -0.00451691  0.000969397
 -0.00232441   0.00451691            0   0.00748524
  -0.0129475 -0.000969397  -0.00748524            0
EndNode2[0]<--->HoM1[0]
REAL
  0.437046 0.00217561 -0.0148273   0.356155
0.00217561  0.0968523  0.0591625  -0.018174
-0.0148273  0.0591625  0.0738499 -0.0277049
  0.356155  -0.018174 -0.0277049   0.392252
IMAGINARY
          0   0.0271446 -0.00147457 -0.00231788
 -0.0271446           0  0.00231788    0.015259
 0.00147457 -0.00231788           0  -0.0133601
 0.00231788   -0.015259   0.0133601           0
Repeater1[0]<--->EndNode1[0]
REAL
    0.39136 -0.00471976 -0.00629642    0.343815
-0.00471976   0.0813215   0.0467137  -0.0176888
-0.00629642   0.0467137   0.0838628  -0.0155754
   0.343815  -0.0176888  -0.0155754    0.443456
IMAGINARY
           0   0.00232441   0.00239618    0.0129475
 -0.00232441            0   0.00451691   0.00748524
 -0.00239618  -0.00451691            0  0.000969397
  -0.0129475  -0.00748524 -0.000969397            0
Repeater1[0]<--->HoM1[0]
REAL
  0.437046 -0.0148273 0.00217561   0.356155
-0.0148273  0.0738499  0.0591625 -0.0277049
0.00217561  0.0591625  0.0968523  -0.018174
  0.356155 -0.0277049  -0.018174   0.392252
IMAGINARY
          0 -0.00147457   0.0271446 -0.00231788
 0.00147457           0 -0.00231788  -0.0133601
 -0.0271446  0.00231788           0    0.015259
 0.00231788   0.0133601   -0.015259           0
EndNode1[0]<--->Repeater1[0]
REAL
   0.380952 -0.00340017 -0.00581202     0.36413
-0.00340017   0.0870748   0.0503279  -0.0134651
-0.00581202   0.0503279    0.107483  -0.0170818
    0.36413  -0.0134651  -0.0170818     0.42449
IMAGINARY
          0  0.00224929   -0.004207 -0.00373166
-0.00224929           0  0.00871919 -0.00620967
   0.004207 -0.00871919           0    0.017282
 0.00373166  0.00620967   -0.017282           0
EndNode2[0]<--->HoM1[0]
REAL
  0.409669 0.00899329  0.0385772   0.361028
0.00899329   0.086514  0.0796616 0.00211244
 0.0385772  0.0796616  0.0814249  0.0110067
  0.361028 0.00211244  0.0110067   0.422392
IMAGINARY
          0  -0.0161937 -0.00312175  0.00336131
  0.0161937           0   0.0165888  -0.0161329
 0.00312175  -0.0165888           0   0.0106037
-0.00336131   0.0161329  -0.0106037           0
Repeater1[0]<--->EndNode1[0]
REAL
   0.380952 -0.00581202 -0.00340017     0.36413
-0.00581202    0.107483   0.0503279  -0.0170818
-0.00340017   0.0503279   0.0870748  -0.0134651
    0.36413  -0.0170818  -0.0134651     0.42449
IMAGINARY
          0   -0.004207  0.00224929 -0.00373166
   0.004207           0 -0.00871919    0.017282
-0.00224929  0.00871919           0 -0.00620967
 0.00373166   -0.017282  0.00620967           0
Repeater1[0]<--->HoM1[0]
REAL
  0.409669  0.0385772 0.00899329   0.361028
 0.0385772  0.0814249  0.0796616  0.0110067
0.00899329  0.0796616   0.086514 0.00211244
  0.361028  0.0110067 0.00211244   0.422392
IMAGINARY
          0 -0.00312175  -0.0161937  0.00336131
 0.00312175           0  -0.0165888   0.0106037
  0.0161937   0.0165888           0  -0.0161329
-0.00336131  -0.0106037   0.0161329           0
EndNode1[0]<--->Repeater1[0]
REAL
      0.415 -0.00545074   0.0168779    0.350527
-0.00545074     0.08875   0.0428858 -0.00430308
  0.0168779   0.0428858      0.0975   0.0264088
   0.350527 -0.00430308   0.0264088     0.39875
IMAGINARY
          0 -0.00879675 -0.00472722 -0.00918861
 0.00879675           0   0.0199891  0.00406845
 0.00472722  -0.0199891           0 -0.00108467
 0.00918861 -0.00406845  0.00108467           0
EndNode2[0]<--->HoM1[0]
REAL
   0.384824  0.00318066  0.00395704    0.352926
 0.00318066   0.0880759   0.0529262 -0.00522931
 0.00395704   0.0529262    0.109756  0.00318066
   0.352926 -0.00522931  0.00318066    0.417344
IMAGINARY
           0  -0.00699174   -0.0111317    0.0124399
  0.00699174            0    0.0181724    0.0129722
   0.0111317   -0.0181724            0 -0.000983725
  -0.0124399   -0.0129722  0.000983725            0
Repeater1[0]<--->EndNode1[0]
REAL
      0.415   0.0168779 -0.00545074    0.350527
  0.0168779      0.0975   0.0428858   0.0264088
-0.00545074   0.0428858     0.08875 -0.00430308
   0.350527   0.0264088 -0.00430308     0.39875
IMAGINARY
          0 -0.00472722 -0.00879675 -0.00918861
 0.00472722           0  -0.0199891 -0.00108467
 0.00879675   0.0199891           0  0.00406845
 0.00918861  0.00108467 -0.00406845           0
Repeater1[0]<--->HoM1[0]
REAL
   0.384824  0.00395704  0.00318066    0.352926
 0.00395704    0.109756   0.0529262  0.00318066
 0.00318066   0.0529262   0.0880759 -0.00522931
   0.352926  0.00318066 -0.00522931    0.417344
IMAGINARY
           0   -0.0111317  -0.00699174    0.0124399
   0.0111317            0   -0.0181724 -0.000983725
  0.00699174    0.0181724            0    0.0129722
  -0.0124399  0.000983725   -0.0129722            0
EndNode1[0]<--->Repeater1[0]
REAL
   0.409686 -0.00410647   0.0118984    0.365633
-0.00410647   0.0876963   0.0499836  -0.0144173
  0.0118984   0.0499836   0.0732984 -0.00219076
   0.365633  -0.0144173 -0.00219076    0.429319
IMAGINARY
          0 -0.00726635  0.00283534 -0.00876268
 0.00726635           0  0.00187562    0.009101
-0.00283534 -0.00187562           0  -0.0166063
 0.00876268   -0.009101   0.0166063           0
EndNode2[0]<--->HoM1[0]
REAL
    0.403148    -0.020769 -0.000882962     0.355097
   -0.020769    0.0799031     0.041322   -0.0246925
-0.000882962     0.041322      0.11138  -0.00352765
    0.355097   -0.0246925  -0.00352765     0.405569
IMAGINARY
           0   -0.0103698 -0.000897372  -0.00235004
   0.0103698            0  -0.00102378     0.012377
 0.000897372   0.00102378            0   0.00144123
  0.00235004    -0.012377  -0.00144123            0
Repeater1[0]<--->EndNode1[0]
REAL
   0.409686   0.0118984 -0.00410647    0.365633
  0.0118984   0.0732984   0.0499836 -0.00219076
-0.00410647   0.0499836   0.0876963  -0.0144173
   0.365633 -0.00219076  -0.0144173    0.429319
IMAGINARY
          0  0.00283534 -0.00726635 -0.00876268
-0.00283534           0 -0.00187562  -0.0166063
 0.00726635  0.00187562           0    0.009101
 0.00876268   0.0166063   -0.009101           0
Repeater1[0]<--->HoM1[0]
REAL
    0.403148 -0.000882962    -0.020769     0.355097
-0.000882962      0.11138     0.041322  -0.00352765
   -0.020769     0.041322    0.0799031   -0.0246925
    0.355097  -0.00352765   -0.0246925     0.405569
IMAGINARY
           0 -0.000897372   -0.0103698  -0.00235004
 0.000897372            0   0.00102378   0.00144123
   0.0103698  -0.00102378            0     0.012377
  0.00235004  -0.00144123    -0.012377            0
EndNode1[0]<--->Repeater1[0]
REAL
  0.411168 -0.0209518 -0.0355932    0.35326
-0.0209518  0.0875635  0.0496656 -0.0175983
-0.0355932  0.0496656  0.0862944 -0.0202716
   0.35326 -0.0175983 -0.0202716   0.414975
IMAGINARY
          0 -0.00899152  0.00958622  -0.0241735
 0.00899152           0   0.0047937   0.0269992
-0.00958622  -0.0047937           0   0.0199029
  0.0241735  -0.0269992  -0.0199029           0
EndNode2[0]<--->HoM1[0]
REAL
   0.429124  -0.0130733 -0.00823567    0.366905
 -0.0130733   0.0902062   0.0469573 0.000833251
-0.00823567   0.0469573   0.0966495  0.00297905
   0.366905 0.000833251  0.00297905    0.384021
IMAGINARY
           0   -0.0206386 -0.000961029   -0.0114078
   0.0206386            0  0.000853745    0.0152097
 0.000961029 -0.000853745            0    0.0128666
   0.0114078   -0.0152097   -0.0128666            0
Repeater1[0]<--->EndNode1[0]
REAL
  0.411168 -0.0355932 -0.0209518    0.35326
-0.0355932  0.0862944  0.0496656 -0.0202716
-0.0209518  0.0496656  0.0875635 -0.0175983
   0.35326 -0.0202716 -0.0175983   0.414975
IMAGINARY
          0  0.00958622 -0.00899152  -0.0241735
-0.00958622           0  -0.0047937   0.0199029
 0.00899152   0.0047937           0   0.0269992
  0.0241735  -0.0199029  -0.0269992           0
Repeater1[0]<--->HoM1[0]
REAL
   0.429124 -0.00823567  -0.0130733    0.366905
-0.00823567   0.0966495   0.0469573  0.00297905
 -0.0130733   0.0469573   0.0902062 0.000833251
   0.366905  0.00297905 0.000833251    0.384021
IMAGINARY
           0 -0.000961029   -0.0206386   -0.0114078
 0.000961029            0 -0.000853745    0.0128666
   0.0206386  0.000853745            0    0.0152097
   0.0114078   -0.0128666   -0.0152097            0
EndNode1[0]<--->Repeater1[0]
REAL
   0.418514 -0.00263692   -0.013956     0.35544
-0.00263692   0.0925684   0.0589918   0.0222574
  -0.013956   0.0589918   0.0821382  0.00455263
    0.35544   0.0222574  0.00455263     0.40678
IMAGINARY
          0  0.00439098   -0.018422 -0.00827334
-0.00439098           0   0.0062545   0.0143236
   0.018422  -0.0062545           0   0.0174669
 0.00827334  -0.0143236  -0.0174669           0
EndNode2[0]<--->HoM1[0]
REAL
   0.405128   0.0105634 -0.00700032    0.367659
  0.0105634   0.0961538   0.0448739   0.0083058
-0.00700032   0.0448739   0.0833333  -0.0105634
   0.367659   0.0083058  -0.0105634    0.415385
IMAGINARY
           0  -0.00728448   0.00439608   -0.0240697
  0.00728448            0 -0.000829343   0.00193303
 -0.00439608  0.000829343            0   -0.0167662
   0.0240697  -0.00193303    0.0167662            0
Repeater1[0]<--->EndNode1[0]
REAL
   0.418514   -0.013956 -0.00263692     0.35544
  -0.013956   0.0821382   0.0589918  0.00455263
-0.00263692   0.0589918   0.0925684   0.0222574
    0.35544  0.00455263   0.0222574     0.40678
IMAGINARY
          0   -0.018422  0.00439098 -0.00827334
   0.018422           0  -0.0062545   0.0174669
-0.00439098   0.0062545           0   0.0143236
 0.00827334  -0.0174669  -0.0143236           0
Repeater1[0]<--->HoM1[0]
REAL
   0.405128 -0.00700032   0.0105634    0.367659
-0.00700032   0.0833333   0.0448739  -0.0105634
  0.0105634   0.0448739   0.0961538   0.0083058
   0.367659  -0.0105634   0.0083058    0.415385
IMAGINARY
           0   0.00439608  -0.00728448   -0.0240697
 -0.00439608            0  0.000829343   -0.0167662
  0.00728448 -0.000829343            0   0.00193303
   0.0240697    0.0167662  -0.00193303            0
EndNode1[0]<--->Repeater1[0]
REAL
   0.435597 -0.00934313 -0.00433912    0.347216
-0.00934313   0.0983607   0.0646661 -0.00433912
-0.00433912   0.0646661   0.0819672 -0.00734579
   0.347216 -0.00433912 -0.00734579    0.384075
IMAGINARY
          0  0.00520391    0.016535 -0.00664466
-0.00520391           0   0.0024227   0.0270891
  -0.016535  -0.0024227           0  -0.0139287
 0.00664466  -0.0270891   0.0139287           0
EndNode2[0]<--->HoM1[0]
REAL
   0.424623  -0.0140258  -0.0187156      0.3659
 -0.0140258   0.0741206   0.0450044 -0.00920991
 -0.0187156   0.0450044   0.0816583 -0.00725076
     0.3659 -0.00920991 -0.00725076    0.419598
IMAGINARY
           0   0.00934291 -0.000141339   0.00441919
 -0.00934291            0  -0.00441919    0.0187981
 0.000141339   0.00441919            0  -0.00561157
 -0.00441919   -0.0187981   0.00561157            0
Repeater1[0]<--->EndNode1[0]
REAL
   0.435597 -0.00433912 -0.00934313    0.347216
-0.00433912   0.0819672   0.0646661 -0.00734579
-0.00934313   0.0646661   0.0983607 -0.00433912
   0.347216 -0.00734579 -0.00433912    0.384075
IMAGINARY
          0    0.016535  0.00520391 -0.00664466
  -0.016535           0  -0.0024227  -0.0139287
-0.00520391   0.0024227           0   0.0270891
 0.00664466   0.0139287  -0.0270891           0
Repeater1[0]<--->HoM1[0]
REAL
   0.424623  -0.0187156  -0.0140258      0.3659
 -0.0187156   0.0816583   0.0450044 -0.00725076
 -0.0140258   0.0450044   0.0741206 -0.00920991
     0.3659 -0.00725076 -0.00920991    0.419598
IMAGINARY
           0 -0.000141339   0.00934291   0.00441919
 0.000141339            0   0.00441919  -0.00561157
 -0.00934291  -0.00441919            0    0.0187981
 -0.00441919   0.00561157   -0.0187981            0
EndNode1[0]<--->Repeater1[0]
REAL
 0.419137 0.0148923 0.0136022  0.361574
0.0148923 0.0700809 0.0497057 0.0187172
0.0136022 0.0497057 0.0943396 0.0148923
 0.361574 0.0187172 0.0148923  0.416442
IMAGINARY
          0  0.00355339   0.0106838  -0.0152374
-0.00355339           0  -0.0204322    0.017094
 -0.0106838   0.0204322           0   -0.025018
  0.0152374   -0.017094    0.025018           0
EndNode2[0]<--->HoM1[0]
REAL
   0.416773 0.000735918    0.027545    0.360324
0.000735918   0.0952986   0.0506176 0.000444775
   0.027545   0.0506176    0.104193   0.0170758
   0.360324 0.000444775   0.0170758    0.383736
IMAGINARY
           0    0.0217786   -0.0106943  -0.00959233
  -0.0217786            0  -0.00959233 -0.000161423
   0.0106943   0.00959233            0  -0.00453721
  0.00959233  0.000161423   0.00453721            0
Repeater1[0]<--->EndNode1[0]
REAL
 0.419137 0.0136022 0.0148923  0.361574
0.0136022 0.0943396 0.0497057 0.0148923
0.0148923 0.0497057 0.0700809 0.0187172
 0.361574 0.0148923 0.0187172  0.416442
IMAGINARY
          0   0.0106838  0.00355339  -0.0152374
 -0.0106838           0   0.0204322   -0.025018
-0.00355339  -0.0204322           0    0.017094
  0.0152374    0.025018   -0.017094           0
Repeater1[0]<--->HoM1[0]
REAL
   0.416773    0.027545 0.000735918    0.360324
   0.027545    0.104193   0.0506176   0.0170758
0.000735918   0.0506176   0.0952986 0.000444775
   0.360324   0.0170758 0.000444775    0.383736
IMAGINARY
           0   -0.0106943    0.0217786  -0.00959233
   0.0106943            0   0.00959233  -0.00453721
  -0.0217786  -0.00959233            0 -0.000161423
  0.00959233   0.00453721  0.000161423            0
EndNode1[0]<--->Repeater1[0]
REAL
  0.405031 0.00412231 -0.0139139   0.363524
0.00412231  0.0792453  0.0500721  0.0285264
-0.0139139  0.0500721  0.0993711 0.00794884
  0.363524  0.0285264 0.00794884   0.416352
IMAGINARY
          0   0.0023698  -0.0162106   0.0349346
 -0.0023698           0 -0.00476768 -0.00663205
  0.0162106  0.00476768           0  0.00651345
 -0.0349346  0.00663205 -0.00651345           0
EndNode2[0]<--->HoM1[0]
REAL
  0.39174  0.012273 0.0101491  0.361239
 0.012273 0.0913642 0.0510195 0.0227541
0.0101491 0.0510195 0.0851064 0.0180496
 0.361239 0.0227541 0.0180496   0.43179
IMAGINARY
          0   0.0124792   0.0022435 -0.00610296
 -0.0124792           0 -0.00884269   -0.030224
 -0.0022435  0.00884269           0    0.034966
 0.00610296    0.030224   -0.034966           0
Repeater1[0]<--->EndNode1[0]
REAL
  0.405031 -0.0139139 0.00412231   0.363524
-0.0139139  0.0993711  0.0500721 0.00794884
0.00412231  0.0500721  0.0792453  0.0285264
  0.363524 0.00794884  0.0285264   0.416352
IMAGINARY
          0  -0.0162106   0.0023698   0.0349346
  0.0162106           0  0.00476768  0.00651345
 -0.0023698 -0.00476768           0 -0.00663205
 -0.0349346 -0.00651345  0.00663205           0
Repeater1[0]<--->HoM1[0]
REAL
  0.39174 0.0101491  0.012273  0.361239
0.0101491 0.0851064 0.0510195 0.0180496
 0.012273 0.0510195 0.0913642 0.0227541
 0.361239 0.0180496 0.0227541   0.43179
IMAGINARY
          0   0.0022435   0.0124792 -0.00610296
 -0.0022435           0  0.00884269    0.034966
 -0.0124792 -0.00884269           0   -0.030224
 0.00610296   -0.034966    0.030224           0
EndNode1[0]<--->Repeater1[0]
REAL
    0.41507   0.0375042 -0.00727221    0.370589
  0.0375042   0.0855683   0.0370468   0.0109668
-0.00727221   0.0370468   0.0855683  -0.0128736
   0.370589   0.0109668  -0.0128736    0.413793
IMAGINARY
          0 -0.00634663   0.0217282 -0.00410585
 0.00634663           0  -0.0134144 -0.00232898
 -0.0217282   0.0134144           0  -0.0143042
 0.00410585  0.00232898   0.0143042           0
EndNode2[0]<--->HoM1[0]
REAL
  0.440613 0.00203044 0.00207886    0.35956
0.00203044  0.0740741  0.0664569  0.0170333
0.00207886  0.0664569   0.106003  0.0096835
   0.35956  0.0170333  0.0096835    0.37931
IMAGINARY
          0   0.0050951  -0.0124436 -0.00557582
 -0.0050951           0  -0.0140064   0.0071386
  0.0124436   0.0140064           0 -0.00244258
 0.00557582  -0.0071386  0.00244258           0
Repeater1[0]<--->EndNode1[0]
REAL
    0.41507 -0.00727221   0.0375042    0.370589
-0.00727221   0.0855683   0.0370468  -0.0128736
  0.0375042   0.0370468   0.0855683   0.0109668
   0.370589  -0.0128736   0.0109668    0.413793
IMAGINARY
          0   0.0217282 -0.00634663 -0.00410585
 -0.0217282           0   0.0134144  -0.0143042
 0.00634663  -0.0134144           0 -0.00232898
 0.00410585   0.0143042  0.00232898           0
Repeater1[0]<--->HoM1[0]
REAL
  0.440613 0.00207886 0.00203044    0.35956
0.00207886   0.106003  0.0664569  0.0096835
0.00203044  0.0664569  0.0740741  0.0170333
   0.35956  0.0096835  0.0170333    0.37931
IMAGINARY
          0  -0.0124436   0.0050951 -0.00557582
  0.0124436           0   0.0140064 -0.00244258
 -0.0050951  -0.0140064           0   0.0071386
 0.00557582  0.00244258  -0.0071386           0
EndNode1[0]<--->Repeater1[0]
REAL
   0.407457 -0.00817447 -0.00658462    0.372381
-0.00817447   0.0985353   0.0280229 -0.00350959
-0.00658462   0.0280229   0.0932091 -0.00461153
   0.372381 -0.00350959 -0.00461153    0.400799
IMAGINARY
          0   0.0126115   -0.018075 -0.00500668
 -0.0126115           0  0.00500668 -0.00202877
   0.018075 -0.00500668           0   0.0100863
 0.00500668  0.00202877  -0.0100863           0
EndNode2[0]<--->HoM1[0]
REAL
   0.419799  0.00263031  -0.0100873     0.35368
 0.00263031   0.0952381   0.0639368  0.00184903
 -0.0100873   0.0639368   0.0789474 0.000538259
    0.35368  0.00184903 0.000538259    0.406015
IMAGINARY
          0  0.00646898  0.00201671  -0.0123985
-0.00646898           0  0.00922997  -0.0148372
-0.00201671 -0.00922997           0   0.0217362
  0.0123985   0.0148372  -0.0217362           0
Repeater1[0]<--->EndNode1[0]
REAL
   0.407457 -0.00658462 -0.00817447    0.372381
-0.00658462   0.0932091   0.0280229 -0.00461153
-0.00817447   0.0280229   0.0985353 -0.00350959
   0.372381 -0.00461153 -0.00350959    0.400799
IMAGINARY
          0   -0.018075   0.0126115 -0.00500668
   0.018075           0 -0.00500668   0.0100863
 -0.0126115  0.00500668           0 -0.00202877
 0.00500668  -0.0100863  0.00202877           0
Repeater1[0]<--->HoM1[0]
REAL
   0.419799  -0.0100873  0.00263031     0.35368
 -0.0100873   0.0789474   0.0639368 0.000538259
 0.00263031   0.0639368   0.0952381  0.00184903
    0.35368 0.000538259  0.00184903    0.406015
IMAGINARY
          0  0.00201671  0.00646898  -0.0123985
-0.00201671           0 -0.00922997   0.0217362
-0.00646898  0.00922997           0  -0.0148372
  0.0123985  -0.0217362   0.0148372           0
EndNode1[0]<--->Repeater1[0]
REAL
    0.40932  -0.0150124 0.000362261    0.362684
 -0.0150124   0.0957179   0.0526603  -0.0109443
0.000362261   0.0526603   0.0768262 -0.00615163
   0.362684  -0.0109443 -0.00615163    0.418136
IMAGINARY
           0    0.0295018   -0.0002525   -0.0132015
  -0.0295018            0   -0.0066398 -0.000913002
   0.0002525    0.0066398            0   -0.0108538
   0.0132015  0.000913002    0.0108538            0
EndNode2[0]<--->HoM1[0]
REAL
   0.436409  0.00529827   0.0201984    0.353668
 0.00529827    0.102244   0.0415701 -0.00183101
  0.0201984   0.0415701   0.0798005   0.0117085
   0.353668 -0.00183101   0.0117085    0.381546
IMAGINARY
          0   0.0230644  -0.0183891  0.00189531
 -0.0230644           0  0.00446601  -0.0208644
  0.0183891 -0.00446601           0  0.00331915
-0.00189531   0.0208644 -0.00331915           0
Repeater1[0]<--->EndNode1[0]
REAL
    0.40932 0.000362261  -0.0150124    0.362684
0.000362261   0.0768262   0.0526603 -0.00615163
 -0.0150124   0.0526603   0.0957179  -0.0109443
   0.362684 -0.00615163  -0.0109443    0.418136
IMAGINARY
           0   -0.0002525    0.0295018   -0.0132015
   0.0002525            0    0.0066398   -0.0108538
  -0.0295018   -0.0066398            0 -0.000913002
   0.0132015    0.0108538  0.000913002            0
Repeater1[0]<--->HoM1[0]
REAL
   0.436409   0.0201984  0.00529827    0.353668
  0.0201984   0.0798005   0.0415701   0.0117085
 0.00529827   0.0415701    0.102244 -0.00183101
   0.353668   0.0117085 -0.00183101    0.381546
IMAGINARY
          0  -0.0183891   0.0230644  0.00189531
  0.0183891           0 -0.00446601  0.00331915
 -0.0230644  0.00446601           0  -0.0208644
-0.00189531 -0.00331915   0.0208644           0
EndNode1[0]<--->Repeater1[0]
REAL
   0.414907   0.0059123 -0.00225674    0.365284
  0.0059123   0.0757764   0.0467466   0.0171338
-0.00225674   0.0467466   0.0931677   0.0089648
   0.365284   0.0171338   0.0089648    0.416149
IMAGINARY
           0   -0.0190072    0.0305446   0.00252971
   0.0190072            0  0.000599205   -0.0109624
  -0.0305446 -0.000599205            0  -0.00710245
 -0.00252971    0.0109624   0.00710245            0
EndNode2[0]<--->HoM1[0]
REAL
   0.400773  0.00999095  0.00236081    0.357576
 0.00999095   0.0786082   0.0434396   0.0128676
 0.00236081   0.0434396   0.0992268 0.000161332
   0.357576   0.0128676 0.000161332    0.421392
IMAGINARY
          0 -0.00110827  0.00850785  0.00401078
 0.00110827           0 -0.00845805  -0.0124346
-0.00850785  0.00845805           0   0.0102706
-0.00401078   0.0124346  -0.0102706           0
Repeater1[0]<--->EndNode1[0]
REAL
   0.414907 -0.00225674   0.0059123    0.365284
-0.00225674   0.0931677   0.0467466   0.0089648
  0.0059123   0.0467466   0.0757764   0.0171338
   0.365284   0.0089648   0.0171338    0.416149
IMAGINARY
           0    0.0305446   -0.0190072   0.00252971
  -0.0305446            0 -0.000599205  -0.00710245
   0.0190072  0.000599205            0   -0.0109624
 -0.00252971   0.00710245    0.0109624            0
Repeater1[0]<--->HoM1[0]
REAL
   0.400773  0.00236081  0.00999095    0.357576
 0.00236081   0.0992268   0.0434396 0.000161332
 0.00999095   0.0434396   0.0786082   0.0128676
   0.357576 0.000161332   0.0128676    0.421392
IMAGINARY
          0  0.00850785 -0.00110827  0.00401078
-0.00850785           0  0.00845805   0.0102706
 0.00110827 -0.00845805           0  -0.0124346
-0.00401078  -0.0102706   0.0124346           0
EndNode1[0]<--->Repeater1[0]
REAL
   0.440678  0.00581676  0.00528402    0.344974
 0.00581676   0.0726392   0.0546294 0.000660502
 0.00528402   0.0546294   0.0847458 0.000127758
   0.344974 0.000660502 0.000127758    0.401937
IMAGINARY
          0  0.00411239  -0.0112686   0.0140049
-0.00411239           0  0.00216278 -0.00735212
  0.0112686 -0.00216278           0  0.00347382
 -0.0140049  0.00735212 -0.00347382           0
EndNode2[0]<--->HoM1[0]
REAL
   0.413748  0.00827851  0.00667287    0.358112
 0.00827851   0.0933852   0.0591109  0.00734582
 0.00667287   0.0591109   0.0907912 0.000399725
   0.358112  0.00734582 0.000399725    0.402075
IMAGINARY
          0 -0.00182859  -0.0090442 -0.00330008
 0.00182859           0   0.0347507 -0.00531286
  0.0090442  -0.0347507           0 -0.00503783
 0.00330008  0.00531286  0.00503783           0
Repeater1[0]<--->EndNode1[0]
REAL
   0.440678  0.00528402  0.00581676    0.344974
 0.00528402   0.0847458   0.0546294 0.000127758
 0.00581676   0.0546294   0.0726392 0.000660502
   0.344974 0.000127758 0.000660502    0.401937
IMAGINARY
          0  -0.0112686  0.00411239   0.0140049
  0.0112686           0 -0.00216278  0.00347382
-0.00411239  0.00216278           0 -0.00735212
 -0.0140049 -0.00347382  0.00735212           0
Repeater1[0]<--->HoM1[0]
REAL
   0.413748  0.00667287  0.00827851    0.358112
 0.00667287   0.0907912   0.0591109 0.000399725
 0.00827851   0.0591109   0.0933852  0.00734582
   0.358112 0.000399725  0.00734582    0.402075
IMAGINARY
          0  -0.0090442 -0.00182859 -0.00330008
  0.0090442           0  -0.0347507 -0.00503783
 0.00182859   0.0347507           0 -0.00531286
 0.00330008  0.00503783  0.00531286           0
EndNode1[0]<--->Repeater1[0]
REAL
   0.43681 0.00532907  0.0120717   0.343518
0.00532907  0.0748466  0.0352282  0.0288003
 0.0120717  0.0352282  0.0883436 0.00148292
  0.343518  0.0288003 0.00148292        0.4
IMAGINARY
          0  0.00413725  0.00379251   0.0110306
-0.00413725           0  0.00150073   0.0182282
-0.00379251 -0.00150073           0  -0.0287487
 -0.0110306  -0.0182282   0.0287487           0
EndNode2[0]<--->HoM1[0]
REAL
  0.432051 -0.0114699  0.0148728   0.362758
-0.0114699   0.105128  0.0543036 0.00171489
 0.0148728  0.0543036   0.075641  0.0256879
  0.362758 0.00171489  0.0256879   0.387179
IMAGINARY
          0  0.00379564 -0.00933551 -0.00610597
-0.00379564           0   0.0209943 -0.00189302
 0.00933551  -0.0209943           0  -0.0203082
 0.00610597  0.00189302   0.0203082           0
Repeater1[0]<--->EndNode1[0]
REAL
   0.43681  0.0120717 0.00532907   0.343518
 0.0120717  0.0883436  0.0352282 0.00148292
0.00532907  0.0352282  0.0748466  0.0288003
  0.343518 0.00148292  0.0288003        0.4
IMAGINARY
          0  0.00379251  0.00413725   0.0110306
-0.00379251           0 -0.00150073  -0.0287487
-0.00413725  0.00150073           0   0.0182282
 -0.0110306   0.0287487  -0.0182282           0
Repeater1[0]<--->HoM1[0]
REAL
  0.432051  0.0148728 -0.0114699   0.362758
 0.0148728   0.075641  0.0543036  0.0256879
-0.0114699  0.0543036   0.105128 0.00171489
  0.362758  0.0256879 0.00171489   0.387179
IMAGINARY
          0 -0.00933551  0.00379564 -0.00610597
 0.00933551           0  -0.0209943  -0.0203082
-0.00379564   0.0209943           0 -0.00189302
 0.00610597   0.0203082  0.00189302           0
EndNode1[0]<--->Repeater1[0]
REAL
  0.409623 0.00445129 0.00625123   0.370935
0.00445129  0.0819246  0.0525275  -0.021935
0.00625123  0.0525275  0.0910273 -0.0238992
  0.370935  -0.021935 -0.0238992   0.417425
IMAGINARY
           0   0.00100014   -0.0166833   0.00128408
 -0.00100014            0    0.0239819  0.000514149
   0.0166833   -0.0239819            0  -0.00721904
 -0.00128408 -0.000514149   0.00721904            0
EndNode2[0]<--->HoM1[0]
REAL
   0.428571 -0.00891916  -0.0046539    0.353753
-0.00891916   0.0873786   0.0548629  -0.0214558
 -0.0046539   0.0548629    0.074896  -0.0145795
   0.353753  -0.0214558  -0.0145795    0.409154
IMAGINARY
          0 -0.00446329   0.0140952 -0.00657895
 0.00446329           0  0.00657895   0.0115636
 -0.0140952 -0.00657895           0  -0.0198086
 0.00657895  -0.0115636   0.0198086           0
Repeater1[0]<--->EndNode1[0]
REAL
  0.409623 0.00625123 0.00445129   0.370935
0.00625123  0.0910273  0.0525275 -0.0238992
0.00445129  0.0525275  0.0819246  -0.021935
  0.370935 -0.0238992  -0.021935   0.417425
IMAGINARY
           0   -0.0166833   0.00100014   0.00128408
   0.0166833            0   -0.0239819  -0.00721904
 -0.00100014    0.0239819            0  0.000514149
 -0.00128408   0.00721904 -0.000514149            0
Repeater1[0]<--->HoM1[0]
REAL
   0.428571  -0.0046539 -0.00891916    0.353753
 -0.0046539    0.074896   0.0548629  -0.0145795
-0.00891916   0.0548629   0.0873786  -0.0214558
   0.353753  -0.0145795  -0.0214558    0.409154
IMAGINARY
          0   0.0140952 -0.00446329 -0.00657895
 -0.0140952           0 -0.00657895  -0.0198086
 0.00446329  0.00657895           0   0.0115636
 0.00657895   0.0198086  -0.0115636           0
EndNode1[0]<--->Repeater1[0]
REAL
      0.395   0.0047905   0.0089404    0.352874
  0.0047905       0.085     0.06298  -0.0089404
  0.0089404     0.06298       0.095 -0.00601001
   0.352874  -0.0089404 -0.00601001       0.425
IMAGINARY
           0  -0.00625281  -0.00233748  0.000799865
  0.00625281            0   0.00787837    0.0169651
  0.00233748  -0.00787837            0    0.0129017
-0.000799865   -0.0169651   -0.0129017            0
EndNode2[0]<--->HoM1[0]
REAL
    0.422252    0.0135318 -0.000892885     0.363374
   0.0135318    0.0790885    0.0412715    0.0155628
-0.000892885    0.0412715    0.0924933  -0.00130689
    0.363374    0.0155628  -0.00130689     0.406166
IMAGINARY
          0 -0.00547464  0.00565603 -0.00508596
 0.00547464           0  0.00117971  0.00243022
-0.00565603 -0.00117971           0   0.0135609
 0.00508596 -0.00243022  -0.0135609           0
Repeater1[0]<--->EndNode1[0]
REAL
      0.395   0.0089404   0.0047905    0.352874
  0.0089404       0.095     0.06298 -0.00601001
  0.0047905     0.06298       0.085  -0.0089404
   0.352874 -0.00601001  -0.0089404       0.425
IMAGINARY
           0  -0.00233748  -0.00625281  0.000799865
  0.00233748            0  -0.00787837    0.0129017
  0.00625281   0.00787837            0    0.0169651
-0.000799865   -0.0129017   -0.0169651            0
Repeater1[0]<--->HoM1[0]
REAL
    0.422252 -0.000892885    0.0135318     0.363374
-0.000892885    0.0924933    0.0412715  -0.00130689
   0.0135318    0.0412715    0.0790885    0.0155628
    0.363374  -0.00130689    0.0155628     0.406166
IMAGINARY
          0  0.00565603 -0.00547464 -0.00508596
-0.00565603           0 -0.00117971   0.0135609
 0.00547464  0.00117971           0  0.00243022
 0.00508596  -0.0135609 -0.00243022           0
EndNode1[0]<--->Repeater1[0]
REAL
  0.421795 -0.0225098 -0.0366961   0.352264
-0.0225098  0.0833333  0.0537758 -0.0136395
-0.0366961  0.0537758  0.0910256 -0.0117184
  0.352264 -0.0136395 -0.0117184   0.403846
IMAGINARY
           0   -0.0154101    0.0205772   -0.0142838
   0.0154101            0    0.0182003    0.0121684
  -0.0205772   -0.0182003            0  0.000296728
   0.0142838   -0.0121684 -0.000296728            0
EndNode2[0]<--->HoM1[0]
REAL
   0.422764 -0.00697803  0.00827269     0.36683
-0.00697803   0.0867209   0.0592351  -0.0157915
 0.00827269   0.0592351   0.0826558   -0.011819
    0.36683  -0.0157915   -0.011819    0.407859
IMAGINARY
          0  -0.0136622  0.00271917 -0.00385899
  0.0136622           0   0.0216068    0.017534
-0.00271917  -0.0216068           0 -0.00912263
 0.00385899   -0.017534  0.00912263           0
Repeater1[0]<--->EndNode1[0]
REAL
  0.421795 -0.0366961 -0.0225098   0.352264
-0.0366961  0.0910256  0.0537758 -0.0117184
-0.0225098  0.0537758  0.0833333 -0.0136395
  0.352264 -0.0117184 -0.0136395   0.403846
IMAGINARY
           0    0.0205772   -0.0154101   -0.0142838
  -0.0205772            0   -0.0182003  0.000296728
   0.0154101    0.0182003            0    0.0121684
   0.0142838 -0.000296728   -0.0121684            0
Repeater1[0]<--->HoM1[0]
REAL
   0.422764  0.00827269 -0.00697803     0.36683
 0.00827269   0.0826558   0.0592351   -0.011819
-0.00697803   0.0592351   0.0867209  -0.0157915
    0.36683   -0.011819  -0.0157915    0.407859
IMAGINARY
          0  0.00271917  -0.0136622 -0.00385899
-0.00271917           0  -0.0216068 -0.00912263
  0.0136622   0.0216068           0    0.017534
 0.00385899  0.00912263   -0.017534           0
EndNode1[0]<--->Repeater1[0]
REAL
  0.394969 0.00363128 -0.0079725   0.368354
0.00363128  0.0779874      0.052 -0.0204725
-0.0079725      0.052    0.10566 -0.0282836
  0.368354 -0.0204725 -0.0282836   0.421384
IMAGINARY
          0  -0.0244778  0.00833794   0.0161968
  0.0244778           0   0.0148913 -0.00565697
-0.00833794  -0.0148913           0 -0.00367238
 -0.0161968  0.00565697  0.00367238           0
EndNode2[0]<--->HoM1[0]
REAL
 0.427673 0.0105513 0.0039437   0.35872
0.0105513  0.104403 0.0433161 0.0164125
0.0039437 0.0433161 0.0855346 0.0059881
  0.35872 0.0164125 0.0059881   0.38239
IMAGINARY
          0  -0.0116435   0.0206431   0.0405647
  0.0116435           0 -0.00452277  0.00991924
 -0.0206431  0.00452277           0  -0.0103614
 -0.0405647 -0.00991924   0.0103614           0
Repeater1[0]<--->EndNode1[0]
REAL
  0.394969 -0.0079725 0.00363128   0.368354
-0.0079725    0.10566      0.052 -0.0282836
0.00363128      0.052  0.0779874 -0.0204725
  0.368354 -0.0282836 -0.0204725   0.421384
IMAGINARY
          0  0.00833794  -0.0244778   0.0161968
-0.00833794           0  -0.0148913 -0.00367238
  0.0244778   0.0148913           0 -0.00565697
 -0.0161968  0.00367238  0.00565697           0
Repeater1[0]<--->HoM1[0]
REAL
 0.427673 0.0039437 0.0105513   0.35872
0.0039437 0.0855346 0.0433161 0.0059881
0.0105513 0.0433161  0.104403 0.0164125
  0.35872 0.0059881 0.0164125   0.38239
IMAGINARY
          0   0.0206431  -0.0116435   0.0405647
 -0.0206431           0  0.00452277  -0.0103614
  0.0116435 -0.00452277           0  0.00991924
 -0.0405647   0.0103614 -0.00991924           0
EndNode1[0]<--->Repeater1[0]
REAL
   0.402116  0.00561798 -0.00135606    0.354532
 0.00561798   0.0925926   0.0518355  0.00822248
-0.00135606   0.0518355    0.100529 -0.00249688
   0.354532  0.00822248 -0.00249688    0.404762
IMAGINARY
           0   0.00115533  0.000459559   0.00177726
 -0.00115533            0  -0.00975598   -0.0151654
-0.000459559   0.00975598            0   0.00497212
 -0.00177726    0.0151654  -0.00497212            0
EndNode2[0]<--->HoM1[0]
REAL
   0.381885  -0.0175532  0.00315087    0.358223
 -0.0175532    0.106487   0.0325957   -0.039131
 0.00315087   0.0325957   0.0869033 -0.00601998
   0.358223   -0.039131 -0.00601998    0.424725
IMAGINARY
          0  0.00416822  -0.0050728  0.00896248
-0.00416822           0 -0.00182889   0.0044123
  0.0050728  0.00182889           0   0.0123443
-0.00896248  -0.0044123  -0.0123443           0
Repeater1[0]<--->EndNode1[0]
REAL
   0.402116 -0.00135606  0.00561798    0.354532
-0.00135606    0.100529   0.0518355 -0.00249688
 0.00561798   0.0518355   0.0925926  0.00822248
   0.354532 -0.00249688  0.00822248    0.404762
IMAGINARY
           0  0.000459559   0.00115533   0.00177726
-0.000459559            0   0.00975598   0.00497212
 -0.00115533  -0.00975598            0   -0.0151654
 -0.00177726  -0.00497212    0.0151654            0
Repeater1[0]<--->HoM1[0]
REAL
   0.381885  0.00315087  -0.0175532    0.358223
 0.00315087   0.0869033   0.0325957 -0.00601998
 -0.0175532   0.0325957    0.106487   -0.039131
   0.358223 -0.00601998   -0.039131    0.424725
IMAGINARY
          0  -0.0050728  0.00416822  0.00896248
  0.0050728           0  0.00182889   0.0123443
-0.00416822 -0.00182889           0   0.0044123
-0.00896248  -0.0123443  -0.0044123           0
EndNode1[0]<--->Repeater1[0]
REAL
    0.40052   0.0144706  0.00539895    0.357114
  0.0144706   0.0871261    0.053729 -0.00780859
 0.00539895    0.053729   0.0975293 -0.00483203
   0.357114 -0.00780859 -0.00483203    0.414824
IMAGINARY
          0 -0.00744945  0.00317254   0.0180714
 0.00744945           0 -0.00656244   0.0137545
-0.00317254  0.00656244           0   0.0126578
 -0.0180714  -0.0137545  -0.0126578           0
EndNode2[0]<--->HoM1[0]
REAL
   0.370611   0.0223435  0.00598643    0.351146
  0.0223435    0.104031   0.0592248   0.0100187
 0.00598643   0.0592248   0.0806242 -0.00121672
   0.351146   0.0100187 -0.00121672    0.444733
IMAGINARY
           0    0.0214027   -0.0101297   0.00941217
  -0.0214027            0   -0.0152792 -0.000274232
   0.0101297    0.0152792            0   -0.0109988
 -0.00941217  0.000274232    0.0109988            0
Repeater1[0]<--->EndNode1[0]
REAL
    0.40052  0.00539895   0.0144706    0.357114
 0.00539895   0.0975293    0.053729 -0.00483203
  0.0144706    0.053729   0.0871261 -0.00780859
   0.357114 -0.00483203 -0.00780859    0.414824
IMAGINARY
          0  0.00317254 -0.00744945   0.0180714
-0.00317254           0  0.00656244   0.0126578
 0.00744945 -0.00656244           0   0.0137545
 -0.0180714  -0.0126578  -0.0137545           0
Repeater1[0]<--->HoM1[0]
REAL
   0.370611  0.00598643   0.0223435    0.351146
 0.00598643   0.0806242   0.0592248 -0.00121672
  0.0223435   0.0592248    0.104031   0.0100187
   0.351146 -0.00121672   0.0100187    0.444733
IMAGINARY
           0   -0.0101297    0.0214027   0.00941217
   0.0101297            0    0.0152792   -0.0109988
  -0.0214027   -0.0152792            0 -0.000274232
 -0.00941217    0.0109988  0.000274232            0
EndNode1[0]<--->Repeater1[0]
REAL
   0.398098 0.000921383  -0.0114463    0.355823
0.000921383   0.0923913   0.0594312  0.00539305
 -0.0114463   0.0594312   0.0747283 0.000289271
   0.355823  0.00539305 0.000289271    0.434783
IMAGINARY
          0 -0.00224049 -0.00263141  -0.0162763
 0.00224049           0   0.0246633 -0.00510055
 0.00263141  -0.0246633           0 -0.00549147
  0.0162763  0.00510055  0.00549147           0
EndNode2[0]<--->HoM1[0]
REAL
   0.399491   0.0204125   0.0152612    0.354607
  0.0204125   0.0903308   0.0452633   0.0126971
  0.0152612   0.0452633   0.0916031 -0.00415757
   0.354607   0.0126971 -0.00415757    0.418575
IMAGINARY
          0  0.00140145   0.0107441  -0.0110137
-0.00140145           0 -0.00260494 -0.00190571
 -0.0107441  0.00260494           0 -0.00645195
  0.0110137  0.00190571  0.00645195           0
Repeater1[0]<--->EndNode1[0]
REAL
   0.398098  -0.0114463 0.000921383    0.355823
 -0.0114463   0.0747283   0.0594312 0.000289271
0.000921383   0.0594312   0.0923913  0.00539305
   0.355823 0.000289271  0.00539305    0.434783
IMAGINARY
          0 -0.00263141 -0.00224049  -0.0162763
 0.00263141           0  -0.0246633 -0.00549147
 0.00224049   0.0246633           0 -0.00510055
  0.0162763  0.00549147  0.00510055           0
Repeater1[0]<--->HoM1[0]
REAL
   0.399491   0.0152612   0.0204125    0.354607
  0.0152612   0.0916031   0.0452633 -0.00415757
  0.0204125   0.0452633   0.0903308   0.0126971
   0.354607 -0.00415757   0.0126971    0.418575
IMAGINARY
          0   0.0107441  0.00140145  -0.0110137
 -0.0107441           0  0.00260494 -0.00645195
-0.00140145 -0.00260494           0 -0.00190571
  0.0110137  0.00645195  0.00190571           0
EndNode1[0]<--->Repeater1[0]
REAL
   0.390606 -0.00414591  0.00320918    0.352681
-0.00414591    0.092707   0.0482195  0.00644333
 0.00320918   0.0482195   0.0988875  0.00221541
   0.352681  0.00644333  0.00221541      0.4178
IMAGINARY
          0  0.00761191  -0.0151391   0.0176627
-0.00761191           0 -0.00457367  0.00595273
  0.0151391  0.00457367           0  -0.0154859
 -0.0176627 -0.00595273   0.0154859           0
EndNode2[0]<--->HoM1[0]
REAL
   0.434899   0.0152455  0.00941467    0.373945
  0.0152455   0.0805369   0.0423945 -0.00353231
 0.00941467   0.0423945   0.0791946 -0.00413437
   0.373945 -0.00353231 -0.00413437    0.405369
IMAGINARY
          0 -0.00209301  0.00584066  -0.0136187
 0.00209301           0 -0.00366849  -0.0151989
-0.00584066  0.00366849           0  0.00610371
  0.0136187   0.0151989 -0.00610371           0
Repeater1[0]<--->EndNode1[0]
REAL
   0.390606  0.00320918 -0.00414591    0.352681
 0.00320918   0.0988875   0.0482195  0.00221541
-0.00414591   0.0482195    0.092707  0.00644333
   0.352681  0.00221541  0.00644333      0.4178
IMAGINARY
          0  -0.0151391  0.00761191   0.0176627
  0.0151391           0  0.00457367  -0.0154859
-0.00761191 -0.00457367           0  0.00595273
 -0.0176627   0.0154859 -0.00595273           0
Repeater1[0]<--->HoM1[0]
REAL
   0.434899  0.00941467   0.0152455    0.373945
 0.00941467   0.0791946   0.0423945 -0.00413437
  0.0152455   0.0423945   0.0805369 -0.00353231
   0.373945 -0.00413437 -0.00353231    0.405369
IMAGINARY
          0  0.00584066 -0.00209301  -0.0136187
-0.00584066           0  0.00366849  0.00610371
 0.00209301 -0.00366849           0  -0.0151989
  0.0136187 -0.00610371   0.0151989           0
EndNode1[0]<--->Repeater1[0]
REAL
   0.388298 -0.00672703 -0.00704798    0.342394
-0.00672703   0.0957447   0.0588884 -0.00833664
-0.00704798   0.0588884    0.102394 -0.00737554
   0.342394 -0.00833664 -0.00737554    0.413564
IMAGINARY
           0    0.0103653   -0.0117765   -0.0178646
  -0.0103653            0  -0.00594491  0.000178527
   0.0117765   0.00594491            0   0.00380992
   0.0178646 -0.000178527  -0.00380992            0
EndNode2[0]<--->HoM1[0]
REAL
   0.40129  -0.010279    -0.0129   0.367762
 -0.010279  0.0851613  0.0493369  0.0077186
   -0.0129  0.0493369  0.0903226 0.00250699
  0.367762  0.0077186 0.00250699   0.423226
IMAGINARY
          0   0.0120048 -0.00398689  -0.0118832
 -0.0120048           0   0.0149582  -0.0140371
 0.00398689  -0.0149582           0   0.0113597
