EndNode1[0]<--->Repeater1[0]
REAL
  0.474279  0.0115206 -0.0151957   0.372813
 0.0115206  0.0589711 0.00168585 0.00117705
-0.0151957 0.00168585  0.0614806 -0.0148583
  0.372813 0.00117705 -0.0148583    0.40527
IMAGINARY
          0   0.0101685  -0.0130587  -0.0304232
 -0.0101685           0  0.00874125      0.0112
  0.0130587 -0.00874125           0 -0.00583147
  0.0304232     -0.0112  0.00583147           0
EndNode2[0]<--->HoM1[0]
REAL
   0.462916   0.0193134 -0.00242088    0.374617
  0.0193134   0.0345269 -0.00871648  0.00561373
-0.00242088 -0.00871648   0.0460358 -0.00973483
   0.374617  0.00561373 -0.00973483    0.456522
IMAGINARY
          0  0.00298203  0.00314712   -0.009799
-0.00298203           0   0.0131368  0.00379732
-0.00314712  -0.0131368           0 -0.00437092
   0.009799 -0.00379732  0.00437092           0
Repeater1[0]<--->EndNode1[0]
REAL
  0.474279 -0.0151957  0.0115206   0.372813
-0.0151957  0.0614806 0.00168585 -0.0148583
 0.0115206 0.00168585  0.0589711 0.00117705
  0.372813 -0.0148583 0.00117705    0.40527
IMAGINARY
          0  -0.0130587   0.0101685  -0.0304232
  0.0130587           0 -0.00874125 -0.00583147
 -0.0101685  0.00874125           0      0.0112
  0.0304232  0.00583147     -0.0112           0
Repeater1[0]<--->HoM1[0]
REAL
   0.462916 -0.00242088   0.0193134    0.374617
-0.00242088   0.0460358 -0.00871648 -0.00973483
  0.0193134 -0.00871648   0.0345269  0.00561373
   0.374617 -0.00973483  0.00561373    0.456522
IMAGINARY
          0  0.00314712  0.00298203   -0.009799
-0.00314712           0  -0.0131368 -0.00437092
-0.00298203   0.0131368           0  0.00379732
   0.009799  0.00437092 -0.00379732           0
EndNode1[0]<--->Repeater1[0]
REAL
   0.481343 -0.00210364  0.00955046    0.348355
-0.00210364   0.0497512  0.00546177  -0.0283085
 0.00955046  0.00546177   0.0609453  -0.0231227
   0.348355  -0.0283085  -0.0231227     0.40796
IMAGINARY
          0  -0.0181691   0.0122766  0.00101746
  0.0181691           0 -0.00167796  0.00517979
 -0.0122766  0.00167796           0  0.00570026
-0.00101746 -0.00517979 -0.00570026           0
EndNode2[0]<--->HoM1[0]
REAL
   0.464901  0.00121955 -0.00239365    0.372339
 0.00121955   0.0569536  0.00846433  -0.0107808
-0.00239365  0.00846433   0.0463576 -0.00812043
   0.372339  -0.0107808 -0.00812043    0.431788
IMAGINARY
          0  0.00196335  0.00407223  0.00361862
-0.00196335           0  0.00551976 -0.00799893
-0.00407223 -0.00551976           0 -0.00589005
-0.00361862  0.00799893  0.00589005           0
Repeater1[0]<--->EndNode1[0]
REAL
   0.481343  0.00955046 -0.00210364    0.348355
 0.00955046   0.0609453  0.00546177  -0.0231227
-0.00210364  0.00546177   0.0497512  -0.0283085
   0.348355  -0.0231227  -0.0283085     0.40796
IMAGINARY
          0   0.0122766  -0.0181691  0.00101746
 -0.0122766           0  0.00167796  0.00570026
  0.0181691 -0.00167796           0  0.00517979
-0.00101746 -0.00570026 -0.00517979           0
Repeater1[0]<--->HoM1[0]
REAL
   0.464901 -0.00239365  0.00121955    0.372339
-0.00239365   0.0463576  0.00846433 -0.00812043
 0.00121955  0.00846433   0.0569536  -0.0107808
   0.372339 -0.00812043  -0.0107808    0.431788
IMAGINARY
          0  0.00407223  0.00196335  0.00361862
-0.00407223           0 -0.00551976 -0.00589005
-0.00196335  0.00551976           0 -0.00799893
-0.00361862  0.00589005  0.00799893           0
EndNode1[0]<--->Repeater1[0]
REAL
   0.455614 -0.00913838   0.0167041    0.372148
-0.00913838   0.0483029    0.010359  -0.0180096
  0.0167041    0.010359   0.0574413   0.0104439
   0.372148  -0.0180096   0.0104439    0.438642
IMAGINARY
          0  -0.0274995  0.00868228  -0.0112858
  0.0274995           0  0.00940846   0.0129979
-0.00868228 -0.00940846           0  -0.0185709
  0.0112858  -0.0129979   0.0185709           0
EndNode2[0]<--->HoM1[0]
REAL
   0.477632   0.0144843   0.0208668    0.374323
  0.0144843   0.0578947 -0.00388244 -0.00388567
  0.0208668 -0.00388244   0.0473684 -0.00379247
   0.374323 -0.00388567 -0.00379247    0.417105
IMAGINARY
          0   0.0101794 -0.00791874 -0.00800104
 -0.0101794           0   0.0225029   0.0130469
 0.00791874  -0.0225029           0  -0.0063332
 0.00800104  -0.0130469   0.0063332           0
Repeater1[0]<--->EndNode1[0]
REAL
   0.455614   0.0167041 -0.00913838    0.372148
  0.0167041   0.0574413    0.010359   0.0104439
-0.00913838    0.010359   0.0483029  -0.0180096
   0.372148   0.0104439  -0.0180096    0.438642
IMAGINARY
          0  0.00868228  -0.0274995  -0.0112858
-0.00868228           0 -0.00940846  -0.0185709
  0.0274995  0.00940846           0   0.0129979
  0.0112858   0.0185709  -0.0129979           0
Repeater1[0]<--->HoM1[0]
REAL
   0.477632   0.0208668   0.0144843    0.374323
  0.0208668   0.0473684 -0.00388244 -0.00379247
  0.0144843 -0.00388244   0.0578947 -0.00388567
   0.374323 -0.00379247 -0.00388567    0.417105
IMAGINARY
          0 -0.00791874   0.0101794 -0.00800104
 0.00791874           0  -0.0225029  -0.0063332
 -0.0101794   0.0225029           0   0.0130469
 0.00800104   0.0063332  -0.0130469           0
EndNode1[0]<--->Repeater1[0]
REAL
    0.458869   -0.0160327    -0.016162     0.352561
  -0.0160327    0.0501285  0.000519876   0.00431361
   -0.016162  0.000519876    0.0501285 -0.000554942
    0.352561   0.00431361 -0.000554942     0.440874
IMAGINARY
          0 -0.00274461 -0.00316301   0.0225902
 0.00274461           0   -0.039744   0.0018875
 0.00316301    0.039744           0   -0.011286
 -0.0225902  -0.0018875    0.011286           0
EndNode2[0]<--->HoM1[0]
REAL
   0.445129  -0.0104942 -0.00409289    0.381953
 -0.0104942   0.0517879  -0.0052062 -0.00543697
-0.00409289  -0.0052062    0.053021 -0.00793015
   0.381953 -0.00543697 -0.00793015    0.450062
IMAGINARY
          0   0.0242416  -0.0239896  0.00626816
 -0.0242416           0  -0.0278933 -0.00259924
  0.0239896   0.0278933           0 -0.00673186
-0.00626816  0.00259924  0.00673186           0
Repeater1[0]<--->EndNode1[0]
REAL
    0.458869    -0.016162   -0.0160327     0.352561
   -0.016162    0.0501285  0.000519876 -0.000554942
  -0.0160327  0.000519876    0.0501285   0.00431361
    0.352561 -0.000554942   0.00431361     0.440874
IMAGINARY
          0 -0.00316301 -0.00274461   0.0225902
 0.00316301           0    0.039744   -0.011286
 0.00274461   -0.039744           0   0.0018875
 -0.0225902    0.011286  -0.0018875           0
Repeater1[0]<--->HoM1[0]
REAL
   0.445129 -0.00409289  -0.0104942    0.381953
-0.00409289    0.053021  -0.0052062 -0.00793015
 -0.0104942  -0.0052062   0.0517879 -0.00543697
   0.381953 -0.00793015 -0.00543697    0.450062
IMAGINARY
          0  -0.0239896   0.0242416  0.00626816
  0.0239896           0   0.0278933 -0.00673186
 -0.0242416  -0.0278933           0 -0.00259924
-0.00626816  0.00673186  0.00259924           0
EndNode1[0]<--->Repeater1[0]
REAL
  0.459075 0.00253807   0.011386   0.349619
0.00253807  0.0569395  0.0107868 -0.0164621
  0.011386  0.0107868  0.0474496 0.00253807
  0.349619 -0.0164621 0.00253807   0.436536
IMAGINARY
           0    -0.018853    0.0119642    0.0135506
    0.018853            0  0.000892344  -0.00942615
  -0.0119642 -0.000892344            0   0.00489366
  -0.0135506   0.00942615  -0.00489366            0
EndNode2[0]<--->HoM1[0]
REAL
  0.452107 0.00958299  0.0395782   0.368817
0.00958299  0.0625798 0.00215054 0.00880893
 0.0395782 0.00215054  0.0485313  0.0199869
  0.368817 0.00880893  0.0199869   0.436782
IMAGINARY
          0  0.00732979  -0.0110926  -0.0236334
-0.00732979           0   0.0110071  0.00175928
  0.0110926  -0.0110071           0  0.00467021
  0.0236334 -0.00175928 -0.00467021           0
Repeater1[0]<--->EndNode1[0]
REAL
  0.459075   0.011386 0.00253807   0.349619
  0.011386  0.0474496  0.0107868 0.00253807
0.00253807  0.0107868  0.0569395 -0.0164621
  0.349619 0.00253807 -0.0164621   0.436536
IMAGINARY
           0    0.0119642    -0.018853    0.0135506
  -0.0119642            0 -0.000892344   0.00489366
    0.018853  0.000892344            0  -0.00942615
  -0.0135506  -0.00489366   0.00942615            0
Repeater1[0]<--->HoM1[0]
REAL
  0.452107  0.0395782 0.00958299   0.368817
 0.0395782  0.0485313 0.00215054  0.0199869
0.00958299 0.00215054  0.0625798 0.00880893
  0.368817  0.0199869 0.00880893   0.436782
IMAGINARY
          0  -0.0110926  0.00732979  -0.0236334
  0.0110926           0  -0.0110071  0.00467021
-0.00732979   0.0110071           0  0.00175928
  0.0236334 -0.00467021 -0.00175928           0
EndNode1[0]<--->Repeater1[0]
REAL
   0.445355 -0.00951785  0.00174695    0.372477
-0.00951785   0.0614754 -0.00220664  -0.0112064
 0.00174695 -0.00220664   0.0601093  -0.0107524
   0.372477  -0.0112064  -0.0107524     0.43306
IMAGINARY
          0  0.00537378 -0.00689882  -0.0133224
-0.00537378           0   0.0157915  0.00689882
 0.00689882  -0.0157915           0  0.00348698
  0.0133224 -0.00689882 -0.00348698           0
EndNode2[0]<--->HoM1[0]
REAL
   0.448953 -0.00682712 -0.00314575     0.39584
-0.00682712   0.0510471 -0.00681524  -0.0139274
-0.00314575 -0.00681524   0.0445026 0.000729557
    0.39584  -0.0139274 0.000729557    0.455497
IMAGINARY
           0  0.000958469    0.0126937    0.0135119
-0.000958469            0   -0.0116204   0.00816593
  -0.0126937    0.0116204            0   -0.0205539
  -0.0135119  -0.00816593    0.0205539            0
Repeater1[0]<--->EndNode1[0]
REAL
   0.445355  0.00174695 -0.00951785    0.372477
 0.00174695   0.0601093 -0.00220664  -0.0107524
-0.00951785 -0.00220664   0.0614754  -0.0112064
   0.372477  -0.0107524  -0.0112064     0.43306
IMAGINARY
          0 -0.00689882  0.00537378  -0.0133224
 0.00689882           0  -0.0157915  0.00348698
-0.00537378   0.0157915           0  0.00689882
  0.0133224 -0.00348698 -0.00689882           0
Repeater1[0]<--->HoM1[0]
REAL
   0.448953 -0.00314575 -0.00682712     0.39584
-0.00314575   0.0445026 -0.00681524 0.000729557
-0.00682712 -0.00681524   0.0510471  -0.0139274
    0.39584 0.000729557  -0.0139274    0.455497
IMAGINARY
           0    0.0126937  0.000958469    0.0135119
  -0.0126937            0    0.0116204   -0.0205539
-0.000958469   -0.0116204            0   0.00816593
  -0.0135119    0.0205539  -0.00816593            0
EndNode1[0]<--->Repeater1[0]
REAL
   0.458791  0.00635834 -0.00529723     0.35647
 0.00635834   0.0618132   0.0203413   0.0040895
-0.00529723   0.0203413   0.0618132 -0.00515061
    0.35647   0.0040895 -0.00515061    0.417582
IMAGINARY
          0  -0.0109677   0.0122581 -0.00502549
  0.0109677           0 -0.00365937  0.00516129
 -0.0122581  0.00365937           0  -0.0180645
 0.00502549 -0.00516129   0.0180645           0
EndNode2[0]<--->HoM1[0]
REAL
    0.457718  -0.00233879   -0.0307212     0.381191
 -0.00233879    0.0550336 -0.000207535    0.0171378
  -0.0307212 -0.000207535    0.0442953   -0.0112446
    0.381191    0.0171378   -0.0112446     0.442953
IMAGINARY
           0 -0.000811072  -0.00666814    0.0125731
 0.000811072            0    0.0151705    0.0122861
  0.00666814   -0.0151705            0   -0.0160429
  -0.0125731   -0.0122861    0.0160429            0
Repeater1[0]<--->EndNode1[0]
REAL
   0.458791 -0.00529723  0.00635834     0.35647
-0.00529723   0.0618132   0.0203413 -0.00515061
 0.00635834   0.0203413   0.0618132   0.0040895
    0.35647 -0.00515061   0.0040895    0.417582
IMAGINARY
          0   0.0122581  -0.0109677 -0.00502549
 -0.0122581           0  0.00365937  -0.0180645
  0.0109677 -0.00365937           0  0.00516129
 0.00502549   0.0180645 -0.00516129           0
Repeater1[0]<--->HoM1[0]
REAL
    0.457718   -0.0307212  -0.00233879     0.381191
  -0.0307212    0.0442953 -0.000207535   -0.0112446
 -0.00233879 -0.000207535    0.0550336    0.0171378
    0.381191   -0.0112446    0.0171378     0.442953
IMAGINARY
           0  -0.00666814 -0.000811072    0.0125731
  0.00666814            0   -0.0151705   -0.0160429
 0.000811072    0.0151705            0    0.0122861
  -0.0125731    0.0160429   -0.0122861            0
EndNode1[0]<--->Repeater1[0]
REAL
   0.476309   0.0142933 0.000788835    0.372954
  0.0142933   0.0660848  0.00954574   0.0117112
0.000788835  0.00954574   0.0511222  0.00570674
   0.372954   0.0117112  0.00570674    0.406484
IMAGINARY
          0 -0.00972561 -0.00924755  -0.0157629
 0.00972561           0  -0.0137277 -0.00453691
 0.00924755   0.0137277           0 -0.00531199
  0.0157629  0.00453691  0.00531199           0
EndNode2[0]<--->HoM1[0]
REAL
  0.450954 0.00299854 -0.0101547   0.369957
0.00299854  0.0340599 0.00590489 0.00394783
-0.0101547 0.00590489  0.0490463 -0.0119641
  0.369957 0.00394783 -0.0119641    0.46594
IMAGINARY
          0 -0.00498084  -0.0288745  0.00987917
 0.00498084           0  -0.0123981   0.0125346
  0.0288745   0.0123981           0    0.016092
-0.00987917  -0.0125346   -0.016092           0
Repeater1[0]<--->EndNode1[0]
REAL
   0.476309 0.000788835   0.0142933    0.372954
0.000788835   0.0511222  0.00954574  0.00570674
  0.0142933  0.00954574   0.0660848   0.0117112
   0.372954  0.00570674   0.0117112    0.406484
IMAGINARY
          0 -0.00924755 -0.00972561  -0.0157629
 0.00924755           0   0.0137277 -0.00531199
 0.00972561  -0.0137277           0 -0.00453691
  0.0157629  0.00531199  0.00453691           0
Repeater1[0]<--->HoM1[0]
REAL
  0.450954 -0.0101547 0.00299854   0.369957
-0.0101547  0.0490463 0.00590489 -0.0119641
0.00299854 0.00590489  0.0340599 0.00394783
  0.369957 -0.0119641 0.00394783    0.46594
IMAGINARY
          0  -0.0288745 -0.00498084  0.00987917
  0.0288745           0   0.0123981    0.016092
 0.00498084  -0.0123981           0   0.0125346
-0.00987917   -0.016092  -0.0125346           0
EndNode1[0]<--->Repeater1[0]
REAL
  0.470207  0.0122887 0.00147179   0.366281
 0.0122887  0.0569948  0.0022401  0.0244448
0.00147179  0.0022401  0.0608808  0.0262701
  0.366281  0.0244448  0.0262701   0.411917
IMAGINARY
          0  0.00190105   0.0025319 -0.00841597
-0.00190105           0 -0.00513082  0.00191537
 -0.0025319  0.00513082           0  0.00254621
 0.00841597 -0.00191537 -0.00254621           0
EndNode2[0]<--->HoM1[0]
REAL
   0.446753 -0.00146228   0.0104035    0.382276
-0.00146228   0.0428571  0.00549229   0.0104035
  0.0104035  0.00549229   0.0454545   0.0184862
   0.382276   0.0104035   0.0184862    0.464935
IMAGINARY
           0  -0.00338844  0.000264392    0.0201835
  0.00338844            0   0.00877407  -0.00999202
-0.000264392  -0.00877407            0    0.0170071
  -0.0201835   0.00999202   -0.0170071            0
Repeater1[0]<--->EndNode1[0]
REAL
  0.470207 0.00147179  0.0122887   0.366281
0.00147179  0.0608808  0.0022401  0.0262701
 0.0122887  0.0022401  0.0569948  0.0244448
  0.366281  0.0262701  0.0244448   0.411917
IMAGINARY
          0   0.0025319  0.00190105 -0.00841597
 -0.0025319           0  0.00513082  0.00254621
-0.00190105 -0.00513082           0  0.00191537
 0.00841597 -0.00254621 -0.00191537           0
Repeater1[0]<--->HoM1[0]
REAL
   0.446753   0.0104035 -0.00146228    0.382276
  0.0104035   0.0454545  0.00549229   0.0184862
-0.00146228  0.00549229   0.0428571   0.0104035
   0.382276   0.0184862   0.0104035    0.464935
IMAGINARY
           0  0.000264392  -0.00338844    0.0201835
-0.000264392            0  -0.00877407    0.0170071
  0.00338844   0.00877407            0  -0.00999202
  -0.0201835   -0.0170071   0.00999202            0
EndNode1[0]<--->Repeater1[0]
REAL
   0.486658  -0.0135764  0.00438411    0.367323
 -0.0135764   0.0635324  0.00450268  -0.0061979
 0.00438411  0.00450268   0.0520966 -0.00758441
   0.367323  -0.0061979 -0.00758441    0.397713
IMAGINARY
          0 -0.00506039 -0.00418403  -0.0388705
 0.00506039           0  0.00740198   0.0105943
 0.00418403 -0.00740198           0  0.00249629
  0.0388705  -0.0105943 -0.00249629           0
EndNode2[0]<--->HoM1[0]
REAL
  0.471376 -0.0146595  0.0130147   0.372035
-0.0146595   0.045067 0.00230341 0.00682658
 0.0130147 0.00230341  0.0499391   0.033178
  0.372035 0.00682658   0.033178   0.433618
IMAGINARY
          0  -0.0163081 -0.00394212 -0.00520085
  0.0163081           0 -0.00322976   0.0211835
 0.00394212  0.00322976           0 -0.00348757
 0.00520085  -0.0211835  0.00348757           0
Repeater1[0]<--->EndNode1[0]
REAL
   0.486658  0.00438411  -0.0135764    0.367323
 0.00438411   0.0520966  0.00450268 -0.00758441
 -0.0135764  0.00450268   0.0635324  -0.0061979
   0.367323 -0.00758441  -0.0061979    0.397713
IMAGINARY
          0 -0.00418403 -0.00506039  -0.0388705
 0.00418403           0 -0.00740198  0.00249629
 0.00506039  0.00740198           0   0.0105943
  0.0388705 -0.00249629  -0.0105943           0
Repeater1[0]<--->HoM1[0]
REAL
  0.471376  0.0130147 -0.0146595   0.372035
 0.0130147  0.0499391 0.00230341   0.033178
-0.0146595 0.00230341   0.045067 0.00682658
  0.372035   0.033178 0.00682658   0.433618
IMAGINARY
          0 -0.00394212  -0.0163081 -0.00520085
 0.00394212           0  0.00322976 -0.00348757
  0.0163081 -0.00322976           0   0.0211835
 0.00520085  0.00348757  -0.0211835           0
EndNode1[0]<--->Repeater1[0]
REAL
  0.479401 0.00617048 -0.0112953   0.362882
0.00617048  0.0499376 0.00183965 0.00599025
-0.0112953 0.00183965  0.0599251  -0.008823
  0.362882 0.00599025  -0.008823   0.410737
IMAGINARY
          0 -0.00083783  -0.0231803   0.0239464
 0.00083783           0  0.00947267   0.0293838
  0.0231803 -0.00947267           0 -0.00536564
 -0.0239464  -0.0293838  0.00536564           0
EndNode2[0]<--->HoM1[0]
REAL
   0.492147  0.00439769  -0.0091647    0.374286
 0.00439769    0.039267   0.0115408 -0.00789567
 -0.0091647   0.0115408   0.0405759  -0.0253951
   0.374286 -0.00789567  -0.0253951     0.42801
IMAGINARY
           0   0.00489175   -0.0016624  -0.00243448
 -0.00489175            0  -0.00665643  -0.00421995
   0.0016624   0.00665643            0 -0.000316585
  0.00243448   0.00421995  0.000316585            0
Repeater1[0]<--->EndNode1[0]
REAL
  0.479401 -0.0112953 0.00617048   0.362882
-0.0112953  0.0599251 0.00183965  -0.008823
0.00617048 0.00183965  0.0499376 0.00599025
  0.362882  -0.008823 0.00599025   0.410737
IMAGINARY
          0  -0.0231803 -0.00083783   0.0239464
  0.0231803           0 -0.00947267 -0.00536564
 0.00083783  0.00947267           0   0.0293838
 -0.0239464  0.00536564  -0.0293838           0
Repeater1[0]<--->HoM1[0]
REAL
   0.492147  -0.0091647  0.00439769    0.374286
 -0.0091647   0.0405759   0.0115408  -0.0253951
 0.00439769   0.0115408    0.039267 -0.00789567
   0.374286  -0.0253951 -0.00789567     0.42801
IMAGINARY
           0   -0.0016624   0.00489175  -0.00243448
   0.0016624            0   0.00665643 -0.000316585
 -0.00489175  -0.00665643            0  -0.00421995
  0.00243448  0.000316585   0.00421995            0
EndNode1[0]<--->Repeater1[0]
REAL
   0.478318 -0.00746641  -0.0150661    0.345964
-0.00746641   0.0565046  0.00717329 -0.00028774
 -0.0150661  0.00717329   0.0538765  0.00279351
   0.345964 -0.00028774  0.00279351    0.411301
IMAGINARY
          0   -0.013814  0.00259832  0.00144487
   0.013814           0  -0.0185551   0.0175528
-0.00259832   0.0185551           0  -0.0113749
-0.00144487  -0.0175528   0.0113749           0
EndNode2[0]<--->HoM1[0]
REAL
   0.471393   0.0123437 -0.00179406    0.380877
  0.0123437   0.0360697  0.00986828   0.0056501
-0.00179406  0.00986828   0.0522388 -0.00720232
   0.380877   0.0056501 -0.00720232    0.440299
IMAGINARY
          0    0.021087  -0.0108557  0.00508323
  -0.021087           0   0.0137847 -0.00510856
  0.0108557  -0.0137847           0 -0.00639991
-0.00508323  0.00510856  0.00639991           0
Repeater1[0]<--->EndNode1[0]
REAL
   0.478318  -0.0150661 -0.00746641    0.345964
 -0.0150661   0.0538765  0.00717329  0.00279351
-0.00746641  0.00717329   0.0565046 -0.00028774
   0.345964  0.00279351 -0.00028774    0.411301
IMAGINARY
          0  0.00259832   -0.013814  0.00144487
-0.00259832           0   0.0185551  -0.0113749
   0.013814  -0.0185551           0   0.0175528
-0.00144487   0.0113749  -0.0175528           0
Repeater1[0]<--->HoM1[0]
REAL
   0.471393 -0.00179406   0.0123437    0.380877
-0.00179406   0.0522388  0.00986828 -0.00720232
  0.0123437  0.00986828   0.0360697   0.0056501
   0.380877 -0.00720232   0.0056501    0.440299
IMAGINARY
          0  -0.0108557    0.021087  0.00508323
  0.0108557           0  -0.0137847 -0.00639991
  -0.021087   0.0137847           0 -0.00510856
-0.00508323  0.00639991  0.00510856           0
EndNode1[0]<--->Repeater1[0]
REAL
   0.469489   0.0242414   0.0236167    0.365577
  0.0242414   0.0423412   -0.001512  -0.0350568
  0.0236167   -0.001512   0.0622665 -0.00472589
   0.365577  -0.0350568 -0.00472589    0.425903
IMAGINARY
          0 -0.00893784  0.00907018 -0.00763382
 0.00893784           0  0.00892248  -0.0166651
-0.00907018 -0.00892248           0   0.0228619
 0.00763382   0.0166651  -0.0228619           0
EndNode2[0]<--->HoM1[0]
REAL
   0.443989   0.0336849   0.0183387    0.367375
  0.0336849   0.0519126  -0.0109519  0.00433136
  0.0183387  -0.0109519   0.0491803 -0.00597705
   0.367375  0.00433136 -0.00597705    0.454918
IMAGINARY
           0    0.0231346  1.71716e-05 -0.000723016
  -0.0231346            0   -0.0247872  -0.00191831
-1.71716e-05    0.0247872            0    0.0167894
 0.000723016   0.00191831   -0.0167894            0
Repeater1[0]<--->EndNode1[0]
REAL
   0.469489   0.0236167   0.0242414    0.365577
  0.0236167   0.0622665   -0.001512 -0.00472589
  0.0242414   -0.001512   0.0423412  -0.0350568
   0.365577 -0.00472589  -0.0350568    0.425903
IMAGINARY
          0  0.00907018 -0.00893784 -0.00763382
-0.00907018           0 -0.00892248   0.0228619
 0.00893784  0.00892248           0  -0.0166651
 0.00763382  -0.0228619   0.0166651           0
Repeater1[0]<--->HoM1[0]
REAL
   0.443989   0.0183387   0.0336849    0.367375
  0.0183387   0.0491803  -0.0109519 -0.00597705
  0.0336849  -0.0109519   0.0519126  0.00433136
   0.367375 -0.00597705  0.00433136    0.454918
IMAGINARY
           0  1.71716e-05    0.0231346 -0.000723016
-1.71716e-05            0    0.0247872    0.0167894
  -0.0231346   -0.0247872            0  -0.00191831
 0.000723016   -0.0167894   0.00191831            0
EndNode1[0]<--->Repeater1[0]
REAL
   0.458333 -0.00591148  -0.0125995    0.356466
-0.00591148   0.0870098 -0.00198793   0.0125995
 -0.0125995 -0.00198793   0.0526961 -0.00528255
   0.356466   0.0125995 -0.00528255    0.401961
IMAGINARY
          0   -0.021334   0.0180816  -0.0165286
   0.021334           0 -0.00640716  0.00485413
 -0.0180816  0.00640716           0  -0.0225716
  0.0165286 -0.00485413   0.0225716           0
EndNode2[0]<--->HoM1[0]
REAL
   0.434663  0.00112675  0.00473814    0.376085
 0.00112675     0.03989   0.0128038  -0.0145421
 0.00473814   0.0128038   0.0701513 -0.00439472
   0.376085  -0.0145421 -0.00439472    0.455296
IMAGINARY
          0  0.00687959   0.0284504  -0.0222594
-0.00687959           0  0.00392197  -0.0115234
 -0.0284504 -0.00392197           0   0.0113496
  0.0222594   0.0115234  -0.0113496           0
Repeater1[0]<--->EndNode1[0]
REAL
   0.458333  -0.0125995 -0.00591148    0.356466
 -0.0125995   0.0526961 -0.00198793 -0.00528255
-0.00591148 -0.00198793   0.0870098   0.0125995
   0.356466 -0.00528255   0.0125995    0.401961
IMAGINARY
          0   0.0180816   -0.021334  -0.0165286
 -0.0180816           0  0.00640716  -0.0225716
   0.021334 -0.00640716           0  0.00485413
  0.0165286   0.0225716 -0.00485413           0
Repeater1[0]<--->HoM1[0]
REAL
   0.434663  0.00473814  0.00112675    0.376085
 0.00473814   0.0701513   0.0128038 -0.00439472
 0.00112675   0.0128038     0.03989  -0.0145421
   0.376085 -0.00439472  -0.0145421    0.455296
IMAGINARY
          0   0.0284504  0.00687959  -0.0222594
 -0.0284504           0 -0.00392197   0.0113496
-0.00687959  0.00392197           0  -0.0115234
  0.0222594  -0.0113496   0.0115234           0
EndNode1[0]<--->Repeater1[0]
REAL
    0.48263 0.000417722   0.0150812    0.348145
0.000417722   0.0545906  0.00265661 -0.00706643
  0.0150812  0.00265661   0.0521092   0.0186945
   0.348145 -0.00706643   0.0186945     0.41067
IMAGINARY
          0  -0.0042878  0.00577683   0.0048459
  0.0042878           0  -0.0108379  -0.0014505
-0.00577683   0.0108379           0  0.00366976
 -0.0048459   0.0014505 -0.00366976           0
EndNode2[0]<--->HoM1[0]
REAL
   0.473753  -0.0131855 -0.00690175    0.384876
 -0.0131855   0.0446194 -0.00743155 -0.00939551
-0.00690175 -0.00743155   0.0459318   0.0151412
   0.384876 -0.00939551   0.0151412    0.435696
IMAGINARY
          0 -0.00218309 -0.00205849  0.00102302
 0.00218309           0  -0.0173547  -0.0245687
 0.00205849   0.0173547           0     0.02526
-0.00102302   0.0245687    -0.02526           0
Repeater1[0]<--->EndNode1[0]
REAL
    0.48263   0.0150812 0.000417722    0.348145
  0.0150812   0.0521092  0.00265661   0.0186945
0.000417722  0.00265661   0.0545906 -0.00706643
   0.348145   0.0186945 -0.00706643     0.41067
IMAGINARY
          0  0.00577683  -0.0042878   0.0048459
-0.00577683           0   0.0108379  0.00366976
  0.0042878  -0.0108379           0  -0.0014505
 -0.0048459 -0.00366976   0.0014505           0
Repeater1[0]<--->HoM1[0]
REAL
   0.473753 -0.00690175  -0.0131855    0.384876
-0.00690175   0.0459318 -0.00743155   0.0151412
 -0.0131855 -0.00743155   0.0446194 -0.00939551
   0.384876   0.0151412 -0.00939551    0.435696
IMAGINARY
          0 -0.00205849 -0.00218309  0.00102302
 0.00205849           0   0.0173547     0.02526
 0.00218309  -0.0173547           0  -0.0245687
-0.00102302    -0.02526   0.0245687           0
EndNode1[0]<--->Repeater1[0]
REAL
  0.472868 0.00805191 0.00101392   0.358043
0.00805191  0.0529716  0.0249219  0.0230433
0.00101392  0.0249219  0.0658915 0.00300141
  0.358043  0.0230433 0.00300141   0.408269
IMAGINARY
          0  -0.0195229   0.0156579  0.00311605
  0.0195229           0  -0.0134324   0.0231956
 -0.0156579   0.0134324           0  -0.0129612
-0.00311605  -0.0231956   0.0129612           0
EndNode2[0]<--->HoM1[0]
REAL
  0.526055 0.00867421 0.00609109   0.369808
0.00867421  0.0409429 0.00983313 0.00479239
0.00609109 0.00983313  0.0384615  0.0124525
  0.369808 0.00479239  0.0124525   0.394541
IMAGINARY
          0  0.00532124 -0.00200809  0.00843637
-0.00532124           0   0.0359652  0.00262767
 0.00200809  -0.0359652           0 -0.00222334
-0.00843637 -0.00262767  0.00222334           0
Repeater1[0]<--->EndNode1[0]
REAL
  0.472868 0.00101392 0.00805191   0.358043
0.00101392  0.0658915  0.0249219 0.00300141
0.00805191  0.0249219  0.0529716  0.0230433
  0.358043 0.00300141  0.0230433   0.408269
IMAGINARY
          0   0.0156579  -0.0195229  0.00311605
 -0.0156579           0   0.0134324  -0.0129612
  0.0195229  -0.0134324           0   0.0231956
-0.00311605   0.0129612  -0.0231956           0
Repeater1[0]<--->HoM1[0]
REAL
  0.526055 0.00609109 0.00867421   0.369808
0.00609109  0.0384615 0.00983313  0.0124525
0.00867421 0.00983313  0.0409429 0.00479239
  0.369808  0.0124525 0.00479239   0.394541
IMAGINARY
          0 -0.00200809  0.00532124  0.00843637
 0.00200809           0  -0.0359652 -0.00222334
-0.00532124   0.0359652           0  0.00262767
-0.00843637  0.00222334 -0.00262767           0
EndNode1[0]<--->Repeater1[0]
REAL
   0.508929 -0.00903488  -0.0216001    0.352864
-0.00903488   0.0420918  0.00161381 -0.00327551
 -0.0216001  0.00161381   0.0586735 0.000328414
   0.352864 -0.00327551 0.000328414    0.390306
IMAGINARY
          0 -0.00672043 -0.00445232 -0.00870289
 0.00672043           0  -0.0340107  0.00070232
 0.00445232   0.0340107           0  0.00672043
 0.00870289 -0.00070232 -0.00672043           0
EndNode2[0]<--->HoM1[0]
REAL
   0.487603   0.0228659   0.0261065    0.380032
  0.0228659   0.0448642  0.00648348 -0.00407718
  0.0261065  0.00648348   0.0531287 -0.00484189
   0.380032 -0.00407718 -0.00484189    0.414404
IMAGINARY
          0 -0.00443774   0.0184521   0.0101655
 0.00443774           0 -0.00693973   -0.010065
 -0.0184521  0.00693973           0 -0.00911064
 -0.0101655    0.010065  0.00911064           0
Repeater1[0]<--->EndNode1[0]
REAL
   0.508929  -0.0216001 -0.00903488    0.352864
 -0.0216001   0.0586735  0.00161381 0.000328414
-0.00903488  0.00161381   0.0420918 -0.00327551
   0.352864 0.000328414 -0.00327551    0.390306
IMAGINARY
          0 -0.00445232 -0.00672043 -0.00870289
 0.00445232           0   0.0340107  0.00672043
 0.00672043  -0.0340107           0  0.00070232
 0.00870289 -0.00672043 -0.00070232           0
Repeater1[0]<--->HoM1[0]
REAL
   0.487603   0.0261065   0.0228659    0.380032
  0.0261065   0.0531287  0.00648348 -0.00484189
  0.0228659  0.00648348   0.0448642 -0.00407718
   0.380032 -0.00484189 -0.00407718    0.414404
IMAGINARY
          0   0.0184521 -0.00443774   0.0101655
 -0.0184521           0  0.00693973 -0.00911064
 0.00443774 -0.00693973           0   -0.010065
 -0.0101655  0.00911064    0.010065           0
EndNode1[0]<--->Repeater1[0]
REAL
   0.435526  -0.0179859 -0.00422963    0.370274
 -0.0179859   0.0723684  -0.0071708   -0.015979
-0.00422963  -0.0071708   0.0723684 -0.00091891
   0.370274   -0.015979 -0.00091891    0.419737
IMAGINARY
          0   0.0129668  -0.0108825 -0.00868455
 -0.0129668           0   0.0246488 -0.00541473
  0.0108825  -0.0246488           0 -0.00188467
 0.00868455  0.00541473  0.00188467           0
EndNode2[0]<--->HoM1[0]
REAL
   0.428756 0.000940259    0.021885    0.382932
0.000940259   0.0582902   0.0208183   -0.016885
   0.021885   0.0208183   0.0440415 0.000309741
   0.382932   -0.016885 0.000309741    0.468912
IMAGINARY
           0 -0.000190943   -0.0250653    0.0102733
 0.000190943            0  -0.00169483   0.00960137
   0.0250653   0.00169483            0    0.0117889
  -0.0102733  -0.00960137   -0.0117889            0
Repeater1[0]<--->EndNode1[0]
REAL
   0.435526 -0.00422963  -0.0179859    0.370274
-0.00422963   0.0723684  -0.0071708 -0.00091891
 -0.0179859  -0.0071708   0.0723684   -0.015979
   0.370274 -0.00091891   -0.015979    0.419737
IMAGINARY
          0  -0.0108825   0.0129668 -0.00868455
  0.0108825           0  -0.0246488 -0.00188467
 -0.0129668   0.0246488           0 -0.00541473
 0.00868455  0.00188467  0.00541473           0
Repeater1[0]<--->HoM1[0]
REAL
   0.428756    0.021885 0.000940259    0.382932
   0.021885   0.0440415   0.0208183 0.000309741
0.000940259   0.0208183   0.0582902   -0.016885
   0.382932 0.000309741   -0.016885    0.468912
IMAGINARY
           0   -0.0250653 -0.000190943    0.0102733
   0.0250653            0   0.00169483    0.0117889
 0.000190943  -0.00169483            0   0.00960137
  -0.0102733   -0.0117889  -0.00960137            0
EndNode1[0]<--->Repeater1[0]
REAL
   0.449809  0.00774825 -0.00975224    0.369246
 0.00774825   0.0597205 0.000373074   0.0140573
-0.00975224 0.000373074   0.0482846   0.0063969
   0.369246   0.0140573   0.0063969    0.442186
IMAGINARY
          0 -0.00245098  0.00791525   0.0190404
 0.00245098           0  0.00258473  0.00311416
-0.00791525 -0.00258473           0 -0.00245098
 -0.0190404 -0.00311416  0.00245098           0
EndNode2[0]<--->HoM1[0]
REAL
    0.460477    0.0134449 -0.000823252     0.389447
   0.0134449    0.0376412   0.00843097  -0.00448179
-0.000823252   0.00843097    0.0602258  -0.00946614
    0.389447  -0.00448179  -0.00946614     0.441656
IMAGINARY
          0  -0.0238873  0.00978389   0.0168748
  0.0238873           0   0.0270529   0.0116065
-0.00978389  -0.0270529           0  0.00918145
 -0.0168748  -0.0116065 -0.00918145           0
Repeater1[0]<--->EndNode1[0]
REAL
   0.449809 -0.00975224  0.00774825    0.369246
-0.00975224   0.0482846 0.000373074   0.0063969
 0.00774825 0.000373074   0.0597205   0.0140573
   0.369246   0.0063969   0.0140573    0.442186
IMAGINARY
          0  0.00791525 -0.00245098   0.0190404
-0.00791525           0 -0.00258473 -0.00245098
 0.00245098  0.00258473           0  0.00311416
 -0.0190404  0.00245098 -0.00311416           0
Repeater1[0]<--->HoM1[0]
REAL
    0.460477 -0.000823252    0.0134449     0.389447
-0.000823252    0.0602258   0.00843097  -0.00946614
   0.0134449   0.00843097    0.0376412  -0.00448179
    0.389447  -0.00946614  -0.00448179     0.441656
IMAGINARY
          0  0.00978389  -0.0238873   0.0168748
-0.00978389           0  -0.0270529  0.00918145
  0.0238873   0.0270529           0   0.0116065
 -0.0168748 -0.00918145  -0.0116065           0
EndNode1[0]<--->Repeater1[0]
REAL
   0.490933  0.00186132   0.0125525    0.373796
 0.00186132   0.0621762   0.0177074 -0.00797732
  0.0125525   0.0177074   0.0466321   0.0223217
   0.373796 -0.00797732   0.0223217    0.400259
IMAGINARY
           0    0.0118208 -0.000911827  -0.00374057
  -0.0118208            0   -0.0149691  -0.00339322
 0.000911827    0.0149691            0   0.00601436
  0.00374057   0.00339322  -0.00601436            0
EndNode2[0]<--->HoM1[0]
REAL
   0.437956  0.00789641  0.00320393    0.386835
 0.00789641   0.0437956 -0.00246393   0.0139498
 0.00320393 -0.00246393   0.0437956    0.010528
   0.386835   0.0139498    0.010528    0.474453
IMAGINARY
          0   0.0182417  -0.0139886   0.0156206
 -0.0182417           0  0.00063425 -0.00876665
  0.0139886 -0.00063425           0 -0.00286651
 -0.0156206  0.00876665  0.00286651           0
Repeater1[0]<--->EndNode1[0]
REAL
   0.490933   0.0125525  0.00186132    0.373796
  0.0125525   0.0466321   0.0177074   0.0223217
 0.00186132   0.0177074   0.0621762 -0.00797732
   0.373796   0.0223217 -0.00797732    0.400259
IMAGINARY
           0 -0.000911827    0.0118208  -0.00374057
 0.000911827            0    0.0149691   0.00601436
  -0.0118208   -0.0149691            0  -0.00339322
  0.00374057  -0.00601436   0.00339322            0
Repeater1[0]<--->HoM1[0]
REAL
   0.437956  0.00320393  0.00789641    0.386835
 0.00320393   0.0437956 -0.00246393    0.010528
 0.00789641 -0.00246393   0.0437956   0.0139498
   0.386835    0.010528   0.0139498    0.474453
IMAGINARY
          0  -0.0139886   0.0182417   0.0156206
  0.0139886           0 -0.00063425 -0.00286651
 -0.0182417  0.00063425           0 -0.00876665
 -0.0156206  0.00286651  0.00876665           0
EndNode1[0]<--->Repeater1[0]
REAL
   0.460614   0.0171328 0.000967627    0.367648
  0.0171328   0.0600801 -0.00827319  0.00554279
0.000967627 -0.00827319    0.058745  -0.0132266
   0.367648  0.00554279  -0.0132266    0.420561
IMAGINARY
          0 -0.00852825  -0.0152308 -0.00530536
 0.00852825           0 -0.00656799 -0.00196821
  0.0152308  0.00656799           0  0.00975675
 0.00530536  0.00196821 -0.00975675           0
EndNode2[0]<--->HoM1[0]
REAL
   0.450763   0.0019084  -0.0103063    0.390722
  0.0019084   0.0610264  -0.0014095 -0.00114404
 -0.0103063  -0.0014095   0.0527046 -0.00954198
   0.390722 -0.00114404 -0.00954198    0.435506
IMAGINARY
           0    0.0134177  -0.00728346  -0.00541096
  -0.0134177            0   -0.0072651  -0.00667593
  0.00728346    0.0072651            0 -0.000727393
  0.00541096   0.00667593  0.000727393            0
Repeater1[0]<--->EndNode1[0]
REAL
   0.460614 0.000967627   0.0171328    0.367648
0.000967627    0.058745 -0.00827319  -0.0132266
  0.0171328 -0.00827319   0.0600801  0.00554279
   0.367648  -0.0132266  0.00554279    0.420561
IMAGINARY
          0  -0.0152308 -0.00852825 -0.00530536
  0.0152308           0  0.00656799  0.00975675
 0.00852825 -0.00656799           0 -0.00196821
 0.00530536 -0.00975675  0.00196821           0
Repeater1[0]<--->HoM1[0]
REAL
   0.450763  -0.0103063   0.0019084    0.390722
 -0.0103063   0.0527046  -0.0014095 -0.00954198
  0.0019084  -0.0014095   0.0610264 -0.00114404
   0.390722 -0.00954198 -0.00114404    0.435506
IMAGINARY
           0  -0.00728346    0.0134177  -0.00541096
  0.00728346            0    0.0072651 -0.000727393
  -0.0134177   -0.0072651            0  -0.00667593
  0.00541096  0.000727393   0.00667593            0
EndNode1[0]<--->Repeater1[0]
REAL
   0.482121  -0.0129487  -0.0118687    0.353508
 -0.0129487   0.0628853   0.0025526  -0.0285354
 -0.0118687   0.0025526   0.0604192 -0.00220281
   0.353508  -0.0285354 -0.00220281    0.394575
IMAGINARY
           0    0.0102377  0.000734103   -0.0100743
  -0.0102377            0   -0.0120932  -0.00774047
-0.000734103    0.0120932            0  -0.00195743
   0.0100743   0.00774047   0.00195743            0
EndNode2[0]<--->HoM1[0]
REAL
    0.47375  -0.0175262  -0.0194248     0.37322
 -0.0175262     0.04625 -0.00646913 -0.00976299
 -0.0194248 -0.00646913     0.03875  -0.0103926
    0.37322 -0.00976299  -0.0103926     0.44125
IMAGINARY
          0  0.00340805  0.00473988   0.0109684
-0.00340805           0   0.0169286 -0.00538671
-0.00473988  -0.0169286           0  -0.0066422
 -0.0109684  0.00538671   0.0066422           0
Repeater1[0]<--->EndNode1[0]
REAL
   0.482121  -0.0118687  -0.0129487    0.353508
 -0.0118687   0.0604192   0.0025526 -0.00220281
 -0.0129487   0.0025526   0.0628853  -0.0285354
   0.353508 -0.00220281  -0.0285354    0.394575
IMAGINARY
           0  0.000734103    0.0102377   -0.0100743
-0.000734103            0    0.0120932  -0.00195743
  -0.0102377   -0.0120932            0  -0.00774047
   0.0100743   0.00195743   0.00774047            0
Repeater1[0]<--->HoM1[0]
REAL
    0.47375  -0.0194248  -0.0175262     0.37322
 -0.0194248     0.03875 -0.00646913  -0.0103926
 -0.0175262 -0.00646913     0.04625 -0.00976299
    0.37322  -0.0103926 -0.00976299     0.44125
IMAGINARY
          0  0.00473988  0.00340805   0.0109684
-0.00473988           0  -0.0169286  -0.0066422
-0.00340805   0.0169286           0 -0.00538671
 -0.0109684   0.0066422  0.00538671           0
EndNode1[0]<--->Repeater1[0]
REAL
   0.452711 -0.00200494  -0.0238363    0.369351
-0.00200494   0.0542245  0.00657939   0.0077073
 -0.0238363  0.00657939   0.0592686  0.00572702
   0.369351   0.0077073  0.00572702    0.433796
IMAGINARY
          0  0.00352113 -0.00847037  -0.0114504
-0.00352113           0  -0.0114504   0.0179812
 0.00847037   0.0114504           0 -0.00352113
  0.0114504  -0.0179812  0.00352113           0
EndNode2[0]<--->HoM1[0]
REAL
    0.464194   -0.0262242    0.0141573     0.375346
  -0.0262242     0.044757   0.00113224   -0.0332111
   0.0141573   0.00113224    0.0537084 -0.000714018
    0.375346   -0.0332111 -0.000714018      0.43734
IMAGINARY
          0  -0.0295597   0.0109904  -0.0100114
  0.0295597           0  0.00802987   0.0160537
 -0.0109904 -0.00802987           0  -0.0125786
  0.0100114  -0.0160537   0.0125786           0
Repeater1[0]<--->EndNode1[0]
REAL
   0.452711  -0.0238363 -0.00200494    0.369351
 -0.0238363   0.0592686  0.00657939  0.00572702
-0.00200494  0.00657939   0.0542245   0.0077073
   0.369351  0.00572702   0.0077073    0.433796
IMAGINARY
          0 -0.00847037  0.00352113  -0.0114504
 0.00847037           0   0.0114504 -0.00352113
-0.00352113  -0.0114504           0   0.0179812
  0.0114504  0.00352113  -0.0179812           0
Repeater1[0]<--->HoM1[0]
REAL
    0.464194    0.0141573   -0.0262242     0.375346
   0.0141573    0.0537084   0.00113224 -0.000714018
  -0.0262242   0.00113224     0.044757   -0.0332111
    0.375346 -0.000714018   -0.0332111      0.43734
IMAGINARY
          0   0.0109904  -0.0295597  -0.0100114
 -0.0109904           0 -0.00802987  -0.0125786
  0.0295597  0.00802987           0   0.0160537
  0.0100114   0.0125786  -0.0160537           0
EndNode1[0]<--->Repeater1[0]
REAL
  0.451823  0.0195657  0.0404139   0.363562
 0.0195657  0.0664062 0.00847014  -0.020625
 0.0404139 0.00847014     0.0625 0.00418104
  0.363562  -0.020625 0.00418104   0.419271
IMAGINARY
           0  -0.00769479   0.00329735   -0.0281574
  0.00769479            0   0.00681196   0.00845199
 -0.00329735  -0.00681196            0 -0.000138112
   0.0281574  -0.00845199  0.000138112            0
EndNode2[0]<--->HoM1[0]
REAL
    0.476433    0.0272921    0.0146474     0.375529
   0.0272921    0.0458599     0.013784 -0.000652483
   0.0146474     0.013784    0.0420382   0.00578675
    0.375529 -0.000652483   0.00578675     0.435669
