EndNode1[0]<--->Repeater1[0]
REAL
   0.477912 -0.00176673  -0.0264217    0.384115
-0.00176673   0.0455154 -0.00362707   0.0105681
 -0.0264217 -0.00362707   0.0401606 -0.00433083
   0.384115   0.0105681 -0.00433083    0.436412
IMAGINARY
           0   0.00222278  0.000748453   -0.0202636
 -0.00222278            0    0.0136673    0.0140903
-0.000748453   -0.0136673            0    0.0100353
   0.0202636   -0.0140903   -0.0100353            0
EndNode2[0]<--->HoM1[0]
REAL
    0.48708   0.0150337 -0.00127226    0.390334
  0.0150337   0.0387597  0.00661282 -0.00127226
-0.00127226  0.00661282   0.0387597 -0.00358332
   0.390334 -0.00127226 -0.00358332    0.435401
IMAGINARY
          0   0.0280186   -0.018685      0.0121
 -0.0280186           0 -0.00832163  -0.0149067
   0.018685  0.00832163           0 -0.00993077
    -0.0121   0.0149067  0.00993077           0
Repeater1[0]<--->EndNode1[0]
REAL
   0.477912  -0.0264217 -0.00176673    0.384115
 -0.0264217   0.0401606 -0.00362707 -0.00433083
-0.00176673 -0.00362707   0.0455154   0.0105681
   0.384115 -0.00433083   0.0105681    0.436412
IMAGINARY
           0  0.000748453   0.00222278   -0.0202636
-0.000748453            0   -0.0136673    0.0100353
 -0.00222278    0.0136673            0    0.0140903
   0.0202636   -0.0100353   -0.0140903            0
Repeater1[0]<--->HoM1[0]
REAL
    0.48708 -0.00127226   0.0150337    0.390334
-0.00127226   0.0387597  0.00661282 -0.00358332
  0.0150337  0.00661282   0.0387597 -0.00127226
   0.390334 -0.00358332 -0.00127226    0.435401
IMAGINARY
          0   -0.018685   0.0280186      0.0121
   0.018685           0  0.00832163 -0.00993077
 -0.0280186 -0.00832163           0  -0.0149067
    -0.0121  0.00993077   0.0149067           0
EndNode1[0]<--->Repeater1[0]
REAL
   0.481622  -0.0141124 -0.00756814    0.390408
 -0.0141124   0.0418251   0.0015191  0.00887022
-0.00756814   0.0015191   0.0430925  0.00369578
   0.390408  0.00887022  0.00369578     0.43346
IMAGINARY
          0  -0.0154193 -0.00674875  0.00479945
  0.0154193           0  -0.0130797  0.00554103
 0.00674875   0.0130797           0 -0.00269665
-0.00479945 -0.00554103  0.00269665           0
EndNode2[0]<--->HoM1[0]
REAL
   0.432099  0.00274697 -0.00600942    0.376618
 0.00274697    0.062963 -0.00445584  0.00660679
-0.00600942 -0.00445584   0.0506173  0.00143463
   0.376618  0.00660679  0.00143463    0.454321
IMAGINARY
          0  -0.0224358  0.00956948   0.0118898
  0.0224358           0   0.0020343   0.0262361
-0.00956948  -0.0020343           0   -0.012091
 -0.0118898  -0.0262361    0.012091           0
Repeater1[0]<--->EndNode1[0]
REAL
   0.481622 -0.00756814  -0.0141124    0.390408
-0.00756814   0.0430925   0.0015191  0.00369578
 -0.0141124   0.0015191   0.0418251  0.00887022
   0.390408  0.00369578  0.00887022     0.43346
IMAGINARY
          0 -0.00674875  -0.0154193  0.00479945
 0.00674875           0   0.0130797 -0.00269665
  0.0154193  -0.0130797           0  0.00554103
-0.00479945  0.00269665 -0.00554103           0
Repeater1[0]<--->HoM1[0]
REAL
   0.432099 -0.00600942  0.00274697    0.376618
-0.00600942   0.0506173 -0.00445584  0.00143463
 0.00274697 -0.00445584    0.062963  0.00660679
   0.376618  0.00143463  0.00660679    0.454321
IMAGINARY
          0  0.00956948  -0.0224358   0.0118898
-0.00956948           0  -0.0020343   -0.012091
  0.0224358   0.0020343           0   0.0262361
 -0.0118898    0.012091  -0.0262361           0
EndNode1[0]<--->Repeater1[0]
REAL
  0.452261  0.0238205  0.0114943   0.389915
 0.0238205   0.048995 0.00570402  0.0181449
 0.0114943 0.00570402  0.0427136   0.019994
  0.389915  0.0181449   0.019994    0.45603
IMAGINARY
          0  -0.0109538  0.00890416   0.0280483
  0.0109538           0 -0.00429675  0.00688532
-0.00890416  0.00429675           0  0.00569066
 -0.0280483 -0.00688532 -0.00569066           0
EndNode2[0]<--->HoM1[0]
REAL
   0.478093  -0.0131971 -0.00518145     0.39506
 -0.0131971   0.0489691 -0.00544991 -0.00261076
-0.00518145 -0.00544991   0.0347938  0.00150879
    0.39506 -0.00261076  0.00150879    0.438144
IMAGINARY
           0   -0.0094107    0.0199914  0.000543914
   0.0094107            0  -0.00758617   0.00424333
  -0.0199914   0.00758617            0   -0.0326811
-0.000543914  -0.00424333    0.0326811            0
Repeater1[0]<--->EndNode1[0]
REAL
  0.452261  0.0114943  0.0238205   0.389915
 0.0114943  0.0427136 0.00570402   0.019994
 0.0238205 0.00570402   0.048995  0.0181449
  0.389915   0.019994  0.0181449    0.45603
IMAGINARY
          0  0.00890416  -0.0109538   0.0280483
-0.00890416           0  0.00429675  0.00569066
  0.0109538 -0.00429675           0  0.00688532
 -0.0280483 -0.00569066 -0.00688532           0
Repeater1[0]<--->HoM1[0]
REAL
   0.478093 -0.00518145  -0.0131971     0.39506
-0.00518145   0.0347938 -0.00544991  0.00150879
 -0.0131971 -0.00544991   0.0489691 -0.00261076
    0.39506  0.00150879 -0.00261076    0.438144
IMAGINARY
           0    0.0199914   -0.0094107  0.000543914
  -0.0199914            0   0.00758617   -0.0326811
   0.0094107  -0.00758617            0   0.00424333
-0.000543914    0.0326811  -0.00424333            0
EndNode1[0]<--->Repeater1[0]
REAL
   0.477987   0.0072464  -0.0154449    0.376066
  0.0072464    0.045283  0.00984044   0.0174583
 -0.0154449  0.00984044   0.0477987 -0.00120613
   0.376066   0.0174583 -0.00120613    0.428931
IMAGINARY
          0  -0.0212006 -0.00351253   0.0208339
  0.0212006           0   0.0264102   0.0160953
 0.00351253  -0.0264102           0  0.00199529
 -0.0208339  -0.0160953 -0.00199529           0
EndNode2[0]<--->HoM1[0]
REAL
   0.508108  0.00177675   0.0108859    0.386607
 0.00177675   0.0391892 -0.00878512  -0.0142059
  0.0108859 -0.00878512   0.0405405   0.0134955
   0.386607  -0.0142059   0.0134955    0.412162
IMAGINARY
           0    0.0110916  -0.00225434    0.0271648
  -0.0110916            0  -0.00651397   0.00163167
  0.00225434   0.00651397            0 -0.000506317
  -0.0271648  -0.00163167  0.000506317            0
Repeater1[0]<--->EndNode1[0]
REAL
   0.477987  -0.0154449   0.0072464    0.376066
 -0.0154449   0.0477987  0.00984044 -0.00120613
  0.0072464  0.00984044    0.045283   0.0174583
   0.376066 -0.00120613   0.0174583    0.428931
IMAGINARY
          0 -0.00351253  -0.0212006   0.0208339
 0.00351253           0  -0.0264102  0.00199529
  0.0212006   0.0264102           0   0.0160953
 -0.0208339 -0.00199529  -0.0160953           0
Repeater1[0]<--->HoM1[0]
REAL
   0.508108   0.0108859  0.00177675    0.386607
  0.0108859   0.0405405 -0.00878512   0.0134955
 0.00177675 -0.00878512   0.0391892  -0.0142059
   0.386607   0.0134955  -0.0142059    0.412162
IMAGINARY
           0  -0.00225434    0.0110916    0.0271648
  0.00225434            0   0.00651397 -0.000506317
  -0.0110916  -0.00651397            0   0.00163167
  -0.0271648  0.000506317  -0.00163167            0
EndNode1[0]<--->Repeater1[0]
REAL
    0.423927  -0.00257822    0.0034315     0.366182
 -0.00257822    0.0429129 -0.000655858   0.00879343
   0.0034315 -0.000655858    0.0624187  -0.00720173
    0.366182   0.00879343  -0.00720173     0.470741
IMAGINARY
           0   0.00945234  4.21296e-05    0.0224583
 -0.00945234            0  -0.00398696   -0.0109256
-4.21296e-05   0.00398696            0  -0.00112967
  -0.0224583    0.0109256   0.00112967            0
EndNode2[0]<--->HoM1[0]
REAL
   0.466667   0.0117598  0.00974096    0.381628
  0.0117598   0.0419753   0.0015741 -0.00842862
 0.00974096   0.0015741   0.0419753 -0.00126107
   0.381628 -0.00842862 -0.00126107    0.449383
IMAGINARY
          0  -0.0178036   0.0227072  -0.0012424
  0.0178036           0  -0.0191658  0.00289927
 -0.0227072   0.0191658           0 -0.00645515
  0.0012424 -0.00289927  0.00645515           0
Repeater1[0]<--->EndNode1[0]
REAL
    0.423927    0.0034315  -0.00257822     0.366182
   0.0034315    0.0624187 -0.000655858  -0.00720173
 -0.00257822 -0.000655858    0.0429129   0.00879343
    0.366182  -0.00720173   0.00879343     0.470741
IMAGINARY
           0  4.21296e-05   0.00945234    0.0224583
-4.21296e-05            0   0.00398696  -0.00112967
 -0.00945234  -0.00398696            0   -0.0109256
  -0.0224583   0.00112967    0.0109256            0
Repeater1[0]<--->HoM1[0]
REAL
   0.466667  0.00974096   0.0117598    0.381628
 0.00974096   0.0419753   0.0015741 -0.00126107
  0.0117598   0.0015741   0.0419753 -0.00842862
   0.381628 -0.00126107 -0.00842862    0.449383
IMAGINARY
          0   0.0227072  -0.0178036  -0.0012424
 -0.0227072           0   0.0191658 -0.00645515
  0.0178036  -0.0191658           0  0.00289927
  0.0012424  0.00645515 -0.00289927           0
EndNode1[0]<--->Repeater1[0]
REAL
   0.466334    0.024839  0.00559088    0.385026
   0.024839   0.0498753  0.00502618   0.0127337
 0.00559088  0.00502618   0.0448878 -0.00389661
   0.385026   0.0127337 -0.00389661    0.438903
IMAGINARY
          0   0.0140285  0.00166667 -0.00882069
 -0.0140285           0 -0.00367931  -0.0116667
-0.00166667  0.00367931           0  -0.0115285
 0.00882069   0.0116667   0.0115285           0
EndNode2[0]<--->HoM1[0]
REAL
    0.479026 -0.000715155      0.01537     0.385053
-0.000715155    0.0392422    0.0198998    0.0147505
     0.01537    0.0198998    0.0446549    0.0214648
    0.385053    0.0147505    0.0214648     0.437077
IMAGINARY
           0   0.00650719  -0.00407201  -0.00698433
 -0.00650719            0  -0.00442023  -0.00861157
  0.00407201   0.00442023            0 -0.000499179
  0.00698433   0.00861157  0.000499179            0
Repeater1[0]<--->EndNode1[0]
REAL
   0.466334  0.00559088    0.024839    0.385026
 0.00559088   0.0448878  0.00502618 -0.00389661
   0.024839  0.00502618   0.0498753   0.0127337
   0.385026 -0.00389661   0.0127337    0.438903
IMAGINARY
          0  0.00166667   0.0140285 -0.00882069
-0.00166667           0  0.00367931  -0.0115285
 -0.0140285 -0.00367931           0  -0.0116667
 0.00882069   0.0115285   0.0116667           0
Repeater1[0]<--->HoM1[0]
REAL
    0.479026      0.01537 -0.000715155     0.385053
     0.01537    0.0446549    0.0198998    0.0214648
-0.000715155    0.0198998    0.0392422    0.0147505
    0.385053    0.0214648    0.0147505     0.437077
IMAGINARY
           0  -0.00407201   0.00650719  -0.00698433
  0.00407201            0   0.00442023 -0.000499179
 -0.00650719  -0.00442023            0  -0.00861157
  0.00698433  0.000499179   0.00861157            0
EndNode1[0]<--->Repeater1[0]
REAL
   0.449294  -0.0123989 -0.00812491    0.388819
 -0.0123989   0.0474968 -0.00570183   0.0042288
-0.00812491 -0.00570183   0.0474968  0.00330795
   0.388819   0.0042288  0.00330795    0.455712
IMAGINARY
          0   0.0125453  -0.0272503  0.00748562
 -0.0125453           0  -0.0133989  -0.0165853
  0.0272503   0.0133989           0   0.0162218
-0.00748562   0.0165853  -0.0162218           0
EndNode2[0]<--->HoM1[0]
REAL
   0.47275  0.0100269 0.00589115   0.395425
 0.0100269  0.0405577 -0.0103816 0.00461564
0.00589115 -0.0103816  0.0430925 -0.0106449
  0.395425 0.00461564 -0.0106449   0.443599
IMAGINARY
          0  -0.0116088   0.0262506  -0.0057047
  0.0116088           0  -0.0057047  -0.0127022
 -0.0262506   0.0057047           0 -0.00839125
  0.0057047   0.0127022  0.00839125           0
Repeater1[0]<--->EndNode1[0]
REAL
   0.449294 -0.00812491  -0.0123989    0.388819
-0.00812491   0.0474968 -0.00570183  0.00330795
 -0.0123989 -0.00570183   0.0474968   0.0042288
   0.388819  0.00330795   0.0042288    0.455712
IMAGINARY
          0  -0.0272503   0.0125453  0.00748562
  0.0272503           0   0.0133989   0.0162218
 -0.0125453  -0.0133989           0  -0.0165853
-0.00748562  -0.0162218   0.0165853           0
Repeater1[0]<--->HoM1[0]
REAL
   0.47275 0.00589115  0.0100269   0.395425
0.00589115  0.0430925 -0.0103816 -0.0106449
 0.0100269 -0.0103816  0.0405577 0.00461564
  0.395425 -0.0106449 0.00461564   0.443599
IMAGINARY
          0   0.0262506  -0.0116088  -0.0057047
 -0.0262506           0   0.0057047 -0.00839125
  0.0116088  -0.0057047           0  -0.0127022
  0.0057047  0.00839125   0.0127022           0
EndNode1[0]<--->Repeater1[0]
REAL
   0.469716   0.0147821  0.00924764    0.384471
  0.0147821   0.0519159  0.00441837  -0.0111203
 0.00924764  0.00441837    0.053152 -0.00791569
   0.384471  -0.0111203 -0.00791569    0.425216
IMAGINARY
           0  0.000833794   0.00172075  -0.00554284
-0.000833794            0    0.0123363  -0.00758776
 -0.00172075   -0.0123363            0  -0.00800459
  0.00554284   0.00758776   0.00800459            0
EndNode2[0]<--->HoM1[0]
REAL
  0.468557 0.00240982 0.00373969   0.396785
0.00240982  0.0394575 0.00525062 -0.0164623
0.00373969 0.00525062  0.0468557 -0.0113157
  0.396785 -0.0164623 -0.0113157   0.445129
IMAGINARY
           0 -0.000291556   -0.0155044  -0.00193181
 0.000291556            0  -0.00067236   0.00359966
   0.0155044   0.00067236            0   0.00425981
  0.00193181  -0.00359966  -0.00425981            0
Repeater1[0]<--->EndNode1[0]
REAL
   0.469716  0.00924764   0.0147821    0.384471
 0.00924764    0.053152  0.00441837 -0.00791569
  0.0147821  0.00441837   0.0519159  -0.0111203
   0.384471 -0.00791569  -0.0111203    0.425216
IMAGINARY
           0   0.00172075  0.000833794  -0.00554284
 -0.00172075            0   -0.0123363  -0.00800459
-0.000833794    0.0123363            0  -0.00758776
  0.00554284   0.00800459   0.00758776            0
Repeater1[0]<--->HoM1[0]
REAL
  0.468557 0.00373969 0.00240982   0.396785
0.00373969  0.0468557 0.00525062 -0.0113157
0.00240982 0.00525062  0.0394575 -0.0164623
  0.396785 -0.0113157 -0.0164623   0.445129
IMAGINARY
           0   -0.0155044 -0.000291556  -0.00193181
   0.0155044            0   0.00067236   0.00425981
 0.000291556  -0.00067236            0   0.00359966
  0.00193181  -0.00425981  -0.00359966            0
EndNode1[0]<--->Repeater1[0]
REAL
   0.438667  -0.0131071 -0.00839322    0.372645
 -0.0131071   0.0506667  -0.0101775   -0.010887
-0.00839322  -0.0101775   0.0466667   0.0079657
   0.372645   -0.010887   0.0079657       0.464
IMAGINARY
           0    0.0150281   -0.0103065 -0.000979159
  -0.0150281            0  -0.00599169   -0.0236483
   0.0103065   0.00599169            0    0.0215898
 0.000979159    0.0236483   -0.0215898            0
EndNode2[0]<--->HoM1[0]
REAL
   0.483829 -0.00409541  -0.0140332    0.389843
-0.00409541   0.0426908 -0.00801325   0.0248337
 -0.0140332 -0.00801325   0.0271669   0.0237905
   0.389843   0.0248337   0.0237905    0.446313
IMAGINARY
          0  0.00457954 -0.00316811  -0.0127702
-0.00457954           0  0.00835657     -0.0189
 0.00316811 -0.00835657           0   0.0187496
  0.0127702      0.0189  -0.0187496           0
Repeater1[0]<--->EndNode1[0]
REAL
   0.438667 -0.00839322  -0.0131071    0.372645
-0.00839322   0.0466667  -0.0101775   0.0079657
 -0.0131071  -0.0101775   0.0506667   -0.010887
   0.372645   0.0079657   -0.010887       0.464
IMAGINARY
           0   -0.0103065    0.0150281 -0.000979159
   0.0103065            0   0.00599169    0.0215898
  -0.0150281  -0.00599169            0   -0.0236483
 0.000979159   -0.0215898    0.0236483            0
Repeater1[0]<--->HoM1[0]
REAL
   0.483829  -0.0140332 -0.00409541    0.389843
 -0.0140332   0.0271669 -0.00801325   0.0237905
-0.00409541 -0.00801325   0.0426908   0.0248337
   0.389843   0.0237905   0.0248337    0.446313
IMAGINARY
          0 -0.00316811  0.00457954  -0.0127702
 0.00316811           0 -0.00835657   0.0187496
-0.00457954  0.00835657           0     -0.0189
  0.0127702  -0.0187496      0.0189           0
EndNode1[0]<--->Repeater1[0]
REAL
   0.476373  -0.0151375  -0.0260202    0.381023
 -0.0151375   0.0395913   0.0128765 0.000821255
 -0.0260202   0.0128765   0.0472542  -0.0100614
   0.381023 0.000821255  -0.0100614    0.436782
IMAGINARY
          0 -0.00391987 -0.00386064 -0.00100065
 0.00391987           0  -0.0152494   0.0103881
 0.00386064   0.0152494           0 -0.00130207
 0.00100065  -0.0103881  0.00130207           0
EndNode2[0]<--->HoM1[0]
REAL
   0.429814   0.0085121  -0.0119536     0.38137
  0.0085121    0.042236 -0.00238032   0.0225919
 -0.0119536 -0.00238032   0.0534161   0.0167539
    0.38137   0.0225919   0.0167539    0.474534
IMAGINARY
           0   -0.0146273   0.00743622  -0.00299212
   0.0146273            0 -0.000267328    0.0138138
 -0.00743622  0.000267328            0   0.00462733
  0.00299212   -0.0138138  -0.00462733            0
Repeater1[0]<--->EndNode1[0]
REAL
   0.476373  -0.0260202  -0.0151375    0.381023
 -0.0260202   0.0472542   0.0128765  -0.0100614
 -0.0151375   0.0128765   0.0395913 0.000821255
   0.381023  -0.0100614 0.000821255    0.436782
IMAGINARY
          0 -0.00386064 -0.00391987 -0.00100065
 0.00386064           0   0.0152494 -0.00130207
 0.00391987  -0.0152494           0   0.0103881
 0.00100065  0.00130207  -0.0103881           0
Repeater1[0]<--->HoM1[0]
REAL
   0.429814  -0.0119536   0.0085121     0.38137
 -0.0119536   0.0534161 -0.00238032   0.0167539
  0.0085121 -0.00238032    0.042236   0.0225919
    0.38137   0.0167539   0.0225919    0.474534
IMAGINARY
           0   0.00743622   -0.0146273  -0.00299212
 -0.00743622            0  0.000267328   0.00462733
   0.0146273 -0.000267328            0    0.0138138
  0.00299212  -0.00462733   -0.0138138            0
EndNode1[0]<--->Repeater1[0]
REAL
   0.500647   0.0167838 -0.00998422    0.382784
  0.0167838   0.0323415  -0.0107522  0.00734569
-0.00998422  -0.0107522   0.0530401   0.0056436
   0.382784  0.00734569   0.0056436    0.413972
IMAGINARY
           0  0.000703756   0.00244109  -0.00472888
-0.000703756            0   0.00472888   0.00706461
 -0.00244109  -0.00472888            0   -0.0203489
  0.00472888  -0.00706461    0.0203489            0
EndNode2[0]<--->HoM1[0]
REAL
   0.465561  0.00336522  -0.0184381    0.386337
 0.00336522   0.0612245  -0.0152429 -0.00239528
 -0.0184381  -0.0152429   0.0382653 -0.00987564
   0.386337 -0.00239528 -0.00987564    0.434949
IMAGINARY
          0   0.0115848  0.00434324   0.0200356
 -0.0115848           0  -0.0193887  -0.0073809
-0.00434324   0.0193887           0  0.00967885
 -0.0200356   0.0073809 -0.00967885           0
Repeater1[0]<--->EndNode1[0]
REAL
   0.500647 -0.00998422   0.0167838    0.382784
-0.00998422   0.0530401  -0.0107522   0.0056436
  0.0167838  -0.0107522   0.0323415  0.00734569
   0.382784   0.0056436  0.00734569    0.413972
IMAGINARY
           0   0.00244109  0.000703756  -0.00472888
 -0.00244109            0  -0.00472888   -0.0203489
-0.000703756   0.00472888            0   0.00706461
  0.00472888    0.0203489  -0.00706461            0
Repeater1[0]<--->HoM1[0]
REAL
   0.465561  -0.0184381  0.00336522    0.386337
 -0.0184381   0.0382653  -0.0152429 -0.00987564
 0.00336522  -0.0152429   0.0612245 -0.00239528
   0.386337 -0.00987564 -0.00239528    0.434949
IMAGINARY
          0  0.00434324   0.0115848   0.0200356
-0.00434324           0   0.0193887  0.00967885
 -0.0115848  -0.0193887           0  -0.0073809
 -0.0200356 -0.00967885   0.0073809           0
EndNode1[0]<--->Repeater1[0]
REAL
   0.443396   0.0104427   0.0060849    0.382565
  0.0104427   0.0498652   0.0103353 -0.00548322
  0.0060849   0.0103353   0.0444744 -0.00141745
   0.382565 -0.00548322 -0.00141745    0.462264
IMAGINARY
          0  0.00993891   0.0102445   0.0140645
-0.00993891           0 -0.00206452  -0.0135039
 -0.0102445  0.00206452           0  0.00375079
 -0.0140645   0.0135039 -0.00375079           0
EndNode2[0]<--->HoM1[0]
REAL
   0.492958  -0.0103231 -0.00822406    0.379626
 -0.0103231    0.049936  0.00857306  -0.0135151
-0.00822406  0.00857306   0.0371319 -0.00644711
   0.379626  -0.0135151 -0.00644711    0.419974
IMAGINARY
          0 -0.00823022   0.0118506 -0.00236995
 0.00823022           0   0.0284182   0.0131494
 -0.0118506  -0.0284182           0 -0.00624346
 0.00236995  -0.0131494  0.00624346           0
Repeater1[0]<--->EndNode1[0]
REAL
   0.443396   0.0060849   0.0104427    0.382565
  0.0060849   0.0444744   0.0103353 -0.00141745
  0.0104427   0.0103353   0.0498652 -0.00548322
   0.382565 -0.00141745 -0.00548322    0.462264
IMAGINARY
          0   0.0102445  0.00993891   0.0140645
 -0.0102445           0  0.00206452  0.00375079
-0.00993891 -0.00206452           0  -0.0135039
 -0.0140645 -0.00375079   0.0135039           0
Repeater1[0]<--->HoM1[0]
REAL
   0.492958 -0.00822406  -0.0103231    0.379626
-0.00822406   0.0371319  0.00857306 -0.00644711
 -0.0103231  0.00857306    0.049936  -0.0135151
   0.379626 -0.00644711  -0.0135151    0.419974
IMAGINARY
          0   0.0118506 -0.00823022 -0.00236995
 -0.0118506           0  -0.0284182 -0.00624346
 0.00823022   0.0284182           0   0.0131494
 0.00236995  0.00624346  -0.0131494           0
EndNode1[0]<--->Repeater1[0]
REAL
  0.484967 0.00437679 0.00347421   0.386297
0.00437679  0.0470588 0.00750872 0.00727168
0.00347421 0.00750872   0.048366   -0.01133
  0.386297 0.00727168   -0.01133   0.419608
IMAGINARY
          0   0.0261198 -0.00745054 -0.00112925
 -0.0261198           0   0.0149998  -0.0156061
 0.00745054  -0.0149998           0 -0.00306311
 0.00112925   0.0156061  0.00306311           0
EndNode2[0]<--->HoM1[0]
REAL
  0.472188 0.00463458 -0.0164742     0.3997
0.00463458  0.0407911  0.0187782 0.00696332
-0.0164742  0.0187782  0.0457355  -0.025015
    0.3997 0.00696332  -0.025015   0.441286
IMAGINARY
           0    0.0028049   -0.0245756    0.0085959
  -0.0028049            0 -0.000378456    0.0264962
   0.0245756  0.000378456            0   -0.0034451
  -0.0085959   -0.0264962    0.0034451            0
Repeater1[0]<--->EndNode1[0]
REAL
  0.484967 0.00347421 0.00437679   0.386297
0.00347421   0.048366 0.00750872   -0.01133
0.00437679 0.00750872  0.0470588 0.00727168
  0.386297   -0.01133 0.00727168   0.419608
IMAGINARY
          0 -0.00745054   0.0261198 -0.00112925
 0.00745054           0  -0.0149998 -0.00306311
 -0.0261198   0.0149998           0  -0.0156061
 0.00112925  0.00306311   0.0156061           0
Repeater1[0]<--->HoM1[0]
REAL
  0.472188 -0.0164742 0.00463458     0.3997
-0.0164742  0.0457355  0.0187782  -0.025015
0.00463458  0.0187782  0.0407911 0.00696332
    0.3997  -0.025015 0.00696332   0.441286
IMAGINARY
           0   -0.0245756    0.0028049    0.0085959
   0.0245756            0  0.000378456   -0.0034451
  -0.0028049 -0.000378456            0    0.0264962
  -0.0085959    0.0034451   -0.0264962            0
EndNode1[0]<--->Repeater1[0]
REAL
    0.446358   0.00248101   -0.0132963     0.377576
  0.00248101    0.0463576 -0.000131209   0.00873307
  -0.0132963 -0.000131209    0.0370861  -0.00965181
    0.377576   0.00873307  -0.00965181     0.470199
IMAGINARY
         0 -0.0162541  0.0184203  0.0228704
 0.0162541          0  0.0177024  0.0153377
-0.0184203 -0.0177024          0  0.0054261
-0.0228704 -0.0153377 -0.0054261          0
EndNode2[0]<--->HoM1[0]
REAL
   0.471867   0.0047209   0.0152881     0.37707
  0.0047209   0.0358056  -0.0119594  -0.0094515
  0.0152881  -0.0119594   0.0319693 -0.00926046
    0.37707  -0.0094515 -0.00926046    0.460358
IMAGINARY
           0 -0.000738606   -0.0138882  -0.00776552
 0.000738606            0 -0.000687014    0.0321732
   0.0138882  0.000687014            0   -0.0150243
  0.00776552   -0.0321732    0.0150243            0
Repeater1[0]<--->EndNode1[0]
REAL
    0.446358   -0.0132963   0.00248101     0.377576
  -0.0132963    0.0370861 -0.000131209  -0.00965181
  0.00248101 -0.000131209    0.0463576   0.00873307
    0.377576  -0.00965181   0.00873307     0.470199
IMAGINARY
         0  0.0184203 -0.0162541  0.0228704
-0.0184203          0 -0.0177024  0.0054261
 0.0162541  0.0177024          0  0.0153377
-0.0228704 -0.0054261 -0.0153377          0
Repeater1[0]<--->HoM1[0]
REAL
   0.471867   0.0152881   0.0047209     0.37707
  0.0152881   0.0319693  -0.0119594 -0.00926046
  0.0047209  -0.0119594   0.0358056  -0.0094515
    0.37707 -0.00926046  -0.0094515    0.460358
IMAGINARY
           0   -0.0138882 -0.000738606  -0.00776552
   0.0138882            0  0.000687014   -0.0150243
 0.000738606 -0.000687014            0    0.0321732
  0.00776552    0.0150243   -0.0321732            0
EndNode1[0]<--->Repeater1[0]
REAL
   0.467784 0.000172215 -0.00446272    0.385345
0.000172215   0.0579897 0.000331911    0.010376
-0.00446272 0.000331911   0.0412371   -0.016598
   0.385345    0.010376   -0.016598     0.43299
IMAGINARY
           0 -0.000377435    0.0136995 -0.000329381
 0.000377435            0 -0.000329381   -0.0188675
  -0.0136995  0.000329381            0  -0.00349853
 0.000329381    0.0188675   0.00349853            0
EndNode2[0]<--->HoM1[0]
REAL
  0.475389 -0.0301779 -0.0281224   0.400013
-0.0301779  0.0440415  -0.013363 -0.0222554
-0.0281224  -0.013363  0.0492228 -0.0101244
  0.400013 -0.0222554 -0.0101244   0.431347
IMAGINARY
          0   0.0317951  -0.0327245  0.00309406
 -0.0317951           0  0.00309406  -0.0201417
  0.0327245 -0.00309406           0    0.023619
-0.00309406   0.0201417   -0.023619           0
Repeater1[0]<--->EndNode1[0]
REAL
   0.467784 -0.00446272 0.000172215    0.385345
-0.00446272   0.0412371 0.000331911   -0.016598
0.000172215 0.000331911   0.0579897    0.010376
   0.385345   -0.016598    0.010376     0.43299
IMAGINARY
           0    0.0136995 -0.000377435 -0.000329381
  -0.0136995            0  0.000329381  -0.00349853
 0.000377435 -0.000329381            0   -0.0188675
 0.000329381   0.00349853    0.0188675            0
Repeater1[0]<--->HoM1[0]
REAL
  0.475389 -0.0281224 -0.0301779   0.400013
-0.0281224  0.0492228  -0.013363 -0.0101244
-0.0301779  -0.013363  0.0440415 -0.0222554
  0.400013 -0.0101244 -0.0222554   0.431347
IMAGINARY
          0  -0.0327245   0.0317951  0.00309406
  0.0327245           0 -0.00309406    0.023619
 -0.0317951  0.00309406           0  -0.0201417
-0.00309406   -0.023619   0.0201417           0
EndNode1[0]<--->Repeater1[0]
REAL
   0.463215   0.0040567  -0.0224887    0.378535
  0.0040567   0.0490463  0.00927684 -0.00382714
 -0.0224887  0.00927684   0.0558583 -0.00682678
   0.378535 -0.00382714 -0.00682678     0.43188
IMAGINARY
           0 -3.02791e-05  -0.00892837   0.00818636
 3.02791e-05            0   -0.0163419  -0.00697269
  0.00892837    0.0163419            0    0.0218206
 -0.00818636   0.00697269   -0.0218206            0
EndNode2[0]<--->HoM1[0]
REAL
    0.448413     0.002663  -0.00739131     0.386119
    0.002663    0.0449735   0.00376591 -0.000931357
 -0.00739131   0.00376591     0.037037   -0.0135465
    0.386119 -0.000931357   -0.0135465     0.469577
IMAGINARY
           0    0.0140573 -8.37656e-05   0.00447744
  -0.0140573            0   -0.0220926  -0.00259003
 8.37656e-05    0.0220926            0  -0.00336208
 -0.00447744   0.00259003   0.00336208            0
Repeater1[0]<--->EndNode1[0]
REAL
   0.463215  -0.0224887   0.0040567    0.378535
 -0.0224887   0.0558583  0.00927684 -0.00682678
  0.0040567  0.00927684   0.0490463 -0.00382714
   0.378535 -0.00682678 -0.00382714     0.43188
IMAGINARY
           0  -0.00892837 -3.02791e-05   0.00818636
  0.00892837            0    0.0163419    0.0218206
 3.02791e-05   -0.0163419            0  -0.00697269
 -0.00818636   -0.0218206   0.00697269            0
Repeater1[0]<--->HoM1[0]
REAL
    0.448413  -0.00739131     0.002663     0.386119
 -0.00739131     0.037037   0.00376591   -0.0135465
    0.002663   0.00376591    0.0449735 -0.000931357
    0.386119   -0.0135465 -0.000931357     0.469577
IMAGINARY
           0 -8.37656e-05    0.0140573   0.00447744
 8.37656e-05            0    0.0220926  -0.00336208
  -0.0140573   -0.0220926            0  -0.00259003
 -0.00447744   0.00336208   0.00259003            0
EndNode1[0]<--->Repeater1[0]
REAL
   0.466225  -0.0194006 -0.00825252    0.380091
 -0.0194006   0.0543046 -0.00936886  -0.0101252
-0.00825252 -0.00936886   0.0476821  -0.0040468
   0.380091  -0.0101252  -0.0040468    0.431788
IMAGINARY
          0  -0.0110197  -0.0128519 -0.00335941
  0.0110197           0   0.0046752   0.0167079
  0.0128519  -0.0046752           0 -0.00054846
 0.00335941  -0.0167079  0.00054846           0
EndNode2[0]<--->HoM1[0]
REAL
    0.485199   -0.0142718 -0.000729945      0.39892
  -0.0142718     0.037323   0.00223583   0.00907398
-0.000729945   0.00223583     0.030888   0.00336041
     0.39892   0.00907398   0.00336041     0.446589
IMAGINARY
          0  -0.0348754   0.0398855 -0.00693114
  0.0348754           0  -0.0124798  0.00985939
 -0.0398855   0.0124798           0 -0.00849191
 0.00693114 -0.00985939  0.00849191           0
Repeater1[0]<--->EndNode1[0]
REAL
   0.466225 -0.00825252  -0.0194006    0.380091
-0.00825252   0.0476821 -0.00936886  -0.0040468
 -0.0194006 -0.00936886   0.0543046  -0.0101252
   0.380091  -0.0040468  -0.0101252    0.431788
IMAGINARY
          0  -0.0128519  -0.0110197 -0.00335941
  0.0128519           0  -0.0046752 -0.00054846
  0.0110197   0.0046752           0   0.0167079
 0.00335941  0.00054846  -0.0167079           0
Repeater1[0]<--->HoM1[0]
REAL
    0.485199 -0.000729945   -0.0142718      0.39892
-0.000729945     0.030888   0.00223583   0.00336041
  -0.0142718   0.00223583     0.037323   0.00907398
     0.39892   0.00336041   0.00907398     0.446589
IMAGINARY
          0   0.0398855  -0.0348754 -0.00693114
 -0.0398855           0   0.0124798 -0.00849191
  0.0348754  -0.0124798           0  0.00985939
 0.00693114  0.00849191 -0.00985939           0
EndNode1[0]<--->Repeater1[0]
REAL
  0.463576 -0.0167591 0.00300072   0.387297
-0.0167591  0.0437086  -0.012449 0.00975748
0.00300072  -0.012449  0.0490066  0.0234419
  0.387297 0.00975748  0.0234419   0.443709
IMAGINARY
          0 -0.00777489 -0.00669921 -0.00750864
 0.00777489           0 -0.00151663  0.00543017
 0.00669921  0.00151663           0    0.010313
 0.00750864 -0.00543017   -0.010313           0
EndNode2[0]<--->HoM1[0]
REAL
    0.46393  -0.0102599 -0.00936138    0.391526
 -0.0102599   0.0435323  0.00783661 -0.00146664
-0.00936138  0.00783661   0.0460199  0.00325357
   0.391526 -0.00146664  0.00325357    0.446517
IMAGINARY
          0  0.00910053 -0.00946242  -0.0132768
-0.00910053           0 -0.00657435  0.00812552
 0.00946242  0.00657435           0 -0.00375294
  0.0132768 -0.00812552  0.00375294           0
Repeater1[0]<--->EndNode1[0]
REAL
  0.463576 0.00300072 -0.0167591   0.387297
0.00300072  0.0490066  -0.012449  0.0234419
-0.0167591  -0.012449  0.0437086 0.00975748
  0.387297  0.0234419 0.00975748   0.443709
IMAGINARY
          0 -0.00669921 -0.00777489 -0.00750864
 0.00669921           0  0.00151663    0.010313
 0.00777489 -0.00151663           0  0.00543017
 0.00750864   -0.010313 -0.00543017           0
Repeater1[0]<--->HoM1[0]
REAL
    0.46393 -0.00936138  -0.0102599    0.391526
-0.00936138   0.0460199  0.00783661  0.00325357
 -0.0102599  0.00783661   0.0435323 -0.00146664
   0.391526  0.00325357 -0.00146664    0.446517
IMAGINARY
          0 -0.00946242  0.00910053  -0.0132768
 0.00946242           0  0.00657435 -0.00375294
-0.00910053 -0.00657435           0  0.00812552
  0.0132768  0.00375294 -0.00812552           0
EndNode1[0]<--->Repeater1[0]
REAL
   0.452659  0.00404285  0.00631731    0.369526
 0.00404285   0.0389105 -0.00594611  -0.0031884
 0.00631731 -0.00594611   0.0531777  -0.0146811
   0.369526  -0.0031884  -0.0146811    0.455253
IMAGINARY
           0 -0.000504747    0.0176204  0.000274959
 0.000504747            0   0.00678538   0.00942365
  -0.0176204  -0.00678538            0     -0.02025
-0.000274959  -0.00942365      0.02025            0
EndNode2[0]<--->HoM1[0]
REAL
   0.478495  0.00373306 -0.00998926    0.390038
 0.00373306   0.0551075   0.0038395   0.0188328
-0.00998926   0.0038395   0.0376344  0.00511047
   0.390038   0.0188328  0.00511047    0.428763
IMAGINARY
           0    0.0211601   -0.0280084  0.000288661
  -0.0211601            0     0.001584  -0.00467926
   0.0280084    -0.001584            0 -0.000579008
-0.000288661   0.00467926  0.000579008            0
Repeater1[0]<--->EndNode1[0]
REAL
   0.452659  0.00631731  0.00404285    0.369526
 0.00631731   0.0531777 -0.00594611  -0.0146811
 0.00404285 -0.00594611   0.0389105  -0.0031884
   0.369526  -0.0146811  -0.0031884    0.455253
IMAGINARY
           0    0.0176204 -0.000504747  0.000274959
  -0.0176204            0  -0.00678538     -0.02025
 0.000504747   0.00678538            0   0.00942365
-0.000274959      0.02025  -0.00942365            0
Repeater1[0]<--->HoM1[0]
REAL
   0.478495 -0.00998926  0.00373306    0.390038
-0.00998926   0.0376344   0.0038395  0.00511047
 0.00373306   0.0038395   0.0551075   0.0188328
   0.390038  0.00511047   0.0188328    0.428763
IMAGINARY
           0   -0.0280084    0.0211601  0.000288661
   0.0280084            0    -0.001584 -0.000579008
  -0.0211601     0.001584            0  -0.00467926
-0.000288661  0.000579008   0.00467926            0
EndNode1[0]<--->Repeater1[0]
REAL
   0.442478 -0.00392164  -0.0042562    0.371212
-0.00392164   0.0493047 -0.00248602   0.0229177
 -0.0042562 -0.00248602   0.0404551   0.0174351
   0.371212   0.0229177   0.0174351    0.467762
IMAGINARY
          0 -0.00378537  0.00695313 -0.00047953
 0.00378537           0  -0.0202752   0.0282031
-0.00695313   0.0202752           0   -0.017048
 0.00047953  -0.0282031    0.017048           0
EndNode2[0]<--->HoM1[0]
REAL
   0.492866 -0.00101293  -0.0074204    0.390433
-0.00101293   0.0428016   0.0055768  -0.0270415
 -0.0074204   0.0055768   0.0376135  -0.0141019
   0.390433  -0.0270415  -0.0141019    0.426719
IMAGINARY
          0  0.00503531   0.0241576  -0.0198295
-0.00503531           0 -0.00832059 -0.00100367
 -0.0241576  0.00832059           0  -0.0181767
  0.0198295  0.00100367   0.0181767           0
Repeater1[0]<--->EndNode1[0]
REAL
   0.442478  -0.0042562 -0.00392164    0.371212
 -0.0042562   0.0404551 -0.00248602   0.0174351
-0.00392164 -0.00248602   0.0493047   0.0229177
   0.371212   0.0174351   0.0229177    0.467762
IMAGINARY
          0  0.00695313 -0.00378537 -0.00047953
-0.00695313           0   0.0202752   -0.017048
 0.00378537  -0.0202752           0   0.0282031
 0.00047953    0.017048  -0.0282031           0
Repeater1[0]<--->HoM1[0]
REAL
   0.492866  -0.0074204 -0.00101293    0.390433
 -0.0074204   0.0376135   0.0055768  -0.0141019
-0.00101293   0.0055768   0.0428016  -0.0270415
   0.390433  -0.0141019  -0.0270415    0.426719
IMAGINARY
          0   0.0241576  0.00503531  -0.0198295
 -0.0241576           0  0.00832059  -0.0181767
-0.00503531 -0.00832059           0 -0.00100367
  0.0198295   0.0181767  0.00100367           0
EndNode1[0]<--->Repeater1[0]
REAL
   0.462516  0.00548435  0.00850415    0.364235
 0.00548435   0.0597205  0.00190691   0.0151179
 0.00850415  0.00190691   0.0444727 -0.00285968
   0.364235   0.0151179 -0.00285968    0.433291
IMAGINARY
          0   0.0256571 -0.00638952   0.0320348
 -0.0256571           0  -0.0041582   0.0070153
 0.00638952   0.0041582           0 -0.00375469
 -0.0320348  -0.0070153  0.00375469           0
EndNode2[0]<--->HoM1[0]
REAL
   0.452632  -0.0231902  0.00104227    0.377404
 -0.0231902   0.0342105   0.0079461 -0.00804864
 0.00104227   0.0079461   0.0526316  0.00599271
   0.377404 -0.00804864  0.00599271    0.460526
IMAGINARY
          0  0.00860356  0.00646129 -0.00581473
-0.00860356           0  0.00057913  0.00708551
-0.00646129 -0.00057913           0  -0.0172243
 0.00581473 -0.00708551   0.0172243           0
Repeater1[0]<--->EndNode1[0]
REAL
   0.462516  0.00850415  0.00548435    0.364235
 0.00850415   0.0444727  0.00190691 -0.00285968
 0.00548435  0.00190691   0.0597205   0.0151179
   0.364235 -0.00285968   0.0151179    0.433291
IMAGINARY
          0 -0.00638952   0.0256571   0.0320348
 0.00638952           0   0.0041582 -0.00375469
 -0.0256571  -0.0041582           0   0.0070153
 -0.0320348  0.00375469  -0.0070153           0
Repeater1[0]<--->HoM1[0]
REAL
   0.452632  0.00104227  -0.0231902    0.377404
 0.00104227   0.0526316   0.0079461  0.00599271
 -0.0231902   0.0079461   0.0342105 -0.00804864
   0.377404  0.00599271 -0.00804864    0.460526
IMAGINARY
          0  0.00646129  0.00860356 -0.00581473
-0.00646129           0 -0.00057913  -0.0172243
-0.00860356  0.00057913           0  0.00708551
 0.00581473   0.0172243 -0.00708551           0
EndNode1[0]<--->Repeater1[0]
REAL
   0.476623 -0.00176443 -0.00945601    0.387376
-0.00176443   0.0467532  0.00608607   0.0118773
-0.00945601  0.00608607   0.0558442   0.0259775
   0.387376   0.0118773   0.0259775    0.420779
IMAGINARY
          0  -0.0159605   0.0149536 -0.00491031
  0.0159605           0   0.0121567 -0.00398583
 -0.0149536  -0.0121567           0  0.00241216
 0.00491031  0.00398583 -0.00241216           0
EndNode2[0]<--->HoM1[0]
REAL
   0.47348 0.00563528 0.00625237   0.375619
0.00563528  0.0517464 0.00369139 -0.0208412
0.00625237 0.00369139  0.0413972 0.00762732
  0.375619 -0.0208412 0.00762732   0.433376
IMAGINARY
         0  0.0017692  0.0184313 -0.0139529
-0.0017692          0 -0.0152349  0.0132634
-0.0184313  0.0152349          0 -0.0114717
 0.0139529 -0.0132634  0.0114717          0
Repeater1[0]<--->EndNode1[0]
REAL
   0.476623 -0.00945601 -0.00176443    0.387376
-0.00945601   0.0558442  0.00608607   0.0259775
-0.00176443  0.00608607   0.0467532   0.0118773
   0.387376   0.0259775   0.0118773    0.420779
IMAGINARY
          0   0.0149536  -0.0159605 -0.00491031
 -0.0149536           0  -0.0121567  0.00241216
  0.0159605   0.0121567           0 -0.00398583
 0.00491031 -0.00241216  0.00398583           0
Repeater1[0]<--->HoM1[0]
REAL
   0.47348 0.00625237 0.00563528   0.375619
0.00625237  0.0413972 0.00369139 0.00762732
0.00563528 0.00369139  0.0517464 -0.0208412
  0.375619 0.00762732 -0.0208412   0.433376
IMAGINARY
         0  0.0184313  0.0017692 -0.0139529
-0.0184313          0  0.0152349 -0.0114717
-0.0017692 -0.0152349          0  0.0132634
 0.0139529  0.0114717 -0.0132634          0
EndNode1[0]<--->Repeater1[0]
REAL
   0.468625   0.0106906    -0.01344    0.369221
  0.0106906    0.046729  0.00803517  0.00682145
   -0.01344  0.00803517   0.0520694 -0.00768214
   0.369221  0.00682145 -0.00768214    0.432577
IMAGINARY
           0  0.000554544   -0.0121294    0.0092223
-0.000554544            0   0.00330903   -0.0121294
   0.0121294  -0.00330903            0    0.0142703
  -0.0092223    0.0121294   -0.0142703            0
EndNode2[0]<--->HoM1[0]
REAL
   0.476454  -0.0164666  -0.0180211    0.385211
 -0.0164666   0.0360111  -0.0133204 -0.00436698
 -0.0180211  -0.0133204   0.0387812  -0.0121403
   0.385211 -0.00436698  -0.0121403    0.448753
IMAGINARY
           0   0.00672319  0.000853183   -0.0334586
 -0.00672319            0   -0.0222426   -0.0122016
-0.000853183    0.0222426            0   0.00996573
   0.0334586    0.0122016  -0.00996573            0
Repeater1[0]<--->EndNode1[0]
REAL
   0.468625    -0.01344   0.0106906    0.369221
   -0.01344   0.0520694  0.00803517 -0.00768214
  0.0106906  0.00803517    0.046729  0.00682145
   0.369221 -0.00768214  0.00682145    0.432577
IMAGINARY
           0   -0.0121294  0.000554544    0.0092223
   0.0121294            0  -0.00330903    0.0142703
-0.000554544   0.00330903            0   -0.0121294
  -0.0092223   -0.0142703    0.0121294            0
Repeater1[0]<--->HoM1[0]
REAL
   0.476454  -0.0180211  -0.0164666    0.385211
 -0.0180211   0.0387812  -0.0133204  -0.0121403
 -0.0164666  -0.0133204   0.0360111 -0.00436698
   0.385211  -0.0121403 -0.00436698    0.448753
IMAGINARY
           0  0.000853183   0.00672319   -0.0334586
-0.000853183            0    0.0222426   0.00996573
 -0.00672319   -0.0222426            0   -0.0122016
   0.0334586  -0.00996573    0.0122016            0
EndNode1[0]<--->Repeater1[0]
REAL
   0.464752  0.00111663 -0.00302927    0.381761
 0.00111663    0.037859  0.00340011  -0.0182611
-0.00302927  0.00340011   0.0522193  -0.0236973
   0.381761  -0.0182611  -0.0236973     0.44517
IMAGINARY
          0   0.0149175   0.0108942  -0.0135597
 -0.0149175           0   0.0116292  0.00255014
 -0.0108942  -0.0116292           0 -0.00659486
