EndNode1[0]<--->Repeater1[0]
REAL
  0.321669 -0.0182631 -0.0135363   0.259756
-0.0182631   0.154778  0.0494634 0.00521367
-0.0135363  0.0494634   0.169583    0.00866
  0.259756 0.00521367    0.00866    0.35397
IMAGINARY
          0   0.0038267  0.00408327  0.00373931
 -0.0038267           0  0.00931552  -0.0123425
-0.00408327 -0.00931552           0  0.00189122
-0.00373931   0.0123425 -0.00189122           0
EndNode2[0]<--->HoM1[0]
REAL
 0.347291 0.0237937 0.0104501  0.249332
0.0237937  0.151478 0.0551509 0.0213058
0.0104501 0.0551509  0.156404 0.0191702
 0.249332 0.0213058 0.0191702  0.344828
IMAGINARY
           0   0.00821407 -0.000831039   -0.0206009
 -0.00821407            0   -0.0113417  -0.00796463
 0.000831039    0.0113417            0   0.00328796
   0.0206009   0.00796463  -0.00328796            0
Repeater1[0]<--->EndNode1[0]
REAL
  0.321669 -0.0135363 -0.0182631   0.259756
-0.0135363   0.169583  0.0494634    0.00866
-0.0182631  0.0494634   0.154778 0.00521367
  0.259756    0.00866 0.00521367    0.35397
IMAGINARY
          0  0.00408327   0.0038267  0.00373931
-0.00408327           0 -0.00931552  0.00189122
 -0.0038267  0.00931552           0  -0.0123425
-0.00373931 -0.00189122   0.0123425           0
Repeater1[0]<--->HoM1[0]
REAL
 0.347291 0.0104501 0.0237937  0.249332
0.0104501  0.156404 0.0551509 0.0191702
0.0237937 0.0551509  0.151478 0.0213058
 0.249332 0.0191702 0.0213058  0.344828
IMAGINARY
           0 -0.000831039   0.00821407   -0.0206009
 0.000831039            0    0.0113417   0.00328796
 -0.00821407   -0.0113417            0  -0.00796463
   0.0206009  -0.00328796   0.00796463            0
EndNode1[0]<--->Repeater1[0]
REAL
   0.364706  0.00440337 -0.00124093    0.239506
 0.00440337    0.143791   0.0542688  -0.0201598
-0.00124093   0.0542688    0.134641   0.0144034
   0.239506  -0.0201598   0.0144034    0.356863
IMAGINARY
          0   0.0091377  -0.0120663  0.00227948
 -0.0091377           0  -0.0226247  -0.0213599
  0.0120663   0.0226247           0  0.00478988
-0.00227948   0.0213599 -0.00478988           0
EndNode2[0]<--->HoM1[0]
REAL
   0.378033  0.00954072   0.0165137    0.263623
 0.00954072    0.146871   0.0438702   0.0028661
  0.0165137   0.0438702    0.139208 -0.00695674
   0.263623   0.0028661 -0.00695674    0.335888
IMAGINARY
          0  -0.0206266 -0.00374551   0.0378924
  0.0206266           0   0.0172205  0.00621465
 0.00374551  -0.0172205           0   0.0169229
 -0.0378924 -0.00621465  -0.0169229           0
Repeater1[0]<--->EndNode1[0]
REAL
   0.364706 -0.00124093  0.00440337    0.239506
-0.00124093    0.134641   0.0542688   0.0144034
 0.00440337   0.0542688    0.143791  -0.0201598
   0.239506   0.0144034  -0.0201598    0.356863
IMAGINARY
          0  -0.0120663   0.0091377  0.00227948
  0.0120663           0   0.0226247  0.00478988
 -0.0091377  -0.0226247           0  -0.0213599
-0.00227948 -0.00478988   0.0213599           0
Repeater1[0]<--->HoM1[0]
REAL
   0.378033   0.0165137  0.00954072    0.263623
  0.0165137    0.139208   0.0438702 -0.00695674
 0.00954072   0.0438702    0.146871   0.0028661
   0.263623 -0.00695674   0.0028661    0.335888
IMAGINARY
          0 -0.00374551  -0.0206266   0.0378924
 0.00374551           0  -0.0172205   0.0169229
  0.0206266   0.0172205           0  0.00621465
 -0.0378924  -0.0169229 -0.00621465           0
EndNode1[0]<--->Repeater1[0]
REAL
  0.327888 0.00795132  0.0100621   0.265535
0.00795132   0.149358  0.0492319 0.00289129
 0.0100621  0.0492319   0.145858  0.0192508
  0.265535 0.00289129  0.0192508   0.376896
IMAGINARY
          0  0.00419264 -0.00025233   0.0120372
-0.00419264           0  -0.0114003   0.0150148
 0.00025233   0.0114003           0   -0.027941
 -0.0120372  -0.0150148    0.027941           0
EndNode2[0]<--->HoM1[0]
REAL
   0.339646 -0.00748487  0.00193877    0.256603
-0.00748487    0.166667    0.048054   0.0258749
 0.00193877    0.048054    0.161616    0.010719
   0.256603   0.0258749    0.010719    0.332071
IMAGINARY
          0 -0.00574047  0.00633132  -0.0169692
 0.00574047           0  0.00397326 -0.00114997
-0.00633132 -0.00397326           0  0.00185446
  0.0169692  0.00114997 -0.00185446           0
Repeater1[0]<--->EndNode1[0]
REAL
  0.327888  0.0100621 0.00795132   0.265535
 0.0100621   0.145858  0.0492319  0.0192508
0.00795132  0.0492319   0.149358 0.00289129
  0.265535  0.0192508 0.00289129   0.376896
IMAGINARY
          0 -0.00025233  0.00419264   0.0120372
 0.00025233           0   0.0114003   -0.027941
-0.00419264  -0.0114003           0   0.0150148
 -0.0120372    0.027941  -0.0150148           0
Repeater1[0]<--->HoM1[0]
REAL
   0.339646  0.00193877 -0.00748487    0.256603
 0.00193877    0.161616    0.048054    0.010719
-0.00748487    0.048054    0.166667   0.0258749
   0.256603    0.010719   0.0258749    0.332071
IMAGINARY
          0  0.00633132 -0.00574047  -0.0169692
-0.00633132           0 -0.00397326  0.00185446
 0.00574047  0.00397326           0 -0.00114997
  0.0169692 -0.00185446  0.00114997           0
EndNode1[0]<--->Repeater1[0]
REAL
   0.360892 -0.00485159 -0.00601599    0.247372
-0.00485159    0.135171   0.0413419  -0.0136691
-0.00601599   0.0413419    0.148294  0.00222692
   0.247372  -0.0136691  0.00222692    0.355643
IMAGINARY
           0   -0.0121537  -0.00629723 -0.000704573
   0.0121537            0  -0.00806736   0.00629723
  0.00629723   0.00806736            0   0.00964115
 0.000704573  -0.00629723  -0.00964115            0
EndNode2[0]<--->HoM1[0]
REAL
   0.340369  -0.0151236  0.00482625    0.217172
 -0.0151236    0.155673    0.090922 -0.00482625
 0.00482625    0.090922    0.143799 -0.00445863
   0.217172 -0.00482625 -0.00445863    0.360158
IMAGINARY
          0  0.00198932    0.015869  0.00264319
-0.00198932           0  -0.0145982   -0.010869
  -0.015869   0.0145982           0 -0.00823932
-0.00264319    0.010869  0.00823932           0
Repeater1[0]<--->EndNode1[0]
REAL
   0.360892 -0.00601599 -0.00485159    0.247372
-0.00601599    0.148294   0.0413419  0.00222692
-0.00485159   0.0413419    0.135171  -0.0136691
   0.247372  0.00222692  -0.0136691    0.355643
IMAGINARY
           0  -0.00629723   -0.0121537 -0.000704573
  0.00629723            0   0.00806736   0.00964115
   0.0121537  -0.00806736            0   0.00629723
 0.000704573  -0.00964115  -0.00629723            0
Repeater1[0]<--->HoM1[0]
REAL
   0.340369  0.00482625  -0.0151236    0.217172
 0.00482625    0.143799    0.090922 -0.00445863
 -0.0151236    0.090922    0.155673 -0.00482625
   0.217172 -0.00445863 -0.00482625    0.360158
IMAGINARY
          0    0.015869  0.00198932  0.00264319
  -0.015869           0   0.0145982 -0.00823932
-0.00198932  -0.0145982           0   -0.010869
-0.00264319  0.00823932    0.010869           0
EndNode1[0]<--->Repeater1[0]
REAL
   0.357702   0.0041566  -0.0255423    0.243117
  0.0041566    0.140992   0.0556171 -0.00357161
 -0.0255423   0.0556171    0.140992  -0.0218781
   0.243117 -0.00357161  -0.0218781    0.360313
IMAGINARY
          0  -0.0135317 -0.00713567 -0.00579255
  0.0135317           0 -0.00827394   0.0188544
 0.00713567  0.00827394           0  0.00441707
 0.00579255  -0.0188544 -0.00441707           0
EndNode2[0]<--->HoM1[0]
REAL
   0.338377 -0.00160792    -0.01475    0.249245
-0.00160792    0.143054   0.0419916   0.0134613
   -0.01475   0.0419916    0.130674  0.00289658
   0.249245   0.0134613  0.00289658    0.387895
IMAGINARY
          0 -0.00107273 -0.00505051  0.00466532
 0.00107273           0  0.00526846  0.00505051
 0.00505051 -0.00526846           0   0.0036634
-0.00466532 -0.00505051  -0.0036634           0
Repeater1[0]<--->EndNode1[0]
REAL
   0.357702  -0.0255423   0.0041566    0.243117
 -0.0255423    0.140992   0.0556171  -0.0218781
  0.0041566   0.0556171    0.140992 -0.00357161
   0.243117  -0.0218781 -0.00357161    0.360313
IMAGINARY
          0 -0.00713567  -0.0135317 -0.00579255
 0.00713567           0  0.00827394  0.00441707
  0.0135317 -0.00827394           0   0.0188544
 0.00579255 -0.00441707  -0.0188544           0
Repeater1[0]<--->HoM1[0]
REAL
   0.338377    -0.01475 -0.00160792    0.249245
   -0.01475    0.130674   0.0419916  0.00289658
-0.00160792   0.0419916    0.143054   0.0134613
   0.249245  0.00289658   0.0134613    0.387895
IMAGINARY
          0 -0.00505051 -0.00107273  0.00466532
 0.00505051           0 -0.00526846   0.0036634
 0.00107273  0.00526846           0  0.00505051
-0.00466532  -0.0036634 -0.00505051           0
EndNode1[0]<--->Repeater1[0]
REAL
  0.329333 -0.0192685 -0.0181806   0.243994
-0.0192685      0.156  0.0363986 -0.0243031
-0.0181806  0.0363986   0.153333 -0.0179864
  0.243994 -0.0243031 -0.0179864   0.361333
IMAGINARY
           0   -0.0160742    0.0188735    0.0038061
   0.0160742            0 -0.000120599    0.0241645
  -0.0188735  0.000120599            0   -0.0231664
  -0.0038061   -0.0241645    0.0231664            0
EndNode2[0]<--->HoM1[0]
REAL
   0.349669   0.0152802 0.000354621    0.257898
  0.0152802    0.128477     0.04698  0.00285462
0.000354621     0.04698    0.166887   0.0084682
   0.257898  0.00285462   0.0084682    0.354967
IMAGINARY
          0   0.0148013  0.00452057   0.0197785
 -0.0148013           0   -0.004627  -0.0194089
-0.00452057    0.004627           0 -0.00611641
 -0.0197785   0.0194089  0.00611641           0
Repeater1[0]<--->EndNode1[0]
REAL
  0.329333 -0.0181806 -0.0192685   0.243994
-0.0181806   0.153333  0.0363986 -0.0179864
-0.0192685  0.0363986      0.156 -0.0243031
  0.243994 -0.0179864 -0.0243031   0.361333
IMAGINARY
           0    0.0188735   -0.0160742    0.0038061
  -0.0188735            0  0.000120599   -0.0231664
   0.0160742 -0.000120599            0    0.0241645
  -0.0038061    0.0231664   -0.0241645            0
Repeater1[0]<--->HoM1[0]
REAL
   0.349669 0.000354621   0.0152802    0.257898
0.000354621    0.166887     0.04698   0.0084682
  0.0152802     0.04698    0.128477  0.00285462
   0.257898   0.0084682  0.00285462    0.354967
IMAGINARY
          0  0.00452057   0.0148013   0.0197785
-0.00452057           0    0.004627 -0.00611641
 -0.0148013   -0.004627           0  -0.0194089
 -0.0197785  0.00611641   0.0194089           0
EndNode1[0]<--->Repeater1[0]
REAL
   0.357625 -0.00117654 6.89288e-05     0.24714
-0.00117654     0.14305   0.0349452  0.00126797
6.89288e-05   0.0349452    0.132254  -0.0148662
    0.24714  0.00126797  -0.0148662    0.367072
IMAGINARY
           0  -0.00118399   0.00406875    0.0276841
  0.00118399            0  -0.00016734  0.000809298
 -0.00406875   0.00016734            0    0.0133791
  -0.0276841 -0.000809298   -0.0133791            0
EndNode2[0]<--->HoM1[0]
REAL
   0.387016  0.00964099   0.0067554    0.258707
 0.00964099    0.156055   0.0598649 -0.00246969
  0.0067554   0.0598649     0.15231  0.00178758
   0.258707 -0.00246969  0.00178758    0.304619
IMAGINARY
          0   0.0057317  -0.0217697  0.00332177
 -0.0057317           0 -0.00734322  -0.0123358
  0.0217697  0.00734322           0  0.00263381
-0.00332177   0.0123358 -0.00263381           0
Repeater1[0]<--->EndNode1[0]
REAL
   0.357625 6.89288e-05 -0.00117654     0.24714
6.89288e-05    0.132254   0.0349452  -0.0148662
-0.00117654   0.0349452     0.14305  0.00126797
    0.24714  -0.0148662  0.00126797    0.367072
IMAGINARY
           0   0.00406875  -0.00118399    0.0276841
 -0.00406875            0   0.00016734    0.0133791
  0.00118399  -0.00016734            0  0.000809298
  -0.0276841   -0.0133791 -0.000809298            0
Repeater1[0]<--->HoM1[0]
REAL
   0.387016   0.0067554  0.00964099    0.258707
  0.0067554     0.15231   0.0598649  0.00178758
 0.00964099   0.0598649    0.156055 -0.00246969
   0.258707  0.00178758 -0.00246969    0.304619
IMAGINARY
          0  -0.0217697   0.0057317  0.00332177
  0.0217697           0  0.00734322  0.00263381
 -0.0057317 -0.00734322           0  -0.0123358
-0.00332177 -0.00263381   0.0123358           0
EndNode1[0]<--->Repeater1[0]
REAL
   0.359606 -0.00085972   0.0066871     0.24745
-0.00085972    0.153941   0.0734836  0.00277065
  0.0066871   0.0734836    0.142857  0.00779541
    0.24745  0.00277065  0.00779541    0.343596
IMAGINARY
          0  0.00743444  0.00249926  -0.0102636
-0.00743444           0 -0.00249154   0.0157489
-0.00249926  0.00249154           0  -0.0110841
  0.0102636  -0.0157489   0.0110841           0
EndNode2[0]<--->HoM1[0]
REAL
  0.353316 -0.0103492  0.0100793   0.256186
-0.0103492   0.135204  0.0659425 -0.0254855
 0.0100793  0.0659425   0.163265 0.00194586
  0.256186 -0.0254855 0.00194586   0.348214
IMAGINARY
           0  0.000114556     0.015049  -0.00937467
-0.000114556            0  -0.00393332 -0.000414886
   -0.015049   0.00393332            0   -0.0147487
  0.00937467  0.000414886    0.0147487            0
Repeater1[0]<--->EndNode1[0]
REAL
   0.359606   0.0066871 -0.00085972     0.24745
  0.0066871    0.142857   0.0734836  0.00779541
-0.00085972   0.0734836    0.153941  0.00277065
    0.24745  0.00779541  0.00277065    0.343596
IMAGINARY
          0  0.00249926  0.00743444  -0.0102636
-0.00249926           0  0.00249154  -0.0110841
-0.00743444 -0.00249154           0   0.0157489
  0.0102636   0.0110841  -0.0157489           0
Repeater1[0]<--->HoM1[0]
REAL
  0.353316  0.0100793 -0.0103492   0.256186
 0.0100793   0.163265  0.0659425 0.00194586
-0.0103492  0.0659425   0.135204 -0.0254855
  0.256186 0.00194586 -0.0254855   0.348214
IMAGINARY
           0     0.015049  0.000114556  -0.00937467
   -0.015049            0   0.00393332   -0.0147487
-0.000114556  -0.00393332            0 -0.000414886
  0.00937467    0.0147487  0.000414886            0
EndNode1[0]<--->Repeater1[0]
REAL
   0.358911   0.0160294 0.000113387    0.244288
  0.0160294    0.144802   0.0407707   0.0293755
0.000113387   0.0407707     0.15099  0.00297455
   0.244288   0.0293755  0.00297455    0.345297
IMAGINARY
          0  0.00347414 -0.00281824  0.00657608
-0.00347414           0 -0.00910773  -0.0135134
 0.00281824  0.00910773           0   0.0128575
-0.00657608   0.0135134  -0.0128575           0
EndNode2[0]<--->HoM1[0]
REAL
   0.352866 -0.00784285  0.00262094    0.252118
-0.00784285    0.147771   0.0724205 -0.00789799
 0.00262094   0.0724205    0.150318   0.0197162
   0.252118 -0.00789799   0.0197162    0.349045
IMAGINARY
           0    0.0240022   -0.0145658    0.0185277
  -0.0240022            0 -0.000823147   -0.0314619
   0.0145658  0.000823147            0 -0.000673097
  -0.0185277    0.0314619  0.000673097            0
Repeater1[0]<--->EndNode1[0]
REAL
   0.358911 0.000113387   0.0160294    0.244288
0.000113387     0.15099   0.0407707  0.00297455
  0.0160294   0.0407707    0.144802   0.0293755
   0.244288  0.00297455   0.0293755    0.345297
IMAGINARY
          0 -0.00281824  0.00347414  0.00657608
 0.00281824           0  0.00910773   0.0128575
-0.00347414 -0.00910773           0  -0.0135134
-0.00657608  -0.0128575   0.0135134           0
Repeater1[0]<--->HoM1[0]
REAL
   0.352866  0.00262094 -0.00784285    0.252118
 0.00262094    0.150318   0.0724205   0.0197162
-0.00784285   0.0724205    0.147771 -0.00789799
   0.252118   0.0197162 -0.00789799    0.349045
IMAGINARY
           0   -0.0145658    0.0240022    0.0185277
   0.0145658            0  0.000823147 -0.000673097
  -0.0240022 -0.000823147            0   -0.0314619
  -0.0185277  0.000673097    0.0314619            0
EndNode1[0]<--->Repeater1[0]
REAL
  0.377805 0.00939353 0.00773196   0.280145
0.00939353   0.147132  0.0368654 0.00773196
0.00773196  0.0368654   0.140898   0.011225
  0.280145 0.00773196   0.011225   0.334165
IMAGINARY
           0   0.00642979   0.00967742   0.00771494
 -0.00642979            0   0.00110118  -0.00698925
 -0.00967742  -0.00110118            0  0.000290638
 -0.00771494   0.00698925 -0.000290638            0
EndNode2[0]<--->HoM1[0]
REAL
   0.365291 -0.00720788   0.0174959    0.261031
-0.00720788    0.134709   0.0343306   0.0118356
  0.0174959   0.0343306    0.151699   0.0228968
   0.261031   0.0118356   0.0228968    0.348301
IMAGINARY
          0  -0.0191297  -0.0206965   0.0194993
  0.0191297           0  0.00369655   0.0206965
  0.0206965 -0.00369655           0 -0.00731867
 -0.0194993  -0.0206965  0.00731867           0
Repeater1[0]<--->EndNode1[0]
REAL
  0.377805 0.00773196 0.00939353   0.280145
0.00773196   0.140898  0.0368654   0.011225
0.00939353  0.0368654   0.147132 0.00773196
  0.280145   0.011225 0.00773196   0.334165
IMAGINARY
           0   0.00967742   0.00642979   0.00771494
 -0.00967742            0  -0.00110118  0.000290638
 -0.00642979   0.00110118            0  -0.00698925
 -0.00771494 -0.000290638   0.00698925            0
Repeater1[0]<--->HoM1[0]
REAL
   0.365291   0.0174959 -0.00720788    0.261031
  0.0174959    0.151699   0.0343306   0.0228968
-0.00720788   0.0343306    0.134709   0.0118356
   0.261031   0.0228968   0.0118356    0.348301
IMAGINARY
          0  -0.0206965  -0.0191297   0.0194993
  0.0206965           0 -0.00369655 -0.00731867
  0.0191297  0.00369655           0   0.0206965
 -0.0194993  0.00731867  -0.0206965           0
EndNode1[0]<--->Repeater1[0]
REAL
   0.364221   0.0282235  0.00915214    0.242052
  0.0282235    0.151866   0.0375662 -0.00724131
 0.00915214   0.0375662    0.133848   0.0182733
   0.242052 -0.00724131   0.0182733    0.350064
IMAGINARY
           0    0.0144222  0.000360554    0.0181174
  -0.0144222            0   -0.0156664   -0.0122339
-0.000360554    0.0156664            0    0.0106438
  -0.0181174    0.0122339   -0.0106438            0
EndNode2[0]<--->HoM1[0]
REAL
   0.364256 0.000919749    -0.01125    0.246145
0.000919749    0.152797    0.043855     0.00375
   -0.01125    0.043855    0.126876  0.00158025
   0.246145     0.00375  0.00158025    0.356071
IMAGINARY
          0  -0.0122659   0.0211245 -0.00188254
  0.0122659           0  -0.0112408   0.0132266
 -0.0211245   0.0112408           0   0.0313498
 0.00188254  -0.0132266  -0.0313498           0
Repeater1[0]<--->EndNode1[0]
REAL
   0.364221  0.00915214   0.0282235    0.242052
 0.00915214    0.133848   0.0375662   0.0182733
  0.0282235   0.0375662    0.151866 -0.00724131
   0.242052   0.0182733 -0.00724131    0.350064
IMAGINARY
           0  0.000360554    0.0144222    0.0181174
-0.000360554            0    0.0156664    0.0106438
  -0.0144222   -0.0156664            0   -0.0122339
  -0.0181174   -0.0106438    0.0122339            0
Repeater1[0]<--->HoM1[0]
REAL
   0.364256    -0.01125 0.000919749    0.246145
   -0.01125    0.126876    0.043855  0.00158025
0.000919749    0.043855    0.152797     0.00375
   0.246145  0.00158025     0.00375    0.356071
IMAGINARY
          0   0.0211245  -0.0122659 -0.00188254
 -0.0211245           0   0.0112408   0.0313498
  0.0122659  -0.0112408           0   0.0132266
 0.00188254  -0.0313498  -0.0132266           0
EndNode1[0]<--->Repeater1[0]
REAL
    0.334577    0.0206621    0.0128512      0.24453
   0.0206621     0.131841    0.0483273 -0.000946436
   0.0128512    0.0483273     0.145522  -0.00399543
     0.24453 -0.000946436  -0.00399543      0.38806
IMAGINARY
          0  -0.0117627 -0.00506329  -0.0110429
  0.0117627           0  -0.0117123 -0.00506329
 0.00506329   0.0117123           0   0.0193576
  0.0110429  0.00506329  -0.0193576           0
EndNode2[0]<--->HoM1[0]
REAL
   0.346863  0.00135728 -0.00106868    0.239543
 0.00135728    0.151292   0.0521239  -0.0119522
-0.00106868   0.0521239    0.145141  0.00385105
   0.239543  -0.0119522  0.00385105    0.356704
IMAGINARY
          0  0.00938087  0.00685235   0.0241027
-0.00938087           0  -0.0101078   0.0119544
-0.00685235   0.0101078           0  -0.0035443
 -0.0241027  -0.0119544   0.0035443           0
Repeater1[0]<--->EndNode1[0]
REAL
    0.334577    0.0128512    0.0206621      0.24453
   0.0128512     0.145522    0.0483273  -0.00399543
   0.0206621    0.0483273     0.131841 -0.000946436
     0.24453  -0.00399543 -0.000946436      0.38806
IMAGINARY
          0 -0.00506329  -0.0117627  -0.0110429
 0.00506329           0   0.0117123   0.0193576
  0.0117627  -0.0117123           0 -0.00506329
  0.0110429  -0.0193576  0.00506329           0
Repeater1[0]<--->HoM1[0]
REAL
   0.346863 -0.00106868  0.00135728    0.239543
-0.00106868    0.145141   0.0521239  0.00385105
 0.00135728   0.0521239    0.151292  -0.0119522
   0.239543  0.00385105  -0.0119522    0.356704
IMAGINARY
          0  0.00685235  0.00938087   0.0241027
-0.00685235           0   0.0101078  -0.0035443
-0.00938087  -0.0101078           0   0.0119544
 -0.0241027   0.0035443  -0.0119544           0
EndNode1[0]<--->Repeater1[0]
REAL
  0.373193 -0.0162293 -0.0058798   0.256962
-0.0162293   0.137976   0.056597 0.00392413
-0.0058798   0.056597   0.165572  0.0155774
  0.256962 0.00392413  0.0155774   0.323259
IMAGINARY
          0 -0.00650995  -0.0183025 -0.00555372
 0.00650995           0 -0.00420237  0.00673129
  0.0183025  0.00420237           0 -0.00384328
 0.00555372 -0.00673129  0.00384328           0
EndNode2[0]<--->HoM1[0]
REAL
  0.363636 -0.0182927 0.00448538   0.240621
-0.0182927   0.129321  0.0474673 0.00382487
0.00448538  0.0474673   0.142125 0.00582729
  0.240621 0.00382487 0.00582729   0.364917
IMAGINARY
          0  -0.0121305  -0.0030458 -0.00599009
  0.0121305           0  -0.0103926  0.00549079
  0.0030458   0.0103926           0    0.020688
 0.00599009 -0.00549079   -0.020688           0
Repeater1[0]<--->EndNode1[0]
REAL
  0.373193 -0.0058798 -0.0162293   0.256962
-0.0058798   0.165572   0.056597  0.0155774
-0.0162293   0.056597   0.137976 0.00392413
  0.256962  0.0155774 0.00392413   0.323259
IMAGINARY
          0  -0.0183025 -0.00650995 -0.00555372
  0.0183025           0  0.00420237 -0.00384328
 0.00650995 -0.00420237           0  0.00673129
 0.00555372  0.00384328 -0.00673129           0
Repeater1[0]<--->HoM1[0]
REAL
  0.363636 0.00448538 -0.0182927   0.240621
0.00448538   0.142125  0.0474673 0.00582729
-0.0182927  0.0474673   0.129321 0.00382487
  0.240621 0.00582729 0.00382487   0.364917
IMAGINARY
          0  -0.0030458  -0.0121305 -0.00599009
  0.0030458           0   0.0103926    0.020688
  0.0121305  -0.0103926           0  0.00549079
 0.00599009   -0.020688 -0.00549079           0
EndNode1[0]<--->Repeater1[0]
REAL
    0.36646   0.0172756  0.00482563    0.258902
  0.0172756    0.160248   0.0735518 -0.00746415
 0.00482563   0.0735518    0.149068 -0.00804081
   0.258902 -0.00746415 -0.00804081    0.324224
IMAGINARY
           0  -0.00526392  0.000792475   0.00957854
  0.00526392            0   0.00255428    0.0240483
-0.000792475  -0.00255428            0   0.00207921
 -0.00957854   -0.0240483  -0.00207921            0
EndNode2[0]<--->HoM1[0]
REAL
   0.366337  -0.0184031   0.0192937    0.250787
 -0.0184031    0.131188   0.0568551 -0.00809479
  0.0192937   0.0568551    0.136139   0.0111567
   0.250787 -0.00809479   0.0111567    0.366337
IMAGINARY
           0  -0.00625434  -0.00473742 -0.000982417
  0.00625434            0     0.012121    0.0139723
  0.00473742    -0.012121            0  -0.00561901
 0.000982417   -0.0139723   0.00561901            0
Repeater1[0]<--->EndNode1[0]
REAL
    0.36646  0.00482563   0.0172756    0.258902
 0.00482563    0.149068   0.0735518 -0.00804081
  0.0172756   0.0735518    0.160248 -0.00746415
   0.258902 -0.00804081 -0.00746415    0.324224
IMAGINARY
           0  0.000792475  -0.00526392   0.00957854
-0.000792475            0  -0.00255428   0.00207921
  0.00526392   0.00255428            0    0.0240483
 -0.00957854  -0.00207921   -0.0240483            0
Repeater1[0]<--->HoM1[0]
REAL
   0.366337   0.0192937  -0.0184031    0.250787
  0.0192937    0.136139   0.0568551   0.0111567
 -0.0184031   0.0568551    0.131188 -0.00809479
   0.250787   0.0111567 -0.00809479    0.366337
IMAGINARY
           0  -0.00473742  -0.00625434 -0.000982417
  0.00473742            0    -0.012121  -0.00561901
  0.00625434     0.012121            0    0.0139723
 0.000982417   0.00561901   -0.0139723            0
EndNode1[0]<--->Repeater1[0]
REAL
  0.350195 -0.0192819 -0.0130038   0.256831
-0.0192819   0.141375  0.0491588 -0.0195483
-0.0130038  0.0491588   0.140078 -0.0432181
  0.256831 -0.0195483 -0.0432181   0.368353
IMAGINARY
           0   0.00355054   0.00617312   0.00744397
 -0.00355054            0    0.0207612  0.000440636
 -0.00617312   -0.0207612            0   -0.0114871
 -0.00744397 -0.000440636    0.0114871            0
EndNode2[0]<--->HoM1[0]
REAL
   0.355995  0.00899123   0.0135605    0.239474
 0.00899123    0.139679   0.0644737 -0.00829738
  0.0135605   0.0644737    0.156984 0.000219298
   0.239474 -0.00829738 0.000219298    0.347342
IMAGINARY
           0   -0.0382823   0.00425972   0.00475767
   0.0382823            0 -0.000229859   0.00231923
 -0.00425972  0.000229859            0   0.00144023
 -0.00475767  -0.00231923  -0.00144023            0
Repeater1[0]<--->EndNode1[0]
REAL
  0.350195 -0.0130038 -0.0192819   0.256831
-0.0130038   0.140078  0.0491588 -0.0432181
-0.0192819  0.0491588   0.141375 -0.0195483
  0.256831 -0.0432181 -0.0195483   0.368353
IMAGINARY
           0   0.00617312   0.00355054   0.00744397
 -0.00617312            0   -0.0207612   -0.0114871
 -0.00355054    0.0207612            0  0.000440636
 -0.00744397    0.0114871 -0.000440636            0
Repeater1[0]<--->HoM1[0]
REAL
   0.355995   0.0135605  0.00899123    0.239474
  0.0135605    0.156984   0.0644737 0.000219298
 0.00899123   0.0644737    0.139679 -0.00829738
   0.239474 0.000219298 -0.00829738    0.347342
IMAGINARY
           0   0.00425972   -0.0382823   0.00475767
 -0.00425972            0  0.000229859   0.00144023
   0.0382823 -0.000229859            0   0.00231923
 -0.00475767  -0.00144023  -0.00231923            0
EndNode1[0]<--->Repeater1[0]
REAL
   0.386395  0.00391188  0.00991964    0.243925
 0.00391188    0.136054   0.0397166  -0.0244315
 0.00991964   0.0397166    0.137415 4.59021e-05
   0.243925  -0.0244315 4.59021e-05    0.340136
IMAGINARY
          0   0.0109681      0.0075   0.0131809
 -0.0109681           0  -0.0113036     -0.0075
    -0.0075   0.0113036           0 -0.00477996
 -0.0131809      0.0075  0.00477996           0
EndNode2[0]<--->HoM1[0]
REAL
   0.345477  0.00262186 -0.00326127    0.271797
 0.00262186    0.155779   0.0483371  0.00930154
-0.00326127   0.0483371    0.148241  -0.0100044
   0.271797  0.00930154  -0.0100044    0.350503
IMAGINARY
          0  -0.0144218  0.00100568  0.00547121
  0.0144218           0   0.0108331 -0.00428222
-0.00100568  -0.0108331           0   -0.015067
-0.00547121  0.00428222    0.015067           0
Repeater1[0]<--->EndNode1[0]
REAL
   0.386395  0.00991964  0.00391188    0.243925
 0.00991964    0.137415   0.0397166 4.59021e-05
 0.00391188   0.0397166    0.136054  -0.0244315
   0.243925 4.59021e-05  -0.0244315    0.340136
IMAGINARY
          0      0.0075   0.0109681   0.0131809
    -0.0075           0   0.0113036 -0.00477996
 -0.0109681  -0.0113036           0     -0.0075
 -0.0131809  0.00477996      0.0075           0
Repeater1[0]<--->HoM1[0]
REAL
   0.345477 -0.00326127  0.00262186    0.271797
-0.00326127    0.148241   0.0483371  -0.0100044
 0.00262186   0.0483371    0.155779  0.00930154
   0.271797  -0.0100044  0.00930154    0.350503
IMAGINARY
          0  0.00100568  -0.0144218  0.00547121
-0.00100568           0  -0.0108331   -0.015067
  0.0144218   0.0108331           0 -0.00428222
-0.00547121    0.015067  0.00428222           0
EndNode1[0]<--->Repeater1[0]
REAL
  0.351562  0.0137203  0.0100244    0.25318
 0.0137203   0.167969  0.0386986 0.00393504
 0.0100244  0.0386986   0.144531 0.00785329
   0.25318 0.00393504 0.00785329   0.335938
IMAGINARY
           0   0.00855976    0.0183664   -0.0119573
 -0.00855976            0 -0.000418888    0.0171528
  -0.0183664  0.000418888            0   0.00100308
   0.0119573   -0.0171528  -0.00100308            0
EndNode2[0]<--->HoM1[0]
REAL
  0.375157  0.0178373 0.00712473   0.250638
 0.0178373   0.139272  0.0656381 -0.0139065
0.00712473  0.0656381   0.148055 -0.0233861
  0.250638 -0.0139065 -0.0233861   0.337516
IMAGINARY
          0  0.00435634  0.00296371  -0.0165206
-0.00435634           0  -0.0205638 -0.00671371
-0.00296371   0.0205638           0 -0.00310634
  0.0165206  0.00671371  0.00310634           0
Repeater1[0]<--->EndNode1[0]
REAL
  0.351562  0.0100244  0.0137203    0.25318
 0.0100244   0.144531  0.0386986 0.00785329
 0.0137203  0.0386986   0.167969 0.00393504
   0.25318 0.00785329 0.00393504   0.335938
IMAGINARY
           0    0.0183664   0.00855976   -0.0119573
  -0.0183664            0  0.000418888   0.00100308
 -0.00855976 -0.000418888            0    0.0171528
   0.0119573  -0.00100308   -0.0171528            0
Repeater1[0]<--->HoM1[0]
REAL
  0.375157 0.00712473  0.0178373   0.250638
0.00712473   0.148055  0.0656381 -0.0233861
 0.0178373  0.0656381   0.139272 -0.0139065
  0.250638 -0.0233861 -0.0139065   0.337516
IMAGINARY
          0  0.00296371  0.00435634  -0.0165206
-0.00296371           0   0.0205638 -0.00310634
-0.00435634  -0.0205638           0 -0.00671371
  0.0165206  0.00310634  0.00671371           0
EndNode1[0]<--->Repeater1[0]
REAL
   0.318741  -0.0253207 0.000730079    0.240555
 -0.0253207    0.143639    0.064201  -0.0188778
0.000730079    0.064201    0.162791   0.0121793
   0.240555  -0.0188778   0.0121793    0.374829
IMAGINARY
           0  -0.00456683     0.017688  -0.00189648
  0.00456683            0 -6.94419e-05  -0.00381742
   -0.017688  6.94419e-05            0   0.00258532
  0.00189648   0.00381742  -0.00258532            0
EndNode2[0]<--->HoM1[0]
REAL
   0.396396  -0.0321602  -0.0075161    0.255124
 -0.0321602    0.118404   0.0502455  -0.0347658
 -0.0075161   0.0502455     0.15444 -0.00341023
   0.255124  -0.0347658 -0.00341023    0.330759
IMAGINARY
          0  7.3304e-05  0.00587617  -0.0220407
-7.3304e-05           0  -0.0144458 -0.00465666
-0.00587617   0.0144458           0 -0.00129282
  0.0220407  0.00465666  0.00129282           0
Repeater1[0]<--->EndNode1[0]
REAL
   0.318741 0.000730079  -0.0253207    0.240555
0.000730079    0.162791    0.064201   0.0121793
 -0.0253207    0.064201    0.143639  -0.0188778
   0.240555   0.0121793  -0.0188778    0.374829
IMAGINARY
           0     0.017688  -0.00456683  -0.00189648
   -0.017688            0  6.94419e-05   0.00258532
  0.00456683 -6.94419e-05            0  -0.00381742
  0.00189648  -0.00258532   0.00381742            0
Repeater1[0]<--->HoM1[0]
REAL
   0.396396  -0.0075161  -0.0321602    0.255124
 -0.0075161     0.15444   0.0502455 -0.00341023
 -0.0321602   0.0502455    0.118404  -0.0347658
   0.255124 -0.00341023  -0.0347658    0.330759
IMAGINARY
          0  0.00587617  7.3304e-05  -0.0220407
-0.00587617           0   0.0144458 -0.00129282
-7.3304e-05  -0.0144458           0 -0.00465666
  0.0220407  0.00129282  0.00465666           0
EndNode1[0]<--->Repeater1[0]
REAL
 0.385013  0.020213 0.0178491  0.258378
 0.020213  0.164083 0.0601454 0.0153174
0.0178491 0.0601454  0.122739  0.014205
 0.258378 0.0153174  0.014205  0.328165
IMAGINARY
          0  0.00468217  -0.0150613  -0.0012152
-0.00468217           0  0.00606957   0.0087482
  0.0150613 -0.00606957           0  -0.0248842
  0.0012152  -0.0087482   0.0248842           0
EndNode2[0]<--->HoM1[0]
REAL
   0.352406  -0.0184166 -0.00801849    0.241174
 -0.0184166    0.159948   0.0711743  -0.0161946
-0.00801849   0.0711743    0.149545 -0.00700717
   0.241174  -0.0161946 -0.00700717    0.338101
IMAGINARY
          0   0.0031438  -0.0126915  -0.0113159
 -0.0031438           0 -0.00327298  -0.0185585
  0.0126915  0.00327298           0  -0.0118938
  0.0113159   0.0185585   0.0118938           0
Repeater1[0]<--->EndNode1[0]
REAL
 0.385013 0.0178491  0.020213  0.258378
0.0178491  0.122739 0.0601454  0.014205
 0.020213 0.0601454  0.164083 0.0153174
 0.258378  0.014205 0.0153174  0.328165
IMAGINARY
          0  -0.0150613  0.00468217  -0.0012152
  0.0150613           0 -0.00606957  -0.0248842
-0.00468217  0.00606957           0   0.0087482
  0.0012152   0.0248842  -0.0087482           0
Repeater1[0]<--->HoM1[0]
REAL
   0.352406 -0.00801849  -0.0184166    0.241174
-0.00801849    0.149545   0.0711743 -0.00700717
 -0.0184166   0.0711743    0.159948  -0.0161946
   0.241174 -0.00700717  -0.0161946    0.338101
IMAGINARY
          0  -0.0126915   0.0031438  -0.0113159
  0.0126915           0  0.00327298  -0.0118938
 -0.0031438 -0.00327298           0  -0.0185585
  0.0113159   0.0118938   0.0185585           0
EndNode1[0]<--->Repeater1[0]
REAL
   0.372859 -0.00996525  -0.0223191    0.240919
-0.00996525    0.140975    0.051486   0.0248507
 -0.0223191    0.051486    0.139657 -0.00016133
   0.240919   0.0248507 -0.00016133    0.346509
IMAGINARY
           0  -0.00767309   -0.0153119    0.0128478
  0.00767309            0    0.0229967    0.0140232
   0.0153119   -0.0229967            0 -5.88728e-05
  -0.0128478   -0.0140232  5.88728e-05            0
EndNode2[0]<--->HoM1[0]
REAL
   0.382353  0.00893494   0.0240205    0.240543
 0.00893494    0.144706   0.0323713 -0.00418464
  0.0240205   0.0323713    0.132941 -0.00277899
   0.240543 -0.00418464 -0.00277899        0.34
IMAGINARY
          0  -0.0158504   0.0113713  0.00497828
  0.0158504           0    0.022174   0.0152175
 -0.0113713   -0.022174           0  -0.0275997
-0.00497828  -0.0152175   0.0275997           0
Repeater1[0]<--->EndNode1[0]
REAL
   0.372859  -0.0223191 -0.00996525    0.240919
 -0.0223191    0.139657    0.051486 -0.00016133
-0.00996525    0.051486    0.140975   0.0248507
   0.240919 -0.00016133   0.0248507    0.346509
IMAGINARY
           0   -0.0153119  -0.00767309    0.0128478
   0.0153119            0   -0.0229967 -5.88728e-05
  0.00767309    0.0229967            0    0.0140232
  -0.0128478  5.88728e-05   -0.0140232            0
Repeater1[0]<--->HoM1[0]
REAL
   0.382353   0.0240205  0.00893494    0.240543
  0.0240205    0.132941   0.0323713 -0.00277899
 0.00893494   0.0323713    0.144706 -0.00418464
   0.240543 -0.00277899 -0.00418464        0.34
IMAGINARY
          0   0.0113713  -0.0158504  0.00497828
 -0.0113713           0   -0.022174  -0.0275997
  0.0158504    0.022174           0   0.0152175
-0.00497828   0.0275997  -0.0152175           0
EndNode1[0]<--->Repeater1[0]
REAL
   0.350394  0.00328982  0.00652174    0.265434
 0.00328982    0.145669   0.0445038  0.00652174
 0.00652174   0.0445038    0.152231 -0.00639541
   0.265434  0.00652174 -0.00639541    0.351706
IMAGINARY
           0   -0.0102775 -0.000486311     0.020226
   0.0102775            0  -0.00699846  -0.00984961
 0.000486311   0.00699846            0    0.0335333
   -0.020226   0.00984961   -0.0335333            0
EndNode2[0]<--->HoM1[0]
REAL
   0.358839 -0.00480154   0.0040795    0.256807
-0.00480154     0.12533     0.04601  -0.0034393
  0.0040795     0.04601    0.147757 -0.00480154
   0.256807  -0.0034393 -0.00480154    0.368074
IMAGINARY
          0   0.0267264 -0.00891264  -0.0114378
 -0.0267264           0   0.0227728  -0.0155089
 0.00891264  -0.0227728           0   0.0144047
  0.0114378   0.0155089  -0.0144047           0
Repeater1[0]<--->EndNode1[0]
REAL
   0.350394  0.00652174  0.00328982    0.265434
 0.00652174    0.152231   0.0445038 -0.00639541
 0.00328982   0.0445038    0.145669  0.00652174
   0.265434 -0.00639541  0.00652174    0.351706
IMAGINARY
           0 -0.000486311   -0.0102775     0.020226
 0.000486311            0   0.00699846    0.0335333
   0.0102775  -0.00699846            0  -0.00984961
   -0.020226   -0.0335333   0.00984961            0
Repeater1[0]<--->HoM1[0]
REAL
   0.358839   0.0040795 -0.00480154    0.256807
  0.0040795    0.147757     0.04601 -0.00480154
-0.00480154     0.04601     0.12533  -0.0034393
   0.256807 -0.00480154  -0.0034393    0.368074
IMAGINARY
          0 -0.00891264   0.0267264  -0.0114378
 0.00891264           0  -0.0227728   0.0144047
 -0.0267264   0.0227728           0  -0.0155089
  0.0114378  -0.0144047   0.0155089           0
EndNode1[0]<--->Repeater1[0]
REAL
  0.364796 0.00929858  0.0136541   0.259385
0.00929858   0.144133  0.0398423 0.00372037
 0.0136541  0.0398423   0.122449  0.0106499
  0.259385 0.00372037  0.0106499   0.368622
IMAGINARY
          0  0.00318878   0.0183667  -0.0135076
-0.00318878           0 -0.00202032  -0.0221738
 -0.0183667  0.00202032           0 -0.00318878
  0.0135076   0.0221738  0.00318878           0
EndNode2[0]<--->HoM1[0]
REAL
  0.323185 -0.0029205 -0.0313173   0.262626
-0.0029205   0.155738  0.0498742  0.0233386
-0.0313173  0.0498742   0.151054 0.00425029
  0.262626  0.0233386 0.00425029   0.370023
IMAGINARY
          0  -0.0266351  0.00321956   0.0115357
  0.0266351           0  0.00771893 -0.00523298
-0.00321956 -0.00771893           0  0.00985658
 -0.0115357  0.00523298 -0.00985658           0
Repeater1[0]<--->EndNode1[0]
REAL
  0.364796  0.0136541 0.00929858   0.259385
 0.0136541   0.122449  0.0398423  0.0106499
0.00929858  0.0398423   0.144133 0.00372037
  0.259385  0.0106499 0.00372037   0.368622
IMAGINARY
          0   0.0183667  0.00318878  -0.0135076
 -0.0183667           0  0.00202032 -0.00318878
-0.00318878 -0.00202032           0  -0.0221738
  0.0135076  0.00318878   0.0221738           0
Repeater1[0]<--->HoM1[0]
REAL
  0.323185 -0.0313173 -0.0029205   0.262626
-0.0313173   0.151054  0.0498742 0.00425029
-0.0029205  0.0498742   0.155738  0.0233386
  0.262626 0.00425029  0.0233386   0.370023
IMAGINARY
          0  0.00321956  -0.0266351   0.0115357
-0.00321956           0 -0.00771893  0.00985658
  0.0266351  0.00771893           0 -0.00523298
 -0.0115357 -0.00985658  0.00523298           0
EndNode1[0]<--->Repeater1[0]
REAL
   0.374332 -0.00121606  0.00373056    0.245463
-0.00121606    0.141711   0.0463589 -0.00682845
 0.00373056   0.0463589    0.140374 -0.00188184
   0.245463 -0.00682845 -0.00188184    0.343583
IMAGINARY
          0 -0.00320918   0.0205706  -0.0181096
 0.00320918           0  0.00127023  -0.0122479
 -0.0205706 -0.00127023           0 -0.00639389
  0.0181096   0.0122479  0.00639389           0
EndNode2[0]<--->HoM1[0]
REAL
  0.356234 -0.0028763 -0.0142544   0.235121
-0.0028763   0.148855  0.0648794   0.018657
-0.0142544  0.0648794   0.138677 -0.0141048
  0.235121   0.018657 -0.0141048   0.356234
IMAGINARY
          0   0.0226386 -0.00765695  -0.0249661
 -0.0226386           0 -0.00174202   0.0103379
 0.00765695  0.00174202           0 -0.00387186
  0.0249661  -0.0103379  0.00387186           0
Repeater1[0]<--->EndNode1[0]
REAL
   0.374332  0.00373056 -0.00121606    0.245463
 0.00373056    0.140374   0.0463589 -0.00188184
-0.00121606   0.0463589    0.141711 -0.00682845
   0.245463 -0.00188184 -0.00682845    0.343583
IMAGINARY
          0   0.0205706 -0.00320918  -0.0181096
 -0.0205706           0 -0.00127023 -0.00639389
 0.00320918  0.00127023           0  -0.0122479
  0.0181096  0.00639389   0.0122479           0
Repeater1[0]<--->HoM1[0]
REAL
  0.356234 -0.0142544 -0.0028763   0.235121
-0.0142544   0.138677  0.0648794 -0.0141048
-0.0028763  0.0648794   0.148855   0.018657
  0.235121 -0.0141048   0.018657   0.356234
IMAGINARY
          0 -0.00765695   0.0226386  -0.0249661
 0.00765695           0  0.00174202 -0.00387186
 -0.0226386 -0.00174202           0   0.0103379
  0.0249661  0.00387186  -0.0103379           0
EndNode1[0]<--->Repeater1[0]
REAL
   0.370968   0.0118146    0.018293    0.242757
  0.0118146    0.130376   0.0575027  -0.0163475
   0.018293   0.0575027    0.147849 -0.00986907
   0.242757  -0.0163475 -0.00986907    0.350806
IMAGINARY
           0  0.000209986   0.00289553   -0.0106248
-0.000209986            0    0.0124928    0.0262247
 -0.00289553   -0.0124928            0   -0.0268519
   0.0106248   -0.0262247    0.0268519            0
EndNode2[0]<--->HoM1[0]
REAL
  0.346964 -0.0150098 0.00322641   0.246346
-0.0150098   0.140025  0.0559643 0.00768501
0.00322641  0.0559643   0.142503 0.00794942
  0.246346 0.00768501 0.00794942   0.370508
IMAGINARY
          0      0.0335  -0.0190593 -0.00697151
    -0.0335           0 -0.00571207  -0.0171725
  0.0190593  0.00571207           0   0.0014144
