EndNode1[0]<--->Repeater1[0]
REAL
   0.453416 -0.00537455   0.0211766    0.272287
-0.00537455   0.0559006  -0.0124896 -0.00916645
  0.0211766  -0.0124896   0.0434783  -0.0028429
   0.272287 -0.00916645  -0.0028429    0.447205
IMAGINARY
          0   0.0245259 -0.00658213   0.0152406
 -0.0245259           0  0.00887931  -0.0104782
 0.00658213 -0.00887931           0   0.0109072
 -0.0152406   0.0104782  -0.0109072           0
EndNode2[0]<--->HoM1[0]
REAL
   0.454088   0.0204065   0.0162787    0.288627
  0.0204065   0.0515723 -0.00673952  0.00795602
  0.0162787 -0.00673952   0.0666667  -0.0178555
   0.288627  0.00795602  -0.0178555    0.427673
IMAGINARY
           0   -0.0167302 -0.000706424    0.0053802
   0.0167302            0 -0.000932932   0.00907193
 0.000706424  0.000932932            0 -0.000644363
  -0.0053802  -0.00907193  0.000644363            0
Repeater1[0]<--->EndNode1[0]
REAL
   0.453416   0.0211766 -0.00537455    0.272287
  0.0211766   0.0434783  -0.0124896  -0.0028429
-0.00537455  -0.0124896   0.0559006 -0.00916645
   0.272287  -0.0028429 -0.00916645    0.447205
IMAGINARY
          0 -0.00658213   0.0245259   0.0152406
 0.00658213           0 -0.00887931   0.0109072
 -0.0245259  0.00887931           0  -0.0104782
 -0.0152406  -0.0109072   0.0104782           0
Repeater1[0]<--->HoM1[0]
REAL
   0.454088   0.0162787   0.0204065    0.288627
  0.0162787   0.0666667 -0.00673952  -0.0178555
  0.0204065 -0.00673952   0.0515723  0.00795602
   0.288627  -0.0178555  0.00795602    0.427673
IMAGINARY
           0 -0.000706424   -0.0167302    0.0053802
 0.000706424            0  0.000932932 -0.000644363
   0.0167302 -0.000932932            0   0.00907193
  -0.0053802  0.000644363  -0.00907193            0
EndNode1[0]<--->Repeater1[0]
REAL
  0.451613   0.022087 0.00456431   0.291503
  0.022087  0.0564516 -0.0112099 0.00275926
0.00456431 -0.0112099  0.0524194 -0.0187581
  0.291503 0.00275926 -0.0187581   0.439516
IMAGINARY
          0   0.0095561   -0.023667  0.00504536
 -0.0095561           0  -0.0319684   0.0119531
   0.023667   0.0319684           0   0.0095561
-0.00504536  -0.0119531  -0.0095561           0
EndNode2[0]<--->HoM1[0]
REAL
  0.437346  0.0180913  0.0108983   0.292065
 0.0180913  0.0515971 0.00450031  0.0108983
 0.0108983 0.00450031  0.0503686  0.0116313
  0.292065  0.0108983  0.0116313   0.460688
IMAGINARY
          0 -0.00402843  -0.0128265   -0.023346
 0.00402843           0  0.00692029  0.00116844
  0.0128265 -0.00692029           0   0.0234585
   0.023346 -0.00116844  -0.0234585           0
Repeater1[0]<--->EndNode1[0]
REAL
  0.451613 0.00456431   0.022087   0.291503
0.00456431  0.0524194 -0.0112099 -0.0187581
  0.022087 -0.0112099  0.0564516 0.00275926
  0.291503 -0.0187581 0.00275926   0.439516
IMAGINARY
          0   -0.023667   0.0095561  0.00504536
   0.023667           0   0.0319684   0.0095561
 -0.0095561  -0.0319684           0   0.0119531
-0.00504536  -0.0095561  -0.0119531           0
Repeater1[0]<--->HoM1[0]
REAL
  0.437346  0.0108983  0.0180913   0.292065
 0.0108983  0.0503686 0.00450031  0.0116313
 0.0180913 0.00450031  0.0515971  0.0108983
  0.292065  0.0116313  0.0108983   0.460688
IMAGINARY
          0  -0.0128265 -0.00402843   -0.023346
  0.0128265           0 -0.00692029   0.0234585
 0.00402843  0.00692029           0  0.00116844
   0.023346  -0.0234585 -0.00116844           0
EndNode1[0]<--->Repeater1[0]
REAL
   0.484808  -0.0182565   0.0149344    0.281134
 -0.0182565   0.0528402 -0.00440843  0.00874627
  0.0149344 -0.00440843   0.0647292   0.0135204
   0.281134  0.00874627   0.0135204    0.397622
IMAGINARY
           0  -0.00353245   -0.0112249  0.000572403
  0.00353245            0   0.00253319   0.00520083
   0.0112249  -0.00253319            0   0.00955655
-0.000572403  -0.00520083  -0.00955655            0
EndNode2[0]<--->HoM1[0]
REAL
   0.451985  -0.0102277  0.00597642    0.281453
 -0.0102277   0.0435339 -0.00661831 -0.00134066
 0.00597642 -0.00661831    0.049936   0.0175125
   0.281453 -0.00134066   0.0175125    0.454545
IMAGINARY
           0  -0.00599302    0.0149573 -0.000428886
  0.00599302            0    0.0209044   -0.0149573
  -0.0149573   -0.0209044            0    0.0123382
 0.000428886    0.0149573   -0.0123382            0
Repeater1[0]<--->EndNode1[0]
REAL
   0.484808   0.0149344  -0.0182565    0.281134
  0.0149344   0.0647292 -0.00440843   0.0135204
 -0.0182565 -0.00440843   0.0528402  0.00874627
   0.281134   0.0135204  0.00874627    0.397622
IMAGINARY
           0   -0.0112249  -0.00353245  0.000572403
   0.0112249            0  -0.00253319   0.00955655
  0.00353245   0.00253319            0   0.00520083
-0.000572403  -0.00955655  -0.00520083            0
Repeater1[0]<--->HoM1[0]
REAL
   0.451985  0.00597642  -0.0102277    0.281453
 0.00597642    0.049936 -0.00661831   0.0175125
 -0.0102277 -0.00661831   0.0435339 -0.00134066
   0.281453   0.0175125 -0.00134066    0.454545
IMAGINARY
           0    0.0149573  -0.00599302 -0.000428886
  -0.0149573            0   -0.0209044    0.0123382
  0.00599302    0.0209044            0   -0.0149573
 0.000428886   -0.0123382    0.0149573            0
EndNode1[0]<--->Repeater1[0]
REAL
   0.460759  -0.0335749 -0.00800493    0.290188
 -0.0335749   0.0468354 -0.00268799  0.00800493
-0.00800493 -0.00268799   0.0443038  0.00357491
   0.290188  0.00800493  0.00357491    0.448101
IMAGINARY
          0  0.00495804  0.00131403 -0.00128359
-0.00495804           0  0.00932649  0.00528228
-0.00131403 -0.00932649           0  0.00823458
 0.00128359 -0.00528228 -0.00823458           0
EndNode2[0]<--->HoM1[0]
REAL
   0.449742 -0.00294889 -0.00596587    0.302767
-0.00294889   0.0515464  0.00719388 -0.00124252
-0.00596587  0.00719388   0.0386598 -0.00294889
   0.302767 -0.00124252 -0.00294889    0.460052
IMAGINARY
          0 -0.00410148  0.00448159    0.014052
 0.00410148           0   0.0160231  -0.0148983
-0.00448159  -0.0160231           0   0.0027994
  -0.014052   0.0148983  -0.0027994           0
Repeater1[0]<--->EndNode1[0]
REAL
   0.460759 -0.00800493  -0.0335749    0.290188
-0.00800493   0.0443038 -0.00268799  0.00357491
 -0.0335749 -0.00268799   0.0468354  0.00800493
   0.290188  0.00357491  0.00800493    0.448101
IMAGINARY
          0  0.00131403  0.00495804 -0.00128359
-0.00131403           0 -0.00932649  0.00823458
-0.00495804  0.00932649           0  0.00528228
 0.00128359 -0.00823458 -0.00528228           0
Repeater1[0]<--->HoM1[0]
REAL
   0.449742 -0.00596587 -0.00294889    0.302767
-0.00596587   0.0386598  0.00719388 -0.00294889
-0.00294889  0.00719388   0.0515464 -0.00124252
   0.302767 -0.00294889 -0.00124252    0.460052
IMAGINARY
          0  0.00448159 -0.00410148    0.014052
-0.00448159           0  -0.0160231   0.0027994
 0.00410148   0.0160231           0  -0.0148983
  -0.014052  -0.0027994   0.0148983           0
EndNode1[0]<--->Repeater1[0]
REAL
  0.448276  0.0032398  0.0147444   0.293067
 0.0032398  0.0517241  0.0117795 -0.0147444
 0.0147444  0.0117795  0.0503979  0.0082398
  0.293067 -0.0147444  0.0082398   0.449602
IMAGINARY
           0    0.0111192    0.0186633  -0.00931998
  -0.0111192            0    0.0126312   -0.0059051
  -0.0186633   -0.0126312            0  0.000423974
  0.00931998    0.0059051 -0.000423974            0
EndNode2[0]<--->HoM1[0]
REAL
   0.432051  0.00959646   0.0116512     0.28724
 0.00959646   0.0576923 -0.00310479  0.00590407
  0.0116512 -0.00310479   0.0602564  -0.0128474
    0.28724  0.00590407  -0.0128474        0.45
IMAGINARY
           0   0.00750875  0.000184259   -0.0113096
 -0.00750875            0    0.0261745  -0.00363253
-0.000184259   -0.0261745            0   -0.0178536
   0.0113096   0.00363253    0.0178536            0
Repeater1[0]<--->EndNode1[0]
REAL
  0.448276  0.0147444  0.0032398   0.293067
 0.0147444  0.0503979  0.0117795  0.0082398
 0.0032398  0.0117795  0.0517241 -0.0147444
  0.293067  0.0082398 -0.0147444   0.449602
IMAGINARY
           0    0.0186633    0.0111192  -0.00931998
  -0.0186633            0   -0.0126312  0.000423974
  -0.0111192    0.0126312            0   -0.0059051
  0.00931998 -0.000423974    0.0059051            0
Repeater1[0]<--->HoM1[0]
REAL
   0.432051   0.0116512  0.00959646     0.28724
  0.0116512   0.0602564 -0.00310479  -0.0128474
 0.00959646 -0.00310479   0.0576923  0.00590407
    0.28724  -0.0128474  0.00590407        0.45
IMAGINARY
           0  0.000184259   0.00750875   -0.0113096
-0.000184259            0   -0.0261745   -0.0178536
 -0.00750875    0.0261745            0  -0.00363253
   0.0113096    0.0178536   0.00363253            0
EndNode1[0]<--->Repeater1[0]
REAL
   0.464607  -0.0101931  -0.0176888    0.292179
 -0.0101931   0.0514801 -0.00115385 -0.00282398
 -0.0176888 -0.00115385    0.045045  0.00891102
   0.292179 -0.00282398  0.00891102    0.438867
IMAGINARY
          0   0.0233576 -0.00591269 -0.00308237
 -0.0233576           0  0.00374993  -0.0114206
 0.00591269 -0.00374993           0  0.00330903
 0.00308237   0.0114206 -0.00330903           0
EndNode2[0]<--->HoM1[0]
REAL
   0.437126  0.00384615   0.0193389    0.278519
 0.00384615   0.0479042  -0.0103846  0.00527245
  0.0193389  -0.0103846   0.0550898 -0.00384615
   0.278519  0.00527245 -0.00384615     0.45988
IMAGINARY
          0  -0.0163157   0.0136946  0.00247737
  0.0163157           0 -0.00772671 -0.00625216
 -0.0136946  0.00772671           0  0.00887321
-0.00247737  0.00625216 -0.00887321           0
Repeater1[0]<--->EndNode1[0]
REAL
   0.464607  -0.0176888  -0.0101931    0.292179
 -0.0176888    0.045045 -0.00115385  0.00891102
 -0.0101931 -0.00115385   0.0514801 -0.00282398
   0.292179  0.00891102 -0.00282398    0.438867
IMAGINARY
          0 -0.00591269   0.0233576 -0.00308237
 0.00591269           0 -0.00374993  0.00330903
 -0.0233576  0.00374993           0  -0.0114206
 0.00308237 -0.00330903   0.0114206           0
Repeater1[0]<--->HoM1[0]
REAL
   0.437126   0.0193389  0.00384615    0.278519
  0.0193389   0.0550898  -0.0103846 -0.00384615
 0.00384615  -0.0103846   0.0479042  0.00527245
   0.278519 -0.00384615  0.00527245     0.45988
IMAGINARY
          0   0.0136946  -0.0163157  0.00247737
 -0.0136946           0  0.00772671  0.00887321
  0.0163157 -0.00772671           0 -0.00625216
-0.00247737 -0.00887321  0.00625216           0
EndNode1[0]<--->Repeater1[0]
REAL
   0.440428 -0.00036026  0.00213224    0.282391
-0.00036026   0.0629183   0.0015349  -0.0317765
 0.00213224   0.0015349   0.0441767 -0.00556859
   0.282391  -0.0317765 -0.00556859    0.452477
IMAGINARY
           0  0.000152759  -0.00944584   0.00376748
-0.000152759            0    0.0109196  -0.00944584
  0.00944584   -0.0109196            0    0.0137011
 -0.00376748   0.00944584   -0.0137011            0
EndNode2[0]<--->HoM1[0]
REAL
   0.450128 -0.00903028 -0.00134188    0.279875
-0.00903028   0.0409207   0.0025212  0.00256437
-0.00134188   0.0025212   0.0639386   0.0151427
   0.279875  0.00256437   0.0151427    0.445013
IMAGINARY
           0   -0.0125101  0.000994588   -0.0175722
   0.0125101            0   -0.0142344    0.0155449
-0.000994588    0.0142344            0  -0.00275712
   0.0175722   -0.0155449   0.00275712            0
Repeater1[0]<--->EndNode1[0]
REAL
   0.440428  0.00213224 -0.00036026    0.282391
 0.00213224   0.0441767   0.0015349 -0.00556859
-0.00036026   0.0015349   0.0629183  -0.0317765
   0.282391 -0.00556859  -0.0317765    0.452477
IMAGINARY
           0  -0.00944584  0.000152759   0.00376748
  0.00944584            0   -0.0109196    0.0137011
-0.000152759    0.0109196            0  -0.00944584
 -0.00376748   -0.0137011   0.00944584            0
Repeater1[0]<--->HoM1[0]
REAL
   0.450128 -0.00134188 -0.00903028    0.279875
-0.00134188   0.0639386   0.0025212   0.0151427
-0.00903028   0.0025212   0.0409207  0.00256437
   0.279875   0.0151427  0.00256437    0.445013
IMAGINARY
           0  0.000994588   -0.0125101   -0.0175722
-0.000994588            0    0.0142344  -0.00275712
   0.0125101   -0.0142344            0    0.0155449
   0.0175722   0.00275712   -0.0155449            0
EndNode1[0]<--->Repeater1[0]
REAL
  0.467485 -0.0270761  -0.022212   0.280354
-0.0270761  0.0503067  0.0166943 0.00437683
 -0.022212  0.0166943  0.0625767 0.00309082
  0.280354 0.00437683 0.00309082   0.419632
IMAGINARY
           0  0.000588634    0.0125958   0.00665392
-0.000588634            0   -0.0210469   0.00328729
  -0.0125958    0.0210469            0   -0.0164717
 -0.00665392  -0.00328729    0.0164717            0
EndNode2[0]<--->HoM1[0]
REAL
  0.474708  0.0054457 0.00886999   0.296255
 0.0054457  0.0544747 0.00293056  0.0135181
0.00886999 0.00293056  0.0479896 0.00608755
  0.296255  0.0135181 0.00608755   0.422827
IMAGINARY
           0   -0.0102696   0.00515889 -0.000942565
   0.0102696            0   0.00218635   0.00703623
 -0.00515889  -0.00218635            0   -0.0134788
 0.000942565  -0.00703623    0.0134788            0
Repeater1[0]<--->EndNode1[0]
REAL
  0.467485  -0.022212 -0.0270761   0.280354
 -0.022212  0.0625767  0.0166943 0.00309082
-0.0270761  0.0166943  0.0503067 0.00437683
  0.280354 0.00309082 0.00437683   0.419632
IMAGINARY
           0    0.0125958  0.000588634   0.00665392
  -0.0125958            0    0.0210469   -0.0164717
-0.000588634   -0.0210469            0   0.00328729
 -0.00665392    0.0164717  -0.00328729            0
Repeater1[0]<--->HoM1[0]
REAL
  0.474708 0.00886999  0.0054457   0.296255
0.00886999  0.0479896 0.00293056 0.00608755
 0.0054457 0.00293056  0.0544747  0.0135181
  0.296255 0.00608755  0.0135181   0.422827
IMAGINARY
           0   0.00515889   -0.0102696 -0.000942565
 -0.00515889            0  -0.00218635   -0.0134788
   0.0102696   0.00218635            0   0.00703623
 0.000942565    0.0134788  -0.00703623            0
EndNode1[0]<--->Repeater1[0]
REAL
   0.472772    0.017939  0.00186477    0.295531
   0.017939   0.0655941  0.00499049   0.0118249
 0.00186477  0.00499049   0.0519802 -0.00294552
   0.295531   0.0118249 -0.00294552    0.409653
IMAGINARY
          0   0.0164409  -0.0114592  -0.0117274
 -0.0164409           0  -0.0130502  0.00875647
  0.0114592   0.0130502           0   0.0146402
  0.0117274 -0.00875647  -0.0146402           0
EndNode2[0]<--->HoM1[0]
REAL
   0.435339  -0.0174022  -0.0279278    0.284349
 -0.0174022   0.0512164 -0.00737108 0.000349849
 -0.0279278 -0.00737108   0.0460948    0.011407
   0.284349 0.000349849    0.011407     0.46735
IMAGINARY
           0  0.000991864  -0.00879741   -0.0235527
-0.000991864            0  -0.00131638  -0.00349237
  0.00879741   0.00131638            0 -0.000345034
   0.0235527   0.00349237  0.000345034            0
Repeater1[0]<--->EndNode1[0]
REAL
   0.472772  0.00186477    0.017939    0.295531
 0.00186477   0.0519802  0.00499049 -0.00294552
   0.017939  0.00499049   0.0655941   0.0118249
   0.295531 -0.00294552   0.0118249    0.409653
IMAGINARY
          0  -0.0114592   0.0164409  -0.0117274
  0.0114592           0   0.0130502   0.0146402
 -0.0164409  -0.0130502           0  0.00875647
  0.0117274  -0.0146402 -0.00875647           0
Repeater1[0]<--->HoM1[0]
REAL
   0.435339  -0.0279278  -0.0174022    0.284349
 -0.0279278   0.0460948 -0.00737108    0.011407
 -0.0174022 -0.00737108   0.0512164 0.000349849
   0.284349    0.011407 0.000349849     0.46735
IMAGINARY
           0  -0.00879741  0.000991864   -0.0235527
  0.00879741            0   0.00131638 -0.000345034
-0.000991864  -0.00131638            0  -0.00349237
   0.0235527  0.000345034   0.00349237            0
EndNode1[0]<--->Repeater1[0]
REAL
   0.432535  -0.0101776  -0.0065044    0.260155
 -0.0101776    0.037831 -0.00492794  0.00342937
 -0.0065044 -0.00492794   0.0617907 -0.00642758
   0.260155  0.00342937 -0.00642758    0.467844
IMAGINARY
           0  -0.00686543    0.0115533   -0.0102301
  0.00686543            0 -0.000230126  0.000641849
  -0.0115533  0.000230126            0   0.00622358
   0.0102301 -0.000641849  -0.00622358            0
EndNode2[0]<--->HoM1[0]
REAL
    0.452507    0.0116705  -0.00380231     0.283354
   0.0116705    0.0593668   0.00314786   0.00517972
 -0.00380231   0.00314786    0.0488127 -0.000651188
    0.283354   0.00517972 -0.000651188     0.439314
IMAGINARY
          0 -0.00508459  0.00312531  -0.0047043
 0.00508459           0  -0.0114247  -0.0159788
-0.00312531   0.0114247           0  0.00122855
  0.0047043   0.0159788 -0.00122855           0
Repeater1[0]<--->EndNode1[0]
REAL
   0.432535  -0.0065044  -0.0101776    0.260155
 -0.0065044   0.0617907 -0.00492794 -0.00642758
 -0.0101776 -0.00492794    0.037831  0.00342937
   0.260155 -0.00642758  0.00342937    0.467844
IMAGINARY
           0    0.0115533  -0.00686543   -0.0102301
  -0.0115533            0  0.000230126   0.00622358
  0.00686543 -0.000230126            0  0.000641849
   0.0102301  -0.00622358 -0.000641849            0
Repeater1[0]<--->HoM1[0]
REAL
    0.452507  -0.00380231    0.0116705     0.283354
 -0.00380231    0.0488127   0.00314786 -0.000651188
   0.0116705   0.00314786    0.0593668   0.00517972
    0.283354 -0.000651188   0.00517972     0.439314
IMAGINARY
          0  0.00312531 -0.00508459  -0.0047043
-0.00312531           0   0.0114247  0.00122855
 0.00508459  -0.0114247           0  -0.0159788
  0.0047043 -0.00122855   0.0159788           0
EndNode1[0]<--->Repeater1[0]
REAL
    0.448768   0.00563944   0.00686898     0.271468
  0.00563944    0.0583658    0.0211528   -0.0157748
  0.00686898    0.0211528    0.0544747 -0.000550381
    0.271468   -0.0157748 -0.000550381     0.438392
IMAGINARY
          0   0.0219266  0.00876849  0.00344086
 -0.0219266           0  -0.0167152 -0.00435487
-0.00876849   0.0167152           0 -0.00868569
-0.00344086  0.00435487  0.00868569           0
EndNode2[0]<--->HoM1[0]
REAL
   0.458693    0.030708 -0.00567478     0.30056
   0.030708   0.0554871   0.0109587   0.0187638
-0.00567478   0.0109587   0.0468557   0.0111768
    0.30056   0.0187638   0.0111768    0.438964
IMAGINARY
          0  0.00482594  -0.0127723 -0.00604963
-0.00482594           0   0.0135326  -0.0228988
  0.0127723  -0.0135326           0   0.0163349
 0.00604963   0.0228988  -0.0163349           0
Repeater1[0]<--->EndNode1[0]
REAL
    0.448768   0.00686898   0.00563944     0.271468
  0.00686898    0.0544747    0.0211528 -0.000550381
  0.00563944    0.0211528    0.0583658   -0.0157748
    0.271468 -0.000550381   -0.0157748     0.438392
IMAGINARY
          0  0.00876849   0.0219266  0.00344086
-0.00876849           0   0.0167152 -0.00868569
 -0.0219266  -0.0167152           0 -0.00435487
-0.00344086  0.00868569  0.00435487           0
Repeater1[0]<--->HoM1[0]
REAL
   0.458693 -0.00567478    0.030708     0.30056
-0.00567478   0.0468557   0.0109587   0.0111768
   0.030708   0.0109587   0.0554871   0.0187638
    0.30056   0.0111768   0.0187638    0.438964
IMAGINARY
          0  -0.0127723  0.00482594 -0.00604963
  0.0127723           0  -0.0135326   0.0163349
-0.00482594   0.0135326           0  -0.0228988
 0.00604963  -0.0163349   0.0228988           0
EndNode1[0]<--->Repeater1[0]
REAL
   0.441892 -0.00459514 -0.00269029    0.291809
-0.00459514   0.0540541  0.00975765 -0.00775358
-0.00269029  0.00975765   0.0527027   0.0072061
   0.291809 -0.00775358   0.0072061    0.451351
IMAGINARY
          0 -0.00836775   0.0196141   0.0105966
 0.00836775           0  0.00995139 -0.00551153
 -0.0196141 -0.00995139           0  -0.0211194
 -0.0105966  0.00551153   0.0211194           0
EndNode2[0]<--->HoM1[0]
REAL
    0.443726   0.00500697 -0.000496883     0.285354
  0.00500697    0.0530401    -0.010101   -0.0247556
-0.000496883    -0.010101    0.0556274   -0.0428858
    0.285354   -0.0247556   -0.0428858     0.447607
IMAGINARY
          0  0.00610133  -0.0101492  0.00462543
-0.00610133           0 -0.00659652  0.00257344
  0.0101492  0.00659652           0 -0.00105082
-0.00462543 -0.00257344  0.00105082           0
Repeater1[0]<--->EndNode1[0]
REAL
   0.441892 -0.00269029 -0.00459514    0.291809
-0.00269029   0.0527027  0.00975765   0.0072061
-0.00459514  0.00975765   0.0540541 -0.00775358
   0.291809   0.0072061 -0.00775358    0.451351
IMAGINARY
          0   0.0196141 -0.00836775   0.0105966
 -0.0196141           0 -0.00995139  -0.0211194
 0.00836775  0.00995139           0 -0.00551153
 -0.0105966   0.0211194  0.00551153           0
Repeater1[0]<--->HoM1[0]
REAL
    0.443726 -0.000496883   0.00500697     0.285354
-0.000496883    0.0556274    -0.010101   -0.0428858
  0.00500697    -0.010101    0.0530401   -0.0247556
    0.285354   -0.0428858   -0.0247556     0.447607
IMAGINARY
          0  -0.0101492  0.00610133  0.00462543
  0.0101492           0  0.00659652 -0.00105082
-0.00610133 -0.00659652           0  0.00257344
-0.00462543  0.00105082 -0.00257344           0
EndNode1[0]<--->Repeater1[0]
REAL
  0.434965 -0.0241344 -0.0158494   0.287662
-0.0241344  0.0727273 0.00292063  0.0214256
-0.0158494 0.00292063  0.0531469  0.0235149
  0.287662  0.0214256  0.0235149   0.439161
IMAGINARY
          0   0.0304441  0.00104951 -0.00705645
 -0.0304441           0   0.0154435  0.00167529
-0.00104951  -0.0154435           0  0.00497825
 0.00705645 -0.00167529 -0.00497825           0
EndNode2[0]<--->HoM1[0]
REAL
   0.464156 -0.00187512   0.0198939    0.288165
-0.00187512   0.0522479   0.0102432   0.0198939
  0.0198939   0.0102432   0.0461725   0.0124852
   0.288165   0.0198939   0.0124852    0.437424
IMAGINARY
           0    0.0157553  -0.00132686    0.0149382
  -0.0157553            0   0.00221555  2.81561e-05
  0.00132686  -0.00221555            0   -0.0105605
  -0.0149382 -2.81561e-05    0.0105605            0
Repeater1[0]<--->EndNode1[0]
REAL
  0.434965 -0.0158494 -0.0241344   0.287662
-0.0158494  0.0531469 0.00292063  0.0235149
-0.0241344 0.00292063  0.0727273  0.0214256
  0.287662  0.0235149  0.0214256   0.439161
IMAGINARY
          0  0.00104951   0.0304441 -0.00705645
-0.00104951           0  -0.0154435  0.00497825
 -0.0304441   0.0154435           0  0.00167529
 0.00705645 -0.00497825 -0.00167529           0
Repeater1[0]<--->HoM1[0]
REAL
   0.464156   0.0198939 -0.00187512    0.288165
  0.0198939   0.0461725   0.0102432   0.0124852
-0.00187512   0.0102432   0.0522479   0.0198939
   0.288165   0.0124852   0.0198939    0.437424
IMAGINARY
           0  -0.00132686    0.0157553    0.0149382
  0.00132686            0  -0.00221555   -0.0105605
  -0.0157553   0.00221555            0  2.81561e-05
  -0.0149382    0.0105605 -2.81561e-05            0
EndNode1[0]<--->Repeater1[0]
REAL
   0.459948 -0.00639156  0.00799765    0.271003
-0.00639156   0.0555556  -0.0163109  0.00674765
 0.00799765  -0.0163109   0.0478036   0.0171154
   0.271003  0.00674765   0.0171154    0.436693
IMAGINARY
           0   0.00508827 -0.000416286   -0.0079133
 -0.00508827            0  0.000181343   -0.0269469
 0.000416286 -0.000181343            0     0.016056
   0.0079133    0.0269469    -0.016056            0
EndNode2[0]<--->HoM1[0]
REAL
   0.448363  -0.0121275 -0.00135726    0.277296
 -0.0121275   0.0642317  0.00343945   0.0222698
-0.00135726  0.00343945   0.0491184  0.00135435
   0.277296   0.0222698  0.00135435    0.438287
IMAGINARY
          0  0.00451491   0.0068064 -0.00114118
-0.00451491           0  0.00659078 -0.00353843
 -0.0068064 -0.00659078           0 -0.00124693
 0.00114118  0.00353843  0.00124693           0
Repeater1[0]<--->EndNode1[0]
REAL
   0.459948  0.00799765 -0.00639156    0.271003
 0.00799765   0.0478036  -0.0163109   0.0171154
-0.00639156  -0.0163109   0.0555556  0.00674765
   0.271003   0.0171154  0.00674765    0.436693
IMAGINARY
           0 -0.000416286   0.00508827   -0.0079133
 0.000416286            0 -0.000181343     0.016056
 -0.00508827  0.000181343            0   -0.0269469
   0.0079133    -0.016056    0.0269469            0
Repeater1[0]<--->HoM1[0]
REAL
   0.448363 -0.00135726  -0.0121275    0.277296
-0.00135726   0.0491184  0.00343945  0.00135435
 -0.0121275  0.00343945   0.0642317   0.0222698
   0.277296  0.00135435   0.0222698    0.438287
IMAGINARY
          0   0.0068064  0.00451491 -0.00114118
 -0.0068064           0 -0.00659078 -0.00124693
-0.00451491  0.00659078           0 -0.00353843
 0.00114118  0.00124693  0.00353843           0
EndNode1[0]<--->Repeater1[0]
REAL
    0.453972   -0.0145662 -2.73422e-05     0.298317
  -0.0145662    0.0453972    0.0103995   -0.0157112
-2.73422e-05    0.0103995    0.0807062    0.0157768
    0.298317   -0.0157112    0.0157768     0.419924
IMAGINARY
           0   -0.0161967    0.0186549   -0.0128864
   0.0161967            0  0.000455433  -0.00837213
  -0.0186549 -0.000455433            0 -0.000512849
   0.0128864   0.00837213  0.000512849            0
EndNode2[0]<--->HoM1[0]
REAL
    0.453761   -0.0221215   -0.0177748     0.296612
  -0.0221215    0.0554871 -0.000872464  -0.00102221
  -0.0177748 -0.000872464    0.0517879   -0.0154725
    0.296612  -0.00102221   -0.0154725     0.438964
IMAGINARY
           0 -0.000126278   -0.0119529   -0.0324826
 0.000126278            0   -0.0221733    0.0339655
   0.0119529    0.0221733            0   0.00704452
   0.0324826   -0.0339655  -0.00704452            0
Repeater1[0]<--->EndNode1[0]
REAL
    0.453972 -2.73422e-05   -0.0145662     0.298317
-2.73422e-05    0.0807062    0.0103995    0.0157768
  -0.0145662    0.0103995    0.0453972   -0.0157112
    0.298317    0.0157768   -0.0157112     0.419924
IMAGINARY
           0    0.0186549   -0.0161967   -0.0128864
  -0.0186549            0 -0.000455433 -0.000512849
   0.0161967  0.000455433            0  -0.00837213
   0.0128864  0.000512849   0.00837213            0
Repeater1[0]<--->HoM1[0]
REAL
    0.453761   -0.0177748   -0.0221215     0.296612
  -0.0177748    0.0517879 -0.000872464   -0.0154725
  -0.0221215 -0.000872464    0.0554871  -0.00102221
    0.296612   -0.0154725  -0.00102221     0.438964
IMAGINARY
           0   -0.0119529 -0.000126278   -0.0324826
   0.0119529            0    0.0221733   0.00704452
 0.000126278   -0.0221733            0    0.0339655
   0.0324826  -0.00704452   -0.0339655            0
EndNode1[0]<--->Repeater1[0]
REAL
   0.434293 -0.00117644  -0.0116959    0.284592
-0.00117644   0.0438048  0.00736395  0.00545453
 -0.0116959  0.00736395   0.0750939   0.0115787
   0.284592  0.00545453   0.0115787    0.446809
IMAGINARY
          0  0.00168811   0.0376927  -0.0199626
-0.00168811           0  0.00233038  -0.0129402
 -0.0376927 -0.00233038           0   0.0181139
  0.0199626   0.0129402  -0.0181139           0
EndNode2[0]<--->HoM1[0]
REAL
   0.467762  -0.0207476  0.00300401    0.287844
 -0.0207476   0.0543616  0.00426159 -0.00300401
 0.00300401  0.00426159   0.0467762  -0.0134629
   0.287844 -0.00300401  -0.0134629      0.4311
IMAGINARY
           0  -0.00314686  -0.00432873    0.0177942
  0.00314686            0   -0.0197705  0.000597383
  0.00432873    0.0197705            0    0.0068782
  -0.0177942 -0.000597383   -0.0068782            0
Repeater1[0]<--->EndNode1[0]
REAL
   0.434293  -0.0116959 -0.00117644    0.284592
 -0.0116959   0.0750939  0.00736395   0.0115787
-0.00117644  0.00736395   0.0438048  0.00545453
   0.284592   0.0115787  0.00545453    0.446809
IMAGINARY
          0   0.0376927  0.00168811  -0.0199626
 -0.0376927           0 -0.00233038   0.0181139
-0.00168811  0.00233038           0  -0.0129402
  0.0199626  -0.0181139   0.0129402           0
Repeater1[0]<--->HoM1[0]
REAL
   0.467762  0.00300401  -0.0207476    0.287844
 0.00300401   0.0467762  0.00426159  -0.0134629
 -0.0207476  0.00426159   0.0543616 -0.00300401
   0.287844  -0.0134629 -0.00300401      0.4311
IMAGINARY
           0  -0.00432873  -0.00314686    0.0177942
  0.00432873            0    0.0197705    0.0068782
  0.00314686   -0.0197705            0  0.000597383
  -0.0177942   -0.0068782 -0.000597383            0
EndNode1[0]<--->Repeater1[0]
REAL
   0.444162 -0.00525928  0.00189851    0.266895
-0.00525928   0.0596447   0.0175441  0.00575455
 0.00189851   0.0175441   0.0482234   0.0116368
   0.266895  0.00575455   0.0116368     0.44797
IMAGINARY
          0  0.00797796 -0.00256632 -0.00184024
-0.00797796           0   0.0077226 -0.00522589
 0.00256632  -0.0077226           0  -0.0196663
 0.00184024  0.00522589   0.0196663           0
EndNode2[0]<--->HoM1[0]
REAL
    0.417437    0.0046568  -0.00589713     0.284836
   0.0046568    0.0620872  0.000791634  0.000416005
 -0.00589713  0.000791634    0.0515192 -0.000393706
    0.284836  0.000416005 -0.000393706     0.468956
IMAGINARY
          0   0.0253965 -0.00341128   0.0162095
 -0.0253965           0   0.0162095  -0.0234113
 0.00341128  -0.0162095           0   0.0220588
 -0.0162095   0.0234113  -0.0220588           0
Repeater1[0]<--->EndNode1[0]
REAL
   0.444162  0.00189851 -0.00525928    0.266895
 0.00189851   0.0482234   0.0175441   0.0116368
-0.00525928   0.0175441   0.0596447  0.00575455
   0.266895   0.0116368  0.00575455     0.44797
IMAGINARY
          0 -0.00256632  0.00797796 -0.00184024
 0.00256632           0  -0.0077226  -0.0196663
-0.00797796   0.0077226           0 -0.00522589
 0.00184024   0.0196663  0.00522589           0
Repeater1[0]<--->HoM1[0]
REAL
    0.417437  -0.00589713    0.0046568     0.284836
 -0.00589713    0.0515192  0.000791634 -0.000393706
   0.0046568  0.000791634    0.0620872  0.000416005
    0.284836 -0.000393706  0.000416005     0.468956
IMAGINARY
          0 -0.00341128   0.0253965   0.0162095
 0.00341128           0  -0.0162095   0.0220588
 -0.0253965   0.0162095           0  -0.0234113
 -0.0162095  -0.0220588   0.0234113           0
EndNode1[0]<--->Repeater1[0]
REAL
  0.452785 -0.0148602 0.00518648   0.282946
-0.0148602  0.0447942 0.00819338 -0.0102498
0.00518648 0.00819338  0.0411622 0.00599946
  0.282946 -0.0102498 0.00599946   0.461259
IMAGINARY
           0   -0.0107814   -0.0109334    0.0061368
   0.0107814            0  0.000887461  -0.00763092
   0.0109334 -0.000887461            0   0.00954379
  -0.0061368   0.00763092  -0.00954379            0
EndNode2[0]<--->HoM1[0]
REAL
  0.435173 0.00378361 -0.0124979   0.284967
0.00378361   0.071887  0.0150327 -0.0131431
-0.0124979  0.0150327  0.0410783 0.00134459
  0.284967 -0.0131431 0.00134459   0.451861
IMAGINARY
           0   0.00586337  -0.00359992    0.0101565
 -0.00586337            0   -0.0095385 -0.000975246
  0.00359992    0.0095385            0   0.00655493
  -0.0101565  0.000975246  -0.00655493            0
Repeater1[0]<--->EndNode1[0]
REAL
  0.452785 0.00518648 -0.0148602   0.282946
0.00518648  0.0411622 0.00819338 0.00599946
-0.0148602 0.00819338  0.0447942 -0.0102498
  0.282946 0.00599946 -0.0102498   0.461259
IMAGINARY
           0   -0.0109334   -0.0107814    0.0061368
   0.0109334            0 -0.000887461   0.00954379
   0.0107814  0.000887461            0  -0.00763092
  -0.0061368  -0.00954379   0.00763092            0
Repeater1[0]<--->HoM1[0]
REAL
  0.435173 -0.0124979 0.00378361   0.284967
-0.0124979  0.0410783  0.0150327 0.00134459
0.00378361  0.0150327   0.071887 -0.0131431
  0.284967 0.00134459 -0.0131431   0.451861
IMAGINARY
           0  -0.00359992   0.00586337    0.0101565
  0.00359992            0    0.0095385   0.00655493
 -0.00586337   -0.0095385            0 -0.000975246
  -0.0101565  -0.00655493  0.000975246            0
EndNode1[0]<--->Repeater1[0]
REAL
    0.46789  -0.0135245 -0.00110344    0.280236
 -0.0135245   0.0484928  -0.0136574   0.0223236
-0.00110344  -0.0136574   0.0432503   0.0214821
   0.280236   0.0223236   0.0214821    0.440367
IMAGINARY
          0   0.0146935  0.00224702  0.00250349
 -0.0146935           0 -0.00704305   0.0130202
-0.00224702  0.00704305           0  -0.0299606
-0.00250349  -0.0130202   0.0299606           0
EndNode2[0]<--->HoM1[0]
REAL
    0.460277 -1.00937e-05   0.00547726     0.274887
-1.00937e-05    0.0428752 -0.000147355   -0.0198002
  0.00547726 -0.000147355    0.0668348  -0.00259407
    0.274887   -0.0198002  -0.00259407     0.430013
IMAGINARY
          0 -0.00222117  -0.0181642  0.00970422
 0.00222117           0  -0.0124515   0.0010174
  0.0181642   0.0124515           0  0.00290704
-0.00970422  -0.0010174 -0.00290704           0
Repeater1[0]<--->EndNode1[0]
REAL
    0.46789 -0.00110344  -0.0135245    0.280236
-0.00110344   0.0432503  -0.0136574   0.0214821
 -0.0135245  -0.0136574   0.0484928   0.0223236
   0.280236   0.0214821   0.0223236    0.440367
IMAGINARY
          0  0.00224702   0.0146935  0.00250349
-0.00224702           0  0.00704305  -0.0299606
 -0.0146935 -0.00704305           0   0.0130202
-0.00250349   0.0299606  -0.0130202           0
Repeater1[0]<--->HoM1[0]
REAL
    0.460277   0.00547726 -1.00937e-05     0.274887
  0.00547726    0.0668348 -0.000147355  -0.00259407
-1.00937e-05 -0.000147355    0.0428752   -0.0198002
    0.274887  -0.00259407   -0.0198002     0.430013
IMAGINARY
          0  -0.0181642 -0.00222117  0.00970422
  0.0181642           0   0.0124515  0.00290704
 0.00222117  -0.0124515           0   0.0010174
-0.00970422 -0.00290704  -0.0010174           0
EndNode1[0]<--->Repeater1[0]
REAL
  0.458809  0.0264382  0.0176874    0.27359
 0.0264382  0.0544994  0.0271478 -0.0183024
 0.0176874  0.0271478  0.0532319 -0.0147531
   0.27359 -0.0183024 -0.0147531    0.43346
IMAGINARY
          0    0.024254 -0.00900309   0.0139973
  -0.024254           0  -0.0153378  -0.0369219
 0.00900309   0.0153378           0 -0.00678958
 -0.0139973   0.0369219  0.00678958           0
EndNode2[0]<--->HoM1[0]
REAL
  0.466837 0.00597346  0.0320671   0.295769
0.00597346   0.067602 0.00820437 0.00170774
 0.0320671 0.00820437  0.0535714 -0.0039867
  0.295769 0.00170774 -0.0039867    0.41199
IMAGINARY
          0  -0.0172081  0.00394682   0.0195292
  0.0172081           0  -0.0175319  0.00512053
-0.00394682   0.0175319           0  -0.0125846
 -0.0195292 -0.00512053   0.0125846           0
Repeater1[0]<--->EndNode1[0]
REAL
  0.458809  0.0176874  0.0264382    0.27359
 0.0176874  0.0532319  0.0271478 -0.0147531
 0.0264382  0.0271478  0.0544994 -0.0183024
   0.27359 -0.0147531 -0.0183024    0.43346
IMAGINARY
          0 -0.00900309    0.024254   0.0139973
 0.00900309           0   0.0153378 -0.00678958
  -0.024254  -0.0153378           0  -0.0369219
 -0.0139973  0.00678958   0.0369219           0
Repeater1[0]<--->HoM1[0]
REAL
  0.466837  0.0320671 0.00597346   0.295769
 0.0320671  0.0535714 0.00820437 -0.0039867
0.00597346 0.00820437   0.067602 0.00170774
  0.295769 -0.0039867 0.00170774    0.41199
IMAGINARY
          0  0.00394682  -0.0172081   0.0195292
-0.00394682           0   0.0175319  -0.0125846
  0.0172081  -0.0175319           0  0.00512053
 -0.0195292   0.0125846 -0.00512053           0
EndNode1[0]<--->Repeater1[0]
REAL
    0.445443 -6.32887e-06   0.00919252     0.263908
-6.32887e-06    0.0680359    0.0187555   0.00211401
  0.00919252    0.0187555     0.042362   0.00503145
    0.263908   0.00211401   0.00503145     0.444159
IMAGINARY
           0  -0.00763612    0.0246953   -0.0193148
  0.00763612            0 -0.000182101  -0.00530471
  -0.0246953  0.000182101            0   0.00763612
   0.0193148   0.00530471  -0.00763612            0
EndNode2[0]<--->HoM1[0]
REAL
   0.441065   0.0116815 0.000540293     0.28186
  0.0116815   0.0405577 -0.00866391   0.0175009
0.000540293 -0.00866391   0.0519645    0.016669
    0.28186   0.0175009    0.016669    0.466413
IMAGINARY
          0  -0.0170052   0.0167889 -0.00204353
  0.0170052           0  -0.0109355   0.0256051
 -0.0167889   0.0109355           0  -0.0104262
 0.00204353  -0.0256051   0.0104262           0
Repeater1[0]<--->EndNode1[0]
REAL
    0.445443   0.00919252 -6.32887e-06     0.263908
  0.00919252     0.042362    0.0187555   0.00503145
-6.32887e-06    0.0187555    0.0680359   0.00211401
    0.263908   0.00503145   0.00211401     0.444159
IMAGINARY
           0    0.0246953  -0.00763612   -0.0193148
  -0.0246953            0  0.000182101   0.00763612
  0.00763612 -0.000182101            0  -0.00530471
   0.0193148  -0.00763612   0.00530471            0
Repeater1[0]<--->HoM1[0]
REAL
   0.441065 0.000540293   0.0116815     0.28186
0.000540293   0.0519645 -0.00866391    0.016669
  0.0116815 -0.00866391   0.0405577   0.0175009
    0.28186    0.016669   0.0175009    0.466413
IMAGINARY
          0   0.0167889  -0.0170052 -0.00204353
 -0.0167889           0   0.0109355  -0.0104262
  0.0170052  -0.0109355           0   0.0256051
 0.00204353   0.0104262  -0.0256051           0
EndNode1[0]<--->Repeater1[0]
REAL
   0.434568   0.0041535  0.00772888    0.293007
  0.0041535   0.0518519 -0.00296639   0.0238996
 0.00772888 -0.00296639    0.062963   0.0113243
   0.293007   0.0238996   0.0113243    0.450617
IMAGINARY
          0  -0.0270063   0.0133436   0.0012191
  0.0270063           0  0.00931374  0.00880405
 -0.0133436 -0.00931374           0 -0.00587957
 -0.0012191 -0.00880405  0.00587957           0
EndNode2[0]<--->HoM1[0]
REAL
   0.452186  -0.0130461   0.0271693    0.293494
 -0.0130461   0.0655738   0.0111634 -0.00841122
  0.0271693   0.0111634   0.0505464   0.0123992
   0.293494 -0.00841122   0.0123992    0.431694
IMAGINARY
          0 -0.00572094   -0.014009    0.021969
 0.00572094           0   -0.016102   0.0325749
   0.014009    0.016102           0  -0.0102842
  -0.021969  -0.0325749   0.0102842           0
Repeater1[0]<--->EndNode1[0]
REAL
   0.434568  0.00772888   0.0041535    0.293007
 0.00772888    0.062963 -0.00296639   0.0113243
  0.0041535 -0.00296639   0.0518519   0.0238996
   0.293007   0.0113243   0.0238996    0.450617
IMAGINARY
          0   0.0133436  -0.0270063   0.0012191
 -0.0133436           0 -0.00931374 -0.00587957
  0.0270063  0.00931374           0  0.00880405
 -0.0012191  0.00587957 -0.00880405           0
Repeater1[0]<--->HoM1[0]
REAL
   0.452186   0.0271693  -0.0130461    0.293494
  0.0271693   0.0505464   0.0111634   0.0123992
 -0.0130461   0.0111634   0.0655738 -0.00841122
   0.293494   0.0123992 -0.00841122    0.431694
IMAGINARY
          0   -0.014009 -0.00572094    0.021969
   0.014009           0    0.016102  -0.0102842
 0.00572094   -0.016102           0   0.0325749
  -0.021969   0.0102842  -0.0325749           0
EndNode1[0]<--->Repeater1[0]
REAL
   0.448718  0.00895716  0.00628763    0.272771
 0.00895716   0.0423077  0.00650248 -0.00292289
 0.00628763  0.00650248   0.0615385 -0.00828422
   0.272771 -0.00292289 -0.00828422    0.447436
IMAGINARY
          0 -4.4379e-05  -0.0203295  -0.0110029
 4.4379e-05           0  -0.0274586 -0.00556695
  0.0203295   0.0274586           0   0.0232848
  0.0110029  0.00556695  -0.0232848           0
EndNode2[0]<--->HoM1[0]
REAL
   0.461735 -0.00363361 -0.00568783    0.284355
-0.00363361   0.0459184   0.0119413  -0.0167989
-0.00568783   0.0119413   0.0522959 -0.00562565
   0.284355  -0.0167989 -0.00562565    0.440051
IMAGINARY
           0   0.00667475  5.91902e-05   0.00448143
 -0.00667475            0   0.00384123   0.00200978
-5.91902e-05  -0.00384123            0   0.00918732
 -0.00448143  -0.00200978  -0.00918732            0
Repeater1[0]<--->EndNode1[0]
REAL
   0.448718  0.00628763  0.00895716    0.272771
 0.00628763   0.0615385  0.00650248 -0.00828422
 0.00895716  0.00650248   0.0423077 -0.00292289
   0.272771 -0.00828422 -0.00292289    0.447436
IMAGINARY
          0  -0.0203295 -4.4379e-05  -0.0110029
  0.0203295           0   0.0274586   0.0232848
 4.4379e-05  -0.0274586           0 -0.00556695
  0.0110029  -0.0232848  0.00556695           0
Repeater1[0]<--->HoM1[0]
REAL
   0.461735 -0.00568783 -0.00363361    0.284355
-0.00568783   0.0522959   0.0119413 -0.00562565
-0.00363361   0.0119413   0.0459184  -0.0167989
   0.284355 -0.00562565  -0.0167989    0.440051
IMAGINARY
           0  5.91902e-05   0.00667475   0.00448143
-5.91902e-05            0  -0.00384123   0.00918732
 -0.00667475   0.00384123            0   0.00200978
 -0.00448143  -0.00918732  -0.00200978            0
EndNode1[0]<--->Repeater1[0]
REAL
    0.428035    0.0203352  -0.00831583     0.270869
   0.0203352    0.0425532   -0.0110854 -0.000456098
 -0.00831583   -0.0110854    0.0625782   -0.0129128
    0.270869 -0.000456098   -0.0129128     0.466834
IMAGINARY
