EndNode1[0]<--->Repeater1[0]
REAL
     0.43075  -0.00151659 -0.000318471     0.312447
 -0.00151659     0.043202   0.00916795  0.000318471
-0.000318471   0.00916795    0.0381194   0.00281867
    0.312447  0.000318471   0.00281867     0.487929
IMAGINARY
          0  -0.0126616   0.0169216  0.00755787
  0.0126616           0  -0.0142898   -0.013769
 -0.0169216   0.0142898           0 -0.00814547
-0.00755787    0.013769  0.00814547           0
EndNode2[0]<--->HoM1[0]
REAL
   0.444591   0.0103954  0.00654586    0.329589
  0.0103954   0.0633245 -0.00164559 -0.00201804
 0.00654586 -0.00164559   0.0514512  -0.0252725
   0.329589 -0.00201804  -0.0252725    0.440633
IMAGINARY
          0 -0.00767845  -0.0128405  -0.0115362
 0.00767845           0   0.0153725   0.0115811
  0.0128405  -0.0153725           0   0.0164946
  0.0115362  -0.0115811  -0.0164946           0
Repeater1[0]<--->EndNode1[0]
REAL
     0.43075 -0.000318471  -0.00151659     0.312447
-0.000318471    0.0381194   0.00916795   0.00281867
 -0.00151659   0.00916795     0.043202  0.000318471
    0.312447   0.00281867  0.000318471     0.487929
IMAGINARY
          0   0.0169216  -0.0126616  0.00755787
 -0.0169216           0   0.0142898 -0.00814547
  0.0126616  -0.0142898           0   -0.013769
-0.00755787  0.00814547    0.013769           0
Repeater1[0]<--->HoM1[0]
REAL
   0.444591  0.00654586   0.0103954    0.329589
 0.00654586   0.0514512 -0.00164559  -0.0252725
  0.0103954 -0.00164559   0.0633245 -0.00201804
   0.329589  -0.0252725 -0.00201804    0.440633
IMAGINARY
          0  -0.0128405 -0.00767845  -0.0115362
  0.0128405           0  -0.0153725   0.0164946
 0.00767845   0.0153725           0   0.0115811
  0.0115362  -0.0164946  -0.0115811           0
EndNode1[0]<--->Repeater1[0]
REAL
 0.470665 0.0019363 0.0147705  0.322976
0.0019363 0.0443286 0.0121299 0.0184742
0.0147705 0.0121299 0.0391134 0.0153509
 0.322976 0.0184742 0.0153509  0.445893
IMAGINARY
          0  0.00577731  -0.0277286  -0.0164098
-0.00577731           0   0.0112947 -0.00269473
  0.0277286  -0.0112947           0   0.0180322
  0.0164098  0.00269473  -0.0180322           0
EndNode2[0]<--->HoM1[0]
REAL
   0.467532   -0.010244  -0.0141471    0.343414
  -0.010244   0.0441558  0.00795489 -0.00736532
 -0.0141471  0.00795489   0.0350649   -0.013876
   0.343414 -0.00736532   -0.013876    0.453247
IMAGINARY
           0   0.00985489  -0.00608395   0.00675872
 -0.00985489            0  -0.00613137   0.00991048
  0.00608395   0.00613137            0  0.000349189
 -0.00675872  -0.00991048 -0.000349189            0
Repeater1[0]<--->EndNode1[0]
REAL
 0.470665 0.0147705 0.0019363  0.322976
0.0147705 0.0391134 0.0121299 0.0153509
0.0019363 0.0121299 0.0443286 0.0184742
 0.322976 0.0153509 0.0184742  0.445893
IMAGINARY
          0  -0.0277286  0.00577731  -0.0164098
  0.0277286           0  -0.0112947   0.0180322
-0.00577731   0.0112947           0 -0.00269473
  0.0164098  -0.0180322  0.00269473           0
Repeater1[0]<--->HoM1[0]
REAL
   0.467532  -0.0141471   -0.010244    0.343414
 -0.0141471   0.0350649  0.00795489   -0.013876
  -0.010244  0.00795489   0.0441558 -0.00736532
   0.343414   -0.013876 -0.00736532    0.453247
IMAGINARY
           0  -0.00608395   0.00985489   0.00675872
  0.00608395            0   0.00613137  0.000349189
 -0.00985489  -0.00613137            0   0.00991048
 -0.00675872 -0.000349189  -0.00991048            0
EndNode1[0]<--->Repeater1[0]
REAL
   0.468825 -0.00796959 -0.00936139    0.327118
-0.00796959   0.0395683 -0.00241216  0.00583198
-0.00936139 -0.00241216   0.0419664 -0.00144217
   0.327118  0.00583198 -0.00144217     0.44964
IMAGINARY
           0   0.00877856  -0.00245939 -0.000240015
 -0.00877856            0   0.00916859   -0.0102923
  0.00245939  -0.00916859            0    0.0106845
 0.000240015    0.0102923   -0.0106845            0
EndNode2[0]<--->HoM1[0]
REAL
   0.442133 -0.00326754  -0.0181258    0.336201
-0.00326754   0.0416125    0.009123   0.0193249
 -0.0181258    0.009123   0.0442133  -0.0111209
   0.336201   0.0193249  -0.0111209    0.472042
IMAGINARY
           0   -0.0181116    0.0138959  -0.00451648
   0.0181116            0  -0.00719745    0.0249781
  -0.0138959   0.00719745            0 -0.000655198
  0.00451648   -0.0249781  0.000655198            0
Repeater1[0]<--->EndNode1[0]
REAL
   0.468825 -0.00936139 -0.00796959    0.327118
-0.00936139   0.0419664 -0.00241216 -0.00144217
-0.00796959 -0.00241216   0.0395683  0.00583198
   0.327118 -0.00144217  0.00583198     0.44964
IMAGINARY
           0  -0.00245939   0.00877856 -0.000240015
  0.00245939            0  -0.00916859    0.0106845
 -0.00877856   0.00916859            0   -0.0102923
 0.000240015   -0.0106845    0.0102923            0
Repeater1[0]<--->HoM1[0]
REAL
   0.442133  -0.0181258 -0.00326754    0.336201
 -0.0181258   0.0442133    0.009123  -0.0111209
-0.00326754    0.009123   0.0416125   0.0193249
   0.336201  -0.0111209   0.0193249    0.472042
IMAGINARY
           0    0.0138959   -0.0181116  -0.00451648
  -0.0138959            0   0.00719745 -0.000655198
   0.0181116  -0.00719745            0    0.0249781
  0.00451648  0.000655198   -0.0249781            0
EndNode1[0]<--->Repeater1[0]
REAL
  0.468541 -0.0129702 -0.0138818   0.330042
-0.0129702  0.0374833  0.0169103  -0.010113
-0.0138818  0.0169103  0.0481928 -0.0188067
  0.330042  -0.010113 -0.0188067   0.445783
IMAGINARY
          0  0.00417953 -0.00853175 -0.00588837
-0.00417953           0 -0.00776572   0.0148449
 0.00853175  0.00776572           0  -0.0130179
 0.00588837  -0.0148449   0.0130179           0
EndNode2[0]<--->HoM1[0]
REAL
   0.436457   0.0127126   0.0136474     0.33335
  0.0127126   0.0526316 -0.00924218 -0.00688237
  0.0136474 -0.00924218   0.0513479 -0.00225748
    0.33335 -0.00688237 -0.00225748    0.459564
IMAGINARY
          0  0.00230912  0.00619239   0.0095323
-0.00230912           0  0.00191808  -0.0313247
-0.00619239 -0.00191808           0   0.0109184
 -0.0095323   0.0313247  -0.0109184           0
Repeater1[0]<--->EndNode1[0]
REAL
  0.468541 -0.0138818 -0.0129702   0.330042
-0.0138818  0.0481928  0.0169103 -0.0188067
-0.0129702  0.0169103  0.0374833  -0.010113
  0.330042 -0.0188067  -0.010113   0.445783
IMAGINARY
          0 -0.00853175  0.00417953 -0.00588837
 0.00853175           0  0.00776572  -0.0130179
-0.00417953 -0.00776572           0   0.0148449
 0.00588837   0.0130179  -0.0148449           0
Repeater1[0]<--->HoM1[0]
REAL
   0.436457   0.0136474   0.0127126     0.33335
  0.0136474   0.0513479 -0.00924218 -0.00225748
  0.0127126 -0.00924218   0.0526316 -0.00688237
    0.33335 -0.00225748 -0.00688237    0.459564
IMAGINARY
          0  0.00619239  0.00230912   0.0095323
-0.00619239           0 -0.00191808   0.0109184
-0.00230912  0.00191808           0  -0.0313247
 -0.0095323  -0.0109184   0.0313247           0
EndNode1[0]<--->Repeater1[0]
REAL
   0.467172   0.0275085  0.00467482    0.326588
  0.0275085   0.0252525   -0.015878   0.0196091
 0.00467482   -0.015878   0.0517677 -0.00820584
   0.326588   0.0196091 -0.00820584    0.455808
IMAGINARY
         0  0.0168259 -0.0153533 -0.0041414
-0.0168259          0 -0.0227128  0.0139834
 0.0153533  0.0227128          0  0.0023522
 0.0041414 -0.0139834 -0.0023522          0
EndNode2[0]<--->HoM1[0]
REAL
  0.46375 0.0252331 0.0220873  0.344062
0.0252331    0.0375 0.0221795 0.0116706
0.0220873 0.0221795   0.05125 0.0123465
 0.344062 0.0116706 0.0123465    0.4475
IMAGINARY
          0  0.00929542  -0.0160723  0.00121303
-0.00929542           0  0.00886254  0.00462194
  0.0160723 -0.00886254           0   0.0123331
-0.00121303 -0.00462194  -0.0123331           0
Repeater1[0]<--->EndNode1[0]
REAL
   0.467172  0.00467482   0.0275085    0.326588
 0.00467482   0.0517677   -0.015878 -0.00820584
  0.0275085   -0.015878   0.0252525   0.0196091
   0.326588 -0.00820584   0.0196091    0.455808
IMAGINARY
         0 -0.0153533  0.0168259 -0.0041414
 0.0153533          0  0.0227128  0.0023522
-0.0168259 -0.0227128          0  0.0139834
 0.0041414 -0.0023522 -0.0139834          0
Repeater1[0]<--->HoM1[0]
REAL
  0.46375 0.0220873 0.0252331  0.344062
0.0220873   0.05125 0.0221795 0.0123465
0.0252331 0.0221795    0.0375 0.0116706
 0.344062 0.0123465 0.0116706    0.4475
IMAGINARY
          0  -0.0160723  0.00929542  0.00121303
  0.0160723           0 -0.00886254   0.0123331
-0.00929542  0.00886254           0  0.00462194
-0.00121303  -0.0123331 -0.00462194           0
EndNode1[0]<--->Repeater1[0]
REAL
   0.445443 -0.00897186 -0.00887033    0.332673
-0.00897186   0.0436457 0.000873236  -0.0160977
-0.00887033 0.000873236   0.0513479  -0.0159961
   0.332673  -0.0160977  -0.0159961    0.459564
IMAGINARY
           0   -0.0055505    0.0112782    0.0168087
   0.0055505            0 -0.000162582    0.0248585
  -0.0112782  0.000162582            0   -0.0095612
  -0.0168087   -0.0248585    0.0095612            0
EndNode2[0]<--->HoM1[0]
REAL
   0.472938 -0.00805582  0.00880457    0.312605
-0.00805582   0.0438144  0.00615315 -0.00183372
 0.00880457  0.00615315   0.0412371   0.0112244
   0.312605 -0.00183372   0.0112244     0.44201
IMAGINARY
          0 -0.00769572  0.00968159  0.00541898
 0.00769572           0  -0.0199821  0.00644744
-0.00968159   0.0199821           0 -0.00574514
-0.00541898 -0.00644744  0.00574514           0
Repeater1[0]<--->EndNode1[0]
REAL
   0.445443 -0.00887033 -0.00897186    0.332673
-0.00887033   0.0513479 0.000873236  -0.0159961
-0.00897186 0.000873236   0.0436457  -0.0160977
   0.332673  -0.0159961  -0.0160977    0.459564
IMAGINARY
           0    0.0112782   -0.0055505    0.0168087
  -0.0112782            0  0.000162582   -0.0095612
   0.0055505 -0.000162582            0    0.0248585
  -0.0168087    0.0095612   -0.0248585            0
Repeater1[0]<--->HoM1[0]
REAL
   0.472938  0.00880457 -0.00805582    0.312605
 0.00880457   0.0412371  0.00615315   0.0112244
-0.00805582  0.00615315   0.0438144 -0.00183372
   0.312605   0.0112244 -0.00183372     0.44201
IMAGINARY
          0  0.00968159 -0.00769572  0.00541898
-0.00968159           0   0.0199821 -0.00574514
 0.00769572  -0.0199821           0  0.00644744
-0.00541898  0.00574514 -0.00644744           0
EndNode1[0]<--->Repeater1[0]
REAL
   0.468549  -0.0026227 -0.00667501    0.323541
 -0.0026227   0.0397946   0.0188232   0.0152957
-0.00667501   0.0188232   0.0462131  -0.0109241
   0.323541   0.0152957  -0.0109241    0.445443
IMAGINARY
          0  0.00738384 -0.00865306  0.00414153
-0.00738384           0   -0.017655  -0.0116615
 0.00865306    0.017655           0 -0.00934976
-0.00414153   0.0116615  0.00934976           0
EndNode2[0]<--->HoM1[0]
REAL
   0.459667   0.0160158 -0.00275034    0.326631
  0.0160158   0.0448143  -0.0090375   0.0215084
-0.00275034  -0.0090375   0.0460948  0.00403596
   0.326631   0.0215084  0.00403596    0.449424
IMAGINARY
           0 -0.000677423   0.00595354   0.00557167
 0.000677423            0  -0.00496117    0.0176133
 -0.00595354   0.00496117            0   0.00386214
 -0.00557167   -0.0176133  -0.00386214            0
Repeater1[0]<--->EndNode1[0]
REAL
   0.468549 -0.00667501  -0.0026227    0.323541
-0.00667501   0.0462131   0.0188232  -0.0109241
 -0.0026227   0.0188232   0.0397946   0.0152957
   0.323541  -0.0109241   0.0152957    0.445443
IMAGINARY
          0 -0.00865306  0.00738384  0.00414153
 0.00865306           0    0.017655 -0.00934976
-0.00738384   -0.017655           0  -0.0116615
-0.00414153  0.00934976   0.0116615           0
Repeater1[0]<--->HoM1[0]
REAL
   0.459667 -0.00275034   0.0160158    0.326631
-0.00275034   0.0460948  -0.0090375  0.00403596
  0.0160158  -0.0090375   0.0448143   0.0215084
   0.326631  0.00403596   0.0215084    0.449424
IMAGINARY
           0   0.00595354 -0.000677423   0.00557167
 -0.00595354            0   0.00496117   0.00386214
 0.000677423  -0.00496117            0    0.0176133
 -0.00557167  -0.00386214   -0.0176133            0
EndNode1[0]<--->Repeater1[0]
REAL
  0.416452 0.00789335  0.0197904   0.339957
0.00789335  0.0411311 0.00707249  0.0124473
 0.0197904 0.00707249  0.0449871  0.0104379
  0.339957  0.0124473  0.0104379   0.497429
IMAGINARY
          0  -0.0169112  -0.0056468 -0.00243952
  0.0169112           0   0.0131045    0.013733
  0.0056468  -0.0131045           0  0.00343408
 0.00243952   -0.013733 -0.00343408           0
EndNode2[0]<--->HoM1[0]
REAL
    0.459222    0.0194605   0.00500054     0.352231
   0.0194605    0.0514429   0.00260732    0.0138167
  0.00500054   0.00260732    0.0451694 -0.000643279
    0.352231    0.0138167 -0.000643279     0.444166
IMAGINARY
           0 -0.000174379   0.00172427  -0.00970251
 0.000174379            0   0.00330865    0.0120602
 -0.00172427  -0.00330865            0  -0.00358502
  0.00970251   -0.0120602   0.00358502            0
Repeater1[0]<--->EndNode1[0]
REAL
  0.416452  0.0197904 0.00789335   0.339957
 0.0197904  0.0449871 0.00707249  0.0104379
0.00789335 0.00707249  0.0411311  0.0124473
  0.339957  0.0104379  0.0124473   0.497429
IMAGINARY
          0  -0.0056468  -0.0169112 -0.00243952
  0.0056468           0  -0.0131045  0.00343408
  0.0169112   0.0131045           0    0.013733
 0.00243952 -0.00343408   -0.013733           0
Repeater1[0]<--->HoM1[0]
REAL
    0.459222   0.00500054    0.0194605     0.352231
  0.00500054    0.0451694   0.00260732 -0.000643279
   0.0194605   0.00260732    0.0514429    0.0138167
    0.352231 -0.000643279    0.0138167     0.444166
IMAGINARY
           0   0.00172427 -0.000174379  -0.00970251
 -0.00172427            0  -0.00330865  -0.00358502
 0.000174379   0.00330865            0    0.0120602
  0.00970251   0.00358502   -0.0120602            0
EndNode1[0]<--->Repeater1[0]
REAL
    0.466146   0.00812434 -0.000314228     0.322248
  0.00812434    0.0416667    0.0182747  0.000967823
-0.000314228    0.0182747    0.0338542  0.000372397
    0.322248  0.000967823  0.000372397     0.458333
IMAGINARY
          0  -0.0037162  -0.0125387  0.00909116
  0.0037162           0   0.0203977  0.00128041
  0.0125387  -0.0203977           0  0.00437845
-0.00909116 -0.00128041 -0.00437845           0
EndNode2[0]<--->HoM1[0]
REAL
    0.43883  -0.0103058   0.0090008    0.325399
 -0.0103058   0.0492021  -0.0038377  -0.0182945
  0.0090008  -0.0038377    0.043883 -0.00394449
   0.325399  -0.0182945 -0.00394449    0.468085
IMAGINARY
          0   0.0182783  0.00388341 -0.00168234
 -0.0182783           0  -0.0143228  -0.0316971
-0.00388341   0.0143228           0 -0.00857588
 0.00168234   0.0316971  0.00857588           0
Repeater1[0]<--->EndNode1[0]
REAL
    0.466146 -0.000314228   0.00812434     0.322248
-0.000314228    0.0338542    0.0182747  0.000372397
  0.00812434    0.0182747    0.0416667  0.000967823
    0.322248  0.000372397  0.000967823     0.458333
IMAGINARY
          0  -0.0125387  -0.0037162  0.00909116
  0.0125387           0  -0.0203977  0.00437845
  0.0037162   0.0203977           0  0.00128041
-0.00909116 -0.00437845 -0.00128041           0
Repeater1[0]<--->HoM1[0]
REAL
    0.43883   0.0090008  -0.0103058    0.325399
  0.0090008    0.043883  -0.0038377 -0.00394449
 -0.0103058  -0.0038377   0.0492021  -0.0182945
   0.325399 -0.00394449  -0.0182945    0.468085
IMAGINARY
          0  0.00388341   0.0182783 -0.00168234
-0.00388341           0   0.0143228 -0.00857588
 -0.0182783  -0.0143228           0  -0.0316971
 0.00168234  0.00857588   0.0316971           0
EndNode1[0]<--->Repeater1[0]
REAL
   0.451053 -0.00181173  0.00826778    0.326234
-0.00181173   0.0532838  0.00730365 -0.00765579
 0.00826778  0.00730365   0.0582404 -0.00247223
   0.326234 -0.00765579 -0.00247223    0.437423
IMAGINARY
          0 -0.00476719  0.00231777  -0.0143494
 0.00476719           0  -0.0123886  0.00934204
-0.00231777   0.0123886           0 -0.00414914
  0.0143494 -0.00934204  0.00414914           0
EndNode2[0]<--->HoM1[0]
REAL
   0.47954 -0.0113852  0.0178107   0.324464
-0.0113852  0.0409207 -0.0107996 -0.0159473
 0.0178107 -0.0107996  0.0396419  0.0132486
  0.324464 -0.0159473  0.0132486   0.439898
IMAGINARY
           0   0.00409631    0.0235629    0.0051994
 -0.00409631            0    0.0217388   0.00153358
  -0.0235629   -0.0217388            0 -0.000878811
  -0.0051994  -0.00153358  0.000878811            0
Repeater1[0]<--->EndNode1[0]
REAL
   0.451053  0.00826778 -0.00181173    0.326234
 0.00826778   0.0582404  0.00730365 -0.00247223
-0.00181173  0.00730365   0.0532838 -0.00765579
   0.326234 -0.00247223 -0.00765579    0.437423
IMAGINARY
          0  0.00231777 -0.00476719  -0.0143494
-0.00231777           0   0.0123886 -0.00414914
 0.00476719  -0.0123886           0  0.00934204
  0.0143494  0.00414914 -0.00934204           0
Repeater1[0]<--->HoM1[0]
REAL
   0.47954  0.0178107 -0.0113852   0.324464
 0.0178107  0.0396419 -0.0107996  0.0132486
-0.0113852 -0.0107996  0.0409207 -0.0159473
  0.324464  0.0132486 -0.0159473   0.439898
IMAGINARY
           0    0.0235629   0.00409631    0.0051994
  -0.0235629            0   -0.0217388 -0.000878811
 -0.00409631    0.0217388            0   0.00153358
  -0.0051994  0.000878811  -0.00153358            0
EndNode1[0]<--->Repeater1[0]
REAL
    0.449275  -0.00486303  -0.00458318     0.332024
 -0.00486303    0.0483092   -0.0271129 -0.000191715
 -0.00458318   -0.0271129    0.0326087    0.0041809
    0.332024 -0.000191715    0.0041809     0.469807
IMAGINARY
          0  0.00710611 -0.00524971 -0.00399562
-0.00710611           0 -0.00955118  -0.0226691
 0.00524971  0.00955118           0   0.0271579
 0.00399562   0.0226691  -0.0271579           0
EndNode2[0]<--->HoM1[0]
REAL
   0.483617 -0.00561749  0.00260546    0.337615
-0.00561749   0.0406291  0.00449052 -0.00135233
 0.00260546  0.00449052   0.0484928 -0.00315444
   0.337615 -0.00135233 -0.00315444    0.427261
IMAGINARY
          0  -0.0103871   0.0119337  -0.0063213
  0.0103871           0  0.00838458   0.0137878
 -0.0119337 -0.00838458           0 -0.00404197
  0.0063213  -0.0137878  0.00404197           0
Repeater1[0]<--->EndNode1[0]
REAL
    0.449275  -0.00458318  -0.00486303     0.332024
 -0.00458318    0.0326087   -0.0271129    0.0041809
 -0.00486303   -0.0271129    0.0483092 -0.000191715
    0.332024    0.0041809 -0.000191715     0.469807
IMAGINARY
          0 -0.00524971  0.00710611 -0.00399562
 0.00524971           0  0.00955118   0.0271579
-0.00710611 -0.00955118           0  -0.0226691
 0.00399562  -0.0271579   0.0226691           0
Repeater1[0]<--->HoM1[0]
REAL
   0.483617  0.00260546 -0.00561749    0.337615
 0.00260546   0.0484928  0.00449052 -0.00315444
-0.00561749  0.00449052   0.0406291 -0.00135233
   0.337615 -0.00315444 -0.00135233    0.427261
IMAGINARY
          0   0.0119337  -0.0103871  -0.0063213
 -0.0119337           0 -0.00838458 -0.00404197
  0.0103871  0.00838458           0   0.0137878
  0.0063213  0.00404197  -0.0137878           0
EndNode1[0]<--->Repeater1[0]
REAL
   0.466667  -0.0145646  -0.0073136    0.350637
 -0.0145646   0.0377358 -0.00333962   0.0100163
 -0.0073136 -0.00333962   0.0415094   0.0132132
   0.350637   0.0100163   0.0132132    0.454088
IMAGINARY
          0  0.00445896  -0.0105986 -0.00989266
-0.00445896           0 -0.00726108  0.00212404
  0.0105986  0.00726108           0   0.0170534
 0.00989266 -0.00212404  -0.0170534           0
EndNode2[0]<--->HoM1[0]
REAL
   0.445033  -0.0206008  -0.0200248    0.316528
 -0.0206008   0.0490066   0.0103172  -0.0142034
 -0.0200248   0.0103172   0.0529801 -0.00154689
   0.316528  -0.0142034 -0.00154689     0.45298
IMAGINARY
           0   0.00583851  -0.00981302  -0.00346784
 -0.00583851            0   0.00346784  0.000496254
  0.00981302  -0.00346784            0    0.0258385
  0.00346784 -0.000496254   -0.0258385            0
Repeater1[0]<--->EndNode1[0]
REAL
   0.466667  -0.0073136  -0.0145646    0.350637
 -0.0073136   0.0415094 -0.00333962   0.0132132
 -0.0145646 -0.00333962   0.0377358   0.0100163
   0.350637   0.0132132   0.0100163    0.454088
IMAGINARY
          0  -0.0105986  0.00445896 -0.00989266
  0.0105986           0  0.00726108   0.0170534
-0.00445896 -0.00726108           0  0.00212404
 0.00989266  -0.0170534 -0.00212404           0
Repeater1[0]<--->HoM1[0]
REAL
   0.445033  -0.0200248  -0.0206008    0.316528
 -0.0200248   0.0529801   0.0103172 -0.00154689
 -0.0206008   0.0103172   0.0490066  -0.0142034
   0.316528 -0.00154689  -0.0142034     0.45298
IMAGINARY
           0  -0.00981302   0.00583851  -0.00346784
  0.00981302            0  -0.00346784    0.0258385
 -0.00583851   0.00346784            0  0.000496254
  0.00346784   -0.0258385 -0.000496254            0
EndNode1[0]<--->Repeater1[0]
REAL
  0.445682 0.00573451 -0.0233161   0.343935
0.00573451  0.0417827 0.00885667  0.0233161
-0.0233161 0.00885667  0.0571031 0.00949391
  0.343935  0.0233161 0.00949391   0.455432
IMAGINARY
          0 -0.00243175   0.0260485 -0.00349556
 0.00243175           0  -0.0206008  -0.0234307
 -0.0260485   0.0206008           0  0.00504955
 0.00349556   0.0234307 -0.00504955           0
EndNode2[0]<--->HoM1[0]
REAL
   0.435825  0.00974083  0.00253158    0.323099
 0.00974083   0.0521862   0.0131505 -0.00628158
 0.00253158   0.0131505   0.0521862 0.000259166
   0.323099 -0.00628158 0.000259166    0.459803
IMAGINARY
          0  0.00898502   0.0136975  0.00224967
-0.00898502           0  0.00819419 -0.00859548
 -0.0136975 -0.00819419           0  -0.0128115
-0.00224967  0.00859548   0.0128115           0
Repeater1[0]<--->EndNode1[0]
REAL
  0.445682 -0.0233161 0.00573451   0.343935
-0.0233161  0.0571031 0.00885667 0.00949391
0.00573451 0.00885667  0.0417827  0.0233161
  0.343935 0.00949391  0.0233161   0.455432
IMAGINARY
          0   0.0260485 -0.00243175 -0.00349556
 -0.0260485           0   0.0206008  0.00504955
 0.00243175  -0.0206008           0  -0.0234307
 0.00349556 -0.00504955   0.0234307           0
Repeater1[0]<--->HoM1[0]
REAL
   0.435825  0.00253158  0.00974083    0.323099
 0.00253158   0.0521862   0.0131505 0.000259166
 0.00974083   0.0131505   0.0521862 -0.00628158
   0.323099 0.000259166 -0.00628158    0.459803
IMAGINARY
          0   0.0136975  0.00898502  0.00224967
 -0.0136975           0 -0.00819419  -0.0128115
-0.00898502  0.00819419           0 -0.00859548
-0.00224967   0.0128115  0.00859548           0
EndNode1[0]<--->Repeater1[0]
REAL
    0.454054 -0.000654091   -0.0106847     0.328583
-0.000654091    0.0297297  -0.00194952  -0.00815948
  -0.0106847  -0.00194952         0.05   -0.0207027
    0.328583  -0.00815948   -0.0207027     0.466216
IMAGINARY
          0   0.0163102 -0.00463699  -0.0010887
 -0.0163102           0  0.00753199 -0.00656749
 0.00463699 -0.00753199           0    0.021505
  0.0010887  0.00656749   -0.021505           0
EndNode2[0]<--->HoM1[0]
REAL
   0.456522   0.0230103 0.000662252    0.341711
  0.0230103   0.0434783  0.00199785   0.0145695
0.000662252  0.00199785   0.0421995  0.00546648
   0.341711   0.0145695  0.00546648    0.457801
IMAGINARY
          0   0.0157522  -0.0145493  0.00422715
 -0.0157522           0  -0.0311654 -0.00100093
  0.0145493   0.0311654           0  0.00458271
-0.00422715  0.00100093 -0.00458271           0
Repeater1[0]<--->EndNode1[0]
REAL
    0.454054   -0.0106847 -0.000654091     0.328583
  -0.0106847         0.05  -0.00194952   -0.0207027
-0.000654091  -0.00194952    0.0297297  -0.00815948
    0.328583   -0.0207027  -0.00815948     0.466216
IMAGINARY
          0 -0.00463699   0.0163102  -0.0010887
 0.00463699           0 -0.00753199    0.021505
 -0.0163102  0.00753199           0 -0.00656749
  0.0010887   -0.021505  0.00656749           0
Repeater1[0]<--->HoM1[0]
REAL
   0.456522 0.000662252   0.0230103    0.341711
0.000662252   0.0421995  0.00199785  0.00546648
  0.0230103  0.00199785   0.0434783   0.0145695
   0.341711  0.00546648   0.0145695    0.457801
IMAGINARY
          0  -0.0145493   0.0157522  0.00422715
  0.0145493           0   0.0311654  0.00458271
 -0.0157522  -0.0311654           0 -0.00100093
-0.00422715 -0.00458271  0.00100093           0
EndNode1[0]<--->Repeater1[0]
REAL
   0.436293  -0.0032379 -0.00609644    0.329991
 -0.0032379    0.046332 -0.00805539  -0.0229358
-0.00609644 -0.00805539   0.0540541 -0.00256855
   0.329991  -0.0229358 -0.00256855     0.46332
IMAGINARY
          0  -0.0119433   0.0236262  -0.0110341
  0.0119433           0  -0.0130103  -0.0146288
 -0.0236262   0.0130103           0 -0.00476624
  0.0110341   0.0146288  0.00476624           0
EndNode2[0]<--->HoM1[0]
REAL
   0.468354  0.00453668 -0.00243866    0.317381
 0.00453668   0.0506329  0.00455413   0.0017935
-0.00243866  0.00455413   0.0405063  0.00772139
   0.317381   0.0017935  0.00772139    0.440506
IMAGINARY
          0 -0.00294716  -0.0148226  -0.0106811
 0.00294716           0 -0.00411942  0.00173364
  0.0148226  0.00411942           0 -0.00621514
  0.0106811 -0.00173364  0.00621514           0
Repeater1[0]<--->EndNode1[0]
REAL
   0.436293 -0.00609644  -0.0032379    0.329991
-0.00609644   0.0540541 -0.00805539 -0.00256855
 -0.0032379 -0.00805539    0.046332  -0.0229358
   0.329991 -0.00256855  -0.0229358     0.46332
IMAGINARY
          0   0.0236262  -0.0119433  -0.0110341
 -0.0236262           0   0.0130103 -0.00476624
  0.0119433  -0.0130103           0  -0.0146288
  0.0110341  0.00476624   0.0146288           0
Repeater1[0]<--->HoM1[0]
REAL
   0.468354 -0.00243866  0.00453668    0.317381
-0.00243866   0.0405063  0.00455413  0.00772139
 0.00453668  0.00455413   0.0506329   0.0017935
   0.317381  0.00772139   0.0017935    0.440506
IMAGINARY
          0  -0.0148226 -0.00294716  -0.0106811
  0.0148226           0  0.00411942 -0.00621514
 0.00294716 -0.00411942           0  0.00173364
  0.0106811  0.00621514 -0.00173364           0
EndNode1[0]<--->Repeater1[0]
REAL
   0.460377    0.017274  -0.0101932    0.320174
   0.017274   0.0327044 -0.00971656     0.01869
 -0.0101932 -0.00971656   0.0591195  -0.0126988
   0.320174     0.01869  -0.0126988    0.447799
IMAGINARY
          0 -0.00111196  0.00409832  0.00615958
 0.00111196           0  0.00934429  0.00987495
-0.00409832 -0.00934429           0  -0.0128613
-0.00615958 -0.00987495   0.0128613           0
EndNode2[0]<--->HoM1[0]
REAL
   0.436796   0.0181133 -0.00783183    0.329501
  0.0181133   0.0475594 -0.00892096  0.00123553
-0.00783183 -0.00892096   0.0600751  -0.0220711
   0.329501  0.00123553  -0.0220711    0.455569
IMAGINARY
          0   0.0240236  0.00793365  0.00303638
 -0.0240236           0  0.00494235    0.004789
-0.00793365 -0.00494235           0  -0.0151178
-0.00303638   -0.004789   0.0151178           0
Repeater1[0]<--->EndNode1[0]
REAL
   0.460377  -0.0101932    0.017274    0.320174
 -0.0101932   0.0591195 -0.00971656  -0.0126988
   0.017274 -0.00971656   0.0327044     0.01869
   0.320174  -0.0126988     0.01869    0.447799
IMAGINARY
          0  0.00409832 -0.00111196  0.00615958
-0.00409832           0 -0.00934429  -0.0128613
 0.00111196  0.00934429           0  0.00987495
-0.00615958   0.0128613 -0.00987495           0
Repeater1[0]<--->HoM1[0]
REAL
   0.436796 -0.00783183   0.0181133    0.329501
-0.00783183   0.0600751 -0.00892096  -0.0220711
  0.0181133 -0.00892096   0.0475594  0.00123553
   0.329501  -0.0220711  0.00123553    0.455569
IMAGINARY
          0  0.00793365   0.0240236  0.00303638
-0.00793365           0 -0.00494235  -0.0151178
 -0.0240236  0.00494235           0    0.004789
-0.00303638   0.0151178   -0.004789           0
EndNode1[0]<--->Repeater1[0]
REAL
   0.450809 0.000567385  -0.0112092    0.333243
0.000567385   0.0485679 -0.00792627    0.012475
 -0.0112092 -0.00792627   0.0435866   0.0133567
   0.333243    0.012475   0.0133567    0.457036
IMAGINARY
          0  0.00958359  -0.0142948  0.00115525
-0.00958359           0   0.0219623  -0.0142948
  0.0142948  -0.0219623           0  0.00757016
-0.00115525   0.0142948 -0.00757016           0
EndNode2[0]<--->HoM1[0]
REAL
    0.457364  -0.00206363  -0.00915227     0.309903
 -0.00206363    0.0348837 -0.000441796  -0.00595942
 -0.00915227 -0.000441796    0.0529716  -0.00910588
    0.309903  -0.00595942  -0.00910588      0.45478
IMAGINARY
          0  0.00409334  -0.0128015 -0.00745412
-0.00409334           0  0.00947296    0.015454
  0.0128015 -0.00947296           0 -0.00807211
 0.00745412   -0.015454  0.00807211           0
Repeater1[0]<--->EndNode1[0]
REAL
   0.450809  -0.0112092 0.000567385    0.333243
 -0.0112092   0.0435866 -0.00792627   0.0133567
0.000567385 -0.00792627   0.0485679    0.012475
   0.333243   0.0133567    0.012475    0.457036
IMAGINARY
          0  -0.0142948  0.00958359  0.00115525
  0.0142948           0  -0.0219623  0.00757016
-0.00958359   0.0219623           0  -0.0142948
-0.00115525 -0.00757016   0.0142948           0
Repeater1[0]<--->HoM1[0]
REAL
    0.457364  -0.00915227  -0.00206363     0.309903
 -0.00915227    0.0529716 -0.000441796  -0.00910588
 -0.00206363 -0.000441796    0.0348837  -0.00595942
    0.309903  -0.00910588  -0.00595942      0.45478
IMAGINARY
          0  -0.0128015  0.00409334 -0.00745412
  0.0128015           0 -0.00947296 -0.00807211
-0.00409334  0.00947296           0    0.015454
 0.00745412  0.00807211   -0.015454           0
EndNode1[0]<--->Repeater1[0]
REAL
   0.467377  0.00988712  -0.0151612     0.34904
 0.00988712   0.0505992  0.00464937   0.0126166
 -0.0151612  0.00464937    0.045273 -0.00607033
    0.34904   0.0126166 -0.00607033    0.436751
IMAGINARY
          0 -0.00737413  0.00798325   0.0108832
 0.00737413           0   0.0246087   0.0119203
-0.00798325  -0.0246087           0  0.00315218
 -0.0108832  -0.0119203 -0.00315218           0
EndNode2[0]<--->HoM1[0]
REAL
   0.460358   0.0144996  -0.0055235    0.326588
  0.0144996   0.0434783   -0.006745 -0.00492036
 -0.0055235   -0.006745   0.0460358  0.00116623
   0.326588 -0.00492036  0.00116623    0.450128
IMAGINARY
          0 -0.00979333  0.00366718   0.0345398
 0.00979333           0  0.00372219   0.0106557
-0.00366718 -0.00372219           0 -0.00713375
 -0.0345398  -0.0106557  0.00713375           0
Repeater1[0]<--->EndNode1[0]
REAL
   0.467377  -0.0151612  0.00988712     0.34904
 -0.0151612    0.045273  0.00464937 -0.00607033
 0.00988712  0.00464937   0.0505992   0.0126166
    0.34904 -0.00607033   0.0126166    0.436751
IMAGINARY
          0  0.00798325 -0.00737413   0.0108832
-0.00798325           0  -0.0246087  0.00315218
 0.00737413   0.0246087           0   0.0119203
 -0.0108832 -0.00315218  -0.0119203           0
Repeater1[0]<--->HoM1[0]
REAL
   0.460358  -0.0055235   0.0144996    0.326588
 -0.0055235   0.0460358   -0.006745  0.00116623
  0.0144996   -0.006745   0.0434783 -0.00492036
   0.326588  0.00116623 -0.00492036    0.450128
IMAGINARY
          0  0.00366718 -0.00979333   0.0345398
-0.00366718           0 -0.00372219 -0.00713375
 0.00979333  0.00372219           0   0.0106557
 -0.0345398  0.00713375  -0.0106557           0
EndNode1[0]<--->Repeater1[0]
REAL
   0.465839   0.0155006 -0.00645995    0.325581
  0.0155006   0.0459627 -0.00775194 -0.00645995
-0.00645995 -0.00775194   0.0484472  -0.0142086
   0.325581 -0.00645995  -0.0142086    0.439752
IMAGINARY
          0 -0.00708607  -0.0096486   0.0127437
 0.00708607           0 -0.00176813 -0.00317191
  0.0096486  0.00176813           0  0.00195786
 -0.0127437  0.00317191 -0.00195786           0
EndNode2[0]<--->HoM1[0]
REAL
    0.461538   0.00744651 -5.71066e-05     0.329681
  0.00744651    0.0410256   0.00153691  -0.00755711
-5.71066e-05   0.00153691    0.0333333  -0.00617747
    0.329681  -0.00755711  -0.00617747     0.464103
IMAGINARY
           0    0.0185137  -0.00533933  -0.00489656
  -0.0185137            0   -0.0299592   0.00222601
  0.00533933    0.0299592            0 -0.000456452
  0.00489656  -0.00222601  0.000456452            0
Repeater1[0]<--->EndNode1[0]
REAL
   0.465839 -0.00645995   0.0155006    0.325581
-0.00645995   0.0484472 -0.00775194  -0.0142086
  0.0155006 -0.00775194   0.0459627 -0.00645995
   0.325581  -0.0142086 -0.00645995    0.439752
IMAGINARY
          0  -0.0096486 -0.00708607   0.0127437
  0.0096486           0  0.00176813  0.00195786
 0.00708607 -0.00176813           0 -0.00317191
 -0.0127437 -0.00195786  0.00317191           0
Repeater1[0]<--->HoM1[0]
REAL
    0.461538 -5.71066e-05   0.00744651     0.329681
-5.71066e-05    0.0333333   0.00153691  -0.00617747
  0.00744651   0.00153691    0.0410256  -0.00755711
    0.329681  -0.00617747  -0.00755711     0.464103
IMAGINARY
           0  -0.00533933    0.0185137  -0.00489656
  0.00533933            0    0.0299592 -0.000456452
  -0.0185137   -0.0299592            0   0.00222601
  0.00489656  0.000456452  -0.00222601            0
EndNode1[0]<--->Repeater1[0]
REAL
    0.466667  -0.00443922 -0.000381596     0.331535
 -0.00443922    0.0654088    0.0248685   0.00490941
-0.000381596    0.0248685    0.0490566     0.012848
    0.331535   0.00490941     0.012848     0.418868
IMAGINARY
         0  0.0156766  0.0118695 -0.0106178
-0.0156766          0 -0.0106178 -0.0105362
-0.0118695  0.0106178          0  0.0163234
 0.0106178  0.0105362 -0.0163234          0
EndNode2[0]<--->HoM1[0]
REAL
  0.460576 -0.0213863 -0.0278751   0.338479
-0.0213863  0.0400501 0.00967443  0.0107752
-0.0278751 0.00967443  0.0613267 0.00839039
  0.338479  0.0107752 0.00839039   0.438048
IMAGINARY
          0  0.00313416 -0.00460016  0.00568887
-0.00313416           0  0.00262138  0.00595885
 0.00460016 -0.00262138           0  0.00637671
-0.00568887 -0.00595885 -0.00637671           0
Repeater1[0]<--->EndNode1[0]
REAL
    0.466667 -0.000381596  -0.00443922     0.331535
-0.000381596    0.0490566    0.0248685     0.012848
 -0.00443922    0.0248685    0.0654088   0.00490941
    0.331535     0.012848   0.00490941     0.418868
IMAGINARY
         0  0.0118695  0.0156766 -0.0106178
-0.0118695          0  0.0106178  0.0163234
-0.0156766 -0.0106178          0 -0.0105362
 0.0106178 -0.0163234  0.0105362          0
Repeater1[0]<--->HoM1[0]
REAL
  0.460576 -0.0278751 -0.0213863   0.338479
-0.0278751  0.0613267 0.00967443 0.00839039
-0.0213863 0.00967443  0.0400501  0.0107752
  0.338479 0.00839039  0.0107752   0.438048
IMAGINARY
          0 -0.00460016  0.00313416  0.00568887
 0.00460016           0 -0.00262138  0.00637671
-0.00313416  0.00262138           0  0.00595885
-0.00568887 -0.00637671 -0.00595885           0
EndNode1[0]<--->Repeater1[0]
REAL
  0.477865  0.0127203 0.00691675   0.347329
 0.0127203  0.0494792  0.0146015   0.014531
0.00691675  0.0146015  0.0481771 0.00738695
  0.347329   0.014531 0.00738695   0.424479
IMAGINARY
           0 -0.000990691    0.0266569   -0.0176989
 0.000990691            0   -0.0144223   -0.0163539
  -0.0266569    0.0144223            0   -0.0117366
   0.0176989    0.0163539    0.0117366            0
EndNode2[0]<--->HoM1[0]
REAL
     0.48939   0.00419534  -0.00126843     0.335586
  0.00419534    0.0464191 -0.000989958    0.0151573
 -0.00126843 -0.000989958    0.0371353    0.0261077
    0.335586    0.0151573    0.0261077     0.427056
IMAGINARY
           0 -0.000299502  -0.00194383   -0.0111152
 0.000299502            0    0.0023652  -0.00259572
  0.00194383   -0.0023652            0   0.00224503
   0.0111152   0.00259572  -0.00224503            0
Repeater1[0]<--->EndNode1[0]
REAL
  0.477865 0.00691675  0.0127203   0.347329
0.00691675  0.0481771  0.0146015 0.00738695
 0.0127203  0.0146015  0.0494792   0.014531
  0.347329 0.00738695   0.014531   0.424479
IMAGINARY
           0    0.0266569 -0.000990691   -0.0176989
  -0.0266569            0    0.0144223   -0.0117366
 0.000990691   -0.0144223            0   -0.0163539
   0.0176989    0.0117366    0.0163539            0
Repeater1[0]<--->HoM1[0]
REAL
     0.48939  -0.00126843   0.00419534     0.335586
 -0.00126843    0.0371353 -0.000989958    0.0261077
  0.00419534 -0.000989958    0.0464191    0.0151573
    0.335586    0.0261077    0.0151573     0.427056
IMAGINARY
           0  -0.00194383 -0.000299502   -0.0111152
  0.00194383            0   -0.0023652   0.00224503
 0.000299502    0.0023652            0  -0.00259572
   0.0111152  -0.00224503   0.00259572            0
EndNode1[0]<--->Repeater1[0]
REAL
  0.457254 0.00396825 0.00030525   0.333128
0.00396825  0.0310881 0.00325785 0.00030525
0.00030525 0.00325785  0.0414508 0.00396825
  0.333128 0.00030525 0.00396825   0.470207
IMAGINARY
           0    0.0169522    0.0038961  0.000706584
  -0.0169522            0    0.0117312   -0.0103896
  -0.0038961   -0.0117312            0  -0.00656262
-0.000706584    0.0103896   0.00656262            0
EndNode2[0]<--->HoM1[0]
REAL
   0.469388  0.00927295   0.0219674    0.336495
 0.00927295    0.057398 -0.00316197 0.000342274
  0.0219674 -0.00316197   0.0357143   0.0143491
   0.336495 0.000342274   0.0143491      0.4375
IMAGINARY
          0  -0.0241058   0.0211868  -0.0110614
  0.0241058           0  -0.0232897  0.00880092
 -0.0211868   0.0232897           0 -0.00465792
  0.0110614 -0.00880092  0.00465792           0
Repeater1[0]<--->EndNode1[0]
REAL
  0.457254 0.00030525 0.00396825   0.333128
0.00030525  0.0414508 0.00325785 0.00396825
0.00396825 0.00325785  0.0310881 0.00030525
  0.333128 0.00396825 0.00030525   0.470207
IMAGINARY
           0    0.0038961    0.0169522  0.000706584
  -0.0038961            0   -0.0117312  -0.00656262
  -0.0169522    0.0117312            0   -0.0103896
-0.000706584   0.00656262    0.0103896            0
Repeater1[0]<--->HoM1[0]
REAL
   0.469388   0.0219674  0.00927295    0.336495
  0.0219674   0.0357143 -0.00316197   0.0143491
 0.00927295 -0.00316197    0.057398 0.000342274
   0.336495   0.0143491 0.000342274      0.4375
IMAGINARY
          0   0.0211868  -0.0241058  -0.0110614
 -0.0211868           0   0.0232897 -0.00465792
  0.0241058  -0.0232897           0  0.00880092
  0.0110614  0.00465792 -0.00880092           0
EndNode1[0]<--->Repeater1[0]
REAL
   0.443445   0.0179296 -0.00129754     0.33702
  0.0179296   0.0424165  -0.0182774   0.0117784
-0.00129754  -0.0182774   0.0437018   -0.013614
    0.33702   0.0117784   -0.013614    0.470437
IMAGINARY
          0  0.00059952   -0.013876    0.011972
-0.00059952           0   0.0078169  0.00612403
   0.013876  -0.0078169           0 -0.00059952
  -0.011972 -0.00612403  0.00059952           0
EndNode2[0]<--->HoM1[0]
REAL
  0.427097 -0.0108205 0.00530233   0.321006
-0.0108205  0.0554839 -0.0116579 -0.0120674
0.00530233 -0.0116579  0.0529032 0.00774546
  0.321006 -0.0120674 0.00774546   0.464516
IMAGINARY
           0     0.014455   0.00549273  -0.00869023
   -0.014455            0  5.80898e-05   -0.0208876
 -0.00549273 -5.80898e-05            0  -0.00575357
  0.00869023    0.0208876   0.00575357            0
Repeater1[0]<--->EndNode1[0]
REAL
   0.443445 -0.00129754   0.0179296     0.33702
-0.00129754   0.0437018  -0.0182774   -0.013614
  0.0179296  -0.0182774   0.0424165   0.0117784
    0.33702   -0.013614   0.0117784    0.470437
IMAGINARY
          0   -0.013876  0.00059952    0.011972
   0.013876           0  -0.0078169 -0.00059952
-0.00059952   0.0078169           0  0.00612403
  -0.011972  0.00059952 -0.00612403           0
Repeater1[0]<--->HoM1[0]
REAL
  0.427097 0.00530233 -0.0108205   0.321006
0.00530233  0.0529032 -0.0116579 0.00774546
-0.0108205 -0.0116579  0.0554839 -0.0120674
  0.321006 0.00774546 -0.0120674   0.464516
IMAGINARY
           0   0.00549273     0.014455  -0.00869023
 -0.00549273            0 -5.80898e-05  -0.00575357
   -0.014455  5.80898e-05            0   -0.0208876
  0.00869023   0.00575357    0.0208876            0
EndNode1[0]<--->Repeater1[0]
REAL
   0.453425  -0.0133659 -0.00917919    0.318116
 -0.0133659    0.039726 -0.00193924  0.00060076
-0.00917919 -0.00193924   0.0479452 -0.00256543
   0.318116  0.00060076 -0.00256543    0.458904
IMAGINARY
          0   0.0147652  0.00399683  0.00632855
 -0.0147652           0   0.0164597  -0.0232276
-0.00399683  -0.0164597           0  -0.0216333
-0.00632855   0.0232276   0.0216333           0
EndNode2[0]<--->HoM1[0]
REAL
    0.430667   -0.0133521   -0.0176736     0.337113
  -0.0133521        0.044 -0.000725202   -0.0150489
