EndNode1[0]<--->Repeater1[0]
REAL
   0.402985 -0.00747264  0.00506309    0.170659
-0.00747264   0.0922659   0.0188623   0.0149887
 0.00506309   0.0188623   0.0773406 -0.00869813
   0.170659   0.0149887 -0.00869813    0.427408
IMAGINARY
           0    0.0219171   -0.0137838 -0.000987992
  -0.0219171            0  0.000303998  -0.00790145
   0.0137838 -0.000303998            0  -0.00147101
 0.000987992   0.00790145   0.00147101            0
EndNode2[0]<--->HoM1[0]
REAL
    0.39899  -0.0110922 -0.00687225     0.19058
 -0.0110922   0.0972222   0.0195269 -0.00243626
-0.00687225   0.0195269   0.0707071 -0.00353549
    0.19058 -0.00243626 -0.00353549    0.433081
IMAGINARY
          0   0.0064679  -0.0143816 -0.00345521
 -0.0064679           0  0.00543672 -0.00667104
  0.0143816 -0.00543672           0 -0.00120474
 0.00345521  0.00667104  0.00120474           0
Repeater1[0]<--->EndNode1[0]
REAL
   0.402985  0.00506309 -0.00747264    0.170659
 0.00506309   0.0773406   0.0188623 -0.00869813
-0.00747264   0.0188623   0.0922659   0.0149887
   0.170659 -0.00869813   0.0149887    0.427408
IMAGINARY
           0   -0.0137838    0.0219171 -0.000987992
   0.0137838            0 -0.000303998  -0.00147101
  -0.0219171  0.000303998            0  -0.00790145
 0.000987992   0.00147101   0.00790145            0
Repeater1[0]<--->HoM1[0]
REAL
    0.39899 -0.00687225  -0.0110922     0.19058
-0.00687225   0.0707071   0.0195269 -0.00353549
 -0.0110922   0.0195269   0.0972222 -0.00243626
    0.19058 -0.00353549 -0.00243626    0.433081
IMAGINARY
          0  -0.0143816   0.0064679 -0.00345521
  0.0143816           0 -0.00543672 -0.00120474
 -0.0064679  0.00543672           0 -0.00667104
 0.00345521  0.00120474  0.00667104           0
EndNode1[0]<--->Repeater1[0]
REAL
    0.413245   -0.0030108 -0.000972766     0.162884
  -0.0030108    0.0728477   -0.0126887  0.000322571
-0.000972766   -0.0126887    0.0834437   0.00886255
    0.162884  0.000322571   0.00886255     0.430464
IMAGINARY
          0   0.0136421 -0.00569027  -0.0123863
 -0.0136421           0   0.0206877   0.0145961
 0.00569027  -0.0206877           0  -0.0110975
  0.0123863  -0.0145961   0.0110975           0
EndNode2[0]<--->HoM1[0]
REAL
    0.423927    0.0197457 -0.000568295     0.159487
   0.0197457    0.0793238  -0.00503708     0.004495
-0.000568295  -0.00503708    0.0754226     0.010359
    0.159487     0.004495     0.010359     0.421326
IMAGINARY
          0  -0.0040321  -0.0069801 -0.00599238
  0.0040321           0   0.0215364 -0.00201733
  0.0069801  -0.0215364           0   0.0168856
 0.00599238  0.00201733  -0.0168856           0
Repeater1[0]<--->EndNode1[0]
REAL
    0.413245 -0.000972766   -0.0030108     0.162884
-0.000972766    0.0834437   -0.0126887   0.00886255
  -0.0030108   -0.0126887    0.0728477  0.000322571
    0.162884   0.00886255  0.000322571     0.430464
IMAGINARY
          0 -0.00569027   0.0136421  -0.0123863
 0.00569027           0  -0.0206877  -0.0110975
 -0.0136421   0.0206877           0   0.0145961
  0.0123863   0.0110975  -0.0145961           0
Repeater1[0]<--->HoM1[0]
REAL
    0.423927 -0.000568295    0.0197457     0.159487
-0.000568295    0.0754226  -0.00503708     0.010359
   0.0197457  -0.00503708    0.0793238     0.004495
    0.159487     0.010359     0.004495     0.421326
IMAGINARY
          0  -0.0069801  -0.0040321 -0.00599238
  0.0069801           0  -0.0215364   0.0168856
  0.0040321   0.0215364           0 -0.00201733
 0.00599238  -0.0168856  0.00201733           0
EndNode1[0]<--->Repeater1[0]
REAL
   0.425034 -0.00228208   0.0102857    0.172612
-0.00228208   0.0825309 -0.00141348  -0.0170842
  0.0102857 -0.00141348    0.090784   0.0078445
   0.172612  -0.0170842   0.0078445    0.401651
IMAGINARY
          0 -0.00680201 -0.00422036   0.0024416
 0.00680201           0 -0.00832395 -0.00357185
 0.00422036  0.00832395           0  -0.0048863
 -0.0024416  0.00357185   0.0048863           0
EndNode2[0]<--->HoM1[0]
REAL
   0.422277   0.0166171 -0.00746333    0.179998
  0.0166171   0.0881273 -0.00274286   0.0169932
-0.00746333 -0.00274286   0.0893513  -0.0147112
   0.179998   0.0169932  -0.0147112    0.400245
IMAGINARY
          0  0.00841163  -0.0077188  0.00913153
-0.00841163           0   0.0117562 -0.00497155
  0.0077188  -0.0117562           0   0.0169691
-0.00913153  0.00497155  -0.0169691           0
Repeater1[0]<--->EndNode1[0]
REAL
   0.425034   0.0102857 -0.00228208    0.172612
  0.0102857    0.090784 -0.00141348   0.0078445
-0.00228208 -0.00141348   0.0825309  -0.0170842
   0.172612   0.0078445  -0.0170842    0.401651
IMAGINARY
          0 -0.00422036 -0.00680201   0.0024416
 0.00422036           0  0.00832395  -0.0048863
 0.00680201 -0.00832395           0 -0.00357185
 -0.0024416   0.0048863  0.00357185           0
Repeater1[0]<--->HoM1[0]
REAL
   0.422277 -0.00746333   0.0166171    0.179998
-0.00746333   0.0893513 -0.00274286  -0.0147112
  0.0166171 -0.00274286   0.0881273   0.0169932
   0.179998  -0.0147112   0.0169932    0.400245
IMAGINARY
          0  -0.0077188  0.00841163  0.00913153
  0.0077188           0  -0.0117562   0.0169691
-0.00841163   0.0117562           0 -0.00497155
-0.00913153  -0.0169691  0.00497155           0
EndNode1[0]<--->Repeater1[0]
REAL
    0.405161 -0.000993125    0.0144136     0.169973
-0.000993125    0.0993548   -0.0111495    0.0123838
   0.0144136   -0.0111495    0.0787097  -0.00488923
    0.169973    0.0123838  -0.00488923     0.416774
IMAGINARY
           0   0.00479749   -0.0112004   0.00282063
 -0.00479749            0  0.000269607   -0.0168608
   0.0112004 -0.000269607            0  0.000304551
 -0.00282063    0.0168608 -0.000304551            0
EndNode2[0]<--->HoM1[0]
REAL
   0.414634  -0.0306897   0.0172781    0.185716
 -0.0306897   0.0926829 -0.00186248 -0.00981545
  0.0172781 -0.00186248   0.0829268  0.00694475
   0.185716 -0.00981545  0.00694475    0.409756
IMAGINARY
         0  0.0181835 -0.0420326 -0.0143499
-0.0181835          0 -0.0156762  0.0163112
 0.0420326  0.0156762          0  0.0188303
 0.0143499 -0.0163112 -0.0188303          0
Repeater1[0]<--->EndNode1[0]
REAL
    0.405161    0.0144136 -0.000993125     0.169973
   0.0144136    0.0787097   -0.0111495  -0.00488923
-0.000993125   -0.0111495    0.0993548    0.0123838
    0.169973  -0.00488923    0.0123838     0.416774
IMAGINARY
           0   -0.0112004   0.00479749   0.00282063
   0.0112004            0 -0.000269607  0.000304551
 -0.00479749  0.000269607            0   -0.0168608
 -0.00282063 -0.000304551    0.0168608            0
Repeater1[0]<--->HoM1[0]
REAL
   0.414634   0.0172781  -0.0306897    0.185716
  0.0172781   0.0829268 -0.00186248  0.00694475
 -0.0306897 -0.00186248   0.0926829 -0.00981545
   0.185716  0.00694475 -0.00981545    0.409756
IMAGINARY
         0 -0.0420326  0.0181835 -0.0143499
 0.0420326          0  0.0156762  0.0188303
-0.0181835 -0.0156762          0  0.0163112
 0.0143499 -0.0188303 -0.0163112          0
EndNode1[0]<--->Repeater1[0]
REAL
   0.426357  0.00503454     0.01915    0.176965
 0.00503454   0.0878553 -0.00267172  0.00978672
    0.01915 -0.00267172   0.0839793  0.00236788
   0.176965  0.00978672  0.00236788    0.401809
IMAGINARY
          0 -0.00871315  0.00611593   0.0170824
 0.00871315           0   0.0146315 -0.00157637
-0.00611593  -0.0146315           0 -0.00749956
 -0.0170824  0.00157637  0.00749956           0
EndNode2[0]<--->HoM1[0]
REAL
   0.377721  -0.0121061   0.0102828    0.173009
 -0.0121061   0.0985915 -0.00222746  0.00137698
  0.0102828 -0.00222746    0.078105  0.00181799
   0.173009  0.00137698  0.00181799    0.445583
IMAGINARY
          0 -0.00605928   0.0040815   0.0300145
 0.00605928           0   0.0100644   -0.011524
 -0.0040815  -0.0100644           0 -0.00544275
 -0.0300145    0.011524  0.00544275           0
Repeater1[0]<--->EndNode1[0]
REAL
   0.426357     0.01915  0.00503454    0.176965
    0.01915   0.0839793 -0.00267172  0.00236788
 0.00503454 -0.00267172   0.0878553  0.00978672
   0.176965  0.00236788  0.00978672    0.401809
IMAGINARY
          0  0.00611593 -0.00871315   0.0170824
-0.00611593           0  -0.0146315 -0.00749956
 0.00871315   0.0146315           0 -0.00157637
 -0.0170824  0.00749956  0.00157637           0
Repeater1[0]<--->HoM1[0]
REAL
   0.377721   0.0102828  -0.0121061    0.173009
  0.0102828    0.078105 -0.00222746  0.00181799
 -0.0121061 -0.00222746   0.0985915  0.00137698
   0.173009  0.00181799  0.00137698    0.445583
IMAGINARY
          0   0.0040815 -0.00605928   0.0300145
 -0.0040815           0  -0.0100644 -0.00544275
 0.00605928   0.0100644           0   -0.011524
 -0.0300145  0.00544275    0.011524           0
EndNode1[0]<--->Repeater1[0]
REAL
   0.437179  0.00450998  0.00793306    0.171103
 0.00450998   0.0833333 -0.00751438  0.00130176
 0.00793306 -0.00751438   0.0833333   0.0218752
   0.171103  0.00130176   0.0218752    0.396154
IMAGINARY
          0 -0.00815183 -0.00473031   0.0015239
 0.00815183           0   0.0115995  -0.0112748
 0.00473031  -0.0115995           0   0.0177549
 -0.0015239   0.0112748  -0.0177549           0
EndNode2[0]<--->HoM1[0]
REAL
  0.397117 0.00550417 -0.0157658   0.188741
0.00550417  0.0891219 -0.0118797  0.0157658
-0.0157658 -0.0118797   0.102228  0.0277405
  0.188741  0.0157658  0.0277405   0.411533
IMAGINARY
           0 -0.000190105  0.000429945    0.0208153
 0.000190105            0   -0.0233405   -0.0209268
-0.000429945    0.0233405            0    0.0169603
  -0.0208153    0.0209268   -0.0169603            0
Repeater1[0]<--->EndNode1[0]
REAL
   0.437179  0.00793306  0.00450998    0.171103
 0.00793306   0.0833333 -0.00751438   0.0218752
 0.00450998 -0.00751438   0.0833333  0.00130176
   0.171103   0.0218752  0.00130176    0.396154
IMAGINARY
          0 -0.00473031 -0.00815183   0.0015239
 0.00473031           0  -0.0115995   0.0177549
 0.00815183   0.0115995           0  -0.0112748
 -0.0015239  -0.0177549   0.0112748           0
Repeater1[0]<--->HoM1[0]
REAL
  0.397117 -0.0157658 0.00550417   0.188741
-0.0157658   0.102228 -0.0118797  0.0277405
0.00550417 -0.0118797  0.0891219  0.0157658
  0.188741  0.0277405  0.0157658   0.411533
IMAGINARY
           0  0.000429945 -0.000190105    0.0208153
-0.000429945            0    0.0233405    0.0169603
 0.000190105   -0.0233405            0   -0.0209268
  -0.0208153   -0.0169603    0.0209268            0
EndNode1[0]<--->Repeater1[0]
REAL
   0.412054  -0.0127764 -0.00944708    0.174632
 -0.0127764   0.0934809  -0.0101502 -0.00300378
-0.00944708  -0.0101502   0.0738007  0.00294683
   0.174632 -0.00300378  0.00294683    0.420664
IMAGINARY
          0  0.00884642 -0.00961232 -0.00715352
-0.00884642           0    0.010221   -0.020279
 0.00961232   -0.010221           0 -0.00341164
 0.00715352    0.020279  0.00341164           0
EndNode2[0]<--->HoM1[0]
REAL
   0.427261 -0.00905612   -0.022449    0.211433
-0.00905612    0.095675   0.0158393  0.00816327
  -0.022449   0.0158393     0.08519 -0.00522959
   0.211433  0.00816327 -0.00522959    0.391874
IMAGINARY
          0  -0.0056657  0.00517795   0.0163373
  0.0056657           0 -0.00193943 -0.00317528
-0.00517795  0.00193943           0   0.0250248
 -0.0163373  0.00317528  -0.0250248           0
Repeater1[0]<--->EndNode1[0]
REAL
   0.412054 -0.00944708  -0.0127764    0.174632
-0.00944708   0.0738007  -0.0101502  0.00294683
 -0.0127764  -0.0101502   0.0934809 -0.00300378
   0.174632  0.00294683 -0.00300378    0.420664
IMAGINARY
          0 -0.00961232  0.00884642 -0.00715352
 0.00961232           0   -0.010221 -0.00341164
-0.00884642    0.010221           0   -0.020279
 0.00715352  0.00341164    0.020279           0
Repeater1[0]<--->HoM1[0]
REAL
   0.427261   -0.022449 -0.00905612    0.211433
  -0.022449     0.08519   0.0158393 -0.00522959
-0.00905612   0.0158393    0.095675  0.00816327
   0.211433 -0.00522959  0.00816327    0.391874
IMAGINARY
          0  0.00517795  -0.0056657   0.0163373
-0.00517795           0  0.00193943   0.0250248
  0.0056657 -0.00193943           0 -0.00317528
 -0.0163373  -0.0250248  0.00317528           0
EndNode1[0]<--->Repeater1[0]
REAL
   0.430905 -0.00586334 -0.00977472    0.175262
-0.00586334   0.0829146   0.0098728  -0.0334685
-0.00977472   0.0098728   0.0879397  0.00180929
   0.175262  -0.0334685  0.00180929    0.398241
IMAGINARY
          0 -0.00945284   0.0115242   0.0130129
 0.00945284           0 -0.00535982  -0.0249341
 -0.0115242  0.00535982           0  0.00498285
 -0.0130129   0.0249341 -0.00498285           0
EndNode2[0]<--->HoM1[0]
REAL
    0.444589 -0.000640958   0.00432458     0.180876
-0.000640958     0.065189   -0.0206945   -0.0205373
  0.00432458   -0.0206945    0.0782269   0.00518052
    0.180876   -0.0205373   0.00518052     0.411995
IMAGINARY
          0  -0.0110355   0.0198047  -0.0104741
  0.0110355           0  -0.0223343  -0.0119513
 -0.0198047   0.0223343           0 -0.00205348
  0.0104741   0.0119513  0.00205348           0
Repeater1[0]<--->EndNode1[0]
REAL
   0.430905 -0.00977472 -0.00586334    0.175262
-0.00977472   0.0879397   0.0098728  0.00180929
-0.00586334   0.0098728   0.0829146  -0.0334685
   0.175262  0.00180929  -0.0334685    0.398241
IMAGINARY
          0   0.0115242 -0.00945284   0.0130129
 -0.0115242           0  0.00535982  0.00498285
 0.00945284 -0.00535982           0  -0.0249341
 -0.0130129 -0.00498285   0.0249341           0
Repeater1[0]<--->HoM1[0]
REAL
    0.444589   0.00432458 -0.000640958     0.180876
  0.00432458    0.0782269   -0.0206945   0.00518052
-0.000640958   -0.0206945     0.065189   -0.0205373
    0.180876   0.00518052   -0.0205373     0.411995
IMAGINARY
          0   0.0198047  -0.0110355  -0.0104741
 -0.0198047           0   0.0223343 -0.00205348
  0.0110355  -0.0223343           0  -0.0119513
  0.0104741  0.00205348   0.0119513           0
EndNode1[0]<--->Repeater1[0]
REAL
  0.428221  0.0010945 0.00361367   0.171152
 0.0010945  0.0981595  0.0213575 0.00361367
0.00361367  0.0213575  0.0920245  0.0219016
  0.171152 0.00361367  0.0219016   0.381595
IMAGINARY
           0   0.00795409  -0.00560323  -0.00811437
 -0.00795409            0    0.0100203 -0.000552723
  0.00560323   -0.0100203            0   -0.0291579
  0.00811437  0.000552723    0.0291579            0
EndNode2[0]<--->HoM1[0]
REAL
    0.41118  -0.0196007 -0.00183272    0.177866
 -0.0196007   0.0708075    -0.01165  -0.0103294
-0.00183272    -0.01165   0.0919255 -0.00472361
   0.177866  -0.0103294 -0.00472361    0.426087
IMAGINARY
          0    0.009561  -0.0197826 -0.00613932
  -0.009561           0    0.005549 -0.00709907
  0.0197826   -0.005549           0  0.00522395
 0.00613932  0.00709907 -0.00522395           0
Repeater1[0]<--->EndNode1[0]
REAL
  0.428221 0.00361367  0.0010945   0.171152
0.00361367  0.0920245  0.0213575  0.0219016
 0.0010945  0.0213575  0.0981595 0.00361367
  0.171152  0.0219016 0.00361367   0.381595
IMAGINARY
           0  -0.00560323   0.00795409  -0.00811437
  0.00560323            0   -0.0100203   -0.0291579
 -0.00795409    0.0100203            0 -0.000552723
  0.00811437    0.0291579  0.000552723            0
Repeater1[0]<--->HoM1[0]
REAL
    0.41118 -0.00183272  -0.0196007    0.177866
-0.00183272   0.0919255    -0.01165 -0.00472361
 -0.0196007    -0.01165   0.0708075  -0.0103294
   0.177866 -0.00472361  -0.0103294    0.426087
IMAGINARY
          0  -0.0197826    0.009561 -0.00613932
  0.0197826           0   -0.005549  0.00522395
  -0.009561    0.005549           0 -0.00709907
 0.00613932 -0.00522395  0.00709907           0
EndNode1[0]<--->Repeater1[0]
REAL
   0.438272  -0.0195611  0.00847003    0.182427
 -0.0195611   0.0938272 -0.00280268 0.000913351
 0.00847003 -0.00280268    0.082716  -0.0045676
   0.182427 0.000913351  -0.0045676    0.385185
IMAGINARY
          0  -0.0167136  -0.0114072 -0.00640854
  0.0167136           0  -0.0103873   0.0344096
  0.0114072   0.0103873           0   0.0155029
 0.00640854  -0.0344096  -0.0155029           0
EndNode2[0]<--->HoM1[0]
REAL
   0.432756  0.00740741 -0.00794227    0.161947
 0.00740741   0.0639148 -0.00902111 -0.00402582
-0.00794227 -0.00902111   0.0852197 -0.00740741
   0.161947 -0.00402582 -0.00740741    0.418109
IMAGINARY
          0  0.00806652 -0.00701939  -0.0302884
-0.00806652           0 -0.00933866  -0.0220129
 0.00701939  0.00933866           0   0.0248367
  0.0302884   0.0220129  -0.0248367           0
Repeater1[0]<--->EndNode1[0]
REAL
   0.438272  0.00847003  -0.0195611    0.182427
 0.00847003    0.082716 -0.00280268  -0.0045676
 -0.0195611 -0.00280268   0.0938272 0.000913351
   0.182427  -0.0045676 0.000913351    0.385185
IMAGINARY
          0  -0.0114072  -0.0167136 -0.00640854
  0.0114072           0   0.0103873   0.0155029
  0.0167136  -0.0103873           0   0.0344096
 0.00640854  -0.0155029  -0.0344096           0
Repeater1[0]<--->HoM1[0]
REAL
   0.432756 -0.00794227  0.00740741    0.161947
-0.00794227   0.0852197 -0.00902111 -0.00740741
 0.00740741 -0.00902111   0.0639148 -0.00402582
   0.161947 -0.00740741 -0.00402582    0.418109
IMAGINARY
          0 -0.00701939  0.00806652  -0.0302884
 0.00701939           0  0.00933866   0.0248367
-0.00806652 -0.00933866           0  -0.0220129
  0.0302884  -0.0248367   0.0220129           0
EndNode1[0]<--->Repeater1[0]
REAL
  0.429155 -0.0139808  0.0158013   0.183971
-0.0139808  0.0776567 0.00232824 -0.0279652
 0.0158013 0.00232824  0.0953678  0.0235839
  0.183971 -0.0279652  0.0235839    0.39782
IMAGINARY
          0  -0.0071005  -0.0110701  0.00794863
  0.0071005           0 -0.00920176   0.0052935
  0.0110701  0.00920176           0  -0.0102294
-0.00794863  -0.0052935   0.0102294           0
EndNode2[0]<--->HoM1[0]
REAL
   0.415951  -0.0212483 -0.00200012    0.163904
 -0.0212483   0.0785276 -0.00536712 7.45716e-05
-0.00200012 -0.00536712   0.0699387 -0.00378383
   0.163904 7.45716e-05 -0.00378383    0.435583
IMAGINARY
           0  -0.00118107 -0.000270244   0.00325351
  0.00118107            0  -0.00519903   0.00287441
 0.000270244   0.00519903            0  -0.00923559
 -0.00325351  -0.00287441   0.00923559            0
Repeater1[0]<--->EndNode1[0]
REAL
  0.429155  0.0158013 -0.0139808   0.183971
 0.0158013  0.0953678 0.00232824  0.0235839
-0.0139808 0.00232824  0.0776567 -0.0279652
  0.183971  0.0235839 -0.0279652    0.39782
IMAGINARY
          0  -0.0110701  -0.0071005  0.00794863
  0.0110701           0  0.00920176  -0.0102294
  0.0071005 -0.00920176           0   0.0052935
-0.00794863   0.0102294  -0.0052935           0
Repeater1[0]<--->HoM1[0]
REAL
   0.415951 -0.00200012  -0.0212483    0.163904
-0.00200012   0.0699387 -0.00536712 -0.00378383
 -0.0212483 -0.00536712   0.0785276 7.45716e-05
   0.163904 -0.00378383 7.45716e-05    0.435583
IMAGINARY
           0 -0.000270244  -0.00118107   0.00325351
 0.000270244            0   0.00519903  -0.00923559
  0.00118107  -0.00519903            0   0.00287441
 -0.00325351   0.00923559  -0.00287441            0
EndNode1[0]<--->Repeater1[0]
REAL
   0.404255   0.0154693   0.0063424    0.175887
  0.0154693   0.0917553 0.000735931   0.0170342
  0.0063424 0.000735931   0.0837766 -0.00637839
   0.175887   0.0170342 -0.00637839    0.420213
IMAGINARY
          0 -0.00619693   0.0024001   0.0150046
 0.00619693           0 -0.00572078  -0.0248243
 -0.0024001  0.00572078           0  0.00922723
 -0.0150046   0.0248243 -0.00922723           0
EndNode2[0]<--->HoM1[0]
REAL
   0.453865 -0.00560143  0.00914306    0.174986
-0.00560143   0.0810474  0.00532055  -0.0283246
 0.00914306  0.00532055   0.0785536  -0.0135802
   0.174986  -0.0283246  -0.0135802    0.386534
IMAGINARY
          0    0.011529   0.0167896  0.00827423
  -0.011529           0  0.00827423  0.00120522
 -0.0167896 -0.00827423           0  -0.0230971
-0.00827423 -0.00120522   0.0230971           0
Repeater1[0]<--->EndNode1[0]
REAL
   0.404255   0.0063424   0.0154693    0.175887
  0.0063424   0.0837766 0.000735931 -0.00637839
  0.0154693 0.000735931   0.0917553   0.0170342
   0.175887 -0.00637839   0.0170342    0.420213
IMAGINARY
          0   0.0024001 -0.00619693   0.0150046
 -0.0024001           0  0.00572078  0.00922723
 0.00619693 -0.00572078           0  -0.0248243
 -0.0150046 -0.00922723   0.0248243           0
Repeater1[0]<--->HoM1[0]
REAL
   0.453865  0.00914306 -0.00560143    0.174986
 0.00914306   0.0785536  0.00532055  -0.0135802
-0.00560143  0.00532055   0.0810474  -0.0283246
   0.174986  -0.0135802  -0.0283246    0.386534
IMAGINARY
          0   0.0167896    0.011529  0.00827423
 -0.0167896           0 -0.00827423  -0.0230971
  -0.011529  0.00827423           0  0.00120522
-0.00827423   0.0230971 -0.00120522           0
EndNode1[0]<--->Repeater1[0]
REAL
    0.423029 -3.11078e-05    0.0112009     0.159347
-3.11078e-05    0.0801001  0.000199096  0.000147574
   0.0112009  0.000199096    0.0938673    0.0100445
    0.159347  0.000147574    0.0100445     0.403004
IMAGINARY
          0  -0.0138494 -0.00538167   0.0144724
  0.0138494           0  0.00491822   0.0191661
 0.00538167 -0.00491822           0  -0.0224914
 -0.0144724  -0.0191661   0.0224914           0
EndNode2[0]<--->HoM1[0]
REAL
   0.421053 -0.00834342  0.00797732    0.166341
-0.00834342   0.0736842  -0.0152382 -0.00732881
 0.00797732  -0.0152382   0.0881579  0.00510088
   0.166341 -0.00732881  0.00510088    0.417105
IMAGINARY
          0   0.0276074  0.00298396  -0.0214463
 -0.0276074           0   0.0169185 -0.00561554
-0.00298396  -0.0169185           0   0.0092347
  0.0214463  0.00561554  -0.0092347           0
Repeater1[0]<--->EndNode1[0]
REAL
    0.423029    0.0112009 -3.11078e-05     0.159347
   0.0112009    0.0938673  0.000199096    0.0100445
-3.11078e-05  0.000199096    0.0801001  0.000147574
    0.159347    0.0100445  0.000147574     0.403004
IMAGINARY
          0 -0.00538167  -0.0138494   0.0144724
 0.00538167           0 -0.00491822  -0.0224914
  0.0138494  0.00491822           0   0.0191661
 -0.0144724   0.0224914  -0.0191661           0
Repeater1[0]<--->HoM1[0]
REAL
   0.421053  0.00797732 -0.00834342    0.166341
 0.00797732   0.0881579  -0.0152382  0.00510088
-0.00834342  -0.0152382   0.0736842 -0.00732881
   0.166341  0.00510088 -0.00732881    0.417105
IMAGINARY
          0  0.00298396   0.0276074  -0.0214463
-0.00298396           0  -0.0169185   0.0092347
 -0.0276074   0.0169185           0 -0.00561554
  0.0214463  -0.0092347  0.00561554           0
EndNode1[0]<--->Repeater1[0]
REAL
   0.413524  -0.0227468  -0.0123217     0.16569
 -0.0227468   0.0689207    0.011353 -0.00518807
 -0.0123217    0.011353   0.0819246 -0.00384201
    0.16569 -0.00518807 -0.00384201    0.435631
IMAGINARY
          0  0.00763831   0.0152109  -0.0124065
-0.00763831           0  0.00801507  0.00774825
 -0.0152109 -0.00801507           0   0.0114943
  0.0124065 -0.00774825  -0.0114943           0
EndNode2[0]<--->HoM1[0]
REAL
   0.405141  -0.0105326  -0.0222769    0.170206
 -0.0105326   0.0930233  0.00903889 -0.00476715
 -0.0222769  0.00903889   0.0917993 -0.00015919
   0.170206 -0.00476715 -0.00015919    0.410037
IMAGINARY
          0   0.0034526   0.0217865   0.0129398
 -0.0034526           0  -0.0160924  -0.0116342
 -0.0217865   0.0160924           0  0.00796872
 -0.0129398   0.0116342 -0.00796872           0
Repeater1[0]<--->EndNode1[0]
REAL
   0.413524  -0.0123217  -0.0227468     0.16569
 -0.0123217   0.0819246    0.011353 -0.00384201
 -0.0227468    0.011353   0.0689207 -0.00518807
    0.16569 -0.00384201 -0.00518807    0.435631
IMAGINARY
          0   0.0152109  0.00763831  -0.0124065
 -0.0152109           0 -0.00801507   0.0114943
-0.00763831  0.00801507           0  0.00774825
  0.0124065  -0.0114943 -0.00774825           0
Repeater1[0]<--->HoM1[0]
REAL
   0.405141  -0.0222769  -0.0105326    0.170206
 -0.0222769   0.0917993  0.00903889 -0.00015919
 -0.0105326  0.00903889   0.0930233 -0.00476715
   0.170206 -0.00015919 -0.00476715    0.410037
IMAGINARY
          0   0.0217865   0.0034526   0.0129398
 -0.0217865           0   0.0160924  0.00796872
 -0.0034526  -0.0160924           0  -0.0116342
 -0.0129398 -0.00796872   0.0116342           0
EndNode1[0]<--->Repeater1[0]
REAL
   0.422744 -0.00530759  -0.0003393    0.197181
-0.00530759   0.0889988  0.00423482   0.0035568
 -0.0003393  0.00423482   0.0840544  -0.0146409
   0.197181   0.0035568  -0.0146409    0.404203
IMAGINARY
          0   0.0185562 -0.00607176   0.0158123
 -0.0185562           0   0.0246956  -0.0195161
 0.00607176  -0.0246956           0   0.0153304
 -0.0158123   0.0195161  -0.0153304           0
EndNode2[0]<--->HoM1[0]
REAL
  0.444166 -0.0220462  0.0138186   0.190151
-0.0220462  0.0740276  0.0199383 -0.0144572
 0.0138186  0.0199383   0.105395 0.00225051
  0.190151 -0.0144572 0.00225051   0.376412
IMAGINARY
           0    0.0143308  -0.00131256   0.00968915
  -0.0143308            0    0.0170966 -1.72252e-05
  0.00131256   -0.0170966            0  -0.00768182
 -0.00968915  1.72252e-05   0.00768182            0
Repeater1[0]<--->EndNode1[0]
REAL
   0.422744  -0.0003393 -0.00530759    0.197181
 -0.0003393   0.0840544  0.00423482  -0.0146409
-0.00530759  0.00423482   0.0889988   0.0035568
   0.197181  -0.0146409   0.0035568    0.404203
IMAGINARY
          0 -0.00607176   0.0185562   0.0158123
 0.00607176           0  -0.0246956   0.0153304
 -0.0185562   0.0246956           0  -0.0195161
 -0.0158123  -0.0153304   0.0195161           0
Repeater1[0]<--->HoM1[0]
REAL
  0.444166  0.0138186 -0.0220462   0.190151
 0.0138186   0.105395  0.0199383 0.00225051
-0.0220462  0.0199383  0.0740276 -0.0144572
  0.190151 0.00225051 -0.0144572   0.376412
IMAGINARY
           0  -0.00131256    0.0143308   0.00968915
  0.00131256            0   -0.0170966  -0.00768182
  -0.0143308    0.0170966            0 -1.72252e-05
 -0.00968915   0.00768182  1.72252e-05            0
EndNode1[0]<--->Repeater1[0]
REAL
   0.427329   0.0138113 -0.00384306     0.15662
  0.0138113   0.0720497   0.0054574  0.00321728
-0.00384306   0.0054574   0.0695652   -0.011934
    0.15662  0.00321728   -0.011934    0.431056
IMAGINARY
          0 -0.00453362  0.00566139   0.0185491
 0.00453362           0  0.00430038   0.0124265
-0.00566139 -0.00430038           0  -0.0135542
 -0.0185491  -0.0124265   0.0135542           0
EndNode2[0]<--->HoM1[0]
REAL
   0.429333  0.00197961   0.0101532    0.186518
 0.00197961        0.06  -0.0039583 -0.00827117
  0.0101532  -0.0039583   0.0826667   -0.023937
   0.186518 -0.00827117   -0.023937       0.428
IMAGINARY
           0  -0.00704465  0.000518459    0.0102547
  0.00704465            0   -0.0160611    0.0120866
-0.000518459    0.0160611            0   0.00424353
  -0.0102547   -0.0120866  -0.00424353            0
Repeater1[0]<--->EndNode1[0]
REAL
   0.427329 -0.00384306   0.0138113     0.15662
-0.00384306   0.0695652   0.0054574   -0.011934
  0.0138113   0.0054574   0.0720497  0.00321728
    0.15662   -0.011934  0.00321728    0.431056
IMAGINARY
          0  0.00566139 -0.00453362   0.0185491
-0.00566139           0 -0.00430038  -0.0135542
 0.00453362  0.00430038           0   0.0124265
 -0.0185491   0.0135542  -0.0124265           0
Repeater1[0]<--->HoM1[0]
REAL
   0.429333   0.0101532  0.00197961    0.186518
  0.0101532   0.0826667  -0.0039583   -0.023937
 0.00197961  -0.0039583        0.06 -0.00827117
   0.186518   -0.023937 -0.00827117       0.428
IMAGINARY
           0  0.000518459  -0.00704465    0.0102547
-0.000518459            0    0.0160611   0.00424353
  0.00704465   -0.0160611            0    0.0120866
  -0.0102547  -0.00424353   -0.0120866            0
EndNode1[0]<--->Repeater1[0]
REAL
  0.427665  0.0119282  0.0222733   0.183281
 0.0119282  0.0824873  0.0229041 0.00865458
 0.0222733  0.0229041  0.0901015  0.0112677
  0.183281 0.00865458  0.0112677   0.399746
IMAGINARY
          0  -0.0109755   0.0138812 -0.00635439
  0.0109755           0   0.0109296   0.0106471
 -0.0138812  -0.0109296           0  0.00405722
 0.00635439  -0.0106471 -0.00405722           0
EndNode2[0]<--->HoM1[0]
REAL
    0.435401   -0.0039113 -0.000520991     0.163672
  -0.0039113    0.0801034   -0.0140464    0.0192242
-0.000520991   -0.0140464    0.0852713   0.00640507
    0.163672    0.0192242   0.00640507     0.399225
IMAGINARY
          0  -0.0118695  -0.0034982  0.00882193
  0.0118695           0  0.00614813  0.00482446
  0.0034982 -0.00614813           0 -0.00935063
-0.00882193 -0.00482446  0.00935063           0
Repeater1[0]<--->EndNode1[0]
REAL
  0.427665  0.0222733  0.0119282   0.183281
 0.0222733  0.0901015  0.0229041  0.0112677
 0.0119282  0.0229041  0.0824873 0.00865458
  0.183281  0.0112677 0.00865458   0.399746
IMAGINARY
          0   0.0138812  -0.0109755 -0.00635439
 -0.0138812           0  -0.0109296  0.00405722
  0.0109755   0.0109296           0   0.0106471
 0.00635439 -0.00405722  -0.0106471           0
Repeater1[0]<--->HoM1[0]
REAL
    0.435401 -0.000520991   -0.0039113     0.163672
-0.000520991    0.0852713   -0.0140464   0.00640507
  -0.0039113   -0.0140464    0.0801034    0.0192242
    0.163672   0.00640507    0.0192242     0.399225
IMAGINARY
          0  -0.0034982  -0.0118695  0.00882193
  0.0034982           0 -0.00614813 -0.00935063
  0.0118695  0.00614813           0  0.00482446
-0.00882193  0.00935063 -0.00482446           0
EndNode1[0]<--->Repeater1[0]
REAL
   0.439735 -0.00181305  0.00407907    0.183231
-0.00181305   0.0688742   0.0113147  -0.0107457
 0.00407907   0.0113147   0.0913907  0.00241911
   0.183231  -0.0107457  0.00241911         0.4
IMAGINARY
           0   0.00438162  0.000319078   -0.0117368
 -0.00438162            0   0.00177668  -0.00425609
-0.000319078  -0.00177668            0  -0.00569395
   0.0117368   0.00425609   0.00569395            0
EndNode2[0]<--->HoM1[0]
REAL
   0.421751 -0.00302836  0.00924403    0.166108
-0.00302836   0.0835544 -0.00772275  -0.0222875
 0.00924403 -0.00772275   0.0901857  0.00613395
   0.166108  -0.0222875  0.00613395    0.404509
IMAGINARY
           0   0.00947836   -0.0190178  -0.00823863
 -0.00947836            0   -0.0191875  0.000686604
   0.0190178    0.0191875            0  -0.00884625
  0.00823863 -0.000686604   0.00884625            0
Repeater1[0]<--->EndNode1[0]
REAL
   0.439735  0.00407907 -0.00181305    0.183231
 0.00407907   0.0913907   0.0113147  0.00241911
-0.00181305   0.0113147   0.0688742  -0.0107457
   0.183231  0.00241911  -0.0107457         0.4
IMAGINARY
           0  0.000319078   0.00438162   -0.0117368
-0.000319078            0  -0.00177668  -0.00569395
 -0.00438162   0.00177668            0  -0.00425609
   0.0117368   0.00569395   0.00425609            0
Repeater1[0]<--->HoM1[0]
REAL
   0.421751  0.00924403 -0.00302836    0.166108
 0.00924403   0.0901857 -0.00772275  0.00613395
-0.00302836 -0.00772275   0.0835544  -0.0222875
   0.166108  0.00613395  -0.0222875    0.404509
IMAGINARY
           0   -0.0190178   0.00947836  -0.00823863
   0.0190178            0    0.0191875  -0.00884625
 -0.00947836   -0.0191875            0  0.000686604
  0.00823863   0.00884625 -0.000686604            0
EndNode1[0]<--->Repeater1[0]
REAL
   0.416667  -0.0129893 -0.00485746     0.16236
 -0.0129893   0.0897436  -0.0176398  0.00796305
-0.00485746  -0.0176398   0.0961538  -0.0311101
    0.16236  0.00796305  -0.0311101    0.397436
IMAGINARY
           0  -0.00639292   0.00438222    0.0072437
  0.00639292            0  -0.00854578   0.00182468
 -0.00438222   0.00854578            0  0.000186025
  -0.0072437  -0.00182468 -0.000186025            0
EndNode2[0]<--->HoM1[0]
REAL
  0.409031 -0.0144637 -0.0121325   0.184422
-0.0144637  0.0677291 0.00237059 0.00647214
-0.0121325 0.00237059  0.0969456 -0.0251589
  0.184422 0.00647214 -0.0251589   0.426295
IMAGINARY
           0   0.00604773  -0.00254342 -6.94097e-06
 -0.00604773            0    0.0108626    0.0243383
  0.00254342   -0.0108626            0   0.00292663
 6.94097e-06   -0.0243383  -0.00292663            0
Repeater1[0]<--->EndNode1[0]
REAL
   0.416667 -0.00485746  -0.0129893     0.16236
-0.00485746   0.0961538  -0.0176398  -0.0311101
 -0.0129893  -0.0176398   0.0897436  0.00796305
    0.16236  -0.0311101  0.00796305    0.397436
IMAGINARY
           0   0.00438222  -0.00639292    0.0072437
 -0.00438222            0   0.00854578  0.000186025
  0.00639292  -0.00854578            0   0.00182468
  -0.0072437 -0.000186025  -0.00182468            0
Repeater1[0]<--->HoM1[0]
REAL
  0.409031 -0.0121325 -0.0144637   0.184422
-0.0121325  0.0969456 0.00237059 -0.0251589
-0.0144637 0.00237059  0.0677291 0.00647214
  0.184422 -0.0251589 0.00647214   0.426295
IMAGINARY
           0  -0.00254342   0.00604773 -6.94097e-06
  0.00254342            0   -0.0108626   0.00292663
 -0.00604773    0.0108626            0    0.0243383
 6.94097e-06  -0.00292663   -0.0243383            0
EndNode1[0]<--->Repeater1[0]
REAL
   0.420918  0.00800121 -0.00700766    0.176315
 0.00800121   0.0816327 0.000315217   0.0151598
-0.00700766 0.000315217   0.0892857 -0.00528382
   0.176315   0.0151598 -0.00528382    0.408163
IMAGINARY
          0   -0.011546   0.0334268  0.00237995
   0.011546           0   0.0202591 -0.00542675
 -0.0334268  -0.0202591           0  -0.0177873
-0.00237995  0.00542675   0.0177873           0
EndNode2[0]<--->HoM1[0]
REAL
   0.445844  -0.0130649 -0.00510473    0.161677
 -0.0130649   0.0806045   0.0130986 -0.00321794
-0.00510473   0.0130986   0.0768262  0.00730305
   0.161677 -0.00321794  0.00730305    0.396725
IMAGINARY
          0 -0.00199566  0.00532988  -0.0131688
 0.00199566           0   0.0118633  -0.0260017
-0.00532988  -0.0118633           0  -0.0109242
  0.0131688   0.0260017   0.0109242           0
Repeater1[0]<--->EndNode1[0]
REAL
   0.420918 -0.00700766  0.00800121    0.176315
-0.00700766   0.0892857 0.000315217 -0.00528382
 0.00800121 0.000315217   0.0816327   0.0151598
   0.176315 -0.00528382   0.0151598    0.408163
IMAGINARY
          0   0.0334268   -0.011546  0.00237995
 -0.0334268           0  -0.0202591  -0.0177873
   0.011546   0.0202591           0 -0.00542675
-0.00237995   0.0177873  0.00542675           0
Repeater1[0]<--->HoM1[0]
REAL
   0.445844 -0.00510473  -0.0130649    0.161677
-0.00510473   0.0768262   0.0130986  0.00730305
 -0.0130649   0.0130986   0.0806045 -0.00321794
   0.161677  0.00730305 -0.00321794    0.396725
IMAGINARY
          0  0.00532988 -0.00199566  -0.0131688
-0.00532988           0  -0.0118633  -0.0109242
 0.00199566   0.0118633           0  -0.0260017
  0.0131688   0.0109242   0.0260017           0
EndNode1[0]<--->Repeater1[0]
REAL
   0.413015   0.0133037   0.0179856    0.178554
  0.0133037   0.0703851 -0.00235083  0.00217048
  0.0179856 -0.00235083   0.0770252 0.000350364
   0.178554  0.00217048 0.000350364    0.439575
IMAGINARY
          0  -0.0063003 -0.00143481  0.00150395
  0.0063003           0   0.0150523  0.00645993
 0.00143481  -0.0150523           0  -0.0213379
-0.00150395 -0.00645993   0.0213379           0
EndNode2[0]<--->HoM1[0]
REAL
   0.412081 -0.00324273  -0.0126439    0.173623
-0.00324273   0.0791946  0.00445029  -0.0108035
 -0.0126439  0.00445029   0.0751678  0.00260902
   0.173623  -0.0108035  0.00260902    0.433557
IMAGINARY
           0 -0.000561404   0.00303232   -0.0108539
 0.000561404            0   -0.0206323   -0.0105511
 -0.00303232    0.0206323            0    0.0181053
   0.0108539    0.0105511   -0.0181053            0
Repeater1[0]<--->EndNode1[0]
REAL
   0.413015   0.0179856   0.0133037    0.178554
  0.0179856   0.0770252 -0.00235083 0.000350364
  0.0133037 -0.00235083   0.0703851  0.00217048
   0.178554 0.000350364  0.00217048    0.439575
IMAGINARY
          0 -0.00143481  -0.0063003  0.00150395
 0.00143481           0  -0.0150523  -0.0213379
  0.0063003   0.0150523           0  0.00645993
-0.00150395   0.0213379 -0.00645993           0
Repeater1[0]<--->HoM1[0]
REAL
   0.412081  -0.0126439 -0.00324273    0.173623
 -0.0126439   0.0751678  0.00445029  0.00260902
-0.00324273  0.00445029   0.0791946  -0.0108035
   0.173623  0.00260902  -0.0108035    0.433557
IMAGINARY
           0   0.00303232 -0.000561404   -0.0108539
 -0.00303232            0    0.0206323    0.0181053
 0.000561404   -0.0206323            0   -0.0105511
   0.0108539   -0.0181053    0.0105511            0
EndNode1[0]<--->Repeater1[0]
REAL
   0.446589  0.00515152 -0.00551026    0.150692
 0.00515152   0.0849421   0.0112622  -0.0111993
-0.00551026   0.0112622   0.0965251 -0.00515152
   0.150692  -0.0111993 -0.00515152    0.371943
IMAGINARY
          0  0.00819988  -0.0130392   -0.010061
-0.00819988           0 -0.00679298   0.0188757
  0.0130392  0.00679298           0  -0.0140365
   0.010061  -0.0188757   0.0140365           0
EndNode2[0]<--->HoM1[0]
REAL
   0.440568   0.0283823   0.0100579     0.17064
  0.0283823   0.0943152 -0.00353172 0.000552188
  0.0100579 -0.00353172   0.0968992  -0.0111409
    0.17064 0.000552188  -0.0111409    0.368217
IMAGINARY
          0  0.00311618  3.8956e-05   0.0258903
-0.00311618           0   0.0147501  0.00592131
-3.8956e-05  -0.0147501           0   0.0227116
 -0.0258903 -0.00592131  -0.0227116           0
Repeater1[0]<--->EndNode1[0]
REAL
   0.446589 -0.00551026  0.00515152    0.150692
-0.00551026   0.0965251   0.0112622 -0.00515152
 0.00515152   0.0112622   0.0849421  -0.0111993
   0.150692 -0.00515152  -0.0111993    0.371943
IMAGINARY
          0  -0.0130392  0.00819988   -0.010061
  0.0130392           0  0.00679298  -0.0140365
-0.00819988 -0.00679298           0   0.0188757
   0.010061   0.0140365  -0.0188757           0
Repeater1[0]<--->HoM1[0]
REAL
   0.440568   0.0100579   0.0283823     0.17064
  0.0100579   0.0968992 -0.00353172  -0.0111409
  0.0283823 -0.00353172   0.0943152 0.000552188
    0.17064  -0.0111409 0.000552188    0.368217
IMAGINARY
          0  3.8956e-05  0.00311618   0.0258903
-3.8956e-05           0  -0.0147501   0.0227116
-0.00311618   0.0147501           0  0.00592131
 -0.0258903  -0.0227116 -0.00592131           0
EndNode1[0]<--->Repeater1[0]
REAL
   0.413486  0.00750042 -0.00397856    0.177968
 0.00750042   0.0725191 -0.00605168   0.0118526
-0.00397856 -0.00605168   0.0801527    0.021371
   0.177968   0.0118526    0.021371    0.433842
IMAGINARY
           0    0.0304661    0.0100857  -0.00881347
  -0.0304661            0  0.000939455  -0.00645374
  -0.0100857 -0.000939455            0   -0.0110956
  0.00881347   0.00645374    0.0110956            0
EndNode2[0]<--->HoM1[0]
REAL
   0.426075   -0.010944  -0.0238137    0.181686
  -0.010944   0.0793011 -0.00306868 0.000126114
 -0.0238137 -0.00306868   0.0927419  0.00134097
   0.181686 0.000126114  0.00134097    0.401882
IMAGINARY
          0   0.0012718   0.0271707  0.00455877
 -0.0012718           0  0.00272278  0.00642103
 -0.0271707 -0.00272278           0  0.00648014
-0.00455877 -0.00642103 -0.00648014           0
Repeater1[0]<--->EndNode1[0]
REAL
   0.413486 -0.00397856  0.00750042    0.177968
-0.00397856   0.0801527 -0.00605168    0.021371
 0.00750042 -0.00605168   0.0725191   0.0118526
   0.177968    0.021371   0.0118526    0.433842
IMAGINARY
           0    0.0100857    0.0304661  -0.00881347
  -0.0100857            0 -0.000939455   -0.0110956
  -0.0304661  0.000939455            0  -0.00645374
  0.00881347    0.0110956   0.00645374            0
Repeater1[0]<--->HoM1[0]
REAL
   0.426075  -0.0238137   -0.010944    0.181686
 -0.0238137   0.0927419 -0.00306868  0.00134097
  -0.010944 -0.00306868   0.0793011 0.000126114
   0.181686  0.00134097 0.000126114    0.401882
IMAGINARY
          0   0.0271707   0.0012718  0.00455877
 -0.0271707           0 -0.00272278  0.00648014
 -0.0012718  0.00272278           0  0.00642103
-0.00455877 -0.00648014 -0.00642103           0
EndNode1[0]<--->Repeater1[0]
REAL
  0.417284  -0.002346 -0.0246608    0.17281
 -0.002346  0.0765432 0.00149023 -0.0147794
-0.0246608 0.00149023  0.0851852 0.00870732
   0.17281 -0.0147794 0.00870732   0.420988
IMAGINARY
          0  -0.0163261   0.0177082    0.014957
  0.0163261           0  -0.0137315 -0.00121073
 -0.0177082   0.0137315           0  0.00617386
  -0.014957  0.00121073 -0.00617386           0
EndNode2[0]<--->HoM1[0]
REAL
