EndNode1[0]<--->Repeater1[0]
REAL
   0.401028  0.00262364  -0.0116789    0.296251
 0.00262364    0.109254   0.0557443 0.000739395
 -0.0116789   0.0557443    0.100257 0.000593867
   0.296251 0.000739395 0.000593867     0.38946
IMAGINARY
           0   -0.0169634   -0.0157966   0.00753604
   0.0169634            0  -0.00753604  0.000606764
   0.0157966   0.00753604            0    0.0182292
 -0.00753604 -0.000606764   -0.0182292            0
EndNode2[0]<--->HoM1[0]
REAL
   0.415842  0.00276317  0.00101643    0.306973
 0.00276317    0.108911   0.0376482 -0.00964857
 0.00101643   0.0376482    0.105198  0.00852501
   0.306973 -0.00964857  0.00852501     0.37005
IMAGINARY
          0    0.020813  -0.0199925   0.0105308
  -0.020813           0    0.005895 -0.00270693
  0.0199925   -0.005895           0  0.00679434
 -0.0105308  0.00270693 -0.00679434           0
Repeater1[0]<--->EndNode1[0]
REAL
   0.401028  -0.0116789  0.00262364    0.296251
 -0.0116789    0.100257   0.0557443 0.000593867
 0.00262364   0.0557443    0.109254 0.000739395
   0.296251 0.000593867 0.000739395     0.38946
IMAGINARY
           0   -0.0157966   -0.0169634   0.00753604
   0.0157966            0   0.00753604    0.0182292
   0.0169634  -0.00753604            0  0.000606764
 -0.00753604   -0.0182292 -0.000606764            0
Repeater1[0]<--->HoM1[0]
REAL
   0.415842  0.00101643  0.00276317    0.306973
 0.00101643    0.105198   0.0376482  0.00852501
 0.00276317   0.0376482    0.108911 -0.00964857
   0.306973  0.00852501 -0.00964857     0.37005
IMAGINARY
          0  -0.0199925    0.020813   0.0105308
  0.0199925           0   -0.005895  0.00679434
  -0.020813    0.005895           0 -0.00270693
 -0.0105308 -0.00679434  0.00270693           0
EndNode1[0]<--->Repeater1[0]
REAL
   0.393041  0.00191327  0.00978135    0.325256
 0.00191327    0.127577   0.0469246  0.00776251
 0.00978135   0.0469246    0.114691 -0.00191327
   0.325256  0.00776251 -0.00191327    0.364691
IMAGINARY
         0  0.0235693   0.011906 -0.0340685
-0.0235693          0 -0.0190685 -0.0312086
 -0.011906  0.0190685          0  0.0181493
 0.0340685  0.0312086 -0.0181493          0
EndNode2[0]<--->HoM1[0]
REAL
  0.423423 0.00701071 0.00731807   0.310248
0.00701071  0.0797941  0.0589455 0.00857435
0.00731807  0.0589455   0.110682 0.00765922
  0.310248 0.00857435 0.00765922     0.3861
IMAGINARY
          0  0.00325521   -0.031134   0.0200803
-0.00325521           0  -0.0060241   0.0233215
   0.031134   0.0060241           0 -0.00716146
 -0.0200803  -0.0233215  0.00716146           0
Repeater1[0]<--->EndNode1[0]
REAL
   0.393041  0.00978135  0.00191327    0.325256
 0.00978135    0.114691   0.0469246 -0.00191327
 0.00191327   0.0469246    0.127577  0.00776251
   0.325256 -0.00191327  0.00776251    0.364691
IMAGINARY
         0   0.011906  0.0235693 -0.0340685
 -0.011906          0  0.0190685  0.0181493
-0.0235693 -0.0190685          0 -0.0312086
 0.0340685 -0.0181493  0.0312086          0
Repeater1[0]<--->HoM1[0]
REAL
  0.423423 0.00731807 0.00701071   0.310248
0.00731807   0.110682  0.0589455 0.00765922
0.00701071  0.0589455  0.0797941 0.00857435
  0.310248 0.00765922 0.00857435     0.3861
IMAGINARY
          0   -0.031134  0.00325521   0.0200803
   0.031134           0   0.0060241 -0.00716146
-0.00325521  -0.0060241           0   0.0233215
 -0.0200803  0.00716146  -0.0233215           0
EndNode1[0]<--->Repeater1[0]
REAL
  0.407216  0.0125464 0.00650325   0.318508
 0.0125464   0.100515  0.0593143  0.0154091
0.00650325  0.0593143   0.119845 0.00670987
  0.318508  0.0154091 0.00670987   0.372423
IMAGINARY
          0 -0.00660556  0.00559482  -0.0193307
 0.00660556           0   0.0090426 -0.00381546
-0.00559482  -0.0090426           0  -0.0105949
  0.0193307  0.00381546   0.0105949           0
EndNode2[0]<--->HoM1[0]
REAL
   0.408468  0.00700113 -0.00384598    0.308712
 0.00700113    0.102117   0.0640845  0.00510543
-0.00384598   0.0640845    0.108344  0.00307443
   0.308712  0.00510543  0.00307443    0.381071
IMAGINARY
          0 -0.00704912  0.00415075  -0.0179541
 0.00704912           0    0.011815   0.0280869
-0.00415075   -0.011815           0  -0.0176032
  0.0179541  -0.0280869   0.0176032           0
Repeater1[0]<--->EndNode1[0]
REAL
  0.407216 0.00650325  0.0125464   0.318508
0.00650325   0.119845  0.0593143 0.00670987
 0.0125464  0.0593143   0.100515  0.0154091
  0.318508 0.00670987  0.0154091   0.372423
IMAGINARY
          0  0.00559482 -0.00660556  -0.0193307
-0.00559482           0  -0.0090426  -0.0105949
 0.00660556   0.0090426           0 -0.00381546
  0.0193307   0.0105949  0.00381546           0
Repeater1[0]<--->HoM1[0]
REAL
   0.408468 -0.00384598  0.00700113    0.308712
-0.00384598    0.108344   0.0640845  0.00307443
 0.00700113   0.0640845    0.102117  0.00510543
   0.308712  0.00307443  0.00510543    0.381071
IMAGINARY
          0  0.00415075 -0.00704912  -0.0179541
-0.00415075           0   -0.011815  -0.0176032
 0.00704912    0.011815           0   0.0280869
  0.0179541   0.0176032  -0.0280869           0
EndNode1[0]<--->Repeater1[0]
REAL
   0.383202   0.0030553 -0.00110661    0.338949
  0.0030553    0.114173     0.03189  0.00843018
-0.00110661     0.03189     0.12336  0.00559983
   0.338949  0.00843018  0.00559983    0.379265
IMAGINARY
           0  -0.00615544 -0.000272191  -0.00471988
  0.00615544            0  -0.00534723   0.00615454
 0.000272191   0.00534723            0    0.0120378
  0.00471988  -0.00615454   -0.0120378            0
EndNode2[0]<--->HoM1[0]
REAL
   0.395619 -0.00259878 -0.00112032    0.309285
-0.00259878    0.108247   0.0510574   0.0175894
-0.00112032   0.0510574    0.114691   0.0111627
   0.309285   0.0175894   0.0111627    0.381443
IMAGINARY
           0    0.0230203   0.00150029  -0.00222722
  -0.0230203            0    0.0172207   -0.0128927
 -0.00150029   -0.0172207            0 -0.000235502
  0.00222722    0.0128927  0.000235502            0
Repeater1[0]<--->EndNode1[0]
REAL
   0.383202 -0.00110661   0.0030553    0.338949
-0.00110661     0.12336     0.03189  0.00559983
  0.0030553     0.03189    0.114173  0.00843018
   0.338949  0.00559983  0.00843018    0.379265
IMAGINARY
           0 -0.000272191  -0.00615544  -0.00471988
 0.000272191            0   0.00534723    0.0120378
  0.00615544  -0.00534723            0   0.00615454
  0.00471988   -0.0120378  -0.00615454            0
Repeater1[0]<--->HoM1[0]
REAL
   0.395619 -0.00112032 -0.00259878    0.309285
-0.00112032    0.114691   0.0510574   0.0111627
-0.00259878   0.0510574    0.108247   0.0175894
   0.309285   0.0111627   0.0175894    0.381443
IMAGINARY
           0   0.00150029    0.0230203  -0.00222722
 -0.00150029            0   -0.0172207 -0.000235502
  -0.0230203    0.0172207            0   -0.0128927
  0.00222722  0.000235502    0.0128927            0
EndNode1[0]<--->Repeater1[0]
REAL
    0.37831 -0.00159768 -0.00248961    0.324737
-0.00159768    0.121059   0.0320536  -0.0012141
-0.00248961   0.0320536    0.119798 0.000363108
   0.324737  -0.0012141 0.000363108    0.380832
IMAGINARY
          0  0.00454193   0.0219714   0.0160256
-0.00454193           0  0.00192308  -0.0138413
 -0.0219714 -0.00192308           0  -0.0221571
 -0.0160256   0.0138413   0.0221571           0
EndNode2[0]<--->HoM1[0]
REAL
  0.405815 -0.0141682 0.00625089     0.3287
-0.0141682   0.103666  0.0424407 -0.0203449
0.00625089  0.0424407  0.0986094 0.00275884
    0.3287 -0.0203449 0.00275884   0.391909
IMAGINARY
           0  -0.00853332    -0.012838  -0.00931844
  0.00853332            0    0.0161507  0.000115361
    0.012838   -0.0161507            0    0.0136224
  0.00931844 -0.000115361   -0.0136224            0
Repeater1[0]<--->EndNode1[0]
REAL
    0.37831 -0.00248961 -0.00159768    0.324737
-0.00248961    0.119798   0.0320536 0.000363108
-0.00159768   0.0320536    0.121059  -0.0012141
   0.324737 0.000363108  -0.0012141    0.380832
IMAGINARY
          0   0.0219714  0.00454193   0.0160256
 -0.0219714           0 -0.00192308  -0.0221571
-0.00454193  0.00192308           0  -0.0138413
 -0.0160256   0.0221571   0.0138413           0
Repeater1[0]<--->HoM1[0]
REAL
  0.405815 0.00625089 -0.0141682     0.3287
0.00625089  0.0986094  0.0424407 0.00275884
-0.0141682  0.0424407   0.103666 -0.0203449
    0.3287 0.00275884 -0.0203449   0.391909
IMAGINARY
           0    -0.012838  -0.00853332  -0.00931844
    0.012838            0   -0.0161507    0.0136224
  0.00853332    0.0161507            0  0.000115361
  0.00931844   -0.0136224 -0.000115361            0
EndNode1[0]<--->Repeater1[0]
REAL
   0.384236   0.0088634  -0.0118067    0.317759
  0.0088634    0.108374   0.0242808 -0.00933757
 -0.0118067   0.0242808    0.115764 -0.00388828
   0.317759 -0.00933757 -0.00388828    0.391626
IMAGINARY
          0  0.00348946  0.00627533   -0.019821
-0.00348946           0  -0.0044757 -0.00219924
-0.00627533   0.0044757           0   0.0087388
   0.019821  0.00219924  -0.0087388           0
EndNode2[0]<--->HoM1[0]
REAL
   0.402868 -0.00319779   0.0169638     0.31399
-0.00319779    0.108214   0.0393069 -0.00283188
  0.0169638   0.0393069     0.10691   0.0159838
    0.31399 -0.00283188   0.0159838    0.382008
IMAGINARY
           0    0.0176156   0.00813999  -0.00693891
  -0.0176156            0  -0.00127853    0.0197081
 -0.00813999   0.00127853            0  0.000105896
  0.00693891   -0.0197081 -0.000105896            0
Repeater1[0]<--->EndNode1[0]
REAL
   0.384236  -0.0118067   0.0088634    0.317759
 -0.0118067    0.115764   0.0242808 -0.00388828
  0.0088634   0.0242808    0.108374 -0.00933757
   0.317759 -0.00388828 -0.00933757    0.391626
IMAGINARY
          0  0.00627533  0.00348946   -0.019821
-0.00627533           0   0.0044757   0.0087388
-0.00348946  -0.0044757           0 -0.00219924
   0.019821  -0.0087388  0.00219924           0
Repeater1[0]<--->HoM1[0]
REAL
   0.402868   0.0169638 -0.00319779     0.31399
  0.0169638     0.10691   0.0393069   0.0159838
-0.00319779   0.0393069    0.108214 -0.00283188
    0.31399   0.0159838 -0.00283188    0.382008
IMAGINARY
           0   0.00813999    0.0176156  -0.00693891
 -0.00813999            0   0.00127853  0.000105896
  -0.0176156  -0.00127853            0    0.0197081
  0.00693891 -0.000105896   -0.0197081            0
EndNode1[0]<--->Repeater1[0]
REAL
    0.36051 0.000965251  0.00707611    0.308457
0.000965251    0.118471   0.0512602  -0.0115806
 0.00707611   0.0512602    0.107006 0.000965251
   0.308457  -0.0115806 0.000965251    0.414013
IMAGINARY
           0   0.00349572    0.0117854    0.0136937
 -0.00349572            0    0.0164111   0.00135599
  -0.0117854   -0.0164111            0  0.000884755
  -0.0136937  -0.00135599 -0.000884755            0
EndNode2[0]<--->HoM1[0]
REAL
   0.412292 -0.00669651 -0.00531661     0.30789
-0.00669651    0.108835   0.0454072  -0.0316955
-0.00531661   0.0454072    0.119078   -0.012819
    0.30789  -0.0316955   -0.012819    0.359795
IMAGINARY
          0  0.00720346 -0.00073495  0.00165576
-0.00720346           0   0.0160488  -0.0296294
 0.00073495  -0.0160488           0   0.0231609
-0.00165576   0.0296294  -0.0231609           0
Repeater1[0]<--->EndNode1[0]
REAL
    0.36051  0.00707611 0.000965251    0.308457
 0.00707611    0.107006   0.0512602 0.000965251
0.000965251   0.0512602    0.118471  -0.0115806
   0.308457 0.000965251  -0.0115806    0.414013
IMAGINARY
           0    0.0117854   0.00349572    0.0136937
  -0.0117854            0   -0.0164111  0.000884755
 -0.00349572    0.0164111            0   0.00135599
  -0.0136937 -0.000884755  -0.00135599            0
Repeater1[0]<--->HoM1[0]
REAL
   0.412292 -0.00531661 -0.00669651     0.30789
-0.00531661    0.119078   0.0454072   -0.012819
-0.00669651   0.0454072    0.108835  -0.0316955
    0.30789   -0.012819  -0.0316955    0.359795
IMAGINARY
          0 -0.00073495  0.00720346  0.00165576
 0.00073495           0  -0.0160488   0.0231609
-0.00720346   0.0160488           0  -0.0296294
-0.00165576  -0.0231609   0.0296294           0
EndNode1[0]<--->Repeater1[0]
REAL
  0.338939 -0.0186562 -0.0136405   0.318558
-0.0186562   0.113842  0.0396241 0.00939809
-0.0136405  0.0396241   0.122898  0.0156259
  0.318558 0.00939809  0.0156259   0.424321
IMAGINARY
          0   0.0219863  -0.0197324  0.00664949
 -0.0219863           0   0.0181827  -0.0238307
  0.0197324  -0.0181827           0  0.00597208
-0.00664949   0.0238307 -0.00597208           0
EndNode2[0]<--->HoM1[0]
REAL
   0.38815 -0.0119947 0.00159162   0.328485
-0.0119947   0.122128  0.0360568  0.0057125
0.00159162  0.0360568  0.0918984  0.0192988
  0.328485  0.0057125  0.0192988   0.397823
IMAGINARY
           0   -0.0157598   0.00397639  0.000645995
   0.0157598            0 -0.000645995   0.00907844
 -0.00397639  0.000645995            0  -0.00904434
-0.000645995  -0.00907844   0.00904434            0
Repeater1[0]<--->EndNode1[0]
REAL
  0.338939 -0.0136405 -0.0186562   0.318558
-0.0136405   0.122898  0.0396241  0.0156259
-0.0186562  0.0396241   0.113842 0.00939809
  0.318558  0.0156259 0.00939809   0.424321
IMAGINARY
          0  -0.0197324   0.0219863  0.00664949
  0.0197324           0  -0.0181827  0.00597208
 -0.0219863   0.0181827           0  -0.0238307
-0.00664949 -0.00597208   0.0238307           0
Repeater1[0]<--->HoM1[0]
REAL
   0.38815 0.00159162 -0.0119947   0.328485
0.00159162  0.0918984  0.0360568  0.0192988
-0.0119947  0.0360568   0.122128  0.0057125
  0.328485  0.0192988  0.0057125   0.397823
IMAGINARY
           0   0.00397639   -0.0157598  0.000645995
 -0.00397639            0  0.000645995  -0.00904434
   0.0157598 -0.000645995            0   0.00907844
-0.000645995   0.00904434  -0.00907844            0
EndNode1[0]<--->Repeater1[0]
REAL
  0.403004 -0.0205348  0.0291839   0.299359
-0.0205348   0.115144  0.0591318 -0.0184023
 0.0291839  0.0591318    0.10388   0.024578
  0.299359 -0.0184023   0.024578   0.377972
IMAGINARY
          0  -0.0197208   0.0148267  0.00293052
  0.0197208           0   0.0221613  0.00976344
 -0.0148267  -0.0221613           0 -0.00486934
-0.00293052 -0.00976344  0.00486934           0
EndNode2[0]<--->HoM1[0]
REAL
  0.418136  0.0157489 -0.0236396   0.318935
 0.0157489   0.112091  0.0340436  0.0255407
-0.0236396  0.0340436   0.105793 -0.0113129
  0.318935  0.0255407 -0.0113129    0.36398
IMAGINARY
          0 -0.00923268   0.0156924   0.0116241
 0.00923268           0  0.00182019  0.00415394
 -0.0156924 -0.00182019           0 -0.00549203
 -0.0116241 -0.00415394  0.00549203           0
Repeater1[0]<--->EndNode1[0]
REAL
  0.403004  0.0291839 -0.0205348   0.299359
 0.0291839    0.10388  0.0591318   0.024578
-0.0205348  0.0591318   0.115144 -0.0184023
  0.299359   0.024578 -0.0184023   0.377972
IMAGINARY
          0   0.0148267  -0.0197208  0.00293052
 -0.0148267           0  -0.0221613 -0.00486934
  0.0197208   0.0221613           0  0.00976344
-0.00293052  0.00486934 -0.00976344           0
Repeater1[0]<--->HoM1[0]
REAL
  0.418136 -0.0236396  0.0157489   0.318935
-0.0236396   0.105793  0.0340436 -0.0113129
 0.0157489  0.0340436   0.112091  0.0255407
  0.318935 -0.0113129  0.0255407    0.36398
IMAGINARY
          0   0.0156924 -0.00923268   0.0116241
 -0.0156924           0 -0.00182019 -0.00549203
 0.00923268  0.00182019           0  0.00415394
 -0.0116241  0.00549203 -0.00415394           0
EndNode1[0]<--->Repeater1[0]
REAL
  0.363874 -0.0121494  0.0181559   0.300304
-0.0121494   0.137435  0.0434461 -0.0116455
 0.0181559  0.0434461   0.123037  0.0160557
  0.300304 -0.0116455  0.0160557   0.375654
IMAGINARY
           0 -0.000623441    0.0181347  -0.00583709
 0.000623441            0     0.011059   -0.0181347
  -0.0181347    -0.011059            0 -0.000623441
  0.00583709    0.0181347  0.000623441            0
EndNode2[0]<--->HoM1[0]
REAL
   0.413929 -0.00763359  -0.0105471    0.309706
-0.00763359   0.0998686   0.0478008  0.00545803
 -0.0105471   0.0478008    0.106439 -0.00763359
   0.309706  0.00545803 -0.00763359    0.379763
IMAGINARY
          0  -0.0131272   0.0115357 -0.00127868
  0.0131272           0  0.00190603   0.0161349
 -0.0115357 -0.00190603           0  -0.0184043
 0.00127868  -0.0161349   0.0184043           0
Repeater1[0]<--->EndNode1[0]
REAL
  0.363874  0.0181559 -0.0121494   0.300304
 0.0181559   0.123037  0.0434461  0.0160557
-0.0121494  0.0434461   0.137435 -0.0116455
  0.300304  0.0160557 -0.0116455   0.375654
IMAGINARY
           0    0.0181347 -0.000623441  -0.00583709
  -0.0181347            0    -0.011059 -0.000623441
 0.000623441     0.011059            0   -0.0181347
  0.00583709  0.000623441    0.0181347            0
Repeater1[0]<--->HoM1[0]
REAL
   0.413929  -0.0105471 -0.00763359    0.309706
 -0.0105471    0.106439   0.0478008 -0.00763359
-0.00763359   0.0478008   0.0998686  0.00545803
   0.309706 -0.00763359  0.00545803    0.379763
IMAGINARY
          0   0.0115357  -0.0131272 -0.00127868
 -0.0115357           0 -0.00190603  -0.0184043
  0.0131272  0.00190603           0   0.0161349
 0.00127868   0.0184043  -0.0161349           0
EndNode1[0]<--->Repeater1[0]
REAL
  0.391821 0.00526152  0.0159208   0.317531
0.00526152  0.0976253  0.0403431 -0.0050373
 0.0159208  0.0403431  0.0989446  0.0094632
  0.317531 -0.0050373  0.0094632   0.411609
IMAGINARY
          0  -0.0179287   0.0076058  0.00677444
  0.0179287           0 -0.00995916  0.00963557
 -0.0076058  0.00995916           0  -0.0205329
-0.00677444 -0.00963557   0.0205329           0
EndNode2[0]<--->HoM1[0]
REAL
    0.376756    0.0228538 -0.000790443     0.306197
   0.0228538     0.114943    0.0498035    0.0221238
-0.000790443    0.0498035      0.10728  -0.00152042
    0.306197    0.0221238  -0.00152042     0.401022
IMAGINARY
          0 -0.00463702  0.00518093   0.0227226
 0.00463702           0 -0.00999993    0.021064
-0.00518093  0.00999993           0 -0.00141951
 -0.0227226   -0.021064  0.00141951           0
Repeater1[0]<--->EndNode1[0]
REAL
  0.391821  0.0159208 0.00526152   0.317531
 0.0159208  0.0989446  0.0403431  0.0094632
0.00526152  0.0403431  0.0976253 -0.0050373
  0.317531  0.0094632 -0.0050373   0.411609
IMAGINARY
          0   0.0076058  -0.0179287  0.00677444
 -0.0076058           0  0.00995916  -0.0205329
  0.0179287 -0.00995916           0  0.00963557
-0.00677444   0.0205329 -0.00963557           0
Repeater1[0]<--->HoM1[0]
REAL
    0.376756 -0.000790443    0.0228538     0.306197
-0.000790443      0.10728    0.0498035  -0.00152042
   0.0228538    0.0498035     0.114943    0.0221238
    0.306197  -0.00152042    0.0221238     0.401022
IMAGINARY
          0  0.00518093 -0.00463702   0.0227226
-0.00518093           0  0.00999993 -0.00141951
 0.00463702 -0.00999993           0    0.021064
 -0.0227226  0.00141951   -0.021064           0
EndNode1[0]<--->Repeater1[0]
REAL
  0.402597  0.0108199 -0.0125376   0.293077
 0.0108199   0.101299   0.054232  0.0244274
-0.0125376   0.054232        0.1  0.0185919
  0.293077  0.0244274  0.0185919   0.396104
IMAGINARY
          0 -0.00544734 -0.00859995  -0.0157577
 0.00544734           0 -0.00615464  -0.0123974
 0.00859995  0.00615464           0    0.012009
  0.0157577   0.0123974   -0.012009           0
EndNode2[0]<--->HoM1[0]
REAL
   0.380892  0.00598279  -0.0142003    0.313123
 0.00598279   0.0929936   0.0568504  0.00347645
 -0.0142003   0.0568504     0.13758 0.000719627
   0.313123  0.00347645 0.000719627    0.388535
IMAGINARY
          0  -0.0113262  0.00382142 -0.00212465
  0.0113262           0  -0.0197877  0.00872338
-0.00382142   0.0197877           0   0.0202867
 0.00212465 -0.00872338  -0.0202867           0
Repeater1[0]<--->EndNode1[0]
REAL
  0.402597 -0.0125376  0.0108199   0.293077
-0.0125376        0.1   0.054232  0.0185919
 0.0108199   0.054232   0.101299  0.0244274
  0.293077  0.0185919  0.0244274   0.396104
IMAGINARY
          0 -0.00859995 -0.00544734  -0.0157577
 0.00859995           0  0.00615464    0.012009
 0.00544734 -0.00615464           0  -0.0123974
  0.0157577   -0.012009   0.0123974           0
Repeater1[0]<--->HoM1[0]
REAL
   0.380892  -0.0142003  0.00598279    0.313123
 -0.0142003     0.13758   0.0568504 0.000719627
 0.00598279   0.0568504   0.0929936  0.00347645
   0.313123 0.000719627  0.00347645    0.388535
IMAGINARY
          0  0.00382142  -0.0113262 -0.00212465
-0.00382142           0   0.0197877   0.0202867
  0.0113262  -0.0197877           0  0.00872338
 0.00212465  -0.0202867 -0.00872338           0
EndNode1[0]<--->Repeater1[0]
REAL
    0.390212 -0.000841691   -0.0209093     0.321268
-0.000841691     0.112434    0.0561163    0.0140973
  -0.0209093    0.0561163     0.107143  -0.00869509
    0.321268    0.0140973  -0.00869509     0.390212
IMAGINARY
          0  -0.0129551  0.00893085  -0.0183231
  0.0129551           0    0.018952  -0.0240824
-0.00893085   -0.018952           0  0.00790458
  0.0183231   0.0240824 -0.00790458           0
EndNode2[0]<--->HoM1[0]
REAL
  0.411215  0.0135548  0.0164557   0.329335
 0.0135548  0.0881175  0.0263611  0.0189873
 0.0164557  0.0263611   0.104139 0.00163509
  0.329335  0.0189873 0.00163509   0.396529
IMAGINARY
          0 -0.00563514   0.0214856   0.0128615
 0.00563514           0 -0.00365101 -0.00847445
 -0.0214856  0.00365101           0  0.00625472
 -0.0128615  0.00847445 -0.00625472           0
Repeater1[0]<--->EndNode1[0]
REAL
    0.390212   -0.0209093 -0.000841691     0.321268
  -0.0209093     0.107143    0.0561163  -0.00869509
-0.000841691    0.0561163     0.112434    0.0140973
    0.321268  -0.00869509    0.0140973     0.390212
IMAGINARY
          0  0.00893085  -0.0129551  -0.0183231
-0.00893085           0   -0.018952  0.00790458
  0.0129551    0.018952           0  -0.0240824
  0.0183231 -0.00790458   0.0240824           0
Repeater1[0]<--->HoM1[0]
REAL
  0.411215  0.0164557  0.0135548   0.329335
 0.0164557   0.104139  0.0263611 0.00163509
 0.0135548  0.0263611  0.0881175  0.0189873
  0.329335 0.00163509  0.0189873   0.396529
IMAGINARY
          0   0.0214856 -0.00563514   0.0128615
 -0.0214856           0  0.00365101  0.00625472
 0.00563514 -0.00365101           0 -0.00847445
 -0.0128615 -0.00625472  0.00847445           0
EndNode1[0]<--->Repeater1[0]
REAL
   0.418491  -0.0229473  -0.0155761    0.326028
 -0.0229473    0.104623   0.0335749 -0.00892719
 -0.0155761   0.0335749     0.10219 -0.00950301
   0.326028 -0.00892719 -0.00950301    0.374696
IMAGINARY
           0     0.012883   -0.0200526   0.00958972
   -0.012883            0  0.000839724   0.00388011
   0.0200526 -0.000839724            0     0.019462
 -0.00958972  -0.00388011    -0.019462            0
EndNode2[0]<--->HoM1[0]
REAL
   0.377261  -0.0110104   -0.014626    0.328795
 -0.0110104    0.105943   0.0445306 -0.00668948
  -0.014626   0.0445306    0.118863   0.0140555
   0.328795 -0.00668948   0.0140555    0.397933
IMAGINARY
          0  -0.0119761   0.0137748  0.00805161
  0.0119761           0   0.0205025  0.00779875
 -0.0137748  -0.0205025           0  -0.0172117
-0.00805161 -0.00779875   0.0172117           0
Repeater1[0]<--->EndNode1[0]
REAL
   0.418491  -0.0155761  -0.0229473    0.326028
 -0.0155761     0.10219   0.0335749 -0.00950301
 -0.0229473   0.0335749    0.104623 -0.00892719
   0.326028 -0.00950301 -0.00892719    0.374696
IMAGINARY
           0   -0.0200526     0.012883   0.00958972
   0.0200526            0 -0.000839724     0.019462
   -0.012883  0.000839724            0   0.00388011
 -0.00958972    -0.019462  -0.00388011            0
Repeater1[0]<--->HoM1[0]
REAL
   0.377261   -0.014626  -0.0110104    0.328795
  -0.014626    0.118863   0.0445306   0.0140555
 -0.0110104   0.0445306    0.105943 -0.00668948
   0.328795   0.0140555 -0.00668948    0.397933
IMAGINARY
          0   0.0137748  -0.0119761  0.00805161
 -0.0137748           0  -0.0205025  -0.0172117
  0.0119761   0.0205025           0  0.00779875
-0.00805161   0.0172117 -0.00779875           0
EndNode1[0]<--->Repeater1[0]
REAL
   0.402906 -0.00952842 -0.00211721    0.307196
-0.00952842    0.108322   0.0434887  0.00896653
-0.00211721   0.0434887    0.116248   0.0122681
   0.307196  0.00896653   0.0122681    0.372523
IMAGINARY
          0  -0.0028853   0.0040161 -0.00225949
  0.0028853           0 -0.00105176   0.0116497
 -0.0040161  0.00105176           0 -0.00103115
 0.00225949  -0.0116497  0.00103115           0
EndNode2[0]<--->HoM1[0]
REAL
   0.390368 -0.00804291 -0.00793313    0.323883
-0.00804291    0.124208   0.0321675  -0.0143599
-0.00793313   0.0321675    0.131812 -0.00533288
   0.323883  -0.0143599 -0.00533288    0.353612
IMAGINARY
          0   0.0327259  -0.0156805   0.0127479
 -0.0327259           0  0.00944535  -0.0156805
  0.0156805 -0.00944535           0 -0.00136498
 -0.0127479   0.0156805  0.00136498           0
Repeater1[0]<--->EndNode1[0]
REAL
   0.402906 -0.00211721 -0.00952842    0.307196
-0.00211721    0.116248   0.0434887   0.0122681
-0.00952842   0.0434887    0.108322  0.00896653
   0.307196   0.0122681  0.00896653    0.372523
IMAGINARY
          0   0.0040161  -0.0028853 -0.00225949
 -0.0040161           0  0.00105176 -0.00103115
  0.0028853 -0.00105176           0   0.0116497
 0.00225949  0.00103115  -0.0116497           0
Repeater1[0]<--->HoM1[0]
REAL
   0.390368 -0.00793313 -0.00804291    0.323883
-0.00793313    0.131812   0.0321675 -0.00533288
-0.00804291   0.0321675    0.124208  -0.0143599
   0.323883 -0.00533288  -0.0143599    0.353612
IMAGINARY
          0  -0.0156805   0.0327259   0.0127479
  0.0156805           0 -0.00944535 -0.00136498
 -0.0327259  0.00944535           0  -0.0156805
 -0.0127479  0.00136498   0.0156805           0
EndNode1[0]<--->Repeater1[0]
REAL
   0.421121 -0.00647352 -0.00705013    0.324864
-0.00647352    0.113429   0.0545594  -0.0276812
-0.00705013   0.0545594   0.0990874   -0.030879
   0.324864  -0.0276812   -0.030879    0.366362
IMAGINARY
          0  0.00521556   0.0145972  -0.0140412
-0.00521556           0   0.0177357  -0.0310947
 -0.0145972  -0.0177357           0  0.00239866
  0.0140412   0.0310947 -0.00239866           0
EndNode2[0]<--->HoM1[0]
REAL
  0.372574 0.00527101 0.00170654   0.296918
0.00527101  0.0957309  0.0466028 -0.0212664
0.00170654  0.0466028   0.115136  -0.007716
  0.296918 -0.0212664  -0.007716   0.416559
IMAGINARY
           0    -0.014084    0.0260716   0.00714287
    0.014084            0  9.27645e-06      0.01239
  -0.0260716 -9.27645e-06            0   -0.0193334
 -0.00714287     -0.01239    0.0193334            0
Repeater1[0]<--->EndNode1[0]
REAL
   0.421121 -0.00705013 -0.00647352    0.324864
-0.00705013   0.0990874   0.0545594   -0.030879
-0.00647352   0.0545594    0.113429  -0.0276812
   0.324864   -0.030879  -0.0276812    0.366362
IMAGINARY
          0   0.0145972  0.00521556  -0.0140412
 -0.0145972           0  -0.0177357  0.00239866
-0.00521556   0.0177357           0  -0.0310947
  0.0140412 -0.00239866   0.0310947           0
Repeater1[0]<--->HoM1[0]
REAL
  0.372574 0.00170654 0.00527101   0.296918
0.00170654   0.115136  0.0466028  -0.007716
0.00527101  0.0466028  0.0957309 -0.0212664
  0.296918  -0.007716 -0.0212664   0.416559
IMAGINARY
           0    0.0260716    -0.014084   0.00714287
  -0.0260716            0 -9.27645e-06   -0.0193334
    0.014084  9.27645e-06            0      0.01239
 -0.00714287    0.0193334     -0.01239            0
EndNode1[0]<--->Repeater1[0]
REAL
  0.407895 0.00541743  0.0131445    0.31591
0.00541743        0.1  0.0567952 0.00582739
 0.0131445  0.0567952        0.1  0.0111064
   0.31591 0.00582739  0.0111064   0.392105
IMAGINARY
          0  0.00579534  0.00849229 -0.00982135
-0.00579534           0  0.00180656   0.0305702
-0.00849229 -0.00180656           0  0.00852758
 0.00982135  -0.0305702 -0.00852758           0
EndNode2[0]<--->HoM1[0]
REAL
   0.372423  -0.0217836  -0.0110072    0.314949
 -0.0217836    0.110825   0.0550004 -0.00793218
 -0.0110072   0.0550004    0.119845 -0.00599415
   0.314949 -0.00793218 -0.00599415    0.396907
IMAGINARY
          0  -0.0118509  0.00867659  -0.0184676
  0.0118509           0   0.0264042  0.00608592
-0.00867659  -0.0264042           0  -0.0170323
  0.0184676 -0.00608592   0.0170323           0
Repeater1[0]<--->EndNode1[0]
REAL
  0.407895  0.0131445 0.00541743    0.31591
 0.0131445        0.1  0.0567952  0.0111064
0.00541743  0.0567952        0.1 0.00582739
   0.31591  0.0111064 0.00582739   0.392105
IMAGINARY
          0  0.00849229  0.00579534 -0.00982135
-0.00849229           0 -0.00180656  0.00852758
-0.00579534  0.00180656           0   0.0305702
 0.00982135 -0.00852758  -0.0305702           0
Repeater1[0]<--->HoM1[0]
REAL
   0.372423  -0.0110072  -0.0217836    0.314949
 -0.0110072    0.119845   0.0550004 -0.00599415
 -0.0217836   0.0550004    0.110825 -0.00793218
   0.314949 -0.00599415 -0.00793218    0.396907
IMAGINARY
          0  0.00867659  -0.0118509  -0.0184676
-0.00867659           0  -0.0264042  -0.0170323
  0.0118509   0.0264042           0  0.00608592
  0.0184676   0.0170323 -0.00608592           0
EndNode1[0]<--->Repeater1[0]
REAL
  0.371827 0.00188509  0.0242257   0.326439
0.00188509   0.128173   0.042125 -0.0201607
 0.0242257   0.042125   0.111675   0.011665
  0.326439 -0.0201607   0.011665   0.388325
IMAGINARY
          0   0.0128157  -0.0140334 -0.00122581
 -0.0128157           0  -0.0103388 -0.00802541
  0.0140334   0.0103388           0  0.00434114
 0.00122581  0.00802541 -0.00434114           0
EndNode2[0]<--->HoM1[0]
REAL
   0.393229 -0.00945965 0.000146531    0.314499
-0.00945965    0.110677   0.0463465 -0.00355717
0.000146531   0.0463465    0.117188    0.011506
   0.314499 -0.00355717    0.011506    0.378906
IMAGINARY
          0   0.0257196  -0.0207218  -0.0157207
 -0.0257196           0   0.0101958  -0.0219533
  0.0207218  -0.0101958           0  0.00166895
  0.0157207   0.0219533 -0.00166895           0
Repeater1[0]<--->EndNode1[0]
REAL
  0.371827  0.0242257 0.00188509   0.326439
 0.0242257   0.111675   0.042125   0.011665
0.00188509   0.042125   0.128173 -0.0201607
  0.326439   0.011665 -0.0201607   0.388325
IMAGINARY
          0  -0.0140334   0.0128157 -0.00122581
  0.0140334           0   0.0103388  0.00434114
 -0.0128157  -0.0103388           0 -0.00802541
 0.00122581 -0.00434114  0.00802541           0
Repeater1[0]<--->HoM1[0]
REAL
   0.393229 0.000146531 -0.00945965    0.314499
0.000146531    0.117188   0.0463465    0.011506
-0.00945965   0.0463465    0.110677 -0.00355717
   0.314499    0.011506 -0.00355717    0.378906
IMAGINARY
          0  -0.0207218   0.0257196  -0.0157207
  0.0207218           0  -0.0101958  0.00166895
 -0.0257196   0.0101958           0  -0.0219533
  0.0157207 -0.00166895   0.0219533           0
EndNode1[0]<--->Repeater1[0]
REAL
  0.394141  0.0120545 -0.0132796   0.315648
 0.0120545   0.115846  0.0495811 0.00519333
-0.0132796  0.0495811   0.117177   0.004118
  0.315648 0.00519333   0.004118   0.372836
IMAGINARY
          0 -0.00420271   0.0248996  -0.0171602
 0.00420271           0  0.00575083  -0.0120462
 -0.0248996 -0.00575083           0 -0.00608006
  0.0171602   0.0120462  0.00608006           0
EndNode2[0]<--->HoM1[0]
REAL
   0.410891   -0.015519   0.0151322    0.317989
  -0.015519    0.110149   0.0400752  -0.0299709
  0.0151322   0.0400752   0.0878713 -0.00190034
   0.317989  -0.0299709 -0.00190034    0.391089
IMAGINARY
          0 -0.00223778    0.014265   0.0199236
 0.00223778           0   0.0128633  0.00107241
  -0.014265  -0.0128633           0  0.00285128
 -0.0199236 -0.00107241 -0.00285128           0
Repeater1[0]<--->EndNode1[0]
REAL
  0.394141 -0.0132796  0.0120545   0.315648
-0.0132796   0.117177  0.0495811   0.004118
 0.0120545  0.0495811   0.115846 0.00519333
  0.315648   0.004118 0.00519333   0.372836
IMAGINARY
          0   0.0248996 -0.00420271  -0.0171602
 -0.0248996           0 -0.00575083 -0.00608006
 0.00420271  0.00575083           0  -0.0120462
  0.0171602  0.00608006   0.0120462           0
Repeater1[0]<--->HoM1[0]
REAL
   0.410891   0.0151322   -0.015519    0.317989
  0.0151322   0.0878713   0.0400752 -0.00190034
  -0.015519   0.0400752    0.110149  -0.0299709
   0.317989 -0.00190034  -0.0299709    0.391089
IMAGINARY
          0    0.014265 -0.00223778   0.0199236
  -0.014265           0  -0.0128633  0.00285128
 0.00223778   0.0128633           0  0.00107241
 -0.0199236 -0.00285128 -0.00107241           0
EndNode1[0]<--->Repeater1[0]
REAL
   0.392279 -0.00458716  0.00582136    0.315203
-0.00458716    0.118306   0.0432503  0.00925072
 0.00582136   0.0432503    0.117061  0.00655308
   0.315203  0.00925072  0.00655308    0.372354
IMAGINARY
          0   0.0233312  0.00513899  -0.0150073
 -0.0233312           0  0.00928938   -0.013658
-0.00513899 -0.00928938           0  -0.0357821
  0.0150073    0.013658   0.0357821           0
EndNode2[0]<--->HoM1[0]
REAL
   0.384425 2.80415e-05   0.0113406    0.310356
2.80415e-05    0.106304   0.0550524 -0.00442234
  0.0113406   0.0550524     0.10754 -0.00443056
   0.310356 -0.00442234 -0.00443056    0.401731
IMAGINARY
          0  0.00185899   0.0275682  0.00166425
-0.00185899           0  0.00541425  -0.0226177
 -0.0275682 -0.00541425           0  -0.0167105
-0.00166425   0.0226177   0.0167105           0
Repeater1[0]<--->EndNode1[0]
REAL
   0.392279  0.00582136 -0.00458716    0.315203
 0.00582136    0.117061   0.0432503  0.00655308
-0.00458716   0.0432503    0.118306  0.00925072
   0.315203  0.00655308  0.00925072    0.372354
IMAGINARY
          0  0.00513899   0.0233312  -0.0150073
-0.00513899           0 -0.00928938  -0.0357821
 -0.0233312  0.00928938           0   -0.013658
  0.0150073   0.0357821    0.013658           0
Repeater1[0]<--->HoM1[0]
REAL
   0.384425   0.0113406 2.80415e-05    0.310356
  0.0113406     0.10754   0.0550524 -0.00443056
2.80415e-05   0.0550524    0.106304 -0.00442234
   0.310356 -0.00443056 -0.00442234    0.401731
IMAGINARY
          0   0.0275682  0.00185899  0.00166425
 -0.0275682           0 -0.00541425  -0.0167105
-0.00185899  0.00541425           0  -0.0226177
-0.00166425   0.0167105   0.0226177           0
EndNode1[0]<--->Repeater1[0]
REAL
   0.398458  0.00798061 -0.00392648    0.307967
 0.00798061    0.109254   0.0304733 -0.00582282
-0.00392648   0.0304733   0.0951157 -0.00101682
   0.307967 -0.00582282 -0.00101682    0.397172
IMAGINARY
          0  0.00191816  -0.0113828  -0.0109539
-0.00191816           0  0.00220395   0.0126616
  0.0113828 -0.00220395           0    0.019821
  0.0109539  -0.0126616   -0.019821           0
EndNode2[0]<--->HoM1[0]
REAL
  0.392039 0.00660866  0.0059562   0.316699
0.00660866   0.100121  0.0504986 0.00533198
 0.0059562  0.0504986   0.103739 0.00999161
  0.316699 0.00533198 0.00999161   0.404101
IMAGINARY
          0  -0.0102066   0.0188074 -0.00646561
  0.0102066           0 -0.00507285 -0.00419498
 -0.0188074  0.00507285           0 -0.00694715
 0.00646561  0.00419498  0.00694715           0
Repeater1[0]<--->EndNode1[0]
REAL
   0.398458 -0.00392648  0.00798061    0.307967
-0.00392648   0.0951157   0.0304733 -0.00101682
 0.00798061   0.0304733    0.109254 -0.00582282
   0.307967 -0.00101682 -0.00582282    0.397172
IMAGINARY
          0  -0.0113828  0.00191816  -0.0109539
  0.0113828           0 -0.00220395    0.019821
-0.00191816  0.00220395           0   0.0126616
  0.0109539   -0.019821  -0.0126616           0
Repeater1[0]<--->HoM1[0]
REAL
  0.392039  0.0059562 0.00660866   0.316699
 0.0059562   0.103739  0.0504986 0.00999161
0.00660866  0.0504986   0.100121 0.00533198
  0.316699 0.00999161 0.00533198   0.404101
IMAGINARY
          0   0.0188074  -0.0102066 -0.00646561
 -0.0188074           0  0.00507285 -0.00694715
  0.0102066 -0.00507285           0 -0.00419498
 0.00646561  0.00694715  0.00419498           0
EndNode1[0]<--->Repeater1[0]
REAL
     0.37859   0.00272277    0.0116456     0.308468
  0.00272277    0.0939948    0.0409677 -0.000980634
   0.0116456    0.0409677     0.112272    0.0204893
    0.308468 -0.000980634    0.0204893     0.415144
IMAGINARY
          0   0.0159457 -0.00620115  0.00342641
 -0.0159457           0  -0.0157552 -0.00754885
 0.00620115   0.0157552           0   0.0203043
-0.00342641  0.00754885  -0.0203043           0
EndNode2[0]<--->HoM1[0]
REAL
   0.362319  0.00986985  0.00440023     0.32708
 0.00986985    0.131752    0.044811 -0.00315645
 0.00440023    0.044811   0.0988142   -0.014845
    0.32708 -0.00315645   -0.014845    0.407115
IMAGINARY
          0  0.00980149  -0.0137724   0.0016872
-0.00980149           0   0.0168787  0.00399407
  0.0137724  -0.0168787           0  0.00388821
 -0.0016872 -0.00399407 -0.00388821           0
Repeater1[0]<--->EndNode1[0]
REAL
     0.37859    0.0116456   0.00272277     0.308468
   0.0116456     0.112272    0.0409677    0.0204893
  0.00272277    0.0409677    0.0939948 -0.000980634
    0.308468    0.0204893 -0.000980634     0.415144
IMAGINARY
          0 -0.00620115   0.0159457  0.00342641
 0.00620115           0   0.0157552   0.0203043
 -0.0159457  -0.0157552           0 -0.00754885
-0.00342641  -0.0203043  0.00754885           0
Repeater1[0]<--->HoM1[0]
REAL
   0.362319  0.00440023  0.00986985     0.32708
 0.00440023   0.0988142    0.044811   -0.014845
 0.00986985    0.044811    0.131752 -0.00315645
    0.32708   -0.014845 -0.00315645    0.407115
IMAGINARY
          0  -0.0137724  0.00980149   0.0016872
  0.0137724           0  -0.0168787  0.00388821
-0.00980149   0.0168787           0  0.00399407
 -0.0016872 -0.00388821 -0.00399407           0
EndNode1[0]<--->Repeater1[0]
REAL
   0.416223  0.00827856   0.0213574    0.317608
 0.00827856   0.0957447   0.0489705 -0.00220283
  0.0213574   0.0489705   0.0917553    0.017481
   0.317608 -0.00220283    0.017481    0.396277
IMAGINARY
          0 -0.00097427   0.0206187 -0.00603799
 0.00097427           0 -0.00730381 -5.3141e-05
 -0.0206187  0.00730381           0 -0.00416712
 0.00603799  5.3141e-05  0.00416712           0
EndNode2[0]<--->HoM1[0]
REAL
  0.418182 0.00919775  0.0096481   0.320304
0.00919775   0.117483  0.0314019 0.00347526
 0.0096481  0.0314019  0.0937063 -0.0131348
  0.320304 0.00347526 -0.0131348   0.370629
IMAGINARY
           0   0.00172751   0.00166694  -0.00654907
 -0.00172751            0  0.000697311  -0.00227007
 -0.00166694 -0.000697311            0  -0.00715574
  0.00654907   0.00227007   0.00715574            0
Repeater1[0]<--->EndNode1[0]
REAL
   0.416223   0.0213574  0.00827856    0.317608
  0.0213574   0.0917553   0.0489705    0.017481
 0.00827856   0.0489705   0.0957447 -0.00220283
   0.317608    0.017481 -0.00220283    0.396277
IMAGINARY
          0   0.0206187 -0.00097427 -0.00603799
 -0.0206187           0  0.00730381 -0.00416712
 0.00097427 -0.00730381           0 -5.3141e-05
 0.00603799  0.00416712  5.3141e-05           0
Repeater1[0]<--->HoM1[0]
REAL
  0.418182  0.0096481 0.00919775   0.320304
 0.0096481  0.0937063  0.0314019 -0.0131348
0.00919775  0.0314019   0.117483 0.00347526
  0.320304 -0.0131348 0.00347526   0.370629
IMAGINARY
           0   0.00166694   0.00172751  -0.00654907
 -0.00166694            0 -0.000697311  -0.00715574
 -0.00172751  0.000697311            0  -0.00227007
  0.00654907   0.00715574   0.00227007            0
EndNode1[0]<--->Repeater1[0]
REAL
  0.399746  0.0120584 -0.0016129   0.326703
 0.0120584   0.119289  0.0335123  0.0016129
-0.0016129  0.0335123  0.0989848 -0.0039939
  0.326703  0.0016129 -0.0039939    0.38198
IMAGINARY
          0  -0.0105579    0.014029  0.00540371
  0.0105579           0  0.00800111   0.0181274
  -0.014029 -0.00800111           0  0.00362217
-0.00540371  -0.0181274 -0.00362217           0
EndNode2[0]<--->HoM1[0]
REAL
   0.401035 0.000528382  -0.0187562    0.322804
0.000528382    0.108668   0.0440434   0.0119627
 -0.0187562   0.0440434    0.115136   0.0144173
   0.322804   0.0119627   0.0144173    0.375162
IMAGINARY
           0  -0.00207647  0.000244511  -0.00192308
  0.00207647            0  0.000641026  -0.00846196
-0.000244511 -0.000641026            0    0.0216719
  0.00192308   0.00846196   -0.0216719            0
Repeater1[0]<--->EndNode1[0]
REAL
  0.399746 -0.0016129  0.0120584   0.326703
