EndNode1[0]<--->Repeater1[0]
REAL
   0.378446 -0.00484521   0.0140636    0.163199
-0.00484521    0.154135   0.0448678  -0.0172647
  0.0140636   0.0448678    0.125313   0.0170091
   0.163199  -0.0172647   0.0170091    0.342105
IMAGINARY
          0    0.017508  -0.0173069   0.0211864
  -0.017508           0   0.0211864 -0.00389693
  0.0173069  -0.0211864           0  -0.0058801
 -0.0211864  0.00389693   0.0058801           0
EndNode2[0]<--->HoM1[0]
REAL
    0.36129 -0.00615166   0.0246453    0.164374
-0.00615166    0.165161   0.0361684  0.00787507
  0.0246453   0.0361684    0.141935  0.00208662
   0.164374  0.00787507  0.00208662    0.331613
IMAGINARY
          0 -0.00864364  0.00445439 -0.00867652
 0.00864364           0   0.0146526  -0.0211211
-0.00445439  -0.0146526           0 -0.00545893
 0.00867652   0.0211211  0.00545893           0
Repeater1[0]<--->EndNode1[0]
REAL
   0.378446   0.0140636 -0.00484521    0.163199
  0.0140636    0.125313   0.0448678   0.0170091
-0.00484521   0.0448678    0.154135  -0.0172647
   0.163199   0.0170091  -0.0172647    0.342105
IMAGINARY
          0  -0.0173069    0.017508   0.0211864
  0.0173069           0  -0.0211864  -0.0058801
  -0.017508   0.0211864           0 -0.00389693
 -0.0211864   0.0058801  0.00389693           0
Repeater1[0]<--->HoM1[0]
REAL
    0.36129   0.0246453 -0.00615166    0.164374
  0.0246453    0.141935   0.0361684  0.00208662
-0.00615166   0.0361684    0.165161  0.00787507
   0.164374  0.00208662  0.00787507    0.331613
IMAGINARY
          0  0.00445439 -0.00864364 -0.00867652
-0.00445439           0  -0.0146526 -0.00545893
 0.00864364   0.0146526           0  -0.0211211
 0.00867652  0.00545893   0.0211211           0
EndNode1[0]<--->Repeater1[0]
REAL
   0.349669  0.00148623  0.00316442     0.17388
 0.00148623    0.153642   0.0207385 -0.00629333
 0.00316442   0.0207385    0.154967  -0.0171308
    0.17388 -0.00629333  -0.0171308    0.341722
IMAGINARY
           0  -0.00584685 -0.000153988  -0.00147674
  0.00584685            0   0.00857351    0.0145519
 0.000153988  -0.00857351            0  -0.00462436
  0.00147674   -0.0145519   0.00462436            0
EndNode2[0]<--->HoM1[0]
REAL
   0.347826  -0.0101537  0.00776731    0.158105
 -0.0101537     0.13285   0.0415244 0.000267305
 0.00776731   0.0415244    0.163043   0.0144801
   0.158105 0.000267305   0.0144801     0.35628
IMAGINARY
          0 -0.00694642   -0.014609  0.00533546
 0.00694642           0  0.00664436  -0.0112977
   0.014609 -0.00664436           0   0.0095371
-0.00533546   0.0112977  -0.0095371           0
Repeater1[0]<--->EndNode1[0]
REAL
   0.349669  0.00316442  0.00148623     0.17388
 0.00316442    0.154967   0.0207385  -0.0171308
 0.00148623   0.0207385    0.153642 -0.00629333
    0.17388  -0.0171308 -0.00629333    0.341722
IMAGINARY
           0 -0.000153988  -0.00584685  -0.00147674
 0.000153988            0  -0.00857351  -0.00462436
  0.00584685   0.00857351            0    0.0145519
  0.00147674   0.00462436   -0.0145519            0
Repeater1[0]<--->HoM1[0]
REAL
   0.347826  0.00776731  -0.0101537    0.158105
 0.00776731    0.163043   0.0415244   0.0144801
 -0.0101537   0.0415244     0.13285 0.000267305
   0.158105   0.0144801 0.000267305     0.35628
IMAGINARY
          0   -0.014609 -0.00694642  0.00533546
   0.014609           0 -0.00664436   0.0095371
 0.00694642  0.00664436           0  -0.0112977
-0.00533546  -0.0095371   0.0112977           0
EndNode1[0]<--->Repeater1[0]
REAL
   0.368421  -0.0215357  -0.0288358    0.171329
 -0.0215357    0.148909   0.0306418 -0.00687847
 -0.0288358   0.0306418    0.168164 0.000599728
   0.171329 -0.00687847 0.000599728    0.314506
IMAGINARY
           0    0.0254247   0.00595414  -0.00940343
  -0.0254247            0  0.000452023  -0.00133063
 -0.00595414 -0.000452023            0   0.00958188
  0.00940343   0.00133063  -0.00958188            0
EndNode2[0]<--->HoM1[0]
REAL
   0.338542 -0.00366423 -0.00318747    0.171506
-0.00366423    0.154948   0.0461858  -0.0338263
-0.00318747   0.0461858    0.157552  0.00554629
   0.171506  -0.0338263  0.00554629    0.348958
IMAGINARY
           0   -0.0222772  0.000377819    0.0147646
   0.0222772            0    0.0311473    0.0124099
-0.000377819   -0.0311473            0   0.00821065
  -0.0147646   -0.0124099  -0.00821065            0
Repeater1[0]<--->EndNode1[0]
REAL
   0.368421  -0.0288358  -0.0215357    0.171329
 -0.0288358    0.168164   0.0306418 0.000599728
 -0.0215357   0.0306418    0.148909 -0.00687847
   0.171329 0.000599728 -0.00687847    0.314506
IMAGINARY
           0   0.00595414    0.0254247  -0.00940343
 -0.00595414            0 -0.000452023   0.00958188
  -0.0254247  0.000452023            0  -0.00133063
  0.00940343  -0.00958188   0.00133063            0
Repeater1[0]<--->HoM1[0]
REAL
   0.338542 -0.00318747 -0.00366423    0.171506
-0.00318747    0.157552   0.0461858  0.00554629
-0.00366423   0.0461858    0.154948  -0.0338263
   0.171506  0.00554629  -0.0338263    0.348958
IMAGINARY
           0  0.000377819   -0.0222772    0.0147646
-0.000377819            0   -0.0311473   0.00821065
   0.0222772    0.0311473            0    0.0124099
  -0.0147646  -0.00821065   -0.0124099            0
EndNode1[0]<--->Repeater1[0]
REAL
   0.375165  0.00399252  -0.0258935    0.170542
 0.00399252    0.151915   0.0600849 -0.00547185
 -0.0258935   0.0600849    0.192867  -0.0267478
   0.170542 -0.00547185  -0.0267478    0.280053
IMAGINARY
          0  -0.0150165  -0.0201438  -0.0130262
  0.0150165           0   0.0187297  0.00118954
  0.0201438  -0.0187297           0 -0.00263057
  0.0130262 -0.00118954  0.00263057           0
EndNode2[0]<--->HoM1[0]
REAL
  0.369018 0.00655097 0.00828338   0.168793
0.00655097   0.153652   0.036402 -0.0160756
0.00828338   0.036402   0.161209 -0.0130445
  0.168793 -0.0160756 -0.0130445   0.316121
IMAGINARY
           0    0.0102338   -0.0248425 -0.000914524
  -0.0102338            0  -0.00543065    0.0145597
   0.0248425   0.00543065            0   0.00261963
 0.000914524   -0.0145597  -0.00261963            0
Repeater1[0]<--->EndNode1[0]
REAL
   0.375165  -0.0258935  0.00399252    0.170542
 -0.0258935    0.192867   0.0600849  -0.0267478
 0.00399252   0.0600849    0.151915 -0.00547185
   0.170542  -0.0267478 -0.00547185    0.280053
IMAGINARY
          0  -0.0201438  -0.0150165  -0.0130262
  0.0201438           0  -0.0187297 -0.00263057
  0.0150165   0.0187297           0  0.00118954
  0.0130262  0.00263057 -0.00118954           0
Repeater1[0]<--->HoM1[0]
REAL
  0.369018 0.00828338 0.00655097   0.168793
0.00828338   0.161209   0.036402 -0.0130445
0.00655097   0.036402   0.153652 -0.0160756
  0.168793 -0.0130445 -0.0160756   0.316121
IMAGINARY
           0   -0.0248425    0.0102338 -0.000914524
   0.0248425            0   0.00543065   0.00261963
  -0.0102338  -0.00543065            0    0.0145597
 0.000914524  -0.00261963   -0.0145597            0
EndNode1[0]<--->Repeater1[0]
REAL
   0.358344 -0.00958669  0.00328967     0.16928
-0.00958669    0.153946   0.0280028  -0.0181668
 0.00328967   0.0280028     0.16947 -0.00270309
    0.16928  -0.0181668 -0.00270309    0.318241
IMAGINARY
          0  -0.0047111   0.0126581   0.0159681
  0.0047111           0 -0.00418797   0.0205115
 -0.0126581  0.00418797           0  -0.0260014
 -0.0159681  -0.0205115   0.0260014           0
EndNode2[0]<--->HoM1[0]
REAL
   0.344059 0.000994402   0.0207487    0.180113
0.000994402    0.154703   0.0255428  -0.0117513
  0.0207487   0.0255428    0.170792  0.00414699
   0.180113  -0.0117513  0.00414699    0.330446
IMAGINARY
          0 -0.00252741  -0.0128333 -0.00137804
 0.00252741           0   0.0169835 -0.00598394
  0.0128333  -0.0169835           0  -0.0149457
 0.00137804  0.00598394   0.0149457           0
Repeater1[0]<--->EndNode1[0]
REAL
   0.358344  0.00328967 -0.00958669     0.16928
 0.00328967     0.16947   0.0280028 -0.00270309
-0.00958669   0.0280028    0.153946  -0.0181668
    0.16928 -0.00270309  -0.0181668    0.318241
IMAGINARY
          0   0.0126581  -0.0047111   0.0159681
 -0.0126581           0  0.00418797  -0.0260014
  0.0047111 -0.00418797           0   0.0205115
 -0.0159681   0.0260014  -0.0205115           0
Repeater1[0]<--->HoM1[0]
REAL
   0.344059   0.0207487 0.000994402    0.180113
  0.0207487    0.170792   0.0255428  0.00414699
0.000994402   0.0255428    0.154703  -0.0117513
   0.180113  0.00414699  -0.0117513    0.330446
IMAGINARY
          0  -0.0128333 -0.00252741 -0.00137804
  0.0128333           0  -0.0169835  -0.0149457
 0.00252741   0.0169835           0 -0.00598394
 0.00137804   0.0149457  0.00598394           0
EndNode1[0]<--->Repeater1[0]
REAL
   0.325551  -0.0111111 -0.00263034    0.169104
 -0.0111111    0.172503   0.0457107  -0.0121845
-0.00263034   0.0457107    0.156939   0.0197531
   0.169104  -0.0121845   0.0197531    0.345006
IMAGINARY
          0    -0.01113 -0.00338753  0.00829358
    0.01113           0 -0.00370642  0.00338753
 0.00338753  0.00370642           0 -0.00043815
-0.00829358 -0.00338753  0.00043815           0
EndNode2[0]<--->HoM1[0]
REAL
    0.36478 0.000259415   0.0146483    0.174583
0.000259415    0.138365   0.0364993  -0.0120097
  0.0146483   0.0364993    0.143396 -0.00685572
   0.174583  -0.0120097 -0.00685572    0.353459
IMAGINARY
          0  0.00698673  -0.0128367   0.0406711
-0.00698673           0  -0.0150301  -0.0180586
  0.0128367   0.0150301           0   0.0150814
 -0.0406711   0.0180586  -0.0150814           0
Repeater1[0]<--->EndNode1[0]
REAL
   0.325551 -0.00263034  -0.0111111    0.169104
-0.00263034    0.156939   0.0457107   0.0197531
 -0.0111111   0.0457107    0.172503  -0.0121845
   0.169104   0.0197531  -0.0121845    0.345006
IMAGINARY
          0 -0.00338753    -0.01113  0.00829358
 0.00338753           0  0.00370642 -0.00043815
    0.01113 -0.00370642           0  0.00338753
-0.00829358  0.00043815 -0.00338753           0
Repeater1[0]<--->HoM1[0]
REAL
    0.36478   0.0146483 0.000259415    0.174583
  0.0146483    0.143396   0.0364993 -0.00685572
0.000259415   0.0364993    0.138365  -0.0120097
   0.174583 -0.00685572  -0.0120097    0.353459
IMAGINARY
          0  -0.0128367  0.00698673   0.0406711
  0.0128367           0   0.0150301   0.0150814
-0.00698673  -0.0150301           0  -0.0180586
 -0.0406711  -0.0150814   0.0180586           0
EndNode1[0]<--->Repeater1[0]
REAL
   0.386826 -0.00360545  -0.0298096     0.17959
-0.00360545    0.118563   0.0467778   0.0198593
 -0.0298096   0.0467778    0.147305  0.00111789
    0.17959   0.0198593  0.00111789    0.347305
IMAGINARY
          0  -0.0130628  -0.0118415 -0.00535069
  0.0130628           0 -0.00601294  -0.0168043
  0.0118415  0.00601294           0    0.031292
 0.00535069   0.0168043   -0.031292           0
EndNode2[0]<--->HoM1[0]
REAL
   0.346806   -0.026145 -0.00184268     0.18605
  -0.026145    0.123859   0.0292966  0.00926843
-0.00184268   0.0292966    0.166884  0.00386777
    0.18605  0.00926843  0.00386777    0.362451
IMAGINARY
          0  -0.0100782   0.0108426 -0.00952414
  0.0100782           0  0.00392016   0.0108426
 -0.0108426 -0.00392016           0  0.00202369
 0.00952414  -0.0108426 -0.00202369           0
Repeater1[0]<--->EndNode1[0]
REAL
   0.386826  -0.0298096 -0.00360545     0.17959
 -0.0298096    0.147305   0.0467778  0.00111789
-0.00360545   0.0467778    0.118563   0.0198593
    0.17959  0.00111789   0.0198593    0.347305
IMAGINARY
          0  -0.0118415  -0.0130628 -0.00535069
  0.0118415           0  0.00601294    0.031292
  0.0130628 -0.00601294           0  -0.0168043
 0.00535069   -0.031292   0.0168043           0
Repeater1[0]<--->HoM1[0]
REAL
   0.346806 -0.00184268   -0.026145     0.18605
-0.00184268    0.166884   0.0292966  0.00386777
  -0.026145   0.0292966    0.123859  0.00926843
    0.18605  0.00386777  0.00926843    0.362451
IMAGINARY
          0   0.0108426  -0.0100782 -0.00952414
 -0.0108426           0 -0.00392016  0.00202369
  0.0100782  0.00392016           0   0.0108426
 0.00952414 -0.00202369  -0.0108426           0
EndNode1[0]<--->Repeater1[0]
REAL
  0.351213 0.00388883  -0.018492   0.153022
0.00388883   0.153257  0.0353746 -0.0121468
 -0.018492  0.0353746   0.135377  0.0163198
  0.153022 -0.0121468  0.0163198   0.360153
IMAGINARY
          0  -0.0114703 -0.00243384  -0.0213403
  0.0114703           0 -0.00937222   0.0113853
 0.00243384  0.00937222           0 -0.00643251
  0.0213403  -0.0113853  0.00643251           0
EndNode2[0]<--->HoM1[0]
REAL
  0.362025 -0.0222212 0.00603653    0.17788
-0.0222212   0.140506  0.0217536  -0.011531
0.00603653  0.0217536   0.175949 0.00451673
   0.17788  -0.011531 0.00451673   0.321519
IMAGINARY
          0  0.00123117   0.0144585   0.0201523
-0.00123117           0 -0.00709743 -0.00457706
 -0.0144585  0.00709743           0 -0.00188993
 -0.0201523  0.00457706  0.00188993           0
Repeater1[0]<--->EndNode1[0]
REAL
  0.351213  -0.018492 0.00388883   0.153022
 -0.018492   0.135377  0.0353746  0.0163198
0.00388883  0.0353746   0.153257 -0.0121468
  0.153022  0.0163198 -0.0121468   0.360153
IMAGINARY
          0 -0.00243384  -0.0114703  -0.0213403
 0.00243384           0  0.00937222 -0.00643251
  0.0114703 -0.00937222           0   0.0113853
  0.0213403  0.00643251  -0.0113853           0
Repeater1[0]<--->HoM1[0]
REAL
  0.362025 0.00603653 -0.0222212    0.17788
0.00603653   0.175949  0.0217536 0.00451673
-0.0222212  0.0217536   0.140506  -0.011531
   0.17788 0.00451673  -0.011531   0.321519
IMAGINARY
          0   0.0144585  0.00123117   0.0201523
 -0.0144585           0  0.00709743 -0.00188993
-0.00123117 -0.00709743           0 -0.00457706
 -0.0201523  0.00188993  0.00457706           0
EndNode1[0]<--->Repeater1[0]
REAL
       0.35  -0.0124095 -0.00876047    0.159346
 -0.0124095    0.129487   0.0429241  -0.0292903
-0.00876047   0.0429241    0.164103  -0.0162955
   0.159346  -0.0292903  -0.0162955     0.35641
IMAGINARY
          0  0.00760147 -0.00597005 -0.00788425
-0.00760147           0   0.0123772 -0.00138289
 0.00597005  -0.0123772           0  -0.0112779
 0.00788425  0.00138289   0.0112779           0
EndNode2[0]<--->HoM1[0]
REAL
  0.352572 -0.0106253 -0.0156134   0.149949
-0.0106253   0.151819    0.04174 -0.0259415
-0.0156134    0.04174    0.14931  -0.001439
  0.149949 -0.0259415  -0.001439   0.346299
IMAGINARY
          0   0.0234014  0.00500876  0.00797858
 -0.0234014           0 -0.00409257  -0.0137152
-0.00500876  0.00409257           0  -0.0159387
-0.00797858   0.0137152   0.0159387           0
Repeater1[0]<--->EndNode1[0]
REAL
       0.35 -0.00876047  -0.0124095    0.159346
-0.00876047    0.164103   0.0429241  -0.0162955
 -0.0124095   0.0429241    0.129487  -0.0292903
   0.159346  -0.0162955  -0.0292903     0.35641
IMAGINARY
          0 -0.00597005  0.00760147 -0.00788425
 0.00597005           0  -0.0123772  -0.0112779
-0.00760147   0.0123772           0 -0.00138289
 0.00788425   0.0112779  0.00138289           0
Repeater1[0]<--->HoM1[0]
REAL
  0.352572 -0.0156134 -0.0106253   0.149949
-0.0156134    0.14931    0.04174  -0.001439
-0.0106253    0.04174   0.151819 -0.0259415
  0.149949  -0.001439 -0.0259415   0.346299
IMAGINARY
          0  0.00500876   0.0234014  0.00797858
-0.00500876           0  0.00409257  -0.0159387
 -0.0234014 -0.00409257           0  -0.0137152
-0.00797858   0.0159387   0.0137152           0
EndNode1[0]<--->Repeater1[0]
REAL
  0.341026 -0.0178298  0.0034328   0.164614
-0.0178298   0.180769  0.0288529 -0.0109705
 0.0034328  0.0288529   0.126923 -0.0098084
  0.164614 -0.0109705 -0.0098084   0.351282
IMAGINARY
          0  -0.0052317   0.0233533 -0.00136787
  0.0052317           0  0.00757134   0.0130705
 -0.0233533 -0.00757134           0  0.00192044
 0.00136787  -0.0130705 -0.00192044           0
EndNode2[0]<--->HoM1[0]
REAL
   0.336412 -0.00971511 -0.00746123    0.162965
-0.00971511    0.153034   0.0317312  0.00422708
-0.00746123   0.0317312    0.158311 -0.00645566
   0.162965  0.00422708 -0.00645566    0.352243
IMAGINARY
           0   0.00278173  -0.00568469   -0.0198131
 -0.00278173            0    0.0106747 -0.000876994
  0.00568469   -0.0106747            0   -0.0211544
   0.0198131  0.000876994    0.0211544            0
Repeater1[0]<--->EndNode1[0]
REAL
  0.341026  0.0034328 -0.0178298   0.164614
 0.0034328   0.126923  0.0288529 -0.0098084
-0.0178298  0.0288529   0.180769 -0.0109705
  0.164614 -0.0098084 -0.0109705   0.351282
IMAGINARY
          0   0.0233533  -0.0052317 -0.00136787
 -0.0233533           0 -0.00757134  0.00192044
  0.0052317  0.00757134           0   0.0130705
 0.00136787 -0.00192044  -0.0130705           0
Repeater1[0]<--->HoM1[0]
REAL
   0.336412 -0.00746123 -0.00971511    0.162965
-0.00746123    0.158311   0.0317312 -0.00645566
-0.00971511   0.0317312    0.153034  0.00422708
   0.162965 -0.00645566  0.00422708    0.352243
IMAGINARY
           0  -0.00568469   0.00278173   -0.0198131
  0.00568469            0   -0.0106747   -0.0211544
 -0.00278173    0.0106747            0 -0.000876994
   0.0198131    0.0211544  0.000876994            0
EndNode1[0]<--->Repeater1[0]
REAL
   0.393782 -0.00458134  -0.0132749    0.165928
-0.00458134    0.138601   0.0481717 -0.00369637
 -0.0132749   0.0481717    0.147668 -0.00325156
   0.165928 -0.00369637 -0.00325156    0.319948
IMAGINARY
           0    0.0110626   0.00219061   0.00496256
  -0.0110626            0  0.000314485 -0.000341039
 -0.00219061 -0.000314485            0  -0.00304782
 -0.00496256  0.000341039   0.00304782            0
EndNode2[0]<--->HoM1[0]
REAL
  0.355414 -0.0181036 -0.0267943   0.170098
-0.0181036   0.165605  0.0290057 0.00694799
-0.0267943  0.0290057   0.146497 0.00209845
  0.170098 0.00694799 0.00209845   0.332484
IMAGINARY
          0  0.00658514  0.00865286  -0.0190802
-0.00658514           0 -0.00949119  -0.0106034
-0.00865286  0.00949119           0  -0.0176385
  0.0190802   0.0106034   0.0176385           0
Repeater1[0]<--->EndNode1[0]
REAL
   0.393782  -0.0132749 -0.00458134    0.165928
 -0.0132749    0.147668   0.0481717 -0.00325156
-0.00458134   0.0481717    0.138601 -0.00369637
   0.165928 -0.00325156 -0.00369637    0.319948
IMAGINARY
           0   0.00219061    0.0110626   0.00496256
 -0.00219061            0 -0.000314485  -0.00304782
  -0.0110626  0.000314485            0 -0.000341039
 -0.00496256   0.00304782  0.000341039            0
Repeater1[0]<--->HoM1[0]
REAL
  0.355414 -0.0267943 -0.0181036   0.170098
-0.0267943   0.146497  0.0290057 0.00209845
-0.0181036  0.0290057   0.165605 0.00694799
  0.170098 0.00209845 0.00694799   0.332484
IMAGINARY
          0  0.00865286  0.00658514  -0.0190802
-0.00865286           0  0.00949119  -0.0176385
-0.00658514 -0.00949119           0  -0.0106034
  0.0190802   0.0176385   0.0106034           0
EndNode1[0]<--->Repeater1[0]
REAL
   0.370274   0.0133976  0.00562892    0.159115
  0.0133976    0.152542   0.0397118 0.000238089
 0.00562892   0.0397118    0.164276   -0.016657
   0.159115 0.000238089   -0.016657    0.312907
IMAGINARY
           0  0.000608071   0.00582845 -0.000542899
-0.000608071            0   0.00313357   -0.0207538
 -0.00582845  -0.00313357            0  -0.00309563
 0.000542899    0.0207538   0.00309563            0
EndNode2[0]<--->HoM1[0]
REAL
   0.370565 -0.00620108 -0.00324507    0.176488
-0.00620108     0.13272    0.022741  -0.0198912
-0.00324507    0.022741    0.160315  0.00363038
   0.176488  -0.0198912  0.00363038    0.336399
IMAGINARY
           0   0.00320094   -0.0228932    0.0167219
 -0.00320094            0  0.000879102   -0.0210345
   0.0228932 -0.000879102            0    0.0200549
  -0.0167219    0.0210345   -0.0200549            0
Repeater1[0]<--->EndNode1[0]
REAL
   0.370274  0.00562892   0.0133976    0.159115
 0.00562892    0.164276   0.0397118   -0.016657
  0.0133976   0.0397118    0.152542 0.000238089
   0.159115   -0.016657 0.000238089    0.312907
IMAGINARY
           0   0.00582845  0.000608071 -0.000542899
 -0.00582845            0  -0.00313357  -0.00309563
-0.000608071   0.00313357            0   -0.0207538
 0.000542899   0.00309563    0.0207538            0
Repeater1[0]<--->HoM1[0]
REAL
   0.370565 -0.00324507 -0.00620108    0.176488
-0.00324507    0.160315    0.022741  0.00363038
-0.00620108    0.022741     0.13272  -0.0198912
   0.176488  0.00363038  -0.0198912    0.336399
IMAGINARY
           0   -0.0228932   0.00320094    0.0167219
   0.0228932            0 -0.000879102    0.0200549
 -0.00320094  0.000879102            0   -0.0210345
  -0.0167219   -0.0200549    0.0210345            0
EndNode1[0]<--->Repeater1[0]
REAL
  0.386755 0.00196701 0.00991927    0.16615
0.00196701   0.136424  0.0229142 -0.0145306
0.00991927  0.0229142   0.153642  0.0013268
   0.16615 -0.0145306  0.0013268   0.323179
IMAGINARY
           0   0.00500201  -0.00187494  0.000237488
 -0.00500201            0    0.0118337    0.0032012
  0.00187494   -0.0118337            0   0.00560807
-0.000237488   -0.0032012  -0.00560807            0
EndNode2[0]<--->HoM1[0]
REAL
   0.372966   0.0126702   0.0142669    0.184699
  0.0126702    0.150188   0.0361197  -0.0184787
  0.0142669   0.0361197     0.14393 -0.00244153
   0.184699  -0.0184787 -0.00244153    0.332916
IMAGINARY
           0 -0.000472679  -0.00755533   -0.0277011
 0.000472679            0    0.0143678    0.0165993
  0.00755533   -0.0143678            0    0.0198525
   0.0277011   -0.0165993   -0.0198525            0
Repeater1[0]<--->EndNode1[0]
REAL
  0.386755 0.00991927 0.00196701    0.16615
0.00991927   0.153642  0.0229142  0.0013268
0.00196701  0.0229142   0.136424 -0.0145306
   0.16615  0.0013268 -0.0145306   0.323179
IMAGINARY
           0  -0.00187494   0.00500201  0.000237488
  0.00187494            0   -0.0118337   0.00560807
 -0.00500201    0.0118337            0    0.0032012
-0.000237488  -0.00560807   -0.0032012            0
Repeater1[0]<--->HoM1[0]
REAL
   0.372966   0.0142669   0.0126702    0.184699
  0.0142669     0.14393   0.0361197 -0.00244153
  0.0126702   0.0361197    0.150188  -0.0184787
   0.184699 -0.00244153  -0.0184787    0.332916
IMAGINARY
           0  -0.00755533 -0.000472679   -0.0277011
  0.00755533            0   -0.0143678    0.0198525
 0.000472679    0.0143678            0    0.0165993
   0.0277011   -0.0198525   -0.0165993            0
EndNode1[0]<--->Repeater1[0]
REAL
  0.380769  0.0113001 -0.0114262   0.151295
 0.0113001   0.147436   0.017085 0.00499951
-0.0114262   0.017085   0.173077 0.00798008
  0.151295 0.00499951 0.00798008   0.298718
IMAGINARY
          0   0.0154061 -0.00942452 -0.00164267
 -0.0154061           0  0.00532818  0.00810873
 0.00942452 -0.00532818           0 -0.00356404
 0.00164267 -0.00810873  0.00356404           0
EndNode2[0]<--->HoM1[0]
REAL
    0.344527 -0.000863517  -0.00973154     0.149205
-0.000863517     0.154229     0.043412  -0.00973154
 -0.00973154     0.043412     0.161692   -0.0118882
    0.149205  -0.00973154   -0.0118882     0.339552
IMAGINARY
           0    0.0170324  -0.00573259   0.00961538
  -0.0170324            0  -0.00961538 -0.000564635
  0.00573259   0.00961538            0    0.0157132
 -0.00961538  0.000564635   -0.0157132            0
Repeater1[0]<--->EndNode1[0]
REAL
  0.380769 -0.0114262  0.0113001   0.151295
-0.0114262   0.173077   0.017085 0.00798008
 0.0113001   0.017085   0.147436 0.00499951
  0.151295 0.00798008 0.00499951   0.298718
IMAGINARY
          0 -0.00942452   0.0154061 -0.00164267
 0.00942452           0 -0.00532818 -0.00356404
 -0.0154061  0.00532818           0  0.00810873
 0.00164267  0.00356404 -0.00810873           0
Repeater1[0]<--->HoM1[0]
REAL
    0.344527  -0.00973154 -0.000863517     0.149205
 -0.00973154     0.161692     0.043412   -0.0118882
-0.000863517     0.043412     0.154229  -0.00973154
    0.149205   -0.0118882  -0.00973154     0.339552
IMAGINARY
           0  -0.00573259    0.0170324   0.00961538
  0.00573259            0   0.00961538    0.0157132
  -0.0170324  -0.00961538            0 -0.000564635
 -0.00961538   -0.0157132  0.000564635            0
EndNode1[0]<--->Repeater1[0]
REAL
  0.359274 -0.0141885 0.00966255   0.163913
-0.0141885    0.14786  0.0402431 0.00133989
0.00966255  0.0402431   0.150454 0.00318604
  0.163913 0.00133989 0.00318604   0.342412
IMAGINARY
          0   0.0145625   0.0119681 -0.00434578
 -0.0145625           0  -0.0108057  -0.0172872
 -0.0119681   0.0108057           0 -0.00259439
 0.00434578   0.0172872  0.00259439           0
EndNode2[0]<--->HoM1[0]
REAL
   0.338235  0.00252054 -0.00882402    0.172478
 0.00252054    0.152406   0.0604417  -0.0141573
-0.00882402   0.0604417    0.153743 0.000585053
   0.172478  -0.0141573 0.000585053    0.355615
IMAGINARY
           0  -0.00891213 -0.000407195  -0.00397231
  0.00891213            0   0.00588314  -0.00279383
 0.000407195  -0.00588314            0   -0.0122146
  0.00397231   0.00279383    0.0122146            0
Repeater1[0]<--->EndNode1[0]
REAL
  0.359274 0.00966255 -0.0141885   0.163913
0.00966255   0.150454  0.0402431 0.00318604
-0.0141885  0.0402431    0.14786 0.00133989
  0.163913 0.00318604 0.00133989   0.342412
IMAGINARY
          0   0.0119681   0.0145625 -0.00434578
 -0.0119681           0   0.0108057 -0.00259439
 -0.0145625  -0.0108057           0  -0.0172872
 0.00434578  0.00259439   0.0172872           0
Repeater1[0]<--->HoM1[0]
REAL
   0.338235 -0.00882402  0.00252054    0.172478
-0.00882402    0.153743   0.0604417 0.000585053
 0.00252054   0.0604417    0.152406  -0.0141573
   0.172478 0.000585053  -0.0141573    0.355615
IMAGINARY
           0 -0.000407195  -0.00891213  -0.00397231
 0.000407195            0  -0.00588314   -0.0122146
  0.00891213   0.00588314            0  -0.00279383
  0.00397231    0.0122146   0.00279383            0
EndNode1[0]<--->Repeater1[0]
REAL
   0.334563 -0.00518962   0.0165581    0.163317
-0.00518962    0.151292   0.0222249   0.0111527
  0.0165581   0.0222249    0.150062   0.0172378
   0.163317   0.0111527   0.0172378    0.364084
IMAGINARY
           0  -0.00298213   0.00211529 -0.000959728
  0.00298213            0    0.0281336   0.00633724
 -0.00211529   -0.0281336            0  -0.00807119
 0.000959728  -0.00633724   0.00807119            0
EndNode2[0]<--->HoM1[0]
REAL
   0.361702 -0.00473221   0.0143407    0.197956
-0.00473221    0.155194   0.0182788   0.0149909
  0.0143407   0.0182788    0.153942   0.0204212
   0.197956   0.0149909   0.0204212    0.329161
IMAGINARY
          0   0.0210022  0.00930119  0.00277806
 -0.0210022           0  -0.0207206  -0.0234331
-0.00930119   0.0207206           0   0.0038969
-0.00277806   0.0234331  -0.0038969           0
Repeater1[0]<--->EndNode1[0]
REAL
   0.334563   0.0165581 -0.00518962    0.163317
  0.0165581    0.150062   0.0222249   0.0172378
-0.00518962   0.0222249    0.151292   0.0111527
   0.163317   0.0172378   0.0111527    0.364084
IMAGINARY
           0   0.00211529  -0.00298213 -0.000959728
 -0.00211529            0   -0.0281336  -0.00807119
  0.00298213    0.0281336            0   0.00633724
 0.000959728   0.00807119  -0.00633724            0
Repeater1[0]<--->HoM1[0]
REAL
   0.361702   0.0143407 -0.00473221    0.197956
  0.0143407    0.153942   0.0182788   0.0204212
-0.00473221   0.0182788    0.155194   0.0149909
   0.197956   0.0204212   0.0149909    0.329161
IMAGINARY
          0  0.00930119   0.0210022  0.00277806
-0.00930119           0   0.0207206   0.0038969
 -0.0210022  -0.0207206           0  -0.0234331
-0.00277806  -0.0038969   0.0234331           0
EndNode1[0]<--->Repeater1[0]
REAL
   0.371542  -0.0153549 -0.00101377    0.169817
 -0.0153549    0.167325  0.00614572  0.00433382
-0.00101377  0.00614572     0.15942  0.00539475
   0.169817  0.00433382  0.00539475    0.301713
IMAGINARY
          0 -0.00972868   0.0369598 -0.00647141
 0.00972868           0  0.00841693  -0.0324669
 -0.0369598 -0.00841693           0 -0.00503384
 0.00647141   0.0324669  0.00503384           0
EndNode2[0]<--->HoM1[0]
REAL
  0.348315 0.00881175  0.0153081   0.138127
0.00881175   0.144819  0.0316103 0.00311297
 0.0153081  0.0316103   0.156055  0.0267146
  0.138127 0.00311297  0.0267146   0.350811
IMAGINARY
          0 -0.00754356  -0.0145432  0.00030525
 0.00754356           0  0.00030525  0.00326501
  0.0145432 -0.00030525           0  0.00629043
-0.00030525 -0.00326501 -0.00629043           0
Repeater1[0]<--->EndNode1[0]
REAL
   0.371542 -0.00101377  -0.0153549    0.169817
-0.00101377     0.15942  0.00614572  0.00539475
 -0.0153549  0.00614572    0.167325  0.00433382
   0.169817  0.00539475  0.00433382    0.301713
IMAGINARY
          0   0.0369598 -0.00972868 -0.00647141
 -0.0369598           0 -0.00841693 -0.00503384
 0.00972868  0.00841693           0  -0.0324669
 0.00647141  0.00503384   0.0324669           0
Repeater1[0]<--->HoM1[0]
REAL
  0.348315  0.0153081 0.00881175   0.138127
 0.0153081   0.156055  0.0316103  0.0267146
0.00881175  0.0316103   0.144819 0.00311297
  0.138127  0.0267146 0.00311297   0.350811
IMAGINARY
          0  -0.0145432 -0.00754356  0.00030525
  0.0145432           0 -0.00030525  0.00629043
 0.00754356  0.00030525           0  0.00326501
-0.00030525 -0.00629043 -0.00326501           0
EndNode1[0]<--->Repeater1[0]
REAL
   0.361076 -0.00435227 -0.00903476    0.152048
-0.00435227     0.15493   0.0133707  -0.0178067
-0.00903476   0.0133707    0.135723 -0.00501103
   0.152048  -0.0178067 -0.00501103    0.348271
IMAGINARY
          0  -0.0129573  0.00446581   0.0169371
  0.0129573           0  -0.0089795   0.0095291
-0.00446581   0.0089795           0 -0.00103761
 -0.0169371  -0.0095291  0.00103761           0
EndNode2[0]<--->HoM1[0]
REAL
    0.336123  0.000318471  -0.00820349     0.175925
 0.000318471     0.146444    0.0502965   -0.0187888
 -0.00820349    0.0502965     0.179916 -0.000318471
    0.175925   -0.0187888 -0.000318471     0.337517
IMAGINARY
           0   0.00657391  -0.00922743   0.00652692
 -0.00657391            0   0.00452959  -0.00459167
  0.00922743  -0.00452959            0 -0.000292505
 -0.00652692   0.00459167  0.000292505            0
Repeater1[0]<--->EndNode1[0]
REAL
   0.361076 -0.00903476 -0.00435227    0.152048
-0.00903476    0.135723   0.0133707 -0.00501103
-0.00435227   0.0133707     0.15493  -0.0178067
   0.152048 -0.00501103  -0.0178067    0.348271
IMAGINARY
          0  0.00446581  -0.0129573   0.0169371
-0.00446581           0   0.0089795 -0.00103761
  0.0129573  -0.0089795           0   0.0095291
 -0.0169371  0.00103761  -0.0095291           0
Repeater1[0]<--->HoM1[0]
REAL
    0.336123  -0.00820349  0.000318471     0.175925
 -0.00820349     0.179916    0.0502965 -0.000318471
 0.000318471    0.0502965     0.146444   -0.0187888
    0.175925 -0.000318471   -0.0187888     0.337517
IMAGINARY
           0  -0.00922743   0.00657391   0.00652692
  0.00922743            0  -0.00452959 -0.000292505
 -0.00657391   0.00452959            0  -0.00459167
 -0.00652692  0.000292505   0.00459167            0
EndNode1[0]<--->Repeater1[0]
REAL
   0.370277 -0.00457831 0.000928401    0.191601
-0.00457831    0.134761  -0.0050138  -0.0069045
0.000928401  -0.0050138    0.170025  0.00125826
   0.191601  -0.0069045  0.00125826    0.324937
IMAGINARY
          0  -0.0113216 -0.00331551  -0.0148141
  0.0113216           0 -0.00675954  0.00982592
 0.00331551  0.00675954           0   0.0165299
  0.0148141 -0.00982592  -0.0165299           0
EndNode2[0]<--->HoM1[0]
REAL
   0.347601  -0.0153655 -0.00763105    0.146203
 -0.0153655    0.162127   0.0472377 -0.00240911
-0.00763105   0.0472377     0.14786   -0.014755
   0.146203 -0.00240911   -0.014755    0.342412
IMAGINARY
          0 -0.00767065 -0.00210343   0.0224384
 0.00767065           0  0.00888997   0.0169805
 0.00210343 -0.00888997           0  -0.0253177
 -0.0224384  -0.0169805   0.0253177           0
Repeater1[0]<--->EndNode1[0]
REAL
   0.370277 0.000928401 -0.00457831    0.191601
0.000928401    0.170025  -0.0050138  0.00125826
-0.00457831  -0.0050138    0.134761  -0.0069045
   0.191601  0.00125826  -0.0069045    0.324937
IMAGINARY
          0 -0.00331551  -0.0113216  -0.0148141
 0.00331551           0  0.00675954   0.0165299
  0.0113216 -0.00675954           0  0.00982592
  0.0148141  -0.0165299 -0.00982592           0
Repeater1[0]<--->HoM1[0]
REAL
   0.347601 -0.00763105  -0.0153655    0.146203
-0.00763105     0.14786   0.0472377   -0.014755
 -0.0153655   0.0472377    0.162127 -0.00240911
   0.146203   -0.014755 -0.00240911    0.342412
IMAGINARY
          0 -0.00210343 -0.00767065   0.0224384
 0.00210343           0 -0.00888997  -0.0253177
 0.00767065  0.00888997           0   0.0169805
 -0.0224384   0.0253177  -0.0169805           0
EndNode1[0]<--->Repeater1[0]
REAL
    0.32027  -0.0127947  -0.0301174    0.157339
 -0.0127947    0.147297   0.0421429 -0.00226598
 -0.0301174   0.0421429    0.164865 -0.00404469
   0.157339 -0.00226598 -0.00404469    0.367568
IMAGINARY
          0  0.00965579  0.00458199  0.00497836
-0.00965579           0   0.0127103   0.0150259
-0.00458199  -0.0127103           0    0.012403
-0.00497836  -0.0150259   -0.012403           0
EndNode2[0]<--->HoM1[0]
REAL
   0.350461 -0.00732802  0.00268018    0.174973
-0.00732802    0.167325   0.0337517   0.0261789
 0.00268018   0.0337517    0.140975    0.021422
   0.174973   0.0261789    0.021422    0.341238
IMAGINARY
          0   0.0163185  0.00447547  0.00742611
 -0.0163185           0   0.0207341   0.0133362
-0.00447547  -0.0207341           0  -0.0163185
-0.00742611  -0.0133362   0.0163185           0
Repeater1[0]<--->EndNode1[0]
REAL
    0.32027  -0.0301174  -0.0127947    0.157339
 -0.0301174    0.164865   0.0421429 -0.00404469
 -0.0127947   0.0421429    0.147297 -0.00226598
   0.157339 -0.00404469 -0.00226598    0.367568
IMAGINARY
          0  0.00458199  0.00965579  0.00497836
-0.00458199           0  -0.0127103    0.012403
-0.00965579   0.0127103           0   0.0150259
-0.00497836   -0.012403  -0.0150259           0
Repeater1[0]<--->HoM1[0]
REAL
   0.350461  0.00268018 -0.00732802    0.174973
 0.00268018    0.140975   0.0337517    0.021422
-0.00732802   0.0337517    0.167325   0.0261789
   0.174973    0.021422   0.0261789    0.341238
IMAGINARY
          0  0.00447547   0.0163185  0.00742611
-0.00447547           0  -0.0207341  -0.0163185
 -0.0163185   0.0207341           0   0.0133362
-0.00742611   0.0163185  -0.0133362           0
EndNode1[0]<--->Repeater1[0]
REAL
   0.362843  -0.0092731 0.000133912    0.170253
 -0.0092731    0.164589    0.030556 -0.00687246
0.000133912    0.030556    0.158354   0.0106208
   0.170253 -0.00687246   0.0106208    0.314214
IMAGINARY
          0  0.00746022  -0.0066578   0.0016874
-0.00746022           0  0.00539111 -0.00535232
  0.0066578 -0.00539111           0   0.0184563
 -0.0016874  0.00535232  -0.0184563           0
EndNode2[0]<--->HoM1[0]
REAL
  0.356948  0.0157559  0.0170025   0.174315
 0.0157559     0.1703  0.0284555 0.00692695
 0.0170025  0.0284555   0.153951  0.0132114
  0.174315 0.00692695  0.0132114   0.318801
IMAGINARY
          0  0.00210059  0.00483911 -0.00456593
-0.00210059           0 -0.00759623  -0.0016544
-0.00483911  0.00759623           0   0.0176446
 0.00456593   0.0016544  -0.0176446           0
Repeater1[0]<--->EndNode1[0]
REAL
   0.362843 0.000133912  -0.0092731    0.170253
0.000133912    0.158354    0.030556   0.0106208
 -0.0092731    0.030556    0.164589 -0.00687246
   0.170253   0.0106208 -0.00687246    0.314214
IMAGINARY
          0  -0.0066578  0.00746022   0.0016874
  0.0066578           0 -0.00539111   0.0184563
-0.00746022  0.00539111           0 -0.00535232
 -0.0016874  -0.0184563  0.00535232           0
Repeater1[0]<--->HoM1[0]
REAL
  0.356948  0.0170025  0.0157559   0.174315
 0.0170025   0.153951  0.0284555  0.0132114
 0.0157559  0.0284555     0.1703 0.00692695
  0.174315  0.0132114 0.00692695   0.318801
IMAGINARY
          0  0.00483911  0.00210059 -0.00456593
-0.00483911           0  0.00759623   0.0176446
-0.00210059 -0.00759623           0  -0.0016544
 0.00456593  -0.0176446   0.0016544           0
EndNode1[0]<--->Repeater1[0]
REAL
  0.370828  0.0103824  -0.012668   0.180392
 0.0103824   0.144623  0.0411765 0.00940006
 -0.012668  0.0411765   0.147095 -0.0149575
  0.180392 0.00940006 -0.0149575   0.337454
IMAGINARY
           0 -0.000261438  -0.00160362   -0.0197413
 0.000261438            0   -0.0171439    0.0114075
  0.00160362    0.0171439            0   -0.0069281
   0.0197413   -0.0114075    0.0069281            0
EndNode2[0]<--->HoM1[0]
REAL
   0.336842  0.00154126 -0.00450411    0.151258
 0.00154126    0.159211   0.0257603  0.00388299
-0.00450411   0.0257603        0.15 -0.00464685
   0.151258  0.00388299 -0.00464685    0.353947
IMAGINARY
          0  -0.0126616   0.0200077 -0.00520695
  0.0126616           0 -0.00393144  -0.0326239
 -0.0200077  0.00393144           0  -0.0145628
 0.00520695   0.0326239   0.0145628           0
Repeater1[0]<--->EndNode1[0]
REAL
  0.370828  -0.012668  0.0103824   0.180392
 -0.012668   0.147095  0.0411765 -0.0149575
 0.0103824  0.0411765   0.144623 0.00940006
  0.180392 -0.0149575 0.00940006   0.337454
IMAGINARY
           0  -0.00160362 -0.000261438   -0.0197413
  0.00160362            0    0.0171439   -0.0069281
 0.000261438   -0.0171439            0    0.0114075
   0.0197413    0.0069281   -0.0114075            0
Repeater1[0]<--->HoM1[0]
REAL
   0.336842 -0.00450411  0.00154126    0.151258
-0.00450411        0.15   0.0257603 -0.00464685
 0.00154126   0.0257603    0.159211  0.00388299
   0.151258 -0.00464685  0.00388299    0.353947
IMAGINARY
          0   0.0200077  -0.0126616 -0.00520695
 -0.0200077           0  0.00393144  -0.0145628
  0.0126616 -0.00393144           0  -0.0326239
 0.00520695   0.0145628   0.0326239           0
EndNode1[0]<--->Repeater1[0]
REAL
  0.356291 0.00784159   0.010558   0.166703
0.00784159   0.152318  0.0325258 0.00743688
  0.010558  0.0325258   0.157616   0.020436
  0.166703 0.00743688   0.020436   0.333775
IMAGINARY
           0  0.000704134    0.0120253   -0.0307262
-0.000704134            0   0.00826149    0.0196203
  -0.0120253  -0.00826149            0   -0.0133624
   0.0307262   -0.0196203    0.0133624            0
EndNode2[0]<--->HoM1[0]
REAL
   0.363136  0.00975717 -0.00825379    0.179492
 0.00975717    0.167813   0.0477812 -0.00343452
-0.00825379   0.0477812    0.149931 -0.00326366
   0.179492 -0.00343452 -0.00326366     0.31912
IMAGINARY
          0   0.0115563 -0.00318533  0.00233958
 -0.0115563           0  0.00652118  -0.0124202
 0.00318533 -0.00652118           0  0.00529762
-0.00233958   0.0124202 -0.00529762           0
Repeater1[0]<--->EndNode1[0]
REAL
  0.356291   0.010558 0.00784159   0.166703
  0.010558   0.157616  0.0325258   0.020436
0.00784159  0.0325258   0.152318 0.00743688
  0.166703   0.020436 0.00743688   0.333775
IMAGINARY
           0    0.0120253  0.000704134   -0.0307262
  -0.0120253            0  -0.00826149   -0.0133624
-0.000704134   0.00826149            0    0.0196203
   0.0307262    0.0133624   -0.0196203            0
Repeater1[0]<--->HoM1[0]
REAL
   0.363136 -0.00825379  0.00975717    0.179492
-0.00825379    0.149931   0.0477812 -0.00326366
 0.00975717   0.0477812    0.167813 -0.00343452
   0.179492 -0.00326366 -0.00343452     0.31912
IMAGINARY
          0 -0.00318533   0.0115563  0.00233958
 0.00318533           0 -0.00652118  0.00529762
 -0.0115563  0.00652118           0  -0.0124202
-0.00233958 -0.00529762   0.0124202           0
EndNode1[0]<--->Repeater1[0]
REAL
   0.366412   0.0109819 -0.00998584    0.184193
  0.0109819    0.125954   0.0393212   0.0112778
-0.00998584   0.0393212    0.173028   0.0109819
   0.184193   0.0112778   0.0109819    0.334606
IMAGINARY
          0  0.00226391  -0.0112348  0.00517613
-0.00226391           0   0.0126574    0.015081
  0.0112348  -0.0126574           0 -0.00226391
-0.00517613   -0.015081  0.00226391           0
EndNode2[0]<--->HoM1[0]
REAL
    0.329082    0.0123505 -1.01464e-05     0.165747
   0.0123505     0.140306    0.0362136  -0.00195064
-1.01464e-05    0.0362136     0.184949   0.00137494
    0.165747  -0.00195064   0.00137494     0.345663
