EndNode1[0]<--->Repeater1[0]
REAL
  0.409149  0.0149043  0.0152091   0.311645
 0.0149043  0.0927573  0.0565428   0.013308
 0.0152091  0.0565428  0.0914867 -0.0041312
  0.311645   0.013308 -0.0041312   0.406607
IMAGINARY
           0  -0.00134721   0.00836396  -0.00773196
  0.00134721            0  -0.00773196  -0.00632314
 -0.00836396   0.00773196            0 -0.000693611
  0.00773196   0.00632314  0.000693611            0
EndNode2[0]<--->HoM1[0]
REAL
  0.386889  0.0125083 0.00225056   0.318853
 0.0125083  0.0848329  0.0273004  0.0138785
0.00225056  0.0273004  0.0886889 -0.0038234
  0.318853  0.0138785 -0.0038234   0.439589
IMAGINARY
           0  -0.00906744  -0.00613691 -0.000853949
  0.00906744            0   0.00586648   0.00477451
  0.00613691  -0.00586648            0    0.0117922
 0.000853949  -0.00477451   -0.0117922            0
Repeater1[0]<--->EndNode1[0]
REAL
  0.409149  0.0152091  0.0149043   0.311645
 0.0152091  0.0914867  0.0565428 -0.0041312
 0.0149043  0.0565428  0.0927573   0.013308
  0.311645 -0.0041312   0.013308   0.406607
IMAGINARY
           0   0.00836396  -0.00134721  -0.00773196
 -0.00836396            0   0.00773196 -0.000693611
  0.00134721  -0.00773196            0  -0.00632314
  0.00773196  0.000693611   0.00632314            0
Repeater1[0]<--->HoM1[0]
REAL
  0.386889 0.00225056  0.0125083   0.318853
0.00225056  0.0886889  0.0273004 -0.0038234
 0.0125083  0.0273004  0.0848329  0.0138785
  0.318853 -0.0038234  0.0138785   0.439589
IMAGINARY
           0  -0.00613691  -0.00906744 -0.000853949
  0.00613691            0  -0.00586648    0.0117922
  0.00906744   0.00586648            0   0.00477451
 0.000853949   -0.0117922  -0.00477451            0
EndNode1[0]<--->Repeater1[0]
REAL
   0.431012 -0.00270067  -0.0124039    0.336516
-0.00270067   0.0788436   0.0129865   0.0148914
 -0.0124039   0.0129865   0.0762155  -0.0109809
   0.336516   0.0148914  -0.0109809    0.413929
IMAGINARY
          0   0.0108788  0.00669102  0.00229461
 -0.0108788           0  -0.0073579  -0.0224229
-0.00669102   0.0073579           0  -0.0129308
-0.00229461   0.0224229   0.0129308           0
EndNode2[0]<--->HoM1[0]
REAL
   0.428385 -0.00739942  -0.0123684    0.339395
-0.00739942   0.0911458   0.0332335   0.0083034
 -0.0123684   0.0332335   0.0729167   0.0168845
   0.339395   0.0083034   0.0168845    0.407552
IMAGINARY
          0   0.0174513 -0.00795571 -0.00411052
 -0.0174513           0 -0.00664217 -0.00295571
 0.00795571  0.00664217           0  0.00501344
 0.00411052  0.00295571 -0.00501344           0
Repeater1[0]<--->EndNode1[0]
REAL
   0.431012  -0.0124039 -0.00270067    0.336516
 -0.0124039   0.0762155   0.0129865  -0.0109809
-0.00270067   0.0129865   0.0788436   0.0148914
   0.336516  -0.0109809   0.0148914    0.413929
IMAGINARY
          0  0.00669102   0.0108788  0.00229461
-0.00669102           0   0.0073579  -0.0129308
 -0.0108788  -0.0073579           0  -0.0224229
-0.00229461   0.0129308   0.0224229           0
Repeater1[0]<--->HoM1[0]
REAL
   0.428385  -0.0123684 -0.00739942    0.339395
 -0.0123684   0.0729167   0.0332335   0.0168845
-0.00739942   0.0332335   0.0911458   0.0083034
   0.339395   0.0168845   0.0083034    0.407552
IMAGINARY
          0 -0.00795571   0.0174513 -0.00411052
 0.00795571           0  0.00664217  0.00501344
 -0.0174513 -0.00664217           0 -0.00295571
 0.00411052 -0.00501344  0.00295571           0
EndNode1[0]<--->Repeater1[0]
REAL
   0.447368  0.00777003   0.0132306    0.313622
 0.00777003   0.0964912   0.0160349 -0.00955417
  0.0132306   0.0160349    0.066416  0.00448488
   0.313622 -0.00955417  0.00448488    0.389724
IMAGINARY
           0   0.00684709   0.00359273  -0.00614797
 -0.00684709            0  0.000912366  -0.00091177
 -0.00359273 -0.000912366            0  -0.00550661
  0.00614797   0.00091177   0.00550661            0
EndNode2[0]<--->HoM1[0]
REAL
   0.437028  0.00377511 -0.00102979    0.331572
 0.00377511   0.0919395   0.0234089     0.02562
-0.00102979   0.0234089   0.0869018  0.00694368
   0.331572     0.02562  0.00694368    0.384131
IMAGINARY
          0   0.0244145 -0.00202303 -0.00233228
 -0.0244145           0  -0.0178763  -0.0163443
 0.00202303   0.0178763           0   0.0198032
 0.00233228   0.0163443  -0.0198032           0
Repeater1[0]<--->EndNode1[0]
REAL
   0.447368   0.0132306  0.00777003    0.313622
  0.0132306    0.066416   0.0160349  0.00448488
 0.00777003   0.0160349   0.0964912 -0.00955417
   0.313622  0.00448488 -0.00955417    0.389724
IMAGINARY
           0   0.00359273   0.00684709  -0.00614797
 -0.00359273            0 -0.000912366  -0.00550661
 -0.00684709  0.000912366            0  -0.00091177
  0.00614797   0.00550661   0.00091177            0
Repeater1[0]<--->HoM1[0]
REAL
   0.437028 -0.00102979  0.00377511    0.331572
-0.00102979   0.0869018   0.0234089  0.00694368
 0.00377511   0.0234089   0.0919395     0.02562
   0.331572  0.00694368     0.02562    0.384131
IMAGINARY
          0 -0.00202303   0.0244145 -0.00233228
 0.00202303           0   0.0178763   0.0198032
 -0.0244145  -0.0178763           0  -0.0163443
 0.00233228  -0.0198032   0.0163443           0
EndNode1[0]<--->Repeater1[0]
REAL
   0.437817 -0.00468298  -0.0211888     0.32041
-0.00468298   0.0786802   0.0265558 -0.00123866
 -0.0211888   0.0265558    0.071066  -0.0124674
    0.32041 -0.00123866  -0.0124674    0.412437
IMAGINARY
          0  -0.0109154   0.0351001  -0.0221141
  0.0109154           0   0.0208547 -0.00116929
 -0.0351001  -0.0208547           0  -0.0166134
  0.0221141  0.00116929   0.0166134           0
EndNode2[0]<--->HoM1[0]
REAL
   0.400996  0.00492446  -0.0178456    0.322392
 0.00492446   0.0784558   0.0414638 -0.00143148
 -0.0178456   0.0414638   0.0772105  -0.0109486
   0.322392 -0.00143148  -0.0109486    0.443337
IMAGINARY
          0  -0.0125869  0.00353031 -0.00777511
  0.0125869           0   0.0111951  0.00162433
-0.00353031  -0.0111951           0  -0.0157636
 0.00777511 -0.00162433   0.0157636           0
Repeater1[0]<--->EndNode1[0]
REAL
   0.437817  -0.0211888 -0.00468298     0.32041
 -0.0211888    0.071066   0.0265558  -0.0124674
-0.00468298   0.0265558   0.0786802 -0.00123866
    0.32041  -0.0124674 -0.00123866    0.412437
IMAGINARY
          0   0.0351001  -0.0109154  -0.0221141
 -0.0351001           0  -0.0208547  -0.0166134
  0.0109154   0.0208547           0 -0.00116929
  0.0221141   0.0166134  0.00116929           0
Repeater1[0]<--->HoM1[0]
REAL
   0.400996  -0.0178456  0.00492446    0.322392
 -0.0178456   0.0772105   0.0414638  -0.0109486
 0.00492446   0.0414638   0.0784558 -0.00143148
   0.322392  -0.0109486 -0.00143148    0.443337
IMAGINARY
          0  0.00353031  -0.0125869 -0.00777511
-0.00353031           0  -0.0111951  -0.0157636
  0.0125869   0.0111951           0  0.00162433
 0.00777511   0.0157636 -0.00162433           0
EndNode1[0]<--->Repeater1[0]
REAL
   0.411687  0.00210257   0.0050269      0.3154
 0.00210257   0.0929615   0.0185666  0.00701366
  0.0050269   0.0185666   0.0810093 -0.00146886
     0.3154  0.00701366 -0.00146886    0.414343
IMAGINARY
           0   -0.0151715    0.0233828   -0.0179979
   0.0151715            0   0.00899434   0.00300239
  -0.0233828  -0.00899434            0 -0.000659631
   0.0179979  -0.00300239  0.000659631            0
EndNode2[0]<--->HoM1[0]
REAL
   0.413386 -0.00191588  0.00549697    0.306955
-0.00191588   0.0826772   0.0190761  0.00996695
 0.00549697   0.0190761   0.0826772   0.0186685
   0.306955  0.00996695   0.0186685     0.42126
IMAGINARY
           0   -0.0150823  -0.00524138   0.00157144
   0.0150823            0  0.000885566   0.00661879
  0.00524138 -0.000885566            0    0.0164597
 -0.00157144  -0.00661879   -0.0164597            0
Repeater1[0]<--->EndNode1[0]
REAL
   0.411687   0.0050269  0.00210257      0.3154
  0.0050269   0.0810093   0.0185666 -0.00146886
 0.00210257   0.0185666   0.0929615  0.00701366
     0.3154 -0.00146886  0.00701366    0.414343
IMAGINARY
           0    0.0233828   -0.0151715   -0.0179979
  -0.0233828            0  -0.00899434 -0.000659631
   0.0151715   0.00899434            0   0.00300239
   0.0179979  0.000659631  -0.00300239            0
Repeater1[0]<--->HoM1[0]
REAL
   0.413386  0.00549697 -0.00191588    0.306955
 0.00549697   0.0826772   0.0190761   0.0186685
-0.00191588   0.0190761   0.0826772  0.00996695
   0.306955   0.0186685  0.00996695     0.42126
IMAGINARY
           0  -0.00524138   -0.0150823   0.00157144
  0.00524138            0 -0.000885566    0.0164597
   0.0150823  0.000885566            0   0.00661879
 -0.00157144   -0.0164597  -0.00661879            0
EndNode1[0]<--->Repeater1[0]
REAL
 0.421053 0.0191897 0.0218987  0.310741
0.0191897 0.0722154 0.0199252 0.0181013
0.0218987 0.0199252 0.0795594  0.027477
 0.310741 0.0181013  0.027477  0.427173
IMAGINARY
          0  0.00913067  0.00710281   0.0104317
-0.00913067           0 -0.00976414  0.00182576
-0.00710281  0.00976414           0  0.00234892
 -0.0104317 -0.00182576 -0.00234892           0
EndNode2[0]<--->HoM1[0]
REAL
    0.4291    0.04077   0.015515   0.322353
   0.04077  0.0739827  0.0417977 0.00398181
  0.015515  0.0417977  0.0949445 -0.0162417
  0.322353 0.00398181 -0.0162417   0.401973
IMAGINARY
           0    0.0212443 -0.000239707   0.00160436
  -0.0212443            0     0.014327  -0.00531585
 0.000239707    -0.014327            0    0.0148668
 -0.00160436   0.00531585   -0.0148668            0
Repeater1[0]<--->EndNode1[0]
REAL
 0.421053 0.0218987 0.0191897  0.310741
0.0218987 0.0795594 0.0199252  0.027477
0.0191897 0.0199252 0.0722154 0.0181013
 0.310741  0.027477 0.0181013  0.427173
IMAGINARY
          0  0.00710281  0.00913067   0.0104317
-0.00710281           0  0.00976414  0.00234892
-0.00913067 -0.00976414           0  0.00182576
 -0.0104317 -0.00234892 -0.00182576           0
Repeater1[0]<--->HoM1[0]
REAL
    0.4291   0.015515    0.04077   0.322353
  0.015515  0.0949445  0.0417977 -0.0162417
   0.04077  0.0417977  0.0739827 0.00398181
  0.322353 -0.0162417 0.00398181   0.401973
IMAGINARY
           0 -0.000239707    0.0212443   0.00160436
 0.000239707            0    -0.014327    0.0148668
  -0.0212443     0.014327            0  -0.00531585
 -0.00160436   -0.0148668   0.00531585            0
EndNode1[0]<--->Repeater1[0]
REAL
   0.415567  -0.0124303  0.00122918     0.32808
 -0.0124303   0.0804749  0.00826019  -0.0218477
 0.00122918  0.00826019   0.0725594 -0.00432223
    0.32808  -0.0218477 -0.00432223    0.431398
IMAGINARY
          0  -0.0259354   0.0190814   0.0151239
  0.0259354           0 -0.00726416   0.0124501
 -0.0190814  0.00726416           0  0.00212585
 -0.0151239  -0.0124501 -0.00212585           0
EndNode2[0]<--->HoM1[0]
REAL
    0.40625   0.0116725    0.024304    0.327169
  0.0116725   0.0807292   0.0373048 -0.00851453
   0.024304   0.0373048   0.0846354   0.0185907
   0.327169 -0.00851453   0.0185907    0.428385
IMAGINARY
           0   -0.0125171   0.00251538  0.000220392
   0.0125171            0    0.0142153  -0.00066124
 -0.00251538   -0.0142153            0    0.0205517
-0.000220392   0.00066124   -0.0205517            0
Repeater1[0]<--->EndNode1[0]
REAL
   0.415567  0.00122918  -0.0124303     0.32808
 0.00122918   0.0725594  0.00826019 -0.00432223
 -0.0124303  0.00826019   0.0804749  -0.0218477
    0.32808 -0.00432223  -0.0218477    0.431398
IMAGINARY
          0   0.0190814  -0.0259354   0.0151239
 -0.0190814           0  0.00726416  0.00212585
  0.0259354 -0.00726416           0   0.0124501
 -0.0151239 -0.00212585  -0.0124501           0
Repeater1[0]<--->HoM1[0]
REAL
    0.40625    0.024304   0.0116725    0.327169
   0.024304   0.0846354   0.0373048   0.0185907
  0.0116725   0.0373048   0.0807292 -0.00851453
   0.327169   0.0185907 -0.00851453    0.428385
IMAGINARY
           0   0.00251538   -0.0125171  0.000220392
 -0.00251538            0   -0.0142153    0.0205517
   0.0125171    0.0142153            0  -0.00066124
-0.000220392   -0.0205517   0.00066124            0
EndNode1[0]<--->Repeater1[0]
REAL
    0.36849 -0.00335163  -0.0307177    0.303982
-0.00335163   0.0872396   0.0245895  -0.0158662
 -0.0307177   0.0245895     0.10026  -0.0407478
   0.303982  -0.0158662  -0.0407478     0.44401
IMAGINARY
           0   -0.0192352   0.00469481  -0.00449871
   0.0192352            0  0.000642674    0.0171018
 -0.00469481 -0.000642674            0  -0.00124035
  0.00449871   -0.0171018   0.00124035            0
EndNode2[0]<--->HoM1[0]
REAL
   0.404617  0.00129007  0.00456373    0.315686
 0.00129007   0.0814095   0.0301635 4.76008e-05
 0.00456373   0.0301635   0.0680437    0.015179
   0.315686 4.76008e-05    0.015179     0.44593
IMAGINARY
          0   0.0188858  0.00331087   0.0195365
 -0.0188858           0  0.00202681  -0.0126942
-0.00331087 -0.00202681           0 -0.00145949
 -0.0195365   0.0126942  0.00145949           0
Repeater1[0]<--->EndNode1[0]
REAL
    0.36849  -0.0307177 -0.00335163    0.303982
 -0.0307177     0.10026   0.0245895  -0.0407478
-0.00335163   0.0245895   0.0872396  -0.0158662
   0.303982  -0.0407478  -0.0158662     0.44401
IMAGINARY
           0   0.00469481   -0.0192352  -0.00449871
 -0.00469481            0 -0.000642674  -0.00124035
   0.0192352  0.000642674            0    0.0171018
  0.00449871   0.00124035   -0.0171018            0
Repeater1[0]<--->HoM1[0]
REAL
   0.404617  0.00456373  0.00129007    0.315686
 0.00456373   0.0680437   0.0301635    0.015179
 0.00129007   0.0301635   0.0814095 4.76008e-05
   0.315686    0.015179 4.76008e-05     0.44593
IMAGINARY
          0  0.00331087   0.0188858   0.0195365
-0.00331087           0 -0.00202681 -0.00145949
 -0.0188858  0.00202681           0  -0.0126942
 -0.0195365  0.00145949   0.0126942           0
EndNode1[0]<--->Repeater1[0]
REAL
    0.39313  0.00826058 -0.00750622    0.316068
 0.00826058   0.0839695   0.0360941 -0.00992753
-0.00750622   0.0360941   0.0801527 -0.00616853
   0.316068 -0.00992753 -0.00616853    0.442748
IMAGINARY
          0  0.00826514   0.0163366  -0.0134618
-0.00826514           0  0.00775837  -0.0249005
 -0.0163366 -0.00775837           0  0.00952142
  0.0134618   0.0249005 -0.00952142           0
EndNode2[0]<--->HoM1[0]
REAL
   0.438509  0.00380662 -0.00763015    0.323557
 0.00380662   0.0732919   0.0304967  -0.0139915
-0.00763015   0.0304967    0.068323  -0.0173201
   0.323557  -0.0139915  -0.0173201    0.419876
IMAGINARY
           0   -0.0111733  0.000720964    0.0186743
   0.0111733            0  -0.00871419   0.00981187
-0.000720964   0.00871419            0    0.0192278
  -0.0186743  -0.00981187   -0.0192278            0
Repeater1[0]<--->EndNode1[0]
REAL
    0.39313 -0.00750622  0.00826058    0.316068
-0.00750622   0.0801527   0.0360941 -0.00616853
 0.00826058   0.0360941   0.0839695 -0.00992753
   0.316068 -0.00616853 -0.00992753    0.442748
IMAGINARY
          0   0.0163366  0.00826514  -0.0134618
 -0.0163366           0 -0.00775837  0.00952142
-0.00826514  0.00775837           0  -0.0249005
  0.0134618 -0.00952142   0.0249005           0
Repeater1[0]<--->HoM1[0]
REAL
   0.438509 -0.00763015  0.00380662    0.323557
-0.00763015    0.068323   0.0304967  -0.0173201
 0.00380662   0.0304967   0.0732919  -0.0139915
   0.323557  -0.0173201  -0.0139915    0.419876
IMAGINARY
           0  0.000720964   -0.0111733    0.0186743
-0.000720964            0   0.00871419    0.0192278
   0.0111733  -0.00871419            0   0.00981187
  -0.0186743   -0.0192278  -0.00981187            0
EndNode1[0]<--->Repeater1[0]
REAL
    0.45601 -0.00342503 -0.00506513    0.319296
-0.00342503   0.0731103   0.0389038   0.0069147
-0.00506513   0.0389038   0.0743494   0.0114398
   0.319296   0.0069147   0.0114398     0.39653
IMAGINARY
          0  -0.0179025 -0.00857513   0.0122196
  0.0179025           0  0.00390939    0.018379
 0.00857513 -0.00390939           0   0.0159417
 -0.0122196   -0.018379  -0.0159417           0
EndNode2[0]<--->HoM1[0]
REAL
  0.421326  -0.016788 -0.0269808   0.320527
 -0.016788  0.0819246   0.034545 -0.0197913
-0.0269808   0.034545  0.0741222 -0.0115387
  0.320527 -0.0197913 -0.0115387   0.422627
IMAGINARY
          0   -0.001749   0.0124235  -0.0123632
   0.001749           0  -0.0170486  0.00947887
 -0.0124235   0.0170486           0  -0.0163987
  0.0123632 -0.00947887   0.0163987           0
Repeater1[0]<--->EndNode1[0]
REAL
    0.45601 -0.00506513 -0.00342503    0.319296
-0.00506513   0.0743494   0.0389038   0.0114398
-0.00342503   0.0389038   0.0731103   0.0069147
   0.319296   0.0114398   0.0069147     0.39653
IMAGINARY
          0 -0.00857513  -0.0179025   0.0122196
 0.00857513           0 -0.00390939   0.0159417
  0.0179025  0.00390939           0    0.018379
 -0.0122196  -0.0159417   -0.018379           0
Repeater1[0]<--->HoM1[0]
REAL
  0.421326 -0.0269808  -0.016788   0.320527
-0.0269808  0.0741222   0.034545 -0.0115387
 -0.016788   0.034545  0.0819246 -0.0197913
  0.320527 -0.0115387 -0.0197913   0.422627
IMAGINARY
          0   0.0124235   -0.001749  -0.0123632
 -0.0124235           0   0.0170486  -0.0163987
   0.001749  -0.0170486           0  0.00947887
  0.0123632   0.0163987 -0.00947887           0
EndNode1[0]<--->Repeater1[0]
REAL
  0.428755 0.00366946 -0.0275591   0.320612
0.00366946  0.0860077  0.0534034  0.0341207
-0.0275591  0.0534034  0.0872914  0.0107662
  0.320612  0.0341207  0.0107662   0.397946
IMAGINARY
           0  -0.00639209    0.0106288   -0.0117013
  0.00639209            0    0.0162175    0.0125251
  -0.0106288   -0.0162175            0  0.000760053
   0.0117013   -0.0125251 -0.000760053            0
EndNode2[0]<--->HoM1[0]
REAL
   0.392857 -0.00802459  -0.0160203    0.318028
-0.00802459   0.0701531   0.0137956  -0.0221427
 -0.0160203   0.0137956   0.0905612 -0.00426519
   0.318028  -0.0221427 -0.00426519    0.446429
IMAGINARY
          0  0.00412561 -0.00478894   0.0100284
-0.00412561           0  0.00317912 -0.00843857
 0.00478894 -0.00317912           0   0.0382024
 -0.0100284  0.00843857  -0.0382024           0
Repeater1[0]<--->EndNode1[0]
REAL
  0.428755 -0.0275591 0.00366946   0.320612
-0.0275591  0.0872914  0.0534034  0.0107662
0.00366946  0.0534034  0.0860077  0.0341207
  0.320612  0.0107662  0.0341207   0.397946
IMAGINARY
           0    0.0106288  -0.00639209   -0.0117013
  -0.0106288            0   -0.0162175  0.000760053
  0.00639209    0.0162175            0    0.0125251
   0.0117013 -0.000760053   -0.0125251            0
Repeater1[0]<--->HoM1[0]
REAL
   0.392857  -0.0160203 -0.00802459    0.318028
 -0.0160203   0.0905612   0.0137956 -0.00426519
-0.00802459   0.0137956   0.0701531  -0.0221427
   0.318028 -0.00426519  -0.0221427    0.446429
IMAGINARY
          0 -0.00478894  0.00412561   0.0100284
 0.00478894           0 -0.00317912   0.0382024
-0.00412561  0.00317912           0 -0.00843857
 -0.0100284  -0.0382024  0.00843857           0
EndNode1[0]<--->Repeater1[0]
REAL
   0.425505  0.00929933  -0.0032814    0.338354
 0.00929933   0.0681818   0.0287697     0.01698
 -0.0032814   0.0287697    0.084596 -0.00245002
   0.338354     0.01698 -0.00245002    0.421717
IMAGINARY
          0  -0.0112164   0.0181811 -0.00766573
  0.0112164           0   0.0160792  0.00640908
 -0.0181811  -0.0160792           0  0.00806381
 0.00766573 -0.00640908 -0.00806381           0
EndNode2[0]<--->HoM1[0]
REAL
   0.399734 -0.00528288  0.00294889    0.318002
-0.00528288   0.0690571    0.045522 -0.00294889
 0.00294889    0.045522   0.0796813 -0.00464268
   0.318002 -0.00294889 -0.00464268    0.451527
IMAGINARY
          0 -0.00670272   0.0248161    0.008578
 0.00670272           0   0.0091885  0.00106943
 -0.0248161  -0.0091885           0 -0.00419646
  -0.008578 -0.00106943  0.00419646           0
Repeater1[0]<--->EndNode1[0]
REAL
   0.425505  -0.0032814  0.00929933    0.338354
 -0.0032814    0.084596   0.0287697 -0.00245002
 0.00929933   0.0287697   0.0681818     0.01698
   0.338354 -0.00245002     0.01698    0.421717
IMAGINARY
          0   0.0181811  -0.0112164 -0.00766573
 -0.0181811           0  -0.0160792  0.00806381
  0.0112164   0.0160792           0  0.00640908
 0.00766573 -0.00806381 -0.00640908           0
Repeater1[0]<--->HoM1[0]
REAL
   0.399734  0.00294889 -0.00528288    0.318002
 0.00294889   0.0796813    0.045522 -0.00464268
-0.00528288    0.045522   0.0690571 -0.00294889
   0.318002 -0.00464268 -0.00294889    0.451527
IMAGINARY
          0   0.0248161 -0.00670272    0.008578
 -0.0248161           0  -0.0091885 -0.00419646
 0.00670272   0.0091885           0  0.00106943
  -0.008578  0.00419646 -0.00106943           0
EndNode1[0]<--->Repeater1[0]
REAL
   0.418835 -0.00697005  0.00151711     0.32019
-0.00697005   0.0817844    0.027999   0.0193743
 0.00151711    0.027999    0.086741  -0.0153141
    0.32019   0.0193743  -0.0153141    0.412639
IMAGINARY
          0 -0.00669331   0.0179192   0.0025631
 0.00669331           0  0.00315482 -0.00658415
 -0.0179192 -0.00315482           0   0.0117311
 -0.0025631  0.00658415  -0.0117311           0
EndNode2[0]<--->HoM1[0]
REAL
   0.406915 -0.00134201    0.010877    0.324247
-0.00134201    0.087766   0.0219066   0.0102148
   0.010877   0.0219066   0.0744681   0.0149897
   0.324247   0.0102148   0.0149897    0.430851
IMAGINARY
           0    0.0107336 -0.000963562   -0.0175503
  -0.0107336            0  -0.00983823   0.00161376
 0.000963562   0.00983823            0   -0.0243877
   0.0175503  -0.00161376    0.0243877            0
Repeater1[0]<--->EndNode1[0]
REAL
   0.418835  0.00151711 -0.00697005     0.32019
 0.00151711    0.086741    0.027999  -0.0153141
-0.00697005    0.027999   0.0817844   0.0193743
    0.32019  -0.0153141   0.0193743    0.412639
IMAGINARY
          0   0.0179192 -0.00669331   0.0025631
 -0.0179192           0 -0.00315482   0.0117311
 0.00669331  0.00315482           0 -0.00658415
 -0.0025631  -0.0117311  0.00658415           0
Repeater1[0]<--->HoM1[0]
REAL
   0.406915    0.010877 -0.00134201    0.324247
   0.010877   0.0744681   0.0219066   0.0149897
-0.00134201   0.0219066    0.087766   0.0102148
   0.324247   0.0149897   0.0102148    0.430851
IMAGINARY
           0 -0.000963562    0.0107336   -0.0175503
 0.000963562            0   0.00983823   -0.0243877
  -0.0107336  -0.00983823            0   0.00161376
   0.0175503    0.0243877  -0.00161376            0
EndNode1[0]<--->Repeater1[0]
REAL
   0.449938 -0.00732127  0.00575726    0.313633
-0.00732127   0.0939431   0.0222844  0.00974662
 0.00575726   0.0222844   0.0605686   0.0111972
   0.313633  0.00974662   0.0111972     0.39555
IMAGINARY
          0  0.00564161  0.00241236  0.00561478
-0.00564161           0  0.00292661   0.0103103
-0.00241236 -0.00292661           0  0.00199198
-0.00561478  -0.0103103 -0.00199198           0
EndNode2[0]<--->HoM1[0]
REAL
  0.417112  0.0103577  0.0050999     0.3274
 0.0103577  0.0882353 0.00634713 -0.0261917
 0.0050999 0.00634713  0.0762032 -0.0041542
    0.3274 -0.0261917 -0.0041542   0.418449
IMAGINARY
           0  -0.00101825   -0.0155396 -0.000335038
  0.00101825            0   0.00220303  -0.00288141
   0.0155396  -0.00220303            0    0.0115446
 0.000335038   0.00288141   -0.0115446            0
Repeater1[0]<--->EndNode1[0]
REAL
   0.449938  0.00575726 -0.00732127    0.313633
 0.00575726   0.0605686   0.0222844   0.0111972
-0.00732127   0.0222844   0.0939431  0.00974662
   0.313633   0.0111972  0.00974662     0.39555
IMAGINARY
          0  0.00241236  0.00564161  0.00561478
-0.00241236           0 -0.00292661  0.00199198
-0.00564161  0.00292661           0   0.0103103
-0.00561478 -0.00199198  -0.0103103           0
Repeater1[0]<--->HoM1[0]
REAL
  0.417112  0.0050999  0.0103577     0.3274
 0.0050999  0.0762032 0.00634713 -0.0041542
 0.0103577 0.00634713  0.0882353 -0.0261917
    0.3274 -0.0041542 -0.0261917   0.418449
IMAGINARY
           0   -0.0155396  -0.00101825 -0.000335038
   0.0155396            0  -0.00220303    0.0115446
  0.00101825   0.00220303            0  -0.00288141
 0.000335038   -0.0115446   0.00288141            0
EndNode1[0]<--->Repeater1[0]
REAL
    0.44474   0.0106598 -0.00792956    0.321717
  0.0106598   0.0918775   0.0265684 -0.00262452
-0.00792956   0.0265684    0.069241  -0.0146176
   0.321717 -0.00262452  -0.0146176    0.394141
IMAGINARY
         0 -0.0104924  0.0014124 -0.0130041
 0.0104924          0  0.0142236  0.0134124
-0.0014124 -0.0142236          0  0.0118401
 0.0130041 -0.0134124 -0.0118401          0
EndNode2[0]<--->HoM1[0]
REAL
    0.392357   -0.0012285   0.00280908     0.307411
  -0.0012285    0.0738854    0.0337796 -0.000327687
  0.00280908    0.0337796    0.0853503    0.0012285
    0.307411 -0.000327687    0.0012285     0.448408
IMAGINARY
           0    0.0129297    0.0182963  0.000960198
  -0.0129297            0   0.00302916  -0.00461473
  -0.0182963  -0.00302916            0   -0.0315864
-0.000960198   0.00461473    0.0315864            0
Repeater1[0]<--->EndNode1[0]
REAL
    0.44474 -0.00792956   0.0106598    0.321717
-0.00792956    0.069241   0.0265684  -0.0146176
  0.0106598   0.0265684   0.0918775 -0.00262452
   0.321717  -0.0146176 -0.00262452    0.394141
IMAGINARY
         0  0.0014124 -0.0104924 -0.0130041
-0.0014124          0 -0.0142236  0.0118401
 0.0104924  0.0142236          0  0.0134124
 0.0130041 -0.0118401 -0.0134124          0
Repeater1[0]<--->HoM1[0]
REAL
    0.392357   0.00280908   -0.0012285     0.307411
  0.00280908    0.0853503    0.0337796    0.0012285
  -0.0012285    0.0337796    0.0738854 -0.000327687
    0.307411    0.0012285 -0.000327687     0.448408
IMAGINARY
           0    0.0182963    0.0129297  0.000960198
  -0.0182963            0  -0.00302916   -0.0315864
  -0.0129297   0.00302916            0  -0.00461473
-0.000960198    0.0315864   0.00461473            0
EndNode1[0]<--->Repeater1[0]
REAL
  0.412234  0.0171302  0.0154277     0.3221
 0.0171302  0.0704787  0.0247141 0.00172912
 0.0154277  0.0247141  0.0890957   0.018409
    0.3221 0.00172912   0.018409   0.428191
IMAGINARY
           0  -0.00260663  -0.00985246    0.0259545
  0.00260663            0    0.0134857  4.85343e-05
  0.00985246   -0.0134857            0  -0.00458291
  -0.0259545 -4.85343e-05   0.00458291            0
EndNode2[0]<--->HoM1[0]
REAL
   0.47947  0.0268224 0.00912435   0.322842
 0.0268224  0.0728477  0.0151022   0.023155
0.00912435  0.0151022  0.0807947 0.00940947
  0.322842   0.023155 0.00940947   0.366887
IMAGINARY
          0  -0.0217963  0.00213927 -0.00426112
  0.0217963           0  -0.0141166  0.00597559
-0.00213927   0.0141166           0  0.00369391
 0.00426112 -0.00597559 -0.00369391           0
Repeater1[0]<--->EndNode1[0]
REAL
  0.412234  0.0154277  0.0171302     0.3221
 0.0154277  0.0890957  0.0247141   0.018409
 0.0171302  0.0247141  0.0704787 0.00172912
    0.3221   0.018409 0.00172912   0.428191
IMAGINARY
           0  -0.00985246  -0.00260663    0.0259545
  0.00985246            0   -0.0134857  -0.00458291
  0.00260663    0.0134857            0  4.85343e-05
  -0.0259545   0.00458291 -4.85343e-05            0
Repeater1[0]<--->HoM1[0]
REAL
   0.47947 0.00912435  0.0268224   0.322842
0.00912435  0.0807947  0.0151022 0.00940947
 0.0268224  0.0151022  0.0728477   0.023155
  0.322842 0.00940947   0.023155   0.366887
IMAGINARY
          0  0.00213927  -0.0217963 -0.00426112
-0.00213927           0   0.0141166  0.00369391
  0.0217963  -0.0141166           0  0.00597559
 0.00426112 -0.00369391 -0.00597559           0
EndNode1[0]<--->Repeater1[0]
REAL
  0.429919 -0.0240863 -0.0210936     0.3252
-0.0240863  0.0876011  0.0291213 -0.0097706
-0.0210936  0.0291213  0.0727763 -0.0141853
    0.3252 -0.0097706 -0.0141853   0.409704
IMAGINARY
          0 -0.00848382  0.00487616 -0.00165299
 0.00848382           0  0.00758184   0.0127709
-0.00487616 -0.00758184           0  -0.0117776
 0.00165299  -0.0127709   0.0117776           0
EndNode2[0]<--->HoM1[0]
REAL
   0.424324   0.0179012  -0.0019314    0.323958
  0.0179012   0.0756757   0.0344839 0.000632701
 -0.0019314   0.0344839   0.0959459  -0.0179012
   0.323958 0.000632701  -0.0179012    0.404054
IMAGINARY
           0   -0.0120125    0.0102571    0.0200503
   0.0120125            0 -5.02513e-05    0.0134913
  -0.0102571  5.02513e-05            0  -0.00403374
  -0.0200503   -0.0134913   0.00403374            0
Repeater1[0]<--->EndNode1[0]
REAL
  0.429919 -0.0210936 -0.0240863     0.3252
-0.0210936  0.0727763  0.0291213 -0.0141853
-0.0240863  0.0291213  0.0876011 -0.0097706
    0.3252 -0.0141853 -0.0097706   0.409704
IMAGINARY
          0  0.00487616 -0.00848382 -0.00165299
-0.00487616           0 -0.00758184  -0.0117776
 0.00848382  0.00758184           0   0.0127709
 0.00165299   0.0117776  -0.0127709           0
Repeater1[0]<--->HoM1[0]
REAL
   0.424324  -0.0019314   0.0179012    0.323958
 -0.0019314   0.0959459   0.0344839  -0.0179012
  0.0179012   0.0344839   0.0756757 0.000632701
   0.323958  -0.0179012 0.000632701    0.404054
IMAGINARY
           0    0.0102571   -0.0120125    0.0200503
  -0.0102571            0  5.02513e-05  -0.00403374
   0.0120125 -5.02513e-05            0    0.0134913
  -0.0200503   0.00403374   -0.0134913            0
EndNode1[0]<--->Repeater1[0]
REAL
   0.39923 0.00393359  0.0197675   0.312081
0.00393359  0.0770218  0.0321077 -0.0216832
 0.0197675  0.0321077   0.084724 -0.0160664
  0.312081 -0.0216832 -0.0160664   0.439024
IMAGINARY
           0  0.000229099  -0.00594534  0.000672643
-0.000229099            0   0.00709938  -0.00657113
  0.00594534  -0.00709938            0   -0.0232858
-0.000672643   0.00657113    0.0232858            0
EndNode2[0]<--->HoM1[0]
REAL
    0.431907   -0.0162666 -0.000959709     0.338063
  -0.0162666      0.07393    0.0340892 -0.000306114
-0.000959709    0.0340892    0.0830091    0.0187983
    0.338063 -0.000306114    0.0187983     0.411154
IMAGINARY
           0   0.00751356  -0.00410661   0.00503548
 -0.00751356            0    0.0088718  0.000795351
  0.00410661   -0.0088718            0   0.00374472
 -0.00503548 -0.000795351  -0.00374472            0
Repeater1[0]<--->EndNode1[0]
REAL
   0.39923  0.0197675 0.00393359   0.312081
 0.0197675   0.084724  0.0321077 -0.0160664
0.00393359  0.0321077  0.0770218 -0.0216832
  0.312081 -0.0160664 -0.0216832   0.439024
IMAGINARY
           0  -0.00594534  0.000229099  0.000672643
  0.00594534            0  -0.00709938   -0.0232858
-0.000229099   0.00709938            0  -0.00657113
-0.000672643    0.0232858   0.00657113            0
Repeater1[0]<--->HoM1[0]
REAL
    0.431907 -0.000959709   -0.0162666     0.338063
-0.000959709    0.0830091    0.0340892    0.0187983
  -0.0162666    0.0340892      0.07393 -0.000306114
    0.338063    0.0187983 -0.000306114     0.411154
IMAGINARY
           0  -0.00410661   0.00751356   0.00503548
  0.00410661            0   -0.0088718   0.00374472
 -0.00751356    0.0088718            0  0.000795351
 -0.00503548  -0.00374472 -0.000795351            0
EndNode1[0]<--->Repeater1[0]
REAL
   0.433129  0.00371771  0.00602149    0.316923
 0.00371771   0.0834356   0.0229155 -0.00265675
 0.00602149   0.0229155   0.0797546 0.000992918
   0.316923 -0.00265675 0.000992918    0.403681
IMAGINARY
           0   0.00700641 -0.000441286   -0.0179752
 -0.00700641            0   -0.0141584   0.00855614
 0.000441286    0.0141584            0   -0.0113759
   0.0179752  -0.00855614    0.0113759            0
EndNode2[0]<--->HoM1[0]
REAL
   0.436582  0.00984336 -0.00282176    0.321727
 0.00984336   0.0667557   0.0285333   0.0210509
-0.00282176   0.0285333    0.082777   0.0409379
   0.321727   0.0210509   0.0409379    0.413885
IMAGINARY
          0  -0.0153044 -0.00436075 -0.00972517
  0.0153044           0  -0.0142647  -0.0191995
 0.00436075   0.0142647           0     0.02054
 0.00972517   0.0191995    -0.02054           0
Repeater1[0]<--->EndNode1[0]
REAL
   0.433129  0.00602149  0.00371771    0.316923
 0.00602149   0.0797546   0.0229155 0.000992918
 0.00371771   0.0229155   0.0834356 -0.00265675
   0.316923 0.000992918 -0.00265675    0.403681
IMAGINARY
           0 -0.000441286   0.00700641   -0.0179752
 0.000441286            0    0.0141584   -0.0113759
 -0.00700641   -0.0141584            0   0.00855614
   0.0179752    0.0113759  -0.00855614            0
Repeater1[0]<--->HoM1[0]
REAL
   0.436582 -0.00282176  0.00984336    0.321727
-0.00282176    0.082777   0.0285333   0.0409379
 0.00984336   0.0285333   0.0667557   0.0210509
   0.321727   0.0409379   0.0210509    0.413885
IMAGINARY
          0 -0.00436075  -0.0153044 -0.00972517
 0.00436075           0   0.0142647     0.02054
  0.0153044  -0.0142647           0  -0.0191995
 0.00972517    -0.02054   0.0191995           0
EndNode1[0]<--->Repeater1[0]
REAL
  0.410127 0.00506371 -0.0117718   0.331348
0.00506371  0.0721519  0.0217032   0.033565
-0.0117718  0.0217032  0.0860759  0.0266922
  0.331348   0.033565  0.0266922   0.431646
IMAGINARY
          0  0.00863095  -0.0063647  0.00853018
-0.00863095           0  -0.0111549 -0.00251855
  0.0063647   0.0111549           0  0.00532844
-0.00853018  0.00251855 -0.00532844           0
EndNode2[0]<--->HoM1[0]
REAL
   0.408971 -0.00889165 -0.00636583    0.331143
-0.00889165   0.0831135   0.0303956 -0.00389058
-0.00636583   0.0303956   0.0923483 -0.00392887
   0.331143 -0.00389058 -0.00392887    0.415567
IMAGINARY
          0 -0.00966298   0.0181716 -0.00523507
 0.00966298           0  -0.0147649   -0.010077
 -0.0181716   0.0147649           0 -0.00341298
 0.00523507    0.010077  0.00341298           0
Repeater1[0]<--->EndNode1[0]
REAL
  0.410127 -0.0117718 0.00506371   0.331348
-0.0117718  0.0860759  0.0217032  0.0266922
0.00506371  0.0217032  0.0721519   0.033565
  0.331348  0.0266922   0.033565   0.431646
IMAGINARY
          0  -0.0063647  0.00863095  0.00853018
  0.0063647           0   0.0111549  0.00532844
-0.00863095  -0.0111549           0 -0.00251855
-0.00853018 -0.00532844  0.00251855           0
Repeater1[0]<--->HoM1[0]
REAL
   0.408971 -0.00636583 -0.00889165    0.331143
-0.00636583   0.0923483   0.0303956 -0.00392887
-0.00889165   0.0303956   0.0831135 -0.00389058
   0.331143 -0.00392887 -0.00389058    0.415567
IMAGINARY
          0   0.0181716 -0.00966298 -0.00523507
 -0.0181716           0   0.0147649 -0.00341298
 0.00966298  -0.0147649           0   -0.010077
 0.00523507  0.00341298    0.010077           0
EndNode1[0]<--->Repeater1[0]
REAL
   0.447494 -0.00820979  0.00686782    0.322357
-0.00820979   0.0787589   0.0105484  -0.0145799
 0.00686782   0.0105484   0.0799523   0.0030684
   0.322357  -0.0145799   0.0030684    0.393795
IMAGINARY
          0 -0.00440742 -0.00388254 -0.00468468
 0.00440742           0  0.00198198  0.00695757
 0.00388254 -0.00198198           0  0.00748245
 0.00468468 -0.00695757 -0.00748245           0
EndNode2[0]<--->HoM1[0]
REAL
   0.419518  -0.0188528 -0.00516361    0.327679
 -0.0188528   0.0849176   0.0194777  0.00279395
-0.00516361   0.0194777   0.0735108    0.010559
   0.327679  0.00279395    0.010559    0.422053
IMAGINARY
           0  -0.00578192  0.000346141   -0.0121733
  0.00578192            0   -0.0015083  -0.00299164
-0.000346141    0.0015083            0   0.00710467
   0.0121733   0.00299164  -0.00710467            0
Repeater1[0]<--->EndNode1[0]
REAL
   0.447494  0.00686782 -0.00820979    0.322357
 0.00686782   0.0799523   0.0105484   0.0030684
-0.00820979   0.0105484   0.0787589  -0.0145799
   0.322357   0.0030684  -0.0145799    0.393795
IMAGINARY
          0 -0.00388254 -0.00440742 -0.00468468
 0.00388254           0 -0.00198198  0.00748245
 0.00440742  0.00198198           0  0.00695757
 0.00468468 -0.00748245 -0.00695757           0
Repeater1[0]<--->HoM1[0]
REAL
   0.419518 -0.00516361  -0.0188528    0.327679
-0.00516361   0.0735108   0.0194777    0.010559
 -0.0188528   0.0194777   0.0849176  0.00279395
   0.327679    0.010559  0.00279395    0.422053
IMAGINARY
           0  0.000346141  -0.00578192   -0.0121733
-0.000346141            0    0.0015083   0.00710467
  0.00578192   -0.0015083            0  -0.00299164
   0.0121733  -0.00710467   0.00299164            0
EndNode1[0]<--->Repeater1[0]
REAL
  0.409756 -0.0103757 -0.0124913   0.319052
-0.0103757  0.0817073  0.0205828 0.00532045
-0.0124913  0.0205828  0.0987805 -0.0163518
  0.319052 0.00532045 -0.0163518   0.409756
IMAGINARY
           0  0.000178443   0.00637755  -0.00436698
-0.000178443            0  -0.00242649   0.00510204
 -0.00637755   0.00242649            0   -0.0167601
  0.00436698  -0.00510204    0.0167601            0
EndNode2[0]<--->HoM1[0]
REAL
   0.424479     0.01048   0.0134811    0.327573
    0.01048   0.0807292  0.00618962 -0.00961508
  0.0134811  0.00618962   0.0677083  -0.0156346
   0.327573 -0.00961508  -0.0156346    0.427083
IMAGINARY
          0   0.0139592  -0.0167153   0.0119851
 -0.0139592           0 -0.00610275 -0.00152372
  0.0167153  0.00610275           0  0.00176407
 -0.0119851  0.00152372 -0.00176407           0
Repeater1[0]<--->EndNode1[0]
REAL
  0.409756 -0.0124913 -0.0103757   0.319052
-0.0124913  0.0987805  0.0205828 -0.0163518
-0.0103757  0.0205828  0.0817073 0.00532045
  0.319052 -0.0163518 0.00532045   0.409756
IMAGINARY
           0   0.00637755  0.000178443  -0.00436698
 -0.00637755            0   0.00242649   -0.0167601
-0.000178443  -0.00242649            0   0.00510204
  0.00436698    0.0167601  -0.00510204            0
Repeater1[0]<--->HoM1[0]
REAL
   0.424479   0.0134811     0.01048    0.327573
  0.0134811   0.0677083  0.00618962  -0.0156346
    0.01048  0.00618962   0.0807292 -0.00961508
   0.327573  -0.0156346 -0.00961508    0.427083
IMAGINARY
          0  -0.0167153   0.0139592   0.0119851
  0.0167153           0  0.00610275  0.00176407
 -0.0139592 -0.00610275           0 -0.00152372
 -0.0119851 -0.00176407  0.00152372           0
EndNode1[0]<--->Repeater1[0]
REAL
   0.421118   0.0125596   0.0282801    0.322769
  0.0125596   0.0832298   0.0235886 -0.00775027
  0.0282801   0.0235886   0.0819876   0.0106192
   0.322769 -0.00775027   0.0106192    0.413665
IMAGINARY
          0  0.00842844   0.0107496 -0.00190792
-0.00842844           0 -0.00438931 -0.00118675
 -0.0107496  0.00438931           0 -0.00296396
 0.00190792  0.00118675  0.00296396           0
EndNode2[0]<--->HoM1[0]
REAL
  0.427371  0.0180368 0.00582781   0.318941
 0.0180368  0.0852341  0.0202482 0.00903705
0.00582781  0.0202482  0.0780312 0.00628749
  0.318941 0.00903705 0.00628749   0.409364
IMAGINARY
          0 -0.00786284  0.00591033 -0.00447358
 0.00786284           0   0.0134942   0.0130439
-0.00591033  -0.0134942           0  0.00720924
 0.00447358  -0.0130439 -0.00720924           0
Repeater1[0]<--->EndNode1[0]
REAL
   0.421118   0.0282801   0.0125596    0.322769
  0.0282801   0.0819876   0.0235886   0.0106192
  0.0125596   0.0235886   0.0832298 -0.00775027
   0.322769   0.0106192 -0.00775027    0.413665
IMAGINARY
          0   0.0107496  0.00842844 -0.00190792
 -0.0107496           0  0.00438931 -0.00296396
-0.00842844 -0.00438931           0 -0.00118675
 0.00190792  0.00296396  0.00118675           0
Repeater1[0]<--->HoM1[0]
REAL
  0.427371 0.00582781  0.0180368   0.318941
0.00582781  0.0780312  0.0202482 0.00628749
 0.0180368  0.0202482  0.0852341 0.00903705
  0.318941 0.00628749 0.00903705   0.409364
IMAGINARY
          0  0.00591033 -0.00786284 -0.00447358
-0.00591033           0  -0.0134942  0.00720924
 0.00786284   0.0134942           0   0.0130439
 0.00447358 -0.00720924  -0.0130439           0
EndNode1[0]<--->Repeater1[0]
REAL
   0.422136  0.00762624 -0.00237541    0.327886
 0.00762624   0.0888031   0.0201469 -0.00373042
-0.00237541   0.0201469   0.0900901  -0.0191595
   0.327886 -0.00373042  -0.0191595     0.39897
IMAGINARY
          0 -0.00688443  0.00740782   0.0117332
 0.00688443           0   0.0163567    0.013753
-0.00740782  -0.0163567           0  0.00386146
 -0.0117332   -0.013753 -0.00386146           0
EndNode2[0]<--->HoM1[0]
REAL
   0.419236  -0.0287749  -0.0208654    0.320237
 -0.0287749   0.0653514   0.0383491 -0.00817502
 -0.0208654   0.0383491   0.0826141  -0.0128918
