EndNode1[0]<--->Repeater1[0]
REAL
   0.393979  -0.0200777 -0.00697899    0.114517
 -0.0200777    0.124346   0.0137213 0.000502306
-0.00697899   0.0137213    0.120419   0.0304404
   0.114517 0.000502306   0.0304404    0.361257
IMAGINARY
          0  0.00640703  0.00631038   0.0198968
-0.00640703           0  -0.0259048  0.00695222
-0.00631038   0.0259048           0   0.0161394
 -0.0198968 -0.00695222  -0.0161394           0
EndNode2[0]<--->HoM1[0]
REAL
   0.395833 -0.00829835 -0.00155656    0.117171
-0.00829835     0.10026  -0.0166315  0.00223132
-0.00155656  -0.0166315    0.102865    0.003575
   0.117171  0.00223132    0.003575    0.401042
IMAGINARY
          0 -0.00355622  -0.0258131   0.0302074
 0.00355622           0   0.0248165   0.0123688
  0.0258131  -0.0248165           0   0.0195613
 -0.0302074  -0.0123688  -0.0195613           0
Repeater1[0]<--->EndNode1[0]
REAL
   0.393979 -0.00697899  -0.0200777    0.114517
-0.00697899    0.120419   0.0137213   0.0304404
 -0.0200777   0.0137213    0.124346 0.000502306
   0.114517   0.0304404 0.000502306    0.361257
IMAGINARY
          0  0.00631038  0.00640703   0.0198968
-0.00631038           0   0.0259048   0.0161394
-0.00640703  -0.0259048           0  0.00695222
 -0.0198968  -0.0161394 -0.00695222           0
Repeater1[0]<--->HoM1[0]
REAL
   0.395833 -0.00155656 -0.00829835    0.117171
-0.00155656    0.102865  -0.0166315    0.003575
-0.00829835  -0.0166315     0.10026  0.00223132
   0.117171    0.003575  0.00223132    0.401042
IMAGINARY
          0  -0.0258131 -0.00355622   0.0302074
  0.0258131           0  -0.0248165   0.0195613
 0.00355622   0.0248165           0   0.0123688
 -0.0302074  -0.0195613  -0.0123688           0
EndNode1[0]<--->Repeater1[0]
REAL
   0.395833   0.0112159   0.0112787    0.121523
  0.0112159    0.119792 0.000524262   0.0018447
  0.0112787 0.000524262    0.121094  0.00190742
   0.121523   0.0018447  0.00190742    0.363281
IMAGINARY
          0  -0.0187938  -0.0238227  -0.0109346
  0.0187938           0  -0.0230705   0.0206217
  0.0238227   0.0230705           0  0.00662992
  0.0109346  -0.0206217 -0.00662992           0
EndNode2[0]<--->HoM1[0]
REAL
   0.366048   0.0102263   0.0101409    0.107411
  0.0102263    0.114058  -0.0122365  0.00192345
  0.0101409  -0.0122365    0.108753 -0.00888586
   0.107411  0.00192345 -0.00888586    0.411141
IMAGINARY
          0  -0.0101429  0.00253536 -0.00369801
  0.0101429           0  -0.0142048   0.0188752
-0.00253536   0.0142048           0   0.0139213
 0.00369801  -0.0188752  -0.0139213           0
Repeater1[0]<--->EndNode1[0]
REAL
   0.395833   0.0112787   0.0112159    0.121523
  0.0112787    0.121094 0.000524262  0.00190742
  0.0112159 0.000524262    0.119792   0.0018447
   0.121523  0.00190742   0.0018447    0.363281
IMAGINARY
          0  -0.0238227  -0.0187938  -0.0109346
  0.0238227           0   0.0230705  0.00662992
  0.0187938  -0.0230705           0   0.0206217
  0.0109346 -0.00662992  -0.0206217           0
Repeater1[0]<--->HoM1[0]
REAL
   0.366048   0.0101409   0.0102263    0.107411
  0.0101409    0.108753  -0.0122365 -0.00888586
  0.0102263  -0.0122365    0.114058  0.00192345
   0.107411 -0.00888586  0.00192345    0.411141
IMAGINARY
          0  0.00253536  -0.0101429 -0.00369801
-0.00253536           0   0.0142048   0.0139213
  0.0101429  -0.0142048           0   0.0188752
 0.00369801  -0.0139213  -0.0188752           0
EndNode1[0]<--->Repeater1[0]
REAL
   0.427815  0.00630204 -0.00127714    0.129082
 0.00630204    0.104636 0.000547463  -0.0172414
-0.00127714 0.000547463     0.10596  -0.0272897
   0.129082  -0.0172414  -0.0272897    0.361589
IMAGINARY
          0   0.0161754 -0.00594854 -0.00264554
 -0.0161754           0 -0.00197798  0.00466319
 0.00594854  0.00197798           0 -0.00589266
 0.00264554 -0.00466319  0.00589266           0
EndNode2[0]<--->HoM1[0]
REAL
  0.392422  0.0121029 0.00706733   0.134618
 0.0121029  0.0947226  0.0137192  0.0159506
0.00706733  0.0137192  0.0987821  0.0275391
  0.134618  0.0159506  0.0275391   0.414073
IMAGINARY
           0    0.0135904   -0.0126185    0.0158563
  -0.0135904            0  0.000231258   -0.0183657
   0.0126185 -0.000231258            0  0.000382861
  -0.0158563    0.0183657 -0.000382861            0
Repeater1[0]<--->EndNode1[0]
REAL
   0.427815 -0.00127714  0.00630204    0.129082
-0.00127714     0.10596 0.000547463  -0.0272897
 0.00630204 0.000547463    0.104636  -0.0172414
   0.129082  -0.0272897  -0.0172414    0.361589
IMAGINARY
          0 -0.00594854   0.0161754 -0.00264554
 0.00594854           0  0.00197798 -0.00589266
 -0.0161754 -0.00197798           0  0.00466319
 0.00264554  0.00589266 -0.00466319           0
Repeater1[0]<--->HoM1[0]
REAL
  0.392422 0.00706733  0.0121029   0.134618
0.00706733  0.0987821  0.0137192  0.0275391
 0.0121029  0.0137192  0.0947226  0.0159506
  0.134618  0.0275391  0.0159506   0.414073
IMAGINARY
           0   -0.0126185    0.0135904    0.0158563
   0.0126185            0 -0.000231258  0.000382861
  -0.0135904  0.000231258            0   -0.0183657
  -0.0158563 -0.000382861    0.0183657            0
EndNode1[0]<--->Repeater1[0]
REAL
    0.389851   -0.0229144  -0.00564873     0.116561
  -0.0229144     0.095297 -0.000105485   0.00185127
 -0.00564873 -0.000105485    0.0990099   0.00772449
    0.116561   0.00185127   0.00772449     0.415842
IMAGINARY
          0 -0.00641026   0.0103608 -0.00718976
 0.00641026           0 -0.00463222   -0.016771
 -0.0103608  0.00463222           0  0.00641026
 0.00718976    0.016771 -0.00641026           0
EndNode2[0]<--->HoM1[0]
REAL
   0.387704 -0.00406217  -0.0104289    0.117984
-0.00406217    0.114178  -0.0184941  0.00915337
 -0.0104289  -0.0184941   0.0966123   0.0104397
   0.117984  0.00915337   0.0104397    0.401506
IMAGINARY
           0    0.0203403   -0.0179153  0.000705056
  -0.0203403            0   0.00949903   0.00219198
   0.0179153  -0.00949903            0    0.0142509
-0.000705056  -0.00219198   -0.0142509            0
Repeater1[0]<--->EndNode1[0]
REAL
    0.389851  -0.00564873   -0.0229144     0.116561
 -0.00564873    0.0990099 -0.000105485   0.00772449
  -0.0229144 -0.000105485     0.095297   0.00185127
    0.116561   0.00772449   0.00185127     0.415842
IMAGINARY
          0   0.0103608 -0.00641026 -0.00718976
 -0.0103608           0  0.00463222  0.00641026
 0.00641026 -0.00463222           0   -0.016771
 0.00718976 -0.00641026    0.016771           0
Repeater1[0]<--->HoM1[0]
REAL
   0.387704  -0.0104289 -0.00406217    0.117984
 -0.0104289   0.0966123  -0.0184941   0.0104397
-0.00406217  -0.0184941    0.114178  0.00915337
   0.117984   0.0104397  0.00915337    0.401506
IMAGINARY
           0   -0.0179153    0.0203403  0.000705056
   0.0179153            0  -0.00949903    0.0142509
  -0.0203403   0.00949903            0   0.00219198
-0.000705056   -0.0142509  -0.00219198            0
EndNode1[0]<--->Repeater1[0]
REAL
  0.384516 0.00808501 0.00276683   0.108671
0.00808501   0.107097 0.00264991 -0.0084272
0.00276683 0.00264991  0.0954839   0.010154
  0.108671 -0.0084272   0.010154   0.412903
IMAGINARY
          0   -0.023034   0.0212012   0.0022464
   0.023034           0   0.0035451  0.00105009
 -0.0212012  -0.0035451           0  0.00209161
 -0.0022464 -0.00105009 -0.00209161           0
EndNode2[0]<--->HoM1[0]
REAL
   0.382275 -0.00837437  0.00352935    0.127936
-0.00837437    0.116402   0.0353929   -0.001652
 0.00352935   0.0353929   0.0965608  0.00900015
   0.127936   -0.001652  0.00900015    0.404762
IMAGINARY
         0 -0.0103786 -0.0110669 -0.0247124
 0.0103786          0  0.0197619 -0.0135669
 0.0110669 -0.0197619          0  0.0216969
 0.0247124  0.0135669 -0.0216969          0
Repeater1[0]<--->EndNode1[0]
REAL
  0.384516 0.00276683 0.00808501   0.108671
0.00276683  0.0954839 0.00264991   0.010154
0.00808501 0.00264991   0.107097 -0.0084272
  0.108671   0.010154 -0.0084272   0.412903
IMAGINARY
          0   0.0212012   -0.023034   0.0022464
 -0.0212012           0  -0.0035451  0.00209161
   0.023034   0.0035451           0  0.00105009
 -0.0022464 -0.00209161 -0.00105009           0
Repeater1[0]<--->HoM1[0]
REAL
   0.382275  0.00352935 -0.00837437    0.127936
 0.00352935   0.0965608   0.0353929  0.00900015
-0.00837437   0.0353929    0.116402   -0.001652
   0.127936  0.00900015   -0.001652    0.404762
IMAGINARY
         0 -0.0110669 -0.0103786 -0.0247124
 0.0110669          0 -0.0197619  0.0216969
 0.0103786  0.0197619          0 -0.0135669
 0.0247124 -0.0216969  0.0135669          0
EndNode1[0]<--->Repeater1[0]
REAL
     0.3975 -0.00316762  0.00424867    0.104994
-0.00316762      0.1025  0.00597829   0.0231828
 0.00424867  0.00597829     0.12375 -0.00181991
   0.104994   0.0231828 -0.00181991     0.37625
IMAGINARY
           0  -0.00606523    0.0206304   -0.0172882
  0.00606523            0   -0.0166206 -0.000335245
  -0.0206304    0.0166206            0    0.0226704
   0.0172882  0.000335245   -0.0226704            0
EndNode2[0]<--->HoM1[0]
REAL
   0.396887 -0.00248598  -0.0111162    0.117304
-0.00248598    0.101167 -0.00528902 -0.00202526
 -0.0111162 -0.00528902   0.0985733  0.00436333
   0.117304 -0.00202526  0.00436333    0.403372
IMAGINARY
          0  0.00153874  0.00926416  0.00413853
-0.00153874           0  -0.0034564 -0.00348752
-0.00926416   0.0034564           0  -0.0150176
-0.00413853  0.00348752   0.0150176           0
Repeater1[0]<--->EndNode1[0]
REAL
     0.3975  0.00424867 -0.00316762    0.104994
 0.00424867     0.12375  0.00597829 -0.00181991
-0.00316762  0.00597829      0.1025   0.0231828
   0.104994 -0.00181991   0.0231828     0.37625
IMAGINARY
           0    0.0206304  -0.00606523   -0.0172882
  -0.0206304            0    0.0166206    0.0226704
  0.00606523   -0.0166206            0 -0.000335245
   0.0172882   -0.0226704  0.000335245            0
Repeater1[0]<--->HoM1[0]
REAL
   0.396887  -0.0111162 -0.00248598    0.117304
 -0.0111162   0.0985733 -0.00528902  0.00436333
-0.00248598 -0.00528902    0.101167 -0.00202526
   0.117304  0.00436333 -0.00202526    0.403372
IMAGINARY
          0  0.00926416  0.00153874  0.00413853
-0.00926416           0   0.0034564  -0.0150176
-0.00153874  -0.0034564           0 -0.00348752
-0.00413853   0.0150176  0.00348752           0
EndNode1[0]<--->Repeater1[0]
REAL
   0.400249  -0.0134486 -0.00634317    0.145334
 -0.0134486    0.114713  0.00144421  -0.0163299
-0.00634317  0.00144421     0.09601 -0.00445117
   0.145334  -0.0163299 -0.00445117    0.389027
IMAGINARY
           0   -0.0116039  -0.00469359   -0.0045188
   0.0116039            0   -0.0101089  9.43751e-05
  0.00469359    0.0101089            0   -0.0192765
   0.0045188 -9.43751e-05    0.0192765            0
EndNode2[0]<--->HoM1[0]
REAL
   0.406375 -0.00970045  0.00416971    0.125552
-0.00970045     0.11421  -0.0117409   0.0047817
 0.00416971  -0.0117409   0.0916335   0.0391122
   0.125552   0.0047817   0.0391122    0.387782
IMAGINARY
          0   0.0105904   0.0140127   0.0049106
 -0.0105904           0 -0.00870807   -0.012097
 -0.0140127  0.00870807           0  -0.0176147
 -0.0049106    0.012097   0.0176147           0
Repeater1[0]<--->EndNode1[0]
REAL
   0.400249 -0.00634317  -0.0134486    0.145334
-0.00634317     0.09601  0.00144421 -0.00445117
 -0.0134486  0.00144421    0.114713  -0.0163299
   0.145334 -0.00445117  -0.0163299    0.389027
IMAGINARY
           0  -0.00469359   -0.0116039   -0.0045188
  0.00469359            0    0.0101089   -0.0192765
   0.0116039   -0.0101089            0  9.43751e-05
   0.0045188    0.0192765 -9.43751e-05            0
Repeater1[0]<--->HoM1[0]
REAL
   0.406375  0.00416971 -0.00970045    0.125552
 0.00416971   0.0916335  -0.0117409   0.0391122
-0.00970045  -0.0117409     0.11421   0.0047817
   0.125552   0.0391122   0.0047817    0.387782
IMAGINARY
          0   0.0140127   0.0105904   0.0049106
 -0.0140127           0  0.00870807  -0.0176147
 -0.0105904 -0.00870807           0   -0.012097
 -0.0049106   0.0176147    0.012097           0
EndNode1[0]<--->Repeater1[0]
REAL
   0.396766 -0.00323264   -0.010947    0.128345
-0.00323264    0.100746   0.0250708 0.000388003
  -0.010947   0.0250708    0.105721  -0.0259599
   0.128345 0.000388003  -0.0259599    0.396766
IMAGINARY
           0    0.0138768   0.00883962  0.000714886
  -0.0138768            0   -0.0198694     0.012571
 -0.00883962    0.0198694            0   0.00375539
-0.000714886    -0.012571  -0.00375539            0
EndNode2[0]<--->HoM1[0]
REAL
   0.387483   0.0290473   0.0241508    0.109419
  0.0290473   0.0945406 -0.00190633   0.0121187
  0.0241508 -0.00190633   0.0972037  0.00074543
   0.109419   0.0121187  0.00074543    0.420772
IMAGINARY
          0  -0.0105934   -0.046332  -0.0107101
  0.0105934           0  0.00379183   0.0186615
   0.046332 -0.00379183           0 -0.00806813
  0.0107101  -0.0186615  0.00806813           0
Repeater1[0]<--->EndNode1[0]
REAL
   0.396766   -0.010947 -0.00323264    0.128345
  -0.010947    0.105721   0.0250708  -0.0259599
-0.00323264   0.0250708    0.100746 0.000388003
   0.128345  -0.0259599 0.000388003    0.396766
IMAGINARY
           0   0.00883962    0.0138768  0.000714886
 -0.00883962            0    0.0198694   0.00375539
  -0.0138768   -0.0198694            0     0.012571
-0.000714886  -0.00375539    -0.012571            0
Repeater1[0]<--->HoM1[0]
REAL
   0.387483   0.0241508   0.0290473    0.109419
  0.0241508   0.0972037 -0.00190633  0.00074543
  0.0290473 -0.00190633   0.0945406   0.0121187
   0.109419  0.00074543   0.0121187    0.420772
IMAGINARY
          0   -0.046332  -0.0105934  -0.0107101
   0.046332           0 -0.00379183 -0.00806813
  0.0105934  0.00379183           0   0.0186615
  0.0107101  0.00806813  -0.0186615           0
EndNode1[0]<--->Repeater1[0]
REAL
   0.388462 -0.00275862  0.00855392     0.12362
-0.00275862    0.105128 -0.00169926  0.00252982
 0.00855392 -0.00169926   0.0974359        0.02
    0.12362  0.00252982        0.02    0.408974
IMAGINARY
           0    0.0188751    0.0030974   -0.0203025
  -0.0188751            0  0.000805662  0.000738913
  -0.0030974 -0.000805662            0   -0.0163175
   0.0203025 -0.000738913    0.0163175            0
EndNode2[0]<--->HoM1[0]
REAL
   0.389105  -0.0151396  -0.0061685    0.133494
 -0.0151396    0.118029 -0.00123624 -0.00350892
 -0.0061685 -0.00123624    0.115435  -0.0138927
   0.133494 -0.00350892  -0.0138927    0.377432
IMAGINARY
           0  -0.00849344   -0.0219423   -0.0199565
  0.00849344            0   0.00326756   -0.0121894
   0.0219423  -0.00326756            0  0.000709011
   0.0199565    0.0121894 -0.000709011            0
Repeater1[0]<--->EndNode1[0]
REAL
   0.388462  0.00855392 -0.00275862     0.12362
 0.00855392   0.0974359 -0.00169926        0.02
-0.00275862 -0.00169926    0.105128  0.00252982
    0.12362        0.02  0.00252982    0.408974
IMAGINARY
           0    0.0030974    0.0188751   -0.0203025
  -0.0030974            0 -0.000805662   -0.0163175
  -0.0188751  0.000805662            0  0.000738913
   0.0203025    0.0163175 -0.000738913            0
Repeater1[0]<--->HoM1[0]
REAL
   0.389105  -0.0061685  -0.0151396    0.133494
 -0.0061685    0.115435 -0.00123624  -0.0138927
 -0.0151396 -0.00123624    0.118029 -0.00350892
   0.133494  -0.0138927 -0.00350892    0.377432
IMAGINARY
           0   -0.0219423  -0.00849344   -0.0199565
   0.0219423            0  -0.00326756  0.000709011
  0.00849344   0.00326756            0   -0.0121894
   0.0199565 -0.000709011    0.0121894            0
EndNode1[0]<--->Repeater1[0]
REAL
   0.377717  -0.0150494  -0.0106913    0.117176
 -0.0150494    0.108696  -0.0174389 -0.00243207
 -0.0106913  -0.0174389    0.119565   0.0058631
   0.117176 -0.00243207   0.0058631    0.394022
IMAGINARY
           0  -0.00970331  2.08167e-17   -0.0080431
  0.00970331            0    0.0100142   -0.0166667
-2.08167e-17   -0.0100142            0   -0.0159377
   0.0080431    0.0166667    0.0159377            0
EndNode2[0]<--->HoM1[0]
REAL
   0.378003 -0.00233272   0.0146554    0.112726
-0.00233272    0.134008  -0.0114524   0.0101854
  0.0146554  -0.0114524   0.0973451   0.0157085
   0.112726   0.0101854   0.0157085    0.390645
IMAGINARY
          0  0.00919249  -0.0133103   -0.016459
-0.00919249           0  0.00130749 -0.00180137
  0.0133103 -0.00130749           0  0.00854733
   0.016459  0.00180137 -0.00854733           0
Repeater1[0]<--->EndNode1[0]
REAL
   0.377717  -0.0106913  -0.0150494    0.117176
 -0.0106913    0.119565  -0.0174389   0.0058631
 -0.0150494  -0.0174389    0.108696 -0.00243207
   0.117176   0.0058631 -0.00243207    0.394022
IMAGINARY
           0  6.93889e-18  -0.00970331   -0.0080431
-6.93889e-18            0   -0.0100142   -0.0159377
  0.00970331    0.0100142            0   -0.0166667
   0.0080431    0.0159377    0.0166667            0
Repeater1[0]<--->HoM1[0]
REAL
   0.378003   0.0146554 -0.00233272    0.112726
  0.0146554   0.0973451  -0.0114524   0.0157085
-0.00233272  -0.0114524    0.134008   0.0101854
   0.112726   0.0157085   0.0101854    0.390645
IMAGINARY
          0  -0.0133103  0.00919249   -0.016459
  0.0133103           0 -0.00130749  0.00854733
-0.00919249  0.00130749           0 -0.00180137
   0.016459 -0.00854733  0.00180137           0
EndNode1[0]<--->Repeater1[0]
REAL
   0.418605  0.00826214   0.0306132    0.132808
 0.00826214   0.0981912 -0.00719212  -0.0158349
  0.0306132 -0.00719212    0.118863  -0.0107252
   0.132808  -0.0158349  -0.0107252    0.364341
IMAGINARY
           0 -0.000993789   0.00832812   -0.0025521
 0.000993789            0   0.00669574  0.000762786
 -0.00832812  -0.00669574            0   -0.0190062
   0.0025521 -0.000762786    0.0190062            0
EndNode2[0]<--->HoM1[0]
REAL
   0.416157 -0.00491346   0.0209514    0.127995
-0.00491346   0.0991432  0.00163465  0.00947184
  0.0209514  0.00163465   0.0991432 -0.00963681
   0.127995  0.00947184 -0.00963681    0.385557
IMAGINARY
          0  -0.0136935   0.0210934   0.0108466
  0.0136935           0 -0.00026455   -0.015652
 -0.0210934  0.00026455           0   0.0191348
 -0.0108466    0.015652  -0.0191348           0
Repeater1[0]<--->EndNode1[0]
REAL
   0.418605   0.0306132  0.00826214    0.132808
  0.0306132    0.118863 -0.00719212  -0.0107252
 0.00826214 -0.00719212   0.0981912  -0.0158349
   0.132808  -0.0107252  -0.0158349    0.364341
IMAGINARY
           0   0.00832812 -0.000993789   -0.0025521
 -0.00832812            0  -0.00669574   -0.0190062
 0.000993789   0.00669574            0  0.000762786
   0.0025521    0.0190062 -0.000762786            0
Repeater1[0]<--->HoM1[0]
REAL
   0.416157   0.0209514 -0.00491346    0.127995
  0.0209514   0.0991432  0.00163465 -0.00963681
-0.00491346  0.00163465   0.0991432  0.00947184
   0.127995 -0.00963681  0.00947184    0.385557
IMAGINARY
          0   0.0210934  -0.0136935   0.0108466
 -0.0210934           0  0.00026455   0.0191348
  0.0136935 -0.00026455           0   -0.015652
 -0.0108466  -0.0191348    0.015652           0
EndNode1[0]<--->Repeater1[0]
REAL
   0.374346  -0.0322738 -0.00219728    0.141465
 -0.0322738     0.13089   0.0238942  -0.0298289
-0.00219728   0.0238942   0.0903141  0.00809079
   0.141465  -0.0298289  0.00809079     0.40445
IMAGINARY
          0   0.0121118 -0.00341315 -0.00669364
 -0.0121118           0  0.00221221  0.00599713
 0.00341315 -0.00221221           0  -0.0121118
 0.00669364 -0.00599713   0.0121118           0
EndNode2[0]<--->HoM1[0]
REAL
   0.402644 -0.00577876  -0.0151104    0.127955
-0.00577876    0.105769 -0.00245147  -0.0258292
 -0.0151104 -0.00245147     0.11899  -0.0150266
   0.127955  -0.0258292  -0.0150266    0.372596
IMAGINARY
          0 -0.00542571 -0.00540766 -0.00977824
 0.00542571           0 -0.00164308   0.0113054
 0.00540766  0.00164308           0   0.0178766
 0.00977824  -0.0113054  -0.0178766           0
Repeater1[0]<--->EndNode1[0]
REAL
   0.374346 -0.00219728  -0.0322738    0.141465
-0.00219728   0.0903141   0.0238942  0.00809079
 -0.0322738   0.0238942     0.13089  -0.0298289
   0.141465  0.00809079  -0.0298289     0.40445
IMAGINARY
          0 -0.00341315   0.0121118 -0.00669364
 0.00341315           0 -0.00221221  -0.0121118
 -0.0121118  0.00221221           0  0.00599713
 0.00669364   0.0121118 -0.00599713           0
Repeater1[0]<--->HoM1[0]
REAL
   0.402644  -0.0151104 -0.00577876    0.127955
 -0.0151104     0.11899 -0.00245147  -0.0150266
-0.00577876 -0.00245147    0.105769  -0.0258292
   0.127955  -0.0150266  -0.0258292    0.372596
IMAGINARY
          0 -0.00540766 -0.00542571 -0.00977824
 0.00540766           0  0.00164308   0.0178766
 0.00542571 -0.00164308           0   0.0113054
 0.00977824  -0.0178766  -0.0113054           0
EndNode1[0]<--->Repeater1[0]
REAL
   0.401035  0.00315657  -0.0302312    0.109156
 0.00315657    0.100906 -0.00268655 -0.00211383
 -0.0302312 -0.00268655   0.0996119 -0.00315657
   0.109156 -0.00211383 -0.00315657    0.398448
IMAGINARY
          0 -0.00368672  -0.0173411 -0.00066313
 0.00368672           0 -0.00066313  0.00286746
  0.0173411  0.00066313           0    0.014213
 0.00066313 -0.00286746   -0.014213           0
EndNode2[0]<--->HoM1[0]
REAL
    0.387952  -0.00974595 -0.000877899     0.118966
 -0.00974595    0.0951807    0.0189655    0.0075092
-0.000877899    0.0189655     0.101205   0.00709343
    0.118966    0.0075092   0.00709343     0.415663
IMAGINARY
          0  -0.0265816  0.00358088  -0.0150377
  0.0265816           0  0.00485959 -0.00425202
-0.00358088 -0.00485959           0  -0.0183849
  0.0150377  0.00425202   0.0183849           0
Repeater1[0]<--->EndNode1[0]
REAL
   0.401035  -0.0302312  0.00315657    0.109156
 -0.0302312   0.0996119 -0.00268655 -0.00315657
 0.00315657 -0.00268655    0.100906 -0.00211383
   0.109156 -0.00315657 -0.00211383    0.398448
IMAGINARY
          0  -0.0173411 -0.00368672 -0.00066313
  0.0173411           0  0.00066313    0.014213
 0.00368672 -0.00066313           0  0.00286746
 0.00066313   -0.014213 -0.00286746           0
Repeater1[0]<--->HoM1[0]
REAL
    0.387952 -0.000877899  -0.00974595     0.118966
-0.000877899     0.101205    0.0189655   0.00709343
 -0.00974595    0.0189655    0.0951807    0.0075092
    0.118966   0.00709343    0.0075092     0.415663
IMAGINARY
          0  0.00358088  -0.0265816  -0.0150377
-0.00358088           0 -0.00485959  -0.0183849
  0.0265816  0.00485959           0 -0.00425202
  0.0150377   0.0183849  0.00425202           0
EndNode1[0]<--->Repeater1[0]
REAL
    0.443243   0.00755974   -0.0327273     0.141605
  0.00755974    0.0986486   0.00160494 -0.000606061
  -0.0327273   0.00160494          0.1 -0.000152337
    0.141605 -0.000606061 -0.000152337     0.358108
IMAGINARY
           0    0.0133333   -0.0181273  -0.00877154
  -0.0133333            0    0.0226421 -0.000539363
   0.0181273   -0.0226421            0    0.0133333
  0.00877154  0.000539363   -0.0133333            0
EndNode2[0]<--->HoM1[0]
REAL
  0.393899 -0.0129702  0.0334022   0.107358
-0.0129702  0.0941645 0.00293576 -0.0076669
 0.0334022 0.00293576   0.106101  0.0117447
  0.107358 -0.0076669  0.0117447   0.405836
IMAGINARY
          0  -0.0122978   0.0262613    0.020213
  0.0122978           0  -0.0222706  0.00936521
 -0.0262613   0.0222706           0 -0.00121569
  -0.020213 -0.00936521  0.00121569           0
Repeater1[0]<--->EndNode1[0]
REAL
    0.443243   -0.0327273   0.00755974     0.141605
  -0.0327273          0.1   0.00160494 -0.000152337
  0.00755974   0.00160494    0.0986486 -0.000606061
    0.141605 -0.000152337 -0.000606061     0.358108
IMAGINARY
           0   -0.0181273    0.0133333  -0.00877154
   0.0181273            0   -0.0226421    0.0133333
  -0.0133333    0.0226421            0 -0.000539363
  0.00877154   -0.0133333  0.000539363            0
Repeater1[0]<--->HoM1[0]
REAL
  0.393899  0.0334022 -0.0129702   0.107358
 0.0334022   0.106101 0.00293576  0.0117447
-0.0129702 0.00293576  0.0941645 -0.0076669
  0.107358  0.0117447 -0.0076669   0.405836
IMAGINARY
          0   0.0262613  -0.0122978    0.020213
 -0.0262613           0   0.0222706 -0.00121569
  0.0122978  -0.0222706           0  0.00936521
  -0.020213  0.00121569 -0.00936521           0
EndNode1[0]<--->Repeater1[0]
REAL
   0.364935   -0.025655   0.0285209    0.123048
  -0.025655    0.132468 -0.00162782   -0.011709
  0.0285209 -0.00162782   0.0961039  0.00759772
   0.123048   -0.011709  0.00759772    0.406494
IMAGINARY
          0   0.0237465  0.00352985  0.00881474
 -0.0237465           0  -0.0135127  -0.0178156
-0.00352985   0.0135127           0  0.00222752
-0.00881474   0.0178156 -0.00222752           0
EndNode2[0]<--->HoM1[0]
REAL
  0.401022 -0.0165137 -0.0181239   0.126487
-0.0165137   0.128991 -0.0032429  0.0162082
-0.0181239 -0.0032429   0.108557   0.023538
  0.126487  0.0162082   0.023538    0.36143
IMAGINARY
          0   0.0206939  -0.0212044  -0.0105716
 -0.0206939           0   0.0254703  0.00228551
  0.0212044  -0.0254703           0  0.00903585
  0.0105716 -0.00228551 -0.00903585           0
Repeater1[0]<--->EndNode1[0]
REAL
   0.364935   0.0285209   -0.025655    0.123048
  0.0285209   0.0961039 -0.00162782  0.00759772
  -0.025655 -0.00162782    0.132468   -0.011709
   0.123048  0.00759772   -0.011709    0.406494
IMAGINARY
          0  0.00352985   0.0237465  0.00881474
-0.00352985           0   0.0135127  0.00222752
 -0.0237465  -0.0135127           0  -0.0178156
-0.00881474 -0.00222752   0.0178156           0
Repeater1[0]<--->HoM1[0]
REAL
  0.401022 -0.0181239 -0.0165137   0.126487
-0.0181239   0.108557 -0.0032429   0.023538
-0.0165137 -0.0032429   0.128991  0.0162082
  0.126487   0.023538  0.0162082    0.36143
IMAGINARY
          0  -0.0212044   0.0206939  -0.0105716
  0.0212044           0  -0.0254703  0.00903585
 -0.0206939   0.0254703           0  0.00228551
  0.0105716 -0.00903585 -0.00228551           0
EndNode1[0]<--->Repeater1[0]
REAL
  0.400534 -0.0152316     -0.015    0.12289
-0.0152316   0.104139 0.00211039    -0.0225
    -0.015 0.00211039   0.106809 -0.0247684
   0.12289    -0.0225 -0.0247684   0.388518
IMAGINARY
           0    0.0310765   0.00387205   0.00767302
  -0.0310765            0  0.000823708   0.00651756
 -0.00387205 -0.000823708            0  9.23135e-05
 -0.00767302  -0.00651756 -9.23135e-05            0
EndNode2[0]<--->HoM1[0]
REAL
  0.422764 -0.0183027  0.0172633   0.119062
-0.0183027   0.098916 0.00348075 -0.0139867
 0.0172633 0.00348075   0.115176 0.00585187
  0.119062 -0.0139867 0.00585187   0.363144
IMAGINARY
          0 -0.00486491  0.00509052  -0.0167853
 0.00486491           0   0.0123153   0.0121509
-0.00509052  -0.0123153           0  -0.0110993
  0.0167853  -0.0121509   0.0110993           0
Repeater1[0]<--->EndNode1[0]
REAL
  0.400534     -0.015 -0.0152316    0.12289
    -0.015   0.106809 0.00211039 -0.0247684
-0.0152316 0.00211039   0.104139    -0.0225
   0.12289 -0.0247684    -0.0225   0.388518
IMAGINARY
           0   0.00387205    0.0310765   0.00767302
 -0.00387205            0 -0.000823708  9.23135e-05
  -0.0310765  0.000823708            0   0.00651756
 -0.00767302 -9.23135e-05  -0.00651756            0
Repeater1[0]<--->HoM1[0]
REAL
  0.422764  0.0172633 -0.0183027   0.119062
 0.0172633   0.115176 0.00348075 0.00585187
-0.0183027 0.00348075   0.098916 -0.0139867
  0.119062 0.00585187 -0.0139867   0.363144
IMAGINARY
          0  0.00509052 -0.00486491  -0.0167853
-0.00509052           0  -0.0123153  -0.0110993
 0.00486491   0.0123153           0   0.0121509
  0.0167853   0.0110993  -0.0121509           0
EndNode1[0]<--->Repeater1[0]
REAL
   0.396341   0.0127481 -0.00330671    0.127139
  0.0127481     0.10122   0.0139807  0.00817289
-0.00330671   0.0139807    0.107317  -0.0188308
   0.127139  0.00817289  -0.0188308    0.395122
IMAGINARY
           0 -0.000300324    0.0242337  -0.00412374
 0.000300324            0  0.000392393  -0.00186524
  -0.0242337 -0.000392393            0  -0.00364704
  0.00412374   0.00186524   0.00364704            0
EndNode2[0]<--->HoM1[0]
REAL
   0.432225    0.012674  0.00101774    0.121233
   0.012674    0.101023   0.0106684 -0.00285823
 0.00101774   0.0106684   0.0959079  0.00511737
   0.121233 -0.00285823  0.00511737    0.370844
IMAGINARY
          0  -0.0144589  0.00256734  0.00558995
  0.0144589           0  -0.0165577   0.0146317
-0.00256734   0.0165577           0  -0.0137966
-0.00558995  -0.0146317   0.0137966           0
Repeater1[0]<--->EndNode1[0]
REAL
   0.396341 -0.00330671   0.0127481    0.127139
-0.00330671    0.107317   0.0139807  -0.0188308
  0.0127481   0.0139807     0.10122  0.00817289
   0.127139  -0.0188308  0.00817289    0.395122
IMAGINARY
           0    0.0242337 -0.000300324  -0.00412374
  -0.0242337            0 -0.000392393  -0.00364704
 0.000300324  0.000392393            0  -0.00186524
  0.00412374   0.00364704   0.00186524            0
Repeater1[0]<--->HoM1[0]
REAL
   0.432225  0.00101774    0.012674    0.121233
 0.00101774   0.0959079   0.0106684  0.00511737
   0.012674   0.0106684    0.101023 -0.00285823
   0.121233  0.00511737 -0.00285823    0.370844
IMAGINARY
          0  0.00256734  -0.0144589  0.00558995
-0.00256734           0   0.0165577  -0.0137966
  0.0144589  -0.0165577           0   0.0146317
-0.00558995   0.0137966  -0.0146317           0
EndNode1[0]<--->Repeater1[0]
REAL
    0.378307  -0.00156122   0.00549471     0.134821
 -0.00156122     0.107143    0.0212703 -0.000418565
  0.00549471    0.0212703     0.125661   0.00283025
    0.134821 -0.000418565   0.00283025     0.388889
IMAGINARY
          0   0.0227087  -0.0117116   0.0429745
 -0.0227087           0  0.00310525  -0.0190287
  0.0117116 -0.00310525           0  -0.0020061
 -0.0429745   0.0190287   0.0020061           0
EndNode2[0]<--->HoM1[0]
REAL
   0.398184   0.0121392 -0.00733591    0.119775
  0.0121392    0.118029 -0.00289177   0.0216216
-0.00733591 -0.00289177    0.105058 -0.00174964
   0.119775   0.0216216 -0.00174964    0.378729
IMAGINARY
          0 -0.00410336   0.0132573  -0.0146833
 0.00410336           0  -0.0202595  0.00807599
 -0.0132573   0.0202595           0  -0.0105633
  0.0146833 -0.00807599   0.0105633           0
Repeater1[0]<--->EndNode1[0]
REAL
    0.378307   0.00549471  -0.00156122     0.134821
  0.00549471     0.125661    0.0212703   0.00283025
 -0.00156122    0.0212703     0.107143 -0.000418565
    0.134821   0.00283025 -0.000418565     0.388889
IMAGINARY
          0  -0.0117116   0.0227087   0.0429745
  0.0117116           0 -0.00310525  -0.0020061
 -0.0227087  0.00310525           0  -0.0190287
 -0.0429745   0.0020061   0.0190287           0
Repeater1[0]<--->HoM1[0]
REAL
   0.398184 -0.00733591   0.0121392    0.119775
-0.00733591    0.105058 -0.00289177 -0.00174964
  0.0121392 -0.00289177    0.118029   0.0216216
   0.119775 -0.00174964   0.0216216    0.378729
IMAGINARY
          0   0.0132573 -0.00410336  -0.0146833
 -0.0132573           0   0.0202595  -0.0105633
 0.00410336  -0.0202595           0  0.00807599
  0.0146833   0.0105633 -0.00807599           0
EndNode1[0]<--->Repeater1[0]
REAL
   0.393258  -0.0257473 -0.00901442     0.12046
 -0.0257473     0.11236  0.00261702 -0.00380609
-0.00901442  0.00261702   0.0923845 -0.00502192
    0.12046 -0.00380609 -0.00502192    0.401998
IMAGINARY
          0  0.00625004   0.0146755   0.0138685
-0.00625004           0  -0.0100025   0.0152845
 -0.0146755   0.0100025           0  -0.0162367
 -0.0138685  -0.0152845   0.0162367           0
EndNode2[0]<--->HoM1[0]
REAL
    0.352318    0.0070631  -0.00732459     0.120141
   0.0070631     0.123179 -0.000976697   -0.0111029
 -0.00732459 -0.000976697     0.117881   -0.0107486
    0.120141   -0.0111029   -0.0107486     0.406623
IMAGINARY
           0  -0.00556582   0.00186916   -0.0109312
  0.00556582            0 -0.000207377   -0.0161549
 -0.00186916  0.000207377            0    0.0260627
   0.0109312    0.0161549   -0.0260627            0
Repeater1[0]<--->EndNode1[0]
REAL
   0.393258 -0.00901442  -0.0257473     0.12046
-0.00901442   0.0923845  0.00261702 -0.00502192
 -0.0257473  0.00261702     0.11236 -0.00380609
    0.12046 -0.00502192 -0.00380609    0.401998
IMAGINARY
          0   0.0146755  0.00625004   0.0138685
 -0.0146755           0   0.0100025  -0.0162367
-0.00625004  -0.0100025           0   0.0152845
 -0.0138685   0.0162367  -0.0152845           0
Repeater1[0]<--->HoM1[0]
REAL
    0.352318  -0.00732459    0.0070631     0.120141
 -0.00732459     0.117881 -0.000976697   -0.0107486
   0.0070631 -0.000976697     0.123179   -0.0111029
    0.120141   -0.0107486   -0.0111029     0.406623
IMAGINARY
           0   0.00186916  -0.00556582   -0.0109312
 -0.00186916            0  0.000207377    0.0260627
  0.00556582 -0.000207377            0   -0.0161549
   0.0109312   -0.0260627    0.0161549            0
EndNode1[0]<--->Repeater1[0]
REAL
  0.391421  0.0346413 -0.0142624   0.134456
 0.0346413   0.121984 -0.0122901  0.0167812
-0.0142624 -0.0122901  0.0898123  0.0157365
  0.134456  0.0167812  0.0157365   0.396783
IMAGINARY
           0   -0.0319883 -0.000476747    0.0166634
   0.0319883            0   0.00318298  -0.00417133
 0.000476747  -0.00318298            0   -0.0164844
  -0.0166634   0.00417133    0.0164844            0
EndNode2[0]<--->HoM1[0]
REAL
   0.410526  0.00828058 -0.00756001    0.109108
 0.00828058    0.119737  0.00499473   0.0370472
-0.00756001  0.00499473    0.107895  0.00453993
   0.109108   0.0370472  0.00453993    0.361842
IMAGINARY
         0 -0.0172483  0.0224837 -0.0157748
 0.0172483          0   0.024013  0.0186474
-0.0224837  -0.024013          0 -0.0110294
 0.0157748 -0.0186474  0.0110294          0
Repeater1[0]<--->EndNode1[0]
REAL
  0.391421 -0.0142624  0.0346413   0.134456
-0.0142624  0.0898123 -0.0122901  0.0157365
 0.0346413 -0.0122901   0.121984  0.0167812
  0.134456  0.0157365  0.0167812   0.396783
IMAGINARY
           0 -0.000476747   -0.0319883    0.0166634
 0.000476747            0  -0.00318298   -0.0164844
   0.0319883   0.00318298            0  -0.00417133
  -0.0166634    0.0164844   0.00417133            0
Repeater1[0]<--->HoM1[0]
REAL
   0.410526 -0.00756001  0.00828058    0.109108
-0.00756001    0.107895  0.00499473  0.00453993
 0.00828058  0.00499473    0.119737   0.0370472
   0.109108  0.00453993   0.0370472    0.361842
IMAGINARY
         0  0.0224837 -0.0172483 -0.0157748
-0.0224837          0  -0.024013 -0.0110294
 0.0172483   0.024013          0  0.0186474
 0.0157748  0.0110294 -0.0186474          0
EndNode1[0]<--->Repeater1[0]
REAL
   0.413655  0.00223098  -0.0018838    0.116529
 0.00223098   0.0896921 -0.00711409 -0.00574978
 -0.0018838 -0.00711409    0.117805  0.00158582
   0.116529 -0.00574978  0.00158582    0.378849
IMAGINARY
           0  1.69032e-05  -0.00391013   0.00206394
-1.69032e-05            0  -0.00857436   -0.0413251
  0.00391013   0.00857436            0 -0.000620039
 -0.00206394    0.0413251  0.000620039            0
EndNode2[0]<--->HoM1[0]
REAL
    0.44473  0.00361832  0.00150757    0.110734
 0.00361832    0.101542   0.0169837  0.00528591
 0.00150757   0.0169837   0.0976864 0.000457765
   0.110734  0.00528591 0.000457765    0.356041
IMAGINARY
          0 -0.00408724  0.00518457  0.00527942
 0.00408724           0   0.0239827  -0.0325283
-0.00518457  -0.0239827           0   0.0132018
-0.00527942   0.0325283  -0.0132018           0
Repeater1[0]<--->EndNode1[0]
REAL
   0.413655  -0.0018838  0.00223098    0.116529
 -0.0018838    0.117805 -0.00711409  0.00158582
 0.00223098 -0.00711409   0.0896921 -0.00574978
   0.116529  0.00158582 -0.00574978    0.378849
IMAGINARY
           0  -0.00391013  1.69032e-05   0.00206394
  0.00391013            0   0.00857436 -0.000620039
-1.69032e-05  -0.00857436            0   -0.0413251
 -0.00206394  0.000620039    0.0413251            0
Repeater1[0]<--->HoM1[0]
REAL
    0.44473  0.00150757  0.00361832    0.110734
 0.00150757   0.0976864   0.0169837 0.000457765
 0.00361832   0.0169837    0.101542  0.00528591
   0.110734 0.000457765  0.00528591    0.356041
IMAGINARY
          0  0.00518457 -0.00408724  0.00527942
-0.00518457           0  -0.0239827   0.0132018
 0.00408724   0.0239827           0  -0.0325283
-0.00527942  -0.0132018   0.0325283           0
EndNode1[0]<--->Repeater1[0]
REAL
   0.411301  -0.0139709 -0.00530352    0.104511
 -0.0139709     0.11958  0.00451128  0.00655665
-0.00530352  0.00451128   0.0998686 -0.00983865
   0.104511  0.00655665 -0.00983865    0.369251
IMAGINARY
          0   0.0082982   0.0130904  -0.0116614
 -0.0082982           0 -0.00222746 -0.00990567
 -0.0130904  0.00222746           0  0.00125594
  0.0116614  0.00990567 -0.00125594           0
EndNode2[0]<--->HoM1[0]
REAL
   0.403141  -0.0195045  -0.0189742     0.12253
 -0.0195045   0.0955497 -0.00787614   0.0020135
 -0.0189742 -0.00787614    0.125654   0.0133987
    0.12253   0.0020135   0.0133987    0.375654
IMAGINARY
           0   0.00870269  -0.00978299 -0.000612231
 -0.00870269            0   -0.0145011  -0.00266786
  0.00978299    0.0145011            0   0.00112693
 0.000612231   0.00266786  -0.00112693            0
Repeater1[0]<--->EndNode1[0]
REAL
   0.411301 -0.00530352  -0.0139709    0.104511
-0.00530352   0.0998686  0.00451128 -0.00983865
 -0.0139709  0.00451128     0.11958  0.00655665
   0.104511 -0.00983865  0.00655665    0.369251
IMAGINARY
          0   0.0130904   0.0082982  -0.0116614
 -0.0130904           0  0.00222746  0.00125594
 -0.0082982 -0.00222746           0 -0.00990567
  0.0116614 -0.00125594  0.00990567           0
Repeater1[0]<--->HoM1[0]
REAL
   0.403141  -0.0189742  -0.0195045     0.12253
 -0.0189742    0.125654 -0.00787614   0.0133987
 -0.0195045 -0.00787614   0.0955497   0.0020135
    0.12253   0.0133987   0.0020135    0.375654
IMAGINARY
           0  -0.00978299   0.00870269 -0.000612231
  0.00978299            0    0.0145011   0.00112693
 -0.00870269   -0.0145011            0  -0.00266786
 0.000612231  -0.00112693   0.00266786            0
EndNode1[0]<--->Repeater1[0]
REAL
   0.40932  0.0231651 -0.0114858  0.0993199
 0.0231651  0.0944584 0.00223251 -0.0072723
-0.0114858 0.00223251  0.0994962 0.00982328
 0.0993199 -0.0072723 0.00982328   0.396725
IMAGINARY
          0  -0.0136806   0.0016875  0.00154895
  0.0136806           0 -0.00154895   0.0201572
 -0.0016875  0.00154895           0  -0.0130184
-0.00154895  -0.0201572   0.0130184           0
EndNode2[0]<--->HoM1[0]
REAL
   0.381612   0.0217606 -0.00082784    0.126051
  0.0217606    0.103275  -0.0165392 -0.00355264
-0.00082784  -0.0165392    0.103275 -0.00861916
   0.126051 -0.00355264 -0.00861916    0.411839
IMAGINARY
          0  0.00390441  0.00858794   0.0031565
-0.00390441           0  0.00935997  -0.0316265
-0.00858794 -0.00935997           0   0.0253608
 -0.0031565   0.0316265  -0.0253608           0
Repeater1[0]<--->EndNode1[0]
REAL
   0.40932 -0.0114858  0.0231651  0.0993199
-0.0114858  0.0994962 0.00223251 0.00982328
 0.0231651 0.00223251  0.0944584 -0.0072723
 0.0993199 0.00982328 -0.0072723   0.396725
IMAGINARY
          0   0.0016875  -0.0136806  0.00154895
 -0.0016875           0  0.00154895  -0.0130184
  0.0136806 -0.00154895           0   0.0201572
-0.00154895   0.0130184  -0.0201572           0
Repeater1[0]<--->HoM1[0]
REAL
   0.381612 -0.00082784   0.0217606    0.126051
-0.00082784    0.103275  -0.0165392 -0.00861916
  0.0217606  -0.0165392    0.103275 -0.00355264
   0.126051 -0.00861916 -0.00355264    0.411839
IMAGINARY
          0  0.00858794  0.00390441   0.0031565
-0.00858794           0 -0.00935997   0.0253608
-0.00390441  0.00935997           0  -0.0316265
 -0.0031565  -0.0253608   0.0316265           0
EndNode1[0]<--->Repeater1[0]
REAL
   0.394402 -0.00843061    -0.02233     0.12902
-0.00843061    0.114504   0.0104093 -0.00814994
   -0.02233   0.0104093    0.108142 -0.00648508
    0.12902 -0.00814994 -0.00648508    0.382952
IMAGINARY
           0 -0.000958691  -0.00123968   -0.0156434
 0.000958691            0    0.0315265   -0.0190749
  0.00123968   -0.0315265            0   -0.0062497
   0.0156434    0.0190749    0.0062497            0
EndNode2[0]<--->HoM1[0]
REAL
