EndNode1[0]<--->Repeater1[0]
REAL
   0.409207 0.000458028   0.0066415    0.377044
0.000458028   0.0754476   0.0304108  -0.0117829
  0.0066415   0.0304108     0.07289 -0.00302872
   0.377044  -0.0117829 -0.00302872    0.442455
IMAGINARY
          0   0.0138045 -0.00483506  -0.0102991
 -0.0138045           0  -0.0109509  0.00732883
 0.00483506   0.0109509           0  0.00489869
  0.0102991 -0.00732883 -0.00489869           0
EndNode2[0]<--->HoM1[0]
REAL
   0.442748 -0.00045977 -0.00697646    0.377432
-0.00045977   0.0763359   0.0252348 -0.00635688
-0.00697646   0.0252348   0.0788804  -0.0062069
   0.377432 -0.00635688  -0.0062069    0.402036
IMAGINARY
          0 -0.00267178  -0.0179456  -0.0041771
 0.00267178           0 -0.00654676  -0.0146776
  0.0179456  0.00654676           0    0.025974
  0.0041771   0.0146776   -0.025974           0
Repeater1[0]<--->EndNode1[0]
REAL
   0.409207   0.0066415 0.000458028    0.377044
  0.0066415     0.07289   0.0304108 -0.00302872
0.000458028   0.0304108   0.0754476  -0.0117829
   0.377044 -0.00302872  -0.0117829    0.442455
IMAGINARY
          0 -0.00483506   0.0138045  -0.0102991
 0.00483506           0   0.0109509  0.00489869
 -0.0138045  -0.0109509           0  0.00732883
  0.0102991 -0.00489869 -0.00732883           0
Repeater1[0]<--->HoM1[0]
REAL
   0.442748 -0.00697646 -0.00045977    0.377432
-0.00697646   0.0788804   0.0252348  -0.0062069
-0.00045977   0.0252348   0.0763359 -0.00635688
   0.377432  -0.0062069 -0.00635688    0.402036
IMAGINARY
          0  -0.0179456 -0.00267178  -0.0041771
  0.0179456           0  0.00654676    0.025974
 0.00267178 -0.00654676           0  -0.0146776
  0.0041771   -0.025974   0.0146776           0
EndNode1[0]<--->Repeater1[0]
REAL
   0.444589    -0.01548   -0.013002    0.377674
   -0.01548   0.0560626   0.0341275  -0.0261285
  -0.013002   0.0341275    0.071708 -0.00750132
   0.377674  -0.0261285 -0.00750132     0.42764
IMAGINARY
           0    0.0232815   0.00343696   0.00638935
  -0.0232815            0    0.0143049 -0.000177503
 -0.00343696   -0.0143049            0   -0.0135032
 -0.00638935  0.000177503    0.0135032            0
EndNode2[0]<--->HoM1[0]
REAL
   0.430464 -0.00118828  -0.0100832    0.390944
-0.00118828   0.0635762   0.0372544  0.00616678
 -0.0100832   0.0372544   0.0701987  0.00379925
   0.390944  0.00616678  0.00379925    0.435762
IMAGINARY
          0  -0.0181383  0.00586618 -0.00741253
  0.0181383           0 -0.00875662 -0.00204939
-0.00586618  0.00875662           0 -0.00476248
 0.00741253  0.00204939  0.00476248           0
Repeater1[0]<--->EndNode1[0]
REAL
   0.444589   -0.013002    -0.01548    0.377674
  -0.013002    0.071708   0.0341275 -0.00750132
   -0.01548   0.0341275   0.0560626  -0.0261285
   0.377674 -0.00750132  -0.0261285     0.42764
IMAGINARY
           0   0.00343696    0.0232815   0.00638935
 -0.00343696            0   -0.0143049   -0.0135032
  -0.0232815    0.0143049            0 -0.000177503
 -0.00638935    0.0135032  0.000177503            0
Repeater1[0]<--->HoM1[0]
REAL
   0.430464  -0.0100832 -0.00118828    0.390944
 -0.0100832   0.0701987   0.0372544  0.00379925
-0.00118828   0.0372544   0.0635762  0.00616678
   0.390944  0.00379925  0.00616678    0.435762
IMAGINARY
          0  0.00586618  -0.0181383 -0.00741253
-0.00586618           0  0.00875662 -0.00476248
  0.0181383 -0.00875662           0 -0.00204939
 0.00741253  0.00476248  0.00204939           0
EndNode1[0]<--->Repeater1[0]
REAL
   0.431181  -0.0223226 -0.00163948    0.376474
 -0.0223226   0.0657734   0.0500946  -0.0150494
-0.00163948   0.0500946   0.0657734 -0.00371215
   0.376474  -0.0150494 -0.00371215    0.437272
IMAGINARY
          0  -0.0131261  0.00480204   0.0129752
  0.0131261           0  0.00105546  0.00932986
-0.00480204 -0.00105546           0  -0.0185024
 -0.0129752 -0.00932986   0.0185024           0
EndNode2[0]<--->HoM1[0]
REAL
 0.439894 0.0196618 0.0126605  0.377026
0.0196618 0.0594452 0.0233673 0.0220708
0.0126605 0.0233673 0.0620872 0.0176907
 0.377026 0.0220708 0.0176907  0.438573
IMAGINARY
           0  0.000392821    0.0293893   0.00626976
-0.000392821            0   -0.0177201   0.00719608
  -0.0293893    0.0177201            0   -0.0190064
 -0.00626976  -0.00719608    0.0190064            0
Repeater1[0]<--->EndNode1[0]
REAL
   0.431181 -0.00163948  -0.0223226    0.376474
-0.00163948   0.0657734   0.0500946 -0.00371215
 -0.0223226   0.0500946   0.0657734  -0.0150494
   0.376474 -0.00371215  -0.0150494    0.437272
IMAGINARY
          0  0.00480204  -0.0131261   0.0129752
-0.00480204           0 -0.00105546  -0.0185024
  0.0131261  0.00105546           0  0.00932986
 -0.0129752   0.0185024 -0.00932986           0
Repeater1[0]<--->HoM1[0]
REAL
 0.439894 0.0126605 0.0196618  0.377026
0.0126605 0.0620872 0.0233673 0.0176907
0.0196618 0.0233673 0.0594452 0.0220708
 0.377026 0.0176907 0.0220708  0.438573
IMAGINARY
           0    0.0293893  0.000392821   0.00626976
  -0.0293893            0    0.0177201   -0.0190064
-0.000392821   -0.0177201            0   0.00719608
 -0.00626976    0.0190064  -0.00719608            0
EndNode1[0]<--->Repeater1[0]
REAL
   0.415842   0.0107971  0.00730578    0.380611
  0.0107971   0.0705446   0.0250249 -0.00402924
 0.00730578   0.0250249   0.0742574  -0.0153843
   0.380611 -0.00402924  -0.0153843    0.439356
IMAGINARY
          0  -0.0133038  -0.0019594  0.00459243
  0.0133038           0  0.00139958 -0.00757738
  0.0019594 -0.00139958           0  0.00649183
-0.00459243  0.00757738 -0.00649183           0
EndNode2[0]<--->HoM1[0]
REAL
      0.415 0.000687087  0.00752464    0.368003
0.000687087     0.06875   0.0348839   0.0121604
 0.00752464   0.0348839      0.0675   0.0242473
   0.368003   0.0121604   0.0242473     0.44875
IMAGINARY
          0   0.0439579  -0.0394294 -0.00396009
 -0.0439579           0 -0.00651111  -0.0125603
  0.0394294  0.00651111           0 -0.00223775
 0.00396009   0.0125603  0.00223775           0
Repeater1[0]<--->EndNode1[0]
REAL
   0.415842  0.00730578   0.0107971    0.380611
 0.00730578   0.0742574   0.0250249  -0.0153843
  0.0107971   0.0250249   0.0705446 -0.00402924
   0.380611  -0.0153843 -0.00402924    0.439356
IMAGINARY
          0  -0.0019594  -0.0133038  0.00459243
  0.0019594           0 -0.00139958  0.00649183
  0.0133038  0.00139958           0 -0.00757738
-0.00459243 -0.00649183  0.00757738           0
Repeater1[0]<--->HoM1[0]
REAL
      0.415  0.00752464 0.000687087    0.368003
 0.00752464      0.0675   0.0348839   0.0242473
0.000687087   0.0348839     0.06875   0.0121604
   0.368003   0.0242473   0.0121604     0.44875
IMAGINARY
          0  -0.0394294   0.0439579 -0.00396009
  0.0394294           0  0.00651111 -0.00223775
 -0.0439579 -0.00651111           0  -0.0125603
 0.00396009  0.00223775   0.0125603           0
EndNode1[0]<--->Repeater1[0]
REAL
   0.436318  -0.0106008 -0.00323046    0.379053
 -0.0106008   0.0680958   0.0431554  -0.0162175
-0.00323046   0.0431554   0.0617907 -0.00633771
   0.379053  -0.0162175 -0.00633771    0.433796
IMAGINARY
          0  0.00743305  -0.0100321  -0.0182881
-0.00743305           0   0.0144222  0.00490389
  0.0100321  -0.0144222           0   0.0105157
  0.0182881 -0.00490389  -0.0105157           0
EndNode2[0]<--->HoM1[0]
REAL
   0.407928   0.0118975   0.0024673    0.381908
  0.0118975     0.07289   0.0312409  -0.0163394
  0.0024673   0.0312409   0.0677749 -0.00888177
   0.381908  -0.0163394 -0.00888177    0.451407
IMAGINARY
          0  -0.0165251   0.0125965  0.00119468
  0.0165251           0    0.012453  0.00207018
 -0.0125965   -0.012453           0  0.00985843
-0.00119468 -0.00207018 -0.00985843           0
Repeater1[0]<--->EndNode1[0]
REAL
   0.436318 -0.00323046  -0.0106008    0.379053
-0.00323046   0.0617907   0.0431554 -0.00633771
 -0.0106008   0.0431554   0.0680958  -0.0162175
   0.379053 -0.00633771  -0.0162175    0.433796
IMAGINARY
          0  -0.0100321  0.00743305  -0.0182881
  0.0100321           0  -0.0144222   0.0105157
-0.00743305   0.0144222           0  0.00490389
  0.0182881  -0.0105157 -0.00490389           0
Repeater1[0]<--->HoM1[0]
REAL
   0.407928   0.0024673   0.0118975    0.381908
  0.0024673   0.0677749   0.0312409 -0.00888177
  0.0118975   0.0312409     0.07289  -0.0163394
   0.381908 -0.00888177  -0.0163394    0.451407
IMAGINARY
          0   0.0125965  -0.0165251  0.00119468
 -0.0125965           0   -0.012453  0.00985843
  0.0165251    0.012453           0  0.00207018
-0.00119468 -0.00985843 -0.00207018           0
EndNode1[0]<--->Repeater1[0]
REAL
   0.418972   0.0210548   0.0218898    0.366029
  0.0210548   0.0750988   0.0348274  -0.0127099
  0.0218898   0.0348274   0.0540184 -0.00575489
   0.366029  -0.0127099 -0.00575489     0.45191
IMAGINARY
           0    0.0251692  -0.00187553   0.00492801
  -0.0251692            0   -0.0112411   -0.0352089
  0.00187553    0.0112411            0 -0.000872496
 -0.00492801    0.0352089  0.000872496            0
EndNode2[0]<--->HoM1[0]
REAL
   0.427481   0.0213851 1.19446e-05    0.366377
  0.0213851   0.0877863   0.0230644   0.0192427
1.19446e-05   0.0230644     0.06743  0.00159622
   0.366377   0.0192427  0.00159622    0.417303
IMAGINARY
           0  -0.00719183 -0.000158195  -0.00713681
  0.00719183            0    0.0147704    0.0122601
 0.000158195   -0.0147704            0   0.00400712
  0.00713681   -0.0122601  -0.00400712            0
Repeater1[0]<--->EndNode1[0]
REAL
   0.418972   0.0218898   0.0210548    0.366029
  0.0218898   0.0540184   0.0348274 -0.00575489
  0.0210548   0.0348274   0.0750988  -0.0127099
   0.366029 -0.00575489  -0.0127099     0.45191
IMAGINARY
           0  -0.00187553    0.0251692   0.00492801
  0.00187553            0    0.0112411 -0.000872496
  -0.0251692   -0.0112411            0   -0.0352089
 -0.00492801  0.000872496    0.0352089            0
Repeater1[0]<--->HoM1[0]
REAL
   0.427481 1.19446e-05   0.0213851    0.366377
1.19446e-05     0.06743   0.0230644  0.00159622
  0.0213851   0.0230644   0.0877863   0.0192427
   0.366377  0.00159622   0.0192427    0.417303
IMAGINARY
           0 -0.000158195  -0.00719183  -0.00713681
 0.000158195            0   -0.0147704   0.00400712
  0.00719183    0.0147704            0    0.0122601
  0.00713681  -0.00400712   -0.0122601            0
EndNode1[0]<--->Repeater1[0]
REAL
   0.447742   0.0134114  0.00928637    0.377991
  0.0134114   0.0670968   0.0177621  -0.0176519
 0.00928637   0.0177621   0.0787097 -0.00761985
   0.377991  -0.0176519 -0.00761985    0.406452
IMAGINARY
           0   0.00253171   0.00913732   0.00405401
 -0.00253171            0    0.0158961   0.00293384
 -0.00913732   -0.0158961            0  0.000644914
 -0.00405401  -0.00293384 -0.000644914            0
EndNode2[0]<--->HoM1[0]
REAL
    0.430993   0.00281681  -0.00341486     0.378349
  0.00281681    0.0714286    0.0282852  -0.00149915
 -0.00341486    0.0282852    0.0835351 -0.000359809
    0.378349  -0.00149915 -0.000359809     0.414044
IMAGINARY
          0    0.022483 -0.00104846   -0.018779
  -0.022483           0   0.0125601  0.00168378
 0.00104846  -0.0125601           0  0.00483594
   0.018779 -0.00168378 -0.00483594           0
Repeater1[0]<--->EndNode1[0]
REAL
   0.447742  0.00928637   0.0134114    0.377991
 0.00928637   0.0787097   0.0177621 -0.00761985
  0.0134114   0.0177621   0.0670968  -0.0176519
   0.377991 -0.00761985  -0.0176519    0.406452
IMAGINARY
           0   0.00913732   0.00253171   0.00405401
 -0.00913732            0   -0.0158961  0.000644914
 -0.00253171    0.0158961            0   0.00293384
 -0.00405401 -0.000644914  -0.00293384            0
Repeater1[0]<--->HoM1[0]
REAL
    0.430993  -0.00341486   0.00281681     0.378349
 -0.00341486    0.0835351    0.0282852 -0.000359809
  0.00281681    0.0282852    0.0714286  -0.00149915
    0.378349 -0.000359809  -0.00149915     0.414044
IMAGINARY
          0 -0.00104846    0.022483   -0.018779
 0.00104846           0  -0.0125601  0.00483594
  -0.022483   0.0125601           0  0.00168378
   0.018779 -0.00483594 -0.00168378           0
EndNode1[0]<--->Repeater1[0]
REAL
  0.452267 -0.0262242 0.00194769   0.366719
-0.0262242  0.0620525  0.0247537 -0.0174516
0.00194769  0.0247537  0.0596659 0.00296837
  0.366719 -0.0174516 0.00296837   0.426014
IMAGINARY
           0    0.0200137  0.000228254    0.0067233
  -0.0200137            0     0.008022   -0.0101884
-0.000228254    -0.008022            0  -0.00341339
  -0.0067233    0.0101884   0.00341339            0
EndNode2[0]<--->HoM1[0]
REAL
   0.403981 0.000957881  0.00767561    0.394004
0.000957881    0.087822   0.0137496  0.00836717
 0.00767561   0.0137496   0.0690867   0.0164218
   0.394004  0.00836717   0.0164218     0.43911
IMAGINARY
          0  0.00380226  -0.0117567   0.0111765
-0.00380226           0 -0.00544401    0.030228
  0.0117567  0.00544401           0  -0.0248214
 -0.0111765   -0.030228   0.0248214           0
Repeater1[0]<--->EndNode1[0]
REAL
  0.452267 0.00194769 -0.0262242   0.366719
0.00194769  0.0596659  0.0247537 0.00296837
-0.0262242  0.0247537  0.0620525 -0.0174516
  0.366719 0.00296837 -0.0174516   0.426014
IMAGINARY
           0  0.000228254    0.0200137    0.0067233
-0.000228254            0    -0.008022  -0.00341339
  -0.0200137     0.008022            0   -0.0101884
  -0.0067233   0.00341339    0.0101884            0
Repeater1[0]<--->HoM1[0]
REAL
   0.403981  0.00767561 0.000957881    0.394004
 0.00767561   0.0690867   0.0137496   0.0164218
0.000957881   0.0137496    0.087822  0.00836717
   0.394004   0.0164218  0.00836717     0.43911
IMAGINARY
          0  -0.0117567  0.00380226   0.0111765
  0.0117567           0  0.00544401  -0.0248214
-0.00380226 -0.00544401           0    0.030228
 -0.0111765   0.0248214   -0.030228           0
EndNode1[0]<--->Repeater1[0]
REAL
   0.424433 -0.00607075  0.00246188    0.375075
-0.00607075   0.0793451   0.0235127 -0.00438743
 0.00246188   0.0235127   0.0654912 -0.00227328
   0.375075 -0.00438743 -0.00227328     0.43073
IMAGINARY
          0 -0.00433316  -0.0046891  0.00280182
 0.00433316           0  -0.0269749   0.0229183
  0.0046891   0.0269749           0   -0.013896
-0.00280182  -0.0229183    0.013896           0
EndNode2[0]<--->HoM1[0]
REAL
  0.417513 0.00211952  0.0016129   0.376025
0.00211952  0.0609137  0.0285449 -0.0016129
 0.0016129  0.0285449  0.0685279 0.00460091
  0.376025 -0.0016129 0.00460091   0.453046
IMAGINARY
         0  0.0125295 -0.0219526 -0.0114231
-0.0125295          0  0.0202392  0.0272576
 0.0219526 -0.0202392          0 -0.0138557
 0.0114231 -0.0272576  0.0138557          0
Repeater1[0]<--->EndNode1[0]
REAL
   0.424433  0.00246188 -0.00607075    0.375075
 0.00246188   0.0654912   0.0235127 -0.00227328
-0.00607075   0.0235127   0.0793451 -0.00438743
   0.375075 -0.00227328 -0.00438743     0.43073
IMAGINARY
          0  -0.0046891 -0.00433316  0.00280182
  0.0046891           0   0.0269749   -0.013896
 0.00433316  -0.0269749           0   0.0229183
-0.00280182    0.013896  -0.0229183           0
Repeater1[0]<--->HoM1[0]
REAL
  0.417513  0.0016129 0.00211952   0.376025
 0.0016129  0.0685279  0.0285449 0.00460091
0.00211952  0.0285449  0.0609137 -0.0016129
  0.376025 0.00460091 -0.0016129   0.453046
IMAGINARY
         0 -0.0219526  0.0125295 -0.0114231
 0.0219526          0 -0.0202392 -0.0138557
-0.0125295  0.0202392          0  0.0272576
 0.0114231  0.0138557 -0.0272576          0
EndNode1[0]<--->Repeater1[0]
REAL
  0.434066  0.0024558 0.00280719    0.37142
 0.0024558  0.0686813  0.0168984  0.0183738
0.00280719  0.0168984  0.0728022  0.0148741
   0.37142  0.0183738  0.0148741   0.424451
IMAGINARY
          0   0.0119895 -0.00472848  0.00159494
 -0.0119895           0  0.00096916  -0.0182073
 0.00472848 -0.00096916           0   0.0070144
-0.00159494   0.0182073  -0.0070144           0
EndNode2[0]<--->HoM1[0]
REAL
   0.407814 0.000572183   0.0221374    0.370147
0.000572183   0.0634921   0.0318933 -0.00649112
  0.0221374   0.0318933   0.0818071   0.0150741
   0.370147 -0.00649112   0.0150741    0.446886
IMAGINARY
          0 -0.00593381   0.0367275   0.0149933
 0.00593381           0 -0.00137947   0.0114111
 -0.0367275  0.00137947           0  -0.0216657
 -0.0149933  -0.0114111   0.0216657           0
Repeater1[0]<--->EndNode1[0]
REAL
  0.434066 0.00280719  0.0024558    0.37142
0.00280719  0.0728022  0.0168984  0.0148741
 0.0024558  0.0168984  0.0686813  0.0183738
   0.37142  0.0148741  0.0183738   0.424451
IMAGINARY
          0 -0.00472848   0.0119895  0.00159494
 0.00472848           0 -0.00096916   0.0070144
 -0.0119895  0.00096916           0  -0.0182073
-0.00159494  -0.0070144   0.0182073           0
Repeater1[0]<--->HoM1[0]
REAL
   0.407814   0.0221374 0.000572183    0.370147
  0.0221374   0.0818071   0.0318933   0.0150741
0.000572183   0.0318933   0.0634921 -0.00649112
   0.370147   0.0150741 -0.00649112    0.446886
IMAGINARY
          0   0.0367275 -0.00593381   0.0149933
 -0.0367275           0  0.00137947  -0.0216657
 0.00593381 -0.00137947           0   0.0114111
 -0.0149933   0.0216657  -0.0114111           0
EndNode1[0]<--->Repeater1[0]
REAL
  0.472258  0.0196596  0.0126036   0.383802
 0.0196596  0.0593548  0.0192597 0.00270257
 0.0126036  0.0192597  0.0632258  0.0135037
  0.383802 0.00270257  0.0135037   0.405161
IMAGINARY
           0   -0.0242715    0.0042507   0.00213356
   0.0242715            0   -0.0232064 -0.000930647
  -0.0042507    0.0232064            0    0.0209514
 -0.00213356  0.000930647   -0.0209514            0
EndNode2[0]<--->HoM1[0]
REAL
   0.426509  0.00989057   0.0101381    0.384914
 0.00989057   0.0721785   0.0323091 -0.00145985
  0.0101381   0.0323091   0.0787402 -0.00655279
   0.384914 -0.00145985 -0.00655279    0.422572
IMAGINARY
          0   0.0153959  0.00318149   -0.021587
 -0.0153959           0 -0.00810994  0.00126578
-0.00318149  0.00810994           0  0.00811111
   0.021587 -0.00126578 -0.00811111           0
Repeater1[0]<--->EndNode1[0]
REAL
  0.472258  0.0126036  0.0196596   0.383802
 0.0126036  0.0632258  0.0192597  0.0135037
 0.0196596  0.0192597  0.0593548 0.00270257
  0.383802  0.0135037 0.00270257   0.405161
IMAGINARY
           0    0.0042507   -0.0242715   0.00213356
  -0.0042507            0    0.0232064    0.0209514
   0.0242715   -0.0232064            0 -0.000930647
 -0.00213356   -0.0209514  0.000930647            0
Repeater1[0]<--->HoM1[0]
REAL
   0.426509   0.0101381  0.00989057    0.384914
  0.0101381   0.0787402   0.0323091 -0.00655279
 0.00989057   0.0323091   0.0721785 -0.00145985
   0.384914 -0.00655279 -0.00145985    0.422572
IMAGINARY
          0  0.00318149   0.0153959   -0.021587
-0.00318149           0  0.00810994  0.00811111
 -0.0153959 -0.00810994           0  0.00126578
   0.021587 -0.00811111 -0.00126578           0
EndNode1[0]<--->Repeater1[0]
REAL
   0.42228  0.0148109 0.00694124   0.382846
 0.0148109  0.0712435  0.0170227 0.00821028
0.00694124  0.0170227  0.0673575 -0.0022944
  0.382846 0.00821028 -0.0022944   0.439119
IMAGINARY
          0  0.00926366  0.00697678  -0.0235477
-0.00926366           0  0.00317979  0.00568145
-0.00697678 -0.00317979           0  -0.0117953
  0.0235477 -0.00568145   0.0117953           0
EndNode2[0]<--->HoM1[0]
REAL
   0.445302   0.0079587 -0.00576364    0.378443
  0.0079587   0.0733591   0.0220672  0.00959017
-0.00576364   0.0220672   0.0604891  0.00607191
   0.378443  0.00959017  0.00607191    0.420849
IMAGINARY
          0  -0.0152921   0.0150172    0.019471
  0.0152921           0  0.00684476  0.00847272
 -0.0150172 -0.00684476           0  -0.0122246
  -0.019471 -0.00847272   0.0122246           0
Repeater1[0]<--->EndNode1[0]
REAL
   0.42228 0.00694124  0.0148109   0.382846
0.00694124  0.0673575  0.0170227 -0.0022944
 0.0148109  0.0170227  0.0712435 0.00821028
  0.382846 -0.0022944 0.00821028   0.439119
IMAGINARY
          0  0.00697678  0.00926366  -0.0235477
-0.00697678           0 -0.00317979  -0.0117953
-0.00926366  0.00317979           0  0.00568145
  0.0235477   0.0117953 -0.00568145           0
Repeater1[0]<--->HoM1[0]
REAL
   0.445302 -0.00576364   0.0079587    0.378443
-0.00576364   0.0604891   0.0220672  0.00607191
  0.0079587   0.0220672   0.0733591  0.00959017
   0.378443  0.00607191  0.00959017    0.420849
IMAGINARY
          0   0.0150172  -0.0152921    0.019471
 -0.0150172           0 -0.00684476  -0.0122246
  0.0152921  0.00684476           0  0.00847272
  -0.019471   0.0122246 -0.00847272           0
EndNode1[0]<--->Repeater1[0]
REAL
  0.439083 -0.0175304 -0.0112041   0.375513
-0.0175304  0.0651387  0.0203497  -0.026599
-0.0112041  0.0203497  0.0566948 -0.0188462
  0.375513  -0.026599 -0.0188462   0.439083
IMAGINARY
          0 -0.00398093 -0.00484346  0.00839714
 0.00398093           0 -0.00963171  0.00988125
 0.00484346  0.00963171           0  0.00272148
-0.00839714 -0.00988125 -0.00272148           0
EndNode2[0]<--->HoM1[0]
REAL
    0.43268 -0.00621212   0.0161082    0.378049
-0.00621212   0.0640523   0.0235258  0.00357686
  0.0161082   0.0235258    0.075817 -0.00428657
   0.378049  0.00357686 -0.00428657    0.427451
IMAGINARY
           0   0.00681012  -0.00475483   0.00395258
 -0.00681012            0  5.20761e-06   -0.0148051
  0.00475483 -5.20761e-06            0   0.00419232
 -0.00395258    0.0148051  -0.00419232            0
Repeater1[0]<--->EndNode1[0]
REAL
  0.439083 -0.0112041 -0.0175304   0.375513
-0.0112041  0.0566948  0.0203497 -0.0188462
-0.0175304  0.0203497  0.0651387  -0.026599
  0.375513 -0.0188462  -0.026599   0.439083
IMAGINARY
          0 -0.00484346 -0.00398093  0.00839714
 0.00484346           0  0.00963171  0.00272148
 0.00398093 -0.00963171           0  0.00988125
-0.00839714 -0.00272148 -0.00988125           0
Repeater1[0]<--->HoM1[0]
REAL
    0.43268   0.0161082 -0.00621212    0.378049
  0.0161082    0.075817   0.0235258 -0.00428657
-0.00621212   0.0235258   0.0640523  0.00357686
   0.378049 -0.00428657  0.00357686    0.427451
IMAGINARY
           0  -0.00475483   0.00681012   0.00395258
  0.00475483            0 -5.20761e-06   0.00419232
 -0.00681012  5.20761e-06            0   -0.0148051
 -0.00395258  -0.00419232    0.0148051            0
EndNode1[0]<--->Repeater1[0]
REAL
  0.489583 0.00525493 0.00320513   0.382736
0.00525493  0.0677083  0.0246714 0.00869963
0.00320513  0.0246714  0.0729167 0.00135883
  0.382736 0.00869963 0.00135883   0.369792
IMAGINARY
          0   0.0108043  0.00672444   0.0229841
 -0.0108043           0  0.00162731  -0.0189825
-0.00672444 -0.00162731           0  -0.0166108
 -0.0229841   0.0189825   0.0166108           0
EndNode2[0]<--->HoM1[0]
REAL
  0.401055 -0.0234318  -0.025062   0.378059
-0.0234318  0.0778364  0.0368897 -0.0110205
 -0.025062  0.0368897  0.0817942  0.0028132
  0.378059 -0.0110205  0.0028132   0.439314
IMAGINARY
          0 -0.00877598   0.0234979 -0.00550672
 0.00877598           0  -0.0211513 -0.00888548
 -0.0234979   0.0211513           0  -0.0274375
 0.00550672  0.00888548   0.0274375           0
Repeater1[0]<--->EndNode1[0]
REAL
  0.489583 0.00320513 0.00525493   0.382736
0.00320513  0.0729167  0.0246714 0.00135883
0.00525493  0.0246714  0.0677083 0.00869963
  0.382736 0.00135883 0.00869963   0.369792
IMAGINARY
          0  0.00672444   0.0108043   0.0229841
-0.00672444           0 -0.00162731  -0.0166108
 -0.0108043  0.00162731           0  -0.0189825
 -0.0229841   0.0166108   0.0189825           0
Repeater1[0]<--->HoM1[0]
REAL
  0.401055  -0.025062 -0.0234318   0.378059
 -0.025062  0.0817942  0.0368897  0.0028132
-0.0234318  0.0368897  0.0778364 -0.0110205
  0.378059  0.0028132 -0.0110205   0.439314
IMAGINARY
          0   0.0234979 -0.00877598 -0.00550672
 -0.0234979           0   0.0211513  -0.0274375
 0.00877598  -0.0211513           0 -0.00888548
 0.00550672   0.0274375  0.00888548           0
EndNode1[0]<--->Repeater1[0]
REAL
  0.411451 0.00564713 0.00767832   0.387475
0.00564713  0.0852197  0.0351437  0.0125598
0.00767832  0.0351437   0.069241 0.00625763
  0.387475  0.0125598 0.00625763   0.434088
IMAGINARY
          0  -0.0157388   0.0345821 -0.00125313
  0.0157388           0  0.00877193  0.00168735
 -0.0345821 -0.00877193           0  -0.0231213
 0.00125313 -0.00168735   0.0231213           0
EndNode2[0]<--->HoM1[0]
REAL
    0.461538    0.0110524 -0.000157051     0.373368
   0.0110524    0.0580297    0.0287206  -0.00767585
-0.000157051    0.0287206    0.0566802   -0.0228018
    0.373368  -0.00767585   -0.0228018     0.423752
IMAGINARY
           0   0.00776612  0.000683592  -0.00788985
 -0.00776612            0   0.00272189   0.00192737
-0.000683592  -0.00272189            0   0.00137226
  0.00788985  -0.00192737  -0.00137226            0
Repeater1[0]<--->EndNode1[0]
REAL
  0.411451 0.00767832 0.00564713   0.387475
0.00767832   0.069241  0.0351437 0.00625763
0.00564713  0.0351437  0.0852197  0.0125598
  0.387475 0.00625763  0.0125598   0.434088
IMAGINARY
          0   0.0345821  -0.0157388 -0.00125313
 -0.0345821           0 -0.00877193  -0.0231213
  0.0157388  0.00877193           0  0.00168735
 0.00125313   0.0231213 -0.00168735           0
Repeater1[0]<--->HoM1[0]
REAL
    0.461538 -0.000157051    0.0110524     0.373368
-0.000157051    0.0566802    0.0287206   -0.0228018
   0.0110524    0.0287206    0.0580297  -0.00767585
    0.373368   -0.0228018  -0.00767585     0.423752
IMAGINARY
           0  0.000683592   0.00776612  -0.00788985
-0.000683592            0  -0.00272189   0.00137226
 -0.00776612   0.00272189            0   0.00192737
  0.00788985  -0.00137226  -0.00192737            0
EndNode1[0]<--->Repeater1[0]
REAL
  0.427236 -0.0183698 -0.0159221   0.377219
-0.0183698  0.0720961  0.0164766 0.00788746
-0.0159221  0.0164766  0.0747664  0.0103352
  0.377219 0.00788746  0.0103352   0.425901
IMAGINARY
          0 -0.00790139  0.00909317  -0.0249673
 0.00790139           0  -0.0129992  0.00284317
-0.00909317   0.0129992           0  0.00790139
  0.0249673 -0.00284317 -0.00790139           0
EndNode2[0]<--->HoM1[0]
REAL
  0.435583   0.023476 0.00884149   0.375721
  0.023476  0.0797546  0.0274202  0.0186454
0.00884149  0.0274202  0.0858896 -0.0064603
  0.375721  0.0186454 -0.0064603   0.398773
IMAGINARY
           0    0.0106291    0.0047385     0.018236
  -0.0106291            0    0.0169202    -0.024156
  -0.0047385   -0.0169202            0  0.000293206
   -0.018236     0.024156 -0.000293206            0
Repeater1[0]<--->EndNode1[0]
REAL
  0.427236 -0.0159221 -0.0183698   0.377219
-0.0159221  0.0747664  0.0164766  0.0103352
-0.0183698  0.0164766  0.0720961 0.00788746
  0.377219  0.0103352 0.00788746   0.425901
IMAGINARY
          0  0.00909317 -0.00790139  -0.0249673
-0.00909317           0   0.0129992  0.00790139
 0.00790139  -0.0129992           0  0.00284317
  0.0249673 -0.00790139 -0.00284317           0
Repeater1[0]<--->HoM1[0]
REAL
  0.435583 0.00884149   0.023476   0.375721
0.00884149  0.0858896  0.0274202 -0.0064603
  0.023476  0.0274202  0.0797546  0.0186454
  0.375721 -0.0064603  0.0186454   0.398773
IMAGINARY
           0    0.0047385    0.0106291     0.018236
  -0.0047385            0   -0.0169202  0.000293206
  -0.0106291    0.0169202            0    -0.024156
   -0.018236 -0.000293206     0.024156            0
EndNode1[0]<--->Repeater1[0]
REAL
   0.392954  0.00703385   0.0234892    0.383859
 0.00703385   0.0853659   0.0310609  -0.0117753
  0.0234892   0.0310609   0.0840108 -0.00148515
   0.383859  -0.0117753 -0.00148515    0.437669
IMAGINARY
          0  -0.0175663  0.00985147  0.00404767
  0.0175663           0  0.00472426   0.0242118
-0.00985147 -0.00472426           0  -0.0104142
-0.00404767  -0.0242118   0.0104142           0
EndNode2[0]<--->HoM1[0]
REAL
       0.425  -0.00719163 -0.000473878     0.374231
 -0.00719163       0.0725    0.0272653   -0.0244638
-0.000473878    0.0272653       0.0525  -0.00652408
    0.374231   -0.0244638  -0.00652408         0.45
IMAGINARY
           0    0.0149171   -0.0298343  0.000706628
  -0.0149171            0   -0.0178119   0.00872612
   0.0298343    0.0178119            0  -0.00436306
-0.000706628  -0.00872612   0.00436306            0
Repeater1[0]<--->EndNode1[0]
REAL
   0.392954   0.0234892  0.00703385    0.383859
  0.0234892   0.0840108   0.0310609 -0.00148515
 0.00703385   0.0310609   0.0853659  -0.0117753
   0.383859 -0.00148515  -0.0117753    0.437669
IMAGINARY
          0  0.00985147  -0.0175663  0.00404767
-0.00985147           0 -0.00472426  -0.0104142
  0.0175663  0.00472426           0   0.0242118
-0.00404767   0.0104142  -0.0242118           0
Repeater1[0]<--->HoM1[0]
REAL
       0.425 -0.000473878  -0.00719163     0.374231
-0.000473878       0.0525    0.0272653  -0.00652408
 -0.00719163    0.0272653       0.0725   -0.0244638
    0.374231  -0.00652408   -0.0244638         0.45
IMAGINARY
           0   -0.0298343    0.0149171  0.000706628
   0.0298343            0    0.0178119  -0.00436306
  -0.0149171   -0.0178119            0   0.00872612
-0.000706628   0.00436306  -0.00872612            0
EndNode1[0]<--->Repeater1[0]
REAL
     0.41488 -1.50581e-05    0.0101476     0.377432
-1.50581e-05    0.0870113    0.0253973    0.0101476
   0.0101476    0.0253973      0.07314    0.0141602
    0.377432    0.0101476    0.0141602     0.424968
IMAGINARY
          0   -0.033265   0.0185858 -0.00128498
   0.033265           0  0.00849337    0.016556
 -0.0185858 -0.00849337           0 -0.00927509
 0.00128498   -0.016556  0.00927509           0
EndNode2[0]<--->HoM1[0]
REAL
   0.421656   0.0104594  0.00932911    0.374137
  0.0104594   0.0509554   0.0320322 -0.00675841
 0.00932911   0.0320322   0.0917197 -0.00917408
   0.374137 -0.00675841 -0.00917408    0.435669
IMAGINARY
          0  -0.0134812  0.00437283  0.00776858
  0.0134812           0  0.00113728 -0.00700441
-0.00437283 -0.00113728           0 -0.00493983
-0.00776858  0.00700441  0.00493983           0
Repeater1[0]<--->EndNode1[0]
REAL
     0.41488    0.0101476 -1.50581e-05     0.377432
   0.0101476      0.07314    0.0253973    0.0141602
-1.50581e-05    0.0253973    0.0870113    0.0101476
    0.377432    0.0141602    0.0101476     0.424968
IMAGINARY
          0   0.0185858   -0.033265 -0.00128498
 -0.0185858           0 -0.00849337 -0.00927509
   0.033265  0.00849337           0    0.016556
 0.00128498  0.00927509   -0.016556           0
Repeater1[0]<--->HoM1[0]
REAL
   0.421656  0.00932911   0.0104594    0.374137
 0.00932911   0.0917197   0.0320322 -0.00917408
  0.0104594   0.0320322   0.0509554 -0.00675841
   0.374137 -0.00917408 -0.00675841    0.435669
IMAGINARY
          0  0.00437283  -0.0134812  0.00776858
-0.00437283           0 -0.00113728 -0.00493983
  0.0134812  0.00113728           0 -0.00700441
-0.00776858  0.00493983  0.00700441           0
EndNode1[0]<--->Repeater1[0]
REAL
  0.442857  0.0180627  0.0188147    0.37358
 0.0180627   0.061039  0.0299529 -0.0065864
 0.0188147  0.0299529  0.0727273 -0.0126279
   0.37358 -0.0065864 -0.0126279   0.423377
IMAGINARY
          0  -0.0101337   0.0184174  -0.0116551
  0.0101337           0   0.0136848  0.00457865
 -0.0184174  -0.0136848           0 -0.00892014
  0.0116551 -0.00457865  0.00892014           0
EndNode2[0]<--->HoM1[0]
REAL
   0.438619 -0.00799183  -0.0126239    0.376785
-0.00799183   0.0716113    0.035933   0.0051426
 -0.0126239    0.035933   0.0498721  0.00300429
   0.376785   0.0051426  0.00300429    0.439898
IMAGINARY
          0 -0.00224451   0.0252213  0.00298269
 0.00224451           0  -0.0229827 -0.00642429
 -0.0252213   0.0229827           0  -0.0152993
-0.00298269  0.00642429   0.0152993           0
Repeater1[0]<--->EndNode1[0]
REAL
  0.442857  0.0188147  0.0180627    0.37358
 0.0188147  0.0727273  0.0299529 -0.0126279
 0.0180627  0.0299529   0.061039 -0.0065864
   0.37358 -0.0126279 -0.0065864   0.423377
IMAGINARY
          0   0.0184174  -0.0101337  -0.0116551
 -0.0184174           0  -0.0136848 -0.00892014
  0.0101337   0.0136848           0  0.00457865
  0.0116551  0.00892014 -0.00457865           0
Repeater1[0]<--->HoM1[0]
REAL
   0.438619  -0.0126239 -0.00799183    0.376785
 -0.0126239   0.0498721    0.035933  0.00300429
-0.00799183    0.035933   0.0716113   0.0051426
   0.376785  0.00300429   0.0051426    0.439898
IMAGINARY
          0   0.0252213 -0.00224451  0.00298269
 -0.0252213           0   0.0229827  -0.0152993
 0.00224451  -0.0229827           0 -0.00642429
-0.00298269   0.0152993  0.00642429           0
EndNode1[0]<--->Repeater1[0]
REAL
  0.431655 -0.0199594  0.0218989   0.389344
-0.0199594  0.0671463 0.00101271 0.00253971
 0.0218989 0.00101271  0.0659472 0.00608887
  0.389344 0.00253971 0.00608887   0.435252
IMAGINARY
          0  0.00632325  -0.0168706   0.0284668
-0.00632325           0 -0.00603932  0.00746031
  0.0168706  0.00603932           0  0.00434174
 -0.0284668 -0.00746031 -0.00434174           0
EndNode2[0]<--->HoM1[0]
REAL
   0.43061 0.00172082 0.00560425   0.386583
0.00172082  0.0674449  0.0217838  0.0256042
0.00560425  0.0217838  0.0635538  0.0228476
  0.386583  0.0256042  0.0228476   0.438392
IMAGINARY
          0  -0.0104153 -0.00988555  0.00554187
  0.0104153           0 -0.00554187   0.0129306
 0.00988555  0.00554187           0   -0.001156
-0.00554187  -0.0129306    0.001156           0
Repeater1[0]<--->EndNode1[0]
REAL
  0.431655  0.0218989 -0.0199594   0.389344
 0.0218989  0.0659472 0.00101271 0.00608887
-0.0199594 0.00101271  0.0671463 0.00253971
  0.389344 0.00608887 0.00253971   0.435252
IMAGINARY
          0  -0.0168706  0.00632325   0.0284668
  0.0168706           0  0.00603932  0.00434174
-0.00632325 -0.00603932           0  0.00746031
 -0.0284668 -0.00434174 -0.00746031           0
Repeater1[0]<--->HoM1[0]
REAL
   0.43061 0.00560425 0.00172082   0.386583
0.00560425  0.0635538  0.0217838  0.0228476
0.00172082  0.0217838  0.0674449  0.0256042
  0.386583  0.0228476  0.0256042   0.438392
IMAGINARY
          0 -0.00988555  -0.0104153  0.00554187
 0.00988555           0  0.00554187   -0.001156
  0.0104153 -0.00554187           0   0.0129306
-0.00554187    0.001156  -0.0129306           0
EndNode1[0]<--->Repeater1[0]
REAL
   0.440887 -0.00384529  0.00637026    0.376299
-0.00384529   0.0775862   0.0325486  -0.0157536
 0.00637026   0.0325486   0.0714286   0.0105477
   0.376299  -0.0157536   0.0105477    0.410099
IMAGINARY
           0 -0.000483379  -0.00317552  -0.00387853
 0.000483379            0 -0.000661028    0.0144255
  0.00317552  0.000661028            0   -0.0120166
  0.00387853   -0.0144255    0.0120166            0
EndNode2[0]<--->HoM1[0]
REAL
   0.435323 -0.00576811 -0.00251069     0.37533
-0.00576811   0.0609453   0.0311094  -0.0163228
-0.00251069   0.0311094   0.0746269  -0.0215709
    0.37533  -0.0163228  -0.0215709    0.429104
IMAGINARY
           0  -0.00778726  -0.00839277   -0.0124183
  0.00778726            0    -0.029798  0.000855077
  0.00839277     0.029798            0  -0.00980068
   0.0124183 -0.000855077   0.00980068            0
Repeater1[0]<--->EndNode1[0]
REAL
   0.440887  0.00637026 -0.00384529    0.376299
 0.00637026   0.0714286   0.0325486   0.0105477
-0.00384529   0.0325486   0.0775862  -0.0157536
   0.376299   0.0105477  -0.0157536    0.410099
IMAGINARY
           0  -0.00317552 -0.000483379  -0.00387853
  0.00317552            0  0.000661028   -0.0120166
 0.000483379 -0.000661028            0    0.0144255
  0.00387853    0.0120166   -0.0144255            0
Repeater1[0]<--->HoM1[0]
REAL
   0.435323 -0.00251069 -0.00576811     0.37533
-0.00251069   0.0746269   0.0311094  -0.0215709
-0.00576811   0.0311094   0.0609453  -0.0163228
    0.37533  -0.0215709  -0.0163228    0.429104
IMAGINARY
           0  -0.00839277  -0.00778726   -0.0124183
  0.00839277            0     0.029798  -0.00980068
  0.00778726    -0.029798            0  0.000855077
   0.0124183   0.00980068 -0.000855077            0
EndNode1[0]<--->Repeater1[0]
REAL
   0.419118   0.0214241   0.0214767    0.388548
  0.0214241   0.0784314   0.0244956  0.00281998
  0.0214767   0.0244956   0.0772059 -0.00735765
   0.388548  0.00281998 -0.00735765    0.425245
IMAGINARY
          0 -0.00359477  -0.0266178 -0.00494139
 0.00359477           0   0.0136263   0.0102779
  0.0266178  -0.0136263           0 -0.00359477
 0.00494139  -0.0102779  0.00359477           0
EndNode2[0]<--->HoM1[0]
REAL
    0.439056 -0.000699979    0.0190655      0.37914
-0.000699979     0.068152      0.02805  -0.00534001
   0.0190655      0.02805    0.0655308  -0.00779675
     0.37914  -0.00534001  -0.00779675     0.427261
IMAGINARY
          0 -0.00507368 -0.00127921   -0.015809
 0.00507368           0    0.011933    0.019439
 0.00127921   -0.011933           0 -0.00945416
   0.015809   -0.019439  0.00945416           0
Repeater1[0]<--->EndNode1[0]
REAL
   0.419118   0.0214767   0.0214241    0.388548
  0.0214767   0.0772059   0.0244956 -0.00735765
  0.0214241   0.0244956   0.0784314  0.00281998
   0.388548 -0.00735765  0.00281998    0.425245
IMAGINARY
          0  -0.0266178 -0.00359477 -0.00494139
  0.0266178           0  -0.0136263 -0.00359477
 0.00359477   0.0136263           0   0.0102779
 0.00494139  0.00359477  -0.0102779           0
Repeater1[0]<--->HoM1[0]
REAL
    0.439056    0.0190655 -0.000699979      0.37914
   0.0190655    0.0655308      0.02805  -0.00779675
-0.000699979      0.02805     0.068152  -0.00534001
     0.37914  -0.00779675  -0.00534001     0.427261
IMAGINARY
          0 -0.00127921 -0.00507368   -0.015809
 0.00127921           0   -0.011933 -0.00945416
 0.00507368    0.011933           0    0.019439
   0.015809  0.00945416   -0.019439           0
EndNode1[0]<--->Repeater1[0]
REAL
   0.456446 -0.00625325 -0.00694509    0.378399
-0.00625325   0.0766551   0.0348089  -0.0050046
-0.00694509   0.0348089   0.0545877  -0.0119857
   0.378399  -0.0050046  -0.0119857    0.412311
IMAGINARY
           0  0.000151622   0.00600993   0.00955612
-0.000151622            0   0.00626231    0.0119388
 -0.00600993  -0.00626231            0   -0.0386132
 -0.00955612   -0.0119388    0.0386132            0
EndNode2[0]<--->HoM1[0]
REAL
   0.427972 -0.00189486 -0.00517257    0.392193
-0.00189486   0.0657343    0.031189  0.00847508
-0.00517257    0.031189   0.0881119   0.0104814
   0.392193  0.00847508   0.0104814    0.418182
IMAGINARY
          0    0.002106  -0.0076874 -0.00806066
  -0.002106           0  -0.0240249   0.0057569
  0.0076874   0.0240249           0  -0.0130455
 0.00806066  -0.0057569   0.0130455           0
Repeater1[0]<--->EndNode1[0]
REAL
   0.456446 -0.00694509 -0.00625325    0.378399
-0.00694509   0.0545877   0.0348089  -0.0119857
-0.00625325   0.0348089   0.0766551  -0.0050046
   0.378399  -0.0119857  -0.0050046    0.412311
IMAGINARY
           0   0.00600993  0.000151622   0.00955612
 -0.00600993            0  -0.00626231   -0.0386132
-0.000151622   0.00626231            0    0.0119388
 -0.00955612    0.0386132   -0.0119388            0
Repeater1[0]<--->HoM1[0]
REAL
   0.427972 -0.00517257 -0.00189486    0.392193
-0.00517257   0.0881119    0.031189   0.0104814
-0.00189486    0.031189   0.0657343  0.00847508
   0.392193   0.0104814  0.00847508    0.418182
IMAGINARY
          0  -0.0076874    0.002106 -0.00806066
  0.0076874           0   0.0240249  -0.0130455
  -0.002106  -0.0240249           0   0.0057569
 0.00806066   0.0130455  -0.0057569           0
EndNode1[0]<--->Repeater1[0]
REAL
   0.419355   -0.018839   0.0174657    0.382666
  -0.018839    0.061828    0.037901   -0.028104
  0.0174657    0.037901   0.0806452 -0.00598374
   0.382666   -0.028104 -0.00598374    0.438172
IMAGINARY
          0  0.00236824   0.0068934  0.00433777
-0.00236824           0   0.0158088 -0.00749509
 -0.0068934  -0.0158088           0  0.00425029
-0.00433777  0.00749509 -0.00425029           0
EndNode2[0]<--->HoM1[0]
REAL
  0.426952 0.00173084 0.00953893   0.388398
0.00173084   0.070529  0.0312555 0.00220396
0.00953893  0.0312555  0.0642317 -0.0159459
  0.388398 0.00220396 -0.0159459   0.438287
IMAGINARY
          0  -0.0149664 -0.00535799   0.0100375
  0.0149664           0  0.00080264   0.0269213
