EndNode1[0]<--->Repeater1[0]
REAL
    0.35567 -0.00114752 -0.00649169    0.190886
-0.00114752    0.155928   0.0513199  0.00409361
-0.00649169   0.0513199    0.167526  -0.0024496
   0.190886  0.00409361  -0.0024496    0.320876
IMAGINARY
          0 -0.00614726 -0.00184807  0.00670969
 0.00614726           0 -0.00924776  0.00862314
 0.00184807  0.00924776           0  0.00479225
-0.00670969 -0.00862314 -0.00479225           0
EndNode2[0]<--->HoM1[0]
REAL
    0.31935  -0.0182059 -0.00844097     0.19457
 -0.0182059     0.17862   0.0521123 -0.00904998
-0.00844097   0.0521123    0.201624  0.00312746
    0.19457 -0.00904998  0.00312746    0.300406
IMAGINARY
           0   -0.0169844    0.0139215    0.0103022
   0.0169844            0  0.000498293  -0.00693822
  -0.0139215 -0.000498293            0   -0.0207251
  -0.0103022   0.00693822    0.0207251            0
Repeater1[0]<--->EndNode1[0]
REAL
    0.35567 -0.00649169 -0.00114752    0.190886
-0.00649169    0.167526   0.0513199  -0.0024496
-0.00114752   0.0513199    0.155928  0.00409361
   0.190886  -0.0024496  0.00409361    0.320876
IMAGINARY
          0 -0.00184807 -0.00614726  0.00670969
 0.00184807           0  0.00924776  0.00479225
 0.00614726 -0.00924776           0  0.00862314
-0.00670969 -0.00479225 -0.00862314           0
Repeater1[0]<--->HoM1[0]
REAL
    0.31935 -0.00844097  -0.0182059     0.19457
-0.00844097    0.201624   0.0521123  0.00312746
 -0.0182059   0.0521123     0.17862 -0.00904998
    0.19457  0.00312746 -0.00904998    0.300406
IMAGINARY
           0    0.0139215   -0.0169844    0.0103022
  -0.0139215            0 -0.000498293   -0.0207251
   0.0169844  0.000498293            0  -0.00693822
  -0.0103022    0.0207251   0.00693822            0
EndNode1[0]<--->Repeater1[0]
REAL
   0.320972  0.00584465 -0.00642418    0.176604
 0.00584465    0.180307   0.0506688   0.0096252
-0.00642418   0.0506688    0.152174  0.00375842
   0.176604   0.0096252  0.00375842    0.346547
IMAGINARY
          0 -0.00420046 -0.00333525  -0.0121697
 0.00420046           0  0.00466969  0.00832278
 0.00333525 -0.00466969           0  -0.0107621
  0.0121697 -0.00832278   0.0107621           0
EndNode2[0]<--->HoM1[0]
REAL
  0.316845 0.00870219 0.00671769   0.188903
0.00870219   0.149733  0.0533649 0.00101427
0.00671769  0.0533649    0.17246  0.0144937
  0.188903 0.00101427  0.0144937   0.360963
IMAGINARY
          0   0.0225219  0.00532317  0.00846503
 -0.0225219           0    0.007283 -0.00856572
-0.00532317   -0.007283           0   0.0157401
-0.00846503  0.00856572  -0.0157401           0
Repeater1[0]<--->EndNode1[0]
REAL
   0.320972 -0.00642418  0.00584465    0.176604
-0.00642418    0.152174   0.0506688  0.00375842
 0.00584465   0.0506688    0.180307   0.0096252
   0.176604  0.00375842   0.0096252    0.346547
IMAGINARY
          0 -0.00333525 -0.00420046  -0.0121697
 0.00333525           0 -0.00466969  -0.0107621
 0.00420046  0.00466969           0  0.00832278
  0.0121697   0.0107621 -0.00832278           0
Repeater1[0]<--->HoM1[0]
REAL
  0.316845 0.00671769 0.00870219   0.188903
0.00671769    0.17246  0.0533649  0.0144937
0.00870219  0.0533649   0.149733 0.00101427
  0.188903  0.0144937 0.00101427   0.360963
IMAGINARY
          0  0.00532317   0.0225219  0.00846503
-0.00532317           0   -0.007283   0.0157401
 -0.0225219    0.007283           0 -0.00856572
-0.00846503  -0.0157401  0.00856572           0
EndNode1[0]<--->Repeater1[0]
REAL
  0.330275 0.00557012 -0.0109489    0.18999
0.00557012     0.1481    0.05444 0.00505111
-0.0109489    0.05444   0.188729 0.00557012
   0.18999 0.00505111 0.00557012   0.332896
IMAGINARY
          0 -0.00875712   0.0159459  -0.0099572
 0.00875712           0  -0.0143267 -0.00315818
 -0.0159459   0.0143267           0  -0.0180971
  0.0099572  0.00315818   0.0180971           0
EndNode2[0]<--->HoM1[0]
REAL
   0.342604   0.0210273  0.00628388    0.196061
  0.0210273    0.166877   0.0680664  0.00231563
 0.00628388   0.0680664    0.158028 -0.00259978
   0.196061  0.00231563 -0.00259978    0.332491
IMAGINARY
           0    0.0136361    0.0241574  0.000259638
  -0.0136361            0   -0.0241306  -0.00208931
  -0.0241574    0.0241306            0   -0.0117446
-0.000259638   0.00208931    0.0117446            0
Repeater1[0]<--->EndNode1[0]
REAL
  0.330275 -0.0109489 0.00557012    0.18999
-0.0109489   0.188729    0.05444 0.00557012
0.00557012    0.05444     0.1481 0.00505111
   0.18999 0.00557012 0.00505111   0.332896
IMAGINARY
          0   0.0159459 -0.00875712  -0.0099572
 -0.0159459           0   0.0143267  -0.0180971
 0.00875712  -0.0143267           0 -0.00315818
  0.0099572   0.0180971  0.00315818           0
Repeater1[0]<--->HoM1[0]
REAL
   0.342604  0.00628388   0.0210273    0.196061
 0.00628388    0.158028   0.0680664 -0.00259978
  0.0210273   0.0680664    0.166877  0.00231563
   0.196061 -0.00259978  0.00231563    0.332491
IMAGINARY
           0    0.0241574    0.0136361  0.000259638
  -0.0241574            0    0.0241306   -0.0117446
  -0.0136361   -0.0241306            0  -0.00208931
-0.000259638    0.0117446   0.00208931            0
EndNode1[0]<--->Repeater1[0]
REAL
    0.365672 -0.000233866   0.00542583     0.194958
-0.000233866     0.191542    0.0521975   -0.0237571
  0.00542583    0.0521975     0.159204    0.0021302
    0.194958   -0.0237571    0.0021302     0.283582
IMAGINARY
          0   0.0161816  0.00176423 -0.00355992
 -0.0161816           0   0.0187498   0.0232696
-0.00176423  -0.0187498           0   0.0102055
 0.00355992  -0.0232696  -0.0102055           0
EndNode2[0]<--->HoM1[0]
REAL
   0.315303  0.00944591  0.00378732    0.201127
 0.00944591    0.186016   0.0491855 -0.00940529
 0.00378732   0.0491855    0.192612  -0.0150639
   0.201127 -0.00940529  -0.0150639    0.306069
IMAGINARY
          0  0.00474983  0.00534149   0.0169162
-0.00474983           0  0.00399633  0.00335998
-0.00534149 -0.00399633           0   0.0159998
 -0.0169162 -0.00335998  -0.0159998           0
Repeater1[0]<--->EndNode1[0]
REAL
    0.365672   0.00542583 -0.000233866     0.194958
  0.00542583     0.159204    0.0521975    0.0021302
-0.000233866    0.0521975     0.191542   -0.0237571
    0.194958    0.0021302   -0.0237571     0.283582
IMAGINARY
          0  0.00176423   0.0161816 -0.00355992
-0.00176423           0  -0.0187498   0.0102055
 -0.0161816   0.0187498           0   0.0232696
 0.00355992  -0.0102055  -0.0232696           0
Repeater1[0]<--->HoM1[0]
REAL
   0.315303  0.00378732  0.00944591    0.201127
 0.00378732    0.192612   0.0491855  -0.0150639
 0.00944591   0.0491855    0.186016 -0.00940529
   0.201127  -0.0150639 -0.00940529    0.306069
IMAGINARY
          0  0.00534149  0.00474983   0.0169162
-0.00534149           0 -0.00399633   0.0159998
-0.00474983  0.00399633           0  0.00335998
 -0.0169162  -0.0159998 -0.00335998           0
EndNode1[0]<--->Repeater1[0]
REAL
   0.33867 -0.0219904 -0.0102846   0.179659
-0.0219904   0.179803  0.0729179 -0.0038907
-0.0102846  0.0729179   0.174877 -0.0179581
  0.179659 -0.0038907 -0.0179581    0.30665
IMAGINARY
         0 -0.0315617 -0.0214135  0.0102484
 0.0315617          0  0.0102484 -0.0141671
 0.0214135 -0.0102484          0 -0.0140064
-0.0102484  0.0141671  0.0140064          0
EndNode2[0]<--->HoM1[0]
REAL
   0.296837  -0.0146231 -0.00465907    0.185531
 -0.0146231    0.173966   0.0515106  0.00529118
-0.00465907   0.0515106    0.210462  0.00766988
   0.185531  0.00529118  0.00766988    0.318735
IMAGINARY
           0  -0.00882356   0.00689321   -0.0166098
  0.00882356            0    0.0153902 -0.000449913
 -0.00689321   -0.0153902            0    0.0075349
   0.0166098  0.000449913   -0.0075349            0
Repeater1[0]<--->EndNode1[0]
REAL
   0.33867 -0.0102846 -0.0219904   0.179659
-0.0102846   0.174877  0.0729179 -0.0179581
-0.0219904  0.0729179   0.179803 -0.0038907
  0.179659 -0.0179581 -0.0038907    0.30665
IMAGINARY
         0 -0.0214135 -0.0315617  0.0102484
 0.0214135          0 -0.0102484 -0.0140064
 0.0315617  0.0102484          0 -0.0141671
-0.0102484  0.0140064  0.0141671          0
Repeater1[0]<--->HoM1[0]
REAL
   0.296837 -0.00465907  -0.0146231    0.185531
-0.00465907    0.210462   0.0515106  0.00766988
 -0.0146231   0.0515106    0.173966  0.00529118
   0.185531  0.00766988  0.00529118    0.318735
IMAGINARY
           0   0.00689321  -0.00882356   -0.0166098
 -0.00689321            0   -0.0153902    0.0075349
  0.00882356    0.0153902            0 -0.000449913
   0.0166098   -0.0075349  0.000449913            0
EndNode1[0]<--->Repeater1[0]
REAL
   0.361355 -0.00281751  -0.0140502     0.19745
-0.00281751    0.178168   0.0633645   0.0076889
 -0.0140502   0.0633645    0.145546  -0.0264446
    0.19745   0.0076889  -0.0264446    0.314931
IMAGINARY
          0  0.00165663 -0.00573732   0.0132911
-0.00165663           0   0.0132911 -0.00303461
 0.00573732  -0.0132911           0   0.0121278
 -0.0132911  0.00303461  -0.0121278           0
EndNode2[0]<--->HoM1[0]
REAL
    0.31979  0.00380771 -0.00747225     0.16406
 0.00380771    0.184797   0.0678334 0.000483686
-0.00747225   0.0678334    0.165138 -0.00952562
    0.16406 0.000483686 -0.00952562    0.330275
IMAGINARY
          0  0.00182901  0.00672552 -0.00828835
-0.00182901           0  -0.0119648   0.0115135
-0.00672552   0.0119648           0  -0.0188101
 0.00828835  -0.0115135   0.0188101           0
Repeater1[0]<--->EndNode1[0]
REAL
   0.361355  -0.0140502 -0.00281751     0.19745
 -0.0140502    0.145546   0.0633645  -0.0264446
-0.00281751   0.0633645    0.178168   0.0076889
    0.19745  -0.0264446   0.0076889    0.314931
IMAGINARY
          0 -0.00573732  0.00165663   0.0132911
 0.00573732           0  -0.0132911   0.0121278
-0.00165663   0.0132911           0 -0.00303461
 -0.0132911  -0.0121278  0.00303461           0
Repeater1[0]<--->HoM1[0]
REAL
    0.31979 -0.00747225  0.00380771     0.16406
-0.00747225    0.165138   0.0678334 -0.00952562
 0.00380771   0.0678334    0.184797 0.000483686
    0.16406 -0.00952562 0.000483686    0.330275
IMAGINARY
          0  0.00672552  0.00182901 -0.00828835
-0.00672552           0   0.0119648  -0.0188101
-0.00182901  -0.0119648           0   0.0115135
 0.00828835   0.0188101  -0.0115135           0
EndNode1[0]<--->Repeater1[0]
REAL
  0.344473  0.0240841 0.00620944   0.193304
 0.0240841   0.173522  0.0503543 0.00246879
0.00620944  0.0503543   0.164524  0.0112964
  0.193304 0.00246879  0.0112964   0.317481
IMAGINARY
           0   -0.0099102  2.60075e-05    0.0147876
   0.0099102            0   -0.0276081   -0.0200778
-2.60075e-05    0.0276081            0  -0.00626056
  -0.0147876    0.0200778   0.00626056            0
EndNode2[0]<--->HoM1[0]
REAL
   0.306684  -0.0109991 -0.00856937    0.170677
 -0.0109991    0.169069   0.0557861  -0.0117869
-0.00856937   0.0557861    0.196592   0.0122714
   0.170677  -0.0117869   0.0122714    0.327654
IMAGINARY
          0   0.0122483   0.0136256 -0.00291424
 -0.0122483           0  0.00558091 -0.00271422
 -0.0136256 -0.00558091           0  0.00764905
 0.00291424  0.00271422 -0.00764905           0
Repeater1[0]<--->EndNode1[0]
REAL
  0.344473 0.00620944  0.0240841   0.193304
0.00620944   0.164524  0.0503543  0.0112964
 0.0240841  0.0503543   0.173522 0.00246879
  0.193304  0.0112964 0.00246879   0.317481
IMAGINARY
           0  2.60075e-05   -0.0099102    0.0147876
-2.60075e-05            0    0.0276081  -0.00626056
   0.0099102   -0.0276081            0   -0.0200778
  -0.0147876   0.00626056    0.0200778            0
Repeater1[0]<--->HoM1[0]
REAL
   0.306684 -0.00856937  -0.0109991    0.170677
-0.00856937    0.196592   0.0557861   0.0122714
 -0.0109991   0.0557861    0.169069  -0.0117869
   0.170677   0.0122714  -0.0117869    0.327654
IMAGINARY
          0   0.0136256   0.0122483 -0.00291424
 -0.0136256           0 -0.00558091  0.00764905
 -0.0122483  0.00558091           0 -0.00271422
 0.00291424 -0.00764905  0.00271422           0
EndNode1[0]<--->Repeater1[0]
REAL
   0.328145  0.00813631  0.00542268     0.18048
 0.00813631    0.163424   0.0508993  -0.0109172
 0.00542268   0.0508993    0.181582 -0.00874681
    0.18048  -0.0109172 -0.00874681    0.326848
IMAGINARY
          0   0.0324034  0.00670917  0.00550194
 -0.0324034           0  -0.0136575  -0.0158715
-0.00670917   0.0136575           0   0.0173349
-0.00550194   0.0158715  -0.0173349           0
EndNode2[0]<--->HoM1[0]
REAL
  0.318538 -0.0220882 -0.0246718   0.180055
-0.0220882   0.198433  0.0515529 0.00832308
-0.0246718  0.0515529   0.171018 0.00982666
  0.180055 0.00832308 0.00982666    0.31201
IMAGINARY
           0   0.00586399     0.010546    0.0108024
 -0.00586399            0  0.000946947   -0.0221173
   -0.010546 -0.000946947            0   -0.0198713
  -0.0108024    0.0221173    0.0198713            0
Repeater1[0]<--->EndNode1[0]
REAL
   0.328145  0.00542268  0.00813631     0.18048
 0.00542268    0.181582   0.0508993 -0.00874681
 0.00813631   0.0508993    0.163424  -0.0109172
    0.18048 -0.00874681  -0.0109172    0.326848
IMAGINARY
          0  0.00670917   0.0324034  0.00550194
-0.00670917           0   0.0136575   0.0173349
 -0.0324034  -0.0136575           0  -0.0158715
-0.00550194  -0.0173349   0.0158715           0
Repeater1[0]<--->HoM1[0]
REAL
  0.318538 -0.0246718 -0.0220882   0.180055
-0.0246718   0.171018  0.0515529 0.00982666
-0.0220882  0.0515529   0.198433 0.00832308
  0.180055 0.00982666 0.00832308    0.31201
IMAGINARY
           0     0.010546   0.00586399    0.0108024
   -0.010546            0 -0.000946947   -0.0198713
 -0.00586399  0.000946947            0   -0.0221173
  -0.0108024    0.0198713    0.0221173            0
EndNode1[0]<--->Repeater1[0]
REAL
   0.345855  0.00864879 -0.00453661    0.186394
 0.00864879    0.165803   0.0578223   0.0186754
-0.00453661   0.0578223    0.167098   0.0119168
   0.186394   0.0186754   0.0119168    0.321244
IMAGINARY
           0   -0.0142064  -0.00422706    0.0298764
   0.0142064            0  0.000762464  -0.00616255
  0.00422706 -0.000762464            0  -0.00657282
  -0.0298764   0.00616255   0.00657282            0
EndNode2[0]<--->HoM1[0]
REAL
   0.30039 -0.0168381 -0.0117973   0.182834
-0.0168381   0.193758  0.0329698 0.00582119
-0.0117973  0.0329698   0.175553 0.00554994
  0.182834 0.00582119 0.00554994   0.330299
IMAGINARY
          0 -0.00721481   0.0163932   -0.017011
 0.00721481           0   -0.020761  0.00949234
 -0.0163932    0.020761           0  -0.0254827
   0.017011 -0.00949234   0.0254827           0
Repeater1[0]<--->EndNode1[0]
REAL
   0.345855 -0.00453661  0.00864879    0.186394
-0.00453661    0.167098   0.0578223   0.0119168
 0.00864879   0.0578223    0.165803   0.0186754
   0.186394   0.0119168   0.0186754    0.321244
IMAGINARY
           0  -0.00422706   -0.0142064    0.0298764
  0.00422706            0 -0.000762464  -0.00657282
   0.0142064  0.000762464            0  -0.00616255
  -0.0298764   0.00657282   0.00616255            0
Repeater1[0]<--->HoM1[0]
REAL
   0.30039 -0.0117973 -0.0168381   0.182834
-0.0117973   0.175553  0.0329698 0.00554994
-0.0168381  0.0329698   0.193758 0.00582119
  0.182834 0.00554994 0.00582119   0.330299
IMAGINARY
          0   0.0163932 -0.00721481   -0.017011
 -0.0163932           0    0.020761  -0.0254827
 0.00721481   -0.020761           0  0.00949234
   0.017011   0.0254827 -0.00949234           0
EndNode1[0]<--->Repeater1[0]
REAL
    0.337194     0.010765 -0.000720066     0.205385
    0.010765     0.168597    0.0609127   0.00256508
-0.000720066    0.0609127     0.162162  -0.00892001
    0.205385   0.00256508  -0.00892001     0.332046
IMAGINARY
           0 -0.000948074  -0.00360599    -0.011566
 0.000948074            0   -0.0109208    0.0149125
  0.00360599    0.0109208            0   -0.0116147
    0.011566   -0.0149125    0.0116147            0
EndNode2[0]<--->HoM1[0]
REAL
  0.333333  0.0115966 0.00338697    0.20492
 0.0115966   0.176319  0.0511771  0.0165103
0.00338697  0.0511771   0.176319 0.00316595
   0.20492  0.0165103 0.00316595   0.314028
IMAGINARY
          0  0.00462951  -0.0073049   0.0344083
-0.00462951           0   0.0165055    0.019337
  0.0073049  -0.0165055           0  0.00339188
 -0.0344083   -0.019337 -0.00339188           0
Repeater1[0]<--->EndNode1[0]
REAL
    0.337194 -0.000720066     0.010765     0.205385
-0.000720066     0.162162    0.0609127  -0.00892001
    0.010765    0.0609127     0.168597   0.00256508
    0.205385  -0.00892001   0.00256508     0.332046
IMAGINARY
           0  -0.00360599 -0.000948074    -0.011566
  0.00360599            0    0.0109208   -0.0116147
 0.000948074   -0.0109208            0    0.0149125
    0.011566    0.0116147   -0.0149125            0
Repeater1[0]<--->HoM1[0]
REAL
  0.333333 0.00338697  0.0115966    0.20492
0.00338697   0.176319  0.0511771 0.00316595
 0.0115966  0.0511771   0.176319  0.0165103
   0.20492 0.00316595  0.0165103   0.314028
IMAGINARY
          0  -0.0073049  0.00462951   0.0344083
  0.0073049           0  -0.0165055  0.00339188
-0.00462951   0.0165055           0    0.019337
 -0.0344083 -0.00339188   -0.019337           0
EndNode1[0]<--->Repeater1[0]
REAL
  0.324561  0.0057379   0.020734   0.190358
 0.0057379   0.189223  0.0645831 -0.0148052
  0.020734  0.0645831   0.182957  0.0133662
  0.190358 -0.0148052  0.0133662   0.303258
IMAGINARY
          0  0.00610388  -0.0112814  -0.0112354
-0.00610388           0  -0.0213877   0.0131402
  0.0112814   0.0213877           0 -0.00796262
  0.0112354  -0.0131402  0.00796262           0
EndNode2[0]<--->HoM1[0]
REAL
  0.349938 0.00358672 0.00168023   0.186349
0.00358672   0.173101  0.0505621 0.00617317
0.00168023  0.0505621   0.161893 0.00295779
  0.186349 0.00617317 0.00295779   0.315068
IMAGINARY
          0    0.013021   0.0126904  0.00930684
  -0.013021           0 -0.00729342  0.00253807
 -0.0126904  0.00729342           0  0.00601458
-0.00930684 -0.00253807 -0.00601458           0
Repeater1[0]<--->EndNode1[0]
REAL
  0.324561   0.020734  0.0057379   0.190358
  0.020734   0.182957  0.0645831  0.0133662
 0.0057379  0.0645831   0.189223 -0.0148052
  0.190358  0.0133662 -0.0148052   0.303258
IMAGINARY
          0  -0.0112814  0.00610388  -0.0112354
  0.0112814           0   0.0213877 -0.00796262
-0.00610388  -0.0213877           0   0.0131402
  0.0112354  0.00796262  -0.0131402           0
Repeater1[0]<--->HoM1[0]
REAL
  0.349938 0.00168023 0.00358672   0.186349
0.00168023   0.161893  0.0505621 0.00295779
0.00358672  0.0505621   0.173101 0.00617317
  0.186349 0.00295779 0.00617317   0.315068
IMAGINARY
          0   0.0126904    0.013021  0.00930684
 -0.0126904           0  0.00729342  0.00601458
  -0.013021 -0.00729342           0  0.00253807
-0.00930684 -0.00601458 -0.00253807           0
EndNode1[0]<--->Repeater1[0]
REAL
  0.311938 -0.0133294 0.00454073   0.188179
-0.0133294   0.184852  0.0530436  0.0039118
0.00454073  0.0530436   0.193838 0.00227609
  0.188179  0.0039118 0.00227609   0.309371
IMAGINARY
           0   0.00664788  -0.00265994  0.000268262
 -0.00664788            0  -0.00495367  -0.00139412
  0.00265994   0.00495367            0   -0.0161073
-0.000268262   0.00139412    0.0161073            0
EndNode2[0]<--->HoM1[0]
REAL
   0.318735  0.00230729   0.0104217    0.180496
 0.00230729    0.167883   0.0597632  -0.0143178
  0.0104217   0.0597632    0.180049 -0.00360599
   0.180496  -0.0143178 -0.00360599    0.333333
IMAGINARY
           0  0.000586213  -0.00824991    0.0104468
-0.000586213            0    0.0156015    0.0025609
  0.00824991   -0.0156015            0    0.0126881
  -0.0104468   -0.0025609   -0.0126881            0
Repeater1[0]<--->EndNode1[0]
REAL
  0.311938 0.00454073 -0.0133294   0.188179
0.00454073   0.193838  0.0530436 0.00227609
-0.0133294  0.0530436   0.184852  0.0039118
  0.188179 0.00227609  0.0039118   0.309371
IMAGINARY
           0  -0.00265994   0.00664788  0.000268262
  0.00265994            0   0.00495367   -0.0161073
 -0.00664788  -0.00495367            0  -0.00139412
-0.000268262    0.0161073   0.00139412            0
Repeater1[0]<--->HoM1[0]
REAL
   0.318735   0.0104217  0.00230729    0.180496
  0.0104217    0.180049   0.0597632 -0.00360599
 0.00230729   0.0597632    0.167883  -0.0143178
   0.180496 -0.00360599  -0.0143178    0.333333
IMAGINARY
           0  -0.00824991  0.000586213    0.0104468
  0.00824991            0   -0.0156015    0.0126881
-0.000586213    0.0156015            0    0.0025609
  -0.0104468   -0.0126881   -0.0025609            0
EndNode1[0]<--->Repeater1[0]
REAL
   0.344156  0.00154242 -0.00521035    0.180999
 0.00154242    0.187013    0.057343   0.0246404
-0.00521035    0.057343     0.15974 -0.00542843
   0.180999   0.0246404 -0.00542843    0.309091
IMAGINARY
          0  0.00700269  0.00859873 -0.00120307
-0.00700269           0 -0.00844944 -0.00859873
-0.00859873  0.00844944           0   0.0145027
 0.00120307  0.00859873  -0.0145027           0
EndNode2[0]<--->HoM1[0]
REAL
   0.338158 0.000901236   0.0196203    0.172669
0.000901236    0.178947   0.0332133  -0.0196203
  0.0196203   0.0332133    0.156579  0.00154974
   0.172669  -0.0196203  0.00154974    0.326316
IMAGINARY
          0  -0.0147913 -0.00829699   0.0153053
  0.0147913           0  0.00206443  0.00489563
 0.00829699 -0.00206443           0 -0.00765769
 -0.0153053 -0.00489563  0.00765769           0
Repeater1[0]<--->EndNode1[0]
REAL
   0.344156 -0.00521035  0.00154242    0.180999
-0.00521035     0.15974    0.057343 -0.00542843
 0.00154242    0.057343    0.187013   0.0246404
   0.180999 -0.00542843   0.0246404    0.309091
IMAGINARY
          0  0.00859873  0.00700269 -0.00120307
-0.00859873           0  0.00844944   0.0145027
-0.00700269 -0.00844944           0 -0.00859873
 0.00120307  -0.0145027  0.00859873           0
Repeater1[0]<--->HoM1[0]
REAL
   0.338158   0.0196203 0.000901236    0.172669
  0.0196203    0.156579   0.0332133  0.00154974
0.000901236   0.0332133    0.178947  -0.0196203
   0.172669  0.00154974  -0.0196203    0.326316
IMAGINARY
          0 -0.00829699  -0.0147913   0.0153053
 0.00829699           0 -0.00206443 -0.00765769
  0.0147913  0.00206443           0  0.00489563
 -0.0153053  0.00765769 -0.00489563           0
EndNode1[0]<--->Repeater1[0]
REAL
   0.350699 0.000998619  -0.0050346    0.221096
0.000998619    0.155019   0.0370906 -0.00755986
 -0.0050346   0.0370906    0.158831 -0.00351751
   0.221096 -0.00755986 -0.00351751    0.335451
IMAGINARY
           0    0.0277717  -0.00882383    0.0119273
  -0.0277717            0    0.0163746 -0.000929095
  0.00882383   -0.0163746            0  -0.00371446
  -0.0119273  0.000929095   0.00371446            0
EndNode2[0]<--->HoM1[0]
REAL
  0.326582 -0.0177145  0.0109966   0.215997
-0.0177145   0.172152  0.0399402 -0.0175929
 0.0109966  0.0399402   0.168354 0.00452186
  0.215997 -0.0175929 0.00452186   0.332911
IMAGINARY
          0  -0.0144046  0.00764567  0.00192707
  0.0144046           0 -0.00637434    -0.02109
-0.00764567  0.00637434           0  -0.0144046
-0.00192707     0.02109   0.0144046           0
Repeater1[0]<--->EndNode1[0]
REAL
   0.350699  -0.0050346 0.000998619    0.221096
 -0.0050346    0.158831   0.0370906 -0.00351751
0.000998619   0.0370906    0.155019 -0.00755986
   0.221096 -0.00351751 -0.00755986    0.335451
IMAGINARY
           0  -0.00882383    0.0277717    0.0119273
  0.00882383            0   -0.0163746  -0.00371446
  -0.0277717    0.0163746            0 -0.000929095
  -0.0119273   0.00371446  0.000929095            0
Repeater1[0]<--->HoM1[0]
REAL
  0.326582  0.0109966 -0.0177145   0.215997
 0.0109966   0.168354  0.0399402 0.00452186
-0.0177145  0.0399402   0.172152 -0.0175929
  0.215997 0.00452186 -0.0175929   0.332911
IMAGINARY
          0  0.00764567  -0.0144046  0.00192707
-0.00764567           0  0.00637434  -0.0144046
  0.0144046 -0.00637434           0    -0.02109
-0.00192707   0.0144046     0.02109           0
EndNode1[0]<--->Repeater1[0]
REAL
     0.34005  -0.00135293 -0.000853282     0.213001
 -0.00135293     0.154912    0.0591038    0.0176652
-0.000853282    0.0591038     0.172544   0.00944758
    0.213001    0.0176652   0.00944758     0.332494
IMAGINARY
           0  -0.00219004  -0.00329629   -0.0180182
  0.00219004            0 -0.000598833  -0.00396923
  0.00329629  0.000598833            0   0.00681356
   0.0180182   0.00396923  -0.00681356            0
EndNode2[0]<--->HoM1[0]
REAL
   0.288742   -0.024646  -0.0144753    0.193194
  -0.024646     0.18543   0.0488643 -0.00140785
 -0.0144753   0.0488643    0.188079   0.0125748
   0.193194 -0.00140785   0.0125748    0.337748
IMAGINARY
           0   -0.0149136   0.00638428     0.010734
   0.0149136            0 -0.000658419    0.0258322
 -0.00638428  0.000658419            0   0.00331561
   -0.010734   -0.0258322  -0.00331561            0
Repeater1[0]<--->EndNode1[0]
REAL
     0.34005 -0.000853282  -0.00135293     0.213001
-0.000853282     0.172544    0.0591038   0.00944758
 -0.00135293    0.0591038     0.154912    0.0176652
    0.213001   0.00944758    0.0176652     0.332494
IMAGINARY
           0  -0.00329629  -0.00219004   -0.0180182
  0.00329629            0  0.000598833   0.00681356
  0.00219004 -0.000598833            0  -0.00396923
   0.0180182  -0.00681356   0.00396923            0
Repeater1[0]<--->HoM1[0]
REAL
   0.288742  -0.0144753   -0.024646    0.193194
 -0.0144753    0.188079   0.0488643   0.0125748
  -0.024646   0.0488643     0.18543 -0.00140785
   0.193194   0.0125748 -0.00140785    0.337748
IMAGINARY
           0   0.00638428   -0.0149136     0.010734
 -0.00638428            0  0.000658419   0.00331561
   0.0149136 -0.000658419            0    0.0258322
   -0.010734  -0.00331561   -0.0258322            0
EndNode1[0]<--->Repeater1[0]
REAL
   0.303185 -0.00618142 -0.00978138    0.198331
-0.00618142    0.170701   0.0589254  0.00450433
-0.00978138   0.0589254    0.196178 -0.00173415
   0.198331  0.00450433 -0.00173415    0.329936
IMAGINARY
          0   0.0159974 -0.00191767  0.00352973
 -0.0159974           0  -0.0022174  0.00997219
 0.00191767   0.0022174           0  -0.0153778
-0.00352973 -0.00997219   0.0153778           0
EndNode2[0]<--->HoM1[0]
REAL
    0.345238     0.011059 -1.41954e-05     0.185742
    0.011059     0.185185     0.057621  0.000646307
-1.41954e-05     0.057621     0.164021  -0.00663427
    0.185742  0.000646307  -0.00663427     0.305556
IMAGINARY
          0  0.00309156  0.00456769   0.0003135
-0.00309156           0    0.011913  -0.0131091
-0.00456769   -0.011913           0   0.0120201
 -0.0003135   0.0131091  -0.0120201           0
Repeater1[0]<--->EndNode1[0]
REAL
   0.303185 -0.00978138 -0.00618142    0.198331
-0.00978138    0.196178   0.0589254 -0.00173415
-0.00618142   0.0589254    0.170701  0.00450433
   0.198331 -0.00173415  0.00450433    0.329936
IMAGINARY
          0 -0.00191767   0.0159974  0.00352973
 0.00191767           0   0.0022174  -0.0153778
 -0.0159974  -0.0022174           0  0.00997219
-0.00352973   0.0153778 -0.00997219           0
Repeater1[0]<--->HoM1[0]
REAL
    0.345238 -1.41954e-05     0.011059     0.185742
-1.41954e-05     0.164021     0.057621  -0.00663427
    0.011059     0.057621     0.185185  0.000646307
    0.185742  -0.00663427  0.000646307     0.305556
IMAGINARY
          0  0.00456769  0.00309156   0.0003135
-0.00456769           0   -0.011913   0.0120201
-0.00309156    0.011913           0  -0.0131091
 -0.0003135  -0.0120201   0.0131091           0
EndNode1[0]<--->Repeater1[0]
REAL
   0.312263  -0.0075473    0.011697    0.182082
 -0.0075473    0.188369   0.0398569 -0.00276842
   0.011697   0.0398569    0.185841  0.00627179
   0.182082 -0.00276842  0.00627179    0.313527
IMAGINARY
           0   -0.0154074  -0.00256324  -0.00188948
   0.0154074            0   -0.0114523 -0.000597316
  0.00256324    0.0114523            0  -0.00292383
  0.00188948  0.000597316   0.00292383            0
EndNode2[0]<--->HoM1[0]
REAL
   0.325098  0.00925957  -0.0188105    0.188907
 0.00925957    0.193758    0.041001 -0.00819874
 -0.0188105    0.041001    0.196359 -0.00596576
   0.188907 -0.00819874 -0.00596576    0.284785
IMAGINARY
           0  -0.00762102  0.000671461   -0.0143445
  0.00762102            0   -0.0124529    0.0150353
-0.000671461    0.0124529            0   -0.0120125
   0.0143445   -0.0150353    0.0120125            0
Repeater1[0]<--->EndNode1[0]
REAL
   0.312263    0.011697  -0.0075473    0.182082
   0.011697    0.185841   0.0398569  0.00627179
 -0.0075473   0.0398569    0.188369 -0.00276842
   0.182082  0.00627179 -0.00276842    0.313527
IMAGINARY
           0  -0.00256324   -0.0154074  -0.00188948
  0.00256324            0    0.0114523  -0.00292383
   0.0154074   -0.0114523            0 -0.000597316
  0.00188948   0.00292383  0.000597316            0
Repeater1[0]<--->HoM1[0]
REAL
   0.325098  -0.0188105  0.00925957    0.188907
 -0.0188105    0.196359    0.041001 -0.00596576
 0.00925957    0.041001    0.193758 -0.00819874
   0.188907 -0.00596576 -0.00819874    0.284785
IMAGINARY
           0  0.000671461  -0.00762102   -0.0143445
-0.000671461            0    0.0124529   -0.0120125
  0.00762102   -0.0124529            0    0.0150353
   0.0143445    0.0120125   -0.0150353            0
EndNode1[0]<--->Repeater1[0]
REAL
   0.326034 -0.00362784   0.0193267    0.190124
-0.00362784    0.205596   0.0442903   0.0193267
  0.0193267   0.0442903    0.159367  0.00113407
   0.190124   0.0193267  0.00113407    0.309002
IMAGINARY
          0  -0.0142837   0.0121798  -0.0147087
  0.0142837           0   0.0172339   0.0225425
 -0.0121798  -0.0172339           0 -0.00793852
  0.0147087  -0.0225425  0.00793852           0
EndNode2[0]<--->HoM1[0]
REAL
    0.33378  -0.0287131  0.00012502     0.20991
 -0.0287131    0.172922   0.0419416  -0.0100016
 0.00012502   0.0419416    0.176944 -0.00955852
    0.20991  -0.0100016 -0.00955852    0.316354
IMAGINARY
           0    0.0200066  0.000268963   -0.0102041
  -0.0200066            0   -0.0102041  -0.00938355
-0.000268963    0.0102041            0  -0.00698573
   0.0102041   0.00938355   0.00698573            0
Repeater1[0]<--->EndNode1[0]
REAL
   0.326034   0.0193267 -0.00362784    0.190124
  0.0193267    0.159367   0.0442903  0.00113407
-0.00362784   0.0442903    0.205596   0.0193267
   0.190124  0.00113407   0.0193267    0.309002
IMAGINARY
          0   0.0121798  -0.0142837  -0.0147087
 -0.0121798           0  -0.0172339 -0.00793852
  0.0142837   0.0172339           0   0.0225425
  0.0147087  0.00793852  -0.0225425           0
Repeater1[0]<--->HoM1[0]
REAL
    0.33378  0.00012502  -0.0287131     0.20991
 0.00012502    0.176944   0.0419416 -0.00955852
 -0.0287131   0.0419416    0.172922  -0.0100016
    0.20991 -0.00955852  -0.0100016    0.316354
IMAGINARY
           0  0.000268963    0.0200066   -0.0102041
-0.000268963            0    0.0102041  -0.00698573
  -0.0200066   -0.0102041            0  -0.00938355
   0.0102041   0.00698573   0.00938355            0
EndNode1[0]<--->Repeater1[0]
REAL
   0.323179 -0.00336597   0.0175355    0.173879
-0.00336597    0.182781   0.0672378   0.0103833
  0.0175355   0.0672378    0.168212  0.00336597
   0.173879   0.0103833  0.00336597    0.325828
IMAGINARY
          0  -0.0153201  0.00158427   0.0155219
  0.0153201           0  0.00741384 -0.00222284
-0.00158427 -0.00741384           0  -0.0146927
 -0.0155219  0.00222284   0.0146927           0
EndNode2[0]<--->HoM1[0]
REAL
  0.332468 0.00882181 -0.0168759   0.196839
0.00882181   0.181818  0.0727881  0.0136584
-0.0168759  0.0727881   0.151948 -0.0210483
  0.196839  0.0136584 -0.0210483   0.333766
IMAGINARY
          0   0.0105706 -0.00318653 -0.00607918
 -0.0105706           0  -0.0150306   -0.014535
 0.00318653   0.0150306           0  0.00588514
 0.00607918    0.014535 -0.00588514           0
Repeater1[0]<--->EndNode1[0]
REAL
   0.323179   0.0175355 -0.00336597    0.173879
  0.0175355    0.168212   0.0672378  0.00336597
-0.00336597   0.0672378    0.182781   0.0103833
   0.173879  0.00336597   0.0103833    0.325828
IMAGINARY
          0  0.00158427  -0.0153201   0.0155219
-0.00158427           0 -0.00741384  -0.0146927
  0.0153201  0.00741384           0 -0.00222284
 -0.0155219   0.0146927  0.00222284           0
Repeater1[0]<--->HoM1[0]
REAL
  0.332468 -0.0168759 0.00882181   0.196839
-0.0168759   0.151948  0.0727881 -0.0210483
0.00882181  0.0727881   0.181818  0.0136584
  0.196839 -0.0210483  0.0136584   0.333766
IMAGINARY
          0 -0.00318653   0.0105706 -0.00607918
 0.00318653           0   0.0150306  0.00588514
 -0.0105706  -0.0150306           0   -0.014535
 0.00607918 -0.00588514    0.014535           0
EndNode1[0]<--->Repeater1[0]
REAL
   0.321383 -0.00485626  0.00471576    0.199711
-0.00485626    0.181818   0.0452129  -0.0110609
 0.00471576   0.0452129    0.183099   0.0124705
   0.199711  -0.0110609   0.0124705      0.3137
IMAGINARY
          0 -0.00178738   0.0109099   -0.014106
 0.00178738           0  0.00379677  0.00277981
 -0.0109099 -0.00379677           0  -0.0262439
   0.014106 -0.00277981   0.0262439           0
EndNode2[0]<--->HoM1[0]
REAL
 0.339839 0.0241366 0.0111938  0.180212
0.0241366   0.17566 0.0668238 0.0105453
0.0111938 0.0668238  0.182549 0.0134128
 0.180212 0.0105453 0.0134128  0.301952
IMAGINARY
          0  0.00449674 -0.00825969 -0.00497916
-0.00449674           0 -0.00750441  6.2971e-05
 0.00825969  0.00750441           0   0.0241918
 0.00497916 -6.2971e-05  -0.0241918           0
Repeater1[0]<--->EndNode1[0]
REAL
   0.321383  0.00471576 -0.00485626    0.199711
 0.00471576    0.183099   0.0452129   0.0124705
-0.00485626   0.0452129    0.181818  -0.0110609
   0.199711   0.0124705  -0.0110609      0.3137
IMAGINARY
          0   0.0109099 -0.00178738   -0.014106
 -0.0109099           0 -0.00379677  -0.0262439
 0.00178738  0.00379677           0  0.00277981
   0.014106   0.0262439 -0.00277981           0
Repeater1[0]<--->HoM1[0]
REAL
 0.339839 0.0111938 0.0241366  0.180212
0.0111938  0.182549 0.0668238 0.0134128
0.0241366 0.0668238   0.17566 0.0105453
 0.180212 0.0134128 0.0105453  0.301952
IMAGINARY
          0 -0.00825969  0.00449674 -0.00497916
 0.00825969           0  0.00750441   0.0241918
-0.00449674 -0.00750441           0  6.2971e-05
 0.00497916  -0.0241918 -6.2971e-05           0
EndNode1[0]<--->Repeater1[0]
REAL
  0.347826  0.0233586  0.0103883   0.184562
 0.0233586   0.188406  0.0212457  0.0123389
 0.0103883  0.0212457   0.179183 0.00568182
  0.184562  0.0123389 0.00568182   0.284585
IMAGINARY
          0  -0.0304289  0.00362871   0.0130055
  0.0304289           0    0.014846   0.0101904
-0.00362871   -0.014846           0 -0.00349068
 -0.0130055  -0.0101904  0.00349068           0
EndNode2[0]<--->HoM1[0]
REAL
   0.287402 -0.00945828 -0.00895968    0.213019
-0.00945828    0.188976   0.0550219  -0.0193908
-0.00895968   0.0550219    0.186352  -0.0188922
   0.213019  -0.0193908  -0.0188922     0.33727
IMAGINARY
          0   0.0139673   0.0143008   0.0140505
 -0.0139673           0  -0.0146701  -0.0149509
 -0.0143008   0.0146701           0 -0.00681513
 -0.0140505   0.0149509  0.00681513           0
Repeater1[0]<--->EndNode1[0]
REAL
  0.347826  0.0103883  0.0233586   0.184562
 0.0103883   0.179183  0.0212457 0.00568182
 0.0233586  0.0212457   0.188406  0.0123389
  0.184562 0.00568182  0.0123389   0.284585
IMAGINARY
          0  0.00362871  -0.0304289   0.0130055
-0.00362871           0   -0.014846 -0.00349068
  0.0304289    0.014846           0   0.0101904
 -0.0130055  0.00349068  -0.0101904           0
Repeater1[0]<--->HoM1[0]
REAL
   0.287402 -0.00895968 -0.00945828    0.213019
-0.00895968    0.186352   0.0550219  -0.0188922
-0.00945828   0.0550219    0.188976  -0.0193908
   0.213019  -0.0188922  -0.0193908     0.33727
IMAGINARY
          0   0.0143008   0.0139673   0.0140505
 -0.0143008           0   0.0146701 -0.00681513
 -0.0139673  -0.0146701           0  -0.0149509
 -0.0140505  0.00681513   0.0149509           0
EndNode1[0]<--->Repeater1[0]
REAL
   0.297486  0.00355757  0.00309777    0.189627
 0.00355757    0.166201   0.0606963 -0.00245094
 0.00309777   0.0606963    0.164804  0.00355757
   0.189627 -0.00245094  0.00355757    0.371508
IMAGINARY
          0  -0.0109042  -0.0052955  -0.0170314
  0.0109042           0  0.00264293  -0.0142014
  0.0052955 -0.00264293           0  -0.0161398
  0.0170314   0.0142014   0.0161398           0
EndNode2[0]<--->HoM1[0]
REAL
  0.335878 0.00163655  0.0158586   0.180541
0.00163655   0.151399   0.058375  0.0124665
 0.0158586   0.058375     0.1743 0.00698414
  0.180541  0.0124665 0.00698414   0.338422
IMAGINARY
           0  2.77556e-17  -0.00351525  -0.00150749
-2.77556e-17            0    0.0133808  -0.00656032
  0.00351525   -0.0133808            0            0
  0.00150749   0.00656032            0            0
Repeater1[0]<--->EndNode1[0]
REAL
   0.297486  0.00309777  0.00355757    0.189627
 0.00309777    0.164804   0.0606963  0.00355757
 0.00355757   0.0606963    0.166201 -0.00245094
   0.189627  0.00355757 -0.00245094    0.371508
IMAGINARY
          0  -0.0052955  -0.0109042  -0.0170314
  0.0052955           0 -0.00264293  -0.0161398
  0.0109042  0.00264293           0  -0.0142014
  0.0170314   0.0161398   0.0142014           0
Repeater1[0]<--->HoM1[0]
REAL
  0.335878  0.0158586 0.00163655   0.180541
 0.0158586     0.1743   0.058375 0.00698414
0.00163655   0.058375   0.151399  0.0124665
  0.180541 0.00698414  0.0124665   0.338422
IMAGINARY
           0  -0.00351525  2.08167e-17  -0.00150749
  0.00351525            0   -0.0133808 -6.93889e-18
-2.08167e-17    0.0133808            0  -0.00656032
  0.00150749  6.93889e-18   0.00656032            0
EndNode1[0]<--->Repeater1[0]
REAL
   0.319512   0.0192483   0.0110495    0.174671
  0.0192483    0.191463   0.0650728   0.0235659
  0.0110495   0.0650728    0.170732 -0.00129961
   0.174671   0.0235659 -0.00129961    0.318293
IMAGINARY
           0   0.00940337   0.00316639   -0.0126775
 -0.00940337            0  -0.00271738  7.61536e-05
 -0.00316639   0.00271738            0   0.00940337
   0.0126775 -7.61536e-05  -0.00940337            0
EndNode2[0]<--->HoM1[0]
REAL
   0.359274  0.00761731 -0.00447604    0.199713
 0.00761731    0.166018    0.053695  0.00633477
-0.00447604    0.053695    0.155642   -0.016911
   0.199713  0.00633477   -0.016911    0.319066
IMAGINARY
           0    0.0202225   0.00126583    0.0159464
  -0.0202225            0   -0.0103003  0.000630505
 -0.00126583    0.0103003            0    0.0082225
  -0.0159464 -0.000630505   -0.0082225            0
Repeater1[0]<--->EndNode1[0]
REAL
   0.319512   0.0110495   0.0192483    0.174671
  0.0110495    0.170732   0.0650728 -0.00129961
  0.0192483   0.0650728    0.191463   0.0235659
   0.174671 -0.00129961   0.0235659    0.318293
IMAGINARY
           0   0.00316639   0.00940337   -0.0126775
 -0.00316639            0   0.00271738   0.00940337
 -0.00940337  -0.00271738            0  7.61536e-05
   0.0126775  -0.00940337 -7.61536e-05            0
Repeater1[0]<--->HoM1[0]
REAL
   0.359274 -0.00447604  0.00761731    0.199713
-0.00447604    0.155642    0.053695   -0.016911
 0.00761731    0.053695    0.166018  0.00633477
   0.199713   -0.016911  0.00633477    0.319066
IMAGINARY
           0   0.00126583    0.0202225    0.0159464
 -0.00126583            0    0.0103003    0.0082225
  -0.0202225   -0.0103003            0  0.000630505
  -0.0159464   -0.0082225 -0.000630505            0
EndNode1[0]<--->Repeater1[0]
REAL
   0.317997   0.0216193 -0.00698006    0.175663
  0.0216193    0.181326   0.0448339  0.00511671
-0.00698006   0.0448339    0.170501  -0.0222404
   0.175663  0.00511671  -0.0222404    0.330176
IMAGINARY
           0   0.00676918    0.0128057 -0.000375488
 -0.00676918            0   0.00287549   0.00403372
  -0.0128057  -0.00287549            0  -0.00935985
 0.000375488  -0.00403372   0.00935985            0
EndNode2[0]<--->HoM1[0]
REAL
  0.335979 0.00735822  0.0134099   0.181792
0.00735822   0.154762  0.0537665 -0.0127681
 0.0134099  0.0537665   0.170635  0.0061206
  0.181792 -0.0127681  0.0061206   0.338624
IMAGINARY
