EndNode1[0]<--->Repeater1[0]
REAL
   0.416773  -0.0226034 -0.00657119    0.232048
 -0.0226034   0.0597205   -0.007779   -0.027101
-0.00657119   -0.007779   0.0419314   -0.017422
   0.232048   -0.027101   -0.017422    0.481576
IMAGINARY
           0  -0.00894166  -0.00521569  0.000879004
  0.00894166            0   -0.0148977    0.0193957
  0.00521569    0.0148977            0  -0.00153923
-0.000879004   -0.0193957   0.00153923            0
EndNode2[0]<--->HoM1[0]
REAL
   0.440461 -0.00269755    -0.02347    0.240054
-0.00269755   0.0729834    0.019793 -0.00893148
   -0.02347    0.019793   0.0601793 -0.00810296
   0.240054 -0.00893148 -0.00810296    0.426376
IMAGINARY
          0  -0.0246979   0.0205214 -0.00293808
  0.0246979           0 -0.00665096   0.0167335
 -0.0205214  0.00665096           0 -0.00732821
 0.00293808  -0.0167335  0.00732821           0
Repeater1[0]<--->EndNode1[0]
REAL
   0.416773 -0.00657119  -0.0226034    0.232048
-0.00657119   0.0419314   -0.007779   -0.017422
 -0.0226034   -0.007779   0.0597205   -0.027101
   0.232048   -0.017422   -0.027101    0.481576
IMAGINARY
           0  -0.00521569  -0.00894166  0.000879004
  0.00521569            0    0.0148977  -0.00153923
  0.00894166   -0.0148977            0    0.0193957
-0.000879004   0.00153923   -0.0193957            0
Repeater1[0]<--->HoM1[0]
REAL
   0.440461    -0.02347 -0.00269755    0.240054
   -0.02347   0.0601793    0.019793 -0.00810296
-0.00269755    0.019793   0.0729834 -0.00893148
   0.240054 -0.00810296 -0.00893148    0.426376
IMAGINARY
          0   0.0205214  -0.0246979 -0.00293808
 -0.0205214           0  0.00665096 -0.00732821
  0.0246979 -0.00665096           0   0.0167335
 0.00293808  0.00732821  -0.0167335           0
EndNode1[0]<--->Repeater1[0]
REAL
   0.420485  0.00714286   0.0133308     0.27869
 0.00714286   0.0539084  0.00312854  -0.0107334
  0.0133308  0.00312854     0.06469 -0.00974026
    0.27869  -0.0107334 -0.00974026    0.460916
IMAGINARY
          0  -0.0278015   0.0299252 -0.00904726
  0.0278015           0  0.00270208 -0.00249377
 -0.0299252 -0.00270208           0   0.0128389
 0.00904726  0.00249377  -0.0128389           0
EndNode2[0]<--->HoM1[0]
REAL
   0.423602   0.0199378 0.000114457    0.243514
  0.0199378   0.0695652  0.00747377  0.00976697
0.000114457  0.00747377   0.0596273 -0.00610384
   0.243514  0.00976697 -0.00610384    0.447205
IMAGINARY
          0   0.0177665  -0.0181683  -0.0203801
 -0.0177665           0 -0.00903165 -0.00594337
  0.0181683  0.00903165           0 -0.00126904
  0.0203801  0.00594337  0.00126904           0
Repeater1[0]<--->EndNode1[0]
REAL
   0.420485   0.0133308  0.00714286     0.27869
  0.0133308     0.06469  0.00312854 -0.00974026
 0.00714286  0.00312854   0.0539084  -0.0107334
    0.27869 -0.00974026  -0.0107334    0.460916
IMAGINARY
          0   0.0299252  -0.0278015 -0.00904726
 -0.0299252           0 -0.00270208   0.0128389
  0.0278015  0.00270208           0 -0.00249377
 0.00904726  -0.0128389  0.00249377           0
Repeater1[0]<--->HoM1[0]
REAL
   0.423602 0.000114457   0.0199378    0.243514
0.000114457   0.0596273  0.00747377 -0.00610384
  0.0199378  0.00747377   0.0695652  0.00976697
   0.243514 -0.00610384  0.00976697    0.447205
IMAGINARY
          0  -0.0181683   0.0177665  -0.0203801
  0.0181683           0  0.00903165 -0.00126904
 -0.0177665 -0.00903165           0 -0.00594337
  0.0203801  0.00126904  0.00594337           0
EndNode1[0]<--->Repeater1[0]
REAL
    0.45953   -0.026643 -0.00650548    0.243755
  -0.026643   0.0770235 0.000100144  -0.0122526
-0.00650548 0.000100144   0.0548303 -0.00763904
   0.243755  -0.0122526 -0.00763904    0.408616
IMAGINARY
          0  0.00194162 -0.00986111    0.011825
-0.00194162           0  -0.0111929  0.00605401
 0.00986111   0.0111929           0  0.00694162
  -0.011825 -0.00605401 -0.00694162           0
EndNode2[0]<--->HoM1[0]
REAL
   0.441772  0.00448371 -0.00576923     0.22343
 0.00448371   0.0772152   0.0075348  0.00576923
-0.00576923   0.0075348   0.0594937  -0.0120979
    0.22343  0.00576923  -0.0120979    0.421519
IMAGINARY
          0   0.0127139 -0.00786477  -0.0207893
 -0.0127139           0  -0.0246653  -0.0140376
 0.00786477   0.0246653           0   0.0179495
  0.0207893   0.0140376  -0.0179495           0
Repeater1[0]<--->EndNode1[0]
REAL
    0.45953 -0.00650548   -0.026643    0.243755
-0.00650548   0.0548303 0.000100144 -0.00763904
  -0.026643 0.000100144   0.0770235  -0.0122526
   0.243755 -0.00763904  -0.0122526    0.408616
IMAGINARY
          0 -0.00986111  0.00194162    0.011825
 0.00986111           0   0.0111929  0.00694162
-0.00194162  -0.0111929           0  0.00605401
  -0.011825 -0.00694162 -0.00605401           0
Repeater1[0]<--->HoM1[0]
REAL
   0.441772 -0.00576923  0.00448371     0.22343
-0.00576923   0.0594937   0.0075348  -0.0120979
 0.00448371   0.0075348   0.0772152  0.00576923
    0.22343  -0.0120979  0.00576923    0.421519
IMAGINARY
          0 -0.00786477   0.0127139  -0.0207893
 0.00786477           0   0.0246653   0.0179495
 -0.0127139  -0.0246653           0  -0.0140376
  0.0207893  -0.0179495   0.0140376           0
EndNode1[0]<--->Repeater1[0]
REAL
   0.45297 -0.0042354  0.0173188   0.253141
-0.0042354  0.0470297 -0.0156897 0.00649075
 0.0173188 -0.0156897  0.0680693 0.00745291
  0.253141 0.00649075 0.00745291   0.431931
IMAGINARY
           0   -0.0118657  -0.00743855  -0.00262267
   0.0118657            0  0.000147418   0.00743855
  0.00743855 -0.000147418            0    0.0014761
  0.00262267  -0.00743855   -0.0014761            0
EndNode2[0]<--->HoM1[0]
REAL
   0.413555   0.0170487  0.00735842    0.231707
  0.0170487   0.0636238  0.00256739  -0.0169861
 0.00735842  0.00256739   0.0511757 -0.00485363
   0.231707  -0.0169861 -0.00485363    0.471646
IMAGINARY
          0   0.0190901 -0.00909473   0.0028855
 -0.0190901           0  0.00590847 -0.00438409
 0.00909473 -0.00590847           0 -0.00946236
 -0.0028855  0.00438409  0.00946236           0
Repeater1[0]<--->EndNode1[0]
REAL
   0.45297  0.0173188 -0.0042354   0.253141
 0.0173188  0.0680693 -0.0156897 0.00745291
-0.0042354 -0.0156897  0.0470297 0.00649075
  0.253141 0.00745291 0.00649075   0.431931
IMAGINARY
           0  -0.00743855   -0.0118657  -0.00262267
  0.00743855            0 -0.000147418    0.0014761
   0.0118657  0.000147418            0   0.00743855
  0.00262267   -0.0014761  -0.00743855            0
Repeater1[0]<--->HoM1[0]
REAL
   0.413555  0.00735842   0.0170487    0.231707
 0.00735842   0.0511757  0.00256739 -0.00485363
  0.0170487  0.00256739   0.0636238  -0.0169861
   0.231707 -0.00485363  -0.0169861    0.471646
IMAGINARY
          0 -0.00909473   0.0190901   0.0028855
 0.00909473           0 -0.00590847 -0.00946236
 -0.0190901  0.00590847           0 -0.00438409
 -0.0028855  0.00946236  0.00438409           0
EndNode1[0]<--->Repeater1[0]
REAL
   0.431978 0.000454891 -0.00645324    0.239652
0.000454891   0.0645161   0.0200375 -0.00905064
-0.00645324   0.0200375   0.0757363    0.012465
   0.239652 -0.00905064    0.012465     0.42777
IMAGINARY
           0   0.00391215    0.0251511    0.0125834
 -0.00391215            0  5.20254e-05  -0.00529548
  -0.0251511 -5.20254e-05            0   -0.0153442
  -0.0125834   0.00529548    0.0153442            0
EndNode2[0]<--->HoM1[0]
REAL
   0.470207   0.0114324  -0.0107407    0.246506
  0.0114324   0.0556995  -0.0242126 -0.00645674
 -0.0107407  -0.0242126   0.0634715  -0.0209865
   0.246506 -0.00645674  -0.0209865    0.410622
IMAGINARY
          0   0.0101543   0.0260158  -0.0140504
 -0.0101543           0 -0.00296526  0.00160853
 -0.0260158  0.00296526           0  -0.0239664
  0.0140504 -0.00160853   0.0239664           0
Repeater1[0]<--->EndNode1[0]
REAL
   0.431978 -0.00645324 0.000454891    0.239652
-0.00645324   0.0757363   0.0200375    0.012465
0.000454891   0.0200375   0.0645161 -0.00905064
   0.239652    0.012465 -0.00905064     0.42777
IMAGINARY
           0    0.0251511   0.00391215    0.0125834
  -0.0251511            0 -5.20254e-05   -0.0153442
 -0.00391215  5.20254e-05            0  -0.00529548
  -0.0125834    0.0153442   0.00529548            0
Repeater1[0]<--->HoM1[0]
REAL
   0.470207  -0.0107407   0.0114324    0.246506
 -0.0107407   0.0634715  -0.0242126  -0.0209865
  0.0114324  -0.0242126   0.0556995 -0.00645674
   0.246506  -0.0209865 -0.00645674    0.410622
IMAGINARY
          0   0.0260158   0.0101543  -0.0140504
 -0.0260158           0  0.00296526  -0.0239664
 -0.0101543 -0.00296526           0  0.00160853
  0.0140504   0.0239664 -0.00160853           0
EndNode1[0]<--->Repeater1[0]
REAL
    0.43389   -0.017596  -0.0199544    0.251687
  -0.017596   0.0641849 -0.00724206  0.00143593
 -0.0199544 -0.00724206   0.0911425  -0.0120336
   0.251687  0.00143593  -0.0120336    0.410783
IMAGINARY
          0  0.00374681 -0.00136471  -0.0221097
-0.00374681           0   -0.021487   -0.020319
 0.00136471    0.021487           0   0.0115593
  0.0221097    0.020319  -0.0115593           0
EndNode2[0]<--->HoM1[0]
REAL
   0.471218  0.00253283   0.0122675    0.260152
 0.00253283    0.060241  0.00144574  0.00835105
  0.0122675  0.00144574   0.0548862 -0.00897613
   0.260152  0.00835105 -0.00897613    0.413655
IMAGINARY
           0  -0.00529605 -0.000913866   0.00150904
  0.00529605            0    0.0201195   -0.0115239
 0.000913866   -0.0201195            0   -0.0046542
 -0.00150904    0.0115239    0.0046542            0
Repeater1[0]<--->EndNode1[0]
REAL
    0.43389  -0.0199544   -0.017596    0.251687
 -0.0199544   0.0911425 -0.00724206  -0.0120336
  -0.017596 -0.00724206   0.0641849  0.00143593
   0.251687  -0.0120336  0.00143593    0.410783
IMAGINARY
          0 -0.00136471  0.00374681  -0.0221097
 0.00136471           0    0.021487   0.0115593
-0.00374681   -0.021487           0   -0.020319
  0.0221097  -0.0115593    0.020319           0
Repeater1[0]<--->HoM1[0]
REAL
   0.471218   0.0122675  0.00253283    0.260152
  0.0122675   0.0548862  0.00144574 -0.00897613
 0.00253283  0.00144574    0.060241  0.00835105
   0.260152 -0.00897613  0.00835105    0.413655
IMAGINARY
           0 -0.000913866  -0.00529605   0.00150904
 0.000913866            0   -0.0201195   -0.0046542
  0.00529605    0.0201195            0   -0.0115239
 -0.00150904    0.0046542    0.0115239            0
EndNode1[0]<--->Repeater1[0]
REAL
   0.413102 0.000208403  0.00187013    0.248278
0.000208403    0.065508 -0.00781977  -0.0031424
 0.00187013 -0.00781977    0.065508  0.00615292
   0.248278  -0.0031424  0.00615292    0.455882
IMAGINARY
         0  0.0136605 -0.0201723  0.0133007
-0.0136605          0  0.0225845   0.016963
 0.0201723 -0.0225845          0 -0.0104512
-0.0133007  -0.016963  0.0104512          0
EndNode2[0]<--->HoM1[0]
REAL
   0.448871   0.0151494  0.00327701    0.249681
  0.0151494   0.0438247    0.016085 -0.00134651
 0.00327701    0.016085   0.0424967 -0.00292289
   0.249681 -0.00134651 -0.00292289    0.464807
IMAGINARY
          0 -0.00241385   0.0141131  -0.0170634
 0.00241385           0  -0.0190191   0.0147583
 -0.0141131   0.0190191           0  -0.0067725
  0.0170634  -0.0147583   0.0067725           0
Repeater1[0]<--->EndNode1[0]
REAL
   0.413102  0.00187013 0.000208403    0.248278
 0.00187013    0.065508 -0.00781977  0.00615292
0.000208403 -0.00781977    0.065508  -0.0031424
   0.248278  0.00615292  -0.0031424    0.455882
IMAGINARY
         0 -0.0201723  0.0136605  0.0133007
 0.0201723          0 -0.0225845 -0.0104512
-0.0136605  0.0225845          0   0.016963
-0.0133007  0.0104512  -0.016963          0
Repeater1[0]<--->HoM1[0]
REAL
   0.448871  0.00327701   0.0151494    0.249681
 0.00327701   0.0424967    0.016085 -0.00292289
  0.0151494    0.016085   0.0438247 -0.00134651
   0.249681 -0.00292289 -0.00134651    0.464807
IMAGINARY
          0   0.0141131 -0.00241385  -0.0170634
 -0.0141131           0   0.0190191  -0.0067725
 0.00241385  -0.0190191           0   0.0147583
  0.0170634   0.0067725  -0.0147583           0
EndNode1[0]<--->Repeater1[0]
REAL
   0.449424   0.0129672 -0.00761137    0.257327
  0.0129672   0.0653009 -0.00316024   0.0340003
-0.00761137 -0.00316024   0.0550576 -0.00463385
   0.257327   0.0340003 -0.00463385    0.430218
IMAGINARY
          0   0.0173981  0.00272493  -0.0168906
 -0.0173981           0  -0.0212821 -0.00204834
-0.00272493   0.0212821           0  0.00492932
  0.0168906  0.00204834 -0.00492932           0
EndNode2[0]<--->HoM1[0]
REAL
    0.438903  -0.00159456   0.00347869      0.25344
 -0.00159456    0.0673317 -0.000875983    -0.011171
  0.00347869 -0.000875983    0.0486284  -0.00225159
     0.25344    -0.011171  -0.00225159     0.445137
IMAGINARY
          0   -0.021386    0.014996  -0.0101651
   0.021386           0 -0.00202998   -0.013004
  -0.014996  0.00202998           0 -0.00052634
  0.0101651    0.013004  0.00052634           0
Repeater1[0]<--->EndNode1[0]
REAL
   0.449424 -0.00761137   0.0129672    0.257327
-0.00761137   0.0550576 -0.00316024 -0.00463385
  0.0129672 -0.00316024   0.0653009   0.0340003
   0.257327 -0.00463385   0.0340003    0.430218
IMAGINARY
          0  0.00272493   0.0173981  -0.0168906
-0.00272493           0   0.0212821  0.00492932
 -0.0173981  -0.0212821           0 -0.00204834
  0.0168906 -0.00492932  0.00204834           0
Repeater1[0]<--->HoM1[0]
REAL
    0.438903   0.00347869  -0.00159456      0.25344
  0.00347869    0.0486284 -0.000875983  -0.00225159
 -0.00159456 -0.000875983    0.0673317    -0.011171
     0.25344  -0.00225159    -0.011171     0.445137
IMAGINARY
          0    0.014996   -0.021386  -0.0101651
  -0.014996           0  0.00202998 -0.00052634
   0.021386 -0.00202998           0   -0.013004
  0.0101651  0.00052634    0.013004           0
EndNode1[0]<--->Repeater1[0]
REAL
    0.441354   0.00807439   0.00242362     0.252755
  0.00807439    0.0483676 -0.000217094   0.00772866
  0.00242362 -0.000217094    0.0640871  0.000808863
    0.252755   0.00772866  0.000808863     0.446191
IMAGINARY
          0   0.0174904  -0.0221478   -0.014815
 -0.0174904           0  0.00488944  0.00959825
  0.0221478 -0.00488944           0  -0.0168299
   0.014815 -0.00959825   0.0168299           0
EndNode2[0]<--->HoM1[0]
REAL
     0.4575  0.00568192  -0.0148228    0.247386
 0.00568192      0.0625  0.00858921  0.00790452
 -0.0148228  0.00858921      0.0675 -0.00253726
   0.247386  0.00790452 -0.00253726      0.4125
IMAGINARY
          0 -0.00839324   0.0122249   0.0195623
 0.00839324           0  0.00839607  -0.0115847
 -0.0122249 -0.00839607           0   0.0026314
 -0.0195623   0.0115847  -0.0026314           0
Repeater1[0]<--->EndNode1[0]
REAL
    0.441354   0.00242362   0.00807439     0.252755
  0.00242362    0.0640871 -0.000217094  0.000808863
  0.00807439 -0.000217094    0.0483676   0.00772866
    0.252755  0.000808863   0.00772866     0.446191
IMAGINARY
          0  -0.0221478   0.0174904   -0.014815
  0.0221478           0 -0.00488944  -0.0168299
 -0.0174904  0.00488944           0  0.00959825
   0.014815   0.0168299 -0.00959825           0
Repeater1[0]<--->HoM1[0]
REAL
     0.4575  -0.0148228  0.00568192    0.247386
 -0.0148228      0.0675  0.00858921 -0.00253726
 0.00568192  0.00858921      0.0625  0.00790452
   0.247386 -0.00253726  0.00790452      0.4125
IMAGINARY
          0   0.0122249 -0.00839324   0.0195623
 -0.0122249           0 -0.00839607   0.0026314
 0.00839324  0.00839607           0  -0.0115847
 -0.0195623  -0.0026314   0.0115847           0
EndNode1[0]<--->Repeater1[0]
REAL
   0.427848 -0.00404319 -0.00402325    0.237225
-0.00404319   0.0518987  0.00471007  0.00267916
-0.00402325  0.00471007   0.0481013  -0.0134299
   0.237225  0.00267916  -0.0134299    0.472152
IMAGINARY
           0   -0.0133566    0.0170144    0.0035455
   0.0133566            0      0.01018 -0.000450004
  -0.0170144     -0.01018            0  -0.00320778
  -0.0035455  0.000450004   0.00320778            0
EndNode2[0]<--->HoM1[0]
REAL
   0.432633  0.00822888  0.00853432    0.232908
 0.00822888    0.065513  0.00586735  -0.0187384
 0.00853432  0.00586735   0.0519159 0.000614662
   0.232908  -0.0187384 0.000614662    0.449938
IMAGINARY
          0  0.00752999  -0.0246024 -0.00112328
-0.00752999           0   0.0328693  0.00802077
  0.0246024  -0.0328693           0 -0.00625448
 0.00112328 -0.00802077  0.00625448           0
Repeater1[0]<--->EndNode1[0]
REAL
   0.427848 -0.00402325 -0.00404319    0.237225
-0.00402325   0.0481013  0.00471007  -0.0134299
-0.00404319  0.00471007   0.0518987  0.00267916
   0.237225  -0.0134299  0.00267916    0.472152
IMAGINARY
           0    0.0170144   -0.0133566    0.0035455
  -0.0170144            0     -0.01018  -0.00320778
   0.0133566      0.01018            0 -0.000450004
  -0.0035455   0.00320778  0.000450004            0
Repeater1[0]<--->HoM1[0]
REAL
   0.432633  0.00853432  0.00822888    0.232908
 0.00853432   0.0519159  0.00586735 0.000614662
 0.00822888  0.00586735    0.065513  -0.0187384
   0.232908 0.000614662  -0.0187384    0.449938
IMAGINARY
          0  -0.0246024  0.00752999 -0.00112328
  0.0246024           0  -0.0328693 -0.00625448
-0.00752999   0.0328693           0  0.00802077
 0.00112328  0.00625448 -0.00802077           0
EndNode1[0]<--->Repeater1[0]
REAL
    0.45288 -0.00199312  -0.0250029    0.236994
-0.00199312    0.065445   0.0069669 0.000848304
 -0.0250029   0.0069669    0.052356  -0.0173305
   0.236994 0.000848304  -0.0173305    0.429319
IMAGINARY
           0    0.0212718    0.0178933  0.000869252
  -0.0212718            0    0.0106989   -0.0220255
  -0.0178933   -0.0106989            0     0.004899
-0.000869252    0.0220255    -0.004899            0
EndNode2[0]<--->HoM1[0]
REAL
  0.428571 -0.0130924 0.00186679   0.234491
-0.0130924  0.0555556 -0.0238637 -0.0191523
0.00186679 -0.0238637  0.0701058 -0.0144364
  0.234491 -0.0191523 -0.0144364   0.445767
IMAGINARY
          0 -0.00983014  0.00954223  0.00616344
 0.00983014           0 -0.00552487 -0.00568619
-0.00954223  0.00552487           0 -0.00430867
-0.00616344  0.00568619  0.00430867           0
Repeater1[0]<--->EndNode1[0]
REAL
    0.45288  -0.0250029 -0.00199312    0.236994
 -0.0250029    0.052356   0.0069669  -0.0173305
-0.00199312   0.0069669    0.065445 0.000848304
   0.236994  -0.0173305 0.000848304    0.429319
IMAGINARY
           0    0.0178933    0.0212718  0.000869252
  -0.0178933            0   -0.0106989     0.004899
  -0.0212718    0.0106989            0   -0.0220255
-0.000869252    -0.004899    0.0220255            0
Repeater1[0]<--->HoM1[0]
REAL
  0.428571 0.00186679 -0.0130924   0.234491
0.00186679  0.0701058 -0.0238637 -0.0144364
-0.0130924 -0.0238637  0.0555556 -0.0191523
  0.234491 -0.0144364 -0.0191523   0.445767
IMAGINARY
          0  0.00954223 -0.00983014  0.00616344
-0.00954223           0  0.00552487 -0.00430867
 0.00983014 -0.00552487           0 -0.00568619
-0.00616344  0.00430867  0.00568619           0
EndNode1[0]<--->Repeater1[0]
REAL
    0.455128   0.00774834   -0.0160303     0.239059
  0.00774834    0.0641026   -0.0195619   0.00408064
  -0.0160303   -0.0195619    0.0782051 -0.000830096
    0.239059   0.00408064 -0.000830096     0.402564
IMAGINARY
          0  0.00784458 -0.00918837   0.0092418
-0.00784458           0  -0.0317418 -0.00540049
 0.00918837   0.0317418           0   0.0226594
 -0.0092418  0.00540049  -0.0226594           0
EndNode2[0]<--->HoM1[0]
REAL
      0.432  -0.0137901  -0.0151908     0.27535
 -0.0137901   0.0613333 -0.00944373  -0.0178224
 -0.0151908 -0.00944373        0.06  -0.0156216
    0.27535  -0.0178224  -0.0156216    0.446667
IMAGINARY
          0 -0.00583951  -0.0156415  0.00749869
 0.00583951           0 -0.00372984  0.00404355
  0.0156415  0.00372984           0   0.0135715
-0.00749869 -0.00404355  -0.0135715           0
Repeater1[0]<--->EndNode1[0]
REAL
    0.455128   -0.0160303   0.00774834     0.239059
  -0.0160303    0.0782051   -0.0195619 -0.000830096
  0.00774834   -0.0195619    0.0641026   0.00408064
    0.239059 -0.000830096   0.00408064     0.402564
IMAGINARY
          0 -0.00918837  0.00784458   0.0092418
 0.00918837           0   0.0317418   0.0226594
-0.00784458  -0.0317418           0 -0.00540049
 -0.0092418  -0.0226594  0.00540049           0
Repeater1[0]<--->HoM1[0]
REAL
      0.432  -0.0151908  -0.0137901     0.27535
 -0.0151908        0.06 -0.00944373  -0.0156216
 -0.0137901 -0.00944373   0.0613333  -0.0178224
    0.27535  -0.0156216  -0.0178224    0.446667
IMAGINARY
          0  -0.0156415 -0.00583951  0.00749869
  0.0156415           0  0.00372984   0.0135715
 0.00583951 -0.00372984           0  0.00404355
-0.00749869  -0.0135715 -0.00404355           0
EndNode1[0]<--->Repeater1[0]
REAL
    0.38937  -0.0155389  -0.0201898     0.24547
 -0.0155389   0.0766378 0.000761081  -0.0162424
 -0.0201898 0.000761081     0.07911 -0.00833048
    0.24547  -0.0162424 -0.00833048    0.454883
IMAGINARY
          0  0.00145232 -0.00454643  0.00975133
-0.00145232           0  0.00528135  -0.0166176
 0.00454643 -0.00528135           0  -0.0107116
-0.00975133   0.0166176   0.0107116           0
EndNode2[0]<--->HoM1[0]
REAL
   0.467433  -0.0199476 -0.00375246    0.256202
 -0.0199476   0.0574713  -0.0022245  -0.0372512
-0.00375246  -0.0022245   0.0510856  -0.0100401
   0.256202  -0.0372512  -0.0100401     0.42401
IMAGINARY
          0 -0.00946786  0.00108024   -0.011405
 0.00946786           0  -0.0139757  0.00172875
-0.00108024   0.0139757           0   -0.015813
   0.011405 -0.00172875    0.015813           0
Repeater1[0]<--->EndNode1[0]
REAL
    0.38937  -0.0201898  -0.0155389     0.24547
 -0.0201898     0.07911 0.000761081 -0.00833048
 -0.0155389 0.000761081   0.0766378  -0.0162424
    0.24547 -0.00833048  -0.0162424    0.454883
IMAGINARY
          0 -0.00454643  0.00145232  0.00975133
 0.00454643           0 -0.00528135  -0.0107116
-0.00145232  0.00528135           0  -0.0166176
-0.00975133   0.0107116   0.0166176           0
Repeater1[0]<--->HoM1[0]
REAL
   0.467433 -0.00375246  -0.0199476    0.256202
-0.00375246   0.0510856  -0.0022245  -0.0100401
 -0.0199476  -0.0022245   0.0574713  -0.0372512
   0.256202  -0.0100401  -0.0372512     0.42401
IMAGINARY
          0  0.00108024 -0.00946786   -0.011405
-0.00108024           0   0.0139757   -0.015813
 0.00946786  -0.0139757           0  0.00172875
   0.011405    0.015813 -0.00172875           0
EndNode1[0]<--->Repeater1[0]
REAL
   0.462351 -0.00120659  -0.0126049     0.24634
-0.00120659   0.0686922  -0.0264452 -0.00702865
 -0.0126049  -0.0264452   0.0660502  0.00251549
    0.24634 -0.00702865  0.00251549    0.402906
IMAGINARY
          0  0.00546066   0.0086435 -0.00816721
-0.00546066           0   0.0049414   0.0202397
 -0.0086435  -0.0049414           0 -0.00225142
 0.00816721  -0.0202397  0.00225142           0
EndNode2[0]<--->HoM1[0]
REAL
   0.434492  0.00334769  0.00708397    0.230077
 0.00334769   0.0561497  0.00292006 -0.00330564
 0.00708397  0.00292006   0.0534759   0.0130251
   0.230077 -0.00330564   0.0130251    0.455882
IMAGINARY
          0 -0.00805965  0.00824235  -0.0244952
 0.00805965           0  -0.0110853  0.00698607
-0.00824235   0.0110853           0 -0.00336167
  0.0244952 -0.00698607  0.00336167           0
Repeater1[0]<--->EndNode1[0]
REAL
   0.462351  -0.0126049 -0.00120659     0.24634
 -0.0126049   0.0660502  -0.0264452  0.00251549
-0.00120659  -0.0264452   0.0686922 -0.00702865
    0.24634  0.00251549 -0.00702865    0.402906
IMAGINARY
          0   0.0086435  0.00546066 -0.00816721
 -0.0086435           0  -0.0049414 -0.00225142
-0.00546066   0.0049414           0   0.0202397
 0.00816721  0.00225142  -0.0202397           0
Repeater1[0]<--->HoM1[0]
REAL
   0.434492  0.00708397  0.00334769    0.230077
 0.00708397   0.0534759  0.00292006   0.0130251
 0.00334769  0.00292006   0.0561497 -0.00330564
   0.230077   0.0130251 -0.00330564    0.455882
IMAGINARY
          0  0.00824235 -0.00805965  -0.0244952
-0.00824235           0   0.0110853 -0.00336167
 0.00805965  -0.0110853           0  0.00698607
  0.0244952  0.00336167 -0.00698607           0
EndNode1[0]<--->Repeater1[0]
REAL
   0.440613  -0.0280608 -0.00900832    0.254872
 -0.0280608   0.0702427  -0.0159617  0.00077004
-0.00900832  -0.0159617    0.063857 -0.00806084
   0.254872  0.00077004 -0.00806084    0.425287
IMAGINARY
           0  -0.00963441   0.00173994  0.000613355
  0.00963441            0  -0.00691058   -0.0108545
 -0.00173994   0.00691058            0    0.0239573
-0.000613355    0.0108545   -0.0239573            0
EndNode2[0]<--->HoM1[0]
REAL
   0.447596 -0.00108243 -0.00991107    0.247977
-0.00108243   0.0579531  0.00699787   0.0123986
-0.00991107  0.00699787   0.0579531 -0.00513648
   0.247977   0.0123986 -0.00513648    0.436498
IMAGINARY
          0   0.0015514 -0.00585572  -0.0196621
 -0.0015514           0  -0.0115099    0.016165
 0.00585572   0.0115099           0 -0.00284006
  0.0196621   -0.016165  0.00284006           0
Repeater1[0]<--->EndNode1[0]
REAL
   0.440613 -0.00900832  -0.0280608    0.254872
-0.00900832    0.063857  -0.0159617 -0.00806084
 -0.0280608  -0.0159617   0.0702427  0.00077004
   0.254872 -0.00806084  0.00077004    0.425287
IMAGINARY
           0   0.00173994  -0.00963441  0.000613355
 -0.00173994            0   0.00691058    0.0239573
  0.00963441  -0.00691058            0   -0.0108545
-0.000613355   -0.0239573    0.0108545            0
Repeater1[0]<--->HoM1[0]
REAL
   0.447596 -0.00991107 -0.00108243    0.247977
-0.00991107   0.0579531  0.00699787 -0.00513648
-0.00108243  0.00699787   0.0579531   0.0123986
   0.247977 -0.00513648   0.0123986    0.436498
IMAGINARY
          0 -0.00585572   0.0015514  -0.0196621
 0.00585572           0   0.0115099 -0.00284006
 -0.0015514  -0.0115099           0    0.016165
  0.0196621  0.00284006   -0.016165           0
EndNode1[0]<--->Repeater1[0]
REAL
  0.423077 0.00832565 -0.0183766   0.245307
0.00832565  0.0692308 -0.0220128   0.016446
-0.0183766 -0.0220128  0.0666667 0.00390087
  0.245307   0.016446 0.00390087   0.441026
IMAGINARY
           0   -0.0183761    0.0103084   0.00632581
   0.0183761            0   -0.0151866  0.000802704
  -0.0103084    0.0151866            0   0.00726496
 -0.00632581 -0.000802704  -0.00726496            0
EndNode2[0]<--->HoM1[0]
REAL
  0.431877 0.00933665 0.00743111    0.25313
0.00933665  0.0616967 0.00747217  0.0247166
0.00743111 0.00747217   0.062982  0.0159711
   0.25313  0.0247166  0.0159711   0.443445
IMAGINARY
          0  -0.0113717  0.00898216  0.00203326
  0.0113717           0 -0.00614284    0.010869
-0.00898216  0.00614284           0  -0.0146829
-0.00203326   -0.010869   0.0146829           0
Repeater1[0]<--->EndNode1[0]
REAL
  0.423077 -0.0183766 0.00832565   0.245307
-0.0183766  0.0666667 -0.0220128 0.00390087
0.00832565 -0.0220128  0.0692308   0.016446
  0.245307 0.00390087   0.016446   0.441026
IMAGINARY
           0    0.0103084   -0.0183761   0.00632581
  -0.0103084            0    0.0151866   0.00726496
   0.0183761   -0.0151866            0  0.000802704
 -0.00632581  -0.00726496 -0.000802704            0
Repeater1[0]<--->HoM1[0]
REAL
  0.431877 0.00743111 0.00933665    0.25313
0.00743111   0.062982 0.00747217  0.0159711
0.00933665 0.00747217  0.0616967  0.0247166
   0.25313  0.0159711  0.0247166   0.443445
IMAGINARY
          0  0.00898216  -0.0113717  0.00203326
-0.00898216           0  0.00614284  -0.0146829
  0.0113717 -0.00614284           0    0.010869
-0.00203326   0.0146829   -0.010869           0
EndNode1[0]<--->Repeater1[0]
REAL
    0.441138   0.00569769 -0.000998738     0.240943
  0.00569769    0.0504528    -0.007168    -0.011584
-0.000998738    -0.007168    0.0711514    -0.027552
    0.240943    -0.011584    -0.027552     0.437257
IMAGINARY
           0    0.0179577  -0.00350592  -0.00497432
  -0.0179577            0  -0.00953755  0.000987024
  0.00350592   0.00953755            0  -0.00788211
  0.00497432 -0.000987024   0.00788211            0
EndNode2[0]<--->HoM1[0]
REAL
   0.444733  0.00695052 -0.00427662    0.252018
 0.00695052   0.0481144  0.00267393   0.0150005
-0.00427662  0.00267393   0.0780234  -0.0190149
   0.252018   0.0150005  -0.0190149    0.429129
IMAGINARY
          0  0.00329101  0.00792651   0.0038001
-0.00329101           0   0.0148566  0.00125984
-0.00792651  -0.0148566           0    0.004583
 -0.0038001 -0.00125984   -0.004583           0
Repeater1[0]<--->EndNode1[0]
REAL
    0.441138 -0.000998738   0.00569769     0.240943
-0.000998738    0.0711514    -0.007168    -0.027552
  0.00569769    -0.007168    0.0504528    -0.011584
    0.240943    -0.027552    -0.011584     0.437257
IMAGINARY
           0  -0.00350592    0.0179577  -0.00497432
  0.00350592            0   0.00953755  -0.00788211
  -0.0179577  -0.00953755            0  0.000987024
  0.00497432   0.00788211 -0.000987024            0
Repeater1[0]<--->HoM1[0]
REAL
   0.444733 -0.00427662  0.00695052    0.252018
-0.00427662   0.0780234  0.00267393  -0.0190149
 0.00695052  0.00267393   0.0481144   0.0150005
   0.252018  -0.0190149   0.0150005    0.429129
IMAGINARY
          0  0.00792651  0.00329101   0.0038001
-0.00792651           0  -0.0148566    0.004583
-0.00329101   0.0148566           0  0.00125984
 -0.0038001   -0.004583 -0.00125984           0
EndNode1[0]<--->Repeater1[0]
REAL
   0.449622  -0.0203513  -0.0040029    0.245071
 -0.0203513   0.0755668 0.000199664  -0.0256314
 -0.0040029 0.000199664    0.059194  -0.0143272
   0.245071  -0.0256314  -0.0143272    0.415617
IMAGINARY
          0 -0.00800261   0.0022571  0.00789619
 0.00800261           0  0.00404015  0.00928136
 -0.0022571 -0.00404015           0  -0.0048179
-0.00789619 -0.00928136   0.0048179           0
EndNode2[0]<--->HoM1[0]
REAL
   0.424321  0.00592322 -0.00662064    0.254035
 0.00592322   0.0595084   0.0156932  0.00597381
-0.00662064   0.0156932   0.0608021   0.0115412
   0.254035  0.00597381   0.0115412    0.455369
IMAGINARY
          0   0.0033046  0.00824605  0.00416976
 -0.0033046           0   0.0109818  -0.0199041
-0.00824605  -0.0109818           0   0.0135348
-0.00416976   0.0199041  -0.0135348           0
Repeater1[0]<--->EndNode1[0]
REAL
   0.449622  -0.0040029  -0.0203513    0.245071
 -0.0040029    0.059194 0.000199664  -0.0143272
 -0.0203513 0.000199664   0.0755668  -0.0256314
   0.245071  -0.0143272  -0.0256314    0.415617
IMAGINARY
          0   0.0022571 -0.00800261  0.00789619
 -0.0022571           0 -0.00404015  -0.0048179
 0.00800261  0.00404015           0  0.00928136
-0.00789619   0.0048179 -0.00928136           0
Repeater1[0]<--->HoM1[0]
REAL
   0.424321 -0.00662064  0.00592322    0.254035
-0.00662064   0.0608021   0.0156932   0.0115412
 0.00592322   0.0156932   0.0595084  0.00597381
   0.254035   0.0115412  0.00597381    0.455369
IMAGINARY
          0  0.00824605   0.0033046  0.00416976
-0.00824605           0  -0.0109818   0.0135348
 -0.0033046   0.0109818           0  -0.0199041
-0.00416976  -0.0135348   0.0199041           0
EndNode1[0]<--->Repeater1[0]
REAL
    0.440197   -0.0112094   0.00857041     0.252331
  -0.0112094    0.0567201   -0.0220674 -0.000675676
  0.00857041   -0.0220674     0.054254   0.00726198
    0.252331 -0.000675676   0.00726198     0.448829
IMAGINARY
          0  0.00622959   0.0188913   0.0189924
-0.00622959           0 -0.00801681  0.00835842
 -0.0188913  0.00801681           0 -0.00813073
 -0.0189924 -0.00835842  0.00813073           0
EndNode2[0]<--->HoM1[0]
REAL
   0.440722   0.0115435  0.00947853    0.242446
  0.0115435   0.0631443  0.00851235  -0.0139485
 0.00947853  0.00851235    0.068299 -0.00707352
   0.242446  -0.0139485 -0.00707352    0.427835
IMAGINARY
           0   0.00095057   0.00255774  -0.00788033
 -0.00095057            0 -0.000614812    0.0012983
 -0.00255774  0.000614812            0  -0.00095057
  0.00788033   -0.0012983   0.00095057            0
Repeater1[0]<--->EndNode1[0]
REAL
    0.440197   0.00857041   -0.0112094     0.252331
  0.00857041     0.054254   -0.0220674   0.00726198
  -0.0112094   -0.0220674    0.0567201 -0.000675676
    0.252331   0.00726198 -0.000675676     0.448829
IMAGINARY
          0   0.0188913  0.00622959   0.0189924
 -0.0188913           0  0.00801681 -0.00813073
-0.00622959 -0.00801681           0  0.00835842
 -0.0189924  0.00813073 -0.00835842           0
Repeater1[0]<--->HoM1[0]
REAL
   0.440722  0.00947853   0.0115435    0.242446
 0.00947853    0.068299  0.00851235 -0.00707352
  0.0115435  0.00851235   0.0631443  -0.0139485
   0.242446 -0.00707352  -0.0139485    0.427835
IMAGINARY
           0   0.00255774   0.00095057  -0.00788033
 -0.00255774            0  0.000614812  -0.00095057
 -0.00095057 -0.000614812            0    0.0012983
  0.00788033   0.00095057   -0.0012983            0
EndNode1[0]<--->Repeater1[0]
REAL
   0.468668 -0.00765064  0.00493139    0.257948
-0.00765064   0.0469974  -0.0105939  0.00829613
 0.00493139  -0.0105939   0.0639687   0.0089734
   0.257948  0.00829613   0.0089734    0.420366
IMAGINARY
          0   0.0105392  -0.0138829   0.0149255
 -0.0105392           0  -0.0102897   0.0100466
  0.0138829   0.0102897           0  0.00992116
 -0.0149255  -0.0100466 -0.00992116           0
EndNode2[0]<--->HoM1[0]
REAL
  0.422977   0.008574  0.0153812   0.231521
  0.008574  0.0613577 0.00968507  0.0110007
 0.0153812 0.00968507  0.0509138  0.0052451
  0.231521  0.0110007  0.0052451   0.464752
IMAGINARY
          0  -0.0109721  0.00503594  -0.0037839
  0.0109721           0  0.00441283  -0.0140763
-0.00503594 -0.00441283           0   0.0227941
  0.0037839   0.0140763  -0.0227941           0
Repeater1[0]<--->EndNode1[0]
REAL
   0.468668  0.00493139 -0.00765064    0.257948
 0.00493139   0.0639687  -0.0105939   0.0089734
-0.00765064  -0.0105939   0.0469974  0.00829613
   0.257948   0.0089734  0.00829613    0.420366
IMAGINARY
          0  -0.0138829   0.0105392   0.0149255
  0.0138829           0   0.0102897  0.00992116
 -0.0105392  -0.0102897           0   0.0100466
 -0.0149255 -0.00992116  -0.0100466           0
Repeater1[0]<--->HoM1[0]
REAL
  0.422977  0.0153812   0.008574   0.231521
 0.0153812  0.0509138 0.00968507  0.0052451
  0.008574 0.00968507  0.0613577  0.0110007
  0.231521  0.0052451  0.0110007   0.464752
IMAGINARY
          0  0.00503594  -0.0109721  -0.0037839
-0.00503594           0 -0.00441283   0.0227941
  0.0109721  0.00441283           0  -0.0140763
  0.0037839  -0.0227941   0.0140763           0
EndNode1[0]<--->Repeater1[0]
REAL
   0.443467 -0.00780831 -0.00917901    0.229807
-0.00780831   0.0577889  0.00765968 -0.00533286
-0.00917901  0.00765968   0.0540201  -0.0159384
   0.229807 -0.00533286  -0.0159384    0.444724
IMAGINARY
           0    0.0066529  -0.00233156    0.0240926
  -0.0066529            0   -0.0240926   -0.0131047
  0.00233156    0.0240926            0 -0.000612627
  -0.0240926    0.0131047  0.000612627            0
EndNode2[0]<--->HoM1[0]
REAL
  0.450128 0.00763173 -0.0202795   0.223685
0.00763173   0.056266 0.00614837 0.00811558
-0.0202795 0.00614837  0.0613811 0.00197135
  0.223685 0.00811558 0.00197135   0.432225
IMAGINARY
          0 -0.00317874  0.00318111  -0.0108027
 0.00317874           0  -0.0187603  -0.0225921
-0.00318111   0.0187603           0  0.00518677
  0.0108027   0.0225921 -0.00518677           0
Repeater1[0]<--->EndNode1[0]
REAL
   0.443467 -0.00917901 -0.00780831    0.229807
-0.00917901   0.0540201  0.00765968  -0.0159384
-0.00780831  0.00765968   0.0577889 -0.00533286
   0.229807  -0.0159384 -0.00533286    0.444724
IMAGINARY
           0  -0.00233156    0.0066529    0.0240926
  0.00233156            0    0.0240926 -0.000612627
  -0.0066529   -0.0240926            0   -0.0131047
  -0.0240926  0.000612627    0.0131047            0
Repeater1[0]<--->HoM1[0]
REAL
  0.450128 -0.0202795 0.00763173   0.223685
-0.0202795  0.0613811 0.00614837 0.00197135
0.00763173 0.00614837   0.056266 0.00811558
  0.223685 0.00197135 0.00811558   0.432225
IMAGINARY
          0  0.00318111 -0.00317874  -0.0108027
-0.00318111           0   0.0187603  0.00518677
 0.00317874  -0.0187603           0  -0.0225921
  0.0108027 -0.00518677   0.0225921           0
EndNode1[0]<--->Repeater1[0]
REAL
  0.454777 -0.0105657 -0.0182049   0.262645
-0.0105657   0.077707 0.00518716 0.00911401
-0.0182049 0.00518716  0.0509554 -0.0125112
  0.262645 0.00911401 -0.0125112   0.416561
IMAGINARY
          0   0.0076217 -0.00428821   0.0250353
 -0.0076217           0   0.0174404  -0.0223006
 0.00428821  -0.0174404           0 -0.00567617
 -0.0250353   0.0223006  0.00567617           0
EndNode2[0]<--->HoM1[0]
REAL
  0.444586  0.0152031 -0.0203226   0.236776
 0.0152031  0.0624204 0.00503778  0.0203226
-0.0203226 0.00503778   0.066242  0.0112453
  0.236776  0.0203226  0.0112453   0.426752
IMAGINARY
           0    0.0101985   0.00205076    -0.004124
  -0.0101985            0 -0.000939289    -0.031018
 -0.00205076  0.000939289            0    0.0200282
    0.004124     0.031018   -0.0200282            0
Repeater1[0]<--->EndNode1[0]
REAL
  0.454777 -0.0182049 -0.0105657   0.262645
-0.0182049  0.0509554 0.00518716 -0.0125112
-0.0105657 0.00518716   0.077707 0.00911401
  0.262645 -0.0125112 0.00911401   0.416561
IMAGINARY
          0 -0.00428821   0.0076217   0.0250353
 0.00428821           0  -0.0174404 -0.00567617
 -0.0076217   0.0174404           0  -0.0223006
 -0.0250353  0.00567617   0.0223006           0
Repeater1[0]<--->HoM1[0]
REAL
  0.444586 -0.0203226  0.0152031   0.236776
-0.0203226   0.066242 0.00503778  0.0112453
 0.0152031 0.00503778  0.0624204  0.0203226
  0.236776  0.0112453  0.0203226   0.426752
IMAGINARY
           0   0.00205076    0.0101985    -0.004124
 -0.00205076            0  0.000939289    0.0200282
  -0.0101985 -0.000939289            0    -0.031018
    0.004124   -0.0200282     0.031018            0
EndNode1[0]<--->Repeater1[0]
REAL
   0.455263 0.000845521   0.0023845    0.248923
0.000845521   0.0513158  0.00205533  0.00869763
  0.0023845  0.00205533   0.0631579 -0.00410497
   0.248923  0.00869763 -0.00410497    0.430263
IMAGINARY
          0  -0.0119526    0.022959  -0.0197964
  0.0119526           0   0.0218152  0.00711617
  -0.022959  -0.0218152           0 -0.00559127
  0.0197964 -0.00711617  0.00559127           0
EndNode2[0]<--->HoM1[0]
REAL
   0.443005  -0.0228073  0.00864853    0.245773
 -0.0228073   0.0751295 -0.00155751  0.00806098
 0.00864853 -0.00155751   0.0660622  -0.0054703
   0.245773  0.00806098  -0.0054703    0.415803
IMAGINARY
          0 -0.00450986   0.0212985 -0.00450674
 0.00450986           0  -0.0209624  -0.0124017
 -0.0212985   0.0209624           0   0.0110342
 0.00450674   0.0124017  -0.0110342           0
Repeater1[0]<--->EndNode1[0]
REAL
   0.455263   0.0023845 0.000845521    0.248923
  0.0023845   0.0631579  0.00205533 -0.00410497
0.000845521  0.00205533   0.0513158  0.00869763
   0.248923 -0.00410497  0.00869763    0.430263
IMAGINARY
          0    0.022959  -0.0119526  -0.0197964
  -0.022959           0  -0.0218152 -0.00559127
  0.0119526   0.0218152           0  0.00711617
  0.0197964  0.00559127 -0.00711617           0
Repeater1[0]<--->HoM1[0]
REAL
   0.443005  0.00864853  -0.0228073    0.245773
 0.00864853   0.0660622 -0.00155751  -0.0054703
 -0.0228073 -0.00155751   0.0751295  0.00806098
   0.245773  -0.0054703  0.00806098    0.415803
IMAGINARY
          0   0.0212985 -0.00450986 -0.00450674
 -0.0212985           0   0.0209624   0.0110342
 0.00450986  -0.0209624           0  -0.0124017
 0.00450674  -0.0110342   0.0124017           0
EndNode1[0]<--->Repeater1[0]
REAL
    0.456051   -0.0211279  -0.00276077     0.263767
  -0.0211279    0.0751592   0.00940332  -0.00211727
 -0.00276077   0.00940332     0.056051 -0.000823325
    0.263767  -0.00211727 -0.000823325     0.412739
IMAGINARY
           0   -0.0120884  -0.00531067   0.00387899
   0.0120884            0   -0.0139546  0.000323136
  0.00531067    0.0139546            0    0.0133353
 -0.00387899 -0.000323136   -0.0133353            0
EndNode2[0]<--->HoM1[0]
REAL
   0.464141  -0.0264701  -0.0227168    0.248297
