EndNode1[0]<--->Repeater1[0]
REAL
   0.362069 -0.00174109   0.0113984    0.228819
-0.00174109    0.161804   0.0264998   0.0138675
  0.0113984   0.0264998    0.125995  0.00839002
   0.228819   0.0138675  0.00839002    0.350133
IMAGINARY
           0    0.0127359  0.000440135    0.0149985
  -0.0127359            0   -0.0216474  -0.00688343
-0.000440135    0.0216474            0  -0.00500393
  -0.0149985   0.00688343   0.00500393            0
EndNode2[0]<--->HoM1[0]
REAL
   0.358839 -0.00945419 0.000838816    0.232429
-0.00945419    0.145119 -0.00239115  -0.0192165
0.000838816 -0.00239115    0.145119  -0.0152606
   0.232429  -0.0192165  -0.0152606    0.350923
IMAGINARY
          0  0.00388586  0.00105832  -0.0180109
-0.00388586           0   0.0116334  0.00823536
-0.00105832  -0.0116334           0 -0.00326628
  0.0180109 -0.00823536  0.00326628           0
Repeater1[0]<--->EndNode1[0]
REAL
   0.362069   0.0113984 -0.00174109    0.228819
  0.0113984    0.125995   0.0264998  0.00839002
-0.00174109   0.0264998    0.161804   0.0138675
   0.228819  0.00839002   0.0138675    0.350133
IMAGINARY
           0  0.000440135    0.0127359    0.0149985
-0.000440135            0    0.0216474  -0.00500393
  -0.0127359   -0.0216474            0  -0.00688343
  -0.0149985   0.00500393   0.00688343            0
Repeater1[0]<--->HoM1[0]
REAL
   0.358839 0.000838816 -0.00945419    0.232429
0.000838816    0.145119 -0.00239115  -0.0152606
-0.00945419 -0.00239115    0.145119  -0.0192165
   0.232429  -0.0152606  -0.0192165    0.350923
IMAGINARY
          0  0.00105832  0.00388586  -0.0180109
-0.00105832           0  -0.0116334 -0.00326628
-0.00388586   0.0116334           0  0.00823536
  0.0180109  0.00326628 -0.00823536           0
EndNode1[0]<--->Repeater1[0]
REAL
   0.369212  0.00282151  -0.0144463    0.226092
 0.00282151    0.136421 -0.00415323  0.00296667
 -0.0144463 -0.00415323    0.132666  0.00865808
   0.226092  0.00296667  0.00865808    0.361702
IMAGINARY
           0    0.0202407   0.00975423  2.03366e-05
  -0.0202407            0   -0.0159439   0.00114496
 -0.00975423    0.0159439            0   -0.0147911
-2.03366e-05  -0.00114496    0.0147911            0
EndNode2[0]<--->HoM1[0]
REAL
  0.381074  0.0145331  0.0017766    0.22919
 0.0145331   0.126598  -0.023092 0.00919901
 0.0017766  -0.023092   0.149616 -0.0120941
   0.22919 0.00919901 -0.0120941   0.342711
IMAGINARY
          0  0.00387359  -0.0128018  -0.0289345
-0.00387359           0 -0.00742913  -0.0021917
  0.0128018  0.00742913           0 -0.00191792
  0.0289345   0.0021917  0.00191792           0
Repeater1[0]<--->EndNode1[0]
REAL
   0.369212  -0.0144463  0.00282151    0.226092
 -0.0144463    0.132666 -0.00415323  0.00865808
 0.00282151 -0.00415323    0.136421  0.00296667
   0.226092  0.00865808  0.00296667    0.361702
IMAGINARY
           0   0.00975423    0.0202407  2.03366e-05
 -0.00975423            0    0.0159439   -0.0147911
  -0.0202407   -0.0159439            0   0.00114496
-2.03366e-05    0.0147911  -0.00114496            0
Repeater1[0]<--->HoM1[0]
REAL
  0.381074  0.0017766  0.0145331    0.22919
 0.0017766   0.149616  -0.023092 -0.0120941
 0.0145331  -0.023092   0.126598 0.00919901
   0.22919 -0.0120941 0.00919901   0.342711
IMAGINARY
          0  -0.0128018  0.00387359  -0.0289345
  0.0128018           0  0.00742913 -0.00191792
-0.00387359 -0.00742913           0  -0.0021917
  0.0289345  0.00191792   0.0021917           0
EndNode1[0]<--->Repeater1[0]
REAL
    0.38394  -0.0103254  0.00514231    0.223717
 -0.0103254    0.148055 -0.00783563 -0.00390162
 0.00514231 -0.00783563    0.138018   0.0103254
   0.223717 -0.00390162   0.0103254    0.329987
IMAGINARY
           0    -0.017529  -0.00163822   0.00138788
    0.017529            0    0.0351038   0.00672728
  0.00163822   -0.0351038            0  0.000989539
 -0.00138788  -0.00672728 -0.000989539            0
EndNode2[0]<--->HoM1[0]
REAL
    0.34927 -0.00359765   0.0107526    0.211761
-0.00359765    0.130146   0.0066981  -0.0180567
  0.0107526   0.0066981     0.11421    0.022854
   0.211761  -0.0180567    0.022854    0.406375
IMAGINARY
           0  4.99667e-05   0.00447642    0.0252779
-4.99667e-05            0    0.0057657   -0.0158688
 -0.00447642   -0.0057657            0  -0.00258161
  -0.0252779    0.0158688   0.00258161            0
Repeater1[0]<--->EndNode1[0]
REAL
    0.38394  0.00514231  -0.0103254    0.223717
 0.00514231    0.138018 -0.00783563   0.0103254
 -0.0103254 -0.00783563    0.148055 -0.00390162
   0.223717   0.0103254 -0.00390162    0.329987
IMAGINARY
           0  -0.00163822    -0.017529   0.00138788
  0.00163822            0   -0.0351038  0.000989539
    0.017529    0.0351038            0   0.00672728
 -0.00138788 -0.000989539  -0.00672728            0
Repeater1[0]<--->HoM1[0]
REAL
    0.34927   0.0107526 -0.00359765    0.211761
  0.0107526     0.11421   0.0066981    0.022854
-0.00359765   0.0066981    0.130146  -0.0180567
   0.211761    0.022854  -0.0180567    0.406375
IMAGINARY
           0   0.00447642  4.99667e-05    0.0252779
 -0.00447642            0   -0.0057657  -0.00258161
-4.99667e-05    0.0057657            0   -0.0158688
  -0.0252779   0.00258161    0.0158688            0
EndNode1[0]<--->Repeater1[0]
REAL
  0.379845 -0.0264868 -0.0191977   0.238706
-0.0264868   0.129199 -0.0187523 -0.0245596
-0.0191977 -0.0187523   0.140827 0.00373299
  0.238706 -0.0245596 0.00373299   0.350129
IMAGINARY
          0 -0.00361661  -0.0172839   0.0116586
 0.00361661           0    0.024833   0.0140414
  0.0172839   -0.024833           0 -0.00221996
 -0.0116586  -0.0140414  0.00221996           0
EndNode2[0]<--->HoM1[0]
REAL
   0.340789 -0.00398773  -0.0100474    0.225079
-0.00398773    0.130263  0.00894983  -0.0062499
 -0.0100474  0.00894983    0.157895  0.00333584
   0.225079  -0.0062499  0.00333584    0.371053
IMAGINARY
          0  0.00863003  -0.0012928  0.00199447
-0.00863003           0  0.00513912 -0.00193301
  0.0012928 -0.00513912           0  -0.0234687
-0.00199447  0.00193301   0.0234687           0
Repeater1[0]<--->EndNode1[0]
REAL
  0.379845 -0.0191977 -0.0264868   0.238706
-0.0191977   0.140827 -0.0187523 0.00373299
-0.0264868 -0.0187523   0.129199 -0.0245596
  0.238706 0.00373299 -0.0245596   0.350129
IMAGINARY
          0  -0.0172839 -0.00361661   0.0116586
  0.0172839           0   -0.024833 -0.00221996
 0.00361661    0.024833           0   0.0140414
 -0.0116586  0.00221996  -0.0140414           0
Repeater1[0]<--->HoM1[0]
REAL
   0.340789  -0.0100474 -0.00398773    0.225079
 -0.0100474    0.157895  0.00894983  0.00333584
-0.00398773  0.00894983    0.130263  -0.0062499
   0.225079  0.00333584  -0.0062499    0.371053
IMAGINARY
          0  -0.0012928  0.00863003  0.00199447
  0.0012928           0 -0.00513912  -0.0234687
-0.00863003  0.00513912           0 -0.00193301
-0.00199447   0.0234687  0.00193301           0
EndNode1[0]<--->Repeater1[0]
REAL
    0.35318   0.0128611 -0.00224853    0.232853
  0.0128611    0.132612 -0.00639035 -0.00156826
-0.00224853 -0.00639035     0.14479 -0.00268296
   0.232853 -0.00156826 -0.00268296    0.369418
IMAGINARY
          0  0.00615083 -0.00763119  0.00588235
-0.00615083           0  0.00392157  -0.0138812
 0.00763119 -0.00392157           0  0.00493131
-0.00588235   0.0138812 -0.00493131           0
EndNode2[0]<--->HoM1[0]
REAL
   0.342033  0.00877325  0.00797772    0.225406
 0.00877325    0.144231  0.00645154 -0.00613271
 0.00797772  0.00645154    0.144231  0.00537189
   0.225406 -0.00613271  0.00537189    0.369505
IMAGINARY
          0 -0.00449597   0.0337408 -0.00453446
 0.00449597           0 -0.00453446   0.0035141
 -0.0337408  0.00453446           0  -0.0131511
 0.00453446  -0.0035141   0.0131511           0
Repeater1[0]<--->EndNode1[0]
REAL
    0.35318 -0.00224853   0.0128611    0.232853
-0.00224853     0.14479 -0.00639035 -0.00268296
  0.0128611 -0.00639035    0.132612 -0.00156826
   0.232853 -0.00268296 -0.00156826    0.369418
IMAGINARY
          0 -0.00763119  0.00615083  0.00588235
 0.00763119           0 -0.00392157  0.00493131
-0.00615083  0.00392157           0  -0.0138812
-0.00588235 -0.00493131   0.0138812           0
Repeater1[0]<--->HoM1[0]
REAL
   0.342033  0.00797772  0.00877325    0.225406
 0.00797772    0.144231  0.00645154  0.00537189
 0.00877325  0.00645154    0.144231 -0.00613271
   0.225406  0.00537189 -0.00613271    0.369505
IMAGINARY
          0   0.0337408 -0.00449597 -0.00453446
 -0.0337408           0  0.00453446  -0.0131511
 0.00449597 -0.00453446           0   0.0035141
 0.00453446   0.0131511  -0.0035141           0
EndNode1[0]<--->Repeater1[0]
REAL
   0.355311   0.0165848   0.0119292    0.228548
  0.0165848    0.131868 -0.00987491   0.0150978
  0.0119292 -0.00987491    0.156288   0.0165848
   0.228548   0.0150978   0.0165848    0.356532
IMAGINARY
          0  0.00777336   0.0035772  -0.0142802
-0.00777336           0   0.0484574 -0.00169985
 -0.0035772  -0.0484574           0 -0.00839914
  0.0142802  0.00169985  0.00839914           0
EndNode2[0]<--->HoM1[0]
REAL
   0.348259    0.014231  0.00633607    0.218757
   0.014231    0.159204 -0.00957375  -0.0139891
 0.00633607 -0.00957375    0.145522 -0.00147585
   0.218757  -0.0139891 -0.00147585    0.347015
IMAGINARY
           0   -0.0132837    0.0240084 -0.000233936
   0.0132837            0  -0.00936914  -0.00525035
  -0.0240084   0.00936914            0  -0.00806174
 0.000233936   0.00525035   0.00806174            0
Repeater1[0]<--->EndNode1[0]
REAL
   0.355311   0.0119292   0.0165848    0.228548
  0.0119292    0.156288 -0.00987491   0.0165848
  0.0165848 -0.00987491    0.131868   0.0150978
   0.228548   0.0165848   0.0150978    0.356532
IMAGINARY
          0   0.0035772  0.00777336  -0.0142802
 -0.0035772           0  -0.0484574 -0.00839914
-0.00777336   0.0484574           0 -0.00169985
  0.0142802  0.00839914  0.00169985           0
Repeater1[0]<--->HoM1[0]
REAL
   0.348259  0.00633607    0.014231    0.218757
 0.00633607    0.145522 -0.00957375 -0.00147585
   0.014231 -0.00957375    0.159204  -0.0139891
   0.218757 -0.00147585  -0.0139891    0.347015
IMAGINARY
           0    0.0240084   -0.0132837 -0.000233936
  -0.0240084            0   0.00936914  -0.00806174
   0.0132837  -0.00936914            0  -0.00525035
 0.000233936   0.00806174   0.00525035            0
EndNode1[0]<--->Repeater1[0]
REAL
   0.390181 -0.00951433  -0.0267942    0.224252
-0.00951433    0.133075  -0.0176027 -0.00123714
 -0.0267942  -0.0176027    0.120155  0.00103976
   0.224252 -0.00123714  0.00103976    0.356589
IMAGINARY
          0 -0.00476223   0.0149912  -0.0113111
 0.00476223           0 -0.00633597  0.00881834
 -0.0149912  0.00633597           0  -0.0290724
  0.0113111 -0.00881834   0.0290724           0
EndNode2[0]<--->HoM1[0]
REAL
   0.351421   0.0072078  -0.0197538    0.208878
  0.0072078    0.127907  0.00579271 -0.00649118
 -0.0197538  0.00579271    0.135659   -0.017302
   0.208878 -0.00649118   -0.017302    0.385013
IMAGINARY
          0 -0.00457205   0.0179586  0.00501034
 0.00457205           0 -0.00568148  -0.0102465
 -0.0179586  0.00568148           0   0.0058574
-0.00501034   0.0102465  -0.0058574           0
Repeater1[0]<--->EndNode1[0]
REAL
   0.390181  -0.0267942 -0.00951433    0.224252
 -0.0267942    0.120155  -0.0176027  0.00103976
-0.00951433  -0.0176027    0.133075 -0.00123714
   0.224252  0.00103976 -0.00123714    0.356589
IMAGINARY
          0   0.0149912 -0.00476223  -0.0113111
 -0.0149912           0  0.00633597  -0.0290724
 0.00476223 -0.00633597           0  0.00881834
  0.0113111   0.0290724 -0.00881834           0
Repeater1[0]<--->HoM1[0]
REAL
   0.351421  -0.0197538   0.0072078    0.208878
 -0.0197538    0.135659  0.00579271   -0.017302
  0.0072078  0.00579271    0.127907 -0.00649118
   0.208878   -0.017302 -0.00649118    0.385013
IMAGINARY
          0   0.0179586 -0.00457205  0.00501034
 -0.0179586           0  0.00568148   0.0058574
 0.00457205 -0.00568148           0  -0.0102465
-0.00501034  -0.0058574   0.0102465           0
EndNode1[0]<--->Repeater1[0]
REAL
    0.36829  0.00659025 -0.00634726    0.213086
 0.00659025    0.139825   0.0011997   0.0108518
-0.00634726   0.0011997     0.11236 -0.00465975
   0.213086   0.0108518 -0.00465975    0.379526
IMAGINARY
          0  -0.0130847 -0.00233933   0.0077612
  0.0130847           0  0.00380342  0.00879928
 0.00233933 -0.00380342           0  0.00533276
 -0.0077612 -0.00879928 -0.00533276           0
EndNode2[0]<--->HoM1[0]
REAL
   0.378449   0.0266874  0.00400001    0.233384
  0.0266874    0.128778  -0.0175366  -0.0217596
 0.00400001  -0.0175366    0.114323 -0.00346336
   0.233384  -0.0217596 -0.00346336    0.378449
IMAGINARY
          0  -0.0184228 -0.00180375  0.00601004
  0.0184228           0  -0.0200174  0.00119026
 0.00180375   0.0200174           0 -0.00182257
-0.00601004 -0.00119026  0.00182257           0
Repeater1[0]<--->EndNode1[0]
REAL
    0.36829 -0.00634726  0.00659025    0.213086
-0.00634726     0.11236   0.0011997 -0.00465975
 0.00659025   0.0011997    0.139825   0.0108518
   0.213086 -0.00465975   0.0108518    0.379526
IMAGINARY
          0 -0.00233933  -0.0130847   0.0077612
 0.00233933           0 -0.00380342  0.00533276
  0.0130847  0.00380342           0  0.00879928
 -0.0077612 -0.00533276 -0.00879928           0
Repeater1[0]<--->HoM1[0]
REAL
   0.378449  0.00400001   0.0266874    0.233384
 0.00400001    0.114323  -0.0175366 -0.00346336
  0.0266874  -0.0175366    0.128778  -0.0217596
   0.233384 -0.00346336  -0.0217596    0.378449
IMAGINARY
          0 -0.00180375  -0.0184228  0.00601004
 0.00180375           0   0.0200174 -0.00182257
  0.0184228  -0.0200174           0  0.00119026
-0.00601004  0.00182257 -0.00119026           0
EndNode1[0]<--->Repeater1[0]
REAL
  0.377091  0.0023323 -0.0162521   0.237312
 0.0023323   0.136422 -0.0139076 -0.0276309
-0.0162521 -0.0139076   0.129987 -0.0222791
  0.237312 -0.0276309 -0.0222791   0.356499
IMAGINARY
          0  0.00438121   0.0116405  0.00333192
-0.00438121           0 -0.00777919   0.0103107
 -0.0116405  0.00777919           0  -0.0141373
-0.00333192  -0.0103107   0.0141373           0
EndNode2[0]<--->HoM1[0]
REAL
  0.388518 -0.0124724  0.0213727   0.217623
-0.0124724   0.124166  -0.011596  0.0173727
 0.0213727  -0.011596   0.124166  0.0155475
  0.217623  0.0173727  0.0155475   0.363151
IMAGINARY
          0 -0.00494071  -0.0107547   0.0198195
 0.00494071           0  -0.0128309 -0.00813694
  0.0107547   0.0128309           0  0.00494071
 -0.0198195  0.00813694 -0.00494071           0
Repeater1[0]<--->EndNode1[0]
REAL
  0.377091 -0.0162521  0.0023323   0.237312
-0.0162521   0.129987 -0.0139076 -0.0222791
 0.0023323 -0.0139076   0.136422 -0.0276309
  0.237312 -0.0222791 -0.0276309   0.356499
IMAGINARY
          0   0.0116405  0.00438121  0.00333192
 -0.0116405           0  0.00777919  -0.0141373
-0.00438121 -0.00777919           0   0.0103107
-0.00333192   0.0141373  -0.0103107           0
Repeater1[0]<--->HoM1[0]
REAL
  0.388518  0.0213727 -0.0124724   0.217623
 0.0213727   0.124166  -0.011596  0.0155475
-0.0124724  -0.011596   0.124166  0.0173727
  0.217623  0.0155475  0.0173727   0.363151
IMAGINARY
          0  -0.0107547 -0.00494071   0.0198195
  0.0107547           0   0.0128309  0.00494071
 0.00494071  -0.0128309           0 -0.00813694
 -0.0198195 -0.00494071  0.00813694           0
EndNode1[0]<--->Repeater1[0]
REAL
  0.371202  0.0119852 -0.0158867   0.210374
 0.0119852   0.122853  -0.022959  0.0192696
-0.0158867  -0.022959   0.142668 0.00357639
  0.210374  0.0192696 0.00357639   0.363276
IMAGINARY
           0   0.00763403   -0.0156294   -0.0098863
 -0.00763403            0   -0.0177842  -0.00488346
   0.0156294    0.0177842            0  5.82751e-05
   0.0098863   0.00488346 -5.82751e-05            0
EndNode2[0]<--->HoM1[0]
REAL
   0.376289 0.000744422  0.00175499    0.215652
0.000744422    0.117268  -0.0028863  -0.0217018
 0.00175499  -0.0028863    0.123711  -0.0180317
   0.215652  -0.0217018  -0.0180317    0.382732
IMAGINARY
          0   0.0207505   0.0207631   0.0264309
 -0.0207505           0 -0.00474416 -0.00384832
 -0.0207631  0.00474416           0 -0.00789531
 -0.0264309  0.00384832  0.00789531           0
Repeater1[0]<--->EndNode1[0]
REAL
  0.371202 -0.0158867  0.0119852   0.210374
-0.0158867   0.142668  -0.022959 0.00357639
 0.0119852  -0.022959   0.122853  0.0192696
  0.210374 0.00357639  0.0192696   0.363276
IMAGINARY
           0   -0.0156294   0.00763403   -0.0098863
   0.0156294            0    0.0177842  5.82751e-05
 -0.00763403   -0.0177842            0  -0.00488346
   0.0098863 -5.82751e-05   0.00488346            0
Repeater1[0]<--->HoM1[0]
REAL
   0.376289  0.00175499 0.000744422    0.215652
 0.00175499    0.123711  -0.0028863  -0.0180317
0.000744422  -0.0028863    0.117268  -0.0217018
   0.215652  -0.0180317  -0.0217018    0.382732
IMAGINARY
          0   0.0207631   0.0207505   0.0264309
 -0.0207631           0  0.00474416 -0.00789531
 -0.0207505 -0.00474416           0 -0.00384832
 -0.0264309  0.00789531  0.00384832           0
EndNode1[0]<--->Repeater1[0]
REAL
    0.372966  -0.00771939 -0.000494016     0.235648
 -0.00771939     0.156446   0.00919687   -0.0175472
-0.000494016   0.00919687     0.118899    0.0154513
    0.235648   -0.0175472    0.0154513      0.35169
IMAGINARY
           0    0.0188568   -0.0100549   0.00664473
  -0.0188568            0   0.00146338   0.00940978
   0.0100549  -0.00146338            0 -0.000147127
 -0.00664473  -0.00940978  0.000147127            0
EndNode2[0]<--->HoM1[0]
REAL
   0.381258  -0.0142602  -0.0275542    0.225301
 -0.0142602    0.124519 -0.00957723  0.00931517
 -0.0275542 -0.00957723    0.127086  0.00105268
   0.225301  0.00931517  0.00105268    0.367137
IMAGINARY
          0 -0.00344988  0.00503171  0.00159554
 0.00344988           0   0.0085841   0.0110558
-0.00503171  -0.0085841           0  -0.0100636
-0.00159554  -0.0110558   0.0100636           0
Repeater1[0]<--->EndNode1[0]
REAL
    0.372966 -0.000494016  -0.00771939     0.235648
-0.000494016     0.118899   0.00919687    0.0154513
 -0.00771939   0.00919687     0.156446   -0.0175472
    0.235648    0.0154513   -0.0175472      0.35169
IMAGINARY
           0   -0.0100549    0.0188568   0.00664473
   0.0100549            0  -0.00146338 -0.000147127
  -0.0188568   0.00146338            0   0.00940978
 -0.00664473  0.000147127  -0.00940978            0
Repeater1[0]<--->HoM1[0]
REAL
   0.381258  -0.0275542  -0.0142602    0.225301
 -0.0275542    0.127086 -0.00957723  0.00105268
 -0.0142602 -0.00957723    0.124519  0.00931517
   0.225301  0.00105268  0.00931517    0.367137
IMAGINARY
          0  0.00503171 -0.00344988  0.00159554
-0.00503171           0  -0.0085841  -0.0100636
 0.00344988   0.0085841           0   0.0110558
-0.00159554   0.0100636  -0.0110558           0
EndNode1[0]<--->Repeater1[0]
REAL
   0.337535  0.00571401   -0.010648    0.221817
 0.00571401    0.169468  -0.0288123  -0.0191447
  -0.010648  -0.0288123    0.155462 -0.00830468
   0.221817  -0.0191447 -0.00830468    0.337535
IMAGINARY
          0  0.00250798 -0.00956795   0.0173639
-0.00250798           0   0.0121959    0.020903
 0.00956795  -0.0121959           0  0.00127036
 -0.0173639   -0.020903 -0.00127036           0
EndNode2[0]<--->HoM1[0]
REAL
   0.360215  0.00637697  0.00832151    0.233474
 0.00637697    0.129032 -0.00295011 -0.00257438
 0.00832151 -0.00295011    0.143817  0.00575585
   0.233474 -0.00257438  0.00575585    0.366935
IMAGINARY
           0    0.0168003  0.000652628  -0.00336495
  -0.0168003            0   -0.0108838  -0.00661289
-0.000652628    0.0108838            0  -0.00951551
  0.00336495   0.00661289   0.00951551            0
Repeater1[0]<--->EndNode1[0]
REAL
   0.337535   -0.010648  0.00571401    0.221817
  -0.010648    0.155462  -0.0288123 -0.00830468
 0.00571401  -0.0288123    0.169468  -0.0191447
   0.221817 -0.00830468  -0.0191447    0.337535
IMAGINARY
          0 -0.00956795  0.00250798   0.0173639
 0.00956795           0  -0.0121959  0.00127036
-0.00250798   0.0121959           0    0.020903
 -0.0173639 -0.00127036   -0.020903           0
Repeater1[0]<--->HoM1[0]
REAL
   0.360215  0.00832151  0.00637697    0.233474
 0.00832151    0.143817 -0.00295011  0.00575585
 0.00637697 -0.00295011    0.129032 -0.00257438
   0.233474  0.00575585 -0.00257438    0.366935
IMAGINARY
           0  0.000652628    0.0168003  -0.00336495
-0.000652628            0    0.0108838  -0.00951551
  -0.0168003   -0.0108838            0  -0.00661289
  0.00336495   0.00951551   0.00661289            0
EndNode1[0]<--->Repeater1[0]
REAL
   0.381188   0.0215254 -0.00282065    0.226992
  0.0215254    0.132426  0.00764896   0.0256965
-0.00282065  0.00764896     0.14604   0.0105008
   0.226992   0.0256965   0.0105008    0.340347
IMAGINARY
          0  -0.0184683   0.0135305    0.013707
  0.0184683           0  0.00734565  0.00227225
 -0.0135305 -0.00734565           0 -0.00491986
  -0.013707 -0.00227225  0.00491986           0
EndNode2[0]<--->HoM1[0]
REAL
   0.352697  0.00414011  0.00449909    0.215902
 0.00414011    0.106501 0.000573314  -0.0102462
 0.00449909 0.000573314    0.156293  -0.0124415
   0.215902  -0.0102462  -0.0124415    0.384509
IMAGINARY
          0   -0.017217   0.0204273 -0.00403943
   0.017217           0   0.0228836  -0.0021791
 -0.0204273  -0.0228836           0   0.0208666
 0.00403943   0.0021791  -0.0208666           0
Repeater1[0]<--->EndNode1[0]
REAL
   0.381188 -0.00282065   0.0215254    0.226992
-0.00282065     0.14604  0.00764896   0.0105008
  0.0215254  0.00764896    0.132426   0.0256965
   0.226992   0.0105008   0.0256965    0.340347
IMAGINARY
          0   0.0135305  -0.0184683    0.013707
 -0.0135305           0 -0.00734565 -0.00491986
  0.0184683  0.00734565           0  0.00227225
  -0.013707  0.00491986 -0.00227225           0
Repeater1[0]<--->HoM1[0]
REAL
   0.352697  0.00449909  0.00414011    0.215902
 0.00449909    0.156293 0.000573314  -0.0124415
 0.00414011 0.000573314    0.106501  -0.0102462
   0.215902  -0.0124415  -0.0102462    0.384509
IMAGINARY
          0   0.0204273   -0.017217 -0.00403943
 -0.0204273           0  -0.0228836   0.0208666
   0.017217   0.0228836           0  -0.0021791
 0.00403943  -0.0208666   0.0021791           0
EndNode1[0]<--->Repeater1[0]
REAL
  0.374168 -0.0145453 -0.0152886   0.221644
-0.0145453   0.151798  0.0136906 0.00505666
-0.0152886  0.0136906   0.117177 -0.0120577
  0.221644 0.00505666 -0.0120577   0.356858
IMAGINARY
          0   0.0032755  -0.0083521  -0.0171624
 -0.0032755           0   0.0106857  0.00770021
  0.0083521  -0.0106857           0  0.00259151
  0.0171624 -0.00770021 -0.00259151           0
EndNode2[0]<--->HoM1[0]
REAL
   0.358418  -0.0020307  -0.0208201    0.234056
 -0.0020307       0.125  -0.0197704  -0.0101534
 -0.0208201  -0.0197704    0.142857 -0.00871519
   0.234056  -0.0101534 -0.00871519    0.373724
IMAGINARY
          0  -0.0201484   0.0102105   0.0196554
  0.0201484           0  0.00397163   0.0114731
 -0.0102105 -0.00397163           0  -0.0130148
 -0.0196554  -0.0114731   0.0130148           0
Repeater1[0]<--->EndNode1[0]
REAL
  0.374168 -0.0152886 -0.0145453   0.221644
-0.0152886   0.117177  0.0136906 -0.0120577
-0.0145453  0.0136906   0.151798 0.00505666
  0.221644 -0.0120577 0.00505666   0.356858
IMAGINARY
          0  -0.0083521   0.0032755  -0.0171624
  0.0083521           0  -0.0106857  0.00259151
 -0.0032755   0.0106857           0  0.00770021
  0.0171624 -0.00259151 -0.00770021           0
Repeater1[0]<--->HoM1[0]
REAL
   0.358418  -0.0208201  -0.0020307    0.234056
 -0.0208201    0.142857  -0.0197704 -0.00871519
 -0.0020307  -0.0197704       0.125  -0.0101534
   0.234056 -0.00871519  -0.0101534    0.373724
IMAGINARY
          0   0.0102105  -0.0201484   0.0196554
 -0.0102105           0 -0.00397163  -0.0130148
  0.0201484  0.00397163           0   0.0114731
 -0.0196554   0.0130148  -0.0114731           0
EndNode1[0]<--->Repeater1[0]
REAL
     0.36875    0.0103432    0.0126822     0.241907
   0.0103432      0.12875    0.0102942 -0.000732474
   0.0126822    0.0102942        0.145    0.0129272
    0.241907 -0.000732474    0.0129272       0.3575
IMAGINARY
          0  0.00617104 -0.00432004   -0.011638
-0.00617104           0  -0.0161775   0.0139975
 0.00432004   0.0161775           0  -0.0210097
   0.011638  -0.0139975   0.0210097           0
EndNode2[0]<--->HoM1[0]
REAL
  0.349936 -0.0128293 0.00722202     0.2252
-0.0128293   0.150702  -0.018482 -0.0227259
0.00722202  -0.018482   0.126437 0.00120135
    0.2252 -0.0227259 0.00120135   0.372925
IMAGINARY
          0 -0.00029518   0.0150926 -0.00457115
 0.00029518           0 -0.00665738   0.0131866
 -0.0150926  0.00665738           0   0.0141339
 0.00457115  -0.0131866  -0.0141339           0
Repeater1[0]<--->EndNode1[0]
REAL
     0.36875    0.0126822    0.0103432     0.241907
   0.0126822        0.145    0.0102942    0.0129272
   0.0103432    0.0102942      0.12875 -0.000732474
    0.241907    0.0129272 -0.000732474       0.3575
IMAGINARY
          0 -0.00432004  0.00617104   -0.011638
 0.00432004           0   0.0161775  -0.0210097
-0.00617104  -0.0161775           0   0.0139975
   0.011638   0.0210097  -0.0139975           0
Repeater1[0]<--->HoM1[0]
REAL
  0.349936 0.00722202 -0.0128293     0.2252
0.00722202   0.126437  -0.018482 0.00120135
-0.0128293  -0.018482   0.150702 -0.0227259
    0.2252 0.00120135 -0.0227259   0.372925
IMAGINARY
          0   0.0150926 -0.00029518 -0.00457115
 -0.0150926           0  0.00665738   0.0141339
 0.00029518 -0.00665738           0   0.0131866
 0.00457115  -0.0141339  -0.0131866           0
EndNode1[0]<--->Repeater1[0]
REAL
   0.347607  -0.0022555  0.00260593     0.24564
 -0.0022555    0.117128 -0.00991589   0.0246185
 0.00260593 -0.00991589    0.151134  -0.0170008
    0.24564   0.0246185  -0.0170008    0.384131
IMAGINARY
          0    -0.01242 -0.00268382 -0.00128535
    0.01242           0  0.00128535  0.00856618
 0.00268382 -0.00128535           0  -0.0130702
 0.00128535 -0.00856618   0.0130702           0
EndNode2[0]<--->HoM1[0]
REAL
   0.369004  0.00268275  -0.0200198    0.233506
 0.00268275    0.140221 9.02836e-05   0.0173951
 -0.0200198 9.02836e-05    0.124231  0.00387893
   0.233506   0.0173951  0.00387893    0.366544
IMAGINARY
          0  0.00821509  -0.0197782   0.0157232
-0.00821509           0 -0.00117293 -0.00479182
  0.0197782  0.00117293           0   0.0102124
 -0.0157232  0.00479182  -0.0102124           0
Repeater1[0]<--->EndNode1[0]
REAL
   0.347607  0.00260593  -0.0022555     0.24564
 0.00260593    0.151134 -0.00991589  -0.0170008
 -0.0022555 -0.00991589    0.117128   0.0246185
    0.24564  -0.0170008   0.0246185    0.384131
IMAGINARY
          0 -0.00268382    -0.01242 -0.00128535
 0.00268382           0 -0.00128535  -0.0130702
    0.01242  0.00128535           0  0.00856618
 0.00128535   0.0130702 -0.00856618           0
Repeater1[0]<--->HoM1[0]
REAL
   0.369004  -0.0200198  0.00268275    0.233506
 -0.0200198    0.124231 9.02836e-05  0.00387893
 0.00268275 9.02836e-05    0.140221   0.0173951
   0.233506  0.00387893   0.0173951    0.366544
IMAGINARY
          0  -0.0197782  0.00821509   0.0157232
  0.0197782           0  0.00117293   0.0102124
-0.00821509 -0.00117293           0 -0.00479182
 -0.0157232  -0.0102124  0.00479182           0
EndNode1[0]<--->Repeater1[0]
REAL
   0.334667  -0.0237829    0.012632    0.225011
 -0.0237829    0.137333 -0.00491566   0.0112915
   0.012632 -0.00491566    0.145333 -0.00253289
   0.225011   0.0112915 -0.00253289    0.382667
IMAGINARY
          0  0.00107673  -0.0115023   -0.018969
-0.00107673           0 -0.00570636 -0.00431277
  0.0115023  0.00570636           0   0.0123053
   0.018969  0.00431277  -0.0123053           0
EndNode2[0]<--->HoM1[0]
REAL
     0.355  0.0186804  0.0011915   0.218872
 0.0186804     0.1425  0.0117107  0.0109444
 0.0011915  0.0117107     0.1475 0.00559142
  0.218872  0.0109444 0.00559142      0.355
IMAGINARY
           0   -0.0048556  -0.00290004    0.0267036
   0.0048556            0  -0.00209221  0.000342499
  0.00290004   0.00209221            0    0.0163646
  -0.0267036 -0.000342499   -0.0163646            0
Repeater1[0]<--->EndNode1[0]
REAL
   0.334667    0.012632  -0.0237829    0.225011
   0.012632    0.145333 -0.00491566 -0.00253289
 -0.0237829 -0.00491566    0.137333   0.0112915
   0.225011 -0.00253289   0.0112915    0.382667
IMAGINARY
          0  -0.0115023  0.00107673   -0.018969
  0.0115023           0  0.00570636   0.0123053
-0.00107673 -0.00570636           0 -0.00431277
   0.018969  -0.0123053  0.00431277           0
Repeater1[0]<--->HoM1[0]
REAL
     0.355  0.0011915  0.0186804   0.218872
 0.0011915     0.1475  0.0117107 0.00559142
 0.0186804  0.0117107     0.1425  0.0109444
  0.218872 0.00559142  0.0109444      0.355
IMAGINARY
           0  -0.00290004   -0.0048556    0.0267036
  0.00290004            0   0.00209221    0.0163646
   0.0048556  -0.00209221            0  0.000342499
  -0.0267036   -0.0163646 -0.000342499            0
EndNode1[0]<--->Repeater1[0]
REAL
    0.36919  0.00392923   0.0129172    0.241573
 0.00392923     0.12749 0.000322631 -0.00169525
  0.0129172 0.000322631    0.128818   0.0235022
   0.241573 -0.00169525   0.0235022    0.374502
IMAGINARY
          0  -0.0118219 -0.00981383  0.00386198
  0.0118219           0 -0.00642608  0.00481383
 0.00981383  0.00642608           0  0.00807195
-0.00386198 -0.00481383 -0.00807195           0
EndNode2[0]<--->HoM1[0]
REAL
   0.391688 -0.00298971  -0.0232032    0.223765
-0.00298971    0.110831    0.018758   0.0290549
 -0.0232032    0.018758    0.138539   0.0166438
   0.223765   0.0290549   0.0166438    0.358942
IMAGINARY
          0   -0.001265  0.00272124  0.00509605
   0.001265           0  0.00385536  0.00336807
-0.00272124 -0.00385536           0 -0.00753067
-0.00509605 -0.00336807  0.00753067           0
Repeater1[0]<--->EndNode1[0]
REAL
    0.36919   0.0129172  0.00392923    0.241573
  0.0129172    0.128818 0.000322631   0.0235022
 0.00392923 0.000322631     0.12749 -0.00169525
   0.241573   0.0235022 -0.00169525    0.374502
IMAGINARY
          0 -0.00981383  -0.0118219  0.00386198
 0.00981383           0  0.00642608  0.00807195
  0.0118219 -0.00642608           0  0.00481383
-0.00386198 -0.00807195 -0.00481383           0
Repeater1[0]<--->HoM1[0]
REAL
   0.391688  -0.0232032 -0.00298971    0.223765
 -0.0232032    0.138539    0.018758   0.0166438
-0.00298971    0.018758    0.110831   0.0290549
   0.223765   0.0166438   0.0290549    0.358942
IMAGINARY
          0  0.00272124   -0.001265  0.00509605
-0.00272124           0 -0.00385536 -0.00753067
   0.001265  0.00385536           0  0.00336807
-0.00509605  0.00753067 -0.00336807           0
EndNode1[0]<--->Repeater1[0]
REAL
  0.380215 -0.0141721  0.0164212   0.228959
-0.0141721    0.13826 -0.0101713 -0.0291484
 0.0164212 -0.0101713   0.117998  0.0038691
  0.228959 -0.0291484  0.0038691   0.363528
IMAGINARY
          0 -0.00304963   -0.016379   -0.010946
 0.00304963           0  0.00624798 -0.00660242
   0.016379 -0.00624798           0 -0.00626714
   0.010946  0.00660242  0.00626714           0
EndNode2[0]<--->HoM1[0]
REAL
  0.346784  -0.014964 -0.0148944   0.222264
 -0.014964   0.128625 0.00451186 0.00942992
-0.0148944 0.00451186   0.124842  0.0204285
  0.222264 0.00942992  0.0204285   0.399748
IMAGINARY
          0  -0.0322329 -0.00684182   0.0193375
  0.0322329           0 -0.00999755   0.0202518
 0.00684182  0.00999755           0      0.0201
 -0.0193375  -0.0202518     -0.0201           0
Repeater1[0]<--->EndNode1[0]
REAL
  0.380215  0.0164212 -0.0141721   0.228959
 0.0164212   0.117998 -0.0101713  0.0038691
-0.0141721 -0.0101713    0.13826 -0.0291484
  0.228959  0.0038691 -0.0291484   0.363528
IMAGINARY
          0   -0.016379 -0.00304963   -0.010946
   0.016379           0 -0.00624798 -0.00626714
 0.00304963  0.00624798           0 -0.00660242
   0.010946  0.00626714  0.00660242           0
Repeater1[0]<--->HoM1[0]
REAL
  0.346784 -0.0148944  -0.014964   0.222264
-0.0148944   0.124842 0.00451186  0.0204285
 -0.014964 0.00451186   0.128625 0.00942992
  0.222264  0.0204285 0.00942992   0.399748
IMAGINARY
          0 -0.00684182  -0.0322329   0.0193375
 0.00684182           0  0.00999755      0.0201
  0.0322329 -0.00999755           0   0.0202518
 -0.0193375     -0.0201  -0.0202518           0
EndNode1[0]<--->Repeater1[0]
REAL
   0.348329   0.0157618 -0.00544415    0.220374
  0.0157618     0.12982  -0.0210274 0.000868984
-0.00544415  -0.0210274    0.120823  -0.0124938
   0.220374 0.000868984  -0.0124938    0.401028
IMAGINARY
           0   0.00756085 -0.000284054    0.0120611
 -0.00756085            0    -0.003245    -0.010544
 0.000284054     0.003245            0    0.0121844
  -0.0120611     0.010544   -0.0121844            0
EndNode2[0]<--->HoM1[0]
REAL
  0.346649  -0.011816 0.00082302   0.219975
 -0.011816   0.135309 0.00932084 0.00968378
0.00082302 0.00932084   0.130155  0.0161424
  0.219975 0.00968378  0.0161424   0.387887
IMAGINARY
          0  -0.0111499  0.00939645   0.0121176
  0.0111499           0  -0.0186621  -0.0227136
-0.00939645   0.0186621           0 -0.00337791
 -0.0121176   0.0227136  0.00337791           0
Repeater1[0]<--->EndNode1[0]
REAL
   0.348329 -0.00544415   0.0157618    0.220374
-0.00544415    0.120823  -0.0210274  -0.0124938
  0.0157618  -0.0210274     0.12982 0.000868984
   0.220374  -0.0124938 0.000868984    0.401028
IMAGINARY
           0 -0.000284054   0.00756085    0.0120611
 0.000284054            0     0.003245    0.0121844
 -0.00756085    -0.003245            0    -0.010544
  -0.0120611   -0.0121844     0.010544            0
Repeater1[0]<--->HoM1[0]
REAL
  0.346649 0.00082302  -0.011816   0.219975
0.00082302   0.130155 0.00932084  0.0161424
 -0.011816 0.00932084   0.135309 0.00968378
  0.219975  0.0161424 0.00968378   0.387887
IMAGINARY
          0  0.00939645  -0.0111499   0.0121176
-0.00939645           0   0.0186621 -0.00337791
  0.0111499  -0.0186621           0  -0.0227136
 -0.0121176  0.00337791   0.0227136           0
EndNode1[0]<--->Repeater1[0]
REAL
   0.350717  -0.0268419  -0.0309063     0.23406
 -0.0268419    0.132986 -0.00749797 -0.00294789
 -0.0309063 -0.00749797     0.14472  -0.0356581
    0.23406 -0.00294789  -0.0356581    0.371578
IMAGINARY
           0  0.000624376   0.00446053    0.0172376
-0.000624376            0  0.000864788   -0.0239411
 -0.00446053 -0.000864788            0  -0.00322178
  -0.0172376    0.0239411   0.00322178            0
EndNode2[0]<--->HoM1[0]
REAL
   0.376276  0.00878376 -0.00232324     0.23794
 0.00878376    0.137755   0.0183022   0.0207537
-0.00232324   0.0183022    0.117347   0.0108357
    0.23794   0.0207537   0.0108357    0.368622
IMAGINARY
          0    0.010682  -0.0104808 -0.00981711
  -0.010682           0 -0.00398053  0.00789686
  0.0104808  0.00398053           0  0.00352987
 0.00981711 -0.00789686 -0.00352987           0
Repeater1[0]<--->EndNode1[0]
REAL
   0.350717  -0.0309063  -0.0268419     0.23406
 -0.0309063     0.14472 -0.00749797  -0.0356581
 -0.0268419 -0.00749797    0.132986 -0.00294789
    0.23406  -0.0356581 -0.00294789    0.371578
IMAGINARY
           0   0.00446053  0.000624376    0.0172376
 -0.00446053            0 -0.000864788  -0.00322178
-0.000624376  0.000864788            0   -0.0239411
  -0.0172376   0.00322178    0.0239411            0
Repeater1[0]<--->HoM1[0]
REAL
   0.376276 -0.00232324  0.00878376     0.23794
-0.00232324    0.117347   0.0183022   0.0108357
 0.00878376   0.0183022    0.137755   0.0207537
    0.23794   0.0108357   0.0207537    0.368622
IMAGINARY
          0  -0.0104808    0.010682 -0.00981711
  0.0104808           0  0.00398053  0.00352987
  -0.010682 -0.00398053           0  0.00789686
 0.00981711 -0.00352987 -0.00789686           0
EndNode1[0]<--->Repeater1[0]
REAL
   0.387516 -0.00921145  0.00972568    0.225491
-0.00921145    0.131339  -0.0192162 -0.00104745
 0.00972568  -0.0192162    0.110533  0.00453855
   0.225491 -0.00104745  0.00453855    0.370611
IMAGINARY
          0   0.0219324 -0.00146594  0.00565825
 -0.0219324           0 -0.00232047   0.0132966
 0.00146594  0.00232047           0  -0.0175738
-0.00565825  -0.0132966   0.0175738           0
EndNode2[0]<--->HoM1[0]
REAL
   0.361491 0.000463283  -0.0181927    0.230942
0.000463283    0.141615 -7.4692e-05  0.00798864
 -0.0181927 -7.4692e-05     0.13913 -0.00684083
   0.230942  0.00798864 -0.00684083    0.357764
IMAGINARY
          0  -0.0176304     0.01552 -0.00716474
  0.0176304           0  0.00782875  -0.0045805
   -0.01552 -0.00782875           0  0.00282992
 0.00716474   0.0045805 -0.00282992           0
Repeater1[0]<--->EndNode1[0]
REAL
   0.387516  0.00972568 -0.00921145    0.225491
 0.00972568    0.110533  -0.0192162  0.00453855
-0.00921145  -0.0192162    0.131339 -0.00104745
   0.225491  0.00453855 -0.00104745    0.370611
IMAGINARY
          0 -0.00146594   0.0219324  0.00565825
 0.00146594           0  0.00232047  -0.0175738
 -0.0219324 -0.00232047           0   0.0132966
-0.00565825   0.0175738  -0.0132966           0
Repeater1[0]<--->HoM1[0]
REAL
   0.361491  -0.0181927 0.000463283    0.230942
 -0.0181927     0.13913 -7.4692e-05 -0.00684083
0.000463283 -7.4692e-05    0.141615  0.00798864
   0.230942 -0.00684083  0.00798864    0.357764
IMAGINARY
          0     0.01552  -0.0176304 -0.00716474
   -0.01552           0 -0.00782875  0.00282992
  0.0176304  0.00782875           0  -0.0045805
 0.00716474 -0.00282992   0.0045805           0
EndNode1[0]<--->Repeater1[0]
REAL
    0.341591   0.00144181   -0.0194042     0.235297
  0.00144181     0.140808  -0.00308941 -0.000499337
  -0.0194042  -0.00308941     0.131682  -0.00204494
    0.235297 -0.000499337  -0.00204494     0.385919
IMAGINARY
          0  -0.0256716 -0.00255501 -0.00927857
  0.0256716           0  0.00409722  0.00744499
 0.00255501 -0.00409722           0  0.00855664
 0.00927857 -0.00744499 -0.00855664           0
EndNode2[0]<--->HoM1[0]
REAL
   0.379085  0.00805495  0.00542907    0.227224
 0.00805495    0.138562  0.00855371 -0.00858962
 0.00542907  0.00855371    0.124183 -0.00742284
   0.227224 -0.00858962 -0.00742284     0.35817
IMAGINARY
          0   0.0265454  -0.0242465  -0.0207762
 -0.0265454           0  0.00595136  0.00250737
  0.0242465 -0.00595136           0  -0.0124789
  0.0207762 -0.00250737   0.0124789           0
Repeater1[0]<--->EndNode1[0]
REAL
    0.341591   -0.0194042   0.00144181     0.235297
  -0.0194042     0.131682  -0.00308941  -0.00204494
  0.00144181  -0.00308941     0.140808 -0.000499337
    0.235297  -0.00204494 -0.000499337     0.385919
IMAGINARY
          0 -0.00255501  -0.0256716 -0.00927857
 0.00255501           0 -0.00409722  0.00855664
  0.0256716  0.00409722           0  0.00744499
 0.00927857 -0.00855664 -0.00744499           0
Repeater1[0]<--->HoM1[0]
REAL
   0.379085  0.00542907  0.00805495    0.227224
 0.00542907    0.124183  0.00855371 -0.00742284
 0.00805495  0.00855371    0.138562 -0.00858962
   0.227224 -0.00742284 -0.00858962     0.35817
IMAGINARY
          0  -0.0242465   0.0265454  -0.0207762
  0.0242465           0 -0.00595136  -0.0124789
 -0.0265454  0.00595136           0  0.00250737
  0.0207762   0.0124789 -0.00250737           0
EndNode1[0]<--->Repeater1[0]
REAL
   0.365014 -0.00916535  0.00355815    0.229855
-0.00916535     0.11708  0.00374058 -0.00749516
 0.00355815  0.00374058    0.125344   -0.011832
   0.229855 -0.00749516   -0.011832    0.392562
IMAGINARY
           0  -0.00257136   0.00691648  0.000808752
  0.00257136            0   0.00892361   -0.0190184
 -0.00691648  -0.00892361            0    0.0159472
-0.000808752    0.0190184   -0.0159472            0
EndNode2[0]<--->HoM1[0]
REAL
   0.342752  0.00482832 -0.00682971    0.228762
 0.00482832    0.143735  -0.0189627  0.00808599
-0.00682971  -0.0189627    0.126536   0.0152722
   0.228762  0.00808599   0.0152722    0.386978
IMAGINARY
          0    0.013346  -0.0221451   0.0105459
