EndNode1[0]<--->Repeater1[0]
REAL
  0.424505  0.0145181 0.00504377   0.395114
 0.0145181  0.0383663 0.00488621 0.00761446
0.00504377 0.00488621  0.0519802 -0.0107206
  0.395114 0.00761446 -0.0107206   0.485149
IMAGINARY
         0 -0.0292893  0.0167592  0.0126858
 0.0292893          0 -0.0120055  0.0173773
-0.0167592  0.0120055          0   0.011217
-0.0126858 -0.0173773  -0.011217          0
EndNode2[0]<--->HoM1[0]
REAL
  0.467581  0.0105076  0.0187314     0.3987
 0.0105076  0.0386534  0.0147366 -0.0148554
 0.0187314  0.0147366  0.0598504 -0.0182595
    0.3987 -0.0148554 -0.0182595   0.433915
IMAGINARY
           0   0.00701861   0.00715681     0.002636
 -0.00701861            0    0.0235485   -0.0156314
 -0.00715681   -0.0235485            0  0.000152189
   -0.002636    0.0156314 -0.000152189            0
Repeater1[0]<--->EndNode1[0]
REAL
  0.424505 0.00504377  0.0145181   0.395114
0.00504377  0.0519802 0.00488621 -0.0107206
 0.0145181 0.00488621  0.0383663 0.00761446
  0.395114 -0.0107206 0.00761446   0.485149
IMAGINARY
         0  0.0167592 -0.0292893  0.0126858
-0.0167592          0  0.0120055   0.011217
 0.0292893 -0.0120055          0  0.0173773
-0.0126858  -0.011217 -0.0173773          0
Repeater1[0]<--->HoM1[0]
REAL
  0.467581  0.0187314  0.0105076     0.3987
 0.0187314  0.0598504  0.0147366 -0.0182595
 0.0105076  0.0147366  0.0386534 -0.0148554
    0.3987 -0.0182595 -0.0148554   0.433915
IMAGINARY
           0   0.00715681   0.00701861     0.002636
 -0.00715681            0   -0.0235485  0.000152189
 -0.00701861    0.0235485            0   -0.0156314
   -0.002636 -0.000152189    0.0156314            0
EndNode1[0]<--->Repeater1[0]
REAL
   0.459756 -0.00953397  0.00136344    0.384555
-0.00953397   0.0390244   0.0229973  -0.0221968
 0.00136344   0.0229973   0.0682927  -0.0126015
   0.384555  -0.0221968  -0.0126015    0.432927
IMAGINARY
          0   0.0172448  -0.0331219   -0.030486
 -0.0172448           0 -0.00452061  -0.0132316
  0.0331219  0.00452061           0   0.0216921
   0.030486   0.0132316  -0.0216921           0
EndNode2[0]<--->HoM1[0]
REAL
   0.469755 -0.00421978 -0.00549848    0.387383
-0.00421978    0.045045  0.00708332   -0.011876
-0.00549848  0.00708332   0.0527671  -0.0157287
   0.387383   -0.011876  -0.0157287    0.432432
IMAGINARY
          0 -0.00952929  -0.0143022  -0.0100156
 0.00952929           0   0.0137939   0.0180428
  0.0143022  -0.0137939           0  0.00828241
  0.0100156  -0.0180428 -0.00828241           0
Repeater1[0]<--->EndNode1[0]
REAL
   0.459756  0.00136344 -0.00953397    0.384555
 0.00136344   0.0682927   0.0229973  -0.0126015
-0.00953397   0.0229973   0.0390244  -0.0221968
   0.384555  -0.0126015  -0.0221968    0.432927
IMAGINARY
          0  -0.0331219   0.0172448   -0.030486
  0.0331219           0  0.00452061   0.0216921
 -0.0172448 -0.00452061           0  -0.0132316
   0.030486  -0.0216921   0.0132316           0
Repeater1[0]<--->HoM1[0]
REAL
   0.469755 -0.00549848 -0.00421978    0.387383
-0.00549848   0.0527671  0.00708332  -0.0157287
-0.00421978  0.00708332    0.045045   -0.011876
   0.387383  -0.0157287   -0.011876    0.432432
IMAGINARY
          0  -0.0143022 -0.00952929  -0.0100156
  0.0143022           0  -0.0137939  0.00828241
 0.00952929   0.0137939           0   0.0180428
  0.0100156 -0.00828241  -0.0180428           0
EndNode1[0]<--->Repeater1[0]
REAL
    0.44186 -0.00445293 -0.00321398    0.381016
-0.00445293   0.0451436   0.0172028   0.0095753
-0.00321398   0.0172028   0.0560876 0.000636132
   0.381016   0.0095753 0.000636132    0.456908
IMAGINARY
          0  0.00343776  0.00531188 -0.00316511
-0.00343776           0  -0.0252037 -0.00336636
-0.00531188   0.0252037           0  -0.0118684
 0.00316511  0.00336636   0.0118684           0
EndNode2[0]<--->HoM1[0]
REAL
  0.460177 0.00957399  0.0334678   0.395059
0.00957399  0.0518331   0.014482 0.00804402
 0.0334678   0.014482  0.0530973  0.0232637
  0.395059 0.00804402  0.0232637   0.434893
IMAGINARY
          0   0.0140703  0.00726044  0.00647383
 -0.0140703           0   0.0116958  -0.0203838
-0.00726044  -0.0116958           0 -0.00488395
-0.00647383   0.0203838  0.00488395           0
Repeater1[0]<--->EndNode1[0]
REAL
    0.44186 -0.00321398 -0.00445293    0.381016
-0.00321398   0.0560876   0.0172028 0.000636132
-0.00445293   0.0172028   0.0451436   0.0095753
   0.381016 0.000636132   0.0095753    0.456908
IMAGINARY
          0  0.00531188  0.00343776 -0.00316511
-0.00531188           0   0.0252037  -0.0118684
-0.00343776  -0.0252037           0 -0.00336636
 0.00316511   0.0118684  0.00336636           0
Repeater1[0]<--->HoM1[0]
REAL
  0.460177  0.0334678 0.00957399   0.395059
 0.0334678  0.0530973   0.014482  0.0232637
0.00957399   0.014482  0.0518331 0.00804402
  0.395059  0.0232637 0.00804402   0.434893
IMAGINARY
          0  0.00726044   0.0140703  0.00647383
-0.00726044           0  -0.0116958 -0.00488395
 -0.0140703   0.0116958           0  -0.0203838
-0.00647383  0.00488395   0.0203838           0
EndNode1[0]<--->Repeater1[0]
REAL
  0.443467  0.0154677 0.00322378     0.3955
 0.0154677   0.048995  0.0144875  0.0121893
0.00322378  0.0144875  0.0477387 -0.0185503
    0.3955  0.0121893 -0.0185503   0.459799
IMAGINARY
          0   0.0123262  -0.0162716 -0.00689943
 -0.0123262           0  0.00373887 -0.00018409
  0.0162716 -0.00373887           0  0.00412949
 0.00689943  0.00018409 -0.00412949           0
EndNode2[0]<--->HoM1[0]
REAL
   0.432115  -0.0277285  -0.0183398    0.396216
 -0.0277285   0.0509138   0.0125244 -0.00608176
 -0.0183398   0.0125244   0.0535248  -0.0211147
   0.396216 -0.00608176  -0.0211147    0.463446
IMAGINARY
          0   0.0143604  0.00118054   0.0172302
 -0.0143604           0 -0.00860955  -0.0270971
-0.00118054  0.00860955           0  0.00397081
 -0.0172302   0.0270971 -0.00397081           0
Repeater1[0]<--->EndNode1[0]
REAL
  0.443467 0.00322378  0.0154677     0.3955
0.00322378  0.0477387  0.0144875 -0.0185503
 0.0154677  0.0144875   0.048995  0.0121893
    0.3955 -0.0185503  0.0121893   0.459799
IMAGINARY
          0  -0.0162716   0.0123262 -0.00689943
  0.0162716           0 -0.00373887  0.00412949
 -0.0123262  0.00373887           0 -0.00018409
 0.00689943 -0.00412949  0.00018409           0
Repeater1[0]<--->HoM1[0]
REAL
   0.432115  -0.0183398  -0.0277285    0.396216
 -0.0183398   0.0535248   0.0125244  -0.0211147
 -0.0277285   0.0125244   0.0509138 -0.00608176
   0.396216  -0.0211147 -0.00608176    0.463446
IMAGINARY
          0  0.00118054   0.0143604   0.0172302
-0.00118054           0  0.00860955  0.00397081
 -0.0143604 -0.00860955           0  -0.0270971
 -0.0172302 -0.00397081   0.0270971           0
EndNode1[0]<--->Repeater1[0]
REAL
   0.453165 -0.00524892   0.0115411    0.394594
-0.00524892   0.0544304   0.0136743  -0.0128331
  0.0115411   0.0136743   0.0632911   0.0104169
   0.394594  -0.0128331   0.0104169    0.429114
IMAGINARY
           0    0.0292389   -0.0230182   -0.0264213
  -0.0292389            0  0.000828337   -0.0101347
   0.0230182 -0.000828337            0   0.00120763
   0.0264213    0.0101347  -0.00120763            0
EndNode2[0]<--->HoM1[0]
REAL
   0.442935 -0.00110332 -0.00675689    0.376115
-0.00110332   0.0597826   0.0189717 0.000780796
-0.00675689   0.0189717   0.0597826   -0.019481
   0.376115 0.000780796   -0.019481      0.4375
IMAGINARY
          0 -0.00611257  -0.0167246   0.0263757
 0.00611257           0   -0.023882  0.00893243
  0.0167246    0.023882           0  0.00351516
 -0.0263757 -0.00893243 -0.00351516           0
Repeater1[0]<--->EndNode1[0]
REAL
   0.453165   0.0115411 -0.00524892    0.394594
  0.0115411   0.0632911   0.0136743   0.0104169
-0.00524892   0.0136743   0.0544304  -0.0128331
   0.394594   0.0104169  -0.0128331    0.429114
IMAGINARY
           0   -0.0230182    0.0292389   -0.0264213
   0.0230182            0 -0.000828337   0.00120763
  -0.0292389  0.000828337            0   -0.0101347
   0.0264213  -0.00120763    0.0101347            0
Repeater1[0]<--->HoM1[0]
REAL
   0.442935 -0.00675689 -0.00110332    0.376115
-0.00675689   0.0597826   0.0189717   -0.019481
-0.00110332   0.0189717   0.0597826 0.000780796
   0.376115   -0.019481 0.000780796      0.4375
IMAGINARY
          0  -0.0167246 -0.00611257   0.0263757
  0.0167246           0    0.023882  0.00351516
 0.00611257   -0.023882           0  0.00893243
 -0.0263757 -0.00351516 -0.00893243           0
EndNode1[0]<--->Repeater1[0]
REAL
   0.443196 -0.00598003   -0.018453    0.375697
-0.00598003   0.0786517   0.0228722   0.0230043
  -0.018453   0.0228722   0.0561798   0.0131322
   0.375697   0.0230043   0.0131322    0.421973
IMAGINARY
          0 -0.00357941  0.00361904   0.0219768
 0.00357941           0  -0.0101461  -0.0108464
-0.00361904   0.0101461           0  -0.0075901
 -0.0219768   0.0108464   0.0075901           0
EndNode2[0]<--->HoM1[0]
REAL
  0.455497 0.00651755 -0.0154173   0.384753
0.00651755  0.0536649  0.0056033 0.00286773
-0.0154173  0.0056033  0.0575916 -0.0151041
  0.384753 0.00286773 -0.0151041   0.433246
IMAGINARY
          0  0.00373032  -0.0237846   0.0263885
-0.00373032           0 -0.00824086 -0.00875192
  0.0237846  0.00824086           0   0.0248221
 -0.0263885  0.00875192  -0.0248221           0
Repeater1[0]<--->EndNode1[0]
REAL
   0.443196   -0.018453 -0.00598003    0.375697
  -0.018453   0.0561798   0.0228722   0.0131322
-0.00598003   0.0228722   0.0786517   0.0230043
   0.375697   0.0131322   0.0230043    0.421973
IMAGINARY
          0  0.00361904 -0.00357941   0.0219768
-0.00361904           0   0.0101461  -0.0075901
 0.00357941  -0.0101461           0  -0.0108464
 -0.0219768   0.0075901   0.0108464           0
Repeater1[0]<--->HoM1[0]
REAL
  0.455497 -0.0154173 0.00651755   0.384753
-0.0154173  0.0575916  0.0056033 -0.0151041
0.00651755  0.0056033  0.0536649 0.00286773
  0.384753 -0.0151041 0.00286773   0.433246
IMAGINARY
          0  -0.0237846  0.00373032   0.0263885
  0.0237846           0  0.00824086   0.0248221
-0.00373032 -0.00824086           0 -0.00875192
 -0.0263885  -0.0248221  0.00875192           0
EndNode1[0]<--->Repeater1[0]
REAL
   0.439547  0.00416846 -0.00226519     0.38322
 0.00416846   0.0465995   0.0243094   0.0055677
-0.00226519   0.0243094   0.0554156 -0.00879198
    0.38322   0.0055677 -0.00879198    0.458438
IMAGINARY
          0  -0.0131428  0.00433475 -0.00289575
  0.0131428           0  0.00289575  0.00185336
-0.00433475 -0.00289575           0  0.00695466
 0.00289575 -0.00185336 -0.00695466           0
EndNode2[0]<--->HoM1[0]
REAL
  0.457847  0.0147025 0.00406224   0.400967
 0.0147025  0.0453956  0.0376756  0.0142145
0.00406224  0.0376756  0.0570687  0.0153236
  0.400967  0.0142145  0.0153236   0.439689
IMAGINARY
          0  -0.0131325  -0.0138312 -0.00344169
  0.0131325           0 -0.00594169  -0.0165486
  0.0138312  0.00594169           0   0.0181958
 0.00344169   0.0165486  -0.0181958           0
Repeater1[0]<--->EndNode1[0]
REAL
   0.439547 -0.00226519  0.00416846     0.38322
-0.00226519   0.0554156   0.0243094 -0.00879198
 0.00416846   0.0243094   0.0465995   0.0055677
    0.38322 -0.00879198   0.0055677    0.458438
IMAGINARY
          0  0.00433475  -0.0131428 -0.00289575
-0.00433475           0 -0.00289575  0.00695466
  0.0131428  0.00289575           0  0.00185336
 0.00289575 -0.00695466 -0.00185336           0
Repeater1[0]<--->HoM1[0]
REAL
  0.457847 0.00406224  0.0147025   0.400967
0.00406224  0.0570687  0.0376756  0.0153236
 0.0147025  0.0376756  0.0453956  0.0142145
  0.400967  0.0153236  0.0142145   0.439689
IMAGINARY
          0  -0.0138312  -0.0131325 -0.00344169
  0.0138312           0  0.00594169   0.0181958
  0.0131325 -0.00594169           0  -0.0165486
 0.00344169  -0.0181958   0.0165486           0
EndNode1[0]<--->Repeater1[0]
REAL
   0.454188  -0.0086486 -0.00722664    0.387617
 -0.0086486   0.0562827   0.0167309  -0.0130632
-0.00722664   0.0167309   0.0615183  -0.0203369
   0.387617  -0.0130632  -0.0203369     0.42801
IMAGINARY
          0 -0.00198939  -0.0122433 -0.00853693
 0.00198939           0  0.00422127 -0.00547823
  0.0122433 -0.00422127           0  0.00452103
 0.00853693  0.00547823 -0.00452103           0
EndNode2[0]<--->HoM1[0]
REAL
  0.441327 -0.0202715 -0.0150359   0.381067
-0.0202715  0.0522959  0.0162022 -0.0025194
-0.0150359  0.0162022  0.0446429 -0.0141888
  0.381067 -0.0025194 -0.0141888   0.461735
IMAGINARY
          0 -0.00289748  0.00928396  0.00924327
 0.00289748           0 -0.00172447   0.0196736
-0.00928396  0.00172447           0  -0.0350691
-0.00924327  -0.0196736   0.0350691           0
Repeater1[0]<--->EndNode1[0]
REAL
   0.454188 -0.00722664  -0.0086486    0.387617
-0.00722664   0.0615183   0.0167309  -0.0203369
 -0.0086486   0.0167309   0.0562827  -0.0130632
   0.387617  -0.0203369  -0.0130632     0.42801
IMAGINARY
          0  -0.0122433 -0.00198939 -0.00853693
  0.0122433           0 -0.00422127  0.00452103
 0.00198939  0.00422127           0 -0.00547823
 0.00853693 -0.00452103  0.00547823           0
Repeater1[0]<--->HoM1[0]
REAL
  0.441327 -0.0150359 -0.0202715   0.381067
-0.0150359  0.0446429  0.0162022 -0.0141888
-0.0202715  0.0162022  0.0522959 -0.0025194
  0.381067 -0.0141888 -0.0025194   0.461735
IMAGINARY
          0  0.00928396 -0.00289748  0.00924327
-0.00928396           0  0.00172447  -0.0350691
 0.00289748 -0.00172447           0   0.0196736
-0.00924327   0.0350691  -0.0196736           0
EndNode1[0]<--->Repeater1[0]
REAL
   0.471483    0.010932 4.20854e-05    0.381412
   0.010932   0.0456274   0.0165472   0.0165395
4.20854e-05   0.0165472   0.0583016   0.0286088
   0.381412   0.0165395   0.0286088    0.424588
IMAGINARY
           0   0.00897683  -0.00570295    0.0175579
 -0.00897683            0 -0.000576791   -0.0155326
  0.00570295  0.000576791            0    0.0238417
  -0.0175579    0.0155326   -0.0238417            0
EndNode2[0]<--->HoM1[0]
REAL
       0.44  0.00681462  -0.0346322    0.379795
 0.00681462   0.0658065   0.0217391 -0.00884605
 -0.0346322   0.0217391   0.0529032   -0.015766
   0.379795 -0.00884605   -0.015766     0.44129
IMAGINARY
          0   0.0080556  -0.0163171  -0.0189323
 -0.0080556           0 -0.00974598  0.00225057
  0.0163171  0.00974598           0 -0.00294051
  0.0189323 -0.00225057  0.00294051           0
Repeater1[0]<--->EndNode1[0]
REAL
   0.471483 4.20854e-05    0.010932    0.381412
4.20854e-05   0.0583016   0.0165472   0.0286088
   0.010932   0.0165472   0.0456274   0.0165395
   0.381412   0.0286088   0.0165395    0.424588
IMAGINARY
           0  -0.00570295   0.00897683    0.0175579
  0.00570295            0  0.000576791    0.0238417
 -0.00897683 -0.000576791            0   -0.0155326
  -0.0175579   -0.0238417    0.0155326            0
Repeater1[0]<--->HoM1[0]
REAL
       0.44  -0.0346322  0.00681462    0.379795
 -0.0346322   0.0529032   0.0217391   -0.015766
 0.00681462   0.0217391   0.0658065 -0.00884605
   0.379795   -0.015766 -0.00884605     0.44129
IMAGINARY
          0  -0.0163171   0.0080556  -0.0189323
  0.0163171           0  0.00974598 -0.00294051
 -0.0080556 -0.00974598           0  0.00225057
  0.0189323  0.00294051 -0.00225057           0
EndNode1[0]<--->Repeater1[0]
REAL
   0.427623  -0.0110703  0.00103971    0.382162
 -0.0110703   0.0557769   0.0154953  -0.0090545
 0.00103971   0.0154953   0.0438247 -0.00557581
   0.382162  -0.0090545 -0.00557581    0.472776
IMAGINARY
          0  -0.0100542 -0.00991763  0.00443574
  0.0100542           0 -0.00376098   0.0197215
 0.00991763  0.00376098           0  0.00809345
-0.00443574  -0.0197215 -0.00809345           0
EndNode2[0]<--->HoM1[0]
REAL
   0.411914  -0.0164819  0.00381322    0.401158
 -0.0164819   0.0532319   0.0074577   -0.016868
 0.00381322   0.0074577   0.0621039 -0.00179483
   0.401158   -0.016868 -0.00179483     0.47275
IMAGINARY
          0   0.0197579  -0.0131336  -0.0153766
 -0.0197579           0 -0.00362729  -0.0170501
  0.0131336  0.00362729           0  0.00123943
  0.0153766   0.0170501 -0.00123943           0
Repeater1[0]<--->EndNode1[0]
REAL
   0.427623  0.00103971  -0.0110703    0.382162
 0.00103971   0.0438247   0.0154953 -0.00557581
 -0.0110703   0.0154953   0.0557769  -0.0090545
   0.382162 -0.00557581  -0.0090545    0.472776
IMAGINARY
          0 -0.00991763  -0.0100542  0.00443574
 0.00991763           0  0.00376098  0.00809345
  0.0100542 -0.00376098           0   0.0197215
-0.00443574 -0.00809345  -0.0197215           0
Repeater1[0]<--->HoM1[0]
REAL
   0.411914  0.00381322  -0.0164819    0.401158
 0.00381322   0.0621039   0.0074577 -0.00179483
 -0.0164819   0.0074577   0.0532319   -0.016868
   0.401158 -0.00179483   -0.016868     0.47275
IMAGINARY
          0  -0.0131336   0.0197579  -0.0153766
  0.0131336           0  0.00362729  0.00123943
 -0.0197579 -0.00362729           0  -0.0170501
  0.0153766 -0.00123943   0.0170501           0
EndNode1[0]<--->Repeater1[0]
REAL
   0.450331 0.000993909  0.00691413     0.38755
0.000993909   0.0543046   0.0224096  -0.0335171
 0.00691413   0.0224096   0.0423841  -0.0166829
    0.38755  -0.0335171  -0.0166829     0.45298
IMAGINARY
          0  -0.0174981   0.0168394  0.00125607
  0.0174981           0  0.00248457   0.0111504
 -0.0168394 -0.00248457           0  -0.0104917
-0.00125607  -0.0111504   0.0104917           0
EndNode2[0]<--->HoM1[0]
REAL
  0.475159  0.0141649  0.0130459   0.385121
 0.0141649  0.0535032  0.0120639 0.00470191
 0.0130459  0.0120639  0.0522293 0.00358292
  0.385121 0.00470191 0.00358292   0.419108
IMAGINARY
          0   0.0193088 -0.00518639 -0.00875271
 -0.0193088           0   0.0252653 -0.00129029
 0.00518639  -0.0252653           0  -0.0335575
 0.00875271  0.00129029   0.0335575           0
Repeater1[0]<--->EndNode1[0]
REAL
   0.450331  0.00691413 0.000993909     0.38755
 0.00691413   0.0423841   0.0224096  -0.0166829
0.000993909   0.0224096   0.0543046  -0.0335171
    0.38755  -0.0166829  -0.0335171     0.45298
IMAGINARY
          0   0.0168394  -0.0174981  0.00125607
 -0.0168394           0 -0.00248457  -0.0104917
  0.0174981  0.00248457           0   0.0111504
-0.00125607   0.0104917  -0.0111504           0
Repeater1[0]<--->HoM1[0]
REAL
  0.475159  0.0130459  0.0141649   0.385121
 0.0130459  0.0522293  0.0120639 0.00358292
 0.0141649  0.0120639  0.0535032 0.00470191
  0.385121 0.00358292 0.00470191   0.419108
IMAGINARY
          0 -0.00518639   0.0193088 -0.00875271
 0.00518639           0  -0.0252653  -0.0335575
 -0.0193088   0.0252653           0 -0.00129029
 0.00875271   0.0335575  0.00129029           0
EndNode1[0]<--->Repeater1[0]
REAL
   0.454545  -0.0102868 -0.00931753    0.379699
 -0.0102868   0.0601604   0.0273056  -0.0112139
-0.00931753   0.0273056    0.040107 -0.00903684
   0.379699  -0.0112139 -0.00903684    0.445187
IMAGINARY
          0 -0.00375633  0.00527282  0.00642637
 0.00375633           0  -0.0132587   0.0239825
-0.00527282   0.0132587           0   0.0077457
-0.00642637  -0.0239825  -0.0077457           0
EndNode2[0]<--->HoM1[0]
REAL
    0.428385   0.00477531 -1.75304e-05     0.386816
  0.00477531    0.0377604   0.00724094    0.0142294
-1.75304e-05   0.00724094    0.0729167 -0.000899342
    0.386816    0.0142294 -0.000899342     0.460938
IMAGINARY
          0  0.00473163  -0.0159422  0.00234973
-0.00473163           0   0.0263552   0.0259776
  0.0159422  -0.0263552           0 -0.00296068
-0.00234973  -0.0259776  0.00296068           0
Repeater1[0]<--->EndNode1[0]
REAL
   0.454545 -0.00931753  -0.0102868    0.379699
-0.00931753    0.040107   0.0273056 -0.00903684
 -0.0102868   0.0273056   0.0601604  -0.0112139
   0.379699 -0.00903684  -0.0112139    0.445187
IMAGINARY
          0  0.00527282 -0.00375633  0.00642637
-0.00527282           0   0.0132587   0.0077457
 0.00375633  -0.0132587           0   0.0239825
-0.00642637  -0.0077457  -0.0239825           0
Repeater1[0]<--->HoM1[0]
REAL
    0.428385 -1.75304e-05   0.00477531     0.386816
-1.75304e-05    0.0729167   0.00724094 -0.000899342
  0.00477531   0.00724094    0.0377604    0.0142294
    0.386816 -0.000899342    0.0142294     0.460938
IMAGINARY
          0  -0.0159422  0.00473163  0.00234973
  0.0159422           0  -0.0263552 -0.00296068
-0.00473163   0.0263552           0   0.0259776
-0.00234973  0.00296068  -0.0259776           0
EndNode1[0]<--->Repeater1[0]
REAL
    0.46814  0.00148211  0.00388601    0.366085
 0.00148211    0.053316   0.0358221 -0.00388601
 0.00388601   0.0358221   0.0507152  -0.0096565
   0.366085 -0.00388601  -0.0096565    0.427828
IMAGINARY
           0  0.000619098   -0.0179311     0.004714
-0.000619098            0   -0.0181286    0.0139838
   0.0179311    0.0181286            0    0.0125388
   -0.004714   -0.0139838   -0.0125388            0
EndNode2[0]<--->HoM1[0]
REAL
    0.45568 -0.00900483   -0.015085    0.380036
-0.00900483   0.0536829   0.0355648 -0.00793288
  -0.015085   0.0355648   0.0486891  -0.0037829
   0.380036 -0.00793288  -0.0037829    0.441948
IMAGINARY
           0   0.00108533   0.00253924    0.0136407
 -0.00108533            0   -0.0187427  0.000498425
 -0.00253924    0.0187427            0    -0.004123
  -0.0136407 -0.000498425     0.004123            0
Repeater1[0]<--->EndNode1[0]
REAL
    0.46814  0.00388601  0.00148211    0.366085
 0.00388601   0.0507152   0.0358221  -0.0096565
 0.00148211   0.0358221    0.053316 -0.00388601
   0.366085  -0.0096565 -0.00388601    0.427828
IMAGINARY
           0   -0.0179311  0.000619098     0.004714
   0.0179311            0    0.0181286    0.0125388
-0.000619098   -0.0181286            0    0.0139838
   -0.004714   -0.0125388   -0.0139838            0
Repeater1[0]<--->HoM1[0]
REAL
    0.45568   -0.015085 -0.00900483    0.380036
  -0.015085   0.0486891   0.0355648  -0.0037829
-0.00900483   0.0355648   0.0536829 -0.00793288
   0.380036  -0.0037829 -0.00793288    0.441948
IMAGINARY
           0   0.00253924   0.00108533    0.0136407
 -0.00253924            0    0.0187427    -0.004123
 -0.00108533   -0.0187427            0  0.000498425
  -0.0136407     0.004123 -0.000498425            0
EndNode1[0]<--->Repeater1[0]
REAL
  0.462865 -0.0108717 -0.0099755   0.385226
-0.0108717  0.0450928  0.0214759 -0.0130206
-0.0099755  0.0214759   0.035809 -0.0160665
  0.385226 -0.0130206 -0.0160665   0.456233
IMAGINARY
          0 -0.00168039 -0.00461741    0.034378
 0.00168039           0  -0.0144841  0.00461741
 0.00461741   0.0144841           0 -0.00706961
  -0.034378 -0.00461741  0.00706961           0
EndNode2[0]<--->HoM1[0]
REAL
   0.413564  -0.0103927 -0.00349502    0.395576
 -0.0103927   0.0664894  0.00827023  0.00605912
-0.00349502  0.00827023   0.0518617  0.00141833
   0.395576  0.00605912  0.00141833    0.468085
IMAGINARY
           0   -0.0103693   -0.0102575    0.0129752
   0.0103693            0   0.00105546 -0.000105205
   0.0102575  -0.00105546            0   -0.0116514
  -0.0129752  0.000105205    0.0116514            0
Repeater1[0]<--->EndNode1[0]
REAL
  0.462865 -0.0099755 -0.0108717   0.385226
-0.0099755   0.035809  0.0214759 -0.0160665
-0.0108717  0.0214759  0.0450928 -0.0130206
  0.385226 -0.0160665 -0.0130206   0.456233
IMAGINARY
          0 -0.00461741 -0.00168039    0.034378
 0.00461741           0   0.0144841 -0.00706961
 0.00168039  -0.0144841           0  0.00461741
  -0.034378  0.00706961 -0.00461741           0
Repeater1[0]<--->HoM1[0]
REAL
   0.413564 -0.00349502  -0.0103927    0.395576
-0.00349502   0.0518617  0.00827023  0.00141833
 -0.0103927  0.00827023   0.0664894  0.00605912
   0.395576  0.00141833  0.00605912    0.468085
IMAGINARY
           0   -0.0102575   -0.0103693    0.0129752
   0.0102575            0  -0.00105546   -0.0116514
   0.0103693   0.00105546            0 -0.000105205
  -0.0129752    0.0116514  0.000105205            0
EndNode1[0]<--->Repeater1[0]
REAL
  0.453964 -0.0131924 -0.0116588   0.402963
-0.0131924   0.056266  0.0157558 -0.0142033
-0.0116588  0.0157558  0.0575448 -0.0200588
  0.402963 -0.0142033 -0.0200588   0.432225
IMAGINARY
          0   0.0179679  -0.0033784  0.00136553
 -0.0179679           0  0.00201742   0.0136948
  0.0033784 -0.00201742           0  -0.0172801
-0.00136553  -0.0136948   0.0172801           0
EndNode2[0]<--->HoM1[0]
REAL
   0.429521   0.0106595  0.00126582    0.398687
  0.0106595   0.0518617   0.0196547 -0.00126582
 0.00126582   0.0196547   0.0638298 -0.00437809
   0.398687 -0.00126582 -0.00437809    0.454787
IMAGINARY
          0  -0.0293529  0.00633135 -0.00339277
  0.0293529           0 -0.00403297   0.0326471
-0.00633135  0.00403297           0  0.00112704
 0.00339277  -0.0326471 -0.00112704           0
Repeater1[0]<--->EndNode1[0]
REAL
  0.453964 -0.0116588 -0.0131924   0.402963
-0.0116588  0.0575448  0.0157558 -0.0200588
-0.0131924  0.0157558   0.056266 -0.0142033
  0.402963 -0.0200588 -0.0142033   0.432225
IMAGINARY
          0  -0.0033784   0.0179679  0.00136553
  0.0033784           0 -0.00201742  -0.0172801
 -0.0179679  0.00201742           0   0.0136948
-0.00136553   0.0172801  -0.0136948           0
Repeater1[0]<--->HoM1[0]
REAL
   0.429521  0.00126582   0.0106595    0.398687
 0.00126582   0.0638298   0.0196547 -0.00437809
  0.0106595   0.0196547   0.0518617 -0.00126582
   0.398687 -0.00437809 -0.00126582    0.454787
IMAGINARY
          0  0.00633135  -0.0293529 -0.00339277
-0.00633135           0  0.00403297  0.00112704
  0.0293529 -0.00403297           0   0.0326471
 0.00339277 -0.00112704  -0.0326471           0
EndNode1[0]<--->Repeater1[0]
REAL
  0.459158  0.0262726  0.0165671   0.392572
 0.0262726  0.0433168  0.0196164 0.00505811
 0.0165671  0.0196164  0.0569307 -0.0190642
  0.392572 0.00505811 -0.0190642   0.440594
IMAGINARY
           0     0.017454  -0.00257097   0.00645585
   -0.017454            0  0.000809674   -0.0282466
  0.00257097 -0.000809674            0   -0.0105358
 -0.00645585    0.0282466    0.0105358            0
EndNode2[0]<--->HoM1[0]
REAL
   0.445293 -0.00872339  0.00109303    0.389794
-0.00872339   0.0483461 -0.00151048  0.00299417
 0.00109303 -0.00151048   0.0597964   0.0155354
   0.389794  0.00299417   0.0155354    0.446565
IMAGINARY
          0   0.0351203  -0.0408432  0.00335258
 -0.0351203           0  -0.0131309  0.00461133
  0.0408432   0.0131309           0  0.00594254
-0.00335258 -0.00461133 -0.00594254           0
Repeater1[0]<--->EndNode1[0]
REAL
  0.459158  0.0165671  0.0262726   0.392572
 0.0165671  0.0569307  0.0196164 -0.0190642
 0.0262726  0.0196164  0.0433168 0.00505811
  0.392572 -0.0190642 0.00505811   0.440594
IMAGINARY
           0  -0.00257097     0.017454   0.00645585
  0.00257097            0 -0.000809674   -0.0105358
   -0.017454  0.000809674            0   -0.0282466
 -0.00645585    0.0105358    0.0282466            0
Repeater1[0]<--->HoM1[0]
REAL
   0.445293  0.00109303 -0.00872339    0.389794
 0.00109303   0.0597964 -0.00151048   0.0155354
-0.00872339 -0.00151048   0.0483461  0.00299417
   0.389794   0.0155354  0.00299417    0.446565
IMAGINARY
          0  -0.0408432   0.0351203  0.00335258
  0.0408432           0   0.0131309  0.00594254
 -0.0351203  -0.0131309           0  0.00461133
-0.00335258 -0.00594254 -0.00461133           0
EndNode1[0]<--->Repeater1[0]
REAL
    0.48011   0.0134738   0.0140495    0.390234
  0.0134738   0.0603567    0.021677 -0.00908673
  0.0140495    0.021677   0.0644719  -0.0122331
   0.390234 -0.00908673  -0.0122331    0.395062
IMAGINARY
          0   0.0102646   0.0206605  0.00405866
 -0.0102646           0  0.00348592 -0.00390791
 -0.0206605 -0.00348592           0  -0.0244398
-0.00405866  0.00390791   0.0244398           0
EndNode2[0]<--->HoM1[0]
REAL
   0.470828 0.000340514   0.0149679    0.394654
0.000340514   0.0610583   0.0208911   0.0174679
  0.0149679   0.0208911   0.0664858   0.0161834
   0.394654   0.0174679   0.0161834    0.401628
IMAGINARY
          0   0.0041105  0.00126721    0.012825
 -0.0041105           0   0.0134908 -0.00869295
-0.00126721  -0.0134908           0   0.0181667
  -0.012825  0.00869295  -0.0181667           0
Repeater1[0]<--->EndNode1[0]
REAL
    0.48011   0.0140495   0.0134738    0.390234
  0.0140495   0.0644719    0.021677  -0.0122331
  0.0134738    0.021677   0.0603567 -0.00908673
   0.390234  -0.0122331 -0.00908673    0.395062
IMAGINARY
          0   0.0206605   0.0102646  0.00405866
 -0.0206605           0 -0.00348592  -0.0244398
 -0.0102646  0.00348592           0 -0.00390791
-0.00405866   0.0244398  0.00390791           0
Repeater1[0]<--->HoM1[0]
REAL
   0.470828   0.0149679 0.000340514    0.394654
  0.0149679   0.0664858   0.0208911   0.0161834
0.000340514   0.0208911   0.0610583   0.0174679
   0.394654   0.0161834   0.0174679    0.401628
IMAGINARY
          0  0.00126721   0.0041105    0.012825
-0.00126721           0  -0.0134908   0.0181667
 -0.0041105   0.0134908           0 -0.00869295
  -0.012825  -0.0181667  0.00869295           0
EndNode1[0]<--->Repeater1[0]
REAL
   0.457692  0.00387189 -0.00556798    0.372885
 0.00387189        0.05  0.00706222 -0.00366684
-0.00556798  0.00706222   0.0641026 -0.00914894
   0.372885 -0.00366684 -0.00914894    0.428205
IMAGINARY
          0  0.00572512   0.0157314 -0.00329477
-0.00572512           0 -0.00795523   0.0260407
 -0.0157314  0.00795523           0  -0.0171175
 0.00329477  -0.0260407   0.0171175           0
EndNode2[0]<--->HoM1[0]
REAL
   0.425134  -0.0187006 0.000473352    0.389185
 -0.0187006   0.0508021   0.0100081  -0.0125701
0.000473352   0.0100081   0.0494652   0.0106361
   0.389185  -0.0125701   0.0106361    0.474599
IMAGINARY
           0   0.00542529    0.0118039 -0.000960594
 -0.00542529            0  -0.00229038    -0.023372
  -0.0118039   0.00229038            0  -0.00671063
 0.000960594     0.023372   0.00671063            0
Repeater1[0]<--->EndNode1[0]
REAL
   0.457692 -0.00556798  0.00387189    0.372885
-0.00556798   0.0641026  0.00706222 -0.00914894
 0.00387189  0.00706222        0.05 -0.00366684
   0.372885 -0.00914894 -0.00366684    0.428205
IMAGINARY
          0   0.0157314  0.00572512 -0.00329477
 -0.0157314           0  0.00795523  -0.0171175
-0.00572512 -0.00795523           0   0.0260407
 0.00329477   0.0171175  -0.0260407           0
Repeater1[0]<--->HoM1[0]
REAL
   0.425134 0.000473352  -0.0187006    0.389185
0.000473352   0.0494652   0.0100081   0.0106361
 -0.0187006   0.0100081   0.0508021  -0.0125701
   0.389185   0.0106361  -0.0125701    0.474599
IMAGINARY
           0    0.0118039   0.00542529 -0.000960594
  -0.0118039            0   0.00229038  -0.00671063
 -0.00542529  -0.00229038            0    -0.023372
 0.000960594   0.00671063     0.023372            0
EndNode1[0]<--->Repeater1[0]
REAL
    0.456633    0.0166683    -0.022091     0.394025
   0.0166683    0.0522959    0.0309755 -0.000409001
   -0.022091    0.0309755    0.0459184   -0.0341683
    0.394025 -0.000409001   -0.0341683     0.445153
IMAGINARY
           0   0.00719679 -0.000906477   -0.0171193
 -0.00719679            0  -0.00551978    0.0125344
 0.000906477   0.00551978            0   -0.0162407
   0.0171193   -0.0125344    0.0162407            0
EndNode2[0]<--->HoM1[0]
REAL
   0.473958   0.0140094 -0.00385053    0.384307
  0.0140094    0.046875 -0.00262764  -0.0126889
-0.00385053 -0.00262764   0.0520833  0.00125775
   0.384307  -0.0126889  0.00125775    0.427083
IMAGINARY
           0  -0.00328689   0.00449109 -0.000105263
  0.00328689            0   -0.0158947  -0.00951622
 -0.00449109    0.0158947            0    0.0133371
 0.000105263   0.00951622   -0.0133371            0
Repeater1[0]<--->EndNode1[0]
REAL
    0.456633    -0.022091    0.0166683     0.394025
   -0.022091    0.0459184    0.0309755   -0.0341683
   0.0166683    0.0309755    0.0522959 -0.000409001
    0.394025   -0.0341683 -0.000409001     0.445153
IMAGINARY
           0 -0.000906477   0.00719679   -0.0171193
 0.000906477            0   0.00551978   -0.0162407
 -0.00719679  -0.00551978            0    0.0125344
   0.0171193    0.0162407   -0.0125344            0
Repeater1[0]<--->HoM1[0]
REAL
   0.473958 -0.00385053   0.0140094    0.384307
-0.00385053   0.0520833 -0.00262764  0.00125775
  0.0140094 -0.00262764    0.046875  -0.0126889
   0.384307  0.00125775  -0.0126889    0.427083
IMAGINARY
           0   0.00449109  -0.00328689 -0.000105263
 -0.00449109            0    0.0158947    0.0133371
  0.00328689   -0.0158947            0  -0.00951622
 0.000105263   -0.0133371   0.00951622            0
EndNode1[0]<--->Repeater1[0]
REAL
  0.433912  0.0111911  0.0120715     0.3894
 0.0111911  0.0534045  0.0223264 0.00966764
 0.0120715  0.0223264   0.046729  0.0171356
    0.3894 0.00966764  0.0171356   0.465955
IMAGINARY
           0   0.00663214  -0.00967387  -0.00607123
 -0.00663214            0 -0.000439188    0.0157714
  0.00967387  0.000439188            0     0.008002
  0.00607123   -0.0157714    -0.008002            0
EndNode2[0]<--->HoM1[0]
REAL
    0.46988  -0.0012983 -0.00453948    0.394855
 -0.0012983   0.0441767    0.014352 -0.00952701
-0.00453948    0.014352   0.0441767 -0.00893188
   0.394855 -0.00952701 -0.00893188    0.441767
IMAGINARY
           0  2.39137e-06   0.00597484    0.0068407
-2.39137e-06            0   -0.0164297   0.00597484
 -0.00597484    0.0164297            0 -0.000631322
  -0.0068407  -0.00597484  0.000631322            0
Repeater1[0]<--->EndNode1[0]
REAL
  0.433912  0.0120715  0.0111911     0.3894
 0.0120715   0.046729  0.0223264  0.0171356
 0.0111911  0.0223264  0.0534045 0.00966764
    0.3894  0.0171356 0.00966764   0.465955
IMAGINARY
           0  -0.00967387   0.00663214  -0.00607123
  0.00967387            0  0.000439188     0.008002
 -0.00663214 -0.000439188            0    0.0157714
  0.00607123    -0.008002   -0.0157714            0
Repeater1[0]<--->HoM1[0]
REAL
    0.46988 -0.00453948  -0.0012983    0.394855
-0.00453948   0.0441767    0.014352 -0.00893188
 -0.0012983    0.014352   0.0441767 -0.00952701
   0.394855 -0.00893188 -0.00952701    0.441767
IMAGINARY
           0   0.00597484  2.39137e-06    0.0068407
 -0.00597484            0    0.0164297 -0.000631322
-2.39137e-06   -0.0164297            0   0.00597484
  -0.0068407  0.000631322  -0.00597484            0
EndNode1[0]<--->Repeater1[0]
REAL
    0.426166   -0.0109718 -0.000858668     0.396357
  -0.0109718    0.0621762    0.0148107   0.00593481
-0.000858668    0.0148107    0.0686528   0.00589566
    0.396357   0.00593481   0.00589566     0.443005
IMAGINARY
           0  0.000308261    0.0149364   0.00862757
-0.000308261            0    0.0293218   0.00376686
  -0.0149364   -0.0293218            0 -0.000308261
 -0.00862757  -0.00376686  0.000308261            0
EndNode2[0]<--->HoM1[0]
REAL
  0.464146 0.00840731   0.010889   0.387843
0.00840731  0.0508475  0.0240394 0.00579993
  0.010889  0.0240394  0.0586701  0.0109518
  0.387843 0.00579993  0.0109518   0.426336
IMAGINARY
          0   0.0129064   -0.011487   0.0199178
 -0.0129064           0 -0.00716274  -0.0320713
   0.011487  0.00716274           0  0.00979303
 -0.0199178   0.0320713 -0.00979303           0
Repeater1[0]<--->EndNode1[0]
REAL
    0.426166 -0.000858668   -0.0109718     0.396357
-0.000858668    0.0686528    0.0148107   0.00589566
  -0.0109718    0.0148107    0.0621762   0.00593481
    0.396357   0.00589566   0.00593481     0.443005
IMAGINARY
           0    0.0149364  0.000308261   0.00862757
  -0.0149364            0   -0.0293218 -0.000308261
-0.000308261    0.0293218            0   0.00376686
 -0.00862757  0.000308261  -0.00376686            0
Repeater1[0]<--->HoM1[0]
REAL
  0.464146   0.010889 0.00840731   0.387843
  0.010889  0.0586701  0.0240394  0.0109518
0.00840731  0.0240394  0.0508475 0.00579993
  0.387843  0.0109518 0.00579993   0.426336
IMAGINARY
          0   -0.011487   0.0129064   0.0199178
   0.011487           0  0.00716274  0.00979303
 -0.0129064 -0.00716274           0  -0.0320713
 -0.0199178 -0.00979303   0.0320713           0
EndNode1[0]<--->Repeater1[0]
REAL
    0.462611    0.0127681 -0.000808287     0.400863
   0.0127681    0.0468948    0.0307497   -0.0166111
-0.000808287    0.0307497    0.0481622   -0.0134133
    0.400863   -0.0166111   -0.0134133     0.442332
IMAGINARY
           0   -0.0183353   0.00171922  0.000958492
   0.0183353            0  -0.00420947    0.0102606
 -0.00171922   0.00420947            0    0.0202268
-0.000958492   -0.0102606   -0.0202268            0
EndNode2[0]<--->HoM1[0]
REAL
   0.450382  0.00299296   0.0117787    0.382616
 0.00299296   0.0547074   0.0094517  0.00837734
  0.0117787   0.0094517   0.0521628 -0.00494355
   0.382616  0.00837734 -0.00494355    0.442748
IMAGINARY
           0    0.0070703   0.00265255    0.0382679
  -0.0070703            0  9.99526e-05   -0.0206766
 -0.00265255 -9.99526e-05            0    0.0176293
  -0.0382679    0.0206766   -0.0176293            0
Repeater1[0]<--->EndNode1[0]
REAL
    0.462611 -0.000808287    0.0127681     0.400863
-0.000808287    0.0481622    0.0307497   -0.0134133
   0.0127681    0.0307497    0.0468948   -0.0166111
    0.400863   -0.0134133   -0.0166111     0.442332
IMAGINARY
           0   0.00171922   -0.0183353  0.000958492
 -0.00171922            0   0.00420947    0.0202268
   0.0183353  -0.00420947            0    0.0102606
-0.000958492   -0.0202268   -0.0102606            0
Repeater1[0]<--->HoM1[0]
REAL
   0.450382   0.0117787  0.00299296    0.382616
  0.0117787   0.0521628   0.0094517 -0.00494355
 0.00299296   0.0094517   0.0547074  0.00837734
   0.382616 -0.00494355  0.00837734    0.442748
IMAGINARY
           0   0.00265255    0.0070703    0.0382679
 -0.00265255            0 -9.99526e-05    0.0176293
  -0.0070703  9.99526e-05            0   -0.0206766
  -0.0382679   -0.0176293    0.0206766            0
EndNode1[0]<--->Repeater1[0]
REAL
   0.481761   0.0201233   0.0262803    0.388946
  0.0201233   0.0515723   0.0173864 -0.00781063
  0.0262803   0.0173864   0.0490566 -0.00297287
   0.388946 -0.00781063 -0.00297287     0.41761
IMAGINARY
          0  -0.0056672 -0.00690152 -0.00139035
  0.0056672           0  0.00478248 -0.00817056
 0.00690152 -0.00478248           0   0.0154968
 0.00139035  0.00817056  -0.0154968           0
EndNode2[0]<--->HoM1[0]
REAL
  0.428021 0.00635758 -0.0088714   0.391555
0.00635758  0.0539846 0.00591334  0.0215296
-0.0088714 0.00591334  0.0462725 0.00503483
  0.391555  0.0215296 0.00503483   0.471722
IMAGINARY
           0    0.0273395   -0.0086218  0.000643786
  -0.0273395            0  -0.00729272   -0.0123439
   0.0086218   0.00729272            0  -0.00383254
-0.000643786    0.0123439   0.00383254            0
Repeater1[0]<--->EndNode1[0]
REAL
   0.481761   0.0262803   0.0201233    0.388946
  0.0262803   0.0490566   0.0173864 -0.00297287
  0.0201233   0.0173864   0.0515723 -0.00781063
   0.388946 -0.00297287 -0.00781063     0.41761
IMAGINARY
          0 -0.00690152  -0.0056672 -0.00139035
 0.00690152           0 -0.00478248   0.0154968
  0.0056672  0.00478248           0 -0.00817056
 0.00139035  -0.0154968  0.00817056           0
Repeater1[0]<--->HoM1[0]
REAL
  0.428021 -0.0088714 0.00635758   0.391555
-0.0088714  0.0462725 0.00591334 0.00503483
0.00635758 0.00591334  0.0539846  0.0215296
  0.391555 0.00503483  0.0215296   0.471722
IMAGINARY
           0   -0.0086218    0.0273395  0.000643786
   0.0086218            0   0.00729272  -0.00383254
  -0.0273395  -0.00729272            0   -0.0123439
-0.000643786   0.00383254    0.0123439            0
EndNode1[0]<--->Repeater1[0]
REAL
   0.429648   0.0047357  -0.0151486     0.38008
  0.0047357   0.0515075   0.0285684 -0.00129473
 -0.0151486   0.0285684   0.0690955 -0.00778077
    0.38008 -0.00129473 -0.00778077    0.449749
IMAGINARY
          0  0.00823432  -0.0221361  -0.0052581
-0.00823432           0  0.00389941 -0.00743024
  0.0221361 -0.00389941           0   0.0147617
  0.0052581  0.00743024  -0.0147617           0
EndNode2[0]<--->HoM1[0]
REAL
   0.445161   0.0204477  -0.0200661    0.380271
  0.0204477   0.0593548   0.0141882    0.029301
 -0.0200661   0.0141882   0.0425806 -0.00593583
   0.380271    0.029301 -0.00593583    0.452903
IMAGINARY
