EndNode1[0]<--->Repeater1[0]
REAL
   0.419434 -0.00389916   0.0105959      0.3335
-0.00389916   0.0811808   0.0278731   0.0196868
  0.0105959   0.0278731   0.0762608   0.0166852
     0.3335   0.0196868   0.0166852    0.423124
IMAGINARY
           0  -0.00603426    0.0126243   0.00189314
  0.00603426            0    0.0154766  -0.00367293
  -0.0126243   -0.0154766            0 -0.000359604
 -0.00189314   0.00367293  0.000359604            0
EndNode2[0]<--->HoM1[0]
REAL
   0.416157 -0.00399113 -0.00990154    0.364788
-0.00399113   0.0709914   0.0254561  -0.0144887
-0.00990154   0.0254561   0.0869033   -0.013082
   0.364788  -0.0144887   -0.013082    0.425949
IMAGINARY
           0    0.0134609   -0.0146452   -0.0187641
  -0.0134609            0   -0.0207096  0.000506349
   0.0146452    0.0207096            0   -0.0160316
   0.0187641 -0.000506349    0.0160316            0
Repeater1[0]<--->EndNode1[0]
REAL
   0.419434   0.0105959 -0.00389916      0.3335
  0.0105959   0.0762608   0.0278731   0.0166852
-0.00389916   0.0278731   0.0811808   0.0196868
     0.3335   0.0166852   0.0196868    0.423124
IMAGINARY
           0    0.0126243  -0.00603426   0.00189314
  -0.0126243            0   -0.0154766 -0.000359604
  0.00603426    0.0154766            0  -0.00367293
 -0.00189314  0.000359604   0.00367293            0
Repeater1[0]<--->HoM1[0]
REAL
   0.416157 -0.00990154 -0.00399113    0.364788
-0.00990154   0.0869033   0.0254561   -0.013082
-0.00399113   0.0254561   0.0709914  -0.0144887
   0.364788   -0.013082  -0.0144887    0.425949
IMAGINARY
           0   -0.0146452    0.0134609   -0.0187641
   0.0146452            0    0.0207096   -0.0160316
  -0.0134609   -0.0207096            0  0.000506349
   0.0187641    0.0160316 -0.000506349            0
EndNode1[0]<--->Repeater1[0]
REAL
  0.426617   0.025415   0.012553   0.346679
  0.025415  0.0883085     0.0341 0.00812824
  0.012553     0.0341  0.0783582 0.00256554
  0.346679 0.00812824 0.00256554   0.406716
IMAGINARY
          0  -0.0167491   0.0136113   -0.011773
  0.0167491           0 -0.00497955  -0.0142402
 -0.0136113  0.00497955           0 -0.00903704
   0.011773   0.0142402  0.00903704           0
EndNode2[0]<--->HoM1[0]
REAL
    0.42545  0.00735153 -0.00115211    0.339486
 0.00735153   0.0796915   0.0426524  0.00661991
-0.00115211   0.0426524   0.0938303  0.00176147
   0.339486  0.00661991  0.00176147    0.401028
IMAGINARY
          0  0.00662276  0.00559271   0.0101171
-0.00662276           0 -0.00321623  0.00364212
-0.00559271  0.00321623           0  0.00261207
 -0.0101171 -0.00364212 -0.00261207           0
Repeater1[0]<--->EndNode1[0]
REAL
  0.426617   0.012553   0.025415   0.346679
  0.012553  0.0783582     0.0341 0.00256554
  0.025415     0.0341  0.0883085 0.00812824
  0.346679 0.00256554 0.00812824   0.406716
IMAGINARY
          0   0.0136113  -0.0167491   -0.011773
 -0.0136113           0  0.00497955 -0.00903704
  0.0167491 -0.00497955           0  -0.0142402
   0.011773  0.00903704   0.0142402           0
Repeater1[0]<--->HoM1[0]
REAL
    0.42545 -0.00115211  0.00735153    0.339486
-0.00115211   0.0938303   0.0426524  0.00176147
 0.00735153   0.0426524   0.0796915  0.00661991
   0.339486  0.00176147  0.00661991    0.401028
IMAGINARY
          0  0.00559271  0.00662276   0.0101171
-0.00559271           0  0.00321623  0.00261207
-0.00662276 -0.00321623           0  0.00364212
 -0.0101171 -0.00261207 -0.00364212           0
EndNode1[0]<--->Repeater1[0]
REAL
      0.448 -0.00904648  -0.0170454     0.33329
-0.00904648   0.0893333   0.0343014   0.0151539
 -0.0170454   0.0343014        0.08  0.00337182
    0.33329   0.0151539  0.00337182    0.382667
IMAGINARY
          0  0.00735641  0.00553179 -0.00786796
-0.00735641           0 -0.00724374  -0.0112208
-0.00553179  0.00724374           0  0.00465371
 0.00786796   0.0112208 -0.00465371           0
EndNode2[0]<--->HoM1[0]
REAL
    0.42439   0.0120035 -0.00761461    0.351654
  0.0120035   0.0878049   0.0316798   0.0024864
-0.00761461   0.0316798   0.0890244 -0.00302916
   0.351654   0.0024864 -0.00302916     0.39878
IMAGINARY
          0  -0.0198299 -0.00249107  0.00272094
  0.0198299           0   0.0228721  0.00446216
 0.00249107  -0.0228721           0  0.00603222
-0.00272094 -0.00446216 -0.00603222           0
Repeater1[0]<--->EndNode1[0]
REAL
      0.448  -0.0170454 -0.00904648     0.33329
 -0.0170454        0.08   0.0343014  0.00337182
-0.00904648   0.0343014   0.0893333   0.0151539
    0.33329  0.00337182   0.0151539    0.382667
IMAGINARY
          0  0.00553179  0.00735641 -0.00786796
-0.00553179           0  0.00724374  0.00465371
-0.00735641 -0.00724374           0  -0.0112208
 0.00786796 -0.00465371   0.0112208           0
Repeater1[0]<--->HoM1[0]
REAL
    0.42439 -0.00761461   0.0120035    0.351654
-0.00761461   0.0890244   0.0316798 -0.00302916
  0.0120035   0.0316798   0.0878049   0.0024864
   0.351654 -0.00302916   0.0024864     0.39878
IMAGINARY
          0 -0.00249107  -0.0198299  0.00272094
 0.00249107           0  -0.0228721  0.00603222
  0.0198299   0.0228721           0  0.00446216
-0.00272094 -0.00603222 -0.00446216           0
EndNode1[0]<--->Repeater1[0]
REAL
   0.399235  -0.0214596  0.00275774     0.35262
 -0.0214596   0.0943878   0.0449782 -0.00844674
 0.00275774   0.0449782   0.0778061  0.00944949
    0.35262 -0.00844674  0.00944949    0.428571
IMAGINARY
          0  -0.0242208  0.00211052  0.00383181
  0.0242208           0   0.0108741   0.0077709
-0.00211052  -0.0108741           0  0.00379916
-0.00383181  -0.0077709 -0.00379916           0
EndNode2[0]<--->HoM1[0]
REAL
    0.42428 -0.00875486   0.0076738    0.354945
-0.00875486   0.0838548   0.0477643  0.00833605
  0.0076738   0.0477643   0.0838548  0.00875486
   0.354945  0.00833605  0.00875486     0.40801
IMAGINARY
          0  0.00231524  0.00498538  0.00581788
-0.00231524           0  -0.0102315  0.00299335
-0.00498538   0.0102315           0 -0.00364503
-0.00581788 -0.00299335  0.00364503           0
Repeater1[0]<--->EndNode1[0]
REAL
   0.399235  0.00275774  -0.0214596     0.35262
 0.00275774   0.0778061   0.0449782  0.00944949
 -0.0214596   0.0449782   0.0943878 -0.00844674
    0.35262  0.00944949 -0.00844674    0.428571
IMAGINARY
          0  0.00211052  -0.0242208  0.00383181
-0.00211052           0  -0.0108741  0.00379916
  0.0242208   0.0108741           0   0.0077709
-0.00383181 -0.00379916  -0.0077709           0
Repeater1[0]<--->HoM1[0]
REAL
    0.42428   0.0076738 -0.00875486    0.354945
  0.0076738   0.0838548   0.0477643  0.00875486
-0.00875486   0.0477643   0.0838548  0.00833605
   0.354945  0.00875486  0.00833605     0.40801
IMAGINARY
          0  0.00498538  0.00231524  0.00581788
-0.00498538           0   0.0102315 -0.00364503
-0.00231524  -0.0102315           0  0.00299335
-0.00581788  0.00364503 -0.00299335           0
EndNode1[0]<--->Repeater1[0]
REAL
   0.409032  -0.0079212   0.0140297     0.34679
 -0.0079212   0.0877419    0.033529  -0.0166893
  0.0140297    0.033529    0.076129 -0.00537667
    0.34679  -0.0166893 -0.00537667    0.427097
IMAGINARY
           0   -0.0125824   -0.0020935   0.00749533
   0.0125824            0  -0.00254483    0.0230678
   0.0020935   0.00254483            0 -0.000272857
 -0.00749533   -0.0230678  0.000272857            0
EndNode2[0]<--->HoM1[0]
REAL
    0.404762    -0.014475 -0.000224182     0.338238
   -0.014475    0.0859788    0.0385089   -0.0182002
-0.000224182    0.0385089    0.0978836     0.012569
    0.338238   -0.0182002     0.012569     0.411376
IMAGINARY
          0  0.00162244  -0.0134798  -0.0160281
-0.00162244           0 -0.00121328   0.0249818
  0.0134798  0.00121328           0  -0.0104181
  0.0160281  -0.0249818   0.0104181           0
Repeater1[0]<--->EndNode1[0]
REAL
   0.409032   0.0140297  -0.0079212     0.34679
  0.0140297    0.076129    0.033529 -0.00537667
 -0.0079212    0.033529   0.0877419  -0.0166893
    0.34679 -0.00537667  -0.0166893    0.427097
IMAGINARY
           0   -0.0020935   -0.0125824   0.00749533
   0.0020935            0   0.00254483 -0.000272857
   0.0125824  -0.00254483            0    0.0230678
 -0.00749533  0.000272857   -0.0230678            0
Repeater1[0]<--->HoM1[0]
REAL
    0.404762 -0.000224182    -0.014475     0.338238
-0.000224182    0.0978836    0.0385089     0.012569
   -0.014475    0.0385089    0.0859788   -0.0182002
    0.338238     0.012569   -0.0182002     0.411376
IMAGINARY
          0  -0.0134798  0.00162244  -0.0160281
  0.0134798           0  0.00121328  -0.0104181
-0.00162244 -0.00121328           0   0.0249818
  0.0160281   0.0104181  -0.0249818           0
EndNode1[0]<--->Repeater1[0]
REAL
  0.437577  0.0101198 0.00184688   0.347772
 0.0101198  0.0766378  0.0369965 -0.0157542
0.00184688  0.0369965   0.092707 -0.0412456
  0.347772 -0.0157542 -0.0412456   0.393078
IMAGINARY
          0  0.00515296  0.00128108  -0.0178394
-0.00515296           0  -0.0053394   0.0138306
-0.00128108   0.0053394           0  -0.0123803
  0.0178394  -0.0138306   0.0123803           0
EndNode2[0]<--->HoM1[0]
REAL
  0.394472   0.020909 0.00478625   0.353324
  0.020909   0.103015  0.0379799  0.0157452
0.00478625  0.0379799   0.100503 0.00445331
  0.353324  0.0157452 0.00445331    0.40201
IMAGINARY
           0    0.0164292  6.62619e-06   0.00123397
  -0.0164292            0    0.0139175  0.000643569
-6.62619e-06   -0.0139175            0   -0.0170794
 -0.00123397 -0.000643569    0.0170794            0
Repeater1[0]<--->EndNode1[0]
REAL
  0.437577 0.00184688  0.0101198   0.347772
0.00184688   0.092707  0.0369965 -0.0412456
 0.0101198  0.0369965  0.0766378 -0.0157542
  0.347772 -0.0412456 -0.0157542   0.393078
IMAGINARY
          0  0.00128108  0.00515296  -0.0178394
-0.00128108           0   0.0053394  -0.0123803
-0.00515296  -0.0053394           0   0.0138306
  0.0178394   0.0123803  -0.0138306           0
Repeater1[0]<--->HoM1[0]
REAL
  0.394472 0.00478625   0.020909   0.353324
0.00478625   0.100503  0.0379799 0.00445331
  0.020909  0.0379799   0.103015  0.0157452
  0.353324 0.00445331  0.0157452    0.40201
IMAGINARY
           0  6.62619e-06    0.0164292   0.00123397
-6.62619e-06            0   -0.0139175   -0.0170794
  -0.0164292    0.0139175            0  0.000643569
 -0.00123397    0.0170794 -0.000643569            0
EndNode1[0]<--->Repeater1[0]
REAL
   0.420253 -0.00769935   -0.010314    0.332137
-0.00769935   0.0886076   0.0371966  -0.0163527
  -0.010314   0.0371966   0.0772152  -0.0109673
   0.332137  -0.0163527  -0.0109673    0.413924
IMAGINARY
          0  0.00693087  0.00985733 -0.00891916
-0.00693087           0   0.0151381  -0.0105231
-0.00985733  -0.0151381           0 -0.00360197
 0.00891916   0.0105231  0.00360197           0
EndNode2[0]<--->HoM1[0]
REAL
   0.40625 0.00769858 -0.0117713   0.357937
0.00769858   0.110577  0.0445337 -0.0096851
-0.0117713  0.0445337  0.0853365 -0.0122499
  0.357937 -0.0096851 -0.0122499   0.397837
IMAGINARY
           0    0.0102448   0.00841031  -0.00376518
  -0.0102448            0  0.000659594   -0.0130095
 -0.00841031 -0.000659594            0  -0.00827371
  0.00376518    0.0130095   0.00827371            0
Repeater1[0]<--->EndNode1[0]
REAL
   0.420253   -0.010314 -0.00769935    0.332137
  -0.010314   0.0772152   0.0371966  -0.0109673
-0.00769935   0.0371966   0.0886076  -0.0163527
   0.332137  -0.0109673  -0.0163527    0.413924
IMAGINARY
          0  0.00985733  0.00693087 -0.00891916
-0.00985733           0  -0.0151381 -0.00360197
-0.00693087   0.0151381           0  -0.0105231
 0.00891916  0.00360197   0.0105231           0
Repeater1[0]<--->HoM1[0]
REAL
   0.40625 -0.0117713 0.00769858   0.357937
-0.0117713  0.0853365  0.0445337 -0.0122499
0.00769858  0.0445337   0.110577 -0.0096851
  0.357937 -0.0122499 -0.0096851   0.397837
IMAGINARY
           0   0.00841031    0.0102448  -0.00376518
 -0.00841031            0 -0.000659594  -0.00827371
  -0.0102448  0.000659594            0   -0.0130095
  0.00376518   0.00827371    0.0130095            0
EndNode1[0]<--->Repeater1[0]
REAL
    0.382542  -0.00582168 -0.000509147     0.348637
 -0.00582168     0.103979     0.056301    0.0140894
-0.000509147     0.056301    0.0821566      0.01076
    0.348637    0.0140894      0.01076     0.431322
IMAGINARY
           0    0.0104957   -0.0114564   0.00824014
  -0.0104957            0 -0.000508179  -0.00152261
   0.0114564  0.000508179            0    0.0049555
 -0.00824014   0.00152261   -0.0049555            0
EndNode2[0]<--->HoM1[0]
REAL
  0.394015 0.00634542  0.0126659   0.339406
0.00634542  0.0972569   0.052145  0.0106632
 0.0126659   0.052145   0.084788  0.0169837
  0.339406  0.0106632  0.0169837    0.42394
IMAGINARY
          0 -0.00433506   0.0105571 -0.00637888
 0.00433506           0  -0.0143154   0.0257486
 -0.0105571   0.0143154           0  -0.0383401
 0.00637888  -0.0257486   0.0383401           0
Repeater1[0]<--->EndNode1[0]
REAL
    0.382542 -0.000509147  -0.00582168     0.348637
-0.000509147    0.0821566     0.056301      0.01076
 -0.00582168     0.056301     0.103979    0.0140894
    0.348637      0.01076    0.0140894     0.431322
IMAGINARY
           0   -0.0114564    0.0104957   0.00824014
   0.0114564            0  0.000508179    0.0049555
  -0.0104957 -0.000508179            0  -0.00152261
 -0.00824014   -0.0049555   0.00152261            0
Repeater1[0]<--->HoM1[0]
REAL
  0.394015  0.0126659 0.00634542   0.339406
 0.0126659   0.084788   0.052145  0.0169837
0.00634542   0.052145  0.0972569  0.0106632
  0.339406  0.0169837  0.0106632    0.42394
IMAGINARY
          0   0.0105571 -0.00433506 -0.00637888
 -0.0105571           0   0.0143154  -0.0383401
 0.00433506  -0.0143154           0   0.0257486
 0.00637888   0.0383401  -0.0257486           0
EndNode1[0]<--->Repeater1[0]
REAL
   0.407552 -0.00721572 -0.00289327    0.364526
-0.00721572   0.0820312   0.0402362 -0.00675924
-0.00289327   0.0402362   0.0846354 0.000137217
   0.364526 -0.00675924 0.000137217    0.425781
IMAGINARY
          0  0.00286186  -0.0188184  -0.0117697
-0.00286186           0  -0.0130994  -0.0057294
  0.0188184   0.0130994           0   0.0294379
  0.0117697   0.0057294  -0.0294379           0
EndNode2[0]<--->HoM1[0]
REAL
    0.415789   0.00455625 -0.000631687     0.353031
  0.00455625    0.0855263    0.0435654    0.0124118
-0.000631687    0.0435654    0.0710526   0.00591495
    0.353031    0.0124118   0.00591495     0.427632
IMAGINARY
          0   -0.011803   0.0108225   0.0231866
   0.011803           0   0.0322306  -0.0011138
 -0.0108225  -0.0322306           0 -0.00154655
 -0.0231866   0.0011138  0.00154655           0
Repeater1[0]<--->EndNode1[0]
REAL
   0.407552 -0.00289327 -0.00721572    0.364526
-0.00289327   0.0846354   0.0402362 0.000137217
-0.00721572   0.0402362   0.0820312 -0.00675924
   0.364526 0.000137217 -0.00675924    0.425781
IMAGINARY
          0  -0.0188184  0.00286186  -0.0117697
  0.0188184           0   0.0130994   0.0294379
-0.00286186  -0.0130994           0  -0.0057294
  0.0117697  -0.0294379   0.0057294           0
Repeater1[0]<--->HoM1[0]
REAL
    0.415789 -0.000631687   0.00455625     0.353031
-0.000631687    0.0710526    0.0435654   0.00591495
  0.00455625    0.0435654    0.0855263    0.0124118
    0.353031   0.00591495    0.0124118     0.427632
IMAGINARY
          0   0.0108225   -0.011803   0.0231866
 -0.0108225           0  -0.0322306 -0.00154655
   0.011803   0.0322306           0  -0.0011138
 -0.0231866  0.00154655   0.0011138           0
EndNode1[0]<--->Repeater1[0]
REAL
   0.423899  -0.0069159  0.00243929    0.346611
 -0.0069159   0.0842767   0.0442078  -0.0148462
 0.00243929   0.0442078    0.100629 -0.00300965
   0.346611  -0.0148462 -0.00300965    0.391195
IMAGINARY
          0 -0.00436309    0.011084   0.0107336
 0.00436309           0  -0.0131374 -0.00374084
  -0.011084   0.0131374           0  -0.0163312
 -0.0107336  0.00374084   0.0163312           0
EndNode2[0]<--->HoM1[0]
REAL
   0.419192    0.018772  5.1782e-05     0.34778
   0.018772   0.0782828   0.0419543 -0.00448778
 5.1782e-05   0.0419543   0.0984848  -0.0219405
    0.34778 -0.00448778  -0.0219405     0.40404
IMAGINARY
           0   -0.0134803   0.00861936  -0.00346706
   0.0134803            0   0.00216498    0.0073307
 -0.00861936  -0.00216498            0  0.000304158
  0.00346706   -0.0073307 -0.000304158            0
Repeater1[0]<--->EndNode1[0]
REAL
   0.423899  0.00243929  -0.0069159    0.346611
 0.00243929    0.100629   0.0442078 -0.00300965
 -0.0069159   0.0442078   0.0842767  -0.0148462
   0.346611 -0.00300965  -0.0148462    0.391195
IMAGINARY
          0    0.011084 -0.00436309   0.0107336
  -0.011084           0   0.0131374  -0.0163312
 0.00436309  -0.0131374           0 -0.00374084
 -0.0107336   0.0163312  0.00374084           0
Repeater1[0]<--->HoM1[0]
REAL
   0.419192  5.1782e-05    0.018772     0.34778
 5.1782e-05   0.0984848   0.0419543  -0.0219405
   0.018772   0.0419543   0.0782828 -0.00448778
    0.34778  -0.0219405 -0.00448778     0.40404
IMAGINARY
           0   0.00861936   -0.0134803  -0.00346706
 -0.00861936            0  -0.00216498  0.000304158
   0.0134803   0.00216498            0    0.0073307
  0.00346706 -0.000304158   -0.0073307            0
EndNode1[0]<--->Repeater1[0]
REAL
  0.426528 0.00990314  0.0109564    0.34585
0.00990314  0.0858257  0.0422093  0.0276008
 0.0109564  0.0422093  0.0819246  0.0162163
   0.34585  0.0276008  0.0162163   0.405722
IMAGINARY
          0  0.00131819 -0.00142861   0.0339633
-0.00131819           0  0.00845312   0.0163831
 0.00142861 -0.00845312           0  -0.0123715
 -0.0339633  -0.0163831   0.0123715           0
EndNode2[0]<--->HoM1[0]
REAL
   0.435733 -0.00876425  -0.0278163     0.34445
-0.00876425    0.092545   0.0356999  -0.0102611
 -0.0278163   0.0356999   0.0822622  -0.0168288
    0.34445  -0.0102611  -0.0168288     0.38946
IMAGINARY
          0  0.00504215  -0.0184535  -0.0138647
-0.00504215           0  -0.0106636  -0.0177965
  0.0184535   0.0106636           0   0.0199578
  0.0138647   0.0177965  -0.0199578           0
Repeater1[0]<--->EndNode1[0]
REAL
  0.426528  0.0109564 0.00990314    0.34585
 0.0109564  0.0819246  0.0422093  0.0162163
0.00990314  0.0422093  0.0858257  0.0276008
   0.34585  0.0162163  0.0276008   0.405722
IMAGINARY
          0 -0.00142861  0.00131819   0.0339633
 0.00142861           0 -0.00845312  -0.0123715
-0.00131819  0.00845312           0   0.0163831
 -0.0339633   0.0123715  -0.0163831           0
Repeater1[0]<--->HoM1[0]
REAL
   0.435733  -0.0278163 -0.00876425     0.34445
 -0.0278163   0.0822622   0.0356999  -0.0168288
-0.00876425   0.0356999    0.092545  -0.0102611
    0.34445  -0.0168288  -0.0102611     0.38946
IMAGINARY
          0  -0.0184535  0.00504215  -0.0138647
  0.0184535           0   0.0106636   0.0199578
-0.00504215  -0.0106636           0  -0.0177965
  0.0138647  -0.0199578   0.0177965           0
EndNode1[0]<--->Repeater1[0]
REAL
   0.406977 -0.00328585  0.00148186    0.356661
-0.00328585   0.0762274    0.029215  0.00473283
 0.00148186    0.029215    0.100775  0.00837059
   0.356661  0.00473283  0.00837059    0.416021
IMAGINARY
          0 -0.00344446  -0.0126518 -0.00235316
 0.00344446           0   0.0055624   0.0194452
  0.0126518  -0.0055624           0  -0.0155773
 0.00235316  -0.0194452   0.0155773           0
EndNode2[0]<--->HoM1[0]
REAL
  0.430279   0.026899 0.00913314   0.337089
  0.026899  0.0836653  0.0415164  0.0269246
0.00913314  0.0415164  0.0916335 0.00314904
  0.337089  0.0269246 0.00314904   0.394422
IMAGINARY
           0   0.00357184  0.000928759   0.00639167
 -0.00357184            0   -0.0024023   -0.0165538
-0.000928759    0.0024023            0   -0.0100823
 -0.00639167    0.0165538    0.0100823            0
Repeater1[0]<--->EndNode1[0]
REAL
   0.406977  0.00148186 -0.00328585    0.356661
 0.00148186    0.100775    0.029215  0.00837059
-0.00328585    0.029215   0.0762274  0.00473283
   0.356661  0.00837059  0.00473283    0.416021
IMAGINARY
          0  -0.0126518 -0.00344446 -0.00235316
  0.0126518           0  -0.0055624  -0.0155773
 0.00344446   0.0055624           0   0.0194452
 0.00235316   0.0155773  -0.0194452           0
Repeater1[0]<--->HoM1[0]
REAL
  0.430279 0.00913314   0.026899   0.337089
0.00913314  0.0916335  0.0415164 0.00314904
  0.026899  0.0415164  0.0836653  0.0269246
  0.337089 0.00314904  0.0269246   0.394422
IMAGINARY
           0  0.000928759   0.00357184   0.00639167
-0.000928759            0    0.0024023   -0.0100823
 -0.00357184   -0.0024023            0   -0.0165538
 -0.00639167    0.0100823    0.0165538            0
EndNode1[0]<--->Repeater1[0]
REAL
 0.379778 0.0121121 0.0124433  0.346014
0.0121121 0.0875462  0.044468  0.015588
0.0124433  0.044468 0.0998767 0.0159192
 0.346014  0.015588 0.0159192  0.432799
IMAGINARY
          0  -0.0197008  0.00619249  0.00696858
  0.0197008           0  -0.0128203 -0.00232651
-0.00619249   0.0128203           0  0.00552557
-0.00696858  0.00232651 -0.00552557           0
EndNode2[0]<--->HoM1[0]
REAL
   0.414665 -0.00456193  0.00763605    0.346141
-0.00456193   0.0859671   0.0504558   0.0106886
 0.00763605   0.0504558   0.0986094   0.0268132
   0.346141   0.0106886   0.0268132    0.400759
IMAGINARY
          0   0.0136107  0.00667735   0.0019512
 -0.0136107           0 -0.00450875  -0.0168296
-0.00667735  0.00450875           0   0.0028868
 -0.0019512   0.0168296  -0.0028868           0
Repeater1[0]<--->EndNode1[0]
REAL
 0.379778 0.0124433 0.0121121  0.346014
0.0124433 0.0998767  0.044468 0.0159192
0.0121121  0.044468 0.0875462  0.015588
 0.346014 0.0159192  0.015588  0.432799
IMAGINARY
          0  0.00619249  -0.0197008  0.00696858
-0.00619249           0   0.0128203  0.00552557
  0.0197008  -0.0128203           0 -0.00232651
-0.00696858 -0.00552557  0.00232651           0
Repeater1[0]<--->HoM1[0]
REAL
   0.414665  0.00763605 -0.00456193    0.346141
 0.00763605   0.0986094   0.0504558   0.0268132
-0.00456193   0.0504558   0.0859671   0.0106886
   0.346141   0.0268132   0.0106886    0.400759
IMAGINARY
          0  0.00667735   0.0136107   0.0019512
-0.00667735           0  0.00450875   0.0028868
 -0.0136107 -0.00450875           0  -0.0168296
 -0.0019512  -0.0028868   0.0168296           0
EndNode1[0]<--->Repeater1[0]
REAL
  0.424767  0.0358522 0.00340812   0.334817
 0.0358522   0.081225  0.0440897  0.0265398
0.00340812  0.0440897  0.0998668  0.0162311
  0.334817  0.0265398  0.0162311   0.394141
IMAGINARY
          0   0.0192629   -0.022494  -0.0106299
 -0.0192629           0 -0.00554085  -0.0038218
   0.022494  0.00554085           0   0.0308624
  0.0106299   0.0038218  -0.0308624           0
EndNode2[0]<--->HoM1[0]
REAL
   0.394928 -0.00394996 -0.00167356     0.35464
-0.00394996    0.112319   0.0396795 -0.00427096
-0.00167356   0.0396795    0.111111  0.00593146
    0.35464 -0.00427096  0.00593146    0.381643
IMAGINARY
          0 -0.00877166  -0.0109524  -0.0106348
 0.00877166           0 -0.00511328  0.00832777
  0.0109524  0.00511328           0    0.010084
  0.0106348 -0.00832777   -0.010084           0
Repeater1[0]<--->EndNode1[0]
REAL
  0.424767 0.00340812  0.0358522   0.334817
0.00340812  0.0998668  0.0440897  0.0162311
 0.0358522  0.0440897   0.081225  0.0265398
  0.334817  0.0162311  0.0265398   0.394141
IMAGINARY
          0   -0.022494   0.0192629  -0.0106299
   0.022494           0  0.00554085   0.0308624
 -0.0192629 -0.00554085           0  -0.0038218
  0.0106299  -0.0308624   0.0038218           0
Repeater1[0]<--->HoM1[0]
REAL
   0.394928 -0.00167356 -0.00394996     0.35464
-0.00167356    0.111111   0.0396795  0.00593146
-0.00394996   0.0396795    0.112319 -0.00427096
    0.35464  0.00593146 -0.00427096    0.381643
IMAGINARY
          0  -0.0109524 -0.00877166  -0.0106348
  0.0109524           0  0.00511328    0.010084
 0.00877166 -0.00511328           0  0.00832777
  0.0106348   -0.010084 -0.00832777           0
EndNode1[0]<--->Repeater1[0]
REAL
    0.40448  -0.0394924  -0.0327109    0.347186
 -0.0394924    0.083004   0.0306481  -0.0189264
 -0.0327109   0.0306481   0.0750988 -0.00836656
   0.347186  -0.0189264 -0.00836656    0.437418
IMAGINARY
          0   0.0117791   0.0110275 -0.00424697
 -0.0117791           0   0.0123991  0.00189235
 -0.0110275  -0.0123991           0   0.0011408
 0.00424697 -0.00189235  -0.0011408           0
EndNode2[0]<--->HoM1[0]
REAL
   0.387566   0.0192873  0.00480551    0.349729
  0.0192873   0.0912698     0.03247  -0.0126589
 0.00480551     0.03247   0.0899471 -0.00358047
   0.349729  -0.0126589 -0.00358047    0.431217
IMAGINARY
           0   0.00680311   0.00917703    0.0260901
 -0.00680311            0  -0.00795534  -0.00156282
 -0.00917703   0.00795534            0  0.000811101
  -0.0260901   0.00156282 -0.000811101            0
Repeater1[0]<--->EndNode1[0]
REAL
    0.40448  -0.0327109  -0.0394924    0.347186
 -0.0327109   0.0750988   0.0306481 -0.00836656
 -0.0394924   0.0306481    0.083004  -0.0189264
   0.347186 -0.00836656  -0.0189264    0.437418
IMAGINARY
          0   0.0110275   0.0117791 -0.00424697
 -0.0110275           0  -0.0123991   0.0011408
 -0.0117791   0.0123991           0  0.00189235
 0.00424697  -0.0011408 -0.00189235           0
Repeater1[0]<--->HoM1[0]
REAL
   0.387566  0.00480551   0.0192873    0.349729
 0.00480551   0.0899471     0.03247 -0.00358047
  0.0192873     0.03247   0.0912698  -0.0126589
   0.349729 -0.00358047  -0.0126589    0.431217
IMAGINARY
           0   0.00917703   0.00680311    0.0260901
 -0.00917703            0   0.00795534  0.000811101
 -0.00680311  -0.00795534            0  -0.00156282
  -0.0260901 -0.000811101   0.00156282            0
EndNode1[0]<--->Repeater1[0]
REAL
  0.418478 -0.0053282 -0.0049343    0.34723
-0.0053282   0.116848  0.0297692 -0.0042908
-0.0049343  0.0297692  0.0747283  -0.013737
   0.34723 -0.0042908  -0.013737   0.389946
IMAGINARY
          0   0.0037037   0.0208472 -0.00319537
 -0.0037037           0   -0.010079  -0.0129107
 -0.0208472    0.010079           0  -0.0248677
 0.00319537   0.0129107   0.0248677           0
EndNode2[0]<--->HoM1[0]
REAL
    0.44137  0.00391063 -0.00292553    0.344247
 0.00391063   0.0777339   0.0320026 -0.00957447
-0.00292553   0.0320026   0.0724638 -0.00766063
   0.344247 -0.00957447 -0.00766063    0.408432
IMAGINARY
           0  -0.00399867  -0.00075567    0.0192188
  0.00399867            0  0.000509107    0.0123203
  0.00075567 -0.000509107            0    0.0033184
  -0.0192188   -0.0123203   -0.0033184            0
Repeater1[0]<--->EndNode1[0]
REAL
  0.418478 -0.0049343 -0.0053282    0.34723
-0.0049343  0.0747283  0.0297692  -0.013737
-0.0053282  0.0297692   0.116848 -0.0042908
   0.34723  -0.013737 -0.0042908   0.389946
IMAGINARY
          0   0.0208472   0.0037037 -0.00319537
 -0.0208472           0    0.010079  -0.0248677
 -0.0037037   -0.010079           0  -0.0129107
 0.00319537   0.0248677   0.0129107           0
Repeater1[0]<--->HoM1[0]
REAL
    0.44137 -0.00292553  0.00391063    0.344247
-0.00292553   0.0724638   0.0320026 -0.00766063
 0.00391063   0.0320026   0.0777339 -0.00957447
   0.344247 -0.00766063 -0.00957447    0.408432
IMAGINARY
           0  -0.00075567  -0.00399867    0.0192188
  0.00075567            0 -0.000509107    0.0033184
  0.00399867  0.000509107            0    0.0123203
  -0.0192188   -0.0033184   -0.0123203            0
EndNode1[0]<--->Repeater1[0]
REAL
   0.422721  0.00156812 -0.00446429    0.338144
 0.00156812    0.113606   0.0483353 -0.00446429
-0.00446429   0.0483353   0.0647292 -0.00667016
   0.338144 -0.00446429 -0.00667016    0.398943
IMAGINARY
           0   0.00379025 -0.000727815    0.0124474
 -0.00379025            0  -0.00687632   -0.0177435
 0.000727815   0.00687632            0  -0.00442719
  -0.0124474    0.0177435   0.00442719            0
EndNode2[0]<--->HoM1[0]
REAL
   0.433962   0.0118415   0.0260774    0.349207
  0.0118415   0.0916442   0.0340043 -0.00296302
  0.0260774   0.0340043   0.0889488   0.0064067
   0.349207 -0.00296302   0.0064067    0.385445
IMAGINARY
          0 -0.00327573  -0.0212379  -0.0117538
 0.00327573           0  -0.0026392 -0.00825092
  0.0212379   0.0026392           0  0.00786288
  0.0117538  0.00825092 -0.00786288           0
Repeater1[0]<--->EndNode1[0]
REAL
   0.422721 -0.00446429  0.00156812    0.338144
-0.00446429   0.0647292   0.0483353 -0.00667016
 0.00156812   0.0483353    0.113606 -0.00446429
   0.338144 -0.00667016 -0.00446429    0.398943
IMAGINARY
           0 -0.000727815   0.00379025    0.0124474
 0.000727815            0   0.00687632  -0.00442719
 -0.00379025  -0.00687632            0   -0.0177435
  -0.0124474   0.00442719    0.0177435            0
Repeater1[0]<--->HoM1[0]
REAL
   0.433962   0.0260774   0.0118415    0.349207
  0.0260774   0.0889488   0.0340043   0.0064067
  0.0118415   0.0340043   0.0916442 -0.00296302
   0.349207   0.0064067 -0.00296302    0.385445
IMAGINARY
          0  -0.0212379 -0.00327573  -0.0117538
  0.0212379           0   0.0026392  0.00786288
 0.00327573  -0.0026392           0 -0.00825092
  0.0117538 -0.00786288  0.00825092           0
EndNode1[0]<--->Repeater1[0]
REAL
   0.386598 -0.00409792  -0.0147627    0.344243
-0.00409792     0.10567   0.0294277 -0.00518413
 -0.0147627   0.0294277   0.0798969 -0.00919996
   0.344243 -0.00518413 -0.00919996    0.427835
IMAGINARY
          0  0.00660974 -0.00878963 -0.00980275
-0.00660974           0  -0.0111397   0.0206944
 0.00878963   0.0111397           0   -0.015869
 0.00980275  -0.0206944    0.015869           0
EndNode2[0]<--->HoM1[0]
REAL
   0.423435   0.0184281   0.0165744    0.328805
  0.0184281   0.0905459   0.0455792 -0.00918521
  0.0165744   0.0455792   0.0918775  -0.0036498
   0.328805 -0.00918521  -0.0036498    0.394141
IMAGINARY
          0  -0.0167833  0.00493155 -0.00594544
  0.0167833           0  0.00289294   0.0176491
-0.00493155 -0.00289294           0  -0.0238618
 0.00594544  -0.0176491   0.0238618           0
Repeater1[0]<--->EndNode1[0]
REAL
   0.386598  -0.0147627 -0.00409792    0.344243
 -0.0147627   0.0798969   0.0294277 -0.00919996
-0.00409792   0.0294277     0.10567 -0.00518413
   0.344243 -0.00919996 -0.00518413    0.427835
IMAGINARY
          0 -0.00878963  0.00660974 -0.00980275
 0.00878963           0   0.0111397   -0.015869
-0.00660974  -0.0111397           0   0.0206944
 0.00980275    0.015869  -0.0206944           0
Repeater1[0]<--->HoM1[0]
REAL
   0.423435   0.0165744   0.0184281    0.328805
  0.0165744   0.0918775   0.0455792  -0.0036498
  0.0184281   0.0455792   0.0905459 -0.00918521
   0.328805  -0.0036498 -0.00918521    0.394141
IMAGINARY
          0  0.00493155  -0.0167833 -0.00594544
-0.00493155           0 -0.00289294  -0.0238618
  0.0167833  0.00289294           0   0.0176491
 0.00594544   0.0238618  -0.0176491           0
EndNode1[0]<--->Repeater1[0]
REAL
   0.441476  -0.0124877  -0.0019727    0.340162
 -0.0124877    0.104326   0.0455879  -0.0262828
 -0.0019727   0.0455879   0.0890585 0.000202672
   0.340162  -0.0262828 0.000202672     0.36514
IMAGINARY
          0  -0.0041347  -0.0106952  -0.0145663
  0.0041347           0  -0.0106601 -0.00739267
  0.0106952   0.0106601           0   0.0157626
  0.0145663  0.00739267  -0.0157626           0
EndNode2[0]<--->HoM1[0]
REAL
  0.425993 0.00433308  0.0176619   0.339149
0.00433308  0.0938628   0.034916 0.00104137
 0.0176619   0.034916  0.0830325 0.00564198
  0.339149 0.00104137 0.00564198   0.397112
IMAGINARY
          0 -0.00307423  0.00680469  0.00918732
 0.00307423           0   0.0110741 -0.00945019
-0.00680469  -0.0110741           0  0.00571974
-0.00918732  0.00945019 -0.00571974           0
Repeater1[0]<--->EndNode1[0]
REAL
   0.441476  -0.0019727  -0.0124877    0.340162
 -0.0019727   0.0890585   0.0455879 0.000202672
 -0.0124877   0.0455879    0.104326  -0.0262828
   0.340162 0.000202672  -0.0262828     0.36514
IMAGINARY
          0  -0.0106952  -0.0041347  -0.0145663
  0.0106952           0   0.0106601   0.0157626
  0.0041347  -0.0106601           0 -0.00739267
  0.0145663  -0.0157626  0.00739267           0
Repeater1[0]<--->HoM1[0]
REAL
  0.425993  0.0176619 0.00433308   0.339149
 0.0176619  0.0830325   0.034916 0.00564198
0.00433308   0.034916  0.0938628 0.00104137
  0.339149 0.00564198 0.00104137   0.397112
IMAGINARY
          0  0.00680469 -0.00307423  0.00918732
-0.00680469           0  -0.0110741  0.00571974
 0.00307423   0.0110741           0 -0.00945019
-0.00918732 -0.00571974  0.00945019           0
EndNode1[0]<--->Repeater1[0]
REAL
  0.377943  -0.010981 -0.0244709   0.357971
 -0.010981   0.107807  0.0269496 -0.0218254
-0.0244709  0.0269496  0.0855019  -0.015474
  0.357971 -0.0218254  -0.015474   0.428748
IMAGINARY
          0 -0.00727857   0.0141405   0.0243887
 0.00727857           0    0.011601 -0.00720486
 -0.0141405   -0.011601           0 -0.00470125
 -0.0243887  0.00720486  0.00470125           0
EndNode2[0]<--->HoM1[0]
REAL
         0.4    0.0186623 -1.03879e-05     0.333606
   0.0186623    0.0947368    0.0535331    0.0039474
-1.03879e-05    0.0535331    0.0894737    0.0141461
    0.333606    0.0039474    0.0141461     0.415789
IMAGINARY
         0  0.0250485 -0.0344483 -0.0086995
-0.0250485          0 -0.0126573  -0.015977
 0.0344483  0.0126573          0  0.0193014
 0.0086995   0.015977 -0.0193014          0
Repeater1[0]<--->EndNode1[0]
REAL
  0.377943 -0.0244709  -0.010981   0.357971
-0.0244709  0.0855019  0.0269496  -0.015474
 -0.010981  0.0269496   0.107807 -0.0218254
  0.357971  -0.015474 -0.0218254   0.428748
IMAGINARY
          0   0.0141405 -0.00727857   0.0243887
 -0.0141405           0   -0.011601 -0.00470125
 0.00727857    0.011601           0 -0.00720486
 -0.0243887  0.00470125  0.00720486           0
Repeater1[0]<--->HoM1[0]
REAL
         0.4 -1.03879e-05    0.0186623     0.333606
-1.03879e-05    0.0894737    0.0535331    0.0141461
   0.0186623    0.0535331    0.0947368    0.0039474
    0.333606    0.0141461    0.0039474     0.415789
IMAGINARY
         0 -0.0344483  0.0250485 -0.0086995
 0.0344483          0  0.0126573  0.0193014
-0.0250485 -0.0126573          0  -0.015977
 0.0086995 -0.0193014   0.015977          0
EndNode1[0]<--->Repeater1[0]
REAL
   0.379141 0.000464161  -0.0163345     0.35192
0.000464161   0.0846626   0.0503639  0.00237514
 -0.0163345   0.0503639   0.0674847  -0.0131545
    0.35192  0.00237514  -0.0131545    0.468712
IMAGINARY
          0 -0.00316366   0.0125834   0.0110256
 0.00316366           0  0.00975006  -0.0145289
 -0.0125834 -0.00975006           0  0.00900023
 -0.0110256   0.0145289 -0.00900023           0
EndNode2[0]<--->HoM1[0]
REAL
   0.418275 -0.00536149  -0.0105634    0.333937
-0.00536149   0.0875161    0.034181  -0.0105634
 -0.0105634    0.034181   0.0862291  -0.0196065
   0.333937  -0.0105634  -0.0196065    0.407979
IMAGINARY
          0  -0.0125153  0.00196172 -0.00800034
  0.0125153           0 -0.00924104   0.0377208
-0.00196172  0.00924104           0  -0.0125153
 0.00800034  -0.0377208   0.0125153           0
Repeater1[0]<--->EndNode1[0]
REAL
   0.379141  -0.0163345 0.000464161     0.35192
 -0.0163345   0.0674847   0.0503639  -0.0131545
0.000464161   0.0503639   0.0846626  0.00237514
    0.35192  -0.0131545  0.00237514    0.468712
IMAGINARY
          0   0.0125834 -0.00316366   0.0110256
 -0.0125834           0 -0.00975006  0.00900023
 0.00316366  0.00975006           0  -0.0145289
 -0.0110256 -0.00900023   0.0145289           0
Repeater1[0]<--->HoM1[0]
REAL
   0.418275  -0.0105634 -0.00536149    0.333937
 -0.0105634   0.0862291    0.034181  -0.0196065
-0.00536149    0.034181   0.0875161  -0.0105634
   0.333937  -0.0196065  -0.0105634    0.407979
IMAGINARY
          0  0.00196172  -0.0125153 -0.00800034
-0.00196172           0  0.00924104  -0.0125153
  0.0125153 -0.00924104           0   0.0377208
 0.00800034   0.0125153  -0.0377208           0
EndNode1[0]<--->Repeater1[0]
REAL
  0.420526 0.00939749 -0.0118959   0.347722
0.00939749  0.0888611  0.0300133  0.0228354
-0.0118959  0.0300133  0.0926158 0.00797703
  0.347722  0.0228354 0.00797703   0.397997
IMAGINARY
          0 -0.00869792  0.00981406  0.00328519
 0.00869792           0  0.00922971  -0.0072099
-0.00981406 -0.00922971           0   0.0113021
-0.00328519   0.0072099  -0.0113021           0
EndNode2[0]<--->HoM1[0]
REAL
   0.409938   0.0132052 -0.00112595    0.344761
  0.0132052   0.0956522   0.0495171   0.0172951
-0.00112595   0.0495171   0.0695652  0.00420775
   0.344761   0.0172951  0.00420775    0.424845
IMAGINARY
           0  -0.00885239   0.00805523   0.00806452
  0.00885239            0  -0.00806452  0.000531293
 -0.00805523   0.00806452            0   0.00687088
 -0.00806452 -0.000531293  -0.00687088            0
Repeater1[0]<--->EndNode1[0]
REAL
  0.420526 -0.0118959 0.00939749   0.347722
-0.0118959  0.0926158  0.0300133 0.00797703
0.00939749  0.0300133  0.0888611  0.0228354
  0.347722 0.00797703  0.0228354   0.397997
IMAGINARY
          0  0.00981406 -0.00869792  0.00328519
-0.00981406           0 -0.00922971   0.0113021
 0.00869792  0.00922971           0  -0.0072099
-0.00328519  -0.0113021   0.0072099           0
Repeater1[0]<--->HoM1[0]
REAL
   0.409938 -0.00112595   0.0132052    0.344761
-0.00112595   0.0695652   0.0495171  0.00420775
  0.0132052   0.0495171   0.0956522   0.0172951
   0.344761  0.00420775   0.0172951    0.424845
IMAGINARY
           0   0.00805523  -0.00885239   0.00806452
 -0.00805523            0   0.00806452   0.00687088
  0.00885239  -0.00806452            0  0.000531293
 -0.00806452  -0.00687088 -0.000531293            0
EndNode1[0]<--->Repeater1[0]
REAL
 0.415906 0.0112945 0.0100708   0.35123
0.0112945 0.0873533 0.0470526 0.0156888
0.0100708 0.0470526 0.0990874 0.0131441
  0.35123 0.0156888 0.0131441  0.397653
IMAGINARY
           0  -0.00692549  -0.00972083  0.000786263
  0.00692549            0   -0.0092388  -0.00202852
  0.00972083    0.0092388            0  0.000398077
-0.000786263   0.00202852 -0.000398077            0
EndNode2[0]<--->HoM1[0]
REAL
  0.421628 0.00840232 -0.0164353   0.346201
0.00840232  0.0959903  0.0485357 0.00361481
-0.0164353  0.0485357  0.0874848 -0.0212228
  0.346201 0.00361481 -0.0212228   0.394897
IMAGINARY
          0   0.0116031   0.0117188  0.00309807
 -0.0116031           0   0.0153263 -0.00588223
 -0.0117188  -0.0153263           0 -0.00706355
-0.00309807  0.00588223  0.00706355           0
Repeater1[0]<--->EndNode1[0]
REAL
 0.415906 0.0100708 0.0112945   0.35123
0.0100708 0.0990874 0.0470526 0.0131441
0.0112945 0.0470526 0.0873533 0.0156888
  0.35123 0.0131441 0.0156888  0.397653
IMAGINARY
           0  -0.00972083  -0.00692549  0.000786263
  0.00972083            0    0.0092388  0.000398077
  0.00692549   -0.0092388            0  -0.00202852
-0.000786263 -0.000398077   0.00202852            0
Repeater1[0]<--->HoM1[0]
REAL
  0.421628 -0.0164353 0.00840232   0.346201
-0.0164353  0.0874848  0.0485357 -0.0212228
0.00840232  0.0485357  0.0959903 0.00361481
  0.346201 -0.0212228 0.00361481   0.394897
IMAGINARY
          0   0.0117188   0.0116031  0.00309807
 -0.0117188           0  -0.0153263 -0.00706355
 -0.0116031   0.0153263           0 -0.00588223
-0.00309807  0.00706355  0.00588223           0
EndNode1[0]<--->Repeater1[0]
REAL
   0.427491 0.000729547   -0.010072    0.355884
0.000729547   0.0970996      0.0428  -0.0241385
  -0.010072      0.0428   0.0907945  -0.0178348
   0.355884  -0.0241385  -0.0178348    0.384615
IMAGINARY
          0 -0.00101026  -0.0246395 -0.00142092
 0.00101026           0  -0.0162724  0.00261016
  0.0246395   0.0162724           0   0.0123587
 0.00142092 -0.00261016  -0.0123587           0
EndNode2[0]<--->HoM1[0]
REAL
  0.417178 -0.0134517   -0.02449   0.357199
-0.0134517  0.0822086  0.0280269 -0.0115295
  -0.02449  0.0280269  0.0932515 -0.0176838
  0.357199 -0.0115295 -0.0176838   0.407362
IMAGINARY
          0  0.00978216 -0.00172187  -0.0205356
-0.00978216           0   0.0167572   0.0155195
 0.00172187  -0.0167572           0  -0.0130673
  0.0205356  -0.0155195   0.0130673           0
