EndNode1[0]<--->Repeater1[0]
REAL
    0.438131 -0.000887883   0.00998838     0.327796
-0.000887883    0.0631313    0.0245614   0.00365926
  0.00998838    0.0245614    0.0732323   0.00585066
    0.327796   0.00365926   0.00585066     0.425505
IMAGINARY
          0  0.00601906  0.00202156  -0.0195477
-0.00601906           0  0.00530077  0.00202156
-0.00202156 -0.00530077           0   0.0034149
  0.0195477 -0.00202156  -0.0034149           0
EndNode2[0]<--->HoM1[0]
REAL
  0.405852  0.0438397  0.0136557   0.353843
 0.0438397  0.0877863  0.0219737  0.0314423
 0.0136557  0.0219737  0.0687023 0.00517991
  0.353843  0.0314423 0.00517991   0.437659
IMAGINARY
          0 -0.00470043 -0.00606192  0.00266019
 0.00470043           0  -0.0201246 -0.00209366
 0.00606192   0.0201246           0  0.00281837
-0.00266019  0.00209366 -0.00281837           0
Repeater1[0]<--->EndNode1[0]
REAL
    0.438131   0.00998838 -0.000887883     0.327796
  0.00998838    0.0732323    0.0245614   0.00585066
-0.000887883    0.0245614    0.0631313   0.00365926
    0.327796   0.00585066   0.00365926     0.425505
IMAGINARY
          0  0.00202156  0.00601906  -0.0195477
-0.00202156           0 -0.00530077   0.0034149
-0.00601906  0.00530077           0  0.00202156
  0.0195477  -0.0034149 -0.00202156           0
Repeater1[0]<--->HoM1[0]
REAL
  0.405852  0.0136557  0.0438397   0.353843
 0.0136557  0.0687023  0.0219737 0.00517991
 0.0438397  0.0219737  0.0877863  0.0314423
  0.353843 0.00517991  0.0314423   0.437659
IMAGINARY
          0 -0.00606192 -0.00470043  0.00266019
 0.00606192           0   0.0201246  0.00281837
 0.00470043  -0.0201246           0 -0.00209366
-0.00266019 -0.00281837  0.00209366           0
EndNode1[0]<--->Repeater1[0]
REAL
  0.450852 -0.0101711 0.00652689   0.350016
-0.0101711  0.0563565  0.0048226 0.00588006
0.00652689  0.0048226  0.0655308 0.00396767
  0.350016 0.00588006 0.00396767   0.427261
IMAGINARY
          0  -0.0151833   0.0163923   0.0392605
  0.0151833           0 -0.00306751 -0.00203523
 -0.0163923  0.00306751           0 -0.00666434
 -0.0392605  0.00203523  0.00666434           0
EndNode2[0]<--->HoM1[0]
REAL
   0.454663 -0.00578449  -0.0157796    0.348122
-0.00578449   0.0790155   0.0112333   0.0151344
 -0.0157796   0.0112333   0.0531088 -0.00389293
   0.348122   0.0151344 -0.00389293    0.413212
IMAGINARY
          0  -0.0171131  0.00912352  -0.0173432
  0.0171131           0   0.0147323   0.0278903
-0.00912352  -0.0147323           0  -0.0023348
  0.0173432  -0.0278903   0.0023348           0
Repeater1[0]<--->EndNode1[0]
REAL
  0.450852 0.00652689 -0.0101711   0.350016
0.00652689  0.0655308  0.0048226 0.00396767
-0.0101711  0.0048226  0.0563565 0.00588006
  0.350016 0.00396767 0.00588006   0.427261
IMAGINARY
          0   0.0163923  -0.0151833   0.0392605
 -0.0163923           0  0.00306751 -0.00666434
  0.0151833 -0.00306751           0 -0.00203523
 -0.0392605  0.00666434  0.00203523           0
Repeater1[0]<--->HoM1[0]
REAL
   0.454663  -0.0157796 -0.00578449    0.348122
 -0.0157796   0.0531088   0.0112333 -0.00389293
-0.00578449   0.0112333   0.0790155   0.0151344
   0.348122 -0.00389293   0.0151344    0.413212
IMAGINARY
          0  0.00912352  -0.0171131  -0.0173432
-0.00912352           0  -0.0147323  -0.0023348
  0.0171131   0.0147323           0   0.0278903
  0.0173432   0.0023348  -0.0278903           0
EndNode1[0]<--->Repeater1[0]
REAL
   0.449564  0.00743708  0.00759549    0.337982
 0.00743708   0.0797011  0.00887658   0.0146558
 0.00759549  0.00887658   0.0647572 -0.00220148
   0.337982   0.0146558 -0.00220148    0.405978
IMAGINARY
           0   0.00810796    0.0106765    0.0036124
 -0.00810796            0    0.0204518    0.0100177
  -0.0106765   -0.0204518            0  0.000570275
  -0.0036124   -0.0100177 -0.000570275            0
EndNode2[0]<--->HoM1[0]
REAL
    0.455939 -0.000474582  -0.00288169     0.345177
-0.000474582    0.0727969    0.0286972    0.0189692
 -0.00288169    0.0286972    0.0561941   0.00369208
    0.345177    0.0189692   0.00369208      0.41507
IMAGINARY
          0  0.00620839  -0.0116653  0.00632451
-0.00620839           0  0.00442818   0.0147864
  0.0116653 -0.00442818           0  0.00440334
-0.00632451  -0.0147864 -0.00440334           0
Repeater1[0]<--->EndNode1[0]
REAL
   0.449564  0.00759549  0.00743708    0.337982
 0.00759549   0.0647572  0.00887658 -0.00220148
 0.00743708  0.00887658   0.0797011   0.0146558
   0.337982 -0.00220148   0.0146558    0.405978
IMAGINARY
           0    0.0106765   0.00810796    0.0036124
  -0.0106765            0   -0.0204518  0.000570275
 -0.00810796    0.0204518            0    0.0100177
  -0.0036124 -0.000570275   -0.0100177            0
Repeater1[0]<--->HoM1[0]
REAL
    0.455939  -0.00288169 -0.000474582     0.345177
 -0.00288169    0.0561941    0.0286972   0.00369208
-0.000474582    0.0286972    0.0727969    0.0189692
    0.345177   0.00369208    0.0189692      0.41507
IMAGINARY
          0  -0.0116653  0.00620839  0.00632451
  0.0116653           0 -0.00442818  0.00440334
-0.00620839  0.00442818           0   0.0147864
-0.00632451 -0.00440334  -0.0147864           0
EndNode1[0]<--->Repeater1[0]
REAL
    0.441611 -0.000764331    0.0194536     0.321019
-0.000764331    0.0684564    0.0299363   0.00538713
   0.0194536    0.0299363    0.0778523    0.0192357
    0.321019   0.00538713    0.0192357     0.412081
IMAGINARY
          0  -0.0206009  0.00134374  -0.0191378
  0.0206009           0 -0.00485209   -0.009624
-0.00134374  0.00485209           0   0.0237856
  0.0191378    0.009624  -0.0237856           0
EndNode2[0]<--->HoM1[0]
REAL
    0.439532 -0.000862041  -0.00461112     0.352236
-0.000862041    0.0819246     0.030261  0.000327153
 -0.00461112     0.030261    0.0702211    0.0161619
    0.352236  0.000327153    0.0161619     0.408322
IMAGINARY
           0    0.0084975  -0.00361445   0.00456862
  -0.0084975            0 -0.000846539   0.00848232
  0.00361445  0.000846539            0   -0.0189287
 -0.00456862  -0.00848232    0.0189287            0
Repeater1[0]<--->EndNode1[0]
REAL
    0.441611    0.0194536 -0.000764331     0.321019
   0.0194536    0.0778523    0.0299363    0.0192357
-0.000764331    0.0299363    0.0684564   0.00538713
    0.321019    0.0192357   0.00538713     0.412081
IMAGINARY
          0  0.00134374  -0.0206009  -0.0191378
-0.00134374           0  0.00485209   0.0237856
  0.0206009 -0.00485209           0   -0.009624
  0.0191378  -0.0237856    0.009624           0
Repeater1[0]<--->HoM1[0]
REAL
    0.439532  -0.00461112 -0.000862041     0.352236
 -0.00461112    0.0702211     0.030261    0.0161619
-0.000862041     0.030261    0.0819246  0.000327153
    0.352236    0.0161619  0.000327153     0.408322
IMAGINARY
           0  -0.00361445    0.0084975   0.00456862
  0.00361445            0  0.000846539   -0.0189287
  -0.0084975 -0.000846539            0   0.00848232
 -0.00456862    0.0189287  -0.00848232            0
EndNode1[0]<--->Repeater1[0]
REAL
   0.445498   -0.022188 -0.00271313    0.346532
  -0.022188    0.063981   0.0154507  -0.0230083
-0.00271313   0.0154507   0.0687204 -0.00102401
   0.346532  -0.0230083 -0.00102401    0.421801
IMAGINARY
          0   0.0100914  0.00685183  0.00447416
 -0.0100914           0  -0.0239042  0.00936439
-0.00685183   0.0239042           0  -0.0222536
-0.00447416 -0.00936439   0.0222536           0
EndNode2[0]<--->HoM1[0]
REAL
   0.439451 0.000633674 -0.00875876    0.344881
0.000633674   0.0636704   0.0268119  0.00346775
-0.00875876   0.0268119   0.0724095 -0.00460193
   0.344881  0.00346775 -0.00460193    0.424469
IMAGINARY
           0  0.000924776  -0.00637954    0.0145392
-0.000924776            0   0.00792547   -0.0010462
  0.00637954  -0.00792547            0  -0.00463765
  -0.0145392    0.0010462   0.00463765            0
Repeater1[0]<--->EndNode1[0]
REAL
   0.445498 -0.00271313   -0.022188    0.346532
-0.00271313   0.0687204   0.0154507 -0.00102401
  -0.022188   0.0154507    0.063981  -0.0230083
   0.346532 -0.00102401  -0.0230083    0.421801
IMAGINARY
          0  0.00685183   0.0100914  0.00447416
-0.00685183           0   0.0239042  -0.0222536
 -0.0100914  -0.0239042           0  0.00936439
-0.00447416   0.0222536 -0.00936439           0
Repeater1[0]<--->HoM1[0]
REAL
   0.439451 -0.00875876 0.000633674    0.344881
-0.00875876   0.0724095   0.0268119 -0.00460193
0.000633674   0.0268119   0.0636704  0.00346775
   0.344881 -0.00460193  0.00346775    0.424469
IMAGINARY
           0  -0.00637954  0.000924776    0.0145392
  0.00637954            0  -0.00792547  -0.00463765
-0.000924776   0.00792547            0   -0.0010462
  -0.0145392   0.00463765    0.0010462            0
EndNode1[0]<--->Repeater1[0]
REAL
   0.428571  -0.0224838  0.00158626    0.359023
 -0.0224838   0.0654206   0.0125719 -0.00612582
 0.00158626   0.0125719   0.0787717  0.00108305
   0.359023 -0.00612582  0.00108305    0.427236
IMAGINARY
          0   0.0163904  -0.0025931 -0.00727824
 -0.0163904           0 -0.00408539  -0.0122456
  0.0025931  0.00408539           0   0.0100612
 0.00727824   0.0122456  -0.0100612           0
EndNode2[0]<--->HoM1[0]
REAL
  0.445013 -0.0225191 -0.0219606   0.351366
-0.0225191  0.0664962 0.00689136 -0.0294048
-0.0219606 0.00689136  0.0767263 -0.0171428
  0.351366 -0.0294048 -0.0171428   0.411765
IMAGINARY
           0    0.0209897  -0.00500196 -0.000178617
  -0.0209897            0   -0.0159105    -0.016144
  0.00500196    0.0159105            0  0.000156321
 0.000178617     0.016144 -0.000156321            0
Repeater1[0]<--->EndNode1[0]
REAL
   0.428571  0.00158626  -0.0224838    0.359023
 0.00158626   0.0787717   0.0125719  0.00108305
 -0.0224838   0.0125719   0.0654206 -0.00612582
   0.359023  0.00108305 -0.00612582    0.427236
IMAGINARY
          0  -0.0025931   0.0163904 -0.00727824
  0.0025931           0  0.00408539   0.0100612
 -0.0163904 -0.00408539           0  -0.0122456
 0.00727824  -0.0100612   0.0122456           0
Repeater1[0]<--->HoM1[0]
REAL
  0.445013 -0.0219606 -0.0225191   0.351366
-0.0219606  0.0767263 0.00689136 -0.0171428
-0.0225191 0.00689136  0.0664962 -0.0294048
  0.351366 -0.0171428 -0.0294048   0.411765
IMAGINARY
           0  -0.00500196    0.0209897 -0.000178617
  0.00500196            0    0.0159105  0.000156321
  -0.0209897   -0.0159105            0    -0.016144
 0.000178617 -0.000156321     0.016144            0
EndNode1[0]<--->Repeater1[0]
REAL
   0.419562 -0.00475701  0.00943194    0.347617
-0.00475701   0.0694981   0.0117393 -0.00883599
 0.00943194   0.0117393   0.0694981   0.0148881
   0.347617 -0.00883599   0.0148881    0.441441
IMAGINARY
          0   0.0293549  0.00815018 -0.00345628
 -0.0293549           0  -0.0014099 -0.00433339
-0.00815018   0.0014099           0 -0.00645413
 0.00345628  0.00433339  0.00645413           0
EndNode2[0]<--->HoM1[0]
REAL
    0.427461    0.0032189  -0.00509863      0.33029
   0.0032189    0.0699482     0.025721 -0.000845892
 -0.00509863     0.025721    0.0621762   -0.0157684
     0.33029 -0.000845892   -0.0157684     0.440415
IMAGINARY
          0 -0.00726672   0.0161661  -0.0047022
 0.00726672           0  -0.0111289 -0.00601385
 -0.0161661   0.0111289           0   0.0148809
  0.0047022  0.00601385  -0.0148809           0
Repeater1[0]<--->EndNode1[0]
REAL
   0.419562  0.00943194 -0.00475701    0.347617
 0.00943194   0.0694981   0.0117393   0.0148881
-0.00475701   0.0117393   0.0694981 -0.00883599
   0.347617   0.0148881 -0.00883599    0.441441
IMAGINARY
          0  0.00815018   0.0293549 -0.00345628
-0.00815018           0   0.0014099 -0.00645413
 -0.0293549  -0.0014099           0 -0.00433339
 0.00345628  0.00645413  0.00433339           0
Repeater1[0]<--->HoM1[0]
REAL
    0.427461  -0.00509863    0.0032189      0.33029
 -0.00509863    0.0621762     0.025721   -0.0157684
   0.0032189     0.025721    0.0699482 -0.000845892
     0.33029   -0.0157684 -0.000845892     0.440415
IMAGINARY
          0   0.0161661 -0.00726672  -0.0047022
 -0.0161661           0   0.0111289   0.0148809
 0.00726672  -0.0111289           0 -0.00601385
  0.0047022  -0.0148809  0.00601385           0
EndNode1[0]<--->Repeater1[0]
REAL
  0.439433  0.0058273  -0.018428   0.357937
 0.0058273  0.0824742  0.0146248   0.021679
 -0.018428  0.0146248  0.0734536 -0.0129794
  0.357937   0.021679 -0.0129794   0.404639
IMAGINARY
           0   -0.0146056    0.0254031   0.00602947
   0.0146056            0    0.0122951 -0.000562308
  -0.0254031   -0.0122951            0  -0.00386574
 -0.00602947  0.000562308   0.00386574            0
EndNode2[0]<--->HoM1[0]
REAL
  0.427184 -0.0135687 0.00503189   0.337929
-0.0135687  0.0776699  0.0141254 -0.0201004
0.00503189  0.0141254  0.0901526 -0.0179382
  0.337929 -0.0201004 -0.0179382   0.404993
IMAGINARY
          0 -0.00596082   0.0083334   -0.022883
 0.00596082           0  -0.0144304 -0.00424938
 -0.0083334   0.0144304           0 -0.00162377
   0.022883  0.00424938  0.00162377           0
Repeater1[0]<--->EndNode1[0]
REAL
  0.439433  -0.018428  0.0058273   0.357937
 -0.018428  0.0734536  0.0146248 -0.0129794
 0.0058273  0.0146248  0.0824742   0.021679
  0.357937 -0.0129794   0.021679   0.404639
IMAGINARY
           0    0.0254031   -0.0146056   0.00602947
  -0.0254031            0   -0.0122951  -0.00386574
   0.0146056    0.0122951            0 -0.000562308
 -0.00602947   0.00386574  0.000562308            0
Repeater1[0]<--->HoM1[0]
REAL
  0.427184 0.00503189 -0.0135687   0.337929
0.00503189  0.0901526  0.0141254 -0.0179382
-0.0135687  0.0141254  0.0776699 -0.0201004
  0.337929 -0.0179382 -0.0201004   0.404993
IMAGINARY
          0   0.0083334 -0.00596082   -0.022883
 -0.0083334           0   0.0144304 -0.00162377
 0.00596082  -0.0144304           0 -0.00424938
   0.022883  0.00162377  0.00424938           0
EndNode1[0]<--->Repeater1[0]
REAL
   0.409429  0.00679268 -0.00182259     0.35747
 0.00679268   0.0694789   0.0234827   -0.013215
-0.00182259   0.0234827   0.0595533  -0.0205771
    0.35747   -0.013215  -0.0205771    0.461538
IMAGINARY
           0   -0.0049737  -0.00466315   -0.0139535
   0.0049737            0   0.00372329    0.0196958
  0.00466315  -0.00372329            0 -0.000908656
   0.0139535   -0.0196958  0.000908656            0
EndNode2[0]<--->HoM1[0]
REAL
   0.413299   0.0210459  0.00936162    0.331251
  0.0210459   0.0677966   0.0118616 -0.00298406
 0.00936162   0.0118616   0.0795306 -0.00318878
   0.331251 -0.00298406 -0.00318878    0.439374
IMAGINARY
          0  0.00242779  -0.0182603   -0.024607
-0.00242779           0 -0.00561968  -0.0182603
  0.0182603  0.00561968           0   0.0128445
   0.024607   0.0182603  -0.0128445           0
Repeater1[0]<--->EndNode1[0]
REAL
   0.409429 -0.00182259  0.00679268     0.35747
-0.00182259   0.0595533   0.0234827  -0.0205771
 0.00679268   0.0234827   0.0694789   -0.013215
    0.35747  -0.0205771   -0.013215    0.461538
IMAGINARY
           0  -0.00466315   -0.0049737   -0.0139535
  0.00466315            0  -0.00372329 -0.000908656
   0.0049737   0.00372329            0    0.0196958
   0.0139535  0.000908656   -0.0196958            0
Repeater1[0]<--->HoM1[0]
REAL
   0.413299  0.00936162   0.0210459    0.331251
 0.00936162   0.0795306   0.0118616 -0.00318878
  0.0210459   0.0118616   0.0677966 -0.00298406
   0.331251 -0.00318878 -0.00298406    0.439374
IMAGINARY
          0  -0.0182603  0.00242779   -0.024607
  0.0182603           0  0.00561968   0.0128445
-0.00242779 -0.00561968           0  -0.0182603
   0.024607  -0.0128445   0.0182603           0
EndNode1[0]<--->Repeater1[0]
REAL
 0.440154 0.0156454 0.0133595  0.341454
0.0156454 0.0617761 0.0125229 0.0120642
0.0133595 0.0125229 0.0694981 0.0149935
 0.341454 0.0120642 0.0149935  0.428571
IMAGINARY
           0  0.000509783  -0.00408569  0.000503246
-0.000509783            0   -0.0129411  -0.00283255
  0.00408569    0.0129411            0   0.00389273
-0.000503246   0.00283255  -0.00389273            0
EndNode2[0]<--->HoM1[0]
REAL
  0.428951 -0.0234837 -0.0188994   0.334598
-0.0234837  0.0557769  0.0281467 -0.0105123
-0.0188994  0.0281467  0.0690571 -0.0203071
  0.334598 -0.0105123 -0.0203071   0.446215
IMAGINARY
          0   0.0127875  0.00704442   0.0143234
 -0.0127875           0   0.0136664  0.00392332
-0.00704442  -0.0136664           0  0.00463189
 -0.0143234 -0.00392332 -0.00463189           0
Repeater1[0]<--->EndNode1[0]
REAL
 0.440154 0.0133595 0.0156454  0.341454
0.0133595 0.0694981 0.0125229 0.0149935
0.0156454 0.0125229 0.0617761 0.0120642
 0.341454 0.0149935 0.0120642  0.428571
IMAGINARY
           0  -0.00408569  0.000509783  0.000503246
  0.00408569            0    0.0129411   0.00389273
-0.000509783   -0.0129411            0  -0.00283255
-0.000503246  -0.00389273   0.00283255            0
Repeater1[0]<--->HoM1[0]
REAL
  0.428951 -0.0188994 -0.0234837   0.334598
-0.0188994  0.0690571  0.0281467 -0.0203071
-0.0234837  0.0281467  0.0557769 -0.0105123
  0.334598 -0.0203071 -0.0105123   0.446215
IMAGINARY
          0  0.00704442   0.0127875   0.0143234
-0.00704442           0  -0.0136664  0.00463189
 -0.0127875   0.0136664           0  0.00392332
 -0.0143234 -0.00463189 -0.00392332           0
EndNode1[0]<--->Repeater1[0]
REAL
   0.436457   0.0150314   0.0150414    0.347926
  0.0150314   0.0667522   0.0242448  -0.0157072
  0.0150414   0.0242448   0.0731707 -0.00238157
   0.347926  -0.0157072 -0.00238157     0.42362
IMAGINARY
          0   0.0120247  0.00719351   0.0211139
 -0.0120247           0   0.0109616 -0.00397601
-0.00719351  -0.0109616           0 -0.00365915
 -0.0211139  0.00397601  0.00365915           0
EndNode2[0]<--->HoM1[0]
REAL
  0.429293  0.0137078  0.0117503   0.349212
 0.0137078  0.0542929  0.0189761 -0.0022446
 0.0117503  0.0189761  0.0618687 0.00847219
  0.349212 -0.0022446 0.00847219   0.454545
IMAGINARY
          0  -0.0136943  -0.0128369   0.0174724
  0.0136943           0   0.0194129   0.0184131
  0.0128369  -0.0194129           0 -0.00799092
 -0.0174724  -0.0184131  0.00799092           0
Repeater1[0]<--->EndNode1[0]
REAL
   0.436457   0.0150414   0.0150314    0.347926
  0.0150414   0.0731707   0.0242448 -0.00238157
  0.0150314   0.0242448   0.0667522  -0.0157072
   0.347926 -0.00238157  -0.0157072     0.42362
IMAGINARY
          0  0.00719351   0.0120247   0.0211139
-0.00719351           0  -0.0109616 -0.00365915
 -0.0120247   0.0109616           0 -0.00397601
 -0.0211139  0.00365915  0.00397601           0
Repeater1[0]<--->HoM1[0]
REAL
  0.429293  0.0117503  0.0137078   0.349212
 0.0117503  0.0618687  0.0189761 0.00847219
 0.0137078  0.0189761  0.0542929 -0.0022446
  0.349212 0.00847219 -0.0022446   0.454545
IMAGINARY
          0  -0.0128369  -0.0136943   0.0174724
  0.0128369           0  -0.0194129 -0.00799092
  0.0136943   0.0194129           0   0.0184131
 -0.0174724  0.00799092  -0.0184131           0
EndNode1[0]<--->Repeater1[0]
REAL
   0.444048   0.0438896   0.0186702    0.342429
  0.0438896   0.0535714   0.0355237   0.0206999
  0.0186702   0.0355237   0.0619048 -0.00320718
   0.342429   0.0206999 -0.00320718    0.440476
IMAGINARY
          0 -0.00792666 -0.00687853  -0.0141502
 0.00792666           0 -0.00243144  0.00176344
 0.00687853  0.00243144           0   0.0015328
  0.0141502 -0.00176344  -0.0015328           0
EndNode2[0]<--->HoM1[0]
REAL
    0.43389  -0.0156033   0.0237311    0.350884
 -0.0156033   0.0693196  0.00512611 -0.00986059
  0.0237311  0.00512611   0.0731707   0.0255108
   0.350884 -0.00986059   0.0255108     0.42362
IMAGINARY
          0  -0.0177171   0.0125309  -0.0121359
  0.0177171           0   0.0121359   0.0106054
 -0.0125309  -0.0121359           0  0.00486359
  0.0121359  -0.0106054 -0.00486359           0
Repeater1[0]<--->EndNode1[0]
REAL
   0.444048   0.0186702   0.0438896    0.342429
  0.0186702   0.0619048   0.0355237 -0.00320718
  0.0438896   0.0355237   0.0535714   0.0206999
   0.342429 -0.00320718   0.0206999    0.440476
IMAGINARY
          0 -0.00687853 -0.00792666  -0.0141502
 0.00687853           0  0.00243144   0.0015328
 0.00792666 -0.00243144           0  0.00176344
  0.0141502  -0.0015328 -0.00176344           0
Repeater1[0]<--->HoM1[0]
REAL
    0.43389   0.0237311  -0.0156033    0.350884
  0.0237311   0.0731707  0.00512611   0.0255108
 -0.0156033  0.00512611   0.0693196 -0.00986059
   0.350884   0.0255108 -0.00986059     0.42362
IMAGINARY
          0   0.0125309  -0.0177171  -0.0121359
 -0.0125309           0  -0.0121359  0.00486359
  0.0177171   0.0121359           0   0.0106054
  0.0121359 -0.00486359  -0.0106054           0
EndNode1[0]<--->Repeater1[0]
REAL
  0.421935  0.0113693   0.012932   0.333168
 0.0113693  0.0683871  0.0349224 0.00968105
  0.012932  0.0349224  0.0825806  0.0175252
  0.333168 0.00968105  0.0175252   0.427097
IMAGINARY
          0   0.0081446  0.00712067   0.0122895
 -0.0081446           0   0.0224418   0.0104232
-0.00712067  -0.0224418           0   -0.011904
 -0.0122895  -0.0104232    0.011904           0
EndNode2[0]<--->HoM1[0]
REAL
   0.40975 0.00495632  0.0183344   0.339714
0.00495632  0.0671937  0.0244686 -0.0279498
 0.0183344  0.0244686  0.0909091 -0.0205813
  0.339714 -0.0279498 -0.0205813   0.432148
IMAGINARY
          0  -0.0158784  -0.0219686  -0.0109629
  0.0158784           0 -0.00641158   0.0232606
  0.0219686  0.00641158           0   0.0107104
  0.0109629  -0.0232606  -0.0107104           0
Repeater1[0]<--->EndNode1[0]
REAL
  0.421935   0.012932  0.0113693   0.333168
  0.012932  0.0825806  0.0349224  0.0175252
 0.0113693  0.0349224  0.0683871 0.00968105
  0.333168  0.0175252 0.00968105   0.427097
IMAGINARY
          0  0.00712067   0.0081446   0.0122895
-0.00712067           0  -0.0224418   -0.011904
 -0.0081446   0.0224418           0   0.0104232
 -0.0122895    0.011904  -0.0104232           0
Repeater1[0]<--->HoM1[0]
REAL
   0.40975  0.0183344 0.00495632   0.339714
 0.0183344  0.0909091  0.0244686 -0.0205813
0.00495632  0.0244686  0.0671937 -0.0279498
  0.339714 -0.0205813 -0.0279498   0.432148
IMAGINARY
          0  -0.0219686  -0.0158784  -0.0109629
  0.0219686           0  0.00641158   0.0107104
  0.0158784 -0.00641158           0   0.0232606
  0.0109629  -0.0107104  -0.0232606           0
EndNode1[0]<--->Repeater1[0]
REAL
   0.420732   0.0166908 -0.00894598    0.354783
  0.0166908   0.0707317   0.0155872  0.00233222
-0.00894598   0.0155872   0.0658537  -0.0180136
   0.354783  0.00233222  -0.0180136    0.442683
IMAGINARY
          0  0.00397495 -0.00477469  -0.0136022
-0.00397495           0 -0.00521505 -0.00150672
 0.00477469  0.00521505           0  -0.0077438
  0.0136022  0.00150672   0.0077438           0
EndNode2[0]<--->HoM1[0]
REAL
  0.376704 -0.0023175 0.00996487   0.344841
-0.0023175  0.0904585  0.0158252 -0.0229118
0.00996487  0.0158252   0.070632  0.0103323
  0.344841 -0.0229118  0.0103323   0.462206
IMAGINARY
          0 -0.00258217   0.0131484 -0.00885721
 0.00258217           0  0.00756855  0.00110026
 -0.0131484 -0.00756855           0 -0.00389451
 0.00885721 -0.00110026  0.00389451           0
Repeater1[0]<--->EndNode1[0]
REAL
   0.420732 -0.00894598   0.0166908    0.354783
-0.00894598   0.0658537   0.0155872  -0.0180136
  0.0166908   0.0155872   0.0707317  0.00233222
   0.354783  -0.0180136  0.00233222    0.442683
IMAGINARY
          0 -0.00477469  0.00397495  -0.0136022
 0.00477469           0  0.00521505  -0.0077438
-0.00397495 -0.00521505           0 -0.00150672
  0.0136022   0.0077438  0.00150672           0
Repeater1[0]<--->HoM1[0]
REAL
  0.376704 0.00996487 -0.0023175   0.344841
0.00996487   0.070632  0.0158252  0.0103323
-0.0023175  0.0158252  0.0904585 -0.0229118
  0.344841  0.0103323 -0.0229118   0.462206
IMAGINARY
          0   0.0131484 -0.00258217 -0.00885721
 -0.0131484           0 -0.00756855 -0.00389451
 0.00258217  0.00756855           0  0.00110026
 0.00885721  0.00389451 -0.00110026           0
EndNode1[0]<--->Repeater1[0]
REAL
    0.449799 -0.000388657   -0.0144462     0.348324
-0.000388657    0.0736278    0.0122587   0.00113822
  -0.0144462    0.0122587    0.0575636  -0.00531477
    0.348324   0.00113822  -0.00531477     0.419009
IMAGINARY
           0    0.0243258  0.000514056   0.00121758
  -0.0243258            0   0.00252307   -0.0278365
-0.000514056  -0.00252307            0  -0.00793231
 -0.00121758    0.0278365   0.00793231            0
EndNode2[0]<--->HoM1[0]
REAL
  0.395161  0.0142199  0.0101321   0.340143
 0.0142199  0.0981183  0.0228711  0.0166425
 0.0101321  0.0228711  0.0591398 0.00259202
  0.340143  0.0166425 0.00259202   0.447581
IMAGINARY
          0 -0.00376214  0.00531915  -0.0170979
 0.00376214           0 -0.00218226  0.00531915
-0.00531915  0.00218226           0  0.00814262
  0.0170979 -0.00531915 -0.00814262           0
Repeater1[0]<--->EndNode1[0]
REAL
    0.449799   -0.0144462 -0.000388657     0.348324
  -0.0144462    0.0575636    0.0122587  -0.00531477
-0.000388657    0.0122587    0.0736278   0.00113822
    0.348324  -0.00531477   0.00113822     0.419009
IMAGINARY
           0  0.000514056    0.0243258   0.00121758
-0.000514056            0  -0.00252307  -0.00793231
  -0.0243258   0.00252307            0   -0.0278365
 -0.00121758   0.00793231    0.0278365            0
Repeater1[0]<--->HoM1[0]
REAL
  0.395161  0.0101321  0.0142199   0.340143
 0.0101321  0.0591398  0.0228711 0.00259202
 0.0142199  0.0228711  0.0981183  0.0166425
  0.340143 0.00259202  0.0166425   0.447581
IMAGINARY
          0  0.00531915 -0.00376214  -0.0170979
-0.00531915           0  0.00218226  0.00814262
 0.00376214 -0.00218226           0  0.00531915
  0.0170979 -0.00814262 -0.00531915           0
EndNode1[0]<--->Repeater1[0]
REAL
   0.420147 -0.00933529 -0.00182856     0.34306
-0.00933529   0.0552826   0.0152618  -0.0112388
-0.00182856   0.0152618   0.0749386   0.0058965
    0.34306  -0.0112388   0.0058965    0.449631
IMAGINARY
          0  0.00704544  0.00494934  -0.0252013
-0.00704544           0  0.00351931   0.0128858
-0.00494934 -0.00351931           0 -0.00766044
  0.0252013  -0.0128858  0.00766044           0
EndNode2[0]<--->HoM1[0]
REAL
   0.414338   0.0142807   0.0093174    0.342803
  0.0142807   0.0765492   0.0258838 -0.00300426
  0.0093174   0.0258838   0.0765492  0.00718394
   0.342803 -0.00300426  0.00718394    0.432564
IMAGINARY
           0 -0.000494107  -0.00918669   0.00233731
 0.000494107            0   0.00502548  -0.00343957
  0.00918669  -0.00502548            0     0.014383
 -0.00233731   0.00343957    -0.014383            0
Repeater1[0]<--->EndNode1[0]
REAL
   0.420147 -0.00182856 -0.00933529     0.34306
-0.00182856   0.0749386   0.0152618   0.0058965
-0.00933529   0.0152618   0.0552826  -0.0112388
    0.34306   0.0058965  -0.0112388    0.449631
IMAGINARY
          0  0.00494934  0.00704544  -0.0252013
-0.00494934           0 -0.00351931 -0.00766044
-0.00704544  0.00351931           0   0.0128858
  0.0252013  0.00766044  -0.0128858           0
Repeater1[0]<--->HoM1[0]
REAL
   0.414338   0.0093174   0.0142807    0.342803
  0.0093174   0.0765492   0.0258838  0.00718394
  0.0142807   0.0258838   0.0765492 -0.00300426
   0.342803  0.00718394 -0.00300426    0.432564
IMAGINARY
           0  -0.00918669 -0.000494107   0.00233731
  0.00918669            0  -0.00502548     0.014383
 0.000494107   0.00502548            0  -0.00343957
 -0.00233731    -0.014383   0.00343957            0
EndNode1[0]<--->Repeater1[0]
REAL
  0.439614  0.0184077  0.0191919   0.327387
 0.0184077  0.0615942  0.0141719 0.00808081
 0.0191919  0.0141719  0.0748792  0.0140599
  0.327387 0.00808081  0.0140599   0.423913
IMAGINARY
          0   0.0172297 -0.00396933 -0.00731616
 -0.0172297           0  0.00855686  0.00841659
 0.00396933 -0.00855686           0   0.0126305
 0.00731616 -0.00841659  -0.0126305           0
EndNode2[0]<--->HoM1[0]
REAL
   0.418136  -0.0166628 -0.00774382    0.331029
 -0.0166628   0.0604534   0.0247534  -0.0065419
-0.00774382   0.0247534   0.0755668 -0.00850724
   0.331029  -0.0065419 -0.00850724    0.445844
IMAGINARY
         0 -0.0125986  0.0239354  0.0108956
 0.0125986          0 -0.0156062 -0.0068822
-0.0239354  0.0156062          0 -0.0153687
-0.0108956  0.0068822  0.0153687          0
Repeater1[0]<--->EndNode1[0]
REAL
  0.439614  0.0191919  0.0184077   0.327387
 0.0191919  0.0748792  0.0141719  0.0140599
 0.0184077  0.0141719  0.0615942 0.00808081
  0.327387  0.0140599 0.00808081   0.423913
IMAGINARY
          0 -0.00396933   0.0172297 -0.00731616
 0.00396933           0 -0.00855686   0.0126305
 -0.0172297  0.00855686           0  0.00841659
 0.00731616  -0.0126305 -0.00841659           0
Repeater1[0]<--->HoM1[0]
REAL
   0.418136 -0.00774382  -0.0166628    0.331029
-0.00774382   0.0755668   0.0247534 -0.00850724
 -0.0166628   0.0247534   0.0604534  -0.0065419
   0.331029 -0.00850724  -0.0065419    0.445844
IMAGINARY
         0  0.0239354 -0.0125986  0.0108956
-0.0239354          0  0.0156062 -0.0153687
 0.0125986 -0.0156062          0 -0.0068822
-0.0108956  0.0153687  0.0068822          0
EndNode1[0]<--->Repeater1[0]
REAL
   0.434211  -0.0126206 -0.00296212    0.336158
 -0.0126206   0.0763158   0.0284655  -0.0321592
-0.00296212   0.0284655   0.0552632 -0.00206651
   0.336158  -0.0321592 -0.00206651    0.434211
IMAGINARY
           0  0.000718335    0.0226459   0.00982964
-0.000718335            0   0.00515674   -0.0213639
  -0.0226459  -0.00515674            0   0.00825602
 -0.00982964    0.0213639  -0.00825602            0
EndNode2[0]<--->HoM1[0]
REAL
  0.451108  0.0391367 0.00478063    0.35452
 0.0391367  0.0677966 0.00280856  0.0231052
0.00478063 0.00280856  0.0599739 -0.0112509
   0.35452  0.0231052 -0.0112509   0.421121
IMAGINARY
          0 -0.00815467 -0.00064567  0.00658602
 0.00815467           0  -0.0179649 -0.00379032
 0.00064567   0.0179649           0  0.00371868
-0.00658602  0.00379032 -0.00371868           0
Repeater1[0]<--->EndNode1[0]
REAL
   0.434211 -0.00296212  -0.0126206    0.336158
-0.00296212   0.0552632   0.0284655 -0.00206651
 -0.0126206   0.0284655   0.0763158  -0.0321592
   0.336158 -0.00206651  -0.0321592    0.434211
IMAGINARY
           0    0.0226459  0.000718335   0.00982964
  -0.0226459            0  -0.00515674   0.00825602
-0.000718335   0.00515674            0   -0.0213639
 -0.00982964  -0.00825602    0.0213639            0
Repeater1[0]<--->HoM1[0]
REAL
  0.451108 0.00478063  0.0391367    0.35452
0.00478063  0.0599739 0.00280856 -0.0112509
 0.0391367 0.00280856  0.0677966  0.0231052
   0.35452 -0.0112509  0.0231052   0.421121
IMAGINARY
          0 -0.00064567 -0.00815467  0.00658602
 0.00064567           0   0.0179649  0.00371868
 0.00815467  -0.0179649           0 -0.00379032
-0.00658602 -0.00371868  0.00379032           0
EndNode1[0]<--->Repeater1[0]
REAL
  0.371356   0.020692 -0.0147189   0.329938
  0.020692  0.0760456  0.0238778  0.0464136
-0.0147189  0.0238778  0.0811153  0.0200583
  0.329938  0.0464136  0.0200583   0.471483
IMAGINARY
          0   0.0116667  -0.0112005  0.00557619
 -0.0116667           0 -0.00425343   0.0105944
  0.0112005  0.00425343           0  -0.0110606
-0.00557619  -0.0105944   0.0110606           0
EndNode2[0]<--->HoM1[0]
REAL
  0.432266  0.0100795 0.00150754   0.355562
 0.0100795  0.0529557  0.0239559    0.01121
0.00150754  0.0239559  0.0652709  0.0133475
  0.355562    0.01121  0.0133475   0.449507
IMAGINARY
          0   0.0282107   0.0126255 -0.00575946
 -0.0282107           0    0.012253 -0.00226282
 -0.0126255   -0.012253           0  0.00287737
 0.00575946  0.00226282 -0.00287737           0
Repeater1[0]<--->EndNode1[0]
REAL
  0.371356 -0.0147189   0.020692   0.329938
-0.0147189  0.0811153  0.0238778  0.0200583
  0.020692  0.0238778  0.0760456  0.0464136
  0.329938  0.0200583  0.0464136   0.471483
IMAGINARY
          0  -0.0112005   0.0116667  0.00557619
  0.0112005           0  0.00425343  -0.0110606
 -0.0116667 -0.00425343           0   0.0105944
-0.00557619   0.0110606  -0.0105944           0
Repeater1[0]<--->HoM1[0]
REAL
  0.432266 0.00150754  0.0100795   0.355562
0.00150754  0.0652709  0.0239559  0.0133475
 0.0100795  0.0239559  0.0529557    0.01121
  0.355562  0.0133475    0.01121   0.449507
IMAGINARY
          0   0.0126255   0.0282107 -0.00575946
 -0.0126255           0   -0.012253  0.00287737
 -0.0282107    0.012253           0 -0.00226282
 0.00575946 -0.00287737  0.00226282           0
EndNode1[0]<--->Repeater1[0]
REAL
   0.430279  0.00723566 -0.00877867    0.346259
 0.00723566   0.0916335  0.00695161   0.0159871
-0.00877867  0.00695161    0.063745  -0.0105122
   0.346259   0.0159871  -0.0105122    0.414343
IMAGINARY
           0   0.00386716 -0.000341965  -0.00252326
 -0.00386716            0    -0.011384   0.00219611
 0.000341965     0.011384            0   -0.0205544
  0.00252326  -0.00219611    0.0205544            0
EndNode2[0]<--->HoM1[0]
REAL
   0.421466 -0.00912986  -0.0272114    0.334038
-0.00912986   0.0510471   0.0198085  -0.0253527
 -0.0272114   0.0198085   0.0772251  -0.0177932
   0.334038  -0.0253527  -0.0177932    0.450262
IMAGINARY
          0 -0.00512729  -0.0228371  -0.0101718
 0.00512729           0   0.0128243  0.00241546
  0.0228371  -0.0128243           0   0.0084211
  0.0101718 -0.00241546  -0.0084211           0
Repeater1[0]<--->EndNode1[0]
REAL
   0.430279 -0.00877867  0.00723566    0.346259
-0.00877867    0.063745  0.00695161  -0.0105122
 0.00723566  0.00695161   0.0916335   0.0159871
   0.346259  -0.0105122   0.0159871    0.414343
IMAGINARY
           0 -0.000341965   0.00386716  -0.00252326
 0.000341965            0     0.011384   -0.0205544
 -0.00386716    -0.011384            0   0.00219611
  0.00252326    0.0205544  -0.00219611            0
Repeater1[0]<--->HoM1[0]
REAL
   0.421466  -0.0272114 -0.00912986    0.334038
 -0.0272114   0.0772251   0.0198085  -0.0177932
-0.00912986   0.0198085   0.0510471  -0.0253527
   0.334038  -0.0177932  -0.0253527    0.450262
IMAGINARY
          0  -0.0228371 -0.00512729  -0.0101718
  0.0228371           0  -0.0128243   0.0084211
 0.00512729   0.0128243           0  0.00241546
  0.0101718  -0.0084211 -0.00241546           0
EndNode1[0]<--->Repeater1[0]
REAL
   0.421189 0.000227251 -0.00816993    0.322249
0.000227251   0.0839793   0.0354537  0.00816993
-0.00816993   0.0354537   0.0594315  -0.0145876
   0.322249  0.00816993  -0.0145876    0.435401
IMAGINARY
          0   0.0130487   0.0062628   0.0100146
 -0.0130487           0  0.00297238  -0.0193302
 -0.0062628 -0.00297238           0  0.00964733
 -0.0100146   0.0193302 -0.00964733           0
EndNode2[0]<--->HoM1[0]
REAL
  0.432642 0.00884974 -0.0048662   0.346123
0.00884974  0.0686528 0.00741284 0.00107832
-0.0048662 0.00741284  0.0621762  0.0075644
  0.346123 0.00107832  0.0075644   0.436528
IMAGINARY
          0 -0.00256242 -0.00222937  -0.0102259
 0.00256242           0  0.00582343 -0.00357708
 0.00222937 -0.00582343           0  0.00449791
  0.0102259  0.00357708 -0.00449791           0
Repeater1[0]<--->EndNode1[0]
REAL
   0.421189 -0.00816993 0.000227251    0.322249
-0.00816993   0.0594315   0.0354537  -0.0145876
0.000227251   0.0354537   0.0839793  0.00816993
   0.322249  -0.0145876  0.00816993    0.435401
IMAGINARY
          0   0.0062628   0.0130487   0.0100146
 -0.0062628           0 -0.00297238  0.00964733
 -0.0130487  0.00297238           0  -0.0193302
 -0.0100146 -0.00964733   0.0193302           0
Repeater1[0]<--->HoM1[0]
REAL
  0.432642 -0.0048662 0.00884974   0.346123
-0.0048662  0.0621762 0.00741284  0.0075644
0.00884974 0.00741284  0.0686528 0.00107832
  0.346123  0.0075644 0.00107832   0.436528
IMAGINARY
          0 -0.00222937 -0.00256242  -0.0102259
 0.00222937           0 -0.00582343  0.00449791
 0.00256242  0.00582343           0 -0.00357708
  0.0102259 -0.00449791  0.00357708           0
EndNode1[0]<--->Repeater1[0]
REAL
   0.435832 -0.00843111 -0.00816737    0.348221
-0.00843111   0.0597205   0.0197534 -0.00425093
-0.00816737   0.0197534    0.064803  -0.0209807
   0.348221 -0.00425093  -0.0209807    0.439644
IMAGINARY
          0    0.010351  -0.0104607  -0.0171958
  -0.010351           0  -0.0171958  0.00437799
  0.0104607   0.0171958           0  0.00181443
  0.0171958 -0.00437799 -0.00181443           0
EndNode2[0]<--->HoM1[0]
REAL
   0.417871 -0.00980578 2.57674e-05     0.34051
-0.00980578   0.0551905   0.0189839  -0.0101523
2.57674e-05   0.0189839   0.0788436 -0.00918156
    0.34051  -0.0101523 -0.00918156    0.448095
IMAGINARY
          0  -0.0125545  -0.0047201  0.00970443
  0.0125545           0  -0.0144891 -0.00345428
  0.0047201   0.0144891           0   0.0111922
-0.00970443  0.00345428  -0.0111922           0
Repeater1[0]<--->EndNode1[0]
REAL
   0.435832 -0.00816737 -0.00843111    0.348221
-0.00816737    0.064803   0.0197534  -0.0209807
-0.00843111   0.0197534   0.0597205 -0.00425093
   0.348221  -0.0209807 -0.00425093    0.439644
IMAGINARY
          0  -0.0104607    0.010351  -0.0171958
  0.0104607           0   0.0171958  0.00181443
  -0.010351  -0.0171958           0  0.00437799
  0.0171958 -0.00181443 -0.00437799           0
Repeater1[0]<--->HoM1[0]
REAL
   0.417871 2.57674e-05 -0.00980578     0.34051
2.57674e-05   0.0788436   0.0189839 -0.00918156
-0.00980578   0.0189839   0.0551905  -0.0101523
    0.34051 -0.00918156  -0.0101523    0.448095
IMAGINARY
          0  -0.0047201  -0.0125545  0.00970443
  0.0047201           0   0.0144891   0.0111922
  0.0125545  -0.0144891           0 -0.00345428
-0.00970443  -0.0111922  0.00345428           0
EndNode1[0]<--->Repeater1[0]
REAL
  0.441354 -0.0169887 -0.0228071   0.331591
-0.0169887  0.0689238  0.0329072   0.010612
-0.0228071  0.0329072  0.0749698 0.00750357
  0.331591   0.010612 0.00750357   0.414752
IMAGINARY
          0 -0.00345059   0.0204516  0.00555211
 0.00345059           0  0.00285669    -0.01782
 -0.0204516 -0.00285669           0  -0.0136547
-0.00555211     0.01782   0.0136547           0
EndNode2[0]<--->HoM1[0]
REAL
  0.427815 -0.0129094  0.0109717   0.337938
-0.0129094  0.0741722  0.0218755  0.0230737
 0.0109717  0.0218755  0.0635762 0.00823654
  0.337938  0.0230737 0.00823654   0.434437
IMAGINARY
          0   -0.010006   0.0178069  0.00595985
   0.010006           0 -0.00595985  0.00291853
 -0.0178069  0.00595985           0 -0.00812868
-0.00595985 -0.00291853  0.00812868           0
Repeater1[0]<--->EndNode1[0]
REAL
  0.441354 -0.0228071 -0.0169887   0.331591
-0.0228071  0.0749698  0.0329072 0.00750357
-0.0169887  0.0329072  0.0689238   0.010612
  0.331591 0.00750357   0.010612   0.414752
IMAGINARY
          0   0.0204516 -0.00345059  0.00555211
 -0.0204516           0 -0.00285669  -0.0136547
 0.00345059  0.00285669           0    -0.01782
-0.00555211   0.0136547     0.01782           0
Repeater1[0]<--->HoM1[0]
REAL
  0.427815  0.0109717 -0.0129094   0.337938
 0.0109717  0.0635762  0.0218755 0.00823654
-0.0129094  0.0218755  0.0741722  0.0230737
  0.337938 0.00823654  0.0230737   0.434437
IMAGINARY
          0   0.0178069   -0.010006  0.00595985
 -0.0178069           0  0.00595985 -0.00812868
   0.010006 -0.00595985           0  0.00291853
-0.00595985  0.00812868 -0.00291853           0
EndNode1[0]<--->Repeater1[0]
REAL
   0.437419  0.00227339   -0.019222    0.347282
 0.00227339   0.0619355   0.0185241 -0.00206829
  -0.019222   0.0185241   0.0632258 -0.00807984
   0.347282 -0.00206829 -0.00807984    0.437419
IMAGINARY
           0  -0.00719804 -0.000510856   -0.0229732
  0.00719804            0    0.0109021     0.011622
 0.000510856   -0.0109021            0    -0.010449
   0.0229732    -0.011622     0.010449            0
EndNode2[0]<--->HoM1[0]
REAL
   0.436031   0.0152433   0.0117501     0.34235
  0.0152433   0.0665796    0.030018 9.20371e-05
  0.0117501    0.030018   0.0652742  0.00580933
    0.34235 9.20371e-05  0.00580933    0.432115
IMAGINARY
           0    0.0231515   -0.0140347   0.00318067
  -0.0231515            0 -4.04665e-06   0.00197039
   0.0140347  4.04665e-06            0 -0.000363324
 -0.00318067  -0.00197039  0.000363324            0
Repeater1[0]<--->EndNode1[0]
REAL
