EndNode1[0]<--->Repeater1[0]
REAL
  0.327957  0.0077885 0.00844493  0.0784563
 0.0077885   0.221774  0.0423197 0.00344493
0.00844493  0.0423197   0.186828  0.0103592
 0.0784563 0.00344493  0.0103592   0.263441
IMAGINARY
          0 -0.00678648 -0.00945181  0.00795116
 0.00678648           0 -0.00593773  -0.0174864
 0.00945181  0.00593773           0  0.00875757
-0.00795116   0.0174864 -0.00875757           0
EndNode2[0]<--->HoM1[0]
REAL
   0.293243   0.0198033   0.0178864   0.0784741
  0.0198033    0.214865   0.0382143 -0.00289287
  0.0178864   0.0382143    0.209459  -0.0126325
  0.0784741 -0.00289287  -0.0126325    0.282432
IMAGINARY
          0  0.00566092     0.01221  0.00131827
-0.00566092           0 -0.00979284  -0.0109113
   -0.01221  0.00979284           0 -0.00176482
-0.00131827   0.0109113  0.00176482           0
Repeater1[0]<--->EndNode1[0]
REAL
  0.327957 0.00844493  0.0077885  0.0784563
0.00844493   0.186828  0.0423197  0.0103592
 0.0077885  0.0423197   0.221774 0.00344493
 0.0784563  0.0103592 0.00344493   0.263441
IMAGINARY
          0 -0.00945181 -0.00678648  0.00795116
 0.00945181           0  0.00593773  0.00875757
 0.00678648 -0.00593773           0  -0.0174864
-0.00795116 -0.00875757   0.0174864           0
Repeater1[0]<--->HoM1[0]
REAL
   0.293243   0.0178864   0.0198033   0.0784741
  0.0178864    0.209459   0.0382143  -0.0126325
  0.0198033   0.0382143    0.214865 -0.00289287
  0.0784741  -0.0126325 -0.00289287    0.282432
IMAGINARY
          0     0.01221  0.00566092  0.00131827
   -0.01221           0  0.00979284 -0.00176482
-0.00566092 -0.00979284           0  -0.0109113
-0.00131827  0.00176482   0.0109113           0
EndNode1[0]<--->Repeater1[0]
REAL
  0.328225 0.00275073  0.0151613  0.0632861
0.00275073   0.219668    0.02123  0.0151613
 0.0151613    0.02123   0.205619 -0.0498475
 0.0632861  0.0151613 -0.0498475   0.246488
IMAGINARY
          0 -0.00123939    -0.01933   0.0108758
 0.00123939           0  -0.0102323  -0.0120452
    0.01933   0.0102323           0   0.0152581
 -0.0108758   0.0120452  -0.0152581           0
EndNode2[0]<--->HoM1[0]
REAL
  0.307298  0.0164129 -0.0056599  0.0543402
 0.0164129   0.204866  0.0219756 0.00960727
-0.0056599  0.0219756   0.238156 0.00332392
 0.0543402 0.00960727 0.00332392    0.24968
IMAGINARY
          0 -0.00162207   0.0214446  -0.0174425
 0.00162207           0 -0.00333992    0.014883
 -0.0214446  0.00333992           0 -0.00035944
  0.0174425   -0.014883  0.00035944           0
Repeater1[0]<--->EndNode1[0]
REAL
  0.328225  0.0151613 0.00275073  0.0632861
 0.0151613   0.205619    0.02123 -0.0498475
0.00275073    0.02123   0.219668  0.0151613
 0.0632861 -0.0498475  0.0151613   0.246488
IMAGINARY
          0    -0.01933 -0.00123939   0.0108758
    0.01933           0   0.0102323   0.0152581
 0.00123939  -0.0102323           0  -0.0120452
 -0.0108758  -0.0152581   0.0120452           0
Repeater1[0]<--->HoM1[0]
REAL
  0.307298 -0.0056599  0.0164129  0.0543402
-0.0056599   0.238156  0.0219756 0.00332392
 0.0164129  0.0219756   0.204866 0.00960727
 0.0543402 0.00332392 0.00960727    0.24968
IMAGINARY
          0   0.0214446 -0.00162207  -0.0174425
 -0.0214446           0  0.00333992 -0.00035944
 0.00162207 -0.00333992           0    0.014883
  0.0174425  0.00035944   -0.014883           0
EndNode1[0]<--->Repeater1[0]
REAL
   0.338442  -0.0148884 9.53448e-05   0.0568565
 -0.0148884    0.180077  0.00776085  -0.0107603
9.53448e-05  0.00776085    0.214559  0.00296872
  0.0568565  -0.0107603  0.00296872    0.266922
IMAGINARY
          0  -0.0153418 -0.00645995 -0.00313648
  0.0153418           0  -0.0223928  0.00129199
 0.00645995   0.0223928           0  0.00888183
 0.00313648 -0.00129199 -0.00888183           0
EndNode2[0]<--->HoM1[0]
REAL
   0.323646  -0.0285693 -0.00867399   0.0464103
 -0.0285693     0.21004   0.0373663 -0.00994303
-0.00867399   0.0373663    0.216645  -0.0206328
  0.0464103 -0.00994303  -0.0206328     0.24967
IMAGINARY
           0    0.0184322     0.011758  0.000677875
  -0.0184322            0   0.00256467    -0.018218
   -0.011758  -0.00256467            0   -0.0145562
-0.000677875     0.018218    0.0145562            0
Repeater1[0]<--->EndNode1[0]
REAL
   0.338442 9.53448e-05  -0.0148884   0.0568565
9.53448e-05    0.214559  0.00776085  0.00296872
 -0.0148884  0.00776085    0.180077  -0.0107603
  0.0568565  0.00296872  -0.0107603    0.266922
IMAGINARY
          0 -0.00645995  -0.0153418 -0.00313648
 0.00645995           0   0.0223928  0.00888183
  0.0153418  -0.0223928           0  0.00129199
 0.00313648 -0.00888183 -0.00129199           0
Repeater1[0]<--->HoM1[0]
REAL
   0.323646 -0.00867399  -0.0285693   0.0464103
-0.00867399    0.216645   0.0373663  -0.0206328
 -0.0285693   0.0373663     0.21004 -0.00994303
  0.0464103  -0.0206328 -0.00994303     0.24967
IMAGINARY
           0     0.011758    0.0184322  0.000677875
   -0.011758            0  -0.00256467   -0.0145562
  -0.0184322   0.00256467            0    -0.018218
-0.000677875    0.0145562     0.018218            0
EndNode1[0]<--->Repeater1[0]
REAL
    0.32801  0.00109968  -0.0140832   0.0471938
 0.00109968    0.195332   0.0197353 -0.00166487
 -0.0140832   0.0197353    0.211302  0.00677433
  0.0471938 -0.00166487  0.00677433    0.265356
IMAGINARY
          0 -0.00358902  -0.0134561  0.00329026
 0.00358902           0   0.0185574   -0.010171
  0.0134561  -0.0185574           0  0.00933615
-0.00329026    0.010171 -0.00933615           0
EndNode2[0]<--->HoM1[0]
REAL
   0.327381  0.00881982   0.0269523   0.0543011
 0.00881982    0.211905   0.0123656 -0.00889675
  0.0269523   0.0123656    0.189286 -0.00187537
  0.0543011 -0.00889675 -0.00187537    0.271429
IMAGINARY
           0   -0.0164725   0.00355677     0.022298
   0.0164725            0   0.00332617  0.000959363
 -0.00355677  -0.00332617            0    0.0158273
   -0.022298 -0.000959363   -0.0158273            0
Repeater1[0]<--->EndNode1[0]
REAL
    0.32801  -0.0140832  0.00109968   0.0471938
 -0.0140832    0.211302   0.0197353  0.00677433
 0.00109968   0.0197353    0.195332 -0.00166487
  0.0471938  0.00677433 -0.00166487    0.265356
IMAGINARY
          0  -0.0134561 -0.00358902  0.00329026
  0.0134561           0  -0.0185574  0.00933615
 0.00358902   0.0185574           0   -0.010171
-0.00329026 -0.00933615    0.010171           0
Repeater1[0]<--->HoM1[0]
REAL
   0.327381   0.0269523  0.00881982   0.0543011
  0.0269523    0.189286   0.0123656 -0.00187537
 0.00881982   0.0123656    0.211905 -0.00889675
  0.0543011 -0.00187537 -0.00889675    0.271429
IMAGINARY
           0   0.00355677   -0.0164725     0.022298
 -0.00355677            0  -0.00332617    0.0158273
   0.0164725   0.00332617            0  0.000959363
   -0.022298   -0.0158273 -0.000959363            0
EndNode1[0]<--->Repeater1[0]
REAL
   0.323871 -0.00986612   -0.015613   0.0679683
-0.00986612    0.185806   0.0165664 -0.00470156
  -0.015613   0.0165664    0.230968  0.00658958
  0.0679683 -0.00470156  0.00658958    0.259355
IMAGINARY
           0  -0.00534223   -0.0132585 -0.000144124
  0.00534223            0    0.0143944    -0.010106
   0.0132585   -0.0143944            0  -0.00600624
 0.000144124     0.010106   0.00600624            0
EndNode2[0]<--->HoM1[0]
REAL
    0.360553  -0.00393506   -0.0073717    0.0730959
 -0.00393506     0.193467   0.00655601   -0.0107006
  -0.0073717   0.00655601      0.18593 -0.000750347
   0.0730959   -0.0107006 -0.000750347      0.26005
IMAGINARY
           0    0.0188158    0.0152833  -0.00658459
  -0.0188158            0  2.91667e-05   0.00943154
  -0.0152833 -2.91667e-05            0   0.00970126
  0.00658459  -0.00943154  -0.00970126            0
Repeater1[0]<--->EndNode1[0]
REAL
   0.323871   -0.015613 -0.00986612   0.0679683
  -0.015613    0.230968   0.0165664  0.00658958
-0.00986612   0.0165664    0.185806 -0.00470156
  0.0679683  0.00658958 -0.00470156    0.259355
IMAGINARY
           0   -0.0132585  -0.00534223 -0.000144124
   0.0132585            0   -0.0143944  -0.00600624
  0.00534223    0.0143944            0    -0.010106
 0.000144124   0.00600624     0.010106            0
Repeater1[0]<--->HoM1[0]
REAL
    0.360553   -0.0073717  -0.00393506    0.0730959
  -0.0073717      0.18593   0.00655601 -0.000750347
 -0.00393506   0.00655601     0.193467   -0.0107006
   0.0730959 -0.000750347   -0.0107006      0.26005
IMAGINARY
           0    0.0152833    0.0188158  -0.00658459
  -0.0152833            0 -2.91667e-05   0.00970126
  -0.0188158  2.91667e-05            0   0.00943154
  0.00658459  -0.00970126  -0.00943154            0
EndNode1[0]<--->Repeater1[0]
REAL
   0.344346   0.0177751 -0.00117043   0.0677387
  0.0177751    0.184244   0.0401796   0.0133033
-0.00117043   0.0401796    0.224905 0.000743444
  0.0677387   0.0133033 0.000743444    0.246506
IMAGINARY
          0  -0.0220516   0.0139032 -0.00766613
  0.0220516           0  -0.0051216 -0.00996617
 -0.0139032   0.0051216           0   0.0181146
 0.00766613  0.00996617  -0.0181146           0
EndNode2[0]<--->HoM1[0]
REAL
   0.310219  -0.0185567    -0.02141    0.058215
 -0.0185567    0.210462 -0.00339332  -0.0043496
   -0.02141 -0.00339332    0.210462   0.0126122
   0.058215  -0.0043496   0.0126122    0.268856
IMAGINARY
           0  0.000633289     0.012304   -0.0346374
-0.000633289            0   -0.0173107   -0.0012794
   -0.012304    0.0173107            0    0.0065003
   0.0346374    0.0012794   -0.0065003            0
Repeater1[0]<--->EndNode1[0]
REAL
   0.344346 -0.00117043   0.0177751   0.0677387
-0.00117043    0.224905   0.0401796 0.000743444
  0.0177751   0.0401796    0.184244   0.0133033
  0.0677387 0.000743444   0.0133033    0.246506
IMAGINARY
          0   0.0139032  -0.0220516 -0.00766613
 -0.0139032           0   0.0051216   0.0181146
  0.0220516  -0.0051216           0 -0.00996617
 0.00766613  -0.0181146  0.00996617           0
Repeater1[0]<--->HoM1[0]
REAL
   0.310219    -0.02141  -0.0185567    0.058215
   -0.02141    0.210462 -0.00339332   0.0126122
 -0.0185567 -0.00339332    0.210462  -0.0043496
   0.058215   0.0126122  -0.0043496    0.268856
IMAGINARY
           0     0.012304  0.000633289   -0.0346374
   -0.012304            0    0.0173107    0.0065003
-0.000633289   -0.0173107            0   -0.0012794
   0.0346374   -0.0065003    0.0012794            0
EndNode1[0]<--->Repeater1[0]
REAL
  0.340852  0.0285808 0.00481616  0.0726181
 0.0285808   0.210526 0.00646035 -0.0203828
0.00481616 0.00646035   0.201754 -0.0092782
 0.0726181 -0.0203828 -0.0092782   0.246867
IMAGINARY
           0  -0.00994648  0.000203688    -0.019217
  0.00994648            0  -0.00351023     0.012519
-0.000203688   0.00351023            0   0.00867421
    0.019217    -0.012519  -0.00867421            0
EndNode2[0]<--->HoM1[0]
REAL
  0.300662  0.0273004 -0.0279361  0.0768761
 0.0273004   0.186755  0.0207334  0.0179759
-0.0279361  0.0207334   0.239735 0.00125209
 0.0768761  0.0179759 0.00125209   0.272848
IMAGINARY
          0 -0.00971149  0.00530452  -0.0112561
 0.00971149           0   0.0124906  0.00724501
-0.00530452  -0.0124906           0  -0.0134061
  0.0112561 -0.00724501   0.0134061           0
Repeater1[0]<--->EndNode1[0]
REAL
  0.340852 0.00481616  0.0285808  0.0726181
0.00481616   0.201754 0.00646035 -0.0092782
 0.0285808 0.00646035   0.210526 -0.0203828
 0.0726181 -0.0092782 -0.0203828   0.246867
IMAGINARY
           0  0.000203688  -0.00994648    -0.019217
-0.000203688            0   0.00351023   0.00867421
  0.00994648  -0.00351023            0     0.012519
    0.019217  -0.00867421    -0.012519            0
Repeater1[0]<--->HoM1[0]
REAL
  0.300662 -0.0279361  0.0273004  0.0768761
-0.0279361   0.239735  0.0207334 0.00125209
 0.0273004  0.0207334   0.186755  0.0179759
 0.0768761 0.00125209  0.0179759   0.272848
IMAGINARY
          0  0.00530452 -0.00971149  -0.0112561
-0.00530452           0  -0.0124906  -0.0134061
 0.00971149   0.0124906           0  0.00724501
  0.0112561   0.0134061 -0.00724501           0
EndNode1[0]<--->Repeater1[0]
REAL
   0.340909    0.021406 -0.00938875   0.0754147
   0.021406    0.221925  0.00644923  -0.0107624
-0.00938875  0.00644923    0.208556 -0.00377381
  0.0754147  -0.0107624 -0.00377381     0.22861
IMAGINARY
           0  0.000649095   0.00429725   -0.0304839
-0.000649095            0   0.00880186   0.00366031
 -0.00429725  -0.00880186            0  -0.00993292
   0.0304839  -0.00366031   0.00993292            0
EndNode2[0]<--->HoM1[0]
REAL
   0.307172   0.0141556   0.0088624   0.0752471
  0.0141556    0.207037   0.0132946 -0.00365407
  0.0088624   0.0132946    0.200271  -0.0115514
  0.0752471 -0.00365407  -0.0115514    0.285521
IMAGINARY
          0 -0.00298153  -0.0161827  0.00422039
 0.00298153           0  -0.0203079  0.00429285
  0.0161827   0.0203079           0   0.0223808
-0.00422039 -0.00429285  -0.0223808           0
Repeater1[0]<--->EndNode1[0]
REAL
   0.340909 -0.00938875    0.021406   0.0754147
-0.00938875    0.208556  0.00644923 -0.00377381
   0.021406  0.00644923    0.221925  -0.0107624
  0.0754147 -0.00377381  -0.0107624     0.22861
IMAGINARY
           0   0.00429725  0.000649095   -0.0304839
 -0.00429725            0  -0.00880186  -0.00993292
-0.000649095   0.00880186            0   0.00366031
   0.0304839   0.00993292  -0.00366031            0
Repeater1[0]<--->HoM1[0]
REAL
   0.307172   0.0088624   0.0141556   0.0752471
  0.0088624    0.200271   0.0132946  -0.0115514
  0.0141556   0.0132946    0.207037 -0.00365407
  0.0752471  -0.0115514 -0.00365407    0.285521
IMAGINARY
          0  -0.0161827 -0.00298153  0.00422039
  0.0161827           0   0.0203079   0.0223808
 0.00298153  -0.0203079           0  0.00429285
-0.00422039  -0.0223808 -0.00429285           0
EndNode1[0]<--->Repeater1[0]
REAL
   0.310705   0.0219744   0.0178874   0.0754973
  0.0219744    0.194517   0.0195224 -0.00281528
  0.0178874   0.0195224    0.255875   0.0153781
  0.0754973 -0.00281528   0.0153781    0.238903
IMAGINARY
           0   -0.0116352    0.0281252 -0.000756249
   0.0116352            0   0.00785302   -0.0186913
  -0.0281252  -0.00785302            0   -0.0116352
 0.000756249    0.0186913    0.0116352            0
EndNode2[0]<--->HoM1[0]
REAL
  0.315175  0.0143174 -0.0308859  0.0631882
 0.0143174   0.178988  0.0378548 -0.0101832
-0.0308859  0.0378548   0.232166 -0.0214882
 0.0631882 -0.0101832 -0.0214882   0.273671
IMAGINARY
          0  0.00955878  0.00855754  -0.0113166
-0.00955878           0  0.00322196  0.00344246
-0.00855754 -0.00322196           0  -0.0135588
  0.0113166 -0.00344246   0.0135588           0
Repeater1[0]<--->EndNode1[0]
REAL
   0.310705   0.0178874   0.0219744   0.0754973
  0.0178874    0.255875   0.0195224   0.0153781
  0.0219744   0.0195224    0.194517 -0.00281528
  0.0754973   0.0153781 -0.00281528    0.238903
IMAGINARY
           0    0.0281252   -0.0116352 -0.000756249
  -0.0281252            0  -0.00785302   -0.0116352
   0.0116352   0.00785302            0   -0.0186913
 0.000756249    0.0116352    0.0186913            0
Repeater1[0]<--->HoM1[0]
REAL
  0.315175 -0.0308859  0.0143174  0.0631882
-0.0308859   0.232166  0.0378548 -0.0214882
 0.0143174  0.0378548   0.178988 -0.0101832
 0.0631882 -0.0214882 -0.0101832   0.273671
IMAGINARY
          0  0.00855754  0.00955878  -0.0113166
-0.00855754           0 -0.00322196  -0.0135588
-0.00955878  0.00322196           0  0.00344246
  0.0113166   0.0135588 -0.00344246           0
EndNode1[0]<--->Repeater1[0]
REAL
   0.331296  -0.0216211  -0.0252947   0.0466552
 -0.0216211    0.211491   0.0245964 -0.00878214
 -0.0252947   0.0245964    0.194377 -0.00502081
  0.0466552 -0.00878214 -0.00502081    0.262836
IMAGINARY
          0  -0.0114728 -0.00460919 -0.00731101
  0.0114728           0  -0.0027832  0.00583468
 0.00460919   0.0027832           0 -0.00690956
 0.00731101 -0.00583468  0.00690956           0
EndNode2[0]<--->HoM1[0]
REAL
   0.309493 0.000107318  0.00223508   0.0568442
0.000107318    0.195059   0.0278119  -0.0379494
 0.00223508   0.0278119    0.195059   0.0170884
  0.0568442  -0.0379494   0.0170884     0.30039
IMAGINARY
          0   0.0217237 -0.00934486 -0.00419184
 -0.0217237           0  0.00296031  0.00611906
 0.00934486 -0.00296031           0  -0.0017237
 0.00419184 -0.00611906   0.0017237           0
Repeater1[0]<--->EndNode1[0]
REAL
   0.331296  -0.0252947  -0.0216211   0.0466552
 -0.0252947    0.194377   0.0245964 -0.00502081
 -0.0216211   0.0245964    0.211491 -0.00878214
  0.0466552 -0.00502081 -0.00878214    0.262836
IMAGINARY
          0 -0.00460919  -0.0114728 -0.00731101
 0.00460919           0   0.0027832 -0.00690956
  0.0114728  -0.0027832           0  0.00583468
 0.00731101  0.00690956 -0.00583468           0
Repeater1[0]<--->HoM1[0]
REAL
   0.309493  0.00223508 0.000107318   0.0568442
 0.00223508    0.195059   0.0278119   0.0170884
0.000107318   0.0278119    0.195059  -0.0379494
  0.0568442   0.0170884  -0.0379494     0.30039
IMAGINARY
          0 -0.00934486   0.0217237 -0.00419184
 0.00934486           0 -0.00296031  -0.0017237
 -0.0217237  0.00296031           0  0.00611906
 0.00419184   0.0017237 -0.00611906           0
EndNode1[0]<--->Repeater1[0]
REAL
  0.318681 -0.0155957  -0.043355  0.0727498
-0.0155957   0.210165  0.0323458  0.0146925
 -0.043355  0.0323458   0.214286  0.0073154
 0.0727498  0.0146925  0.0073154   0.256868
IMAGINARY
          0  0.00805556   -0.012286    -0.01565
-0.00805556           0  0.00213652  -0.0117039
   0.012286 -0.00213652           0  -0.0219444
    0.01565   0.0117039   0.0219444           0
EndNode2[0]<--->HoM1[0]
REAL
   0.305764 -0.00720048 -0.00908103   0.0770516
-0.00720048    0.221805    0.019312 -0.00364625
-0.00908103    0.019312     0.20802   0.0053823
  0.0770516 -0.00364625   0.0053823    0.264411
IMAGINARY
          0   0.0262354   0.0119212  -0.0086374
 -0.0262354           0   0.0105679   0.0151059
 -0.0119212  -0.0105679           0  0.00570562
  0.0086374  -0.0151059 -0.00570562           0
Repeater1[0]<--->EndNode1[0]
REAL
  0.318681  -0.043355 -0.0155957  0.0727498
 -0.043355   0.214286  0.0323458  0.0073154
-0.0155957  0.0323458   0.210165  0.0146925
 0.0727498  0.0073154  0.0146925   0.256868
IMAGINARY
          0   -0.012286  0.00805556    -0.01565
   0.012286           0 -0.00213652  -0.0219444
-0.00805556  0.00213652           0  -0.0117039
    0.01565   0.0219444   0.0117039           0
Repeater1[0]<--->HoM1[0]
REAL
   0.305764 -0.00908103 -0.00720048   0.0770516
-0.00908103     0.20802    0.019312   0.0053823
-0.00720048    0.019312    0.221805 -0.00364625
  0.0770516   0.0053823 -0.00364625    0.264411
IMAGINARY
          0   0.0119212   0.0262354  -0.0086374
 -0.0119212           0  -0.0105679  0.00570562
 -0.0262354   0.0105679           0   0.0151059
  0.0086374 -0.00570562  -0.0151059           0
EndNode1[0]<--->Repeater1[0]
REAL
   0.327068  0.00860923   0.0180326   0.0900275
 0.00860923    0.197995   0.0140078 -0.00353073
  0.0180326   0.0140078    0.201754 -0.00167354
  0.0900275 -0.00353073 -0.00167354    0.273183
IMAGINARY
          0   0.0190596  -0.0190274   0.0143777
 -0.0190596           0 -0.00268935  0.00234013
  0.0190274  0.00268935           0 -0.00113624
 -0.0143777 -0.00234013  0.00113624           0
EndNode2[0]<--->HoM1[0]
REAL
  0.326288 -0.0132575  0.0185713  0.0642099
-0.0132575   0.191546  0.0240254 -0.0121774
 0.0185713  0.0240254   0.195509 0.00174853
 0.0642099 -0.0121774 0.00174853   0.286658
IMAGINARY
          0  0.00305102   0.0195219 -0.00345379
-0.00305102           0   0.0311616   -0.010958
 -0.0195219  -0.0311616           0    0.010783
 0.00345379    0.010958   -0.010783           0
Repeater1[0]<--->EndNode1[0]
REAL
   0.327068   0.0180326  0.00860923   0.0900275
  0.0180326    0.201754   0.0140078 -0.00167354
 0.00860923   0.0140078    0.197995 -0.00353073
  0.0900275 -0.00167354 -0.00353073    0.273183
IMAGINARY
          0  -0.0190274   0.0190596   0.0143777
  0.0190274           0  0.00268935 -0.00113624
 -0.0190596 -0.00268935           0  0.00234013
 -0.0143777  0.00113624 -0.00234013           0
Repeater1[0]<--->HoM1[0]
REAL
  0.326288  0.0185713 -0.0132575  0.0642099
 0.0185713   0.195509  0.0240254 0.00174853
-0.0132575  0.0240254   0.191546 -0.0121774
 0.0642099 0.00174853 -0.0121774   0.286658
IMAGINARY
          0   0.0195219  0.00305102 -0.00345379
 -0.0195219           0  -0.0311616    0.010783
-0.00305102   0.0311616           0   -0.010958
 0.00345379   -0.010783    0.010958           0
EndNode1[0]<--->Repeater1[0]
REAL
   0.311736   0.0462785  0.00602794   0.0774197
  0.0462785    0.215159   0.0450551  0.00281044
 0.00602794   0.0450551    0.217604 -0.00334925
  0.0774197  0.00281044 -0.00334925    0.255501
IMAGINARY
           0  -0.00708883  -0.00336124   -0.0174581
  0.00708883            0   -0.0174581  5.87314e-05
  0.00336124    0.0174581            0   0.00246531
   0.0174581 -5.87314e-05  -0.00246531            0
EndNode2[0]<--->HoM1[0]
REAL
   0.317897  0.00560194 -0.00664197   0.0706998
 0.00560194    0.201502   0.0394913 -0.00545994
-0.00664197   0.0394913    0.196496  -0.0253472
  0.0706998 -0.00545994  -0.0253472    0.284105
IMAGINARY
          0   0.0220739  0.00169284   0.0103399
 -0.0220739           0 -0.00770136  -0.0156371
-0.00169284  0.00770136           0 -0.00945766
 -0.0103399   0.0156371  0.00945766           0
Repeater1[0]<--->EndNode1[0]
REAL
   0.311736  0.00602794   0.0462785   0.0774197
 0.00602794    0.217604   0.0450551 -0.00334925
  0.0462785   0.0450551    0.215159  0.00281044
  0.0774197 -0.00334925  0.00281044    0.255501
IMAGINARY
           0  -0.00336124  -0.00708883   -0.0174581
  0.00336124            0    0.0174581   0.00246531
  0.00708883   -0.0174581            0  5.87314e-05
   0.0174581  -0.00246531 -5.87314e-05            0
Repeater1[0]<--->HoM1[0]
REAL
   0.317897 -0.00664197  0.00560194   0.0706998
-0.00664197    0.196496   0.0394913  -0.0253472
 0.00560194   0.0394913    0.201502 -0.00545994
  0.0706998  -0.0253472 -0.00545994    0.284105
IMAGINARY
          0  0.00169284   0.0220739   0.0103399
-0.00169284           0  0.00770136 -0.00945766
 -0.0220739 -0.00770136           0  -0.0156371
 -0.0103399  0.00945766   0.0156371           0
EndNode1[0]<--->Repeater1[0]
REAL
   0.335535  -0.0268464 -0.00783701   0.0507569
 -0.0268464    0.180978  0.00114852  -0.0033325
-0.00783701  0.00114852    0.212682    0.016991
  0.0507569  -0.0033325    0.016991    0.270806
IMAGINARY
          0  -0.0112384  0.00520466  0.00874161
  0.0112384           0  0.00357366  0.00785017
-0.00520466 -0.00357366           0  -0.0161767
-0.00874161 -0.00785017   0.0161767           0
EndNode2[0]<--->HoM1[0]
REAL
   0.30593 0.00484389 0.00133166  0.0687584
0.00484389   0.226415  0.0200615 -0.0143751
0.00133166  0.0200615   0.195418 0.00819959
 0.0687584 -0.0143751 0.00819959   0.272237
IMAGINARY
           0    -0.002033  0.000604855    0.0145382
    0.002033            0    0.0132395  -0.00677769
-0.000604855   -0.0132395            0    0.0123211
  -0.0145382   0.00677769   -0.0123211            0
Repeater1[0]<--->EndNode1[0]
REAL
   0.335535 -0.00783701  -0.0268464   0.0507569
-0.00783701    0.212682  0.00114852    0.016991
 -0.0268464  0.00114852    0.180978  -0.0033325
  0.0507569    0.016991  -0.0033325    0.270806
IMAGINARY
          0  0.00520466  -0.0112384  0.00874161
-0.00520466           0 -0.00357366  -0.0161767
  0.0112384  0.00357366           0  0.00785017
-0.00874161   0.0161767 -0.00785017           0
Repeater1[0]<--->HoM1[0]
REAL
   0.30593 0.00133166 0.00484389  0.0687584
0.00133166   0.195418  0.0200615 0.00819959
0.00484389  0.0200615   0.226415 -0.0143751
 0.0687584 0.00819959 -0.0143751   0.272237
IMAGINARY
           0  0.000604855    -0.002033    0.0145382
-0.000604855            0   -0.0132395    0.0123211
    0.002033    0.0132395            0  -0.00677769
  -0.0145382   -0.0123211   0.00677769            0
EndNode1[0]<--->Repeater1[0]
REAL
   0.336218  -0.0169959 -0.00927939   0.0728467
 -0.0169959     0.18665   0.0248835 -0.00270044
-0.00927939   0.0248835     0.23115 -0.00128909
  0.0728467 -0.00270044 -0.00128909    0.245983
IMAGINARY
           0   0.00250813    0.0163796  -0.00227075
 -0.00250813            0 -0.000988701    0.0131868
  -0.0163796  0.000988701            0  -0.00579328
  0.00227075   -0.0131868   0.00579328            0
EndNode2[0]<--->HoM1[0]
REAL
  0.339744 0.00965298 -0.0133679  0.0680171
0.00965298   0.221795  0.0304677 0.00831737
-0.0133679  0.0304677   0.187179 -0.0172287
 0.0680171 0.00831737 -0.0172287   0.251282
IMAGINARY
          0   0.0101059 -0.00979427  -0.0115294
 -0.0101059           0   0.0171756  0.00123037
 0.00979427  -0.0171756           0   0.0182208
  0.0115294 -0.00123037  -0.0182208           0
Repeater1[0]<--->EndNode1[0]
REAL
   0.336218 -0.00927939  -0.0169959   0.0728467
-0.00927939     0.23115   0.0248835 -0.00128909
 -0.0169959   0.0248835     0.18665 -0.00270044
  0.0728467 -0.00128909 -0.00270044    0.245983
IMAGINARY
           0    0.0163796   0.00250813  -0.00227075
  -0.0163796            0  0.000988701  -0.00579328
 -0.00250813 -0.000988701            0    0.0131868
  0.00227075   0.00579328   -0.0131868            0
Repeater1[0]<--->HoM1[0]
REAL
  0.339744 -0.0133679 0.00965298  0.0680171
-0.0133679   0.187179  0.0304677 -0.0172287
0.00965298  0.0304677   0.221795 0.00831737
 0.0680171 -0.0172287 0.00831737   0.251282
IMAGINARY
          0 -0.00979427   0.0101059  -0.0115294
 0.00979427           0  -0.0171756   0.0182208
 -0.0101059   0.0171756           0  0.00123037
  0.0115294  -0.0182208 -0.00123037           0
EndNode1[0]<--->Repeater1[0]
REAL
   0.324433  -0.0134507  0.00944006   0.0483848
 -0.0134507    0.182911   0.0250688 -0.00428543
 0.00944006   0.0250688     0.23231  0.00443009
  0.0483848 -0.00428543  0.00443009    0.260347
IMAGINARY
          0  -0.0102429   0.0214325  0.00662394
  0.0102429           0   0.0159325   0.0290856
 -0.0214325  -0.0159325           0  -0.0273218
-0.00662394  -0.0290856   0.0273218           0
EndNode2[0]<--->HoM1[0]
REAL
   0.308161  -0.0139008  -0.0450378   0.0673006
 -0.0139008    0.215591   0.0154532  -0.0126813
 -0.0450378   0.0154532     0.20341 0.000688032
  0.0673006  -0.0126813 0.000688032    0.272838
IMAGINARY
          0  0.00972654 -0.00286761 -0.00235998
-0.00972654           0   0.0122154  0.00107976
 0.00286761  -0.0122154           0  0.00159646
 0.00235998 -0.00107976 -0.00159646           0
Repeater1[0]<--->EndNode1[0]
REAL
   0.324433  0.00944006  -0.0134507   0.0483848
 0.00944006     0.23231   0.0250688  0.00443009
 -0.0134507   0.0250688    0.182911 -0.00428543
  0.0483848  0.00443009 -0.00428543    0.260347
IMAGINARY
          0   0.0214325  -0.0102429  0.00662394
 -0.0214325           0  -0.0159325  -0.0273218
  0.0102429   0.0159325           0   0.0290856
-0.00662394   0.0273218  -0.0290856           0
Repeater1[0]<--->HoM1[0]
REAL
   0.308161  -0.0450378  -0.0139008   0.0673006
 -0.0450378     0.20341   0.0154532 0.000688032
 -0.0139008   0.0154532    0.215591  -0.0126813
  0.0673006 0.000688032  -0.0126813    0.272838
IMAGINARY
          0 -0.00286761  0.00972654 -0.00235998
 0.00286761           0  -0.0122154  0.00159646
-0.00972654   0.0122154           0  0.00107976
 0.00235998 -0.00159646 -0.00107976           0
EndNode1[0]<--->Repeater1[0]
REAL
   0.303896 -0.00866304  0.00495376    0.070544
-0.00866304    0.216883   0.0331549  0.00495376
 0.00495376   0.0331549    0.203896   0.0106445
   0.070544  0.00495376   0.0106445    0.275325
IMAGINARY
          0   0.0112173 -0.00340499  -0.0116538
 -0.0112173           0   0.0161583  -0.0175076
 0.00340499  -0.0161583           0   0.0261718
  0.0116538   0.0175076  -0.0261718           0
EndNode2[0]<--->HoM1[0]
REAL
   0.337992 -0.00802066  -0.0251543   0.0720922
-0.00802066    0.199492     0.03842   0.0103295
 -0.0251543     0.03842    0.200762  -0.0162381
  0.0720922   0.0103295  -0.0162381    0.261753
IMAGINARY
           0   0.00727876   -0.0168436 -0.000968255
 -0.00727876            0     0.027284     0.013667
   0.0168436    -0.027284            0   -0.0307858
 0.000968255    -0.013667    0.0307858            0
Repeater1[0]<--->EndNode1[0]
REAL
   0.303896  0.00495376 -0.00866304    0.070544
 0.00495376    0.203896   0.0331549   0.0106445
-0.00866304   0.0331549    0.216883  0.00495376
   0.070544   0.0106445  0.00495376    0.275325
IMAGINARY
          0 -0.00340499   0.0112173  -0.0116538
 0.00340499           0  -0.0161583   0.0261718
 -0.0112173   0.0161583           0  -0.0175076
  0.0116538  -0.0261718   0.0175076           0
Repeater1[0]<--->HoM1[0]
REAL
   0.337992  -0.0251543 -0.00802066   0.0720922
 -0.0251543    0.200762     0.03842  -0.0162381
-0.00802066     0.03842    0.199492   0.0103295
  0.0720922  -0.0162381   0.0103295    0.261753
IMAGINARY
           0   -0.0168436   0.00727876 -0.000968255
   0.0168436            0    -0.027284   -0.0307858
 -0.00727876     0.027284            0     0.013667
 0.000968255    0.0307858    -0.013667            0
EndNode1[0]<--->Repeater1[0]
REAL
   0.334171    0.010741 -0.00175563   0.0662838
   0.010741    0.198492   0.0240303   0.0148446
-0.00175563   0.0240303     0.21608 -0.00681428
  0.0662838   0.0148446 -0.00681428    0.251256
IMAGINARY
          0   0.0122601 -0.00756322   0.0167416
 -0.0122601           0  -0.0154529  -0.0088687
 0.00756322   0.0154529           0  -0.0146075
 -0.0167416   0.0088687   0.0146075           0
EndNode2[0]<--->HoM1[0]
REAL
   0.298969 0.000573281   0.0107212   0.0720754
0.000573281    0.190722   0.0284434 -0.00877567
  0.0107212   0.0284434    0.212629   0.0299066
  0.0720754 -0.00877567   0.0299066     0.29768
IMAGINARY
          0 -0.00850314  0.00769925  -0.0204641
 0.00850314           0 -0.00585167   0.0194234
-0.00769925  0.00585167           0  -0.0221572
  0.0204641  -0.0194234   0.0221572           0
Repeater1[0]<--->EndNode1[0]
REAL
   0.334171 -0.00175563    0.010741   0.0662838
-0.00175563     0.21608   0.0240303 -0.00681428
   0.010741   0.0240303    0.198492   0.0148446
  0.0662838 -0.00681428   0.0148446    0.251256
IMAGINARY
          0 -0.00756322   0.0122601   0.0167416
 0.00756322           0   0.0154529  -0.0146075
 -0.0122601  -0.0154529           0  -0.0088687
 -0.0167416   0.0146075   0.0088687           0
Repeater1[0]<--->HoM1[0]
REAL
   0.298969   0.0107212 0.000573281   0.0720754
  0.0107212    0.212629   0.0284434   0.0299066
0.000573281   0.0284434    0.190722 -0.00877567
  0.0720754   0.0299066 -0.00877567     0.29768
IMAGINARY
          0  0.00769925 -0.00850314  -0.0204641
-0.00769925           0  0.00585167  -0.0221572
 0.00850314 -0.00585167           0   0.0194234
  0.0204641   0.0221572  -0.0194234           0
EndNode1[0]<--->Repeater1[0]
REAL
   0.312162   0.0188949  0.00735583   0.0640514
  0.0188949    0.213514   0.0259869 0.000945574
 0.00735583   0.0259869    0.198649 -0.00676212
  0.0640514 0.000945574 -0.00676212    0.275676
IMAGINARY
          0  0.00589547  -0.0259907  -0.0171481
-0.00589547           0  0.00442548  -0.0094932
  0.0259907 -0.00442548           0 -0.00395998
  0.0171481   0.0094932  0.00395998           0
EndNode2[0]<--->HoM1[0]
REAL
  0.326031 0.00459612 0.00652812  0.0812896
0.00459612    0.23067  0.0147451  0.0213529
0.00652812  0.0147451   0.170103  0.0108933
 0.0812896  0.0213529  0.0108933   0.273196
IMAGINARY
         0  0.0239433 -0.0051239 -0.0111849
-0.0239433          0 -0.0124318 -0.0260116
 0.0051239  0.0124318          0  0.0206232
 0.0111849  0.0260116 -0.0206232          0
Repeater1[0]<--->EndNode1[0]
REAL
   0.312162  0.00735583   0.0188949   0.0640514
 0.00735583    0.198649   0.0259869 -0.00676212
  0.0188949   0.0259869    0.213514 0.000945574
  0.0640514 -0.00676212 0.000945574    0.275676
IMAGINARY
          0  -0.0259907  0.00589547  -0.0171481
  0.0259907           0 -0.00442548 -0.00395998
-0.00589547  0.00442548           0  -0.0094932
  0.0171481  0.00395998   0.0094932           0
Repeater1[0]<--->HoM1[0]
REAL
  0.326031 0.00652812 0.00459612  0.0812896
0.00652812   0.170103  0.0147451  0.0108933
0.00459612  0.0147451    0.23067  0.0213529
 0.0812896  0.0108933  0.0213529   0.273196
IMAGINARY
         0 -0.0051239  0.0239433 -0.0111849
 0.0051239          0  0.0124318  0.0206232
-0.0239433 -0.0124318          0 -0.0260116
 0.0111849 -0.0206232  0.0260116          0
EndNode1[0]<--->Repeater1[0]
REAL
   0.334211 0.000655959  0.00915627   0.0788336
0.000655959    0.205263   0.0271095   0.0308954
 0.00915627   0.0271095    0.207895    0.004512
  0.0788336   0.0308954    0.004512    0.252632
IMAGINARY
           0  0.000621131  -0.00489708   0.00218912
-0.000621131            0   -0.0101646   0.00808993
  0.00489708    0.0101646            0   0.00257172
 -0.00218912  -0.00808993  -0.00257172            0
EndNode2[0]<--->HoM1[0]
REAL
   0.295455 -0.00461188 -0.00677578   0.0731074
-0.00461188    0.186869   0.0222832   0.0099768
-0.00677578   0.0222832    0.188131   0.0154954
  0.0731074   0.0099768   0.0154954    0.329545
IMAGINARY
           0   -0.0223596   -0.0135014    0.0239526
   0.0223596            0    -0.014045  -0.00572937
   0.0135014     0.014045            0 -0.000992063
  -0.0239526   0.00572937  0.000992063            0
Repeater1[0]<--->EndNode1[0]
REAL
   0.334211  0.00915627 0.000655959   0.0788336
 0.00915627    0.207895   0.0271095    0.004512
0.000655959   0.0271095    0.205263   0.0308954
  0.0788336    0.004512   0.0308954    0.252632
IMAGINARY
           0  -0.00489708  0.000621131   0.00218912
  0.00489708            0    0.0101646   0.00257172
-0.000621131   -0.0101646            0   0.00808993
 -0.00218912  -0.00257172  -0.00808993            0
Repeater1[0]<--->HoM1[0]
REAL
   0.295455 -0.00677578 -0.00461188   0.0731074
-0.00677578    0.188131   0.0222832   0.0154954
-0.00461188   0.0222832    0.186869   0.0099768
  0.0731074   0.0154954   0.0099768    0.329545
IMAGINARY
           0   -0.0135014   -0.0223596    0.0239526
   0.0135014            0     0.014045 -0.000992063
   0.0223596    -0.014045            0  -0.00572937
  -0.0239526  0.000992063   0.00572937            0
EndNode1[0]<--->Repeater1[0]
REAL
  0.340269 0.00899743  0.0196593  0.0712634
0.00899743    0.19951  0.0161402 -0.0145179
 0.0196593  0.0161402   0.206854  0.0179949
 0.0712634 -0.0145179  0.0179949   0.253366
IMAGINARY
          0  0.00990601  0.00175088  -0.0087812
-0.00990601           0  0.00814588  -0.0166666
-0.00175088 -0.00814588           0  -0.0222277
  0.0087812   0.0166666   0.0222277           0
EndNode2[0]<--->HoM1[0]
REAL
   0.294344 -0.00301711 -0.00662188   0.0676838
-0.00301711    0.205656   0.0645152 -0.00908493
-0.00662188   0.0645152    0.195373  0.00432601
  0.0676838 -0.00908493  0.00432601    0.304627
IMAGINARY
          0  -0.0150719  0.00633714 -0.00168889
  0.0150719           0  0.00996914  0.00316857
-0.00633714 -0.00996914           0 -0.00457322
 0.00168889 -0.00316857  0.00457322           0
Repeater1[0]<--->EndNode1[0]
REAL
  0.340269  0.0196593 0.00899743  0.0712634
 0.0196593   0.206854  0.0161402  0.0179949
0.00899743  0.0161402    0.19951 -0.0145179
 0.0712634  0.0179949 -0.0145179   0.253366
IMAGINARY
          0  0.00175088  0.00990601  -0.0087812
-0.00175088           0 -0.00814588  -0.0222277
-0.00990601  0.00814588           0  -0.0166666
  0.0087812   0.0222277   0.0166666           0
Repeater1[0]<--->HoM1[0]
REAL
   0.294344 -0.00662188 -0.00301711   0.0676838
-0.00662188    0.195373   0.0645152  0.00432601
-0.00301711   0.0645152    0.205656 -0.00908493
  0.0676838  0.00432601 -0.00908493    0.304627
IMAGINARY
          0  0.00633714  -0.0150719 -0.00168889
-0.00633714           0 -0.00996914 -0.00457322
  0.0150719  0.00996914           0  0.00316857
 0.00168889  0.00457322 -0.00316857           0
EndNode1[0]<--->Repeater1[0]
REAL
   0.322835  -0.0012783   0.0109793   0.0682947
 -0.0012783    0.203412   0.0233283 -0.00050805
  0.0109793   0.0233283    0.212598   0.0065139
  0.0682947 -0.00050805   0.0065139    0.261155
IMAGINARY
          0 -0.00487845   0.0145513 -0.00358708
 0.00487845           0     0.01334 -0.00448421
 -0.0145513    -0.01334           0 -0.00921551
 0.00358708  0.00448421  0.00921551           0
EndNode2[0]<--->HoM1[0]
REAL
   0.315436  0.00485003  0.00237578   0.0727192
 0.00485003    0.195973  0.00199347 -0.00812291
 0.00237578  0.00199347    0.208054 -0.00932001
  0.0727192 -0.00812291 -0.00932001    0.280537
IMAGINARY
          0  -0.0186051  -0.0281618 -0.00781657
  0.0186051           0 -0.00534132  -0.0155036
  0.0281618  0.00534132           0   0.0315202
 0.00781657   0.0155036  -0.0315202           0
Repeater1[0]<--->EndNode1[0]
REAL
   0.322835   0.0109793  -0.0012783   0.0682947
  0.0109793    0.212598   0.0233283   0.0065139
 -0.0012783   0.0233283    0.203412 -0.00050805
  0.0682947   0.0065139 -0.00050805    0.261155
IMAGINARY
          0   0.0145513 -0.00487845 -0.00358708
 -0.0145513           0    -0.01334 -0.00921551
 0.00487845     0.01334           0 -0.00448421
 0.00358708  0.00921551  0.00448421           0
Repeater1[0]<--->HoM1[0]
REAL
   0.315436  0.00237578  0.00485003   0.0727192
 0.00237578    0.208054  0.00199347 -0.00932001
 0.00485003  0.00199347    0.195973 -0.00812291
  0.0727192 -0.00932001 -0.00812291    0.280537
IMAGINARY
          0  -0.0281618  -0.0186051 -0.00781657
  0.0281618           0  0.00534132   0.0315202
  0.0186051 -0.00534132           0  -0.0155036
 0.00781657  -0.0315202   0.0155036           0
EndNode1[0]<--->Repeater1[0]
REAL
   0.314249 -0.00421309  -0.0192492   0.0362465
-0.00421309    0.188295   0.0255815  -0.0103207
 -0.0192492   0.0255815    0.211196  -0.0307331
  0.0362465  -0.0103207  -0.0307331     0.28626
IMAGINARY
          0 -0.00846847 -0.00652579  -0.0132612
 0.00846847           0 -0.00757217  0.00464373
 0.00652579  0.00757217           0 -0.00972475
  0.0132612 -0.00464373  0.00972475           0
EndNode2[0]<--->HoM1[0]
REAL
   0.293734   0.0336548   0.0135919   0.0462277
  0.0336548    0.199739   0.0372071   0.0174678
  0.0135919   0.0372071    0.223238 -0.00259516
  0.0462277   0.0174678 -0.00259516     0.28329
IMAGINARY
          0   0.0103109   0.0054014  0.00848692
 -0.0103109           0   0.0138061   -0.010556
 -0.0054014  -0.0138061           0  0.00901895
-0.00848692    0.010556 -0.00901895           0
Repeater1[0]<--->EndNode1[0]
REAL
   0.314249  -0.0192492 -0.00421309   0.0362465
 -0.0192492    0.211196   0.0255815  -0.0307331
-0.00421309   0.0255815    0.188295  -0.0103207
  0.0362465  -0.0307331  -0.0103207     0.28626
IMAGINARY
          0 -0.00652579 -0.00846847  -0.0132612
 0.00652579           0  0.00757217 -0.00972475
 0.00846847 -0.00757217           0  0.00464373
  0.0132612  0.00972475 -0.00464373           0
Repeater1[0]<--->HoM1[0]
REAL
   0.293734   0.0135919   0.0336548   0.0462277
  0.0135919    0.223238   0.0372071 -0.00259516
  0.0336548   0.0372071    0.199739   0.0174678
  0.0462277 -0.00259516   0.0174678     0.28329
IMAGINARY
          0   0.0054014   0.0103109  0.00848692
 -0.0054014           0  -0.0138061  0.00901895
 -0.0103109   0.0138061           0   -0.010556
-0.00848692 -0.00901895    0.010556           0
EndNode1[0]<--->Repeater1[0]
REAL
    0.32799 -0.00729972  -0.0106514    0.079311
-0.00729972    0.188656   0.0161797  -0.0145475
 -0.0106514   0.0161797    0.205919 -0.00331036
   0.079311  -0.0145475 -0.00331036    0.277435
IMAGINARY
          0   0.0177071  -0.0181178 -0.00413255
 -0.0177071           0  0.00173447  0.00927944
  0.0181178 -0.00173447           0  -0.0063435
 0.00413255 -0.00927944   0.0063435           0
EndNode2[0]<--->HoM1[0]
REAL
   0.286452 0.000298006  0.00757019   0.0687569
0.000298006         0.2   0.0340174  0.00440963
 0.00757019   0.0340174    0.220645 -0.00218956
  0.0687569  0.00440963 -0.00218956    0.292903
IMAGINARY
          0  0.00470725  0.00682382  -0.0162692
-0.00470725           0  -0.0212479  0.00682382
