EndNode1[0]<--->Repeater1[0]
REAL
    0.417513   0.00455112   -0.0033212     0.344593
  0.00455112    0.0672589    0.0106165 -6.17488e-05
  -0.0033212    0.0106165    0.0647208    0.0123636
    0.344593 -6.17488e-05    0.0123636     0.450508
IMAGINARY
          0   0.0167419 -0.00675181 -0.00630286
 -0.0167419           0   0.0129518  -0.0041877
 0.00675181  -0.0129518           0  -0.0148114
 0.00630286   0.0041877   0.0148114           0
EndNode2[0]<--->HoM1[0]
REAL
   0.435125  0.00663721  0.00478318    0.349313
 0.00663721   0.0707733 -0.00580109  0.00412268
 0.00478318 -0.00580109   0.0629096  -0.0142708
   0.349313  0.00412268  -0.0142708    0.431193
IMAGINARY
           0    0.0109038   0.00535223  0.000810572
  -0.0109038            0  -0.00442503   -0.0167159
 -0.00535223   0.00442503            0  0.000459886
-0.000810572    0.0167159 -0.000459886            0
Repeater1[0]<--->EndNode1[0]
REAL
    0.417513   -0.0033212   0.00455112     0.344593
  -0.0033212    0.0647208    0.0106165    0.0123636
  0.00455112    0.0106165    0.0672589 -6.17488e-05
    0.344593    0.0123636 -6.17488e-05     0.450508
IMAGINARY
          0 -0.00675181   0.0167419 -0.00630286
 0.00675181           0  -0.0129518  -0.0148114
 -0.0167419   0.0129518           0  -0.0041877
 0.00630286   0.0148114   0.0041877           0
Repeater1[0]<--->HoM1[0]
REAL
   0.435125  0.00478318  0.00663721    0.349313
 0.00478318   0.0629096 -0.00580109  -0.0142708
 0.00663721 -0.00580109   0.0707733  0.00412268
   0.349313  -0.0142708  0.00412268    0.431193
IMAGINARY
           0   0.00535223    0.0109038  0.000810572
 -0.00535223            0   0.00442503  0.000459886
  -0.0109038  -0.00442503            0   -0.0167159
-0.000810572 -0.000459886    0.0167159            0
EndNode1[0]<--->Repeater1[0]
REAL
    0.433842   0.00883896   -0.0134472     0.341549
  0.00883896    0.0648855   0.00753028  -0.00679823
  -0.0134472   0.00753028    0.0725191 -0.000863499
    0.341549  -0.00679823 -0.000863499     0.428753
IMAGINARY
          0  0.00898972  -0.0198876 -0.00356412
-0.00898972           0 -0.00901866  0.00959956
  0.0198876  0.00901866           0   0.0109005
 0.00356412 -0.00959956  -0.0109005           0
EndNode2[0]<--->HoM1[0]
REAL
   0.399199 -0.00604071   -0.014155     0.35514
-0.00604071   0.0720961   0.0172004   0.0097745
  -0.014155   0.0172004   0.0654206  0.00416337
    0.35514   0.0097745  0.00416337    0.463284
IMAGINARY
          0  0.00834437    0.012832 -0.00437068
-0.00834437           0 -0.00229599  -0.0228823
  -0.012832  0.00229599           0 -0.00457553
 0.00437068   0.0228823  0.00457553           0
Repeater1[0]<--->EndNode1[0]
REAL
    0.433842   -0.0134472   0.00883896     0.341549
  -0.0134472    0.0725191   0.00753028 -0.000863499
  0.00883896   0.00753028    0.0648855  -0.00679823
    0.341549 -0.000863499  -0.00679823     0.428753
IMAGINARY
          0  -0.0198876  0.00898972 -0.00356412
  0.0198876           0  0.00901866   0.0109005
-0.00898972 -0.00901866           0  0.00959956
 0.00356412  -0.0109005 -0.00959956           0
Repeater1[0]<--->HoM1[0]
REAL
   0.399199   -0.014155 -0.00604071     0.35514
  -0.014155   0.0654206   0.0172004  0.00416337
-0.00604071   0.0172004   0.0720961   0.0097745
    0.35514  0.00416337   0.0097745    0.463284
IMAGINARY
          0    0.012832  0.00834437 -0.00437068
  -0.012832           0  0.00229599 -0.00457553
-0.00834437 -0.00229599           0  -0.0228823
 0.00437068  0.00457553   0.0228823           0
EndNode1[0]<--->Repeater1[0]
REAL
   0.451697 -0.00800493  0.00689373    0.354718
-0.00800493   0.0574413  0.00204559  0.00902139
 0.00689373  0.00204559   0.0848564  0.00800493
   0.354718  0.00902139  0.00800493    0.406005
IMAGINARY
          0  0.00294107 -0.00507379  -0.0110103
-0.00294107           0  0.00363934   0.0174597
 0.00507379 -0.00363934           0  0.00422973
  0.0110103  -0.0174597 -0.00422973           0
EndNode2[0]<--->HoM1[0]
REAL
   0.460131  0.00145107   0.0190258    0.347813
 0.00145107   0.0705882 -0.00475157 -0.00800119
  0.0190258 -0.00475157   0.0509804   0.0212467
   0.347813 -0.00800119   0.0212467    0.418301
IMAGINARY
          0  0.00277512 -0.00131535   0.0121083
-0.00277512           0   0.0127325  0.00387945
 0.00131535  -0.0127325           0 -0.00405717
 -0.0121083 -0.00387945  0.00405717           0
Repeater1[0]<--->EndNode1[0]
REAL
   0.451697  0.00689373 -0.00800493    0.354718
 0.00689373   0.0848564  0.00204559  0.00800493
-0.00800493  0.00204559   0.0574413  0.00902139
   0.354718  0.00800493  0.00902139    0.406005
IMAGINARY
          0 -0.00507379  0.00294107  -0.0110103
 0.00507379           0 -0.00363934  0.00422973
-0.00294107  0.00363934           0   0.0174597
  0.0110103 -0.00422973  -0.0174597           0
Repeater1[0]<--->HoM1[0]
REAL
   0.460131   0.0190258  0.00145107    0.347813
  0.0190258   0.0509804 -0.00475157   0.0212467
 0.00145107 -0.00475157   0.0705882 -0.00800119
   0.347813   0.0212467 -0.00800119    0.418301
IMAGINARY
          0 -0.00131535  0.00277512   0.0121083
 0.00131535           0  -0.0127325 -0.00405717
-0.00277512   0.0127325           0  0.00387945
 -0.0121083  0.00405717 -0.00387945           0
EndNode1[0]<--->Repeater1[0]
REAL
   0.439336  0.00845423   0.0118825    0.342939
 0.00845423   0.0613027 -0.00147574 -0.00334592
  0.0118825 -0.00147574   0.0753512 -0.00723472
   0.342939 -0.00334592 -0.00723472     0.42401
IMAGINARY
           0   -0.0168363  0.000696876  -0.00698775
   0.0168363            0   0.00824403    0.0019627
-0.000696876  -0.00824403            0   -0.0110892
  0.00698775   -0.0019627    0.0110892            0
EndNode2[0]<--->HoM1[0]
REAL
   0.442602 -0.00513911 -0.00802225    0.354495
-0.00513911   0.0752551  0.00628108   0.0073529
-0.00802225  0.00628108   0.0727041   0.0232114
   0.354495   0.0073529   0.0232114    0.409439
IMAGINARY
           0  0.000322543   0.00927921  -0.00404287
-0.000322543            0  -0.00221583    0.0047514
 -0.00927921   0.00221583            0  -0.00542458
  0.00404287   -0.0047514   0.00542458            0
Repeater1[0]<--->EndNode1[0]
REAL
   0.439336   0.0118825  0.00845423    0.342939
  0.0118825   0.0753512 -0.00147574 -0.00723472
 0.00845423 -0.00147574   0.0613027 -0.00334592
   0.342939 -0.00723472 -0.00334592     0.42401
IMAGINARY
           0  0.000696876   -0.0168363  -0.00698775
-0.000696876            0  -0.00824403   -0.0110892
   0.0168363   0.00824403            0    0.0019627
  0.00698775    0.0110892   -0.0019627            0
Repeater1[0]<--->HoM1[0]
REAL
   0.442602 -0.00802225 -0.00513911    0.354495
-0.00802225   0.0727041  0.00628108   0.0232114
-0.00513911  0.00628108   0.0752551   0.0073529
   0.354495   0.0232114   0.0073529    0.409439
IMAGINARY
           0   0.00927921  0.000322543  -0.00404287
 -0.00927921            0   0.00221583  -0.00542458
-0.000322543  -0.00221583            0    0.0047514
  0.00404287   0.00542458   -0.0047514            0
EndNode1[0]<--->Repeater1[0]
REAL
    0.424731 -0.000334672    0.0146412     0.355852
-0.000334672    0.0698925   -0.0129596  0.000321392
   0.0146412   -0.0129596    0.0443548  0.000334672
    0.355852  0.000321392  0.000334672     0.461022
IMAGINARY
           0    0.0042967  0.000430341   0.00449845
  -0.0042967            0    0.0174589    0.0156588
-0.000430341   -0.0174589            0   -0.0179106
 -0.00449845   -0.0156588    0.0179106            0
EndNode2[0]<--->HoM1[0]
REAL
   0.421456 0.000709847   0.0116147    0.357401
0.000709847   0.0600255  0.00142263  0.00341798
  0.0116147  0.00142263   0.0727969  -0.0170497
   0.357401  0.00341798  -0.0170497    0.445722
IMAGINARY
           0   0.00880923  -0.00494103    0.0281503
 -0.00880923            0  0.000512115 -0.000493757
  0.00494103 -0.000512115            0  -0.00880923
  -0.0281503  0.000493757   0.00880923            0
Repeater1[0]<--->EndNode1[0]
REAL
    0.424731    0.0146412 -0.000334672     0.355852
   0.0146412    0.0443548   -0.0129596  0.000334672
-0.000334672   -0.0129596    0.0698925  0.000321392
    0.355852  0.000334672  0.000321392     0.461022
IMAGINARY
           0  0.000430341    0.0042967   0.00449845
-0.000430341            0   -0.0174589   -0.0179106
  -0.0042967    0.0174589            0    0.0156588
 -0.00449845    0.0179106   -0.0156588            0
Repeater1[0]<--->HoM1[0]
REAL
   0.421456   0.0116147 0.000709847    0.357401
  0.0116147   0.0727969  0.00142263  -0.0170497
0.000709847  0.00142263   0.0600255  0.00341798
   0.357401  -0.0170497  0.00341798    0.445722
IMAGINARY
           0  -0.00494103   0.00880923    0.0281503
  0.00494103            0 -0.000512115  -0.00880923
 -0.00880923  0.000512115            0 -0.000493757
  -0.0281503   0.00880923  0.000493757            0
EndNode1[0]<--->Repeater1[0]
REAL
  0.397333 -0.0299135 -0.0273013   0.336743
-0.0299135  0.0786667 -0.0229063 0.00906232
-0.0273013 -0.0229063  0.0666667 0.00664308
  0.336743 0.00906232 0.00664308   0.457333
IMAGINARY
          0    0.011127 -0.00362319 -0.00391642
  -0.011127           0 -0.00588751  0.00362319
 0.00362319  0.00588751           0 -0.00611442
 0.00391642 -0.00362319  0.00611442           0
EndNode2[0]<--->HoM1[0]
REAL
   0.436709   -0.024637  -0.0222211    0.342509
  -0.024637   0.0531646  0.00139946   -0.017119
 -0.0222211  0.00139946   0.0582278 -0.00581982
   0.342509   -0.017119 -0.00581982    0.451899
IMAGINARY
           0   0.00786717 -0.000251202   0.00898079
 -0.00786717            0   0.00104428   0.00970896
 0.000251202  -0.00104428            0   -0.0148029
 -0.00898079  -0.00970896    0.0148029            0
Repeater1[0]<--->EndNode1[0]
REAL
  0.397333 -0.0273013 -0.0299135   0.336743
-0.0273013  0.0666667 -0.0229063 0.00664308
-0.0299135 -0.0229063  0.0786667 0.00906232
  0.336743 0.00664308 0.00906232   0.457333
IMAGINARY
          0 -0.00362319    0.011127 -0.00391642
 0.00362319           0  0.00588751 -0.00611442
  -0.011127 -0.00588751           0  0.00362319
 0.00391642  0.00611442 -0.00362319           0
Repeater1[0]<--->HoM1[0]
REAL
   0.436709  -0.0222211   -0.024637    0.342509
 -0.0222211   0.0582278  0.00139946 -0.00581982
  -0.024637  0.00139946   0.0531646   -0.017119
   0.342509 -0.00581982   -0.017119    0.451899
IMAGINARY
           0 -0.000251202   0.00786717   0.00898079
 0.000251202            0  -0.00104428   -0.0148029
 -0.00786717   0.00104428            0   0.00970896
 -0.00898079    0.0148029  -0.00970896            0
EndNode1[0]<--->Repeater1[0]
REAL
   0.44403 0.00880238 0.00134134   0.362516
0.00880238   0.079602 0.00905555 -0.0138102
0.00134134 0.00905555  0.0746269  -0.012543
  0.362516 -0.0138102  -0.012543   0.401741
IMAGINARY
           0   0.00614941 -0.000852201    0.0144115
 -0.00614941            0     -0.02405  -0.00796734
 0.000852201      0.02405            0   -0.0190395
  -0.0144115   0.00796734    0.0190395            0
EndNode2[0]<--->HoM1[0]
REAL
   0.413709 -0.00415815 -0.00638443    0.358553
-0.00415815   0.0599755 -0.00576146 -0.00122979
-0.00638443 -0.00576146   0.0771114 -0.00599413
   0.358553 -0.00122979 -0.00599413    0.449204
IMAGINARY
           0   -0.0128064   0.00669404   0.00434505
   0.0128064            0    0.0245011  -0.00737246
 -0.00669404   -0.0245011            0 -8.37243e-05
 -0.00434505   0.00737246  8.37243e-05            0
Repeater1[0]<--->EndNode1[0]
REAL
   0.44403 0.00134134 0.00880238   0.362516
0.00134134  0.0746269 0.00905555  -0.012543
0.00880238 0.00905555   0.079602 -0.0138102
  0.362516  -0.012543 -0.0138102   0.401741
IMAGINARY
           0 -0.000852201   0.00614941    0.0144115
 0.000852201            0      0.02405   -0.0190395
 -0.00614941     -0.02405            0  -0.00796734
  -0.0144115    0.0190395   0.00796734            0
Repeater1[0]<--->HoM1[0]
REAL
   0.413709 -0.00638443 -0.00415815    0.358553
-0.00638443   0.0771114 -0.00576146 -0.00599413
-0.00415815 -0.00576146   0.0599755 -0.00122979
   0.358553 -0.00599413 -0.00122979    0.449204
IMAGINARY
           0   0.00669404   -0.0128064   0.00434505
 -0.00669404            0   -0.0245011 -8.37243e-05
   0.0128064    0.0245011            0  -0.00737246
 -0.00434505  8.37243e-05   0.00737246            0
EndNode1[0]<--->Repeater1[0]
REAL
  0.424396   0.023908  0.0206332   0.355307
  0.023908  0.0673443 0.00895243 -0.0013306
 0.0206332 0.00895243  0.0838628 0.00909322
  0.355307 -0.0013306 0.00909322   0.424396
IMAGINARY
          0 -0.00685588  -0.0214844  0.00280264
 0.00685588           0  0.00948714  -0.0214844
  0.0214844 -0.00948714           0    0.023783
-0.00280264   0.0214844   -0.023783           0
EndNode2[0]<--->HoM1[0]
REAL
   0.419974  -0.0229397 -0.00773196      0.3521
 -0.0229397   0.0717029 -0.00106414  0.00773196
-0.00773196 -0.00106414   0.0537772   0.0294164
     0.3521  0.00773196   0.0294164    0.454545
IMAGINARY
          0   0.0204723  0.00278417  0.00418133
 -0.0204723           0   0.0101416  -0.0116449
-0.00278417  -0.0101416           0   -0.001485
-0.00418133   0.0116449    0.001485           0
Repeater1[0]<--->EndNode1[0]
REAL
  0.424396  0.0206332   0.023908   0.355307
 0.0206332  0.0838628 0.00895243 0.00909322
  0.023908 0.00895243  0.0673443 -0.0013306
  0.355307 0.00909322 -0.0013306   0.424396
IMAGINARY
          0  -0.0214844 -0.00685588  0.00280264
  0.0214844           0 -0.00948714    0.023783
 0.00685588  0.00948714           0  -0.0214844
-0.00280264   -0.023783   0.0214844           0
Repeater1[0]<--->HoM1[0]
REAL
   0.419974 -0.00773196  -0.0229397      0.3521
-0.00773196   0.0537772 -0.00106414   0.0294164
 -0.0229397 -0.00106414   0.0717029  0.00773196
     0.3521   0.0294164  0.00773196    0.454545
IMAGINARY
          0  0.00278417   0.0204723  0.00418133
-0.00278417           0  -0.0101416   -0.001485
 -0.0204723   0.0101416           0  -0.0116449
-0.00418133    0.001485   0.0116449           0
EndNode1[0]<--->Repeater1[0]
REAL
  0.458333  0.0198113  0.0112463   0.334877
 0.0198113  0.0768229 -0.0109778  0.0157977
 0.0112463 -0.0109778    0.10026  0.0198113
  0.334877  0.0157977  0.0198113   0.364583
IMAGINARY
          0 -0.00953512  0.00297151  -0.0162281
 0.00953512           0  0.00819349  -0.0146295
-0.00297151 -0.00819349           0  0.00435377
  0.0162281   0.0146295 -0.00435377           0
EndNode2[0]<--->HoM1[0]
REAL
  0.411051 0.00778068 0.00122231   0.353181
0.00778068  0.0876011 -0.0109351 -0.0065699
0.00122231 -0.0109351  0.0714286  0.0029145
  0.353181 -0.0065699  0.0029145   0.429919
IMAGINARY
          0 -0.00662651  -0.0119789   0.0176429
 0.00662651           0 -0.00261024  0.00802111
  0.0119789  0.00261024           0  0.00662651
 -0.0176429 -0.00802111 -0.00662651           0
Repeater1[0]<--->EndNode1[0]
REAL
  0.458333  0.0112463  0.0198113   0.334877
 0.0112463    0.10026 -0.0109778  0.0198113
 0.0198113 -0.0109778  0.0768229  0.0157977
  0.334877  0.0198113  0.0157977   0.364583
IMAGINARY
          0  0.00297151 -0.00953512  -0.0162281
-0.00297151           0 -0.00819349  0.00435377
 0.00953512  0.00819349           0  -0.0146295
  0.0162281 -0.00435377   0.0146295           0
Repeater1[0]<--->HoM1[0]
REAL
  0.411051 0.00122231 0.00778068   0.353181
0.00122231  0.0714286 -0.0109351  0.0029145
0.00778068 -0.0109351  0.0876011 -0.0065699
  0.353181  0.0029145 -0.0065699   0.429919
IMAGINARY
          0  -0.0119789 -0.00662651   0.0176429
  0.0119789           0  0.00261024  0.00662651
 0.00662651 -0.00261024           0  0.00802111
 -0.0176429 -0.00662651 -0.00802111           0
EndNode1[0]<--->Repeater1[0]
REAL
   0.428571  -0.0284117   0.0151643    0.356102
 -0.0284117   0.0747051 -0.00592348 -0.00624631
  0.0151643 -0.00592348   0.0694626  0.00641412
   0.356102 -0.00624631  0.00641412    0.427261
IMAGINARY
           0   -0.0373589    0.0121814    -0.012996
   0.0373589            0  0.000379797   0.00807179
  -0.0121814 -0.000379797            0   0.00318166
    0.012996  -0.00807179  -0.00318166            0
EndNode2[0]<--->HoM1[0]
REAL
   0.454795 -0.00533973   0.0051005    0.353181
-0.00533973   0.0780822  -0.0111401 -0.00206283
  0.0051005  -0.0111401   0.0684932    0.001087
   0.353181 -0.00206283    0.001087     0.39863
IMAGINARY
          0  -0.0124956  0.00561427  -0.0190829
  0.0124956           0   0.0124961 -0.00561427
-0.00561427  -0.0124961           0  0.00998309
  0.0190829  0.00561427 -0.00998309           0
Repeater1[0]<--->EndNode1[0]
REAL
   0.428571   0.0151643  -0.0284117    0.356102
  0.0151643   0.0694626 -0.00592348  0.00641412
 -0.0284117 -0.00592348   0.0747051 -0.00624631
   0.356102  0.00641412 -0.00624631    0.427261
IMAGINARY
           0    0.0121814   -0.0373589    -0.012996
  -0.0121814            0 -0.000379797   0.00318166
   0.0373589  0.000379797            0   0.00807179
    0.012996  -0.00318166  -0.00807179            0
Repeater1[0]<--->HoM1[0]
REAL
   0.454795   0.0051005 -0.00533973    0.353181
  0.0051005   0.0684932  -0.0111401    0.001087
-0.00533973  -0.0111401   0.0780822 -0.00206283
   0.353181    0.001087 -0.00206283     0.39863
IMAGINARY
          0  0.00561427  -0.0124956  -0.0190829
-0.00561427           0  -0.0124961  0.00998309
  0.0124956   0.0124961           0 -0.00561427
  0.0190829 -0.00998309  0.00561427           0
EndNode1[0]<--->Repeater1[0]
REAL
   0.383178   0.0229912  0.00713902    0.353063
  0.0229912   0.0667557 0.000431522   0.0143664
 0.00713902 0.000431522   0.0841121   0.0186755
   0.353063   0.0143664   0.0186755    0.465955
IMAGINARY
          0   0.0162443   0.0110837 -0.00678182
 -0.0162443           0 -0.00169276  -0.0110837
 -0.0110837  0.00169276           0   0.0100715
 0.00678182   0.0110837  -0.0100715           0
EndNode2[0]<--->HoM1[0]
REAL
    0.42268  -0.0113971  0.00831844    0.356922
 -0.0113971   0.0695876 -0.00605604 -0.00498954
 0.00831844 -0.00605604   0.0695876 -0.00391581
   0.356922 -0.00498954 -0.00391581    0.438144
IMAGINARY
          0 -0.00230075    -0.01282   0.0132084
 0.00230075           0 -0.00300431 -0.00496658
    0.01282  0.00300431           0   0.0200873
 -0.0132084  0.00496658  -0.0200873           0
Repeater1[0]<--->EndNode1[0]
REAL
   0.383178  0.00713902   0.0229912    0.353063
 0.00713902   0.0841121 0.000431522   0.0186755
  0.0229912 0.000431522   0.0667557   0.0143664
   0.353063   0.0186755   0.0143664    0.465955
IMAGINARY
          0   0.0110837   0.0162443 -0.00678182
 -0.0110837           0  0.00169276   0.0100715
 -0.0162443 -0.00169276           0  -0.0110837
 0.00678182  -0.0100715   0.0110837           0
Repeater1[0]<--->HoM1[0]
REAL
    0.42268  0.00831844  -0.0113971    0.356922
 0.00831844   0.0695876 -0.00605604 -0.00391581
 -0.0113971 -0.00605604   0.0695876 -0.00498954
   0.356922 -0.00391581 -0.00498954    0.438144
IMAGINARY
          0    -0.01282 -0.00230075   0.0132084
    0.01282           0  0.00300431   0.0200873
 0.00230075 -0.00300431           0 -0.00496658
 -0.0132084  -0.0200873  0.00496658           0
EndNode1[0]<--->Repeater1[0]
REAL
   0.417871   0.0195084 -0.00446859    0.356578
  0.0195084   0.0709593   0.0138672   0.0159396
-0.00446859   0.0138672   0.0762155 -0.00263928
   0.356578   0.0159396 -0.00263928    0.434954
IMAGINARY
          0  -0.0090337   0.0200298 -0.00704393
  0.0090337           0   0.0095377  0.00426687
 -0.0200298  -0.0095377           0  -0.0139842
 0.00704393 -0.00426687   0.0139842           0
EndNode2[0]<--->HoM1[0]
REAL
   0.439891  -0.0136267 -0.00572047    0.337146
 -0.0136267   0.0614754  0.00744024 -0.00383367
-0.00572047  0.00744024    0.079235   0.0015248
   0.337146 -0.00383367   0.0015248    0.419399
IMAGINARY
          0 -0.00690555  0.00349195 -0.00063124
 0.00690555           0 -0.00125082 -0.00157134
-0.00349195  0.00125082           0  0.00370453
 0.00063124  0.00157134 -0.00370453           0
Repeater1[0]<--->EndNode1[0]
REAL
   0.417871 -0.00446859   0.0195084    0.356578
-0.00446859   0.0762155   0.0138672 -0.00263928
  0.0195084   0.0138672   0.0709593   0.0159396
   0.356578 -0.00263928   0.0159396    0.434954
IMAGINARY
          0   0.0200298  -0.0090337 -0.00704393
 -0.0200298           0  -0.0095377  -0.0139842
  0.0090337   0.0095377           0  0.00426687
 0.00704393   0.0139842 -0.00426687           0
Repeater1[0]<--->HoM1[0]
REAL
   0.439891 -0.00572047  -0.0136267    0.337146
-0.00572047    0.079235  0.00744024   0.0015248
 -0.0136267  0.00744024   0.0614754 -0.00383367
   0.337146   0.0015248 -0.00383367    0.419399
IMAGINARY
          0  0.00349195 -0.00690555 -0.00063124
-0.00349195           0  0.00125082  0.00370453
 0.00690555 -0.00125082           0 -0.00157134
 0.00063124 -0.00370453  0.00157134           0
EndNode1[0]<--->Repeater1[0]
REAL
    0.446154   -0.0184922    -0.029592     0.352142
  -0.0184922    0.0564103 -0.000338147  -0.00520179
   -0.029592 -0.000338147     0.075641   -0.0124357
    0.352142  -0.00520179   -0.0124357     0.421795
IMAGINARY
           0   -0.0145961    0.0133431 -0.000377969
   0.0145961            0  -0.00715972   0.00885014
  -0.0133431   0.00715972            0   -0.0115135
 0.000377969  -0.00885014    0.0115135            0
EndNode2[0]<--->HoM1[0]
REAL
   0.391837  0.00912579  -0.0168691    0.349996
 0.00912579   0.0761905  0.00656152 -0.00225662
 -0.0168691  0.00656152   0.0721088  -0.0132241
   0.349996 -0.00225662  -0.0132241    0.459864
IMAGINARY
          0 -0.00383547  0.00314368 -0.00732924
 0.00383547           0   0.0229738   0.0056947
-0.00314368  -0.0229738           0  -0.0226797
 0.00732924  -0.0056947   0.0226797           0
Repeater1[0]<--->EndNode1[0]
REAL
    0.446154    -0.029592   -0.0184922     0.352142
   -0.029592     0.075641 -0.000338147   -0.0124357
  -0.0184922 -0.000338147    0.0564103  -0.00520179
    0.352142   -0.0124357  -0.00520179     0.421795
IMAGINARY
           0    0.0133431   -0.0145961 -0.000377969
  -0.0133431            0   0.00715972   -0.0115135
   0.0145961  -0.00715972            0   0.00885014
 0.000377969    0.0115135  -0.00885014            0
Repeater1[0]<--->HoM1[0]
REAL
   0.391837  -0.0168691  0.00912579    0.349996
 -0.0168691   0.0721088  0.00656152  -0.0132241
 0.00912579  0.00656152   0.0761905 -0.00225662
   0.349996  -0.0132241 -0.00225662    0.459864
IMAGINARY
          0  0.00314368 -0.00383547 -0.00732924
-0.00314368           0  -0.0229738  -0.0226797
 0.00383547   0.0229738           0   0.0056947
 0.00732924   0.0226797  -0.0056947           0
EndNode1[0]<--->Repeater1[0]
REAL
  0.413279 -0.0166406 -0.0117344   0.315737
-0.0166406  0.0813008 -0.0029095  0.0130433
-0.0117344 -0.0029095  0.0758808  0.0140228
  0.315737  0.0130433  0.0140228   0.429539
IMAGINARY
          0    0.012127   0.0125233 -0.00380629
  -0.012127           0 -0.00696684  -0.0246562
 -0.0125233  0.00696684           0   0.0127772
 0.00380629   0.0246562  -0.0127772           0
EndNode2[0]<--->HoM1[0]
REAL
   0.415783  0.00426252    0.020221    0.361532
 0.00426252   0.0765607   0.0314667 -0.00370846
   0.020221   0.0314667   0.0647821    0.013571
   0.361532 -0.00370846    0.013571    0.442874
IMAGINARY
          0   0.0233447  0.00817689   0.0117623
 -0.0233447           0  -0.0185009  -0.0062161
-0.00817689   0.0185009           0  -0.0226911
 -0.0117623   0.0062161   0.0226911           0
Repeater1[0]<--->EndNode1[0]
REAL
  0.413279 -0.0117344 -0.0166406   0.315737
-0.0117344  0.0758808 -0.0029095  0.0140228
-0.0166406 -0.0029095  0.0813008  0.0130433
  0.315737  0.0140228  0.0130433   0.429539
IMAGINARY
          0   0.0125233    0.012127 -0.00380629
 -0.0125233           0  0.00696684   0.0127772
  -0.012127 -0.00696684           0  -0.0246562
 0.00380629  -0.0127772   0.0246562           0
Repeater1[0]<--->HoM1[0]
REAL
   0.415783    0.020221  0.00426252    0.361532
   0.020221   0.0647821   0.0314667    0.013571
 0.00426252   0.0314667   0.0765607 -0.00370846
   0.361532    0.013571 -0.00370846    0.442874
IMAGINARY
          0  0.00817689   0.0233447   0.0117623
-0.00817689           0   0.0185009  -0.0226911
 -0.0233447  -0.0185009           0  -0.0062161
 -0.0117623   0.0226911   0.0062161           0
EndNode1[0]<--->Repeater1[0]
REAL
   0.442159 1.26994e-05  -0.0167497    0.346917
1.26994e-05   0.0565553   0.0100468 -0.00144355
 -0.0167497   0.0100468   0.0835476  -0.0182059
   0.346917 -0.00144355  -0.0182059    0.417738
IMAGINARY
          0 -0.00272045  -0.0091954   0.0108465
 0.00272045           0  -0.0146828  -0.0040672
  0.0091954   0.0146828           0   0.0120043
 -0.0108465   0.0040672  -0.0120043           0
EndNode2[0]<--->HoM1[0]
REAL
   0.416776  0.00375516   0.0184275    0.342329
 0.00375516   0.0747051  -0.0021157   -0.013767
  0.0184275  -0.0021157   0.0655308 -0.00442094
   0.342329   -0.013767 -0.00442094    0.442988
IMAGINARY
           0 -0.000376094   0.00763743   -0.0128016
 0.000376094            0  -0.00615266    -0.008872
 -0.00763743   0.00615266            0   0.00161066
   0.0128016     0.008872  -0.00161066            0
Repeater1[0]<--->EndNode1[0]
REAL
   0.442159  -0.0167497 1.26994e-05    0.346917
 -0.0167497   0.0835476   0.0100468  -0.0182059
1.26994e-05   0.0100468   0.0565553 -0.00144355
   0.346917  -0.0182059 -0.00144355    0.417738
IMAGINARY
          0  -0.0091954 -0.00272045   0.0108465
  0.0091954           0   0.0146828   0.0120043
 0.00272045  -0.0146828           0  -0.0040672
 -0.0108465  -0.0120043   0.0040672           0
Repeater1[0]<--->HoM1[0]
REAL
   0.416776   0.0184275  0.00375516    0.342329
  0.0184275   0.0655308  -0.0021157 -0.00442094
 0.00375516  -0.0021157   0.0747051   -0.013767
   0.342329 -0.00442094   -0.013767    0.442988
IMAGINARY
           0   0.00763743 -0.000376094   -0.0128016
 -0.00763743            0   0.00615266   0.00161066
 0.000376094  -0.00615266            0    -0.008872
   0.0128016  -0.00161066     0.008872            0
EndNode1[0]<--->Repeater1[0]
REAL
   0.425831  -0.0015822 -0.00132626    0.334641
 -0.0015822   0.0664962   0.0154918 -0.00132626
-0.00132626   0.0154918   0.0703325  -0.0103541
   0.334641 -0.00132626  -0.0103541     0.43734
IMAGINARY
          0   0.0102476   0.0290757   -0.024846
 -0.0102476           0  0.00160562 -0.00646932
 -0.0290757 -0.00160562           0  -0.0142369
   0.024846  0.00646932   0.0142369           0
EndNode2[0]<--->HoM1[0]
REAL
   0.436842   0.0105954 -0.00153031    0.351753
  0.0105954   0.0789474  0.00704057   0.0150091
-0.00153031  0.00704057       0.075    0.013153
   0.351753   0.0150091    0.013153    0.409211
IMAGINARY
          0  0.00169207 -0.00768411 -0.00822603
-0.00169207           0  0.00884714 -0.00369474
 0.00768411 -0.00884714           0  -0.0197644
 0.00822603  0.00369474   0.0197644           0
Repeater1[0]<--->EndNode1[0]
REAL
   0.425831 -0.00132626  -0.0015822    0.334641
-0.00132626   0.0703325   0.0154918  -0.0103541
 -0.0015822   0.0154918   0.0664962 -0.00132626
   0.334641  -0.0103541 -0.00132626     0.43734
IMAGINARY
          0   0.0290757   0.0102476   -0.024846
 -0.0290757           0 -0.00160562  -0.0142369
 -0.0102476  0.00160562           0 -0.00646932
   0.024846   0.0142369  0.00646932           0
Repeater1[0]<--->HoM1[0]
REAL
   0.436842 -0.00153031   0.0105954    0.351753
-0.00153031       0.075  0.00704057    0.013153
  0.0105954  0.00704057   0.0789474   0.0150091
   0.351753    0.013153   0.0150091    0.409211
IMAGINARY
          0 -0.00768411  0.00169207 -0.00822603
 0.00768411           0 -0.00884714  -0.0197644
-0.00169207  0.00884714           0 -0.00369474
 0.00822603   0.0197644  0.00369474           0
EndNode1[0]<--->Repeater1[0]
REAL
    0.43923  0.00425774   0.0145351    0.341533
 0.00425774   0.0722022 -0.00299884  0.00378241
  0.0145351 -0.00299884   0.0746089   0.0018481
   0.341533  0.00378241   0.0018481    0.413959
IMAGINARY
          0   0.0110137  -0.0239984  0.00405418
 -0.0110137           0  -0.0046473    0.016752
  0.0239984   0.0046473           0   0.0015028
-0.00405418   -0.016752  -0.0015028           0
EndNode2[0]<--->HoM1[0]
REAL
  0.426813  0.0146112 -0.0139076    0.34419
 0.0146112  0.0588235  0.0074053 0.00350536
-0.0139076  0.0074053  0.0670315 0.00966067
   0.34419 0.00350536 0.00966067   0.447332
IMAGINARY
          0  -0.0236147   0.0105879 -0.00780533
  0.0236147           0   0.0203998 -0.00145268
 -0.0105879  -0.0203998           0  -0.0196253
 0.00780533  0.00145268   0.0196253           0
Repeater1[0]<--->EndNode1[0]
REAL
    0.43923   0.0145351  0.00425774    0.341533
  0.0145351   0.0746089 -0.00299884   0.0018481
 0.00425774 -0.00299884   0.0722022  0.00378241
   0.341533   0.0018481  0.00378241    0.413959
IMAGINARY
          0  -0.0239984   0.0110137  0.00405418
  0.0239984           0   0.0046473   0.0015028
 -0.0110137  -0.0046473           0    0.016752
-0.00405418  -0.0015028   -0.016752           0
Repeater1[0]<--->HoM1[0]
REAL
  0.426813 -0.0139076  0.0146112    0.34419
-0.0139076  0.0670315  0.0074053 0.00966067
 0.0146112  0.0074053  0.0588235 0.00350536
   0.34419 0.00966067 0.00350536   0.447332
IMAGINARY
          0   0.0105879  -0.0236147 -0.00780533
 -0.0105879           0  -0.0203998  -0.0196253
  0.0236147   0.0203998           0 -0.00145268
 0.00780533   0.0196253  0.00145268           0
EndNode1[0]<--->Repeater1[0]
REAL
    0.43544     0.02878  0.00999241     0.34803
    0.02878   0.0618132 -0.00824323  0.00803162
 0.00999241 -0.00824323   0.0824176   0.0132761
    0.34803  0.00803162   0.0132761     0.42033
IMAGINARY
         0  0.0138001  0.0146243   0.020071
-0.0138001          0 -0.0125522 -0.0140153
-0.0146243  0.0125522          0 -0.0119731
 -0.020071  0.0140153  0.0119731          0
EndNode2[0]<--->HoM1[0]
REAL
   0.460581 -0.00274725 -0.00222878    0.352602
-0.00274725   0.0719225  0.00316692  0.00634966
-0.00222878  0.00316692   0.0636238 -0.00274725
   0.352602  0.00634966 -0.00274725    0.403873
IMAGINARY
          0  -0.0097441  0.00457379  0.00253596
  0.0097441           0   0.0149738 -0.00269173
-0.00457379  -0.0149738           0  -0.0122132
-0.00253596  0.00269173   0.0122132           0
Repeater1[0]<--->EndNode1[0]
REAL
    0.43544  0.00999241     0.02878     0.34803
 0.00999241   0.0824176 -0.00824323   0.0132761
    0.02878 -0.00824323   0.0618132  0.00803162
    0.34803   0.0132761  0.00803162     0.42033
IMAGINARY
         0  0.0146243  0.0138001   0.020071
-0.0146243          0  0.0125522 -0.0119731
-0.0138001 -0.0125522          0 -0.0140153
 -0.020071  0.0119731  0.0140153          0
Repeater1[0]<--->HoM1[0]
REAL
   0.460581 -0.00222878 -0.00274725    0.352602
-0.00222878   0.0636238  0.00316692 -0.00274725
-0.00274725  0.00316692   0.0719225  0.00634966
   0.352602 -0.00274725  0.00634966    0.403873
IMAGINARY
          0  0.00457379  -0.0097441  0.00253596
-0.00457379           0  -0.0149738  -0.0122132
  0.0097441   0.0149738           0 -0.00269173
-0.00253596   0.0122132  0.00269173           0
EndNode1[0]<--->Repeater1[0]
REAL
   0.425303 -0.00338467  0.00515358    0.357382
-0.00338467   0.0686406  0.00594656 -0.00041745
 0.00515358  0.00594656   0.0861373  0.00676762
   0.357382 -0.00041745  0.00676762    0.419919
IMAGINARY
           0   -0.0122169    0.0240911  0.000920166
   0.0122169            0    0.0139313  -0.00723719
  -0.0240911   -0.0139313            0    0.0115927
-0.000920166   0.00723719   -0.0115927            0
EndNode2[0]<--->HoM1[0]
REAL
   0.446194  0.00188917  0.00506176     0.35306
 0.00188917   0.0695538 -0.00167436 -0.00128342
 0.00506176 -0.00167436   0.0734908  0.00692695
    0.35306 -0.00128342  0.00692695    0.410761
IMAGINARY
          0   0.0117845  -0.0147293   0.0301072
 -0.0117845           0 -0.00677806  0.00889274
  0.0147293  0.00677806           0  0.00183421
 -0.0301072 -0.00889274 -0.00183421           0
Repeater1[0]<--->EndNode1[0]
REAL
   0.425303  0.00515358 -0.00338467    0.357382
 0.00515358   0.0861373  0.00594656  0.00676762
-0.00338467  0.00594656   0.0686406 -0.00041745
   0.357382  0.00676762 -0.00041745    0.419919
IMAGINARY
           0    0.0240911   -0.0122169  0.000920166
  -0.0240911            0   -0.0139313    0.0115927
   0.0122169    0.0139313            0  -0.00723719
-0.000920166   -0.0115927   0.00723719            0
Repeater1[0]<--->HoM1[0]
REAL
   0.446194  0.00506176  0.00188917     0.35306
 0.00506176   0.0734908 -0.00167436  0.00692695
 0.00188917 -0.00167436   0.0695538 -0.00128342
    0.35306  0.00692695 -0.00128342    0.410761
IMAGINARY
          0  -0.0147293   0.0117845   0.0301072
  0.0147293           0  0.00677806  0.00183421
 -0.0117845 -0.00677806           0  0.00889274
 -0.0301072 -0.00183421 -0.00889274           0
EndNode1[0]<--->Repeater1[0]
REAL
         0.4    0.0050599 -6.01257e-05     0.351931
   0.0050599    0.0792208   0.00539039      0.01195
-6.01257e-05   0.00539039    0.0688312    0.0193456
    0.351931      0.01195    0.0193456     0.451948
IMAGINARY
          0 -0.00818952 -0.00218783  -0.0230901
 0.00818952           0  0.00914586    0.019169
 0.00218783 -0.00914586           0  -0.0188545
  0.0230901   -0.019169   0.0188545           0
EndNode2[0]<--->HoM1[0]
REAL
   0.43984 -0.0250292 -0.0179221   0.337341
-0.0250292  0.0775401  0.0107284 -0.0113432
-0.0179221  0.0107284  0.0681818 0.00821723
  0.337341 -0.0113432 0.00821723   0.414439
IMAGINARY
          0  0.00927077   0.0101523   0.0034169
-0.00927077           0  0.00528956  -0.0101523
 -0.0101523 -0.00528956           0 -0.00792668
 -0.0034169   0.0101523  0.00792668           0
Repeater1[0]<--->EndNode1[0]
REAL
         0.4 -6.01257e-05    0.0050599     0.351931
-6.01257e-05    0.0688312   0.00539039    0.0193456
   0.0050599   0.00539039    0.0792208      0.01195
    0.351931    0.0193456      0.01195     0.451948
IMAGINARY
          0 -0.00218783 -0.00818952  -0.0230901
 0.00218783           0 -0.00914586  -0.0188545
 0.00818952  0.00914586           0    0.019169
  0.0230901   0.0188545   -0.019169           0
Repeater1[0]<--->HoM1[0]
REAL
   0.43984 -0.0179221 -0.0250292   0.337341
-0.0179221  0.0681818  0.0107284 0.00821723
-0.0250292  0.0107284  0.0775401 -0.0113432
  0.337341 0.00821723 -0.0113432   0.414439
IMAGINARY
          0   0.0101523  0.00927077   0.0034169
 -0.0101523           0 -0.00528956 -0.00792668
-0.00927077  0.00528956           0  -0.0101523
 -0.0034169  0.00792668   0.0101523           0
EndNode1[0]<--->Repeater1[0]
REAL
    0.397059   -0.0101843    0.0114273      0.36007
  -0.0101843    0.0710784   -0.0187177 -0.000373963
   0.0114273   -0.0187177    0.0870098  -0.00216945
     0.36007 -0.000373963  -0.00216945     0.444853
IMAGINARY
          0   0.0125058  -0.0113343   -0.005091
 -0.0125058           0  0.00772952  0.00672298
  0.0113343 -0.00772952           0  -0.0105295
   0.005091 -0.00672298   0.0105295           0
EndNode2[0]<--->HoM1[0]
REAL
  0.414449 -0.0120997 -0.0055854   0.331224
-0.0120997  0.0811153  0.0081283 -0.0211892
-0.0055854  0.0081283  0.0570342 -0.0134295
  0.331224 -0.0211892 -0.0134295   0.447402
IMAGINARY
           0  -0.00720795 -0.000167669   0.00506069
  0.00720795            0    -0.019068   0.00508167
 0.000167669     0.019068            0     0.012122
 -0.00506069  -0.00508167    -0.012122            0
Repeater1[0]<--->EndNode1[0]
REAL
    0.397059    0.0114273   -0.0101843      0.36007
   0.0114273    0.0870098   -0.0187177  -0.00216945
  -0.0101843   -0.0187177    0.0710784 -0.000373963
     0.36007  -0.00216945 -0.000373963     0.444853
IMAGINARY
          0  -0.0113343   0.0125058   -0.005091
  0.0113343           0 -0.00772952  -0.0105295
 -0.0125058  0.00772952           0  0.00672298
   0.005091   0.0105295 -0.00672298           0
Repeater1[0]<--->HoM1[0]
REAL
  0.414449 -0.0055854 -0.0120997   0.331224
-0.0055854  0.0570342  0.0081283 -0.0134295
-0.0120997  0.0081283  0.0811153 -0.0211892
  0.331224 -0.0134295 -0.0211892   0.447402
IMAGINARY
           0 -0.000167669  -0.00720795   0.00506069
 0.000167669            0     0.019068     0.012122
  0.00720795    -0.019068            0   0.00508167
 -0.00506069    -0.012122  -0.00508167            0
EndNode1[0]<--->Repeater1[0]
REAL
     0.4525  -0.0063528 -0.00845902    0.358476
 -0.0063528      0.0775  0.00281894  0.00119349
-0.00845902  0.00281894     0.06375   0.0083343
   0.358476  0.00119349   0.0083343     0.40625
IMAGINARY
          0   0.0389552 -0.00484834  0.00547887
 -0.0389552           0  0.00611907 -0.00230381
 0.00484834 -0.00611907           0 -0.00449486
-0.00547887  0.00230381  0.00449486           0
EndNode2[0]<--->HoM1[0]
REAL
   0.393035  0.00736924   0.0182392    0.360478
 0.00736924   0.0771144  -0.0150352  0.00752039
  0.0182392  -0.0150352   0.0808458 -0.00142473
   0.360478  0.00752039 -0.00142473    0.449005
IMAGINARY
          0  0.00431415   0.0135713   0.0214178
-0.00431415           0 -0.00583338  -0.0128873
 -0.0135713  0.00583338           0 -0.00089418
 -0.0214178   0.0128873  0.00089418           0
Repeater1[0]<--->EndNode1[0]
REAL
     0.4525 -0.00845902  -0.0063528    0.358476
-0.00845902     0.06375  0.00281894   0.0083343
 -0.0063528  0.00281894      0.0775  0.00119349
   0.358476   0.0083343  0.00119349     0.40625
IMAGINARY
          0 -0.00484834   0.0389552  0.00547887
 0.00484834           0 -0.00611907 -0.00449486
 -0.0389552  0.00611907           0 -0.00230381
-0.00547887  0.00449486  0.00230381           0
Repeater1[0]<--->HoM1[0]
REAL
   0.393035   0.0182392  0.00736924    0.360478
  0.0182392   0.0808458  -0.0150352 -0.00142473
 0.00736924  -0.0150352   0.0771144  0.00752039
   0.360478 -0.00142473  0.00752039    0.449005
IMAGINARY
          0   0.0135713  0.00431415   0.0214178
 -0.0135713           0  0.00583338 -0.00089418
-0.00431415 -0.00583338           0  -0.0128873
 -0.0214178  0.00089418   0.0128873           0
EndNode1[0]<--->Repeater1[0]
REAL
  0.436054 -0.0172995 -0.0199429   0.342659
-0.0172995  0.0535932 0.00470914 0.00810084
-0.0199429 0.00470914  0.0767357 0.00545736
  0.342659 0.00810084 0.00545736   0.433618
IMAGINARY
          0   0.0109032  -0.0153803   0.0124339
 -0.0109032           0 -0.00268097 -0.00262522
  0.0153803  0.00268097           0  0.00294724
 -0.0124339  0.00262522 -0.00294724           0
EndNode2[0]<--->HoM1[0]
REAL
     0.4178   0.0145272  -0.0115119    0.352126
  0.0145272   0.0828183 -0.00554286 -0.00592184
 -0.0115119 -0.00554286   0.0815822 -0.00964579
   0.352126 -0.00592184 -0.00964579      0.4178
IMAGINARY
           0  -0.00460123   0.00259361    0.0125193
  0.00460123            0  -0.00737796 -0.000753115
 -0.00259361   0.00737796            0  -0.00460123
  -0.0125193  0.000753115   0.00460123            0
Repeater1[0]<--->EndNode1[0]
REAL
  0.436054 -0.0199429 -0.0172995   0.342659
-0.0199429  0.0767357 0.00470914 0.00545736
-0.0172995 0.00470914  0.0535932 0.00810084
  0.342659 0.00545736 0.00810084   0.433618
IMAGINARY
          0  -0.0153803   0.0109032   0.0124339
  0.0153803           0  0.00268097  0.00294724
 -0.0109032 -0.00268097           0 -0.00262522
 -0.0124339 -0.00294724  0.00262522           0
Repeater1[0]<--->HoM1[0]
REAL
     0.4178  -0.0115119   0.0145272    0.352126
 -0.0115119   0.0815822 -0.00554286 -0.00964579
  0.0145272 -0.00554286   0.0828183 -0.00592184
   0.352126 -0.00964579 -0.00592184      0.4178
IMAGINARY
           0   0.00259361  -0.00460123    0.0125193
 -0.00259361            0   0.00737796  -0.00460123
  0.00460123  -0.00737796            0 -0.000753115
  -0.0125193   0.00460123  0.000753115            0
EndNode1[0]<--->Repeater1[0]
REAL
   0.430311  0.00637673   0.0128836    0.335386
 0.00637673   0.0730717 -0.00142853  0.00771565
  0.0128836 -0.00142853   0.0703654  -0.0194853
   0.335386  0.00771565  -0.0194853    0.426252
IMAGINARY
          0  -0.0110237  0.00637034   0.0057823
  0.0110237           0 -0.00641282   0.0197393
-0.00637034  0.00641282           0 -0.00594757
 -0.0057823  -0.0197393  0.00594757           0
EndNode2[0]<--->HoM1[0]
REAL
   0.419897 -0.00400289  -0.0173569    0.349105
