EndNode1[0]<--->Repeater1[0]
REAL
   0.277978  0.00802947 -0.00999992   0.0439652
 0.00802947     0.23225  -0.0227015  0.00210199
-0.00999992  -0.0227015    0.240674  -0.0183575
  0.0439652  0.00210199  -0.0183575    0.249097
IMAGINARY
          0  -0.0366597  -0.0111524  0.00955472
  0.0366597           0  0.00491896  0.00346007
  0.0111524 -0.00491896           0 -0.00693001
-0.00955472 -0.00346007  0.00693001           0
EndNode2[0]<--->HoM1[0]
REAL
  0.235446 -0.0044849 -0.0213473  0.0535967
-0.0044849   0.252264 0.00152648  0.0129167
-0.0213473 0.00152648   0.248383 0.00253937
 0.0535967  0.0129167 0.00253937   0.263907
IMAGINARY
          0  0.00741014 -0.00979562 -0.00174053
-0.00741014           0 -0.00686874  0.00289474
 0.00979562  0.00686874           0   0.0132925
 0.00174053 -0.00289474  -0.0132925           0
Repeater1[0]<--->EndNode1[0]
REAL
   0.277978 -0.00999992  0.00802947   0.0439652
-0.00999992    0.240674  -0.0227015  -0.0183575
 0.00802947  -0.0227015     0.23225  0.00210199
  0.0439652  -0.0183575  0.00210199    0.249097
IMAGINARY
          0  -0.0111524  -0.0366597  0.00955472
  0.0111524           0 -0.00491896 -0.00693001
  0.0366597  0.00491896           0  0.00346007
-0.00955472  0.00693001 -0.00346007           0
Repeater1[0]<--->HoM1[0]
REAL
  0.235446 -0.0213473 -0.0044849  0.0535967
-0.0213473   0.248383 0.00152648 0.00253937
-0.0044849 0.00152648   0.252264  0.0129167
 0.0535967 0.00253937  0.0129167   0.263907
IMAGINARY
          0 -0.00979562  0.00741014 -0.00174053
 0.00979562           0  0.00686874   0.0132925
-0.00741014 -0.00686874           0  0.00289474
 0.00174053  -0.0132925 -0.00289474           0
EndNode1[0]<--->Repeater1[0]
REAL
      0.252   0.0214497   0.0141061    0.034787
  0.0214497    0.245333 -0.00643644  0.00264649
  0.0141061 -0.00643644    0.237333  -0.0175837
   0.034787  0.00264649  -0.0175837    0.265333
IMAGINARY
          0  0.00898009   0.0178331   0.0210554
-0.00898009           0 -0.00345438 -0.00453527
 -0.0178331  0.00345438           0  0.00830714
 -0.0210554  0.00453527 -0.00830714           0
EndNode2[0]<--->HoM1[0]
REAL
   0.293436  -0.0178768  0.00646707   0.0741973
 -0.0178768    0.227799  -0.0016782 -0.00392254
 0.00646707  -0.0016782    0.203346  0.00769867
  0.0741973 -0.00392254  0.00769867    0.275418
IMAGINARY
          0  -0.0192397   0.0168132 -0.00608646
  0.0192397           0  0.00101032   0.0149637
 -0.0168132 -0.00101032           0  -0.0138343
 0.00608646  -0.0149637   0.0138343           0
Repeater1[0]<--->EndNode1[0]
REAL
      0.252   0.0141061   0.0214497    0.034787
  0.0141061    0.237333 -0.00643644  -0.0175837
  0.0214497 -0.00643644    0.245333  0.00264649
   0.034787  -0.0175837  0.00264649    0.265333
IMAGINARY
          0   0.0178331  0.00898009   0.0210554
 -0.0178331           0  0.00345438  0.00830714
-0.00898009 -0.00345438           0 -0.00453527
 -0.0210554 -0.00830714  0.00453527           0
Repeater1[0]<--->HoM1[0]
REAL
   0.293436  0.00646707  -0.0178768   0.0741973
 0.00646707    0.203346  -0.0016782  0.00769867
 -0.0178768  -0.0016782    0.227799 -0.00392254
  0.0741973  0.00769867 -0.00392254    0.275418
IMAGINARY
          0   0.0168132  -0.0192397 -0.00608646
 -0.0168132           0 -0.00101032  -0.0138343
  0.0192397  0.00101032           0   0.0149637
 0.00608646   0.0138343  -0.0149637           0
EndNode1[0]<--->Repeater1[0]
REAL
  0.261658  0.0158702   0.014386  0.0555039
 0.0158702   0.216321  0.0164611 0.00876798
  0.014386  0.0164611   0.227979 0.00728371
 0.0555039 0.00876798 0.00728371   0.294041
IMAGINARY
          0  -0.0116833 -0.00223735  -0.0211025
  0.0116833           0 -0.00342577   0.0123129
 0.00223735  0.00342577           0   0.0142022
  0.0211025  -0.0123129  -0.0142022           0
EndNode2[0]<--->HoM1[0]
REAL
   0.271429  -0.0226073 -0.00352624   0.0539727
 -0.0226073    0.236364  -0.0111886  -0.0201008
-0.00352624  -0.0111886    0.203896  -0.0137912
  0.0539727  -0.0201008  -0.0137912    0.288312
IMAGINARY
          0  -0.0110214  0.00554277   0.0217739
  0.0110214           0  0.00440414 -0.00231696
-0.00554277 -0.00440414           0 -0.00639792
 -0.0217739  0.00231696  0.00639792           0
Repeater1[0]<--->EndNode1[0]
REAL
  0.261658   0.014386  0.0158702  0.0555039
  0.014386   0.227979  0.0164611 0.00728371
 0.0158702  0.0164611   0.216321 0.00876798
 0.0555039 0.00728371 0.00876798   0.294041
IMAGINARY
          0 -0.00223735  -0.0116833  -0.0211025
 0.00223735           0  0.00342577   0.0142022
  0.0116833 -0.00342577           0   0.0123129
  0.0211025  -0.0142022  -0.0123129           0
Repeater1[0]<--->HoM1[0]
REAL
   0.271429 -0.00352624  -0.0226073   0.0539727
-0.00352624    0.203896  -0.0111886  -0.0137912
 -0.0226073  -0.0111886    0.236364  -0.0201008
  0.0539727  -0.0137912  -0.0201008    0.288312
IMAGINARY
          0  0.00554277  -0.0110214   0.0217739
-0.00554277           0 -0.00440414 -0.00639792
  0.0110214  0.00440414           0 -0.00231696
 -0.0217739  0.00639792  0.00231696           0
EndNode1[0]<--->Repeater1[0]
REAL
   0.272494   0.0127807   0.0137985   0.0553528
  0.0127807    0.237789 -0.00833288 0.000108792
  0.0137985 -0.00833288    0.213368  -0.0121184
  0.0553528 0.000108792  -0.0121184     0.27635
IMAGINARY
          0  0.00510789  -0.0083889 -0.00873666
-0.00510789           0  -0.0111638 -0.00651624
  0.0083889   0.0111638           0 -0.00375287
 0.00873666  0.00651624  0.00375287           0
EndNode2[0]<--->HoM1[0]
REAL
   0.281211 -0.00924916   0.0147238   0.0370233
-0.00924916    0.211854 -0.00143825   0.0160361
  0.0147238 -0.00143825    0.216898  0.00743975
  0.0370233   0.0160361  0.00743975    0.290038
IMAGINARY
          0 -0.00323996  -0.0132872  -0.0152804
 0.00323996           0 -0.00657392  -0.0318057
  0.0132872  0.00657392           0  -0.0259378
  0.0152804   0.0318057   0.0259378           0
Repeater1[0]<--->EndNode1[0]
REAL
   0.272494   0.0137985   0.0127807   0.0553528
  0.0137985    0.213368 -0.00833288  -0.0121184
  0.0127807 -0.00833288    0.237789 0.000108792
  0.0553528  -0.0121184 0.000108792     0.27635
IMAGINARY
          0  -0.0083889  0.00510789 -0.00873666
  0.0083889           0   0.0111638 -0.00375287
-0.00510789  -0.0111638           0 -0.00651624
 0.00873666  0.00375287  0.00651624           0
Repeater1[0]<--->HoM1[0]
REAL
   0.281211   0.0147238 -0.00924916   0.0370233
  0.0147238    0.216898 -0.00143825  0.00743975
-0.00924916 -0.00143825    0.211854   0.0160361
  0.0370233  0.00743975   0.0160361    0.290038
IMAGINARY
          0  -0.0132872 -0.00323996  -0.0152804
  0.0132872           0  0.00657392  -0.0259378
 0.00323996 -0.00657392           0  -0.0318057
  0.0152804   0.0259378   0.0318057           0
EndNode1[0]<--->Repeater1[0]
REAL
   0.286445  -0.0179208 -0.00835476   0.0691942
 -0.0179208    0.216113  -0.0202524  0.00835476
-0.00835476  -0.0202524    0.227621  0.00866151
  0.0691942  0.00835476  0.00866151    0.269821
IMAGINARY
           0    0.0101741   -0.0041101    -0.017054
  -0.0101741            0   -0.0309613    0.0227716
   0.0041101    0.0309613            0  0.000765454
    0.017054   -0.0227716 -0.000765454            0
EndNode2[0]<--->HoM1[0]
REAL
  0.275905 0.00352559 0.00653174  0.0625553
0.00352559   0.257179 -0.0015473  0.0252985
0.00653174 -0.0015473    0.21598  0.0110633
 0.0625553  0.0252985  0.0110633   0.250936
IMAGINARY
          0  -0.0011109   0.0323287  -0.0244035
  0.0011109           0   0.0150702   0.0086969
 -0.0323287  -0.0150702           0 -0.00914551
  0.0244035  -0.0086969  0.00914551           0
Repeater1[0]<--->EndNode1[0]
REAL
   0.286445 -0.00835476  -0.0179208   0.0691942
-0.00835476    0.227621  -0.0202524  0.00866151
 -0.0179208  -0.0202524    0.216113  0.00835476
  0.0691942  0.00866151  0.00835476    0.269821
IMAGINARY
           0   -0.0041101    0.0101741    -0.017054
   0.0041101            0    0.0309613  0.000765454
  -0.0101741   -0.0309613            0    0.0227716
    0.017054 -0.000765454   -0.0227716            0
Repeater1[0]<--->HoM1[0]
REAL
  0.275905 0.00653174 0.00352559  0.0625553
0.00653174    0.21598 -0.0015473  0.0110633
0.00352559 -0.0015473   0.257179  0.0252985
 0.0625553  0.0110633  0.0252985   0.250936
IMAGINARY
          0   0.0323287  -0.0011109  -0.0244035
 -0.0323287           0  -0.0150702 -0.00914551
  0.0011109   0.0150702           0   0.0086969
  0.0244035  0.00914551  -0.0086969           0
EndNode1[0]<--->Repeater1[0]
REAL
  0.284146 -0.0070562 -0.0262951   0.047837
-0.0070562    0.19878  0.0194586 -0.0145855
-0.0262951  0.0194586   0.229268 0.00391154
  0.047837 -0.0145855 0.00391154   0.287805
IMAGINARY
          0 -0.00992723 -0.00671774  0.00117456
 0.00992723           0 -0.00750368 -0.00409307
 0.00671774  0.00750368           0 -0.00223493
-0.00117456  0.00409307  0.00223493           0
EndNode2[0]<--->HoM1[0]
REAL
   0.280657 -0.00732128  -0.0129649   0.0724657
-0.00732128    0.204804   -0.011718 -0.00772933
 -0.0129649   -0.011718    0.268015  -0.0200485
  0.0724657 -0.00772933  -0.0200485    0.246523
IMAGINARY
           0 -0.000374424   -0.0198098   0.00117328
 0.000374424            0   0.00714938  -0.00952698
   0.0198098  -0.00714938            0     0.009303
 -0.00117328   0.00952698    -0.009303            0
Repeater1[0]<--->EndNode1[0]
REAL
  0.284146 -0.0262951 -0.0070562   0.047837
-0.0262951   0.229268  0.0194586 0.00391154
-0.0070562  0.0194586    0.19878 -0.0145855
  0.047837 0.00391154 -0.0145855   0.287805
IMAGINARY
          0 -0.00671774 -0.00992723  0.00117456
 0.00671774           0  0.00750368 -0.00223493
 0.00992723 -0.00750368           0 -0.00409307
-0.00117456  0.00223493  0.00409307           0
Repeater1[0]<--->HoM1[0]
REAL
   0.280657  -0.0129649 -0.00732128   0.0724657
 -0.0129649    0.268015   -0.011718  -0.0200485
-0.00732128   -0.011718    0.204804 -0.00772933
  0.0724657  -0.0200485 -0.00772933    0.246523
IMAGINARY
           0   -0.0198098 -0.000374424   0.00117328
   0.0198098            0  -0.00714938     0.009303
 0.000374424   0.00714938            0  -0.00952698
 -0.00117328    -0.009303   0.00952698            0
EndNode1[0]<--->Repeater1[0]
REAL
   0.310078 -0.00488575  -0.0138367   0.0250628
-0.00488575    0.219638   0.0148064   0.0105688
 -0.0138367   0.0148064     0.22739   0.0199184
  0.0250628   0.0105688   0.0199184    0.242894
IMAGINARY
          0 -0.00352039  -0.0125935  -0.0033958
 0.00352039           0  0.00844631  0.00361918
  0.0125935 -0.00844631           0 -0.00288987
  0.0033958 -0.00361918  0.00288987           0
EndNode2[0]<--->HoM1[0]
REAL
    0.295265 -0.000570128  -0.00669548    0.0577729
-0.000570128     0.214485   0.00304655   -0.0029076
 -0.00669548   0.00304655     0.207521    -0.015435
   0.0577729   -0.0029076    -0.015435      0.28273
IMAGINARY
          0 -0.00560964  -0.0265074  0.00957525
 0.00560964           0 -0.00359915   0.0115821
  0.0265074  0.00359915           0 -0.00434061
-0.00957525  -0.0115821  0.00434061           0
Repeater1[0]<--->EndNode1[0]
REAL
   0.310078  -0.0138367 -0.00488575   0.0250628
 -0.0138367     0.22739   0.0148064   0.0199184
-0.00488575   0.0148064    0.219638   0.0105688
  0.0250628   0.0199184   0.0105688    0.242894
IMAGINARY
          0  -0.0125935 -0.00352039  -0.0033958
  0.0125935           0 -0.00844631 -0.00288987
 0.00352039  0.00844631           0  0.00361918
  0.0033958  0.00288987 -0.00361918           0
Repeater1[0]<--->HoM1[0]
REAL
    0.295265  -0.00669548 -0.000570128    0.0577729
 -0.00669548     0.207521   0.00304655    -0.015435
-0.000570128   0.00304655     0.214485   -0.0029076
   0.0577729    -0.015435   -0.0029076      0.28273
IMAGINARY
          0  -0.0265074 -0.00560964  0.00957525
  0.0265074           0  0.00359915 -0.00434061
 0.00560964 -0.00359915           0   0.0115821
-0.00957525  0.00434061  -0.0115821           0
EndNode1[0]<--->Repeater1[0]
REAL
  0.264557 0.00391111  0.0113038   0.040306
0.00391111   0.222785 -0.0155284 0.00330869
 0.0113038 -0.0155284   0.241772 -0.0172529
  0.040306 0.00330869 -0.0172529   0.270886
IMAGINARY
          0  0.00940688   0.0114292 -0.00500524
-0.00940688           0 -0.00758922 -0.00452828
 -0.0114292  0.00758922           0   -0.023836
 0.00500524  0.00452828    0.023836           0
EndNode2[0]<--->HoM1[0]
REAL
   0.285528 -0.00107625 -0.00639368   0.0652977
-0.00107625    0.230769   0.0125658  -0.0109808
-0.00639368   0.0125658    0.234681 -0.00857625
  0.0652977  -0.0109808 -0.00857625    0.249022
IMAGINARY
           0    -0.010991   -0.0161259    0.0127253
    0.010991            0 -0.000467274  -0.00992241
   0.0161259  0.000467274            0   0.00400246
  -0.0127253   0.00992241  -0.00400246            0
Repeater1[0]<--->EndNode1[0]
REAL
  0.264557  0.0113038 0.00391111   0.040306
 0.0113038   0.241772 -0.0155284 -0.0172529
0.00391111 -0.0155284   0.222785 0.00330869
  0.040306 -0.0172529 0.00330869   0.270886
IMAGINARY
          0   0.0114292  0.00940688 -0.00500524
 -0.0114292           0  0.00758922   -0.023836
-0.00940688 -0.00758922           0 -0.00452828
 0.00500524    0.023836  0.00452828           0
Repeater1[0]<--->HoM1[0]
REAL
   0.285528 -0.00639368 -0.00107625   0.0652977
-0.00639368    0.234681   0.0125658 -0.00857625
-0.00107625   0.0125658    0.230769  -0.0109808
  0.0652977 -0.00857625  -0.0109808    0.249022
IMAGINARY
           0   -0.0161259    -0.010991    0.0127253
   0.0161259            0  0.000467274   0.00400246
    0.010991 -0.000467274            0  -0.00992241
  -0.0127253  -0.00400246   0.00992241            0
EndNode1[0]<--->Repeater1[0]
REAL
   0.274788  0.00333857 -0.00346412   0.0521844
 0.00333857    0.223796 -0.00224602  -0.0230464
-0.00346412 -0.00224602     0.22238  0.00590927
  0.0521844  -0.0230464  0.00590927    0.279037
IMAGINARY
          0 -0.00826842  0.00727166  0.00543994
 0.00826842           0   0.0144606   0.0180448
-0.00727166  -0.0144606           0 -0.00185816
-0.00543994  -0.0180448  0.00185816           0
EndNode2[0]<--->HoM1[0]
REAL
   0.289277  -0.0246882  0.00337401   0.0711446
 -0.0246882    0.193267 -0.00311286  -0.0172445
 0.00337401 -0.00311286    0.253117 -0.00107142
  0.0711446  -0.0172445 -0.00107142    0.264339
IMAGINARY
          0   0.0351839  -0.0112937  -0.0102436
 -0.0351839           0  0.00955205    0.013769
  0.0112937 -0.00955205           0 -0.00053041
  0.0102436   -0.013769  0.00053041           0
Repeater1[0]<--->EndNode1[0]
REAL
   0.274788 -0.00346412  0.00333857   0.0521844
-0.00346412     0.22238 -0.00224602  0.00590927
 0.00333857 -0.00224602    0.223796  -0.0230464
  0.0521844  0.00590927  -0.0230464    0.279037
IMAGINARY
          0  0.00727166 -0.00826842  0.00543994
-0.00727166           0  -0.0144606 -0.00185816
 0.00826842   0.0144606           0   0.0180448
-0.00543994  0.00185816  -0.0180448           0
Repeater1[0]<--->HoM1[0]
REAL
   0.289277  0.00337401  -0.0246882   0.0711446
 0.00337401    0.253117 -0.00311286 -0.00107142
 -0.0246882 -0.00311286    0.193267  -0.0172445
  0.0711446 -0.00107142  -0.0172445    0.264339
IMAGINARY
          0  -0.0112937   0.0351839  -0.0102436
  0.0112937           0 -0.00955205 -0.00053041
 -0.0351839  0.00955205           0    0.013769
  0.0102436  0.00053041   -0.013769           0
EndNode1[0]<--->Repeater1[0]
REAL
   0.282443   0.0130222  -0.0138736   0.0343737
  0.0130222    0.255725 -0.00138537 -0.00359082
 -0.0138736 -0.00138537    0.201018   0.0277281
  0.0343737 -0.00359082   0.0277281    0.260814
IMAGINARY
          0   -0.014723   0.0241206  -0.0164074
   0.014723           0  0.00424346  -0.0184744
 -0.0241206 -0.00424346           0  0.00656737
  0.0164074   0.0184744 -0.00656737           0
EndNode2[0]<--->HoM1[0]
REAL
   0.273408 -0.00849811 -0.00512375    0.047486
-0.00849811    0.245943  0.00524132   0.0433056
-0.00512375  0.00524132    0.218477   0.0236496
   0.047486   0.0433056   0.0236496    0.262172
IMAGINARY
           0   0.00419094    0.0107069   0.00948256
 -0.00419094            0  -0.00265026   0.00127293
  -0.0107069   0.00265026            0  0.000222683
 -0.00948256  -0.00127293 -0.000222683            0
Repeater1[0]<--->EndNode1[0]
REAL
   0.282443  -0.0138736   0.0130222   0.0343737
 -0.0138736    0.201018 -0.00138537   0.0277281
  0.0130222 -0.00138537    0.255725 -0.00359082
  0.0343737   0.0277281 -0.00359082    0.260814
IMAGINARY
          0   0.0241206   -0.014723  -0.0164074
 -0.0241206           0 -0.00424346  0.00656737
   0.014723  0.00424346           0  -0.0184744
  0.0164074 -0.00656737   0.0184744           0
Repeater1[0]<--->HoM1[0]
REAL
   0.273408 -0.00512375 -0.00849811    0.047486
-0.00512375    0.218477  0.00524132   0.0236496
-0.00849811  0.00524132    0.245943   0.0433056
   0.047486   0.0236496   0.0433056    0.262172
IMAGINARY
           0    0.0107069   0.00419094   0.00948256
  -0.0107069            0   0.00265026  0.000222683
 -0.00419094  -0.00265026            0   0.00127293
 -0.00948256 -0.000222683  -0.00127293            0
EndNode1[0]<--->Repeater1[0]
REAL
   0.251928 -0.00207393  -0.0198486    0.049689
-0.00207393    0.208226 -0.00138287  0.00918363
 -0.0198486 -0.00138287    0.231362  -0.0236475
   0.049689  0.00918363  -0.0236475    0.308483
IMAGINARY
          0 -0.00412865  -0.0104878  0.00351167
 0.00412865           0  -0.0180619  0.00859621
  0.0104878   0.0180619           0   0.0060202
-0.00351167 -0.00859621  -0.0060202           0
EndNode2[0]<--->HoM1[0]
REAL
    0.294679 -0.000582945   0.00482376    0.0534754
-0.000582945     0.199181   -0.0097736    0.0106004
  0.00482376   -0.0097736     0.200546    0.0198632
   0.0534754    0.0106004    0.0198632     0.305593
IMAGINARY
          0  -0.0261645  0.00708045   0.0124929
  0.0261645           0  -0.0030351   0.0335321
-0.00708045   0.0030351           0 -0.00113242
 -0.0124929  -0.0335321  0.00113242           0
Repeater1[0]<--->EndNode1[0]
REAL
   0.251928  -0.0198486 -0.00207393    0.049689
 -0.0198486    0.231362 -0.00138287  -0.0236475
-0.00207393 -0.00138287    0.208226  0.00918363
   0.049689  -0.0236475  0.00918363    0.308483
IMAGINARY
          0  -0.0104878 -0.00412865  0.00351167
  0.0104878           0   0.0180619   0.0060202
 0.00412865  -0.0180619           0  0.00859621
-0.00351167  -0.0060202 -0.00859621           0
Repeater1[0]<--->HoM1[0]
REAL
    0.294679   0.00482376 -0.000582945    0.0534754
  0.00482376     0.200546   -0.0097736    0.0198632
-0.000582945   -0.0097736     0.199181    0.0106004
   0.0534754    0.0198632    0.0106004     0.305593
IMAGINARY
          0  0.00708045  -0.0261645   0.0124929
-0.00708045           0   0.0030351 -0.00113242
  0.0261645  -0.0030351           0   0.0335321
 -0.0124929  0.00113242  -0.0335321           0
EndNode1[0]<--->Repeater1[0]
REAL
   0.285714  -0.0119781  0.00025565   0.0704972
 -0.0119781     0.20757  0.00958352 -0.00496628
 0.00025565  0.00958352    0.218559   0.0180346
  0.0704972 -0.00496628   0.0180346    0.288156
IMAGINARY
          0  -0.0108156  0.00283943 -0.00499002
  0.0108156           0  -0.0246351  -0.0129917
-0.00283943   0.0246351           0 -0.00187475
 0.00499002   0.0129917  0.00187475           0
EndNode2[0]<--->HoM1[0]
REAL
   0.290281 -0.00530549 0.000962889   0.0763313
-0.00530549    0.214834   0.0166606  -0.0252216
0.000962889   0.0166606      0.2289  0.00261007
  0.0763313  -0.0252216  0.00261007    0.265985
IMAGINARY
          0 -0.00572435   0.0201131  -0.0167455
 0.00572435           0   0.0192965   0.0134946
 -0.0201131  -0.0192965           0  -0.0100507
  0.0167455  -0.0134946   0.0100507           0
Repeater1[0]<--->EndNode1[0]
REAL
   0.285714  0.00025565  -0.0119781   0.0704972
 0.00025565    0.218559  0.00958352   0.0180346
 -0.0119781  0.00958352     0.20757 -0.00496628
  0.0704972   0.0180346 -0.00496628    0.288156
IMAGINARY
          0  0.00283943  -0.0108156 -0.00499002
-0.00283943           0   0.0246351 -0.00187475
  0.0108156  -0.0246351           0  -0.0129917
 0.00499002  0.00187475   0.0129917           0
Repeater1[0]<--->HoM1[0]
REAL
   0.290281 0.000962889 -0.00530549   0.0763313
0.000962889      0.2289   0.0166606  0.00261007
-0.00530549   0.0166606    0.214834  -0.0252216
  0.0763313  0.00261007  -0.0252216    0.265985
IMAGINARY
          0   0.0201131 -0.00572435  -0.0167455
 -0.0201131           0  -0.0192965  -0.0100507
 0.00572435   0.0192965           0   0.0134946
  0.0167455   0.0100507  -0.0134946           0
EndNode1[0]<--->Repeater1[0]
REAL
   0.256824  -0.0163367  0.00363678   0.0553671
 -0.0163367    0.238213  0.00979247  0.00700152
 0.00363678  0.00979247     0.23201 -0.00892928
  0.0553671  0.00700152 -0.00892928    0.272953
IMAGINARY
          0  -0.0225859   0.0120989  0.00463553
  0.0225859           0 -0.00341899   0.0176237
 -0.0120989  0.00341899           0   0.0139994
-0.00463553  -0.0176237  -0.0139994           0
EndNode2[0]<--->HoM1[0]
REAL
   0.303781 -0.00420519  0.00805371   0.0498728
-0.00420519    0.245111   0.0111028   0.0092762
 0.00805371   0.0111028    0.211213  0.00613073
  0.0498728   0.0092762  0.00613073    0.239896
IMAGINARY
           0    0.0301582   -0.0206172    0.0150205
  -0.0301582            0    0.0013729  0.000563763
   0.0206172   -0.0013729            0   0.00192735
  -0.0150205 -0.000563763  -0.00192735            0
Repeater1[0]<--->EndNode1[0]
REAL
   0.256824  0.00363678  -0.0163367   0.0553671
 0.00363678     0.23201  0.00979247 -0.00892928
 -0.0163367  0.00979247    0.238213  0.00700152
  0.0553671 -0.00892928  0.00700152    0.272953
IMAGINARY
          0   0.0120989  -0.0225859  0.00463553
 -0.0120989           0  0.00341899   0.0139994
  0.0225859 -0.00341899           0   0.0176237
-0.00463553  -0.0139994  -0.0176237           0
Repeater1[0]<--->HoM1[0]
REAL
   0.303781  0.00805371 -0.00420519   0.0498728
 0.00805371    0.211213   0.0111028  0.00613073
-0.00420519   0.0111028    0.245111   0.0092762
  0.0498728  0.00613073   0.0092762    0.239896
IMAGINARY
           0   -0.0206172    0.0301582    0.0150205
   0.0206172            0   -0.0013729   0.00192735
  -0.0301582    0.0013729            0  0.000563763
  -0.0150205  -0.00192735 -0.000563763            0
EndNode1[0]<--->Repeater1[0]
REAL
   0.269184   -0.024336   0.0220822   0.0532763
  -0.024336    0.243605  -0.0256057   0.0133103
  0.0220822  -0.0256057    0.221681 -0.00590851
  0.0532763   0.0133103 -0.00590851     0.26553
IMAGINARY
          0  0.00609079 -0.00630037  0.00898857
-0.00609079           0  0.00581195  -0.0154388
 0.00630037 -0.00581195           0 -0.00795415
-0.00898857   0.0154388  0.00795415           0
EndNode2[0]<--->HoM1[0]
REAL
   0.300932  0.00727325 -0.00414261   0.0565393
 0.00727325    0.245007  -0.0113132  -0.0147016
-0.00414261  -0.0113132    0.190413 -0.00852953
  0.0565393  -0.0147016 -0.00852953    0.263648
IMAGINARY
           0   0.00523287 -7.19727e-05   -0.0142363
 -0.00523287            0    0.0136152    0.0204936
 7.19727e-05   -0.0136152            0   -0.0230194
   0.0142363   -0.0204936    0.0230194            0
Repeater1[0]<--->EndNode1[0]
REAL
   0.269184   0.0220822   -0.024336   0.0532763
  0.0220822    0.221681  -0.0256057 -0.00590851
  -0.024336  -0.0256057    0.243605   0.0133103
  0.0532763 -0.00590851   0.0133103     0.26553
IMAGINARY
          0 -0.00630037  0.00609079  0.00898857
 0.00630037           0 -0.00581195 -0.00795415
-0.00609079  0.00581195           0  -0.0154388
-0.00898857  0.00795415   0.0154388           0
Repeater1[0]<--->HoM1[0]
REAL
   0.300932 -0.00414261  0.00727325   0.0565393
-0.00414261    0.190413  -0.0113132 -0.00852953
 0.00727325  -0.0113132    0.245007  -0.0147016
  0.0565393 -0.00852953  -0.0147016    0.263648
IMAGINARY
           0 -7.19727e-05   0.00523287   -0.0142363
 7.19727e-05            0   -0.0136152   -0.0230194
 -0.00523287    0.0136152            0    0.0204936
   0.0142363    0.0230194   -0.0204936            0
EndNode1[0]<--->Repeater1[0]
REAL
   0.301205  0.00435305  0.00607882   0.0575564
 0.00435305    0.215529 -0.00693912  -0.0184245
 0.00607882 -0.00693912    0.212851  0.00305435
  0.0575564  -0.0184245  0.00305435    0.270415
IMAGINARY
          0  0.00579947  -0.0149975 -0.00299043
-0.00579947           0 -0.00299043  -0.0137381
  0.0149975  0.00299043           0   0.0139962
 0.00299043   0.0137381  -0.0139962           0
EndNode2[0]<--->HoM1[0]
REAL
    0.27451 -0.00123765  -0.0164047   0.0777382
-0.00123765         0.2  0.00846869  -0.0045313
 -0.0164047  0.00846869    0.240523   6.127e-06
  0.0777382  -0.0045313   6.127e-06    0.284967
IMAGINARY
          0  0.00388601 -0.00662138   0.0093453
-0.00388601           0 -0.00219316  0.00410248
 0.00662138  0.00219316           0 -0.00388601
 -0.0093453 -0.00410248  0.00388601           0
Repeater1[0]<--->EndNode1[0]
REAL
   0.301205  0.00607882  0.00435305   0.0575564
 0.00607882    0.212851 -0.00693912  0.00305435
 0.00435305 -0.00693912    0.215529  -0.0184245
  0.0575564  0.00305435  -0.0184245    0.270415
IMAGINARY
          0  -0.0149975  0.00579947 -0.00299043
  0.0149975           0  0.00299043   0.0139962
-0.00579947 -0.00299043           0  -0.0137381
 0.00299043  -0.0139962   0.0137381           0
Repeater1[0]<--->HoM1[0]
REAL
    0.27451  -0.0164047 -0.00123765   0.0777382
 -0.0164047    0.240523  0.00846869   6.127e-06
-0.00123765  0.00846869         0.2  -0.0045313
  0.0777382   6.127e-06  -0.0045313    0.284967
IMAGINARY
          0 -0.00662138  0.00388601   0.0093453
 0.00662138           0  0.00219316 -0.00388601
-0.00388601 -0.00219316           0  0.00410248
 -0.0093453  0.00388601 -0.00410248           0
EndNode1[0]<--->Repeater1[0]
REAL
  0.265943 0.00227628 -0.0141335  0.0338444
0.00227628   0.236092 8.6448e-05  0.0109325
-0.0141335 8.6448e-05   0.256445 0.00732679
 0.0338444  0.0109325 0.00732679    0.24152
IMAGINARY
          0   0.0119938 -0.00685322 -0.00662071
 -0.0119938           0   0.0180131  0.00239462
 0.00685322  -0.0180131           0 -0.00498738
 0.00662071 -0.00239462  0.00498738           0
EndNode2[0]<--->HoM1[0]
REAL
   0.283715  -0.0327264  0.00472104   0.0233225
 -0.0327264    0.220102 -0.00306104 -0.00276026
 0.00472104 -0.00306104    0.209924  -0.0215219
  0.0233225 -0.00276026  -0.0215219     0.28626
IMAGINARY
          0  -0.0157542  0.00289575  -0.0186265
  0.0157542           0 -0.00168801  0.00289575
-0.00289575  0.00168801           0  0.00224067
  0.0186265 -0.00289575 -0.00224067           0
Repeater1[0]<--->EndNode1[0]
REAL
  0.265943 -0.0141335 0.00227628  0.0338444
-0.0141335   0.256445 8.6448e-05 0.00732679
0.00227628 8.6448e-05   0.236092  0.0109325
 0.0338444 0.00732679  0.0109325    0.24152
IMAGINARY
          0 -0.00685322   0.0119938 -0.00662071
 0.00685322           0  -0.0180131 -0.00498738
 -0.0119938   0.0180131           0  0.00239462
 0.00662071  0.00498738 -0.00239462           0
Repeater1[0]<--->HoM1[0]
REAL
   0.283715  0.00472104  -0.0327264   0.0233225
 0.00472104    0.209924 -0.00306104  -0.0215219
 -0.0327264 -0.00306104    0.220102 -0.00276026
  0.0233225  -0.0215219 -0.00276026     0.28626
IMAGINARY
          0  0.00289575  -0.0157542  -0.0186265
-0.00289575           0  0.00168801  0.00224067
  0.0157542 -0.00168801           0  0.00289575
  0.0186265 -0.00224067 -0.00289575           0
EndNode1[0]<--->Repeater1[0]
REAL
  0.271845  -0.010192  0.0107395   0.050523
 -0.010192    0.23301 -0.0268355 0.00270485
 0.0107395 -0.0268355    0.21914 0.00314978
  0.050523 0.00270485 0.00314978   0.276006
IMAGINARY
           0 -0.000268254 -0.000330752  -0.00312934
 0.000268254            0  -0.00504505   -0.0116189
 0.000330752   0.00504505            0   -0.0104236
  0.00312934    0.0116189    0.0104236            0
EndNode2[0]<--->HoM1[0]
REAL
     0.2825 -0.00702458   0.0119347   0.0425235
-0.00702458     0.20875 -0.00106623 -0.00565327
  0.0119347 -0.00106623        0.22  -0.0155885
  0.0425235 -0.00565327  -0.0155885     0.28875
IMAGINARY
          0  -0.0230778  0.00478418 -0.00694447
  0.0230778           0 -0.00437377   0.0170107
-0.00478418  0.00437377           0   0.0064111
 0.00694447  -0.0170107  -0.0064111           0
Repeater1[0]<--->EndNode1[0]
REAL
  0.271845  0.0107395  -0.010192   0.050523
 0.0107395    0.21914 -0.0268355 0.00314978
 -0.010192 -0.0268355    0.23301 0.00270485
  0.050523 0.00314978 0.00270485   0.276006
IMAGINARY
           0 -0.000330752 -0.000268254  -0.00312934
 0.000330752            0   0.00504505   -0.0104236
 0.000268254  -0.00504505            0   -0.0116189
  0.00312934    0.0104236    0.0116189            0
Repeater1[0]<--->HoM1[0]
REAL
     0.2825   0.0119347 -0.00702458   0.0425235
  0.0119347        0.22 -0.00106623  -0.0155885
-0.00702458 -0.00106623     0.20875 -0.00565327
  0.0425235  -0.0155885 -0.00565327     0.28875
IMAGINARY
          0  0.00478418  -0.0230778 -0.00694447
-0.00478418           0  0.00437377   0.0064111
  0.0230778 -0.00437377           0   0.0170107
 0.00694447  -0.0064111  -0.0170107           0
EndNode1[0]<--->Repeater1[0]
REAL
    0.273936  -0.00702619   0.00455535    0.0513816
 -0.00702619     0.210106   0.00388158   -0.0361343
  0.00455535   0.00388158     0.219415 -0.000868551
   0.0513816   -0.0361343 -0.000868551     0.296543
IMAGINARY
          0  0.00478558 -0.00931452  -0.0319353
-0.00478558           0 -0.00661888  0.00681452
 0.00931452  0.00661888           0 -0.00728558
  0.0319353 -0.00681452  0.00728558           0
EndNode2[0]<--->HoM1[0]
REAL
   0.274611  -0.0211098  -0.0129089   0.0301674
 -0.0211098    0.215026  0.00545261 -0.00292223
 -0.0129089  0.00545261     0.23057  0.00264017
  0.0301674 -0.00292223  0.00264017    0.279793
IMAGINARY
          0  -0.0155529  -0.0195727  0.00134477
  0.0155529           0   0.0129409  0.00499731
  0.0195727  -0.0129409           0  0.00351232
-0.00134477 -0.00499731 -0.00351232           0
Repeater1[0]<--->EndNode1[0]
REAL
    0.273936   0.00455535  -0.00702619    0.0513816
  0.00455535     0.219415   0.00388158 -0.000868551
 -0.00702619   0.00388158     0.210106   -0.0361343
   0.0513816 -0.000868551   -0.0361343     0.296543
IMAGINARY
          0 -0.00931452  0.00478558  -0.0319353
 0.00931452           0  0.00661888 -0.00728558
-0.00478558 -0.00661888           0  0.00681452
  0.0319353  0.00728558 -0.00681452           0
Repeater1[0]<--->HoM1[0]
REAL
   0.274611  -0.0129089  -0.0211098   0.0301674
 -0.0129089     0.23057  0.00545261  0.00264017
 -0.0211098  0.00545261    0.215026 -0.00292223
  0.0301674  0.00264017 -0.00292223    0.279793
IMAGINARY
          0  -0.0195727  -0.0155529  0.00134477
  0.0195727           0  -0.0129409  0.00351232
  0.0155529   0.0129409           0  0.00499731
-0.00134477 -0.00351232 -0.00499731           0
EndNode1[0]<--->Repeater1[0]
REAL
    0.26533  -0.0141595 -0.00374859   0.0517746
 -0.0141595     0.21934  -0.0109583   0.0126772
-0.00374859  -0.0109583    0.214623 -0.00497315
  0.0517746   0.0126772 -0.00497315    0.300708
IMAGINARY
          0   0.0150143  -0.0234244  0.00622282
 -0.0150143           0   0.0101088   0.0178343
  0.0234244  -0.0101088           0 -0.00942426
-0.00622282  -0.0178343  0.00942426           0
EndNode2[0]<--->HoM1[0]
REAL
  0.282609 -0.0167873  0.0131095  0.0577854
-0.0167873     0.2289 -0.0116413 -0.0238554
 0.0131095 -0.0116413   0.204604 -0.0154504
 0.0577854 -0.0238554 -0.0154504   0.283887
IMAGINARY
           0  -0.00338233   -0.0139868    0.0230438
  0.00338233            0   0.00865085 -0.000662849
   0.0139868  -0.00865085            0  0.000197619
  -0.0230438  0.000662849 -0.000197619            0
Repeater1[0]<--->EndNode1[0]
REAL
    0.26533 -0.00374859  -0.0141595   0.0517746
-0.00374859    0.214623  -0.0109583 -0.00497315
 -0.0141595  -0.0109583     0.21934   0.0126772
  0.0517746 -0.00497315   0.0126772    0.300708
IMAGINARY
          0  -0.0234244   0.0150143  0.00622282
  0.0234244           0  -0.0101088 -0.00942426
 -0.0150143   0.0101088           0   0.0178343
-0.00622282  0.00942426  -0.0178343           0
Repeater1[0]<--->HoM1[0]
REAL
  0.282609  0.0131095 -0.0167873  0.0577854
 0.0131095   0.204604 -0.0116413 -0.0154504
-0.0167873 -0.0116413     0.2289 -0.0238554
 0.0577854 -0.0154504 -0.0238554   0.283887
IMAGINARY
           0   -0.0139868  -0.00338233    0.0230438
   0.0139868            0  -0.00865085  0.000197619
  0.00338233   0.00865085            0 -0.000662849
  -0.0230438 -0.000197619  0.000662849            0
EndNode1[0]<--->Repeater1[0]
REAL
   0.300251 -0.00419686 -0.00688499   0.0639712
-0.00419686    0.199749   0.0181544 -0.00881549
-0.00688499   0.0181544        0.25  -0.0139191
  0.0639712 -0.00881549  -0.0139191        0.25
IMAGINARY
          0  0.00840704 -0.00505883 -0.00687464
-0.00840704           0 -0.00379203  0.00572284
 0.00505883  0.00379203           0  -0.0250073
 0.00687464 -0.00572284   0.0250073           0
EndNode2[0]<--->HoM1[0]
REAL
   0.288071  -0.0136829  -0.0150396   0.0436244
 -0.0136829    0.199239 -0.00546651 0.000565904
 -0.0150396 -0.00546651    0.236041 -0.00736975
  0.0436244 0.000565904 -0.00736975     0.27665
IMAGINARY
          0 -0.00827583  -0.0180548  -0.0165889
 0.00827583           0  -0.0145369    0.010176
  0.0180548   0.0145369           0  -0.0129363
  0.0165889   -0.010176   0.0129363           0
Repeater1[0]<--->EndNode1[0]
REAL
   0.300251 -0.00688499 -0.00419686   0.0639712
-0.00688499        0.25   0.0181544  -0.0139191
-0.00419686   0.0181544    0.199749 -0.00881549
  0.0639712  -0.0139191 -0.00881549        0.25
IMAGINARY
          0 -0.00505883  0.00840704 -0.00687464
 0.00505883           0  0.00379203  -0.0250073
-0.00840704 -0.00379203           0  0.00572284
 0.00687464   0.0250073 -0.00572284           0
Repeater1[0]<--->HoM1[0]
REAL
   0.288071  -0.0150396  -0.0136829   0.0436244
 -0.0150396    0.236041 -0.00546651 -0.00736975
 -0.0136829 -0.00546651    0.199239 0.000565904
  0.0436244 -0.00736975 0.000565904     0.27665
IMAGINARY
          0  -0.0180548 -0.00827583  -0.0165889
  0.0180548           0   0.0145369  -0.0129363
 0.00827583  -0.0145369           0    0.010176
  0.0165889   0.0129363   -0.010176           0
EndNode1[0]<--->Repeater1[0]
REAL
     0.24767    0.0145412   0.00226951    0.0468422
   0.0145412      0.24767   0.00501949 -0.000939728
  0.00226951   0.00501949     0.245007   -0.0225199
   0.0468422 -0.000939728   -0.0225199     0.259654
IMAGINARY
          0 -0.00288931 -0.00315167 -0.00964182
 0.00288931           0 -0.00066746  -0.0211929
 0.00315167  0.00066746           0  -0.0114677
 0.00964182   0.0211929   0.0114677           0
EndNode2[0]<--->HoM1[0]
REAL
  0.306173  0.0147315 -0.0153907  0.0385282
 0.0147315   0.237037  0.0147782 -0.0028279
-0.0153907  0.0147782   0.195062 -0.0100081
 0.0385282 -0.0028279 -0.0100081   0.261728
IMAGINARY
          0   0.0248116  -0.0176603  0.00155899
 -0.0248116           0  0.00405899 -0.00483974
  0.0176603 -0.00405899           0 -0.00356163
-0.00155899  0.00483974  0.00356163           0
Repeater1[0]<--->EndNode1[0]
REAL
     0.24767   0.00226951    0.0145412    0.0468422
  0.00226951     0.245007   0.00501949   -0.0225199
   0.0145412   0.00501949      0.24767 -0.000939728
   0.0468422   -0.0225199 -0.000939728     0.259654
IMAGINARY
          0 -0.00315167 -0.00288931 -0.00964182
 0.00315167           0  0.00066746  -0.0114677
 0.00288931 -0.00066746           0  -0.0211929
 0.00964182   0.0114677   0.0211929           0
Repeater1[0]<--->HoM1[0]
REAL
  0.306173 -0.0153907  0.0147315  0.0385282
-0.0153907   0.195062  0.0147782 -0.0100081
 0.0147315  0.0147782   0.237037 -0.0028279
 0.0385282 -0.0100081 -0.0028279   0.261728
IMAGINARY
          0  -0.0176603   0.0248116  0.00155899
  0.0176603           0 -0.00405899 -0.00356163
 -0.0248116  0.00405899           0 -0.00483974
-0.00155899  0.00356163  0.00483974           0
EndNode1[0]<--->Repeater1[0]
REAL
    0.278378 -0.000360795    0.0208356    0.0330176
-0.000360795     0.231081   -0.0103786    0.0134464
   0.0208356   -0.0103786     0.236486  -0.00287336
   0.0330176    0.0134464  -0.00287336     0.254054
IMAGINARY
          0  -0.0063263  -0.0106141   0.0164764
  0.0063263           0  0.00140436  0.00998516
  0.0106141 -0.00140436           0 -0.00436552
 -0.0164764 -0.00998516  0.00436552           0
EndNode2[0]<--->HoM1[0]
REAL
   0.274639 -0.00332412 -0.00223298   0.0393686
-0.00332412    0.239159  -0.0156186  0.00598298
-0.00223298  -0.0156186    0.202365 -0.00917588
  0.0393686  0.00598298 -0.00917588    0.283837
IMAGINARY
          0  -0.0105757   0.0100753  0.00644326
  0.0105757           0 -0.00365775  0.00271247
 -0.0100753  0.00365775           0  0.00290309
-0.00644326 -0.00271247 -0.00290309           0
Repeater1[0]<--->EndNode1[0]
REAL
    0.278378    0.0208356 -0.000360795    0.0330176
   0.0208356     0.236486   -0.0103786  -0.00287336
-0.000360795   -0.0103786     0.231081    0.0134464
   0.0330176  -0.00287336    0.0134464     0.254054
IMAGINARY
          0  -0.0106141  -0.0063263   0.0164764
  0.0106141           0 -0.00140436 -0.00436552
  0.0063263  0.00140436           0  0.00998516
 -0.0164764  0.00436552 -0.00998516           0
Repeater1[0]<--->HoM1[0]
REAL
   0.274639 -0.00223298 -0.00332412   0.0393686
-0.00223298    0.202365  -0.0156186 -0.00917588
-0.00332412  -0.0156186    0.239159  0.00598298
  0.0393686 -0.00917588  0.00598298    0.283837
IMAGINARY
          0   0.0100753  -0.0105757  0.00644326
 -0.0100753           0  0.00365775  0.00290309
  0.0105757 -0.00365775           0  0.00271247
-0.00644326 -0.00290309 -0.00271247           0
EndNode1[0]<--->Repeater1[0]
REAL
    0.25298 -0.00665399   0.0156297   0.0501746
-0.00665399    0.238411 -0.00424283  0.00274305
  0.0156297 -0.00424283    0.259603  0.00665399
  0.0501746  0.00274305  0.00665399    0.249007
IMAGINARY
          0  0.00157544 -0.00891789  0.00588779
-0.00157544           0  -0.0121535 -0.00452642
 0.00891789   0.0121535           0   0.0041864
-0.00588779  0.00452642  -0.0041864           0
EndNode2[0]<--->HoM1[0]
REAL
    0.304452 -7.48071e-05   0.00648365    0.0582959
-7.48071e-05     0.191336   0.00790835   -0.0146804
  0.00648365   0.00790835     0.241877   0.00448843
   0.0582959   -0.0146804   0.00448843     0.262335
IMAGINARY
          0 -0.00354845    0.010936  0.00817915
 0.00354845           0 -0.00882766  0.00585986
  -0.010936  0.00882766           0  -0.0029115
-0.00817915 -0.00585986   0.0029115           0
Repeater1[0]<--->EndNode1[0]
REAL
    0.25298   0.0156297 -0.00665399   0.0501746
  0.0156297    0.259603 -0.00424283  0.00665399
-0.00665399 -0.00424283    0.238411  0.00274305
  0.0501746  0.00665399  0.00274305    0.249007
IMAGINARY
          0 -0.00891789  0.00157544  0.00588779
 0.00891789           0   0.0121535   0.0041864
-0.00157544  -0.0121535           0 -0.00452642
-0.00588779  -0.0041864  0.00452642           0
Repeater1[0]<--->HoM1[0]
REAL
    0.304452   0.00648365 -7.48071e-05    0.0582959
  0.00648365     0.241877   0.00790835   0.00448843
-7.48071e-05   0.00790835     0.191336   -0.0146804
   0.0582959   0.00448843   -0.0146804     0.262335
IMAGINARY
          0    0.010936 -0.00354845  0.00817915
  -0.010936           0  0.00882766  -0.0029115
 0.00354845 -0.00882766           0  0.00585986
-0.00817915   0.0029115 -0.00585986           0
EndNode1[0]<--->Repeater1[0]
REAL
   0.293017  -0.0176844 -0.00262138   0.0494228
 -0.0176844    0.213217   0.0151946  -0.0118077
-0.00262138   0.0151946    0.213217  0.00200061
  0.0494228  -0.0118077  0.00200061    0.280549
IMAGINARY
          0  -0.0164504  0.00124471 -0.00640809
  0.0164504           0 -0.00144531 -0.00191585
-0.00124471  0.00144531           0  0.00235639
 0.00640809  0.00191585 -0.00235639           0
EndNode2[0]<--->HoM1[0]
REAL
   0.267835   0.0121636  -0.0202707   0.0701111
  0.0121636    0.229036  0.00537279    0.033819
 -0.0202707  0.00537279    0.231539 -0.00248613
  0.0701111    0.033819 -0.00248613    0.271589
IMAGINARY
