EndNode1[0]<--->Repeater1[0]
REAL
  0.388669 0.00169095 0.00171913   0.222692
0.00169095   0.118577  0.0593753  0.0312821
0.00171913  0.0593753   0.123847 0.00515836
  0.222692  0.0312821 0.00515836   0.368906
IMAGINARY
          0  -0.0137161  0.00331783 -0.00222468
  0.0137161           0  0.00157279  -0.0209058
-0.00331783 -0.00157279           0  0.00869102
 0.00222468   0.0209058 -0.00869102           0
EndNode2[0]<--->HoM1[0]
REAL
   0.390488   0.0125938  0.00793123    0.254535
  0.0125938    0.115144   0.0312731  0.00980858
 0.00793123   0.0312731    0.126408 -0.00405236
   0.254535  0.00980858 -0.00405236     0.36796
IMAGINARY
          0 -0.00132626   0.0292906   0.0310385
 0.00132626           0   -0.016276 -0.00656335
 -0.0292906    0.016276           0  0.00132626
 -0.0310385  0.00656335 -0.00132626           0
Repeater1[0]<--->EndNode1[0]
REAL
  0.388669 0.00171913 0.00169095   0.222692
0.00171913   0.123847  0.0593753 0.00515836
0.00169095  0.0593753   0.118577  0.0312821
  0.222692 0.00515836  0.0312821   0.368906
IMAGINARY
          0  0.00331783  -0.0137161 -0.00222468
-0.00331783           0 -0.00157279  0.00869102
  0.0137161  0.00157279           0  -0.0209058
 0.00222468 -0.00869102   0.0209058           0
Repeater1[0]<--->HoM1[0]
REAL
   0.390488  0.00793123   0.0125938    0.254535
 0.00793123    0.126408   0.0312731 -0.00405236
  0.0125938   0.0312731    0.115144  0.00980858
   0.254535 -0.00405236  0.00980858     0.36796
IMAGINARY
          0   0.0292906 -0.00132626   0.0310385
 -0.0292906           0    0.016276  0.00132626
 0.00132626   -0.016276           0 -0.00656335
 -0.0310385 -0.00132626  0.00656335           0
EndNode1[0]<--->Repeater1[0]
REAL
  0.367889 -0.0262508 -0.0137127   0.227884
-0.0262508    0.12263  0.0306012 -0.0176189
-0.0137127  0.0306012   0.120101  0.0066685
  0.227884 -0.0176189  0.0066685   0.389381
IMAGINARY
           0   0.00549305  -0.00559773  0.000312168
 -0.00549305            0   0.00917293    0.0101255
  0.00559773  -0.00917293            0  -0.00225889
-0.000312168   -0.0101255   0.00225889            0
EndNode2[0]<--->HoM1[0]
REAL
    0.37633   0.0171284 -0.00932449     0.24212
  0.0171284    0.130319   0.0102102 -0.00865154
-0.00932449   0.0102102    0.109043  -0.0137995
    0.24212 -0.00865154  -0.0137995    0.384309
IMAGINARY
          0  -0.0107643  -0.0051366   0.0119714
  0.0107643           0  -0.0139634   0.0152196
  0.0051366   0.0139634           0 -0.00880864
 -0.0119714  -0.0152196  0.00880864           0
Repeater1[0]<--->EndNode1[0]
REAL
  0.367889 -0.0137127 -0.0262508   0.227884
-0.0137127   0.120101  0.0306012  0.0066685
-0.0262508  0.0306012    0.12263 -0.0176189
  0.227884  0.0066685 -0.0176189   0.389381
IMAGINARY
           0  -0.00559773   0.00549305  0.000312168
  0.00559773            0  -0.00917293  -0.00225889
 -0.00549305   0.00917293            0    0.0101255
-0.000312168   0.00225889   -0.0101255            0
Repeater1[0]<--->HoM1[0]
REAL
    0.37633 -0.00932449   0.0171284     0.24212
-0.00932449    0.109043   0.0102102  -0.0137995
  0.0171284   0.0102102    0.130319 -0.00865154
    0.24212  -0.0137995 -0.00865154    0.384309
IMAGINARY
          0  -0.0051366  -0.0107643   0.0119714
  0.0051366           0   0.0139634 -0.00880864
  0.0107643  -0.0139634           0   0.0152196
 -0.0119714  0.00880864  -0.0152196           0
EndNode1[0]<--->Repeater1[0]
REAL
     0.36897  -0.00921312 -0.000297401     0.240509
 -0.00921312     0.114733    0.0527723   0.00158939
-0.000297401    0.0527723     0.127771   0.00533715
    0.240509   0.00158939   0.00533715     0.388527
IMAGINARY
          0   0.0205681  -0.0253291 -0.00494874
 -0.0205681           0 -0.00240421   0.0158474
  0.0253291  0.00240421           0 -0.00476528
 0.00494874  -0.0158474  0.00476528           0
EndNode2[0]<--->HoM1[0]
REAL
  0.400531  0.0138852 0.00441321   0.237523
 0.0138852   0.107427   0.032866 0.00248767
0.00441321   0.032866   0.108753 -0.0283143
  0.237523 0.00248767 -0.0283143   0.383289
IMAGINARY
           0 -0.000724153   -0.0109379   0.00194215
 0.000724153            0    -0.018466   0.00358494
   0.0109379     0.018466            0   0.00194964
 -0.00194215  -0.00358494  -0.00194964            0
Repeater1[0]<--->EndNode1[0]
REAL
     0.36897 -0.000297401  -0.00921312     0.240509
-0.000297401     0.127771    0.0527723   0.00533715
 -0.00921312    0.0527723     0.114733   0.00158939
    0.240509   0.00533715   0.00158939     0.388527
IMAGINARY
          0  -0.0253291   0.0205681 -0.00494874
  0.0253291           0  0.00240421 -0.00476528
 -0.0205681 -0.00240421           0   0.0158474
 0.00494874  0.00476528  -0.0158474           0
Repeater1[0]<--->HoM1[0]
REAL
  0.400531 0.00441321  0.0138852   0.237523
0.00441321   0.108753   0.032866 -0.0283143
 0.0138852   0.032866   0.107427 0.00248767
  0.237523 -0.0283143 0.00248767   0.383289
IMAGINARY
           0   -0.0109379 -0.000724153   0.00194215
   0.0109379            0     0.018466   0.00194964
 0.000724153    -0.018466            0   0.00358494
 -0.00194215  -0.00194964  -0.00358494            0
EndNode1[0]<--->Repeater1[0]
REAL
  0.374352  0.0110182 0.00390619   0.215857
 0.0110182   0.120466  0.0281104 -0.0132896
0.00390619  0.0281104    0.11658  0.0157915
  0.215857 -0.0132896  0.0157915   0.388601
IMAGINARY
          0  -0.0117904   0.0124881  -0.0328114
  0.0117904           0  -0.0103675  0.00529851
 -0.0124881   0.0103675           0   0.0137666
  0.0328114 -0.00529851  -0.0137666           0
EndNode2[0]<--->HoM1[0]
REAL
   0.423457  0.00325251 -0.00459063    0.217006
 0.00325251    0.103704    0.043778 -0.00521329
-0.00459063    0.043778    0.118519  0.00916579
   0.217006 -0.00521329  0.00916579    0.354321
IMAGINARY
          0  -0.0259846    0.021977   0.0228632
  0.0259846           0  -0.0215812   0.0213301
  -0.021977   0.0215812           0 -0.00288678
 -0.0228632  -0.0213301  0.00288678           0
Repeater1[0]<--->EndNode1[0]
REAL
  0.374352 0.00390619  0.0110182   0.215857
0.00390619    0.11658  0.0281104  0.0157915
 0.0110182  0.0281104   0.120466 -0.0132896
  0.215857  0.0157915 -0.0132896   0.388601
IMAGINARY
          0   0.0124881  -0.0117904  -0.0328114
 -0.0124881           0   0.0103675   0.0137666
  0.0117904  -0.0103675           0  0.00529851
  0.0328114  -0.0137666 -0.00529851           0
Repeater1[0]<--->HoM1[0]
REAL
   0.423457 -0.00459063  0.00325251    0.217006
-0.00459063    0.118519    0.043778  0.00916579
 0.00325251    0.043778    0.103704 -0.00521329
   0.217006  0.00916579 -0.00521329    0.354321
IMAGINARY
          0    0.021977  -0.0259846   0.0228632
  -0.021977           0   0.0215812 -0.00288678
  0.0259846  -0.0215812           0   0.0213301
 -0.0228632  0.00288678  -0.0213301           0
EndNode1[0]<--->Repeater1[0]
REAL
   0.410465 -0.00918797  -0.0261907    0.233498
-0.00918797     0.12093   0.0329774 -0.00676062
 -0.0261907   0.0329774     0.10814 0.000591981
   0.233498 -0.00676062 0.000591981    0.360465
IMAGINARY
          0  -0.0163752  -0.0127898 -0.00580728
  0.0163752           0 -0.00645078   0.0140919
  0.0127898  0.00645078           0  -0.0239894
 0.00580728  -0.0140919   0.0239894           0
EndNode2[0]<--->HoM1[0]
REAL
   0.369136 -0.00614532  0.00329036    0.261433
-0.00614532    0.134568   0.0338115 -0.00130885
 0.00329036   0.0338115    0.128395  -0.0011202
   0.261433 -0.00130885  -0.0011202    0.367901
IMAGINARY
           0     0.013073   -0.0139855   -0.0133444
   -0.013073            0 -0.000686192   -0.0192626
   0.0139855  0.000686192            0   -0.0092367
   0.0133444    0.0192626    0.0092367            0
Repeater1[0]<--->EndNode1[0]
REAL
   0.410465  -0.0261907 -0.00918797    0.233498
 -0.0261907     0.10814   0.0329774 0.000591981
-0.00918797   0.0329774     0.12093 -0.00676062
   0.233498 0.000591981 -0.00676062    0.360465
IMAGINARY
          0  -0.0127898  -0.0163752 -0.00580728
  0.0127898           0  0.00645078  -0.0239894
  0.0163752 -0.00645078           0   0.0140919
 0.00580728   0.0239894  -0.0140919           0
Repeater1[0]<--->HoM1[0]
REAL
   0.369136  0.00329036 -0.00614532    0.261433
 0.00329036    0.128395   0.0338115  -0.0011202
-0.00614532   0.0338115    0.134568 -0.00130885
   0.261433  -0.0011202 -0.00130885    0.367901
IMAGINARY
           0   -0.0139855     0.013073   -0.0133444
   0.0139855            0  0.000686192   -0.0092367
   -0.013073 -0.000686192            0   -0.0192626
   0.0133444    0.0092367    0.0192626            0
EndNode1[0]<--->Repeater1[0]
REAL
  0.390476 -0.0333802 -0.0166925   0.249227
-0.0333802   0.126531   0.024288  -0.027862
-0.0166925   0.024288   0.119728 -0.0346891
  0.249227  -0.027862 -0.0346891   0.363265
IMAGINARY
          0  0.00550122 -0.00333491  -0.0114336
-0.00550122           0 -0.00192788  -0.0260049
 0.00333491  0.00192788           0  0.00550122
  0.0114336   0.0260049 -0.00550122           0
EndNode2[0]<--->HoM1[0]
REAL
   0.397606  -0.0111459   0.0151994    0.237439
 -0.0111459   0.0944149   0.0330123 -0.00970485
  0.0151994   0.0330123    0.140957  0.00931443
   0.237439 -0.00970485  0.00931443    0.367021
IMAGINARY
          0  -0.0214387   0.0181821 -0.00161871
  0.0214387           0  -0.0120354 -0.00906755
 -0.0181821   0.0120354           0   0.0136262
 0.00161871  0.00906755  -0.0136262           0
Repeater1[0]<--->EndNode1[0]
REAL
  0.390476 -0.0166925 -0.0333802   0.249227
-0.0166925   0.119728   0.024288 -0.0346891
-0.0333802   0.024288   0.126531  -0.027862
  0.249227 -0.0346891  -0.027862   0.363265
IMAGINARY
          0 -0.00333491  0.00550122  -0.0114336
 0.00333491           0  0.00192788  0.00550122
-0.00550122 -0.00192788           0  -0.0260049
  0.0114336 -0.00550122   0.0260049           0
Repeater1[0]<--->HoM1[0]
REAL
   0.397606   0.0151994  -0.0111459    0.237439
  0.0151994    0.140957   0.0330123  0.00931443
 -0.0111459   0.0330123   0.0944149 -0.00970485
   0.237439  0.00931443 -0.00970485    0.367021
IMAGINARY
          0   0.0181821  -0.0214387 -0.00161871
 -0.0181821           0   0.0120354   0.0136262
  0.0214387  -0.0120354           0 -0.00906755
 0.00161871  -0.0136262  0.00906755           0
EndNode1[0]<--->Repeater1[0]
REAL
   0.396112  0.00659394 -0.00719217    0.228064
 0.00659394    0.120292   0.0245534 -0.00589683
-0.00719217   0.0245534    0.100851   -0.018374
   0.228064 -0.00589683   -0.018374    0.382746
IMAGINARY
          0  0.00444081 -0.00235121  -0.0118141
-0.00444081           0   0.0284585 -0.00740172
 0.00235121  -0.0284585           0   0.0105137
  0.0118141  0.00740172  -0.0105137           0
EndNode2[0]<--->HoM1[0]
REAL
   0.377382  0.00854383  0.00965369    0.234976
 0.00854383    0.113088   0.0329035 -0.00400751
 0.00965369   0.0329035    0.106734  0.00337587
   0.234976 -0.00400751  0.00337587    0.402795
IMAGINARY
          0  0.00726166   0.0186831   0.0200336
-0.00726166           0 -0.00137693 -0.00443443
 -0.0186831  0.00137693           0  -0.0189197
 -0.0200336  0.00443443   0.0189197           0
Repeater1[0]<--->EndNode1[0]
REAL
   0.396112 -0.00719217  0.00659394    0.228064
-0.00719217    0.100851   0.0245534   -0.018374
 0.00659394   0.0245534    0.120292 -0.00589683
   0.228064   -0.018374 -0.00589683    0.382746
IMAGINARY
          0 -0.00235121  0.00444081  -0.0118141
 0.00235121           0  -0.0284585   0.0105137
-0.00444081   0.0284585           0 -0.00740172
  0.0118141  -0.0105137  0.00740172           0
Repeater1[0]<--->HoM1[0]
REAL
   0.377382  0.00965369  0.00854383    0.234976
 0.00965369    0.106734   0.0329035  0.00337587
 0.00854383   0.0329035    0.113088 -0.00400751
   0.234976  0.00337587 -0.00400751    0.402795
IMAGINARY
          0   0.0186831  0.00726166   0.0200336
 -0.0186831           0  0.00137693  -0.0189197
-0.00726166 -0.00137693           0 -0.00443443
 -0.0200336   0.0189197  0.00443443           0
EndNode1[0]<--->Repeater1[0]
REAL
   0.392157    0.017238  -0.0121343    0.239239
   0.017238    0.128105   0.0348691  -0.0189093
 -0.0121343   0.0348691    0.120261 -0.00733043
   0.239239  -0.0189093 -0.00733043    0.359477
IMAGINARY
          0  -0.0144404  0.00189359  0.00249395
  0.0144404           0 -0.00122813 -0.00703498
-0.00189359  0.00122813           0  -0.0138372
-0.00249395  0.00703498   0.0138372           0
EndNode2[0]<--->HoM1[0]
REAL
   0.433936   0.0120902 -0.00165943     0.23656
  0.0120902   0.0973574    0.037675   0.0182411
-0.00165943    0.037675   0.0792768     0.01342
    0.23656   0.0182411     0.01342     0.38943
IMAGINARY
          0  0.00944983  0.00323644  -0.0145821
-0.00944983           0   0.0170635   0.0283621
-0.00323644  -0.0170635           0  -0.0175044
  0.0145821  -0.0283621   0.0175044           0
Repeater1[0]<--->EndNode1[0]
REAL
   0.392157  -0.0121343    0.017238    0.239239
 -0.0121343    0.120261   0.0348691 -0.00733043
   0.017238   0.0348691    0.128105  -0.0189093
   0.239239 -0.00733043  -0.0189093    0.359477
IMAGINARY
          0  0.00189359  -0.0144404  0.00249395
-0.00189359           0  0.00122813  -0.0138372
  0.0144404 -0.00122813           0 -0.00703498
-0.00249395   0.0138372  0.00703498           0
Repeater1[0]<--->HoM1[0]
REAL
   0.433936 -0.00165943   0.0120902     0.23656
-0.00165943   0.0792768    0.037675     0.01342
  0.0120902    0.037675   0.0973574   0.0182411
    0.23656     0.01342   0.0182411     0.38943
IMAGINARY
          0  0.00323644  0.00944983  -0.0145821
-0.00323644           0  -0.0170635  -0.0175044
-0.00944983   0.0170635           0   0.0283621
  0.0145821   0.0175044  -0.0283621           0
EndNode1[0]<--->Repeater1[0]
REAL
   0.369845 -0.00503327 -0.00881817    0.235104
-0.00503327    0.134021   0.0270377   0.0119315
-0.00881817   0.0270377    0.137887  0.00191995
   0.235104   0.0119315  0.00191995    0.358247
IMAGINARY
           0  0.000786275    0.0141299    0.0160145
-0.000786275            0  0.000629929  -0.00452682
  -0.0141299 -0.000629929            0    -0.015511
  -0.0160145   0.00452682     0.015511            0
EndNode2[0]<--->HoM1[0]
REAL
  0.366106  0.0263846 0.00879413   0.265423
 0.0263846   0.124191  0.0513098 -0.0134422
0.00879413  0.0513098    0.12031 -0.0177524
  0.265423 -0.0134422 -0.0177524   0.389392
IMAGINARY
           0  0.000584001    0.0185529  -0.00361421
-0.000584001            0   -0.0116142   0.00496944
  -0.0185529    0.0116142            0   -0.0108373
  0.00361421  -0.00496944    0.0108373            0
Repeater1[0]<--->EndNode1[0]
REAL
   0.369845 -0.00881817 -0.00503327    0.235104
-0.00881817    0.137887   0.0270377  0.00191995
-0.00503327   0.0270377    0.134021   0.0119315
   0.235104  0.00191995   0.0119315    0.358247
IMAGINARY
           0    0.0141299  0.000786275    0.0160145
  -0.0141299            0 -0.000629929    -0.015511
-0.000786275  0.000629929            0  -0.00452682
  -0.0160145     0.015511   0.00452682            0
Repeater1[0]<--->HoM1[0]
REAL
  0.366106 0.00879413  0.0263846   0.265423
0.00879413    0.12031  0.0513098 -0.0177524
 0.0263846  0.0513098   0.124191 -0.0134422
  0.265423 -0.0177524 -0.0134422   0.389392
IMAGINARY
           0    0.0185529  0.000584001  -0.00361421
  -0.0185529            0    0.0116142   -0.0108373
-0.000584001   -0.0116142            0   0.00496944
  0.00361421    0.0108373  -0.00496944            0
EndNode1[0]<--->Repeater1[0]
REAL
    0.371319    0.0208474  -0.00709999     0.249633
   0.0208474     0.131882    0.0296859    0.0115136
 -0.00709999    0.0296859     0.128041 -4.03333e-05
    0.249633    0.0115136 -4.03333e-05     0.368758
IMAGINARY
           0   -0.0198271  0.000499947   0.00580128
   0.0198271            0   0.00830128    0.0107286
-0.000499947  -0.00830128            0   0.00331455
 -0.00580128   -0.0107286  -0.00331455            0
EndNode2[0]<--->HoM1[0]
REAL
  0.360759 -0.0102734  0.0113025   0.236642
-0.0102734   0.122785  0.0371672 0.00457053
 0.0113025  0.0371672    0.13038  0.0168871
  0.236642 0.00457053  0.0168871   0.386076
IMAGINARY
           0  -0.00428104   -0.0171509    0.0127813
  0.00428104            0   0.00205742  9.05059e-05
   0.0171509  -0.00205742            0    0.0200291
  -0.0127813 -9.05059e-05   -0.0200291            0
Repeater1[0]<--->EndNode1[0]
REAL
    0.371319  -0.00709999    0.0208474     0.249633
 -0.00709999     0.128041    0.0296859 -4.03333e-05
   0.0208474    0.0296859     0.131882    0.0115136
    0.249633 -4.03333e-05    0.0115136     0.368758
IMAGINARY
           0  0.000499947   -0.0198271   0.00580128
-0.000499947            0  -0.00830128   0.00331455
   0.0198271   0.00830128            0    0.0107286
 -0.00580128  -0.00331455   -0.0107286            0
Repeater1[0]<--->HoM1[0]
REAL
  0.360759  0.0113025 -0.0102734   0.236642
 0.0113025    0.13038  0.0371672  0.0168871
-0.0102734  0.0371672   0.122785 0.00457053
  0.236642  0.0168871 0.00457053   0.386076
IMAGINARY
           0   -0.0171509  -0.00428104    0.0127813
   0.0171509            0  -0.00205742    0.0200291
  0.00428104   0.00205742            0  9.05059e-05
  -0.0127813   -0.0200291 -9.05059e-05            0
EndNode1[0]<--->Repeater1[0]
REAL
      0.375  0.00322363 -0.00973504    0.235043
 0.00322363     0.09875   0.0385662   0.0116755
-0.00973504   0.0385662     0.11625  0.00259785
   0.235043   0.0116755  0.00259785        0.41
IMAGINARY
          0 -0.00360777 -0.00510158 -0.00972452
 0.00360777           0  0.00644798 -0.00573853
 0.00510158 -0.00644798           0  0.00631779
 0.00972452  0.00573853 -0.00631779           0
EndNode2[0]<--->HoM1[0]
REAL
   0.416456 -0.00968496  -0.0106798    0.236374
-0.00968496    0.124051   0.0473095   0.0137701
 -0.0106798   0.0473095   0.0898734    0.036261
   0.236374   0.0137701    0.036261     0.36962
IMAGINARY
           0  0.000120004   -0.0194224   -0.0120665
-0.000120004            0  0.000161749    0.0121761
   0.0194224 -0.000161749            0   0.00712637
   0.0120665   -0.0121761  -0.00712637            0
Repeater1[0]<--->EndNode1[0]
REAL
      0.375 -0.00973504  0.00322363    0.235043
-0.00973504     0.11625   0.0385662  0.00259785
 0.00322363   0.0385662     0.09875   0.0116755
   0.235043  0.00259785   0.0116755        0.41
IMAGINARY
          0 -0.00510158 -0.00360777 -0.00972452
 0.00510158           0 -0.00644798  0.00631779
 0.00360777  0.00644798           0 -0.00573853
 0.00972452 -0.00631779  0.00573853           0
Repeater1[0]<--->HoM1[0]
REAL
   0.416456  -0.0106798 -0.00968496    0.236374
 -0.0106798   0.0898734   0.0473095    0.036261
-0.00968496   0.0473095    0.124051   0.0137701
   0.236374    0.036261   0.0137701     0.36962
IMAGINARY
           0   -0.0194224  0.000120004   -0.0120665
   0.0194224            0 -0.000161749   0.00712637
-0.000120004  0.000161749            0    0.0121761
   0.0120665  -0.00712637   -0.0121761            0
EndNode1[0]<--->Repeater1[0]
REAL
  0.379866 -0.0165412   -0.01292   0.245833
-0.0165412   0.136913  0.0395977 -0.0221793
  -0.01292  0.0395977    0.13557 -0.0159091
  0.245833 -0.0221793 -0.0159091   0.347651
IMAGINARY
          0   0.0145358 -0.00311407  0.00717564
 -0.0145358           0 -0.00041057  -0.0076773
 0.00311407  0.00041057           0  0.00225078
-0.00717564   0.0076773 -0.00225078           0
EndNode2[0]<--->HoM1[0]
REAL
    0.380051 -0.000287454 -0.000182744     0.257966
-0.000287454     0.140152    0.0346717  -0.00656572
-0.000182744    0.0346717     0.106061     -0.01505
    0.257966  -0.00656572     -0.01505     0.373737
IMAGINARY
           0 -0.000643501   0.00595482  -0.00430686
 0.000643501            0   0.00492797   -0.0104593
 -0.00595482  -0.00492797            0    -0.001287
  0.00430686    0.0104593     0.001287            0
Repeater1[0]<--->EndNode1[0]
REAL
  0.379866   -0.01292 -0.0165412   0.245833
  -0.01292    0.13557  0.0395977 -0.0159091
-0.0165412  0.0395977   0.136913 -0.0221793
  0.245833 -0.0159091 -0.0221793   0.347651
IMAGINARY
          0 -0.00311407   0.0145358  0.00717564
 0.00311407           0  0.00041057  0.00225078
 -0.0145358 -0.00041057           0  -0.0076773
-0.00717564 -0.00225078   0.0076773           0
Repeater1[0]<--->HoM1[0]
REAL
    0.380051 -0.000182744 -0.000287454     0.257966
-0.000182744     0.106061    0.0346717     -0.01505
-0.000287454    0.0346717     0.140152  -0.00656572
    0.257966     -0.01505  -0.00656572     0.373737
IMAGINARY
           0   0.00595482 -0.000643501  -0.00430686
 -0.00595482            0  -0.00492797    -0.001287
 0.000643501   0.00492797            0   -0.0104593
  0.00430686     0.001287    0.0104593            0
EndNode1[0]<--->Repeater1[0]
REAL
  0.373698 0.00810205  0.0114747   0.235907
0.00810205   0.102865  0.0447125 -0.0013805
 0.0114747  0.0447125    0.13151 0.00872163
  0.235907 -0.0013805 0.00872163   0.391927
IMAGINARY
           0  -0.00755079  0.000344011   -0.0103881
  0.00755079            0   0.00771429  -0.00335969
-0.000344011  -0.00771429            0     0.012979
   0.0103881   0.00335969    -0.012979            0
EndNode2[0]<--->HoM1[0]
REAL
  0.409449  0.0113876  0.0220465   0.255155
 0.0113876   0.116798  0.0322467 -0.0207342
 0.0220465  0.0322467    0.11811  0.0082974
  0.255155 -0.0207342  0.0082974   0.355643
IMAGINARY
          0  0.00360148  -0.0142492 -0.00222952
-0.00360148           0  -0.0110235 -0.00975627
  0.0142492   0.0110235           0 -0.00977432
 0.00222952  0.00975627  0.00977432           0
Repeater1[0]<--->EndNode1[0]
REAL
  0.373698  0.0114747 0.00810205   0.235907
 0.0114747    0.13151  0.0447125 0.00872163
0.00810205  0.0447125   0.102865 -0.0013805
  0.235907 0.00872163 -0.0013805   0.391927
IMAGINARY
           0  0.000344011  -0.00755079   -0.0103881
-0.000344011            0  -0.00771429     0.012979
  0.00755079   0.00771429            0  -0.00335969
   0.0103881    -0.012979   0.00335969            0
Repeater1[0]<--->HoM1[0]
REAL
  0.409449  0.0220465  0.0113876   0.255155
 0.0220465    0.11811  0.0322467  0.0082974
 0.0113876  0.0322467   0.116798 -0.0207342
  0.255155  0.0082974 -0.0207342   0.355643
IMAGINARY
          0  -0.0142492  0.00360148 -0.00222952
  0.0142492           0   0.0110235 -0.00977432
-0.00360148  -0.0110235           0 -0.00975627
 0.00222952  0.00977432  0.00975627           0
EndNode1[0]<--->Repeater1[0]
REAL
   0.406135   0.0089562 -0.00196824    0.237615
  0.0089562    0.115337    0.044419 -0.00397627
-0.00196824    0.044419    0.106748  -0.0109377
   0.237615 -0.00397627  -0.0109377    0.371779
IMAGINARY
          0  0.00794267 -0.00610165   0.0048362
-0.00794267           0  -0.0215457 -0.00737716
 0.00610165   0.0215457           0 -0.00344973
 -0.0048362  0.00737716  0.00344973           0
EndNode2[0]<--->HoM1[0]
REAL
    0.383917   -0.0148749 -0.000780865     0.251217
  -0.0148749     0.115435    0.0189131   -0.0109074
-0.000780865    0.0189131     0.138781   -0.0214887
    0.251217   -0.0109074   -0.0214887     0.361868
IMAGINARY
           0   0.00871651  0.000310998    0.0124136
 -0.00871651            0   -0.0130522   -0.0163985
-0.000310998    0.0130522            0     0.002223
  -0.0124136    0.0163985    -0.002223            0
Repeater1[0]<--->EndNode1[0]
REAL
   0.406135 -0.00196824   0.0089562    0.237615
-0.00196824    0.106748    0.044419  -0.0109377
  0.0089562    0.044419    0.115337 -0.00397627
   0.237615  -0.0109377 -0.00397627    0.371779
IMAGINARY
          0 -0.00610165  0.00794267   0.0048362
 0.00610165           0   0.0215457 -0.00344973
-0.00794267  -0.0215457           0 -0.00737716
 -0.0048362  0.00344973  0.00737716           0
Repeater1[0]<--->HoM1[0]
REAL
    0.383917 -0.000780865   -0.0148749     0.251217
-0.000780865     0.138781    0.0189131   -0.0214887
  -0.0148749    0.0189131     0.115435   -0.0109074
    0.251217   -0.0214887   -0.0109074     0.361868
IMAGINARY
           0  0.000310998   0.00871651    0.0124136
-0.000310998            0    0.0130522     0.002223
 -0.00871651   -0.0130522            0   -0.0163985
  -0.0124136    -0.002223    0.0163985            0
EndNode1[0]<--->Repeater1[0]
REAL
   0.389253   0.0046285  0.00488165     0.23714
  0.0046285   0.0996068   0.0450382   0.0223461
 0.00488165   0.0450382    0.114024 -0.00215325
    0.23714   0.0223461 -0.00215325    0.397117
IMAGINARY
          0  0.00570549 -0.00256263  0.00509462
-0.00570549           0  0.00983075  -0.0168483
 0.00256263 -0.00983075           0   0.0137055
-0.00509462   0.0168483  -0.0137055           0
EndNode2[0]<--->HoM1[0]
REAL
   0.410256  0.00287852   0.0142177    0.244511
 0.00287852     0.11336   0.0475804 -0.00656467
  0.0142177   0.0475804     0.11471 0.000948014
   0.244511 -0.00656467 0.000948014    0.361673
IMAGINARY
          0 -0.00809188 -0.00186165   -0.020234
 0.00809188           0  0.00508247  0.00697674
 0.00186165 -0.00508247           0   0.0349461
   0.020234 -0.00697674  -0.0349461           0
Repeater1[0]<--->EndNode1[0]
REAL
   0.389253  0.00488165   0.0046285     0.23714
 0.00488165    0.114024   0.0450382 -0.00215325
  0.0046285   0.0450382   0.0996068   0.0223461
    0.23714 -0.00215325   0.0223461    0.397117
IMAGINARY
          0 -0.00256263  0.00570549  0.00509462
 0.00256263           0 -0.00983075   0.0137055
-0.00570549  0.00983075           0  -0.0168483
-0.00509462  -0.0137055   0.0168483           0
Repeater1[0]<--->HoM1[0]
REAL
   0.410256   0.0142177  0.00287852    0.244511
  0.0142177     0.11471   0.0475804 0.000948014
 0.00287852   0.0475804     0.11336 -0.00656467
   0.244511 0.000948014 -0.00656467    0.361673
IMAGINARY
          0 -0.00186165 -0.00809188   -0.020234
 0.00186165           0 -0.00508247   0.0349461
 0.00809188  0.00508247           0  0.00697674
   0.020234  -0.0349461 -0.00697674           0
EndNode1[0]<--->Repeater1[0]
REAL
   0.403042 -0.00310955  0.00657777    0.222672
-0.00310955    0.115336   0.0364241 -0.00845983
 0.00657777   0.0364241    0.114068   0.0012275
   0.222672 -0.00845983   0.0012275    0.367554
IMAGINARY
          0  0.00550756  0.00397355   0.0219624
-0.00550756           0  0.00767673  0.00737491
-0.00397355 -0.00767673           0   0.0138516
 -0.0219624 -0.00737491  -0.0138516           0
EndNode2[0]<--->HoM1[0]
REAL
   0.387531 -0.00745653  -0.0141865    0.233111
-0.00745653    0.103912   0.0329867 0.000388889
 -0.0141865   0.0329867    0.118582  0.00417138
   0.233111 0.000388889  0.00417138    0.389976
IMAGINARY
           0    0.0180329   -0.0153205    0.0191939
  -0.0180329            0  -0.00539626 -0.000168976
   0.0153205   0.00539626            0   0.00489149
  -0.0191939  0.000168976  -0.00489149            0
Repeater1[0]<--->EndNode1[0]
REAL
   0.403042  0.00657777 -0.00310955    0.222672
 0.00657777    0.114068   0.0364241   0.0012275
-0.00310955   0.0364241    0.115336 -0.00845983
   0.222672   0.0012275 -0.00845983    0.367554
IMAGINARY
          0  0.00397355  0.00550756   0.0219624
-0.00397355           0 -0.00767673   0.0138516
-0.00550756  0.00767673           0  0.00737491
 -0.0219624  -0.0138516 -0.00737491           0
Repeater1[0]<--->HoM1[0]
REAL
   0.387531  -0.0141865 -0.00745653    0.233111
 -0.0141865    0.118582   0.0329867  0.00417138
-0.00745653   0.0329867    0.103912 0.000388889
   0.233111  0.00417138 0.000388889    0.389976
IMAGINARY
           0   -0.0153205    0.0180329    0.0191939
   0.0153205            0   0.00539626   0.00489149
  -0.0180329  -0.00539626            0 -0.000168976
  -0.0191939  -0.00489149  0.000168976            0
EndNode1[0]<--->Repeater1[0]
REAL
     0.43461   0.00722978   0.00419604     0.241027
  0.00722978     0.107001    0.0370374   0.00806202
  0.00419604    0.0370374     0.114927 -0.000133005
    0.241027   0.00806202 -0.000133005     0.343461
IMAGINARY
           0   0.00987491  1.25848e-05   0.00287598
 -0.00987491            0   0.00544668  -0.00194309
-1.25848e-05  -0.00544668            0   0.00749961
 -0.00287598   0.00194309  -0.00749961            0
EndNode2[0]<--->HoM1[0]
REAL
   0.415446  0.00449389  0.00657375      0.2316
 0.00449389    0.118509   0.0440163  -0.0188954
 0.00657375   0.0440163    0.115846 -0.00254836
     0.2316  -0.0188954 -0.00254836      0.3502
IMAGINARY
           0   -0.0213805   0.00313321   0.00834834
   0.0213805            0   -0.0163912    0.0215664
 -0.00313321    0.0163912            0 -0.000648833
 -0.00834834   -0.0215664  0.000648833            0
Repeater1[0]<--->EndNode1[0]
REAL
     0.43461   0.00419604   0.00722978     0.241027
  0.00419604     0.114927    0.0370374 -0.000133005
  0.00722978    0.0370374     0.107001   0.00806202
    0.241027 -0.000133005   0.00806202     0.343461
IMAGINARY
           0  1.25848e-05   0.00987491   0.00287598
-1.25848e-05            0  -0.00544668   0.00749961
 -0.00987491   0.00544668            0  -0.00194309
 -0.00287598  -0.00749961   0.00194309            0
Repeater1[0]<--->HoM1[0]
REAL
   0.415446  0.00657375  0.00449389      0.2316
 0.00657375    0.115846   0.0440163 -0.00254836
 0.00449389   0.0440163    0.118509  -0.0188954
     0.2316 -0.00254836  -0.0188954      0.3502
IMAGINARY
           0   0.00313321   -0.0213805   0.00834834
 -0.00313321            0    0.0163912 -0.000648833
   0.0213805   -0.0163912            0    0.0215664
 -0.00834834  0.000648833   -0.0215664            0
EndNode1[0]<--->Repeater1[0]
REAL
   0.40625  0.0178273 0.00390125   0.228589
 0.0178273   0.121094  0.0651858 0.00193533
0.00390125  0.0651858   0.121094 0.00746457
  0.228589 0.00193533 0.00746457   0.351562
IMAGINARY
          0   -0.016053  -0.0249663  -0.0244344
   0.016053           0 -0.00745331 -0.00134953
  0.0249663  0.00745331           0 -0.00781477
  0.0244344  0.00134953  0.00781477           0
EndNode2[0]<--->HoM1[0]
REAL
   0.370828 -0.00926621  -0.0205546    0.223656
-0.00926621    0.112485   0.0506578   0.0155671
 -0.0205546   0.0506578    0.119901  0.00801932
   0.223656   0.0155671  0.00801932    0.396786
IMAGINARY
          0  0.00837079  0.00903598  -0.0101472
-0.00837079           0 -0.00153792  -0.0110713
-0.00903598  0.00153792           0  0.00316245
  0.0101472   0.0110713 -0.00316245           0
Repeater1[0]<--->EndNode1[0]
REAL
   0.40625 0.00390125  0.0178273   0.228589
0.00390125   0.121094  0.0651858 0.00746457
 0.0178273  0.0651858   0.121094 0.00193533
  0.228589 0.00746457 0.00193533   0.351562
IMAGINARY
          0  -0.0249663   -0.016053  -0.0244344
  0.0249663           0  0.00745331 -0.00781477
   0.016053 -0.00745331           0 -0.00134953
  0.0244344  0.00781477  0.00134953           0
Repeater1[0]<--->HoM1[0]
REAL
   0.370828  -0.0205546 -0.00926621    0.223656
 -0.0205546    0.119901   0.0506578  0.00801932
-0.00926621   0.0506578    0.112485   0.0155671
   0.223656  0.00801932   0.0155671    0.396786
IMAGINARY
          0  0.00903598  0.00837079  -0.0101472
-0.00903598           0  0.00153792  0.00316245
-0.00837079 -0.00153792           0  -0.0110713
  0.0101472 -0.00316245   0.0110713           0
EndNode1[0]<--->Repeater1[0]
REAL
   0.408974 -0.00794842 -0.00619296    0.236731
-0.00794842    0.112821   0.0442339 -0.00619296
-0.00619296   0.0442339    0.125641  -0.0226904
   0.236731 -0.00619296  -0.0226904    0.352564
IMAGINARY
          0  0.00558904  -0.0137877  0.00652398
-0.00558904           0   0.0092788   0.0094827
  0.0137877  -0.0092788           0   0.0208562
-0.00652398  -0.0094827  -0.0208562           0
EndNode2[0]<--->HoM1[0]
REAL
   0.418782  -0.0134819   -0.010608    0.229412
 -0.0134819   0.0989848   0.0423276  -0.0152072
  -0.010608   0.0423276    0.130711 -0.00961592
   0.229412  -0.0152072 -0.00961592    0.351523
IMAGINARY
          0 -0.00535086 -0.00844718 -0.00668513
 0.00535086           0   0.0023588   0.0104445
 0.00844718  -0.0023588           0 -0.00596738
 0.00668513  -0.0104445  0.00596738           0
Repeater1[0]<--->EndNode1[0]
REAL
   0.408974 -0.00619296 -0.00794842    0.236731
-0.00619296    0.125641   0.0442339  -0.0226904
-0.00794842   0.0442339    0.112821 -0.00619296
   0.236731  -0.0226904 -0.00619296    0.352564
IMAGINARY
          0  -0.0137877  0.00558904  0.00652398
  0.0137877           0  -0.0092788   0.0208562
-0.00558904   0.0092788           0   0.0094827
-0.00652398  -0.0208562  -0.0094827           0
Repeater1[0]<--->HoM1[0]
REAL
   0.418782   -0.010608  -0.0134819    0.229412
  -0.010608    0.130711   0.0423276 -0.00961592
 -0.0134819   0.0423276   0.0989848  -0.0152072
   0.229412 -0.00961592  -0.0152072    0.351523
IMAGINARY
          0 -0.00844718 -0.00535086 -0.00668513
 0.00844718           0  -0.0023588 -0.00596738
 0.00535086   0.0023588           0   0.0104445
 0.00668513  0.00596738  -0.0104445           0
EndNode1[0]<--->Repeater1[0]
REAL
   0.396015 -0.00238712   0.0124526    0.233179
-0.00238712    0.115816   0.0309965  -0.0201845
  0.0124526   0.0309965    0.138232   0.0268717
   0.233179  -0.0201845   0.0268717    0.349938
IMAGINARY
          0  0.00836734  0.00842939  -0.0220243
-0.00836734           0  -0.0112238 -0.00265275
-0.00842939   0.0112238           0  0.00382778
  0.0220243  0.00265275 -0.00382778           0
EndNode2[0]<--->HoM1[0]
REAL
   0.382746  0.00661041 -0.00298122    0.234039
 0.00661041    0.115431   0.0585343  0.00746265
-0.00298122   0.0585343    0.128797   0.0157968
   0.234039  0.00746265   0.0157968    0.373026
IMAGINARY
          0 -0.00530575  0.00791469  -0.0111864
 0.00530575           0  0.00140805   0.0059742
-0.00791469 -0.00140805           0   0.0027805
  0.0111864  -0.0059742  -0.0027805           0
Repeater1[0]<--->EndNode1[0]
REAL
   0.396015   0.0124526 -0.00238712    0.233179
  0.0124526    0.138232   0.0309965   0.0268717
-0.00238712   0.0309965    0.115816  -0.0201845
   0.233179   0.0268717  -0.0201845    0.349938
IMAGINARY
          0  0.00842939  0.00836734  -0.0220243
-0.00842939           0   0.0112238  0.00382778
-0.00836734  -0.0112238           0 -0.00265275
  0.0220243 -0.00382778  0.00265275           0
Repeater1[0]<--->HoM1[0]
REAL
   0.382746 -0.00298122  0.00661041    0.234039
-0.00298122    0.128797   0.0585343   0.0157968
 0.00661041   0.0585343    0.115431  0.00746265
   0.234039   0.0157968  0.00746265    0.373026
IMAGINARY
          0  0.00791469 -0.00530575  -0.0111864
-0.00791469           0 -0.00140805   0.0027805
 0.00530575  0.00140805           0   0.0059742
  0.0111864  -0.0027805  -0.0059742           0
EndNode1[0]<--->Repeater1[0]
REAL
   0.429803 -0.00711609  0.00834532    0.239668
-0.00711609   0.0923645   0.0251964  -0.0151021
 0.00834532   0.0251964    0.119458  0.00306203
   0.239668  -0.0151021  0.00306203    0.358374
IMAGINARY
          0 -0.00211906  0.00241649   0.0184033
 0.00211906           0  -0.0267047  -0.0134986
-0.00241649   0.0267047           0    0.014505
 -0.0184033   0.0134986   -0.014505           0
EndNode2[0]<--->HoM1[0]
REAL
    0.374346  -0.00687599 -0.000347201      0.21841
 -0.00687599     0.111257    0.0121525  -0.00635521
-0.000347201    0.0121525      0.13089    0.0149189
     0.21841  -0.00635521    0.0149189     0.383508
IMAGINARY
          0  -0.0146341    -0.01661  0.00503158
  0.0146341           0  -0.0128036   0.0159714
    0.01661   0.0128036           0 -0.00771585
-0.00503158  -0.0159714  0.00771585           0
Repeater1[0]<--->EndNode1[0]
REAL
   0.429803  0.00834532 -0.00711609    0.239668
 0.00834532    0.119458   0.0251964  0.00306203
-0.00711609   0.0251964   0.0923645  -0.0151021
   0.239668  0.00306203  -0.0151021    0.358374
IMAGINARY
          0  0.00241649 -0.00211906   0.0184033
-0.00241649           0   0.0267047    0.014505
 0.00211906  -0.0267047           0  -0.0134986
 -0.0184033   -0.014505   0.0134986           0
Repeater1[0]<--->HoM1[0]
REAL
    0.374346 -0.000347201  -0.00687599      0.21841
-0.000347201      0.13089    0.0121525    0.0149189
 -0.00687599    0.0121525     0.111257  -0.00635521
     0.21841    0.0149189  -0.00635521     0.383508
IMAGINARY
          0    -0.01661  -0.0146341  0.00503158
    0.01661           0   0.0128036 -0.00771585
  0.0146341  -0.0128036           0   0.0159714
-0.00503158  0.00771585  -0.0159714           0
EndNode1[0]<--->Repeater1[0]
REAL
   0.383289 -0.00404464  0.00409005    0.230675
-0.00404464    0.122016   0.0389455   -0.011685
 0.00409005   0.0389455    0.118037  -0.0162085
   0.230675   -0.011685  -0.0162085    0.376658
IMAGINARY
          0  0.00898079   0.0121947  -0.0258845
-0.00898079           0  -0.0158845  -0.0109416
 -0.0121947   0.0158845           0   0.0248538
  0.0258845   0.0109416  -0.0248538           0
EndNode2[0]<--->HoM1[0]
REAL
   0.371212  0.00255102  0.00834892    0.254996
 0.00255102    0.137626   0.0633067  -0.0149802
 0.00834892   0.0633067   0.0984848 -0.00255102
   0.254996  -0.0149802 -0.00255102    0.392677
IMAGINARY
          0  0.00350293  0.00565466   0.0107066
-0.00350293           0   0.0158086 -0.00699514
-0.00565466  -0.0158086           0   0.0246472
 -0.0107066  0.00699514  -0.0246472           0
Repeater1[0]<--->EndNode1[0]
REAL
   0.383289  0.00409005 -0.00404464    0.230675
 0.00409005    0.118037   0.0389455  -0.0162085
-0.00404464   0.0389455    0.122016   -0.011685
   0.230675  -0.0162085   -0.011685    0.376658
IMAGINARY
          0   0.0121947  0.00898079  -0.0258845
 -0.0121947           0   0.0158845   0.0248538
-0.00898079  -0.0158845           0  -0.0109416
  0.0258845  -0.0248538   0.0109416           0
Repeater1[0]<--->HoM1[0]
REAL
   0.371212  0.00834892  0.00255102    0.254996
 0.00834892   0.0984848   0.0633067 -0.00255102
 0.00255102   0.0633067    0.137626  -0.0149802
   0.254996 -0.00255102  -0.0149802    0.392677
IMAGINARY
          0  0.00565466  0.00350293   0.0107066
-0.00565466           0  -0.0158086   0.0246472
-0.00350293   0.0158086           0 -0.00699514
 -0.0107066  -0.0246472  0.00699514           0
EndNode1[0]<--->Repeater1[0]
REAL
   0.426316 -0.00859423  -0.0051583    0.232953
-0.00859423    0.126316   0.0367026   0.0127445
 -0.0051583   0.0367026    0.105263  -0.0238196
   0.232953   0.0127445  -0.0238196    0.342105
IMAGINARY
          0 -0.00104702  -0.0111328 -0.00728227
 0.00104702           0   0.0216753 -0.00386724
  0.0111328  -0.0216753           0  0.00729702
 0.00728227  0.00386724 -0.00729702           0
EndNode2[0]<--->HoM1[0]
REAL
  0.390728  0.0151012 0.00946415   0.269084
 0.0151012   0.115232  0.0232993  0.0126489
0.00946415  0.0232993   0.131126 -0.0015877
  0.269084  0.0126489 -0.0015877   0.362914
IMAGINARY
          0 -0.00452281  0.00722001   -0.017113
 0.00452281           0  -0.0550795  -0.0143536
-0.00722001   0.0550795           0  -0.0039078
   0.017113   0.0143536   0.0039078           0
Repeater1[0]<--->EndNode1[0]
REAL
   0.426316  -0.0051583 -0.00859423    0.232953
 -0.0051583    0.105263   0.0367026  -0.0238196
-0.00859423   0.0367026    0.126316   0.0127445
   0.232953  -0.0238196   0.0127445    0.342105
IMAGINARY
          0  -0.0111328 -0.00104702 -0.00728227
  0.0111328           0  -0.0216753  0.00729702
 0.00104702   0.0216753           0 -0.00386724
 0.00728227 -0.00729702  0.00386724           0
Repeater1[0]<--->HoM1[0]
REAL
  0.390728 0.00946415  0.0151012   0.269084
0.00946415   0.131126  0.0232993 -0.0015877
 0.0151012  0.0232993   0.115232  0.0126489
  0.269084 -0.0015877  0.0126489   0.362914
IMAGINARY
          0  0.00722001 -0.00452281   -0.017113
-0.00722001           0   0.0550795  -0.0039078
 0.00452281  -0.0550795           0  -0.0143536
   0.017113   0.0039078   0.0143536           0
EndNode1[0]<--->Repeater1[0]
REAL
      0.405 -0.00399197  0.00600446    0.234742
-0.00399197     0.10875   0.0470045   0.0191278
 0.00600446   0.0470045     0.13125    0.014574
   0.234742   0.0191278    0.014574       0.355
IMAGINARY
          0  0.00415521 -0.00537295 -0.00409916
-0.00415521           0 -0.00283653 -0.00537295
 0.00537295  0.00283653           0 -0.00731577
 0.00409916  0.00537295  0.00731577           0
EndNode2[0]<--->HoM1[0]
REAL
  0.392405 0.00812248 0.00815908   0.247201
0.00812248   0.124051  0.0307261 0.00328103
