EndNode1[0]<--->Repeater1[0]
REAL
  0.352782  0.0114989 -0.0130281   0.164726
 0.0114989   0.123474  0.0403543  0.0136477
-0.0130281  0.0403543   0.166893 0.00151223
  0.164726  0.0136477 0.00151223   0.356852
IMAGINARY
          0  0.00505165  -0.0097226  -0.0144508
-0.00505165           0  0.00810561  -0.0103779
  0.0097226 -0.00810561           0 -0.00882049
  0.0144508   0.0103779  0.00882049           0
EndNode2[0]<--->HoM1[0]
REAL
   0.356015  0.00682148 -0.00016244    0.162821
 0.00682148    0.148238   0.0333333   0.0270855
-0.00016244   0.0333333    0.159174   0.0162554
   0.162821   0.0270855   0.0162554    0.336574
IMAGINARY
          0 -0.00723628  -0.0048237   0.0082859
 0.00723628           0 -0.00957124  -0.0297917
  0.0048237  0.00957124           0  -0.0132765
 -0.0082859   0.0297917   0.0132765           0
Repeater1[0]<--->EndNode1[0]
REAL
  0.352782 -0.0130281  0.0114989   0.164726
-0.0130281   0.166893  0.0403543 0.00151223
 0.0114989  0.0403543   0.123474  0.0136477
  0.164726 0.00151223  0.0136477   0.356852
IMAGINARY
          0  -0.0097226  0.00505165  -0.0144508
  0.0097226           0 -0.00810561 -0.00882049
-0.00505165  0.00810561           0  -0.0103779
  0.0144508  0.00882049   0.0103779           0
Repeater1[0]<--->HoM1[0]
REAL
   0.356015 -0.00016244  0.00682148    0.162821
-0.00016244    0.159174   0.0333333   0.0162554
 0.00682148   0.0333333    0.148238   0.0270855
   0.162821   0.0162554   0.0270855    0.336574
IMAGINARY
          0  -0.0048237 -0.00723628   0.0082859
  0.0048237           0  0.00957124  -0.0132765
 0.00723628 -0.00957124           0  -0.0297917
 -0.0082859   0.0132765   0.0297917           0
EndNode1[0]<--->Repeater1[0]
REAL
   0.332898 -0.00420407 -0.00594065    0.150878
-0.00420407    0.139687   0.0462866    0.012384
-0.00594065   0.0462866    0.165796 -0.00610521
   0.150878    0.012384 -0.00610521    0.361619
IMAGINARY
          0  -0.0106271   0.0175118   0.0155239
  0.0106271           0   0.0248407  0.00544742
 -0.0175118  -0.0248407           0  0.00807611
 -0.0155239 -0.00544742 -0.00807611           0
EndNode2[0]<--->HoM1[0]
REAL
  0.352617 -0.0163934  0.0186635   0.161383
-0.0163934   0.166667  0.0357736 -0.0180454
 0.0186635  0.0357736    0.15978   0.010831
  0.161383 -0.0180454   0.010831   0.320937
IMAGINARY
          0   0.0118035 -0.00230009   0.0126698
 -0.0118035           0 -0.00345925 -0.00989503
 0.00230009  0.00345925           0 -0.00814499
 -0.0126698  0.00989503  0.00814499           0
Repeater1[0]<--->EndNode1[0]
REAL
   0.332898 -0.00594065 -0.00420407    0.150878
-0.00594065    0.165796   0.0462866 -0.00610521
-0.00420407   0.0462866    0.139687    0.012384
   0.150878 -0.00610521    0.012384    0.361619
IMAGINARY
          0   0.0175118  -0.0106271   0.0155239
 -0.0175118           0  -0.0248407  0.00807611
  0.0106271   0.0248407           0  0.00544742
 -0.0155239 -0.00807611 -0.00544742           0
Repeater1[0]<--->HoM1[0]
REAL
  0.352617  0.0186635 -0.0163934   0.161383
 0.0186635    0.15978  0.0357736   0.010831
-0.0163934  0.0357736   0.166667 -0.0180454
  0.161383   0.010831 -0.0180454   0.320937
IMAGINARY
          0 -0.00230009   0.0118035   0.0126698
 0.00230009           0  0.00345925 -0.00814499
 -0.0118035 -0.00345925           0 -0.00989503
 -0.0126698  0.00814499  0.00989503           0
EndNode1[0]<--->Repeater1[0]
REAL
   0.338501 -0.00871862   0.0195934    0.164946
-0.00871862    0.161499   0.0508026  0.00793539
  0.0195934   0.0508026    0.177003  0.00039596
   0.164946  0.00793539  0.00039596    0.322997
IMAGINARY
           0   -0.0183111    0.0114254   -0.0122818
   0.0183111            0     0.016514  0.000981542
  -0.0114254    -0.016514            0   -0.0102249
   0.0122818 -0.000981542    0.0102249            0
EndNode2[0]<--->HoM1[0]
REAL
    0.362299 -0.000563479  0.000403448     0.174469
-0.000563479     0.168449    0.0225785   -0.0138823
 0.000403448    0.0225785     0.159091   0.00248902
    0.174469   -0.0138823   0.00248902      0.31016
IMAGINARY
           0  0.000797458  -0.00980227   -0.0128007
-0.000797458            0    0.0172254   -0.0247479
  0.00980227   -0.0172254            0  -0.00405691
   0.0128007    0.0247479   0.00405691            0
Repeater1[0]<--->EndNode1[0]
REAL
   0.338501   0.0195934 -0.00871862    0.164946
  0.0195934    0.177003   0.0508026  0.00039596
-0.00871862   0.0508026    0.161499  0.00793539
   0.164946  0.00039596  0.00793539    0.322997
IMAGINARY
           0    0.0114254   -0.0183111   -0.0122818
  -0.0114254            0    -0.016514   -0.0102249
   0.0183111     0.016514            0  0.000981542
   0.0122818    0.0102249 -0.000981542            0
Repeater1[0]<--->HoM1[0]
REAL
    0.362299  0.000403448 -0.000563479     0.174469
 0.000403448     0.159091    0.0225785   0.00248902
-0.000563479    0.0225785     0.168449   -0.0138823
    0.174469   0.00248902   -0.0138823      0.31016
IMAGINARY
           0  -0.00980227  0.000797458   -0.0128007
  0.00980227            0   -0.0172254  -0.00405691
-0.000797458    0.0172254            0   -0.0247479
   0.0128007   0.00405691    0.0247479            0
EndNode1[0]<--->Repeater1[0]
REAL
   0.357534  0.00620889  0.00188932    0.163604
 0.00620889    0.153425   0.0416061 1.66564e-05
 0.00188932   0.0416061    0.136986  -0.0195507
   0.163604 1.66564e-05  -0.0195507    0.352055
IMAGINARY
          0   0.0194876  0.00262986 -0.00421107
 -0.0194876           0  0.00551655  0.00685181
-0.00262986 -0.00551655           0  0.00516471
 0.00421107 -0.00685181 -0.00516471           0
EndNode2[0]<--->HoM1[0]
REAL
     0.37764   -0.0114188 -0.000731435     0.182832
  -0.0114188     0.145342    0.0122588   0.00977536
-0.000731435    0.0122588     0.157764  -0.00796102
    0.182832   0.00977536  -0.00796102     0.319255
IMAGINARY
          0   0.0171262  -0.0112891  -0.0279195
 -0.0171262           0 -0.00448201 -0.00433589
  0.0112891  0.00448201           0  -0.0106158
  0.0279195  0.00433589   0.0106158           0
Repeater1[0]<--->EndNode1[0]
REAL
   0.357534  0.00188932  0.00620889    0.163604
 0.00188932    0.136986   0.0416061  -0.0195507
 0.00620889   0.0416061    0.153425 1.66564e-05
   0.163604  -0.0195507 1.66564e-05    0.352055
IMAGINARY
          0  0.00262986   0.0194876 -0.00421107
-0.00262986           0 -0.00551655  0.00516471
 -0.0194876  0.00551655           0  0.00685181
 0.00421107 -0.00516471 -0.00685181           0
Repeater1[0]<--->HoM1[0]
REAL
     0.37764 -0.000731435   -0.0114188     0.182832
-0.000731435     0.157764    0.0122588  -0.00796102
  -0.0114188    0.0122588     0.145342   0.00977536
    0.182832  -0.00796102   0.00977536     0.319255
IMAGINARY
          0  -0.0112891   0.0171262  -0.0279195
  0.0112891           0  0.00448201  -0.0106158
 -0.0171262 -0.00448201           0 -0.00433589
  0.0279195   0.0106158  0.00433589           0
EndNode1[0]<--->Repeater1[0]
REAL
   0.339973 -0.00151291 -0.00859705    0.161378
-0.00151291    0.146082    0.025886  0.00544446
-0.00859705    0.025886    0.172643   0.0109707
   0.161378  0.00544446   0.0109707    0.341301
IMAGINARY
          0  0.00907955 -0.00174132   0.0313478
-0.00907955           0   0.0063478 -0.00425388
 0.00174132  -0.0063478           0 -0.00308434
 -0.0313478  0.00425388  0.00308434           0
EndNode2[0]<--->HoM1[0]
REAL
   0.337563 -0.00720877 -0.00309492    0.151835
-0.00720877    0.149746   0.0469759  -0.0173806
-0.00309492   0.0469759    0.161168 -0.00534077
   0.151835  -0.0173806 -0.00534077    0.351523
IMAGINARY
          0 -0.00656947   0.0136721  0.00194761
 0.00656947           0   0.0174115  0.00934579
 -0.0136721  -0.0174115           0   0.0052907
-0.00194761 -0.00934579  -0.0052907           0
Repeater1[0]<--->EndNode1[0]
REAL
   0.339973 -0.00859705 -0.00151291    0.161378
-0.00859705    0.172643    0.025886   0.0109707
-0.00151291    0.025886    0.146082  0.00544446
   0.161378   0.0109707  0.00544446    0.341301
IMAGINARY
          0 -0.00174132  0.00907955   0.0313478
 0.00174132           0  -0.0063478 -0.00308434
-0.00907955   0.0063478           0 -0.00425388
 -0.0313478  0.00308434  0.00425388           0
Repeater1[0]<--->HoM1[0]
REAL
   0.337563 -0.00309492 -0.00720877    0.151835
-0.00309492    0.161168   0.0469759 -0.00534077
-0.00720877   0.0469759    0.149746  -0.0173806
   0.151835 -0.00534077  -0.0173806    0.351523
IMAGINARY
          0   0.0136721 -0.00656947  0.00194761
 -0.0136721           0  -0.0174115   0.0052907
 0.00656947   0.0174115           0  0.00934579
-0.00194761  -0.0052907 -0.00934579           0
EndNode1[0]<--->Repeater1[0]
REAL
   0.389447   0.0058204  -0.0170267    0.166194
  0.0058204    0.155779   0.0346148 0.000854144
 -0.0170267   0.0346148    0.146985  -0.0112112
   0.166194 0.000854144  -0.0112112    0.307789
IMAGINARY
          0  -0.0041991  -0.0116137 -0.00918043
  0.0041991           0  -0.0046172   0.0122556
  0.0116137   0.0046172           0  -0.0182656
 0.00918043  -0.0122556   0.0182656           0
EndNode2[0]<--->HoM1[0]
REAL
    0.367217  -0.00733802    0.0111251      0.16748
 -0.00733802     0.148666    0.0245352   -0.0206308
   0.0111251    0.0245352     0.141042 -0.000900254
     0.16748   -0.0206308 -0.000900254     0.343075
IMAGINARY
           0 -0.000613497   -0.0067074   0.00161174
 0.000613497            0    0.0127813    -0.013538
   0.0067074   -0.0127813            0  -0.00245399
 -0.00161174     0.013538   0.00245399            0
Repeater1[0]<--->EndNode1[0]
REAL
   0.389447  -0.0170267   0.0058204    0.166194
 -0.0170267    0.146985   0.0346148  -0.0112112
  0.0058204   0.0346148    0.155779 0.000854144
   0.166194  -0.0112112 0.000854144    0.307789
IMAGINARY
          0  -0.0116137  -0.0041991 -0.00918043
  0.0116137           0   0.0046172  -0.0182656
  0.0041991  -0.0046172           0   0.0122556
 0.00918043   0.0182656  -0.0122556           0
Repeater1[0]<--->HoM1[0]
REAL
    0.367217    0.0111251  -0.00733802      0.16748
   0.0111251     0.141042    0.0245352 -0.000900254
 -0.00733802    0.0245352     0.148666   -0.0206308
     0.16748 -0.000900254   -0.0206308     0.343075
IMAGINARY
           0   -0.0067074 -0.000613497   0.00161174
   0.0067074            0   -0.0127813  -0.00245399
 0.000613497    0.0127813            0    -0.013538
 -0.00161174   0.00245399     0.013538            0
EndNode1[0]<--->Repeater1[0]
REAL
   0.367073  -0.0122456   0.0028286    0.168439
 -0.0122456    0.162195   0.0415737 -0.00868035
  0.0028286   0.0415737    0.159756 -0.00270885
   0.168439 -0.00868035 -0.00270885    0.310976
IMAGINARY
          0   0.0268938    0.012413  0.00831202
 -0.0268938           0  -0.0044757 -0.00223665
  -0.012413   0.0044757           0 -0.00586264
-0.00831202  0.00223665  0.00586264           0
EndNode2[0]<--->HoM1[0]
REAL
   0.367688  0.00829098   0.0252369    0.165027
 0.00829098    0.140669   0.0494396  -0.0125465
  0.0252369   0.0494396    0.139276 -0.00702194
   0.165027  -0.0125465 -0.00702194    0.352368
IMAGINARY
          0   0.0207809 -0.00164472  0.00613998
 -0.0207809           0  0.00796258   0.0181573
 0.00164472 -0.00796258           0 -0.00162631
-0.00613998  -0.0181573  0.00162631           0
Repeater1[0]<--->EndNode1[0]
REAL
   0.367073   0.0028286  -0.0122456    0.168439
  0.0028286    0.159756   0.0415737 -0.00270885
 -0.0122456   0.0415737    0.162195 -0.00868035
   0.168439 -0.00270885 -0.00868035    0.310976
IMAGINARY
          0    0.012413   0.0268938  0.00831202
  -0.012413           0   0.0044757 -0.00586264
 -0.0268938  -0.0044757           0 -0.00223665
-0.00831202  0.00586264  0.00223665           0
Repeater1[0]<--->HoM1[0]
REAL
   0.367688   0.0252369  0.00829098    0.165027
  0.0252369    0.139276   0.0494396 -0.00702194
 0.00829098   0.0494396    0.140669  -0.0125465
   0.165027 -0.00702194  -0.0125465    0.352368
IMAGINARY
          0 -0.00164472   0.0207809  0.00613998
 0.00164472           0 -0.00796258 -0.00162631
 -0.0207809  0.00796258           0   0.0181573
-0.00613998  0.00162631  -0.0181573           0
EndNode1[0]<--->Repeater1[0]
REAL
    0.358696   0.00338926   0.00972181      0.16227
  0.00338926     0.149457    0.0236363 -0.000996979
  0.00972181    0.0236363     0.169837    0.0133893
     0.16227 -0.000996979    0.0133893     0.322011
IMAGINARY
          0   0.0165533   -0.013149 -0.00927886
 -0.0165533           0  0.00613421  -0.0137892
   0.013149 -0.00613421           0 -0.00144158
 0.00927886   0.0137892  0.00144158           0
EndNode2[0]<--->HoM1[0]
REAL
   0.380822  0.00260497 -0.00151486    0.166135
 0.00260497    0.149315   0.0409729 -0.00706357
-0.00151486   0.0409729    0.153425   0.0170029
   0.166135 -0.00706357   0.0170029    0.316438
IMAGINARY
          0   0.0109728  0.00421113  0.00801158
 -0.0109728           0  0.00865508  0.00292247
-0.00421113 -0.00865508           0 -0.00902724
-0.00801158 -0.00292247  0.00902724           0
Repeater1[0]<--->EndNode1[0]
REAL
    0.358696   0.00972181   0.00338926      0.16227
  0.00972181     0.169837    0.0236363    0.0133893
  0.00338926    0.0236363     0.149457 -0.000996979
     0.16227    0.0133893 -0.000996979     0.322011
IMAGINARY
          0   -0.013149   0.0165533 -0.00927886
   0.013149           0 -0.00613421 -0.00144158
 -0.0165533  0.00613421           0  -0.0137892
 0.00927886  0.00144158   0.0137892           0
Repeater1[0]<--->HoM1[0]
REAL
   0.380822 -0.00151486  0.00260497    0.166135
-0.00151486    0.153425   0.0409729   0.0170029
 0.00260497   0.0409729    0.149315 -0.00706357
   0.166135   0.0170029 -0.00706357    0.316438
IMAGINARY
          0  0.00421113   0.0109728  0.00801158
-0.00421113           0 -0.00865508 -0.00902724
 -0.0109728  0.00865508           0  0.00292247
-0.00801158  0.00902724 -0.00292247           0
EndNode1[0]<--->Repeater1[0]
REAL
  0.39871 0.0170887 0.0175671  0.163865
0.0170887  0.136774 0.0404715 0.0369664
0.0175671 0.0404715  0.127742 0.0177339
 0.163865 0.0369664 0.0177339  0.336774
IMAGINARY
          0   0.0143933  -0.0203463 -0.00191455
 -0.0143933           0 -0.00056684  0.00235147
  0.0203463  0.00056684           0  0.00745761
 0.00191455 -0.00235147 -0.00745761           0
EndNode2[0]<--->HoM1[0]
REAL
    0.36671  -0.0035979 -0.00219908    0.166299
 -0.0035979    0.149545   0.0559954   0.0158888
-0.00219908   0.0559954    0.139142 -0.00487667
   0.166299   0.0158888 -0.00487667    0.344603
IMAGINARY
          0    0.017252  -0.0262218   0.0103138
  -0.017252           0  -0.0201661 -0.00746376
  0.0262218   0.0201661           0   0.0203966
 -0.0103138  0.00746376  -0.0203966           0
Repeater1[0]<--->EndNode1[0]
REAL
  0.39871 0.0175671 0.0170887  0.163865
0.0175671  0.127742 0.0404715 0.0177339
0.0170887 0.0404715  0.136774 0.0369664
 0.163865 0.0177339 0.0369664  0.336774
IMAGINARY
          0  -0.0203463   0.0143933 -0.00191455
  0.0203463           0  0.00056684  0.00745761
 -0.0143933 -0.00056684           0  0.00235147
 0.00191455 -0.00745761 -0.00235147           0
Repeater1[0]<--->HoM1[0]
REAL
    0.36671 -0.00219908  -0.0035979    0.166299
-0.00219908    0.139142   0.0559954 -0.00487667
 -0.0035979   0.0559954    0.149545   0.0158888
   0.166299 -0.00487667   0.0158888    0.344603
IMAGINARY
          0  -0.0262218    0.017252   0.0103138
  0.0262218           0   0.0201661   0.0203966
  -0.017252  -0.0201661           0 -0.00746376
 -0.0103138  -0.0203966  0.00746376           0
EndNode1[0]<--->Repeater1[0]
REAL
   0.359694 -0.00139948    0.029529    0.157008
-0.00139948    0.164541   0.0328654 0.000850721
   0.029529   0.0328654    0.178571   0.0178552
   0.157008 0.000850721   0.0178552    0.297194
IMAGINARY
          0   0.0155795  0.00964129  0.00495511
 -0.0155795           0   0.0110943   0.0225947
-0.00964129  -0.0110943           0   -0.034098
-0.00495511  -0.0225947    0.034098           0
EndNode2[0]<--->HoM1[0]
REAL
   0.353627 -0.00709985 -0.00513892    0.157052
-0.00709985    0.167098   0.0623549   0.0168818
-0.00513892   0.0623549    0.165803 -0.00958742
   0.157052   0.0168818 -0.00958742    0.313472
IMAGINARY
           0   0.00804148   -0.0026738  0.000636132
 -0.00804148            0 -0.000636132   -0.0124777
   0.0026738  0.000636132            0   -0.0042536
-0.000636132    0.0124777    0.0042536            0
Repeater1[0]<--->EndNode1[0]
REAL
   0.359694    0.029529 -0.00139948    0.157008
   0.029529    0.178571   0.0328654   0.0178552
-0.00139948   0.0328654    0.164541 0.000850721
   0.157008   0.0178552 0.000850721    0.297194
IMAGINARY
          0  0.00964129   0.0155795  0.00495511
-0.00964129           0  -0.0110943   -0.034098
 -0.0155795   0.0110943           0   0.0225947
-0.00495511    0.034098  -0.0225947           0
Repeater1[0]<--->HoM1[0]
REAL
   0.353627 -0.00513892 -0.00709985    0.157052
-0.00513892    0.165803   0.0623549 -0.00958742
-0.00709985   0.0623549    0.167098   0.0168818
   0.157052 -0.00958742   0.0168818    0.313472
IMAGINARY
           0   -0.0026738   0.00804148  0.000636132
   0.0026738            0  0.000636132   -0.0042536
 -0.00804148 -0.000636132            0   -0.0124777
-0.000636132    0.0042536    0.0124777            0
EndNode1[0]<--->Repeater1[0]
REAL
   0.340879  -0.0180785 -0.00840524     0.14878
 -0.0180785    0.173103    0.034814 -0.00591768
-0.00840524    0.034814    0.138482  0.00505771
    0.14878 -0.00591768  0.00505771    0.347537
IMAGINARY
          0   0.0104791   0.0183633  -0.0167274
 -0.0104791           0 -0.00617334    0.013916
 -0.0183633  0.00617334           0  0.00862497
  0.0167274   -0.013916 -0.00862497           0
EndNode2[0]<--->HoM1[0]
REAL
 0.358696 0.0176665 0.0296511  0.159994
0.0176665  0.150966 0.0348355 0.0252039
0.0296511 0.0348355  0.158213 0.0144899
 0.159994 0.0252039 0.0144899  0.332126
IMAGINARY
          0   0.0238518  -0.0127675  -0.0119931
 -0.0238518           0  0.00872513  0.00323763
  0.0127675 -0.00872513           0 -0.00288614
  0.0119931 -0.00323763  0.00288614           0
Repeater1[0]<--->EndNode1[0]
REAL
   0.340879 -0.00840524  -0.0180785     0.14878
-0.00840524    0.138482    0.034814  0.00505771
 -0.0180785    0.034814    0.173103 -0.00591768
    0.14878  0.00505771 -0.00591768    0.347537
IMAGINARY
          0   0.0183633   0.0104791  -0.0167274
 -0.0183633           0  0.00617334  0.00862497
 -0.0104791 -0.00617334           0    0.013916
  0.0167274 -0.00862497   -0.013916           0
Repeater1[0]<--->HoM1[0]
REAL
 0.358696 0.0296511 0.0176665  0.159994
0.0296511  0.158213 0.0348355 0.0144899
0.0176665 0.0348355  0.150966 0.0252039
 0.159994 0.0144899 0.0252039  0.332126
IMAGINARY
          0  -0.0127675   0.0238518  -0.0119931
  0.0127675           0 -0.00872513 -0.00288614
 -0.0238518  0.00872513           0  0.00323763
  0.0119931  0.00288614 -0.00323763           0
EndNode1[0]<--->Repeater1[0]
REAL
   0.344956  -0.0203325  0.00633566    0.164981
 -0.0203325    0.165629   0.0242774  -0.0127295
 0.00633566   0.0242774    0.119552 -0.00268542
   0.164981  -0.0127295 -0.00268542    0.369863
IMAGINARY
          0  -0.0134052   0.0121287  0.00986851
  0.0134052           0 -0.00655725 -0.00584731
 -0.0121287  0.00655725           0  0.00209867
-0.00986851  0.00584731 -0.00209867           0
EndNode2[0]<--->HoM1[0]
REAL
   0.363049 1.93301e-05  0.00684089      0.1639
1.93301e-05    0.133075   0.0320461 -0.00278684
 0.00684089   0.0320461    0.180879  -0.0162355
     0.1639 -0.00278684  -0.0162355    0.322997
IMAGINARY
           0    0.0268534   -0.0124021  -0.00487487
  -0.0268534            0  0.000347059   -0.0124021
   0.0124021 -0.000347059            0    0.0188386
  0.00487487    0.0124021   -0.0188386            0
Repeater1[0]<--->EndNode1[0]
REAL
   0.344956  0.00633566  -0.0203325    0.164981
 0.00633566    0.119552   0.0242774 -0.00268542
 -0.0203325   0.0242774    0.165629  -0.0127295
   0.164981 -0.00268542  -0.0127295    0.369863
IMAGINARY
          0   0.0121287  -0.0134052  0.00986851
 -0.0121287           0  0.00655725  0.00209867
  0.0134052 -0.00655725           0 -0.00584731
-0.00986851 -0.00209867  0.00584731           0
Repeater1[0]<--->HoM1[0]
REAL
   0.363049  0.00684089 1.93301e-05      0.1639
 0.00684089    0.180879   0.0320461  -0.0162355
1.93301e-05   0.0320461    0.133075 -0.00278684
     0.1639  -0.0162355 -0.00278684    0.322997
IMAGINARY
           0   -0.0124021    0.0268534  -0.00487487
   0.0124021            0 -0.000347059    0.0188386
  -0.0268534  0.000347059            0   -0.0124021
  0.00487487   -0.0188386    0.0124021            0
EndNode1[0]<--->Repeater1[0]
REAL
  0.393711 -0.0314278  0.0145191    0.17866
-0.0314278   0.140881    0.02225 0.00823771
 0.0145191    0.02225   0.166038 0.00216903
   0.17866 0.00823771 0.00216903   0.299371
IMAGINARY
          0 -0.00680708   0.0146552  0.00528945
 0.00680708           0 -0.00272535   0.0199602
 -0.0146552  0.00272535           0  -0.0226801
-0.00528945  -0.0199602   0.0226801           0
EndNode2[0]<--->HoM1[0]
REAL
   0.368831 0.000921459  0.00702427    0.168299
0.000921459    0.145455   0.0354045  0.00510856
 0.00702427   0.0354045    0.133766  0.00610281
   0.168299  0.00510856  0.00610281    0.351948
IMAGINARY
          0 -0.00236348    0.014156 -0.00895595
 0.00236348           0  -0.0256846   0.0147913
  -0.014156   0.0256846           0 -0.00947862
 0.00895595  -0.0147913  0.00947862           0
Repeater1[0]<--->EndNode1[0]
REAL
  0.393711  0.0145191 -0.0314278    0.17866
 0.0145191   0.166038    0.02225 0.00216903
-0.0314278    0.02225   0.140881 0.00823771
   0.17866 0.00216903 0.00823771   0.299371
IMAGINARY
          0   0.0146552 -0.00680708  0.00528945
 -0.0146552           0  0.00272535  -0.0226801
 0.00680708 -0.00272535           0   0.0199602
-0.00528945   0.0226801  -0.0199602           0
Repeater1[0]<--->HoM1[0]
REAL
   0.368831  0.00702427 0.000921459    0.168299
 0.00702427    0.133766   0.0354045  0.00610281
0.000921459   0.0354045    0.145455  0.00510856
   0.168299  0.00610281  0.00510856    0.351948
IMAGINARY
          0    0.014156 -0.00236348 -0.00895595
  -0.014156           0   0.0256846 -0.00947862
 0.00236348  -0.0256846           0   0.0147913
 0.00895595  0.00947862  -0.0147913           0
EndNode1[0]<--->Repeater1[0]
REAL
    0.350806   -0.0066464   0.00159008     0.157415
  -0.0066464     0.172043    0.0351924 -0.000941569
  0.00159008    0.0351924     0.142473   0.00340385
    0.157415 -0.000941569   0.00340385     0.334677
IMAGINARY
          0 -0.00924558 -0.00411549  0.00397977
 0.00924558           0    0.003305  0.00164635
 0.00411549   -0.003305           0  0.00183817
-0.00397977 -0.00164635 -0.00183817           0
EndNode2[0]<--->HoM1[0]
REAL
   0.370419 -0.00970619   0.0136457    0.174067
-0.00970619    0.155759   0.0315936  0.00207757
  0.0136457   0.0315936     0.16623  -0.0022435
   0.174067  0.00207757  -0.0022435    0.307592
IMAGINARY
          0   0.0109872 -0.00324441   0.0148619
 -0.0109872           0  -0.0142454  0.00458849
 0.00324441   0.0142454           0   0.0037977
 -0.0148619 -0.00458849  -0.0037977           0
Repeater1[0]<--->EndNode1[0]
REAL
    0.350806   0.00159008   -0.0066464     0.157415
  0.00159008     0.142473    0.0351924   0.00340385
  -0.0066464    0.0351924     0.172043 -0.000941569
    0.157415   0.00340385 -0.000941569     0.334677
IMAGINARY
          0 -0.00411549 -0.00924558  0.00397977
 0.00411549           0   -0.003305  0.00183817
 0.00924558    0.003305           0  0.00164635
-0.00397977 -0.00183817 -0.00164635           0
Repeater1[0]<--->HoM1[0]
REAL
   0.370419   0.0136457 -0.00970619    0.174067
  0.0136457     0.16623   0.0315936  -0.0022435
-0.00970619   0.0315936    0.155759  0.00207757
   0.174067  -0.0022435  0.00207757    0.307592
IMAGINARY
          0 -0.00324441   0.0109872   0.0148619
 0.00324441           0   0.0142454   0.0037977
 -0.0109872  -0.0142454           0  0.00458849
 -0.0148619  -0.0037977 -0.00458849           0
EndNode1[0]<--->Repeater1[0]
REAL
   0.365821  -0.0039829    0.020773    0.133079
 -0.0039829    0.124166   0.0478738  -0.0243444
   0.020773   0.0478738    0.165554 -0.00196948
   0.133079  -0.0243444 -0.00196948    0.344459
IMAGINARY
          0   0.0077293  0.00391595 -0.00834792
 -0.0077293           0   0.0162635  0.00995459
-0.00391595  -0.0162635           0 -0.00574779
 0.00834792 -0.00995459  0.00574779           0
EndNode2[0]<--->HoM1[0]
REAL
  0.356383 0.00668115  0.0024264   0.178563
0.00668115   0.148936  0.0280533  0.0131791
 0.0024264  0.0280533   0.151596  0.0251541
  0.178563  0.0131791  0.0251541   0.343085
IMAGINARY
           0 -0.000786358    0.0127503  -0.00511944
 0.000786358            0    0.0213289    0.0114844
  -0.0127503   -0.0213289            0   -0.0208973
  0.00511944   -0.0114844    0.0208973            0
Repeater1[0]<--->EndNode1[0]
REAL
   0.365821    0.020773  -0.0039829    0.133079
   0.020773    0.165554   0.0478738 -0.00196948
 -0.0039829   0.0478738    0.124166  -0.0243444
   0.133079 -0.00196948  -0.0243444    0.344459
IMAGINARY
          0  0.00391595   0.0077293 -0.00834792
-0.00391595           0  -0.0162635 -0.00574779
 -0.0077293   0.0162635           0  0.00995459
 0.00834792  0.00574779 -0.00995459           0
Repeater1[0]<--->HoM1[0]
REAL
  0.356383  0.0024264 0.00668115   0.178563
 0.0024264   0.151596  0.0280533  0.0251541
0.00668115  0.0280533   0.148936  0.0131791
  0.178563  0.0251541  0.0131791   0.343085
IMAGINARY
           0    0.0127503 -0.000786358  -0.00511944
  -0.0127503            0   -0.0213289   -0.0208973
 0.000786358    0.0213289            0    0.0114844
  0.00511944    0.0208973   -0.0114844            0
EndNode1[0]<--->Repeater1[0]
REAL
   0.358655  0.00124793 -0.00138483    0.169119
 0.00124793    0.140722  0.00692036   -0.023065
-0.00138483  0.00692036    0.179328 -0.00980539
   0.169119   -0.023065 -0.00980539    0.321295
IMAGINARY
          0  0.00766361 -0.00163549  -0.0104524
-0.00766361           0  0.00535037  0.00029501
 0.00163549 -0.00535037           0   0.0231675
  0.0104524 -0.00029501  -0.0231675           0
EndNode2[0]<--->HoM1[0]
REAL
  0.364597 -0.0206549 -0.0128307   0.153189
-0.0206549   0.162483  0.0280282  0.0167989
-0.0128307  0.0280282   0.154557 -0.0137366
  0.153189  0.0167989 -0.0137366   0.318362
IMAGINARY
          0 -0.00425762   0.0363414  -0.0178828
 0.00425762           0 -0.00705482   0.0105136
 -0.0363414  0.00705482           0  -0.0246256
  0.0178828  -0.0105136   0.0246256           0
Repeater1[0]<--->EndNode1[0]
REAL
   0.358655 -0.00138483  0.00124793    0.169119
-0.00138483    0.179328  0.00692036 -0.00980539
 0.00124793  0.00692036    0.140722   -0.023065
   0.169119 -0.00980539   -0.023065    0.321295
IMAGINARY
          0 -0.00163549  0.00766361  -0.0104524
 0.00163549           0 -0.00535037   0.0231675
-0.00766361  0.00535037           0  0.00029501
  0.0104524  -0.0231675 -0.00029501           0
Repeater1[0]<--->HoM1[0]
REAL
  0.364597 -0.0128307 -0.0206549   0.153189
-0.0128307   0.154557  0.0280282 -0.0137366
-0.0206549  0.0280282   0.162483  0.0167989
  0.153189 -0.0137366  0.0167989   0.318362
IMAGINARY
          0   0.0363414 -0.00425762  -0.0178828
 -0.0363414           0  0.00705482  -0.0246256
 0.00425762 -0.00705482           0   0.0105136
  0.0178828   0.0246256  -0.0105136           0
EndNode1[0]<--->Repeater1[0]
REAL
   0.329365  -0.0135915  -0.0103127    0.162891
 -0.0135915     0.15873   0.0372431 0.000272572
 -0.0103127   0.0372431    0.169312 0.000873936
   0.162891 0.000272572 0.000873936    0.342593
IMAGINARY
           0    -0.011426   0.00436491   -0.0131024
    0.011426            0  -0.00928563  -0.00177424
 -0.00436491   0.00928563            0 -0.000232001
   0.0131024   0.00177424  0.000232001            0
EndNode2[0]<--->HoM1[0]
REAL
    0.338583 -0.000127393   -0.0129534     0.188699
-0.000127393     0.161417    0.0320803   -0.0117219
  -0.0129534    0.0320803     0.137795    0.0053222
    0.188699   -0.0117219    0.0053222     0.362205
IMAGINARY
          0  -0.0086549   0.0131551   0.0193229
  0.0086549           0   0.0229114   0.0150231
 -0.0131551  -0.0229114           0  0.00406775
 -0.0193229  -0.0150231 -0.00406775           0
Repeater1[0]<--->EndNode1[0]
REAL
   0.329365  -0.0103127  -0.0135915    0.162891
 -0.0103127    0.169312   0.0372431 0.000873936
 -0.0135915   0.0372431     0.15873 0.000272572
   0.162891 0.000873936 0.000272572    0.342593
IMAGINARY
           0   0.00436491    -0.011426   -0.0131024
 -0.00436491            0   0.00928563 -0.000232001
    0.011426  -0.00928563            0  -0.00177424
   0.0131024  0.000232001   0.00177424            0
Repeater1[0]<--->HoM1[0]
REAL
    0.338583   -0.0129534 -0.000127393     0.188699
  -0.0129534     0.137795    0.0320803    0.0053222
-0.000127393    0.0320803     0.161417   -0.0117219
    0.188699    0.0053222   -0.0117219     0.362205
IMAGINARY
          0   0.0131551  -0.0086549   0.0193229
 -0.0131551           0  -0.0229114  0.00406775
  0.0086549   0.0229114           0   0.0150231
 -0.0193229 -0.00406775  -0.0150231           0
EndNode1[0]<--->Repeater1[0]
REAL
   0.339309 -0.00641442 -0.00706033    0.138616
-0.00641442    0.179257   0.0301899  -0.0205392
-0.00706033   0.0301899    0.169014  -0.0057807
   0.138616  -0.0205392  -0.0057807     0.31242
IMAGINARY
          0  0.00194701 -0.00240002   0.0156777
-0.00194701           0   -0.018989  0.00549791
 0.00240002    0.018989           0 -8.8271e-05
 -0.0156777 -0.00549791  8.8271e-05           0
EndNode2[0]<--->HoM1[0]
REAL
   0.352357  0.00381995   0.0116287    0.168305
 0.00381995    0.158809    0.031817 -0.00122478
  0.0116287    0.031817    0.171216  -0.0166719
   0.168305 -0.00122478  -0.0166719    0.317618
IMAGINARY
           0  0.000242857  -0.00623687  -0.00705503
-0.000242857            0  -0.00886009   0.00143577
  0.00623687   0.00886009            0   0.00867347
  0.00705503  -0.00143577  -0.00867347            0
Repeater1[0]<--->EndNode1[0]
REAL
   0.339309 -0.00706033 -0.00641442    0.138616
-0.00706033    0.169014   0.0301899  -0.0057807
-0.00641442   0.0301899    0.179257  -0.0205392
   0.138616  -0.0057807  -0.0205392     0.31242
IMAGINARY
          0 -0.00240002  0.00194701   0.0156777
 0.00240002           0    0.018989 -8.8271e-05
-0.00194701   -0.018989           0  0.00549791
 -0.0156777  8.8271e-05 -0.00549791           0
Repeater1[0]<--->HoM1[0]
REAL
   0.352357   0.0116287  0.00381995    0.168305
  0.0116287    0.171216    0.031817  -0.0166719
 0.00381995    0.031817    0.158809 -0.00122478
   0.168305  -0.0166719 -0.00122478    0.317618
IMAGINARY
           0  -0.00623687  0.000242857  -0.00705503
  0.00623687            0   0.00886009   0.00867347
-0.000242857  -0.00886009            0   0.00143577
  0.00705503  -0.00867347  -0.00143577            0
EndNode1[0]<--->Repeater1[0]
REAL
   0.350133  -0.0323726 -0.00876403    0.142444
 -0.0323726     0.15252  0.00880623   -0.019986
-0.00876403  0.00880623     0.15252  -0.0126274
   0.142444   -0.019986  -0.0126274    0.344828
IMAGINARY
           0   0.00654203   -0.0113511    0.0146421
 -0.00654203            0    0.0127016  -0.00755368
   0.0113511   -0.0127016            0  0.000628762
  -0.0146421   0.00755368 -0.000628762            0
EndNode2[0]<--->HoM1[0]
REAL
    0.365691  -0.00167252    0.0177891     0.164186
 -0.00167252     0.159574     0.029976 -2.26037e-05
   0.0177891     0.029976     0.132979   0.00547963
    0.164186 -2.26037e-05   0.00547963     0.341755
IMAGINARY
          0   -0.010758 -0.00751943   0.0113859
   0.010758           0   0.0132446  -0.0122174
 0.00751943  -0.0132446           0 -0.00371572
 -0.0113859   0.0122174  0.00371572           0
Repeater1[0]<--->EndNode1[0]
REAL
   0.350133 -0.00876403  -0.0323726    0.142444
-0.00876403     0.15252  0.00880623  -0.0126274
 -0.0323726  0.00880623     0.15252   -0.019986
   0.142444  -0.0126274   -0.019986    0.344828
IMAGINARY
           0   -0.0113511   0.00654203    0.0146421
   0.0113511            0   -0.0127016  0.000628762
 -0.00654203    0.0127016            0  -0.00755368
  -0.0146421 -0.000628762   0.00755368            0
Repeater1[0]<--->HoM1[0]
REAL
    0.365691    0.0177891  -0.00167252     0.164186
   0.0177891     0.132979     0.029976   0.00547963
 -0.00167252     0.029976     0.159574 -2.26037e-05
    0.164186   0.00547963 -2.26037e-05     0.341755
IMAGINARY
          0 -0.00751943   -0.010758   0.0113859
 0.00751943           0  -0.0132446 -0.00371572
   0.010758   0.0132446           0  -0.0122174
 -0.0113859  0.00371572   0.0122174           0
EndNode1[0]<--->Repeater1[0]
REAL
   0.374185   0.0138887  -0.0027176    0.169365
  0.0138887    0.146023   0.0422684 -0.00842102
 -0.0027176   0.0422684    0.159061   0.0158143
   0.169365 -0.00842102   0.0158143     0.32073
IMAGINARY
          0   0.0273464   0.0191817 -0.00670138
 -0.0273464           0  -0.0028354  0.00210858
 -0.0191817   0.0028354           0  -0.0112174
 0.00670138 -0.00210858   0.0112174           0
EndNode2[0]<--->HoM1[0]
REAL
    0.348387   -0.0148046   -0.0181774     0.168249
  -0.0148046     0.150968    0.0498978 -0.000484101
  -0.0181774    0.0498978     0.163871   -0.0180139
    0.168249 -0.000484101   -0.0180139     0.336774
IMAGINARY
          0  0.00941362  0.00474973  -0.0180273
-0.00941362           0   -0.011617  0.00987793
-0.00474973    0.011617           0 -0.00675405
  0.0180273 -0.00987793  0.00675405           0
Repeater1[0]<--->EndNode1[0]
REAL
   0.374185  -0.0027176   0.0138887    0.169365
 -0.0027176    0.159061   0.0422684   0.0158143
  0.0138887   0.0422684    0.146023 -0.00842102
   0.169365   0.0158143 -0.00842102     0.32073
IMAGINARY
          0   0.0191817   0.0273464 -0.00670138
 -0.0191817           0   0.0028354  -0.0112174
 -0.0273464  -0.0028354           0  0.00210858
 0.00670138   0.0112174 -0.00210858           0
Repeater1[0]<--->HoM1[0]
REAL
    0.348387   -0.0181774   -0.0148046     0.168249
  -0.0181774     0.163871    0.0498978   -0.0180139
  -0.0148046    0.0498978     0.150968 -0.000484101
    0.168249   -0.0180139 -0.000484101     0.336774
IMAGINARY
          0  0.00474973  0.00941362  -0.0180273
-0.00474973           0    0.011617 -0.00675405
-0.00941362   -0.011617           0  0.00987793
  0.0180273  0.00675405 -0.00987793           0
EndNode1[0]<--->Repeater1[0]
REAL
   0.366271  -0.0110465  -0.0105583    0.134397
 -0.0110465    0.152833    0.040976 -0.00685462
 -0.0105583    0.040976    0.144928    0.019753
   0.134397 -0.00685462    0.019753    0.335968
IMAGINARY
          0  -0.0162132  -0.0403143 -0.00136833
  0.0162132           0 -0.00454495   0.0113669
  0.0403143  0.00454495           0  0.00437111
 0.00136833  -0.0113669 -0.00437111           0
EndNode2[0]<--->HoM1[0]
REAL
   0.354362  -0.0203895  -0.0150204    0.161012
 -0.0203895    0.163758   0.0356888  -0.0306649
 -0.0150204   0.0356888    0.148993 -0.00118415
   0.161012  -0.0306649 -0.00118415    0.332886
IMAGINARY
          0   0.0208231  0.00912468  0.00775194
 -0.0208231           0 -0.00775194  -0.0117087
-0.00912468  0.00775194           0   0.0127686
-0.00775194   0.0117087  -0.0127686           0
Repeater1[0]<--->EndNode1[0]
REAL
   0.366271  -0.0105583  -0.0110465    0.134397
 -0.0105583    0.144928    0.040976    0.019753
 -0.0110465    0.040976    0.152833 -0.00685462
   0.134397    0.019753 -0.00685462    0.335968
IMAGINARY
          0  -0.0403143  -0.0162132 -0.00136833
  0.0403143           0  0.00454495  0.00437111
  0.0162132 -0.00454495           0   0.0113669
 0.00136833 -0.00437111  -0.0113669           0
Repeater1[0]<--->HoM1[0]
REAL
   0.354362  -0.0150204  -0.0203895    0.161012
 -0.0150204    0.148993   0.0356888 -0.00118415
 -0.0203895   0.0356888    0.163758  -0.0306649
   0.161012 -0.00118415  -0.0306649    0.332886
IMAGINARY
          0  0.00912468   0.0208231  0.00775194
-0.00912468           0  0.00775194   0.0127686
 -0.0208231 -0.00775194           0  -0.0117087
-0.00775194  -0.0127686   0.0117087           0
EndNode1[0]<--->Repeater1[0]
REAL
   0.368354 0.000316056 -0.00255693    0.166046
0.000316056    0.160759   0.0343329 -0.00818897
-0.00255693   0.0343329    0.179747 0.000316056
   0.166046 -0.00818897 0.000316056    0.291139
IMAGINARY
          0  0.00733821   0.0109885 -0.00597321
-0.00733821           0  -0.0134174  -0.0122673
 -0.0109885   0.0134174           0  -0.0035019
 0.00597321   0.0122673   0.0035019           0
EndNode2[0]<--->HoM1[0]
REAL
   0.359416  -0.0125271  -0.0241799     0.16501
 -0.0125271    0.172414   0.0321472 -0.00734051
 -0.0241799   0.0321472    0.132626 -0.00292405
    0.16501 -0.00734051 -0.00292405    0.335544
IMAGINARY
           0  -0.00377352  0.000733417  -0.00536852
  0.00377352            0  -0.00600873   -0.0142122
-0.000733417   0.00600873            0   -0.0084216
  0.00536852    0.0142122    0.0084216            0
Repeater1[0]<--->EndNode1[0]
REAL
   0.368354 -0.00255693 0.000316056    0.166046
-0.00255693    0.179747   0.0343329 0.000316056
0.000316056   0.0343329    0.160759 -0.00818897
   0.166046 0.000316056 -0.00818897    0.291139
IMAGINARY
          0   0.0109885  0.00733821 -0.00597321
 -0.0109885           0   0.0134174  -0.0035019
-0.00733821  -0.0134174           0  -0.0122673
 0.00597321   0.0035019   0.0122673           0
Repeater1[0]<--->HoM1[0]
REAL
   0.359416  -0.0241799  -0.0125271     0.16501
 -0.0241799    0.132626   0.0321472 -0.00292405
 -0.0125271   0.0321472    0.172414 -0.00734051
    0.16501 -0.00292405 -0.00734051    0.335544
IMAGINARY
           0  0.000733417  -0.00377352  -0.00536852
-0.000733417            0   0.00600873   -0.0084216
  0.00377352  -0.00600873            0   -0.0142122
  0.00536852    0.0084216    0.0142122            0
EndNode1[0]<--->Repeater1[0]
REAL
   0.370968   0.0290417   0.0241634      0.1717
  0.0290417    0.151882   0.0452559  -0.0168202
  0.0241634   0.0452559    0.165323 -0.00834742
     0.1717  -0.0168202 -0.00834742    0.311828
IMAGINARY
          0 -0.00408689  0.00581473   0.0321844
 0.00408689           0   0.0149854 -0.00902398
-0.00581473  -0.0149854           0 -0.00939193
 -0.0321844  0.00902398  0.00939193           0
EndNode2[0]<--->HoM1[0]
REAL
   0.368681 -0.00354839   0.0140995    0.175901
-0.00354839    0.168927   0.0334012 -0.00763959
  0.0140995   0.0334012    0.106042  0.00354839
   0.175901 -0.00763959  0.00354839     0.35635
IMAGINARY
          0    -0.00125  -0.0108931  -0.0137711
    0.00125           0 -0.00484252  -0.0178569
  0.0108931  0.00484252           0      0.0075
  0.0137711   0.0178569     -0.0075           0
Repeater1[0]<--->EndNode1[0]
REAL
   0.370968   0.0241634   0.0290417      0.1717
  0.0241634    0.165323   0.0452559 -0.00834742
  0.0290417   0.0452559    0.151882  -0.0168202
     0.1717 -0.00834742  -0.0168202    0.311828
IMAGINARY
          0  0.00581473 -0.00408689   0.0321844
-0.00581473           0  -0.0149854 -0.00939193
 0.00408689   0.0149854           0 -0.00902398
 -0.0321844  0.00939193  0.00902398           0
Repeater1[0]<--->HoM1[0]
REAL
   0.368681   0.0140995 -0.00354839    0.175901
  0.0140995    0.106042   0.0334012  0.00354839
-0.00354839   0.0334012    0.168927 -0.00763959
   0.175901  0.00354839 -0.00763959     0.35635
IMAGINARY
          0  -0.0108931    -0.00125  -0.0137711
  0.0108931           0  0.00484252      0.0075
    0.00125 -0.00484252           0  -0.0178569
  0.0137711     -0.0075   0.0178569           0
EndNode1[0]<--->Repeater1[0]
REAL
   0.362809 -0.00607428 -0.00218039    0.155657
-0.00607428    0.131339   0.0127105    0.018762
-0.00218039   0.0127105    0.169051 -0.00795633
   0.155657    0.018762 -0.00795633    0.336801
IMAGINARY
          0   0.0125904  -0.0131174  -0.0075021
 -0.0125904           0  0.00154183  -0.0124756
  0.0131174 -0.00154183           0  0.00551193
  0.0075021   0.0124756 -0.00551193           0
EndNode2[0]<--->HoM1[0]
REAL
   0.359274    0.015505  0.00262854    0.188285
