EndNode1[0]<--->Repeater1[0]
REAL
   0.278137 -0.00318406   0.0125533   0.0889148
-0.00318406    0.235446   0.0547783  0.00760278
  0.0125533   0.0547783    0.219922  0.00253386
  0.0889148  0.00760278  0.00253386    0.266494
IMAGINARY
          0   0.0290402   0.0141382 -0.00441404
 -0.0290402           0   0.0115911   0.0039341
 -0.0141382  -0.0115911           0 -0.00159707
 0.00441404  -0.0039341  0.00159707           0
EndNode2[0]<--->HoM1[0]
REAL
    0.29471  -0.0128389 -0.00271869   0.0861637
 -0.0128389    0.211587    0.064143 -0.00525677
-0.00271869    0.064143    0.211587  -0.0209034
  0.0861637 -0.00525677  -0.0209034    0.282116
IMAGINARY
           0    0.0169191  0.000281706    0.0289049
  -0.0169191            0    0.0104352   0.00619498
-0.000281706   -0.0104352            0    0.0323037
  -0.0289049  -0.00619498   -0.0323037            0
Repeater1[0]<--->EndNode1[0]
REAL
   0.278137   0.0125533 -0.00318406   0.0889148
  0.0125533    0.219922   0.0547783  0.00253386
-0.00318406   0.0547783    0.235446  0.00760278
  0.0889148  0.00253386  0.00760278    0.266494
IMAGINARY
          0   0.0141382   0.0290402 -0.00441404
 -0.0141382           0  -0.0115911 -0.00159707
 -0.0290402   0.0115911           0   0.0039341
 0.00441404  0.00159707  -0.0039341           0
Repeater1[0]<--->HoM1[0]
REAL
    0.29471 -0.00271869  -0.0128389   0.0861637
-0.00271869    0.211587    0.064143  -0.0209034
 -0.0128389    0.064143    0.211587 -0.00525677
  0.0861637  -0.0209034 -0.00525677    0.282116
IMAGINARY
           0  0.000281706    0.0169191    0.0289049
-0.000281706            0   -0.0104352    0.0323037
  -0.0169191    0.0104352            0   0.00619498
  -0.0289049   -0.0323037  -0.00619498            0
EndNode1[0]<--->Repeater1[0]
REAL
   0.307097 -0.00156805 -0.00485633    0.110498
-0.00156805    0.234839   0.0442772  -0.0221862
-0.00485633   0.0442772    0.205161 -0.00706256
   0.110498  -0.0221862 -0.00706256    0.252903
IMAGINARY
           0  -0.00939773  -0.00784968 -2.24362e-05
  0.00939773            0    0.0108332  -4.8258e-05
  0.00784968   -0.0108332            0   -0.0106509
 2.24362e-05   4.8258e-05    0.0106509            0
EndNode2[0]<--->HoM1[0]
REAL
   0.292105   0.0113781 -0.00803714    0.129094
  0.0113781    0.247368   0.0472984   0.0133422
-0.00803714   0.0472984    0.217105 -0.00872562
   0.129094   0.0133422 -0.00872562    0.243421
IMAGINARY
           0    0.0133203   -0.0006464 -0.000356571
  -0.0133203            0    0.0121286   -0.0098087
   0.0006464   -0.0121286            0 -0.000405181
 0.000356571    0.0098087  0.000405181            0
Repeater1[0]<--->EndNode1[0]
REAL
   0.307097 -0.00485633 -0.00156805    0.110498
-0.00485633    0.205161   0.0442772 -0.00706256
-0.00156805   0.0442772    0.234839  -0.0221862
   0.110498 -0.00706256  -0.0221862    0.252903
IMAGINARY
           0  -0.00784968  -0.00939773 -2.24362e-05
  0.00784968            0   -0.0108332   -0.0106509
  0.00939773    0.0108332            0  -4.8258e-05
 2.24362e-05    0.0106509   4.8258e-05            0
Repeater1[0]<--->HoM1[0]
REAL
   0.292105 -0.00803714   0.0113781    0.129094
-0.00803714    0.217105   0.0472984 -0.00872562
  0.0113781   0.0472984    0.247368   0.0133422
   0.129094 -0.00872562   0.0133422    0.243421
IMAGINARY
           0   -0.0006464    0.0133203 -0.000356571
   0.0006464            0   -0.0121286 -0.000405181
  -0.0133203    0.0121286            0   -0.0098087
 0.000356571  0.000405181    0.0098087            0
EndNode1[0]<--->Repeater1[0]
REAL
   0.288092 -0.00801221  -0.0064405   0.0843817
-0.00801221    0.226633   0.0510484 -0.00575463
 -0.0064405   0.0510484     0.21767  -0.0093177
  0.0843817 -0.00575463  -0.0093177    0.267606
IMAGINARY
          0  0.00274064   0.0177728  0.00371899
-0.00274064           0  0.00496587 -0.00274007
 -0.0177728 -0.00496587           0 -0.00862299
-0.00371899  0.00274007  0.00862299           0
EndNode2[0]<--->HoM1[0]
REAL
   0.300874 -0.00390629  0.00202034   0.0780109
-0.00390629    0.210986   0.0349729   0.0123367
 0.00202034   0.0349729    0.210986  0.00577894
  0.0780109   0.0123367  0.00577894    0.277154
IMAGINARY
          0  -0.0175664  0.00792299  0.00036099
  0.0175664           0   0.0149113   0.0262542
-0.00792299  -0.0149113           0  -0.0102817
-0.00036099  -0.0262542   0.0102817           0
Repeater1[0]<--->EndNode1[0]
REAL
   0.288092  -0.0064405 -0.00801221   0.0843817
 -0.0064405     0.21767   0.0510484  -0.0093177
-0.00801221   0.0510484    0.226633 -0.00575463
  0.0843817  -0.0093177 -0.00575463    0.267606
IMAGINARY
          0   0.0177728  0.00274064  0.00371899
 -0.0177728           0 -0.00496587 -0.00862299
-0.00274064  0.00496587           0 -0.00274007
-0.00371899  0.00862299  0.00274007           0
Repeater1[0]<--->HoM1[0]
REAL
   0.300874  0.00202034 -0.00390629   0.0780109
 0.00202034    0.210986   0.0349729  0.00577894
-0.00390629   0.0349729    0.210986   0.0123367
  0.0780109  0.00577894   0.0123367    0.277154
IMAGINARY
          0  0.00792299  -0.0175664  0.00036099
-0.00792299           0  -0.0149113  -0.0102817
  0.0175664   0.0149113           0   0.0262542
-0.00036099   0.0102817  -0.0262542           0
EndNode1[0]<--->Repeater1[0]
REAL
   0.26988  0.0144565  0.0275183   0.110637
 0.0144565   0.246988  0.0354157 -0.0380446
 0.0275183  0.0354157   0.193976 0.00791196
  0.110637 -0.0380446 0.00791196   0.289157
IMAGINARY
           0  -0.00403977  0.000230721  -0.00320403
  0.00403977            0  -0.00978298   -0.0147693
-0.000230721   0.00978298            0  -0.00923457
  0.00320403    0.0147693   0.00923457            0
EndNode2[0]<--->HoM1[0]
REAL
   0.28875 0.00746349 0.00859397  0.0961999
0.00746349       0.23  0.0259081   0.017113
0.00859397  0.0259081    0.21375 -0.0151756
 0.0961999   0.017113 -0.0151756     0.2675
IMAGINARY
          0  0.00245187  -0.0109687  0.00186727
-0.00245187           0  0.00596563  -0.0115777
  0.0109687 -0.00596563           0   0.0227471
-0.00186727   0.0115777  -0.0227471           0
Repeater1[0]<--->EndNode1[0]
REAL
   0.26988  0.0275183  0.0144565   0.110637
 0.0275183   0.193976  0.0354157 0.00791196
 0.0144565  0.0354157   0.246988 -0.0380446
  0.110637 0.00791196 -0.0380446   0.289157
IMAGINARY
           0  0.000230721  -0.00403977  -0.00320403
-0.000230721            0   0.00978298  -0.00923457
  0.00403977  -0.00978298            0   -0.0147693
  0.00320403   0.00923457    0.0147693            0
Repeater1[0]<--->HoM1[0]
REAL
   0.28875 0.00859397 0.00746349  0.0961999
0.00859397    0.21375  0.0259081 -0.0151756
0.00746349  0.0259081       0.23   0.017113
 0.0961999 -0.0151756   0.017113     0.2675
IMAGINARY
          0  -0.0109687  0.00245187  0.00186727
  0.0109687           0 -0.00596563   0.0227471
-0.00245187  0.00596563           0  -0.0115777
-0.00186727  -0.0227471   0.0115777           0
EndNode1[0]<--->Repeater1[0]
REAL
   0.307311   0.0182996 -0.00977114   0.0904427
  0.0182996    0.244114   0.0395841   0.0151331
-0.00977114   0.0395841    0.201983   0.0031481
  0.0904427   0.0151331   0.0031481    0.246592
IMAGINARY
          0   0.0179155   0.0216849 -0.00418635
 -0.0179155           0  -0.0141864 -0.00649335
 -0.0216849   0.0141864           0  0.00652308
 0.00418635  0.00649335 -0.00652308           0
EndNode2[0]<--->HoM1[0]
REAL
   0.311787  -0.0137014 -0.00926342   0.0881062
 -0.0137014    0.193916    0.037362 -0.00259675
-0.00926342    0.037362    0.212928  -0.0156369
  0.0881062 -0.00259675  -0.0156369    0.281369
IMAGINARY
          0 -0.00169806   0.0218146 -0.00227814
 0.00169806           0  0.00485546  0.00186606
 -0.0218146 -0.00485546           0  -0.0138635
 0.00227814 -0.00186606   0.0138635           0
Repeater1[0]<--->EndNode1[0]
REAL
   0.307311 -0.00977114   0.0182996   0.0904427
-0.00977114    0.201983   0.0395841   0.0031481
  0.0182996   0.0395841    0.244114   0.0151331
  0.0904427   0.0031481   0.0151331    0.246592
IMAGINARY
          0   0.0216849   0.0179155 -0.00418635
 -0.0216849           0   0.0141864  0.00652308
 -0.0179155  -0.0141864           0 -0.00649335
 0.00418635 -0.00652308  0.00649335           0
Repeater1[0]<--->HoM1[0]
REAL
   0.311787 -0.00926342  -0.0137014   0.0881062
-0.00926342    0.212928    0.037362  -0.0156369
 -0.0137014    0.037362    0.193916 -0.00259675
  0.0881062  -0.0156369 -0.00259675    0.281369
IMAGINARY
          0   0.0218146 -0.00169806 -0.00227814
 -0.0218146           0 -0.00485546  -0.0138635
 0.00169806  0.00485546           0  0.00186606
 0.00227814   0.0138635 -0.00186606           0
EndNode1[0]<--->Repeater1[0]
REAL
   0.294805   0.0162962 -0.00362137    0.105843
  0.0162962    0.228571   0.0589296   0.0192464
-0.00362137   0.0589296    0.224675 -0.00919396
   0.105843   0.0192464 -0.00919396    0.251948
IMAGINARY
          0 -0.00341253  -0.0117212   0.0105968
 0.00341253           0  -0.0151246  0.00307927
  0.0117212   0.0151246           0 -0.00152574
 -0.0105968 -0.00307927  0.00152574           0
EndNode2[0]<--->HoM1[0]
REAL
   0.308876  0.00892907   0.0107093   0.0987787
 0.00892907    0.236686   0.0470546   0.0179366
  0.0107093   0.0470546    0.211834 -0.00372073
  0.0987787   0.0179366 -0.00372073    0.242604
IMAGINARY
           0   0.00226372   0.00389603    0.0119103
 -0.00226372            0  -0.00019158 -0.000703182
 -0.00389603   0.00019158            0  -0.00673371
  -0.0119103  0.000703182   0.00673371            0
Repeater1[0]<--->EndNode1[0]
REAL
   0.294805 -0.00362137   0.0162962    0.105843
-0.00362137    0.224675   0.0589296 -0.00919396
  0.0162962   0.0589296    0.228571   0.0192464
   0.105843 -0.00919396   0.0192464    0.251948
IMAGINARY
          0  -0.0117212 -0.00341253   0.0105968
  0.0117212           0   0.0151246 -0.00152574
 0.00341253  -0.0151246           0  0.00307927
 -0.0105968  0.00152574 -0.00307927           0
Repeater1[0]<--->HoM1[0]
REAL
   0.308876   0.0107093  0.00892907   0.0987787
  0.0107093    0.211834   0.0470546 -0.00372073
 0.00892907   0.0470546    0.236686   0.0179366
  0.0987787 -0.00372073   0.0179366    0.242604
IMAGINARY
           0   0.00389603   0.00226372    0.0119103
 -0.00389603            0   0.00019158  -0.00673371
 -0.00226372  -0.00019158            0 -0.000703182
  -0.0119103   0.00673371  0.000703182            0
EndNode1[0]<--->Repeater1[0]
REAL
   0.325521 -0.00989807   0.0123017   0.0985212
-0.00989807    0.203125   0.0603633 -0.00646509
  0.0123017   0.0603633     0.21875  -0.0192848
  0.0985212 -0.00646509  -0.0192848    0.252604
IMAGINARY
          0  -0.0100507 -0.00145899 -0.00373509
  0.0100507           0 -0.00245303   0.0119853
 0.00145899  0.00245303           0 -0.00179145
 0.00373509  -0.0119853  0.00179145           0
EndNode2[0]<--->HoM1[0]
REAL
   0.304862   0.0166365 -0.00508466    0.105268
  0.0166365    0.206307   0.0429275   0.0192599
-0.00508466   0.0429275     0.22339  0.00140472
   0.105268   0.0192599  0.00140472     0.26544
IMAGINARY
          0 -0.00699095 -0.00256987  -0.0115604
 0.00699095           0  -0.0237556  -0.0165141
 0.00256987   0.0237556           0 -0.00954849
  0.0115604   0.0165141  0.00954849           0
Repeater1[0]<--->EndNode1[0]
REAL
   0.325521   0.0123017 -0.00989807   0.0985212
  0.0123017     0.21875   0.0603633  -0.0192848
-0.00989807   0.0603633    0.203125 -0.00646509
  0.0985212  -0.0192848 -0.00646509    0.252604
IMAGINARY
          0 -0.00145899  -0.0100507 -0.00373509
 0.00145899           0  0.00245303 -0.00179145
  0.0100507 -0.00245303           0   0.0119853
 0.00373509  0.00179145  -0.0119853           0
Repeater1[0]<--->HoM1[0]
REAL
   0.304862 -0.00508466   0.0166365    0.105268
-0.00508466     0.22339   0.0429275  0.00140472
  0.0166365   0.0429275    0.206307   0.0192599
   0.105268  0.00140472   0.0192599     0.26544
IMAGINARY
          0 -0.00256987 -0.00699095  -0.0115604
 0.00256987           0   0.0237556 -0.00954849
 0.00699095  -0.0237556           0  -0.0165141
  0.0115604  0.00954849   0.0165141           0
EndNode1[0]<--->Repeater1[0]
REAL
    0.277427   -0.0136502 -0.000936446    0.0944242
  -0.0136502     0.223203    0.0295758   0.00360311
-0.000936446    0.0295758     0.214376    0.0109836
   0.0944242   0.00360311    0.0109836     0.284994
IMAGINARY
          0   0.0185327 -0.00716912  -0.0120865
 -0.0185327           0  -0.0019084   0.0211085
 0.00716912   0.0019084           0  -0.0288357
  0.0120865  -0.0211085   0.0288357           0
EndNode2[0]<--->HoM1[0]
REAL
    0.28475 0.000865597  -0.0165934    0.120729
0.000865597    0.202429   0.0217643 -0.00121828
 -0.0165934   0.0217643    0.241565   0.0207629
   0.120729 -0.00121828   0.0207629    0.271255
IMAGINARY
          0  0.00501358   0.0070456 -0.00298553
-0.00501358           0  0.00424181  -0.0154544
 -0.0070456 -0.00424181           0   0.0163318
 0.00298553   0.0154544  -0.0163318           0
Repeater1[0]<--->EndNode1[0]
REAL
    0.277427 -0.000936446   -0.0136502    0.0944242
-0.000936446     0.214376    0.0295758    0.0109836
  -0.0136502    0.0295758     0.223203   0.00360311
   0.0944242    0.0109836   0.00360311     0.284994
IMAGINARY
          0 -0.00716912   0.0185327  -0.0120865
 0.00716912           0   0.0019084  -0.0288357
 -0.0185327  -0.0019084           0   0.0211085
  0.0120865   0.0288357  -0.0211085           0
Repeater1[0]<--->HoM1[0]
REAL
    0.28475  -0.0165934 0.000865597    0.120729
 -0.0165934    0.241565   0.0217643   0.0207629
0.000865597   0.0217643    0.202429 -0.00121828
   0.120729   0.0207629 -0.00121828    0.271255
IMAGINARY
          0   0.0070456  0.00501358 -0.00298553
 -0.0070456           0 -0.00424181   0.0163318
-0.00501358  0.00424181           0  -0.0154544
 0.00298553  -0.0163318   0.0154544           0
EndNode1[0]<--->Repeater1[0]
REAL
   0.287273  0.00295141   0.0257744    0.106347
 0.00295141    0.238788   0.0464484   -0.021223
  0.0257744   0.0464484    0.226667 -0.00490199
   0.106347   -0.021223 -0.00490199    0.247273
IMAGINARY
          0  -0.0212061 -0.00794967 -0.00416174
  0.0212061           0   0.0164568   0.0237126
 0.00794967  -0.0164568           0 -0.00590618
 0.00416174  -0.0237126  0.00590618           0
EndNode2[0]<--->HoM1[0]
REAL
  0.324873 0.00917712 -0.0198051   0.106441
0.00917712   0.204315  0.0611021  0.0230903
-0.0198051  0.0611021   0.200508 0.00593458
  0.106441  0.0230903 0.00593458   0.270305
IMAGINARY
          0  -0.0113614  0.00795968    -0.00627
  0.0113614           0   0.0133122  -0.0111525
-0.00795968  -0.0133122           0  0.00944568
    0.00627   0.0111525 -0.00944568           0
Repeater1[0]<--->EndNode1[0]
REAL
   0.287273   0.0257744  0.00295141    0.106347
  0.0257744    0.226667   0.0464484 -0.00490199
 0.00295141   0.0464484    0.238788   -0.021223
   0.106347 -0.00490199   -0.021223    0.247273
IMAGINARY
          0 -0.00794967  -0.0212061 -0.00416174
 0.00794967           0  -0.0164568 -0.00590618
  0.0212061   0.0164568           0   0.0237126
 0.00416174  0.00590618  -0.0237126           0
Repeater1[0]<--->HoM1[0]
REAL
  0.324873 -0.0198051 0.00917712   0.106441
-0.0198051   0.200508  0.0611021 0.00593458
0.00917712  0.0611021   0.204315  0.0230903
  0.106441 0.00593458  0.0230903   0.270305
IMAGINARY
          0  0.00795968  -0.0113614    -0.00627
-0.00795968           0  -0.0133122  0.00944568
  0.0113614   0.0133122           0  -0.0111525
    0.00627 -0.00944568   0.0111525           0
EndNode1[0]<--->Repeater1[0]
REAL
   0.314176 -0.00393094  0.00996676     0.10941
-0.00393094    0.208174   0.0372649 -0.00409974
 0.00996676   0.0372649    0.218391   0.0111017
    0.10941 -0.00409974   0.0111017    0.259259
IMAGINARY
          0 -0.00224852  -0.0102227   0.0238045
 0.00224852           0   -0.010984   0.0020671
  0.0102227    0.010984           0 -0.00590706
 -0.0238045  -0.0020671  0.00590706           0
EndNode2[0]<--->HoM1[0]
REAL
  0.289373 0.00475067  0.0181733   0.088268
0.00475067   0.212548  0.0341279 -0.0194753
 0.0181733  0.0341279   0.203585  0.0121764
  0.088268 -0.0194753  0.0121764   0.294494
IMAGINARY
           0    0.0116589    0.0053543   0.00962202
  -0.0116589            0   0.00761935 -0.000895701
  -0.0053543  -0.00761935            0  -0.00337867
 -0.00962202  0.000895701   0.00337867            0
Repeater1[0]<--->EndNode1[0]
REAL
   0.314176  0.00996676 -0.00393094     0.10941
 0.00996676    0.218391   0.0372649   0.0111017
-0.00393094   0.0372649    0.208174 -0.00409974
    0.10941   0.0111017 -0.00409974    0.259259
IMAGINARY
          0  -0.0102227 -0.00224852   0.0238045
  0.0102227           0    0.010984 -0.00590706
 0.00224852   -0.010984           0   0.0020671
 -0.0238045  0.00590706  -0.0020671           0
Repeater1[0]<--->HoM1[0]
REAL
  0.289373  0.0181733 0.00475067   0.088268
 0.0181733   0.203585  0.0341279  0.0121764
0.00475067  0.0341279   0.212548 -0.0194753
  0.088268  0.0121764 -0.0194753   0.294494
IMAGINARY
           0    0.0053543    0.0116589   0.00962202
  -0.0053543            0  -0.00761935  -0.00337867
  -0.0116589   0.00761935            0 -0.000895701
 -0.00962202   0.00337867  0.000895701            0
EndNode1[0]<--->Repeater1[0]
REAL
   0.315663           0   0.0274387    0.116227
          0    0.198795    0.049993 -0.00330999
  0.0274387    0.049993     0.23494  0.00134048
   0.116227 -0.00330999  0.00134048    0.250602
IMAGINARY
           0  0.000256431  -0.00491248  0.000927044
-0.000256431            0   -0.0133959  -0.00677583
  0.00491248    0.0133959            0  -0.00674994
-0.000927044   0.00677583   0.00674994            0
EndNode2[0]<--->HoM1[0]
REAL
   0.308411  0.00790766 -0.00448484   0.0913498
 0.00790766    0.201602    0.056556 -0.00991307
-0.00448484    0.056556    0.222964   0.0182704
  0.0913498 -0.00991307   0.0182704    0.267023
IMAGINARY
          0  -0.0142307  0.00602562  0.00892774
  0.0142307           0   0.0181528   0.0236136
-0.00602562  -0.0181528           0  -0.0115425
-0.00892774  -0.0236136   0.0115425           0
Repeater1[0]<--->EndNode1[0]
REAL
   0.315663   0.0274387           0    0.116227
  0.0274387     0.23494    0.049993  0.00134048
          0    0.049993    0.198795 -0.00330999
   0.116227  0.00134048 -0.00330999    0.250602
IMAGINARY
           0  -0.00491248  0.000256431  0.000927044
  0.00491248            0    0.0133959  -0.00674994
-0.000256431   -0.0133959            0  -0.00677583
-0.000927044   0.00674994   0.00677583            0
Repeater1[0]<--->HoM1[0]
REAL
   0.308411 -0.00448484  0.00790766   0.0913498
-0.00448484    0.222964    0.056556   0.0182704
 0.00790766    0.056556    0.201602 -0.00991307
  0.0913498   0.0182704 -0.00991307    0.267023
IMAGINARY
          0  0.00602562  -0.0142307  0.00892774
-0.00602562           0  -0.0181528  -0.0115425
  0.0142307   0.0181528           0   0.0236136
-0.00892774   0.0115425  -0.0236136           0
EndNode1[0]<--->Repeater1[0]
REAL
    0.294925    0.0253079    0.0169227    0.0939342
   0.0253079     0.226337    0.0488362   -0.0187453
   0.0169227    0.0488362     0.237311 -0.000399035
   0.0939342   -0.0187453 -0.000399035     0.241427
IMAGINARY
          0 -0.00831597  -0.0123834  0.00128808
 0.00831597           0    0.010722   0.0143441
  0.0123834   -0.010722           0  0.00896956
-0.00128808  -0.0143441 -0.00896956           0
EndNode2[0]<--->HoM1[0]
REAL
   0.310429   -0.010481 -0.00810458    0.111747
  -0.010481    0.230675   0.0650978  -0.0326079
-0.00810458   0.0650978    0.218405  0.00539198
   0.111747  -0.0326079  0.00539198    0.240491
IMAGINARY
          0  -0.0175055   0.0033084  0.00478684
  0.0175055           0  0.00286622   0.0210017
 -0.0033084 -0.00286622           0 -0.00811872
-0.00478684  -0.0210017  0.00811872           0
Repeater1[0]<--->EndNode1[0]
REAL
    0.294925    0.0169227    0.0253079    0.0939342
   0.0169227     0.237311    0.0488362 -0.000399035
   0.0253079    0.0488362     0.226337   -0.0187453
   0.0939342 -0.000399035   -0.0187453     0.241427
IMAGINARY
          0  -0.0123834 -0.00831597  0.00128808
  0.0123834           0   -0.010722  0.00896956
 0.00831597    0.010722           0   0.0143441
-0.00128808 -0.00896956  -0.0143441           0
Repeater1[0]<--->HoM1[0]
REAL
   0.310429 -0.00810458   -0.010481    0.111747
-0.00810458    0.218405   0.0650978  0.00539198
  -0.010481   0.0650978    0.230675  -0.0326079
   0.111747  0.00539198  -0.0326079    0.240491
IMAGINARY
          0   0.0033084  -0.0175055  0.00478684
 -0.0033084           0 -0.00286622 -0.00811872
  0.0175055  0.00286622           0   0.0210017
-0.00478684  0.00811872  -0.0210017           0
EndNode1[0]<--->Repeater1[0]
REAL
   0.303947 -0.00222312 -0.00573051    0.100034
-0.00222312    0.203947   0.0316796  -0.0160086
-0.00573051   0.0316796    0.223684  0.00861699
   0.100034  -0.0160086  0.00861699    0.268421
IMAGINARY
          0  -0.0193141  -0.0126451   0.0122316
  0.0193141           0  0.00595021    0.041759
  0.0126451 -0.00595021           0  -0.0186605
 -0.0122316   -0.041759   0.0186605           0
EndNode2[0]<--->HoM1[0]
REAL
  0.271338 -0.0250216 -0.0152239   0.113364
-0.0250216   0.225478  0.0393612  0.0196599
-0.0152239  0.0393612   0.219108 0.00157417
  0.113364  0.0196599 0.00157417   0.284076
IMAGINARY
           0  -0.00381662   -0.0166288   -0.0113262
  0.00381662            0   -0.0160623 -0.000745708
   0.0166288    0.0160623            0   -0.0161319
   0.0113262  0.000745708    0.0161319            0
Repeater1[0]<--->EndNode1[0]
REAL
   0.303947 -0.00573051 -0.00222312    0.100034
-0.00573051    0.223684   0.0316796  0.00861699
-0.00222312   0.0316796    0.203947  -0.0160086
   0.100034  0.00861699  -0.0160086    0.268421
IMAGINARY
          0  -0.0126451  -0.0193141   0.0122316
  0.0126451           0 -0.00595021  -0.0186605
  0.0193141  0.00595021           0    0.041759
 -0.0122316   0.0186605   -0.041759           0
Repeater1[0]<--->HoM1[0]
REAL
  0.271338 -0.0152239 -0.0250216   0.113364
-0.0152239   0.219108  0.0393612 0.00157417
-0.0250216  0.0393612   0.225478  0.0196599
  0.113364 0.00157417  0.0196599   0.284076
IMAGINARY
           0   -0.0166288  -0.00381662   -0.0113262
   0.0166288            0    0.0160623   -0.0161319
  0.00381662   -0.0160623            0 -0.000745708
   0.0113262    0.0161319  0.000745708            0
EndNode1[0]<--->Repeater1[0]
REAL
  0.297262 -0.0102126 0.00944328  0.0697804
-0.0102126   0.211213  0.0434646  -0.014079
0.00944328  0.0434646   0.219035 0.00557686
 0.0697804  -0.014079 0.00557686    0.27249
IMAGINARY
          0  0.00791535 -0.00524249  0.00154697
-0.00791535           0  0.00091003  0.00261091
 0.00524249 -0.00091003           0   0.0131373
-0.00154697 -0.00261091  -0.0131373           0
EndNode2[0]<--->HoM1[0]
REAL
  0.253927  0.0179414 0.00291489  0.0908552
 0.0179414   0.234293  0.0339831 0.00420024
0.00291489  0.0339831    0.21466 0.00211031
 0.0908552 0.00420024 0.00211031    0.29712
IMAGINARY
           0  0.000731416  -0.00499028  -0.00334194
-0.000731416            0  -0.00271459   -0.0210761
  0.00499028   0.00271459            0   0.00637759
  0.00334194    0.0210761  -0.00637759            0
Repeater1[0]<--->EndNode1[0]
REAL
  0.297262 0.00944328 -0.0102126  0.0697804
0.00944328   0.219035  0.0434646 0.00557686
-0.0102126  0.0434646   0.211213  -0.014079
 0.0697804 0.00557686  -0.014079    0.27249
IMAGINARY
          0 -0.00524249  0.00791535  0.00154697
 0.00524249           0 -0.00091003   0.0131373
-0.00791535  0.00091003           0  0.00261091
-0.00154697  -0.0131373 -0.00261091           0
Repeater1[0]<--->HoM1[0]
REAL
  0.253927 0.00291489  0.0179414  0.0908552
0.00291489    0.21466  0.0339831 0.00211031
 0.0179414  0.0339831   0.234293 0.00420024
 0.0908552 0.00211031 0.00420024    0.29712
IMAGINARY
           0  -0.00499028  0.000731416  -0.00334194
  0.00499028            0   0.00271459   0.00637759
-0.000731416  -0.00271459            0   -0.0210761
  0.00334194  -0.00637759    0.0210761            0
EndNode1[0]<--->Repeater1[0]
REAL
   0.335467 -0.00497862   0.0104244   0.0944778
-0.00497862    0.239437     0.05469  0.00173951
  0.0104244     0.05469    0.198464  -0.0161481
  0.0944778  0.00173951  -0.0161481    0.226633
IMAGINARY
          0 -0.00303098  0.00430288 -0.00416243
 0.00303098           0  -0.0129107  -0.0069554
-0.00430288   0.0129107           0   0.0176198
 0.00416243   0.0069554  -0.0176198           0
EndNode2[0]<--->HoM1[0]
REAL
   0.277926  -0.0154402  -0.0108449   0.0806593
 -0.0154402    0.238032   0.0422915 -0.00828079
 -0.0108449   0.0422915     0.18484   0.0154402
  0.0806593 -0.00828079   0.0154402    0.299202
IMAGINARY
           0   -0.0151278  0.000193313    0.0146067
   0.0151278            0   -0.0196572     0.015032
-0.000193313    0.0196572            0    0.0230449
  -0.0146067    -0.015032   -0.0230449            0
Repeater1[0]<--->EndNode1[0]
REAL
   0.335467   0.0104244 -0.00497862   0.0944778
  0.0104244    0.198464     0.05469  -0.0161481
-0.00497862     0.05469    0.239437  0.00173951
  0.0944778  -0.0161481  0.00173951    0.226633
IMAGINARY
          0  0.00430288 -0.00303098 -0.00416243
-0.00430288           0   0.0129107   0.0176198
 0.00303098  -0.0129107           0  -0.0069554
 0.00416243  -0.0176198   0.0069554           0
Repeater1[0]<--->HoM1[0]
REAL
   0.277926  -0.0108449  -0.0154402   0.0806593
 -0.0108449     0.18484   0.0422915   0.0154402
 -0.0154402   0.0422915    0.238032 -0.00828079
  0.0806593   0.0154402 -0.00828079    0.299202
IMAGINARY
           0  0.000193313   -0.0151278    0.0146067
-0.000193313            0    0.0196572    0.0230449
   0.0151278   -0.0196572            0     0.015032
  -0.0146067   -0.0230449    -0.015032            0
EndNode1[0]<--->Repeater1[0]
REAL
   0.278055  -0.0112027 -0.00430845   0.0923794
 -0.0112027    0.240648    0.029104 -0.00975804
-0.00430845    0.029104    0.208229  -0.0182091
  0.0923794 -0.00975804  -0.0182091    0.273067
IMAGINARY
          0  -0.0109998 -0.00982041   0.0127675
  0.0109998           0  -0.0192275 -0.00134584
 0.00982041   0.0192275           0   0.0122405
 -0.0127675  0.00134584  -0.0122405           0
EndNode2[0]<--->HoM1[0]
REAL
    0.279221  -0.00411034   0.00217103     0.113308
 -0.00411034      0.22987    0.0327881 -0.000911584
  0.00217103    0.0327881     0.218182  -0.00344633
    0.113308 -0.000911584  -0.00344633     0.272727
IMAGINARY
          0 -0.00713453  0.00371412  0.00481725
 0.00713453           0  -0.0191776   0.0183638
-0.00371412   0.0191776           0 -0.00585248
-0.00481725  -0.0183638  0.00585248           0
Repeater1[0]<--->EndNode1[0]
REAL
   0.278055 -0.00430845  -0.0112027   0.0923794
-0.00430845    0.208229    0.029104  -0.0182091
 -0.0112027    0.029104    0.240648 -0.00975804
  0.0923794  -0.0182091 -0.00975804    0.273067
IMAGINARY
          0 -0.00982041  -0.0109998   0.0127675
 0.00982041           0   0.0192275   0.0122405
  0.0109998  -0.0192275           0 -0.00134584
 -0.0127675  -0.0122405  0.00134584           0
Repeater1[0]<--->HoM1[0]
REAL
    0.279221   0.00217103  -0.00411034     0.113308
  0.00217103     0.218182    0.0327881  -0.00344633
 -0.00411034    0.0327881      0.22987 -0.000911584
    0.113308  -0.00344633 -0.000911584     0.272727
IMAGINARY
          0  0.00371412 -0.00713453  0.00481725
-0.00371412           0   0.0191776 -0.00585248
 0.00713453  -0.0191776           0   0.0183638
-0.00481725  0.00585248  -0.0183638           0
EndNode1[0]<--->Repeater1[0]
REAL
  0.306176 -0.0247622 0.00466742   0.100529
-0.0247622   0.212878  0.0316976 -0.0126625
0.00466742  0.0316976   0.235217 0.00815704
  0.100529 -0.0126625 0.00815704   0.245729
IMAGINARY
          0  -0.0193171  0.00990158  -0.0184604
  0.0193171           0 -0.00117314  0.00178673
-0.00990158  0.00117314           0 -0.00276082
  0.0184604 -0.00178673  0.00276082           0
EndNode2[0]<--->HoM1[0]
REAL
   0.256774  0.00272618 -0.00192719   0.0906071
 0.00272618    0.221935   0.0638431 -0.00330841
-0.00192719   0.0638431    0.220645  -0.0131974
  0.0906071 -0.00330841  -0.0131974    0.300645
IMAGINARY
          0   0.0212724   0.0182551  -0.0129182
 -0.0212724           0   0.0147862  0.00364268
 -0.0182551  -0.0147862           0 -0.00302425
  0.0129182 -0.00364268  0.00302425           0
Repeater1[0]<--->EndNode1[0]
REAL
  0.306176 0.00466742 -0.0247622   0.100529
0.00466742   0.235217  0.0316976 0.00815704
-0.0247622  0.0316976   0.212878 -0.0126625
  0.100529 0.00815704 -0.0126625   0.245729
IMAGINARY
          0  0.00990158  -0.0193171  -0.0184604
-0.00990158           0  0.00117314 -0.00276082
  0.0193171 -0.00117314           0  0.00178673
  0.0184604  0.00276082 -0.00178673           0
Repeater1[0]<--->HoM1[0]
REAL
   0.256774 -0.00192719  0.00272618   0.0906071
-0.00192719    0.220645   0.0638431  -0.0131974
 0.00272618   0.0638431    0.221935 -0.00330841
  0.0906071  -0.0131974 -0.00330841    0.300645
IMAGINARY
          0   0.0182551   0.0212724  -0.0129182
 -0.0182551           0  -0.0147862 -0.00302425
 -0.0212724   0.0147862           0  0.00364268
  0.0129182  0.00302425 -0.00364268           0
EndNode1[0]<--->Repeater1[0]
REAL
  0.296978 0.00776614  0.0044852   0.103358
0.00776614   0.226018  0.0392223 0.00648254
 0.0044852  0.0392223   0.226018 -0.0109919
  0.103358 0.00648254 -0.0109919   0.250986
IMAGINARY
           0    0.0063788    0.0121951   0.00126588
  -0.0063788            0 -0.000625673   -0.0121951
  -0.0121951  0.000625673            0   -0.0076877
 -0.00126588    0.0121951    0.0076877            0
EndNode2[0]<--->HoM1[0]
REAL
    0.272977  -0.00775134    0.0129188    0.0908526
 -0.00775134     0.257888    0.0428372   0.00847155
   0.0129188    0.0428372     0.207133 -0.000270047
   0.0908526   0.00847155 -0.000270047     0.262003
IMAGINARY
          0  0.00611669   0.0102011   0.0125448
-0.00611669           0  -0.0229075  0.00196281
 -0.0102011   0.0229075           0 -0.00163525
 -0.0125448 -0.00196281  0.00163525           0
Repeater1[0]<--->EndNode1[0]
REAL
  0.296978  0.0044852 0.00776614   0.103358
 0.0044852   0.226018  0.0392223 -0.0109919
0.00776614  0.0392223   0.226018 0.00648254
  0.103358 -0.0109919 0.00648254   0.250986
IMAGINARY
           0    0.0121951    0.0063788   0.00126588
  -0.0121951            0  0.000625673   -0.0076877
  -0.0063788 -0.000625673            0   -0.0121951
 -0.00126588    0.0076877    0.0121951            0
Repeater1[0]<--->HoM1[0]
REAL
    0.272977    0.0129188  -0.00775134    0.0908526
   0.0129188     0.207133    0.0428372 -0.000270047
 -0.00775134    0.0428372     0.257888   0.00847155
   0.0908526 -0.000270047   0.00847155     0.262003
IMAGINARY
          0   0.0102011  0.00611669   0.0125448
 -0.0102011           0   0.0229075 -0.00163525
-0.00611669  -0.0229075           0  0.00196281
 -0.0125448  0.00163525 -0.00196281           0
EndNode1[0]<--->Repeater1[0]
REAL
   0.298246  0.00916142  0.00335956    0.109172
 0.00916142    0.245614   0.0510601  -0.0104381
 0.00335956   0.0510601    0.211876 -0.00336991
   0.109172  -0.0104381 -0.00336991    0.244265
IMAGINARY
         0 -0.0100172  0.0115771 -0.0125621
 0.0100172          0  -0.017464 -0.0139984
-0.0115771   0.017464          0 -0.0202491
 0.0125621  0.0139984  0.0202491          0
EndNode2[0]<--->HoM1[0]
REAL
       0.28   0.0152899   0.0158582   0.0927454
  0.0152899    0.257333   0.0497416 0.000981138
  0.0158582   0.0497416    0.209333 -0.00622251
  0.0927454 0.000981138 -0.00622251    0.253333
IMAGINARY
          0   0.0106722  -0.0199304  -0.0171428
 -0.0106722           0   0.0183835  0.00645155
  0.0199304  -0.0183835           0  -0.0100304
  0.0171428 -0.00645155   0.0100304           0
Repeater1[0]<--->EndNode1[0]
REAL
   0.298246  0.00335956  0.00916142    0.109172
 0.00335956    0.211876   0.0510601 -0.00336991
 0.00916142   0.0510601    0.245614  -0.0104381
   0.109172 -0.00336991  -0.0104381    0.244265
IMAGINARY
         0  0.0115771 -0.0100172 -0.0125621
-0.0115771          0   0.017464 -0.0202491
 0.0100172  -0.017464          0 -0.0139984
 0.0125621  0.0202491  0.0139984          0
Repeater1[0]<--->HoM1[0]
REAL
       0.28   0.0158582   0.0152899   0.0927454
  0.0158582    0.209333   0.0497416 -0.00622251
  0.0152899   0.0497416    0.257333 0.000981138
  0.0927454 -0.00622251 0.000981138    0.253333
IMAGINARY
          0  -0.0199304   0.0106722  -0.0171428
  0.0199304           0  -0.0183835  -0.0100304
 -0.0106722   0.0183835           0  0.00645155
  0.0171428   0.0100304 -0.00645155           0
EndNode1[0]<--->Repeater1[0]
REAL
  0.295511 -0.0179929 -0.0124332  0.0891017
-0.0179929   0.226933  0.0578118  0.0111986
-0.0124332  0.0578118   0.236908 -0.0153404
 0.0891017  0.0111986 -0.0153404   0.240648
IMAGINARY
          0   -0.022215  -0.0118886   0.0085639
   0.022215           0  0.00131752  0.00869574
  0.0118886 -0.00131752           0   0.0190221
 -0.0085639 -0.00869574  -0.0190221           0
EndNode2[0]<--->HoM1[0]
REAL
   0.284672 -0.00915143  0.00374816    0.106077
-0.00915143    0.211679   0.0217473 -0.00790987
 0.00374816   0.0217473     0.22871  -0.0152243
   0.106077 -0.00790987  -0.0152243    0.274939
IMAGINARY
          0   0.0056869  -0.0112794 -0.00778707
 -0.0056869           0 -0.00842564  -0.0079769
  0.0112794  0.00842564           0   0.0148974
 0.00778707   0.0079769  -0.0148974           0
Repeater1[0]<--->EndNode1[0]
REAL
  0.295511 -0.0124332 -0.0179929  0.0891017
-0.0124332   0.236908  0.0578118 -0.0153404
-0.0179929  0.0578118   0.226933  0.0111986
 0.0891017 -0.0153404  0.0111986   0.240648
IMAGINARY
          0  -0.0118886   -0.022215   0.0085639
  0.0118886           0 -0.00131752   0.0190221
   0.022215  0.00131752           0  0.00869574
 -0.0085639  -0.0190221 -0.00869574           0
Repeater1[0]<--->HoM1[0]
REAL
   0.284672  0.00374816 -0.00915143    0.106077
 0.00374816     0.22871   0.0217473  -0.0152243
-0.00915143   0.0217473    0.211679 -0.00790987
   0.106077  -0.0152243 -0.00790987    0.274939
IMAGINARY
          0  -0.0112794   0.0056869 -0.00778707
  0.0112794           0  0.00842564   0.0148974
 -0.0056869 -0.00842564           0  -0.0079769
 0.00778707  -0.0148974   0.0079769           0
EndNode1[0]<--->Repeater1[0]
REAL
   0.302597   0.0142872 -0.00727596   0.0958392
  0.0142872    0.206494   0.0247638   0.0135574
-0.00727596   0.0247638    0.190909 -0.00800579
  0.0958392   0.0135574 -0.00800579         0.3
IMAGINARY
          0  0.00225712    0.012357 -0.00216565
-0.00225712           0  -0.0207351   0.0364687
  -0.012357   0.0207351           0  -0.0325414
 0.00216565  -0.0364687   0.0325414           0
EndNode2[0]<--->HoM1[0]
REAL
   0.307692  0.00444038   0.0288792    0.102105
 0.00444038    0.182382   0.0450326   0.0223857
  0.0288792   0.0450326    0.234491 -0.00510616
   0.102105   0.0223857 -0.00510616    0.275434
IMAGINARY
          0 -0.00671647 -0.00509571  0.00130541
 0.00671647           0 -0.00388939 -0.00234846
 0.00509571  0.00388939           0   0.0203641
-0.00130541  0.00234846  -0.0203641           0
Repeater1[0]<--->EndNode1[0]
REAL
   0.302597 -0.00727596   0.0142872   0.0958392
-0.00727596    0.190909   0.0247638 -0.00800579
  0.0142872   0.0247638    0.206494   0.0135574
  0.0958392 -0.00800579   0.0135574         0.3
IMAGINARY
          0    0.012357  0.00225712 -0.00216565
  -0.012357           0   0.0207351  -0.0325414
-0.00225712  -0.0207351           0   0.0364687
 0.00216565   0.0325414  -0.0364687           0
Repeater1[0]<--->HoM1[0]
REAL
   0.307692   0.0288792  0.00444038    0.102105
  0.0288792    0.234491   0.0450326 -0.00510616
 0.00444038   0.0450326    0.182382   0.0223857
   0.102105 -0.00510616   0.0223857    0.275434
IMAGINARY
          0 -0.00509571 -0.00671647  0.00130541
 0.00509571           0  0.00388939   0.0203641
 0.00671647 -0.00388939           0 -0.00234846
-0.00130541  -0.0203641  0.00234846           0
EndNode1[0]<--->Repeater1[0]
REAL
  0.303909 -0.0125058 -0.0240975  0.0924906
-0.0125058   0.228247  0.0395494 0.00469828
-0.0240975  0.0395494   0.204288  0.0081253
 0.0924906 0.00469828  0.0081253   0.263556
IMAGINARY
          0  0.00851472  -0.0126206   0.0122536
-0.00851472           0  0.00749166   0.0145814
  0.0126206 -0.00749166           0 -0.00524675
 -0.0122536  -0.0145814  0.00524675           0
EndNode2[0]<--->HoM1[0]
REAL
   0.267457 -0.00740026  0.00153482     0.10623
-0.00740026    0.227931   0.0462795   0.0119787
 0.00153482   0.0462795    0.222661 -0.00740026
    0.10623   0.0119787 -0.00740026     0.28195
IMAGINARY
          0  -0.0126063  -0.0197997    0.012233
  0.0126063           0 -0.00689966 -0.00183193
  0.0197997  0.00689966           0  0.00209954
  -0.012233  0.00183193 -0.00209954           0
Repeater1[0]<--->EndNode1[0]
REAL
  0.303909 -0.0240975 -0.0125058  0.0924906
-0.0240975   0.204288  0.0395494  0.0081253
-0.0125058  0.0395494   0.228247 0.00469828
 0.0924906  0.0081253 0.00469828   0.263556
IMAGINARY
          0  -0.0126206  0.00851472   0.0122536
  0.0126206           0 -0.00749166 -0.00524675
-0.00851472  0.00749166           0   0.0145814
 -0.0122536  0.00524675  -0.0145814           0
Repeater1[0]<--->HoM1[0]
REAL
   0.267457  0.00153482 -0.00740026     0.10623
 0.00153482    0.222661   0.0462795 -0.00740026
-0.00740026   0.0462795    0.227931   0.0119787
    0.10623 -0.00740026   0.0119787     0.28195
IMAGINARY
          0  -0.0197997  -0.0126063    0.012233
  0.0197997           0  0.00689966  0.00209954
  0.0126063 -0.00689966           0 -0.00183193
  -0.012233 -0.00209954  0.00183193           0
EndNode1[0]<--->Repeater1[0]
REAL
   0.298292 -0.00997811 -0.00575654    0.112749
-0.00997811    0.219448   0.0580131   -0.042155
-0.00575654   0.0580131    0.220762  -0.0305624
   0.112749   -0.042155  -0.0305624    0.261498
IMAGINARY
          0   0.0136877  0.00114583    0.019118
 -0.0136877           0    0.011386  0.00684925
-0.00114583   -0.011386           0  -0.0266029
  -0.019118 -0.00684925   0.0266029           0
EndNode2[0]<--->HoM1[0]
REAL
    0.297789   -0.0116423 -0.000969843    0.0840029
  -0.0116423     0.205462    0.0310764    0.0102291
-0.000969843    0.0310764      0.23277   0.00899682
   0.0840029    0.0102291   0.00899682     0.263979
IMAGINARY
          0  -0.0114938  0.00436579 -0.00398239
  0.0114938           0  0.00594317  0.00372885
-0.00436579 -0.00594317           0  0.00215383
 0.00398239 -0.00372885 -0.00215383           0
Repeater1[0]<--->EndNode1[0]
REAL
   0.298292 -0.00575654 -0.00997811    0.112749
-0.00575654    0.220762   0.0580131  -0.0305624
-0.00997811   0.0580131    0.219448   -0.042155
   0.112749  -0.0305624   -0.042155    0.261498
IMAGINARY
          0  0.00114583   0.0136877    0.019118
-0.00114583           0   -0.011386  -0.0266029
 -0.0136877    0.011386           0  0.00684925
  -0.019118   0.0266029 -0.00684925           0
Repeater1[0]<--->HoM1[0]
REAL
    0.297789 -0.000969843   -0.0116423    0.0840029
-0.000969843      0.23277    0.0310764   0.00899682
  -0.0116423    0.0310764     0.205462    0.0102291
   0.0840029   0.00899682    0.0102291     0.263979
IMAGINARY
          0  0.00436579  -0.0114938 -0.00398239
-0.00436579           0 -0.00594317  0.00215383
  0.0114938  0.00594317           0  0.00372885
 0.00398239 -0.00215383 -0.00372885           0
EndNode1[0]<--->Repeater1[0]
REAL
    0.27446   0.0145646   0.0104635    0.099982
  0.0145646    0.247776   0.0336555   0.0136564
  0.0104635   0.0336555    0.223634 -0.00478623
   0.099982   0.0136564 -0.00478623     0.25413
IMAGINARY
          0 -0.00872557  -0.0266708 -0.00224803
 0.00872557           0  -0.0222998   0.0190177
  0.0266708   0.0222998           0  -0.0193357
 0.00224803  -0.0190177   0.0193357           0
EndNode2[0]<--->HoM1[0]
REAL
   0.328105  -0.0333531  0.00619234   0.0949225
 -0.0333531    0.198693   0.0488947  -0.0156009
 0.00619234   0.0488947     0.20915 -0.00696953
  0.0949225  -0.0156009 -0.00696953    0.264052
IMAGINARY
