EndNode1[0]<--->Repeater1[0]
REAL
   0.405096  -0.0169266 -0.00432986    0.334262
 -0.0169266   0.0687898   0.0366272 -0.00967745
-0.00432986   0.0366272    0.117197  -0.0263133
   0.334262 -0.00967745  -0.0263133    0.408917
IMAGINARY
           0    0.0122621    0.0180796    0.0022486
  -0.0122621            0    0.0146345  0.000974307
  -0.0180796   -0.0146345            0  0.000221508
  -0.0022486 -0.000974307 -0.000221508            0
EndNode2[0]<--->HoM1[0]
REAL
   0.431479 -0.00792461  -0.0187092    0.301045
-0.00792461   0.0678426   0.0327051 -0.00629085
 -0.0187092   0.0327051   0.0990502 -0.00332539
   0.301045 -0.00629085 -0.00332539    0.401628
IMAGINARY
          0    0.009205  -0.0151182  0.00939921
  -0.009205           0   0.0138128  -0.0138394
  0.0151182  -0.0138128           0  -0.0085615
-0.00939921   0.0138394   0.0085615           0
Repeater1[0]<--->EndNode1[0]
REAL
   0.405096 -0.00432986  -0.0169266    0.334262
-0.00432986    0.117197   0.0366272  -0.0263133
 -0.0169266   0.0366272   0.0687898 -0.00967745
   0.334262  -0.0263133 -0.00967745    0.408917
IMAGINARY
           0    0.0180796    0.0122621    0.0022486
  -0.0180796            0   -0.0146345  0.000221508
  -0.0122621    0.0146345            0  0.000974307
  -0.0022486 -0.000221508 -0.000974307            0
Repeater1[0]<--->HoM1[0]
REAL
   0.431479  -0.0187092 -0.00792461    0.301045
 -0.0187092   0.0990502   0.0327051 -0.00332539
-0.00792461   0.0327051   0.0678426 -0.00629085
   0.301045 -0.00332539 -0.00629085    0.401628
IMAGINARY
          0  -0.0151182    0.009205  0.00939921
  0.0151182           0  -0.0138128  -0.0085615
  -0.009205   0.0138128           0  -0.0138394
-0.00939921   0.0085615   0.0138394           0
EndNode1[0]<--->Repeater1[0]
REAL
  0.412292 -0.0183291 -0.0179961   0.325066
-0.0183291  0.0947503  0.0180712 -0.0192588
-0.0179961  0.0180712  0.0909091 -0.0110827
  0.325066 -0.0192588 -0.0110827   0.402049
IMAGINARY
          0 -0.00409523  -0.0124806  0.00465178
 0.00409523           0  0.00275064  0.00211792
  0.0124806 -0.00275064           0   0.0312973
-0.00465178 -0.00211792  -0.0312973           0
EndNode2[0]<--->HoM1[0]
REAL
   0.439181  -0.0217105  -0.0213713    0.330782
 -0.0217105   0.0819462   0.0420661 -0.00445653
 -0.0213713   0.0420661   0.0934699 -0.00941537
   0.330782 -0.00445653 -0.00941537    0.385403
IMAGINARY
          0  -0.0203935  -0.0104674   0.0034418
  0.0203935           0   0.0034418 -0.00453857
  0.0104674  -0.0034418           0   0.0161918
 -0.0034418  0.00453857  -0.0161918           0
Repeater1[0]<--->EndNode1[0]
REAL
  0.412292 -0.0179961 -0.0183291   0.325066
-0.0179961  0.0909091  0.0180712 -0.0110827
-0.0183291  0.0180712  0.0947503 -0.0192588
  0.325066 -0.0110827 -0.0192588   0.402049
IMAGINARY
          0  -0.0124806 -0.00409523  0.00465178
  0.0124806           0 -0.00275064   0.0312973
 0.00409523  0.00275064           0  0.00211792
-0.00465178  -0.0312973 -0.00211792           0
Repeater1[0]<--->HoM1[0]
REAL
   0.439181  -0.0213713  -0.0217105    0.330782
 -0.0213713   0.0934699   0.0420661 -0.00941537
 -0.0217105   0.0420661   0.0819462 -0.00445653
   0.330782 -0.00941537 -0.00445653    0.385403
IMAGINARY
          0  -0.0104674  -0.0203935   0.0034418
  0.0104674           0  -0.0034418   0.0161918
  0.0203935   0.0034418           0 -0.00453857
 -0.0034418  -0.0161918  0.00453857           0
EndNode1[0]<--->Repeater1[0]
REAL
   0.388021   0.0123149 -0.00820313    0.317292
  0.0123149   0.0729167    0.038054  0.00254276
-0.00820313    0.038054   0.0872396  -0.0167174
   0.317292  0.00254276  -0.0167174    0.451823
IMAGINARY
          0  -0.0180348   0.0211574     0.01013
  0.0180348           0   0.0209581 -0.00735974
 -0.0211574  -0.0209581           0 -0.00101908
   -0.01013  0.00735974  0.00101908           0
EndNode2[0]<--->HoM1[0]
REAL
  0.421734  0.0154018 0.00729125   0.325488
 0.0154018   0.087969  0.0167584  0.0167729
0.00729125  0.0167584  0.0789133  0.0166838
  0.325488  0.0167729  0.0166838   0.411384
IMAGINARY
          0   0.0155486   0.0107867  -0.0374332
 -0.0155486           0  0.00638123  0.00269209
 -0.0107867 -0.00638123           0  0.00306502
  0.0374332 -0.00269209 -0.00306502           0
Repeater1[0]<--->EndNode1[0]
REAL
   0.388021 -0.00820313   0.0123149    0.317292
-0.00820313   0.0872396    0.038054  -0.0167174
  0.0123149    0.038054   0.0729167  0.00254276
   0.317292  -0.0167174  0.00254276    0.451823
IMAGINARY
          0   0.0211574  -0.0180348     0.01013
 -0.0211574           0  -0.0209581 -0.00101908
  0.0180348   0.0209581           0 -0.00735974
   -0.01013  0.00101908  0.00735974           0
Repeater1[0]<--->HoM1[0]
REAL
  0.421734 0.00729125  0.0154018   0.325488
0.00729125  0.0789133  0.0167584  0.0166838
 0.0154018  0.0167584   0.087969  0.0167729
  0.325488  0.0166838  0.0167729   0.411384
IMAGINARY
          0   0.0107867   0.0155486  -0.0374332
 -0.0107867           0 -0.00638123  0.00306502
 -0.0155486  0.00638123           0  0.00269209
  0.0374332 -0.00306502 -0.00269209           0
EndNode1[0]<--->Repeater1[0]
REAL
   0.442971  0.00556957   0.0101378    0.305264
 0.00556957   0.0994695   0.0459336  -0.0095073
  0.0101378   0.0459336   0.0875332 0.000105086
   0.305264  -0.0095073 0.000105086    0.370027
IMAGINARY
           0   -0.0031796  0.000296632    0.0269771
   0.0031796            0    0.0108063   -0.0176711
-0.000296632   -0.0108063            0    0.0115451
  -0.0269771    0.0176711   -0.0115451            0
EndNode2[0]<--->HoM1[0]
REAL
    0.421053    0.0116657  -0.00334201      0.30092
   0.0116657    0.0902256    0.0350171 -0.000564236
 -0.00334201    0.0350171    0.0802005   -0.0103636
     0.30092 -0.000564236   -0.0103636     0.408521
IMAGINARY
           0   -0.0105337    0.0120704    0.0191874
   0.0105337            0    0.0113749 -0.000619987
  -0.0120704   -0.0113749            0   -0.0136393
  -0.0191874  0.000619987    0.0136393            0
Repeater1[0]<--->EndNode1[0]
REAL
   0.442971   0.0101378  0.00556957    0.305264
  0.0101378   0.0875332   0.0459336 0.000105086
 0.00556957   0.0459336   0.0994695  -0.0095073
   0.305264 0.000105086  -0.0095073    0.370027
IMAGINARY
           0  0.000296632   -0.0031796    0.0269771
-0.000296632            0   -0.0108063    0.0115451
   0.0031796    0.0108063            0   -0.0176711
  -0.0269771   -0.0115451    0.0176711            0
Repeater1[0]<--->HoM1[0]
REAL
    0.421053  -0.00334201    0.0116657      0.30092
 -0.00334201    0.0802005    0.0350171   -0.0103636
   0.0116657    0.0350171    0.0902256 -0.000564236
     0.30092   -0.0103636 -0.000564236     0.408521
IMAGINARY
           0    0.0120704   -0.0105337    0.0191874
  -0.0120704            0   -0.0113749   -0.0136393
   0.0105337    0.0113749            0 -0.000619987
  -0.0191874    0.0136393  0.000619987            0
EndNode1[0]<--->Repeater1[0]
REAL
  0.419847 0.00384871 -0.0131634   0.314108
0.00384871  0.0966921  0.0227802 -0.0087939
-0.0131634  0.0227802  0.0877863  0.0218727
  0.314108 -0.0087939  0.0218727   0.395674
IMAGINARY
          0  0.00672275  0.00614801  0.00909376
-0.00672275           0   0.0050002   0.0114672
-0.00614801  -0.0050002           0 -0.00807776
-0.00909376  -0.0114672  0.00807776           0
EndNode2[0]<--->HoM1[0]
REAL
   0.433763    -0.01263 -0.00815811    0.318336
   -0.01263    0.087925   0.0134886 -0.00154435
-0.00815811   0.0134886   0.0855803 -0.00742171
   0.318336 -0.00154435 -0.00742171    0.392732
IMAGINARY
          0 -0.00492857   0.0163495 -0.00903555
 0.00492857           0   0.0238504   0.0104362
 -0.0163495  -0.0238504           0  -0.0129286
 0.00903555  -0.0104362   0.0129286           0
Repeater1[0]<--->EndNode1[0]
REAL
  0.419847 -0.0131634 0.00384871   0.314108
-0.0131634  0.0877863  0.0227802  0.0218727
0.00384871  0.0227802  0.0966921 -0.0087939
  0.314108  0.0218727 -0.0087939   0.395674
IMAGINARY
          0  0.00614801  0.00672275  0.00909376
-0.00614801           0  -0.0050002 -0.00807776
-0.00672275   0.0050002           0   0.0114672
-0.00909376  0.00807776  -0.0114672           0
Repeater1[0]<--->HoM1[0]
REAL
   0.433763 -0.00815811    -0.01263    0.318336
-0.00815811   0.0855803   0.0134886 -0.00742171
   -0.01263   0.0134886    0.087925 -0.00154435
   0.318336 -0.00742171 -0.00154435    0.392732
IMAGINARY
          0   0.0163495 -0.00492857 -0.00903555
 -0.0163495           0  -0.0238504  -0.0129286
 0.00492857   0.0238504           0   0.0104362
 0.00903555   0.0129286  -0.0104362           0
EndNode1[0]<--->Repeater1[0]
REAL
   0.428035 0.000513239 2.26952e-05     0.31676
0.000513239   0.0826033   0.0295842   0.0030752
2.26952e-05   0.0295842   0.0926158 -0.00485029
    0.31676   0.0030752 -0.00485029    0.396746
IMAGINARY
         0 -0.0116749 -0.0142178  0.0130137
 0.0116749          0  0.0276026  0.0026216
 0.0142178 -0.0276026          0   0.017814
-0.0130137 -0.0026216  -0.017814          0
EndNode2[0]<--->HoM1[0]
REAL
    0.396662   -0.0117746   0.00438084     0.326198
  -0.0117746    0.0872914    0.0277489 -0.000433468
  0.00438084    0.0277489     0.097561  -0.00664642
    0.326198 -0.000433468  -0.00664642     0.418485
IMAGINARY
          0   0.0318802  0.00185153 -0.00965698
 -0.0318802           0  0.00847773  -0.0173554
-0.00185153 -0.00847773           0 -0.00862442
 0.00965698   0.0173554  0.00862442           0
Repeater1[0]<--->EndNode1[0]
REAL
   0.428035 2.26952e-05 0.000513239     0.31676
2.26952e-05   0.0926158   0.0295842 -0.00485029
0.000513239   0.0295842   0.0826033   0.0030752
    0.31676 -0.00485029   0.0030752    0.396746
IMAGINARY
         0 -0.0142178 -0.0116749  0.0130137
 0.0142178          0 -0.0276026   0.017814
 0.0116749  0.0276026          0  0.0026216
-0.0130137  -0.017814 -0.0026216          0
Repeater1[0]<--->HoM1[0]
REAL
    0.396662   0.00438084   -0.0117746     0.326198
  0.00438084     0.097561    0.0277489  -0.00664642
  -0.0117746    0.0277489    0.0872914 -0.000433468
    0.326198  -0.00664642 -0.000433468     0.418485
IMAGINARY
          0  0.00185153   0.0318802 -0.00965698
-0.00185153           0 -0.00847773 -0.00862442
 -0.0318802  0.00847773           0  -0.0173554
 0.00965698  0.00862442   0.0173554           0
EndNode1[0]<--->Repeater1[0]
REAL
  0.424396 0.00166975  0.0116462   0.323178
0.00166975   0.094028  0.0354891  0.0110204
 0.0116462  0.0354891  0.0787802 0.00233025
  0.323178  0.0110204 0.00233025   0.402795
IMAGINARY
           0    0.0169198  0.000670506     0.010621
  -0.0169198            0  -0.00814575   -0.0220273
-0.000670506   0.00814575            0    0.0232812
   -0.010621    0.0220273   -0.0232812            0
EndNode2[0]<--->HoM1[0]
REAL
   0.430968 -0.00508994  -0.0029147    0.305474
-0.00508994   0.0696774   0.0231358  0.00223994
 -0.0029147   0.0231358   0.0851613  0.00306565
   0.305474  0.00223994  0.00306565    0.414194
IMAGINARY
          0  0.00597646  0.00489547 -0.00309725
-0.00597646           0 -0.00705503  -0.0111144
-0.00489547  0.00705503           0  0.00397379
 0.00309725   0.0111144 -0.00397379           0
Repeater1[0]<--->EndNode1[0]
REAL
  0.424396  0.0116462 0.00166975   0.323178
 0.0116462  0.0787802  0.0354891 0.00233025
0.00166975  0.0354891   0.094028  0.0110204
  0.323178 0.00233025  0.0110204   0.402795
IMAGINARY
           0  0.000670506    0.0169198     0.010621
-0.000670506            0   0.00814575    0.0232812
  -0.0169198  -0.00814575            0   -0.0220273
   -0.010621   -0.0232812    0.0220273            0
Repeater1[0]<--->HoM1[0]
REAL
   0.430968  -0.0029147 -0.00508994    0.305474
 -0.0029147   0.0851613   0.0231358  0.00306565
-0.00508994   0.0231358   0.0696774  0.00223994
   0.305474  0.00306565  0.00223994    0.414194
IMAGINARY
          0  0.00489547  0.00597646 -0.00309725
-0.00489547           0  0.00705503  0.00397379
-0.00597646 -0.00705503           0  -0.0111144
 0.00309725 -0.00397379   0.0111144           0
EndNode1[0]<--->Repeater1[0]
REAL
   0.424731   0.0121753 -0.00738036    0.305337
  0.0121753   0.0806452   0.0471667   0.0121165
-0.00738036   0.0471667   0.0819892  -0.0142051
   0.305337   0.0121165  -0.0142051    0.412634
IMAGINARY
          0   0.0102109  0.00884669   0.0129201
 -0.0102109           0   0.0116701 -0.00296434
-0.00884669  -0.0116701           0 -0.00694289
 -0.0129201  0.00296434  0.00694289           0
EndNode2[0]<--->HoM1[0]
REAL
   0.433705 0.000731775 -0.00093075    0.300655
0.000731775   0.0830235   0.0340335   0.0063508
-0.00093075   0.0340335   0.0929368 -0.00615183
   0.300655   0.0063508 -0.00615183    0.390335
IMAGINARY
          0  -0.0182603  0.00945849 -0.00428266
  0.0182603           0  -0.0129148  -0.0196349
-0.00945849   0.0129148           0  0.00129963
 0.00428266   0.0196349 -0.00129963           0
Repeater1[0]<--->EndNode1[0]
REAL
   0.424731 -0.00738036   0.0121753    0.305337
-0.00738036   0.0819892   0.0471667  -0.0142051
  0.0121753   0.0471667   0.0806452   0.0121165
   0.305337  -0.0142051   0.0121165    0.412634
IMAGINARY
          0  0.00884669   0.0102109   0.0129201
-0.00884669           0  -0.0116701 -0.00694289
 -0.0102109   0.0116701           0 -0.00296434
 -0.0129201  0.00694289  0.00296434           0
Repeater1[0]<--->HoM1[0]
REAL
   0.433705 -0.00093075 0.000731775    0.300655
-0.00093075   0.0929368   0.0340335 -0.00615183
0.000731775   0.0340335   0.0830235   0.0063508
   0.300655 -0.00615183   0.0063508    0.390335
IMAGINARY
          0  0.00945849  -0.0182603 -0.00428266
-0.00945849           0   0.0129148  0.00129963
  0.0182603  -0.0129148           0  -0.0196349
 0.00428266 -0.00129963   0.0196349           0
EndNode1[0]<--->Repeater1[0]
REAL
   0.416877  0.00445099  0.00598454    0.315159
 0.00445099   0.0743073   0.0313754   0.0138174
 0.00598454   0.0313754   0.0982368 -0.00197574
   0.315159   0.0138174 -0.00197574    0.410579
IMAGINARY
          0    0.011068  -0.0016519 -0.00166003
  -0.011068           0 -0.00166003   0.0127084
  0.0016519  0.00166003           0  -0.0122965
 0.00166003  -0.0127084   0.0122965           0
EndNode2[0]<--->HoM1[0]
REAL
    0.42236   0.0129605 -0.00916465    0.335725
  0.0129605    0.068323   0.0387517   0.0279931
-0.00916465   0.0387517   0.0695652 -0.00807908
   0.335725   0.0279931 -0.00807908    0.439752
IMAGINARY
          0  -0.0124354 -0.00517075  0.00575769
  0.0124354           0  -0.0064062   0.0209337
 0.00517075   0.0064062           0  0.00297766
-0.00575769  -0.0209337 -0.00297766           0
Repeater1[0]<--->EndNode1[0]
REAL
   0.416877  0.00598454  0.00445099    0.315159
 0.00598454   0.0982368   0.0313754 -0.00197574
 0.00445099   0.0313754   0.0743073   0.0138174
   0.315159 -0.00197574   0.0138174    0.410579
IMAGINARY
          0  -0.0016519    0.011068 -0.00166003
  0.0016519           0  0.00166003  -0.0122965
  -0.011068 -0.00166003           0   0.0127084
 0.00166003   0.0122965  -0.0127084           0
Repeater1[0]<--->HoM1[0]
REAL
    0.42236 -0.00916465   0.0129605    0.335725
-0.00916465   0.0695652   0.0387517 -0.00807908
  0.0129605   0.0387517    0.068323   0.0279931
   0.335725 -0.00807908   0.0279931    0.439752
IMAGINARY
          0 -0.00517075  -0.0124354  0.00575769
 0.00517075           0   0.0064062  0.00297766
  0.0124354  -0.0064062           0   0.0209337
-0.00575769 -0.00297766  -0.0209337           0
EndNode1[0]<--->Repeater1[0]
REAL
    0.40621  0.00465462 -0.00528317    0.320005
 0.00465462    0.087969   0.0274311  -0.0165117
-0.00528317   0.0274311   0.0944373 -0.00721873
   0.320005  -0.0165117 -0.00721873    0.411384
IMAGINARY
          0 -0.00533173   0.0108713   0.0132064
 0.00533173           0  0.00160844  0.00897501
 -0.0108713 -0.00160844           0  -0.0298795
 -0.0132064 -0.00897501   0.0298795           0
EndNode2[0]<--->HoM1[0]
REAL
  0.426982  0.0153013 0.00914201   0.322337
 0.0153013  0.0737135  0.0392203 0.00383697
0.00914201  0.0392203   0.100139 0.00014983
  0.322337 0.00383697 0.00014983   0.399166
IMAGINARY
          0 -0.00497255 -0.00273857   0.0101854
 0.00497255           0   0.0146554  0.00533597
 0.00273857  -0.0146554           0  -0.0171054
 -0.0101854 -0.00533597   0.0171054           0
Repeater1[0]<--->EndNode1[0]
REAL
    0.40621 -0.00528317  0.00465462    0.320005
-0.00528317   0.0944373   0.0274311 -0.00721873
 0.00465462   0.0274311    0.087969  -0.0165117
   0.320005 -0.00721873  -0.0165117    0.411384
IMAGINARY
          0   0.0108713 -0.00533173   0.0132064
 -0.0108713           0 -0.00160844  -0.0298795
 0.00533173  0.00160844           0  0.00897501
 -0.0132064   0.0298795 -0.00897501           0
Repeater1[0]<--->HoM1[0]
REAL
  0.426982 0.00914201  0.0153013   0.322337
0.00914201   0.100139  0.0392203 0.00014983
 0.0153013  0.0392203  0.0737135 0.00383697
  0.322337 0.00014983 0.00383697   0.399166
IMAGINARY
          0 -0.00273857 -0.00497255   0.0101854
 0.00273857           0  -0.0146554  -0.0171054
 0.00497255   0.0146554           0  0.00533597
 -0.0101854   0.0171054 -0.00533597           0
EndNode1[0]<--->Repeater1[0]
REAL
   0.412516 -0.00609215    0.024831    0.314379
-0.00609215   0.0868455   0.0366013 -0.00979836
   0.024831   0.0366013   0.0842912  0.00282417
   0.314379 -0.00979836  0.00282417    0.416347
IMAGINARY
           0    0.0101428   0.00490637  -0.00819942
  -0.0101428            0   -0.0329771    0.0018687
 -0.00490637    0.0329771            0 -0.000657707
  0.00819942   -0.0018687  0.000657707            0
EndNode2[0]<--->HoM1[0]
REAL
  0.408397  -0.019519 -0.0161874   0.327132
 -0.019519  0.0636132  0.0192296 0.00405801
-0.0161874  0.0192296   0.086514 0.00738963
  0.327132 0.00405801 0.00738963   0.441476
IMAGINARY
          0 -0.00135008   0.0119911  -0.0026229
 0.00135008           0   0.0039216    0.019344
 -0.0119911  -0.0039216           0  -0.0258979
  0.0026229   -0.019344   0.0258979           0
Repeater1[0]<--->EndNode1[0]
REAL
   0.412516    0.024831 -0.00609215    0.314379
   0.024831   0.0842912   0.0366013  0.00282417
-0.00609215   0.0366013   0.0868455 -0.00979836
   0.314379  0.00282417 -0.00979836    0.416347
IMAGINARY
           0   0.00490637    0.0101428  -0.00819942
 -0.00490637            0    0.0329771 -0.000657707
  -0.0101428   -0.0329771            0    0.0018687
  0.00819942  0.000657707   -0.0018687            0
Repeater1[0]<--->HoM1[0]
REAL
  0.408397 -0.0161874  -0.019519   0.327132
-0.0161874   0.086514  0.0192296 0.00738963
 -0.019519  0.0192296  0.0636132 0.00405801
  0.327132 0.00738963 0.00405801   0.441476
IMAGINARY
          0   0.0119911 -0.00135008  -0.0026229
 -0.0119911           0  -0.0039216  -0.0258979
 0.00135008   0.0039216           0    0.019344
  0.0026229   0.0258979   -0.019344           0
EndNode1[0]<--->Repeater1[0]
REAL
   0.446809   0.0165987   0.0211793    0.329473
  0.0165987   0.0938673   0.0213924 -0.00586643
  0.0211793   0.0213924   0.0938673  0.00670352
   0.329473 -0.00586643  0.00670352    0.365457
IMAGINARY
          0  -0.0252034 -0.00193903  -0.0343879
  0.0252034           0  -0.0147924  0.00698954
 0.00193903   0.0147924           0 -0.00509963
  0.0343879 -0.00698954  0.00509963           0
EndNode2[0]<--->HoM1[0]
REAL
   0.395782  -0.0182292  0.00830357    0.326932
 -0.0182292   0.0880893   0.0332163 -0.00582833
 0.00830357   0.0332163   0.0918114   0.0145164
   0.326932 -0.00582833   0.0145164    0.424318
IMAGINARY
          0   0.0210563  -0.0109964 -0.00314744
 -0.0210563           0 -0.00575841  -0.0135938
  0.0109964  0.00575841           0   0.0103645
 0.00314744   0.0135938  -0.0103645           0
Repeater1[0]<--->EndNode1[0]
REAL
   0.446809   0.0211793   0.0165987    0.329473
  0.0211793   0.0938673   0.0213924  0.00670352
  0.0165987   0.0213924   0.0938673 -0.00586643
   0.329473  0.00670352 -0.00586643    0.365457
IMAGINARY
          0 -0.00193903  -0.0252034  -0.0343879
 0.00193903           0   0.0147924 -0.00509963
  0.0252034  -0.0147924           0  0.00698954
  0.0343879  0.00509963 -0.00698954           0
Repeater1[0]<--->HoM1[0]
REAL
   0.395782  0.00830357  -0.0182292    0.326932
 0.00830357   0.0918114   0.0332163   0.0145164
 -0.0182292   0.0332163   0.0880893 -0.00582833
   0.326932   0.0145164 -0.00582833    0.424318
IMAGINARY
          0  -0.0109964   0.0210563 -0.00314744
  0.0109964           0  0.00575841   0.0103645
 -0.0210563 -0.00575841           0  -0.0135938
 0.00314744  -0.0103645   0.0135938           0
EndNode1[0]<--->Repeater1[0]
REAL
   0.451157   0.0144673   0.0166543    0.318013
  0.0144673   0.0822622   0.0241588  0.00986084
  0.0166543   0.0241588   0.0771208 -0.00436626
   0.318013  0.00986084 -0.00436626     0.38946
IMAGINARY
          0 -0.00572908  0.00519629 -0.00033692
 0.00572908           0  -0.0061735   0.0197717
-0.00519629   0.0061735           0    0.017893
 0.00033692  -0.0197717   -0.017893           0
EndNode2[0]<--->HoM1[0]
REAL
   0.441802 -0.00615721  -0.0114538    0.318348
-0.00615721   0.0700876   0.0149849  0.00640332
 -0.0114538   0.0149849   0.0763454  0.00110671
   0.318348  0.00640332  0.00110671    0.411765
IMAGINARY
           0 -0.000585228   -0.0162229    0.0162162
 0.000585228            0   -0.0162162   0.00393313
   0.0162229    0.0162162            0    0.0232243
  -0.0162162  -0.00393313   -0.0232243            0
Repeater1[0]<--->EndNode1[0]
REAL
   0.451157   0.0166543   0.0144673    0.318013
  0.0166543   0.0771208   0.0241588 -0.00436626
  0.0144673   0.0241588   0.0822622  0.00986084
   0.318013 -0.00436626  0.00986084     0.38946
IMAGINARY
          0  0.00519629 -0.00572908 -0.00033692
-0.00519629           0   0.0061735    0.017893
 0.00572908  -0.0061735           0   0.0197717
 0.00033692   -0.017893  -0.0197717           0
Repeater1[0]<--->HoM1[0]
REAL
   0.441802  -0.0114538 -0.00615721    0.318348
 -0.0114538   0.0763454   0.0149849  0.00110671
-0.00615721   0.0149849   0.0700876  0.00640332
   0.318348  0.00110671  0.00640332    0.411765
IMAGINARY
           0   -0.0162229 -0.000585228    0.0162162
   0.0162229            0    0.0162162    0.0232243
 0.000585228   -0.0162162            0   0.00393313
  -0.0162162   -0.0232243  -0.00393313            0
EndNode1[0]<--->Repeater1[0]
REAL
   0.392947   0.0032137 -0.00654585    0.329046
  0.0032137   0.0869018   0.0327961  0.00917742
-0.00654585   0.0327961   0.0969773  -0.0255821
   0.329046  0.00917742  -0.0255821    0.423174
IMAGINARY
          0  0.00599602  -0.0060903 -0.00928382
-0.00599602           0 -0.00353669   0.0023403
  0.0060903  0.00353669           0  0.00400398
 0.00928382  -0.0023403 -0.00400398           0
EndNode2[0]<--->HoM1[0]
REAL
  0.419868  0.0116607  0.0190465   0.335122
 0.0116607  0.0927152  0.0286282  0.0197035
 0.0190465  0.0286282  0.0874172 0.00583926
  0.335122  0.0197035 0.00583926        0.4
IMAGINARY
          0  -0.0205607   0.0206648  -0.0128568
  0.0205607           0    0.016703  0.00790661
 -0.0206648   -0.016703           0  -0.0145042
  0.0128568 -0.00790661   0.0145042           0
Repeater1[0]<--->EndNode1[0]
REAL
   0.392947 -0.00654585   0.0032137    0.329046
-0.00654585   0.0969773   0.0327961  -0.0255821
  0.0032137   0.0327961   0.0869018  0.00917742
   0.329046  -0.0255821  0.00917742    0.423174
IMAGINARY
          0  -0.0060903  0.00599602 -0.00928382
  0.0060903           0  0.00353669  0.00400398
-0.00599602 -0.00353669           0   0.0023403
 0.00928382 -0.00400398  -0.0023403           0
Repeater1[0]<--->HoM1[0]
REAL
  0.419868  0.0190465  0.0116607   0.335122
 0.0190465  0.0874172  0.0286282 0.00583926
 0.0116607  0.0286282  0.0927152  0.0197035
  0.335122 0.00583926  0.0197035        0.4
IMAGINARY
          0   0.0206648  -0.0205607  -0.0128568
 -0.0206648           0   -0.016703  -0.0145042
  0.0205607    0.016703           0  0.00790661
  0.0128568   0.0145042 -0.00790661           0
EndNode1[0]<--->Repeater1[0]
REAL
   0.429907  0.00568193  0.00610725    0.320965
 0.00568193   0.0747664   0.0153738   0.0195516
 0.00610725   0.0153738   0.0841121 -0.00776237
   0.320965   0.0195516 -0.00776237    0.411215
IMAGINARY
          0  -0.0110816   0.0120251  0.00983766
  0.0110816           0     0.01115   0.0102113
 -0.0120251    -0.01115           0  -0.0225906
-0.00983766  -0.0102113   0.0225906           0
EndNode2[0]<--->HoM1[0]
REAL
   0.411844 -0.00761519  0.00425245    0.313745
-0.00761519   0.0807537   0.0446191   -0.018294
 0.00425245   0.0446191   0.0780619 -0.00886832
   0.313745   -0.018294 -0.00886832    0.429341
IMAGINARY
          0  0.00365065   0.0102863 -0.00582145
-0.00365065           0 -0.00643345   0.0115716
 -0.0102863  0.00643345           0  -0.0104812
 0.00582145  -0.0115716   0.0104812           0
Repeater1[0]<--->EndNode1[0]
REAL
   0.429907  0.00610725  0.00568193    0.320965
 0.00610725   0.0841121   0.0153738 -0.00776237
 0.00568193   0.0153738   0.0747664   0.0195516
   0.320965 -0.00776237   0.0195516    0.411215
IMAGINARY
          0   0.0120251  -0.0110816  0.00983766
 -0.0120251           0    -0.01115  -0.0225906
  0.0110816     0.01115           0   0.0102113
-0.00983766   0.0225906  -0.0102113           0
Repeater1[0]<--->HoM1[0]
REAL
   0.411844  0.00425245 -0.00761519    0.313745
 0.00425245   0.0780619   0.0446191 -0.00886832
-0.00761519   0.0446191   0.0807537   -0.018294
   0.313745 -0.00886832   -0.018294    0.429341
IMAGINARY
          0   0.0102863  0.00365065 -0.00582145
 -0.0102863           0  0.00643345  -0.0104812
-0.00365065 -0.00643345           0   0.0115716
 0.00582145   0.0104812  -0.0115716           0
EndNode1[0]<--->Repeater1[0]
REAL
    0.411392   -0.0199017 -0.000975293     0.314044
  -0.0199017    0.0949367    0.0364109 -0.000975293
-0.000975293    0.0364109     0.111392   0.00884834
    0.314044 -0.000975293   0.00884834     0.382278
IMAGINARY
           0    0.0090775  -0.00136749   -0.0176976
  -0.0090775            0   0.00617022    -0.036994
  0.00136749  -0.00617022            0 -0.000624961
   0.0176976     0.036994  0.000624961            0
EndNode2[0]<--->HoM1[0]
REAL
  0.420716 -0.0194941  0.0199944    0.29299
-0.0194941  0.0754476  0.0489794 -0.0135177
 0.0199944  0.0489794  0.0780051 0.00524544
   0.29299 -0.0135177 0.00524544   0.425831
IMAGINARY
          0  0.00568012  0.00196545 -0.00798526
-0.00568012           0   0.0209723  -0.0126842
-0.00196545  -0.0209723           0   0.0062997
 0.00798526   0.0126842  -0.0062997           0
Repeater1[0]<--->EndNode1[0]
REAL
    0.411392 -0.000975293   -0.0199017     0.314044
-0.000975293     0.111392    0.0364109   0.00884834
  -0.0199017    0.0364109    0.0949367 -0.000975293
    0.314044   0.00884834 -0.000975293     0.382278
IMAGINARY
           0  -0.00136749    0.0090775   -0.0176976
  0.00136749            0  -0.00617022 -0.000624961
  -0.0090775   0.00617022            0    -0.036994
   0.0176976  0.000624961     0.036994            0
Repeater1[0]<--->HoM1[0]
REAL
  0.420716  0.0199944 -0.0194941    0.29299
 0.0199944  0.0780051  0.0489794 0.00524544
-0.0194941  0.0489794  0.0754476 -0.0135177
   0.29299 0.00524544 -0.0135177   0.425831
IMAGINARY
          0  0.00196545  0.00568012 -0.00798526
-0.00196545           0  -0.0209723   0.0062997
-0.00568012   0.0209723           0  -0.0126842
 0.00798526  -0.0062997   0.0126842           0
EndNode1[0]<--->Repeater1[0]
REAL
  0.437186 0.00326159 -0.0198126   0.305844
0.00326159   0.089196  0.0344156  0.0107217
-0.0198126  0.0344156  0.0829146 0.00453062
  0.305844  0.0107217 0.00453062   0.390704
IMAGINARY
          0 -0.00931144 -0.00744611   0.0116697
 0.00931144           0  0.00522641  0.00355001
 0.00744611 -0.00522641           0  0.00281794
 -0.0116697 -0.00355001 -0.00281794           0
EndNode2[0]<--->HoM1[0]
REAL
   0.428934  0.00130265   0.0266504    0.327783
 0.00130265   0.0850254   0.0341525 -0.00794076
  0.0266504   0.0341525    0.112944  0.00321348
   0.327783 -0.00794076  0.00321348    0.373096
IMAGINARY
          0  0.00615315 -0.00385879   0.0149823
-0.00615315           0   0.0016844  -0.0184342
 0.00385879  -0.0016844           0   0.0161398
 -0.0149823   0.0184342  -0.0161398           0
Repeater1[0]<--->EndNode1[0]
REAL
  0.437186 -0.0198126 0.00326159   0.305844
-0.0198126  0.0829146  0.0344156 0.00453062
0.00326159  0.0344156   0.089196  0.0107217
  0.305844 0.00453062  0.0107217   0.390704
IMAGINARY
          0 -0.00744611 -0.00931144   0.0116697
 0.00744611           0 -0.00522641  0.00281794
 0.00931144  0.00522641           0  0.00355001
 -0.0116697 -0.00281794 -0.00355001           0
Repeater1[0]<--->HoM1[0]
REAL
   0.428934   0.0266504  0.00130265    0.327783
  0.0266504    0.112944   0.0341525  0.00321348
 0.00130265   0.0341525   0.0850254 -0.00794076
   0.327783  0.00321348 -0.00794076    0.373096
IMAGINARY
          0 -0.00385879  0.00615315   0.0149823
 0.00385879           0  -0.0016844   0.0161398
-0.00615315   0.0016844           0  -0.0184342
 -0.0149823  -0.0161398   0.0184342           0
EndNode1[0]<--->Repeater1[0]
REAL
   0.432396  -0.0276253   -0.009418    0.325631
 -0.0276253   0.0709505    0.012644 -0.00810221
  -0.009418    0.012644   0.0950469   0.0181914
   0.325631 -0.00810221   0.0181914    0.401606
IMAGINARY
          0  -0.0138079 -0.00484677   -0.010471
  0.0138079           0   0.0231613   0.0100416
 0.00484677  -0.0231613           0 -0.00437393
   0.010471  -0.0100416  0.00437393           0
EndNode2[0]<--->HoM1[0]
REAL
   0.402778  0.00383142   0.0080638    0.304242
 0.00383142   0.0921717   0.0258983 -0.00614809
  0.0080638   0.0258983   0.0909091  0.00446999
   0.304242 -0.00614809  0.00446999    0.414141
IMAGINARY
          0 -0.00616276   0.0107072 -0.00955924
 0.00616276           0   0.0213899 -0.00115302
 -0.0107072  -0.0213899           0 -0.00084361
 0.00955924  0.00115302  0.00084361           0
Repeater1[0]<--->EndNode1[0]
REAL
   0.432396   -0.009418  -0.0276253    0.325631
  -0.009418   0.0950469    0.012644   0.0181914
 -0.0276253    0.012644   0.0709505 -0.00810221
   0.325631   0.0181914 -0.00810221    0.401606
IMAGINARY
          0 -0.00484677  -0.0138079   -0.010471
 0.00484677           0  -0.0231613 -0.00437393
  0.0138079   0.0231613           0   0.0100416
   0.010471  0.00437393  -0.0100416           0
Repeater1[0]<--->HoM1[0]
REAL
   0.402778   0.0080638  0.00383142    0.304242
  0.0080638   0.0909091   0.0258983  0.00446999
 0.00383142   0.0258983   0.0921717 -0.00614809
   0.304242  0.00446999 -0.00614809    0.414141
IMAGINARY
          0   0.0107072 -0.00616276 -0.00955924
 -0.0107072           0  -0.0213899 -0.00084361
 0.00616276   0.0213899           0 -0.00115302
 0.00955924  0.00084361  0.00115302           0
EndNode1[0]<--->Repeater1[0]
REAL
   0.428227  0.00993825  0.00157629    0.303189
 0.00993825   0.0723764   0.0356015 -0.00157629
 0.00157629   0.0356015   0.0892642 -0.00490046
   0.303189 -0.00157629 -0.00490046    0.410133
IMAGINARY
           0   -0.0194757    0.0120795   -0.0163359
   0.0194757            0  -0.00118435  0.000483317
  -0.0120795   0.00118435            0  0.000631509
   0.0163359 -0.000483317 -0.000631509            0
EndNode2[0]<--->HoM1[0]
REAL
  0.409262 -0.0115452 -0.0243861   0.301781
-0.0115452  0.0838548  0.0421904    0.02084
-0.0243861  0.0421904  0.0951189 0.00232534
  0.301781    0.02084 0.00232534   0.411765
IMAGINARY
           0   0.00890911  0.000963571   -0.0192403
 -0.00890911            0    0.0101714   0.00798784
-0.000963571   -0.0101714            0  -0.00763033
   0.0192403  -0.00798784   0.00763033            0
Repeater1[0]<--->EndNode1[0]
REAL
   0.428227  0.00157629  0.00993825    0.303189
 0.00157629   0.0892642   0.0356015 -0.00490046
 0.00993825   0.0356015   0.0723764 -0.00157629
   0.303189 -0.00490046 -0.00157629    0.410133
IMAGINARY
           0    0.0120795   -0.0194757   -0.0163359
  -0.0120795            0   0.00118435  0.000631509
   0.0194757  -0.00118435            0  0.000483317
   0.0163359 -0.000631509 -0.000483317            0
Repeater1[0]<--->HoM1[0]
REAL
  0.409262 -0.0243861 -0.0115452   0.301781
-0.0243861  0.0951189  0.0421904 0.00232534
-0.0115452  0.0421904  0.0838548    0.02084
  0.301781 0.00232534    0.02084   0.411765
IMAGINARY
           0  0.000963571   0.00890911   -0.0192403
-0.000963571            0   -0.0101714  -0.00763033
 -0.00890911    0.0101714            0   0.00798784
   0.0192403   0.00763033  -0.00798784            0
EndNode1[0]<--->Repeater1[0]
REAL
  0.435265 0.00741622  0.0048885    0.31552
0.00741622  0.0875462  0.0308246 0.00812265
 0.0048885  0.0308246  0.0900123 0.00807325
   0.31552 0.00812265 0.00807325   0.387176
IMAGINARY
           0  -0.00248745   0.00162893 -7.68963e-05
  0.00248745            0    0.0159693  0.000316595
 -0.00162893   -0.0159693            0   -0.0150223
 7.68963e-05 -0.000316595    0.0150223            0
EndNode2[0]<--->HoM1[0]
REAL
  0.430693  0.0111257  0.0173265   0.326291
 0.0111257  0.0792079  0.0428682 -0.0219994
 0.0173265  0.0428682   0.075495 0.00556325
  0.326291 -0.0219994 0.00556325   0.414604
IMAGINARY
          0  -0.0130559   0.0197831 -0.00546392
  0.0130559           0   0.0254639   0.0243345
 -0.0197831  -0.0254639           0  -0.0257141
 0.00546392  -0.0243345   0.0257141           0
Repeater1[0]<--->EndNode1[0]
REAL
  0.435265  0.0048885 0.00741622    0.31552
 0.0048885  0.0900123  0.0308246 0.00807325
0.00741622  0.0308246  0.0875462 0.00812265
   0.31552 0.00807325 0.00812265   0.387176
IMAGINARY
           0   0.00162893  -0.00248745 -7.68963e-05
 -0.00162893            0   -0.0159693   -0.0150223
  0.00248745    0.0159693            0  0.000316595
 7.68963e-05    0.0150223 -0.000316595            0
Repeater1[0]<--->HoM1[0]
REAL
  0.430693  0.0173265  0.0111257   0.326291
 0.0173265   0.075495  0.0428682 0.00556325
 0.0111257  0.0428682  0.0792079 -0.0219994
  0.326291 0.00556325 -0.0219994   0.414604
IMAGINARY
          0   0.0197831  -0.0130559 -0.00546392
 -0.0197831           0  -0.0254639  -0.0257141
  0.0130559   0.0254639           0   0.0243345
 0.00546392   0.0257141  -0.0243345           0
EndNode1[0]<--->Repeater1[0]
REAL
   0.431472   0.0158026 -0.00339001    0.316248
  0.0158026   0.0786802   0.0324281   0.0103257
-0.00339001   0.0324281   0.0761421   0.0113096
   0.316248   0.0103257   0.0113096    0.413706
IMAGINARY
          0   0.0155105  -0.0218395 -0.00556008
 -0.0155105           0  -0.0186635 -0.00468573
  0.0218395   0.0186635           0  0.00703592
 0.00556008  0.00468573 -0.00703592           0
EndNode2[0]<--->HoM1[0]
REAL
     0.40721  -0.00178541 -8.24493e-05     0.312325
 -0.00178541     0.106809    0.0309114  -0.00939922
-8.24493e-05    0.0309114    0.0934579   -0.0127532
    0.312325  -0.00939922   -0.0127532     0.392523
IMAGINARY
          0 -0.00420671  -0.0011681  -0.0164618
 0.00420671           0   0.0127211   0.0247283
  0.0011681  -0.0127211           0  -0.0206624
  0.0164618  -0.0247283   0.0206624           0
Repeater1[0]<--->EndNode1[0]
REAL
   0.431472 -0.00339001   0.0158026    0.316248
-0.00339001   0.0761421   0.0324281   0.0113096
  0.0158026   0.0324281   0.0786802   0.0103257
   0.316248   0.0113096   0.0103257    0.413706
IMAGINARY
          0  -0.0218395   0.0155105 -0.00556008
  0.0218395           0   0.0186635  0.00703592
 -0.0155105  -0.0186635           0 -0.00468573
 0.00556008 -0.00703592  0.00468573           0
Repeater1[0]<--->HoM1[0]
REAL
     0.40721 -8.24493e-05  -0.00178541     0.312325
-8.24493e-05    0.0934579    0.0309114   -0.0127532
 -0.00178541    0.0309114     0.106809  -0.00939922
    0.312325   -0.0127532  -0.00939922     0.392523
IMAGINARY
          0  -0.0011681 -0.00420671  -0.0164618
  0.0011681           0  -0.0127211  -0.0206624
 0.00420671   0.0127211           0   0.0247283
  0.0164618   0.0206624  -0.0247283           0
EndNode1[0]<--->Repeater1[0]
REAL
  0.425303 -0.0070224  0.0104783   0.308381
-0.0070224  0.0942127  0.0227536  -0.003882
 0.0104783  0.0227536  0.0807537  -0.010128
  0.308381  -0.003882  -0.010128   0.399731
IMAGINARY
           0     0.014227 -0.000337904  -0.00843557
   -0.014227            0     0.040755   -0.0100153
 0.000337904    -0.040755            0  -0.00874593
  0.00843557    0.0100153   0.00874593            0
EndNode2[0]<--->HoM1[0]
REAL
   0.42011 -0.0254533 -0.0135853   0.320498
-0.0254533   0.077135  0.0303453 -0.0013304
-0.0135853  0.0303453  0.0743802 0.00924058
  0.320498 -0.0013304 0.00924058   0.428375
IMAGINARY
          0  -0.0123504  -0.0044677  -0.0107249
  0.0123504           0  0.00745692 -0.00198013
  0.0044677 -0.00745692           0   0.0152812
  0.0107249  0.00198013  -0.0152812           0
Repeater1[0]<--->EndNode1[0]
REAL
  0.425303  0.0104783 -0.0070224   0.308381
 0.0104783  0.0807537  0.0227536  -0.010128
-0.0070224  0.0227536  0.0942127  -0.003882
  0.308381  -0.010128  -0.003882   0.399731
IMAGINARY
           0 -0.000337904     0.014227  -0.00843557
 0.000337904            0    -0.040755  -0.00874593
   -0.014227     0.040755            0   -0.0100153
  0.00843557   0.00874593    0.0100153            0
Repeater1[0]<--->HoM1[0]
REAL
   0.42011 -0.0135853 -0.0254533   0.320498
-0.0135853  0.0743802  0.0303453 0.00924058
-0.0254533  0.0303453   0.077135 -0.0013304
  0.320498 0.00924058 -0.0013304   0.428375
IMAGINARY
          0  -0.0044677  -0.0123504  -0.0107249
  0.0044677           0 -0.00745692   0.0152812
  0.0123504  0.00745692           0 -0.00198013
  0.0107249  -0.0152812  0.00198013           0
EndNode1[0]<--->Repeater1[0]
REAL
   0.416667 -0.00247508  0.00214484    0.318689
-0.00247508    0.078125   0.0189492   0.0120003
 0.00214484   0.0189492   0.0989583   0.0117002
   0.318689   0.0120003   0.0117002     0.40625
IMAGINARY
          0  0.00780234  -0.0110814  0.00954305
-0.00780234           0   0.0217069 -0.00387305
  0.0110814  -0.0217069           0  0.00195059
-0.00954305  0.00387305 -0.00195059           0
EndNode2[0]<--->HoM1[0]
REAL
   0.417202 -0.00381141 -0.00926905    0.307935
-0.00381141   0.0834403   0.0318161  -0.0124701
-0.00926905   0.0318161   0.0744544   -0.014201
   0.307935  -0.0124701   -0.014201    0.424904
IMAGINARY
          0  0.00401971  -0.0192135   0.0128589
-0.00401971           0    -0.02397  0.00926329
  0.0192135     0.02397           0  0.00593054
 -0.0128589 -0.00926329 -0.00593054           0
Repeater1[0]<--->EndNode1[0]
REAL
   0.416667  0.00214484 -0.00247508    0.318689
 0.00214484   0.0989583   0.0189492   0.0117002
-0.00247508   0.0189492    0.078125   0.0120003
   0.318689   0.0117002   0.0120003     0.40625
IMAGINARY
          0  -0.0110814  0.00780234  0.00954305
  0.0110814           0  -0.0217069  0.00195059
-0.00780234   0.0217069           0 -0.00387305
-0.00954305 -0.00195059  0.00387305           0
Repeater1[0]<--->HoM1[0]
REAL
   0.417202 -0.00926905 -0.00381141    0.307935
-0.00926905   0.0744544   0.0318161   -0.014201
-0.00381141   0.0318161   0.0834403  -0.0124701
   0.307935   -0.014201  -0.0124701    0.424904
IMAGINARY
          0  -0.0192135  0.00401971   0.0128589
  0.0192135           0     0.02397  0.00593054
-0.00401971    -0.02397           0  0.00926329
 -0.0128589 -0.00593054 -0.00926329           0
EndNode1[0]<--->Repeater1[0]
REAL
   0.407258  0.00136473  -0.0101895    0.314977
 0.00136473    0.100806   0.0273998  0.00114554
 -0.0101895   0.0273998   0.0672043 -0.00265672
   0.314977  0.00114554 -0.00265672    0.424731
IMAGINARY
          0 -0.00767852 -0.00869196  0.00109794
 0.00767852           0  -0.0364515    0.019251
 0.00869196   0.0364515           0 -0.00163825
-0.00109794   -0.019251  0.00163825           0
EndNode2[0]<--->HoM1[0]
REAL
   0.437077 -0.00939987 -0.00208947    0.316954
-0.00939987   0.0920162   0.0282398  -0.0122676
-0.00208947   0.0282398   0.0784844  0.00752721
   0.316954  -0.0122676  0.00752721    0.392422
IMAGINARY
          0   0.0215626  -0.0160836  -0.0126393
 -0.0215626           0   0.0146104  0.00427261
  0.0160836  -0.0146104           0 -0.00318989
