EndNode1[0]<--->Repeater1[0]
REAL
   0.395833   0.0234037 -0.00885594    0.162215
  0.0234037   0.0898438   0.0071286   0.0296056
-0.00885594   0.0071286   0.0989583    0.022781
   0.162215   0.0296056    0.022781    0.415365
IMAGINARY
          0  0.00634984 -0.00010167  -0.0163565
-0.00634984           0 -0.00989652   -0.013546
 0.00010167  0.00989652           0  0.00977919
  0.0163565    0.013546 -0.00977919           0
EndNode2[0]<--->BSA[0]
REAL
   0.410419 -0.00683893  0.00856632    0.158463
-0.00683893   0.0864041   -0.011837  0.00922509
 0.00856632   -0.011837    0.100381  0.00254445
   0.158463  0.00922509  0.00254445    0.402795
IMAGINARY
          0   0.0246384 -0.00919452   0.0077679
 -0.0246384           0  -0.0136968 -0.00306706
 0.00919452   0.0136968           0 -0.00692724
 -0.0077679  0.00306706  0.00692724           0
Repeater1[0]<--->EndNode1[0]
REAL
   0.395833 -0.00885594   0.0234037    0.162215
-0.00885594   0.0989583   0.0071286    0.022781
  0.0234037   0.0071286   0.0898438   0.0296056
   0.162215    0.022781   0.0296056    0.415365
IMAGINARY
          0 -0.00010167  0.00634984  -0.0163565
 0.00010167           0  0.00989652  0.00977919
-0.00634984 -0.00989652           0   -0.013546
  0.0163565 -0.00977919    0.013546           0
Repeater1[0]<--->BSA[0]
REAL
   0.410419  0.00856632 -0.00683893    0.158463
 0.00856632    0.100381   -0.011837  0.00254445
-0.00683893   -0.011837   0.0864041  0.00922509
   0.158463  0.00254445  0.00922509    0.402795
IMAGINARY
          0 -0.00919452   0.0246384   0.0077679
 0.00919452           0   0.0136968 -0.00692724
 -0.0246384  -0.0136968           0 -0.00306706
 -0.0077679  0.00692724  0.00306706           0
EndNode1[0]<--->Repeater1[0]
REAL
   0.419944     0.01085  0.00155006    0.169451
    0.01085   0.0786517   0.0069823  0.00545631
 0.00155006   0.0069823    0.122191 -0.00639139
   0.169451  0.00545631 -0.00639139    0.379213
IMAGINARY
           0  3.25438e-05    0.0225666   -0.0096401
-3.25438e-05            0  0.000642674    0.0177357
  -0.0225666 -0.000642674            0  -0.00255144
   0.0096401   -0.0177357   0.00255144            0
EndNode2[0]<--->BSA[0]
REAL
    0.41906   0.0213321 -0.00600291    0.143947
  0.0213321    0.101828   0.0119671 -0.00474978
-0.00600291   0.0119671   0.0979112  -0.0132676
   0.143947 -0.00474978  -0.0132676    0.381201
IMAGINARY
          0  -0.0102108   0.0202857  -0.0126315
  0.0102108           0  0.00485947 -0.00759534
 -0.0202857 -0.00485947           0   0.0102108
  0.0126315  0.00759534  -0.0102108           0
Repeater1[0]<--->EndNode1[0]
REAL
   0.419944  0.00155006     0.01085    0.169451
 0.00155006    0.122191   0.0069823 -0.00639139
    0.01085   0.0069823   0.0786517  0.00545631
   0.169451 -0.00639139  0.00545631    0.379213
IMAGINARY
           0    0.0225666  3.25438e-05   -0.0096401
  -0.0225666            0 -0.000642674  -0.00255144
-3.25438e-05  0.000642674            0    0.0177357
   0.0096401   0.00255144   -0.0177357            0
Repeater1[0]<--->BSA[0]
REAL
    0.41906 -0.00600291   0.0213321    0.143947
-0.00600291   0.0979112   0.0119671  -0.0132676
  0.0213321   0.0119671    0.101828 -0.00474978
   0.143947  -0.0132676 -0.00474978    0.381201
IMAGINARY
          0   0.0202857  -0.0102108  -0.0126315
 -0.0202857           0 -0.00485947   0.0102108
  0.0102108  0.00485947           0 -0.00759534
  0.0126315  -0.0102108  0.00759534           0
EndNode1[0]<--->Repeater1[0]
REAL
   0.406607   0.0054775   0.0062917    0.168282
  0.0054775    0.108005 -0.00640182 -0.00759719
  0.0062917 -0.00640182   0.0952986 -0.00286653
   0.168282 -0.00759719 -0.00286653    0.390089
IMAGINARY
           0  -0.00561009    0.0107722  0.000322581
  0.00561009            0  0.000322581    0.0132784
  -0.0107722 -0.000322581            0   -0.0171747
-0.000322581   -0.0132784    0.0171747            0
EndNode2[0]<--->BSA[0]
REAL
   0.385604 -0.00224646  0.00700901    0.143205
-0.00224646    0.109254   -0.020296  -0.0037915
 0.00700901   -0.020296    0.104113  0.00675097
   0.143205  -0.0037915  0.00675097    0.401028
IMAGINARY
          0  0.00244148  0.00295758  -0.0168348
-0.00244148           0  0.00332127  -0.0199182
-0.00295758 -0.00332127           0 -0.00447676
  0.0168348   0.0199182  0.00447676           0
Repeater1[0]<--->EndNode1[0]
REAL
   0.406607   0.0062917   0.0054775    0.168282
  0.0062917   0.0952986 -0.00640182 -0.00286653
  0.0054775 -0.00640182    0.108005 -0.00759719
   0.168282 -0.00286653 -0.00759719    0.390089
IMAGINARY
           0    0.0107722  -0.00561009  0.000322581
  -0.0107722            0 -0.000322581   -0.0171747
  0.00561009  0.000322581            0    0.0132784
-0.000322581    0.0171747   -0.0132784            0
Repeater1[0]<--->BSA[0]
REAL
   0.385604  0.00700901 -0.00224646    0.143205
 0.00700901    0.104113   -0.020296  0.00675097
-0.00224646   -0.020296    0.109254  -0.0037915
   0.143205  0.00675097  -0.0037915    0.401028
IMAGINARY
          0  0.00295758  0.00244148  -0.0168348
-0.00295758           0 -0.00332127 -0.00447676
-0.00244148  0.00332127           0  -0.0199182
  0.0168348  0.00447676   0.0199182           0
EndNode1[0]<--->Repeater1[0]
REAL
  0.425693 -0.0141363 0.00770652   0.150148
-0.0141363   0.103275 0.00610195 -0.0194253
0.00770652 0.00610195  0.0906801 -0.0210199
  0.150148 -0.0194253 -0.0210199   0.380353
IMAGINARY
           0   0.00219705 -0.000806389   -0.0138158
 -0.00219705            0  -0.00592105   -0.0100771
 0.000806389   0.00592105            0    0.0240514
   0.0138158    0.0100771   -0.0240514            0
EndNode2[0]<--->BSA[0]
REAL
   0.390921  0.00349249 -0.00704476    0.165909
 0.00349249   0.0857503  -0.0224198   0.0038842
-0.00704476  -0.0224198     0.12232  0.00851762
   0.165909   0.0038842  0.00851762    0.401009
IMAGINARY
          0   0.0230829  0.00633433 -0.00105978
 -0.0230829           0  -0.0111353 -0.00766059
-0.00633433   0.0111353           0 -0.00982031
 0.00105978  0.00766059  0.00982031           0
Repeater1[0]<--->EndNode1[0]
REAL
  0.425693 0.00770652 -0.0141363   0.150148
0.00770652  0.0906801 0.00610195 -0.0210199
-0.0141363 0.00610195   0.103275 -0.0194253
  0.150148 -0.0210199 -0.0194253   0.380353
IMAGINARY
           0 -0.000806389   0.00219705   -0.0138158
 0.000806389            0   0.00592105    0.0240514
 -0.00219705  -0.00592105            0   -0.0100771
   0.0138158   -0.0240514    0.0100771            0
Repeater1[0]<--->BSA[0]
REAL
   0.390921 -0.00704476  0.00349249    0.165909
-0.00704476     0.12232  -0.0224198  0.00851762
 0.00349249  -0.0224198   0.0857503   0.0038842
   0.165909  0.00851762   0.0038842    0.401009
IMAGINARY
          0  0.00633433   0.0230829 -0.00105978
-0.00633433           0   0.0111353 -0.00982031
 -0.0230829  -0.0111353           0 -0.00766059
 0.00105978  0.00982031  0.00766059           0
EndNode1[0]<--->Repeater1[0]
REAL
    0.41721   0.0166457 -0.00154036    0.144276
  0.0166457    0.095176   -0.016484 -0.00342242
-0.00154036   -0.016484    0.104302   0.0056868
   0.144276 -0.00342242   0.0056868    0.383312
IMAGINARY
          0 -0.00384576 -0.00861203   0.0224943
 0.00384576           0  0.00203397  -0.0205019
 0.00861203 -0.00203397           0 -0.00248336
 -0.0224943   0.0205019  0.00248336           0
EndNode2[0]<--->BSA[0]
REAL
   0.404601   -0.010468 -0.00940528    0.157637
  -0.010468   0.0906631  0.00369301   0.0217205
-0.00940528  0.00369301    0.102842   -0.010468
   0.157637   0.0217205   -0.010468    0.401894
IMAGINARY
           0   -0.0120661    0.0174531  0.000333496
   0.0120661            0   0.00486131   -0.0199976
  -0.0174531  -0.00486131            0   -0.0108346
-0.000333496    0.0199976    0.0108346            0
Repeater1[0]<--->EndNode1[0]
REAL
    0.41721 -0.00154036   0.0166457    0.144276
-0.00154036    0.104302   -0.016484   0.0056868
  0.0166457   -0.016484    0.095176 -0.00342242
   0.144276   0.0056868 -0.00342242    0.383312
IMAGINARY
          0 -0.00861203 -0.00384576   0.0224943
 0.00861203           0 -0.00203397 -0.00248336
 0.00384576  0.00203397           0  -0.0205019
 -0.0224943  0.00248336   0.0205019           0
Repeater1[0]<--->BSA[0]
REAL
   0.404601 -0.00940528   -0.010468    0.157637
-0.00940528    0.102842  0.00369301   -0.010468
  -0.010468  0.00369301   0.0906631   0.0217205
   0.157637   -0.010468   0.0217205    0.401894
IMAGINARY
           0    0.0174531   -0.0120661  0.000333496
  -0.0174531            0  -0.00486131   -0.0108346
   0.0120661   0.00486131            0   -0.0199976
-0.000333496    0.0108346    0.0199976            0
EndNode1[0]<--->Repeater1[0]
REAL
    0.40404   0.0148981 -0.00135859     0.15884
  0.0148981   0.0921717 -0.00484274  0.00856697
-0.00135859 -0.00484274    0.112374  0.00541644
    0.15884  0.00856697  0.00541644    0.391414
IMAGINARY
          0  -0.0126154   0.0140665  0.00605397
  0.0126154           0  -0.0160141   0.0140665
 -0.0140665   0.0160141           0  -0.0193539
-0.00605397  -0.0140665   0.0193539           0
EndNode2[0]<--->BSA[0]
REAL
   0.412334 -0.00983322  -0.0246871    0.165216
-0.00983322   0.0834341  0.00935573 0.000312912
 -0.0246871  0.00935573   0.0918984    0.010492
   0.165216 0.000312912    0.010492    0.412334
IMAGINARY
          0  -0.0136951   0.0125516  -0.0041375
  0.0136951           0   -0.009929  0.00864538
 -0.0125516    0.009929           0   0.0174358
  0.0041375 -0.00864538  -0.0174358           0
Repeater1[0]<--->EndNode1[0]
REAL
    0.40404 -0.00135859   0.0148981     0.15884
-0.00135859    0.112374 -0.00484274  0.00541644
  0.0148981 -0.00484274   0.0921717  0.00856697
    0.15884  0.00541644  0.00856697    0.391414
IMAGINARY
          0   0.0140665  -0.0126154  0.00605397
 -0.0140665           0   0.0160141  -0.0193539
  0.0126154  -0.0160141           0   0.0140665
-0.00605397   0.0193539  -0.0140665           0
Repeater1[0]<--->BSA[0]
REAL
   0.412334  -0.0246871 -0.00983322    0.165216
 -0.0246871   0.0918984  0.00935573    0.010492
-0.00983322  0.00935573   0.0834341 0.000312912
   0.165216    0.010492 0.000312912    0.412334
IMAGINARY
          0   0.0125516  -0.0136951  -0.0041375
 -0.0125516           0    0.009929   0.0174358
  0.0136951   -0.009929           0  0.00864538
  0.0041375  -0.0174358 -0.00864538           0
EndNode1[0]<--->Repeater1[0]
REAL
   0.380074  0.00092228 -0.00636256    0.150357
 0.00092228    0.105781   0.0103571 -0.00766805
-0.00636256   0.0103571   0.0885609 -0.00985085
   0.150357 -0.00766805 -0.00985085    0.425584
IMAGINARY
           0  7.73967e-05   -0.0157545   0.00138272
-7.73967e-05            0  -0.00964193  -0.00424552
   0.0157545   0.00964193            0    0.0145893
 -0.00138272   0.00424552   -0.0145893            0
EndNode2[0]<--->BSA[0]
REAL
  0.406977 -0.0118537 0.00769847   0.152137
-0.0118537   0.102067  -0.020417 0.00708648
0.00769847  -0.020417   0.100775 -0.0083076
  0.152137 0.00708648 -0.0083076   0.390181
IMAGINARY
          0  0.00438621  -0.0210878  0.00288808
-0.00438621           0 -0.00873983   0.0020661
  0.0210878  0.00873983           0  -0.0057449
-0.00288808  -0.0020661   0.0057449           0
Repeater1[0]<--->EndNode1[0]
REAL
   0.380074 -0.00636256  0.00092228    0.150357
-0.00636256   0.0885609   0.0103571 -0.00985085
 0.00092228   0.0103571    0.105781 -0.00766805
   0.150357 -0.00985085 -0.00766805    0.425584
IMAGINARY
           0   -0.0157545  7.73967e-05   0.00138272
   0.0157545            0   0.00964193    0.0145893
-7.73967e-05  -0.00964193            0  -0.00424552
 -0.00138272   -0.0145893   0.00424552            0
Repeater1[0]<--->BSA[0]
REAL
  0.406977 0.00769847 -0.0118537   0.152137
0.00769847   0.100775  -0.020417 -0.0083076
-0.0118537  -0.020417   0.102067 0.00708648
  0.152137 -0.0083076 0.00708648   0.390181
IMAGINARY
          0  -0.0210878  0.00438621  0.00288808
  0.0210878           0  0.00873983  -0.0057449
-0.00438621 -0.00873983           0   0.0020661
-0.00288808   0.0057449  -0.0020661           0
EndNode1[0]<--->Repeater1[0]
REAL
   0.40806  0.0195215 0.00492226   0.188498
 0.0195215  0.0944584 0.00222357   0.013119
0.00492226 0.00222357  0.0994962 0.00109708
  0.188498   0.013119 0.00109708   0.397985
IMAGINARY
          0 -0.00313326 -0.00844092   0.0136094
 0.00313326           0  0.00534489  0.00517294
 0.00844092 -0.00534489           0  -0.0171282
 -0.0136094 -0.00517294   0.0171282           0
EndNode2[0]<--->BSA[0]
REAL
   0.399745  0.00568742    0.011401    0.143684
 0.00568742   0.0906769 -0.00872249   -0.015257
   0.011401 -0.00872249   0.0970626 -0.00183138
   0.143684   -0.015257 -0.00183138    0.412516
IMAGINARY
           0 -0.000620576   -0.0104966   0.00631746
 0.000620576            0  -0.00825795  -0.00554614
   0.0104966   0.00825795            0    0.0113158
 -0.00631746   0.00554614   -0.0113158            0
Repeater1[0]<--->EndNode1[0]
REAL
   0.40806 0.00492226  0.0195215   0.188498
0.00492226  0.0994962 0.00222357 0.00109708
 0.0195215 0.00222357  0.0944584   0.013119
  0.188498 0.00109708   0.013119   0.397985
IMAGINARY
          0 -0.00844092 -0.00313326   0.0136094
 0.00844092           0 -0.00534489  -0.0171282
 0.00313326  0.00534489           0  0.00517294
 -0.0136094   0.0171282 -0.00517294           0
Repeater1[0]<--->BSA[0]
REAL
   0.399745    0.011401  0.00568742    0.143684
   0.011401   0.0970626 -0.00872249 -0.00183138
 0.00568742 -0.00872249   0.0906769   -0.015257
   0.143684 -0.00183138   -0.015257    0.412516
IMAGINARY
           0   -0.0104966 -0.000620576   0.00631746
   0.0104966            0   0.00825795    0.0113158
 0.000620576  -0.00825795            0  -0.00554614
 -0.00631746   -0.0113158   0.00554614            0
EndNode1[0]<--->Repeater1[0]
REAL
   0.414053  0.00756986   0.0302291    0.152102
 0.00756986    0.100376 -0.00280041   -0.018158
  0.0302291 -0.00280041    0.104141 -0.00820518
   0.152102   -0.018158 -0.00820518     0.38143
IMAGINARY
          0  0.00351204  -0.0069867  0.00155666
-0.00351204           0  0.00155666   0.0102547
  0.0069867 -0.00155666           0 -0.00155125
-0.00155666  -0.0102547  0.00155125           0
EndNode2[0]<--->BSA[0]
REAL
    0.397022   0.00290409    0.0114454     0.172651
  0.00290409     0.105459  -0.00814346  -0.00496873
   0.0114454  -0.00814346     0.102978 -0.000313415
    0.172651  -0.00496873 -0.000313415     0.394541
IMAGINARY
          0   0.0225361   0.0146636 -0.00113066
 -0.0225361           0  0.00896356  -0.0100278
 -0.0146636 -0.00896356           0  -0.0179003
 0.00113066   0.0100278   0.0179003           0
Repeater1[0]<--->EndNode1[0]
REAL
   0.414053   0.0302291  0.00756986    0.152102
  0.0302291    0.104141 -0.00280041 -0.00820518
 0.00756986 -0.00280041    0.100376   -0.018158
   0.152102 -0.00820518   -0.018158     0.38143
IMAGINARY
          0  -0.0069867  0.00351204  0.00155666
  0.0069867           0 -0.00155666 -0.00155125
-0.00351204  0.00155666           0   0.0102547
-0.00155666  0.00155125  -0.0102547           0
Repeater1[0]<--->BSA[0]
REAL
    0.397022    0.0114454   0.00290409     0.172651
   0.0114454     0.102978  -0.00814346 -0.000313415
  0.00290409  -0.00814346     0.105459  -0.00496873
    0.172651 -0.000313415  -0.00496873     0.394541
IMAGINARY
          0   0.0146636   0.0225361 -0.00113066
 -0.0146636           0 -0.00896356  -0.0179003
 -0.0225361  0.00896356           0  -0.0100278
 0.00113066   0.0179003   0.0100278           0
EndNode1[0]<--->Repeater1[0]
REAL
   0.388614 -0.00921867  -0.0155416    0.168085
-0.00921867    0.108911  0.00933468  0.00715446
 -0.0155416  0.00933468   0.0903465 0.000831577
   0.168085  0.00715446 0.000831577    0.412129
IMAGINARY
          0  0.00196406   0.0241372  -0.0036425
-0.00196406           0   0.0023336   0.0108628
 -0.0241372  -0.0023336           0 -0.00821406
  0.0036425  -0.0108628  0.00821406           0
EndNode2[0]<--->BSA[0]
REAL
   0.407652 -0.00651004 -0.00618885    0.163557
-0.00651004   0.0989446 -0.00719121  -0.0129706
-0.00618885 -0.00719121   0.0976253  -0.0175938
   0.163557  -0.0129706  -0.0175938    0.395778
IMAGINARY
          0 -0.00624887  -0.0038224  -0.0015972
 0.00624887           0 -0.00298996  0.00178158
  0.0038224  0.00298996           0  0.00828969
  0.0015972 -0.00178158 -0.00828969           0
Repeater1[0]<--->EndNode1[0]
REAL
   0.388614  -0.0155416 -0.00921867    0.168085
 -0.0155416   0.0903465  0.00933468 0.000831577
-0.00921867  0.00933468    0.108911  0.00715446
   0.168085 0.000831577  0.00715446    0.412129
IMAGINARY
          0   0.0241372  0.00196406  -0.0036425
 -0.0241372           0  -0.0023336 -0.00821406
-0.00196406   0.0023336           0   0.0108628
  0.0036425  0.00821406  -0.0108628           0
Repeater1[0]<--->BSA[0]
REAL
   0.407652 -0.00618885 -0.00651004    0.163557
-0.00618885   0.0976253 -0.00719121  -0.0175938
-0.00651004 -0.00719121   0.0989446  -0.0129706
   0.163557  -0.0175938  -0.0129706    0.395778
IMAGINARY
          0  -0.0038224 -0.00624887  -0.0015972
  0.0038224           0  0.00298996  0.00828969
 0.00624887 -0.00298996           0  0.00178158
  0.0015972 -0.00828969 -0.00178158           0
EndNode1[0]<--->Repeater1[0]
REAL
    0.39871   0.0237557 -0.00964324    0.175773
  0.0237557   0.0903226   0.0189229  0.00640908
-0.00964324   0.0189229   0.0967742  0.00664538
   0.175773  0.00640908  0.00664538    0.414194
IMAGINARY
           0    0.0187396   0.00158548 -0.000192407
  -0.0187396            0   0.00515519    0.0195413
 -0.00158548  -0.00515519            0   0.00366754
 0.000192407   -0.0195413  -0.00366754            0
EndNode2[0]<--->BSA[0]
REAL
   0.415243 -0.00507899 -0.00693994    0.156036
-0.00507899    0.105125  0.00436503 0.000674275
-0.00693994  0.00436503   0.0959264   0.0125978
   0.156036 0.000674275   0.0125978    0.383706
IMAGINARY
          0  -0.0166602  0.00165628 -0.00428061
  0.0166602           0  0.00834565 -0.00936836
-0.00165628 -0.00834565           0  0.00252138
 0.00428061  0.00936836 -0.00252138           0
Repeater1[0]<--->EndNode1[0]
REAL
    0.39871 -0.00964324   0.0237557    0.175773
-0.00964324   0.0967742   0.0189229  0.00664538
  0.0237557   0.0189229   0.0903226  0.00640908
   0.175773  0.00664538  0.00640908    0.414194
IMAGINARY
           0   0.00158548    0.0187396 -0.000192407
 -0.00158548            0  -0.00515519   0.00366754
  -0.0187396   0.00515519            0    0.0195413
 0.000192407  -0.00366754   -0.0195413            0
Repeater1[0]<--->BSA[0]
REAL
   0.415243 -0.00693994 -0.00507899    0.156036
-0.00693994   0.0959264  0.00436503   0.0125978
-0.00507899  0.00436503    0.105125 0.000674275
   0.156036   0.0125978 0.000674275    0.383706
IMAGINARY
          0  0.00165628  -0.0166602 -0.00428061
-0.00165628           0 -0.00834565  0.00252138
  0.0166602  0.00834565           0 -0.00936836
 0.00428061 -0.00252138  0.00936836           0
EndNode1[0]<--->Repeater1[0]
REAL
   0.381402 -0.00688064  0.00351219    0.158449
-0.00688064   0.0983827  0.00863832 -0.00288167
 0.00351219  0.00863832   0.0943396  -0.0227537
   0.158449 -0.00288167  -0.0227537    0.425876
IMAGINARY
           0   0.00334362   0.00941171   0.00833828
 -0.00334362            0  0.000203112  -0.00751537
 -0.00941171 -0.000203112            0  -0.00903262
 -0.00833828   0.00751537   0.00903262            0
EndNode2[0]<--->BSA[0]
REAL
   0.405195  -0.0243438  -0.0239724     0.13974
 -0.0243438    0.103896   0.0135264  0.00512815
 -0.0239724   0.0135264   0.0987013 -0.00957583
    0.13974  0.00512815 -0.00957583    0.392208
IMAGINARY
          0  -0.0239896   0.0358705  0.00454973
  0.0239896           0 -0.00817292 -0.00188992
 -0.0358705  0.00817292           0 -0.00756382
-0.00454973  0.00188992  0.00756382           0
Repeater1[0]<--->EndNode1[0]
REAL
   0.381402  0.00351219 -0.00688064    0.158449
 0.00351219   0.0943396  0.00863832  -0.0227537
-0.00688064  0.00863832   0.0983827 -0.00288167
   0.158449  -0.0227537 -0.00288167    0.425876
IMAGINARY
           0   0.00941171   0.00334362   0.00833828
 -0.00941171            0 -0.000203112  -0.00903262
 -0.00334362  0.000203112            0  -0.00751537
 -0.00833828   0.00903262   0.00751537            0
Repeater1[0]<--->BSA[0]
REAL
   0.405195  -0.0239724  -0.0243438     0.13974
 -0.0239724   0.0987013   0.0135264 -0.00957583
 -0.0243438   0.0135264    0.103896  0.00512815
    0.13974 -0.00957583  0.00512815    0.392208
IMAGINARY
          0   0.0358705  -0.0239896  0.00454973
 -0.0358705           0  0.00817292 -0.00756382
  0.0239896 -0.00817292           0 -0.00188992
-0.00454973  0.00756382  0.00188992           0
EndNode1[0]<--->Repeater1[0]
REAL
  0.424552  0.0160259 2.6892e-05   0.150967
 0.0160259  0.0946292  0.0306809  0.0130817
2.6892e-05  0.0306809  0.0907928  0.0058218
  0.150967  0.0130817  0.0058218   0.390026
IMAGINARY
          0 -0.00425869 -0.00489429   0.0153999
 0.00425869           0  -0.0108485  0.00424409
 0.00489429   0.0108485           0 -0.00809501
 -0.0153999 -0.00424409  0.00809501           0
EndNode2[0]<--->BSA[0]
REAL
   0.410156 -0.00123609   0.0124434    0.168747
-0.00123609   0.0924479 -0.00496479 -0.00935317
  0.0124434 -0.00496479   0.0872396   0.0166873
   0.168747 -0.00935317   0.0166873    0.410156
IMAGINARY
          0   -0.022744  0.00630551   0.0117607
   0.022744           0  -0.0303777   -0.003003
-0.00630551   0.0303777           0   0.0128365
 -0.0117607    0.003003  -0.0128365           0
Repeater1[0]<--->EndNode1[0]
REAL
  0.424552 2.6892e-05  0.0160259   0.150967
2.6892e-05  0.0907928  0.0306809  0.0058218
 0.0160259  0.0306809  0.0946292  0.0130817
  0.150967  0.0058218  0.0130817   0.390026
IMAGINARY
          0 -0.00489429 -0.00425869   0.0153999
 0.00489429           0   0.0108485 -0.00809501
 0.00425869  -0.0108485           0  0.00424409
 -0.0153999  0.00809501 -0.00424409           0
Repeater1[0]<--->BSA[0]
REAL
   0.410156   0.0124434 -0.00123609    0.168747
  0.0124434   0.0872396 -0.00496479   0.0166873
-0.00123609 -0.00496479   0.0924479 -0.00935317
   0.168747   0.0166873 -0.00935317    0.410156
IMAGINARY
          0  0.00630551   -0.022744   0.0117607
-0.00630551           0   0.0303777   0.0128365
   0.022744  -0.0303777           0   -0.003003
 -0.0117607  -0.0128365    0.003003           0
EndNode1[0]<--->Repeater1[0]
REAL
   0.412346  0.00831395  0.00077634     0.15379
 0.00831395    0.102469    0.008253 -0.00645099
 0.00077634    0.008253   0.0925926  0.00366587
    0.15379 -0.00645099  0.00366587    0.392593
IMAGINARY
          0 -0.00650625  0.00673629  -0.0151225
 0.00650625           0  0.00931606 -0.00867678
-0.00673629 -0.00931606           0   0.0032721
  0.0151225  0.00867678  -0.0032721           0
EndNode2[0]<--->BSA[0]
REAL
   0.418782  -0.0306203  0.00287033    0.151394
 -0.0306203   0.0926396   0.0152722 -0.00158827
 0.00287033   0.0152722   0.0989848     0.02421
   0.151394 -0.00158827     0.02421    0.389594
IMAGINARY
          0   0.0109711  -0.0031552  -0.0106153
 -0.0109711           0  0.00422147   0.0117873
  0.0031552 -0.00422147           0 -0.00897905
  0.0106153  -0.0117873  0.00897905           0
Repeater1[0]<--->EndNode1[0]
REAL
   0.412346  0.00077634  0.00831395     0.15379
 0.00077634   0.0925926    0.008253  0.00366587
 0.00831395    0.008253    0.102469 -0.00645099
    0.15379  0.00366587 -0.00645099    0.392593
IMAGINARY
          0  0.00673629 -0.00650625  -0.0151225
-0.00673629           0 -0.00931606   0.0032721
 0.00650625  0.00931606           0 -0.00867678
  0.0151225  -0.0032721  0.00867678           0
Repeater1[0]<--->BSA[0]
REAL
   0.418782  0.00287033  -0.0306203    0.151394
 0.00287033   0.0989848   0.0152722     0.02421
 -0.0306203   0.0152722   0.0926396 -0.00158827
   0.151394     0.02421 -0.00158827    0.389594
IMAGINARY
          0  -0.0031552   0.0109711  -0.0106153
  0.0031552           0 -0.00422147 -0.00897905
 -0.0109711  0.00422147           0   0.0117873
  0.0106153  0.00897905  -0.0117873           0
EndNode1[0]<--->Repeater1[0]
REAL
   0.408088  0.00392326  -0.0201484     0.14693
 0.00392326    0.109069   0.0135965 -0.00222007
 -0.0201484   0.0135965    0.104167 -0.00523905
    0.14693 -0.00222007 -0.00523905    0.378676
IMAGINARY
          0  0.00403258   0.0106957 -0.00462175
-0.00403258           0   -0.007097    0.018934
 -0.0106957    0.007097           0 -0.00279802
 0.00462175   -0.018934  0.00279802           0
EndNode2[0]<--->BSA[0]
REAL
    0.421557 -8.33144e-05   -0.0011575     0.157607
-8.33144e-05    0.0766467    0.0208774  -0.00495497
  -0.0011575    0.0208774     0.105389  -0.00480666
    0.157607  -0.00495497  -0.00480666     0.396407
IMAGINARY
          0   0.0148223  0.00364336  -0.0204451
 -0.0148223           0 -0.00366658   0.0164639
-0.00364336  0.00366658           0  -0.0201843
  0.0204451  -0.0164639   0.0201843           0
Repeater1[0]<--->EndNode1[0]
REAL
   0.408088  -0.0201484  0.00392326     0.14693
 -0.0201484    0.104167   0.0135965 -0.00523905
 0.00392326   0.0135965    0.109069 -0.00222007
    0.14693 -0.00523905 -0.00222007    0.378676
IMAGINARY
          0   0.0106957  0.00403258 -0.00462175
 -0.0106957           0    0.007097 -0.00279802
-0.00403258   -0.007097           0    0.018934
 0.00462175  0.00279802   -0.018934           0
Repeater1[0]<--->BSA[0]
REAL
    0.421557   -0.0011575 -8.33144e-05     0.157607
  -0.0011575     0.105389    0.0208774  -0.00480666
-8.33144e-05    0.0208774    0.0766467  -0.00495497
    0.157607  -0.00480666  -0.00495497     0.396407
IMAGINARY
          0  0.00364336   0.0148223  -0.0204451
-0.00364336           0  0.00366658  -0.0201843
 -0.0148223 -0.00366658           0   0.0164639
  0.0204451   0.0201843  -0.0164639           0
EndNode1[0]<--->Repeater1[0]
REAL
   0.399507 -0.00301531 -0.00386147    0.156511
-0.00301531   0.0863132  -0.0058439  0.00652814
-0.00386147  -0.0058439    0.119605   0.0110153
   0.156511  0.00652814   0.0110153    0.394575
IMAGINARY
          0   0.0100159  0.00244454   0.0201698
 -0.0100159           0    0.034804  -0.0108533
-0.00244454   -0.034804           0  0.00486123
 -0.0201698   0.0108533 -0.00486123           0
EndNode2[0]<--->BSA[0]
REAL
  0.431968 -0.0211626 -0.0105544   0.183507
-0.0211626  0.0871863 -0.0245033  0.0175786
-0.0105544 -0.0245033  0.0937913 0.00647555
  0.183507  0.0175786 0.00647555   0.387054
IMAGINARY
           0  -0.00467771    -0.013487   0.00654732
  0.00467771            0   -0.0197685  -0.00330887
    0.013487    0.0197685            0  0.000801742
 -0.00654732   0.00330887 -0.000801742            0
Repeater1[0]<--->EndNode1[0]
REAL
   0.399507 -0.00386147 -0.00301531    0.156511
-0.00386147    0.119605  -0.0058439   0.0110153
-0.00301531  -0.0058439   0.0863132  0.00652814
   0.156511   0.0110153  0.00652814    0.394575
IMAGINARY
          0  0.00244454   0.0100159   0.0201698
-0.00244454           0   -0.034804  0.00486123
 -0.0100159    0.034804           0  -0.0108533
 -0.0201698 -0.00486123   0.0108533           0
Repeater1[0]<--->BSA[0]
REAL
  0.431968 -0.0105544 -0.0211626   0.183507
-0.0105544  0.0937913 -0.0245033 0.00647555
-0.0211626 -0.0245033  0.0871863  0.0175786
  0.183507 0.00647555  0.0175786   0.387054
IMAGINARY
           0    -0.013487  -0.00467771   0.00654732
    0.013487            0    0.0197685  0.000801742
  0.00467771   -0.0197685            0  -0.00330887
 -0.00654732 -0.000801742   0.00330887            0
EndNode1[0]<--->Repeater1[0]
REAL
    0.418478   0.00159041    0.0262242     0.157361
  0.00159041     0.101902    -0.022157 -0.000714018
   0.0262242    -0.022157     0.100543    0.0290218
    0.157361 -0.000714018    0.0290218     0.379076
IMAGINARY
           0    0.0100482  -0.00417825 -0.000294525
  -0.0100482            0     0.013808   -0.0054603
  0.00417825    -0.013808            0    0.0140482
 0.000294525    0.0054603   -0.0140482            0
EndNode2[0]<--->BSA[0]
REAL
    0.38601   0.0114858 -0.00536767    0.183803
  0.0114858   0.0829016  0.00989033  0.00601117
-0.00536767  0.00989033    0.107513  -0.0262863
   0.183803  0.00601117  -0.0262863    0.423575
IMAGINARY
          0  0.00164535  0.00637103  -0.0207481
-0.00164535           0  0.00685924  -0.0114861
-0.00637103 -0.00685924           0   0.0149787
  0.0207481   0.0114861  -0.0149787           0
Repeater1[0]<--->EndNode1[0]
REAL
    0.418478    0.0262242   0.00159041     0.157361
   0.0262242     0.100543    -0.022157    0.0290218
  0.00159041    -0.022157     0.101902 -0.000714018
    0.157361    0.0290218 -0.000714018     0.379076
IMAGINARY
           0  -0.00417825    0.0100482 -0.000294525
  0.00417825            0    -0.013808    0.0140482
  -0.0100482     0.013808            0   -0.0054603
 0.000294525   -0.0140482    0.0054603            0
Repeater1[0]<--->BSA[0]
REAL
    0.38601 -0.00536767   0.0114858    0.183803
-0.00536767    0.107513  0.00989033  -0.0262863
  0.0114858  0.00989033   0.0829016  0.00601117
   0.183803  -0.0262863  0.00601117    0.423575
IMAGINARY
          0  0.00637103  0.00164535  -0.0207481
-0.00637103           0 -0.00685924   0.0149787
-0.00164535  0.00685924           0  -0.0114861
  0.0207481  -0.0149787   0.0114861           0
EndNode1[0]<--->Repeater1[0]
REAL
   0.394531  0.00301912  0.00354807    0.168293
 0.00301912    0.104167   0.0182935   0.0117242
 0.00354807   0.0182935     0.09375 -0.00633917
   0.168293   0.0117242 -0.00633917    0.407552
IMAGINARY
          0 -0.00582464  0.00802475  0.00933515
 0.00582464           0  -0.0137824  -0.0105889
-0.00802475   0.0137824           0  0.00197848
-0.00933515   0.0105889 -0.00197848           0
EndNode2[0]<--->BSA[0]
REAL
   0.416237    0.023227 -0.00929681    0.168816
   0.023227    0.103093  -0.0390026  -0.0012622
-0.00929681  -0.0390026    0.101804   0.0159034
   0.168816  -0.0012622   0.0159034    0.378866
IMAGINARY
          0   0.0112834  -0.0124399 -0.00161009
 -0.0112834           0 -0.00638499  -0.0060786
  0.0124399  0.00638499           0   0.0250678
 0.00161009   0.0060786  -0.0250678           0
Repeater1[0]<--->EndNode1[0]
REAL
   0.394531  0.00354807  0.00301912    0.168293
 0.00354807     0.09375   0.0182935 -0.00633917
 0.00301912   0.0182935    0.104167   0.0117242
   0.168293 -0.00633917   0.0117242    0.407552
IMAGINARY
          0  0.00802475 -0.00582464  0.00933515
-0.00802475           0   0.0137824  0.00197848
 0.00582464  -0.0137824           0  -0.0105889
-0.00933515 -0.00197848   0.0105889           0
Repeater1[0]<--->BSA[0]
REAL
   0.416237 -0.00929681    0.023227    0.168816
-0.00929681    0.101804  -0.0390026   0.0159034
   0.023227  -0.0390026    0.103093  -0.0012622
   0.168816   0.0159034  -0.0012622    0.378866
IMAGINARY
          0  -0.0124399   0.0112834 -0.00161009
  0.0124399           0  0.00638499   0.0250678
 -0.0112834 -0.00638499           0  -0.0060786
 0.00161009  -0.0250678   0.0060786           0
EndNode1[0]<--->Repeater1[0]
REAL
   0.418485   0.0180144 -0.00435778    0.164051
  0.0180144   0.0680359  0.00668059 -0.00241729
-0.00435778  0.00668059    0.097561  0.00908585
   0.164051 -0.00241729  0.00908585    0.415918
IMAGINARY
          0  0.00536937  -0.0162816  -0.0218925
-0.00536937           0 -0.00179507  -0.0122709
  0.0162816  0.00179507           0  -0.0219696
  0.0218925   0.0122709   0.0219696           0
EndNode2[0]<--->BSA[0]
REAL
   0.398046   0.0157904   0.0147425    0.149555
  0.0157904    0.115995  0.00419168 -0.00311462
  0.0147425  0.00419168   0.0818071  0.00100546
   0.149555 -0.00311462  0.00100546    0.404151
IMAGINARY
           0   0.00838635   0.00991449  -0.00486898
 -0.00838635            0    0.0074463  0.000110571
 -0.00991449   -0.0074463            0   0.00289184
  0.00486898 -0.000110571  -0.00289184            0
Repeater1[0]<--->EndNode1[0]
REAL
   0.418485 -0.00435778   0.0180144    0.164051
-0.00435778    0.097561  0.00668059  0.00908585
  0.0180144  0.00668059   0.0680359 -0.00241729
   0.164051  0.00908585 -0.00241729    0.415918
IMAGINARY
          0  -0.0162816  0.00536937  -0.0218925
  0.0162816           0  0.00179507  -0.0219696
-0.00536937 -0.00179507           0  -0.0122709
  0.0218925   0.0219696   0.0122709           0
Repeater1[0]<--->BSA[0]
REAL
   0.398046   0.0147425   0.0157904    0.149555
  0.0147425   0.0818071  0.00419168  0.00100546
  0.0157904  0.00419168    0.115995 -0.00311462
   0.149555  0.00100546 -0.00311462    0.404151
IMAGINARY
           0   0.00991449   0.00838635  -0.00486898
 -0.00991449            0   -0.0074463   0.00289184
 -0.00838635    0.0074463            0  0.000110571
  0.00486898  -0.00289184 -0.000110571            0
EndNode1[0]<--->Repeater1[0]
REAL
   0.388608  0.00250227  -0.0050842     0.16363
 0.00250227   0.0936709  -0.0226694  0.00571631
 -0.0050842  -0.0226694   0.0987342 -0.00439861
    0.16363  0.00571631 -0.00439861    0.418987
IMAGINARY
          0 -0.00301695   0.0103067  0.00913404
 0.00301695           0   0.0254657 -0.00454482
 -0.0103067  -0.0254657           0   -0.021951
-0.00913404  0.00454482    0.021951           0
EndNode2[0]<--->BSA[0]
REAL
   0.399743 0.000516052 -0.00917617    0.185467
0.000516052   0.0951157 -0.00694116  -0.0143308
-0.00917617 -0.00694116   0.0976864  -0.0151285
   0.185467  -0.0143308  -0.0151285    0.407455
IMAGINARY
          0  0.00303772  0.00777748 -0.00854305
-0.00303772           0  0.00414053   0.0210183
-0.00777748 -0.00414053           0   -0.025289
 0.00854305  -0.0210183    0.025289           0
Repeater1[0]<--->EndNode1[0]
REAL
   0.388608  -0.0050842  0.00250227     0.16363
 -0.0050842   0.0987342  -0.0226694 -0.00439861
 0.00250227  -0.0226694   0.0936709  0.00571631
    0.16363 -0.00439861  0.00571631    0.418987
IMAGINARY
          0   0.0103067 -0.00301695  0.00913404
 -0.0103067           0  -0.0254657   -0.021951
 0.00301695   0.0254657           0 -0.00454482
-0.00913404    0.021951  0.00454482           0
Repeater1[0]<--->BSA[0]
REAL
   0.399743 -0.00917617 0.000516052    0.185467
-0.00917617   0.0976864 -0.00694116  -0.0151285
0.000516052 -0.00694116   0.0951157  -0.0143308
   0.185467  -0.0151285  -0.0143308    0.407455
IMAGINARY
          0  0.00777748  0.00303772 -0.00854305
-0.00777748           0 -0.00414053   -0.025289
-0.00303772  0.00414053           0   0.0210183
 0.00854305    0.025289  -0.0210183           0
EndNode1[0]<--->Repeater1[0]
REAL
  0.404393  0.0101238  0.0019668   0.144461
 0.0101238  0.0981912 0.00188041 -0.0117229
 0.0019668 0.00188041   0.104651 -0.0150018
  0.144461 -0.0117229 -0.0150018   0.392765
IMAGINARY
          0  0.00212585 -0.00115472 -0.00195229
-0.00212585           0  0.00129869   0.0198644
 0.00115472 -0.00129869           0 -0.00922262
 0.00195229  -0.0198644  0.00922262           0
EndNode2[0]<--->BSA[0]
REAL
    0.42623 -0.00248988  0.00241704    0.157079
-0.00248988   0.0781841 -0.00913898   0.0256729
 0.00241704 -0.00913898    0.108449   0.0031141
   0.157079   0.0256729   0.0031141    0.387137
IMAGINARY
          0  0.00802755 -0.00471063    0.011354
-0.00802755           0    0.015354  -0.0013459
 0.00471063   -0.015354           0 -0.00466281
  -0.011354   0.0013459  0.00466281           0
Repeater1[0]<--->EndNode1[0]
REAL
  0.404393  0.0019668  0.0101238   0.144461
 0.0019668   0.104651 0.00188041 -0.0150018
 0.0101238 0.00188041  0.0981912 -0.0117229
  0.144461 -0.0150018 -0.0117229   0.392765
IMAGINARY
          0 -0.00115472  0.00212585 -0.00195229
 0.00115472           0 -0.00129869 -0.00922262
-0.00212585  0.00129869           0   0.0198644
 0.00195229  0.00922262  -0.0198644           0
Repeater1[0]<--->BSA[0]
REAL
    0.42623  0.00241704 -0.00248988    0.157079
 0.00241704    0.108449 -0.00913898   0.0031141
-0.00248988 -0.00913898   0.0781841   0.0256729
   0.157079   0.0031141   0.0256729    0.387137
IMAGINARY
          0 -0.00471063  0.00802755    0.011354
 0.00471063           0   -0.015354 -0.00466281
-0.00802755    0.015354           0  -0.0013459
  -0.011354  0.00466281   0.0013459           0
EndNode1[0]<--->Repeater1[0]
REAL
  0.394459 0.00889401 0.00211411   0.162695
0.00889401  0.0976253  0.0140462  0.0129976
0.00211411  0.0140462  0.0870712 -0.0200635
  0.162695  0.0129976 -0.0200635   0.420844
IMAGINARY
          0 -0.00790059 -0.00695632  -0.0102726
 0.00790059           0 -0.00408447   0.0204698
 0.00695632  0.00408447           0  -0.0185389
  0.0102726  -0.0204698   0.0185389           0
EndNode2[0]<--->BSA[0]
REAL
   0.383838  -0.0110426   0.0234669    0.158621
 -0.0110426    0.118687   0.0166129   0.0127481
  0.0234669   0.0166129   0.0934343 -0.00180782
   0.158621   0.0127481 -0.00180782     0.40404
IMAGINARY
          0  0.00356837  -0.0035012 -0.00341301
-0.00356837           0  -0.0134264  -0.0103693
  0.0035012   0.0134264           0  -0.0121549
 0.00341301   0.0103693   0.0121549           0
Repeater1[0]<--->EndNode1[0]
REAL
  0.394459 0.00211411 0.00889401   0.162695
0.00211411  0.0870712  0.0140462 -0.0200635
0.00889401  0.0140462  0.0976253  0.0129976
  0.162695 -0.0200635  0.0129976   0.420844
IMAGINARY
          0 -0.00695632 -0.00790059  -0.0102726
 0.00695632           0  0.00408447  -0.0185389
 0.00790059 -0.00408447           0   0.0204698
  0.0102726   0.0185389  -0.0204698           0
Repeater1[0]<--->BSA[0]
REAL
   0.383838   0.0234669  -0.0110426    0.158621
  0.0234669   0.0934343   0.0166129 -0.00180782
 -0.0110426   0.0166129    0.118687   0.0127481
   0.158621 -0.00180782   0.0127481     0.40404
IMAGINARY
          0  -0.0035012  0.00356837 -0.00341301
  0.0035012           0   0.0134264  -0.0121549
-0.00356837  -0.0134264           0  -0.0103693
 0.00341301   0.0121549   0.0103693           0
EndNode1[0]<--->Repeater1[0]
REAL
   0.415307 -0.00184295   0.0077567    0.145723
-0.00184295   0.0803011   0.0118291  -0.0351004
  0.0077567   0.0118291   0.0941029   0.0122596
   0.145723  -0.0351004   0.0122596    0.410289
IMAGINARY
          0   0.0309308 -0.00608354  -0.0255945
 -0.0309308           0 -0.00039558 -0.00879356
 0.00608354  0.00039558           0  -0.0121727
  0.0255945  0.00879356   0.0121727           0
EndNode2[0]<--->BSA[0]
REAL
   0.410072   0.0169506 -0.00681048    0.161928
  0.0169506   0.0899281 0.000183417  -0.0112019
-0.00681048 0.000183417    0.101918  -0.0225407
   0.161928  -0.0112019  -0.0225407    0.398082
IMAGINARY
          0  -0.0113151   0.0211361  0.00423387
  0.0113151           0  0.00826613  -0.0150958
 -0.0211361 -0.00826613           0 -0.00546338
-0.00423387   0.0150958  0.00546338           0
Repeater1[0]<--->EndNode1[0]
REAL
   0.415307   0.0077567 -0.00184295    0.145723
  0.0077567   0.0941029   0.0118291   0.0122596
-0.00184295   0.0118291   0.0803011  -0.0351004
   0.145723   0.0122596  -0.0351004    0.410289
IMAGINARY
          0 -0.00608354   0.0309308  -0.0255945
 0.00608354           0  0.00039558  -0.0121727
 -0.0309308 -0.00039558           0 -0.00879356
  0.0255945   0.0121727  0.00879356           0
Repeater1[0]<--->BSA[0]
REAL
   0.410072 -0.00681048   0.0169506    0.161928
-0.00681048    0.101918 0.000183417  -0.0225407
  0.0169506 0.000183417   0.0899281  -0.0112019
   0.161928  -0.0225407  -0.0112019    0.398082
IMAGINARY
          0   0.0211361  -0.0113151  0.00423387
 -0.0211361           0 -0.00826613 -0.00546338
  0.0113151  0.00826613           0  -0.0150958
-0.00423387  0.00546338   0.0150958           0
EndNode1[0]<--->Repeater1[0]
REAL
    0.40099  0.00129065   0.0136252    0.171649
 0.00129065   0.0891089 -0.00922909 -0.00534497
  0.0136252 -0.00922909     0.10396   -0.019762
   0.171649 -0.00534497   -0.019762    0.405941
IMAGINARY
          0   0.0144115   0.0157792   0.0128487
 -0.0144115           0  0.00206701  -0.0144872
 -0.0157792 -0.00206701           0  -0.0169955
 -0.0128487   0.0144872   0.0169955           0
EndNode2[0]<--->BSA[0]
REAL
   0.390339     0.01366   0.0154251    0.178952
    0.01366    0.103133   0.0059965 -0.00011896
  0.0154251   0.0059965   0.0926893 -0.00728243
   0.178952 -0.00011896 -0.00728243    0.413838
