EndNode1[0]<--->Repeater1[0]
REAL
   0.320611   -0.017177 -0.00154107   0.0149416
  -0.017177    0.239186  -0.0336082  0.00954107
-0.00154107  -0.0336082    0.197201 -0.00815636
  0.0149416  0.00954107 -0.00815636    0.243003
IMAGINARY
          0 -0.00541439  0.00244218 -0.00253184
 0.00541439           0   0.0012465 -0.00811683
-0.00244218  -0.0012465           0  0.00856697
 0.00253184  0.00811683 -0.00856697           0
EndNode2[0]<--->HoM1[0]
REAL
   0.284826  0.00214624  0.00706309  0.00371961
 0.00214624    0.196517  0.00435493 -0.00271527
 0.00706309  0.00435493    0.228856  -0.0127052
 0.00371961 -0.00271527  -0.0127052    0.289801
IMAGINARY
           0    0.0038674 -0.000227462   0.00767411
  -0.0038674            0  -0.00638212   0.00594538
 0.000227462   0.00638212            0  -0.00704402
 -0.00767411  -0.00594538   0.00704402            0
Repeater1[0]<--->EndNode1[0]
REAL
   0.320611 -0.00154107   -0.017177   0.0149416
-0.00154107    0.197201  -0.0336082 -0.00815636
  -0.017177  -0.0336082    0.239186  0.00954107
  0.0149416 -0.00815636  0.00954107    0.243003
IMAGINARY
          0  0.00244218 -0.00541439 -0.00253184
-0.00244218           0  -0.0012465  0.00856697
 0.00541439   0.0012465           0 -0.00811683
 0.00253184 -0.00856697  0.00811683           0
Repeater1[0]<--->HoM1[0]
REAL
   0.284826  0.00706309  0.00214624  0.00371961
 0.00706309    0.228856  0.00435493  -0.0127052
 0.00214624  0.00435493    0.196517 -0.00271527
 0.00371961  -0.0127052 -0.00271527    0.289801
IMAGINARY
           0 -0.000227462    0.0038674   0.00767411
 0.000227462            0   0.00638212  -0.00704402
  -0.0038674  -0.00638212            0   0.00594538
 -0.00767411   0.00704402  -0.00594538            0
EndNode1[0]<--->Repeater1[0]
REAL
   0.310881 -0.00133456 -0.00841364  0.00418773
-0.00133456    0.233161  0.00354423   0.0097023
-0.00841364  0.00354423    0.205959  0.00262322
 0.00418773   0.0097023  0.00262322        0.25
IMAGINARY
          0  -0.0135824  -0.0217347    0.010557
  0.0135824           0 -0.00617656 -0.00722283
  0.0217347  0.00617656           0  -0.0269582
  -0.010557  0.00722283   0.0269582           0
EndNode2[0]<--->HoM1[0]
REAL
   0.327044 -0.00250162 -0.00228853   0.0143083
-0.00250162    0.222642  -0.0193844   0.0048266
-0.00228853  -0.0193844    0.191195 -0.00511259
  0.0143083   0.0048266 -0.00511259    0.259119
IMAGINARY
           0  -0.00287411    0.0145376   -0.0185272
  0.00287411            0    0.0198326  0.000287244
  -0.0145376   -0.0198326            0   -0.0146461
   0.0185272 -0.000287244    0.0146461            0
Repeater1[0]<--->EndNode1[0]
REAL
   0.310881 -0.00841364 -0.00133456  0.00418773
-0.00841364    0.205959  0.00354423  0.00262322
-0.00133456  0.00354423    0.233161   0.0097023
 0.00418773  0.00262322   0.0097023        0.25
IMAGINARY
          0  -0.0217347  -0.0135824    0.010557
  0.0217347           0  0.00617656  -0.0269582
  0.0135824 -0.00617656           0 -0.00722283
  -0.010557   0.0269582  0.00722283           0
Repeater1[0]<--->HoM1[0]
REAL
   0.327044 -0.00228853 -0.00250162   0.0143083
-0.00228853    0.191195  -0.0193844 -0.00511259
-0.00250162  -0.0193844    0.222642   0.0048266
  0.0143083 -0.00511259   0.0048266    0.259119
IMAGINARY
           0    0.0145376  -0.00287411   -0.0185272
  -0.0145376            0   -0.0198326   -0.0146461
  0.00287411    0.0198326            0  0.000287244
   0.0185272    0.0146461 -0.000287244            0
EndNode1[0]<--->Repeater1[0]
REAL
    0.34005   -0.013813   0.0117609    0.010014
  -0.013813    0.186398   -0.021236 -0.00178587
  0.0117609   -0.021236    0.214106   0.0113193
   0.010014 -0.00178587   0.0113193    0.259446
IMAGINARY
          0  0.00883238 -0.00128856  0.00161526
-0.00883238           0  0.00893883  0.00910106
 0.00128856 -0.00893883           0    0.012001
-0.00161526 -0.00910106   -0.012001           0
EndNode2[0]<--->HoM1[0]
REAL
    0.30855 -0.00165037   0.0301724   0.0164511
-0.00165037    0.204461 -0.00454631 -0.00239464
  0.0301724 -0.00454631    0.203222 -0.00628613
  0.0164511 -0.00239464 -0.00628613    0.283767
IMAGINARY
          0  0.00833059 -0.00588833 -0.00593132
-0.00833059           0   0.0232612  0.00720067
 0.00588833  -0.0232612           0  -0.0214539
 0.00593132 -0.00720067   0.0214539           0
Repeater1[0]<--->EndNode1[0]
REAL
    0.34005   0.0117609   -0.013813    0.010014
  0.0117609    0.214106   -0.021236   0.0113193
  -0.013813   -0.021236    0.186398 -0.00178587
   0.010014   0.0113193 -0.00178587    0.259446
IMAGINARY
          0 -0.00128856  0.00883238  0.00161526
 0.00128856           0 -0.00893883    0.012001
-0.00883238  0.00893883           0  0.00910106
-0.00161526   -0.012001 -0.00910106           0
Repeater1[0]<--->HoM1[0]
REAL
    0.30855   0.0301724 -0.00165037   0.0164511
  0.0301724    0.203222 -0.00454631 -0.00628613
-0.00165037 -0.00454631    0.204461 -0.00239464
  0.0164511 -0.00628613 -0.00239464    0.283767
IMAGINARY
          0 -0.00588833  0.00833059 -0.00593132
 0.00588833           0  -0.0232612  -0.0214539
-0.00833059   0.0232612           0  0.00720067
 0.00593132   0.0214539 -0.00720067           0
EndNode1[0]<--->Repeater1[0]
REAL
   0.350068   0.0106415  -0.0245677 -0.00767517
  0.0106415    0.222524  0.00205719  0.00521686
 -0.0245677  0.00205719    0.192673  -0.0012782
-0.00767517  0.00521686  -0.0012782    0.234735
IMAGINARY
          0 -0.00937917  -0.0286855    0.004668
 0.00937917           0   -0.023465     0.01652
  0.0286855    0.023465           0 -0.00400283
  -0.004668    -0.01652  0.00400283           0
EndNode2[0]<--->HoM1[0]
REAL
   0.296296   0.0254656   0.0025851   0.0187282
  0.0254656    0.224691  0.00127182   0.0122536
  0.0025851  0.00127182    0.208642 -0.00288494
  0.0187282   0.0122536 -0.00288494     0.27037
IMAGINARY
          0   0.0217135 -0.00351248  0.00334303
 -0.0217135           0  0.00396108  -0.0164376
 0.00351248 -0.00396108           0  0.00945858
-0.00334303   0.0164376 -0.00945858           0
Repeater1[0]<--->EndNode1[0]
REAL
   0.350068  -0.0245677   0.0106415 -0.00767517
 -0.0245677    0.192673  0.00205719  -0.0012782
  0.0106415  0.00205719    0.222524  0.00521686
-0.00767517  -0.0012782  0.00521686    0.234735
IMAGINARY
          0  -0.0286855 -0.00937917    0.004668
  0.0286855           0    0.023465 -0.00400283
 0.00937917   -0.023465           0     0.01652
  -0.004668  0.00400283    -0.01652           0
Repeater1[0]<--->HoM1[0]
REAL
   0.296296   0.0025851   0.0254656   0.0187282
  0.0025851    0.208642  0.00127182 -0.00288494
  0.0254656  0.00127182    0.224691   0.0122536
  0.0187282 -0.00288494   0.0122536     0.27037
IMAGINARY
          0 -0.00351248   0.0217135  0.00334303
 0.00351248           0 -0.00396108  0.00945858
 -0.0217135  0.00396108           0  -0.0164376
-0.00334303 -0.00945858   0.0164376           0
EndNode1[0]<--->Repeater1[0]
REAL
   0.303258  -0.0115119   0.0169865   0.0255424
 -0.0115119    0.219298 -0.00761411    0.018206
  0.0169865 -0.00761411    0.233083  -0.0263367
  0.0255424    0.018206  -0.0263367    0.244361
IMAGINARY
          0  -0.0214172   0.0103964 -0.00754744
  0.0214172           0   0.0088667 -0.00111257
 -0.0103964  -0.0088667           0  0.00417581
 0.00754744  0.00111257 -0.00417581           0
EndNode2[0]<--->HoM1[0]
REAL
   0.29131 -0.0140326 0.00583243  0.0180188
-0.0140326   0.209302  0.0019313  0.0116239
0.00583243  0.0019313   0.216646 0.00530442
 0.0180188  0.0116239 0.00530442   0.282742
IMAGINARY
          0   -0.011485   0.0215822 -0.00493634
   0.011485           0   -0.010091  0.00866232
 -0.0215822    0.010091           0   0.0147025
 0.00493634 -0.00866232  -0.0147025           0
Repeater1[0]<--->EndNode1[0]
REAL
   0.303258   0.0169865  -0.0115119   0.0255424
  0.0169865    0.233083 -0.00761411  -0.0263367
 -0.0115119 -0.00761411    0.219298    0.018206
  0.0255424  -0.0263367    0.018206    0.244361
IMAGINARY
          0   0.0103964  -0.0214172 -0.00754744
 -0.0103964           0  -0.0088667  0.00417581
  0.0214172   0.0088667           0 -0.00111257
 0.00754744 -0.00417581  0.00111257           0
Repeater1[0]<--->HoM1[0]
REAL
   0.29131 0.00583243 -0.0140326  0.0180188
0.00583243   0.216646  0.0019313 0.00530442
-0.0140326  0.0019313   0.209302  0.0116239
 0.0180188 0.00530442  0.0116239   0.282742
IMAGINARY
          0   0.0215822   -0.011485 -0.00493634
 -0.0215822           0    0.010091   0.0147025
   0.011485   -0.010091           0  0.00866232
 0.00493634  -0.0147025 -0.00866232           0
EndNode1[0]<--->Repeater1[0]
REAL
   0.302993 -0.00999576   0.0139932 -0.00337254
-0.00999576    0.219451 -0.00876338  0.00299709
  0.0139932 -0.00876338    0.220698 0.000287019
-0.00337254  0.00299709 0.000287019    0.256858
IMAGINARY
          0 -0.00955478 -0.00389534 -0.00497662
 0.00955478           0  0.00240593  0.00524305
 0.00389534 -0.00240593           0  0.00685936
 0.00497662 -0.00524305 -0.00685936           0
EndNode2[0]<--->HoM1[0]
REAL
   0.319261  -0.0159112  -0.0032633  0.00204462
 -0.0159112    0.209763  -0.0180089   0.0115647
 -0.0032633  -0.0180089    0.201847 -0.00899299
 0.00204462   0.0115647 -0.00899299    0.269129
IMAGINARY
          0  0.00500934 -0.00379416 -0.00502831
-0.00500934           0  0.00440565   0.0211738
 0.00379416 -0.00440565           0   0.0110334
 0.00502831  -0.0211738  -0.0110334           0
Repeater1[0]<--->EndNode1[0]
REAL
   0.302993   0.0139932 -0.00999576 -0.00337254
  0.0139932    0.220698 -0.00876338 0.000287019
-0.00999576 -0.00876338    0.219451  0.00299709
-0.00337254 0.000287019  0.00299709    0.256858
IMAGINARY
          0 -0.00389534 -0.00955478 -0.00497662
 0.00389534           0 -0.00240593  0.00685936
 0.00955478  0.00240593           0  0.00524305
 0.00497662 -0.00685936 -0.00524305           0
Repeater1[0]<--->HoM1[0]
REAL
   0.319261  -0.0032633  -0.0159112  0.00204462
 -0.0032633    0.201847  -0.0180089 -0.00899299
 -0.0159112  -0.0180089    0.209763   0.0115647
 0.00204462 -0.00899299   0.0115647    0.269129
IMAGINARY
          0 -0.00379416  0.00500934 -0.00502831
 0.00379416           0 -0.00440565   0.0110334
-0.00500934  0.00440565           0   0.0211738
 0.00502831  -0.0110334  -0.0211738           0
EndNode1[0]<--->Repeater1[0]
REAL
   0.316583  -0.0153479   0.0204665 -0.00130181
 -0.0153479    0.227387 -0.00385283 -0.00500263
  0.0204665 -0.00385283     0.21608 -0.00784794
-0.00130181 -0.00500263 -0.00784794     0.23995
IMAGINARY
          0  -0.0260995  0.00643585 -0.00117499
  0.0260995           0 -0.00931452 -0.00516033
-0.00643585  0.00931452           0  -0.0134413
 0.00117499  0.00516033   0.0134413           0
EndNode2[0]<--->HoM1[0]
REAL
   0.284953  0.00347199  -0.0041359 -0.00585147
 0.00347199    0.214381 -0.00783823   0.0100029
 -0.0041359 -0.00783823    0.221039  -0.0158579
-0.00585147   0.0100029  -0.0158579    0.279627
IMAGINARY
          0   0.0241775  0.00324956  0.00506329
 -0.0241775           0 -0.00506329   0.0013862
-0.00324956  0.00506329           0   0.0215179
-0.00506329  -0.0013862  -0.0215179           0
Repeater1[0]<--->EndNode1[0]
REAL
   0.316583   0.0204665  -0.0153479 -0.00130181
  0.0204665     0.21608 -0.00385283 -0.00784794
 -0.0153479 -0.00385283    0.227387 -0.00500263
-0.00130181 -0.00784794 -0.00500263     0.23995
IMAGINARY
          0  0.00643585  -0.0260995 -0.00117499
-0.00643585           0  0.00931452  -0.0134413
  0.0260995 -0.00931452           0 -0.00516033
 0.00117499   0.0134413  0.00516033           0
Repeater1[0]<--->HoM1[0]
REAL
   0.284953  -0.0041359  0.00347199 -0.00585147
 -0.0041359    0.221039 -0.00783823  -0.0158579
 0.00347199 -0.00783823    0.214381   0.0100029
-0.00585147  -0.0158579   0.0100029    0.279627
IMAGINARY
          0  0.00324956   0.0241775  0.00506329
-0.00324956           0  0.00506329   0.0215179
 -0.0241775 -0.00506329           0   0.0013862
-0.00506329  -0.0215179  -0.0013862           0
EndNode1[0]<--->Repeater1[0]
REAL
    0.304956   -0.0199985    0.0139345 -0.000226525
  -0.0199985      0.21601   0.00660408   0.00137165
   0.0139345   0.00660408     0.227446    0.0442332
-0.000226525   0.00137165    0.0442332     0.251588
IMAGINARY
          0  0.00285458   0.0129943  0.00995093
-0.00285458           0   0.0218557 -0.00343146
 -0.0129943  -0.0218557           0  0.00534214
-0.00995093  0.00343146 -0.00534214           0
EndNode2[0]<--->HoM1[0]
REAL
   0.347651  -0.0175855  -0.0015098 -0.00391881
 -0.0175855    0.218792 -0.00204146   0.0114436
 -0.0015098 -0.00204146    0.198658  0.00367819
-0.00391881   0.0114436  0.00367819    0.234899
IMAGINARY
          0 -0.00976732  -0.0131064  -0.0275051
 0.00976732           0   0.0120539  0.00121653
  0.0131064  -0.0120539           0  -0.0071288
  0.0275051 -0.00121653   0.0071288           0
Repeater1[0]<--->EndNode1[0]
REAL
    0.304956    0.0139345   -0.0199985 -0.000226525
   0.0139345     0.227446   0.00660408    0.0442332
  -0.0199985   0.00660408      0.21601   0.00137165
-0.000226525    0.0442332   0.00137165     0.251588
IMAGINARY
          0   0.0129943  0.00285458  0.00995093
 -0.0129943           0  -0.0218557  0.00534214
-0.00285458   0.0218557           0 -0.00343146
-0.00995093 -0.00534214  0.00343146           0
Repeater1[0]<--->HoM1[0]
REAL
   0.347651  -0.0015098  -0.0175855 -0.00391881
 -0.0015098    0.198658 -0.00204146  0.00367819
 -0.0175855 -0.00204146    0.218792   0.0114436
-0.00391881  0.00367819   0.0114436    0.234899
IMAGINARY
          0  -0.0131064 -0.00976732  -0.0275051
  0.0131064           0  -0.0120539  -0.0071288
 0.00976732   0.0120539           0  0.00121653
  0.0275051   0.0071288 -0.00121653           0
EndNode1[0]<--->Repeater1[0]
REAL
   0.314931  -0.0163398  0.00418275  0.00662577
 -0.0163398    0.215809 -0.00984327  0.00418275
 0.00418275 -0.00984327    0.218319  -0.0126177
 0.00662577  0.00418275  -0.0126177    0.250941
IMAGINARY
          0 -0.00473814   0.0246561  -0.0111989
 0.00473814           0  0.00929292   0.0102582
 -0.0246561 -0.00929292           0  0.00276186
  0.0111989  -0.0102582 -0.00276186           0
EndNode2[0]<--->HoM1[0]
REAL
   0.294955 -0.00349512    0.011248 -0.00231579
-0.00349512    0.232859  0.00991072  0.00520771
   0.011248  0.00991072    0.219922 0.000963477
-0.00231579  0.00520771 0.000963477    0.252264
IMAGINARY
          0 -0.00322558  -0.0104404  0.00556606
 0.00322558           0   0.0162848  -0.0288131
  0.0104404  -0.0162848           0 -0.00385293
-0.00556606   0.0288131  0.00385293           0
Repeater1[0]<--->EndNode1[0]
REAL
   0.314931  0.00418275  -0.0163398  0.00662577
 0.00418275    0.218319 -0.00984327  -0.0126177
 -0.0163398 -0.00984327    0.215809  0.00418275
 0.00662577  -0.0126177  0.00418275    0.250941
IMAGINARY
          0   0.0246561 -0.00473814  -0.0111989
 -0.0246561           0 -0.00929292  0.00276186
 0.00473814  0.00929292           0   0.0102582
  0.0111989 -0.00276186  -0.0102582           0
Repeater1[0]<--->HoM1[0]
REAL
   0.294955    0.011248 -0.00349512 -0.00231579
   0.011248    0.219922  0.00991072 0.000963477
-0.00349512  0.00991072    0.232859  0.00520771
-0.00231579 0.000963477  0.00520771    0.252264
IMAGINARY
          0  -0.0104404 -0.00322558  0.00556606
  0.0104404           0  -0.0162848 -0.00385293
 0.00322558   0.0162848           0  -0.0288131
-0.00556606  0.00385293   0.0288131           0
EndNode1[0]<--->Repeater1[0]
REAL
   0.320755 -0.00843556   -0.019657    0.011562
-0.00843556    0.243935  0.00272367   0.0177937
  -0.019657  0.00272367    0.195418  0.00781444
   0.011562   0.0177937  0.00781444    0.239892
IMAGINARY
          0  -0.0129543 -0.00393231  0.00888108
  0.0129543           0  0.00953639  0.00898282
 0.00393231 -0.00953639           0  0.00664116
-0.00888108 -0.00898282 -0.00664116           0
EndNode2[0]<--->HoM1[0]
REAL
   0.292683 -0.00200353   0.0261701 -0.00245922
-0.00200353    0.197832  0.00785006  -0.0113453
  0.0261701  0.00785006    0.231707   -0.014169
-0.00245922  -0.0113453   -0.014169    0.277778
IMAGINARY
          0  -0.0112646  0.00168068   0.0144741
  0.0112646           0  0.00635924 -0.00554666
-0.00168068 -0.00635924           0 -0.00548797
 -0.0144741  0.00554666  0.00548797           0
Repeater1[0]<--->EndNode1[0]
REAL
   0.320755   -0.019657 -0.00843556    0.011562
  -0.019657    0.195418  0.00272367  0.00781444
-0.00843556  0.00272367    0.243935   0.0177937
   0.011562  0.00781444   0.0177937    0.239892
IMAGINARY
          0 -0.00393231  -0.0129543  0.00888108
 0.00393231           0 -0.00953639  0.00664116
  0.0129543  0.00953639           0  0.00898282
-0.00888108 -0.00664116 -0.00898282           0
Repeater1[0]<--->HoM1[0]
REAL
   0.292683   0.0261701 -0.00200353 -0.00245922
  0.0261701    0.231707  0.00785006   -0.014169
-0.00200353  0.00785006    0.197832  -0.0113453
-0.00245922   -0.014169  -0.0113453    0.277778
IMAGINARY
          0  0.00168068  -0.0112646   0.0144741
-0.00168068           0 -0.00635924 -0.00548797
  0.0112646  0.00635924           0 -0.00554666
 -0.0144741  0.00548797  0.00554666           0
EndNode1[0]<--->Repeater1[0]
REAL
    0.31137 -0.00398269 -0.00538474 -0.00979127
-0.00398269    0.209302 -3.8347e-05  -0.0162404
-0.00538474 -3.8347e-05    0.196382    0.004638
-0.00979127  -0.0162404    0.004638    0.282946
IMAGINARY
          0   0.0214136  0.00628492 -0.00960058
 -0.0214136           0  -0.0165188   0.0138711
-0.00628492   0.0165188           0   0.0104459
 0.00960058  -0.0138711  -0.0104459           0
EndNode2[0]<--->HoM1[0]
REAL
    0.312987  -0.00763512    0.0289653 -0.000320093
 -0.00763512      0.21039  0.000965254    0.0116798
   0.0289653  0.000965254     0.187013    0.0340867
-0.000320093    0.0116798    0.0340867      0.28961
IMAGINARY
          0  -0.0150992  0.00659789  -0.0158964
  0.0150992           0  -0.0171918  -0.0155953
-0.00659789   0.0171918           0  -0.0144638
  0.0158964   0.0155953   0.0144638           0
Repeater1[0]<--->EndNode1[0]
REAL
    0.31137 -0.00538474 -0.00398269 -0.00979127
-0.00538474    0.196382 -3.8347e-05    0.004638
-0.00398269 -3.8347e-05    0.209302  -0.0162404
-0.00979127    0.004638  -0.0162404    0.282946
IMAGINARY
          0  0.00628492   0.0214136 -0.00960058
-0.00628492           0   0.0165188   0.0104459
 -0.0214136  -0.0165188           0   0.0138711
 0.00960058  -0.0104459  -0.0138711           0
Repeater1[0]<--->HoM1[0]
REAL
    0.312987    0.0289653  -0.00763512 -0.000320093
   0.0289653     0.187013  0.000965254    0.0340867
 -0.00763512  0.000965254      0.21039    0.0116798
-0.000320093    0.0340867    0.0116798      0.28961
IMAGINARY
          0  0.00659789  -0.0150992  -0.0158964
-0.00659789           0   0.0171918  -0.0144638
  0.0150992  -0.0171918           0  -0.0155953
  0.0158964   0.0144638   0.0155953           0
EndNode1[0]<--->Repeater1[0]
REAL
  0.332494 0.00946347 -0.0261711 0.00834454
0.00946347   0.219144 -0.0207628  0.0137528
-0.0261711 -0.0207628   0.212846 -0.0114243
0.00834454  0.0137528 -0.0114243   0.235516
IMAGINARY
          0  -0.0174054  0.00675119  -0.0087775
  0.0174054           0  0.00946149  0.00424493
-0.00675119 -0.00946149           0   -0.011702
  0.0087775 -0.00424493    0.011702           0
EndNode2[0]<--->HoM1[0]
REAL
   0.294723   0.0322972     0.01053   0.0185532
  0.0322972     0.19305   0.0110719   0.0299779
    0.01053   0.0110719    0.230373 -0.00267209
  0.0185532   0.0299779 -0.00267209    0.281853
IMAGINARY
          0   0.0174598   0.0139613  0.00477145
 -0.0174598           0   0.0198399   0.0159639
 -0.0139613  -0.0198399           0 -0.00374406
-0.00477145  -0.0159639  0.00374406           0
Repeater1[0]<--->EndNode1[0]
REAL
  0.332494 -0.0261711 0.00946347 0.00834454
-0.0261711   0.212846 -0.0207628 -0.0114243
0.00946347 -0.0207628   0.219144  0.0137528
0.00834454 -0.0114243  0.0137528   0.235516
IMAGINARY
          0  0.00675119  -0.0174054  -0.0087775
-0.00675119           0 -0.00946149   -0.011702
  0.0174054  0.00946149           0  0.00424493
  0.0087775    0.011702 -0.00424493           0
Repeater1[0]<--->HoM1[0]
REAL
   0.294723     0.01053   0.0322972   0.0185532
    0.01053    0.230373   0.0110719 -0.00267209
  0.0322972   0.0110719     0.19305   0.0299779
  0.0185532 -0.00267209   0.0299779    0.281853
IMAGINARY
          0   0.0139613   0.0174598  0.00477145
 -0.0139613           0  -0.0198399 -0.00374406
 -0.0174598   0.0198399           0   0.0159639
-0.00477145  0.00374406  -0.0159639           0
EndNode1[0]<--->Repeater1[0]
REAL
   0.324866  0.00191036 -0.00292814    0.034225
 0.00191036    0.208556  -0.0171197 -0.00233502
-0.00292814  -0.0171197    0.192513  0.00993175
   0.034225 -0.00233502  0.00993175    0.274064
IMAGINARY
           0    0.0296405 -0.000809765   -0.0128997
  -0.0296405            0   -0.0154508   -0.0053027
 0.000809765    0.0154508            0   0.00947926
   0.0128997    0.0053027  -0.00947926            0
EndNode2[0]<--->HoM1[0]
REAL
   0.291492  0.00559647   0.0109702 -0.00295675
 0.00559647    0.202232  -0.0185622  -0.0286917
  0.0109702  -0.0185622    0.221757  -0.0131914
-0.00295675  -0.0286917  -0.0131914    0.284519
IMAGINARY
           0 -0.000644999    0.0169486   -0.0167455
 0.000644999            0    0.0228135   0.00365069
  -0.0169486   -0.0228135            0  2.07796e-05
   0.0167455  -0.00365069 -2.07796e-05            0
Repeater1[0]<--->EndNode1[0]
REAL
   0.324866 -0.00292814  0.00191036    0.034225
-0.00292814    0.192513  -0.0171197  0.00993175
 0.00191036  -0.0171197    0.208556 -0.00233502
   0.034225  0.00993175 -0.00233502    0.274064
IMAGINARY
           0 -0.000809765    0.0296405   -0.0128997
 0.000809765            0    0.0154508   0.00947926
  -0.0296405   -0.0154508            0   -0.0053027
   0.0128997  -0.00947926    0.0053027            0
Repeater1[0]<--->HoM1[0]
REAL
   0.291492   0.0109702  0.00559647 -0.00295675
  0.0109702    0.221757  -0.0185622  -0.0131914
 0.00559647  -0.0185622    0.202232  -0.0286917
-0.00295675  -0.0131914  -0.0286917    0.284519
IMAGINARY
           0    0.0169486 -0.000644999   -0.0167455
  -0.0169486            0   -0.0228135  2.07796e-05
 0.000644999    0.0228135            0   0.00365069
   0.0167455 -2.07796e-05  -0.00365069            0
EndNode1[0]<--->Repeater1[0]
REAL
    0.319902  7.14139e-05   0.00732706   0.00185802
 7.14139e-05     0.211233   0.00757594 -0.000588511
  0.00732706   0.00757594     0.233211   -0.0175916
  0.00185802 -0.000588511   -0.0175916     0.235653
IMAGINARY
          0   0.0201172 -0.00801567  -0.0167494
 -0.0201172           0  -0.0155087    0.008651
 0.00801567   0.0155087           0   0.0122843
  0.0167494   -0.008651  -0.0122843           0
EndNode2[0]<--->HoM1[0]
REAL
   0.299611  0.00708235  -0.0210753  0.00308642
 0.00708235    0.201038  0.00308642 -0.00841711
 -0.0210753  0.00308642    0.216602 -0.00639647
 0.00308642 -0.00841711 -0.00639647     0.28275
IMAGINARY
          0  -0.0116409 -0.00850971  0.00137309
  0.0116409           0 -0.00607108   0.0022908
 0.00850971  0.00607108           0  0.00293447
-0.00137309  -0.0022908 -0.00293447           0
Repeater1[0]<--->EndNode1[0]
REAL
    0.319902   0.00732706  7.14139e-05   0.00185802
  0.00732706     0.233211   0.00757594   -0.0175916
 7.14139e-05   0.00757594     0.211233 -0.000588511
  0.00185802   -0.0175916 -0.000588511     0.235653
IMAGINARY
          0 -0.00801567   0.0201172  -0.0167494
 0.00801567           0   0.0155087   0.0122843
 -0.0201172  -0.0155087           0    0.008651
  0.0167494  -0.0122843   -0.008651           0
Repeater1[0]<--->HoM1[0]
REAL
   0.299611  -0.0210753  0.00708235  0.00308642
 -0.0210753    0.216602  0.00308642 -0.00639647
 0.00708235  0.00308642    0.201038 -0.00841711
 0.00308642 -0.00639647 -0.00841711     0.28275
IMAGINARY
          0 -0.00850971  -0.0116409  0.00137309
 0.00850971           0  0.00607108  0.00293447
  0.0116409 -0.00607108           0   0.0022908
-0.00137309 -0.00293447  -0.0022908           0
EndNode1[0]<--->Repeater1[0]
REAL
    0.325031  -0.00541548 -0.000645861   0.00281825
 -0.00541548     0.217933  -0.00661572   0.00191168
-0.000645861  -0.00661572     0.185554    0.0066813
  0.00281825   0.00191168    0.0066813     0.271482
IMAGINARY
          0  0.00563317   -0.012105  -0.0189098
-0.00563317           0  0.00470136 -0.00110255
   0.012105 -0.00470136           0  0.00254293
  0.0189098  0.00110255 -0.00254293           0
EndNode2[0]<--->HoM1[0]
REAL
   0.333722 -0.00393441  -0.0200719   0.0151142
-0.00393441    0.201867 -0.00247375  0.00602698
 -0.0200719 -0.00247375    0.193699   -0.014324
  0.0151142  0.00602698   -0.014324    0.270712
IMAGINARY
          0  -0.0252049  0.00275939 -0.00357878
  0.0252049           0  -0.0182659 -0.00401567
-0.00275939   0.0182659           0  0.00636072
 0.00357878  0.00401567 -0.00636072           0
Repeater1[0]<--->EndNode1[0]
REAL
    0.325031 -0.000645861  -0.00541548   0.00281825
-0.000645861     0.185554  -0.00661572    0.0066813
 -0.00541548  -0.00661572     0.217933   0.00191168
  0.00281825    0.0066813   0.00191168     0.271482
IMAGINARY
          0   -0.012105  0.00563317  -0.0189098
   0.012105           0 -0.00470136  0.00254293
-0.00563317  0.00470136           0 -0.00110255
  0.0189098 -0.00254293  0.00110255           0
Repeater1[0]<--->HoM1[0]
REAL
   0.333722  -0.0200719 -0.00393441   0.0151142
 -0.0200719    0.193699 -0.00247375   -0.014324
-0.00393441 -0.00247375    0.201867  0.00602698
  0.0151142   -0.014324  0.00602698    0.270712
IMAGINARY
          0  0.00275939  -0.0252049 -0.00357878
-0.00275939           0   0.0182659  0.00636072
  0.0252049  -0.0182659           0 -0.00401567
 0.00357878 -0.00636072  0.00401567           0
EndNode1[0]<--->Repeater1[0]
REAL
   0.334104  0.00116511  -0.0219629   0.0254759
 0.00116511    0.217341 -0.00233961  -0.0114561
 -0.0219629 -0.00233961    0.202312  -0.0153039
  0.0254759  -0.0114561  -0.0153039    0.246243
IMAGINARY
          0   0.0149568  0.00887193  -0.0158176
 -0.0149568           0   0.0217621   0.0108024
-0.00887193  -0.0217621           0  0.00336066
  0.0158176  -0.0108024 -0.00336066           0
EndNode2[0]<--->HoM1[0]
REAL
   0.330446  0.00511056   -0.010727  0.00633186
 0.00511056    0.191832    0.017772   -0.014613
  -0.010727    0.017772    0.212871 -0.00449251
 0.00633186   -0.014613 -0.00449251    0.264851
IMAGINARY
          0   0.0244624 -0.00437416  0.00731327
 -0.0244624           0  -0.0133053 -0.00437416
 0.00437416   0.0133053           0 -0.00225514
-0.00731327  0.00437416  0.00225514           0
Repeater1[0]<--->EndNode1[0]
REAL
   0.334104  -0.0219629  0.00116511   0.0254759
 -0.0219629    0.202312 -0.00233961  -0.0153039
 0.00116511 -0.00233961    0.217341  -0.0114561
  0.0254759  -0.0153039  -0.0114561    0.246243
IMAGINARY
          0  0.00887193   0.0149568  -0.0158176
-0.00887193           0  -0.0217621  0.00336066
 -0.0149568   0.0217621           0   0.0108024
  0.0158176 -0.00336066  -0.0108024           0
Repeater1[0]<--->HoM1[0]
REAL
   0.330446   -0.010727  0.00511056  0.00633186
  -0.010727    0.212871    0.017772 -0.00449251
 0.00511056    0.017772    0.191832   -0.014613
 0.00633186 -0.00449251   -0.014613    0.264851
IMAGINARY
          0 -0.00437416   0.0244624  0.00731327
 0.00437416           0   0.0133053 -0.00225514
 -0.0244624  -0.0133053           0 -0.00437416
-0.00731327  0.00225514  0.00437416           0
EndNode1[0]<--->Repeater1[0]
REAL
   0.306513  -0.0115723  0.00787649   0.0231379
 -0.0115723    0.241379 -0.00558268   0.0252835
 0.00787649 -0.00558268    0.191571  -0.0241885
  0.0231379   0.0252835  -0.0241885    0.260536
IMAGINARY
          0  0.00675417   0.0120898  0.00690689
-0.00675417           0 -0.00300064 -0.00947883
 -0.0120898  0.00300064           0    0.015439
-0.00690689  0.00947883   -0.015439           0
EndNode2[0]<--->HoM1[0]
REAL
   0.299731 -0.00442984 -0.00155589   0.0225887
-0.00442984    0.217742  0.00896471   0.0112646
-0.00155589  0.00896471     0.21371  -0.0101333
  0.0225887   0.0112646  -0.0101333    0.268817
IMAGINARY
          0  -0.0019991   0.0133679  -0.0256214
  0.0019991           0 -0.00913792  0.00161851
 -0.0133679  0.00913792           0  -0.0170745
  0.0256214 -0.00161851   0.0170745           0
Repeater1[0]<--->EndNode1[0]
REAL
   0.306513  0.00787649  -0.0115723   0.0231379
 0.00787649    0.191571 -0.00558268  -0.0241885
 -0.0115723 -0.00558268    0.241379   0.0252835
  0.0231379  -0.0241885   0.0252835    0.260536
IMAGINARY
          0   0.0120898  0.00675417  0.00690689
 -0.0120898           0  0.00300064    0.015439
-0.00675417 -0.00300064           0 -0.00947883
-0.00690689   -0.015439  0.00947883           0
Repeater1[0]<--->HoM1[0]
REAL
   0.299731 -0.00155589 -0.00442984   0.0225887
-0.00155589     0.21371  0.00896471  -0.0101333
-0.00442984  0.00896471    0.217742   0.0112646
  0.0225887  -0.0101333   0.0112646    0.268817
IMAGINARY
          0   0.0133679  -0.0019991  -0.0256214
 -0.0133679           0  0.00913792  -0.0170745
  0.0019991 -0.00913792           0  0.00161851
  0.0256214   0.0170745 -0.00161851           0
EndNode1[0]<--->Repeater1[0]
REAL
    0.323529  -0.00714402   -0.0124479   -0.0205638
 -0.00714402     0.200535   0.00460631 -0.000849967
  -0.0124479   0.00460631      0.19385   -0.0141326
  -0.0205638 -0.000849967   -0.0141326     0.282086
IMAGINARY
          0  0.00363409   0.0124717   0.0136857
-0.00363409           0  -0.0327334   0.0235828
 -0.0124717   0.0327334           0  0.00112782
 -0.0136857  -0.0235828 -0.00112782           0
EndNode2[0]<--->HoM1[0]
REAL
   0.320681 -0.00783899   0.0206921   0.0272246
-0.00783899    0.215969    0.021448   0.0267162
  0.0206921    0.021448    0.176702  -0.0168133
  0.0272246   0.0267162  -0.0168133    0.286649
IMAGINARY
          0  0.00540998  0.00739215  0.00893705
-0.00540998           0   0.0102224  0.00608667
-0.00739215  -0.0102224           0 -0.00476813
-0.00893705 -0.00608667  0.00476813           0
Repeater1[0]<--->EndNode1[0]
REAL
    0.323529   -0.0124479  -0.00714402   -0.0205638
  -0.0124479      0.19385   0.00460631   -0.0141326
 -0.00714402   0.00460631     0.200535 -0.000849967
  -0.0205638   -0.0141326 -0.000849967     0.282086
IMAGINARY
          0   0.0124717  0.00363409   0.0136857
 -0.0124717           0   0.0327334  0.00112782
-0.00363409  -0.0327334           0   0.0235828
 -0.0136857 -0.00112782  -0.0235828           0
Repeater1[0]<--->HoM1[0]
REAL
   0.320681   0.0206921 -0.00783899   0.0272246
  0.0206921    0.176702    0.021448  -0.0168133
-0.00783899    0.021448    0.215969   0.0267162
  0.0272246  -0.0168133   0.0267162    0.286649
IMAGINARY
          0  0.00739215  0.00540998  0.00893705
-0.00739215           0  -0.0102224 -0.00476813
-0.00540998   0.0102224           0  0.00608667
-0.00893705  0.00476813 -0.00608667           0
EndNode1[0]<--->Repeater1[0]
REAL
   0.328324 -0.00798789   0.0238471  0.00278746
-0.00798789    0.215029  -0.0122452  -0.0118672
  0.0238471  -0.0122452    0.193064  0.00735738
 0.00278746  -0.0118672  0.00735738    0.263584
IMAGINARY
           0  -0.00580013    0.0171958   0.00158528
  0.00580013            0   -0.0216388   -0.0100063
  -0.0171958    0.0216388            0 -8.22184e-05
 -0.00158528    0.0100063  8.22184e-05            0
EndNode2[0]<--->HoM1[0]
REAL
   0.311414   0.0120011  -0.0111395 -0.00859873
  0.0120011    0.210918 -0.00859873   0.0194197
 -0.0111395 -0.00859873     0.19603   0.0319479
-0.00859873   0.0194197   0.0319479    0.281638
IMAGINARY
          0 -0.00235324   0.0230179 -0.00777247
 0.00235324           0  -0.0143514  0.00383632
 -0.0230179   0.0143514           0   0.0176985
 0.00777247 -0.00383632  -0.0176985           0
Repeater1[0]<--->EndNode1[0]
REAL
   0.328324   0.0238471 -0.00798789  0.00278746
  0.0238471    0.193064  -0.0122452  0.00735738
-0.00798789  -0.0122452    0.215029  -0.0118672
 0.00278746  0.00735738  -0.0118672    0.263584
IMAGINARY
           0    0.0171958  -0.00580013   0.00158528
  -0.0171958            0    0.0216388 -8.22184e-05
  0.00580013   -0.0216388            0   -0.0100063
 -0.00158528  8.22184e-05    0.0100063            0
Repeater1[0]<--->HoM1[0]
REAL
   0.311414  -0.0111395   0.0120011 -0.00859873
 -0.0111395     0.19603 -0.00859873   0.0319479
  0.0120011 -0.00859873    0.210918   0.0194197
-0.00859873   0.0319479   0.0194197    0.281638
IMAGINARY
          0   0.0230179 -0.00235324 -0.00777247
 -0.0230179           0   0.0143514   0.0176985
 0.00235324  -0.0143514           0  0.00383632
 0.00777247  -0.0176985 -0.00383632           0
EndNode1[0]<--->Repeater1[0]
REAL
   0.32342 0.00836562 -0.0027417  0.0135902
0.00836562   0.211896  0.0168667  -0.022639
-0.0027417  0.0168667   0.214374 0.00178667
 0.0135902  -0.022639 0.00178667    0.25031
IMAGINARY
          0  0.00406775   0.0217254   0.0259396
-0.00406775           0  -0.0323829 -0.00141085
 -0.0217254   0.0323829           0  -0.0086549
 -0.0259396  0.00141085   0.0086549           0
EndNode2[0]<--->HoM1[0]
REAL
   0.315789  -0.0216868  0.00602361  0.00508906
 -0.0216868    0.216792 -0.00508906   0.0162277
 0.00602361 -0.00508906    0.221805  0.00990665
 0.00508906   0.0162277  0.00990665    0.245614
IMAGINARY
           0    0.0135758  0.000480248    0.0143675
  -0.0135758            0     0.013737   -0.0106584
-0.000480248    -0.013737            0    -0.014848
  -0.0143675    0.0106584     0.014848            0
Repeater1[0]<--->EndNode1[0]
REAL
   0.32342 -0.0027417 0.00836562  0.0135902
-0.0027417   0.214374  0.0168667 0.00178667
0.00836562  0.0168667   0.211896  -0.022639
 0.0135902 0.00178667  -0.022639    0.25031
IMAGINARY
          0   0.0217254  0.00406775   0.0259396
 -0.0217254           0   0.0323829  -0.0086549
-0.00406775  -0.0323829           0 -0.00141085
 -0.0259396   0.0086549  0.00141085           0
Repeater1[0]<--->HoM1[0]
REAL
   0.315789  0.00602361  -0.0216868  0.00508906
 0.00602361    0.221805 -0.00508906  0.00990665
 -0.0216868 -0.00508906    0.216792   0.0162277
 0.00508906  0.00990665   0.0162277    0.245614
IMAGINARY
           0  0.000480248    0.0135758    0.0143675
-0.000480248            0    -0.013737    -0.014848
  -0.0135758     0.013737            0   -0.0106584
  -0.0143675     0.014848    0.0106584            0
EndNode1[0]<--->Repeater1[0]
REAL
    0.31738 0.000163354  0.00982252 -0.00323691
0.000163354    0.222922  0.00202625   0.0252864
 0.00982252  0.00202625    0.231738  -0.0231658
-0.00323691   0.0252864  -0.0231658     0.22796
IMAGINARY
           0   0.00371433   -0.0100186  -0.00289587
 -0.00371433            0   0.00166737 -0.000507723
   0.0100186  -0.00166737            0    0.0173383
  0.00289587  0.000507723   -0.0173383            0
EndNode2[0]<--->HoM1[0]
REAL
    0.320363 -0.000624061    0.0104966    0.0142502
-0.000624061     0.211414   0.00986974   0.00710446
   0.0104966   0.00986974     0.219196   0.00649108
   0.0142502   0.00710446   0.00649108     0.249027
IMAGINARY
          0   0.0162955  -0.0154221 -0.00346653
 -0.0162955           0   0.0226481  0.00353219
  0.0154221  -0.0226481           0   0.0181225
 0.00346653 -0.00353219  -0.0181225           0
Repeater1[0]<--->EndNode1[0]
REAL
    0.31738  0.00982252 0.000163354 -0.00323691
 0.00982252    0.231738  0.00202625  -0.0231658
0.000163354  0.00202625    0.222922   0.0252864
-0.00323691  -0.0231658   0.0252864     0.22796
IMAGINARY
           0   -0.0100186   0.00371433  -0.00289587
   0.0100186            0  -0.00166737    0.0173383
 -0.00371433   0.00166737            0 -0.000507723
  0.00289587   -0.0173383  0.000507723            0
Repeater1[0]<--->HoM1[0]
REAL
    0.320363    0.0104966 -0.000624061    0.0142502
   0.0104966     0.219196   0.00986974   0.00649108
-0.000624061   0.00986974     0.211414   0.00710446
   0.0142502   0.00649108   0.00710446     0.249027
IMAGINARY
          0  -0.0154221   0.0162955 -0.00346653
  0.0154221           0  -0.0226481   0.0181225
 -0.0162955   0.0226481           0  0.00353219
 0.00346653  -0.0181225 -0.00353219           0
EndNode1[0]<--->Repeater1[0]
REAL
  0.334554   0.019797 -0.0106808  0.0207709
  0.019797   0.199023 -0.0144578 -0.0208849
-0.0106808 -0.0144578   0.224664 -0.0273728
 0.0207709 -0.0208849 -0.0273728   0.241758
IMAGINARY
          0  0.00980951  -0.0223348 -0.00938338
-0.00980951           0  0.00938338  0.00317537
  0.0223348 -0.00938338           0   -0.003011
 0.00938338 -0.00317537    0.003011           0
EndNode2[0]<--->HoM1[0]
REAL
   0.317439  -0.0159359  0.00166537   0.0323486
 -0.0159359    0.205722 -0.00375907 -0.00103005
 0.00166537 -0.00375907    0.182561 -0.00248848
  0.0323486 -0.00103005 -0.00248848    0.294278
IMAGINARY
          0 -0.00361761   0.0216962 -0.00554112
 0.00361761           0   0.0232809   0.0144115
 -0.0216962  -0.0232809           0  -0.0239222
 0.00554112  -0.0144115   0.0239222           0
Repeater1[0]<--->EndNode1[0]
REAL
  0.334554 -0.0106808   0.019797  0.0207709
-0.0106808   0.224664 -0.0144578 -0.0273728
  0.019797 -0.0144578   0.199023 -0.0208849
 0.0207709 -0.0273728 -0.0208849   0.241758
IMAGINARY
          0  -0.0223348  0.00980951 -0.00938338
  0.0223348           0 -0.00938338   -0.003011
-0.00980951  0.00938338           0  0.00317537
 0.00938338    0.003011 -0.00317537           0
Repeater1[0]<--->HoM1[0]
REAL
   0.317439  0.00166537  -0.0159359   0.0323486
 0.00166537    0.182561 -0.00375907 -0.00248848
 -0.0159359 -0.00375907    0.205722 -0.00103005
  0.0323486 -0.00248848 -0.00103005    0.294278
IMAGINARY
          0   0.0216962 -0.00361761 -0.00554112
 -0.0216962           0  -0.0232809  -0.0239222
 0.00361761   0.0232809           0   0.0144115
 0.00554112   0.0239222  -0.0144115           0
EndNode1[0]<--->Repeater1[0]
REAL
    0.327493    0.0096579   0.00513633 -0.000924706
   0.0096579     0.192722   -0.0220345   0.00379224
  0.00513633   -0.0220345     0.199461   -0.0262395
-0.000924706   0.00379224   -0.0262395     0.280323
IMAGINARY
          0  0.00096385   0.0159041   0.0107311
-0.00096385           0 -0.00168719  0.00399937
 -0.0159041  0.00168719           0  -0.0317238
 -0.0107311 -0.00399937   0.0317238           0
EndNode2[0]<--->HoM1[0]
REAL
    0.315033  -0.00453122 -0.000860507    0.0370994
 -0.00453122     0.203922   -0.0358173   -0.0158062
-0.000860507   -0.0358173     0.193464   -0.0159816
   0.0370994   -0.0158062   -0.0159816     0.287582
IMAGINARY
          0  -0.0110441   0.0124019  0.00506004
  0.0110441           0   0.0223456 -0.00719356
 -0.0124019  -0.0223456           0 -0.00197674
-0.00506004  0.00719356  0.00197674           0
Repeater1[0]<--->EndNode1[0]
REAL
    0.327493   0.00513633    0.0096579 -0.000924706
  0.00513633     0.199461   -0.0220345   -0.0262395
   0.0096579   -0.0220345     0.192722   0.00379224
-0.000924706   -0.0262395   0.00379224     0.280323
IMAGINARY
          0   0.0159041  0.00096385   0.0107311
 -0.0159041           0  0.00168719  -0.0317238
-0.00096385 -0.00168719           0  0.00399937
 -0.0107311   0.0317238 -0.00399937           0
Repeater1[0]<--->HoM1[0]
REAL
    0.315033 -0.000860507  -0.00453122    0.0370994
-0.000860507     0.193464   -0.0358173   -0.0159816
 -0.00453122   -0.0358173     0.203922   -0.0158062
   0.0370994   -0.0159816   -0.0158062     0.287582
IMAGINARY
          0   0.0124019  -0.0110441  0.00506004
 -0.0124019           0  -0.0223456 -0.00197674
  0.0110441   0.0223456           0 -0.00719356
-0.00506004  0.00197674  0.00719356           0
EndNode1[0]<--->Repeater1[0]
REAL
   0.340321  0.00419837 -0.00164166   0.0112988
 0.00419837    0.178792 -0.00416516   0.0100723
-0.00164166 -0.00416516    0.212084   0.0094203
  0.0112988   0.0100723   0.0094203    0.268804
IMAGINARY
          0   0.0111499  -0.0196583 -0.00578312
 -0.0111499           0  -0.0145314  -0.0177128
  0.0196583   0.0145314           0   0.0365306
 0.00578312   0.0177128  -0.0365306           0
EndNode2[0]<--->HoM1[0]
REAL
