EndNode1[0]<--->Repeater1[0]
REAL
   0.414665 0.000858958   0.0176879    0.376573
0.000858958   0.0695322   0.0090691  -0.0221351
  0.0176879   0.0090691    0.068268  0.00485896
   0.376573  -0.0221351  0.00485896    0.447535
IMAGINARY
          0   0.0113819  0.00637995  -0.0109618
 -0.0113819           0 -0.00856945   0.0012909
-0.00637995  0.00856945           0 -0.00928989
  0.0109618  -0.0012909  0.00928989           0
EndNode2[0]<--->HoM1[0]
REAL
   0.46735 -0.0186716 -0.0182681   0.366802
-0.0186716  0.0537772  0.0235376 -0.0195909
-0.0182681  0.0235376   0.056338 -0.0113545
  0.366802 -0.0195909 -0.0113545   0.422535
IMAGINARY
          0 -0.00804031  0.00282807  0.00176396
 0.00804031           0   0.0159759 -0.00930475
-0.00282807  -0.0159759           0 -0.00232239
-0.00176396  0.00930475  0.00232239           0
Repeater1[0]<--->EndNode1[0]
REAL
   0.414665   0.0176879 0.000858958    0.376573
  0.0176879    0.068268   0.0090691  0.00485896
0.000858958   0.0090691   0.0695322  -0.0221351
   0.376573  0.00485896  -0.0221351    0.447535
IMAGINARY
          0  0.00637995   0.0113819  -0.0109618
-0.00637995           0  0.00856945 -0.00928989
 -0.0113819 -0.00856945           0   0.0012909
  0.0109618  0.00928989  -0.0012909           0
Repeater1[0]<--->HoM1[0]
REAL
   0.46735 -0.0182681 -0.0186716   0.366802
-0.0182681   0.056338  0.0235376 -0.0113545
-0.0186716  0.0235376  0.0537772 -0.0195909
  0.366802 -0.0113545 -0.0195909   0.422535
IMAGINARY
          0  0.00282807 -0.00804031  0.00176396
-0.00282807           0  -0.0159759 -0.00232239
 0.00804031   0.0159759           0 -0.00930475
-0.00176396  0.00232239  0.00930475           0
EndNode1[0]<--->Repeater1[0]
REAL
  0.443609  0.0164592  0.0231306   0.382427
 0.0164592  0.0538847 0.00758534  0.0204851
 0.0231306 0.00758534  0.0513784    0.01325
  0.382427  0.0204851    0.01325   0.451128
IMAGINARY
           0   -0.0163649    0.0176738    0.0116507
   0.0163649            0  -0.00709932   0.00697858
  -0.0176738   0.00709932            0  0.000562151
  -0.0116507  -0.00697858 -0.000562151            0
EndNode2[0]<--->HoM1[0]
REAL
   0.436498 -0.00785719 -0.00270669    0.389262
-0.00785719   0.0702836  0.00592889  0.00948844
-0.00270669  0.00592889   0.0678175   0.0109398
   0.389262  0.00948844   0.0109398    0.425401
IMAGINARY
          0  -0.0212121 -0.00967742  0.00696993
  0.0212121           0  0.00571365 -0.00698925
 0.00967742 -0.00571365           0   0.0128788
-0.00696993  0.00698925  -0.0128788           0
Repeater1[0]<--->EndNode1[0]
REAL
  0.443609  0.0231306  0.0164592   0.382427
 0.0231306  0.0513784 0.00758534    0.01325
 0.0164592 0.00758534  0.0538847  0.0204851
  0.382427    0.01325  0.0204851   0.451128
IMAGINARY
           0    0.0176738   -0.0163649    0.0116507
  -0.0176738            0   0.00709932  0.000562151
   0.0163649  -0.00709932            0   0.00697858
  -0.0116507 -0.000562151  -0.00697858            0
Repeater1[0]<--->HoM1[0]
REAL
   0.436498 -0.00270669 -0.00785719    0.389262
-0.00270669   0.0678175  0.00592889   0.0109398
-0.00785719  0.00592889   0.0702836  0.00948844
   0.389262   0.0109398  0.00948844    0.425401
IMAGINARY
          0 -0.00967742  -0.0212121  0.00696993
 0.00967742           0 -0.00571365   0.0128788
  0.0212121  0.00571365           0 -0.00698925
-0.00696993  -0.0128788  0.00698925           0
EndNode1[0]<--->Repeater1[0]
REAL
   0.449553  0.00191811  0.00192693    0.376807
 0.00191811   0.0498084   0.0269903  0.00440218
 0.00192693   0.0269903   0.0536398 -0.00318393
   0.376807  0.00440218 -0.00318393    0.446999
IMAGINARY
          0 -0.00973679    0.020313  -0.0129245
 0.00973679           0  -0.0110703   0.0181485
  -0.020313   0.0110703           0  -0.0104097
  0.0129245  -0.0181485   0.0104097           0
EndNode2[0]<--->HoM1[0]
REAL
   0.459459   0.0114714 -0.00276529    0.386281
  0.0114714    0.046332    0.017158   0.0159928
-0.00276529    0.017158   0.0604891  0.00572432
   0.386281   0.0159928  0.00572432    0.433719
IMAGINARY
           0  0.000103004   0.00117357    0.0210835
-0.000103004            0  -0.00290171   -0.0145154
 -0.00117357   0.00290171            0   -0.0159861
  -0.0210835    0.0145154    0.0159861            0
Repeater1[0]<--->EndNode1[0]
REAL
   0.449553  0.00192693  0.00191811    0.376807
 0.00192693   0.0536398   0.0269903 -0.00318393
 0.00191811   0.0269903   0.0498084  0.00440218
   0.376807 -0.00318393  0.00440218    0.446999
IMAGINARY
          0    0.020313 -0.00973679  -0.0129245
  -0.020313           0   0.0110703  -0.0104097
 0.00973679  -0.0110703           0   0.0181485
  0.0129245   0.0104097  -0.0181485           0
Repeater1[0]<--->HoM1[0]
REAL
   0.459459 -0.00276529   0.0114714    0.386281
-0.00276529   0.0604891    0.017158  0.00572432
  0.0114714    0.017158    0.046332   0.0159928
   0.386281  0.00572432   0.0159928    0.433719
IMAGINARY
           0   0.00117357  0.000103004    0.0210835
 -0.00117357            0   0.00290171   -0.0159861
-0.000103004  -0.00290171            0   -0.0145154
  -0.0210835    0.0159861    0.0145154            0
EndNode1[0]<--->Repeater1[0]
REAL
   0.470735  0.00480662 -0.00571792    0.381557
 0.00480662   0.0585305   0.0244146   0.0127065
-0.00571792   0.0244146   0.0684932  0.00218195
   0.381557   0.0127065  0.00218195    0.402242
IMAGINARY
           0   0.00315735   -0.0183801   0.00131062
 -0.00315735            0 -0.000655308   -0.0071301
   0.0183801  0.000655308            0    0.0198018
 -0.00131062    0.0071301   -0.0198018            0
EndNode2[0]<--->HoM1[0]
REAL
   0.456724 -0.00118389  -0.0157136     0.37181
-0.00118389   0.0652463   0.0251519   -0.008725
 -0.0157136   0.0251519   0.0372836  -0.0100446
    0.37181   -0.008725  -0.0100446    0.440746
IMAGINARY
          0     0.01245  0.00958676  0.00269196
   -0.01245           0 -0.00522361  -0.0167951
-0.00958676  0.00522361           0  0.00131143
-0.00269196   0.0167951 -0.00131143           0
Repeater1[0]<--->EndNode1[0]
REAL
   0.470735 -0.00571792  0.00480662    0.381557
-0.00571792   0.0684932   0.0244146  0.00218195
 0.00480662   0.0244146   0.0585305   0.0127065
   0.381557  0.00218195   0.0127065    0.402242
IMAGINARY
           0   -0.0183801   0.00315735   0.00131062
   0.0183801            0  0.000655308    0.0198018
 -0.00315735 -0.000655308            0   -0.0071301
 -0.00131062   -0.0198018    0.0071301            0
Repeater1[0]<--->HoM1[0]
REAL
   0.456724  -0.0157136 -0.00118389     0.37181
 -0.0157136   0.0372836   0.0251519  -0.0100446
-0.00118389   0.0251519   0.0652463   -0.008725
    0.37181  -0.0100446   -0.008725    0.440746
IMAGINARY
          0  0.00958676     0.01245  0.00269196
-0.00958676           0  0.00522361  0.00131143
   -0.01245 -0.00522361           0  -0.0167951
-0.00269196 -0.00131143   0.0167951           0
EndNode1[0]<--->Repeater1[0]
REAL
   0.431034   -0.015696  -0.0120162    0.366165
  -0.015696   0.0541872   0.0145094  -0.0132756
 -0.0120162   0.0145094   0.0504926 -0.00440779
   0.366165  -0.0132756 -0.00440779    0.464286
IMAGINARY
          0  -0.0136978  0.00333183  -0.0165255
  0.0136978           0   0.0211368  0.00395294
-0.00333183  -0.0211368           0 -0.00153395
  0.0165255 -0.00395294  0.00153395           0
EndNode2[0]<--->HoM1[0]
REAL
  0.430348 0.00213663  0.0104451   0.377187
0.00213663  0.0646766  0.0127589 0.00450057
 0.0104451  0.0127589  0.0522388 0.00873294
  0.377187 0.00450057 0.00873294   0.452736
IMAGINARY
          0  -0.0265056 -0.00175107   0.0270662
  0.0265056           0   0.0174631   0.0166764
 0.00175107  -0.0174631           0   0.0103365
 -0.0270662  -0.0166764  -0.0103365           0
Repeater1[0]<--->EndNode1[0]
REAL
   0.431034  -0.0120162   -0.015696    0.366165
 -0.0120162   0.0504926   0.0145094 -0.00440779
  -0.015696   0.0145094   0.0541872  -0.0132756
   0.366165 -0.00440779  -0.0132756    0.464286
IMAGINARY
          0  0.00333183  -0.0136978  -0.0165255
-0.00333183           0  -0.0211368 -0.00153395
  0.0136978   0.0211368           0  0.00395294
  0.0165255  0.00153395 -0.00395294           0
Repeater1[0]<--->HoM1[0]
REAL
  0.430348  0.0104451 0.00213663   0.377187
 0.0104451  0.0522388  0.0127589 0.00873294
0.00213663  0.0127589  0.0646766 0.00450057
  0.377187 0.00873294 0.00450057   0.452736
IMAGINARY
          0 -0.00175107  -0.0265056   0.0270662
 0.00175107           0  -0.0174631   0.0103365
  0.0265056   0.0174631           0   0.0166764
 -0.0270662  -0.0103365  -0.0166764           0
EndNode1[0]<--->Repeater1[0]
REAL
   0.459459   0.0052348  -0.0118706    0.378598
  0.0052348   0.0553411   0.0307432 -0.00873382
 -0.0118706   0.0307432   0.0630631  -0.0230919
   0.378598 -0.00873382  -0.0230919    0.422136
IMAGINARY
          0  0.00744985 -0.00518144 -0.00553371
-0.00744985           0 -0.00296302  0.00843242
 0.00518144  0.00296302           0   0.0166074
 0.00553371 -0.00843242  -0.0166074           0
EndNode2[0]<--->HoM1[0]
REAL
   0.439783   -0.019574 0.000282541    0.387353
  -0.019574   0.0703654   0.0242208   -0.015237
0.000282541   0.0242208   0.0663058  0.00461953
   0.387353   -0.015237  0.00461953    0.423545
IMAGINARY
          0 -0.00239833  0.00872228 -0.00155206
 0.00239833           0  0.00792961  0.00052556
-0.00872228 -0.00792961           0  -0.0253452
 0.00155206 -0.00052556   0.0253452           0
Repeater1[0]<--->EndNode1[0]
REAL
   0.459459  -0.0118706   0.0052348    0.378598
 -0.0118706   0.0630631   0.0307432  -0.0230919
  0.0052348   0.0307432   0.0553411 -0.00873382
   0.378598  -0.0230919 -0.00873382    0.422136
IMAGINARY
          0 -0.00518144  0.00744985 -0.00553371
 0.00518144           0  0.00296302   0.0166074
-0.00744985 -0.00296302           0  0.00843242
 0.00553371  -0.0166074 -0.00843242           0
Repeater1[0]<--->HoM1[0]
REAL
   0.439783 0.000282541   -0.019574    0.387353
0.000282541   0.0663058   0.0242208  0.00461953
  -0.019574   0.0242208   0.0703654   -0.015237
   0.387353  0.00461953   -0.015237    0.423545
IMAGINARY
          0  0.00872228 -0.00239833 -0.00155206
-0.00872228           0 -0.00792961  -0.0253452
 0.00239833  0.00792961           0  0.00052556
 0.00155206   0.0253452 -0.00052556           0
EndNode1[0]<--->Repeater1[0]
REAL
   0.442779   0.0100791  0.00926632    0.382144
  0.0100791   0.0735695    0.031189  0.00540034
 0.00926632    0.031189   0.0435967 -0.00474573
   0.382144  0.00540034 -0.00474573    0.440054
IMAGINARY
          0    0.013868 -0.00294681  0.00782245
  -0.013868           0 -0.00289634 -0.00533344
 0.00294681  0.00289634           0 -0.00431384
-0.00782245  0.00533344  0.00431384           0
EndNode2[0]<--->HoM1[0]
REAL
   0.453125 -0.00181267  -0.0239524    0.385937
-0.00181267   0.0598958   0.0106152  0.00671097
 -0.0239524   0.0106152   0.0638021  -0.0233863
   0.385937  0.00671097  -0.0233863    0.423177
IMAGINARY
          0  -0.0078804 -0.00684761  0.00843832
  0.0078804           0  -0.0126501   0.0094183
 0.00684761   0.0126501           0  0.00402436
-0.00843832  -0.0094183 -0.00402436           0
Repeater1[0]<--->EndNode1[0]
REAL
   0.442779  0.00926632   0.0100791    0.382144
 0.00926632   0.0435967    0.031189 -0.00474573
  0.0100791    0.031189   0.0735695  0.00540034
   0.382144 -0.00474573  0.00540034    0.440054
IMAGINARY
          0 -0.00294681    0.013868  0.00782245
 0.00294681           0  0.00289634 -0.00431384
  -0.013868 -0.00289634           0 -0.00533344
-0.00782245  0.00431384  0.00533344           0
Repeater1[0]<--->HoM1[0]
REAL
   0.453125  -0.0239524 -0.00181267    0.385937
 -0.0239524   0.0638021   0.0106152  -0.0233863
-0.00181267   0.0106152   0.0598958  0.00671097
   0.385937  -0.0233863  0.00671097    0.423177
IMAGINARY
          0 -0.00684761  -0.0078804  0.00843832
 0.00684761           0   0.0126501  0.00402436
  0.0078804  -0.0126501           0   0.0094183
-0.00843832 -0.00402436  -0.0094183           0
EndNode1[0]<--->Repeater1[0]
REAL
   0.421836 -0.00577855   -0.012472    0.370845
-0.00577855   0.0707196   0.0156349  -0.0206912
  -0.012472   0.0156349   0.0558313  -0.0159051
   0.370845  -0.0206912  -0.0159051    0.451613
IMAGINARY
          0   0.0187758  -0.0231198   -0.010633
 -0.0187758           0 -0.00405408  -0.0195054
  0.0231198  0.00405408           0   0.0252025
   0.010633   0.0195054  -0.0252025           0
EndNode2[0]<--->HoM1[0]
REAL
   0.417834  -0.0174333 -0.00533263    0.390284
 -0.0174333   0.0636943   0.0219971 -0.00469243
-0.00533263   0.0219971   0.0636943 -0.00762937
   0.390284 -0.00469243 -0.00762937    0.454777
IMAGINARY
          0  0.00491165  0.00249957 -0.00225806
-0.00491165           0 -0.00225806 -0.00505711
-0.00249957  0.00225806           0   0.0142699
 0.00225806  0.00505711  -0.0142699           0
Repeater1[0]<--->EndNode1[0]
REAL
   0.421836   -0.012472 -0.00577855    0.370845
  -0.012472   0.0558313   0.0156349  -0.0159051
-0.00577855   0.0156349   0.0707196  -0.0206912
   0.370845  -0.0159051  -0.0206912    0.451613
IMAGINARY
          0  -0.0231198   0.0187758   -0.010633
  0.0231198           0  0.00405408   0.0252025
 -0.0187758 -0.00405408           0  -0.0195054
   0.010633  -0.0252025   0.0195054           0
Repeater1[0]<--->HoM1[0]
REAL
   0.417834 -0.00533263  -0.0174333    0.390284
-0.00533263   0.0636943   0.0219971 -0.00762937
 -0.0174333   0.0219971   0.0636943 -0.00469243
   0.390284 -0.00762937 -0.00469243    0.454777
IMAGINARY
          0  0.00249957  0.00491165 -0.00225806
-0.00249957           0  0.00225806   0.0142699
-0.00491165 -0.00225806           0 -0.00505711
 0.00225806  -0.0142699  0.00505711           0
EndNode1[0]<--->Repeater1[0]
REAL
   0.426065  0.00719851  0.00160759    0.384032
 0.00719851   0.0614035   0.0231298  -0.0135439
 0.00160759   0.0231298   0.0601504 -0.00852477
   0.384032  -0.0135439 -0.00852477    0.452381
IMAGINARY
          0   0.0157915 -0.00146414 -0.00339517
 -0.0157915           0   0.0114697 -0.00856092
 0.00146414  -0.0114697           0  0.00300549
 0.00339517  0.00856092 -0.00300549           0
EndNode2[0]<--->HoM1[0]
REAL
   0.444588  0.00426077  0.00661915     0.38481
 0.00426077   0.0515464   0.0151899 -0.00121375
 0.00661915   0.0151899   0.0515464   0.0200636
    0.38481 -0.00121375   0.0200636     0.45232
IMAGINARY
          0  -0.0145138  0.00218237  -0.0268876
  0.0145138           0  -0.0113744  0.00794421
-0.00218237   0.0113744           0 -0.00447359
  0.0268876 -0.00794421  0.00447359           0
Repeater1[0]<--->EndNode1[0]
REAL
   0.426065  0.00160759  0.00719851    0.384032
 0.00160759   0.0601504   0.0231298 -0.00852477
 0.00719851   0.0231298   0.0614035  -0.0135439
   0.384032 -0.00852477  -0.0135439    0.452381
IMAGINARY
          0 -0.00146414   0.0157915 -0.00339517
 0.00146414           0  -0.0114697  0.00300549
 -0.0157915   0.0114697           0 -0.00856092
 0.00339517 -0.00300549  0.00856092           0
Repeater1[0]<--->HoM1[0]
REAL
   0.444588  0.00661915  0.00426077     0.38481
 0.00661915   0.0515464   0.0151899   0.0200636
 0.00426077   0.0151899   0.0515464 -0.00121375
    0.38481   0.0200636 -0.00121375     0.45232
IMAGINARY
          0  0.00218237  -0.0145138  -0.0268876
-0.00218237           0   0.0113744 -0.00447359
  0.0145138  -0.0113744           0  0.00794421
  0.0268876  0.00447359 -0.00794421           0
EndNode1[0]<--->Repeater1[0]
REAL
   0.465057  0.00585243 -0.00289162     0.37485
 0.00585243   0.0520966   0.0171811 -0.00224977
-0.00289162   0.0171811   0.0571792  -0.0367008
    0.37485 -0.00224977  -0.0367008    0.425667
IMAGINARY
          0  0.00464025  -0.0178005  -0.0365187
-0.00464025           0  0.00326906  -0.0159418
  0.0178005 -0.00326906           0   0.0217401
  0.0365187   0.0159418  -0.0217401           0
EndNode2[0]<--->HoM1[0]
REAL
   0.453739 -0.00467442  0.00205688    0.374702
-0.00467442   0.0659062   0.0200351  -0.0120819
 0.00205688   0.0200351   0.0684411   -0.017882
   0.374702  -0.0120819   -0.017882    0.411914
IMAGINARY
          0   0.0196563 -0.00730797  0.00506373
 -0.0196563           0  0.00194264  -0.0100254
 0.00730797 -0.00194264           0 -0.00898958
-0.00506373   0.0100254  0.00898958           0
Repeater1[0]<--->EndNode1[0]
REAL
   0.465057 -0.00289162  0.00585243     0.37485
-0.00289162   0.0571792   0.0171811  -0.0367008
 0.00585243   0.0171811   0.0520966 -0.00224977
    0.37485  -0.0367008 -0.00224977    0.425667
IMAGINARY
          0  -0.0178005  0.00464025  -0.0365187
  0.0178005           0 -0.00326906   0.0217401
-0.00464025  0.00326906           0  -0.0159418
  0.0365187  -0.0217401   0.0159418           0
Repeater1[0]<--->HoM1[0]
REAL
   0.453739  0.00205688 -0.00467442    0.374702
 0.00205688   0.0684411   0.0200351   -0.017882
-0.00467442   0.0200351   0.0659062  -0.0120819
   0.374702   -0.017882  -0.0120819    0.411914
IMAGINARY
          0 -0.00730797   0.0196563  0.00506373
 0.00730797           0 -0.00194264 -0.00898958
 -0.0196563  0.00194264           0  -0.0100254
-0.00506373  0.00898958   0.0100254           0
EndNode1[0]<--->Repeater1[0]
REAL
  0.435897 0.00735392 0.00784817   0.375104
0.00735392  0.0610501  0.0168562 0.00848349
0.00784817  0.0168562  0.0598291  0.0140029
  0.375104 0.00848349  0.0140029   0.443223
IMAGINARY
          0  0.00839281  -0.0260958  -0.0227345
-0.00839281           0   0.0165464   0.0183638
  0.0260958  -0.0165464           0   0.0148031
  0.0227345  -0.0183638  -0.0148031           0
EndNode2[0]<--->HoM1[0]
REAL
   0.473755  -0.0116257 0.000846187    0.378698
 -0.0116257   0.0551817    0.015774  -0.0171778
0.000846187    0.015774   0.0457604  -0.0197813
   0.378698  -0.0171778  -0.0197813    0.425303
IMAGINARY
          0    0.010079 -0.00778723   0.0145033
  -0.010079           0  0.00411371  0.00125981
 0.00778723 -0.00411371           0   0.0238635
 -0.0145033 -0.00125981  -0.0238635           0
Repeater1[0]<--->EndNode1[0]
REAL
  0.435897 0.00784817 0.00735392   0.375104
0.00784817  0.0598291  0.0168562  0.0140029
0.00735392  0.0168562  0.0610501 0.00848349
  0.375104  0.0140029 0.00848349   0.443223
IMAGINARY
          0  -0.0260958  0.00839281  -0.0227345
  0.0260958           0  -0.0165464   0.0148031
-0.00839281   0.0165464           0   0.0183638
  0.0227345  -0.0148031  -0.0183638           0
Repeater1[0]<--->HoM1[0]
REAL
   0.473755 0.000846187  -0.0116257    0.378698
0.000846187   0.0457604    0.015774  -0.0197813
 -0.0116257    0.015774   0.0551817  -0.0171778
   0.378698  -0.0197813  -0.0171778    0.425303
IMAGINARY
          0 -0.00778723    0.010079   0.0145033
 0.00778723           0 -0.00411371   0.0238635
  -0.010079  0.00411371           0  0.00125981
 -0.0145033  -0.0238635 -0.00125981           0
EndNode1[0]<--->Repeater1[0]
REAL
   0.464698  -0.0374192  -0.0219947    0.384597
 -0.0374192   0.0616175   0.0100677  -0.0306729
 -0.0219947   0.0100677   0.0449294 -0.00293646
   0.384597  -0.0306729 -0.00293646    0.428755
IMAGINARY
          0 -0.00601578  0.00631491 -0.00393996
 0.00601578           0  -0.0075985 -0.00819697
-0.00631491   0.0075985           0 -0.00213981
 0.00393996  0.00819697  0.00213981           0
EndNode2[0]<--->HoM1[0]
REAL
    0.439147  -0.00187414 -0.000851873     0.380612
 -0.00187414    0.0564617    0.0250986   -0.0210605
-0.000851873    0.0250986    0.0690088   -0.0266783
    0.380612   -0.0210605   -0.0266783     0.435383
IMAGINARY
           0  -0.00165608 -0.000658436   0.00691731
  0.00165608            0   -0.0223415   0.00129215
 0.000658436    0.0223415            0  -0.00658219
 -0.00691731  -0.00129215   0.00658219            0
Repeater1[0]<--->EndNode1[0]
REAL
   0.464698  -0.0219947  -0.0374192    0.384597
 -0.0219947   0.0449294   0.0100677 -0.00293646
 -0.0374192   0.0100677   0.0616175  -0.0306729
   0.384597 -0.00293646  -0.0306729    0.428755
IMAGINARY
          0  0.00631491 -0.00601578 -0.00393996
-0.00631491           0   0.0075985 -0.00213981
 0.00601578  -0.0075985           0 -0.00819697
 0.00393996  0.00213981  0.00819697           0
Repeater1[0]<--->HoM1[0]
REAL
    0.439147 -0.000851873  -0.00187414     0.380612
-0.000851873    0.0690088    0.0250986   -0.0266783
 -0.00187414    0.0250986    0.0564617   -0.0210605
    0.380612   -0.0266783   -0.0210605     0.435383
IMAGINARY
           0 -0.000658436  -0.00165608   0.00691731
 0.000658436            0    0.0223415  -0.00658219
  0.00165608   -0.0223415            0   0.00129215
 -0.00691731   0.00658219  -0.00129215            0
EndNode1[0]<--->Repeater1[0]
REAL
   0.461827 -0.00596745  -0.0202074    0.377609
-0.00596745    0.048811   0.0339393   0.0103794
 -0.0202074   0.0339393   0.0563204  -0.0161456
   0.377609   0.0103794  -0.0161456    0.433041
IMAGINARY
          0  0.00716049   0.0141553  0.00342232
-0.00716049           0 -0.00408109  -0.0296592
 -0.0141553  0.00408109           0  0.00188344
-0.00342232   0.0296592 -0.00188344           0
EndNode2[0]<--->HoM1[0]
REAL
   0.418231   0.0195502   0.0135697    0.379145
  0.0195502   0.0589812   0.0267075 -0.00211928
  0.0135697   0.0267075   0.0455764  -0.0208225
   0.379145 -0.00211928  -0.0208225    0.477212
IMAGINARY
           0  0.000371394    0.0147578   -0.0129223
-0.000371394            0  -0.00717516   -0.0101464
  -0.0147578   0.00717516            0   0.00292241
   0.0129223    0.0101464  -0.00292241            0
Repeater1[0]<--->EndNode1[0]
REAL
   0.461827  -0.0202074 -0.00596745    0.377609
 -0.0202074   0.0563204   0.0339393  -0.0161456
-0.00596745   0.0339393    0.048811   0.0103794
   0.377609  -0.0161456   0.0103794    0.433041
IMAGINARY
          0   0.0141553  0.00716049  0.00342232
 -0.0141553           0  0.00408109  0.00188344
-0.00716049 -0.00408109           0  -0.0296592
-0.00342232 -0.00188344   0.0296592           0
Repeater1[0]<--->HoM1[0]
REAL
   0.418231   0.0135697   0.0195502    0.379145
  0.0135697   0.0455764   0.0267075  -0.0208225
  0.0195502   0.0267075   0.0589812 -0.00211928
   0.379145  -0.0208225 -0.00211928    0.477212
IMAGINARY
           0    0.0147578  0.000371394   -0.0129223
  -0.0147578            0   0.00717516   0.00292241
-0.000371394  -0.00717516            0   -0.0101464
   0.0129223  -0.00292241    0.0101464            0
EndNode1[0]<--->Repeater1[0]
REAL
   0.426877   0.0124734 -2.0887e-05    0.379859
  0.0124734   0.0606061   0.0365004  0.00186591
-2.0887e-05   0.0365004   0.0619236 -0.00570838
   0.379859  0.00186591 -0.00570838    0.450593
IMAGINARY
          0   0.0158232   0.0111114  0.00984252
 -0.0158232           0  0.00984252  -0.0148708
 -0.0111114 -0.00984252           0  0.00172065
-0.00984252   0.0148708 -0.00172065           0
EndNode2[0]<--->HoM1[0]
REAL
   0.405372  0.00929598 -0.00522066     0.38113
 0.00929598   0.0512821   0.0207572  -0.0167919
-0.00522066   0.0207572   0.0622711  -0.0162142
    0.38113  -0.0167919  -0.0162142    0.481074
IMAGINARY
          0 -0.00799665   0.0264729  0.00654558
 0.00799665           0  0.00122644  -0.0357814
 -0.0264729 -0.00122644           0 -0.00530123
-0.00654558   0.0357814  0.00530123           0
Repeater1[0]<--->EndNode1[0]
REAL
   0.426877 -2.0887e-05   0.0124734    0.379859
-2.0887e-05   0.0619236   0.0365004 -0.00570838
  0.0124734   0.0365004   0.0606061  0.00186591
   0.379859 -0.00570838  0.00186591    0.450593
IMAGINARY
          0   0.0111114   0.0158232  0.00984252
 -0.0111114           0 -0.00984252  0.00172065
 -0.0158232  0.00984252           0  -0.0148708
-0.00984252 -0.00172065   0.0148708           0
Repeater1[0]<--->HoM1[0]
REAL
   0.405372 -0.00522066  0.00929598     0.38113
-0.00522066   0.0622711   0.0207572  -0.0162142
 0.00929598   0.0207572   0.0512821  -0.0167919
    0.38113  -0.0162142  -0.0167919    0.481074
IMAGINARY
          0   0.0264729 -0.00799665  0.00654558
 -0.0264729           0 -0.00122644 -0.00530123
 0.00799665  0.00122644           0  -0.0357814
-0.00654558  0.00530123   0.0357814           0
EndNode1[0]<--->Repeater1[0]
REAL
  0.428571  0.0181374 0.00598393   0.374188
 0.0181374  0.0720607  0.0259387 0.00855463
0.00598393  0.0259387  0.0606827 0.00525076
  0.374188 0.00855463 0.00525076   0.438685
IMAGINARY
          0  0.00502326   0.0139514  0.00438348
-0.00502326           0   0.0144337   0.0113404
 -0.0139514  -0.0144337           0  -0.0108598
-0.00438348  -0.0113404   0.0108598           0
EndNode2[0]<--->HoM1[0]
REAL
   0.439189 -0.00218287   0.0076453    0.373831
-0.00218287   0.0540541   0.0243285 -0.00335082
  0.0076453   0.0243285   0.0567568 0.000342381
   0.373831 -0.00335082 0.000342381        0.45
IMAGINARY
          0  -0.0200863   0.0446936 -0.00376081
  0.0200863           0  0.00833597  0.00132628
 -0.0446936 -0.00833597           0  -0.0296649
 0.00376081 -0.00132628   0.0296649           0
Repeater1[0]<--->EndNode1[0]
REAL
  0.428571 0.00598393  0.0181374   0.374188
0.00598393  0.0606827  0.0259387 0.00525076
 0.0181374  0.0259387  0.0720607 0.00855463
  0.374188 0.00525076 0.00855463   0.438685
IMAGINARY
          0   0.0139514  0.00502326  0.00438348
 -0.0139514           0  -0.0144337  -0.0108598
-0.00502326   0.0144337           0   0.0113404
-0.00438348   0.0108598  -0.0113404           0
Repeater1[0]<--->HoM1[0]
REAL
   0.439189   0.0076453 -0.00218287    0.373831
  0.0076453   0.0567568   0.0243285 0.000342381
-0.00218287   0.0243285   0.0540541 -0.00335082
   0.373831 0.000342381 -0.00335082        0.45
IMAGINARY
          0   0.0446936  -0.0200863 -0.00376081
 -0.0446936           0 -0.00833597  -0.0296649
  0.0200863  0.00833597           0  0.00132628
 0.00376081   0.0296649 -0.00132628           0
EndNode1[0]<--->Repeater1[0]
REAL
   0.488915 -0.00515151  -0.0144588    0.372395
-0.00515151   0.0455076   0.0045478  0.00150544
 -0.0144588   0.0045478    0.050175 -0.00650652
   0.372395  0.00150544 -0.00650652    0.415403
IMAGINARY
          0  -0.0129558   0.0303536  0.00699746
  0.0129558           0  0.00445293   0.0118807
 -0.0303536 -0.00445293           0 -0.00339297
-0.00699746  -0.0118807  0.00339297           0
EndNode2[0]<--->HoM1[0]
REAL
   0.440492  -0.0153293 -0.00998424    0.378837
 -0.0153293   0.0465116   0.0255555  0.00481628
-0.00998424   0.0255555   0.0478796 -0.00534258
   0.378837  0.00481628 -0.00534258    0.465116
IMAGINARY
          0  -0.0106791  0.00160875   0.0123199
  0.0106791           0  0.00670188  0.00160875
-0.00160875 -0.00670188           0  0.00488756
 -0.0123199 -0.00160875 -0.00488756           0
Repeater1[0]<--->EndNode1[0]
REAL
   0.488915  -0.0144588 -0.00515151    0.372395
 -0.0144588    0.050175   0.0045478 -0.00650652
-0.00515151   0.0045478   0.0455076  0.00150544
   0.372395 -0.00650652  0.00150544    0.415403
IMAGINARY
          0   0.0303536  -0.0129558  0.00699746
 -0.0303536           0 -0.00445293 -0.00339297
  0.0129558  0.00445293           0   0.0118807
-0.00699746  0.00339297  -0.0118807           0
Repeater1[0]<--->HoM1[0]
REAL
   0.440492 -0.00998424  -0.0153293    0.378837
-0.00998424   0.0478796   0.0255555 -0.00534258
 -0.0153293   0.0255555   0.0465116  0.00481628
   0.378837 -0.00534258  0.00481628    0.465116
IMAGINARY
          0  0.00160875  -0.0106791   0.0123199
-0.00160875           0 -0.00670188  0.00488756
  0.0106791  0.00670188           0  0.00160875
 -0.0123199 -0.00488756 -0.00160875           0
EndNode1[0]<--->Repeater1[0]
REAL
   0.452381 -0.00609917  -0.0118726    0.360977
-0.00609917   0.0551378  0.00697177  0.00930845
 -0.0118726  0.00697177   0.0526316  0.00738122
   0.360977  0.00930845  0.00738122     0.43985
IMAGINARY
          0  -0.0100738 -0.00256405 -0.00788004
  0.0100738           0  -0.0240927  0.00514803
 0.00256405   0.0240927           0  0.00878183
 0.00788004 -0.00514803 -0.00878183           0
EndNode2[0]<--->HoM1[0]
REAL
   0.423706   0.0142762  0.00420337    0.385769
  0.0142762   0.0558583   0.0155706   0.0280743
 0.00420337   0.0155706   0.0599455 -0.00270494
   0.385769   0.0280743 -0.00270494     0.46049
IMAGINARY
           0 -8.89592e-05    0.0175939  -0.00574715
 8.89592e-05            0  -0.00842811   -0.0063356
  -0.0175939   0.00842811            0   0.00737373
  0.00574715    0.0063356  -0.00737373            0
Repeater1[0]<--->EndNode1[0]
REAL
   0.452381  -0.0118726 -0.00609917    0.360977
 -0.0118726   0.0526316  0.00697177  0.00738122
-0.00609917  0.00697177   0.0551378  0.00930845
   0.360977  0.00738122  0.00930845     0.43985
IMAGINARY
          0 -0.00256405  -0.0100738 -0.00788004
 0.00256405           0   0.0240927  0.00878183
  0.0100738  -0.0240927           0  0.00514803
 0.00788004 -0.00878183 -0.00514803           0
Repeater1[0]<--->HoM1[0]
REAL
   0.423706  0.00420337   0.0142762    0.385769
 0.00420337   0.0599455   0.0155706 -0.00270494
  0.0142762   0.0155706   0.0558583   0.0280743
   0.385769 -0.00270494   0.0280743     0.46049
IMAGINARY
           0    0.0175939 -8.89592e-05  -0.00574715
  -0.0175939            0   0.00842811   0.00737373
 8.89592e-05  -0.00842811            0   -0.0063356
  0.00574715  -0.00737373    0.0063356            0
EndNode1[0]<--->Repeater1[0]
REAL
   0.440355  0.00435846 -0.00683107    0.375386
 0.00435846    0.072335   0.0195417   0.0273625
-0.00683107   0.0195417   0.0583756 0.000472454
   0.375386   0.0273625 0.000472454    0.428934
IMAGINARY
           0 -0.000856748   -0.0134199   0.00669135
 0.000856748            0    0.0211568    0.0017316
   0.0134199   -0.0211568            0   0.00864896
 -0.00669135   -0.0017316  -0.00864896            0
EndNode2[0]<--->HoM1[0]
REAL
    0.45098  0.00777622  0.00691678    0.380205
 0.00777622   0.0444444     0.01467    0.010823
 0.00691678     0.01467   0.0509804 -0.00843325
   0.380205    0.010823 -0.00843325    0.453595
IMAGINARY
           0  0.000103805   0.00278032  -0.00319176
-0.000103805            0   -0.0231918    -0.023668
 -0.00278032    0.0231918            0    0.0351442
  0.00319176     0.023668   -0.0351442            0
Repeater1[0]<--->EndNode1[0]
REAL
   0.440355 -0.00683107  0.00435846    0.375386
-0.00683107   0.0583756   0.0195417 0.000472454
 0.00435846   0.0195417    0.072335   0.0273625
   0.375386 0.000472454   0.0273625    0.428934
IMAGINARY
           0   -0.0134199 -0.000856748   0.00669135
   0.0134199            0   -0.0211568   0.00864896
 0.000856748    0.0211568            0    0.0017316
 -0.00669135  -0.00864896   -0.0017316            0
Repeater1[0]<--->HoM1[0]
REAL
    0.45098  0.00691678  0.00777622    0.380205
 0.00691678   0.0509804     0.01467 -0.00843325
 0.00777622     0.01467   0.0444444    0.010823
   0.380205 -0.00843325    0.010823    0.453595
IMAGINARY
           0   0.00278032  0.000103805  -0.00319176
 -0.00278032            0    0.0231918    0.0351442
-0.000103805   -0.0231918            0    -0.023668
  0.00319176   -0.0351442     0.023668            0
EndNode1[0]<--->Repeater1[0]
REAL
    0.408451  -0.00284215  0.000872932     0.378371
 -0.00284215    0.0665813   0.00575976    0.0054243
 0.000872932   0.00575976    0.0691421 -0.000936183
    0.378371    0.0054243 -0.000936183     0.455826
IMAGINARY
          0  0.00175469 -0.00348858 -0.00389351
-0.00175469           0 -0.00524487  -0.0251738
 0.00348858  0.00524487           0   0.0192644
 0.00389351   0.0251738  -0.0192644           0
EndNode2[0]<--->HoM1[0]
REAL
  0.448276 0.00455165  0.0010948   0.385394
0.00455165  0.0492611  0.0110702  0.0191072
 0.0010948  0.0110702   0.067734  0.0181756
  0.385394  0.0191072  0.0181756   0.434729
IMAGINARY
           0   0.00431461  -0.00302117  -0.00131714
 -0.00431461            0   -0.0137549  -0.00238423
  0.00302117    0.0137549            0 -0.000260555
  0.00131714   0.00238423  0.000260555            0
Repeater1[0]<--->EndNode1[0]
REAL
    0.408451  0.000872932  -0.00284215     0.378371
 0.000872932    0.0691421   0.00575976 -0.000936183
 -0.00284215   0.00575976    0.0665813    0.0054243
    0.378371 -0.000936183    0.0054243     0.455826
IMAGINARY
          0 -0.00348858  0.00175469 -0.00389351
 0.00348858           0  0.00524487   0.0192644
-0.00175469 -0.00524487           0  -0.0251738
 0.00389351  -0.0192644   0.0251738           0
Repeater1[0]<--->HoM1[0]
REAL
  0.448276  0.0010948 0.00455165   0.385394
 0.0010948   0.067734  0.0110702  0.0181756
0.00455165  0.0110702  0.0492611  0.0191072
  0.385394  0.0181756  0.0191072   0.434729
IMAGINARY
           0  -0.00302117   0.00431461  -0.00131714
  0.00302117            0    0.0137549 -0.000260555
 -0.00431461   -0.0137549            0  -0.00238423
  0.00131714  0.000260555   0.00238423            0
EndNode1[0]<--->Repeater1[0]
REAL
  0.439951  0.0177308  0.0175358   0.379285
 0.0177308  0.0526961  0.0228749 0.00597118
 0.0175358  0.0228749  0.0563725  0.0146708
  0.379285 0.00597118  0.0146708    0.45098
IMAGINARY
          0  -0.0121352  -0.0120446 -0.00243027
  0.0121352           0  0.00846891 -0.00205794
  0.0120446 -0.00846891           0   0.0211095
 0.00243027  0.00205794  -0.0211095           0
EndNode2[0]<--->HoM1[0]
REAL
   0.46056 -0.0160367   0.024743   0.376665
-0.0160367  0.0394402 0.00864449 -0.0144337
  0.024743 0.00864449  0.0559796  0.0199027
  0.376665 -0.0144337  0.0199027    0.44402
IMAGINARY
           0 -0.000942238   -0.0118466  -0.00736056
 0.000942238            0  -0.00489751   0.00677044
   0.0118466   0.00489751            0  -0.00159583
  0.00736056  -0.00677044   0.00159583            0
Repeater1[0]<--->EndNode1[0]
REAL
  0.439951  0.0175358  0.0177308   0.379285
 0.0175358  0.0563725  0.0228749  0.0146708
 0.0177308  0.0228749  0.0526961 0.00597118
  0.379285  0.0146708 0.00597118    0.45098
IMAGINARY
          0  -0.0120446  -0.0121352 -0.00243027
  0.0120446           0 -0.00846891   0.0211095
  0.0121352  0.00846891           0 -0.00205794
 0.00243027  -0.0211095  0.00205794           0
Repeater1[0]<--->HoM1[0]
REAL
   0.46056   0.024743 -0.0160367   0.376665
  0.024743  0.0559796 0.00864449  0.0199027
-0.0160367 0.00864449  0.0394402 -0.0144337
  0.376665  0.0199027 -0.0144337    0.44402
IMAGINARY
           0   -0.0118466 -0.000942238  -0.00736056
   0.0118466            0   0.00489751  -0.00159583
 0.000942238  -0.00489751            0   0.00677044
  0.00736056   0.00159583  -0.00677044            0
EndNode1[0]<--->Repeater1[0]
REAL
   0.427033 -0.00647834  -0.0292402    0.390902
-0.00647834   0.0454545   0.0137305 0.000629888
 -0.0292402   0.0137305    0.076555  -0.0166824
   0.390902 0.000629888  -0.0166824    0.450957
IMAGINARY
           0    0.0193759  5.80539e-05  -0.00247254
  -0.0193759            0   -0.0189282   -0.0360382
-5.80539e-05    0.0189282            0    0.0252891
  0.00247254    0.0360382   -0.0252891            0
EndNode2[0]<--->HoM1[0]
REAL
  0.450777 0.00502262 0.00809465   0.380817
0.00502262  0.0479275 0.00959444 -0.0174346
0.00809465 0.00959444  0.0608808 0.00307203
  0.380817 -0.0174346 0.00307203   0.440415
IMAGINARY
           0  -0.00429961   0.00789999     0.017959
  0.00429961            0   0.00269182   0.00195547
 -0.00789999  -0.00269182            0 -0.000299606
   -0.017959  -0.00195547  0.000299606            0
Repeater1[0]<--->EndNode1[0]
REAL
   0.427033  -0.0292402 -0.00647834    0.390902
 -0.0292402    0.076555   0.0137305  -0.0166824
-0.00647834   0.0137305   0.0454545 0.000629888
   0.390902  -0.0166824 0.000629888    0.450957
IMAGINARY
           0  5.80539e-05    0.0193759  -0.00247254
-5.80539e-05            0    0.0189282    0.0252891
  -0.0193759   -0.0189282            0   -0.0360382
  0.00247254   -0.0252891    0.0360382            0
Repeater1[0]<--->HoM1[0]
REAL
  0.450777 0.00809465 0.00502262   0.380817
0.00809465  0.0608808 0.00959444 0.00307203
0.00502262 0.00959444  0.0479275 -0.0174346
  0.380817 0.00307203 -0.0174346   0.440415
IMAGINARY
           0   0.00789999  -0.00429961     0.017959
 -0.00789999            0  -0.00269182 -0.000299606
  0.00429961   0.00269182            0   0.00195547
   -0.017959  0.000299606  -0.00195547            0
EndNode1[0]<--->Repeater1[0]
REAL
    0.403896  -0.00983978   -0.0147868     0.376465
 -0.00983978    0.0623377    0.0174742   0.00973633
  -0.0147868    0.0174742    0.0584416 -0.000261233
    0.376465   0.00973633 -0.000261233     0.475325
IMAGINARY
          0  -0.0060794 -0.00227461  -0.0120243
  0.0060794           0  -0.0169994 -0.00354687
 0.00227461   0.0169994           0  -0.0023294
  0.0120243  0.00354687   0.0023294           0
EndNode2[0]<--->HoM1[0]
REAL
    0.436842 -0.000964617   0.00636385     0.369483
-0.000964617    0.0592105    0.0216306  -0.00573806
  0.00636385    0.0216306    0.0578947    0.0128545
    0.369483  -0.00573806    0.0128545     0.446053
IMAGINARY
          0  0.00490115  -0.0163772 -0.00572269
-0.00490115           0   0.0122331   0.0145367
  0.0163772  -0.0122331           0  0.00675529
 0.00572269  -0.0145367 -0.00675529           0
Repeater1[0]<--->EndNode1[0]
REAL
    0.403896   -0.0147868  -0.00983978     0.376465
  -0.0147868    0.0584416    0.0174742 -0.000261233
 -0.00983978    0.0174742    0.0623377   0.00973633
    0.376465 -0.000261233   0.00973633     0.475325
IMAGINARY
          0 -0.00227461  -0.0060794  -0.0120243
 0.00227461           0   0.0169994  -0.0023294
  0.0060794  -0.0169994           0 -0.00354687
  0.0120243   0.0023294  0.00354687           0
Repeater1[0]<--->HoM1[0]
REAL
    0.436842   0.00636385 -0.000964617     0.369483
  0.00636385    0.0578947    0.0216306    0.0128545
-0.000964617    0.0216306    0.0592105  -0.00573806
    0.369483    0.0128545  -0.00573806     0.446053
IMAGINARY
          0  -0.0163772  0.00490115 -0.00572269
  0.0163772           0  -0.0122331  0.00675529
-0.00490115   0.0122331           0   0.0145367
 0.00572269 -0.00675529  -0.0145367           0
EndNode1[0]<--->Repeater1[0]
REAL
   0.429479   0.0110619 -0.00934429    0.375252
  0.0110619   0.0609911   0.0229204  0.00151139
-0.00934429   0.0229204   0.0355781  -0.0110619
   0.375252  0.00151139  -0.0110619    0.473952
IMAGINARY
           0   0.00796251   -0.0141368  0.000365572
 -0.00796251            0   -0.0154773  -0.00529326
   0.0141368    0.0154773            0    0.0373743
-0.000365572   0.00529326   -0.0373743            0
EndNode2[0]<--->HoM1[0]
REAL
    0.43599 -0.00124378   0.0154463    0.385422
-0.00124378   0.0676329   0.0150755 -0.00549608
  0.0154463   0.0150755   0.0567633 -0.00124378
   0.385422 -0.00549608 -0.00124378    0.439614
IMAGINARY
          0  -0.0237962   0.0057079   0.0368629
  0.0237962           0 -0.00976926  0.00905462
 -0.0057079  0.00976926           0  -0.0025196
 -0.0368629 -0.00905462   0.0025196           0
Repeater1[0]<--->EndNode1[0]
REAL
   0.429479 -0.00934429   0.0110619    0.375252
-0.00934429   0.0355781   0.0229204  -0.0110619
  0.0110619   0.0229204   0.0609911  0.00151139
   0.375252  -0.0110619  0.00151139    0.473952
IMAGINARY
           0   -0.0141368   0.00796251  0.000365572
   0.0141368            0    0.0154773    0.0373743
 -0.00796251   -0.0154773            0  -0.00529326
-0.000365572   -0.0373743   0.00529326            0
Repeater1[0]<--->HoM1[0]
REAL
    0.43599   0.0154463 -0.00124378    0.385422
  0.0154463   0.0567633   0.0150755 -0.00124378
-0.00124378   0.0150755   0.0676329 -0.00549608
   0.385422 -0.00124378 -0.00549608    0.439614
IMAGINARY
          0   0.0057079  -0.0237962   0.0368629
 -0.0057079           0  0.00976926  -0.0025196
  0.0237962 -0.00976926           0  0.00905462
 -0.0368629   0.0025196 -0.00905462           0
EndNode1[0]<--->Repeater1[0]
REAL
   0.43734  0.0185852  0.0187898   0.382229
 0.0185852  0.0652174   0.018416 0.00637149
 0.0187898   0.018416  0.0626598 0.00786641
  0.382229 0.00637149 0.00786641   0.434783
IMAGINARY
          0  0.00402058 -0.00359478  0.00890677
-0.00402058           0 -0.00555106 -0.00613285
 0.00359478  0.00555106           0  -0.0059661
-0.00890677  0.00613285   0.0059661           0
EndNode2[0]<--->HoM1[0]
REAL
   0.470366  -0.0111492  0.00453098    0.391143
 -0.0111492   0.0504414   0.0180659 -0.00388248
