EndNode1[0]<--->Repeater1[0]
REAL
   0.436751   0.0141099 0.000640709    0.223523
  0.0141099   0.0758988   0.0236472  0.00376181
0.000640709   0.0236472   0.0665779   -0.013481
   0.223523  0.00376181   -0.013481    0.420772
IMAGINARY
           0  -0.00281129  -0.00195683   -0.0211066
  0.00281129            0  0.000412364   -0.0111191
  0.00195683 -0.000412364            0   -0.0177367
   0.0211066    0.0111191    0.0177367            0
EndNode2[0]<--->HoM1[0]
REAL
    0.440244   0.00368755    -0.007204     0.222607
  0.00368755    0.0731707 -0.000743691   0.00138253
   -0.007204 -0.000743691    0.0792683    0.0124832
    0.222607   0.00138253    0.0124832     0.407317
IMAGINARY
          0  0.00413536   0.0117665   0.0128497
-0.00413536           0   0.0095384 -0.00288322
 -0.0117665  -0.0095384           0  0.00220982
 -0.0128497  0.00288322 -0.00220982           0
Repeater1[0]<--->EndNode1[0]
REAL
   0.436751 0.000640709   0.0141099    0.223523
0.000640709   0.0665779   0.0236472   -0.013481
  0.0141099   0.0236472   0.0758988  0.00376181
   0.223523   -0.013481  0.00376181    0.420772
IMAGINARY
           0  -0.00195683  -0.00281129   -0.0211066
  0.00195683            0 -0.000412364   -0.0177367
  0.00281129  0.000412364            0   -0.0111191
   0.0211066    0.0177367    0.0111191            0
Repeater1[0]<--->HoM1[0]
REAL
    0.440244    -0.007204   0.00368755     0.222607
   -0.007204    0.0792683 -0.000743691    0.0124832
  0.00368755 -0.000743691    0.0731707   0.00138253
    0.222607    0.0124832   0.00138253     0.407317
IMAGINARY
          0   0.0117665  0.00413536   0.0128497
 -0.0117665           0  -0.0095384  0.00220982
-0.00413536   0.0095384           0 -0.00288322
 -0.0128497 -0.00220982  0.00288322           0
EndNode1[0]<--->Repeater1[0]
REAL
   0.440402  -0.0134293 0.000520123     0.21985
 -0.0134293   0.0828105 -0.00166858  -0.0174032
0.000520123 -0.00166858   0.0853199  0.00303971
    0.21985  -0.0174032  0.00303971    0.391468
IMAGINARY
         0  0.0205372  0.0129074  0.0177309
-0.0205372          0 -0.0158768 -0.0141732
-0.0129074  0.0158768          0 -0.0243346
-0.0177309  0.0141732  0.0243346          0
EndNode2[0]<--->HoM1[0]
REAL
   0.409396 -0.00781533  -0.0116803    0.221563
-0.00781533   0.0671141  0.00128336  -0.0201549
 -0.0116803  0.00128336   0.0926174  0.00843955
   0.221563  -0.0201549  0.00843955    0.430872
IMAGINARY
           0  -0.00424342   0.00787661   -0.0103838
  0.00424342            0  0.000282828    0.0189299
 -0.00787661 -0.000282828            0  -0.00624609
   0.0103838   -0.0189299   0.00624609            0
Repeater1[0]<--->EndNode1[0]
REAL
   0.440402 0.000520123  -0.0134293     0.21985
0.000520123   0.0853199 -0.00166858  0.00303971
 -0.0134293 -0.00166858   0.0828105  -0.0174032
    0.21985  0.00303971  -0.0174032    0.391468
IMAGINARY
         0  0.0129074  0.0205372  0.0177309
-0.0129074          0  0.0158768 -0.0243346
-0.0205372 -0.0158768          0 -0.0141732
-0.0177309  0.0243346  0.0141732          0
Repeater1[0]<--->HoM1[0]
REAL
   0.409396  -0.0116803 -0.00781533    0.221563
 -0.0116803   0.0926174  0.00128336  0.00843955
-0.00781533  0.00128336   0.0671141  -0.0201549
   0.221563  0.00843955  -0.0201549    0.430872
IMAGINARY
           0   0.00787661  -0.00424342   -0.0103838
 -0.00787661            0 -0.000282828  -0.00624609
  0.00424342  0.000282828            0    0.0189299
   0.0103838   0.00624609   -0.0189299            0
EndNode1[0]<--->Repeater1[0]
REAL
     0.44757    0.0114688    0.0142834     0.236628
   0.0114688    0.0613811   -0.0130298 -0.000593701
   0.0142834   -0.0130298    0.0920716   0.00222093
    0.236628 -0.000593701   0.00222093     0.398977
IMAGINARY
          0 -0.00377388 -0.00171467  -0.0150676
 0.00377388           0   0.0113176  0.00513464
 0.00171467  -0.0113176           0  0.00719386
  0.0150676 -0.00513464 -0.00719386           0
EndNode2[0]<--->HoM1[0]
REAL
   0.451697 -0.00641787  -0.0074782    0.205664
-0.00641787   0.0704961  0.00530337   0.0171556
 -0.0074782  0.00530337    0.075718 -0.00454987
   0.205664   0.0171556 -0.00454987    0.402089
IMAGINARY
          0   0.0160579  0.00142504 -0.00798803
 -0.0160579           0   0.0135903  -0.0248907
-0.00142504  -0.0135903           0 -0.00342257
 0.00798803   0.0248907  0.00342257           0
Repeater1[0]<--->EndNode1[0]
REAL
     0.44757    0.0142834    0.0114688     0.236628
   0.0142834    0.0920716   -0.0130298   0.00222093
   0.0114688   -0.0130298    0.0613811 -0.000593701
    0.236628   0.00222093 -0.000593701     0.398977
IMAGINARY
          0 -0.00171467 -0.00377388  -0.0150676
 0.00171467           0  -0.0113176  0.00719386
 0.00377388   0.0113176           0  0.00513464
  0.0150676 -0.00719386 -0.00513464           0
Repeater1[0]<--->HoM1[0]
REAL
   0.451697  -0.0074782 -0.00641787    0.205664
 -0.0074782    0.075718  0.00530337 -0.00454987
-0.00641787  0.00530337   0.0704961   0.0171556
   0.205664 -0.00454987   0.0171556    0.402089
IMAGINARY
          0  0.00142504   0.0160579 -0.00798803
-0.00142504           0  -0.0135903 -0.00342257
 -0.0160579   0.0135903           0  -0.0248907
 0.00798803  0.00342257   0.0248907           0
EndNode1[0]<--->Repeater1[0]
REAL
   0.410364   0.0107495 -0.00694283    0.211643
  0.0107495   0.0658263   0.0161053   0.0318119
-0.00694283   0.0161053   0.0672269 -0.00944056
   0.211643   0.0318119 -0.00944056    0.456583
IMAGINARY
          0  0.00952013  0.00276546   -0.019605
-0.00952013           0  -0.0170409 -0.00539013
-0.00276546   0.0170409           0  0.00885257
   0.019605  0.00539013 -0.00885257           0
EndNode2[0]<--->HoM1[0]
REAL
   0.460967  -0.0186352 -0.00618465    0.206719
 -0.0186352   0.0607187  0.00579661  -0.0068265
-0.00618465  0.00579661   0.0718711 0.000667417
   0.206719  -0.0068265 0.000667417    0.406444
IMAGINARY
          0  0.00109325  -0.0181341  0.00691457
-0.00109325           0  -0.0151738  -0.0273204
  0.0181341   0.0151738           0   0.0351386
-0.00691457   0.0273204  -0.0351386           0
Repeater1[0]<--->EndNode1[0]
REAL
   0.410364 -0.00694283   0.0107495    0.211643
-0.00694283   0.0672269   0.0161053 -0.00944056
  0.0107495   0.0161053   0.0658263   0.0318119
   0.211643 -0.00944056   0.0318119    0.456583
IMAGINARY
          0  0.00276546  0.00952013   -0.019605
-0.00276546           0   0.0170409  0.00885257
-0.00952013  -0.0170409           0 -0.00539013
   0.019605 -0.00885257  0.00539013           0
Repeater1[0]<--->HoM1[0]
REAL
   0.460967 -0.00618465  -0.0186352    0.206719
-0.00618465   0.0718711  0.00579661 0.000667417
 -0.0186352  0.00579661   0.0607187  -0.0068265
   0.206719 0.000667417  -0.0068265    0.406444
IMAGINARY
          0  -0.0181341  0.00109325  0.00691457
  0.0181341           0   0.0151738   0.0351386
-0.00109325  -0.0151738           0  -0.0273204
-0.00691457  -0.0351386   0.0273204           0
EndNode1[0]<--->Repeater1[0]
REAL
   0.420573  0.00457744   0.0162279    0.237096
 0.00457744   0.0768229 -0.00316329   0.0287592
  0.0162279 -0.00316329     0.09375   0.0185588
   0.237096   0.0287592   0.0185588    0.408854
IMAGINARY
          0  0.00501312 -0.00221343  0.00734479
-0.00501312           0  0.00342834  0.00481083
 0.00221343 -0.00342834           0   0.0131687
-0.00734479 -0.00481083  -0.0131687           0
EndNode2[0]<--->HoM1[0]
REAL
   0.383825   0.0128772  0.00324667    0.227784
  0.0128772   0.0949936  0.00383318  -0.0130506
 0.00324667  0.00383318   0.0770218 -0.00920073
   0.227784  -0.0130506 -0.00920073    0.444159
IMAGINARY
          0 -0.00507442  0.00414197   0.0029027
 0.00507442           0  0.00732748   0.0168323
-0.00414197 -0.00732748           0 -0.00507442
 -0.0029027  -0.0168323  0.00507442           0
Repeater1[0]<--->EndNode1[0]
REAL
   0.420573   0.0162279  0.00457744    0.237096
  0.0162279     0.09375 -0.00316329   0.0185588
 0.00457744 -0.00316329   0.0768229   0.0287592
   0.237096   0.0185588   0.0287592    0.408854
IMAGINARY
          0 -0.00221343  0.00501312  0.00734479
 0.00221343           0 -0.00342834   0.0131687
-0.00501312  0.00342834           0  0.00481083
-0.00734479  -0.0131687 -0.00481083           0
Repeater1[0]<--->HoM1[0]
REAL
   0.383825  0.00324667   0.0128772    0.227784
 0.00324667   0.0770218  0.00383318 -0.00920073
  0.0128772  0.00383318   0.0949936  -0.0130506
   0.227784 -0.00920073  -0.0130506    0.444159
IMAGINARY
          0  0.00414197 -0.00507442   0.0029027
-0.00414197           0 -0.00732748 -0.00507442
 0.00507442  0.00732748           0   0.0168323
 -0.0029027  0.00507442  -0.0168323           0
EndNode1[0]<--->Repeater1[0]
REAL
  0.423559 0.00950536 0.00554989   0.239169
0.00950536  0.0701754 0.00358004  0.0114741
0.00554989 0.00358004  0.0839599  0.0075186
  0.239169  0.0114741  0.0075186   0.422306
IMAGINARY
          0  -0.0049077 -0.00319207  -0.0285176
  0.0049077           0  -0.0221885  0.00945773
 0.00319207   0.0221885           0  0.00741396
  0.0285176 -0.00945773 -0.00741396           0
EndNode2[0]<--->HoM1[0]
REAL
   0.410539  0.00158627 -0.00260756     0.24289
 0.00158627   0.0882353  0.00939112 -0.00977836
-0.00260756  0.00939112   0.0612745 -0.00354194
    0.24289 -0.00977836 -0.00354194    0.439951
IMAGINARY
          0 -0.00287544  0.00918349   0.0153481
 0.00287544           0 -0.00023636  0.00389248
-0.00918349  0.00023636           0  0.00225277
 -0.0153481 -0.00389248 -0.00225277           0
Repeater1[0]<--->EndNode1[0]
REAL
  0.423559 0.00554989 0.00950536   0.239169
0.00554989  0.0839599 0.00358004  0.0075186
0.00950536 0.00358004  0.0701754  0.0114741
  0.239169  0.0075186  0.0114741   0.422306
IMAGINARY
          0 -0.00319207  -0.0049077  -0.0285176
 0.00319207           0   0.0221885  0.00741396
  0.0049077  -0.0221885           0  0.00945773
  0.0285176 -0.00741396 -0.00945773           0
Repeater1[0]<--->HoM1[0]
REAL
   0.410539 -0.00260756  0.00158627     0.24289
-0.00260756   0.0612745  0.00939112 -0.00354194
 0.00158627  0.00939112   0.0882353 -0.00977836
    0.24289 -0.00354194 -0.00977836    0.439951
IMAGINARY
          0  0.00918349 -0.00287544   0.0153481
-0.00918349           0  0.00023636  0.00225277
 0.00287544 -0.00023636           0  0.00389248
 -0.0153481 -0.00225277 -0.00389248           0
EndNode1[0]<--->Repeater1[0]
REAL
  0.423435 -0.0058002 0.00781791   0.202724
-0.0058002  0.0772304 0.00337786  0.0027674
0.00781791 0.00337786  0.0985353  0.0138948
  0.202724  0.0027674  0.0138948   0.400799
IMAGINARY
           0   0.00545374   0.00989339   0.00750228
 -0.00545374            0    0.0108223    0.0155968
 -0.00989339   -0.0108223            0  0.000428614
 -0.00750228   -0.0155968 -0.000428614            0
EndNode2[0]<--->HoM1[0]
REAL
    0.47201   0.0238715   0.0247304    0.220354
  0.0238715   0.0763359   0.0173312  0.00852088
  0.0247304   0.0173312    0.086514 -0.00170398
   0.220354  0.00852088 -0.00170398     0.36514
IMAGINARY
          0 -0.00935768  -0.0117868 -0.00330689
 0.00935768           0  -0.0196042 -0.00989522
  0.0117868   0.0196042           0   0.0310397
 0.00330689  0.00989522  -0.0310397           0
Repeater1[0]<--->EndNode1[0]
REAL
  0.423435 0.00781791 -0.0058002   0.202724
0.00781791  0.0985353 0.00337786  0.0138948
-0.0058002 0.00337786  0.0772304  0.0027674
  0.202724  0.0138948  0.0027674   0.400799
IMAGINARY
           0   0.00989339   0.00545374   0.00750228
 -0.00989339            0   -0.0108223  0.000428614
 -0.00545374    0.0108223            0    0.0155968
 -0.00750228 -0.000428614   -0.0155968            0
Repeater1[0]<--->HoM1[0]
REAL
    0.47201   0.0247304   0.0238715    0.220354
  0.0247304    0.086514   0.0173312 -0.00170398
  0.0238715   0.0173312   0.0763359  0.00852088
   0.220354 -0.00170398  0.00852088     0.36514
IMAGINARY
          0  -0.0117868 -0.00935768 -0.00330689
  0.0117868           0   0.0196042   0.0310397
 0.00935768  -0.0196042           0 -0.00989522
 0.00330689  -0.0310397  0.00989522           0
EndNode1[0]<--->Repeater1[0]
REAL
   0.447837 -0.00230485   -0.019412    0.216441
-0.00230485   0.0661578 0.000225225   0.0130018
  -0.019412 0.000225225   0.0750636 -0.00538746
   0.216441   0.0130018 -0.00538746    0.410941
IMAGINARY
          0  0.00267882   0.0102491  0.00339299
-0.00267882           0  0.00599039 -0.00779212
 -0.0102491 -0.00599039           0  -0.0137353
-0.00339299  0.00779212   0.0137353           0
EndNode2[0]<--->HoM1[0]
REAL
  0.430769 -0.0460034 -0.0326004   0.225353
-0.0460034  0.0730769 -0.0118183 -0.0166768
-0.0326004 -0.0118183  0.0692308 -0.0190426
  0.225353 -0.0166768 -0.0190426   0.426923
IMAGINARY
          0 -0.00871516  0.00125235   0.0130897
 0.00871516           0  -0.0288377  0.00187657
-0.00125235   0.0288377           0 -0.00943252
 -0.0130897 -0.00187657  0.00943252           0
Repeater1[0]<--->EndNode1[0]
REAL
   0.447837   -0.019412 -0.00230485    0.216441
  -0.019412   0.0750636 0.000225225 -0.00538746
-0.00230485 0.000225225   0.0661578   0.0130018
   0.216441 -0.00538746   0.0130018    0.410941
IMAGINARY
          0   0.0102491  0.00267882  0.00339299
 -0.0102491           0 -0.00599039  -0.0137353
-0.00267882  0.00599039           0 -0.00779212
-0.00339299   0.0137353  0.00779212           0
Repeater1[0]<--->HoM1[0]
REAL
  0.430769 -0.0326004 -0.0460034   0.225353
-0.0326004  0.0692308 -0.0118183 -0.0190426
-0.0460034 -0.0118183  0.0730769 -0.0166768
  0.225353 -0.0190426 -0.0166768   0.426923
IMAGINARY
          0  0.00125235 -0.00871516   0.0130897
-0.00125235           0   0.0288377 -0.00943252
 0.00871516  -0.0288377           0  0.00187657
 -0.0130897  0.00943252 -0.00187657           0
EndNode1[0]<--->Repeater1[0]
REAL
   0.433548   0.0099551   0.0228979    0.210316
  0.0099551   0.0619355 -0.00862996  0.00369095
  0.0228979 -0.00862996   0.0774194 -0.00152449
   0.210316  0.00369095 -0.00152449    0.427097
IMAGINARY
           0     0.011048  -0.00846926   0.00608127
   -0.011048            0   0.00125369  -0.00846926
  0.00846926  -0.00125369            0  0.000871654
 -0.00608127   0.00846926 -0.000871654            0
EndNode2[0]<--->HoM1[0]
REAL
    0.39653   0.0148423 -0.00420102    0.229623
  0.0148423   0.0817844  -0.0123127   0.0147863
-0.00420102  -0.0123127   0.0805452  -0.0179556
   0.229623   0.0147863  -0.0179556     0.44114
IMAGINARY
          0  -0.0117763    0.014169 -0.00384622
  0.0117763           0  0.00319603   0.0044414
  -0.014169 -0.00319603           0    0.013017
 0.00384622  -0.0044414   -0.013017           0
Repeater1[0]<--->EndNode1[0]
REAL
   0.433548   0.0228979   0.0099551    0.210316
  0.0228979   0.0774194 -0.00862996 -0.00152449
  0.0099551 -0.00862996   0.0619355  0.00369095
   0.210316 -0.00152449  0.00369095    0.427097
IMAGINARY
           0  -0.00846926     0.011048   0.00608127
  0.00846926            0  -0.00125369  0.000871654
   -0.011048   0.00125369            0  -0.00846926
 -0.00608127 -0.000871654   0.00846926            0
Repeater1[0]<--->HoM1[0]
REAL
    0.39653 -0.00420102   0.0148423    0.229623
-0.00420102   0.0805452  -0.0123127  -0.0179556
  0.0148423  -0.0123127   0.0817844   0.0147863
   0.229623  -0.0179556   0.0147863     0.44114
IMAGINARY
          0    0.014169  -0.0117763 -0.00384622
  -0.014169           0 -0.00319603    0.013017
  0.0117763  0.00319603           0   0.0044414
 0.00384622   -0.013017  -0.0044414           0
EndNode1[0]<--->Repeater1[0]
REAL
   0.393631 -0.00257763 -0.00997408     0.24284
-0.00257763    0.077707  -0.0098627  0.00263096
-0.00997408  -0.0098627   0.0878981 0.000574957
    0.24284  0.00263096 0.000574957    0.440764
IMAGINARY
          0  -0.0149283   0.0227358   0.0365953
  0.0149283           0 -0.00351165 -0.00651955
 -0.0227358  0.00351165           0 -0.00804468
 -0.0365953  0.00651955  0.00804468           0
EndNode2[0]<--->HoM1[0]
REAL
   0.41791 -0.0318987  0.0048244   0.244556
-0.0318987  0.0746269  0.0136855 -0.0017719
 0.0048244  0.0136855  0.0696517  0.0276252
  0.244556 -0.0017719  0.0276252   0.437811
IMAGINARY
           0  0.000604518    0.0116143    0.0226921
-0.000604518            0   -0.0131135   -0.0129335
  -0.0116143    0.0131135            0  -0.00983935
  -0.0226921    0.0129335   0.00983935            0
Repeater1[0]<--->EndNode1[0]
REAL
   0.393631 -0.00997408 -0.00257763     0.24284
-0.00997408   0.0878981  -0.0098627 0.000574957
-0.00257763  -0.0098627    0.077707  0.00263096
    0.24284 0.000574957  0.00263096    0.440764
IMAGINARY
          0   0.0227358  -0.0149283   0.0365953
 -0.0227358           0  0.00351165 -0.00804468
  0.0149283 -0.00351165           0 -0.00651955
 -0.0365953  0.00804468  0.00651955           0
Repeater1[0]<--->HoM1[0]
REAL
   0.41791  0.0048244 -0.0318987   0.244556
 0.0048244  0.0696517  0.0136855  0.0276252
-0.0318987  0.0136855  0.0746269 -0.0017719
  0.244556  0.0276252 -0.0017719   0.437811
IMAGINARY
           0    0.0116143  0.000604518    0.0226921
  -0.0116143            0    0.0131135  -0.00983935
-0.000604518   -0.0131135            0   -0.0129335
  -0.0226921   0.00983935    0.0129335            0
EndNode1[0]<--->Repeater1[0]
REAL
  0.431673 -0.0109755  0.0103614   0.235813
-0.0109755  0.0779055  0.0217211 0.00333718
 0.0103614  0.0217211  0.0817369  0.0150851
  0.235813 0.00333718  0.0150851   0.408685
IMAGINARY
          0 -0.00221582 -0.00830154  0.00887675
 0.00221582           0   0.0352603  0.00152647
 0.00830154  -0.0352603           0  -0.0167544
-0.00887675 -0.00152647   0.0167544           0
EndNode2[0]<--->HoM1[0]
REAL
   0.425806  -0.0138327 -0.00564188    0.215869
 -0.0138327        0.08   0.0304903  -0.0101348
-0.00564188   0.0304903   0.0851613  -0.0250022
   0.215869  -0.0101348  -0.0250022    0.409032
IMAGINARY
           0    0.0169918   -0.0133978 -0.000481656
  -0.0169918            0   0.00456885   -0.0140174
   0.0133978  -0.00456885            0   0.00911782
 0.000481656    0.0140174  -0.00911782            0
Repeater1[0]<--->EndNode1[0]
REAL
  0.431673  0.0103614 -0.0109755   0.235813
 0.0103614  0.0817369  0.0217211  0.0150851
-0.0109755  0.0217211  0.0779055 0.00333718
  0.235813  0.0150851 0.00333718   0.408685
IMAGINARY
          0 -0.00830154 -0.00221582  0.00887675
 0.00830154           0  -0.0352603  -0.0167544
 0.00221582   0.0352603           0  0.00152647
-0.00887675   0.0167544 -0.00152647           0
Repeater1[0]<--->HoM1[0]
REAL
   0.425806 -0.00564188  -0.0138327    0.215869
-0.00564188   0.0851613   0.0304903  -0.0250022
 -0.0138327   0.0304903        0.08  -0.0101348
   0.215869  -0.0250022  -0.0101348    0.409032
IMAGINARY
           0   -0.0133978    0.0169918 -0.000481656
   0.0133978            0  -0.00456885   0.00911782
  -0.0169918   0.00456885            0   -0.0140174
 0.000481656  -0.00911782    0.0140174            0
EndNode1[0]<--->Repeater1[0]
REAL
  0.435961 -0.0244374 -0.0222075   0.210137
-0.0244374  0.0812808 0.00521889 -0.0171184
-0.0222075 0.00521889  0.0665025 0.00258967
  0.210137 -0.0171184 0.00258967   0.416256
IMAGINARY
           0  0.000440075  -0.00317889   -0.0127789
-0.000440075            0   -0.0147499    0.0176808
  0.00317889    0.0147499            0    0.0228891
   0.0127789   -0.0176808   -0.0228891            0
EndNode2[0]<--->HoM1[0]
REAL
   0.403576   0.0348863  0.00537891    0.245188
  0.0348863   0.0740741 -0.00312959  0.00796289
 0.00537891 -0.00312959    0.083014  -0.0024848
   0.245188  0.00796289  -0.0024848    0.439336
IMAGINARY
          0   0.0180638 -0.00678868 -0.00353471
 -0.0180638           0  -0.0200322  0.00746163
 0.00678868   0.0200322           0  0.00683526
 0.00353471 -0.00746163 -0.00683526           0
Repeater1[0]<--->EndNode1[0]
REAL
  0.435961 -0.0222075 -0.0244374   0.210137
-0.0222075  0.0665025 0.00521889 0.00258967
-0.0244374 0.00521889  0.0812808 -0.0171184
  0.210137 0.00258967 -0.0171184   0.416256
IMAGINARY
           0  -0.00317889  0.000440075   -0.0127789
  0.00317889            0    0.0147499    0.0228891
-0.000440075   -0.0147499            0    0.0176808
   0.0127789   -0.0228891   -0.0176808            0
Repeater1[0]<--->HoM1[0]
REAL
   0.403576  0.00537891   0.0348863    0.245188
 0.00537891    0.083014 -0.00312959  -0.0024848
  0.0348863 -0.00312959   0.0740741  0.00796289
   0.245188  -0.0024848  0.00796289    0.439336
IMAGINARY
          0 -0.00678868   0.0180638 -0.00353471
 0.00678868           0   0.0200322  0.00683526
 -0.0180638  -0.0200322           0  0.00746163
 0.00353471 -0.00683526 -0.00746163           0
EndNode1[0]<--->Repeater1[0]
REAL
   0.436435  -0.0122431 -0.00338718    0.219947
 -0.0122431   0.0668414 -0.00206589  -0.0158181
-0.00338718 -0.00206589   0.0694626   0.0182034
   0.219947  -0.0158181   0.0182034    0.427261
IMAGINARY
          0  0.00749345  -0.0167874   0.0108909
-0.00749345           0  0.00573622  0.00483774
  0.0167874 -0.00573622           0  0.00571409
 -0.0108909 -0.00483774 -0.00571409           0
EndNode2[0]<--->HoM1[0]
REAL
  0.448928 -0.0127355 -0.0101637   0.235972
-0.0127355  0.0807062 0.00617431 0.00885475
-0.0101637 0.00617431  0.0630517 -0.0108247
  0.235972 0.00885475 -0.0108247   0.407314
IMAGINARY
          0  0.00112453 -0.00609641   0.0104303
-0.00112453           0  0.00347703   0.0149348
 0.00609641 -0.00347703           0   0.0102391
 -0.0104303  -0.0149348  -0.0102391           0
Repeater1[0]<--->EndNode1[0]
REAL
   0.436435 -0.00338718  -0.0122431    0.219947
-0.00338718   0.0694626 -0.00206589   0.0182034
 -0.0122431 -0.00206589   0.0668414  -0.0158181
   0.219947   0.0182034  -0.0158181    0.427261
IMAGINARY
          0  -0.0167874  0.00749345   0.0108909
  0.0167874           0 -0.00573622  0.00571409
-0.00749345  0.00573622           0  0.00483774
 -0.0108909 -0.00571409 -0.00483774           0
Repeater1[0]<--->HoM1[0]
REAL
  0.448928 -0.0101637 -0.0127355   0.235972
-0.0101637  0.0630517 0.00617431 -0.0108247
-0.0127355 0.00617431  0.0807062 0.00885475
  0.235972 -0.0108247 0.00885475   0.407314
IMAGINARY
          0 -0.00609641  0.00112453   0.0104303
 0.00609641           0 -0.00347703   0.0102391
-0.00112453  0.00347703           0   0.0149348
 -0.0104303  -0.0102391  -0.0149348           0
EndNode1[0]<--->Repeater1[0]
REAL
    0.427441   0.00365451  -0.00278567       0.2363
  0.00365451     0.085752   0.00501697 -0.000208346
 -0.00278567   0.00501697    0.0725594  -0.00664852
      0.2363 -0.000208346  -0.00664852     0.414248
IMAGINARY
           0   -0.0127382   0.00233912 -0.000687114
   0.0127382            0  -0.00197246   0.00300847
 -0.00233912   0.00197246            0  0.000706108
 0.000687114  -0.00300847 -0.000706108            0
EndNode2[0]<--->HoM1[0]
REAL
   0.449409  -0.0370418   0.0105072    0.230717
 -0.0370418   0.0683311   0.0109162  -0.0111765
  0.0105072   0.0109162   0.0670171 -0.00512689
   0.230717  -0.0111765 -0.00512689    0.415243
IMAGINARY
          0   0.0266228 -0.00477822  0.00212433
 -0.0266228           0   0.0219263   0.0240808
 0.00477822  -0.0219263           0  -0.0172828
-0.00212433  -0.0240808   0.0172828           0
Repeater1[0]<--->EndNode1[0]
REAL
    0.427441  -0.00278567   0.00365451       0.2363
 -0.00278567    0.0725594   0.00501697  -0.00664852
  0.00365451   0.00501697     0.085752 -0.000208346
      0.2363  -0.00664852 -0.000208346     0.414248
IMAGINARY
           0   0.00233912   -0.0127382 -0.000687114
 -0.00233912            0   0.00197246  0.000706108
   0.0127382  -0.00197246            0   0.00300847
 0.000687114 -0.000706108  -0.00300847            0
Repeater1[0]<--->HoM1[0]
REAL
   0.449409   0.0105072  -0.0370418    0.230717
  0.0105072   0.0670171   0.0109162 -0.00512689
 -0.0370418   0.0109162   0.0683311  -0.0111765
   0.230717 -0.00512689  -0.0111765    0.415243
IMAGINARY
          0 -0.00477822   0.0266228  0.00212433
 0.00477822           0  -0.0219263  -0.0172828
 -0.0266228   0.0219263           0   0.0240808
-0.00212433   0.0172828  -0.0240808           0
EndNode1[0]<--->Repeater1[0]
REAL
   0.422311   0.0060404 -0.00145157    0.210098
  0.0060404    0.063745  -0.0189592  0.00398321
-0.00145157  -0.0189592   0.0783533 -0.00857205
   0.210098  0.00398321 -0.00857205    0.435591
IMAGINARY
           0  0.000390908   0.00296995    -0.016777
-0.000390908            0   -0.0181068   0.00357455
 -0.00296995    0.0181068            0   0.00222689
    0.016777  -0.00357455  -0.00222689            0
EndNode2[0]<--->HoM1[0]
REAL
     0.4375 -0.00522796  0.00724537    0.212718
-0.00522796      0.0625  -0.0195361  -0.0160838
 0.00724537  -0.0195361   0.0790816  0.00017745
   0.212718  -0.0160838  0.00017745    0.420918
IMAGINARY
           0   -0.0113275  0.000971357    0.0237056
   0.0113275            0  -0.00432572   -0.0190286
-0.000971357   0.00432572            0    0.0206675
  -0.0237056    0.0190286   -0.0206675            0
Repeater1[0]<--->EndNode1[0]
REAL
   0.422311 -0.00145157   0.0060404    0.210098
-0.00145157   0.0783533  -0.0189592 -0.00857205
  0.0060404  -0.0189592    0.063745  0.00398321
   0.210098 -0.00857205  0.00398321    0.435591
IMAGINARY
           0   0.00296995  0.000390908    -0.016777
 -0.00296995            0    0.0181068   0.00222689
-0.000390908   -0.0181068            0   0.00357455
    0.016777  -0.00222689  -0.00357455            0
Repeater1[0]<--->HoM1[0]
REAL
     0.4375  0.00724537 -0.00522796    0.212718
 0.00724537   0.0790816  -0.0195361  0.00017745
-0.00522796  -0.0195361      0.0625  -0.0160838
   0.212718  0.00017745  -0.0160838    0.420918
IMAGINARY
           0  0.000971357   -0.0113275    0.0237056
-0.000971357            0   0.00432572    0.0206675
   0.0113275  -0.00432572            0   -0.0190286
  -0.0237056   -0.0206675    0.0190286            0
EndNode1[0]<--->Repeater1[0]
REAL
  0.455764  0.0115859  0.0163248   0.215474
 0.0115859  0.0603217 -0.0134868  0.0028805
 0.0163248 -0.0134868  0.0790885 0.00629489
  0.215474  0.0028805 0.00629489   0.404826
IMAGINARY
          0 -0.00560188 -0.00536619  0.00990166
 0.00560188           0  -0.0130228   0.0251682
 0.00536619   0.0130228           0  -0.0253387
-0.00990166  -0.0251682   0.0253387           0
EndNode2[0]<--->HoM1[0]
REAL
     0.4533 -0.00680824  0.00436998    0.232802
-0.00680824   0.0697385  -0.0117138 -0.00232917
 0.00436998  -0.0117138   0.0709838 -0.00883801
   0.232802 -0.00232917 -0.00883801    0.405978
IMAGINARY
          0 -0.00691872   0.0034507  -0.0151458
 0.00691872           0   0.0228977  -0.0157088
 -0.0034507  -0.0228977           0   0.0165961
  0.0151458   0.0157088  -0.0165961           0
Repeater1[0]<--->EndNode1[0]
REAL
  0.455764  0.0163248  0.0115859   0.215474
 0.0163248  0.0790885 -0.0134868 0.00629489
 0.0115859 -0.0134868  0.0603217  0.0028805
  0.215474 0.00629489  0.0028805   0.404826
IMAGINARY
          0 -0.00536619 -0.00560188  0.00990166
 0.00536619           0   0.0130228  -0.0253387
 0.00560188  -0.0130228           0   0.0251682
-0.00990166   0.0253387  -0.0251682           0
Repeater1[0]<--->HoM1[0]
REAL
     0.4533  0.00436998 -0.00680824    0.232802
 0.00436998   0.0709838  -0.0117138 -0.00883801
-0.00680824  -0.0117138   0.0697385 -0.00232917
   0.232802 -0.00883801 -0.00232917    0.405978
IMAGINARY
          0   0.0034507 -0.00691872  -0.0151458
 -0.0034507           0  -0.0228977   0.0165961
 0.00691872   0.0228977           0  -0.0157088
  0.0151458  -0.0165961   0.0157088           0
EndNode1[0]<--->Repeater1[0]
REAL
   0.417539  -0.0166843  -0.0267692      0.2278
 -0.0166843   0.0837696  -0.0192509 0.000862422
 -0.0267692  -0.0192509   0.0850785   0.0127983
     0.2278 0.000862422   0.0127983    0.413613
IMAGINARY
          0 -0.00402762 -0.00233127   0.0126668
 0.00402762           0  -0.0133308   0.0134715
 0.00233127   0.0133308           0  0.00206169
 -0.0126668  -0.0134715 -0.00206169           0
EndNode2[0]<--->HoM1[0]
REAL
   0.449005  -0.0186114  -0.0222696    0.243643
 -0.0186114   0.0758706 -0.00572997   0.0044579
 -0.0222696 -0.00572997   0.0845771   0.0135223
   0.243643   0.0044579   0.0135223    0.390547
IMAGINARY
          0  0.00589517  -0.0028648  0.00236806
-0.00589517           0  0.00236806  -0.0159322
  0.0028648 -0.00236806           0 -0.00714831
-0.00236806   0.0159322  0.00714831           0
Repeater1[0]<--->EndNode1[0]
REAL
   0.417539  -0.0267692  -0.0166843      0.2278
 -0.0267692   0.0850785  -0.0192509   0.0127983
 -0.0166843  -0.0192509   0.0837696 0.000862422
     0.2278   0.0127983 0.000862422    0.413613
IMAGINARY
          0 -0.00233127 -0.00402762   0.0126668
 0.00233127           0   0.0133308  0.00206169
 0.00402762  -0.0133308           0   0.0134715
 -0.0126668 -0.00206169  -0.0134715           0
Repeater1[0]<--->HoM1[0]
REAL
   0.449005  -0.0222696  -0.0186114    0.243643
 -0.0222696   0.0845771 -0.00572997   0.0135223
 -0.0186114 -0.00572997   0.0758706   0.0044579
   0.243643   0.0135223   0.0044579    0.390547
IMAGINARY
          0  -0.0028648  0.00589517  0.00236806
  0.0028648           0 -0.00236806 -0.00714831
-0.00589517  0.00236806           0  -0.0159322
-0.00236806  0.00714831   0.0159322           0
EndNode1[0]<--->Repeater1[0]
REAL
   0.420988  -0.0212361 -0.00357167    0.233942
 -0.0212361   0.0740741  -0.0147556   0.0105602
-0.00357167  -0.0147556   0.0938272  0.00916494
   0.233942   0.0105602  0.00916494    0.411111
IMAGINARY
          0   0.0182936  0.00453756  -0.0109076
 -0.0182936           0  0.00839503  -0.0383917
-0.00453756 -0.00839503           0 -0.00917897
  0.0109076   0.0383917  0.00917897           0
EndNode2[0]<--->HoM1[0]
REAL
     0.41507   -0.0150382 -0.000728315     0.235499
  -0.0150382    0.0855683  -0.00822625   0.00533965
-0.000728315  -0.00822625     0.102171  -0.00274839
    0.235499   0.00533965  -0.00274839      0.39719
IMAGINARY
          0   0.0027407   -0.010516   0.0203818
 -0.0027407           0 -0.00210501 -0.00863861
   0.010516  0.00210501           0  0.00848783
 -0.0203818  0.00863861 -0.00848783           0
Repeater1[0]<--->EndNode1[0]
REAL
   0.420988 -0.00357167  -0.0212361    0.233942
-0.00357167   0.0938272  -0.0147556  0.00916494
 -0.0212361  -0.0147556   0.0740741   0.0105602
   0.233942  0.00916494   0.0105602    0.411111
IMAGINARY
          0  0.00453756   0.0182936  -0.0109076
-0.00453756           0 -0.00839503 -0.00917897
 -0.0182936  0.00839503           0  -0.0383917
  0.0109076  0.00917897   0.0383917           0
Repeater1[0]<--->HoM1[0]
REAL
     0.41507 -0.000728315   -0.0150382     0.235499
-0.000728315     0.102171  -0.00822625  -0.00274839
  -0.0150382  -0.00822625    0.0855683   0.00533965
    0.235499  -0.00274839   0.00533965      0.39719
IMAGINARY
          0   -0.010516   0.0027407   0.0203818
   0.010516           0  0.00210501  0.00848783
 -0.0027407 -0.00210501           0 -0.00863861
 -0.0203818 -0.00848783  0.00863861           0
EndNode1[0]<--->Repeater1[0]
REAL
     0.44189   -0.0114476 -0.000368131     0.215909
  -0.0114476    0.0587484   -0.0215742  -0.00292568
-0.000368131   -0.0215742    0.0715198    0.0107888
    0.215909  -0.00292568    0.0107888     0.427842
IMAGINARY
           0  -0.00781477   0.00862283  -0.00429966
  0.00781477            0 -0.000423689    0.0272364
 -0.00862283  0.000423689            0   -0.0253381
  0.00429966   -0.0272364    0.0253381            0
EndNode2[0]<--->HoM1[0]
REAL
   0.408485  0.00648924 -0.00989782     0.21175
 0.00648924   0.0690909   0.0075242  -0.0138452
-0.00989782   0.0075242   0.0654545   0.0214437
    0.21175  -0.0138452   0.0214437     0.45697
IMAGINARY
           0   0.00204248  2.68066e-05   0.00877766
 -0.00204248            0    0.0158562   -0.0147515
-2.68066e-05   -0.0158562            0     0.008841
 -0.00877766    0.0147515    -0.008841            0
Repeater1[0]<--->EndNode1[0]
REAL
     0.44189 -0.000368131   -0.0114476     0.215909
-0.000368131    0.0715198   -0.0215742    0.0107888
  -0.0114476   -0.0215742    0.0587484  -0.00292568
    0.215909    0.0107888  -0.00292568     0.427842
IMAGINARY
           0   0.00862283  -0.00781477  -0.00429966
 -0.00862283            0  0.000423689   -0.0253381
  0.00781477 -0.000423689            0    0.0272364
  0.00429966    0.0253381   -0.0272364            0
Repeater1[0]<--->HoM1[0]
REAL
   0.408485 -0.00989782  0.00648924     0.21175
-0.00989782   0.0654545   0.0075242   0.0214437
 0.00648924   0.0075242   0.0690909  -0.0138452
    0.21175   0.0214437  -0.0138452     0.45697
IMAGINARY
           0  2.68066e-05   0.00204248   0.00877766
-2.68066e-05            0   -0.0158562     0.008841
 -0.00204248    0.0158562            0   -0.0147515
 -0.00877766    -0.008841    0.0147515            0
EndNode1[0]<--->Repeater1[0]
REAL
   0.401832   0.0104432  0.00182123    0.239373
  0.0104432   0.0732984  -0.0019209 -0.00761273
 0.00182123  -0.0019209   0.0863874  -0.0136607
   0.239373 -0.00761273  -0.0136607    0.438482
IMAGINARY
          0   0.0156603  0.00154814 -0.00960389
 -0.0156603           0  -0.0102425   0.0121334
-0.00154814   0.0102425           0 -0.00944143
 0.00960389  -0.0121334  0.00944143           0
EndNode2[0]<--->HoM1[0]
REAL
   0.408788  -0.0079033 -0.00390716    0.213148
 -0.0079033   0.0665779  -0.0155623  0.00835442
-0.00390716  -0.0155623   0.0705726  -0.0105211
   0.213148  0.00835442  -0.0105211    0.454061
IMAGINARY
          0  -0.0145592  0.00546986   0.0100746
  0.0145592           0  0.00399189  -0.0127691
-0.00546986 -0.00399189           0  0.00361034
 -0.0100746   0.0127691 -0.00361034           0
Repeater1[0]<--->EndNode1[0]
REAL
   0.401832  0.00182123   0.0104432    0.239373
 0.00182123   0.0863874  -0.0019209  -0.0136607
  0.0104432  -0.0019209   0.0732984 -0.00761273
   0.239373  -0.0136607 -0.00761273    0.438482
IMAGINARY
          0  0.00154814   0.0156603 -0.00960389
-0.00154814           0   0.0102425 -0.00944143
 -0.0156603  -0.0102425           0   0.0121334
 0.00960389  0.00944143  -0.0121334           0
Repeater1[0]<--->HoM1[0]
REAL
   0.408788 -0.00390716  -0.0079033    0.213148
-0.00390716   0.0705726  -0.0155623  -0.0105211
 -0.0079033  -0.0155623   0.0665779  0.00835442
   0.213148  -0.0105211  0.00835442    0.454061
IMAGINARY
          0  0.00546986  -0.0145592   0.0100746
-0.00546986           0 -0.00399189  0.00361034
  0.0145592  0.00399189           0  -0.0127691
 -0.0100746 -0.00361034   0.0127691           0
EndNode1[0]<--->Repeater1[0]
REAL
     0.4284  0.00816148  0.00626226     0.22756
 0.00816148   0.0709988 0.000409406 -0.00179227
 0.00626226 0.000409406   0.0770156   0.0154656
    0.22756 -0.00179227   0.0154656    0.423586
IMAGINARY
          0   0.0105325  0.00430464 -0.00134468
 -0.0105325           0 -0.00331577 -0.00430464
-0.00430464  0.00331577           0 -0.00112392
 0.00134468  0.00430464  0.00112392           0
EndNode2[0]<--->HoM1[0]
REAL
   0.432817  0.00644579   0.0046967    0.220089
 0.00644579   0.0852713  0.00850167  -0.0185307
  0.0046967  0.00850167   0.0826873 -0.00183446
   0.220089  -0.0185307 -0.00183446    0.399225
IMAGINARY
           0  0.000607404    0.0239246   0.00306016
-0.000607404            0  -0.00436224   0.00252379
  -0.0239246   0.00436224            0   0.00946816
 -0.00306016  -0.00252379  -0.00946816            0
Repeater1[0]<--->EndNode1[0]
REAL
     0.4284  0.00626226  0.00816148     0.22756
 0.00626226   0.0770156 0.000409406   0.0154656
 0.00816148 0.000409406   0.0709988 -0.00179227
    0.22756   0.0154656 -0.00179227    0.423586
IMAGINARY
          0  0.00430464   0.0105325 -0.00134468
-0.00430464           0  0.00331577 -0.00112392
 -0.0105325 -0.00331577           0 -0.00430464
 0.00134468  0.00112392  0.00430464           0
Repeater1[0]<--->HoM1[0]
REAL
   0.432817   0.0046967  0.00644579    0.220089
  0.0046967   0.0826873  0.00850167 -0.00183446
 0.00644579  0.00850167   0.0852713  -0.0185307
   0.220089 -0.00183446  -0.0185307    0.399225
IMAGINARY
           0    0.0239246  0.000607404   0.00306016
  -0.0239246            0   0.00436224   0.00946816
-0.000607404  -0.00436224            0   0.00252379
 -0.00306016  -0.00946816  -0.00252379            0
EndNode1[0]<--->Repeater1[0]
REAL
   0.453634 -0.00203804 -0.00626301    0.201663
-0.00203804   0.0827068 0.000283148 0.000180287
-0.00626301 0.000283148   0.0538847  0.00203804
   0.201663 0.000180287  0.00203804    0.409774
IMAGINARY
          0    0.016838   0.0236762  0.00826876
  -0.016838           0 -0.00301942 -0.00297356
 -0.0236762  0.00301942           0   0.0051193
-0.00826876  0.00297356  -0.0051193           0
EndNode2[0]<--->HoM1[0]
REAL
   0.430079   0.0163545  0.00296717    0.239301
  0.0163545   0.0620053  0.00873077 0.000969835
 0.00296717  0.00873077   0.0712401  -0.0202915
   0.239301 0.000969835  -0.0202915    0.436675
IMAGINARY
           0   0.00448255  -0.00803671    -0.020753
 -0.00448255            0   0.00433883  0.000264692
  0.00803671  -0.00433883            0    0.0110615
    0.020753 -0.000264692   -0.0110615            0
Repeater1[0]<--->EndNode1[0]
REAL
   0.453634 -0.00626301 -0.00203804    0.201663
-0.00626301   0.0538847 0.000283148  0.00203804
-0.00203804 0.000283148   0.0827068 0.000180287
   0.201663  0.00203804 0.000180287    0.409774
IMAGINARY
          0   0.0236762    0.016838  0.00826876
 -0.0236762           0  0.00301942   0.0051193
  -0.016838 -0.00301942           0 -0.00297356
-0.00826876  -0.0051193  0.00297356           0
Repeater1[0]<--->HoM1[0]
REAL
   0.430079  0.00296717   0.0163545    0.239301
 0.00296717   0.0712401  0.00873077  -0.0202915
  0.0163545  0.00873077   0.0620053 0.000969835
   0.239301  -0.0202915 0.000969835    0.436675
IMAGINARY
           0  -0.00803671   0.00448255    -0.020753
  0.00803671            0  -0.00433883    0.0110615
 -0.00448255   0.00433883            0  0.000264692
    0.020753   -0.0110615 -0.000264692            0
EndNode1[0]<--->Repeater1[0]
REAL
   0.443871    0.011253 -0.00711229    0.234934
   0.011253   0.0812903 -0.00279162   0.0166361
-0.00711229 -0.00279162        0.08  -0.0100625
   0.234934   0.0166361  -0.0100625    0.394839
IMAGINARY
           0   -0.0267011   0.00157508 -0.000954208
   0.0267011            0  -0.00296224    0.0139288
 -0.00157508   0.00296224            0   -0.0081826
 0.000954208   -0.0139288    0.0081826            0
EndNode2[0]<--->HoM1[0]
REAL
   0.443445   0.0018638 -0.00196248    0.220463
  0.0018638   0.0835476  -0.0119662 -0.00261268
-0.00196248  -0.0119662    0.066838  -0.0129749
   0.220463 -0.00261268  -0.0129749     0.40617
IMAGINARY
          0 -0.00749962  -0.0183337 -0.00639954
 0.00749962           0   0.0127127 -0.00077847
  0.0183337  -0.0127127           0   0.0130483
 0.00639954  0.00077847  -0.0130483           0
Repeater1[0]<--->EndNode1[0]
REAL
   0.443871 -0.00711229    0.011253    0.234934
-0.00711229        0.08 -0.00279162  -0.0100625
   0.011253 -0.00279162   0.0812903   0.0166361
   0.234934  -0.0100625   0.0166361    0.394839
IMAGINARY
           0   0.00157508   -0.0267011 -0.000954208
 -0.00157508            0   0.00296224   -0.0081826
   0.0267011  -0.00296224            0    0.0139288
 0.000954208    0.0081826   -0.0139288            0
Repeater1[0]<--->HoM1[0]
REAL
   0.443445 -0.00196248   0.0018638    0.220463
-0.00196248    0.066838  -0.0119662  -0.0129749
  0.0018638  -0.0119662   0.0835476 -0.00261268
   0.220463  -0.0129749 -0.00261268     0.40617
IMAGINARY
          0  -0.0183337 -0.00749962 -0.00639954
  0.0183337           0  -0.0127127   0.0130483
 0.00749962   0.0127127           0 -0.00077847
 0.00639954  -0.0130483  0.00077847           0
EndNode1[0]<--->Repeater1[0]
REAL
   0.427318 -0.00684129 -0.00179468    0.207288
-0.00684129   0.0601504  0.00079426  -0.0120775
-0.00179468  0.00079426   0.0676692  0.00744443
   0.207288  -0.0120775  0.00744443    0.444862
IMAGINARY
          0 -0.00324675  0.00586445  -0.0176786
 0.00324675           0  0.00211704 -0.00976055
-0.00586445 -0.00211704           0 -0.00324675
  0.0176786  0.00976055  0.00324675           0
EndNode2[0]<--->HoM1[0]
REAL
