EndNode1[0]<--->Repeater1[0]
REAL
   0.445026  0.00738561 -0.00219667    0.239054
 0.00738561    0.065445 -0.00695839  0.00882797
-0.00219667 -0.00695839   0.0549738  -0.0113644
   0.239054  0.00882797  -0.0113644    0.434555
IMAGINARY
          0 -0.00889796 -0.00558572 -0.00394545
 0.00889796           0  -0.0131078   0.0601869
 0.00558572   0.0131078           0  -0.0125744
 0.00394545  -0.0601869   0.0125744           0
EndNode2[0]<--->HoM1[0]
REAL
   0.465823   0.0122359 -0.00139476    0.239672
  0.0122359   0.0632911 -0.00506173  -0.0102331
-0.00139476 -0.00506173   0.0556962  0.00896793
   0.239672  -0.0102331  0.00896793     0.41519
IMAGINARY
           0    0.0131361    0.0145509 -0.000385945
  -0.0131361            0   0.00287351   0.00961265
  -0.0145509  -0.00287351            0    0.0172233
 0.000385945  -0.00961265   -0.0172233            0
Repeater1[0]<--->EndNode1[0]
REAL
   0.445026 -0.00219667  0.00738561    0.239054
-0.00219667   0.0549738 -0.00695839  -0.0113644
 0.00738561 -0.00695839    0.065445  0.00882797
   0.239054  -0.0113644  0.00882797    0.434555
IMAGINARY
          0 -0.00558572 -0.00889796 -0.00394545
 0.00558572           0   0.0131078  -0.0125744
 0.00889796  -0.0131078           0   0.0601869
 0.00394545   0.0125744  -0.0601869           0
Repeater1[0]<--->HoM1[0]
REAL
   0.465823 -0.00139476   0.0122359    0.239672
-0.00139476   0.0556962 -0.00506173  0.00896793
  0.0122359 -0.00506173   0.0632911  -0.0102331
   0.239672  0.00896793  -0.0102331     0.41519
IMAGINARY
           0    0.0145509    0.0131361 -0.000385945
  -0.0145509            0  -0.00287351    0.0172233
  -0.0131361   0.00287351            0   0.00961265
 0.000385945   -0.0172233  -0.00961265            0
EndNode1[0]<--->Repeater1[0]
REAL
   0.446404   0.0228568  0.00282792    0.249966
  0.0228568   0.0691995 -0.00130297   0.0225731
 0.00282792 -0.00130297   0.0651289 -0.00815093
   0.249966   0.0225731 -0.00815093    0.419267
IMAGINARY
          0  0.00164636  0.00432002   -0.016451
-0.00164636           0  0.00651721 -0.00305099
-0.00432002 -0.00651721           0    0.012313
   0.016451  0.00305099   -0.012313           0
EndNode2[0]<--->HoM1[0]
REAL
    0.451948   0.00582883   0.00564374     0.214313
  0.00582883    0.0623377 -0.000733179    0.0104056
  0.00564374 -0.000733179    0.0597403   0.00281315
    0.214313    0.0104056   0.00281315     0.425974
IMAGINARY
          0   -0.024332  -0.0147148  -0.0112615
   0.024332           0  -0.0202589  0.00872274
  0.0147148   0.0202589           0   0.0223347
  0.0112615 -0.00872274  -0.0223347           0
Repeater1[0]<--->EndNode1[0]
REAL
   0.446404  0.00282792   0.0228568    0.249966
 0.00282792   0.0651289 -0.00130297 -0.00815093
  0.0228568 -0.00130297   0.0691995   0.0225731
   0.249966 -0.00815093   0.0225731    0.419267
IMAGINARY
          0  0.00432002  0.00164636   -0.016451
-0.00432002           0 -0.00651721    0.012313
-0.00164636  0.00651721           0 -0.00305099
   0.016451   -0.012313  0.00305099           0
Repeater1[0]<--->HoM1[0]
REAL
    0.451948   0.00564374   0.00582883     0.214313
  0.00564374    0.0597403 -0.000733179   0.00281315
  0.00582883 -0.000733179    0.0623377    0.0104056
    0.214313   0.00281315    0.0104056     0.425974
IMAGINARY
          0  -0.0147148   -0.024332  -0.0112615
  0.0147148           0   0.0202589   0.0223347
   0.024332  -0.0202589           0  0.00872274
  0.0112615  -0.0223347 -0.00872274           0
EndNode1[0]<--->Repeater1[0]
REAL
   0.438144 0.000920404 -0.00726091     0.25092
0.000920404   0.0657216  0.00400626    0.012187
-0.00726091  0.00400626    0.060567   0.0298678
    0.25092    0.012187   0.0298678    0.435567
IMAGINARY
           0 -0.000672043   0.00302132   -0.0179937
 0.000672043            0  -0.00295606   -0.0141324
 -0.00302132   0.00295606            0  0.000672043
   0.0179937    0.0141324 -0.000672043            0
EndNode2[0]<--->HoM1[0]
REAL
   0.434944 -0.00437957  -0.0105748    0.245721
-0.00437957   0.0755886 -0.00362261   0.0137353
 -0.0105748 -0.00362261   0.0644362 -0.00763054
   0.245721   0.0137353 -0.00763054    0.425031
IMAGINARY
           0   -0.0185291   -0.0101755  -0.00846295
   0.0185291            0    0.0185132 -0.000323235
   0.0101755   -0.0185132            0    0.0119674
  0.00846295  0.000323235   -0.0119674            0
Repeater1[0]<--->EndNode1[0]
REAL
   0.438144 -0.00726091 0.000920404     0.25092
-0.00726091    0.060567  0.00400626   0.0298678
0.000920404  0.00400626   0.0657216    0.012187
    0.25092   0.0298678    0.012187    0.435567
IMAGINARY
           0   0.00302132 -0.000672043   -0.0179937
 -0.00302132            0   0.00295606  0.000672043
 0.000672043  -0.00295606            0   -0.0141324
   0.0179937 -0.000672043    0.0141324            0
Repeater1[0]<--->HoM1[0]
REAL
   0.434944  -0.0105748 -0.00437957    0.245721
 -0.0105748   0.0644362 -0.00362261 -0.00763054
-0.00437957 -0.00362261   0.0755886   0.0137353
   0.245721 -0.00763054   0.0137353    0.425031
IMAGINARY
           0   -0.0101755   -0.0185291  -0.00846295
   0.0101755            0   -0.0185132    0.0119674
   0.0185291    0.0185132            0 -0.000323235
  0.00846295   -0.0119674  0.000323235            0
EndNode1[0]<--->Repeater1[0]
REAL
   0.460645  0.00353017  -0.0264329    0.224559
 0.00353017   0.0412903 -0.00825579  0.00396817
 -0.0264329 -0.00825579   0.0529032  0.00353017
   0.224559  0.00396817  0.00353017    0.445161
IMAGINARY
          0  -0.0278859   0.0178256   0.0247735
  0.0278859           0   0.0123552  0.00487221
 -0.0178256  -0.0123552           0  -0.0077821
 -0.0247735 -0.00487221   0.0077821           0
EndNode2[0]<--->HoM1[0]
REAL
   0.433246    0.004682 -0.00703155    0.272898
   0.004682   0.0602094  0.00871128 -0.00893269
-0.00703155  0.00871128   0.0680628 -0.00915199
   0.272898 -0.00893269 -0.00915199    0.438482
IMAGINARY
          0   0.0236605  0.00780438 -0.00112858
 -0.0236605           0  -0.0153405  0.00291441
-0.00780438   0.0153405           0  0.00723479
 0.00112858 -0.00291441 -0.00723479           0
Repeater1[0]<--->EndNode1[0]
REAL
   0.460645  -0.0264329  0.00353017    0.224559
 -0.0264329   0.0529032 -0.00825579  0.00353017
 0.00353017 -0.00825579   0.0412903  0.00396817
   0.224559  0.00353017  0.00396817    0.445161
IMAGINARY
          0   0.0178256  -0.0278859   0.0247735
 -0.0178256           0  -0.0123552  -0.0077821
  0.0278859   0.0123552           0  0.00487221
 -0.0247735   0.0077821 -0.00487221           0
Repeater1[0]<--->HoM1[0]
REAL
   0.433246 -0.00703155    0.004682    0.272898
-0.00703155   0.0680628  0.00871128 -0.00915199
   0.004682  0.00871128   0.0602094 -0.00893269
   0.272898 -0.00915199 -0.00893269    0.438482
IMAGINARY
          0  0.00780438   0.0236605 -0.00112858
-0.00780438           0   0.0153405  0.00723479
 -0.0236605  -0.0153405           0  0.00291441
 0.00112858 -0.00723479 -0.00291441           0
EndNode1[0]<--->Repeater1[0]
REAL
   0.432258  -0.0026116   0.0147111    0.234512
 -0.0026116   0.0658065 -0.00152816  0.00754026
  0.0147111 -0.00152816   0.0709677   0.0170095
   0.234512  0.00754026   0.0170095    0.430968
IMAGINARY
           0  -0.00286458    0.0178807    0.0118704
  0.00286458            0  -0.00184532 -0.000114181
  -0.0178807   0.00184532            0     -0.01744
  -0.0118704  0.000114181      0.01744            0
EndNode2[0]<--->HoM1[0]
REAL
   0.441441   0.0132257  0.00189329     0.25292
  0.0132257   0.0759331  0.00520751 5.72999e-05
 0.00189329  0.00520751   0.0707851  0.00953112
    0.25292 5.72999e-05  0.00953112     0.41184
IMAGINARY
          0 -0.00184887  -0.0123792 -0.00633922
 0.00184887           0   0.0119854  0.00257528
  0.0123792  -0.0119854           0  -0.0210269
 0.00633922 -0.00257528   0.0210269           0
Repeater1[0]<--->EndNode1[0]
REAL
   0.432258   0.0147111  -0.0026116    0.234512
  0.0147111   0.0709677 -0.00152816   0.0170095
 -0.0026116 -0.00152816   0.0658065  0.00754026
   0.234512   0.0170095  0.00754026    0.430968
IMAGINARY
           0    0.0178807  -0.00286458    0.0118704
  -0.0178807            0   0.00184532     -0.01744
  0.00286458  -0.00184532            0 -0.000114181
  -0.0118704      0.01744  0.000114181            0
Repeater1[0]<--->HoM1[0]
REAL
   0.441441  0.00189329   0.0132257     0.25292
 0.00189329   0.0707851  0.00520751  0.00953112
  0.0132257  0.00520751   0.0759331 5.72999e-05
    0.25292  0.00953112 5.72999e-05     0.41184
IMAGINARY
          0  -0.0123792 -0.00184887 -0.00633922
  0.0123792           0  -0.0119854  -0.0210269
 0.00184887   0.0119854           0  0.00257528
 0.00633922   0.0210269 -0.00257528           0
EndNode1[0]<--->Repeater1[0]
REAL
   0.445283 -0.00737209  -0.0234229    0.246811
-0.00737209   0.0578616 -0.00163214   -0.016522
 -0.0234229 -0.00163214   0.0628931  -0.0119117
   0.246811   -0.016522  -0.0119117    0.433962
IMAGINARY
          0  0.00921626   0.0009418 -0.00320833
-0.00921626           0  -0.0135442 -0.00156447
 -0.0009418   0.0135442           0  -0.0210469
 0.00320833  0.00156447   0.0210469           0
EndNode2[0]<--->HoM1[0]
REAL
   0.422466 -0.00779493  -0.0134497    0.224263
-0.00779493   0.0610501  0.00799072  0.00660041
 -0.0134497  0.00799072   0.0537241   0.0121536
   0.224263  0.00660041   0.0121536    0.462759
IMAGINARY
          0  -0.0117711 -0.00714068   0.0138718
  0.0117711           0 -0.00323348  0.00505445
 0.00714068  0.00323348           0  0.00273078
 -0.0138718 -0.00505445 -0.00273078           0
Repeater1[0]<--->EndNode1[0]
REAL
   0.445283  -0.0234229 -0.00737209    0.246811
 -0.0234229   0.0628931 -0.00163214  -0.0119117
-0.00737209 -0.00163214   0.0578616   -0.016522
   0.246811  -0.0119117   -0.016522    0.433962
IMAGINARY
          0   0.0009418  0.00921626 -0.00320833
 -0.0009418           0   0.0135442  -0.0210469
-0.00921626  -0.0135442           0 -0.00156447
 0.00320833   0.0210469  0.00156447           0
Repeater1[0]<--->HoM1[0]
REAL
   0.422466  -0.0134497 -0.00779493    0.224263
 -0.0134497   0.0537241  0.00799072   0.0121536
-0.00779493  0.00799072   0.0610501  0.00660041
   0.224263   0.0121536  0.00660041    0.462759
IMAGINARY
          0 -0.00714068  -0.0117711   0.0138718
 0.00714068           0  0.00323348  0.00273078
  0.0117711 -0.00323348           0  0.00505445
 -0.0138718 -0.00273078 -0.00505445           0
EndNode1[0]<--->Repeater1[0]
REAL
   0.454194   0.0141118  0.00994712    0.264089
  0.0141118   0.0580645  -0.0105223  -0.0080016
 0.00994712  -0.0105223   0.0541935 0.000803855
   0.264089  -0.0080016 0.000803855    0.433548
IMAGINARY
           0  -0.00082958    0.0246226  -0.00385979
  0.00082958            0   0.00713633 -1.12113e-05
  -0.0246226  -0.00713633            0    0.0124876
  0.00385979  1.12113e-05   -0.0124876            0
EndNode2[0]<--->HoM1[0]
REAL
    0.448231   -0.0206845 -0.000184033     0.239396
  -0.0206845    0.0498034    0.0112404  -0.00744955
-0.000184033    0.0112404    0.0655308   -0.0174835
    0.239396  -0.00744955   -0.0174835     0.436435
IMAGINARY
          0   -0.010791   0.0146828  0.00125577
   0.010791           0  -0.0019128    0.021725
 -0.0146828   0.0019128           0  0.00108231
-0.00125577   -0.021725 -0.00108231           0
Repeater1[0]<--->EndNode1[0]
REAL
   0.454194  0.00994712   0.0141118    0.264089
 0.00994712   0.0541935  -0.0105223 0.000803855
  0.0141118  -0.0105223   0.0580645  -0.0080016
   0.264089 0.000803855  -0.0080016    0.433548
IMAGINARY
           0    0.0246226  -0.00082958  -0.00385979
  -0.0246226            0  -0.00713633    0.0124876
  0.00082958   0.00713633            0 -1.12113e-05
  0.00385979   -0.0124876  1.12113e-05            0
Repeater1[0]<--->HoM1[0]
REAL
    0.448231 -0.000184033   -0.0206845     0.239396
-0.000184033    0.0655308    0.0112404   -0.0174835
  -0.0206845    0.0112404    0.0498034  -0.00744955
    0.239396   -0.0174835  -0.00744955     0.436435
IMAGINARY
          0   0.0146828   -0.010791  0.00125577
 -0.0146828           0   0.0019128  0.00108231
   0.010791  -0.0019128           0    0.021725
-0.00125577 -0.00108231   -0.021725           0
EndNode1[0]<--->Repeater1[0]
REAL
   0.464844 -0.00236632   0.0198015    0.241914
-0.00236632   0.0533854  -0.0216077   0.0191513
  0.0198015  -0.0216077   0.0690104    0.022162
   0.241914   0.0191513    0.022162     0.41276
IMAGINARY
           0    0.0138595   0.00255529    0.0164596
  -0.0138595            0    0.0113182  0.000589365
 -0.00255529   -0.0113182            0  -0.00442552
  -0.0164596 -0.000589365   0.00442552            0
EndNode2[0]<--->HoM1[0]
REAL
    0.43883  0.00718356  0.00151883    0.250843
 0.00718356   0.0585106  0.00245553 -0.00151883
 0.00151883  0.00245553   0.0518617  0.00468979
   0.250843 -0.00151883  0.00468979    0.450798
IMAGINARY
          0 -0.00427693  0.00382384  0.00796578
 0.00427693           0   0.0177938   0.0071439
-0.00382384  -0.0177938           0   0.0100834
-0.00796578  -0.0071439  -0.0100834           0
Repeater1[0]<--->EndNode1[0]
REAL
   0.464844   0.0198015 -0.00236632    0.241914
  0.0198015   0.0690104  -0.0216077    0.022162
-0.00236632  -0.0216077   0.0533854   0.0191513
   0.241914    0.022162   0.0191513     0.41276
IMAGINARY
           0   0.00255529    0.0138595    0.0164596
 -0.00255529            0   -0.0113182  -0.00442552
  -0.0138595    0.0113182            0  0.000589365
  -0.0164596   0.00442552 -0.000589365            0
Repeater1[0]<--->HoM1[0]
REAL
    0.43883  0.00151883  0.00718356    0.250843
 0.00151883   0.0518617  0.00245553  0.00468979
 0.00718356  0.00245553   0.0585106 -0.00151883
   0.250843  0.00468979 -0.00151883    0.450798
IMAGINARY
          0  0.00382384 -0.00427693  0.00796578
-0.00382384           0  -0.0177938   0.0100834
 0.00427693   0.0177938           0   0.0071439
-0.00796578  -0.0100834  -0.0071439           0
EndNode1[0]<--->Repeater1[0]
REAL
  0.432298  0.0163273  0.0106335   0.257388
 0.0163273  0.0695652 0.00801159 0.00181737
 0.0106335 0.00801159  0.0621118  0.0210253
  0.257388 0.00181737  0.0210253   0.436025
IMAGINARY
          0   0.0217281   0.0133521 -0.00192534
 -0.0217281           0  0.00130881 -0.00462393
 -0.0133521 -0.00130881           0  0.00320957
 0.00192534  0.00462393 -0.00320957           0
EndNode2[0]<--->HoM1[0]
REAL
   0.453024  0.00551478   0.0132426    0.229488
 0.00551478   0.0694981  -0.0160812   0.0107426
  0.0132426  -0.0160812   0.0656371 2.02749e-05
   0.229488   0.0107426 2.02749e-05     0.41184
IMAGINARY
           0 -0.000600454    0.0085351    0.0053613
 0.000600454            0    0.0123499  -0.00600346
  -0.0085351   -0.0123499            0  -0.00572866
  -0.0053613   0.00600346   0.00572866            0
Repeater1[0]<--->EndNode1[0]
REAL
  0.432298  0.0106335  0.0163273   0.257388
 0.0106335  0.0621118 0.00801159  0.0210253
 0.0163273 0.00801159  0.0695652 0.00181737
  0.257388  0.0210253 0.00181737   0.436025
IMAGINARY
          0   0.0133521   0.0217281 -0.00192534
 -0.0133521           0 -0.00130881  0.00320957
 -0.0217281  0.00130881           0 -0.00462393
 0.00192534 -0.00320957  0.00462393           0
Repeater1[0]<--->HoM1[0]
REAL
   0.453024   0.0132426  0.00551478    0.229488
  0.0132426   0.0656371  -0.0160812 2.02749e-05
 0.00551478  -0.0160812   0.0694981   0.0107426
   0.229488 2.02749e-05   0.0107426     0.41184
IMAGINARY
           0    0.0085351 -0.000600454    0.0053613
  -0.0085351            0   -0.0123499  -0.00572866
 0.000600454    0.0123499            0  -0.00600346
  -0.0053613   0.00572866   0.00600346            0
EndNode1[0]<--->Repeater1[0]
REAL
   0.427605 -0.00708532  -0.0158418    0.227621
-0.00708532   0.0635995  0.00717807  0.00872663
 -0.0158418  0.00717807   0.0649526 -0.00132348
   0.227621  0.00872663 -0.00132348    0.443843
IMAGINARY
          0  0.00166464  0.00431034  0.00287062
-0.00166464           0  -0.0240676  0.00431034
-0.00431034   0.0240676           0  -0.0139799
-0.00287062 -0.00431034   0.0139799           0
EndNode2[0]<--->HoM1[0]
REAL
  0.407503 0.00776983  0.0163863   0.245681
0.00776983  0.0582147  0.0142103 -0.0184327
 0.0163863  0.0142103  0.0646831 -0.0125447
  0.245681 -0.0184327 -0.0125447   0.469599
IMAGINARY
          0 -0.00528441 -0.00859458  -0.0180967
 0.00528441           0   0.0205598  0.00798705
 0.00859458  -0.0205598           0  -0.0220546
  0.0180967 -0.00798705   0.0220546           0
Repeater1[0]<--->EndNode1[0]
REAL
   0.427605  -0.0158418 -0.00708532    0.227621
 -0.0158418   0.0649526  0.00717807 -0.00132348
-0.00708532  0.00717807   0.0635995  0.00872663
   0.227621 -0.00132348  0.00872663    0.443843
IMAGINARY
          0  0.00431034  0.00166464  0.00287062
-0.00431034           0   0.0240676  -0.0139799
-0.00166464  -0.0240676           0  0.00431034
-0.00287062   0.0139799 -0.00431034           0
Repeater1[0]<--->HoM1[0]
REAL
  0.407503  0.0163863 0.00776983   0.245681
 0.0163863  0.0646831  0.0142103 -0.0125447
0.00776983  0.0142103  0.0582147 -0.0184327
  0.245681 -0.0125447 -0.0184327   0.469599
IMAGINARY
          0 -0.00859458 -0.00528441  -0.0180967
 0.00859458           0  -0.0205598  -0.0220546
 0.00528441   0.0205598           0  0.00798705
  0.0180967   0.0220546 -0.00798705           0
EndNode1[0]<--->Repeater1[0]
REAL
   0.439276  -0.0111705 -0.00528167    0.235247
 -0.0111705   0.0620155   0.0226482 -0.00656044
-0.00528167   0.0226482   0.0607235 -0.00856634
   0.235247 -0.00656044 -0.00856634    0.437984
IMAGINARY
          0   0.0246416  0.00871193  -0.0117188
 -0.0246416           0   0.0123384  -0.0231476
-0.00871193  -0.0123384           0  -0.0167676
  0.0117188   0.0231476   0.0167676           0
EndNode2[0]<--->HoM1[0]
REAL
    0.479092  -0.00247693 -4.63247e-05     0.240895
 -0.00247693    0.0597372   0.00425377   -0.0225927
-4.63247e-05   0.00425377    0.0442055   0.00700474
    0.240895   -0.0225927   0.00700474     0.416965
IMAGINARY
           0 -0.000636132   -0.0109518  -0.00454719
 0.000636132            0   0.00390534   0.00840731
   0.0109518  -0.00390534            0 -0.000636132
  0.00454719  -0.00840731  0.000636132            0
Repeater1[0]<--->EndNode1[0]
REAL
   0.439276 -0.00528167  -0.0111705    0.235247
-0.00528167   0.0607235   0.0226482 -0.00856634
 -0.0111705   0.0226482   0.0620155 -0.00656044
   0.235247 -0.00856634 -0.00656044    0.437984
IMAGINARY
          0  0.00871193   0.0246416  -0.0117188
-0.00871193           0  -0.0123384  -0.0167676
 -0.0246416   0.0123384           0  -0.0231476
  0.0117188   0.0167676   0.0231476           0
Repeater1[0]<--->HoM1[0]
REAL
    0.479092 -4.63247e-05  -0.00247693     0.240895
-4.63247e-05    0.0442055   0.00425377   0.00700474
 -0.00247693   0.00425377    0.0597372   -0.0225927
    0.240895   0.00700474   -0.0225927     0.416965
IMAGINARY
           0   -0.0109518 -0.000636132  -0.00454719
   0.0109518            0  -0.00390534 -0.000636132
 0.000636132   0.00390534            0   0.00840731
  0.00454719  0.000636132  -0.00840731            0
EndNode1[0]<--->Repeater1[0]
REAL
  0.438896  0.0128389 0.00152781   0.269943
 0.0128389   0.064389 0.00190171 -0.0136637
0.00152781 0.00190171   0.065703 -0.0201204
  0.269943 -0.0136637 -0.0201204   0.431012
IMAGINARY
           0   -0.0175572   0.00604836    0.0175817
   0.0175572            0  -0.00246839    0.0119929
 -0.00604836   0.00246839            0 -0.000484033
  -0.0175817   -0.0119929  0.000484033            0
EndNode2[0]<--->HoM1[0]
REAL
    0.415771    0.0137042     0.020722     0.227974
   0.0137042    0.0704898    0.0104061 -0.000137671
    0.020722    0.0104061    0.0692951   0.00555207
    0.227974 -0.000137671   0.00555207     0.444444
IMAGINARY
           0 -0.000800142  -0.00852989 -4.94364e-06
 0.000800142            0    0.0038511   0.00177314
  0.00852989   -0.0038511            0   -0.0100107
 4.94364e-06  -0.00177314    0.0100107            0
Repeater1[0]<--->EndNode1[0]
REAL
  0.438896 0.00152781  0.0128389   0.269943
0.00152781   0.065703 0.00190171 -0.0201204
 0.0128389 0.00190171   0.064389 -0.0136637
  0.269943 -0.0201204 -0.0136637   0.431012
IMAGINARY
           0   0.00604836   -0.0175572    0.0175817
 -0.00604836            0   0.00246839 -0.000484033
   0.0175572  -0.00246839            0    0.0119929
  -0.0175817  0.000484033   -0.0119929            0
Repeater1[0]<--->HoM1[0]
REAL
    0.415771     0.020722    0.0137042     0.227974
    0.020722    0.0692951    0.0104061   0.00555207
   0.0137042    0.0104061    0.0704898 -0.000137671
    0.227974   0.00555207 -0.000137671     0.444444
IMAGINARY
           0  -0.00852989 -0.000800142 -4.94364e-06
  0.00852989            0   -0.0038511   -0.0100107
 0.000800142    0.0038511            0   0.00177314
 4.94364e-06    0.0100107  -0.00177314            0
EndNode1[0]<--->Repeater1[0]
REAL
    0.463892  -0.00486795    0.0105593     0.246011
 -0.00486795    0.0489596 -0.000486259  -0.00416543
   0.0105593 -0.000486259    0.0489596  -0.00280468
    0.246011  -0.00416543  -0.00280468     0.438188
IMAGINARY
          0    0.011292 -0.00216432  -0.0159507
  -0.011292           0   0.0114807  0.00917069
 0.00216432  -0.0114807           0  -0.0195722
  0.0159507 -0.00917069   0.0195722           0
EndNode2[0]<--->HoM1[0]
REAL
    0.43346  0.00197889 -0.00967784    0.250465
 0.00197889   0.0557668 -0.00772117  0.00176227
-0.00967784 -0.00772117   0.0722433 -0.00329815
   0.250465  0.00176227 -0.00329815     0.43853
IMAGINARY
          0 -0.00284035   0.0137027   0.0146977
 0.00284035           0  0.00637507 -0.00992437
 -0.0137027 -0.00637507           0 -0.00345688
 -0.0146977  0.00992437  0.00345688           0
Repeater1[0]<--->EndNode1[0]
REAL
    0.463892    0.0105593  -0.00486795     0.246011
   0.0105593    0.0489596 -0.000486259  -0.00280468
 -0.00486795 -0.000486259    0.0489596  -0.00416543
    0.246011  -0.00280468  -0.00416543     0.438188
IMAGINARY
          0 -0.00216432    0.011292  -0.0159507
 0.00216432           0  -0.0114807  -0.0195722
  -0.011292   0.0114807           0  0.00917069
  0.0159507   0.0195722 -0.00917069           0
Repeater1[0]<--->HoM1[0]
REAL
    0.43346 -0.00967784  0.00197889    0.250465
-0.00967784   0.0722433 -0.00772117 -0.00329815
 0.00197889 -0.00772117   0.0557668  0.00176227
   0.250465 -0.00329815  0.00176227     0.43853
IMAGINARY
          0   0.0137027 -0.00284035   0.0146977
 -0.0137027           0 -0.00637507 -0.00345688
 0.00284035  0.00637507           0 -0.00992437
 -0.0146977  0.00345688  0.00992437           0
EndNode1[0]<--->Repeater1[0]
REAL
   0.457711   0.0242645 -0.00327542    0.228667
  0.0242645    0.050995 -0.00542955 -0.00455747
-0.00327542 -0.00542955   0.0534826  0.00706707
   0.228667 -0.00455747  0.00706707    0.437811
IMAGINARY
          0  -0.0187983  -0.0209924 -0.00743181
  0.0187983           0 -0.00229042   0.0375318
  0.0209924  0.00229042           0  -0.0244587
 0.00743181  -0.0375318   0.0244587           0
EndNode2[0]<--->HoM1[0]
REAL
    0.455137   0.00568673    0.0123336     0.242195
  0.00568673    0.0572172   0.00295091 -0.000197703
   0.0123336   0.00295091    0.0585176    0.0161579
    0.242195 -0.000197703    0.0161579     0.429129
IMAGINARY
           0    0.0120546  -0.00521259 -9.10906e-05
  -0.0120546            0  -0.00264864  -0.00456576
  0.00521259   0.00264864            0   -0.0074914
 9.10906e-05   0.00456576    0.0074914            0
Repeater1[0]<--->EndNode1[0]
REAL
   0.457711 -0.00327542   0.0242645    0.228667
-0.00327542   0.0534826 -0.00542955  0.00706707
  0.0242645 -0.00542955    0.050995 -0.00455747
   0.228667  0.00706707 -0.00455747    0.437811
IMAGINARY
          0  -0.0209924  -0.0187983 -0.00743181
  0.0209924           0  0.00229042  -0.0244587
  0.0187983 -0.00229042           0   0.0375318
 0.00743181   0.0244587  -0.0375318           0
Repeater1[0]<--->HoM1[0]
REAL
    0.455137    0.0123336   0.00568673     0.242195
   0.0123336    0.0585176   0.00295091    0.0161579
  0.00568673   0.00295091    0.0572172 -0.000197703
    0.242195    0.0161579 -0.000197703     0.429129
IMAGINARY
           0  -0.00521259    0.0120546 -9.10906e-05
  0.00521259            0   0.00264864   -0.0074914
  -0.0120546  -0.00264864            0  -0.00456576
 9.10906e-05    0.0074914   0.00456576            0
EndNode1[0]<--->Repeater1[0]
REAL
    0.462299  -0.00133992 -0.000427644     0.231508
 -0.00133992    0.0679852  -0.00363447    0.0129772
-0.000427644  -0.00363447    0.0605686  -0.00196259
    0.231508    0.0129772  -0.00196259     0.409147
IMAGINARY
          0  -0.0123349   0.0087326  0.00396732
  0.0123349           0   0.0033368  0.00935526
 -0.0087326  -0.0033368           0 -0.00446092
-0.00396732 -0.00935526  0.00446092           0
EndNode2[0]<--->HoM1[0]
REAL
   0.438685 -0.00196528  -0.0285516     0.24056
-0.00196528   0.0657396 -0.00850852  -0.0150381
 -0.0285516 -0.00850852   0.0632111   -0.030086
    0.24056  -0.0150381   -0.030086    0.432364
IMAGINARY
           0    0.0110794   0.00479858   0.00348383
  -0.0110794            0 -0.000323275 -0.000450759
 -0.00479858  0.000323275            0    0.0168709
 -0.00348383  0.000450759   -0.0168709            0
Repeater1[0]<--->EndNode1[0]
REAL
    0.462299 -0.000427644  -0.00133992     0.231508
-0.000427644    0.0605686  -0.00363447  -0.00196259
 -0.00133992  -0.00363447    0.0679852    0.0129772
    0.231508  -0.00196259    0.0129772     0.409147
IMAGINARY
          0   0.0087326  -0.0123349  0.00396732
 -0.0087326           0  -0.0033368 -0.00446092
  0.0123349   0.0033368           0  0.00935526
-0.00396732  0.00446092 -0.00935526           0
Repeater1[0]<--->HoM1[0]
REAL
   0.438685  -0.0285516 -0.00196528     0.24056
 -0.0285516   0.0632111 -0.00850852   -0.030086
-0.00196528 -0.00850852   0.0657396  -0.0150381
    0.24056   -0.030086  -0.0150381    0.432364
IMAGINARY
           0   0.00479858    0.0110794   0.00348383
 -0.00479858            0  0.000323275    0.0168709
  -0.0110794 -0.000323275            0 -0.000450759
 -0.00348383   -0.0168709  0.000450759            0
EndNode1[0]<--->Repeater1[0]
REAL
   0.444444  0.00317089   -0.019332    0.229222
 0.00317089   0.0426357    0.012841 -0.00183201
  -0.019332    0.012841   0.0723514  -0.0388852
   0.229222 -0.00183201  -0.0388852    0.440568
IMAGINARY
           0   -0.0149786 -0.000975148    0.0277556
   0.0149786            0  -0.00678988 -0.000247346
 0.000975148   0.00678988            0    0.0210911
  -0.0277556  0.000247346   -0.0210911            0
EndNode2[0]<--->HoM1[0]
REAL
  0.427623 0.00308722 0.00680225    0.22857
0.00308722  0.0531208  0.0139299 0.00944775
0.00680225  0.0139299  0.0703851  0.0131628
   0.22857 0.00944775  0.0131628   0.448871
IMAGINARY
          0   0.0106031   0.0140849   0.0107735
 -0.0106031           0   0.0174048 -0.00167799
 -0.0140849  -0.0174048           0  -0.0130845
 -0.0107735  0.00167799   0.0130845           0
Repeater1[0]<--->EndNode1[0]
REAL
   0.444444   -0.019332  0.00317089    0.229222
  -0.019332   0.0723514    0.012841  -0.0388852
 0.00317089    0.012841   0.0426357 -0.00183201
   0.229222  -0.0388852 -0.00183201    0.440568
IMAGINARY
           0 -0.000975148   -0.0149786    0.0277556
 0.000975148            0   0.00678988    0.0210911
   0.0149786  -0.00678988            0 -0.000247346
  -0.0277556   -0.0210911  0.000247346            0
Repeater1[0]<--->HoM1[0]
REAL
  0.427623 0.00680225 0.00308722    0.22857
0.00680225  0.0703851  0.0139299  0.0131628
0.00308722  0.0139299  0.0531208 0.00944775
   0.22857  0.0131628 0.00944775   0.448871
IMAGINARY
          0   0.0140849   0.0106031   0.0107735
 -0.0140849           0  -0.0174048  -0.0130845
 -0.0106031   0.0174048           0 -0.00167799
 -0.0107735   0.0130845  0.00167799           0
EndNode1[0]<--->Repeater1[0]
REAL
   0.403439   0.0204552  0.00541498    0.240542
  0.0204552   0.0714286   0.0107082    0.019585
 0.00541498   0.0107082   0.0582011 -0.00670525
   0.240542    0.019585 -0.00670525    0.466931
IMAGINARY
           0  -0.00992318    0.0223701  0.000645889
  0.00992318            0  -0.00327056   0.00131747
  -0.0223701   0.00327056            0  -0.00992318
-0.000645889  -0.00131747   0.00992318            0
EndNode2[0]<--->HoM1[0]
REAL
   0.456865   0.0048953 -0.00914332    0.255184
  0.0048953   0.0680437  -0.0112298  0.00416466
-0.00914332  -0.0112298    0.054678 -0.00133911
   0.255184  0.00416466 -0.00133911    0.420413
IMAGINARY
           0   -0.0150904  -0.00802517   -0.0121671
   0.0150904            0  -0.00659094  0.000449409
  0.00802517   0.00659094            0   0.00372678
   0.0121671 -0.000449409  -0.00372678            0
Repeater1[0]<--->EndNode1[0]
REAL
   0.403439  0.00541498   0.0204552    0.240542
 0.00541498   0.0582011   0.0107082 -0.00670525
  0.0204552   0.0107082   0.0714286    0.019585
   0.240542 -0.00670525    0.019585    0.466931
IMAGINARY
           0    0.0223701  -0.00992318  0.000645889
  -0.0223701            0   0.00327056  -0.00992318
  0.00992318  -0.00327056            0   0.00131747
-0.000645889   0.00992318  -0.00131747            0
Repeater1[0]<--->HoM1[0]
REAL
   0.456865 -0.00914332   0.0048953    0.255184
-0.00914332    0.054678  -0.0112298 -0.00133911
  0.0048953  -0.0112298   0.0680437  0.00416466
   0.255184 -0.00133911  0.00416466    0.420413
IMAGINARY
           0  -0.00802517   -0.0150904   -0.0121671
  0.00802517            0   0.00659094   0.00372678
   0.0150904  -0.00659094            0  0.000449409
   0.0121671  -0.00372678 -0.000449409            0
EndNode1[0]<--->Repeater1[0]
REAL
  0.438442 -0.0103902 -0.0225527    0.24028
-0.0103902  0.0502513 -0.0104163  0.0107807
-0.0225527 -0.0104163  0.0640704 0.00605316
   0.24028  0.0107807 0.00605316   0.447236
IMAGINARY
           0   -0.0195358  -0.00815705    -0.022969
   0.0195358            0    0.0131135 -0.000199493
  0.00815705   -0.0131135            0   0.00142992
    0.022969  0.000199493  -0.00142992            0
EndNode2[0]<--->HoM1[0]
REAL
    0.397959   0.00188098 -0.000759891     0.236308
  0.00188098    0.0841837  -0.00120833    0.0133427
-0.000759891  -0.00120833    0.0548469  -0.00784124
    0.236308    0.0133427  -0.00784124      0.46301
IMAGINARY
          0  -0.0008262  -0.0150399 -0.00445277
  0.0008262           0 -0.00262573  -0.0227322
  0.0150399  0.00262573           0  0.00914886
 0.00445277   0.0227322 -0.00914886           0
Repeater1[0]<--->EndNode1[0]
REAL
  0.438442 -0.0225527 -0.0103902    0.24028
-0.0225527  0.0640704 -0.0104163 0.00605316
-0.0103902 -0.0104163  0.0502513  0.0107807
   0.24028 0.00605316  0.0107807   0.447236
IMAGINARY
           0  -0.00815705   -0.0195358    -0.022969
  0.00815705            0   -0.0131135   0.00142992
   0.0195358    0.0131135            0 -0.000199493
    0.022969  -0.00142992  0.000199493            0
Repeater1[0]<--->HoM1[0]
REAL
    0.397959 -0.000759891   0.00188098     0.236308
-0.000759891    0.0548469  -0.00120833  -0.00784124
  0.00188098  -0.00120833    0.0841837    0.0133427
    0.236308  -0.00784124    0.0133427      0.46301
IMAGINARY
          0  -0.0150399  -0.0008262 -0.00445277
  0.0150399           0  0.00262573  0.00914886
  0.0008262 -0.00262573           0  -0.0227322
 0.00445277 -0.00914886   0.0227322           0
EndNode1[0]<--->Repeater1[0]
REAL
   0.410761 -0.00166887 -0.00276934    0.223598
-0.00166887   0.0498688   0.0130378  -0.0174393
-0.00276934   0.0130378   0.0761155 -0.00289436
   0.223598  -0.0174393 -0.00289436    0.463255
IMAGINARY
           0    0.0162812   -0.0012512  0.000580011
  -0.0162812            0    0.0118383   0.00451065
   0.0012512   -0.0118383            0   0.00392745
-0.000580011  -0.00451065  -0.00392745            0
EndNode2[0]<--->HoM1[0]
REAL
   0.422721 -0.00201608   0.0155431     0.22195
-0.00201608   0.0634082 -0.00153436  -0.0057902
  0.0155431 -0.00153436   0.0686922  -0.0129384
    0.22195  -0.0057902  -0.0129384    0.445178
IMAGINARY
           0   -0.0123487   -0.0182636    0.0213675
   0.0123487            0    0.0034647    0.0170009
   0.0182636   -0.0034647            0 -0.000277553
  -0.0213675   -0.0170009  0.000277553            0
Repeater1[0]<--->EndNode1[0]
REAL
   0.410761 -0.00276934 -0.00166887    0.223598
-0.00276934   0.0761155   0.0130378 -0.00289436
-0.00166887   0.0130378   0.0498688  -0.0174393
   0.223598 -0.00289436  -0.0174393    0.463255
IMAGINARY
           0   -0.0012512    0.0162812  0.000580011
   0.0012512            0   -0.0118383   0.00392745
  -0.0162812    0.0118383            0   0.00451065
-0.000580011  -0.00392745  -0.00451065            0
Repeater1[0]<--->HoM1[0]
REAL
   0.422721   0.0155431 -0.00201608     0.22195
  0.0155431   0.0686922 -0.00153436  -0.0129384
-0.00201608 -0.00153436   0.0634082  -0.0057902
    0.22195  -0.0129384  -0.0057902    0.445178
IMAGINARY
           0   -0.0182636   -0.0123487    0.0213675
   0.0182636            0   -0.0034647 -0.000277553
   0.0123487    0.0034647            0    0.0170009
  -0.0213675  0.000277553   -0.0170009            0
EndNode1[0]<--->Repeater1[0]
REAL
   0.421384   -0.027308 -0.00769531    0.250076
  -0.027308   0.0666667   0.0180764  -0.0260627
-0.00769531   0.0180764   0.0603774  0.00628886
   0.250076  -0.0260627  0.00628886    0.451572
IMAGINARY
           0      -0.0075   0.00491237  -0.00135441
      0.0075            0    0.0141095    0.0190876
 -0.00491237   -0.0141095            0  0.000833333
  0.00135441   -0.0190876 -0.000833333            0
EndNode2[0]<--->HoM1[0]
REAL
   0.432051  0.00646782  0.00399951    0.246977
 0.00646782   0.0487179 -0.00705514 -0.00725049
 0.00399951 -0.00705514   0.0679487  0.00848666
   0.246977 -0.00725049  0.00848666    0.451282
IMAGINARY
           0  0.000610948    0.0232989   -0.0166175
-0.000610948            0   -0.0013503 -0.000449467
  -0.0232989    0.0013503            0   -0.0221163
   0.0166175  0.000449467    0.0221163            0
Repeater1[0]<--->EndNode1[0]
REAL
   0.421384 -0.00769531   -0.027308    0.250076
-0.00769531   0.0603774   0.0180764  0.00628886
  -0.027308   0.0180764   0.0666667  -0.0260627
   0.250076  0.00628886  -0.0260627    0.451572
IMAGINARY
           0   0.00491237      -0.0075  -0.00135441
 -0.00491237            0   -0.0141095  0.000833333
      0.0075    0.0141095            0    0.0190876
  0.00135441 -0.000833333   -0.0190876            0
Repeater1[0]<--->HoM1[0]
REAL
   0.432051  0.00399951  0.00646782    0.246977
 0.00399951   0.0679487 -0.00705514  0.00848666
 0.00646782 -0.00705514   0.0487179 -0.00725049
   0.246977  0.00848666 -0.00725049    0.451282
IMAGINARY
           0    0.0232989  0.000610948   -0.0166175
  -0.0232989            0    0.0013503   -0.0221163
-0.000610948   -0.0013503            0 -0.000449467
   0.0166175    0.0221163  0.000449467            0
EndNode1[0]<--->Repeater1[0]
REAL
   0.449007   0.0116644 -0.00591486    0.253089
  0.0116644   0.0688742  0.00821737   0.0172214
-0.00591486  0.00821737   0.0476821 -0.00789553
   0.253089   0.0172214 -0.00789553    0.434437
IMAGINARY
          0  -0.0114213   0.0176253  -0.0304536
  0.0114213           0  0.00760414   0.0221183
 -0.0176253 -0.00760414           0   0.0114213
  0.0304536  -0.0221183  -0.0114213           0
EndNode2[0]<--->HoM1[0]
REAL
   0.446452 -0.00532854  -0.0118868     0.25013
-0.00532854   0.0619355 -0.00611996  0.00116802
 -0.0118868 -0.00611996   0.0619355 -0.00665129
    0.25013  0.00116802 -0.00665129    0.429677
IMAGINARY
           0   -0.0191656   0.00577627    0.0111749
   0.0191656            0  0.000483104    0.0229737
 -0.00577627 -0.000483104            0  -0.00333443
  -0.0111749   -0.0229737   0.00333443            0
Repeater1[0]<--->EndNode1[0]
REAL
   0.449007 -0.00591486   0.0116644    0.253089
-0.00591486   0.0476821  0.00821737 -0.00789553
  0.0116644  0.00821737   0.0688742   0.0172214
   0.253089 -0.00789553   0.0172214    0.434437
IMAGINARY
          0   0.0176253  -0.0114213  -0.0304536
 -0.0176253           0 -0.00760414   0.0114213
  0.0114213  0.00760414           0   0.0221183
  0.0304536  -0.0114213  -0.0221183           0
Repeater1[0]<--->HoM1[0]
REAL
   0.446452  -0.0118868 -0.00532854     0.25013
 -0.0118868   0.0619355 -0.00611996 -0.00665129
-0.00532854 -0.00611996   0.0619355  0.00116802
    0.25013 -0.00665129  0.00116802    0.429677
IMAGINARY
           0   0.00577627   -0.0191656    0.0111749
 -0.00577627            0 -0.000483104  -0.00333443
   0.0191656  0.000483104            0    0.0229737
  -0.0111749   0.00333443   -0.0229737            0
EndNode1[0]<--->Repeater1[0]
REAL
   0.451488 -0.00817852 -0.00636676    0.241379
-0.00817852   0.0556274 -0.00615764  -0.0158007
-0.00636676 -0.00615764   0.0543338  -0.0201466
   0.241379  -0.0158007  -0.0201466    0.438551
IMAGINARY
          0 -0.00168583  -0.0102488  0.00444016
 0.00168583           0  0.00380159   0.0151749
  0.0102488 -0.00380159           0 -0.00939791
-0.00444016  -0.0151749  0.00939791           0
EndNode2[0]<--->HoM1[0]
REAL
   0.414907 -0.00881919 -0.00800527    0.241709
-0.00881919   0.0583851  0.00446429 -0.00219882
-0.00800527  0.00446429   0.0807453  -0.0154155
   0.241709 -0.00219882  -0.0154155    0.445963
IMAGINARY
           0 -6.93889e-18   0.00654559     0.013839
 6.93889e-18            0 -0.000885672   -0.0116476
 -0.00654559  0.000885672            0  6.93889e-18
   -0.013839    0.0116476 -6.93889e-18            0
Repeater1[0]<--->EndNode1[0]
REAL
   0.451488 -0.00636676 -0.00817852    0.241379
-0.00636676   0.0543338 -0.00615764  -0.0201466
-0.00817852 -0.00615764   0.0556274  -0.0158007
   0.241379  -0.0201466  -0.0158007    0.438551
IMAGINARY
          0  -0.0102488 -0.00168583  0.00444016
  0.0102488           0 -0.00380159 -0.00939791
 0.00168583  0.00380159           0   0.0151749
-0.00444016  0.00939791  -0.0151749           0
Repeater1[0]<--->HoM1[0]
REAL
   0.414907 -0.00800527 -0.00881919    0.241709
-0.00800527   0.0807453  0.00446429  -0.0154155
-0.00881919  0.00446429   0.0583851 -0.00219882
   0.241709  -0.0154155 -0.00219882    0.445963
IMAGINARY
           0   0.00654559 -1.38778e-17     0.013839
 -0.00654559            0  0.000885672            0
 1.38778e-17 -0.000885672            0   -0.0116476
   -0.013839            0    0.0116476            0
EndNode1[0]<--->Repeater1[0]
REAL
   0.429708   0.0112668 -0.00207135    0.241215
  0.0112668   0.0623342 -0.00754072  -0.0126534
-0.00207135 -0.00754072   0.0742706  -0.0106266
   0.241215  -0.0126534  -0.0106266    0.433687
IMAGINARY
          0 -0.00951509  -0.0158118 -0.00292347
 0.00951509           0   0.0209475    0.014568
  0.0158118  -0.0209475           0  -0.0215794
 0.00292347   -0.014568   0.0215794           0
EndNode2[0]<--->HoM1[0]
REAL
  0.401022  -0.020967   -0.00875   0.211962
 -0.020967  0.0727969 -0.0207116   -0.00875
  -0.00875 -0.0207116  0.0715198  -0.020283
  0.211962   -0.00875  -0.020283   0.454662
IMAGINARY
          0    0.009814   0.0119383  -0.0188264
  -0.009814           0    0.021358  -0.0107007
 -0.0119383   -0.021358           0 -0.00610112
  0.0188264   0.0107007  0.00610112           0
Repeater1[0]<--->EndNode1[0]
REAL
   0.429708 -0.00207135   0.0112668    0.241215
-0.00207135   0.0742706 -0.00754072  -0.0106266
  0.0112668 -0.00754072   0.0623342  -0.0126534
   0.241215  -0.0106266  -0.0126534    0.433687
IMAGINARY
          0  -0.0158118 -0.00951509 -0.00292347
  0.0158118           0  -0.0209475  -0.0215794
 0.00951509   0.0209475           0    0.014568
 0.00292347   0.0215794   -0.014568           0
Repeater1[0]<--->HoM1[0]
REAL
  0.401022   -0.00875  -0.020967   0.211962
  -0.00875  0.0715198 -0.0207116  -0.020283
 -0.020967 -0.0207116  0.0727969   -0.00875
  0.211962  -0.020283   -0.00875   0.454662
IMAGINARY
          0   0.0119383    0.009814  -0.0188264
 -0.0119383           0   -0.021358 -0.00610112
  -0.009814    0.021358           0  -0.0107007
  0.0188264  0.00610112   0.0107007           0
EndNode1[0]<--->Repeater1[0]
REAL
