EndNode1[0]<--->Repeater1[0]
REAL
   0.365508   0.0156361   0.0127466    0.057679
  0.0156361    0.157014   0.0221952   0.0394547
  0.0127466   0.0221952    0.162162 -0.00117066
   0.057679   0.0394547 -0.00117066    0.315315
IMAGINARY
          0  -0.0016129 -0.00265242    0.021976
  0.0016129           0   0.0118494 -0.00960564
 0.00265242  -0.0118494           0  -0.0016129
  -0.021976  0.00960564   0.0016129           0
EndNode2[0]<--->HoM1[0]
REAL
   0.368622   -0.014911   0.0115388   0.0500868
  -0.014911    0.144133   0.0113167   0.0235489
  0.0115388   0.0113167    0.132653 -0.00764543
  0.0500868   0.0235489 -0.00764543    0.354592
IMAGINARY
          0  -0.0212068  0.00456774 -0.00457867
  0.0212068           0  -0.0130093  -0.0125891
-0.00456774   0.0130093           0  0.00382708
 0.00457867   0.0125891 -0.00382708           0
Repeater1[0]<--->EndNode1[0]
REAL
   0.365508   0.0127466   0.0156361    0.057679
  0.0127466    0.162162   0.0221952 -0.00117066
  0.0156361   0.0221952    0.157014   0.0394547
   0.057679 -0.00117066   0.0394547    0.315315
IMAGINARY
          0 -0.00265242  -0.0016129    0.021976
 0.00265242           0  -0.0118494  -0.0016129
  0.0016129   0.0118494           0 -0.00960564
  -0.021976   0.0016129  0.00960564           0
Repeater1[0]<--->HoM1[0]
REAL
   0.368622   0.0115388   -0.014911   0.0500868
  0.0115388    0.132653   0.0113167 -0.00764543
  -0.014911   0.0113167    0.144133   0.0235489
  0.0500868 -0.00764543   0.0235489    0.354592
IMAGINARY
          0  0.00456774  -0.0212068 -0.00457867
-0.00456774           0   0.0130093  0.00382708
  0.0212068  -0.0130093           0  -0.0125891
 0.00457867 -0.00382708   0.0125891           0
EndNode1[0]<--->Repeater1[0]
REAL
  0.384328  0.0190621 0.00872583  0.0515187
 0.0190621   0.161692 0.00629578  0.0135105
0.00872583 0.00629578   0.146766  0.0209633
 0.0515187  0.0135105  0.0209633   0.307214
IMAGINARY
          0   0.0163159  -0.0136816  0.00891517
 -0.0163159           0   0.0215314  -0.0047897
  0.0136816  -0.0215314           0  0.00342931
-0.00891517   0.0047897 -0.00342931           0
EndNode2[0]<--->HoM1[0]
REAL
  0.378129 0.00417467 -0.0303553  0.0446286
0.00417467   0.134387 0.00200348 0.00315323
-0.0303553 0.00200348   0.150198 0.00230201
 0.0446286 0.00315323 0.00230201   0.337286
IMAGINARY
           0 -0.000869537   -0.0279114   0.00769419
 0.000869537            0   0.00144419  -0.00930101
   0.0279114  -0.00144419            0   0.00289931
 -0.00769419   0.00930101  -0.00289931            0
Repeater1[0]<--->EndNode1[0]
REAL
  0.384328 0.00872583  0.0190621  0.0515187
0.00872583   0.146766 0.00629578  0.0209633
 0.0190621 0.00629578   0.161692  0.0135105
 0.0515187  0.0209633  0.0135105   0.307214
IMAGINARY
          0  -0.0136816   0.0163159  0.00891517
  0.0136816           0  -0.0215314  0.00342931
 -0.0163159   0.0215314           0  -0.0047897
-0.00891517 -0.00342931   0.0047897           0
Repeater1[0]<--->HoM1[0]
REAL
  0.378129 -0.0303553 0.00417467  0.0446286
-0.0303553   0.150198 0.00200348 0.00230201
0.00417467 0.00200348   0.134387 0.00315323
 0.0446286 0.00230201 0.00315323   0.337286
IMAGINARY
           0   -0.0279114 -0.000869537   0.00769419
   0.0279114            0  -0.00144419   0.00289931
 0.000869537   0.00144419            0  -0.00930101
 -0.00769419  -0.00289931   0.00930101            0
EndNode1[0]<--->Repeater1[0]
REAL
    0.381013    0.0142361   0.00536752     0.058871
   0.0142361     0.153165   0.00887097 -0.000851388
  0.00536752   0.00887097     0.132911   -0.0187522
    0.058871 -0.000851388   -0.0187522     0.332911
IMAGINARY
          0 -0.00592053  -0.0167452  0.00423979
 0.00592053           0 -0.00175222  0.00136062
  0.0167452  0.00175222           0  0.00463848
-0.00423979 -0.00136062 -0.00463848           0
EndNode2[0]<--->HoM1[0]
REAL
   0.351926  -0.0101401  -0.0125304   0.0651543
 -0.0101401    0.135458 0.000419438  0.00160147
 -0.0125304 0.000419438    0.135458  -0.0171823
  0.0651543  0.00160147  -0.0171823    0.377158
IMAGINARY
          0   0.0162644   0.0164396  0.00787027
 -0.0162644           0  0.00230785  0.00143958
 -0.0164396 -0.00230785           0  0.00161474
-0.00787027 -0.00143958 -0.00161474           0
Repeater1[0]<--->EndNode1[0]
REAL
    0.381013   0.00536752    0.0142361     0.058871
  0.00536752     0.132911   0.00887097   -0.0187522
   0.0142361   0.00887097     0.153165 -0.000851388
    0.058871   -0.0187522 -0.000851388     0.332911
IMAGINARY
          0  -0.0167452 -0.00592053  0.00423979
  0.0167452           0  0.00175222  0.00463848
 0.00592053 -0.00175222           0  0.00136062
-0.00423979 -0.00463848 -0.00136062           0
Repeater1[0]<--->HoM1[0]
REAL
   0.351926  -0.0125304  -0.0101401   0.0651543
 -0.0125304    0.135458 0.000419438  -0.0171823
 -0.0101401 0.000419438    0.135458  0.00160147
  0.0651543  -0.0171823  0.00160147    0.377158
IMAGINARY
          0   0.0164396   0.0162644  0.00787027
 -0.0164396           0 -0.00230785  0.00161474
 -0.0162644  0.00230785           0  0.00143958
-0.00787027 -0.00161474 -0.00143958           0
EndNode1[0]<--->Repeater1[0]
REAL
   0.369153  0.00589685 -0.00384446   0.0177036
 0.00589685    0.152971 -0.00550846  0.00519947
-0.00384446 -0.00550846    0.140329   0.0117183
  0.0177036  0.00519947   0.0117183    0.337547
IMAGINARY
          0 -0.00456102   0.0142005  -0.0106324
 0.00456102           0   0.0119482 -0.00604491
 -0.0142005  -0.0119482           0  0.00895249
  0.0106324  0.00604491 -0.00895249           0
EndNode2[0]<--->HoM1[0]
REAL
   0.355007  0.00348705  0.00335775   0.0749407
 0.00348705    0.171651  0.00754661 -0.00335775
 0.00335775  0.00754661    0.157347  0.00285812
  0.0749407 -0.00335775  0.00285812    0.315995
IMAGINARY
           0   0.00304454   -0.0142873 -0.000669416
 -0.00304454            0  -0.00637284 -0.000475181
   0.0142873   0.00637284            0  -0.00753748
 0.000669416  0.000475181   0.00753748            0
Repeater1[0]<--->EndNode1[0]
REAL
   0.369153 -0.00384446  0.00589685   0.0177036
-0.00384446    0.140329 -0.00550846   0.0117183
 0.00589685 -0.00550846    0.152971  0.00519947
  0.0177036   0.0117183  0.00519947    0.337547
IMAGINARY
          0   0.0142005 -0.00456102  -0.0106324
 -0.0142005           0  -0.0119482  0.00895249
 0.00456102   0.0119482           0 -0.00604491
  0.0106324 -0.00895249  0.00604491           0
Repeater1[0]<--->HoM1[0]
REAL
   0.355007  0.00335775  0.00348705   0.0749407
 0.00335775    0.157347  0.00754661  0.00285812
 0.00348705  0.00754661    0.171651 -0.00335775
  0.0749407  0.00285812 -0.00335775    0.315995
IMAGINARY
           0   -0.0142873   0.00304454 -0.000669416
   0.0142873            0   0.00637284  -0.00753748
 -0.00304454  -0.00637284            0 -0.000475181
 0.000669416   0.00753748  0.000475181            0
EndNode1[0]<--->Repeater1[0]
REAL
   0.332432  -0.0141665  -0.0198217   0.0514154
 -0.0141665    0.140541 -0.00810836  0.00669835
 -0.0198217 -0.00810836    0.166216   0.0404132
  0.0514154  0.00669835   0.0404132    0.360811
IMAGINARY
          0  -0.0150505  0.00677656  -0.0127809
  0.0150505           0 -0.00514735  -0.0163004
-0.00677656  0.00514735           0 -0.00399715
  0.0127809   0.0163004  0.00399715           0
EndNode2[0]<--->HoM1[0]
REAL
   0.337563  -0.0140732  0.00332721   0.0495906
 -0.0140732    0.186548 -0.00425553  0.00652824
 0.00332721 -0.00425553    0.153553  -0.0102369
  0.0495906  0.00652824  -0.0102369    0.322335
IMAGINARY
          0  -0.0100816  -0.0047817  -0.0018443
  0.0100816           0 -0.00122318  -0.0182952
  0.0047817  0.00122318           0   0.0126457
  0.0018443   0.0182952  -0.0126457           0
Repeater1[0]<--->EndNode1[0]
REAL
   0.332432  -0.0198217  -0.0141665   0.0514154
 -0.0198217    0.166216 -0.00810836   0.0404132
 -0.0141665 -0.00810836    0.140541  0.00669835
  0.0514154   0.0404132  0.00669835    0.360811
IMAGINARY
          0  0.00677656  -0.0150505  -0.0127809
-0.00677656           0  0.00514735 -0.00399715
  0.0150505 -0.00514735           0  -0.0163004
  0.0127809  0.00399715   0.0163004           0
Repeater1[0]<--->HoM1[0]
REAL
   0.337563  0.00332721  -0.0140732   0.0495906
 0.00332721    0.153553 -0.00425553  -0.0102369
 -0.0140732 -0.00425553    0.186548  0.00652824
  0.0495906  -0.0102369  0.00652824    0.322335
IMAGINARY
          0  -0.0047817  -0.0100816  -0.0018443
  0.0047817           0  0.00122318   0.0126457
  0.0100816 -0.00122318           0  -0.0182952
  0.0018443  -0.0126457   0.0182952           0
EndNode1[0]<--->Repeater1[0]
REAL
    0.37995  -0.0069402 -0.00659146   0.0320722
 -0.0069402    0.152228 -0.00398227 -0.00526871
-0.00659146 -0.00398227    0.136139  0.00257067
  0.0320722 -0.00526871  0.00257067    0.331683
IMAGINARY
           0   -0.0201732     0.008574    0.0123377
   0.0201732            0  0.000738227   -0.0146964
   -0.008574 -0.000738227            0   0.00860858
  -0.0123377    0.0146964  -0.00860858            0
EndNode2[0]<--->HoM1[0]
REAL
    0.352785   0.00279279   0.00459958    0.0481143
  0.00279279     0.129973  -0.00482692 -0.000208112
  0.00459958  -0.00482692     0.160477    0.0116363
   0.0481143 -0.000208112    0.0116363     0.356764
IMAGINARY
           0  -0.00182375    0.0208719  0.000473052
  0.00182375            0   -0.0056544   0.00200395
  -0.0208719    0.0056544            0   0.00770611
-0.000473052  -0.00200395  -0.00770611            0
Repeater1[0]<--->EndNode1[0]
REAL
    0.37995 -0.00659146  -0.0069402   0.0320722
-0.00659146    0.136139 -0.00398227  0.00257067
 -0.0069402 -0.00398227    0.152228 -0.00526871
  0.0320722  0.00257067 -0.00526871    0.331683
IMAGINARY
           0     0.008574   -0.0201732    0.0123377
   -0.008574            0 -0.000738227   0.00860858
   0.0201732  0.000738227            0   -0.0146964
  -0.0123377  -0.00860858    0.0146964            0
Repeater1[0]<--->HoM1[0]
REAL
    0.352785   0.00459958   0.00279279    0.0481143
  0.00459958     0.160477  -0.00482692    0.0116363
  0.00279279  -0.00482692     0.129973 -0.000208112
   0.0481143    0.0116363 -0.000208112     0.356764
IMAGINARY
           0    0.0208719  -0.00182375  0.000473052
  -0.0208719            0    0.0056544   0.00770611
  0.00182375   -0.0056544            0   0.00200395
-0.000473052  -0.00770611  -0.00200395            0
EndNode1[0]<--->Repeater1[0]
REAL
   0.347204   0.0130474   -0.013505   0.0564299
  0.0130474    0.184655 -0.00301938  -0.0141655
  -0.013505 -0.00301938    0.130039  -0.0214129
  0.0564299  -0.0141655  -0.0214129    0.338101
IMAGINARY
          0 -0.00922235 -0.00131915  0.00883644
 0.00922235           0  -0.0118889 -0.00931915
 0.00131915   0.0118889           0   0.0123513
-0.00883644  0.00931915  -0.0123513           0
EndNode2[0]<--->HoM1[0]
REAL
    0.35668   -0.024526   0.0104387    0.041628
  -0.024526    0.167315 -0.00347007  -0.0117545
  0.0104387 -0.00347007    0.140078 -0.00705291
   0.041628  -0.0117545 -0.00705291    0.335927
IMAGINARY
           0  0.000443951  -0.00430477  3.19684e-05
-0.000443951            0  -0.00316088   0.00365117
  0.00430477   0.00316088            0   -0.0102479
-3.19684e-05  -0.00365117    0.0102479            0
Repeater1[0]<--->EndNode1[0]
REAL
   0.347204   -0.013505   0.0130474   0.0564299
  -0.013505    0.130039 -0.00301938  -0.0214129
  0.0130474 -0.00301938    0.184655  -0.0141655
  0.0564299  -0.0214129  -0.0141655    0.338101
IMAGINARY
          0 -0.00131915 -0.00922235  0.00883644
 0.00131915           0   0.0118889   0.0123513
 0.00922235  -0.0118889           0 -0.00931915
-0.00883644  -0.0123513  0.00931915           0
Repeater1[0]<--->HoM1[0]
REAL
    0.35668   0.0104387   -0.024526    0.041628
  0.0104387    0.140078 -0.00347007 -0.00705291
  -0.024526 -0.00347007    0.167315  -0.0117545
   0.041628 -0.00705291  -0.0117545    0.335927
IMAGINARY
           0  -0.00430477  0.000443951  3.19684e-05
  0.00430477            0   0.00316088   -0.0102479
-0.000443951  -0.00316088            0   0.00365117
-3.19684e-05    0.0102479  -0.00365117            0
EndNode1[0]<--->Repeater1[0]
REAL
  0.351828 0.00338955 -0.0111182  0.0539323
0.00338955   0.157629 0.00823697  0.0111182
-0.0111182 0.00823697   0.136192 -0.0047123
 0.0539323  0.0111182 -0.0047123   0.354351
IMAGINARY
          0   0.0108602  0.00400667   0.0205735
 -0.0108602           0   0.0124214   0.0165231
-0.00400667  -0.0124214           0 -0.00357546
 -0.0205735  -0.0165231  0.00357546           0
EndNode2[0]<--->HoM1[0]
REAL
  0.378808  0.0161618  0.0140919  0.0541412
 0.0161618   0.149669  0.0120166  0.0100812
 0.0140919  0.0120166   0.140397 0.00164992
 0.0541412  0.0100812 0.00164992   0.331126
IMAGINARY
          0  0.00498756  0.00144258  -0.0105919
-0.00498756           0 -0.00797407  -0.0167051
-0.00144258  0.00797407           0     0.01638
  0.0105919   0.0167051    -0.01638           0
Repeater1[0]<--->EndNode1[0]
REAL
  0.351828 -0.0111182 0.00338955  0.0539323
-0.0111182   0.136192 0.00823697 -0.0047123
0.00338955 0.00823697   0.157629  0.0111182
 0.0539323 -0.0047123  0.0111182   0.354351
IMAGINARY
          0  0.00400667   0.0108602   0.0205735
-0.00400667           0  -0.0124214 -0.00357546
 -0.0108602   0.0124214           0   0.0165231
 -0.0205735  0.00357546  -0.0165231           0
Repeater1[0]<--->HoM1[0]
REAL
  0.378808  0.0140919  0.0161618  0.0541412
 0.0140919   0.140397  0.0120166 0.00164992
 0.0161618  0.0120166   0.149669  0.0100812
 0.0541412 0.00164992  0.0100812   0.331126
IMAGINARY
          0  0.00144258  0.00498756  -0.0105919
-0.00144258           0  0.00797407     0.01638
-0.00498756 -0.00797407           0  -0.0167051
  0.0105919    -0.01638   0.0167051           0
EndNode1[0]<--->Repeater1[0]
REAL
   0.377834  0.00794862  -0.0211174   0.0530537
 0.00794862    0.168766 -0.00832739   -0.024944
 -0.0211174 -0.00832739     0.13728  -0.0152917
  0.0530537   -0.024944  -0.0152917    0.316121
IMAGINARY
           0   -0.0182575   0.00383632   0.00101991
   0.0182575            0    0.0216192   0.00383632
 -0.00383632   -0.0216192            0 -0.000924126
 -0.00101991  -0.00383632  0.000924126            0
EndNode2[0]<--->HoM1[0]
REAL
   0.394218   0.0165076 -0.00998479    0.046463
  0.0165076    0.136662  -0.0182578 -0.00411777
-0.00998479  -0.0182578    0.113009  0.00272315
   0.046463 -0.00411777  0.00272315     0.35611
IMAGINARY
          0   0.0238702 -0.00749707  0.00242302
 -0.0238702           0 -0.00714636   -0.030574
 0.00749707  0.00714636           0  -0.0048347
-0.00242302    0.030574   0.0048347           0
Repeater1[0]<--->EndNode1[0]
REAL
   0.377834  -0.0211174  0.00794862   0.0530537
 -0.0211174     0.13728 -0.00832739  -0.0152917
 0.00794862 -0.00832739    0.168766   -0.024944
  0.0530537  -0.0152917   -0.024944    0.316121
IMAGINARY
           0   0.00383632   -0.0182575   0.00101991
 -0.00383632            0   -0.0216192 -0.000924126
   0.0182575    0.0216192            0   0.00383632
 -0.00101991  0.000924126  -0.00383632            0
Repeater1[0]<--->HoM1[0]
REAL
   0.394218 -0.00998479   0.0165076    0.046463
-0.00998479    0.113009  -0.0182578  0.00272315
  0.0165076  -0.0182578    0.136662 -0.00411777
   0.046463  0.00272315 -0.00411777     0.35611
IMAGINARY
          0 -0.00749707   0.0238702  0.00242302
 0.00749707           0  0.00714636  -0.0048347
 -0.0238702 -0.00714636           0   -0.030574
-0.00242302   0.0048347    0.030574           0
EndNode1[0]<--->Repeater1[0]
REAL
   0.362681  -0.0135226 -0.00345034   0.0683612
 -0.0135226    0.153745 -0.00412948  -0.0104036
-0.00345034 -0.00412948     0.18134  0.00470652
  0.0683612  -0.0104036  0.00470652    0.302234
IMAGINARY
          0  -0.0137237 -0.00393492  0.00837533
  0.0137237           0   0.0103413  0.00703282
 0.00393492  -0.0103413           0 -0.00300492
-0.00837533 -0.00703282  0.00300492           0
EndNode2[0]<--->HoM1[0]
REAL
   0.347826   0.0157376 -0.00924722   0.0666962
  0.0157376    0.153453   0.0112855   0.0112131
-0.00924722   0.0112855    0.149616   0.0176831
  0.0666962   0.0112131   0.0176831    0.349105
IMAGINARY
          0  0.00845664  0.00788006  0.00309251
-0.00845664           0  0.00370601  -0.0163546
-0.00788006 -0.00370601           0   0.0091444
-0.00309251   0.0163546  -0.0091444           0
Repeater1[0]<--->EndNode1[0]
REAL
   0.362681 -0.00345034  -0.0135226   0.0683612
-0.00345034     0.18134 -0.00412948  0.00470652
 -0.0135226 -0.00412948    0.153745  -0.0104036
  0.0683612  0.00470652  -0.0104036    0.302234
IMAGINARY
          0 -0.00393492  -0.0137237  0.00837533
 0.00393492           0  -0.0103413 -0.00300492
  0.0137237   0.0103413           0  0.00703282
-0.00837533  0.00300492 -0.00703282           0
Repeater1[0]<--->HoM1[0]
REAL
   0.347826 -0.00924722   0.0157376   0.0666962
-0.00924722    0.149616   0.0112855   0.0176831
  0.0157376   0.0112855    0.153453   0.0112131
  0.0666962   0.0176831   0.0112131    0.349105
IMAGINARY
          0  0.00788006  0.00845664  0.00309251
-0.00788006           0 -0.00370601   0.0091444
-0.00845664  0.00370601           0  -0.0163546
-0.00309251  -0.0091444   0.0163546           0
EndNode1[0]<--->Repeater1[0]
REAL
  0.345833  0.0047574  0.0141397  0.0267414
 0.0047574      0.175 0.00160912  0.0180768
 0.0141397 0.00160912   0.141667 0.00941786
 0.0267414  0.0180768 0.00941786     0.3375
IMAGINARY
          0 -0.00640264  -0.0103473   0.0156832
 0.00640264           0 -0.00507149  -0.0121394
  0.0103473  0.00507149           0   0.0222757
 -0.0156832   0.0121394  -0.0222757           0
EndNode2[0]<--->HoM1[0]
REAL
   0.36261 0.00548553 0.00383987  0.0509791
0.00548553   0.153074 -0.0117634 -0.0111928
0.00383987 -0.0117634   0.151819 -0.0103875
 0.0509791 -0.0111928 -0.0103875   0.332497
IMAGINARY
           0  -0.00493239 -0.000979321    0.0236641
  0.00493239            0  -0.00356034  -0.00225483
 0.000979321   0.00356034            0    0.0262778
  -0.0236641   0.00225483   -0.0262778            0
Repeater1[0]<--->EndNode1[0]
REAL
  0.345833  0.0141397  0.0047574  0.0267414
 0.0141397   0.141667 0.00160912 0.00941786
 0.0047574 0.00160912      0.175  0.0180768
 0.0267414 0.00941786  0.0180768     0.3375
IMAGINARY
          0  -0.0103473 -0.00640264   0.0156832
  0.0103473           0  0.00507149   0.0222757
 0.00640264 -0.00507149           0  -0.0121394
 -0.0156832  -0.0222757   0.0121394           0
Repeater1[0]<--->HoM1[0]
REAL
   0.36261 0.00383987 0.00548553  0.0509791
0.00383987   0.151819 -0.0117634 -0.0103875
0.00548553 -0.0117634   0.153074 -0.0111928
 0.0509791 -0.0103875 -0.0111928   0.332497
IMAGINARY
           0 -0.000979321  -0.00493239    0.0236641
 0.000979321            0   0.00356034    0.0262778
  0.00493239  -0.00356034            0  -0.00225483
  -0.0236641   -0.0262778   0.00225483            0
EndNode1[0]<--->Repeater1[0]
REAL
   0.371681 -0.00494551    0.001822   0.0434649
-0.00494551    0.150442 -0.00920092   0.0146755
   0.001822 -0.00920092    0.144121  0.00240744
  0.0434649   0.0146755  0.00240744    0.333755
IMAGINARY
           0  0.000927509 -0.000354499  -0.00786743
-0.000927509            0  -0.00257643  -0.00939843
 0.000354499   0.00257643            0    0.0114262
  0.00786743   0.00939843   -0.0114262            0
EndNode2[0]<--->HoM1[0]
REAL
   0.320261 -0.00649852 -0.00571234   0.0522839
-0.00649852    0.171242 -0.00439117  -0.0102519
-0.00571234 -0.00439117    0.141176    -0.01202
  0.0522839  -0.0102519    -0.01202     0.36732
IMAGINARY
          0  -0.0208526  0.00127508  -0.0121292
  0.0208526           0   0.0181372   0.0226544
-0.00127508  -0.0181372           0  -0.0156713
  0.0121292  -0.0226544   0.0156713           0
Repeater1[0]<--->EndNode1[0]
REAL
   0.371681    0.001822 -0.00494551   0.0434649
   0.001822    0.144121 -0.00920092  0.00240744
-0.00494551 -0.00920092    0.150442   0.0146755
  0.0434649  0.00240744   0.0146755    0.333755
IMAGINARY
           0 -0.000354499  0.000927509  -0.00786743
 0.000354499            0   0.00257643    0.0114262
-0.000927509  -0.00257643            0  -0.00939843
  0.00786743   -0.0114262   0.00939843            0
Repeater1[0]<--->HoM1[0]
REAL
   0.320261 -0.00571234 -0.00649852   0.0522839
-0.00571234    0.141176 -0.00439117    -0.01202
-0.00649852 -0.00439117    0.171242  -0.0102519
  0.0522839    -0.01202  -0.0102519     0.36732
IMAGINARY
          0  0.00127508  -0.0208526  -0.0121292
-0.00127508           0  -0.0181372  -0.0156713
  0.0208526   0.0181372           0   0.0226544
  0.0121292   0.0156713  -0.0226544           0
EndNode1[0]<--->Repeater1[0]
REAL
    0.34375   0.0169985 -0.00764765   0.0505228
  0.0169985      0.1475  -0.0113583   0.0037312
-0.00764765  -0.0113583      0.1725 -0.00655465
  0.0505228   0.0037312 -0.00655465     0.33625
IMAGINARY
          0 -0.00929788 -0.00270978   0.0253215
 0.00929788           0  -0.0132442 -0.00719121
 0.00270978   0.0132442           0 -0.00802885
 -0.0253215  0.00719121  0.00802885           0
EndNode2[0]<--->HoM1[0]
REAL
   0.342308   0.0115254 -0.00946663   0.0505528
  0.0115254    0.139744   0.0180007   0.0126113
-0.00946663   0.0180007    0.166667 -0.00963861
  0.0505528   0.0126113 -0.00963861    0.351282
IMAGINARY
          0   0.0035246 -0.00553513 -0.00791811
 -0.0035246           0   0.0145687 -0.00488154
 0.00553513  -0.0145687           0 -0.00222252
 0.00791811  0.00488154  0.00222252           0
Repeater1[0]<--->EndNode1[0]
REAL
    0.34375 -0.00764765   0.0169985   0.0505228
-0.00764765      0.1725  -0.0113583 -0.00655465
  0.0169985  -0.0113583      0.1475   0.0037312
  0.0505228 -0.00655465   0.0037312     0.33625
IMAGINARY
          0 -0.00270978 -0.00929788   0.0253215
 0.00270978           0   0.0132442 -0.00802885
 0.00929788  -0.0132442           0 -0.00719121
 -0.0253215  0.00802885  0.00719121           0
Repeater1[0]<--->HoM1[0]
REAL
   0.342308 -0.00946663   0.0115254   0.0505528
-0.00946663    0.166667   0.0180007 -0.00963861
  0.0115254   0.0180007    0.139744   0.0126113
  0.0505528 -0.00963861   0.0126113    0.351282
IMAGINARY
          0 -0.00553513   0.0035246 -0.00791811
 0.00553513           0  -0.0145687 -0.00222252
 -0.0035246   0.0145687           0 -0.00488154
 0.00791811  0.00222252  0.00488154           0
EndNode1[0]<--->Repeater1[0]
REAL
    0.344043   -0.0224801   0.00481812    0.0421487
  -0.0224801     0.161981   -0.0219874 -0.000785863
  0.00481812   -0.0219874     0.155288    0.0144156
   0.0421487 -0.000785863    0.0144156     0.338688
IMAGINARY
           0     0.016172  -0.00458115 -0.000215468
   -0.016172            0   0.00341649  -0.00458115
  0.00458115  -0.00341649            0   -0.0214076
 0.000215468   0.00458115    0.0214076            0
EndNode2[0]<--->HoM1[0]
REAL
   0.353093 -0.00324012  0.00362492   0.0680511
-0.00324012    0.167526  -0.0133739   0.0062565
 0.00362492  -0.0133739    0.126289  0.00258136
  0.0680511   0.0062565  0.00258136    0.353093
IMAGINARY
          0  0.00793581 -0.00431249  0.00898079
-0.00793581           0  -0.0176015  0.00685702
 0.00431249   0.0176015           0   0.0162372
-0.00898079 -0.00685702  -0.0162372           0
Repeater1[0]<--->EndNode1[0]
REAL
    0.344043   0.00481812   -0.0224801    0.0421487
  0.00481812     0.155288   -0.0219874    0.0144156
  -0.0224801   -0.0219874     0.161981 -0.000785863
   0.0421487    0.0144156 -0.000785863     0.338688
IMAGINARY
           0  -0.00458115     0.016172 -0.000215468
  0.00458115            0  -0.00341649   -0.0214076
   -0.016172   0.00341649            0  -0.00458115
 0.000215468    0.0214076   0.00458115            0
Repeater1[0]<--->HoM1[0]
REAL
   0.353093  0.00362492 -0.00324012   0.0680511
 0.00362492    0.126289  -0.0133739  0.00258136
-0.00324012  -0.0133739    0.167526   0.0062565
  0.0680511  0.00258136   0.0062565    0.353093
IMAGINARY
          0 -0.00431249  0.00793581  0.00898079
 0.00431249           0   0.0176015   0.0162372
-0.00793581  -0.0176015           0  0.00685702
-0.00898079  -0.0162372 -0.00685702           0
EndNode1[0]<--->Repeater1[0]
REAL
   0.382865  0.00620792   0.0122995   0.0549335
 0.00620792    0.148594 -0.00329947  0.00404033
  0.0122995 -0.00329947     0.14324 -0.00947589
  0.0549335  0.00404033 -0.00947589    0.325301
IMAGINARY
          0   0.0254092  -0.0234243  -0.0182372
 -0.0254092           0  0.00701529   0.0147228
  0.0234243 -0.00701529           0   0.0127434
  0.0182372  -0.0147228  -0.0127434           0
EndNode2[0]<--->HoM1[0]
REAL
    0.33967   0.0216096  0.00010307   0.0595138
  0.0216096    0.144487 -0.00964166   -0.023121
 0.00010307 -0.00964166    0.149556 -0.00370682
  0.0595138   -0.023121 -0.00370682    0.366286
IMAGINARY
          0  0.00023407 -0.00882133  -0.0322316
-0.00023407           0   0.0127348   0.0118813
 0.00882133  -0.0127348           0 -0.00574203
  0.0322316  -0.0118813  0.00574203           0
Repeater1[0]<--->EndNode1[0]
REAL
   0.382865   0.0122995  0.00620792   0.0549335
  0.0122995     0.14324 -0.00329947 -0.00947589
 0.00620792 -0.00329947    0.148594  0.00404033
  0.0549335 -0.00947589  0.00404033    0.325301
IMAGINARY
          0  -0.0234243   0.0254092  -0.0182372
  0.0234243           0 -0.00701529   0.0127434
 -0.0254092  0.00701529           0   0.0147228
  0.0182372  -0.0127434  -0.0147228           0
Repeater1[0]<--->HoM1[0]
REAL
    0.33967  0.00010307   0.0216096   0.0595138
 0.00010307    0.149556 -0.00964166 -0.00370682
  0.0216096 -0.00964166    0.144487   -0.023121
  0.0595138 -0.00370682   -0.023121    0.366286
IMAGINARY
          0 -0.00882133  0.00023407  -0.0322316
 0.00882133           0  -0.0127348 -0.00574203
-0.00023407   0.0127348           0   0.0118813
  0.0322316  0.00574203  -0.0118813           0
EndNode1[0]<--->Repeater1[0]
REAL
      0.375  -0.0117088  0.00911496   0.0359249
 -0.0117088    0.142677 -0.00215865  0.00646946
 0.00911496 -0.00215865    0.157828 -0.00777176
  0.0359249  0.00646946 -0.00777176    0.324495
IMAGINARY
           0  -0.00275398 -0.000894723  -0.00501958
  0.00275398            0    -0.012266  -0.00156228
 0.000894723     0.012266            0   0.00275398
  0.00501958   0.00156228  -0.00275398            0
EndNode2[0]<--->HoM1[0]
REAL
 0.366755 0.0178756 0.0133258 0.0568971
0.0178756  0.167546 0.0100221 0.0182398
0.0133258 0.0100221   0.14248 0.0200032
0.0568971 0.0182398 0.0200032  0.323219
IMAGINARY
           0 -0.000863627    0.0107478  -0.00759804
 0.000863627            0   -0.0126106    0.0218043
  -0.0107478    0.0126106            0   -0.0212718
  0.00759804   -0.0218043    0.0212718            0
Repeater1[0]<--->EndNode1[0]
REAL
      0.375  0.00911496  -0.0117088   0.0359249
 0.00911496    0.157828 -0.00215865 -0.00777176
 -0.0117088 -0.00215865    0.142677  0.00646946
  0.0359249 -0.00777176  0.00646946    0.324495
IMAGINARY
           0 -0.000894723  -0.00275398  -0.00501958
 0.000894723            0     0.012266   0.00275398
  0.00275398    -0.012266            0  -0.00156228
  0.00501958  -0.00275398   0.00156228            0
Repeater1[0]<--->HoM1[0]
REAL
 0.366755 0.0133258 0.0178756 0.0568971
0.0133258   0.14248 0.0100221 0.0200032
0.0178756 0.0100221  0.167546 0.0182398
0.0568971 0.0200032 0.0182398  0.323219
IMAGINARY
           0    0.0107478 -0.000863627  -0.00759804
  -0.0107478            0    0.0126106   -0.0212718
 0.000863627   -0.0126106            0    0.0218043
  0.00759804    0.0212718   -0.0218043            0
EndNode1[0]<--->Repeater1[0]
REAL
   0.375474 -0.00636132  -0.0240293   0.0375318
-0.00636132    0.147914  0.00318066   0.0151235
 -0.0240293  0.00318066    0.116308 -0.00127226
  0.0375318   0.0151235 -0.00127226    0.360303
IMAGINARY
          0   0.0165362  0.00216955  -0.0059234
 -0.0165362           0  -0.0157018  -0.0136199
-0.00216955   0.0157018           0    0.017815
  0.0059234   0.0136199   -0.017815           0
EndNode2[0]<--->HoM1[0]
REAL
   0.355414  -0.0195732  -0.0173655   0.0635033
 -0.0195732    0.151592   -0.010804  -0.0121975
 -0.0173655   -0.010804    0.165605 -0.00484844
  0.0635033  -0.0121975 -0.00484844    0.327389
IMAGINARY
          0  0.00346625  0.00173275  0.00592105
-0.00346625           0  0.00592105  -0.0130678
-0.00173275 -0.00592105           0  0.00786876
-0.00592105   0.0130678 -0.00786876           0
Repeater1[0]<--->EndNode1[0]
REAL
   0.375474  -0.0240293 -0.00636132   0.0375318
 -0.0240293    0.116308  0.00318066 -0.00127226
-0.00636132  0.00318066    0.147914   0.0151235
  0.0375318 -0.00127226   0.0151235    0.360303
IMAGINARY
          0  0.00216955   0.0165362  -0.0059234
-0.00216955           0   0.0157018    0.017815
 -0.0165362  -0.0157018           0  -0.0136199
  0.0059234   -0.017815   0.0136199           0
Repeater1[0]<--->HoM1[0]
REAL
   0.355414  -0.0173655  -0.0195732   0.0635033
 -0.0173655    0.165605   -0.010804 -0.00484844
 -0.0195732   -0.010804    0.151592  -0.0121975
  0.0635033 -0.00484844  -0.0121975    0.327389
IMAGINARY
          0  0.00173275  0.00346625  0.00592105
-0.00173275           0 -0.00592105  0.00786876
-0.00346625  0.00592105           0  -0.0130678
-0.00592105 -0.00786876   0.0130678           0
EndNode1[0]<--->Repeater1[0]
REAL
   0.393112 -0.00260744   0.0011133   0.0318422
-0.00260744    0.133017   0.0291967  -0.0115029
  0.0011133   0.0291967    0.135392 -0.00518476
  0.0318422  -0.0115029 -0.00518476     0.33848
IMAGINARY
         0  0.0209772  0.0134571  0.0046765
-0.0209772          0  -0.013985 -0.0161026
-0.0134571   0.013985          0 -0.0130407
-0.0046765  0.0161026  0.0130407          0
EndNode2[0]<--->HoM1[0]
REAL
  0.350318 0.00707938 0.00298567  0.0564595
0.00707938   0.136306 0.00265376  -0.017764
0.00298567 0.00265376   0.143949   0.010162
 0.0564595  -0.017764   0.010162   0.369427
IMAGINARY
          0   0.0139646  -0.0109063   0.0172916
 -0.0139646           0  -0.0235889  0.00171996
  0.0109063   0.0235889           0 -0.00740292
 -0.0172916 -0.00171996  0.00740292           0
Repeater1[0]<--->EndNode1[0]
REAL
   0.393112   0.0011133 -0.00260744   0.0318422
  0.0011133    0.135392   0.0291967 -0.00518476
-0.00260744   0.0291967    0.133017  -0.0115029
  0.0318422 -0.00518476  -0.0115029     0.33848
IMAGINARY
         0  0.0134571  0.0209772  0.0046765
-0.0134571          0   0.013985 -0.0130407
-0.0209772  -0.013985          0 -0.0161026
-0.0046765  0.0130407  0.0161026          0
Repeater1[0]<--->HoM1[0]
REAL
  0.350318 0.00298567 0.00707938  0.0564595
0.00298567   0.143949 0.00265376   0.010162
0.00707938 0.00265376   0.136306  -0.017764
 0.0564595   0.010162  -0.017764   0.369427
IMAGINARY
          0  -0.0109063   0.0139646   0.0172916
  0.0109063           0   0.0235889 -0.00740292
 -0.0139646  -0.0235889           0  0.00171996
 -0.0172916  0.00740292 -0.00171996           0
EndNode1[0]<--->Repeater1[0]
REAL
   0.327806  -0.0252925  -0.0110561   0.0478407
 -0.0252925     0.15051  0.00957868 -0.00249224
 -0.0110561  0.00957868    0.173469 0.000131219
  0.0478407 -0.00249224 0.000131219    0.348214
IMAGINARY
          0  -0.0149681   0.0071107   0.0113043
  0.0149681           0 -0.00428007   0.0129931
 -0.0071107  0.00428007           0  0.00524049
 -0.0113043  -0.0129931 -0.00524049           0
EndNode2[0]<--->HoM1[0]
REAL
   0.325974   0.0234784   0.0153014   0.0634981
  0.0234784    0.161039 -0.00704647  -0.0139573
  0.0153014 -0.00704647    0.145455   0.0074356
  0.0634981  -0.0139573   0.0074356    0.367532
IMAGINARY
          0   0.0104759  0.00403957  -0.0181424
 -0.0104759           0  -0.0162556  -0.0052772
-0.00403957   0.0162556           0  -0.0129511
  0.0181424   0.0052772   0.0129511           0
Repeater1[0]<--->EndNode1[0]
REAL
   0.327806  -0.0110561  -0.0252925   0.0478407
 -0.0110561    0.173469  0.00957868 0.000131219
 -0.0252925  0.00957868     0.15051 -0.00249224
  0.0478407 0.000131219 -0.00249224    0.348214
IMAGINARY
          0   0.0071107  -0.0149681   0.0113043
 -0.0071107           0  0.00428007  0.00524049
  0.0149681 -0.00428007           0   0.0129931
 -0.0113043 -0.00524049  -0.0129931           0
Repeater1[0]<--->HoM1[0]
REAL
   0.325974   0.0153014   0.0234784   0.0634981
  0.0153014    0.145455 -0.00704647   0.0074356
  0.0234784 -0.00704647    0.161039  -0.0139573
  0.0634981   0.0074356  -0.0139573    0.367532
IMAGINARY
          0  0.00403957   0.0104759  -0.0181424
-0.00403957           0   0.0162556  -0.0129511
 -0.0104759  -0.0162556           0  -0.0052772
  0.0181424   0.0129511   0.0052772           0
EndNode1[0]<--->Repeater1[0]
REAL
  0.353884 0.00543036  0.0120052  0.0504335
0.00543036   0.175092 -0.0079747 0.00890733
 0.0120052 -0.0079747   0.151665 0.00407534
 0.0504335 0.00890733 0.00407534   0.319359
IMAGINARY
          0 -0.00478547  0.00472495  -0.0178265
 0.00478547           0  -0.0014537   0.0113213
-0.00472495   0.0014537           0 -0.00612595
  0.0178265  -0.0113213  0.00612595           0
EndNode2[0]<--->HoM1[0]
REAL
   0.338603 -0.00575295 -0.00487803   0.0443748
-0.00575295    0.152833  -0.0177168   0.0120302
-0.00487803  -0.0177168    0.123847  -0.0105019
  0.0443748   0.0120302  -0.0105019    0.384717
IMAGINARY
          0  -0.0165752   0.0116392  0.00515368
  0.0165752           0   0.0138819 -0.00706404
 -0.0116392  -0.0138819           0  -0.0259085
-0.00515368  0.00706404   0.0259085           0
Repeater1[0]<--->EndNode1[0]
REAL
  0.353884  0.0120052 0.00543036  0.0504335
 0.0120052   0.151665 -0.0079747 0.00407534
0.00543036 -0.0079747   0.175092 0.00890733
 0.0504335 0.00407534 0.00890733   0.319359
IMAGINARY
          0  0.00472495 -0.00478547  -0.0178265
-0.00472495           0   0.0014537 -0.00612595
 0.00478547  -0.0014537           0   0.0113213
  0.0178265  0.00612595  -0.0113213           0
Repeater1[0]<--->HoM1[0]
REAL
   0.338603 -0.00487803 -0.00575295   0.0443748
-0.00487803    0.123847  -0.0177168  -0.0105019
-0.00575295  -0.0177168    0.152833   0.0120302
  0.0443748  -0.0105019   0.0120302    0.384717
IMAGINARY
          0   0.0116392  -0.0165752  0.00515368
 -0.0116392           0  -0.0138819  -0.0259085
  0.0165752   0.0138819           0 -0.00706404
-0.00515368   0.0259085  0.00706404           0
EndNode1[0]<--->Repeater1[0]
REAL
   0.337333 -0.00758703  -0.0277193   0.0698113
-0.00758703    0.189333   0.0112871  0.00281507
 -0.0277193   0.0112871    0.137333  -0.0224257
  0.0698113  0.00281507  -0.0224257       0.336
IMAGINARY
           0  0.000984652   0.00425098  -0.00195826
-0.000984652            0  -0.00870673     0.014833
 -0.00425098   0.00870673            0    0.0142825
  0.00195826    -0.014833   -0.0142825            0
EndNode2[0]<--->HoM1[0]
REAL
   0.358209   0.0104201  0.00351376   0.0413727
  0.0104201    0.141791  -0.0106821  0.00799519
 0.00351376  -0.0106821     0.15796 -0.00018995
  0.0413727  0.00799519 -0.00018995     0.34204
IMAGINARY
          0 -0.00941457   0.0120646  0.00606641
 0.00941457           0 -0.00606641   0.0153326
 -0.0120646  0.00606641           0  0.00256525
-0.00606641  -0.0153326 -0.00256525           0
Repeater1[0]<--->EndNode1[0]
REAL
   0.337333  -0.0277193 -0.00758703   0.0698113
 -0.0277193    0.137333   0.0112871  -0.0224257
-0.00758703   0.0112871    0.189333  0.00281507
  0.0698113  -0.0224257  0.00281507       0.336
IMAGINARY
           0   0.00425098  0.000984652  -0.00195826
 -0.00425098            0   0.00870673    0.0142825
-0.000984652  -0.00870673            0     0.014833
  0.00195826   -0.0142825    -0.014833            0
Repeater1[0]<--->HoM1[0]
REAL
   0.358209  0.00351376   0.0104201   0.0413727
 0.00351376     0.15796  -0.0106821 -0.00018995
  0.0104201  -0.0106821    0.141791  0.00799519
  0.0413727 -0.00018995  0.00799519     0.34204
IMAGINARY
          0   0.0120646 -0.00941457  0.00606641
 -0.0120646           0  0.00606641  0.00256525
 0.00941457 -0.00606641           0   0.0153326
-0.00606641 -0.00256525  -0.0153326           0
EndNode1[0]<--->Repeater1[0]
REAL
   0.373434 -0.00558832 -0.00322687   0.0455985
-0.00558832    0.157895 -0.00318202   0.0122243
-0.00322687 -0.00318202    0.154135  0.00944436
  0.0455985   0.0122243  0.00944436    0.314536
IMAGINARY
           0  -0.00794758    0.0150283  -0.00679305
  0.00794758            0  -0.00741883 -0.000123183
  -0.0150283   0.00741883            0   -0.0110226
  0.00679305  0.000123183    0.0110226            0
EndNode2[0]<--->HoM1[0]
REAL
   0.343949 -0.00338549   0.0127989   0.0566875
-0.00338549    0.168153   0.0134305   0.0114475
  0.0127989   0.0134305    0.126115   0.0276319
  0.0566875   0.0114475   0.0276319    0.361783
IMAGINARY
          0  0.00956161  0.00931216   -0.011421
-0.00956161           0  0.00290196   0.0148609
-0.00931216 -0.00290196           0  0.00570557
   0.011421  -0.0148609 -0.00570557           0
Repeater1[0]<--->EndNode1[0]
REAL
   0.373434 -0.00322687 -0.00558832   0.0455985
-0.00322687    0.154135 -0.00318202  0.00944436
-0.00558832 -0.00318202    0.157895   0.0122243
  0.0455985  0.00944436   0.0122243    0.314536
IMAGINARY
           0    0.0150283  -0.00794758  -0.00679305
  -0.0150283            0   0.00741883   -0.0110226
  0.00794758  -0.00741883            0 -0.000123183
  0.00679305    0.0110226  0.000123183            0
Repeater1[0]<--->HoM1[0]
REAL
   0.343949   0.0127989 -0.00338549   0.0566875
  0.0127989    0.126115   0.0134305   0.0276319
-0.00338549   0.0134305    0.168153   0.0114475
  0.0566875   0.0276319   0.0114475    0.361783
IMAGINARY
          0  0.00931216  0.00956161   -0.011421
-0.00931216           0 -0.00290196  0.00570557
-0.00956161  0.00290196           0   0.0148609
   0.011421 -0.00570557  -0.0148609           0
EndNode1[0]<--->Repeater1[0]
REAL
   0.363874  -0.0167411  0.00851929   0.0395452
 -0.0167411    0.172775 -0.00176183  0.00785351
 0.00851929 -0.00176183     0.15445  0.00414664
  0.0395452  0.00785351  0.00414664    0.308901
IMAGINARY
           0  0.000607122  0.000255693  -0.00703592
-0.000607122            0   -0.0217984    0.0077591
-0.000255693    0.0217984            0   0.00124245
  0.00703592   -0.0077591  -0.00124245            0
EndNode2[0]<--->HoM1[0]
REAL
    0.335038  -0.00635333   0.00877474    0.0469026
 -0.00635333      0.14578   -0.0150148   -0.0113258
  0.00877474   -0.0150148     0.172634 -2.42185e-05
   0.0469026   -0.0113258 -2.42185e-05     0.346547
IMAGINARY
           0 -0.000423753   0.00758758    0.0113421
 0.000423753            0  -0.00122068   -0.0268952
 -0.00758758   0.00122068            0  -0.00290514
  -0.0113421    0.0268952   0.00290514            0
Repeater1[0]<--->EndNode1[0]
REAL
   0.363874  0.00851929  -0.0167411   0.0395452
 0.00851929     0.15445 -0.00176183  0.00414664
 -0.0167411 -0.00176183    0.172775  0.00785351
  0.0395452  0.00414664  0.00785351    0.308901
IMAGINARY
           0  0.000255693  0.000607122  -0.00703592
-0.000255693            0    0.0217984   0.00124245
-0.000607122   -0.0217984            0    0.0077591
  0.00703592  -0.00124245   -0.0077591            0
Repeater1[0]<--->HoM1[0]
REAL
    0.335038   0.00877474  -0.00635333    0.0469026
  0.00877474     0.172634   -0.0150148 -2.42185e-05
 -0.00635333   -0.0150148      0.14578   -0.0113258
   0.0469026 -2.42185e-05   -0.0113258     0.346547
IMAGINARY
           0   0.00758758 -0.000423753    0.0113421
 -0.00758758            0   0.00122068  -0.00290514
 0.000423753  -0.00122068            0   -0.0268952
  -0.0113421   0.00290514    0.0268952            0
EndNode1[0]<--->Repeater1[0]
REAL
   0.326608 -0.00861469  -0.0147128    0.032216
-0.00861469    0.161412  0.00775944 -0.00189233
 -0.0147128  0.00775944    0.162673 -0.00799047
   0.032216 -0.00189233 -0.00799047    0.349306
IMAGINARY
           0  -0.00422405  8.31854e-05  -0.00708997
  0.00422405            0   0.00383899   0.00263421
-8.31854e-05  -0.00383899            0    0.0123762
  0.00708997  -0.00263421   -0.0123762            0
EndNode2[0]<--->HoM1[0]
REAL
   0.342074 -0.00555545  -0.0153906     0.07475
-0.00555545    0.152563  0.00571771   0.0339601
