EndNode1[0]<--->Repeater1[0]
REAL
   0.367785 -0.00278014  -0.0098446 -0.00855096
-0.00278014         0.2   0.0269754  0.00920928
 -0.0098446   0.0269754    0.256376  0.00849806
-0.00855096  0.00920928  0.00849806    0.175839
IMAGINARY
          0  0.00666633  -0.0308246 -0.00408478
-0.00666633           0   0.0194222  0.00582461
  0.0308246  -0.0194222           0 -0.00929791
 0.00408478 -0.00582461  0.00929791           0
EndNode2[0]<--->HoM1[0]
REAL
  0.344059 -0.0129552 -0.0153716  0.0442148
-0.0129552   0.233911  0.0261736 0.00930368
-0.0153716  0.0261736   0.215347  -0.022239
 0.0442148 0.00930368  -0.022239   0.206683
IMAGINARY
          0 -0.00191964  0.00560567  0.00723081
 0.00191964           0   0.0211197 -0.00689433
-0.00560567  -0.0211197           0 -0.00710098
-0.00723081  0.00689433  0.00710098           0
Repeater1[0]<--->EndNode1[0]
REAL
   0.367785  -0.0098446 -0.00278014 -0.00855096
 -0.0098446    0.256376   0.0269754  0.00849806
-0.00278014   0.0269754         0.2  0.00920928
-0.00855096  0.00849806  0.00920928    0.175839
IMAGINARY
          0  -0.0308246  0.00666633 -0.00408478
  0.0308246           0  -0.0194222 -0.00929791
-0.00666633   0.0194222           0  0.00582461
 0.00408478  0.00929791 -0.00582461           0
Repeater1[0]<--->HoM1[0]
REAL
  0.344059 -0.0153716 -0.0129552  0.0442148
-0.0153716   0.215347  0.0261736  -0.022239
-0.0129552  0.0261736   0.233911 0.00930368
 0.0442148  -0.022239 0.00930368   0.206683
IMAGINARY
          0  0.00560567 -0.00191964  0.00723081
-0.00560567           0  -0.0211197 -0.00710098
 0.00191964   0.0211197           0 -0.00689433
-0.00723081  0.00710098  0.00689433           0
EndNode1[0]<--->Repeater1[0]
REAL
   0.361149   0.0010564   0.0203367   0.0107666
  0.0010564    0.209302   0.0273229   0.0177528
  0.0203367   0.0273229    0.264022 -0.00166099
  0.0107666   0.0177528 -0.00166099    0.165527
IMAGINARY
           0   -0.0191141    0.0146263  -0.00254397
   0.0191141            0     0.015044 -0.000718992
  -0.0146263    -0.015044            0   -0.0159852
  0.00254397  0.000718992    0.0159852            0
EndNode2[0]<--->HoM1[0]
REAL
    0.317105   0.00532239 -0.000572921    0.0148654
  0.00532239     0.236842     0.033479   0.00785769
-0.000572921     0.033479     0.231579   0.00593589
   0.0148654   0.00785769   0.00593589     0.214474
IMAGINARY
          0 -0.00790594  -0.0121472  0.00969548
 0.00790594           0   0.0159769  0.00251947
  0.0121472  -0.0159769           0  -0.0158425
-0.00969548 -0.00251947   0.0158425           0
Repeater1[0]<--->EndNode1[0]
REAL
   0.361149   0.0203367   0.0010564   0.0107666
  0.0203367    0.264022   0.0273229 -0.00166099
  0.0010564   0.0273229    0.209302   0.0177528
  0.0107666 -0.00166099   0.0177528    0.165527
IMAGINARY
           0    0.0146263   -0.0191141  -0.00254397
  -0.0146263            0    -0.015044   -0.0159852
   0.0191141     0.015044            0 -0.000718992
  0.00254397    0.0159852  0.000718992            0
Repeater1[0]<--->HoM1[0]
REAL
    0.317105 -0.000572921   0.00532239    0.0148654
-0.000572921     0.231579     0.033479   0.00593589
  0.00532239     0.033479     0.236842   0.00785769
   0.0148654   0.00593589   0.00785769     0.214474
IMAGINARY
          0  -0.0121472 -0.00790594  0.00969548
  0.0121472           0  -0.0159769  -0.0158425
 0.00790594   0.0159769           0  0.00251947
-0.00969548   0.0158425 -0.00251947           0
EndNode1[0]<--->Repeater1[0]
REAL
  0.351634 -0.0127459 0.00886874  -0.012508
-0.0127459   0.247059  0.0149351 0.00690796
0.00886874  0.0149351   0.266667 -0.0224483
 -0.012508 0.00690796 -0.0224483   0.134641
IMAGINARY
          0 -0.00115743   0.0005173   0.0188383
 0.00115743           0   0.0232409   0.0148776
 -0.0005173  -0.0232409           0   0.0259232
 -0.0188383  -0.0148776  -0.0259232           0
EndNode2[0]<--->HoM1[0]
REAL
  0.343958 0.00465224  0.0010213   0.021221
0.00465224   0.217795 -0.0166578  0.0061495
 0.0010213 -0.0166578   0.224436  0.0103412
  0.021221  0.0061495  0.0103412   0.213811
IMAGINARY
          0 -0.00532376   0.0204062  0.00657677
 0.00532376           0  0.00836888   0.0086342
 -0.0204062 -0.00836888           0   0.0116369
-0.00657677  -0.0086342  -0.0116369           0
Repeater1[0]<--->EndNode1[0]
REAL
  0.351634 0.00886874 -0.0127459  -0.012508
0.00886874   0.266667  0.0149351 -0.0224483
-0.0127459  0.0149351   0.247059 0.00690796
 -0.012508 -0.0224483 0.00690796   0.134641
IMAGINARY
          0   0.0005173 -0.00115743   0.0188383
 -0.0005173           0  -0.0232409   0.0259232
 0.00115743   0.0232409           0   0.0148776
 -0.0188383  -0.0259232  -0.0148776           0
Repeater1[0]<--->HoM1[0]
REAL
  0.343958  0.0010213 0.00465224   0.021221
 0.0010213   0.224436 -0.0166578  0.0103412
0.00465224 -0.0166578   0.217795  0.0061495
  0.021221  0.0103412  0.0061495   0.213811
IMAGINARY
          0   0.0204062 -0.00532376  0.00657677
 -0.0204062           0 -0.00836888   0.0116369
 0.00532376  0.00836888           0   0.0086342
-0.00657677  -0.0116369  -0.0086342           0
EndNode1[0]<--->Repeater1[0]
REAL
      0.364  -0.0158443 -0.00626851    0.028086
 -0.0158443    0.250667   0.0192028   0.0169873
-0.00626851   0.0192028        0.24   0.0126917
   0.028086   0.0169873   0.0126917    0.145333
IMAGINARY
          0    0.016517 -0.00719451 -0.00169953
  -0.016517           0 -0.00360551  0.00973258
 0.00719451  0.00360551           0   0.0126708
 0.00169953 -0.00973258  -0.0126708           0
EndNode2[0]<--->HoM1[0]
REAL
    0.348774   0.00839466   -0.0105013   0.00109091
  0.00839466      0.22752    0.0162424 -0.000165375
  -0.0105013    0.0162424      0.23842     0.010272
  0.00109091 -0.000165375     0.010272     0.185286
IMAGINARY
          0  -0.0046845   0.0104084   0.0188429
  0.0046845           0 -0.00436918 -0.00737813
 -0.0104084  0.00436918           0  0.00529056
 -0.0188429  0.00737813 -0.00529056           0
Repeater1[0]<--->EndNode1[0]
REAL
      0.364 -0.00626851  -0.0158443    0.028086
-0.00626851        0.24   0.0192028   0.0126917
 -0.0158443   0.0192028    0.250667   0.0169873
   0.028086   0.0126917   0.0169873    0.145333
IMAGINARY
          0 -0.00719451    0.016517 -0.00169953
 0.00719451           0  0.00360551   0.0126708
  -0.016517 -0.00360551           0  0.00973258
 0.00169953  -0.0126708 -0.00973258           0
Repeater1[0]<--->HoM1[0]
REAL
    0.348774   -0.0105013   0.00839466   0.00109091
  -0.0105013      0.23842    0.0162424     0.010272
  0.00839466    0.0162424      0.22752 -0.000165375
  0.00109091     0.010272 -0.000165375     0.185286
IMAGINARY
          0   0.0104084  -0.0046845   0.0188429
 -0.0104084           0  0.00436918  0.00529056
  0.0046845 -0.00436918           0 -0.00737813
 -0.0188429 -0.00529056  0.00737813           0
EndNode1[0]<--->Repeater1[0]
REAL
   0.359435 -0.00508892  -0.0113954   0.0303322
-0.00508892    0.218228   0.0160465  -0.0133822
 -0.0113954   0.0160465    0.256739 -0.00571159
  0.0303322  -0.0133822 -0.00571159    0.165597
IMAGINARY
           0     0.011399    0.0162136   0.00990332
   -0.011399            0   0.00445373  0.000669538
  -0.0162136  -0.00445373            0    0.0132763
 -0.00990332 -0.000669538   -0.0132763            0
EndNode2[0]<--->HoM1[0]
REAL
   0.336828  -0.0128476   0.0127994   0.0210625
 -0.0128476    0.245085  0.00132561 -0.00658047
  0.0127994  0.00132561    0.214941  0.00911624
  0.0210625 -0.00658047  0.00911624    0.203145
IMAGINARY
          0  9.3985e-05   0.0167466  0.00442827
-9.3985e-05           0   0.0024726  0.00167448
 -0.0167466  -0.0024726           0  0.00385338
-0.00442827 -0.00167448 -0.00385338           0
Repeater1[0]<--->EndNode1[0]
REAL
   0.359435  -0.0113954 -0.00508892   0.0303322
 -0.0113954    0.256739   0.0160465 -0.00571159
-0.00508892   0.0160465    0.218228  -0.0133822
  0.0303322 -0.00571159  -0.0133822    0.165597
IMAGINARY
           0    0.0162136     0.011399   0.00990332
  -0.0162136            0  -0.00445373    0.0132763
   -0.011399   0.00445373            0  0.000669538
 -0.00990332   -0.0132763 -0.000669538            0
Repeater1[0]<--->HoM1[0]
REAL
   0.336828   0.0127994  -0.0128476   0.0210625
  0.0127994    0.214941  0.00132561  0.00911624
 -0.0128476  0.00132561    0.245085 -0.00658047
  0.0210625  0.00911624 -0.00658047    0.203145
IMAGINARY
          0   0.0167466  9.3985e-05  0.00442827
 -0.0167466           0  -0.0024726  0.00385338
-9.3985e-05   0.0024726           0  0.00167448
-0.00442827 -0.00385338 -0.00167448           0
EndNode1[0]<--->Repeater1[0]
REAL
   0.370886 -0.00473365   0.0229415 0.000309686
-0.00473365    0.222785  0.00914807    0.011737
  0.0229415  0.00914807    0.268354   0.0028421
0.000309686    0.011737   0.0028421    0.137975
IMAGINARY
          0 -0.00172018 -0.00252051  0.00402838
 0.00172018           0  -0.0105219 -0.00126737
 0.00252051   0.0105219           0  0.00172018
-0.00402838  0.00126737 -0.00172018           0
EndNode2[0]<--->HoM1[0]
REAL
  0.296875 -0.0151068 -0.0165092  0.0151934
-0.0151068    0.27474  0.0133392 -0.0215343
-0.0165092  0.0133392   0.222656 0.00559588
 0.0151934 -0.0215343 0.00559588   0.205729
IMAGINARY
           0    0.0126123  -0.00618439    0.0102171
  -0.0126123            0 -1.30487e-05    0.0179273
  0.00618439  1.30487e-05            0    0.0139637
  -0.0102171   -0.0179273   -0.0139637            0
Repeater1[0]<--->EndNode1[0]
REAL
   0.370886   0.0229415 -0.00473365 0.000309686
  0.0229415    0.268354  0.00914807   0.0028421
-0.00473365  0.00914807    0.222785    0.011737
0.000309686   0.0028421    0.011737    0.137975
IMAGINARY
          0 -0.00252051 -0.00172018  0.00402838
 0.00252051           0   0.0105219  0.00172018
 0.00172018  -0.0105219           0 -0.00126737
-0.00402838 -0.00172018  0.00126737           0
Repeater1[0]<--->HoM1[0]
REAL
  0.296875 -0.0165092 -0.0151068  0.0151934
-0.0165092   0.222656  0.0133392 0.00559588
-0.0151068  0.0133392    0.27474 -0.0215343
 0.0151934 0.00559588 -0.0215343   0.205729
IMAGINARY
           0  -0.00618439    0.0126123    0.0102171
  0.00618439            0  1.30487e-05    0.0139637
  -0.0126123 -1.30487e-05            0    0.0179273
  -0.0102171   -0.0139637   -0.0179273            0
EndNode1[0]<--->Repeater1[0]
REAL
  0.354115 -0.0114311 0.00363846  0.0346571
-0.0114311   0.215711 0.00250069  0.0152664
0.00363846 0.00250069   0.255611   0.023817
 0.0346571  0.0152664   0.023817   0.174564
IMAGINARY
          0 -0.00417192  0.00972693  -0.0182242
 0.00417192           0  -0.0149391  -0.0116185
-0.00972693   0.0149391           0  0.00480244
  0.0182242   0.0116185 -0.00480244           0
EndNode2[0]<--->HoM1[0]
REAL
   0.328438  -0.0168666 -0.00118203   0.0371892
 -0.0168666     0.23231   0.0167954  0.00118203
-0.00118203   0.0167954    0.242991  -0.0229791
  0.0371892  0.00118203  -0.0229791    0.196262
IMAGINARY
          0 -0.00612377  -0.0255026   0.0234053
 0.00612377           0  -0.0130268  0.00792171
  0.0255026   0.0130268           0  -0.0114571
 -0.0234053 -0.00792171   0.0114571           0
Repeater1[0]<--->EndNode1[0]
REAL
  0.354115 0.00363846 -0.0114311  0.0346571
0.00363846   0.255611 0.00250069   0.023817
-0.0114311 0.00250069   0.215711  0.0152664
 0.0346571   0.023817  0.0152664   0.174564
IMAGINARY
          0  0.00972693 -0.00417192  -0.0182242
-0.00972693           0   0.0149391  0.00480244
 0.00417192  -0.0149391           0  -0.0116185
  0.0182242 -0.00480244   0.0116185           0
Repeater1[0]<--->HoM1[0]
REAL
   0.328438 -0.00118203  -0.0168666   0.0371892
-0.00118203    0.242991   0.0167954  -0.0229791
 -0.0168666   0.0167954     0.23231  0.00118203
  0.0371892  -0.0229791  0.00118203    0.196262
IMAGINARY
          0  -0.0255026 -0.00612377   0.0234053
  0.0255026           0   0.0130268  -0.0114571
 0.00612377  -0.0130268           0  0.00792171
 -0.0234053   0.0114571 -0.00792171           0
EndNode1[0]<--->Repeater1[0]
REAL
  0.366005 -0.0124738  0.0192766  0.0320451
-0.0124738   0.240695 0.00967672  0.0224452
 0.0192766 0.00967672   0.239454 0.00651354
 0.0320451  0.0224452 0.00651354   0.153846
IMAGINARY
          0 -0.00404858  0.00292667 -0.00926077
 0.00404858           0 -0.00670975   0.0010207
-0.00292667  0.00670975           0  -0.0117409
 0.00926077  -0.0010207   0.0117409           0
EndNode2[0]<--->HoM1[0]
REAL
     0.2975 -0.00481956 -0.00224377   0.0239439
-0.00481956     0.27375   0.0201367   0.0123193
-0.00224377   0.0201367       0.255   0.0199329
  0.0239439   0.0123193   0.0199329     0.17375
IMAGINARY
          0 -0.00577802   0.0258955  0.00233172
 0.00577802           0   0.0266157   0.0134446
 -0.0258955  -0.0266157           0   0.0184684
-0.00233172  -0.0134446  -0.0184684           0
Repeater1[0]<--->EndNode1[0]
REAL
  0.366005  0.0192766 -0.0124738  0.0320451
 0.0192766   0.239454 0.00967672 0.00651354
-0.0124738 0.00967672   0.240695  0.0224452
 0.0320451 0.00651354  0.0224452   0.153846
IMAGINARY
          0  0.00292667 -0.00404858 -0.00926077
-0.00292667           0  0.00670975  -0.0117409
 0.00404858 -0.00670975           0   0.0010207
 0.00926077   0.0117409  -0.0010207           0
Repeater1[0]<--->HoM1[0]
REAL
     0.2975 -0.00224377 -0.00481956   0.0239439
-0.00224377       0.255   0.0201367   0.0199329
-0.00481956   0.0201367     0.27375   0.0123193
  0.0239439   0.0199329   0.0123193     0.17375
IMAGINARY
          0   0.0258955 -0.00577802  0.00233172
 -0.0258955           0  -0.0266157   0.0184684
 0.00577802   0.0266157           0   0.0134446
-0.00233172  -0.0184684  -0.0134446           0
EndNode1[0]<--->Repeater1[0]
REAL
    0.368486 -0.000859547   -0.0144628 -0.000594177
-0.000859547     0.212159    0.0157457   -0.0144628
  -0.0144628    0.0157457     0.246898  -0.00602751
-0.000594177   -0.0144628  -0.00602751     0.172457
IMAGINARY
          0   0.0166287  0.00582802  -0.0139323
 -0.0166287           0  0.00507159 -0.00517443
-0.00582802 -0.00507159           0   0.0101687
  0.0139323  0.00517443  -0.0101687           0
EndNode2[0]<--->HoM1[0]
REAL
   0.348446  0.00683282 -0.00368084   0.0525194
 0.00683282    0.229275 -0.00258263   0.0258047
-0.00368084 -0.00258263    0.235751   0.0102342
  0.0525194   0.0258047   0.0102342    0.186528
IMAGINARY
          0 -0.00500732  -0.0141363   0.0113734
 0.00500732           0  0.00761397    -0.00151
  0.0141363 -0.00761397           0 -0.00247567
 -0.0113734     0.00151  0.00247567           0
Repeater1[0]<--->EndNode1[0]
REAL
    0.368486   -0.0144628 -0.000859547 -0.000594177
  -0.0144628     0.246898    0.0157457  -0.00602751
-0.000859547    0.0157457     0.212159   -0.0144628
-0.000594177  -0.00602751   -0.0144628     0.172457
IMAGINARY
          0  0.00582802   0.0166287  -0.0139323
-0.00582802           0 -0.00507159   0.0101687
 -0.0166287  0.00507159           0 -0.00517443
  0.0139323  -0.0101687  0.00517443           0
Repeater1[0]<--->HoM1[0]
REAL
   0.348446 -0.00368084  0.00683282   0.0525194
-0.00368084    0.235751 -0.00258263   0.0102342
 0.00683282 -0.00258263    0.229275   0.0258047
  0.0525194   0.0102342   0.0258047    0.186528
IMAGINARY
          0  -0.0141363 -0.00500732   0.0113734
  0.0141363           0 -0.00761397 -0.00247567
 0.00500732  0.00761397           0    -0.00151
 -0.0113734  0.00247567     0.00151           0
EndNode1[0]<--->Repeater1[0]
REAL
    0.365691   0.00873972    -0.005185 -0.000311159
  0.00873972     0.204787   -0.0117908    0.0172869
   -0.005185   -0.0117908     0.265957  -0.00428112
-0.000311159    0.0172869  -0.00428112     0.163564
IMAGINARY
           0    0.0160823  -0.00961468  0.000915914
  -0.0160823            0   0.00352008 -0.000589405
  0.00961468  -0.00352008            0   0.00560139
-0.000915914  0.000589405  -0.00560139            0
EndNode2[0]<--->HoM1[0]
REAL
   0.313676  0.00803299   0.0231949   0.0449781
 0.00803299    0.245922  -0.0126135  0.00124368
  0.0231949  -0.0126135    0.263488 -0.00208847
  0.0449781  0.00124368 -0.00208847    0.176913
IMAGINARY
          0 -0.00495215   0.0178715  0.00280814
 0.00495215           0  0.00214236  0.00307095
 -0.0178715 -0.00214236           0 -0.00813686
-0.00280814 -0.00307095  0.00813686           0
Repeater1[0]<--->EndNode1[0]
REAL
    0.365691    -0.005185   0.00873972 -0.000311159
   -0.005185     0.265957   -0.0117908  -0.00428112
  0.00873972   -0.0117908     0.204787    0.0172869
-0.000311159  -0.00428112    0.0172869     0.163564
IMAGINARY
           0  -0.00961468    0.0160823  0.000915914
  0.00961468            0  -0.00352008   0.00560139
  -0.0160823   0.00352008            0 -0.000589405
-0.000915914  -0.00560139  0.000589405            0
Repeater1[0]<--->HoM1[0]
REAL
   0.313676   0.0231949  0.00803299   0.0449781
  0.0231949    0.263488  -0.0126135 -0.00208847
 0.00803299  -0.0126135    0.245922  0.00124368
  0.0449781 -0.00208847  0.00124368    0.176913
IMAGINARY
          0   0.0178715 -0.00495215  0.00280814
 -0.0178715           0 -0.00214236 -0.00813686
 0.00495215  0.00214236           0  0.00307095
-0.00280814  0.00813686 -0.00307095           0
EndNode1[0]<--->Repeater1[0]
REAL
   0.363049   0.0036197 -0.00188802  0.00335759
  0.0036197    0.226098   0.0143822  0.00385911
-0.00188802   0.0143822    0.239018   0.0128061
 0.00335759  0.00385911   0.0128061    0.171835
IMAGINARY
          0   0.0155297  -0.0295223  0.00537841
 -0.0155297           0  -0.0154287 -0.00614567
  0.0295223   0.0154287           0  -0.0135842
-0.00537841  0.00614567   0.0135842           0
EndNode2[0]<--->HoM1[0]
REAL
  0.332016 -0.0153334  0.0102743  0.0402739
-0.0153334   0.243742 0.00460597  0.0232276
 0.0102743 0.00460597   0.233202  0.0033233
 0.0402739  0.0232276  0.0033233   0.191041
IMAGINARY
          0   0.0118891  -0.0116008   0.0189622
 -0.0118891           0  0.00541202 -0.00850293
  0.0116008 -0.00541202           0   0.0237789
 -0.0189622  0.00850293  -0.0237789           0
Repeater1[0]<--->EndNode1[0]
REAL
   0.363049 -0.00188802   0.0036197  0.00335759
-0.00188802    0.239018   0.0143822   0.0128061
  0.0036197   0.0143822    0.226098  0.00385911
 0.00335759   0.0128061  0.00385911    0.171835
IMAGINARY
          0  -0.0295223   0.0155297  0.00537841
  0.0295223           0   0.0154287  -0.0135842
 -0.0155297  -0.0154287           0 -0.00614567
-0.00537841   0.0135842  0.00614567           0
Repeater1[0]<--->HoM1[0]
REAL
  0.332016  0.0102743 -0.0153334  0.0402739
 0.0102743   0.233202 0.00460597  0.0033233
-0.0153334 0.00460597   0.243742  0.0232276
 0.0402739  0.0033233  0.0232276   0.191041
IMAGINARY
          0  -0.0116008   0.0118891   0.0189622
  0.0116008           0 -0.00541202   0.0237789
 -0.0118891  0.00541202           0 -0.00850293
 -0.0189622  -0.0237789  0.00850293           0
EndNode1[0]<--->Repeater1[0]
REAL
  0.355177  0.0252879  -0.013574  0.0184226
 0.0252879    0.21232 -0.0142006   0.017796
 -0.013574 -0.0142006    0.25557  0.0115034
 0.0184226   0.017796  0.0115034   0.176933
IMAGINARY
          0 -0.00592206  0.00204051   0.0196578
 0.00592206           0   0.0118858  0.00528306
-0.00204051  -0.0118858           0  -0.0160486
 -0.0196578 -0.00528306   0.0160486           0
EndNode2[0]<--->HoM1[0]
REAL
  0.314565 -0.0131886 -0.0128265  0.0178147
-0.0131886    0.24847  0.0158641 0.00116844
-0.0128265  0.0158641   0.220318 0.00671191
 0.0178147 0.00116844 0.00671191   0.216646
IMAGINARY
           0   0.00223199  -0.00713106 -0.000336967
 -0.00223199            0  -0.00162896   0.00908165
  0.00713106   0.00162896            0   0.00492016
 0.000336967  -0.00908165  -0.00492016            0
Repeater1[0]<--->EndNode1[0]
REAL
  0.355177  -0.013574  0.0252879  0.0184226
 -0.013574    0.25557 -0.0142006  0.0115034
 0.0252879 -0.0142006    0.21232   0.017796
 0.0184226  0.0115034   0.017796   0.176933
IMAGINARY
          0  0.00204051 -0.00592206   0.0196578
-0.00204051           0  -0.0118858  -0.0160486
 0.00592206   0.0118858           0  0.00528306
 -0.0196578   0.0160486 -0.00528306           0
Repeater1[0]<--->HoM1[0]
REAL
  0.314565 -0.0128265 -0.0131886  0.0178147
-0.0128265   0.220318  0.0158641 0.00671191
-0.0131886  0.0158641    0.24847 0.00116844
 0.0178147 0.00671191 0.00116844   0.216646
IMAGINARY
           0  -0.00713106   0.00223199 -0.000336967
  0.00713106            0   0.00162896   0.00492016
 -0.00223199  -0.00162896            0   0.00908165
 0.000336967  -0.00492016  -0.00908165            0
EndNode1[0]<--->Repeater1[0]
REAL
   0.361413  -0.0154163  0.00699746  0.00662055
 -0.0154163    0.206522   0.0137357  0.00699746
 0.00699746   0.0137357    0.254076 -0.00239544
 0.00662055  0.00699746 -0.00239544    0.177989
IMAGINARY
           0   -0.0164164   -0.0129506 -0.000574695
   0.0164164            0   0.00883391   -0.0122758
   0.0129506  -0.00883391            0  -0.00492905
 0.000574695    0.0122758   0.00492905            0
EndNode2[0]<--->HoM1[0]
REAL
   0.319745 -0.00193873 -0.00618495   0.0282163
-0.00193873    0.254777 -0.00104243  0.00346756
-0.00618495 -0.00104243    0.254777   0.0155257
  0.0282163  0.00346756   0.0155257    0.170701
IMAGINARY
          0   0.0175808  -0.0223351   0.0267387
 -0.0175808           0    0.010157  0.00738064
  0.0223351   -0.010157           0  0.00777684
 -0.0267387 -0.00738064 -0.00777684           0
Repeater1[0]<--->EndNode1[0]
REAL
   0.361413  0.00699746  -0.0154163  0.00662055
 0.00699746    0.254076   0.0137357 -0.00239544
 -0.0154163   0.0137357    0.206522  0.00699746
 0.00662055 -0.00239544  0.00699746    0.177989
IMAGINARY
           0   -0.0129506   -0.0164164 -0.000574695
   0.0129506            0  -0.00883391  -0.00492905
   0.0164164   0.00883391            0   -0.0122758
 0.000574695   0.00492905    0.0122758            0
Repeater1[0]<--->HoM1[0]
REAL
   0.319745 -0.00618495 -0.00193873   0.0282163
-0.00618495    0.254777 -0.00104243   0.0155257
-0.00193873 -0.00104243    0.254777  0.00346756
  0.0282163   0.0155257  0.00346756    0.170701
IMAGINARY
          0  -0.0223351   0.0175808   0.0267387
  0.0223351           0   -0.010157  0.00777684
 -0.0175808    0.010157           0  0.00738064
 -0.0267387 -0.00777684 -0.00738064           0
EndNode1[0]<--->Repeater1[0]
REAL
   0.370739 -0.00634124  -0.0140149  0.00107529
-0.00634124    0.213068  0.00235406   0.0174443
 -0.0140149  0.00235406    0.261364  -0.0176642
 0.00107529   0.0174443  -0.0176642     0.15483
IMAGINARY
          0  -0.0166562   0.0072038   0.0127144
  0.0166562           0 -0.00837738  -0.0187128
 -0.0072038  0.00837738           0    0.017935
 -0.0127144   0.0187128   -0.017935           0
EndNode2[0]<--->HoM1[0]
REAL
   0.357607  -0.0076518  -0.0178509   0.0263385
 -0.0076518     0.23277   0.0376615  0.00451754
 -0.0178509   0.0376615    0.219766 -0.00701486
  0.0263385  0.00451754 -0.00701486    0.189857
IMAGINARY
          0 -0.00995014 -0.00353632  0.00892535
 0.00995014           0   0.0139505  0.00294037
 0.00353632  -0.0139505           0 -0.00733234
-0.00892535 -0.00294037  0.00733234           0
Repeater1[0]<--->EndNode1[0]
REAL
   0.370739  -0.0140149 -0.00634124  0.00107529
 -0.0140149    0.261364  0.00235406  -0.0176642
-0.00634124  0.00235406    0.213068   0.0174443
 0.00107529  -0.0176642   0.0174443     0.15483
IMAGINARY
          0   0.0072038  -0.0166562   0.0127144
 -0.0072038           0  0.00837738    0.017935
  0.0166562 -0.00837738           0  -0.0187128
 -0.0127144   -0.017935   0.0187128           0
Repeater1[0]<--->HoM1[0]
REAL
   0.357607  -0.0178509  -0.0076518   0.0263385
 -0.0178509    0.219766   0.0376615 -0.00701486
 -0.0076518   0.0376615     0.23277  0.00451754
  0.0263385 -0.00701486  0.00451754    0.189857
IMAGINARY
          0 -0.00353632 -0.00995014  0.00892535
 0.00353632           0  -0.0139505 -0.00733234
 0.00995014   0.0139505           0  0.00294037
-0.00892535  0.00733234 -0.00294037           0
EndNode1[0]<--->Repeater1[0]
REAL
     0.36849 -7.99725e-05  -0.00195916   -0.0115294
-7.99725e-05     0.221354  -0.00468008   0.00694669
 -0.00195916  -0.00468008     0.247396  -0.00490756
  -0.0115294   0.00694669  -0.00490756      0.16276
IMAGINARY
          0  -0.0174642  -0.0129518   0.0140471
  0.0174642           0 -0.00414612   0.0123291
  0.0129518  0.00414612           0 -0.00557437
 -0.0140471  -0.0123291  0.00557437           0
EndNode2[0]<--->HoM1[0]
REAL
    0.353909   -0.0067545    0.0215006    0.0235237
  -0.0067545     0.209877    0.0133456    0.0101941
   0.0215006    0.0133456     0.231824 -0.000360637
   0.0235237    0.0101941 -0.000360637      0.20439
IMAGINARY
          0   0.0289514 -0.00160682 -0.00892655
 -0.0289514           0 -0.00630188   0.0181463
 0.00160682  0.00630188           0  -0.0136842
 0.00892655  -0.0181463   0.0136842           0
Repeater1[0]<--->EndNode1[0]
REAL
     0.36849  -0.00195916 -7.99725e-05   -0.0115294
 -0.00195916     0.247396  -0.00468008  -0.00490756
-7.99725e-05  -0.00468008     0.221354   0.00694669
  -0.0115294  -0.00490756   0.00694669      0.16276
IMAGINARY
          0  -0.0129518  -0.0174642   0.0140471
  0.0129518           0  0.00414612 -0.00557437
  0.0174642 -0.00414612           0   0.0123291
 -0.0140471  0.00557437  -0.0123291           0
Repeater1[0]<--->HoM1[0]
REAL
    0.353909    0.0215006   -0.0067545    0.0235237
   0.0215006     0.231824    0.0133456 -0.000360637
  -0.0067545    0.0133456     0.209877    0.0101941
   0.0235237 -0.000360637    0.0101941      0.20439
IMAGINARY
          0 -0.00160682   0.0289514 -0.00892655
 0.00160682           0  0.00630188  -0.0136842
 -0.0289514 -0.00630188           0   0.0181463
 0.00892655   0.0136842  -0.0181463           0
EndNode1[0]<--->Repeater1[0]
REAL
   0.384217   -0.004818 -0.00289567 -0.00879667
  -0.004818    0.230272  0.00432669  0.00864279
-0.00289567  0.00432669    0.234153  0.00417943
-0.00879667  0.00864279  0.00417943    0.151358
IMAGINARY
          0   -0.013247  0.00309871   0.0134937
   0.013247           0   0.0178415    0.011337
-0.00309871  -0.0178415           0   0.0106223
 -0.0134937   -0.011337  -0.0106223           0
EndNode2[0]<--->HoM1[0]
REAL
   0.315657  -0.0269179  -0.0312156     0.01037
 -0.0269179    0.251263   0.0185667 -0.00848832
 -0.0312156   0.0185667    0.246212  -0.0154778
    0.01037 -0.00848832  -0.0154778    0.186869
IMAGINARY
          0  0.00100731   0.0266903  -0.0375361
-0.00100731           0   0.0116741 -0.00714428
 -0.0266903  -0.0116741           0   0.0210608
  0.0375361  0.00714428  -0.0210608           0
Repeater1[0]<--->EndNode1[0]
REAL
   0.384217 -0.00289567   -0.004818 -0.00879667
-0.00289567    0.234153  0.00432669  0.00417943
  -0.004818  0.00432669    0.230272  0.00864279
-0.00879667  0.00417943  0.00864279    0.151358
IMAGINARY
          0  0.00309871   -0.013247   0.0134937
-0.00309871           0  -0.0178415   0.0106223
   0.013247   0.0178415           0    0.011337
 -0.0134937  -0.0106223   -0.011337           0
Repeater1[0]<--->HoM1[0]
REAL
   0.315657  -0.0312156  -0.0269179     0.01037
 -0.0312156    0.246212   0.0185667  -0.0154778
 -0.0269179   0.0185667    0.251263 -0.00848832
    0.01037  -0.0154778 -0.00848832    0.186869
IMAGINARY
          0   0.0266903  0.00100731  -0.0375361
 -0.0266903           0  -0.0116741   0.0210608
-0.00100731   0.0116741           0 -0.00714428
  0.0375361  -0.0210608  0.00714428           0
EndNode1[0]<--->Repeater1[0]
REAL
  0.383178  -0.017349 -0.0210221  0.0114467
 -0.017349   0.217623 0.00456312 0.00747531
-0.0210221 0.00456312   0.259012 -0.0122076
 0.0114467 0.00747531 -0.0122076   0.140187
IMAGINARY
           0  -0.00842999  -0.00693408   -0.0184285
  0.00842999            0  0.000525718  -0.00245265
  0.00693408 -0.000525718            0    0.0178167
   0.0184285   0.00245265   -0.0178167            0
EndNode2[0]<--->HoM1[0]
REAL
   0.323834     0.01714 -0.00347926 -0.00414692
    0.01714    0.253886  0.00414692 -0.00147123
-0.00347926  0.00414692    0.244819 -0.00971424
-0.00414692 -0.00147123 -0.00971424    0.177461
IMAGINARY
          0   0.0126084  -0.0164928  0.00646227
 -0.0126084           0   0.0148711  -0.0131281
  0.0164928  -0.0148711           0  -0.0315657
-0.00646227   0.0131281   0.0315657           0
Repeater1[0]<--->EndNode1[0]
REAL
  0.383178 -0.0210221  -0.017349  0.0114467
-0.0210221   0.259012 0.00456312 -0.0122076
 -0.017349 0.00456312   0.217623 0.00747531
 0.0114467 -0.0122076 0.00747531   0.140187
IMAGINARY
           0  -0.00693408  -0.00842999   -0.0184285
  0.00693408            0 -0.000525718    0.0178167
  0.00842999  0.000525718            0  -0.00245265
   0.0184285   -0.0178167   0.00245265            0
Repeater1[0]<--->HoM1[0]
REAL
   0.323834 -0.00347926     0.01714 -0.00414692
-0.00347926    0.244819  0.00414692 -0.00971424
    0.01714  0.00414692    0.253886 -0.00147123
-0.00414692 -0.00971424 -0.00147123    0.177461
IMAGINARY
          0  -0.0164928   0.0126084  0.00646227
  0.0164928           0  -0.0148711  -0.0315657
 -0.0126084   0.0148711           0  -0.0131281
-0.00646227   0.0315657   0.0131281           0
EndNode1[0]<--->Repeater1[0]
REAL
    0.340452   0.00631922   0.00525041    0.0226005
  0.00631922     0.218593   0.00703384  -0.00335886
  0.00525041   0.00703384     0.263819 -0.000644568
   0.0226005  -0.00335886 -0.000644568     0.177136
IMAGINARY
           0 -0.000334682   0.00646128   -0.0158791
 0.000334682            0   -0.0127105  -0.00210262
 -0.00646128    0.0127105            0    0.0121653
   0.0158791   0.00210262   -0.0121653            0
EndNode2[0]<--->HoM1[0]
REAL
   0.338308   0.0101696    0.022561   0.0249269
  0.0101696    0.221393 -0.00179066   0.0159994
   0.022561 -0.00179066    0.220149 -0.00888426
  0.0249269   0.0159994 -0.00888426    0.220149
IMAGINARY
           0   0.00186261    -0.011853   -0.0130146
 -0.00186261            0  0.000819435   0.00676398
    0.011853 -0.000819435            0      0.01086
   0.0130146  -0.00676398     -0.01086            0
Repeater1[0]<--->EndNode1[0]
REAL
    0.340452   0.00525041   0.00631922    0.0226005
  0.00525041     0.263819   0.00703384 -0.000644568
  0.00631922   0.00703384     0.218593  -0.00335886
   0.0226005 -0.000644568  -0.00335886     0.177136
IMAGINARY
           0   0.00646128 -0.000334682   -0.0158791
 -0.00646128            0    0.0127105    0.0121653
 0.000334682   -0.0127105            0  -0.00210262
   0.0158791   -0.0121653   0.00210262            0
Repeater1[0]<--->HoM1[0]
REAL
   0.338308    0.022561   0.0101696   0.0249269
   0.022561    0.220149 -0.00179066 -0.00888426
  0.0101696 -0.00179066    0.221393   0.0159994
  0.0249269 -0.00888426   0.0159994    0.220149
IMAGINARY
           0    -0.011853   0.00186261   -0.0130146
    0.011853            0 -0.000819435      0.01086
 -0.00186261  0.000819435            0   0.00676398
   0.0130146     -0.01086  -0.00676398            0
EndNode1[0]<--->Repeater1[0]
REAL
   0.371846 -0.00783127   0.0098161  0.00977134
-0.00783127    0.208499  -0.0103956  0.00204408
  0.0098161  -0.0103956      0.2417 -0.00652579
 0.00977134  0.00204408 -0.00652579    0.177955
IMAGINARY
          0   0.0192249  -0.0299009 -0.00189633
 -0.0192249           0   -0.022756   0.0180789
  0.0299009    0.022756           0  0.00511447
 0.00189633  -0.0180789 -0.00511447           0
EndNode2[0]<--->HoM1[0]
REAL
    0.31995  0.00613602   0.0102625    0.022589
 0.00613602    0.223338   0.0052591  -0.0127941
  0.0102625   0.0052591    0.252196 -0.00233855
   0.022589  -0.0127941 -0.00233855    0.204517
IMAGINARY
          0  -0.0194309   0.0050431   0.0183498
  0.0194309           0   0.0143605  -0.0287915
 -0.0050431  -0.0143605           0  0.00723577
 -0.0183498   0.0287915 -0.00723577           0
Repeater1[0]<--->EndNode1[0]
REAL
   0.371846   0.0098161 -0.00783127  0.00977134
  0.0098161      0.2417  -0.0103956 -0.00652579
-0.00783127  -0.0103956    0.208499  0.00204408
 0.00977134 -0.00652579  0.00204408    0.177955
IMAGINARY
          0  -0.0299009   0.0192249 -0.00189633
  0.0299009           0    0.022756  0.00511447
 -0.0192249   -0.022756           0   0.0180789
 0.00189633 -0.00511447  -0.0180789           0
Repeater1[0]<--->HoM1[0]
REAL
    0.31995   0.0102625  0.00613602    0.022589
  0.0102625    0.252196   0.0052591 -0.00233855
 0.00613602   0.0052591    0.223338  -0.0127941
   0.022589 -0.00233855  -0.0127941    0.204517
IMAGINARY
          0   0.0050431  -0.0194309   0.0183498
 -0.0050431           0  -0.0143605  0.00723577
  0.0194309   0.0143605           0  -0.0287915
 -0.0183498 -0.00723577   0.0287915           0
EndNode1[0]<--->Repeater1[0]
REAL
  0.357419 0.00298423  0.0193697  0.0140562
0.00298423   0.216774 0.00937082   0.022799
 0.0193697 0.00937082   0.245161 -0.0116857
 0.0140562   0.022799 -0.0116857   0.180645
IMAGINARY
           0   0.00556435  -0.00571938  -0.00745947
 -0.00556435            0  -0.00806848  -0.00699815
  0.00571938   0.00806848            0 -0.000878945
  0.00745947   0.00699815  0.000878945            0
EndNode2[0]<--->HoM1[0]
REAL
  0.341646 -0.0173888 0.00414587 0.00592355
-0.0173888   0.241895  0.0111867 0.00662726
0.00414587  0.0111867   0.216958 -0.0187329
0.00592355 0.00662726 -0.0187329   0.199501
IMAGINARY
           0  -0.00459836    0.0142952   0.00813475
  0.00459836            0    0.0112953  -0.00508466
  -0.0142952   -0.0112953            0  0.000650988
 -0.00813475   0.00508466 -0.000650988            0
Repeater1[0]<--->EndNode1[0]
REAL
  0.357419  0.0193697 0.00298423  0.0140562
 0.0193697   0.245161 0.00937082 -0.0116857
0.00298423 0.00937082   0.216774   0.022799
 0.0140562 -0.0116857   0.022799   0.180645
IMAGINARY
           0  -0.00571938   0.00556435  -0.00745947
  0.00571938            0   0.00806848 -0.000878945
 -0.00556435  -0.00806848            0  -0.00699815
  0.00745947  0.000878945   0.00699815            0
Repeater1[0]<--->HoM1[0]
REAL
  0.341646 0.00414587 -0.0173888 0.00592355
0.00414587   0.216958  0.0111867 -0.0187329
-0.0173888  0.0111867   0.241895 0.00662726
0.00592355 -0.0187329 0.00662726   0.199501
IMAGINARY
           0    0.0142952  -0.00459836   0.00813475
  -0.0142952            0   -0.0112953  0.000650988
  0.00459836    0.0112953            0  -0.00508466
 -0.00813475 -0.000650988   0.00508466            0
EndNode1[0]<--->Repeater1[0]
REAL
  0.361399 -0.0142793 0.00285171 0.00742211
-0.0142793    0.19171 -0.0118581 0.00285171
0.00285171 -0.0118581   0.255181 -0.0129704
0.00742211 0.00285171 -0.0129704    0.19171
IMAGINARY
          0   0.0132992  -0.0347764   0.0148615
 -0.0132992           0  -0.0110349 -0.00249868
  0.0347764   0.0110349           0 -0.00430181
 -0.0148615  0.00249868  0.00430181           0
EndNode2[0]<--->HoM1[0]
REAL
   0.344403  0.00436798 -0.00808229   0.0355136
 0.00436798    0.252153   0.0120149   0.0201228
-0.00808229   0.0120149    0.234932  -0.0113388
  0.0355136   0.0201228  -0.0113388    0.168512
IMAGINARY
          0 -0.00779283   -0.009134  0.00424473
 0.00779283           0   0.0074133   0.0143559
   0.009134  -0.0074133           0 -0.00395652
-0.00424473  -0.0143559  0.00395652           0
Repeater1[0]<--->EndNode1[0]
REAL
  0.361399 0.00285171 -0.0142793 0.00742211
0.00285171   0.255181 -0.0118581 -0.0129704
-0.0142793 -0.0118581    0.19171 0.00285171
0.00742211 -0.0129704 0.00285171    0.19171
IMAGINARY
          0  -0.0347764   0.0132992   0.0148615
  0.0347764           0   0.0110349 -0.00430181
 -0.0132992  -0.0110349           0 -0.00249868
 -0.0148615  0.00430181  0.00249868           0
Repeater1[0]<--->HoM1[0]
REAL
   0.344403 -0.00808229  0.00436798   0.0355136
-0.00808229    0.234932   0.0120149  -0.0113388
 0.00436798   0.0120149    0.252153   0.0201228
  0.0355136  -0.0113388   0.0201228    0.168512
IMAGINARY
          0   -0.009134 -0.00779283  0.00424473
   0.009134           0  -0.0074133 -0.00395652
 0.00779283   0.0074133           0   0.0143559
-0.00424473  0.00395652  -0.0143559           0
EndNode1[0]<--->Repeater1[0]
REAL
   0.382542 -0.00711485  0.00215644 -0.00209555
-0.00711485    0.214377  -0.0157852 -0.00281869
 0.00215644  -0.0157852    0.252888   -0.024011
-0.00209555 -0.00281869   -0.024011    0.150193
IMAGINARY
          0  0.00950453  -0.0106448   0.0264039
-0.00950453           0 -0.00436533  -0.0343356
  0.0106448  0.00436533           0   0.0133116
 -0.0264039   0.0343356  -0.0133116           0
EndNode2[0]<--->HoM1[0]
REAL
  0.334155 -0.0124072 -0.0365287  0.0369162
-0.0124072   0.220715  0.0278506 -0.0165801
-0.0365287  0.0278506   0.252774  0.0137025
 0.0369162 -0.0165801  0.0137025   0.192355
IMAGINARY
          0  -0.0199669  -0.0140284  -0.0119098
  0.0199669           0  0.00763626   0.0175152
  0.0140284 -0.00763626           0  0.00253312
  0.0119098  -0.0175152 -0.00253312           0
Repeater1[0]<--->EndNode1[0]
REAL
   0.382542  0.00215644 -0.00711485 -0.00209555
 0.00215644    0.252888  -0.0157852   -0.024011
-0.00711485  -0.0157852    0.214377 -0.00281869
-0.00209555   -0.024011 -0.00281869    0.150193
IMAGINARY
          0  -0.0106448  0.00950453   0.0264039
  0.0106448           0  0.00436533   0.0133116
-0.00950453 -0.00436533           0  -0.0343356
 -0.0264039  -0.0133116   0.0343356           0
Repeater1[0]<--->HoM1[0]
REAL
  0.334155 -0.0365287 -0.0124072  0.0369162
-0.0365287   0.252774  0.0278506  0.0137025
-0.0124072  0.0278506   0.220715 -0.0165801
 0.0369162  0.0137025 -0.0165801   0.192355
IMAGINARY
          0  -0.0140284  -0.0199669  -0.0119098
  0.0140284           0 -0.00763626  0.00253312
  0.0199669  0.00763626           0   0.0175152
  0.0119098 -0.00253312  -0.0175152           0
EndNode1[0]<--->Repeater1[0]
REAL
   0.380587  0.00835341   -0.016681   0.0119801
 0.00835341    0.217114   0.0225654  -0.0154403
  -0.016681   0.0225654    0.241379 -0.00168675
  0.0119801  -0.0154403 -0.00168675     0.16092
IMAGINARY
           0    0.0071443    0.0199597  -0.00295515
  -0.0071443            0 -0.000930859    0.0192682
  -0.0199597  0.000930859            0    0.0158943
  0.00295515   -0.0192682   -0.0158943            0
EndNode2[0]<--->HoM1[0]
REAL
    0.345646  -0.00766244   -0.0214533    0.0216265
 -0.00766244     0.228232   0.00562142 -0.000345093
  -0.0214533   0.00562142     0.224274   0.00902483
   0.0216265 -0.000345093   0.00902483     0.201847
IMAGINARY
           0   0.00125178   0.00346213    -0.010656
 -0.00125178            0  0.000748516   -0.0220281
 -0.00346213 -0.000748516            0 -0.000611575
    0.010656    0.0220281  0.000611575            0
Repeater1[0]<--->EndNode1[0]
REAL
   0.380587   -0.016681  0.00835341   0.0119801
  -0.016681    0.241379   0.0225654 -0.00168675
 0.00835341   0.0225654    0.217114  -0.0154403
  0.0119801 -0.00168675  -0.0154403     0.16092
IMAGINARY
           0    0.0199597    0.0071443  -0.00295515
  -0.0199597            0  0.000930859    0.0158943
  -0.0071443 -0.000930859            0    0.0192682
  0.00295515   -0.0158943   -0.0192682            0
Repeater1[0]<--->HoM1[0]
REAL
    0.345646   -0.0214533  -0.00766244    0.0216265
  -0.0214533     0.224274   0.00562142   0.00902483
 -0.00766244   0.00562142     0.228232 -0.000345093
   0.0216265   0.00902483 -0.000345093     0.201847
IMAGINARY
           0   0.00346213   0.00125178    -0.010656
 -0.00346213            0 -0.000748516 -0.000611575
 -0.00125178  0.000748516            0   -0.0220281
    0.010656  0.000611575    0.0220281            0
EndNode1[0]<--->Repeater1[0]
REAL
   0.339332  0.00236356  0.00438195  0.00298678
 0.00236356     0.24036  0.00362698 -0.00702745
 0.00438195  0.00362698    0.267352  -0.0222048
 0.00298678 -0.00702745  -0.0222048    0.152956
IMAGINARY
          0  -0.0054442  0.00504568    0.031817
  0.0054442           0  0.00597725   0.0135203
-0.00504568 -0.00597725           0 -0.00159805
  -0.031817  -0.0135203  0.00159805           0
EndNode2[0]<--->HoM1[0]
REAL
   0.348505 -0.00828439 -0.00746893  0.00823013
-0.00828439    0.262679  0.00213257 -0.00289377
-0.00746893  0.00213257    0.187256   0.0108751
