EndNode1[0]<--->Repeater1[0]
REAL
   0.415716  0.00150245  0.00284621    0.273106
 0.00150245   0.0925222 -0.00467155   0.0146182
 0.00284621 -0.00467155    0.103929  -0.0215542
   0.273106   0.0146182  -0.0215542    0.387833
IMAGINARY
           0    0.0130535  -0.00294726    0.0269868
  -0.0130535            0  0.000471671    -0.006312
  0.00294726 -0.000471671            0    0.0067878
  -0.0269868     0.006312   -0.0067878            0
EndNode2[0]<--->HoM1[0]
REAL
   0.374109 -0.00315562 -0.00606634    0.281694
-0.00315562    0.115202   0.0178049  -0.0215026
-0.00606634   0.0178049    0.109264 -0.00185692
   0.281694  -0.0215026 -0.00185692    0.401425
IMAGINARY
          0  0.00689473  -0.0157028   0.0329112
-0.00689473           0  -0.0125433 -0.00702452
  0.0157028   0.0125433           0  0.00951941
 -0.0329112  0.00702452 -0.00951941           0
Repeater1[0]<--->EndNode1[0]
REAL
   0.415716  0.00284621  0.00150245    0.273106
 0.00284621    0.103929 -0.00467155  -0.0215542
 0.00150245 -0.00467155   0.0925222   0.0146182
   0.273106  -0.0215542   0.0146182    0.387833
IMAGINARY
           0  -0.00294726    0.0130535    0.0269868
  0.00294726            0 -0.000471671    0.0067878
  -0.0130535  0.000471671            0    -0.006312
  -0.0269868   -0.0067878     0.006312            0
Repeater1[0]<--->HoM1[0]
REAL
   0.374109 -0.00606634 -0.00315562    0.281694
-0.00606634    0.109264   0.0178049 -0.00185692
-0.00315562   0.0178049    0.115202  -0.0215026
   0.281694 -0.00185692  -0.0215026    0.401425
IMAGINARY
          0  -0.0157028  0.00689473   0.0329112
  0.0157028           0   0.0125433  0.00951941
-0.00689473  -0.0125433           0 -0.00702452
 -0.0329112 -0.00951941  0.00702452           0
EndNode1[0]<--->Repeater1[0]
REAL
   0.361217   0.0118778  0.00932767    0.288346
  0.0118778   0.0937896 -0.00732396  -0.0117608
 0.00932767 -0.00732396    0.119138   0.0148862
   0.288346  -0.0117608   0.0148862    0.425856
IMAGINARY
          0  0.00080052  0.00270808 -0.00142093
-0.00080052           0  -0.0114343 -0.00744421
-0.00270808   0.0114343           0   0.0107015
 0.00142093  0.00744421  -0.0107015           0
EndNode2[0]<--->HoM1[0]
REAL
    0.378238  -0.00848797 -0.000512973     0.290952
 -0.00848797     0.102332   -0.0248022  -0.00465499
-0.000512973   -0.0248022     0.107513   0.00977996
    0.290952  -0.00465499   0.00977996     0.411917
IMAGINARY
           0   0.00100134  0.000648023    0.0144296
 -0.00100134            0   0.00177984    0.0133707
-0.000648023  -0.00177984            0   0.00100134
  -0.0144296   -0.0133707  -0.00100134            0
Repeater1[0]<--->EndNode1[0]
REAL
   0.361217  0.00932767   0.0118778    0.288346
 0.00932767    0.119138 -0.00732396   0.0148862
  0.0118778 -0.00732396   0.0937896  -0.0117608
   0.288346   0.0148862  -0.0117608    0.425856
IMAGINARY
          0  0.00270808  0.00080052 -0.00142093
-0.00270808           0   0.0114343   0.0107015
-0.00080052  -0.0114343           0 -0.00744421
 0.00142093  -0.0107015  0.00744421           0
Repeater1[0]<--->HoM1[0]
REAL
    0.378238 -0.000512973  -0.00848797     0.290952
-0.000512973     0.107513   -0.0248022   0.00977996
 -0.00848797   -0.0248022     0.102332  -0.00465499
    0.290952   0.00977996  -0.00465499     0.411917
IMAGINARY
           0  0.000648023   0.00100134    0.0144296
-0.000648023            0  -0.00177984   0.00100134
 -0.00100134   0.00177984            0    0.0133707
  -0.0144296  -0.00100134   -0.0133707            0
EndNode1[0]<--->Repeater1[0]
REAL
   0.373333  0.00760128  -0.0190001    0.286834
 0.00760128    0.102667 -0.00554447  0.00698999
 -0.0190001 -0.00554447    0.109333  0.00693727
   0.286834  0.00698999  0.00693727    0.414667
IMAGINARY
          0  -0.0253907  0.00643263   0.0141708
  0.0253907           0  -0.0109615     0.02839
-0.00643263   0.0109615           0  -0.0173162
 -0.0141708    -0.02839   0.0173162           0
EndNode2[0]<--->HoM1[0]
REAL
   0.359684    0.012259   0.0131252    0.291555
   0.012259    0.113307  -0.0118523 -0.00198654
  0.0131252  -0.0118523     0.12253  -0.0159719
   0.291555 -0.00198654  -0.0159719     0.40448
IMAGINARY
          0  -0.0443806   0.0164679  0.00483514
  0.0443806           0   0.0166772  0.00646789
 -0.0164679  -0.0166772           0   0.0135812
-0.00483514 -0.00646789  -0.0135812           0
Repeater1[0]<--->EndNode1[0]
REAL
   0.373333  -0.0190001  0.00760128    0.286834
 -0.0190001    0.109333 -0.00554447  0.00693727
 0.00760128 -0.00554447    0.102667  0.00698999
   0.286834  0.00693727  0.00698999    0.414667
IMAGINARY
          0  0.00643263  -0.0253907   0.0141708
-0.00643263           0   0.0109615  -0.0173162
  0.0253907  -0.0109615           0     0.02839
 -0.0141708   0.0173162    -0.02839           0
Repeater1[0]<--->HoM1[0]
REAL
   0.359684   0.0131252    0.012259    0.291555
  0.0131252     0.12253  -0.0118523  -0.0159719
   0.012259  -0.0118523    0.113307 -0.00198654
   0.291555  -0.0159719 -0.00198654     0.40448
IMAGINARY
          0   0.0164679  -0.0443806  0.00483514
 -0.0164679           0  -0.0166772   0.0135812
  0.0443806   0.0166772           0  0.00646789
-0.00483514  -0.0135812 -0.00646789           0
EndNode1[0]<--->Repeater1[0]
REAL
   0.402532 -0.00458544 -0.00322571    0.287362
-0.00458544   0.0936709   0.0078342 -0.00752018
-0.00322571   0.0078342    0.107595   0.0165956
   0.287362 -0.00752018   0.0165956    0.396203
IMAGINARY
          0  0.00699968 -0.00278001 -0.00426556
-0.00699968           0  -0.0113807   0.0211527
 0.00278001   0.0113807           0 -0.00962436
 0.00426556  -0.0211527  0.00962436           0
EndNode2[0]<--->HoM1[0]
REAL
   0.398196 -0.00533511 -0.00901762    0.288862
-0.00533511   0.0902062 -0.00960703   0.0183261
-0.00901762 -0.00960703    0.108247  0.00666489
   0.288862   0.0183261  0.00666489    0.403351
IMAGINARY
          0 -0.00597476  0.00722841  0.00396723
 0.00597476           0 -0.00971436  0.00297567
-0.00722841  0.00971436           0  -0.0322905
-0.00396723 -0.00297567   0.0322905           0
Repeater1[0]<--->EndNode1[0]
REAL
   0.402532 -0.00322571 -0.00458544    0.287362
-0.00322571    0.107595   0.0078342   0.0165956
-0.00458544   0.0078342   0.0936709 -0.00752018
   0.287362   0.0165956 -0.00752018    0.396203
IMAGINARY
          0 -0.00278001  0.00699968 -0.00426556
 0.00278001           0   0.0113807 -0.00962436
-0.00699968  -0.0113807           0   0.0211527
 0.00426556  0.00962436  -0.0211527           0
Repeater1[0]<--->HoM1[0]
REAL
   0.398196 -0.00901762 -0.00533511    0.288862
-0.00901762    0.108247 -0.00960703  0.00666489
-0.00533511 -0.00960703   0.0902062   0.0183261
   0.288862  0.00666489   0.0183261    0.403351
IMAGINARY
          0  0.00722841 -0.00597476  0.00396723
-0.00722841           0  0.00971436  -0.0322905
 0.00597476 -0.00971436           0  0.00297567
-0.00396723   0.0322905 -0.00297567           0
EndNode1[0]<--->Repeater1[0]
REAL
   0.373844   0.0121972   0.0456822    0.266264
  0.0121972    0.110964 -0.00566566  -0.0107694
  0.0456822 -0.00566566   0.0990753   0.0102467
   0.266264  -0.0107694   0.0102467    0.416116
IMAGINARY
           0  -0.00946024    0.0105904  -0.00820616
  0.00946024            0    0.0359497 -0.000468957
  -0.0105904   -0.0359497            0    -0.012807
  0.00820616  0.000468957     0.012807            0
EndNode2[0]<--->HoM1[0]
REAL
     0.37037  -0.00802508 -0.000386695     0.291006
 -0.00802508     0.112434   -0.0107724    0.0101396
-0.000386695   -0.0107724     0.116402  -0.00172785
    0.291006    0.0101396  -0.00172785     0.400794
IMAGINARY
          0  -0.0169033 -0.00979151  -0.0192169
  0.0169033           0  0.00276116  0.00280295
 0.00979151 -0.00276116           0  0.00864412
  0.0192169 -0.00280295 -0.00864412           0
Repeater1[0]<--->EndNode1[0]
REAL
   0.373844   0.0456822   0.0121972    0.266264
  0.0456822   0.0990753 -0.00566566   0.0102467
  0.0121972 -0.00566566    0.110964  -0.0107694
   0.266264   0.0102467  -0.0107694    0.416116
IMAGINARY
           0    0.0105904  -0.00946024  -0.00820616
  -0.0105904            0   -0.0359497    -0.012807
  0.00946024    0.0359497            0 -0.000468957
  0.00820616     0.012807  0.000468957            0
Repeater1[0]<--->HoM1[0]
REAL
     0.37037 -0.000386695  -0.00802508     0.291006
-0.000386695     0.116402   -0.0107724  -0.00172785
 -0.00802508   -0.0107724     0.112434    0.0101396
    0.291006  -0.00172785    0.0101396     0.400794
IMAGINARY
          0 -0.00979151  -0.0169033  -0.0192169
 0.00979151           0 -0.00276116  0.00864412
  0.0169033  0.00276116           0  0.00280295
  0.0192169 -0.00864412 -0.00280295           0
EndNode1[0]<--->Repeater1[0]
REAL
    0.39653 -0.00344271  -0.0129117    0.275596
-0.00344271    0.104089  0.00286904   -0.004415
 -0.0129117  0.00286904    0.118959   0.0145813
   0.275596   -0.004415   0.0145813    0.380421
IMAGINARY
          0 -0.00225114  0.00117547   0.0158525
 0.00225114           0 -0.00388438 -0.00247417
-0.00117547  0.00388438           0  -0.0133333
 -0.0158525  0.00247417   0.0133333           0
EndNode2[0]<--->HoM1[0]
REAL
   0.393007   0.0116014 -0.00219376    0.301284
  0.0116014    0.118881 -0.00178208  -0.0121275
-0.00219376 -0.00178208    0.106294 -0.00724278
   0.301284  -0.0121275 -0.00724278    0.381818
IMAGINARY
          0  -0.0188657   0.0180525   0.0155933
  0.0188657           0 -0.00346053   0.0220419
 -0.0180525  0.00346053           0  -0.0271249
 -0.0155933  -0.0220419   0.0271249           0
Repeater1[0]<--->EndNode1[0]
REAL
    0.39653  -0.0129117 -0.00344271    0.275596
 -0.0129117    0.118959  0.00286904   0.0145813
-0.00344271  0.00286904    0.104089   -0.004415
   0.275596   0.0145813   -0.004415    0.380421
IMAGINARY
          0  0.00117547 -0.00225114   0.0158525
-0.00117547           0  0.00388438  -0.0133333
 0.00225114 -0.00388438           0 -0.00247417
 -0.0158525   0.0133333  0.00247417           0
Repeater1[0]<--->HoM1[0]
REAL
   0.393007 -0.00219376   0.0116014    0.301284
-0.00219376    0.106294 -0.00178208 -0.00724278
  0.0116014 -0.00178208    0.118881  -0.0121275
   0.301284 -0.00724278  -0.0121275    0.381818
IMAGINARY
          0   0.0180525  -0.0188657   0.0155933
 -0.0180525           0  0.00346053  -0.0271249
  0.0188657 -0.00346053           0   0.0220419
 -0.0155933   0.0271249  -0.0220419           0
EndNode1[0]<--->Repeater1[0]
REAL
   0.379043  -0.0137697  0.00602775    0.294012
 -0.0137697    0.103493  0.00177181 -0.00141642
 0.00602775  0.00177181    0.126779 -0.00401682
   0.294012 -0.00141642 -0.00401682    0.390686
IMAGINARY
          0  -0.0190606   0.0115852   0.0150825
  0.0190606           0 -0.00397138   0.0178265
 -0.0115852  0.00397138           0  -0.0053449
 -0.0150825  -0.0178265   0.0053449           0
EndNode2[0]<--->HoM1[0]
REAL
    0.380336   -0.0135118  -0.00328435     0.284896
  -0.0135118     0.116429 -0.000997951    0.0131714
 -0.00328435 -0.000997951     0.108668  -0.00908705
    0.284896    0.0131714  -0.00908705     0.394567
IMAGINARY
           0   0.00515081   0.00446574   -0.0285154
 -0.00515081            0 -9.15963e-05  -0.00698464
 -0.00446574  9.15963e-05            0   -0.0076697
   0.0285154   0.00698464    0.0076697            0
Repeater1[0]<--->EndNode1[0]
REAL
   0.379043  0.00602775  -0.0137697    0.294012
 0.00602775    0.126779  0.00177181 -0.00401682
 -0.0137697  0.00177181    0.103493 -0.00141642
   0.294012 -0.00401682 -0.00141642    0.390686
IMAGINARY
          0   0.0115852  -0.0190606   0.0150825
 -0.0115852           0  0.00397138  -0.0053449
  0.0190606 -0.00397138           0   0.0178265
 -0.0150825   0.0053449  -0.0178265           0
Repeater1[0]<--->HoM1[0]
REAL
    0.380336  -0.00328435   -0.0135118     0.284896
 -0.00328435     0.108668 -0.000997951  -0.00908705
  -0.0135118 -0.000997951     0.116429    0.0131714
    0.284896  -0.00908705    0.0131714     0.394567
IMAGINARY
           0   0.00446574   0.00515081   -0.0285154
 -0.00446574            0  9.15963e-05   -0.0076697
 -0.00515081 -9.15963e-05            0  -0.00698464
   0.0285154    0.0076697   0.00698464            0
EndNode1[0]<--->Repeater1[0]
REAL
    0.36856  -0.0207573 -0.00289438     0.26659
 -0.0207573    0.110964   -0.015253  -0.0198329
-0.00289438   -0.015253    0.108322    0.011399
    0.26659  -0.0198329    0.011399    0.412153
IMAGINARY
           0   0.00422604   -0.0097463    0.0034534
 -0.00422604            0 -0.000268685   0.00297123
   0.0097463  0.000268685            0  -0.00964609
  -0.0034534  -0.00297123   0.00964609            0
EndNode2[0]<--->HoM1[0]
REAL
    0.383117 -0.000453048  -0.00201195     0.292399
-0.000453048     0.125974  -0.00893438   -0.0137361
 -0.00201195  -0.00893438     0.109091   -0.0087333
    0.292399   -0.0137361   -0.0087333     0.381818
IMAGINARY
          0    0.020796  0.00213636   0.0117866
  -0.020796           0  0.00682382   -0.016803
-0.00213636 -0.00682382           0  0.00587065
 -0.0117866    0.016803 -0.00587065           0
Repeater1[0]<--->EndNode1[0]
REAL
    0.36856 -0.00289438  -0.0207573     0.26659
-0.00289438    0.108322   -0.015253    0.011399
 -0.0207573   -0.015253    0.110964  -0.0198329
    0.26659    0.011399  -0.0198329    0.412153
IMAGINARY
           0   -0.0097463   0.00422604    0.0034534
   0.0097463            0  0.000268685  -0.00964609
 -0.00422604 -0.000268685            0   0.00297123
  -0.0034534   0.00964609  -0.00297123            0
Repeater1[0]<--->HoM1[0]
REAL
    0.383117  -0.00201195 -0.000453048     0.292399
 -0.00201195     0.109091  -0.00893438   -0.0087333
-0.000453048  -0.00893438     0.125974   -0.0137361
    0.292399   -0.0087333   -0.0137361     0.381818
IMAGINARY
          0  0.00213636    0.020796   0.0117866
-0.00213636           0 -0.00682382  0.00587065
  -0.020796  0.00682382           0   -0.016803
 -0.0117866 -0.00587065    0.016803           0
EndNode1[0]<--->Repeater1[0]
REAL
    0.37018 -0.00494239  -0.0124677    0.281782
-0.00494239    0.111825  -0.0075475  -0.0104914
 -0.0124677  -0.0075475    0.096401  0.00366688
   0.281782  -0.0104914  0.00366688    0.421594
IMAGINARY
           0  1.97389e-05  -0.00824114  -0.00508959
-1.97389e-05            0 -5.18024e-05  -0.00338677
  0.00824114  5.18024e-05            0      0.03076
  0.00508959   0.00338677     -0.03076            0
EndNode2[0]<--->HoM1[0]
REAL
   0.373402  -0.0171603  -0.0180226     0.27928
 -0.0171603    0.111253 -0.00803827 -0.00877477
 -0.0180226 -0.00803827    0.116368  0.00474204
    0.27928 -0.00877477  0.00474204    0.398977
IMAGINARY
           0   0.00130554    0.0189147  -0.00425419
 -0.00130554            0   -0.0180733   -0.0156122
  -0.0189147    0.0180733            0 -0.000645042
  0.00425419    0.0156122  0.000645042            0
Repeater1[0]<--->EndNode1[0]
REAL
    0.37018  -0.0124677 -0.00494239    0.281782
 -0.0124677    0.096401  -0.0075475  0.00366688
-0.00494239  -0.0075475    0.111825  -0.0104914
   0.281782  0.00366688  -0.0104914    0.421594
IMAGINARY
           0  -0.00824114  1.97389e-05  -0.00508959
  0.00824114            0  5.18024e-05      0.03076
-1.97389e-05 -5.18024e-05            0  -0.00338677
  0.00508959     -0.03076   0.00338677            0
Repeater1[0]<--->HoM1[0]
REAL
   0.373402  -0.0180226  -0.0171603     0.27928
 -0.0180226    0.116368 -0.00803827  0.00474204
 -0.0171603 -0.00803827    0.111253 -0.00877477
    0.27928  0.00474204 -0.00877477    0.398977
IMAGINARY
           0    0.0189147   0.00130554  -0.00425419
  -0.0189147            0    0.0180733 -0.000645042
 -0.00130554   -0.0180733            0   -0.0156122
  0.00425419  0.000645042    0.0156122            0
EndNode1[0]<--->Repeater1[0]
REAL
  0.421189 0.00395332 -0.0187323    0.28925
0.00395332   0.104651 -0.0129176  0.0128806
-0.0187323 -0.0129176  0.0917313  0.0240051
   0.28925  0.0128806  0.0240051   0.382429
IMAGINARY
          0  0.00121655  0.00672968  0.00762016
-0.00121655           0  -0.0226065  -0.0121497
-0.00672968   0.0226065           0 -0.00121655
-0.00762016   0.0121497  0.00121655           0
EndNode2[0]<--->HoM1[0]
REAL
   0.403417  0.00127339  0.00651759    0.280728
 0.00127339    0.106439   0.0063689  0.00186951
 0.00651759   0.0063689    0.115637 -0.00707984
   0.280728  0.00186951 -0.00707984    0.374507
IMAGINARY
          0 -0.00294241  0.00766784  0.00867032
 0.00294241           0  0.00741719  0.00130652
-0.00766784 -0.00741719           0  0.00935267
-0.00867032 -0.00130652 -0.00935267           0
Repeater1[0]<--->EndNode1[0]
REAL
  0.421189 -0.0187323 0.00395332    0.28925
-0.0187323  0.0917313 -0.0129176  0.0240051
0.00395332 -0.0129176   0.104651  0.0128806
   0.28925  0.0240051  0.0128806   0.382429
IMAGINARY
          0  0.00672968  0.00121655  0.00762016
-0.00672968           0   0.0226065 -0.00121655
-0.00121655  -0.0226065           0  -0.0121497
-0.00762016  0.00121655   0.0121497           0
Repeater1[0]<--->HoM1[0]
REAL
   0.403417  0.00651759  0.00127339    0.280728
 0.00651759    0.115637   0.0063689 -0.00707984
 0.00127339   0.0063689    0.106439  0.00186951
   0.280728 -0.00707984  0.00186951    0.374507
IMAGINARY
          0  0.00766784 -0.00294241  0.00867032
-0.00766784           0 -0.00741719  0.00935267
 0.00294241  0.00741719           0  0.00130652
-0.00867032 -0.00935267 -0.00130652           0
EndNode1[0]<--->Repeater1[0]
REAL
    0.380653  -0.00852292   -0.0121928     0.285467
 -0.00852292     0.114322   0.00609337 -0.000594893
  -0.0121928   0.00609337    0.0929648   0.00980169
    0.285467 -0.000594893   0.00980169      0.41206
IMAGINARY
          0  0.00619032   -0.019356 -0.00423391
-0.00619032           0 -0.00297763   0.0102176
   0.019356  0.00297763           0  0.00947547
 0.00423391  -0.0102176 -0.00947547           0
EndNode2[0]<--->HoM1[0]
REAL
   0.361217   0.0153747 -0.00332447    0.288883
  0.0153747     0.12294  0.00128446  0.00332447
-0.00332447  0.00128446    0.124208  -0.0117776
   0.288883  0.00332447  -0.0117776    0.391635
IMAGINARY
          0  -0.0085561  -0.0137083  0.00234678
  0.0085561           0  -0.0114377  0.00447349
  0.0137083   0.0114377           0  -0.0151906
-0.00234678 -0.00447349   0.0151906           0
Repeater1[0]<--->EndNode1[0]
REAL
    0.380653   -0.0121928  -0.00852292     0.285467
  -0.0121928    0.0929648   0.00609337   0.00980169
 -0.00852292   0.00609337     0.114322 -0.000594893
    0.285467   0.00980169 -0.000594893      0.41206
IMAGINARY
          0   -0.019356  0.00619032 -0.00423391
   0.019356           0  0.00297763  0.00947547
-0.00619032 -0.00297763           0   0.0102176
 0.00423391 -0.00947547  -0.0102176           0
Repeater1[0]<--->HoM1[0]
REAL
   0.361217 -0.00332447   0.0153747    0.288883
-0.00332447    0.124208  0.00128446  -0.0117776
  0.0153747  0.00128446     0.12294  0.00332447
   0.288883  -0.0117776  0.00332447    0.391635
IMAGINARY
          0  -0.0137083  -0.0085561  0.00234678
  0.0137083           0   0.0114377  -0.0151906
  0.0085561  -0.0114377           0  0.00447349
-0.00234678   0.0151906 -0.00447349           0
EndNode1[0]<--->Repeater1[0]
REAL
   0.394602 -0.00036345  0.00305292    0.294174
-0.00036345    0.114396  -0.0207363 -0.00305292
 0.00305292  -0.0207363   0.0976864 -0.00484488
   0.294174 -0.00305292 -0.00484488    0.393316
IMAGINARY
          0   0.0100746  0.00425946 -0.00831543
 -0.0100746           0 -0.00193788  -0.0106862
-0.00425946  0.00193788           0  -0.0165014
 0.00831543   0.0106862   0.0165014           0
EndNode2[0]<--->HoM1[0]
REAL
  0.393939  0.0231311 0.00270516   0.305978
 0.0231311   0.105455 0.00490278  0.0115435
0.00270516 0.00490278    0.10303   0.011843
  0.305978  0.0115435   0.011843   0.397576
IMAGINARY
           0   0.00746411   -0.0128495  -0.00526642
 -0.00746411            0  -0.00526642 -0.000591398
   0.0128495   0.00526642            0   -0.0128405
  0.00526642  0.000591398    0.0128405            0
Repeater1[0]<--->EndNode1[0]
REAL
   0.394602  0.00305292 -0.00036345    0.294174
 0.00305292   0.0976864  -0.0207363 -0.00484488
-0.00036345  -0.0207363    0.114396 -0.00305292
   0.294174 -0.00484488 -0.00305292    0.393316
IMAGINARY
          0  0.00425946   0.0100746 -0.00831543
-0.00425946           0  0.00193788  -0.0165014
 -0.0100746 -0.00193788           0  -0.0106862
 0.00831543   0.0165014   0.0106862           0
Repeater1[0]<--->HoM1[0]
REAL
  0.393939 0.00270516  0.0231311   0.305978
0.00270516    0.10303 0.00490278   0.011843
 0.0231311 0.00490278   0.105455  0.0115435
  0.305978   0.011843  0.0115435   0.397576
IMAGINARY
           0   -0.0128495   0.00746411  -0.00526642
   0.0128495            0   0.00526642   -0.0128405
 -0.00746411  -0.00526642            0 -0.000591398
  0.00526642    0.0128405  0.000591398            0
EndNode1[0]<--->Repeater1[0]
REAL
   0.381323 -0.00380954  0.00766161    0.270263
-0.00380954   0.0985733  0.00653386  -0.0120752
 0.00766161  0.00653386    0.118029  0.00317902
   0.270263  -0.0120752  0.00317902    0.402075
IMAGINARY
          0   0.0290088  -0.0153257  0.00588411
 -0.0290088           0 -0.00218041  0.00957854
  0.0153257  0.00218041           0 -0.00155034
-0.00588411 -0.00957854  0.00155034           0
EndNode2[0]<--->HoM1[0]
REAL
  0.370513 0.00928065 0.00224793   0.272814
0.00928065   0.126923 -0.0104375  0.0175541
0.00224793 -0.0104375   0.125641 0.00804608
  0.272814  0.0175541 0.00804608   0.376923
IMAGINARY
          0  -0.0143369  -0.0139416 -0.00320297
  0.0143369           0   0.0079391 -0.00206825
  0.0139416  -0.0079391           0   0.0229576
 0.00320297  0.00206825  -0.0229576           0
Repeater1[0]<--->EndNode1[0]
REAL
   0.381323  0.00766161 -0.00380954    0.270263
 0.00766161    0.118029  0.00653386  0.00317902
-0.00380954  0.00653386   0.0985733  -0.0120752
   0.270263  0.00317902  -0.0120752    0.402075
IMAGINARY
          0  -0.0153257   0.0290088  0.00588411
  0.0153257           0  0.00218041 -0.00155034
 -0.0290088 -0.00218041           0  0.00957854
-0.00588411  0.00155034 -0.00957854           0
Repeater1[0]<--->HoM1[0]
REAL
  0.370513 0.00224793 0.00928065   0.272814
0.00224793   0.125641 -0.0104375 0.00804608
0.00928065 -0.0104375   0.126923  0.0175541
  0.272814 0.00804608  0.0175541   0.376923
IMAGINARY
          0  -0.0139416  -0.0143369 -0.00320297
  0.0139416           0  -0.0079391   0.0229576
  0.0143369   0.0079391           0 -0.00206825
 0.00320297  -0.0229576  0.00206825           0
EndNode1[0]<--->Repeater1[0]
REAL
   0.406125   0.0251699 -0.00918233    0.280137
  0.0251699    0.105193 -0.00557755   0.0179985
-0.00918233 -0.00557755    0.113182   0.0100946
   0.280137   0.0179985   0.0100946    0.375499
IMAGINARY
          0   0.0138298  -0.0133054 -0.00190962
 -0.0138298           0    0.010977 -0.00357775
  0.0133054   -0.010977           0 -0.00863495
 0.00190962  0.00357775  0.00863495           0
EndNode2[0]<--->HoM1[0]
REAL
   0.363524 -0.00416034  0.00171132    0.296468
-0.00416034    0.129032  0.00353228 -0.00437799
 0.00171132  0.00353228    0.124069    0.014827
   0.296468 -0.00437799    0.014827    0.383375
IMAGINARY
          0   0.0112219 -0.00101657   -0.010005
 -0.0112219           0 -0.00281549    0.019896
 0.00101657  0.00281549           0  -0.0203571
   0.010005   -0.019896   0.0203571           0
Repeater1[0]<--->EndNode1[0]
REAL
   0.406125 -0.00918233   0.0251699    0.280137
-0.00918233    0.113182 -0.00557755   0.0100946
  0.0251699 -0.00557755    0.105193   0.0179985
   0.280137   0.0100946   0.0179985    0.375499
IMAGINARY
          0  -0.0133054   0.0138298 -0.00190962
  0.0133054           0   -0.010977 -0.00863495
 -0.0138298    0.010977           0 -0.00357775
 0.00190962  0.00863495  0.00357775           0
Repeater1[0]<--->HoM1[0]
REAL
   0.363524  0.00171132 -0.00416034    0.296468
 0.00171132    0.124069  0.00353228    0.014827
-0.00416034  0.00353228    0.129032 -0.00437799
   0.296468    0.014827 -0.00437799    0.383375
IMAGINARY
          0 -0.00101657   0.0112219   -0.010005
 0.00101657           0  0.00281549  -0.0203571
 -0.0112219 -0.00281549           0    0.019896
   0.010005   0.0203571   -0.019896           0
EndNode1[0]<--->Repeater1[0]
REAL
    0.37594   0.0157298 -0.00510165    0.277227
  0.0157298    0.093985 -0.00335788   0.0101268
-0.00510165 -0.00335788     0.10401   0.0144209
   0.277227   0.0101268   0.0144209    0.426065
IMAGINARY
           0    0.0173985   0.00160628   0.00895872
  -0.0173985            0   0.00960892   0.00903202
 -0.00160628  -0.00960892            0 -0.000111247
 -0.00895872  -0.00903202  0.000111247            0
EndNode2[0]<--->HoM1[0]
REAL
   0.366452    0.023974   0.0226093    0.285579
   0.023974    0.134194 -0.00506126 0.000202087
  0.0226093 -0.00506126   0.0954839  0.00870173
   0.285579 0.000202087  0.00870173    0.403871
IMAGINARY
          0  -0.0113973   0.0322785  -0.0149819
  0.0113973           0  0.00731107 -0.00395338
 -0.0322785 -0.00731107           0 -0.00953861
  0.0149819  0.00395338  0.00953861           0
Repeater1[0]<--->EndNode1[0]
REAL
    0.37594 -0.00510165   0.0157298    0.277227
-0.00510165     0.10401 -0.00335788   0.0144209
  0.0157298 -0.00335788    0.093985   0.0101268
   0.277227   0.0144209   0.0101268    0.426065
IMAGINARY
           0   0.00160628    0.0173985   0.00895872
 -0.00160628            0  -0.00960892 -0.000111247
  -0.0173985   0.00960892            0   0.00903202
 -0.00895872  0.000111247  -0.00903202            0
Repeater1[0]<--->HoM1[0]
REAL
   0.366452   0.0226093    0.023974    0.285579
  0.0226093   0.0954839 -0.00506126  0.00870173
   0.023974 -0.00506126    0.134194 0.000202087
   0.285579  0.00870173 0.000202087    0.403871
IMAGINARY
          0   0.0322785  -0.0113973  -0.0149819
 -0.0322785           0 -0.00731107 -0.00953861
  0.0113973  0.00731107           0 -0.00395338
  0.0149819  0.00953861  0.00395338           0
EndNode1[0]<--->Repeater1[0]
REAL
   0.368354  -0.0248999  0.00594793    0.264803
 -0.0248999    0.101266  -0.0132581 -0.00780207
 0.00594793  -0.0132581   0.0835443 -0.00538441
   0.264803 -0.00780207 -0.00538441    0.446835
IMAGINARY
          0   0.0170595  -0.0111352  -0.0157792
 -0.0170595           0 -0.00101667  0.00220662
  0.0111352  0.00101667           0  0.00207314
  0.0157792 -0.00220662 -0.00207314           0
EndNode2[0]<--->HoM1[0]
REAL
   0.377158  -0.0245764   0.0152821    0.300257
 -0.0245764    0.104914 0.000524136    -0.01398
  0.0152821 0.000524136    0.102258 -0.00667359
   0.300257    -0.01398 -0.00667359    0.415671
IMAGINARY
           0  -0.00535227 -0.000653442  -0.00659417
  0.00535227            0  -0.00981997  -0.00935991
 0.000653442   0.00981997            0    0.0180358
  0.00659417   0.00935991   -0.0180358            0
Repeater1[0]<--->EndNode1[0]
REAL
   0.368354  0.00594793  -0.0248999    0.264803
 0.00594793   0.0835443  -0.0132581 -0.00538441
 -0.0248999  -0.0132581    0.101266 -0.00780207
   0.264803 -0.00538441 -0.00780207    0.446835
IMAGINARY
          0  -0.0111352   0.0170595  -0.0157792
  0.0111352           0  0.00101667  0.00207314
 -0.0170595 -0.00101667           0  0.00220662
  0.0157792 -0.00207314 -0.00220662           0
Repeater1[0]<--->HoM1[0]
REAL
   0.377158   0.0152821  -0.0245764    0.300257
  0.0152821    0.102258 0.000524136 -0.00667359
 -0.0245764 0.000524136    0.104914    -0.01398
   0.300257 -0.00667359    -0.01398    0.415671
IMAGINARY
           0 -0.000653442  -0.00535227  -0.00659417
 0.000653442            0   0.00981997    0.0180358
  0.00535227  -0.00981997            0  -0.00935991
  0.00659417   -0.0180358   0.00935991            0
EndNode1[0]<--->Repeater1[0]
REAL
    0.41199  0.00573014  -0.0164002    0.288528
 0.00573014    0.103316 -0.00739086 -0.00113304
 -0.0164002 -0.00739086    0.118622 -0.00512554
   0.288528 -0.00113304 -0.00512554    0.366071
IMAGINARY
          0 -0.00845767 -0.00506176   -0.011354
 0.00845767           0  -0.0159898 -0.00769334
 0.00506176   0.0159898           0   0.0161107
   0.011354  0.00769334  -0.0161107           0
EndNode2[0]<--->HoM1[0]
REAL
   0.401914   0.0107853   0.0221025    0.276652
  0.0107853    0.132775 -0.00590137  0.00490673
  0.0221025 -0.00590137   0.0921053 -0.00749148
   0.276652  0.00490673 -0.00749148    0.373206
IMAGINARY
          0  0.00633572  -0.0119379  0.00139305
-0.00633572           0  0.00825946  -0.0139787
  0.0119379 -0.00825946           0  0.00441017
-0.00139305   0.0139787 -0.00441017           0
Repeater1[0]<--->EndNode1[0]
REAL
    0.41199  -0.0164002  0.00573014    0.288528
 -0.0164002    0.118622 -0.00739086 -0.00512554
 0.00573014 -0.00739086    0.103316 -0.00113304
   0.288528 -0.00512554 -0.00113304    0.366071
IMAGINARY
          0 -0.00506176 -0.00845767   -0.011354
 0.00506176           0   0.0159898   0.0161107
 0.00845767  -0.0159898           0 -0.00769334
   0.011354  -0.0161107  0.00769334           0
Repeater1[0]<--->HoM1[0]
REAL
   0.401914   0.0221025   0.0107853    0.276652
  0.0221025   0.0921053 -0.00590137 -0.00749148
  0.0107853 -0.00590137    0.132775  0.00490673
   0.276652 -0.00749148  0.00490673    0.373206
IMAGINARY
          0  -0.0119379  0.00633572  0.00139305
  0.0119379           0 -0.00825946  0.00441017
-0.00633572  0.00825946           0  -0.0139787
-0.00139305 -0.00441017   0.0139787           0
EndNode1[0]<--->Repeater1[0]
REAL
   0.376658  0.00220019  -0.0125648    0.299321
 0.00220019   0.0941645  -0.0235955  0.00201066
 -0.0125648  -0.0235955    0.118037 -0.00747723
   0.299321  0.00201066 -0.00747723    0.411141
IMAGINARY
          0    0.014448 -0.00797711  -0.0458526
  -0.014448           0  0.00739102  0.00276878
 0.00797711 -0.00739102           0 -0.00923962
  0.0458526 -0.00276878  0.00923962           0
EndNode2[0]<--->HoM1[0]
REAL
   0.406932 -0.00984593  -0.0139252    0.264488
-0.00984593    0.106547  0.00233929  0.00190595
 -0.0139252  0.00233929    0.106547  -0.0021733
   0.264488  0.00190595  -0.0021733    0.379974
IMAGINARY
          0   0.0169622 -0.00734516 -0.00364325
 -0.0169622           0 -0.00961935  -0.0195091
 0.00734516  0.00961935           0  0.00733447
 0.00364325   0.0195091 -0.00733447           0
Repeater1[0]<--->EndNode1[0]
REAL
   0.376658  -0.0125648  0.00220019    0.299321
 -0.0125648    0.118037  -0.0235955 -0.00747723
 0.00220019  -0.0235955   0.0941645  0.00201066
   0.299321 -0.00747723  0.00201066    0.411141
IMAGINARY
          0 -0.00797711    0.014448  -0.0458526
 0.00797711           0 -0.00739102 -0.00923962
  -0.014448  0.00739102           0  0.00276878
  0.0458526  0.00923962 -0.00276878           0
Repeater1[0]<--->HoM1[0]
REAL
   0.406932  -0.0139252 -0.00984593    0.264488
 -0.0139252    0.106547  0.00233929  -0.0021733
-0.00984593  0.00233929    0.106547  0.00190595
   0.264488  -0.0021733  0.00190595    0.379974
IMAGINARY
          0 -0.00734516   0.0169622 -0.00364325
 0.00734516           0  0.00961935  0.00733447
 -0.0169622 -0.00961935           0  -0.0195091
 0.00364325 -0.00733447   0.0195091           0
EndNode1[0]<--->Repeater1[0]
REAL
   0.396458  0.00873015   0.0014811    0.286373
 0.00873015    0.099455  0.00902382 -0.00531742
  0.0014811  0.00902382    0.115804 -0.00489383
   0.286373 -0.00531742 -0.00489383    0.388283
IMAGINARY
          0  -0.0085055   0.0238233 -0.00247816
  0.0085055           0   0.0105427  0.00899527
 -0.0238233  -0.0105427           0   -0.015304
 0.00247816 -0.00899527    0.015304           0
EndNode2[0]<--->HoM1[0]
REAL
    0.38835 -0.00611139  0.00320052    0.285686
-0.00611139    0.114078  0.00463632 -0.00051235
 0.00320052  0.00463632    0.109223  -0.0100176
   0.285686 -0.00051235  -0.0100176     0.38835
IMAGINARY
          0  0.00669548 -0.00171032  0.00442023
-0.00669548           0   -0.030736   0.0241175
 0.00171032    0.030736           0   0.0029076
-0.00442023  -0.0241175  -0.0029076           0
Repeater1[0]<--->EndNode1[0]
REAL
   0.396458   0.0014811  0.00873015    0.286373
  0.0014811    0.115804  0.00902382 -0.00489383
 0.00873015  0.00902382    0.099455 -0.00531742
   0.286373 -0.00489383 -0.00531742    0.388283
IMAGINARY
          0   0.0238233  -0.0085055 -0.00247816
 -0.0238233           0  -0.0105427   -0.015304
  0.0085055   0.0105427           0  0.00899527
 0.00247816    0.015304 -0.00899527           0
Repeater1[0]<--->HoM1[0]
REAL
    0.38835  0.00320052 -0.00611139    0.285686
 0.00320052    0.109223  0.00463632  -0.0100176
-0.00611139  0.00463632    0.114078 -0.00051235
   0.285686  -0.0100176 -0.00051235     0.38835
IMAGINARY
          0 -0.00171032  0.00669548  0.00442023
 0.00171032           0    0.030736   0.0029076
-0.00669548   -0.030736           0   0.0241175
-0.00442023  -0.0029076  -0.0241175           0
EndNode1[0]<--->Repeater1[0]
REAL
   0.390686    0.028018  0.00899598     0.26712
   0.028018    0.122898 -0.00942288   -0.011004
 0.00899598 -0.00942288    0.104787 -0.00726831
    0.26712   -0.011004 -0.00726831     0.38163
IMAGINARY
           0  -0.00916078  4.28882e-05  -0.00723083
  0.00916078            0   -0.0130223   -0.0173268
-4.28882e-05    0.0130223            0    0.0252102
  0.00723083    0.0173268   -0.0252102            0
EndNode2[0]<--->HoM1[0]
REAL
    0.395319 -3.37035e-05   0.00600568     0.280452
-3.37035e-05     0.107932  -0.00862072 -0.000371874
  0.00600568  -0.00862072     0.111834    0.0113013
    0.280452 -0.000371874    0.0113013     0.384915
IMAGINARY
          0  -0.0125716   0.0253522  0.00905252
  0.0125716           0  -0.0206505   0.0134025
 -0.0253522   0.0206505           0  -0.0338071
-0.00905252  -0.0134025   0.0338071           0
Repeater1[0]<--->EndNode1[0]
REAL
   0.390686  0.00899598    0.028018     0.26712
 0.00899598    0.104787 -0.00942288 -0.00726831
   0.028018 -0.00942288    0.122898   -0.011004
    0.26712 -0.00726831   -0.011004     0.38163
IMAGINARY
           0  4.28882e-05  -0.00916078  -0.00723083
-4.28882e-05            0    0.0130223    0.0252102
  0.00916078   -0.0130223            0   -0.0173268
  0.00723083   -0.0252102    0.0173268            0
Repeater1[0]<--->HoM1[0]
REAL
    0.395319   0.00600568 -3.37035e-05     0.280452
  0.00600568     0.111834  -0.00862072    0.0113013
-3.37035e-05  -0.00862072     0.107932 -0.000371874
    0.280452    0.0113013 -0.000371874     0.384915
IMAGINARY
          0   0.0253522  -0.0125716  0.00905252
 -0.0253522           0   0.0206505  -0.0338071
  0.0125716  -0.0206505           0   0.0134025
-0.00905252   0.0338071  -0.0134025           0
EndNode1[0]<--->Repeater1[0]
REAL
   0.381013  0.00827358 -0.00158688    0.294356
 0.00827358    0.102532 -0.00156279   0.0151004
-0.00158688 -0.00156279    0.110127   0.0116749
   0.294356   0.0151004   0.0116749    0.406329
IMAGINARY
          0   -0.029399 -0.00268362  -0.0169521
   0.029399           0   0.0125385   -0.011347
 0.00268362  -0.0125385           0   0.0128174
  0.0169521    0.011347  -0.0128174           0
EndNode2[0]<--->HoM1[0]
REAL
        0.4   0.0151588 -0.00565934    0.290991
  0.0151588    0.101863   0.0130634 0.000253933
-0.00565934   0.0130634   0.0956522 -0.00569935
   0.290991 0.000253933 -0.00569935    0.402484
IMAGINARY
           0 -0.000486259    0.0098376   -0.0185643
 0.000486259            0   -0.0179274  -0.00378107
  -0.0098376    0.0179274            0   -0.0230669
   0.0185643   0.00378107    0.0230669            0
Repeater1[0]<--->EndNode1[0]
REAL
   0.381013 -0.00158688  0.00827358    0.294356
-0.00158688    0.110127 -0.00156279   0.0116749
 0.00827358 -0.00156279    0.102532   0.0151004
   0.294356   0.0116749   0.0151004    0.406329
IMAGINARY
          0 -0.00268362   -0.029399  -0.0169521
 0.00268362           0  -0.0125385   0.0128174
   0.029399   0.0125385           0   -0.011347
  0.0169521  -0.0128174    0.011347           0
Repeater1[0]<--->HoM1[0]
REAL
        0.4 -0.00565934   0.0151588    0.290991
-0.00565934   0.0956522   0.0130634 -0.00569935
  0.0151588   0.0130634    0.101863 0.000253933
   0.290991 -0.00569935 0.000253933    0.402484
IMAGINARY
           0    0.0098376 -0.000486259   -0.0185643
  -0.0098376            0    0.0179274   -0.0230669
 0.000486259   -0.0179274            0  -0.00378107
   0.0185643    0.0230669   0.00378107            0
EndNode1[0]<--->Repeater1[0]
REAL
    0.38875 -0.00702803 -0.00857059    0.288861
-0.00702803      0.1075  0.00614526  -0.0196817
-0.00857059  0.00614526      0.1225  -0.0185962
   0.288861  -0.0196817  -0.0185962     0.38125
IMAGINARY
          0 -0.00828706  0.00905799  0.00160988
 0.00828706           0  -0.0103582  -0.0288111
-0.00905799   0.0103582           0   0.0132253
-0.00160988   0.0288111  -0.0132253           0
EndNode2[0]<--->HoM1[0]
REAL
   0.386126  -0.0148935   0.0289347    0.280219
 -0.0148935    0.103403 -0.00821894 0.000398677
  0.0289347 -0.00821894    0.120419   0.0322269
   0.280219 0.000398677   0.0322269    0.390052
IMAGINARY
           0    0.0179296    0.0108531    0.0118595
  -0.0179296            0  0.000690012   -0.0262282
  -0.0108531 -0.000690012            0 -9.44268e-05
  -0.0118595    0.0262282  9.44268e-05            0
Repeater1[0]<--->EndNode1[0]
REAL
    0.38875 -0.00857059 -0.00702803    0.288861
-0.00857059      0.1225  0.00614526  -0.0185962
-0.00702803  0.00614526      0.1075  -0.0196817
   0.288861  -0.0185962  -0.0196817     0.38125
IMAGINARY
          0  0.00905799 -0.00828706  0.00160988
-0.00905799           0   0.0103582   0.0132253
 0.00828706  -0.0103582           0  -0.0288111
-0.00160988  -0.0132253   0.0288111           0
Repeater1[0]<--->HoM1[0]
REAL
   0.386126   0.0289347  -0.0148935    0.280219
  0.0289347    0.120419 -0.00821894   0.0322269
 -0.0148935 -0.00821894    0.103403 0.000398677
   0.280219   0.0322269 0.000398677    0.390052
IMAGINARY
           0    0.0108531    0.0179296    0.0118595
  -0.0108531            0 -0.000690012 -9.44268e-05
  -0.0179296  0.000690012            0   -0.0262282
  -0.0118595  9.44268e-05    0.0262282            0
EndNode1[0]<--->Repeater1[0]
REAL
  0.399752  0.0150327  0.0100623   0.275334
 0.0150327   0.107673 -0.0062001 0.00938567
 0.0100623 -0.0062001   0.115099  0.0244905
  0.275334 0.00938567  0.0244905   0.377475
IMAGINARY
          0   0.0276873 -0.00487394 -0.00686328
 -0.0276873           0  0.00943398  -0.0035786
 0.00487394 -0.00943398           0  -0.0244363
 0.00686328   0.0035786   0.0244363           0
EndNode2[0]<--->HoM1[0]
REAL
   0.395647 -0.00983663 -0.00736808     0.27854
-0.00983663    0.113956  0.00672002  -0.0199509
-0.00736808  0.00672002    0.112676   -0.018753
    0.27854  -0.0199509   -0.018753    0.377721
IMAGINARY
          0 -0.00212441  0.00124359  0.00683424
 0.00212441           0  -0.0106221   0.0124721
-0.00124359   0.0106221           0   -0.015332
-0.00683424  -0.0124721    0.015332           0
Repeater1[0]<--->EndNode1[0]
REAL
  0.399752  0.0100623  0.0150327   0.275334
 0.0100623   0.115099 -0.0062001  0.0244905
 0.0150327 -0.0062001   0.107673 0.00938567
  0.275334  0.0244905 0.00938567   0.377475
IMAGINARY
          0 -0.00487394   0.0276873 -0.00686328
 0.00487394           0 -0.00943398  -0.0244363
 -0.0276873  0.00943398           0  -0.0035786
 0.00686328   0.0244363   0.0035786           0
Repeater1[0]<--->HoM1[0]
REAL
   0.395647 -0.00736808 -0.00983663     0.27854
-0.00736808    0.112676  0.00672002   -0.018753
-0.00983663  0.00672002    0.113956  -0.0199509
    0.27854   -0.018753  -0.0199509    0.377721
IMAGINARY
          0  0.00124359 -0.00212441  0.00683424
-0.00124359           0   0.0106221   -0.015332
 0.00212441  -0.0106221           0   0.0124721
-0.00683424    0.015332  -0.0124721           0
EndNode1[0]<--->Repeater1[0]
REAL
  0.359395  0.0104885  0.0112251   0.298085
 0.0104885   0.102144 0.00553219  0.0184906
 0.0112251 0.00553219   0.110971 0.00372341
  0.298085  0.0184906 0.00372341   0.427491
IMAGINARY
           0  0.000737806   -0.0305427   0.00765539
-0.000737806            0    0.0108159   0.00261721
