EndNode1[0]<--->Repeater1[0]
REAL
    0.328477   0.00435399 -0.000776179    0.0285815
  0.00435399     0.231788   0.00519336   0.00541194
-0.000776179   0.00519336     0.256954  -0.00766524
   0.0285815   0.00541194  -0.00766524     0.182781
IMAGINARY
          0  -0.0148451  -0.0033641 -0.00381123
  0.0148451           0  0.00183494   0.0115815
  0.0033641 -0.00183494           0  0.00536347
 0.00381123  -0.0115815 -0.00536347           0
EndNode2[0]<--->HoM1[0]
REAL
   0.328105  -0.0333343 -0.00187913   0.0359687
 -0.0333343    0.220915    0.017821  0.00554661
-0.00187913    0.017821    0.223529  0.00154944
  0.0359687  0.00554661  0.00154944    0.227451
IMAGINARY
           0    0.0112115   0.00822008 -0.000651042
  -0.0112115            0 -0.000651042   -0.0100974
 -0.00822008  0.000651042            0    0.0144456
 0.000651042    0.0100974   -0.0144456            0
Repeater1[0]<--->EndNode1[0]
REAL
    0.328477 -0.000776179   0.00435399    0.0285815
-0.000776179     0.256954   0.00519336  -0.00766524
  0.00435399   0.00519336     0.231788   0.00541194
   0.0285815  -0.00766524   0.00541194     0.182781
IMAGINARY
          0  -0.0033641  -0.0148451 -0.00381123
  0.0033641           0 -0.00183494  0.00536347
  0.0148451  0.00183494           0   0.0115815
 0.00381123 -0.00536347  -0.0115815           0
Repeater1[0]<--->HoM1[0]
REAL
   0.328105 -0.00187913  -0.0333343   0.0359687
-0.00187913    0.223529    0.017821  0.00154944
 -0.0333343    0.017821    0.220915  0.00554661
  0.0359687  0.00154944  0.00554661    0.227451
IMAGINARY
           0   0.00822008    0.0112115 -0.000651042
 -0.00822008            0  0.000651042    0.0144456
  -0.0112115 -0.000651042            0   -0.0100974
 0.000651042   -0.0144456    0.0100974            0
EndNode1[0]<--->Repeater1[0]
REAL
   0.330299 -0.00768321 -0.00141163   0.0399583
-0.00768321    0.222367   0.0028988   0.0206663
-0.00141163   0.0028988    0.262679   0.0070621
  0.0399583   0.0206663   0.0070621    0.184655
IMAGINARY
          0 -0.00609462  0.00616567  0.00228841
 0.00609462           0  0.00921362 -0.00312801
-0.00616567 -0.00921362           0  0.00184189
-0.00228841  0.00312801 -0.00184189           0
EndNode2[0]<--->HoM1[0]
REAL
   0.323646 -0.00795412  0.00684595   0.0487174
-0.00795412    0.220608 -0.00253263 0.000516835
 0.00684595 -0.00253263    0.219287  -0.0154729
  0.0487174 0.000516835  -0.0154729     0.23646
IMAGINARY
          0   0.0236051  0.00771983 -0.00937541
 -0.0236051           0   0.0202589   0.0147802
-0.00771983  -0.0202589           0   0.0176449
 0.00937541  -0.0147802  -0.0176449           0
Repeater1[0]<--->EndNode1[0]
REAL
   0.330299 -0.00141163 -0.00768321   0.0399583
-0.00141163    0.262679   0.0028988   0.0070621
-0.00768321   0.0028988    0.222367   0.0206663
  0.0399583   0.0070621   0.0206663    0.184655
IMAGINARY
          0  0.00616567 -0.00609462  0.00228841
-0.00616567           0 -0.00921362  0.00184189
 0.00609462  0.00921362           0 -0.00312801
-0.00228841 -0.00184189  0.00312801           0
Repeater1[0]<--->HoM1[0]
REAL
   0.323646  0.00684595 -0.00795412   0.0487174
 0.00684595    0.219287 -0.00253263  -0.0154729
-0.00795412 -0.00253263    0.220608 0.000516835
  0.0487174  -0.0154729 0.000516835     0.23646
IMAGINARY
          0  0.00771983   0.0236051 -0.00937541
-0.00771983           0  -0.0202589   0.0176449
 -0.0236051   0.0202589           0   0.0147802
 0.00937541  -0.0176449  -0.0147802           0
EndNode1[0]<--->Repeater1[0]
REAL
   0.332443  -0.0189061   0.0116185   0.0219005
 -0.0189061    0.209613   0.0179005   0.0182323
  0.0116185   0.0179005    0.257677 -0.00348195
  0.0219005   0.0182323 -0.00348195    0.200267
IMAGINARY
          0 -0.00825461  -0.0251983 -0.00288069
 0.00825461           0  0.00856969   -0.020135
  0.0251983 -0.00856969           0   0.0269213
 0.00288069    0.020135  -0.0269213           0
EndNode2[0]<--->HoM1[0]
REAL
   0.332481  0.00176205  0.00429096   0.0290105
 0.00176205    0.222506   0.0356068  0.00762874
 0.00429096   0.0356068    0.221228 -0.00615352
  0.0290105  0.00762874 -0.00615352    0.223785
IMAGINARY
          0   0.0177598 -0.00619758 -0.00948957
 -0.0177598           0   0.0075836    0.028625
 0.00619758  -0.0075836           0   0.0152217
 0.00948957   -0.028625  -0.0152217           0
Repeater1[0]<--->EndNode1[0]
REAL
   0.332443   0.0116185  -0.0189061   0.0219005
  0.0116185    0.257677   0.0179005 -0.00348195
 -0.0189061   0.0179005    0.209613   0.0182323
  0.0219005 -0.00348195   0.0182323    0.200267
IMAGINARY
          0  -0.0251983 -0.00825461 -0.00288069
  0.0251983           0 -0.00856969   0.0269213
 0.00825461  0.00856969           0   -0.020135
 0.00288069  -0.0269213    0.020135           0
Repeater1[0]<--->HoM1[0]
REAL
   0.332481  0.00429096  0.00176205   0.0290105
 0.00429096    0.221228   0.0356068 -0.00615352
 0.00176205   0.0356068    0.222506  0.00762874
  0.0290105 -0.00615352  0.00762874    0.223785
IMAGINARY
          0 -0.00619758   0.0177598 -0.00948957
 0.00619758           0  -0.0075836   0.0152217
 -0.0177598   0.0075836           0    0.028625
 0.00948957  -0.0152217   -0.028625           0
EndNode1[0]<--->Repeater1[0]
REAL
   0.31976 0.00375613 0.00109343 0.00620231
0.00375613   0.237126 0.00437971  0.0174251
0.00109343 0.00437971   0.237126  0.0200534
0.00620231  0.0174251  0.0200534   0.205988
IMAGINARY
          0   0.0021638   0.0094208 -0.00267023
 -0.0021638           0   0.0113485 -0.00516806
 -0.0094208  -0.0113485           0   0.0105944
 0.00267023  0.00516806  -0.0105944           0
EndNode2[0]<--->HoM1[0]
REAL
  0.339973 0.00263727 -0.0198167  0.0625846
0.00263727   0.193891   0.021366  0.0420389
-0.0198167   0.021366   0.244356 0.00847384
 0.0625846  0.0420389 0.00847384    0.22178
IMAGINARY
           0   0.00571218   -0.0202593   -0.0105322
 -0.00571218            0  0.000249447  0.000546054
   0.0202593 -0.000249447            0   0.00444314
   0.0105322 -0.000546054  -0.00444314            0
Repeater1[0]<--->EndNode1[0]
REAL
   0.31976 0.00109343 0.00375613 0.00620231
0.00109343   0.237126 0.00437971  0.0200534
0.00375613 0.00437971   0.237126  0.0174251
0.00620231  0.0200534  0.0174251   0.205988
IMAGINARY
          0   0.0094208   0.0021638 -0.00267023
 -0.0094208           0  -0.0113485   0.0105944
 -0.0021638   0.0113485           0 -0.00516806
 0.00267023  -0.0105944  0.00516806           0
Repeater1[0]<--->HoM1[0]
REAL
  0.339973 -0.0198167 0.00263727  0.0625846
-0.0198167   0.244356   0.021366 0.00847384
0.00263727   0.021366   0.193891  0.0420389
 0.0625846 0.00847384  0.0420389    0.22178
IMAGINARY
           0   -0.0202593   0.00571218   -0.0105322
   0.0202593            0 -0.000249447   0.00444314
 -0.00571218  0.000249447            0  0.000546054
   0.0105322  -0.00444314 -0.000546054            0
EndNode1[0]<--->Repeater1[0]
REAL
   0.352406  -0.0172101   0.0183203   0.0322868
 -0.0172101    0.230169   0.0187066 -0.00971101
  0.0183203   0.0187066     0.23407  0.00330277
  0.0322868 -0.00971101  0.00330277    0.183355
IMAGINARY
          0 -0.00732036  -0.0190289  -0.0111251
 0.00732036           0   0.0314814   0.0190289
  0.0190289  -0.0314814           0  0.00238209
  0.0111251  -0.0190289 -0.00238209           0
EndNode2[0]<--->HoM1[0]
REAL
    0.310484  -8.3692e-06     0.014822    0.0277454
 -8.3692e-06     0.245968   0.00305406    -0.023341
    0.014822   0.00305406     0.235215 -0.000646939
   0.0277454    -0.023341 -0.000646939     0.208333
IMAGINARY
           0   -0.0160494  4.20875e-05  -0.00941861
   0.0160494            0    0.0137773  -0.00374579
-4.20875e-05   -0.0137773            0    0.0209877
  0.00941861   0.00374579   -0.0209877            0
Repeater1[0]<--->EndNode1[0]
REAL
   0.352406   0.0183203  -0.0172101   0.0322868
  0.0183203     0.23407   0.0187066  0.00330277
 -0.0172101   0.0187066    0.230169 -0.00971101
  0.0322868  0.00330277 -0.00971101    0.183355
IMAGINARY
          0  -0.0190289 -0.00732036  -0.0111251
  0.0190289           0  -0.0314814  0.00238209
 0.00732036   0.0314814           0   0.0190289
  0.0111251 -0.00238209  -0.0190289           0
Repeater1[0]<--->HoM1[0]
REAL
    0.310484     0.014822  -8.3692e-06    0.0277454
    0.014822     0.235215   0.00305406 -0.000646939
 -8.3692e-06   0.00305406     0.245968    -0.023341
   0.0277454 -0.000646939    -0.023341     0.208333
IMAGINARY
           0  4.20875e-05   -0.0160494  -0.00941861
-4.20875e-05            0   -0.0137773    0.0209877
   0.0160494    0.0137773            0  -0.00374579
  0.00941861   -0.0209877   0.00374579            0
EndNode1[0]<--->Repeater1[0]
REAL
   0.342003  0.00252893   0.0187169 -0.00211327
 0.00252893    0.209363   0.0121724    0.012644
  0.0187169   0.0121724    0.248375   0.0146308
-0.00211327    0.012644   0.0146308     0.20026
IMAGINARY
          0  0.00201613   0.0105919   0.0088296
-0.00201613           0 -0.00326718  0.00239515
 -0.0105919  0.00326718           0 -0.00201613
 -0.0088296 -0.00239515  0.00201613           0
EndNode2[0]<--->HoM1[0]
REAL
     0.2861 -0.00200318  0.00280199   0.0528129
-0.00200318    0.253711 0.000113648  0.00280199
 0.00280199 0.000113648    0.230769 -0.00858213
  0.0528129  0.00280199 -0.00858213     0.22942
IMAGINARY
           0   0.00572518   -0.0208026    0.0100131
 -0.00572518            0   -0.0228336  0.000237026
   0.0208026    0.0228336            0    0.0122697
  -0.0100131 -0.000237026   -0.0122697            0
Repeater1[0]<--->EndNode1[0]
REAL
   0.342003   0.0187169  0.00252893 -0.00211327
  0.0187169    0.248375   0.0121724   0.0146308
 0.00252893   0.0121724    0.209363    0.012644
-0.00211327   0.0146308    0.012644     0.20026
IMAGINARY
          0   0.0105919  0.00201613   0.0088296
 -0.0105919           0  0.00326718 -0.00201613
-0.00201613 -0.00326718           0  0.00239515
 -0.0088296  0.00201613 -0.00239515           0
Repeater1[0]<--->HoM1[0]
REAL
     0.2861  0.00280199 -0.00200318   0.0528129
 0.00280199    0.230769 0.000113648 -0.00858213
-0.00200318 0.000113648    0.253711  0.00280199
  0.0528129 -0.00858213  0.00280199     0.22942
IMAGINARY
           0   -0.0208026   0.00572518    0.0100131
   0.0208026            0    0.0228336    0.0122697
 -0.00572518   -0.0228336            0  0.000237026
  -0.0100131   -0.0122697 -0.000237026            0
EndNode1[0]<--->Repeater1[0]
REAL
     0.34359 -0.000306216  -0.00189775   0.00696223
-0.000306216     0.198718    0.0140774  -0.00676562
 -0.00189775    0.0140774      0.25641    0.0151577
  0.00696223  -0.00676562    0.0151577     0.201282
IMAGINARY
           0   -0.0255271   -0.0115206   -0.0101158
   0.0255271            0    0.0144744  -0.00206284
   0.0115206   -0.0144744            0  0.000300712
   0.0101158   0.00206284 -0.000300712            0
EndNode2[0]<--->HoM1[0]
REAL
    0.32772  -0.0127386 -0.00672906   0.0414185
 -0.0127386    0.208549   0.0186337  -0.0219916
-0.00672906   0.0186337    0.227979  -0.0120656
  0.0414185  -0.0219916  -0.0120656    0.235751
IMAGINARY
          0 -0.00373844   0.0195725 -0.00794001
 0.00373844           0  -0.0199081  0.00700973
 -0.0195725   0.0199081           0 -0.00891979
 0.00794001 -0.00700973  0.00891979           0
Repeater1[0]<--->EndNode1[0]
REAL
     0.34359  -0.00189775 -0.000306216   0.00696223
 -0.00189775      0.25641    0.0140774    0.0151577
-0.000306216    0.0140774     0.198718  -0.00676562
  0.00696223    0.0151577  -0.00676562     0.201282
IMAGINARY
           0   -0.0115206   -0.0255271   -0.0101158
   0.0115206            0   -0.0144744  0.000300712
   0.0255271    0.0144744            0  -0.00206284
   0.0101158 -0.000300712   0.00206284            0
Repeater1[0]<--->HoM1[0]
REAL
    0.32772 -0.00672906  -0.0127386   0.0414185
-0.00672906    0.227979   0.0186337  -0.0120656
 -0.0127386   0.0186337    0.208549  -0.0219916
  0.0414185  -0.0120656  -0.0219916    0.235751
IMAGINARY
          0   0.0195725 -0.00373844 -0.00794001
 -0.0195725           0   0.0199081 -0.00891979
 0.00373844  -0.0199081           0  0.00700973
 0.00794001  0.00891979 -0.00700973           0
EndNode1[0]<--->Repeater1[0]
REAL
   0.344403 -0.00150829  0.00460195   0.0231215
-0.00150829    0.234932 -0.00674867  -0.0171964
 0.00460195 -0.00674867    0.226322  -0.0136051
  0.0231215  -0.0171964  -0.0136051    0.194342
IMAGINARY
          0  -0.0106494  -0.0168831   0.0256582
  0.0106494           0  0.00884622  -0.0025974
  0.0168831 -0.00884622           0  0.00935065
 -0.0256582   0.0025974 -0.00935065           0
EndNode2[0]<--->HoM1[0]
REAL
  0.270408  -0.015272  0.0150047  0.0145957
 -0.015272   0.221939  0.0385957 0.00361231
 0.0150047  0.0385957   0.237245 -0.0139833
 0.0145957 0.00361231 -0.0139833   0.270408
IMAGINARY
          0  -0.0143347   0.0114996 -0.00629419
  0.0143347           0 -0.00252535  -0.0208329
 -0.0114996  0.00252535           0   -0.012332
 0.00629419   0.0208329    0.012332           0
Repeater1[0]<--->EndNode1[0]
REAL
   0.344403  0.00460195 -0.00150829   0.0231215
 0.00460195    0.226322 -0.00674867  -0.0136051
-0.00150829 -0.00674867    0.234932  -0.0171964
  0.0231215  -0.0136051  -0.0171964    0.194342
IMAGINARY
          0  -0.0168831  -0.0106494   0.0256582
  0.0168831           0 -0.00884622  0.00935065
  0.0106494  0.00884622           0  -0.0025974
 -0.0256582 -0.00935065   0.0025974           0
Repeater1[0]<--->HoM1[0]
REAL
  0.270408  0.0150047  -0.015272  0.0145957
 0.0150047   0.237245  0.0385957 -0.0139833
 -0.015272  0.0385957   0.221939 0.00361231
 0.0145957 -0.0139833 0.00361231   0.270408
IMAGINARY
          0   0.0114996  -0.0143347 -0.00629419
 -0.0114996           0  0.00252535   -0.012332
  0.0143347 -0.00252535           0  -0.0208329
 0.00629419    0.012332   0.0208329           0
EndNode1[0]<--->Repeater1[0]
REAL
   0.356091  -0.0141795   0.0149476   0.0246491
 -0.0141795    0.223561    0.025286 -0.00651702
  0.0149476    0.025286    0.236948  0.00834297
  0.0246491 -0.00651702  0.00834297      0.1834
IMAGINARY
           0  0.000395066    0.0110901    0.0136913
-0.000395066            0   0.00959298  -0.00663146
  -0.0110901  -0.00959298            0    0.0244457
  -0.0136913   0.00663146   -0.0244457            0
EndNode2[0]<--->HoM1[0]
REAL
   0.278283  0.00328625 -0.00803542   0.0447048
 0.00328625    0.254876   0.0181225 0.000182022
-0.00803542   0.0181225     0.20026  0.00194935
  0.0447048 0.000182022  0.00194935     0.26658
IMAGINARY
          0   0.0103047  0.00116806  0.00962017
 -0.0103047           0   0.0166265  -0.0150921
-0.00116806  -0.0166265           0 -0.00903884
-0.00962017   0.0150921  0.00903884           0
Repeater1[0]<--->EndNode1[0]
REAL
   0.356091   0.0149476  -0.0141795   0.0246491
  0.0149476    0.236948    0.025286  0.00834297
 -0.0141795    0.025286    0.223561 -0.00651702
  0.0246491  0.00834297 -0.00651702      0.1834
IMAGINARY
           0    0.0110901  0.000395066    0.0136913
  -0.0110901            0  -0.00959298    0.0244457
-0.000395066   0.00959298            0  -0.00663146
  -0.0136913   -0.0244457   0.00663146            0
Repeater1[0]<--->HoM1[0]
REAL
   0.278283 -0.00803542  0.00328625   0.0447048
-0.00803542     0.20026   0.0181225  0.00194935
 0.00328625   0.0181225    0.254876 0.000182022
  0.0447048  0.00194935 0.000182022     0.26658
IMAGINARY
          0  0.00116806   0.0103047  0.00962017
-0.00116806           0  -0.0166265 -0.00903884
 -0.0103047   0.0166265           0  -0.0150921
-0.00962017  0.00903884   0.0150921           0
EndNode1[0]<--->Repeater1[0]
REAL
   0.337696  -0.0134523   0.0148638   0.0235654
 -0.0134523     0.22644 -0.00346163 -0.00513619
  0.0148638 -0.00346163    0.223822 -0.00276044
  0.0235654 -0.00513619 -0.00276044    0.212042
IMAGINARY
          0  -0.0188352   0.0127022   0.0165587
  0.0188352           0  0.00478671  0.00326828
 -0.0127022 -0.00478671           0   0.0139212
 -0.0165587 -0.00326828  -0.0139212           0
EndNode2[0]<--->HoM1[0]
REAL
   0.329016 0.000585429 -0.00475993   0.0419243
0.000585429    0.231865   0.0117406 -0.00963798
-0.00475993   0.0117406    0.221503   0.0177392
  0.0419243 -0.00963798   0.0177392    0.217617
IMAGINARY
           0  0.000464786   0.00310525   -0.0109001
-0.000464786            0  -0.00376654   -0.0109793
 -0.00310525   0.00376654            0   0.00740923
   0.0109001    0.0109793  -0.00740923            0
Repeater1[0]<--->EndNode1[0]
REAL
   0.337696   0.0148638  -0.0134523   0.0235654
  0.0148638    0.223822 -0.00346163 -0.00276044
 -0.0134523 -0.00346163     0.22644 -0.00513619
  0.0235654 -0.00276044 -0.00513619    0.212042
IMAGINARY
          0   0.0127022  -0.0188352   0.0165587
 -0.0127022           0 -0.00478671   0.0139212
  0.0188352  0.00478671           0  0.00326828
 -0.0165587  -0.0139212 -0.00326828           0
Repeater1[0]<--->HoM1[0]
REAL
   0.329016 -0.00475993 0.000585429   0.0419243
-0.00475993    0.221503   0.0117406   0.0177392
0.000585429   0.0117406    0.231865 -0.00963798
  0.0419243   0.0177392 -0.00963798    0.217617
IMAGINARY
           0   0.00310525  0.000464786   -0.0109001
 -0.00310525            0   0.00376654   0.00740923
-0.000464786  -0.00376654            0   -0.0109793
   0.0109001  -0.00740923    0.0109793            0
EndNode1[0]<--->Repeater1[0]
REAL
   0.306407  -0.0271075 -0.00536564   0.0331858
 -0.0271075    0.229805 0.000991367 -0.00982424
-0.00536564 0.000991367    0.254875   0.0321708
  0.0331858 -0.00982424   0.0321708    0.208914
IMAGINARY
           0   0.00161263  -0.00314871  -0.00908897
 -0.00161263            0 -0.000787569   0.00117762
  0.00314871  0.000787569            0  -0.00489778
  0.00908897  -0.00117762   0.00489778            0
EndNode2[0]<--->HoM1[0]
REAL
  0.319202 0.00189152 0.00038276  0.0356879
0.00189152   0.225686 0.00597872 0.00574469
0.00038276 0.00597872   0.246883 0.00913789
 0.0356879 0.00574469 0.00913789   0.208229
IMAGINARY
          0 -0.00987525  -0.0126446  0.00810714
 0.00987525           0  -0.0139136   -0.013272
  0.0126446   0.0139136           0   0.0130358
-0.00810714    0.013272  -0.0130358           0
Repeater1[0]<--->EndNode1[0]
REAL
   0.306407 -0.00536564  -0.0271075   0.0331858
-0.00536564    0.254875 0.000991367   0.0321708
 -0.0271075 0.000991367    0.229805 -0.00982424
  0.0331858   0.0321708 -0.00982424    0.208914
IMAGINARY
           0  -0.00314871   0.00161263  -0.00908897
  0.00314871            0  0.000787569  -0.00489778
 -0.00161263 -0.000787569            0   0.00117762
  0.00908897   0.00489778  -0.00117762            0
Repeater1[0]<--->HoM1[0]
REAL
  0.319202 0.00038276 0.00189152  0.0356879
0.00038276   0.246883 0.00597872 0.00913789
0.00189152 0.00597872   0.225686 0.00574469
 0.0356879 0.00913789 0.00574469   0.208229
IMAGINARY
          0  -0.0126446 -0.00987525  0.00810714
  0.0126446           0   0.0139136   0.0130358
 0.00987525  -0.0139136           0   -0.013272
-0.00810714  -0.0130358    0.013272           0
EndNode1[0]<--->Repeater1[0]
REAL
   0.335917  0.00415572   0.0071833   0.0261244
 0.00415572    0.191214    0.024819 -0.00403865
  0.0071833    0.024819    0.254522  -0.0173633
  0.0261244 -0.00403865  -0.0173633    0.218346
IMAGINARY
          0  -0.0140102  0.00631742   -0.021809
  0.0140102           0   0.0185239   0.0224032
-0.00631742  -0.0185239           0  -0.0120994
   0.021809  -0.0224032   0.0120994           0
EndNode2[0]<--->HoM1[0]
REAL
  0.317333 0.00159797 0.00796393  0.0284476
0.00159797      0.216 0.00726664 -0.0347496
0.00796393 0.00726664   0.225333 -0.0054245
 0.0284476 -0.0347496 -0.0054245   0.241333
IMAGINARY
          0  -0.0210142 -0.00227856  -0.0171456
  0.0210142           0  -0.0203385 -0.00349807
 0.00227856   0.0203385           0  0.00496802
  0.0171456  0.00349807 -0.00496802           0
Repeater1[0]<--->EndNode1[0]
REAL
   0.335917   0.0071833  0.00415572   0.0261244
  0.0071833    0.254522    0.024819  -0.0173633
 0.00415572    0.024819    0.191214 -0.00403865
  0.0261244  -0.0173633 -0.00403865    0.218346
IMAGINARY
          0  0.00631742  -0.0140102   -0.021809
-0.00631742           0  -0.0185239  -0.0120994
  0.0140102   0.0185239           0   0.0224032
   0.021809   0.0120994  -0.0224032           0
Repeater1[0]<--->HoM1[0]
REAL
  0.317333 0.00796393 0.00159797  0.0284476
0.00796393   0.225333 0.00726664 -0.0054245
0.00159797 0.00726664      0.216 -0.0347496
 0.0284476 -0.0054245 -0.0347496   0.241333
IMAGINARY
          0 -0.00227856  -0.0210142  -0.0171456
 0.00227856           0   0.0203385  0.00496802
  0.0210142  -0.0203385           0 -0.00349807
  0.0171456 -0.00496802  0.00349807           0
EndNode1[0]<--->Repeater1[0]
REAL
    0.35635  -0.0152793 -0.00270372   0.0115283
 -0.0152793    0.200986   0.0115283 -0.00849523
-0.00270372   0.0115283     0.24291  -0.0064598
  0.0115283 -0.00849523  -0.0064598    0.199753
IMAGINARY
          0  -0.0251315  0.00663052   0.0088313
  0.0251315           0  0.00436131   -0.010652
-0.00663052 -0.00436131           0  0.00904571
 -0.0088313    0.010652 -0.00904571           0
EndNode2[0]<--->HoM1[0]
REAL
   0.347771  -0.0128075 -0.00651067   0.0258423
 -0.0128075    0.249682 -0.00404901  -0.0152826
-0.00651067 -0.00404901    0.185987 0.000976913
  0.0258423  -0.0152826 0.000976913    0.216561
IMAGINARY
          0  0.00904573   0.0216953   0.0225453
-0.00904573           0   0.0270731   0.0136308
 -0.0216953  -0.0270731           0  0.00454123
 -0.0225453  -0.0136308 -0.00454123           0
Repeater1[0]<--->EndNode1[0]
REAL
    0.35635 -0.00270372  -0.0152793   0.0115283
-0.00270372     0.24291   0.0115283  -0.0064598
 -0.0152793   0.0115283    0.200986 -0.00849523
  0.0115283  -0.0064598 -0.00849523    0.199753
IMAGINARY
          0  0.00663052  -0.0251315   0.0088313
-0.00663052           0 -0.00436131  0.00904571
  0.0251315  0.00436131           0   -0.010652
 -0.0088313 -0.00904571    0.010652           0
Repeater1[0]<--->HoM1[0]
REAL
   0.347771 -0.00651067  -0.0128075   0.0258423
-0.00651067    0.185987 -0.00404901 0.000976913
 -0.0128075 -0.00404901    0.249682  -0.0152826
  0.0258423 0.000976913  -0.0152826    0.216561
IMAGINARY
          0   0.0216953  0.00904573   0.0225453
 -0.0216953           0  -0.0270731  0.00454123
-0.00904573   0.0270731           0   0.0136308
 -0.0225453 -0.00454123  -0.0136308           0
EndNode1[0]<--->Repeater1[0]
REAL
    0.3342 0.00576731  0.0137576  0.0259422
0.00576731   0.239272  0.0196291  0.0087071
 0.0137576  0.0196291    0.23277 0.00642781
 0.0259422  0.0087071 0.00642781   0.193758
IMAGINARY
          0  -0.0125598  -0.0141184  -0.0165922
  0.0125598           0 -0.00691478  -0.0174473
  0.0141184  0.00691478           0  0.00498405
  0.0165922   0.0174473 -0.00498405           0
EndNode2[0]<--->HoM1[0]
REAL
  0.330311  0.0199263  0.0129847  0.0212435
 0.0199263   0.216321   0.014559  0.0104721
 0.0129847   0.014559   0.218912 -0.0211609
 0.0212435  0.0104721 -0.0211609   0.234456
IMAGINARY
          0  -0.0165818 -0.00869524 -0.00175992
  0.0165818           0   0.0108983 -0.00734754
 0.00869524  -0.0108983           0  -0.0248621
 0.00175992  0.00734754   0.0248621           0
Repeater1[0]<--->EndNode1[0]
REAL
    0.3342  0.0137576 0.00576731  0.0259422
 0.0137576    0.23277  0.0196291 0.00642781
0.00576731  0.0196291   0.239272  0.0087071
 0.0259422 0.00642781  0.0087071   0.193758
IMAGINARY
          0  -0.0141184  -0.0125598  -0.0165922
  0.0141184           0  0.00691478  0.00498405
  0.0125598 -0.00691478           0  -0.0174473
  0.0165922 -0.00498405   0.0174473           0
Repeater1[0]<--->HoM1[0]
REAL
  0.330311  0.0129847  0.0199263  0.0212435
 0.0129847   0.218912   0.014559 -0.0211609
 0.0199263   0.014559   0.216321  0.0104721
 0.0212435 -0.0211609  0.0104721   0.234456
IMAGINARY
          0 -0.00869524  -0.0165818 -0.00175992
 0.00869524           0  -0.0108983  -0.0248621
  0.0165818   0.0108983           0 -0.00734754
 0.00175992   0.0248621  0.00734754           0
EndNode1[0]<--->Repeater1[0]
REAL
    0.324607   0.00023887    0.0113818    0.0185226
  0.00023887     0.227749 -0.000907438  -0.00867172
   0.0113818 -0.000907438     0.248691   -0.0192091
   0.0185226  -0.00867172   -0.0192091     0.198953
IMAGINARY
          0   0.0110726 -0.00856343   -0.010489
 -0.0110726           0  -0.0023944  0.00467742
 0.00856343   0.0023944           0  -0.0369793
   0.010489 -0.00467742   0.0369793           0
EndNode2[0]<--->HoM1[0]
REAL
    0.276762    0.0217949   -0.0152086    0.0223891
   0.0217949      0.23107  -0.00315834 -0.000175968
  -0.0152086  -0.00315834     0.248042   0.00769231
   0.0223891 -0.000175968   0.00769231     0.244125
IMAGINARY
           0  -0.00183999    0.0131831  -0.00707609
  0.00183999            0   0.00577738    0.0111478
  -0.0131831  -0.00577738            0 -0.000593104
  0.00707609   -0.0111478  0.000593104            0
Repeater1[0]<--->EndNode1[0]
REAL
    0.324607    0.0113818   0.00023887    0.0185226
   0.0113818     0.248691 -0.000907438   -0.0192091
  0.00023887 -0.000907438     0.227749  -0.00867172
   0.0185226   -0.0192091  -0.00867172     0.198953
IMAGINARY
          0 -0.00856343   0.0110726   -0.010489
 0.00856343           0   0.0023944  -0.0369793
 -0.0110726  -0.0023944           0  0.00467742
   0.010489   0.0369793 -0.00467742           0
Repeater1[0]<--->HoM1[0]
REAL
    0.276762   -0.0152086    0.0217949    0.0223891
  -0.0152086     0.248042  -0.00315834   0.00769231
   0.0217949  -0.00315834      0.23107 -0.000175968
   0.0223891   0.00769231 -0.000175968     0.244125
IMAGINARY
           0    0.0131831  -0.00183999  -0.00707609
  -0.0131831            0  -0.00577738 -0.000593104
  0.00183999   0.00577738            0    0.0111478
  0.00707609  0.000593104   -0.0111478            0
EndNode1[0]<--->Repeater1[0]
REAL
   0.340541  0.00967254 -0.00191813   0.0132233
 0.00967254    0.213514 -0.00344336   0.0129206
-0.00191813 -0.00344336    0.228378 -0.00233758
  0.0132233   0.0129206 -0.00233758    0.217568
IMAGINARY
         0 -0.0117047  0.0207897  0.0188545
 0.0117047          0  0.0117577 -0.0156615
-0.0207897 -0.0117577          0  0.0129867
-0.0188545  0.0156615 -0.0129867          0
EndNode2[0]<--->HoM1[0]
REAL
  0.328283 -0.0207226 0.00412917    0.02925
-0.0207226   0.219697  0.0265975 -0.0389518
0.00412917  0.0265975   0.227273  0.0279499
   0.02925 -0.0389518  0.0279499   0.224747
IMAGINARY
          0  -0.0125291 -0.00300197 -0.00271137
  0.0125291           0   0.0102491 -0.00362933
 0.00300197  -0.0102491           0  0.00722402
 0.00271137  0.00362933 -0.00722402           0
Repeater1[0]<--->EndNode1[0]
REAL
   0.340541 -0.00191813  0.00967254   0.0132233
-0.00191813    0.228378 -0.00344336 -0.00233758
 0.00967254 -0.00344336    0.213514   0.0129206
  0.0132233 -0.00233758   0.0129206    0.217568
IMAGINARY
         0  0.0207897 -0.0117047  0.0188545
-0.0207897          0 -0.0117577  0.0129867
 0.0117047  0.0117577          0 -0.0156615
-0.0188545 -0.0129867  0.0156615          0
Repeater1[0]<--->HoM1[0]
REAL
  0.328283 0.00412917 -0.0207226    0.02925
0.00412917   0.227273  0.0265975  0.0279499
-0.0207226  0.0265975   0.219697 -0.0389518
   0.02925  0.0279499 -0.0389518   0.224747
IMAGINARY
          0 -0.00300197  -0.0125291 -0.00271137
 0.00300197           0  -0.0102491  0.00722402
  0.0125291   0.0102491           0 -0.00362933
 0.00271137 -0.00722402  0.00362933           0
EndNode1[0]<--->Repeater1[0]
REAL
  0.352941 -0.0158485 0.00422643  0.0148544
-0.0158485   0.212766  0.0465491 -0.0332413
0.00422643  0.0465491   0.229036 0.00977565
 0.0148544 -0.0332413 0.00977565   0.205257
IMAGINARY
           0   -0.0193353   0.00351947   0.00342786
   0.0193353            0  0.000952614     0.010064
 -0.00351947 -0.000952614            0  -0.00589104
 -0.00342786    -0.010064   0.00589104            0
EndNode2[0]<--->HoM1[0]
REAL
     0.305 -0.0136914 -0.0159333   0.042845
-0.0136914       0.24  0.0368847 0.00377114
-0.0159333  0.0368847    0.21875 -0.0241465
  0.042845 0.00377114 -0.0241465    0.23625
IMAGINARY
          0  0.00284309 -0.00594291   0.0158993
-0.00284309           0  0.00281034 -0.00266637
 0.00594291 -0.00281034           0 -0.00615434
 -0.0158993  0.00266637  0.00615434           0
Repeater1[0]<--->EndNode1[0]
REAL
  0.352941 0.00422643 -0.0158485  0.0148544
0.00422643   0.229036  0.0465491 0.00977565
-0.0158485  0.0465491   0.212766 -0.0332413
 0.0148544 0.00977565 -0.0332413   0.205257
IMAGINARY
           0   0.00351947   -0.0193353   0.00342786
 -0.00351947            0 -0.000952614  -0.00589104
   0.0193353  0.000952614            0     0.010064
 -0.00342786   0.00589104    -0.010064            0
Repeater1[0]<--->HoM1[0]
REAL
     0.305 -0.0159333 -0.0136914   0.042845
-0.0159333    0.21875  0.0368847 -0.0241465
-0.0136914  0.0368847       0.24 0.00377114
  0.042845 -0.0241465 0.00377114    0.23625
IMAGINARY
          0 -0.00594291  0.00284309   0.0158993
 0.00594291           0 -0.00281034 -0.00615434
-0.00284309  0.00281034           0 -0.00266637
 -0.0158993  0.00615434  0.00266637           0
EndNode1[0]<--->Repeater1[0]
REAL
   0.345628   0.0163142  0.00610601   0.0250122
  0.0163142    0.211749   0.0108369 -0.00296135
 0.00610601   0.0108369    0.239071  -0.0119116
  0.0250122 -0.00296135  -0.0119116    0.203552
IMAGINARY
          0  -0.0136689   0.0215622  -0.0101926
  0.0136689           0   -0.013971  -0.0138303
 -0.0215622    0.013971           0 -0.00308364
  0.0101926   0.0138303  0.00308364           0
EndNode2[0]<--->HoM1[0]
REAL
   0.31565   0.010945 0.00204657  0.0233602
  0.010945   0.248011 0.00801495  0.0119721
0.00204657 0.00801495    0.22679 0.00707903
 0.0233602  0.0119721 0.00707903   0.209549
IMAGINARY
          0  -0.0138324 -0.00316772  -0.0251743
  0.0138324           0   0.0101417  0.00444649
 0.00316772  -0.0101417           0  0.00104469
  0.0251743 -0.00444649 -0.00104469           0
Repeater1[0]<--->EndNode1[0]
REAL
   0.345628  0.00610601   0.0163142   0.0250122
 0.00610601    0.239071   0.0108369  -0.0119116
  0.0163142   0.0108369    0.211749 -0.00296135
  0.0250122  -0.0119116 -0.00296135    0.203552
IMAGINARY
          0   0.0215622  -0.0136689  -0.0101926
 -0.0215622           0    0.013971 -0.00308364
  0.0136689   -0.013971           0  -0.0138303
  0.0101926  0.00308364   0.0138303           0
Repeater1[0]<--->HoM1[0]
REAL
   0.31565 0.00204657   0.010945  0.0233602
0.00204657    0.22679 0.00801495 0.00707903
  0.010945 0.00801495   0.248011  0.0119721
 0.0233602 0.00707903  0.0119721   0.209549
IMAGINARY
          0 -0.00316772  -0.0138324  -0.0251743
 0.00316772           0  -0.0101417  0.00104469
  0.0138324   0.0101417           0  0.00444649
  0.0251743 -0.00104469 -0.00444649           0
EndNode1[0]<--->Repeater1[0]
REAL
  0.317269 0.00431763  0.0108411  0.0301114
0.00431763   0.219545  0.0281709  0.0179933
 0.0108411  0.0281709    0.26506 0.00243084
 0.0301114  0.0179933 0.00243084   0.198126
IMAGINARY
           0 -0.000346096    0.0226668   -0.0125185
 0.000346096            0  -0.00881481   0.00126598
  -0.0226668   0.00881481            0    0.0113422
   0.0125185  -0.00126598   -0.0113422            0
EndNode2[0]<--->HoM1[0]
REAL
   0.302296  -0.0143219 -0.00705162   0.0466812
 -0.0143219        0.25   0.0243715   0.0241569
-0.00705162   0.0243715    0.223214  -0.0027834
  0.0466812   0.0241569  -0.0027834     0.22449
IMAGINARY
           0   -0.0162821    0.0130307    0.0165411
   0.0162821            0  -0.00964024  -0.00121964
  -0.0130307   0.00964024            0 -0.000778246
  -0.0165411   0.00121964  0.000778246            0
Repeater1[0]<--->EndNode1[0]
REAL
  0.317269  0.0108411 0.00431763  0.0301114
 0.0108411    0.26506  0.0281709 0.00243084
0.00431763  0.0281709   0.219545  0.0179933
 0.0301114 0.00243084  0.0179933   0.198126
IMAGINARY
           0    0.0226668 -0.000346096   -0.0125185
  -0.0226668            0   0.00881481    0.0113422
 0.000346096  -0.00881481            0   0.00126598
   0.0125185   -0.0113422  -0.00126598            0
Repeater1[0]<--->HoM1[0]
REAL
   0.302296 -0.00705162  -0.0143219   0.0466812
-0.00705162    0.223214   0.0243715  -0.0027834
 -0.0143219   0.0243715        0.25   0.0241569
  0.0466812  -0.0027834   0.0241569     0.22449
IMAGINARY
           0    0.0130307   -0.0162821    0.0165411
  -0.0130307            0   0.00964024 -0.000778246
   0.0162821  -0.00964024            0  -0.00121964
  -0.0165411  0.000778246   0.00121964            0
EndNode1[0]<--->Repeater1[0]
REAL
  0.342428 -0.0146607  0.0131505   0.026896
-0.0146607   0.236016  0.0114718 0.00694698
 0.0131505  0.0114718   0.222374 -0.0127449
  0.026896 0.00694698 -0.0127449   0.199181
IMAGINARY
           0  0.000993377 -0.000774682   0.00471445
-0.000993377            0   -0.0146154   0.00463072
 0.000774682    0.0146154            0 -0.000993377
 -0.00471445  -0.00463072  0.000993377            0
EndNode2[0]<--->HoM1[0]
REAL
   0.315259 -0.00923011  -0.0194617   0.0545135
-0.00923011    0.242119    0.015461   0.0118282
 -0.0194617    0.015461    0.229508  -0.0085816
  0.0545135   0.0118282  -0.0085816    0.213115
IMAGINARY
           0   -0.0111573  -0.00704471   0.00882869
   0.0111573            0  0.000309689  -0.00896042
  0.00704471 -0.000309689            0   -0.0214932
 -0.00882869   0.00896042    0.0214932            0
Repeater1[0]<--->EndNode1[0]
REAL
  0.342428  0.0131505 -0.0146607   0.026896
 0.0131505   0.222374  0.0114718 -0.0127449
-0.0146607  0.0114718   0.236016 0.00694698
  0.026896 -0.0127449 0.00694698   0.199181
IMAGINARY
           0 -0.000774682  0.000993377   0.00471445
 0.000774682            0    0.0146154 -0.000993377
-0.000993377   -0.0146154            0   0.00463072
 -0.00471445  0.000993377  -0.00463072            0
Repeater1[0]<--->HoM1[0]
REAL
   0.315259  -0.0194617 -0.00923011   0.0545135
 -0.0194617    0.229508    0.015461  -0.0085816
-0.00923011    0.015461    0.242119   0.0118282
  0.0545135  -0.0085816   0.0118282    0.213115
IMAGINARY
           0  -0.00704471   -0.0111573   0.00882869
  0.00704471            0 -0.000309689   -0.0214932
   0.0111573  0.000309689            0  -0.00896042
 -0.00882869    0.0214932   0.00896042            0
EndNode1[0]<--->Repeater1[0]
REAL
   0.325666    -0.01771  -0.0250081    0.031104
   -0.01771    0.234867   0.0228622  0.00485209
 -0.0250081   0.0228622    0.249395 -0.00114562
   0.031104  0.00485209 -0.00114562    0.190073
IMAGINARY
           0    0.0179647 -0.000869849   0.00447949
  -0.0179647            0    0.0174329   0.00224348
 0.000869849   -0.0174329            0 -0.000107573
 -0.00447949  -0.00224348  0.000107573            0
EndNode2[0]<--->HoM1[0]
REAL
   0.302005  0.00479427  -0.0248386   0.0313683
 0.00479427    0.230576  0.00817247 -0.00194707
 -0.0248386  0.00817247    0.235589  0.00285879
  0.0313683 -0.00194707  0.00285879     0.23183
IMAGINARY
          0   0.0208553  0.00128866 -0.00628868
 -0.0208553           0 -0.00369801  0.00128866
-0.00128866  0.00369801           0  -0.0053914
 0.00628868 -0.00128866   0.0053914           0
Repeater1[0]<--->EndNode1[0]
REAL
   0.325666  -0.0250081    -0.01771    0.031104
 -0.0250081    0.249395   0.0228622 -0.00114562
   -0.01771   0.0228622    0.234867  0.00485209
   0.031104 -0.00114562  0.00485209    0.190073
IMAGINARY
           0 -0.000869849    0.0179647   0.00447949
 0.000869849            0   -0.0174329 -0.000107573
  -0.0179647    0.0174329            0   0.00224348
 -0.00447949  0.000107573  -0.00224348            0
Repeater1[0]<--->HoM1[0]
REAL
   0.302005  -0.0248386  0.00479427   0.0313683
 -0.0248386    0.235589  0.00817247  0.00285879
 0.00479427  0.00817247    0.230576 -0.00194707
  0.0313683  0.00285879 -0.00194707     0.23183
IMAGINARY
          0  0.00128866   0.0208553 -0.00628868
-0.00128866           0  0.00369801  -0.0053914
 -0.0208553 -0.00369801           0  0.00128866
 0.00628868   0.0053914 -0.00128866           0
EndNode1[0]<--->Repeater1[0]
REAL
   0.329936  -0.0208718 -0.00185037   0.0187266
 -0.0208718    0.238217  -0.0031211  -0.0137551
-0.00185037  -0.0031211    0.230573 0.000272514
  0.0187266  -0.0137551 0.000272514    0.201274
IMAGINARY
          0  0.00206485 -0.00350044  -0.0111583
-0.00206485           0   0.0124638   0.0191059
 0.00350044  -0.0124638           0 -0.00893127
  0.0111583  -0.0191059  0.00893127           0
EndNode2[0]<--->HoM1[0]
REAL
   0.310705   0.0260748   0.0122294   0.0360211
  0.0260748    0.246736 -0.00410625 -0.00284268
  0.0122294 -0.00410625    0.224543  -0.0141849
  0.0360211 -0.00284268  -0.0141849    0.218016
IMAGINARY
          0  -0.0186936  0.00944105  -0.0184972
  0.0186936           0 -0.00698824 -0.00753023
-0.00944105  0.00698824           0 -0.00996879
  0.0184972  0.00753023  0.00996879           0
Repeater1[0]<--->EndNode1[0]
REAL
   0.329936 -0.00185037  -0.0208718   0.0187266
-0.00185037    0.230573  -0.0031211 0.000272514
 -0.0208718  -0.0031211    0.238217  -0.0137551
  0.0187266 0.000272514  -0.0137551    0.201274
IMAGINARY
          0 -0.00350044  0.00206485  -0.0111583
 0.00350044           0  -0.0124638 -0.00893127
-0.00206485   0.0124638           0   0.0191059
  0.0111583  0.00893127  -0.0191059           0
Repeater1[0]<--->HoM1[0]
REAL
   0.310705   0.0122294   0.0260748   0.0360211
  0.0122294    0.224543 -0.00410625  -0.0141849
  0.0260748 -0.00410625    0.246736 -0.00284268
  0.0360211  -0.0141849 -0.00284268    0.218016
IMAGINARY
          0  0.00944105  -0.0186936  -0.0184972
-0.00944105           0  0.00698824 -0.00996879
  0.0186936 -0.00698824           0 -0.00753023
  0.0184972  0.00996879  0.00753023           0
EndNode1[0]<--->Repeater1[0]
REAL
   0.329442  0.00386557 -0.00645909   0.0365409
 0.00386557    0.233463 -0.00436266  -0.0121053
-0.00645909 -0.00436266    0.224384 -0.00262794
  0.0365409  -0.0121053 -0.00262794    0.212711
IMAGINARY
         0 -0.0255538  0.0117705 -0.0085854
 0.0255538          0 -0.0145934 -0.0221491
-0.0117705  0.0145934          0 -0.0153497
 0.0085854  0.0221491  0.0153497          0
EndNode2[0]<--->HoM1[0]
REAL
    0.30413  -0.0257012 -0.00796585   0.0431593
 -0.0257012      0.2403   0.0244427  0.00158829
-0.00796585   0.0244427    0.235294   0.0103951
  0.0431593  0.00158829   0.0103951    0.220275
IMAGINARY
          0 -0.00739516   0.0127395  0.00225838
 0.00739516           0  0.00164787  0.00196638
 -0.0127395 -0.00164787           0  -0.0126583
-0.00225838 -0.00196638   0.0126583           0
Repeater1[0]<--->EndNode1[0]
REAL
   0.329442 -0.00645909  0.00386557   0.0365409
-0.00645909    0.224384 -0.00436266 -0.00262794
 0.00386557 -0.00436266    0.233463  -0.0121053
  0.0365409 -0.00262794  -0.0121053    0.212711
IMAGINARY
         0  0.0117705 -0.0255538 -0.0085854
-0.0117705          0  0.0145934 -0.0153497
 0.0255538 -0.0145934          0 -0.0221491
 0.0085854  0.0153497  0.0221491          0
Repeater1[0]<--->HoM1[0]
REAL
    0.30413 -0.00796585  -0.0257012   0.0431593
-0.00796585    0.235294   0.0244427   0.0103951
 -0.0257012   0.0244427      0.2403  0.00158829
  0.0431593   0.0103951  0.00158829    0.220275
IMAGINARY
          0   0.0127395 -0.00739516  0.00225838
 -0.0127395           0 -0.00164787  -0.0126583
 0.00739516  0.00164787           0  0.00196638
-0.00225838   0.0126583 -0.00196638           0
EndNode1[0]<--->Repeater1[0]
REAL
   0.346829  0.00355063   0.0115126   0.0124019
 0.00355063    0.221323  0.00162874  0.00634459
  0.0115126  0.00162874    0.236167 -0.00992819
  0.0124019  0.00634459 -0.00992819    0.195682
IMAGINARY
          0 -0.00982128  -0.0164664   0.0209557
 0.00982128           0 -0.00975679  -0.0158529
  0.0164664  0.00975679           0  -0.0212307
 -0.0209557   0.0158529   0.0212307           0
EndNode2[0]<--->HoM1[0]
REAL
   0.312658  -0.0132676 -0.00188262   0.0426412
 -0.0132676    0.211392   0.0287873  -0.0236744
-0.00188262   0.0287873    0.227848  0.00212734
  0.0426412  -0.0236744  0.00212734    0.248101
IMAGINARY
