EndNode1[0]<--->Repeater1[0]
REAL
   0.437179  -0.0209504  -0.0146618    0.318862
 -0.0209504   0.0423077 -0.00278596  0.00376261
 -0.0146618 -0.00278596   0.0461538   0.0086888
   0.318862  0.00376261   0.0086888    0.474359
IMAGINARY
           0 -0.000664499   -0.0250737  -0.00619275
 0.000664499            0  -0.00556382   0.00969851
   0.0250737   0.00556382            0   0.00988959
  0.00619275  -0.00969851  -0.00988959            0
EndNode2[0]<--->HoM1[0]
REAL
   0.459318  0.00888419  -0.0197488    0.324996
 0.00888419   0.0577428 -0.00342949 -0.00528334
 -0.0197488 -0.00342949   0.0472441 -0.00695865
   0.324996 -0.00528334 -0.00695865    0.435696
IMAGINARY
          0  0.00642044   0.0094682   0.0108655
-0.00642044           0  0.00405016  0.00013487
 -0.0094682 -0.00405016           0  -0.0288276
 -0.0108655 -0.00013487   0.0288276           0
Repeater1[0]<--->EndNode1[0]
REAL
   0.437179  -0.0146618  -0.0209504    0.318862
 -0.0146618   0.0461538 -0.00278596   0.0086888
 -0.0209504 -0.00278596   0.0423077  0.00376261
   0.318862   0.0086888  0.00376261    0.474359
IMAGINARY
           0   -0.0250737 -0.000664499  -0.00619275
   0.0250737            0   0.00556382   0.00988959
 0.000664499  -0.00556382            0   0.00969851
  0.00619275  -0.00988959  -0.00969851            0
Repeater1[0]<--->HoM1[0]
REAL
   0.459318  -0.0197488  0.00888419    0.324996
 -0.0197488   0.0472441 -0.00342949 -0.00695865
 0.00888419 -0.00342949   0.0577428 -0.00528334
   0.324996 -0.00695865 -0.00528334    0.435696
IMAGINARY
          0   0.0094682  0.00642044   0.0108655
 -0.0094682           0 -0.00405016  -0.0288276
-0.00642044  0.00405016           0  0.00013487
 -0.0108655   0.0288276 -0.00013487           0
EndNode1[0]<--->Repeater1[0]
REAL
   0.456186   0.0122728 -0.00521123    0.322336
  0.0122728   0.0373711  0.00415412    0.015145
-0.00521123  0.00415412   0.0463918  0.00163449
   0.322336    0.015145  0.00163449    0.460052
IMAGINARY
          0  0.00394726   0.0206821 -0.00568546
-0.00394726           0  0.00118096   0.0039932
 -0.0206821 -0.00118096           0  -0.0208304
 0.00568546  -0.0039932   0.0208304           0
EndNode2[0]<--->HoM1[0]
REAL
    0.438931  -0.00706665 -0.000437093     0.322137
 -0.00706665    0.0559796   0.00793608  -0.00323039
-0.000437093   0.00793608    0.0368957   0.00462166
    0.322137  -0.00323039   0.00462166     0.468193
IMAGINARY
          0 -0.00110288 -0.00862436 -0.00028827
 0.00110288           0  -0.0221392 -0.00143481
 0.00862436   0.0221392           0 -0.00895629
 0.00028827  0.00143481  0.00895629           0
Repeater1[0]<--->EndNode1[0]
REAL
   0.456186 -0.00521123   0.0122728    0.322336
-0.00521123   0.0463918  0.00415412  0.00163449
  0.0122728  0.00415412   0.0373711    0.015145
   0.322336  0.00163449    0.015145    0.460052
IMAGINARY
          0   0.0206821  0.00394726 -0.00568546
 -0.0206821           0 -0.00118096  -0.0208304
-0.00394726  0.00118096           0   0.0039932
 0.00568546   0.0208304  -0.0039932           0
Repeater1[0]<--->HoM1[0]
REAL
    0.438931 -0.000437093  -0.00706665     0.322137
-0.000437093    0.0368957   0.00793608   0.00462166
 -0.00706665   0.00793608    0.0559796  -0.00323039
    0.322137   0.00462166  -0.00323039     0.468193
IMAGINARY
          0 -0.00862436 -0.00110288 -0.00028827
 0.00862436           0   0.0221392 -0.00895629
 0.00110288  -0.0221392           0 -0.00143481
 0.00028827  0.00895629  0.00143481           0
EndNode1[0]<--->Repeater1[0]
REAL
  0.449062  0.0142829 -0.0178489   0.324261
 0.0142829  0.0495979 0.00552622 0.00470748
-0.0178489 0.00552622  0.0428954 -0.0174118
  0.324261 0.00470748 -0.0174118   0.458445
IMAGINARY
          0 -0.00346871  -0.0183421  0.00716809
 0.00346871           0 -0.00781829  0.00739319
  0.0183421  0.00781829           0  -0.0135629
-0.00716809 -0.00739319   0.0135629           0
EndNode2[0]<--->HoM1[0]
REAL
   0.442257 -0.00380787   0.0119469    0.324106
-0.00380787   0.0380577 -0.00237216  0.00209465
  0.0119469 -0.00237216   0.0419948 0.000755365
   0.324106  0.00209465 0.000755365     0.47769
IMAGINARY
           0  -0.00940687  -0.00640452  -0.00160331
  0.00940687            0  0.000297829   -0.0077343
  0.00640452 -0.000297829            0   -0.0034466
  0.00160331    0.0077343    0.0034466            0
Repeater1[0]<--->EndNode1[0]
REAL
  0.449062 -0.0178489  0.0142829   0.324261
-0.0178489  0.0428954 0.00552622 -0.0174118
 0.0142829 0.00552622  0.0495979 0.00470748
  0.324261 -0.0174118 0.00470748   0.458445
IMAGINARY
          0  -0.0183421 -0.00346871  0.00716809
  0.0183421           0  0.00781829  -0.0135629
 0.00346871 -0.00781829           0  0.00739319
-0.00716809   0.0135629 -0.00739319           0
Repeater1[0]<--->HoM1[0]
REAL
   0.442257   0.0119469 -0.00380787    0.324106
  0.0119469   0.0419948 -0.00237216 0.000755365
-0.00380787 -0.00237216   0.0380577  0.00209465
   0.324106 0.000755365  0.00209465     0.47769
IMAGINARY
           0  -0.00640452  -0.00940687  -0.00160331
  0.00640452            0 -0.000297829   -0.0034466
  0.00940687  0.000297829            0   -0.0077343
  0.00160331    0.0034466    0.0077343            0
EndNode1[0]<--->Repeater1[0]
REAL
    0.450262  -0.00236858   -0.0116515     0.341993
 -0.00236858    0.0379581    0.0104005 -0.000316536
  -0.0116515    0.0104005    0.0510471    -0.018908
    0.341993 -0.000316536    -0.018908     0.460733
IMAGINARY
           0 -0.000500173   0.00657936   0.00917185
 0.000500173            0   0.00665929 -5.19423e-05
 -0.00657936  -0.00665929            0    0.0187769
 -0.00917185  5.19423e-05   -0.0187769            0
EndNode2[0]<--->HoM1[0]
REAL
    0.462799 -0.000955414    0.0124346     0.321274
-0.000955414    0.0491803  -0.00404204   -0.0124346
   0.0124346  -0.00404204    0.0529634  0.000955414
    0.321274   -0.0124346  0.000955414     0.435057
IMAGINARY
          0   0.0033331  -0.0193484  -0.0109604
 -0.0033331           0 -0.00774287  0.00415856
  0.0193484  0.00774287           0   0.0169201
  0.0109604 -0.00415856  -0.0169201           0
Repeater1[0]<--->EndNode1[0]
REAL
    0.450262   -0.0116515  -0.00236858     0.341993
  -0.0116515    0.0510471    0.0104005    -0.018908
 -0.00236858    0.0104005    0.0379581 -0.000316536
    0.341993    -0.018908 -0.000316536     0.460733
IMAGINARY
           0   0.00657936 -0.000500173   0.00917185
 -0.00657936            0  -0.00665929    0.0187769
 0.000500173   0.00665929            0 -5.19423e-05
 -0.00917185   -0.0187769  5.19423e-05            0
Repeater1[0]<--->HoM1[0]
REAL
    0.462799    0.0124346 -0.000955414     0.321274
   0.0124346    0.0529634  -0.00404204  0.000955414
-0.000955414  -0.00404204    0.0491803   -0.0124346
    0.321274  0.000955414   -0.0124346     0.435057
IMAGINARY
          0  -0.0193484   0.0033331  -0.0109604
  0.0193484           0  0.00774287   0.0169201
 -0.0033331 -0.00774287           0  0.00415856
  0.0109604  -0.0169201 -0.00415856           0
EndNode1[0]<--->Repeater1[0]
REAL
    0.439797 -0.000732198   0.00568938     0.330053
-0.000732198    0.0544994    0.0132402  -0.00369735
  0.00568938    0.0132402    0.0468948   0.00538027
    0.330053  -0.00369735   0.00538027     0.458809
IMAGINARY
          0  0.00572807   0.0127956  0.00388979
-0.00572807           0   0.0058055  -0.0071494
 -0.0127956  -0.0058055           0  -0.0189025
-0.00388979   0.0071494   0.0189025           0
EndNode2[0]<--->HoM1[0]
REAL
   0.458543  0.00033922   0.0297279    0.342761
 0.00033922   0.0376884 -0.00686331  -0.0117792
  0.0297279 -0.00686331   0.0427136 -0.00290332
   0.342761  -0.0117792 -0.00290332    0.461055
IMAGINARY
          0  -0.0248329   0.0210575  0.00285081
  0.0248329           0  0.00934431   0.0177896
 -0.0210575 -0.00934431           0 -0.00900173
-0.00285081  -0.0177896  0.00900173           0
Repeater1[0]<--->EndNode1[0]
REAL
    0.439797   0.00568938 -0.000732198     0.330053
  0.00568938    0.0468948    0.0132402   0.00538027
-0.000732198    0.0132402    0.0544994  -0.00369735
    0.330053   0.00538027  -0.00369735     0.458809
IMAGINARY
          0   0.0127956  0.00572807  0.00388979
 -0.0127956           0  -0.0058055  -0.0189025
-0.00572807   0.0058055           0  -0.0071494
-0.00388979   0.0189025   0.0071494           0
Repeater1[0]<--->HoM1[0]
REAL
   0.458543   0.0297279  0.00033922    0.342761
  0.0297279   0.0427136 -0.00686331 -0.00290332
 0.00033922 -0.00686331   0.0376884  -0.0117792
   0.342761 -0.00290332  -0.0117792    0.461055
IMAGINARY
          0   0.0210575  -0.0248329  0.00285081
 -0.0210575           0 -0.00934431 -0.00900173
  0.0248329  0.00934431           0   0.0177896
-0.00285081  0.00900173  -0.0177896           0
EndNode1[0]<--->Repeater1[0]
REAL
  0.448829 0.00288092 0.00648537   0.324812
0.00288092  0.0567201 0.00105224 0.00183729
0.00648537 0.00105224  0.0456227 0.00288092
  0.324812 0.00183729 0.00288092   0.448829
IMAGINARY
          0   0.0290433  -0.0193348   0.0192667
 -0.0290433           0  0.00620252  0.00889097
  0.0193348 -0.00620252           0   -0.014683
 -0.0192667 -0.00889097    0.014683           0
EndNode2[0]<--->HoM1[0]
REAL
  0.448586 -0.0135133 -0.0103858   0.340937
-0.0135133  0.0565553 0.00542787 0.00558471
-0.0103858 0.00542787  0.0462725  0.0334036
  0.340937 0.00558471  0.0334036   0.448586
IMAGINARY
          0  -0.0127171  0.00498591   0.0137385
  0.0127171           0  0.00333463 -0.00759687
-0.00498591 -0.00333463           0  -0.0107816
 -0.0137385  0.00759687   0.0107816           0
Repeater1[0]<--->EndNode1[0]
REAL
  0.448829 0.00648537 0.00288092   0.324812
0.00648537  0.0456227 0.00105224 0.00288092
0.00288092 0.00105224  0.0567201 0.00183729
  0.324812 0.00288092 0.00183729   0.448829
IMAGINARY
          0  -0.0193348   0.0290433   0.0192667
  0.0193348           0 -0.00620252   -0.014683
 -0.0290433  0.00620252           0  0.00889097
 -0.0192667    0.014683 -0.00889097           0
Repeater1[0]<--->HoM1[0]
REAL
  0.448586 -0.0103858 -0.0135133   0.340937
-0.0103858  0.0462725 0.00542787  0.0334036
-0.0135133 0.00542787  0.0565553 0.00558471
  0.340937  0.0334036 0.00558471   0.448586
IMAGINARY
          0  0.00498591  -0.0127171   0.0137385
-0.00498591           0 -0.00333463  -0.0107816
  0.0127171  0.00333463           0 -0.00759687
 -0.0137385   0.0107816  0.00759687           0
EndNode1[0]<--->Repeater1[0]
REAL
   0.460459 -0.00826309  0.00677957     0.32434
-0.00826309   0.0382653  -0.0043401  -0.0214462
 0.00677957  -0.0043401   0.0497449 -0.00507024
    0.32434  -0.0214462 -0.00507024    0.451531
IMAGINARY
          0  0.00755488 -0.00273212 -0.00364138
-0.00755488           0 -0.00807737  -0.0112273
 0.00273212  0.00807737           0   0.0127497
 0.00364138   0.0112273  -0.0127497           0
EndNode2[0]<--->HoM1[0]
REAL
  0.455729 -0.0117447 -0.0195361   0.331888
-0.0117447  0.0494792 0.00313769 0.00684578
-0.0195361 0.00313769  0.0546875 -0.0110979
  0.331888 0.00684578 -0.0110979   0.440104
IMAGINARY
           0   -0.0153329  0.000162338    0.0194395
   0.0153329            0    0.0147541    0.0248377
-0.000162338   -0.0147541            0   -0.0134171
  -0.0194395   -0.0248377    0.0134171            0
Repeater1[0]<--->EndNode1[0]
REAL
   0.460459  0.00677957 -0.00826309     0.32434
 0.00677957   0.0497449  -0.0043401 -0.00507024
-0.00826309  -0.0043401   0.0382653  -0.0214462
    0.32434 -0.00507024  -0.0214462    0.451531
IMAGINARY
          0 -0.00273212  0.00755488 -0.00364138
 0.00273212           0  0.00807737   0.0127497
-0.00755488 -0.00807737           0  -0.0112273
 0.00364138  -0.0127497   0.0112273           0
Repeater1[0]<--->HoM1[0]
REAL
  0.455729 -0.0195361 -0.0117447   0.331888
-0.0195361  0.0546875 0.00313769 -0.0110979
-0.0117447 0.00313769  0.0494792 0.00684578
  0.331888 -0.0110979 0.00684578   0.440104
IMAGINARY
           0  0.000162338   -0.0153329    0.0194395
-0.000162338            0   -0.0147541   -0.0134171
   0.0153329    0.0147541            0    0.0248377
  -0.0194395    0.0134171   -0.0248377            0
EndNode1[0]<--->Repeater1[0]
REAL
   0.436943 -0.00479858 -0.00135766    0.329757
-0.00479858   0.0433121 5.66961e-05   0.0106744
-0.00135766 5.66961e-05   0.0292994 0.000450759
   0.329757   0.0106744 0.000450759    0.490446
IMAGINARY
          0  0.00678318  0.00118155  -0.0118582
-0.00678318           0   0.0177715  -0.0297919
-0.00118155  -0.0177715           0   0.0204648
  0.0118582   0.0297919  -0.0204648           0
EndNode2[0]<--->HoM1[0]
REAL
   0.435006  0.00152733 -0.00664563    0.325574
 0.00152733   0.0501931  0.00838313  -0.0176989
-0.00664563  0.00838313   0.0630631 -0.00964219
   0.325574  -0.0176989 -0.00964219    0.451737
IMAGINARY
          0 -0.00234729 -0.00087339   0.0190379
 0.00234729           0   0.0025254   0.0105586
 0.00087339  -0.0025254           0 -0.00370598
 -0.0190379  -0.0105586  0.00370598           0
Repeater1[0]<--->EndNode1[0]
REAL
   0.436943 -0.00135766 -0.00479858    0.329757
-0.00135766   0.0292994 5.66961e-05 0.000450759
-0.00479858 5.66961e-05   0.0433121   0.0106744
   0.329757 0.000450759   0.0106744    0.490446
IMAGINARY
          0  0.00118155  0.00678318  -0.0118582
-0.00118155           0  -0.0177715   0.0204648
-0.00678318   0.0177715           0  -0.0297919
  0.0118582  -0.0204648   0.0297919           0
Repeater1[0]<--->HoM1[0]
REAL
   0.435006 -0.00664563  0.00152733    0.325574
-0.00664563   0.0630631  0.00838313 -0.00964219
 0.00152733  0.00838313   0.0501931  -0.0176989
   0.325574 -0.00964219  -0.0176989    0.451737
IMAGINARY
          0 -0.00087339 -0.00234729   0.0190379
 0.00087339           0  -0.0025254 -0.00370598
 0.00234729   0.0025254           0   0.0105586
 -0.0190379  0.00370598  -0.0105586           0
EndNode1[0]<--->Repeater1[0]
REAL
   0.435065  0.00782053   0.0139679    0.348484
 0.00782053   0.0467532   0.0127025  -0.0112725
  0.0139679   0.0127025   0.0584416 -0.00377741
   0.348484  -0.0112725 -0.00377741     0.45974
IMAGINARY
          0 -0.00151414   0.0037742  -0.0173496
 0.00151414           0  0.00830924 -0.00444176
 -0.0037742 -0.00830924           0 -0.00449387
  0.0173496  0.00444176  0.00449387           0
EndNode2[0]<--->HoM1[0]
REAL
   0.465608  -0.0130464 -0.00705427    0.324161
 -0.0130464   0.0462963  0.00597933  0.00258428
-0.00705427  0.00597933   0.0515873    0.004745
   0.324161  0.00258428    0.004745    0.436508
IMAGINARY
           0    -0.005423    0.0111272      0.02362
    0.005423            0  0.000130034    0.0150436
  -0.0111272 -0.000130034            0   -0.0124833
    -0.02362   -0.0150436    0.0124833            0
Repeater1[0]<--->EndNode1[0]
REAL
   0.435065   0.0139679  0.00782053    0.348484
  0.0139679   0.0584416   0.0127025 -0.00377741
 0.00782053   0.0127025   0.0467532  -0.0112725
   0.348484 -0.00377741  -0.0112725     0.45974
IMAGINARY
          0   0.0037742 -0.00151414  -0.0173496
 -0.0037742           0 -0.00830924 -0.00449387
 0.00151414  0.00830924           0 -0.00444176
  0.0173496  0.00449387  0.00444176           0
Repeater1[0]<--->HoM1[0]
REAL
   0.465608 -0.00705427  -0.0130464    0.324161
-0.00705427   0.0515873  0.00597933    0.004745
 -0.0130464  0.00597933   0.0462963  0.00258428
   0.324161    0.004745  0.00258428    0.436508
IMAGINARY
           0    0.0111272    -0.005423      0.02362
  -0.0111272            0 -0.000130034   -0.0124833
    0.005423  0.000130034            0    0.0150436
    -0.02362    0.0124833   -0.0150436            0
EndNode1[0]<--->Repeater1[0]
REAL
   0.459288  0.00281069 0.000639256     0.32809
 0.00281069   0.0559796 -0.00352907 -0.00189239
0.000639256 -0.00352907   0.0458015   0.0285176
    0.32809 -0.00189239   0.0285176    0.438931
IMAGINARY
          0 -0.00125606 -0.00159642   0.0152646
 0.00125606           0  -0.0117972  0.00159642
 0.00159642   0.0117972           0  0.00254141
 -0.0152646 -0.00159642 -0.00254141           0
EndNode2[0]<--->HoM1[0]
REAL
   0.428035  -0.0203327  -0.0206257    0.335932
 -0.0203327   0.0500626   -0.007124 -0.00593862
 -0.0206257   -0.007124   0.0513141  -0.0144961
   0.335932 -0.00593862  -0.0144961    0.470588
IMAGINARY
           0     0.013123   0.00753594  -0.00491934
   -0.013123            0   0.00160808  0.000797394
 -0.00753594  -0.00160808            0  -0.00340082
  0.00491934 -0.000797394   0.00340082            0
Repeater1[0]<--->EndNode1[0]
REAL
   0.459288 0.000639256  0.00281069     0.32809
0.000639256   0.0458015 -0.00352907   0.0285176
 0.00281069 -0.00352907   0.0559796 -0.00189239
    0.32809   0.0285176 -0.00189239    0.438931
IMAGINARY
          0 -0.00159642 -0.00125606   0.0152646
 0.00159642           0   0.0117972  0.00254141
 0.00125606  -0.0117972           0  0.00159642
 -0.0152646 -0.00254141 -0.00159642           0
Repeater1[0]<--->HoM1[0]
REAL
   0.428035  -0.0206257  -0.0203327    0.335932
 -0.0206257   0.0513141   -0.007124  -0.0144961
 -0.0203327   -0.007124   0.0500626 -0.00593862
   0.335932  -0.0144961 -0.00593862    0.470588
IMAGINARY
           0   0.00753594     0.013123  -0.00491934
 -0.00753594            0  -0.00160808  -0.00340082
   -0.013123   0.00160808            0  0.000797394
  0.00491934   0.00340082 -0.000797394            0
EndNode1[0]<--->Repeater1[0]
REAL
   0.439336  -0.0211161  -0.0129074    0.334646
 -0.0211161    0.063857 3.10174e-05  -0.0193507
 -0.0129074 3.10174e-05   0.0651341 -0.00979787
   0.334646  -0.0193507 -0.00979787    0.431673
IMAGINARY
           0    -0.012344  5.27527e-05    0.0345298
    0.012344            0  -0.00450367    0.0037934
-5.27527e-05   0.00450367            0    0.0097799
  -0.0345298   -0.0037934   -0.0097799            0
EndNode2[0]<--->HoM1[0]
REAL
   0.459494  0.00348169 -0.00754563    0.327528
 0.00348169   0.0443038  -0.0201881 -0.00621584
-0.00754563  -0.0201881   0.0506329   0.0155222
   0.327528 -0.00621584   0.0155222     0.44557
IMAGINARY
          0   0.0111444 -0.00583447  -0.0285267
 -0.0111444           0   0.0152641   -0.011932
 0.00583447  -0.0152641           0  0.00408405
  0.0285267    0.011932 -0.00408405           0
Repeater1[0]<--->EndNode1[0]
REAL
   0.439336  -0.0129074  -0.0211161    0.334646
 -0.0129074   0.0651341 3.10174e-05 -0.00979787
 -0.0211161 3.10174e-05    0.063857  -0.0193507
   0.334646 -0.00979787  -0.0193507    0.431673
IMAGINARY
           0  5.27527e-05    -0.012344    0.0345298
-5.27527e-05            0   0.00450367    0.0097799
    0.012344  -0.00450367            0    0.0037934
  -0.0345298   -0.0097799   -0.0037934            0
Repeater1[0]<--->HoM1[0]
REAL
   0.459494 -0.00754563  0.00348169    0.327528
-0.00754563   0.0506329  -0.0201881   0.0155222
 0.00348169  -0.0201881   0.0443038 -0.00621584
   0.327528   0.0155222 -0.00621584     0.44557
IMAGINARY
          0 -0.00583447   0.0111444  -0.0285267
 0.00583447           0  -0.0152641  0.00408405
 -0.0111444   0.0152641           0   -0.011932
  0.0285267 -0.00408405    0.011932           0
EndNode1[0]<--->Repeater1[0]
REAL
  0.434548 -0.0143864 -0.0104357   0.319318
-0.0143864   0.048583  0.0159761 0.00808279
-0.0104357  0.0159761  0.0404858  0.0167394
  0.319318 0.00808279  0.0167394   0.476383
IMAGINARY
         0 -0.0129073 -0.0086058  0.0106293
 0.0129073          0   0.022534  0.0304567
 0.0086058  -0.022534          0 -0.0153703
-0.0106293 -0.0304567  0.0153703          0
EndNode2[0]<--->HoM1[0]
REAL
   0.417853  0.00633966    0.011226    0.329688
 0.00633966   0.0388098 0.000757363  0.00981359
   0.011226 0.000757363   0.0465718 -0.00386442
   0.329688  0.00981359 -0.00386442    0.496766
IMAGINARY
           0   -0.0345238   0.00851572  0.000618734
   0.0345238            0   0.00563127    0.0298491
 -0.00851572  -0.00563127            0   0.00119048
-0.000618734   -0.0298491  -0.00119048            0
Repeater1[0]<--->EndNode1[0]
REAL
  0.434548 -0.0104357 -0.0143864   0.319318
-0.0104357  0.0404858  0.0159761  0.0167394
-0.0143864  0.0159761   0.048583 0.00808279
  0.319318  0.0167394 0.00808279   0.476383
IMAGINARY
         0 -0.0086058 -0.0129073  0.0106293
 0.0086058          0  -0.022534 -0.0153703
 0.0129073   0.022534          0  0.0304567
-0.0106293  0.0153703 -0.0304567          0
Repeater1[0]<--->HoM1[0]
REAL
   0.417853    0.011226  0.00633966    0.329688
   0.011226   0.0465718 0.000757363 -0.00386442
 0.00633966 0.000757363   0.0388098  0.00981359
   0.329688 -0.00386442  0.00981359    0.496766
IMAGINARY
           0   0.00851572   -0.0345238  0.000618734
 -0.00851572            0  -0.00563127   0.00119048
   0.0345238   0.00563127            0    0.0298491
-0.000618734  -0.00119048   -0.0298491            0
EndNode1[0]<--->Repeater1[0]
REAL
   0.470588 -0.00139898 -0.00637007    0.319821
-0.00139898   0.0467914  -0.0094765  -0.0121976
-0.00637007  -0.0094765   0.0454545  -0.0105374
   0.319821  -0.0121976  -0.0105374    0.437166
IMAGINARY
          0 -0.00449626 -0.00231097  -0.0224418
 0.00449626           0   0.0159144 -0.00737426
 0.00231097  -0.0159144           0   0.0178135
  0.0224418  0.00737426  -0.0178135           0
EndNode2[0]<--->HoM1[0]
REAL
   0.459016 0.000905033   0.0139537    0.318543
0.000905033   0.0542245  0.00652241  -0.0270086
  0.0139537  0.00652241   0.0567465  -0.0217928
   0.318543  -0.0270086  -0.0217928    0.430013
IMAGINARY
           0   0.00468671  -0.00445148   -0.0311847
 -0.00468671            0  -0.00906084 -0.000663605
  0.00445148   0.00906084            0  -0.00340794
   0.0311847  0.000663605   0.00340794            0
Repeater1[0]<--->EndNode1[0]
REAL
   0.470588 -0.00637007 -0.00139898    0.319821
-0.00637007   0.0454545  -0.0094765  -0.0105374
-0.00139898  -0.0094765   0.0467914  -0.0121976
   0.319821  -0.0105374  -0.0121976    0.437166
IMAGINARY
          0 -0.00231097 -0.00449626  -0.0224418
 0.00231097           0  -0.0159144   0.0178135
 0.00449626   0.0159144           0 -0.00737426
  0.0224418  -0.0178135  0.00737426           0
Repeater1[0]<--->HoM1[0]
REAL
   0.459016   0.0139537 0.000905033    0.318543
  0.0139537   0.0567465  0.00652241  -0.0217928
0.000905033  0.00652241   0.0542245  -0.0270086
   0.318543  -0.0217928  -0.0270086    0.430013
IMAGINARY
           0  -0.00445148   0.00468671   -0.0311847
  0.00445148            0   0.00906084  -0.00340794
 -0.00468671  -0.00906084            0 -0.000663605
   0.0311847   0.00340794  0.000663605            0
EndNode1[0]<--->Repeater1[0]
REAL
  0.457801 0.00540424 -0.0198296   0.338292
0.00540424  0.0358056  0.0120919 0.00320559
-0.0198296  0.0120919  0.0434783 -0.0105193
  0.338292 0.00320559 -0.0105193   0.462916
IMAGINARY
          0    0.010786  0.00967358 -0.00463222
  -0.010786           0   0.0135155  -0.0181042
-0.00967358  -0.0135155           0 -0.00235541
 0.00463222   0.0181042  0.00235541           0
EndNode2[0]<--->HoM1[0]
REAL
  0.447903  0.0107283 0.00729056   0.320714
 0.0107283  0.0433018 -0.0103246  0.0173848
0.00729056 -0.0103246  0.0446549 0.00355746
  0.320714  0.0173848 0.00355746   0.464141
IMAGINARY
          0  0.00855289 -0.00849815   0.0225479
-0.00855289           0  -0.0102898  -0.0146558
 0.00849815   0.0102898           0 -0.00667554
 -0.0225479   0.0146558  0.00667554           0
Repeater1[0]<--->EndNode1[0]
REAL
  0.457801 -0.0198296 0.00540424   0.338292
-0.0198296  0.0434783  0.0120919 -0.0105193
0.00540424  0.0120919  0.0358056 0.00320559
  0.338292 -0.0105193 0.00320559   0.462916
IMAGINARY
          0  0.00967358    0.010786 -0.00463222
-0.00967358           0  -0.0135155 -0.00235541
  -0.010786   0.0135155           0  -0.0181042
 0.00463222  0.00235541   0.0181042           0
Repeater1[0]<--->HoM1[0]
REAL
  0.447903 0.00729056  0.0107283   0.320714
0.00729056  0.0446549 -0.0103246 0.00355746
 0.0107283 -0.0103246  0.0433018  0.0173848
  0.320714 0.00355746  0.0173848   0.464141
IMAGINARY
          0 -0.00849815  0.00855289   0.0225479
 0.00849815           0   0.0102898 -0.00667554
-0.00855289  -0.0102898           0  -0.0146558
 -0.0225479  0.00667554   0.0146558           0
EndNode1[0]<--->Repeater1[0]
REAL
   0.475389  -0.0102882  -0.0110677    0.329387
 -0.0102882   0.0595855 -0.00969368   0.0110677
 -0.0110677 -0.00969368   0.0492228  -0.0012208
   0.329387   0.0110677  -0.0012208    0.415803
IMAGINARY
           0    0.0058776  0.000273791   -0.0105049
  -0.0058776            0    0.0182769   0.00675047
-0.000273791   -0.0182769            0   -0.0205647
   0.0105049  -0.00675047    0.0205647            0
EndNode2[0]<--->HoM1[0]
REAL
   0.453125  -0.0109892 -0.00726089    0.327124
 -0.0109892   0.0520833  0.00439086  -0.0163755
-0.00726089  0.00439086   0.0507812  0.00553466
   0.327124  -0.0163755  0.00553466     0.44401
IMAGINARY
          0 -0.00440133    0.002935  -0.0196425
 0.00440133           0 -0.00355338  -0.0212029
  -0.002935  0.00355338           0   0.0240224
  0.0196425   0.0212029  -0.0240224           0
Repeater1[0]<--->EndNode1[0]
REAL
   0.475389  -0.0110677  -0.0102882    0.329387
 -0.0110677   0.0492228 -0.00969368  -0.0012208
 -0.0102882 -0.00969368   0.0595855   0.0110677
   0.329387  -0.0012208   0.0110677    0.415803
IMAGINARY
           0  0.000273791    0.0058776   -0.0105049
-0.000273791            0   -0.0182769   -0.0205647
  -0.0058776    0.0182769            0   0.00675047
   0.0105049    0.0205647  -0.00675047            0
Repeater1[0]<--->HoM1[0]
REAL
   0.453125 -0.00726089  -0.0109892    0.327124
-0.00726089   0.0507812  0.00439086  0.00553466
 -0.0109892  0.00439086   0.0520833  -0.0163755
   0.327124  0.00553466  -0.0163755     0.44401
IMAGINARY
          0    0.002935 -0.00440133  -0.0196425
  -0.002935           0  0.00355338   0.0240224
 0.00440133 -0.00355338           0  -0.0212029
  0.0196425  -0.0240224   0.0212029           0
EndNode1[0]<--->Repeater1[0]
REAL
   0.436735    -0.01818 -0.00833751    0.317168
   -0.01818   0.0557823  0.00958366  -0.0139555
-0.00833751  0.00958366   0.0503401  -0.0143041
   0.317168  -0.0139555  -0.0143041    0.457143
IMAGINARY
          0  -0.0136903  -0.0032069 -0.00104526
  0.0136903           0   0.0165732   0.0284878
  0.0032069  -0.0165732           0 -0.00737714
 0.00104526  -0.0284878  0.00737714           0
EndNode2[0]<--->HoM1[0]
REAL
   0.462451 -0.00871188  -0.0114544    0.319048
-0.00871188   0.0527009   0.0075099  -0.0102259
 -0.0114544   0.0075099   0.0527009 0.000581799
   0.319048  -0.0102259 0.000581799    0.432148
IMAGINARY
          0 -0.00527265 -0.00281032 -0.00638817
 0.00527265           0  0.00503315 -0.00744609
 0.00281032 -0.00503315           0   0.0014265
 0.00638817  0.00744609  -0.0014265           0
Repeater1[0]<--->EndNode1[0]
REAL
   0.436735 -0.00833751    -0.01818    0.317168
-0.00833751   0.0503401  0.00958366  -0.0143041
   -0.01818  0.00958366   0.0557823  -0.0139555
   0.317168  -0.0143041  -0.0139555    0.457143
IMAGINARY
          0  -0.0032069  -0.0136903 -0.00104526
  0.0032069           0  -0.0165732 -0.00737714
  0.0136903   0.0165732           0   0.0284878
 0.00104526  0.00737714  -0.0284878           0
Repeater1[0]<--->HoM1[0]
REAL
   0.462451  -0.0114544 -0.00871188    0.319048
 -0.0114544   0.0527009   0.0075099 0.000581799
-0.00871188   0.0075099   0.0527009  -0.0102259
   0.319048 0.000581799  -0.0102259    0.432148
IMAGINARY
          0 -0.00281032 -0.00527265 -0.00638817
 0.00281032           0 -0.00503315   0.0014265
 0.00527265  0.00503315           0 -0.00744609
 0.00638817  -0.0014265  0.00744609           0
EndNode1[0]<--->Repeater1[0]
REAL
   0.458228 -0.00230927  0.00253074     0.34549
-0.00230927   0.0367089  0.00669543   0.0128934
 0.00253074  0.00669543   0.0506329  0.00616531
    0.34549   0.0128934  0.00616531     0.45443
IMAGINARY
          0  -0.0188753  0.00655308 -0.00381839
  0.0188753           0   0.0104673   0.0307995
-0.00655308  -0.0104673           0 -0.00406048
 0.00381839  -0.0307995  0.00406048           0
EndNode2[0]<--->HoM1[0]
REAL
   0.472109 -0.00719361  -0.0145495    0.339093
-0.00719361   0.0462585 -0.00856292 -0.00808956
 -0.0145495 -0.00856292   0.0435374  -0.0193264
   0.339093 -0.00808956  -0.0193264    0.438095
IMAGINARY
          0  0.00526119   0.0067747   0.0175056
-0.00526119           0  0.00531052 -0.00807678
 -0.0067747 -0.00531052           0   0.0181763
 -0.0175056  0.00807678  -0.0181763           0
Repeater1[0]<--->EndNode1[0]
REAL
   0.458228  0.00253074 -0.00230927     0.34549
 0.00253074   0.0506329  0.00669543  0.00616531
-0.00230927  0.00669543   0.0367089   0.0128934
    0.34549  0.00616531   0.0128934     0.45443
IMAGINARY
          0  0.00655308  -0.0188753 -0.00381839
-0.00655308           0  -0.0104673 -0.00406048
  0.0188753   0.0104673           0   0.0307995
 0.00381839  0.00406048  -0.0307995           0
Repeater1[0]<--->HoM1[0]
REAL
   0.472109  -0.0145495 -0.00719361    0.339093
 -0.0145495   0.0435374 -0.00856292  -0.0193264
-0.00719361 -0.00856292   0.0462585 -0.00808956
   0.339093  -0.0193264 -0.00808956    0.438095
IMAGINARY
          0   0.0067747  0.00526119   0.0175056
 -0.0067747           0 -0.00531052   0.0181763
-0.00526119  0.00531052           0 -0.00807678
 -0.0175056  -0.0181763  0.00807678           0
EndNode1[0]<--->Repeater1[0]
REAL
    0.445707   -0.0102843   0.00976871     0.321846
  -0.0102843    0.0517677   0.00884846 -0.000633509
  0.00976871   0.00884846    0.0542929  -0.00128691
    0.321846 -0.000633509  -0.00128691     0.448232
IMAGINARY
          0 -0.00100116  0.00276304 -0.00872664
 0.00100116           0   0.0283345   0.0091733
-0.00276304  -0.0283345           0 -0.00165136
 0.00872664  -0.0091733  0.00165136           0
EndNode2[0]<--->HoM1[0]
REAL
  0.449809 0.00282721  0.0185815    0.34475
0.00282721  0.0444727 0.00628816 0.00767005
 0.0185815 0.00628816  0.0520966  0.0112143
   0.34475 0.00767005  0.0112143   0.453621
IMAGINARY
          0  0.00893684  0.00285326   0.0176485
-0.00893684           0 -0.00945177 -0.00413531
-0.00285326  0.00945177           0  -0.0153471
 -0.0176485  0.00413531   0.0153471           0
Repeater1[0]<--->EndNode1[0]
REAL
    0.445707   0.00976871   -0.0102843     0.321846
  0.00976871    0.0542929   0.00884846  -0.00128691
  -0.0102843   0.00884846    0.0517677 -0.000633509
    0.321846  -0.00128691 -0.000633509     0.448232
IMAGINARY
          0  0.00276304 -0.00100116 -0.00872664
-0.00276304           0  -0.0283345 -0.00165136
 0.00100116   0.0283345           0   0.0091733
 0.00872664  0.00165136  -0.0091733           0
Repeater1[0]<--->HoM1[0]
REAL
  0.449809  0.0185815 0.00282721    0.34475
 0.0185815  0.0520966 0.00628816  0.0112143
0.00282721 0.00628816  0.0444727 0.00767005
   0.34475  0.0112143 0.00767005   0.453621
IMAGINARY
          0  0.00285326  0.00893684   0.0176485
-0.00285326           0  0.00945177  -0.0153471
-0.00893684 -0.00945177           0 -0.00413531
 -0.0176485   0.0153471  0.00413531           0
EndNode1[0]<--->Repeater1[0]
REAL
     0.4834  -0.0146616  -0.0332285    0.328775
 -0.0146616   0.0385126   0.0115292  -0.0130326
 -0.0332285   0.0115292   0.0491368 -0.00118122
   0.328775  -0.0130326 -0.00118122    0.428951
IMAGINARY
         0  -0.019071  0.0147161  0.0116707
  0.019071          0 -0.0232986  0.0065194
-0.0147161  0.0232986          0  0.0004095
-0.0116707 -0.0065194 -0.0004095          0
EndNode2[0]<--->HoM1[0]
REAL
   0.464146   0.0111277 -0.00230567    0.324949
  0.0111277    0.053455  -0.0120373 -0.00230567
-0.00230567  -0.0120373   0.0547588 7.12175e-05
   0.324949 -0.00230567 7.12175e-05     0.42764
IMAGINARY
          0 -0.00361563 -0.00917995    0.024324
 0.00361563           0  0.00530561  0.00507036
 0.00917995 -0.00530561           0  -0.0210419
  -0.024324 -0.00507036   0.0210419           0
Repeater1[0]<--->EndNode1[0]
REAL
     0.4834  -0.0332285  -0.0146616    0.328775
 -0.0332285   0.0491368   0.0115292 -0.00118122
 -0.0146616   0.0115292   0.0385126  -0.0130326
   0.328775 -0.00118122  -0.0130326    0.428951
IMAGINARY
         0  0.0147161  -0.019071  0.0116707
-0.0147161          0  0.0232986  0.0004095
  0.019071 -0.0232986          0  0.0065194
-0.0116707 -0.0004095 -0.0065194          0
Repeater1[0]<--->HoM1[0]
REAL
   0.464146 -0.00230567   0.0111277    0.324949
-0.00230567   0.0547588  -0.0120373 7.12175e-05
  0.0111277  -0.0120373    0.053455 -0.00230567
   0.324949 7.12175e-05 -0.00230567     0.42764
IMAGINARY
          0 -0.00917995 -0.00361563    0.024324
 0.00917995           0 -0.00530561  -0.0210419
 0.00361563  0.00530561           0  0.00507036
  -0.024324   0.0210419 -0.00507036           0
EndNode1[0]<--->Repeater1[0]
REAL
    0.426452 -0.000725348  -0.00321672     0.325651
-0.000725348    0.0407911   0.00746878  -0.00127622
 -0.00321672   0.00746878    0.0556242   0.00650198
    0.325651  -0.00127622   0.00650198     0.477132
IMAGINARY
          0   0.0170068 -0.00838974  -0.0110959
 -0.0170068           0  0.00401742 -0.00589597
 0.00838974 -0.00401742           0 -0.00272109
  0.0110959  0.00589597  0.00272109           0
EndNode2[0]<--->HoM1[0]
REAL
    0.47319  -0.0119814 -0.00758837    0.341594
 -0.0119814   0.0643432  0.00846966 -0.00448278
-0.00758837  0.00846966   0.0442359   0.0075341
   0.341594 -0.00448278   0.0075341    0.418231
IMAGINARY
          0   0.0115939 -0.00337262   0.0175241
 -0.0115939           0  -0.0168739  -0.0210941
 0.00337262   0.0168739           0  0.00158053
 -0.0175241   0.0210941 -0.00158053           0
Repeater1[0]<--->EndNode1[0]
REAL
    0.426452  -0.00321672 -0.000725348     0.325651
 -0.00321672    0.0556242   0.00746878   0.00650198
-0.000725348   0.00746878    0.0407911  -0.00127622
    0.325651   0.00650198  -0.00127622     0.477132
IMAGINARY
          0 -0.00838974   0.0170068  -0.0110959
 0.00838974           0 -0.00401742 -0.00272109
 -0.0170068  0.00401742           0 -0.00589597
  0.0110959  0.00272109  0.00589597           0
Repeater1[0]<--->HoM1[0]
REAL
    0.47319 -0.00758837  -0.0119814    0.341594
-0.00758837   0.0442359  0.00846966   0.0075341
 -0.0119814  0.00846966   0.0643432 -0.00448278
   0.341594   0.0075341 -0.00448278    0.418231
IMAGINARY
          0 -0.00337262   0.0115939   0.0175241
 0.00337262           0   0.0168739  0.00158053
 -0.0115939  -0.0168739           0  -0.0210941
 -0.0175241 -0.00158053   0.0210941           0
EndNode1[0]<--->Repeater1[0]
REAL
   0.462821 -0.00532118  -0.0185591    0.323874
-0.00532118   0.0397436 -0.00652821 -0.00312288
 -0.0185591 -0.00652821   0.0448718  -0.0176749
   0.323874 -0.00312288  -0.0176749    0.452564
IMAGINARY
          0  0.00947817 -0.00325477 -0.00217671
-0.00947817           0  -0.0208799 -0.00930804
 0.00325477   0.0208799           0  0.00685349
 0.00217671  0.00930804 -0.00685349           0
EndNode2[0]<--->HoM1[0]
REAL
   0.449482  0.00743296  0.00900428    0.330273
 0.00743296   0.0297927   0.0124383 -0.00133164
 0.00900428   0.0124383   0.0544041   0.0117486
   0.330273 -0.00133164   0.0117486    0.466321
IMAGINARY
           0   -0.0278402    0.0111981   0.00160904
   0.0278402            0     0.010359 -0.000370049
  -0.0111981    -0.010359            0   -0.0224783
 -0.00160904  0.000370049    0.0224783            0
Repeater1[0]<--->EndNode1[0]
REAL
   0.462821  -0.0185591 -0.00532118    0.323874
 -0.0185591   0.0448718 -0.00652821  -0.0176749
-0.00532118 -0.00652821   0.0397436 -0.00312288
   0.323874  -0.0176749 -0.00312288    0.452564
IMAGINARY
          0 -0.00325477  0.00947817 -0.00217671
 0.00325477           0   0.0208799  0.00685349
-0.00947817  -0.0208799           0 -0.00930804
 0.00217671 -0.00685349  0.00930804           0
Repeater1[0]<--->HoM1[0]
REAL
   0.449482  0.00900428  0.00743296    0.330273
 0.00900428   0.0544041   0.0124383   0.0117486
 0.00743296   0.0124383   0.0297927 -0.00133164
   0.330273   0.0117486 -0.00133164    0.466321
IMAGINARY
           0    0.0111981   -0.0278402   0.00160904
  -0.0111981            0    -0.010359   -0.0224783
   0.0278402     0.010359            0 -0.000370049
 -0.00160904    0.0224783  0.000370049            0
EndNode1[0]<--->Repeater1[0]
REAL
  0.435247 -0.0181368  0.0111585   0.310863
-0.0181368  0.0453939 0.00489294  0.0148898
 0.0111585 0.00489294  0.0574099  0.0225841
  0.310863  0.0148898  0.0225841   0.461949
IMAGINARY
           0  -0.00959902  -0.00430151   -0.0189492
  0.00959902            0  -0.00210979   0.00633679
  0.00430151   0.00210979            0  0.000779486
   0.0189492  -0.00633679 -0.000779486            0
EndNode2[0]<--->HoM1[0]
REAL
   0.452381 -0.00226892  -0.0100145    0.337625
-0.00226892   0.0426065  -0.0051009   0.0257912
 -0.0100145  -0.0051009   0.0526316   0.0180456
   0.337625   0.0257912   0.0180456    0.452381
IMAGINARY
           0   0.00589254     0.011743  -0.00413618
 -0.00589254            0    0.0117698 -0.000602722
   -0.011743   -0.0117698            0   0.00655832
  0.00413618  0.000602722  -0.00655832            0
Repeater1[0]<--->EndNode1[0]
REAL
  0.435247  0.0111585 -0.0181368   0.310863
 0.0111585  0.0574099 0.00489294  0.0225841
-0.0181368 0.00489294  0.0453939  0.0148898
  0.310863  0.0225841  0.0148898   0.461949
IMAGINARY
           0  -0.00430151  -0.00959902   -0.0189492
  0.00430151            0   0.00210979  0.000779486
  0.00959902  -0.00210979            0   0.00633679
   0.0189492 -0.000779486  -0.00633679            0
Repeater1[0]<--->HoM1[0]
REAL
   0.452381  -0.0100145 -0.00226892    0.337625
 -0.0100145   0.0526316  -0.0051009   0.0180456
-0.00226892  -0.0051009   0.0426065   0.0257912
   0.337625   0.0180456   0.0257912    0.452381
IMAGINARY
           0     0.011743   0.00589254  -0.00413618
   -0.011743            0   -0.0117698   0.00655832
 -0.00589254    0.0117698            0 -0.000602722
  0.00413618  -0.00655832  0.000602722            0
EndNode1[0]<--->Repeater1[0]
REAL
    0.466321 -0.000641166   -0.0139465     0.332903
-0.000641166    0.0401554 -1.16631e-05    0.0112939
  -0.0139465 -1.16631e-05    0.0427461    0.0165563
    0.332903    0.0112939    0.0165563     0.450777
IMAGINARY
          0  -0.0101285 -0.00157818  0.00817221
  0.0101285           0  0.00690317  0.00534703
 0.00157818 -0.00690317           0  0.00510333
-0.00817221 -0.00534703 -0.00510333           0
EndNode2[0]<--->HoM1[0]
REAL
  0.462173  0.0052001 0.00387511   0.335902
 0.0052001  0.0467675   0.013967  0.0117907
0.00387511   0.013967  0.0385144  0.0117712
  0.335902  0.0117907  0.0117712   0.452545
IMAGINARY
           0 -0.000125038    0.0036693   -0.0159888
 0.000125038            0    0.0179095    -0.022379
  -0.0036693   -0.0179095            0   0.00593149
   0.0159888     0.022379  -0.00593149            0
Repeater1[0]<--->EndNode1[0]
REAL
    0.466321   -0.0139465 -0.000641166     0.332903
  -0.0139465    0.0427461 -1.16631e-05    0.0165563
-0.000641166 -1.16631e-05    0.0401554    0.0112939
    0.332903    0.0165563    0.0112939     0.450777
IMAGINARY
          0 -0.00157818  -0.0101285  0.00817221
 0.00157818           0 -0.00690317  0.00510333
  0.0101285  0.00690317           0  0.00534703
-0.00817221 -0.00510333 -0.00534703           0
Repeater1[0]<--->HoM1[0]
REAL
  0.462173 0.00387511  0.0052001   0.335902
0.00387511  0.0385144   0.013967  0.0117712
 0.0052001   0.013967  0.0467675  0.0117907
  0.335902  0.0117712  0.0117907   0.452545
IMAGINARY
           0    0.0036693 -0.000125038   -0.0159888
  -0.0036693            0   -0.0179095   0.00593149
 0.000125038    0.0179095            0    -0.022379
   0.0159888  -0.00593149     0.022379            0
EndNode1[0]<--->Repeater1[0]
REAL
   0.472033   0.0136058 -0.00789439    0.326467
  0.0136058   0.0572988   0.0141309  -0.0163895
-0.00789439   0.0141309   0.0450205  -0.0129831
   0.326467  -0.0163895  -0.0129831    0.425648
IMAGINARY
           0   0.00654217 -0.000654441  -0.00125931
 -0.00654217            0  -0.00835608  -0.00197023
 0.000654441   0.00835608            0   0.00789352
  0.00125931   0.00197023  -0.00789352            0
EndNode2[0]<--->HoM1[0]
REAL
   0.436275   0.0100358 -0.00934054    0.323925
