EndNode1[0]<--->Repeater1[0]
REAL
    0.422086  -0.00757718   -0.0134716     0.366111
 -0.00757718    0.0773006    0.0191978   0.00187367
  -0.0134716    0.0191978    0.0687117 -0.000154778
    0.366111   0.00187367 -0.000154778     0.431902
IMAGINARY
          0  -0.0055494  0.00646873  0.00697877
  0.0055494           0  -0.0158707  0.00834608
-0.00646873   0.0158707           0 -0.00679628
-0.00697877 -0.00834608  0.00679628           0
EndNode2[0]<--->HoM1[0]
REAL
     0.43268   -0.0115726  -0.00660068     0.372674
  -0.0115726    0.0705882   0.00626673 -0.000335012
 -0.00660068   0.00626673     0.054902   0.00463689
    0.372674 -0.000335012   0.00463689      0.44183
IMAGINARY
          0  -0.0256577   0.0212399 -0.00163526
  0.0256577           0 -0.00354609  0.00923995
 -0.0212399  0.00354609           0  -0.0164954
 0.00163526 -0.00923995   0.0164954           0
Repeater1[0]<--->EndNode1[0]
REAL
    0.422086   -0.0134716  -0.00757718     0.366111
  -0.0134716    0.0687117    0.0191978 -0.000154778
 -0.00757718    0.0191978    0.0773006   0.00187367
    0.366111 -0.000154778   0.00187367     0.431902
IMAGINARY
          0  0.00646873  -0.0055494  0.00697877
-0.00646873           0   0.0158707 -0.00679628
  0.0055494  -0.0158707           0  0.00834608
-0.00697877  0.00679628 -0.00834608           0
Repeater1[0]<--->HoM1[0]
REAL
     0.43268  -0.00660068   -0.0115726     0.372674
 -0.00660068     0.054902   0.00626673   0.00463689
  -0.0115726   0.00626673    0.0705882 -0.000335012
    0.372674   0.00463689 -0.000335012      0.44183
IMAGINARY
          0   0.0212399  -0.0256577 -0.00163526
 -0.0212399           0  0.00354609  -0.0164954
  0.0256577 -0.00354609           0  0.00923995
 0.00163526   0.0164954 -0.00923995           0
EndNode1[0]<--->Repeater1[0]
REAL
  0.438462 0.00613276 -0.0100266   0.371513
0.00613276  0.0602564 0.00827575  0.0027611
-0.0100266 0.00827575  0.0551282 0.00113276
  0.371513  0.0027611 0.00113276   0.446154
IMAGINARY
          0 -0.00695495  0.00941358   0.0292147
 0.00695495           0 -0.00697834 -0.00502211
-0.00941358  0.00697834           0  0.00381818
 -0.0292147  0.00502211 -0.00381818           0
EndNode2[0]<--->HoM1[0]
REAL
   0.455696 -0.00791753   0.0159084    0.377053
-0.00791753   0.0455696   0.0119832   0.0111722
  0.0159084   0.0119832   0.0518987   0.0165041
   0.377053   0.0111722   0.0165041    0.446835
IMAGINARY
           0   -0.0107797    0.0260146    -0.019365
   0.0107797            0   -0.0255379 -0.000163406
  -0.0260146    0.0255379            0   -0.0087663
    0.019365  0.000163406    0.0087663            0
Repeater1[0]<--->EndNode1[0]
REAL
  0.438462 -0.0100266 0.00613276   0.371513
-0.0100266  0.0551282 0.00827575 0.00113276
0.00613276 0.00827575  0.0602564  0.0027611
  0.371513 0.00113276  0.0027611   0.446154
IMAGINARY
          0  0.00941358 -0.00695495   0.0292147
-0.00941358           0  0.00697834  0.00381818
 0.00695495 -0.00697834           0 -0.00502211
 -0.0292147 -0.00381818  0.00502211           0
Repeater1[0]<--->HoM1[0]
REAL
   0.455696   0.0159084 -0.00791753    0.377053
  0.0159084   0.0518987   0.0119832   0.0165041
-0.00791753   0.0119832   0.0455696   0.0111722
   0.377053   0.0165041   0.0111722    0.446835
IMAGINARY
           0    0.0260146   -0.0107797    -0.019365
  -0.0260146            0    0.0255379   -0.0087663
   0.0107797   -0.0255379            0 -0.000163406
    0.019365    0.0087663  0.000163406            0
EndNode1[0]<--->Repeater1[0]
REAL
   0.424242  -0.0128847  0.00492627    0.374098
 -0.0128847   0.0540184 -0.00794635 -0.00943078
 0.00492627 -0.00794635   0.0566535   0.0238242
   0.374098 -0.00943078   0.0238242    0.465086
IMAGINARY
          0  0.00431702 -0.00163827 -0.00125244
-0.00431702           0 -0.00059713 -0.00163827
 0.00163827  0.00059713           0 -0.00366171
 0.00125244  0.00163827  0.00366171           0
EndNode2[0]<--->HoM1[0]
REAL
    0.450331    0.0027137  -0.00127128     0.383121
   0.0027137    0.0622517   -0.0010633 -0.000610778
 -0.00127128   -0.0010633    0.0609272    0.0129701
    0.383121 -0.000610778    0.0129701      0.42649
IMAGINARY
          0  0.00437845 -0.00188114   0.0161255
-0.00437845           0  -0.0037718  -0.0124402
 0.00188114   0.0037718           0   0.0037162
 -0.0161255   0.0124402  -0.0037162           0
Repeater1[0]<--->EndNode1[0]
REAL
   0.424242  0.00492627  -0.0128847    0.374098
 0.00492627   0.0566535 -0.00794635   0.0238242
 -0.0128847 -0.00794635   0.0540184 -0.00943078
   0.374098   0.0238242 -0.00943078    0.465086
IMAGINARY
          0 -0.00163827  0.00431702 -0.00125244
 0.00163827           0  0.00059713 -0.00366171
-0.00431702 -0.00059713           0 -0.00163827
 0.00125244  0.00366171  0.00163827           0
Repeater1[0]<--->HoM1[0]
REAL
    0.450331  -0.00127128    0.0027137     0.383121
 -0.00127128    0.0609272   -0.0010633    0.0129701
   0.0027137   -0.0010633    0.0622517 -0.000610778
    0.383121    0.0129701 -0.000610778      0.42649
IMAGINARY
          0 -0.00188114  0.00437845   0.0161255
 0.00188114           0   0.0037718   0.0037162
-0.00437845  -0.0037718           0  -0.0124402
 -0.0161255  -0.0037162   0.0124402           0
EndNode1[0]<--->Repeater1[0]
REAL
   0.441509  0.00828276 -0.00365375    0.384196
 0.00828276   0.0540881    0.004843   0.0138026
-0.00365375    0.004843   0.0591195   0.0153979
   0.384196   0.0138026   0.0153979    0.445283
IMAGINARY
          0  0.00446717  0.00823503 -0.00103521
-0.00446717           0  -0.0150539  0.00420278
-0.00823503   0.0150539           0 -0.00571095
 0.00103521 -0.00420278  0.00571095           0
EndNode2[0]<--->HoM1[0]
REAL
   0.415167 -0.00655718 -0.00897986    0.373994
-0.00655718   0.0732648  -0.0126806  -0.0141345
-0.00897986  -0.0126806   0.0501285  -0.0165572
   0.373994  -0.0141345  -0.0165572     0.46144
IMAGINARY
          0  0.00855115  -0.0139938   0.0017444
-0.00855115           0 -0.00370519  -0.0102901
  0.0139938  0.00370519           0   0.0169781
 -0.0017444   0.0102901  -0.0169781           0
Repeater1[0]<--->EndNode1[0]
REAL
   0.441509 -0.00365375  0.00828276    0.384196
-0.00365375   0.0591195    0.004843   0.0153979
 0.00828276    0.004843   0.0540881   0.0138026
   0.384196   0.0153979   0.0138026    0.445283
IMAGINARY
          0  0.00823503  0.00446717 -0.00103521
-0.00823503           0   0.0150539 -0.00571095
-0.00446717  -0.0150539           0  0.00420278
 0.00103521  0.00571095 -0.00420278           0
Repeater1[0]<--->HoM1[0]
REAL
   0.415167 -0.00897986 -0.00655718    0.373994
-0.00897986   0.0501285  -0.0126806  -0.0165572
-0.00655718  -0.0126806   0.0732648  -0.0141345
   0.373994  -0.0165572  -0.0141345     0.46144
IMAGINARY
          0  -0.0139938  0.00855115   0.0017444
  0.0139938           0  0.00370519   0.0169781
-0.00855115 -0.00370519           0  -0.0102901
 -0.0017444  -0.0169781   0.0102901           0
EndNode1[0]<--->Repeater1[0]
REAL
   0.472826   0.0345499   0.0105803    0.377851
  0.0345499   0.0461957   0.0107462   0.0123555
  0.0105803   0.0107462   0.0557065 -0.00243985
   0.377851   0.0123555 -0.00243985    0.425272
IMAGINARY
           0     0.022017   -0.0338182   0.00212682
   -0.022017            0   0.00525573  -0.00170811
   0.0338182  -0.00525573            0 -0.000964367
 -0.00212682   0.00170811  0.000964367            0
EndNode2[0]<--->HoM1[0]
REAL
   0.438442  0.00934164  0.00767965    0.373535
 0.00934164   0.0540201 -0.00784303 -0.00236051
 0.00767965 -0.00784303   0.0640704  0.00528602
   0.373535 -0.00236051  0.00528602    0.443467
IMAGINARY
          0  -0.0028351   0.0031904 -0.00568135
  0.0028351           0   0.0177457  0.00446266
 -0.0031904  -0.0177457           0  -0.0137465
 0.00568135 -0.00446266   0.0137465           0
Repeater1[0]<--->EndNode1[0]
REAL
   0.472826   0.0105803   0.0345499    0.377851
  0.0105803   0.0557065   0.0107462 -0.00243985
  0.0345499   0.0107462   0.0461957   0.0123555
   0.377851 -0.00243985   0.0123555    0.425272
IMAGINARY
           0   -0.0338182     0.022017   0.00212682
   0.0338182            0  -0.00525573 -0.000964367
   -0.022017   0.00525573            0  -0.00170811
 -0.00212682  0.000964367   0.00170811            0
Repeater1[0]<--->HoM1[0]
REAL
   0.438442  0.00767965  0.00934164    0.373535
 0.00767965   0.0640704 -0.00784303  0.00528602
 0.00934164 -0.00784303   0.0540201 -0.00236051
   0.373535  0.00528602 -0.00236051    0.443467
IMAGINARY
          0   0.0031904  -0.0028351 -0.00568135
 -0.0031904           0  -0.0177457  -0.0137465
  0.0028351   0.0177457           0  0.00446266
 0.00568135   0.0137465 -0.00446266           0
EndNode1[0]<--->Repeater1[0]
REAL
   0.431421  -0.0258261 0.000365471    0.388522
 -0.0258261   0.0710723 -0.00772765  -0.0169218
0.000365471 -0.00772765   0.0586035 -0.00397521
   0.388522  -0.0169218 -0.00397521    0.438903
IMAGINARY
          0    -0.01877  0.00316919  -0.0135448
    0.01877           0   0.0216311 -0.00566919
-0.00316919  -0.0216311           0     0.01252
  0.0135448  0.00566919    -0.01252           0
EndNode2[0]<--->HoM1[0]
REAL
    0.45493  -0.0192464  -0.0184126    0.375411
 -0.0192464   0.0535211  0.00233913 -0.00236981
 -0.0184126  0.00233913   0.0676056 -0.00642593
   0.375411 -0.00236981 -0.00642593    0.423944
IMAGINARY
          0 -0.00402663  0.00985897  -0.0085514
 0.00402663           0   0.0104525  0.00615527
-0.00985897  -0.0104525           0  -0.0060564
  0.0085514 -0.00615527   0.0060564           0
Repeater1[0]<--->EndNode1[0]
REAL
   0.431421 0.000365471  -0.0258261    0.388522
0.000365471   0.0586035 -0.00772765 -0.00397521
 -0.0258261 -0.00772765   0.0710723  -0.0169218
   0.388522 -0.00397521  -0.0169218    0.438903
IMAGINARY
          0  0.00316919    -0.01877  -0.0135448
-0.00316919           0  -0.0216311     0.01252
    0.01877   0.0216311           0 -0.00566919
  0.0135448    -0.01252  0.00566919           0
Repeater1[0]<--->HoM1[0]
REAL
    0.45493  -0.0184126  -0.0192464    0.375411
 -0.0184126   0.0676056  0.00233913 -0.00642593
 -0.0192464  0.00233913   0.0535211 -0.00236981
   0.375411 -0.00642593 -0.00236981    0.423944
IMAGINARY
          0  0.00985897 -0.00402663  -0.0085514
-0.00985897           0  -0.0104525  -0.0060564
 0.00402663   0.0104525           0  0.00615527
  0.0085514   0.0060564 -0.00615527           0
EndNode1[0]<--->Repeater1[0]
REAL
   0.435443   0.0055683 -0.00247253    0.375834
  0.0055683   0.0582278   0.0121973   -0.012328
-0.00247253   0.0121973   0.0506329  -0.0062118
   0.375834   -0.012328  -0.0062118    0.455696
IMAGINARY
          0  0.00186003   0.0184741 -0.00796004
-0.00186003           0  0.00466623 -0.00510511
 -0.0184741 -0.00466623           0 -0.00453383
 0.00796004  0.00510511  0.00453383           0
EndNode2[0]<--->HoM1[0]
REAL
    0.43401  -0.0164373 -0.00505859    0.389197
 -0.0164373   0.0545685   -0.018803   0.0158591
-0.00505859   -0.018803   0.0545685 -0.00579902
   0.389197   0.0158591 -0.00579902    0.456853
IMAGINARY
          0  -0.0115928 -0.00040806  0.00443588
  0.0115928           0   0.0138953  0.00840806
 0.00040806  -0.0138953           0 -0.00307383
-0.00443588 -0.00840806  0.00307383           0
Repeater1[0]<--->EndNode1[0]
REAL
   0.435443 -0.00247253   0.0055683    0.375834
-0.00247253   0.0506329   0.0121973  -0.0062118
  0.0055683   0.0121973   0.0582278   -0.012328
   0.375834  -0.0062118   -0.012328    0.455696
IMAGINARY
          0   0.0184741  0.00186003 -0.00796004
 -0.0184741           0 -0.00466623 -0.00453383
-0.00186003  0.00466623           0 -0.00510511
 0.00796004  0.00453383  0.00510511           0
Repeater1[0]<--->HoM1[0]
REAL
    0.43401 -0.00505859  -0.0164373    0.389197
-0.00505859   0.0545685   -0.018803 -0.00579902
 -0.0164373   -0.018803   0.0545685   0.0158591
   0.389197 -0.00579902   0.0158591    0.456853
IMAGINARY
          0 -0.00040806  -0.0115928  0.00443588
 0.00040806           0  -0.0138953 -0.00307383
  0.0115928   0.0138953           0  0.00840806
-0.00443588  0.00307383 -0.00840806           0
EndNode1[0]<--->Repeater1[0]
REAL
   0.405685  0.00653876   0.0144433    0.378243
 0.00653876   0.0645995  0.00484152  0.00172581
  0.0144433  0.00484152   0.0684755 -0.00778254
   0.378243  0.00172581 -0.00778254     0.46124
IMAGINARY
          0  0.00512814  -0.0251508   0.0126929
-0.00512814           0  0.00520991 -0.00170341
  0.0251508 -0.00520991           0   0.0153322
 -0.0126929  0.00170341  -0.0153322           0
EndNode2[0]<--->HoM1[0]
REAL
    0.47389  0.00957906   0.0294984    0.372024
 0.00957906   0.0587467   0.0153932  -0.0208892
  0.0294984   0.0153932   0.0613577 -0.00229429
   0.372024  -0.0208892 -0.00229429    0.406005
IMAGINARY
           0   0.00159525    0.0286512  -0.00302725
 -0.00159525            0     0.017752  0.000619958
  -0.0286512    -0.017752            0  -0.00219263
  0.00302725 -0.000619958   0.00219263            0
Repeater1[0]<--->EndNode1[0]
REAL
   0.405685   0.0144433  0.00653876    0.378243
  0.0144433   0.0684755  0.00484152 -0.00778254
 0.00653876  0.00484152   0.0645995  0.00172581
   0.378243 -0.00778254  0.00172581     0.46124
IMAGINARY
          0  -0.0251508  0.00512814   0.0126929
  0.0251508           0 -0.00520991   0.0153322
-0.00512814  0.00520991           0 -0.00170341
 -0.0126929  -0.0153322  0.00170341           0
Repeater1[0]<--->HoM1[0]
REAL
    0.47389   0.0294984  0.00957906    0.372024
  0.0294984   0.0613577   0.0153932 -0.00229429
 0.00957906   0.0153932   0.0587467  -0.0208892
   0.372024 -0.00229429  -0.0208892    0.406005
IMAGINARY
           0    0.0286512   0.00159525  -0.00302725
  -0.0286512            0    -0.017752  -0.00219263
 -0.00159525     0.017752            0  0.000619958
  0.00302725   0.00219263 -0.000619958            0
EndNode1[0]<--->Repeater1[0]
REAL
   0.419847  -0.0145745  -0.0079174    0.378414
 -0.0145745   0.0572519 -0.00515661  -0.0142626
 -0.0079174 -0.00515661   0.0890585   0.0126734
   0.378414  -0.0142626   0.0126734    0.433842
IMAGINARY
          0  -0.0189747   0.0139285  -0.0112808
  0.0189747           0  0.00471916   -0.011988
 -0.0139285 -0.00471916           0   0.0118596
  0.0112808    0.011988  -0.0118596           0
EndNode2[0]<--->HoM1[0]
REAL
     0.46134   -0.0056391   0.00988389     0.388617
  -0.0056391    0.0386598  -0.00101985 -0.000839966
  0.00988389  -0.00101985    0.0670103    0.0056391
    0.388617 -0.000839966    0.0056391      0.43299
IMAGINARY
          0  -0.0040995   0.0120636    -0.01262
  0.0040995           0  0.00276458  -0.0181201
 -0.0120636 -0.00276458           0 -0.00061113
    0.01262   0.0181201  0.00061113           0
Repeater1[0]<--->EndNode1[0]
REAL
   0.419847  -0.0079174  -0.0145745    0.378414
 -0.0079174   0.0890585 -0.00515661   0.0126734
 -0.0145745 -0.00515661   0.0572519  -0.0142626
   0.378414   0.0126734  -0.0142626    0.433842
IMAGINARY
          0   0.0139285  -0.0189747  -0.0112808
 -0.0139285           0 -0.00471916   0.0118596
  0.0189747  0.00471916           0   -0.011988
  0.0112808  -0.0118596    0.011988           0
Repeater1[0]<--->HoM1[0]
REAL
     0.46134   0.00988389   -0.0056391     0.388617
  0.00988389    0.0670103  -0.00101985    0.0056391
  -0.0056391  -0.00101985    0.0386598 -0.000839966
    0.388617    0.0056391 -0.000839966      0.43299
IMAGINARY
          0   0.0120636  -0.0040995    -0.01262
 -0.0120636           0 -0.00276458 -0.00061113
  0.0040995  0.00276458           0  -0.0181201
    0.01262  0.00061113   0.0181201           0
EndNode1[0]<--->Repeater1[0]
REAL
   0.459948 -0.00351457 -0.00569201    0.392487
-0.00351457   0.0594315 -0.00998377  -0.0026094
-0.00569201 -0.00998377   0.0620155 -0.00478683
   0.392487  -0.0026094 -0.00478683    0.418605
IMAGINARY
          0 -0.00757787  0.00201135  -0.0222792
 0.00757787           0  -0.0114787 -0.00266155
-0.00201135   0.0114787           0  0.00432689
  0.0222792  0.00266155 -0.00432689           0
EndNode2[0]<--->HoM1[0]
REAL
   0.405738  -0.0354214  -0.0184881     0.37756
 -0.0354214   0.0505464  -0.0136318 -0.00140919
 -0.0184881  -0.0136318   0.0655738  0.00525448
    0.37756 -0.00140919  0.00525448    0.478142
IMAGINARY
          0  0.00199994   0.0139909   0.0186664
-0.00199994           0  -0.0025374  0.00155312
 -0.0139909   0.0025374           0  -0.0227253
 -0.0186664 -0.00155312   0.0227253           0
Repeater1[0]<--->EndNode1[0]
REAL
   0.459948 -0.00569201 -0.00351457    0.392487
-0.00569201   0.0620155 -0.00998377 -0.00478683
-0.00351457 -0.00998377   0.0594315  -0.0026094
   0.392487 -0.00478683  -0.0026094    0.418605
IMAGINARY
          0  0.00201135 -0.00757787  -0.0222792
-0.00201135           0   0.0114787  0.00432689
 0.00757787  -0.0114787           0 -0.00266155
  0.0222792 -0.00432689  0.00266155           0
Repeater1[0]<--->HoM1[0]
REAL
   0.405738  -0.0184881  -0.0354214     0.37756
 -0.0184881   0.0655738  -0.0136318  0.00525448
 -0.0354214  -0.0136318   0.0505464 -0.00140919
    0.37756  0.00525448 -0.00140919    0.478142
IMAGINARY
          0   0.0139909  0.00199994   0.0186664
 -0.0139909           0   0.0025374  -0.0227253
-0.00199994  -0.0025374           0  0.00155312
 -0.0186664   0.0227253 -0.00155312           0
EndNode1[0]<--->Repeater1[0]
REAL
   0.415816 -0.00773299  -0.0169253    0.381154
-0.00773299   0.0510204  0.00204783  -0.0066967
 -0.0169253  0.00204783   0.0892857   0.0169193
   0.381154  -0.0066967   0.0169193    0.443878
IMAGINARY
          0 -0.00541248 -0.00798096   -0.008172
 0.00541248           0  -0.0203048   0.0165224
 0.00798096   0.0203048           0   0.0100117
   0.008172  -0.0165224  -0.0100117           0
EndNode2[0]<--->HoM1[0]
REAL
   0.449294   0.0151733   0.0210915     0.38502
  0.0151733   0.0577664 0.000246806   0.0147624
  0.0210915 0.000246806   0.0436457   0.0232882
    0.38502   0.0147624   0.0232882    0.449294
IMAGINARY
          0 -0.00643782 -0.00328238 -0.00665511
 0.00643782           0 -0.00150047  -0.0138644
 0.00328238  0.00150047           0  0.00163672
 0.00665511   0.0138644 -0.00163672           0
Repeater1[0]<--->EndNode1[0]
REAL
   0.415816  -0.0169253 -0.00773299    0.381154
 -0.0169253   0.0892857  0.00204783   0.0169193
-0.00773299  0.00204783   0.0510204  -0.0066967
   0.381154   0.0169193  -0.0066967    0.443878
IMAGINARY
          0 -0.00798096 -0.00541248   -0.008172
 0.00798096           0   0.0203048   0.0100117
 0.00541248  -0.0203048           0   0.0165224
   0.008172  -0.0100117  -0.0165224           0
Repeater1[0]<--->HoM1[0]
REAL
   0.449294   0.0210915   0.0151733     0.38502
  0.0210915   0.0436457 0.000246806   0.0232882
  0.0151733 0.000246806   0.0577664   0.0147624
    0.38502   0.0232882   0.0147624    0.449294
IMAGINARY
          0 -0.00328238 -0.00643782 -0.00665511
 0.00328238           0  0.00150047  0.00163672
 0.00643782 -0.00150047           0  -0.0138644
 0.00665511 -0.00163672   0.0138644           0
EndNode1[0]<--->Repeater1[0]
REAL
   0.431619   0.0136462 -0.00383466    0.376067
  0.0136462   0.0652447  0.00588696  0.00858364
-0.00383466  0.00588696   0.0564617 -0.00482668
   0.376067  0.00858364 -0.00482668    0.446675
IMAGINARY
           0  -0.00201588   -0.0191921  -0.00229215
  0.00201588            0  0.000958821    0.0281895
   0.0191921 -0.000958821            0   -0.0134083
  0.00229215   -0.0281895    0.0134083            0
EndNode2[0]<--->HoM1[0]
REAL
   0.444717 -0.00259881 -0.00808334    0.382011
-0.00259881   0.0712531    -0.01499   0.0120727
-0.00808334    -0.01499   0.0479115   0.0039286
   0.382011   0.0120727   0.0039286    0.436118
IMAGINARY
          0 -0.00965208   0.0121113  0.00497584
 0.00965208           0   0.0154197 -0.00363673
 -0.0121113  -0.0154197           0 -0.00273384
-0.00497584  0.00363673  0.00273384           0
Repeater1[0]<--->EndNode1[0]
REAL
   0.431619 -0.00383466   0.0136462    0.376067
-0.00383466   0.0564617  0.00588696 -0.00482668
  0.0136462  0.00588696   0.0652447  0.00858364
   0.376067 -0.00482668  0.00858364    0.446675
IMAGINARY
           0   -0.0191921  -0.00201588  -0.00229215
   0.0191921            0 -0.000958821   -0.0134083
  0.00201588  0.000958821            0    0.0281895
  0.00229215    0.0134083   -0.0281895            0
Repeater1[0]<--->HoM1[0]
REAL
   0.444717 -0.00808334 -0.00259881    0.382011
-0.00808334   0.0479115    -0.01499   0.0039286
-0.00259881    -0.01499   0.0712531   0.0120727
   0.382011   0.0039286   0.0120727    0.436118
IMAGINARY
          0   0.0121113 -0.00965208  0.00497584
 -0.0121113           0  -0.0154197 -0.00273384
 0.00965208   0.0154197           0 -0.00363673
-0.00497584  0.00273384  0.00363673           0
EndNode1[0]<--->Repeater1[0]
REAL
   0.456604  -0.0029504 -0.00978748    0.388966
 -0.0029504   0.0402516 -0.00425053  0.00590147
-0.00978748 -0.00425053   0.0503145  0.00813174
   0.388966  0.00590147  0.00813174     0.45283
IMAGINARY
          0 -0.00915955  0.00693293  0.00780832
 0.00915955           0  0.00651298    0.010655
-0.00693293 -0.00651298           0  0.00539071
-0.00780832   -0.010655 -0.00539071           0
EndNode2[0]<--->HoM1[0]
REAL
   0.434437 8.76679e-05   -0.015074    0.376724
8.76679e-05   0.0543046   0.0099692   0.0117802
  -0.015074   0.0099692   0.0556291  0.00452366
   0.376724   0.0117802  0.00452366    0.455629
IMAGINARY
          0 -0.00264017 -0.00952056   0.0101956
 0.00264017           0  -0.0127402  -0.0181839
 0.00952056   0.0127402           0   0.0211098
 -0.0101956   0.0181839  -0.0211098           0
Repeater1[0]<--->EndNode1[0]
REAL
   0.456604 -0.00978748  -0.0029504    0.388966
-0.00978748   0.0503145 -0.00425053  0.00813174
 -0.0029504 -0.00425053   0.0402516  0.00590147
   0.388966  0.00813174  0.00590147     0.45283
IMAGINARY
          0  0.00693293 -0.00915955  0.00780832
-0.00693293           0 -0.00651298  0.00539071
 0.00915955  0.00651298           0    0.010655
-0.00780832 -0.00539071   -0.010655           0
Repeater1[0]<--->HoM1[0]
REAL
   0.434437   -0.015074 8.76679e-05    0.376724
  -0.015074   0.0556291   0.0099692  0.00452366
8.76679e-05   0.0099692   0.0543046   0.0117802
   0.376724  0.00452366   0.0117802    0.455629
IMAGINARY
          0 -0.00952056 -0.00264017   0.0101956
 0.00952056           0   0.0127402   0.0211098
 0.00264017  -0.0127402           0  -0.0181839
 -0.0101956  -0.0211098   0.0181839           0
EndNode1[0]<--->Repeater1[0]
REAL
   0.414013 -0.00825054  -0.0096617    0.360244
-0.00825054   0.0611465   0.0173872  -0.0021804
 -0.0096617   0.0173872   0.0420382   0.0108821
   0.360244  -0.0021804   0.0108821    0.482803
IMAGINARY
           0  -0.00837136  -0.00450216 -0.000396981
  0.00837136            0    0.0195515    -0.012381
  0.00450216   -0.0195515            0    0.0213584
 0.000396981     0.012381   -0.0213584            0
EndNode2[0]<--->HoM1[0]
REAL
  0.428044 0.00117612  0.0137792   0.392193
0.00117612  0.0664207  0.0119843  0.0157048
 0.0137792  0.0119843  0.0565806  0.0283079
  0.392193  0.0157048  0.0283079   0.448954
IMAGINARY
          0    0.015909 -0.00756805  -0.0138725
  -0.015909           0  -0.0106959  -0.0158695
 0.00756805   0.0106959           0 -0.00809649
  0.0138725   0.0158695  0.00809649           0
Repeater1[0]<--->EndNode1[0]
REAL
   0.414013  -0.0096617 -0.00825054    0.360244
 -0.0096617   0.0420382   0.0173872   0.0108821
-0.00825054   0.0173872   0.0611465  -0.0021804
   0.360244   0.0108821  -0.0021804    0.482803
IMAGINARY
           0  -0.00450216  -0.00837136 -0.000396981
  0.00450216            0   -0.0195515    0.0213584
  0.00837136    0.0195515            0    -0.012381
 0.000396981   -0.0213584     0.012381            0
Repeater1[0]<--->HoM1[0]
REAL
  0.428044  0.0137792 0.00117612   0.392193
 0.0137792  0.0565806  0.0119843  0.0283079
0.00117612  0.0119843  0.0664207  0.0157048
  0.392193  0.0283079  0.0157048   0.448954
IMAGINARY
          0 -0.00756805    0.015909  -0.0138725
 0.00756805           0   0.0106959 -0.00809649
  -0.015909  -0.0106959           0  -0.0158695
  0.0138725  0.00809649   0.0158695           0
EndNode1[0]<--->Repeater1[0]
REAL
   0.498044  -0.0129288  -0.0194852    0.371713
 -0.0129288    0.053455 -0.00395513   0.0207447
 -0.0194852 -0.00395513   0.0404172   0.0179666
   0.371713   0.0207447   0.0179666    0.408083
IMAGINARY
           0  0.000929144   0.00404313    -0.016845
-0.000929144            0  -0.00285007  -0.00404313
 -0.00404313   0.00285007            0   0.00842914
    0.016845   0.00404313  -0.00842914            0
EndNode2[0]<--->HoM1[0]
REAL
   0.416667  0.00826792 -0.00740982    0.369385
 0.00826792   0.0555556 -0.00656443 -0.00284659
-0.00740982 -0.00656443   0.0793651  -0.0172423
   0.369385 -0.00284659  -0.0172423    0.448413
IMAGINARY
          0  0.00329147  0.00475684   0.0129249
-0.00329147           0  -0.0209397   0.0205596
-0.00475684   0.0209397           0 -0.00582311
 -0.0129249  -0.0205596  0.00582311           0
Repeater1[0]<--->EndNode1[0]
REAL
   0.498044  -0.0194852  -0.0129288    0.371713
 -0.0194852   0.0404172 -0.00395513   0.0179666
 -0.0129288 -0.00395513    0.053455   0.0207447
   0.371713   0.0179666   0.0207447    0.408083
IMAGINARY
           0   0.00404313  0.000929144    -0.016845
 -0.00404313            0   0.00285007   0.00842914
-0.000929144  -0.00285007            0  -0.00404313
    0.016845  -0.00842914   0.00404313            0
Repeater1[0]<--->HoM1[0]
REAL
   0.416667 -0.00740982  0.00826792    0.369385
-0.00740982   0.0793651 -0.00656443  -0.0172423
 0.00826792 -0.00656443   0.0555556 -0.00284659
   0.369385  -0.0172423 -0.00284659    0.448413
IMAGINARY
          0  0.00475684  0.00329147   0.0129249
-0.00475684           0   0.0209397 -0.00582311
-0.00329147  -0.0209397           0   0.0205596
 -0.0129249  0.00582311  -0.0205596           0
EndNode1[0]<--->Repeater1[0]
REAL
   0.448586 0.000325916  -0.0158691    0.365396
0.000325916   0.0526992  0.00523779   0.0178096
 -0.0158691  0.00523779   0.0681234  0.00161458
   0.365396   0.0178096  0.00161458    0.430591
IMAGINARY
          0  -0.0102937   0.0371901  0.00464175
  0.0102937           0  0.00591726  0.00106845
 -0.0371901 -0.00591726           0  -0.0253264
-0.00464175 -0.00106845   0.0253264           0
EndNode2[0]<--->HoM1[0]
REAL
   0.466755  0.00835509  0.00441074    0.370141
 0.00835509   0.0465426  0.00283564  0.00119324
 0.00441074  0.00283564   0.0518617 -0.00773243
   0.370141  0.00119324 -0.00773243     0.43484
IMAGINARY
           0    0.0111465   -0.0364596    0.0250051
  -0.0111465            0   0.00600269    0.0070478
   0.0364596  -0.00600269            0  0.000481457
  -0.0250051   -0.0070478 -0.000481457            0
Repeater1[0]<--->EndNode1[0]
REAL
   0.448586  -0.0158691 0.000325916    0.365396
 -0.0158691   0.0681234  0.00523779  0.00161458
0.000325916  0.00523779   0.0526992   0.0178096
   0.365396  0.00161458   0.0178096    0.430591
IMAGINARY
          0   0.0371901  -0.0102937  0.00464175
 -0.0371901           0 -0.00591726  -0.0253264
  0.0102937  0.00591726           0  0.00106845
-0.00464175   0.0253264 -0.00106845           0
Repeater1[0]<--->HoM1[0]
REAL
   0.466755  0.00441074  0.00835509    0.370141
 0.00441074   0.0518617  0.00283564 -0.00773243
 0.00835509  0.00283564   0.0465426  0.00119324
   0.370141 -0.00773243  0.00119324     0.43484
IMAGINARY
           0   -0.0364596    0.0111465    0.0250051
   0.0364596            0  -0.00600269  0.000481457
  -0.0111465   0.00600269            0    0.0070478
  -0.0250051 -0.000481457   -0.0070478            0
EndNode1[0]<--->Repeater1[0]
REAL
   0.458913 -0.00126087   0.0124761    0.379634
-0.00126087   0.0632111  0.00376251  -0.0156446
  0.0124761  0.00376251   0.0581542  -0.0019077
   0.379634  -0.0156446  -0.0019077    0.419722
IMAGINARY
          0   0.0128245  -0.0145111  -0.0146989
 -0.0128245           0  0.00504636 -0.00850147
  0.0145111 -0.00504636           0   0.0171616
  0.0146989  0.00850147  -0.0171616           0
EndNode2[0]<--->HoM1[0]
REAL
   0.453003  -0.0096173  -0.0170814    0.386719
 -0.0096173   0.0626632 -0.00273438    0.018973
 -0.0170814 -0.00273438   0.0639687 -0.00110149
   0.386719    0.018973 -0.00110149    0.420366
IMAGINARY
           0  -0.00320823    0.0162008 -0.000777184
  0.00320823            0   -0.0137731    0.0162008
  -0.0162008    0.0137731            0   -0.0355465
 0.000777184   -0.0162008    0.0355465            0
Repeater1[0]<--->EndNode1[0]
REAL
   0.458913   0.0124761 -0.00126087    0.379634
  0.0124761   0.0581542  0.00376251  -0.0019077
-0.00126087  0.00376251   0.0632111  -0.0156446
   0.379634  -0.0019077  -0.0156446    0.419722
IMAGINARY
          0  -0.0145111   0.0128245  -0.0146989
  0.0145111           0 -0.00504636   0.0171616
 -0.0128245  0.00504636           0 -0.00850147
  0.0146989  -0.0171616  0.00850147           0
Repeater1[0]<--->HoM1[0]
REAL
   0.453003  -0.0170814  -0.0096173    0.386719
 -0.0170814   0.0639687 -0.00273438 -0.00110149
 -0.0096173 -0.00273438   0.0626632    0.018973
   0.386719 -0.00110149    0.018973    0.420366
IMAGINARY
           0    0.0162008  -0.00320823 -0.000777184
  -0.0162008            0    0.0137731   -0.0355465
  0.00320823   -0.0137731            0    0.0162008
 0.000777184    0.0355465   -0.0162008            0
EndNode1[0]<--->Repeater1[0]
REAL
     0.42228    0.0205185 -0.000379327     0.387015
   0.0205185    0.0608808 -0.000271569   0.00488383
-0.000379327 -0.000271569    0.0686528 -0.000569958
    0.387015   0.00488383 -0.000569958     0.448187
IMAGINARY
           0   0.00298017  -0.00110583    0.0184188
 -0.00298017            0  0.000583598   -0.0100344
  0.00110583 -0.000583598            0  -0.00232487
  -0.0184188    0.0100344   0.00232487            0
EndNode2[0]<--->HoM1[0]
REAL
    0.458693 -0.000116623   -0.0163813     0.368882
-0.000116623    0.0579531  -0.00724691    0.0157524
  -0.0163813  -0.00724691    0.0591862   0.00451914
    0.368882    0.0157524   0.00451914     0.424168
IMAGINARY
           0  -0.00987359   -0.0360851   0.00351633
  0.00987359            0 -0.000339711    0.0122142
   0.0360851  0.000339711            0   0.00793811
 -0.00351633   -0.0122142  -0.00793811            0
Repeater1[0]<--->EndNode1[0]
REAL
     0.42228 -0.000379327    0.0205185     0.387015
-0.000379327    0.0686528 -0.000271569 -0.000569958
   0.0205185 -0.000271569    0.0608808   0.00488383
    0.387015 -0.000569958   0.00488383     0.448187
IMAGINARY
           0  -0.00110583   0.00298017    0.0184188
  0.00110583            0 -0.000583598  -0.00232487
 -0.00298017  0.000583598            0   -0.0100344
  -0.0184188   0.00232487    0.0100344            0
Repeater1[0]<--->HoM1[0]
REAL
    0.458693   -0.0163813 -0.000116623     0.368882
  -0.0163813    0.0591862  -0.00724691   0.00451914
-0.000116623  -0.00724691    0.0579531    0.0157524
    0.368882   0.00451914    0.0157524     0.424168
IMAGINARY
           0   -0.0360851  -0.00987359   0.00351633
   0.0360851            0  0.000339711   0.00793811
  0.00987359 -0.000339711            0    0.0122142
 -0.00351633  -0.00793811   -0.0122142            0
EndNode1[0]<--->Repeater1[0]
REAL
  0.465374 -0.0110518 -0.0145257    0.37086
-0.0110518  0.0554017 -0.0133635 0.00399284
-0.0145257 -0.0133635  0.0540166 0.00671472
   0.37086 0.00399284 0.00671472   0.425208
IMAGINARY
          0 -0.00847462   0.0245008   -0.010379
 0.00847462           0  0.00333673  -0.0105058
 -0.0245008 -0.00333673           0  0.00338556
   0.010379   0.0105058 -0.00338556           0
EndNode2[0]<--->HoM1[0]
REAL
   0.439356 -0.00505093  -0.0174873     0.38743
-0.00505093   0.0581683 -0.00160359 -0.00744711
 -0.0174873 -0.00160359   0.0631188  -0.0106971
    0.38743 -0.00744711  -0.0106971    0.439356
IMAGINARY
          0  -0.0114321  -0.0080604 -0.00372815
  0.0114321           0  -0.0157687  0.00936588
  0.0080604   0.0157687           0   0.0088211
 0.00372815 -0.00936588  -0.0088211           0
Repeater1[0]<--->EndNode1[0]
REAL
  0.465374 -0.0145257 -0.0110518    0.37086
-0.0145257  0.0540166 -0.0133635 0.00671472
-0.0110518 -0.0133635  0.0554017 0.00399284
   0.37086 0.00671472 0.00399284   0.425208
IMAGINARY
          0   0.0245008 -0.00847462   -0.010379
 -0.0245008           0 -0.00333673  0.00338556
 0.00847462  0.00333673           0  -0.0105058
   0.010379 -0.00338556   0.0105058           0
Repeater1[0]<--->HoM1[0]
REAL
   0.439356  -0.0174873 -0.00505093     0.38743
 -0.0174873   0.0631188 -0.00160359  -0.0106971
-0.00505093 -0.00160359   0.0581683 -0.00744711
    0.38743  -0.0106971 -0.00744711    0.439356
IMAGINARY
          0  -0.0080604  -0.0114321 -0.00372815
  0.0080604           0   0.0157687   0.0088211
  0.0114321  -0.0157687           0  0.00936588
 0.00372815  -0.0088211 -0.00936588           0
EndNode1[0]<--->Repeater1[0]
REAL
   0.449871 -0.00291566  -0.0137868    0.382133
-0.00291566   0.0539846 -0.00633308 -0.00349873
 -0.0137868 -0.00633308   0.0565553  0.00483628
   0.382133 -0.00349873  0.00483628    0.439589
IMAGINARY
          0    0.013009  -0.0231285  0.00642263
  -0.013009           0   0.0139226   0.0123554
  0.0231285  -0.0139226           0 -0.00730556
-0.00642263  -0.0123554  0.00730556           0
EndNode2[0]<--->HoM1[0]
REAL
   0.413102  -0.0187291 -0.00153899    0.375984
 -0.0187291   0.0548128   0.0224121  -0.0131669
-0.00153899   0.0224121   0.0601604 -0.00934574
   0.375984  -0.0131669 -0.00934574    0.471925
IMAGINARY
          0 -0.00120644   0.0100066  -0.0165126
 0.00120644           0  0.00434874 -0.00762564
 -0.0100066 -0.00434874           0 -0.00950785
  0.0165126  0.00762564  0.00950785           0
Repeater1[0]<--->EndNode1[0]
REAL
   0.449871  -0.0137868 -0.00291566    0.382133
 -0.0137868   0.0565553 -0.00633308  0.00483628
-0.00291566 -0.00633308   0.0539846 -0.00349873
   0.382133  0.00483628 -0.00349873    0.439589
IMAGINARY
          0  -0.0231285    0.013009  0.00642263
  0.0231285           0  -0.0139226 -0.00730556
  -0.013009   0.0139226           0   0.0123554
-0.00642263  0.00730556  -0.0123554           0
Repeater1[0]<--->HoM1[0]
REAL
   0.413102 -0.00153899  -0.0187291    0.375984
-0.00153899   0.0601604   0.0224121 -0.00934574
 -0.0187291   0.0224121   0.0548128  -0.0131669
   0.375984 -0.00934574  -0.0131669    0.471925
IMAGINARY
          0   0.0100066 -0.00120644  -0.0165126
 -0.0100066           0 -0.00434874 -0.00950785
 0.00120644  0.00434874           0 -0.00762564
  0.0165126  0.00950785  0.00762564           0
EndNode1[0]<--->Repeater1[0]
REAL
    0.473819 -0.000586247    0.0034881     0.380771
-0.000586247    0.0625798   0.00610066   -0.0160579
   0.0034881   0.00610066    0.0561941    0.0117594
    0.380771   -0.0160579    0.0117594     0.407407
IMAGINARY
           0   0.00753092   -0.0105435  -0.00419273
 -0.00753092            0  0.000975228  -1.0626e-05
   0.0105435 -0.000975228            0   -0.0167658
  0.00419273   1.0626e-05    0.0167658            0
EndNode2[0]<--->HoM1[0]
REAL
  0.452267 0.00916415  0.0104575   0.384064
0.00916415  0.0548926 0.00497037  0.0208741
 0.0104575 0.00497037  0.0656325  0.0025852
  0.384064  0.0208741  0.0025852   0.427208
IMAGINARY
          0  0.00947402   -0.014747  0.00515295
-0.00947402           0 -0.00710863  -0.0104419
   0.014747  0.00710863           0  0.00815823
-0.00515295   0.0104419 -0.00815823           0
Repeater1[0]<--->EndNode1[0]
REAL
    0.473819    0.0034881 -0.000586247     0.380771
   0.0034881    0.0561941   0.00610066    0.0117594
-0.000586247   0.00610066    0.0625798   -0.0160579
    0.380771    0.0117594   -0.0160579     0.407407
IMAGINARY
           0   -0.0105435   0.00753092  -0.00419273
   0.0105435            0 -0.000975228   -0.0167658
 -0.00753092  0.000975228            0  -1.0626e-05
  0.00419273    0.0167658   1.0626e-05            0
Repeater1[0]<--->HoM1[0]
REAL
  0.452267  0.0104575 0.00916415   0.384064
 0.0104575  0.0656325 0.00497037  0.0025852
0.00916415 0.00497037  0.0548926  0.0208741
  0.384064  0.0025852  0.0208741   0.427208
IMAGINARY
          0   -0.014747  0.00947402  0.00515295
   0.014747           0  0.00710863  0.00815823
-0.00947402 -0.00710863           0  -0.0104419
-0.00515295 -0.00815823   0.0104419           0
EndNode1[0]<--->Repeater1[0]
REAL
   0.428212  -0.0202281  -0.0288278    0.378515
 -0.0202281   0.0642317 -0.00614708  -0.0106459
 -0.0288278 -0.00614708   0.0642317 -0.00214028
   0.378515  -0.0106459 -0.00214028    0.443325
IMAGINARY
          0 -0.00552576 -0.00647255 -0.00931777
 0.00552576           0  0.00805195 -0.00518389
 0.00647255 -0.00805195           0   0.0245442
 0.00931777  0.00518389  -0.0245442           0
EndNode2[0]<--->HoM1[0]
REAL
   0.427451 -0.00584416   0.0141849    0.375379
-0.00584416   0.0614379  -0.0137833  -0.0079505
  0.0141849  -0.0137833   0.0784314  0.00584416
   0.375379  -0.0079505  0.00584416     0.43268
IMAGINARY
          0  -0.0202569  0.00156446 -0.00364733
  0.0202569           0 -0.00428918 -0.00156446
-0.00156446  0.00428918           0   0.0177938
 0.00364733  0.00156446  -0.0177938           0
Repeater1[0]<--->EndNode1[0]
REAL
   0.428212  -0.0288278  -0.0202281    0.378515
 -0.0288278   0.0642317 -0.00614708 -0.00214028
 -0.0202281 -0.00614708   0.0642317  -0.0106459
   0.378515 -0.00214028  -0.0106459    0.443325
IMAGINARY
          0 -0.00647255 -0.00552576 -0.00931777
 0.00647255           0 -0.00805195   0.0245442
 0.00552576  0.00805195           0 -0.00518389
 0.00931777  -0.0245442  0.00518389           0
Repeater1[0]<--->HoM1[0]
REAL
   0.427451   0.0141849 -0.00584416    0.375379
  0.0141849   0.0784314  -0.0137833  0.00584416
-0.00584416  -0.0137833   0.0614379  -0.0079505
   0.375379  0.00584416  -0.0079505     0.43268
IMAGINARY
          0  0.00156446  -0.0202569 -0.00364733
-0.00156446           0  0.00428918   0.0177938
  0.0202569 -0.00428918           0 -0.00156446
 0.00364733  -0.0177938  0.00156446           0
EndNode1[0]<--->Repeater1[0]
REAL
   0.434833 -0.00365705  0.00520598    0.369841
-0.00365705   0.0519031 -0.00334244    0.017464
 0.00520598 -0.00334244   0.0668973   0.0187704
   0.369841    0.017464   0.0187704    0.446367
IMAGINARY
          0 -0.00545255  0.00714931 -0.00659183
 0.00545255           0  -0.0264821  -0.0038468
-0.00714931   0.0264821           0  0.00743405
 0.00659183   0.0038468 -0.00743405           0
EndNode2[0]<--->HoM1[0]
REAL
   0.453634   -0.014339 -0.00959041    0.387298
  -0.014339   0.0601504 -0.00652896  -0.0134865
-0.00959041 -0.00652896    0.056391 0.000236424
   0.387298  -0.0134865 0.000236424    0.429825
IMAGINARY
           0  0.000886295    0.0112249   1.6084e-05
-0.000886295            0   0.00617203    0.0159356
  -0.0112249  -0.00617203            0   -0.0231085
 -1.6084e-05   -0.0159356    0.0231085            0
Repeater1[0]<--->EndNode1[0]
REAL
   0.434833  0.00520598 -0.00365705    0.369841
 0.00520598   0.0668973 -0.00334244   0.0187704
-0.00365705 -0.00334244   0.0519031    0.017464
   0.369841   0.0187704    0.017464    0.446367
IMAGINARY
          0  0.00714931 -0.00545255 -0.00659183
-0.00714931           0   0.0264821  0.00743405
 0.00545255  -0.0264821           0  -0.0038468
 0.00659183 -0.00743405   0.0038468           0
Repeater1[0]<--->HoM1[0]
REAL
   0.453634 -0.00959041   -0.014339    0.387298
-0.00959041    0.056391 -0.00652896 0.000236424
  -0.014339 -0.00652896   0.0601504  -0.0134865
   0.387298 0.000236424  -0.0134865    0.429825
IMAGINARY
           0    0.0112249  0.000886295   1.6084e-05
  -0.0112249            0  -0.00617203   -0.0231085
-0.000886295   0.00617203            0    0.0159356
 -1.6084e-05    0.0231085   -0.0159356            0
EndNode1[0]<--->Repeater1[0]
REAL
  0.435967 -0.0127809 -0.0016637   0.356522
-0.0127809  0.0476839 0.00807621   0.012242
-0.0016637 0.00807621  0.0626703  0.0261801
  0.356522   0.012242  0.0261801   0.453678
IMAGINARY
          0  -0.0114744  0.00235645   0.0163552
  0.0114744           0  -0.0120181    0.030027
