EndNode1[0]<--->Repeater1[0]
REAL
  0.388518  -0.012375   0.010428    0.14304
 -0.012375   0.206943  0.0279659 -0.0157534
  0.010428  0.0279659   0.154873  0.0141502
   0.14304 -0.0157534  0.0141502   0.249666
IMAGINARY
          0  0.00185376  -0.0180229   0.0139587
-0.00185376           0   0.0202878   0.0133123
  0.0180229  -0.0202878           0 -0.00252671
 -0.0139587  -0.0133123  0.00252671           0
EndNode2[0]<--->HoM1[0]
REAL
   0.336646   0.0109598  -0.0199557    0.163844
  0.0109598    0.196273   0.0615712      0.0091
 -0.0199557   0.0615712    0.196273 -0.00521269
   0.163844      0.0091 -0.00521269    0.270807
IMAGINARY
          0  0.00664919   0.0114548 -0.00916127
-0.00664919           0   0.0111639  0.00243414
 -0.0114548  -0.0111639           0 -0.00412394
 0.00916127 -0.00243414  0.00412394           0
Repeater1[0]<--->EndNode1[0]
REAL
  0.388518   0.010428  -0.012375    0.14304
  0.010428   0.154873  0.0279659  0.0141502
 -0.012375  0.0279659   0.206943 -0.0157534
   0.14304  0.0141502 -0.0157534   0.249666
IMAGINARY
          0  -0.0180229  0.00185376   0.0139587
  0.0180229           0  -0.0202878 -0.00252671
-0.00185376   0.0202878           0   0.0133123
 -0.0139587  0.00252671  -0.0133123           0
Repeater1[0]<--->HoM1[0]
REAL
   0.336646  -0.0199557   0.0109598    0.163844
 -0.0199557    0.196273   0.0615712 -0.00521269
  0.0109598   0.0615712    0.196273      0.0091
   0.163844 -0.00521269      0.0091    0.270807
IMAGINARY
          0   0.0114548  0.00664919 -0.00916127
 -0.0114548           0  -0.0111639 -0.00412394
-0.00664919   0.0111639           0  0.00243414
 0.00916127  0.00412394 -0.00243414           0
EndNode1[0]<--->Repeater1[0]
REAL
   0.394459 -0.00735236  -0.0118742    0.148887
-0.00735236     0.19657   0.0630418   0.0118742
 -0.0118742   0.0630418    0.168865 -0.00153089
   0.148887   0.0118742 -0.00153089    0.240106
IMAGINARY
          0   0.0159911  0.00282414  0.00460421
 -0.0159911           0  -0.0225276 -0.00479007
-0.00282414   0.0225276           0  -0.0035402
-0.00460421  0.00479007   0.0035402           0
EndNode2[0]<--->HoM1[0]
REAL
   0.369032 -0.00740277   0.0100998    0.170891
-0.00740277    0.188387   0.0428344   0.0258479
  0.0100998   0.0428344    0.197419   0.0158995
   0.170891   0.0258479   0.0158995    0.245161
IMAGINARY
           0    0.0042417  -0.00103925    0.0057014
  -0.0042417            0  0.000775288  -0.00603925
  0.00103925 -0.000775288            0    0.0144198
  -0.0057014   0.00603925   -0.0144198            0
Repeater1[0]<--->EndNode1[0]
REAL
   0.394459  -0.0118742 -0.00735236    0.148887
 -0.0118742    0.168865   0.0630418 -0.00153089
-0.00735236   0.0630418     0.19657   0.0118742
   0.148887 -0.00153089   0.0118742    0.240106
IMAGINARY
          0  0.00282414   0.0159911  0.00460421
-0.00282414           0   0.0225276  -0.0035402
 -0.0159911  -0.0225276           0 -0.00479007
-0.00460421   0.0035402  0.00479007           0
Repeater1[0]<--->HoM1[0]
REAL
   0.369032   0.0100998 -0.00740277    0.170891
  0.0100998    0.197419   0.0428344   0.0158995
-0.00740277   0.0428344    0.188387   0.0258479
   0.170891   0.0158995   0.0258479    0.245161
IMAGINARY
           0  -0.00103925    0.0042417    0.0057014
  0.00103925            0 -0.000775288    0.0144198
  -0.0042417  0.000775288            0  -0.00603925
  -0.0057014   -0.0144198   0.00603925            0
EndNode1[0]<--->Repeater1[0]
REAL
   0.364486 -0.00635676   0.0101404     0.16852
-0.00635676    0.205607   0.0498426  0.00102583
  0.0101404   0.0498426    0.178905   0.0162823
    0.16852  0.00102583   0.0162823    0.251001
IMAGINARY
          0   0.0189059  0.00163138  0.00296342
 -0.0189059           0   0.0042655   -0.013953
-0.00163138  -0.0042655           0 -0.00658427
-0.00296342    0.013953  0.00658427           0
EndNode2[0]<--->HoM1[0]
REAL
   0.338139 -0.00127143  0.00130888    0.171106
-0.00127143    0.199214   0.0664265  0.00394046
 0.00130888   0.0664265    0.187418  0.00652078
   0.171106  0.00394046  0.00652078    0.275229
IMAGINARY
           0   0.00762207 -0.000593181   0.00385889
 -0.00762207            0   0.00924972   0.00551929
 0.000593181  -0.00924972            0    0.0231661
 -0.00385889  -0.00551929   -0.0231661            0
Repeater1[0]<--->EndNode1[0]
REAL
   0.364486   0.0101404 -0.00635676     0.16852
  0.0101404    0.178905   0.0498426   0.0162823
-0.00635676   0.0498426    0.205607  0.00102583
    0.16852   0.0162823  0.00102583    0.251001
IMAGINARY
          0  0.00163138   0.0189059  0.00296342
-0.00163138           0  -0.0042655 -0.00658427
 -0.0189059   0.0042655           0   -0.013953
-0.00296342  0.00658427    0.013953           0
Repeater1[0]<--->HoM1[0]
REAL
   0.338139  0.00130888 -0.00127143    0.171106
 0.00130888    0.187418   0.0664265  0.00652078
-0.00127143   0.0664265    0.199214  0.00394046
   0.171106  0.00652078  0.00394046    0.275229
IMAGINARY
           0 -0.000593181   0.00762207   0.00385889
 0.000593181            0  -0.00924972    0.0231661
 -0.00762207   0.00924972            0   0.00551929
 -0.00385889   -0.0231661  -0.00551929            0
EndNode1[0]<--->Repeater1[0]
REAL
   0.378079  0.00325014  0.00133008    0.149234
 0.00325014    0.197044   0.0348386  0.00258637
 0.00133008   0.0348386    0.178571 -0.00194466
   0.149234  0.00258637 -0.00194466    0.246305
IMAGINARY
          0 -0.00963022  -0.0120062  -0.0127308
 0.00963022           0 -0.00841516  -0.0252688
  0.0120062  0.00841516           0 -0.00193791
  0.0127308   0.0252688  0.00193791           0
EndNode2[0]<--->HoM1[0]
REAL
   0.349805  0.00662383 -0.00728501    0.161581
 0.00662383    0.189857   0.0716713 -0.00794032
-0.00728501   0.0716713    0.184655   -0.013323
   0.161581 -0.00794032   -0.013323    0.275683
IMAGINARY
           0  0.000916908    0.0130373    0.0225833
-0.000916908            0   -0.0133969  -0.00721584
  -0.0130373    0.0133969            0    0.0100792
  -0.0225833   0.00721584   -0.0100792            0
Repeater1[0]<--->EndNode1[0]
REAL
   0.378079  0.00133008  0.00325014    0.149234
 0.00133008    0.178571   0.0348386 -0.00194466
 0.00325014   0.0348386    0.197044  0.00258637
   0.149234 -0.00194466  0.00258637    0.246305
IMAGINARY
          0  -0.0120062 -0.00963022  -0.0127308
  0.0120062           0  0.00841516 -0.00193791
 0.00963022 -0.00841516           0  -0.0252688
  0.0127308  0.00193791   0.0252688           0
Repeater1[0]<--->HoM1[0]
REAL
   0.349805 -0.00728501  0.00662383    0.161581
-0.00728501    0.184655   0.0716713   -0.013323
 0.00662383   0.0716713    0.189857 -0.00794032
   0.161581   -0.013323 -0.00794032    0.275683
IMAGINARY
           0    0.0130373  0.000916908    0.0225833
  -0.0130373            0    0.0133969    0.0100792
-0.000916908   -0.0133969            0  -0.00721584
  -0.0225833   -0.0100792   0.00721584            0
EndNode1[0]<--->Repeater1[0]
REAL
   0.370423  0.00169302 -0.00498109     0.15099
 0.00169302    0.214085   0.0414183   0.0089078
-0.00498109   0.0414183    0.159155  0.00354259
    0.15099   0.0089078  0.00354259    0.256338
IMAGINARY
          0   0.0107927  0.00626906  -0.0140147
 -0.0107927           0 -0.00215449  0.00758485
-0.00626906  0.00215449           0  -0.0271655
  0.0140147 -0.00758485   0.0271655           0
EndNode2[0]<--->HoM1[0]
REAL
   0.365333  -0.0107285 -0.00332993    0.170354
 -0.0107285        0.18   0.0404428  0.00847132
-0.00332993   0.0404428    0.194667   0.0068725
   0.170354  0.00847132   0.0068725        0.26
IMAGINARY
          0 -0.00582576 -0.00997158  0.00904393
 0.00582576           0  0.00904393  -0.0223478
 0.00997158 -0.00904393           0   0.0102618
-0.00904393   0.0223478  -0.0102618           0
Repeater1[0]<--->EndNode1[0]
REAL
   0.370423 -0.00498109  0.00169302     0.15099
-0.00498109    0.159155   0.0414183  0.00354259
 0.00169302   0.0414183    0.214085   0.0089078
    0.15099  0.00354259   0.0089078    0.256338
IMAGINARY
          0  0.00626906   0.0107927  -0.0140147
-0.00626906           0  0.00215449  -0.0271655
 -0.0107927 -0.00215449           0  0.00758485
  0.0140147   0.0271655 -0.00758485           0
Repeater1[0]<--->HoM1[0]
REAL
   0.365333 -0.00332993  -0.0107285    0.170354
-0.00332993    0.194667   0.0404428   0.0068725
 -0.0107285   0.0404428        0.18  0.00847132
   0.170354   0.0068725  0.00847132        0.26
IMAGINARY
          0 -0.00997158 -0.00582576  0.00904393
 0.00997158           0 -0.00904393   0.0102618
 0.00582576  0.00904393           0  -0.0223478
-0.00904393  -0.0102618   0.0223478           0
EndNode1[0]<--->Repeater1[0]
REAL
    0.348659  -0.00914887  -0.00228251     0.159917
 -0.00914887     0.227331    0.0550889 -0.000870078
 -0.00228251    0.0550889     0.181354  0.000952144
    0.159917 -0.000870078  0.000952144     0.242656
IMAGINARY
          0   0.0182109 -0.00194753   0.0252754
 -0.0182109           0  -0.0108463  -0.0101236
 0.00194753   0.0108463           0   0.0129199
 -0.0252754   0.0101236  -0.0129199           0
EndNode2[0]<--->HoM1[0]
REAL
   0.362733  -0.0131738  0.00896617    0.186643
 -0.0131738         0.2   0.0407579 -0.00049159
 0.00896617   0.0407579    0.181366 -0.00236296
   0.186643 -0.00049159 -0.00236296    0.255901
IMAGINARY
          0   -0.006252   0.0027569   0.0138898
   0.006252           0 -0.00697157   0.0159463
 -0.0027569  0.00697157           0 -0.00496995
 -0.0138898  -0.0159463  0.00496995           0
Repeater1[0]<--->EndNode1[0]
REAL
    0.348659  -0.00228251  -0.00914887     0.159917
 -0.00228251     0.181354    0.0550889  0.000952144
 -0.00914887    0.0550889     0.227331 -0.000870078
    0.159917  0.000952144 -0.000870078     0.242656
IMAGINARY
          0 -0.00194753   0.0182109   0.0252754
 0.00194753           0   0.0108463   0.0129199
 -0.0182109  -0.0108463           0  -0.0101236
 -0.0252754  -0.0129199   0.0101236           0
Repeater1[0]<--->HoM1[0]
REAL
   0.362733  0.00896617  -0.0131738    0.186643
 0.00896617    0.181366   0.0407579 -0.00236296
 -0.0131738   0.0407579         0.2 -0.00049159
   0.186643 -0.00236296 -0.00049159    0.255901
IMAGINARY
          0   0.0027569   -0.006252   0.0138898
 -0.0027569           0  0.00697157 -0.00496995
   0.006252 -0.00697157           0   0.0159463
 -0.0138898  0.00496995  -0.0159463           0
EndNode1[0]<--->Repeater1[0]
REAL
   0.372813    0.015352   0.0103336    0.140583
   0.015352    0.200538   0.0456147   0.0183123
  0.0103336   0.0456147    0.176312 -0.00884157
   0.140583   0.0183123 -0.00884157    0.250336
IMAGINARY
          0   0.0144445  -0.0182284   0.0141457
 -0.0144445           0 -0.00334522  -0.0188786
  0.0182284  0.00334522           0   0.0125995
 -0.0141457   0.0188786  -0.0125995           0
EndNode2[0]<--->HoM1[0]
REAL
    0.375691   -0.0104291 -1.64795e-05     0.169491
  -0.0104291     0.151934    0.0282132    0.0025675
-1.64795e-05    0.0282132     0.191989   0.00660255
    0.169491    0.0025675   0.00660255     0.280387
IMAGINARY
          0 -0.00419136 -0.00966853  0.00393835
 0.00419136           0 -0.00711497    0.010897
 0.00966853  0.00711497           0 -0.00686515
-0.00393835   -0.010897  0.00686515           0
Repeater1[0]<--->EndNode1[0]
REAL
   0.372813   0.0103336    0.015352    0.140583
  0.0103336    0.176312   0.0456147 -0.00884157
   0.015352   0.0456147    0.200538   0.0183123
   0.140583 -0.00884157   0.0183123    0.250336
IMAGINARY
          0  -0.0182284   0.0144445   0.0141457
  0.0182284           0  0.00334522   0.0125995
 -0.0144445 -0.00334522           0  -0.0188786
 -0.0141457  -0.0125995   0.0188786           0
Repeater1[0]<--->HoM1[0]
REAL
    0.375691 -1.64795e-05   -0.0104291     0.169491
-1.64795e-05     0.191989    0.0282132   0.00660255
  -0.0104291    0.0282132     0.151934    0.0025675
    0.169491   0.00660255    0.0025675     0.280387
IMAGINARY
          0 -0.00966853 -0.00419136  0.00393835
 0.00966853           0  0.00711497 -0.00686515
 0.00419136 -0.00711497           0    0.010897
-0.00393835  0.00686515   -0.010897           0
EndNode1[0]<--->Repeater1[0]
REAL
   0.370968 -0.00764273 -0.00456085     0.15487
-0.00764273    0.204715    0.023291    0.001368
-0.00456085    0.023291    0.151365  -0.0185386
    0.15487    0.001368  -0.0185386    0.272953
IMAGINARY
           0   -0.0114538  7.66497e-05   0.00562214
   0.0114538            0 -0.000260211  -0.00700186
-7.66497e-05  0.000260211            0  -0.00655179
 -0.00562214   0.00700186   0.00655179            0
EndNode2[0]<--->HoM1[0]
REAL
   0.363871  -0.0108932  -0.0195318    0.170082
 -0.0108932    0.175484   0.0553064 0.000101728
 -0.0195318   0.0553064    0.183226 -0.00335551
   0.170082 0.000101728 -0.00335551    0.277419
IMAGINARY
          0 -0.00664592   0.0157609   0.0133898
 0.00664592           0 -0.00891986  -0.0131223
 -0.0157609  0.00891986           0  0.00136888
 -0.0133898   0.0131223 -0.00136888           0
Repeater1[0]<--->EndNode1[0]
REAL
   0.370968 -0.00456085 -0.00764273     0.15487
-0.00456085    0.151365    0.023291  -0.0185386
-0.00764273    0.023291    0.204715    0.001368
    0.15487  -0.0185386    0.001368    0.272953
IMAGINARY
           0  7.66497e-05   -0.0114538   0.00562214
-7.66497e-05            0  0.000260211  -0.00655179
   0.0114538 -0.000260211            0  -0.00700186
 -0.00562214   0.00655179   0.00700186            0
Repeater1[0]<--->HoM1[0]
REAL
   0.363871  -0.0195318  -0.0108932    0.170082
 -0.0195318    0.183226   0.0553064 -0.00335551
 -0.0108932   0.0553064    0.175484 0.000101728
   0.170082 -0.00335551 0.000101728    0.277419
IMAGINARY
          0   0.0157609 -0.00664592   0.0133898
 -0.0157609           0  0.00891986  0.00136888
 0.00664592 -0.00891986           0  -0.0131223
 -0.0133898 -0.00136888   0.0131223           0
EndNode1[0]<--->Repeater1[0]
REAL
   0.348259  -0.0180105  0.00669968    0.143671
 -0.0180105     0.20398   0.0311052  -0.0111811
 0.00669968   0.0311052     0.16791 -0.00439665
   0.143671  -0.0111811 -0.00439665    0.279851
IMAGINARY
          0  0.00730537  -0.0140993 -0.00313407
-0.00730537           0   -0.022218  0.00624592
  0.0140993    0.022218           0   -0.012541
 0.00313407 -0.00624592    0.012541           0
EndNode2[0]<--->HoM1[0]
REAL
   0.370611 -0.00833333   0.0036878    0.164579
-0.00833333    0.197659   0.0293753  -0.0200606
  0.0036878   0.0293753    0.195059  0.00833333
   0.164579  -0.0200606  0.00833333    0.236671
IMAGINARY
          0   0.0020341  -0.0148661   0.0206334
 -0.0020341           0  0.00155982   0.0161416
  0.0148661 -0.00155982           0 -0.00586063
 -0.0206334  -0.0161416  0.00586063           0
Repeater1[0]<--->EndNode1[0]
REAL
   0.348259  0.00669968  -0.0180105    0.143671
 0.00669968     0.16791   0.0311052 -0.00439665
 -0.0180105   0.0311052     0.20398  -0.0111811
   0.143671 -0.00439665  -0.0111811    0.279851
IMAGINARY
          0  -0.0140993  0.00730537 -0.00313407
  0.0140993           0    0.022218   -0.012541
-0.00730537   -0.022218           0  0.00624592
 0.00313407    0.012541 -0.00624592           0
Repeater1[0]<--->HoM1[0]
REAL
   0.370611   0.0036878 -0.00833333    0.164579
  0.0036878    0.195059   0.0293753  0.00833333
-0.00833333   0.0293753    0.197659  -0.0200606
   0.164579  0.00833333  -0.0200606    0.236671
IMAGINARY
          0  -0.0148661   0.0020341   0.0206334
  0.0148661           0 -0.00155982 -0.00586063
 -0.0020341  0.00155982           0   0.0161416
 -0.0206334  0.00586063  -0.0161416           0
EndNode1[0]<--->Repeater1[0]
REAL
    0.356129 -0.000645161   -0.0138619     0.147893
-0.000645161     0.211613    0.0450099   -0.0125897
  -0.0138619    0.0450099     0.183226   -0.0154839
    0.147893   -0.0125897   -0.0154839     0.249032
IMAGINARY
          0  0.00477897  -0.0258847    0.024324
-0.00477897           0  -0.0103054  -0.0258847
  0.0258847   0.0103054           0 -0.00150243
  -0.024324   0.0258847  0.00150243           0
EndNode2[0]<--->HoM1[0]
REAL
   0.363748  -0.0105848 -0.00283007    0.177558
 -0.0105848    0.182491   0.0371086   0.0121634
-0.00283007   0.0371086    0.207152 -0.00674851
   0.177558   0.0121634 -0.00674851    0.246609
IMAGINARY
          0  0.00624856   0.0217837   0.0104129
-0.00624856           0  0.00843136  -0.0161657
 -0.0217837 -0.00843136           0  0.00561162
 -0.0104129   0.0161657 -0.00561162           0
Repeater1[0]<--->EndNode1[0]
REAL
    0.356129   -0.0138619 -0.000645161     0.147893
  -0.0138619     0.183226    0.0450099   -0.0154839
-0.000645161    0.0450099     0.211613   -0.0125897
    0.147893   -0.0154839   -0.0125897     0.249032
IMAGINARY
          0  -0.0258847  0.00477897    0.024324
  0.0258847           0   0.0103054 -0.00150243
-0.00477897  -0.0103054           0  -0.0258847
  -0.024324  0.00150243   0.0258847           0
Repeater1[0]<--->HoM1[0]
REAL
   0.363748 -0.00283007  -0.0105848    0.177558
-0.00283007    0.207152   0.0371086 -0.00674851
 -0.0105848   0.0371086    0.182491   0.0121634
   0.177558 -0.00674851   0.0121634    0.246609
IMAGINARY
          0   0.0217837  0.00624856   0.0104129
 -0.0217837           0 -0.00843136  0.00561162
-0.00624856  0.00843136           0  -0.0161657
 -0.0104129 -0.00561162   0.0161657           0
EndNode1[0]<--->Repeater1[0]
REAL
  0.389527  0.0105272   0.012531   0.157816
 0.0105272   0.186462  0.0344916 0.00483871
  0.012531  0.0344916    0.16986  0.0142866
  0.157816 0.00483871  0.0142866   0.254151
IMAGINARY
           0   0.00656457  -0.00384086   0.00117902
 -0.00656457            0   0.00945928   0.00652183
  0.00384086  -0.00945928            0  0.000137839
 -0.00117902  -0.00652183 -0.000137839            0
EndNode2[0]<--->HoM1[0]
REAL
    0.352055  -0.00770972   -0.0193446     0.188808
 -0.00770972     0.153425    0.0410251   -0.0107451
  -0.0193446    0.0410251          0.2 -0.000612945
    0.188808   -0.0107451 -0.000612945     0.294521
IMAGINARY
          0  0.00873325 -0.00304184    -0.00625
-0.00873325           0    -0.00625 -0.00434732
 0.00304184     0.00625           0  0.00604508
    0.00625  0.00434732 -0.00604508           0
Repeater1[0]<--->EndNode1[0]
REAL
  0.389527   0.012531  0.0105272   0.157816
  0.012531    0.16986  0.0344916  0.0142866
 0.0105272  0.0344916   0.186462 0.00483871
  0.157816  0.0142866 0.00483871   0.254151
IMAGINARY
           0  -0.00384086   0.00656457   0.00117902
  0.00384086            0  -0.00945928  0.000137839
 -0.00656457   0.00945928            0   0.00652183
 -0.00117902 -0.000137839  -0.00652183            0
Repeater1[0]<--->HoM1[0]
REAL
    0.352055   -0.0193446  -0.00770972     0.188808
  -0.0193446          0.2    0.0410251 -0.000612945
 -0.00770972    0.0410251     0.153425   -0.0107451
    0.188808 -0.000612945   -0.0107451     0.294521
IMAGINARY
          0 -0.00304184  0.00873325    -0.00625
 0.00304184           0     0.00625  0.00604508
-0.00873325    -0.00625           0 -0.00434732
    0.00625 -0.00604508  0.00434732           0
EndNode1[0]<--->Repeater1[0]
REAL
   0.341055 -0.00570429 -0.00870215    0.139052
-0.00570429    0.214929    0.040143 -0.00807637
-0.00870215    0.040143    0.173745   0.0117446
   0.139052 -0.00807637   0.0117446     0.27027
IMAGINARY
          0  0.00475915  -0.0106206   0.0126827
-0.00475915           0 -0.00287882  -0.0118896
  0.0106206  0.00287882           0  -0.0177196
 -0.0126827   0.0118896   0.0177196           0
EndNode2[0]<--->HoM1[0]
REAL
   0.347395  -0.0134001  -0.0246709    0.166613
 -0.0134001    0.191067   0.0446457   0.0134126
 -0.0246709   0.0446457    0.186104 -0.00580518
   0.166613   0.0134126 -0.00580518    0.275434
IMAGINARY
           0  -0.00209958   0.00840105    0.0116781
  0.00209958            0  0.000484066   0.00500892
 -0.00840105 -0.000484066            0    0.0218952
  -0.0116781  -0.00500892   -0.0218952            0
Repeater1[0]<--->EndNode1[0]
REAL
   0.341055 -0.00870215 -0.00570429    0.139052
-0.00870215    0.173745    0.040143   0.0117446
-0.00570429    0.040143    0.214929 -0.00807637
   0.139052   0.0117446 -0.00807637     0.27027
IMAGINARY
          0  -0.0106206  0.00475915   0.0126827
  0.0106206           0  0.00287882  -0.0177196
-0.00475915 -0.00287882           0  -0.0118896
 -0.0126827   0.0177196   0.0118896           0
Repeater1[0]<--->HoM1[0]
REAL
   0.347395  -0.0246709  -0.0134001    0.166613
 -0.0246709    0.186104   0.0446457 -0.00580518
 -0.0134001   0.0446457    0.191067   0.0134126
   0.166613 -0.00580518   0.0134126    0.275434
IMAGINARY
           0   0.00840105  -0.00209958    0.0116781
 -0.00840105            0 -0.000484066    0.0218952
  0.00209958  0.000484066            0   0.00500892
  -0.0116781   -0.0218952  -0.00500892            0
EndNode1[0]<--->Repeater1[0]
REAL
   0.361345   0.0261199 -0.00584699    0.138743
  0.0261199    0.211285   0.0121761 -0.00990104
-0.00584699   0.0121761    0.158463  -0.0103718
   0.138743 -0.00990104  -0.0103718    0.268908
IMAGINARY
          0 -0.00787582  -0.0109586  0.00198183
 0.00787582           0  -0.0220823  0.00845236
  0.0109586   0.0220823           0   0.0153946
-0.00198183 -0.00845236  -0.0153946           0
EndNode2[0]<--->HoM1[0]
REAL
   0.383059 -0.00192282   0.0225851     0.17816
-0.00192282    0.195954   0.0502827  0.00637241
  0.0225851   0.0502827    0.193426   0.0192973
    0.17816  0.00637241   0.0192973     0.22756
IMAGINARY
           0  -0.00647933   -0.0207415   0.00320602
  0.00647933            0  5.34336e-05   -0.0086703
   0.0207415 -5.34336e-05            0    0.0269397
 -0.00320602    0.0086703   -0.0269397            0
Repeater1[0]<--->EndNode1[0]
REAL
   0.361345 -0.00584699   0.0261199    0.138743
-0.00584699    0.158463   0.0121761  -0.0103718
  0.0261199   0.0121761    0.211285 -0.00990104
   0.138743  -0.0103718 -0.00990104    0.268908
IMAGINARY
          0  -0.0109586 -0.00787582  0.00198183
  0.0109586           0   0.0220823   0.0153946
 0.00787582  -0.0220823           0  0.00845236
-0.00198183  -0.0153946 -0.00845236           0
Repeater1[0]<--->HoM1[0]
REAL
   0.383059   0.0225851 -0.00192282     0.17816
  0.0225851    0.193426   0.0502827   0.0192973
-0.00192282   0.0502827    0.195954  0.00637241
    0.17816   0.0192973  0.00637241     0.22756
IMAGINARY
           0   -0.0207415  -0.00647933   0.00320602
   0.0207415            0 -5.34336e-05    0.0269397
  0.00647933  5.34336e-05            0   -0.0086703
 -0.00320602   -0.0269397    0.0086703            0
EndNode1[0]<--->Repeater1[0]
REAL
   0.395561 -0.00250625  0.00412317    0.151241
-0.00250625     0.20235   0.0582765 -0.00350512
 0.00412317   0.0582765    0.172324  0.00930477
   0.151241 -0.00350512  0.00930477    0.229765
IMAGINARY
          0  -0.0080641  3.1407e-05   0.0126255
  0.0080641           0 -0.00677375   0.0125314
-3.1407e-05  0.00677375           0  -0.0170615
 -0.0126255  -0.0125314   0.0170615           0
EndNode2[0]<--->HoM1[0]
REAL
   0.415144 -0.00710971  -0.0120957    0.180735
-0.00710971    0.167102   0.0498281  -0.0053306
 -0.0120957   0.0498281    0.174935  0.00442875
   0.180735  -0.0053306  0.00442875     0.24282
IMAGINARY
          0  0.00538235  -0.0153094   0.0177771
-0.00538235           0 -0.00632673  -0.0159805
  0.0153094  0.00632673           0    0.011859
 -0.0177771   0.0159805   -0.011859           0
Repeater1[0]<--->EndNode1[0]
REAL
   0.395561  0.00412317 -0.00250625    0.151241
 0.00412317    0.172324   0.0582765  0.00930477
-0.00250625   0.0582765     0.20235 -0.00350512
   0.151241  0.00930477 -0.00350512    0.229765
IMAGINARY
          0  3.1407e-05  -0.0080641   0.0126255
-3.1407e-05           0  0.00677375  -0.0170615
  0.0080641 -0.00677375           0   0.0125314
 -0.0126255   0.0170615  -0.0125314           0
Repeater1[0]<--->HoM1[0]
REAL
   0.415144  -0.0120957 -0.00710971    0.180735
 -0.0120957    0.174935   0.0498281  0.00442875
-0.00710971   0.0498281    0.167102  -0.0053306
   0.180735  0.00442875  -0.0053306     0.24282
IMAGINARY
          0  -0.0153094  0.00538235   0.0177771
  0.0153094           0  0.00632673    0.011859
-0.00538235 -0.00632673           0  -0.0159805
 -0.0177771   -0.011859   0.0159805           0
EndNode1[0]<--->Repeater1[0]
REAL
   0.367554 -0.00408054   -0.018982    0.168941
-0.00408054    0.209125   0.0415151   -0.017211
  -0.018982   0.0415151    0.187579  -0.0267506
   0.168941   -0.017211  -0.0267506    0.235741
IMAGINARY
           0   -0.0126132  -0.00597949   -0.0220884
   0.0126132            0 -6.93889e-18   0.00274534
  0.00597949  6.93889e-18            0   -0.0126132
   0.0220884  -0.00274534    0.0126132            0
EndNode2[0]<--->HoM1[0]
REAL
    0.380764  -0.00770235   0.00477605     0.181146
 -0.00770235     0.179183     0.051669 -0.000236486
  0.00477605     0.051669     0.196311   0.00445981
    0.181146 -0.000236486   0.00445981     0.243742
IMAGINARY
           0   -0.0223372    0.0351965 -0.000663136
   0.0223372            0   0.00785268   0.00888067
  -0.0351965  -0.00785268            0   0.00994051
 0.000663136  -0.00888067  -0.00994051            0
Repeater1[0]<--->EndNode1[0]
REAL
   0.367554   -0.018982 -0.00408054    0.168941
  -0.018982    0.187579   0.0415151  -0.0267506
-0.00408054   0.0415151    0.209125   -0.017211
   0.168941  -0.0267506   -0.017211    0.235741
IMAGINARY
           0  -0.00597949   -0.0126132   -0.0220884
  0.00597949            0  6.93889e-18   -0.0126132
   0.0126132 -6.93889e-18            0   0.00274534
   0.0220884    0.0126132  -0.00274534            0
Repeater1[0]<--->HoM1[0]
REAL
    0.380764   0.00477605  -0.00770235     0.181146
  0.00477605     0.196311     0.051669   0.00445981
 -0.00770235     0.051669     0.179183 -0.000236486
    0.181146   0.00445981 -0.000236486     0.243742
IMAGINARY
           0    0.0351965   -0.0223372 -0.000663136
  -0.0351965            0  -0.00785268   0.00994051
   0.0223372   0.00785268            0   0.00888067
 0.000663136  -0.00994051  -0.00888067            0
EndNode1[0]<--->Repeater1[0]
REAL
   0.348428  -0.0154931 -0.00611083    0.146767
 -0.0154931    0.222642   0.0598997 -0.00988917
-0.00611083   0.0598997    0.176101   0.0288265
   0.146767 -0.00988917   0.0288265     0.25283
IMAGINARY
           0   0.00679085   -0.0006413   0.00322165
 -0.00679085            0    0.0173969    0.0273171
   0.0006413   -0.0173969            0 -0.000634896
 -0.00322165   -0.0273171  0.000634896            0
EndNode2[0]<--->HoM1[0]
REAL
   0.379653 0.000275951  -0.0144483    0.173912
0.000275951    0.174938   0.0562267   0.0163399
 -0.0144483   0.0562267     0.19603   0.0091818
   0.173912   0.0163399   0.0091818     0.24938
IMAGINARY
          0  0.00379578  -0.0274667 -0.00435036
-0.00379578           0   0.0056098  -0.0030925
  0.0274667  -0.0056098           0 -0.00444598
 0.00435036   0.0030925  0.00444598           0
Repeater1[0]<--->EndNode1[0]
REAL
   0.348428 -0.00611083  -0.0154931    0.146767
-0.00611083    0.176101   0.0598997   0.0288265
 -0.0154931   0.0598997    0.222642 -0.00988917
   0.146767   0.0288265 -0.00988917     0.25283
IMAGINARY
           0   -0.0006413   0.00679085   0.00322165
   0.0006413            0   -0.0173969 -0.000634896
 -0.00679085    0.0173969            0    0.0273171
 -0.00322165  0.000634896   -0.0273171            0
Repeater1[0]<--->HoM1[0]
REAL
   0.379653  -0.0144483 0.000275951    0.173912
 -0.0144483     0.19603   0.0562267   0.0091818
0.000275951   0.0562267    0.174938   0.0163399
   0.173912   0.0091818   0.0163399     0.24938
IMAGINARY
          0  -0.0274667  0.00379578 -0.00435036
  0.0274667           0  -0.0056098 -0.00444598
-0.00379578   0.0056098           0  -0.0030925
 0.00435036  0.00444598   0.0030925           0
EndNode1[0]<--->Repeater1[0]
REAL
  0.333333 0.00924211 0.00594499   0.153753
0.00924211   0.211286  0.0447205 -0.0161231
0.00594499  0.0447205   0.198163  0.0378317
  0.153753 -0.0161231  0.0378317   0.257218
IMAGINARY
           0    0.0139211  7.51158e-06   -0.0189402
  -0.0139211            0  -0.00936167  -0.00581396
-7.51158e-06   0.00936167            0    0.0112402
   0.0189402   0.00581396   -0.0112402            0
EndNode2[0]<--->HoM1[0]
REAL
  0.369987 0.00241844 0.00240644   0.181955
0.00241844   0.151358    0.04734  0.0130447
0.00240644    0.04734   0.208279  0.0241576
  0.181955  0.0130447  0.0241576   0.270375
IMAGINARY
           0   -0.0126907   0.00727271    0.0127589
   0.0126907            0    0.0094211 -0.000862456
 -0.00727271   -0.0094211            0   0.00756248
  -0.0127589  0.000862456  -0.00756248            0
Repeater1[0]<--->EndNode1[0]
REAL
  0.333333 0.00594499 0.00924211   0.153753
0.00594499   0.198163  0.0447205  0.0378317
0.00924211  0.0447205   0.211286 -0.0161231
  0.153753  0.0378317 -0.0161231   0.257218
IMAGINARY
           0  7.51158e-06    0.0139211   -0.0189402
-7.51158e-06            0   0.00936167    0.0112402
  -0.0139211  -0.00936167            0  -0.00581396
   0.0189402   -0.0112402   0.00581396            0
Repeater1[0]<--->HoM1[0]
REAL
  0.369987 0.00240644 0.00241844   0.181955
0.00240644   0.208279    0.04734  0.0241576
0.00241844    0.04734   0.151358  0.0130447
  0.181955  0.0241576  0.0130447   0.270375
IMAGINARY
           0   0.00727271   -0.0126907    0.0127589
 -0.00727271            0   -0.0094211   0.00756248
   0.0126907    0.0094211            0 -0.000862456
  -0.0127589  -0.00756248  0.000862456            0
EndNode1[0]<--->Repeater1[0]
REAL
   0.361076  0.00623769 -0.00046093    0.141825
 0.00623769    0.204866   0.0517234   0.0152459
-0.00046093   0.0517234    0.201024   0.0273645
   0.141825   0.0152459   0.0273645    0.233035
IMAGINARY
          0    0.018401   0.0118857 -0.00545328
  -0.018401           0  -0.0132564 -0.00554055
 -0.0118857   0.0132564           0 -0.00571066
 0.00545328  0.00554055  0.00571066           0
EndNode2[0]<--->HoM1[0]
REAL
    0.36409  0.00627998   0.0100347    0.166279
 0.00627998     0.15586   0.0351739 -0.00805317
  0.0100347   0.0351739    0.213217  0.00891156
   0.166279 -0.00805317  0.00891156    0.266833
IMAGINARY
           0    -0.015832  -0.00105334   -0.0172033
    0.015832            0   -0.0128228  -0.00922944
  0.00105334    0.0128228            0 -0.000877513
   0.0172033   0.00922944  0.000877513            0
Repeater1[0]<--->EndNode1[0]
REAL
   0.361076 -0.00046093  0.00623769    0.141825
-0.00046093    0.201024   0.0517234   0.0273645
 0.00623769   0.0517234    0.204866   0.0152459
   0.141825   0.0273645   0.0152459    0.233035
IMAGINARY
          0   0.0118857    0.018401 -0.00545328
 -0.0118857           0   0.0132564 -0.00571066
  -0.018401  -0.0132564           0 -0.00554055
 0.00545328  0.00571066  0.00554055           0
Repeater1[0]<--->HoM1[0]
REAL
    0.36409   0.0100347  0.00627998    0.166279
  0.0100347    0.213217   0.0351739  0.00891156
 0.00627998   0.0351739     0.15586 -0.00805317
   0.166279  0.00891156 -0.00805317    0.266833
IMAGINARY
           0  -0.00105334    -0.015832   -0.0172033
  0.00105334            0    0.0128228 -0.000877513
    0.015832   -0.0128228            0  -0.00922944
   0.0172033  0.000877513   0.00922944            0
EndNode1[0]<--->Repeater1[0]
REAL
  0.345865  0.0128144   0.032742   0.175415
 0.0128144    0.20802  0.0471425  0.0197309
  0.032742  0.0471425   0.181704 0.00105778
  0.175415  0.0197309 0.00105778   0.264411
IMAGINARY
           0  -0.00740707  -0.00588151   -0.0111023
  0.00740707            0  0.000232724  0.000645907
  0.00588151 -0.000232724            0   0.00217147
   0.0111023 -0.000645907  -0.00217147            0
EndNode2[0]<--->HoM1[0]
REAL
   0.359313  0.00547075   0.0110235    0.158262
 0.00547075    0.202114   0.0599922 -0.00308696
  0.0110235   0.0599922    0.184941  -0.0120845
   0.158262 -0.00308696  -0.0120845    0.253633
IMAGINARY
          0   0.0156188 -0.00848885 -0.00397797
 -0.0156188           0 -0.00397797   0.0177596
 0.00848885  0.00397797           0   0.0010685
 0.00397797  -0.0177596  -0.0010685           0
Repeater1[0]<--->EndNode1[0]
REAL
  0.345865   0.032742  0.0128144   0.175415
  0.032742   0.181704  0.0471425 0.00105778
 0.0128144  0.0471425    0.20802  0.0197309
  0.175415 0.00105778  0.0197309   0.264411
IMAGINARY
           0  -0.00588151  -0.00740707   -0.0111023
  0.00588151            0 -0.000232724   0.00217147
  0.00740707  0.000232724            0  0.000645907
   0.0111023  -0.00217147 -0.000645907            0
Repeater1[0]<--->HoM1[0]
REAL
   0.359313   0.0110235  0.00547075    0.158262
  0.0110235    0.184941   0.0599922  -0.0120845
 0.00547075   0.0599922    0.202114 -0.00308696
   0.158262  -0.0120845 -0.00308696    0.253633
IMAGINARY
          0 -0.00848885   0.0156188 -0.00397797
 0.00848885           0  0.00397797   0.0010685
 -0.0156188 -0.00397797           0   0.0177596
 0.00397797  -0.0010685  -0.0177596           0
EndNode1[0]<--->Repeater1[0]
REAL
   0.401242 -0.00495281  -0.0241148    0.159668
-0.00495281    0.217391   0.0407423  -0.0162408
 -0.0241148   0.0407423     0.15528  -0.0121471
   0.159668  -0.0162408  -0.0121471    0.226087
IMAGINARY
          0   0.0087501 -0.00160788  -0.0213045
 -0.0087501           0  -0.0126263   0.0131168
 0.00160788   0.0126263           0  -0.0177015
  0.0213045  -0.0131168   0.0177015           0
EndNode2[0]<--->HoM1[0]
REAL
   0.381013   0.0125931   0.0129901    0.159757
  0.0125931    0.177215   0.0496772 -0.00104046
  0.0129901   0.0496772    0.151899   0.0106774
   0.159757 -0.00104046   0.0106774    0.289873
IMAGINARY
          0 -0.00158972 -0.00123381 -0.00700351
 0.00158972           0   0.0100635  -0.0186601
 0.00123381  -0.0100635           0   0.0267887
 0.00700351   0.0186601  -0.0267887           0
Repeater1[0]<--->EndNode1[0]
REAL
   0.401242  -0.0241148 -0.00495281    0.159668
 -0.0241148     0.15528   0.0407423  -0.0121471
-0.00495281   0.0407423    0.217391  -0.0162408
   0.159668  -0.0121471  -0.0162408    0.226087
IMAGINARY
          0 -0.00160788   0.0087501  -0.0213045
 0.00160788           0   0.0126263  -0.0177015
 -0.0087501  -0.0126263           0   0.0131168
  0.0213045   0.0177015  -0.0131168           0
Repeater1[0]<--->HoM1[0]
REAL
   0.381013   0.0129901   0.0125931    0.159757
  0.0129901    0.151899   0.0496772   0.0106774
  0.0125931   0.0496772    0.177215 -0.00104046
   0.159757   0.0106774 -0.00104046    0.289873
IMAGINARY
          0 -0.00123381 -0.00158972 -0.00700351
 0.00123381           0  -0.0100635   0.0267887
 0.00158972   0.0100635           0  -0.0186601
 0.00700351  -0.0267887   0.0186601           0
EndNode1[0]<--->Repeater1[0]
REAL
    0.340397   0.00511236 -0.000995985     0.155446
  0.00511236     0.221192    0.0336186   0.00297227
-0.000995985    0.0336186     0.182781  -0.00577112
    0.155446   0.00297227  -0.00577112     0.255629
IMAGINARY
          0 -0.00293075   0.0140568   0.0160972
 0.00293075           0   0.0193065  -0.0115187
 -0.0140568  -0.0193065           0  -0.0199119
 -0.0160972   0.0115187   0.0199119           0
EndNode2[0]<--->HoM1[0]
REAL
   0.385013   -0.017036  0.00512497    0.152924
  -0.017036    0.175711   0.0430046  0.00378088
 0.00512497   0.0430046    0.177003 -0.00332026
   0.152924  0.00378088 -0.00332026    0.262274
IMAGINARY
          0 -0.00982789   0.0108485   -0.017657
 0.00982789           0  -0.0206016  -0.0028056
 -0.0108485   0.0206016           0  0.00312548
   0.017657   0.0028056 -0.00312548           0
Repeater1[0]<--->EndNode1[0]
REAL
    0.340397 -0.000995985   0.00511236     0.155446
-0.000995985     0.182781    0.0336186  -0.00577112
  0.00511236    0.0336186     0.221192   0.00297227
    0.155446  -0.00577112   0.00297227     0.255629
IMAGINARY
          0   0.0140568 -0.00293075   0.0160972
 -0.0140568           0  -0.0193065  -0.0199119
 0.00293075   0.0193065           0  -0.0115187
 -0.0160972   0.0199119   0.0115187           0
Repeater1[0]<--->HoM1[0]
REAL
   0.385013  0.00512497   -0.017036    0.152924
 0.00512497    0.177003   0.0430046 -0.00332026
  -0.017036   0.0430046    0.175711  0.00378088
   0.152924 -0.00332026  0.00378088    0.262274
IMAGINARY
          0   0.0108485 -0.00982789   -0.017657
 -0.0108485           0   0.0206016  0.00312548
 0.00982789  -0.0206016           0  -0.0028056
   0.017657 -0.00312548   0.0028056           0
EndNode1[0]<--->Repeater1[0]
REAL
   0.369311   0.0102767 -0.00123214    0.155658
  0.0102767    0.210663   0.0259803  0.00717666
-0.00123214   0.0259803    0.153446   0.0128408
   0.155658  0.00717666   0.0128408     0.26658
IMAGINARY
          0 -0.00193548  -0.0198897   0.0143037
 0.00193548           0 -0.00909534   0.0166639
  0.0198897  0.00909534           0  -0.0219355
 -0.0143037  -0.0166639   0.0219355           0
EndNode2[0]<--->HoM1[0]
REAL
    0.351282 -0.000879209  -0.00663236     0.172907
-0.000879209     0.183333    0.0578131  -0.00917043
 -0.00663236    0.0578131     0.184615  -0.00607401
    0.172907  -0.00917043  -0.00607401     0.280769
IMAGINARY
           0   -0.0201401 -0.000819609  -0.00361664
   0.0201401            0   0.00431987   0.00773785
 0.000819609  -0.00431987            0   -0.0144511
  0.00361664  -0.00773785    0.0144511            0
Repeater1[0]<--->EndNode1[0]
REAL
   0.369311 -0.00123214   0.0102767    0.155658
-0.00123214    0.153446   0.0259803   0.0128408
  0.0102767   0.0259803    0.210663  0.00717666
   0.155658   0.0128408  0.00717666     0.26658
IMAGINARY
          0  -0.0198897 -0.00193548   0.0143037
  0.0198897           0  0.00909534  -0.0219355
 0.00193548 -0.00909534           0   0.0166639
 -0.0143037   0.0219355  -0.0166639           0
Repeater1[0]<--->HoM1[0]
REAL
    0.351282  -0.00663236 -0.000879209     0.172907
 -0.00663236     0.184615    0.0578131  -0.00607401
-0.000879209    0.0578131     0.183333  -0.00917043
    0.172907  -0.00607401  -0.00917043     0.280769
IMAGINARY
           0 -0.000819609   -0.0201401  -0.00361664
 0.000819609            0  -0.00431987   -0.0144511
   0.0201401   0.00431987            0   0.00773785
  0.00361664    0.0144511  -0.00773785            0
EndNode1[0]<--->Repeater1[0]
REAL
   0.371827   0.0056411  -0.0108602    0.150148
  0.0056411     0.21066   0.0434638 -0.00022192
 -0.0108602   0.0434638    0.159898   0.0158713
   0.150148 -0.00022192   0.0158713    0.257614
IMAGINARY
           0    0.0108666   0.00995195   -0.0100754
  -0.0108666            0  0.000735418  -0.00481056
 -0.00995195 -0.000735418            0    0.0174111
   0.0100754   0.00481056   -0.0174111            0
EndNode2[0]<--->HoM1[0]
REAL
   0.366667  0.00838974  0.00926975    0.172864
 0.00838974    0.180769   0.0645513 -0.00178676
 0.00926975   0.0645513    0.198718  0.00589597
   0.172864 -0.00178676  0.00589597    0.253846
IMAGINARY
           0   -0.0124943     0.015226  0.000192432
   0.0124943            0   0.00730757   0.00996288
   -0.015226  -0.00730757            0   0.00367819
-0.000192432  -0.00996288  -0.00367819            0
Repeater1[0]<--->EndNode1[0]
REAL
   0.371827  -0.0108602   0.0056411    0.150148
 -0.0108602    0.159898   0.0434638   0.0158713
  0.0056411   0.0434638     0.21066 -0.00022192
   0.150148   0.0158713 -0.00022192    0.257614
IMAGINARY
           0   0.00995195    0.0108666   -0.0100754
 -0.00995195            0 -0.000735418    0.0174111
  -0.0108666  0.000735418            0  -0.00481056
   0.0100754   -0.0174111   0.00481056            0
Repeater1[0]<--->HoM1[0]
REAL
   0.366667  0.00926975  0.00838974    0.172864
 0.00926975    0.198718   0.0645513  0.00589597
 0.00838974   0.0645513    0.180769 -0.00178676
   0.172864  0.00589597 -0.00178676    0.253846
IMAGINARY
           0     0.015226   -0.0124943  0.000192432
   -0.015226            0  -0.00730757   0.00367819
   0.0124943   0.00730757            0   0.00996288
-0.000192432  -0.00367819  -0.00996288            0
EndNode1[0]<--->Repeater1[0]
REAL
   0.336043 -0.00388086 -0.00119618    0.151993
-0.00388086    0.223577   0.0453938 -0.00499364
-0.00119618   0.0453938    0.186992  -0.0188152
