EndNode1[0]<--->Repeater1[0]
REAL
   0.443742   0.0234731 -0.00901475    0.229194
  0.0234731   0.0657396   0.0242134  0.00715601
-0.00901475   0.0242134    0.068268  -0.0216144
   0.229194  0.00715601  -0.0216144     0.42225
IMAGINARY
          0 -0.00174115 -0.00820984   0.0202099
 0.00174115           0  0.00683411  0.00373985
 0.00820984 -0.00683411           0  0.00237972
 -0.0202099 -0.00373985 -0.00237972           0
EndNode2[0]<--->HoM1[0]
REAL
    0.449612    0.0054108   0.00100265     0.232986
   0.0054108    0.0465116 -0.000181425   0.00164285
  0.00100265 -0.000181425    0.0516796   -0.0027653
    0.232986   0.00164285   -0.0027653     0.452196
IMAGINARY
           0 -0.000929221    0.0140664   1.7451e-05
 0.000929221            0    0.0033026   0.00837744
  -0.0140664   -0.0033026            0  -0.00156454
 -1.7451e-05  -0.00837744   0.00156454            0
Repeater1[0]<--->EndNode1[0]
REAL
   0.443742 -0.00901475   0.0234731    0.229194
-0.00901475    0.068268   0.0242134  -0.0216144
  0.0234731   0.0242134   0.0657396  0.00715601
   0.229194  -0.0216144  0.00715601     0.42225
IMAGINARY
          0 -0.00820984 -0.00174115   0.0202099
 0.00820984           0 -0.00683411  0.00237972
 0.00174115  0.00683411           0  0.00373985
 -0.0202099 -0.00237972 -0.00373985           0
Repeater1[0]<--->HoM1[0]
REAL
    0.449612   0.00100265    0.0054108     0.232986
  0.00100265    0.0516796 -0.000181425   -0.0027653
   0.0054108 -0.000181425    0.0465116   0.00164285
    0.232986   -0.0027653   0.00164285     0.452196
IMAGINARY
           0    0.0140664 -0.000929221   1.7451e-05
  -0.0140664            0   -0.0033026  -0.00156454
 0.000929221    0.0033026            0   0.00837744
 -1.7451e-05   0.00156454  -0.00837744            0
EndNode1[0]<--->Repeater1[0]
REAL
    0.432249 -4.58859e-06  -0.00861309     0.230848
-4.58859e-06    0.0677507   -0.0261239  -0.00319793
 -0.00861309   -0.0261239    0.0758808   -0.0104941
    0.230848  -0.00319793   -0.0104941     0.424119
IMAGINARY
           0  -8.9465e-05   -0.0241584    -0.014027
  8.9465e-05            0   -0.0309465 -0.000409999
   0.0241584    0.0309465            0    0.0153617
    0.014027  0.000409999   -0.0153617            0
EndNode2[0]<--->HoM1[0]
REAL
  0.466754  0.0167721 0.00337821     0.2524
 0.0167721   0.065189 -0.0135035   0.006716
0.00337821 -0.0135035  0.0573664 0.00947284
    0.2524   0.006716 0.00947284   0.410691
IMAGINARY
           0   0.00628086  0.000933639  -0.00390033
 -0.00628086            0  -0.00521267  -0.00983949
-0.000933639   0.00521267            0  -0.00755313
  0.00390033   0.00983949   0.00755313            0
Repeater1[0]<--->EndNode1[0]
REAL
    0.432249  -0.00861309 -4.58859e-06     0.230848
 -0.00861309    0.0758808   -0.0261239   -0.0104941
-4.58859e-06   -0.0261239    0.0677507  -0.00319793
    0.230848   -0.0104941  -0.00319793     0.424119
IMAGINARY
           0   -0.0241584  -8.9465e-05    -0.014027
   0.0241584            0    0.0309465    0.0153617
  8.9465e-05   -0.0309465            0 -0.000409999
    0.014027   -0.0153617  0.000409999            0
Repeater1[0]<--->HoM1[0]
REAL
  0.466754 0.00337821  0.0167721     0.2524
0.00337821  0.0573664 -0.0135035 0.00947284
 0.0167721 -0.0135035   0.065189   0.006716
    0.2524 0.00947284   0.006716   0.410691
IMAGINARY
           0  0.000933639   0.00628086  -0.00390033
-0.000933639            0   0.00521267  -0.00755313
 -0.00628086  -0.00521267            0  -0.00983949
  0.00390033   0.00755313   0.00983949            0
EndNode1[0]<--->Repeater1[0]
REAL
  0.491117 -0.0039233 0.00287772   0.236298
-0.0039233  0.0520305 0.00254757 -0.0356861
0.00287772 0.00254757  0.0583756 0.00129863
  0.236298 -0.0356861 0.00129863   0.398477
IMAGINARY
          0  0.00203629   0.0126228  0.00439371
-0.00203629           0   0.0347367  -0.0201228
 -0.0126228  -0.0347367           0   0.0117137
-0.00439371   0.0201228  -0.0117137           0
EndNode2[0]<--->HoM1[0]
REAL
     0.44591     0.011681 -0.000394232     0.234351
    0.011681     0.060686    0.0140444   -0.0130846
-0.000394232    0.0140444    0.0686016    0.0030815
    0.234351   -0.0130846    0.0030815     0.424802
IMAGINARY
          0  0.00945943   0.0149888   -0.010057
-0.00945943           0   -0.021829   0.0163011
 -0.0149888    0.021829           0   -0.019038
   0.010057  -0.0163011    0.019038           0
Repeater1[0]<--->EndNode1[0]
REAL
  0.491117 0.00287772 -0.0039233   0.236298
0.00287772  0.0583756 0.00254757 0.00129863
-0.0039233 0.00254757  0.0520305 -0.0356861
  0.236298 0.00129863 -0.0356861   0.398477
IMAGINARY
          0   0.0126228  0.00203629  0.00439371
 -0.0126228           0  -0.0347367   0.0117137
-0.00203629   0.0347367           0  -0.0201228
-0.00439371  -0.0117137   0.0201228           0
Repeater1[0]<--->HoM1[0]
REAL
     0.44591 -0.000394232     0.011681     0.234351
-0.000394232    0.0686016    0.0140444    0.0030815
    0.011681    0.0140444     0.060686   -0.0130846
    0.234351    0.0030815   -0.0130846     0.424802
IMAGINARY
          0   0.0149888  0.00945943   -0.010057
 -0.0149888           0    0.021829   -0.019038
-0.00945943   -0.021829           0   0.0163011
   0.010057    0.019038  -0.0163011           0
EndNode1[0]<--->Repeater1[0]
REAL
  0.451571 0.00617234 -0.0023578    0.23799
0.00617234  0.0562827  0.0100206 -0.0042735
-0.0023578  0.0100206  0.0719895 -0.0154562
   0.23799 -0.0042735 -0.0154562   0.420157
IMAGINARY
          0  0.00293592  -0.0127155   0.0157799
-0.00293592           0  -0.0189245  0.00185986
  0.0127155   0.0189245           0 -0.00357449
 -0.0157799 -0.00185986  0.00357449           0
EndNode2[0]<--->HoM1[0]
REAL
   0.451652 -0.00808155 -0.00352126    0.233129
-0.00808155   0.0660955  -0.0171909 -0.00162012
-0.00352126  -0.0171909   0.0587515 -0.00605726
   0.233129 -0.00162012 -0.00605726    0.423501
IMAGINARY
         0 -0.0150665  0.0106971  -0.014723
 0.0150665          0  -0.011455 -0.0074961
-0.0106971   0.011455          0 -0.0124623
  0.014723  0.0074961  0.0124623          0
Repeater1[0]<--->EndNode1[0]
REAL
  0.451571 -0.0023578 0.00617234    0.23799
-0.0023578  0.0719895  0.0100206 -0.0154562
0.00617234  0.0100206  0.0562827 -0.0042735
   0.23799 -0.0154562 -0.0042735   0.420157
IMAGINARY
          0  -0.0127155  0.00293592   0.0157799
  0.0127155           0   0.0189245 -0.00357449
-0.00293592  -0.0189245           0  0.00185986
 -0.0157799  0.00357449 -0.00185986           0
Repeater1[0]<--->HoM1[0]
REAL
   0.451652 -0.00352126 -0.00808155    0.233129
-0.00352126   0.0587515  -0.0171909 -0.00605726
-0.00808155  -0.0171909   0.0660955 -0.00162012
   0.233129 -0.00605726 -0.00162012    0.423501
IMAGINARY
         0  0.0106971 -0.0150665  -0.014723
-0.0106971          0   0.011455 -0.0124623
 0.0150665  -0.011455          0 -0.0074961
  0.014723  0.0124623  0.0074961          0
EndNode1[0]<--->Repeater1[0]
REAL
     0.48545    0.0149503    0.0266502     0.233419
   0.0149503    0.0568783   0.00959739 -0.000113839
   0.0266502   0.00959739    0.0661376   0.00879269
    0.233419 -0.000113839   0.00879269     0.391534
IMAGINARY
           0  0.000731684    0.0241243  2.60719e-05
-0.000731684            0   -0.0275429    0.0164516
  -0.0241243    0.0275429            0  -0.00858509
-2.60719e-05   -0.0164516   0.00858509            0
EndNode2[0]<--->HoM1[0]
REAL
  0.466175 0.00931002  0.0172276   0.249424
0.00931002  0.0627306  0.0113599 0.00434101
 0.0172276  0.0113599  0.0615006  0.0004939
  0.249424 0.00434101  0.0004939   0.409594
IMAGINARY
          0 -0.00652227  0.00132212 -0.00677155
 0.00652227           0  0.00873233  -0.0109995
-0.00132212 -0.00873233           0  0.00716743
 0.00677155   0.0109995 -0.00716743           0
Repeater1[0]<--->EndNode1[0]
REAL
     0.48545    0.0266502    0.0149503     0.233419
   0.0266502    0.0661376   0.00959739   0.00879269
   0.0149503   0.00959739    0.0568783 -0.000113839
    0.233419   0.00879269 -0.000113839     0.391534
IMAGINARY
           0    0.0241243  0.000731684  2.60719e-05
  -0.0241243            0    0.0275429  -0.00858509
-0.000731684   -0.0275429            0    0.0164516
-2.60719e-05   0.00858509   -0.0164516            0
Repeater1[0]<--->HoM1[0]
REAL
  0.466175  0.0172276 0.00931002   0.249424
 0.0172276  0.0615006  0.0113599  0.0004939
0.00931002  0.0113599  0.0627306 0.00434101
  0.249424  0.0004939 0.00434101   0.409594
IMAGINARY
          0  0.00132212 -0.00652227 -0.00677155
-0.00132212           0 -0.00873233  0.00716743
 0.00652227  0.00873233           0  -0.0109995
 0.00677155 -0.00716743   0.0109995           0
EndNode1[0]<--->Repeater1[0]
REAL
   0.432796   0.0232091   0.0256184    0.243923
  0.0232091   0.0698925  0.00210907 -0.00313161
  0.0256184  0.00210907   0.0672043  0.00985963
   0.243923 -0.00313161  0.00985963    0.430108
IMAGINARY
          0   0.0120705  0.00972871 -0.00117413
 -0.0120705           0  0.00823447 -0.00720981
-0.00972871 -0.00823447           0  0.00682117
 0.00117413  0.00720981 -0.00682117           0
EndNode2[0]<--->HoM1[0]
REAL
   0.43832 -0.0152597 -0.0258771   0.239226
-0.0152597  0.0472441  0.0113939  0.0209143
-0.0258771  0.0113939  0.0813648  0.0115377
  0.239226  0.0209143  0.0115377   0.433071
IMAGINARY
           0  0.000212114   -0.0264048  -0.00933491
-0.000212114            0   0.00289161  -0.00192029
   0.0264048  -0.00289161            0    0.0194923
  0.00933491   0.00192029   -0.0194923            0
Repeater1[0]<--->EndNode1[0]
REAL
   0.432796   0.0256184   0.0232091    0.243923
  0.0256184   0.0672043  0.00210907  0.00985963
  0.0232091  0.00210907   0.0698925 -0.00313161
   0.243923  0.00985963 -0.00313161    0.430108
IMAGINARY
          0  0.00972871   0.0120705 -0.00117413
-0.00972871           0 -0.00823447  0.00682117
 -0.0120705  0.00823447           0 -0.00720981
 0.00117413 -0.00682117  0.00720981           0
Repeater1[0]<--->HoM1[0]
REAL
   0.43832 -0.0258771 -0.0152597   0.239226
-0.0258771  0.0813648  0.0113939  0.0115377
-0.0152597  0.0113939  0.0472441  0.0209143
  0.239226  0.0115377  0.0209143   0.433071
IMAGINARY
           0   -0.0264048  0.000212114  -0.00933491
   0.0264048            0  -0.00289161    0.0194923
-0.000212114   0.00289161            0  -0.00192029
  0.00933491   -0.0194923   0.00192029            0
EndNode1[0]<--->Repeater1[0]
REAL
   0.428947   0.0178097     0.01232    0.235123
  0.0178097   0.0644737 0.000538199  0.00388943
    0.01232 0.000538199   0.0644737   0.0133624
   0.235123  0.00388943   0.0133624    0.442105
IMAGINARY
          0   0.0185807  -0.0122437   0.0121759
 -0.0185807           0  0.00249072  -0.0413756
  0.0122437 -0.00249072           0   0.0109099
 -0.0121759   0.0413756  -0.0109099           0
EndNode2[0]<--->HoM1[0]
REAL
    0.409449   -0.0200888   -0.0181986     0.221615
  -0.0200888    0.0629921 -0.000303166     0.015046
  -0.0181986 -0.000303166    0.0656168  -0.00450132
    0.221615     0.015046  -0.00450132     0.461942
IMAGINARY
          0   0.0227101  -0.0111693 -0.00134603
 -0.0227101           0  -0.0091868 -0.00800876
  0.0111693   0.0091868           0  -0.0186005
 0.00134603  0.00800876   0.0186005           0
Repeater1[0]<--->EndNode1[0]
REAL
   0.428947     0.01232   0.0178097    0.235123
    0.01232   0.0644737 0.000538199   0.0133624
  0.0178097 0.000538199   0.0644737  0.00388943
   0.235123   0.0133624  0.00388943    0.442105
IMAGINARY
          0  -0.0122437   0.0185807   0.0121759
  0.0122437           0 -0.00249072   0.0109099
 -0.0185807  0.00249072           0  -0.0413756
 -0.0121759  -0.0109099   0.0413756           0
Repeater1[0]<--->HoM1[0]
REAL
    0.409449   -0.0181986   -0.0200888     0.221615
  -0.0181986    0.0656168 -0.000303166  -0.00450132
  -0.0200888 -0.000303166    0.0629921     0.015046
    0.221615  -0.00450132     0.015046     0.461942
IMAGINARY
          0  -0.0111693   0.0227101 -0.00134603
  0.0111693           0   0.0091868  -0.0186005
 -0.0227101  -0.0091868           0 -0.00800876
 0.00134603   0.0186005  0.00800876           0
EndNode1[0]<--->Repeater1[0]
REAL
   0.455556  -0.0178558 -0.00475581    0.242879
 -0.0178558   0.0541667  0.00777081   0.0112493
-0.00475581  0.00777081   0.0583333   0.0165571
   0.242879   0.0112493   0.0165571    0.431944
IMAGINARY
          0  0.00959112   0.0086505  0.00854549
-0.00959112           0  -0.0158303  -0.0156213
 -0.0086505   0.0158303           0  -0.0038877
-0.00854549   0.0156213   0.0038877           0
EndNode2[0]<--->HoM1[0]
REAL
   0.475641   0.0173102    0.008799    0.221968
  0.0173102   0.0628205  0.00542343 -0.00159061
   0.008799  0.00542343   0.0602564 0.000383116
   0.221968 -0.00159061 0.000383116    0.401282
IMAGINARY
          0 -0.00246991   0.0216345   0.0192797
 0.00246991           0 -0.00794471  0.00391296
 -0.0216345  0.00794471           0   0.0146354
 -0.0192797 -0.00391296  -0.0146354           0
Repeater1[0]<--->EndNode1[0]
REAL
   0.455556 -0.00475581  -0.0178558    0.242879
-0.00475581   0.0583333  0.00777081   0.0165571
 -0.0178558  0.00777081   0.0541667   0.0112493
   0.242879   0.0165571   0.0112493    0.431944
IMAGINARY
          0   0.0086505  0.00959112  0.00854549
 -0.0086505           0   0.0158303  -0.0038877
-0.00959112  -0.0158303           0  -0.0156213
-0.00854549   0.0038877   0.0156213           0
Repeater1[0]<--->HoM1[0]
REAL
   0.475641    0.008799   0.0173102    0.221968
   0.008799   0.0602564  0.00542343 0.000383116
  0.0173102  0.00542343   0.0628205 -0.00159061
   0.221968 0.000383116 -0.00159061    0.401282
IMAGINARY
          0   0.0216345 -0.00246991   0.0192797
 -0.0216345           0  0.00794471   0.0146354
 0.00246991 -0.00794471           0  0.00391296
 -0.0192797  -0.0146354 -0.00391296           0
EndNode1[0]<--->Repeater1[0]
REAL
    0.465146  -0.00755158 -0.000478793     0.246271
 -0.00755158    0.0684411    0.0122556   0.00525369
-0.000478793    0.0122556    0.0532319    0.0246048
    0.246271   0.00525369    0.0246048     0.413181
IMAGINARY
           0   -0.0224566   0.00354855   0.00071103
   0.0224566            0  -0.00720454 -0.000991007
 -0.00354855   0.00720454            0     0.014784
 -0.00071103  0.000991007    -0.014784            0
EndNode2[0]<--->HoM1[0]
REAL
  0.453333  0.0154917  0.0233422    0.25544
 0.0154917  0.0424242  0.0123938  0.0227019
 0.0233422  0.0123938  0.0581818 0.00850312
   0.25544  0.0227019 0.00850312   0.446061
IMAGINARY
          0  0.00922392 -0.00460182  -0.0147874
-0.00922392           0  0.00259228  0.00393957
 0.00460182 -0.00259228           0  0.00733237
  0.0147874 -0.00393957 -0.00733237           0
Repeater1[0]<--->EndNode1[0]
REAL
    0.465146 -0.000478793  -0.00755158     0.246271
-0.000478793    0.0532319    0.0122556    0.0246048
 -0.00755158    0.0122556    0.0684411   0.00525369
    0.246271    0.0246048   0.00525369     0.413181
IMAGINARY
           0   0.00354855   -0.0224566   0.00071103
 -0.00354855            0   0.00720454     0.014784
   0.0224566  -0.00720454            0 -0.000991007
 -0.00071103    -0.014784  0.000991007            0
Repeater1[0]<--->HoM1[0]
REAL
  0.453333  0.0233422  0.0154917    0.25544
 0.0233422  0.0581818  0.0123938 0.00850312
 0.0154917  0.0123938  0.0424242  0.0227019
   0.25544 0.00850312  0.0227019   0.446061
IMAGINARY
          0 -0.00460182  0.00922392  -0.0147874
 0.00460182           0 -0.00259228  0.00733237
-0.00922392  0.00259228           0  0.00393957
  0.0147874 -0.00733237 -0.00393957           0
EndNode1[0]<--->Repeater1[0]
REAL
  0.467675  0.0223378  0.0105608   0.236857
 0.0223378  0.0715268  0.0085257 -0.0224341
 0.0105608  0.0085257  0.0577717 -0.0223378
  0.236857 -0.0224341 -0.0223378   0.403026
IMAGINARY
           0    0.0142734  0.000701214  0.000683914
  -0.0142734            0  -0.00132412   0.00770758
-0.000701214   0.00132412            0    0.0057783
-0.000683914  -0.00770758   -0.0057783            0
EndNode2[0]<--->HoM1[0]
REAL
    0.478481   -0.0184545   0.00623895      0.23802
  -0.0184545    0.0556962 -0.000646465    0.0215388
  0.00623895 -0.000646465     0.056962    0.0108788
     0.23802    0.0215388    0.0108788     0.408861
IMAGINARY
          0 -0.00911171   0.0116886  -0.0082755
 0.00911171           0  -0.0166287  0.00697802
 -0.0116886   0.0166287           0  0.00377838
  0.0082755 -0.00697802 -0.00377838           0
Repeater1[0]<--->EndNode1[0]
REAL
  0.467675  0.0105608  0.0223378   0.236857
 0.0105608  0.0577717  0.0085257 -0.0223378
 0.0223378  0.0085257  0.0715268 -0.0224341
  0.236857 -0.0223378 -0.0224341   0.403026
IMAGINARY
           0  0.000701214    0.0142734  0.000683914
-0.000701214            0   0.00132412    0.0057783
  -0.0142734  -0.00132412            0   0.00770758
-0.000683914   -0.0057783  -0.00770758            0
Repeater1[0]<--->HoM1[0]
REAL
    0.478481   0.00623895   -0.0184545      0.23802
  0.00623895     0.056962 -0.000646465    0.0108788
  -0.0184545 -0.000646465    0.0556962    0.0215388
     0.23802    0.0108788    0.0215388     0.408861
IMAGINARY
          0   0.0116886 -0.00911171  -0.0082755
 -0.0116886           0   0.0166287  0.00377838
 0.00911171  -0.0166287           0  0.00697802
  0.0082755 -0.00377838 -0.00697802           0
EndNode1[0]<--->Repeater1[0]
REAL
   0.439394    0.021242  -0.0023713    0.232981
   0.021242   0.0743802   0.0139627 -0.00374117
 -0.0023713   0.0139627   0.0716253   -0.016352
   0.232981 -0.00374117   -0.016352    0.414601
IMAGINARY
           0 -0.000901833   0.00460641    0.0138248
 0.000901833            0  -0.00196465   -0.0064469
 -0.00460641   0.00196465            0    0.0137853
  -0.0138248    0.0064469   -0.0137853            0
EndNode2[0]<--->HoM1[0]
REAL
  0.465206 -0.0133891 0.00798929   0.236464
-0.0133891  0.0631443 0.00751618 -0.0136927
0.00798929 0.00751618  0.0592784   0.002616
  0.236464 -0.0136927   0.002616   0.412371
IMAGINARY
          0  0.00882078  -0.0106228  -0.0104862
-0.00882078           0    0.012473  0.00404386
  0.0106228   -0.012473           0  -0.0101366
  0.0104862 -0.00404386   0.0101366           0
Repeater1[0]<--->EndNode1[0]
REAL
   0.439394  -0.0023713    0.021242    0.232981
 -0.0023713   0.0716253   0.0139627   -0.016352
   0.021242   0.0139627   0.0743802 -0.00374117
   0.232981   -0.016352 -0.00374117    0.414601
IMAGINARY
           0   0.00460641 -0.000901833    0.0138248
 -0.00460641            0   0.00196465    0.0137853
 0.000901833  -0.00196465            0   -0.0064469
  -0.0138248   -0.0137853    0.0064469            0
Repeater1[0]<--->HoM1[0]
REAL
  0.465206 0.00798929 -0.0133891   0.236464
0.00798929  0.0592784 0.00751618   0.002616
-0.0133891 0.00751618  0.0631443 -0.0136927
  0.236464   0.002616 -0.0136927   0.412371
IMAGINARY
          0  -0.0106228  0.00882078  -0.0104862
  0.0106228           0   -0.012473  -0.0101366
-0.00882078    0.012473           0  0.00404386
  0.0104862   0.0101366 -0.00404386           0
EndNode1[0]<--->Repeater1[0]
REAL
    0.455357    0.0188894  -0.00871989     0.267827
   0.0188894    0.0535714     0.011546 -0.000418488
 -0.00871989     0.011546    0.0739796    0.0150531
    0.267827 -0.000418488    0.0150531     0.417092
IMAGINARY
           0 -0.000452391  0.000308174   -0.0124866
 0.000452391            0  -0.00452907  -0.00282074
-0.000308174   0.00452907            0   -0.0121104
   0.0124866   0.00282074    0.0121104            0
EndNode2[0]<--->HoM1[0]
REAL
    0.47201   0.0102253 -0.00138874    0.241935
  0.0102253   0.0648855 -0.00964169 -0.00401342
-0.00138874 -0.00964169   0.0597964   -0.014427
   0.241935 -0.00401342   -0.014427    0.403308
IMAGINARY
           0  0.000928037  -0.00200679   -0.0180488
-0.000928037            0   -0.0199793   -0.0137561
  0.00200679    0.0199793            0   0.00348558
   0.0180488    0.0137561  -0.00348558            0
Repeater1[0]<--->EndNode1[0]
REAL
    0.455357  -0.00871989    0.0188894     0.267827
 -0.00871989    0.0739796     0.011546    0.0150531
   0.0188894     0.011546    0.0535714 -0.000418488
    0.267827    0.0150531 -0.000418488     0.417092
IMAGINARY
           0  0.000308174 -0.000452391   -0.0124866
-0.000308174            0   0.00452907   -0.0121104
 0.000452391  -0.00452907            0  -0.00282074
   0.0124866    0.0121104   0.00282074            0
Repeater1[0]<--->HoM1[0]
REAL
    0.47201 -0.00138874   0.0102253    0.241935
-0.00138874   0.0597964 -0.00964169   -0.014427
  0.0102253 -0.00964169   0.0648855 -0.00401342
   0.241935   -0.014427 -0.00401342    0.403308
IMAGINARY
           0  -0.00200679  0.000928037   -0.0180488
  0.00200679            0    0.0199793   0.00348558
-0.000928037   -0.0199793            0   -0.0137561
   0.0180488  -0.00348558    0.0137561            0
EndNode1[0]<--->Repeater1[0]
REAL
   0.463787  -0.0024575 -0.00982901    0.250449
 -0.0024575   0.0622618  0.00589656 -0.00666845
-0.00982901  0.00589656   0.0736976 -0.00642575
   0.250449 -0.00666845 -0.00642575    0.400254
IMAGINARY
          0  -0.0180491 -0.00632911   0.0049334
  0.0180491           0 -0.00110687  0.00632911
 0.00632911  0.00110687           0  -0.0146385
 -0.0049334 -0.00632911   0.0146385           0
EndNode2[0]<--->HoM1[0]
REAL
   0.447134 -0.00690695  -0.0176242    0.259874
-0.00690695    0.066242   0.0089058 -0.00115515
 -0.0176242   0.0089058   0.0573248  -0.0130461
   0.259874 -0.00115515  -0.0130461    0.429299
IMAGINARY
          0  -0.0153482  0.00636511  -0.0259366
  0.0153482           0   0.0158424  -0.0212038
-0.00636511  -0.0158424           0 -0.00981312
  0.0259366   0.0212038  0.00981312           0
Repeater1[0]<--->EndNode1[0]
REAL
   0.463787 -0.00982901  -0.0024575    0.250449
-0.00982901   0.0736976  0.00589656 -0.00642575
 -0.0024575  0.00589656   0.0622618 -0.00666845
   0.250449 -0.00642575 -0.00666845    0.400254
IMAGINARY
          0 -0.00632911  -0.0180491   0.0049334
 0.00632911           0  0.00110687  -0.0146385
  0.0180491 -0.00110687           0  0.00632911
 -0.0049334   0.0146385 -0.00632911           0
Repeater1[0]<--->HoM1[0]
REAL
   0.447134  -0.0176242 -0.00690695    0.259874
 -0.0176242   0.0573248   0.0089058  -0.0130461
-0.00690695   0.0089058    0.066242 -0.00115515
   0.259874  -0.0130461 -0.00115515    0.429299
IMAGINARY
          0  0.00636511  -0.0153482  -0.0259366
-0.00636511           0  -0.0158424 -0.00981312
  0.0153482   0.0158424           0  -0.0212038
  0.0259366  0.00981312   0.0212038           0
EndNode1[0]<--->Repeater1[0]
REAL
   0.442838  -0.0184401    0.016339     0.23579
 -0.0184401   0.0630749 -0.00112304   0.0169943
   0.016339 -0.00112304   0.0578187   0.0184401
    0.23579   0.0169943   0.0184401    0.436268
IMAGINARY
          0  0.00300713  0.00177014    0.017167
-0.00300713           0 -0.00257818 -0.00646813
-0.00177014  0.00257818           0   0.0151137
  -0.017167  0.00646813  -0.0151137           0
EndNode2[0]<--->HoM1[0]
REAL
  0.482803 0.00407094  0.0148298   0.245184
0.00407094  0.0509554 0.00938499  0.0060579
 0.0148298 0.00938499  0.0636943  0.0220387
  0.245184  0.0060579  0.0220387   0.402548
IMAGINARY
          0  -0.0072466  0.00761194   0.0393507
  0.0072466           0 -0.00762483   0.0089006
-0.00761194  0.00762483           0 -0.00662394
 -0.0393507  -0.0089006  0.00662394           0
Repeater1[0]<--->EndNode1[0]
REAL
   0.442838    0.016339  -0.0184401     0.23579
   0.016339   0.0578187 -0.00112304   0.0184401
 -0.0184401 -0.00112304   0.0630749   0.0169943
    0.23579   0.0184401   0.0169943    0.436268
IMAGINARY
          0  0.00177014  0.00300713    0.017167
-0.00177014           0  0.00257818   0.0151137
-0.00300713 -0.00257818           0 -0.00646813
  -0.017167  -0.0151137  0.00646813           0
Repeater1[0]<--->HoM1[0]
REAL
  0.482803  0.0148298 0.00407094   0.245184
 0.0148298  0.0636943 0.00938499  0.0220387
0.00407094 0.00938499  0.0509554  0.0060579
  0.245184  0.0220387  0.0060579   0.402548
IMAGINARY
          0  0.00761194  -0.0072466   0.0393507
-0.00761194           0  0.00762483 -0.00662394
  0.0072466 -0.00762483           0   0.0089006
 -0.0393507  0.00662394  -0.0089006           0
EndNode1[0]<--->Repeater1[0]
REAL
       0.45 0.000479268  0.00708276    0.241683
0.000479268    0.072973  0.00510368  0.00448536
 0.00708276  0.00510368   0.0594595  -0.0159034
   0.241683  0.00448536  -0.0159034    0.417568
IMAGINARY
           0   -0.0120131 -0.000429751   -0.0103746
   0.0120131            0   0.00550846   0.00854461
 0.000429751  -0.00550846            0    0.0176311
   0.0103746  -0.00854461   -0.0176311            0
EndNode2[0]<--->HoM1[0]
REAL
    0.459288    0.0159668   0.00609332     0.243231
   0.0159668    0.0547074    0.0196944   -0.0105069
  0.00609332    0.0196944    0.0521628 -0.000203919
    0.243231   -0.0105069 -0.000203919     0.433842
IMAGINARY
          0  -0.0204725  0.00540683  0.00878786
  0.0204725           0  0.00490184   0.0176318
-0.00540683 -0.00490184           0 -0.00754738
-0.00878786  -0.0176318  0.00754738           0
Repeater1[0]<--->EndNode1[0]
REAL
       0.45  0.00708276 0.000479268    0.241683
 0.00708276   0.0594595  0.00510368  -0.0159034
0.000479268  0.00510368    0.072973  0.00448536
   0.241683  -0.0159034  0.00448536    0.417568
IMAGINARY
           0 -0.000429751   -0.0120131   -0.0103746
 0.000429751            0  -0.00550846    0.0176311
   0.0120131   0.00550846            0   0.00854461
   0.0103746   -0.0176311  -0.00854461            0
Repeater1[0]<--->HoM1[0]
REAL
    0.459288   0.00609332    0.0159668     0.243231
  0.00609332    0.0521628    0.0196944 -0.000203919
   0.0159668    0.0196944    0.0547074   -0.0105069
    0.243231 -0.000203919   -0.0105069     0.433842
IMAGINARY
          0  0.00540683  -0.0204725  0.00878786
-0.00540683           0 -0.00490184 -0.00754738
  0.0204725  0.00490184           0   0.0176318
-0.00878786  0.00754738  -0.0176318           0
EndNode1[0]<--->Repeater1[0]
REAL
    0.452141  -0.00392756   0.00719317     0.221601
 -0.00392756    0.0642317    0.0123441   0.00525768
  0.00719317    0.0123441    0.0642317 -0.000659591
    0.221601   0.00525768 -0.000659591     0.419395
IMAGINARY
          0  -0.0102608 -0.00783036  -0.0101968
  0.0102608           0   0.0133102   -0.001948
 0.00783036  -0.0133102           0  0.00830513
  0.0101968    0.001948 -0.00830513           0
EndNode2[0]<--->HoM1[0]
REAL
  0.452471 0.00612122  0.0060046   0.240878
0.00612122  0.0506971 0.00711152 0.00471926
 0.0060046 0.00711152  0.0621039  0.0126455
  0.240878 0.00471926  0.0126455   0.434728
IMAGINARY
          0 -0.00516657   0.0209838  0.00491902
 0.00516657           0  -0.0130934  -0.0118929
 -0.0209838   0.0130934           0   0.0103614
-0.00491902   0.0118929  -0.0103614           0
Repeater1[0]<--->EndNode1[0]
REAL
    0.452141   0.00719317  -0.00392756     0.221601
  0.00719317    0.0642317    0.0123441 -0.000659591
 -0.00392756    0.0123441    0.0642317   0.00525768
    0.221601 -0.000659591   0.00525768     0.419395
IMAGINARY
          0 -0.00783036  -0.0102608  -0.0101968
 0.00783036           0  -0.0133102  0.00830513
  0.0102608   0.0133102           0   -0.001948
  0.0101968 -0.00830513    0.001948           0
Repeater1[0]<--->HoM1[0]
REAL
  0.452471  0.0060046 0.00612122   0.240878
 0.0060046  0.0621039 0.00711152  0.0126455
0.00612122 0.00711152  0.0506971 0.00471926
  0.240878  0.0126455 0.00471926   0.434728
IMAGINARY
          0   0.0209838 -0.00516657  0.00491902
 -0.0209838           0   0.0130934   0.0103614
 0.00516657  -0.0130934           0  -0.0118929
-0.00491902  -0.0103614   0.0118929           0
EndNode1[0]<--->Repeater1[0]
REAL
   0.476573  0.00231839       0.012    0.237358
 0.00231839   0.0843373  0.00269154 -0.00951241
      0.012  0.00269154   0.0669344 -0.00853729
   0.237358 -0.00951241 -0.00853729    0.372155
IMAGINARY
          0  0.00329958    0.011968 -0.00447919
-0.00329958           0 -0.00514854  0.00536535
  -0.011968  0.00514854           0  0.00203376
 0.00447919 -0.00536535 -0.00203376           0
EndNode2[0]<--->HoM1[0]
REAL
    0.479452  -0.00118259   -0.0234502     0.226387
 -0.00118259    0.0506849 -0.000643385    0.0124541
  -0.0234502 -0.000643385    0.0520548    0.0341709
    0.226387    0.0124541    0.0341709     0.417808
IMAGINARY
           0   -0.0114083    0.0182245   -0.0109911
   0.0114083            0   0.00854013 -0.000248437
  -0.0182245  -0.00854013            0    0.0134056
   0.0109911  0.000248437   -0.0134056            0
Repeater1[0]<--->EndNode1[0]
REAL
   0.476573       0.012  0.00231839    0.237358
      0.012   0.0669344  0.00269154 -0.00853729
 0.00231839  0.00269154   0.0843373 -0.00951241
   0.237358 -0.00853729 -0.00951241    0.372155
IMAGINARY
          0    0.011968  0.00329958 -0.00447919
  -0.011968           0  0.00514854  0.00203376
-0.00329958 -0.00514854           0  0.00536535
 0.00447919 -0.00203376 -0.00536535           0
Repeater1[0]<--->HoM1[0]
REAL
    0.479452   -0.0234502  -0.00118259     0.226387
  -0.0234502    0.0520548 -0.000643385    0.0341709
 -0.00118259 -0.000643385    0.0506849    0.0124541
    0.226387    0.0341709    0.0124541     0.417808
IMAGINARY
           0    0.0182245   -0.0114083   -0.0109911
  -0.0182245            0  -0.00854013    0.0134056
   0.0114083   0.00854013            0 -0.000248437
   0.0109911   -0.0134056  0.000248437            0
EndNode1[0]<--->Repeater1[0]
REAL
  0.441982  0.0160269  0.0102336   0.233722
 0.0160269  0.0677966  0.0114271 0.00464352
 0.0102336  0.0114271  0.0782269 -0.0153801
  0.233722 0.00464352 -0.0153801   0.411995
IMAGINARY
          0 -0.00198379   -0.010063 -0.00162839
 0.00198379           0  0.00099628 -0.00101911
   0.010063 -0.00099628           0   0.0195848
 0.00162839  0.00101911  -0.0195848           0
EndNode2[0]<--->HoM1[0]
REAL
       0.44   -0.014788 -0.00950316    0.225439
  -0.014788   0.0580645 -0.00100044  0.00700939
-0.00950316 -0.00100044   0.0722581  0.00855355
   0.225439  0.00700939  0.00855355    0.429677
IMAGINARY
          0  0.00101318  0.00599449 -0.00992396
-0.00101318           0  0.00138257 -0.00730339
-0.00599449 -0.00138257           0  0.00422242
 0.00992396  0.00730339 -0.00422242           0
Repeater1[0]<--->EndNode1[0]
REAL
  0.441982  0.0102336  0.0160269   0.233722
 0.0102336  0.0782269  0.0114271 -0.0153801
 0.0160269  0.0114271  0.0677966 0.00464352
  0.233722 -0.0153801 0.00464352   0.411995
IMAGINARY
          0   -0.010063 -0.00198379 -0.00162839
   0.010063           0 -0.00099628   0.0195848
 0.00198379  0.00099628           0 -0.00101911
 0.00162839  -0.0195848  0.00101911           0
Repeater1[0]<--->HoM1[0]
REAL
       0.44 -0.00950316   -0.014788    0.225439
-0.00950316   0.0722581 -0.00100044  0.00855355
  -0.014788 -0.00100044   0.0580645  0.00700939
   0.225439  0.00855355  0.00700939    0.429677
IMAGINARY
          0  0.00599449  0.00101318 -0.00992396
-0.00599449           0 -0.00138257  0.00422242
-0.00101318  0.00138257           0 -0.00730339
 0.00992396 -0.00422242  0.00730339           0
EndNode1[0]<--->Repeater1[0]
REAL
  0.457956  0.0121721 0.00463227   0.227919
 0.0121721  0.0582147 0.00846738  0.0188826
0.00463227 0.00846738  0.0711514  0.0224814
  0.227919  0.0188826  0.0224814   0.412678
IMAGINARY
          0   0.0141933 -0.00077909   0.0136843
 -0.0141933           0  0.00177958   0.0107542
 0.00077909 -0.00177958           0  0.00700373
 -0.0136843  -0.0107542 -0.00700373           0
EndNode2[0]<--->HoM1[0]
REAL
    0.435065    0.0106126   -0.0237059     0.243827
   0.0106126    0.0467532  -0.00975839    0.0175785
  -0.0237059  -0.00975839    0.0597403 -0.000808699
    0.243827    0.0175785 -0.000808699     0.458442
IMAGINARY
          0  0.00947138 -0.00814441   0.0185192
-0.00947138           0 -0.00271637 -0.00684907
 0.00814441  0.00271637           0  0.00682588
 -0.0185192  0.00684907 -0.00682588           0
Repeater1[0]<--->EndNode1[0]
REAL
  0.457956 0.00463227  0.0121721   0.227919
0.00463227  0.0711514 0.00846738  0.0224814
 0.0121721 0.00846738  0.0582147  0.0188826
  0.227919  0.0224814  0.0188826   0.412678
IMAGINARY
          0 -0.00077909   0.0141933   0.0136843
 0.00077909           0 -0.00177958  0.00700373
 -0.0141933  0.00177958           0   0.0107542
 -0.0136843 -0.00700373  -0.0107542           0
Repeater1[0]<--->HoM1[0]
REAL
    0.435065   -0.0237059    0.0106126     0.243827
  -0.0237059    0.0597403  -0.00975839 -0.000808699
   0.0106126  -0.00975839    0.0467532    0.0175785
    0.243827 -0.000808699    0.0175785     0.458442
IMAGINARY
          0 -0.00814441  0.00947138   0.0185192
 0.00814441           0  0.00271637  0.00682588
-0.00947138 -0.00271637           0 -0.00684907
 -0.0185192 -0.00682588  0.00684907           0
EndNode1[0]<--->Repeater1[0]
REAL
   0.440633 -0.00731069  0.00140354     0.23849
-0.00731069   0.0580475   0.0198543  0.00994493
 0.00140354   0.0198543   0.0488127  0.00931336
    0.23849  0.00994493  0.00931336    0.452507
IMAGINARY
           0   0.00423322  0.000513956  0.000613659
 -0.00423322            0  -0.00316468  -0.00477705
-0.000513956   0.00316468            0   0.00612001
-0.000613659   0.00477705  -0.00612001            0
EndNode2[0]<--->HoM1[0]
REAL
   0.489041 -0.00832961   0.0118557    0.245393
-0.00832961   0.0657534     0.01282   0.0229669
  0.0118557     0.01282   0.0643836   0.0221272
   0.245393   0.0229669   0.0221272    0.380822
IMAGINARY
           0  -0.00919528    0.0131447   0.00168483
  0.00919528            0    0.0219994   0.00143074
  -0.0131447   -0.0219994            0  0.000957004
 -0.00168483  -0.00143074 -0.000957004            0
Repeater1[0]<--->EndNode1[0]
REAL
   0.440633  0.00140354 -0.00731069     0.23849
 0.00140354   0.0488127   0.0198543  0.00931336
-0.00731069   0.0198543   0.0580475  0.00994493
    0.23849  0.00931336  0.00994493    0.452507
IMAGINARY
           0  0.000513956   0.00423322  0.000613659
-0.000513956            0   0.00316468   0.00612001
 -0.00423322  -0.00316468            0  -0.00477705
-0.000613659  -0.00612001   0.00477705            0
Repeater1[0]<--->HoM1[0]
REAL
   0.489041   0.0118557 -0.00832961    0.245393
  0.0118557   0.0643836     0.01282   0.0221272
-0.00832961     0.01282   0.0657534   0.0229669
   0.245393   0.0221272   0.0229669    0.380822
IMAGINARY
           0    0.0131447  -0.00919528   0.00168483
  -0.0131447            0   -0.0219994  0.000957004
  0.00919528    0.0219994            0   0.00143074
 -0.00168483 -0.000957004  -0.00143074            0
EndNode1[0]<--->Repeater1[0]
REAL
     0.4682 -0.00333547 -0.00889715    0.235755
-0.00333547   0.0635995   0.0152825  0.00405621
-0.00889715   0.0152825   0.0635995    0.015092
   0.235755  0.00405621    0.015092    0.404601
IMAGINARY
           0  -0.00814196 -0.000381949   -0.0210957
  0.00814196            0   0.00868879    0.0095683
 0.000381949  -0.00868879            0   -0.0049814
   0.0210957   -0.0095683    0.0049814            0
EndNode2[0]<--->HoM1[0]
REAL
    0.443106 -0.000721154   -0.0171526      0.24981
-0.000721154    0.0548862    0.0091646    -0.023873
  -0.0171526    0.0091646    0.0682731  -0.00697115
     0.24981    -0.023873  -0.00697115     0.433735
IMAGINARY
           0 -4.10931e-06   -0.0103149  -0.00355741
 4.10931e-06            0  0.000779637    0.0122504
   0.0103149 -0.000779637            0 -0.000641052
  0.00355741   -0.0122504  0.000641052            0
Repeater1[0]<--->EndNode1[0]
REAL
     0.4682 -0.00889715 -0.00333547    0.235755
-0.00889715   0.0635995   0.0152825    0.015092
-0.00333547   0.0152825   0.0635995  0.00405621
   0.235755    0.015092  0.00405621    0.404601
IMAGINARY
           0 -0.000381949  -0.00814196   -0.0210957
 0.000381949            0  -0.00868879   -0.0049814
  0.00814196   0.00868879            0    0.0095683
   0.0210957    0.0049814   -0.0095683            0
Repeater1[0]<--->HoM1[0]
REAL
    0.443106   -0.0171526 -0.000721154      0.24981
  -0.0171526    0.0682731    0.0091646  -0.00697115
-0.000721154    0.0091646    0.0548862    -0.023873
     0.24981  -0.00697115    -0.023873     0.433735
IMAGINARY
           0   -0.0103149 -4.10931e-06  -0.00355741
   0.0103149            0 -0.000779637 -0.000641052
 4.10931e-06  0.000779637            0    0.0122504
  0.00355741  0.000641052   -0.0122504            0
EndNode1[0]<--->Repeater1[0]
REAL
   0.461832  -0.0287668  0.00657779    0.244338
 -0.0287668   0.0687023  0.00316176 -0.00157779
 0.00657779  0.00316176   0.0712468  0.00876676
   0.244338 -0.00157779  0.00876676    0.398219
IMAGINARY
          0  -0.0151023   0.0094973  0.00948256
  0.0151023           0  0.00265026   0.0225288
 -0.0094973 -0.00265026           0  -0.0195383
-0.00948256  -0.0225288   0.0195383           0
EndNode2[0]<--->HoM1[0]
REAL
   0.450439   0.0144274  0.00217112    0.247801
  0.0144274   0.0664994 -0.00219892  -0.0150263
 0.00217112 -0.00219892   0.0501882  -0.0137508
   0.247801  -0.0150263  -0.0137508    0.432873
IMAGINARY
           0  -0.00521979   0.00908784  0.000932417
  0.00521979            0  -0.00156135    0.0165878
 -0.00908784   0.00156135            0   -0.0109964
-0.000932417   -0.0165878    0.0109964            0
Repeater1[0]<--->EndNode1[0]
REAL
   0.461832  0.00657779  -0.0287668    0.244338
 0.00657779   0.0712468  0.00316176  0.00876676
 -0.0287668  0.00316176   0.0687023 -0.00157779
   0.244338  0.00876676 -0.00157779    0.398219
IMAGINARY
          0   0.0094973  -0.0151023  0.00948256
 -0.0094973           0 -0.00265026  -0.0195383
  0.0151023  0.00265026           0   0.0225288
-0.00948256   0.0195383  -0.0225288           0
Repeater1[0]<--->HoM1[0]
REAL
   0.450439  0.00217112   0.0144274    0.247801
 0.00217112   0.0501882 -0.00219892  -0.0137508
  0.0144274 -0.00219892   0.0664994  -0.0150263
   0.247801  -0.0137508  -0.0150263    0.432873
IMAGINARY
           0   0.00908784  -0.00521979  0.000932417
 -0.00908784            0   0.00156135   -0.0109964
  0.00521979  -0.00156135            0    0.0165878
-0.000932417    0.0109964   -0.0165878            0
EndNode1[0]<--->Repeater1[0]
REAL
   0.453165 -0.00767851   0.0216704    0.240423
-0.00767851   0.0556962   0.0202285  0.00213914
  0.0216704   0.0202285   0.0658228   0.0151973
   0.240423  0.00213914   0.0151973    0.425316
IMAGINARY
          0 -0.00400023  -0.0148746  0.00203477
 0.00400023           0   0.0120215   0.0197408
  0.0148746  -0.0120215           0   0.0210319
-0.00203477  -0.0197408  -0.0210319           0
EndNode2[0]<--->HoM1[0]
REAL
   0.441327 -0.00796425 -0.00782906    0.260406
-0.00796425   0.0612245  -0.0143933  0.00353458
-0.00782906  -0.0143933   0.0688776 -0.00491918
   0.260406  0.00353458 -0.00491918    0.428571
IMAGINARY
          0    0.001885 -0.00704505  -0.0125135
  -0.001885           0 -0.00383527  0.00168312
 0.00704505  0.00383527           0   0.0302866
  0.0125135 -0.00168312  -0.0302866           0
Repeater1[0]<--->EndNode1[0]
REAL
   0.453165   0.0216704 -0.00767851    0.240423
  0.0216704   0.0658228   0.0202285   0.0151973
-0.00767851   0.0202285   0.0556962  0.00213914
   0.240423   0.0151973  0.00213914    0.425316
IMAGINARY
          0  -0.0148746 -0.00400023  0.00203477
  0.0148746           0  -0.0120215   0.0210319
 0.00400023   0.0120215           0   0.0197408
-0.00203477  -0.0210319  -0.0197408           0
Repeater1[0]<--->HoM1[0]
REAL
   0.441327 -0.00782906 -0.00796425    0.260406
-0.00782906   0.0688776  -0.0143933 -0.00491918
-0.00796425  -0.0143933   0.0612245  0.00353458
   0.260406 -0.00491918  0.00353458    0.428571
IMAGINARY
          0 -0.00704505    0.001885  -0.0125135
 0.00704505           0  0.00383527   0.0302866
  -0.001885 -0.00383527           0  0.00168312
  0.0125135  -0.0302866 -0.00168312           0
EndNode1[0]<--->Repeater1[0]
REAL
   0.468948  0.00378546  0.00384638    0.235648
 0.00378546   0.0747782    0.012772 0.000578402
 0.00384638    0.012772   0.0811153  0.00948888
   0.235648 0.000578402  0.00948888    0.375158
IMAGINARY
          0   0.0119207  0.00161948 -0.00276832
