EndNode1[0]<--->Repeater1[0]
REAL
  0.467012  0.0153854  0.0139696   0.385973
 0.0153854  0.0672704  0.0302641 0.00536031
 0.0139696  0.0302641  0.0815006 0.00523314
  0.385973 0.00536031 0.00523314   0.384217
IMAGINARY
          0  -0.0044232 -0.00545431   0.0161942
  0.0044232           0  0.00710329   0.0161193
 0.00545431 -0.00710329           0 -0.00247768
 -0.0161942  -0.0161193  0.00247768           0
EndNode2[0]<--->HoM1[0]
REAL
        0.44   0.00652688  -0.00641129     0.376917
  0.00652688    0.0653333    0.0433732 -0.000835084
 -0.00641129    0.0433732        0.076  -0.00411142
    0.376917 -0.000835084  -0.00411142     0.418667
IMAGINARY
         0 -0.0174116  0.0028742  0.0132716
 0.0174116          0 -0.0192319  0.0166718
-0.0028742  0.0192319          0 -0.0046565
-0.0132716 -0.0166718  0.0046565          0
Repeater1[0]<--->EndNode1[0]
REAL
  0.467012  0.0139696  0.0153854   0.385973
 0.0139696  0.0815006  0.0302641 0.00523314
 0.0153854  0.0302641  0.0672704 0.00536031
  0.385973 0.00523314 0.00536031   0.384217
IMAGINARY
          0 -0.00545431  -0.0044232   0.0161942
 0.00545431           0 -0.00710329 -0.00247768
  0.0044232  0.00710329           0   0.0161193
 -0.0161942  0.00247768  -0.0161193           0
Repeater1[0]<--->HoM1[0]
REAL
        0.44  -0.00641129   0.00652688     0.376917
 -0.00641129        0.076    0.0433732  -0.00411142
  0.00652688    0.0433732    0.0653333 -0.000835084
    0.376917  -0.00411142 -0.000835084     0.418667
IMAGINARY
         0  0.0028742 -0.0174116  0.0132716
-0.0028742          0  0.0192319 -0.0046565
 0.0174116 -0.0192319          0  0.0166718
-0.0132716  0.0046565 -0.0166718          0
EndNode1[0]<--->Repeater1[0]
REAL
  0.423469 0.00394782 0.00575928    0.36552
0.00394782  0.0790816  0.0426559  0.0124797
0.00575928  0.0426559   0.057398 0.00800187
   0.36552  0.0124797 0.00800187   0.440051
IMAGINARY
          0  0.00819539  0.00809708  0.00316288
-0.00819539           0 -0.00698941 -0.00558451
-0.00809708  0.00698941           0 -0.00945167
-0.00316288  0.00558451  0.00945167           0
EndNode2[0]<--->HoM1[0]
REAL
  0.407742 -0.0164608  0.0143375   0.363307
-0.0164608  0.0812903  0.0299736 -0.0070911
 0.0143375  0.0299736  0.0787097 -0.0039608
  0.363307 -0.0070911 -0.0039608   0.432258
IMAGINARY
          0  -0.0127568  0.00911799   0.0085204
  0.0127568           0  -0.0098573  0.00780909
-0.00911799   0.0098573           0 -0.00417028
 -0.0085204 -0.00780909  0.00417028           0
Repeater1[0]<--->EndNode1[0]
REAL
  0.423469 0.00575928 0.00394782    0.36552
0.00575928   0.057398  0.0426559 0.00800187
0.00394782  0.0426559  0.0790816  0.0124797
   0.36552 0.00800187  0.0124797   0.440051
IMAGINARY
          0  0.00809708  0.00819539  0.00316288
-0.00809708           0  0.00698941 -0.00945167
-0.00819539 -0.00698941           0 -0.00558451
-0.00316288  0.00945167  0.00558451           0
Repeater1[0]<--->HoM1[0]
REAL
  0.407742  0.0143375 -0.0164608   0.363307
 0.0143375  0.0787097  0.0299736 -0.0039608
-0.0164608  0.0299736  0.0812903 -0.0070911
  0.363307 -0.0039608 -0.0070911   0.432258
IMAGINARY
          0  0.00911799  -0.0127568   0.0085204
-0.00911799           0   0.0098573 -0.00417028
  0.0127568  -0.0098573           0  0.00780909
 -0.0085204  0.00417028 -0.00780909           0
EndNode1[0]<--->Repeater1[0]
REAL
  0.441982 0.00946734  0.0111899   0.376476
0.00946734  0.0704042  0.0388469   0.003595
 0.0111899  0.0388469  0.0743155   0.012038
  0.376476   0.003595   0.012038   0.413299
IMAGINARY
          0  -0.0153155   0.0209707   0.0158308
  0.0153155           0 -0.00642051 -0.00421817
 -0.0209707  0.00642051           0  0.00114022
 -0.0158308  0.00421817 -0.00114022           0
EndNode2[0]<--->HoM1[0]
REAL
   0.440915 -0.00220681  0.00125548      0.3745
-0.00220681   0.0736976   0.0447942 -0.00314703
 0.00125548   0.0447942   0.0775095 -0.00220681
     0.3745 -0.00314703 -0.00220681    0.407878
IMAGINARY
          0   -0.027474  0.00984911   0.0282076
   0.027474           0 -0.00589791   0.0138385
-0.00984911  0.00589791           0   0.0153101
 -0.0282076  -0.0138385  -0.0153101           0
Repeater1[0]<--->EndNode1[0]
REAL
  0.441982  0.0111899 0.00946734   0.376476
 0.0111899  0.0743155  0.0388469   0.012038
0.00946734  0.0388469  0.0704042   0.003595
  0.376476   0.012038   0.003595   0.413299
IMAGINARY
          0   0.0209707  -0.0153155   0.0158308
 -0.0209707           0  0.00642051  0.00114022
  0.0153155 -0.00642051           0 -0.00421817
 -0.0158308 -0.00114022  0.00421817           0
Repeater1[0]<--->HoM1[0]
REAL
   0.440915  0.00125548 -0.00220681      0.3745
 0.00125548   0.0775095   0.0447942 -0.00220681
-0.00220681   0.0447942   0.0736976 -0.00314703
     0.3745 -0.00220681 -0.00314703    0.407878
IMAGINARY
          0  0.00984911   -0.027474   0.0282076
-0.00984911           0  0.00589791   0.0153101
   0.027474 -0.00589791           0   0.0138385
 -0.0282076  -0.0153101  -0.0138385           0
EndNode1[0]<--->Repeater1[0]
REAL
    0.43832  0.00481624   0.0237989    0.375933
 0.00481624   0.0853018   0.0399327 -0.00817389
  0.0237989   0.0399327   0.0853018  0.00600107
   0.375933 -0.00817389  0.00600107    0.391076
IMAGINARY
           0   -0.0116778   -0.0112419  -0.00891837
   0.0116778            0 -0.000102249   0.00590853
   0.0112419  0.000102249            0   0.00501113
  0.00891837  -0.00590853  -0.00501113            0
EndNode2[0]<--->HoM1[0]
REAL
  0.416125  0.0156696 0.00842689   0.385609
 0.0156696  0.0715215  0.0241853 0.00188239
0.00842689  0.0241853  0.0754226 -0.0105149
  0.385609 0.00188239 -0.0105149   0.436931
IMAGINARY
           0   -0.0101967   0.00534479 -0.000782498
   0.0101967            0   -0.0236674   0.00901227
 -0.00534479    0.0236674            0  -0.00540877
 0.000782498  -0.00901227   0.00540877            0
Repeater1[0]<--->EndNode1[0]
REAL
    0.43832   0.0237989  0.00481624    0.375933
  0.0237989   0.0853018   0.0399327  0.00600107
 0.00481624   0.0399327   0.0853018 -0.00817389
   0.375933  0.00600107 -0.00817389    0.391076
IMAGINARY
           0   -0.0112419   -0.0116778  -0.00891837
   0.0112419            0  0.000102249   0.00501113
   0.0116778 -0.000102249            0   0.00590853
  0.00891837  -0.00501113  -0.00590853            0
Repeater1[0]<--->HoM1[0]
REAL
  0.416125 0.00842689  0.0156696   0.385609
0.00842689  0.0754226  0.0241853 -0.0105149
 0.0156696  0.0241853  0.0715215 0.00188239
  0.385609 -0.0105149 0.00188239   0.436931
IMAGINARY
           0   0.00534479   -0.0101967 -0.000782498
 -0.00534479            0    0.0236674  -0.00540877
   0.0101967   -0.0236674            0   0.00901227
 0.000782498   0.00540877  -0.00901227            0
EndNode1[0]<--->Repeater1[0]
REAL
   0.423469 -0.00147972  0.00343851    0.375255
-0.00147972   0.0829082   0.0398276  0.00733462
 0.00343851   0.0398276      0.0625   0.0135203
   0.375255  0.00733462   0.0135203    0.431122
IMAGINARY
          0  0.00908341   0.0176951   0.0186899
-0.00908341           0   0.0071253  0.00994313
 -0.0176951  -0.0071253           0  -0.0178774
 -0.0186899 -0.00994313   0.0178774           0
EndNode2[0]<--->HoM1[0]
REAL
   0.461133  0.00577791   0.0130734    0.359432
 0.00577791   0.0869565   0.0466245 -0.00998321
  0.0130734   0.0466245   0.0658762 -0.00763205
   0.359432 -0.00998321 -0.00763205    0.386034
IMAGINARY
           0   0.00666631 -0.000481214    0.0163297
 -0.00666631            0    0.0245264  -0.00690795
 0.000481214   -0.0245264            0  -0.00420326
  -0.0163297   0.00690795   0.00420326            0
Repeater1[0]<--->EndNode1[0]
REAL
   0.423469  0.00343851 -0.00147972    0.375255
 0.00343851      0.0625   0.0398276   0.0135203
-0.00147972   0.0398276   0.0829082  0.00733462
   0.375255   0.0135203  0.00733462    0.431122
IMAGINARY
          0   0.0176951  0.00908341   0.0186899
 -0.0176951           0  -0.0071253  -0.0178774
-0.00908341   0.0071253           0  0.00994313
 -0.0186899   0.0178774 -0.00994313           0
Repeater1[0]<--->HoM1[0]
REAL
   0.461133   0.0130734  0.00577791    0.359432
  0.0130734   0.0658762   0.0466245 -0.00763205
 0.00577791   0.0466245   0.0869565 -0.00998321
   0.359432 -0.00763205 -0.00998321    0.386034
IMAGINARY
           0 -0.000481214   0.00666631    0.0163297
 0.000481214            0   -0.0245264  -0.00420326
 -0.00666631    0.0245264            0  -0.00690795
  -0.0163297   0.00420326   0.00690795            0
EndNode1[0]<--->Repeater1[0]
REAL
   0.434437   0.0121594   0.0126534    0.359175
  0.0121594   0.0768212   0.0385974  -0.0146193
  0.0126534   0.0385974   0.0807947 -0.00626164
   0.359175  -0.0146193 -0.00626164    0.407947
IMAGINARY
          0  -0.0104529 -0.00119156   0.0197282
  0.0104529           0   0.0066522    0.026913
 0.00119156  -0.0066522           0 -0.00397621
 -0.0197282   -0.026913  0.00397621           0
EndNode2[0]<--->HoM1[0]
REAL
   0.445293 -0.00383614   -0.010895    0.364629
-0.00383614   0.0725191   0.0418903  -0.0081702
  -0.010895   0.0418903   0.0916031  0.00445115
   0.364629  -0.0081702  0.00445115    0.390585
IMAGINARY
          0  0.00181883  0.00690251   -0.011158
-0.00181883           0 -0.00736053 -0.00934749
-0.00690251  0.00736053           0  -0.0103763
   0.011158  0.00934749   0.0103763           0
Repeater1[0]<--->EndNode1[0]
REAL
   0.434437   0.0126534   0.0121594    0.359175
  0.0126534   0.0807947   0.0385974 -0.00626164
  0.0121594   0.0385974   0.0768212  -0.0146193
   0.359175 -0.00626164  -0.0146193    0.407947
IMAGINARY
          0 -0.00119156  -0.0104529   0.0197282
 0.00119156           0  -0.0066522 -0.00397621
  0.0104529   0.0066522           0    0.026913
 -0.0197282  0.00397621   -0.026913           0
Repeater1[0]<--->HoM1[0]
REAL
   0.445293   -0.010895 -0.00383614    0.364629
  -0.010895   0.0916031   0.0418903  0.00445115
-0.00383614   0.0418903   0.0725191  -0.0081702
   0.364629  0.00445115  -0.0081702    0.390585
IMAGINARY
          0  0.00690251  0.00181883   -0.011158
-0.00690251           0  0.00736053  -0.0103763
-0.00181883 -0.00736053           0 -0.00934749
   0.011158   0.0103763  0.00934749           0
EndNode1[0]<--->Repeater1[0]
REAL
   0.431373   0.0144373  0.00372594    0.366423
  0.0144373   0.0771242   0.0428937  0.00310636
 0.00372594   0.0428937   0.0797386 -0.00139383
   0.366423  0.00310636 -0.00139383    0.411765
IMAGINARY
           0   0.00331367  4.01657e-05    0.0103732
 -0.00331367            0    0.0214265  -0.00316908
-4.01657e-05   -0.0214265            0   -0.0114488
  -0.0103732   0.00316908    0.0114488            0
EndNode2[0]<--->HoM1[0]
REAL
  0.431847 0.00251588  0.0164396   0.363057
0.00251588  0.0802548  0.0401274 0.00457947
 0.0164396  0.0401274  0.0624204  0.0108599
  0.363057 0.00457947  0.0108599   0.425478
IMAGINARY
          0 -0.00483138  -0.0141035  -0.0197572
 0.00483138           0 -0.00635242   0.0096449
  0.0141035  0.00635242           0  0.00292055
  0.0197572  -0.0096449 -0.00292055           0
Repeater1[0]<--->EndNode1[0]
REAL
   0.431373  0.00372594   0.0144373    0.366423
 0.00372594   0.0797386   0.0428937 -0.00139383
  0.0144373   0.0428937   0.0771242  0.00310636
   0.366423 -0.00139383  0.00310636    0.411765
IMAGINARY
           0  4.01657e-05   0.00331367    0.0103732
-4.01657e-05            0   -0.0214265   -0.0114488
 -0.00331367    0.0214265            0  -0.00316908
  -0.0103732    0.0114488   0.00316908            0
Repeater1[0]<--->HoM1[0]
REAL
  0.431847  0.0164396 0.00251588   0.363057
 0.0164396  0.0624204  0.0401274  0.0108599
0.00251588  0.0401274  0.0802548 0.00457947
  0.363057  0.0108599 0.00457947   0.425478
IMAGINARY
          0  -0.0141035 -0.00483138  -0.0197572
  0.0141035           0  0.00635242  0.00292055
 0.00483138 -0.00635242           0   0.0096449
  0.0197572 -0.00292055  -0.0096449           0
EndNode1[0]<--->Repeater1[0]
REAL
   0.443433   -0.010766  -0.0114152    0.371365
  -0.010766   0.0754226   0.0324556 -0.00505386
 -0.0114152   0.0324556   0.0585176  0.00351967
   0.371365 -0.00505386  0.00351967    0.422627
IMAGINARY
          0 -0.00520353   0.0146723   0.0123547
 0.00520353           0  0.00385799   0.0119696
 -0.0146723 -0.00385799           0  -0.0164817
 -0.0123547  -0.0119696   0.0164817           0
EndNode2[0]<--->HoM1[0]
REAL
  0.406211 0.00523878   0.010932   0.375805
0.00523878  0.0596273  0.0440421 -0.0122043
  0.010932  0.0440421  0.0534161 -0.0103278
  0.375805 -0.0122043 -0.0103278   0.480745
IMAGINARY
          0   0.0100644   0.0153568  0.00331853
 -0.0100644           0 -0.00584378 -0.00122487
 -0.0153568  0.00584378           0  -0.0120832
-0.00331853  0.00122487   0.0120832           0
Repeater1[0]<--->EndNode1[0]
REAL
   0.443433  -0.0114152   -0.010766    0.371365
 -0.0114152   0.0585176   0.0324556  0.00351967
  -0.010766   0.0324556   0.0754226 -0.00505386
   0.371365  0.00351967 -0.00505386    0.422627
IMAGINARY
          0   0.0146723 -0.00520353   0.0123547
 -0.0146723           0 -0.00385799  -0.0164817
 0.00520353  0.00385799           0   0.0119696
 -0.0123547   0.0164817  -0.0119696           0
Repeater1[0]<--->HoM1[0]
REAL
  0.406211   0.010932 0.00523878   0.375805
  0.010932  0.0534161  0.0440421 -0.0103278
0.00523878  0.0440421  0.0596273 -0.0122043
  0.375805 -0.0103278 -0.0122043   0.480745
IMAGINARY
          0   0.0153568   0.0100644  0.00331853
 -0.0153568           0  0.00584378  -0.0120832
 -0.0100644 -0.00584378           0 -0.00122487
-0.00331853   0.0120832  0.00122487           0
EndNode1[0]<--->Repeater1[0]
REAL
  0.403141  0.0082862 0.00933568   0.366949
 0.0082862  0.0798429  0.0481571  0.0137605
0.00933568  0.0481571  0.0772251  0.0173068
  0.366949  0.0137605  0.0173068   0.439791
IMAGINARY
          0  -0.0161108   0.0141441 -0.00706595
  0.0161108           0  0.00706595  0.00129217
 -0.0141441 -0.00706595           0   0.0100705
 0.00706595 -0.00129217  -0.0100705           0
EndNode2[0]<--->HoM1[0]
REAL
    0.456724   0.00383899    0.0154758     0.355979
  0.00383899     0.081225    0.0513814 -0.000247422
   0.0154758    0.0513814    0.0679095    0.0101204
    0.355979 -0.000247422    0.0101204     0.394141
IMAGINARY
          0  -0.0202052  0.00285871  0.00225023
  0.0202052           0  -0.0132392  0.00544269
-0.00285871   0.0132392           0  0.00807241
-0.00225023 -0.00544269 -0.00807241           0
Repeater1[0]<--->EndNode1[0]
REAL
  0.403141 0.00933568  0.0082862   0.366949
0.00933568  0.0772251  0.0481571  0.0173068
 0.0082862  0.0481571  0.0798429  0.0137605
  0.366949  0.0173068  0.0137605   0.439791
IMAGINARY
          0   0.0141441  -0.0161108 -0.00706595
 -0.0141441           0 -0.00706595   0.0100705
  0.0161108  0.00706595           0  0.00129217
 0.00706595  -0.0100705 -0.00129217           0
Repeater1[0]<--->HoM1[0]
REAL
    0.456724    0.0154758   0.00383899     0.355979
   0.0154758    0.0679095    0.0513814    0.0101204
  0.00383899    0.0513814     0.081225 -0.000247422
    0.355979    0.0101204 -0.000247422     0.394141
IMAGINARY
          0  0.00285871  -0.0202052  0.00225023
-0.00285871           0   0.0132392  0.00807241
  0.0202052  -0.0132392           0  0.00544269
-0.00225023 -0.00807241 -0.00544269           0
EndNode1[0]<--->Repeater1[0]
REAL
    0.44026 0.000661897  -0.0184662    0.361104
0.000661897   0.0623377   0.0387691 -0.00117894
 -0.0184662   0.0387691   0.0792208  -0.0215744
   0.361104 -0.00117894  -0.0215744    0.418182
IMAGINARY
           0  -0.00936773    0.0108267   0.00368861
  0.00936773            0    0.0181623   0.00820887
  -0.0108267   -0.0181623            0  0.000484484
 -0.00368861  -0.00820887 -0.000484484            0
EndNode2[0]<--->HoM1[0]
REAL
   0.42625 0.00348599  0.0229451   0.373797
0.00348599      0.065  0.0459394   0.020476
 0.0229451  0.0459394       0.07  0.0333561
  0.373797   0.020476  0.0333561    0.43875
IMAGINARY
          0  -0.0407998   0.0124986  -0.0163335
  0.0407998           0   0.0019764 -0.00658535
 -0.0124986  -0.0019764           0   0.0178037
  0.0163335  0.00658535  -0.0178037           0
Repeater1[0]<--->EndNode1[0]
REAL
    0.44026  -0.0184662 0.000661897    0.361104
 -0.0184662   0.0792208   0.0387691  -0.0215744
0.000661897   0.0387691   0.0623377 -0.00117894
   0.361104  -0.0215744 -0.00117894    0.418182
IMAGINARY
           0    0.0108267  -0.00936773   0.00368861
  -0.0108267            0   -0.0181623  0.000484484
  0.00936773    0.0181623            0   0.00820887
 -0.00368861 -0.000484484  -0.00820887            0
Repeater1[0]<--->HoM1[0]
REAL
   0.42625  0.0229451 0.00348599   0.373797
 0.0229451       0.07  0.0459394  0.0333561
0.00348599  0.0459394      0.065   0.020476
  0.373797  0.0333561   0.020476    0.43875
IMAGINARY
          0   0.0124986  -0.0407998  -0.0163335
 -0.0124986           0  -0.0019764   0.0178037
  0.0407998   0.0019764           0 -0.00658535
  0.0163335  -0.0178037  0.00658535           0
EndNode1[0]<--->Repeater1[0]
REAL
   0.454321  -0.0058416  -0.0165401    0.354377
 -0.0058416    0.091358    0.036442   0.0115773
 -0.0165401    0.036442   0.0604938 0.000878825
   0.354377   0.0115773 0.000878825    0.393827
IMAGINARY
          0  0.00408298    0.020849   0.0267418
-0.00408298           0  -0.0113356  0.00360757
  -0.020849   0.0113356           0  -0.0149525
 -0.0267418 -0.00360757   0.0149525           0
EndNode2[0]<--->HoM1[0]
REAL
    0.45974 -0.00364417   0.0082976    0.386321
-0.00364417   0.0701299   0.0410675  0.00635208
  0.0082976   0.0410675   0.0597403  0.00937666
   0.386321  0.00635208  0.00937666     0.41039
IMAGINARY
          0   0.0169051  -0.0210772  -0.0141492
 -0.0169051           0  -0.0185964   0.0113243
  0.0210772   0.0185964           0 -0.00325098
  0.0141492  -0.0113243  0.00325098           0
Repeater1[0]<--->EndNode1[0]
REAL
   0.454321  -0.0165401  -0.0058416    0.354377
 -0.0165401   0.0604938    0.036442 0.000878825
 -0.0058416    0.036442    0.091358   0.0115773
   0.354377 0.000878825   0.0115773    0.393827
IMAGINARY
          0    0.020849  0.00408298   0.0267418
  -0.020849           0   0.0113356  -0.0149525
-0.00408298  -0.0113356           0  0.00360757
 -0.0267418   0.0149525 -0.00360757           0
Repeater1[0]<--->HoM1[0]
REAL
    0.45974   0.0082976 -0.00364417    0.386321
  0.0082976   0.0597403   0.0410675  0.00937666
-0.00364417   0.0410675   0.0701299  0.00635208
   0.386321  0.00937666  0.00635208     0.41039
IMAGINARY
          0  -0.0210772   0.0169051  -0.0141492
  0.0210772           0   0.0185964 -0.00325098
 -0.0169051  -0.0185964           0   0.0113243
  0.0141492  0.00325098  -0.0113243           0
EndNode1[0]<--->Repeater1[0]
REAL
  0.449109 -0.0101157 -0.0207088   0.370576
-0.0101157  0.0890585  0.0385149 0.00681996
-0.0207088  0.0385149  0.0610687 -0.0088237
  0.370576 0.00681996 -0.0088237   0.400763
IMAGINARY
           0    0.0224651   -0.0085127 -0.000521351
  -0.0224651            0  -0.00886538   0.00342364
   0.0085127   0.00886538            0  0.000435695
 0.000521351  -0.00342364 -0.000435695            0
EndNode2[0]<--->HoM1[0]
REAL
    0.4266 0.00329903 0.00751355   0.386549
0.00329903  0.0828105  0.0396904 0.00276457
0.00751355  0.0396904   0.076537  0.0202802
  0.386549 0.00276457  0.0202802   0.414053
IMAGINARY
           0  -0.00431607    0.0110841    0.0152551
  0.00431607            0 -6.52304e-05    0.0190206
  -0.0110841  6.52304e-05            0   0.00431607
  -0.0152551   -0.0190206  -0.00431607            0
Repeater1[0]<--->EndNode1[0]
REAL
  0.449109 -0.0207088 -0.0101157   0.370576
-0.0207088  0.0610687  0.0385149 -0.0088237
-0.0101157  0.0385149  0.0890585 0.00681996
  0.370576 -0.0088237 0.00681996   0.400763
IMAGINARY
           0   -0.0085127    0.0224651 -0.000521351
   0.0085127            0   0.00886538  0.000435695
  -0.0224651  -0.00886538            0   0.00342364
 0.000521351 -0.000435695  -0.00342364            0
Repeater1[0]<--->HoM1[0]
REAL
    0.4266 0.00751355 0.00329903   0.386549
0.00751355   0.076537  0.0396904  0.0202802
0.00329903  0.0396904  0.0828105 0.00276457
  0.386549  0.0202802 0.00276457   0.414053
IMAGINARY
           0    0.0110841  -0.00431607    0.0152551
  -0.0110841            0  6.52304e-05   0.00431607
  0.00431607 -6.52304e-05            0    0.0190206
  -0.0152551  -0.00431607   -0.0190206            0
EndNode1[0]<--->Repeater1[0]
REAL
   0.456633 -0.00854216  0.00719385     0.36358
-0.00854216   0.0688776   0.0260302 -0.00589515
 0.00719385   0.0260302   0.0701531  -0.0226267
    0.36358 -0.00589515  -0.0226267    0.404337
IMAGINARY
           0   0.00726071   -0.0230759  -0.00944573
 -0.00726071            0   -0.0066833 -0.000226401
   0.0230759    0.0066833            0    0.0240309
  0.00944573  0.000226401   -0.0240309            0
EndNode2[0]<--->HoM1[0]
REAL
 0.452174 0.0148723 0.0155796  0.381705
0.0148723 0.0621118 0.0339891 0.0136033
0.0155796 0.0339891 0.0857143 0.0130136
 0.381705 0.0136033 0.0130136       0.4
IMAGINARY
          0 -0.00488015   0.0024402 -0.00369061
 0.00488015           0  -0.0177571  -0.0125925
 -0.0024402   0.0177571           0   0.0124944
 0.00369061   0.0125925  -0.0124944           0
Repeater1[0]<--->EndNode1[0]
REAL
   0.456633  0.00719385 -0.00854216     0.36358
 0.00719385   0.0701531   0.0260302  -0.0226267
-0.00854216   0.0260302   0.0688776 -0.00589515
    0.36358  -0.0226267 -0.00589515    0.404337
IMAGINARY
           0   -0.0230759   0.00726071  -0.00944573
   0.0230759            0    0.0066833    0.0240309
 -0.00726071   -0.0066833            0 -0.000226401
  0.00944573   -0.0240309  0.000226401            0
Repeater1[0]<--->HoM1[0]
REAL
 0.452174 0.0155796 0.0148723  0.381705
0.0155796 0.0857143 0.0339891 0.0130136
0.0148723 0.0339891 0.0621118 0.0136033
 0.381705 0.0130136 0.0136033       0.4
IMAGINARY
          0   0.0024402 -0.00488015 -0.00369061
 -0.0024402           0   0.0177571   0.0124944
 0.00488015  -0.0177571           0  -0.0125925
 0.00369061  -0.0124944   0.0125925           0
EndNode1[0]<--->Repeater1[0]
REAL
    0.439506   -0.0100362 -0.000727266     0.359622
  -0.0100362    0.0703704    0.0545906   -0.0075954
-0.000727266    0.0545906    0.0753086  -0.00468856
    0.359622   -0.0075954  -0.00468856     0.414815
IMAGINARY
          0  -0.0102329   0.0181286  0.00251746
  0.0102329           0  -0.0145495 -0.00366318
 -0.0181286   0.0145495           0  0.00205684
-0.00251746  0.00366318 -0.00205684           0
EndNode2[0]<--->HoM1[0]
REAL
   0.435013 -0.00401887   0.0136173    0.368598
-0.00401887   0.0702918   0.0247696  0.00653877
  0.0136173   0.0247696   0.0729443   0.0215741
   0.368598  0.00653877   0.0215741    0.421751
IMAGINARY
           0  -0.00831202  -0.00349165    0.0089088
  0.00831202            0  -0.00162403  -0.00154613
  0.00349165   0.00162403            0  0.000755341
  -0.0089088   0.00154613 -0.000755341            0
Repeater1[0]<--->EndNode1[0]
REAL
    0.439506 -0.000727266   -0.0100362     0.359622
-0.000727266    0.0753086    0.0545906  -0.00468856
  -0.0100362    0.0545906    0.0703704   -0.0075954
    0.359622  -0.00468856   -0.0075954     0.414815
IMAGINARY
          0   0.0181286  -0.0102329  0.00251746
 -0.0181286           0   0.0145495  0.00205684
  0.0102329  -0.0145495           0 -0.00366318
-0.00251746 -0.00205684  0.00366318           0
Repeater1[0]<--->HoM1[0]
REAL
   0.435013   0.0136173 -0.00401887    0.368598
  0.0136173   0.0729443   0.0247696   0.0215741
-0.00401887   0.0247696   0.0702918  0.00653877
   0.368598   0.0215741  0.00653877    0.421751
IMAGINARY
           0  -0.00349165  -0.00831202    0.0089088
  0.00349165            0   0.00162403  0.000755341
  0.00831202  -0.00162403            0  -0.00154613
  -0.0089088 -0.000755341   0.00154613            0
EndNode1[0]<--->Repeater1[0]
REAL
   0.446078  -0.0166754   0.0033226     0.35144
 -0.0166754   0.0698529    0.051705  -0.0140144
  0.0033226    0.051705    0.067402 -0.00282148
    0.35144  -0.0140144 -0.00282148    0.416667
IMAGINARY
          0 -0.00686509  0.00151037  0.00593748
 0.00686509           0  -0.0019797   0.0130785
-0.00151037   0.0019797           0  0.00951761
-0.00593748  -0.0130785 -0.00951761           0
EndNode2[0]<--->HoM1[0]
REAL
   0.442029  0.00524373 -0.00975606     0.37741
 0.00524373   0.0603865   0.0454545  0.00837865
-0.00975606   0.0454545   0.0845411  -0.0121308
    0.37741  0.00837865  -0.0121308    0.413043
IMAGINARY
          0  0.00935274 -0.00120191  0.00808797
-0.00935274           0    0.024412   0.0135986
 0.00120191   -0.024412           0   0.0113084
-0.00808797  -0.0135986  -0.0113084           0
Repeater1[0]<--->EndNode1[0]
REAL
   0.446078   0.0033226  -0.0166754     0.35144
  0.0033226    0.067402    0.051705 -0.00282148
 -0.0166754    0.051705   0.0698529  -0.0140144
    0.35144 -0.00282148  -0.0140144    0.416667
IMAGINARY
          0  0.00151037 -0.00686509  0.00593748
-0.00151037           0   0.0019797  0.00951761
 0.00686509  -0.0019797           0   0.0130785
-0.00593748 -0.00951761  -0.0130785           0
Repeater1[0]<--->HoM1[0]
REAL
   0.442029 -0.00975606  0.00524373     0.37741
-0.00975606   0.0845411   0.0454545  -0.0121308
 0.00524373   0.0454545   0.0603865  0.00837865
    0.37741  -0.0121308  0.00837865    0.413043
IMAGINARY
          0 -0.00120191  0.00935274  0.00808797
 0.00120191           0   -0.024412   0.0113084
-0.00935274    0.024412           0   0.0135986
-0.00808797  -0.0113084  -0.0135986           0
EndNode1[0]<--->Repeater1[0]
REAL
   0.423645 -0.00694028  -0.0160677    0.371737
-0.00694028   0.0923645   0.0313247  -0.0209221
 -0.0160677   0.0313247   0.0874384  -0.0351516
   0.371737  -0.0209221  -0.0351516    0.396552
IMAGINARY
          0   0.0282604 -0.00520643   0.0170604
 -0.0282604           0  -0.0131234  -0.0108811
 0.00520643   0.0131234           0  0.00841913
 -0.0170604   0.0108811 -0.00841913           0
EndNode2[0]<--->HoM1[0]
REAL
   0.406291 0.000978712  -0.0121666    0.377422
0.000978712   0.0904325   0.0484578   0.0109103
 -0.0121666   0.0484578   0.0733945 -0.00349128
   0.377422   0.0109103 -0.00349128    0.429882
IMAGINARY
          0  -0.0139917  0.00715675 -0.00692032
  0.0139917           0  -0.0129155  0.00844874
-0.00715675   0.0129155           0  -0.0153467
 0.00692032 -0.00844874   0.0153467           0
Repeater1[0]<--->EndNode1[0]
REAL
   0.423645  -0.0160677 -0.00694028    0.371737
 -0.0160677   0.0874384   0.0313247  -0.0351516
-0.00694028   0.0313247   0.0923645  -0.0209221
   0.371737  -0.0351516  -0.0209221    0.396552
IMAGINARY
          0 -0.00520643   0.0282604   0.0170604
 0.00520643           0   0.0131234  0.00841913
 -0.0282604  -0.0131234           0  -0.0108811
 -0.0170604 -0.00841913   0.0108811           0
Repeater1[0]<--->HoM1[0]
REAL
   0.406291  -0.0121666 0.000978712    0.377422
 -0.0121666   0.0733945   0.0484578 -0.00349128
0.000978712   0.0484578   0.0904325   0.0109103
   0.377422 -0.00349128   0.0109103    0.429882
IMAGINARY
          0  0.00715675  -0.0139917 -0.00692032
-0.00715675           0   0.0129155  -0.0153467
  0.0139917  -0.0129155           0  0.00844874
 0.00692032   0.0153467 -0.00844874           0
EndNode1[0]<--->Repeater1[0]
REAL
  0.425505 0.00389902 -0.0254121    0.35626
0.00389902  0.0770202  0.0423965  0.0162546
-0.0254121  0.0423965  0.0795455 -0.0167195
   0.35626  0.0162546 -0.0167195   0.417929
IMAGINARY
          0   0.0178022  0.00979756  0.00260495
 -0.0178022           0   0.0032468  -0.0232764
-0.00979756  -0.0032468           0   0.0046625
-0.00260495   0.0232764  -0.0046625           0
EndNode2[0]<--->HoM1[0]
REAL
    0.442283   -0.0172569   0.00198184     0.366614
  -0.0172569     0.077821    0.0249679 -0.000706331
  0.00198184    0.0249679    0.0674449    0.0121549
    0.366614 -0.000706331    0.0121549     0.412451
IMAGINARY
          0   0.0121323  -0.0130955  0.00241603
 -0.0121323           0   0.0108248  0.00561419
  0.0130955  -0.0108248           0    0.016546
-0.00241603 -0.00561419   -0.016546           0
Repeater1[0]<--->EndNode1[0]
REAL
  0.425505 -0.0254121 0.00389902    0.35626
-0.0254121  0.0795455  0.0423965 -0.0167195
0.00389902  0.0423965  0.0770202  0.0162546
   0.35626 -0.0167195  0.0162546   0.417929
IMAGINARY
          0  0.00979756   0.0178022  0.00260495
-0.00979756           0  -0.0032468   0.0046625
 -0.0178022   0.0032468           0  -0.0232764
-0.00260495  -0.0046625   0.0232764           0
Repeater1[0]<--->HoM1[0]
REAL
    0.442283   0.00198184   -0.0172569     0.366614
  0.00198184    0.0674449    0.0249679    0.0121549
  -0.0172569    0.0249679     0.077821 -0.000706331
    0.366614    0.0121549 -0.000706331     0.412451
IMAGINARY
          0  -0.0130955   0.0121323  0.00241603
  0.0130955           0  -0.0108248    0.016546
 -0.0121323   0.0108248           0  0.00561419
-0.00241603   -0.016546 -0.00561419           0
EndNode1[0]<--->Repeater1[0]
REAL
   0.449622 -0.00095652 -0.00613803    0.354051
-0.00095652   0.0831234   0.0400667  0.00940601
-0.00613803   0.0400667    0.081864 0.000302926
   0.354051  0.00940601 0.000302926     0.38539
IMAGINARY
           0 -7.94834e-05   -0.0147372   0.00157928
 7.94834e-05            0    0.0216328   0.00286385
   0.0147372   -0.0216328            0   0.00799505
 -0.00157928  -0.00286385  -0.00799505            0
EndNode2[0]<--->HoM1[0]
REAL
   0.412385 -0.00395631   0.0158458    0.374028
-0.00395631   0.0711462   0.0422157 -0.00442448
  0.0158458   0.0422157   0.0737813   0.0128396
   0.374028 -0.00442448   0.0128396    0.442688
IMAGINARY
          0  0.00612844 -0.00965208 -0.00165843
-0.00612844           0  0.00410342 -0.00273384
 0.00965208 -0.00410342           0 -0.00286899
 0.00165843  0.00273384  0.00286899           0
Repeater1[0]<--->EndNode1[0]
REAL
   0.449622 -0.00613803 -0.00095652    0.354051
-0.00613803    0.081864   0.0400667 0.000302926
-0.00095652   0.0400667   0.0831234  0.00940601
   0.354051 0.000302926  0.00940601     0.38539
IMAGINARY
           0   -0.0147372 -7.94834e-05   0.00157928
   0.0147372            0   -0.0216328   0.00799505
 7.94834e-05    0.0216328            0   0.00286385
 -0.00157928  -0.00799505  -0.00286385            0
Repeater1[0]<--->HoM1[0]
REAL
   0.412385   0.0158458 -0.00395631    0.374028
  0.0158458   0.0737813   0.0422157   0.0128396
-0.00395631   0.0422157   0.0711462 -0.00442448
   0.374028   0.0128396 -0.00442448    0.442688
IMAGINARY
          0 -0.00965208  0.00612844 -0.00165843
 0.00965208           0 -0.00410342 -0.00286899
-0.00612844  0.00410342           0 -0.00273384
 0.00165843  0.00286899  0.00273384           0
EndNode1[0]<--->Repeater1[0]
REAL
  0.463768  0.0312364  0.0221217   0.357102
 0.0312364   0.083004  0.0524453 0.00551651
 0.0221217  0.0524453  0.0658762 0.00393947
  0.357102 0.00551651 0.00393947   0.387352
IMAGINARY
          0  0.00440465  -0.0235677   0.0108147
-0.00440465           0  -0.0249848  -0.0107143
  0.0235677   0.0249848           0   0.0130598
 -0.0108147   0.0107143  -0.0130598           0
EndNode2[0]<--->HoM1[0]
REAL
   0.457364  -0.0263853 -0.00131367    0.361258
 -0.0263853   0.0801034   0.0270673  -0.0101076
-0.00131367   0.0270673   0.0684755  0.00988783
   0.361258  -0.0101076  0.00988783    0.394057
IMAGINARY
          0   0.0304715 -0.00235148   0.0101067
 -0.0304715           0   0.0158834 -0.00664595
 0.00235148  -0.0158834           0  -0.0176181
 -0.0101067  0.00664595   0.0176181           0
Repeater1[0]<--->EndNode1[0]
REAL
  0.463768  0.0221217  0.0312364   0.357102
 0.0221217  0.0658762  0.0524453 0.00393947
 0.0312364  0.0524453   0.083004 0.00551651
  0.357102 0.00393947 0.00551651   0.387352
IMAGINARY
          0  -0.0235677  0.00440465   0.0108147
  0.0235677           0   0.0249848   0.0130598
-0.00440465  -0.0249848           0  -0.0107143
 -0.0108147  -0.0130598   0.0107143           0
Repeater1[0]<--->HoM1[0]
REAL
   0.457364 -0.00131367  -0.0263853    0.361258
-0.00131367   0.0684755   0.0270673  0.00988783
 -0.0263853   0.0270673   0.0801034  -0.0101076
   0.361258  0.00988783  -0.0101076    0.394057
IMAGINARY
          0 -0.00235148   0.0304715   0.0101067
 0.00235148           0  -0.0158834  -0.0176181
 -0.0304715   0.0158834           0 -0.00664595
 -0.0101067   0.0176181  0.00664595           0
EndNode1[0]<--->Repeater1[0]
REAL
   0.436906  0.00677377 0.000920368    0.368202
 0.00677377    0.101764   0.0324783  -0.0206483
0.000920368   0.0324783   0.0719132  -0.0251411
   0.368202  -0.0206483  -0.0251411    0.389417
IMAGINARY
          0   0.0204035  -0.0162973 -0.00553335
 -0.0204035           0 -0.00864667  0.00260756
  0.0162973  0.00864667           0 -0.00410627
 0.00553335 -0.00260756  0.00410627           0
EndNode2[0]<--->HoM1[0]
REAL
   0.459786 -0.00995774  -0.0108088     0.37079
-0.00995774   0.0670241   0.0370204  0.00376658
 -0.0108088   0.0370204   0.0563003  0.00803712
    0.37079  0.00376658  0.00803712     0.41689
IMAGINARY
          0 -0.00819497  0.00486727  0.00979612
 0.00819497           0 -0.00140283  -0.0127207
-0.00486727  0.00140283           0 -0.00620294
-0.00979612   0.0127207  0.00620294           0
Repeater1[0]<--->EndNode1[0]
REAL
   0.436906 0.000920368  0.00677377    0.368202
0.000920368   0.0719132   0.0324783  -0.0251411
 0.00677377   0.0324783    0.101764  -0.0206483
   0.368202  -0.0251411  -0.0206483    0.389417
IMAGINARY
          0  -0.0162973   0.0204035 -0.00553335
  0.0162973           0  0.00864667 -0.00410627
 -0.0204035 -0.00864667           0  0.00260756
 0.00553335  0.00410627 -0.00260756           0
Repeater1[0]<--->HoM1[0]
REAL
   0.459786  -0.0108088 -0.00995774     0.37079
 -0.0108088   0.0563003   0.0370204  0.00803712
-0.00995774   0.0370204   0.0670241  0.00376658
    0.37079  0.00803712  0.00376658     0.41689
IMAGINARY
          0  0.00486727 -0.00819497  0.00979612
-0.00486727           0  0.00140283 -0.00620294
 0.00819497 -0.00140283           0  -0.0127207
-0.00979612  0.00620294   0.0127207           0
EndNode1[0]<--->Repeater1[0]
REAL
    0.39427   0.0152706  0.00593871    0.366225
  0.0152706    0.107776    0.032892 -0.00278612
 0.00593871    0.032892   0.0763984   -0.012118
   0.366225 -0.00278612   -0.012118    0.421555
IMAGINARY
          0   0.0223274 -0.00505225 -0.00581425
 -0.0223274           0   0.0158142  0.00898926
 0.00505225  -0.0158142           0 -0.00920409
 0.00581425 -0.00898926  0.00920409           0
EndNode2[0]<--->HoM1[0]
REAL
    0.444444   -0.0168621 -0.000861775     0.384134
  -0.0168621    0.0724095     0.035406   -0.0304281
-0.000861775     0.035406    0.0811486   -0.0105964
    0.384134   -0.0304281   -0.0105964     0.401998
IMAGINARY
          0 -0.00194361  -0.0096655  -0.0152506
 0.00194361           0 -0.00778796  -0.0070681
  0.0096655  0.00778796           0  0.00930639
  0.0152506   0.0070681 -0.00930639           0
Repeater1[0]<--->EndNode1[0]
REAL
    0.39427  0.00593871   0.0152706    0.366225
 0.00593871   0.0763984    0.032892   -0.012118
  0.0152706    0.032892    0.107776 -0.00278612
   0.366225   -0.012118 -0.00278612    0.421555
IMAGINARY
          0 -0.00505225   0.0223274 -0.00581425
 0.00505225           0  -0.0158142 -0.00920409
 -0.0223274   0.0158142           0  0.00898926
 0.00581425  0.00920409 -0.00898926           0
Repeater1[0]<--->HoM1[0]
REAL
    0.444444 -0.000861775   -0.0168621     0.384134
-0.000861775    0.0811486     0.035406   -0.0105964
  -0.0168621     0.035406    0.0724095   -0.0304281
    0.384134   -0.0105964   -0.0304281     0.401998
IMAGINARY
          0  -0.0096655 -0.00194361  -0.0152506
  0.0096655           0  0.00778796  0.00930639
 0.00194361 -0.00778796           0  -0.0070681
  0.0152506 -0.00930639   0.0070681           0
EndNode1[0]<--->Repeater1[0]
REAL
   0.43555  0.0132757 -0.0136037   0.373865
 0.0132757  0.0759837  0.0335188  0.0204873
-0.0136037  0.0335188  0.0854817 0.00612355
  0.373865  0.0204873 0.00612355   0.402985
IMAGINARY
           0   0.00856416  -0.00680693 -0.000506234
 -0.00856416            0   0.00648233  -0.00680693
  0.00680693  -0.00648233            0   0.00133683
 0.000506234   0.00680693  -0.00133683            0
EndNode2[0]<--->HoM1[0]
REAL
    0.42838   0.0122786 -0.00574568    0.358559
  0.0122786   0.0789826   0.0403772  0.00840526
-0.00574568   0.0403772   0.0669344   0.0116575
   0.358559  0.00840526   0.0116575    0.425703
IMAGINARY
           0  0.000977349   0.00996792  -0.00491515
-0.000977349            0  -0.00755368   -0.0160738
 -0.00996792   0.00755368            0    0.0105559
  0.00491515    0.0160738   -0.0105559            0
Repeater1[0]<--->EndNode1[0]
REAL
   0.43555 -0.0136037  0.0132757   0.373865
-0.0136037  0.0854817  0.0335188 0.00612355
 0.0132757  0.0335188  0.0759837  0.0204873
  0.373865 0.00612355  0.0204873   0.402985
IMAGINARY
           0  -0.00680693   0.00856416 -0.000506234
  0.00680693            0  -0.00648233   0.00133683
 -0.00856416   0.00648233            0  -0.00680693
 0.000506234  -0.00133683   0.00680693            0
Repeater1[0]<--->HoM1[0]
REAL
    0.42838 -0.00574568   0.0122786    0.358559
-0.00574568   0.0669344   0.0403772   0.0116575
  0.0122786   0.0403772   0.0789826  0.00840526
   0.358559   0.0116575  0.00840526    0.425703
IMAGINARY
           0   0.00996792  0.000977349  -0.00491515
 -0.00996792            0   0.00755368    0.0105559
-0.000977349  -0.00755368            0   -0.0160738
  0.00491515   -0.0105559    0.0160738            0
EndNode1[0]<--->Repeater1[0]
REAL
   0.44021 0.00422325  0.0166075   0.364128
0.00422325  0.0735874  0.0409902 -0.0184802
 0.0166075  0.0409902  0.0749014 -0.0110897
  0.364128 -0.0184802 -0.0110897   0.411301
IMAGINARY
           0  -0.00327555  0.000357391  -0.00684002
  0.00327555            0   -0.0207289  0.000972397
-0.000357391    0.0207289            0  -0.00736275
  0.00684002 -0.000972397   0.00736275            0
EndNode2[0]<--->HoM1[0]
REAL
   0.426108  0.00933076 -0.00765362    0.366593
 0.00933076   0.0849754   0.0586036  0.00634129
-0.00765362   0.0586036   0.0763547 -0.00933076
   0.366593  0.00634129 -0.00933076    0.412562
IMAGINARY
          0  -0.0192901  0.00923046 -0.00191441
  0.0192901           0  -0.0196542  -0.0156738
-0.00923046   0.0196542           0   0.0115582
 0.00191441   0.0156738  -0.0115582           0
Repeater1[0]<--->EndNode1[0]
REAL
   0.44021  0.0166075 0.00422325   0.364128
 0.0166075  0.0749014  0.0409902 -0.0110897
0.00422325  0.0409902  0.0735874 -0.0184802
  0.364128 -0.0110897 -0.0184802   0.411301
IMAGINARY
           0  0.000357391  -0.00327555  -0.00684002
-0.000357391            0    0.0207289  -0.00736275
  0.00327555   -0.0207289            0  0.000972397
  0.00684002   0.00736275 -0.000972397            0
Repeater1[0]<--->HoM1[0]
REAL
   0.426108 -0.00765362  0.00933076    0.366593
-0.00765362   0.0763547   0.0586036 -0.00933076
 0.00933076   0.0586036   0.0849754  0.00634129
   0.366593 -0.00933076  0.00634129    0.412562
IMAGINARY
          0  0.00923046  -0.0192901 -0.00191441
-0.00923046           0   0.0196542   0.0115582
  0.0192901  -0.0196542           0  -0.0156738
 0.00191441  -0.0115582   0.0156738           0
EndNode1[0]<--->Repeater1[0]
REAL
   0.431145  -0.0167743  -0.0125043    0.354311
 -0.0167743   0.0785071   0.0410967 -0.00407733
 -0.0125043   0.0410967   0.0617761  -0.0125625
   0.354311 -0.00407733  -0.0125625    0.428571
IMAGINARY
           0    0.0194825  0.000762552   0.00624696
  -0.0194825            0  0.000455454   -0.0242695
-0.000762552 -0.000455454            0   0.00275386
 -0.00624696    0.0242695  -0.00275386            0
EndNode2[0]<--->HoM1[0]
REAL
   0.441065  0.00812814  0.00715829    0.382516
 0.00812814   0.0760456   0.0350374 -0.00183914
 0.00715829   0.0350374   0.0646388  0.00251016
   0.382516 -0.00183914  0.00251016    0.418251
IMAGINARY
          0  0.00705354  -0.0157968  0.00364675
-0.00705354           0  -0.0108551 -0.00695842
  0.0157968   0.0108551           0   0.0132417
