EndNode1[0]<--->Repeater1[0]
REAL
   0.435233 -0.00735262  0.00341074    0.271921
-0.00735262   0.0984456   0.0272913    0.011025
 0.00341074   0.0272913    0.108808  0.00997729
   0.271921    0.011025  0.00997729    0.357513
IMAGINARY
           0    0.0141146   -0.0149084   0.00192479
  -0.0141146            0 -0.000652527   0.00536187
   0.0149084  0.000652527            0    0.0121383
 -0.00192479  -0.00536187   -0.0121383            0
EndNode2[0]<--->HoM1[0]
REAL
   0.416979  0.00645463 -0.00410432    0.286895
 0.00645463   0.0998752   0.0287255   0.0137074
-0.00410432   0.0287255    0.118602  0.00058762
   0.286895   0.0137074  0.00058762    0.364544
IMAGINARY
          0  -0.0118111 -0.00610173   0.0194032
  0.0118111           0   0.0161774  0.00152657
 0.00610173  -0.0161774           0  -0.0136791
 -0.0194032 -0.00152657   0.0136791           0
Repeater1[0]<--->EndNode1[0]
REAL
   0.435233  0.00341074 -0.00735262    0.271921
 0.00341074    0.108808   0.0272913  0.00997729
-0.00735262   0.0272913   0.0984456    0.011025
   0.271921  0.00997729    0.011025    0.357513
IMAGINARY
           0   -0.0149084    0.0141146   0.00192479
   0.0149084            0  0.000652527    0.0121383
  -0.0141146 -0.000652527            0   0.00536187
 -0.00192479   -0.0121383  -0.00536187            0
Repeater1[0]<--->HoM1[0]
REAL
   0.416979 -0.00410432  0.00645463    0.286895
-0.00410432    0.118602   0.0287255  0.00058762
 0.00645463   0.0287255   0.0998752   0.0137074
   0.286895  0.00058762   0.0137074    0.364544
IMAGINARY
          0 -0.00610173  -0.0118111   0.0194032
 0.00610173           0  -0.0161774  -0.0136791
  0.0118111   0.0161774           0  0.00152657
 -0.0194032   0.0136791 -0.00152657           0
EndNode1[0]<--->Repeater1[0]
REAL
    0.404393    0.0206667  -0.00928617     0.266734
   0.0206667     0.139535    0.0259933   -0.0155623
 -0.00928617    0.0259933     0.112403 -0.000666667
    0.266734   -0.0155623 -0.000666667     0.343669
IMAGINARY
           0  -0.00228807  -0.00127391  -0.00434131
  0.00228807            0   0.00629698 -0.000641799
  0.00127391  -0.00629698            0  -0.00984475
  0.00434131  0.000641799   0.00984475            0
EndNode2[0]<--->HoM1[0]
REAL
  0.440657  0.0233666 0.00205827   0.290997
 0.0233666  0.0984848  0.0179201  0.0113175
0.00205827  0.0179201  0.0909091 0.00274805
  0.290997  0.0113175 0.00274805   0.369949
IMAGINARY
           0  0.000326797   -0.0138568   0.00783595
-0.000326797            0  -0.00342233    0.0074465
   0.0138568   0.00342233            0 -0.000326797
 -0.00783595   -0.0074465  0.000326797            0
Repeater1[0]<--->EndNode1[0]
REAL
    0.404393  -0.00928617    0.0206667     0.266734
 -0.00928617     0.112403    0.0259933 -0.000666667
   0.0206667    0.0259933     0.139535   -0.0155623
    0.266734 -0.000666667   -0.0155623     0.343669
IMAGINARY
           0  -0.00127391  -0.00228807  -0.00434131
  0.00127391            0  -0.00629698  -0.00984475
  0.00228807   0.00629698            0 -0.000641799
  0.00434131   0.00984475  0.000641799            0
Repeater1[0]<--->HoM1[0]
REAL
  0.440657 0.00205827  0.0233666   0.290997
0.00205827  0.0909091  0.0179201 0.00274805
 0.0233666  0.0179201  0.0984848  0.0113175
  0.290997 0.00274805  0.0113175   0.369949
IMAGINARY
           0   -0.0138568  0.000326797   0.00783595
   0.0138568            0   0.00342233 -0.000326797
-0.000326797  -0.00342233            0    0.0074465
 -0.00783595  0.000326797   -0.0074465            0
EndNode1[0]<--->Repeater1[0]
REAL
   0.454887  -0.0198761 -0.00720902    0.268406
 -0.0198761   0.0839599   0.0279857  -0.0108322
-0.00720902   0.0279857    0.110276 -0.00331979
   0.268406  -0.0108322 -0.00331979    0.350877
IMAGINARY
          0  -0.0100977  0.00326728   0.0103925
  0.0100977           0  0.00443227  0.00847561
-0.00326728 -0.00443227           0 -0.00164518
 -0.0103925 -0.00847561  0.00164518           0
EndNode2[0]<--->HoM1[0]
REAL
   0.414853 -0.00996173  0.00618272    0.286367
-0.00996173    0.103713   0.0376229   0.0114183
 0.00618272   0.0376229   0.0960307  0.00800606
   0.286367   0.0114183  0.00800606    0.385403
IMAGINARY
          0 -0.00275661  -0.0144758 -0.00527963
 0.00275661           0   0.0168443 -0.00311215
  0.0144758  -0.0168443           0   0.0278822
 0.00527963  0.00311215  -0.0278822           0
Repeater1[0]<--->EndNode1[0]
REAL
   0.454887 -0.00720902  -0.0198761    0.268406
-0.00720902    0.110276   0.0279857 -0.00331979
 -0.0198761   0.0279857   0.0839599  -0.0108322
   0.268406 -0.00331979  -0.0108322    0.350877
IMAGINARY
          0  0.00326728  -0.0100977   0.0103925
-0.00326728           0 -0.00443227 -0.00164518
  0.0100977  0.00443227           0  0.00847561
 -0.0103925  0.00164518 -0.00847561           0
Repeater1[0]<--->HoM1[0]
REAL
   0.414853  0.00618272 -0.00996173    0.286367
 0.00618272   0.0960307   0.0376229  0.00800606
-0.00996173   0.0376229    0.103713   0.0114183
   0.286367  0.00800606   0.0114183    0.385403
IMAGINARY
          0  -0.0144758 -0.00275661 -0.00527963
  0.0144758           0  -0.0168443   0.0278822
 0.00275661   0.0168443           0 -0.00311215
 0.00527963  -0.0278822  0.00311215           0
EndNode1[0]<--->Repeater1[0]
REAL
   0.460358  0.00384772  0.00736083    0.250327
 0.00384772    0.108696   0.0519542 -0.00545969
 0.00736083   0.0519542    0.117647 0.000588271
   0.250327 -0.00545969 0.000588271    0.313299
IMAGINARY
          0  0.00359683  0.00025671  0.00501381
-0.00359683           0   0.0238206   0.0166394
-0.00025671  -0.0238206           0   0.0132993
-0.00501381  -0.0166394  -0.0132993           0
EndNode2[0]<--->HoM1[0]
REAL
    0.42649 -0.00530645  0.00255564    0.281997
-0.00530645    0.113907   0.0241942   0.0115763
 0.00255564   0.0241942    0.113907  -0.0128631
   0.281997   0.0115763  -0.0128631    0.345695
IMAGINARY
          0  0.00768545 -0.00373836   0.0100274
-0.00768545           0   0.0132284 -0.00187962
 0.00373836  -0.0132284           0 -0.00206747
 -0.0100274  0.00187962  0.00206747           0
Repeater1[0]<--->EndNode1[0]
REAL
   0.460358  0.00736083  0.00384772    0.250327
 0.00736083    0.117647   0.0519542 0.000588271
 0.00384772   0.0519542    0.108696 -0.00545969
   0.250327 0.000588271 -0.00545969    0.313299
IMAGINARY
          0  0.00025671  0.00359683  0.00501381
-0.00025671           0  -0.0238206   0.0132993
-0.00359683   0.0238206           0   0.0166394
-0.00501381  -0.0132993  -0.0166394           0
Repeater1[0]<--->HoM1[0]
REAL
    0.42649  0.00255564 -0.00530645    0.281997
 0.00255564    0.113907   0.0241942  -0.0128631
-0.00530645   0.0241942    0.113907   0.0115763
   0.281997  -0.0128631   0.0115763    0.345695
IMAGINARY
          0 -0.00373836  0.00768545   0.0100274
 0.00373836           0  -0.0132284 -0.00206747
-0.00768545   0.0132284           0 -0.00187962
 -0.0100274  0.00206747  0.00187962           0
EndNode1[0]<--->Repeater1[0]
REAL
    0.456163 -0.000851862    -0.022667     0.258835
-0.000851862     0.090216    0.0426723  -0.00120235
   -0.022667    0.0426723      0.11817    0.0196961
    0.258835  -0.00120235    0.0196961     0.335451
IMAGINARY
          0  0.00472139   0.0210868  0.00402518
-0.00472139           0 -0.00655683 -0.00597508
 -0.0210868  0.00655683           0 -0.00143624
-0.00402518  0.00597508  0.00143624           0
EndNode2[0]<--->HoM1[0]
REAL
    0.44598  -0.0100267  -0.0125778    0.294527
 -0.0100267     0.10804   0.0370239 -0.00747572
 -0.0125778   0.0370239    0.101759  -0.0100267
   0.294527 -0.00747572  -0.0100267    0.344221
IMAGINARY
          0  -0.0206137   0.0147461  0.00248062
  0.0206137           0 -0.00914729   0.0122647
 -0.0147461  0.00914729           0   0.0128106
-0.00248062  -0.0122647  -0.0128106           0
Repeater1[0]<--->EndNode1[0]
REAL
    0.456163    -0.022667 -0.000851862     0.258835
   -0.022667      0.11817    0.0426723    0.0196961
-0.000851862    0.0426723     0.090216  -0.00120235
    0.258835    0.0196961  -0.00120235     0.335451
IMAGINARY
          0   0.0210868  0.00472139  0.00402518
 -0.0210868           0  0.00655683 -0.00143624
-0.00472139 -0.00655683           0 -0.00597508
-0.00402518  0.00143624  0.00597508           0
Repeater1[0]<--->HoM1[0]
REAL
    0.44598  -0.0125778  -0.0100267    0.294527
 -0.0125778    0.101759   0.0370239  -0.0100267
 -0.0100267   0.0370239     0.10804 -0.00747572
   0.294527  -0.0100267 -0.00747572    0.344221
IMAGINARY
          0   0.0147461  -0.0206137  0.00248062
 -0.0147461           0  0.00914729   0.0128106
  0.0206137 -0.00914729           0   0.0122647
-0.00248062  -0.0128106  -0.0122647           0
EndNode1[0]<--->Repeater1[0]
REAL
   0.445583  0.00441629  0.00939917    0.260536
 0.00441629    0.101152   0.0236279 -0.00620632
 0.00939917   0.0236279    0.113956   0.0128251
   0.260536 -0.00620632   0.0128251    0.339309
IMAGINARY
           0  -0.00467914 -8.61107e-05   0.00965144
  0.00467914            0    0.0116122   -0.0111358
 8.61107e-05   -0.0116122            0   0.00467914
 -0.00965144    0.0111358  -0.00467914            0
EndNode2[0]<--->HoM1[0]
REAL
    0.46962   0.0223421 -0.00424876    0.284411
  0.0223421    0.102532   0.0421574   0.0196239
-0.00424876   0.0421574   0.0987342  0.00410314
   0.284411   0.0196239  0.00410314    0.329114
IMAGINARY
          0  0.00196121 -0.00488698   0.0207715
-0.00196121           0  -0.0118656  0.00347853
 0.00488698   0.0118656           0   0.0149402
 -0.0207715 -0.00347853  -0.0149402           0
Repeater1[0]<--->EndNode1[0]
REAL
   0.445583  0.00939917  0.00441629    0.260536
 0.00939917    0.113956   0.0236279   0.0128251
 0.00441629   0.0236279    0.101152 -0.00620632
   0.260536   0.0128251 -0.00620632    0.339309
IMAGINARY
           0 -8.61107e-05  -0.00467914   0.00965144
 8.61107e-05            0   -0.0116122   0.00467914
  0.00467914    0.0116122            0   -0.0111358
 -0.00965144  -0.00467914    0.0111358            0
Repeater1[0]<--->HoM1[0]
REAL
    0.46962 -0.00424876   0.0223421    0.284411
-0.00424876   0.0987342   0.0421574  0.00410314
  0.0223421   0.0421574    0.102532   0.0196239
   0.284411  0.00410314   0.0196239    0.329114
IMAGINARY
          0 -0.00488698  0.00196121   0.0207715
 0.00488698           0   0.0118656   0.0149402
-0.00196121  -0.0118656           0  0.00347853
 -0.0207715  -0.0149402 -0.00347853           0
EndNode1[0]<--->Repeater1[0]
REAL
   0.436054   -0.013943  -0.0123124    0.261748
  -0.013943   0.0986602   0.0361793 -0.00711762
 -0.0123124   0.0361793    0.123021   -0.013259
   0.261748 -0.00711762   -0.013259    0.342266
IMAGINARY
          0  0.00560864 -0.00159339 -0.00150782
-0.00560864           0   0.0162137  0.00360142
 0.00159339  -0.0162137           0  -0.0116327
 0.00150782 -0.00360142   0.0116327           0
EndNode2[0]<--->HoM1[0]
REAL
    0.43522  0.00631568   0.0187331    0.289868
 0.00631568    0.110692   0.0209433 -0.00890509
  0.0187331   0.0209433   0.0855346   0.0157973
   0.289868 -0.00890509   0.0157973    0.368553
IMAGINARY
          0   0.0139547 -0.00664802  0.00740135
 -0.0139547           0  -0.0106865  -0.0126083
 0.00664802   0.0106865           0   0.0159258
-0.00740135   0.0126083  -0.0159258           0
Repeater1[0]<--->EndNode1[0]
REAL
   0.436054  -0.0123124   -0.013943    0.261748
 -0.0123124    0.123021   0.0361793   -0.013259
  -0.013943   0.0361793   0.0986602 -0.00711762
   0.261748   -0.013259 -0.00711762    0.342266
IMAGINARY
          0 -0.00159339  0.00560864 -0.00150782
 0.00159339           0  -0.0162137  -0.0116327
-0.00560864   0.0162137           0  0.00360142
 0.00150782   0.0116327 -0.00360142           0
Repeater1[0]<--->HoM1[0]
REAL
    0.43522   0.0187331  0.00631568    0.289868
  0.0187331   0.0855346   0.0209433   0.0157973
 0.00631568   0.0209433    0.110692 -0.00890509
   0.289868   0.0157973 -0.00890509    0.368553
IMAGINARY
          0 -0.00664802   0.0139547  0.00740135
 0.00664802           0   0.0106865   0.0159258
 -0.0139547  -0.0106865           0  -0.0126083
-0.00740135  -0.0159258   0.0126083           0
EndNode1[0]<--->Repeater1[0]
REAL
   0.463186  -0.0101397  -0.0125059     0.26316
 -0.0101397    0.108434   0.0312564  0.00616074
 -0.0125059   0.0312564    0.103079 -0.00889588
    0.26316  0.00616074 -0.00889588    0.325301
IMAGINARY
          0   0.0291931   0.0151437 -0.00208743
 -0.0291931           0   0.0135964  -0.0218461
 -0.0151437  -0.0135964           0  -0.0144478
 0.00208743   0.0218461   0.0144478           0
EndNode2[0]<--->HoM1[0]
REAL
   0.465789  0.00863143  -0.0066559    0.278985
 0.00863143   0.0907895   0.0426794   0.0126004
 -0.0066559   0.0426794   0.0973684 -0.00929193
   0.278985   0.0126004 -0.00929193    0.346053
IMAGINARY
          0   0.0051093  -0.0189855 -0.00772908
 -0.0051093           0  -0.0162037  -0.0109508
  0.0189855   0.0162037           0   0.0159098
 0.00772908   0.0109508  -0.0159098           0
Repeater1[0]<--->EndNode1[0]
REAL
   0.463186  -0.0125059  -0.0101397     0.26316
 -0.0125059    0.103079   0.0312564 -0.00889588
 -0.0101397   0.0312564    0.108434  0.00616074
    0.26316 -0.00889588  0.00616074    0.325301
IMAGINARY
          0   0.0151437   0.0291931 -0.00208743
 -0.0151437           0  -0.0135964  -0.0144478
 -0.0291931   0.0135964           0  -0.0218461
 0.00208743   0.0144478   0.0218461           0
Repeater1[0]<--->HoM1[0]
REAL
   0.465789  -0.0066559  0.00863143    0.278985
 -0.0066559   0.0973684   0.0426794 -0.00929193
 0.00863143   0.0426794   0.0907895   0.0126004
   0.278985 -0.00929193   0.0126004    0.346053
IMAGINARY
          0  -0.0189855   0.0051093 -0.00772908
  0.0189855           0   0.0162037   0.0159098
 -0.0051093  -0.0162037           0  -0.0109508
 0.00772908  -0.0159098   0.0109508           0
EndNode1[0]<--->Repeater1[0]
REAL
   0.442581  0.00296017   0.0121415    0.262284
 0.00296017    0.103226   0.0411687 -0.00218138
  0.0121415   0.0411687    0.114839   0.0016879
   0.262284 -0.00218138   0.0016879    0.339355
IMAGINARY
           0   -0.0048488   0.00923578     0.019265
   0.0048488            0  0.000988201  -0.00591573
 -0.00923578 -0.000988201            0   0.00152875
   -0.019265   0.00591573  -0.00152875            0
EndNode2[0]<--->HoM1[0]
REAL
   0.422794 -0.00539411   -0.023983    0.281309
-0.00539411   0.0992647   0.0502277  -0.0137528
  -0.023983   0.0502277    0.107843  0.00674182
   0.281309  -0.0137528  0.00674182    0.370098
IMAGINARY
          0  -0.0173203  0.00847033   0.0121647
  0.0173203           0 -0.00512249 -0.00441627
-0.00847033  0.00512249           0  0.00110409
 -0.0121647  0.00441627 -0.00110409           0
Repeater1[0]<--->EndNode1[0]
REAL
   0.442581   0.0121415  0.00296017    0.262284
  0.0121415    0.114839   0.0411687   0.0016879
 0.00296017   0.0411687    0.103226 -0.00218138
   0.262284   0.0016879 -0.00218138    0.339355
IMAGINARY
           0   0.00923578   -0.0048488     0.019265
 -0.00923578            0 -0.000988201   0.00152875
   0.0048488  0.000988201            0  -0.00591573
   -0.019265  -0.00152875   0.00591573            0
Repeater1[0]<--->HoM1[0]
REAL
   0.422794   -0.023983 -0.00539411    0.281309
  -0.023983    0.107843   0.0502277  0.00674182
-0.00539411   0.0502277   0.0992647  -0.0137528
   0.281309  0.00674182  -0.0137528    0.370098
IMAGINARY
          0  0.00847033  -0.0173203   0.0121647
-0.00847033           0  0.00512249  0.00110409
  0.0173203 -0.00512249           0 -0.00441627
 -0.0121647 -0.00110409  0.00441627           0
EndNode1[0]<--->Repeater1[0]
REAL
  0.450723 -0.0116199 0.00148359    0.26051
-0.0116199  0.0919842   0.030848 0.00345468
0.00148359   0.030848   0.137976 0.00544708
   0.26051 0.00345468 0.00544708   0.319317
IMAGINARY
           0   -0.0276169  -0.00599829    -0.016143
   0.0276169            0    0.0228097   0.00286938
  0.00599829   -0.0228097            0  0.000708244
    0.016143  -0.00286938 -0.000708244            0
EndNode2[0]<--->HoM1[0]
REAL
  0.427441  0.0131483 0.00400163   0.276232
 0.0131483  0.0989446  0.0587317  0.0106683
0.00400163  0.0587317  0.0949868  0.0125241
  0.276232  0.0106683  0.0125241   0.378628
IMAGINARY
           0   -0.0127076    0.0219048    0.0208797
   0.0127076            0    0.0119388  -0.00190476
  -0.0219048   -0.0119388            0  0.000207565
  -0.0208797   0.00190476 -0.000207565            0
Repeater1[0]<--->EndNode1[0]
REAL
  0.450723 0.00148359 -0.0116199    0.26051
0.00148359   0.137976   0.030848 0.00544708
-0.0116199   0.030848  0.0919842 0.00345468
   0.26051 0.00544708 0.00345468   0.319317
IMAGINARY
           0  -0.00599829   -0.0276169    -0.016143
  0.00599829            0   -0.0228097  0.000708244
   0.0276169    0.0228097            0   0.00286938
    0.016143 -0.000708244  -0.00286938            0
Repeater1[0]<--->HoM1[0]
REAL
  0.427441 0.00400163  0.0131483   0.276232
0.00400163  0.0949868  0.0587317  0.0125241
 0.0131483  0.0587317  0.0989446  0.0106683
  0.276232  0.0125241  0.0106683   0.378628
IMAGINARY
           0    0.0219048   -0.0127076    0.0208797
  -0.0219048            0   -0.0119388  0.000207565
   0.0127076    0.0119388            0  -0.00190476
  -0.0208797 -0.000207565   0.00190476            0
EndNode1[0]<--->Repeater1[0]
REAL
  0.407503 0.00480333 0.00697656   0.264565
0.00480333   0.113842  0.0177135 0.00315003
0.00697656  0.0177135   0.125485  0.0129182
  0.264565 0.00315003  0.0129182   0.353169
IMAGINARY
          0  0.00424055   0.0115652  0.00707259
-0.00424055           0 -0.00918229 -0.00148963
 -0.0115652  0.00918229           0  -0.0105378
-0.00707259  0.00148963   0.0105378           0
EndNode2[0]<--->HoM1[0]
REAL
    0.397351 -0.000977836   0.00139373     0.298283
-0.000977836     0.109934    0.0452631   -0.0216023
  0.00139373    0.0452631     0.107285 -0.000977836
    0.298283   -0.0216023 -0.000977836      0.38543
IMAGINARY
          0 -0.00109389  0.00502887  0.00882766
 0.00109389           0   0.0231134 -0.00704229
-0.00502887  -0.0231134           0    0.011161
-0.00882766  0.00704229   -0.011161           0
Repeater1[0]<--->EndNode1[0]
REAL
  0.407503 0.00697656 0.00480333   0.264565
0.00697656   0.125485  0.0177135  0.0129182
0.00480333  0.0177135   0.113842 0.00315003
  0.264565  0.0129182 0.00315003   0.353169
IMAGINARY
          0   0.0115652  0.00424055  0.00707259
 -0.0115652           0  0.00918229  -0.0105378
-0.00424055 -0.00918229           0 -0.00148963
-0.00707259   0.0105378  0.00148963           0
Repeater1[0]<--->HoM1[0]
REAL
    0.397351   0.00139373 -0.000977836     0.298283
  0.00139373     0.107285    0.0452631 -0.000977836
-0.000977836    0.0452631     0.109934   -0.0216023
    0.298283 -0.000977836   -0.0216023      0.38543
IMAGINARY
          0  0.00502887 -0.00109389  0.00882766
-0.00502887           0  -0.0231134    0.011161
 0.00109389   0.0231134           0 -0.00704229
-0.00882766   -0.011161  0.00704229           0
EndNode1[0]<--->Repeater1[0]
REAL
   0.436997 -0.00406222 -0.00351283    0.267929
-0.00406222     0.11126   0.0333373  -0.0167403
-0.00351283   0.0333373    0.103217 -0.00733019
   0.267929  -0.0167403 -0.00733019    0.348525
IMAGINARY
          0 -0.00283887 -0.00504215 -0.00791938
 0.00283887           0   0.0275645 -0.00564968
 0.00504215  -0.0275645           0   0.0122728
 0.00791938  0.00564968  -0.0122728           0
EndNode2[0]<--->HoM1[0]
REAL
    0.430622 -0.000853606  -0.00840444     0.283449
-0.000853606     0.113636    0.0360132    0.0128859
 -0.00840444    0.0360132    0.0980861    0.0142979
    0.283449    0.0128859    0.0142979     0.357656
IMAGINARY
          0 -0.00755802  0.00607374   0.0110383
 0.00755802           0 -0.00662471  -0.0188943
-0.00607374  0.00662471           0  0.00627597
 -0.0110383   0.0188943 -0.00627597           0
Repeater1[0]<--->EndNode1[0]
REAL
   0.436997 -0.00351283 -0.00406222    0.267929
-0.00351283    0.103217   0.0333373 -0.00733019
-0.00406222   0.0333373     0.11126  -0.0167403
   0.267929 -0.00733019  -0.0167403    0.348525
IMAGINARY
          0 -0.00504215 -0.00283887 -0.00791938
 0.00504215           0  -0.0275645   0.0122728
 0.00283887   0.0275645           0 -0.00564968
 0.00791938  -0.0122728  0.00564968           0
Repeater1[0]<--->HoM1[0]
REAL
    0.430622  -0.00840444 -0.000853606     0.283449
 -0.00840444    0.0980861    0.0360132    0.0142979
-0.000853606    0.0360132     0.113636    0.0128859
    0.283449    0.0142979    0.0128859     0.357656
IMAGINARY
          0  0.00607374 -0.00755802   0.0110383
-0.00607374           0  0.00662471  0.00627597
 0.00755802 -0.00662471           0  -0.0188943
 -0.0110383 -0.00627597   0.0188943           0
EndNode1[0]<--->Repeater1[0]
REAL
     0.45603   -0.0111292 -0.000399611     0.266495
  -0.0111292     0.104271     0.041559   -0.0271172
-0.000399611     0.041559     0.149497   -0.0123607
    0.266495   -0.0271172   -0.0123607     0.290201
IMAGINARY
          0  -0.0121651   0.0137026   0.0130651
  0.0121651           0   0.0104336  0.00429229
 -0.0137026  -0.0104336           0  -0.0161125
 -0.0130651 -0.00429229   0.0161125           0
EndNode2[0]<--->HoM1[0]
REAL
   0.448702 -0.00255751 -0.00260464    0.275599
-0.00255751   0.0840544   0.0399223  0.00133237
-0.00260464   0.0399223   0.0877627  0.00764657
   0.275599  0.00133237  0.00764657    0.379481
IMAGINARY
          0  0.00798402   -0.005625  -0.0282603
-0.00798402           0  0.00307134   -0.025625
   0.005625 -0.00307134           0  0.00373473
  0.0282603    0.025625 -0.00373473           0
Repeater1[0]<--->EndNode1[0]
REAL
     0.45603 -0.000399611   -0.0111292     0.266495
-0.000399611     0.149497     0.041559   -0.0123607
  -0.0111292     0.041559     0.104271   -0.0271172
    0.266495   -0.0123607   -0.0271172     0.290201
IMAGINARY
          0   0.0137026  -0.0121651   0.0130651
 -0.0137026           0  -0.0104336  -0.0161125
  0.0121651   0.0104336           0  0.00429229
 -0.0130651   0.0161125 -0.00429229           0
Repeater1[0]<--->HoM1[0]
REAL
   0.448702 -0.00260464 -0.00255751    0.275599
-0.00260464   0.0877627   0.0399223  0.00764657
-0.00255751   0.0399223   0.0840544  0.00133237
   0.275599  0.00764657  0.00133237    0.379481
IMAGINARY
          0   -0.005625  0.00798402  -0.0282603
   0.005625           0 -0.00307134  0.00373473
-0.00798402  0.00307134           0   -0.025625
  0.0282603 -0.00373473    0.025625           0
EndNode1[0]<--->Repeater1[0]
REAL
    0.43807  -0.0165423  -0.0117193    0.261945
 -0.0165423   0.0912647  0.00668215 -0.00592778
 -0.0117193  0.00668215    0.132986  0.00281683
   0.261945 -0.00592778  0.00281683    0.337679
IMAGINARY
          0  -0.0182519  0.00385747 -0.00773618
  0.0182519           0  -0.0189057    0.011932
-0.00385747   0.0189057           0 -0.00280073
 0.00773618   -0.011932  0.00280073           0
EndNode2[0]<--->HoM1[0]
REAL
   0.431145  0.00567864 -0.00222596    0.293811
 0.00567864   0.0990991   0.0573871  0.00790062
-0.00222596   0.0573871   0.0965251  0.00251808
   0.293811  0.00790062  0.00251808     0.37323
IMAGINARY
           0  0.000956126   0.00363452  -0.00921998
-0.000956126            0  -0.00476138 -0.000323263
 -0.00363452   0.00476138            0 -0.000293874
  0.00921998  0.000323263  0.000293874            0
Repeater1[0]<--->EndNode1[0]
REAL
    0.43807  -0.0117193  -0.0165423    0.261945
 -0.0117193    0.132986  0.00668215  0.00281683
 -0.0165423  0.00668215   0.0912647 -0.00592778
   0.261945  0.00281683 -0.00592778    0.337679
IMAGINARY
          0  0.00385747  -0.0182519 -0.00773618
-0.00385747           0   0.0189057 -0.00280073
  0.0182519  -0.0189057           0    0.011932
 0.00773618  0.00280073   -0.011932           0
Repeater1[0]<--->HoM1[0]
REAL
   0.431145 -0.00222596  0.00567864    0.293811
-0.00222596   0.0965251   0.0573871  0.00251808
 0.00567864   0.0573871   0.0990991  0.00790062
   0.293811  0.00251808  0.00790062     0.37323
IMAGINARY
           0   0.00363452  0.000956126  -0.00921998
 -0.00363452            0   0.00476138 -0.000293874
-0.000956126  -0.00476138            0 -0.000323263
  0.00921998  0.000293874  0.000323263            0
EndNode1[0]<--->Repeater1[0]
REAL
   0.422827    0.016275 -0.00587785    0.272954
   0.016275   0.0959792   0.0219862   0.0185277
-0.00587785   0.0219862    0.142672 -0.00895141
   0.272954   0.0185277 -0.00895141    0.338521
IMAGINARY
           0   -0.0106787   -0.0109154  0.000591725
   0.0106787            0    0.0128182  -0.00779429
   0.0109154   -0.0128182            0 -0.000289066
-0.000591725   0.00779429  0.000289066            0
EndNode2[0]<--->HoM1[0]
REAL
    0.40988  0.00477719 -0.00366414    0.297625
 0.00477719    0.105474   0.0278789  -0.0171412
-0.00366414   0.0278789    0.109479 -0.00410605
   0.297625  -0.0171412 -0.00410605    0.375167
IMAGINARY
          0  0.00494809 -0.00190659  -0.0124937
-0.00494809           0  0.00158223  0.00525331
 0.00190659 -0.00158223           0   0.0131242
  0.0124937 -0.00525331  -0.0131242           0
Repeater1[0]<--->EndNode1[0]
REAL
   0.422827 -0.00587785    0.016275    0.272954
-0.00587785    0.142672   0.0219862 -0.00895141
   0.016275   0.0219862   0.0959792   0.0185277
   0.272954 -0.00895141   0.0185277    0.338521
IMAGINARY
           0   -0.0109154   -0.0106787  0.000591725
   0.0109154            0   -0.0128182 -0.000289066
   0.0106787    0.0128182            0  -0.00779429
-0.000591725  0.000289066   0.00779429            0
Repeater1[0]<--->HoM1[0]
REAL
    0.40988 -0.00366414  0.00477719    0.297625
-0.00366414    0.109479   0.0278789 -0.00410605
 0.00477719   0.0278789    0.105474  -0.0171412
   0.297625 -0.00410605  -0.0171412    0.375167
IMAGINARY
          0 -0.00190659  0.00494809  -0.0124937
 0.00190659           0 -0.00158223   0.0131242
-0.00494809  0.00158223           0  0.00525331
  0.0124937  -0.0131242 -0.00525331           0
EndNode1[0]<--->Repeater1[0]
REAL
   0.451362 0.000849298 -0.00576158    0.258685
0.000849298   0.0726329   0.0438308  0.00764838
-0.00576158   0.0438308    0.150454   0.0123582
   0.258685  0.00764838   0.0123582    0.325551
IMAGINARY
          0 -0.00467672  0.00400456   0.0238243
 0.00467672           0    0.014441  -0.0026783
-0.00400456   -0.014441           0  -0.0112384
 -0.0238243   0.0026783   0.0112384           0
EndNode2[0]<--->HoM1[0]
REAL
  0.444444  0.0011616 -0.0018871   0.282046
 0.0011616  0.0934959  0.0444842 -0.0121435
-0.0018871  0.0444842  0.0921409 -0.0177432
  0.282046 -0.0121435 -0.0177432   0.369919
IMAGINARY
          0  0.00264263  -0.0387413  -0.0240968
-0.00264263           0 -0.00872169  -0.0172289
  0.0387413  0.00872169           0   0.0247206
  0.0240968   0.0172289  -0.0247206           0
Repeater1[0]<--->EndNode1[0]
REAL
   0.451362 -0.00576158 0.000849298    0.258685
-0.00576158    0.150454   0.0438308   0.0123582
0.000849298   0.0438308   0.0726329  0.00764838
   0.258685   0.0123582  0.00764838    0.325551
IMAGINARY
          0  0.00400456 -0.00467672   0.0238243
-0.00400456           0   -0.014441  -0.0112384
 0.00467672    0.014441           0  -0.0026783
 -0.0238243   0.0112384   0.0026783           0
Repeater1[0]<--->HoM1[0]
REAL
  0.444444 -0.0018871  0.0011616   0.282046
-0.0018871  0.0921409  0.0444842 -0.0177432
 0.0011616  0.0444842  0.0934959 -0.0121435
  0.282046 -0.0177432 -0.0121435   0.369919
IMAGINARY
          0  -0.0387413  0.00264263  -0.0240968
  0.0387413           0  0.00872169   0.0247206
-0.00264263 -0.00872169           0  -0.0172289
  0.0240968  -0.0247206   0.0172289           0
EndNode1[0]<--->Repeater1[0]
REAL
   0.471879   0.0270085  0.00767865    0.269017
  0.0270085   0.0946502   0.0196626   0.0256547
 0.00767865   0.0196626    0.122085 -0.00122235
   0.269017   0.0256547 -0.00122235    0.311385
IMAGINARY
          0   0.0109922  -0.0140394 -0.00516499
 -0.0109922           0  0.00390237 -0.00146451
  0.0140394 -0.00390237           0  -0.0161601
 0.00516499  0.00146451   0.0161601           0
EndNode2[0]<--->HoM1[0]
REAL
   0.411548 -0.00158428   0.0107259    0.280549
-0.00158428   0.0982801   0.0318718 -0.00628986
  0.0107259   0.0318718    0.111794 -0.00158428
   0.280549 -0.00628986 -0.00158428    0.378378
IMAGINARY
           0  -0.00624805   -0.0115371   -0.0111537
  0.00624805            0   0.00235977 -0.000367624
   0.0115371  -0.00235977            0 -0.000365702
   0.0111537  0.000367624  0.000365702            0
Repeater1[0]<--->EndNode1[0]
REAL
   0.471879  0.00767865   0.0270085    0.269017
 0.00767865    0.122085   0.0196626 -0.00122235
  0.0270085   0.0196626   0.0946502   0.0256547
   0.269017 -0.00122235   0.0256547    0.311385
IMAGINARY
          0  -0.0140394   0.0109922 -0.00516499
  0.0140394           0 -0.00390237  -0.0161601
 -0.0109922  0.00390237           0 -0.00146451
 0.00516499   0.0161601  0.00146451           0
Repeater1[0]<--->HoM1[0]
REAL
   0.411548   0.0107259 -0.00158428    0.280549
  0.0107259    0.111794   0.0318718 -0.00158428
-0.00158428   0.0318718   0.0982801 -0.00628986
   0.280549 -0.00158428 -0.00628986    0.378378
IMAGINARY
           0   -0.0115371  -0.00624805   -0.0111537
   0.0115371            0  -0.00235977 -0.000365702
  0.00624805   0.00235977            0 -0.000367624
   0.0111537  0.000365702  0.000367624            0
EndNode1[0]<--->Repeater1[0]
REAL
   0.439948  0.00217487  -0.0125392    0.246354
 0.00217487    0.105744   0.0531573 0.000314266
 -0.0125392   0.0531573    0.125326  -0.0192898
   0.246354 0.000314266  -0.0192898    0.328982
IMAGINARY
           0  -0.00253848  -0.00216055  0.000877423
  0.00253848            0   -0.0131039   -0.0100346
  0.00216055    0.0131039            0    -0.025061
-0.000877423    0.0100346     0.025061            0
EndNode2[0]<--->HoM1[0]
REAL
  0.474093 0.00529319 0.00930576   0.297929
0.00529319  0.0971503  0.0382668 0.00588579
0.00930576  0.0382668   0.117876 -0.0085957
  0.297929 0.00588579 -0.0085957   0.310881
IMAGINARY
           0  0.000551887    0.0151628     0.016164
-0.000551887            0  -0.00180373    0.0065763
  -0.0151628   0.00180373            0   -0.0234987
   -0.016164   -0.0065763    0.0234987            0
Repeater1[0]<--->EndNode1[0]
REAL
   0.439948  -0.0125392  0.00217487    0.246354
 -0.0125392    0.125326   0.0531573  -0.0192898
 0.00217487   0.0531573    0.105744 0.000314266
   0.246354  -0.0192898 0.000314266    0.328982
IMAGINARY
           0  -0.00216055  -0.00253848  0.000877423
  0.00216055            0    0.0131039    -0.025061
  0.00253848   -0.0131039            0   -0.0100346
-0.000877423     0.025061    0.0100346            0
Repeater1[0]<--->HoM1[0]
REAL
  0.474093 0.00930576 0.00529319   0.297929
0.00930576   0.117876  0.0382668 -0.0085957
0.00529319  0.0382668  0.0971503 0.00588579
  0.297929 -0.0085957 0.00588579   0.310881
IMAGINARY
           0    0.0151628  0.000551887     0.016164
  -0.0151628            0   0.00180373   -0.0234987
-0.000551887  -0.00180373            0    0.0065763
   -0.016164    0.0234987   -0.0065763            0
EndNode1[0]<--->Repeater1[0]
REAL
   0.450262 -0.00145855  0.00672011    0.263568
-0.00145855   0.0981675   0.0205958  0.00796699
 0.00672011   0.0205958    0.128272   0.0225313
   0.263568  0.00796699   0.0225313    0.323298
IMAGINARY
           0   0.00683858    0.0135751   0.00690957
 -0.00683858            0    -0.018448  -0.00888965
  -0.0135751     0.018448            0 -0.000814482
 -0.00690957   0.00888965  0.000814482            0
EndNode2[0]<--->HoM1[0]
REAL
  0.416256  0.0033067 0.00883438   0.292544
 0.0033067  0.0960591  0.0310639  0.0203433
0.00883438  0.0310639  0.0985222  0.0112822
  0.292544  0.0203433  0.0112822   0.389163
IMAGINARY
          0 -0.00970041  -0.0142663   0.0090194
 0.00970041           0 -0.00142446   0.0142663
  0.0142663  0.00142446           0     0.02118
 -0.0090194  -0.0142663    -0.02118           0
Repeater1[0]<--->EndNode1[0]
REAL
   0.450262  0.00672011 -0.00145855    0.263568
 0.00672011    0.128272   0.0205958   0.0225313
-0.00145855   0.0205958   0.0981675  0.00796699
   0.263568   0.0225313  0.00796699    0.323298
IMAGINARY
           0    0.0135751   0.00683858   0.00690957
  -0.0135751            0     0.018448 -0.000814482
 -0.00683858    -0.018448            0  -0.00888965
 -0.00690957  0.000814482   0.00888965            0
Repeater1[0]<--->HoM1[0]
REAL
  0.416256 0.00883438  0.0033067   0.292544
0.00883438  0.0985222  0.0310639  0.0112822
 0.0033067  0.0310639  0.0960591  0.0203433
  0.292544  0.0112822  0.0203433   0.389163
IMAGINARY
          0  -0.0142663 -0.00970041   0.0090194
  0.0142663           0  0.00142446     0.02118
 0.00970041 -0.00142446           0   0.0142663
 -0.0090194    -0.02118  -0.0142663           0
EndNode1[0]<--->Repeater1[0]
REAL
   0.451204  0.00417648  0.00784262    0.268975
 0.00417648   0.0937896   0.0365424  -0.0126702
 0.00784262   0.0365424    0.134347 -0.00762476
   0.268975  -0.0126702 -0.00762476    0.320659
IMAGINARY
          0  0.00347973   0.0300828  0.00374107
-0.00347973           0  -0.0238971  0.00370094
 -0.0300828   0.0238971           0  0.00597973
-0.00374107 -0.00370094 -0.00597973           0
EndNode2[0]<--->HoM1[0]
REAL
   0.460472 -0.00552389  -0.0181452    0.295813
-0.00552389   0.0915395   0.0327209   0.0325431
 -0.0181452   0.0327209   0.0887656   0.0159951
   0.295813   0.0325431   0.0159951    0.359223
IMAGINARY
           0   -0.0255266   -0.0146618  0.000228326
   0.0255266            0   -0.0175582    0.0246369
   0.0146618    0.0175582            0   0.00807024
-0.000228326   -0.0246369  -0.00807024            0
Repeater1[0]<--->EndNode1[0]
REAL
   0.451204  0.00784262  0.00417648    0.268975
 0.00784262    0.134347   0.0365424 -0.00762476
 0.00417648   0.0365424   0.0937896  -0.0126702
   0.268975 -0.00762476  -0.0126702    0.320659
IMAGINARY
          0   0.0300828  0.00347973  0.00374107
 -0.0300828           0   0.0238971  0.00597973
-0.00347973  -0.0238971           0  0.00370094
-0.00374107 -0.00597973 -0.00370094           0
Repeater1[0]<--->HoM1[0]
REAL
   0.460472  -0.0181452 -0.00552389    0.295813
 -0.0181452   0.0887656   0.0327209   0.0159951
-0.00552389   0.0327209   0.0915395   0.0325431
   0.295813   0.0159951   0.0325431    0.359223
IMAGINARY
           0   -0.0146618   -0.0255266  0.000228326
   0.0146618            0    0.0175582   0.00807024
   0.0255266   -0.0175582            0    0.0246369
-0.000228326  -0.00807024   -0.0246369            0
EndNode1[0]<--->Repeater1[0]
REAL
   0.420272 -0.00225556 -0.00792977    0.238973
-0.00225556   0.0877627   0.0352201  0.00599428
-0.00792977   0.0352201    0.133498 -0.00355089
   0.238973  0.00599428 -0.00355089    0.358467
IMAGINARY
          0   0.0147985  0.00117998  -0.0112903
 -0.0147985           0  -0.0112903  -0.0159253
-0.00117998   0.0112903           0    0.022735
  0.0112903   0.0159253   -0.022735           0
EndNode2[0]<--->HoM1[0]
REAL
    0.427481    0.0302219    0.0409293     0.287219
   0.0302219    0.0890585    0.0279846 -0.000955515
   0.0409293    0.0279846     0.101781    0.0241686
    0.287219 -0.000955515    0.0241686     0.381679
IMAGINARY
          0 -0.00193456   0.0151544  0.00194627
 0.00193456           0   0.0227533 -0.00763044
 -0.0151544  -0.0227533           0  0.00809051
-0.00194627  0.00763044 -0.00809051           0
Repeater1[0]<--->EndNode1[0]
REAL
   0.420272 -0.00792977 -0.00225556    0.238973
-0.00792977    0.133498   0.0352201 -0.00355089
-0.00225556   0.0352201   0.0877627  0.00599428
   0.238973 -0.00355089  0.00599428    0.358467
IMAGINARY
          0  0.00117998   0.0147985  -0.0112903
-0.00117998           0   0.0112903    0.022735
 -0.0147985  -0.0112903           0  -0.0159253
  0.0112903   -0.022735   0.0159253           0
Repeater1[0]<--->HoM1[0]
REAL
    0.427481    0.0409293    0.0302219     0.287219
   0.0409293     0.101781    0.0279846    0.0241686
   0.0302219    0.0279846    0.0890585 -0.000955515
    0.287219    0.0241686 -0.000955515     0.381679
IMAGINARY
          0   0.0151544 -0.00193456  0.00194627
 -0.0151544           0  -0.0227533  0.00809051
 0.00193456   0.0227533           0 -0.00763044
-0.00194627 -0.00809051  0.00763044           0
EndNode1[0]<--->Repeater1[0]
REAL
       0.44 -0.00404366  0.00177437     0.28188
-0.00404366    0.109677   0.0265743  0.00681215
 0.00177437   0.0265743     0.12129   0.0139512
    0.28188  0.00681215   0.0139512    0.329032
IMAGINARY
          0   0.0176526 -0.00348946  0.00532459
 -0.0176526           0  -0.0136473    0.007859
 0.00348946   0.0136473           0  0.00294668
-0.00532459   -0.007859 -0.00294668           0
EndNode2[0]<--->HoM1[0]
REAL
   0.448187 -0.00377099  0.00215132    0.288138
-0.00377099   0.0971503   0.0356124  0.00284868
 0.00215132   0.0356124   0.0880829 -0.00247901
   0.288138  0.00284868 -0.00247901     0.36658
IMAGINARY
           0 -0.000229492   0.00423882    0.0114592
 0.000229492            0    0.0132556    0.0172258
 -0.00423882   -0.0132556            0  -0.00355839
  -0.0114592   -0.0172258   0.00355839            0
Repeater1[0]<--->EndNode1[0]
REAL
       0.44  0.00177437 -0.00404366     0.28188
 0.00177437     0.12129   0.0265743   0.0139512
-0.00404366   0.0265743    0.109677  0.00681215
    0.28188   0.0139512  0.00681215    0.329032
IMAGINARY
          0 -0.00348946   0.0176526  0.00532459
 0.00348946           0   0.0136473  0.00294668
 -0.0176526  -0.0136473           0    0.007859
-0.00532459 -0.00294668   -0.007859           0
Repeater1[0]<--->HoM1[0]
REAL
   0.448187  0.00215132 -0.00377099    0.288138
 0.00215132   0.0880829   0.0356124 -0.00247901
-0.00377099   0.0356124   0.0971503  0.00284868
   0.288138 -0.00247901  0.00284868     0.36658
IMAGINARY
           0   0.00423882 -0.000229492    0.0114592
 -0.00423882            0   -0.0132556  -0.00355839
 0.000229492    0.0132556            0    0.0172258
  -0.0114592   0.00355839   -0.0172258            0
EndNode1[0]<--->Repeater1[0]
REAL
   0.444142 -0.00828178  0.00564812     0.26738
-0.00828178   0.0871935   0.0430289  -0.0211376
 0.00564812   0.0430289    0.121253  0.00394473
    0.26738  -0.0211376  0.00394473    0.347411
IMAGINARY
          0 -0.00405202 -0.00105928 -0.00418947
 0.00405202           0 -0.00806544 -0.00821143
 0.00105928  0.00806544           0   0.0219754
 0.00418947  0.00821143  -0.0219754           0
EndNode2[0]<--->HoM1[0]
REAL
   0.414729  0.00582909   0.0113432    0.278436
 0.00582909   0.0956072    0.023647 0.000375504
  0.0113432    0.023647   0.0917313 -0.00192284
   0.278436 0.000375504 -0.00192284    0.397933
IMAGINARY
          0  0.00564186   0.0135758   0.0187029
-0.00564186           0   0.0154434    0.025377
 -0.0135758  -0.0154434           0  -0.0216061
 -0.0187029   -0.025377   0.0216061           0
Repeater1[0]<--->EndNode1[0]
REAL
   0.444142  0.00564812 -0.00828178     0.26738
 0.00564812    0.121253   0.0430289  0.00394473
-0.00828178   0.0430289   0.0871935  -0.0211376
    0.26738  0.00394473  -0.0211376    0.347411
IMAGINARY
          0 -0.00105928 -0.00405202 -0.00418947
 0.00105928           0  0.00806544   0.0219754
 0.00405202 -0.00806544           0 -0.00821143
 0.00418947  -0.0219754  0.00821143           0
Repeater1[0]<--->HoM1[0]
REAL
   0.414729   0.0113432  0.00582909    0.278436
  0.0113432   0.0917313    0.023647 -0.00192284
 0.00582909    0.023647   0.0956072 0.000375504
   0.278436 -0.00192284 0.000375504    0.397933
IMAGINARY
          0   0.0135758  0.00564186   0.0187029
 -0.0135758           0  -0.0154434  -0.0216061
-0.00564186   0.0154434           0    0.025377
 -0.0187029   0.0216061   -0.025377           0
EndNode1[0]<--->Repeater1[0]
REAL
   0.448276 -0.00378943  -0.0197849    0.259573
-0.00378943   0.0994695   0.0297033 -0.00141215
 -0.0197849   0.0297033    0.132626  -0.0086794
   0.259573 -0.00141215  -0.0086794    0.319629
IMAGINARY
          0 -0.00506854  -0.0125751  0.00885037
 0.00506854           0   0.0161159   0.0060816
  0.0125751  -0.0161159           0  0.00376984
