EndNode1[0]<--->Repeater1[0]
REAL
    0.448276   -0.0175084   -0.0171993     0.324312
  -0.0175084    0.0413793 -0.000782823   -0.0109337
  -0.0171993 -0.000782823         0.04   -0.0131821
    0.324312   -0.0109337   -0.0131821     0.470345
IMAGINARY
          0   0.0169644    0.010948  -0.0355521
 -0.0169644           0  -0.0150393  0.00109255
  -0.010948   0.0150393           0  -0.0214004
  0.0355521 -0.00109255   0.0214004           0
EndNode2[0]<--->HoM1[0]
REAL
   0.461738 -0.00522654  0.00916299    0.335623
-0.00522654   0.0363165   0.0132883   0.0017205
 0.00916299   0.0132883   0.0466926  0.00842756
   0.335623   0.0017205  0.00842756    0.455253
IMAGINARY
           0   0.00491499   -0.0071348  -0.00251895
 -0.00491499            0  0.000617811   -0.0182459
   0.0071348 -0.000617811            0    0.0128515
  0.00251895    0.0182459   -0.0128515            0
Repeater1[0]<--->EndNode1[0]
REAL
    0.448276   -0.0171993   -0.0175084     0.324312
  -0.0171993         0.04 -0.000782823   -0.0131821
  -0.0175084 -0.000782823    0.0413793   -0.0109337
    0.324312   -0.0131821   -0.0109337     0.470345
IMAGINARY
          0    0.010948   0.0169644  -0.0355521
  -0.010948           0   0.0150393  -0.0214004
 -0.0169644  -0.0150393           0  0.00109255
  0.0355521   0.0214004 -0.00109255           0
Repeater1[0]<--->HoM1[0]
REAL
   0.461738  0.00916299 -0.00522654    0.335623
 0.00916299   0.0466926   0.0132883  0.00842756
-0.00522654   0.0132883   0.0363165   0.0017205
   0.335623  0.00842756   0.0017205    0.455253
IMAGINARY
           0   -0.0071348   0.00491499  -0.00251895
   0.0071348            0 -0.000617811    0.0128515
 -0.00491499  0.000617811            0   -0.0182459
  0.00251895   -0.0128515    0.0182459            0
EndNode1[0]<--->Repeater1[0]
REAL
     0.46863    0.0065537 -0.000577232      0.32742
   0.0065537    0.0307298   0.00923827    0.0267618
-0.000577232   0.00923827    0.0409731   0.00591513
     0.32742    0.0267618   0.00591513     0.459667
IMAGINARY
          0  0.00686699 -0.00908409  0.00455827
-0.00686699           0 -0.00987742  -0.0103964
 0.00908409  0.00987742           0 -0.00816569
-0.00455827   0.0103964  0.00816569           0
EndNode2[0]<--->HoM1[0]
REAL
   0.501911 -0.00869416   0.0131401    0.338537
-0.00869416    0.033121   0.0132685  -0.0174988
  0.0131401   0.0132685   0.0343949   0.0105622
   0.338537  -0.0174988   0.0105622    0.430573
IMAGINARY
          0  0.00530129  -0.0195352   0.0255184
-0.00530129           0 -0.00290535  0.00071798
  0.0195352  0.00290535           0  0.00276322
 -0.0255184 -0.00071798 -0.00276322           0
Repeater1[0]<--->EndNode1[0]
REAL
     0.46863 -0.000577232    0.0065537      0.32742
-0.000577232    0.0409731   0.00923827   0.00591513
   0.0065537   0.00923827    0.0307298    0.0267618
     0.32742   0.00591513    0.0267618     0.459667
IMAGINARY
          0 -0.00908409  0.00686699  0.00455827
 0.00908409           0  0.00987742 -0.00816569
-0.00686699 -0.00987742           0  -0.0103964
-0.00455827  0.00816569   0.0103964           0
Repeater1[0]<--->HoM1[0]
REAL
   0.501911   0.0131401 -0.00869416    0.338537
  0.0131401   0.0343949   0.0132685   0.0105622
-0.00869416   0.0132685    0.033121  -0.0174988
   0.338537   0.0105622  -0.0174988    0.430573
IMAGINARY
          0  -0.0195352  0.00530129   0.0255184
  0.0195352           0  0.00290535  0.00276322
-0.00530129 -0.00290535           0  0.00071798
 -0.0255184 -0.00276322 -0.00071798           0
EndNode1[0]<--->Repeater1[0]
REAL
   0.484433 -0.00385354  -0.0218876    0.353278
-0.00385354   0.0485679  0.00679907  0.00455768
 -0.0218876  0.00679907   0.0336239 -0.00449049
   0.353278  0.00455768 -0.00449049    0.433375
IMAGINARY
          0   0.0194446 -0.00430402 -0.00264093
 -0.0194446           0   0.0154614 -0.00696359
 0.00430402  -0.0154614           0  -0.0236699
 0.00264093  0.00696359   0.0236699           0
EndNode2[0]<--->HoM1[0]
REAL
   0.483617  -0.0105307 -0.00512164    0.329442
 -0.0105307    0.034076 -0.00180831 -0.00377029
-0.00512164 -0.00180831   0.0419397 -0.00930518
   0.329442 -0.00377029 -0.00930518    0.440367
IMAGINARY
          0  -0.0131408   0.0142947   0.0121362
  0.0131408           0 -0.00130814   0.0357053
 -0.0142947  0.00130814           0  -0.0106092
 -0.0121362  -0.0357053   0.0106092           0
Repeater1[0]<--->EndNode1[0]
REAL
   0.484433  -0.0218876 -0.00385354    0.353278
 -0.0218876   0.0336239  0.00679907 -0.00449049
-0.00385354  0.00679907   0.0485679  0.00455768
   0.353278 -0.00449049  0.00455768    0.433375
IMAGINARY
          0 -0.00430402   0.0194446 -0.00264093
 0.00430402           0  -0.0154614  -0.0236699
 -0.0194446   0.0154614           0 -0.00696359
 0.00264093   0.0236699  0.00696359           0
Repeater1[0]<--->HoM1[0]
REAL
   0.483617 -0.00512164  -0.0105307    0.329442
-0.00512164   0.0419397 -0.00180831 -0.00930518
 -0.0105307 -0.00180831    0.034076 -0.00377029
   0.329442 -0.00930518 -0.00377029    0.440367
IMAGINARY
          0   0.0142947  -0.0131408   0.0121362
 -0.0142947           0  0.00130814  -0.0106092
  0.0131408 -0.00130814           0   0.0357053
 -0.0121362   0.0106092  -0.0357053           0
EndNode1[0]<--->Repeater1[0]
REAL
   0.454194 -0.00859435  -0.0088013    0.316209
-0.00859435   0.0593548  0.00846583  -0.0119779
 -0.0088013  0.00846583    0.036129  0.00210084
   0.316209  -0.0119779  0.00210084    0.450323
IMAGINARY
          0 -0.00384479    0.011326   0.0187667
 0.00384479           0   0.0321767   0.0107034
  -0.011326  -0.0321767           0  -0.0101739
 -0.0187667  -0.0107034   0.0101739           0
EndNode2[0]<--->HoM1[0]
REAL
  0.466234 0.00913862  0.0128378   0.324077
0.00913862  0.0402597 0.00250552 0.00361792
 0.0128378 0.00250552  0.0376623  0.0237728
  0.324077 0.00361792  0.0237728   0.455844
IMAGINARY
           0  -0.00768859  0.000568165   -0.0138051
  0.00768859            0   0.00988868   0.00808696
-0.000568165  -0.00988868            0   0.00968593
   0.0138051  -0.00808696  -0.00968593            0
Repeater1[0]<--->EndNode1[0]
REAL
   0.454194  -0.0088013 -0.00859435    0.316209
 -0.0088013    0.036129  0.00846583  0.00210084
-0.00859435  0.00846583   0.0593548  -0.0119779
   0.316209  0.00210084  -0.0119779    0.450323
IMAGINARY
          0    0.011326 -0.00384479   0.0187667
  -0.011326           0  -0.0321767  -0.0101739
 0.00384479   0.0321767           0   0.0107034
 -0.0187667   0.0101739  -0.0107034           0
Repeater1[0]<--->HoM1[0]
REAL
  0.466234  0.0128378 0.00913862   0.324077
 0.0128378  0.0376623 0.00250552  0.0237728
0.00913862 0.00250552  0.0402597 0.00361792
  0.324077  0.0237728 0.00361792   0.455844
IMAGINARY
           0  0.000568165  -0.00768859   -0.0138051
-0.000568165            0  -0.00988868   0.00968593
  0.00768859   0.00988868            0   0.00808696
   0.0138051  -0.00968593  -0.00808696            0
EndNode1[0]<--->Repeater1[0]
REAL
   0.465057    0.004428 -0.00180345    0.340464
   0.004428   0.0444727 -0.00142757  0.00623945
-0.00180345 -0.00142757   0.0419314  0.00127542
   0.340464  0.00623945  0.00127542    0.448539
IMAGINARY
          0  0.00572356  0.00747541 -0.00925247
-0.00572356           0   0.0226624  -0.0128808
-0.00747541  -0.0226624           0  -0.0124803
 0.00925247   0.0128808   0.0124803           0
EndNode2[0]<--->HoM1[0]
REAL
    0.456384   -0.0165889  -0.00387261     0.349574
  -0.0165889    0.0442478   0.00148964 -0.000507869
 -0.00387261   0.00148964     0.045512    0.0159632
    0.349574 -0.000507869    0.0159632     0.453856
IMAGINARY
          0  0.00368705  -0.0152752  -0.0052674
-0.00368705           0  -0.0137199  0.00668865
  0.0152752   0.0137199           0 -0.00434756
  0.0052674 -0.00668865  0.00434756           0
Repeater1[0]<--->EndNode1[0]
REAL
   0.465057 -0.00180345    0.004428    0.340464
-0.00180345   0.0419314 -0.00142757  0.00127542
   0.004428 -0.00142757   0.0444727  0.00623945
   0.340464  0.00127542  0.00623945    0.448539
IMAGINARY
          0  0.00747541  0.00572356 -0.00925247
-0.00747541           0  -0.0226624  -0.0124803
-0.00572356   0.0226624           0  -0.0128808
 0.00925247   0.0124803   0.0128808           0
Repeater1[0]<--->HoM1[0]
REAL
    0.456384  -0.00387261   -0.0165889     0.349574
 -0.00387261     0.045512   0.00148964    0.0159632
  -0.0165889   0.00148964    0.0442478 -0.000507869
    0.349574    0.0159632 -0.000507869     0.453856
IMAGINARY
          0  -0.0152752  0.00368705  -0.0052674
  0.0152752           0   0.0137199 -0.00434756
-0.00368705  -0.0137199           0  0.00668865
  0.0052674  0.00434756 -0.00668865           0
EndNode1[0]<--->Repeater1[0]
REAL
  0.446541 0.00991072  0.0162999   0.316058
0.00991072  0.0352201  0.0166314 0.00107459
 0.0162999  0.0166314   0.036478 0.00231579
  0.316058 0.00107459 0.00231579   0.481761
IMAGINARY
           0 -0.000553093  -0.00356062   0.00321837
 0.000553093            0  -0.00129776   0.00929128
  0.00356062   0.00129776            0   -0.0166389
 -0.00321837  -0.00929128    0.0166389            0
EndNode2[0]<--->HoM1[0]
REAL
   0.479193  -0.0157471 -0.00298245    0.308235
 -0.0157471   0.0403531   0.0129136 -0.00485045
-0.00298245   0.0129136    0.035309 -0.00122423
   0.308235 -0.00485045 -0.00122423    0.445145
IMAGINARY
          0 -0.00329585  0.00663822  -0.0126606
 0.00329585           0    0.012022  0.00213371
-0.00663822   -0.012022           0 -0.00898485
  0.0126606 -0.00213371  0.00898485           0
Repeater1[0]<--->EndNode1[0]
REAL
  0.446541  0.0162999 0.00991072   0.316058
 0.0162999   0.036478  0.0166314 0.00231579
0.00991072  0.0166314  0.0352201 0.00107459
  0.316058 0.00231579 0.00107459   0.481761
IMAGINARY
           0  -0.00356062 -0.000553093   0.00321837
  0.00356062            0   0.00129776   -0.0166389
 0.000553093  -0.00129776            0   0.00929128
 -0.00321837    0.0166389  -0.00929128            0
Repeater1[0]<--->HoM1[0]
REAL
   0.479193 -0.00298245  -0.0157471    0.308235
-0.00298245    0.035309   0.0129136 -0.00122423
 -0.0157471   0.0129136   0.0403531 -0.00485045
   0.308235 -0.00122423 -0.00485045    0.445145
IMAGINARY
          0  0.00663822 -0.00329585  -0.0126606
-0.00663822           0   -0.012022 -0.00898485
 0.00329585    0.012022           0  0.00213371
  0.0126606  0.00898485 -0.00213371           0
EndNode1[0]<--->Repeater1[0]
REAL
    0.49214   0.0114185    0.016024    0.333748
  0.0114185   0.0350665 -0.00303945   0.0128474
   0.016024 -0.00303945   0.0399033  0.00564187
   0.333748   0.0128474  0.00564187     0.43289
IMAGINARY
           0   0.00295827 -0.000832962   -0.0119933
 -0.00295827            0  0.000794389   -0.0134157
 0.000832962 -0.000794389            0    0.0164718
   0.0119933    0.0134157   -0.0164718            0
EndNode2[0]<--->HoM1[0]
REAL
  0.453691 -0.0161899 -0.0104053    0.33522
-0.0161899  0.0255034  0.0160987 -0.0123764
-0.0104053  0.0160987  0.0322148 -0.0185823
   0.33522 -0.0123764 -0.0185823   0.488591
IMAGINARY
           0  -0.00322997     0.023236  0.000472725
  0.00322997            0    0.0100758    0.0193997
   -0.023236   -0.0100758            0  -0.00322997
-0.000472725   -0.0193997   0.00322997            0
Repeater1[0]<--->EndNode1[0]
REAL
    0.49214    0.016024   0.0114185    0.333748
   0.016024   0.0399033 -0.00303945  0.00564187
  0.0114185 -0.00303945   0.0350665   0.0128474
   0.333748  0.00564187   0.0128474     0.43289
IMAGINARY
           0 -0.000832962   0.00295827   -0.0119933
 0.000832962            0 -0.000794389    0.0164718
 -0.00295827  0.000794389            0   -0.0134157
   0.0119933   -0.0164718    0.0134157            0
Repeater1[0]<--->HoM1[0]
REAL
  0.453691 -0.0104053 -0.0161899    0.33522
-0.0104053  0.0322148  0.0160987 -0.0185823
-0.0161899  0.0160987  0.0255034 -0.0123764
   0.33522 -0.0185823 -0.0123764   0.488591
IMAGINARY
           0     0.023236  -0.00322997  0.000472725
   -0.023236            0   -0.0100758  -0.00322997
  0.00322997    0.0100758            0    0.0193997
-0.000472725   0.00322997   -0.0193997            0
EndNode1[0]<--->Repeater1[0]
REAL
    0.490074   0.00715976  -0.00418543     0.327696
  0.00715976     0.044665 -6.75671e-05  -0.00681701
 -0.00418543 -6.75671e-05    0.0397022    0.0026202
    0.327696  -0.00681701    0.0026202     0.425558
IMAGINARY
          0  -0.0178962 -0.00415451  -0.0112814
  0.0178962           0  -0.0195828  -0.0112697
 0.00415451   0.0195828           0   0.0204669
  0.0112814   0.0112697  -0.0204669           0
EndNode2[0]<--->HoM1[0]
REAL
  0.429274 0.00740629  0.0012217   0.330108
0.00740629  0.0479705  0.0104359 0.00186853
 0.0012217  0.0104359  0.0307503 -0.0104965
  0.330108 0.00186853 -0.0104965   0.492005
IMAGINARY
          0  -0.0199482   0.0232813  -0.0174603
  0.0199482           0  0.00715106 -0.00499632
 -0.0232813 -0.00715106           0 -0.00716407
  0.0174603  0.00499632  0.00716407           0
Repeater1[0]<--->EndNode1[0]
REAL
    0.490074  -0.00418543   0.00715976     0.327696
 -0.00418543    0.0397022 -6.75671e-05    0.0026202
  0.00715976 -6.75671e-05     0.044665  -0.00681701
    0.327696    0.0026202  -0.00681701     0.425558
IMAGINARY
          0 -0.00415451  -0.0178962  -0.0112814
 0.00415451           0   0.0195828   0.0204669
  0.0178962  -0.0195828           0  -0.0112697
  0.0112814  -0.0204669   0.0112697           0
Repeater1[0]<--->HoM1[0]
REAL
  0.429274  0.0012217 0.00740629   0.330108
 0.0012217  0.0307503  0.0104359 -0.0104965
0.00740629  0.0104359  0.0479705 0.00186853
  0.330108 -0.0104965 0.00186853   0.492005
IMAGINARY
          0   0.0232813  -0.0199482  -0.0174603
 -0.0232813           0 -0.00715106 -0.00716407
  0.0199482  0.00715106           0 -0.00499632
  0.0174603  0.00716407  0.00499632           0
EndNode1[0]<--->Repeater1[0]
REAL
   0.480888 -0.00881466    0.016255     0.32957
-0.00881466   0.0394575  0.00588918  0.00415313
   0.016255  0.00588918   0.0357583   0.0100902
    0.32957  0.00415313   0.0100902    0.443896
IMAGINARY
          0   0.0177841 -0.00983637 -0.00403769
 -0.0177841           0 -0.00201884   0.0207759
 0.00983637  0.00201884           0  -0.0119926
 0.00403769  -0.0207759   0.0119926           0
EndNode2[0]<--->HoM1[0]
REAL
   0.445466  -0.0333708  -0.0164818    0.331931
 -0.0333708   0.0354796   0.0052481 -0.00403098
 -0.0164818   0.0052481   0.0381078 -0.00893692
   0.331931 -0.00403098 -0.00893692    0.480946
IMAGINARY
          0  0.00393384  0.00244335  -0.0197411
-0.00393384           0 -0.00095319  0.00379106
-0.00244335  0.00095319           0 -0.00892137
  0.0197411 -0.00379106  0.00892137           0
Repeater1[0]<--->EndNode1[0]
REAL
   0.480888    0.016255 -0.00881466     0.32957
   0.016255   0.0357583  0.00588918   0.0100902
-0.00881466  0.00588918   0.0394575  0.00415313
    0.32957   0.0100902  0.00415313    0.443896
IMAGINARY
          0 -0.00983637   0.0177841 -0.00403769
 0.00983637           0  0.00201884  -0.0119926
 -0.0177841 -0.00201884           0   0.0207759
 0.00403769   0.0119926  -0.0207759           0
Repeater1[0]<--->HoM1[0]
REAL
   0.445466  -0.0164818  -0.0333708    0.331931
 -0.0164818   0.0381078   0.0052481 -0.00893692
 -0.0333708   0.0052481   0.0354796 -0.00403098
   0.331931 -0.00893692 -0.00403098    0.480946
IMAGINARY
          0  0.00244335  0.00393384  -0.0197411
-0.00244335           0  0.00095319 -0.00892137
-0.00393384 -0.00095319           0  0.00379106
  0.0197411  0.00892137 -0.00379106           0
EndNode1[0]<--->Repeater1[0]
REAL
    0.505602 -0.000705778 -0.000655933     0.331669
-0.000705778    0.0392157   0.00037275  -0.00322004
-0.000655933   0.00037275    0.0462185    -0.023842
    0.331669  -0.00322004    -0.023842     0.408964
IMAGINARY
          0   0.0155728   -0.011595   -0.020528
 -0.0155728           0   0.0108003  0.00181501
   0.011595  -0.0108003           0  0.00154215
   0.020528 -0.00181501 -0.00154215           0
EndNode2[0]<--->HoM1[0]
REAL
  0.477477 -0.0170009 -0.0159379    0.34685
-0.0170009   0.043758 0.00481209 -0.0109163
-0.0159379 0.00481209   0.045045 -0.0200835
   0.34685 -0.0109163 -0.0200835   0.433719
IMAGINARY
          0   0.0162175  -0.0221427   0.0225701
 -0.0162175           0 -0.00891602  -0.0103414
  0.0221427  0.00891602           0   0.0239098
 -0.0225701   0.0103414  -0.0239098           0
Repeater1[0]<--->EndNode1[0]
REAL
    0.505602 -0.000655933 -0.000705778     0.331669
-0.000655933    0.0462185   0.00037275    -0.023842
-0.000705778   0.00037275    0.0392157  -0.00322004
    0.331669    -0.023842  -0.00322004     0.408964
IMAGINARY
          0   -0.011595   0.0155728   -0.020528
   0.011595           0  -0.0108003  0.00154215
 -0.0155728   0.0108003           0  0.00181501
   0.020528 -0.00154215 -0.00181501           0
Repeater1[0]<--->HoM1[0]
REAL
  0.477477 -0.0159379 -0.0170009    0.34685
-0.0159379   0.045045 0.00481209 -0.0200835
-0.0170009 0.00481209   0.043758 -0.0109163
   0.34685 -0.0200835 -0.0109163   0.433719
IMAGINARY
          0  -0.0221427   0.0162175   0.0225701
  0.0221427           0  0.00891602   0.0239098
 -0.0162175 -0.00891602           0  -0.0103414
 -0.0225701  -0.0239098   0.0103414           0
EndNode1[0]<--->Repeater1[0]
REAL
   0.430556 -0.00419598  -0.0133314    0.339357
-0.00419598   0.0416667   0.0200183  -0.0127103
 -0.0133314   0.0200183   0.0416667  0.00680014
   0.339357  -0.0127103  0.00680014    0.486111
IMAGINARY
          0  0.00284929  0.00755001   0.0111495
-0.00284929           0 -0.00981618  0.00390037
-0.00755001  0.00981618           0 -0.00412156
 -0.0111495 -0.00390037  0.00412156           0
EndNode2[0]<--->HoM1[0]
REAL
   0.493606   0.0124748  0.00396674     0.32287
  0.0124748    0.028133 -0.00763876  0.00789344
 0.00396674 -0.00763876   0.0421995  -0.0106021
    0.32287  0.00789344  -0.0106021    0.436061
IMAGINARY
          0  0.00253778  0.00165374 -0.00986661
-0.00253778           0  0.00480332 -0.00360941
-0.00165374 -0.00480332           0  -0.0110124
 0.00986661  0.00360941   0.0110124           0
Repeater1[0]<--->EndNode1[0]
REAL
   0.430556  -0.0133314 -0.00419598    0.339357
 -0.0133314   0.0416667   0.0200183  0.00680014
-0.00419598   0.0200183   0.0416667  -0.0127103
   0.339357  0.00680014  -0.0127103    0.486111
IMAGINARY
          0  0.00755001  0.00284929   0.0111495
-0.00755001           0  0.00981618 -0.00412156
-0.00284929 -0.00981618           0  0.00390037
 -0.0111495  0.00412156 -0.00390037           0
Repeater1[0]<--->HoM1[0]
REAL
   0.493606  0.00396674   0.0124748     0.32287
 0.00396674   0.0421995 -0.00763876  -0.0106021
  0.0124748 -0.00763876    0.028133  0.00789344
    0.32287  -0.0106021  0.00789344    0.436061
IMAGINARY
          0  0.00165374  0.00253778 -0.00986661
-0.00165374           0 -0.00480332  -0.0110124
-0.00253778  0.00480332           0 -0.00360941
 0.00986661   0.0110124  0.00360941           0
EndNode1[0]<--->Repeater1[0]
REAL
   0.472149  -0.0148515  0.00291473    0.346582
 -0.0148515   0.0265252 -0.00162058  -0.0184186
 0.00291473 -0.00162058   0.0424403   0.0148515
   0.346582  -0.0184186   0.0148515    0.458886
IMAGINARY
          0   0.0218379   -0.019453  0.00198251
 -0.0218379           0  0.00515108  -0.0238226
   0.019453 -0.00515108           0  0.00812217
-0.00198251   0.0238226 -0.00812217           0
EndNode2[0]<--->HoM1[0]
REAL
   0.434949   0.0166258  0.00116947    0.340005
  0.0166258   0.0280612   0.0209221 -0.00183173
 0.00116947   0.0209221   0.0306122   0.0078775
   0.340005 -0.00183173   0.0078775    0.506378
IMAGINARY
           0 -0.000526516  -0.00351873     0.011389
 0.000526516            0     0.016611    0.0165299
  0.00351873    -0.016611            0   -0.0174413
   -0.011389   -0.0165299    0.0174413            0
Repeater1[0]<--->EndNode1[0]
REAL
   0.472149  0.00291473  -0.0148515    0.346582
 0.00291473   0.0424403 -0.00162058   0.0148515
 -0.0148515 -0.00162058   0.0265252  -0.0184186
   0.346582   0.0148515  -0.0184186    0.458886
IMAGINARY
          0   -0.019453   0.0218379  0.00198251
   0.019453           0 -0.00515108  0.00812217
 -0.0218379  0.00515108           0  -0.0238226
-0.00198251 -0.00812217   0.0238226           0
Repeater1[0]<--->HoM1[0]
REAL
   0.434949  0.00116947   0.0166258    0.340005
 0.00116947   0.0306122   0.0209221   0.0078775
  0.0166258   0.0209221   0.0280612 -0.00183173
   0.340005   0.0078775 -0.00183173    0.506378
IMAGINARY
           0  -0.00351873 -0.000526516     0.011389
  0.00351873            0    -0.016611   -0.0174413
 0.000526516     0.016611            0    0.0165299
   -0.011389    0.0174413   -0.0165299            0
EndNode1[0]<--->Repeater1[0]
REAL
   0.465806   0.0158665 -0.00818325    0.316466
  0.0158665   0.0490323 -0.00918809 9.70007e-05
-0.00818325 -0.00918809   0.0425806 -0.00104171
   0.316466 9.70007e-05 -0.00104171    0.442581
IMAGINARY
          0 -0.00755831   0.0197451  -0.0186341
 0.00755831           0   0.0338594 -0.00791447
 -0.0197451  -0.0338594           0 -0.00178167
  0.0186341  0.00791447  0.00178167           0
EndNode2[0]<--->HoM1[0]
REAL
   0.472042 -0.00919446  -0.0133206    0.326424
-0.00919446   0.0416125  0.00450636   0.0113547
 -0.0133206  0.00450636   0.0429129 -0.00980947
   0.326424   0.0113547 -0.00980947    0.443433
IMAGINARY
          0  0.00732383 -0.00342466 -0.00948104
-0.00732383           0  0.00176896 -0.00342466
 0.00342466 -0.00176896           0   0.0104844
 0.00948104  0.00342466  -0.0104844           0
Repeater1[0]<--->EndNode1[0]
REAL
   0.465806 -0.00818325   0.0158665    0.316466
-0.00818325   0.0425806 -0.00918809 -0.00104171
  0.0158665 -0.00918809   0.0490323 9.70007e-05
   0.316466 -0.00104171 9.70007e-05    0.442581
IMAGINARY
          0   0.0197451 -0.00755831  -0.0186341
 -0.0197451           0  -0.0338594 -0.00178167
 0.00755831   0.0338594           0 -0.00791447
  0.0186341  0.00178167  0.00791447           0
Repeater1[0]<--->HoM1[0]
REAL
   0.472042  -0.0133206 -0.00919446    0.326424
 -0.0133206   0.0429129  0.00450636 -0.00980947
-0.00919446  0.00450636   0.0416125   0.0113547
   0.326424 -0.00980947   0.0113547    0.443433
IMAGINARY
          0 -0.00342466  0.00732383 -0.00948104
 0.00342466           0 -0.00176896   0.0104844
-0.00732383  0.00176896           0 -0.00342466
 0.00948104  -0.0104844  0.00342466           0
EndNode1[0]<--->Repeater1[0]
REAL
  0.469415  0.0239022 0.00808999   0.341119
 0.0239022  0.0425532  0.0123608 0.00106752
0.00808999  0.0123608   0.043883  0.0170013
  0.341119 0.00106752  0.0170013   0.444149
IMAGINARY
          0  0.00265601   -0.019688  -0.0173407
-0.00265601           0 -0.00186455   -0.031946
   0.019688  0.00186455           0  0.00584072
  0.0173407    0.031946 -0.00584072           0
EndNode2[0]<--->HoM1[0]
REAL
    0.493116   0.00651728 -0.000808286     0.315937
  0.00651728    0.0325407  -0.00628537     0.024937
-0.000808286  -0.00628537    0.0387985  -0.00115535
    0.315937     0.024937  -0.00115535     0.435544
IMAGINARY
          0   0.0218983  -0.0123903  0.00431435
 -0.0218983           0 -0.00876162 -0.00525673
  0.0123903  0.00876162           0  -0.0120943
-0.00431435  0.00525673   0.0120943           0
Repeater1[0]<--->EndNode1[0]
REAL
  0.469415 0.00808999  0.0239022   0.341119
0.00808999   0.043883  0.0123608  0.0170013
 0.0239022  0.0123608  0.0425532 0.00106752
  0.341119  0.0170013 0.00106752   0.444149
IMAGINARY
          0   -0.019688  0.00265601  -0.0173407
   0.019688           0  0.00186455  0.00584072
-0.00265601 -0.00186455           0   -0.031946
  0.0173407 -0.00584072    0.031946           0
Repeater1[0]<--->HoM1[0]
REAL
    0.493116 -0.000808286   0.00651728     0.315937
-0.000808286    0.0387985  -0.00628537  -0.00115535
  0.00651728  -0.00628537    0.0325407     0.024937
    0.315937  -0.00115535     0.024937     0.435544
IMAGINARY
          0  -0.0123903   0.0218983  0.00431435
  0.0123903           0  0.00876162  -0.0120943
 -0.0218983 -0.00876162           0 -0.00525673
-0.00431435   0.0120943  0.00525673           0
EndNode1[0]<--->Repeater1[0]
REAL
    0.465409   -0.0017838   0.00257532     0.353353
  -0.0017838    0.0465409    0.0116539 -0.000609395
  0.00257532    0.0116539    0.0402516   -0.0106671
    0.353353 -0.000609395   -0.0106671     0.447799
IMAGINARY
           0    -0.002574   -0.0139586  0.000322997
    0.002574            0   -0.0274548     0.010741
   0.0139586    0.0274548            0    0.0148005
-0.000322997    -0.010741   -0.0148005            0
EndNode2[0]<--->HoM1[0]
REAL
   0.444138   0.0124176  -0.0157619    0.345092
  0.0124176   0.0496552  0.00278871 -0.00294136
 -0.0157619  0.00278871   0.0331034  -0.0286271
   0.345092 -0.00294136  -0.0286271    0.473103
IMAGINARY
          0 -0.00995555 -0.00929618  0.00745755
 0.00995555           0   0.0117732  0.00491571
 0.00929618  -0.0117732           0   0.0293548
-0.00745755 -0.00491571  -0.0293548           0
Repeater1[0]<--->EndNode1[0]
REAL
    0.465409   0.00257532   -0.0017838     0.353353
  0.00257532    0.0402516    0.0116539   -0.0106671
  -0.0017838    0.0116539    0.0465409 -0.000609395
    0.353353   -0.0106671 -0.000609395     0.447799
IMAGINARY
           0   -0.0139586    -0.002574  0.000322997
   0.0139586            0    0.0274548    0.0148005
    0.002574   -0.0274548            0     0.010741
-0.000322997   -0.0148005    -0.010741            0
Repeater1[0]<--->HoM1[0]
REAL
   0.444138  -0.0157619   0.0124176    0.345092
 -0.0157619   0.0331034  0.00278871  -0.0286271
  0.0124176  0.00278871   0.0496552 -0.00294136
   0.345092  -0.0286271 -0.00294136    0.473103
IMAGINARY
          0 -0.00929618 -0.00995555  0.00745755
 0.00929618           0  -0.0117732   0.0293548
 0.00995555   0.0117732           0  0.00491571
-0.00745755  -0.0293548 -0.00491571           0
EndNode1[0]<--->Repeater1[0]
REAL
   0.457908  -0.0196207  0.00390187    0.334659
 -0.0196207   0.0293367 0.000203736   -0.018974
 0.00390187 0.000203736   0.0331633  0.00979107
   0.334659   -0.018974  0.00979107    0.479592
IMAGINARY
          0  0.00990206   0.0100429 -0.00741804
-0.00990206           0   0.0232208 -0.00533226
 -0.0100429  -0.0232208           0  0.00557573
 0.00741804  0.00533226 -0.00557573           0
EndNode2[0]<--->HoM1[0]
REAL
   0.461738  0.00645164  0.00168072    0.327195
 0.00645164   0.0350195 -0.00235037   0.0200584
 0.00168072 -0.00235037   0.0518807  0.00907631
   0.327195   0.0200584  0.00907631    0.451362
IMAGINARY
           0 -0.000831188   0.00562338   0.00172375
 0.000831188            0    0.0166009   -0.0106739
 -0.00562338   -0.0166009            0   -0.0130577
 -0.00172375    0.0106739    0.0130577            0
Repeater1[0]<--->EndNode1[0]
REAL
   0.457908  0.00390187  -0.0196207    0.334659
 0.00390187   0.0331633 0.000203736  0.00979107
 -0.0196207 0.000203736   0.0293367   -0.018974
   0.334659  0.00979107   -0.018974    0.479592
IMAGINARY
          0   0.0100429  0.00990206 -0.00741804
 -0.0100429           0  -0.0232208  0.00557573
-0.00990206   0.0232208           0 -0.00533226
 0.00741804 -0.00557573  0.00533226           0
Repeater1[0]<--->HoM1[0]
REAL
   0.461738  0.00168072  0.00645164    0.327195
 0.00168072   0.0518807 -0.00235037  0.00907631
 0.00645164 -0.00235037   0.0350195   0.0200584
   0.327195  0.00907631   0.0200584    0.451362
IMAGINARY
           0   0.00562338 -0.000831188   0.00172375
 -0.00562338            0   -0.0166009   -0.0130577
 0.000831188    0.0166009            0   -0.0106739
 -0.00172375    0.0130577    0.0106739            0
EndNode1[0]<--->Repeater1[0]
REAL
    0.508176   0.00590232  -0.00885811     0.335042
  0.00590232    0.0415094    0.0100101   0.00755603
 -0.00885811    0.0100101    0.0389937 -0.000693986
    0.335042   0.00755603 -0.000693986     0.411321
IMAGINARY
          0   0.0274585 -0.00133976   0.0164878
 -0.0274585           0 -0.00910523   0.0109183
 0.00133976  0.00910523           0  -0.0204342
 -0.0164878  -0.0109183   0.0204342           0
EndNode2[0]<--->HoM1[0]
REAL
   0.455826  0.00848146 -0.00604878    0.346537
 0.00848146   0.0473752    0.015001   0.0252795
-0.00604878    0.015001   0.0409731   0.0184416
   0.346537   0.0252795   0.0184416    0.455826
IMAGINARY
           0   -0.0312667    0.0219293  4.58385e-05
   0.0312667            0    0.0123611    0.0252405
  -0.0219293   -0.0123611            0   -0.0280325
-4.58385e-05   -0.0252405    0.0280325            0
Repeater1[0]<--->EndNode1[0]
REAL
    0.508176  -0.00885811   0.00590232     0.335042
 -0.00885811    0.0389937    0.0100101 -0.000693986
  0.00590232    0.0100101    0.0415094   0.00755603
    0.335042 -0.000693986   0.00755603     0.411321
IMAGINARY
          0 -0.00133976   0.0274585   0.0164878
 0.00133976           0  0.00910523  -0.0204342
 -0.0274585 -0.00910523           0   0.0109183
 -0.0164878   0.0204342  -0.0109183           0
Repeater1[0]<--->HoM1[0]
REAL
   0.455826 -0.00604878  0.00848146    0.346537
-0.00604878   0.0409731    0.015001   0.0184416
 0.00848146    0.015001   0.0473752   0.0252795
   0.346537   0.0184416   0.0252795    0.455826
IMAGINARY
           0    0.0219293   -0.0312667  4.58385e-05
  -0.0219293            0   -0.0123611   -0.0280325
   0.0312667    0.0123611            0    0.0252405
-4.58385e-05    0.0280325   -0.0252405            0
EndNode1[0]<--->Repeater1[0]
REAL
    0.498756   0.00592884 -0.000631832     0.336148
  0.00592884    0.0335821   0.00396067  -0.00749825
-0.000631832   0.00396067    0.0323383    -0.016769
    0.336148  -0.00749825    -0.016769     0.435323
IMAGINARY
           0   -0.0264164    0.0265692    0.0107008
   0.0264164            0  -0.00571331  0.000253384
  -0.0265692   0.00571331            0     0.013349
  -0.0107008 -0.000253384    -0.013349            0
EndNode2[0]<--->HoM1[0]
REAL
   0.461103 -0.00545133  -0.0240089    0.331491
-0.00545133   0.0282885   0.0173318   0.0295851
 -0.0240089   0.0173318   0.0480905   0.0035926
   0.331491   0.0295851   0.0035926    0.462518
IMAGINARY
          0   0.0028405  0.00952504  -0.0224268
 -0.0028405           0   0.0135209 -0.00762871
-0.00952504  -0.0135209           0  0.00916961
  0.0224268  0.00762871 -0.00916961           0
Repeater1[0]<--->EndNode1[0]
REAL
    0.498756 -0.000631832   0.00592884     0.336148
-0.000631832    0.0323383   0.00396067    -0.016769
  0.00592884   0.00396067    0.0335821  -0.00749825
    0.336148    -0.016769  -0.00749825     0.435323
IMAGINARY
           0    0.0265692   -0.0264164    0.0107008
  -0.0265692            0   0.00571331     0.013349
   0.0264164  -0.00571331            0  0.000253384
  -0.0107008    -0.013349 -0.000253384            0
Repeater1[0]<--->HoM1[0]
REAL
   0.461103  -0.0240089 -0.00545133    0.331491
 -0.0240089   0.0480905   0.0173318   0.0035926
-0.00545133   0.0173318   0.0282885   0.0295851
   0.331491   0.0035926   0.0295851    0.462518
IMAGINARY
          0  0.00952504   0.0028405  -0.0224268
-0.00952504           0  -0.0135209  0.00916961
 -0.0028405   0.0135209           0 -0.00762871
  0.0224268 -0.00916961  0.00762871           0
EndNode1[0]<--->Repeater1[0]
REAL
   0.483029 -0.00875689 -0.00323977    0.331743
-0.00875689    0.035248  0.00910178   0.0173243
-0.00323977  0.00910178   0.0339426   0.0129822
   0.331743   0.0173243   0.0129822    0.447781
IMAGINARY
          0  -0.0153506   0.0198491   0.0107323
  0.0153506           0  0.00634085   0.0185157
 -0.0198491 -0.00634085           0 -0.00917773
 -0.0107323  -0.0185157  0.00917773           0
EndNode2[0]<--->HoM1[0]
REAL
     0.47014   0.00532693   0.00748761     0.330078
  0.00532693    0.0419314 -0.000291062   0.00815695
  0.00748761 -0.000291062    0.0381194   0.00781449
    0.330078   0.00815695   0.00781449     0.449809
IMAGINARY
          0   0.0159972  -0.0139442  0.00599715
 -0.0159972           0 -0.00472164 -0.00725967
  0.0139442  0.00472164           0  0.00794264
-0.00599715  0.00725967 -0.00794264           0
Repeater1[0]<--->EndNode1[0]
REAL
   0.483029 -0.00323977 -0.00875689    0.331743
-0.00323977   0.0339426  0.00910178   0.0129822
-0.00875689  0.00910178    0.035248   0.0173243
   0.331743   0.0129822   0.0173243    0.447781
IMAGINARY
          0   0.0198491  -0.0153506   0.0107323
 -0.0198491           0 -0.00634085 -0.00917773
  0.0153506  0.00634085           0   0.0185157
 -0.0107323  0.00917773  -0.0185157           0
Repeater1[0]<--->HoM1[0]
REAL
     0.47014   0.00748761   0.00532693     0.330078
  0.00748761    0.0381194 -0.000291062   0.00781449
  0.00532693 -0.000291062    0.0419314   0.00815695
    0.330078   0.00781449   0.00815695     0.449809
IMAGINARY
          0  -0.0139442   0.0159972  0.00599715
  0.0139442           0  0.00472164  0.00794264
 -0.0159972 -0.00472164           0 -0.00725967
-0.00599715 -0.00794264  0.00725967           0
EndNode1[0]<--->Repeater1[0]
REAL
   0.481622 -0.00550676   0.0215118    0.336383
-0.00550676   0.0392902   0.0150898  0.00345622
  0.0215118   0.0150898   0.0430925  0.00230574
   0.336383  0.00345622  0.00230574    0.435995
IMAGINARY
           0    0.0259906   -0.0224981   0.00183672
  -0.0259906            0   0.00491175  0.000318096
   0.0224981  -0.00491175            0    -0.022822
 -0.00183672 -0.000318096     0.022822            0
EndNode2[0]<--->HoM1[0]
REAL
  0.471545 -0.0064538 -0.0083383   0.334323
-0.0064538  0.0284553  0.0129862  0.0152219
-0.0083383  0.0129862  0.0406504 0.00833115
  0.334323  0.0152219 0.00833115    0.45935
IMAGINARY
          0  -0.0143385  0.00640318 -0.00293291
  0.0143385           0  0.00944333  0.00902098
-0.00640318 -0.00944333           0   -0.028078
 0.00293291 -0.00902098    0.028078           0
Repeater1[0]<--->EndNode1[0]
REAL
   0.481622   0.0215118 -0.00550676    0.336383
  0.0215118   0.0430925   0.0150898  0.00230574
-0.00550676   0.0150898   0.0392902  0.00345622
   0.336383  0.00230574  0.00345622    0.435995
IMAGINARY
           0   -0.0224981    0.0259906   0.00183672
   0.0224981            0  -0.00491175    -0.022822
  -0.0259906   0.00491175            0  0.000318096
 -0.00183672     0.022822 -0.000318096            0
Repeater1[0]<--->HoM1[0]
REAL
  0.471545 -0.0083383 -0.0064538   0.334323
-0.0083383  0.0406504  0.0129862 0.00833115
-0.0064538  0.0129862  0.0284553  0.0152219
  0.334323 0.00833115  0.0152219    0.45935
IMAGINARY
          0  0.00640318  -0.0143385 -0.00293291
-0.00640318           0 -0.00944333   -0.028078
  0.0143385  0.00944333           0  0.00902098
 0.00293291    0.028078 -0.00902098           0
EndNode1[0]<--->Repeater1[0]
REAL
    0.501285   0.00517141   -0.0113041     0.309017
  0.00517141    0.0347044  -0.00800956  -0.00884707
  -0.0113041  -0.00800956    0.0321337 -0.000133628
    0.309017  -0.00884707 -0.000133628     0.431877
IMAGINARY
           0    0.0137717 -0.000949753 -0.000235657
  -0.0137717            0  -0.00875466  -0.00603881
 0.000949753   0.00875466            0  -0.00932443
 0.000235657   0.00603881   0.00932443            0
EndNode2[0]<--->HoM1[0]
REAL
   0.515476  0.00552807  -0.0140967    0.316216
 0.00552807   0.0321429 0.000810819   0.0172733
 -0.0140967 0.000810819   0.0416667   0.0179789
   0.316216   0.0172733   0.0179789    0.410714
IMAGINARY
           0   -0.0198212   0.00661938 -0.000350596
   0.0198212            0    0.0269463    0.0046688
 -0.00661938   -0.0269463            0    0.0125171
 0.000350596   -0.0046688   -0.0125171            0
Repeater1[0]<--->EndNode1[0]
REAL
    0.501285   -0.0113041   0.00517141     0.309017
  -0.0113041    0.0321337  -0.00800956 -0.000133628
  0.00517141  -0.00800956    0.0347044  -0.00884707
    0.309017 -0.000133628  -0.00884707     0.431877
IMAGINARY
           0 -0.000949753    0.0137717 -0.000235657
 0.000949753            0   0.00875466  -0.00932443
  -0.0137717  -0.00875466            0  -0.00603881
 0.000235657   0.00932443   0.00603881            0
Repeater1[0]<--->HoM1[0]
REAL
   0.515476  -0.0140967  0.00552807    0.316216
 -0.0140967   0.0416667 0.000810819   0.0179789
 0.00552807 0.000810819   0.0321429   0.0172733
   0.316216   0.0179789   0.0172733    0.410714
IMAGINARY
           0   0.00661938   -0.0198212 -0.000350596
 -0.00661938            0   -0.0269463    0.0125171
   0.0198212    0.0269463            0    0.0046688
 0.000350596   -0.0125171   -0.0046688            0
EndNode1[0]<--->Repeater1[0]
REAL
  0.451654 -0.0226496 0.00462312   0.348649
-0.0226496  0.0330789  0.0132372  0.0093211
0.00462312  0.0132372  0.0407125 0.00206525
  0.348649  0.0093211 0.00206525   0.474555
IMAGINARY
          0  -0.0133731   0.0223752  -0.0144567
  0.0133731           0 -0.00282881   0.0038093
 -0.0223752  0.00282881           0 -0.00533017
  0.0144567  -0.0038093  0.00533017           0
EndNode2[0]<--->HoM1[0]
REAL
   0.479087 -0.00542502 -0.00681307    0.328027
-0.00542502   0.0405577  0.00984473 -0.00185029
-0.00681307  0.00984473   0.0443599  -0.0119017
   0.328027 -0.00185029  -0.0119017    0.435995
IMAGINARY
          0  0.00854745   0.0127896  -0.0136578
-0.00854745           0 -0.00393016   0.0168547
 -0.0127896  0.00393016           0 -0.00393612
  0.0136578  -0.0168547  0.00393612           0
Repeater1[0]<--->EndNode1[0]
REAL
  0.451654 0.00462312 -0.0226496   0.348649
0.00462312  0.0407125  0.0132372 0.00206525
-0.0226496  0.0132372  0.0330789  0.0093211
  0.348649 0.00206525  0.0093211   0.474555
IMAGINARY
          0   0.0223752  -0.0133731  -0.0144567
 -0.0223752           0  0.00282881 -0.00533017
  0.0133731 -0.00282881           0   0.0038093
  0.0144567  0.00533017  -0.0038093           0
Repeater1[0]<--->HoM1[0]
REAL
   0.479087 -0.00681307 -0.00542502    0.328027
-0.00681307   0.0443599  0.00984473  -0.0119017
-0.00542502  0.00984473   0.0405577 -0.00185029
   0.328027  -0.0119017 -0.00185029    0.435995
IMAGINARY
          0   0.0127896  0.00854745  -0.0136578
 -0.0127896           0  0.00393016 -0.00393612
-0.00854745 -0.00393016           0   0.0168547
  0.0136578  0.00393612  -0.0168547           0
EndNode1[0]<--->Repeater1[0]
REAL
   0.477912  -0.0164111   0.0164726    0.336902
 -0.0164111    0.042838  0.00803876  -0.0171296
  0.0164726  0.00803876   0.0468541 -0.00527088
   0.336902  -0.0171296 -0.00527088    0.432396
IMAGINARY
          0  0.00922602  0.00574713  0.00661554
-0.00922602           0 -0.00226771  -0.0178799
-0.00574713  0.00226771           0  0.00801536
-0.00661554   0.0178799 -0.00801536           0
EndNode2[0]<--->HoM1[0]
REAL
  0.475624  0.0245397  0.0100363   0.326223
 0.0245397  0.0558859  0.0152715 0.00671626
 0.0100363  0.0152715  0.0332937 -0.0142304
  0.326223 0.00671626 -0.0142304   0.435196
IMAGINARY
          0 -0.00895457 -0.00230763  -0.0156798
 0.00895457           0 -0.00515351   0.0251238
 0.00230763  0.00515351           0  0.00569511
  0.0156798  -0.0251238 -0.00569511           0
Repeater1[0]<--->EndNode1[0]
REAL
   0.477912   0.0164726  -0.0164111    0.336902
  0.0164726   0.0468541  0.00803876 -0.00527088
 -0.0164111  0.00803876    0.042838  -0.0171296
   0.336902 -0.00527088  -0.0171296    0.432396
IMAGINARY
          0  0.00574713  0.00922602  0.00661554
-0.00574713           0  0.00226771  0.00801536
-0.00922602 -0.00226771           0  -0.0178799
-0.00661554 -0.00801536   0.0178799           0
Repeater1[0]<--->HoM1[0]
REAL
  0.475624  0.0100363  0.0245397   0.326223
 0.0100363  0.0332937  0.0152715 -0.0142304
 0.0245397  0.0152715  0.0558859 0.00671626
  0.326223 -0.0142304 0.00671626   0.435196
IMAGINARY
          0 -0.00230763 -0.00895457  -0.0156798
 0.00230763           0  0.00515351  0.00569511
 0.00895457 -0.00515351           0   0.0251238
  0.0156798 -0.00569511  -0.0251238           0
EndNode1[0]<--->Repeater1[0]
REAL
   0.469231  0.00247507  0.00914096    0.342033
 0.00247507   0.0448718 -0.00953931  0.00597239
 0.00914096 -0.00953931   0.0384615  0.00634105
   0.342033  0.00597239  0.00634105    0.447436
IMAGINARY
           0   -0.0123431 -0.000283495  -0.00509979
   0.0123431            0    0.0116787   -0.0166976
