EndNode1[0]<--->Repeater1[0]
REAL
    0.319176   0.00845854 -0.000530145     0.033044
  0.00845854     0.203346  -0.00984814    0.0121281
-0.000530145  -0.00984814     0.208494   0.00313939
    0.033044    0.0121281   0.00313939     0.268983
IMAGINARY
           0   -0.0143459   0.00550722  -0.00798583
   0.0143459            0   0.00531204 -0.000605254
 -0.00550722  -0.00531204            0   -0.0162914
  0.00798583  0.000605254    0.0162914            0
EndNode2[0]<--->HoM1[0]
REAL
   0.285533 -0.00915581 -0.00774169   0.0615821
-0.00915581    0.224619  -0.0199687  -0.0274696
-0.00774169  -0.0199687    0.241117   0.0226001
  0.0615821  -0.0274696   0.0226001    0.248731
IMAGINARY
          0           0   -0.012697   0.0292186
          0           0  0.00277634  -0.0153779
   0.012697 -0.00277634           0           0
 -0.0292186   0.0153779           0           0
Repeater1[0]<--->EndNode1[0]
REAL
    0.319176 -0.000530145   0.00845854     0.033044
-0.000530145     0.208494  -0.00984814   0.00313939
  0.00845854  -0.00984814     0.203346    0.0121281
    0.033044   0.00313939    0.0121281     0.268983
IMAGINARY
           0   0.00550722   -0.0143459  -0.00798583
 -0.00550722            0  -0.00531204   -0.0162914
   0.0143459   0.00531204            0 -0.000605254
  0.00798583    0.0162914  0.000605254            0
Repeater1[0]<--->HoM1[0]
REAL
   0.285533 -0.00774169 -0.00915581   0.0615821
-0.00774169    0.241117  -0.0199687   0.0226001
-0.00915581  -0.0199687    0.224619  -0.0274696
  0.0615821   0.0226001  -0.0274696    0.248731
IMAGINARY
          0   -0.012697           0   0.0292186
   0.012697           0 -0.00277634           0
          0  0.00277634           0  -0.0153779
 -0.0292186           0   0.0153779           0
EndNode1[0]<--->Repeater1[0]
REAL
  0.306633  0.0220956 0.00499762  0.0482964
 0.0220956   0.181477 -0.0225749 -0.0118985
0.00499762 -0.0225749   0.251564  0.0036259
 0.0482964 -0.0118985  0.0036259   0.260325
IMAGINARY
          0  0.00469926  -0.0192823   0.0155906
-0.00469926           0 -0.00481752  0.00302742
  0.0192823  0.00481752           0 -0.00404906
 -0.0155906 -0.00302742  0.00404906           0
EndNode2[0]<--->HoM1[0]
REAL
    0.337679    0.0332875   0.00761108    0.0656398
   0.0332875     0.219035 -0.000422392   0.00885796
  0.00761108 -0.000422392     0.196871   0.00162683
   0.0656398   0.00885796   0.00162683     0.246415
IMAGINARY
          0 -0.00143908   0.0291451  -0.0230746
 0.00143908           0  -0.0217623    0.013601
 -0.0291451   0.0217623           0   0.0118018
  0.0230746   -0.013601  -0.0118018           0
Repeater1[0]<--->EndNode1[0]
REAL
  0.306633 0.00499762  0.0220956  0.0482964
0.00499762   0.251564 -0.0225749  0.0036259
 0.0220956 -0.0225749   0.181477 -0.0118985
 0.0482964  0.0036259 -0.0118985   0.260325
IMAGINARY
          0  -0.0192823  0.00469926   0.0155906
  0.0192823           0  0.00481752 -0.00404906
-0.00469926 -0.00481752           0  0.00302742
 -0.0155906  0.00404906 -0.00302742           0
Repeater1[0]<--->HoM1[0]
REAL
    0.337679   0.00761108    0.0332875    0.0656398
  0.00761108     0.196871 -0.000422392   0.00162683
   0.0332875 -0.000422392     0.219035   0.00885796
   0.0656398   0.00162683   0.00885796     0.246415
IMAGINARY
          0   0.0291451 -0.00143908  -0.0230746
 -0.0291451           0   0.0217623   0.0118018
 0.00143908  -0.0217623           0    0.013601
  0.0230746  -0.0118018   -0.013601           0
EndNode1[0]<--->Repeater1[0]
REAL
   0.319285   0.0108675  0.00483356   0.0386149
  0.0108675    0.204342  -0.0105103 -0.00679435
 0.00483356  -0.0105103    0.226054  0.00155077
  0.0386149 -0.00679435  0.00155077    0.250319
IMAGINARY
          0  -0.0037567  -0.0110875 -0.00872129
  0.0037567           0  0.00379518 -0.00842795
  0.0110875 -0.00379518           0  -0.0076834
 0.00872129  0.00842795   0.0076834           0
EndNode2[0]<--->HoM1[0]
REAL
   0.283715   0.0200581  0.00941428   0.0542597
  0.0200581    0.222646  0.00856079 -0.00300402
 0.00941428  0.00856079    0.223919 -0.00210938
  0.0542597 -0.00300402 -0.00210938     0.26972
IMAGINARY
          0 -0.00541387  0.00339654  -0.0154254
 0.00541387           0   0.0075925   -0.010117
-0.00339654  -0.0075925           0  -0.0066829
  0.0154254    0.010117   0.0066829           0
Repeater1[0]<--->EndNode1[0]
REAL
   0.319285  0.00483356   0.0108675   0.0386149
 0.00483356    0.226054  -0.0105103  0.00155077
  0.0108675  -0.0105103    0.204342 -0.00679435
  0.0386149  0.00155077 -0.00679435    0.250319
IMAGINARY
          0  -0.0110875  -0.0037567 -0.00872129
  0.0110875           0 -0.00379518  -0.0076834
  0.0037567  0.00379518           0 -0.00842795
 0.00872129   0.0076834  0.00842795           0
Repeater1[0]<--->HoM1[0]
REAL
   0.283715  0.00941428   0.0200581   0.0542597
 0.00941428    0.223919  0.00856079 -0.00210938
  0.0200581  0.00856079    0.222646 -0.00300402
  0.0542597 -0.00210938 -0.00300402     0.26972
IMAGINARY
          0  0.00339654 -0.00541387  -0.0154254
-0.00339654           0  -0.0075925  -0.0066829
 0.00541387   0.0075925           0   -0.010117
  0.0154254   0.0066829    0.010117           0
EndNode1[0]<--->Repeater1[0]
REAL
   0.297767   -0.017205   0.0077418   0.0848422
  -0.017205     0.19603  -0.0172384   0.0089918
  0.0077418  -0.0172384    0.254342 -0.00488335
  0.0848422   0.0089918 -0.00488335    0.251861
IMAGINARY
          0   0.0151029 -0.00946187  -0.0119631
 -0.0151029           0  0.00205558  0.00100933
 0.00946187 -0.00205558           0   0.0037528
  0.0119631 -0.00100933  -0.0037528           0
EndNode2[0]<--->HoM1[0]
REAL
   0.311475  0.00897864  -0.0103591   0.0419782
 0.00897864    0.208071 -0.00512321 -0.00438296
 -0.0103591 -0.00512321     0.21942  0.00699188
  0.0419782 -0.00438296  0.00699188    0.261034
IMAGINARY
           0   -0.0364454 -0.000166583   -0.0101818
   0.0364454            0   0.00576823    0.0170748
 0.000166583  -0.00576823            0    0.0110831
   0.0101818   -0.0170748   -0.0110831            0
Repeater1[0]<--->EndNode1[0]
REAL
   0.297767   0.0077418   -0.017205   0.0848422
  0.0077418    0.254342  -0.0172384 -0.00488335
  -0.017205  -0.0172384     0.19603   0.0089918
  0.0848422 -0.00488335   0.0089918    0.251861
IMAGINARY
          0 -0.00946187   0.0151029  -0.0119631
 0.00946187           0 -0.00205558   0.0037528
 -0.0151029  0.00205558           0  0.00100933
  0.0119631  -0.0037528 -0.00100933           0
Repeater1[0]<--->HoM1[0]
REAL
   0.311475  -0.0103591  0.00897864   0.0419782
 -0.0103591     0.21942 -0.00512321  0.00699188
 0.00897864 -0.00512321    0.208071 -0.00438296
  0.0419782  0.00699188 -0.00438296    0.261034
IMAGINARY
           0 -0.000166583   -0.0364454   -0.0101818
 0.000166583            0  -0.00576823    0.0110831
   0.0364454   0.00576823            0    0.0170748
   0.0101818   -0.0110831   -0.0170748            0
EndNode1[0]<--->Repeater1[0]
REAL
   0.296482 -0.00254961  -0.0234172   0.0398298
-0.00254961    0.175879  0.00913927  -0.0010673
 -0.0234172  0.00913927    0.278894 -0.00389369
  0.0398298  -0.0010673 -0.00389369    0.248744
IMAGINARY
          0   0.0100168  -0.0105026   0.0155591
 -0.0100168           0  0.00349477 -0.00228514
  0.0105026 -0.00349477           0   0.0142799
 -0.0155591  0.00228514  -0.0142799           0
EndNode2[0]<--->HoM1[0]
REAL
   0.28776 0.00195618  0.0151149  0.0461885
0.00195618   0.217448 0.00431656 -0.0125896
 0.0151149 0.00431656   0.231771  0.0384479
 0.0461885 -0.0125896  0.0384479   0.263021
IMAGINARY
          0  -0.0111213  -0.0130906  -0.0141142
  0.0111213           0    -0.01151 -0.00661387
  0.0130906     0.01151           0 -0.00858318
  0.0141142  0.00661387  0.00858318           0
Repeater1[0]<--->EndNode1[0]
REAL
   0.296482  -0.0234172 -0.00254961   0.0398298
 -0.0234172    0.278894  0.00913927 -0.00389369
-0.00254961  0.00913927    0.175879  -0.0010673
  0.0398298 -0.00389369  -0.0010673    0.248744
IMAGINARY
          0  -0.0105026   0.0100168   0.0155591
  0.0105026           0 -0.00349477   0.0142799
 -0.0100168  0.00349477           0 -0.00228514
 -0.0155591  -0.0142799  0.00228514           0
Repeater1[0]<--->HoM1[0]
REAL
   0.28776  0.0151149 0.00195618  0.0461885
 0.0151149   0.231771 0.00431656  0.0384479
0.00195618 0.00431656   0.217448 -0.0125896
 0.0461885  0.0384479 -0.0125896   0.263021
IMAGINARY
          0  -0.0130906  -0.0111213  -0.0141142
  0.0130906           0     0.01151 -0.00858318
  0.0111213    -0.01151           0 -0.00661387
  0.0141142  0.00858318  0.00661387           0
EndNode1[0]<--->Repeater1[0]
REAL
   0.304178  0.00459127   0.0122075   0.0628527
 0.00459127    0.197128  -0.0125949  -0.0147848
  0.0122075  -0.0125949    0.254569 -0.00587993
  0.0628527  -0.0147848 -0.00587993    0.244125
IMAGINARY
           0  -0.00437321  -0.00180005   0.00561052
  0.00437321            0 -0.000899892   0.00435759
  0.00180005  0.000899892            0   -0.0160871
 -0.00561052  -0.00435759    0.0160871            0
EndNode2[0]<--->HoM1[0]
REAL
     0.2979   0.0212601 0.000240306   0.0684637
  0.0212601    0.223097  -0.0234973 -0.00359601
0.000240306  -0.0234973    0.217848  -0.0179044
  0.0684637 -0.00359601  -0.0179044    0.261155
IMAGINARY
          0 -0.00502224 -0.00440773  -0.0171385
 0.00502224           0  0.00985376  -0.0169077
 0.00440773 -0.00985376           0   0.0031952
  0.0171385   0.0169077  -0.0031952           0
Repeater1[0]<--->EndNode1[0]
REAL
   0.304178   0.0122075  0.00459127   0.0628527
  0.0122075    0.254569  -0.0125949 -0.00587993
 0.00459127  -0.0125949    0.197128  -0.0147848
  0.0628527 -0.00587993  -0.0147848    0.244125
IMAGINARY
           0  -0.00180005  -0.00437321   0.00561052
  0.00180005            0  0.000899892   -0.0160871
  0.00437321 -0.000899892            0   0.00435759
 -0.00561052    0.0160871  -0.00435759            0
Repeater1[0]<--->HoM1[0]
REAL
     0.2979 0.000240306   0.0212601   0.0684637
0.000240306    0.217848  -0.0234973  -0.0179044
  0.0212601  -0.0234973    0.223097 -0.00359601
  0.0684637  -0.0179044 -0.00359601    0.261155
IMAGINARY
          0 -0.00440773 -0.00502224  -0.0171385
 0.00440773           0 -0.00985376   0.0031952
 0.00502224  0.00985376           0  -0.0169077
  0.0171385  -0.0031952   0.0169077           0
EndNode1[0]<--->Repeater1[0]
REAL
  0.284105 -0.0144372 -0.0151614  0.0595332
-0.0144372   0.196496 0.00628961 -0.0164842
-0.0151614 0.00628961   0.245307 0.00177899
 0.0595332 -0.0164842 0.00177899   0.274093
IMAGINARY
           0  -0.00612447    0.0046697  0.000510092
  0.00612447            0   0.00578714  -0.00283371
  -0.0046697  -0.00578714            0  -0.00427945
-0.000510092   0.00283371   0.00427945            0
EndNode2[0]<--->HoM1[0]
REAL
     0.34026   -0.0168805  -0.00377503    0.0498331
  -0.0168805     0.211688 -0.000685018    0.0136046
 -0.00377503 -0.000685018     0.219481  -0.00474462
   0.0498331    0.0136046  -0.00474462     0.228571
IMAGINARY
           0  0.000271058   -0.0295661   0.00892621
-0.000271058            0   -0.0248576   -0.0170661
   0.0295661    0.0248576            0    0.0165683
 -0.00892621    0.0170661   -0.0165683            0
Repeater1[0]<--->EndNode1[0]
REAL
  0.284105 -0.0151614 -0.0144372  0.0595332
-0.0151614   0.245307 0.00628961 0.00177899
-0.0144372 0.00628961   0.196496 -0.0164842
 0.0595332 0.00177899 -0.0164842   0.274093
IMAGINARY
           0    0.0046697  -0.00612447  0.000510092
  -0.0046697            0  -0.00578714  -0.00427945
  0.00612447   0.00578714            0  -0.00283371
-0.000510092   0.00427945   0.00283371            0
Repeater1[0]<--->HoM1[0]
REAL
     0.34026  -0.00377503   -0.0168805    0.0498331
 -0.00377503     0.219481 -0.000685018  -0.00474462
  -0.0168805 -0.000685018     0.211688    0.0136046
   0.0498331  -0.00474462    0.0136046     0.228571
IMAGINARY
           0   -0.0295661  0.000271058   0.00892621
   0.0295661            0    0.0248576    0.0165683
-0.000271058   -0.0248576            0   -0.0170661
 -0.00892621   -0.0165683    0.0170661            0
EndNode1[0]<--->Repeater1[0]
REAL
    0.249106  -0.00662468   -0.0385098     0.063266
 -0.00662468      0.20143   0.00503302 -0.000150003
  -0.0385098   0.00503302     0.275328    0.0027587
    0.063266 -0.000150003    0.0027587     0.274136
IMAGINARY
          0 -0.00139018    0.023397 -0.00185714
 0.00139018           0   0.0184574  0.00404615
  -0.023397  -0.0184574           0   0.0114303
 0.00185714 -0.00404615  -0.0114303           0
EndNode2[0]<--->HoM1[0]
REAL
   0.278788  -0.0133588 -0.00759398   0.0541916
 -0.0133588    0.236364  0.00687706   0.0215889
-0.00759398  0.00687706    0.261818 -0.00445293
  0.0541916   0.0215889 -0.00445293     0.22303
IMAGINARY
          0  0.00586499 -0.00463909   0.0184961
-0.00586499           0   0.0102088  -0.0209364
 0.00463909  -0.0102088           0   0.0120378
 -0.0184961   0.0209364  -0.0120378           0
Repeater1[0]<--->EndNode1[0]
REAL
    0.249106   -0.0385098  -0.00662468     0.063266
  -0.0385098     0.275328   0.00503302    0.0027587
 -0.00662468   0.00503302      0.20143 -0.000150003
    0.063266    0.0027587 -0.000150003     0.274136
IMAGINARY
          0    0.023397 -0.00139018 -0.00185714
  -0.023397           0  -0.0184574   0.0114303
 0.00139018   0.0184574           0  0.00404615
 0.00185714  -0.0114303 -0.00404615           0
Repeater1[0]<--->HoM1[0]
REAL
   0.278788 -0.00759398  -0.0133588   0.0541916
-0.00759398    0.261818  0.00687706 -0.00445293
 -0.0133588  0.00687706    0.236364   0.0215889
  0.0541916 -0.00445293   0.0215889     0.22303
IMAGINARY
          0 -0.00463909  0.00586499   0.0184961
 0.00463909           0  -0.0102088   0.0120378
-0.00586499   0.0102088           0  -0.0209364
 -0.0184961  -0.0120378   0.0209364           0
EndNode1[0]<--->Repeater1[0]
REAL
   0.303226   0.0321068 -0.00281602   0.0334466
  0.0321068    0.209032   0.0209301  0.00281602
-0.00281602   0.0209301    0.282581 -0.00558162
  0.0334466  0.00281602 -0.00558162    0.205161
IMAGINARY
          0   0.0132309 -0.00433772  -0.0149631
 -0.0132309           0   0.0116866  0.00236143
 0.00433772  -0.0116866           0  0.00719067
  0.0149631 -0.00236143 -0.00719067           0
EndNode2[0]<--->HoM1[0]
REAL
   0.309252     0.02716   0.0132215   0.0452401
    0.02716    0.214195  0.00900824 0.000503977
  0.0132215  0.00900824    0.237009  -0.0173561
  0.0452401 0.000503977  -0.0173561    0.239544
IMAGINARY
          0    0.013059  0.00570161  0.00840883
  -0.013059           0 -0.00776032   0.0160375
-0.00570161  0.00776032           0  -0.0163528
-0.00840883  -0.0160375   0.0163528           0
Repeater1[0]<--->EndNode1[0]
REAL
   0.303226 -0.00281602   0.0321068   0.0334466
-0.00281602    0.282581   0.0209301 -0.00558162
  0.0321068   0.0209301    0.209032  0.00281602
  0.0334466 -0.00558162  0.00281602    0.205161
IMAGINARY
          0 -0.00433772   0.0132309  -0.0149631
 0.00433772           0  -0.0116866  0.00719067
 -0.0132309   0.0116866           0  0.00236143
  0.0149631 -0.00719067 -0.00236143           0
Repeater1[0]<--->HoM1[0]
REAL
   0.309252   0.0132215     0.02716   0.0452401
  0.0132215    0.237009  0.00900824  -0.0173561
    0.02716  0.00900824    0.214195 0.000503977
  0.0452401  -0.0173561 0.000503977    0.239544
IMAGINARY
          0  0.00570161    0.013059  0.00840883
-0.00570161           0  0.00776032  -0.0163528
  -0.013059 -0.00776032           0   0.0160375
-0.00840883   0.0163528  -0.0160375           0
EndNode1[0]<--->Repeater1[0]
REAL
   0.274293 -0.00424355  -0.0174702   0.0536528
-0.00424355    0.209102  -0.0152913   0.0376262
 -0.0174702  -0.0152913    0.264453 -0.00550937
  0.0536528   0.0376262 -0.00550937    0.252153
IMAGINARY
          0  -0.0190549   0.0283733  -0.0135704
  0.0190549           0 -0.00475424  0.00330369
 -0.0283733  0.00475424           0  0.00104251
  0.0135704 -0.00330369 -0.00104251           0
EndNode2[0]<--->HoM1[0]
REAL
   0.290086 -0.00654593 -0.00434565   0.0456505
-0.00654593     0.19951 -0.00928689   0.0121379
-0.00434565 -0.00928689    0.255814   0.0338187
  0.0456505   0.0121379   0.0338187     0.25459
IMAGINARY
          0   0.0211672  -0.0210295  0.00462975
 -0.0211672           0 -0.00400239   -0.010264
  0.0210295  0.00400239           0 -0.00100029
-0.00462975    0.010264  0.00100029           0
Repeater1[0]<--->EndNode1[0]
REAL
   0.274293  -0.0174702 -0.00424355   0.0536528
 -0.0174702    0.264453  -0.0152913 -0.00550937
-0.00424355  -0.0152913    0.209102   0.0376262
  0.0536528 -0.00550937   0.0376262    0.252153
IMAGINARY
          0   0.0283733  -0.0190549  -0.0135704
 -0.0283733           0  0.00475424  0.00104251
  0.0190549 -0.00475424           0  0.00330369
  0.0135704 -0.00104251 -0.00330369           0
Repeater1[0]<--->HoM1[0]
REAL
   0.290086 -0.00434565 -0.00654593   0.0456505
-0.00434565    0.255814 -0.00928689   0.0338187
-0.00654593 -0.00928689     0.19951   0.0121379
  0.0456505   0.0338187   0.0121379     0.25459
IMAGINARY
          0  -0.0210295   0.0211672  0.00462975
  0.0210295           0  0.00400239 -0.00100029
 -0.0211672 -0.00400239           0   -0.010264
-0.00462975  0.00100029    0.010264           0
EndNode1[0]<--->Repeater1[0]
REAL
  0.268734  0.0134791  -0.020113  0.0358251
 0.0134791   0.224806  0.0221094 0.00751856
 -0.020113  0.0221094   0.241602 0.00289375
 0.0358251 0.00751856 0.00289375   0.264858
IMAGINARY
          0 -0.00488965  -0.0137242  -0.0149048
 0.00488965           0  0.00537493   0.0249461
  0.0137242 -0.00537493           0    0.001149
  0.0149048  -0.0249461   -0.001149           0
EndNode2[0]<--->HoM1[0]
REAL
   0.290076   0.0122706   0.0154771   0.0512494
  0.0122706    0.231552  0.00799235   0.0141438
  0.0154771  0.00799235    0.215013 -0.00634643
  0.0512494   0.0141438 -0.00634643    0.263359
IMAGINARY
           0  -0.00664195 -0.000287908   0.00527357
  0.00664195            0  -0.00264199   0.00919376
 0.000287908   0.00264199            0   -0.0111698
 -0.00527357  -0.00919376    0.0111698            0
Repeater1[0]<--->EndNode1[0]
REAL
  0.268734  -0.020113  0.0134791  0.0358251
 -0.020113   0.241602  0.0221094 0.00289375
 0.0134791  0.0221094   0.224806 0.00751856
 0.0358251 0.00289375 0.00751856   0.264858
IMAGINARY
          0  -0.0137242 -0.00488965  -0.0149048
  0.0137242           0 -0.00537493    0.001149
 0.00488965  0.00537493           0   0.0249461
  0.0149048   -0.001149  -0.0249461           0
Repeater1[0]<--->HoM1[0]
REAL
   0.290076   0.0154771   0.0122706   0.0512494
  0.0154771    0.215013  0.00799235 -0.00634643
  0.0122706  0.00799235    0.231552   0.0141438
  0.0512494 -0.00634643   0.0141438    0.263359
IMAGINARY
           0 -0.000287908  -0.00664195   0.00527357
 0.000287908            0   0.00264199   -0.0111698
  0.00664195  -0.00264199            0   0.00919376
 -0.00527357    0.0111698  -0.00919376            0
EndNode1[0]<--->Repeater1[0]
REAL
   0.287105  -0.0165092 -0.00295865   0.0513405
 -0.0165092    0.189781   0.0195407  -0.0296084
-0.00295865   0.0195407    0.251825  0.00182206
  0.0513405  -0.0296084  0.00182206     0.27129
IMAGINARY
          0   0.0161587  0.00434327  0.00131834
 -0.0161587           0  -0.0251877  -0.0117858
-0.00434327   0.0251877           0  -0.0114226
-0.00131834   0.0117858   0.0114226           0
EndNode2[0]<--->HoM1[0]
REAL
   0.270889    0.008875  -0.0285896   0.0673916
   0.008875    0.237197  -0.0146597   0.0266836
 -0.0285896  -0.0146597    0.256065 -0.00315708
  0.0673916   0.0266836 -0.00315708    0.235849
IMAGINARY
          0  0.00294118  -0.0129975  -0.0162966
-0.00294118           0 -0.00416377  0.00274104
  0.0129975  0.00416377           0 -0.00294118
  0.0162966 -0.00274104  0.00294118           0
Repeater1[0]<--->EndNode1[0]
REAL
   0.287105 -0.00295865  -0.0165092   0.0513405
-0.00295865    0.251825   0.0195407  0.00182206
 -0.0165092   0.0195407    0.189781  -0.0296084
  0.0513405  0.00182206  -0.0296084     0.27129
IMAGINARY
          0  0.00434327   0.0161587  0.00131834
-0.00434327           0   0.0251877  -0.0114226
 -0.0161587  -0.0251877           0  -0.0117858
-0.00131834   0.0114226   0.0117858           0
Repeater1[0]<--->HoM1[0]
REAL
   0.270889  -0.0285896    0.008875   0.0673916
 -0.0285896    0.256065  -0.0146597 -0.00315708
   0.008875  -0.0146597    0.237197   0.0266836
  0.0673916 -0.00315708   0.0266836    0.235849
IMAGINARY
          0  -0.0129975  0.00294118  -0.0162966
  0.0129975           0  0.00416377 -0.00294118
-0.00294118 -0.00416377           0  0.00274104
  0.0162966  0.00294118 -0.00274104           0
EndNode1[0]<--->Repeater1[0]
REAL
  0.266917 -0.0110153 -0.0291005  0.0399696
-0.0110153    0.20802 0.00897225  0.0026455
-0.0291005 0.00897225   0.255639  0.0202746
 0.0399696  0.0026455  0.0202746   0.269424
IMAGINARY
          0  -0.0132075  0.00923215  -0.0108337
  0.0132075           0  0.00463022   0.0244606
-0.00923215 -0.00463022           0   0.0226415
  0.0108337  -0.0244606  -0.0226415           0
EndNode2[0]<--->HoM1[0]
REAL
  0.288889  0.0282154 0.00525985   0.042209
 0.0282154   0.240523  0.0127972 -0.0182388
0.00525985  0.0127972   0.222222 -0.0115282
  0.042209 -0.0182388 -0.0115282   0.248366
IMAGINARY
          0   0.0121993  0.00662185  0.00138145
 -0.0121993           0    0.018134  -0.0132245
-0.00662185   -0.018134           0 -0.00319566
-0.00138145   0.0132245  0.00319566           0
Repeater1[0]<--->EndNode1[0]
REAL
  0.266917 -0.0291005 -0.0110153  0.0399696
-0.0291005   0.255639 0.00897225  0.0202746
-0.0110153 0.00897225    0.20802  0.0026455
 0.0399696  0.0202746  0.0026455   0.269424
IMAGINARY
          0  0.00923215  -0.0132075  -0.0108337
-0.00923215           0 -0.00463022   0.0226415
  0.0132075  0.00463022           0   0.0244606
  0.0108337  -0.0226415  -0.0244606           0
Repeater1[0]<--->HoM1[0]
REAL
  0.288889 0.00525985  0.0282154   0.042209
0.00525985   0.222222  0.0127972 -0.0115282
 0.0282154  0.0127972   0.240523 -0.0182388
  0.042209 -0.0115282 -0.0182388   0.248366
IMAGINARY
          0  0.00662185   0.0121993  0.00138145
-0.00662185           0   -0.018134 -0.00319566
 -0.0121993    0.018134           0  -0.0132245
-0.00138145  0.00319566   0.0132245           0
EndNode1[0]<--->Repeater1[0]
REAL
   0.277402    0.013852 -0.00350322   0.0463325
   0.013852    0.221922  -0.0192202 -0.00973764
-0.00350322  -0.0192202    0.248985   0.0145213
  0.0463325 -0.00973764   0.0145213    0.251691
IMAGINARY
           0  -0.00398693   -0.0121261  -0.00286725
  0.00398693            0 -0.000341995    0.0314063
   0.0121261  0.000341995            0    0.0129844
  0.00286725   -0.0314063   -0.0129844            0
EndNode2[0]<--->HoM1[0]
REAL
   0.320513   0.0148051   0.0144602   0.0410519
  0.0148051    0.233333 -0.00030153  0.00817883
  0.0144602 -0.00030153    0.202564   0.0117149
  0.0410519  0.00817883   0.0117149     0.24359
IMAGINARY
          0  -0.0240788   -0.033265   0.0127677
  0.0240788           0   0.0101081  -0.0181135
   0.033265  -0.0101081           0 -0.00975583
 -0.0127677   0.0181135  0.00975583           0
Repeater1[0]<--->EndNode1[0]
REAL
   0.277402 -0.00350322    0.013852   0.0463325
-0.00350322    0.248985  -0.0192202   0.0145213
   0.013852  -0.0192202    0.221922 -0.00973764
  0.0463325   0.0145213 -0.00973764    0.251691
IMAGINARY
           0   -0.0121261  -0.00398693  -0.00286725
   0.0121261            0  0.000341995    0.0129844
  0.00398693 -0.000341995            0    0.0314063
  0.00286725   -0.0129844   -0.0314063            0
Repeater1[0]<--->HoM1[0]
REAL
   0.320513   0.0144602   0.0148051   0.0410519
  0.0144602    0.202564 -0.00030153   0.0117149
  0.0148051 -0.00030153    0.233333  0.00817883
  0.0410519   0.0117149  0.00817883     0.24359
IMAGINARY
          0   -0.033265  -0.0240788   0.0127677
   0.033265           0  -0.0101081 -0.00975583
  0.0240788   0.0101081           0  -0.0181135
 -0.0127677  0.00975583   0.0181135           0
EndNode1[0]<--->Repeater1[0]
REAL
    0.311938    0.0103334    -0.021441     0.050751
   0.0103334     0.193838    0.0114252 -0.000579676
   -0.021441    0.0114252     0.228498  -0.00126608
    0.050751 -0.000579676  -0.00126608     0.265725
IMAGINARY
           0    0.0287215    0.0108427   -0.0130816
  -0.0287215            0  -0.00173318    -0.011467
  -0.0108427   0.00173318            0  0.000616876
   0.0130816     0.011467 -0.000616876            0
EndNode2[0]<--->HoM1[0]
REAL
   0.295062  -0.0142763 -0.00502392   0.0490431
 -0.0142763    0.239506  0.00358852  -0.0129187
-0.00502392  0.00358852    0.220988  0.00829548
  0.0490431  -0.0129187  0.00829548    0.244444
IMAGINARY
          0 -0.00713012  -0.0231517  -0.0138541
 0.00713012           0   0.0112086   0.0218148
  0.0231517  -0.0112086           0 -0.00222816
  0.0138541  -0.0218148  0.00222816           0
Repeater1[0]<--->EndNode1[0]
REAL
    0.311938    -0.021441    0.0103334     0.050751
   -0.021441     0.228498    0.0114252  -0.00126608
   0.0103334    0.0114252     0.193838 -0.000579676
    0.050751  -0.00126608 -0.000579676     0.265725
IMAGINARY
           0    0.0108427    0.0287215   -0.0130816
  -0.0108427            0   0.00173318  0.000616876
  -0.0287215  -0.00173318            0    -0.011467
   0.0130816 -0.000616876     0.011467            0
Repeater1[0]<--->HoM1[0]
REAL
   0.295062 -0.00502392  -0.0142763   0.0490431
-0.00502392    0.220988  0.00358852  0.00829548
 -0.0142763  0.00358852    0.239506  -0.0129187
  0.0490431  0.00829548  -0.0129187    0.244444
IMAGINARY
          0  -0.0231517 -0.00713012  -0.0138541
  0.0231517           0  -0.0112086 -0.00222816
 0.00713012   0.0112086           0   0.0218148
  0.0138541  0.00222816  -0.0218148           0
EndNode1[0]<--->Repeater1[0]
REAL
  0.293601 0.00359917  0.0135748  0.0386021
0.00359917     0.2133  0.0021104 0.00296468
 0.0135748  0.0021104   0.248432  0.0167571
 0.0386021 0.00296468  0.0167571   0.244668
IMAGINARY
           0   0.00897317    0.0133737   -0.0183833
 -0.00897317            0 -0.000135172    0.0243984
  -0.0133737  0.000135172            0  -0.00577214
   0.0183833   -0.0243984   0.00577214            0
EndNode2[0]<--->HoM1[0]
REAL
   0.280679  -0.0167713   0.0121274   0.0629669
 -0.0167713    0.246736   0.0006936  -0.0174324
  0.0121274   0.0006936    0.234987 -0.00577515
  0.0629669  -0.0174324 -0.00577515    0.237598
IMAGINARY
           0    0.0105117  -0.00337553  -0.00801681
  -0.0105117            0   0.00867211 -0.000856636
  0.00337553  -0.00867211            0   -0.0183715
  0.00801681  0.000856636    0.0183715            0
Repeater1[0]<--->EndNode1[0]
REAL
  0.293601  0.0135748 0.00359917  0.0386021
 0.0135748   0.248432  0.0021104  0.0167571
0.00359917  0.0021104     0.2133 0.00296468
 0.0386021  0.0167571 0.00296468   0.244668
IMAGINARY
           0    0.0133737   0.00897317   -0.0183833
  -0.0133737            0  0.000135172  -0.00577214
 -0.00897317 -0.000135172            0    0.0243984
   0.0183833   0.00577214   -0.0243984            0
Repeater1[0]<--->HoM1[0]
REAL
   0.280679   0.0121274  -0.0167713   0.0629669
  0.0121274    0.234987   0.0006936 -0.00577515
 -0.0167713   0.0006936    0.246736  -0.0174324
  0.0629669 -0.00577515  -0.0174324    0.237598
IMAGINARY
           0  -0.00337553    0.0105117  -0.00801681
  0.00337553            0  -0.00867211   -0.0183715
  -0.0105117   0.00867211            0 -0.000856636
  0.00801681    0.0183715  0.000856636            0
EndNode1[0]<--->Repeater1[0]
REAL
  0.303909  0.0115625 -0.0252087  0.0619828
 0.0115625   0.218159 -0.0065656 -0.0065472
-0.0252087 -0.0065656    0.24338 0.00524941
 0.0619828 -0.0065472 0.00524941   0.234552
IMAGINARY
          0 -0.00154912  0.00218827  -0.0120572
 0.00154912           0   0.0108436 -0.00622053
-0.00218827  -0.0108436           0  0.00692546
  0.0120572  0.00622053 -0.00692546           0
EndNode2[0]<--->HoM1[0]
REAL
   0.320779 -0.00218689  0.00451852   0.0457683
-0.00218689    0.222078   0.0121662   0.0294865
 0.00451852   0.0121662    0.232468  -0.0028509
  0.0457683   0.0294865  -0.0028509    0.224675
IMAGINARY
          0  0.00755324   0.0198374   0.0357049
-0.00755324           0   0.0109272 -0.00774058
 -0.0198374  -0.0109272           0 -0.00486506
 -0.0357049  0.00774058  0.00486506           0
Repeater1[0]<--->EndNode1[0]
REAL
  0.303909 -0.0252087  0.0115625  0.0619828
-0.0252087    0.24338 -0.0065656 0.00524941
 0.0115625 -0.0065656   0.218159 -0.0065472
 0.0619828 0.00524941 -0.0065472   0.234552
IMAGINARY
          0  0.00218827 -0.00154912  -0.0120572
-0.00218827           0  -0.0108436  0.00692546
 0.00154912   0.0108436           0 -0.00622053
  0.0120572 -0.00692546  0.00622053           0
Repeater1[0]<--->HoM1[0]
REAL
   0.320779  0.00451852 -0.00218689   0.0457683
 0.00451852    0.232468   0.0121662  -0.0028509
-0.00218689   0.0121662    0.222078   0.0294865
  0.0457683  -0.0028509   0.0294865    0.224675
IMAGINARY
          0   0.0198374  0.00755324   0.0357049
 -0.0198374           0  -0.0109272 -0.00486506
-0.00755324   0.0109272           0 -0.00774058
 -0.0357049  0.00486506  0.00774058           0
EndNode1[0]<--->Repeater1[0]
REAL
   0.294423   0.0125806 -0.00502025   0.0645034
  0.0125806    0.204929 -0.00599272 -0.00960741
-0.00502025 -0.00599272     0.24773  0.00470661
  0.0645034 -0.00960741  0.00470661    0.252918
IMAGINARY
          0  0.00790926 -0.00903612 -0.00620681
-0.00790926           0   0.0164632  -0.0157681
 0.00903612  -0.0164632           0 -0.00529829
 0.00620681   0.0157681  0.00529829           0
EndNode2[0]<--->HoM1[0]
REAL
   0.304627   0.0118268  0.00975459   0.0633261
  0.0118268    0.214653 -0.00791047  -0.0072357
 0.00975459 -0.00791047    0.231362  0.00706489
  0.0633261  -0.0072357  0.00706489    0.249357
IMAGINARY
          0  -0.0169175 -0.00207272   -0.015557
  0.0169175           0  -0.0143132 -0.00733588
 0.00207272   0.0143132           0 -0.00996425
   0.015557  0.00733588  0.00996425           0
Repeater1[0]<--->EndNode1[0]
REAL
   0.294423 -0.00502025   0.0125806   0.0645034
-0.00502025     0.24773 -0.00599272  0.00470661
  0.0125806 -0.00599272    0.204929 -0.00960741
  0.0645034  0.00470661 -0.00960741    0.252918
IMAGINARY
          0 -0.00903612  0.00790926 -0.00620681
 0.00903612           0  -0.0164632 -0.00529829
-0.00790926   0.0164632           0  -0.0157681
 0.00620681  0.00529829   0.0157681           0
Repeater1[0]<--->HoM1[0]
REAL
   0.304627  0.00975459   0.0118268   0.0633261
 0.00975459    0.231362 -0.00791047  0.00706489
  0.0118268 -0.00791047    0.214653  -0.0072357
  0.0633261  0.00706489  -0.0072357    0.249357
IMAGINARY
          0 -0.00207272  -0.0169175   -0.015557
 0.00207272           0   0.0143132 -0.00996425
  0.0169175  -0.0143132           0 -0.00733588
   0.015557  0.00996425  0.00733588           0
EndNode1[0]<--->Repeater1[0]
REAL
  0.308399  0.0120642  0.0188212  0.0706755
 0.0120642   0.213911 0.00718341 0.00915935
 0.0188212 0.00718341   0.242782 0.00253434
 0.0706755 0.00915935 0.00253434   0.234908
IMAGINARY
          0   0.0085752   0.0142775 -0.00255767
 -0.0085752           0  0.00948288 -0.00634102
 -0.0142775 -0.00948288           0  -0.0085752
 0.00255767  0.00634102   0.0085752           0
EndNode2[0]<--->HoM1[0]
REAL
   0.289873   0.0151674  -0.0111887    0.051784
  0.0151674    0.206329   0.0150541 -0.00423547
 -0.0111887   0.0150541    0.211392  0.00925416
   0.051784 -0.00423547  0.00925416    0.292405
IMAGINARY
           0    0.0188789     0.013166  0.000331492
  -0.0188789            0   -0.0196685   0.00697618
   -0.013166    0.0196685            0   -0.0212485
-0.000331492  -0.00697618    0.0212485            0
Repeater1[0]<--->EndNode1[0]
REAL
  0.308399  0.0188212  0.0120642  0.0706755
 0.0188212   0.242782 0.00718341 0.00253434
 0.0120642 0.00718341   0.213911 0.00915935
 0.0706755 0.00253434 0.00915935   0.234908
IMAGINARY
          0   0.0142775   0.0085752 -0.00255767
 -0.0142775           0 -0.00948288  -0.0085752
 -0.0085752  0.00948288           0 -0.00634102
 0.00255767   0.0085752  0.00634102           0
Repeater1[0]<--->HoM1[0]
REAL
   0.289873  -0.0111887   0.0151674    0.051784
 -0.0111887    0.211392   0.0150541  0.00925416
  0.0151674   0.0150541    0.206329 -0.00423547
   0.051784  0.00925416 -0.00423547    0.292405
IMAGINARY
           0     0.013166    0.0188789  0.000331492
   -0.013166            0    0.0196685   -0.0212485
  -0.0188789   -0.0196685            0   0.00697618
-0.000331492    0.0212485  -0.00697618            0
EndNode1[0]<--->Repeater1[0]
REAL
    0.309789 -0.000176797   0.00640193    0.0627659
-0.000176797     0.215613  -0.00777867   0.00766456
  0.00640193  -0.00777867      0.25031  -0.00621707
   0.0627659   0.00766456  -0.00621707     0.224287
IMAGINARY
          0  -0.0080635  -0.0322761 -0.00345672
  0.0080635           0  0.00883306    0.006286
  0.0322761 -0.00883306           0 -0.00678799
 0.00345672   -0.006286  0.00678799           0
EndNode2[0]<--->HoM1[0]
REAL
  0.284644 -0.0113407 0.00172986  0.0390083
-0.0113407   0.250936 -0.0146341 0.00419899
0.00172986 -0.0146341     0.2397 0.00541186
 0.0390083 0.00419899 0.00541186   0.224719
IMAGINARY
          0  -0.0160471  0.00930869  -0.0144746
  0.0160471           0   0.0164989 -0.00599743
-0.00930869  -0.0164989           0   0.0114114
  0.0144746  0.00599743  -0.0114114           0
Repeater1[0]<--->EndNode1[0]
REAL
    0.309789   0.00640193 -0.000176797    0.0627659
  0.00640193      0.25031  -0.00777867  -0.00621707
-0.000176797  -0.00777867     0.215613   0.00766456
   0.0627659  -0.00621707   0.00766456     0.224287
IMAGINARY
          0  -0.0322761  -0.0080635 -0.00345672
  0.0322761           0 -0.00883306 -0.00678799
  0.0080635  0.00883306           0    0.006286
 0.00345672  0.00678799   -0.006286           0
Repeater1[0]<--->HoM1[0]
REAL
  0.284644 0.00172986 -0.0113407  0.0390083
0.00172986     0.2397 -0.0146341 0.00541186
-0.0113407 -0.0146341   0.250936 0.00419899
 0.0390083 0.00541186 0.00419899   0.224719
IMAGINARY
          0  0.00930869  -0.0160471  -0.0144746
-0.00930869           0  -0.0164989   0.0114114
  0.0160471   0.0164989           0 -0.00599743
  0.0144746  -0.0114114  0.00599743           0
EndNode1[0]<--->Repeater1[0]
REAL
   0.27204 -0.0135648 -0.0223035  0.0451133
-0.0135648   0.192695 -0.0110224  0.0122025
-0.0223035 -0.0110224   0.282116 -0.0154756
 0.0451133  0.0122025 -0.0154756   0.253149
IMAGINARY
           0   -0.0083763     0.015044   -0.0121636
   0.0083763            0   0.00471947   0.00714924
   -0.015044  -0.00471947            0 -0.000762084
   0.0121636  -0.00714924  0.000762084            0
EndNode2[0]<--->HoM1[0]
REAL
  0.289367 0.00272821 -0.0232381  0.0440994
0.00272821   0.240915  0.0155823 0.00334419
-0.0232381  0.0155823   0.211306 -0.0199696
 0.0440994 0.00334419 -0.0199696   0.258412
IMAGINARY
          0  0.00157367   0.0110114   0.0162008
-0.00157367           0  -0.0320159 -0.00277309
 -0.0110114   0.0320159           0  0.00286233
 -0.0162008  0.00277309 -0.00286233           0
Repeater1[0]<--->EndNode1[0]
REAL
   0.27204 -0.0223035 -0.0135648  0.0451133
-0.0223035   0.282116 -0.0110224 -0.0154756
-0.0135648 -0.0110224   0.192695  0.0122025
 0.0451133 -0.0154756  0.0122025   0.253149
IMAGINARY
           0     0.015044   -0.0083763   -0.0121636
   -0.015044            0  -0.00471947 -0.000762084
   0.0083763   0.00471947            0   0.00714924
   0.0121636  0.000762084  -0.00714924            0
Repeater1[0]<--->HoM1[0]
REAL
  0.289367 -0.0232381 0.00272821  0.0440994
-0.0232381   0.211306  0.0155823 -0.0199696
0.00272821  0.0155823   0.240915 0.00334419
 0.0440994 -0.0199696 0.00334419   0.258412
IMAGINARY
          0   0.0110114  0.00157367   0.0162008
 -0.0110114           0   0.0320159  0.00286233
-0.00157367  -0.0320159           0 -0.00277309
 -0.0162008 -0.00286233  0.00277309           0
EndNode1[0]<--->Repeater1[0]
REAL
   0.285326 -0.00510691   0.0134539   0.0457324
-0.00510691    0.203804  0.00146152  -0.0058008
  0.0134539  0.00146152    0.243207  -0.0089237
  0.0457324  -0.0058008  -0.0089237    0.267663
IMAGINARY
         0  0.0012184 -0.0055945 -0.0126366
-0.0012184          0 -0.0200391 -0.0100305
 0.0055945  0.0200391          0 -0.0116351
 0.0126366  0.0100305  0.0116351          0
EndNode2[0]<--->HoM1[0]
REAL
   0.299616   0.0108574  0.00526771   0.0726015
  0.0108574    0.233035  -0.0295636 -0.00653353
 0.00526771  -0.0295636    0.225352   -0.013389
  0.0726015 -0.00653353   -0.013389    0.241997
IMAGINARY
          0   0.0108571   0.0211154 -0.00277866
 -0.0108571           0 -0.00545962  -0.0190856
 -0.0211154  0.00545962           0 -0.00747414
 0.00277866   0.0190856  0.00747414           0
Repeater1[0]<--->EndNode1[0]
REAL
   0.285326   0.0134539 -0.00510691   0.0457324
  0.0134539    0.243207  0.00146152  -0.0089237
-0.00510691  0.00146152    0.203804  -0.0058008
  0.0457324  -0.0089237  -0.0058008    0.267663
IMAGINARY
         0 -0.0055945  0.0012184 -0.0126366
 0.0055945          0  0.0200391 -0.0116351
-0.0012184 -0.0200391          0 -0.0100305
 0.0126366  0.0116351  0.0100305          0
Repeater1[0]<--->HoM1[0]
REAL
   0.299616  0.00526771   0.0108574   0.0726015
 0.00526771    0.225352  -0.0295636   -0.013389
  0.0108574  -0.0295636    0.233035 -0.00653353
  0.0726015   -0.013389 -0.00653353    0.241997
IMAGINARY
          0   0.0211154   0.0108571 -0.00277866
 -0.0211154           0  0.00545962 -0.00747414
 -0.0108571 -0.00545962           0  -0.0190856
 0.00277866  0.00747414   0.0190856           0
EndNode1[0]<--->Repeater1[0]
REAL
   0.296774  -0.0334358  0.00524726   0.0694585
 -0.0334358    0.184516 -0.00935616  -0.0205925
 0.00524726 -0.00935616     0.24129  0.00786031
  0.0694585  -0.0205925  0.00786031    0.277419
IMAGINARY
          0  0.00995536  0.00570927 -0.00595668
-0.00995536           0    0.014931  0.00374849
-0.00570927   -0.014931           0 -0.00932484
 0.00595668 -0.00374849  0.00932484           0
EndNode2[0]<--->HoM1[0]
REAL
   0.287634  0.00596299 -0.00717447   0.0489489
 0.00596299    0.200269  0.00199454 -0.00100163
-0.00717447  0.00199454    0.252688  -0.0128812
  0.0489489 -0.00100163  -0.0128812    0.259409
IMAGINARY
          0  -0.0212022  -0.0175262  -0.0129841
  0.0212022           0   0.0271229   0.0251404
  0.0175262  -0.0271229           0  0.00724281
  0.0129841  -0.0251404 -0.00724281           0
Repeater1[0]<--->EndNode1[0]
REAL
   0.296774  0.00524726  -0.0334358   0.0694585
 0.00524726     0.24129 -0.00935616  0.00786031
 -0.0334358 -0.00935616    0.184516  -0.0205925
  0.0694585  0.00786031  -0.0205925    0.277419
IMAGINARY
          0  0.00570927  0.00995536 -0.00595668
-0.00570927           0   -0.014931 -0.00932484
-0.00995536    0.014931           0  0.00374849
 0.00595668  0.00932484 -0.00374849           0
Repeater1[0]<--->HoM1[0]
REAL
   0.287634 -0.00717447  0.00596299   0.0489489
-0.00717447    0.252688  0.00199454  -0.0128812
 0.00596299  0.00199454    0.200269 -0.00100163
  0.0489489  -0.0128812 -0.00100163    0.259409
IMAGINARY
          0  -0.0175262  -0.0212022  -0.0129841
  0.0175262           0  -0.0271229  0.00724281
  0.0212022   0.0271229           0   0.0251404
  0.0129841 -0.00724281  -0.0251404           0
EndNode1[0]<--->Repeater1[0]
REAL
  0.321622  0.0190031 -0.0016246  0.0729715
 0.0190031   0.193243  0.0169918  0.0132525
-0.0016246  0.0169918   0.228378 -0.0159431
 0.0729715  0.0132525 -0.0159431   0.256757
IMAGINARY
          0  -0.0158047  -0.0119586  0.00739875
  0.0158047           0  -0.0295662  0.00814185
  0.0119586   0.0295662           0 -0.00200704
-0.00739875 -0.00814185  0.00200704           0
EndNode2[0]<--->HoM1[0]
REAL
   0.287706 0.000100764   -0.016731    0.064784
0.000100764    0.243346  0.00071533  -0.0111548
  -0.016731  0.00071533    0.210393 -0.00853137
   0.064784  -0.0111548 -0.00853137    0.258555
IMAGINARY
