EndNode1[0]<--->Repeater1[0]
REAL
  0.381223 0.00857279 0.00461756   0.297413
0.00857279  0.0995733 0.00365481  0.0227523
0.00461756 0.00365481   0.119488  0.0147917
  0.297413  0.0227523  0.0147917   0.399716
IMAGINARY
          0  -0.0131043  0.00712347  -0.0180706
  0.0131043           0 -0.00913143  0.00712347
-0.00712347  0.00913143           0 -0.00114261
  0.0180706 -0.00712347  0.00114261           0
EndNode2[0]<--->HoM1[0]
REAL
    0.40717 -0.00267629  0.00919231    0.295034
-0.00267629    0.108835  0.00184064  -0.0188077
 0.00919231  0.00184064    0.102433 -0.00333332
   0.295034  -0.0188077 -0.00333332    0.381562
IMAGINARY
          0  -0.0296338   0.0188271  0.00796356
  0.0296338           0 -0.00275523  0.00473312
 -0.0188271  0.00275523           0   0.0113092
-0.00796356 -0.00473312  -0.0113092           0
Repeater1[0]<--->EndNode1[0]
REAL
  0.381223 0.00461756 0.00857279   0.297413
0.00461756   0.119488 0.00365481  0.0147917
0.00857279 0.00365481  0.0995733  0.0227523
  0.297413  0.0147917  0.0227523   0.399716
IMAGINARY
          0  0.00712347  -0.0131043  -0.0180706
-0.00712347           0  0.00913143 -0.00114261
  0.0131043 -0.00913143           0  0.00712347
  0.0180706  0.00114261 -0.00712347           0
Repeater1[0]<--->HoM1[0]
REAL
    0.40717  0.00919231 -0.00267629    0.295034
 0.00919231    0.102433  0.00184064 -0.00333332
-0.00267629  0.00184064    0.108835  -0.0188077
   0.295034 -0.00333332  -0.0188077    0.381562
IMAGINARY
          0   0.0188271  -0.0296338  0.00796356
 -0.0188271           0  0.00275523   0.0113092
  0.0296338 -0.00275523           0  0.00473312
-0.00796356  -0.0113092 -0.00473312           0
EndNode1[0]<--->Repeater1[0]
REAL
   0.406553  -0.0224946  -0.0186618    0.306102
 -0.0224946    0.106796  -0.0028237  -0.0147556
 -0.0186618  -0.0028237    0.114078 -0.00840069
   0.306102  -0.0147556 -0.00840069    0.372573
IMAGINARY
           0   0.00974043     0.013041       0.0219
 -0.00974043            0    0.0100693   -0.0109489
   -0.013041   -0.0100693            0  0.000719816
     -0.0219    0.0109489 -0.000719816            0
EndNode2[0]<--->HoM1[0]
REAL
    0.40819  -0.0181492 -0.00901202    0.304284
 -0.0181492   0.0951123 -0.00606074  0.00901202
-0.00901202 -0.00606074    0.107001 -0.00342445
   0.304284  0.00901202 -0.00342445    0.389696
IMAGINARY
          0  0.00292449 -0.00588718 -0.00438627
-0.00292449           0  -0.0152698 -0.00207038
 0.00588718   0.0152698           0   0.0143169
 0.00438627  0.00207038  -0.0143169           0
Repeater1[0]<--->EndNode1[0]
REAL
   0.406553  -0.0186618  -0.0224946    0.306102
 -0.0186618    0.114078  -0.0028237 -0.00840069
 -0.0224946  -0.0028237    0.106796  -0.0147556
   0.306102 -0.00840069  -0.0147556    0.372573
IMAGINARY
           0     0.013041   0.00974043       0.0219
   -0.013041            0   -0.0100693  0.000719816
 -0.00974043    0.0100693            0   -0.0109489
     -0.0219 -0.000719816    0.0109489            0
Repeater1[0]<--->HoM1[0]
REAL
    0.40819 -0.00901202  -0.0181492    0.304284
-0.00901202    0.107001 -0.00606074 -0.00342445
 -0.0181492 -0.00606074   0.0951123  0.00901202
   0.304284 -0.00342445  0.00901202    0.389696
IMAGINARY
          0 -0.00588718  0.00292449 -0.00438627
 0.00588718           0   0.0152698   0.0143169
-0.00292449  -0.0152698           0 -0.00207038
 0.00438627  -0.0143169  0.00207038           0
EndNode1[0]<--->Repeater1[0]
REAL
   0.415465   0.0113896 -0.00557238    0.313183
  0.0113896   0.0930537  -0.0013021 -0.00309099
-0.00557238  -0.0013021    0.095675  -0.0175777
   0.313183 -0.00309099  -0.0175777    0.395806
IMAGINARY
          0   0.0160971 -0.00775669  -0.0264778
 -0.0160971           0  0.00923645  0.00966266
 0.00775669 -0.00923645           0  0.00486858
  0.0264778 -0.00966266 -0.00486858           0
EndNode2[0]<--->HoM1[0]
REAL
  0.410161 0.00169044 -0.0204421   0.312941
0.00169044    0.11772 0.00781326  0.0123558
-0.0204421 0.00781326  0.0879802 0.00235269
  0.312941  0.0123558 0.00235269   0.384139
IMAGINARY
          0  0.00370789   0.0163691 -0.00673331
-0.00370789           0   0.0175506   0.0131181
 -0.0163691  -0.0175506           0  -0.0152464
 0.00673331  -0.0131181   0.0152464           0
Repeater1[0]<--->EndNode1[0]
REAL
   0.415465 -0.00557238   0.0113896    0.313183
-0.00557238    0.095675  -0.0013021  -0.0175777
  0.0113896  -0.0013021   0.0930537 -0.00309099
   0.313183  -0.0175777 -0.00309099    0.395806
IMAGINARY
          0 -0.00775669   0.0160971  -0.0264778
 0.00775669           0 -0.00923645  0.00486858
 -0.0160971  0.00923645           0  0.00966266
  0.0264778 -0.00486858 -0.00966266           0
Repeater1[0]<--->HoM1[0]
REAL
  0.410161 -0.0204421 0.00169044   0.312941
-0.0204421  0.0879802 0.00781326 0.00235269
0.00169044 0.00781326    0.11772  0.0123558
  0.312941 0.00235269  0.0123558   0.384139
IMAGINARY
          0   0.0163691  0.00370789 -0.00673331
 -0.0163691           0  -0.0175506  -0.0152464
-0.00370789   0.0175506           0   0.0131181
 0.00673331   0.0152464  -0.0131181           0
EndNode1[0]<--->Repeater1[0]
REAL
   0.426752  0.00605358  0.00033295    0.311694
 0.00605358    0.089172  -0.0134711 0.000936086
 0.00033295  -0.0134711   0.0993631  0.00156064
   0.311694 0.000936086  0.00156064    0.384713
IMAGINARY
           0   -0.0099399    0.0105413  0.000359282
   0.0099399            0  -0.00163805    0.0325051
  -0.0105413   0.00163805            0   -0.0145634
-0.000359282   -0.0325051    0.0145634            0
EndNode2[0]<--->HoM1[0]
REAL
   0.414005   0.0073046 -0.00318339    0.306569
  0.0073046   0.0933661 -0.00631799 -0.00561058
-0.00318339 -0.00631799   0.0921376  0.00525821
   0.306569 -0.00561058  0.00525821    0.400491
IMAGINARY
           0  -0.00874156  -0.00765605   -0.0115852
  0.00874156            0   0.00830868  0.000840683
  0.00765605  -0.00830868            0    0.0167961
   0.0115852 -0.000840683   -0.0167961            0
Repeater1[0]<--->EndNode1[0]
REAL
   0.426752  0.00033295  0.00605358    0.311694
 0.00033295   0.0993631  -0.0134711  0.00156064
 0.00605358  -0.0134711    0.089172 0.000936086
   0.311694  0.00156064 0.000936086    0.384713
IMAGINARY
           0    0.0105413   -0.0099399  0.000359282
  -0.0105413            0   0.00163805   -0.0145634
   0.0099399  -0.00163805            0    0.0325051
-0.000359282    0.0145634   -0.0325051            0
Repeater1[0]<--->HoM1[0]
REAL
   0.414005 -0.00318339   0.0073046    0.306569
-0.00318339   0.0921376 -0.00631799  0.00525821
  0.0073046 -0.00631799   0.0933661 -0.00561058
   0.306569  0.00525821 -0.00561058    0.400491
IMAGINARY
           0  -0.00765605  -0.00874156   -0.0115852
  0.00765605            0  -0.00830868    0.0167961
  0.00874156   0.00830868            0  0.000840683
   0.0115852   -0.0167961 -0.000840683            0
EndNode1[0]<--->Repeater1[0]
REAL
   0.398427  0.00589474    0.017613    0.289995
 0.00589474    0.078637  0.00474229 -0.00708664
   0.017613  0.00474229    0.112713  0.00989474
   0.289995 -0.00708664  0.00989474    0.410223
IMAGINARY
          0  -0.0179846   0.0206618   0.0128095
  0.0179846           0 -0.00734167   0.0175012
 -0.0206618  0.00734167           0 -0.00982906
 -0.0128095  -0.0175012  0.00982906           0
EndNode2[0]<--->HoM1[0]
REAL
   0.393229 -0.00826245  -0.0163015    0.305292
-0.00826245   0.0963542 -0.00477069   -0.016945
 -0.0163015 -0.00477069    0.106771  0.00761056
   0.305292   -0.016945  0.00761056    0.403646
IMAGINARY
          0  -0.0259428  0.00278703  0.00542653
  0.0259428           0 -0.00918593   0.0217413
-0.00278703  0.00918593           0  0.00518808
-0.00542653  -0.0217413 -0.00518808           0
Repeater1[0]<--->EndNode1[0]
REAL
   0.398427    0.017613  0.00589474    0.289995
   0.017613    0.112713  0.00474229  0.00989474
 0.00589474  0.00474229    0.078637 -0.00708664
   0.289995  0.00989474 -0.00708664    0.410223
IMAGINARY
          0   0.0206618  -0.0179846   0.0128095
 -0.0206618           0  0.00734167 -0.00982906
  0.0179846 -0.00734167           0   0.0175012
 -0.0128095  0.00982906  -0.0175012           0
Repeater1[0]<--->HoM1[0]
REAL
   0.393229  -0.0163015 -0.00826245    0.305292
 -0.0163015    0.106771 -0.00477069  0.00761056
-0.00826245 -0.00477069   0.0963542   -0.016945
   0.305292  0.00761056   -0.016945    0.403646
IMAGINARY
          0  0.00278703  -0.0259428  0.00542653
-0.00278703           0  0.00918593  0.00518808
  0.0259428 -0.00918593           0   0.0217413
-0.00542653 -0.00518808  -0.0217413           0
EndNode1[0]<--->Repeater1[0]
REAL
   0.422078  -0.0048201 -0.00543842    0.281566
 -0.0048201    0.101299   0.0126263   0.0193273
-0.00543842   0.0126263   0.0961039  0.00734535
   0.281566   0.0193273  0.00734535    0.380519
IMAGINARY
          0   0.0101234   0.0050473   0.0136084
 -0.0101234           0  0.00481269  0.00631634
 -0.0050473 -0.00481269           0 -0.00759813
 -0.0136084 -0.00631634  0.00759813           0
EndNode2[0]<--->HoM1[0]
REAL
   0.413333   0.0113925 -0.00883841    0.310411
  0.0113925       0.084  0.00935671  -0.0179058
-0.00883841  0.00935671    0.113333  -0.0230204
   0.310411  -0.0179058  -0.0230204    0.389333
IMAGINARY
          0 -0.00806253   0.0148179  -0.0022898
 0.00806253           0  0.00721591  -0.0128416
 -0.0148179 -0.00721591           0 -0.00313642
  0.0022898   0.0128416  0.00313642           0
Repeater1[0]<--->EndNode1[0]
REAL
   0.422078 -0.00543842  -0.0048201    0.281566
-0.00543842   0.0961039   0.0126263  0.00734535
 -0.0048201   0.0126263    0.101299   0.0193273
   0.281566  0.00734535   0.0193273    0.380519
IMAGINARY
          0   0.0050473   0.0101234   0.0136084
 -0.0050473           0 -0.00481269 -0.00759813
 -0.0101234  0.00481269           0  0.00631634
 -0.0136084  0.00759813 -0.00631634           0
Repeater1[0]<--->HoM1[0]
REAL
   0.413333 -0.00883841   0.0113925    0.310411
-0.00883841    0.113333  0.00935671  -0.0230204
  0.0113925  0.00935671       0.084  -0.0179058
   0.310411  -0.0230204  -0.0179058    0.389333
IMAGINARY
          0   0.0148179 -0.00806253  -0.0022898
 -0.0148179           0 -0.00721591 -0.00313642
 0.00806253  0.00721591           0  -0.0128416
  0.0022898  0.00313642   0.0128416           0
EndNode1[0]<--->Repeater1[0]
REAL
     0.40052 -0.000671278  -0.00387973     0.308064
-0.000671278    0.0910273   0.00905659  -0.00455088
 -0.00387973   0.00905659     0.123537     0.016884
    0.308064  -0.00455088     0.016884     0.384915
IMAGINARY
           0  -0.00400828    0.0103181  -0.00215403
  0.00400828            0   -0.0130375   0.00332954
  -0.0103181    0.0130375            0  0.000286197
  0.00215403  -0.00332954 -0.000286197            0
EndNode2[0]<--->HoM1[0]
REAL
   0.398184  -0.0157679 -0.00796864    0.304267
 -0.0157679    0.102464   0.0018951  -0.0144961
-0.00796864   0.0018951   0.0998703  -0.0131153
   0.304267  -0.0144961  -0.0131153    0.399481
IMAGINARY
           0   0.00479261   0.00687068 -0.000866443
 -0.00479261            0   -0.0255188 -0.000941823
 -0.00687068    0.0255188            0   -0.0186266
 0.000866443  0.000941823    0.0186266            0
Repeater1[0]<--->EndNode1[0]
REAL
     0.40052  -0.00387973 -0.000671278     0.308064
 -0.00387973     0.123537   0.00905659     0.016884
-0.000671278   0.00905659    0.0910273  -0.00455088
    0.308064     0.016884  -0.00455088     0.384915
IMAGINARY
           0    0.0103181  -0.00400828  -0.00215403
  -0.0103181            0    0.0130375  0.000286197
  0.00400828   -0.0130375            0   0.00332954
  0.00215403 -0.000286197  -0.00332954            0
Repeater1[0]<--->HoM1[0]
REAL
   0.398184 -0.00796864  -0.0157679    0.304267
-0.00796864   0.0998703   0.0018951  -0.0131153
 -0.0157679   0.0018951    0.102464  -0.0144961
   0.304267  -0.0131153  -0.0144961    0.399481
IMAGINARY
           0   0.00687068   0.00479261 -0.000866443
 -0.00687068            0    0.0255188   -0.0186266
 -0.00479261   -0.0255188            0 -0.000941823
 0.000866443    0.0186266  0.000941823            0
EndNode1[0]<--->Repeater1[0]
REAL
   0.39433 -0.0027426 -0.0101066   0.303376
-0.0027426  0.0811856  0.0114386 0.00146464
-0.0101066  0.0114386  0.0927835 0.00891544
  0.303376 0.00146464 0.00891544   0.431701
IMAGINARY
          0   0.0161584  -0.0139036   0.0183434
 -0.0161584           0   0.0197518  0.00935222
  0.0139036  -0.0197518           0  -0.0168086
 -0.0183434 -0.00935222   0.0168086           0
EndNode2[0]<--->HoM1[0]
REAL
   0.418256   0.0307989   0.0100922      0.3098
  0.0307989   0.0940054 -0.00690865   0.0221023
  0.0100922 -0.00690865    0.099455  0.00927993
     0.3098   0.0221023  0.00927993    0.388283
IMAGINARY
          0  0.00625823   0.0296403  -0.0156298
-0.00625823           0   0.0162851  -0.0134308
 -0.0296403  -0.0162851           0 -0.00625823
  0.0156298   0.0134308  0.00625823           0
Repeater1[0]<--->EndNode1[0]
REAL
   0.39433 -0.0101066 -0.0027426   0.303376
-0.0101066  0.0927835  0.0114386 0.00891544
-0.0027426  0.0114386  0.0811856 0.00146464
  0.303376 0.00891544 0.00146464   0.431701
IMAGINARY
          0  -0.0139036   0.0161584   0.0183434
  0.0139036           0  -0.0197518  -0.0168086
 -0.0161584   0.0197518           0  0.00935222
 -0.0183434   0.0168086 -0.00935222           0
Repeater1[0]<--->HoM1[0]
REAL
   0.418256   0.0100922   0.0307989      0.3098
  0.0100922    0.099455 -0.00690865  0.00927993
  0.0307989 -0.00690865   0.0940054   0.0221023
     0.3098  0.00927993   0.0221023    0.388283
IMAGINARY
          0   0.0296403  0.00625823  -0.0156298
 -0.0296403           0  -0.0162851 -0.00625823
-0.00625823   0.0162851           0  -0.0134308
  0.0156298  0.00625823   0.0134308           0
EndNode1[0]<--->Repeater1[0]
REAL
   0.406005   0.0173613   0.0203623    0.284214
  0.0173613   0.0887728  0.00547437 -0.00204483
  0.0203623  0.00547437    0.122715 -0.00311431
   0.284214 -0.00204483 -0.00311431    0.382507
IMAGINARY
          0  0.00184949  0.00990953 -0.00496555
-0.00184949           0 -0.00892334  0.00430555
-0.00990953  0.00892334           0  0.00247684
 0.00496555 -0.00430555 -0.00247684           0
EndNode2[0]<--->HoM1[0]
REAL
   0.424242  0.00958635 -0.00612814    0.313581
 0.00958635   0.0895916  0.00163665   0.0183564
-0.00612814  0.00163665    0.088274   0.0107941
   0.313581   0.0183564   0.0107941    0.397892
IMAGINARY
          0   0.0180989   0.0116217  -0.0164338
 -0.0180989           0 -0.00866797 -0.00463316
 -0.0116217  0.00866797           0   -0.012381
  0.0164338  0.00463316    0.012381           0
Repeater1[0]<--->EndNode1[0]
REAL
   0.406005   0.0203623   0.0173613    0.284214
  0.0203623    0.122715  0.00547437 -0.00311431
  0.0173613  0.00547437   0.0887728 -0.00204483
   0.284214 -0.00311431 -0.00204483    0.382507
IMAGINARY
          0  0.00990953  0.00184949 -0.00496555
-0.00990953           0  0.00892334  0.00247684
-0.00184949 -0.00892334           0  0.00430555
 0.00496555 -0.00247684 -0.00430555           0
Repeater1[0]<--->HoM1[0]
REAL
   0.424242 -0.00612814  0.00958635    0.313581
-0.00612814    0.088274  0.00163665   0.0107941
 0.00958635  0.00163665   0.0895916   0.0183564
   0.313581   0.0107941   0.0183564    0.397892
IMAGINARY
          0   0.0116217   0.0180989  -0.0164338
 -0.0116217           0  0.00866797   -0.012381
 -0.0180989 -0.00866797           0 -0.00463316
  0.0164338    0.012381  0.00463316           0
EndNode1[0]<--->Repeater1[0]
REAL
   0.416557  -0.0104381 -0.00209742    0.309876
 -0.0104381   0.0827858  0.00016471  -0.0202906
-0.00209742  0.00016471    0.107753 -0.00923622
   0.309876  -0.0202906 -0.00923622    0.392904
IMAGINARY
           0   0.00357764 -9.44882e-05   -0.0112197
 -0.00357764            0    0.0125286    0.0119055
 9.44882e-05   -0.0125286            0  -0.00620231
   0.0112197   -0.0119055   0.00620231            0
EndNode2[0]<--->HoM1[0]
REAL
    0.394256    -0.010768   -0.0191285     0.308681
   -0.010768    0.0861619    0.0016859 -0.000466965
  -0.0191285    0.0016859    0.0939948  -0.00882748
    0.308681 -0.000466965  -0.00882748     0.425587
IMAGINARY
          0 -0.00534226  0.00963156  0.00385225
 0.00534226           0    -0.00319  -0.0225849
-0.00963156     0.00319           0  0.00145625
-0.00385225   0.0225849 -0.00145625           0
Repeater1[0]<--->EndNode1[0]
REAL
   0.416557 -0.00209742  -0.0104381    0.309876
-0.00209742    0.107753  0.00016471 -0.00923622
 -0.0104381  0.00016471   0.0827858  -0.0202906
   0.309876 -0.00923622  -0.0202906    0.392904
IMAGINARY
           0 -9.44882e-05   0.00357764   -0.0112197
 9.44882e-05            0   -0.0125286  -0.00620231
 -0.00357764    0.0125286            0    0.0119055
   0.0112197   0.00620231   -0.0119055            0
Repeater1[0]<--->HoM1[0]
REAL
    0.394256   -0.0191285    -0.010768     0.308681
  -0.0191285    0.0939948    0.0016859  -0.00882748
   -0.010768    0.0016859    0.0861619 -0.000466965
    0.308681  -0.00882748 -0.000466965     0.425587
IMAGINARY
          0  0.00963156 -0.00534226  0.00385225
-0.00963156           0     0.00319  0.00145625
 0.00534226    -0.00319           0  -0.0225849
-0.00385225 -0.00145625   0.0225849           0
EndNode1[0]<--->Repeater1[0]
REAL
    0.408813  -0.00800735   -0.0225686     0.308607
 -0.00800735    0.0966952  0.000553307 -0.000332211
  -0.0225686  0.000553307    0.0758874  -0.00217077
    0.308607 -0.000332211  -0.00217077     0.418605
IMAGINARY
          0  0.00913365  -0.0152921 -0.00983564
-0.00913365           0  0.00858876  -0.0229629
  0.0152921 -0.00858876           0   0.0116717
 0.00983564   0.0229629  -0.0116717           0
EndNode2[0]<--->HoM1[0]
REAL
    0.37351 -0.00178759   0.0107089    0.286507
-0.00178759    0.109934   0.0267227  0.00809789
  0.0107089   0.0267227    0.101987  0.00762417
   0.286507  0.00809789  0.00762417     0.41457
IMAGINARY
          0    0.011763  -0.0164583  0.00545836
  -0.011763           0  -0.0259553   0.0265797
  0.0164583   0.0259553           0  0.00780518
-0.00545836  -0.0265797 -0.00780518           0
Repeater1[0]<--->EndNode1[0]
REAL
    0.408813   -0.0225686  -0.00800735     0.308607
  -0.0225686    0.0758874  0.000553307  -0.00217077
 -0.00800735  0.000553307    0.0966952 -0.000332211
    0.308607  -0.00217077 -0.000332211     0.418605
IMAGINARY
          0  -0.0152921  0.00913365 -0.00983564
  0.0152921           0 -0.00858876   0.0116717
-0.00913365  0.00858876           0  -0.0229629
 0.00983564  -0.0116717   0.0229629           0
Repeater1[0]<--->HoM1[0]
REAL
    0.37351   0.0107089 -0.00178759    0.286507
  0.0107089    0.101987   0.0267227  0.00762417
-0.00178759   0.0267227    0.109934  0.00809789
   0.286507  0.00762417  0.00809789     0.41457
IMAGINARY
          0  -0.0164583    0.011763  0.00545836
  0.0164583           0   0.0259553  0.00780518
  -0.011763  -0.0259553           0   0.0265797
-0.00545836 -0.00780518  -0.0265797           0
EndNode1[0]<--->Repeater1[0]
REAL
    0.437018 -0.000299115    0.0210577      0.29401
-0.000299115    0.0951157   0.00757757   -0.0329624
   0.0210577   0.00757757    0.0822622   -0.0116056
     0.29401   -0.0329624   -0.0116056     0.385604
IMAGINARY
          0 -0.00440648   0.0132486 -0.00068089
 0.00440648           0   0.0106676  0.00559558
 -0.0132486  -0.0106676           0   0.0031502
 0.00068089 -0.00559558  -0.0031502           0
EndNode2[0]<--->HoM1[0]
REAL
    0.42439 0.000279889  0.00466964    0.303187
0.000279889    0.109756  -0.0129053   0.0119544
 0.00466964  -0.0129053   0.0926829  0.00355643
   0.303187   0.0119544  0.00355643    0.373171
IMAGINARY
           0   -0.0160111 -0.000324172    0.0127446
   0.0160111            0   0.00899457  -0.00797723
 0.000324172  -0.00899457            0  -0.00378457
  -0.0127446   0.00797723   0.00378457            0
Repeater1[0]<--->EndNode1[0]
REAL
    0.437018    0.0210577 -0.000299115      0.29401
   0.0210577    0.0822622   0.00757757   -0.0116056
-0.000299115   0.00757757    0.0951157   -0.0329624
     0.29401   -0.0116056   -0.0329624     0.385604
IMAGINARY
          0   0.0132486 -0.00440648 -0.00068089
 -0.0132486           0  -0.0106676   0.0031502
 0.00440648   0.0106676           0  0.00559558
 0.00068089  -0.0031502 -0.00559558           0
Repeater1[0]<--->HoM1[0]
REAL
    0.42439  0.00466964 0.000279889    0.303187
 0.00466964   0.0926829  -0.0129053  0.00355643
0.000279889  -0.0129053    0.109756   0.0119544
   0.303187  0.00355643   0.0119544    0.373171
IMAGINARY
           0 -0.000324172   -0.0160111    0.0127446
 0.000324172            0  -0.00899457  -0.00378457
   0.0160111   0.00899457            0  -0.00797723
  -0.0127446   0.00378457   0.00797723            0
EndNode1[0]<--->Repeater1[0]
REAL
   0.418114   0.0111768   0.0179654    0.313821
  0.0111768   0.0967742   0.0100946  0.00371665
  0.0179654   0.0100946   0.0980149 -0.00263538
   0.313821  0.00371665 -0.00263538    0.387097
IMAGINARY
          0   0.0107666 -0.00485601   0.0081365
 -0.0107666           0   0.0106303   0.0042349
 0.00485601  -0.0106303           0 -0.00766096
 -0.0081365  -0.0042349  0.00766096           0
EndNode2[0]<--->HoM1[0]
REAL
   0.41712  0.0317497 -0.0150667   0.294743
 0.0317497  0.0815217 0.00795983 0.00830993
-0.0150667 0.00795983  0.0910326 -0.0141821
  0.294743 0.00830993 -0.0141821   0.410326
IMAGINARY
          0   0.0169539 -0.00282287  -0.0255534
 -0.0169539           0 -0.00370871 -0.00839908
 0.00282287  0.00370871           0 -0.00697883
  0.0255534  0.00839908  0.00697883           0
Repeater1[0]<--->EndNode1[0]
REAL
   0.418114   0.0179654   0.0111768    0.313821
  0.0179654   0.0980149   0.0100946 -0.00263538
  0.0111768   0.0100946   0.0967742  0.00371665
   0.313821 -0.00263538  0.00371665    0.387097
IMAGINARY
          0 -0.00485601   0.0107666   0.0081365
 0.00485601           0  -0.0106303 -0.00766096
 -0.0107666   0.0106303           0   0.0042349
 -0.0081365  0.00766096  -0.0042349           0
Repeater1[0]<--->HoM1[0]
REAL
   0.41712 -0.0150667  0.0317497   0.294743
-0.0150667  0.0910326 0.00795983 -0.0141821
 0.0317497 0.00795983  0.0815217 0.00830993
  0.294743 -0.0141821 0.00830993   0.410326
IMAGINARY
          0 -0.00282287   0.0169539  -0.0255534
 0.00282287           0  0.00370871 -0.00697883
 -0.0169539 -0.00370871           0 -0.00839908
  0.0255534  0.00697883  0.00839908           0
EndNode1[0]<--->Repeater1[0]
REAL
   0.416446  0.00809747  -0.0194353    0.306484
 0.00809747   0.0941645   0.0132905   0.0250673
 -0.0194353   0.0132905    0.104775 -0.00997482
   0.306484   0.0250673 -0.00997482    0.384615
IMAGINARY
          0  -0.0118507 -0.00359647  0.00451089
  0.0118507           0   0.0202177 -0.00818363
 0.00359647  -0.0202177           0  0.00530618
-0.00451089  0.00818363 -0.00530618           0
EndNode2[0]<--->HoM1[0]
REAL
  0.395442 -0.0133709 0.00381679   0.298266
-0.0133709  0.0924933 0.00453265 0.00381679
0.00381679 0.00453265   0.113941 0.00700956
  0.298266 0.00381679 0.00700956   0.398123
IMAGINARY
          0  -0.0140281  0.00688166 -0.00549397
  0.0140281           0  -0.0205724 -0.00165973
-0.00688166   0.0205724           0   0.0114172
 0.00549397  0.00165973  -0.0114172           0
Repeater1[0]<--->EndNode1[0]
REAL
   0.416446  -0.0194353  0.00809747    0.306484
 -0.0194353    0.104775   0.0132905 -0.00997482
 0.00809747   0.0132905   0.0941645   0.0250673
   0.306484 -0.00997482   0.0250673    0.384615
IMAGINARY
          0 -0.00359647  -0.0118507  0.00451089
 0.00359647           0  -0.0202177  0.00530618
  0.0118507   0.0202177           0 -0.00818363
-0.00451089 -0.00530618  0.00818363           0
Repeater1[0]<--->HoM1[0]
REAL
  0.395442 0.00381679 -0.0133709   0.298266
0.00381679   0.113941 0.00453265 0.00700956
-0.0133709 0.00453265  0.0924933 0.00381679
  0.298266 0.00700956 0.00381679   0.398123
IMAGINARY
          0  0.00688166  -0.0140281 -0.00549397
-0.00688166           0   0.0205724   0.0114172
  0.0140281  -0.0205724           0 -0.00165973
 0.00549397  -0.0114172  0.00165973           0
EndNode1[0]<--->Repeater1[0]
REAL
   0.404826  0.00692809 -0.00292816    0.310533
 0.00692809   0.0965147 -0.00353777 -0.00484386
-0.00292816 -0.00353777    0.115282 -0.00822343
   0.310533 -0.00484386 -0.00822343    0.383378
IMAGINARY
           0  -0.00314705   0.00624465   -0.0160314
  0.00314705            0   -0.0109294   0.00757444
 -0.00624465    0.0109294            0 -0.000621796
   0.0160314  -0.00757444  0.000621796            0
EndNode2[0]<--->HoM1[0]
REAL
   0.385109 -0.00320393  0.00730033    0.292789
-0.00320393    0.100128 -0.00517817 -0.00413978
 0.00730033 -0.00517817    0.103979   0.0139498
   0.292789 -0.00413978   0.0139498    0.410783
IMAGINARY
           0   0.00154421   0.00952986  0.000679935
 -0.00154421            0    0.0135351   0.00635324
 -0.00952986   -0.0135351            0    0.0092563
-0.000679935  -0.00635324   -0.0092563            0
Repeater1[0]<--->EndNode1[0]
REAL
   0.404826 -0.00292816  0.00692809    0.310533
-0.00292816    0.115282 -0.00353777 -0.00822343
 0.00692809 -0.00353777   0.0965147 -0.00484386
   0.310533 -0.00822343 -0.00484386    0.383378
IMAGINARY
           0   0.00624465  -0.00314705   -0.0160314
 -0.00624465            0    0.0109294 -0.000621796
  0.00314705   -0.0109294            0   0.00757444
   0.0160314  0.000621796  -0.00757444            0
Repeater1[0]<--->HoM1[0]
REAL
   0.385109  0.00730033 -0.00320393    0.292789
 0.00730033    0.103979 -0.00517817   0.0139498
-0.00320393 -0.00517817    0.100128 -0.00413978
   0.292789   0.0139498 -0.00413978    0.410783
IMAGINARY
           0   0.00952986   0.00154421  0.000679935
 -0.00952986            0   -0.0135351    0.0092563
 -0.00154421    0.0135351            0   0.00635324
-0.000679935   -0.0092563  -0.00635324            0
EndNode1[0]<--->Repeater1[0]
REAL
   0.405161  -0.0116519   0.0120967    0.302446
 -0.0116519        0.08 -0.00400604 -0.00884572
  0.0120967 -0.00400604    0.109677   0.0162033
   0.302446 -0.00884572   0.0162033    0.405161
IMAGINARY
           0     0.010732   -0.0113931    0.0144439
   -0.010732            0   0.00498615   -0.0034952
   0.0113931  -0.00498615            0 -0.000806452
  -0.0144439    0.0034952  0.000806452            0
EndNode2[0]<--->HoM1[0]
REAL
  0.420635  0.0127646 -0.0127005   0.277353
 0.0127646  0.0965608 0.00740627 -0.0127005
-0.0127005 0.00740627  0.0952381 -0.0127646
  0.277353 -0.0127005 -0.0127646   0.387566
IMAGINARY
          0  0.00391377  0.00180424   0.0168946
-0.00391377           0  -0.0278624 -0.00313403
-0.00180424   0.0278624           0 -0.00125419
 -0.0168946  0.00313403  0.00125419           0
Repeater1[0]<--->EndNode1[0]
REAL
   0.405161   0.0120967  -0.0116519    0.302446
  0.0120967    0.109677 -0.00400604   0.0162033
 -0.0116519 -0.00400604        0.08 -0.00884572
   0.302446   0.0162033 -0.00884572    0.405161
IMAGINARY
           0   -0.0113931     0.010732    0.0144439
   0.0113931            0  -0.00498615 -0.000806452
   -0.010732   0.00498615            0   -0.0034952
  -0.0144439  0.000806452    0.0034952            0
Repeater1[0]<--->HoM1[0]
REAL
  0.420635 -0.0127005  0.0127646   0.277353
-0.0127005  0.0952381 0.00740627 -0.0127646
 0.0127646 0.00740627  0.0965608 -0.0127005
  0.277353 -0.0127646 -0.0127005   0.387566
IMAGINARY
          0  0.00180424  0.00391377   0.0168946
-0.00180424           0   0.0278624 -0.00125419
-0.00391377  -0.0278624           0 -0.00313403
 -0.0168946  0.00125419  0.00313403           0
EndNode1[0]<--->Repeater1[0]
REAL
   0.432976  0.00490793 -0.00711441    0.295027
 0.00490793    0.116622 -0.00940597   0.0182255
-0.00711441 -0.00940597   0.0884718   0.0140463
   0.295027   0.0182255   0.0140463     0.36193
IMAGINARY
          0  0.00875302   0.0012179 -0.00627187
-0.00875302           0  -0.0140844 -0.00317357
 -0.0012179   0.0140844           0  0.00624046
 0.00627187  0.00317357 -0.00624046           0
EndNode2[0]<--->HoM1[0]
REAL
   0.434615   0.0194205   0.0136394    0.310384
  0.0194205         0.1 -0.00136522  0.00227574
  0.0136394 -0.00136522    0.074359 -0.00881039
   0.310384  0.00227574 -0.00881039    0.391026
IMAGINARY
          0 -0.00688168 -0.00103892  0.00198992
 0.00688168           0 -0.00321842   0.0177278
 0.00103892  0.00321842           0 -0.00313168
-0.00198992  -0.0177278  0.00313168           0
Repeater1[0]<--->EndNode1[0]
REAL
   0.432976 -0.00711441  0.00490793    0.295027
-0.00711441   0.0884718 -0.00940597   0.0140463
 0.00490793 -0.00940597    0.116622   0.0182255
   0.295027   0.0140463   0.0182255     0.36193
IMAGINARY
          0   0.0012179  0.00875302 -0.00627187
 -0.0012179           0   0.0140844  0.00624046
-0.00875302  -0.0140844           0 -0.00317357
 0.00627187 -0.00624046  0.00317357           0
Repeater1[0]<--->HoM1[0]
REAL
   0.434615   0.0136394   0.0194205    0.310384
  0.0136394    0.074359 -0.00136522 -0.00881039
  0.0194205 -0.00136522         0.1  0.00227574
   0.310384 -0.00881039  0.00227574    0.391026
IMAGINARY
          0 -0.00103892 -0.00688168  0.00198992
 0.00103892           0  0.00321842 -0.00313168
 0.00688168 -0.00321842           0   0.0177278
-0.00198992  0.00313168  -0.0177278           0
EndNode1[0]<--->Repeater1[0]
REAL
   0.417834 -0.00217723  -0.0230409    0.308976
-0.00217723   0.0764331  0.00118411  0.00165049
 -0.0230409  0.00118411    0.104459  -0.0138655
   0.308976  0.00165049  -0.0138655    0.401274
IMAGINARY
          0  0.00719778 -0.00219874   0.0123434
-0.00719778           0  0.00584986   0.0138871
 0.00219874 -0.00584986           0  0.00968534
 -0.0123434  -0.0138871 -0.00968534           0
EndNode2[0]<--->HoM1[0]
REAL
     0.40709   0.00834108   0.00253883     0.295636
  0.00834108     0.099022   0.00364675  -0.00672043
  0.00253883   0.00364675     0.096577 -0.000575247
    0.295636  -0.00672043 -0.000575247     0.397311
IMAGINARY
          0 -0.00500258   0.0109819  0.00183294
 0.00500258           0  -0.0106049   0.0109819
 -0.0109819   0.0106049           0  -0.0156693
-0.00183294  -0.0109819   0.0156693           0
Repeater1[0]<--->EndNode1[0]
REAL
   0.417834  -0.0230409 -0.00217723    0.308976
 -0.0230409    0.104459  0.00118411  -0.0138655
-0.00217723  0.00118411   0.0764331  0.00165049
   0.308976  -0.0138655  0.00165049    0.401274
IMAGINARY
          0 -0.00219874  0.00719778   0.0123434
 0.00219874           0 -0.00584986  0.00968534
-0.00719778  0.00584986           0   0.0138871
 -0.0123434 -0.00968534  -0.0138871           0
Repeater1[0]<--->HoM1[0]
REAL
     0.40709   0.00253883   0.00834108     0.295636
  0.00253883     0.096577   0.00364675 -0.000575247
  0.00834108   0.00364675     0.099022  -0.00672043
    0.295636 -0.000575247  -0.00672043     0.397311
IMAGINARY
          0   0.0109819 -0.00500258  0.00183294
 -0.0109819           0   0.0106049  -0.0156693
 0.00500258  -0.0106049           0   0.0109819
-0.00183294   0.0156693  -0.0109819           0
EndNode1[0]<--->Repeater1[0]
REAL
   0.418301 -0.00962691  -0.0302657    0.310695
-0.00962691   0.0849673   0.0031693  0.00523365
 -0.0302657   0.0031693   0.0915033  -0.0089867
   0.310695  0.00523365  -0.0089867    0.405229
IMAGINARY
          0   0.0193684   0.0098223   0.0146047
 -0.0193684           0 -0.00477511 -0.00186282
 -0.0098223  0.00477511           0   0.0262177
 -0.0146047  0.00186282  -0.0262177           0
EndNode2[0]<--->HoM1[0]
REAL
   0.408344   0.0167771 -0.00739325    0.304953
  0.0167771   0.0998736  0.00520776 -0.00864953
-0.00739325  0.00520776    0.101138  0.00461324
   0.304953 -0.00864953  0.00461324    0.390645
IMAGINARY
          0  -0.0133413  0.00960619   0.0038784
  0.0133413           0   0.0136313  0.00569994
-0.00960619  -0.0136313           0 -0.00324031
 -0.0038784 -0.00569994  0.00324031           0
Repeater1[0]<--->EndNode1[0]
REAL
   0.418301  -0.0302657 -0.00962691    0.310695
 -0.0302657   0.0915033   0.0031693  -0.0089867
-0.00962691   0.0031693   0.0849673  0.00523365
   0.310695  -0.0089867  0.00523365    0.405229
IMAGINARY
          0   0.0098223   0.0193684   0.0146047
 -0.0098223           0  0.00477511   0.0262177
 -0.0193684 -0.00477511           0 -0.00186282
 -0.0146047  -0.0262177  0.00186282           0
Repeater1[0]<--->HoM1[0]
REAL
   0.408344 -0.00739325   0.0167771    0.304953
-0.00739325    0.101138  0.00520776  0.00461324
  0.0167771  0.00520776   0.0998736 -0.00864953
   0.304953  0.00461324 -0.00864953    0.390645
IMAGINARY
          0  0.00960619  -0.0133413   0.0038784
-0.00960619           0  -0.0136313 -0.00324031
  0.0133413   0.0136313           0  0.00569994
 -0.0038784  0.00324031 -0.00569994           0
EndNode1[0]<--->Repeater1[0]
REAL
   0.396203  0.00501851 0.000665043     0.30283
 0.00501851     0.11519 0.000645735   0.0140408
0.000665043 0.000645735   0.0860759  -0.0103661
    0.30283   0.0140408  -0.0103661    0.402532
IMAGINARY
           0    -0.017029  -0.00153785    0.0141015
    0.017029            0    0.0101952 -0.000889338
  0.00153785   -0.0101952            0    0.0255242
  -0.0141015  0.000889338   -0.0255242            0
EndNode2[0]<--->HoM1[0]
REAL
   0.385246   0.0134271  0.00193633    0.299097
  0.0134271   0.0737705  -0.0207464 0.000640991
 0.00193633  -0.0207464   0.0874317  -0.0134271
   0.299097 0.000640991  -0.0134271    0.453552
IMAGINARY
           0  -0.00379501  -0.00301093  0.000737639
  0.00379501            0     0.013912   -0.0152658
  0.00301093    -0.013912            0    0.0194608
-0.000737639    0.0152658   -0.0194608            0
Repeater1[0]<--->EndNode1[0]
REAL
   0.396203 0.000665043  0.00501851     0.30283
0.000665043   0.0860759 0.000645735  -0.0103661
 0.00501851 0.000645735     0.11519   0.0140408
    0.30283  -0.0103661   0.0140408    0.402532
IMAGINARY
           0  -0.00153785    -0.017029    0.0141015
  0.00153785            0   -0.0101952    0.0255242
    0.017029    0.0101952            0 -0.000889338
  -0.0141015   -0.0255242  0.000889338            0
Repeater1[0]<--->HoM1[0]
REAL
   0.385246  0.00193633   0.0134271    0.299097
 0.00193633   0.0874317  -0.0207464  -0.0134271
  0.0134271  -0.0207464   0.0737705 0.000640991
   0.299097  -0.0134271 0.000640991    0.453552
IMAGINARY
           0  -0.00301093  -0.00379501  0.000737639
  0.00301093            0    -0.013912    0.0194608
  0.00379501     0.013912            0   -0.0152658
-0.000737639   -0.0194608    0.0152658            0
EndNode1[0]<--->Repeater1[0]
REAL
   0.435198  -0.0106656  0.00376316    0.306803
 -0.0106656   0.0736698 -0.00529514  -0.0175823
 0.00376316 -0.00529514    0.113233  -0.0132037
   0.306803  -0.0175823  -0.0132037    0.377899
IMAGINARY
           0  0.000382458   0.00177747   0.00412481
-0.000382458            0   0.00284604   0.00787504
 -0.00177747  -0.00284604            0  -0.00231296
 -0.00412481  -0.00787504   0.00231296            0
EndNode2[0]<--->HoM1[0]
REAL
   0.412658 -0.00210925   0.0140813    0.324698
-0.00210925         0.1  -0.0153543  0.00107018
  0.0140813  -0.0153543    0.110127  0.00337187
   0.324698  0.00107018  0.00337187    0.377215
IMAGINARY
          0  0.00934382   0.0140247 -0.00706049
-0.00934382           0  -0.0165714  0.00483094
 -0.0140247   0.0165714           0   -0.016496
 0.00706049 -0.00483094    0.016496           0
Repeater1[0]<--->EndNode1[0]
REAL
   0.435198  0.00376316  -0.0106656    0.306803
 0.00376316    0.113233 -0.00529514  -0.0132037
 -0.0106656 -0.00529514   0.0736698  -0.0175823
   0.306803  -0.0132037  -0.0175823    0.377899
IMAGINARY
           0   0.00177747  0.000382458   0.00412481
 -0.00177747            0  -0.00284604  -0.00231296
-0.000382458   0.00284604            0   0.00787504
 -0.00412481   0.00231296  -0.00787504            0
Repeater1[0]<--->HoM1[0]
REAL
   0.412658   0.0140813 -0.00210925    0.324698
  0.0140813    0.110127  -0.0153543  0.00337187
-0.00210925  -0.0153543         0.1  0.00107018
   0.324698  0.00337187  0.00107018    0.377215
IMAGINARY
          0   0.0140247  0.00934382 -0.00706049
 -0.0140247           0   0.0165714   -0.016496
-0.00934382  -0.0165714           0  0.00483094
 0.00706049    0.016496 -0.00483094           0
EndNode1[0]<--->Repeater1[0]
REAL
    0.424359   0.00332841 -0.000138217     0.297161
  0.00332841     0.103846   -0.0102156   -0.0146401
-0.000138217   -0.0102156    0.0948718   -0.0193383
    0.297161   -0.0146401   -0.0193383     0.376923
IMAGINARY
          0  -0.0141051  0.00450417 -0.00189394
  0.0141051           0 -0.00189394  0.00642479
-0.00450417  0.00189394           0  0.00181002
 0.00189394 -0.00642479 -0.00181002           0
EndNode2[0]<--->HoM1[0]
REAL
   0.391083  0.00994849   0.0181033    0.306116
 0.00994849   0.0942675 0.000560192   0.0187535
  0.0181033 0.000560192   0.0955414   0.0449889
   0.306116   0.0187535   0.0449889    0.419108
IMAGINARY
           0    0.0162168   0.00302659    0.0117571
  -0.0162168            0 -0.000558162  -0.00555184
 -0.00302659  0.000558162            0  -0.00611575
  -0.0117571   0.00555184   0.00611575            0
Repeater1[0]<--->EndNode1[0]
REAL
    0.424359 -0.000138217   0.00332841     0.297161
-0.000138217    0.0948718   -0.0102156   -0.0193383
  0.00332841   -0.0102156     0.103846   -0.0146401
    0.297161   -0.0193383   -0.0146401     0.376923
IMAGINARY
          0  0.00450417  -0.0141051 -0.00189394
-0.00450417           0  0.00189394  0.00181002
  0.0141051 -0.00189394           0  0.00642479
 0.00189394 -0.00181002 -0.00642479           0
Repeater1[0]<--->HoM1[0]
REAL
   0.391083   0.0181033  0.00994849    0.306116
  0.0181033   0.0955414 0.000560192   0.0449889
 0.00994849 0.000560192   0.0942675   0.0187535
   0.306116   0.0449889   0.0187535    0.419108
IMAGINARY
           0   0.00302659    0.0162168    0.0117571
 -0.00302659            0  0.000558162  -0.00611575
  -0.0162168 -0.000558162            0  -0.00555184
  -0.0117571   0.00611575   0.00555184            0
EndNode1[0]<--->Repeater1[0]
REAL
   0.43083 -0.0195943 0.00126954   0.297751
-0.0195943  0.0948617 0.00147725 0.00194796
0.00126954 0.00147725  0.0961792  0.0125158
  0.297751 0.00194796  0.0125158   0.378129
IMAGINARY
          0 -0.00982697  -0.0112583  -0.0301575
 0.00982697           0   -0.004582 -0.00426969
  0.0112583    0.004582           0  0.00547915
  0.0301575  0.00426969 -0.00547915           0
EndNode2[0]<--->HoM1[0]
REAL
   0.412698  0.00916895  0.00516819     0.29417
 0.00916895   0.0978836 -0.00234892 -0.00702693
 0.00516819 -0.00234892   0.0886243  -0.0184626
    0.29417 -0.00702693  -0.0184626    0.400794
IMAGINARY
           0 -9.65638e-05   -0.0136147  -0.00658251
 9.65638e-05            0   -0.0126228    0.0183002
   0.0136147    0.0126228            0   -0.0179757
  0.00658251   -0.0183002    0.0179757            0
Repeater1[0]<--->EndNode1[0]
REAL
   0.43083 0.00126954 -0.0195943   0.297751
0.00126954  0.0961792 0.00147725  0.0125158
-0.0195943 0.00147725  0.0948617 0.00194796
  0.297751  0.0125158 0.00194796   0.378129
IMAGINARY
          0  -0.0112583 -0.00982697  -0.0301575
  0.0112583           0    0.004582  0.00547915
 0.00982697   -0.004582           0 -0.00426969
  0.0301575 -0.00547915  0.00426969           0
Repeater1[0]<--->HoM1[0]
REAL
   0.412698  0.00516819  0.00916895     0.29417
 0.00516819   0.0886243 -0.00234892  -0.0184626
 0.00916895 -0.00234892   0.0978836 -0.00702693
    0.29417  -0.0184626 -0.00702693    0.400794
IMAGINARY
           0   -0.0136147 -9.65638e-05  -0.00658251
   0.0136147            0    0.0126228   -0.0179757
 9.65638e-05   -0.0126228            0    0.0183002
  0.00658251    0.0179757   -0.0183002            0
EndNode1[0]<--->Repeater1[0]
REAL
   0.403162  -0.0193877  0.00256246    0.309974
 -0.0193877   0.0935441  0.00971932 -0.00128369
 0.00256246  0.00971932    0.102767   0.0270604
   0.309974 -0.00128369   0.0270604    0.400527
IMAGINARY
           0 -0.000997097    0.0167245    0.0198647
 0.000997097            0  -0.00369553  -0.00145732
