EndNode1[0]<--->Repeater1[0]
REAL
    0.45006  -0.0086238 -0.00286343   0.0448799
 -0.0086238    0.172082  -0.0151707 -0.00156135
-0.00286343  -0.0151707    0.150421   0.0117844
  0.0448799 -0.00156135   0.0117844    0.227437
IMAGINARY
           0    0.0151827  0.000212017  -0.00075314
  -0.0151827            0    0.0160254   -0.0147506
-0.000212017   -0.0160254            0   -0.0208717
  0.00075314    0.0147506    0.0208717            0
EndNode2[0]<--->HoM1[0]
REAL
   0.392487  -0.0222948    0.022376   0.0612991
 -0.0222948    0.148964   0.0182611 0.000263023
   0.022376   0.0182611    0.165803    0.010005
  0.0612991 0.000263023    0.010005    0.292746
IMAGINARY
          0   0.0158228   0.0101092 -0.00226725
 -0.0158228           0 -0.00616336  -0.0227675
 -0.0101092  0.00616336           0   0.0158228
 0.00226725   0.0227675  -0.0158228           0
Repeater1[0]<--->EndNode1[0]
REAL
    0.45006 -0.00286343  -0.0086238   0.0448799
-0.00286343    0.150421  -0.0151707   0.0117844
 -0.0086238  -0.0151707    0.172082 -0.00156135
  0.0448799   0.0117844 -0.00156135    0.227437
IMAGINARY
           0  0.000212017    0.0151827  -0.00075314
-0.000212017            0   -0.0160254   -0.0208717
  -0.0151827    0.0160254            0   -0.0147506
  0.00075314    0.0208717    0.0147506            0
Repeater1[0]<--->HoM1[0]
REAL
   0.392487    0.022376  -0.0222948   0.0612991
   0.022376    0.165803   0.0182611    0.010005
 -0.0222948   0.0182611    0.148964 0.000263023
  0.0612991    0.010005 0.000263023    0.292746
IMAGINARY
          0   0.0101092   0.0158228 -0.00226725
 -0.0101092           0  0.00616336   0.0158228
 -0.0158228 -0.00616336           0  -0.0227675
 0.00226725  -0.0158228   0.0227675           0
EndNode1[0]<--->Repeater1[0]
REAL
   0.43179 0.00712725  0.0116843  0.0534815
0.00712725   0.177722 0.00152468 0.00129469
 0.0116843 0.00152468   0.163955 0.00585174
 0.0534815 0.00129469 0.00585174   0.226533
IMAGINARY
           0   -0.0192483  0.000312493   -0.0103148
   0.0192483            0   -0.0147173   0.00441085
-0.000312493    0.0147173            0  -0.00976659
   0.0103148  -0.00441085   0.00976659            0
EndNode2[0]<--->HoM1[0]
REAL
   0.370558 0.000512729 -0.00452196   0.0507726
0.000512729    0.163706  -0.0172674  0.00452196
-0.00452196  -0.0172674    0.182741  0.00979655
  0.0507726  0.00452196  0.00979655    0.282995
IMAGINARY
          0 -0.00536415 -0.00555958   0.0215149
 0.00536415           0 -0.00941296 -0.00130684
 0.00555958  0.00941296           0  0.00224305
 -0.0215149  0.00130684 -0.00224305           0
Repeater1[0]<--->EndNode1[0]
REAL
   0.43179  0.0116843 0.00712725  0.0534815
 0.0116843   0.163955 0.00152468 0.00585174
0.00712725 0.00152468   0.177722 0.00129469
 0.0534815 0.00585174 0.00129469   0.226533
IMAGINARY
           0  0.000312493   -0.0192483   -0.0103148
-0.000312493            0    0.0147173  -0.00976659
   0.0192483   -0.0147173            0   0.00441085
   0.0103148   0.00976659  -0.00441085            0
Repeater1[0]<--->HoM1[0]
REAL
   0.370558 -0.00452196 0.000512729   0.0507726
-0.00452196    0.182741  -0.0172674  0.00979655
0.000512729  -0.0172674    0.163706  0.00452196
  0.0507726  0.00979655  0.00452196    0.282995
IMAGINARY
          0 -0.00555958 -0.00536415   0.0215149
 0.00555958           0  0.00941296  0.00224305
 0.00536415 -0.00941296           0 -0.00130684
 -0.0215149 -0.00224305  0.00130684           0
EndNode1[0]<--->Repeater1[0]
REAL
    0.39295  -0.0267153  0.00231289   0.0412353
 -0.0267153    0.193211 -0.00181104 -0.00168711
 0.00231289 -0.00181104    0.152742  0.00731608
  0.0412353 -0.00168711  0.00731608    0.261097
IMAGINARY
           0  0.000504885   0.00834637    0.0293285
-0.000504885            0  -0.00787203    0.0108589
 -0.00834637   0.00787203            0   0.00545538
  -0.0293285   -0.0108589  -0.00545538            0
EndNode2[0]<--->HoM1[0]
REAL
  0.401973  0.0163831 -0.0209815  0.0460791
 0.0163831   0.155364 -0.0216292 -0.0108034
-0.0209815 -0.0216292   0.166461 -0.0151606
 0.0460791 -0.0108034 -0.0151606   0.276202
IMAGINARY
          0   0.0124589 -0.00907431   0.0306511
 -0.0124589           0  0.00801205 -0.00134235
 0.00907431 -0.00801205           0 -0.00464638
 -0.0306511  0.00134235  0.00464638           0
Repeater1[0]<--->EndNode1[0]
REAL
    0.39295  0.00231289  -0.0267153   0.0412353
 0.00231289    0.152742 -0.00181104  0.00731608
 -0.0267153 -0.00181104    0.193211 -0.00168711
  0.0412353  0.00731608 -0.00168711    0.261097
IMAGINARY
           0   0.00834637  0.000504885    0.0293285
 -0.00834637            0   0.00787203   0.00545538
-0.000504885  -0.00787203            0    0.0108589
  -0.0293285  -0.00545538   -0.0108589            0
Repeater1[0]<--->HoM1[0]
REAL
  0.401973 -0.0209815  0.0163831  0.0460791
-0.0209815   0.166461 -0.0216292 -0.0151606
 0.0163831 -0.0216292   0.155364 -0.0108034
 0.0460791 -0.0151606 -0.0108034   0.276202
IMAGINARY
          0 -0.00907431   0.0124589   0.0306511
 0.00907431           0 -0.00801205 -0.00464638
 -0.0124589  0.00801205           0 -0.00134235
 -0.0306511  0.00464638  0.00134235           0
EndNode1[0]<--->Repeater1[0]
REAL
   0.390897 -0.00818237 -0.00558081   0.0418167
-0.00818237    0.187416   0.0312904  -0.0126959
-0.00558081   0.0312904     0.16332  -0.0113999
  0.0418167  -0.0126959  -0.0113999    0.258367
IMAGINARY
           0  0.000240309   -0.0145219    0.0164459
-0.000240309            0  -0.00767401    0.0105746
   0.0145219   0.00767401            0   -0.0015561
  -0.0164459   -0.0105746    0.0015561            0
EndNode2[0]<--->HoM1[0]
REAL
    0.42875  -0.0120622 -0.00433403   0.0388996
 -0.0120622      0.1575  -0.0220457   -0.010023
-0.00433403  -0.0220457     0.16125 -0.00354324
  0.0388996   -0.010023 -0.00354324      0.2525
IMAGINARY
          0  -0.0271765   0.0170941  0.00711685
  0.0271765           0   0.0350027  -0.0133628
 -0.0170941  -0.0350027           0  -0.0151121
-0.00711685   0.0133628   0.0151121           0
Repeater1[0]<--->EndNode1[0]
REAL
   0.390897 -0.00558081 -0.00818237   0.0418167
-0.00558081     0.16332   0.0312904  -0.0113999
-0.00818237   0.0312904    0.187416  -0.0126959
  0.0418167  -0.0113999  -0.0126959    0.258367
IMAGINARY
           0   -0.0145219  0.000240309    0.0164459
   0.0145219            0   0.00767401   -0.0015561
-0.000240309  -0.00767401            0    0.0105746
  -0.0164459    0.0015561   -0.0105746            0
Repeater1[0]<--->HoM1[0]
REAL
    0.42875 -0.00433403  -0.0120622   0.0388996
-0.00433403     0.16125  -0.0220457 -0.00354324
 -0.0120622  -0.0220457      0.1575   -0.010023
  0.0388996 -0.00354324   -0.010023      0.2525
IMAGINARY
          0   0.0170941  -0.0271765  0.00711685
 -0.0170941           0  -0.0350027  -0.0151121
  0.0271765   0.0350027           0  -0.0133628
-0.00711685   0.0151121   0.0133628           0
EndNode1[0]<--->Repeater1[0]
REAL
   0.390547  0.00132901  0.00251614   0.0419031
 0.00132901    0.180348 0.000919536   0.0101497
 0.00251614 0.000919536    0.170398 -0.00675724
  0.0419031   0.0101497 -0.00675724    0.258706
IMAGINARY
           0 -0.000503218   0.00283733  -0.00396009
 0.000503218            0   0.00651111   0.00283733
 -0.00283733  -0.00651111            0   0.00491684
  0.00396009  -0.00283733  -0.00491684            0
EndNode2[0]<--->HoM1[0]
REAL
   0.375315  0.00464092 -0.00180933   0.0339249
 0.00464092    0.138539  -0.0154974 -0.00310467
-0.00180933  -0.0154974     0.18136  0.00273009
  0.0339249 -0.00310467  0.00273009    0.304786
IMAGINARY
          0  -0.0101778   0.0233708  -0.0130098
  0.0101778           0  -0.0164019 -0.00604093
 -0.0233708   0.0164019           0   -0.016138
  0.0130098  0.00604093    0.016138           0
Repeater1[0]<--->EndNode1[0]
REAL
   0.390547  0.00251614  0.00132901   0.0419031
 0.00251614    0.170398 0.000919536 -0.00675724
 0.00132901 0.000919536    0.180348   0.0101497
  0.0419031 -0.00675724   0.0101497    0.258706
IMAGINARY
           0   0.00283733 -0.000503218  -0.00396009
 -0.00283733            0  -0.00651111   0.00491684
 0.000503218   0.00651111            0   0.00283733
  0.00396009  -0.00491684  -0.00283733            0
Repeater1[0]<--->HoM1[0]
REAL
   0.375315 -0.00180933  0.00464092   0.0339249
-0.00180933     0.18136  -0.0154974  0.00273009
 0.00464092  -0.0154974    0.138539 -0.00310467
  0.0339249  0.00273009 -0.00310467    0.304786
IMAGINARY
          0   0.0233708  -0.0101778  -0.0130098
 -0.0233708           0   0.0164019   -0.016138
  0.0101778  -0.0164019           0 -0.00604093
  0.0130098    0.016138  0.00604093           0
EndNode1[0]<--->Repeater1[0]
REAL
    0.410127   0.00100983 -0.000139663    0.0315823
  0.00100983     0.191139   -0.0105095  -0.00560746
-0.000139663   -0.0105095     0.156962   -0.0080341
   0.0315823  -0.00560746   -0.0080341     0.241772
IMAGINARY
           0   -0.0145464  7.95033e-05 -0.000126638
   0.0145464            0   0.00739216  -0.00263052
-7.95033e-05  -0.00739216            0  -0.00458625
 0.000126638   0.00263052   0.00458625            0
EndNode2[0]<--->HoM1[0]
REAL
   0.415855 -0.00353181  0.00771373    0.046917
-0.00353181    0.173853  -0.0123016 -0.00899578
 0.00771373  -0.0123016    0.166898  0.00609592
   0.046917 -0.00899578  0.00609592    0.243394
IMAGINARY
          0  -0.0258106  0.00751704   0.0037051
  0.0258106           0  -0.0104702  -0.0117905
-0.00751704   0.0104702           0   0.0117691
 -0.0037051   0.0117905  -0.0117691           0
Repeater1[0]<--->EndNode1[0]
REAL
    0.410127 -0.000139663   0.00100983    0.0315823
-0.000139663     0.156962   -0.0105095   -0.0080341
  0.00100983   -0.0105095     0.191139  -0.00560746
   0.0315823   -0.0080341  -0.00560746     0.241772
IMAGINARY
           0  7.95033e-05   -0.0145464 -0.000126638
-7.95033e-05            0  -0.00739216  -0.00458625
   0.0145464   0.00739216            0  -0.00263052
 0.000126638   0.00458625   0.00263052            0
Repeater1[0]<--->HoM1[0]
REAL
   0.415855  0.00771373 -0.00353181    0.046917
 0.00771373    0.166898  -0.0123016  0.00609592
-0.00353181  -0.0123016    0.173853 -0.00899578
   0.046917  0.00609592 -0.00899578    0.243394
IMAGINARY
          0  0.00751704  -0.0258106   0.0037051
-0.00751704           0   0.0104702   0.0117691
  0.0258106  -0.0104702           0  -0.0117905
 -0.0037051  -0.0117691   0.0117905           0
EndNode1[0]<--->Repeater1[0]
REAL
   0.442728 -0.00232123    -0.02248     0.04051
-0.00232123    0.168597  0.00889711  -0.0137519
   -0.02248  0.00889711    0.146718  -0.0101952
    0.04051  -0.0137519  -0.0101952    0.241956
IMAGINARY
          0  -0.0171836 -0.00873218    0.019358
  0.0171836           0  -0.0101957   0.0261515
 0.00873218   0.0101957           0 -0.00926802
  -0.019358  -0.0261515  0.00926802           0
EndNode2[0]<--->HoM1[0]
REAL
    0.42228  -0.0180874    0.012254   0.0673029
 -0.0180874    0.160622   0.0120329  -0.0239391
   0.012254   0.0120329    0.159326 -0.00343777
  0.0673029  -0.0239391 -0.00343777    0.257772
IMAGINARY
          0  0.00880772   0.0131427 -0.00316229
-0.00880772           0 -0.00119637   0.0202763
 -0.0131427  0.00119637           0  -0.0139491
 0.00316229  -0.0202763   0.0139491           0
Repeater1[0]<--->EndNode1[0]
REAL
   0.442728    -0.02248 -0.00232123     0.04051
   -0.02248    0.146718  0.00889711  -0.0101952
-0.00232123  0.00889711    0.168597  -0.0137519
    0.04051  -0.0101952  -0.0137519    0.241956
IMAGINARY
          0 -0.00873218  -0.0171836    0.019358
 0.00873218           0   0.0101957 -0.00926802
  0.0171836  -0.0101957           0   0.0261515
  -0.019358  0.00926802  -0.0261515           0
Repeater1[0]<--->HoM1[0]
REAL
    0.42228    0.012254  -0.0180874   0.0673029
   0.012254    0.159326   0.0120329 -0.00343777
 -0.0180874   0.0120329    0.160622  -0.0239391
  0.0673029 -0.00343777  -0.0239391    0.257772
IMAGINARY
          0   0.0131427  0.00880772 -0.00316229
 -0.0131427           0  0.00119637  -0.0139491
-0.00880772 -0.00119637           0   0.0202763
 0.00316229   0.0139491  -0.0202763           0
EndNode1[0]<--->Repeater1[0]
REAL
  0.395674  0.0144328 -0.0197068  0.0434448
 0.0144328   0.181934 0.00768404 0.00709059
-0.0197068 0.00768404   0.160305 0.00747956
 0.0434448 0.00709059 0.00747956   0.262087
IMAGINARY
           0    0.0257232   0.00261363  -0.00651806
  -0.0257232            0    0.0145131  0.000637345
 -0.00261363   -0.0145131            0  0.000934803
  0.00651806 -0.000637345 -0.000934803            0
EndNode2[0]<--->HoM1[0]
REAL
   0.388462  0.00265385  -0.0218455   0.0229603
 0.00265385    0.144872   0.0145732  -0.0130071
 -0.0218455   0.0145732    0.185897 -0.00935626
  0.0229603  -0.0130071 -0.00935626    0.280769
IMAGINARY
           0  0.000177887   -0.0223669   -0.0227541
-0.000177887            0  -0.00205982   -0.0105363
   0.0223669   0.00205982            0    0.0133705
   0.0227541    0.0105363   -0.0133705            0
Repeater1[0]<--->EndNode1[0]
REAL
  0.395674 -0.0197068  0.0144328  0.0434448
-0.0197068   0.160305 0.00768404 0.00747956
 0.0144328 0.00768404   0.181934 0.00709059
 0.0434448 0.00747956 0.00709059   0.262087
IMAGINARY
           0   0.00261363    0.0257232  -0.00651806
 -0.00261363            0   -0.0145131  0.000934803
  -0.0257232    0.0145131            0  0.000637345
  0.00651806 -0.000934803 -0.000637345            0
Repeater1[0]<--->HoM1[0]
REAL
   0.388462  -0.0218455  0.00265385   0.0229603
 -0.0218455    0.185897   0.0145732 -0.00935626
 0.00265385   0.0145732    0.144872  -0.0130071
  0.0229603 -0.00935626  -0.0130071    0.280769
IMAGINARY
           0   -0.0223669  0.000177887   -0.0227541
   0.0223669            0   0.00205982    0.0133705
-0.000177887  -0.00205982            0   -0.0105363
   0.0227541   -0.0133705    0.0105363            0
EndNode1[0]<--->Repeater1[0]
REAL
   0.407005 -0.00188584  -0.0101954   0.0472721
-0.00188584    0.189614   0.0093317  0.00480458
 -0.0101954   0.0093317    0.166667   0.0140152
  0.0472721  0.00480458   0.0140152    0.236715
IMAGINARY
          0 -0.00362604   0.0125507   0.0264967
 0.00362604           0  0.00458437  -0.0044206
 -0.0125507 -0.00458437           0  -0.0112791
 -0.0264967   0.0044206   0.0112791           0
EndNode2[0]<--->HoM1[0]
REAL
   0.409623 -0.00186718  -0.0140804   0.0212512
-0.00186718    0.143043   0.0113009 -0.00935708
 -0.0140804   0.0113009    0.161248   0.0161901
  0.0212512 -0.00935708   0.0161901    0.286086
IMAGINARY
          0  -0.0039454 -0.00433941   0.0102548
  0.0039454           0 -0.00760231 -0.00063571
 0.00433941  0.00760231           0   0.0188708
 -0.0102548  0.00063571  -0.0188708           0
Repeater1[0]<--->EndNode1[0]
REAL
   0.407005  -0.0101954 -0.00188584   0.0472721
 -0.0101954    0.166667   0.0093317   0.0140152
-0.00188584   0.0093317    0.189614  0.00480458
  0.0472721   0.0140152  0.00480458    0.236715
IMAGINARY
          0   0.0125507 -0.00362604   0.0264967
 -0.0125507           0 -0.00458437  -0.0112791
 0.00362604  0.00458437           0  -0.0044206
 -0.0264967   0.0112791   0.0044206           0
Repeater1[0]<--->HoM1[0]
REAL
   0.409623  -0.0140804 -0.00186718   0.0212512
 -0.0140804    0.161248   0.0113009   0.0161901
-0.00186718   0.0113009    0.143043 -0.00935708
  0.0212512   0.0161901 -0.00935708    0.286086
IMAGINARY
          0 -0.00433941  -0.0039454   0.0102548
 0.00433941           0  0.00760231   0.0188708
  0.0039454 -0.00760231           0 -0.00063571
 -0.0102548  -0.0188708  0.00063571           0
EndNode1[0]<--->Repeater1[0]
REAL
   0.413299  0.00416467  0.00419355   0.0419603
 0.00416467    0.152542  -0.0051861  0.00419355
 0.00419355  -0.0051861    0.148631 -0.00222919
  0.0419603  0.00419355 -0.00222919    0.285528
IMAGINARY
           0   0.00211619    0.0134371  0.000882677
 -0.00211619            0   0.00416783  -0.00599294
  -0.0134371  -0.00416783            0   0.00408728
-0.000882677   0.00599294  -0.00408728            0
EndNode2[0]<--->HoM1[0]
REAL
    0.396158    0.0256259 -0.000686703    0.0586118
   0.0256259     0.159664   0.00906228  -0.00391251
-0.000686703   0.00906228     0.181273  -0.00788612
   0.0586118  -0.00391251  -0.00788612     0.262905
IMAGINARY
          0  -0.0250749  -0.0263158 -0.00886059
  0.0250749           0   0.0134719  0.00250627
  0.0263158  -0.0134719           0  0.00512641
 0.00886059 -0.00250627 -0.00512641           0
Repeater1[0]<--->EndNode1[0]
REAL
   0.413299  0.00419355  0.00416467   0.0419603
 0.00419355    0.148631  -0.0051861 -0.00222919
 0.00416467  -0.0051861    0.152542  0.00419355
  0.0419603 -0.00222919  0.00419355    0.285528
IMAGINARY
           0    0.0134371   0.00211619  0.000882677
  -0.0134371            0  -0.00416783   0.00408728
 -0.00211619   0.00416783            0  -0.00599294
-0.000882677  -0.00408728   0.00599294            0
Repeater1[0]<--->HoM1[0]
REAL
    0.396158 -0.000686703    0.0256259    0.0586118
-0.000686703     0.181273   0.00906228  -0.00788612
   0.0256259   0.00906228     0.159664  -0.00391251
   0.0586118  -0.00788612  -0.00391251     0.262905
IMAGINARY
          0  -0.0263158  -0.0250749 -0.00886059
  0.0263158           0  -0.0134719  0.00512641
  0.0250749   0.0134719           0  0.00250627
 0.00886059 -0.00512641 -0.00250627           0
EndNode1[0]<--->Repeater1[0]
REAL
  0.396201 0.00766319  0.0039267  0.0462546
0.00766319   0.202171  0.0101179 -0.0039267
 0.0039267  0.0101179   0.166893  0.0266505
 0.0462546 -0.0039267  0.0266505   0.234735
IMAGINARY
          0   0.0153987 -0.00320754   0.0054307
 -0.0153987           0  -0.0191807  -0.0105901
 0.00320754   0.0191807           0  0.00496924
 -0.0054307   0.0105901 -0.00496924           0
EndNode2[0]<--->HoM1[0]
REAL
    0.405836   0.00394048    0.0180773     0.055969
  0.00394048      0.15252  -0.00392684    0.0115669
   0.0180773  -0.00392684     0.159151 -0.000646674
    0.055969    0.0115669 -0.000646674     0.282493
IMAGINARY
          0   0.0214265 -0.00551063  -0.0104696
 -0.0214265           0 -0.00464209 -0.00490604
 0.00551063  0.00464209           0   -0.013614
  0.0104696  0.00490604    0.013614           0
Repeater1[0]<--->EndNode1[0]
REAL
  0.396201  0.0039267 0.00766319  0.0462546
 0.0039267   0.166893  0.0101179  0.0266505
0.00766319  0.0101179   0.202171 -0.0039267
 0.0462546  0.0266505 -0.0039267   0.234735
IMAGINARY
          0 -0.00320754   0.0153987   0.0054307
 0.00320754           0   0.0191807  0.00496924
 -0.0153987  -0.0191807           0  -0.0105901
 -0.0054307 -0.00496924   0.0105901           0
Repeater1[0]<--->HoM1[0]
REAL
    0.405836    0.0180773   0.00394048     0.055969
   0.0180773     0.159151  -0.00392684 -0.000646674
  0.00394048  -0.00392684      0.15252    0.0115669
    0.055969 -0.000646674    0.0115669     0.282493
IMAGINARY
          0 -0.00551063   0.0214265  -0.0104696
 0.00551063           0  0.00464209   -0.013614
 -0.0214265 -0.00464209           0 -0.00490604
  0.0104696    0.013614  0.00490604           0
EndNode1[0]<--->Repeater1[0]
REAL
   0.393862  -0.0132219 -0.00689575   0.0421638
 -0.0132219    0.194373   0.0058362 -0.00110425
-0.00689575   0.0058362    0.176471  0.00922195
  0.0421638 -0.00110425  0.00922195    0.235294
IMAGINARY
          0   -0.011889  0.00191966   0.0254259
   0.011889           0   0.0101975   0.0225189
-0.00191966  -0.0101975           0  0.00726552
 -0.0254259  -0.0225189 -0.00726552           0
EndNode2[0]<--->HoM1[0]
REAL
  0.403974 -0.0306195  0.0021162  0.0764627
-0.0306195   0.139073  0.0214755 -0.0111368
 0.0021162  0.0214755   0.157616 0.00355768
 0.0764627 -0.0111368 0.00355768   0.299338
IMAGINARY
          0 -0.00225139   0.0179731  0.00957783
 0.00225139           0   0.0115489   -0.012858
 -0.0179731  -0.0115489           0  0.00480894
-0.00957783    0.012858 -0.00480894           0
Repeater1[0]<--->EndNode1[0]
REAL
   0.393862 -0.00689575  -0.0132219   0.0421638
-0.00689575    0.176471   0.0058362  0.00922195
 -0.0132219   0.0058362    0.194373 -0.00110425
  0.0421638  0.00922195 -0.00110425    0.235294
IMAGINARY
          0  0.00191966   -0.011889   0.0254259
-0.00191966           0  -0.0101975  0.00726552
   0.011889   0.0101975           0   0.0225189
 -0.0254259 -0.00726552  -0.0225189           0
Repeater1[0]<--->HoM1[0]
REAL
  0.403974  0.0021162 -0.0306195  0.0764627
 0.0021162   0.157616  0.0214755 0.00355768
-0.0306195  0.0214755   0.139073 -0.0111368
 0.0764627 0.00355768 -0.0111368   0.299338
IMAGINARY
          0   0.0179731 -0.00225139  0.00957783
 -0.0179731           0  -0.0115489  0.00480894
 0.00225139   0.0115489           0   -0.012858
-0.00957783 -0.00480894    0.012858           0
EndNode1[0]<--->Repeater1[0]
REAL
   0.394265 -0.00689675 -0.00458376   0.0572718
-0.00689675    0.189964 1.98791e-05 -0.00322874
-0.00458376 1.98791e-05    0.174432 -0.00872825
  0.0572718 -0.00322874 -0.00872825    0.241338
IMAGINARY
          0  0.00221876   0.0174207  0.00891737
-0.00221876           0  0.00449259  -0.0136039
 -0.0174207 -0.00449259           0   0.0143207
-0.00891737   0.0136039  -0.0143207           0
EndNode2[0]<--->HoM1[0]
REAL
   0.401015   0.0004281   0.0154897    0.047031
  0.0004281    0.153553   0.0146295 -0.00389017
  0.0154897   0.0146295     0.17132  -0.0193536
   0.047031 -0.00389017  -0.0193536    0.274112
IMAGINARY
           0   -0.0039903    0.0125958  0.000635328
   0.0039903            0 -1.61456e-06   0.00328729
  -0.0125958  1.61456e-06            0    0.0160615
-0.000635328  -0.00328729   -0.0160615            0
Repeater1[0]<--->EndNode1[0]
REAL
   0.394265 -0.00458376 -0.00689675   0.0572718
-0.00458376    0.174432 1.98791e-05 -0.00872825
-0.00689675 1.98791e-05    0.189964 -0.00322874
  0.0572718 -0.00872825 -0.00322874    0.241338
IMAGINARY
          0   0.0174207  0.00221876  0.00891737
 -0.0174207           0 -0.00449259   0.0143207
-0.00221876  0.00449259           0  -0.0136039
-0.00891737  -0.0143207   0.0136039           0
Repeater1[0]<--->HoM1[0]
REAL
   0.401015   0.0154897   0.0004281    0.047031
  0.0154897     0.17132   0.0146295  -0.0193536
  0.0004281   0.0146295    0.153553 -0.00389017
   0.047031  -0.0193536 -0.00389017    0.274112
IMAGINARY
           0    0.0125958   -0.0039903  0.000635328
  -0.0125958            0  1.61456e-06    0.0160615
   0.0039903 -1.61456e-06            0   0.00328729
-0.000635328   -0.0160615  -0.00328729            0
EndNode1[0]<--->Repeater1[0]
REAL
   0.442186 -0.00783311    0.013147   0.0295126
-0.00783311    0.170267 -0.00982753   0.0157244
   0.013147 -0.00982753    0.152478 -4.0904e-05
  0.0295126   0.0157244 -4.0904e-05     0.23507
IMAGINARY
           0  -0.00938234   0.00474488    0.0141169
  0.00938234            0   -0.0191295  0.000331261
 -0.00474488    0.0191295            0  0.000499087
  -0.0141169 -0.000331261 -0.000499087            0
EndNode2[0]<--->HoM1[0]
REAL
   0.420513   0.0156454  -0.0195304   0.0547347
  0.0156454    0.144872  0.00328353 0.000625611
 -0.0195304  0.00328353    0.147436  0.00325945
  0.0547347 0.000625611  0.00325945    0.287179
IMAGINARY
           0 -0.000533671  -0.00311197   0.00561631
 0.000533671            0    0.0126227    0.0281779
  0.00311197   -0.0126227            0   0.00449145
 -0.00561631   -0.0281779  -0.00449145            0
Repeater1[0]<--->EndNode1[0]
REAL
   0.442186    0.013147 -0.00783311   0.0295126
   0.013147    0.152478 -0.00982753 -4.0904e-05
-0.00783311 -0.00982753    0.170267   0.0157244
  0.0295126 -4.0904e-05   0.0157244     0.23507
IMAGINARY
           0   0.00474488  -0.00938234    0.0141169
 -0.00474488            0    0.0191295  0.000499087
  0.00938234   -0.0191295            0  0.000331261
  -0.0141169 -0.000499087 -0.000331261            0
Repeater1[0]<--->HoM1[0]
REAL
   0.420513  -0.0195304   0.0156454   0.0547347
 -0.0195304    0.147436  0.00328353  0.00325945
  0.0156454  0.00328353    0.144872 0.000625611
  0.0547347  0.00325945 0.000625611    0.287179
IMAGINARY
           0  -0.00311197 -0.000533671   0.00561631
  0.00311197            0   -0.0126227   0.00449145
 0.000533671    0.0126227            0    0.0281779
 -0.00561631  -0.00449145   -0.0281779            0
EndNode1[0]<--->Repeater1[0]
REAL
   0.422336   0.0115525  -0.0154683   0.0405756
  0.0115525    0.179718  0.00510039  -0.0314257
 -0.0154683  0.00510039    0.139923 -0.00119923
  0.0405756  -0.0314257 -0.00119923    0.258023
IMAGINARY
           0  -0.00490681  -0.00957716    0.0342786
  0.00490681            0   -0.0017633  -0.00581776
  0.00957716    0.0017633            0  0.000221398
  -0.0342786   0.00581776 -0.000221398            0
EndNode2[0]<--->HoM1[0]
REAL
   0.401617  -0.0110343  0.00150562   0.0618488
 -0.0110343    0.142857   0.0153664 -0.00656891
 0.00150562   0.0153664    0.184636  0.00343937
  0.0618488 -0.00656891  0.00343937    0.270889
IMAGINARY
           0   -0.0105662   0.00819095   -0.0120055
   0.0105662            0    0.0159843     0.018191
 -0.00819095   -0.0159843            0  0.000515943
   0.0120055    -0.018191 -0.000515943            0
Repeater1[0]<--->EndNode1[0]
REAL
   0.422336  -0.0154683   0.0115525   0.0405756
 -0.0154683    0.139923  0.00510039 -0.00119923
  0.0115525  0.00510039    0.179718  -0.0314257
  0.0405756 -0.00119923  -0.0314257    0.258023
IMAGINARY
           0  -0.00957716  -0.00490681    0.0342786
  0.00957716            0    0.0017633  0.000221398
  0.00490681   -0.0017633            0  -0.00581776
  -0.0342786 -0.000221398   0.00581776            0
Repeater1[0]<--->HoM1[0]
REAL
   0.401617  0.00150562  -0.0110343   0.0618488
 0.00150562    0.184636   0.0153664  0.00343937
 -0.0110343   0.0153664    0.142857 -0.00656891
  0.0618488  0.00343937 -0.00656891    0.270889
IMAGINARY
           0   0.00819095   -0.0105662   -0.0120055
 -0.00819095            0   -0.0159843  0.000515943
   0.0105662    0.0159843            0     0.018191
   0.0120055 -0.000515943    -0.018191            0
EndNode1[0]<--->Repeater1[0]
REAL
   0.410539  0.00888491   0.0203802   0.0290738
 0.00888491    0.177696  0.00692617 -0.00304685
  0.0203802  0.00692617    0.164216   0.0191151
  0.0290738 -0.00304685   0.0191151    0.247549
IMAGINARY
          0 -0.00806753  -0.0215555  -0.0193955
 0.00806753           0  0.00262527  0.00880384
  0.0215555 -0.00262527           0  0.00739639
  0.0193955 -0.00880384 -0.00739639           0
EndNode2[0]<--->HoM1[0]
REAL
   0.388387 -0.00543617  0.00799941   0.0502942
-0.00543617    0.149677 -0.00010364  -0.0124467
 0.00799941 -0.00010364    0.170323  -0.0117176
  0.0502942  -0.0124467  -0.0117176    0.291613
IMAGINARY
          0  0.00712049 -0.00802413   0.0144991
-0.00712049           0  -0.0247031  0.00935039
 0.00802413   0.0247031           0  -0.0124255
 -0.0144991 -0.00935039   0.0124255           0
Repeater1[0]<--->EndNode1[0]
REAL
   0.410539   0.0203802  0.00888491   0.0290738
  0.0203802    0.164216  0.00692617   0.0191151
 0.00888491  0.00692617    0.177696 -0.00304685
  0.0290738   0.0191151 -0.00304685    0.247549
IMAGINARY
          0  -0.0215555 -0.00806753  -0.0193955
  0.0215555           0 -0.00262527  0.00739639
 0.00806753  0.00262527           0  0.00880384
  0.0193955 -0.00739639 -0.00880384           0
Repeater1[0]<--->HoM1[0]
REAL
   0.388387  0.00799941 -0.00543617   0.0502942
 0.00799941    0.170323 -0.00010364  -0.0117176
-0.00543617 -0.00010364    0.149677  -0.0124467
  0.0502942  -0.0117176  -0.0124467    0.291613
IMAGINARY
          0 -0.00802413  0.00712049   0.0144991
 0.00802413           0   0.0247031  -0.0124255
-0.00712049  -0.0247031           0  0.00935039
 -0.0144991   0.0124255 -0.00935039           0
EndNode1[0]<--->Repeater1[0]
REAL
   0.407895 -0.00216241  -0.0132855   0.0364685
-0.00216241    0.172368 -0.00807349  -0.0126404
 -0.0132855 -0.00807349       0.175 -0.00154129
  0.0364685  -0.0126404 -0.00154129    0.244737
IMAGINARY
          0  0.00765319 -0.00180206   0.0079145
-0.00765319           0   0.0162585   0.0149765
 0.00180206  -0.0162585           0  -0.0145541
 -0.0079145  -0.0149765   0.0145541           0
EndNode2[0]<--->HoM1[0]
REAL
  0.363515  0.0106376  0.0156706  0.0590149
 0.0106376   0.167776 0.00412946 0.00623663
 0.0156706 0.00412946   0.183755  0.0125582
 0.0590149 0.00623663  0.0125582   0.284953
IMAGINARY
          0   0.0076233  -0.0200344  0.00186487
 -0.0076233           0 -0.00650063   0.0146061
  0.0200344  0.00650063           0 -0.00340134
-0.00186487  -0.0146061  0.00340134           0
Repeater1[0]<--->EndNode1[0]
REAL
   0.407895  -0.0132855 -0.00216241   0.0364685
 -0.0132855       0.175 -0.00807349 -0.00154129
-0.00216241 -0.00807349    0.172368  -0.0126404
  0.0364685 -0.00154129  -0.0126404    0.244737
IMAGINARY
          0 -0.00180206  0.00765319   0.0079145
 0.00180206           0  -0.0162585  -0.0145541
-0.00765319   0.0162585           0   0.0149765
 -0.0079145   0.0145541  -0.0149765           0
Repeater1[0]<--->HoM1[0]
REAL
  0.363515  0.0156706  0.0106376  0.0590149
 0.0156706   0.183755 0.00412946  0.0125582
 0.0106376 0.00412946   0.167776 0.00623663
 0.0590149  0.0125582 0.00623663   0.284953
IMAGINARY
          0  -0.0200344   0.0076233  0.00186487
  0.0200344           0  0.00650063 -0.00340134
 -0.0076233 -0.00650063           0   0.0146061
-0.00186487  0.00340134  -0.0146061           0
EndNode1[0]<--->Repeater1[0]
REAL
   0.404313    0.010803   0.0139182   0.0270784
   0.010803    0.156334 -0.00777582   0.0203284
  0.0139182 -0.00777582    0.179245  0.00351826
  0.0270784   0.0203284  0.00351826    0.260108
IMAGINARY
           0    0.0211248   -0.0105545   0.00944882
  -0.0211248            0   -0.0238845 -0.000218607
   0.0105545    0.0238845            0   0.00612484
 -0.00944882  0.000218607  -0.00612484            0
EndNode2[0]<--->HoM1[0]
REAL
   0.420233  0.00933335  0.00100269    0.055682
 0.00933335    0.155642   -0.016123   0.0061309
 0.00100269   -0.016123    0.168612 -0.00609081
   0.055682   0.0061309 -0.00609081    0.255512
IMAGINARY
          0 -0.00594809  0.00683081 -0.00285509
 0.00594809           0   0.0159784  -0.0140772
-0.00683081  -0.0159784           0   0.0197821
 0.00285509   0.0140772  -0.0197821           0
Repeater1[0]<--->EndNode1[0]
REAL
   0.404313   0.0139182    0.010803   0.0270784
  0.0139182    0.179245 -0.00777582  0.00351826
   0.010803 -0.00777582    0.156334   0.0203284
  0.0270784  0.00351826   0.0203284    0.260108
IMAGINARY
           0   -0.0105545    0.0211248   0.00944882
   0.0105545            0    0.0238845   0.00612484
  -0.0211248   -0.0238845            0 -0.000218607
 -0.00944882  -0.00612484  0.000218607            0
Repeater1[0]<--->HoM1[0]
REAL
   0.420233  0.00100269  0.00933335    0.055682
 0.00100269    0.168612   -0.016123 -0.00609081
 0.00933335   -0.016123    0.155642   0.0061309
   0.055682 -0.00609081   0.0061309    0.255512
IMAGINARY
          0  0.00683081 -0.00594809 -0.00285509
-0.00683081           0  -0.0159784   0.0197821
 0.00594809   0.0159784           0  -0.0140772
 0.00285509  -0.0197821   0.0140772           0
EndNode1[0]<--->Repeater1[0]
REAL
   0.419799  0.00692734 -0.00770686   0.0279221
 0.00692734    0.190476 -0.00974026   0.0142004
-0.00770686 -0.00974026    0.165414 -0.00952474
  0.0279221   0.0142004 -0.00952474    0.224311
IMAGINARY
           0   0.00273411  0.000909091   0.00592267
 -0.00273411            0    0.0109605 -0.000909091
-0.000909091   -0.0109605            0    0.0102529
 -0.00592267  0.000909091   -0.0102529            0
EndNode2[0]<--->HoM1[0]
REAL
  0.398506 0.00654886 -0.0248791  0.0392376
0.00654886    0.16812  0.0059947 -0.0142408
-0.0248791  0.0059947   0.181818 -0.0138838
 0.0392376 -0.0142408 -0.0138838   0.251557
IMAGINARY
          0  0.00305937  -0.0206203 -0.00958047
-0.00305937           0   0.0137356   0.0158713
  0.0206203  -0.0137356           0  -0.0064515
 0.00958047  -0.0158713   0.0064515           0
Repeater1[0]<--->EndNode1[0]
REAL
   0.419799 -0.00770686  0.00692734   0.0279221
-0.00770686    0.165414 -0.00974026 -0.00952474
 0.00692734 -0.00974026    0.190476   0.0142004
  0.0279221 -0.00952474   0.0142004    0.224311
IMAGINARY
           0  0.000909091   0.00273411   0.00592267
-0.000909091            0   -0.0109605    0.0102529
 -0.00273411    0.0109605            0 -0.000909091
 -0.00592267   -0.0102529  0.000909091            0
Repeater1[0]<--->HoM1[0]
REAL
  0.398506 -0.0248791 0.00654886  0.0392376
-0.0248791   0.181818  0.0059947 -0.0138838
0.00654886  0.0059947    0.16812 -0.0142408
 0.0392376 -0.0138838 -0.0142408   0.251557
IMAGINARY
          0  -0.0206203  0.00305937 -0.00958047
  0.0206203           0  -0.0137356  -0.0064515
-0.00305937   0.0137356           0   0.0158713
 0.00958047   0.0064515  -0.0158713           0
EndNode1[0]<--->Repeater1[0]
REAL
   0.398487  -0.0143399 -0.00353358   0.0490365
 -0.0143399    0.176545   0.0242969  -0.0151331
-0.00353358   0.0242969    0.191677  -0.0149935
  0.0490365  -0.0151331  -0.0149935    0.233291
IMAGINARY
          0  -0.0260417 -0.00693291   0.0141278
  0.0260417           0 -0.00282131   0.0147454
 0.00693291  0.00282131           0  0.00390625
 -0.0141278  -0.0147454 -0.00390625           0
EndNode2[0]<--->HoM1[0]
REAL
   0.378947  -0.0137445 -0.00490403   0.0475024
 -0.0137445    0.156579 -0.00275533  -0.0255759
-0.00490403 -0.00275533    0.168421   0.0105019
  0.0475024  -0.0255759   0.0105019    0.296053
IMAGINARY
          0   0.0257581 -0.00972535  0.00481058
 -0.0257581           0 -0.00232302   0.0019934
 0.00972535  0.00232302           0    0.011613
-0.00481058  -0.0019934   -0.011613           0
Repeater1[0]<--->EndNode1[0]
REAL
   0.398487 -0.00353358  -0.0143399   0.0490365
-0.00353358    0.191677   0.0242969  -0.0149935
 -0.0143399   0.0242969    0.176545  -0.0151331
  0.0490365  -0.0149935  -0.0151331    0.233291
IMAGINARY
          0 -0.00693291  -0.0260417   0.0141278
 0.00693291           0  0.00282131  0.00390625
  0.0260417 -0.00282131           0   0.0147454
 -0.0141278 -0.00390625  -0.0147454           0
Repeater1[0]<--->HoM1[0]
REAL
   0.378947 -0.00490403  -0.0137445   0.0475024
-0.00490403    0.168421 -0.00275533   0.0105019
 -0.0137445 -0.00275533    0.156579  -0.0255759
  0.0475024   0.0105019  -0.0255759    0.296053
IMAGINARY
          0 -0.00972535   0.0257581  0.00481058
 0.00972535           0  0.00232302    0.011613
 -0.0257581 -0.00232302           0   0.0019934
-0.00481058   -0.011613  -0.0019934           0
EndNode1[0]<--->Repeater1[0]
REAL
    0.40801  -0.0188169 -0.00898029   0.0545222
 -0.0188169    0.188986   0.0144433 -0.00428231
-0.00898029   0.0144433    0.165207 -0.00107704
  0.0545222 -0.00428231 -0.00107704    0.237797
IMAGINARY
          0    0.019463 -0.00427111  0.00662037
  -0.019463           0  -0.0359587  0.00887032
 0.00427111   0.0359587           0  -0.0214341
-0.00662037 -0.00887032   0.0214341           0
EndNode2[0]<--->HoM1[0]
REAL
   0.391753 -0.00935676  0.00555716   0.0358281
-0.00935676    0.148196 -0.00453649 -0.00622294
 0.00555716 -0.00453649    0.162371  0.00602786
  0.0358281 -0.00622294  0.00602786     0.29768
IMAGINARY
           0    0.0106102   0.00502547  0.000549625
  -0.0106102            0  -0.00898023  0.000182859
 -0.00502547   0.00898023            0   -0.0119123
-0.000549625 -0.000182859    0.0119123            0
Repeater1[0]<--->EndNode1[0]
REAL
    0.40801 -0.00898029  -0.0188169   0.0545222
-0.00898029    0.165207   0.0144433 -0.00107704
 -0.0188169   0.0144433    0.188986 -0.00428231
  0.0545222 -0.00107704 -0.00428231    0.237797
IMAGINARY
          0 -0.00427111    0.019463  0.00662037
 0.00427111           0   0.0359587  -0.0214341
  -0.019463  -0.0359587           0  0.00887032
-0.00662037   0.0214341 -0.00887032           0
Repeater1[0]<--->HoM1[0]
REAL
   0.391753  0.00555716 -0.00935676   0.0358281
 0.00555716    0.162371 -0.00453649  0.00602786
-0.00935676 -0.00453649    0.148196 -0.00622294
  0.0358281  0.00602786 -0.00622294     0.29768
IMAGINARY
           0   0.00502547    0.0106102  0.000549625
 -0.00502547            0   0.00898023   -0.0119123
  -0.0106102  -0.00898023            0  0.000182859
-0.000549625    0.0119123 -0.000182859            0
EndNode1[0]<--->Repeater1[0]
REAL
  0.403141  0.0124403  0.0160376  0.0363887
 0.0124403   0.175393 -0.0113566  0.0012923
 0.0160376 -0.0113566   0.170157 -0.0156496
 0.0363887  0.0012923 -0.0156496   0.251309
IMAGINARY
           0    0.0128426    0.0102552   0.00924582
  -0.0128426            0  0.000704428   0.00963869
  -0.0102552 -0.000704428            0    0.0269452
 -0.00924582  -0.00963869   -0.0269452            0
EndNode2[0]<--->HoM1[0]
REAL
    0.413315  -0.00991957  -0.00762538    0.0505437
 -0.00991957     0.169209    0.0061573 -0.000106581
 -0.00762538    0.0061573     0.166436 -0.000389709
   0.0505437 -0.000106581 -0.000389709      0.25104
IMAGINARY
          0   0.0245127  0.00201682  0.00994894
 -0.0245127           0  0.00618009  0.00451059
-0.00201682 -0.00618009           0 -0.00623595
-0.00994894 -0.00451059  0.00623595           0
Repeater1[0]<--->EndNode1[0]
REAL
  0.403141  0.0160376  0.0124403  0.0363887
 0.0160376   0.170157 -0.0113566 -0.0156496
 0.0124403 -0.0113566   0.175393  0.0012923
 0.0363887 -0.0156496  0.0012923   0.251309
IMAGINARY
           0    0.0102552    0.0128426   0.00924582
  -0.0102552            0 -0.000704428    0.0269452
  -0.0128426  0.000704428            0   0.00963869
 -0.00924582   -0.0269452  -0.00963869            0
Repeater1[0]<--->HoM1[0]
REAL
    0.413315  -0.00762538  -0.00991957    0.0505437
 -0.00762538     0.166436    0.0061573 -0.000389709
 -0.00991957    0.0061573     0.169209 -0.000106581
   0.0505437 -0.000389709 -0.000106581      0.25104
IMAGINARY
          0  0.00201682   0.0245127  0.00994894
-0.00201682           0 -0.00618009 -0.00623595
 -0.0245127  0.00618009           0  0.00451059
-0.00994894  0.00623595 -0.00451059           0
EndNode1[0]<--->Repeater1[0]
REAL
   0.389474 -0.00818701   0.0214488   0.0697495
-0.00818701    0.173684  -0.0027794   0.0156123
  0.0214488  -0.0027794       0.175   0.0101376
  0.0697495   0.0156123   0.0101376    0.261842
IMAGINARY
          0   0.0128047  -0.0309841   0.0138851
 -0.0128047           0  0.00322013 -0.00303383
  0.0309841 -0.00322013           0  0.00966002
 -0.0138851  0.00303383 -0.00966002           0
EndNode2[0]<--->HoM1[0]
REAL
    0.411215   0.00911106   -0.0251388    0.0263837
  0.00911106     0.149533   0.00160609 -0.000306539
  -0.0251388   0.00160609     0.153538    0.0252401
   0.0263837 -0.000306539    0.0252401     0.285714
IMAGINARY
          0  -0.0128128 -0.00570906  -0.0141336
  0.0128128           0 -0.00726718  0.00126179
 0.00570906  0.00726718           0  0.00963618
  0.0141336 -0.00126179 -0.00963618           0
Repeater1[0]<--->EndNode1[0]
REAL
   0.389474   0.0214488 -0.00818701   0.0697495
  0.0214488       0.175  -0.0027794   0.0101376
-0.00818701  -0.0027794    0.173684   0.0156123
  0.0697495   0.0101376   0.0156123    0.261842
IMAGINARY
          0  -0.0309841   0.0128047   0.0138851
  0.0309841           0 -0.00322013  0.00966002
 -0.0128047  0.00322013           0 -0.00303383
 -0.0138851 -0.00966002  0.00303383           0
Repeater1[0]<--->HoM1[0]
REAL
    0.411215   -0.0251388   0.00911106    0.0263837
  -0.0251388     0.153538   0.00160609    0.0252401
  0.00911106   0.00160609     0.149533 -0.000306539
   0.0263837    0.0252401 -0.000306539     0.285714
IMAGINARY
          0 -0.00570906  -0.0128128  -0.0141336
 0.00570906           0  0.00726718  0.00963618
  0.0128128 -0.00726718           0  0.00126179
  0.0141336 -0.00963618 -0.00126179           0
EndNode1[0]<--->Repeater1[0]
REAL
   0.379487  0.00105605   -0.015318   0.0375257
 0.00105605    0.170513   0.0101867 -0.00625063
  -0.015318   0.0101867    0.173077  0.00351911
  0.0375257 -0.00625063  0.00351911    0.276923
IMAGINARY
          0  -0.0081223   0.0268577   0.0171711
  0.0081223           0  -0.0124731  0.00169639
