EndNode1[0]<--->Repeater1[0]
REAL
    0.307593 -2.53794e-05  -0.00868486    0.0748341
-2.53794e-05     0.189189  -0.00665225   0.00868486
 -0.00868486  -0.00665225     0.216216   -0.0100756
   0.0748341   0.00868486   -0.0100756     0.287001
IMAGINARY
         0 -0.0206294  0.0159229  0.0206059
 0.0206294          0  0.0104018  0.0173235
-0.0159229 -0.0104018          0 -0.0269586
-0.0206059 -0.0173235  0.0269586          0
EndNode2[0]<--->HoM1[0]
REAL
     0.27451  -0.00470338   0.00558476    0.0760516
 -0.00470338     0.230065 -0.000674729  -0.00558476
  0.00558476 -0.000674729     0.216993  -0.00534688
   0.0760516  -0.00558476  -0.00534688     0.278431
IMAGINARY
          0 -0.00072775  -0.0247015   0.0125614
 0.00072775           0 -0.00344843 -0.00726778
  0.0247015  0.00344843           0  -0.0248477
 -0.0125614  0.00726778   0.0248477           0
Repeater1[0]<--->EndNode1[0]
REAL
    0.307593  -0.00868486 -2.53794e-05    0.0748341
 -0.00868486     0.216216  -0.00665225   -0.0100756
-2.53794e-05  -0.00665225     0.189189   0.00868486
   0.0748341   -0.0100756   0.00868486     0.287001
IMAGINARY
         0  0.0159229 -0.0206294  0.0206059
-0.0159229          0 -0.0104018 -0.0269586
 0.0206294  0.0104018          0  0.0173235
-0.0206059  0.0269586 -0.0173235          0
Repeater1[0]<--->HoM1[0]
REAL
     0.27451   0.00558476  -0.00470338    0.0760516
  0.00558476     0.216993 -0.000674729  -0.00534688
 -0.00470338 -0.000674729     0.230065  -0.00558476
   0.0760516  -0.00534688  -0.00558476     0.278431
IMAGINARY
          0  -0.0247015 -0.00072775   0.0125614
  0.0247015           0  0.00344843  -0.0248477
 0.00072775 -0.00344843           0 -0.00726778
 -0.0125614   0.0248477  0.00726778           0
EndNode1[0]<--->Repeater1[0]
REAL
   0.302532   0.0134397   0.0179527   0.0582809
  0.0134397    0.181013 -0.00506143   0.0102996
  0.0179527 -0.00506143    0.218987 -0.00358425
  0.0582809   0.0102996 -0.00358425    0.297468
IMAGINARY
           0  0.000766914   0.00280016   -0.0205328
-0.000766914            0  -0.00911147   0.00798151
 -0.00280016   0.00911147            0    0.0100148
   0.0205328  -0.00798151   -0.0100148            0
EndNode2[0]<--->HoM1[0]
REAL
   0.285535   0.0136855  0.00702727   0.0832772
  0.0136855    0.212579   0.0188035 -0.00897785
 0.00702727   0.0188035    0.249057  -0.0104345
  0.0832772 -0.00897785  -0.0104345     0.25283
IMAGINARY
          0 -0.00496711  0.00235094  0.00150843
 0.00496711           0  0.00807011  0.00554379
-0.00235094 -0.00807011           0  0.00628289
-0.00150843 -0.00554379 -0.00628289           0
Repeater1[0]<--->EndNode1[0]
REAL
   0.302532   0.0179527   0.0134397   0.0582809
  0.0179527    0.218987 -0.00506143 -0.00358425
  0.0134397 -0.00506143    0.181013   0.0102996
  0.0582809 -0.00358425   0.0102996    0.297468
IMAGINARY
           0   0.00280016  0.000766914   -0.0205328
 -0.00280016            0   0.00911147    0.0100148
-0.000766914  -0.00911147            0   0.00798151
   0.0205328   -0.0100148  -0.00798151            0
Repeater1[0]<--->HoM1[0]
REAL
   0.285535  0.00702727   0.0136855   0.0832772
 0.00702727    0.249057   0.0188035  -0.0104345
  0.0136855   0.0188035    0.212579 -0.00897785
  0.0832772  -0.0104345 -0.00897785     0.25283
IMAGINARY
          0  0.00235094 -0.00496711  0.00150843
-0.00235094           0 -0.00807011  0.00628289
 0.00496711  0.00807011           0  0.00554379
-0.00150843 -0.00628289 -0.00554379           0
EndNode1[0]<--->Repeater1[0]
REAL
    0.293963   -0.0165224   0.00412514     0.102109
  -0.0165224     0.188976 -0.000350111 -0.000356295
  0.00412514 -0.000350111     0.237533   0.00395956
    0.102109 -0.000356295   0.00395956     0.279528
IMAGINARY
           0  0.000259092   -0.0296253   -0.0141712
-0.000259092            0   0.00229784    0.0132319
   0.0296253  -0.00229784            0    0.0175005
   0.0141712   -0.0132319   -0.0175005            0
EndNode2[0]<--->HoM1[0]
REAL
   0.321196   0.0179755  0.00779196   0.0747632
  0.0179755    0.204161   0.0162046  -0.0135984
 0.00779196   0.0162046    0.218466 0.000734149
  0.0747632  -0.0135984 0.000734149    0.256177
IMAGINARY
          0  -0.0121054  0.00747432  0.00856126
  0.0121054           0  -0.0123301   0.0111872
-0.00747432   0.0123301           0 -0.00269511
-0.00856126  -0.0111872  0.00269511           0
Repeater1[0]<--->EndNode1[0]
REAL
    0.293963   0.00412514   -0.0165224     0.102109
  0.00412514     0.237533 -0.000350111   0.00395956
  -0.0165224 -0.000350111     0.188976 -0.000356295
    0.102109   0.00395956 -0.000356295     0.279528
IMAGINARY
           0   -0.0296253  0.000259092   -0.0141712
   0.0296253            0  -0.00229784    0.0175005
-0.000259092   0.00229784            0    0.0132319
   0.0141712   -0.0175005   -0.0132319            0
Repeater1[0]<--->HoM1[0]
REAL
   0.321196  0.00779196   0.0179755   0.0747632
 0.00779196    0.218466   0.0162046 0.000734149
  0.0179755   0.0162046    0.204161  -0.0135984
  0.0747632 0.000734149  -0.0135984    0.256177
IMAGINARY
          0  0.00747432  -0.0121054  0.00856126
-0.00747432           0   0.0123301 -0.00269511
  0.0121054  -0.0123301           0   0.0111872
-0.00856126  0.00269511  -0.0111872           0
EndNode1[0]<--->Repeater1[0]
REAL
  0.306717 0.00882713  0.0122216   0.100776
0.00882713   0.206591 0.00690601  0.0104122
 0.0122216 0.00690601   0.223067 0.00557616
  0.100776  0.0104122 0.00557616   0.263625
IMAGINARY
          0  -0.0155889   0.0189066  0.00957001
  0.0155889           0   0.0208765  -0.0169909
 -0.0189066  -0.0208765           0   0.0136732
-0.00957001   0.0169909  -0.0136732           0
EndNode2[0]<--->HoM1[0]
REAL
   0.356579 -0.00139649  0.00357645    0.071158
-0.00139649    0.206579 -0.00123714   0.0122547
 0.00357645 -0.00123714    0.185526  -0.0355428
   0.071158   0.0122547  -0.0355428    0.251316
IMAGINARY
          0  0.00728274   0.0228892   0.0142569
-0.00728274           0 -0.00170735  -0.0127403
 -0.0228892  0.00170735           0 -0.00660615
 -0.0142569   0.0127403  0.00660615           0
Repeater1[0]<--->EndNode1[0]
REAL
  0.306717  0.0122216 0.00882713   0.100776
 0.0122216   0.223067 0.00690601 0.00557616
0.00882713 0.00690601   0.206591  0.0104122
  0.100776 0.00557616  0.0104122   0.263625
IMAGINARY
          0   0.0189066  -0.0155889  0.00957001
 -0.0189066           0  -0.0208765   0.0136732
  0.0155889   0.0208765           0  -0.0169909
-0.00957001  -0.0136732   0.0169909           0
Repeater1[0]<--->HoM1[0]
REAL
   0.356579  0.00357645 -0.00139649    0.071158
 0.00357645    0.185526 -0.00123714  -0.0355428
-0.00139649 -0.00123714    0.206579   0.0122547
   0.071158  -0.0355428   0.0122547    0.251316
IMAGINARY
          0   0.0228892  0.00728274   0.0142569
 -0.0228892           0  0.00170735 -0.00660615
-0.00728274 -0.00170735           0  -0.0127403
 -0.0142569  0.00660615   0.0127403           0
EndNode1[0]<--->Repeater1[0]
REAL
   0.330287 -0.00161745  0.00430856    0.104486
-0.00161745    0.220627  0.00726373 -0.00622427
 0.00430856  0.00726373    0.215405   -0.025841
   0.104486 -0.00622427   -0.025841    0.233681
IMAGINARY
          0  0.00502076   0.0253365 -0.00403541
-0.00502076           0  -0.0118074 -0.00513445
 -0.0253365   0.0118074           0  -0.0290107
 0.00403541  0.00513445   0.0290107           0
EndNode2[0]<--->HoM1[0]
REAL
   0.301783   0.0201511  -0.0165523   0.0655626
  0.0201511    0.216735  0.00370693 -0.00359888
 -0.0165523  0.00370693    0.227709   0.0201511
  0.0655626 -0.00359888   0.0201511    0.253772
IMAGINARY
          0  -0.0202201   0.0119013 -0.00870697
  0.0202201           0   0.0217278   0.0177379
 -0.0119013  -0.0217278           0   0.0034675
 0.00870697  -0.0177379  -0.0034675           0
Repeater1[0]<--->EndNode1[0]
REAL
   0.330287  0.00430856 -0.00161745    0.104486
 0.00430856    0.215405  0.00726373   -0.025841
-0.00161745  0.00726373    0.220627 -0.00622427
   0.104486   -0.025841 -0.00622427    0.233681
IMAGINARY
          0   0.0253365  0.00502076 -0.00403541
 -0.0253365           0   0.0118074  -0.0290107
-0.00502076  -0.0118074           0 -0.00513445
 0.00403541   0.0290107  0.00513445           0
Repeater1[0]<--->HoM1[0]
REAL
   0.301783  -0.0165523   0.0201511   0.0655626
 -0.0165523    0.227709  0.00370693   0.0201511
  0.0201511  0.00370693    0.216735 -0.00359888
  0.0655626   0.0201511 -0.00359888    0.253772
IMAGINARY
          0   0.0119013  -0.0202201 -0.00870697
 -0.0119013           0  -0.0217278   0.0034675
  0.0202201   0.0217278           0   0.0177379
 0.00870697  -0.0034675  -0.0177379           0
EndNode1[0]<--->Repeater1[0]
REAL
  0.336375 0.00275212  0.0154397  0.0836821
0.00275212   0.196871  0.0314976  0.0105257
 0.0154397  0.0314976   0.211213  0.0138924
 0.0836821  0.0105257  0.0138924   0.255541
IMAGINARY
          0 -0.00574116   0.0103973  -0.0220894
 0.00574116           0  0.00203928   0.0078066
 -0.0103973 -0.00203928           0 -0.00639476
  0.0220894  -0.0078066  0.00639476           0
EndNode2[0]<--->HoM1[0]
REAL
    0.322281   -0.0105389   -0.0041944    0.0691056
  -0.0105389     0.212202    0.0275439 -0.000960243
  -0.0041944    0.0275439     0.188329   -0.0216776
   0.0691056 -0.000960243   -0.0216776     0.277188
IMAGINARY
          0  -0.0101653   0.0197069 -0.00600815
  0.0101653           0 -0.00274017 -0.00963138
 -0.0197069  0.00274017           0  0.00764641
 0.00600815  0.00963138 -0.00764641           0
Repeater1[0]<--->EndNode1[0]
REAL
  0.336375  0.0154397 0.00275212  0.0836821
 0.0154397   0.211213  0.0314976  0.0138924
0.00275212  0.0314976   0.196871  0.0105257
 0.0836821  0.0138924  0.0105257   0.255541
IMAGINARY
          0   0.0103973 -0.00574116  -0.0220894
 -0.0103973           0 -0.00203928 -0.00639476
 0.00574116  0.00203928           0   0.0078066
  0.0220894  0.00639476  -0.0078066           0
Repeater1[0]<--->HoM1[0]
REAL
    0.322281   -0.0041944   -0.0105389    0.0691056
  -0.0041944     0.188329    0.0275439   -0.0216776
  -0.0105389    0.0275439     0.212202 -0.000960243
   0.0691056   -0.0216776 -0.000960243     0.277188
IMAGINARY
          0   0.0197069  -0.0101653 -0.00600815
 -0.0197069           0  0.00274017  0.00764641
  0.0101653 -0.00274017           0 -0.00963138
 0.00600815 -0.00764641  0.00963138           0
EndNode1[0]<--->Repeater1[0]
REAL
   0.326478 0.000928995  -0.0262965   0.0703765
0.000928995    0.159383   -0.016668 -0.00439408
 -0.0262965   -0.016668    0.222365 -0.00220777
  0.0703765 -0.00439408 -0.00220777    0.291774
IMAGINARY
          0  0.00531184  0.00300988 -0.00941069
-0.00531184           0  -0.0157882   0.0165583
-0.00300988   0.0157882           0   0.0129068
 0.00941069  -0.0165583  -0.0129068           0
EndNode2[0]<--->HoM1[0]
REAL
   0.316623  0.00991171  0.00123351   0.0751013
 0.00991171    0.201847  -0.0335943 -0.00187208
 0.00123351  -0.0335943    0.195251  -0.0118274
  0.0751013 -0.00187208  -0.0118274     0.28628
IMAGINARY
          0   0.0066522  0.00717018  0.00714621
 -0.0066522           0  -0.0084382 -0.00651142
-0.00717018   0.0084382           0   0.0229921
-0.00714621  0.00651142  -0.0229921           0
Repeater1[0]<--->EndNode1[0]
REAL
   0.326478  -0.0262965 0.000928995   0.0703765
 -0.0262965    0.222365   -0.016668 -0.00220777
0.000928995   -0.016668    0.159383 -0.00439408
  0.0703765 -0.00220777 -0.00439408    0.291774
IMAGINARY
          0  0.00300988  0.00531184 -0.00941069
-0.00300988           0   0.0157882   0.0129068
-0.00531184  -0.0157882           0   0.0165583
 0.00941069  -0.0129068  -0.0165583           0
Repeater1[0]<--->HoM1[0]
REAL
   0.316623  0.00123351  0.00991171   0.0751013
 0.00123351    0.195251  -0.0335943  -0.0118274
 0.00991171  -0.0335943    0.201847 -0.00187208
  0.0751013  -0.0118274 -0.00187208     0.28628
IMAGINARY
          0  0.00717018   0.0066522  0.00714621
-0.00717018           0   0.0084382   0.0229921
 -0.0066522  -0.0084382           0 -0.00651142
-0.00714621  -0.0229921  0.00651142           0
EndNode1[0]<--->Repeater1[0]
REAL
   0.295226 -0.00589606 -0.00450791    0.110605
-0.00589606    0.179648  0.00738751 -0.00266289
-0.00450791  0.00738751    0.232412  0.00524417
   0.110605 -0.00266289  0.00524417    0.292714
IMAGINARY
          0   0.0215666   0.0164754   0.0131192
 -0.0215666           0  -0.0258418 -0.00977299
 -0.0164754   0.0258418           0 -0.00414033
 -0.0131192  0.00977299  0.00414033           0
EndNode2[0]<--->HoM1[0]
REAL
     0.3342 -0.00316056 -0.00346053   0.0734578
-0.00316056    0.213264  -0.0184642 -0.00854959
-0.00346053  -0.0184642    0.206762  -0.0139064
  0.0734578 -0.00854959  -0.0139064    0.245774
IMAGINARY
          0  0.00830815  0.00776064  0.00189125
-0.00830815           0  0.00123766 -0.00218961
-0.00776064 -0.00123766           0 -0.00134436
-0.00189125  0.00218961  0.00134436           0
Repeater1[0]<--->EndNode1[0]
REAL
   0.295226 -0.00450791 -0.00589606    0.110605
-0.00450791    0.232412  0.00738751  0.00524417
-0.00589606  0.00738751    0.179648 -0.00266289
   0.110605  0.00524417 -0.00266289    0.292714
IMAGINARY
          0   0.0164754   0.0215666   0.0131192
 -0.0164754           0   0.0258418 -0.00414033
 -0.0215666  -0.0258418           0 -0.00977299
 -0.0131192  0.00414033  0.00977299           0
Repeater1[0]<--->HoM1[0]
REAL
     0.3342 -0.00346053 -0.00316056   0.0734578
-0.00346053    0.206762  -0.0184642  -0.0139064
-0.00316056  -0.0184642    0.213264 -0.00854959
  0.0734578  -0.0139064 -0.00854959    0.245774
IMAGINARY
          0  0.00776064  0.00830815  0.00189125
-0.00776064           0 -0.00123766 -0.00134436
-0.00830815  0.00123766           0 -0.00218961
-0.00189125  0.00134436  0.00218961           0
EndNode1[0]<--->Repeater1[0]
REAL
   0.288889 -0.00654949 -0.00503838    0.068807
-0.00654949    0.176471 -0.00923535 -0.00634047
-0.00503838 -0.00923535    0.265359  -0.0168776
   0.068807 -0.00634047  -0.0168776    0.269281
IMAGINARY
           0    0.0169272  -0.00928801    0.0168147
  -0.0169272            0  0.000971861  2.87555e-05
  0.00928801 -0.000971861            0   0.00423683
  -0.0168147 -2.87555e-05  -0.00423683            0
EndNode2[0]<--->HoM1[0]
REAL
   0.291074  0.00193628  0.00706033    0.104461
 0.00193628    0.228978  -0.0203789   0.0269576
 0.00706033  -0.0203789    0.216041 -0.00642922
   0.104461   0.0269576 -0.00642922    0.263907
IMAGINARY
           0    -0.003255   -0.0127595    0.0266489
    0.003255            0 -0.000941954    -0.010928
   0.0127595  0.000941954            0   0.00517561
  -0.0266489     0.010928  -0.00517561            0
Repeater1[0]<--->EndNode1[0]
REAL
   0.288889 -0.00503838 -0.00654949    0.068807
-0.00503838    0.265359 -0.00923535  -0.0168776
-0.00654949 -0.00923535    0.176471 -0.00634047
   0.068807  -0.0168776 -0.00634047    0.269281
IMAGINARY
           0  -0.00928801    0.0169272    0.0168147
  0.00928801            0 -0.000971861   0.00423683
  -0.0169272  0.000971861            0  2.87555e-05
  -0.0168147  -0.00423683 -2.87555e-05            0
Repeater1[0]<--->HoM1[0]
REAL
   0.291074  0.00706033  0.00193628    0.104461
 0.00706033    0.216041  -0.0203789 -0.00642922
 0.00193628  -0.0203789    0.228978   0.0269576
   0.104461 -0.00642922   0.0269576    0.263907
IMAGINARY
           0   -0.0127595    -0.003255    0.0266489
   0.0127595            0  0.000941954   0.00517561
    0.003255 -0.000941954            0    -0.010928
  -0.0266489  -0.00517561     0.010928            0
EndNode1[0]<--->Repeater1[0]
REAL
     0.3075 -0.00496309  0.00878676   0.0806326
-0.00496309     0.21375   0.0310048  0.00812799
 0.00878676   0.0310048     0.22125  -0.0119517
  0.0806326  0.00812799  -0.0119517      0.2575
IMAGINARY
          0  -0.0294114    0.017779   0.0127258
  0.0294114           0   0.0165329  0.00207216
  -0.017779  -0.0165329           0 -0.00656875
 -0.0127258 -0.00207216  0.00656875           0
EndNode2[0]<--->HoM1[0]
REAL
    0.33109  -0.0108342 -0.00249892   0.0749113
 -0.0108342    0.172275  -0.0106068  0.00118658
-0.00249892  -0.0106068    0.239569   0.0305192
  0.0749113  0.00118658   0.0305192    0.257066
IMAGINARY
           0  0.000108343   -0.0126613  -0.00240062
-0.000108343            0   -0.0331699    0.0182793
   0.0126613    0.0331699            0  -0.00322944
  0.00240062   -0.0182793   0.00322944            0
Repeater1[0]<--->EndNode1[0]
REAL
     0.3075  0.00878676 -0.00496309   0.0806326
 0.00878676     0.22125   0.0310048  -0.0119517
-0.00496309   0.0310048     0.21375  0.00812799
  0.0806326  -0.0119517  0.00812799      0.2575
IMAGINARY
          0    0.017779  -0.0294114   0.0127258
  -0.017779           0  -0.0165329 -0.00656875
  0.0294114   0.0165329           0  0.00207216
 -0.0127258  0.00656875 -0.00207216           0
Repeater1[0]<--->HoM1[0]
REAL
    0.33109 -0.00249892  -0.0108342   0.0749113
-0.00249892    0.239569  -0.0106068   0.0305192
 -0.0108342  -0.0106068    0.172275  0.00118658
  0.0749113   0.0305192  0.00118658    0.257066
IMAGINARY
           0   -0.0126613  0.000108343  -0.00240062
   0.0126613            0    0.0331699  -0.00322944
-0.000108343   -0.0331699            0    0.0182793
  0.00240062   0.00322944   -0.0182793            0
EndNode1[0]<--->Repeater1[0]
REAL
   0.297368 -0.00679172  0.00339227   0.0726476
-0.00679172    0.202632  -0.0140538  -0.0229235
 0.00339227  -0.0140538    0.248684  0.00679172
  0.0726476  -0.0229235  0.00679172    0.251316
IMAGINARY
          0  0.00234465  -0.0193982 -0.00557407
-0.00234465           0    -0.01353 -0.00211422
  0.0193982     0.01353           0  0.00743371
 0.00557407  0.00211422 -0.00743371           0
EndNode2[0]<--->HoM1[0]
REAL
   0.308437   0.0115624 -0.00737331    0.102512
  0.0115624    0.181189  0.00623916  -0.0035662
-0.00737331  0.00623916    0.237898 -0.00448385
   0.102512  -0.0035662 -0.00448385    0.272476
IMAGINARY
          0  -0.0234502  -0.0245574  -0.0140154
  0.0234502           0  0.00235738  0.00530279
  0.0245574 -0.00235738           0  0.00171108
  0.0140154 -0.00530279 -0.00171108           0
Repeater1[0]<--->EndNode1[0]
REAL
   0.297368  0.00339227 -0.00679172   0.0726476
 0.00339227    0.248684  -0.0140538  0.00679172
-0.00679172  -0.0140538    0.202632  -0.0229235
  0.0726476  0.00679172  -0.0229235    0.251316
IMAGINARY
          0  -0.0193982  0.00234465 -0.00557407
  0.0193982           0     0.01353  0.00743371
-0.00234465    -0.01353           0 -0.00211422
 0.00557407 -0.00743371  0.00211422           0
Repeater1[0]<--->HoM1[0]
REAL
   0.308437 -0.00737331   0.0115624    0.102512
-0.00737331    0.237898  0.00623916 -0.00448385
  0.0115624  0.00623916    0.181189  -0.0035662
   0.102512 -0.00448385  -0.0035662    0.272476
IMAGINARY
          0  -0.0245574  -0.0234502  -0.0140154
  0.0245574           0 -0.00235738  0.00171108
  0.0234502  0.00235738           0  0.00530279
  0.0140154 -0.00171108 -0.00530279           0
EndNode1[0]<--->Repeater1[0]
REAL
   0.305593  0.00963385   0.0143734   0.0731562
 0.00963385    0.195089   0.0108333 -0.00387474
  0.0143734   0.0108333    0.200546  -0.0293189
  0.0731562 -0.00387474  -0.0293189    0.298772
IMAGINARY
           0    0.0136119  0.000221153    -0.013597
  -0.0136119            0   0.00221812  -0.00163758
-0.000221153  -0.00221812            0  -0.00228049
    0.013597   0.00163758   0.00228049            0
EndNode2[0]<--->HoM1[0]
REAL
   0.350649  0.00733136  0.00860459    0.108746
 0.00733136    0.176623 -0.00673126 -0.00104792
 0.00860459 -0.00673126    0.201299  0.00274421
   0.108746 -0.00104792  0.00274421    0.271429
IMAGINARY
         0  0.0234652   0.012417 -0.0279968
-0.0234652          0  0.0241007  0.0293001
 -0.012417 -0.0241007          0 -0.0119779
 0.0279968 -0.0293001  0.0119779          0
Repeater1[0]<--->EndNode1[0]
REAL
   0.305593   0.0143734  0.00963385   0.0731562
  0.0143734    0.200546   0.0108333  -0.0293189
 0.00963385   0.0108333    0.195089 -0.00387474
  0.0731562  -0.0293189 -0.00387474    0.298772
IMAGINARY
           0  0.000221153    0.0136119    -0.013597
-0.000221153            0  -0.00221812  -0.00228049
  -0.0136119   0.00221812            0  -0.00163758
    0.013597   0.00228049   0.00163758            0
Repeater1[0]<--->HoM1[0]
REAL
   0.350649  0.00860459  0.00733136    0.108746
 0.00860459    0.201299 -0.00673126  0.00274421
 0.00733136 -0.00673126    0.176623 -0.00104792
   0.108746  0.00274421 -0.00104792    0.271429
IMAGINARY
         0   0.012417  0.0234652 -0.0279968
 -0.012417          0 -0.0241007 -0.0119779
-0.0234652  0.0241007          0  0.0293001
 0.0279968  0.0119779 -0.0293001          0
EndNode1[0]<--->Repeater1[0]
REAL
   0.318668   0.0161168 -0.00650798   0.0830612
  0.0161168    0.193817  -0.0199923 -0.00584573
-0.00650798  -0.0199923    0.217598   0.0209444
  0.0830612 -0.00584573   0.0209444    0.269917
IMAGINARY
          0 -0.00508262    0.021126 -0.00927055
 0.00508262           0   0.0106329  -0.0262151
  -0.021126  -0.0106329           0 -0.00255097
 0.00927055   0.0262151  0.00255097           0
EndNode2[0]<--->HoM1[0]
REAL
    0.299601   0.00446344    0.0178109    0.0687714
  0.00446344      0.23036   -0.0133574 -0.000613472
   0.0178109   -0.0133574     0.193076   0.00636458
   0.0687714 -0.000613472   0.00636458     0.276964
IMAGINARY
           0 -0.000392017    0.0149536   0.00528423
 0.000392017            0    -0.013781  -0.00509815
  -0.0149536     0.013781            0  -0.00683532
 -0.00528423   0.00509815   0.00683532            0
Repeater1[0]<--->EndNode1[0]
REAL
   0.318668 -0.00650798   0.0161168   0.0830612
-0.00650798    0.217598  -0.0199923   0.0209444
  0.0161168  -0.0199923    0.193817 -0.00584573
  0.0830612   0.0209444 -0.00584573    0.269917
IMAGINARY
          0    0.021126 -0.00508262 -0.00927055
  -0.021126           0  -0.0106329 -0.00255097
 0.00508262   0.0106329           0  -0.0262151
 0.00927055  0.00255097   0.0262151           0
Repeater1[0]<--->HoM1[0]
REAL
    0.299601    0.0178109   0.00446344    0.0687714
   0.0178109     0.193076   -0.0133574   0.00636458
  0.00446344   -0.0133574      0.23036 -0.000613472
   0.0687714   0.00636458 -0.000613472     0.276964
IMAGINARY
           0    0.0149536 -0.000392017   0.00528423
  -0.0149536            0     0.013781  -0.00683532
 0.000392017    -0.013781            0  -0.00509815
 -0.00528423   0.00683532   0.00509815            0
EndNode1[0]<--->Repeater1[0]
REAL
    0.333333    0.0221564    0.0103289    0.0903911
   0.0221564     0.188725 -0.000337357    0.0071442
   0.0103289 -0.000337357     0.213235    0.0208543
   0.0903911    0.0071442    0.0208543     0.264706
IMAGINARY
          0 -0.00805948  -0.0060887 -0.00428678
 0.00805948           0   0.0126739  0.00542645
  0.0060887  -0.0126739           0   0.0126952
 0.00428678 -0.00542645  -0.0126952           0
EndNode2[0]<--->HoM1[0]
REAL
   0.307692   0.0301228 -0.00383222   0.0769481
  0.0301228     0.20467   0.0140809  0.00251296
-0.00383222   0.0140809    0.223901 0.000220183
  0.0769481  0.00251296 0.000220183    0.263736
IMAGINARY
          0  -0.0170217  0.00138154 -0.00910824
  0.0170217           0  -0.0024897   0.0215327
-0.00138154   0.0024897           0  0.00350814
 0.00910824  -0.0215327 -0.00350814           0
Repeater1[0]<--->EndNode1[0]
REAL
    0.333333    0.0103289    0.0221564    0.0903911
   0.0103289     0.213235 -0.000337357    0.0208543
   0.0221564 -0.000337357     0.188725    0.0071442
   0.0903911    0.0208543    0.0071442     0.264706
IMAGINARY
          0  -0.0060887 -0.00805948 -0.00428678
  0.0060887           0  -0.0126739   0.0126952
 0.00805948   0.0126739           0  0.00542645
 0.00428678  -0.0126952 -0.00542645           0
Repeater1[0]<--->HoM1[0]
REAL
   0.307692 -0.00383222   0.0301228   0.0769481
-0.00383222    0.223901   0.0140809 0.000220183
  0.0301228   0.0140809     0.20467  0.00251296
  0.0769481 0.000220183  0.00251296    0.263736
IMAGINARY
          0  0.00138154  -0.0170217 -0.00910824
-0.00138154           0   0.0024897  0.00350814
  0.0170217  -0.0024897           0   0.0215327
 0.00910824 -0.00350814  -0.0215327           0
EndNode1[0]<--->Repeater1[0]
REAL
   0.307236   0.0112117  -0.0184979   0.0642459
  0.0112117    0.182681    0.011913 -0.00997891
 -0.0184979    0.011913    0.224199  0.00534464
  0.0642459 -0.00997891  0.00534464    0.285884
IMAGINARY
           0 -0.000117554    0.0126564   0.00251554
 0.000117554            0   0.00379759   0.00184554
  -0.0126564  -0.00379759            0   0.00705324
 -0.00251554  -0.00184554  -0.00705324            0
EndNode2[0]<--->HoM1[0]
REAL
   0.286275  -0.0128334   0.0194095   0.0731933
 -0.0128334    0.185621  -0.0196449   0.0405905
  0.0194095  -0.0196449    0.243137 -0.00200534
  0.0731933   0.0405905 -0.00200534    0.284967
IMAGINARY
           0   -0.0128194   0.00803414   0.00460939
   0.0128194            0   0.00647275    0.0224698
 -0.00803414  -0.00647275            0 -0.000443181
 -0.00460939   -0.0224698  0.000443181            0
Repeater1[0]<--->EndNode1[0]
REAL
   0.307236  -0.0184979   0.0112117   0.0642459
 -0.0184979    0.224199    0.011913  0.00534464
  0.0112117    0.011913    0.182681 -0.00997891
  0.0642459  0.00534464 -0.00997891    0.285884
IMAGINARY
           0    0.0126564 -0.000117554   0.00251554
  -0.0126564            0  -0.00379759   0.00705324
 0.000117554   0.00379759            0   0.00184554
 -0.00251554  -0.00705324  -0.00184554            0
Repeater1[0]<--->HoM1[0]
REAL
   0.286275   0.0194095  -0.0128334   0.0731933
  0.0194095    0.243137  -0.0196449 -0.00200534
 -0.0128334  -0.0196449    0.185621   0.0405905
  0.0731933 -0.00200534   0.0405905    0.284967
IMAGINARY
           0   0.00803414   -0.0128194   0.00460939
 -0.00803414            0  -0.00647275 -0.000443181
   0.0128194   0.00647275            0    0.0224698
 -0.00460939  0.000443181   -0.0224698            0
EndNode1[0]<--->Repeater1[0]
REAL
   0.282815  0.00895302 -0.00134011   0.0867785
 0.00895302    0.209743    0.011021    0.013565
-0.00134011    0.011021     0.20839  0.00449442
  0.0867785    0.013565  0.00449442    0.299053
IMAGINARY
          0  -0.0159201 -0.00814687  0.00888325
  0.0159201           0 -0.00888325 -0.00447939
 0.00814687  0.00888325           0  0.00581906
-0.00888325  0.00447939 -0.00581906           0
EndNode2[0]<--->HoM1[0]
REAL
   0.316754  0.00160916  -0.0170806   0.0931542
 0.00160916    0.221204   0.0010304 -0.00630749
 -0.0170806   0.0010304    0.189791  -0.0136193
  0.0931542 -0.00630749  -0.0136193    0.272251
IMAGINARY
          0  -0.0104155   0.0209699  -0.0077932
  0.0104155           0  -0.0118146   0.0134886
 -0.0209699   0.0118146           0  0.00408639
  0.0077932  -0.0134886 -0.00408639           0
Repeater1[0]<--->EndNode1[0]
REAL
   0.282815 -0.00134011  0.00895302   0.0867785
-0.00134011     0.20839    0.011021  0.00449442
 0.00895302    0.011021    0.209743    0.013565
  0.0867785  0.00449442    0.013565    0.299053
IMAGINARY
          0 -0.00814687  -0.0159201  0.00888325
 0.00814687           0  0.00888325  0.00581906
  0.0159201 -0.00888325           0 -0.00447939
-0.00888325 -0.00581906  0.00447939           0
Repeater1[0]<--->HoM1[0]
REAL
   0.316754  -0.0170806  0.00160916   0.0931542
 -0.0170806    0.189791   0.0010304  -0.0136193
 0.00160916   0.0010304    0.221204 -0.00630749
  0.0931542  -0.0136193 -0.00630749    0.272251
IMAGINARY
          0   0.0209699  -0.0104155  -0.0077932
 -0.0209699           0   0.0118146  0.00408639
  0.0104155  -0.0118146           0   0.0134886
  0.0077932 -0.00408639  -0.0134886           0
EndNode1[0]<--->Repeater1[0]
REAL
   0.322704  0.00996888  -0.0025801   0.0844798
 0.00996888    0.188776 -0.00606073  0.00446216
 -0.0025801 -0.00606073    0.211735  -0.0306715
  0.0844798  0.00446216  -0.0306715    0.276786
IMAGINARY
          0 -0.00382706  0.00714551  -0.0144041
 0.00382706           0 -0.00217756   0.0104221
-0.00714551  0.00217756           0  -0.0340108
  0.0144041  -0.0104221   0.0340108           0
EndNode2[0]<--->HoM1[0]
REAL
  0.334994 0.00195908  0.0110576  0.0723197
0.00195908   0.201743 0.00197749 -0.0090496
 0.0110576 0.00197749   0.211706 -0.0213701
 0.0723197 -0.0090496 -0.0213701   0.251557
IMAGINARY
          0 -0.00411515   -0.016314   0.0108069
 0.00411515           0 -0.00112946  0.00934311
   0.016314  0.00112946           0  -0.0028557
 -0.0108069 -0.00934311   0.0028557           0
Repeater1[0]<--->EndNode1[0]
REAL
   0.322704  -0.0025801  0.00996888   0.0844798
 -0.0025801    0.211735 -0.00606073  -0.0306715
 0.00996888 -0.00606073    0.188776  0.00446216
  0.0844798  -0.0306715  0.00446216    0.276786
IMAGINARY
          0  0.00714551 -0.00382706  -0.0144041
-0.00714551           0  0.00217756  -0.0340108
 0.00382706 -0.00217756           0   0.0104221
  0.0144041   0.0340108  -0.0104221           0
Repeater1[0]<--->HoM1[0]
REAL
  0.334994  0.0110576 0.00195908  0.0723197
 0.0110576   0.211706 0.00197749 -0.0213701
0.00195908 0.00197749   0.201743 -0.0090496
 0.0723197 -0.0213701 -0.0090496   0.251557
IMAGINARY
          0   -0.016314 -0.00411515   0.0108069
   0.016314           0  0.00112946  -0.0028557
 0.00411515 -0.00112946           0  0.00934311
 -0.0108069   0.0028557 -0.00934311           0
EndNode1[0]<--->Repeater1[0]
REAL
   0.320102  0.00210217 -7.2044e-05   0.0887245
 0.00210217    0.185659  0.00483188     -0.0117
-7.2044e-05  0.00483188    0.238156 -0.00643922
  0.0887245     -0.0117 -0.00643922    0.256082
IMAGINARY
           0   0.00133784    0.0215472   -0.0070701
 -0.00133784            0    0.0175413  -0.00476863
  -0.0215472   -0.0175413            0  0.000675586
   0.0070701   0.00476863 -0.000675586            0
EndNode2[0]<--->HoM1[0]
REAL
   0.301461 -0.00682901   -0.023621   0.0563663
-0.00682901    0.200531 -0.00451449   0.0174481
  -0.023621 -0.00451449    0.209827 -0.00551667
  0.0563663   0.0174481 -0.00551667    0.288181
IMAGINARY
          0  0.00934743 -0.00886958 -0.00295725
-0.00934743           0  -0.0274071   0.0127556
 0.00886958   0.0274071           0 -0.00416608
 0.00295725  -0.0127556  0.00416608           0
Repeater1[0]<--->EndNode1[0]
REAL
   0.320102 -7.2044e-05  0.00210217   0.0887245
-7.2044e-05    0.238156  0.00483188 -0.00643922
 0.00210217  0.00483188    0.185659     -0.0117
  0.0887245 -0.00643922     -0.0117    0.256082
IMAGINARY
           0    0.0215472   0.00133784   -0.0070701
  -0.0215472            0   -0.0175413  0.000675586
 -0.00133784    0.0175413            0  -0.00476863
   0.0070701 -0.000675586   0.00476863            0
Repeater1[0]<--->HoM1[0]
REAL
   0.301461   -0.023621 -0.00682901   0.0563663
  -0.023621    0.209827 -0.00451449 -0.00551667
-0.00682901 -0.00451449    0.200531   0.0174481
  0.0563663 -0.00551667   0.0174481    0.288181
IMAGINARY
          0 -0.00886958  0.00934743 -0.00295725
 0.00886958           0   0.0274071 -0.00416608
-0.00934743  -0.0274071           0   0.0127556
 0.00295725  0.00416608  -0.0127556           0
EndNode1[0]<--->Repeater1[0]
REAL
    0.29471   -0.011265 -0.00227525   0.0586552
  -0.011265    0.196474   0.0233016 -0.00852525
-0.00227525   0.0233016    0.225441  -0.0058887
  0.0586552 -0.00852525  -0.0058887    0.283375
IMAGINARY
          0 -0.00736037 -0.00324009  -0.0162357
 0.00736037           0  0.00822086  -0.0207498
 0.00324009 -0.00822086           0 -0.00147802
  0.0162357   0.0207498  0.00147802           0
EndNode2[0]<--->HoM1[0]
REAL
    0.284574   0.00675262   -0.0278835    0.0613674
  0.00675262     0.214096   -0.0125242   0.00988861
  -0.0278835   -0.0125242     0.199468 -0.000325886
   0.0613674   0.00988861 -0.000325886     0.301862
IMAGINARY
          0  -0.0138056  -0.0175002   -0.010336
  0.0138056           0  -0.0116213 -0.00836184
  0.0175002   0.0116213           0   0.0224263
   0.010336  0.00836184  -0.0224263           0
Repeater1[0]<--->EndNode1[0]
REAL
    0.29471 -0.00227525   -0.011265   0.0586552
-0.00227525    0.225441   0.0233016  -0.0058887
  -0.011265   0.0233016    0.196474 -0.00852525
  0.0586552  -0.0058887 -0.00852525    0.283375
IMAGINARY
          0 -0.00324009 -0.00736037  -0.0162357
 0.00324009           0 -0.00822086 -0.00147802
 0.00736037  0.00822086           0  -0.0207498
  0.0162357  0.00147802   0.0207498           0
Repeater1[0]<--->HoM1[0]
REAL
    0.284574   -0.0278835   0.00675262    0.0613674
  -0.0278835     0.199468   -0.0125242 -0.000325886
  0.00675262   -0.0125242     0.214096   0.00988861
   0.0613674 -0.000325886   0.00988861     0.301862
IMAGINARY
          0  -0.0175002  -0.0138056   -0.010336
  0.0175002           0   0.0116213   0.0224263
  0.0138056  -0.0116213           0 -0.00836184
   0.010336  -0.0224263  0.00836184           0
EndNode1[0]<--->Repeater1[0]
REAL
    0.26071  -0.0152466 -0.00805666   0.0650097
 -0.0152466     0.22399 -0.00432366   0.0133337
-0.00805666 -0.00432366    0.225214  -0.0362046
  0.0650097   0.0133337  -0.0362046    0.290086
IMAGINARY
           0  -0.00274775    0.0266253  0.000678709
  0.00274775            0   0.00887543    0.0240413
  -0.0266253  -0.00887543            0   0.00941441
-0.000678709   -0.0240413  -0.00941441            0
EndNode2[0]<--->HoM1[0]
REAL
   0.321739  0.00337219 -0.00472166   0.0946813
 0.00337219    0.185093  -0.0039582   0.0204106
-0.00472166  -0.0039582    0.207453  -0.0013258
  0.0946813   0.0204106  -0.0013258    0.285714
IMAGINARY
          0   0.0184086   0.0177987  -0.0136732
 -0.0184086           0 -0.00617318  -0.0062341
 -0.0177987  0.00617318           0 -0.00684395
  0.0136732   0.0062341  0.00684395           0
Repeater1[0]<--->EndNode1[0]
REAL
    0.26071 -0.00805666  -0.0152466   0.0650097
-0.00805666    0.225214 -0.00432366  -0.0362046
 -0.0152466 -0.00432366     0.22399   0.0133337
  0.0650097  -0.0362046   0.0133337    0.290086
IMAGINARY
           0    0.0266253  -0.00274775  0.000678709
  -0.0266253            0  -0.00887543   0.00941441
  0.00274775   0.00887543            0    0.0240413
-0.000678709  -0.00941441   -0.0240413            0
Repeater1[0]<--->HoM1[0]
REAL
   0.321739 -0.00472166  0.00337219   0.0946813
-0.00472166    0.207453  -0.0039582  -0.0013258
 0.00337219  -0.0039582    0.185093   0.0204106
  0.0946813  -0.0013258   0.0204106    0.285714
IMAGINARY
          0   0.0177987   0.0184086  -0.0136732
 -0.0177987           0  0.00617318 -0.00684395
 -0.0184086 -0.00617318           0  -0.0062341
  0.0136732  0.00684395   0.0062341           0
EndNode1[0]<--->Repeater1[0]
REAL
   0.291925  -0.0035402    0.014168    0.100033
 -0.0035402    0.185093   0.0054717 -0.00302777
   0.014168   0.0054717    0.219876   0.0159911
   0.100033 -0.00302777   0.0159911    0.303106
IMAGINARY
          0  0.00655312   0.0229876  -0.0178283
-0.00655312           0  -0.0165228  0.00358839
 -0.0229876   0.0165228           0    0.021259
  0.0178283 -0.00358839   -0.021259           0
EndNode2[0]<--->HoM1[0]
REAL
   0.337317 -0.00675036  0.00354977   0.0831045
-0.00675036    0.184595   0.0188372  0.00546548
 0.00354977   0.0188372    0.211155  -0.0105867
  0.0831045  0.00546548  -0.0105867    0.266932
IMAGINARY
           0   0.00394665  -0.00415688   -0.0245782
 -0.00394665            0  0.000951095   -0.0035552
  0.00415688 -0.000951095            0  -0.00780269
   0.0245782    0.0035552   0.00780269            0
Repeater1[0]<--->EndNode1[0]
REAL
   0.291925    0.014168  -0.0035402    0.100033
   0.014168    0.219876   0.0054717   0.0159911
 -0.0035402   0.0054717    0.185093 -0.00302777
   0.100033   0.0159911 -0.00302777    0.303106
IMAGINARY
          0   0.0229876  0.00655312  -0.0178283
 -0.0229876           0   0.0165228    0.021259
-0.00655312  -0.0165228           0  0.00358839
  0.0178283   -0.021259 -0.00358839           0
Repeater1[0]<--->HoM1[0]
REAL
   0.337317  0.00354977 -0.00675036   0.0831045
 0.00354977    0.211155   0.0188372  -0.0105867
-0.00675036   0.0188372    0.184595  0.00546548
  0.0831045  -0.0105867  0.00546548    0.266932
IMAGINARY
           0  -0.00415688   0.00394665   -0.0245782
  0.00415688            0 -0.000951095  -0.00780269
 -0.00394665  0.000951095            0   -0.0035552
   0.0245782   0.00780269    0.0035552            0
EndNode1[0]<--->Repeater1[0]
REAL
   0.314548  0.00409314  -0.0255109   0.0796185
 0.00409314     0.19135 -0.00371486  0.00382416
 -0.0255109 -0.00371486    0.237221  -0.0016835
  0.0796185  0.00382416  -0.0016835    0.256881
IMAGINARY
           0  -0.00705297   -0.0184377   -0.0177203
  0.00705297            0   -0.0157848 -0.000219046
   0.0184377    0.0157848            0    0.0145157
   0.0177203  0.000219046   -0.0145157            0
EndNode2[0]<--->HoM1[0]
REAL
   0.315445 -0.00879179 -0.00130687   0.0848174
-0.00879179    0.198953  -0.0109832 -0.00257914
-0.00130687  -0.0109832    0.229058  -0.0145243
  0.0848174 -0.00257914  -0.0145243    0.256545
IMAGINARY
           0 -5.92031e-05  -0.00123053   -0.0115917
 5.92031e-05            0  -0.00410874    0.0143539
  0.00123053   0.00410874            0  -0.00256547
   0.0115917   -0.0143539   0.00256547            0
Repeater1[0]<--->EndNode1[0]
REAL
   0.314548  -0.0255109  0.00409314   0.0796185
 -0.0255109    0.237221 -0.00371486  -0.0016835
 0.00409314 -0.00371486     0.19135  0.00382416
  0.0796185  -0.0016835  0.00382416    0.256881
IMAGINARY
           0   -0.0184377  -0.00705297   -0.0177203
   0.0184377            0    0.0157848    0.0145157
  0.00705297   -0.0157848            0 -0.000219046
   0.0177203   -0.0145157  0.000219046            0
Repeater1[0]<--->HoM1[0]
REAL
   0.315445 -0.00130687 -0.00879179   0.0848174
-0.00130687    0.229058  -0.0109832  -0.0145243
-0.00879179  -0.0109832    0.198953 -0.00257914
  0.0848174  -0.0145243 -0.00257914    0.256545
IMAGINARY
           0  -0.00123053 -5.92031e-05   -0.0115917
  0.00123053            0   0.00410874  -0.00256547
 5.92031e-05  -0.00410874            0    0.0143539
   0.0115917   0.00256547   -0.0143539            0
EndNode1[0]<--->Repeater1[0]
REAL
    0.3219 -0.0238989 -0.0129025  0.0549909
-0.0238989   0.182058 -0.0464942 -0.0178165
-0.0129025 -0.0464942   0.241425 0.00625185
 0.0549909 -0.0178165 0.00625185   0.254617
IMAGINARY
          0   0.0192636   0.0143178  0.00460359
 -0.0192636           0  0.00195809   0.0116723
 -0.0143178 -0.00195809           0 -0.00812496
-0.00460359  -0.0116723  0.00812496           0
EndNode2[0]<--->HoM1[0]
REAL
   0.285714   0.0046972 -0.00674141   0.0638386
  0.0046972    0.202059  0.00740819   0.0220086
-0.00674141  0.00740819     0.24453 -0.00596947
  0.0638386   0.0220086 -0.00596947    0.267696
IMAGINARY
          0  0.00846473    0.010461  0.00894424
-0.00846473           0   0.0276109 -0.00389932
  -0.010461  -0.0276109           0  0.00597096
-0.00894424  0.00389932 -0.00597096           0
Repeater1[0]<--->EndNode1[0]
REAL
    0.3219 -0.0129025 -0.0238989  0.0549909
-0.0129025   0.241425 -0.0464942 0.00625185
-0.0238989 -0.0464942   0.182058 -0.0178165
 0.0549909 0.00625185 -0.0178165   0.254617
IMAGINARY
          0   0.0143178   0.0192636  0.00460359
 -0.0143178           0 -0.00195809 -0.00812496
 -0.0192636  0.00195809           0   0.0116723
-0.00460359  0.00812496  -0.0116723           0
Repeater1[0]<--->HoM1[0]
REAL
   0.285714 -0.00674141   0.0046972   0.0638386
-0.00674141     0.24453  0.00740819 -0.00596947
  0.0046972  0.00740819    0.202059   0.0220086
  0.0638386 -0.00596947   0.0220086    0.267696
IMAGINARY
          0    0.010461  0.00846473  0.00894424
  -0.010461           0  -0.0276109  0.00597096
-0.00846473   0.0276109           0 -0.00389932
-0.00894424 -0.00597096  0.00389932           0
EndNode1[0]<--->Repeater1[0]
REAL
   0.303178 -0.00383448 -0.00635212     0.11041
-0.00383448    0.222494   0.0131194  -0.0126021
-0.00635212   0.0131194    0.228606 -0.00989101
    0.11041  -0.0126021 -0.00989101    0.245721
IMAGINARY
          0  -0.0204875  0.00581468  0.00170318
  0.0204875           0  0.00823059   0.0311311
