EndNode1[0]<--->Repeater1[0]
REAL
   0.704516 -0.00424677  0.00930757  0.00619228
-0.00424677    0.105806   0.0242646   0.0173422
 0.00930757   0.0242646    0.178065   0.0105919
 0.00619228   0.0173422   0.0105919   0.0116129
IMAGINARY
           0  -0.00649038  -0.00871929  -0.00782995
  0.00649038            0  -0.00291594    -0.009353
  0.00871929   0.00291594            0 -0.000872403
  0.00782995     0.009353  0.000872403            0
EndNode2[0]<--->HoM1[0]
REAL
     0.61118 -0.000173479  0.000775299   0.00448469
-0.000173479     0.204969 -0.000200721   0.00595665
 0.000775299 -0.000200721     0.152795  -0.00411049
  0.00448469   0.00595665  -0.00411049    0.0310559
IMAGINARY
          0  -0.0108612 -0.00507333    0.025395
  0.0108612           0   0.0128636   0.0110974
 0.00507333  -0.0128636           0  0.00215968
  -0.025395  -0.0110974 -0.00215968           0
Repeater1[0]<--->EndNode1[0]
REAL
   0.704516  0.00930757 -0.00424677  0.00619228
 0.00930757    0.178065   0.0242646   0.0105919
-0.00424677   0.0242646    0.105806   0.0173422
 0.00619228   0.0105919   0.0173422   0.0116129
IMAGINARY
           0  -0.00871929  -0.00649038  -0.00782995
  0.00871929            0   0.00291594 -0.000872403
  0.00649038  -0.00291594            0    -0.009353
  0.00782995  0.000872403     0.009353            0
Repeater1[0]<--->HoM1[0]
REAL
     0.61118  0.000775299 -0.000173479   0.00448469
 0.000775299     0.152795 -0.000200721  -0.00411049
-0.000173479 -0.000200721     0.204969   0.00595665
  0.00448469  -0.00411049   0.00595665    0.0310559
IMAGINARY
          0 -0.00507333  -0.0108612    0.025395
 0.00507333           0  -0.0128636  0.00215968
  0.0108612   0.0128636           0   0.0110974
  -0.025395 -0.00215968  -0.0110974           0
EndNode1[0]<--->Repeater1[0]
REAL
   0.687124 -0.00913591   0.0191256  -0.0263705
-0.00913591   0.0914561  0.00408637   0.0184788
  0.0191256  0.00408637    0.199759  -0.0298613
 -0.0263705   0.0184788  -0.0298613   0.0216606
IMAGINARY
           0    0.0049892  0.000601289  -0.00609806
  -0.0049892            0   0.00023105  -0.00313936
-0.000601289  -0.00023105            0  -0.00752727
  0.00609806   0.00313936   0.00752727            0
EndNode2[0]<--->HoM1[0]
REAL
   0.591678  0.00624383   -0.004249     0.01467
 0.00624383    0.224967 -0.00533001  -0.0262616
  -0.004249 -0.00533001    0.152146   0.0055868
    0.01467  -0.0262616   0.0055868   0.0312094
IMAGINARY
          0  0.00543247 -0.00559075   0.0061828
-0.00543247           0  0.00439921  0.00416218
 0.00559075 -0.00439921           0  0.00171039
 -0.0061828 -0.00416218 -0.00171039           0
Repeater1[0]<--->EndNode1[0]
REAL
   0.687124   0.0191256 -0.00913591  -0.0263705
  0.0191256    0.199759  0.00408637  -0.0298613
-0.00913591  0.00408637   0.0914561   0.0184788
 -0.0263705  -0.0298613   0.0184788   0.0216606
IMAGINARY
           0  0.000601289    0.0049892  -0.00609806
-0.000601289            0  -0.00023105  -0.00752727
  -0.0049892   0.00023105            0  -0.00313936
  0.00609806   0.00752727   0.00313936            0
Repeater1[0]<--->HoM1[0]
REAL
   0.591678   -0.004249  0.00624383     0.01467
  -0.004249    0.152146 -0.00533001   0.0055868
 0.00624383 -0.00533001    0.224967  -0.0262616
    0.01467   0.0055868  -0.0262616   0.0312094
IMAGINARY
          0 -0.00559075  0.00543247   0.0061828
 0.00559075           0 -0.00439921  0.00171039
-0.00543247  0.00439921           0  0.00416218
 -0.0061828 -0.00171039 -0.00416218           0
EndNode1[0]<--->Repeater1[0]
REAL
   0.703841  -0.0243688 -0.00227691   0.0145191
 -0.0243688   0.0805452 -0.00823771  0.00604575
-0.00227691 -0.00823771    0.195787  -0.0183447
  0.0145191  0.00604575  -0.0183447   0.0198265
IMAGINARY
          0  -0.0124278  0.00745563  0.00876148
  0.0124278           0  0.00496401  0.00489808
-0.00745563 -0.00496401           0  0.00657609
-0.00876148 -0.00489808 -0.00657609           0
EndNode2[0]<--->HoM1[0]
REAL
   0.598726 -0.00839768  -0.0210502 -0.00258343
-0.00839768    0.234395   0.0197263 -0.00323549
 -0.0210502   0.0197263    0.133758  0.00125483
-0.00258343 -0.00323549  0.00125483    0.033121
IMAGINARY
          0  0.00585262   0.0215996    -0.00142
-0.00585262           0   0.0109017   0.0164582
 -0.0215996  -0.0109017           0  0.00333373
    0.00142  -0.0164582 -0.00333373           0
Repeater1[0]<--->EndNode1[0]
REAL
   0.703841 -0.00227691  -0.0243688   0.0145191
-0.00227691    0.195787 -0.00823771  -0.0183447
 -0.0243688 -0.00823771   0.0805452  0.00604575
  0.0145191  -0.0183447  0.00604575   0.0198265
IMAGINARY
          0  0.00745563  -0.0124278  0.00876148
-0.00745563           0 -0.00496401  0.00657609
  0.0124278  0.00496401           0  0.00489808
-0.00876148 -0.00657609 -0.00489808           0
Repeater1[0]<--->HoM1[0]
REAL
   0.598726  -0.0210502 -0.00839768 -0.00258343
 -0.0210502    0.133758   0.0197263  0.00125483
-0.00839768   0.0197263    0.234395 -0.00323549
-0.00258343  0.00125483 -0.00323549    0.033121
IMAGINARY
          0   0.0215996  0.00585262    -0.00142
 -0.0215996           0  -0.0109017  0.00333373
-0.00585262   0.0109017           0   0.0164582
    0.00142 -0.00333373  -0.0164582           0
EndNode1[0]<--->Repeater1[0]
REAL
    0.70559  -0.0141034  0.00305503  0.00208523
 -0.0141034   0.0919255 -0.00670874   0.0068525
 0.00305503 -0.00670874    0.187578 -0.00769315
 0.00208523   0.0068525 -0.00769315   0.0149068
IMAGINARY
          0   0.0294927 -0.00439698  -0.0133225
 -0.0294927           0 -0.00999358 -0.00439698
 0.00439698  0.00999358           0  0.00568318
  0.0133225  0.00439698 -0.00568318           0
EndNode2[0]<--->HoM1[0]
REAL
   0.602883 -0.00766746 -0.00830333   0.0218286
-0.00766746    0.214941   0.0110828   0.0146324
-0.00830333   0.0110828    0.150721 -0.00245912
  0.0218286   0.0146324 -0.00245912   0.0314548
IMAGINARY
          0 -0.00728768   0.0159349   0.0121992
 0.00728768           0   0.0076947  -0.0064532
 -0.0159349  -0.0076947           0   0.0218262
 -0.0121992   0.0064532  -0.0218262           0
Repeater1[0]<--->EndNode1[0]
REAL
    0.70559  0.00305503  -0.0141034  0.00208523
 0.00305503    0.187578 -0.00670874 -0.00769315
 -0.0141034 -0.00670874   0.0919255   0.0068525
 0.00208523 -0.00769315   0.0068525   0.0149068
IMAGINARY
          0 -0.00439698   0.0294927  -0.0133225
 0.00439698           0  0.00999358  0.00568318
 -0.0294927 -0.00999358           0 -0.00439698
  0.0133225 -0.00568318  0.00439698           0
Repeater1[0]<--->HoM1[0]
REAL
   0.602883 -0.00830333 -0.00766746   0.0218286
-0.00830333    0.150721   0.0110828 -0.00245912
-0.00766746   0.0110828    0.214941   0.0146324
  0.0218286 -0.00245912   0.0146324   0.0314548
IMAGINARY
          0   0.0159349 -0.00728768   0.0121992
 -0.0159349           0  -0.0076947   0.0218262
 0.00728768   0.0076947           0  -0.0064532
 -0.0121992  -0.0218262   0.0064532           0
EndNode1[0]<--->Repeater1[0]
REAL
  0.726776 -0.0152868  0.0104445  0.0229665
-0.0152868  0.0833333 -0.0136827 -0.0290122
 0.0104445 -0.0136827   0.174863 -0.0218485
 0.0229665 -0.0290122 -0.0218485  0.0150273
IMAGINARY
          0 -0.00299502 -0.00618138  0.00366833
 0.00299502           0 -0.00846449 -0.00428983
 0.00618138  0.00846449           0 -0.00485838
-0.00366833  0.00428983  0.00485838           0
EndNode2[0]<--->HoM1[0]
REAL
   0.597307  -0.0041202  0.00332527 -0.00849052
 -0.0041202    0.238678   0.0163502  0.00332527
 0.00332527   0.0163502    0.135863   0.0143983
-0.00849052  0.00332527   0.0143983   0.0281518
IMAGINARY
          0 -0.00605096  0.00390438  -0.0205969
 0.00605096           0 -0.00728894   0.0285797
-0.00390438  0.00728894           0 -0.00605096
  0.0205969  -0.0285797  0.00605096           0
Repeater1[0]<--->EndNode1[0]
REAL
  0.726776  0.0104445 -0.0152868  0.0229665
 0.0104445   0.174863 -0.0136827 -0.0218485
-0.0152868 -0.0136827  0.0833333 -0.0290122
 0.0229665 -0.0218485 -0.0290122  0.0150273
IMAGINARY
          0 -0.00618138 -0.00299502  0.00366833
 0.00618138           0  0.00846449 -0.00485838
 0.00299502 -0.00846449           0 -0.00428983
-0.00366833  0.00485838  0.00428983           0
Repeater1[0]<--->HoM1[0]
REAL
   0.597307  0.00332527  -0.0041202 -0.00849052
 0.00332527    0.135863   0.0163502   0.0143983
 -0.0041202   0.0163502    0.238678  0.00332527
-0.00849052   0.0143983  0.00332527   0.0281518
IMAGINARY
          0  0.00390438 -0.00605096  -0.0205969
-0.00390438           0  0.00728894 -0.00605096
 0.00605096 -0.00728894           0   0.0285797
  0.0205969  0.00605096  -0.0285797           0
EndNode1[0]<--->Repeater1[0]
REAL
   0.705346 -0.00352058  -0.0107481 -0.00301877
-0.00352058   0.0847458 -0.00976723  -0.0249181
 -0.0107481 -0.00976723    0.196871   0.0122689
-0.00301877  -0.0249181   0.0122689   0.0130378
IMAGINARY
           0    0.0262079    -0.010066    -0.013198
  -0.0262079            0   -0.0174925 -0.000363495
    0.010066    0.0174925            0   0.00630742
    0.013198  0.000363495  -0.00630742            0
EndNode2[0]<--->HoM1[0]
REAL
   0.637795   0.0100554 -0.00787169  0.00150505
  0.0100554    0.223097   0.0161717   0.0116596
-0.00787169   0.0161717    0.103675 -0.00374225
 0.00150505   0.0116596 -0.00374225   0.0354331
IMAGINARY
           0 -5.24161e-05   0.00687348  -0.00513232
 5.24161e-05            0   0.00321171   0.00245986
 -0.00687348  -0.00321171            0  -0.00128092
  0.00513232  -0.00245986   0.00128092            0
Repeater1[0]<--->EndNode1[0]
REAL
   0.705346  -0.0107481 -0.00352058 -0.00301877
 -0.0107481    0.196871 -0.00976723   0.0122689
-0.00352058 -0.00976723   0.0847458  -0.0249181
-0.00301877   0.0122689  -0.0249181   0.0130378
IMAGINARY
           0    -0.010066    0.0262079    -0.013198
    0.010066            0    0.0174925   0.00630742
  -0.0262079   -0.0174925            0 -0.000363495
    0.013198  -0.00630742  0.000363495            0
Repeater1[0]<--->HoM1[0]
REAL
   0.637795 -0.00787169   0.0100554  0.00150505
-0.00787169    0.103675   0.0161717 -0.00374225
  0.0100554   0.0161717    0.223097   0.0116596
 0.00150505 -0.00374225   0.0116596   0.0354331
IMAGINARY
           0   0.00687348 -5.24161e-05  -0.00513232
 -0.00687348            0  -0.00321171  -0.00128092
 5.24161e-05   0.00321171            0   0.00245986
  0.00513232   0.00128092  -0.00245986            0
EndNode1[0]<--->Repeater1[0]
REAL
   0.70399  0.0113484 -0.0247791 0.00171692
 0.0113484  0.0875161 0.00479195  0.0159033
-0.0247791 0.00479195   0.199485 0.00462795
0.00171692  0.0159033 0.00462795 0.00900901
IMAGINARY
          0  0.00714126 -0.00994768  0.00689106
-0.00714126           0  0.00491997  0.00441263
 0.00994768 -0.00491997           0  0.00454386
-0.00689106 -0.00441263 -0.00454386           0
EndNode2[0]<--->HoM1[0]
REAL
    0.602706  -0.00939787 -0.000371616    0.0239956
 -0.00939787     0.259533    0.0207614   -0.0252038
-0.000371616    0.0207614     0.115621  -0.00338986
   0.0239956   -0.0252038  -0.00338986    0.0221402
IMAGINARY
           0 -0.000656059    0.0254591  3.59419e-05
 0.000656059            0   -0.0129511    0.0127039
  -0.0254591    0.0129511            0   0.00647753
-3.59419e-05   -0.0127039  -0.00647753            0
Repeater1[0]<--->EndNode1[0]
REAL
   0.70399 -0.0247791  0.0113484 0.00171692
-0.0247791   0.199485 0.00479195 0.00462795
 0.0113484 0.00479195  0.0875161  0.0159033
0.00171692 0.00462795  0.0159033 0.00900901
IMAGINARY
          0 -0.00994768  0.00714126  0.00689106
 0.00994768           0 -0.00491997  0.00454386
-0.00714126  0.00491997           0  0.00441263
-0.00689106 -0.00454386 -0.00441263           0
Repeater1[0]<--->HoM1[0]
REAL
    0.602706 -0.000371616  -0.00939787    0.0239956
-0.000371616     0.115621    0.0207614  -0.00338986
 -0.00939787    0.0207614     0.259533   -0.0252038
   0.0239956  -0.00338986   -0.0252038    0.0221402
IMAGINARY
           0    0.0254591 -0.000656059  3.59419e-05
  -0.0254591            0    0.0129511   0.00647753
 0.000656059   -0.0129511            0    0.0127039
-3.59419e-05  -0.00647753   -0.0127039            0
EndNode1[0]<--->Repeater1[0]
REAL
    0.702871   -0.0121839   0.00614229    0.0252601
  -0.0121839    0.0861423 -0.000163602  -0.00807279
  0.00614229 -0.000163602      0.19975  -0.00390363
   0.0252601  -0.00807279  -0.00390363     0.011236
IMAGINARY
           0  -0.00617607  -0.00518706  -0.00232037
  0.00617607            0    0.0156284   0.00453517
  0.00518706   -0.0156284            0 -0.000994724
  0.00232037  -0.00453517  0.000994724            0
EndNode2[0]<--->HoM1[0]
REAL
   0.620977   0.0266114 -0.00346392   0.0158611
  0.0266114    0.225268   0.0130756   0.0202876
-0.00346392   0.0130756    0.112038   0.0117466
  0.0158611   0.0202876   0.0117466   0.0417163
IMAGINARY
          0 -0.00594731  0.00835396 -0.00808188
 0.00594731           0  0.00112865   0.0139302
-0.00835396 -0.00112865           0 -0.00658751
 0.00808188  -0.0139302  0.00658751           0
Repeater1[0]<--->EndNode1[0]
REAL
    0.702871   0.00614229   -0.0121839    0.0252601
  0.00614229      0.19975 -0.000163602  -0.00390363
  -0.0121839 -0.000163602    0.0861423  -0.00807279
   0.0252601  -0.00390363  -0.00807279     0.011236
IMAGINARY
           0  -0.00518706  -0.00617607  -0.00232037
  0.00518706            0   -0.0156284 -0.000994724
  0.00617607    0.0156284            0   0.00453517
  0.00232037  0.000994724  -0.00453517            0
Repeater1[0]<--->HoM1[0]
REAL
   0.620977 -0.00346392   0.0266114   0.0158611
-0.00346392    0.112038   0.0130756   0.0117466
  0.0266114   0.0130756    0.225268   0.0202876
  0.0158611   0.0117466   0.0202876   0.0417163
IMAGINARY
          0  0.00835396 -0.00594731 -0.00808188
-0.00835396           0 -0.00112865 -0.00658751
 0.00594731  0.00112865           0   0.0139302
 0.00808188  0.00658751  -0.0139302           0
EndNode1[0]<--->Repeater1[0]
REAL
     0.69112 -0.000164547   -0.0231582   0.00346651
-0.000164547    0.0810811   -0.0274613   -0.0371531
  -0.0231582   -0.0274613     0.209781   0.00729814
  0.00346651   -0.0371531   0.00729814     0.018018
IMAGINARY
          0   0.0178006 -0.00303176  -0.0040367
 -0.0178006           0 -0.00537359    0.013341
 0.00303176  0.00537359           0  0.00797259
  0.0040367   -0.013341 -0.00797259           0
EndNode2[0]<--->HoM1[0]
REAL
   0.631579 -0.00963312   -0.014243  0.00045747
-0.00963312    0.213158  -0.0213934  0.00192775
  -0.014243  -0.0213934    0.122368  0.00347549
 0.00045747  0.00192775  0.00347549   0.0328947
IMAGINARY
          0   0.0093996 -0.00135059 -0.00414273
 -0.0093996           0   0.0110488  -0.0115029
 0.00135059  -0.0110488           0   0.0137366
 0.00414273   0.0115029  -0.0137366           0
Repeater1[0]<--->EndNode1[0]
REAL
     0.69112   -0.0231582 -0.000164547   0.00346651
  -0.0231582     0.209781   -0.0274613   0.00729814
-0.000164547   -0.0274613    0.0810811   -0.0371531
  0.00346651   0.00729814   -0.0371531     0.018018
IMAGINARY
          0 -0.00303176   0.0178006  -0.0040367
 0.00303176           0  0.00537359  0.00797259
 -0.0178006 -0.00537359           0    0.013341
  0.0040367 -0.00797259   -0.013341           0
Repeater1[0]<--->HoM1[0]
REAL
   0.631579   -0.014243 -0.00963312  0.00045747
  -0.014243    0.122368  -0.0213934  0.00347549
-0.00963312  -0.0213934    0.213158  0.00192775
 0.00045747  0.00347549  0.00192775   0.0328947
IMAGINARY
          0 -0.00135059   0.0093996 -0.00414273
 0.00135059           0  -0.0110488   0.0137366
 -0.0093996   0.0110488           0  -0.0115029
 0.00414273  -0.0137366   0.0115029           0
EndNode1[0]<--->Repeater1[0]
REAL
   0.691391   0.0137243   0.0174562   0.0152819
  0.0137243   0.0887417   0.0114357    0.021984
  0.0174562   0.0114357         0.2 -0.00990752
  0.0152819    0.021984 -0.00990752   0.0198675
IMAGINARY
          0  -0.0154364  -0.0123633  -0.0215567
  0.0154364           0   -0.030305   0.0200556
  0.0123633    0.030305           0  0.00133381
  0.0215567  -0.0200556 -0.00133381           0
EndNode2[0]<--->HoM1[0]
REAL
   0.603064   0.0185901  -0.0123402   0.0182772
  0.0185901    0.231198   0.0220651   0.0221201
 -0.0123402   0.0220651    0.126741 -0.00392015
  0.0182772   0.0221201 -0.00392015   0.0389972
IMAGINARY
          0 -0.00883838 -0.00536021 -0.00773143
 0.00883838           0  0.00512047 -0.00221555
 0.00536021 -0.00512047           0  -0.0126263
 0.00773143  0.00221555   0.0126263           0
Repeater1[0]<--->EndNode1[0]
REAL
   0.691391   0.0174562   0.0137243   0.0152819
  0.0174562         0.2   0.0114357 -0.00990752
  0.0137243   0.0114357   0.0887417    0.021984
  0.0152819 -0.00990752    0.021984   0.0198675
IMAGINARY
          0  -0.0123633  -0.0154364  -0.0215567
  0.0123633           0    0.030305  0.00133381
  0.0154364   -0.030305           0   0.0200556
  0.0215567 -0.00133381  -0.0200556           0
Repeater1[0]<--->HoM1[0]
REAL
   0.603064  -0.0123402   0.0185901   0.0182772
 -0.0123402    0.126741   0.0220651 -0.00392015
  0.0185901   0.0220651    0.231198   0.0221201
  0.0182772 -0.00392015   0.0221201   0.0389972
IMAGINARY
          0 -0.00536021 -0.00883838 -0.00773143
 0.00536021           0 -0.00512047  -0.0126263
 0.00883838  0.00512047           0 -0.00221555
 0.00773143   0.0126263  0.00221555           0
EndNode1[0]<--->Repeater1[0]
REAL
  0.647815 0.00685899   0.013148 0.00339381
0.00685899    0.11054 -0.0312059 -0.0150021
  0.013148 -0.0312059   0.210797 0.00241172
0.00339381 -0.0150021 0.00241172  0.0308483
IMAGINARY
           0  0.000455697   0.00739227    0.0264011
-0.000455697            0   -0.0108395  -0.00400014
 -0.00739227    0.0108395            0  -0.00520468
  -0.0264011   0.00400014   0.00520468            0
EndNode2[0]<--->HoM1[0]
REAL
   0.602244   0.0247819 -0.00317805   0.0186489
  0.0247819    0.233167 0.000972171  0.00114828
-0.00317805 0.000972171    0.130923 -0.00380765
  0.0186489  0.00114828 -0.00380765   0.0336658
IMAGINARY
          0  0.00440618  -0.0129683 -0.00164053
-0.00440618           0   0.0134712  -0.0122843
  0.0129683  -0.0134712           0  0.00569483
 0.00164053   0.0122843 -0.00569483           0
Repeater1[0]<--->EndNode1[0]
REAL
  0.647815   0.013148 0.00685899 0.00339381
  0.013148   0.210797 -0.0312059 0.00241172
0.00685899 -0.0312059    0.11054 -0.0150021
0.00339381 0.00241172 -0.0150021  0.0308483
IMAGINARY
           0   0.00739227  0.000455697    0.0264011
 -0.00739227            0    0.0108395  -0.00520468
-0.000455697   -0.0108395            0  -0.00400014
  -0.0264011   0.00520468   0.00400014            0
Repeater1[0]<--->HoM1[0]
REAL
   0.602244 -0.00317805   0.0247819   0.0186489
-0.00317805    0.130923 0.000972171 -0.00380765
  0.0247819 0.000972171    0.233167  0.00114828
  0.0186489 -0.00380765  0.00114828   0.0336658
IMAGINARY
          0  -0.0129683  0.00440618 -0.00164053
  0.0129683           0  -0.0134712  0.00569483
-0.00440618   0.0134712           0  -0.0122843
 0.00164053 -0.00569483   0.0122843           0
EndNode1[0]<--->Repeater1[0]
REAL
   0.685298   -0.012686  -0.0225773   0.0214157
  -0.012686    0.102066  0.00450091 -0.00586775
 -0.0225773  0.00450091    0.198056 -0.00690941
  0.0214157 -0.00586775 -0.00690941   0.0145808
IMAGINARY
          0  -0.0228317 -0.00164229 -0.00432609
  0.0228317           0 -0.00622243 -0.00985974
 0.00164229  0.00622243           0  -0.0184403
 0.00432609  0.00985974   0.0184403           0
EndNode2[0]<--->HoM1[0]
REAL
   0.604558  0.00807453 -0.00564653   0.0199146
 0.00807453    0.225201 -0.00687112   0.0112366
-0.00564653 -0.00687112    0.142091  -0.0124224
  0.0199146   0.0112366  -0.0124224   0.0281501
IMAGINARY
          0   0.0197933  0.00407359 -0.00380424
 -0.0197933           0   0.0368782   0.0201611
-0.00407359  -0.0368782           0   0.0108189
 0.00380424  -0.0201611  -0.0108189           0
Repeater1[0]<--->EndNode1[0]
REAL
   0.685298  -0.0225773   -0.012686   0.0214157
 -0.0225773    0.198056  0.00450091 -0.00690941
  -0.012686  0.00450091    0.102066 -0.00586775
  0.0214157 -0.00690941 -0.00586775   0.0145808
IMAGINARY
          0 -0.00164229  -0.0228317 -0.00432609
 0.00164229           0  0.00622243  -0.0184403
  0.0228317 -0.00622243           0 -0.00985974
 0.00432609   0.0184403  0.00985974           0
Repeater1[0]<--->HoM1[0]
REAL
   0.604558 -0.00564653  0.00807453   0.0199146
-0.00564653    0.142091 -0.00687112  -0.0124224
 0.00807453 -0.00687112    0.225201   0.0112366
  0.0199146  -0.0124224   0.0112366   0.0281501
IMAGINARY
          0  0.00407359   0.0197933 -0.00380424
-0.00407359           0  -0.0368782   0.0108189
 -0.0197933   0.0368782           0   0.0201611
 0.00380424  -0.0108189  -0.0201611           0
EndNode1[0]<--->Repeater1[0]
REAL
   0.702101  -0.0201392 -0.00557483   0.0121782
 -0.0201392   0.0877627 -0.00340624   0.0102982
-0.00557483 -0.00340624    0.184178  0.00327013
  0.0121782   0.0102982  0.00327013    0.025958
IMAGINARY
           0  -0.00116635  0.000657676    0.0073016
  0.00116635            0     0.011853   0.00193973
-0.000657676    -0.011853            0   -0.0209116
  -0.0073016  -0.00193973    0.0209116            0
EndNode2[0]<--->HoM1[0]
REAL
   0.634053 -0.00434108 -0.00393641   0.0308507
-0.00434108    0.227446  0.00151393 -0.00729212
-0.00393641  0.00151393     0.11817   0.0274586
  0.0308507 -0.00729212   0.0274586   0.0203304
IMAGINARY
          0    0.024144  0.00654522  -0.0125675
  -0.024144           0   0.0169923  -0.0180248
-0.00654522  -0.0169923           0  -0.0113889
  0.0125675   0.0180248   0.0113889           0
Repeater1[0]<--->EndNode1[0]
REAL
   0.702101 -0.00557483  -0.0201392   0.0121782
-0.00557483    0.184178 -0.00340624  0.00327013
 -0.0201392 -0.00340624   0.0877627   0.0102982
  0.0121782  0.00327013   0.0102982    0.025958
IMAGINARY
           0  0.000657676  -0.00116635    0.0073016
-0.000657676            0    -0.011853   -0.0209116
  0.00116635     0.011853            0   0.00193973
  -0.0073016    0.0209116  -0.00193973            0
Repeater1[0]<--->HoM1[0]
REAL
   0.634053 -0.00393641 -0.00434108   0.0308507
-0.00393641     0.11817  0.00151393   0.0274586
-0.00434108  0.00151393    0.227446 -0.00729212
  0.0308507   0.0274586 -0.00729212   0.0203304
IMAGINARY
          0  0.00654522    0.024144  -0.0125675
-0.00654522           0  -0.0169923  -0.0113889
  -0.024144   0.0169923           0  -0.0180248
  0.0125675   0.0113889   0.0180248           0
EndNode1[0]<--->Repeater1[0]
REAL
   0.708483  -0.0224681  0.00328583 -0.00194904
 -0.0224681    0.083632  -0.0284742   0.0192009
 0.00328583  -0.0284742    0.188769 -0.00134138
-0.00194904   0.0192009 -0.00134138   0.0191159
IMAGINARY
           0    0.0088792   -0.0185952    0.0168232
  -0.0088792            0  -0.00159786   -0.0211926
   0.0185952   0.00159786            0  0.000404622
  -0.0168232    0.0211926 -0.000404622            0
EndNode2[0]<--->HoM1[0]
REAL
    0.62356 -0.00333966  0.00208285   -0.034403
-0.00333966    0.224072  0.00546627 -0.00948527
 0.00208285  0.00546627    0.115237  -0.0188676
  -0.034403 -0.00948527  -0.0188676   0.0371319
IMAGINARY
          0   0.0188439  0.00428666  -0.0019997
 -0.0188439           0  0.00379181   0.0238179
-0.00428666 -0.00379181           0  0.00141758
  0.0019997  -0.0238179 -0.00141758           0
Repeater1[0]<--->EndNode1[0]
REAL
   0.708483  0.00328583  -0.0224681 -0.00194904
 0.00328583    0.188769  -0.0284742 -0.00134138
 -0.0224681  -0.0284742    0.083632   0.0192009
-0.00194904 -0.00134138   0.0192009   0.0191159
IMAGINARY
           0   -0.0185952    0.0088792    0.0168232
   0.0185952            0   0.00159786  0.000404622
  -0.0088792  -0.00159786            0   -0.0211926
  -0.0168232 -0.000404622    0.0211926            0
Repeater1[0]<--->HoM1[0]
REAL
    0.62356  0.00208285 -0.00333966   -0.034403
 0.00208285    0.115237  0.00546627  -0.0188676
-0.00333966  0.00546627    0.224072 -0.00948527
  -0.034403  -0.0188676 -0.00948527   0.0371319
IMAGINARY
          0  0.00428666   0.0188439  -0.0019997
-0.00428666           0 -0.00379181  0.00141758
 -0.0188439  0.00379181           0   0.0238179
  0.0019997 -0.00141758  -0.0238179           0
EndNode1[0]<--->Repeater1[0]
REAL
     0.70229 -0.000914983   0.00910689    0.0382682
-0.000914983     0.086514   -0.0280918   0.00785376
  0.00910689   -0.0280918     0.197201   0.00566396
   0.0382682   0.00785376   0.00566396    0.0139949
IMAGINARY
           0 -1.71826e-05 -0.000883735  0.000555358
 1.71826e-05            0   -0.0134753    0.0173095
 0.000883735    0.0134753            0 -0.000639848
-0.000555358   -0.0173095  0.000639848            0
EndNode2[0]<--->HoM1[0]
REAL
    0.598991  -0.00255221   -0.0101044    0.0194562
 -0.00255221      0.24338 -0.000437747  -0.00891396
  -0.0101044 -0.000437747     0.126103   0.00316571
   0.0194562  -0.00891396   0.00316571    0.0315259
IMAGINARY
          0   0.0151621  -0.0181415 -0.00612213
 -0.0151621           0  -0.0292584  0.00222641
  0.0181415   0.0292584           0  0.00340553
 0.00612213 -0.00222641 -0.00340553           0
Repeater1[0]<--->EndNode1[0]
REAL
     0.70229   0.00910689 -0.000914983    0.0382682
  0.00910689     0.197201   -0.0280918   0.00566396
-0.000914983   -0.0280918     0.086514   0.00785376
   0.0382682   0.00566396   0.00785376    0.0139949
IMAGINARY
           0 -0.000883735 -1.71826e-05  0.000555358
 0.000883735            0    0.0134753 -0.000639848
 1.71826e-05   -0.0134753            0    0.0173095
-0.000555358  0.000639848   -0.0173095            0
Repeater1[0]<--->HoM1[0]
REAL
    0.598991   -0.0101044  -0.00255221    0.0194562
  -0.0101044     0.126103 -0.000437747   0.00316571
 -0.00255221 -0.000437747      0.24338  -0.00891396
   0.0194562   0.00316571  -0.00891396    0.0315259
IMAGINARY
          0  -0.0181415   0.0151621 -0.00612213
  0.0181415           0   0.0292584  0.00340553
 -0.0151621  -0.0292584           0  0.00222641
 0.00612213 -0.00340553 -0.00222641           0
EndNode1[0]<--->Repeater1[0]
REAL
   0.690446 -0.00615822 -0.00193142   0.0236443
-0.00615822    0.089172  0.00184592  0.00127782
-0.00193142  0.00184592    0.206369  0.00942619
  0.0236443  0.00127782  0.00942619   0.0140127
IMAGINARY
          0 -0.00161418  0.00348911 -0.00574534
 0.00161418           0  0.00512422  0.00468528
-0.00348911 -0.00512422           0   0.0274997
 0.00574534 -0.00468528  -0.0274997           0
EndNode2[0]<--->HoM1[0]
REAL
   0.633005  -0.0185009 -0.00694908   0.0230343
 -0.0185009    0.235222   0.0073454 -0.00950662
-0.00694908   0.0073454    0.107143 0.000779343
  0.0230343 -0.00950662 0.000779343   0.0246305
IMAGINARY
           0  4.28002e-05  -0.00473617  -0.00798296
-4.28002e-05            0   0.00222112    0.0204251
  0.00473617  -0.00222112            0   0.00200358
  0.00798296   -0.0204251  -0.00200358            0
Repeater1[0]<--->EndNode1[0]
REAL
   0.690446 -0.00193142 -0.00615822   0.0236443
-0.00193142    0.206369  0.00184592  0.00942619
-0.00615822  0.00184592    0.089172  0.00127782
  0.0236443  0.00942619  0.00127782   0.0140127
IMAGINARY
          0  0.00348911 -0.00161418 -0.00574534
-0.00348911           0 -0.00512422   0.0274997
 0.00161418  0.00512422           0  0.00468528
 0.00574534  -0.0274997 -0.00468528           0
Repeater1[0]<--->HoM1[0]
REAL
   0.633005 -0.00694908  -0.0185009   0.0230343
-0.00694908    0.107143   0.0073454 0.000779343
 -0.0185009   0.0073454    0.235222 -0.00950662
  0.0230343 0.000779343 -0.00950662   0.0246305
IMAGINARY
           0  -0.00473617  4.28002e-05  -0.00798296
  0.00473617            0  -0.00222112   0.00200358
-4.28002e-05   0.00222112            0    0.0204251
  0.00798296  -0.00200358   -0.0204251            0
EndNode1[0]<--->Repeater1[0]
REAL
  0.696452  0.0168921 0.00946571 0.00655082
 0.0168921  0.0814717  0.0143916    0.00755
0.00946571  0.0143916    0.21025  0.0105948
0.00655082    0.00755  0.0105948  0.0118265
IMAGINARY
          0   0.0145766 -0.00651779  -0.0237043
 -0.0145766           0  0.00832914 -0.00132298
 0.00651779 -0.00832914           0  -0.0127672
  0.0237043  0.00132298   0.0127672           0
EndNode2[0]<--->HoM1[0]
REAL
   0.608992 -0.00707972   0.0321301   0.0241486
-0.00707972    0.237057  -0.0102429  0.00595934
  0.0321301  -0.0102429    0.111717  -0.0104535
  0.0241486  0.00595934  -0.0104535   0.0422343
IMAGINARY
          0   0.0125257    0.002981  -0.0100172
 -0.0125257           0  0.00582561   0.0102465
  -0.002981 -0.00582561           0 -0.00723474
  0.0100172  -0.0102465  0.00723474           0
Repeater1[0]<--->EndNode1[0]
REAL
  0.696452 0.00946571  0.0168921 0.00655082
0.00946571    0.21025  0.0143916  0.0105948
 0.0168921  0.0143916  0.0814717    0.00755
0.00655082  0.0105948    0.00755  0.0118265
IMAGINARY
          0 -0.00651779   0.0145766  -0.0237043
 0.00651779           0 -0.00832914  -0.0127672
 -0.0145766  0.00832914           0 -0.00132298
  0.0237043   0.0127672  0.00132298           0
Repeater1[0]<--->HoM1[0]
REAL
   0.608992   0.0321301 -0.00707972   0.0241486
  0.0321301    0.111717  -0.0102429  -0.0104535
-0.00707972  -0.0102429    0.237057  0.00595934
  0.0241486  -0.0104535  0.00595934   0.0422343
IMAGINARY
          0    0.002981   0.0125257  -0.0100172
  -0.002981           0 -0.00582561 -0.00723474
 -0.0125257  0.00582561           0   0.0102465
  0.0100172  0.00723474  -0.0102465           0
EndNode1[0]<--->Repeater1[0]
REAL
   0.720307 -0.00294739 -0.00809711   0.0182619
-0.00294739   0.0855683 -0.00173807  0.00014117
-0.00809711 -0.00173807    0.166028 -0.00623254
  0.0182619  0.00014117 -0.00623254   0.0280971
IMAGINARY
           0   0.00850785   -0.0242105 -0.000496666
 -0.00850785            0   -0.0222915  -0.00578947
   0.0242105    0.0222915            0  -0.00850785
 0.000496666   0.00578947   0.00850785            0
EndNode2[0]<--->HoM1[0]
REAL
   0.628499  0.00837694   0.0155676     0.01869
 0.00837694    0.208651 -0.00835405 -0.00910769
  0.0155676 -0.00835405    0.124682  0.00712694
    0.01869 -0.00910769  0.00712694   0.0381679
IMAGINARY
          0  -0.0143189   0.0204314 -0.00245457
  0.0143189           0   0.0207858   0.0217069
 -0.0204314  -0.0207858           0    0.022495
 0.00245457  -0.0217069   -0.022495           0
Repeater1[0]<--->EndNode1[0]
REAL
   0.720307 -0.00809711 -0.00294739   0.0182619
-0.00809711    0.166028 -0.00173807 -0.00623254
-0.00294739 -0.00173807   0.0855683  0.00014117
  0.0182619 -0.00623254  0.00014117   0.0280971
IMAGINARY
           0   -0.0242105   0.00850785 -0.000496666
   0.0242105            0    0.0222915  -0.00850785
 -0.00850785   -0.0222915            0  -0.00578947
 0.000496666   0.00850785   0.00578947            0
Repeater1[0]<--->HoM1[0]
REAL
   0.628499   0.0155676  0.00837694     0.01869
  0.0155676    0.124682 -0.00835405  0.00712694
 0.00837694 -0.00835405    0.208651 -0.00910769
    0.01869  0.00712694 -0.00910769   0.0381679
IMAGINARY
          0   0.0204314  -0.0143189 -0.00245457
 -0.0204314           0  -0.0207858    0.022495
  0.0143189   0.0207858           0   0.0217069
 0.00245457   -0.022495  -0.0217069           0
EndNode1[0]<--->Repeater1[0]
REAL
   0.725686 -0.00342516   0.0234587  -0.0114097
-0.00342516    0.074813   0.0198403   0.0199913
  0.0234587   0.0198403    0.187032   0.0222319
 -0.0114097   0.0199913   0.0222319   0.0124688
IMAGINARY
          0  0.00967039  0.00716146   0.0338864
-0.00967039           0  -0.0139859  0.00716146
-0.00716146   0.0139859           0  -0.0161808
 -0.0338864 -0.00716146   0.0161808           0
EndNode2[0]<--->HoM1[0]
REAL
    0.65685 -0.00269256 -0.00673183  0.00730461
-0.00269256    0.212548  0.00476654   0.0124498
-0.00673183  0.00476654    0.107554    0.021117
 0.00730461   0.0124498    0.021117   0.0230474
IMAGINARY
          0  -0.0085185  0.00603215  0.00521662
  0.0085185           0   0.0132512 -0.00730118
-0.00603215  -0.0132512           0  0.00217332
-0.00521662  0.00730118 -0.00217332           0
Repeater1[0]<--->EndNode1[0]
REAL
   0.725686   0.0234587 -0.00342516  -0.0114097
  0.0234587    0.187032   0.0198403   0.0222319
-0.00342516   0.0198403    0.074813   0.0199913
 -0.0114097   0.0222319   0.0199913   0.0124688
IMAGINARY
          0  0.00716146  0.00967039   0.0338864
-0.00716146           0   0.0139859  -0.0161808
-0.00967039  -0.0139859           0  0.00716146
 -0.0338864   0.0161808 -0.00716146           0
Repeater1[0]<--->HoM1[0]
REAL
    0.65685 -0.00673183 -0.00269256  0.00730461
-0.00673183    0.107554  0.00476654    0.021117
-0.00269256  0.00476654    0.212548   0.0124498
 0.00730461    0.021117   0.0124498   0.0230474
IMAGINARY
          0  0.00603215  -0.0085185  0.00521662
-0.00603215           0  -0.0132512  0.00217332
  0.0085185   0.0132512           0 -0.00730118
-0.00521662 -0.00217332  0.00730118           0
EndNode1[0]<--->Repeater1[0]
REAL
   0.703567  0.00917601 -0.00557722  0.00539302
 0.00917601   0.0799508 -0.00159555  -0.0134101
-0.00557722 -0.00159555    0.201722  0.00981133
 0.00539302  -0.0134101  0.00981133   0.0147601
IMAGINARY
           0  7.45032e-05   0.00252278   0.00723325
-7.45032e-05            0    0.0282859   -0.0120526
 -0.00252278   -0.0282859            0    0.0348683
 -0.00723325    0.0120526   -0.0348683            0
EndNode2[0]<--->HoM1[0]
REAL
  0.612144 -0.0226573  0.0272139  0.0160267
-0.0226573   0.219331  0.0236993 -0.0189947
 0.0272139  0.0236993   0.149938 -0.0102195
 0.0160267 -0.0189947 -0.0102195  0.0185874
IMAGINARY
          0  0.00940893  -0.0101888 -0.00520111
-0.00940893           0  0.00520111  0.00507371
  0.0101888 -0.00520111           0  -0.0337056
 0.00520111 -0.00507371   0.0337056           0
Repeater1[0]<--->EndNode1[0]
REAL
   0.703567 -0.00557722  0.00917601  0.00539302
-0.00557722    0.201722 -0.00159555  0.00981133
 0.00917601 -0.00159555   0.0799508  -0.0134101
 0.00539302  0.00981133  -0.0134101   0.0147601
IMAGINARY
           0   0.00252278  7.45032e-05   0.00723325
 -0.00252278            0   -0.0282859    0.0348683
-7.45032e-05    0.0282859            0   -0.0120526
 -0.00723325   -0.0348683    0.0120526            0
Repeater1[0]<--->HoM1[0]
REAL
  0.612144  0.0272139 -0.0226573  0.0160267
 0.0272139   0.149938  0.0236993 -0.0102195
-0.0226573  0.0236993   0.219331 -0.0189947
 0.0160267 -0.0102195 -0.0189947  0.0185874
IMAGINARY
          0  -0.0101888  0.00940893 -0.00520111
  0.0101888           0 -0.00520111  -0.0337056
-0.00940893  0.00520111           0  0.00507371
 0.00520111   0.0337056 -0.00507371           0
EndNode1[0]<--->Repeater1[0]
REAL
  0.701266  0.0140821 0.00327553 0.00484058
 0.0140821  0.0696203  0.0140511  0.0231728
0.00327553  0.0140511   0.207595 -0.0178605
0.00484058  0.0231728 -0.0178605   0.021519
IMAGINARY
          0   0.0017092  -0.0198167  0.00759618
 -0.0017092           0  -0.0183778  -0.0117622
  0.0198167   0.0183778           0  0.00486975
-0.00759618   0.0117622 -0.00486975           0
EndNode2[0]<--->HoM1[0]
REAL
   0.623206 -0.00196865   0.0176119  0.00241954
-0.00196865    0.232057 -0.00439583  -0.0222232
  0.0176119 -0.00439583    0.111244 -0.00132515
 0.00241954  -0.0222232 -0.00132515   0.0334928
IMAGINARY
          0  0.00148816   0.0128102 -0.00102063
-0.00148816           0 -0.00730204 -0.00971231
 -0.0128102  0.00730204           0   0.0102838
 0.00102063  0.00971231  -0.0102838           0
Repeater1[0]<--->EndNode1[0]
REAL
  0.701266 0.00327553  0.0140821 0.00484058
0.00327553   0.207595  0.0140511 -0.0178605
 0.0140821  0.0140511  0.0696203  0.0231728
0.00484058 -0.0178605  0.0231728   0.021519
IMAGINARY
          0  -0.0198167   0.0017092  0.00759618
  0.0198167           0   0.0183778  0.00486975
 -0.0017092  -0.0183778           0  -0.0117622
-0.00759618 -0.00486975   0.0117622           0
Repeater1[0]<--->HoM1[0]
REAL
   0.623206   0.0176119 -0.00196865  0.00241954
  0.0176119    0.111244 -0.00439583 -0.00132515
-0.00196865 -0.00439583    0.232057  -0.0222232
 0.00241954 -0.00132515  -0.0222232   0.0334928
IMAGINARY
          0   0.0128102  0.00148816 -0.00102063
 -0.0128102           0  0.00730204   0.0102838
-0.00148816 -0.00730204           0 -0.00971231
 0.00102063  -0.0102838  0.00971231           0
EndNode1[0]<--->Repeater1[0]
REAL
   0.723668 -0.00241057  -0.0150803   0.0136345
-0.00241057   0.0879802  0.00215494 -0.00728811
 -0.0150803  0.00215494    0.172243  -0.0173263
  0.0136345 -0.00728811  -0.0173263    0.016109
IMAGINARY
          0    0.012778   0.0121031 -0.00727838
  -0.012778           0  0.00534788 -0.00700102
 -0.0121031 -0.00534788           0  0.00380364
 0.00727838  0.00700102 -0.00380364           0
EndNode2[0]<--->HoM1[0]
REAL
   0.603234   0.0158085   0.0382563   0.0156612
  0.0158085    0.237562 0.000141607 -0.00475443
  0.0382563 0.000141607    0.129353 -0.00632687
  0.0156612 -0.00475443 -0.00632687   0.0298507
IMAGINARY
         0  0.0145508 -0.0103206  0.0190053
-0.0145508          0 -0.0234301 -0.0159952
 0.0103206  0.0234301          0 -0.0165751
-0.0190053  0.0159952  0.0165751          0
Repeater1[0]<--->EndNode1[0]
REAL
   0.723668  -0.0150803 -0.00241057   0.0136345
 -0.0150803    0.172243  0.00215494  -0.0173263
-0.00241057  0.00215494   0.0879802 -0.00728811
  0.0136345  -0.0173263 -0.00728811    0.016109
IMAGINARY
          0   0.0121031    0.012778 -0.00727838
 -0.0121031           0 -0.00534788  0.00380364
  -0.012778  0.00534788           0 -0.00700102
 0.00727838 -0.00380364  0.00700102           0
Repeater1[0]<--->HoM1[0]
REAL
   0.603234   0.0382563   0.0158085   0.0156612
  0.0382563    0.129353 0.000141607 -0.00632687
  0.0158085 0.000141607    0.237562 -0.00475443
  0.0156612 -0.00632687 -0.00475443   0.0298507
IMAGINARY
         0 -0.0103206  0.0145508  0.0190053
 0.0103206          0  0.0234301 -0.0165751
-0.0145508 -0.0234301          0 -0.0159952
-0.0190053  0.0165751  0.0159952          0
EndNode1[0]<--->Repeater1[0]
REAL
    0.690254   0.00493244   -0.0028695 -0.000430733
  0.00493244    0.0747664   0.00606277   -0.0102719
  -0.0028695   0.00606277     0.206943   0.00820898
-0.000430733   -0.0102719   0.00820898    0.0280374
IMAGINARY
          0 -0.00227728 -0.00883151    -0.01712
 0.00227728           0  0.00404403    0.002338
 0.00883151 -0.00404403           0  -0.0198006
    0.01712   -0.002338   0.0198006           0
EndNode2[0]<--->HoM1[0]
REAL
    0.62336  -0.0174219  0.00321332   0.0101786
 -0.0174219    0.220472  -0.0088866 -0.00967327
 0.00321332  -0.0088866    0.127297 -0.00970985
  0.0101786 -0.00967327 -0.00970985   0.0288714
IMAGINARY
          0  0.00701734  -0.0108659  0.00536121
-0.00701734           0  -0.0047059  0.00779084
  0.0108659   0.0047059           0 -0.00763234
-0.00536121 -0.00779084  0.00763234           0
Repeater1[0]<--->EndNode1[0]
REAL
    0.690254   -0.0028695   0.00493244 -0.000430733
  -0.0028695     0.206943   0.00606277   0.00820898
  0.00493244   0.00606277    0.0747664   -0.0102719
-0.000430733   0.00820898   -0.0102719    0.0280374
IMAGINARY
          0 -0.00883151 -0.00227728    -0.01712
 0.00883151           0 -0.00404403  -0.0198006
 0.00227728  0.00404403           0    0.002338
    0.01712   0.0198006   -0.002338           0
Repeater1[0]<--->HoM1[0]
REAL
    0.62336  0.00321332  -0.0174219   0.0101786
 0.00321332    0.127297  -0.0088866 -0.00970985
 -0.0174219  -0.0088866    0.220472 -0.00967327
  0.0101786 -0.00970985 -0.00967327   0.0288714
IMAGINARY
          0  -0.0108659  0.00701734  0.00536121
  0.0108659           0   0.0047059 -0.00763234
-0.00701734  -0.0047059           0  0.00779084
-0.00536121  0.00763234 -0.00779084           0
EndNode1[0]<--->Repeater1[0]
REAL
    0.696187  -0.00167901   -0.0165765    0.0130148
 -0.00167901    0.0885609 -0.000159597   -0.0165765
  -0.0165765 -0.000159597     0.204182    0.0091215
   0.0130148   -0.0165765    0.0091215    0.0110701
IMAGINARY
          0   0.0132018  0.00615239  -0.0150155
 -0.0132018           0 -0.00467956   -0.014308
-0.00615239  0.00467956           0   0.0125197
