EndNode1[0]<--->Repeater1[0]
REAL
   0.336687  -0.0118033 0.000679491    0.189535
 -0.0118033     0.15678 -0.00266901 -0.00336606
0.000679491 -0.00266901    0.166241  0.00732569
   0.189535 -0.00336606  0.00732569    0.340291
IMAGINARY
           0   -0.0104734  -0.00416817   0.00709572
   0.0104734            0  -0.00324501  0.000788271
  0.00416817   0.00324501            0 -0.000116987
 -0.00709572 -0.000788271  0.000116987            0
EndNode2[0]<--->HoM1[0]
REAL
   0.349271 -0.00146713  0.00529613    0.189082
-0.00146713    0.160126  -0.0056381  0.00326758
 0.00529613  -0.0056381    0.158773  0.00867867
   0.189082  0.00326758  0.00867867     0.33183
IMAGINARY
           0  -0.00136688  -0.00295914  0.000730592
  0.00136688            0   0.00201789  -0.00273529
  0.00295914  -0.00201789            0   0.00144083
-0.000730592   0.00273529  -0.00144083            0
Repeater1[0]<--->EndNode1[0]
REAL
   0.336687 0.000679491  -0.0118033    0.189535
0.000679491    0.166241 -0.00266901  0.00732569
 -0.0118033 -0.00266901     0.15678 -0.00336606
   0.189535  0.00732569 -0.00336606    0.340291
IMAGINARY
           0  -0.00416817   -0.0104734   0.00709572
  0.00416817            0   0.00324501 -0.000116987
   0.0104734  -0.00324501            0  0.000788271
 -0.00709572  0.000116987 -0.000788271            0
Repeater1[0]<--->HoM1[0]
REAL
   0.349271  0.00529613 -0.00146713    0.189082
 0.00529613    0.158773  -0.0056381  0.00867867
-0.00146713  -0.0056381    0.160126  0.00326758
   0.189082  0.00867867  0.00326758     0.33183
IMAGINARY
           0  -0.00295914  -0.00136688  0.000730592
  0.00295914            0  -0.00201789   0.00144083
  0.00136688   0.00201789            0  -0.00273529
-0.000730592  -0.00144083   0.00273529            0
EndNode1[0]<--->Repeater1[0]
REAL
   0.343788  -0.0058506 -0.00168579     0.18266
 -0.0058506    0.164586 2.51787e-05  0.00461415
-0.00168579 2.51787e-05    0.152406  0.00232154
    0.18266  0.00461415  0.00232154     0.33922
IMAGINARY
          0 -0.00794136  0.00732026  0.00770425
 0.00794136           0 -0.00650879 -0.00402685
-0.00732026  0.00650879           0 -0.00104067
-0.00770425  0.00402685  0.00104067           0
EndNode2[0]<--->HoM1[0]
REAL
   0.347793  -0.0104634 -0.00936764    0.183372
 -0.0104634    0.153487 -0.00193738  0.00228506
-0.00936764 -0.00193738    0.154843 -0.00324969
   0.183372  0.00228506 -0.00324969    0.343877
IMAGINARY
           0   0.00352312  -0.00297937   0.00712605
 -0.00352312            0   0.00778597 -0.000373265
  0.00297937  -0.00778597            0  -0.00184681
 -0.00712605  0.000373265   0.00184681            0
Repeater1[0]<--->EndNode1[0]
REAL
   0.343788 -0.00168579  -0.0058506     0.18266
-0.00168579    0.152406 2.51787e-05  0.00232154
 -0.0058506 2.51787e-05    0.164586  0.00461415
    0.18266  0.00232154  0.00461415     0.33922
IMAGINARY
          0  0.00732026 -0.00794136  0.00770425
-0.00732026           0  0.00650879 -0.00104067
 0.00794136 -0.00650879           0 -0.00402685
-0.00770425  0.00104067  0.00402685           0
Repeater1[0]<--->HoM1[0]
REAL
   0.347793 -0.00936764  -0.0104634    0.183372
-0.00936764    0.154843 -0.00193738 -0.00324969
 -0.0104634 -0.00193738    0.153487  0.00228506
   0.183372 -0.00324969  0.00228506    0.343877
IMAGINARY
           0  -0.00297937   0.00352312   0.00712605
  0.00297937            0  -0.00778597  -0.00184681
 -0.00352312   0.00778597            0 -0.000373265
 -0.00712605   0.00184681  0.000373265            0
EndNode1[0]<--->Repeater1[0]
REAL
   0.337327  0.00453333  0.00176602    0.183002
 0.00453333    0.152889 -0.00108248 -0.00124603
 0.00176602 -0.00108248     0.16472 -0.00237912
   0.183002 -0.00124603 -0.00237912    0.345063
IMAGINARY
          0  0.00134349  0.00570701  0.00637557
-0.00134349           0 -0.00170689  0.00245289
-0.00570701  0.00170689           0  -0.0101023
-0.00637557 -0.00245289   0.0101023           0
EndNode2[0]<--->HoM1[0]
REAL
   0.347226 -0.00568474  -0.0028689    0.188055
-0.00568474    0.155622  0.00154317 -0.00227171
 -0.0028689  0.00154317    0.164018 0.000392935
   0.188055 -0.00227171 0.000392935    0.333133
IMAGINARY
           0  -0.00224989   0.00108516   0.00356523
  0.00224989            0  -0.00438089  0.000257721
 -0.00108516   0.00438089            0   0.00284672
 -0.00356523 -0.000257721  -0.00284672            0
Repeater1[0]<--->EndNode1[0]
REAL
   0.337327  0.00176602  0.00453333    0.183002
 0.00176602     0.16472 -0.00108248 -0.00237912
 0.00453333 -0.00108248    0.152889 -0.00124603
   0.183002 -0.00237912 -0.00124603    0.345063
IMAGINARY
          0  0.00570701  0.00134349  0.00637557
-0.00570701           0  0.00170689  -0.0101023
-0.00134349 -0.00170689           0  0.00245289
-0.00637557   0.0101023 -0.00245289           0
Repeater1[0]<--->HoM1[0]
REAL
   0.347226  -0.0028689 -0.00568474    0.188055
 -0.0028689    0.164018  0.00154317 0.000392935
-0.00568474  0.00154317    0.155622 -0.00227171
   0.188055 0.000392935 -0.00227171    0.333133
IMAGINARY
           0   0.00108516  -0.00224989   0.00356523
 -0.00108516            0   0.00438089   0.00284672
  0.00224989  -0.00438089            0  0.000257721
 -0.00356523  -0.00284672 -0.000257721            0
EndNode1[0]<--->Repeater1[0]
REAL
   0.344116   0.0059891  0.00758777    0.186857
  0.0059891    0.158926  0.00461506 -0.00524814
 0.00758777  0.00461506    0.158184  0.00208637
   0.186857 -0.00524814  0.00208637    0.338774
IMAGINARY
           0  -0.00488247  -0.00531819 -0.000839493
  0.00488247            0    0.0034098   0.00396603
  0.00531819   -0.0034098            0  -0.00262955
 0.000839493  -0.00396603   0.00262955            0
EndNode2[0]<--->HoM1[0]
REAL
    0.343345  -0.00309366   0.00507696     0.177779
 -0.00309366     0.161514  -0.00438372  -0.00409046
  0.00507696  -0.00438372      0.15636 -0.000776425
    0.177779  -0.00409046 -0.000776425     0.338781
IMAGINARY
           0   0.00258529  -0.00128398   0.00690301
 -0.00258529            0  0.000592911  -0.00324595
  0.00128398 -0.000592911            0   -0.0036992
 -0.00690301   0.00324595    0.0036992            0
Repeater1[0]<--->EndNode1[0]
REAL
   0.344116  0.00758777   0.0059891    0.186857
 0.00758777    0.158184  0.00461506  0.00208637
  0.0059891  0.00461506    0.158926 -0.00524814
   0.186857  0.00208637 -0.00524814    0.338774
IMAGINARY
           0  -0.00531819  -0.00488247 -0.000839493
  0.00531819            0   -0.0034098  -0.00262955
  0.00488247    0.0034098            0   0.00396603
 0.000839493   0.00262955  -0.00396603            0
Repeater1[0]<--->HoM1[0]
REAL
    0.343345   0.00507696  -0.00309366     0.177779
  0.00507696      0.15636  -0.00438372 -0.000776425
 -0.00309366  -0.00438372     0.161514  -0.00409046
    0.177779 -0.000776425  -0.00409046     0.338781
IMAGINARY
           0  -0.00128398   0.00258529   0.00690301
  0.00128398            0 -0.000592911   -0.0036992
 -0.00258529  0.000592911            0  -0.00324595
 -0.00690301    0.0036992   0.00324595            0
EndNode1[0]<--->Repeater1[0]
REAL
   0.340061 0.000479236  0.00100345    0.185591
0.000479236     0.16674  0.00868622  0.00508941
 0.00100345  0.00868622    0.157086  0.00437963
   0.185591  0.00508941  0.00437963    0.336112
IMAGINARY
          0  0.00295104 -0.00658221  0.00446364
-0.00295104           0  0.00144158 -0.00124413
 0.00658221 -0.00144158           0  0.00576131
-0.00446364  0.00124413 -0.00576131           0
EndNode2[0]<--->HoM1[0]
REAL
   0.349724  0.00935466 -0.00402951    0.185234
 0.00935466    0.151995 -0.00311919  -0.0074084
-0.00402951 -0.00311919    0.155732 -0.00326435
   0.185234  -0.0074084 -0.00326435     0.34255
IMAGINARY
           0 -0.000472172   0.00200472  0.000687292
 0.000472172            0   0.00458221   0.00394329
 -0.00200472  -0.00458221            0   0.00627332
-0.000687292  -0.00394329  -0.00627332            0
Repeater1[0]<--->EndNode1[0]
REAL
   0.340061  0.00100345 0.000479236    0.185591
 0.00100345    0.157086  0.00868622  0.00437963
0.000479236  0.00868622     0.16674  0.00508941
   0.185591  0.00437963  0.00508941    0.336112
IMAGINARY
          0 -0.00658221  0.00295104  0.00446364
 0.00658221           0 -0.00144158  0.00576131
-0.00295104  0.00144158           0 -0.00124413
-0.00446364 -0.00576131  0.00124413           0
Repeater1[0]<--->HoM1[0]
REAL
   0.349724 -0.00402951  0.00935466    0.185234
-0.00402951    0.155732 -0.00311919 -0.00326435
 0.00935466 -0.00311919    0.151995  -0.0074084
   0.185234 -0.00326435  -0.0074084     0.34255
IMAGINARY
           0   0.00200472 -0.000472172  0.000687292
 -0.00200472            0  -0.00458221   0.00627332
 0.000472172   0.00458221            0   0.00394329
-0.000687292  -0.00627332  -0.00394329            0
EndNode1[0]<--->Repeater1[0]
REAL
   0.344611  0.00120727 -0.00361226    0.183305
 0.00120727    0.166916 -0.00486424 -0.00250394
-0.00361226 -0.00486424    0.152096  0.00597927
   0.183305 -0.00250394  0.00597927    0.336377
IMAGINARY
           0 -0.000557122   0.00829406  0.000151915
 0.000557122            0  -0.00195588   0.00329928
 -0.00829406   0.00195588            0 -0.000631939
-0.000151915  -0.00329928  0.000631939            0
EndNode2[0]<--->HoM1[0]
REAL
   0.338053 -0.00389741 0.000628871    0.183041
-0.00389741     0.16694  0.00443171 0.000477813
0.000628871  0.00443171    0.155314   0.0014627
   0.183041 0.000477813   0.0014627    0.339693
IMAGINARY
          0  0.00412102 -0.00063003 -0.00129582
-0.00412102           0 -0.00198973  -0.0112872
 0.00063003  0.00198973           0  0.00629721
 0.00129582   0.0112872 -0.00629721           0
Repeater1[0]<--->EndNode1[0]
REAL
   0.344611 -0.00361226  0.00120727    0.183305
-0.00361226    0.152096 -0.00486424  0.00597927
 0.00120727 -0.00486424    0.166916 -0.00250394
   0.183305  0.00597927 -0.00250394    0.336377
IMAGINARY
           0   0.00829406 -0.000557122  0.000151915
 -0.00829406            0   0.00195588 -0.000631939
 0.000557122  -0.00195588            0   0.00329928
-0.000151915  0.000631939  -0.00329928            0
Repeater1[0]<--->HoM1[0]
REAL
   0.338053 0.000628871 -0.00389741    0.183041
0.000628871    0.155314  0.00443171   0.0014627
-0.00389741  0.00443171     0.16694 0.000477813
   0.183041   0.0014627 0.000477813    0.339693
IMAGINARY
          0 -0.00063003  0.00412102 -0.00129582
 0.00063003           0  0.00198973  0.00629721
-0.00412102 -0.00198973           0  -0.0112872
 0.00129582 -0.00629721   0.0112872           0
EndNode1[0]<--->Repeater1[0]
REAL
    0.340264  0.000337056   0.00276834     0.187606
 0.000337056     0.159812 -0.000732789   0.00224588
  0.00276834 -0.000732789     0.159812   0.00108489
    0.187606   0.00224588   0.00108489     0.340112
IMAGINARY
           0 -0.000845456   0.00679481  -0.00798121
 0.000845456            0  -0.00381579   0.00110856
 -0.00679481   0.00381579            0   0.00218754
  0.00798121  -0.00110856  -0.00218754            0
EndNode2[0]<--->HoM1[0]
REAL
   0.343917 -0.00178777  0.00289029    0.182396
-0.00178777    0.156677  0.00171241 -0.00408289
 0.00289029  0.00171241    0.154451 -0.00432433
   0.182396 -0.00408289 -0.00432433    0.344955
IMAGINARY
          0  0.00267594 -0.00230628  0.00479335
-0.00267594           0  0.00284257  0.00676854
 0.00230628 -0.00284257           0 -0.00275157
-0.00479335 -0.00676854  0.00275157           0
Repeater1[0]<--->EndNode1[0]
REAL
    0.340264   0.00276834  0.000337056     0.187606
  0.00276834     0.159812 -0.000732789   0.00108489
 0.000337056 -0.000732789     0.159812   0.00224588
    0.187606   0.00108489   0.00224588     0.340112
IMAGINARY
           0   0.00679481 -0.000845456  -0.00798121
 -0.00679481            0   0.00381579   0.00218754
 0.000845456  -0.00381579            0   0.00110856
  0.00798121  -0.00218754  -0.00110856            0
Repeater1[0]<--->HoM1[0]
REAL
   0.343917  0.00289029 -0.00178777    0.182396
 0.00289029    0.154451  0.00171241 -0.00432433
-0.00178777  0.00171241    0.156677 -0.00408289
   0.182396 -0.00432433 -0.00408289    0.344955
IMAGINARY
          0 -0.00230628  0.00267594  0.00479335
 0.00230628           0 -0.00284257 -0.00275157
-0.00267594  0.00284257           0  0.00676854
-0.00479335  0.00275157 -0.00676854           0
EndNode1[0]<--->Repeater1[0]
REAL
    0.340603  -0.00547334   0.00240776     0.191162
 -0.00547334     0.160079 -0.000678448    0.0027805
  0.00240776 -0.000678448      0.15493  -0.00119728
    0.191162    0.0027805  -0.00119728     0.344389
IMAGINARY
           0   0.00347917  -0.00417505  0.000644196
 -0.00347917            0   0.00531987   0.00212369
  0.00417505  -0.00531987            0  -0.00446686
-0.000644196  -0.00212369   0.00446686            0
EndNode2[0]<--->HoM1[0]
REAL
   0.337736  0.00330368  0.00250815    0.190705
 0.00330368    0.155959 -0.00484335 -0.00177177
 0.00250815 -0.00484335    0.161063 0.000525483
   0.190705 -0.00177177 0.000525483    0.345242
IMAGINARY
           0   0.00849289   0.00278767  0.000481022
 -0.00849289            0  -0.00153842    0.0010964
 -0.00278767   0.00153842            0   -0.0156635
-0.000481022   -0.0010964    0.0156635            0
Repeater1[0]<--->EndNode1[0]
REAL
    0.340603   0.00240776  -0.00547334     0.191162
  0.00240776      0.15493 -0.000678448  -0.00119728
 -0.00547334 -0.000678448     0.160079    0.0027805
    0.191162  -0.00119728    0.0027805     0.344389
IMAGINARY
           0  -0.00417505   0.00347917  0.000644196
  0.00417505            0  -0.00531987  -0.00446686
 -0.00347917   0.00531987            0   0.00212369
-0.000644196   0.00446686  -0.00212369            0
Repeater1[0]<--->HoM1[0]
REAL
   0.337736  0.00250815  0.00330368    0.190705
 0.00250815    0.161063 -0.00484335 0.000525483
 0.00330368 -0.00484335    0.155959 -0.00177177
   0.190705 0.000525483 -0.00177177    0.345242
IMAGINARY
           0   0.00278767   0.00849289  0.000481022
 -0.00278767            0   0.00153842   -0.0156635
 -0.00849289  -0.00153842            0    0.0010964
-0.000481022    0.0156635   -0.0010964            0
EndNode1[0]<--->Repeater1[0]
REAL
   0.352746 -0.00018658 -0.00579282    0.182413
-0.00018658    0.151328 -0.00401162  0.00579282
-0.00579282 -0.00401162    0.160531  0.00406486
   0.182413  0.00579282  0.00406486    0.335395
IMAGINARY
           0   0.00266903  -0.00335666   0.00182435
 -0.00266903            0   0.00428593  -0.00195692
  0.00335666  -0.00428593            0  0.000698733
 -0.00182435   0.00195692 -0.000698733            0
EndNode2[0]<--->HoM1[0]
REAL
    0.344121  -0.00691368  -0.00643891     0.181684
 -0.00691368     0.165974  -0.00399576 -0.000159001
 -0.00643891  -0.00399576     0.145635  -0.00438618
    0.181684 -0.000159001  -0.00438618      0.34427
IMAGINARY
           0   0.00561846   0.00830826 -0.000824675
 -0.00561846            0  -0.00336959  -0.00380511
 -0.00830826   0.00336959            0   0.00218701
 0.000824675   0.00380511  -0.00218701            0
Repeater1[0]<--->EndNode1[0]
REAL
   0.352746 -0.00579282 -0.00018658    0.182413
-0.00579282    0.160531 -0.00401162  0.00406486
-0.00018658 -0.00401162    0.151328  0.00579282
   0.182413  0.00406486  0.00579282    0.335395
IMAGINARY
           0  -0.00335666   0.00266903   0.00182435
  0.00335666            0  -0.00428593  0.000698733
 -0.00266903   0.00428593            0  -0.00195692
 -0.00182435 -0.000698733   0.00195692            0
Repeater1[0]<--->HoM1[0]
REAL
    0.344121  -0.00643891  -0.00691368     0.181684
 -0.00643891     0.145635  -0.00399576  -0.00438618
 -0.00691368  -0.00399576     0.165974 -0.000159001
    0.181684  -0.00438618 -0.000159001      0.34427
IMAGINARY
           0   0.00830826   0.00561846 -0.000824675
 -0.00830826            0   0.00336959   0.00218701
 -0.00561846  -0.00336959            0  -0.00380511
 0.000824675  -0.00218701   0.00380511            0
EndNode1[0]<--->Repeater1[0]
REAL
   0.343536 -0.00348822 -0.00449067    0.181353
-0.00348822    0.158247 0.000610003  0.00184036
-0.00449067 0.000610003    0.162853   0.0105305
   0.181353  0.00184036   0.0105305    0.335364
IMAGINARY
          0 -0.00554255  0.00254333 -0.00659667
 0.00554255           0  -0.0019756   0.0044947
-0.00254333   0.0019756           0 -0.00718581
 0.00659667  -0.0044947  0.00718581           0
EndNode2[0]<--->HoM1[0]
REAL
     0.34883  0.000706571   0.00388855     0.184616
 0.000706571     0.161349   -0.0013419 -0.000774667
  0.00388855   -0.0013419      0.15193  -0.00204109
    0.184616 -0.000774667  -0.00204109     0.337891
IMAGINARY
          0  -0.0033822  0.00375739 -0.00221286
  0.0033822           0 -0.00456099 -0.00487897
-0.00375739  0.00456099           0 -0.00117889
 0.00221286  0.00487897  0.00117889           0
Repeater1[0]<--->EndNode1[0]
REAL
   0.343536 -0.00449067 -0.00348822    0.181353
-0.00449067    0.162853 0.000610003   0.0105305
-0.00348822 0.000610003    0.158247  0.00184036
   0.181353   0.0105305  0.00184036    0.335364
IMAGINARY
          0  0.00254333 -0.00554255 -0.00659667
-0.00254333           0   0.0019756 -0.00718581
 0.00554255  -0.0019756           0   0.0044947
 0.00659667  0.00718581  -0.0044947           0
Repeater1[0]<--->HoM1[0]
REAL
     0.34883   0.00388855  0.000706571     0.184616
  0.00388855      0.15193   -0.0013419  -0.00204109
 0.000706571   -0.0013419     0.161349 -0.000774667
    0.184616  -0.00204109 -0.000774667     0.337891
IMAGINARY
          0  0.00375739  -0.0033822 -0.00221286
-0.00375739           0  0.00456099 -0.00117889
  0.0033822 -0.00456099           0 -0.00487897
 0.00221286  0.00117889  0.00487897           0
EndNode1[0]<--->Repeater1[0]
REAL
   0.340527  0.00651577  0.00206221    0.181383
 0.00651577    0.166245 -0.00178541  -0.0072394
 0.00206221 -0.00178541    0.150469  0.00245317
   0.181383  -0.0072394  0.00245317    0.342759
IMAGINARY
          0  0.00164233 -0.00100657 -0.00146333
-0.00164233           0 -0.00191555  -0.0044009
 0.00100657  0.00191555           0  0.00467907
 0.00146333   0.0044009 -0.00467907           0
EndNode2[0]<--->HoM1[0]
REAL
  0.344853  0.0045113 0.00495905   0.182628
 0.0045113   0.153869 0.00612171 0.00175536
0.00495905 0.00612171   0.161082 0.00399362
  0.182628 0.00175536 0.00399362   0.340195
IMAGINARY
           0  -0.00268693  0.000825488   0.00710376
  0.00268693            0  -0.00792356   0.00795441
-0.000825488   0.00792356            0  -0.00291403
 -0.00710376  -0.00795441   0.00291403            0
Repeater1[0]<--->EndNode1[0]
REAL
   0.340527  0.00206221  0.00651577    0.181383
 0.00206221    0.150469 -0.00178541  0.00245317
 0.00651577 -0.00178541    0.166245  -0.0072394
   0.181383  0.00245317  -0.0072394    0.342759
IMAGINARY
          0 -0.00100657  0.00164233 -0.00146333
 0.00100657           0  0.00191555  0.00467907
-0.00164233 -0.00191555           0  -0.0044009
 0.00146333 -0.00467907   0.0044009           0
Repeater1[0]<--->HoM1[0]
REAL
  0.344853 0.00495905  0.0045113   0.182628
0.00495905   0.161082 0.00612171 0.00399362
 0.0045113 0.00612171   0.153869 0.00175536
  0.182628 0.00399362 0.00175536   0.340195
IMAGINARY
           0  0.000825488  -0.00268693   0.00710376
-0.000825488            0   0.00792356  -0.00291403
  0.00268693  -0.00792356            0   0.00795441
 -0.00710376   0.00291403  -0.00795441            0
EndNode1[0]<--->Repeater1[0]
REAL
    0.338932     0.002247   0.00221113     0.189238
    0.002247     0.160468   -0.0061022 -0.000435978
  0.00221113   -0.0061022     0.159118   0.00307844
    0.189238 -0.000435978   0.00307844     0.341482
IMAGINARY
           0  -0.00617388  -0.00179534  -0.00706047
  0.00617388            0   0.00327718 -0.000594143
  0.00179534  -0.00327718            0  -0.00129327
  0.00706047  0.000594143   0.00129327            0
EndNode2[0]<--->HoM1[0]
REAL
   0.341449 -0.00352106  0.00764246    0.182968
-0.00352106    0.163012  0.00613108 -0.00322711
 0.00764246  0.00613108      0.1553 -0.00667991
   0.182968 -0.00322711 -0.00667991    0.340239
IMAGINARY
           0  0.000341898  0.000546618  -0.00123475
-0.000341898            0  0.000938188   0.00167495
-0.000546618 -0.000938188            0  -0.00522934
  0.00123475  -0.00167495   0.00522934            0
Repeater1[0]<--->EndNode1[0]
REAL
    0.338932   0.00221113     0.002247     0.189238
  0.00221113     0.159118   -0.0061022   0.00307844
    0.002247   -0.0061022     0.160468 -0.000435978
    0.189238   0.00307844 -0.000435978     0.341482
IMAGINARY
           0  -0.00179534  -0.00617388  -0.00706047
  0.00179534            0  -0.00327718  -0.00129327
  0.00617388   0.00327718            0 -0.000594143
  0.00706047   0.00129327  0.000594143            0
Repeater1[0]<--->HoM1[0]
REAL
   0.341449  0.00764246 -0.00352106    0.182968
 0.00764246      0.1553  0.00613108 -0.00667991
-0.00352106  0.00613108    0.163012 -0.00322711
   0.182968 -0.00667991 -0.00322711    0.340239
IMAGINARY
           0  0.000546618  0.000341898  -0.00123475
-0.000546618            0 -0.000938188  -0.00522934
-0.000341898  0.000938188            0   0.00167495
  0.00123475   0.00522934  -0.00167495            0
EndNode1[0]<--->Repeater1[0]
REAL
   0.339423 -0.00190956  0.00354507    0.182495
-0.00190956    0.154243 0.000435734  0.00476309
 0.00354507 0.000435734     0.16868 -0.00594543
   0.182495  0.00476309 -0.00594543    0.337655
IMAGINARY
           0   0.00216661  -0.00239655   0.00266808
 -0.00216661            0   0.00042927 -0.000858561
  0.00239655  -0.00042927            0   0.00653892
 -0.00266808  0.000858561  -0.00653892            0
EndNode2[0]<--->HoM1[0]
REAL
     0.34404  -0.00513946   0.00393747     0.188149
 -0.00513946     0.153296   0.00041772  -0.00340885
  0.00393747   0.00041772      0.16106 -0.000373301
    0.188149  -0.00340885 -0.000373301     0.341605
IMAGINARY
           0 -4.24551e-05 -0.000890914  -0.00105972
 4.24551e-05            0     0.009585 -0.000367041
 0.000890914    -0.009585            0  -0.00550735
  0.00105972  0.000367041   0.00550735            0
Repeater1[0]<--->EndNode1[0]
REAL
   0.339423  0.00354507 -0.00190956    0.182495
 0.00354507     0.16868 0.000435734 -0.00594543
-0.00190956 0.000435734    0.154243  0.00476309
   0.182495 -0.00594543  0.00476309    0.337655
IMAGINARY
           0  -0.00239655   0.00216661   0.00266808
  0.00239655            0  -0.00042927   0.00653892
 -0.00216661   0.00042927            0 -0.000858561
 -0.00266808  -0.00653892  0.000858561            0
Repeater1[0]<--->HoM1[0]
REAL
     0.34404   0.00393747  -0.00513946     0.188149
  0.00393747      0.16106   0.00041772 -0.000373301
 -0.00513946   0.00041772     0.153296  -0.00340885
    0.188149 -0.000373301  -0.00340885     0.341605
IMAGINARY
           0 -0.000890914 -4.24551e-05  -0.00105972
 0.000890914            0    -0.009585  -0.00550735
 4.24551e-05     0.009585            0 -0.000367041
  0.00105972   0.00550735  0.000367041            0
EndNode1[0]<--->Repeater1[0]
REAL
   0.341651  0.00101458   0.0046492    0.174838
 0.00101458    0.152517 -0.00220929  0.00218982
  0.0046492 -0.00220929    0.166396  0.00101458
   0.174838  0.00218982  0.00101458    0.339436
IMAGINARY
          0 -0.00391499 -0.00880426  0.00515401
 0.00391499           0 -0.00281085  0.00453716
 0.00880426  0.00281085           0 -0.00843715
-0.00515401 -0.00453716  0.00843715           0
EndNode2[0]<--->HoM1[0]
REAL
    0.344493  -0.00413087  -0.00684912     0.186576
 -0.00413087       0.1574 -0.000277734  -0.00426867
 -0.00684912 -0.000277734     0.154825  -0.00247971
    0.186576  -0.00426867  -0.00247971     0.343281
IMAGINARY
           0   0.00452052   0.00206168   0.00318844
 -0.00452052            0  -0.00661257   0.00221054
 -0.00206168   0.00661257            0 -0.000847912
 -0.00318844  -0.00221054  0.000847912            0
Repeater1[0]<--->EndNode1[0]
REAL
   0.341651   0.0046492  0.00101458    0.174838
  0.0046492    0.166396 -0.00220929  0.00101458
 0.00101458 -0.00220929    0.152517  0.00218982
   0.174838  0.00101458  0.00218982    0.339436
IMAGINARY
          0 -0.00880426 -0.00391499  0.00515401
 0.00880426           0  0.00281085 -0.00843715
 0.00391499 -0.00281085           0  0.00453716
-0.00515401  0.00843715 -0.00453716           0
Repeater1[0]<--->HoM1[0]
REAL
    0.344493  -0.00684912  -0.00413087     0.186576
 -0.00684912     0.154825 -0.000277734  -0.00247971
 -0.00413087 -0.000277734       0.1574  -0.00426867
    0.186576  -0.00247971  -0.00426867     0.343281
IMAGINARY
           0   0.00206168   0.00452052   0.00318844
 -0.00206168            0   0.00661257 -0.000847912
 -0.00452052  -0.00661257            0   0.00221054
 -0.00318844  0.000847912  -0.00221054            0
EndNode1[0]<--->Repeater1[0]
REAL
   0.338329  0.00439465  0.00355873     0.18333
 0.00439465    0.162339  0.00318516  -0.0032557
 0.00355873  0.00318516    0.163081 -0.00151587
    0.18333  -0.0032557 -0.00151587    0.336252
IMAGINARY
          0   0.0026572  0.00530718 -0.00142358
 -0.0026572           0  0.00275258 -2.6556e-05
-0.00530718 -0.00275258           0  0.00443393
 0.00142358  2.6556e-05 -0.00443393           0
EndNode2[0]<--->HoM1[0]
REAL
    0.352482   0.00838272  -0.00133034     0.184316
  0.00838272     0.153631 -0.000978081  -0.00140606
 -0.00133034 -0.000978081     0.155251  -0.00275791
    0.184316  -0.00140606  -0.00275791     0.338636
IMAGINARY
           0 -0.000306803  -0.00233745   0.00831717
 0.000306803            0    0.0050962  -0.00122154
  0.00233745   -0.0050962            0   0.00023108
 -0.00831717   0.00122154  -0.00023108            0
Repeater1[0]<--->EndNode1[0]
REAL
   0.338329  0.00355873  0.00439465     0.18333
 0.00355873    0.163081  0.00318516 -0.00151587
 0.00439465  0.00318516    0.162339  -0.0032557
    0.18333 -0.00151587  -0.0032557    0.336252
IMAGINARY
          0  0.00530718   0.0026572 -0.00142358
-0.00530718           0 -0.00275258  0.00443393
 -0.0026572  0.00275258           0 -2.6556e-05
 0.00142358 -0.00443393  2.6556e-05           0
Repeater1[0]<--->HoM1[0]
REAL
    0.352482  -0.00133034   0.00838272     0.184316
 -0.00133034     0.155251 -0.000978081  -0.00275791
  0.00838272 -0.000978081     0.153631  -0.00140606
    0.184316  -0.00275791  -0.00140606     0.338636
IMAGINARY
           0  -0.00233745 -0.000306803   0.00831717
  0.00233745            0   -0.0050962   0.00023108
 0.000306803    0.0050962            0  -0.00122154
 -0.00831717  -0.00023108   0.00122154            0
EndNode1[0]<--->Repeater1[0]
REAL
   0.338937  0.00216695 -0.00108034    0.185695
 0.00216695    0.161213 -0.00474201  0.00699972
-0.00108034 -0.00474201    0.162414  0.00390228
   0.185695  0.00699972  0.00390228    0.337436
IMAGINARY
           0   0.00272963   -0.0015551  -0.00435141
 -0.00272963            0   0.00359953  0.000137822
   0.0015551  -0.00359953            0   -0.0041469
  0.00435141 -0.000137822    0.0041469            0
EndNode2[0]<--->HoM1[0]
REAL
   0.342105 -0.00696082 -0.00486962     0.18505
-0.00696082    0.161739  0.00703789  0.00524641
-0.00486962  0.00703789    0.152572  0.00296684
    0.18505  0.00524641  0.00296684    0.343584
IMAGINARY
           0   0.00847897  -0.00137715   0.00465573
 -0.00847897            0 -0.000151227 -0.000936625
  0.00137715  0.000151227            0   0.00294064
 -0.00465573  0.000936625  -0.00294064            0
Repeater1[0]<--->EndNode1[0]
REAL
   0.338937 -0.00108034  0.00216695    0.185695
-0.00108034    0.162414 -0.00474201  0.00390228
 0.00216695 -0.00474201    0.161213  0.00699972
   0.185695  0.00390228  0.00699972    0.337436
IMAGINARY
           0   -0.0015551   0.00272963  -0.00435141
   0.0015551            0  -0.00359953   -0.0041469
 -0.00272963   0.00359953            0  0.000137822
  0.00435141    0.0041469 -0.000137822            0
Repeater1[0]<--->HoM1[0]
REAL
   0.342105 -0.00486962 -0.00696082     0.18505
-0.00486962    0.152572  0.00703789  0.00296684
-0.00696082  0.00703789    0.161739  0.00524641
    0.18505  0.00296684  0.00524641    0.343584
IMAGINARY
           0  -0.00137715   0.00847897   0.00465573
  0.00137715            0  0.000151227   0.00294064
 -0.00847897 -0.000151227            0 -0.000936625
 -0.00465573  -0.00294064  0.000936625            0
EndNode1[0]<--->Repeater1[0]
REAL
   0.336995 -0.00491091 -0.00138568    0.184147
-0.00491091    0.157809  0.00207157  0.00280719
-0.00138568  0.00207157    0.159293 -0.00848128
   0.184147  0.00280719 -0.00848128    0.345903
IMAGINARY
           0 -0.000696557  0.000375152  -0.00148651
 0.000696557            0  -0.00148651  -0.00565603
-0.000375152   0.00148651            0   0.00643665
  0.00148651   0.00565603  -0.00643665            0
EndNode2[0]<--->HoM1[0]
REAL
   0.338619  0.00428975  0.00303736    0.189741
 0.00428975     0.15901 0.000738286 0.000175913
 0.00303736 0.000738286    0.169235  0.00236097
   0.189741 0.000175913  0.00236097    0.333136
IMAGINARY
           0   0.00624191  -0.00197262   -0.0057377
 -0.00624191            0 -0.000182149    0.0014432
  0.00197262  0.000182149            0   0.00245572
   0.0057377   -0.0014432  -0.00245572            0
Repeater1[0]<--->EndNode1[0]
REAL
   0.336995 -0.00138568 -0.00491091    0.184147
-0.00138568    0.159293  0.00207157 -0.00848128
-0.00491091  0.00207157    0.157809  0.00280719
   0.184147 -0.00848128  0.00280719    0.345903
IMAGINARY
           0  0.000375152 -0.000696557  -0.00148651
-0.000375152            0   0.00148651   0.00643665
 0.000696557  -0.00148651            0  -0.00565603
  0.00148651  -0.00643665   0.00565603            0
Repeater1[0]<--->HoM1[0]
REAL
   0.338619  0.00303736  0.00428975    0.189741
 0.00303736    0.169235 0.000738286  0.00236097
 0.00428975 0.000738286     0.15901 0.000175913
   0.189741  0.00236097 0.000175913    0.333136
IMAGINARY
           0  -0.00197262   0.00624191   -0.0057377
  0.00197262            0  0.000182149   0.00245572
 -0.00624191 -0.000182149            0    0.0014432
   0.0057377  -0.00245572   -0.0014432            0
EndNode1[0]<--->Repeater1[0]
REAL
   0.347475 -0.00205346   0.0101081    0.183783
-0.00205346    0.151778   0.0020056 -0.00314775
  0.0101081   0.0020056     0.15372  0.00595433
   0.183783 -0.00314775  0.00595433    0.347027
IMAGINARY
           0   0.00168923   0.00487423  -0.00127877
 -0.00168923            0    0.0012043  0.000661374
 -0.00487423   -0.0012043            0   0.00100377
  0.00127877 -0.000661374  -0.00100377            0
EndNode2[0]<--->HoM1[0]
REAL
    0.342569  0.000968126   0.00202445     0.187254
 0.000968126     0.159876   -0.0004512   0.00415211
  0.00202445   -0.0004512     0.155727 -0.000968126
    0.187254   0.00415211 -0.000968126     0.341828
IMAGINARY
           0   -0.0042751  -0.00430545   0.00247891
   0.0042751            0   0.00361407  0.000715856
  0.00430545  -0.00361407            0  -0.00978413
 -0.00247891 -0.000715856   0.00978413            0
Repeater1[0]<--->EndNode1[0]
REAL
   0.347475   0.0101081 -0.00205346    0.183783
  0.0101081     0.15372   0.0020056  0.00595433
-0.00205346   0.0020056    0.151778 -0.00314775
   0.183783  0.00595433 -0.00314775    0.347027
IMAGINARY
           0   0.00487423   0.00168923  -0.00127877
 -0.00487423            0   -0.0012043   0.00100377
 -0.00168923    0.0012043            0  0.000661374
  0.00127877  -0.00100377 -0.000661374            0
Repeater1[0]<--->HoM1[0]
REAL
    0.342569   0.00202445  0.000968126     0.187254
  0.00202445     0.155727   -0.0004512 -0.000968126
 0.000968126   -0.0004512     0.159876   0.00415211
    0.187254 -0.000968126   0.00415211     0.341828
IMAGINARY
           0  -0.00430545   -0.0042751   0.00247891
  0.00430545            0  -0.00361407  -0.00978413
   0.0042751   0.00361407            0  0.000715856
 -0.00247891   0.00978413 -0.000715856            0
EndNode1[0]<--->Repeater1[0]
REAL
   0.340202  0.00576823 -0.00109178    0.183373
 0.00576823    0.150227  0.00556247 -0.00303673
-0.00109178  0.00556247     0.16104 -0.00629367
   0.183373 -0.00303673 -0.00629367    0.348531
IMAGINARY
           0   0.00291757   0.00518361  -0.00503292
 -0.00291757            0  -0.00412023  0.000289766
 -0.00518361   0.00412023            0  -0.00543236
  0.00503292 -0.000289766   0.00543236            0
EndNode2[0]<--->HoM1[0]
REAL
    0.341553   0.00337272 -0.000646766     0.181547
  0.00337272     0.161127  -0.00452013   0.00395007
-0.000646766  -0.00452013     0.152703  0.000681333
    0.181547   0.00395007  0.000681333     0.344616
IMAGINARY
           0   0.00742423  -0.00705715  -0.00708573
 -0.00742423            0 -0.000226198  -0.00142752
  0.00705715  0.000226198            0  0.000613874
  0.00708573   0.00142752 -0.000613874            0
Repeater1[0]<--->EndNode1[0]
REAL
   0.340202 -0.00109178  0.00576823    0.183373
-0.00109178     0.16104  0.00556247 -0.00629367
 0.00576823  0.00556247    0.150227 -0.00303673
   0.183373 -0.00629367 -0.00303673    0.348531
IMAGINARY
           0   0.00518361   0.00291757  -0.00503292
 -0.00518361            0   0.00412023  -0.00543236
 -0.00291757  -0.00412023            0  0.000289766
  0.00503292   0.00543236 -0.000289766            0
Repeater1[0]<--->HoM1[0]
REAL
    0.341553 -0.000646766   0.00337272     0.181547
-0.000646766     0.152703  -0.00452013  0.000681333
  0.00337272  -0.00452013     0.161127   0.00395007
    0.181547  0.000681333   0.00395007     0.344616
IMAGINARY
           0  -0.00705715   0.00742423  -0.00708573
  0.00705715            0  0.000226198  0.000613874
 -0.00742423 -0.000226198            0  -0.00142752
  0.00708573 -0.000613874   0.00142752            0
EndNode1[0]<--->Repeater1[0]
REAL
    0.346266 -8.66957e-05  0.000464651     0.186892
-8.66957e-05     0.150247   0.00380947    -0.011125
 0.000464651   0.00380947     0.156786   -0.0107217
    0.186892    -0.011125   -0.0107217     0.346702
IMAGINARY
          0   0.0020565  0.00103207  0.00357848
 -0.0020565           0   0.0117146 -0.00586766
-0.00103207  -0.0117146           0 -0.00168453
-0.00357848  0.00586766  0.00168453           0
EndNode2[0]<--->HoM1[0]
REAL
    0.353681  -0.00341473  -0.00210692       0.1852
 -0.00341473     0.154396  0.000196055 -0.000819625
 -0.00210692  0.000196055     0.164492  -0.00565755
      0.1852 -0.000819625  -0.00565755     0.327431
IMAGINARY
          0  0.00959026  0.00288492  0.00335037
-0.00959026           0 -0.00667828 -0.00332858
-0.00288492  0.00667828           0  -0.0011608
-0.00335037  0.00332858   0.0011608           0
Repeater1[0]<--->EndNode1[0]
REAL
    0.346266  0.000464651 -8.66957e-05     0.186892
 0.000464651     0.156786   0.00380947   -0.0107217
-8.66957e-05   0.00380947     0.150247    -0.011125
    0.186892   -0.0107217    -0.011125     0.346702
IMAGINARY
          0  0.00103207   0.0020565  0.00357848
-0.00103207           0  -0.0117146 -0.00168453
 -0.0020565   0.0117146           0 -0.00586766
-0.00357848  0.00168453  0.00586766           0
Repeater1[0]<--->HoM1[0]
REAL
    0.353681  -0.00210692  -0.00341473       0.1852
 -0.00210692     0.164492  0.000196055  -0.00565755
 -0.00341473  0.000196055     0.154396 -0.000819625
      0.1852  -0.00565755 -0.000819625     0.327431
IMAGINARY
          0  0.00288492  0.00959026  0.00335037
-0.00288492           0  0.00667828  -0.0011608
-0.00959026 -0.00667828           0 -0.00332858
-0.00335037   0.0011608  0.00332858           0
EndNode1[0]<--->Repeater1[0]
REAL
   0.354421 -0.00213421 -0.00489535    0.185893
-0.00213421    0.157487   0.0054947 -0.00093599
-0.00489535   0.0054947    0.146323 -0.00160383
   0.185893 -0.00093599 -0.00160383    0.341768
IMAGINARY
           0  -0.00144202  -0.00236313 -0.000706866
  0.00144202            0   0.00500227  -0.00422186
  0.00236313  -0.00500227            0 -0.000701934
 0.000706866   0.00422186  0.000701934            0
EndNode2[0]<--->HoM1[0]
REAL
   0.339873  0.00210838  0.00447234    0.184369
 0.00210838    0.152279 -0.00148968  0.00237904
 0.00447234 -0.00148968    0.161787  0.00203256
   0.184369  0.00237904  0.00203256    0.346061
IMAGINARY
           0   0.00297625   0.00198652   0.00236334
 -0.00297625            0   0.00765001 -0.000576812
 -0.00198652  -0.00765001            0   0.00199482
 -0.00236334  0.000576812  -0.00199482            0
Repeater1[0]<--->EndNode1[0]
REAL
   0.354421 -0.00489535 -0.00213421    0.185893
-0.00489535    0.146323   0.0054947 -0.00160383
-0.00213421   0.0054947    0.157487 -0.00093599
   0.185893 -0.00160383 -0.00093599    0.341768
IMAGINARY
           0  -0.00236313  -0.00144202 -0.000706866
  0.00236313            0  -0.00500227 -0.000701934
  0.00144202   0.00500227            0  -0.00422186
 0.000706866  0.000701934   0.00422186            0
Repeater1[0]<--->HoM1[0]
REAL
   0.339873  0.00447234  0.00210838    0.184369
 0.00447234    0.161787 -0.00148968  0.00203256
 0.00210838 -0.00148968    0.152279  0.00237904
   0.184369  0.00203256  0.00237904    0.346061
IMAGINARY
           0   0.00198652   0.00297625   0.00236334
 -0.00198652            0  -0.00765001   0.00199482
 -0.00297625   0.00765001            0 -0.000576812
 -0.00236334  -0.00199482  0.000576812            0
EndNode1[0]<--->Repeater1[0]
REAL
    0.33608  0.00763059 -0.00392959    0.184182
 0.00763059    0.153325 -2.0265e-05 -0.00512505
-0.00392959 -2.0265e-05    0.165097  0.00234485
   0.184182 -0.00512505  0.00234485    0.345497
IMAGINARY
          0 -0.00441178  4.2264e-05  -0.0012739
 0.00441178           0 -0.00416493 -0.00381073
-4.2264e-05  0.00416493           0  0.00742655
  0.0012739  0.00381073 -0.00742655           0
EndNode2[0]<--->HoM1[0]
REAL
    0.340155  4.80792e-05   0.00157715      0.17396
 4.80792e-05     0.158102  0.000764201 -0.000595132
  0.00157715  0.000764201     0.155828  -0.00344738
     0.17396 -0.000595132  -0.00344738     0.345915
IMAGINARY
           0   -0.0102812   0.00458338   -0.0035329
   0.0102812            0   0.00708328  0.000571264
 -0.00458338  -0.00708328            0  -0.00297363
   0.0035329 -0.000571264   0.00297363            0
Repeater1[0]<--->EndNode1[0]
REAL
    0.33608 -0.00392959  0.00763059    0.184182
-0.00392959    0.165097 -2.0265e-05  0.00234485
 0.00763059 -2.0265e-05    0.153325 -0.00512505
   0.184182  0.00234485 -0.00512505    0.345497
IMAGINARY
          0  4.2264e-05 -0.00441178  -0.0012739
-4.2264e-05           0  0.00416493  0.00742655
 0.00441178 -0.00416493           0 -0.00381073
  0.0012739 -0.00742655  0.00381073           0
Repeater1[0]<--->HoM1[0]
REAL
    0.340155   0.00157715  4.80792e-05      0.17396
  0.00157715     0.155828  0.000764201  -0.00344738
 4.80792e-05  0.000764201     0.158102 -0.000595132
     0.17396  -0.00344738 -0.000595132     0.345915
IMAGINARY
           0   0.00458338   -0.0102812   -0.0035329
 -0.00458338            0  -0.00708328  -0.00297363
   0.0102812   0.00708328            0  0.000571264
   0.0035329   0.00297363 -0.000571264            0
EndNode1[0]<--->Repeater1[0]
REAL
    0.345979  -0.00476628 -0.000806185     0.189888
 -0.00476628     0.161427 -0.000780827   0.00670634
-0.000806185 -0.000780827     0.154625   0.00113541
    0.189888   0.00670634   0.00113541     0.337969
IMAGINARY
          0  -0.0067056  0.00291275 -0.00224635
  0.0067056           0  0.00551148  0.00848839
-0.00291275 -0.00551148           0 -0.00499557
 0.00224635 -0.00848839  0.00499557           0
EndNode2[0]<--->HoM1[0]
REAL
   0.341001  0.00659126 -0.00404292    0.184928
 0.00659126    0.153511 -0.00120942 0.000949515
-0.00404292 -0.00120942    0.161931  0.00178357
   0.184928 0.000949515  0.00178357    0.343557
IMAGINARY
           0    0.0047004 -0.000572508    0.0043184
  -0.0047004            0  0.000966696  -0.00270643
 0.000572508 -0.000966696            0  -0.00264153
  -0.0043184   0.00270643   0.00264153            0
Repeater1[0]<--->EndNode1[0]
REAL
    0.345979 -0.000806185  -0.00476628     0.189888
-0.000806185     0.154625 -0.000780827   0.00113541
 -0.00476628 -0.000780827     0.161427   0.00670634
    0.189888   0.00113541   0.00670634     0.337969
