EndNode1[0]<--->Repeater1[0]
REAL
   0.338174 -0.00530345  0.00134579     0.18576
-0.00530345     0.15629  0.00211985  0.00713032
 0.00134579  0.00211985    0.160918  0.00806838
    0.18576  0.00713032  0.00806838    0.344618
IMAGINARY
           0  -0.00332154  0.000837928   0.00273075
  0.00332154            0  -0.00161078   0.00320544
-0.000837928   0.00161078            0  0.000166829
 -0.00273075  -0.00320544 -0.000166829            0
EndNode2[0]<--->HoM1[0]
REAL
   0.348213 -0.00455321  0.00891736    0.186181
-0.00455321    0.156687 -0.00207011 -0.00227463
 0.00891736 -0.00207011    0.156596  0.00428391
   0.186181 -0.00227463  0.00428391    0.338505
IMAGINARY
           0  0.000262816  0.000543398   0.00350288
-0.000262816            0   0.00327844  -0.00174586
-0.000543398  -0.00327844            0  0.000761501
 -0.00350288   0.00174586 -0.000761501            0
Repeater1[0]<--->EndNode1[0]
REAL
   0.338174  0.00134579 -0.00530345     0.18576
 0.00134579    0.160918  0.00211985  0.00806838
-0.00530345  0.00211985     0.15629  0.00713032
    0.18576  0.00806838  0.00713032    0.344618
IMAGINARY
           0  0.000837928  -0.00332154   0.00273075
-0.000837928            0   0.00161078  0.000166829
  0.00332154  -0.00161078            0   0.00320544
 -0.00273075 -0.000166829  -0.00320544            0
Repeater1[0]<--->HoM1[0]
REAL
   0.348213  0.00891736 -0.00455321    0.186181
 0.00891736    0.156596 -0.00207011  0.00428391
-0.00455321 -0.00207011    0.156687 -0.00227463
   0.186181  0.00428391 -0.00227463    0.338505
IMAGINARY
           0  0.000543398  0.000262816   0.00350288
-0.000543398            0  -0.00327844  0.000761501
-0.000262816   0.00327844            0  -0.00174586
 -0.00350288 -0.000761501   0.00174586            0
EndNode1[0]<--->Repeater1[0]
REAL
   0.342037 -0.00180247 -0.00260753    0.180601
-0.00180247    0.162584  0.00379937 -0.00382869
-0.00260753  0.00379937    0.161866 -0.00319348
   0.180601 -0.00382869 -0.00319348    0.333513
IMAGINARY
          0 -0.00271357 -0.00101606   0.0118637
 0.00271357           0 -0.00303753 -0.00586529
 0.00101606  0.00303753           0  0.00572698
 -0.0118637  0.00586529 -0.00572698           0
EndNode2[0]<--->HoM1[0]
REAL
   0.344087 -0.00548445 -0.00941269    0.185524
-0.00548445     0.15798 -0.00234022 -0.00236788
-0.00941269 -0.00234022    0.152408 -0.00476735
   0.185524 -0.00236788 -0.00476735    0.345525
IMAGINARY
           0  0.000484614  -0.00453579   0.00660044
-0.000484614            0   0.00834105   -0.0024693
  0.00453579  -0.00834105            0  -0.00157632
 -0.00660044    0.0024693   0.00157632            0
Repeater1[0]<--->EndNode1[0]
REAL
   0.342037 -0.00260753 -0.00180247    0.180601
-0.00260753    0.161866  0.00379937 -0.00319348
-0.00180247  0.00379937    0.162584 -0.00382869
   0.180601 -0.00319348 -0.00382869    0.333513
IMAGINARY
          0 -0.00101606 -0.00271357   0.0118637
 0.00101606           0  0.00303753  0.00572698
 0.00271357 -0.00303753           0 -0.00586529
 -0.0118637 -0.00572698  0.00586529           0
Repeater1[0]<--->HoM1[0]
REAL
   0.344087 -0.00941269 -0.00548445    0.185524
-0.00941269    0.152408 -0.00234022 -0.00476735
-0.00548445 -0.00234022     0.15798 -0.00236788
   0.185524 -0.00476735 -0.00236788    0.345525
IMAGINARY
           0  -0.00453579  0.000484614   0.00660044
  0.00453579            0  -0.00834105  -0.00157632
-0.000484614   0.00834105            0   -0.0024693
 -0.00660044   0.00157632    0.0024693            0
EndNode1[0]<--->Repeater1[0]
REAL
    0.339223  -0.00168551   0.00375049      0.18124
 -0.00168551     0.155477  -0.00312788 -0.000559475
  0.00375049  -0.00312788     0.162907  0.000831574
     0.18124 -0.000559475  0.000831574     0.342394
IMAGINARY
           0   0.00122939   0.00108667   0.00377491
 -0.00122939            0   0.00431159  -0.00245171
 -0.00108667  -0.00431159            0  0.000311786
 -0.00377491   0.00245171 -0.000311786            0
EndNode2[0]<--->HoM1[0]
REAL
    0.343674  -0.00218903 -6.74203e-07     0.190377
 -0.00218903     0.157724  0.000166505 -0.000226001
-6.74203e-07  0.000166505     0.161872  -0.00102976
    0.190377 -0.000226001  -0.00102976      0.33673
IMAGINARY
           0   0.00135798 -0.000465917  0.000754094
 -0.00135798            0  -0.00277149  -0.00333381
 0.000465917   0.00277149            0 -0.000866255
-0.000754094   0.00333381  0.000866255            0
Repeater1[0]<--->EndNode1[0]
REAL
    0.339223   0.00375049  -0.00168551      0.18124
  0.00375049     0.162907  -0.00312788  0.000831574
 -0.00168551  -0.00312788     0.155477 -0.000559475
     0.18124  0.000831574 -0.000559475     0.342394
IMAGINARY
           0   0.00108667   0.00122939   0.00377491
 -0.00108667            0  -0.00431159  0.000311786
 -0.00122939   0.00431159            0  -0.00245171
 -0.00377491 -0.000311786   0.00245171            0
Repeater1[0]<--->HoM1[0]
REAL
    0.343674 -6.74203e-07  -0.00218903     0.190377
-6.74203e-07     0.161872  0.000166505  -0.00102976
 -0.00218903  0.000166505     0.157724 -0.000226001
    0.190377  -0.00102976 -0.000226001      0.33673
IMAGINARY
           0 -0.000465917   0.00135798  0.000754094
 0.000465917            0   0.00277149 -0.000866255
 -0.00135798  -0.00277149            0  -0.00333381
-0.000754094  0.000866255   0.00333381            0
EndNode1[0]<--->Repeater1[0]
REAL
    0.349189   0.00289137 -0.000856778     0.184918
  0.00289137     0.152973   0.00142182  -0.00525348
-0.000856778   0.00142182     0.155495   -0.0020314
    0.184918  -0.00525348   -0.0020314     0.342342
IMAGINARY
           0   0.00195571 -0.000606257  0.000952165
 -0.00195571            0   0.00113004  -0.00177448
 0.000606257  -0.00113004            0   0.00249133
-0.000952165   0.00177448  -0.00249133            0
EndNode2[0]<--->HoM1[0]
REAL
    0.345242  0.000194585   0.00335592     0.178946
 0.000194585     0.159925   -0.0018019  -0.00170636
  0.00335592   -0.0018019       0.1585 -0.000652797
    0.178946  -0.00170636 -0.000652797     0.336333
IMAGINARY
           0   0.00671899  0.000931617   0.00509799
 -0.00671899            0   0.00222391  -0.00464593
-0.000931617  -0.00222391            0  -0.00452621
 -0.00509799   0.00464593   0.00452621            0
Repeater1[0]<--->EndNode1[0]
REAL
    0.349189 -0.000856778   0.00289137     0.184918
-0.000856778     0.155495   0.00142182   -0.0020314
  0.00289137   0.00142182     0.152973  -0.00525348
    0.184918   -0.0020314  -0.00525348     0.342342
IMAGINARY
           0 -0.000606257   0.00195571  0.000952165
 0.000606257            0  -0.00113004   0.00249133
 -0.00195571   0.00113004            0  -0.00177448
-0.000952165  -0.00249133   0.00177448            0
Repeater1[0]<--->HoM1[0]
REAL
    0.345242   0.00335592  0.000194585     0.178946
  0.00335592       0.1585   -0.0018019 -0.000652797
 0.000194585   -0.0018019     0.159925  -0.00170636
    0.178946 -0.000652797  -0.00170636     0.336333
IMAGINARY
           0  0.000931617   0.00671899   0.00509799
-0.000931617            0  -0.00222391  -0.00452621
 -0.00671899   0.00222391            0  -0.00464593
 -0.00509799   0.00452621   0.00464593            0
EndNode1[0]<--->Repeater1[0]
REAL
    0.343859   0.00463716 -0.000751964     0.184142
  0.00463716     0.156454   0.00532999   0.00111252
-0.000751964   0.00532999     0.161821  0.000681034
    0.184142   0.00111252  0.000681034     0.337866
IMAGINARY
           0  0.000777557   0.00167584  -0.00254857
-0.000777557            0  1.18506e-05  -0.00109251
 -0.00167584 -1.18506e-05            0   0.00357495
  0.00254857   0.00109251  -0.00357495            0
EndNode2[0]<--->HoM1[0]
REAL
    0.345411    0.0015598  -0.00147173     0.188503
   0.0015598     0.151995  0.000629724  -0.00133651
 -0.00147173  0.000629724     0.156647 -0.000891176
    0.188503  -0.00133651 -0.000891176     0.345947
IMAGINARY
           0 -0.000959787   0.00458879  0.000478314
 0.000959787            0   0.00525843   0.00472244
 -0.00458879  -0.00525843            0   0.00367742
-0.000478314  -0.00472244  -0.00367742            0
Repeater1[0]<--->EndNode1[0]
REAL
    0.343859 -0.000751964   0.00463716     0.184142
-0.000751964     0.161821   0.00532999  0.000681034
  0.00463716   0.00532999     0.156454   0.00111252
    0.184142  0.000681034   0.00111252     0.337866
IMAGINARY
           0   0.00167584  0.000777557  -0.00254857
 -0.00167584            0 -1.18506e-05   0.00357495
-0.000777557  1.18506e-05            0  -0.00109251
  0.00254857  -0.00357495   0.00109251            0
Repeater1[0]<--->HoM1[0]
REAL
    0.345411  -0.00147173    0.0015598     0.188503
 -0.00147173     0.156647  0.000629724 -0.000891176
   0.0015598  0.000629724     0.151995  -0.00133651
    0.188503 -0.000891176  -0.00133651     0.345947
IMAGINARY
           0   0.00458879 -0.000959787  0.000478314
 -0.00458879            0  -0.00525843   0.00367742
 0.000959787   0.00525843            0   0.00472244
-0.000478314  -0.00367742  -0.00472244            0
EndNode1[0]<--->Repeater1[0]
REAL
   0.340245  0.00278275 -0.00258328    0.186382
 0.00278275    0.160837 0.000670803  0.00163332
-0.00258328 0.000670803    0.157952  0.00305277
   0.186382  0.00163332  0.00305277    0.340966
IMAGINARY
           0   0.00225626   0.00459661  0.000999232
 -0.00225626            0  -0.00241742  0.000688607
 -0.00459661   0.00241742            0  -0.00453437
-0.000999232 -0.000688607   0.00453437            0
EndNode2[0]<--->HoM1[0]
REAL
   0.339697 -0.00343073 0.000408798    0.184914
-0.00343073    0.159857  0.00450773 -0.00129769
0.000408798  0.00450773    0.159144 0.000764059
   0.184914 -0.00129769 0.000764059    0.341302
IMAGINARY
          0  0.00549637 -0.00304519 -0.00349872
-0.00549637           0 -0.00102029 -0.00349194
 0.00304519  0.00102029           0  0.00267505
 0.00349872  0.00349194 -0.00267505           0
Repeater1[0]<--->EndNode1[0]
REAL
   0.340245 -0.00258328  0.00278275    0.186382
-0.00258328    0.157952 0.000670803  0.00305277
 0.00278275 0.000670803    0.160837  0.00163332
   0.186382  0.00305277  0.00163332    0.340966
IMAGINARY
           0   0.00459661   0.00225626  0.000999232
 -0.00459661            0   0.00241742  -0.00453437
 -0.00225626  -0.00241742            0  0.000688607
-0.000999232   0.00453437 -0.000688607            0
Repeater1[0]<--->HoM1[0]
REAL
   0.339697 0.000408798 -0.00343073    0.184914
0.000408798    0.159144  0.00450773 0.000764059
-0.00343073  0.00450773    0.159857 -0.00129769
   0.184914 0.000764059 -0.00129769    0.341302
IMAGINARY
          0 -0.00304519  0.00549637 -0.00349872
 0.00304519           0  0.00102029  0.00267505
-0.00549637 -0.00102029           0 -0.00349194
 0.00349872 -0.00267505  0.00349194           0
EndNode1[0]<--->Repeater1[0]
REAL
    0.333303  -0.00240987  -0.00131303     0.179833
 -0.00240987     0.163179 -0.000578927   0.00197318
 -0.00131303 -0.000578927      0.15948   0.00218982
    0.179833   0.00197318   0.00218982     0.344038
IMAGINARY
          0  0.00540098  0.00164528 -0.00291162
-0.00540098           0  -0.0011607  0.00345262
-0.00164528   0.0011607           0    0.002494
 0.00291162 -0.00345262   -0.002494           0
EndNode2[0]<--->HoM1[0]
REAL
   0.339989 0.000996881  0.00267067    0.183188
0.000996881    0.159111  0.00357965 -0.00602578
 0.00267067  0.00357965    0.155693 -0.00390464
   0.183188 -0.00602578 -0.00390464    0.345206
IMAGINARY
          0  0.00225643  0.00159894   0.0073687
-0.00225643           0  0.00203286   0.0041079
-0.00159894 -0.00203286           0 -0.00589623
 -0.0073687  -0.0041079  0.00589623           0
Repeater1[0]<--->EndNode1[0]
REAL
    0.333303  -0.00131303  -0.00240987     0.179833
 -0.00131303      0.15948 -0.000578927   0.00218982
 -0.00240987 -0.000578927     0.163179   0.00197318
    0.179833   0.00218982   0.00197318     0.344038
IMAGINARY
          0  0.00164528  0.00540098 -0.00291162
-0.00164528           0   0.0011607    0.002494
-0.00540098  -0.0011607           0  0.00345262
 0.00291162   -0.002494 -0.00345262           0
Repeater1[0]<--->HoM1[0]
REAL
   0.339989  0.00267067 0.000996881    0.183188
 0.00267067    0.155693  0.00357965 -0.00390464
0.000996881  0.00357965    0.159111 -0.00602578
   0.183188 -0.00390464 -0.00602578    0.345206
IMAGINARY
          0  0.00159894  0.00225643   0.0073687
-0.00159894           0 -0.00203286 -0.00589623
-0.00225643  0.00203286           0   0.0041079
 -0.0073687  0.00589623  -0.0041079           0
EndNode1[0]<--->Repeater1[0]
REAL
    0.342382  -0.00315171  0.000965816     0.191801
 -0.00315171     0.157073  -0.00145965 -0.000920977
 0.000965816  -0.00145965     0.158072   0.00221009
    0.191801 -0.000920977   0.00221009     0.342473
IMAGINARY
           0  -0.00208383  -0.00228167   0.00111975
  0.00208383            0   0.00120916  0.000789136
  0.00228167  -0.00120916            0  -0.00302698
 -0.00111975 -0.000789136   0.00302698            0
EndNode2[0]<--->HoM1[0]
REAL
   0.339284  0.00589139  0.00365881    0.188694
 0.00589139    0.155712 5.63577e-05  -0.0019409
 0.00365881 5.63577e-05    0.159769  0.00049571
   0.188694  -0.0019409  0.00049571    0.345235
IMAGINARY
           0   0.00326892  0.000324224  0.000900355
 -0.00326892            0 -0.000226076   0.00386771
-0.000324224  0.000226076            0  -0.00933385
-0.000900355  -0.00386771   0.00933385            0
Repeater1[0]<--->EndNode1[0]
REAL
    0.342382  0.000965816  -0.00315171     0.191801
 0.000965816     0.158072  -0.00145965   0.00221009
 -0.00315171  -0.00145965     0.157073 -0.000920977
    0.191801   0.00221009 -0.000920977     0.342473
IMAGINARY
           0  -0.00228167  -0.00208383   0.00111975
  0.00228167            0  -0.00120916  -0.00302698
  0.00208383   0.00120916            0  0.000789136
 -0.00111975   0.00302698 -0.000789136            0
Repeater1[0]<--->HoM1[0]
REAL
   0.339284  0.00365881  0.00589139    0.188694
 0.00365881    0.159769 5.63577e-05  0.00049571
 0.00589139 5.63577e-05    0.155712  -0.0019409
   0.188694  0.00049571  -0.0019409    0.345235
IMAGINARY
           0  0.000324224   0.00326892  0.000900355
-0.000324224            0  0.000226076  -0.00933385
 -0.00326892 -0.000226076            0   0.00386771
-0.000900355   0.00933385  -0.00386771            0
EndNode1[0]<--->Repeater1[0]
REAL
    0.344027  -0.00348782   0.00178195     0.180443
 -0.00348782     0.155569 -0.000733492 -0.000374775
  0.00178195 -0.000733492      0.16005   0.00307929
    0.180443 -0.000374775   0.00307929     0.340353
IMAGINARY
           0   0.00350495  -0.00341779   0.00156698
 -0.00350495            0  0.000545758  -0.00436502
  0.00341779 -0.000545758            0   0.00038645
 -0.00156698   0.00436502  -0.00038645            0
EndNode2[0]<--->HoM1[0]
REAL
   0.345801 -0.00479006 -0.00472939     0.18429
-0.00479006    0.165798 -0.00345055 -0.00468418
-0.00472939 -0.00345055    0.147096 -0.00345244
    0.18429 -0.00468418 -0.00345244    0.341306
IMAGINARY
           0  0.000400983    0.0083605  -0.00245426
-0.000400983            0   0.00142591   0.00243022
  -0.0083605  -0.00142591            0  0.000718386
  0.00245426  -0.00243022 -0.000718386            0
Repeater1[0]<--->EndNode1[0]
REAL
    0.344027   0.00178195  -0.00348782     0.180443
  0.00178195      0.16005 -0.000733492   0.00307929
 -0.00348782 -0.000733492     0.155569 -0.000374775
    0.180443   0.00307929 -0.000374775     0.340353
IMAGINARY
           0  -0.00341779   0.00350495   0.00156698
  0.00341779            0 -0.000545758   0.00038645
 -0.00350495  0.000545758            0  -0.00436502
 -0.00156698  -0.00038645   0.00436502            0
Repeater1[0]<--->HoM1[0]
REAL
   0.345801 -0.00472939 -0.00479006     0.18429
-0.00472939    0.147096 -0.00345055 -0.00345244
-0.00479006 -0.00345055    0.165798 -0.00468418
    0.18429 -0.00345244 -0.00468418    0.341306
IMAGINARY
           0    0.0083605  0.000400983  -0.00245426
  -0.0083605            0  -0.00142591  0.000718386
-0.000400983   0.00142591            0   0.00243022
  0.00245426 -0.000718386  -0.00243022            0
EndNode1[0]<--->Repeater1[0]
REAL
   0.346098 -0.00385051 0.000382192    0.183916
-0.00385051     0.15336 0.000143363 0.000517412
0.000382192 0.000143363    0.160766  0.00259107
   0.183916 0.000517412  0.00259107    0.339776
IMAGINARY
          0 -0.00103351  0.00561951 -0.00135036
 0.00103351           0  0.00521013 -0.00349262
-0.00561951 -0.00521013           0 -0.00308451
 0.00135036  0.00349262  0.00308451           0
EndNode2[0]<--->HoM1[0]
REAL
   0.344246 -0.00116008  0.00346035    0.184728
-0.00116008    0.160606 -0.00151815 -0.00118417
 0.00346035 -0.00151815     0.15716 -0.00129462
   0.184728 -0.00118417 -0.00129462    0.337989
IMAGINARY
           0  -0.00232671   0.00335168  -0.00349891
  0.00232671            0  -0.00143205  0.000714833
 -0.00335168   0.00143205            0  -0.00192053
  0.00349891 -0.000714833   0.00192053            0
Repeater1[0]<--->EndNode1[0]
REAL
   0.346098 0.000382192 -0.00385051    0.183916
0.000382192    0.160766 0.000143363  0.00259107
-0.00385051 0.000143363     0.15336 0.000517412
   0.183916  0.00259107 0.000517412    0.339776
IMAGINARY
          0  0.00561951 -0.00103351 -0.00135036
-0.00561951           0 -0.00521013 -0.00308451
 0.00103351  0.00521013           0 -0.00349262
 0.00135036  0.00308451  0.00349262           0
Repeater1[0]<--->HoM1[0]
REAL
   0.344246  0.00346035 -0.00116008    0.184728
 0.00346035     0.15716 -0.00151815 -0.00129462
-0.00116008 -0.00151815    0.160606 -0.00118417
   0.184728 -0.00129462 -0.00118417    0.337989
IMAGINARY
           0   0.00335168  -0.00232671  -0.00349891
 -0.00335168            0   0.00143205  -0.00192053
  0.00232671  -0.00143205            0  0.000714833
  0.00349891   0.00192053 -0.000714833            0
EndNode1[0]<--->Repeater1[0]
REAL
   0.340661  0.00481724 -0.00206313    0.185898
 0.00481724    0.158843 -0.00268854 -0.00264835
-0.00206313 -0.00268854    0.158573 -0.00199035
   0.185898 -0.00264835 -0.00199035    0.341923
IMAGINARY
           0  -0.00200435  -0.00300429 -2.77008e-05
  0.00200435            0   0.00483104  0.000764551
  0.00300429  -0.00483104            0    0.0076485
 2.77008e-05 -0.000764551   -0.0076485            0
EndNode2[0]<--->HoM1[0]
REAL
    0.34489 0.000204776  0.00269194    0.182419
0.000204776    0.154703  0.00700849 -0.00385079
 0.00269194  0.00700849    0.160677  0.00469806
   0.182419 -0.00385079  0.00469806     0.33973
IMAGINARY
          0 -0.00575732 -0.00161337  0.00538928
 0.00575732           0 -0.00579254  0.00637873
 0.00161337  0.00579254           0  -0.0040911
-0.00538928 -0.00637873   0.0040911           0
Repeater1[0]<--->EndNode1[0]
REAL
   0.340661 -0.00206313  0.00481724    0.185898
-0.00206313    0.158573 -0.00268854 -0.00199035
 0.00481724 -0.00268854    0.158843 -0.00264835
   0.185898 -0.00199035 -0.00264835    0.341923
IMAGINARY
           0  -0.00300429  -0.00200435 -2.77008e-05
  0.00300429            0  -0.00483104    0.0076485
  0.00200435   0.00483104            0  0.000764551
 2.77008e-05   -0.0076485 -0.000764551            0
Repeater1[0]<--->HoM1[0]
REAL
    0.34489  0.00269194 0.000204776    0.182419
 0.00269194    0.160677  0.00700849  0.00469806
0.000204776  0.00700849    0.154703 -0.00385079
   0.182419  0.00469806 -0.00385079     0.33973
IMAGINARY
          0 -0.00161337 -0.00575732  0.00538928
 0.00161337           0  0.00579254  -0.0040911
 0.00575732 -0.00579254           0  0.00637873
-0.00538928   0.0040911 -0.00637873           0
EndNode1[0]<--->Repeater1[0]
REAL
   0.350582   0.0015644 -0.00161156    0.185164
  0.0015644    0.157771 -0.00433237 -0.00106709
-0.00161156 -0.00433237    0.157861 -0.00397065
   0.185164 -0.00106709 -0.00397065    0.333785
IMAGINARY
           0  -0.00194864   -0.0041282  -0.00654499
  0.00194864            0  0.000138202  -0.00327119
   0.0041282 -0.000138202            0  5.36745e-05
  0.00654499   0.00327119 -5.36745e-05            0
EndNode2[0]<--->HoM1[0]
REAL
   0.342022 -0.00342224  0.00386559    0.183261
-0.00342224    0.162713  0.00128414 -0.00200517
 0.00386559  0.00128414    0.153423 -0.00633364
   0.183261 -0.00200517 -0.00633364    0.341842
IMAGINARY
          0 -0.00080357  0.00164091 -0.00118483
 0.00080357           0  0.00394476 -0.00320467
-0.00164091 -0.00394476           0 -0.00201119
 0.00118483  0.00320467  0.00201119           0
Repeater1[0]<--->EndNode1[0]
REAL
   0.350582 -0.00161156   0.0015644    0.185164
-0.00161156    0.157861 -0.00433237 -0.00397065
  0.0015644 -0.00433237    0.157771 -0.00106709
   0.185164 -0.00397065 -0.00106709    0.333785
IMAGINARY
           0   -0.0041282  -0.00194864  -0.00654499
   0.0041282            0 -0.000138202  5.36745e-05
  0.00194864  0.000138202            0  -0.00327119
  0.00654499 -5.36745e-05   0.00327119            0
Repeater1[0]<--->HoM1[0]
REAL
   0.342022  0.00386559 -0.00342224    0.183261
 0.00386559    0.153423  0.00128414 -0.00633364
-0.00342224  0.00128414    0.162713 -0.00200517
   0.183261 -0.00633364 -0.00200517    0.341842
IMAGINARY
          0  0.00164091 -0.00080357 -0.00118483
-0.00164091           0 -0.00394476 -0.00201119
 0.00080357  0.00394476           0 -0.00320467
 0.00118483  0.00201119  0.00320467           0
EndNode1[0]<--->Repeater1[0]
REAL
   0.334942 0.000403542 0.000308151    0.185747
0.000403542    0.155932  0.00165024 -0.00339962
0.000308151  0.00165024    0.161548  -0.0109509
   0.185747 -0.00339962  -0.0109509    0.347578
IMAGINARY
           0  0.000332909  0.000301673   0.00379699
-0.000332909            0   0.00204165  -0.00285796
-0.000301673  -0.00204165            0   0.00688747
 -0.00379699   0.00285796  -0.00688747            0
EndNode2[0]<--->HoM1[0]
REAL
    0.341686  -0.00641781 -0.000880842     0.183839
 -0.00641781     0.157125  0.000110768  -0.00200464
-0.000880842  0.000110768     0.160874  -0.00106641
    0.183839  -0.00200464  -0.00106641     0.340315
IMAGINARY
           0 -0.000774601  -0.00271716  -0.00225939
 0.000774601            0   0.00894774 -0.000487402
  0.00271716  -0.00894774            0  -0.00358716
  0.00225939  0.000487402   0.00358716            0
Repeater1[0]<--->EndNode1[0]
REAL
   0.334942 0.000308151 0.000403542    0.185747
0.000308151    0.161548  0.00165024  -0.0109509
0.000403542  0.00165024    0.155932 -0.00339962
   0.185747  -0.0109509 -0.00339962    0.347578
IMAGINARY
           0  0.000301673  0.000332909   0.00379699
-0.000301673            0  -0.00204165   0.00688747
-0.000332909   0.00204165            0  -0.00285796
 -0.00379699  -0.00688747   0.00285796            0
Repeater1[0]<--->HoM1[0]
REAL
    0.341686 -0.000880842  -0.00641781     0.183839
-0.000880842     0.160874  0.000110768  -0.00106641
 -0.00641781  0.000110768     0.157125  -0.00200464
    0.183839  -0.00106641  -0.00200464     0.340315
IMAGINARY
           0  -0.00271716 -0.000774601  -0.00225939
  0.00271716            0  -0.00894774  -0.00358716
 0.000774601   0.00894774            0 -0.000487402
  0.00225939   0.00358716  0.000487402            0
EndNode1[0]<--->Repeater1[0]
REAL
   0.341532   -0.001595 -0.00404555    0.182082
  -0.001595    0.154865 -0.00309799 -0.00355434
-0.00404555 -0.00309799    0.165766 0.000275263
   0.182082 -0.00355434 0.000275263    0.337838
IMAGINARY
          0  0.00327339  0.00265173  0.00611802
-0.00327339           0 -0.00629445  0.00122009
-0.00265173  0.00629445           0  -0.0081243
-0.00611802 -0.00122009   0.0081243           0
EndNode2[0]<--->HoM1[0]
REAL
    0.346619 -0.000292017 -0.000745052      0.18704
-0.000292017     0.157619 -0.000891936  -0.00346195
-0.000745052 -0.000891936     0.158611  -0.00291978
     0.18704  -0.00346195  -0.00291978     0.337151
IMAGINARY
          0  0.00319179  0.00237072  0.00236852
-0.00319179           0 -0.00114603 -0.00268521
-0.00237072  0.00114603           0  0.00386185
-0.00236852  0.00268521 -0.00386185           0
Repeater1[0]<--->EndNode1[0]
REAL
   0.341532 -0.00404555   -0.001595    0.182082
-0.00404555    0.165766 -0.00309799 0.000275263
  -0.001595 -0.00309799    0.154865 -0.00355434
   0.182082 0.000275263 -0.00355434    0.337838
IMAGINARY
          0  0.00265173  0.00327339  0.00611802
-0.00265173           0  0.00629445  -0.0081243
-0.00327339 -0.00629445           0  0.00122009
-0.00611802   0.0081243 -0.00122009           0
Repeater1[0]<--->HoM1[0]
REAL
    0.346619 -0.000745052 -0.000292017      0.18704
-0.000745052     0.158611 -0.000891936  -0.00291978
-0.000292017 -0.000891936     0.157619  -0.00346195
     0.18704  -0.00291978  -0.00346195     0.337151
IMAGINARY
          0  0.00237072  0.00319179  0.00236852
-0.00237072           0  0.00114603  0.00386185
-0.00319179 -0.00114603           0 -0.00268521
-0.00236852 -0.00386185  0.00268521           0
EndNode1[0]<--->Repeater1[0]
REAL
    0.34489 0.000313294  0.00503308    0.186183
0.000313294    0.156997  0.00532008  0.00263424
 0.00503308  0.00532008    0.157625 -0.00022309
   0.186183  0.00263424 -0.00022309    0.340489
IMAGINARY
           0 -0.000356121  -0.00267104   0.00496818
 0.000356121            0   0.00187373   0.00294287
  0.00267104  -0.00187373            0  0.000446734
 -0.00496818  -0.00294287 -0.000446734            0
EndNode2[0]<--->HoM1[0]
REAL
   0.354096  0.00540297 -0.00248527    0.179782
 0.00540297    0.151909  0.00181942 -0.00339602
-0.00248527  0.00181942    0.155225 -0.00481933
   0.179782 -0.00339602 -0.00481933     0.33877
IMAGINARY
           0 -0.000814341  -0.00225747   0.00043961
 0.000814341            0   0.00397799  -0.00163887
  0.00225747  -0.00397799            0  0.000361278
 -0.00043961   0.00163887 -0.000361278            0
Repeater1[0]<--->EndNode1[0]
REAL
    0.34489  0.00503308 0.000313294    0.186183
 0.00503308    0.157625  0.00532008 -0.00022309
0.000313294  0.00532008    0.156997  0.00263424
   0.186183 -0.00022309  0.00263424    0.340489
IMAGINARY
           0  -0.00267104 -0.000356121   0.00496818
  0.00267104            0  -0.00187373  0.000446734
 0.000356121   0.00187373            0   0.00294287
 -0.00496818 -0.000446734  -0.00294287            0
Repeater1[0]<--->HoM1[0]
REAL
   0.354096 -0.00248527  0.00540297    0.179782
-0.00248527    0.155225  0.00181942 -0.00481933
 0.00540297  0.00181942    0.151909 -0.00339602
   0.179782 -0.00481933 -0.00339602     0.33877
IMAGINARY
           0  -0.00225747 -0.000814341   0.00043961
  0.00225747            0  -0.00397799  0.000361278
 0.000814341   0.00397799            0  -0.00163887
 -0.00043961 -0.000361278   0.00163887            0
EndNode1[0]<--->Repeater1[0]
REAL
   0.341531  0.00240521 -0.00127918    0.186575
 0.00240521    0.162908 -0.00445923 -0.00217219
-0.00127918 -0.00445923    0.155717 -0.00245004
   0.186575 -0.00217219 -0.00245004    0.339844
IMAGINARY
           0   0.00432104  0.000287435   0.00137565
 -0.00432104            0  6.16485e-05  -0.00295639
-0.000287435 -6.16485e-05            0   0.00133353
 -0.00137565   0.00295639  -0.00133353            0
EndNode2[0]<--->HoM1[0]
REAL
   0.338188 -0.00439896 -0.00324315    0.182264
-0.00439896    0.162616  0.00597046  0.00248034
-0.00324315  0.00597046    0.153145  0.00273873
   0.182264  0.00248034  0.00273873    0.346051
IMAGINARY
          0  0.00851741 -0.00282414  0.00377274
-0.00851741           0  -0.0040007 -0.00251267
 0.00282414   0.0040007           0 -0.00219397
-0.00377274  0.00251267  0.00219397           0
Repeater1[0]<--->EndNode1[0]
REAL
   0.341531 -0.00127918  0.00240521    0.186575
-0.00127918    0.155717 -0.00445923 -0.00245004
 0.00240521 -0.00445923    0.162908 -0.00217219
   0.186575 -0.00245004 -0.00217219    0.339844
IMAGINARY
           0  0.000287435   0.00432104   0.00137565
-0.000287435            0 -6.16485e-05   0.00133353
 -0.00432104  6.16485e-05            0  -0.00295639
 -0.00137565  -0.00133353   0.00295639            0
Repeater1[0]<--->HoM1[0]
REAL
   0.338188 -0.00324315 -0.00439896    0.182264
-0.00324315    0.153145  0.00597046  0.00273873
-0.00439896  0.00597046    0.162616  0.00248034
   0.182264  0.00273873  0.00248034    0.346051
IMAGINARY
          0 -0.00282414  0.00851741  0.00377274
 0.00282414           0   0.0040007 -0.00219397
-0.00851741  -0.0040007           0 -0.00251267
-0.00377274  0.00219397  0.00251267           0
EndNode1[0]<--->Repeater1[0]
REAL
   0.345786 -0.00542823 -0.00451929     0.18594
-0.00542823    0.157666   0.0012784 -0.00304146
-0.00451929   0.0012784    0.160765 -0.00834315
    0.18594 -0.00304146 -0.00834315    0.335783
IMAGINARY
          0  0.00169194   0.0061568 -0.00125113
-0.00169194           0  0.00504723 -0.00313252
 -0.0061568 -0.00504723           0  0.00115179
 0.00125113  0.00313252 -0.00115179           0
EndNode2[0]<--->HoM1[0]
REAL
    0.339567   0.00136069   0.00378728     0.184986
  0.00136069      0.15928   0.00477965 -0.000483118
  0.00378728   0.00477965     0.166903  0.000871848
    0.184986 -0.000483118  0.000871848     0.334249
IMAGINARY
          0   0.0062955 -0.00160055 -0.00436089
 -0.0062955           0  0.00312992 -0.00442901
 0.00160055 -0.00312992           0  0.00145679
 0.00436089  0.00442901 -0.00145679           0
Repeater1[0]<--->EndNode1[0]
REAL
   0.345786 -0.00451929 -0.00542823     0.18594
-0.00451929    0.160765   0.0012784 -0.00834315
-0.00542823   0.0012784    0.157666 -0.00304146
    0.18594 -0.00834315 -0.00304146    0.335783
IMAGINARY
          0   0.0061568  0.00169194 -0.00125113
 -0.0061568           0 -0.00504723  0.00115179
-0.00169194  0.00504723           0 -0.00313252
 0.00125113 -0.00115179  0.00313252           0
Repeater1[0]<--->HoM1[0]
REAL
    0.339567   0.00378728   0.00136069     0.184986
  0.00378728     0.166903   0.00477965  0.000871848
  0.00136069   0.00477965      0.15928 -0.000483118
    0.184986  0.000871848 -0.000483118     0.334249
IMAGINARY
          0 -0.00160055   0.0062955 -0.00436089
 0.00160055           0 -0.00312992  0.00145679
 -0.0062955  0.00312992           0 -0.00442901
 0.00436089 -0.00145679  0.00442901           0
EndNode1[0]<--->Repeater1[0]
REAL
    0.344298  -0.00147616 -0.000613737     0.179411
 -0.00147616     0.154166  -0.00493514  -0.00079369
-0.000613737  -0.00493514     0.158594   -0.0016565
    0.179411  -0.00079369   -0.0016565     0.342942
IMAGINARY
           0   0.00128017  -0.00201267  -0.00198728
 -0.00128017            0  0.000607169   0.00214571
  0.00201267 -0.000607169            0  -0.00203405
  0.00198728  -0.00214571   0.00203405            0
EndNode2[0]<--->HoM1[0]
REAL
  0.340063 0.00136916 0.00425953   0.182978
0.00136916   0.160727 0.00383293 0.00206163
0.00425953 0.00383293   0.160376 0.00199316
  0.182978 0.00206163 0.00199316   0.338834
IMAGINARY
           0  -0.00491182 -0.000956357  -0.00159383
  0.00491182            0   0.00213819 -3.58856e-05
 0.000956357  -0.00213819            0  -0.00284571
  0.00159383  3.58856e-05   0.00284571            0
Repeater1[0]<--->EndNode1[0]
REAL
    0.344298 -0.000613737  -0.00147616     0.179411
-0.000613737     0.158594  -0.00493514   -0.0016565
 -0.00147616  -0.00493514     0.154166  -0.00079369
    0.179411   -0.0016565  -0.00079369     0.342942
IMAGINARY
           0  -0.00201267   0.00128017  -0.00198728
  0.00201267            0 -0.000607169  -0.00203405
 -0.00128017  0.000607169            0   0.00214571
  0.00198728   0.00203405  -0.00214571            0
Repeater1[0]<--->HoM1[0]
REAL
  0.340063 0.00425953 0.00136916   0.182978
0.00425953   0.160376 0.00383293 0.00199316
0.00136916 0.00383293   0.160727 0.00206163
  0.182978 0.00199316 0.00206163   0.338834
IMAGINARY
           0 -0.000956357  -0.00491182  -0.00159383
 0.000956357            0  -0.00213819  -0.00284571
  0.00491182   0.00213819            0 -3.58856e-05
  0.00159383   0.00284571  3.58856e-05            0
EndNode1[0]<--->Repeater1[0]
REAL
   0.344077  0.00226104  0.00463591    0.184355
 0.00226104    0.150595 -0.00205711 -0.00105617
 0.00463591 -0.00205711    0.158054  0.00149768
   0.184355 -0.00105617  0.00149768    0.347274
IMAGINARY
          0  0.00182578 -0.00323211 -0.00367814
-0.00182578           0  0.00633269  0.00255588
 0.00323211 -0.00633269           0  0.00173567
 0.00367814 -0.00255588 -0.00173567           0
EndNode2[0]<--->HoM1[0]
REAL
   0.341373 -0.00136013 -0.00319434    0.176919
-0.00136013    0.160524  0.00158812 -0.00323915
-0.00319434  0.00158812    0.158446 0.000363387
   0.176919 -0.00323915 0.000363387    0.339657
IMAGINARY
           0   0.00723983  -0.00411264  -0.00506042
 -0.00723983            0   0.00198183  -0.00124642
  0.00411264  -0.00198183            0 -0.000719647
  0.00506042   0.00124642  0.000719647            0
Repeater1[0]<--->EndNode1[0]
REAL
   0.344077  0.00463591  0.00226104    0.184355
 0.00463591    0.158054 -0.00205711  0.00149768
 0.00226104 -0.00205711    0.150595 -0.00105617
   0.184355  0.00149768 -0.00105617    0.347274
IMAGINARY
          0 -0.00323211  0.00182578 -0.00367814
 0.00323211           0 -0.00633269  0.00173567
-0.00182578  0.00633269           0  0.00255588
 0.00367814 -0.00173567 -0.00255588           0
Repeater1[0]<--->HoM1[0]
REAL
   0.341373 -0.00319434 -0.00136013    0.176919
-0.00319434    0.158446  0.00158812 0.000363387
-0.00136013  0.00158812    0.160524 -0.00323915
   0.176919 0.000363387 -0.00323915    0.339657
IMAGINARY
           0  -0.00411264   0.00723983  -0.00506042
  0.00411264            0  -0.00198183 -0.000719647
 -0.00723983   0.00198183            0  -0.00124642
  0.00506042  0.000719647   0.00124642            0
EndNode1[0]<--->Repeater1[0]
REAL
   0.349033   0.0029831  -0.0043269     0.18804
  0.0029831    0.151765 -0.00505199 -0.00139147
 -0.0043269 -0.00505199    0.155047 -0.00870147
    0.18804 -0.00139147 -0.00870147    0.344155
IMAGINARY
          0 -0.00477833  0.00555233 -0.00120708
 0.00477833           0  0.00147677   0.0016835
-0.00555233 -0.00147677           0  0.00172927
 0.00120708  -0.0016835 -0.00172927           0
EndNode2[0]<--->HoM1[0]
REAL
    0.34836 2.01467e-05 -0.00288174    0.183047
2.01467e-05    0.156313 -0.00302566 -0.00202673
-0.00288174 -0.00302566     0.16236  -0.0059899
   0.183047 -0.00202673  -0.0059899    0.332967
IMAGINARY
           0   0.00727128   0.00269497   0.00442057
 -0.00727128            0  -0.00401882  0.000663737
 -0.00269497   0.00401882            0  -0.00391257
 -0.00442057 -0.000663737   0.00391257            0
Repeater1[0]<--->EndNode1[0]
REAL
   0.349033  -0.0043269   0.0029831     0.18804
 -0.0043269    0.155047 -0.00505199 -0.00870147
  0.0029831 -0.00505199    0.151765 -0.00139147
    0.18804 -0.00870147 -0.00139147    0.344155
IMAGINARY
          0  0.00555233 -0.00477833 -0.00120708
-0.00555233           0 -0.00147677  0.00172927
 0.00477833  0.00147677           0   0.0016835
 0.00120708 -0.00172927  -0.0016835           0
Repeater1[0]<--->HoM1[0]
REAL
    0.34836 -0.00288174 2.01467e-05    0.183047
-0.00288174     0.16236 -0.00302566  -0.0059899
2.01467e-05 -0.00302566    0.156313 -0.00202673
   0.183047  -0.0059899 -0.00202673    0.332967
IMAGINARY
           0   0.00269497   0.00727128   0.00442057
 -0.00269497            0   0.00401882  -0.00391257
 -0.00727128  -0.00401882            0  0.000663737
 -0.00442057   0.00391257 -0.000663737            0
EndNode1[0]<--->Repeater1[0]
REAL
     0.34902 -0.000687904   -0.0034434      0.18046
-0.000687904     0.158071  -0.00211623  -0.00339842
  -0.0034434  -0.00211623     0.153825   0.00169137
     0.18046  -0.00339842   0.00169137     0.339084
IMAGINARY
           0   0.00370218   0.00581977  -0.00161031
 -0.00370218            0  0.000381365  -0.00522773
 -0.00581977 -0.000381365            0   0.00126184
  0.00161031   0.00522773  -0.00126184            0
EndNode2[0]<--->HoM1[0]
REAL
    0.346257  -0.00104852   0.00281827     0.189051
 -0.00104852     0.153474 -0.000287968  0.000789233
  0.00281827 -0.000287968     0.161802  0.000777961
    0.189051  0.000789233  0.000777961     0.338467
IMAGINARY
           0   0.00329699 -1.92546e-05   0.00114225
 -0.00329699            0    0.0071696 -0.000426458
 1.92546e-05   -0.0071696            0  9.04187e-05
 -0.00114225  0.000426458 -9.04187e-05            0
Repeater1[0]<--->EndNode1[0]
REAL
     0.34902   -0.0034434 -0.000687904      0.18046
  -0.0034434     0.153825  -0.00211623   0.00169137
-0.000687904  -0.00211623     0.158071  -0.00339842
     0.18046   0.00169137  -0.00339842     0.339084
IMAGINARY
           0   0.00581977   0.00370218  -0.00161031
 -0.00581977            0 -0.000381365   0.00126184
 -0.00370218  0.000381365            0  -0.00522773
  0.00161031  -0.00126184   0.00522773            0
Repeater1[0]<--->HoM1[0]
REAL
    0.346257   0.00281827  -0.00104852     0.189051
  0.00281827     0.161802 -0.000287968  0.000777961
 -0.00104852 -0.000287968     0.153474  0.000789233
    0.189051  0.000777961  0.000789233     0.338467
IMAGINARY
           0 -1.92546e-05   0.00329699   0.00114225
 1.92546e-05            0   -0.0071696  9.04187e-05
 -0.00329699    0.0071696            0 -0.000426458
 -0.00114225 -9.04187e-05  0.000426458            0
EndNode1[0]<--->Repeater1[0]
REAL
   0.334609  0.00432576 -0.00650843    0.182344
 0.00432576    0.157384  0.00173892  0.00147246
-0.00650843  0.00173892    0.167705  0.00169942
   0.182344  0.00147246  0.00169942    0.340302
IMAGINARY
          0 -0.00655869 -0.00457628  0.00361053
 0.00655869           0 -0.00244649 -0.00257504
 0.00457628  0.00244649           0  0.00259586
-0.00361053  0.00257504 -0.00259586           0
EndNode2[0]<--->HoM1[0]
REAL
    0.339459  -0.00157484   0.00444001     0.178462
 -0.00157484     0.154505   0.00314978 -0.000620443
  0.00444001   0.00314978     0.156577  -0.00269944
    0.178462 -0.000620443  -0.00269944     0.349459
IMAGINARY
           0  -0.00733068    0.0066174  -0.00118578
  0.00733068            0   0.00351053  0.000780109
  -0.0066174  -0.00351053            0 -0.000334202
  0.00118578 -0.000780109  0.000334202            0
Repeater1[0]<--->EndNode1[0]
REAL
   0.334609 -0.00650843  0.00432576    0.182344
-0.00650843    0.167705  0.00173892  0.00169942
 0.00432576  0.00173892    0.157384  0.00147246
   0.182344  0.00169942  0.00147246    0.340302
IMAGINARY
          0 -0.00457628 -0.00655869  0.00361053
 0.00457628           0  0.00244649  0.00259586
 0.00655869 -0.00244649           0 -0.00257504
-0.00361053 -0.00259586  0.00257504           0
Repeater1[0]<--->HoM1[0]
REAL
    0.339459   0.00444001  -0.00157484     0.178462
  0.00444001     0.156577   0.00314978  -0.00269944
 -0.00157484   0.00314978     0.154505 -0.000620443
    0.178462  -0.00269944 -0.000620443     0.349459
IMAGINARY
           0    0.0066174  -0.00733068  -0.00118578
  -0.0066174            0  -0.00351053 -0.000334202
  0.00733068   0.00351053            0  0.000780109
  0.00118578  0.000334202 -0.000780109            0
EndNode1[0]<--->Repeater1[0]
REAL
   0.347532 -0.00750665  0.00189045    0.185965
-0.00750665    0.154899  0.00163629  0.00412932
 0.00189045  0.00163629     0.15607  0.00229551
   0.185965  0.00412932  0.00229551    0.341499
IMAGINARY
           0  -0.00523079   0.00362132 -0.000618077
  0.00523079            0  0.000706729  -0.00120067
 -0.00362132 -0.000706729            0   0.00558941
 0.000618077   0.00120067  -0.00558941            0
EndNode2[0]<--->HoM1[0]
REAL
   0.342706  0.00165774 -0.00316325    0.182539
 0.00165774    0.156665 -0.00225671 -0.00090326
-0.00316325 -0.00225671    0.161337  0.00439685
   0.182539 -0.00090326  0.00439685    0.339292
IMAGINARY
           0   0.00461521 -0.000609251   0.00543803
 -0.00461521            0   0.00494213 -0.000520029
 0.000609251  -0.00494213            0  -0.00339559
 -0.00543803  0.000520029   0.00339559            0
Repeater1[0]<--->EndNode1[0]
REAL
   0.347532  0.00189045 -0.00750665    0.185965
 0.00189045     0.15607  0.00163629  0.00229551
-0.00750665  0.00163629    0.154899  0.00412932
   0.185965  0.00229551  0.00412932    0.341499
IMAGINARY
