EndNode1[0]<--->Repeater1[0]
REAL
   0.344887   0.0135027  -0.0261245     0.19942
  0.0135027    0.149047   0.0166741   0.0107538
 -0.0261245   0.0166741    0.155979 -0.00536525
    0.19942   0.0107538 -0.00536525    0.350087
IMAGINARY
          0  0.00956444  -0.0026091   -0.030843
-0.00956444           0  -0.0281975  0.00910261
  0.0026091   0.0281975           0 -0.00307094
   0.030843 -0.00910261  0.00307094           0
EndNode2[0]<--->HoM1[0]
REAL
  0.358932 -0.0136257  0.0166314   0.200286
-0.0136257   0.148581 0.00134191 0.00958918
 0.0166314 0.00134191   0.141903   0.038038
  0.200286 0.00958918   0.038038   0.350584
IMAGINARY
          0 -0.00521728   0.0108696  -0.0170135
 0.00521728           0  0.00949471  -0.0108696
 -0.0108696 -0.00949471           0  0.00697784
  0.0170135   0.0108696 -0.00697784           0
Repeater1[0]<--->EndNode1[0]
REAL
   0.344887  -0.0261245   0.0135027     0.19942
 -0.0261245    0.155979   0.0166741 -0.00536525
  0.0135027   0.0166741    0.149047   0.0107538
    0.19942 -0.00536525   0.0107538    0.350087
IMAGINARY
          0  -0.0026091  0.00956444   -0.030843
  0.0026091           0   0.0281975 -0.00307094
-0.00956444  -0.0281975           0  0.00910261
   0.030843  0.00307094 -0.00910261           0
Repeater1[0]<--->HoM1[0]
REAL
  0.358932  0.0166314 -0.0136257   0.200286
 0.0166314   0.141903 0.00134191   0.038038
-0.0136257 0.00134191   0.148581 0.00958918
  0.200286   0.038038 0.00958918   0.350584
IMAGINARY
          0   0.0108696 -0.00521728  -0.0170135
 -0.0108696           0 -0.00949471  0.00697784
 0.00521728  0.00949471           0  -0.0108696
  0.0170135 -0.00697784   0.0108696           0
EndNode1[0]<--->Repeater1[0]
REAL
  0.336824 -0.0142433  0.0135124   0.200461
-0.0142433   0.169284  0.0264688  0.0100281
 0.0135124  0.0264688   0.160558 0.00200222
  0.200461  0.0100281 0.00200222   0.333333
IMAGINARY
          0   0.0161881  0.00840929  -0.0128956
 -0.0161881           0   0.0155134  -0.0102408
-0.00840929  -0.0155134           0  -0.0106936
  0.0128956   0.0102408   0.0106936           0
EndNode2[0]<--->HoM1[0]
REAL
   0.32397 -0.0105244 -0.0129758   0.187858
-0.0105244   0.146067 -0.0372342  -0.016436
-0.0129758 -0.0372342   0.177903  0.0131982
  0.187858  -0.016436  0.0131982    0.35206
IMAGINARY
          0  -0.0130694   0.0142019  0.00429069
  0.0130694           0 -0.00705312 -0.00682185
 -0.0142019  0.00705312           0  -0.0182959
-0.00429069  0.00682185   0.0182959           0
Repeater1[0]<--->EndNode1[0]
REAL
  0.336824  0.0135124 -0.0142433   0.200461
 0.0135124   0.160558  0.0264688 0.00200222
-0.0142433  0.0264688   0.169284  0.0100281
  0.200461 0.00200222  0.0100281   0.333333
IMAGINARY
          0  0.00840929   0.0161881  -0.0128956
-0.00840929           0  -0.0155134  -0.0106936
 -0.0161881   0.0155134           0  -0.0102408
  0.0128956   0.0106936   0.0102408           0
Repeater1[0]<--->HoM1[0]
REAL
   0.32397 -0.0129758 -0.0105244   0.187858
-0.0129758   0.177903 -0.0372342  0.0131982
-0.0105244 -0.0372342   0.146067  -0.016436
  0.187858  0.0131982  -0.016436    0.35206
IMAGINARY
          0   0.0142019  -0.0130694  0.00429069
 -0.0142019           0  0.00705312  -0.0182959
  0.0130694 -0.00705312           0 -0.00682185
-0.00429069   0.0182959  0.00682185           0
EndNode1[0]<--->Repeater1[0]
REAL
   0.301619  -0.0236512  0.00627955    0.178706
 -0.0236512    0.190283 -0.00856692   -0.013224
 0.00627955 -0.00856692    0.186235 -0.00412658
   0.178706   -0.013224 -0.00412658    0.321862
IMAGINARY
           0    0.0168207  0.000440521   -0.0155202
  -0.0168207            0  -0.00568121    -0.014986
-0.000440521   0.00568121            0     0.019543
   0.0155202     0.014986    -0.019543            0
EndNode2[0]<--->HoM1[0]
REAL
   0.350263  -0.0181775 -0.00824764    0.175469
 -0.0181775    0.150613   0.0133764 -0.00642946
-0.00824764   0.0133764    0.161121 -0.00237048
   0.175469 -0.00642946 -0.00237048    0.338004
IMAGINARY
          0  -0.0158465 -0.00341766   0.0115148
  0.0158465           0 -0.00778345   0.0162822
 0.00341766  0.00778345           0   -0.029608
 -0.0115148  -0.0162822    0.029608           0
Repeater1[0]<--->EndNode1[0]
REAL
   0.301619  0.00627955  -0.0236512    0.178706
 0.00627955    0.186235 -0.00856692 -0.00412658
 -0.0236512 -0.00856692    0.190283   -0.013224
   0.178706 -0.00412658   -0.013224    0.321862
IMAGINARY
           0  0.000440521    0.0168207   -0.0155202
-0.000440521            0   0.00568121     0.019543
  -0.0168207  -0.00568121            0    -0.014986
   0.0155202    -0.019543     0.014986            0
Repeater1[0]<--->HoM1[0]
REAL
   0.350263 -0.00824764  -0.0181775    0.175469
-0.00824764    0.161121   0.0133764 -0.00237048
 -0.0181775   0.0133764    0.150613 -0.00642946
   0.175469 -0.00237048 -0.00642946    0.338004
IMAGINARY
          0 -0.00341766  -0.0158465   0.0115148
 0.00341766           0  0.00778345   -0.029608
  0.0158465 -0.00778345           0   0.0162822
 -0.0115148    0.029608  -0.0162822           0
EndNode1[0]<--->Repeater1[0]
REAL
   0.378676  0.00718705  0.00901541    0.203755
 0.00718705    0.139706 -0.00465606  0.00990351
 0.00901541 -0.00465606    0.178309  0.00632646
   0.203755  0.00990351  0.00632646    0.303309
IMAGINARY
          0   0.0163377  -0.0134288 -0.00136078
 -0.0163377           0   0.0169001   0.0255783
  0.0134288  -0.0169001           0 -0.00231901
 0.00136078  -0.0255783  0.00231901           0
EndNode2[0]<--->HoM1[0]
REAL
   0.371728 -0.00926194 -0.00970805    0.166802
-0.00926194     0.17103  -0.0148587  -0.0079598
-0.00970805  -0.0148587    0.155323  -0.0101727
   0.166802  -0.0079598  -0.0101727     0.30192
IMAGINARY
           0   0.00177007    0.0088772   0.00535064
 -0.00177007            0  0.000796903   -0.0209879
  -0.0088772 -0.000796903            0   0.00342024
 -0.00535064    0.0209879  -0.00342024            0
Repeater1[0]<--->EndNode1[0]
REAL
   0.378676  0.00901541  0.00718705    0.203755
 0.00901541    0.178309 -0.00465606  0.00632646
 0.00718705 -0.00465606    0.139706  0.00990351
   0.203755  0.00632646  0.00990351    0.303309
IMAGINARY
          0  -0.0134288   0.0163377 -0.00136078
  0.0134288           0  -0.0169001 -0.00231901
 -0.0163377   0.0169001           0   0.0255783
 0.00136078  0.00231901  -0.0255783           0
Repeater1[0]<--->HoM1[0]
REAL
   0.371728 -0.00970805 -0.00926194    0.166802
-0.00970805    0.155323  -0.0148587  -0.0101727
-0.00926194  -0.0148587     0.17103  -0.0079598
   0.166802  -0.0101727  -0.0079598     0.30192
IMAGINARY
           0    0.0088772   0.00177007   0.00535064
  -0.0088772            0 -0.000796903   0.00342024
 -0.00177007  0.000796903            0   -0.0209879
 -0.00535064  -0.00342024    0.0209879            0
EndNode1[0]<--->Repeater1[0]
REAL
  0.333333 0.00512799 0.00913009    0.16914
0.00512799   0.193974 0.00497518  0.0253206
0.00913009 0.00497518   0.163842 -0.0023347
   0.16914  0.0253206 -0.0023347   0.308851
IMAGINARY
          0  -0.0178549  0.00956626  0.00556029
  0.0178549           0 -0.00303078   0.0213906
-0.00956626  0.00303078           0  -0.0187305
-0.00556029  -0.0213906   0.0187305           0
EndNode2[0]<--->HoM1[0]
REAL
   0.363469   0.0058671  -0.0229565    0.162711
  0.0058671    0.169742 -0.00229777  -0.0286383
 -0.0229565 -0.00229777    0.116236  -0.0218146
   0.162711  -0.0286383  -0.0218146    0.350554
IMAGINARY
          0 -0.00362769  0.00651654 -0.00572859
 0.00362769           0   0.0146254  -0.0106625
-0.00651654  -0.0146254           0   0.0243574
 0.00572859   0.0106625  -0.0243574           0
Repeater1[0]<--->EndNode1[0]
REAL
  0.333333 0.00913009 0.00512799    0.16914
0.00913009   0.163842 0.00497518 -0.0023347
0.00512799 0.00497518   0.193974  0.0253206
   0.16914 -0.0023347  0.0253206   0.308851
IMAGINARY
          0  0.00956626  -0.0178549  0.00556029
-0.00956626           0  0.00303078  -0.0187305
  0.0178549 -0.00303078           0   0.0213906
-0.00556029   0.0187305  -0.0213906           0
Repeater1[0]<--->HoM1[0]
REAL
   0.363469  -0.0229565   0.0058671    0.162711
 -0.0229565    0.116236 -0.00229777  -0.0218146
  0.0058671 -0.00229777    0.169742  -0.0286383
   0.162711  -0.0218146  -0.0286383    0.350554
IMAGINARY
          0  0.00651654 -0.00362769 -0.00572859
-0.00651654           0  -0.0146254   0.0243574
 0.00362769   0.0146254           0  -0.0106625
 0.00572859  -0.0243574   0.0106625           0
EndNode1[0]<--->Repeater1[0]
REAL
  0.349206  0.0289819  0.0118641   0.180657
 0.0289819   0.153439 -0.0109653   0.009007
 0.0118641 -0.0109653    0.15873  0.0245571
  0.180657   0.009007  0.0245571   0.338624
IMAGINARY
          0  -0.0170255  0.00849408   0.0350427
  0.0170255           0  0.00940171  -0.0218631
-0.00849408 -0.00940171           0   -0.021299
 -0.0350427   0.0218631    0.021299           0
EndNode2[0]<--->HoM1[0]
REAL
  0.349123  0.0237893 0.00754085    0.20353
 0.0237893   0.178947 -0.0187841 -0.0194053
0.00754085 -0.0187841   0.136842 -0.0119249
   0.20353 -0.0194053 -0.0119249   0.335088
IMAGINARY
          0   0.0322071  -0.0156781  0.00559701
 -0.0322071           0  0.00559701 -2.4352e-05
  0.0156781 -0.00559701           0   0.0165533
-0.00559701  2.4352e-05  -0.0165533           0
Repeater1[0]<--->EndNode1[0]
REAL
  0.349206  0.0118641  0.0289819   0.180657
 0.0118641    0.15873 -0.0109653  0.0245571
 0.0289819 -0.0109653   0.153439   0.009007
  0.180657  0.0245571   0.009007   0.338624
IMAGINARY
          0  0.00849408  -0.0170255   0.0350427
-0.00849408           0 -0.00940171   -0.021299
  0.0170255  0.00940171           0  -0.0218631
 -0.0350427    0.021299   0.0218631           0
Repeater1[0]<--->HoM1[0]
REAL
  0.349123 0.00754085  0.0237893    0.20353
0.00754085   0.136842 -0.0187841 -0.0119249
 0.0237893 -0.0187841   0.178947 -0.0194053
   0.20353 -0.0119249 -0.0194053   0.335088
IMAGINARY
          0  -0.0156781   0.0322071  0.00559701
  0.0156781           0 -0.00559701   0.0165533
 -0.0322071  0.00559701           0 -2.4352e-05
-0.00559701  -0.0165533  2.4352e-05           0
EndNode1[0]<--->Repeater1[0]
REAL
   0.357282  0.00713186 -0.00436743    0.191525
 0.00713186     0.15534 -0.00104861  0.00253593
-0.00436743 -0.00104861    0.172816 -0.00346885
   0.191525  0.00253593 -0.00346885    0.314563
IMAGINARY
          0    0.002817   0.0361649  -0.0233202
  -0.002817           0  0.00549337 -0.00594037
 -0.0361649 -0.00549337           0  -0.0157704
  0.0233202  0.00594037   0.0157704           0
EndNode2[0]<--->HoM1[0]
REAL
    0.338432   -0.0245543   -0.0270394     0.197228
  -0.0245543     0.152964   -0.0230515     0.012308
  -0.0270394   -0.0230515     0.172084 -0.000575649
    0.197228     0.012308 -0.000575649      0.33652
IMAGINARY
          0   0.0122378  -0.0139434   0.0114969
 -0.0122378           0  0.00871398   0.0104469
  0.0139434 -0.00871398           0   0.0122378
 -0.0114969  -0.0104469  -0.0122378           0
Repeater1[0]<--->EndNode1[0]
REAL
   0.357282 -0.00436743  0.00713186    0.191525
-0.00436743    0.172816 -0.00104861 -0.00346885
 0.00713186 -0.00104861     0.15534  0.00253593
   0.191525 -0.00346885  0.00253593    0.314563
IMAGINARY
          0   0.0361649    0.002817  -0.0233202
 -0.0361649           0 -0.00549337  -0.0157704
  -0.002817  0.00549337           0 -0.00594037
  0.0233202   0.0157704  0.00594037           0
Repeater1[0]<--->HoM1[0]
REAL
    0.338432   -0.0270394   -0.0245543     0.197228
  -0.0270394     0.172084   -0.0230515 -0.000575649
  -0.0245543   -0.0230515     0.152964     0.012308
    0.197228 -0.000575649     0.012308      0.33652
IMAGINARY
          0  -0.0139434   0.0122378   0.0114969
  0.0139434           0 -0.00871398   0.0122378
 -0.0122378  0.00871398           0   0.0104469
 -0.0114969  -0.0122378  -0.0104469           0
EndNode1[0]<--->Repeater1[0]
REAL
   0.336149  -0.0287912 -0.00460087    0.202338
 -0.0287912    0.184122  0.00584691   0.0170564
-0.00460087  0.00584691    0.138514  0.00565949
   0.202338   0.0170564  0.00565949    0.341216
IMAGINARY
          0   -0.013951  0.00558956  -0.0211142
   0.013951           0   0.0116445   0.0172175
-0.00558956  -0.0116445           0 -0.00710166
  0.0211142  -0.0172175  0.00710166           0
EndNode2[0]<--->HoM1[0]
REAL
   0.33574 0.00517313  0.0133354   0.193177
0.00517313    0.16426  0.0303418 -0.0124378
 0.0133354  0.0303418    0.17148 -0.0150475
  0.193177 -0.0124378 -0.0150475    0.32852
IMAGINARY
           0  -0.00425877    0.0276448  -0.00595334
  0.00425877            0   -0.0366393 -0.000824914
  -0.0276448    0.0366393            0  -0.00340407
  0.00595334  0.000824914   0.00340407            0
Repeater1[0]<--->EndNode1[0]
REAL
   0.336149 -0.00460087  -0.0287912    0.202338
-0.00460087    0.138514  0.00584691  0.00565949
 -0.0287912  0.00584691    0.184122   0.0170564
   0.202338  0.00565949   0.0170564    0.341216
IMAGINARY
          0  0.00558956   -0.013951  -0.0211142
-0.00558956           0  -0.0116445 -0.00710166
   0.013951   0.0116445           0   0.0172175
  0.0211142  0.00710166  -0.0172175           0
Repeater1[0]<--->HoM1[0]
REAL
   0.33574  0.0133354 0.00517313   0.193177
 0.0133354    0.17148  0.0303418 -0.0150475
0.00517313  0.0303418    0.16426 -0.0124378
  0.193177 -0.0150475 -0.0124378    0.32852
IMAGINARY
           0    0.0276448  -0.00425877  -0.00595334
  -0.0276448            0    0.0366393  -0.00340407
  0.00425877   -0.0366393            0 -0.000824914
  0.00595334   0.00340407  0.000824914            0
EndNode1[0]<--->Repeater1[0]
REAL
   0.373288 -0.00265767   0.0012226    0.191298
-0.00265767    0.142123   0.0120183   0.0048856
  0.0012226   0.0120183    0.140411 -0.00519574
   0.191298   0.0048856 -0.00519574    0.344178
IMAGINARY
          0  -0.0161465  -0.0129957    0.008154
  0.0161465           0  -0.0155614 -0.00231958
  0.0129957   0.0155614           0  -0.0225922
  -0.008154  0.00231958   0.0225922           0
EndNode2[0]<--->HoM1[0]
REAL
  0.330592  0.0248689  0.0221506   0.167885
 0.0248689   0.121711  0.0204031  0.0346061
 0.0221506  0.0204031   0.166118 -0.0419861
  0.167885  0.0346061 -0.0419861   0.381579
IMAGINARY
          0 -0.00763312  0.00721036   0.0197737
 0.00763312           0  0.00596157   0.0161709
-0.00721036 -0.00596157           0 -0.00855393
 -0.0197737  -0.0161709  0.00855393           0
Repeater1[0]<--->EndNode1[0]
REAL
   0.373288   0.0012226 -0.00265767    0.191298
  0.0012226    0.140411   0.0120183 -0.00519574
-0.00265767   0.0120183    0.142123   0.0048856
   0.191298 -0.00519574   0.0048856    0.344178
IMAGINARY
          0  -0.0129957  -0.0161465    0.008154
  0.0129957           0   0.0155614  -0.0225922
  0.0161465  -0.0155614           0 -0.00231958
  -0.008154   0.0225922  0.00231958           0
Repeater1[0]<--->HoM1[0]
REAL
  0.330592  0.0221506  0.0248689   0.167885
 0.0221506   0.166118  0.0204031 -0.0419861
 0.0248689  0.0204031   0.121711  0.0346061
  0.167885 -0.0419861  0.0346061   0.381579
IMAGINARY
          0  0.00721036 -0.00763312   0.0197737
-0.00721036           0 -0.00596157 -0.00855393
 0.00763312  0.00596157           0   0.0161709
 -0.0197737  0.00855393  -0.0161709           0
EndNode1[0]<--->Repeater1[0]
REAL
   0.351816    0.010186  0.00141755    0.185438
   0.010186    0.173996   0.0200033 -0.00798416
 0.00141755   0.0200033    0.164436  -0.0223811
   0.185438 -0.00798416  -0.0223811    0.309751
IMAGINARY
          0    0.012489  -0.0310477 -0.00799461
  -0.012489           0  -0.0138968  0.00239708
  0.0310477   0.0138968           0   0.0106164
 0.00799461 -0.00239708  -0.0106164           0
EndNode2[0]<--->HoM1[0]
REAL
   0.353704 -0.00309547 -0.00413547    0.186994
-0.00309547        0.15   0.0153237   0.0085918
-0.00413547   0.0153237    0.151852   -0.012056
   0.186994   0.0085918   -0.012056    0.344444
IMAGINARY
          0 -0.00474207   0.0220002 -0.00164949
 0.00474207           0  -0.0122878  0.00895668
 -0.0220002   0.0122878           0 -0.00932923
 0.00164949 -0.00895668  0.00932923           0
Repeater1[0]<--->EndNode1[0]
REAL
   0.351816  0.00141755    0.010186    0.185438
 0.00141755    0.164436   0.0200033  -0.0223811
   0.010186   0.0200033    0.173996 -0.00798416
   0.185438  -0.0223811 -0.00798416    0.309751
IMAGINARY
          0  -0.0310477    0.012489 -0.00799461
  0.0310477           0   0.0138968   0.0106164
  -0.012489  -0.0138968           0  0.00239708
 0.00799461  -0.0106164 -0.00239708           0
Repeater1[0]<--->HoM1[0]
REAL
   0.353704 -0.00413547 -0.00309547    0.186994
-0.00413547    0.151852   0.0153237   -0.012056
-0.00309547   0.0153237        0.15   0.0085918
   0.186994   -0.012056   0.0085918    0.344444
IMAGINARY
          0   0.0220002 -0.00474207 -0.00164949
 -0.0220002           0   0.0122878 -0.00932923
 0.00474207  -0.0122878           0  0.00895668
 0.00164949  0.00932923 -0.00895668           0
EndNode1[0]<--->Repeater1[0]
REAL
   0.360544  -0.0156135  -0.0222963    0.166235
 -0.0156135    0.141156  0.00857719  0.00537899
 -0.0222963  0.00857719    0.168367 -0.00694294
   0.166235  0.00537899 -0.00694294    0.329932
IMAGINARY
           0   0.00456664  0.000900901  0.000752639
 -0.00456664            0   -0.0281863   -0.0144144
-0.000900901    0.0281863            0   -0.0126747
-0.000752639    0.0144144    0.0126747            0
EndNode2[0]<--->HoM1[0]
REAL
    0.353902   -0.0234981 -0.000394404     0.189165
  -0.0234981      0.15608   -0.0218682    0.0051203
-0.000394404   -0.0218682     0.170599   0.00932042
    0.189165    0.0051203   0.00932042     0.319419
IMAGINARY
           0     0.025552  -0.00677086 -0.000626714
   -0.025552            0    0.0157244   -0.0168719
  0.00677086   -0.0157244            0    0.0173552
 0.000626714    0.0168719   -0.0173552            0
Repeater1[0]<--->EndNode1[0]
REAL
   0.360544  -0.0222963  -0.0156135    0.166235
 -0.0222963    0.168367  0.00857719 -0.00694294
 -0.0156135  0.00857719    0.141156  0.00537899
   0.166235 -0.00694294  0.00537899    0.329932
IMAGINARY
           0  0.000900901   0.00456664  0.000752639
-0.000900901            0    0.0281863   -0.0126747
 -0.00456664   -0.0281863            0   -0.0144144
-0.000752639    0.0126747    0.0144144            0
Repeater1[0]<--->HoM1[0]
REAL
    0.353902 -0.000394404   -0.0234981     0.189165
-0.000394404     0.170599   -0.0218682   0.00932042
  -0.0234981   -0.0218682      0.15608    0.0051203
    0.189165   0.00932042    0.0051203     0.319419
IMAGINARY
           0  -0.00677086     0.025552 -0.000626714
  0.00677086            0   -0.0157244    0.0173552
   -0.025552    0.0157244            0   -0.0168719
 0.000626714   -0.0173552    0.0168719            0
EndNode1[0]<--->Repeater1[0]
REAL
   0.363636 -0.00776892  0.00256849     0.16792
-0.00776892    0.142045 -0.00292039 -0.00256849
 0.00256849 -0.00292039    0.181818   0.0194356
    0.16792 -0.00256849   0.0194356      0.3125
IMAGINARY
         0  -0.003088  0.0204949  0.0226481
  0.003088          0 -0.0226481 -0.0178115
-0.0204949  0.0226481          0  -0.006751
-0.0226481  0.0178115   0.006751          0
EndNode2[0]<--->HoM1[0]
REAL
    0.333952 -0.000886525   -0.0105634     0.173939
-0.000886525     0.150278   0.00143438    0.0105634
  -0.0105634   0.00143438      0.16141  0.000886525
    0.173939    0.0105634  0.000886525      0.35436
IMAGINARY
          0  0.00573339   0.0250544  0.00423769
-0.00573339           0   0.0112063   0.0125989
 -0.0250544  -0.0112063           0  -0.0101117
-0.00423769  -0.0125989   0.0101117           0
Repeater1[0]<--->EndNode1[0]
REAL
   0.363636  0.00256849 -0.00776892     0.16792
 0.00256849    0.181818 -0.00292039   0.0194356
-0.00776892 -0.00292039    0.142045 -0.00256849
    0.16792   0.0194356 -0.00256849      0.3125
IMAGINARY
         0  0.0204949  -0.003088  0.0226481
-0.0204949          0  0.0226481  -0.006751
  0.003088 -0.0226481          0 -0.0178115
-0.0226481   0.006751  0.0178115          0
Repeater1[0]<--->HoM1[0]
REAL
    0.333952   -0.0105634 -0.000886525     0.173939
  -0.0105634      0.16141   0.00143438  0.000886525
-0.000886525   0.00143438     0.150278    0.0105634
    0.173939  0.000886525    0.0105634      0.35436
IMAGINARY
          0   0.0250544  0.00573339  0.00423769
 -0.0250544           0  -0.0112063  -0.0101117
-0.00573339   0.0112063           0   0.0125989
-0.00423769   0.0101117  -0.0125989           0
EndNode1[0]<--->Repeater1[0]
REAL
   0.371575 -0.00791184   0.0144781    0.178746
-0.00791184    0.145548  0.00132689  0.00106124
  0.0144781  0.00132689    0.167808   0.0143104
   0.178746  0.00106124   0.0143104    0.315068
IMAGINARY
          0  -0.0107527   0.0202462  0.00987924
  0.0107527           0 -0.00630781 -0.00949354
 -0.0202462  0.00630781           0   0.0107527
-0.00987924  0.00949354  -0.0107527           0
EndNode2[0]<--->HoM1[0]
REAL
    0.29698 -0.00991181   0.0167326    0.185436
-0.00991181    0.169463  0.00927983 -0.00988333
  0.0167326  0.00927983    0.169463    -0.01455
   0.185436 -0.00988333    -0.01455    0.364094
IMAGINARY
           0   -0.0290316    0.0293995   0.00314497
   0.0290316            0    0.0230756 -0.000929769
  -0.0293995   -0.0230756            0    0.0147967
 -0.00314497  0.000929769   -0.0147967            0
Repeater1[0]<--->EndNode1[0]
REAL
   0.371575   0.0144781 -0.00791184    0.178746
  0.0144781    0.167808  0.00132689   0.0143104
-0.00791184  0.00132689    0.145548  0.00106124
   0.178746   0.0143104  0.00106124    0.315068
IMAGINARY
          0   0.0202462  -0.0107527  0.00987924
 -0.0202462           0  0.00630781   0.0107527
  0.0107527 -0.00630781           0 -0.00949354
-0.00987924  -0.0107527  0.00949354           0
Repeater1[0]<--->HoM1[0]
REAL
    0.29698   0.0167326 -0.00991181    0.185436
  0.0167326    0.169463  0.00927983    -0.01455
-0.00991181  0.00927983    0.169463 -0.00988333
   0.185436    -0.01455 -0.00988333    0.364094
IMAGINARY
           0    0.0293995   -0.0290316   0.00314497
  -0.0293995            0   -0.0230756    0.0147967
   0.0290316    0.0230756            0 -0.000929769
 -0.00314497   -0.0147967  0.000929769            0
EndNode1[0]<--->Repeater1[0]
REAL
   0.327306   0.0285773 -0.00815217    0.183523
  0.0285773    0.168174  0.00307154  0.00634058
-0.00815217  0.00307154    0.157324 0.000408247
   0.183523  0.00634058 0.000408247    0.347197
IMAGINARY
          0   0.0191313  0.00697449   0.0271179
 -0.0191313           0  0.00840127 -0.00885419
-0.00697449 -0.00840127           0  0.00906419
 -0.0271179  0.00885419 -0.00906419           0
EndNode2[0]<--->HoM1[0]
REAL
   0.329843  -0.0194627  -0.0140818    0.175147
 -0.0194627    0.137871   0.0217676  0.00409998
 -0.0140818   0.0217676    0.172775 -0.00322335
   0.175147  0.00409998 -0.00322335    0.359511
IMAGINARY
           0   0.00431938  0.000727007     0.015387
 -0.00431938            0    0.0229342   -0.0241239
-0.000727007   -0.0229342            0   0.00174648
   -0.015387    0.0241239  -0.00174648            0
Repeater1[0]<--->EndNode1[0]
REAL
   0.327306 -0.00815217   0.0285773    0.183523
-0.00815217    0.157324  0.00307154 0.000408247
  0.0285773  0.00307154    0.168174  0.00634058
   0.183523 0.000408247  0.00634058    0.347197
IMAGINARY
          0  0.00697449   0.0191313   0.0271179
-0.00697449           0 -0.00840127  0.00906419
 -0.0191313  0.00840127           0 -0.00885419
 -0.0271179 -0.00906419  0.00885419           0
Repeater1[0]<--->HoM1[0]
REAL
   0.329843  -0.0140818  -0.0194627    0.175147
 -0.0140818    0.172775   0.0217676 -0.00322335
 -0.0194627   0.0217676    0.137871  0.00409998
   0.175147 -0.00322335  0.00409998    0.359511
IMAGINARY
           0  0.000727007   0.00431938     0.015387
-0.000727007            0   -0.0229342   0.00174648
 -0.00431938    0.0229342            0   -0.0241239
   -0.015387  -0.00174648    0.0241239            0
EndNode1[0]<--->Repeater1[0]
REAL
   0.368613  -0.0104173  -0.0250156    0.199572
 -0.0104173    0.160584  -0.0166447 0.000625391
 -0.0250156  -0.0166447    0.173358 -0.00700432
   0.199572 0.000625391 -0.00700432    0.297445
IMAGINARY
          0  0.00946835  -0.0217792   0.0212302
-0.00946835           0  0.00249248  -0.0103154
  0.0217792 -0.00249248           0   0.0226262
 -0.0212302   0.0103154  -0.0226262           0
EndNode2[0]<--->HoM1[0]
REAL
    0.34358   0.0235086   0.0220312    0.203355
  0.0235086    0.179024   0.0130088 -0.00748577
  0.0220312   0.0130088    0.132007   -0.027145
   0.203355 -0.00748577   -0.027145    0.345389
IMAGINARY
          0  0.00223645  0.00121433  0.00954624
-0.00223645           0  -0.0236705   0.0197328
-0.00121433   0.0236705           0 -0.00861168
-0.00954624  -0.0197328  0.00861168           0
Repeater1[0]<--->EndNode1[0]
REAL
   0.368613  -0.0250156  -0.0104173    0.199572
 -0.0250156    0.173358  -0.0166447 -0.00700432
 -0.0104173  -0.0166447    0.160584 0.000625391
   0.199572 -0.00700432 0.000625391    0.297445
IMAGINARY
          0  -0.0217792  0.00946835   0.0212302
  0.0217792           0 -0.00249248   0.0226262
-0.00946835  0.00249248           0  -0.0103154
 -0.0212302  -0.0226262   0.0103154           0
Repeater1[0]<--->HoM1[0]
REAL
    0.34358   0.0220312   0.0235086    0.203355
  0.0220312    0.132007   0.0130088   -0.027145
  0.0235086   0.0130088    0.179024 -0.00748577
   0.203355   -0.027145 -0.00748577    0.345389
IMAGINARY
          0  0.00121433  0.00223645  0.00954624
-0.00121433           0   0.0236705 -0.00861168
-0.00223645  -0.0236705           0   0.0197328
-0.00954624  0.00861168  -0.0197328           0
EndNode1[0]<--->Repeater1[0]
REAL
    0.356021 -0.000602912   -0.0241115     0.179243
-0.000602912     0.139616    0.0211543   -0.0096187
  -0.0241115    0.0211543     0.157068  -0.00336534
    0.179243   -0.0096187  -0.00336534     0.347295
IMAGINARY
          0  -0.0195666  -0.0164845  0.00358332
  0.0195666           0   0.0027458   0.0348669
  0.0164845  -0.0027458           0  -0.0135217
-0.00358332  -0.0348669   0.0135217           0
EndNode2[0]<--->HoM1[0]
REAL
   0.333907  0.00866543  -0.0293862    0.193191
 0.00866543    0.170396  -0.0103081 -0.00214538
 -0.0293862  -0.0103081     0.16179  -0.0185753
   0.193191 -0.00214538  -0.0185753    0.333907
IMAGINARY
          0 -0.00322284  -0.0139018  0.00269066
 0.00322284           0   0.0226148  -0.0183266
  0.0139018  -0.0226148           0 -0.00322284
-0.00269066   0.0183266  0.00322284           0
Repeater1[0]<--->EndNode1[0]
REAL
    0.356021   -0.0241115 -0.000602912     0.179243
  -0.0241115     0.157068    0.0211543  -0.00336534
-0.000602912    0.0211543     0.139616   -0.0096187
    0.179243  -0.00336534   -0.0096187     0.347295
IMAGINARY
          0  -0.0164845  -0.0195666  0.00358332
  0.0164845           0  -0.0027458  -0.0135217
  0.0195666   0.0027458           0   0.0348669
-0.00358332   0.0135217  -0.0348669           0
Repeater1[0]<--->HoM1[0]
REAL
   0.333907  -0.0293862  0.00866543    0.193191
 -0.0293862     0.16179  -0.0103081  -0.0185753
 0.00866543  -0.0103081    0.170396 -0.00214538
   0.193191  -0.0185753 -0.00214538    0.333907
IMAGINARY
          0  -0.0139018 -0.00322284  0.00269066
  0.0139018           0  -0.0226148 -0.00322284
 0.00322284   0.0226148           0  -0.0183266
-0.00269066  0.00322284   0.0183266           0
EndNode1[0]<--->Repeater1[0]
REAL
   0.379928  0.00818959  4.9195e-05     0.15901
 0.00818959    0.150538 -0.00317818 0.000906828
 4.9195e-05 -0.00317818     0.15233   0.0386555
    0.15901 0.000906828   0.0386555    0.317204
IMAGINARY
          0  -0.0177054 -0.00633969   0.0167548
  0.0177054           0   0.0158539  0.00154122
 0.00633969  -0.0158539           0 -0.00820629
 -0.0167548 -0.00154122  0.00820629           0
EndNode2[0]<--->HoM1[0]
REAL
   0.344383 -0.00714423   0.0237214    0.172668
-0.00714423    0.167587 0.000476674  -0.0131207
  0.0237214 0.000476674    0.141805 -0.00168969
   0.172668  -0.0131207 -0.00168969    0.346225
IMAGINARY
          0  0.00829725   0.0105327  -0.0116619
-0.00829725           0  0.00533276  -0.0206616
 -0.0105327 -0.00533276           0  0.00919815
  0.0116619   0.0206616 -0.00919815           0
Repeater1[0]<--->EndNode1[0]
REAL
   0.379928  4.9195e-05  0.00818959     0.15901
 4.9195e-05     0.15233 -0.00317818   0.0386555
 0.00818959 -0.00317818    0.150538 0.000906828
    0.15901   0.0386555 0.000906828    0.317204
IMAGINARY
          0 -0.00633969  -0.0177054   0.0167548
 0.00633969           0  -0.0158539 -0.00820629
  0.0177054   0.0158539           0  0.00154122
 -0.0167548  0.00820629 -0.00154122           0
Repeater1[0]<--->HoM1[0]
REAL
   0.344383   0.0237214 -0.00714423    0.172668
  0.0237214    0.141805 0.000476674 -0.00168969
-0.00714423 0.000476674    0.167587  -0.0131207
   0.172668 -0.00168969  -0.0131207    0.346225
IMAGINARY
          0   0.0105327  0.00829725  -0.0116619
 -0.0105327           0 -0.00533276  0.00919815
-0.00829725  0.00533276           0  -0.0206616
  0.0116619 -0.00919815   0.0206616           0
EndNode1[0]<--->Repeater1[0]
REAL
   0.339518  0.00598978 0.000965162    0.185674
 0.00598978    0.168831   0.0121281  0.00636085
0.000965162   0.0121281    0.150278   0.0141567
   0.185674  0.00636085   0.0141567    0.341373
IMAGINARY
          0 -0.00465442   0.0080826   0.0160048
 0.00465442           0   0.0020675   -0.001516
 -0.0080826  -0.0020675           0 -0.00191219
 -0.0160048    0.001516  0.00191219           0
EndNode2[0]<--->HoM1[0]
REAL
  0.306122 -0.0118255  0.0178535   0.186065
-0.0118255   0.152134  0.0212104 -0.0254678
 0.0178535  0.0212104    0.19666  0.0160556
  0.186065 -0.0254678  0.0160556   0.345083
IMAGINARY
         0  0.0136391  0.0117938 -0.0100863
-0.0136391          0  -0.012686  -0.015417
-0.0117938   0.012686          0  0.0280276
 0.0100863   0.015417 -0.0280276          0
Repeater1[0]<--->EndNode1[0]
REAL
   0.339518 0.000965162  0.00598978    0.185674
0.000965162    0.150278   0.0121281   0.0141567
 0.00598978   0.0121281    0.168831  0.00636085
   0.185674   0.0141567  0.00636085    0.341373
IMAGINARY
          0   0.0080826 -0.00465442   0.0160048
 -0.0080826           0  -0.0020675 -0.00191219
 0.00465442   0.0020675           0   -0.001516
 -0.0160048  0.00191219    0.001516           0
Repeater1[0]<--->HoM1[0]
REAL
  0.306122  0.0178535 -0.0118255   0.186065
 0.0178535    0.19666  0.0212104  0.0160556
-0.0118255  0.0212104   0.152134 -0.0254678
  0.186065  0.0160556 -0.0254678   0.345083
IMAGINARY
         0  0.0117938  0.0136391 -0.0100863
-0.0117938          0   0.012686  0.0280276
-0.0136391  -0.012686          0  -0.015417
 0.0100863 -0.0280276   0.015417          0
EndNode1[0]<--->Repeater1[0]
REAL
  0.371115 0.00310476 0.00993538   0.202145
0.00310476   0.127971 0.00770006  0.0151078
0.00993538 0.00770006   0.153565 0.00812149
  0.202145  0.0151078 0.00812149   0.347349
IMAGINARY
          0  -0.0211707  0.00409771  -0.0192685
  0.0211707           0 -0.00295372   0.0218282
-0.00409771  0.00295372           0   0.0193189
  0.0192685  -0.0218282  -0.0193189           0
EndNode2[0]<--->HoM1[0]
REAL
   0.36014 -0.0136255  0.0172294   0.191924
-0.0136255   0.153846 0.00131658  0.0113668
 0.0172294 0.00131658   0.146853  0.0162252
  0.191924  0.0113668  0.0162252   0.339161
IMAGINARY
          0   0.0151614  -0.0114946 -0.00319439
 -0.0151614           0 -0.00671552  -0.0133673
  0.0114946  0.00671552           0  -0.0234487
 0.00319439   0.0133673   0.0234487           0
Repeater1[0]<--->EndNode1[0]
REAL
  0.371115 0.00993538 0.00310476   0.202145
0.00993538   0.153565 0.00770006 0.00812149
0.00310476 0.00770006   0.127971  0.0151078
  0.202145 0.00812149  0.0151078   0.347349
IMAGINARY
          0  0.00409771  -0.0211707  -0.0192685
-0.00409771           0  0.00295372   0.0193189
  0.0211707 -0.00295372           0   0.0218282
  0.0192685  -0.0193189  -0.0218282           0
Repeater1[0]<--->HoM1[0]
REAL
   0.36014  0.0172294 -0.0136255   0.191924
 0.0172294   0.146853 0.00131658  0.0162252
-0.0136255 0.00131658   0.153846  0.0113668
  0.191924  0.0162252  0.0113668   0.339161
IMAGINARY
          0  -0.0114946   0.0151614 -0.00319439
  0.0114946           0  0.00671552  -0.0234487
 -0.0151614 -0.00671552           0  -0.0133673
 0.00319439   0.0234487   0.0133673           0
EndNode1[0]<--->Repeater1[0]
REAL
   0.333922 -0.00089548   0.0140814    0.184141
-0.00089548     0.14311  -0.0110266  0.00622804
  0.0140814  -0.0110266    0.164311   -0.019414
   0.184141  0.00622804   -0.019414    0.358657
IMAGINARY
         0  0.0170153 -0.0109892       0.02
-0.0170153          0          0  0.0072717
 0.0109892          0          0 -0.0095804
     -0.02 -0.0072717  0.0095804          0
EndNode2[0]<--->HoM1[0]
REAL
   0.374359 -0.00446733    0.027921    0.192563
-0.00446733     0.14359  0.00138685  -0.0047893
   0.027921  0.00138685    0.167521  -0.0151056
   0.192563  -0.0047893  -0.0151056     0.31453
IMAGINARY
          0  0.00346079   0.0232659 -0.00175953
-0.00346079           0  0.00562054  -0.0140747
 -0.0232659 -0.00562054           0  -0.0200049
 0.00175953   0.0140747   0.0200049           0
Repeater1[0]<--->EndNode1[0]
REAL
   0.333922   0.0140814 -0.00089548    0.184141
  0.0140814    0.164311  -0.0110266   -0.019414
-0.00089548  -0.0110266     0.14311  0.00622804
   0.184141   -0.019414  0.00622804    0.358657
IMAGINARY
         0 -0.0109892  0.0170153       0.02
 0.0109892          0          0 -0.0095804
-0.0170153          0          0  0.0072717
     -0.02  0.0095804 -0.0072717          0
Repeater1[0]<--->HoM1[0]
REAL
   0.374359    0.027921 -0.00446733    0.192563
   0.027921    0.167521  0.00138685  -0.0151056
-0.00446733  0.00138685     0.14359  -0.0047893
   0.192563  -0.0151056  -0.0047893     0.31453
IMAGINARY
          0   0.0232659  0.00346079 -0.00175953
 -0.0232659           0 -0.00562054  -0.0200049
-0.00346079  0.00562054           0  -0.0140747
 0.00175953   0.0200049   0.0140747           0
EndNode1[0]<--->Repeater1[0]
REAL
   0.319728 -0.00034365   0.0023541    0.194034
-0.00034365    0.159864   0.0267338  -0.0049719
  0.0023541   0.0267338    0.192177 -0.00227415
   0.194034  -0.0049719 -0.00227415    0.328231
IMAGINARY
           0    0.0279852  0.000998614   0.00465646
  -0.0279852            0     0.011301   0.00280367
-0.000998614    -0.011301            0   0.00813645
 -0.00465646  -0.00280367  -0.00813645            0
EndNode2[0]<--->HoM1[0]
REAL
   0.391544 -0.00492953  0.00932432    0.192365
-0.00492953    0.130515  0.00121303  -0.0139115
 0.00932432  0.00121303    0.152574   0.0131864
   0.192365  -0.0139115   0.0131864    0.325368
IMAGINARY
           0    0.0066998 -0.000653124   0.00363636
  -0.0066998            0   0.00363636   -0.0235539
 0.000653124  -0.00363636            0   0.00582107
 -0.00363636    0.0235539  -0.00582107            0
Repeater1[0]<--->EndNode1[0]
REAL
   0.319728   0.0023541 -0.00034365    0.194034
  0.0023541    0.192177   0.0267338 -0.00227415
-0.00034365   0.0267338    0.159864  -0.0049719
   0.194034 -0.00227415  -0.0049719    0.328231
IMAGINARY
           0  0.000998614    0.0279852   0.00465646
-0.000998614            0    -0.011301   0.00813645
  -0.0279852     0.011301            0   0.00280367
 -0.00465646  -0.00813645  -0.00280367            0
Repeater1[0]<--->HoM1[0]
REAL
   0.391544  0.00932432 -0.00492953    0.192365
 0.00932432    0.152574  0.00121303   0.0131864
-0.00492953  0.00121303    0.130515  -0.0139115
   0.192365   0.0131864  -0.0139115    0.325368
IMAGINARY
           0 -0.000653124    0.0066998   0.00363636
 0.000653124            0  -0.00363636   0.00582107
  -0.0066998   0.00363636            0   -0.0235539
 -0.00363636  -0.00582107    0.0235539            0
EndNode1[0]<--->Repeater1[0]
REAL
   0.359855 -0.00976715   0.0123709    0.191468
-0.00976715    0.153707  -0.0207361   -0.024566
  0.0123709  -0.0207361    0.151899 -0.00417013
   0.191468   -0.024566 -0.00417013    0.334539
IMAGINARY
          0  0.00751287  -0.0180018  -0.0169449
-0.00751287           0   0.0273813  -0.0357323
  0.0180018  -0.0273813           0 -0.00113765
  0.0169449   0.0357323  0.00113765           0
EndNode2[0]<--->HoM1[0]
REAL
   0.303249 -0.00708285  -0.0149186    0.203989
-0.00708285    0.166065 -0.00778626  -0.0149186
 -0.0149186 -0.00778626    0.148014   0.0206452
   0.203989  -0.0149186   0.0206452    0.382671
IMAGINARY
          0 -0.00102086 -0.00466267   0.0317614
 0.00102086           0  0.00294782  0.00554141
 0.00466267 -0.00294782           0  -0.0279774
 -0.0317614 -0.00554141   0.0279774           0
Repeater1[0]<--->EndNode1[0]
REAL
   0.359855   0.0123709 -0.00976715    0.191468
  0.0123709    0.151899  -0.0207361 -0.00417013
-0.00976715  -0.0207361    0.153707   -0.024566
   0.191468 -0.00417013   -0.024566    0.334539
IMAGINARY
          0  -0.0180018  0.00751287  -0.0169449
  0.0180018           0  -0.0273813 -0.00113765
-0.00751287   0.0273813           0  -0.0357323
  0.0169449  0.00113765   0.0357323           0
Repeater1[0]<--->HoM1[0]
REAL
   0.303249  -0.0149186 -0.00708285    0.203989
 -0.0149186    0.148014 -0.00778626   0.0206452
-0.00708285 -0.00778626    0.166065  -0.0149186
   0.203989   0.0206452  -0.0149186    0.382671
IMAGINARY
          0 -0.00466267 -0.00102086   0.0317614
 0.00466267           0 -0.00294782  -0.0279774
 0.00102086  0.00294782           0  0.00554141
 -0.0317614   0.0279774 -0.00554141           0
EndNode1[0]<--->Repeater1[0]
REAL
   0.350272  -0.0401194  -0.0133353    0.184017
 -0.0401194    0.121597  0.00127141 -0.00621782
 -0.0133353  0.00127141    0.163339   0.0187041
   0.184017 -0.00621782   0.0187041    0.364791
IMAGINARY
          0  0.00605038   0.0255161   0.0102733
-0.00605038           0   0.0191385 -0.00974613
 -0.0255161  -0.0191385           0  -0.0162545
 -0.0102733  0.00974613   0.0162545           0
EndNode2[0]<--->HoM1[0]
REAL
    0.338053    0.0167346 -0.000421179     0.176963
   0.0167346     0.159292    0.0071521    0.0329122
-0.000421179    0.0071521     0.161062    0.0320018
    0.176963    0.0329122    0.0320018     0.341593
IMAGINARY
          0 -0.00344364   0.0281752   0.0231123
 0.00344364           0  0.00914579   0.0057871
 -0.0281752 -0.00914579           0 -0.00599033
 -0.0231123  -0.0057871  0.00599033           0
Repeater1[0]<--->EndNode1[0]
REAL
   0.350272  -0.0133353  -0.0401194    0.184017
 -0.0133353    0.163339  0.00127141   0.0187041
 -0.0401194  0.00127141    0.121597 -0.00621782
   0.184017   0.0187041 -0.00621782    0.364791
IMAGINARY
          0   0.0255161  0.00605038   0.0102733
 -0.0255161           0  -0.0191385  -0.0162545
-0.00605038   0.0191385           0 -0.00974613
 -0.0102733   0.0162545  0.00974613           0
Repeater1[0]<--->HoM1[0]
REAL
    0.338053 -0.000421179    0.0167346     0.176963
-0.000421179     0.161062    0.0071521    0.0320018
   0.0167346    0.0071521     0.159292    0.0329122
    0.176963    0.0320018    0.0329122     0.341593
IMAGINARY
          0   0.0281752 -0.00344364   0.0231123
 -0.0281752           0 -0.00914579 -0.00599033
 0.00344364  0.00914579           0   0.0057871
 -0.0231123  0.00599033  -0.0057871           0
EndNode1[0]<--->Repeater1[0]
REAL
   0.354783 4.91884e-05  -0.0138383    0.168622
4.91884e-05    0.147826   0.0061444  -0.0226103
 -0.0138383   0.0061444    0.146087   0.0158387
   0.168622  -0.0226103   0.0158387    0.351304
IMAGINARY
          0   0.0218012   0.0292476   0.0232071
 -0.0218012           0  0.00015742  -0.0247593
 -0.0292476 -0.00015742           0   0.0275704
 -0.0232071   0.0247593  -0.0275704           0
EndNode2[0]<--->HoM1[0]
REAL
   0.345059  -0.0172101 -0.00955837    0.194248
 -0.0172101    0.147404  0.00164795  -0.0146954
-0.00955837  0.00164795    0.164154   0.0172101
   0.194248  -0.0146954   0.0172101    0.343384
IMAGINARY
          0 -0.00886404 -0.00922112  -0.0230909
 0.00886404           0  0.00770624   0.0158625
 0.00922112 -0.00770624           0   0.0136079
