EndNode1[0]<--->Repeater1[0]
REAL
   0.342378 -0.00273404  0.00481298    0.187381
-0.00273404    0.157572 0.000383722  0.00506406
 0.00481298 0.000383722    0.160486   0.0095875
   0.187381  0.00506406   0.0095875    0.339564
IMAGINARY
           0    0.0008421   0.00155718   0.00315785
  -0.0008421            0  0.000865191  0.000181173
 -0.00155718 -0.000865191            0   0.00129359
 -0.00315785 -0.000181173  -0.00129359            0
EndNode2[0]<--->HoM1[0]
REAL
   0.351185 -0.00389156   0.0090535    0.186419
-0.00389156    0.156732 -0.00383218 -0.00477489
  0.0090535 -0.00383218    0.156026  0.00438908
   0.186419 -0.00477489  0.00438908    0.336056
IMAGINARY
           0   0.00176978    0.0004996   0.00173852
 -0.00176978            0   0.00412991  -0.00293426
  -0.0004996  -0.00412991            0  0.000963003
 -0.00173852   0.00293426 -0.000963003            0
Repeater1[0]<--->EndNode1[0]
REAL
   0.342378  0.00481298 -0.00273404    0.187381
 0.00481298    0.160486 0.000383722   0.0095875
-0.00273404 0.000383722    0.157572  0.00506406
   0.187381   0.0095875  0.00506406    0.339564
IMAGINARY
           0   0.00155718    0.0008421   0.00315785
 -0.00155718            0 -0.000865191   0.00129359
  -0.0008421  0.000865191            0  0.000181173
 -0.00315785  -0.00129359 -0.000181173            0
Repeater1[0]<--->HoM1[0]
REAL
   0.351185   0.0090535 -0.00389156    0.186419
  0.0090535    0.156026 -0.00383218  0.00438908
-0.00389156 -0.00383218    0.156732 -0.00477489
   0.186419  0.00438908 -0.00477489    0.336056
IMAGINARY
           0    0.0004996   0.00176978   0.00173852
  -0.0004996            0  -0.00412991  0.000963003
 -0.00176978   0.00412991            0  -0.00293426
 -0.00173852 -0.000963003   0.00293426            0
EndNode1[0]<--->Repeater1[0]
REAL
   0.345831   -0.004577 -0.00134258    0.180697
  -0.004577    0.158768  0.00231246 -0.00526139
-0.00134258  0.00231246    0.163767 -0.00322768
   0.180697 -0.00526139 -0.00322768    0.331634
IMAGINARY
          0 -0.00595291  0.00109307  0.00785629
 0.00595291           0 -0.00451331 -0.00390544
-0.00109307  0.00451331           0  0.00394408
-0.00785629  0.00390544 -0.00394408           0
EndNode2[0]<--->HoM1[0]
REAL
   0.347214 -0.00730698  -0.0103237    0.184562
-0.00730698     0.15698 -0.00276152 -0.00145038
 -0.0103237 -0.00276152    0.152686 -0.00596383
   0.184562 -0.00145038 -0.00596383     0.34312
IMAGINARY
           0  0.000560467  -0.00515474   0.00737086
-0.000560467            0   0.00786571  -0.00171951
  0.00515474  -0.00786571            0  -0.00227903
 -0.00737086   0.00171951   0.00227903            0
Repeater1[0]<--->EndNode1[0]
REAL
   0.345831 -0.00134258   -0.004577    0.180697
-0.00134258    0.163767  0.00231246 -0.00322768
  -0.004577  0.00231246    0.158768 -0.00526139
   0.180697 -0.00322768 -0.00526139    0.331634
IMAGINARY
          0  0.00109307 -0.00595291  0.00785629
-0.00109307           0  0.00451331  0.00394408
 0.00595291 -0.00451331           0 -0.00390544
-0.00785629 -0.00394408  0.00390544           0
Repeater1[0]<--->HoM1[0]
REAL
   0.347214  -0.0103237 -0.00730698    0.184562
 -0.0103237    0.152686 -0.00276152 -0.00596383
-0.00730698 -0.00276152     0.15698 -0.00145038
   0.184562 -0.00596383 -0.00145038     0.34312
IMAGINARY
           0  -0.00515474  0.000560467   0.00737086
  0.00515474            0  -0.00786571  -0.00227903
-0.000560467   0.00786571            0  -0.00171951
 -0.00737086   0.00227903   0.00171951            0
EndNode1[0]<--->Repeater1[0]
REAL
   0.339465 -0.00352924  0.00101852     0.18341
-0.00352924     0.15581 -0.00251259  0.00444216
 0.00101852 -0.00251259    0.162043  0.00164283
    0.18341  0.00444216  0.00164283    0.342682
IMAGINARY
           0  -0.00310736   0.00337568   0.00012699
  0.00310736            0   0.00399527 -0.000615428
 -0.00337568  -0.00399527            0 -0.000244375
 -0.00012699  0.000615428  0.000244375            0
EndNode2[0]<--->HoM1[0]
REAL
    0.345205  -0.00430986  7.64519e-05     0.190818
 -0.00430986     0.158808  1.74232e-05  0.000176713
 7.64519e-05  1.74232e-05     0.161818 -0.000196469
    0.190818  0.000176713 -0.000196469     0.334169
IMAGINARY
           0  0.000553404 -0.000419367  0.000458856
-0.000553404            0  -0.00368658   -0.0027134
 0.000419367   0.00368658            0 -0.000503678
-0.000458856    0.0027134  0.000503678            0
Repeater1[0]<--->EndNode1[0]
REAL
   0.339465  0.00101852 -0.00352924     0.18341
 0.00101852    0.162043 -0.00251259  0.00164283
-0.00352924 -0.00251259     0.15581  0.00444216
    0.18341  0.00164283  0.00444216    0.342682
IMAGINARY
           0   0.00337568  -0.00310736   0.00012699
 -0.00337568            0  -0.00399527 -0.000244375
  0.00310736   0.00399527            0 -0.000615428
 -0.00012699  0.000244375  0.000615428            0
Repeater1[0]<--->HoM1[0]
REAL
    0.345205  7.64519e-05  -0.00430986     0.190818
 7.64519e-05     0.161818  1.74232e-05 -0.000196469
 -0.00430986  1.74232e-05     0.158808  0.000176713
    0.190818 -0.000196469  0.000176713     0.334169
IMAGINARY
           0 -0.000419367  0.000553404  0.000458856
 0.000419367            0   0.00368658 -0.000503678
-0.000553404  -0.00368658            0   -0.0027134
-0.000458856  0.000503678    0.0027134            0
EndNode1[0]<--->Repeater1[0]
REAL
    0.34874  0.00559284 -0.00118653    0.187912
 0.00559284     0.15649   0.0010948  -0.0054453
-0.00118653   0.0010948    0.154896 0.000134652
   0.187912  -0.0054453 0.000134652    0.339874
IMAGINARY
           0  -0.00109704   0.00117095 -0.000615098
  0.00109704            0   -0.0022913  -0.00106986
 -0.00117095    0.0022913            0   -0.0020368
 0.000615098   0.00106986    0.0020368            0
EndNode2[0]<--->HoM1[0]
REAL
    0.344089 -0.000169516     0.003147     0.177811
-0.000169516     0.159266  -0.00292809  -0.00243402
    0.003147  -0.00292809     0.159562    -0.001562
    0.177811  -0.00243402    -0.001562     0.337083
IMAGINARY
          0   0.0067031  0.00202294  0.00417704
 -0.0067031           0  0.00158275 -0.00286728
-0.00202294 -0.00158275           0 -0.00566009
-0.00417704  0.00286728  0.00566009           0
Repeater1[0]<--->EndNode1[0]
REAL
    0.34874 -0.00118653  0.00559284    0.187912
-0.00118653    0.154896   0.0010948 0.000134652
 0.00559284   0.0010948     0.15649  -0.0054453
   0.187912 0.000134652  -0.0054453    0.339874
IMAGINARY
           0   0.00117095  -0.00109704 -0.000615098
 -0.00117095            0    0.0022913   -0.0020368
  0.00109704   -0.0022913            0  -0.00106986
 0.000615098    0.0020368   0.00106986            0
Repeater1[0]<--->HoM1[0]
REAL
    0.344089     0.003147 -0.000169516     0.177811
    0.003147     0.159562  -0.00292809    -0.001562
-0.000169516  -0.00292809     0.159266  -0.00243402
    0.177811    -0.001562  -0.00243402     0.337083
IMAGINARY
          0  0.00202294   0.0067031  0.00417704
-0.00202294           0 -0.00158275 -0.00566009
 -0.0067031  0.00158275           0 -0.00286728
-0.00417704  0.00566009  0.00286728           0
EndNode1[0]<--->Repeater1[0]
REAL
    0.343598   0.00700396  -0.00123455     0.184596
  0.00700396     0.157144   0.00580379 -7.09344e-05
 -0.00123455   0.00580379     0.160808  -0.00218371
    0.184596 -7.09344e-05  -0.00218371     0.338449
IMAGINARY
           0   0.00182844   0.00214113  -0.00343538
 -0.00182844            0   0.00313964   0.00134701
 -0.00214113  -0.00313964            0  0.000962069
  0.00343538  -0.00134701 -0.000962069            0
EndNode2[0]<--->HoM1[0]
REAL
   0.348167  0.00338684 -0.00207681    0.189853
 0.00338684    0.152876  0.00123308 -0.00358132
-0.00207681  0.00123308    0.155856  -0.0015008
   0.189853 -0.00358132  -0.0015008    0.343101
IMAGINARY
           0  0.000837248   0.00423261  0.000771532
-0.000837248            0   0.00509195    0.0046274
 -0.00423261  -0.00509195            0   0.00418343
-0.000771532   -0.0046274  -0.00418343            0
Repeater1[0]<--->EndNode1[0]
REAL
    0.343598  -0.00123455   0.00700396     0.184596
 -0.00123455     0.160808   0.00580379  -0.00218371
  0.00700396   0.00580379     0.157144 -7.09344e-05
    0.184596  -0.00218371 -7.09344e-05     0.338449
IMAGINARY
           0   0.00214113   0.00182844  -0.00343538
 -0.00214113            0  -0.00313964  0.000962069
 -0.00182844   0.00313964            0   0.00134701
  0.00343538 -0.000962069  -0.00134701            0
Repeater1[0]<--->HoM1[0]
REAL
   0.348167 -0.00207681  0.00338684    0.189853
-0.00207681    0.155856  0.00123308  -0.0015008
 0.00338684  0.00123308    0.152876 -0.00358132
   0.189853  -0.0015008 -0.00358132    0.343101
IMAGINARY
           0   0.00423261  0.000837248  0.000771532
 -0.00423261            0  -0.00509195   0.00418343
-0.000837248   0.00509195            0    0.0046274
-0.000771532  -0.00418343   -0.0046274            0
EndNode1[0]<--->Repeater1[0]
REAL
    0.341493   0.00183457  -0.00147574     0.187311
  0.00183457     0.158957   0.00232376 -0.000733978
 -0.00147574   0.00232376     0.157358  0.000977803
    0.187311 -0.000733978  0.000977803     0.342192
IMAGINARY
           0   0.00184665    0.0034453  0.000996629
 -0.00184665            0  -0.00119286   0.00150519
  -0.0034453   0.00119286            0  -0.00477654
-0.000996629  -0.00150519   0.00477654            0
EndNode2[0]<--->HoM1[0]
REAL
    0.341451   -0.0034966   0.00156812     0.182727
  -0.0034966     0.159093   0.00285963 -0.000825178
  0.00156812   0.00285963     0.158004  0.000871541
    0.182727 -0.000825178  0.000871541     0.341451
IMAGINARY
           0   0.00249038  -0.00365951  -0.00314927
 -0.00249038            0 -4.05186e-05  -0.00365951
  0.00365951  4.05186e-05            0   0.00432734
  0.00314927   0.00365951  -0.00432734            0
Repeater1[0]<--->EndNode1[0]
REAL
    0.341493  -0.00147574   0.00183457     0.187311
 -0.00147574     0.157358   0.00232376  0.000977803
  0.00183457   0.00232376     0.158957 -0.000733978
    0.187311  0.000977803 -0.000733978     0.342192
IMAGINARY
           0    0.0034453   0.00184665  0.000996629
  -0.0034453            0   0.00119286  -0.00477654
 -0.00184665  -0.00119286            0   0.00150519
-0.000996629   0.00477654  -0.00150519            0
Repeater1[0]<--->HoM1[0]
REAL
    0.341451   0.00156812   -0.0034966     0.182727
  0.00156812     0.158004   0.00285963  0.000871541
  -0.0034966   0.00285963     0.159093 -0.000825178
    0.182727  0.000871541 -0.000825178     0.341451
IMAGINARY
           0  -0.00365951   0.00249038  -0.00314927
  0.00365951            0  4.05186e-05   0.00432734
 -0.00249038 -4.05186e-05            0  -0.00365951
  0.00314927  -0.00432734   0.00365951            0
EndNode1[0]<--->Repeater1[0]
REAL
    0.336734  -0.00393171 -0.000266245      0.18254
 -0.00393171     0.160116  -0.00554402  -0.00061628
-0.000266245  -0.00554402     0.156216   0.00344142
     0.18254  -0.00061628   0.00344142     0.346935
IMAGINARY
          0  0.00495119  0.00108497  -0.0034851
-0.00495119           0  0.00397907  0.00478793
-0.00108497 -0.00397907           0  0.00373267
  0.0034851 -0.00478793 -0.00373267           0
EndNode2[0]<--->HoM1[0]
REAL
   0.340798  0.00025231   0.0029878    0.183496
 0.00025231    0.156962  0.00577082 -0.00786633
  0.0029878  0.00577082    0.156763 -0.00463303
   0.183496 -0.00786633 -0.00463303    0.345476
IMAGINARY
          0  0.00329011  0.00128223  0.00592063
-0.00329011           0  0.00338357  0.00506333
-0.00128223 -0.00338357           0 -0.00513882
-0.00592063 -0.00506333  0.00513882           0
Repeater1[0]<--->EndNode1[0]
REAL
    0.336734 -0.000266245  -0.00393171      0.18254
-0.000266245     0.156216  -0.00554402   0.00344142
 -0.00393171  -0.00554402     0.160116  -0.00061628
     0.18254   0.00344142  -0.00061628     0.346935
IMAGINARY
          0  0.00108497  0.00495119  -0.0034851
-0.00108497           0 -0.00397907  0.00373267
-0.00495119  0.00397907           0  0.00478793
  0.0034851 -0.00373267 -0.00478793           0
Repeater1[0]<--->HoM1[0]
REAL
   0.340798   0.0029878  0.00025231    0.183496
  0.0029878    0.156763  0.00577082 -0.00463303
 0.00025231  0.00577082    0.156962 -0.00786633
   0.183496 -0.00463303 -0.00786633    0.345476
IMAGINARY
          0  0.00128223  0.00329011  0.00592063
-0.00128223           0 -0.00338357 -0.00513882
-0.00329011  0.00338357           0  0.00506333
-0.00592063  0.00513882 -0.00506333           0
EndNode1[0]<--->Repeater1[0]
REAL
   0.342673   -0.001201 0.000370324    0.190224
  -0.001201    0.155412  0.00059327 0.000469846
0.000370324  0.00059327    0.155513 0.000657362
   0.190224 0.000469846 0.000657362    0.346402
IMAGINARY
           0 -0.000430082  -0.00354078   0.00122343
 0.000430082            0  -0.00132325  -0.00214161
  0.00354078   0.00132325            0  -0.00193339
 -0.00122343   0.00214161   0.00193339            0
EndNode2[0]<--->HoM1[0]
REAL
   0.337827  0.00453233  0.00291871    0.188168
 0.00453233    0.156781  0.00017039 -0.00120521
 0.00291871  0.00017039    0.161074  0.00178315
   0.188168 -0.00120521  0.00178315    0.344318
IMAGINARY
           0   0.00569247  0.000138818 -0.000548136
 -0.00569247            0 -0.000548136   0.00294637
-0.000138818  0.000548136            0  -0.00947432
 0.000548136  -0.00294637   0.00947432            0
Repeater1[0]<--->EndNode1[0]
REAL
   0.342673 0.000370324   -0.001201    0.190224
0.000370324    0.155513  0.00059327 0.000657362
  -0.001201  0.00059327    0.155412 0.000469846
   0.190224 0.000657362 0.000469846    0.346402
IMAGINARY
           0  -0.00354078 -0.000430082   0.00122343
  0.00354078            0   0.00132325  -0.00193339
 0.000430082  -0.00132325            0  -0.00214161
 -0.00122343   0.00193339   0.00214161            0
Repeater1[0]<--->HoM1[0]
REAL
   0.337827  0.00291871  0.00453233    0.188168
 0.00291871    0.161074  0.00017039  0.00178315
 0.00453233  0.00017039    0.156781 -0.00120521
   0.188168  0.00178315 -0.00120521    0.344318
IMAGINARY
           0  0.000138818   0.00569247 -0.000548136
-0.000138818            0  0.000548136  -0.00947432
 -0.00569247 -0.000548136            0   0.00294637
 0.000548136   0.00947432  -0.00294637            0
EndNode1[0]<--->Repeater1[0]
REAL
    0.347441  -0.00585192  -0.00360784     0.184447
 -0.00585192     0.155547   0.00112234 -0.000189629
 -0.00360784   0.00112234     0.157538   0.00418103
    0.184447 -0.000189629   0.00418103     0.339474
IMAGINARY
           0   0.00274761  -0.00367991   0.00111601
 -0.00274761            0 -2.45236e-05  -0.00624453
  0.00367991  2.45236e-05            0   0.00485944
 -0.00111601   0.00624453  -0.00485944            0
EndNode2[0]<--->HoM1[0]
REAL
   0.344341 -0.00544052 -0.00564263    0.182273
-0.00544052      0.1666 -0.00368343 -0.00282346
-0.00564263 -0.00368343    0.145116 -0.00202366
   0.182273 -0.00282346 -0.00202366    0.343943
IMAGINARY
           0 -0.000849512   0.00758874  -0.00244894
 0.000849512            0  0.000657895   0.00197301
 -0.00758874 -0.000657895            0 -0.000445308
  0.00244894  -0.00197301  0.000445308            0
Repeater1[0]<--->EndNode1[0]
REAL
    0.347441  -0.00360784  -0.00585192     0.184447
 -0.00360784     0.157538   0.00112234   0.00418103
 -0.00585192   0.00112234     0.155547 -0.000189629
    0.184447   0.00418103 -0.000189629     0.339474
IMAGINARY
           0  -0.00367991   0.00274761   0.00111601
  0.00367991            0  2.45236e-05   0.00485944
 -0.00274761 -2.45236e-05            0  -0.00624453
 -0.00111601  -0.00485944   0.00624453            0
Repeater1[0]<--->HoM1[0]
REAL
   0.344341 -0.00564263 -0.00544052    0.182273
-0.00564263    0.145116 -0.00368343 -0.00202366
-0.00544052 -0.00368343      0.1666 -0.00282346
   0.182273 -0.00202366 -0.00282346    0.343943
IMAGINARY
           0   0.00758874 -0.000849512  -0.00244894
 -0.00758874            0 -0.000657895 -0.000445308
 0.000849512  0.000657895            0   0.00197301
  0.00244894  0.000445308  -0.00197301            0
EndNode1[0]<--->Repeater1[0]
REAL
   0.344282 -0.00532474  0.00313617    0.181588
-0.00532474    0.153379  0.00226879 -0.00165425
 0.00313617  0.00226879     0.15965  0.00245969
   0.181588 -0.00165425  0.00245969    0.342689
IMAGINARY
           0  -0.00276765   0.00489784 -0.000556284
  0.00276765            0   0.00660242 -0.000467718
 -0.00489784  -0.00660242            0  -0.00518644
 0.000556284  0.000467718   0.00518644            0
EndNode2[0]<--->HoM1[0]
REAL
   0.344134 -0.00173413  0.00442933    0.184848
-0.00173413    0.159916 -0.00131085 -0.00150187
 0.00442933 -0.00131085    0.154615  -0.0027811
   0.184848 -0.00150187  -0.0027811    0.341334
IMAGINARY
           0  -0.00258531   0.00490482  -0.00317163
  0.00258531            0  -0.00281998  0.000110228
 -0.00490482   0.00281998            0  -0.00112582
  0.00317163 -0.000110228   0.00112582            0
Repeater1[0]<--->EndNode1[0]
REAL
   0.344282  0.00313617 -0.00532474    0.181588
 0.00313617     0.15965  0.00226879  0.00245969
-0.00532474  0.00226879    0.153379 -0.00165425
   0.181588  0.00245969 -0.00165425    0.342689
IMAGINARY
           0   0.00489784  -0.00276765 -0.000556284
 -0.00489784            0  -0.00660242  -0.00518644
  0.00276765   0.00660242            0 -0.000467718
 0.000556284   0.00518644  0.000467718            0
Repeater1[0]<--->HoM1[0]
REAL
   0.344134  0.00442933 -0.00173413    0.184848
 0.00442933    0.154615 -0.00131085  -0.0027811
-0.00173413 -0.00131085    0.159916 -0.00150187
   0.184848  -0.0027811 -0.00150187    0.341334
IMAGINARY
           0   0.00490482  -0.00258531  -0.00317163
 -0.00490482            0   0.00281998  -0.00112582
  0.00258531  -0.00281998            0  0.000110228
  0.00317163   0.00112582 -0.000110228            0
EndNode1[0]<--->Repeater1[0]
REAL
    0.34261  0.00672686  0.00374328    0.186082
 0.00672686    0.161358 0.000273978 -0.00245052
 0.00374328 0.000273978    0.157641 -0.00324635
   0.186082 -0.00245052 -0.00324635     0.33839
IMAGINARY
           0 -0.000736585  2.92272e-05  0.000969956
 0.000736585            0  0.000818242  -0.00227631
-2.92272e-05 -0.000818242            0   0.00418211
-0.000969956   0.00227631  -0.00418211            0
EndNode2[0]<--->HoM1[0]
REAL
    0.345063 -0.000534762  0.000994458     0.182984
-0.000534762     0.153227   0.00634772  -0.00370836
 0.000994458   0.00634772      0.16117    0.0037421
    0.182984  -0.00370836    0.0037421     0.340539
IMAGINARY
           0  -0.00583435 -0.000586547   0.00558319
  0.00583435            0  -0.00538351   0.00672955
 0.000586547   0.00538351            0   -0.0034305
 -0.00558319  -0.00672955    0.0034305            0
Repeater1[0]<--->EndNode1[0]
REAL
    0.34261  0.00374328  0.00672686    0.186082
 0.00374328    0.157641 0.000273978 -0.00324635
 0.00672686 0.000273978    0.161358 -0.00245052
   0.186082 -0.00324635 -0.00245052     0.33839
IMAGINARY
           0  2.92272e-05 -0.000736585  0.000969956
-2.92272e-05            0 -0.000818242   0.00418211
 0.000736585  0.000818242            0  -0.00227631
-0.000969956  -0.00418211   0.00227631            0
Repeater1[0]<--->HoM1[0]
REAL
    0.345063  0.000994458 -0.000534762     0.182984
 0.000994458      0.16117   0.00634772    0.0037421
-0.000534762   0.00634772     0.153227  -0.00370836
    0.182984    0.0037421  -0.00370836     0.340539
IMAGINARY
           0 -0.000586547  -0.00583435   0.00558319
 0.000586547            0   0.00538351   -0.0034305
  0.00583435  -0.00538351            0   0.00672955
 -0.00558319    0.0034305  -0.00672955            0
EndNode1[0]<--->Repeater1[0]
REAL
   0.344126 0.000341576  0.00193911    0.181972
0.000341576    0.159783 -0.00222778 -0.00238835
 0.00193911 -0.00222778    0.154571 -0.00218844
   0.181972 -0.00238835 -0.00218844     0.34152
IMAGINARY
          0 -0.00322384  0.00140081 -0.00749202
 0.00322384           0   0.0030832 -0.00130081
-0.00140081  -0.0030832           0 -0.00167616
 0.00749202  0.00130081  0.00167616           0
EndNode2[0]<--->HoM1[0]
REAL
   0.339479 -0.00276247  0.00492695    0.182843
-0.00276247    0.163427  0.00165615 -0.00152628
 0.00492695  0.00165615    0.154108 -0.00723652
   0.182843 -0.00152628 -0.00723652    0.342986
IMAGINARY
          0  0.00151612  0.00198787 -0.00244148
-0.00151612           0  0.00199035 -0.00278168
-0.00198787 -0.00199035           0 -0.00240915
 0.00244148  0.00278168  0.00240915           0
Repeater1[0]<--->EndNode1[0]
REAL
   0.344126  0.00193911 0.000341576    0.181972
 0.00193911    0.154571 -0.00222778 -0.00218844
0.000341576 -0.00222778    0.159783 -0.00238835
   0.181972 -0.00218844 -0.00238835     0.34152
IMAGINARY
          0  0.00140081 -0.00322384 -0.00749202
-0.00140081           0  -0.0030832 -0.00167616
 0.00322384   0.0030832           0 -0.00130081
 0.00749202  0.00167616  0.00130081           0
Repeater1[0]<--->HoM1[0]
REAL
   0.339479  0.00492695 -0.00276247    0.182843
 0.00492695    0.154108  0.00165615 -0.00723652
-0.00276247  0.00165615    0.163427 -0.00152628
   0.182843 -0.00723652 -0.00152628    0.342986
IMAGINARY
          0  0.00198787  0.00151612 -0.00244148
-0.00198787           0 -0.00199035 -0.00240915
-0.00151612  0.00199035           0 -0.00278168
 0.00244148  0.00240915  0.00278168           0
EndNode1[0]<--->Repeater1[0]
REAL
   0.336592 -0.00230779 -0.00107393    0.188081
-0.00230779    0.155049  0.00234153 -0.00360276
-0.00107393  0.00234153    0.165608 -0.00999396
   0.188081 -0.00360276 -0.00999396    0.342751
IMAGINARY
           0   0.00238196 -0.000426967   0.00369847
 -0.00238196            0   0.00233745  -0.00410085
 0.000426967  -0.00233745            0   0.00353902
 -0.00369847   0.00410085  -0.00353902            0
EndNode2[0]<--->HoM1[0]
REAL
   0.341752 -0.00625437 -0.00127944    0.185132
-0.00625437    0.156823 -0.00153358 -0.00257789
-0.00127944 -0.00153358    0.158961  0.00139514
   0.185132 -0.00257789  0.00139514    0.342464
IMAGINARY
          0 -0.00089488  -0.0019539 -0.00128899
 0.00089488           0  0.00960229 -0.00135736
  0.0019539 -0.00960229           0 -0.00330597
 0.00128899  0.00135736  0.00330597           0
Repeater1[0]<--->EndNode1[0]
REAL
   0.336592 -0.00107393 -0.00230779    0.188081
-0.00107393    0.165608  0.00234153 -0.00999396
-0.00230779  0.00234153    0.155049 -0.00360276
   0.188081 -0.00999396 -0.00360276    0.342751
IMAGINARY
           0 -0.000426967   0.00238196   0.00369847
 0.000426967            0  -0.00233745   0.00353902
 -0.00238196   0.00233745            0  -0.00410085
 -0.00369847  -0.00353902   0.00410085            0
Repeater1[0]<--->HoM1[0]
REAL
   0.341752 -0.00127944 -0.00625437    0.185132
-0.00127944    0.158961 -0.00153358  0.00139514
-0.00625437 -0.00153358    0.156823 -0.00257789
   0.185132  0.00139514 -0.00257789    0.342464
IMAGINARY
          0  -0.0019539 -0.00089488 -0.00128899
  0.0019539           0 -0.00960229 -0.00330597
 0.00089488  0.00960229           0 -0.00135736
 0.00128899  0.00330597  0.00135736           0
EndNode1[0]<--->Repeater1[0]
REAL
   0.345699 5.46232e-05 -0.00215368    0.182814
5.46232e-05    0.152532 0.000782561 -0.00210422
-0.00215368 0.000782561    0.164763  0.00247985
   0.182814 -0.00210422  0.00247985    0.337006
IMAGINARY
          0  0.00450953 -0.00262351  0.00481876
-0.00450953           0 -0.00625227  -0.0013261
 0.00262351  0.00625227           0 -0.00215977
-0.00481876   0.0013261  0.00215977           0
EndNode2[0]<--->HoM1[0]
REAL
    0.347129 -0.000974674 -0.000646398     0.186641
-0.000974674     0.156428 -0.000714975  -0.00331589
-0.000646398 -0.000714975     0.157531   -0.0028873
    0.186641  -0.00331589   -0.0028873     0.338912
IMAGINARY
           0   0.00173213   0.00241441   0.00338244
 -0.00173213            0 -0.000950828  -0.00126499
 -0.00241441  0.000950828            0   0.00331535
 -0.00338244   0.00126499  -0.00331535            0
Repeater1[0]<--->EndNode1[0]
REAL
   0.345699 -0.00215368 5.46232e-05    0.182814
-0.00215368    0.164763 0.000782561  0.00247985
5.46232e-05 0.000782561    0.152532 -0.00210422
   0.182814  0.00247985 -0.00210422    0.337006
IMAGINARY
          0 -0.00262351  0.00450953  0.00481876
 0.00262351           0  0.00625227 -0.00215977
-0.00450953 -0.00625227           0  -0.0013261
-0.00481876  0.00215977   0.0013261           0
Repeater1[0]<--->HoM1[0]
REAL
    0.347129 -0.000646398 -0.000974674     0.186641
-0.000646398     0.157531 -0.000714975   -0.0028873
-0.000974674 -0.000714975     0.156428  -0.00331589
    0.186641   -0.0028873  -0.00331589     0.338912
IMAGINARY
           0   0.00241441   0.00173213   0.00338244
 -0.00241441            0  0.000950828   0.00331535
 -0.00173213 -0.000950828            0  -0.00126499
 -0.00338244  -0.00331535   0.00126499            0
EndNode1[0]<--->Repeater1[0]
REAL
   0.344036  0.00396027  0.00106176    0.182899
 0.00396027    0.155666 0.000444509  -0.0009613
 0.00106176 0.000444509    0.163121 -0.00506536
   0.182899  -0.0009613 -0.00506536    0.337177
IMAGINARY
           0  -0.00041616  0.000353387  -0.00175955
  0.00041616            0   0.00365311   0.00309489
-0.000353387  -0.00365311            0  0.000923259
  0.00175955  -0.00309489 -0.000923259            0
EndNode2[0]<--->HoM1[0]
REAL
    0.355551   0.00687521   -0.0022786     0.179034
  0.00687521      0.15262 -0.000772103  -0.00395084
  -0.0022786 -0.000772103     0.153214    -0.005729
    0.179034  -0.00395084    -0.005729     0.338615
IMAGINARY
           0 -0.000402451  -0.00120264   0.00382976
 0.000402451            0   0.00463637  -0.00233486
  0.00120264  -0.00463637            0   0.00110995
 -0.00382976   0.00233486  -0.00110995            0
Repeater1[0]<--->EndNode1[0]
REAL
   0.344036  0.00106176  0.00396027    0.182899
 0.00106176    0.163121 0.000444509 -0.00506536
 0.00396027 0.000444509    0.155666  -0.0009613
   0.182899 -0.00506536  -0.0009613    0.337177
IMAGINARY
           0  0.000353387  -0.00041616  -0.00175955
-0.000353387            0  -0.00365311  0.000923259
  0.00041616   0.00365311            0   0.00309489
  0.00175955 -0.000923259  -0.00309489            0
Repeater1[0]<--->HoM1[0]
REAL
    0.355551   -0.0022786   0.00687521     0.179034
  -0.0022786     0.153214 -0.000772103    -0.005729
  0.00687521 -0.000772103      0.15262  -0.00395084
    0.179034    -0.005729  -0.00395084     0.338615
IMAGINARY
           0  -0.00120264 -0.000402451   0.00382976
  0.00120264            0  -0.00463637   0.00110995
 0.000402451   0.00463637            0  -0.00233486
 -0.00382976  -0.00110995   0.00233486            0
EndNode1[0]<--->Repeater1[0]
REAL
   0.340716  0.00160903  0.00122333    0.185877
 0.00160903    0.159284 -0.00264914 0.000332422
 0.00122333 -0.00264914    0.160866 0.000548957
   0.185877 0.000332422 0.000548957    0.339134
IMAGINARY
           0   0.00497535  -0.00415808   0.00365756
 -0.00497535            0  3.80099e-05 -0.000867295
  0.00415808 -3.80099e-05            0 -0.000945101
 -0.00365756  0.000867295  0.000945101            0
EndNode2[0]<--->HoM1[0]
REAL
   0.338323 -0.00525873 -0.00479959    0.182705
-0.00525873    0.161677  0.00645695  0.00250005
-0.00479959  0.00645695    0.152557  0.00125953
   0.182705  0.00250005  0.00125953    0.347443
IMAGINARY
          0   0.0110354 -0.00355149  0.00522118
 -0.0110354           0 -0.00196651 -0.00221736
 0.00355149  0.00196651           0 -0.00218315
-0.00522118  0.00221736  0.00218315           0
Repeater1[0]<--->EndNode1[0]
REAL
   0.340716  0.00122333  0.00160903    0.185877
 0.00122333    0.160866 -0.00264914 0.000548957
 0.00160903 -0.00264914    0.159284 0.000332422
   0.185877 0.000548957 0.000332422    0.339134
IMAGINARY
           0  -0.00415808   0.00497535   0.00365756
  0.00415808            0 -3.80099e-05 -0.000945101
 -0.00497535  3.80099e-05            0 -0.000867295
 -0.00365756  0.000945101  0.000867295            0
Repeater1[0]<--->HoM1[0]
REAL
   0.338323 -0.00479959 -0.00525873    0.182705
-0.00479959    0.152557  0.00645695  0.00125953
-0.00525873  0.00645695    0.161677  0.00250005
   0.182705  0.00125953  0.00250005    0.347443
IMAGINARY
          0 -0.00355149   0.0110354  0.00522118
 0.00355149           0  0.00196651 -0.00218315
 -0.0110354 -0.00196651           0 -0.00221736
-0.00522118  0.00218315  0.00221736           0
EndNode1[0]<--->Repeater1[0]
REAL
   0.345402 -0.00515383 -0.00349455     0.18251
-0.00515383    0.153259  0.00193679  0.00104724
-0.00349455  0.00193679    0.164964 -0.00198832
    0.18251  0.00104724 -0.00198832    0.336375
IMAGINARY
          0  0.00178525  0.00605962  0.00139724
-0.00178525           0   0.0053319 -0.00322182
-0.00605962  -0.0053319           0 -0.00103847
-0.00139724  0.00322182  0.00103847           0
EndNode2[0]<--->HoM1[0]
REAL
    0.339809   0.00286267   0.00165198     0.185584
  0.00286267     0.161029   0.00368798 -0.000660507
  0.00165198   0.00368798     0.166354 -0.000483131
    0.185584 -0.000660507 -0.000483131     0.332807
IMAGINARY
          0    0.006661 -0.00191748 -0.00373166
  -0.006661           0  0.00220943 -0.00308606
 0.00191748 -0.00220943           0  0.00248688
 0.00373166  0.00308606 -0.00248688           0
Repeater1[0]<--->EndNode1[0]
REAL
   0.345402 -0.00349455 -0.00515383     0.18251
-0.00349455    0.164964  0.00193679 -0.00198832
-0.00515383  0.00193679    0.153259  0.00104724
    0.18251 -0.00198832  0.00104724    0.336375
IMAGINARY
          0  0.00605962  0.00178525  0.00139724
-0.00605962           0  -0.0053319 -0.00103847
-0.00178525   0.0053319           0 -0.00322182
-0.00139724  0.00103847  0.00322182           0
Repeater1[0]<--->HoM1[0]
REAL
    0.339809   0.00165198   0.00286267     0.185584
  0.00165198     0.166354   0.00368798 -0.000483131
  0.00286267   0.00368798     0.161029 -0.000660507
    0.185584 -0.000483131 -0.000660507     0.332807
IMAGINARY
          0 -0.00191748    0.006661 -0.00373166
 0.00191748           0 -0.00220943  0.00248688
  -0.006661  0.00220943           0 -0.00308606
 0.00373166 -0.00248688  0.00308606           0
EndNode1[0]<--->Repeater1[0]
REAL
   0.341136 0.000284444   0.0041672    0.179606
0.000284444    0.155462  -0.0036247 -0.00411676
  0.0041672  -0.0036247    0.161265 -0.00426911
   0.179606 -0.00411676 -0.00426911    0.342137
IMAGINARY
           0  0.000550023   0.00158186  -0.00485418
-0.000550023            0 -7.87301e-05   0.00528928
 -0.00158186  7.87301e-05            0  -0.00333831
  0.00485418  -0.00528928   0.00333831            0
EndNode2[0]<--->HoM1[0]
REAL
    0.33775 0.000948435  0.00294228    0.182497
0.000948435     0.16152  0.00265291  0.00269251
 0.00294228  0.00265291    0.158208  0.00219308
   0.182497  0.00269251  0.00219308    0.342523
IMAGINARY
           0  -0.00384533 -0.000524109 -0.000406634
  0.00384533            0   0.00211862 -0.000524109
 0.000524109  -0.00211862            0  -0.00459033
 0.000406634  0.000524109   0.00459033            0
Repeater1[0]<--->EndNode1[0]
REAL
   0.341136   0.0041672 0.000284444    0.179606
  0.0041672    0.161265  -0.0036247 -0.00426911
0.000284444  -0.0036247    0.155462 -0.00411676
   0.179606 -0.00426911 -0.00411676    0.342137
IMAGINARY
           0   0.00158186  0.000550023  -0.00485418
 -0.00158186            0  7.87301e-05  -0.00333831
-0.000550023 -7.87301e-05            0   0.00528928
  0.00485418   0.00333831  -0.00528928            0
Repeater1[0]<--->HoM1[0]
REAL
    0.33775  0.00294228 0.000948435    0.182497
 0.00294228    0.158208  0.00265291  0.00219308
0.000948435  0.00265291     0.16152  0.00269251
   0.182497  0.00219308  0.00269251    0.342523
IMAGINARY
           0 -0.000524109  -0.00384533 -0.000406634
 0.000524109            0  -0.00211862  -0.00459033
  0.00384533   0.00211862            0 -0.000524109
 0.000406634   0.00459033  0.000524109            0
EndNode1[0]<--->Repeater1[0]
REAL
    0.345188   0.00363143    0.0023493      0.18594
  0.00363143     0.150921   0.00108031 -8.77447e-05
   0.0023493   0.00108031     0.158211  0.000105053
     0.18594 -8.77447e-05  0.000105053      0.34568
IMAGINARY
           0  -0.00177697  -0.00329623  -0.00459041
  0.00177697            0 -0.000854235   0.00344672
  0.00329623  0.000854235            0 -0.000881804
  0.00459041  -0.00344672  0.000881804            0
EndNode2[0]<--->HoM1[0]
REAL
    0.343302 -0.000653827  -0.00163898     0.178257
-0.000653827     0.159358  0.000949949  -0.00223387
 -0.00163898  0.000949949     0.154541 -0.000502998
    0.178257  -0.00223387 -0.000502998       0.3428
IMAGINARY
           0   0.00741775  -0.00455256  -0.00394143
 -0.00741775            0   0.00187135  -0.00194095
  0.00455256  -0.00187135            0 -0.000825109
  0.00394143   0.00194095  0.000825109            0
Repeater1[0]<--->EndNode1[0]
REAL
    0.345188    0.0023493   0.00363143      0.18594
   0.0023493     0.158211   0.00108031  0.000105053
  0.00363143   0.00108031     0.150921 -8.77447e-05
     0.18594  0.000105053 -8.77447e-05      0.34568
IMAGINARY
           0  -0.00329623  -0.00177697  -0.00459041
  0.00329623            0  0.000854235 -0.000881804
  0.00177697 -0.000854235            0   0.00344672
  0.00459041  0.000881804  -0.00344672            0
Repeater1[0]<--->HoM1[0]
REAL
    0.343302  -0.00163898 -0.000653827     0.178257
 -0.00163898     0.154541  0.000949949 -0.000502998
-0.000653827  0.000949949     0.159358  -0.00223387
    0.178257 -0.000502998  -0.00223387       0.3428
IMAGINARY
           0  -0.00455256   0.00741775  -0.00394143
  0.00455256            0  -0.00187135 -0.000825109
 -0.00741775   0.00187135            0  -0.00194095
  0.00394143  0.000825109   0.00194095            0
EndNode1[0]<--->Repeater1[0]
REAL
   0.346768  0.00147402 -0.00419455    0.189623
 0.00147402    0.151869  0.00393479 0.000230229
-0.00419455  0.00393479    0.154108 -0.00761872
   0.189623 0.000230229 -0.00761872    0.347255
IMAGINARY
           0   -0.0019078   0.00536305  -0.00266605
   0.0019078            0   0.00715148   0.00198398
 -0.00536305  -0.00715148            0  0.000297493
  0.00266605  -0.00198398 -0.000297493            0
EndNode2[0]<--->HoM1[0]
REAL
   0.348761 -0.00125331 -0.00303121    0.183952
-0.00125331    0.155164 -0.00297305 -0.00168484
-0.00303121 -0.00297305    0.163829 -0.00572252
   0.183952 -0.00168484 -0.00572252    0.332246
IMAGINARY
           0   0.00861807   0.00348089   0.00363509
 -0.00861807            0  -0.00303961  0.000131896
 -0.00348089   0.00303961            0  -0.00342159
 -0.00363509 -0.000131896   0.00342159            0
Repeater1[0]<--->EndNode1[0]
REAL
   0.346768 -0.00419455  0.00147402    0.189623
-0.00419455    0.154108  0.00393479 -0.00761872
 0.00147402  0.00393479    0.151869 0.000230229
   0.189623 -0.00761872 0.000230229    0.347255
IMAGINARY
           0   0.00536305   -0.0019078  -0.00266605
 -0.00536305            0  -0.00715148  0.000297493
   0.0019078   0.00715148            0   0.00198398
  0.00266605 -0.000297493  -0.00198398            0
Repeater1[0]<--->HoM1[0]
REAL
   0.348761 -0.00303121 -0.00125331    0.183952
-0.00303121    0.163829 -0.00297305 -0.00572252
-0.00125331 -0.00297305    0.155164 -0.00168484
   0.183952 -0.00572252 -0.00168484    0.332246
IMAGINARY
           0   0.00348089   0.00861807   0.00363509
 -0.00348089            0   0.00303961  -0.00342159
 -0.00861807  -0.00303961            0  0.000131896
 -0.00363509   0.00342159 -0.000131896            0
EndNode1[0]<--->Repeater1[0]
REAL
   0.352753 -0.00102814 -0.00722867    0.178091
-0.00102814    0.160661 -0.00237154 -0.00270242
-0.00722867 -0.00237154    0.152653  0.00163616
   0.178091 -0.00270242  0.00163616    0.333934
IMAGINARY
           0   0.00154352   0.00524878  -0.00282134
 -0.00154352            0 -0.000967684  -0.00393006
 -0.00524878  0.000967684            0  0.000586728
  0.00282134   0.00393006 -0.000586728            0
EndNode2[0]<--->HoM1[0]
REAL
    0.346599 -0.000843349   0.00327945     0.189326
-0.000843349      0.15147 -0.000699231   0.00212703
  0.00327945 -0.000699231      0.16137   0.00184455
    0.189326   0.00212703   0.00184455      0.34056
IMAGINARY
           0   0.00180799   0.00182137  0.000560577
 -0.00180799            0   0.00845111  -0.00038216
 -0.00182137  -0.00845111            0   0.00221186
-0.000560577   0.00038216  -0.00221186            0
Repeater1[0]<--->EndNode1[0]
REAL
   0.352753 -0.00722867 -0.00102814    0.178091
-0.00722867    0.152653 -0.00237154  0.00163616
-0.00102814 -0.00237154    0.160661 -0.00270242
   0.178091  0.00163616 -0.00270242    0.333934
IMAGINARY
           0   0.00524878   0.00154352  -0.00282134
 -0.00524878            0  0.000967684  0.000586728
 -0.00154352 -0.000967684            0  -0.00393006
  0.00282134 -0.000586728   0.00393006            0
Repeater1[0]<--->HoM1[0]
REAL
    0.346599   0.00327945 -0.000843349     0.189326
  0.00327945      0.16137 -0.000699231   0.00184455
-0.000843349 -0.000699231      0.15147   0.00212703
    0.189326   0.00184455   0.00212703      0.34056
IMAGINARY
           0   0.00182137   0.00180799  0.000560577
 -0.00182137            0  -0.00845111   0.00221186
 -0.00180799   0.00845111            0  -0.00038216
-0.000560577  -0.00221186   0.00038216            0
EndNode1[0]<--->Repeater1[0]
REAL
   0.340105  0.00322951 -0.00461568    0.185989
 0.00322951    0.156476  0.00209185   0.0022678
-0.00461568  0.00209185    0.166634  0.00181594
   0.185989   0.0022678  0.00181594    0.336785
IMAGINARY
           0  -0.00804198  -0.00102571   0.00446539
  0.00804198            0  -0.00401435 -0.000135323
  0.00102571   0.00401435            0    0.0062752
 -0.00446539  0.000135323   -0.0062752            0
EndNode2[0]<--->HoM1[0]
REAL
     0.34044  -0.00144562   0.00345245     0.176955
 -0.00144562     0.155425   0.00255263 -0.000830422
  0.00345245   0.00255263     0.155724  -0.00319335
    0.176955 -0.000830422  -0.00319335     0.348411
IMAGINARY
           0  -0.00918185   0.00650393   -0.0018091
  0.00918185            0   0.00445831   0.00210065
 -0.00650393  -0.00445831            0  0.000675601
   0.0018091  -0.00210065 -0.000675601            0
Repeater1[0]<--->EndNode1[0]
REAL
   0.340105 -0.00461568  0.00322951    0.185989
-0.00461568    0.166634  0.00209185  0.00181594
 0.00322951  0.00209185    0.156476   0.0022678
   0.185989  0.00181594   0.0022678    0.336785
IMAGINARY
           0  -0.00102571  -0.00804198   0.00446539
  0.00102571            0   0.00401435    0.0062752
  0.00804198  -0.00401435            0 -0.000135323
 -0.00446539   -0.0062752  0.000135323            0
Repeater1[0]<--->HoM1[0]
REAL
     0.34044   0.00345245  -0.00144562     0.176955
  0.00345245     0.155724   0.00255263  -0.00319335
 -0.00144562   0.00255263     0.155425 -0.000830422
    0.176955  -0.00319335 -0.000830422     0.348411
IMAGINARY
           0   0.00650393  -0.00918185   -0.0018091
 -0.00650393            0  -0.00445831  0.000675601
  0.00918185   0.00445831            0   0.00210065
   0.0018091 -0.000675601  -0.00210065            0
EndNode1[0]<--->Repeater1[0]
REAL
   0.347506 -0.00516701  0.00157041    0.187618
-0.00516701    0.156877  0.00206504  0.00578474
 0.00157041  0.00206504    0.156474 0.000413683
   0.187618  0.00578474 0.000413683    0.339144
IMAGINARY
           0  -0.00765822   0.00237074 -7.61311e-05
  0.00765822            0   0.00246039  0.000407588
 -0.00237074  -0.00246039            0   0.00259769
 7.61311e-05 -0.000407588  -0.00259769            0
EndNode2[0]<--->HoM1[0]
REAL
   0.343709  0.00361144 -0.00273468    0.183961
 0.00361144    0.154139 -0.00153553 0.000175212
-0.00273468 -0.00153553    0.161345  0.00306325
   0.183961 0.000175212  0.00306325    0.340807
IMAGINARY
           0    0.0022448   0.00086543   0.00557497
  -0.0022448            0   0.00527395 -0.000714661
 -0.00086543  -0.00527395            0  -0.00370223
 -0.00557497  0.000714661   0.00370223            0
Repeater1[0]<--->EndNode1[0]
REAL
   0.347506  0.00157041 -0.00516701    0.187618
