EndNode1[0]<--->Repeater1[0]
REAL
   0.343399   -0.002718   0.0042482    0.184587
  -0.002718    0.156825 -0.00175348  0.00714363
  0.0042482 -0.00175348    0.160754   0.0109517
   0.184587  0.00714363   0.0109517    0.339021
IMAGINARY
          0  0.00223611  0.00335841  0.00231635
-0.00223611           0  0.00264961 -0.00168168
-0.00335841 -0.00264961           0 -0.00391283
-0.00231635  0.00168168  0.00391283           0
EndNode2[0]<--->HoM1[0]
REAL
   0.349056 -0.00407558  0.00749676    0.188227
-0.00407558    0.158692 -0.00434681 -0.00464026
 0.00749676 -0.00434681    0.158692  0.00424361
   0.188227 -0.00464026  0.00424361     0.33356
IMAGINARY
           0   0.00041352  3.46852e-05    0.0043709
 -0.00041352            0   0.00380771  -0.00265892
-3.46852e-05  -0.00380771            0  0.000982348
  -0.0043709   0.00265892 -0.000982348            0
Repeater1[0]<--->EndNode1[0]
REAL
   0.343399   0.0042482   -0.002718    0.184587
  0.0042482    0.160754 -0.00175348   0.0109517
  -0.002718 -0.00175348    0.156825  0.00714363
   0.184587   0.0109517  0.00714363    0.339021
IMAGINARY
          0  0.00335841  0.00223611  0.00231635
-0.00335841           0 -0.00264961 -0.00391283
-0.00223611  0.00264961           0 -0.00168168
-0.00231635  0.00391283  0.00168168           0
Repeater1[0]<--->HoM1[0]
REAL
   0.349056  0.00749676 -0.00407558    0.188227
 0.00749676    0.158692 -0.00434681  0.00424361
-0.00407558 -0.00434681    0.158692 -0.00464026
   0.188227  0.00424361 -0.00464026     0.33356
IMAGINARY
           0  3.46852e-05   0.00041352    0.0043709
-3.46852e-05            0  -0.00380771  0.000982348
 -0.00041352   0.00380771            0  -0.00265892
  -0.0043709 -0.000982348   0.00265892            0
EndNode1[0]<--->Repeater1[0]
REAL
   0.347042  -0.0026411 -0.00279063    0.181189
 -0.0026411    0.161127  0.00253021  0.00245333
-0.00279063  0.00253021    0.158423 -0.00208119
   0.181189  0.00245333 -0.00208119    0.333408
IMAGINARY
           0   -0.0077246   0.00469397   0.00258149
   0.0077246            0  -0.00325595  -0.00224354
 -0.00469397   0.00325595            0 -0.000629154
 -0.00258149   0.00224354  0.000629154            0
EndNode2[0]<--->HoM1[0]
REAL
   0.347309 -0.00930542  -0.0108509    0.184699
-0.00930542     0.15583 -0.00255848 -0.00126182
 -0.0108509 -0.00255848    0.152578 -0.00427205
   0.184699 -0.00126182 -0.00427205    0.344283
IMAGINARY
          0  0.00362498 -0.00663214  0.00828604
-0.00362498           0  0.00823081 -0.00271365
 0.00663214 -0.00823081           0 -0.00157346
-0.00828604  0.00271365  0.00157346           0
Repeater1[0]<--->EndNode1[0]
REAL
   0.347042 -0.00279063  -0.0026411    0.181189
-0.00279063    0.158423  0.00253021 -0.00208119
 -0.0026411  0.00253021    0.161127  0.00245333
   0.181189 -0.00208119  0.00245333    0.333408
IMAGINARY
           0   0.00469397   -0.0077246   0.00258149
 -0.00469397            0   0.00325595 -0.000629154
   0.0077246  -0.00325595            0  -0.00224354
 -0.00258149  0.000629154   0.00224354            0
Repeater1[0]<--->HoM1[0]
REAL
   0.347309  -0.0108509 -0.00930542    0.184699
 -0.0108509    0.152578 -0.00255848 -0.00427205
-0.00930542 -0.00255848     0.15583 -0.00126182
   0.184699 -0.00427205 -0.00126182    0.344283
IMAGINARY
          0 -0.00663214  0.00362498  0.00828604
 0.00663214           0 -0.00823081 -0.00157346
-0.00362498  0.00823081           0 -0.00271365
-0.00828604  0.00157346  0.00271365           0
EndNode1[0]<--->Repeater1[0]
REAL
    0.340309 -0.000210478   0.00243062     0.185125
-0.000210478     0.158553  0.000161577   0.00276433
  0.00243062  0.000161577     0.157075   0.00462339
    0.185125   0.00276433   0.00462339     0.344063
IMAGINARY
           0 -0.000781615   0.00355631 -0.000134609
 0.000781615            0   0.00628495   0.00287527
 -0.00355631  -0.00628495            0   0.00111428
 0.000134609  -0.00287527  -0.00111428            0
EndNode2[0]<--->HoM1[0]
REAL
    0.345163  -0.00616582  -0.00110252     0.189821
 -0.00616582      0.15981  0.000407559 -0.000820126
 -0.00110252  0.000407559     0.161618  -0.00175094
    0.189821 -0.000820126  -0.00175094     0.333409
IMAGINARY
           0  -0.00082128  0.000428856   0.00106599
  0.00082128            0  -0.00329168  -0.00237698
-0.000428856   0.00329168            0  0.000542977
 -0.00106599   0.00237698 -0.000542977            0
Repeater1[0]<--->EndNode1[0]
REAL
    0.340309   0.00243062 -0.000210478     0.185125
  0.00243062     0.157075  0.000161577   0.00462339
-0.000210478  0.000161577     0.158553   0.00276433
    0.185125   0.00462339   0.00276433     0.344063
IMAGINARY
           0   0.00355631 -0.000781615 -0.000134609
 -0.00355631            0  -0.00628495   0.00111428
 0.000781615   0.00628495            0   0.00287527
 0.000134609  -0.00111428  -0.00287527            0
Repeater1[0]<--->HoM1[0]
REAL
    0.345163  -0.00110252  -0.00616582     0.189821
 -0.00110252     0.161618  0.000407559  -0.00175094
 -0.00616582  0.000407559      0.15981 -0.000820126
    0.189821  -0.00175094 -0.000820126     0.333409
IMAGINARY
           0  0.000428856  -0.00082128   0.00106599
-0.000428856            0   0.00329168  0.000542977
  0.00082128  -0.00329168            0  -0.00237698
 -0.00106599 -0.000542977   0.00237698            0
EndNode1[0]<--->Repeater1[0]
REAL
   0.343662  0.00148872  0.00056677    0.186204
 0.00148872    0.156734 0.000871048 -0.00787133
 0.00056677 0.000871048    0.156847  -0.0027712
   0.186204 -0.00787133  -0.0027712    0.342757
IMAGINARY
          0 -0.00263866  0.00774064 -0.00195217
 0.00263866           0  0.00212362   0.0070164
-0.00774064 -0.00212362           0 -0.00224295
 0.00195217  -0.0070164  0.00224295           0
EndNode2[0]<--->HoM1[0]
REAL
   0.343989 -0.00423211  0.00361559    0.178039
-0.00423211    0.160617 -0.00177363 -0.00435836
 0.00361559 -0.00177363    0.160062 -0.00142438
   0.178039 -0.00435836 -0.00142438    0.335331
IMAGINARY
           0   0.00598629 -0.000296613   0.00369126
 -0.00598629            0   0.00195183  -0.00182014
 0.000296613  -0.00195183            0  -0.00632052
 -0.00369126   0.00182014   0.00632052            0
Repeater1[0]<--->EndNode1[0]
REAL
   0.343662  0.00056677  0.00148872    0.186204
 0.00056677    0.156847 0.000871048  -0.0027712
 0.00148872 0.000871048    0.156734 -0.00787133
   0.186204  -0.0027712 -0.00787133    0.342757
IMAGINARY
          0  0.00774064 -0.00263866 -0.00195217
-0.00774064           0 -0.00212362 -0.00224295
 0.00263866  0.00212362           0   0.0070164
 0.00195217  0.00224295  -0.0070164           0
Repeater1[0]<--->HoM1[0]
REAL
   0.343989  0.00361559 -0.00423211    0.178039
 0.00361559    0.160062 -0.00177363 -0.00142438
-0.00423211 -0.00177363    0.160617 -0.00435836
   0.178039 -0.00142438 -0.00435836    0.335331
IMAGINARY
           0 -0.000296613   0.00598629   0.00369126
 0.000296613            0  -0.00195183  -0.00632052
 -0.00598629   0.00195183            0  -0.00182014
 -0.00369126   0.00632052   0.00182014            0
EndNode1[0]<--->Repeater1[0]
REAL
      0.342  0.00211263  0.00482277    0.183229
 0.00211263    0.160111  0.00712769  0.00165893
 0.00482277  0.00712769       0.161 -0.00165777
   0.183229  0.00165893 -0.00165777    0.336889
IMAGINARY
           0  0.000994878   0.00507541  -0.00261525
-0.000994878            0   0.00540917  0.000197091
 -0.00507541  -0.00540917            0   0.00128062
  0.00261525 -0.000197091  -0.00128062            0
EndNode2[0]<--->HoM1[0]
REAL
    0.348712   0.00280528  -0.00102419     0.188464
  0.00280528     0.152968 -0.000852045  -0.00502419
 -0.00102419 -0.000852045     0.154423   -0.0015732
    0.188464  -0.00502419   -0.0015732     0.343897
IMAGINARY
           0   0.00150373    0.0040617  0.000280208
 -0.00150373            0   0.00495098   0.00383798
  -0.0040617  -0.00495098            0   0.00694838
-0.000280208  -0.00383798  -0.00694838            0
Repeater1[0]<--->EndNode1[0]
REAL
      0.342  0.00482277  0.00211263    0.183229
 0.00482277       0.161  0.00712769 -0.00165777
 0.00211263  0.00712769    0.160111  0.00165893
   0.183229 -0.00165777  0.00165893    0.336889
IMAGINARY
           0   0.00507541  0.000994878  -0.00261525
 -0.00507541            0  -0.00540917   0.00128062
-0.000994878   0.00540917            0  0.000197091
  0.00261525  -0.00128062 -0.000197091            0
Repeater1[0]<--->HoM1[0]
REAL
    0.348712  -0.00102419   0.00280528     0.188464
 -0.00102419     0.154423 -0.000852045   -0.0015732
  0.00280528 -0.000852045     0.152968  -0.00502419
    0.188464   -0.0015732  -0.00502419     0.343897
IMAGINARY
           0    0.0040617   0.00150373  0.000280208
  -0.0040617            0  -0.00495098   0.00694838
 -0.00150373   0.00495098            0   0.00383798
-0.000280208  -0.00694838  -0.00383798            0
EndNode1[0]<--->Repeater1[0]
REAL
    0.339324   0.00437153 -0.000206142     0.190295
  0.00437153     0.160171   0.00563215   0.00101148
-0.000206142   0.00563215     0.161519 -0.000920076
    0.190295   0.00101148 -0.000920076     0.338987
IMAGINARY
           0   0.00368018   0.00469852   0.00182949
 -0.00368018            0  0.000281156 -0.000113472
 -0.00469852 -0.000281156            0  -0.00104378
 -0.00182949  0.000113472   0.00104378            0
EndNode2[0]<--->HoM1[0]
REAL
    0.341398  -0.00464273   0.00294168     0.183287
 -0.00464273     0.161222   0.00356563 -0.000993557
  0.00294168   0.00356563     0.156874  0.000913463
    0.183287 -0.000993557  0.000913463     0.340506
IMAGINARY
           0   0.00305835  -0.00234789  -0.00357495
 -0.00305835            0 -0.000808059  -0.00556368
  0.00234789  0.000808059            0   0.00350657
  0.00357495   0.00556368  -0.00350657            0
Repeater1[0]<--->EndNode1[0]
REAL
    0.339324 -0.000206142   0.00437153     0.190295
-0.000206142     0.161519   0.00563215 -0.000920076
  0.00437153   0.00563215     0.160171   0.00101148
    0.190295 -0.000920076   0.00101148     0.338987
IMAGINARY
           0   0.00469852   0.00368018   0.00182949
 -0.00469852            0 -0.000281156  -0.00104378
 -0.00368018  0.000281156            0 -0.000113472
 -0.00182949   0.00104378  0.000113472            0
Repeater1[0]<--->HoM1[0]
REAL
    0.341398   0.00294168  -0.00464273     0.183287
  0.00294168     0.156874   0.00356563  0.000913463
 -0.00464273   0.00356563     0.161222 -0.000993557
    0.183287  0.000913463 -0.000993557     0.340506
IMAGINARY
           0  -0.00234789   0.00305835  -0.00357495
  0.00234789            0  0.000808059   0.00350657
 -0.00305835 -0.000808059            0  -0.00556368
  0.00357495  -0.00350657   0.00556368            0
EndNode1[0]<--->Repeater1[0]
REAL
   0.342058 -0.00241553  0.00199098    0.185581
-0.00241553    0.158509 -0.00211843 0.000528334
 0.00199098 -0.00211843    0.155223  0.00280743
   0.185581 0.000528334  0.00280743     0.34421
IMAGINARY
           0  0.000981702  -0.00102995  -0.00343624
-0.000981702            0   0.00354824   0.00557747
  0.00102995  -0.00354824            0   0.00299738
  0.00343624  -0.00557747  -0.00299738            0
EndNode2[0]<--->HoM1[0]
REAL
    0.342598 -0.000130889   0.00306663     0.183787
-0.000130889     0.156113   0.00448249  -0.00608879
  0.00306663   0.00448249     0.155441  -0.00501798
    0.183787  -0.00608879  -0.00501798     0.345848
IMAGINARY
          0   0.0023436  0.00100389  0.00675784
 -0.0023436           0  0.00389492  0.00679196
-0.00100389 -0.00389492           0  -0.0046431
-0.00675784 -0.00679196   0.0046431           0
Repeater1[0]<--->EndNode1[0]
REAL
   0.342058  0.00199098 -0.00241553    0.185581
 0.00199098    0.155223 -0.00211843  0.00280743
-0.00241553 -0.00211843    0.158509 0.000528334
   0.185581  0.00280743 0.000528334     0.34421
IMAGINARY
           0  -0.00102995  0.000981702  -0.00343624
  0.00102995            0  -0.00354824   0.00299738
-0.000981702   0.00354824            0   0.00557747
  0.00343624  -0.00299738  -0.00557747            0
Repeater1[0]<--->HoM1[0]
REAL
    0.342598   0.00306663 -0.000130889     0.183787
  0.00306663     0.155441   0.00448249  -0.00501798
-0.000130889   0.00448249     0.156113  -0.00608879
    0.183787  -0.00501798  -0.00608879     0.345848
IMAGINARY
          0  0.00100389   0.0023436  0.00675784
-0.00100389           0 -0.00389492  -0.0046431
 -0.0023436  0.00389492           0  0.00679196
-0.00675784   0.0046431 -0.00679196           0
EndNode1[0]<--->Repeater1[0]
REAL
    0.341633 -0.000308228  -0.00334117     0.189384
-0.000308228     0.155226   0.00145578   0.00289213
 -0.00334117   0.00145578     0.156025 -0.000814358
    0.189384   0.00289213 -0.000814358     0.347116
IMAGINARY
           0 -0.000357287     0.001686  0.000811589
 0.000357287            0    0.0025989  -0.00398808
   -0.001686   -0.0025989            0  -0.00284316
-0.000811589   0.00398808   0.00284316            0
EndNode2[0]<--->HoM1[0]
REAL
    0.339314   0.00273564   0.00251236     0.187808
  0.00273564     0.156172 -0.000713316 -0.000476928
  0.00251236 -0.000713316     0.161025    0.0017203
    0.187808 -0.000476928    0.0017203     0.343489
IMAGINARY
           0   0.00784916 -0.000517049  -0.00240327
 -0.00784916            0  -0.00223516   0.00230716
 0.000517049   0.00223516            0   -0.0100868
  0.00240327  -0.00230716    0.0100868            0
Repeater1[0]<--->EndNode1[0]
REAL
    0.341633  -0.00334117 -0.000308228     0.189384
 -0.00334117     0.156025   0.00145578 -0.000814358
-0.000308228   0.00145578     0.155226   0.00289213
    0.189384 -0.000814358   0.00289213     0.347116
IMAGINARY
           0     0.001686 -0.000357287  0.000811589
   -0.001686            0   -0.0025989  -0.00284316
 0.000357287    0.0025989            0  -0.00398808
-0.000811589   0.00284316   0.00398808            0
Repeater1[0]<--->HoM1[0]
REAL
    0.339314   0.00251236   0.00273564     0.187808
  0.00251236     0.161025 -0.000713316    0.0017203
  0.00273564 -0.000713316     0.156172 -0.000476928
    0.187808    0.0017203 -0.000476928     0.343489
IMAGINARY
           0 -0.000517049   0.00784916  -0.00240327
 0.000517049            0   0.00223516   -0.0100868
 -0.00784916  -0.00223516            0   0.00230716
  0.00240327    0.0100868  -0.00230716            0
EndNode1[0]<--->Repeater1[0]
REAL
    0.343531 -0.000863466   0.00138616     0.182877
-0.000863466      0.15697   0.00107465   0.00431343
  0.00138616   0.00107465     0.158193   0.00589252
    0.182877   0.00431343   0.00589252     0.341306
IMAGINARY
           0   0.00171115   0.00361372   0.00113854
 -0.00171115            0  0.000255149  -0.00320933
 -0.00361372 -0.000255149            0  -0.00049798
 -0.00113854   0.00320933   0.00049798            0
EndNode2[0]<--->HoM1[0]
REAL
   0.342135 -0.00457365 -0.00373261    0.181958
-0.00457365    0.167487 -0.00420674 -0.00344984
-0.00373261 -0.00420674    0.145111 -0.00362678
   0.181958 -0.00344984 -0.00362678    0.345267
IMAGINARY
           0   0.00243438   0.00847379  -0.00246796
 -0.00243438            0 -0.000499234  -0.00170721
 -0.00847379  0.000499234            0   0.00220716
  0.00246796   0.00170721  -0.00220716            0
Repeater1[0]<--->EndNode1[0]
REAL
    0.343531   0.00138616 -0.000863466     0.182877
  0.00138616     0.158193   0.00107465   0.00589252
-0.000863466   0.00107465      0.15697   0.00431343
    0.182877   0.00589252   0.00431343     0.341306
IMAGINARY
           0   0.00361372   0.00171115   0.00113854
 -0.00361372            0 -0.000255149  -0.00049798
 -0.00171115  0.000255149            0  -0.00320933
 -0.00113854   0.00049798   0.00320933            0
Repeater1[0]<--->HoM1[0]
REAL
   0.342135 -0.00373261 -0.00457365    0.181958
-0.00373261    0.145111 -0.00420674 -0.00362678
-0.00457365 -0.00420674    0.167487 -0.00344984
   0.181958 -0.00362678 -0.00344984    0.345267
IMAGINARY
           0   0.00847379   0.00243438  -0.00246796
 -0.00847379            0  0.000499234   0.00220716
 -0.00243438 -0.000499234            0  -0.00170721
  0.00246796  -0.00220716   0.00170721            0
EndNode1[0]<--->Repeater1[0]
REAL
   0.350218  0.00250744 0.000484417    0.183721
 0.00250744    0.157442  0.00127628 -0.00199027
0.000484417  0.00127628    0.156435  0.00424103
   0.183721 -0.00199027  0.00424103    0.335905
IMAGINARY
           0 -0.000217792  2.75924e-05  -0.00371581
 0.000217792            0   0.00219194  0.000424283
-2.75924e-05  -0.00219194            0  -0.00509174
  0.00371581 -0.000424283   0.00509174            0
EndNode2[0]<--->HoM1[0]
REAL
    0.344159  0.000223252    0.0043966     0.185157
 0.000223252     0.160465  -0.00278014 -0.000711101
   0.0043966  -0.00278014     0.154826 -0.000781661
    0.185157 -0.000711101 -0.000781661      0.34055
IMAGINARY
           0   -0.0044099   0.00550036   -0.0034008
   0.0044099            0  -0.00498846 -0.000765301
 -0.00550036   0.00498846            0 -0.000550645
   0.0034008  0.000765301  0.000550645            0
Repeater1[0]<--->EndNode1[0]
REAL
   0.350218 0.000484417  0.00250744    0.183721
0.000484417    0.156435  0.00127628  0.00424103
 0.00250744  0.00127628    0.157442 -0.00199027
   0.183721  0.00424103 -0.00199027    0.335905
IMAGINARY
           0  2.75924e-05 -0.000217792  -0.00371581
-2.75924e-05            0  -0.00219194  -0.00509174
 0.000217792   0.00219194            0  0.000424283
  0.00371581   0.00509174 -0.000424283            0
Repeater1[0]<--->HoM1[0]
REAL
    0.344159    0.0043966  0.000223252     0.185157
   0.0043966     0.154826  -0.00278014 -0.000781661
 0.000223252  -0.00278014     0.160465 -0.000711101
    0.185157 -0.000781661 -0.000711101      0.34055
IMAGINARY
           0   0.00550036   -0.0044099   -0.0034008
 -0.00550036            0   0.00498846 -0.000550645
   0.0044099  -0.00498846            0 -0.000765301
   0.0034008  0.000550645  0.000765301            0
EndNode1[0]<--->Repeater1[0]
REAL
    0.337603   0.00398152   0.00309609     0.186883
  0.00398152     0.158276 -0.000778654  -0.00766205
  0.00309609 -0.000778654     0.154043  0.000144348
    0.186883  -0.00766205  0.000144348     0.350078
IMAGINARY
           0  -0.00465821   0.00048957  0.000290322
  0.00465821            0   0.00400152   0.00237335
 -0.00048957  -0.00400152            0   0.00314255
-0.000290322  -0.00237335  -0.00314255            0
EndNode2[0]<--->HoM1[0]
REAL
   0.344976 -0.00099187 0.000516976    0.182818
-0.00099187    0.153611  0.00592975 -0.00336074
0.000516976  0.00592975    0.160619  0.00361259
   0.182818 -0.00336074  0.00361259    0.340793
IMAGINARY
          0  -0.0062228  0.00018532  0.00509225
  0.0062228           0 -0.00526043  0.00793507
-0.00018532  0.00526043           0 -0.00269259
-0.00509225 -0.00793507  0.00269259           0
Repeater1[0]<--->EndNode1[0]
REAL
    0.337603   0.00309609   0.00398152     0.186883
  0.00309609     0.154043 -0.000778654  0.000144348
  0.00398152 -0.000778654     0.158276  -0.00766205
    0.186883  0.000144348  -0.00766205     0.350078
IMAGINARY
           0   0.00048957  -0.00465821  0.000290322
 -0.00048957            0  -0.00400152   0.00314255
  0.00465821   0.00400152            0   0.00237335
-0.000290322  -0.00314255  -0.00237335            0
Repeater1[0]<--->HoM1[0]
REAL
   0.344976 0.000516976 -0.00099187    0.182818
0.000516976    0.160619  0.00592975  0.00361259
-0.00099187  0.00592975    0.153611 -0.00336074
   0.182818  0.00361259 -0.00336074    0.340793
IMAGINARY
          0  0.00018532  -0.0062228  0.00509225
-0.00018532           0  0.00526043 -0.00269259
  0.0062228 -0.00526043           0  0.00793507
-0.00509225  0.00269259 -0.00793507           0
EndNode1[0]<--->Repeater1[0]
REAL
    0.345617   0.00198028   0.00216938      0.18303
  0.00198028     0.157677 -0.000672138  -0.00500051
  0.00216938 -0.000672138     0.151759  -0.00203579
     0.18303  -0.00500051  -0.00203579     0.344947
IMAGINARY
          0 -0.00163388  0.00363885 -0.00816671
 0.00163388           0  0.00211262 -0.00244634
-0.00363885 -0.00211262           0  0.00100924
 0.00816671  0.00244634 -0.00100924           0
EndNode2[0]<--->HoM1[0]
REAL
   0.339682 -0.00153914  0.00682091    0.182653
-0.00153914    0.162628   0.0011436 -0.00089566
 0.00682091   0.0011436    0.154514 -0.00541163
   0.182653 -0.00089566 -0.00541163    0.343176
IMAGINARY
           0   0.00290368   0.00416827  -0.00210946
 -0.00290368            0   0.00143026  6.28609e-06
 -0.00416827  -0.00143026            0  -0.00407255
  0.00210946 -6.28609e-06   0.00407255            0
Repeater1[0]<--->EndNode1[0]
REAL
    0.345617   0.00216938   0.00198028      0.18303
  0.00216938     0.151759 -0.000672138  -0.00203579
  0.00198028 -0.000672138     0.157677  -0.00500051
     0.18303  -0.00203579  -0.00500051     0.344947
IMAGINARY
          0  0.00363885 -0.00163388 -0.00816671
-0.00363885           0 -0.00211262  0.00100924
 0.00163388  0.00211262           0 -0.00244634
 0.00816671 -0.00100924  0.00244634           0
Repeater1[0]<--->HoM1[0]
REAL
   0.339682  0.00682091 -0.00153914    0.182653
 0.00682091    0.154514   0.0011436 -0.00541163
-0.00153914   0.0011436    0.162628 -0.00089566
   0.182653 -0.00541163 -0.00089566    0.343176
IMAGINARY
           0   0.00416827   0.00290368  -0.00210946
 -0.00416827            0  -0.00143026  -0.00407255
 -0.00290368   0.00143026            0  6.28609e-06
  0.00210946   0.00407255 -6.28609e-06            0
EndNode1[0]<--->Repeater1[0]
REAL
   0.331344 -0.00466265 -0.00188488    0.185045
-0.00466265    0.158455    0.002184 -0.00211329
-0.00188488    0.002184    0.166269 -0.00596106
   0.185045 -0.00211329 -0.00596106    0.343933
IMAGINARY
           0   0.00111845  0.000471079  -0.00326257
 -0.00111845            0  -0.00152159  -0.00719348
-0.000471079   0.00152159            0   0.00549097
  0.00326257   0.00719348  -0.00549097            0
EndNode2[0]<--->HoM1[0]
REAL
    0.341178  -0.00710109  -0.00179972     0.185642
 -0.00710109     0.155321 -1.15055e-05  -0.00348474
 -0.00179972 -1.15055e-05     0.157961  0.000692275
    0.185642  -0.00348474  0.000692275      0.34554
IMAGINARY
           0 -0.000421676  -0.00242187 -0.000632441
 0.000421676            0   0.00863826   0.00169731
  0.00242187  -0.00863826            0   -0.0039814
 0.000632441  -0.00169731    0.0039814            0
Repeater1[0]<--->EndNode1[0]
REAL
   0.331344 -0.00188488 -0.00466265    0.185045
-0.00188488    0.166269    0.002184 -0.00596106
-0.00466265    0.002184    0.158455 -0.00211329
   0.185045 -0.00596106 -0.00211329    0.343933
IMAGINARY
           0  0.000471079   0.00111845  -0.00326257
-0.000471079            0   0.00152159   0.00549097
 -0.00111845  -0.00152159            0  -0.00719348
  0.00326257  -0.00549097   0.00719348            0
Repeater1[0]<--->HoM1[0]
REAL
    0.341178  -0.00179972  -0.00710109     0.185642
 -0.00179972     0.157961 -1.15055e-05  0.000692275
 -0.00710109 -1.15055e-05     0.155321  -0.00348474
    0.185642  0.000692275  -0.00348474      0.34554
IMAGINARY
           0  -0.00242187 -0.000421676 -0.000632441
  0.00242187            0  -0.00863826   -0.0039814
 0.000421676   0.00863826            0   0.00169731
 0.000632441    0.0039814  -0.00169731            0
EndNode1[0]<--->Repeater1[0]
REAL
   0.343248 -0.00346475 -0.00359746    0.183386
-0.00346475    0.151585  0.00150631  0.00240387
-0.00359746  0.00150631    0.164906  0.00340791
   0.183386  0.00240387  0.00340791    0.340262
IMAGINARY
           0   0.00398206   -0.0071422   0.00208307
 -0.00398206            0  -0.00778904  0.000347182
   0.0071422   0.00778904            0    0.0011142
 -0.00208307 -0.000347182   -0.0011142            0
EndNode2[0]<--->HoM1[0]
REAL
   0.347029  -0.0020954  0.00014891    0.187535
 -0.0020954    0.158574 0.000287709 -0.00474635
 0.00014891 0.000287709    0.157329 -0.00339911
   0.187535 -0.00474635 -0.00339911    0.337068
IMAGINARY
           0  -0.00146327   0.00327339   0.00421544
  0.00146327            0  -0.00204995  0.000325346
 -0.00327339   0.00204995            0   0.00157574
 -0.00421544 -0.000325346  -0.00157574            0
Repeater1[0]<--->EndNode1[0]
REAL
   0.343248 -0.00359746 -0.00346475    0.183386
-0.00359746    0.164906  0.00150631  0.00340791
-0.00346475  0.00150631    0.151585  0.00240387
   0.183386  0.00340791  0.00240387    0.340262
IMAGINARY
           0   -0.0071422   0.00398206   0.00208307
   0.0071422            0   0.00778904    0.0011142
 -0.00398206  -0.00778904            0  0.000347182
 -0.00208307   -0.0011142 -0.000347182            0
Repeater1[0]<--->HoM1[0]
REAL
   0.347029  0.00014891  -0.0020954    0.187535
 0.00014891    0.157329 0.000287709 -0.00339911
 -0.0020954 0.000287709    0.158574 -0.00474635
   0.187535 -0.00339911 -0.00474635    0.337068
IMAGINARY
           0   0.00327339  -0.00146327   0.00421544
 -0.00327339            0   0.00204995   0.00157574
  0.00146327  -0.00204995            0  0.000325346
 -0.00421544  -0.00157574 -0.000325346            0
EndNode1[0]<--->Repeater1[0]
REAL
   0.335916  0.00252148 -0.00157303     0.18535
 0.00252148    0.159201  0.00440243 0.000439496
-0.00157303  0.00440243    0.162344 -0.00694224
    0.18535 0.000439496 -0.00694224     0.34254
IMAGINARY
           0 -0.000847922 -0.000767764  -0.00154009
 0.000847922            0  -0.00170884    0.0054396
 0.000767764   0.00170884            0   0.00346871
  0.00154009   -0.0054396  -0.00346871            0
EndNode2[0]<--->HoM1[0]
REAL
   0.352817  0.00868553 -0.00151752    0.181773
 0.00868553    0.155017 -0.00048396 -0.00419192
-0.00151752 -0.00048396    0.151795 -0.00659395
   0.181773 -0.00419192 -0.00659395    0.340371
IMAGINARY
          0 -0.00193391  -0.0021831  0.00439771
 0.00193391           0   0.0060957 -0.00196039
  0.0021831  -0.0060957           0  0.00165011
-0.00439771  0.00196039 -0.00165011           0
Repeater1[0]<--->EndNode1[0]
REAL
   0.335916 -0.00157303  0.00252148     0.18535
-0.00157303    0.162344  0.00440243 -0.00694224
 0.00252148  0.00440243    0.159201 0.000439496
    0.18535 -0.00694224 0.000439496     0.34254
IMAGINARY
           0 -0.000767764 -0.000847922  -0.00154009
 0.000767764            0   0.00170884   0.00346871
 0.000847922  -0.00170884            0    0.0054396
  0.00154009  -0.00346871   -0.0054396            0
Repeater1[0]<--->HoM1[0]
REAL
   0.352817 -0.00151752  0.00868553    0.181773
-0.00151752    0.151795 -0.00048396 -0.00659395
 0.00868553 -0.00048396    0.155017 -0.00419192
   0.181773 -0.00659395 -0.00419192    0.340371
IMAGINARY
          0  -0.0021831 -0.00193391  0.00439771
  0.0021831           0  -0.0060957  0.00165011
 0.00193391   0.0060957           0 -0.00196039
-0.00439771 -0.00165011  0.00196039           0
EndNode1[0]<--->Repeater1[0]
REAL
   0.336575  0.00108667  0.00122544     0.18876
 0.00108667    0.158059 -0.00511796  0.00100322
 0.00122544 -0.00511796    0.167896  0.00103056
    0.18876  0.00100322  0.00103056    0.337469
IMAGINARY
          0  0.00465605   -0.002788  0.00296621
-0.00465605           0 -0.00176853 -0.00184008
   0.002788  0.00176853           0 -0.00103165
-0.00296621  0.00184008  0.00103165           0
EndNode2[0]<--->HoM1[0]
REAL
   0.340354 -0.00602495 -0.00488859    0.182473
-0.00602495    0.160816  0.00697598  0.00336849
-0.00488859  0.00697598    0.152346  0.00157726
   0.182473  0.00336849  0.00157726    0.346484
IMAGINARY
           0    0.0102954  -0.00591543    0.0057176
  -0.0102954            0 -0.000728494  -0.00313889
  0.00591543  0.000728494            0  0.000882744
  -0.0057176   0.00313889 -0.000882744            0
Repeater1[0]<--->EndNode1[0]
REAL
   0.336575  0.00122544  0.00108667     0.18876
 0.00122544    0.167896 -0.00511796  0.00103056
 0.00108667 -0.00511796    0.158059  0.00100322
    0.18876  0.00103056  0.00100322    0.337469
IMAGINARY
          0   -0.002788  0.00465605  0.00296621
   0.002788           0  0.00176853 -0.00103165
-0.00465605 -0.00176853           0 -0.00184008
-0.00296621  0.00103165  0.00184008           0
Repeater1[0]<--->HoM1[0]
REAL
   0.340354 -0.00488859 -0.00602495    0.182473
-0.00488859    0.152346  0.00697598  0.00157726
-0.00602495  0.00697598    0.160816  0.00336849
   0.182473  0.00157726  0.00336849    0.346484
IMAGINARY
           0  -0.00591543    0.0102954    0.0057176
  0.00591543            0  0.000728494  0.000882744
  -0.0102954 -0.000728494            0  -0.00313889
  -0.0057176 -0.000882744   0.00313889            0
EndNode1[0]<--->Repeater1[0]
REAL
   0.344967  -0.0060327 -0.00685447    0.183792
 -0.0060327    0.154191  0.00173015   0.0022529
-0.00685447  0.00173015     0.16676 -0.00866989
   0.183792   0.0022529 -0.00866989    0.334081
IMAGINARY
           0 -7.19978e-05  0.000560134    0.0038826
 7.19978e-05            0    0.0026109  0.000220767
-0.000560134   -0.0026109            0   0.00174536
  -0.0038826 -0.000220767  -0.00174536            0
EndNode2[0]<--->HoM1[0]
REAL
    0.338992   0.00463415   0.00223313     0.186114
  0.00463415     0.158899   0.00569546  -0.00184203
  0.00223313   0.00569546     0.167776 -0.000890713
    0.186114  -0.00184203 -0.000890713     0.334332
IMAGINARY
           0   0.00498321  -0.00210312  -0.00446906
 -0.00498321            0  0.000758593  -0.00193143
  0.00210312 -0.000758593            0   0.00314272
  0.00446906   0.00193143  -0.00314272            0
Repeater1[0]<--->EndNode1[0]
REAL
   0.344967 -0.00685447  -0.0060327    0.183792
-0.00685447     0.16676  0.00173015 -0.00866989
 -0.0060327  0.00173015    0.154191   0.0022529
   0.183792 -0.00866989   0.0022529    0.334081
IMAGINARY
           0  0.000560134 -7.19978e-05    0.0038826
-0.000560134            0   -0.0026109   0.00174536
 7.19978e-05    0.0026109            0  0.000220767
  -0.0038826  -0.00174536 -0.000220767            0
Repeater1[0]<--->HoM1[0]
REAL
    0.338992   0.00223313   0.00463415     0.186114
  0.00223313     0.167776   0.00569546 -0.000890713
  0.00463415   0.00569546     0.158899  -0.00184203
    0.186114 -0.000890713  -0.00184203     0.334332
IMAGINARY
           0  -0.00210312   0.00498321  -0.00446906
  0.00210312            0 -0.000758593   0.00314272
 -0.00498321  0.000758593            0  -0.00193143
  0.00446906  -0.00314272   0.00193143            0
EndNode1[0]<--->Repeater1[0]
REAL
   0.337373 -0.00283787  0.00670567    0.184024
-0.00283787    0.154247 -0.00644183 4.95362e-05
 0.00670567 -0.00644183    0.161835 -0.00323037
   0.184024 4.95362e-05 -0.00323037    0.346546
IMAGINARY
          0    0.002406  0.00414953 -0.00107636
  -0.002406           0  0.00197242 -0.00123995
-0.00414953 -0.00197242           0 -0.00106312
 0.00107636  0.00123995  0.00106312           0
EndNode2[0]<--->HoM1[0]
REAL
    0.340596 -0.000580096   0.00251041     0.184671
-0.000580096      0.16199   0.00261814   0.00391285
  0.00251041   0.00261814     0.157918   0.00238312
    0.184671   0.00391285   0.00238312     0.339496
IMAGINARY
          0 -0.00387185  -0.0022643  0.00099555
 0.00387185           0   0.0050476 -0.00255309
  0.0022643  -0.0050476           0 -0.00587496
-0.00099555  0.00255309  0.00587496           0
Repeater1[0]<--->EndNode1[0]
REAL
   0.337373  0.00670567 -0.00283787    0.184024
 0.00670567    0.161835 -0.00644183 -0.00323037
-0.00283787 -0.00644183    0.154247 4.95362e-05
   0.184024 -0.00323037 4.95362e-05    0.346546
IMAGINARY
          0  0.00414953    0.002406 -0.00107636
-0.00414953           0 -0.00197242 -0.00106312
  -0.002406  0.00197242           0 -0.00123995
 0.00107636  0.00106312  0.00123995           0
Repeater1[0]<--->HoM1[0]
REAL
    0.340596   0.00251041 -0.000580096     0.184671
  0.00251041     0.157918   0.00261814   0.00238312
-0.000580096   0.00261814      0.16199   0.00391285
    0.184671   0.00238312   0.00391285     0.339496
IMAGINARY
          0  -0.0022643 -0.00387185  0.00099555
  0.0022643           0  -0.0050476 -0.00587496
 0.00387185   0.0050476           0 -0.00255309
-0.00099555  0.00587496  0.00255309           0
EndNode1[0]<--->Repeater1[0]
REAL
    0.341887   0.00385428 -0.000748759     0.186114
  0.00385428     0.151532  -0.00137245  -0.00137985
-0.000748759  -0.00137245     0.163146  -0.00531069
    0.186114  -0.00137985  -0.00531069     0.343435
IMAGINARY
           0  -0.00243933   0.00216736  -0.00135207
  0.00243933            0  -0.00315346   0.00461193
 -0.00216736   0.00315346            0  0.000105479
  0.00135207  -0.00461193 -0.000105479            0
EndNode2[0]<--->HoM1[0]
REAL
    0.343551   0.00135979   0.00110626     0.179616
  0.00135979     0.160082 -0.000571619   0.00166743
  0.00110626 -0.000571619      0.15361   0.00220638
    0.179616   0.00166743   0.00220638     0.342757
IMAGINARY
           0    0.0042608   -0.0064374  -0.00483611
  -0.0042608            0   0.00279576  -0.00244627
   0.0064374  -0.00279576            0 -7.03918e-05
  0.00483611   0.00244627  7.03918e-05            0
Repeater1[0]<--->EndNode1[0]
REAL
    0.341887 -0.000748759   0.00385428     0.186114
-0.000748759     0.163146  -0.00137245  -0.00531069
  0.00385428  -0.00137245     0.151532  -0.00137985
    0.186114  -0.00531069  -0.00137985     0.343435
IMAGINARY
           0   0.00216736  -0.00243933  -0.00135207
 -0.00216736            0   0.00315346  0.000105479
  0.00243933  -0.00315346            0   0.00461193
  0.00135207 -0.000105479  -0.00461193            0
Repeater1[0]<--->HoM1[0]
REAL
    0.343551   0.00110626   0.00135979     0.179616
  0.00110626      0.15361 -0.000571619   0.00220638
  0.00135979 -0.000571619     0.160082   0.00166743
    0.179616   0.00220638   0.00166743     0.342757
IMAGINARY
           0   -0.0064374    0.0042608  -0.00483611
   0.0064374            0  -0.00279576 -7.03918e-05
  -0.0042608   0.00279576            0  -0.00244627
  0.00483611  7.03918e-05   0.00244627            0
EndNode1[0]<--->Repeater1[0]
REAL
   0.345481 -0.00314034 -0.00241241     0.19127
-0.00314034    0.151272 0.000960806  0.00053105
-0.00241241 0.000960806    0.153363 -0.00881185
    0.19127  0.00053105 -0.00881185    0.349884
IMAGINARY
           0 -0.000930584   0.00883757   0.00107262
 0.000930584            0    0.0106304   0.00460268
 -0.00883757   -0.0106304            0  -0.00234477
 -0.00107262  -0.00460268   0.00234477            0
EndNode2[0]<--->HoM1[0]
REAL
    0.349792  -0.00109693  -0.00349388     0.184146
 -0.00109693     0.154015 -0.000766193  -0.00186228
 -0.00349388 -0.000766193     0.164282  -0.00547403
    0.184146  -0.00186228  -0.00547403      0.33191
IMAGINARY
           0   0.00796104   0.00602055   0.00452265
 -0.00796104            0  -0.00463403 -0.000746875
 -0.00602055   0.00463403            0  -0.00279839
 -0.00452265  0.000746875   0.00279839            0
Repeater1[0]<--->EndNode1[0]
REAL
   0.345481 -0.00241241 -0.00314034     0.19127
-0.00241241    0.153363 0.000960806 -0.00881185
-0.00314034 0.000960806    0.151272  0.00053105
    0.19127 -0.00881185  0.00053105    0.349884
IMAGINARY
           0   0.00883757 -0.000930584   0.00107262
 -0.00883757            0   -0.0106304  -0.00234477
 0.000930584    0.0106304            0   0.00460268
 -0.00107262   0.00234477  -0.00460268            0
Repeater1[0]<--->HoM1[0]
REAL
    0.349792  -0.00349388  -0.00109693     0.184146
 -0.00349388     0.164282 -0.000766193  -0.00547403
 -0.00109693 -0.000766193     0.154015  -0.00186228
    0.184146  -0.00547403  -0.00186228      0.33191
IMAGINARY
           0   0.00602055   0.00796104   0.00452265
 -0.00602055            0   0.00463403  -0.00279839
 -0.00796104  -0.00463403            0 -0.000746875
 -0.00452265   0.00279839  0.000746875            0
EndNode1[0]<--->Repeater1[0]
REAL
    0.348777  0.000401451  -0.00467609     0.181536
 0.000401451     0.163792  -0.00187937 -1.15914e-05
 -0.00467609  -0.00187937     0.149814   0.00168824
    0.181536 -1.15914e-05   0.00168824     0.337617
IMAGINARY
           0  0.000729983  2.69983e-05   0.00158605
-0.000729983            0    0.0020817 -0.000313138
-2.69983e-05   -0.0020817            0    0.0043633
 -0.00158605  0.000313138   -0.0043633            0
EndNode2[0]<--->HoM1[0]
REAL
   0.344268 0.000105818  0.00482551    0.189876
0.000105818    0.151142 -0.00123822  0.00178839
 0.00482551 -0.00123822    0.160658  0.00289023
   0.189876  0.00178839  0.00289023    0.343932
IMAGINARY
           0   0.00202297   0.00170961  0.000441326
 -0.00202297            0   0.00665285 -0.000481652
 -0.00170961  -0.00665285            0   0.00355863
-0.000441326  0.000481652  -0.00355863            0
Repeater1[0]<--->EndNode1[0]
REAL
    0.348777  -0.00467609  0.000401451     0.181536
 -0.00467609     0.149814  -0.00187937   0.00168824
 0.000401451  -0.00187937     0.163792 -1.15914e-05
    0.181536   0.00168824 -1.15914e-05     0.337617
IMAGINARY
           0  2.69983e-05  0.000729983   0.00158605
-2.69983e-05            0   -0.0020817    0.0043633
-0.000729983    0.0020817            0 -0.000313138
 -0.00158605   -0.0043633  0.000313138            0
Repeater1[0]<--->HoM1[0]
REAL
   0.344268  0.00482551 0.000105818    0.189876
 0.00482551    0.160658 -0.00123822  0.00289023
0.000105818 -0.00123822    0.151142  0.00178839
   0.189876  0.00289023  0.00178839    0.343932
IMAGINARY
           0   0.00170961   0.00202297  0.000441326
 -0.00170961            0  -0.00665285   0.00355863
 -0.00202297   0.00665285            0 -0.000481652
-0.000441326  -0.00355863  0.000481652            0
EndNode1[0]<--->Repeater1[0]
REAL
   0.338534  0.00290176  -0.0037892    0.187438
 0.00290176    0.154379  0.00232091  0.00418092
 -0.0037892  0.00232091    0.166026 -0.00116701
   0.187438  0.00418092 -0.00116701    0.341061
IMAGINARY
          0 -0.00801539  0.00331537  0.00266551
 0.00801539           0 -0.00272181  0.00102154
-0.00331537  0.00272181           0  0.00151003
-0.00266551 -0.00102154 -0.00151003           0
EndNode2[0]<--->HoM1[0]
REAL
   0.340907 -0.00303703   0.0020428    0.175741
-0.00303703    0.157238  0.00150209 -0.00153103
  0.0020428  0.00150209    0.156788 -0.00236499
   0.175741 -0.00153103 -0.00236499    0.345068
IMAGINARY
           0   -0.0100939    0.0067514  -0.00390112
   0.0100939            0   0.00492176   0.00339417
  -0.0067514  -0.00492176            0 -0.000272195
  0.00390112  -0.00339417  0.000272195            0
Repeater1[0]<--->EndNode1[0]
REAL
   0.338534  -0.0037892  0.00290176    0.187438
 -0.0037892    0.166026  0.00232091 -0.00116701
 0.00290176  0.00232091    0.154379  0.00418092
   0.187438 -0.00116701  0.00418092    0.341061
IMAGINARY
          0  0.00331537 -0.00801539  0.00266551
-0.00331537           0  0.00272181  0.00151003
 0.00801539 -0.00272181           0  0.00102154
-0.00266551 -0.00151003 -0.00102154           0
Repeater1[0]<--->HoM1[0]
REAL
   0.340907   0.0020428 -0.00303703    0.175741
  0.0020428    0.156788  0.00150209 -0.00236499
-0.00303703  0.00150209    0.157238 -0.00153103
   0.175741 -0.00236499 -0.00153103    0.345068
IMAGINARY
           0    0.0067514   -0.0100939  -0.00390112
  -0.0067514            0  -0.00492176 -0.000272195
   0.0100939   0.00492176            0   0.00339417
  0.00390112  0.000272195  -0.00339417            0
EndNode1[0]<--->Repeater1[0]
REAL
   0.352053 -0.00622328 -0.00197859    0.190331
-0.00622328    0.157154  0.00218426  0.00613683
-0.00197859  0.00218426    0.155667  0.00363843
   0.190331  0.00613683  0.00363843    0.335125
IMAGINARY
          0 -0.00971389 -0.00348841  0.00179272
 0.00971389           0 -0.00229692  0.00123919
 0.00348841  0.00229692           0  0.00217902
-0.00179272 -0.00123919 -0.00217902           0
EndNode2[0]<--->HoM1[0]
REAL
    0.344913   0.00411339  -0.00382503     0.184453
  0.00411339     0.151635 -0.000883035   0.00247277
 -0.00382503 -0.000883035     0.163064   0.00354944
    0.184453   0.00247277   0.00354944     0.340387
IMAGINARY
           0   0.00100299  0.000211003   0.00424272
 -0.00100299            0   0.00328368  -0.00134248
-0.000211003  -0.00328368            0  -0.00247391
