EndNode1[0]<--->Repeater1[0]
REAL
    0.33043 -0.00802755 -0.00190229    0.187061
-0.00802755    0.161749  -0.0036088 -0.00628276
-0.00190229  -0.0036088     0.16086  0.00393503
   0.187061 -0.00628276  0.00393503    0.346961
IMAGINARY
          0 -0.00477215 -0.00537695  0.00949989
 0.00477215           0  0.00356382 -0.00301503
 0.00537695 -0.00356382           0   0.0034186
-0.00949989  0.00301503  -0.0034186           0
EndNode2[0]<--->HoM1[0]
REAL
   0.351273 -0.00506986  0.00353293    0.190755
-0.00506986    0.161091 -0.00381358   0.0038016
 0.00353293 -0.00381358    0.156364   0.0120466
   0.190755   0.0038016   0.0120466    0.331273
IMAGINARY
           0 -0.000441696  -0.00534255   0.00137945
 0.000441696            0   0.00357806  -0.00507597
  0.00534255  -0.00357806            0   0.00248978
 -0.00137945   0.00507597  -0.00248978            0
Repeater1[0]<--->EndNode1[0]
REAL
    0.33043 -0.00190229 -0.00802755    0.187061
-0.00190229     0.16086  -0.0036088  0.00393503
-0.00802755  -0.0036088    0.161749 -0.00628276
   0.187061  0.00393503 -0.00628276    0.346961
IMAGINARY
          0 -0.00537695 -0.00477215  0.00949989
 0.00537695           0 -0.00356382   0.0034186
 0.00477215  0.00356382           0 -0.00301503
-0.00949989  -0.0034186  0.00301503           0
Repeater1[0]<--->HoM1[0]
REAL
   0.351273  0.00353293 -0.00506986    0.190755
 0.00353293    0.156364 -0.00381358   0.0120466
-0.00506986 -0.00381358    0.161091   0.0038016
   0.190755   0.0120466   0.0038016    0.331273
IMAGINARY
           0  -0.00534255 -0.000441696   0.00137945
  0.00534255            0  -0.00357806   0.00248978
 0.000441696   0.00357806            0  -0.00507597
 -0.00137945  -0.00248978   0.00507597            0
EndNode1[0]<--->Repeater1[0]
REAL
   0.343623 -0.00491427 7.09454e-05    0.178251
-0.00491427    0.158965 -0.00221248 -0.00210454
7.09454e-05 -0.00221248    0.156747    0.002527
   0.178251 -0.00210454    0.002527    0.340665
IMAGINARY
           0  -0.00259759   0.00378935   0.00236694
  0.00259759            0   0.00173665 -0.000488725
 -0.00378935  -0.00173665            0   0.00589821
 -0.00236694  0.000488725  -0.00589821            0
EndNode2[0]<--->HoM1[0]
REAL
   0.342795  -0.0128649  -0.0109869    0.182674
 -0.0128649    0.153137 -0.00286894 0.000410155
 -0.0109869 -0.00286894    0.158199 -0.00295501
   0.182674 0.000410155 -0.00295501    0.345869
IMAGINARY
          0   0.0033307 -0.00325469  0.00502945
 -0.0033307           0   0.0103167 -0.00129739
 0.00325469  -0.0103167           0 -0.00296653
-0.00502945  0.00129739  0.00296653           0
Repeater1[0]<--->EndNode1[0]
REAL
   0.343623 7.09454e-05 -0.00491427    0.178251
7.09454e-05    0.156747 -0.00221248    0.002527
-0.00491427 -0.00221248    0.158965 -0.00210454
   0.178251    0.002527 -0.00210454    0.340665
IMAGINARY
           0   0.00378935  -0.00259759   0.00236694
 -0.00378935            0  -0.00173665   0.00589821
  0.00259759   0.00173665            0 -0.000488725
 -0.00236694  -0.00589821  0.000488725            0
Repeater1[0]<--->HoM1[0]
REAL
   0.342795  -0.0109869  -0.0128649    0.182674
 -0.0109869    0.158199 -0.00286894 -0.00295501
 -0.0128649 -0.00286894    0.153137 0.000410155
   0.182674 -0.00295501 0.000410155    0.345869
IMAGINARY
          0 -0.00325469   0.0033307  0.00502945
 0.00325469           0  -0.0103167 -0.00296653
 -0.0033307   0.0103167           0 -0.00129739
-0.00502945  0.00296653  0.00129739           0
EndNode1[0]<--->Repeater1[0]
REAL
     0.34408 -0.000920678  -0.00178373     0.179802
-0.000920678     0.159927 -0.000347235   0.00432918
 -0.00178373 -0.000347235     0.156284  -0.00217023
    0.179802   0.00432918  -0.00217023     0.339709
IMAGINARY
          0  0.00139137  0.00462479 -0.00218135
-0.00139137           0 -0.00675206  -0.0024073
-0.00462479  0.00675206           0  0.00472891
 0.00218135   0.0024073 -0.00472891           0
EndNode2[0]<--->HoM1[0]
REAL
   0.347928 -0.00359023 -0.00489391    0.188973
-0.00359023    0.156469  0.00080642 -0.00525518
-0.00489391  0.00080642    0.162928 0.000805966
   0.188973 -0.00525518 0.000805966    0.332675
IMAGINARY
          0   -0.001052  0.00185009  0.00322922
   0.001052           0 -0.00180675 -0.00031441
-0.00185009  0.00180675           0  0.00204567
-0.00322922  0.00031441 -0.00204567           0
Repeater1[0]<--->EndNode1[0]
REAL
     0.34408  -0.00178373 -0.000920678     0.179802
 -0.00178373     0.156284 -0.000347235  -0.00217023
-0.000920678 -0.000347235     0.159927   0.00432918
    0.179802  -0.00217023   0.00432918     0.339709
IMAGINARY
          0  0.00462479  0.00139137 -0.00218135
-0.00462479           0  0.00675206  0.00472891
-0.00139137 -0.00675206           0  -0.0024073
 0.00218135 -0.00472891   0.0024073           0
Repeater1[0]<--->HoM1[0]
REAL
   0.347928 -0.00489391 -0.00359023    0.188973
-0.00489391    0.162928  0.00080642 0.000805966
-0.00359023  0.00080642    0.156469 -0.00525518
   0.188973 0.000805966 -0.00525518    0.332675
IMAGINARY
          0  0.00185009   -0.001052  0.00322922
-0.00185009           0  0.00180675  0.00204567
   0.001052 -0.00180675           0 -0.00031441
-0.00322922 -0.00204567  0.00031441           0
EndNode1[0]<--->Repeater1[0]
REAL
    0.34722 -0.00186033  0.00160323    0.182423
-0.00186033    0.161273   0.0103366 -0.00785093
 0.00160323   0.0103366    0.159127  -0.0121051
   0.182423 -0.00785093  -0.0121051     0.33238
IMAGINARY
           0 -0.000799918   0.00147755  -0.00517636
 0.000799918            0  -0.00124076 -0.000664542
 -0.00147755   0.00124076            0  -0.00597515
  0.00517636  0.000664542   0.00597515            0
EndNode2[0]<--->HoM1[0]
REAL
   0.342954 -0.00360925  0.00525232    0.178498
-0.00360925    0.160164 -0.00572156 -0.00561529
 0.00525232 -0.00572156    0.155532  0.00233884
   0.178498 -0.00561529  0.00233884     0.34135
IMAGINARY
           0   0.00531949 -0.000549183   0.00446829
 -0.00531949            0   0.00238835  -0.00647804
 0.000549183  -0.00238835            0  -0.00416311
 -0.00446829   0.00647804   0.00416311            0
Repeater1[0]<--->EndNode1[0]
REAL
    0.34722  0.00160323 -0.00186033    0.182423
 0.00160323    0.159127   0.0103366  -0.0121051
-0.00186033   0.0103366    0.161273 -0.00785093
   0.182423  -0.0121051 -0.00785093     0.33238
IMAGINARY
           0   0.00147755 -0.000799918  -0.00517636
 -0.00147755            0   0.00124076  -0.00597515
 0.000799918  -0.00124076            0 -0.000664542
  0.00517636   0.00597515  0.000664542            0
Repeater1[0]<--->HoM1[0]
REAL
   0.342954  0.00525232 -0.00360925    0.178498
 0.00525232    0.155532 -0.00572156  0.00233884
-0.00360925 -0.00572156    0.160164 -0.00561529
   0.178498  0.00233884 -0.00561529     0.34135
IMAGINARY
           0 -0.000549183   0.00531949   0.00446829
 0.000549183            0  -0.00238835  -0.00416311
 -0.00531949   0.00238835            0  -0.00647804
 -0.00446829   0.00416311   0.00647804            0
EndNode1[0]<--->Repeater1[0]
REAL
  0.340545 0.00697076 0.00286368   0.176125
0.00697076   0.165347 0.00339465 0.00186531
0.00286368 0.00339465   0.158135 0.00139591
  0.176125 0.00186531 0.00139591   0.335972
IMAGINARY
           0  -0.00347976  -0.00312588    0.0012108
  0.00347976            0 -0.000583892  -0.00106531
  0.00312588  0.000583892            0   0.00998948
  -0.0012108   0.00106531  -0.00998948            0
EndNode2[0]<--->HoM1[0]
REAL
   0.348514   0.0102481 -0.00238767    0.186799
  0.0102481    0.153353 -0.00510237 -0.00910761
-0.00238767 -0.00510237    0.156734 -0.00142613
   0.186799 -0.00910761 -0.00142613    0.341398
IMAGINARY
           0  -0.00104043   0.00669633  0.000888439
  0.00104043            0   0.00536496   0.00105015
 -0.00669633  -0.00536496            0   0.00843479
-0.000888439  -0.00105015  -0.00843479            0
Repeater1[0]<--->EndNode1[0]
REAL
  0.340545 0.00286368 0.00697076   0.176125
0.00286368   0.158135 0.00339465 0.00139591
0.00697076 0.00339465   0.165347 0.00186531
  0.176125 0.00139591 0.00186531   0.335972
IMAGINARY
           0  -0.00312588  -0.00347976    0.0012108
  0.00312588            0  0.000583892   0.00998948
  0.00347976 -0.000583892            0  -0.00106531
  -0.0012108  -0.00998948   0.00106531            0
Repeater1[0]<--->HoM1[0]
REAL
   0.348514 -0.00238767   0.0102481    0.186799
-0.00238767    0.156734 -0.00510237 -0.00142613
  0.0102481 -0.00510237    0.153353 -0.00910761
   0.186799 -0.00142613 -0.00910761    0.341398
IMAGINARY
           0   0.00669633  -0.00104043  0.000888439
 -0.00669633            0  -0.00536496   0.00843479
  0.00104043   0.00536496            0   0.00105015
-0.000888439  -0.00843479  -0.00105015            0
EndNode1[0]<--->Repeater1[0]
REAL
    0.338943 -0.000148586  -0.00322868     0.184359
-0.000148586     0.158161  -0.00377262  -0.00647828
 -0.00322868  -0.00377262     0.161419   0.00509364
    0.184359  -0.00647828   0.00509364     0.341477
IMAGINARY
           0  -0.00293456   0.00508447  -0.00363549
  0.00293456            0   0.00641476  0.000146415
 -0.00508447  -0.00641476            0 -0.000672939
  0.00363549 -0.000146415  0.000672939            0
EndNode2[0]<--->HoM1[0]
REAL
   0.334881 -0.00440397  0.00146833    0.183824
-0.00440397    0.170388  0.00312309 0.000830925
 0.00146833  0.00312309    0.155206  0.00175099
   0.183824 0.000830925  0.00175099    0.339525
IMAGINARY
           0   0.00440552 -0.000878174  0.000210206
 -0.00440552            0  -0.00264483   -0.0124937
 0.000878174   0.00264483            0   0.00950847
-0.000210206    0.0124937  -0.00950847            0
Repeater1[0]<--->EndNode1[0]
REAL
    0.338943  -0.00322868 -0.000148586     0.184359
 -0.00322868     0.161419  -0.00377262   0.00509364
-0.000148586  -0.00377262     0.158161  -0.00647828
    0.184359   0.00509364  -0.00647828     0.341477
IMAGINARY
           0   0.00508447  -0.00293456  -0.00363549
 -0.00508447            0  -0.00641476 -0.000672939
  0.00293456   0.00641476            0  0.000146415
  0.00363549  0.000672939 -0.000146415            0
Repeater1[0]<--->HoM1[0]
REAL
   0.334881  0.00146833 -0.00440397    0.183824
 0.00146833    0.155206  0.00312309  0.00175099
-0.00440397  0.00312309    0.170388 0.000830925
   0.183824  0.00175099 0.000830925    0.339525
IMAGINARY
           0 -0.000878174   0.00440552  0.000210206
 0.000878174            0   0.00264483   0.00950847
 -0.00440552  -0.00264483            0   -0.0124937
-0.000210206  -0.00950847    0.0124937            0
EndNode1[0]<--->Repeater1[0]
REAL
    0.345639 -0.000231116  -0.00340457     0.190241
-0.000231116     0.158704  -0.00846399  -0.00331466
 -0.00340457  -0.00846399     0.155809   0.00139578
    0.190241  -0.00331466   0.00139578     0.339848
IMAGINARY
          0  0.00332553  0.00637419 -0.00676457
-0.00332553           0 -0.00622128 -0.00433482
-0.00637419  0.00622128           0  0.00864468
 0.00676457  0.00433482 -0.00864468           0
EndNode2[0]<--->HoM1[0]
REAL
   0.345007 -0.00187579  0.00111403    0.182682
-0.00187579    0.156789  0.00274068  -0.0045429
 0.00111403  0.00274068    0.153556 -0.00770747
   0.182682  -0.0045429 -0.00770747    0.344648
IMAGINARY
          0  0.00636408 -0.00209518  0.00714122
-0.00636408           0   0.0060574  0.00538345
 0.00209518  -0.0060574           0 -0.00197972
-0.00714122 -0.00538345  0.00197972           0
Repeater1[0]<--->EndNode1[0]
REAL
    0.345639  -0.00340457 -0.000231116     0.190241
 -0.00340457     0.155809  -0.00846399   0.00139578
-0.000231116  -0.00846399     0.158704  -0.00331466
    0.190241   0.00139578  -0.00331466     0.339848
IMAGINARY
          0  0.00637419  0.00332553 -0.00676457
-0.00637419           0  0.00622128  0.00864468
-0.00332553 -0.00622128           0 -0.00433482
 0.00676457 -0.00864468  0.00433482           0
Repeater1[0]<--->HoM1[0]
REAL
   0.345007  0.00111403 -0.00187579    0.182682
 0.00111403    0.153556  0.00274068 -0.00770747
-0.00187579  0.00274068    0.156789  -0.0045429
   0.182682 -0.00770747  -0.0045429    0.344648
IMAGINARY
          0 -0.00209518  0.00636408  0.00714122
 0.00209518           0  -0.0060574 -0.00197972
-0.00636408   0.0060574           0  0.00538345
-0.00714122  0.00197972 -0.00538345           0
EndNode1[0]<--->Repeater1[0]
REAL
   0.342716 -0.00727919  0.00259661    0.185224
-0.00727919    0.148053  0.00511618 8.67515e-05
 0.00259661  0.00511618    0.157375 -0.00166535
   0.185224 8.67515e-05 -0.00166535    0.351855
IMAGINARY
          0   -0.008033 -0.00187743 -0.00069502
   0.008033           0  0.00730925 -0.00260286
 0.00187743 -0.00730925           0  0.00122296
 0.00069502  0.00260286 -0.00122296           0
EndNode2[0]<--->HoM1[0]
REAL
   0.341437  0.00663853  0.00410868    0.191986
 0.00663853    0.153611 -0.00392508   0.0024853
 0.00410868 -0.00392508    0.160454  0.00312057
   0.191986   0.0024853  0.00312057    0.344498
IMAGINARY
          0   0.0108981  0.00251158 -0.00117975
 -0.0108981           0 -0.00216383  0.00334322
-0.00251158  0.00216383           0   -0.015672
 0.00117975 -0.00334322    0.015672           0
Repeater1[0]<--->EndNode1[0]
REAL
   0.342716  0.00259661 -0.00727919    0.185224
 0.00259661    0.157375  0.00511618 -0.00166535
-0.00727919  0.00511618    0.148053 8.67515e-05
   0.185224 -0.00166535 8.67515e-05    0.351855
IMAGINARY
          0 -0.00187743   -0.008033 -0.00069502
 0.00187743           0 -0.00730925  0.00122296
   0.008033  0.00730925           0 -0.00260286
 0.00069502 -0.00122296  0.00260286           0
Repeater1[0]<--->HoM1[0]
REAL
   0.341437  0.00410868  0.00663853    0.191986
 0.00410868    0.160454 -0.00392508  0.00312057
 0.00663853 -0.00392508    0.153611   0.0024853
   0.191986  0.00312057   0.0024853    0.344498
IMAGINARY
          0  0.00251158   0.0108981 -0.00117975
-0.00251158           0  0.00216383   -0.015672
 -0.0108981 -0.00216383           0  0.00334322
 0.00117975    0.015672 -0.00334322           0
EndNode1[0]<--->Repeater1[0]
REAL
   0.339086 -0.00472111  0.00239571    0.176493
-0.00472111     0.15531 -0.00331754  0.00248624
 0.00239571 -0.00331754    0.161181    0.012621
   0.176493  0.00248624    0.012621    0.344423
IMAGINARY
          0   0.0034549  0.00133529 -0.00395334
 -0.0034549           0  0.00700212 -0.00142615
-0.00133529 -0.00700212           0  0.00208753
 0.00395334  0.00142615 -0.00208753           0
EndNode2[0]<--->HoM1[0]
REAL
   0.341481 -0.00562051   -0.010115    0.182875
-0.00562051    0.170205 -0.00399916   0.0016834
  -0.010115 -0.00399916    0.143443 -0.00553089
   0.182875   0.0016834 -0.00553089    0.344871
IMAGINARY
           0   0.00562751    0.0072068  -0.00271399
 -0.00562751            0  -0.00145046 -0.000947861
  -0.0072068   0.00145046            0   0.00188322
  0.00271399  0.000947861  -0.00188322            0
Repeater1[0]<--->EndNode1[0]
REAL
   0.339086  0.00239571 -0.00472111    0.176493
 0.00239571    0.161181 -0.00331754    0.012621
-0.00472111 -0.00331754     0.15531  0.00248624
   0.176493    0.012621  0.00248624    0.344423
IMAGINARY
          0  0.00133529   0.0034549 -0.00395334
-0.00133529           0 -0.00700212  0.00208753
 -0.0034549  0.00700212           0 -0.00142615
 0.00395334 -0.00208753  0.00142615           0
Repeater1[0]<--->HoM1[0]
REAL
   0.341481   -0.010115 -0.00562051    0.182875
  -0.010115    0.143443 -0.00399916 -0.00553089
-0.00562051 -0.00399916    0.170205   0.0016834
   0.182875 -0.00553089   0.0016834    0.344871
IMAGINARY
           0    0.0072068   0.00562751  -0.00271399
  -0.0072068            0   0.00145046   0.00188322
 -0.00562751  -0.00145046            0 -0.000947861
  0.00271399  -0.00188322  0.000947861            0
EndNode1[0]<--->Repeater1[0]
REAL
   0.350621 -0.00151371 0.000981747    0.181797
-0.00151371    0.156132  0.00296221  0.00387088
0.000981747  0.00296221    0.164416  0.00780415
   0.181797  0.00387088  0.00780415    0.328831
IMAGINARY
           0   -0.0070541   0.00730715  -0.00405322
   0.0070541            0    0.0017661  0.000874828
 -0.00730715   -0.0017661            0  -0.00760154
  0.00405322 -0.000874828   0.00760154            0
EndNode2[0]<--->HoM1[0]
REAL
   0.347039  0.00141018  0.00211728    0.184124
 0.00141018    0.161367 -0.00401702 -0.00202807
 0.00211728 -0.00401702    0.155702 -0.00364033
   0.184124 -0.00202807 -0.00364033    0.335892
IMAGINARY
           0  -0.00466333  0.000775636 -0.000958367
  0.00466333            0  -0.00476409  -0.00158543
-0.000775636   0.00476409            0  -0.00190496
 0.000958367   0.00158543   0.00190496            0
Repeater1[0]<--->EndNode1[0]
REAL
   0.350621 0.000981747 -0.00151371    0.181797
0.000981747    0.164416  0.00296221  0.00780415
-0.00151371  0.00296221    0.156132  0.00387088
   0.181797  0.00780415  0.00387088    0.328831
IMAGINARY
           0   0.00730715   -0.0070541  -0.00405322
 -0.00730715            0   -0.0017661  -0.00760154
   0.0070541    0.0017661            0  0.000874828
  0.00405322   0.00760154 -0.000874828            0
Repeater1[0]<--->HoM1[0]
REAL
   0.347039  0.00211728  0.00141018    0.184124
 0.00211728    0.155702 -0.00401702 -0.00364033
 0.00141018 -0.00401702    0.161367 -0.00202807
   0.184124 -0.00364033 -0.00202807    0.335892
IMAGINARY
           0  0.000775636  -0.00466333 -0.000958367
-0.000775636            0   0.00476409  -0.00190496
  0.00466333  -0.00476409            0  -0.00158543
 0.000958367   0.00190496   0.00158543            0
EndNode1[0]<--->Repeater1[0]
REAL
   0.341924  0.00450471 0.000946973    0.185994
 0.00450471     0.15971 -0.00419206 -0.00713072
0.000946973 -0.00419206    0.153539    0.001149
   0.185994 -0.00713072    0.001149    0.344828
IMAGINARY
          0  0.00532656 -0.00846742   0.0038538
-0.00532656           0  0.00566737 -0.00263573
 0.00846742 -0.00566737           0  0.00792559
 -0.0038538  0.00263573 -0.00792559           0
EndNode2[0]<--->HoM1[0]
REAL
  0.344703 0.00407323 0.00295709   0.180558
0.00407323   0.153582 0.00505892 0.00170575
0.00295709 0.00505892   0.165133 0.00327972
  0.180558 0.00170575 0.00327972   0.336582
IMAGINARY
          0 -0.00399202  0.00162623  0.00269991
 0.00399202           0  -0.0114562  0.00726669
-0.00162623   0.0114562           0 -0.00598984
-0.00269991 -0.00726669  0.00598984           0
Repeater1[0]<--->EndNode1[0]
REAL
   0.341924 0.000946973  0.00450471    0.185994
0.000946973    0.153539 -0.00419206    0.001149
 0.00450471 -0.00419206     0.15971 -0.00713072
   0.185994    0.001149 -0.00713072    0.344828
IMAGINARY
          0 -0.00846742  0.00532656   0.0038538
 0.00846742           0 -0.00566737  0.00792559
-0.00532656  0.00566737           0 -0.00263573
 -0.0038538 -0.00792559  0.00263573           0
Repeater1[0]<--->HoM1[0]
REAL
  0.344703 0.00295709 0.00407323   0.180558
0.00295709   0.165133 0.00505892 0.00327972
0.00407323 0.00505892   0.153582 0.00170575
  0.180558 0.00327972 0.00170575   0.336582
IMAGINARY
          0  0.00162623 -0.00399202  0.00269991
-0.00162623           0   0.0114562 -0.00598984
 0.00399202  -0.0114562           0  0.00726669
-0.00269991  0.00598984 -0.00726669           0
EndNode1[0]<--->Repeater1[0]
REAL
    0.349292  0.000581499 -0.000712378     0.183042
 0.000581499     0.156356   0.00133811  -0.00563938
-0.000712378   0.00133811     0.158508  0.000581499
    0.183042  -0.00563938  0.000581499     0.335844
IMAGINARY
           0 -0.000669284   -0.0060694   -0.0108129
 0.000669284            0   0.00330432  0.000857322
   0.0060694  -0.00330432            0  0.000669284
   0.0108129 -0.000857322 -0.000669284            0
EndNode2[0]<--->HoM1[0]
REAL
   0.339564 -0.00341216  0.00516373    0.182915
-0.00341216    0.163158   0.0058688 0.000198933
 0.00516373   0.0058688    0.155898 -0.00431371
   0.182915 0.000198933 -0.00431371    0.341379
IMAGINARY
           0 -0.000194132    0.0014221   -0.0015614
 0.000194132            0  -0.00129167   0.00160281
  -0.0014221   0.00129167            0  -0.00834679
   0.0015614  -0.00160281   0.00834679            0
Repeater1[0]<--->EndNode1[0]
REAL
    0.349292 -0.000712378  0.000581499     0.183042
-0.000712378     0.158508   0.00133811  0.000581499
 0.000581499   0.00133811     0.156356  -0.00563938
    0.183042  0.000581499  -0.00563938     0.335844
IMAGINARY
           0   -0.0060694 -0.000669284   -0.0108129
   0.0060694            0  -0.00330432  0.000669284
 0.000669284   0.00330432            0  0.000857322
   0.0108129 -0.000669284 -0.000857322            0
Repeater1[0]<--->HoM1[0]
REAL
   0.339564  0.00516373 -0.00341216    0.182915
 0.00516373    0.155898   0.0058688 -0.00431371
-0.00341216   0.0058688    0.163158 0.000198933
   0.182915 -0.00431371 0.000198933    0.341379
IMAGINARY
           0    0.0014221 -0.000194132   -0.0015614
  -0.0014221            0   0.00129167  -0.00834679
 0.000194132  -0.00129167            0   0.00160281
   0.0015614   0.00834679  -0.00160281            0
EndNode1[0]<--->Repeater1[0]
REAL
   0.336221 -0.00409441  0.00344227    0.180964
-0.00409441    0.155383 0.000281331 -0.00200238
 0.00344227 0.000281331    0.176949 -0.00508486
   0.180964 -0.00200238 -0.00508486    0.331448
IMAGINARY
           0  0.000184271   0.00668575   0.00214826
-0.000184271            0    0.0015236   -0.0035411
 -0.00668575   -0.0015236            0   0.00188222
 -0.00214826    0.0035411  -0.00188222            0
EndNode2[0]<--->HoM1[0]
REAL
    0.339145  -0.00783495   0.00245446     0.188093
 -0.00783495     0.150303 -0.000660453   0.00023854
  0.00245446 -0.000660453     0.161681 -0.000782641
    0.188093   0.00023854 -0.000782641     0.348871
IMAGINARY
           0  0.000196231  -0.00628336  -0.00291166
-0.000196231            0   0.00840221   0.00234353
  0.00628336  -0.00840221            0  -0.00664322
  0.00291166  -0.00234353   0.00664322            0
Repeater1[0]<--->EndNode1[0]
REAL
   0.336221  0.00344227 -0.00409441    0.180964
 0.00344227    0.176949 0.000281331 -0.00508486
-0.00409441 0.000281331    0.155383 -0.00200238
   0.180964 -0.00508486 -0.00200238    0.331448
IMAGINARY
           0   0.00668575  0.000184271   0.00214826
 -0.00668575            0   -0.0015236   0.00188222
-0.000184271    0.0015236            0   -0.0035411
 -0.00214826  -0.00188222    0.0035411            0
Repeater1[0]<--->HoM1[0]
REAL
    0.339145   0.00245446  -0.00783495     0.188093
  0.00245446     0.161681 -0.000660453 -0.000782641
 -0.00783495 -0.000660453     0.150303   0.00023854
    0.188093 -0.000782641   0.00023854     0.348871
IMAGINARY
           0  -0.00628336  0.000196231  -0.00291166
  0.00628336            0  -0.00840221  -0.00664322
-0.000196231   0.00840221            0   0.00234353
  0.00291166   0.00664322  -0.00234353            0
EndNode1[0]<--->Repeater1[0]
REAL
    0.342647   0.00318768   0.00279136     0.178724
  0.00318768      0.15798 -0.000828451  0.000668218
  0.00279136 -0.000828451     0.163711    0.0088298
    0.178724  0.000668218    0.0088298     0.335662
IMAGINARY
          0  0.00172104 -0.00329112   0.0103552
-0.00172104           0  0.00056184 -0.00104414
 0.00329112 -0.00056184           0 -0.00750138
 -0.0103552  0.00104414  0.00750138           0
EndNode2[0]<--->HoM1[0]
REAL
    0.345149  -0.00613401   -0.0109092     0.187243
 -0.00613401     0.156404   0.00161732  -0.00451168
  -0.0109092   0.00161732     0.154577 -0.000397191
    0.187243  -0.00451168 -0.000397191      0.34387
IMAGINARY
           0   0.00576907 -0.000201687   0.00562658
 -0.00576907            0  -0.00835882   0.00374521
 0.000201687   0.00835882            0  0.000863675
 -0.00562658  -0.00374521 -0.000863675            0
Repeater1[0]<--->EndNode1[0]
REAL
    0.342647   0.00279136   0.00318768     0.178724
  0.00279136     0.163711 -0.000828451    0.0088298
  0.00318768 -0.000828451      0.15798  0.000668218
    0.178724    0.0088298  0.000668218     0.335662
IMAGINARY
          0 -0.00329112  0.00172104   0.0103552
 0.00329112           0 -0.00056184 -0.00750138
-0.00172104  0.00056184           0 -0.00104414
 -0.0103552  0.00750138  0.00104414           0
Repeater1[0]<--->HoM1[0]
REAL
    0.345149   -0.0109092  -0.00613401     0.187243
  -0.0109092     0.154577   0.00161732 -0.000397191
 -0.00613401   0.00161732     0.156404  -0.00451168
    0.187243 -0.000397191  -0.00451168      0.34387
IMAGINARY
           0 -0.000201687   0.00576907   0.00562658
 0.000201687            0   0.00835882  0.000863675
 -0.00576907  -0.00835882            0   0.00374521
 -0.00562658 -0.000863675  -0.00374521            0
EndNode1[0]<--->Repeater1[0]
REAL
    0.338543  0.000848929   0.00724527     0.182577
 0.000848929     0.162248   0.00132855 -0.000916161
  0.00724527   0.00132855     0.162599  -0.00102976
    0.182577 -0.000916161  -0.00102976     0.336611
IMAGINARY
          0  -0.0033922  0.00304312  0.00225633
  0.0033922           0  0.00180154 -0.00204476
-0.00304312 -0.00180154           0  0.00203079
-0.00225633  0.00204476 -0.00203079           0
EndNode2[0]<--->HoM1[0]
REAL
   0.351928  0.00883191 -0.00141858    0.185382
 0.00883191    0.156156 0.000149457  0.00160173
-0.00141858 0.000149457    0.152425   0.0014245
   0.185382  0.00160173   0.0014245    0.339492
IMAGINARY
           0  -0.00241668 -0.000115486   0.00962573
  0.00241668            0   0.00394494  -0.00315012
 0.000115486  -0.00394494            0 -0.000304653
 -0.00962573   0.00315012  0.000304653            0
Repeater1[0]<--->EndNode1[0]
REAL
    0.338543   0.00724527  0.000848929     0.182577
  0.00724527     0.162599   0.00132855  -0.00102976
 0.000848929   0.00132855     0.162248 -0.000916161
    0.182577  -0.00102976 -0.000916161     0.336611
IMAGINARY
          0  0.00304312  -0.0033922  0.00225633
-0.00304312           0 -0.00180154  0.00203079
  0.0033922  0.00180154           0 -0.00204476
-0.00225633 -0.00203079  0.00204476           0
Repeater1[0]<--->HoM1[0]
REAL
   0.351928 -0.00141858  0.00883191    0.185382
-0.00141858    0.152425 0.000149457   0.0014245
 0.00883191 0.000149457    0.156156  0.00160173
   0.185382   0.0014245  0.00160173    0.339492
IMAGINARY
           0 -0.000115486  -0.00241668   0.00962573
 0.000115486            0  -0.00394494 -0.000304653
  0.00241668   0.00394494            0  -0.00315012
 -0.00962573  0.000304653   0.00315012            0
EndNode1[0]<--->Repeater1[0]
REAL
   0.340051 -0.00408138  0.00206588    0.190029
-0.00408138    0.158678 -0.00431472  0.00530446
 0.00206588 -0.00431472    0.161946  0.00326245
   0.190029  0.00530446  0.00326245    0.339325
IMAGINARY
           0  0.000267247 -0.000116289  0.000628624
-0.000267247            0 -0.000718117   0.00156662
 0.000116289  0.000718117            0  -0.00969437
-0.000628624  -0.00156662   0.00969437            0
EndNode2[0]<--->HoM1[0]
REAL
   0.339095 -0.00603239 -0.00498422    0.186774
-0.00603239    0.162865  0.00665236  0.00534342
-0.00498422  0.00665236     0.15057  0.00262004
   0.186774  0.00534342  0.00262004     0.34747
IMAGINARY
          0  0.00812526 -0.00141828  0.00457893
-0.00812526           0 -0.00172705   0.0019565
 0.00141828  0.00172705           0  0.00335662
-0.00457893  -0.0019565 -0.00335662           0
Repeater1[0]<--->EndNode1[0]
REAL
   0.340051  0.00206588 -0.00408138    0.190029
 0.00206588    0.161946 -0.00431472  0.00326245
-0.00408138 -0.00431472    0.158678  0.00530446
   0.190029  0.00326245  0.00530446    0.339325
IMAGINARY
           0 -0.000116289  0.000267247  0.000628624
 0.000116289            0  0.000718117  -0.00969437
-0.000267247 -0.000718117            0   0.00156662
-0.000628624   0.00969437  -0.00156662            0
Repeater1[0]<--->HoM1[0]
REAL
   0.339095 -0.00498422 -0.00603239    0.186774
-0.00498422     0.15057  0.00665236  0.00262004
-0.00603239  0.00665236    0.162865  0.00534342
   0.186774  0.00262004  0.00534342     0.34747
IMAGINARY
          0 -0.00141828  0.00812526  0.00457893
 0.00141828           0  0.00172705  0.00335662
-0.00812526 -0.00172705           0   0.0019565
-0.00457893 -0.00335662  -0.0019565           0
EndNode1[0]<--->Repeater1[0]
REAL
    0.33988 -0.00427888 -0.00653624    0.184929
-0.00427888    0.156938 -0.00192281 -0.00708031
-0.00653624 -0.00192281    0.160757 -0.00606971
   0.184929 -0.00708031 -0.00606971    0.342426
IMAGINARY
          0 -0.00495371  0.00278844  -0.0026991
 0.00495371           0  0.00278947  0.00130321
-0.00278844 -0.00278947           0  0.00122576
  0.0026991 -0.00130321 -0.00122576           0
EndNode2[0]<--->HoM1[0]
REAL
   0.341851  0.00629128  0.00172069    0.188403
 0.00629128    0.161901  0.00339177 -0.00145018
 0.00172069  0.00339177    0.167262  0.00389808
   0.188403 -0.00145018  0.00389808    0.328985
IMAGINARY
           0    0.0100867  0.000318828  -0.00383161
  -0.0100867            0  0.000988096    -0.001405
-0.000318828 -0.000988096            0  -0.00212146
  0.00383161     0.001405   0.00212146            0
Repeater1[0]<--->EndNode1[0]
REAL
    0.33988 -0.00653624 -0.00427888    0.184929
-0.00653624    0.160757 -0.00192281 -0.00606971
-0.00427888 -0.00192281    0.156938 -0.00708031
   0.184929 -0.00606971 -0.00708031    0.342426
IMAGINARY
          0  0.00278844 -0.00495371  -0.0026991
-0.00278844           0 -0.00278947  0.00122576
 0.00495371  0.00278947           0  0.00130321
  0.0026991 -0.00122576 -0.00130321           0
Repeater1[0]<--->HoM1[0]
REAL
   0.341851  0.00172069  0.00629128    0.188403
 0.00172069    0.167262  0.00339177  0.00389808
 0.00629128  0.00339177    0.161901 -0.00145018
   0.188403  0.00389808 -0.00145018    0.328985
IMAGINARY
           0  0.000318828    0.0100867  -0.00383161
-0.000318828            0 -0.000988096  -0.00212146
  -0.0100867  0.000988096            0    -0.001405
  0.00383161   0.00212146     0.001405            0
EndNode1[0]<--->Repeater1[0]
REAL
   0.342262 -0.00289493  0.00399234    0.180895
-0.00289493    0.150769  -0.0032591   0.0023713
 0.00399234  -0.0032591    0.159638 0.000349479
   0.180895   0.0023713 0.000349479     0.34733
IMAGINARY
          0  0.00480251  0.00113968 -0.00323399
-0.00480251           0  0.00150577 -0.00521625
-0.00113968 -0.00150577           0  0.00671822
 0.00323399  0.00521625 -0.00671822           0
EndNode2[0]<--->HoM1[0]
REAL
    0.344748  -0.00157335 -0.000930709      0.18506
 -0.00157335      0.16087  -0.00124668    0.0021897
-0.000930709  -0.00124668     0.154985  -0.00148421
     0.18506    0.0021897  -0.00148421     0.339397
IMAGINARY
           0  -0.00324047  -0.00234136  0.000345228
  0.00324047            0   0.00442353  -0.00252351
  0.00234136  -0.00442353            0   -0.0118947
-0.000345228   0.00252351    0.0118947            0
Repeater1[0]<--->EndNode1[0]
REAL
   0.342262  0.00399234 -0.00289493    0.180895
 0.00399234    0.159638  -0.0032591 0.000349479
-0.00289493  -0.0032591    0.150769   0.0023713
   0.180895 0.000349479   0.0023713     0.34733
IMAGINARY
          0  0.00113968  0.00480251 -0.00323399
-0.00113968           0 -0.00150577  0.00671822
-0.00480251  0.00150577           0 -0.00521625
 0.00323399 -0.00671822  0.00521625           0
Repeater1[0]<--->HoM1[0]
REAL
    0.344748 -0.000930709  -0.00157335      0.18506
-0.000930709     0.154985  -0.00124668  -0.00148421
 -0.00157335  -0.00124668      0.16087    0.0021897
     0.18506  -0.00148421    0.0021897     0.339397
IMAGINARY
           0  -0.00234136  -0.00324047  0.000345228
  0.00234136            0  -0.00442353   -0.0118947
  0.00324047   0.00442353            0  -0.00252351
-0.000345228    0.0118947   0.00252351            0
EndNode1[0]<--->Repeater1[0]
REAL
     0.3536 0.000495094 -0.00296806    0.184701
0.000495094    0.150222  0.00252218  0.00181619
-0.00296806  0.00252218    0.157511 -0.00465955
   0.184701  0.00181619 -0.00465955    0.338667
IMAGINARY
           0 -0.000902803   0.00501213    0.0102193
 0.000902803            0  -0.00608405  0.000716758
 -0.00501213   0.00608405            0   0.00416386
  -0.0102193 -0.000716758  -0.00416386            0
EndNode2[0]<--->HoM1[0]
REAL
    0.343664  0.000723893 -0.000283397     0.179028
 0.000723893      0.16104  -0.00322033   0.00326012
-0.000283397  -0.00322033     0.151264    0.0013508
    0.179028   0.00326012    0.0013508     0.344032
IMAGINARY
          0  0.00840557 -0.00832945 -0.00932875
-0.00840557           0   0.0012023 -0.00228608
 0.00832945  -0.0012023           0  0.00274519
 0.00932875  0.00228608 -0.00274519           0
Repeater1[0]<--->EndNode1[0]
REAL
     0.3536 -0.00296806 0.000495094    0.184701
-0.00296806    0.157511  0.00252218 -0.00465955
0.000495094  0.00252218    0.150222  0.00181619
   0.184701 -0.00465955  0.00181619    0.338667
IMAGINARY
           0   0.00501213 -0.000902803    0.0102193
 -0.00501213            0   0.00608405   0.00416386
 0.000902803  -0.00608405            0  0.000716758
  -0.0102193  -0.00416386 -0.000716758            0
Repeater1[0]<--->HoM1[0]
REAL
    0.343664 -0.000283397  0.000723893     0.179028
-0.000283397     0.151264  -0.00322033    0.0013508
 0.000723893  -0.00322033      0.16104   0.00326012
    0.179028    0.0013508   0.00326012     0.344032
IMAGINARY
          0 -0.00832945  0.00840557 -0.00932875
 0.00832945           0  -0.0012023  0.00274519
-0.00840557   0.0012023           0 -0.00228608
 0.00932875 -0.00274519  0.00228608           0
EndNode1[0]<--->Repeater1[0]
REAL
   0.350806 -0.00031965 -0.00420554    0.186966
-0.00031965    0.149991 -0.00132777 -0.00748046
-0.00420554 -0.00132777     0.15796 -0.00815493
   0.186966 -0.00748046 -0.00815493    0.341243
IMAGINARY
           0  -0.00472429     0.012203  -0.00461732
  0.00472429            0    0.0122306   0.00172506
   -0.012203   -0.0122306            0 -3.59319e-05
  0.00461732  -0.00172506  3.59319e-05            0
EndNode2[0]<--->HoM1[0]
REAL
    0.35177 -0.00740695 0.000300119    0.184205
-0.00740695    0.156158 -0.00268471 -0.00268739
0.000300119 -0.00268471    0.165929 -0.00293788
   0.184205 -0.00268739 -0.00293788    0.326143
IMAGINARY
          0  0.00863648  0.00128078  0.00443342
-0.00863648           0 -0.00718604 -0.00278867
-0.00128078  0.00718604           0 -0.00127441
-0.00443342  0.00278867  0.00127441           0
Repeater1[0]<--->EndNode1[0]
REAL
   0.350806 -0.00420554 -0.00031965    0.186966
-0.00420554     0.15796 -0.00132777 -0.00815493
-0.00031965 -0.00132777    0.149991 -0.00748046
   0.186966 -0.00815493 -0.00748046    0.341243
IMAGINARY
           0     0.012203  -0.00472429  -0.00461732
   -0.012203            0   -0.0122306 -3.59319e-05
  0.00472429    0.0122306            0   0.00172506
  0.00461732  3.59319e-05  -0.00172506            0
Repeater1[0]<--->HoM1[0]
REAL
    0.35177 0.000300119 -0.00740695    0.184205
0.000300119    0.165929 -0.00268471 -0.00293788
-0.00740695 -0.00268471    0.156158 -0.00268739
   0.184205 -0.00293788 -0.00268739    0.326143
IMAGINARY
          0  0.00128078  0.00863648  0.00443342
-0.00128078           0  0.00718604 -0.00127441
-0.00863648 -0.00718604           0 -0.00278867
-0.00443342  0.00127441  0.00278867           0
EndNode1[0]<--->Repeater1[0]
REAL
   0.341935 -0.00166451 -0.00872476    0.179927
-0.00166451    0.156093  0.00100441 -0.00120663
-0.00872476  0.00100441    0.150179 -0.00339147
   0.179927 -0.00120663 -0.00339147    0.351792
IMAGINARY
           0  0.000657903  0.000166012  -0.00686449
-0.000657903            0   0.00328411  -0.00360148
-0.000166012  -0.00328411            0  -0.00260776
  0.00686449   0.00360148   0.00260776            0
EndNode2[0]<--->HoM1[0]
REAL
   0.343003  0.00230675  0.00877352    0.186208
 0.00230675    0.152344  0.00254764 7.93553e-06
 0.00877352  0.00254764    0.160555  0.00448303
   0.186208 7.93553e-06  0.00448303    0.344098
IMAGINARY
           0   0.00401613   0.00509905   0.00463918
 -0.00401613            0   0.00722523  -0.00111605
 -0.00509905  -0.00722523            0  0.000674968
 -0.00463918   0.00111605 -0.000674968            0
Repeater1[0]<--->EndNode1[0]
REAL
   0.341935 -0.00872476 -0.00166451    0.179927
-0.00872476    0.150179  0.00100441 -0.00339147
-0.00166451  0.00100441    0.156093 -0.00120663
   0.179927 -0.00339147 -0.00120663    0.351792
IMAGINARY
           0  0.000166012  0.000657903  -0.00686449
-0.000166012            0  -0.00328411  -0.00260776
-0.000657903   0.00328411            0  -0.00360148
  0.00686449   0.00260776   0.00360148            0
Repeater1[0]<--->HoM1[0]
REAL
   0.343003  0.00877352  0.00230675    0.186208
 0.00877352    0.160555  0.00254764  0.00448303
 0.00230675  0.00254764    0.152344 7.93553e-06
   0.186208  0.00448303 7.93553e-06    0.344098
IMAGINARY
           0   0.00509905   0.00401613   0.00463918
 -0.00509905            0  -0.00722523  0.000674968
 -0.00401613   0.00722523            0  -0.00111605
 -0.00463918 -0.000674968   0.00111605            0
EndNode1[0]<--->Repeater1[0]
REAL
    0.343281   0.00953576  -0.00534482     0.180607
  0.00953576     0.154335 -0.000359376    0.0055267
 -0.00534482 -0.000359376     0.163871   0.00228672
    0.180607    0.0055267   0.00228672     0.338513
IMAGINARY
           0  -0.00734397   0.00314348    0.0051223
  0.00734397            0 -0.000888827   0.00100216
 -0.00314348  0.000888827            0   0.00391932
  -0.0051223  -0.00100216  -0.00391932            0
EndNode2[0]<--->HoM1[0]
REAL
   0.336122  0.00174551  0.00378634    0.177579
 0.00174551    0.157876  0.00238475  -0.0010541
 0.00378634  0.00238475    0.155147 -0.00101692
   0.177579  -0.0010541 -0.00101692    0.350855
IMAGINARY
          0  -0.0105689  0.00144304 -0.00172065
  0.0105689           0  0.00524115  0.00226197
-0.00144304 -0.00524115           0 -0.00178111
 0.00172065 -0.00226197  0.00178111           0
Repeater1[0]<--->EndNode1[0]
REAL
    0.343281  -0.00534482   0.00953576     0.180607
 -0.00534482     0.163871 -0.000359376   0.00228672
  0.00953576 -0.000359376     0.154335    0.0055267
    0.180607   0.00228672    0.0055267     0.338513
IMAGINARY
           0   0.00314348  -0.00734397    0.0051223
 -0.00314348            0  0.000888827   0.00391932
  0.00734397 -0.000888827            0   0.00100216
  -0.0051223  -0.00391932  -0.00100216            0
Repeater1[0]<--->HoM1[0]
REAL
   0.336122  0.00378634  0.00174551    0.177579
 0.00378634    0.155147  0.00238475 -0.00101692
 0.00174551  0.00238475    0.157876  -0.0010541
   0.177579 -0.00101692  -0.0010541    0.350855
IMAGINARY
          0  0.00144304  -0.0105689 -0.00172065
-0.00144304           0 -0.00524115 -0.00178111
  0.0105689  0.00524115           0  0.00226197
 0.00172065  0.00178111 -0.00226197           0
EndNode1[0]<--->Repeater1[0]
REAL
    0.349462   0.00335237   0.00233508     0.187486
  0.00335237     0.159319   0.00123577   0.00367174
  0.00233508   0.00123577     0.161828 -0.000214484
    0.187486   0.00367174 -0.000214484     0.329391
IMAGINARY
          0 -0.00819211  0.00818186  0.00185057
 0.00819211           0  0.00396338  0.00538957
-0.00818186 -0.00396338           0  0.00372782
-0.00185057 -0.00538957 -0.00372782           0
EndNode2[0]<--->HoM1[0]
REAL
   0.342466  0.00582775 -0.00427179    0.186636
 0.00582775    0.149423 -0.00187937 -0.00091852
-0.00427179 -0.00187937    0.164023 0.000455258
   0.186636 -0.00091852 0.000455258    0.344088
IMAGINARY
           0   0.00481446    0.0034532   0.00276318
 -0.00481446            0 -0.000885159 -0.000440604
  -0.0034532  0.000885159            0 -0.000888958
 -0.00276318  0.000440604  0.000888958            0
Repeater1[0]<--->EndNode1[0]
REAL
    0.349462   0.00233508   0.00335237     0.187486
  0.00233508     0.161828   0.00123577 -0.000214484
  0.00335237   0.00123577     0.159319   0.00367174
    0.187486 -0.000214484   0.00367174     0.329391
IMAGINARY
          0  0.00818186 -0.00819211  0.00185057
-0.00818186           0 -0.00396338  0.00372782
 0.00819211  0.00396338           0  0.00538957
-0.00185057 -0.00372782 -0.00538957           0
Repeater1[0]<--->HoM1[0]
REAL
   0.342466 -0.00427179  0.00582775    0.186636
