EndNode1[0]<--->Repeater1[0]
REAL
    0.334526   0.00639746 -0.000695875     0.193458
  0.00639746     0.150865  0.000969586  -0.00267216
-0.000695875  0.000969586     0.149672  -0.00425417
    0.193458  -0.00267216  -0.00425417     0.364937
IMAGINARY
          0   0.0079401  -0.0139478   0.0057012
 -0.0079401           0 -0.00390264  -0.0124606
  0.0139478  0.00390264           0 -0.00265841
 -0.0057012   0.0124606  0.00265841           0
EndNode2[0]<--->HoM1[0]
REAL
  0.353333  -0.010953 -0.0118723   0.198014
 -0.010953   0.162424 -0.0077643 0.00354885
-0.0118723 -0.0077643   0.151515  0.0139256
  0.198014 0.00354885  0.0139256   0.332727
IMAGINARY
          0 -0.00331945 -0.00206576   0.0159237
 0.00331945           0   0.0104559 -0.00559933
 0.00206576  -0.0104559           0   0.0115742
 -0.0159237  0.00559933  -0.0115742           0
Repeater1[0]<--->EndNode1[0]
REAL
    0.334526 -0.000695875   0.00639746     0.193458
-0.000695875     0.149672  0.000969586  -0.00425417
  0.00639746  0.000969586     0.150865  -0.00267216
    0.193458  -0.00425417  -0.00267216     0.364937
IMAGINARY
          0  -0.0139478   0.0079401   0.0057012
  0.0139478           0  0.00390264 -0.00265841
 -0.0079401 -0.00390264           0  -0.0124606
 -0.0057012  0.00265841   0.0124606           0
Repeater1[0]<--->HoM1[0]
REAL
  0.353333 -0.0118723  -0.010953   0.198014
-0.0118723   0.151515 -0.0077643  0.0139256
 -0.010953 -0.0077643   0.162424 0.00354885
  0.198014  0.0139256 0.00354885   0.332727
IMAGINARY
          0 -0.00206576 -0.00331945   0.0159237
 0.00206576           0  -0.0104559   0.0115742
 0.00331945   0.0104559           0 -0.00559933
 -0.0159237  -0.0115742  0.00559933           0
EndNode1[0]<--->Repeater1[0]
REAL
    0.346749 -0.000429756  -0.00493975     0.178347
-0.000429756     0.166563   0.00415566   0.00262226
 -0.00493975   0.00415566     0.152322   0.00506475
    0.178347   0.00262226   0.00506475     0.334365
IMAGINARY
           0  -0.00778565  -0.00636781 -0.000145392
  0.00778565            0  -0.00842942    -0.011631
  0.00636781   0.00842942            0    0.0135819
 0.000145392     0.011631   -0.0135819            0
EndNode2[0]<--->HoM1[0]
REAL
  0.335377 -0.0115553 -0.0107176   0.168981
-0.0115553   0.165543  0.0055364 -0.0110215
-0.0107176  0.0055364   0.156346 0.00370504
  0.168981 -0.0110215 0.00370504   0.342735
IMAGINARY
           0  0.000129769  0.000503229   0.00705169
-0.000129769            0    0.0206434   0.00402849
-0.000503229   -0.0206434            0   0.00319349
 -0.00705169  -0.00402849  -0.00319349            0
Repeater1[0]<--->EndNode1[0]
REAL
    0.346749  -0.00493975 -0.000429756     0.178347
 -0.00493975     0.152322   0.00415566   0.00506475
-0.000429756   0.00415566     0.166563   0.00262226
    0.178347   0.00506475   0.00262226     0.334365
IMAGINARY
           0  -0.00636781  -0.00778565 -0.000145392
  0.00636781            0   0.00842942    0.0135819
  0.00778565  -0.00842942            0    -0.011631
 0.000145392   -0.0135819     0.011631            0
Repeater1[0]<--->HoM1[0]
REAL
  0.335377 -0.0107176 -0.0115553   0.168981
-0.0107176   0.156346  0.0055364 0.00370504
-0.0115553  0.0055364   0.165543 -0.0110215
  0.168981 0.00370504 -0.0110215   0.342735
IMAGINARY
           0  0.000503229  0.000129769   0.00705169
-0.000503229            0   -0.0206434   0.00319349
-0.000129769    0.0206434            0   0.00402849
 -0.00705169  -0.00319349  -0.00402849            0
EndNode1[0]<--->Repeater1[0]
REAL
    0.327138    0.0037242 -8.85999e-05     0.183174
   0.0037242     0.153656   -0.0132113   0.00194274
-8.85999e-05   -0.0132113     0.169145  -0.00681444
    0.183174   0.00194274  -0.00681444     0.350062
IMAGINARY
          0 -0.00103728  0.00181706  0.00730468
 0.00103728           0   0.0147231 -0.00362429
-0.00181706  -0.0147231           0  0.00163969
-0.00730468  0.00362429 -0.00163969           0
EndNode2[0]<--->HoM1[0]
REAL
   0.354973  -0.0164677 -0.00149335    0.184772
 -0.0164677    0.156641  0.00112917 -0.00296828
-0.00149335  0.00112917    0.173317   0.0131959
   0.184772 -0.00296828   0.0131959    0.315068
IMAGINARY
          0  0.00674438 -0.00433637   0.0046267
-0.00674438           0 -0.00140467 -0.00495062
 0.00433637  0.00140467           0  0.00613758
 -0.0046267  0.00495062 -0.00613758           0
Repeater1[0]<--->EndNode1[0]
REAL
    0.327138 -8.85999e-05    0.0037242     0.183174
-8.85999e-05     0.169145   -0.0132113  -0.00681444
   0.0037242   -0.0132113     0.153656   0.00194274
    0.183174  -0.00681444   0.00194274     0.350062
IMAGINARY
          0  0.00181706 -0.00103728  0.00730468
-0.00181706           0  -0.0147231  0.00163969
 0.00103728   0.0147231           0 -0.00362429
-0.00730468 -0.00163969  0.00362429           0
Repeater1[0]<--->HoM1[0]
REAL
   0.354973 -0.00149335  -0.0164677    0.184772
-0.00149335    0.173317  0.00112917   0.0131959
 -0.0164677  0.00112917    0.156641 -0.00296828
   0.184772   0.0131959 -0.00296828    0.315068
IMAGINARY
          0 -0.00433637  0.00674438   0.0046267
 0.00433637           0  0.00140467  0.00613758
-0.00674438 -0.00140467           0 -0.00495062
 -0.0046267 -0.00613758  0.00495062           0
EndNode1[0]<--->Repeater1[0]
REAL
   0.345543  0.00655845  0.00343179    0.193324
 0.00655845    0.180708 0.000779262 -0.00773155
 0.00343179 0.000779262    0.151404  -0.0096297
   0.193324 -0.00773155  -0.0096297    0.322344
IMAGINARY
           0   0.00882794   -0.0163518  0.000822268
 -0.00882794            0   -0.0114728  -0.00428903
   0.0163518    0.0114728            0   0.00133842
-0.000822268   0.00428903  -0.00133842            0
EndNode2[0]<--->HoM1[0]
REAL
   0.351399   -0.012529  0.00977494    0.167884
  -0.012529    0.148601 -0.00591248 -0.00273269
 0.00977494 -0.00591248    0.145105  0.00609907
   0.167884 -0.00273269  0.00609907    0.354895
IMAGINARY
          0  0.00557274   0.0114086   0.0196753
-0.00557274           0  0.00239208  -0.0117057
 -0.0114086 -0.00239208           0 -0.00705819
 -0.0196753   0.0117057  0.00705819           0
Repeater1[0]<--->EndNode1[0]
REAL
   0.345543  0.00343179  0.00655845    0.193324
 0.00343179    0.151404 0.000779262  -0.0096297
 0.00655845 0.000779262    0.180708 -0.00773155
   0.193324  -0.0096297 -0.00773155    0.322344
IMAGINARY
           0   -0.0163518   0.00882794  0.000822268
   0.0163518            0    0.0114728   0.00133842
 -0.00882794   -0.0114728            0  -0.00428903
-0.000822268  -0.00133842   0.00428903            0
Repeater1[0]<--->HoM1[0]
REAL
   0.351399  0.00977494   -0.012529    0.167884
 0.00977494    0.145105 -0.00591248  0.00609907
  -0.012529 -0.00591248    0.148601 -0.00273269
   0.167884  0.00609907 -0.00273269    0.354895
IMAGINARY
          0   0.0114086  0.00557274   0.0196753
 -0.0114086           0 -0.00239208 -0.00705819
-0.00557274  0.00239208           0  -0.0117057
 -0.0196753  0.00705819   0.0117057           0
EndNode1[0]<--->Repeater1[0]
REAL
   0.363099   0.0119057  0.00774135    0.182001
  0.0119057    0.157303 -0.00495061    0.014827
 0.00774135 -0.00495061    0.168539  0.00176248
   0.182001    0.014827  0.00176248    0.311059
IMAGINARY
          0  0.00130626  0.00511134   0.0136048
-0.00130626           0 -0.00113446 -0.00247822
-0.00511134  0.00113446           0  0.00834851
 -0.0136048  0.00247822 -0.00834851           0
EndNode2[0]<--->HoM1[0]
REAL
  0.351582  0.0106846  0.0116311   0.184294
 0.0106846   0.135036 -0.0122413 0.00243231
 0.0116311 -0.0122413   0.162409 0.00337888
  0.184294 0.00243231 0.00337888   0.350973
IMAGINARY
          0  0.00263039   0.0281034 -0.00943146
-0.00263039           0 -0.00384834 -0.00600065
 -0.0281034  0.00384834           0   0.0123039
 0.00943146  0.00600065  -0.0123039           0
Repeater1[0]<--->EndNode1[0]
REAL
   0.363099  0.00774135   0.0119057    0.182001
 0.00774135    0.168539 -0.00495061  0.00176248
  0.0119057 -0.00495061    0.157303    0.014827
   0.182001  0.00176248    0.014827    0.311059
IMAGINARY
          0  0.00511134  0.00130626   0.0136048
-0.00511134           0  0.00113446  0.00834851
-0.00130626 -0.00113446           0 -0.00247822
 -0.0136048 -0.00834851  0.00247822           0
Repeater1[0]<--->HoM1[0]
REAL
  0.351582  0.0116311  0.0106846   0.184294
 0.0116311   0.162409 -0.0122413 0.00337888
 0.0106846 -0.0122413   0.135036 0.00243231
  0.184294 0.00337888 0.00243231   0.350973
IMAGINARY
          0   0.0281034  0.00263039 -0.00943146
 -0.0281034           0  0.00384834   0.0123039
-0.00263039 -0.00384834           0 -0.00600065
 0.00943146  -0.0123039  0.00600065           0
EndNode1[0]<--->Repeater1[0]
REAL
    0.348176  -0.00926853  -0.00730199     0.194526
 -0.00926853     0.163884 -0.000799543   0.00176693
 -0.00730199 -0.000799543     0.155844   0.00250346
    0.194526   0.00176693   0.00250346     0.332096
IMAGINARY
          0  0.00553067 -0.00429215   0.0133591
-0.00553067           0   0.0101558   0.0120821
 0.00429215  -0.0101558           0 -0.00293401
 -0.0133591  -0.0120821  0.00293401           0
EndNode2[0]<--->HoM1[0]
REAL
  0.326992 0.00481735 0.00703292   0.184722
0.00481735    0.17063  0.0111066  0.0144039
0.00703292  0.0111066   0.156361 0.00329389
  0.184722  0.0144039 0.00329389   0.346017
IMAGINARY
          0  0.00354061 -0.00139211  0.00477855
-0.00354061           0   0.0017073  -0.0161779
 0.00139211  -0.0017073           0   0.0104558
-0.00477855   0.0161779  -0.0104558           0
Repeater1[0]<--->EndNode1[0]
REAL
    0.348176  -0.00730199  -0.00926853     0.194526
 -0.00730199     0.155844 -0.000799543   0.00250346
 -0.00926853 -0.000799543     0.163884   0.00176693
    0.194526   0.00250346   0.00176693     0.332096
IMAGINARY
          0 -0.00429215  0.00553067   0.0133591
 0.00429215           0  -0.0101558 -0.00293401
-0.00553067   0.0101558           0   0.0120821
 -0.0133591  0.00293401  -0.0120821           0
Repeater1[0]<--->HoM1[0]
REAL
  0.326992 0.00703292 0.00481735   0.184722
0.00703292   0.156361  0.0111066 0.00329389
0.00481735  0.0111066    0.17063  0.0144039
  0.184722 0.00329389  0.0144039   0.346017
IMAGINARY
          0 -0.00139211  0.00354061  0.00477855
 0.00139211           0  -0.0017073   0.0104558
-0.00354061   0.0017073           0  -0.0161779
-0.00477855  -0.0104558   0.0161779           0
EndNode1[0]<--->Repeater1[0]
REAL
    0.33651  0.00032772  -0.0122025    0.179663
 0.00032772    0.149494 -0.00706277 -0.00273706
 -0.0122025 -0.00706277    0.162597 0.000625872
   0.179663 -0.00273706 0.000625872      0.3514
IMAGINARY
          0   0.0118756  -0.0104368 -0.00832342
 -0.0118756           0 -0.00475624  0.00365213
  0.0104368  0.00475624           0  0.00847841
 0.00832342 -0.00365213 -0.00847841           0
EndNode2[0]<--->HoM1[0]
REAL
   0.331361   0.0141241 -0.00128636    0.168059
  0.0141241    0.164497  0.00634643   0.0033177
-0.00128636  0.00634643    0.159172 -0.00686935
   0.168059   0.0033177 -0.00686935     0.34497
IMAGINARY
          0  0.00719224 -0.00452201  0.00842609
-0.00719224           0 -0.00750528  0.00511654
 0.00452201  0.00750528           0 -0.00362506
-0.00842609 -0.00511654  0.00362506           0
Repeater1[0]<--->EndNode1[0]
REAL
    0.33651  -0.0122025  0.00032772    0.179663
 -0.0122025    0.162597 -0.00706277 0.000625872
 0.00032772 -0.00706277    0.149494 -0.00273706
   0.179663 0.000625872 -0.00273706      0.3514
IMAGINARY
          0  -0.0104368   0.0118756 -0.00832342
  0.0104368           0  0.00475624  0.00847841
 -0.0118756 -0.00475624           0  0.00365213
 0.00832342 -0.00847841 -0.00365213           0
Repeater1[0]<--->HoM1[0]
REAL
   0.331361 -0.00128636   0.0141241    0.168059
-0.00128636    0.159172  0.00634643 -0.00686935
  0.0141241  0.00634643    0.164497   0.0033177
   0.168059 -0.00686935   0.0033177     0.34497
IMAGINARY
          0 -0.00452201  0.00719224  0.00842609
 0.00452201           0  0.00750528 -0.00362506
-0.00719224 -0.00750528           0  0.00511654
-0.00842609  0.00362506 -0.00511654           0
EndNode1[0]<--->Repeater1[0]
REAL
   0.313028  -0.0116085 -0.00192515    0.185274
 -0.0116085    0.171894  0.00880323   0.0119884
-0.00192515  0.00880323    0.161641  0.00557054
   0.185274   0.0119884  0.00557054    0.353438
IMAGINARY
           0  0.000150463  -0.00542823  -0.00827485
-0.000150463            0    0.0151242   -0.0039585
  0.00542823   -0.0151242            0  -0.00390516
  0.00827485    0.0039585   0.00390516            0
EndNode2[0]<--->HoM1[0]
REAL
  0.348696  0.0144738 0.00938384   0.192065
 0.0144738   0.143117 0.00127582  0.0069713
0.00938384 0.00127582   0.162523  0.0129795
  0.192065  0.0069713  0.0129795   0.345664
IMAGINARY
          0   0.0108955 -0.00715661 -0.00355356
 -0.0108955           0 -0.00385604 -0.00241277
 0.00715661  0.00385604           0  -0.0138859
 0.00355356  0.00241277   0.0138859           0
Repeater1[0]<--->EndNode1[0]
REAL
   0.313028 -0.00192515  -0.0116085    0.185274
-0.00192515    0.161641  0.00880323  0.00557054
 -0.0116085  0.00880323    0.171894   0.0119884
   0.185274  0.00557054   0.0119884    0.353438
IMAGINARY
           0  -0.00542823  0.000150463  -0.00827485
  0.00542823            0   -0.0151242  -0.00390516
-0.000150463    0.0151242            0   -0.0039585
  0.00827485   0.00390516    0.0039585            0
Repeater1[0]<--->HoM1[0]
REAL
  0.348696 0.00938384  0.0144738   0.192065
0.00938384   0.162523 0.00127582  0.0129795
 0.0144738 0.00127582   0.143117  0.0069713
  0.192065  0.0129795  0.0069713   0.345664
IMAGINARY
          0 -0.00715661   0.0108955 -0.00355356
 0.00715661           0  0.00385604  -0.0138859
 -0.0108955 -0.00385604           0 -0.00241277
 0.00355356   0.0138859  0.00241277           0
EndNode1[0]<--->Repeater1[0]
REAL
   0.356065   0.0101128 -0.00785545    0.190892
  0.0101128    0.155703 -0.00494146   0.0131683
-0.00785545 -0.00494146    0.146651   0.0129096
   0.190892   0.0131683   0.0129096    0.341581
IMAGINARY
          0  0.00728981 -0.00590925 -0.00677046
-0.00728981           0    0.014481  -0.0119479
 0.00590925   -0.014481           0  0.00521019
 0.00677046   0.0119479 -0.00521019           0
EndNode2[0]<--->HoM1[0]
REAL
   0.352835 -0.00765747  -0.0064406    0.177336
-0.00765747    0.176116  0.00687459 0.000822621
 -0.0064406  0.00687459    0.141737   0.0020395
   0.177336 0.000822621   0.0020395    0.329312
IMAGINARY
          0   0.0131978  0.00433015 -0.00934953
 -0.0131978           0   0.0129553 -0.00223309
-0.00433015  -0.0129553           0  0.00867157
 0.00934953  0.00223309 -0.00867157           0
Repeater1[0]<--->EndNode1[0]
REAL
   0.356065 -0.00785545   0.0101128    0.190892
-0.00785545    0.146651 -0.00494146   0.0129096
  0.0101128 -0.00494146    0.155703   0.0131683
   0.190892   0.0129096   0.0131683    0.341581
IMAGINARY
          0 -0.00590925  0.00728981 -0.00677046
 0.00590925           0   -0.014481  0.00521019
-0.00728981    0.014481           0  -0.0119479
 0.00677046 -0.00521019   0.0119479           0
Repeater1[0]<--->HoM1[0]
REAL
   0.352835  -0.0064406 -0.00765747    0.177336
 -0.0064406    0.141737  0.00687459   0.0020395
-0.00765747  0.00687459    0.176116 0.000822621
   0.177336   0.0020395 0.000822621    0.329312
IMAGINARY
          0  0.00433015   0.0131978 -0.00934953
-0.00433015           0  -0.0129553  0.00867157
 -0.0131978   0.0129553           0 -0.00223309
 0.00934953 -0.00867157  0.00223309           0
EndNode1[0]<--->Repeater1[0]
REAL
  0.340512 0.00117612 -0.0116705   0.179774
0.00117612   0.171711 0.00456042 0.00165871
-0.0116705 0.00456042   0.154831 0.00412423
  0.179774 0.00165871 0.00412423   0.332945
IMAGINARY
          0 -0.00396825   0.0223786 -0.00202646
 0.00396825           0 -0.00082742 -0.00833706
 -0.0223786  0.00082742           0  -0.0198413
 0.00202646  0.00833706   0.0198413           0
EndNode2[0]<--->HoM1[0]
REAL
    0.344523     0.010544   0.00836946     0.175194
    0.010544     0.163133   -0.0155953   0.00509759
  0.00836946   -0.0155953       0.1596 -0.000515359
    0.175194   0.00509759 -0.000515359     0.332744
IMAGINARY
           0   -0.0077071  -0.00382177    -0.005442
   0.0077071            0   0.00235177 -0.000364829
  0.00382177  -0.00235177            0    0.0124918
    0.005442  0.000364829   -0.0124918            0
Repeater1[0]<--->EndNode1[0]
REAL
  0.340512 -0.0116705 0.00117612   0.179774
-0.0116705   0.154831 0.00456042 0.00412423
0.00117612 0.00456042   0.171711 0.00165871
  0.179774 0.00412423 0.00165871   0.332945
IMAGINARY
          0   0.0223786 -0.00396825 -0.00202646
 -0.0223786           0  0.00082742  -0.0198413
 0.00396825 -0.00082742           0 -0.00833706
 0.00202646   0.0198413  0.00833706           0
Repeater1[0]<--->HoM1[0]
REAL
    0.344523   0.00836946     0.010544     0.175194
  0.00836946       0.1596   -0.0155953 -0.000515359
    0.010544   -0.0155953     0.163133   0.00509759
    0.175194 -0.000515359   0.00509759     0.332744
IMAGINARY
           0  -0.00382177   -0.0077071    -0.005442
  0.00382177            0  -0.00235177    0.0124918
   0.0077071   0.00235177            0 -0.000364829
    0.005442   -0.0124918  0.000364829            0
EndNode1[0]<--->Repeater1[0]
REAL
   0.332928   0.0125004  0.00695938    0.176582
  0.0125004    0.155529  -0.0050161  -0.0100685
 0.00695938  -0.0050161    0.154313 -0.00713011
   0.176582  -0.0100685 -0.00713011     0.35723
IMAGINARY
          0 -0.00500088   0.0115244  -0.0109143
 0.00500088           0 -0.00304507 -0.00910312
 -0.0115244  0.00304507           0  -0.0034737
  0.0109143  0.00910312   0.0034737           0
EndNode2[0]<--->HoM1[0]
REAL
   0.34806  0.0113181 0.00723208   0.184115
 0.0113181   0.147463 0.00285727 0.00784633
0.00723208 0.00285727   0.161791 -0.0149369
  0.184115 0.00784633 -0.0149369   0.342687
IMAGINARY
           0  -0.00220876  -0.00670627  0.000991814
  0.00220876            0   -0.0128172    0.0159541
  0.00670627    0.0128172            0   0.00467485
-0.000991814   -0.0159541  -0.00467485            0
Repeater1[0]<--->EndNode1[0]
REAL
   0.332928  0.00695938   0.0125004    0.176582
 0.00695938    0.154313  -0.0050161 -0.00713011
  0.0125004  -0.0050161    0.155529  -0.0100685
   0.176582 -0.00713011  -0.0100685     0.35723
IMAGINARY
          0   0.0115244 -0.00500088  -0.0109143
 -0.0115244           0  0.00304507  -0.0034737
 0.00500088 -0.00304507           0 -0.00910312
  0.0109143   0.0034737  0.00910312           0
Repeater1[0]<--->HoM1[0]
REAL
   0.34806 0.00723208  0.0113181   0.184115
0.00723208   0.161791 0.00285727 -0.0149369
 0.0113181 0.00285727   0.147463 0.00784633
  0.184115 -0.0149369 0.00784633   0.342687
IMAGINARY
           0  -0.00670627  -0.00220876  0.000991814
  0.00670627            0    0.0128172   0.00467485
  0.00220876   -0.0128172            0    0.0159541
-0.000991814  -0.00467485   -0.0159541            0
EndNode1[0]<--->Repeater1[0]
REAL
   0.350965 -0.00200994   0.0103107    0.198087
-0.00200994    0.152458  0.00269534  0.00624563
  0.0103107  0.00269534    0.159925  0.00471915
   0.198087  0.00624563  0.00471915    0.336652
IMAGINARY
          0 -0.00253535  0.00439189  -0.0015695
 0.00253535           0  0.00818804 -0.00528956
-0.00439189 -0.00818804           0  0.00283458
  0.0015695  0.00528956 -0.00283458           0
EndNode2[0]<--->HoM1[0]
REAL
   0.342924   0.0028883  0.00336152    0.191654
  0.0028883    0.172049  0.00328231 -0.00272861
 0.00336152  0.00328231    0.151497  -0.0237744
   0.191654 -0.00272861  -0.0237744    0.333529
IMAGINARY
           0   0.00189597 -0.000271762    0.0124771
 -0.00189597            0 -0.000647901    0.0148066
 0.000271762  0.000647901            0   0.00101101
  -0.0124771   -0.0148066  -0.00101101            0
Repeater1[0]<--->EndNode1[0]
REAL
   0.350965   0.0103107 -0.00200994    0.198087
  0.0103107    0.159925  0.00269534  0.00471915
-0.00200994  0.00269534    0.152458  0.00624563
   0.198087  0.00471915  0.00624563    0.336652
IMAGINARY
          0  0.00439189 -0.00253535  -0.0015695
-0.00439189           0 -0.00818804  0.00283458
 0.00253535  0.00818804           0 -0.00528956
  0.0015695 -0.00283458  0.00528956           0
Repeater1[0]<--->HoM1[0]
REAL
   0.342924  0.00336152   0.0028883    0.191654
 0.00336152    0.151497  0.00328231  -0.0237744
  0.0028883  0.00328231    0.172049 -0.00272861
   0.191654  -0.0237744 -0.00272861    0.333529
IMAGINARY
           0 -0.000271762   0.00189597    0.0124771
 0.000271762            0  0.000647901   0.00101101
 -0.00189597 -0.000647901            0    0.0148066
  -0.0124771  -0.00101101   -0.0148066            0
EndNode1[0]<--->Repeater1[0]
REAL
   0.322489  -0.0257027  0.00135607    0.190328
 -0.0257027    0.152397  0.00279021  -0.0165452
 0.00135607  0.00279021    0.180936 -0.00994514
   0.190328  -0.0165452 -0.00994514    0.344178
IMAGINARY
           0   0.00781571    0.0130699   0.00711846
 -0.00781571            0   0.00419106  -0.00121581
  -0.0130699  -0.00419106            0  0.000998878
 -0.00711846   0.00121581 -0.000998878            0
EndNode2[0]<--->HoM1[0]
REAL
   0.327957  -0.0130417   0.0118261    0.181704
 -0.0130417    0.153524 0.000826571   0.0050414
  0.0118261 0.000826571    0.168459 0.000391117
   0.181704   0.0050414 0.000391117     0.35006
IMAGINARY
           0   0.00263876  -0.00304507 -0.000726358
 -0.00263876            0    0.0126028  -0.00304507
  0.00304507   -0.0126028            0   0.00588743
 0.000726358   0.00304507  -0.00588743            0
Repeater1[0]<--->EndNode1[0]
REAL
   0.322489  0.00135607  -0.0257027    0.190328
 0.00135607    0.180936  0.00279021 -0.00994514
 -0.0257027  0.00279021    0.152397  -0.0165452
   0.190328 -0.00994514  -0.0165452    0.344178
IMAGINARY
           0    0.0130699   0.00781571   0.00711846
  -0.0130699            0  -0.00419106  0.000998878
 -0.00781571   0.00419106            0  -0.00121581
 -0.00711846 -0.000998878   0.00121581            0
Repeater1[0]<--->HoM1[0]
REAL
   0.327957   0.0118261  -0.0130417    0.181704
  0.0118261    0.168459 0.000826571 0.000391117
 -0.0130417 0.000826571    0.153524   0.0050414
   0.181704 0.000391117   0.0050414     0.35006
IMAGINARY
           0  -0.00304507   0.00263876 -0.000726358
  0.00304507            0   -0.0126028   0.00588743
 -0.00263876    0.0126028            0  -0.00304507
 0.000726358  -0.00588743   0.00304507            0
EndNode1[0]<--->Repeater1[0]
REAL
  0.350091 0.00194601   0.002526   0.170838
0.00194601   0.153846 0.00122161 0.00400792
  0.002526 0.00122161    0.15748 0.00396563
  0.170838 0.00400792 0.00396563   0.338583
IMAGINARY
          0  0.00663243  0.00928121  0.00186626
-0.00663243           0  0.00274913  0.00753295
-0.00928121 -0.00274913           0  -0.0163669
-0.00186626 -0.00753295   0.0163669           0
EndNode2[0]<--->HoM1[0]
REAL
   0.369863 -0.00103928  -0.0157836    0.198592
-0.00103928    0.157236 0.000917993 -0.00686019
 -0.0157836 0.000917993    0.144133  0.00838322
   0.198592 -0.00686019  0.00838322    0.328767
IMAGINARY
           0  0.000752259  -0.00567149   0.00396351
-0.000752259            0   0.00307013   0.00418073
  0.00567149  -0.00307013            0   0.00252741
 -0.00396351  -0.00418073  -0.00252741            0
Repeater1[0]<--->EndNode1[0]
REAL
  0.350091   0.002526 0.00194601   0.170838
  0.002526    0.15748 0.00122161 0.00396563
0.00194601 0.00122161   0.153846 0.00400792
  0.170838 0.00396563 0.00400792   0.338583
IMAGINARY
          0  0.00928121  0.00663243  0.00186626
-0.00928121           0 -0.00274913  -0.0163669
-0.00663243  0.00274913           0  0.00753295
-0.00186626   0.0163669 -0.00753295           0
Repeater1[0]<--->HoM1[0]
REAL
   0.369863  -0.0157836 -0.00103928    0.198592
 -0.0157836    0.144133 0.000917993  0.00838322
-0.00103928 0.000917993    0.157236 -0.00686019
   0.198592  0.00838322 -0.00686019    0.328767
IMAGINARY
           0  -0.00567149  0.000752259   0.00396351
  0.00567149            0  -0.00307013   0.00252741
-0.000752259   0.00307013            0   0.00418073
 -0.00396351  -0.00252741  -0.00418073            0
EndNode1[0]<--->Repeater1[0]
REAL
   0.336753  0.00661352 -0.00168306    0.187387
 0.00661352    0.170791 -0.00301565 -0.00625345
-0.00168306 -0.00301565     0.16898  -0.0249285
   0.187387 -0.00625345  -0.0249285    0.323476
IMAGINARY
           0  0.000667187  -0.00677324   0.00292734
-0.000667187            0   0.00525023   0.00770203
  0.00677324  -0.00525023            0   0.00583436
 -0.00292734  -0.00770203  -0.00583436            0
EndNode2[0]<--->HoM1[0]
REAL
   0.356239  0.00755836 -0.00110218    0.196052
 0.00755836     0.15009   0.0148483  0.00169459
-0.00110218   0.0148483    0.154913   0.0143611
   0.196052  0.00169459   0.0143611    0.338758
IMAGINARY
          0 -0.00437714  0.00530452  0.00927704
 0.00437714           0  0.00124611 -0.00161902
-0.00530452 -0.00124611           0   0.0086769
-0.00927704  0.00161902  -0.0086769           0
Repeater1[0]<--->EndNode1[0]
REAL
   0.336753 -0.00168306  0.00661352    0.187387
-0.00168306     0.16898 -0.00301565  -0.0249285
 0.00661352 -0.00301565    0.170791 -0.00625345
   0.187387  -0.0249285 -0.00625345    0.323476
IMAGINARY
           0  -0.00677324  0.000667187   0.00292734
  0.00677324            0  -0.00525023   0.00583436
-0.000667187   0.00525023            0   0.00770203
 -0.00292734  -0.00583436  -0.00770203            0
Repeater1[0]<--->HoM1[0]
REAL
   0.356239 -0.00110218  0.00755836    0.196052
-0.00110218    0.154913   0.0148483   0.0143611
 0.00755836   0.0148483     0.15009  0.00169459
   0.196052   0.0143611  0.00169459    0.338758
IMAGINARY
          0  0.00530452 -0.00437714  0.00927704
-0.00530452           0 -0.00124611   0.0086769
 0.00437714  0.00124611           0 -0.00161902
-0.00927704  -0.0086769  0.00161902           0
EndNode1[0]<--->Repeater1[0]
REAL
    0.353047    0.0252207   -0.0107584     0.183671
   0.0252207     0.149343 -0.000859741   0.00869105
  -0.0107584 -0.000859741     0.162485  -0.00897738
    0.183671   0.00869105  -0.00897738     0.335125
IMAGINARY
          0  0.00480173   0.0178596   0.0042235
-0.00480173           0 -0.00270004  0.00710999
 -0.0178596  0.00270004           0 -0.00175667
 -0.0042235 -0.00710999  0.00175667           0
EndNode2[0]<--->HoM1[0]
REAL
   0.358792  -0.0121309   0.0013696    0.176562
 -0.0121309    0.149793  0.00866781 -0.00681754
  0.0013696  0.00866781    0.162818 -0.00542358
   0.176562 -0.00681754 -0.00542358    0.328597
IMAGINARY
           0      0.01157 -0.000375225    0.0183531
    -0.01157            0   -0.0132846   0.00313766
 0.000375225    0.0132846            0   0.00592536
  -0.0183531  -0.00313766  -0.00592536            0
Repeater1[0]<--->EndNode1[0]
REAL
    0.353047   -0.0107584    0.0252207     0.183671
  -0.0107584     0.162485 -0.000859741  -0.00897738
   0.0252207 -0.000859741     0.149343   0.00869105
    0.183671  -0.00897738   0.00869105     0.335125
IMAGINARY
          0   0.0178596  0.00480173   0.0042235
 -0.0178596           0  0.00270004 -0.00175667
-0.00480173 -0.00270004           0  0.00710999
 -0.0042235  0.00175667 -0.00710999           0
Repeater1[0]<--->HoM1[0]
REAL
   0.358792   0.0013696  -0.0121309    0.176562
  0.0013696    0.162818  0.00866781 -0.00542358
 -0.0121309  0.00866781    0.149793 -0.00681754
   0.176562 -0.00542358 -0.00681754    0.328597
IMAGINARY
           0 -0.000375225      0.01157    0.0183531
 0.000375225            0    0.0132846   0.00592536
    -0.01157   -0.0132846            0   0.00313766
  -0.0183531  -0.00592536  -0.00313766            0
EndNode1[0]<--->Repeater1[0]
REAL
    0.35841  0.00435038 -0.00286445    0.199909
 0.00435038     0.15474 -0.00370668 -0.00225912
-0.00286445 -0.00370668    0.161468  0.00258151
   0.199909 -0.00225912  0.00258151    0.325382
IMAGINARY
          0 -0.00443547 -0.00598635 -0.00742189
 0.00443547           0  -0.0062523  0.00391167
 0.00598635   0.0062523           0  0.00176801
 0.00742189 -0.00391167 -0.00176801           0
EndNode2[0]<--->HoM1[0]
REAL
  0.347374  0.0104868 0.00489385   0.196229
 0.0104868   0.162724 0.00042087  0.0174387
0.00489385 0.00042087   0.163878  0.0223916
  0.196229  0.0174387  0.0223916   0.326024
IMAGINARY
           0    0.0143391  -0.00449102 -0.000396036
  -0.0143391            0    0.0107021  -0.00449102
  0.00449102   -0.0107021            0    0.0102118
 0.000396036   0.00449102   -0.0102118            0
Repeater1[0]<--->EndNode1[0]
REAL
    0.35841 -0.00286445  0.00435038    0.199909
-0.00286445    0.161468 -0.00370668  0.00258151
 0.00435038 -0.00370668     0.15474 -0.00225912
   0.199909  0.00258151 -0.00225912    0.325382
IMAGINARY
          0 -0.00598635 -0.00443547 -0.00742189
 0.00598635           0   0.0062523  0.00176801
 0.00443547  -0.0062523           0  0.00391167
 0.00742189 -0.00176801 -0.00391167           0
Repeater1[0]<--->HoM1[0]
REAL
  0.347374 0.00489385  0.0104868   0.196229
0.00489385   0.163878 0.00042087  0.0223916
 0.0104868 0.00042087   0.162724  0.0174387
  0.196229  0.0223916  0.0174387   0.326024
IMAGINARY
           0  -0.00449102    0.0143391 -0.000396036
  0.00449102            0   -0.0107021    0.0102118
  -0.0143391    0.0107021            0  -0.00449102
 0.000396036   -0.0102118   0.00449102            0
EndNode1[0]<--->Repeater1[0]
REAL
    0.339307 -1.05914e-06   0.00935264     0.171813
-1.05914e-06     0.155317   -0.0112898    0.0108614
  0.00935264   -0.0112898     0.164277  -0.00178253
    0.171813    0.0108614  -0.00178253     0.341099
IMAGINARY
          0  0.00778607  0.00111928   0.0220905
-0.00778607           0  0.00849707 -0.00442655
-0.00111928 -0.00849707           0  -0.0098907
 -0.0220905  0.00442655   0.0098907           0
EndNode2[0]<--->HoM1[0]
REAL
   0.351368 -0.00130302 -0.00803681    0.183491
-0.00130302    0.153191  0.00597626 -0.00709637
-0.00803681  0.00597626    0.162918 -0.00717156
   0.183491 -0.00709637 -0.00717156    0.332523
IMAGINARY
           0  -0.00309066   0.00324009 -0.000174964
  0.00309066            0  -0.00195011   0.00445221
 -0.00324009   0.00195011            0  -0.00164307
 0.000174964  -0.00445221   0.00164307            0
Repeater1[0]<--->EndNode1[0]
REAL
    0.339307   0.00935264 -1.05914e-06     0.171813
  0.00935264     0.164277   -0.0112898  -0.00178253
-1.05914e-06   -0.0112898     0.155317    0.0108614
    0.171813  -0.00178253    0.0108614     0.341099
IMAGINARY
          0  0.00111928  0.00778607   0.0220905
-0.00111928           0 -0.00849707  -0.0098907
-0.00778607  0.00849707           0 -0.00442655
 -0.0220905   0.0098907  0.00442655           0
Repeater1[0]<--->HoM1[0]
REAL
   0.351368 -0.00803681 -0.00130302    0.183491
-0.00803681    0.162918  0.00597626 -0.00717156
-0.00130302  0.00597626    0.153191 -0.00709637
   0.183491 -0.00717156 -0.00709637    0.332523
IMAGINARY
           0   0.00324009  -0.00309066 -0.000174964
 -0.00324009            0   0.00195011  -0.00164307
  0.00309066  -0.00195011            0   0.00445221
 0.000174964   0.00164307  -0.00445221            0
EndNode1[0]<--->Repeater1[0]
REAL
   0.338498   0.0010139 -0.00107041    0.182058
  0.0010139    0.146007 -0.00650501  -0.0156624
-0.00107041 -0.00650501    0.175805 0.000404141
   0.182058  -0.0156624 0.000404141     0.33969
IMAGINARY
          0  -0.0173314 -0.00296104    0.004115
  0.0173314           0 -0.00534199   0.0149845
 0.00296104  0.00534199           0   0.0117595
  -0.004115  -0.0149845  -0.0117595           0
EndNode2[0]<--->HoM1[0]
REAL
    0.35843  -0.0015861 -0.00463511     0.18096
 -0.0015861    0.161519 -0.00699585   0.0081854
-0.00463511 -0.00699585    0.145431  0.00572812
    0.18096   0.0081854  0.00572812     0.33462
IMAGINARY
          0   0.0220594  -0.0203221 -0.00552813
 -0.0220594           0 -0.00915132  0.00694009
  0.0203221  0.00915132           0  0.00166318
 0.00552813 -0.00694009 -0.00166318           0
Repeater1[0]<--->EndNode1[0]
REAL
   0.338498 -0.00107041   0.0010139    0.182058
-0.00107041    0.175805 -0.00650501 0.000404141
  0.0010139 -0.00650501    0.146007  -0.0156624
   0.182058 0.000404141  -0.0156624     0.33969
IMAGINARY
          0 -0.00296104  -0.0173314    0.004115
 0.00296104           0  0.00534199   0.0117595
  0.0173314 -0.00534199           0   0.0149845
  -0.004115  -0.0117595  -0.0149845           0
Repeater1[0]<--->HoM1[0]
REAL
    0.35843 -0.00463511  -0.0015861     0.18096
-0.00463511    0.145431 -0.00699585  0.00572812
 -0.0015861 -0.00699585    0.161519   0.0081854
    0.18096  0.00572812   0.0081854     0.33462
IMAGINARY
          0  -0.0203221   0.0220594 -0.00552813
  0.0203221           0  0.00915132  0.00166318
 -0.0220594 -0.00915132           0  0.00694009
 0.00552813 -0.00166318 -0.00694009           0
EndNode1[0]<--->Repeater1[0]
REAL
    0.355582  0.000144733   0.00940266     0.190759
 0.000144733     0.155936  -0.00253497  -0.00543683
  0.00940266  -0.00253497     0.156527 -0.000449797
    0.190759  -0.00543683 -0.000449797     0.331955
IMAGINARY
           0   0.00740884    0.0217634 -0.000458328
 -0.00740884            0   0.00835626   0.00826575
  -0.0217634  -0.00835626            0  -0.00828347
 0.000458328  -0.00826575   0.00828347            0
EndNode2[0]<--->HoM1[0]
REAL
   0.351351 -0.00951124    0.010128    0.185114
-0.00951124    0.154354 0.000116506 -0.00225873
   0.010128 0.000116506    0.172372 -0.00804324
   0.185114 -0.00225873 -0.00804324    0.321922
IMAGINARY
           0   0.00679661 -0.000541309  -0.00514757
 -0.00679661            0    -0.013726   0.00442655
 0.000541309     0.013726            0 -0.000520461
  0.00514757  -0.00442655  0.000520461            0
Repeater1[0]<--->EndNode1[0]
REAL
    0.355582   0.00940266  0.000144733     0.190759
  0.00940266     0.156527  -0.00253497 -0.000449797
 0.000144733  -0.00253497     0.155936  -0.00543683
    0.190759 -0.000449797  -0.00543683     0.331955
IMAGINARY
           0    0.0217634   0.00740884 -0.000458328
  -0.0217634            0  -0.00835626  -0.00828347
 -0.00740884   0.00835626            0   0.00826575
 0.000458328   0.00828347  -0.00826575            0
Repeater1[0]<--->HoM1[0]
REAL
   0.351351    0.010128 -0.00951124    0.185114
   0.010128    0.172372 0.000116506 -0.00804324
-0.00951124 0.000116506    0.154354 -0.00225873
   0.185114 -0.00804324 -0.00225873    0.321922
IMAGINARY
           0 -0.000541309   0.00679661  -0.00514757
 0.000541309            0     0.013726 -0.000520461
 -0.00679661    -0.013726            0   0.00442655
  0.00514757  0.000520461  -0.00442655            0
EndNode1[0]<--->Repeater1[0]
REAL
    0.358209   0.00712843   -0.0191206     0.168971
  0.00712843      0.15403   0.00311113 -0.000133285
  -0.0191206   0.00311113     0.150448   0.00430358
    0.168971 -0.000133285   0.00430358     0.337313
IMAGINARY
          0  0.00552785 -0.00365434  0.00447762
-0.00552785           0 -0.00213296   -0.026612
 0.00365434  0.00213296           0  -0.0067385
-0.00447762    0.026612   0.0067385           0
EndNode2[0]<--->HoM1[0]
REAL
    0.340224  -0.00839572   0.00586215     0.185222
 -0.00839572     0.161252 -0.000574899  -0.00319469
  0.00586215 -0.000574899     0.152392   0.00394996
    0.185222  -0.00319469   0.00394996     0.346131
IMAGINARY
          0 -0.00170499  0.00701785  0.00534847
 0.00170499           0   0.0183202 -0.00324973
-0.00701785  -0.0183202           0 -0.00438197
-0.00534847  0.00324973  0.00438197           0
Repeater1[0]<--->EndNode1[0]
REAL
    0.358209   -0.0191206   0.00712843     0.168971
  -0.0191206     0.150448   0.00311113   0.00430358
  0.00712843   0.00311113      0.15403 -0.000133285
    0.168971   0.00430358 -0.000133285     0.337313
IMAGINARY
          0 -0.00365434  0.00552785  0.00447762
 0.00365434           0  0.00213296  -0.0067385
-0.00552785 -0.00213296           0   -0.026612
-0.00447762   0.0067385    0.026612           0
Repeater1[0]<--->HoM1[0]
REAL
    0.340224   0.00586215  -0.00839572     0.185222
  0.00586215     0.152392 -0.000574899   0.00394996
 -0.00839572 -0.000574899     0.161252  -0.00319469
    0.185222   0.00394996  -0.00319469     0.346131
IMAGINARY
          0  0.00701785 -0.00170499  0.00534847
-0.00701785           0  -0.0183202 -0.00438197
 0.00170499   0.0183202           0 -0.00324973
-0.00534847  0.00438197  0.00324973           0
EndNode1[0]<--->Repeater1[0]
REAL
    0.34023  -0.0119034 -0.00959415    0.202637
 -0.0119034    0.154023 0.000186863 -0.00837761
-0.00959415 0.000186863    0.171264 -0.00157538
   0.202637 -0.00837761 -0.00157538    0.334483
IMAGINARY
           0  -0.00135814   0.00423575  -0.00190982
  0.00135814            0  -0.00952713  -0.00248546
 -0.00423575   0.00952713            0  0.000774708
  0.00190982   0.00248546 -0.000774708            0
EndNode2[0]<--->HoM1[0]
REAL
   0.340374 -0.00972409   0.0012746    0.201643
-0.00972409    0.155703 -0.00337201 -0.00395796
  0.0012746 -0.00337201    0.146651 -0.00369273
   0.201643 -0.00395796 -0.00369273    0.357272
IMAGINARY
          0 -0.00220362    0.010472  0.00859726
 0.00220362           0 -0.00798751    0.010472
  -0.010472  0.00798751           0  -0.0104807
-0.00859726   -0.010472   0.0104807           0
Repeater1[0]<--->EndNode1[0]
REAL
    0.34023 -0.00959415  -0.0119034    0.202637
-0.00959415    0.171264 0.000186863 -0.00157538
 -0.0119034 0.000186863    0.154023 -0.00837761
   0.202637 -0.00157538 -0.00837761    0.334483
IMAGINARY
           0   0.00423575  -0.00135814  -0.00190982
 -0.00423575            0   0.00952713  0.000774708
  0.00135814  -0.00952713            0  -0.00248546
  0.00190982 -0.000774708   0.00248546            0
Repeater1[0]<--->HoM1[0]
REAL
   0.340374   0.0012746 -0.00972409    0.201643
  0.0012746    0.146651 -0.00337201 -0.00369273
-0.00972409 -0.00337201    0.155703 -0.00395796
   0.201643 -0.00369273 -0.00395796    0.357272
IMAGINARY
          0    0.010472 -0.00220362  0.00859726
  -0.010472           0  0.00798751  -0.0104807
 0.00220362 -0.00798751           0    0.010472
-0.00859726   0.0104807   -0.010472           0
EndNode1[0]<--->Repeater1[0]
REAL
   0.373035 -0.00465251  0.00823685      0.1754
-0.00465251    0.165659  -0.0148335  0.00238889
 0.00823685  -0.0148335    0.155985   0.0135073
     0.1754  0.00238889   0.0135073     0.30532
IMAGINARY
           0  -0.00893431   0.00760593  -0.00334432
  0.00893431            0   0.00274264  -0.00490971
 -0.00760593  -0.00274264            0  0.000845638
  0.00334432   0.00490971 -0.000845638            0
EndNode2[0]<--->HoM1[0]
REAL
   0.347163    0.012516  -0.0111244    0.193215
   0.012516    0.152532 -0.00246324   -0.011419
 -0.0111244 -0.00246324    0.159243 0.000200746
   0.193215   -0.011419 0.000200746    0.341062
IMAGINARY
           0    0.0123504     0.016937  0.000634222
  -0.0123504            0  -0.00500376   0.00704173
   -0.016937   0.00500376            0  -0.00435751
-0.000634222  -0.00704173   0.00435751            0
Repeater1[0]<--->EndNode1[0]
REAL
   0.373035  0.00823685 -0.00465251      0.1754
 0.00823685    0.155985  -0.0148335   0.0135073
-0.00465251  -0.0148335    0.165659  0.00238889
     0.1754   0.0135073  0.00238889     0.30532
IMAGINARY
           0   0.00760593  -0.00893431  -0.00334432
 -0.00760593            0  -0.00274264  0.000845638
  0.00893431   0.00274264            0  -0.00490971
  0.00334432 -0.000845638   0.00490971            0
Repeater1[0]<--->HoM1[0]
REAL
   0.347163  -0.0111244    0.012516    0.193215
 -0.0111244    0.159243 -0.00246324 0.000200746
   0.012516 -0.00246324    0.152532   -0.011419
   0.193215 0.000200746   -0.011419    0.341062
IMAGINARY
           0     0.016937    0.0123504  0.000634222
   -0.016937            0   0.00500376  -0.00435751
  -0.0123504  -0.00500376            0   0.00704173
-0.000634222   0.00435751  -0.00704173            0
EndNode1[0]<--->Repeater1[0]
REAL
   0.336861   0.0125268 -0.00799783    0.192661
  0.0125268    0.148736  -0.0125444 -0.00369808
-0.00799783  -0.0125444    0.168724 -0.00726365
