EndNode1[0]<--->Repeater1[0]
REAL
   0.366548  -0.0299335  -0.0118992    0.232744
 -0.0299335    0.156584   0.0693532 0.000758996
 -0.0118992   0.0693532    0.151839 -0.00872967
   0.232744 0.000758996 -0.00872967     0.32503
IMAGINARY
          0   -0.012788   0.0122842  0.00171926
   0.012788           0   0.0105388 -0.00491322
 -0.0122842  -0.0105388           0  0.00296001
-0.00171926  0.00491322 -0.00296001           0
EndNode2[0]<--->HoM1[0]
REAL
   0.373248  0.00190923  -0.0025413    0.275018
 0.00190923    0.129936   0.0445496 -0.00444727
 -0.0025413   0.0445496    0.157962  0.00126739
   0.275018 -0.00444727  0.00126739    0.338854
IMAGINARY
          0  -0.0041903   0.0021055     0.01811
  0.0041903           0  -0.0138049  -0.0125222
 -0.0021055   0.0138049           0  0.00288821
   -0.01811   0.0125222 -0.00288821           0
Repeater1[0]<--->EndNode1[0]
REAL
   0.366548  -0.0118992  -0.0299335    0.232744
 -0.0118992    0.151839   0.0693532 -0.00872967
 -0.0299335   0.0693532    0.156584 0.000758996
   0.232744 -0.00872967 0.000758996     0.32503
IMAGINARY
          0   0.0122842   -0.012788  0.00171926
 -0.0122842           0  -0.0105388  0.00296001
   0.012788   0.0105388           0 -0.00491322
-0.00171926 -0.00296001  0.00491322           0
Repeater1[0]<--->HoM1[0]
REAL
   0.373248  -0.0025413  0.00190923    0.275018
 -0.0025413    0.157962   0.0445496  0.00126739
 0.00190923   0.0445496    0.129936 -0.00444727
   0.275018  0.00126739 -0.00444727    0.338854
IMAGINARY
          0   0.0021055  -0.0041903     0.01811
 -0.0021055           0   0.0138049  0.00288821
  0.0041903  -0.0138049           0  -0.0125222
   -0.01811 -0.00288821   0.0125222           0
EndNode1[0]<--->Repeater1[0]
REAL
  0.345997 -0.0115124 0.00880314   0.219051
-0.0115124   0.166893  0.0498783 0.00686265
0.00880314  0.0498783   0.147897 0.00498502
  0.219051 0.00686265 0.00498502   0.339213
IMAGINARY
          0  -0.0342945  -0.0223223   0.0319323
  0.0342945           0  0.00799616    0.019816
  0.0223223 -0.00799616           0  -0.0183371
 -0.0319323   -0.019816   0.0183371           0
EndNode2[0]<--->HoM1[0]
REAL
   0.381643  -0.0047747 -0.00825699    0.261271
 -0.0047747    0.136473   0.0659063  -0.0102127
-0.00825699   0.0659063    0.138889   0.0245636
   0.261271  -0.0102127   0.0245636    0.342995
IMAGINARY
           0     0.010585   0.00157491   -0.0150618
   -0.010585            0   -0.0131363 -0.000912655
 -0.00157491    0.0131363            0    0.0099448
   0.0150618  0.000912655   -0.0099448            0
Repeater1[0]<--->EndNode1[0]
REAL
  0.345997 0.00880314 -0.0115124   0.219051
0.00880314   0.147897  0.0498783 0.00498502
-0.0115124  0.0498783   0.166893 0.00686265
  0.219051 0.00498502 0.00686265   0.339213
IMAGINARY
          0  -0.0223223  -0.0342945   0.0319323
  0.0223223           0 -0.00799616  -0.0183371
  0.0342945  0.00799616           0    0.019816
 -0.0319323   0.0183371   -0.019816           0
Repeater1[0]<--->HoM1[0]
REAL
   0.381643 -0.00825699  -0.0047747    0.261271
-0.00825699    0.138889   0.0659063   0.0245636
 -0.0047747   0.0659063    0.136473  -0.0102127
   0.261271   0.0245636  -0.0102127    0.342995
IMAGINARY
           0   0.00157491     0.010585   -0.0150618
 -0.00157491            0    0.0131363    0.0099448
   -0.010585   -0.0131363            0 -0.000912655
   0.0150618   -0.0099448  0.000912655            0
EndNode1[0]<--->Repeater1[0]
REAL
   0.362681 -0.00318805 -0.00503436    0.253476
-0.00318805    0.147175   0.0533422  -0.0075919
-0.00503436   0.0533422    0.152431 -0.00817558
   0.253476  -0.0075919 -0.00817558    0.337714
IMAGINARY
          0 -0.00654395  0.00517349  -0.0173778
 0.00654395           0   0.0180147  -0.0219071
-0.00517349  -0.0180147           0   0.0179228
  0.0173778   0.0219071  -0.0179228           0
EndNode2[0]<--->HoM1[0]
REAL
    0.362092   0.00331586  -0.00896151     0.242745
  0.00331586      0.14902    0.0447863   -0.0152115
 -0.00896151    0.0447863     0.138562 -0.000771332
    0.242745   -0.0152115 -0.000771332     0.350327
IMAGINARY
          0 -0.00242184   0.0107945 -0.00095424
 0.00242184           0  0.00592936   0.0252599
 -0.0107945 -0.00592936           0 -0.00370061
 0.00095424  -0.0252599  0.00370061           0
Repeater1[0]<--->EndNode1[0]
REAL
   0.362681 -0.00503436 -0.00318805    0.253476
-0.00503436    0.152431   0.0533422 -0.00817558
-0.00318805   0.0533422    0.147175  -0.0075919
   0.253476 -0.00817558  -0.0075919    0.337714
IMAGINARY
          0  0.00517349 -0.00654395  -0.0173778
-0.00517349           0  -0.0180147   0.0179228
 0.00654395   0.0180147           0  -0.0219071
  0.0173778  -0.0179228   0.0219071           0
Repeater1[0]<--->HoM1[0]
REAL
    0.362092  -0.00896151   0.00331586     0.242745
 -0.00896151     0.138562    0.0447863 -0.000771332
  0.00331586    0.0447863      0.14902   -0.0152115
    0.242745 -0.000771332   -0.0152115     0.350327
IMAGINARY
          0   0.0107945 -0.00242184 -0.00095424
 -0.0107945           0 -0.00592936 -0.00370061
 0.00242184  0.00592936           0   0.0252599
 0.00095424  0.00370061  -0.0252599           0
EndNode1[0]<--->Repeater1[0]
REAL
 0.354712 0.0129419 0.0132743  0.237431
0.0129419  0.121728  0.045123 0.0189633
0.0132743  0.045123  0.181937 0.0117104
 0.237431 0.0189633 0.0117104  0.341623
IMAGINARY
           0   0.00539308    0.0065337    0.0149503
 -0.00539308            0   0.00588299   -0.0065337
  -0.0065337  -0.00588299            0 -8.80404e-05
  -0.0149503    0.0065337  8.80404e-05            0
EndNode2[0]<--->HoM1[0]
REAL
   0.338939  -0.0026013  0.00963191    0.247107
 -0.0026013    0.150065   0.0467075 -0.00318861
 0.00963191   0.0467075    0.153946   -0.003842
   0.247107 -0.00318861   -0.003842     0.35705
IMAGINARY
          0 -0.00316183  0.00902713  0.00870266
 0.00316183           0  -0.0152301   0.0129436
-0.00902713   0.0152301           0   0.0011645
-0.00870266  -0.0129436  -0.0011645           0
Repeater1[0]<--->EndNode1[0]
REAL
 0.354712 0.0132743 0.0129419  0.237431
0.0132743  0.181937  0.045123 0.0117104
0.0129419  0.045123  0.121728 0.0189633
 0.237431 0.0117104 0.0189633  0.341623
IMAGINARY
           0    0.0065337   0.00539308    0.0149503
  -0.0065337            0  -0.00588299 -8.80404e-05
 -0.00539308   0.00588299            0   -0.0065337
  -0.0149503  8.80404e-05    0.0065337            0
Repeater1[0]<--->HoM1[0]
REAL
   0.338939  0.00963191  -0.0026013    0.247107
 0.00963191    0.153946   0.0467075   -0.003842
 -0.0026013   0.0467075    0.150065 -0.00318861
   0.247107   -0.003842 -0.00318861     0.35705
IMAGINARY
          0  0.00902713 -0.00316183  0.00870266
-0.00902713           0   0.0152301   0.0011645
 0.00316183  -0.0152301           0   0.0129436
-0.00870266  -0.0011645  -0.0129436           0
EndNode1[0]<--->Repeater1[0]
REAL
   0.385117 -0.00436362  -0.0166153    0.245592
-0.00436362    0.159269   0.0482735   0.0172288
 -0.0166153   0.0482735    0.144909  0.00988509
   0.245592   0.0172288  0.00988509    0.310705
IMAGINARY
          0 -0.00606641 -0.00808797  0.00394897
 0.00606641           0  0.00394897 -0.00404485
 0.00808797 -0.00394897           0 -0.00606641
-0.00394897  0.00404485  0.00606641           0
EndNode2[0]<--->HoM1[0]
REAL
   0.373995  -0.0313431  -0.0063101    0.242269
 -0.0313431    0.126005   0.0618177  -0.0141226
 -0.0063101   0.0618177    0.151475 -0.00231079
   0.242269  -0.0141226 -0.00231079    0.348525
IMAGINARY
          0  -0.0247577   0.0146592   0.0135255
  0.0247577           0 -0.00294351   0.0191754
 -0.0146592  0.00294351           0  -0.0228614
 -0.0135255  -0.0191754   0.0228614           0
Repeater1[0]<--->EndNode1[0]
REAL
   0.385117  -0.0166153 -0.00436362    0.245592
 -0.0166153    0.144909   0.0482735  0.00988509
-0.00436362   0.0482735    0.159269   0.0172288
   0.245592  0.00988509   0.0172288    0.310705
IMAGINARY
          0 -0.00808797 -0.00606641  0.00394897
 0.00808797           0 -0.00394897 -0.00606641
 0.00606641  0.00394897           0 -0.00404485
-0.00394897  0.00606641  0.00404485           0
Repeater1[0]<--->HoM1[0]
REAL
   0.373995  -0.0063101  -0.0313431    0.242269
 -0.0063101    0.151475   0.0618177 -0.00231079
 -0.0313431   0.0618177    0.126005  -0.0141226
   0.242269 -0.00231079  -0.0141226    0.348525
IMAGINARY
          0   0.0146592  -0.0247577   0.0135255
 -0.0146592           0  0.00294351  -0.0228614
  0.0247577 -0.00294351           0   0.0191754
 -0.0135255   0.0228614  -0.0191754           0
EndNode1[0]<--->Repeater1[0]
REAL
   0.351902 -0.00853102  0.00286364    0.261848
-0.00853102     0.15625   0.0376655   0.0220452
 0.00286364   0.0376655     0.14538   0.0152139
   0.261848   0.0220452   0.0152139    0.346467
IMAGINARY
          0 -0.00357391 -0.00297005 -0.00884151
 0.00357391           0  -0.0158838 -0.00944826
 0.00297005   0.0158838           0   0.0120706
 0.00884151  0.00944826  -0.0120706           0
EndNode2[0]<--->HoM1[0]
REAL
  0.357664 0.00697848  0.0017851   0.233765
0.00697848     0.1618  0.0504955 0.00703444
 0.0017851  0.0504955   0.131387 -0.0185117
  0.233765 0.00703444 -0.0185117   0.349148
IMAGINARY
          0  0.00247974  0.00778952   0.0088655
-0.00247974           0 -0.00698816  0.00306617
-0.00778952  0.00698816           0   0.0122074
 -0.0088655 -0.00306617  -0.0122074           0
Repeater1[0]<--->EndNode1[0]
REAL
   0.351902  0.00286364 -0.00853102    0.261848
 0.00286364     0.14538   0.0376655   0.0152139
-0.00853102   0.0376655     0.15625   0.0220452
   0.261848   0.0152139   0.0220452    0.346467
IMAGINARY
          0 -0.00297005 -0.00357391 -0.00884151
 0.00297005           0   0.0158838   0.0120706
 0.00357391  -0.0158838           0 -0.00944826
 0.00884151  -0.0120706  0.00944826           0
Repeater1[0]<--->HoM1[0]
REAL
  0.357664  0.0017851 0.00697848   0.233765
 0.0017851   0.131387  0.0504955 -0.0185117
0.00697848  0.0504955     0.1618 0.00703444
  0.233765 -0.0185117 0.00703444   0.349148
IMAGINARY
          0  0.00778952  0.00247974   0.0088655
-0.00778952           0  0.00698816   0.0122074
-0.00247974 -0.00698816           0  0.00306617
 -0.0088655  -0.0122074 -0.00306617           0
EndNode1[0]<--->Repeater1[0]
REAL
  0.370277 0.00804376 0.00579827    0.25273
0.00804376   0.168766  0.0542193 0.00514124
0.00579827  0.0542193    0.13602 0.00804376
   0.25273 0.00514124 0.00804376   0.324937
IMAGINARY
          0   -0.010033  0.00588337 -0.00259918
   0.010033           0    0.031245  0.00652358
-0.00588337   -0.031245           0 -0.00609601
 0.00259918 -0.00652358  0.00609601           0
EndNode2[0]<--->HoM1[0]
REAL
    0.366005  -0.00487871 -0.000559142     0.240448
 -0.00487871     0.130273    0.0710708   0.00186804
-0.000559142    0.0710708     0.152605   -0.0199904
    0.240448   0.00186804   -0.0199904     0.351117
IMAGINARY
           0 -0.000463557  -0.00167005   -0.0218943
 0.000463557            0    -0.014202  -0.00917005
  0.00167005     0.014202            0   -0.0293467
   0.0218943   0.00917005    0.0293467            0
Repeater1[0]<--->EndNode1[0]
REAL
  0.370277 0.00579827 0.00804376    0.25273
0.00579827    0.13602  0.0542193 0.00804376
0.00804376  0.0542193   0.168766 0.00514124
   0.25273 0.00804376 0.00514124   0.324937
IMAGINARY
          0  0.00588337   -0.010033 -0.00259918
-0.00588337           0   -0.031245 -0.00609601
   0.010033    0.031245           0  0.00652358
 0.00259918  0.00609601 -0.00652358           0
Repeater1[0]<--->HoM1[0]
REAL
    0.366005 -0.000559142  -0.00487871     0.240448
-0.000559142     0.152605    0.0710708   -0.0199904
 -0.00487871    0.0710708     0.130273   0.00186804
    0.240448   -0.0199904   0.00186804     0.351117
IMAGINARY
           0  -0.00167005 -0.000463557   -0.0218943
  0.00167005            0     0.014202   -0.0293467
 0.000463557    -0.014202            0  -0.00917005
   0.0218943    0.0293467   0.00917005            0
EndNode1[0]<--->Repeater1[0]
REAL
   0.371147   0.0111083 -0.00852854    0.259917
  0.0111083    0.151665   0.0458196  0.00526909
-0.00852854   0.0458196    0.149199  -0.0208867
   0.259917  0.00526909  -0.0208867     0.32799
IMAGINARY
          0  -0.0203237   0.0244135  0.00355062
  0.0203237           0   0.0104567   0.0144534
 -0.0244135  -0.0104567           0  -0.0172258
-0.00355062  -0.0144534   0.0172258           0
EndNode2[0]<--->HoM1[0]
REAL
   0.371242   0.0218022   0.0257918    0.234217
  0.0218022    0.132026   0.0557431 -0.00795822
  0.0257918   0.0557431    0.134641  0.00527836
   0.234217 -0.00795822  0.00527836    0.362092
IMAGINARY
           0   -0.0118364 -0.000521958     0.015746
   0.0118364            0  -0.00466221   0.00597155
 0.000521958   0.00466221            0  -0.00723718
   -0.015746  -0.00597155   0.00723718            0
Repeater1[0]<--->EndNode1[0]
REAL
   0.371147 -0.00852854   0.0111083    0.259917
-0.00852854    0.149199   0.0458196  -0.0208867
  0.0111083   0.0458196    0.151665  0.00526909
   0.259917  -0.0208867  0.00526909     0.32799
IMAGINARY
          0   0.0244135  -0.0203237  0.00355062
 -0.0244135           0  -0.0104567  -0.0172258
  0.0203237   0.0104567           0   0.0144534
-0.00355062   0.0172258  -0.0144534           0
Repeater1[0]<--->HoM1[0]
REAL
   0.371242   0.0257918   0.0218022    0.234217
  0.0257918    0.134641   0.0557431  0.00527836
  0.0218022   0.0557431    0.132026 -0.00795822
   0.234217  0.00527836 -0.00795822    0.362092
IMAGINARY
           0 -0.000521958   -0.0118364     0.015746
 0.000521958            0   0.00466221  -0.00723718
   0.0118364  -0.00466221            0   0.00597155
   -0.015746   0.00723718  -0.00597155            0
EndNode1[0]<--->Repeater1[0]
REAL
  0.361538 -0.0109189 -0.0141562   0.255446
-0.0109189   0.157692  0.0281729 0.00193129
-0.0141562  0.0281729   0.155128  0.0170314
  0.255446 0.00193129  0.0170314   0.325641
IMAGINARY
          0  0.00440125  0.00791598  0.00571923
-0.00440125           0   0.0216506  0.00377233
-0.00791598  -0.0216506           0  -0.0264792
-0.00571923 -0.00377233   0.0264792           0
EndNode2[0]<--->HoM1[0]
REAL
   0.355405  0.00689164   0.0191432    0.262972
 0.00689164    0.133784   0.0580541 -0.00224713
  0.0191432   0.0580541        0.15  0.00624979
   0.262972 -0.00224713  0.00624979    0.360811
IMAGINARY
          0  0.00841596   0.0105844  -0.0201343
-0.00841596           0  -0.0153496  -0.0175201
 -0.0105844   0.0153496           0 -0.00400234
  0.0201343   0.0175201  0.00400234           0
Repeater1[0]<--->EndNode1[0]
REAL
  0.361538 -0.0141562 -0.0109189   0.255446
-0.0141562   0.155128  0.0281729  0.0170314
-0.0109189  0.0281729   0.157692 0.00193129
  0.255446  0.0170314 0.00193129   0.325641
IMAGINARY
          0  0.00791598  0.00440125  0.00571923
-0.00791598           0  -0.0216506  -0.0264792
-0.00440125   0.0216506           0  0.00377233
-0.00571923   0.0264792 -0.00377233           0
Repeater1[0]<--->HoM1[0]
REAL
   0.355405   0.0191432  0.00689164    0.262972
  0.0191432        0.15   0.0580541  0.00624979
 0.00689164   0.0580541    0.133784 -0.00224713
   0.262972  0.00624979 -0.00224713    0.360811
IMAGINARY
          0   0.0105844  0.00841596  -0.0201343
 -0.0105844           0   0.0153496 -0.00400234
-0.00841596  -0.0153496           0  -0.0175201
  0.0201343  0.00400234   0.0175201           0
EndNode1[0]<--->Repeater1[0]
REAL
   0.338403   0.0197787   0.0226634    0.254608
  0.0197787    0.155894   0.0668664  0.00385665
  0.0226634   0.0668664    0.131812 -0.00619529
   0.254608  0.00385665 -0.00619529    0.373891
IMAGINARY
          0  0.00010078 -0.00420599   0.0049537
-0.00010078           0  -0.0146062  -0.0106327
 0.00420599   0.0146062           0 -0.00590723
 -0.0049537   0.0106327  0.00590723           0
EndNode2[0]<--->HoM1[0]
REAL
  0.358629  0.0246369  0.0148369   0.244826
 0.0246369   0.138311  0.0689121  0.0135647
 0.0148369  0.0689121   0.135863 0.00244368
  0.244826  0.0135647 0.00244368   0.367197
IMAGINARY
           0  -0.00387283  -0.00835902  0.000273915
  0.00387283            0   0.00620277    0.0077285
  0.00835902  -0.00620277            0   0.00324231
-0.000273915   -0.0077285  -0.00324231            0
Repeater1[0]<--->EndNode1[0]
REAL
   0.338403   0.0226634   0.0197787    0.254608
  0.0226634    0.131812   0.0668664 -0.00619529
  0.0197787   0.0668664    0.155894  0.00385665
   0.254608 -0.00619529  0.00385665    0.373891
IMAGINARY
          0 -0.00420599  0.00010078   0.0049537
 0.00420599           0   0.0146062 -0.00590723
-0.00010078  -0.0146062           0  -0.0106327
 -0.0049537  0.00590723   0.0106327           0
Repeater1[0]<--->HoM1[0]
REAL
  0.358629  0.0148369  0.0246369   0.244826
 0.0148369   0.135863  0.0689121 0.00244368
 0.0246369  0.0689121   0.138311  0.0135647
  0.244826 0.00244368  0.0135647   0.367197
IMAGINARY
           0  -0.00835902  -0.00387283  0.000273915
  0.00835902            0  -0.00620277   0.00324231
  0.00387283   0.00620277            0    0.0077285
-0.000273915  -0.00324231   -0.0077285            0
EndNode1[0]<--->Repeater1[0]
REAL
   0.368775 2.53749e-05   0.0178571    0.251621
2.53749e-05    0.156124   0.0302668  -0.0127551
  0.0178571   0.0302668    0.131898 -0.00130089
   0.251621  -0.0127551 -0.00130089    0.343203
IMAGINARY
          0 -0.00504889  0.00345077 -0.00362325
 0.00504889           0 -0.00935574 -0.00605494
-0.00345077  0.00935574           0   0.0102572
 0.00362325  0.00605494  -0.0102572           0
EndNode2[0]<--->HoM1[0]
REAL
   0.352394 -0.00931917   0.0112346    0.245173
-0.00931917    0.132979   0.0538153 -0.00301717
  0.0112346   0.0538153    0.131649  0.00615862
   0.245173 -0.00301717  0.00615862    0.382979
IMAGINARY
          0  0.00212611 -0.00998833   0.0101486
-0.00212611           0  0.00157016  -0.0112737
 0.00998833 -0.00157016           0  0.00404673
 -0.0101486   0.0112737 -0.00404673           0
Repeater1[0]<--->EndNode1[0]
REAL
   0.368775   0.0178571 2.53749e-05    0.251621
  0.0178571    0.131898   0.0302668 -0.00130089
2.53749e-05   0.0302668    0.156124  -0.0127551
   0.251621 -0.00130089  -0.0127551    0.343203
IMAGINARY
          0  0.00345077 -0.00504889 -0.00362325
-0.00345077           0  0.00935574   0.0102572
 0.00504889 -0.00935574           0 -0.00605494
 0.00362325  -0.0102572  0.00605494           0
Repeater1[0]<--->HoM1[0]
REAL
   0.352394   0.0112346 -0.00931917    0.245173
  0.0112346    0.131649   0.0538153  0.00615862
-0.00931917   0.0538153    0.132979 -0.00301717
   0.245173  0.00615862 -0.00301717    0.382979
IMAGINARY
          0 -0.00998833  0.00212611   0.0101486
 0.00998833           0 -0.00157016  0.00404673
-0.00212611  0.00157016           0  -0.0112737
 -0.0101486 -0.00404673   0.0112737           0
EndNode1[0]<--->Repeater1[0]
REAL
    0.3663 0.00970687 0.00123653   0.247097
0.00970687   0.153846  0.0451105 0.00655568
0.00123653  0.0451105   0.130647 0.00328014
  0.247097 0.00655568 0.00328014   0.349206
IMAGINARY
          0   0.0329911   -0.025059 -0.00209302
 -0.0329911           0   0.0139532  -0.0193119
   0.025059  -0.0139532           0   0.0100553
 0.00209302   0.0193119  -0.0100553           0
EndNode2[0]<--->HoM1[0]
REAL
  0.361538  0.0115844  0.0103701   0.241405
 0.0115844   0.137179  0.0594024 0.00645362
 0.0103701  0.0594024   0.147436 0.00523926
  0.241405 0.00645362 0.00523926   0.353846
IMAGINARY
           0   -0.0219263   0.00689325   -0.0144149
   0.0219263            0    0.0200895    0.0113747
 -0.00689325   -0.0200895            0 -0.000401127
   0.0144149   -0.0113747  0.000401127            0
Repeater1[0]<--->EndNode1[0]
REAL
    0.3663 0.00123653 0.00970687   0.247097
0.00123653   0.130647  0.0451105 0.00328014
0.00970687  0.0451105   0.153846 0.00655568
  0.247097 0.00328014 0.00655568   0.349206
IMAGINARY
          0   -0.025059   0.0329911 -0.00209302
   0.025059           0  -0.0139532   0.0100553
 -0.0329911   0.0139532           0  -0.0193119
 0.00209302  -0.0100553   0.0193119           0
Repeater1[0]<--->HoM1[0]
REAL
  0.361538  0.0103701  0.0115844   0.241405
 0.0103701   0.147436  0.0594024 0.00523926
 0.0115844  0.0594024   0.137179 0.00645362
  0.241405 0.00523926 0.00645362   0.353846
IMAGINARY
           0   0.00689325   -0.0219263   -0.0144149
 -0.00689325            0   -0.0200895 -0.000401127
   0.0219263    0.0200895            0    0.0113747
   0.0144149  0.000401127   -0.0113747            0
EndNode1[0]<--->Repeater1[0]
REAL
   0.359236  0.00194432  -0.0221477     0.24622
 0.00194432    0.146497   0.0645186   0.0107383
 -0.0221477   0.0645186    0.152866 -0.00127318
    0.24622   0.0107383 -0.00127318    0.341401
IMAGINARY
          0   0.0216976 -0.00103785  0.00116122
 -0.0216976           0 -0.00617375  0.00748115
 0.00103785  0.00617375           0  -0.0268522
-0.00116122 -0.00748115   0.0268522           0
EndNode2[0]<--->HoM1[0]
REAL
   0.372903 -0.00325361  0.00210124    0.232942
-0.00325361    0.135484   0.0662755 -0.00275313
 0.00210124   0.0662755    0.138065  -0.0026134
   0.232942 -0.00275313  -0.0026134    0.353548
IMAGINARY
          0  -0.0157647  0.00254769    0.011229
  0.0157647           0 -0.00797798  -0.0180516
-0.00254769  0.00797798           0  -0.0126591
  -0.011229   0.0180516   0.0126591           0
Repeater1[0]<--->EndNode1[0]
REAL
   0.359236  -0.0221477  0.00194432     0.24622
 -0.0221477    0.152866   0.0645186 -0.00127318
 0.00194432   0.0645186    0.146497   0.0107383
    0.24622 -0.00127318   0.0107383    0.341401
IMAGINARY
          0 -0.00103785   0.0216976  0.00116122
 0.00103785           0  0.00617375  -0.0268522
 -0.0216976 -0.00617375           0  0.00748115
-0.00116122   0.0268522 -0.00748115           0
Repeater1[0]<--->HoM1[0]
REAL
   0.372903  0.00210124 -0.00325361    0.232942
 0.00210124    0.138065   0.0662755  -0.0026134
-0.00325361   0.0662755    0.135484 -0.00275313
   0.232942  -0.0026134 -0.00275313    0.353548
IMAGINARY
          0  0.00254769  -0.0157647    0.011229
-0.00254769           0  0.00797798  -0.0126591
  0.0157647 -0.00797798           0  -0.0180516
  -0.011229   0.0126591   0.0180516           0
EndNode1[0]<--->Repeater1[0]
REAL
   0.361508  0.00591635   0.0215168    0.266758
 0.00591635    0.139142   0.0466089 -0.00827594
  0.0215168   0.0466089    0.135241   0.0148907
   0.266758 -0.00827594   0.0148907    0.364109
IMAGINARY
          0  -0.0048546  -0.0125756  0.00323196
  0.0048546           0  0.00260461  -0.0247378
  0.0125756 -0.00260461           0  -0.0113146
-0.00323196   0.0247378   0.0113146           0
EndNode2[0]<--->HoM1[0]
REAL
   0.359274  0.00571704   0.0134874    0.244677
 0.00571704    0.151751   0.0593434   0.0078694
  0.0134874   0.0593434    0.149157 -0.00697332
   0.244677   0.0078694 -0.00697332    0.339818
IMAGINARY
          0 -0.00174359  0.00367851  0.00796984
 0.00174359           0  0.00539914 -0.00901184
-0.00367851 -0.00539914           0  -0.0222564
-0.00796984  0.00901184   0.0222564           0
Repeater1[0]<--->EndNode1[0]
REAL
   0.361508   0.0215168  0.00591635    0.266758
  0.0215168    0.135241   0.0466089   0.0148907
 0.00591635   0.0466089    0.139142 -0.00827594
   0.266758   0.0148907 -0.00827594    0.364109
IMAGINARY
          0  -0.0125756  -0.0048546  0.00323196
  0.0125756           0 -0.00260461  -0.0113146
  0.0048546  0.00260461           0  -0.0247378
-0.00323196   0.0113146   0.0247378           0
Repeater1[0]<--->HoM1[0]
REAL
   0.359274   0.0134874  0.00571704    0.244677
  0.0134874    0.149157   0.0593434 -0.00697332
 0.00571704   0.0593434    0.151751   0.0078694
   0.244677 -0.00697332   0.0078694    0.339818
IMAGINARY
          0  0.00367851 -0.00174359  0.00796984
-0.00367851           0 -0.00539914  -0.0222564
 0.00174359  0.00539914           0 -0.00901184
-0.00796984   0.0222564  0.00901184           0
EndNode1[0]<--->Repeater1[0]
REAL
   0.363757 -0.00944334  0.00733731    0.265319
-0.00944334    0.141534   0.0464893   0.0104979
 0.00733731   0.0464893    0.169312   0.0112884
   0.265319   0.0104979   0.0112884    0.325397
IMAGINARY
           0    0.0127226   -0.0213406   -0.0155094
  -0.0127226            0  -0.00487107 -0.000287934
   0.0213406   0.00487107            0   -0.0101781
   0.0155094  0.000287934    0.0101781            0
EndNode2[0]<--->HoM1[0]
REAL
    0.350327   -0.0134287 -0.000675676     0.243655
  -0.0134287      0.11634    0.0634518  0.000675676
-0.000675676    0.0634518     0.163399  -0.00433779
    0.243655  0.000675676  -0.00433779     0.369935
IMAGINARY
           0   0.00221961   -0.0129941   0.00474457
 -0.00221961            0   -0.0125853  0.000303759
   0.0129941    0.0125853            0  0.000318465
 -0.00474457 -0.000303759 -0.000318465            0
Repeater1[0]<--->EndNode1[0]
REAL
   0.363757  0.00733731 -0.00944334    0.265319
 0.00733731    0.169312   0.0464893   0.0112884
-0.00944334   0.0464893    0.141534   0.0104979
   0.265319   0.0112884   0.0104979    0.325397
IMAGINARY
           0   -0.0213406    0.0127226   -0.0155094
   0.0213406            0   0.00487107   -0.0101781
  -0.0127226  -0.00487107            0 -0.000287934
   0.0155094    0.0101781  0.000287934            0
Repeater1[0]<--->HoM1[0]
REAL
    0.350327 -0.000675676   -0.0134287     0.243655
-0.000675676     0.163399    0.0634518  -0.00433779
  -0.0134287    0.0634518      0.11634  0.000675676
    0.243655  -0.00433779  0.000675676     0.369935
IMAGINARY
           0   -0.0129941   0.00221961   0.00474457
   0.0129941            0    0.0125853  0.000318465
 -0.00221961   -0.0125853            0  0.000303759
 -0.00474457 -0.000318465 -0.000303759            0
EndNode1[0]<--->Repeater1[0]
REAL
   0.355911  -0.0107855 -0.00501908    0.253022
 -0.0107855    0.124384   0.0544642 -0.00567611
-0.00501908   0.0544642    0.171182  -0.0186263
   0.253022 -0.00567611  -0.0186263    0.348522
IMAGINARY
           0  -0.00486308    0.0100415    0.0107218
  0.00486308            0  -0.00385364 -0.000211849
  -0.0100415   0.00385364            0   -0.0311789
  -0.0107218  0.000211849    0.0311789            0
EndNode2[0]<--->HoM1[0]
REAL
    0.359551    0.0239671 -0.000880966     0.250365
   0.0239671     0.146067     0.049635   0.00867317
-0.000880966     0.049635     0.161049   -0.0213697
    0.250365   0.00867317   -0.0213697     0.333333
IMAGINARY
           0    0.0114271   0.00321055    0.0193646
  -0.0114271            0 -0.000896793   0.00773836
 -0.00321055  0.000896793            0   -0.0199429
  -0.0193646  -0.00773836    0.0199429            0
Repeater1[0]<--->EndNode1[0]
REAL
   0.355911 -0.00501908  -0.0107855    0.253022
-0.00501908    0.171182   0.0544642  -0.0186263
 -0.0107855   0.0544642    0.124384 -0.00567611
   0.253022  -0.0186263 -0.00567611    0.348522
IMAGINARY
           0    0.0100415  -0.00486308    0.0107218
  -0.0100415            0   0.00385364   -0.0311789
  0.00486308  -0.00385364            0 -0.000211849
  -0.0107218    0.0311789  0.000211849            0
Repeater1[0]<--->HoM1[0]
REAL
    0.359551 -0.000880966    0.0239671     0.250365
-0.000880966     0.161049     0.049635   -0.0213697
   0.0239671     0.049635     0.146067   0.00867317
    0.250365   -0.0213697   0.00867317     0.333333
IMAGINARY
           0   0.00321055    0.0114271    0.0193646
 -0.00321055            0  0.000896793   -0.0199429
  -0.0114271 -0.000896793            0   0.00773836
  -0.0193646    0.0199429  -0.00773836            0
EndNode1[0]<--->Repeater1[0]
REAL
   0.37234  0.0196555  0.0306401   0.248979
 0.0196555   0.134309  0.0571555 -0.0165297
 0.0306401  0.0571555   0.159574 0.00427088
  0.248979 -0.0165297 0.00427088   0.333777
IMAGINARY
           0  0.000544966    0.0134071 -0.000262569
-0.000544966            0   0.00292214    -0.014036
  -0.0134071  -0.00292214            0     0.008889
 0.000262569     0.014036    -0.008889            0
EndNode2[0]<--->HoM1[0]
REAL
  0.345845 0.00981457 -0.0083239   0.241308
0.00981457   0.154155  0.0449931  0.0206527
-0.0083239  0.0449931   0.152815  0.0134731
  0.241308  0.0206527  0.0134731   0.347185
IMAGINARY
          0  -0.0539196   -0.010266  0.00806886
  0.0539196           0   0.0255333    0.015984
   0.010266  -0.0255333           0   0.0113529
-0.00806886   -0.015984  -0.0113529           0
Repeater1[0]<--->EndNode1[0]
REAL
   0.37234  0.0306401  0.0196555   0.248979
 0.0306401   0.159574  0.0571555 0.00427088
 0.0196555  0.0571555   0.134309 -0.0165297
  0.248979 0.00427088 -0.0165297   0.333777
IMAGINARY
           0    0.0134071  0.000544966 -0.000262569
  -0.0134071            0  -0.00292214     0.008889
-0.000544966   0.00292214            0    -0.014036
 0.000262569    -0.008889     0.014036            0
Repeater1[0]<--->HoM1[0]
REAL
  0.345845 -0.0083239 0.00981457   0.241308
-0.0083239   0.152815  0.0449931  0.0134731
0.00981457  0.0449931   0.154155  0.0206527
  0.241308  0.0134731  0.0206527   0.347185
IMAGINARY
          0   -0.010266  -0.0539196  0.00806886
   0.010266           0  -0.0255333   0.0113529
  0.0539196   0.0255333           0    0.015984
-0.00806886  -0.0113529   -0.015984           0
EndNode1[0]<--->Repeater1[0]
REAL
    0.35248   0.0074375   0.0299797    0.244125
  0.0074375    0.130548   0.0575395 -0.00848181
  0.0299797   0.0575395    0.184073   0.0237692
   0.244125 -0.00848181   0.0237692    0.332898
IMAGINARY
          0 -0.00160577  -0.0196764  0.00468927
 0.00160577           0   0.0289129 -0.00471383
  0.0196764  -0.0289129           0  0.00038626
-0.00468927  0.00471383 -0.00038626           0
EndNode2[0]<--->HoM1[0]
REAL
  0.342747 0.00301754 -0.0183791   0.256735
0.00301754   0.147625  0.0393436  0.0229542
-0.0183791  0.0393436   0.155327 0.00678638
  0.256735  0.0229542 0.00678638     0.3543
IMAGINARY
          0 -0.00347403  0.00366684   0.0130667
 0.00347403           0  -0.0305231  -0.0157441
-0.00366684   0.0305231           0  -0.0134342
 -0.0130667   0.0157441   0.0134342           0
Repeater1[0]<--->EndNode1[0]
REAL
    0.35248   0.0299797   0.0074375    0.244125
  0.0299797    0.184073   0.0575395   0.0237692
  0.0074375   0.0575395    0.130548 -0.00848181
   0.244125   0.0237692 -0.00848181    0.332898
IMAGINARY
          0  -0.0196764 -0.00160577  0.00468927
  0.0196764           0  -0.0289129  0.00038626
 0.00160577   0.0289129           0 -0.00471383
-0.00468927 -0.00038626  0.00471383           0
Repeater1[0]<--->HoM1[0]
REAL
  0.342747 -0.0183791 0.00301754   0.256735
-0.0183791   0.155327  0.0393436 0.00678638
0.00301754  0.0393436   0.147625  0.0229542
  0.256735 0.00678638  0.0229542     0.3543
IMAGINARY
          0  0.00366684 -0.00347403   0.0130667
-0.00366684           0   0.0305231  -0.0134342
 0.00347403  -0.0305231           0  -0.0157441
 -0.0130667   0.0134342   0.0157441           0
EndNode1[0]<--->Repeater1[0]
REAL
    0.371951  -0.00380295    0.0101517     0.246065
 -0.00380295     0.140244    0.0763036   -0.0180464
   0.0101517    0.0763036     0.146341 -0.000144416
    0.246065   -0.0180464 -0.000144416     0.341463
IMAGINARY
          0  -0.0155172   0.0273144  0.00313601
  0.0155172           0 -0.00649172  0.00584205
 -0.0273144  0.00649172           0  0.00755968
-0.00313601 -0.00584205 -0.00755968           0
EndNode2[0]<--->HoM1[0]
REAL
   0.357616 -0.00328527 -0.00493097    0.243396
-0.00328527    0.152318    0.025346  -0.0198467
-0.00493097    0.025346    0.129801  -0.0189511
   0.243396  -0.0198467  -0.0189511    0.360265
IMAGINARY
           0 -0.000930016   0.00913058  -0.00309779
 0.000930016            0    -0.013328   0.00733846
 -0.00913058     0.013328            0    0.0029063
  0.00309779  -0.00733846   -0.0029063            0
Repeater1[0]<--->EndNode1[0]
REAL
    0.371951    0.0101517  -0.00380295     0.246065
   0.0101517     0.146341    0.0763036 -0.000144416
 -0.00380295    0.0763036     0.140244   -0.0180464
    0.246065 -0.000144416   -0.0180464     0.341463
IMAGINARY
          0   0.0273144  -0.0155172  0.00313601
 -0.0273144           0  0.00649172  0.00755968
  0.0155172 -0.00649172           0  0.00584205
-0.00313601 -0.00755968 -0.00584205           0
Repeater1[0]<--->HoM1[0]
REAL
   0.357616 -0.00493097 -0.00328527    0.243396
-0.00493097    0.129801    0.025346  -0.0189511
-0.00328527    0.025346    0.152318  -0.0198467
   0.243396  -0.0189511  -0.0198467    0.360265
IMAGINARY
           0   0.00913058 -0.000930016  -0.00309779
 -0.00913058            0     0.013328    0.0029063
 0.000930016    -0.013328            0   0.00733846
  0.00309779   -0.0029063  -0.00733846            0
EndNode1[0]<--->Repeater1[0]
REAL
   0.380215  -0.0215234 -0.00572745    0.244887
 -0.0215234      0.1323   0.0576285   0.0025828
-0.00572745   0.0576285    0.153754 -0.00300489
   0.244887   0.0025828 -0.00300489    0.333731
IMAGINARY
          0  -0.0289918 -0.00661773   0.0169852
  0.0289918           0  0.00503552   0.0201312
 0.00661773 -0.00503552           0   0.0116173
 -0.0169852  -0.0201312  -0.0116173           0
EndNode2[0]<--->HoM1[0]
REAL
    0.370513  -0.00157375 -0.000589163      0.23285
 -0.00157375     0.148718    0.0564866   0.00253975
-0.000589163    0.0564866     0.160256  -0.00687879
     0.23285   0.00253975  -0.00687879     0.320513
IMAGINARY
          0 -0.00266506  0.00942079  0.00349014
 0.00266506           0 -0.00665871  0.00815497
-0.00942079  0.00665871           0  -0.0112743
-0.00349014 -0.00815497   0.0112743           0
Repeater1[0]<--->EndNode1[0]
REAL
   0.380215 -0.00572745  -0.0215234    0.244887
-0.00572745    0.153754   0.0576285 -0.00300489
 -0.0215234   0.0576285      0.1323   0.0025828
   0.244887 -0.00300489   0.0025828    0.333731
IMAGINARY
          0 -0.00661773  -0.0289918   0.0169852
 0.00661773           0 -0.00503552   0.0116173
  0.0289918  0.00503552           0   0.0201312
 -0.0169852  -0.0116173  -0.0201312           0
Repeater1[0]<--->HoM1[0]
REAL
    0.370513 -0.000589163  -0.00157375      0.23285
-0.000589163     0.160256    0.0564866  -0.00687879
 -0.00157375    0.0564866     0.148718   0.00253975
     0.23285  -0.00687879   0.00253975     0.320513
IMAGINARY
          0  0.00942079 -0.00266506  0.00349014
-0.00942079           0  0.00665871  -0.0112743
 0.00266506 -0.00665871           0  0.00815497
-0.00349014   0.0112743 -0.00815497           0
EndNode1[0]<--->Repeater1[0]
REAL
   0.344828 1.60428e-05  -0.0254693    0.239547
1.60428e-05    0.156499   0.0644526 -0.00119741
 -0.0254693   0.0644526    0.135279   -0.012016
   0.239547 -0.00119741   -0.012016    0.363395
IMAGINARY
          0  0.00509384  0.00622917     0.01889
-0.00509384           0 -0.00369849  -0.0106539
-0.00622917  0.00369849           0 -0.00951862
   -0.01889   0.0106539  0.00951862           0
EndNode2[0]<--->HoM1[0]
REAL
   0.340702  -0.0109282   0.0045438    0.264145
 -0.0109282     0.16775   0.0550297 -0.00333021
  0.0045438   0.0550297    0.158648 -0.00606206
   0.264145 -0.00333021 -0.00606206      0.3329
IMAGINARY
          0   0.0080411   0.0215509   0.0132272
 -0.0080411           0   0.0265606 -0.00814607
 -0.0215509  -0.0265606           0   0.0067042
 -0.0132272  0.00814607  -0.0067042           0
Repeater1[0]<--->EndNode1[0]
REAL
   0.344828  -0.0254693 1.60428e-05    0.239547
 -0.0254693    0.135279   0.0644526   -0.012016
1.60428e-05   0.0644526    0.156499 -0.00119741
   0.239547   -0.012016 -0.00119741    0.363395
IMAGINARY
          0  0.00622917  0.00509384     0.01889
-0.00622917           0  0.00369849 -0.00951862
-0.00509384 -0.00369849           0  -0.0106539
   -0.01889  0.00951862   0.0106539           0
Repeater1[0]<--->HoM1[0]
REAL
   0.340702   0.0045438  -0.0109282    0.264145
  0.0045438    0.158648   0.0550297 -0.00606206
 -0.0109282   0.0550297     0.16775 -0.00333021
   0.264145 -0.00606206 -0.00333021      0.3329
IMAGINARY
          0   0.0215509   0.0080411   0.0132272
 -0.0215509           0  -0.0265606   0.0067042
 -0.0080411   0.0265606           0 -0.00814607
 -0.0132272  -0.0067042  0.00814607           0
EndNode1[0]<--->Repeater1[0]
REAL
    0.35101  -0.0193714 -0.00337058     0.25343
 -0.0193714    0.147727   0.0737614  0.00273526
-0.00337058   0.0737614    0.151515  0.00602963
    0.25343  0.00273526  0.00602963    0.349747
IMAGINARY
          0  -0.0128953 -0.00844852  0.00811058
  0.0128953           0  0.00487643   0.0131766
 0.00844852 -0.00487643           0   0.0164414
-0.00811058  -0.0131766  -0.0164414           0
EndNode2[0]<--->HoM1[0]
REAL
   0.336512   0.0130286 -0.00471949    0.252666
  0.0130286    0.134877   0.0545033   0.0139902
-0.00471949   0.0545033     0.16485  0.00118649
   0.252666   0.0139902  0.00118649     0.36376
IMAGINARY
           0   0.00100612  9.02536e-05   0.00760175
 -0.00100612            0  -0.00325393  -0.00796427
-9.02536e-05   0.00325393            0    0.0121172
 -0.00760175   0.00796427   -0.0121172            0
Repeater1[0]<--->EndNode1[0]
REAL
    0.35101 -0.00337058  -0.0193714     0.25343
-0.00337058    0.151515   0.0737614  0.00602963
 -0.0193714   0.0737614    0.147727  0.00273526
    0.25343  0.00602963  0.00273526    0.349747
IMAGINARY
          0 -0.00844852  -0.0128953  0.00811058
 0.00844852           0 -0.00487643   0.0164414
  0.0128953  0.00487643           0   0.0131766
-0.00811058  -0.0164414  -0.0131766           0
Repeater1[0]<--->HoM1[0]
REAL
   0.336512 -0.00471949   0.0130286    0.252666
-0.00471949     0.16485   0.0545033  0.00118649
  0.0130286   0.0545033    0.134877   0.0139902
   0.252666  0.00118649   0.0139902     0.36376
IMAGINARY
           0  9.02536e-05   0.00100612   0.00760175
-9.02536e-05            0   0.00325393    0.0121172
 -0.00100612  -0.00325393            0  -0.00796427
 -0.00760175   -0.0121172   0.00796427            0
EndNode1[0]<--->Repeater1[0]
REAL
   0.336748   0.0145686  0.00377038    0.237121
  0.0145686    0.162612   0.0467661 -0.00504916
 0.00377038   0.0467661    0.142125 -0.00689601
   0.237121 -0.00504916 -0.00689601    0.358515
IMAGINARY
           0  -0.00155629  -0.00546203 -0.000951831
  0.00155629            0    0.0257657  -0.00342122
  0.00546203   -0.0257657            0   0.00790147
 0.000951831   0.00342122  -0.00790147            0
EndNode2[0]<--->HoM1[0]
REAL
   0.363023  -0.0179475  -0.0177575    0.264873
 -0.0179475    0.133603   0.0241794 -0.00026654
 -0.0177575   0.0241794    0.144399  -0.0160979
   0.264873 -0.00026654  -0.0160979    0.358974
IMAGINARY
          0 -0.00991134  0.00167642 -0.00249817
 0.00991134           0  0.00387938    0.022072
-0.00167642 -0.00387938           0  -0.0215392
 0.00249817   -0.022072   0.0215392           0
Repeater1[0]<--->EndNode1[0]
REAL
   0.336748  0.00377038   0.0145686    0.237121
 0.00377038    0.142125   0.0467661 -0.00689601
  0.0145686   0.0467661    0.162612 -0.00504916
   0.237121 -0.00689601 -0.00504916    0.358515
IMAGINARY
           0  -0.00546203  -0.00155629 -0.000951831
  0.00546203            0   -0.0257657   0.00790147
  0.00155629    0.0257657            0  -0.00342122
 0.000951831  -0.00790147   0.00342122            0
Repeater1[0]<--->HoM1[0]
REAL
   0.363023  -0.0177575  -0.0179475    0.264873
 -0.0177575    0.144399   0.0241794  -0.0160979
 -0.0179475   0.0241794    0.133603 -0.00026654
   0.264873  -0.0160979 -0.00026654    0.358974
IMAGINARY
          0  0.00167642 -0.00991134 -0.00249817
-0.00167642           0 -0.00387938  -0.0215392
 0.00991134  0.00387938           0    0.022072
 0.00249817   0.0215392   -0.022072           0
EndNode1[0]<--->Repeater1[0]
REAL
  0.357143  0.0108517  0.0162289   0.264954
 0.0108517   0.135204  0.0489382 0.00932807
 0.0162289  0.0489382      0.125 0.00422039
  0.264954 0.00932807 0.00422039   0.382653
IMAGINARY
          0   0.0176436  0.00939229  -0.0258641
 -0.0176436           0  -0.0142362  0.00877729
-0.00939229   0.0142362           0  -0.0237001
  0.0258641 -0.00877729   0.0237001           0
EndNode2[0]<--->HoM1[0]
REAL
   0.362843  0.00167209   0.0229731    0.254444
 0.00167209     0.15212   0.0569537 -0.00601243
