EndNode1[0]<--->Repeater1[0]
REAL
   0.305486  -0.0115723 -0.00347248    0.124689
 -0.0115723    0.203242   0.0115608 -0.00777752
-0.00347248   0.0115608    0.182045 -0.00842767
   0.124689 -0.00777752 -0.00842767    0.309227
IMAGINARY
          0 -0.00153504  -0.0113788  -0.0128377
 0.00153504           0 -0.00970875  0.00718885
  0.0113788  0.00970875           0  -0.0152247
  0.0128377 -0.00718885   0.0152247           0
EndNode2[0]<--->HoM1[0]
REAL
   0.296978 -0.00571954  -0.0137722    0.128703
-0.00571954     0.21025 -0.00697532  -0.0268037
 -0.0137722 -0.00697532    0.186597 0.000483936
   0.128703  -0.0268037 0.000483936    0.306176
IMAGINARY
          0  -0.0193747   0.0210694   0.0012218
  0.0193747           0  -0.0142978 -0.00348148
 -0.0210694   0.0142978           0 -0.00826354
 -0.0012218  0.00348148  0.00826354           0
Repeater1[0]<--->EndNode1[0]
REAL
   0.305486 -0.00347248  -0.0115723    0.124689
-0.00347248    0.182045   0.0115608 -0.00842767
 -0.0115723   0.0115608    0.203242 -0.00777752
   0.124689 -0.00842767 -0.00777752    0.309227
IMAGINARY
          0  -0.0113788 -0.00153504  -0.0128377
  0.0113788           0  0.00970875  -0.0152247
 0.00153504 -0.00970875           0  0.00718885
  0.0128377   0.0152247 -0.00718885           0
Repeater1[0]<--->HoM1[0]
REAL
   0.296978  -0.0137722 -0.00571954    0.128703
 -0.0137722    0.186597 -0.00697532 0.000483936
-0.00571954 -0.00697532     0.21025  -0.0268037
   0.128703 0.000483936  -0.0268037    0.306176
IMAGINARY
          0   0.0210694  -0.0193747   0.0012218
 -0.0210694           0   0.0142978 -0.00826354
  0.0193747  -0.0142978           0 -0.00348148
 -0.0012218  0.00826354  0.00348148           0
EndNode1[0]<--->Repeater1[0]
REAL
    0.311801  -0.00769688 -0.000305467      0.11451
 -0.00769688      0.18882  0.000874126   -0.0107767
-0.000305467  0.000874126     0.197516   -0.0151193
     0.11451   -0.0107767   -0.0151193     0.301863
IMAGINARY
          0 -0.00550795  -0.0218793   0.0271514
 0.00550795           0   0.0185307 -0.00619553
  0.0218793  -0.0185307           0  0.00818175
 -0.0271514  0.00619553 -0.00818175           0
EndNode2[0]<--->HoM1[0]
REAL
   0.310727  0.00128285 -0.00499914    0.122177
 0.00128285    0.172626   0.0148891  -0.0149494
-0.00499914   0.0148891    0.183724  0.00450866
   0.122177  -0.0149494  0.00450866    0.332922
IMAGINARY
           0   0.00115942   0.00590268    0.0193143
 -0.00115942            0   -0.0146908  0.000170195
 -0.00590268    0.0146908            0    0.0157097
  -0.0193143 -0.000170195   -0.0157097            0
Repeater1[0]<--->EndNode1[0]
REAL
    0.311801 -0.000305467  -0.00769688      0.11451
-0.000305467     0.197516  0.000874126   -0.0151193
 -0.00769688  0.000874126      0.18882   -0.0107767
     0.11451   -0.0151193   -0.0107767     0.301863
IMAGINARY
          0  -0.0218793 -0.00550795   0.0271514
  0.0218793           0  -0.0185307  0.00818175
 0.00550795   0.0185307           0 -0.00619553
 -0.0271514 -0.00818175  0.00619553           0
Repeater1[0]<--->HoM1[0]
REAL
   0.310727 -0.00499914  0.00128285    0.122177
-0.00499914    0.183724   0.0148891  0.00450866
 0.00128285   0.0148891    0.172626  -0.0149494
   0.122177  0.00450866  -0.0149494    0.332922
IMAGINARY
           0   0.00590268   0.00115942    0.0193143
 -0.00590268            0    0.0146908    0.0157097
 -0.00115942   -0.0146908            0  0.000170195
  -0.0193143   -0.0157097 -0.000170195            0
EndNode1[0]<--->Repeater1[0]
REAL
   0.30916  0.0297554  -0.014895  0.0971235
 0.0297554   0.189567 0.00313858  0.0168609
 -0.014895 0.00313858   0.171756  0.0338095
 0.0971235  0.0168609  0.0338095   0.329517
IMAGINARY
           0    0.0103301  0.000926229  -0.00625278
  -0.0103301            0   -0.0124087  -0.00217936
-0.000926229    0.0124087            0    0.0235045
  0.00625278   0.00217936   -0.0235045            0
EndNode2[0]<--->HoM1[0]
REAL
   0.279841  0.00458213  -0.0166104    0.135962
 0.00458213    0.206897  -0.0138481 -0.00951358
 -0.0166104  -0.0138481    0.185676  0.00210074
   0.135962 -0.00951358  0.00210074    0.327586
IMAGINARY
           0    0.0127129  -0.00353165   -0.0218754
  -0.0127129            0  -0.00499226 -0.000893128
  0.00353165   0.00499226            0  -0.00702392
   0.0218754  0.000893128   0.00702392            0
Repeater1[0]<--->EndNode1[0]
REAL
   0.30916  -0.014895  0.0297554  0.0971235
 -0.014895   0.171756 0.00313858  0.0338095
 0.0297554 0.00313858   0.189567  0.0168609
 0.0971235  0.0338095  0.0168609   0.329517
IMAGINARY
           0  0.000926229    0.0103301  -0.00625278
-0.000926229            0    0.0124087    0.0235045
  -0.0103301   -0.0124087            0  -0.00217936
  0.00625278   -0.0235045   0.00217936            0
Repeater1[0]<--->HoM1[0]
REAL
   0.279841  -0.0166104  0.00458213    0.135962
 -0.0166104    0.185676  -0.0138481  0.00210074
 0.00458213  -0.0138481    0.206897 -0.00951358
   0.135962  0.00210074 -0.00951358    0.327586
IMAGINARY
           0  -0.00353165    0.0127129   -0.0218754
  0.00353165            0   0.00499226  -0.00702392
  -0.0127129  -0.00499226            0 -0.000893128
   0.0218754   0.00702392  0.000893128            0
EndNode1[0]<--->Repeater1[0]
REAL
   0.318977   0.0079079  0.00811642   0.0912235
  0.0079079    0.195155 -0.00904033 -0.00748907
 0.00811642 -0.00904033    0.195155   0.0040118
  0.0912235 -0.00748907   0.0040118    0.290713
IMAGINARY
          0   0.0117351  0.00897997 -0.00501769
 -0.0117351           0   0.0109465 -0.00238367
-0.00897997  -0.0109465           0 -0.00645809
 0.00501769  0.00238367  0.00645809           0
EndNode2[0]<--->HoM1[0]
REAL
  0.354331 0.00466572  0.0108274   0.128124
0.00466572   0.178478  0.0121729 0.00709601
 0.0108274  0.0121729    0.17979  0.0144937
  0.128124 0.00709601  0.0144937   0.287402
IMAGINARY
          0   0.0267009  0.00921456  0.00415512
 -0.0267009           0   0.0221607   -0.018417
-0.00921456  -0.0221607           0 -0.00645555
-0.00415512    0.018417  0.00645555           0
Repeater1[0]<--->EndNode1[0]
REAL
   0.318977  0.00811642   0.0079079   0.0912235
 0.00811642    0.195155 -0.00904033   0.0040118
  0.0079079 -0.00904033    0.195155 -0.00748907
  0.0912235   0.0040118 -0.00748907    0.290713
IMAGINARY
          0  0.00897997   0.0117351 -0.00501769
-0.00897997           0  -0.0109465 -0.00645809
 -0.0117351   0.0109465           0 -0.00238367
 0.00501769  0.00645809  0.00238367           0
Repeater1[0]<--->HoM1[0]
REAL
  0.354331  0.0108274 0.00466572   0.128124
 0.0108274    0.17979  0.0121729  0.0144937
0.00466572  0.0121729   0.178478 0.00709601
  0.128124  0.0144937 0.00709601   0.287402
IMAGINARY
          0  0.00921456   0.0267009  0.00415512
-0.00921456           0  -0.0221607 -0.00645555
 -0.0267009   0.0221607           0   -0.018417
-0.00415512  0.00645555    0.018417           0
EndNode1[0]<--->Repeater1[0]
REAL
     0.3342  -0.0140358  -0.0212854    0.120194
 -0.0140358    0.170351  0.00789448 -0.00667297
 -0.0212854  0.00789448     0.16515 -0.00612024
   0.120194 -0.00667297 -0.00612024    0.330299
IMAGINARY
          0 -0.00311278  0.00978648  0.00909972
 0.00311278           0   0.0135133 -0.00978648
-0.00978648  -0.0135133           0   0.0111342
-0.00909972  0.00978648  -0.0111342           0
EndNode2[0]<--->HoM1[0]
REAL
   0.298956  -0.0100301  0.00905784     0.13831
 -0.0100301    0.194517   0.0309404 -0.00776585
 0.00905784   0.0309404     0.18799     0.01649
    0.13831 -0.00776585     0.01649    0.318538
IMAGINARY
          0  -0.0089275 -0.00250417  -0.0186104
  0.0089275           0  -0.0186104   0.0234699
 0.00250417   0.0186104           0 -0.00568496
  0.0186104  -0.0234699  0.00568496           0
Repeater1[0]<--->EndNode1[0]
REAL
     0.3342  -0.0212854  -0.0140358    0.120194
 -0.0212854     0.16515  0.00789448 -0.00612024
 -0.0140358  0.00789448    0.170351 -0.00667297
   0.120194 -0.00612024 -0.00667297    0.330299
IMAGINARY
          0  0.00978648 -0.00311278  0.00909972
-0.00978648           0  -0.0135133   0.0111342
 0.00311278   0.0135133           0 -0.00978648
-0.00909972  -0.0111342  0.00978648           0
Repeater1[0]<--->HoM1[0]
REAL
   0.298956  0.00905784  -0.0100301     0.13831
 0.00905784     0.18799   0.0309404     0.01649
 -0.0100301   0.0309404    0.194517 -0.00776585
    0.13831     0.01649 -0.00776585    0.318538
IMAGINARY
          0 -0.00250417  -0.0089275  -0.0186104
 0.00250417           0   0.0186104 -0.00568496
  0.0089275  -0.0186104           0   0.0234699
  0.0186104  0.00568496  -0.0234699           0
EndNode1[0]<--->Repeater1[0]
REAL
   0.291613  -0.0191245 -0.00812823      0.1136
 -0.0191245    0.202581  0.00610037 -0.00184683
-0.00812823  0.00610037    0.180645  0.00790254
     0.1136 -0.00184683  0.00790254    0.325161
IMAGINARY
          0 -0.00102394  -0.0202604  0.00834067
 0.00102394           0  -0.0187034   0.0240104
  0.0202604   0.0187034           0   0.0122739
-0.00834067  -0.0240104  -0.0122739           0
EndNode2[0]<--->HoM1[0]
REAL
   0.321476  0.00552246 -0.00445571    0.114176
 0.00552246    0.193676  -0.0056486 -0.00588021
-0.00445571  -0.0056486    0.175231 -0.00423047
   0.114176 -0.00588021 -0.00423047    0.309618
IMAGINARY
          0  -0.0115296   0.0050446  0.00826782
  0.0115296           0  0.00579868   0.0118939
 -0.0050446 -0.00579868           0  0.00588338
-0.00826782  -0.0118939 -0.00588338           0
Repeater1[0]<--->EndNode1[0]
REAL
   0.291613 -0.00812823  -0.0191245      0.1136
-0.00812823    0.180645  0.00610037  0.00790254
 -0.0191245  0.00610037    0.202581 -0.00184683
     0.1136  0.00790254 -0.00184683    0.325161
IMAGINARY
          0  -0.0202604 -0.00102394  0.00834067
  0.0202604           0   0.0187034   0.0122739
 0.00102394  -0.0187034           0   0.0240104
-0.00834067  -0.0122739  -0.0240104           0
Repeater1[0]<--->HoM1[0]
REAL
   0.321476 -0.00445571  0.00552246    0.114176
-0.00445571    0.175231  -0.0056486 -0.00423047
 0.00552246  -0.0056486    0.193676 -0.00588021
   0.114176 -0.00423047 -0.00588021    0.309618
IMAGINARY
          0   0.0050446  -0.0115296  0.00826782
 -0.0050446           0 -0.00579868  0.00588338
  0.0115296  0.00579868           0   0.0118939
-0.00826782 -0.00588338  -0.0118939           0
EndNode1[0]<--->Repeater1[0]
REAL
   0.293388 -0.00727344 -0.00782523    0.133056
-0.00727344    0.184573 -0.00756868  0.00977581
-0.00782523 -0.00756868    0.207989  0.00922402
   0.133056  0.00977581  0.00922402     0.31405
IMAGINARY
          0   0.0183759 -0.00292588  -0.0101569
 -0.0183759           0 -0.00369698  0.00292588
 0.00292588  0.00369698           0 -0.00275088
  0.0101569 -0.00292588  0.00275088           0
EndNode2[0]<--->HoM1[0]
REAL
   0.335544  0.00110881 -0.00844912    0.106268
 0.00110881    0.180371  0.00853769  0.00531235
-0.00844912  0.00853769     0.18435  -0.0105191
   0.106268  0.00531235  -0.0105191    0.299735
IMAGINARY
           0  0.000833631    0.0106659   0.00299092
-0.000833631            0  -0.00234241    0.0126632
  -0.0106659   0.00234241            0   -0.0153355
 -0.00299092   -0.0126632    0.0153355            0
Repeater1[0]<--->EndNode1[0]
REAL
   0.293388 -0.00782523 -0.00727344    0.133056
-0.00782523    0.207989 -0.00756868  0.00922402
-0.00727344 -0.00756868    0.184573  0.00977581
   0.133056  0.00922402  0.00977581     0.31405
IMAGINARY
          0 -0.00292588   0.0183759  -0.0101569
 0.00292588           0  0.00369698 -0.00275088
 -0.0183759 -0.00369698           0  0.00292588
  0.0101569  0.00275088 -0.00292588           0
Repeater1[0]<--->HoM1[0]
REAL
   0.335544 -0.00844912  0.00110881    0.106268
-0.00844912     0.18435  0.00853769  -0.0105191
 0.00110881  0.00853769    0.180371  0.00531235
   0.106268  -0.0105191  0.00531235    0.299735
IMAGINARY
           0    0.0106659  0.000833631   0.00299092
  -0.0106659            0   0.00234241   -0.0153355
-0.000833631  -0.00234241            0    0.0126632
 -0.00299092    0.0153355   -0.0126632            0
EndNode1[0]<--->Repeater1[0]
REAL
     0.33463   -0.0118398  -0.00892282     0.140037
  -0.0118398     0.193256 -0.000713877   0.00501657
 -0.00892282 -0.000713877     0.167315    0.0066315
    0.140037   0.00501657    0.0066315     0.304799
IMAGINARY
           0  0.000185198  -0.00939224  -0.00365098
-0.000185198            0     0.027401    -0.010715
  0.00939224    -0.027401            0     0.019922
  0.00365098     0.010715    -0.019922            0
EndNode2[0]<--->HoM1[0]
REAL
  0.308511 -0.0162607  0.0101538   0.107118
-0.0162607   0.168883  0.0016353   0.024329
 0.0101538  0.0016353   0.214096   0.022892
  0.107118   0.024329   0.022892   0.308511
IMAGINARY
          0 -0.00393215 -0.00456461 -0.00260917
 0.00393215           0  0.00327318  0.00992814
 0.00456461 -0.00327318           0  -0.0145422
 0.00260917 -0.00992814   0.0145422           0
Repeater1[0]<--->EndNode1[0]
REAL
     0.33463  -0.00892282   -0.0118398     0.140037
 -0.00892282     0.167315 -0.000713877    0.0066315
  -0.0118398 -0.000713877     0.193256   0.00501657
    0.140037    0.0066315   0.00501657     0.304799
IMAGINARY
           0  -0.00939224  0.000185198  -0.00365098
  0.00939224            0    -0.027401     0.019922
-0.000185198     0.027401            0    -0.010715
  0.00365098    -0.019922     0.010715            0
Repeater1[0]<--->HoM1[0]
REAL
  0.308511  0.0101538 -0.0162607   0.107118
 0.0101538   0.214096  0.0016353   0.022892
-0.0162607  0.0016353   0.168883   0.024329
  0.107118   0.022892   0.024329   0.308511
IMAGINARY
          0 -0.00456461 -0.00393215 -0.00260917
 0.00456461           0 -0.00327318  -0.0145422
 0.00393215  0.00327318           0  0.00992814
 0.00260917   0.0145422 -0.00992814           0
EndNode1[0]<--->Repeater1[0]
REAL
   0.277419  -0.0155295  -0.0171223    0.109986
 -0.0155295    0.206452 -0.00134515  0.00759248
 -0.0171223 -0.00134515    0.179355 -0.00924811
   0.109986  0.00759248 -0.00924811    0.336774
IMAGINARY
          0   0.0104832  0.00489165   0.0218677
 -0.0104832           0  -0.0012685     0.01553
-0.00489165   0.0012685           0   -0.011142
 -0.0218677    -0.01553    0.011142           0
EndNode2[0]<--->HoM1[0]
REAL
   0.317204 0.000243565  -0.0151525    0.108553
0.000243565     0.19086 2.59783e-05  -0.0264025
 -0.0151525 2.59783e-05    0.188172 -0.00694598
   0.108553  -0.0264025 -0.00694598    0.303763
IMAGINARY
          0  -0.0181402  0.00710356   0.0126138
  0.0181402           0   0.0158313 -0.00581157
-0.00710356  -0.0158313           0  -0.0232035
 -0.0126138  0.00581157   0.0232035           0
Repeater1[0]<--->EndNode1[0]
REAL
   0.277419  -0.0171223  -0.0155295    0.109986
 -0.0171223    0.179355 -0.00134515 -0.00924811
 -0.0155295 -0.00134515    0.206452  0.00759248
   0.109986 -0.00924811  0.00759248    0.336774
IMAGINARY
          0  0.00489165   0.0104832   0.0218677
-0.00489165           0   0.0012685   -0.011142
 -0.0104832  -0.0012685           0     0.01553
 -0.0218677    0.011142    -0.01553           0
Repeater1[0]<--->HoM1[0]
REAL
   0.317204  -0.0151525 0.000243565    0.108553
 -0.0151525    0.188172 2.59783e-05 -0.00694598
0.000243565 2.59783e-05     0.19086  -0.0264025
   0.108553 -0.00694598  -0.0264025    0.303763
IMAGINARY
          0  0.00710356  -0.0181402   0.0126138
-0.00710356           0  -0.0158313  -0.0232035
  0.0181402   0.0158313           0 -0.00581157
 -0.0126138   0.0232035  0.00581157           0
EndNode1[0]<--->Repeater1[0]
REAL
    0.283416    -0.012355   0.00972113     0.122789
   -0.012355     0.169554  -0.00476884 -0.000837879
  0.00972113  -0.00476884     0.212871  -0.00287338
    0.122789 -0.000837879  -0.00287338     0.334158
IMAGINARY
           0  -0.00663746   0.00402936 -0.000479478
  0.00663746            0   0.00927345 -0.000618717
 -0.00402936  -0.00927345            0   0.00459107
 0.000479478  0.000618717  -0.00459107            0
EndNode2[0]<--->HoM1[0]
REAL
   0.309877   0.0109617  -0.0138527    0.115676
  0.0109617    0.185185  0.00839365 -0.00972048
 -0.0138527  0.00839365    0.196296 -0.00599894
   0.115676 -0.00972048 -0.00599894    0.308642
IMAGINARY
           0     0.010026   0.00498016 -0.000914969
   -0.010026            0  -0.00420012    0.0125751
 -0.00498016   0.00420012            0  -0.00157349
 0.000914969   -0.0125751   0.00157349            0
Repeater1[0]<--->EndNode1[0]
REAL
    0.283416   0.00972113    -0.012355     0.122789
  0.00972113     0.212871  -0.00476884  -0.00287338
   -0.012355  -0.00476884     0.169554 -0.000837879
    0.122789  -0.00287338 -0.000837879     0.334158
IMAGINARY
           0   0.00402936  -0.00663746 -0.000479478
 -0.00402936            0  -0.00927345   0.00459107
  0.00663746   0.00927345            0 -0.000618717
 0.000479478  -0.00459107  0.000618717            0
Repeater1[0]<--->HoM1[0]
REAL
   0.309877  -0.0138527   0.0109617    0.115676
 -0.0138527    0.196296  0.00839365 -0.00599894
  0.0109617  0.00839365    0.185185 -0.00972048
   0.115676 -0.00599894 -0.00972048    0.308642
IMAGINARY
           0   0.00498016     0.010026 -0.000914969
 -0.00498016            0   0.00420012  -0.00157349
   -0.010026  -0.00420012            0    0.0125751
 0.000914969   0.00157349   -0.0125751            0
EndNode1[0]<--->Repeater1[0]
REAL
   0.325333 -0.00669695  -0.0127781    0.112854
-0.00669695    0.186667 -0.00294273  0.00578954
 -0.0127781 -0.00294273       0.192  0.00860292
   0.112854  0.00578954  0.00860292       0.296
IMAGINARY
          0 -0.00520164   0.0172517  0.00114764
 0.00520164           0  -0.0261476   0.0101914
 -0.0172517   0.0261476           0  0.00854836
-0.00114764  -0.0101914 -0.00854836           0
EndNode2[0]<--->HoM1[0]
REAL
    0.330467  -0.00316614 -0.000645928    0.0951921
 -0.00316614     0.184275     0.020389   0.00511592
-0.000645928     0.020389     0.207617   0.00380471
   0.0951921   0.00511592   0.00380471     0.277641
IMAGINARY
          0 -0.00734001  0.00317884  0.00518153
 0.00734001           0   0.0114629  -0.0123652
-0.00317884  -0.0114629           0    0.011277
-0.00518153   0.0123652   -0.011277           0
Repeater1[0]<--->EndNode1[0]
REAL
   0.325333  -0.0127781 -0.00669695    0.112854
 -0.0127781       0.192 -0.00294273  0.00860292
-0.00669695 -0.00294273    0.186667  0.00578954
   0.112854  0.00860292  0.00578954       0.296
IMAGINARY
          0   0.0172517 -0.00520164  0.00114764
 -0.0172517           0   0.0261476  0.00854836
 0.00520164  -0.0261476           0   0.0101914
-0.00114764 -0.00854836  -0.0101914           0
Repeater1[0]<--->HoM1[0]
REAL
    0.330467 -0.000645928  -0.00316614    0.0951921
-0.000645928     0.207617     0.020389   0.00380471
 -0.00316614     0.020389     0.184275   0.00511592
   0.0951921   0.00380471   0.00511592     0.277641
IMAGINARY
          0  0.00317884 -0.00734001  0.00518153
-0.00317884           0  -0.0114629    0.011277
 0.00734001   0.0114629           0  -0.0123652
-0.00518153   -0.011277   0.0123652           0
EndNode1[0]<--->Repeater1[0]
REAL
    0.313131   0.00687207  -0.00531461     0.132705
  0.00687207     0.195707  0.000258927 -0.000225554
 -0.00531461  0.000258927     0.174242    0.0055933
    0.132705 -0.000225554    0.0055933     0.316919
IMAGINARY
          0  0.00477077  -0.0214086 -0.00611751
-0.00477077           0    0.011168  0.00429834
  0.0214086   -0.011168           0  0.00220008
 0.00611751 -0.00429834 -0.00220008           0
EndNode2[0]<--->HoM1[0]
REAL
   0.304459   0.0303543 -0.00695549    0.128994
  0.0303543    0.183439  0.00582301  -0.0113691
-0.00695549  0.00582301    0.198726   -0.021192
   0.128994  -0.0113691   -0.021192    0.313376
IMAGINARY
          0  -0.0133095  0.00207237 -0.00568032
  0.0133095           0 -0.00503847  -0.0142675
-0.00207237  0.00503847           0 -0.00986123
 0.00568032   0.0142675  0.00986123           0
Repeater1[0]<--->EndNode1[0]
REAL
    0.313131  -0.00531461   0.00687207     0.132705
 -0.00531461     0.174242  0.000258927    0.0055933
  0.00687207  0.000258927     0.195707 -0.000225554
    0.132705    0.0055933 -0.000225554     0.316919
IMAGINARY
          0  -0.0214086  0.00477077 -0.00611751
  0.0214086           0   -0.011168  0.00220008
-0.00477077    0.011168           0  0.00429834
 0.00611751 -0.00220008 -0.00429834           0
Repeater1[0]<--->HoM1[0]
REAL
   0.304459 -0.00695549   0.0303543    0.128994
-0.00695549    0.198726  0.00582301   -0.021192
  0.0303543  0.00582301    0.183439  -0.0113691
   0.128994   -0.021192  -0.0113691    0.313376
IMAGINARY
          0  0.00207237  -0.0133095 -0.00568032
-0.00207237           0  0.00503847 -0.00986123
  0.0133095 -0.00503847           0  -0.0142675
 0.00568032  0.00986123   0.0142675           0
EndNode1[0]<--->Repeater1[0]
REAL
  0.301461 0.00269182  0.0205472   0.131027
0.00269182   0.193891  0.0122771 0.00385829
 0.0205472  0.0122771   0.183267   0.017959
  0.131027 0.00385829   0.017959   0.321381
IMAGINARY
           0  2.50627e-05  -0.00619603   -0.0109305
-2.50627e-05            0  -0.00399484   0.00494603
  0.00619603   0.00399484            0   -0.0200251
   0.0109305  -0.00494603    0.0200251            0
EndNode2[0]<--->HoM1[0]
REAL
    0.314465  -0.00519058    0.0108387     0.122747
 -0.00519058     0.206289 -0.000496482  -0.00889818
   0.0108387 -0.000496482     0.179874   0.00713108
    0.122747  -0.00889818   0.00713108     0.299371
IMAGINARY
          0  0.00309171  0.00646809  -0.0240166
-0.00309171           0   0.0063844 -0.00966094
-0.00646809  -0.0063844           0  -0.0190559
  0.0240166  0.00966094   0.0190559           0
Repeater1[0]<--->EndNode1[0]
REAL
  0.301461  0.0205472 0.00269182   0.131027
 0.0205472   0.183267  0.0122771   0.017959
0.00269182  0.0122771   0.193891 0.00385829
  0.131027   0.017959 0.00385829   0.321381
IMAGINARY
           0  -0.00619603  2.50627e-05   -0.0109305
  0.00619603            0   0.00399484   -0.0200251
-2.50627e-05  -0.00399484            0   0.00494603
   0.0109305    0.0200251  -0.00494603            0
Repeater1[0]<--->HoM1[0]
REAL
    0.314465    0.0108387  -0.00519058     0.122747
   0.0108387     0.179874 -0.000496482   0.00713108
 -0.00519058 -0.000496482     0.206289  -0.00889818
    0.122747   0.00713108  -0.00889818     0.299371
IMAGINARY
          0  0.00646809  0.00309171  -0.0240166
-0.00646809           0  -0.0063844  -0.0190559
-0.00309171   0.0063844           0 -0.00966094
  0.0240166   0.0190559  0.00966094           0
EndNode1[0]<--->Repeater1[0]
REAL
   0.314094  -0.0247822  -0.0139609    0.109911
 -0.0247822    0.181208   0.0120558 0.000550956
 -0.0139609   0.0120558     0.18255  -0.0141705
   0.109911 0.000550956  -0.0141705    0.322148
IMAGINARY
          0  -0.0109166 -0.00870117  -0.0238516
  0.0109166           0  -0.0083477   0.0180845
 0.00870117   0.0083477           0  0.00689513
  0.0238516  -0.0180845 -0.00689513           0
EndNode2[0]<--->HoM1[0]
REAL
   0.312834 -0.00988554  0.00217167    0.103291
-0.00988554    0.192513   0.0126695 0.000322099
 0.00217167   0.0126695    0.205882  0.00240424
   0.103291 0.000322099  0.00240424     0.28877
IMAGINARY
          0   0.0039118   0.0164448   -0.015521
 -0.0039118           0  -0.0142803  0.00193291
 -0.0164448   0.0142803           0   0.0144659
   0.015521 -0.00193291  -0.0144659           0
Repeater1[0]<--->EndNode1[0]
REAL
   0.314094  -0.0139609  -0.0247822    0.109911
 -0.0139609     0.18255   0.0120558  -0.0141705
 -0.0247822   0.0120558    0.181208 0.000550956
   0.109911  -0.0141705 0.000550956    0.322148
IMAGINARY
          0 -0.00870117  -0.0109166  -0.0238516
 0.00870117           0   0.0083477  0.00689513
  0.0109166  -0.0083477           0   0.0180845
  0.0238516 -0.00689513  -0.0180845           0
Repeater1[0]<--->HoM1[0]
REAL
   0.312834  0.00217167 -0.00988554    0.103291
 0.00217167    0.205882   0.0126695  0.00240424
-0.00988554   0.0126695    0.192513 0.000322099
   0.103291  0.00240424 0.000322099     0.28877
IMAGINARY
          0   0.0164448   0.0039118   -0.015521
 -0.0164448           0   0.0142803   0.0144659
 -0.0039118  -0.0142803           0  0.00193291
   0.015521  -0.0144659 -0.00193291           0
EndNode1[0]<--->Repeater1[0]
REAL
   0.336272   0.0125122   0.0140435    0.106583
  0.0125122    0.168766  -0.0120944   0.0108909
  0.0140435  -0.0120944    0.188917 -0.00463819
   0.106583   0.0108909 -0.00463819    0.306045
IMAGINARY
          0   0.0166308   0.0188036  -0.0160374
 -0.0166308           0 -0.00301652  0.00259715
 -0.0188036  0.00301652           0  0.00347293
  0.0160374 -0.00259715 -0.00347293           0
EndNode2[0]<--->HoM1[0]
REAL
   0.282216   0.0218185 0.000597352    0.124337
  0.0218185    0.210052  0.00673068    0.010325
0.000597352  0.00673068    0.219072  -0.0133233
   0.124337    0.010325  -0.0133233     0.28866
IMAGINARY
           0   -0.0305295    0.0283848   0.00765733
   0.0305295            0    0.0135397 -0.000186677
  -0.0283848   -0.0135397            0    0.0105845
 -0.00765733  0.000186677   -0.0105845            0
Repeater1[0]<--->EndNode1[0]
REAL
   0.336272   0.0140435   0.0125122    0.106583
  0.0140435    0.188917  -0.0120944 -0.00463819
  0.0125122  -0.0120944    0.168766   0.0108909
   0.106583 -0.00463819   0.0108909    0.306045
IMAGINARY
          0   0.0188036   0.0166308  -0.0160374
 -0.0188036           0  0.00301652  0.00347293
 -0.0166308 -0.00301652           0  0.00259715
  0.0160374 -0.00347293 -0.00259715           0
Repeater1[0]<--->HoM1[0]
REAL
   0.282216 0.000597352   0.0218185    0.124337
0.000597352    0.219072  0.00673068  -0.0133233
  0.0218185  0.00673068    0.210052    0.010325
   0.124337  -0.0133233    0.010325     0.28866
IMAGINARY
           0    0.0283848   -0.0305295   0.00765733
  -0.0283848            0   -0.0135397    0.0105845
   0.0305295    0.0135397            0 -0.000186677
 -0.00765733   -0.0105845  0.000186677            0
EndNode1[0]<--->Repeater1[0]
REAL
   0.308424   0.0247882  0.00738742     0.12229
  0.0247882    0.203804 -0.00922491  0.00140655
 0.00738742 -0.00922491    0.182065 -0.00845651
    0.12229  0.00140655 -0.00845651    0.305707
IMAGINARY
          0 -0.00675084 -0.00944411 -0.00389985
 0.00675084           0 -0.00133575  -0.0154044
 0.00944411  0.00133575           0  0.00250842
 0.00389985   0.0154044 -0.00250842           0
EndNode2[0]<--->HoM1[0]
REAL
   0.301587  0.00803125  -0.0177094    0.116967
 0.00803125     0.17328 -0.00109775 7.71597e-05
 -0.0177094 -0.00109775    0.201058 0.000784872
   0.116967 7.71597e-05 0.000784872    0.324074
IMAGINARY
          0 -0.00162193  -0.0177846  0.00221181
 0.00162193           0  0.00159529  0.00423617
  0.0177846 -0.00159529           0  -0.0028942
-0.00221181 -0.00423617   0.0028942           0
Repeater1[0]<--->EndNode1[0]
REAL
   0.308424  0.00738742   0.0247882     0.12229
 0.00738742    0.182065 -0.00922491 -0.00845651
  0.0247882 -0.00922491    0.203804  0.00140655
    0.12229 -0.00845651  0.00140655    0.305707
IMAGINARY
          0 -0.00944411 -0.00675084 -0.00389985
 0.00944411           0  0.00133575  0.00250842
 0.00675084 -0.00133575           0  -0.0154044
 0.00389985 -0.00250842   0.0154044           0
Repeater1[0]<--->HoM1[0]
REAL
   0.301587  -0.0177094  0.00803125    0.116967
 -0.0177094    0.201058 -0.00109775 0.000784872
 0.00803125 -0.00109775     0.17328 7.71597e-05
   0.116967 0.000784872 7.71597e-05    0.324074
IMAGINARY
          0  -0.0177846 -0.00162193  0.00221181
  0.0177846           0 -0.00159529  -0.0028942
 0.00162193  0.00159529           0  0.00423617
-0.00221181   0.0028942 -0.00423617           0
EndNode1[0]<--->Repeater1[0]
REAL
   0.311656  -0.0028476  0.00253409    0.133477
 -0.0028476    0.195092  -0.0146713 0.000642535
 0.00253409  -0.0146713    0.185276   0.0187307
   0.133477 0.000642535   0.0187307    0.307975
IMAGINARY
          0   0.0145632 -0.00504178  -0.0150435
 -0.0145632           0   -0.022309    0.019592
 0.00504178    0.022309           0  -0.0291135
  0.0150435   -0.019592   0.0291135           0
EndNode2[0]<--->HoM1[0]
REAL
   0.310742 0.000438223   0.0175676    0.112306
0.000438223     0.18798   0.0133413  -0.0175676
  0.0175676   0.0133413    0.164962   0.0215825
   0.112306  -0.0175676   0.0215825    0.336317
IMAGINARY
           0   -0.0103351    0.0151928    0.0105684
   0.0103351            0   0.00477688  -0.00807765
  -0.0151928  -0.00477688            0  0.000632642
  -0.0105684   0.00807765 -0.000632642            0
Repeater1[0]<--->EndNode1[0]
REAL
   0.311656  0.00253409  -0.0028476    0.133477
 0.00253409    0.185276  -0.0146713   0.0187307
 -0.0028476  -0.0146713    0.195092 0.000642535
   0.133477   0.0187307 0.000642535    0.307975
IMAGINARY
          0 -0.00504178   0.0145632  -0.0150435
 0.00504178           0    0.022309  -0.0291135
 -0.0145632   -0.022309           0    0.019592
  0.0150435   0.0291135   -0.019592           0
Repeater1[0]<--->HoM1[0]
REAL
   0.310742   0.0175676 0.000438223    0.112306
  0.0175676    0.164962   0.0133413   0.0215825
0.000438223   0.0133413     0.18798  -0.0175676
   0.112306   0.0215825  -0.0175676    0.336317
IMAGINARY
           0    0.0151928   -0.0103351    0.0105684
  -0.0151928            0  -0.00477688  0.000632642
   0.0103351   0.00477688            0  -0.00807765
  -0.0105684 -0.000632642   0.00807765            0
EndNode1[0]<--->Repeater1[0]
REAL
   0.287688 -0.00819794 -0.00378401    0.121626
-0.00819794     0.19598   0.0174045  0.00505952
-0.00378401   0.0174045    0.168342 -0.00455716
   0.121626  0.00505952 -0.00455716     0.34799
IMAGINARY
           0    0.0204615  -0.00870033    0.0138509
  -0.0204615            0  0.000854993  0.000784764
  0.00870033 -0.000854993            0   -0.0125459
  -0.0138509 -0.000784764    0.0125459            0
EndNode2[0]<--->HoM1[0]
REAL
   0.288158   0.0118701   0.0105331    0.125153
  0.0118701    0.210526 -0.00224432  0.00426743
  0.0105331 -0.00224432    0.198684 -0.00607861
   0.125153  0.00426743 -0.00607861    0.302632
IMAGINARY
          0  -0.0237863   0.0175976  -0.0122855
  0.0237863           0 -0.00862701  -0.0121182
 -0.0175976  0.00862701           0  -0.0173096
  0.0122855   0.0121182   0.0173096           0
Repeater1[0]<--->EndNode1[0]
REAL
   0.287688 -0.00378401 -0.00819794    0.121626
-0.00378401    0.168342   0.0174045 -0.00455716
-0.00819794   0.0174045     0.19598  0.00505952
   0.121626 -0.00455716  0.00505952     0.34799
IMAGINARY
           0  -0.00870033    0.0204615    0.0138509
  0.00870033            0 -0.000854993   -0.0125459
  -0.0204615  0.000854993            0  0.000784764
  -0.0138509    0.0125459 -0.000784764            0
Repeater1[0]<--->HoM1[0]
REAL
   0.288158   0.0105331   0.0118701    0.125153
  0.0105331    0.198684 -0.00224432 -0.00607861
  0.0118701 -0.00224432    0.210526  0.00426743
   0.125153 -0.00607861  0.00426743    0.302632
IMAGINARY
          0   0.0175976  -0.0237863  -0.0122855
 -0.0175976           0  0.00862701  -0.0173096
  0.0237863 -0.00862701           0  -0.0121182
  0.0122855   0.0173096   0.0121182           0
EndNode1[0]<--->Repeater1[0]
REAL
    0.33293   0.0109476  0.00775332    0.124307
  0.0109476    0.196126   0.0086211  -0.0043795
 0.00775332   0.0086211     0.18523 -0.00217571
   0.124307  -0.0043795 -0.00217571    0.285714
IMAGINARY
           0  -0.00235294  -0.00458907  0.000667723
  0.00235294            0   0.00254978  -0.00521485
  0.00458907  -0.00254978            0   0.00431373
-0.000667723   0.00521485  -0.00431373            0
EndNode2[0]<--->HoM1[0]
REAL
   0.306098   0.0146378   0.0178522    0.115188
  0.0146378    0.208537  -0.0019692 -0.00377631
  0.0178522  -0.0019692    0.160976  0.00188609
   0.115188 -0.00377631  0.00188609     0.32439
IMAGINARY
           0    0.0116835   -0.0242828 -0.000101851
  -0.0116835            0   -0.0156214  -0.00836766
   0.0242828    0.0156214            0 -0.000800046
 0.000101851   0.00836766  0.000800046            0
Repeater1[0]<--->EndNode1[0]
REAL
    0.33293  0.00775332   0.0109476    0.124307
 0.00775332     0.18523   0.0086211 -0.00217571
  0.0109476   0.0086211    0.196126  -0.0043795
   0.124307 -0.00217571  -0.0043795    0.285714
IMAGINARY
           0  -0.00458907  -0.00235294  0.000667723
  0.00458907            0  -0.00254978   0.00431373
  0.00235294   0.00254978            0  -0.00521485
-0.000667723  -0.00431373   0.00521485            0
Repeater1[0]<--->HoM1[0]
REAL
   0.306098   0.0178522   0.0146378    0.115188
  0.0178522    0.160976  -0.0019692  0.00188609
  0.0146378  -0.0019692    0.208537 -0.00377631
   0.115188  0.00188609 -0.00377631     0.32439
IMAGINARY
           0   -0.0242828    0.0116835 -0.000101851
   0.0242828            0    0.0156214 -0.000800046
  -0.0116835   -0.0156214            0  -0.00836766
 0.000101851  0.000800046   0.00836766            0
EndNode1[0]<--->Repeater1[0]
REAL
   0.287653   0.0177898 0.000348658    0.111031
  0.0177898    0.196744 -0.00445246 -0.00298024
0.000348658 -0.00445246    0.185889    0.001947
   0.111031 -0.00298024    0.001947    0.329715
IMAGINARY
          0    0.010827 -0.00199743   0.0110812
  -0.010827           0 -0.00284289   0.0129652
 0.00199743  0.00284289           0  0.00401167
 -0.0110812  -0.0129652 -0.00401167           0
EndNode2[0]<--->HoM1[0]
REAL
   0.322208  0.00821978 -0.00981434    0.113467
 0.00821978    0.172015  0.00790473   0.0124529
-0.00981434  0.00790473     0.18742  0.00365357
   0.113467   0.0124529  0.00365357    0.318357
IMAGINARY
          0  0.00785703 -0.00984867  -0.0183607
-0.00785703           0   0.0151514 -0.00848255
 0.00984867  -0.0151514           0 -0.00216803
  0.0183607  0.00848255  0.00216803           0
Repeater1[0]<--->EndNode1[0]
REAL
   0.287653 0.000348658   0.0177898    0.111031
0.000348658    0.185889 -0.00445246    0.001947
  0.0177898 -0.00445246    0.196744 -0.00298024
   0.111031    0.001947 -0.00298024    0.329715
IMAGINARY
          0 -0.00199743    0.010827   0.0110812
 0.00199743           0  0.00284289  0.00401167
  -0.010827 -0.00284289           0   0.0129652
 -0.0110812 -0.00401167  -0.0129652           0
Repeater1[0]<--->HoM1[0]
REAL
   0.322208 -0.00981434  0.00821978    0.113467
-0.00981434     0.18742  0.00790473  0.00365357
 0.00821978  0.00790473    0.172015   0.0124529
   0.113467  0.00365357   0.0124529    0.318357
IMAGINARY
          0 -0.00984867  0.00785703  -0.0183607
 0.00984867           0  -0.0151514 -0.00216803
-0.00785703   0.0151514           0 -0.00848255
  0.0183607  0.00216803  0.00848255           0
EndNode1[0]<--->Repeater1[0]
REAL
   0.300239  0.00251889   0.0294644    0.110565
 0.00251889    0.198565 -0.00225237  -0.0231672
  0.0294644 -0.00225237    0.211722  0.00251889
   0.110565  -0.0231672  0.00251889    0.289474
IMAGINARY
          0  0.00128028   0.0181025  -0.0128296
-0.00128028           0  -0.0174531   0.0106025
 -0.0181025   0.0174531           0 -0.00328295
  0.0128296  -0.0106025  0.00328295           0
EndNode2[0]<--->HoM1[0]
REAL
   0.324594 -0.00189348   0.0317602    0.136439
-0.00189348    0.178527 -0.00479219  0.00131369
  0.0317602 -0.00479219    0.204744    0.003839
   0.136439  0.00131369    0.003839    0.292135
IMAGINARY
           0   -0.0134519  0.000166237  -0.00733988
   0.0134519            0   -0.0113081    0.0179061
-0.000166237    0.0113081            0  -0.00194298
  0.00733988   -0.0179061   0.00194298            0
Repeater1[0]<--->EndNode1[0]
REAL
   0.300239   0.0294644  0.00251889    0.110565
  0.0294644    0.211722 -0.00225237  0.00251889
 0.00251889 -0.00225237    0.198565  -0.0231672
   0.110565  0.00251889  -0.0231672    0.289474
IMAGINARY
          0   0.0181025  0.00128028  -0.0128296
 -0.0181025           0   0.0174531 -0.00328295
-0.00128028  -0.0174531           0   0.0106025
  0.0128296  0.00328295  -0.0106025           0
Repeater1[0]<--->HoM1[0]
REAL
   0.324594   0.0317602 -0.00189348    0.136439
  0.0317602    0.204744 -0.00479219    0.003839
-0.00189348 -0.00479219    0.178527  0.00131369
   0.136439    0.003839  0.00131369    0.292135
IMAGINARY
           0  0.000166237   -0.0134519  -0.00733988
-0.000166237            0    0.0113081  -0.00194298
   0.0134519   -0.0113081            0    0.0179061
  0.00733988   0.00194298   -0.0179061            0
EndNode1[0]<--->Repeater1[0]
REAL
   0.304938  -0.0220032 -0.00952867    0.140488
 -0.0220032    0.176543  0.00353713 -0.00116316
-0.00952867  0.00353713    0.203704   0.0176007
   0.140488 -0.00116316   0.0176007    0.314815
IMAGINARY
           0   -0.0118973 -0.000864213   -0.0152396
   0.0118973            0    0.0101376    0.0112001
 0.000864213   -0.0101376            0    0.0157732
   0.0152396   -0.0112001   -0.0157732            0
EndNode2[0]<--->HoM1[0]
REAL
   0.330882  0.00412972  0.00271874   0.0883809
 0.00412972    0.194853 -0.00382693  -0.0127054
 0.00271874 -0.00382693    0.192402 -0.00879017
  0.0883809  -0.0127054 -0.00879017    0.281863
IMAGINARY
          0   0.0230398 -0.00174322   0.0193251
 -0.0230398           0 -0.00801861  0.00563933
 0.00174322  0.00801861           0  0.00683033
 -0.0193251 -0.00563933 -0.00683033           0
Repeater1[0]<--->EndNode1[0]
REAL
   0.304938 -0.00952867  -0.0220032    0.140488
-0.00952867    0.203704  0.00353713   0.0176007
 -0.0220032  0.00353713    0.176543 -0.00116316
   0.140488   0.0176007 -0.00116316    0.314815
IMAGINARY
           0 -0.000864213   -0.0118973   -0.0152396
 0.000864213            0   -0.0101376    0.0157732
   0.0118973    0.0101376            0    0.0112001
   0.0152396   -0.0157732   -0.0112001            0
Repeater1[0]<--->HoM1[0]
REAL
   0.330882  0.00271874  0.00412972   0.0883809
 0.00271874    0.192402 -0.00382693 -0.00879017
 0.00412972 -0.00382693    0.194853  -0.0127054
  0.0883809 -0.00879017  -0.0127054    0.281863
IMAGINARY
          0 -0.00174322   0.0230398   0.0193251
 0.00174322           0  0.00801861  0.00683033
 -0.0230398 -0.00801861           0  0.00563933
 -0.0193251 -0.00683033 -0.00563933           0
EndNode1[0]<--->Repeater1[0]
REAL
   0.331551 -0.00434198  -0.0139918   0.0954834
-0.00434198    0.197861  0.00402816  -0.0269117
 -0.0139918  0.00402816    0.187166  -0.0219095
  0.0954834  -0.0269117  -0.0219095    0.283422
IMAGINARY
         0   0.014001  0.0179976  0.0247578
 -0.014001          0  -0.004654  -0.015995
-0.0179976   0.004654          0  0.0133689
-0.0247578   0.015995 -0.0133689          0
EndNode2[0]<--->HoM1[0]
REAL
   0.297055  -0.0108974 0.000227678    0.137914
 -0.0108974    0.206146 -0.00842714  0.00874668
0.000227678 -0.00842714    0.197183  0.00320513
   0.137914  0.00874668  0.00320513    0.299616
IMAGINARY
           0   -0.0266343  -0.00872122   0.00562264
   0.0266343            0   -0.0239472  0.000184634
  0.00872122    0.0239472            0  -0.00873152
 -0.00562264 -0.000184634   0.00873152            0
Repeater1[0]<--->EndNode1[0]
REAL
   0.331551  -0.0139918 -0.00434198   0.0954834
 -0.0139918    0.187166  0.00402816  -0.0219095
-0.00434198  0.00402816    0.197861  -0.0269117
  0.0954834  -0.0219095  -0.0269117    0.283422
IMAGINARY
         0  0.0179976   0.014001  0.0247578
-0.0179976          0   0.004654  0.0133689
 -0.014001  -0.004654          0  -0.015995
-0.0247578 -0.0133689   0.015995          0
Repeater1[0]<--->HoM1[0]
REAL
   0.297055 0.000227678  -0.0108974    0.137914
0.000227678    0.197183 -0.00842714  0.00320513
 -0.0108974 -0.00842714    0.206146  0.00874668
   0.137914  0.00320513  0.00874668    0.299616
IMAGINARY
           0  -0.00872122   -0.0266343   0.00562264
  0.00872122            0    0.0239472  -0.00873152
   0.0266343   -0.0239472            0  0.000184634
 -0.00562264   0.00873152 -0.000184634            0
EndNode1[0]<--->Repeater1[0]
REAL
   0.292249 -0.00513158  0.00734743    0.126306
-0.00513158    0.147395  0.00237478   0.0099381
 0.00734743  0.00237478    0.200762 -0.00319109
   0.126306   0.0099381 -0.00319109    0.359593
IMAGINARY
