EndNode1[0]<--->Repeater1[0]
REAL
  0.310078  0.0230125 -0.0198173  0.0184003
 0.0230125    0.28553  0.0445817 0.00567847
-0.0198173  0.0445817   0.197674  0.0142625
 0.0184003 0.00567847  0.0142625   0.206718
IMAGINARY
          0  -0.0189588 -0.00864486   0.0298645
  0.0189588           0   0.0226355  0.00928343
 0.00864486  -0.0226355           0  0.00810309
 -0.0298645 -0.00928343 -0.00810309           0
EndNode2[0]<--->HoM1[0]
REAL
   0.287532  0.00253646   0.0028493   0.0066682
 0.00253646    0.227735   0.0339409 -0.00665641
  0.0028493   0.0339409    0.256997  0.00380872
  0.0066682 -0.00665641  0.00380872    0.227735
IMAGINARY
           0   0.00161212  -0.00324675   0.00220963
 -0.00161212            0  -0.00475416  -0.00324675
  0.00324675   0.00475416            0 -0.000313422
 -0.00220963   0.00324675  0.000313422            0
Repeater1[0]<--->EndNode1[0]
REAL
  0.310078 -0.0198173  0.0230125  0.0184003
-0.0198173   0.197674  0.0445817  0.0142625
 0.0230125  0.0445817    0.28553 0.00567847
 0.0184003  0.0142625 0.00567847   0.206718
IMAGINARY
          0 -0.00864486  -0.0189588   0.0298645
 0.00864486           0  -0.0226355  0.00810309
  0.0189588   0.0226355           0  0.00928343
 -0.0298645 -0.00810309 -0.00928343           0
Repeater1[0]<--->HoM1[0]
REAL
   0.287532   0.0028493  0.00253646   0.0066682
  0.0028493    0.256997   0.0339409  0.00380872
 0.00253646   0.0339409    0.227735 -0.00665641
  0.0066682  0.00380872 -0.00665641    0.227735
IMAGINARY
           0  -0.00324675   0.00161212   0.00220963
  0.00324675            0   0.00475416 -0.000313422
 -0.00161212  -0.00475416            0  -0.00324675
 -0.00220963  0.000313422   0.00324675            0
EndNode1[0]<--->Repeater1[0]
REAL
   0.270235  0.00210055 -0.00640922    0.038352
 0.00210055    0.266319    0.034352  0.00768473
-0.00640922    0.034352    0.232376   0.0208586
   0.038352  0.00768473   0.0208586     0.23107
IMAGINARY
          0  -0.0230688  0.00313283   0.0168109
  0.0230688           0  0.00476271 -0.00313283
-0.00313283 -0.00476271           0  0.00173542
 -0.0168109  0.00313283 -0.00173542           0
EndNode2[0]<--->HoM1[0]
REAL
   0.305774 -0.00884851   0.0207185   0.0244732
-0.00884851    0.229659   0.0257719   0.0148207
  0.0207185   0.0257719    0.265092  -0.0107593
  0.0244732   0.0148207  -0.0107593    0.199475
IMAGINARY
          0   0.0115298  -0.0147147  -0.0141145
 -0.0115298           0  0.00353252  0.00951994
  0.0147147 -0.00353252           0  -0.0141272
  0.0141145 -0.00951994   0.0141272           0
Repeater1[0]<--->EndNode1[0]
REAL
   0.270235 -0.00640922  0.00210055    0.038352
-0.00640922    0.232376    0.034352   0.0208586
 0.00210055    0.034352    0.266319  0.00768473
   0.038352   0.0208586  0.00768473     0.23107
IMAGINARY
          0  0.00313283  -0.0230688   0.0168109
-0.00313283           0 -0.00476271  0.00173542
  0.0230688  0.00476271           0 -0.00313283
 -0.0168109 -0.00173542  0.00313283           0
Repeater1[0]<--->HoM1[0]
REAL
   0.305774   0.0207185 -0.00884851   0.0244732
  0.0207185    0.265092   0.0257719  -0.0107593
-0.00884851   0.0257719    0.229659   0.0148207
  0.0244732  -0.0107593   0.0148207    0.199475
IMAGINARY
          0  -0.0147147   0.0115298  -0.0141145
  0.0147147           0 -0.00353252  -0.0141272
 -0.0115298  0.00353252           0  0.00951994
  0.0141145   0.0141272 -0.00951994           0
EndNode1[0]<--->Repeater1[0]
REAL
    0.27381  -0.0195298 -0.00164368   0.0261503
 -0.0195298    0.304233   0.0046379 -0.00697701
-0.00164368   0.0046379    0.205026 -0.00510072
  0.0261503 -0.00697701 -0.00510072    0.216931
IMAGINARY
           0   -0.0219426  -0.00989583 -0.000769713
   0.0219426            0    0.0116811    0.0053326
  0.00989583   -0.0116811            0   -0.0295568
 0.000769713   -0.0053326    0.0295568            0
EndNode2[0]<--->HoM1[0]
REAL
  0.291444 0.00293991 -0.0134633  0.0395563
0.00293991   0.208556  0.0121678 0.00683195
-0.0134633  0.0121678       0.25 0.00899643
 0.0395563 0.00683195 0.00899643       0.25
IMAGINARY
           0  0.000457906   -0.0248607    0.0117135
-0.000457906            0    0.0117135   0.00638933
   0.0248607   -0.0117135            0   -0.0163815
  -0.0117135  -0.00638933    0.0163815            0
Repeater1[0]<--->EndNode1[0]
REAL
    0.27381 -0.00164368  -0.0195298   0.0261503
-0.00164368    0.205026   0.0046379 -0.00510072
 -0.0195298   0.0046379    0.304233 -0.00697701
  0.0261503 -0.00510072 -0.00697701    0.216931
IMAGINARY
           0  -0.00989583   -0.0219426 -0.000769713
  0.00989583            0   -0.0116811   -0.0295568
   0.0219426    0.0116811            0    0.0053326
 0.000769713    0.0295568   -0.0053326            0
Repeater1[0]<--->HoM1[0]
REAL
  0.291444 -0.0134633 0.00293991  0.0395563
-0.0134633       0.25  0.0121678 0.00899643
0.00293991  0.0121678   0.208556 0.00683195
 0.0395563 0.00899643 0.00683195       0.25
IMAGINARY
           0   -0.0248607  0.000457906    0.0117135
   0.0248607            0   -0.0117135   -0.0163815
-0.000457906    0.0117135            0   0.00638933
  -0.0117135    0.0163815  -0.00638933            0
EndNode1[0]<--->Repeater1[0]
REAL
   0.305374 -0.00549889  0.00957417    0.022781
-0.00549889    0.256881 0.000200361 -0.00522634
 0.00957417 0.000200361    0.224115   0.0148157
   0.022781 -0.00522634   0.0148157     0.21363
IMAGINARY
          0  -0.0242063 -0.00206207  -0.0136583
  0.0242063           0   -0.016152   0.0181911
 0.00206207    0.016152           0   0.0158192
  0.0136583  -0.0181911  -0.0158192           0
EndNode2[0]<--->HoM1[0]
REAL
   0.273183 -0.00397201 -0.00923567   0.0135116
-0.00397201    0.250627   0.0102351  0.00923567
-0.00923567   0.0102351     0.25188  -0.0026243
  0.0135116  0.00923567  -0.0026243    0.224311
IMAGINARY
          0  -0.0137747  0.00956454   0.0108376
  0.0137747           0 -0.00320396 -0.00104554
-0.00956454  0.00320396           0  -0.0144036
 -0.0108376  0.00104554   0.0144036           0
Repeater1[0]<--->EndNode1[0]
REAL
   0.305374  0.00957417 -0.00549889    0.022781
 0.00957417    0.224115 0.000200361   0.0148157
-0.00549889 0.000200361    0.256881 -0.00522634
   0.022781   0.0148157 -0.00522634     0.21363
IMAGINARY
          0 -0.00206207  -0.0242063  -0.0136583
 0.00206207           0    0.016152   0.0158192
  0.0242063   -0.016152           0   0.0181911
  0.0136583  -0.0158192  -0.0181911           0
Repeater1[0]<--->HoM1[0]
REAL
   0.273183 -0.00923567 -0.00397201   0.0135116
-0.00923567     0.25188   0.0102351  -0.0026243
-0.00397201   0.0102351    0.250627  0.00923567
  0.0135116  -0.0026243  0.00923567    0.224311
IMAGINARY
          0  0.00956454  -0.0137747   0.0108376
-0.00956454           0  0.00320396  -0.0144036
  0.0137747 -0.00320396           0 -0.00104554
 -0.0108376   0.0144036  0.00104554           0
EndNode1[0]<--->Repeater1[0]
REAL
  0.277108 0.00164541  0.0111628  0.0431913
0.00164541   0.302544 0.00798006 -0.0179446
 0.0111628 0.00798006   0.215529 -0.0232237
 0.0431913 -0.0179446 -0.0232237   0.204819
IMAGINARY
          0  -0.0265511   0.0240428   -0.015135
  0.0265511           0  -0.0145092 -0.00643713
 -0.0240428   0.0145092           0  0.00659806
   0.015135  0.00643713 -0.00659806           0
EndNode2[0]<--->HoM1[0]
REAL
    0.267532   0.00233174  -0.00643176    0.0351814
  0.00233174     0.263636    0.0256029    0.0240788
 -0.00643176    0.0256029     0.235065 -0.000370959
   0.0351814    0.0240788 -0.000370959     0.233766
IMAGINARY
          0 -0.00344151   0.0100237   0.0185246
 0.00344151           0  0.00943374   0.0212663
 -0.0100237 -0.00943374           0   0.0104658
 -0.0185246  -0.0212663  -0.0104658           0
Repeater1[0]<--->EndNode1[0]
REAL
  0.277108  0.0111628 0.00164541  0.0431913
 0.0111628   0.215529 0.00798006 -0.0232237
0.00164541 0.00798006   0.302544 -0.0179446
 0.0431913 -0.0232237 -0.0179446   0.204819
IMAGINARY
          0   0.0240428  -0.0265511   -0.015135
 -0.0240428           0   0.0145092  0.00659806
  0.0265511  -0.0145092           0 -0.00643713
   0.015135 -0.00659806  0.00643713           0
Repeater1[0]<--->HoM1[0]
REAL
    0.267532  -0.00643176   0.00233174    0.0351814
 -0.00643176     0.235065    0.0256029 -0.000370959
  0.00233174    0.0256029     0.263636    0.0240788
   0.0351814 -0.000370959    0.0240788     0.233766
IMAGINARY
          0   0.0100237 -0.00344151   0.0185246
 -0.0100237           0 -0.00943374   0.0104658
 0.00344151  0.00943374           0   0.0212663
 -0.0185246  -0.0104658  -0.0212663           0
