EndNode1[0]<--->Repeater1[0]
REAL
   0.334218  0.00750278 -0.00579363   0.0173968
 0.00750278    0.179045  0.00930219  -0.0172646
-0.00579363  0.00930219    0.165782 0.000992364
  0.0173968  -0.0172646 0.000992364    0.320955
IMAGINARY
          0   0.0188925  0.00880615   0.0106772
 -0.0188925           0  0.00145214   0.0179684
-0.00880615 -0.00145214           0 -0.00955252
 -0.0106772  -0.0179684  0.00955252           0
EndNode2[0]<--->HoM1[0]
REAL
  0.347938 -0.0050381  0.0131242  0.0514514
-0.0050381   0.149485 -0.0221147 -0.0131242
 0.0131242 -0.0221147    0.20232 -0.0217476
 0.0514514 -0.0131242 -0.0217476   0.300258
IMAGINARY
          0   0.0095575  -0.0134213  0.00198688
 -0.0095575           0  -0.0109383  -0.0165039
  0.0134213   0.0109383           0   0.0128864
-0.00198688   0.0165039  -0.0128864           0
Repeater1[0]<--->EndNode1[0]
REAL
   0.334218 -0.00579363  0.00750278   0.0173968
-0.00579363    0.165782  0.00930219 0.000992364
 0.00750278  0.00930219    0.179045  -0.0172646
  0.0173968 0.000992364  -0.0172646    0.320955
IMAGINARY
          0  0.00880615   0.0188925   0.0106772
-0.00880615           0 -0.00145214 -0.00955252
 -0.0188925  0.00145214           0   0.0179684
 -0.0106772  0.00955252  -0.0179684           0
Repeater1[0]<--->HoM1[0]
REAL
  0.347938  0.0131242 -0.0050381  0.0514514
 0.0131242    0.20232 -0.0221147 -0.0217476
-0.0050381 -0.0221147   0.149485 -0.0131242
 0.0514514 -0.0217476 -0.0131242   0.300258
IMAGINARY
          0  -0.0134213   0.0095575  0.00198688
  0.0134213           0   0.0109383   0.0128864
 -0.0095575  -0.0109383           0  -0.0165039
-0.00198688  -0.0128864   0.0165039           0
EndNode1[0]<--->Repeater1[0]
REAL
    0.339028   -0.0026126  0.000660736    0.0246173
  -0.0026126     0.178712   -0.0138442 -2.70222e-05
 0.000660736   -0.0138442     0.176084  -0.00942796
   0.0246173 -2.70222e-05  -0.00942796     0.306176
IMAGINARY
          0  0.00987175  0.00281768  -0.0295578
-0.00987175           0   0.0170578  -0.0227116
-0.00281768  -0.0170578           0  0.00471711
  0.0295578   0.0227116 -0.00471711           0
EndNode2[0]<--->HoM1[0]
REAL
  0.311842 -0.0223862  0.0190711  0.0384362
-0.0223862   0.182895 -0.0163583  0.0133964
 0.0190711 -0.0163583   0.196053 0.00290565
 0.0384362  0.0133964 0.00290565   0.309211
IMAGINARY
           0   -0.0103211   -0.0123093   0.00547228
   0.0103211            0    0.0260378 -1.94935e-05
   0.0123093   -0.0260378            0   -0.0115967
 -0.00547228  1.94935e-05    0.0115967            0
Repeater1[0]<--->EndNode1[0]
REAL
    0.339028  0.000660736   -0.0026126    0.0246173
 0.000660736     0.176084   -0.0138442  -0.00942796
  -0.0026126   -0.0138442     0.178712 -2.70222e-05
   0.0246173  -0.00942796 -2.70222e-05     0.306176
IMAGINARY
          0  0.00281768  0.00987175  -0.0295578
-0.00281768           0  -0.0170578  0.00471711
-0.00987175   0.0170578           0  -0.0227116
  0.0295578 -0.00471711   0.0227116           0
Repeater1[0]<--->HoM1[0]
REAL
  0.311842  0.0190711 -0.0223862  0.0384362
 0.0190711   0.196053 -0.0163583 0.00290565
-0.0223862 -0.0163583   0.182895  0.0133964
 0.0384362 0.00290565  0.0133964   0.309211
IMAGINARY
           0   -0.0123093   -0.0103211   0.00547228
   0.0123093            0   -0.0260378   -0.0115967
   0.0103211    0.0260378            0 -1.94935e-05
 -0.00547228    0.0115967  1.94935e-05            0
EndNode1[0]<--->Repeater1[0]
REAL
    0.34702  0.00348982 -0.00743821   0.0223382
 0.00348982    0.202649   0.0204127  -0.0179645
-0.00743821   0.0204127    0.169536 -0.00534856
  0.0223382  -0.0179645 -0.00534856    0.280795
IMAGINARY
          0  0.00253952 -0.00156388   0.0124216
-0.00253952           0  -0.0164004  -0.0106312
 0.00156388   0.0164004           0 -0.00831616
 -0.0124216   0.0106312  0.00831616           0
EndNode2[0]<--->HoM1[0]
REAL
   0.317044 -0.00920128 -0.00517257     0.02564
-0.00920128    0.181168  0.00263761 -0.00382486
-0.00517257  0.00263761    0.179976   0.0169134
    0.02564 -0.00382486   0.0169134    0.321812
IMAGINARY
          0   0.0113641  0.00583605  0.00461807
 -0.0113641           0  -0.0351472   0.0111131
-0.00583605   0.0351472           0   0.0152703
-0.00461807  -0.0111131  -0.0152703           0
Repeater1[0]<--->EndNode1[0]
REAL
    0.34702 -0.00743821  0.00348982   0.0223382
-0.00743821    0.169536   0.0204127 -0.00534856
 0.00348982   0.0204127    0.202649  -0.0179645
  0.0223382 -0.00534856  -0.0179645    0.280795
IMAGINARY
          0 -0.00156388  0.00253952   0.0124216
 0.00156388           0   0.0164004 -0.00831616
-0.00253952  -0.0164004           0  -0.0106312
 -0.0124216  0.00831616   0.0106312           0
Repeater1[0]<--->HoM1[0]
REAL
   0.317044 -0.00517257 -0.00920128     0.02564
-0.00517257    0.179976  0.00263761   0.0169134
-0.00920128  0.00263761    0.181168 -0.00382486
    0.02564   0.0169134 -0.00382486    0.321812
IMAGINARY
          0  0.00583605   0.0113641  0.00461807
-0.00583605           0   0.0351472   0.0152703
 -0.0113641  -0.0351472           0   0.0111131
-0.00461807  -0.0152703  -0.0111131           0
EndNode1[0]<--->Repeater1[0]
REAL
    0.34715   0.0106245   0.0107918   0.0420428
  0.0106245    0.180052 -0.00770212 -0.00255002
  0.0107918 -0.00770212    0.167098   0.0319579
  0.0420428 -0.00255002   0.0319579    0.305699
IMAGINARY
          0  -0.0138244  -0.0019666  -0.0116883
  0.0138244           0  -0.0116883   0.0325788
  0.0019666   0.0116883           0  0.00234478
  0.0116883  -0.0325788 -0.00234478           0
EndNode2[0]<--->HoM1[0]
REAL
  0.315789 -0.0304611 0.00858123  0.0204046
-0.0304611   0.198286  0.0131005  0.0403878
0.00858123  0.0131005   0.186047  -0.010776
 0.0204046  0.0403878  -0.010776   0.299878
IMAGINARY
           0  -0.00166003   -0.0274661  -0.00778551
  0.00166003            0  -0.00257718  0.000241686
   0.0274661   0.00257718            0  -0.00166003
  0.00778551 -0.000241686   0.00166003            0
Repeater1[0]<--->EndNode1[0]
REAL
    0.34715   0.0107918   0.0106245   0.0420428
  0.0107918    0.167098 -0.00770212   0.0319579
  0.0106245 -0.00770212    0.180052 -0.00255002
  0.0420428   0.0319579 -0.00255002    0.305699
IMAGINARY
          0  -0.0019666  -0.0138244  -0.0116883
  0.0019666           0   0.0116883  0.00234478
  0.0138244  -0.0116883           0   0.0325788
  0.0116883 -0.00234478  -0.0325788           0
Repeater1[0]<--->HoM1[0]
REAL
  0.315789 0.00858123 -0.0304611  0.0204046
0.00858123   0.186047  0.0131005  -0.010776
-0.0304611  0.0131005   0.198286  0.0403878
 0.0204046  -0.010776  0.0403878   0.299878
IMAGINARY
           0   -0.0274661  -0.00166003  -0.00778551
   0.0274661            0   0.00257718  -0.00166003
  0.00166003  -0.00257718            0  0.000241686
  0.00778551   0.00166003 -0.000241686            0
EndNode1[0]<--->Repeater1[0]
REAL
   0.321205 -0.00588252 -0.00415194    0.018605
-0.00588252    0.179423   0.0113202 0.000411292
-0.00415194   0.0113202    0.181932   0.0108701
   0.018605 0.000411292   0.0108701     0.31744
IMAGINARY
          0  -0.0133837  -0.0067423  -0.0188819
  0.0133837           0  0.00132667   0.0100536
  0.0067423 -0.00132667           0   0.0074234
  0.0188819  -0.0100536  -0.0074234           0
EndNode2[0]<--->HoM1[0]
REAL
   0.351553 0.000840039 -0.00235693   0.0333714
0.000840039    0.162733  0.00908744    0.022002
-0.00235693  0.00908744    0.168944   0.0124679
  0.0333714    0.022002   0.0124679     0.31677
IMAGINARY
          0  -0.0168705 -0.00351132  0.00633434
  0.0168705           0 -0.00698965  0.00164332
 0.00351132  0.00698965           0 -0.00118674
-0.00633434 -0.00164332  0.00118674           0
Repeater1[0]<--->EndNode1[0]
REAL
   0.321205 -0.00415194 -0.00588252    0.018605
-0.00415194    0.181932   0.0113202   0.0108701
-0.00588252   0.0113202    0.179423 0.000411292
   0.018605   0.0108701 0.000411292     0.31744
IMAGINARY
          0  -0.0067423  -0.0133837  -0.0188819
  0.0067423           0 -0.00132667   0.0074234
  0.0133837  0.00132667           0   0.0100536
  0.0188819  -0.0074234  -0.0100536           0
Repeater1[0]<--->HoM1[0]
REAL
   0.351553 -0.00235693 0.000840039   0.0333714
-0.00235693    0.168944  0.00908744   0.0124679
0.000840039  0.00908744    0.162733    0.022002
  0.0333714   0.0124679    0.022002     0.31677
IMAGINARY
          0 -0.00351132  -0.0168705  0.00633434
 0.00351132           0  0.00698965 -0.00118674
  0.0168705 -0.00698965           0  0.00164332
-0.00633434  0.00118674 -0.00164332           0
EndNode1[0]<--->Repeater1[0]
REAL
   0.376384   -0.019122   0.0162465    0.040785
  -0.019122    0.147601 -0.00909031  -0.0130123
  0.0162465 -0.00909031    0.195572  -0.0216283
   0.040785  -0.0130123  -0.0216283    0.280443
IMAGINARY
          0  0.00158154   0.0233129  0.00122525
-0.00158154           0  0.00253415   0.0253155
 -0.0233129 -0.00253415           0  0.00839353
-0.00122525  -0.0253155 -0.00839353           0
EndNode2[0]<--->HoM1[0]
REAL
   0.322904  -0.0162446   0.0121067   0.0125837
 -0.0162446    0.197747  -0.0200667 0.000818495
  0.0121067  -0.0200667    0.171464   0.0169249
  0.0125837 0.000818495   0.0169249    0.307885
IMAGINARY
          0  0.00552384   0.0128229  0.00539919
-0.00552384           0   0.0184103     0.02751
 -0.0128229  -0.0184103           0 -0.00872486
-0.00539919    -0.02751  0.00872486           0
Repeater1[0]<--->EndNode1[0]
REAL
   0.376384   0.0162465   -0.019122    0.040785
  0.0162465    0.195572 -0.00909031  -0.0216283
  -0.019122 -0.00909031    0.147601  -0.0130123
   0.040785  -0.0216283  -0.0130123    0.280443
IMAGINARY
          0   0.0233129  0.00158154  0.00122525
 -0.0233129           0 -0.00253415  0.00839353
-0.00158154  0.00253415           0   0.0253155
-0.00122525 -0.00839353  -0.0253155           0
Repeater1[0]<--->HoM1[0]
REAL
   0.322904   0.0121067  -0.0162446   0.0125837
  0.0121067    0.171464  -0.0200667   0.0169249
 -0.0162446  -0.0200667    0.197747 0.000818495
  0.0125837   0.0169249 0.000818495    0.307885
IMAGINARY
          0   0.0128229  0.00552384  0.00539919
 -0.0128229           0  -0.0184103 -0.00872486
-0.00552384   0.0184103           0     0.02751
-0.00539919  0.00872486    -0.02751           0
EndNode1[0]<--->Repeater1[0]
REAL
     0.295 0.00680731 -0.0164427  0.0238947
0.00680731    0.20875 0.00551704 0.00705598
-0.0164427 0.00551704     0.1725 0.00132786
 0.0238947 0.00705598 0.00132786    0.32375
IMAGINARY
          0  0.00473642  -0.0104987  -0.0237662
-0.00473642           0   0.0122642  -0.0053441
  0.0104987  -0.0122642           0  0.00350185
  0.0237662   0.0053441 -0.00350185           0
EndNode2[0]<--->HoM1[0]
REAL
  0.339028  0.0224441  0.0106861  0.0407075
 0.0224441   0.187911  0.0136967  0.0113346
 0.0106861  0.0136967   0.164258 -0.0056047
 0.0407075  0.0113346 -0.0056047   0.308804
IMAGINARY
          0 -0.00723609  -0.0200731  0.00284143
 0.00723609           0 -0.00088065  0.00386666
  0.0200731  0.00088065           0  0.00423489
-0.00284143 -0.00386666 -0.00423489           0
Repeater1[0]<--->EndNode1[0]
REAL
     0.295 -0.0164427 0.00680731  0.0238947
-0.0164427     0.1725 0.00551704 0.00132786
0.00680731 0.00551704    0.20875 0.00705598
 0.0238947 0.00132786 0.00705598    0.32375
IMAGINARY
          0  -0.0104987  0.00473642  -0.0237662
  0.0104987           0  -0.0122642  0.00350185
-0.00473642   0.0122642           0  -0.0053441
  0.0237662 -0.00350185   0.0053441           0
Repeater1[0]<--->HoM1[0]
REAL
  0.339028  0.0106861  0.0224441  0.0407075
 0.0106861   0.164258  0.0136967 -0.0056047
 0.0224441  0.0136967   0.187911  0.0113346
 0.0407075 -0.0056047  0.0113346   0.308804
IMAGINARY
          0  -0.0200731 -0.00723609  0.00284143
  0.0200731           0  0.00088065  0.00423489
 0.00723609 -0.00088065           0  0.00386666
-0.00284143 -0.00423489 -0.00386666           0
EndNode1[0]<--->Repeater1[0]
REAL
    0.344072  -0.00857869 -0.000131376    0.0529918
 -0.00857869     0.153351   0.00789378   0.00320641
-0.000131376   0.00789378     0.184278  0.000583612
   0.0529918   0.00320641  0.000583612     0.318299
IMAGINARY
           0  0.000851193    0.0108641  -0.00608815
-0.000851193            0  -0.00872667  -0.00367451
  -0.0108641   0.00872667            0   -0.0211126
  0.00608815   0.00367451    0.0211126            0
EndNode2[0]<--->HoM1[0]
REAL
   0.347066  0.00335017 -0.00427712    0.019945
 0.00335017    0.187266   0.0168004 -0.00490923
-0.00427712   0.0168004    0.186017 -0.00859951
   0.019945 -0.00490923 -0.00859951     0.27965
IMAGINARY
           0 -0.000333887   0.00809574   -0.0111426
 0.000333887            0  -0.00144016     0.012659
 -0.00809574   0.00144016            0   -0.0141315
   0.0111426    -0.012659    0.0141315            0
Repeater1[0]<--->EndNode1[0]
REAL
    0.344072 -0.000131376  -0.00857869    0.0529918
-0.000131376     0.184278   0.00789378  0.000583612
 -0.00857869   0.00789378     0.153351   0.00320641
   0.0529918  0.000583612   0.00320641     0.318299
IMAGINARY
           0    0.0108641  0.000851193  -0.00608815
  -0.0108641            0   0.00872667   -0.0211126
-0.000851193  -0.00872667            0  -0.00367451
  0.00608815    0.0211126   0.00367451            0
Repeater1[0]<--->HoM1[0]
REAL
   0.347066 -0.00427712  0.00335017    0.019945
-0.00427712    0.186017   0.0168004 -0.00859951
 0.00335017   0.0168004    0.187266 -0.00490923
   0.019945 -0.00859951 -0.00490923     0.27965
IMAGINARY
           0   0.00809574 -0.000333887   -0.0111426
 -0.00809574            0   0.00144016   -0.0141315
 0.000333887  -0.00144016            0     0.012659
   0.0111426    0.0141315    -0.012659            0
EndNode1[0]<--->Repeater1[0]
REAL
   0.333752  -0.0137557  0.00727943 -0.00356012
 -0.0137557    0.174404  0.00156809  -0.0119275
 0.00727943  0.00156809    0.204517   -0.028077
-0.00356012  -0.0119275   -0.028077    0.287327
IMAGINARY
          0 -0.00604995   -0.009364  -0.0116429
 0.00604995           0  -0.0174644 -0.00217446
   0.009364   0.0174644           0 -0.00805262
  0.0116429  0.00217446  0.00805262           0
EndNode2[0]<--->HoM1[0]
REAL
   0.316285 -0.00114975  0.00104272   0.0128874
-0.00114975    0.189771  -0.0103685  0.00525451
 0.00104272  -0.0103685    0.176312  -0.0366336
  0.0128874  0.00525451  -0.0366336    0.317631
IMAGINARY
          0   -0.010656  0.00567607  -0.0155311
   0.010656           0  -0.0123944   -0.013428
-0.00567607   0.0123944           0 -0.00613987
  0.0155311    0.013428  0.00613987           0
Repeater1[0]<--->EndNode1[0]
REAL
   0.333752  0.00727943  -0.0137557 -0.00356012
 0.00727943    0.204517  0.00156809   -0.028077
 -0.0137557  0.00156809    0.174404  -0.0119275
-0.00356012   -0.028077  -0.0119275    0.287327
IMAGINARY
          0   -0.009364 -0.00604995  -0.0116429
   0.009364           0   0.0174644 -0.00805262
 0.00604995  -0.0174644           0 -0.00217446
  0.0116429  0.00805262  0.00217446           0
Repeater1[0]<--->HoM1[0]
REAL
   0.316285  0.00104272 -0.00114975   0.0128874
 0.00104272    0.176312  -0.0103685  -0.0366336
-0.00114975  -0.0103685    0.189771  0.00525451
  0.0128874  -0.0366336  0.00525451    0.317631
IMAGINARY
          0  0.00567607   -0.010656  -0.0155311
-0.00567607           0   0.0123944 -0.00613987
   0.010656  -0.0123944           0   -0.013428
  0.0155311  0.00613987    0.013428           0
EndNode1[0]<--->Repeater1[0]
REAL
   0.370817   0.0142588  0.00963346   0.0107237
  0.0142588    0.178046  0.00215977  -0.0151549
 0.00963346  0.00215977     0.16332 -0.00873729
  0.0107237  -0.0151549 -0.00873729    0.287818
IMAGINARY
          0  0.00309796   0.0096421  0.00420647
-0.00309796           0   0.0144106   -0.018206
 -0.0096421  -0.0144106           0  0.00678346
-0.00420647    0.018206 -0.00678346           0
EndNode2[0]<--->HoM1[0]
REAL
   0.313172   0.0104216  -0.0152602  0.00963814
  0.0104216    0.204301  -0.0102624 -0.00409065
 -0.0152602  -0.0102624    0.173387   0.0189167
 0.00963814 -0.00409065   0.0189167     0.30914
IMAGINARY
          0 -0.00716609   -0.012164   0.0057639
 0.00716609           0  0.00898141  -0.0350997
   0.012164 -0.00898141           0   0.0146288
 -0.0057639   0.0350997  -0.0146288           0
Repeater1[0]<--->EndNode1[0]
REAL
   0.370817  0.00963346   0.0142588   0.0107237
 0.00963346     0.16332  0.00215977 -0.00873729
  0.0142588  0.00215977    0.178046  -0.0151549
  0.0107237 -0.00873729  -0.0151549    0.287818
IMAGINARY
          0   0.0096421  0.00309796  0.00420647
 -0.0096421           0  -0.0144106  0.00678346
-0.00309796   0.0144106           0   -0.018206
-0.00420647 -0.00678346    0.018206           0
Repeater1[0]<--->HoM1[0]
REAL
   0.313172  -0.0152602   0.0104216  0.00963814
 -0.0152602    0.173387  -0.0102624   0.0189167
  0.0104216  -0.0102624    0.204301 -0.00409065
 0.00963814   0.0189167 -0.00409065     0.30914
IMAGINARY
          0   -0.012164 -0.00716609   0.0057639
   0.012164           0 -0.00898141   0.0146288
 0.00716609  0.00898141           0  -0.0350997
 -0.0057639  -0.0146288   0.0350997           0
EndNode1[0]<--->Repeater1[0]
REAL
   0.334641 -0.00169815 -0.00410625   0.0164262
-0.00169815    0.193464   -0.012383  -0.0268911
-0.00410625   -0.012383    0.181699 -0.00234498
  0.0164262  -0.0268911 -0.00234498    0.290196
IMAGINARY
          0  0.00279348  0.00809959  0.00761657
-0.00279348           0 -0.00953718 -0.00873979
-0.00809959  0.00953718           0   0.0157725
-0.00761657  0.00873979  -0.0157725           0
EndNode2[0]<--->HoM1[0]
REAL
    0.293282    0.0023578 -0.000388626    0.0275837
   0.0023578     0.177003  -0.00267947    -0.019407
-0.000388626  -0.00267947     0.184755   -0.0042735
   0.0275837    -0.019407   -0.0042735     0.344961
IMAGINARY
          0   0.0220685  -0.0231184   0.0144312
 -0.0220685           0 -0.00582195  0.00996049
  0.0231184  0.00582195           0   0.0239842
 -0.0144312 -0.00996049  -0.0239842           0
Repeater1[0]<--->EndNode1[0]
REAL
   0.334641 -0.00410625 -0.00169815   0.0164262
-0.00410625    0.181699   -0.012383 -0.00234498
-0.00169815   -0.012383    0.193464  -0.0268911
  0.0164262 -0.00234498  -0.0268911    0.290196
IMAGINARY
          0  0.00809959  0.00279348  0.00761657
-0.00809959           0  0.00953718   0.0157725
-0.00279348 -0.00953718           0 -0.00873979
-0.00761657  -0.0157725  0.00873979           0
Repeater1[0]<--->HoM1[0]
REAL
    0.293282 -0.000388626    0.0023578    0.0275837
-0.000388626     0.184755  -0.00267947   -0.0042735
   0.0023578  -0.00267947     0.177003    -0.019407
   0.0275837   -0.0042735    -0.019407     0.344961
IMAGINARY
          0  -0.0231184   0.0220685   0.0144312
  0.0231184           0  0.00582195   0.0239842
 -0.0220685 -0.00582195           0  0.00996049
 -0.0144312  -0.0239842 -0.00996049           0
EndNode1[0]<--->Repeater1[0]
REAL
  0.336621  0.0211715 0.00460117  0.0305803
 0.0211715   0.167694  0.0130705 0.00333534
0.00460117  0.0130705    0.23058 0.00925179
 0.0305803 0.00333534 0.00925179   0.265105
IMAGINARY
           0 -0.000743929  -0.00033679  -0.00229765
 0.000743929            0  -0.00168113  -0.00420277
  0.00033679   0.00168113            0   -0.0102807
  0.00229765   0.00420277    0.0102807            0
EndNode2[0]<--->HoM1[0]
REAL
   0.311622  0.00430976 -0.00276782   0.0214877
 0.00430976    0.174968 -0.00475905 -0.00528671
-0.00276782 -0.00475905    0.214559   0.0198538
  0.0214877 -0.00528671   0.0198538    0.298851
IMAGINARY
           0  -0.00962436 -0.000380194    0.0134185
  0.00962436            0  -0.00844333  -0.00355681
 0.000380194   0.00844333            0   0.00699968
  -0.0134185   0.00355681  -0.00699968            0
Repeater1[0]<--->EndNode1[0]
REAL
  0.336621 0.00460117  0.0211715  0.0305803
0.00460117    0.23058  0.0130705 0.00925179
 0.0211715  0.0130705   0.167694 0.00333534
 0.0305803 0.00925179 0.00333534   0.265105
IMAGINARY
           0  -0.00033679 -0.000743929  -0.00229765
  0.00033679            0   0.00168113   -0.0102807
 0.000743929  -0.00168113            0  -0.00420277
  0.00229765    0.0102807   0.00420277            0
Repeater1[0]<--->HoM1[0]
REAL
   0.311622 -0.00276782  0.00430976   0.0214877
-0.00276782    0.214559 -0.00475905   0.0198538
 0.00430976 -0.00475905    0.174968 -0.00528671
  0.0214877   0.0198538 -0.00528671    0.298851
IMAGINARY
           0 -0.000380194  -0.00962436    0.0134185
 0.000380194            0   0.00844333   0.00699968
  0.00962436  -0.00844333            0  -0.00355681
  -0.0134185  -0.00699968   0.00355681            0
EndNode1[0]<--->Repeater1[0]
REAL
   0.329457  -0.0244619  0.00777312   0.0342139
 -0.0244619    0.192506 -0.00708214   -0.016817
 0.00777312 -0.00708214    0.179587 -0.00783785
  0.0342139   -0.016817 -0.00783785     0.29845
IMAGINARY
           0    0.0119809   0.00148774   -0.0129375
  -0.0119809            0  0.000151501  -0.00339371
 -0.00148774 -0.000151501            0   -0.0088043
   0.0129375   0.00339371    0.0088043            0
EndNode2[0]<--->HoM1[0]
REAL
  0.326425 -0.0117123 0.00601435 0.00744304
-0.0117123   0.183938 -0.0289554  0.0350548
0.00601435 -0.0289554   0.194301  0.0293133
0.00744304  0.0350548  0.0293133   0.295337
IMAGINARY
           0  0.000874563   0.00955821   0.00143434
-0.000874563            0   -0.0123633  -0.00636536
 -0.00955821    0.0123633            0    0.0201982
 -0.00143434   0.00636536   -0.0201982            0
Repeater1[0]<--->EndNode1[0]
REAL
   0.329457  0.00777312  -0.0244619   0.0342139
 0.00777312    0.179587 -0.00708214 -0.00783785
 -0.0244619 -0.00708214    0.192506   -0.016817
  0.0342139 -0.00783785   -0.016817     0.29845
IMAGINARY
           0   0.00148774    0.0119809   -0.0129375
 -0.00148774            0 -0.000151501   -0.0088043
  -0.0119809  0.000151501            0  -0.00339371
   0.0129375    0.0088043   0.00339371            0
Repeater1[0]<--->HoM1[0]
REAL
  0.326425 0.00601435 -0.0117123 0.00744304
0.00601435   0.194301 -0.0289554  0.0293133
-0.0117123 -0.0289554   0.183938  0.0350548
0.00744304  0.0293133  0.0350548   0.295337
IMAGINARY
           0   0.00955821  0.000874563   0.00143434
 -0.00955821            0    0.0123633    0.0201982
-0.000874563   -0.0123633            0  -0.00636536
 -0.00143434   -0.0201982   0.00636536            0
EndNode1[0]<--->Repeater1[0]
REAL
   0.344346 -0.00439752  -0.0112597   0.0247595
-0.00439752    0.193139  0.00653037   0.0029583
 -0.0112597  0.00653037    0.193139  -0.0077353
  0.0247595   0.0029583  -0.0077353    0.269377
IMAGINARY
           0     0.011859  -0.00667987   -0.0188499
   -0.011859            0     0.011098  0.000169449
  0.00667987    -0.011098            0   -0.0157653
   0.0188499 -0.000169449    0.0157653            0
EndNode2[0]<--->HoM1[0]
REAL
   0.311475 -0.00174134  -0.0109612   0.0183183
-0.00174134    0.186633  -0.0176714  0.00255236
 -0.0109612  -0.0176714    0.194199 -0.00666745
  0.0183183  0.00255236 -0.00666745    0.307692
IMAGINARY
           0   -0.0129626   0.00318937    0.0022523
   0.0129626            0  0.000311805   0.00452271
 -0.00318937 -0.000311805            0   0.00139447
  -0.0022523  -0.00452271  -0.00139447            0
Repeater1[0]<--->EndNode1[0]
REAL
   0.344346  -0.0112597 -0.00439752   0.0247595
 -0.0112597    0.193139  0.00653037  -0.0077353
-0.00439752  0.00653037    0.193139   0.0029583
  0.0247595  -0.0077353   0.0029583    0.269377
IMAGINARY
           0  -0.00667987     0.011859   -0.0188499
  0.00667987            0    -0.011098   -0.0157653
   -0.011859     0.011098            0  0.000169449
   0.0188499    0.0157653 -0.000169449            0
Repeater1[0]<--->HoM1[0]
REAL
   0.311475  -0.0109612 -0.00174134   0.0183183
 -0.0109612    0.194199  -0.0176714 -0.00666745
-0.00174134  -0.0176714    0.186633  0.00255236
  0.0183183 -0.00666745  0.00255236    0.307692
IMAGINARY
           0   0.00318937   -0.0129626    0.0022523
 -0.00318937            0 -0.000311805   0.00139447
   0.0129626  0.000311805            0   0.00452271
  -0.0022523  -0.00139447  -0.00452271            0
EndNode1[0]<--->Repeater1[0]
REAL
   0.328302 -0.00168704  -0.0292431  0.00315973
-0.00168704    0.144654   0.0145998  -0.0267678
 -0.0292431   0.0145998    0.202516  -0.0010452
 0.00315973  -0.0267678  -0.0010452    0.324528
IMAGINARY
           0   0.00065408   0.00297771  5.93109e-05
 -0.00065408            0   0.00370009  0.000387032
 -0.00297771  -0.00370009            0  -0.00401882
-5.93109e-05 -0.000387032   0.00401882            0
EndNode2[0]<--->HoM1[0]
REAL
   0.318003   0.0131064 -0.00394661   0.0228715
  0.0131064    0.190539  -0.0147364  0.00457239
-0.00394661  -0.0147364     0.17477 -0.00121653
  0.0228715  0.00457239 -0.00121653    0.316689
IMAGINARY
          0  0.00558261 -0.00139694   0.0197245
-0.00558261           0   -0.012926 -0.00415176
 0.00139694    0.012926           0   0.0209279
 -0.0197245  0.00415176  -0.0209279           0
Repeater1[0]<--->EndNode1[0]
REAL
   0.328302  -0.0292431 -0.00168704  0.00315973
 -0.0292431    0.202516   0.0145998  -0.0010452
-0.00168704   0.0145998    0.144654  -0.0267678
 0.00315973  -0.0010452  -0.0267678    0.324528
IMAGINARY
           0   0.00297771   0.00065408  5.93109e-05
 -0.00297771            0  -0.00370009  -0.00401882
 -0.00065408   0.00370009            0  0.000387032
-5.93109e-05   0.00401882 -0.000387032            0
Repeater1[0]<--->HoM1[0]
REAL
   0.318003 -0.00394661   0.0131064   0.0228715
-0.00394661     0.17477  -0.0147364 -0.00121653
  0.0131064  -0.0147364    0.190539  0.00457239
  0.0228715 -0.00121653  0.00457239    0.316689
IMAGINARY
          0 -0.00139694  0.00558261   0.0197245
 0.00139694           0    0.012926   0.0209279
-0.00558261   -0.012926           0 -0.00415176
 -0.0197245  -0.0209279  0.00415176           0
EndNode1[0]<--->Repeater1[0]
REAL
    0.33461 -0.00175899 -0.00582154    0.016936
-0.00175899    0.168582   0.0118598  0.00320373
-0.00582154   0.0118598    0.196679 -0.00871221
   0.016936  0.00320373 -0.00871221    0.300128
IMAGINARY
          0  0.00958272 -0.00667718 -0.00587458
-0.00958272           0 -0.00045453 -0.00601317
 0.00667718  0.00045453           0  0.00564571
 0.00587458  0.00601317 -0.00564571           0
EndNode2[0]<--->HoM1[0]
REAL
  0.321839 -0.0164547 -0.0110576  0.0146843
-0.0164547   0.192848  0.0101913 -0.0013802
-0.0110576  0.0101913   0.192848 0.00650447
 0.0146843 -0.0013802 0.00650447   0.292465
IMAGINARY
           0  0.000400821   0.00162301   -0.0182575
-0.000400821            0  0.000445769 -0.000981159
 -0.00162301 -0.000445769            0   0.00665951
   0.0182575  0.000981159  -0.00665951            0
Repeater1[0]<--->EndNode1[0]
REAL
    0.33461 -0.00582154 -0.00175899    0.016936
-0.00582154    0.196679   0.0118598 -0.00871221
-0.00175899   0.0118598    0.168582  0.00320373
   0.016936 -0.00871221  0.00320373    0.300128
IMAGINARY
          0 -0.00667718  0.00958272 -0.00587458
 0.00667718           0  0.00045453  0.00564571
-0.00958272 -0.00045453           0 -0.00601317
 0.00587458 -0.00564571  0.00601317           0
Repeater1[0]<--->HoM1[0]
REAL
  0.321839 -0.0110576 -0.0164547  0.0146843
-0.0110576   0.192848  0.0101913 0.00650447
-0.0164547  0.0101913   0.192848 -0.0013802
 0.0146843 0.00650447 -0.0013802   0.292465
IMAGINARY
           0   0.00162301  0.000400821   -0.0182575
 -0.00162301            0 -0.000445769   0.00665951
-0.000400821  0.000445769            0 -0.000981159
   0.0182575  -0.00665951  0.000981159            0
EndNode1[0]<--->Repeater1[0]
REAL
   0.326972 -0.00965952  0.00467749   0.0162282
-0.00965952    0.187023  -0.0148315 -0.00188419
 0.00467749  -0.0148315    0.193384   0.0389891
  0.0162282 -0.00188419   0.0389891    0.292621
IMAGINARY
           0    0.0209183   0.00530501   -0.0102355
  -0.0209183            0   0.00121488   -0.0144402
 -0.00530501  -0.00121488            0 -0.000820844
   0.0102355    0.0144402  0.000820844            0
EndNode2[0]<--->HoM1[0]
REAL
   0.319703   0.0200314 -0.00304878 -0.00553195
  0.0200314    0.198265  0.00830204  0.00304878
-0.00304878  0.00830204    0.179678   0.0173647
-0.00553195  0.00304878   0.0173647    0.302354
IMAGINARY
          0 -0.00474766  0.00245183    0.023365
 0.00474766           0 -0.00508001 -0.00311059
-0.00245183  0.00508001           0   0.0159466
  -0.023365  0.00311059  -0.0159466           0
Repeater1[0]<--->EndNode1[0]
REAL
   0.326972  0.00467749 -0.00965952   0.0162282
 0.00467749    0.193384  -0.0148315   0.0389891
-0.00965952  -0.0148315    0.187023 -0.00188419
  0.0162282   0.0389891 -0.00188419    0.292621
IMAGINARY
           0   0.00530501    0.0209183   -0.0102355
 -0.00530501            0  -0.00121488 -0.000820844
  -0.0209183   0.00121488            0   -0.0144402
   0.0102355  0.000820844    0.0144402            0
Repeater1[0]<--->HoM1[0]
REAL
   0.319703 -0.00304878   0.0200314 -0.00553195
-0.00304878    0.179678  0.00830204   0.0173647
  0.0200314  0.00830204    0.198265  0.00304878
-0.00553195   0.0173647  0.00304878    0.302354
IMAGINARY
          0  0.00245183 -0.00474766    0.023365
-0.00245183           0  0.00508001   0.0159466
 0.00474766 -0.00508001           0 -0.00311059
  -0.023365  -0.0159466  0.00311059           0
EndNode1[0]<--->Repeater1[0]
REAL
   0.324691 -0.00587467  -0.0114251   0.0133877
-0.00587467    0.195062   0.0127219 -0.00815714
 -0.0114251   0.0127219    0.183951  0.00326371
  0.0133877 -0.00815714  0.00326371    0.296296
IMAGINARY
           0   0.00370256  -0.00200268   -0.0216035
 -0.00370256            0  0.000984983  5.34762e-06
  0.00200268 -0.000984983            0   0.00495256
   0.0216035 -5.34762e-06  -0.00495256            0
EndNode2[0]<--->HoM1[0]
REAL
    0.340967   -0.0139363   -0.0139349  -0.00131572
  -0.0139363     0.195929   0.00391988 -0.000388059
  -0.0139349   0.00391988     0.188295   0.00482175
 -0.00131572 -0.000388059   0.00482175     0.274809
IMAGINARY
          0  0.00170759   0.0212402  0.00559846
-0.00170759           0    0.022973  0.00624671
 -0.0212402   -0.022973           0  0.00745472
-0.00559846 -0.00624671 -0.00745472           0
Repeater1[0]<--->EndNode1[0]
REAL
   0.324691  -0.0114251 -0.00587467   0.0133877
 -0.0114251    0.183951   0.0127219  0.00326371
-0.00587467   0.0127219    0.195062 -0.00815714
  0.0133877  0.00326371 -0.00815714    0.296296
IMAGINARY
           0  -0.00200268   0.00370256   -0.0216035
  0.00200268            0 -0.000984983   0.00495256
 -0.00370256  0.000984983            0  5.34762e-06
   0.0216035  -0.00495256 -5.34762e-06            0
Repeater1[0]<--->HoM1[0]
REAL
    0.340967   -0.0139349   -0.0139363  -0.00131572
  -0.0139349     0.188295   0.00391988   0.00482175
  -0.0139363   0.00391988     0.195929 -0.000388059
 -0.00131572   0.00482175 -0.000388059     0.274809
IMAGINARY
          0   0.0212402  0.00170759  0.00559846
 -0.0212402           0   -0.022973  0.00745472
-0.00170759    0.022973           0  0.00624671
-0.00559846 -0.00745472 -0.00624671           0
EndNode1[0]<--->Repeater1[0]
REAL
   0.365789 -0.00621882  0.00629923   0.0233216
-0.00621882    0.185526 -0.00201833   0.0024727
 0.00629923 -0.00201833    0.172368  0.00245942
  0.0233216   0.0024727  0.00245942    0.276316
IMAGINARY
          0 -0.00722702  -0.0179986  -0.0220785
 0.00722702           0   0.0130633   0.0124362
  0.0179986  -0.0130633           0  0.00784507
  0.0220785  -0.0124362 -0.00784507           0
EndNode2[0]<--->HoM1[0]
REAL
   0.324359  0.00625456   0.0164106   0.0193496
 0.00625456    0.189744 -0.00156299   0.0198213
  0.0164106 -0.00156299    0.188462 -0.00427828
  0.0193496   0.0198213 -0.00427828    0.297436
IMAGINARY
          0  0.00459295 -0.00890954   0.0102711
-0.00459295           0  -0.0115766   0.0120781
 0.00890954   0.0115766           0 -0.00269181
 -0.0102711  -0.0120781  0.00269181           0
Repeater1[0]<--->EndNode1[0]
REAL
   0.365789  0.00629923 -0.00621882   0.0233216
 0.00629923    0.172368 -0.00201833  0.00245942
-0.00621882 -0.00201833    0.185526   0.0024727
  0.0233216  0.00245942   0.0024727    0.276316
IMAGINARY
          0  -0.0179986 -0.00722702  -0.0220785
  0.0179986           0  -0.0130633  0.00784507
 0.00722702   0.0130633           0   0.0124362
  0.0220785 -0.00784507  -0.0124362           0
Repeater1[0]<--->HoM1[0]
REAL
   0.324359   0.0164106  0.00625456   0.0193496
  0.0164106    0.188462 -0.00156299 -0.00427828
 0.00625456 -0.00156299    0.189744   0.0198213
  0.0193496 -0.00427828   0.0198213    0.297436
IMAGINARY
          0 -0.00890954  0.00459295   0.0102711
 0.00890954           0   0.0115766 -0.00269181
-0.00459295  -0.0115766           0   0.0120781
 -0.0102711  0.00269181  -0.0120781           0
EndNode1[0]<--->Repeater1[0]
REAL
   0.308564   7.495e-05  0.00813553   0.0173379
  7.495e-05    0.195214 -0.00286417  -0.0186619
 0.00813553 -0.00286417    0.198992  0.00387242
  0.0173379  -0.0186619  0.00387242    0.297229
IMAGINARY
           0   -0.0198653  -0.00803286   -0.0366745
   0.0198653            0     0.018013 -0.000805526
  0.00803286    -0.018013            0    0.0135521
   0.0366745  0.000805526   -0.0135521            0
EndNode2[0]<--->HoM1[0]
REAL
   0.308511  -0.0065526 -0.00954418   0.0175311
 -0.0065526    0.223404  -0.0100684 -0.00289363
-0.00954418  -0.0100684    0.179521  0.00157748
  0.0175311 -0.00289363  0.00157748    0.288564
IMAGINARY
           0  -0.00453498   -0.0229561   0.00659719
  0.00453498            0   -0.0130239  0.000491352
   0.0229561    0.0130239            0    0.0244323
 -0.00659719 -0.000491352   -0.0244323            0
Repeater1[0]<--->EndNode1[0]
REAL
   0.308564  0.00813553   7.495e-05   0.0173379
 0.00813553    0.198992 -0.00286417  0.00387242
  7.495e-05 -0.00286417    0.195214  -0.0186619
  0.0173379  0.00387242  -0.0186619    0.297229
IMAGINARY
           0  -0.00803286   -0.0198653   -0.0366745
  0.00803286            0    -0.018013    0.0135521
   0.0198653     0.018013            0 -0.000805526
   0.0366745   -0.0135521  0.000805526            0
Repeater1[0]<--->HoM1[0]
REAL
   0.308511 -0.00954418  -0.0065526   0.0175311
-0.00954418    0.179521  -0.0100684  0.00157748
 -0.0065526  -0.0100684    0.223404 -0.00289363
  0.0175311  0.00157748 -0.00289363    0.288564
IMAGINARY
           0   -0.0229561  -0.00453498   0.00659719
   0.0229561            0    0.0130239    0.0244323
  0.00453498   -0.0130239            0  0.000491352
 -0.00659719   -0.0244323 -0.000491352            0
EndNode1[0]<--->Repeater1[0]
REAL
   0.331053  0.00337334  -0.0252938  0.00857939
 0.00337334    0.175103  0.00925416  -0.0017868
 -0.0252938  0.00925416    0.202462 -0.00535484
 0.00857939  -0.0017868 -0.00535484    0.291382
IMAGINARY
          0  0.00132853  -0.0223647 -0.00216994
-0.00132853           0  -0.0258106  0.00279657
  0.0223647   0.0258106           0   0.0168901
 0.00216994 -0.00279657  -0.0168901           0
EndNode2[0]<--->HoM1[0]
REAL
   0.317585   0.0244273 -0.00245399   0.0212904
  0.0244273    0.200787    0.012452 -0.00552147
-0.00245399    0.012452    0.173228    0.011769
  0.0212904 -0.00552147    0.011769    0.308399
IMAGINARY
          0  0.00755051   0.0104439   0.0155728
-0.00755051           0  -0.0115078 -0.00665599
 -0.0104439   0.0115078           0  0.00255051
 -0.0155728  0.00665599 -0.00255051           0
Repeater1[0]<--->EndNode1[0]
REAL
   0.331053  -0.0252938  0.00337334  0.00857939
 -0.0252938    0.202462  0.00925416 -0.00535484
 0.00337334  0.00925416    0.175103  -0.0017868
 0.00857939 -0.00535484  -0.0017868    0.291382
IMAGINARY
          0  -0.0223647  0.00132853 -0.00216994
  0.0223647           0   0.0258106   0.0168901
-0.00132853  -0.0258106           0  0.00279657
 0.00216994  -0.0168901 -0.00279657           0
Repeater1[0]<--->HoM1[0]
REAL
   0.317585 -0.00245399   0.0244273   0.0212904
-0.00245399    0.173228    0.012452    0.011769
  0.0244273    0.012452    0.200787 -0.00552147
  0.0212904    0.011769 -0.00552147    0.308399
IMAGINARY
          0   0.0104439  0.00755051   0.0155728
 -0.0104439           0   0.0115078  0.00255051
-0.00755051  -0.0115078           0 -0.00665599
 -0.0155728 -0.00255051  0.00665599           0
EndNode1[0]<--->Repeater1[0]
REAL
    0.335052 -0.000388669   -0.0121744      0.01201
-0.000388669     0.216495   -0.0151866   0.00137394
  -0.0121744   -0.0151866      0.16366   -0.0180357
     0.01201   0.00137394   -0.0180357     0.284794
IMAGINARY
          0   0.0178029  -0.0128801 -0.00646777
 -0.0178029           0  -0.0183099  0.00241981
  0.0128801   0.0183099           0  0.00799902
 0.00646777 -0.00241981 -0.00799902           0
EndNode2[0]<--->HoM1[0]
REAL
    0.335518   -0.0101046 -2.48497e-05    0.0295319
  -0.0101046     0.188729    0.0308239   0.00193082
-2.48497e-05    0.0308239     0.176933 -0.000695953
   0.0295319   0.00193082 -0.000695953      0.29882
IMAGINARY
          0  0.00517803  -0.0122839 -0.00365035
-0.00517803           0  -0.0112839 -0.00451192
  0.0122839   0.0112839           0  0.00128192
 0.00365035  0.00451192 -0.00128192           0
Repeater1[0]<--->EndNode1[0]
REAL
    0.335052   -0.0121744 -0.000388669      0.01201
  -0.0121744      0.16366   -0.0151866   -0.0180357
-0.000388669   -0.0151866     0.216495   0.00137394
     0.01201   -0.0180357   0.00137394     0.284794
IMAGINARY
          0  -0.0128801   0.0178029 -0.00646777
  0.0128801           0   0.0183099  0.00799902
 -0.0178029  -0.0183099           0  0.00241981
 0.00646777 -0.00799902 -0.00241981           0
Repeater1[0]<--->HoM1[0]
REAL
    0.335518 -2.48497e-05   -0.0101046    0.0295319
-2.48497e-05     0.176933    0.0308239 -0.000695953
  -0.0101046    0.0308239     0.188729   0.00193082
   0.0295319 -0.000695953   0.00193082      0.29882
IMAGINARY
          0  -0.0122839  0.00517803 -0.00365035
  0.0122839           0   0.0112839  0.00128192
-0.00517803  -0.0112839           0 -0.00451192
 0.00365035 -0.00128192  0.00451192           0
EndNode1[0]<--->Repeater1[0]
REAL
   0.322078  -0.0060903  0.00634389   0.0108429
 -0.0060903    0.162338 -0.00348007  -0.0257549
 0.00634389 -0.00348007    0.192208  -0.0213528
  0.0108429  -0.0257549  -0.0213528    0.323377
IMAGINARY
          0  -0.0301776  -0.0109787   0.0120464
  0.0301776           0 -0.00290805   0.0109787
  0.0109787  0.00290805           0 -0.00497866
 -0.0120464  -0.0109787  0.00497866           0
EndNode2[0]<--->HoM1[0]
REAL
   0.319121 -0.00740026  -0.0131053   0.0256332
-0.00740026    0.191214 -0.00459355 -0.00298383
 -0.0131053 -0.00459355    0.191214  0.00740026
  0.0256332 -0.00298383  0.00740026     0.29845
IMAGINARY
          0 -0.00860101   0.0189975  0.00352007
 0.00860101           0  0.00730795   0.0137481
 -0.0189975 -0.00730795           0   -0.002734
-0.00352007  -0.0137481    0.002734           0
Repeater1[0]<--->EndNode1[0]
REAL
   0.322078  0.00634389  -0.0060903   0.0108429
 0.00634389    0.192208 -0.00348007  -0.0213528
 -0.0060903 -0.00348007    0.162338  -0.0257549
  0.0108429  -0.0213528  -0.0257549    0.323377
IMAGINARY
          0  -0.0109787  -0.0301776   0.0120464
  0.0109787           0  0.00290805 -0.00497866
  0.0301776 -0.00290805           0   0.0109787
 -0.0120464  0.00497866  -0.0109787           0
Repeater1[0]<--->HoM1[0]
REAL
   0.319121  -0.0131053 -0.00740026   0.0256332
 -0.0131053    0.191214 -0.00459355  0.00740026
-0.00740026 -0.00459355    0.191214 -0.00298383
  0.0256332  0.00740026 -0.00298383     0.29845
IMAGINARY
          0   0.0189975 -0.00860101  0.00352007
 -0.0189975           0 -0.00730795   -0.002734
 0.00860101  0.00730795           0   0.0137481
-0.00352007    0.002734  -0.0137481           0
EndNode1[0]<--->Repeater1[0]
REAL
   0.346774  0.00919005   0.0207586   0.0204087
 0.00919005    0.180108   0.0177492 -0.00233754
  0.0207586   0.0177492    0.147849  -0.0131374
  0.0204087 -0.00233754  -0.0131374    0.325269
IMAGINARY
          0   0.0206187 -0.00437114   0.0143864
 -0.0206187           0  -0.0132209 -0.00759695
 0.00437114   0.0132209           0   0.0232642
