EndNode1[0]<--->Repeater1[0]
REAL
   0.288672  0.00368027  0.00652166   0.0509326
 0.00368027    0.267966  0.00868798 -0.00516665
 0.00652166  0.00868798    0.207065  0.00173978
  0.0509326 -0.00516665  0.00173978    0.236297
IMAGINARY
          0 -0.00979199  -0.0159204  -0.0206746
 0.00979199           0  0.00740027   0.0152898
  0.0159204 -0.00740027           0   0.0343821
  0.0206746  -0.0152898  -0.0343821           0
EndNode2[0]<--->HoM1[0]
REAL
   0.316947 -0.00566751   0.0166065   0.0669979
-0.00566751    0.217335   0.0539089 -0.00401205
  0.0166065   0.0539089    0.206986 -0.00566751
  0.0669979 -0.00401205 -0.00566751    0.258732
IMAGINARY
          0 -0.00362288   0.0123527  0.00932938
 0.00362288           0  0.00756674  -0.0188973
 -0.0123527 -0.00756674           0 -0.00292162
-0.00932938   0.0188973  0.00292162           0
Repeater1[0]<--->EndNode1[0]
REAL
   0.288672  0.00652166  0.00368027   0.0509326
 0.00652166    0.207065  0.00868798  0.00173978
 0.00368027  0.00868798    0.267966 -0.00516665
  0.0509326  0.00173978 -0.00516665    0.236297
IMAGINARY
          0  -0.0159204 -0.00979199  -0.0206746
  0.0159204           0 -0.00740027   0.0343821
 0.00979199  0.00740027           0   0.0152898
  0.0206746  -0.0343821  -0.0152898           0
Repeater1[0]<--->HoM1[0]
REAL
   0.316947   0.0166065 -0.00566751   0.0669979
  0.0166065    0.206986   0.0539089 -0.00566751
-0.00566751   0.0539089    0.217335 -0.00401205
  0.0669979 -0.00566751 -0.00401205    0.258732
IMAGINARY
          0   0.0123527 -0.00362288  0.00932938
 -0.0123527           0 -0.00756674 -0.00292162
 0.00362288  0.00756674           0  -0.0188973
-0.00932938  0.00292162   0.0188973           0
EndNode1[0]<--->Repeater1[0]
REAL
   0.302544  -0.0304804 -0.00370939   0.0575338
 -0.0304804    0.219545   0.0195362  0.00179856
-0.00370939   0.0195362    0.238286 -0.00200363
  0.0575338  0.00179856 -0.00200363    0.239625
IMAGINARY
          0  -0.0122683   0.0190283  0.00690381
  0.0122683           0  -0.0198237  -0.0015373
 -0.0190283   0.0198237           0   0.0104589
-0.00690381   0.0015373  -0.0104589           0
EndNode2[0]<--->HoM1[0]
REAL
   0.231436  0.00200892   0.0141489   0.0616124
 0.00200892        0.25   0.0523286 -0.00878692
  0.0141489   0.0523286        0.25  0.00335301
  0.0616124 -0.00878692  0.00335301    0.268564
IMAGINARY
           0   -0.0109168   -0.0198498 -0.000246771
   0.0109168            0    0.0181259   -0.0066754
   0.0198498   -0.0181259            0   -0.0103033
 0.000246771    0.0066754    0.0103033            0
Repeater1[0]<--->EndNode1[0]
REAL
   0.302544 -0.00370939  -0.0304804   0.0575338
-0.00370939    0.238286   0.0195362 -0.00200363
 -0.0304804   0.0195362    0.219545  0.00179856
  0.0575338 -0.00200363  0.00179856    0.239625
IMAGINARY
          0   0.0190283  -0.0122683  0.00690381
 -0.0190283           0   0.0198237   0.0104589
  0.0122683  -0.0198237           0  -0.0015373
-0.00690381  -0.0104589   0.0015373           0
Repeater1[0]<--->HoM1[0]
REAL
   0.231436   0.0141489  0.00200892   0.0616124
  0.0141489        0.25   0.0523286  0.00335301
 0.00200892   0.0523286        0.25 -0.00878692
  0.0616124  0.00335301 -0.00878692    0.268564
IMAGINARY
           0   -0.0198498   -0.0109168 -0.000246771
   0.0198498            0   -0.0181259   -0.0103033
   0.0109168    0.0181259            0   -0.0066754
 0.000246771    0.0103033    0.0066754            0
EndNode1[0]<--->Repeater1[0]
REAL
   0.283149   -0.010991 -0.00654104   0.0559434
  -0.010991    0.251381   0.0514734   0.0142137
-0.00654104   0.0514734    0.211326 -0.00307546
  0.0559434   0.0142137 -0.00307546    0.254144
IMAGINARY
           0   -0.0121162  -0.00228061    0.0263274
   0.0121162            0  -0.00425934  0.000364897
  0.00228061   0.00425934            0   0.00892338
  -0.0263274 -0.000364897  -0.00892338            0
EndNode2[0]<--->HoM1[0]
REAL
   0.282225   0.0204696 -0.00196007   0.0566901
  0.0204696    0.252374   0.0121875  -0.0222746
-0.00196007   0.0121875    0.240163 -0.00643901
  0.0566901  -0.0222746 -0.00643901    0.225237
IMAGINARY
           0    0.0078712  -0.00262816  -0.00438379
  -0.0078712            0    0.0190537  1.03607e-05
  0.00262816   -0.0190537            0   -0.0026356
  0.00438379 -1.03607e-05    0.0026356            0
Repeater1[0]<--->EndNode1[0]
REAL
   0.283149 -0.00654104   -0.010991   0.0559434
-0.00654104    0.211326   0.0514734 -0.00307546
  -0.010991   0.0514734    0.251381   0.0142137
  0.0559434 -0.00307546   0.0142137    0.254144
IMAGINARY
           0  -0.00228061   -0.0121162    0.0263274
  0.00228061            0   0.00425934   0.00892338
   0.0121162  -0.00425934            0  0.000364897
  -0.0263274  -0.00892338 -0.000364897            0
Repeater1[0]<--->HoM1[0]
REAL
   0.282225 -0.00196007   0.0204696   0.0566901
-0.00196007    0.240163   0.0121875 -0.00643901
  0.0204696   0.0121875    0.252374  -0.0222746
  0.0566901 -0.00643901  -0.0222746    0.225237
IMAGINARY
           0  -0.00262816    0.0078712  -0.00438379
  0.00262816            0   -0.0190537   -0.0026356
  -0.0078712    0.0190537            0  1.03607e-05
  0.00438379    0.0026356 -1.03607e-05            0
EndNode1[0]<--->Repeater1[0]
REAL
   0.287898  -0.0142998   0.0053678   0.0732267
 -0.0142998    0.253503   0.0619084 -0.00782481
  0.0053678   0.0619084    0.210191  0.00570025
  0.0732267 -0.00782481  0.00570025    0.248408
IMAGINARY
          0  -0.0052057  -0.0195154 -0.00393576
  0.0052057           0  0.00775255  -0.0144393
  0.0195154 -0.00775255           0   0.0111977
 0.00393576   0.0144393  -0.0111977           0
EndNode2[0]<--->HoM1[0]
REAL
   0.268229  0.00298981   0.0101979   0.0646006
 0.00298981    0.251302   0.0319373 -0.00686905
  0.0101979   0.0319373    0.238281  -0.0063187
  0.0646006 -0.00686905  -0.0063187    0.242188
IMAGINARY
          0   -0.014413    0.003259    -0.01905
   0.014413           0  0.00167544 -0.00828413
  -0.003259 -0.00167544           0   0.0219507
    0.01905  0.00828413  -0.0219507           0
Repeater1[0]<--->EndNode1[0]
REAL
   0.287898   0.0053678  -0.0142998   0.0732267
  0.0053678    0.210191   0.0619084  0.00570025
 -0.0142998   0.0619084    0.253503 -0.00782481
  0.0732267  0.00570025 -0.00782481    0.248408
IMAGINARY
          0  -0.0195154  -0.0052057 -0.00393576
  0.0195154           0 -0.00775255   0.0111977
  0.0052057  0.00775255           0  -0.0144393
 0.00393576  -0.0111977   0.0144393           0
Repeater1[0]<--->HoM1[0]
REAL
   0.268229   0.0101979  0.00298981   0.0646006
  0.0101979    0.238281   0.0319373  -0.0063187
 0.00298981   0.0319373    0.251302 -0.00686905
  0.0646006  -0.0063187 -0.00686905    0.242188
IMAGINARY
          0    0.003259   -0.014413    -0.01905
  -0.003259           0 -0.00167544   0.0219507
   0.014413  0.00167544           0 -0.00828413
    0.01905  -0.0219507  0.00828413           0
EndNode1[0]<--->Repeater1[0]
REAL
   0.295337  -0.0212142 -0.00792126   0.0517358
 -0.0212142    0.246114   0.0126733  -0.0020389
-0.00792126   0.0126733    0.222798  -0.0126503
  0.0517358  -0.0020389  -0.0126503    0.235751
IMAGINARY
          0  -0.0224585   0.0097823   0.0017293
  0.0224585           0 -0.00302129  -0.0267094
 -0.0097823  0.00302129           0  0.00553137
 -0.0017293   0.0267094 -0.00553137           0
EndNode2[0]<--->HoM1[0]
REAL
    0.28035  0.00405753   0.0117274    0.070063
 0.00405753    0.244055    0.034815 -0.00197127
  0.0117274    0.034815    0.250313 -0.00649656
   0.070063 -0.00197127 -0.00649656    0.225282
IMAGINARY
           0   -0.0116556    0.0161904  0.000378365
   0.0116556            0   0.00413776  -0.00835745
  -0.0161904  -0.00413776            0  -0.00139921
-0.000378365   0.00835745   0.00139921            0
Repeater1[0]<--->EndNode1[0]
REAL
   0.295337 -0.00792126  -0.0212142   0.0517358
-0.00792126    0.222798   0.0126733  -0.0126503
 -0.0212142   0.0126733    0.246114  -0.0020389
  0.0517358  -0.0126503  -0.0020389    0.235751
IMAGINARY
          0   0.0097823  -0.0224585   0.0017293
 -0.0097823           0  0.00302129  0.00553137
  0.0224585 -0.00302129           0  -0.0267094
 -0.0017293 -0.00553137   0.0267094           0
Repeater1[0]<--->HoM1[0]
REAL
    0.28035   0.0117274  0.00405753    0.070063
  0.0117274    0.250313    0.034815 -0.00649656
 0.00405753    0.034815    0.244055 -0.00197127
   0.070063 -0.00649656 -0.00197127    0.225282
IMAGINARY
           0    0.0161904   -0.0116556  0.000378365
  -0.0161904            0  -0.00413776  -0.00139921
   0.0116556   0.00413776            0  -0.00835745
-0.000378365   0.00139921   0.00835745            0
