EndNode1[0]<--->Repeater1[0]
REAL
   0.404082 -0.00397318  0.00493072    0.281815
-0.00397318   0.0666667   -0.010425 -0.00894142
 0.00493072   -0.010425   0.0503401   0.0253636
   0.281815 -0.00894142   0.0253636    0.478912
IMAGINARY
          0   0.0202901   0.0426705 -0.00343479
 -0.0202901           0 -0.00281521  -0.0357869
 -0.0426705  0.00281521           0  0.00286383
 0.00343479   0.0357869 -0.00286383           0
EndNode2[0]<--->HoM1[0]
REAL
   0.445876  0.00713674   0.0232502    0.289625
 0.00713674   0.0541237   0.0111272 -0.00695945
  0.0232502   0.0111272   0.0579897   0.0129134
   0.289625 -0.00695945   0.0129134     0.44201
IMAGINARY
           0     0.022911  -0.00504679  0.000869962
   -0.022911            0  -0.00477621  -0.00920191
  0.00504679   0.00477621            0  -0.00218557
-0.000869962   0.00920191   0.00218557            0
Repeater1[0]<--->EndNode1[0]
REAL
   0.404082  0.00493072 -0.00397318    0.281815
 0.00493072   0.0503401   -0.010425   0.0253636
-0.00397318   -0.010425   0.0666667 -0.00894142
   0.281815   0.0253636 -0.00894142    0.478912
IMAGINARY
          0   0.0426705   0.0202901 -0.00343479
 -0.0426705           0  0.00281521  0.00286383
 -0.0202901 -0.00281521           0  -0.0357869
 0.00343479 -0.00286383   0.0357869           0
Repeater1[0]<--->HoM1[0]
REAL
   0.445876   0.0232502  0.00713674    0.289625
  0.0232502   0.0579897   0.0111272   0.0129134
 0.00713674   0.0111272   0.0541237 -0.00695945
   0.289625   0.0129134 -0.00695945     0.44201
IMAGINARY
           0  -0.00504679     0.022911  0.000869962
  0.00504679            0   0.00477621  -0.00218557
   -0.022911  -0.00477621            0  -0.00920191
-0.000869962   0.00218557   0.00920191            0
EndNode1[0]<--->Repeater1[0]
REAL
  0.409449  0.0042816 -0.0146577   0.287477
 0.0042816  0.0590551 0.00316333 0.00480544
-0.0146577 0.00316333  0.0577428 -0.0190599
  0.287477 0.00480544 -0.0190599   0.473753
IMAGINARY
          0  -0.0195024   0.0202401   0.0109888
  0.0195024           0 -0.00593829  0.00394287
 -0.0202401  0.00593829           0 -0.00337339
 -0.0109888 -0.00394287  0.00337339           0
EndNode2[0]<--->HoM1[0]
REAL
   0.407035  0.00391943  0.00176101    0.288191
 0.00391943   0.0615578  0.00247703 -0.00995774
 0.00176101  0.00247703   0.0653266 -0.00959408
   0.288191 -0.00995774 -0.00959408     0.46608
IMAGINARY
         0 -0.0139827 -0.0175325  0.0142005
 0.0139827          0  0.0176873  0.0136364
 0.0175325 -0.0176873          0  0.0217749
-0.0142005 -0.0136364 -0.0217749          0
Repeater1[0]<--->EndNode1[0]
REAL
  0.409449 -0.0146577  0.0042816   0.287477
-0.0146577  0.0577428 0.00316333 -0.0190599
 0.0042816 0.00316333  0.0590551 0.00480544
  0.287477 -0.0190599 0.00480544   0.473753
IMAGINARY
          0   0.0202401  -0.0195024   0.0109888
 -0.0202401           0  0.00593829 -0.00337339
  0.0195024 -0.00593829           0  0.00394287
 -0.0109888  0.00337339 -0.00394287           0
Repeater1[0]<--->HoM1[0]
REAL
   0.407035  0.00176101  0.00391943    0.288191
 0.00176101   0.0653266  0.00247703 -0.00959408
 0.00391943  0.00247703   0.0615578 -0.00995774
   0.288191 -0.00959408 -0.00995774     0.46608
IMAGINARY
         0 -0.0175325 -0.0139827  0.0142005
 0.0175325          0 -0.0176873  0.0217749
 0.0139827  0.0176873          0  0.0136364
-0.0142005 -0.0217749 -0.0136364          0
EndNode1[0]<--->Repeater1[0]
REAL
  0.448649 0.00680945 0.00937828   0.287558
0.00680945  0.0635135   0.023147 -0.0119892
0.00937828   0.023147  0.0608108  -0.002893
  0.287558 -0.0119892  -0.002893   0.427027
IMAGINARY
           0  -0.00709569  -0.00157406   0.00407442
  0.00709569            0   0.00472125 -0.000932209
  0.00157406  -0.00472125            0   0.00458943
 -0.00407442  0.000932209  -0.00458943            0
EndNode2[0]<--->HoM1[0]
REAL
  0.462988  0.0276021 0.00544202     0.2731
 0.0276021  0.0578735 0.00424917 0.00421049
0.00544202 0.00424917  0.0551817  0.0013554
    0.2731 0.00421049  0.0013554   0.423957
IMAGINARY
           0  0.000618047   -0.0108186    0.0236569
-0.000618047            0   0.00208832    0.0102005
   0.0108186  -0.00208832            0  -0.00865266
  -0.0236569   -0.0102005   0.00865266            0
Repeater1[0]<--->EndNode1[0]
REAL
  0.448649 0.00937828 0.00680945   0.287558
0.00937828  0.0608108   0.023147  -0.002893
0.00680945   0.023147  0.0635135 -0.0119892
  0.287558  -0.002893 -0.0119892   0.427027
IMAGINARY
           0  -0.00157406  -0.00709569   0.00407442
  0.00157406            0  -0.00472125   0.00458943
  0.00709569   0.00472125            0 -0.000932209
 -0.00407442  -0.00458943  0.000932209            0
Repeater1[0]<--->HoM1[0]
REAL
  0.462988 0.00544202  0.0276021     0.2731
0.00544202  0.0551817 0.00424917  0.0013554
 0.0276021 0.00424917  0.0578735 0.00421049
    0.2731  0.0013554 0.00421049   0.423957
IMAGINARY
           0   -0.0108186  0.000618047    0.0236569
   0.0108186            0  -0.00208832  -0.00865266
-0.000618047   0.00208832            0    0.0102005
  -0.0236569   0.00865266   -0.0102005            0
EndNode1[0]<--->Repeater1[0]
REAL
   0.436508  -0.0129488 0.000369436    0.291088
 -0.0129488   0.0555556   0.0114274 -0.00477195
0.000369436   0.0114274   0.0582011  0.00477271
   0.291088 -0.00477195  0.00477271    0.449735
IMAGINARY
          0  -0.0105462 -0.00141421   0.0182624
  0.0105462           0   0.0127812   0.0177115
 0.00141421  -0.0127812           0 -0.00183973
 -0.0182624  -0.0177115  0.00183973           0
EndNode2[0]<--->HoM1[0]
REAL
   0.440955   0.0177101  0.00940762    0.303245
  0.0177101   0.0603015   0.0115223 0.000955079
 0.00940762   0.0115223   0.0502513  -0.0190055
   0.303245 0.000955079  -0.0190055    0.448492
IMAGINARY
          0  0.00825989  -0.0107652  0.00896324
-0.00825989           0  0.00214787  -0.0339611
  0.0107652 -0.00214787           0   0.0284557
-0.00896324   0.0339611  -0.0284557           0
Repeater1[0]<--->EndNode1[0]
REAL
   0.436508 0.000369436  -0.0129488    0.291088
0.000369436   0.0582011   0.0114274  0.00477271
 -0.0129488   0.0114274   0.0555556 -0.00477195
   0.291088  0.00477271 -0.00477195    0.449735
IMAGINARY
          0 -0.00141421  -0.0105462   0.0182624
 0.00141421           0  -0.0127812 -0.00183973
  0.0105462   0.0127812           0   0.0177115
 -0.0182624  0.00183973  -0.0177115           0
Repeater1[0]<--->HoM1[0]
REAL
   0.440955  0.00940762   0.0177101    0.303245
 0.00940762   0.0502513   0.0115223  -0.0190055
  0.0177101   0.0115223   0.0603015 0.000955079
   0.303245  -0.0190055 0.000955079    0.448492
IMAGINARY
          0  -0.0107652  0.00825989  0.00896324
  0.0107652           0 -0.00214787   0.0284557
-0.00825989  0.00214787           0  -0.0339611
-0.00896324  -0.0284557   0.0339611           0
EndNode1[0]<--->Repeater1[0]
REAL
   0.482051 -0.00317487 -0.00233253    0.283406
-0.00317487   0.0589744 0.000411514  -0.0109418
-0.00233253 0.000411514   0.0666667 -0.00883525
   0.283406  -0.0109418 -0.00883525    0.392308
IMAGINARY
          0  0.00669362   0.0053914  -0.0237719
-0.00669362           0  -0.0100822  0.00476088
 -0.0053914   0.0100822           0   0.0047277
  0.0237719 -0.00476088  -0.0047277           0
EndNode2[0]<--->HoM1[0]
REAL
    0.43401   0.0018482  0.00233996    0.305602
  0.0018482   0.0571066   0.0155896 -0.00432671
 0.00233996   0.0155896   0.0609137 -0.00251045
   0.305602 -0.00432671 -0.00251045     0.44797
IMAGINARY
           0    0.0116055  -0.00918325 -0.000701594
  -0.0116055            0   0.00506025   -0.0183456
  0.00918325  -0.00506025            0  -0.00968485
 0.000701594    0.0183456   0.00968485            0
Repeater1[0]<--->EndNode1[0]
REAL
   0.482051 -0.00233253 -0.00317487    0.283406
-0.00233253   0.0666667 0.000411514 -0.00883525
-0.00317487 0.000411514   0.0589744  -0.0109418
   0.283406 -0.00883525  -0.0109418    0.392308
IMAGINARY
          0   0.0053914  0.00669362  -0.0237719
 -0.0053914           0   0.0100822   0.0047277
-0.00669362  -0.0100822           0  0.00476088
  0.0237719  -0.0047277 -0.00476088           0
Repeater1[0]<--->HoM1[0]
REAL
    0.43401  0.00233996   0.0018482    0.305602
 0.00233996   0.0609137   0.0155896 -0.00251045
  0.0018482   0.0155896   0.0571066 -0.00432671
   0.305602 -0.00251045 -0.00432671     0.44797
IMAGINARY
           0  -0.00918325    0.0116055 -0.000701594
  0.00918325            0  -0.00506025  -0.00968485
  -0.0116055   0.00506025            0   -0.0183456
 0.000701594   0.00968485    0.0183456            0
EndNode1[0]<--->Repeater1[0]
REAL
   0.488435   0.0102577   0.0225048    0.278829
  0.0102577   0.0503401 -0.00593049  -0.0093304
  0.0225048 -0.00593049   0.0639456   0.0217373
   0.278829  -0.0093304   0.0217373    0.397279
IMAGINARY
          0  0.00193478   0.0191014  0.00297824
-0.00193478           0  -0.0140029 -0.00706936
 -0.0191014   0.0140029           0  0.00608661
-0.00297824  0.00706936 -0.00608661           0
EndNode2[0]<--->HoM1[0]
REAL
    0.429836 -0.000815476   -0.0081717     0.297966
-0.000815476    0.0530973  -0.00962598   -0.0140083
  -0.0081717  -0.00962598    0.0670038   -0.0150274
    0.297966   -0.0140083   -0.0150274     0.450063
IMAGINARY
           0    0.0020326  0.000320102  -0.00194805
  -0.0020326            0   0.00194805 -0.000320102
-0.000320102  -0.00194805            0   -0.0111949
  0.00194805  0.000320102    0.0111949            0
Repeater1[0]<--->EndNode1[0]
REAL
   0.488435   0.0225048   0.0102577    0.278829
  0.0225048   0.0639456 -0.00593049   0.0217373
  0.0102577 -0.00593049   0.0503401  -0.0093304
   0.278829   0.0217373  -0.0093304    0.397279
IMAGINARY
          0   0.0191014  0.00193478  0.00297824
 -0.0191014           0   0.0140029  0.00608661
-0.00193478  -0.0140029           0 -0.00706936
-0.00297824 -0.00608661  0.00706936           0
Repeater1[0]<--->HoM1[0]
REAL
    0.429836   -0.0081717 -0.000815476     0.297966
  -0.0081717    0.0670038  -0.00962598   -0.0150274
-0.000815476  -0.00962598    0.0530973   -0.0140083
    0.297966   -0.0150274   -0.0140083     0.450063
IMAGINARY
           0  0.000320102    0.0020326  -0.00194805
-0.000320102            0  -0.00194805   -0.0111949
  -0.0020326   0.00194805            0 -0.000320102
  0.00194805    0.0111949  0.000320102            0
EndNode1[0]<--->Repeater1[0]
REAL
  0.434263 -0.0128501 0.00157333   0.278052
-0.0128501  0.0504648 0.00549279 0.00095832
0.00157333 0.00549279  0.0584329 0.00398931
  0.278052 0.00095832 0.00398931   0.456839
IMAGINARY
          0  -0.0207252  0.00695943  -0.0250224
  0.0207252           0 -0.00378685   0.0134361
-0.00695943  0.00378685           0  -0.0268644
  0.0250224  -0.0134361   0.0268644           0
EndNode2[0]<--->HoM1[0]
REAL
   0.420424    -0.02295  0.00323205    0.299595
   -0.02295   0.0530504 -0.00497375  -0.0276819
 0.00323205 -0.00497375    0.071618  -0.0137249
   0.299595  -0.0276819  -0.0137249    0.454907
IMAGINARY
          0 -0.00860752 -0.00767916   0.0148892
 0.00860752           0   0.0209133 -0.00374216
 0.00767916  -0.0209133           0   0.0149527
 -0.0148892  0.00374216  -0.0149527           0
Repeater1[0]<--->EndNode1[0]
REAL
  0.434263 0.00157333 -0.0128501   0.278052
0.00157333  0.0584329 0.00549279 0.00398931
-0.0128501 0.00549279  0.0504648 0.00095832
  0.278052 0.00398931 0.00095832   0.456839
IMAGINARY
          0  0.00695943  -0.0207252  -0.0250224
-0.00695943           0  0.00378685  -0.0268644
  0.0207252 -0.00378685           0   0.0134361
  0.0250224   0.0268644  -0.0134361           0
Repeater1[0]<--->HoM1[0]
REAL
   0.420424  0.00323205    -0.02295    0.299595
 0.00323205    0.071618 -0.00497375  -0.0137249
   -0.02295 -0.00497375   0.0530504  -0.0276819
   0.299595  -0.0137249  -0.0276819    0.454907
IMAGINARY
          0 -0.00767916 -0.00860752   0.0148892
 0.00767916           0  -0.0209133   0.0149527
 0.00860752   0.0209133           0 -0.00374216
 -0.0148892  -0.0149527  0.00374216           0
EndNode1[0]<--->Repeater1[0]
REAL
  0.483871 0.00525164 0.00422293   0.286002
0.00525164  0.0604839 -0.0147449 -0.0108098
0.00422293 -0.0147449  0.0456989 0.00133519
  0.286002 -0.0108098 0.00133519   0.409946
IMAGINARY
          0  -0.0117661 -0.00254898  0.00980807
  0.0117661           0  -0.0111343   0.0106436
 0.00254898   0.0111343           0  0.00118084
-0.00980807  -0.0106436 -0.00118084           0
EndNode2[0]<--->HoM1[0]
REAL
   0.428944  0.00515118  -0.0042503    0.295759
 0.00515118   0.0495437 -0.00945401  -0.0081464
 -0.0042503 -0.00945401   0.0691004  -0.0116447
   0.295759  -0.0081464  -0.0116447    0.452412
IMAGINARY
          0  -0.0167447    0.014829 -0.00542462
  0.0167447           0  -0.0027721  0.00780474
  -0.014829   0.0027721           0 -0.00588903
 0.00542462 -0.00780474  0.00588903           0
Repeater1[0]<--->EndNode1[0]
REAL
  0.483871 0.00422293 0.00525164   0.286002
0.00422293  0.0456989 -0.0147449 0.00133519
0.00525164 -0.0147449  0.0604839 -0.0108098
  0.286002 0.00133519 -0.0108098   0.409946
IMAGINARY
          0 -0.00254898  -0.0117661  0.00980807
 0.00254898           0   0.0111343  0.00118084
  0.0117661  -0.0111343           0   0.0106436
-0.00980807 -0.00118084  -0.0106436           0
Repeater1[0]<--->HoM1[0]
REAL
   0.428944  -0.0042503  0.00515118    0.295759
 -0.0042503   0.0691004 -0.00945401  -0.0116447
 0.00515118 -0.00945401   0.0495437  -0.0081464
   0.295759  -0.0116447  -0.0081464    0.452412
IMAGINARY
          0    0.014829  -0.0167447 -0.00542462
  -0.014829           0   0.0027721 -0.00588903
  0.0167447  -0.0027721           0  0.00780474
 0.00542462  0.00588903 -0.00780474           0
EndNode1[0]<--->Repeater1[0]
REAL
  0.413572  -0.009262 -0.0126076   0.278957
 -0.009262  0.0678617 0.00525318  0.0126076
-0.0126076 0.00525318  0.0512164 0.00663042
  0.278957  0.0126076 0.00663042    0.46735
IMAGINARY
          0 -0.00446585  -0.0052079  -0.0011277
 0.00446585           0 -0.00736903  -0.0156518
  0.0052079  0.00736903           0  0.00636218
  0.0011277   0.0156518 -0.00636218           0
EndNode2[0]<--->HoM1[0]
REAL
  0.467681  0.0130191  0.0103112   0.301436
 0.0130191  0.0595691  0.0120996 0.00902583
 0.0103112  0.0120996  0.0506971  0.0104616
  0.301436 0.00902583  0.0104616   0.422053
IMAGINARY
           0   0.00711347 -0.000894415 -0.000830148
 -0.00711347            0  -0.00487327   0.00154461
 0.000894415   0.00487327            0   -0.0207676
 0.000830148  -0.00154461    0.0207676            0
Repeater1[0]<--->EndNode1[0]
REAL
  0.413572 -0.0126076  -0.009262   0.278957
-0.0126076  0.0512164 0.00525318 0.00663042
 -0.009262 0.00525318  0.0678617  0.0126076
  0.278957 0.00663042  0.0126076    0.46735
IMAGINARY
          0  -0.0052079 -0.00446585  -0.0011277
  0.0052079           0  0.00736903  0.00636218
 0.00446585 -0.00736903           0  -0.0156518
  0.0011277 -0.00636218   0.0156518           0
Repeater1[0]<--->HoM1[0]
REAL
  0.467681  0.0103112  0.0130191   0.301436
 0.0103112  0.0506971  0.0120996  0.0104616
 0.0130191  0.0120996  0.0595691 0.00902583
  0.301436  0.0104616 0.00902583   0.422053
IMAGINARY
           0 -0.000894415   0.00711347 -0.000830148
 0.000894415            0   0.00487327   -0.0207676
 -0.00711347  -0.00487327            0   0.00154461
 0.000830148    0.0207676  -0.00154461            0
EndNode1[0]<--->Repeater1[0]
REAL
   0.453846  -0.0142392   0.0019544    0.307968
 -0.0142392   0.0461538 -0.00849597   0.0112382
  0.0019544 -0.00849597   0.0576923   0.0116006
   0.307968   0.0112382   0.0116006    0.442308
IMAGINARY
           0  -0.00464579   0.00345578    0.0166453
  0.00464579            0    0.0224072 -8.19583e-05
 -0.00345578   -0.0224072            0   -0.0257186
  -0.0166453  8.19583e-05    0.0257186            0
EndNode2[0]<--->HoM1[0]
REAL
     0.4375  -0.0157025  0.00388142    0.290417
 -0.0157025   0.0611979 0.000666237 -0.00324447
 0.00388142 0.000666237   0.0481771  0.00614838
   0.290417 -0.00324447  0.00614838    0.453125
IMAGINARY
          0   0.0163759   -0.017888  0.00592332
 -0.0163759           0  -0.0154775 -0.00379402
   0.017888   0.0154775           0 -0.00257831
-0.00592332  0.00379402  0.00257831           0
Repeater1[0]<--->EndNode1[0]
REAL
   0.453846   0.0019544  -0.0142392    0.307968
  0.0019544   0.0576923 -0.00849597   0.0116006
 -0.0142392 -0.00849597   0.0461538   0.0112382
   0.307968   0.0116006   0.0112382    0.442308
IMAGINARY
           0   0.00345578  -0.00464579    0.0166453
 -0.00345578            0   -0.0224072   -0.0257186
  0.00464579    0.0224072            0 -8.19583e-05
  -0.0166453    0.0257186  8.19583e-05            0
Repeater1[0]<--->HoM1[0]
REAL
     0.4375  0.00388142  -0.0157025    0.290417
 0.00388142   0.0481771 0.000666237  0.00614838
 -0.0157025 0.000666237   0.0611979 -0.00324447
   0.290417  0.00614838 -0.00324447    0.453125
IMAGINARY
          0   -0.017888   0.0163759  0.00592332
   0.017888           0   0.0154775 -0.00257831
 -0.0163759  -0.0154775           0 -0.00379402
-0.00592332  0.00257831  0.00379402           0
EndNode1[0]<--->Repeater1[0]
REAL
  0.440154  0.0199749  0.0170455   0.293893
 0.0199749  0.0694981 0.00504859 -0.0236592
 0.0170455 0.00504859  0.0514801 -0.0107156
  0.293893 -0.0236592 -0.0107156   0.438867
IMAGINARY
           0   0.00671851  0.000674481   -0.0035278
 -0.00671851            0  -0.00942557   0.00264557
-0.000674481   0.00942557            0   -0.0246468
   0.0035278  -0.00264557    0.0246468            0
EndNode2[0]<--->HoM1[0]
REAL
   0.445913  -0.0177291  0.00224385    0.291682
 -0.0177291   0.0384615 -0.00389111  0.00357011
 0.00224385 -0.00389111   0.0564904   0.0119152
   0.291682  0.00357011   0.0119152    0.459135
IMAGINARY
           0   0.00614667 -0.000978668    0.0132533
 -0.00614667            0    0.0126291   -0.0016255
 0.000978668   -0.0126291            0  -0.00224042
  -0.0132533    0.0016255   0.00224042            0
Repeater1[0]<--->EndNode1[0]
REAL
  0.440154  0.0170455  0.0199749   0.293893
 0.0170455  0.0514801 0.00504859 -0.0107156
 0.0199749 0.00504859  0.0694981 -0.0236592
  0.293893 -0.0107156 -0.0236592   0.438867
IMAGINARY
           0  0.000674481   0.00671851   -0.0035278
-0.000674481            0   0.00942557   -0.0246468
 -0.00671851  -0.00942557            0   0.00264557
   0.0035278    0.0246468  -0.00264557            0
Repeater1[0]<--->HoM1[0]
REAL
   0.445913  0.00224385  -0.0177291    0.291682
 0.00224385   0.0564904 -0.00389111   0.0119152
 -0.0177291 -0.00389111   0.0384615  0.00357011
   0.291682   0.0119152  0.00357011    0.459135
IMAGINARY
           0 -0.000978668   0.00614667    0.0132533
 0.000978668            0   -0.0126291  -0.00224042
 -0.00614667    0.0126291            0   -0.0016255
  -0.0132533   0.00224042    0.0016255            0
EndNode1[0]<--->Repeater1[0]
REAL
  0.442893 0.00190287  0.0294358   0.283253
0.00190287  0.0545685 0.00192298  -0.016873
 0.0294358 0.00192298  0.0545685  0.0119162
  0.283253  -0.016873  0.0119162    0.44797
IMAGINARY
          0 -0.00689988  -0.0137628 -0.00608878
 0.00689988           0  -0.0127554 -0.00541878
  0.0137628   0.0127554           0   0.0145725
 0.00608878  0.00541878  -0.0145725           0
EndNode2[0]<--->HoM1[0]
REAL
   0.447607 0.000959452   0.0120865    0.303727
0.000959452   0.0517464  0.00161635   0.0120865
  0.0120865  0.00161635   0.0582147  0.00921866
   0.303727   0.0120865  0.00921866    0.442432
IMAGINARY
           0     0.024301   0.00323202   -0.0133909
   -0.024301            0   0.00888636  0.000725759
 -0.00323202  -0.00888636            0  -0.00187353
   0.0133909 -0.000725759   0.00187353            0
Repeater1[0]<--->EndNode1[0]
REAL
  0.442893  0.0294358 0.00190287   0.283253
 0.0294358  0.0545685 0.00192298  0.0119162
0.00190287 0.00192298  0.0545685  -0.016873
  0.283253  0.0119162  -0.016873    0.44797
IMAGINARY
          0  -0.0137628 -0.00689988 -0.00608878
  0.0137628           0   0.0127554   0.0145725
 0.00689988  -0.0127554           0 -0.00541878
 0.00608878  -0.0145725  0.00541878           0
Repeater1[0]<--->HoM1[0]
REAL
   0.447607   0.0120865 0.000959452    0.303727
  0.0120865   0.0582147  0.00161635  0.00921866
0.000959452  0.00161635   0.0517464   0.0120865
   0.303727  0.00921866   0.0120865    0.442432
IMAGINARY
           0   0.00323202     0.024301   -0.0133909
 -0.00323202            0  -0.00888636  -0.00187353
   -0.024301   0.00888636            0  0.000725759
   0.0133909   0.00187353 -0.000725759            0
EndNode1[0]<--->Repeater1[0]
REAL
    0.463357    -0.014153   -0.0181144     0.292102
   -0.014153    0.0626478  -0.00219769    0.0119752
  -0.0181144  -0.00219769    0.0591017 -0.000171667
    0.292102    0.0119752 -0.000171667     0.414894
IMAGINARY
          0  -0.0255304   -0.010955   0.0121419
  0.0255304           0  -0.0057152   0.0103354
   0.010955   0.0057152           0  0.00880173
 -0.0121419  -0.0103354 -0.00880173           0
EndNode2[0]<--->HoM1[0]
REAL
   0.450739 -0.00950164  -0.0123145     0.26445
-0.00950164   0.0529557 -0.00526165 -0.00479573
 -0.0123145 -0.00526165   0.0566502  -0.0101435
    0.26445 -0.00479573  -0.0101435    0.439655
IMAGINARY
           0   -0.0267387 -0.000990222    0.0232168
   0.0267387            0   0.00769721    0.0354082
 0.000990222  -0.00769721            0   -0.0101824
  -0.0232168   -0.0354082    0.0101824            0
Repeater1[0]<--->EndNode1[0]
REAL
    0.463357   -0.0181144    -0.014153     0.292102
  -0.0181144    0.0591017  -0.00219769 -0.000171667
   -0.014153  -0.00219769    0.0626478    0.0119752
    0.292102 -0.000171667    0.0119752     0.414894
IMAGINARY
          0   -0.010955  -0.0255304   0.0121419
   0.010955           0   0.0057152  0.00880173
  0.0255304  -0.0057152           0   0.0103354
 -0.0121419 -0.00880173  -0.0103354           0
Repeater1[0]<--->HoM1[0]
REAL
   0.450739  -0.0123145 -0.00950164     0.26445
 -0.0123145   0.0566502 -0.00526165  -0.0101435
-0.00950164 -0.00526165   0.0529557 -0.00479573
    0.26445  -0.0101435 -0.00479573    0.439655
IMAGINARY
           0 -0.000990222   -0.0267387    0.0232168
 0.000990222            0  -0.00769721   -0.0101824
   0.0267387   0.00769721            0    0.0354082
  -0.0232168    0.0101824   -0.0354082            0
EndNode1[0]<--->Repeater1[0]
REAL
   0.474483  0.00124925   0.0185649    0.285276
 0.00124925   0.0441379   0.0184049 -0.00568148
  0.0185649   0.0184049   0.0468966  0.00427222
   0.285276 -0.00568148  0.00427222    0.434483
IMAGINARY
          0 -0.00751324   0.0200188 -0.00515141
 0.00751324           0  -0.0222184 -0.00100035
 -0.0200188   0.0222184           0   0.0130347
 0.00515141  0.00100035  -0.0130347           0
EndNode2[0]<--->HoM1[0]
REAL
   0.450475 -0.00620844 -0.00352182    0.298753
-0.00620844   0.0610583 -0.00475089  -0.0245095
-0.00352182 -0.00475089   0.0515604 -0.00356992
   0.298753  -0.0245095 -0.00356992    0.436906
IMAGINARY
          0 -0.00805205   0.0203566   0.0076935
 0.00805205           0  0.00155434   0.0303317
 -0.0203566 -0.00155434           0  -0.0163535
 -0.0076935  -0.0303317   0.0163535           0
Repeater1[0]<--->EndNode1[0]
REAL
   0.474483   0.0185649  0.00124925    0.285276
  0.0185649   0.0468966   0.0184049  0.00427222
 0.00124925   0.0184049   0.0441379 -0.00568148
   0.285276  0.00427222 -0.00568148    0.434483
IMAGINARY
          0   0.0200188 -0.00751324 -0.00515141
 -0.0200188           0   0.0222184   0.0130347
 0.00751324  -0.0222184           0 -0.00100035
 0.00515141  -0.0130347  0.00100035           0
Repeater1[0]<--->HoM1[0]
REAL
   0.450475 -0.00352182 -0.00620844    0.298753
-0.00352182   0.0515604 -0.00475089 -0.00356992
-0.00620844 -0.00475089   0.0610583  -0.0245095
   0.298753 -0.00356992  -0.0245095    0.436906
IMAGINARY
          0   0.0203566 -0.00805205   0.0076935
 -0.0203566           0 -0.00155434  -0.0163535
 0.00805205  0.00155434           0   0.0303317
 -0.0076935   0.0163535  -0.0303317           0
EndNode1[0]<--->Repeater1[0]
REAL
   0.473826  -0.0159541 -0.00647753    0.305312
 -0.0159541   0.0375839  0.00581337 0.000656059
-0.00647753  0.00581337   0.0577181 -0.00797863
   0.305312 0.000656059 -0.00797863    0.430872
IMAGINARY
           0  -0.00347113   0.00100587    0.0155835
  0.00347113            0   0.00548929   -0.0060184
 -0.00100587  -0.00548929            0  0.000964865
  -0.0155835    0.0060184 -0.000964865            0
EndNode2[0]<--->HoM1[0]
REAL
     0.45953   -0.0067377  -0.00453431     0.287142
  -0.0067377    0.0535248  -0.00405337   -0.0064951
 -0.00453431  -0.00405337    0.0678851 -0.000615246
    0.287142   -0.0064951 -0.000615246      0.41906
IMAGINARY
           0    0.0130471   -0.0219149  -0.00214141
  -0.0130471            0   0.00719192  -0.00638697
   0.0219149  -0.00719192            0  0.000160475
  0.00214141   0.00638697 -0.000160475            0
Repeater1[0]<--->EndNode1[0]
REAL
   0.473826 -0.00647753  -0.0159541    0.305312
-0.00647753   0.0577181  0.00581337 -0.00797863
 -0.0159541  0.00581337   0.0375839 0.000656059
   0.305312 -0.00797863 0.000656059    0.430872
IMAGINARY
           0   0.00100587  -0.00347113    0.0155835
 -0.00100587            0  -0.00548929  0.000964865
  0.00347113   0.00548929            0   -0.0060184
  -0.0155835 -0.000964865    0.0060184            0
Repeater1[0]<--->HoM1[0]
REAL
     0.45953  -0.00453431   -0.0067377     0.287142
 -0.00453431    0.0678851  -0.00405337 -0.000615246
  -0.0067377  -0.00405337    0.0535248   -0.0064951
    0.287142 -0.000615246   -0.0064951      0.41906
IMAGINARY
           0   -0.0219149    0.0130471  -0.00214141
   0.0219149            0  -0.00719192  0.000160475
  -0.0130471   0.00719192            0  -0.00638697
  0.00214141 -0.000160475   0.00638697            0
EndNode1[0]<--->Repeater1[0]
REAL
   0.439698  0.00410392 0.000913303    0.271964
 0.00410392   0.0464824  0.00581395 -0.00866524
0.000913303  0.00581395   0.0427136 -0.00927188
   0.271964 -0.00866524 -0.00927188    0.471106
IMAGINARY
          0  -0.0253057   0.0132584  0.00384668
  0.0253057           0   0.0103234   0.0138734
 -0.0132584  -0.0103234           0    -0.01087
-0.00384668  -0.0138734     0.01087           0
EndNode2[0]<--->HoM1[0]
REAL
   0.42743 -0.0263576 -0.0190208   0.283786
-0.0263576  0.0665779 0.00143994 0.00328892
-0.0190208 0.00143994  0.0519308  0.0147297
  0.283786 0.00328892  0.0147297   0.454061
IMAGINARY
          0  -0.0155167  0.00349372 -0.00764938
  0.0155167           0 -0.00298892    0.010412
-0.00349372  0.00298892           0  0.00402936
 0.00764938   -0.010412 -0.00402936           0
Repeater1[0]<--->EndNode1[0]
REAL
   0.439698 0.000913303  0.00410392    0.271964
0.000913303   0.0427136  0.00581395 -0.00927188
 0.00410392  0.00581395   0.0464824 -0.00866524
   0.271964 -0.00927188 -0.00866524    0.471106
IMAGINARY
          0   0.0132584  -0.0253057  0.00384668
 -0.0132584           0  -0.0103234    -0.01087
  0.0253057   0.0103234           0   0.0138734
-0.00384668     0.01087  -0.0138734           0
Repeater1[0]<--->HoM1[0]
REAL
   0.42743 -0.0190208 -0.0263576   0.283786
-0.0190208  0.0519308 0.00143994  0.0147297
-0.0263576 0.00143994  0.0665779 0.00328892
  0.283786  0.0147297 0.00328892   0.454061
IMAGINARY
          0  0.00349372  -0.0155167 -0.00764938
-0.00349372           0  0.00298892  0.00402936
  0.0155167 -0.00298892           0    0.010412
 0.00764938 -0.00402936   -0.010412           0
EndNode1[0]<--->Repeater1[0]
REAL
   0.437349  0.00123429 -0.00170902    0.280052
 0.00123429   0.0554217  0.00594027  -0.0287709
-0.00170902  0.00594027   0.0614458  -0.0096649
   0.280052  -0.0287709  -0.0096649    0.445783
IMAGINARY
          0  0.00379916  0.00121711  0.00959136
-0.00379916           0 -0.00289221 -0.00502422
-0.00121711  0.00289221           0  0.00254602
-0.00959136  0.00502422 -0.00254602           0
EndNode2[0]<--->HoM1[0]
REAL
   0.421656   0.0241809 -0.00175936    0.298971
  0.0241809   0.0585987  0.00633836   0.0162979
-0.00175936  0.00633836    0.044586  0.00299989
   0.298971   0.0162979  0.00299989    0.475159
IMAGINARY
           0    0.0145499  0.000444905   0.00212637
  -0.0145499            0   0.00212637   0.00569425
-0.000444905  -0.00212637            0    -0.004318
 -0.00212637  -0.00569425     0.004318            0
Repeater1[0]<--->EndNode1[0]
REAL
   0.437349 -0.00170902  0.00123429    0.280052
-0.00170902   0.0614458  0.00594027  -0.0096649
 0.00123429  0.00594027   0.0554217  -0.0287709
   0.280052  -0.0096649  -0.0287709    0.445783
IMAGINARY
          0  0.00121711  0.00379916  0.00959136
-0.00121711           0  0.00289221  0.00254602
-0.00379916 -0.00289221           0 -0.00502422
-0.00959136 -0.00254602  0.00502422           0
Repeater1[0]<--->HoM1[0]
REAL
   0.421656 -0.00175936   0.0241809    0.298971
-0.00175936    0.044586  0.00633836  0.00299989
  0.0241809  0.00633836   0.0585987   0.0162979
   0.298971  0.00299989   0.0162979    0.475159
IMAGINARY
           0  0.000444905    0.0145499   0.00212637
-0.000444905            0  -0.00212637    -0.004318
  -0.0145499   0.00212637            0   0.00569425
 -0.00212637     0.004318  -0.00569425            0
EndNode1[0]<--->Repeater1[0]
REAL
    0.440986 -0.000690023  -0.00017337     0.284498
-0.000690023    0.0609598    0.0227144  -0.00745492
 -0.00017337    0.0227144    0.0596628   0.00554439
    0.284498  -0.00745492   0.00554439     0.438392
IMAGINARY
          0  0.00120179  -0.0022857 -0.00656033
-0.00120179           0  -0.0146752  0.00292264
  0.0022857   0.0146752           0  0.00453069
 0.00656033 -0.00292264 -0.00453069           0
EndNode2[0]<--->HoM1[0]
REAL
   0.414729   0.0121239   0.0233931     0.29317
  0.0121239   0.0439276 0.000321765  0.00601862
  0.0233931 0.000321765   0.0723514  -0.0114981
    0.29317  0.00601862  -0.0114981    0.468992
IMAGINARY
           0    0.0128674    0.0099454   0.00209712
  -0.0128674            0   0.00551709  -0.00809583
  -0.0099454  -0.00551709            0  7.96276e-05
 -0.00209712   0.00809583 -7.96276e-05            0
Repeater1[0]<--->EndNode1[0]
REAL
    0.440986  -0.00017337 -0.000690023     0.284498
 -0.00017337    0.0596628    0.0227144   0.00554439
-0.000690023    0.0227144    0.0609598  -0.00745492
    0.284498   0.00554439  -0.00745492     0.438392
IMAGINARY
          0  -0.0022857  0.00120179 -0.00656033
  0.0022857           0   0.0146752  0.00453069
-0.00120179  -0.0146752           0  0.00292264
 0.00656033 -0.00453069 -0.00292264           0
Repeater1[0]<--->HoM1[0]
REAL
   0.414729   0.0233931   0.0121239     0.29317
  0.0233931   0.0723514 0.000321765  -0.0114981
  0.0121239 0.000321765   0.0439276  0.00601862
    0.29317  -0.0114981  0.00601862    0.468992
IMAGINARY
           0    0.0099454    0.0128674   0.00209712
  -0.0099454            0  -0.00551709  7.96276e-05
  -0.0128674   0.00551709            0  -0.00809583
 -0.00209712 -7.96276e-05   0.00809583            0
EndNode1[0]<--->Repeater1[0]
REAL
   0.445312  -0.0325516  -0.0118498    0.285089
 -0.0325516      0.0625  -0.0117027  -0.0138419
 -0.0118498  -0.0117027   0.0585938 -0.00368025
   0.285089  -0.0138419 -0.00368025    0.433594
IMAGINARY
          0   0.0285836  -0.0129094 -0.00361759
 -0.0285836           0 -0.00831558  -0.0285344
  0.0129094  0.00831558           0   0.0128603
 0.00361759   0.0285344  -0.0128603           0
EndNode2[0]<--->HoM1[0]
REAL
  0.435798 -0.0162455 0.00982566   0.296638
-0.0162455  0.0596628 0.00362343 0.00453465
0.00982566 0.00362343  0.0531777  0.0214674
  0.296638 0.00453465  0.0214674   0.451362
IMAGINARY
           0   -0.0226216    0.0184997 -0.000612623
   0.0226216            0  -0.00522395   0.00413938
  -0.0184997   0.00522395            0   -0.0103667
 0.000612623  -0.00413938    0.0103667            0
Repeater1[0]<--->EndNode1[0]
REAL
   0.445312  -0.0118498  -0.0325516    0.285089
 -0.0118498   0.0585938  -0.0117027 -0.00368025
 -0.0325516  -0.0117027      0.0625  -0.0138419
   0.285089 -0.00368025  -0.0138419    0.433594
IMAGINARY
          0  -0.0129094   0.0285836 -0.00361759
  0.0129094           0  0.00831558   0.0128603
 -0.0285836 -0.00831558           0  -0.0285344
 0.00361759  -0.0128603   0.0285344           0
Repeater1[0]<--->HoM1[0]
REAL
  0.435798 0.00982566 -0.0162455   0.296638
0.00982566  0.0531777 0.00362343  0.0214674
-0.0162455 0.00362343  0.0596628 0.00453465
  0.296638  0.0214674 0.00453465   0.451362
IMAGINARY
           0    0.0184997   -0.0226216 -0.000612623
  -0.0184997            0   0.00522395   -0.0103667
   0.0226216  -0.00522395            0   0.00413938
 0.000612623    0.0103667  -0.00413938            0
EndNode1[0]<--->Repeater1[0]
REAL
   0.445928   0.0342441    0.022055    0.299914
  0.0342441   0.0667557 -0.00699135    0.010055
   0.022055 -0.00699135   0.0574099   0.0135933
   0.299914    0.010055   0.0135933    0.429907
IMAGINARY
           0 -0.000787604   -0.0120676  0.000626941
 0.000787604            0   0.00643339  0.000558656
   0.0120676  -0.00643339            0   0.00846024
-0.000626941 -0.000558656  -0.00846024            0
EndNode2[0]<--->HoM1[0]
REAL
   0.461745  -0.0117691   0.0175179    0.294099
 -0.0117691   0.0469799  0.00373468 -0.00367913
  0.0175179  0.00373468    0.042953 -0.00567977
   0.294099 -0.00367913 -0.00567977    0.448322
IMAGINARY
           0    0.0127634   -0.0140654 -0.000280978
  -0.0127634            0     0.016531  -0.00546587
   0.0140654    -0.016531            0   -0.0101592
 0.000280978   0.00546587    0.0101592            0
Repeater1[0]<--->EndNode1[0]
REAL
   0.445928    0.022055   0.0342441    0.299914
   0.022055   0.0574099 -0.00699135   0.0135933
  0.0342441 -0.00699135   0.0667557    0.010055
   0.299914   0.0135933    0.010055    0.429907
IMAGINARY
           0   -0.0120676 -0.000787604  0.000626941
   0.0120676            0  -0.00643339   0.00846024
 0.000787604   0.00643339            0  0.000558656
-0.000626941  -0.00846024 -0.000558656            0
Repeater1[0]<--->HoM1[0]
REAL
   0.461745   0.0175179  -0.0117691    0.294099
  0.0175179    0.042953  0.00373468 -0.00567977
 -0.0117691  0.00373468   0.0469799 -0.00367913
   0.294099 -0.00567977 -0.00367913    0.448322
IMAGINARY
           0   -0.0140654    0.0127634 -0.000280978
   0.0140654            0    -0.016531   -0.0101592
  -0.0127634     0.016531            0  -0.00546587
 0.000280978    0.0101592   0.00546587            0
EndNode1[0]<--->Repeater1[0]
REAL
   0.442308  -0.0109599 -0.00750335    0.278164
 -0.0109599    0.074359  -0.0288066  -0.0117769
-0.00750335  -0.0288066   0.0487179  -0.0198885
   0.278164  -0.0117769  -0.0198885    0.434615
IMAGINARY
          0   0.0063739  -0.0113941  0.00473625
 -0.0063739           0    0.028427 -0.00737265
  0.0113941   -0.028427           0  0.00703093
-0.00473625  0.00737265 -0.00703093           0
EndNode2[0]<--->HoM1[0]
REAL
    0.455901 -0.000899873    0.0103303     0.279606
-0.000899873    0.0583851  -0.00209369    -0.015115
   0.0103303  -0.00209369    0.0608696    0.0128616
    0.279606    -0.015115    0.0128616     0.424845
IMAGINARY
          0 -0.00736621  0.00828077   -0.019991
 0.00736621           0 -0.00412894  -0.0141631
-0.00828077  0.00412894           0   0.0119414
   0.019991   0.0141631  -0.0119414           0
Repeater1[0]<--->EndNode1[0]
REAL
   0.442308 -0.00750335  -0.0109599    0.278164
-0.00750335   0.0487179  -0.0288066  -0.0198885
 -0.0109599  -0.0288066    0.074359  -0.0117769
   0.278164  -0.0198885  -0.0117769    0.434615
IMAGINARY
          0  -0.0113941   0.0063739  0.00473625
  0.0113941           0   -0.028427  0.00703093
 -0.0063739    0.028427           0 -0.00737265
-0.00473625 -0.00703093  0.00737265           0
Repeater1[0]<--->HoM1[0]
REAL
    0.455901    0.0103303 -0.000899873     0.279606
   0.0103303    0.0608696  -0.00209369    0.0128616
-0.000899873  -0.00209369    0.0583851    -0.015115
    0.279606    0.0128616    -0.015115     0.424845
IMAGINARY
          0  0.00828077 -0.00736621   -0.019991
-0.00828077           0  0.00412894   0.0119414
 0.00736621 -0.00412894           0  -0.0141631
   0.019991  -0.0119414   0.0141631           0
EndNode1[0]<--->Repeater1[0]
REAL
  0.452196 0.00779842  0.0188109   0.294547
0.00779842  0.0607235 0.00776381  0.0229093
 0.0188109 0.00776381  0.0452196 0.00311301
  0.294547  0.0229093 0.00311301    0.44186
IMAGINARY
          0  -0.0190688   0.0063002   0.0151092
  0.0190688           0 -0.00810284  -0.0112877
 -0.0063002  0.00810284           0   0.0228094
 -0.0151092   0.0112877  -0.0228094           0
EndNode2[0]<--->HoM1[0]
REAL
   0.455614  -0.0059401  -0.0167405    0.295564
 -0.0059401   0.0496084   0.0136284 -0.00136535
 -0.0167405   0.0136284   0.0548303   -0.016344
   0.295564 -0.00136535   -0.016344    0.439948
IMAGINARY
          0  0.00572581  0.00292417 -0.00584217
-0.00572581           0   -0.027806 -0.00356933
-0.00292417    0.027806           0  -0.0192742
 0.00584217  0.00356933   0.0192742           0
Repeater1[0]<--->EndNode1[0]
REAL
  0.452196  0.0188109 0.00779842   0.294547
 0.0188109  0.0452196 0.00776381 0.00311301
0.00779842 0.00776381  0.0607235  0.0229093
  0.294547 0.00311301  0.0229093    0.44186
IMAGINARY
          0   0.0063002  -0.0190688   0.0151092
 -0.0063002           0  0.00810284   0.0228094
  0.0190688 -0.00810284           0  -0.0112877
 -0.0151092  -0.0228094   0.0112877           0
Repeater1[0]<--->HoM1[0]
REAL
   0.455614  -0.0167405  -0.0059401    0.295564
 -0.0167405   0.0548303   0.0136284   -0.016344
 -0.0059401   0.0136284   0.0496084 -0.00136535
   0.295564   -0.016344 -0.00136535    0.439948
IMAGINARY
          0  0.00292417  0.00572581 -0.00584217
-0.00292417           0    0.027806  -0.0192742
-0.00572581   -0.027806           0 -0.00356933
 0.00584217   0.0192742  0.00356933           0
EndNode1[0]<--->Repeater1[0]
REAL
   0.459016  -0.0125153  -0.0122508    0.283404
 -0.0125153   0.0680958 -0.00547094 -0.00590562
 -0.0122508 -0.00547094   0.0542245   0.0125153
   0.283404 -0.00590562   0.0125153    0.418663
IMAGINARY
          0   -0.016375    0.019543   0.0202413
   0.016375           0  0.00245472 -0.00121175
  -0.019543 -0.00245472           0   0.0119502
 -0.0202413  0.00121175  -0.0119502           0
EndNode2[0]<--->HoM1[0]
REAL
   0.450462   0.0131633 -0.00736908     0.28995
  0.0131633   0.0462351 0.000141174  -0.0115357
-0.00736908 0.000141174   0.0581242  -0.0307643
    0.28995  -0.0115357  -0.0307643    0.445178
IMAGINARY
           0   0.00669277   0.00288087   0.00394759
 -0.00669277            0  -0.00141594   -0.0200783
 -0.00288087   0.00141594            0 -0.000960289
 -0.00394759    0.0200783  0.000960289            0
Repeater1[0]<--->EndNode1[0]
REAL
   0.459016  -0.0122508  -0.0125153    0.283404
 -0.0122508   0.0542245 -0.00547094   0.0125153
 -0.0125153 -0.00547094   0.0680958 -0.00590562
   0.283404   0.0125153 -0.00590562    0.418663
IMAGINARY
          0    0.019543   -0.016375   0.0202413
  -0.019543           0 -0.00245472   0.0119502
   0.016375  0.00245472           0 -0.00121175
 -0.0202413  -0.0119502  0.00121175           0
Repeater1[0]<--->HoM1[0]
REAL
   0.450462 -0.00736908   0.0131633     0.28995
-0.00736908   0.0581242 0.000141174  -0.0307643
  0.0131633 0.000141174   0.0462351  -0.0115357
    0.28995  -0.0307643  -0.0115357    0.445178
IMAGINARY
           0   0.00288087   0.00669277   0.00394759
 -0.00288087            0   0.00141594 -0.000960289
 -0.00669277  -0.00141594            0   -0.0200783
 -0.00394759  0.000960289    0.0200783            0
EndNode1[0]<--->Repeater1[0]
REAL
   0.429882  0.00414431 -0.00241258    0.304318
 0.00414431   0.0642202  0.00826552  0.00308192
-0.00241258  0.00826552   0.0563565  0.00723454
   0.304318  0.00308192  0.00723454    0.449541
IMAGINARY
          0   0.0210774  0.00396993   0.0345411
 -0.0210774           0 -0.00589531  -0.0131805
-0.00396993  0.00589531           0  -0.0184458
 -0.0345411   0.0131805   0.0184458           0
EndNode2[0]<--->HoM1[0]
REAL
