EndNode1[0]<--->Repeater1[0]
REAL
   0.393001  -0.0046652   0.0116911    0.353316
 -0.0046652   0.0928668   0.0394521  -0.0104443
  0.0116911   0.0394521   0.0874832 -0.00655675
   0.353316  -0.0104443 -0.00655675    0.426649
IMAGINARY
           0    0.0142782    -0.017009   0.00814551
  -0.0142782            0 -0.000373492    -0.017009
    0.017009  0.000373492            0    0.0338604
 -0.00814551     0.017009   -0.0338604            0
EndNode2[0]<--->HoM1[0]
REAL
  0.399453 -0.0143773 -0.0074063   0.360147
-0.0143773  0.0834473  0.0305565 -0.0126942
-0.0074063  0.0305565  0.0998632 -0.0170298
  0.360147 -0.0126942 -0.0170298   0.417237
IMAGINARY
           0   -0.0151924 -0.000188346  -0.00119961
   0.0151924            0   -0.0137161    0.0193429
 0.000188346    0.0137161            0   0.00264282
  0.00119961   -0.0193429  -0.00264282            0
Repeater1[0]<--->EndNode1[0]
REAL
   0.393001   0.0116911  -0.0046652    0.353316
  0.0116911   0.0874832   0.0394521 -0.00655675
 -0.0046652   0.0394521   0.0928668  -0.0104443
   0.353316 -0.00655675  -0.0104443    0.426649
IMAGINARY
           0    -0.017009    0.0142782   0.00814551
    0.017009            0  0.000373492    0.0338604
  -0.0142782 -0.000373492            0    -0.017009
 -0.00814551   -0.0338604     0.017009            0
Repeater1[0]<--->HoM1[0]
REAL
  0.399453 -0.0074063 -0.0143773   0.360147
-0.0074063  0.0998632  0.0305565 -0.0170298
-0.0143773  0.0305565  0.0834473 -0.0126942
  0.360147 -0.0170298 -0.0126942   0.417237
IMAGINARY
           0 -0.000188346   -0.0151924  -0.00119961
 0.000188346            0    0.0137161   0.00264282
   0.0151924   -0.0137161            0    0.0193429
  0.00119961  -0.00264282   -0.0193429            0
EndNode1[0]<--->Repeater1[0]
REAL
   0.414179  0.00804376 -0.00508168    0.351426
 0.00804376   0.0883085   0.0301699   0.0185952
-0.00508168   0.0301699   0.0845771  0.00804376
   0.351426   0.0185952  0.00804376    0.412935
IMAGINARY
           0   0.00714471   0.00354236  0.000308632
 -0.00714471            0    0.0101901    -0.009581
 -0.00354236   -0.0101901            0    0.0109712
-0.000308632     0.009581   -0.0109712            0
EndNode2[0]<--->HoM1[0]
REAL
   0.423858 -0.00263608  -0.0264438    0.351736
-0.00263608   0.0939086   0.0405113   0.0139602
 -0.0264438   0.0405113   0.0824873 -0.00196313
   0.351736   0.0139602 -0.00196313    0.399746
IMAGINARY
          0 -0.00736961  -0.0153027 -0.00422708
 0.00736961           0  -0.0186156   0.0178538
  0.0153027   0.0186156           0   0.0124717
 0.00422708  -0.0178538  -0.0124717           0
Repeater1[0]<--->EndNode1[0]
REAL
   0.414179 -0.00508168  0.00804376    0.351426
-0.00508168   0.0845771   0.0301699  0.00804376
 0.00804376   0.0301699   0.0883085   0.0185952
   0.351426  0.00804376   0.0185952    0.412935
IMAGINARY
           0   0.00354236   0.00714471  0.000308632
 -0.00354236            0   -0.0101901    0.0109712
 -0.00714471    0.0101901            0    -0.009581
-0.000308632   -0.0109712     0.009581            0
Repeater1[0]<--->HoM1[0]
REAL
   0.423858  -0.0264438 -0.00263608    0.351736
 -0.0264438   0.0824873   0.0405113 -0.00196313
-0.00263608   0.0405113   0.0939086   0.0139602
   0.351736 -0.00196313   0.0139602    0.399746
IMAGINARY
          0  -0.0153027 -0.00736961 -0.00422708
  0.0153027           0   0.0186156   0.0124717
 0.00736961  -0.0186156           0   0.0178538
 0.00422708  -0.0124717  -0.0178538           0
EndNode1[0]<--->Repeater1[0]
REAL
    0.40445  -0.0213367 -0.00214647    0.360971
 -0.0213367   0.0890052    0.035149 -0.00473714
-0.00214647    0.035149   0.0798429 -0.00932661
   0.360971 -0.00473714 -0.00932661    0.426702
IMAGINARY
          0  0.00167046  -0.0147873  0.00120941
-0.00167046           0   0.0180214 -0.00409211
  0.0147873  -0.0180214           0  -0.0034975
-0.00120941  0.00409211   0.0034975           0
EndNode2[0]<--->HoM1[0]
REAL
   0.403042 -0.00276839 -0.00650664    0.349211
-0.00276839   0.0823828   0.0378654  0.00587928
-0.00650664   0.0378654    0.106464  -0.0078966
   0.349211  0.00587928  -0.0078966    0.408112
IMAGINARY
           0    0.0313369  -0.00332999  8.22129e-05
  -0.0313369            0  -0.00708858  0.000691463
  0.00332999   0.00708858            0  -0.00627096
-8.22129e-05 -0.000691463   0.00627096            0
Repeater1[0]<--->EndNode1[0]
REAL
    0.40445 -0.00214647  -0.0213367    0.360971
-0.00214647   0.0798429    0.035149 -0.00932661
 -0.0213367    0.035149   0.0890052 -0.00473714
   0.360971 -0.00932661 -0.00473714    0.426702
IMAGINARY
          0  -0.0147873  0.00167046  0.00120941
  0.0147873           0  -0.0180214  -0.0034975
-0.00167046   0.0180214           0 -0.00409211
-0.00120941   0.0034975  0.00409211           0
Repeater1[0]<--->HoM1[0]
REAL
   0.403042 -0.00650664 -0.00276839    0.349211
-0.00650664    0.106464   0.0378654  -0.0078966
-0.00276839   0.0378654   0.0823828  0.00587928
   0.349211  -0.0078966  0.00587928    0.408112
IMAGINARY
           0  -0.00332999    0.0313369  8.22129e-05
  0.00332999            0   0.00708858  -0.00627096
  -0.0313369  -0.00708858            0  0.000691463
-8.22129e-05   0.00627096 -0.000691463            0
EndNode1[0]<--->Repeater1[0]
REAL
   0.414414 -0.00430108 -0.00320172    0.358613
-0.00430108   0.0875161   0.0322502  0.00827787
-0.00320172   0.0322502   0.0669241  0.00683915
   0.358613  0.00827787  0.00683915    0.431145
IMAGINARY
          0 -0.00446521   0.0115047 -0.00910193
 0.00446521           0 -0.00656386  -0.0146733
 -0.0115047  0.00656386           0  0.00129664
 0.00910193   0.0146733 -0.00129664           0
EndNode2[0]<--->HoM1[0]
REAL
  0.443325 -0.0101731  0.0100073   0.354737
-0.0101731   0.081864  0.0357268  -0.011296
 0.0100073  0.0357268   0.093199 0.00501845
  0.354737  -0.011296 0.00501845   0.381612
IMAGINARY
          0   0.0108927  -0.0234537  0.00369544
 -0.0108927           0   -0.023904  0.00522457
  0.0234537    0.023904           0   -0.014799
-0.00369544 -0.00522457    0.014799           0
Repeater1[0]<--->EndNode1[0]
REAL
   0.414414 -0.00320172 -0.00430108    0.358613
-0.00320172   0.0669241   0.0322502  0.00683915
-0.00430108   0.0322502   0.0875161  0.00827787
   0.358613  0.00683915  0.00827787    0.431145
IMAGINARY
          0   0.0115047 -0.00446521 -0.00910193
 -0.0115047           0  0.00656386  0.00129664
 0.00446521 -0.00656386           0  -0.0146733
 0.00910193 -0.00129664   0.0146733           0
Repeater1[0]<--->HoM1[0]
REAL
  0.443325  0.0100073 -0.0101731   0.354737
 0.0100073   0.093199  0.0357268 0.00501845
-0.0101731  0.0357268   0.081864  -0.011296
  0.354737 0.00501845  -0.011296   0.381612
IMAGINARY
          0  -0.0234537   0.0108927  0.00369544
  0.0234537           0    0.023904   -0.014799
 -0.0108927   -0.023904           0  0.00522457
-0.00369544    0.014799 -0.00522457           0
EndNode1[0]<--->Repeater1[0]
REAL
   0.431398  -0.0143887 -0.00507799     0.35152
 -0.0143887   0.0883905    0.047705  -0.0207618
-0.00507799    0.047705   0.0883905   -0.019203
    0.35152  -0.0207618   -0.019203    0.391821
IMAGINARY
           0   -0.0105837    0.0173451  0.000589756
   0.0105837            0    0.0121329  -0.00780829
  -0.0173451   -0.0121329            0  -0.00167786
-0.000589756   0.00780829   0.00167786            0
EndNode2[0]<--->HoM1[0]
REAL
    0.40915  0.00829855  0.00731613     0.34607
 0.00829855   0.0823529   0.0490075 -0.00083945
 0.00731613   0.0490075   0.0849673  0.00206414
    0.34607 -0.00083945  0.00206414    0.423529
IMAGINARY
           0   0.00798593 -0.000644259  -0.00685328
 -0.00798593            0    0.0131985  -0.00936909
 0.000644259   -0.0131985            0   0.00736788
  0.00685328   0.00936909  -0.00736788            0
Repeater1[0]<--->EndNode1[0]
REAL
   0.431398 -0.00507799  -0.0143887     0.35152
-0.00507799   0.0883905    0.047705   -0.019203
 -0.0143887    0.047705   0.0883905  -0.0207618
    0.35152   -0.019203  -0.0207618    0.391821
IMAGINARY
           0    0.0173451   -0.0105837  0.000589756
  -0.0173451            0   -0.0121329  -0.00167786
   0.0105837    0.0121329            0  -0.00780829
-0.000589756   0.00167786   0.00780829            0
Repeater1[0]<--->HoM1[0]
REAL
    0.40915  0.00731613  0.00829855     0.34607
 0.00731613   0.0849673   0.0490075  0.00206414
 0.00829855   0.0490075   0.0823529 -0.00083945
    0.34607  0.00206414 -0.00083945    0.423529
IMAGINARY
           0 -0.000644259   0.00798593  -0.00685328
 0.000644259            0   -0.0131985   0.00736788
 -0.00798593    0.0131985            0  -0.00936909
  0.00685328  -0.00736788   0.00936909            0
EndNode1[0]<--->Repeater1[0]
REAL
   0.392723 -0.00896007   0.0214665    0.364086
-0.00896007   0.0928482   0.0464835  -0.0336617
  0.0214665   0.0464835    0.100376  -0.0140752
   0.364086  -0.0336617  -0.0140752    0.414053
IMAGINARY
          0  0.00510204  0.00452211  0.00458556
-0.00510204           0  0.00393025  0.00185544
-0.00452211 -0.00393025           0 -0.00765306
-0.00458556 -0.00185544  0.00765306           0
EndNode2[0]<--->HoM1[0]
REAL
    0.413655  -0.00913207   -0.0103137     0.362383
 -0.00913207    0.0763052     0.018633  -0.00840287
  -0.0103137     0.018633    0.0977242 -0.000226218
    0.362383  -0.00840287 -0.000226218     0.412316
IMAGINARY
           0   -0.0194571   0.00908014     0.017807
   0.0194571            0 -0.000565662 -0.000330144
 -0.00908014  0.000565662            0  -0.00304293
   -0.017807  0.000330144   0.00304293            0
Repeater1[0]<--->EndNode1[0]
REAL
   0.392723   0.0214665 -0.00896007    0.364086
  0.0214665    0.100376   0.0464835  -0.0140752
-0.00896007   0.0464835   0.0928482  -0.0336617
   0.364086  -0.0140752  -0.0336617    0.414053
IMAGINARY
          0  0.00452211  0.00510204  0.00458556
-0.00452211           0 -0.00393025 -0.00765306
-0.00510204  0.00393025           0  0.00185544
-0.00458556  0.00765306 -0.00185544           0
Repeater1[0]<--->HoM1[0]
REAL
    0.413655   -0.0103137  -0.00913207     0.362383
  -0.0103137    0.0977242     0.018633 -0.000226218
 -0.00913207     0.018633    0.0763052  -0.00840287
    0.362383 -0.000226218  -0.00840287     0.412316
IMAGINARY
           0   0.00908014   -0.0194571     0.017807
 -0.00908014            0  0.000565662  -0.00304293
   0.0194571 -0.000565662            0 -0.000330144
   -0.017807   0.00304293  0.000330144            0
EndNode1[0]<--->Repeater1[0]
REAL
   0.428571   0.0045002 -0.00862628     0.34985
  0.0045002   0.0780423   0.0347651  0.00734423
-0.00862628   0.0347651   0.0952381  0.00703827
    0.34985  0.00734423  0.00703827    0.398148
IMAGINARY
           0    0.0136154   0.00230895 -0.000602447
  -0.0136154            0  -0.00387899  -0.00109241
 -0.00230895   0.00387899            0    -0.017265
 0.000602447   0.00109241     0.017265            0
EndNode2[0]<--->HoM1[0]
REAL
   0.443054 -0.00456612 -0.00563291    0.355372
-0.00456612    0.068836  0.00688705  0.00150068
-0.00563291  0.00688705   0.0725907 0.000433884
   0.355372  0.00150068 0.000433884    0.415519
IMAGINARY
          0   0.0219381 -0.00307161  -0.0177913
 -0.0219381           0  -0.0190508  -0.0070294
 0.00307161   0.0190508           0 -0.00931187
  0.0177913   0.0070294  0.00931187           0
Repeater1[0]<--->EndNode1[0]
REAL
   0.428571 -0.00862628   0.0045002     0.34985
-0.00862628   0.0952381   0.0347651  0.00703827
  0.0045002   0.0347651   0.0780423  0.00734423
    0.34985  0.00703827  0.00734423    0.398148
IMAGINARY
           0   0.00230895    0.0136154 -0.000602447
 -0.00230895            0   0.00387899    -0.017265
  -0.0136154  -0.00387899            0  -0.00109241
 0.000602447     0.017265   0.00109241            0
Repeater1[0]<--->HoM1[0]
REAL
   0.443054 -0.00563291 -0.00456612    0.355372
-0.00563291   0.0725907  0.00688705 0.000433884
-0.00456612  0.00688705    0.068836  0.00150068
   0.355372 0.000433884  0.00150068    0.415519
IMAGINARY
          0 -0.00307161   0.0219381  -0.0177913
 0.00307161           0   0.0190508 -0.00931187
 -0.0219381  -0.0190508           0  -0.0070294
  0.0177913  0.00931187   0.0070294           0
EndNode1[0]<--->Repeater1[0]
REAL
   0.388669  0.00910214   0.0115309     0.36205
 0.00910214    0.085639   0.0365728  -0.0121567
  0.0115309   0.0365728    0.088274 -0.00597323
    0.36205  -0.0121567 -0.00597323    0.437418
IMAGINARY
          0  -0.0416531 -0.00662586 -0.00515779
  0.0416531           0  0.00647012  -0.0131194
 0.00662586 -0.00647012           0   0.0397423
 0.00515779   0.0131194  -0.0397423           0
EndNode2[0]<--->HoM1[0]
REAL
  0.417553  0.0127099  0.0234696   0.364981
 0.0127099   0.087766  0.0305608 0.00519283
 0.0234696  0.0305608   0.081117  0.0159525
  0.364981 0.00519283  0.0159525   0.413564
IMAGINARY
           0 -0.000379006  -0.00250823    0.0118061
 0.000379006            0   0.00157591   0.00837525
  0.00250823  -0.00157591            0   -0.0120069
  -0.0118061  -0.00837525    0.0120069            0
Repeater1[0]<--->EndNode1[0]
REAL
   0.388669   0.0115309  0.00910214     0.36205
  0.0115309    0.088274   0.0365728 -0.00597323
 0.00910214   0.0365728    0.085639  -0.0121567
    0.36205 -0.00597323  -0.0121567    0.437418
IMAGINARY
          0 -0.00662586  -0.0416531 -0.00515779
 0.00662586           0 -0.00647012   0.0397423
  0.0416531  0.00647012           0  -0.0131194
 0.00515779  -0.0397423   0.0131194           0
Repeater1[0]<--->HoM1[0]
REAL
  0.417553  0.0234696  0.0127099   0.364981
 0.0234696   0.081117  0.0305608  0.0159525
 0.0127099  0.0305608   0.087766 0.00519283
  0.364981  0.0159525 0.00519283   0.413564
IMAGINARY
           0  -0.00250823 -0.000379006    0.0118061
  0.00250823            0  -0.00157591   -0.0120069
 0.000379006   0.00157591            0   0.00837525
  -0.0118061    0.0120069  -0.00837525            0
EndNode1[0]<--->Repeater1[0]
REAL
  0.396694 0.00496575 0.00140524   0.361953
0.00496575   0.100354  0.0327175  0.0341278
0.00140524  0.0327175  0.0861865  0.0242221
  0.361953  0.0341278  0.0242221   0.416765
IMAGINARY
           0   -0.0148307 -0.000234639    0.0147463
   0.0148307            0    -0.011435  -0.00659596
 0.000234639     0.011435            0   0.00663396
  -0.0147463   0.00659596  -0.00663396            0
EndNode2[0]<--->HoM1[0]
REAL
   0.406593   -0.010223  0.00128486    0.349078
  -0.010223    0.114011   0.0405412 -0.00982625
 0.00128486   0.0405412   0.0879121  0.00956594
   0.349078 -0.00982625  0.00956594    0.391484
IMAGINARY
          0  -0.0181988  0.00906721   0.0101774
  0.0181988           0  0.00603535    0.012884
-0.00906721 -0.00603535           0 -0.00253296
 -0.0101774   -0.012884  0.00253296           0
Repeater1[0]<--->EndNode1[0]
REAL
  0.396694 0.00140524 0.00496575   0.361953
0.00140524  0.0861865  0.0327175  0.0242221
0.00496575  0.0327175   0.100354  0.0341278
  0.361953  0.0242221  0.0341278   0.416765
IMAGINARY
           0 -0.000234639   -0.0148307    0.0147463
 0.000234639            0     0.011435   0.00663396
   0.0148307    -0.011435            0  -0.00659596
  -0.0147463  -0.00663396   0.00659596            0
Repeater1[0]<--->HoM1[0]
REAL
   0.406593  0.00128486   -0.010223    0.349078
 0.00128486   0.0879121   0.0405412  0.00956594
  -0.010223   0.0405412    0.114011 -0.00982625
   0.349078  0.00956594 -0.00982625    0.391484
IMAGINARY
          0  0.00906721  -0.0181988   0.0101774
-0.00906721           0 -0.00603535 -0.00253296
  0.0181988  0.00603535           0    0.012884
 -0.0101774  0.00253296   -0.012884           0
EndNode1[0]<--->Repeater1[0]
REAL
   0.409387  0.00495901 -0.00609644    0.356121
 0.00495901   0.0821382   0.0300903 -0.00795979
-0.00609644   0.0300903    0.105606  0.00374246
   0.356121 -0.00795979  0.00374246    0.402868
IMAGINARY
          0  0.00715318   0.0106853 -0.00357017
-0.00715318           0 -0.00162464   0.0150879
 -0.0106853  0.00162464           0  -0.0135965
 0.00357017  -0.0150879   0.0135965           0
EndNode2[0]<--->HoM1[0]
REAL
   0.429847 -0.00142934   0.0134088    0.358886
-0.00142934   0.0790816   0.0471538  -0.0113954
  0.0134088   0.0471538   0.0688776  0.00612733
   0.358886  -0.0113954  0.00612733    0.422194
IMAGINARY
          0   0.0184565 -0.00185731  0.00211803
 -0.0184565           0   0.0261128  -0.0124674
 0.00185731  -0.0261128           0  -0.0014033
-0.00211803   0.0124674   0.0014033           0
Repeater1[0]<--->EndNode1[0]
REAL
   0.409387 -0.00609644  0.00495901    0.356121
-0.00609644    0.105606   0.0300903  0.00374246
 0.00495901   0.0300903   0.0821382 -0.00795979
   0.356121  0.00374246 -0.00795979    0.402868
IMAGINARY
          0   0.0106853  0.00715318 -0.00357017
 -0.0106853           0  0.00162464  -0.0135965
-0.00715318 -0.00162464           0   0.0150879
 0.00357017   0.0135965  -0.0150879           0
Repeater1[0]<--->HoM1[0]
REAL
   0.429847   0.0134088 -0.00142934    0.358886
  0.0134088   0.0688776   0.0471538  0.00612733
-0.00142934   0.0471538   0.0790816  -0.0113954
   0.358886  0.00612733  -0.0113954    0.422194
IMAGINARY
          0 -0.00185731   0.0184565  0.00211803
 0.00185731           0  -0.0261128  -0.0014033
 -0.0184565   0.0261128           0  -0.0124674
-0.00211803   0.0014033   0.0124674           0
EndNode1[0]<--->Repeater1[0]
REAL
   0.410323 -0.00635642 -0.00173472    0.365925
-0.00635642   0.0877419   0.0334127  -0.0187951
-0.00173472   0.0334127   0.0774194  -0.0115244
   0.365925  -0.0187951  -0.0115244    0.424516
IMAGINARY
          0  0.00892434 -0.00230911  0.00812348
-0.00892434           0  0.00157898  -0.0112377
 0.00230911 -0.00157898           0  0.00954856
-0.00812348   0.0112377 -0.00954856           0
EndNode2[0]<--->HoM1[0]
REAL
   0.384217 -0.00260003  0.00647787    0.348321
-0.00260003    0.080207   0.0275044   0.0245657
 0.00647787   0.0275044    0.084088  0.00193953
   0.348321   0.0245657  0.00193953    0.451488
IMAGINARY
          0   0.0180001  0.00201961  -0.0037037
 -0.0180001           0  -0.0037037 -0.00267837
-0.00201961   0.0037037           0  0.00110398
  0.0037037  0.00267837 -0.00110398           0
Repeater1[0]<--->EndNode1[0]
REAL
   0.410323 -0.00173472 -0.00635642    0.365925
-0.00173472   0.0774194   0.0334127  -0.0115244
-0.00635642   0.0334127   0.0877419  -0.0187951
   0.365925  -0.0115244  -0.0187951    0.424516
IMAGINARY
          0 -0.00230911  0.00892434  0.00812348
 0.00230911           0 -0.00157898  0.00954856
-0.00892434  0.00157898           0  -0.0112377
-0.00812348 -0.00954856   0.0112377           0
Repeater1[0]<--->HoM1[0]
REAL
   0.384217  0.00647787 -0.00260003    0.348321
 0.00647787    0.084088   0.0275044  0.00193953
-0.00260003   0.0275044    0.080207   0.0245657
   0.348321  0.00193953   0.0245657    0.451488
IMAGINARY
          0  0.00201961   0.0180001  -0.0037037
-0.00201961           0   0.0037037  0.00110398
 -0.0180001  -0.0037037           0 -0.00267837
  0.0037037 -0.00110398  0.00267837           0
EndNode1[0]<--->Repeater1[0]
REAL
    0.429539   0.00291854  6.76479e-06     0.346147
  0.00291854    0.0867209    0.0500427  0.000650265
 6.76479e-06    0.0500427    0.0731707 -0.000947444
    0.346147  0.000650265 -0.000947444     0.410569
IMAGINARY
           0  -0.00545971 -0.000830182  -0.00127938
  0.00545971            0  -0.00442404   -0.0147542
 0.000830182   0.00442404            0    0.0119532
  0.00127938    0.0147542   -0.0119532            0
EndNode2[0]<--->HoM1[0]
REAL
   0.424767  -0.0066791  0.00316797    0.362488
 -0.0066791   0.0838881    0.036875  0.00129063
 0.00316797    0.036875   0.0838881 -0.00542281
   0.362488  0.00129063 -0.00542281    0.407457
IMAGINARY
          0   0.0247414  -0.0229847  0.00883154
 -0.0247414           0 -0.00488417  -0.0165248
  0.0229847  0.00488417           0  0.00659373
-0.00883154   0.0165248 -0.00659373           0
Repeater1[0]<--->EndNode1[0]
REAL
    0.429539  6.76479e-06   0.00291854     0.346147
 6.76479e-06    0.0731707    0.0500427 -0.000947444
  0.00291854    0.0500427    0.0867209  0.000650265
    0.346147 -0.000947444  0.000650265     0.410569
IMAGINARY
           0 -0.000830182  -0.00545971  -0.00127938
 0.000830182            0   0.00442404    0.0119532
  0.00545971  -0.00442404            0   -0.0147542
  0.00127938   -0.0119532    0.0147542            0
Repeater1[0]<--->HoM1[0]
REAL
   0.424767  0.00316797  -0.0066791    0.362488
 0.00316797   0.0838881    0.036875 -0.00542281
 -0.0066791    0.036875   0.0838881  0.00129063
   0.362488 -0.00542281  0.00129063    0.407457
IMAGINARY
          0  -0.0229847   0.0247414  0.00883154
  0.0229847           0  0.00488417  0.00659373
 -0.0247414 -0.00488417           0  -0.0165248
-0.00883154 -0.00659373   0.0165248           0
EndNode1[0]<--->Repeater1[0]
REAL
   0.404551 -0.00050346  -0.0144357    0.353065
-0.00050346    0.103666   0.0314499 -0.00656168
 -0.0144357   0.0314499   0.0783818 -0.00474588
   0.353065 -0.00656168 -0.00474588    0.413401
IMAGINARY
          0    0.018752 -0.00411352   -0.010061
  -0.018752           0   0.0113398  -0.0206261
 0.00411352  -0.0113398           0   0.0046855
   0.010061   0.0206261  -0.0046855           0
EndNode2[0]<--->HoM1[0]
REAL
    0.41012  -0.0158839  -0.0109572    0.354963
 -0.0158839    0.081225   0.0274661 -0.00713066
 -0.0109572   0.0274661   0.0825566  -0.0138319
   0.354963 -0.00713066  -0.0138319    0.426099
IMAGINARY
          0 -0.00586272  -0.0120016     0.01206
 0.00586272           0   0.0108315  -0.0132902
  0.0120016  -0.0108315           0   0.0142933
   -0.01206   0.0132902  -0.0142933           0
Repeater1[0]<--->EndNode1[0]
REAL
   0.404551  -0.0144357 -0.00050346    0.353065
 -0.0144357   0.0783818   0.0314499 -0.00474588
-0.00050346   0.0314499    0.103666 -0.00656168
   0.353065 -0.00474588 -0.00656168    0.413401
IMAGINARY
          0 -0.00411352    0.018752   -0.010061
 0.00411352           0  -0.0113398   0.0046855
  -0.018752   0.0113398           0  -0.0206261
   0.010061  -0.0046855   0.0206261           0
Repeater1[0]<--->HoM1[0]
REAL
    0.41012  -0.0109572  -0.0158839    0.354963
 -0.0109572   0.0825566   0.0274661  -0.0138319
 -0.0158839   0.0274661    0.081225 -0.00713066
   0.354963  -0.0138319 -0.00713066    0.426099
IMAGINARY
          0  -0.0120016 -0.00586272     0.01206
  0.0120016           0  -0.0108315   0.0142933
 0.00586272   0.0108315           0  -0.0132902
   -0.01206  -0.0142933   0.0132902           0
EndNode1[0]<--->Repeater1[0]
REAL
   0.441397  0.00353774 -0.00942309    0.380845
 0.00353774    0.084788   0.0275112 -0.00135858
-0.00942309   0.0275112   0.0710723  -0.0143194
   0.380845 -0.00135858  -0.0143194    0.402743
IMAGINARY
          0   0.0134359  -0.0137406 -0.00322868
 -0.0134359           0  -0.0162835  -0.0235928
  0.0137406   0.0162835           0   0.0185641
 0.00322868   0.0235928  -0.0185641           0
EndNode2[0]<--->HoM1[0]
REAL
   0.440587   0.0140136   0.0052023    0.345695
  0.0140136    0.105474   0.0300036 -0.00659895
  0.0052023   0.0300036   0.0734312 -0.00284037
   0.345695 -0.00659895 -0.00284037    0.380507
IMAGINARY
          0 -0.00117954  0.00232823 -0.00609081
 0.00117954           0   0.0177187  0.00825708
-0.00232823  -0.0177187           0  -0.0143871
 0.00609081 -0.00825708   0.0143871           0
Repeater1[0]<--->EndNode1[0]
REAL
   0.441397 -0.00942309  0.00353774    0.380845
-0.00942309   0.0710723   0.0275112  -0.0143194
 0.00353774   0.0275112    0.084788 -0.00135858
   0.380845  -0.0143194 -0.00135858    0.402743
IMAGINARY
          0  -0.0137406   0.0134359 -0.00322868
  0.0137406           0   0.0162835   0.0185641
 -0.0134359  -0.0162835           0  -0.0235928
 0.00322868  -0.0185641   0.0235928           0
Repeater1[0]<--->HoM1[0]
REAL
   0.440587   0.0052023   0.0140136    0.345695
  0.0052023   0.0734312   0.0300036 -0.00284037
  0.0140136   0.0300036    0.105474 -0.00659895
   0.345695 -0.00284037 -0.00659895    0.380507
IMAGINARY
          0  0.00232823 -0.00117954 -0.00609081
-0.00232823           0  -0.0177187  -0.0143871
 0.00117954   0.0177187           0  0.00825708
 0.00609081   0.0143871 -0.00825708           0
EndNode1[0]<--->Repeater1[0]
REAL
   0.396574  0.00593563  0.00639971     0.35566
 0.00593563   0.0816864   0.0450934 -0.00514343
 0.00639971   0.0450934   0.0803689  0.00662719
    0.35566 -0.00514343  0.00662719     0.44137
IMAGINARY
          0  -0.0140517 -0.00997603   0.0191777
  0.0140517           0  -0.0159436  -0.0080652
 0.00997603   0.0159436           0   0.0179176
 -0.0191777   0.0080652  -0.0179176           0
EndNode2[0]<--->HoM1[0]
REAL
   0.384236 -0.00431845 -0.00290794    0.365141
-0.00431845    0.107143    0.042687  0.00417057
-0.00290794    0.042687   0.0948276 -0.00830781
   0.365141  0.00417057 -0.00830781    0.413793
IMAGINARY
          0  0.00326878 -0.00168801 -0.00642674
-0.00326878           0 -0.00257069  -0.0139778
 0.00168801  0.00257069           0  0.00456412
 0.00642674   0.0139778 -0.00456412           0
Repeater1[0]<--->EndNode1[0]
REAL
   0.396574  0.00639971  0.00593563     0.35566
 0.00639971   0.0803689   0.0450934  0.00662719
 0.00593563   0.0450934   0.0816864 -0.00514343
    0.35566  0.00662719 -0.00514343     0.44137
IMAGINARY
          0 -0.00997603  -0.0140517   0.0191777
 0.00997603           0   0.0159436   0.0179176
  0.0140517  -0.0159436           0  -0.0080652
 -0.0191777  -0.0179176   0.0080652           0
Repeater1[0]<--->HoM1[0]
REAL
   0.384236 -0.00290794 -0.00431845    0.365141
-0.00290794   0.0948276    0.042687 -0.00830781
-0.00431845    0.042687    0.107143  0.00417057
   0.365141 -0.00830781  0.00417057    0.413793
IMAGINARY
          0 -0.00168801  0.00326878 -0.00642674
 0.00168801           0  0.00257069  0.00456412
-0.00326878 -0.00257069           0  -0.0139778
 0.00642674 -0.00456412   0.0139778           0
EndNode1[0]<--->Repeater1[0]
REAL
   0.432718 -0.00165782 -0.00402104    0.362173
-0.00165782   0.0686016   0.0529462  -0.0211779
-0.00402104   0.0529462   0.0963061  -0.0102785
   0.362173  -0.0211779  -0.0102785    0.402375
IMAGINARY
          0  -0.0109424  0.00990616 -0.00776371
  0.0109424           0  0.00645137   0.0125377
-0.00990616 -0.00645137           0  -0.0102546
 0.00776371  -0.0125377   0.0102546           0
EndNode2[0]<--->HoM1[0]
REAL
   0.414414 -0.00954141   0.0120247    0.364197
-0.00954141   0.0862291   0.0331413  -0.0227979
  0.0120247   0.0331413   0.0939511 -0.00249915
   0.364197  -0.0227979 -0.00249915    0.405405
IMAGINARY
          0 -0.00759956 -0.00781757  -0.0010051
 0.00759956           0   0.0260389 -0.00274143
 0.00781757  -0.0260389           0 -0.00171721
  0.0010051  0.00274143  0.00171721           0
Repeater1[0]<--->EndNode1[0]
REAL
   0.432718 -0.00402104 -0.00165782    0.362173
-0.00402104   0.0963061   0.0529462  -0.0102785
-0.00165782   0.0529462   0.0686016  -0.0211779
   0.362173  -0.0102785  -0.0211779    0.402375
IMAGINARY
          0  0.00990616  -0.0109424 -0.00776371
-0.00990616           0 -0.00645137  -0.0102546
  0.0109424  0.00645137           0   0.0125377
 0.00776371   0.0102546  -0.0125377           0
Repeater1[0]<--->HoM1[0]
REAL
   0.414414   0.0120247 -0.00954141    0.364197
  0.0120247   0.0939511   0.0331413 -0.00249915
-0.00954141   0.0331413   0.0862291  -0.0227979
   0.364197 -0.00249915  -0.0227979    0.405405
IMAGINARY
          0 -0.00781757 -0.00759956  -0.0010051
 0.00781757           0  -0.0260389 -0.00171721
 0.00759956   0.0260389           0 -0.00274143
  0.0010051  0.00171721  0.00274143           0
EndNode1[0]<--->Repeater1[0]
REAL
  0.439547 0.00812275  0.0300357   0.370071
0.00812275  0.0793451  0.0391409  -0.016017
 0.0300357  0.0391409  0.0667506  0.0165769
  0.370071  -0.016017  0.0165769   0.414358
IMAGINARY
          0  -0.0180444   0.0221939  -0.0122215
  0.0180444           0   -0.014162  0.00598438
 -0.0221939    0.014162           0  -0.0140657
  0.0122215 -0.00598438   0.0140657           0
EndNode2[0]<--->HoM1[0]
REAL
   0.392902   0.0274979   0.0139392    0.353142
  0.0274979   0.0963245   0.0405586   0.0044335
  0.0139392   0.0405586   0.0798479 -0.00256348
   0.353142   0.0044335 -0.00256348    0.430925
IMAGINARY
          0 -0.00439133  0.00011812  -0.0116803
 0.00439133           0  -0.0036258  0.00992204
-0.00011812   0.0036258           0  0.00773805
  0.0116803 -0.00992204 -0.00773805           0
Repeater1[0]<--->EndNode1[0]
REAL
  0.439547  0.0300357 0.00812275   0.370071
 0.0300357  0.0667506  0.0391409  0.0165769
0.00812275  0.0391409  0.0793451  -0.016017
  0.370071  0.0165769  -0.016017   0.414358
IMAGINARY
          0   0.0221939  -0.0180444  -0.0122215
 -0.0221939           0    0.014162  -0.0140657
  0.0180444   -0.014162           0  0.00598438
  0.0122215   0.0140657 -0.00598438           0
Repeater1[0]<--->HoM1[0]
REAL
   0.392902   0.0139392   0.0274979    0.353142
  0.0139392   0.0798479   0.0405586 -0.00256348
  0.0274979   0.0405586   0.0963245   0.0044335
   0.353142 -0.00256348   0.0044335    0.430925
IMAGINARY
          0  0.00011812 -0.00439133  -0.0116803
-0.00011812           0   0.0036258  0.00773805
 0.00439133  -0.0036258           0  0.00992204
  0.0116803 -0.00773805 -0.00992204           0
EndNode1[0]<--->Repeater1[0]
REAL
  0.396465 -0.0182161  -0.020874   0.368125
-0.0182161  0.0921717  0.0338855 -0.0080205
 -0.020874  0.0338855  0.0669192 -0.0182161
  0.368125 -0.0080205 -0.0182161   0.444444
IMAGINARY
          0  -0.0129716 -0.00953819  -0.0104015
  0.0129716           0 -0.00151823  -0.0135596
 0.00953819  0.00151823           0 -0.00469139
  0.0104015   0.0135596  0.00469139           0
EndNode2[0]<--->HoM1[0]
REAL
    0.44125 -0.00186461  0.00194838    0.341878
-0.00186461        0.09   0.0473042  -0.0177795
 0.00194838   0.0473042      0.0875  -0.0139665
   0.341878  -0.0177795  -0.0139665     0.38125
IMAGINARY
           0  -0.00513925  0.000344531    0.0140524
  0.00513925            0  -0.00715148    0.0151593
-0.000344531   0.00715148            0  -0.00390468
  -0.0140524   -0.0151593   0.00390468            0
Repeater1[0]<--->EndNode1[0]
REAL
  0.396465  -0.020874 -0.0182161   0.368125
 -0.020874  0.0669192  0.0338855 -0.0182161
-0.0182161  0.0338855  0.0921717 -0.0080205
  0.368125 -0.0182161 -0.0080205   0.444444
IMAGINARY
          0 -0.00953819  -0.0129716  -0.0104015
 0.00953819           0  0.00151823 -0.00469139
  0.0129716 -0.00151823           0  -0.0135596
  0.0104015  0.00469139   0.0135596           0
Repeater1[0]<--->HoM1[0]
REAL
    0.44125  0.00194838 -0.00186461    0.341878
 0.00194838      0.0875   0.0473042  -0.0139665
-0.00186461   0.0473042        0.09  -0.0177795
   0.341878  -0.0139665  -0.0177795     0.38125
IMAGINARY
           0  0.000344531  -0.00513925    0.0140524
-0.000344531            0   0.00715148  -0.00390468
  0.00513925  -0.00715148            0    0.0151593
  -0.0140524   0.00390468   -0.0151593            0
EndNode1[0]<--->Repeater1[0]
REAL
   0.413534   0.0114709  0.00415813    0.342362
  0.0114709   0.0839599   0.0374835 -0.00286614
 0.00415813   0.0374835    0.100251 -0.00371897
   0.342362 -0.00286614 -0.00371897    0.402256
IMAGINARY
          0   0.0115904  0.00280319 -0.00940337
 -0.0115904           0 -0.00940337  0.00810823
-0.00280319  0.00940337           0  -0.0173671
 0.00940337 -0.00810823   0.0173671           0
EndNode2[0]<--->HoM1[0]
REAL
   0.446053  -0.0133149 -0.00491481    0.367859
 -0.0133149   0.0697368   0.0443297 -0.00491481
-0.00491481   0.0443297    0.107895  0.00217462
   0.367859 -0.00491481  0.00217462    0.376316
IMAGINARY
           0   -0.0110424     0.013958    0.0112967
   0.0110424            0   0.00805413 -0.000477652
   -0.013958  -0.00805413            0     0.004915
  -0.0112967  0.000477652    -0.004915            0
Repeater1[0]<--->EndNode1[0]
REAL
   0.413534  0.00415813   0.0114709    0.342362
 0.00415813    0.100251   0.0374835 -0.00371897
  0.0114709   0.0374835   0.0839599 -0.00286614
   0.342362 -0.00371897 -0.00286614    0.402256
IMAGINARY
          0  0.00280319   0.0115904 -0.00940337
-0.00280319           0  0.00940337  -0.0173671
 -0.0115904 -0.00940337           0  0.00810823
 0.00940337   0.0173671 -0.00810823           0
Repeater1[0]<--->HoM1[0]
REAL
   0.446053 -0.00491481  -0.0133149    0.367859
-0.00491481    0.107895   0.0443297  0.00217462
 -0.0133149   0.0443297   0.0697368 -0.00491481
   0.367859  0.00217462 -0.00491481    0.376316
IMAGINARY
           0     0.013958   -0.0110424    0.0112967
   -0.013958            0  -0.00805413     0.004915
   0.0110424   0.00805413            0 -0.000477652
  -0.0112967    -0.004915  0.000477652            0
EndNode1[0]<--->Repeater1[0]
REAL
    0.412129 -0.000126897  -0.00452012     0.351464
-0.000126897    0.0668317    0.0397279  -0.00713792
 -0.00452012    0.0397279    0.0891089   -0.0141218
    0.351464  -0.00713792   -0.0141218     0.431931
IMAGINARY
          0    0.014842  -0.0143729  -0.0239537
  -0.014842           0  -0.0193424 -0.00029702
  0.0143729   0.0193424           0  -0.0417369
  0.0239537  0.00029702   0.0417369           0
EndNode2[0]<--->HoM1[0]
REAL
   0.432935   0.0109228  0.00288136     0.35614
  0.0109228   0.0916335   0.0491228 -0.00419715
 0.00288136   0.0491228   0.0796813 -0.00960701
    0.35614 -0.00419715 -0.00960701     0.39575
IMAGINARY
          0 -0.00057972 -0.00245974  -0.0256182
 0.00057972           0 -0.00108989    0.004966
 0.00245974  0.00108989           0  0.00809852
  0.0256182   -0.004966 -0.00809852           0
Repeater1[0]<--->EndNode1[0]
REAL
    0.412129  -0.00452012 -0.000126897     0.351464
 -0.00452012    0.0891089    0.0397279   -0.0141218
-0.000126897    0.0397279    0.0668317  -0.00713792
    0.351464   -0.0141218  -0.00713792     0.431931
IMAGINARY
          0  -0.0143729    0.014842  -0.0239537
  0.0143729           0   0.0193424  -0.0417369
  -0.014842  -0.0193424           0 -0.00029702
  0.0239537   0.0417369  0.00029702           0
Repeater1[0]<--->HoM1[0]
REAL
   0.432935  0.00288136   0.0109228     0.35614
 0.00288136   0.0796813   0.0491228 -0.00960701
  0.0109228   0.0491228   0.0916335 -0.00419715
    0.35614 -0.00960701 -0.00419715     0.39575
IMAGINARY
          0 -0.00245974 -0.00057972  -0.0256182
 0.00245974           0  0.00108989  0.00809852
 0.00057972 -0.00108989           0    0.004966
  0.0256182 -0.00809852   -0.004966           0
EndNode1[0]<--->Repeater1[0]
REAL
   0.431347 -0.00864027  -0.0291817    0.346272
-0.00864027   0.0790155   0.0452113   0.0113246
 -0.0291817   0.0452113   0.0829016  -0.0298213
   0.346272   0.0113246  -0.0298213    0.406736
IMAGINARY
           0   -0.0116261   0.00124203 -0.000678585
   0.0116261            0  -0.00447605     0.029262
 -0.00124203   0.00447605            0  -0.00296275
 0.000678585    -0.029262   0.00296275            0
EndNode2[0]<--->HoM1[0]
REAL
  0.417722  0.0140184  0.0160158   0.361832
 0.0140184  0.0987342  0.0316433 0.00462337
 0.0160158  0.0316433  0.0886076  0.0279257
  0.361832 0.00462337  0.0279257   0.394937
IMAGINARY
          0 -0.00538165   0.0140219   0.0102238
 0.00538165           0   -0.010886  -0.0108772
 -0.0140219    0.010886           0   0.0135577
 -0.0102238   0.0108772  -0.0135577           0
Repeater1[0]<--->EndNode1[0]
REAL
   0.431347  -0.0291817 -0.00864027    0.346272
 -0.0291817   0.0829016   0.0452113  -0.0298213
-0.00864027   0.0452113   0.0790155   0.0113246
   0.346272  -0.0298213   0.0113246    0.406736
IMAGINARY
           0   0.00124203   -0.0116261 -0.000678585
 -0.00124203            0   0.00447605  -0.00296275
   0.0116261  -0.00447605            0     0.029262
 0.000678585   0.00296275    -0.029262            0
Repeater1[0]<--->HoM1[0]
REAL
  0.417722  0.0160158  0.0140184   0.361832
 0.0160158  0.0886076  0.0316433  0.0279257
 0.0140184  0.0316433  0.0987342 0.00462337
  0.361832  0.0279257 0.00462337   0.394937
IMAGINARY
          0   0.0140219 -0.00538165   0.0102238
 -0.0140219           0    0.010886   0.0135577
 0.00538165   -0.010886           0  -0.0108772
 -0.0102238  -0.0135577   0.0108772           0
EndNode1[0]<--->Repeater1[0]
REAL
    0.44086 0.000175279  0.00145924    0.357389
0.000175279   0.0846774   0.0392067   -0.010917
 0.00145924   0.0392067   0.0900538  -0.0171992
   0.357389   -0.010917  -0.0171992    0.384409
IMAGINARY
          0   0.0142924  -0.0172346  0.00918074
 -0.0142924           0 -0.00122318  -0.0113368
  0.0172346  0.00122318           0   0.0168764
-0.00918074   0.0113368  -0.0168764           0
EndNode2[0]<--->HoM1[0]
REAL
  0.414602 0.00340446  0.0022788   0.363003
0.00340446  0.0664928  0.0347978 0.00483634
 0.0022788  0.0347978  0.0769231 -0.0105196
  0.363003 0.00483634 -0.0105196   0.441982
IMAGINARY
          0   0.0163309 -0.00897436  0.00583064
 -0.0163309           0   0.0165765  0.00384615
 0.00897436  -0.0165765           0 -0.00351038
-0.00583064 -0.00384615  0.00351038           0
Repeater1[0]<--->EndNode1[0]
REAL
    0.44086  0.00145924 0.000175279    0.357389
 0.00145924   0.0900538   0.0392067  -0.0171992
0.000175279   0.0392067   0.0846774   -0.010917
   0.357389  -0.0171992   -0.010917    0.384409
IMAGINARY
          0  -0.0172346   0.0142924  0.00918074
  0.0172346           0  0.00122318   0.0168764
 -0.0142924 -0.00122318           0  -0.0113368
-0.00918074  -0.0168764   0.0113368           0
Repeater1[0]<--->HoM1[0]
REAL
  0.414602  0.0022788 0.00340446   0.363003
 0.0022788  0.0769231  0.0347978 -0.0105196
0.00340446  0.0347978  0.0664928 0.00483634
  0.363003 -0.0105196 0.00483634   0.441982
IMAGINARY
          0 -0.00897436   0.0163309  0.00583064
 0.00897436           0  -0.0165765 -0.00351038
 -0.0163309   0.0165765           0  0.00384615
-0.00583064  0.00351038 -0.00384615           0
EndNode1[0]<--->Repeater1[0]
REAL
   0.416442   0.0124918  0.00322992    0.326777
  0.0124918   0.0902965   0.0545128  0.00386686
 0.00322992   0.0545128   0.0929919 -0.00281435
   0.326777  0.00386686 -0.00281435     0.40027
IMAGINARY
           0  -0.00413364   0.00986852 -7.45412e-05
  0.00413364            0  -0.00965309    0.0143045
 -0.00986852   0.00965309            0  -0.00604447
 7.45412e-05   -0.0143045   0.00604447            0
EndNode2[0]<--->HoM1[0]
REAL
   0.410053 -0.00609927  0.00836882    0.364215
-0.00609927   0.0859788   0.0556783  0.00431476
 0.00836882   0.0556783   0.0859788  0.00276149
   0.364215  0.00431476  0.00276149    0.417989
IMAGINARY
           0   0.00603778  -0.00359477   0.00587032
 -0.00603778            0  0.000845191   0.00359477
  0.00359477 -0.000845191            0   -0.0194524
 -0.00587032  -0.00359477    0.0194524            0
Repeater1[0]<--->EndNode1[0]
REAL
   0.416442  0.00322992   0.0124918    0.326777
 0.00322992   0.0929919   0.0545128 -0.00281435
  0.0124918   0.0545128   0.0902965  0.00386686
   0.326777 -0.00281435  0.00386686     0.40027
IMAGINARY
           0   0.00986852  -0.00413364 -7.45412e-05
 -0.00986852            0   0.00965309  -0.00604447
  0.00413364  -0.00965309            0    0.0143045
 7.45412e-05   0.00604447   -0.0143045            0
Repeater1[0]<--->HoM1[0]
REAL
   0.410053  0.00836882 -0.00609927    0.364215
 0.00836882   0.0859788   0.0556783  0.00276149
-0.00609927   0.0556783   0.0859788  0.00431476
   0.364215  0.00276149  0.00431476    0.417989
IMAGINARY
           0  -0.00359477   0.00603778   0.00587032
  0.00359477            0 -0.000845191   -0.0194524
 -0.00603778  0.000845191            0   0.00359477
 -0.00587032    0.0194524  -0.00359477            0
EndNode1[0]<--->Repeater1[0]
REAL
  0.410359  0.0120324  0.0174045   0.352459
 0.0120324  0.0876494  0.0242708 0.00586599
 0.0174045  0.0242708  0.0876494 -0.0214664
  0.352459 0.00586599 -0.0214664   0.414343
IMAGINARY
          0  0.00622496  -0.0047929   0.0140799
-0.00622496           0  -0.0127744   0.0296251
  0.0047929   0.0127744           0 -0.00152698
 -0.0140799  -0.0296251  0.00152698           0
EndNode2[0]<--->HoM1[0]
REAL
