EndNode1[0]<--->Repeater1[0]
REAL
   0.257985   0.0128562  0.00382417   0.0921559
  0.0128562    0.243243  -0.0354136  -0.0218482
 0.00382417  -0.0354136    0.194103 -0.00150771
  0.0921559  -0.0218482 -0.00150771    0.304668
IMAGINARY
           0  -0.00672601  -0.00976176 -0.000572987
  0.00672601            0   0.00308555   0.00915716
  0.00976176  -0.00308555            0   0.00249385
 0.000572987  -0.00915716  -0.00249385            0
EndNode2[0]<--->HoM1[0]
REAL
    0.29471   0.0317163  -0.0115925   0.0768142
  0.0317163    0.220403 -0.00577224  0.00820952
 -0.0115925 -0.00577224    0.210327   0.0176748
  0.0768142  0.00820952   0.0176748    0.274559
IMAGINARY
           0  -0.00944838   -0.0112412   0.00479593
  0.00944838            0   -0.0213085    0.0208443
   0.0112412    0.0213085            0 -0.000154696
 -0.00479593   -0.0208443  0.000154696            0
Repeater1[0]<--->EndNode1[0]
REAL
   0.257985  0.00382417   0.0128562   0.0921559
 0.00382417    0.194103  -0.0354136 -0.00150771
  0.0128562  -0.0354136    0.243243  -0.0218482
  0.0921559 -0.00150771  -0.0218482    0.304668
IMAGINARY
           0  -0.00976176  -0.00672601 -0.000572987
  0.00976176            0  -0.00308555   0.00249385
  0.00672601   0.00308555            0   0.00915716
 0.000572987  -0.00249385  -0.00915716            0
Repeater1[0]<--->HoM1[0]
REAL
    0.29471  -0.0115925   0.0317163   0.0768142
 -0.0115925    0.210327 -0.00577224   0.0176748
  0.0317163 -0.00577224    0.220403  0.00820952
  0.0768142   0.0176748  0.00820952    0.274559
IMAGINARY
           0   -0.0112412  -0.00944838   0.00479593
   0.0112412            0    0.0213085 -0.000154696
  0.00944838   -0.0213085            0    0.0208443
 -0.00479593  0.000154696   -0.0208443            0
EndNode1[0]<--->Repeater1[0]
REAL
  0.293898  0.0221106  0.0132467    0.07004
 0.0221106   0.188045  0.0105629 0.00182538
 0.0132467  0.0105629   0.211706  0.0113101
   0.07004 0.00182538  0.0113101   0.306351
IMAGINARY
           0   0.00880932   0.00578448   -0.0176961
 -0.00880932            0  0.000917542    0.0210129
 -0.00578448 -0.000917542            0   0.00753055
   0.0176961   -0.0210129  -0.00753055            0
EndNode2[0]<--->HoM1[0]
REAL
   0.296399  -0.0114301  -0.0162269    0.110939
 -0.0114301    0.198061  -0.0197359 -0.00899953
 -0.0162269  -0.0197359    0.224377   0.0120769
   0.110939 -0.00899953   0.0120769    0.281163
IMAGINARY
           0  0.000807611   -0.0135821   -0.0183312
-0.000807611            0   0.00505689    0.0141956
   0.0135821  -0.00505689            0   0.00471386
   0.0183312   -0.0141956  -0.00471386            0
Repeater1[0]<--->EndNode1[0]
REAL
  0.293898  0.0132467  0.0221106    0.07004
 0.0132467   0.211706  0.0105629  0.0113101
 0.0221106  0.0105629   0.188045 0.00182538
   0.07004  0.0113101 0.00182538   0.306351
IMAGINARY
           0   0.00578448   0.00880932   -0.0176961
 -0.00578448            0 -0.000917542   0.00753055
 -0.00880932  0.000917542            0    0.0210129
   0.0176961  -0.00753055   -0.0210129            0
Repeater1[0]<--->HoM1[0]
REAL
   0.296399  -0.0162269  -0.0114301    0.110939
 -0.0162269    0.224377  -0.0197359   0.0120769
 -0.0114301  -0.0197359    0.198061 -0.00899953
   0.110939   0.0120769 -0.00899953    0.281163
IMAGINARY
           0   -0.0135821  0.000807611   -0.0183312
   0.0135821            0  -0.00505689   0.00471386
-0.000807611   0.00505689            0    0.0141956
   0.0183312  -0.00471386   -0.0141956            0
EndNode1[0]<--->Repeater1[0]
REAL
  0.278338    -0.0191 -0.0159776  0.0692872
   -0.0191   0.202771 -0.0015789 0.00165466
-0.0159776 -0.0015789   0.211587  0.0282146
 0.0692872 0.00165466  0.0282146   0.307305
IMAGINARY
          0  -0.0161525  -0.0123557  0.00606535
  0.0161525           0 -0.00672066   0.0110433
  0.0123557  0.00672066           0  0.00302911
-0.00606535  -0.0110433 -0.00302911           0
EndNode2[0]<--->HoM1[0]
REAL
  0.316919 -0.0195847 0.00783968  0.0554417
-0.0195847    0.17803  0.0111379  0.0104371
0.00783968  0.0111379   0.205808 0.00652991
 0.0554417  0.0104371 0.00652991   0.299242
IMAGINARY
          0  0.00759494  -0.0148131 -0.00980284
-0.00759494           0  -0.0110849  -0.0180983
  0.0148131   0.0110849           0  0.00506329
 0.00980284   0.0180983 -0.00506329           0
Repeater1[0]<--->EndNode1[0]
REAL
  0.278338 -0.0159776    -0.0191  0.0692872
-0.0159776   0.211587 -0.0015789  0.0282146
   -0.0191 -0.0015789   0.202771 0.00165466
 0.0692872  0.0282146 0.00165466   0.307305
IMAGINARY
          0  -0.0123557  -0.0161525  0.00606535
  0.0123557           0  0.00672066  0.00302911
  0.0161525 -0.00672066           0   0.0110433
-0.00606535 -0.00302911  -0.0110433           0
Repeater1[0]<--->HoM1[0]
REAL
  0.316919 0.00783968 -0.0195847  0.0554417
0.00783968   0.205808  0.0111379 0.00652991
-0.0195847  0.0111379    0.17803  0.0104371
 0.0554417 0.00652991  0.0104371   0.299242
IMAGINARY
          0  -0.0148131  0.00759494 -0.00980284
  0.0148131           0   0.0110849  0.00506329
-0.00759494  -0.0110849           0  -0.0180983
 0.00980284 -0.00506329   0.0180983           0
EndNode1[0]<--->Repeater1[0]
REAL
    0.312977 -0.000315259   -0.0155738    0.0428014
-0.000315259     0.212468    -0.011906 -0.000189155
  -0.0155738    -0.011906     0.198473 -0.000315259
   0.0428014 -0.000189155 -0.000315259     0.276081
IMAGINARY
          0  -0.0056701  0.00277706  0.00955275
  0.0056701           0  0.00333385  -0.0154997
-0.00277706 -0.00333385           0  0.00312557
-0.00955275   0.0154997 -0.00312557           0
EndNode2[0]<--->HoM1[0]
REAL
   0.273684 0.000844622   0.0106627   0.0783114
0.000844622    0.231579 -0.00780686  0.00550806
  0.0106627 -0.00780686    0.206579  0.00497685
  0.0783114  0.00550806  0.00497685    0.288158
IMAGINARY
           0    0.0129618    0.0321788 -4.65454e-05
  -0.0129618            0   -0.0191588    0.0128083
  -0.0321788    0.0191588            0  -0.00653506
 4.65454e-05   -0.0128083   0.00653506            0
Repeater1[0]<--->EndNode1[0]
REAL
    0.312977   -0.0155738 -0.000315259    0.0428014
  -0.0155738     0.198473    -0.011906 -0.000315259
-0.000315259    -0.011906     0.212468 -0.000189155
   0.0428014 -0.000315259 -0.000189155     0.276081
IMAGINARY
          0  0.00277706  -0.0056701  0.00955275
-0.00277706           0 -0.00333385  0.00312557
  0.0056701  0.00333385           0  -0.0154997
-0.00955275 -0.00312557   0.0154997           0
Repeater1[0]<--->HoM1[0]
REAL
   0.273684   0.0106627 0.000844622   0.0783114
  0.0106627    0.206579 -0.00780686  0.00497685
0.000844622 -0.00780686    0.231579  0.00550806
  0.0783114  0.00497685  0.00550806    0.288158
IMAGINARY
           0    0.0321788    0.0129618 -4.65454e-05
  -0.0321788            0    0.0191588  -0.00653506
  -0.0129618   -0.0191588            0    0.0128083
 4.65454e-05   0.00653506   -0.0128083            0
EndNode1[0]<--->Repeater1[0]
REAL
   0.300752  -0.0242218  0.00456114   0.0861784
 -0.0242218    0.218045  0.00817331  -0.0141889
 0.00456114  0.00817331    0.216792 -0.00594506
  0.0861784  -0.0141889 -0.00594506    0.264411
IMAGINARY
           0  0.000149644    0.0185039   -0.0142282
-0.000149644            0  -0.00424149   -0.0108312
  -0.0185039   0.00424149            0   -0.0154949
   0.0142282    0.0108312    0.0154949            0
EndNode2[0]<--->HoM1[0]
REAL
   0.291557 -0.00570585   0.0155722   0.0907637
-0.00570585    0.217678  -0.0128169  0.00534031
  0.0155722  -0.0128169    0.187335 -0.00506728
  0.0907637  0.00534031 -0.00506728     0.30343
IMAGINARY
          0  0.00752861   0.0115007  0.00276495
-0.00752861           0 -0.00854158    0.012796
 -0.0115007  0.00854158           0 -0.00113475
-0.00276495   -0.012796  0.00113475           0
Repeater1[0]<--->EndNode1[0]
REAL
   0.300752  0.00456114  -0.0242218   0.0861784
 0.00456114    0.216792  0.00817331 -0.00594506
 -0.0242218  0.00817331    0.218045  -0.0141889
  0.0861784 -0.00594506  -0.0141889    0.264411
IMAGINARY
           0    0.0185039  0.000149644   -0.0142282
  -0.0185039            0   0.00424149   -0.0154949
-0.000149644  -0.00424149            0   -0.0108312
   0.0142282    0.0154949    0.0108312            0
Repeater1[0]<--->HoM1[0]
REAL
   0.291557   0.0155722 -0.00570585   0.0907637
  0.0155722    0.187335  -0.0128169 -0.00506728
-0.00570585  -0.0128169    0.217678  0.00534031
  0.0907637 -0.00506728  0.00534031     0.30343
IMAGINARY
          0   0.0115007  0.00752861  0.00276495
 -0.0115007           0  0.00854158 -0.00113475
-0.00752861 -0.00854158           0    0.012796
-0.00276495  0.00113475   -0.012796           0
EndNode1[0]<--->Repeater1[0]
REAL
   0.256177 -0.00103868 -0.00317783   0.0801606
-0.00103868    0.209363   -0.022171 0.000600509
-0.00317783   -0.022171    0.230169  -0.0234459
  0.0801606 0.000600509  -0.0234459    0.304291
IMAGINARY
           0    0.0134979    0.0246421   0.00498635
  -0.0134979            0 -0.000262999   0.00903663
  -0.0246421  0.000262999            0    0.0085228
 -0.00498635  -0.00903663   -0.0085228            0
EndNode2[0]<--->HoM1[0]
REAL
    0.31357  -0.0171133   -0.014071   0.0719339
 -0.0171133    0.213439   0.0115089 -0.00761102
  -0.014071   0.0115089    0.221344   0.0177704
  0.0719339 -0.00761102   0.0177704    0.251647
IMAGINARY
           0   0.00660599 -0.000956596   0.00283891
 -0.00660599            0   0.00223723    0.0109168
 0.000956596  -0.00223723            0  -0.00195791
 -0.00283891   -0.0109168   0.00195791            0
Repeater1[0]<--->EndNode1[0]
REAL
   0.256177 -0.00317783 -0.00103868   0.0801606
-0.00317783    0.230169   -0.022171  -0.0234459
-0.00103868   -0.022171    0.209363 0.000600509
  0.0801606  -0.0234459 0.000600509    0.304291
IMAGINARY
           0    0.0246421    0.0134979   0.00498635
  -0.0246421            0  0.000262999    0.0085228
  -0.0134979 -0.000262999            0   0.00903663
 -0.00498635   -0.0085228  -0.00903663            0
Repeater1[0]<--->HoM1[0]
REAL
    0.31357   -0.014071  -0.0171133   0.0719339
  -0.014071    0.221344   0.0115089   0.0177704
 -0.0171133   0.0115089    0.213439 -0.00761102
  0.0719339   0.0177704 -0.00761102    0.251647
IMAGINARY
           0 -0.000956596   0.00660599   0.00283891
 0.000956596            0  -0.00223723  -0.00195791
 -0.00660599   0.00223723            0    0.0109168
 -0.00283891   0.00195791   -0.0109168            0
EndNode1[0]<--->Repeater1[0]
REAL
    0.27881 -0.00902062   0.0230817   0.0742923
-0.00902062    0.182156  0.00818191   0.0104235
  0.0230817  0.00818191    0.225527   0.0270619
  0.0742923   0.0104235   0.0270619    0.313507
IMAGINARY
           0    0.0270631   0.00752754 -0.000183322
  -0.0270631            0    0.0060048   0.00338389
 -0.00752754   -0.0060048            0    0.0133734
 0.000183322  -0.00338389   -0.0133734            0
EndNode2[0]<--->HoM1[0]
REAL
    0.28978 -0.00461431  0.00838447   0.0589914
-0.00461431    0.208279   0.0047586 -0.00213447
 0.00838447   0.0047586    0.213454   0.0121143
  0.0589914 -0.00213447   0.0121143    0.288486
IMAGINARY
          0  0.00351336  0.00572167 -0.00553466
-0.00351336           0   0.0135776  -0.0136582
-0.00572167  -0.0135776           0  0.00839141
 0.00553466   0.0136582 -0.00839141           0
Repeater1[0]<--->EndNode1[0]
REAL
    0.27881   0.0230817 -0.00902062   0.0742923
  0.0230817    0.225527  0.00818191   0.0270619
-0.00902062  0.00818191    0.182156   0.0104235
  0.0742923   0.0270619   0.0104235    0.313507
IMAGINARY
           0   0.00752754    0.0270631 -0.000183322
 -0.00752754            0   -0.0060048    0.0133734
  -0.0270631    0.0060048            0   0.00338389
 0.000183322   -0.0133734  -0.00338389            0
Repeater1[0]<--->HoM1[0]
REAL
    0.28978  0.00838447 -0.00461431   0.0589914
 0.00838447    0.213454   0.0047586   0.0121143
-0.00461431   0.0047586    0.208279 -0.00213447
  0.0589914   0.0121143 -0.00213447    0.288486
IMAGINARY
          0  0.00572167  0.00351336 -0.00553466
-0.00572167           0  -0.0135776  0.00839141
-0.00351336   0.0135776           0  -0.0136582
 0.00553466 -0.00839141   0.0136582           0
EndNode1[0]<--->Repeater1[0]
REAL
   0.270968  -0.0277678  0.00765894   0.0969992
 -0.0277678    0.206452   0.0208985 -0.00339757
 0.00765894   0.0208985    0.220645  0.00504056
  0.0969992 -0.00339757  0.00504056    0.301935
IMAGINARY
          0   0.0216742  0.00708969   0.0133645
 -0.0216742           0 -0.00506306 -0.00142931
-0.00708969  0.00506306           0   0.0292692
 -0.0133645  0.00142931  -0.0292692           0
EndNode2[0]<--->HoM1[0]
REAL
   0.290363  0.00123621  -0.0199889   0.0831145
 0.00123621    0.220275   0.0181277 -0.00547698
 -0.0199889   0.0181277    0.215269   -0.010553
  0.0831145 -0.00547698   -0.010553    0.274093
IMAGINARY
          0  0.00175554 -0.00398045  -0.0137977
-0.00175554           0  0.00452695  -0.0278498
 0.00398045 -0.00452695           0 -0.00706058
  0.0137977   0.0278498  0.00706058           0
Repeater1[0]<--->EndNode1[0]
REAL
   0.270968  0.00765894  -0.0277678   0.0969992
 0.00765894    0.220645   0.0208985  0.00504056
 -0.0277678   0.0208985    0.206452 -0.00339757
  0.0969992  0.00504056 -0.00339757    0.301935
IMAGINARY
          0  0.00708969   0.0216742   0.0133645
-0.00708969           0  0.00506306   0.0292692
 -0.0216742 -0.00506306           0 -0.00142931
 -0.0133645  -0.0292692  0.00142931           0
Repeater1[0]<--->HoM1[0]
REAL
   0.290363  -0.0199889  0.00123621   0.0831145
 -0.0199889    0.215269   0.0181277   -0.010553
 0.00123621   0.0181277    0.220275 -0.00547698
  0.0831145   -0.010553 -0.00547698    0.274093
IMAGINARY
          0 -0.00398045  0.00175554  -0.0137977
 0.00398045           0 -0.00452695 -0.00706058
-0.00175554  0.00452695           0  -0.0278498
  0.0137977  0.00706058   0.0278498           0
EndNode1[0]<--->Repeater1[0]
REAL
   0.289003   0.0084695 -0.00899737   0.0641655
  0.0084695    0.212276  -0.0152737 -0.00469233
-0.00899737  -0.0152737      0.2289  0.00652398
  0.0641655 -0.00469233  0.00652398    0.269821
IMAGINARY
           0   -0.0131231   -0.0104426   0.00648309
   0.0131231            0 -0.000706453  -0.00090584
   0.0104426  0.000706453            0   0.00711504
 -0.00648309   0.00090584  -0.00711504            0
EndNode2[0]<--->HoM1[0]
REAL
   0.291299  -0.0225801  -0.0250918   0.0544705
 -0.0225801    0.221942 -0.00205119  0.00358646
 -0.0250918 -0.00205119    0.185372  -0.0459683
  0.0544705  0.00358646  -0.0459683    0.301387
IMAGINARY
           0  -0.00686102  -0.00350237  0.000213821
  0.00686102            0  -0.00654294   0.00163902
  0.00350237   0.00654294            0    0.0149355
-0.000213821  -0.00163902   -0.0149355            0
Repeater1[0]<--->EndNode1[0]
REAL
   0.289003 -0.00899737   0.0084695   0.0641655
-0.00899737      0.2289  -0.0152737  0.00652398
  0.0084695  -0.0152737    0.212276 -0.00469233
  0.0641655  0.00652398 -0.00469233    0.269821
IMAGINARY
           0   -0.0104426   -0.0131231   0.00648309
   0.0104426            0  0.000706453   0.00711504
   0.0131231 -0.000706453            0  -0.00090584
 -0.00648309  -0.00711504   0.00090584            0
Repeater1[0]<--->HoM1[0]
REAL
   0.291299  -0.0250918  -0.0225801   0.0544705
 -0.0250918    0.185372 -0.00205119  -0.0459683
 -0.0225801 -0.00205119    0.221942  0.00358646
  0.0544705  -0.0459683  0.00358646    0.301387
IMAGINARY
           0  -0.00350237  -0.00686102  0.000213821
  0.00350237            0   0.00654294    0.0149355
  0.00686102  -0.00654294            0   0.00163902
-0.000213821   -0.0149355  -0.00163902            0
EndNode1[0]<--->Repeater1[0]
REAL
    0.302879 -0.000259127   -0.0023445    0.0919895
-0.000259127     0.211514   0.00854668  -0.00435792
  -0.0023445   0.00854668     0.227785   0.00159961
   0.0919895  -0.00435792   0.00159961     0.257822
IMAGINARY
           0 -0.000656203  -0.00686176   -0.0233907
 0.000656203            0  -0.00198997   -0.0227046
  0.00686176   0.00198997            0   -0.0157696
   0.0233907    0.0227046    0.0157696            0
EndNode2[0]<--->HoM1[0]
REAL
   0.272727 0.000896702 -0.00598404   0.0798576
0.000896702    0.198232  -0.0113297  0.00598404
-0.00598404  -0.0113297    0.223485  -0.0186632
  0.0798576  0.00598404  -0.0186632    0.305556
IMAGINARY
          0   0.0262236 -0.00809895   0.0023459
 -0.0262236           0   0.0120144  -0.0133209
 0.00809895  -0.0120144           0  0.00498811
 -0.0023459   0.0133209 -0.00498811           0
Repeater1[0]<--->EndNode1[0]
REAL
    0.302879   -0.0023445 -0.000259127    0.0919895
  -0.0023445     0.227785   0.00854668   0.00159961
-0.000259127   0.00854668     0.211514  -0.00435792
   0.0919895   0.00159961  -0.00435792     0.257822
IMAGINARY
           0  -0.00686176 -0.000656203   -0.0233907
  0.00686176            0   0.00198997   -0.0157696
 0.000656203  -0.00198997            0   -0.0227046
   0.0233907    0.0157696    0.0227046            0
Repeater1[0]<--->HoM1[0]
REAL
   0.272727 -0.00598404 0.000896702   0.0798576
-0.00598404    0.223485  -0.0113297  -0.0186632
0.000896702  -0.0113297    0.198232  0.00598404
  0.0798576  -0.0186632  0.00598404    0.305556
IMAGINARY
          0 -0.00809895   0.0262236   0.0023459
 0.00809895           0  -0.0120144  0.00498811
 -0.0262236   0.0120144           0  -0.0133209
 -0.0023459 -0.00498811   0.0133209           0
EndNode1[0]<--->Repeater1[0]
REAL
    0.25995  -0.0187698   0.0177783    0.077774
 -0.0187698    0.211443  -0.0166138 -0.00832057
  0.0177783  -0.0166138    0.235075   0.0282276
   0.077774 -0.00832057   0.0282276    0.293532
IMAGINARY
           0  0.000287747   -0.0178135    -0.021089
-0.000287747            0   -0.0243655  -0.00642114
   0.0178135    0.0243655            0    0.0213959
    0.021089   0.00642114   -0.0213959            0
EndNode2[0]<--->HoM1[0]
REAL
   0.285899   0.0216658 0.000512804   0.0823238
  0.0216658     0.21216   0.0195159  -0.0116823
0.000512804   0.0195159    0.217335   0.0052724
  0.0823238  -0.0116823   0.0052724    0.284605
IMAGINARY
          0 -0.00286808  -0.0157068  -0.0103328
 0.00286808           0 -0.00198881   0.0157068
  0.0157068  0.00198881           0 -0.00821567
  0.0103328  -0.0157068  0.00821567           0
Repeater1[0]<--->EndNode1[0]
REAL
    0.25995   0.0177783  -0.0187698    0.077774
  0.0177783    0.235075  -0.0166138   0.0282276
 -0.0187698  -0.0166138    0.211443 -0.00832057
   0.077774   0.0282276 -0.00832057    0.293532
IMAGINARY
           0   -0.0178135  0.000287747    -0.021089
   0.0178135            0    0.0243655    0.0213959
-0.000287747   -0.0243655            0  -0.00642114
    0.021089   -0.0213959   0.00642114            0
Repeater1[0]<--->HoM1[0]
REAL
   0.285899 0.000512804   0.0216658   0.0823238
0.000512804    0.217335   0.0195159   0.0052724
  0.0216658   0.0195159     0.21216  -0.0116823
  0.0823238   0.0052724  -0.0116823    0.284605
IMAGINARY
          0  -0.0157068 -0.00286808  -0.0103328
  0.0157068           0  0.00198881 -0.00821567
 0.00286808 -0.00198881           0   0.0157068
  0.0103328  0.00821567  -0.0157068           0
EndNode1[0]<--->Repeater1[0]
REAL
   0.340399 0.000272903   0.0214248   0.0854265
0.000272903    0.193267  0.00220238 0.000482404
  0.0214248  0.00220238    0.177057   0.0293663
  0.0854265 0.000482404   0.0293663    0.289277
IMAGINARY
           0  -0.00301257   0.00580784    0.0131427
  0.00301257            0   0.00586119  8.99279e-05
 -0.00580784  -0.00586119            0  -0.00812766
  -0.0131427 -8.99279e-05   0.00812766            0
EndNode2[0]<--->HoM1[0]
REAL
   0.271574  -0.0144393 -0.00340101   0.0791436
 -0.0144393    0.219543 6.94425e-06  0.00790552
-0.00340101 6.94425e-06    0.224619  0.00993484
  0.0791436  0.00790552  0.00993484    0.284264
IMAGINARY
          0 -0.00588902  0.00437699   0.0048978
 0.00588902           0    0.026523 -0.00917315
-0.00437699   -0.026523           0  0.00948614
 -0.0048978  0.00917315 -0.00948614           0
Repeater1[0]<--->EndNode1[0]
REAL
   0.340399   0.0214248 0.000272903   0.0854265
  0.0214248    0.177057  0.00220238   0.0293663
0.000272903  0.00220238    0.193267 0.000482404
  0.0854265   0.0293663 0.000482404    0.289277
IMAGINARY
           0   0.00580784  -0.00301257    0.0131427
 -0.00580784            0  -0.00586119  -0.00812766
  0.00301257   0.00586119            0  8.99279e-05
  -0.0131427   0.00812766 -8.99279e-05            0
Repeater1[0]<--->HoM1[0]
REAL
   0.271574 -0.00340101  -0.0144393   0.0791436
-0.00340101    0.224619 6.94425e-06  0.00993484
 -0.0144393 6.94425e-06    0.219543  0.00790552
  0.0791436  0.00993484  0.00790552    0.284264
IMAGINARY
          0  0.00437699 -0.00588902   0.0048978
-0.00437699           0   -0.026523  0.00948614
 0.00588902    0.026523           0 -0.00917315
 -0.0048978 -0.00948614  0.00917315           0
EndNode1[0]<--->Repeater1[0]
REAL
    0.304462     0.013915   0.00829508     0.072625
    0.013915     0.206037   -0.0151613    0.0148225
  0.00829508   -0.0151613     0.203412 -4.44246e-05
    0.072625    0.0148225 -4.44246e-05     0.286089
IMAGINARY
          0  0.00722411  0.00789212  -0.0159085
-0.00722411           0 -0.00457346 -0.00280306
-0.00789212  0.00457346           0   0.0156766
  0.0159085  0.00280306  -0.0156766           0
EndNode2[0]<--->HoM1[0]
REAL
   0.257831  0.00636585  -0.0244216   0.0880701
 0.00636585     0.23253 -0.00452252   0.0115681
 -0.0244216 -0.00452252    0.184337    0.011629
  0.0880701   0.0115681    0.011629    0.325301
IMAGINARY
           0   0.00862069  -0.00287193  -0.00165894
 -0.00862069            0  -0.00301396 -0.000320914
  0.00287193   0.00301396            0   0.00862069
  0.00165894  0.000320914  -0.00862069            0
Repeater1[0]<--->EndNode1[0]
REAL
    0.304462   0.00829508     0.013915     0.072625
  0.00829508     0.203412   -0.0151613 -4.44246e-05
    0.013915   -0.0151613     0.206037    0.0148225
    0.072625 -4.44246e-05    0.0148225     0.286089
IMAGINARY
          0  0.00789212  0.00722411  -0.0159085
-0.00789212           0  0.00457346   0.0156766
-0.00722411 -0.00457346           0 -0.00280306
  0.0159085  -0.0156766  0.00280306           0
Repeater1[0]<--->HoM1[0]
REAL
   0.257831  -0.0244216  0.00636585   0.0880701
 -0.0244216    0.184337 -0.00452252    0.011629
 0.00636585 -0.00452252     0.23253   0.0115681
  0.0880701    0.011629   0.0115681    0.325301
IMAGINARY
           0  -0.00287193   0.00862069  -0.00165894
  0.00287193            0   0.00301396   0.00862069
 -0.00862069  -0.00301396            0 -0.000320914
  0.00165894  -0.00862069  0.000320914            0
EndNode1[0]<--->Repeater1[0]
REAL
   0.301205 -0.00356848 -0.00642641   0.0839111
-0.00356848    0.202142  0.00180322  -0.0156515
-0.00642641  0.00180322    0.203481 0.000971078
  0.0839111  -0.0156515 0.000971078    0.293173
IMAGINARY
          0  0.00704412  -0.0224798    0.010638
-0.00704412           0  -0.0047862  0.00042097
  0.0224798   0.0047862           0  -0.0156225
  -0.010638 -0.00042097   0.0156225           0
EndNode2[0]<--->HoM1[0]
REAL
  0.276596  -0.014673  0.0105931  0.0896566
 -0.014673   0.211436  0.0231605 0.00876605
 0.0105931  0.0231605   0.219415 -0.0113617
 0.0896566 0.00876605 -0.0113617   0.292553
IMAGINARY
          0   0.0199187  -0.0135011 -0.00164989
 -0.0199187           0  -0.0350657 -0.00823799
  0.0135011   0.0350657           0   0.0235595
 0.00164989  0.00823799  -0.0235595           0
Repeater1[0]<--->EndNode1[0]
REAL
   0.301205 -0.00642641 -0.00356848   0.0839111
-0.00642641    0.203481  0.00180322 0.000971078
-0.00356848  0.00180322    0.202142  -0.0156515
  0.0839111 0.000971078  -0.0156515    0.293173
IMAGINARY
          0  -0.0224798  0.00704412    0.010638
  0.0224798           0   0.0047862  -0.0156225
-0.00704412  -0.0047862           0  0.00042097
  -0.010638   0.0156225 -0.00042097           0
Repeater1[0]<--->HoM1[0]
REAL
  0.276596  0.0105931  -0.014673  0.0896566
 0.0105931   0.219415  0.0231605 -0.0113617
 -0.014673  0.0231605   0.211436 0.00876605
 0.0896566 -0.0113617 0.00876605   0.292553
IMAGINARY
          0  -0.0135011   0.0199187 -0.00164989
  0.0135011           0   0.0350657   0.0235595
 -0.0199187  -0.0350657           0 -0.00823799
 0.00164989  -0.0235595  0.00823799           0
EndNode1[0]<--->Repeater1[0]
REAL
  0.324324  0.0179139 -0.0106009  0.0728514
 0.0179139   0.197724 0.00178537 -0.0125166
-0.0106009 0.00178537   0.214794 -0.0040434
 0.0728514 -0.0125166 -0.0040434   0.263158
IMAGINARY
          0  0.00751507  0.00954253   0.0226001
-0.00751507           0 -0.00915581    0.010762
-0.00954253  0.00915581           0   0.0153276
 -0.0226001   -0.010762  -0.0153276           0
EndNode2[0]<--->HoM1[0]
REAL
   0.287386  0.00737307  0.00782659    0.060368
 0.00737307    0.219766 -0.00324349 -0.00204995
 0.00782659 -0.00324349    0.197659  0.00482205
   0.060368 -0.00204995  0.00482205    0.295189
IMAGINARY
           0  -0.00257114   0.00592248  0.000296101
  0.00257114            0   0.00358991  0.000233475
 -0.00592248  -0.00358991            0     0.014199
-0.000296101 -0.000233475    -0.014199            0
Repeater1[0]<--->EndNode1[0]
REAL
  0.324324 -0.0106009  0.0179139  0.0728514
-0.0106009   0.214794 0.00178537 -0.0040434
 0.0179139 0.00178537   0.197724 -0.0125166
 0.0728514 -0.0040434 -0.0125166   0.263158
IMAGINARY
          0  0.00954253  0.00751507   0.0226001
-0.00954253           0  0.00915581   0.0153276
-0.00751507 -0.00915581           0    0.010762
 -0.0226001  -0.0153276   -0.010762           0
Repeater1[0]<--->HoM1[0]
REAL
   0.287386  0.00782659  0.00737307    0.060368
 0.00782659    0.197659 -0.00324349  0.00482205
 0.00737307 -0.00324349    0.219766 -0.00204995
   0.060368  0.00482205 -0.00204995    0.295189
IMAGINARY
           0   0.00592248  -0.00257114  0.000296101
 -0.00592248            0  -0.00358991     0.014199
  0.00257114   0.00358991            0  0.000233475
-0.000296101    -0.014199 -0.000233475            0
EndNode1[0]<--->Repeater1[0]
REAL
    0.254351  -0.00969624   -0.0137068    0.0636764
 -0.00969624     0.211513   0.00537733    0.0175432
  -0.0137068   0.00537733     0.248996 -0.000533938
   0.0636764    0.0175432 -0.000533938     0.285141
IMAGINARY
          0  -0.0114332  0.00447337  0.00581654
  0.0114332           0 -0.00709859   0.0167886
-0.00447337  0.00709859           0 -0.00708535
-0.00581654  -0.0167886  0.00708535           0
EndNode2[0]<--->HoM1[0]
REAL
   0.317169   0.0132789  -0.0248637    0.104594
  0.0132789    0.199214  -0.0145158  -0.0286611
 -0.0248637  -0.0145158    0.218873 -0.00414049
   0.104594  -0.0286611 -0.00414049    0.264744
IMAGINARY
          0   0.0077016   0.0112326 -0.00323208
 -0.0077016           0  -0.0178597   0.0149454
 -0.0112326   0.0178597           0  -0.0116283
 0.00323208  -0.0149454   0.0116283           0
Repeater1[0]<--->EndNode1[0]
REAL
    0.254351   -0.0137068  -0.00969624    0.0636764
  -0.0137068     0.248996   0.00537733 -0.000533938
 -0.00969624   0.00537733     0.211513    0.0175432
   0.0636764 -0.000533938    0.0175432     0.285141
IMAGINARY
          0  0.00447337  -0.0114332  0.00581654
-0.00447337           0  0.00709859 -0.00708535
  0.0114332 -0.00709859           0   0.0167886
-0.00581654  0.00708535  -0.0167886           0
Repeater1[0]<--->HoM1[0]
REAL
   0.317169  -0.0248637   0.0132789    0.104594
 -0.0248637    0.218873  -0.0145158 -0.00414049
  0.0132789  -0.0145158    0.199214  -0.0286611
   0.104594 -0.00414049  -0.0286611    0.264744
IMAGINARY
          0   0.0112326   0.0077016 -0.00323208
 -0.0112326           0   0.0178597  -0.0116283
 -0.0077016  -0.0178597           0   0.0149454
 0.00323208   0.0116283  -0.0149454           0
EndNode1[0]<--->Repeater1[0]
REAL
   0.317204  0.00631969 9.35074e-05    0.100179
 0.00631969    0.198925    0.010125  0.00717201
9.35074e-05    0.010125    0.198925  -0.0188692
   0.100179  0.00717201  -0.0188692    0.284946
IMAGINARY
          0   0.0086331  0.00499635 -0.00501554
 -0.0086331           0   0.0223901  -0.0197813
-0.00499635  -0.0223901           0 -0.00325676
 0.00501554   0.0197813  0.00325676           0
EndNode2[0]<--->HoM1[0]
REAL
  0.258486 0.00487933  0.0193641  0.0861575
0.00487933   0.219321 -0.0109363 0.00528823
 0.0193641 -0.0109363   0.177546 -0.0232106
 0.0861575 0.00528823 -0.0232106   0.344648
IMAGINARY
          0  0.00939659  -0.0125597  -0.0068278
-0.00939659           0  -0.0119692  -0.0131999
  0.0125597   0.0119692           0  0.00447395
  0.0068278   0.0131999 -0.00447395           0
Repeater1[0]<--->EndNode1[0]
REAL
   0.317204 9.35074e-05  0.00631969    0.100179
9.35074e-05    0.198925    0.010125  -0.0188692
 0.00631969    0.010125    0.198925  0.00717201
   0.100179  -0.0188692  0.00717201    0.284946
IMAGINARY
          0  0.00499635   0.0086331 -0.00501554
-0.00499635           0  -0.0223901 -0.00325676
 -0.0086331   0.0223901           0  -0.0197813
 0.00501554  0.00325676   0.0197813           0
Repeater1[0]<--->HoM1[0]
REAL
  0.258486  0.0193641 0.00487933  0.0861575
 0.0193641   0.177546 -0.0109363 -0.0232106
0.00487933 -0.0109363   0.219321 0.00528823
 0.0861575 -0.0232106 0.00528823   0.344648
IMAGINARY
          0  -0.0125597  0.00939659  -0.0068278
  0.0125597           0   0.0119692  0.00447395
-0.00939659  -0.0119692           0  -0.0131999
  0.0068278 -0.00447395   0.0131999           0
EndNode1[0]<--->Repeater1[0]
REAL
   0.299492 -0.00324912   0.0170148   0.0682004
-0.00324912    0.204315   0.0108881  0.00711385
  0.0170148   0.0108881    0.222081  0.00861105
  0.0682004  0.00711385  0.00861105    0.274112
IMAGINARY
          0  0.00329893  0.00169539 -0.00099394
-0.00329893           0  -0.0022826  0.00423346
-0.00169539   0.0022826           0  0.00394744
 0.00099394 -0.00423346 -0.00394744           0
EndNode2[0]<--->HoM1[0]
REAL
  0.275862  0.0104153 0.00140248  0.0816449
 0.0104153   0.236271 -0.0289079 0.00861087
0.00140248 -0.0289079   0.195402 0.00360335
 0.0816449 0.00861087 0.00360335   0.292465
IMAGINARY
          0 -0.00487268   0.0129446 -0.00897153
 0.00487268           0  0.00645264 -0.00666322
 -0.0129446 -0.00645264           0   0.0237169
 0.00897153  0.00666322  -0.0237169           0
Repeater1[0]<--->EndNode1[0]
REAL
   0.299492   0.0170148 -0.00324912   0.0682004
  0.0170148    0.222081   0.0108881  0.00861105
-0.00324912   0.0108881    0.204315  0.00711385
  0.0682004  0.00861105  0.00711385    0.274112
IMAGINARY
          0  0.00169539  0.00329893 -0.00099394
-0.00169539           0   0.0022826  0.00394744
-0.00329893  -0.0022826           0  0.00423346
 0.00099394 -0.00394744 -0.00423346           0
Repeater1[0]<--->HoM1[0]
REAL
  0.275862 0.00140248  0.0104153  0.0816449
0.00140248   0.195402 -0.0289079 0.00360335
 0.0104153 -0.0289079   0.236271 0.00861087
 0.0816449 0.00360335 0.00861087   0.292465
IMAGINARY
          0   0.0129446 -0.00487268 -0.00897153
 -0.0129446           0 -0.00645264   0.0237169
 0.00487268  0.00645264           0 -0.00666322
 0.00897153  -0.0237169  0.00666322           0
EndNode1[0]<--->Repeater1[0]
REAL
   0.28005  -0.016156 -0.0173365  0.0791902
 -0.016156   0.216853 -0.0125651 -0.0330994
-0.0173365 -0.0125651   0.230483   0.010552
 0.0791902 -0.0330994   0.010552   0.272615
IMAGINARY
          0 -0.00227441   0.0135201  0.00773962
 0.00227441           0  -0.0167835  0.00376715
 -0.0135201   0.0167835           0  0.00493398
-0.00773962 -0.00376715 -0.00493398           0
EndNode2[0]<--->HoM1[0]
REAL
   0.285885 -0.00685586 -0.00701255   0.0723447
-0.00685586    0.217703  -0.0122907  0.00903684
-0.00701255  -0.0122907    0.214115   0.0277735
  0.0723447  0.00903684   0.0277735    0.282297
IMAGINARY
          0 -0.00908069  -0.0112592   0.0163221
 0.00908069           0 -0.00324609  0.00344669
  0.0112592  0.00324609           0  -0.0104506
 -0.0163221 -0.00344669   0.0104506           0
Repeater1[0]<--->EndNode1[0]
REAL
   0.28005 -0.0173365  -0.016156  0.0791902
-0.0173365   0.230483 -0.0125651   0.010552
 -0.016156 -0.0125651   0.216853 -0.0330994
 0.0791902   0.010552 -0.0330994   0.272615
IMAGINARY
          0   0.0135201 -0.00227441  0.00773962
 -0.0135201           0   0.0167835  0.00493398
 0.00227441  -0.0167835           0  0.00376715
-0.00773962 -0.00493398 -0.00376715           0
Repeater1[0]<--->HoM1[0]
REAL
   0.285885 -0.00701255 -0.00685586   0.0723447
-0.00701255    0.214115  -0.0122907   0.0277735
-0.00685586  -0.0122907    0.217703  0.00903684
  0.0723447   0.0277735  0.00903684    0.282297
IMAGINARY
          0  -0.0112592 -0.00908069   0.0163221
  0.0112592           0  0.00324609  -0.0104506
 0.00908069 -0.00324609           0  0.00344669
 -0.0163221   0.0104506 -0.00344669           0
EndNode1[0]<--->Repeater1[0]
REAL
  0.291777 0.00923141   0.010582  0.0790136
0.00923141   0.196286 0.00828794   0.010582
  0.010582 0.00828794   0.204244 -0.0012949
 0.0790136   0.010582 -0.0012949   0.307692
IMAGINARY
          0 -0.00711572  -0.0156958   0.0104205
 0.00711572           0 -0.00853373  -0.0144395
  0.0156958  0.00853373           0   0.0188008
 -0.0104205   0.0144395  -0.0188008           0
EndNode2[0]<--->HoM1[0]
REAL
   0.298701   0.0290933   0.0081985   0.0678586
  0.0290933     0.21039 -0.00338492  0.00759097
  0.0081985 -0.00338492    0.203896  0.00380145
  0.0678586  0.00759097  0.00380145    0.287013
IMAGINARY
          0  0.00893544  0.00752975  -0.0191606
-0.00893544           0 -0.00240803 -0.00493908
-0.00752975  0.00240803           0  -0.0180028
  0.0191606  0.00493908   0.0180028           0
Repeater1[0]<--->EndNode1[0]
REAL
  0.291777   0.010582 0.00923141  0.0790136
  0.010582   0.204244 0.00828794 -0.0012949
0.00923141 0.00828794   0.196286   0.010582
 0.0790136 -0.0012949   0.010582   0.307692
IMAGINARY
          0  -0.0156958 -0.00711572   0.0104205
  0.0156958           0  0.00853373   0.0188008
 0.00711572 -0.00853373           0  -0.0144395
 -0.0104205  -0.0188008   0.0144395           0
Repeater1[0]<--->HoM1[0]
REAL
   0.298701   0.0081985   0.0290933   0.0678586
  0.0081985    0.203896 -0.00338492  0.00380145
  0.0290933 -0.00338492     0.21039  0.00759097
  0.0678586  0.00380145  0.00759097    0.287013
IMAGINARY
          0  0.00752975  0.00893544  -0.0191606
-0.00752975           0  0.00240803  -0.0180028
-0.00893544 -0.00240803           0 -0.00493908
  0.0191606   0.0180028  0.00493908           0
EndNode1[0]<--->Repeater1[0]
REAL
   0.312746   0.0129374  0.00253257   0.0879067
  0.0129374    0.193167  0.00382455  0.00651135
 0.00253257  0.00382455    0.190539 -0.00130952
  0.0879067  0.00651135 -0.00130952    0.303548
IMAGINARY
           0   -0.0106729  0.000588971    0.0297393
   0.0106729            0    0.0352607  -0.00764931
-0.000588971   -0.0352607            0    0.0203006
  -0.0297393   0.00764931   -0.0203006            0
EndNode2[0]<--->HoM1[0]
REAL
   0.283245 -0.00155187 -0.00331179    0.105208
-0.00155187    0.206117 -0.00184839  0.00460378
-0.00331179 -0.00184839    0.214096  0.00930381
   0.105208  0.00460378  0.00930381    0.296543
IMAGINARY
           0 -0.000109715    0.0106337   -0.0297466
 0.000109715            0  -0.00605585  -0.00211793
  -0.0106337   0.00605585            0    0.0025428
   0.0297466   0.00211793   -0.0025428            0
Repeater1[0]<--->EndNode1[0]
REAL
   0.312746  0.00253257   0.0129374   0.0879067
 0.00253257    0.190539  0.00382455 -0.00130952
  0.0129374  0.00382455    0.193167  0.00651135
  0.0879067 -0.00130952  0.00651135    0.303548
IMAGINARY
           0  0.000588971   -0.0106729    0.0297393
-0.000588971            0   -0.0352607    0.0203006
   0.0106729    0.0352607            0  -0.00764931
  -0.0297393   -0.0203006   0.00764931            0
Repeater1[0]<--->HoM1[0]
REAL
   0.283245 -0.00331179 -0.00155187    0.105208
-0.00331179    0.214096 -0.00184839  0.00930381
-0.00155187 -0.00184839    0.206117  0.00460378
   0.105208  0.00930381  0.00460378    0.296543
IMAGINARY
           0    0.0106337 -0.000109715   -0.0297466
  -0.0106337            0   0.00605585    0.0025428
 0.000109715  -0.00605585            0  -0.00211793
   0.0297466   -0.0025428   0.00211793            0
EndNode1[0]<--->Repeater1[0]
REAL
    0.28129   -0.020276  0.00871164   0.0979986
  -0.020276    0.223226  -0.0199935 -0.00487532
 0.00871164  -0.0199935    0.211613 -0.00913576
  0.0979986 -0.00487532 -0.00913576    0.283871
IMAGINARY
          0 -0.00666328   0.0240318 -0.00474414
 0.00666328           0 -0.00349414   0.0222524
 -0.0240318  0.00349414           0  0.00340383
 0.00474414  -0.0222524 -0.00340383           0
EndNode2[0]<--->HoM1[0]
REAL
   0.258838  -0.0191816    0.021303   0.0933156
 -0.0191816    0.219697 -0.00124399  -0.0187455
   0.021303 -0.00124399    0.217172  -0.0255754
  0.0933156  -0.0187455  -0.0255754    0.304293
IMAGINARY
          0  -0.0119209 -0.00373822  0.00698558
  0.0119209           0 -0.00451645  0.00632889
 0.00373822  0.00451645           0   0.0106255
-0.00698558 -0.00632889  -0.0106255           0
Repeater1[0]<--->EndNode1[0]
REAL
    0.28129  0.00871164   -0.020276   0.0979986
 0.00871164    0.211613  -0.0199935 -0.00913576
  -0.020276  -0.0199935    0.223226 -0.00487532
  0.0979986 -0.00913576 -0.00487532    0.283871
IMAGINARY
          0   0.0240318 -0.00666328 -0.00474414
 -0.0240318           0  0.00349414  0.00340383
 0.00666328 -0.00349414           0   0.0222524
 0.00474414 -0.00340383  -0.0222524           0
Repeater1[0]<--->HoM1[0]
REAL
   0.258838    0.021303  -0.0191816   0.0933156
   0.021303    0.217172 -0.00124399  -0.0255754
 -0.0191816 -0.00124399    0.219697  -0.0187455
  0.0933156  -0.0255754  -0.0187455    0.304293
IMAGINARY
          0 -0.00373822  -0.0119209  0.00698558
 0.00373822           0  0.00451645   0.0106255
  0.0119209 -0.00451645           0  0.00632889
-0.00698558  -0.0106255 -0.00632889           0
EndNode1[0]<--->Repeater1[0]
REAL
   0.289894   0.0255528  -0.0157029   0.0633623
  0.0255528    0.192819 -0.00351671 -0.00681964
 -0.0157029 -0.00351671    0.235372  -0.0043173
  0.0633623 -0.00681964  -0.0043173    0.281915
IMAGINARY
          0 -0.00827293 -0.00249238  -0.0114669
 0.00827293           0   -0.020952  0.00185544
 0.00249238    0.020952           0  -0.0140201
  0.0114669 -0.00185544   0.0140201           0
EndNode2[0]<--->HoM1[0]
REAL
   0.307487 -0.00399349 -0.00286541   0.0736935
-0.00399349     0.21123   0.0163602   0.0136181
-0.00286541   0.0163602    0.184492  0.00802574
  0.0736935   0.0136181  0.00802574    0.296791
IMAGINARY
          0  -0.0230814  0.00103969  0.00502541
  0.0230814           0  0.00304912  0.00296031
-0.00103969 -0.00304912           0   0.0084147
-0.00502541 -0.00296031  -0.0084147           0
Repeater1[0]<--->EndNode1[0]
REAL
   0.289894  -0.0157029   0.0255528   0.0633623
 -0.0157029    0.235372 -0.00351671  -0.0043173
  0.0255528 -0.00351671    0.192819 -0.00681964
  0.0633623  -0.0043173 -0.00681964    0.281915
IMAGINARY
          0 -0.00249238 -0.00827293  -0.0114669
 0.00249238           0    0.020952  -0.0140201
 0.00827293   -0.020952           0  0.00185544
  0.0114669   0.0140201 -0.00185544           0
Repeater1[0]<--->HoM1[0]
REAL
   0.307487 -0.00286541 -0.00399349   0.0736935
-0.00286541    0.184492   0.0163602  0.00802574
-0.00399349   0.0163602     0.21123   0.0136181
  0.0736935  0.00802574   0.0136181    0.296791
IMAGINARY
          0  0.00103969  -0.0230814  0.00502541
-0.00103969           0 -0.00304912   0.0084147
  0.0230814  0.00304912           0  0.00296031
-0.00502541  -0.0084147 -0.00296031           0
EndNode1[0]<--->Repeater1[0]
REAL
   0.290698   0.0092294   0.0103861   0.0774173
  0.0092294    0.217054 -0.00926613 -0.00971134
  0.0103861 -0.00926613    0.204134 -0.00315652
  0.0774173 -0.00971134 -0.00315652    0.288114
IMAGINARY
          0  -0.0169838   0.0191438  -0.0134316
  0.0169838           0 -0.00424521   0.0198009
 -0.0191438  0.00424521           0   -0.013167
