EndNode1[0]<--->Repeater1[0]
REAL
   0.363758  -0.0130582 -0.00924852   0.0897878
 -0.0130582    0.148993   0.0106994  -0.0193751
-0.00924852   0.0106994    0.138255  0.00392297
  0.0897878  -0.0193751  0.00392297    0.348993
IMAGINARY
           0   0.00291095   0.00172311   -0.0112648
 -0.00291095            0 -0.000565817   0.00363882
 -0.00172311  0.000565817            0   0.00781291
   0.0112648  -0.00363882  -0.00781291            0
EndNode2[0]<--->HoM1[0]
REAL
  0.360051  0.0140936 -0.0111925  0.0938329
 0.0140936   0.167939 -0.0360372 -0.0143451
-0.0111925 -0.0360372   0.136132  0.0127881
 0.0938329 -0.0143451  0.0127881   0.335878
IMAGINARY
           0   0.00678882  0.000361325   0.00432367
 -0.00678882            0   0.00918985  -0.00295873
-0.000361325  -0.00918985            0   -0.0184771
 -0.00432367   0.00295873    0.0184771            0
Repeater1[0]<--->EndNode1[0]
REAL
   0.363758 -0.00924852  -0.0130582   0.0897878
-0.00924852    0.138255   0.0106994  0.00392297
 -0.0130582   0.0106994    0.148993  -0.0193751
  0.0897878  0.00392297  -0.0193751    0.348993
IMAGINARY
           0   0.00172311   0.00291095   -0.0112648
 -0.00172311            0  0.000565817   0.00781291
 -0.00291095 -0.000565817            0   0.00363882
   0.0112648  -0.00781291  -0.00363882            0
Repeater1[0]<--->HoM1[0]
REAL
  0.360051 -0.0111925  0.0140936  0.0938329
-0.0111925   0.136132 -0.0360372  0.0127881
 0.0140936 -0.0360372   0.167939 -0.0143451
 0.0938329  0.0127881 -0.0143451   0.335878
IMAGINARY
           0  0.000361325   0.00678882   0.00432367
-0.000361325            0  -0.00918985   -0.0184771
 -0.00678882   0.00918985            0  -0.00295873
 -0.00432367    0.0184771   0.00295873            0
EndNode1[0]<--->Repeater1[0]
REAL
    0.388962  -0.00686619   -0.0291127    0.0889433
 -0.00686619     0.136662 -0.000203998    0.0101408
  -0.0291127 -0.000203998      0.13272    0.0221661
   0.0889433    0.0101408    0.0221661     0.341656
IMAGINARY
           0   -0.0145539  -0.00369079   0.00127557
   0.0145539            0 -0.000645049   0.00885875
  0.00369079  0.000645049            0   -0.0112859
 -0.00127557  -0.00885875    0.0112859            0
EndNode2[0]<--->HoM1[0]
REAL
    0.34414   0.0112685 -0.00410722   0.0868912
  0.0112685    0.159601  0.00516659   0.0047089
-0.00410722  0.00516659     0.15586  -0.0239039
  0.0868912   0.0047089  -0.0239039    0.340399
IMAGINARY
          0     0.02028 -0.00898612  -0.0339296
   -0.02028           0   0.0213468  -0.0109624
 0.00898612  -0.0213468           0  -0.0119145
  0.0339296   0.0109624   0.0119145           0
Repeater1[0]<--->EndNode1[0]
REAL
    0.388962   -0.0291127  -0.00686619    0.0889433
  -0.0291127      0.13272 -0.000203998    0.0221661
 -0.00686619 -0.000203998     0.136662    0.0101408
   0.0889433    0.0221661    0.0101408     0.341656
IMAGINARY
           0  -0.00369079   -0.0145539   0.00127557
  0.00369079            0  0.000645049   -0.0112859
   0.0145539 -0.000645049            0   0.00885875
 -0.00127557    0.0112859  -0.00885875            0
Repeater1[0]<--->HoM1[0]
REAL
    0.34414 -0.00410722   0.0112685   0.0868912
-0.00410722     0.15586  0.00516659  -0.0239039
  0.0112685  0.00516659    0.159601   0.0047089
  0.0868912  -0.0239039   0.0047089    0.340399
IMAGINARY
          0 -0.00898612     0.02028  -0.0339296
 0.00898612           0  -0.0213468  -0.0119145
   -0.02028   0.0213468           0  -0.0109624
  0.0339296   0.0119145   0.0109624           0
EndNode1[0]<--->Repeater1[0]
REAL
   0.400763 -0.00991647 -0.00761371   0.0773016
-0.00991647    0.152672   -0.013199   0.0114599
-0.00761371   -0.013199    0.137405   0.0342754
  0.0773016   0.0114599   0.0342754     0.30916
IMAGINARY
          0  -0.0193894  -0.0102985  -0.0184854
  0.0193894           0 -0.00569764    0.012224
  0.0102985  0.00569764           0   0.0110454
  0.0184854   -0.012224  -0.0110454           0
EndNode2[0]<--->HoM1[0]
REAL
   0.379974  -0.0149067  -0.0039824   0.0793702
 -0.0149067    0.116816 -0.00353793  0.00953111
 -0.0039824 -0.00353793    0.137356  0.00565886
  0.0793702  0.00953111  0.00565886    0.365854
IMAGINARY
           0 -0.000530182   0.00578139   -0.0182535
 0.000530182            0   0.00852112   0.00442269
 -0.00578139  -0.00852112            0   -0.0186025
   0.0182535  -0.00442269    0.0186025            0
Repeater1[0]<--->EndNode1[0]
REAL
   0.400763 -0.00761371 -0.00991647   0.0773016
-0.00761371    0.137405   -0.013199   0.0342754
-0.00991647   -0.013199    0.152672   0.0114599
  0.0773016   0.0342754   0.0114599     0.30916
IMAGINARY
          0  -0.0102985  -0.0193894  -0.0184854
  0.0102985           0  0.00569764   0.0110454
  0.0193894 -0.00569764           0    0.012224
  0.0184854  -0.0110454   -0.012224           0
Repeater1[0]<--->HoM1[0]
REAL
   0.379974  -0.0039824  -0.0149067   0.0793702
 -0.0039824    0.137356 -0.00353793  0.00565886
 -0.0149067 -0.00353793    0.116816  0.00953111
  0.0793702  0.00565886  0.00953111    0.365854
IMAGINARY
           0   0.00578139 -0.000530182   -0.0182535
 -0.00578139            0  -0.00852112   -0.0186025
 0.000530182   0.00852112            0   0.00442269
   0.0182535    0.0186025  -0.00442269            0
EndNode1[0]<--->Repeater1[0]
REAL
    0.371681  -0.00910698   0.00895019    0.0884387
 -0.00910698     0.154235 -0.000346351  -0.00469745
  0.00895019 -0.000346351     0.142857  -0.00972656
   0.0884387  -0.00469745  -0.00972656     0.331226
IMAGINARY
          0   0.0131948  -0.0113546  0.00673854
 -0.0131948           0  -0.0148248  -0.0120099
  0.0113546   0.0148248           0  0.00482926
-0.00673854   0.0120099 -0.00482926           0
EndNode2[0]<--->HoM1[0]
REAL
    0.342007   0.00128051  -0.00598991     0.105542
  0.00128051      0.16233   0.00101504  -0.00598991
 -0.00598991   0.00101504     0.144981 -0.000649992
    0.105542  -0.00598991 -0.000649992     0.350682
IMAGINARY
          0   0.0164926  -0.0194094  0.00684422
 -0.0164926           0   0.0042669 -0.00655595
  0.0194094  -0.0042669           0 -0.00251129
-0.00684422  0.00655595  0.00251129           0
Repeater1[0]<--->EndNode1[0]
REAL
    0.371681   0.00895019  -0.00910698    0.0884387
  0.00895019     0.142857 -0.000346351  -0.00972656
 -0.00910698 -0.000346351     0.154235  -0.00469745
   0.0884387  -0.00972656  -0.00469745     0.331226
IMAGINARY
          0  -0.0113546   0.0131948  0.00673854
  0.0113546           0   0.0148248  0.00482926
 -0.0131948  -0.0148248           0  -0.0120099
-0.00673854 -0.00482926   0.0120099           0
Repeater1[0]<--->HoM1[0]
REAL
    0.342007  -0.00598991   0.00128051     0.105542
 -0.00598991     0.144981   0.00101504 -0.000649992
  0.00128051   0.00101504      0.16233  -0.00598991
    0.105542 -0.000649992  -0.00598991     0.350682
IMAGINARY
          0  -0.0194094   0.0164926  0.00684422
  0.0194094           0  -0.0042669 -0.00251129
 -0.0164926   0.0042669           0 -0.00655595
-0.00684422  0.00251129  0.00655595           0
EndNode1[0]<--->Repeater1[0]
REAL
   0.376866   -0.015726  -0.0153711   0.0786465
  -0.015726     0.13806   0.0116224 -0.00447523
 -0.0153711   0.0116224    0.164179  -0.0143636
  0.0786465 -0.00447523  -0.0143636    0.320896
IMAGINARY
          0   0.0229683   0.0100114 -0.00544794
 -0.0229683           0 -0.00544794  0.00607439
 -0.0100114  0.00544794           0  0.00518179
 0.00544794 -0.00607439 -0.00518179           0
EndNode2[0]<--->HoM1[0]
REAL
   0.362854  -0.0177419  -0.0262805   0.0925812
 -0.0177419    0.148831 -0.00108635  -0.0110906
 -0.0262805 -0.00108635    0.153752   0.0177419
  0.0925812  -0.0110906   0.0177419    0.334563
IMAGINARY
          0   0.0110287 -0.00953059  0.00155729
 -0.0110287           0  0.00687644   0.0108498
 0.00953059 -0.00687644           0  -0.0123479
-0.00155729  -0.0108498   0.0123479           0
Repeater1[0]<--->EndNode1[0]
REAL
   0.376866  -0.0153711   -0.015726   0.0786465
 -0.0153711    0.164179   0.0116224  -0.0143636
  -0.015726   0.0116224     0.13806 -0.00447523
  0.0786465  -0.0143636 -0.00447523    0.320896
IMAGINARY
          0   0.0100114   0.0229683 -0.00544794
 -0.0100114           0  0.00544794  0.00518179
 -0.0229683 -0.00544794           0  0.00607439
 0.00544794 -0.00518179 -0.00607439           0
Repeater1[0]<--->HoM1[0]
REAL
   0.362854  -0.0262805  -0.0177419   0.0925812
 -0.0262805    0.153752 -0.00108635   0.0177419
 -0.0177419 -0.00108635    0.148831  -0.0110906
  0.0925812   0.0177419  -0.0110906    0.334563
IMAGINARY
          0 -0.00953059   0.0110287  0.00155729
 0.00953059           0 -0.00687644  -0.0123479
 -0.0110287  0.00687644           0   0.0108498
-0.00155729   0.0123479  -0.0108498           0
EndNode1[0]<--->Repeater1[0]
REAL
   0.355844 -0.00891608  -0.0100962   0.0837371
-0.00891608    0.158442 -0.00681405  0.00240385
 -0.0100962 -0.00681405    0.157143 -0.00134033
  0.0837371  0.00240385 -0.00134033    0.328571
IMAGINARY
           0   -0.0127681 -7.36515e-05  0.000493101
   0.0127681            0   -0.0105602  -0.00517569
 7.36515e-05    0.0105602            0   0.00226945
-0.000493101   0.00517569  -0.00226945            0
EndNode2[0]<--->HoM1[0]
REAL
    0.37764   0.0102072 -0.00123985   0.0733268
  0.0102072    0.124224 -0.00487831   0.0110182
-0.00123985 -0.00487831    0.137888  -0.0121628
  0.0733268   0.0110182  -0.0121628    0.360248
IMAGINARY
          0   0.0136776 -0.00611982 -0.00444828
 -0.0136776           0   0.0013883  0.00996597
 0.00611982  -0.0013883           0 -0.00598531
 0.00444828 -0.00996597  0.00598531           0
Repeater1[0]<--->EndNode1[0]
REAL
   0.355844  -0.0100962 -0.00891608   0.0837371
 -0.0100962    0.157143 -0.00681405 -0.00134033
-0.00891608 -0.00681405    0.158442  0.00240385
  0.0837371 -0.00134033  0.00240385    0.328571
IMAGINARY
           0 -7.36515e-05   -0.0127681  0.000493101
 7.36515e-05            0    0.0105602   0.00226945
   0.0127681   -0.0105602            0  -0.00517569
-0.000493101  -0.00226945   0.00517569            0
Repeater1[0]<--->HoM1[0]
REAL
    0.37764 -0.00123985   0.0102072   0.0733268
-0.00123985    0.137888 -0.00487831  -0.0121628
  0.0102072 -0.00487831    0.124224   0.0110182
  0.0733268  -0.0121628   0.0110182    0.360248
IMAGINARY
          0 -0.00611982   0.0136776 -0.00444828
 0.00611982           0  -0.0013883 -0.00598531
 -0.0136776   0.0013883           0  0.00996597
 0.00444828  0.00598531 -0.00996597           0
EndNode1[0]<--->Repeater1[0]
REAL
   0.373964  0.00202543  0.00599568   0.0770677
 0.00202543    0.169231   0.0056391 -0.00348941
 0.00599568   0.0056391    0.127811  0.00925276
  0.0770677 -0.00348941  0.00925276    0.328994
IMAGINARY
          0   0.0145519 -0.00829735  -0.0135335
 -0.0145519           0   0.0116655   0.0225831
 0.00829735  -0.0116655           0 -0.00842946
  0.0135335  -0.0225831  0.00842946           0
EndNode2[0]<--->HoM1[0]
REAL
  0.366492 -0.0113403 -0.0044144  0.0930059
-0.0113403   0.151832 0.00245472   0.017098
-0.0044144 0.00245472   0.141361 0.00399715
 0.0930059   0.017098 0.00399715   0.340314
IMAGINARY
           0  -0.00323049    0.0109877    0.0153911
  0.00323049            0 -0.000315715  -0.00836307
  -0.0109877  0.000315715            0  0.000605823
  -0.0153911   0.00836307 -0.000605823            0
Repeater1[0]<--->EndNode1[0]
REAL
   0.373964  0.00599568  0.00202543   0.0770677
 0.00599568    0.127811   0.0056391  0.00925276
 0.00202543   0.0056391    0.169231 -0.00348941
  0.0770677  0.00925276 -0.00348941    0.328994
IMAGINARY
          0 -0.00829735   0.0145519  -0.0135335
 0.00829735           0  -0.0116655 -0.00842946
 -0.0145519   0.0116655           0   0.0225831
  0.0135335  0.00842946  -0.0225831           0
Repeater1[0]<--->HoM1[0]
REAL
  0.366492 -0.0044144 -0.0113403  0.0930059
-0.0044144   0.141361 0.00245472 0.00399715
-0.0113403 0.00245472   0.151832   0.017098
 0.0930059 0.00399715   0.017098   0.340314
IMAGINARY
           0    0.0109877  -0.00323049    0.0153911
  -0.0109877            0  0.000315715  0.000605823
  0.00323049 -0.000315715            0  -0.00836307
  -0.0153911 -0.000605823   0.00836307            0
EndNode1[0]<--->Repeater1[0]
REAL
  0.386719 0.00084448 0.00781706  0.0938016
0.00084448   0.145833 -0.0110765 -0.0114667
0.00781706 -0.0110765   0.140625 -0.0105768
 0.0938016 -0.0114667 -0.0105768   0.326823
IMAGINARY
          0 -0.00839887   0.0137336   0.0164397
 0.00839887           0  0.00529945 -0.00397754
 -0.0137336 -0.00529945           0  0.00352083
 -0.0164397  0.00397754 -0.00352083           0
EndNode2[0]<--->HoM1[0]
REAL
  0.378849  0.0177691  0.0112419  0.0917565
 0.0177691   0.161981 -0.0132124  0.0277109
 0.0112419 -0.0132124    0.14324 0.00330369
 0.0917565  0.0277109 0.00330369    0.31593
IMAGINARY
           0   0.00445602  0.000664734    0.0208197
 -0.00445602            0     0.011314  -0.00128585
-0.000664734    -0.011314            0  -0.00135043
  -0.0208197   0.00128585   0.00135043            0
Repeater1[0]<--->EndNode1[0]
REAL
  0.386719 0.00781706 0.00084448  0.0938016
0.00781706   0.140625 -0.0110765 -0.0105768
0.00084448 -0.0110765   0.145833 -0.0114667
 0.0938016 -0.0105768 -0.0114667   0.326823
IMAGINARY
          0   0.0137336 -0.00839887   0.0164397
 -0.0137336           0 -0.00529945  0.00352083
 0.00839887  0.00529945           0 -0.00397754
 -0.0164397 -0.00352083  0.00397754           0
Repeater1[0]<--->HoM1[0]
REAL
  0.378849  0.0112419  0.0177691  0.0917565
 0.0112419    0.14324 -0.0132124 0.00330369
 0.0177691 -0.0132124   0.161981  0.0277109
 0.0917565 0.00330369  0.0277109    0.31593
IMAGINARY
           0  0.000664734   0.00445602    0.0208197
-0.000664734            0    -0.011314  -0.00135043
 -0.00445602     0.011314            0  -0.00128585
  -0.0208197   0.00135043   0.00128585            0
EndNode1[0]<--->Repeater1[0]
REAL
  0.369512 0.00879333  0.0199588  0.0594483
0.00879333   0.142683 -0.0323361 0.00589235
 0.0199588 -0.0323361   0.142683  0.0132748
 0.0594483 0.00589235  0.0132748   0.345122
IMAGINARY
           0  -0.00582183  -0.00827095   -0.0277077
  0.00582183            0   0.00607607     0.029452
  0.00827095  -0.00607607            0  4.51888e-05
   0.0277077    -0.029452 -4.51888e-05            0
EndNode2[0]<--->HoM1[0]
REAL
     0.36352  -0.00133398  -0.00608164    0.0706908
 -0.00133398     0.146684  -0.00694079 -0.000168364
 -0.00608164  -0.00694079     0.121173   0.00383398
   0.0706908 -0.000168364   0.00383398     0.368622
IMAGINARY
          0  0.00505024   0.0141427  0.00491099
-0.00505024           0 -0.00288122 -0.00230063
 -0.0141427  0.00288122           0   0.0107392
-0.00491099  0.00230063  -0.0107392           0
Repeater1[0]<--->EndNode1[0]
REAL
  0.369512  0.0199588 0.00879333  0.0594483
 0.0199588   0.142683 -0.0323361  0.0132748
0.00879333 -0.0323361   0.142683 0.00589235
 0.0594483  0.0132748 0.00589235   0.345122
IMAGINARY
           0  -0.00827095  -0.00582183   -0.0277077
  0.00827095            0  -0.00607607  4.51888e-05
  0.00582183   0.00607607            0     0.029452
   0.0277077 -4.51888e-05    -0.029452            0
Repeater1[0]<--->HoM1[0]
REAL
     0.36352  -0.00608164  -0.00133398    0.0706908
 -0.00608164     0.121173  -0.00694079   0.00383398
 -0.00133398  -0.00694079     0.146684 -0.000168364
   0.0706908   0.00383398 -0.000168364     0.368622
IMAGINARY
          0   0.0141427  0.00505024  0.00491099
 -0.0141427           0  0.00288122   0.0107392
-0.00505024 -0.00288122           0 -0.00230063
-0.00491099  -0.0107392  0.00230063           0
EndNode1[0]<--->Repeater1[0]
REAL
   0.385511    0.011545  0.00705626   0.0930664
   0.011545    0.146184  -0.0048311 -0.00194117
 0.00705626  -0.0048311    0.129366  -0.0166601
  0.0930664 -0.00194117  -0.0166601    0.338939
IMAGINARY
           0    0.0101421  0.000101472    0.0178129
  -0.0101421            0  -0.00899677   0.00975398
-0.000101472   0.00899677            0  -0.00160075
  -0.0178129  -0.00975398   0.00160075            0
EndNode2[0]<--->HoM1[0]
REAL
   0.382507  -0.0179115 -0.00692828   0.0666773
 -0.0179115    0.134465  0.00192429 -0.00758359
-0.00692828  0.00192429    0.151436     0.02055
  0.0666773 -0.00758359     0.02055    0.331593
IMAGINARY
           0  0.000745941  0.000359022   0.00932859
-0.000745941            0   0.00555975   -0.0170479
-0.000359022  -0.00555975            0   0.00526207
 -0.00932859    0.0170479  -0.00526207            0
Repeater1[0]<--->EndNode1[0]
REAL
   0.385511  0.00705626    0.011545   0.0930664
 0.00705626    0.129366  -0.0048311  -0.0166601
   0.011545  -0.0048311    0.146184 -0.00194117
  0.0930664  -0.0166601 -0.00194117    0.338939
IMAGINARY
           0  0.000101472    0.0101421    0.0178129
-0.000101472            0   0.00899677  -0.00160075
  -0.0101421  -0.00899677            0   0.00975398
  -0.0178129   0.00160075  -0.00975398            0
Repeater1[0]<--->HoM1[0]
REAL
   0.382507 -0.00692828  -0.0179115   0.0666773
-0.00692828    0.151436  0.00192429     0.02055
 -0.0179115  0.00192429    0.134465 -0.00758359
  0.0666773     0.02055 -0.00758359    0.331593
IMAGINARY
           0  0.000359022  0.000745941   0.00932859
-0.000359022            0  -0.00555975   0.00526207
-0.000745941   0.00555975            0   -0.0170479
 -0.00932859  -0.00526207    0.0170479            0
EndNode1[0]<--->Repeater1[0]
REAL
   0.362155 -0.00706599   0.0001214    0.090854
-0.00706599    0.154135  -0.0026944  0.00567011
  0.0001214  -0.0026944    0.166667  -0.0103085
   0.090854  0.00567011  -0.0103085    0.317043
IMAGINARY
          0  0.00907538  0.00514871 -0.00516922
-0.00907538           0   0.0139853  0.00839968
-0.00514871  -0.0139853           0   0.0251182
 0.00516922 -0.00839968  -0.0251182           0
EndNode2[0]<--->HoM1[0]
REAL
   0.354637   0.0159882    0.013114   0.0814156
  0.0159882    0.149123  0.00246819  -0.0111324
   0.013114  0.00246819     0.16792 0.000524316
  0.0814156  -0.0111324 0.000524316    0.328321
IMAGINARY
          0 -0.00119135 -0.00626559  -0.0213917
 0.00119135           0 -0.00750279   0.0044296
 0.00626559  0.00750279           0  0.00547532
  0.0213917  -0.0044296 -0.00547532           0
Repeater1[0]<--->EndNode1[0]
REAL
   0.362155   0.0001214 -0.00706599    0.090854
  0.0001214    0.166667  -0.0026944  -0.0103085
-0.00706599  -0.0026944    0.154135  0.00567011
   0.090854  -0.0103085  0.00567011    0.317043
IMAGINARY
          0  0.00514871  0.00907538 -0.00516922
-0.00514871           0  -0.0139853   0.0251182
-0.00907538   0.0139853           0  0.00839968
 0.00516922  -0.0251182 -0.00839968           0
Repeater1[0]<--->HoM1[0]
REAL
   0.354637    0.013114   0.0159882   0.0814156
   0.013114     0.16792  0.00246819 0.000524316
  0.0159882  0.00246819    0.149123  -0.0111324
  0.0814156 0.000524316  -0.0111324    0.328321
IMAGINARY
          0 -0.00626559 -0.00119135  -0.0213917
 0.00626559           0  0.00750279  0.00547532
 0.00119135 -0.00750279           0   0.0044296
  0.0213917 -0.00547532  -0.0044296           0
EndNode1[0]<--->Repeater1[0]
REAL
   0.419554  -0.0102602 -0.00904999   0.0826445
 -0.0102602    0.133663  0.00246193   0.0077202
-0.00904999  0.00246193    0.138614   0.0142496
  0.0826445   0.0077202   0.0142496    0.308168
IMAGINARY
          0  0.00486632  -0.0120617  -0.0364669
-0.00486632           0  0.00525674 -0.00945071
  0.0120617 -0.00525674           0 -0.00682199
  0.0364669  0.00945071  0.00682199           0
EndNode2[0]<--->HoM1[0]
REAL
   0.377027  0.00402329 -0.00813175   0.0836826
 0.00402329        0.15 -0.00143718 0.000298856
-0.00813175 -0.00143718        0.15   0.0142535
  0.0836826 0.000298856   0.0142535    0.322973
IMAGINARY
           0   -0.0162488 -0.000104957    0.0229557
   0.0162488            0  -0.00438806   -0.0093528
 0.000104957   0.00438806            0  -0.00581932
  -0.0229557    0.0093528   0.00581932            0
Repeater1[0]<--->EndNode1[0]
REAL
   0.419554 -0.00904999  -0.0102602   0.0826445
-0.00904999    0.138614  0.00246193   0.0142496
 -0.0102602  0.00246193    0.133663   0.0077202
  0.0826445   0.0142496   0.0077202    0.308168
IMAGINARY
          0  -0.0120617  0.00486632  -0.0364669
  0.0120617           0 -0.00525674 -0.00682199
-0.00486632  0.00525674           0 -0.00945071
  0.0364669  0.00682199  0.00945071           0
Repeater1[0]<--->HoM1[0]
REAL
   0.377027 -0.00813175  0.00402329   0.0836826
-0.00813175        0.15 -0.00143718   0.0142535
 0.00402329 -0.00143718        0.15 0.000298856
  0.0836826   0.0142535 0.000298856    0.322973
IMAGINARY
           0 -0.000104957   -0.0162488    0.0229557
 0.000104957            0   0.00438806  -0.00581932
   0.0162488  -0.00438806            0   -0.0093528
  -0.0229557   0.00581932    0.0093528            0
EndNode1[0]<--->Repeater1[0]
REAL
   0.385753 -0.00971292 -0.00288673   0.0823002
-0.00971292       0.125 -0.00908365  0.00100938
-0.00288673 -0.00908365    0.150538  -0.0309629
  0.0823002  0.00100938  -0.0309629     0.33871
IMAGINARY
          0  -0.0322978 -0.00115806 -0.00207157
  0.0322978           0  -0.0215016  0.00768548
 0.00115806   0.0215016           0  -0.0199215
 0.00207157 -0.00768548   0.0199215           0
EndNode2[0]<--->HoM1[0]
REAL
   0.351492 -0.00593938   -0.026089   0.0682164
-0.00593938    0.153048 -0.00826908  0.00830249
  -0.026089 -0.00826908     0.13489 -0.00394204
  0.0682164  0.00830249 -0.00394204    0.360571
IMAGINARY
          0   0.0157274 -0.00592034  -0.0172178
 -0.0157274           0  0.00652893  -0.0199962
 0.00592034 -0.00652893           0   0.0190387
  0.0172178   0.0199962  -0.0190387           0
Repeater1[0]<--->EndNode1[0]
REAL
   0.385753 -0.00288673 -0.00971292   0.0823002
-0.00288673    0.150538 -0.00908365  -0.0309629
-0.00971292 -0.00908365       0.125  0.00100938
  0.0823002  -0.0309629  0.00100938     0.33871
IMAGINARY
          0 -0.00115806  -0.0322978 -0.00207157
 0.00115806           0   0.0215016  -0.0199215
  0.0322978  -0.0215016           0  0.00768548
 0.00207157   0.0199215 -0.00768548           0
Repeater1[0]<--->HoM1[0]
REAL
   0.351492   -0.026089 -0.00593938   0.0682164
  -0.026089     0.13489 -0.00826908 -0.00394204
-0.00593938 -0.00826908    0.153048  0.00830249
  0.0682164 -0.00394204  0.00830249    0.360571
IMAGINARY
          0 -0.00592034   0.0157274  -0.0172178
 0.00592034           0 -0.00652893   0.0190387
 -0.0157274  0.00652893           0  -0.0199962
  0.0172178  -0.0190387   0.0199962           0
EndNode1[0]<--->Repeater1[0]
REAL
   0.354309  0.00373485 -0.00695569   0.0750095
 0.00373485    0.134063 -0.00339663   0.0114718
-0.00695569 -0.00339663    0.162791 -0.00438001
  0.0750095   0.0114718 -0.00438001    0.348837
IMAGINARY
          0   0.0022456  -0.0133091   0.0254275
 -0.0022456           0  -0.0122349 -0.00211507
  0.0133091   0.0122349           0  0.00289579
 -0.0254275  0.00211507 -0.00289579           0
EndNode2[0]<--->HoM1[0]
REAL
    0.34954  -0.0140455  0.00791184    0.078264
 -0.0140455    0.141919 -0.00292155 -0.00106252
 0.00791184 -0.00292155    0.147175  -0.0102384
   0.078264 -0.00106252  -0.0102384    0.361367
IMAGINARY
           0  -0.00487693  -0.00645311    -0.020574
  0.00487693            0  -0.00546068  -0.00772215
  0.00645311   0.00546068            0 -0.000277714
    0.020574   0.00772215  0.000277714            0
Repeater1[0]<--->EndNode1[0]
REAL
   0.354309 -0.00695569  0.00373485   0.0750095
-0.00695569    0.162791 -0.00339663 -0.00438001
 0.00373485 -0.00339663    0.134063   0.0114718
  0.0750095 -0.00438001   0.0114718    0.348837
IMAGINARY
          0  -0.0133091   0.0022456   0.0254275
  0.0133091           0   0.0122349  0.00289579
 -0.0022456  -0.0122349           0 -0.00211507
 -0.0254275 -0.00289579  0.00211507           0
Repeater1[0]<--->HoM1[0]
REAL
    0.34954  0.00791184  -0.0140455    0.078264
 0.00791184    0.147175 -0.00292155  -0.0102384
 -0.0140455 -0.00292155    0.141919 -0.00106252
   0.078264  -0.0102384 -0.00106252    0.361367
IMAGINARY
           0  -0.00645311  -0.00487693    -0.020574
  0.00645311            0   0.00546068 -0.000277714
  0.00487693  -0.00546068            0  -0.00772215
    0.020574  0.000277714   0.00772215            0
EndNode1[0]<--->Repeater1[0]
REAL
   0.359703   0.0108566    0.013986   0.0740853
  0.0108566    0.155748   0.0091421   0.0209568
   0.013986   0.0091421    0.148331 -0.00386807
  0.0740853   0.0209568 -0.00386807    0.336218
IMAGINARY
          0  0.00105893  -0.0136936 -0.00868654
-0.00105893           0  0.00471829   0.0105411
  0.0136936 -0.00471829           0  -0.0168219
 0.00868654  -0.0105411   0.0168219           0
EndNode2[0]<--->HoM1[0]
REAL
   0.378378 -0.00192802   0.0195003   0.0804568
-0.00192802    0.151351  0.00694683   0.0113481
  0.0195003  0.00694683    0.118919 -0.00192802
  0.0804568   0.0113481 -0.00192802    0.351351
IMAGINARY
          0 -0.00639579 -0.00278821   0.0223994
 0.00639579           0  0.00219078 -0.00979458
 0.00278821 -0.00219078           0  0.00838254
 -0.0223994  0.00979458 -0.00838254           0
Repeater1[0]<--->EndNode1[0]
REAL
   0.359703    0.013986   0.0108566   0.0740853
   0.013986    0.148331   0.0091421 -0.00386807
  0.0108566   0.0091421    0.155748   0.0209568
  0.0740853 -0.00386807   0.0209568    0.336218
IMAGINARY
          0  -0.0136936  0.00105893 -0.00868654
  0.0136936           0 -0.00471829  -0.0168219
-0.00105893  0.00471829           0   0.0105411
 0.00868654   0.0168219  -0.0105411           0
Repeater1[0]<--->HoM1[0]
REAL
   0.378378   0.0195003 -0.00192802   0.0804568
  0.0195003    0.118919  0.00694683 -0.00192802
-0.00192802  0.00694683    0.151351   0.0113481
  0.0804568 -0.00192802   0.0113481    0.351351
IMAGINARY
          0 -0.00278821 -0.00639579   0.0223994
 0.00278821           0 -0.00219078  0.00838254
 0.00639579  0.00219078           0 -0.00979458
 -0.0223994 -0.00838254  0.00979458           0
EndNode1[0]<--->Repeater1[0]
REAL
   0.355769 -0.00748368  -0.0214888   0.0923441
-0.00748368    0.146978  -0.0209155  -0.0126727
 -0.0214888  -0.0209155    0.129121  -0.0105287
  0.0923441  -0.0126727  -0.0105287    0.368132
IMAGINARY
          0  -0.0123555  0.00203548   0.0197254
  0.0123555           0   0.0124083   0.0283513
-0.00203548  -0.0124083           0  0.00130574
 -0.0197254  -0.0283513 -0.00130574           0
EndNode2[0]<--->HoM1[0]
REAL
   0.372005 -0.00093386 -0.00721889   0.0881629
-0.00093386    0.142497 -0.00570215 -0.00848792
-0.00721889 -0.00570215     0.14628  0.00224276
  0.0881629 -0.00848792  0.00224276    0.339218
IMAGINARY
          0  0.00745007 -0.00514546  0.00959461
-0.00745007           0    0.014844  0.00453196
 0.00514546   -0.014844           0  -0.0129715
-0.00959461 -0.00453196   0.0129715           0
Repeater1[0]<--->EndNode1[0]
REAL
   0.355769  -0.0214888 -0.00748368   0.0923441
 -0.0214888    0.129121  -0.0209155  -0.0105287
-0.00748368  -0.0209155    0.146978  -0.0126727
  0.0923441  -0.0105287  -0.0126727    0.368132
IMAGINARY
          0  0.00203548  -0.0123555   0.0197254
-0.00203548           0  -0.0124083  0.00130574
  0.0123555   0.0124083           0   0.0283513
 -0.0197254 -0.00130574  -0.0283513           0
Repeater1[0]<--->HoM1[0]
REAL
   0.372005 -0.00721889 -0.00093386   0.0881629
-0.00721889     0.14628 -0.00570215  0.00224276
-0.00093386 -0.00570215    0.142497 -0.00848792
  0.0881629  0.00224276 -0.00848792    0.339218
IMAGINARY
          0 -0.00514546  0.00745007  0.00959461
 0.00514546           0   -0.014844  -0.0129715
-0.00745007    0.014844           0  0.00453196
-0.00959461   0.0129715 -0.00453196           0
EndNode1[0]<--->Repeater1[0]
REAL
   0.378033  -0.0189669  -0.0165324   0.0628155
 -0.0189669     0.16986   0.0300699  0.00269839
 -0.0165324   0.0300699    0.136654 -0.00408978
  0.0628155  0.00269839 -0.00408978    0.315453
IMAGINARY
          0  -0.0188357   0.0146764   0.0144598
  0.0188357           0   0.0169412  -0.0159358
 -0.0146764  -0.0169412           0 -0.00131546
 -0.0144598   0.0159358  0.00131546           0
EndNode2[0]<--->HoM1[0]
REAL
   0.354351    0.016799 -0.00666799    0.103118
   0.016799    0.152585  0.00978495  0.00170521
-0.00666799  0.00978495    0.138714 -0.00191067
   0.103118  0.00170521 -0.00191067    0.354351
IMAGINARY
          0   0.0477984  -0.0149851   0.0194219
 -0.0477984           0 -0.00296618  -0.0170149
  0.0149851  0.00296618           0 -0.00646512
 -0.0194219   0.0170149  0.00646512           0
Repeater1[0]<--->EndNode1[0]
REAL
   0.378033  -0.0165324  -0.0189669   0.0628155
 -0.0165324    0.136654   0.0300699 -0.00408978
 -0.0189669   0.0300699     0.16986  0.00269839
  0.0628155 -0.00408978  0.00269839    0.315453
IMAGINARY
          0   0.0146764  -0.0188357   0.0144598
 -0.0146764           0  -0.0169412 -0.00131546
  0.0188357   0.0169412           0  -0.0159358
 -0.0144598  0.00131546   0.0159358           0
Repeater1[0]<--->HoM1[0]
REAL
   0.354351 -0.00666799    0.016799    0.103118
-0.00666799    0.138714  0.00978495 -0.00191067
   0.016799  0.00978495    0.152585  0.00170521
   0.103118 -0.00191067  0.00170521    0.354351
IMAGINARY
          0  -0.0149851   0.0477984   0.0194219
  0.0149851           0  0.00296618 -0.00646512
 -0.0477984 -0.00296618           0  -0.0170149
 -0.0194219  0.00646512   0.0170149           0
EndNode1[0]<--->Repeater1[0]
REAL
   0.363766  -0.0145343  0.00463911   0.0704321
 -0.0145343    0.151213  -0.0202415 -0.00908638
 0.00463911  -0.0202415    0.159772 -0.00770202
  0.0704321 -0.00908638 -0.00770202     0.32525
IMAGINARY
          0 -0.00645874   0.0180318 -0.00427526
 0.00645874           0  -0.0105253 -0.00637374
 -0.0180318   0.0105253           0 -0.00519929
 0.00427526  0.00637374  0.00519929           0
EndNode2[0]<--->HoM1[0]
REAL
   0.368139  -0.0191475  -0.0148522   0.0687049
 -0.0191475    0.160643 -0.00497936  -0.0219125
 -0.0148522 -0.00497936    0.135207  -0.0102643
  0.0687049  -0.0219125  -0.0102643    0.336011
IMAGINARY
          0  0.00200413  0.00784307 -0.00722437
-0.00200413           0  -0.0112031  -0.0117904
-0.00784307   0.0112031           0  0.00457482
 0.00722437   0.0117904 -0.00457482           0
Repeater1[0]<--->EndNode1[0]
REAL
   0.363766  0.00463911  -0.0145343   0.0704321
 0.00463911    0.159772  -0.0202415 -0.00770202
 -0.0145343  -0.0202415    0.151213 -0.00908638
  0.0704321 -0.00770202 -0.00908638     0.32525
IMAGINARY
          0   0.0180318 -0.00645874 -0.00427526
 -0.0180318           0   0.0105253 -0.00519929
 0.00645874  -0.0105253           0 -0.00637374
 0.00427526  0.00519929  0.00637374           0
Repeater1[0]<--->HoM1[0]
REAL
   0.368139  -0.0148522  -0.0191475   0.0687049
 -0.0148522    0.135207 -0.00497936  -0.0102643
 -0.0191475 -0.00497936    0.160643  -0.0219125
  0.0687049  -0.0102643  -0.0219125    0.336011
IMAGINARY
          0  0.00784307  0.00200413 -0.00722437
-0.00784307           0   0.0112031  0.00457482
-0.00200413  -0.0112031           0  -0.0117904
 0.00722437 -0.00457482   0.0117904           0
EndNode1[0]<--->Repeater1[0]
REAL
   0.358108  0.00397795   0.0146592   0.0571117
 0.00397795    0.140541   0.0160426  0.00748843
  0.0146592   0.0160426    0.154054 -0.00330681
  0.0571117  0.00748843 -0.00330681    0.347297
IMAGINARY
          0  0.00680657  0.00651485   0.0149623
-0.00680657           0  -0.0118017 -0.00716674
-0.00651485   0.0118017           0   0.0173134
 -0.0149623  0.00716674  -0.0173134           0
EndNode2[0]<--->HoM1[0]
REAL
   0.382051 -0.00227414 -0.00167066   0.0955386
-0.00227414    0.146154 -0.00227432  0.00555667
-0.00167066 -0.00227432    0.133333   0.0165228
  0.0955386  0.00555667   0.0165228    0.338462
IMAGINARY
          0 -0.00561677  0.00423531  -0.0048704
 0.00561677           0   0.0196329  -0.0182086
-0.00423531  -0.0196329           0  -0.0083565
  0.0048704   0.0182086   0.0083565           0
Repeater1[0]<--->EndNode1[0]
REAL
   0.358108   0.0146592  0.00397795   0.0571117
  0.0146592    0.154054   0.0160426 -0.00330681
 0.00397795   0.0160426    0.140541  0.00748843
  0.0571117 -0.00330681  0.00748843    0.347297
IMAGINARY
          0  0.00651485  0.00680657   0.0149623
-0.00651485           0   0.0118017   0.0173134
-0.00680657  -0.0118017           0 -0.00716674
 -0.0149623  -0.0173134  0.00716674           0
Repeater1[0]<--->HoM1[0]
REAL
   0.382051 -0.00167066 -0.00227414   0.0955386
-0.00167066    0.133333 -0.00227432   0.0165228
-0.00227414 -0.00227432    0.146154  0.00555667
  0.0955386   0.0165228  0.00555667    0.338462
IMAGINARY
          0  0.00423531 -0.00561677  -0.0048704
-0.00423531           0  -0.0196329  -0.0083565
 0.00561677   0.0196329           0  -0.0182086
  0.0048704   0.0083565   0.0182086           0
EndNode1[0]<--->Repeater1[0]
REAL
   0.366022   0.0086845  0.00725095   0.0812142
  0.0086845     0.14779   -0.019038 -0.00725095
 0.00725095   -0.019038    0.146409 -0.00609383
  0.0812142 -0.00725095 -0.00609383    0.339779
IMAGINARY
          0   0.0085819 -0.00854799 -0.00734028
 -0.0085819           0   0.0124554  0.00287333
 0.00854799  -0.0124554           0 -0.00669035
 0.00734028 -0.00287333  0.00669035           0
EndNode2[0]<--->HoM1[0]
REAL
  0.357233   0.005143  0.0161085  0.0892156
  0.005143   0.137107 -0.0151658  0.0251759
 0.0161085 -0.0151658   0.168553  0.0217246
 0.0892156  0.0251759  0.0217246   0.337107
IMAGINARY
          0  0.00194127  0.00357933   0.0282852
-0.00194127           0  0.00659849 -0.00744531
-0.00357933 -0.00659849           0  0.00836801
 -0.0282852  0.00744531 -0.00836801           0
Repeater1[0]<--->EndNode1[0]
REAL
   0.366022  0.00725095   0.0086845   0.0812142
 0.00725095    0.146409   -0.019038 -0.00609383
  0.0086845   -0.019038     0.14779 -0.00725095
  0.0812142 -0.00609383 -0.00725095    0.339779
IMAGINARY
          0 -0.00854799   0.0085819 -0.00734028
 0.00854799           0  -0.0124554 -0.00669035
 -0.0085819   0.0124554           0  0.00287333
 0.00734028  0.00669035 -0.00287333           0
Repeater1[0]<--->HoM1[0]
REAL
  0.357233  0.0161085   0.005143  0.0892156
 0.0161085   0.168553 -0.0151658  0.0217246
  0.005143 -0.0151658   0.137107  0.0251759
 0.0892156  0.0217246  0.0251759   0.337107
IMAGINARY
          0  0.00357933  0.00194127   0.0282852
-0.00357933           0 -0.00659849  0.00836801
-0.00194127  0.00659849           0 -0.00744531
 -0.0282852 -0.00836801  0.00744531           0
EndNode1[0]<--->Repeater1[0]
REAL
    0.408629 -0.000524861  -0.00105678    0.0801149
-0.000524861     0.134518   0.00461987   0.00299727
 -0.00105678   0.00461987     0.124365   -0.0272889
   0.0801149   0.00299727   -0.0272889     0.332487
IMAGINARY
          0  0.00743498   -0.012225    0.013172
-0.00743498           0  0.00233188 -0.00757695
   0.012225 -0.00233188           0  0.00370364
  -0.013172  0.00757695 -0.00370364           0
EndNode2[0]<--->HoM1[0]
REAL
  0.358209 -0.0211563  0.0151702  0.0682589
-0.0211563   0.139303 -0.0231661  0.0100288
 0.0151702 -0.0231661   0.124378 0.00258864
 0.0682589  0.0100288 0.00258864   0.378109
IMAGINARY
          0   0.0107902  0.00402542  -0.0097749
 -0.0107902           0  0.00594837   0.0117375
-0.00402542 -0.00594837           0  0.00371169
  0.0097749  -0.0117375 -0.00371169           0
Repeater1[0]<--->EndNode1[0]
REAL
    0.408629  -0.00105678 -0.000524861    0.0801149
 -0.00105678     0.124365   0.00461987   -0.0272889
-0.000524861   0.00461987     0.134518   0.00299727
   0.0801149   -0.0272889   0.00299727     0.332487
IMAGINARY
          0   -0.012225  0.00743498    0.013172
   0.012225           0 -0.00233188  0.00370364
-0.00743498  0.00233188           0 -0.00757695
  -0.013172 -0.00370364  0.00757695           0
Repeater1[0]<--->HoM1[0]
REAL
  0.358209  0.0151702 -0.0211563  0.0682589
 0.0151702   0.124378 -0.0231661 0.00258864
-0.0211563 -0.0231661   0.139303  0.0100288
 0.0682589 0.00258864  0.0100288   0.378109
IMAGINARY
          0  0.00402542   0.0107902  -0.0097749
-0.00402542           0 -0.00594837  0.00371169
 -0.0107902  0.00594837           0   0.0117375
  0.0097749 -0.00371169  -0.0117375           0
EndNode1[0]<--->Repeater1[0]
REAL
    0.37351  0.00214439 -0.00604047   0.0750082
 0.00214439    0.119205   -0.014181   0.0182059
-0.00604047   -0.014181    0.137748   0.0161038
  0.0750082   0.0182059   0.0161038    0.369536
IMAGINARY
          0   -0.013505  0.00407183 -0.00655675
   0.013505           0 -0.00716874  0.00538762
-0.00407183  0.00716874           0   0.0067482
 0.00655675 -0.00538762  -0.0067482           0
EndNode2[0]<--->HoM1[0]
REAL
   0.350384   -0.022256 -0.00418352    0.062541
  -0.022256    0.148338  -0.0180248 -0.00936487
-0.00418352  -0.0180248    0.154731   0.0280625
   0.062541 -0.00936487   0.0280625    0.346547
IMAGINARY
          0  0.00928992  -0.0061978  -0.0266248
-0.00928992           0 -0.00646347 -0.00425731
  0.0061978  0.00646347           0   0.0146953
  0.0266248  0.00425731  -0.0146953           0
Repeater1[0]<--->EndNode1[0]
REAL
    0.37351 -0.00604047  0.00214439   0.0750082
-0.00604047    0.137748   -0.014181   0.0161038
 0.00214439   -0.014181    0.119205   0.0182059
  0.0750082   0.0161038   0.0182059    0.369536
IMAGINARY
          0  0.00407183   -0.013505 -0.00655675
-0.00407183           0  0.00716874   0.0067482
   0.013505 -0.00716874           0  0.00538762
 0.00655675  -0.0067482 -0.00538762           0
Repeater1[0]<--->HoM1[0]
REAL
   0.350384 -0.00418352   -0.022256    0.062541
-0.00418352    0.154731  -0.0180248   0.0280625
  -0.022256  -0.0180248    0.148338 -0.00936487
   0.062541   0.0280625 -0.00936487    0.346547
IMAGINARY
          0  -0.0061978  0.00928992  -0.0266248
  0.0061978           0  0.00646347   0.0146953
-0.00928992 -0.00646347           0 -0.00425731
  0.0266248  -0.0146953  0.00425731           0
EndNode1[0]<--->Repeater1[0]
REAL
   0.349045 -0.00237109   -0.020325   0.0816856
-0.00237109    0.147771   0.0246136  0.00195226
  -0.020325   0.0246136    0.149045   0.0102451
  0.0816856  0.00195226   0.0102451     0.35414
IMAGINARY
           0   -0.0100772    0.0154507  -0.00350603
   0.0100772            0  0.000874448    0.0180481
  -0.0154507 -0.000874448            0   0.00511438
  0.00350603   -0.0180481  -0.00511438            0
EndNode2[0]<--->HoM1[0]
REAL
   0.375165 0.000890526  -0.0153958   0.0514426
0.000890526    0.140026  -0.0192644   0.0191086
 -0.0153958  -0.0192644    0.134742  -0.0145044
  0.0514426   0.0191086  -0.0145044    0.350066
IMAGINARY
          0 -0.00149927 -0.00803064  -0.0132478
 0.00149927           0 -0.00517326 -0.00207037
 0.00803064  0.00517326           0   -0.011127
  0.0132478  0.00207037    0.011127           0
Repeater1[0]<--->EndNode1[0]
REAL
   0.349045   -0.020325 -0.00237109   0.0816856
  -0.020325    0.149045   0.0246136   0.0102451
-0.00237109   0.0246136    0.147771  0.00195226
  0.0816856   0.0102451  0.00195226     0.35414
IMAGINARY
           0    0.0154507   -0.0100772  -0.00350603
  -0.0154507            0 -0.000874448   0.00511438
   0.0100772  0.000874448            0    0.0180481
  0.00350603  -0.00511438   -0.0180481            0
Repeater1[0]<--->HoM1[0]
REAL
   0.375165  -0.0153958 0.000890526   0.0514426
 -0.0153958    0.134742  -0.0192644  -0.0145044
0.000890526  -0.0192644    0.140026   0.0191086
  0.0514426  -0.0145044   0.0191086    0.350066
IMAGINARY
          0 -0.00803064 -0.00149927  -0.0132478
 0.00803064           0  0.00517326   -0.011127
 0.00149927 -0.00517326           0 -0.00207037
  0.0132478    0.011127  0.00207037           0
EndNode1[0]<--->Repeater1[0]
REAL
  0.371393 -0.0166593 0.00508248  0.0739026
-0.0166593   0.130489 0.00376105  0.0186659
0.00508248 0.00376105   0.143036 0.00574787
 0.0739026  0.0186659 0.00574787   0.355082
IMAGINARY
          0 -0.00937067   0.0119029 -0.00449618
 0.00937067           0 -0.00195165 -0.00868537
 -0.0119029  0.00195165           0   0.0113012
 0.00449618  0.00868537  -0.0113012           0
EndNode2[0]<--->HoM1[0]
REAL
