EndNode1[0]<--->Repeater1[0]
REAL
   0.366324   0.0137327 -0.00344709    0.033375
  0.0137327    0.275064   0.0268815  -0.0106555
-0.00344709   0.0268815    0.173522   0.0247288
   0.033375  -0.0106555   0.0247288     0.18509
IMAGINARY
          0 -0.00456508  -0.0077513  -0.0105957
 0.00456508           0 -0.00995222  -0.0156253
  0.0077513  0.00995222           0 -0.00582453
  0.0105957   0.0156253  0.00582453           0
EndNode2[0]<--->HoM1[0]
REAL
  0.330346 0.00656271 0.00783595  0.0517832
0.00656271   0.226633   0.024488 0.00715753
0.00783595   0.024488   0.245839  0.0253799
 0.0517832 0.00715753  0.0253799   0.197183
IMAGINARY
          0  -0.0182162  -0.0266396  -0.0132258
  0.0182162           0   0.0132258  0.00182573
  0.0266396  -0.0132258           0  0.00456858
  0.0132258 -0.00182573 -0.00456858           0
Repeater1[0]<--->EndNode1[0]
REAL
   0.366324 -0.00344709   0.0137327    0.033375
-0.00344709    0.173522   0.0268815   0.0247288
  0.0137327   0.0268815    0.275064  -0.0106555
   0.033375   0.0247288  -0.0106555     0.18509
IMAGINARY
          0  -0.0077513 -0.00456508  -0.0105957
  0.0077513           0  0.00995222 -0.00582453
 0.00456508 -0.00995222           0  -0.0156253
  0.0105957  0.00582453   0.0156253           0
Repeater1[0]<--->HoM1[0]
REAL
  0.330346 0.00783595 0.00656271  0.0517832
0.00783595   0.245839   0.024488  0.0253799
0.00656271   0.024488   0.226633 0.00715753
 0.0517832  0.0253799 0.00715753   0.197183
IMAGINARY
          0  -0.0266396  -0.0182162  -0.0132258
  0.0266396           0  -0.0132258  0.00456858
  0.0182162   0.0132258           0  0.00182573
  0.0132258 -0.00456858 -0.00182573           0
