EndNode1[0]<--->Repeater1[0]
REAL
  0.429333  0.0193535 0.00646514   0.358466
 0.0193535      0.068  0.0393172 0.00708166
0.00646514  0.0393172  0.0706667 0.00281402
  0.358466 0.00708166 0.00281402      0.432
IMAGINARY
           0  6.99888e-06    0.0035993 -0.000229963
-6.99888e-06            0  -0.00774876   0.00039006
  -0.0035993   0.00774876            0   0.00132279
 0.000229963  -0.00039006  -0.00132279            0
EndNode2[0]<--->HoM1[0]
REAL
  0.438287 -0.0110513 -0.0175617   0.377637
-0.0110513  0.0692695  0.0186792  0.0182439
-0.0175617  0.0186792  0.0730479  0.0117335
  0.377637  0.0182439  0.0117335   0.419395
IMAGINARY
           0    -0.012559  -0.00159566 -0.000545571
    0.012559            0   -0.0178755 -0.000310313
  0.00159566    0.0178755            0     0.010653
 0.000545571  0.000310313    -0.010653            0
Repeater1[0]<--->EndNode1[0]
REAL
  0.429333 0.00646514  0.0193535   0.358466
0.00646514  0.0706667  0.0393172 0.00281402
 0.0193535  0.0393172      0.068 0.00708166
  0.358466 0.00281402 0.00708166      0.432
IMAGINARY
           0    0.0035993  6.99888e-06 -0.000229963
  -0.0035993            0   0.00774876   0.00132279
-6.99888e-06  -0.00774876            0   0.00039006
 0.000229963  -0.00132279  -0.00039006            0
Repeater1[0]<--->HoM1[0]
REAL
  0.438287 -0.0175617 -0.0110513   0.377637
-0.0175617  0.0730479  0.0186792  0.0117335
-0.0110513  0.0186792  0.0692695  0.0182439
  0.377637  0.0117335  0.0182439   0.419395
IMAGINARY
           0  -0.00159566    -0.012559 -0.000545571
  0.00159566            0    0.0178755     0.010653
    0.012559   -0.0178755            0 -0.000310313
 0.000545571    -0.010653  0.000310313            0
EndNode1[0]<--->Repeater1[0]
REAL
   0.453704 -0.00961626 -0.00178399    0.378598
-0.00961626   0.0767196   0.0360057  0.00797211
-0.00178399   0.0360057   0.0767196   0.0145668
   0.378598  0.00797211   0.0145668    0.392857
IMAGINARY
           0   -0.0118834 -0.000189786   0.00596939
   0.0118834            0   -0.0142921   0.00415804
 0.000189786    0.0142921            0   -0.0145716
 -0.00596939  -0.00415804    0.0145716            0
EndNode2[0]<--->HoM1[0]
REAL
  0.436268 -0.0121366  0.0154774   0.382706
-0.0121366  0.0749014  0.0200903 -0.0134801
 0.0154774  0.0200903  0.0840999 -0.0058394
  0.382706 -0.0134801 -0.0058394   0.404731
IMAGINARY
          0   0.0162421  0.00571975   0.0168428
 -0.0162421           0   0.0168428 -0.00902226
-0.00571975  -0.0168428           0 -0.00237153
 -0.0168428  0.00902226  0.00237153           0
Repeater1[0]<--->EndNode1[0]
REAL
   0.453704 -0.00178399 -0.00961626    0.378598
-0.00178399   0.0767196   0.0360057   0.0145668
-0.00961626   0.0360057   0.0767196  0.00797211
   0.378598   0.0145668  0.00797211    0.392857
IMAGINARY
           0 -0.000189786   -0.0118834   0.00596939
 0.000189786            0    0.0142921   -0.0145716
   0.0118834   -0.0142921            0   0.00415804
 -0.00596939    0.0145716  -0.00415804            0
Repeater1[0]<--->HoM1[0]
REAL
  0.436268  0.0154774 -0.0121366   0.382706
 0.0154774  0.0840999  0.0200903 -0.0058394
-0.0121366  0.0200903  0.0749014 -0.0134801
  0.382706 -0.0058394 -0.0134801   0.404731
IMAGINARY
          0  0.00571975   0.0162421   0.0168428
-0.00571975           0  -0.0168428 -0.00237153
 -0.0162421   0.0168428           0 -0.00902226
 -0.0168428  0.00237153  0.00902226           0
EndNode1[0]<--->Repeater1[0]
REAL
   0.426252  -0.0109819 -0.00735527    0.368052
 -0.0109819   0.0811908   0.0284997   0.0221336
-0.00735527   0.0284997   0.0717185   0.0109819
   0.368052   0.0221336   0.0109819    0.420839
IMAGINARY
          0  -0.0127935  0.00581578      0.0075
  0.0127935           0      0.0075  0.00910959
-0.00581578     -0.0075           0  0.00159948
    -0.0075 -0.00910959 -0.00159948           0
EndNode2[0]<--->HoM1[0]
REAL
    0.42153 -0.00602455 -0.00815437    0.368468
-0.00602455   0.0596628   0.0334427  0.00624354
-0.00815437   0.0334427   0.0674449 -0.00225571
   0.368468  0.00624354 -0.00225571    0.451362
IMAGINARY
          0 -0.00386464   0.0253591  0.00822107
 0.00386464           0 -0.00315778  0.00509771
 -0.0253591  0.00315778           0   -0.018978
-0.00822107 -0.00509771    0.018978           0
Repeater1[0]<--->EndNode1[0]
REAL
   0.426252 -0.00735527  -0.0109819    0.368052
-0.00735527   0.0717185   0.0284997   0.0109819
 -0.0109819   0.0284997   0.0811908   0.0221336
   0.368052   0.0109819   0.0221336    0.420839
IMAGINARY
          0  0.00581578  -0.0127935      0.0075
-0.00581578           0     -0.0075  0.00159948
  0.0127935      0.0075           0  0.00910959
    -0.0075 -0.00159948 -0.00910959           0
Repeater1[0]<--->HoM1[0]
REAL
    0.42153 -0.00815437 -0.00602455    0.368468
-0.00815437   0.0674449   0.0334427 -0.00225571
-0.00602455   0.0334427   0.0596628  0.00624354
   0.368468 -0.00225571  0.00624354    0.451362
IMAGINARY
          0   0.0253591 -0.00386464  0.00822107
 -0.0253591           0  0.00315778   -0.018978
 0.00386464 -0.00315778           0  0.00509771
-0.00822107    0.018978 -0.00509771           0
EndNode1[0]<--->Repeater1[0]
REAL
    0.441333     0.008612    0.0299143     0.363415
    0.008612    0.0613333    0.0362089 -0.000428719
   0.0299143    0.0362089        0.088    0.0208736
    0.363415 -0.000428719    0.0208736     0.409333
IMAGINARY
          0  0.00233614  -0.0125051   0.0100526
-0.00233614           0  0.00883905 -0.00465173
  0.0125051 -0.00883905           0 -0.00356163
 -0.0100526  0.00465173  0.00356163           0
EndNode2[0]<--->HoM1[0]
REAL
    0.429719    0.0061529 -0.000520327     0.384934
   0.0061529    0.0736278      0.02214   0.00260077
-0.000520327      0.02214    0.0696118  -0.00268549
    0.384934   0.00260077  -0.00268549     0.427041
IMAGINARY
          0 -0.00303745  -0.0112059  -0.0197255
 0.00303745           0 -0.00291356 -0.00300918
  0.0112059  0.00291356           0   0.0160164
  0.0197255  0.00300918  -0.0160164           0
Repeater1[0]<--->EndNode1[0]
REAL
    0.441333    0.0299143     0.008612     0.363415
   0.0299143        0.088    0.0362089    0.0208736
    0.008612    0.0362089    0.0613333 -0.000428719
    0.363415    0.0208736 -0.000428719     0.409333
IMAGINARY
          0  -0.0125051  0.00233614   0.0100526
  0.0125051           0 -0.00883905 -0.00356163
-0.00233614  0.00883905           0 -0.00465173
 -0.0100526  0.00356163  0.00465173           0
Repeater1[0]<--->HoM1[0]
REAL
    0.429719 -0.000520327    0.0061529     0.384934
-0.000520327    0.0696118      0.02214  -0.00268549
   0.0061529      0.02214    0.0736278   0.00260077
    0.384934  -0.00268549   0.00260077     0.427041
IMAGINARY
          0  -0.0112059 -0.00303745  -0.0197255
  0.0112059           0  0.00291356   0.0160164
 0.00303745 -0.00291356           0 -0.00300918
  0.0197255  -0.0160164  0.00300918           0
EndNode1[0]<--->Repeater1[0]
REAL
   0.416116 -0.00471738  -0.0109756    0.385601
-0.00471738   0.0647292   0.0119598  -0.0109756
 -0.0109756   0.0119598   0.0977543  -0.0172338
   0.385601  -0.0109756  -0.0172338      0.4214
IMAGINARY
          0 -0.00905739  0.00981355  -0.0155234
 0.00905739           0  -0.0194195   0.0160017
-0.00981355   0.0194195           0 -0.00452957
  0.0155234  -0.0160017  0.00452957           0
EndNode2[0]<--->HoM1[0]
REAL
   0.414248  -0.0295934 -0.00464808    0.383892
 -0.0295934   0.0633245    0.025811  -0.0196107
-0.00464808    0.025811   0.0804749   0.0120732
   0.383892  -0.0196107   0.0120732    0.441953
IMAGINARY
          0   0.0129561   0.0176583   0.0169586
 -0.0129561           0  -0.0125338 -0.00386068
 -0.0176583   0.0125338           0  0.00215559
 -0.0169586  0.00386068 -0.00215559           0
Repeater1[0]<--->EndNode1[0]
REAL
   0.416116  -0.0109756 -0.00471738    0.385601
 -0.0109756   0.0977543   0.0119598  -0.0172338
-0.00471738   0.0119598   0.0647292  -0.0109756
   0.385601  -0.0172338  -0.0109756      0.4214
IMAGINARY
          0  0.00981355 -0.00905739  -0.0155234
-0.00981355           0   0.0194195 -0.00452957
 0.00905739  -0.0194195           0   0.0160017
  0.0155234  0.00452957  -0.0160017           0
Repeater1[0]<--->HoM1[0]
REAL
   0.414248 -0.00464808  -0.0295934    0.383892
-0.00464808   0.0804749    0.025811   0.0120732
 -0.0295934    0.025811   0.0633245  -0.0196107
   0.383892   0.0120732  -0.0196107    0.441953
IMAGINARY
          0   0.0176583   0.0129561   0.0169586
 -0.0176583           0   0.0125338  0.00215559
 -0.0129561  -0.0125338           0 -0.00386068
 -0.0169586 -0.00215559  0.00386068           0
EndNode1[0]<--->Repeater1[0]
REAL
  0.422517  0.0042153 0.00285887   0.390656
 0.0042153  0.0662252  0.0237407  0.0159479
0.00285887  0.0237407  0.0807947  0.0042153
  0.390656  0.0159479  0.0042153   0.430464
IMAGINARY
          0  0.00435323  -0.0305239 -0.00665403
-0.00435323           0   0.0162818  0.00813587
  0.0305239  -0.0162818           0  0.00435323
 0.00665403 -0.00813587 -0.00435323           0
EndNode2[0]<--->HoM1[0]
REAL
    0.41519 -0.00123603  0.00345989    0.380784
-0.00123603   0.0670886   0.0386119  0.00535623
 0.00345989   0.0386119   0.0734177   0.0100522
   0.380784  0.00535623   0.0100522    0.444304
IMAGINARY
          0  -0.0103125 -0.00352125   0.0122908
  0.0103125           0   0.0364738  -0.0280444
 0.00352125  -0.0364738           0   0.0229387
 -0.0122908   0.0280444  -0.0229387           0
Repeater1[0]<--->EndNode1[0]
REAL
  0.422517 0.00285887  0.0042153   0.390656
0.00285887  0.0807947  0.0237407  0.0042153
 0.0042153  0.0237407  0.0662252  0.0159479
  0.390656  0.0042153  0.0159479   0.430464
IMAGINARY
          0  -0.0305239  0.00435323 -0.00665403
  0.0305239           0  -0.0162818  0.00435323
-0.00435323   0.0162818           0  0.00813587
 0.00665403 -0.00435323 -0.00813587           0
Repeater1[0]<--->HoM1[0]
REAL
    0.41519  0.00345989 -0.00123603    0.380784
 0.00345989   0.0734177   0.0386119   0.0100522
-0.00123603   0.0386119   0.0670886  0.00535623
   0.380784   0.0100522  0.00535623    0.444304
IMAGINARY
          0 -0.00352125  -0.0103125   0.0122908
 0.00352125           0  -0.0364738   0.0229387
  0.0103125   0.0364738           0  -0.0280444
 -0.0122908  -0.0229387   0.0280444           0
EndNode1[0]<--->Repeater1[0]
REAL
   0.433687  -0.0251485  0.00182379    0.372217
 -0.0251485   0.0809019   0.0182291 -0.00500851
 0.00182379   0.0182291   0.0755968   0.0117727
   0.372217 -0.00500851   0.0117727    0.409814
IMAGINARY
           0 -0.000283742   0.00113045   0.00512783
 0.000283742            0   0.00911719   -0.0115599
 -0.00113045  -0.00911719            0  -0.00278374
 -0.00512783    0.0115599   0.00278374            0
EndNode2[0]<--->HoM1[0]
REAL
  0.419974 0.00883846 0.00623837    0.37173
0.00883846  0.0704225   0.018752  0.0191854
0.00623837   0.018752  0.0614597 0.00354746
   0.37173  0.0191854 0.00354746   0.448143
IMAGINARY
           0     0.017766  0.000989496    -0.006504
   -0.017766            0   0.00190479    0.0034465
-0.000989496  -0.00190479            0   -0.0196671
    0.006504   -0.0034465    0.0196671            0
Repeater1[0]<--->EndNode1[0]
REAL
   0.433687  0.00182379  -0.0251485    0.372217
 0.00182379   0.0755968   0.0182291   0.0117727
 -0.0251485   0.0182291   0.0809019 -0.00500851
   0.372217   0.0117727 -0.00500851    0.409814
IMAGINARY
           0   0.00113045 -0.000283742   0.00512783
 -0.00113045            0  -0.00911719  -0.00278374
 0.000283742   0.00911719            0   -0.0115599
 -0.00512783   0.00278374    0.0115599            0
Repeater1[0]<--->HoM1[0]
REAL
  0.419974 0.00623837 0.00883846    0.37173
0.00623837  0.0614597   0.018752 0.00354746
0.00883846   0.018752  0.0704225  0.0191854
   0.37173 0.00354746  0.0191854   0.448143
IMAGINARY
           0  0.000989496     0.017766    -0.006504
-0.000989496            0  -0.00190479   -0.0196671
   -0.017766   0.00190479            0    0.0034465
    0.006504    0.0196671   -0.0034465            0
EndNode1[0]<--->Repeater1[0]
REAL
   0.438813  -0.0130882  -0.0203537    0.376966
 -0.0130882   0.0877627   0.0217845  0.00160367
 -0.0203537   0.0217845   0.0494438 -0.00941176
   0.376966  0.00160367 -0.00941176     0.42398
IMAGINARY
          0   0.0171772 -0.00919939  0.00407674
 -0.0171772           0 -0.00279139  -0.0064061
 0.00919939  0.00279139           0  0.00591893
-0.00407674   0.0064061 -0.00591893           0
EndNode2[0]<--->HoM1[0]
REAL
   0.390909 -0.00880231   0.0153887    0.392619
-0.00880231   0.0727273   0.0242643 -0.00889521
  0.0153887   0.0242643   0.0818182   0.0023088
   0.392619 -0.00889521   0.0023088    0.454545
IMAGINARY
           0    0.0130147 -0.000469139  -0.00583095
  -0.0130147            0  -0.00204307  -0.00585997
 0.000469139   0.00204307            0   -0.0142806
  0.00583095   0.00585997    0.0142806            0
Repeater1[0]<--->EndNode1[0]
REAL
   0.438813  -0.0203537  -0.0130882    0.376966
 -0.0203537   0.0494438   0.0217845 -0.00941176
 -0.0130882   0.0217845   0.0877627  0.00160367
   0.376966 -0.00941176  0.00160367     0.42398
IMAGINARY
          0 -0.00919939   0.0171772  0.00407674
 0.00919939           0  0.00279139  0.00591893
 -0.0171772 -0.00279139           0  -0.0064061
-0.00407674 -0.00591893   0.0064061           0
Repeater1[0]<--->HoM1[0]
REAL
   0.390909   0.0153887 -0.00880231    0.392619
  0.0153887   0.0818182   0.0242643   0.0023088
-0.00880231   0.0242643   0.0727273 -0.00889521
   0.392619   0.0023088 -0.00889521    0.454545
IMAGINARY
           0 -0.000469139    0.0130147  -0.00583095
 0.000469139            0   0.00204307   -0.0142806
  -0.0130147  -0.00204307            0  -0.00585997
  0.00583095    0.0142806   0.00585997            0
EndNode1[0]<--->Repeater1[0]
REAL
    0.440874   -0.0108001   0.00350005     0.376858
  -0.0108001    0.0642674    0.0269884 -0.000935946
  0.00350005    0.0269884    0.0526992   0.00438981
    0.376858 -0.000935946   0.00438981     0.442159
IMAGINARY
          0 -0.00567926    0.017132  -0.0101612
 0.00567926           0  -0.0108131 -0.00799362
  -0.017132   0.0108131           0  -0.0125975
  0.0101612  0.00799362   0.0125975           0
EndNode2[0]<--->HoM1[0]
REAL
   0.403061   0.0208744   0.0151887    0.376419
  0.0208744   0.0714286   0.0499939  -0.0158458
  0.0151887   0.0499939    0.059949 -0.00839084
   0.376419  -0.0158458 -0.00839084    0.465561
IMAGINARY
          0           0 -0.00714481 -0.00886684
          0           0 -0.00253772 -0.00451323
 0.00714481  0.00253772           0 -0.00388601
 0.00886684  0.00451323  0.00388601           0
Repeater1[0]<--->EndNode1[0]
REAL
    0.440874   0.00350005   -0.0108001     0.376858
  0.00350005    0.0526992    0.0269884   0.00438981
  -0.0108001    0.0269884    0.0642674 -0.000935946
    0.376858   0.00438981 -0.000935946     0.442159
IMAGINARY
          0    0.017132 -0.00567926  -0.0101612
  -0.017132           0   0.0108131  -0.0125975
 0.00567926  -0.0108131           0 -0.00799362
  0.0101612   0.0125975  0.00799362           0
Repeater1[0]<--->HoM1[0]
REAL
   0.403061   0.0151887   0.0208744    0.376419
  0.0151887    0.059949   0.0499939 -0.00839084
  0.0208744   0.0499939   0.0714286  -0.0158458
   0.376419 -0.00839084  -0.0158458    0.465561
IMAGINARY
          0 -0.00714481           0 -0.00886684
 0.00714481           0  0.00253772 -0.00388601
          0 -0.00253772           0 -0.00451323
 0.00886684  0.00388601  0.00451323           0
EndNode1[0]<--->Repeater1[0]
REAL
   0.412145 -0.00128217   0.0182768    0.363489
-0.00128217   0.0633075   0.0389504 -0.00120367
  0.0182768   0.0389504   0.0684755  0.00859925
   0.363489 -0.00120367  0.00859925    0.456072
IMAGINARY
          0   0.0218532  -0.0232467 -0.00850107
 -0.0218532           0   0.0155433  -0.0136926
  0.0232467  -0.0155433           0   0.0137669
 0.00850107   0.0136926  -0.0137669           0
EndNode2[0]<--->HoM1[0]
REAL
   0.422572 -0.00894249  -0.0154006    0.373502
-0.00894249   0.0695538   0.0438013  0.00395021
 -0.0154006   0.0438013   0.0695538 -0.00632469
   0.373502  0.00395021 -0.00632469     0.43832
IMAGINARY
          0  0.00549304   0.0159768  -0.0123199
-0.00549304           0    0.016216  -0.0187016
 -0.0159768   -0.016216           0  0.00676855
  0.0123199   0.0187016 -0.00676855           0
Repeater1[0]<--->EndNode1[0]
REAL
   0.412145   0.0182768 -0.00128217    0.363489
  0.0182768   0.0684755   0.0389504  0.00859925
-0.00128217   0.0389504   0.0633075 -0.00120367
   0.363489  0.00859925 -0.00120367    0.456072
IMAGINARY
          0  -0.0232467   0.0218532 -0.00850107
  0.0232467           0  -0.0155433   0.0137669
 -0.0218532   0.0155433           0  -0.0136926
 0.00850107  -0.0137669   0.0136926           0
Repeater1[0]<--->HoM1[0]
REAL
   0.422572  -0.0154006 -0.00894249    0.373502
 -0.0154006   0.0695538   0.0438013 -0.00632469
-0.00894249   0.0438013   0.0695538  0.00395021
   0.373502 -0.00632469  0.00395021     0.43832
IMAGINARY
          0   0.0159768  0.00549304  -0.0123199
 -0.0159768           0   -0.016216  0.00676855
-0.00549304    0.016216           0  -0.0187016
  0.0123199 -0.00676855   0.0187016           0
EndNode1[0]<--->Repeater1[0]
REAL
   0.465839  -0.0057614   0.0135696    0.378432
 -0.0057614   0.0708075   0.0321823  -0.0065864
  0.0135696   0.0321823    0.068323 -0.00122184
   0.378432  -0.0065864 -0.00122184    0.395031
IMAGINARY
           0   -0.0120319  0.000282156  -0.00642321
   0.0120319            0    0.0125792   0.00721784
-0.000282156   -0.0125792            0    0.0157819
  0.00642321  -0.00721784   -0.0157819            0
EndNode2[0]<--->HoM1[0]
REAL
  0.455826  0.0204491  0.0101601   0.375995
 0.0204491  0.0742638  0.0469796  0.0157363
 0.0101601  0.0469796  0.0601793 0.00810339
  0.375995  0.0157363 0.00810339   0.409731
IMAGINARY
          0  0.00301853  0.00433929 -0.00030964
-0.00301853           0   0.0302009  -0.0159973
-0.00433929  -0.0302009           0  0.00604883
 0.00030964   0.0159973 -0.00604883           0
Repeater1[0]<--->EndNode1[0]
REAL
   0.465839   0.0135696  -0.0057614    0.378432
  0.0135696    0.068323   0.0321823 -0.00122184
 -0.0057614   0.0321823   0.0708075  -0.0065864
   0.378432 -0.00122184  -0.0065864    0.395031
IMAGINARY
           0  0.000282156   -0.0120319  -0.00642321
-0.000282156            0   -0.0125792    0.0157819
   0.0120319    0.0125792            0   0.00721784
  0.00642321   -0.0157819  -0.00721784            0
Repeater1[0]<--->HoM1[0]
REAL
  0.455826  0.0101601  0.0204491   0.375995
 0.0101601  0.0601793  0.0469796 0.00810339
 0.0204491  0.0469796  0.0742638  0.0157363
  0.375995 0.00810339  0.0157363   0.409731
IMAGINARY
          0  0.00433929  0.00301853 -0.00030964
-0.00433929           0  -0.0302009  0.00604883
-0.00301853   0.0302009           0  -0.0159973
 0.00030964 -0.00604883   0.0159973           0
EndNode1[0]<--->Repeater1[0]
REAL
   0.42044  0.0187406 0.00435126   0.370095
 0.0187406  0.0672704  0.0367615  0.0208751
0.00435126  0.0367615  0.0711514  0.0142477
  0.370095  0.0208751  0.0142477   0.441138
IMAGINARY
          0  0.00510095 -0.00897631   0.0145348
-0.00510095           0 -0.00982417   0.0219971
 0.00897631  0.00982417           0  -0.0155176
 -0.0145348  -0.0219971   0.0155176           0
EndNode2[0]<--->HoM1[0]
REAL
  0.430712 0.00624812 0.00955479    0.38028
0.00624812  0.0686642  0.0333002  0.0101983
0.00955479  0.0333002  0.0799001  0.0184432
   0.38028  0.0101983  0.0184432   0.420724
IMAGINARY
          0 -0.00419699   0.0124965 -0.00947545
 0.00419699           0 -0.00230465   0.0163625
 -0.0124965  0.00230465           0  -0.0112392
 0.00947545  -0.0163625   0.0112392           0
Repeater1[0]<--->EndNode1[0]
REAL
   0.42044 0.00435126  0.0187406   0.370095
0.00435126  0.0711514  0.0367615  0.0142477
 0.0187406  0.0367615  0.0672704  0.0208751
  0.370095  0.0142477  0.0208751   0.441138
IMAGINARY
          0 -0.00897631  0.00510095   0.0145348
 0.00897631           0  0.00982417  -0.0155176
-0.00510095 -0.00982417           0   0.0219971
 -0.0145348   0.0155176  -0.0219971           0
Repeater1[0]<--->HoM1[0]
REAL
  0.430712 0.00955479 0.00624812    0.38028
0.00955479  0.0799001  0.0333002  0.0184432
0.00624812  0.0333002  0.0686642  0.0101983
   0.38028  0.0184432  0.0101983   0.420724
IMAGINARY
          0   0.0124965 -0.00419699 -0.00947545
 -0.0124965           0  0.00230465  -0.0112392
 0.00419699 -0.00230465           0   0.0163625
 0.00947545   0.0112392  -0.0163625           0
EndNode1[0]<--->Repeater1[0]
REAL
   0.440506  -0.0264724 -0.00332802    0.373013
 -0.0264724   0.0873418   0.0253822  -0.0127148
-0.00332802   0.0253822   0.0670886  0.00775581
   0.373013  -0.0127148  0.00775581    0.405063
IMAGINARY
          0  0.00314067   0.0138423  -0.0136612
-0.00314067           0   0.0180527   0.0175278
 -0.0138423  -0.0180527           0  -0.0204262
  0.0136612  -0.0175278   0.0204262           0
EndNode2[0]<--->HoM1[0]
REAL
   0.434109 -0.00729077   -0.020254    0.366336
-0.00729077   0.0710594   0.0366869  0.00262179
  -0.020254   0.0366869   0.0684755   0.0186258
   0.366336  0.00262179   0.0186258    0.426357
IMAGINARY
          0   0.0325815  0.00287183  0.00202501
 -0.0325815           0  0.00642753 -0.00352203
-0.00287183 -0.00642753           0   0.0187839
-0.00202501  0.00352203  -0.0187839           0
Repeater1[0]<--->EndNode1[0]
REAL
   0.440506 -0.00332802  -0.0264724    0.373013
-0.00332802   0.0670886   0.0253822  0.00775581
 -0.0264724   0.0253822   0.0873418  -0.0127148
   0.373013  0.00775581  -0.0127148    0.405063
IMAGINARY
          0   0.0138423  0.00314067  -0.0136612
 -0.0138423           0  -0.0180527  -0.0204262
-0.00314067   0.0180527           0   0.0175278
  0.0136612   0.0204262  -0.0175278           0
Repeater1[0]<--->HoM1[0]
REAL
   0.434109   -0.020254 -0.00729077    0.366336
  -0.020254   0.0684755   0.0366869   0.0186258
-0.00729077   0.0366869   0.0710594  0.00262179
   0.366336   0.0186258  0.00262179    0.426357
IMAGINARY
          0  0.00287183   0.0325815  0.00202501
-0.00287183           0 -0.00642753   0.0187839
 -0.0325815  0.00642753           0 -0.00352203
-0.00202501  -0.0187839  0.00352203           0
EndNode1[0]<--->Repeater1[0]
REAL
     0.41761   0.00318889 -0.000672865     0.383429
  0.00318889     0.081761    0.0354904   0.00389037
-0.000672865    0.0354904    0.0704403  -0.00125838
    0.383429   0.00389037  -0.00125838     0.430189
IMAGINARY
          0  -0.0124756 -0.00353273   0.0175931
  0.0124756           0  0.00695475 -0.00162191
 0.00353273 -0.00695475           0   0.0253622
 -0.0175931  0.00162191  -0.0253622           0
EndNode2[0]<--->HoM1[0]
REAL
   0.423957   0.0162507  0.00388963    0.370838
  0.0162507   0.0780619   0.0347307   0.0057956
 0.00388963   0.0347307    0.076716 -0.00656547
   0.370838   0.0057956 -0.00656547    0.421265
IMAGINARY
          0 -0.00373413  0.00496201 -0.00031005
 0.00373413           0 -0.00290745 -0.00432181
-0.00496201  0.00290745           0  0.00821556
 0.00031005  0.00432181 -0.00821556           0
Repeater1[0]<--->EndNode1[0]
REAL
     0.41761 -0.000672865   0.00318889     0.383429
-0.000672865    0.0704403    0.0354904  -0.00125838
  0.00318889    0.0354904     0.081761   0.00389037
    0.383429  -0.00125838   0.00389037     0.430189
IMAGINARY
          0 -0.00353273  -0.0124756   0.0175931
 0.00353273           0 -0.00695475   0.0253622
  0.0124756  0.00695475           0 -0.00162191
 -0.0175931  -0.0253622  0.00162191           0
Repeater1[0]<--->HoM1[0]
REAL
   0.423957  0.00388963   0.0162507    0.370838
 0.00388963    0.076716   0.0347307 -0.00656547
  0.0162507   0.0347307   0.0780619   0.0057956
   0.370838 -0.00656547   0.0057956    0.421265
IMAGINARY
          0  0.00496201 -0.00373413 -0.00031005
-0.00496201           0  0.00290745  0.00821556
 0.00373413 -0.00290745           0 -0.00432181
 0.00031005 -0.00821556  0.00432181           0
EndNode1[0]<--->Repeater1[0]
REAL
  0.441463  0.0115511 0.00466274   0.367165
 0.0115511  0.0707317  0.0175007 0.00909873
0.00466274  0.0175007  0.0804878 0.00745279
  0.367165 0.00909873 0.00745279   0.407317
IMAGINARY
          0  0.00871352  -0.0149249   0.0201751
-0.00871352           0   0.0138299  0.00888463
  0.0149249  -0.0138299           0  0.00806501
 -0.0201751 -0.00888463 -0.00806501           0
EndNode2[0]<--->HoM1[0]
REAL
    0.437337   0.00898389   0.00506428     0.375544
  0.00898389    0.0665796   0.00673574 -0.000727227
  0.00506428   0.00673574     0.073107   0.00898389
    0.375544 -0.000727227   0.00898389     0.422977
IMAGINARY
          0  0.00276191  0.00237458  0.00970333
-0.00276191           0 -0.00249179  0.00766558
-0.00237458  0.00249179           0  -0.0101247
-0.00970333 -0.00766558   0.0101247           0
Repeater1[0]<--->EndNode1[0]
REAL
  0.441463 0.00466274  0.0115511   0.367165
0.00466274  0.0804878  0.0175007 0.00745279
 0.0115511  0.0175007  0.0707317 0.00909873
  0.367165 0.00745279 0.00909873   0.407317
IMAGINARY
          0  -0.0149249  0.00871352   0.0201751
  0.0149249           0  -0.0138299  0.00806501
-0.00871352   0.0138299           0  0.00888463
 -0.0201751 -0.00806501 -0.00888463           0
Repeater1[0]<--->HoM1[0]
REAL
    0.437337   0.00506428   0.00898389     0.375544
  0.00506428     0.073107   0.00673574   0.00898389
  0.00898389   0.00673574    0.0665796 -0.000727227
    0.375544   0.00898389 -0.000727227     0.422977
IMAGINARY
          0  0.00237458  0.00276191  0.00970333
-0.00237458           0  0.00249179  -0.0101247
-0.00276191 -0.00249179           0  0.00766558
-0.00970333   0.0101247 -0.00766558           0
EndNode1[0]<--->Repeater1[0]
REAL
    0.419786    0.0190372 -0.000328485     0.385428
   0.0190372    0.0614973    0.0206998  -0.00162719
-0.000328485    0.0206998    0.0601604  -0.00795507
    0.385428  -0.00162719  -0.00795507     0.458556
IMAGINARY
          0  0.00312576 -0.00501304  0.00357566
-0.00312576           0 -0.00165995  -0.0145824
 0.00501304  0.00165995           0  0.00509169
-0.00357566   0.0145824 -0.00509169           0
EndNode2[0]<--->HoM1[0]
REAL
   0.459635  -0.0151613 -0.00245892     0.38639
 -0.0151613      0.0625   0.0155457  0.00697505
-0.00245892   0.0155457   0.0768229   0.0170968
    0.38639  0.00697505   0.0170968    0.401042
IMAGINARY
          0 -0.00868049  0.00286565 -0.00131745
 0.00868049           0  0.00752093   0.0303824
-0.00286565 -0.00752093           0  -0.0156162
 0.00131745  -0.0303824   0.0156162           0
Repeater1[0]<--->EndNode1[0]
REAL
    0.419786 -0.000328485    0.0190372     0.385428
-0.000328485    0.0601604    0.0206998  -0.00795507
   0.0190372    0.0206998    0.0614973  -0.00162719
    0.385428  -0.00795507  -0.00162719     0.458556
IMAGINARY
          0 -0.00501304  0.00312576  0.00357566
 0.00501304           0  0.00165995  0.00509169
-0.00312576 -0.00165995           0  -0.0145824
-0.00357566 -0.00509169   0.0145824           0
Repeater1[0]<--->HoM1[0]
REAL
   0.459635 -0.00245892  -0.0151613     0.38639
-0.00245892   0.0768229   0.0155457   0.0170968
 -0.0151613   0.0155457      0.0625  0.00697505
    0.38639   0.0170968  0.00697505    0.401042
IMAGINARY
          0  0.00286565 -0.00868049 -0.00131745
-0.00286565           0 -0.00752093  -0.0156162
 0.00868049  0.00752093           0   0.0303824
 0.00131745   0.0156162  -0.0303824           0
EndNode1[0]<--->Repeater1[0]
REAL
    0.447689   0.00734059  -0.00851917     0.372053
  0.00734059    0.0778589     0.028073 -0.000962497
 -0.00851917     0.028073    0.0705596  -0.00291582
    0.372053 -0.000962497  -0.00291582     0.403893
IMAGINARY
           0    0.0163883 -0.000889489   -0.0223117
  -0.0163883            0   -0.0288392   0.00457499
 0.000889489    0.0288392            0  -0.00656026
   0.0223117  -0.00457499   0.00656026            0
EndNode2[0]<--->HoM1[0]
REAL
   0.434395   0.0174319   0.0203993    0.374758
  0.0174319   0.0675159   0.0522583 -0.00439413
  0.0203993   0.0522583   0.0815287   0.0100969
   0.374758 -0.00439413   0.0100969    0.416561
IMAGINARY
           0   -0.0103028  -0.00739238    0.0221177
   0.0103028            0   0.00399692 -0.000107616
  0.00739238  -0.00399692            0   -0.0071972
  -0.0221177  0.000107616    0.0071972            0
Repeater1[0]<--->EndNode1[0]
REAL
    0.447689  -0.00851917   0.00734059     0.372053
 -0.00851917    0.0705596     0.028073  -0.00291582
  0.00734059     0.028073    0.0778589 -0.000962497
    0.372053  -0.00291582 -0.000962497     0.403893
IMAGINARY
           0 -0.000889489    0.0163883   -0.0223117
 0.000889489            0    0.0288392  -0.00656026
  -0.0163883   -0.0288392            0   0.00457499
   0.0223117   0.00656026  -0.00457499            0
Repeater1[0]<--->HoM1[0]
REAL
   0.434395   0.0203993   0.0174319    0.374758
  0.0203993   0.0815287   0.0522583   0.0100969
  0.0174319   0.0522583   0.0675159 -0.00439413
   0.374758   0.0100969 -0.00439413    0.416561
IMAGINARY
           0  -0.00739238   -0.0103028    0.0221177
  0.00739238            0  -0.00399692   -0.0071972
   0.0103028   0.00399692            0 -0.000107616
  -0.0221177    0.0071972  0.000107616            0
EndNode1[0]<--->Repeater1[0]
REAL
  0.412844 -0.0203102  0.0108766   0.356919
-0.0203102  0.0589777  0.0325221 0.00962031
 0.0108766  0.0325221  0.0812582  0.0221735
  0.356919 0.00962031  0.0221735    0.44692
IMAGINARY
         0    -0.0215 -0.0144199 -0.0102951
    0.0215          0  0.0290451  0.0278247
 0.0144199 -0.0290451          0  0.0174785
 0.0102951 -0.0278247 -0.0174785          0
EndNode2[0]<--->HoM1[0]
REAL
   0.423077  0.00770654 -0.00295184      0.3766
 0.00770654   0.0824176   0.0309213   0.0121997
-0.00295184   0.0309213   0.0673077  0.00770654
     0.3766   0.0121997  0.00770654    0.427198
IMAGINARY
           0  0.000677654  -0.00987654    0.0133183
-0.000677654            0   -0.0059654  -0.00987654
  0.00987654    0.0059654            0    0.0129026
  -0.0133183   0.00987654   -0.0129026            0
Repeater1[0]<--->EndNode1[0]
REAL
  0.412844  0.0108766 -0.0203102   0.356919
 0.0108766  0.0812582  0.0325221  0.0221735
-0.0203102  0.0325221  0.0589777 0.00962031
  0.356919  0.0221735 0.00962031    0.44692
IMAGINARY
         0 -0.0144199    -0.0215 -0.0102951
 0.0144199          0 -0.0290451  0.0174785
    0.0215  0.0290451          0  0.0278247
 0.0102951 -0.0174785 -0.0278247          0
Repeater1[0]<--->HoM1[0]
REAL
   0.423077 -0.00295184  0.00770654      0.3766
-0.00295184   0.0673077   0.0309213  0.00770654
 0.00770654   0.0309213   0.0824176   0.0121997
     0.3766  0.00770654   0.0121997    0.427198
IMAGINARY
           0  -0.00987654  0.000677654    0.0133183
  0.00987654            0    0.0059654    0.0129026
-0.000677654   -0.0059654            0  -0.00987654
  -0.0133183   -0.0129026   0.00987654            0
EndNode1[0]<--->Repeater1[0]
REAL
   0.404229  -0.0223768  -0.0197306    0.363533
 -0.0223768   0.0721393   0.0400813 0.000319574
 -0.0197306   0.0400813   0.0721393  0.00564316
   0.363533 0.000319574  0.00564316    0.451493
IMAGINARY
          0 -0.00586358 -0.00290007  -0.0228267
 0.00586358           0   0.0305587  0.00224131
 0.00290007  -0.0305587           0  0.00652234
  0.0228267 -0.00224131 -0.00652234           0
EndNode2[0]<--->HoM1[0]
REAL
    0.437421   -0.0168574   -0.0292545     0.373832
  -0.0168574    0.0783818    0.0407091 -8.22072e-05
  -0.0292545    0.0407091    0.0606827   -0.0265099
    0.373832 -8.22072e-05   -0.0265099     0.423515
IMAGINARY
           0   0.00333457  -0.00494629   0.00590365
 -0.00333457            0    0.0125174  0.000521511
  0.00494629   -0.0125174            0   -0.0241942
 -0.00590365 -0.000521511    0.0241942            0
Repeater1[0]<--->EndNode1[0]
REAL
   0.404229  -0.0197306  -0.0223768    0.363533
 -0.0197306   0.0721393   0.0400813  0.00564316
 -0.0223768   0.0400813   0.0721393 0.000319574
   0.363533  0.00564316 0.000319574    0.451493
IMAGINARY
          0 -0.00290007 -0.00586358  -0.0228267
 0.00290007           0  -0.0305587  0.00652234
 0.00586358   0.0305587           0  0.00224131
  0.0228267 -0.00652234 -0.00224131           0
Repeater1[0]<--->HoM1[0]
REAL
    0.437421   -0.0292545   -0.0168574     0.373832
  -0.0292545    0.0606827    0.0407091   -0.0265099
  -0.0168574    0.0407091    0.0783818 -8.22072e-05
    0.373832   -0.0265099 -8.22072e-05     0.423515
IMAGINARY
           0  -0.00494629   0.00333457   0.00590365
  0.00494629            0   -0.0125174   -0.0241942
 -0.00333457    0.0125174            0  0.000521511
 -0.00590365    0.0241942 -0.000521511            0
EndNode1[0]<--->Repeater1[0]
REAL
   0.439516  -0.0100214  -0.0113551    0.362572
 -0.0100214   0.0604839   0.0494881 -0.00748912
 -0.0113551   0.0494881   0.0672043  -0.0138479
   0.362572 -0.00748912  -0.0138479    0.432796
IMAGINARY
           0    0.0139175  0.000159505   0.00160727
  -0.0139175            0   0.00221926   0.00584851
-0.000159505  -0.00221926            0  -0.00123397
 -0.00160727  -0.00584851   0.00123397            0
EndNode2[0]<--->HoM1[0]
REAL
    0.40717   -0.024184  0.00491706    0.377127
  -0.024184   0.0717029   0.0374917  -0.0172068
 0.00491706   0.0374917   0.0819462 -0.00104237
   0.377127  -0.0172068 -0.00104237    0.439181
IMAGINARY
          0  -0.0032491    0.033503  0.00350588
  0.0032491           0 -0.00554116  -0.0145982
  -0.033503  0.00554116           0  -0.0221746
-0.00350588   0.0145982   0.0221746           0
Repeater1[0]<--->EndNode1[0]
REAL
   0.439516  -0.0113551  -0.0100214    0.362572
 -0.0113551   0.0672043   0.0494881  -0.0138479
 -0.0100214   0.0494881   0.0604839 -0.00748912
   0.362572  -0.0138479 -0.00748912    0.432796
IMAGINARY
           0  0.000159505    0.0139175   0.00160727
-0.000159505            0  -0.00221926  -0.00123397
  -0.0139175   0.00221926            0   0.00584851
 -0.00160727   0.00123397  -0.00584851            0
Repeater1[0]<--->HoM1[0]
REAL
    0.40717  0.00491706   -0.024184    0.377127
 0.00491706   0.0819462   0.0374917 -0.00104237
  -0.024184   0.0374917   0.0717029  -0.0172068
   0.377127 -0.00104237  -0.0172068    0.439181
IMAGINARY
          0    0.033503  -0.0032491  0.00350588
  -0.033503           0  0.00554116  -0.0221746
  0.0032491 -0.00554116           0  -0.0145982
-0.00350588   0.0221746   0.0145982           0
EndNode1[0]<--->Repeater1[0]
REAL
   0.451571   -0.022361   0.0118834    0.370967
  -0.022361   0.0732984   0.0352434 -0.00491251
  0.0118834   0.0352434   0.0903141  0.00144849
   0.370967 -0.00491251  0.00144849    0.384817
IMAGINARY
          0  -0.0281458  0.00641843 -0.00988987
  0.0281458           0  -0.0150445   0.0124864
-0.00641843   0.0150445           0  0.00402582
 0.00988987  -0.0124864 -0.00402582           0
EndNode2[0]<--->HoM1[0]
REAL
   0.432032  -0.0221779 -0.00633599    0.370386
 -0.0221779   0.0659489   0.0285497 -0.00829167
-0.00633599   0.0285497   0.0780619  -0.0110668
   0.370386 -0.00829167  -0.0110668    0.423957
IMAGINARY
          0   0.0237016 -0.00630262 -0.00993881
 -0.0237016           0 -0.00420633    -0.01283
 0.00630262  0.00420633           0   -0.017324
 0.00993881     0.01283    0.017324           0
Repeater1[0]<--->EndNode1[0]
REAL
   0.451571   0.0118834   -0.022361    0.370967
  0.0118834   0.0903141   0.0352434  0.00144849
  -0.022361   0.0352434   0.0732984 -0.00491251
   0.370967  0.00144849 -0.00491251    0.384817
IMAGINARY
          0  0.00641843  -0.0281458 -0.00988987
-0.00641843           0   0.0150445  0.00402582
  0.0281458  -0.0150445           0   0.0124864
 0.00988987 -0.00402582  -0.0124864           0
Repeater1[0]<--->HoM1[0]
REAL
   0.432032 -0.00633599  -0.0221779    0.370386
-0.00633599   0.0780619   0.0285497  -0.0110668
 -0.0221779   0.0285497   0.0659489 -0.00829167
   0.370386  -0.0110668 -0.00829167    0.423957
IMAGINARY
          0 -0.00630262   0.0237016 -0.00993881
 0.00630262           0  0.00420633   -0.017324
 -0.0237016 -0.00420633           0    -0.01283
 0.00993881    0.017324     0.01283           0
EndNode1[0]<--->Repeater1[0]
REAL
   0.427673  0.00876406  0.00101013    0.377117
 0.00876406   0.0918239   0.0349435 -0.00226641
 0.00101013   0.0349435   0.0666667  -0.0150455
   0.377117 -0.00226641  -0.0150455    0.413836
IMAGINARY
          0 -0.00670321 -0.00396143  0.00435426
 0.00670321           0  -0.0179782   0.0123702
 0.00396143   0.0179782           0  -0.0172295
-0.00435426  -0.0123702   0.0172295           0
EndNode2[0]<--->HoM1[0]
REAL
   0.417929 -0.00770423  -0.0215863    0.384427
-0.00770423   0.0744949   0.0209131   0.0143048
 -0.0215863   0.0209131   0.0921717  0.00284986
   0.384427   0.0143048  0.00284986    0.415404
IMAGINARY
           0   -0.0157018   0.00461682  0.000901326
   0.0157018            0  -0.00222759  -0.00731952
 -0.00461682   0.00222759            0  -0.00727118
-0.000901326   0.00731952   0.00727118            0
Repeater1[0]<--->EndNode1[0]
REAL
   0.427673  0.00101013  0.00876406    0.377117
 0.00101013   0.0666667   0.0349435  -0.0150455
 0.00876406   0.0349435   0.0918239 -0.00226641
   0.377117  -0.0150455 -0.00226641    0.413836
IMAGINARY
          0 -0.00396143 -0.00670321  0.00435426
 0.00396143           0   0.0179782  -0.0172295
 0.00670321  -0.0179782           0   0.0123702
-0.00435426   0.0172295  -0.0123702           0
Repeater1[0]<--->HoM1[0]
REAL
   0.417929  -0.0215863 -0.00770423    0.384427
 -0.0215863   0.0921717   0.0209131  0.00284986
-0.00770423   0.0209131   0.0744949   0.0143048
   0.384427  0.00284986   0.0143048    0.415404
IMAGINARY
           0   0.00461682   -0.0157018  0.000901326
 -0.00461682            0   0.00222759  -0.00727118
   0.0157018  -0.00222759            0  -0.00731952
-0.000901326   0.00727118   0.00731952            0
EndNode1[0]<--->Repeater1[0]
REAL
    0.42409  -0.0010364   0.0058905      0.3701
 -0.0010364   0.0915935   0.0336224 -0.00396495
  0.0058905   0.0336224   0.0777917 -0.00602393
     0.3701 -0.00396495 -0.00602393    0.406524
IMAGINARY
          0 -0.00788226  0.00515999 -0.00140278
 0.00788226           0 -0.00465375 -0.00578892
-0.00515999  0.00465375           0  0.00851119
 0.00140278  0.00578892 -0.00851119           0
EndNode2[0]<--->HoM1[0]
REAL
   0.404337   -0.027774  -0.0237197    0.372323
  -0.027774   0.0778061   0.0301478  -0.0107407
 -0.0237197   0.0301478   0.0752551 -0.00538594
   0.372323  -0.0107407 -0.00538594    0.442602
IMAGINARY
          0   0.0125303  0.00557463  -0.0109338
 -0.0125303           0 -0.00581874 -0.00292211
-0.00557463  0.00581874           0 -0.00324644
  0.0109338  0.00292211  0.00324644           0
Repeater1[0]<--->EndNode1[0]
REAL
    0.42409   0.0058905  -0.0010364      0.3701
  0.0058905   0.0777917   0.0336224 -0.00602393
 -0.0010364   0.0336224   0.0915935 -0.00396495
     0.3701 -0.00602393 -0.00396495    0.406524
IMAGINARY
          0  0.00515999 -0.00788226 -0.00140278
-0.00515999           0  0.00465375  0.00851119
 0.00788226 -0.00465375           0 -0.00578892
 0.00140278 -0.00851119  0.00578892           0
Repeater1[0]<--->HoM1[0]
REAL
   0.404337  -0.0237197   -0.027774    0.372323
 -0.0237197   0.0752551   0.0301478 -0.00538594
  -0.027774   0.0301478   0.0778061  -0.0107407
   0.372323 -0.00538594  -0.0107407    0.442602
IMAGINARY
          0  0.00557463   0.0125303  -0.0109338
-0.00557463           0  0.00581874 -0.00324644
 -0.0125303 -0.00581874           0 -0.00292211
  0.0109338  0.00324644  0.00292211           0
EndNode1[0]<--->Repeater1[0]
REAL
   0.448148 -0.00229939  -0.0450297    0.380818
-0.00229939   0.0703704   0.0338165   0.0219944
 -0.0450297   0.0338165   0.0679012 -0.00854072
   0.380818   0.0219944 -0.00854072     0.41358
IMAGINARY
          0  -0.0234725   0.0148201  -0.0202434
  0.0234725           0  0.00484844 -0.00564022
 -0.0148201 -0.00484844           0  0.00572461
  0.0202434  0.00564022 -0.00572461           0
EndNode2[0]<--->HoM1[0]
REAL
  0.435748 0.00175336 -0.0111101   0.367312
