EndNode1[0]<--->Repeater1[0]
REAL
   0.465473  -0.0277719  -0.0135012    0.400291
 -0.0277719  0.00511509 -0.00338416 -0.00196273
 -0.0135012 -0.00338416  0.00511509 -0.00573329
   0.400291 -0.00196273 -0.00573329    0.524297
IMAGINARY
          0  -0.0095686  -0.0181074 -0.00959444
  0.0095686           0 -0.00571847   0.0162063
  0.0181074  0.00571847           0   0.0140046
 0.00959444  -0.0162063  -0.0140046           0
EndNode2[0]<--->HoM1[0]
REAL
   0.487214 -0.00237827   0.0232828    0.387675
-0.00237827  0.00942127 -0.00282642 -0.00449495
  0.0232828 -0.00282642  0.00269179   0.0248025
   0.387675 -0.00449495   0.0248025    0.500673
IMAGINARY
          0  0.00154345  -0.0249471 -0.00273163
-0.00154345           0 -0.00832169    0.014393
  0.0249471  0.00832169           0  -0.0213324
 0.00273163   -0.014393   0.0213324           0
Repeater1[0]<--->EndNode1[0]
REAL
   0.465473  -0.0135012  -0.0277719    0.400291
 -0.0135012  0.00511509 -0.00338416 -0.00573329
 -0.0277719 -0.00338416  0.00511509 -0.00196273
   0.400291 -0.00573329 -0.00196273    0.524297
IMAGINARY
          0  -0.0181074  -0.0095686 -0.00959444
  0.0181074           0  0.00571847   0.0140046
  0.0095686 -0.00571847           0   0.0162063
 0.00959444  -0.0140046  -0.0162063           0
Repeater1[0]<--->HoM1[0]
REAL
   0.487214   0.0232828 -0.00237827    0.387675
  0.0232828  0.00269179 -0.00282642   0.0248025
-0.00237827 -0.00282642  0.00942127 -0.00449495
   0.387675   0.0248025 -0.00449495    0.500673
IMAGINARY
          0  -0.0249471  0.00154345 -0.00273163
  0.0249471           0  0.00832169  -0.0213324
-0.00154345 -0.00832169           0    0.014393
 0.00273163   0.0213324   -0.014393           0
EndNode1[0]<--->Repeater1[0]
REAL
    0.455712  0.000988142    0.0157459     0.399643
 0.000988142   0.00898588  -0.00873394   -0.0131485
   0.0157459  -0.00873394   0.00770218 -0.000988142
    0.399643   -0.0131485 -0.000988142     0.527599
IMAGINARY
           0   -0.0203364    0.0212274   -0.0152862
   0.0203364            0   -0.0210334 -0.000284989
  -0.0212274    0.0210334            0   -0.0110772
   0.0152862  0.000284989    0.0110772            0
EndNode2[0]<--->HoM1[0]
REAL
   0.524173   0.0129541   0.0142683    0.385697
  0.0129541  0.00636132  -0.0131206 -0.00318801
  0.0142683  -0.0131206  0.00508906 -0.00741389
   0.385697 -0.00318801 -0.00741389    0.464377
IMAGINARY
          0  -0.0240524   0.0128044  -0.0253676
  0.0240524           0  0.00258275   0.0115057
 -0.0128044 -0.00258275           0  -0.0147124
  0.0253676  -0.0115057   0.0147124           0
Repeater1[0]<--->EndNode1[0]
REAL
    0.455712    0.0157459  0.000988142     0.399643
   0.0157459   0.00770218  -0.00873394 -0.000988142
 0.000988142  -0.00873394   0.00898588   -0.0131485
    0.399643 -0.000988142   -0.0131485     0.527599
IMAGINARY
           0    0.0212274   -0.0203364   -0.0152862
  -0.0212274            0    0.0210334   -0.0110772
   0.0203364   -0.0210334            0 -0.000284989
   0.0152862    0.0110772  0.000284989            0
Repeater1[0]<--->HoM1[0]
REAL
   0.524173   0.0142683   0.0129541    0.385697
  0.0142683  0.00508906  -0.0131206 -0.00741389
  0.0129541  -0.0131206  0.00636132 -0.00318801
   0.385697 -0.00741389 -0.00318801    0.464377
IMAGINARY
          0   0.0128044  -0.0240524  -0.0253676
 -0.0128044           0 -0.00258275  -0.0147124
  0.0240524  0.00258275           0   0.0115057
  0.0253676   0.0147124  -0.0115057           0
EndNode1[0]<--->Repeater1[0]
REAL
    0.48103  -0.0159673 -0.00992913    0.395731
 -0.0159673  0.00542005 -0.00582307 -0.00252172
-0.00992913 -0.00582307  0.00406504 -0.00958973
   0.395731 -0.00252172 -0.00958973    0.509485
IMAGINARY
          0   0.0121064 -0.00389884  0.00174776
 -0.0121064           0 -0.00546063   0.0233289
 0.00389884  0.00546063           0  -0.0263551
-0.00174776  -0.0233289   0.0263551           0
EndNode2[0]<--->HoM1[0]
REAL
   0.492386  -0.0170722  -0.0225116    0.381256
 -0.0170722  0.00253807 -0.00592396  -0.0159499
 -0.0225116 -0.00592396  0.00888325 -0.00547424
   0.381256  -0.0159499 -0.00547424    0.496193
IMAGINARY
           0   -0.0200541   0.00671652  0.000227137
   0.0200541            0   -0.0230433    0.0035399
 -0.00671652    0.0230433            0 -0.000458686
-0.000227137   -0.0035399  0.000458686            0
Repeater1[0]<--->EndNode1[0]
REAL
    0.48103 -0.00992913  -0.0159673    0.395731
-0.00992913  0.00406504 -0.00582307 -0.00958973
 -0.0159673 -0.00582307  0.00542005 -0.00252172
   0.395731 -0.00958973 -0.00252172    0.509485
IMAGINARY
          0 -0.00389884   0.0121064  0.00174776
 0.00389884           0  0.00546063  -0.0263551
 -0.0121064 -0.00546063           0   0.0233289
-0.00174776   0.0263551  -0.0233289           0
Repeater1[0]<--->HoM1[0]
REAL
   0.492386  -0.0225116  -0.0170722    0.381256
 -0.0225116  0.00888325 -0.00592396 -0.00547424
 -0.0170722 -0.00592396  0.00253807  -0.0159499
   0.381256 -0.00547424  -0.0159499    0.496193
IMAGINARY
           0   0.00671652   -0.0200541  0.000227137
 -0.00671652            0    0.0230433 -0.000458686
   0.0200541   -0.0230433            0    0.0035399
-0.000227137  0.000458686   -0.0035399            0
EndNode1[0]<--->Repeater1[0]
REAL
   0.460081  -0.0190465  -0.0126073     0.39575
 -0.0190465  0.00811908  0.00114482 -0.00167838
 -0.0126073  0.00114482  0.00811908 -0.00393484
    0.39575 -0.00167838 -0.00393484    0.523681
IMAGINARY
          0    0.025694  -0.0144174  -0.0384445
  -0.025694           0 -0.00147949  -0.0125587
  0.0144174  0.00147949           0   0.0037916
  0.0384445   0.0125587  -0.0037916           0
EndNode2[0]<--->HoM1[0]
REAL
   0.463476  -0.0102595   0.0131645    0.394713
 -0.0102595  0.00755668  0.00568549  -0.0297648
  0.0131645  0.00568549  0.00881612 -0.00766881
   0.394713  -0.0297648 -0.00766881    0.520151
IMAGINARY
          0   0.0253522 -0.00151242  0.00156369
 -0.0253522           0  0.00222419  0.00774684
 0.00151242 -0.00222419           0 -0.00789586
-0.00156369 -0.00774684  0.00789586           0
Repeater1[0]<--->EndNode1[0]
REAL
   0.460081  -0.0126073  -0.0190465     0.39575
 -0.0126073  0.00811908  0.00114482 -0.00393484
 -0.0190465  0.00114482  0.00811908 -0.00167838
    0.39575 -0.00393484 -0.00167838    0.523681
IMAGINARY
          0  -0.0144174    0.025694  -0.0384445
  0.0144174           0  0.00147949   0.0037916
  -0.025694 -0.00147949           0  -0.0125587
  0.0384445  -0.0037916   0.0125587           0
Repeater1[0]<--->HoM1[0]
REAL
   0.463476   0.0131645  -0.0102595    0.394713
  0.0131645  0.00881612  0.00568549 -0.00766881
 -0.0102595  0.00568549  0.00755668  -0.0297648
   0.394713 -0.00766881  -0.0297648    0.520151
IMAGINARY
          0 -0.00151242   0.0253522  0.00156369
 0.00151242           0 -0.00222419 -0.00789586
 -0.0253522  0.00222419           0  0.00774684
-0.00156369  0.00789586 -0.00774684           0
EndNode1[0]<--->Repeater1[0]
REAL
    0.514321   0.00739798 -0.000635793     0.401897
  0.00739798   0.00249066   0.00342031  -0.00390377
-0.000635793   0.00342031   0.00249066  -0.00285843
    0.401897  -0.00390377  -0.00285843     0.480697
IMAGINARY
          0  -0.0132582   0.0107803   0.0246378
  0.0132582           0  0.00636991   0.0120623
 -0.0107803 -0.00636991           0 -0.00450825
 -0.0246378  -0.0120623  0.00450825           0
EndNode2[0]<--->HoM1[0]
REAL
   0.500668 -0.00172339  0.00359053    0.393099
-0.00172339  0.00400534   0.0197144  0.00103298
 0.00359053   0.0197144  0.00667557    0.024841
   0.393099  0.00103298    0.024841    0.488652
IMAGINARY
          0 -0.00841812   0.0216975 -0.00423647
 0.00841812           0 -0.00229094  -0.0126536
 -0.0216975  0.00229094           0 -0.00320979
 0.00423647   0.0126536  0.00320979           0
Repeater1[0]<--->EndNode1[0]
REAL
    0.514321 -0.000635793   0.00739798     0.401897
-0.000635793   0.00249066   0.00342031  -0.00285843
  0.00739798   0.00342031   0.00249066  -0.00390377
    0.401897  -0.00285843  -0.00390377     0.480697
IMAGINARY
          0   0.0107803  -0.0132582   0.0246378
 -0.0107803           0 -0.00636991 -0.00450825
  0.0132582  0.00636991           0   0.0120623
 -0.0246378  0.00450825  -0.0120623           0
Repeater1[0]<--->HoM1[0]
REAL
   0.500668  0.00359053 -0.00172339    0.393099
 0.00359053  0.00667557   0.0197144    0.024841
-0.00172339   0.0197144  0.00400534  0.00103298
   0.393099    0.024841  0.00103298    0.488652
IMAGINARY
          0   0.0216975 -0.00841812 -0.00423647
 -0.0216975           0  0.00229094 -0.00320979
 0.00841812 -0.00229094           0  -0.0126536
 0.00423647  0.00320979   0.0126536           0
EndNode1[0]<--->Repeater1[0]
REAL
   0.514963 -0.00688508   0.0261276    0.397274
-0.00688508   0.0149626 -0.00120309 -0.00394761
  0.0261276 -0.00120309  0.00374065   0.0239953
   0.397274 -0.00394761   0.0239953    0.466334
IMAGINARY
          0   0.0176452  0.00869836  -0.0146298
 -0.0176452           0  0.00617726  -0.0125055
-0.00869836 -0.00617726           0  0.00139033
  0.0146298   0.0125055 -0.00139033           0
EndNode2[0]<--->HoM1[0]
REAL
   0.482456  -0.0172884  -0.0174564    0.397978
 -0.0172884   0.0037594  -0.0101978  -0.0074813
 -0.0174564  -0.0101978  0.00626566 -0.00515553
   0.397978  -0.0074813 -0.00515553    0.507519
IMAGINARY
          0  0.00162071  0.00622045  0.00239146
-0.00162071           0  0.00505103  -0.0131387
-0.00622045 -0.00505103           0  -0.0035075
-0.00239146   0.0131387   0.0035075           0
Repeater1[0]<--->EndNode1[0]
REAL
   0.514963   0.0261276 -0.00688508    0.397274
  0.0261276  0.00374065 -0.00120309   0.0239953
-0.00688508 -0.00120309   0.0149626 -0.00394761
   0.397274   0.0239953 -0.00394761    0.466334
IMAGINARY
          0  0.00869836   0.0176452  -0.0146298
-0.00869836           0 -0.00617726  0.00139033
 -0.0176452  0.00617726           0  -0.0125055
  0.0146298 -0.00139033   0.0125055           0
Repeater1[0]<--->HoM1[0]
REAL
   0.482456  -0.0174564  -0.0172884    0.397978
 -0.0174564  0.00626566  -0.0101978 -0.00515553
 -0.0172884  -0.0101978   0.0037594  -0.0074813
   0.397978 -0.00515553  -0.0074813    0.507519
IMAGINARY
          0  0.00622045  0.00162071  0.00239146
-0.00622045           0 -0.00505103  -0.0035075
-0.00162071  0.00505103           0  -0.0131387
-0.00239146   0.0035075   0.0131387           0
EndNode1[0]<--->Repeater1[0]
REAL
   0.505732 0.000924174  -0.0154307    0.399916
0.000924174    0.011465  0.00941425 -0.00099503
 -0.0154307  0.00941425  0.00509554  -0.0265484
   0.399916 -0.00099503  -0.0265484    0.477707
IMAGINARY
           0   0.00832203   0.00163936    -0.010074
 -0.00832203            0    -0.013325  0.000999159
 -0.00163936     0.013325            0   -0.0149183
    0.010074 -0.000999159    0.0149183            0
EndNode2[0]<--->HoM1[0]
REAL
   0.491026  0.00095057  0.00345552    0.396661
 0.00095057   0.0025641  0.00668919 0.000410456
 0.00345552  0.00668919  0.00512821 -0.00095057
   0.396661 0.000410456 -0.00095057    0.501282
IMAGINARY
          0  -0.0108244    0.020041 -0.00973755
  0.0108244           0    0.011673   0.0147779
  -0.020041   -0.011673           0  -0.0114597
 0.00973755  -0.0147779   0.0114597           0
Repeater1[0]<--->EndNode1[0]
REAL
   0.505732  -0.0154307 0.000924174    0.399916
 -0.0154307  0.00509554  0.00941425  -0.0265484
0.000924174  0.00941425    0.011465 -0.00099503
   0.399916  -0.0265484 -0.00099503    0.477707
IMAGINARY
           0   0.00163936   0.00832203    -0.010074
 -0.00163936            0     0.013325   -0.0149183
 -0.00832203    -0.013325            0  0.000999159
    0.010074    0.0149183 -0.000999159            0
Repeater1[0]<--->HoM1[0]
REAL
   0.491026  0.00345552  0.00095057    0.396661
 0.00345552  0.00512821  0.00668919 -0.00095057
 0.00095057  0.00668919   0.0025641 0.000410456
   0.396661 -0.00095057 0.000410456    0.501282
IMAGINARY
          0    0.020041  -0.0108244 -0.00973755
  -0.020041           0   -0.011673  -0.0114597
  0.0108244    0.011673           0   0.0147779
 0.00973755   0.0114597  -0.0147779           0
EndNode1[0]<--->Repeater1[0]
REAL
    0.508844  -0.00900523   -0.0152004     0.386459
 -0.00900523   0.00952381 -0.000126242  -0.00306755
  -0.0152004 -0.000126242   0.00680272    0.0042691
    0.386459  -0.00306755    0.0042691      0.47483
IMAGINARY
          0 -0.00665878   0.0261533  -0.0252613
 0.00665878           0  0.00273874  0.00555403
 -0.0261533 -0.00273874           0  -0.0116339
  0.0252613 -0.00555403   0.0116339           0
EndNode2[0]<--->HoM1[0]
REAL
   0.47875 -0.0139009  0.0098799   0.382069
-0.0139009    0.00125 0.00206897 0.00460286
 0.0098799 0.00206897      0.005  0.0173491
  0.382069 0.00460286  0.0173491      0.515
IMAGINARY
          0   0.0140288 -0.00557695   0.0165541
 -0.0140288           0  -0.0159299  -0.0105521
 0.00557695   0.0159299           0  0.00339053
 -0.0165541   0.0105521 -0.00339053           0
Repeater1[0]<--->EndNode1[0]
REAL
    0.508844   -0.0152004  -0.00900523     0.386459
  -0.0152004   0.00680272 -0.000126242    0.0042691
 -0.00900523 -0.000126242   0.00952381  -0.00306755
    0.386459    0.0042691  -0.00306755      0.47483
IMAGINARY
          0   0.0261533 -0.00665878  -0.0252613
 -0.0261533           0 -0.00273874  -0.0116339
 0.00665878  0.00273874           0  0.00555403
  0.0252613   0.0116339 -0.00555403           0
Repeater1[0]<--->HoM1[0]
REAL
   0.47875  0.0098799 -0.0139009   0.382069
 0.0098799      0.005 0.00206897  0.0173491
-0.0139009 0.00206897    0.00125 0.00460286
  0.382069  0.0173491 0.00460286      0.515
IMAGINARY
          0 -0.00557695   0.0140288   0.0165541
 0.00557695           0   0.0159299  0.00339053
 -0.0140288  -0.0159299           0  -0.0105521
 -0.0165541 -0.00339053   0.0105521           0
EndNode1[0]<--->Repeater1[0]
REAL
   0.496296  0.00496533  0.00232317    0.394862
 0.00496533  0.00123457 -0.00361524  0.00165561
 0.00232317 -0.00361524   0.0135802  0.00431849
   0.394862  0.00165561  0.00431849    0.488889
IMAGINARY
           0  -0.00986947   0.00951777  -0.00642624
  0.00986947            0   -0.0123708  -0.00571066
 -0.00951777    0.0123708            0  0.000986217
  0.00642624   0.00571066 -0.000986217            0
EndNode2[0]<--->HoM1[0]
REAL
   0.464088  0.00298153  -0.0226229    0.408147
 0.00298153  0.00828729 0.000572767 0.000824518
 -0.0226229 0.000572767   0.0124309 -0.00706872
   0.408147 0.000824518 -0.00706872    0.515193
IMAGINARY
           0  -0.00058072    0.0217321  0.000892304
  0.00058072            0    0.0109679  -0.00183479
  -0.0217321   -0.0109679            0    -0.021884
-0.000892304   0.00183479     0.021884            0
Repeater1[0]<--->EndNode1[0]
REAL
   0.496296  0.00232317  0.00496533    0.394862
 0.00232317   0.0135802 -0.00361524  0.00431849
 0.00496533 -0.00361524  0.00123457  0.00165561
   0.394862  0.00431849  0.00165561    0.488889
IMAGINARY
           0   0.00951777  -0.00986947  -0.00642624
 -0.00951777            0    0.0123708  0.000986217
  0.00986947   -0.0123708            0  -0.00571066
  0.00642624 -0.000986217   0.00571066            0
Repeater1[0]<--->HoM1[0]
REAL
   0.464088  -0.0226229  0.00298153    0.408147
 -0.0226229   0.0124309 0.000572767 -0.00706872
 0.00298153 0.000572767  0.00828729 0.000824518
   0.408147 -0.00706872 0.000824518    0.515193
IMAGINARY
           0    0.0217321  -0.00058072  0.000892304
  -0.0217321            0   -0.0109679    -0.021884
  0.00058072    0.0109679            0  -0.00183479
-0.000892304     0.021884   0.00183479            0
EndNode1[0]<--->Repeater1[0]
REAL
   0.491272 -0.00339197  0.00176786    0.393548
-0.00339197   0.0074813 -0.00645161  0.00495257
 0.00176786 -0.00645161   0.0074813 -0.00601664
   0.393548  0.00495257 -0.00601664    0.493766
IMAGINARY
          0   0.0160494 -0.00827374  -0.0174855
 -0.0160494           0 -0.00883033  0.00703917
 0.00827374  0.00883033           0   0.0160494
  0.0174855 -0.00703917  -0.0160494           0
EndNode2[0]<--->HoM1[0]
REAL
  0.495472 -0.0172407  0.0115165   0.385801
-0.0172407 0.00776197 -0.0155721 0.00502297
 0.0115165 -0.0155721 0.00646831  0.0286911
  0.385801 0.00502297  0.0286911   0.490298
IMAGINARY
           0     0.012941   -0.0267901    0.0215982
   -0.012941            0 -0.000252746    0.0111846
   0.0267901  0.000252746            0  -0.00857142
  -0.0215982   -0.0111846   0.00857142            0
Repeater1[0]<--->EndNode1[0]
REAL
   0.491272  0.00176786 -0.00339197    0.393548
 0.00176786   0.0074813 -0.00645161 -0.00601664
-0.00339197 -0.00645161   0.0074813  0.00495257
   0.393548 -0.00601664  0.00495257    0.493766
IMAGINARY
          0 -0.00827374   0.0160494  -0.0174855
 0.00827374           0  0.00883033   0.0160494
 -0.0160494 -0.00883033           0  0.00703917
  0.0174855  -0.0160494 -0.00703917           0
Repeater1[0]<--->HoM1[0]
REAL
  0.495472  0.0115165 -0.0172407   0.385801
 0.0115165 0.00646831 -0.0155721  0.0286911
-0.0172407 -0.0155721 0.00776197 0.00502297
  0.385801  0.0286911 0.00502297   0.490298
IMAGINARY
           0   -0.0267901     0.012941    0.0215982
   0.0267901            0  0.000252746  -0.00857142
   -0.012941 -0.000252746            0    0.0111846
  -0.0215982   0.00857142   -0.0111846            0
EndNode1[0]<--->Repeater1[0]
REAL
    0.474265   0.00201006  -0.00824853     0.380554
  0.00201006   0.00122549   0.00164803 -7.41382e-05
 -0.00824853   0.00164803   0.00367647   -0.0154544
    0.380554 -7.41382e-05   -0.0154544     0.520833
IMAGINARY
          0  0.00892624   0.0152553  0.00907681
-0.00892624           0   0.0041507  -0.0152553
 -0.0152553  -0.0041507           0  -0.0102283
-0.00907681   0.0152553   0.0102283           0
EndNode2[0]<--->HoM1[0]
REAL
   0.499353   0.0153757  0.00499903    0.389929
  0.0153757  0.00646831  0.00811052   -0.014803
 0.00499903  0.00811052  0.00258732 -0.00949338
   0.389929   -0.014803 -0.00949338    0.491591
IMAGINARY
          0  0.00617431  -0.0148887  0.00569444
-0.00617431           0   0.0168056 -0.00978664
  0.0148887  -0.0168056           0   0.0146049
-0.00569444  0.00978664  -0.0146049           0
Repeater1[0]<--->EndNode1[0]
REAL
    0.474265  -0.00824853   0.00201006     0.380554
 -0.00824853   0.00367647   0.00164803   -0.0154544
  0.00201006   0.00164803   0.00122549 -7.41382e-05
    0.380554   -0.0154544 -7.41382e-05     0.520833
IMAGINARY
          0   0.0152553  0.00892624  0.00907681
 -0.0152553           0  -0.0041507  -0.0102283
-0.00892624   0.0041507           0  -0.0152553
-0.00907681   0.0102283   0.0152553           0
Repeater1[0]<--->HoM1[0]
REAL
   0.499353  0.00499903   0.0153757    0.389929
 0.00499903  0.00258732  0.00811052 -0.00949338
  0.0153757  0.00811052  0.00646831   -0.014803
   0.389929 -0.00949338   -0.014803    0.491591
IMAGINARY
          0  -0.0148887  0.00617431  0.00569444
  0.0148887           0  -0.0168056   0.0146049
-0.00617431   0.0168056           0 -0.00978664
-0.00569444  -0.0146049  0.00978664           0
EndNode1[0]<--->Repeater1[0]
REAL
   0.470738   0.0023119  0.00356565    0.386909
  0.0023119           0 -0.00613945 0.000280501
 0.00356565 -0.00613945   0.0101781   0.0105086
   0.386909 0.000280501   0.0105086    0.519084
IMAGINARY
          0 -0.00731469  -0.0040208  0.00757678
 0.00731469           0  0.00696178   0.0173898
  0.0040208 -0.00696178           0  -0.0114019
-0.00757678  -0.0173898   0.0114019           0
EndNode2[0]<--->HoM1[0]
REAL
    0.525721    -0.023107   -0.0045286     0.395837
   -0.023107   0.00376412 -0.000895196   -0.0129811
  -0.0045286 -0.000895196   0.00250941    0.0146764
    0.395837   -0.0129811    0.0146764     0.468005
IMAGINARY
          0 -0.00588745   0.0089266 -0.00142499
 0.00588745           0 -0.00554586 -0.00696582
 -0.0089266  0.00554586           0 -0.00783804
 0.00142499  0.00696582  0.00783804           0
Repeater1[0]<--->EndNode1[0]
REAL
   0.470738  0.00356565   0.0023119    0.386909
 0.00356565   0.0101781 -0.00613945   0.0105086
  0.0023119 -0.00613945           0 0.000280501
   0.386909   0.0105086 0.000280501    0.519084
IMAGINARY
          0  -0.0040208 -0.00731469  0.00757678
  0.0040208           0 -0.00696178  -0.0114019
 0.00731469  0.00696178           0   0.0173898
-0.00757678   0.0114019  -0.0173898           0
Repeater1[0]<--->HoM1[0]
REAL
    0.525721   -0.0045286    -0.023107     0.395837
  -0.0045286   0.00250941 -0.000895196    0.0146764
   -0.023107 -0.000895196   0.00376412   -0.0129811
    0.395837    0.0146764   -0.0129811     0.468005
IMAGINARY
          0   0.0089266 -0.00588745 -0.00142499
 -0.0089266           0  0.00554586 -0.00783804
 0.00588745 -0.00554586           0 -0.00696582
 0.00142499  0.00783804  0.00696582           0
EndNode1[0]<--->Repeater1[0]
REAL
   0.515584  0.00349752   0.0139171    0.397713
 0.00349752   0.0025974  0.00190597  -0.0107405
  0.0139171  0.00190597   0.0038961 -0.00159154
   0.397713  -0.0107405 -0.00159154    0.477922
IMAGINARY
           0   0.00158428   0.00035935 -3.17246e-05
 -0.00158428            0  0.000630527  -0.00226532
 -0.00035935 -0.000630527            0   -0.0047609
 3.17246e-05   0.00226532    0.0047609            0
EndNode2[0]<--->HoM1[0]
REAL
   0.497442   0.0126815 -0.00200077    0.404363
  0.0126815  0.00255754  0.00988475 -0.00327628
-0.00200077  0.00988475  0.00639386 -0.00608522
   0.404363 -0.00327628 -0.00608522    0.493606
IMAGINARY
          0 -0.00687006   -0.017763   0.0117103
 0.00687006           0     0.02363  0.00733354
   0.017763    -0.02363           0   0.0246615
 -0.0117103 -0.00733354  -0.0246615           0
Repeater1[0]<--->EndNode1[0]
REAL
   0.515584   0.0139171  0.00349752    0.397713
  0.0139171   0.0038961  0.00190597 -0.00159154
 0.00349752  0.00190597   0.0025974  -0.0107405
   0.397713 -0.00159154  -0.0107405    0.477922
IMAGINARY
           0   0.00035935   0.00158428 -3.17246e-05
 -0.00035935            0 -0.000630527   -0.0047609
 -0.00158428  0.000630527            0  -0.00226532
 3.17246e-05    0.0047609   0.00226532            0
Repeater1[0]<--->HoM1[0]
REAL
   0.497442 -0.00200077   0.0126815    0.404363
-0.00200077  0.00639386  0.00988475 -0.00608522
  0.0126815  0.00988475  0.00255754 -0.00327628
   0.404363 -0.00608522 -0.00327628    0.493606
IMAGINARY
          0   -0.017763 -0.00687006   0.0117103
   0.017763           0    -0.02363   0.0246615
 0.00687006     0.02363           0  0.00733354
 -0.0117103  -0.0246615 -0.00733354           0
EndNode1[0]<--->Repeater1[0]
REAL
   0.495737  -0.0214379   -0.003151    0.397074
 -0.0214379  0.00487211  0.00458662 -0.00642754
  -0.003151  0.00458662  0.00121803   0.0131365
   0.397074 -0.00642754   0.0131365    0.498173
IMAGINARY
           0   -0.0136415 -0.000534507   -0.0065358
   0.0136415            0 -0.000332329  -0.00982819
 0.000534507  0.000332329            0   0.00198348
   0.0065358   0.00982819  -0.00198348            0
EndNode2[0]<--->HoM1[0]
REAL
    0.478912  -0.00519332 -0.000595249     0.390371
 -0.00519332   0.00544218   0.00039584     0.006447
-0.000595249   0.00039584   0.00544218  -0.00455961
    0.390371     0.006447  -0.00455961     0.510204
IMAGINARY
           0   0.00216406  0.000920438  -0.00582902
 -0.00216406            0  -0.00582902   -0.0204803
-0.000920438   0.00582902            0    0.0173958
  0.00582902    0.0204803   -0.0173958            0
Repeater1[0]<--->EndNode1[0]
REAL
   0.495737   -0.003151  -0.0214379    0.397074
  -0.003151  0.00121803  0.00458662   0.0131365
 -0.0214379  0.00458662  0.00487211 -0.00642754
   0.397074   0.0131365 -0.00642754    0.498173
IMAGINARY
           0 -0.000534507   -0.0136415   -0.0065358
 0.000534507            0  0.000332329   0.00198348
   0.0136415 -0.000332329            0  -0.00982819
   0.0065358  -0.00198348   0.00982819            0
Repeater1[0]<--->HoM1[0]
REAL
    0.478912 -0.000595249  -0.00519332     0.390371
-0.000595249   0.00544218   0.00039584  -0.00455961
 -0.00519332   0.00039584   0.00544218     0.006447
    0.390371  -0.00455961     0.006447     0.510204
IMAGINARY
           0  0.000920438   0.00216406  -0.00582902
-0.000920438            0   0.00582902    0.0173958
 -0.00216406  -0.00582902            0   -0.0204803
  0.00582902   -0.0173958    0.0204803            0
EndNode1[0]<--->Repeater1[0]
REAL
   0.510204 -0.00394897  0.00364619    0.385877
-0.00394897  0.00952381 -0.00776758 -0.00613376
 0.00364619 -0.00776758  0.00408163  0.00394897
   0.385877 -0.00613376  0.00394897     0.47619
IMAGINARY
           0 -0.000960096    0.0142972  -0.00440713
 0.000960096            0   -0.0118901    0.0200738
  -0.0142972    0.0118901            0  -0.00747051
  0.00440713   -0.0200738   0.00747051            0
EndNode2[0]<--->HoM1[0]
REAL
   0.501868  -0.0131604  -0.0192688    0.413464
 -0.0131604  0.00871731 -0.00030651 -0.00309963
 -0.0192688 -0.00030651  0.00373599  0.00394987
   0.413464 -0.00309963  0.00394987    0.485679
IMAGINARY
          0   0.0235501  -0.0210352  -0.0147039
 -0.0235501           0  -0.0180064   0.0100957
  0.0210352   0.0180064           0 -0.00874961
  0.0147039  -0.0100957  0.00874961           0
Repeater1[0]<--->EndNode1[0]
REAL
   0.510204  0.00364619 -0.00394897    0.385877
 0.00364619  0.00408163 -0.00776758  0.00394897
-0.00394897 -0.00776758  0.00952381 -0.00613376
   0.385877  0.00394897 -0.00613376     0.47619
IMAGINARY
           0    0.0142972 -0.000960096  -0.00440713
  -0.0142972            0    0.0118901  -0.00747051
 0.000960096   -0.0118901            0    0.0200738
  0.00440713   0.00747051   -0.0200738            0
Repeater1[0]<--->HoM1[0]
REAL
   0.501868  -0.0192688  -0.0131604    0.413464
 -0.0192688  0.00373599 -0.00030651  0.00394987
 -0.0131604 -0.00030651  0.00871731 -0.00309963
   0.413464  0.00394987 -0.00309963    0.485679
IMAGINARY
          0  -0.0210352   0.0235501  -0.0147039
  0.0210352           0   0.0180064 -0.00874961
 -0.0235501  -0.0180064           0   0.0100957
  0.0147039  0.00874961  -0.0100957           0
EndNode1[0]<--->Repeater1[0]
REAL
    0.492105     0.009307 -0.000673947     0.393699
    0.009307    0.0144737   -0.0125894    0.0158655
-0.000673947   -0.0125894   0.00657895  0.000600531
    0.393699    0.0158655  0.000600531     0.486842
IMAGINARY
          0  0.00751677  -0.0315917  0.00369966
-0.00751677           0  0.00707347 -0.00601622
  0.0315917 -0.00707347           0 -0.00936634
-0.00369966  0.00601622  0.00936634           0
EndNode2[0]<--->HoM1[0]
REAL
    0.475655   -0.0120463 -0.000565538     0.399741
  -0.0120463   0.00499376    0.0101467   0.00244289
-0.000565538    0.0101467   0.00499376   0.00391114
    0.399741   0.00244289   0.00391114     0.514357
IMAGINARY
           0 -0.000708862    0.0191159  -0.00687641
 0.000708862            0   0.00819567    0.0100719
  -0.0191159  -0.00819567            0   -0.0170576
  0.00687641   -0.0100719    0.0170576            0
Repeater1[0]<--->EndNode1[0]
REAL
    0.492105 -0.000673947     0.009307     0.393699
-0.000673947   0.00657895   -0.0125894  0.000600531
    0.009307   -0.0125894    0.0144737    0.0158655
    0.393699  0.000600531    0.0158655     0.486842
IMAGINARY
          0  -0.0315917  0.00751677  0.00369966
  0.0315917           0 -0.00707347 -0.00936634
-0.00751677  0.00707347           0 -0.00601622
-0.00369966  0.00936634  0.00601622           0
Repeater1[0]<--->HoM1[0]
REAL
    0.475655 -0.000565538   -0.0120463     0.399741
-0.000565538   0.00499376    0.0101467   0.00391114
  -0.0120463    0.0101467   0.00499376   0.00244289
    0.399741   0.00391114   0.00244289     0.514357
IMAGINARY
           0    0.0191159 -0.000708862  -0.00687641
  -0.0191159            0  -0.00819567   -0.0170576
 0.000708862   0.00819567            0    0.0100719
  0.00687641    0.0170576   -0.0100719            0
EndNode1[0]<--->Repeater1[0]
REAL
   0.513213  -0.0096432  0.00880409    0.395673
 -0.0096432  0.00278164  0.00140588  0.00162706
 0.00880409  0.00140588  0.00139082 -0.00774206
   0.395673  0.00162706 -0.00774206    0.482615
IMAGINARY
          0  -0.0011208   0.0168057   0.0155973
  0.0011208           0  0.00346791 -0.00725154
 -0.0168057 -0.00346791           0 -0.00715945
 -0.0155973  0.00725154  0.00715945           0
EndNode2[0]<--->HoM1[0]
REAL
   0.526316   0.0100547 -0.00731505    0.395488
  0.0100547   0.0075188 0.000818384   0.0371446
-0.00731505 0.000818384   0.0075188   0.0126725
   0.395488   0.0371446   0.0126725    0.458647
IMAGINARY
           0 -0.000227312   0.00125942  -0.00860111
 0.000227312            0   -0.0122866  -0.00252846
 -0.00125942    0.0122866            0    0.0205319
  0.00860111   0.00252846   -0.0205319            0
Repeater1[0]<--->EndNode1[0]
REAL
   0.513213  0.00880409  -0.0096432    0.395673
 0.00880409  0.00139082  0.00140588 -0.00774206
 -0.0096432  0.00140588  0.00278164  0.00162706
   0.395673 -0.00774206  0.00162706    0.482615
IMAGINARY
          0   0.0168057  -0.0011208   0.0155973
 -0.0168057           0 -0.00346791 -0.00715945
  0.0011208  0.00346791           0 -0.00725154
 -0.0155973  0.00715945  0.00725154           0
Repeater1[0]<--->HoM1[0]
REAL
   0.526316 -0.00731505   0.0100547    0.395488
-0.00731505   0.0075188 0.000818384   0.0126725
  0.0100547 0.000818384   0.0075188   0.0371446
   0.395488   0.0126725   0.0371446    0.458647
IMAGINARY
           0   0.00125942 -0.000227312  -0.00860111
 -0.00125942            0    0.0122866    0.0205319
 0.000227312   -0.0122866            0  -0.00252846
  0.00860111   -0.0205319   0.00252846            0
EndNode1[0]<--->Repeater1[0]
REAL
   0.502571 -0.00696221  -0.0216186    0.377633
-0.00696221   0.0115681  0.00396283 -0.00605195
 -0.0216186  0.00396283  0.00642674  -0.0129863
   0.377633 -0.00605195  -0.0129863    0.479434
IMAGINARY
          0 -0.00534118   0.0025126   0.0241459
 0.00534118           0  0.00681594   -0.025119
 -0.0025126 -0.00681594           0   0.0319369
 -0.0241459    0.025119  -0.0319369           0
EndNode2[0]<--->HoM1[0]
REAL
   0.511873 -0.00592115   0.0165339    0.393953
-0.00592115  0.00791557  0.00520643 -0.00753028
  0.0165339  0.00520643  0.00263852   0.0221276
   0.393953 -0.00753028   0.0221276    0.477573
IMAGINARY
          0 -0.00330025  -0.0162674   0.0119458
 0.00330025           0   0.0126242  -0.0182594
  0.0162674  -0.0126242           0   0.0212031
 -0.0119458   0.0182594  -0.0212031           0
Repeater1[0]<--->EndNode1[0]
REAL
   0.502571  -0.0216186 -0.00696221    0.377633
 -0.0216186  0.00642674  0.00396283  -0.0129863
-0.00696221  0.00396283   0.0115681 -0.00605195
   0.377633  -0.0129863 -0.00605195    0.479434
IMAGINARY
          0   0.0025126 -0.00534118   0.0241459
 -0.0025126           0 -0.00681594   0.0319369
 0.00534118  0.00681594           0   -0.025119
 -0.0241459  -0.0319369    0.025119           0
Repeater1[0]<--->HoM1[0]
REAL
   0.511873   0.0165339 -0.00592115    0.393953
  0.0165339  0.00263852  0.00520643   0.0221276
-0.00592115  0.00520643  0.00791557 -0.00753028
   0.393953   0.0221276 -0.00753028    0.477573
IMAGINARY
          0  -0.0162674 -0.00330025   0.0119458
  0.0162674           0  -0.0126242   0.0212031
 0.00330025   0.0126242           0  -0.0182594
 -0.0119458  -0.0212031   0.0182594           0
EndNode1[0]<--->Repeater1[0]
REAL
   0.440367  -0.0067959 -0.00519619     0.39501
 -0.0067959  0.00131062 -0.00359584   0.0140346
-0.00519619 -0.00359584  0.00524246  0.00300802
    0.39501   0.0140346  0.00300802     0.55308
IMAGINARY
           0   -0.0358511   0.00340864   -0.0157154
   0.0358511            0  -0.00915372    0.0276433
 -0.00340864   0.00915372            0 -0.000270574
   0.0157154   -0.0276433  0.000270574            0
EndNode2[0]<--->HoM1[0]
REAL
     0.48961 -0.000653595   0.00130465     0.395113
-0.000653595   0.00779221   -0.0114528  0.000656138
  0.00130465   -0.0114528   0.00519481    -0.027451
    0.395113  0.000656138    -0.027451     0.497403
IMAGINARY
           0   0.00720389  -0.00286168     -0.01723
 -0.00720389            0    0.0103291 -0.000926197
  0.00286168   -0.0103291            0 -0.000890757
     0.01723  0.000926197  0.000890757            0
Repeater1[0]<--->EndNode1[0]
REAL
   0.440367 -0.00519619  -0.0067959     0.39501
-0.00519619  0.00524246 -0.00359584  0.00300802
 -0.0067959 -0.00359584  0.00131062   0.0140346
    0.39501  0.00300802   0.0140346     0.55308
IMAGINARY
           0   0.00340864   -0.0358511   -0.0157154
 -0.00340864            0   0.00915372 -0.000270574
   0.0358511  -0.00915372            0    0.0276433
   0.0157154  0.000270574   -0.0276433            0
Repeater1[0]<--->HoM1[0]
REAL
     0.48961   0.00130465 -0.000653595     0.395113
  0.00130465   0.00519481   -0.0114528    -0.027451
-0.000653595   -0.0114528   0.00779221  0.000656138
    0.395113    -0.027451  0.000656138     0.497403
IMAGINARY
           0  -0.00286168   0.00720389     -0.01723
  0.00286168            0   -0.0103291 -0.000890757
 -0.00720389    0.0103291            0 -0.000926197
     0.01723  0.000890757  0.000926197            0
EndNode1[0]<--->Repeater1[0]
REAL
    0.508685 -0.000521555    0.0135835      0.39407
-0.000521555   0.00744417   0.00975103  -0.00370205
   0.0135835   0.00975103   0.00496278    0.0143555
     0.39407  -0.00370205    0.0143555     0.478908
IMAGINARY
           0   0.00705267   0.00557651    0.0306898
 -0.00705267            0 -0.000600141   -0.0197153
 -0.00557651  0.000600141            0   0.00965684
  -0.0306898    0.0197153  -0.00965684            0
EndNode2[0]<--->HoM1[0]
REAL
   0.478697  0.00709262  0.00140675    0.399941
 0.00709262  0.00626566 -0.00832792 -0.00334223
 0.00140675 -0.00832792   0.0037594  0.00387512
   0.399941 -0.00334223  0.00387512    0.511278
IMAGINARY
           0  5.94995e-05    0.0197801   0.00135355
-5.94995e-05            0   -0.0044982  -0.00169227
  -0.0197801    0.0044982            0  -0.00651945
 -0.00135355   0.00169227   0.00651945            0
Repeater1[0]<--->EndNode1[0]
REAL
    0.508685    0.0135835 -0.000521555      0.39407
   0.0135835   0.00496278   0.00975103    0.0143555
-0.000521555   0.00975103   0.00744417  -0.00370205
     0.39407    0.0143555  -0.00370205     0.478908
IMAGINARY
           0   0.00557651   0.00705267    0.0306898
 -0.00557651            0  0.000600141   0.00965684
 -0.00705267 -0.000600141            0   -0.0197153
  -0.0306898  -0.00965684    0.0197153            0
Repeater1[0]<--->HoM1[0]
REAL
   0.478697  0.00140675  0.00709262    0.399941
 0.00140675   0.0037594 -0.00832792  0.00387512
 0.00709262 -0.00832792  0.00626566 -0.00334223
   0.399941  0.00387512 -0.00334223    0.511278
IMAGINARY
           0    0.0197801  5.94995e-05   0.00135355
  -0.0197801            0    0.0044982  -0.00651945
-5.94995e-05   -0.0044982            0  -0.00169227
 -0.00135355   0.00651945   0.00169227            0
EndNode1[0]<--->Repeater1[0]
REAL
   0.484549 -0.00346509 -0.00844475    0.384532
-0.00346509  0.00865266 -0.00668728   0.0234148
-0.00844475 -0.00668728  0.00494438   0.0256208
   0.384532   0.0234148   0.0256208    0.501854
IMAGINARY
           0   -0.0051228   -0.0033157   0.00567331
   0.0051228            0    0.0200336   0.00266039
   0.0033157   -0.0200336            0 -0.000774973
 -0.00567331  -0.00266039  0.000774973            0
EndNode2[0]<--->HoM1[0]
REAL
   0.508951   -0.016838 -0.00867351    0.381129
  -0.016838  0.00511509  0.00821513  -0.0172828
-0.00867351  0.00821513    0.011509 -0.00228771
   0.381129  -0.0172828 -0.00228771    0.474425
IMAGINARY
          0 -0.00671181   0.0273838  -0.0155849
 0.00671181           0   0.0186449  0.00663415
 -0.0273838  -0.0186449           0 -0.00548331
  0.0155849 -0.00663415  0.00548331           0
Repeater1[0]<--->EndNode1[0]
REAL
   0.484549 -0.00844475 -0.00346509    0.384532
-0.00844475  0.00494438 -0.00668728   0.0256208
-0.00346509 -0.00668728  0.00865266   0.0234148
   0.384532   0.0256208   0.0234148    0.501854
IMAGINARY
           0   -0.0033157   -0.0051228   0.00567331
   0.0033157            0   -0.0200336 -0.000774973
   0.0051228    0.0200336            0   0.00266039
 -0.00567331  0.000774973  -0.00266039            0
Repeater1[0]<--->HoM1[0]
REAL
   0.508951 -0.00867351   -0.016838    0.381129
-0.00867351    0.011509  0.00821513 -0.00228771
  -0.016838  0.00821513  0.00511509  -0.0172828
   0.381129 -0.00228771  -0.0172828    0.474425
IMAGINARY
          0   0.0273838 -0.00671181  -0.0155849
 -0.0273838           0  -0.0186449 -0.00548331
 0.00671181   0.0186449           0  0.00663415
  0.0155849  0.00548331 -0.00663415           0
EndNode1[0]<--->Repeater1[0]
REAL
   0.494438 -0.00723746 0.000316206    0.391179
-0.00723746  0.00865266  0.00078451 -0.00756258
0.000316206  0.00078451  0.00741656 -0.00791405
   0.391179 -0.00756258 -0.00791405    0.489493
IMAGINARY
          0 -0.00636393  0.00262467  0.00190355
 0.00636393           0 -0.00190355 -0.00262467
-0.00262467  0.00190355           0  0.00759546
-0.00190355  0.00262467 -0.00759546           0
EndNode2[0]<--->HoM1[0]
REAL
   0.471698   -0.011734  -0.0116657    0.394497
  -0.011734  0.00503145 -0.00401455   0.0057987
 -0.0116657 -0.00401455  0.00377358 -0.00195567
   0.394497   0.0057987 -0.00195567    0.519497
IMAGINARY
          0 -0.00183658 -0.00091804  -0.0170941
 0.00183658           0  -0.0133628  -0.0146435
 0.00091804   0.0133628           0   0.0106322
  0.0170941   0.0146435  -0.0106322           0
Repeater1[0]<--->EndNode1[0]
REAL
   0.494438 0.000316206 -0.00723746    0.391179
0.000316206  0.00741656  0.00078451 -0.00791405
-0.00723746  0.00078451  0.00865266 -0.00756258
   0.391179 -0.00791405 -0.00756258    0.489493
IMAGINARY
          0  0.00262467 -0.00636393  0.00190355
-0.00262467           0  0.00190355  0.00759546
 0.00636393 -0.00190355           0 -0.00262467
-0.00190355 -0.00759546  0.00262467           0
Repeater1[0]<--->HoM1[0]
REAL
   0.471698  -0.0116657   -0.011734    0.394497
 -0.0116657  0.00377358 -0.00401455 -0.00195567
  -0.011734 -0.00401455  0.00503145   0.0057987
   0.394497 -0.00195567   0.0057987    0.519497
IMAGINARY
          0 -0.00091804 -0.00183658  -0.0170941
 0.00091804           0   0.0133628   0.0106322
 0.00183658  -0.0133628           0  -0.0146435
  0.0170941  -0.0106322   0.0146435           0
EndNode1[0]<--->Repeater1[0]
REAL
   0.483676  0.00666418 -0.00027263    0.388561
 0.00666418  0.00483676 -0.00700006  0.00229147
-0.00027263 -0.00700006  0.00241838  0.00343003
   0.388561  0.00229147  0.00343003    0.509069
IMAGINARY
          0   0.0124105  -0.0166126  0.00848145
 -0.0124105           0 -0.00535254  -0.0121081
  0.0166126  0.00535254           0   0.0136992
-0.00848145   0.0121081  -0.0136992           0
EndNode2[0]<--->HoM1[0]
REAL
   0.479798   0.0076645 -0.00401882    0.391975
  0.0076645  0.00757576  -0.0046693  -0.0154112
-0.00401882  -0.0046693  0.00505051  -0.0180272
   0.391975  -0.0154112  -0.0180272    0.507576
IMAGINARY
          0   0.0169218  0.00437434  -0.0108668
 -0.0169218           0   0.0120923  -0.0184683
-0.00437434  -0.0120923           0  -0.0149084
  0.0108668   0.0184683   0.0149084           0
Repeater1[0]<--->EndNode1[0]
REAL
   0.483676 -0.00027263  0.00666418    0.388561
-0.00027263  0.00241838 -0.00700006  0.00343003
 0.00666418 -0.00700006  0.00483676  0.00229147
   0.388561  0.00343003  0.00229147    0.509069
IMAGINARY
          0  -0.0166126   0.0124105  0.00848145
  0.0166126           0  0.00535254   0.0136992
 -0.0124105 -0.00535254           0  -0.0121081
-0.00848145  -0.0136992   0.0121081           0
Repeater1[0]<--->HoM1[0]
REAL
   0.479798 -0.00401882   0.0076645    0.391975
-0.00401882  0.00505051  -0.0046693  -0.0180272
  0.0076645  -0.0046693  0.00757576  -0.0154112
   0.391975  -0.0180272  -0.0154112    0.507576
IMAGINARY
          0  0.00437434   0.0169218  -0.0108668
-0.00437434           0  -0.0120923  -0.0149084
 -0.0169218   0.0120923           0  -0.0184683
  0.0108668   0.0149084   0.0184683           0
EndNode1[0]<--->Repeater1[0]
