EndNode1[0]<--->Repeater1[0]
REAL
   0.429688  -0.0129646   -0.010309    0.328087
 -0.0129646   0.0859375  -0.0101484 -0.00374727
  -0.010309  -0.0101484   0.0820312  0.00158571
   0.328087 -0.00374727  0.00158571    0.402344
IMAGINARY
         0 -0.0140074  0.0252074  0.0190201
 0.0140074          0  0.0202608  0.0189102
-0.0252074 -0.0202608          0 -0.0227574
-0.0190201 -0.0189102  0.0227574          0
EndNode2[0]<--->HoM1[0]
REAL
   0.403846  -0.0051479  0.00557158    0.317034
 -0.0051479   0.0884615 -0.00894002   0.0127052
 0.00557158 -0.00894002   0.0807692  0.00384242
   0.317034   0.0127052  0.00384242    0.426923
IMAGINARY
           0   -0.0126192    0.0099184  7.43218e-05
   0.0126192            0  -0.00248978 -0.000827491
  -0.0099184   0.00248978            0  -0.00945868
-7.43218e-05  0.000827491   0.00945868            0
Repeater1[0]<--->EndNode1[0]
REAL
   0.429688   -0.010309  -0.0129646    0.328087
  -0.010309   0.0820312  -0.0101484  0.00158571
 -0.0129646  -0.0101484   0.0859375 -0.00374727
   0.328087  0.00158571 -0.00374727    0.402344
IMAGINARY
         0  0.0252074 -0.0140074  0.0190201
-0.0252074          0 -0.0202608 -0.0227574
 0.0140074  0.0202608          0  0.0189102
-0.0190201  0.0227574 -0.0189102          0
Repeater1[0]<--->HoM1[0]
REAL
   0.403846  0.00557158  -0.0051479    0.317034
 0.00557158   0.0807692 -0.00894002  0.00384242
 -0.0051479 -0.00894002   0.0884615   0.0127052
   0.317034  0.00384242   0.0127052    0.426923
IMAGINARY
           0    0.0099184   -0.0126192  7.43218e-05
  -0.0099184            0   0.00248978  -0.00945868
   0.0126192  -0.00248978            0 -0.000827491
-7.43218e-05   0.00945868  0.000827491            0
EndNode1[0]<--->Repeater1[0]
REAL
   0.408779  -0.0119468  -0.0405524    0.323174
 -0.0119468   0.0877915   0.0276912 -0.00671786
 -0.0405524   0.0276912   0.0973937  -0.0353235
   0.323174 -0.00671786  -0.0353235    0.406036
IMAGINARY
           0 -0.000547213    0.0148364   -0.0111791
 0.000547213            0  -0.00272657   0.00335682
  -0.0148364   0.00272657            0  -0.00635366
   0.0111791  -0.00335682   0.00635366            0
EndNode2[0]<--->HoM1[0]
REAL
   0.425879   0.0137516 -0.00699854    0.325083
  0.0137516   0.0665829  -0.0151767  0.00900658
-0.00699854  -0.0151767   0.0879397  0.00967548
   0.325083  0.00900658  0.00967548    0.419598
IMAGINARY
          0 -0.00324675  0.00645743  -0.0134346
 0.00324675           0  0.00478405  0.00393218
-0.00645743 -0.00478405           0  -0.0136364
  0.0134346 -0.00393218   0.0136364           0
Repeater1[0]<--->EndNode1[0]
REAL
   0.408779  -0.0405524  -0.0119468    0.323174
 -0.0405524   0.0973937   0.0276912  -0.0353235
 -0.0119468   0.0276912   0.0877915 -0.00671786
   0.323174  -0.0353235 -0.00671786    0.406036
IMAGINARY
           0    0.0148364 -0.000547213   -0.0111791
  -0.0148364            0   0.00272657  -0.00635366
 0.000547213  -0.00272657            0   0.00335682
   0.0111791   0.00635366  -0.00335682            0
Repeater1[0]<--->HoM1[0]
REAL
   0.425879 -0.00699854   0.0137516    0.325083
-0.00699854   0.0879397  -0.0151767  0.00967548
  0.0137516  -0.0151767   0.0665829  0.00900658
   0.325083  0.00967548  0.00900658    0.419598
IMAGINARY
          0  0.00645743 -0.00324675  -0.0134346
-0.00645743           0 -0.00478405  -0.0136364
 0.00324675  0.00478405           0  0.00393218
  0.0134346   0.0136364 -0.00393218           0
EndNode1[0]<--->Repeater1[0]
REAL
   0.422892 0.000425198   0.0123063    0.323009
0.000425198   0.0686747  -0.0203944   0.0236414
  0.0123063  -0.0203944   0.0795181   0.0211434
   0.323009   0.0236414   0.0211434    0.428916
IMAGINARY
          0  -0.0115536 -0.00824469 -0.00293795
  0.0115536           0  0.00227039  0.00022989
 0.00824469 -0.00227039           0  0.00107269
 0.00293795 -0.00022989 -0.00107269           0
EndNode2[0]<--->HoM1[0]
REAL
     0.41055   0.00154024  -0.00774011     0.322998
  0.00154024     0.087156  -0.00287243 -0.000435992
 -0.00774011  -0.00287243    0.0905963  -0.00594275
    0.322998 -0.000435992  -0.00594275     0.411697
IMAGINARY
           0    0.0220885   -0.0146805  -0.00106826
  -0.0220885            0     0.012988 -0.000244839
   0.0146805    -0.012988            0  -0.00716316
  0.00106826  0.000244839   0.00716316            0
Repeater1[0]<--->EndNode1[0]
REAL
   0.422892   0.0123063 0.000425198    0.323009
  0.0123063   0.0795181  -0.0203944   0.0211434
0.000425198  -0.0203944   0.0686747   0.0236414
   0.323009   0.0211434   0.0236414    0.428916
IMAGINARY
          0 -0.00824469  -0.0115536 -0.00293795
 0.00824469           0 -0.00227039  0.00107269
  0.0115536  0.00227039           0  0.00022989
 0.00293795 -0.00107269 -0.00022989           0
Repeater1[0]<--->HoM1[0]
REAL
     0.41055  -0.00774011   0.00154024     0.322998
 -0.00774011    0.0905963  -0.00287243  -0.00594275
  0.00154024  -0.00287243     0.087156 -0.000435992
    0.322998  -0.00594275 -0.000435992     0.411697
IMAGINARY
           0   -0.0146805    0.0220885  -0.00106826
   0.0146805            0    -0.012988  -0.00716316
  -0.0220885     0.012988            0 -0.000244839
  0.00106826   0.00716316  0.000244839            0
EndNode1[0]<--->Repeater1[0]
REAL
   0.418087 -0.00502239 -0.00296878    0.323418
-0.00502239   0.0878113 3.52618e-05 -0.00862916
-0.00296878 3.52618e-05   0.0799476   0.0256409
   0.323418 -0.00862916   0.0256409    0.414155
IMAGINARY
          0   0.0228323   -0.009818 -0.00777311
 -0.0228323           0 -0.00714259 -0.00510737
   0.009818  0.00714259           0   -0.012882
 0.00777311  0.00510737    0.012882           0
EndNode2[0]<--->HoM1[0]
REAL
   0.425532 -0.00631937 -0.00568749    0.318138
-0.00631937   0.0904255  -0.0102495 -0.00321836
-0.00568749  -0.0102495   0.0864362  0.00377484
   0.318138 -0.00321836  0.00377484    0.397606
IMAGINARY
           0  0.000243035  -0.00718631  -0.00115415
-0.000243035            0    0.0111675   -0.0115234
  0.00718631   -0.0111675            0     0.012015
  0.00115415    0.0115234    -0.012015            0
Repeater1[0]<--->EndNode1[0]
REAL
   0.418087 -0.00296878 -0.00502239    0.323418
-0.00296878   0.0799476 3.52618e-05   0.0256409
-0.00502239 3.52618e-05   0.0878113 -0.00862916
   0.323418   0.0256409 -0.00862916    0.414155
IMAGINARY
          0   -0.009818   0.0228323 -0.00777311
   0.009818           0  0.00714259   -0.012882
 -0.0228323 -0.00714259           0 -0.00510737
 0.00777311    0.012882  0.00510737           0
Repeater1[0]<--->HoM1[0]
REAL
   0.425532 -0.00568749 -0.00631937    0.318138
-0.00568749   0.0864362  -0.0102495  0.00377484
-0.00631937  -0.0102495   0.0904255 -0.00321836
   0.318138  0.00377484 -0.00321836    0.397606
IMAGINARY
           0  -0.00718631  0.000243035  -0.00115415
  0.00718631            0   -0.0111675     0.012015
-0.000243035    0.0111675            0   -0.0115234
  0.00115415    -0.012015    0.0115234            0
EndNode1[0]<--->Repeater1[0]
REAL
   0.416452  0.00545439  -0.0107081    0.327878
 0.00545439    0.096401 -0.00479137 -0.00497567
 -0.0107081 -0.00479137   0.0758355 -0.00231763
   0.327878 -0.00497567 -0.00231763    0.411311
IMAGINARY
           0    0.0110303  0.000625255   -0.0096401
  -0.0110303            0  -0.00321337  -0.00261729
-0.000625255   0.00321337            0   -0.0143504
   0.0096401   0.00261729    0.0143504            0
EndNode2[0]<--->HoM1[0]
REAL
    0.422368  -0.00721817 -0.000705399     0.344071
 -0.00721817    0.0921053   -0.0158016  -0.00920213
-0.000705399   -0.0158016    0.0789474  -0.00533137
    0.344071  -0.00920213  -0.00533137     0.406579
IMAGINARY
          0   0.0174015 -0.00215422  0.00959365
 -0.0174015           0  0.00516887  -0.0112216
 0.00215422 -0.00516887           0  0.00106984
-0.00959365   0.0112216 -0.00106984           0
Repeater1[0]<--->EndNode1[0]
REAL
   0.416452  -0.0107081  0.00545439    0.327878
 -0.0107081   0.0758355 -0.00479137 -0.00231763
 0.00545439 -0.00479137    0.096401 -0.00497567
   0.327878 -0.00231763 -0.00497567    0.411311
IMAGINARY
           0  0.000625255    0.0110303   -0.0096401
-0.000625255            0   0.00321337   -0.0143504
  -0.0110303  -0.00321337            0  -0.00261729
   0.0096401    0.0143504   0.00261729            0
Repeater1[0]<--->HoM1[0]
REAL
    0.422368 -0.000705399  -0.00721817     0.344071
-0.000705399    0.0789474   -0.0158016  -0.00533137
 -0.00721817   -0.0158016    0.0921053  -0.00920213
    0.344071  -0.00533137  -0.00920213     0.406579
IMAGINARY
          0 -0.00215422   0.0174015  0.00959365
 0.00215422           0 -0.00516887  0.00106984
 -0.0174015  0.00516887           0  -0.0112216
-0.00959365 -0.00106984   0.0112216           0
EndNode1[0]<--->Repeater1[0]
REAL
   0.377747   0.0216173 -0.00759505    0.330287
  0.0216173   0.0961538  -0.0202874  0.00384505
-0.00759505  -0.0202874   0.0906593 -0.00286727
   0.330287  0.00384505 -0.00286727     0.43544
IMAGINARY
           0   -0.0191123  -0.00798049 -0.000695584
   0.0191123            0   0.00597108    -0.010538
  0.00798049  -0.00597108            0    0.0159195
 0.000695584     0.010538   -0.0159195            0
EndNode2[0]<--->HoM1[0]
REAL
   0.438172  -0.0184001   0.0110436    0.324947
 -0.0184001    0.100806 0.000574037  -0.0136478
  0.0110436 0.000574037   0.0806452  0.00798343
   0.324947  -0.0136478  0.00798343    0.380376
IMAGINARY
          0   0.0239553 -0.00279411 -0.00449653
 -0.0239553           0 -0.00933747 -0.00855595
 0.00279411  0.00933747           0  -0.0066315
 0.00449653  0.00855595   0.0066315           0
Repeater1[0]<--->EndNode1[0]
REAL
   0.377747 -0.00759505   0.0216173    0.330287
-0.00759505   0.0906593  -0.0202874 -0.00286727
  0.0216173  -0.0202874   0.0961538  0.00384505
   0.330287 -0.00286727  0.00384505     0.43544
IMAGINARY
           0  -0.00798049   -0.0191123 -0.000695584
  0.00798049            0  -0.00597108    0.0159195
   0.0191123   0.00597108            0    -0.010538
 0.000695584   -0.0159195     0.010538            0
Repeater1[0]<--->HoM1[0]
REAL
   0.438172   0.0110436  -0.0184001    0.324947
  0.0110436   0.0806452 0.000574037  0.00798343
 -0.0184001 0.000574037    0.100806  -0.0136478
   0.324947  0.00798343  -0.0136478    0.380376
IMAGINARY
          0 -0.00279411   0.0239553 -0.00449653
 0.00279411           0  0.00933747  -0.0066315
 -0.0239553 -0.00933747           0 -0.00855595
 0.00449653   0.0066315  0.00855595           0
EndNode1[0]<--->Repeater1[0]
REAL
   0.400259   0.0191275   0.0158349    0.342931
  0.0191275   0.0932642 -0.00467644   0.0233179
  0.0158349 -0.00467644   0.0803109 -0.00308134
   0.342931   0.0233179 -0.00308134    0.426166
IMAGINARY
           0   0.00856319   -0.0135545  -0.00114861
 -0.00856319            0  -0.00313536    0.0110356
   0.0135545   0.00313536            0  0.000252936
  0.00114861   -0.0110356 -0.000252936            0
EndNode2[0]<--->HoM1[0]
REAL
   0.428752   0.0245676   0.0104311    0.329618
  0.0245676   0.0958386 -0.00176985  0.00982208
  0.0104311 -0.00176985   0.0769231 -0.00684605
   0.329618  0.00982208 -0.00684605    0.398487
IMAGINARY
          0   0.0181483  0.00456466   0.0042735
 -0.0181483           0  0.00982906   0.0142421
-0.00456466 -0.00982906           0  -0.0162028
 -0.0042735  -0.0142421   0.0162028           0
Repeater1[0]<--->EndNode1[0]
REAL
   0.400259   0.0158349   0.0191275    0.342931
  0.0158349   0.0803109 -0.00467644 -0.00308134
  0.0191275 -0.00467644   0.0932642   0.0233179
   0.342931 -0.00308134   0.0233179    0.426166
IMAGINARY
           0   -0.0135545   0.00856319  -0.00114861
   0.0135545            0   0.00313536  0.000252936
 -0.00856319  -0.00313536            0    0.0110356
  0.00114861 -0.000252936   -0.0110356            0
Repeater1[0]<--->HoM1[0]
REAL
   0.428752   0.0104311   0.0245676    0.329618
  0.0104311   0.0769231 -0.00176985 -0.00684605
  0.0245676 -0.00176985   0.0958386  0.00982208
   0.329618 -0.00684605  0.00982208    0.398487
IMAGINARY
          0  0.00456466   0.0181483   0.0042735
-0.00456466           0 -0.00982906  -0.0162028
 -0.0181483  0.00982906           0   0.0142421
 -0.0042735   0.0162028  -0.0142421           0
EndNode1[0]<--->Repeater1[0]
REAL
    0.438575   0.00157759   -0.0113684     0.329869
  0.00157759    0.0835381  0.000369702 -0.000567916
  -0.0113684  0.000369702    0.0835381  -0.00290385
    0.329869 -0.000567916  -0.00290385     0.394349
IMAGINARY
          0  0.00427486  0.00858312 -0.00392885
-0.00427486           0 -0.00594769  -0.0133193
-0.00858312  0.00594769           0  -0.0157769
 0.00392885   0.0133193   0.0157769           0
EndNode2[0]<--->HoM1[0]
REAL
   0.442038   0.0174734  -0.0111881    0.314737
  0.0174734   0.0726115 0.000686964  0.00549913
 -0.0111881 0.000686964   0.0828025  -0.0029348
   0.314737  0.00549913  -0.0029348    0.402548
IMAGINARY
          0  0.00412466  -0.0146894 -0.00980129
-0.00412466           0  -0.0216123  0.00504748
  0.0146894   0.0216123           0 -0.00136984
 0.00980129 -0.00504748  0.00136984           0
Repeater1[0]<--->EndNode1[0]
REAL
    0.438575   -0.0113684   0.00157759     0.329869
  -0.0113684    0.0835381  0.000369702  -0.00290385
  0.00157759  0.000369702    0.0835381 -0.000567916
    0.329869  -0.00290385 -0.000567916     0.394349
IMAGINARY
          0  0.00858312  0.00427486 -0.00392885
-0.00858312           0  0.00594769  -0.0157769
-0.00427486 -0.00594769           0  -0.0133193
 0.00392885   0.0157769   0.0133193           0
Repeater1[0]<--->HoM1[0]
REAL
   0.442038  -0.0111881   0.0174734    0.314737
 -0.0111881   0.0828025 0.000686964  -0.0029348
  0.0174734 0.000686964   0.0726115  0.00549913
   0.314737  -0.0029348  0.00549913    0.402548
IMAGINARY
          0  -0.0146894  0.00412466 -0.00980129
  0.0146894           0   0.0216123 -0.00136984
-0.00412466  -0.0216123           0  0.00504748
 0.00980129  0.00136984 -0.00504748           0
EndNode1[0]<--->Repeater1[0]
REAL
   0.413564 -0.00707076   0.0115687    0.335662
-0.00707076   0.0771277  -0.0235484  -0.0196033
  0.0115687  -0.0235484   0.0904255   0.0113971
   0.335662  -0.0196033   0.0113971    0.418883
IMAGINARY
          0  0.00975505  0.00386311 -0.00222566
-0.00975505           0  -0.0145207  0.00140005
-0.00386311   0.0145207           0  -0.0189656
 0.00222566 -0.00140005   0.0189656           0
EndNode2[0]<--->HoM1[0]
REAL
  0.408262 0.00370331 0.00713326   0.328759
0.00370331  0.0874848  0.0152213 0.00515175
0.00713326  0.0152213  0.0886999  0.0122672
  0.328759 0.00515175  0.0122672   0.415553
IMAGINARY
           0    0.0185552   0.00573744 -0.000919712
  -0.0185552            0    0.0165447   0.00384111
 -0.00573744   -0.0165447            0    0.0076262
 0.000919712  -0.00384111   -0.0076262            0
Repeater1[0]<--->EndNode1[0]
REAL
   0.413564   0.0115687 -0.00707076    0.335662
  0.0115687   0.0904255  -0.0235484   0.0113971
-0.00707076  -0.0235484   0.0771277  -0.0196033
   0.335662   0.0113971  -0.0196033    0.418883
IMAGINARY
          0  0.00386311  0.00975505 -0.00222566
-0.00386311           0   0.0145207  -0.0189656
-0.00975505  -0.0145207           0  0.00140005
 0.00222566   0.0189656 -0.00140005           0
Repeater1[0]<--->HoM1[0]
REAL
  0.408262 0.00713326 0.00370331   0.328759
0.00713326  0.0886999  0.0152213  0.0122672
0.00370331  0.0152213  0.0874848 0.00515175
  0.328759  0.0122672 0.00515175   0.415553
IMAGINARY
           0   0.00573744    0.0185552 -0.000919712
 -0.00573744            0   -0.0165447    0.0076262
  -0.0185552    0.0165447            0   0.00384111
 0.000919712   -0.0076262  -0.00384111            0
EndNode1[0]<--->Repeater1[0]
REAL
   0.410383  0.00981675 -0.00809995    0.332482
 0.00981675   0.0951792 -0.00234508  -0.0138179
-0.00809995 -0.00234508   0.0865266 -0.00981675
   0.332482  -0.0138179 -0.00981675    0.407911
IMAGINARY
           0  0.000708169   0.00246734  -0.00865874
-0.000708169            0   0.00540776  -0.00182714
 -0.00246734  -0.00540776            0   -0.0051896
  0.00865874   0.00182714    0.0051896            0
EndNode2[0]<--->HoM1[0]
REAL
   0.448509   0.0389648   0.0158159    0.326466
  0.0389648    0.096206 -0.00773808  0.00999442
  0.0158159 -0.00773808   0.0772358 -0.00475108
   0.326466  0.00999442 -0.00475108    0.378049
IMAGINARY
           0   -0.0165202     0.026611    0.0018388
   0.0165202            0    0.0115712   0.00341512
   -0.026611   -0.0115712            0  0.000854361
  -0.0018388  -0.00341512 -0.000854361            0
Repeater1[0]<--->EndNode1[0]
REAL
   0.410383 -0.00809995  0.00981675    0.332482
-0.00809995   0.0865266 -0.00234508 -0.00981675
 0.00981675 -0.00234508   0.0951792  -0.0138179
   0.332482 -0.00981675  -0.0138179    0.407911
IMAGINARY
           0   0.00246734  0.000708169  -0.00865874
 -0.00246734            0  -0.00540776   -0.0051896
-0.000708169   0.00540776            0  -0.00182714
  0.00865874    0.0051896   0.00182714            0
Repeater1[0]<--->HoM1[0]
REAL
   0.448509   0.0158159   0.0389648    0.326466
  0.0158159   0.0772358 -0.00773808 -0.00475108
  0.0389648 -0.00773808    0.096206  0.00999442
   0.326466 -0.00475108  0.00999442    0.378049
IMAGINARY
           0     0.026611   -0.0165202    0.0018388
   -0.026611            0   -0.0115712  0.000854361
   0.0165202    0.0115712            0   0.00341512
  -0.0018388 -0.000854361  -0.00341512            0
EndNode1[0]<--->Repeater1[0]
REAL
      0.412  0.00188878    0.024464    0.325729
 0.00188878   0.0893333 -0.00630205  0.00604656
   0.024464 -0.00630205   0.0933333   0.0074512
   0.325729  0.00604656   0.0074512    0.405333
IMAGINARY
          0 -0.00412605  0.00551915   0.0166657
 0.00412605           0  -0.0236366  0.00229335
-0.00551915   0.0236366           0   0.0106365
 -0.0166657 -0.00229335  -0.0106365           0
EndNode2[0]<--->HoM1[0]
REAL
   0.436675 -0.00604356  0.00474083    0.320252
-0.00604356   0.0831135  -0.0010358  0.00474083
 0.00474083  -0.0010358   0.0778364    0.014261
   0.320252  0.00474083    0.014261    0.402375
IMAGINARY
          0  0.00500483  -0.0205345  0.00125324
-0.00500483           0  -0.0106366  0.00279466
  0.0205345   0.0106366           0   0.0101069
-0.00125324 -0.00279466  -0.0101069           0
Repeater1[0]<--->EndNode1[0]
REAL
      0.412    0.024464  0.00188878    0.325729
   0.024464   0.0933333 -0.00630205   0.0074512
 0.00188878 -0.00630205   0.0893333  0.00604656
   0.325729   0.0074512  0.00604656    0.405333
IMAGINARY
          0  0.00551915 -0.00412605   0.0166657
-0.00551915           0   0.0236366   0.0106365
 0.00412605  -0.0236366           0  0.00229335
 -0.0166657  -0.0106365 -0.00229335           0
Repeater1[0]<--->HoM1[0]
REAL
   0.436675  0.00474083 -0.00604356    0.320252
 0.00474083   0.0778364  -0.0010358    0.014261
-0.00604356  -0.0010358   0.0831135  0.00474083
   0.320252    0.014261  0.00474083    0.402375
IMAGINARY
          0  -0.0205345  0.00500483  0.00125324
  0.0205345           0   0.0106366   0.0101069
-0.00500483  -0.0106366           0  0.00279466
-0.00125324  -0.0101069 -0.00279466           0
EndNode1[0]<--->Repeater1[0]
REAL
   0.403465  0.00713532  -0.0133401    0.317805
 0.00713532   0.0965347  0.00828157   0.0179515
 -0.0133401  0.00828157   0.0940594 0.000111056
   0.317805   0.0179515 0.000111056    0.405941
IMAGINARY
          0  0.00669822 -0.00256281  -0.0053188
-0.00669822           0   0.0121006 -0.00194169
 0.00256281  -0.0121006           0 -0.00219371
  0.0053188  0.00194169  0.00219371           0
EndNode2[0]<--->HoM1[0]
REAL
    0.40736   0.0138484   0.0103812    0.327415
  0.0138484   0.0748731   0.0016005 -0.00390452
  0.0103812   0.0016005   0.0799492 -0.00737174
   0.327415 -0.00390452 -0.00737174    0.437817
IMAGINARY
          0  -0.0109826  0.00517839   0.0105634
  0.0109826           0  -0.0105634   0.0198843
-0.00517839   0.0105634           0   0.0172483
 -0.0105634  -0.0198843  -0.0172483           0
Repeater1[0]<--->EndNode1[0]
REAL
   0.403465  -0.0133401  0.00713532    0.317805
 -0.0133401   0.0940594  0.00828157 0.000111056
 0.00713532  0.00828157   0.0965347   0.0179515
   0.317805 0.000111056   0.0179515    0.405941
IMAGINARY
          0 -0.00256281  0.00669822  -0.0053188
 0.00256281           0  -0.0121006 -0.00219371
-0.00669822   0.0121006           0 -0.00194169
  0.0053188  0.00219371  0.00194169           0
Repeater1[0]<--->HoM1[0]
REAL
    0.40736   0.0103812   0.0138484    0.327415
  0.0103812   0.0799492   0.0016005 -0.00737174
  0.0138484   0.0016005   0.0748731 -0.00390452
   0.327415 -0.00737174 -0.00390452    0.437817
IMAGINARY
          0  0.00517839  -0.0109826   0.0105634
-0.00517839           0   0.0105634   0.0172483
  0.0109826  -0.0105634           0   0.0198843
 -0.0105634  -0.0172483  -0.0198843           0
EndNode1[0]<--->Repeater1[0]
REAL
    0.392904   -0.0186026 -0.000762055     0.315603
  -0.0186026    0.0906702    -0.005236  -0.00871961
-0.000762055    -0.005236    0.0814717   0.00406405
    0.315603  -0.00871961   0.00406405     0.434954
IMAGINARY
          0   0.0199088  -0.0186942 -0.00581826
 -0.0199088           0  -0.0188731    0.014247
  0.0186942   0.0188731           0  -0.0218148
 0.00581826   -0.014247   0.0218148           0
EndNode2[0]<--->HoM1[0]
REAL
   0.429698   0.0197197 -0.00456336    0.336882
  0.0197197   0.0775296  0.00637395  0.00274076
-0.00456336  0.00637395   0.0814717  -0.0130368
   0.336882  0.00274076  -0.0130368    0.411301
IMAGINARY
          0  0.00635855  -0.0213325  0.00802275
-0.00635855           0  0.00868676   0.0219844
  0.0213325 -0.00868676           0 -0.00701044
-0.00802275  -0.0219844  0.00701044           0
Repeater1[0]<--->EndNode1[0]
REAL
    0.392904 -0.000762055   -0.0186026     0.315603
-0.000762055    0.0814717    -0.005236   0.00406405
  -0.0186026    -0.005236    0.0906702  -0.00871961
    0.315603   0.00406405  -0.00871961     0.434954
IMAGINARY
          0  -0.0186942   0.0199088 -0.00581826
  0.0186942           0   0.0188731  -0.0218148
 -0.0199088  -0.0188731           0    0.014247
 0.00581826   0.0218148   -0.014247           0
Repeater1[0]<--->HoM1[0]
REAL
   0.429698 -0.00456336   0.0197197    0.336882
-0.00456336   0.0814717  0.00637395  -0.0130368
  0.0197197  0.00637395   0.0775296  0.00274076
   0.336882  -0.0130368  0.00274076    0.411301
IMAGINARY
          0  -0.0213325  0.00635855  0.00802275
  0.0213325           0 -0.00868676 -0.00701044
-0.00635855  0.00868676           0   0.0219844
-0.00802275  0.00701044  -0.0219844           0
EndNode1[0]<--->Repeater1[0]
REAL
  0.406905 -0.0130536 -0.0113727   0.322234
-0.0130536  0.0900123 0.00334697 0.00362077
-0.0113727 0.00334697  0.0850801  0.0195135
  0.322234 0.00362077  0.0195135   0.418002
IMAGINARY
          0 -0.00779804  -0.0109488  0.00335583
 0.00779804           0   0.0108592  0.00124633
  0.0109488  -0.0108592           0   0.0200878
-0.00335583 -0.00124633  -0.0200878           0
EndNode2[0]<--->HoM1[0]
REAL
      0.424  0.00420558   0.0141379    0.331439
 0.00420558       0.092   0.0102387 -0.00669542
  0.0141379   0.0102387         0.1  -0.0116481
   0.331439 -0.00669542  -0.0116481       0.384
IMAGINARY
          0 -0.00862069  -0.0046269  0.00901417
 0.00862069           0  -0.0194308  0.00654261
  0.0046269   0.0194308           0 -0.00862069
-0.00901417 -0.00654261  0.00862069           0
Repeater1[0]<--->EndNode1[0]
REAL
  0.406905 -0.0113727 -0.0130536   0.322234
-0.0113727  0.0850801 0.00334697  0.0195135
-0.0130536 0.00334697  0.0900123 0.00362077
  0.322234  0.0195135 0.00362077   0.418002
IMAGINARY
          0  -0.0109488 -0.00779804  0.00335583
  0.0109488           0  -0.0108592   0.0200878
 0.00779804   0.0108592           0  0.00124633
-0.00335583  -0.0200878 -0.00124633           0
Repeater1[0]<--->HoM1[0]
REAL
      0.424   0.0141379  0.00420558    0.331439
  0.0141379         0.1   0.0102387  -0.0116481
 0.00420558   0.0102387       0.092 -0.00669542
   0.331439  -0.0116481 -0.00669542       0.384
IMAGINARY
          0  -0.0046269 -0.00862069  0.00901417
  0.0046269           0   0.0194308 -0.00862069
 0.00862069  -0.0194308           0  0.00654261
-0.00901417  0.00862069 -0.00654261           0
EndNode1[0]<--->Repeater1[0]
REAL
   0.428016  -0.0274068 -0.00895131    0.326409
 -0.0274068   0.0856031  0.00589649  0.00463565
-0.00895131  0.00589649    0.076524  0.00336242
   0.326409  0.00463565  0.00336242    0.409857
IMAGINARY
          0   0.0149498 -0.00374307  -0.0243404
 -0.0149498           0   0.0194504  0.00630718
 0.00374307  -0.0194504           0 -0.00725748
  0.0243404 -0.00630718  0.00725748           0
EndNode2[0]<--->HoM1[0]
REAL
   0.387833  0.00895141  -0.0112236    0.317783
 0.00895141    0.095057  0.00984491   0.0148911
 -0.0112236  0.00984491   0.0735108 -0.00895141
   0.317783   0.0148911 -0.00895141    0.443599
IMAGINARY
          0  0.00408727   0.0228809  -0.0116649
-0.00408727           0 -0.00978283  -0.0171191
 -0.0228809  0.00978283           0  0.00807663
  0.0116649   0.0171191 -0.00807663           0
Repeater1[0]<--->EndNode1[0]
REAL
   0.428016 -0.00895131  -0.0274068    0.326409
-0.00895131    0.076524  0.00589649  0.00336242
 -0.0274068  0.00589649   0.0856031  0.00463565
   0.326409  0.00336242  0.00463565    0.409857
IMAGINARY
          0 -0.00374307   0.0149498  -0.0243404
 0.00374307           0  -0.0194504 -0.00725748
 -0.0149498   0.0194504           0  0.00630718
  0.0243404  0.00725748 -0.00630718           0
Repeater1[0]<--->HoM1[0]
REAL
   0.387833  -0.0112236  0.00895141    0.317783
 -0.0112236   0.0735108  0.00984491 -0.00895141
 0.00895141  0.00984491    0.095057   0.0148911
   0.317783 -0.00895141   0.0148911    0.443599
IMAGINARY
          0   0.0228809  0.00408727  -0.0116649
 -0.0228809           0  0.00978283  0.00807663
-0.00408727 -0.00978283           0  -0.0171191
  0.0116649 -0.00807663   0.0171191           0
EndNode1[0]<--->Repeater1[0]
REAL
   0.424077  0.00549872  -0.0297892    0.325267
 0.00549872   0.0998632   0.0145258   0.0194533
 -0.0297892   0.0145258   0.0875513 -0.00291474
   0.325267   0.0194533 -0.00291474    0.388509
IMAGINARY
           0   0.00817544   0.00348364   -0.0151082
 -0.00817544            0    0.0067427   -0.0137138
 -0.00348364   -0.0067427            0 -0.000502802
   0.0151082    0.0137138  0.000502802            0
EndNode2[0]<--->HoM1[0]
REAL
    0.407263  -0.00385924   0.00324401     0.319419
 -0.00385924    0.0907912  -0.00564326 -0.000692994
  0.00324401  -0.00564326    0.0894942   0.00896128
    0.319419 -0.000692994   0.00896128     0.412451
IMAGINARY
           0   0.00617299   0.00201676   0.00770369
 -0.00617299            0   -0.0148188    0.0054274
 -0.00201676    0.0148188            0  3.04839e-05
 -0.00770369   -0.0054274 -3.04839e-05            0
Repeater1[0]<--->EndNode1[0]
REAL
   0.424077  -0.0297892  0.00549872    0.325267
 -0.0297892   0.0875513   0.0145258 -0.00291474
 0.00549872   0.0145258   0.0998632   0.0194533
   0.325267 -0.00291474   0.0194533    0.388509
IMAGINARY
           0   0.00348364   0.00817544   -0.0151082
 -0.00348364            0   -0.0067427 -0.000502802
 -0.00817544    0.0067427            0   -0.0137138
   0.0151082  0.000502802    0.0137138            0
Repeater1[0]<--->HoM1[0]
REAL
    0.407263   0.00324401  -0.00385924     0.319419
  0.00324401    0.0894942  -0.00564326   0.00896128
 -0.00385924  -0.00564326    0.0907912 -0.000692994
    0.319419   0.00896128 -0.000692994     0.412451
IMAGINARY
           0   0.00201676   0.00617299   0.00770369
 -0.00201676            0    0.0148188  3.04839e-05
 -0.00617299   -0.0148188            0    0.0054274
 -0.00770369 -3.04839e-05   -0.0054274            0
EndNode1[0]<--->Repeater1[0]
REAL
   0.410289  0.00778003   0.0172532    0.320286
 0.00778003    0.097867 -0.00580078 -0.00264072
  0.0172532 -0.00580078   0.0677541 -0.00587406
   0.320286 -0.00264072 -0.00587406     0.42409
IMAGINARY
           0    0.0142798   0.00294102  -0.00323466
  -0.0142798            0  0.000582137   -0.0159845
 -0.00294102 -0.000582137            0    0.0012482
  0.00323466    0.0159845   -0.0012482            0
EndNode2[0]<--->HoM1[0]
REAL
    0.370656    0.0253687 -6.26566e-05      0.33802
   0.0253687      0.10296  -0.00380977    0.0237469
-6.26566e-05  -0.00380977    0.0759331  0.000947098
     0.33802    0.0237469  0.000947098      0.45045
IMAGINARY
          0   0.0140314  -0.0101196 -0.00950046
 -0.0140314           0  9.1862e-05  0.00685165
  0.0101196 -9.1862e-05           0 -0.00161313
 0.00950046 -0.00685165  0.00161313           0
Repeater1[0]<--->EndNode1[0]
REAL
   0.410289   0.0172532  0.00778003    0.320286
  0.0172532   0.0677541 -0.00580078 -0.00587406
 0.00778003 -0.00580078    0.097867 -0.00264072
   0.320286 -0.00587406 -0.00264072     0.42409
IMAGINARY
           0   0.00294102    0.0142798  -0.00323466
 -0.00294102            0 -0.000582137    0.0012482
  -0.0142798  0.000582137            0   -0.0159845
  0.00323466   -0.0012482    0.0159845            0
Repeater1[0]<--->HoM1[0]
REAL
    0.370656 -6.26566e-05    0.0253687      0.33802
-6.26566e-05    0.0759331  -0.00380977  0.000947098
   0.0253687  -0.00380977      0.10296    0.0237469
     0.33802  0.000947098    0.0237469      0.45045
IMAGINARY
          0  -0.0101196   0.0140314 -0.00950046
  0.0101196           0 -9.1862e-05 -0.00161313
 -0.0140314  9.1862e-05           0  0.00685165
 0.00950046  0.00161313 -0.00685165           0
EndNode1[0]<--->Repeater1[0]
REAL
   0.422053  0.00192684  0.00948663    0.327491
 0.00192684   0.0798479 -0.00728096  0.00101206
 0.00948663 -0.00728096   0.0874525   0.0125089
   0.327491  0.00101206   0.0125089    0.410646
IMAGINARY
          0 -0.00557934  0.00819959 -0.00886996
 0.00557934           0  0.00498395 -0.00881611
-0.00819959 -0.00498395           0 -0.00366851
 0.00886996  0.00881611  0.00366851           0
EndNode2[0]<--->HoM1[0]
REAL
   0.421437  0.00361993 0.000347848    0.314648
 0.00361993   0.0742996  -0.0127981   0.0108807
0.000347848  -0.0127981   0.0742996  0.00232459
   0.314648   0.0108807  0.00232459    0.429963
IMAGINARY
          0 -0.00578687  0.00543478  0.00144902
 0.00578687           0   0.0117271  0.00543478
-0.00543478  -0.0117271           0  -0.0118762
-0.00144902 -0.00543478   0.0118762           0
Repeater1[0]<--->EndNode1[0]
REAL
   0.422053  0.00948663  0.00192684    0.327491
 0.00948663   0.0874525 -0.00728096   0.0125089
 0.00192684 -0.00728096   0.0798479  0.00101206
   0.327491   0.0125089  0.00101206    0.410646
IMAGINARY
          0  0.00819959 -0.00557934 -0.00886996
-0.00819959           0 -0.00498395 -0.00366851
 0.00557934  0.00498395           0 -0.00881611
 0.00886996  0.00366851  0.00881611           0
Repeater1[0]<--->HoM1[0]
REAL
   0.421437 0.000347848  0.00361993    0.314648
0.000347848   0.0742996  -0.0127981  0.00232459
 0.00361993  -0.0127981   0.0742996   0.0108807
   0.314648  0.00232459   0.0108807    0.429963
IMAGINARY
          0  0.00543478 -0.00578687  0.00144902
-0.00543478           0  -0.0117271  -0.0118762
 0.00578687   0.0117271           0  0.00543478
-0.00144902   0.0118762 -0.00543478           0
EndNode1[0]<--->Repeater1[0]
REAL
   0.395349 -0.00627004  -0.0222643    0.323074
-0.00627004    0.102599 -0.00429133  0.00110023
 -0.0222643 -0.00429133   0.0807114 -0.00563472
   0.323074  0.00110023 -0.00563472    0.421341
IMAGINARY
          0 -0.00873828  0.00943927   -0.017009
 0.00873828           0    0.017009   0.0263664
-0.00943927   -0.017009           0  -0.0283461
   0.017009  -0.0263664   0.0283461           0
EndNode2[0]<--->HoM1[0]
REAL
   0.407792   0.0288021   0.0212791     0.31239
  0.0288021   0.0831169 0.000268508    0.014164
  0.0212791 0.000268508   0.0948052  0.00157766
    0.31239    0.014164  0.00157766    0.414286
IMAGINARY
          0 -0.00899148   -0.024368 -0.00487046
 0.00899148           0  -0.0125041  -0.0138139
   0.024368   0.0125041           0    0.014446
 0.00487046   0.0138139   -0.014446           0
Repeater1[0]<--->EndNode1[0]
REAL
   0.395349  -0.0222643 -0.00627004    0.323074
 -0.0222643   0.0807114 -0.00429133 -0.00563472
-0.00627004 -0.00429133    0.102599  0.00110023
   0.323074 -0.00563472  0.00110023    0.421341
IMAGINARY
          0  0.00943927 -0.00873828   -0.017009
-0.00943927           0   -0.017009  -0.0283461
 0.00873828    0.017009           0   0.0263664
   0.017009   0.0283461  -0.0263664           0
Repeater1[0]<--->HoM1[0]
REAL
   0.407792   0.0212791   0.0288021     0.31239
  0.0212791   0.0948052 0.000268508  0.00157766
  0.0288021 0.000268508   0.0831169    0.014164
    0.31239  0.00157766    0.014164    0.414286
IMAGINARY
          0   -0.024368 -0.00899148 -0.00487046
   0.024368           0   0.0125041    0.014446
 0.00899148  -0.0125041           0  -0.0138139
 0.00487046   -0.014446   0.0138139           0
EndNode1[0]<--->Repeater1[0]
REAL
   0.411613 -0.00159829  0.00156826    0.323767
-0.00159829   0.0993548   0.0115117  -0.0307511
 0.00156826   0.0115117    0.076129  -0.0055353
   0.323767  -0.0307511  -0.0055353    0.412903
IMAGINARY
          0 -0.00870968   0.0199082   0.0129713
 0.00870968           0  0.00292108  -0.0218639
 -0.0199082 -0.00292108           0   0.0158805
 -0.0129713   0.0218639  -0.0158805           0
EndNode2[0]<--->HoM1[0]
REAL
   0.431447  0.00397901  0.00844808    0.337323
 0.00397901   0.0666667  0.00986224   0.0210425
 0.00844808  0.00986224    0.072956 -0.00129804
   0.337323   0.0210425 -0.00129804    0.428931
IMAGINARY
          0  -0.0239874    0.004275   0.0116138
  0.0239874           0 -0.00571607   0.0121284
  -0.004275  0.00571607           0 -0.00213652
 -0.0116138  -0.0121284  0.00213652           0
Repeater1[0]<--->EndNode1[0]
REAL
   0.411613  0.00156826 -0.00159829    0.323767
 0.00156826    0.076129   0.0115117  -0.0055353
-0.00159829   0.0115117   0.0993548  -0.0307511
   0.323767  -0.0055353  -0.0307511    0.412903
IMAGINARY
          0   0.0199082 -0.00870968   0.0129713
 -0.0199082           0 -0.00292108   0.0158805
 0.00870968  0.00292108           0  -0.0218639
 -0.0129713  -0.0158805   0.0218639           0
Repeater1[0]<--->HoM1[0]
REAL
   0.431447  0.00844808  0.00397901    0.337323
 0.00844808    0.072956  0.00986224 -0.00129804
 0.00397901  0.00986224   0.0666667   0.0210425
   0.337323 -0.00129804   0.0210425    0.428931
IMAGINARY
          0    0.004275  -0.0239874   0.0116138
  -0.004275           0  0.00571607 -0.00213652
  0.0239874 -0.00571607           0   0.0121284
 -0.0116138  0.00213652  -0.0121284           0
EndNode1[0]<--->Repeater1[0]
REAL
  0.391967 0.00104789 0.00663056   0.313533
0.00104789  0.0969529 0.00536466 0.00386813
0.00663056 0.00536466   0.098338 -0.0115466
  0.313533 0.00386813 -0.0115466   0.412742
IMAGINARY
          0 -0.00831332   0.0187449 -0.00281775
 0.00831332           0  -0.0241745 -0.00265583
 -0.0187449   0.0241745           0 -0.00653817
 0.00281775  0.00265583  0.00653817           0
EndNode2[0]<--->HoM1[0]
REAL
   0.412385 -0.00185293  -0.0130216    0.311429
-0.00185293   0.0750988  0.00766602 0.000458789
 -0.0130216  0.00766602   0.0935441 -0.00317219
   0.311429 0.000458789 -0.00317219    0.418972
IMAGINARY
          0  0.00227145   0.0108299  -0.0107818
-0.00227145           0  -0.0024591   0.0160518
 -0.0108299   0.0024591           0  -0.0237768
  0.0107818  -0.0160518   0.0237768           0
Repeater1[0]<--->EndNode1[0]
REAL
  0.391967 0.00663056 0.00104789   0.313533
0.00663056   0.098338 0.00536466 -0.0115466
0.00104789 0.00536466  0.0969529 0.00386813
  0.313533 -0.0115466 0.00386813   0.412742
IMAGINARY
          0   0.0187449 -0.00831332 -0.00281775
 -0.0187449           0   0.0241745 -0.00653817
 0.00831332  -0.0241745           0 -0.00265583
 0.00281775  0.00653817  0.00265583           0
Repeater1[0]<--->HoM1[0]
REAL
   0.412385  -0.0130216 -0.00185293    0.311429
 -0.0130216   0.0935441  0.00766602 -0.00317219
-0.00185293  0.00766602   0.0750988 0.000458789
   0.311429 -0.00317219 0.000458789    0.418972
IMAGINARY
          0   0.0108299  0.00227145  -0.0107818
 -0.0108299           0   0.0024591  -0.0237768
-0.00227145  -0.0024591           0   0.0160518
  0.0107818   0.0237768  -0.0160518           0
EndNode1[0]<--->Repeater1[0]
REAL
     0.44378   0.00965131   -0.0091154     0.332593
  0.00965131    0.0741627 -0.000522665   0.00532752
  -0.0091154 -0.000522665    0.0729665  -0.00965131
    0.332593   0.00532752  -0.00965131     0.409091
IMAGINARY
          0  0.00486867     0.02446  -0.0124854
-0.00486867           0  0.00865887  -0.0133778
   -0.02446 -0.00865887           0  -0.0185584
  0.0124854   0.0133778   0.0185584           0
EndNode2[0]<--->HoM1[0]
REAL
    0.426923  -0.00252408   0.00583836     0.321395
 -0.00252408    0.0769231 -0.000714324   -0.0189274
  0.00583836 -0.000714324    0.0935897  -0.00925603
    0.321395   -0.0189274  -0.00925603     0.402564
IMAGINARY
          0 -0.00402214  -0.0068289 -0.00599732
 0.00402214           0  -0.0151837  0.00238163
  0.0068289   0.0151837           0  0.00592811
 0.00599732 -0.00238163 -0.00592811           0
Repeater1[0]<--->EndNode1[0]
REAL
     0.44378   -0.0091154   0.00965131     0.332593
  -0.0091154    0.0729665 -0.000522665  -0.00965131
  0.00965131 -0.000522665    0.0741627   0.00532752
    0.332593  -0.00965131   0.00532752     0.409091
IMAGINARY
          0     0.02446  0.00486867  -0.0124854
   -0.02446           0 -0.00865887  -0.0185584
-0.00486867  0.00865887           0  -0.0133778
  0.0124854   0.0185584   0.0133778           0
Repeater1[0]<--->HoM1[0]
REAL
    0.426923   0.00583836  -0.00252408     0.321395
  0.00583836    0.0935897 -0.000714324  -0.00925603
 -0.00252408 -0.000714324    0.0769231   -0.0189274
    0.321395  -0.00925603   -0.0189274     0.402564
IMAGINARY
          0  -0.0068289 -0.00402214 -0.00599732
  0.0068289           0   0.0151837  0.00592811
 0.00402214  -0.0151837           0  0.00238163
 0.00599732 -0.00592811 -0.00238163           0
EndNode1[0]<--->Repeater1[0]
REAL
    0.403509     0.018266 -0.000720646     0.322425
    0.018266     0.093985   0.00560026   -0.0101074
-0.000720646   0.00560026    0.0927318   -0.0125335
    0.322425   -0.0101074   -0.0125335     0.409774
IMAGINARY
          0 -0.00366751   0.0121438   0.0130783
 0.00366751           0   0.0112056 -0.00603799
 -0.0121438  -0.0112056           0  0.00977335
 -0.0130783  0.00603799 -0.00977335           0
EndNode2[0]<--->HoM1[0]
REAL
   0.386968    0.007849 -0.00487449    0.326299
   0.007849   0.0890957 -0.00572192   -0.012064
-0.00487449 -0.00572192   0.0890957 -0.00345753
   0.326299   -0.012064 -0.00345753     0.43484
IMAGINARY
          0  0.00629215 -0.00108653    0.023485
-0.00629215           0   0.0165667  0.00633587
 0.00108653  -0.0165667           0 -0.00104281
  -0.023485 -0.00633587  0.00104281           0
Repeater1[0]<--->EndNode1[0]
REAL
    0.403509 -0.000720646     0.018266     0.322425
-0.000720646    0.0927318   0.00560026   -0.0125335
    0.018266   0.00560026     0.093985   -0.0101074
    0.322425   -0.0125335   -0.0101074     0.409774
IMAGINARY
          0   0.0121438 -0.00366751   0.0130783
 -0.0121438           0  -0.0112056  0.00977335
 0.00366751   0.0112056           0 -0.00603799
 -0.0130783 -0.00977335  0.00603799           0
Repeater1[0]<--->HoM1[0]
REAL
   0.386968 -0.00487449    0.007849    0.326299
-0.00487449   0.0890957 -0.00572192 -0.00345753
   0.007849 -0.00572192   0.0890957   -0.012064
   0.326299 -0.00345753   -0.012064     0.43484
IMAGINARY
          0 -0.00108653  0.00629215    0.023485
 0.00108653           0  -0.0165667 -0.00104281
-0.00629215   0.0165667           0  0.00633587
  -0.023485  0.00104281 -0.00633587           0
EndNode1[0]<--->Repeater1[0]
REAL
    0.433987  -0.00142544    0.0141035     0.318865
 -0.00142544    0.0823529 -0.000683527  -0.00304694
   0.0141035 -0.000683527    0.0718954    0.0100249
    0.318865  -0.00304694    0.0100249     0.411765
IMAGINARY
