EndNode1[0]<--->Repeater1[0]
REAL
   0.467005 -0.00105138 -0.00591622    0.299149
-0.00105138   0.0228426 -0.00604568   0.0032637
-0.00591622 -0.00604568   0.0266497 -0.00690618
   0.299149   0.0032637 -0.00690618    0.483503
IMAGINARY
          0 -0.00216859 -0.00783759  0.00941174
 0.00216859           0   0.0100688 -0.00514942
 0.00783759  -0.0100688           0  0.00996079
-0.00941174  0.00514942 -0.00996079           0
EndNode2[0]<--->HoM1[0]
REAL
   0.481943  -0.0138838    0.008944     0.30517
 -0.0138838   0.0236613  0.00441362 -0.00957452
   0.008944  0.00441362   0.0236613  -0.0132285
    0.30517 -0.00957452  -0.0132285    0.470735
IMAGINARY
          0  0.00669223  0.00996168   0.0204661
-0.00669223           0  0.00234527 -0.00428703
-0.00996168 -0.00234527           0  0.00276553
 -0.0204661  0.00428703 -0.00276553           0
Repeater1[0]<--->EndNode1[0]
REAL
   0.467005 -0.00591622 -0.00105138    0.299149
-0.00591622   0.0266497 -0.00604568 -0.00690618
-0.00105138 -0.00604568   0.0228426   0.0032637
   0.299149 -0.00690618   0.0032637    0.483503
IMAGINARY
          0 -0.00783759 -0.00216859  0.00941174
 0.00783759           0  -0.0100688  0.00996079
 0.00216859   0.0100688           0 -0.00514942
-0.00941174 -0.00996079  0.00514942           0
Repeater1[0]<--->HoM1[0]
REAL
   0.481943    0.008944  -0.0138838     0.30517
   0.008944   0.0236613  0.00441362  -0.0132285
 -0.0138838  0.00441362   0.0236613 -0.00957452
    0.30517  -0.0132285 -0.00957452    0.470735
IMAGINARY
          0  0.00996168  0.00669223   0.0204661
-0.00996168           0 -0.00234527  0.00276553
-0.00669223  0.00234527           0 -0.00428703
 -0.0204661 -0.00276553  0.00428703           0
EndNode1[0]<--->Repeater1[0]
REAL
   0.488312  -0.0032374 -0.00458115    0.305764
 -0.0032374    0.025974  -0.0288221  0.00458115
-0.00458115  -0.0288221   0.0181818 -0.00929393
   0.305764  0.00458115 -0.00929393    0.467532
IMAGINARY
          0   0.0220282 -0.00125313   0.0167989
 -0.0220282           0  0.00635504   0.0037594
 0.00125313 -0.00635504           0  -0.0120032
 -0.0167989  -0.0037594   0.0120032           0
EndNode2[0]<--->HoM1[0]
REAL
    0.49932  -0.0125846  -0.0247554     0.30314
 -0.0125846   0.0285714 -0.00977219 -0.00968335
 -0.0247554 -0.00977219   0.0217687   -0.001446
    0.30314 -0.00968335   -0.001446     0.45034
IMAGINARY
          0   0.0188721  -0.0118028  0.00759054
 -0.0188721           0 -0.00184342  0.00587396
  0.0118028  0.00184342           0    0.002867
-0.00759054 -0.00587396   -0.002867           0
Repeater1[0]<--->EndNode1[0]
REAL
   0.488312 -0.00458115  -0.0032374    0.305764
-0.00458115   0.0181818  -0.0288221 -0.00929393
 -0.0032374  -0.0288221    0.025974  0.00458115
   0.305764 -0.00929393  0.00458115    0.467532
IMAGINARY
          0 -0.00125313   0.0220282   0.0167989
 0.00125313           0 -0.00635504  -0.0120032
 -0.0220282  0.00635504           0   0.0037594
 -0.0167989   0.0120032  -0.0037594           0
Repeater1[0]<--->HoM1[0]
REAL
    0.49932  -0.0247554  -0.0125846     0.30314
 -0.0247554   0.0217687 -0.00977219   -0.001446
 -0.0125846 -0.00977219   0.0285714 -0.00968335
    0.30314   -0.001446 -0.00968335     0.45034
IMAGINARY
          0  -0.0118028   0.0188721  0.00759054
  0.0118028           0  0.00184342    0.002867
 -0.0188721 -0.00184342           0  0.00587396
-0.00759054   -0.002867 -0.00587396           0
EndNode1[0]<--->Repeater1[0]
REAL
   0.489004   0.0146218  0.00815353    0.293489
  0.0146218   0.0245796  0.00261469  0.00483348
 0.00815353  0.00261469   0.0194049 -0.00293348
   0.293489  0.00483348 -0.00293348    0.467012
IMAGINARY
          0 -0.00134058   0.0182463 -0.00298799
 0.00134058           0  -0.0208215   0.0102708
 -0.0182463   0.0208215           0  -0.0157697
 0.00298799  -0.0102708   0.0157697           0
EndNode2[0]<--->HoM1[0]
REAL
    0.474667    0.0203339   -0.0132355     0.298496
   0.0203339    0.0146667 -0.000466415   -0.0138581
  -0.0132355 -0.000466415    0.0253333   0.00922277
    0.298496   -0.0138581   0.00922277     0.485333
IMAGINARY
          0  0.00877567   -0.024113   0.0136309
-0.00877567           0 -0.00833985   0.0117913
   0.024113  0.00833985           0  -0.0107212
 -0.0136309  -0.0117913   0.0107212           0
Repeater1[0]<--->EndNode1[0]
REAL
   0.489004  0.00815353   0.0146218    0.293489
 0.00815353   0.0194049  0.00261469 -0.00293348
  0.0146218  0.00261469   0.0245796  0.00483348
   0.293489 -0.00293348  0.00483348    0.467012
IMAGINARY
          0   0.0182463 -0.00134058 -0.00298799
 -0.0182463           0   0.0208215  -0.0157697
 0.00134058  -0.0208215           0   0.0102708
 0.00298799   0.0157697  -0.0102708           0
Repeater1[0]<--->HoM1[0]
REAL
    0.474667   -0.0132355    0.0203339     0.298496
  -0.0132355    0.0253333 -0.000466415   0.00922277
   0.0203339 -0.000466415    0.0146667   -0.0138581
    0.298496   0.00922277   -0.0138581     0.485333
IMAGINARY
          0   -0.024113  0.00877567   0.0136309
   0.024113           0  0.00833985  -0.0107212
-0.00877567 -0.00833985           0   0.0117913
 -0.0136309   0.0107212  -0.0117913           0
EndNode1[0]<--->Repeater1[0]
REAL
   0.505102 -0.00460989  0.00420158    0.296058
-0.00460989   0.0242347  0.00999435 -0.00488933
 0.00420158  0.00999435   0.0306122  0.00529764
   0.296058 -0.00488933  0.00529764    0.440051
IMAGINARY
          0 -0.00872231 -0.00680908 -0.00348528
 0.00872231           0  0.00473216   0.0019191
 0.00680908 -0.00473216           0  -0.0120601
 0.00348528  -0.0019191   0.0120601           0
EndNode2[0]<--->HoM1[0]
REAL
   0.476378   0.0177549   0.0205109    0.308884
  0.0177549    0.023622 -0.00941509 -0.00391066
  0.0205109 -0.00941509   0.0183727  0.00282948
   0.308884 -0.00391066  0.00282948    0.481627
IMAGINARY
          0  0.00333851   -0.008323  -0.0198404
-0.00333851           0  0.00409235  -0.0045636
   0.008323 -0.00409235           0   0.0134141
  0.0198404   0.0045636  -0.0134141           0
Repeater1[0]<--->EndNode1[0]
REAL
   0.505102  0.00420158 -0.00460989    0.296058
 0.00420158   0.0306122  0.00999435  0.00529764
-0.00460989  0.00999435   0.0242347 -0.00488933
   0.296058  0.00529764 -0.00488933    0.440051
IMAGINARY
          0 -0.00680908 -0.00872231 -0.00348528
 0.00680908           0 -0.00473216  -0.0120601
 0.00872231  0.00473216           0   0.0019191
 0.00348528   0.0120601  -0.0019191           0
Repeater1[0]<--->HoM1[0]
REAL
   0.476378   0.0205109   0.0177549    0.308884
  0.0205109   0.0183727 -0.00941509  0.00282948
  0.0177549 -0.00941509    0.023622 -0.00391066
   0.308884  0.00282948 -0.00391066    0.481627
IMAGINARY
          0   -0.008323  0.00333851  -0.0198404
   0.008323           0 -0.00409235   0.0134141
-0.00333851  0.00409235           0  -0.0045636
  0.0198404  -0.0134141   0.0045636           0
EndNode1[0]<--->Repeater1[0]
REAL
   0.494102 0.000355265 -0.00360369    0.298049
0.000355265    0.017038   0.0031776  -0.0154147
-0.00360369   0.0031776   0.0249017 -0.00219576
   0.298049  -0.0154147 -0.00219576    0.463958
IMAGINARY
          0   0.0143024 -0.00136925   0.0151441
 -0.0143024           0  -0.0184379 -0.00200457
 0.00136925   0.0184379           0    0.018761
 -0.0151441  0.00200457   -0.018761           0
EndNode2[0]<--->HoM1[0]
REAL
  0.470508 0.00356633 0.00574466   0.284651
0.00356633  0.0301783 0.00233844 0.00956146
0.00574466 0.00233844  0.0164609  0.0155663
  0.284651 0.00956146  0.0155663   0.482853
IMAGINARY
          0  0.00546808  -0.0258116  0.00604733
-0.00546808           0    0.020333  0.00200209
  0.0258116   -0.020333           0   0.0156204
-0.00604733 -0.00200209  -0.0156204           0
Repeater1[0]<--->EndNode1[0]
REAL
   0.494102 -0.00360369 0.000355265    0.298049
-0.00360369   0.0249017   0.0031776 -0.00219576
0.000355265   0.0031776    0.017038  -0.0154147
   0.298049 -0.00219576  -0.0154147    0.463958
IMAGINARY
          0 -0.00136925   0.0143024   0.0151441
 0.00136925           0   0.0184379    0.018761
 -0.0143024  -0.0184379           0 -0.00200457
 -0.0151441   -0.018761  0.00200457           0
Repeater1[0]<--->HoM1[0]
REAL
  0.470508 0.00574466 0.00356633   0.284651
0.00574466  0.0164609 0.00233844  0.0155663
0.00356633 0.00233844  0.0301783 0.00956146
  0.284651  0.0155663 0.00956146   0.482853
IMAGINARY
          0  -0.0258116  0.00546808  0.00604733
  0.0258116           0   -0.020333   0.0156204
-0.00546808    0.020333           0  0.00200209
-0.00604733  -0.0156204 -0.00200209           0
EndNode1[0]<--->Repeater1[0]
REAL
  0.515345 0.00610541 0.00794725    0.30496
0.00610541  0.0217391 -0.0285938  0.0066652
0.00794725 -0.0285938  0.0242967 0.00342445
   0.30496  0.0066652 0.00342445   0.438619
IMAGINARY
           0 -0.000661372  0.000883341   0.00692188
 0.000661372            0  -0.00623601  -0.00154384
-0.000883341   0.00623601            0  -0.00132013
 -0.00692188   0.00154384   0.00132013            0
EndNode2[0]<--->HoM1[0]
REAL
   0.483418  0.00512907 -0.00750672    0.305026
 0.00512907   0.0318878 -0.00581875   0.0015622
-0.00750672 -0.00581875   0.0178571  -0.0189996
   0.305026   0.0015622  -0.0189996    0.466837
IMAGINARY
          0 -0.00720015   -0.016071 -0.00248184
 0.00720015           0   0.0155905 -0.00473602
   0.016071  -0.0155905           0  0.00278653
 0.00248184  0.00473602 -0.00278653           0
Repeater1[0]<--->EndNode1[0]
REAL
  0.515345 0.00794725 0.00610541    0.30496
0.00794725  0.0242967 -0.0285938 0.00342445
0.00610541 -0.0285938  0.0217391  0.0066652
   0.30496 0.00342445  0.0066652   0.438619
IMAGINARY
           0  0.000883341 -0.000661372   0.00692188
-0.000883341            0   0.00623601  -0.00132013
 0.000661372  -0.00623601            0  -0.00154384
 -0.00692188   0.00132013   0.00154384            0
Repeater1[0]<--->HoM1[0]
REAL
   0.483418 -0.00750672  0.00512907    0.305026
-0.00750672   0.0178571 -0.00581875  -0.0189996
 0.00512907 -0.00581875   0.0318878   0.0015622
   0.305026  -0.0189996   0.0015622    0.466837
IMAGINARY
          0   -0.016071 -0.00720015 -0.00248184
   0.016071           0  -0.0155905  0.00278653
 0.00720015   0.0155905           0 -0.00473602
 0.00248184 -0.00278653  0.00473602           0
EndNode1[0]<--->Repeater1[0]
REAL
   0.477764  0.00817163 -0.00203267    0.287499
 0.00817163   0.0203304  0.00284568   0.0137568
-0.00203267  0.00284568   0.0190597  -0.0157578
   0.287499   0.0137568  -0.0157578    0.482846
IMAGINARY
          0  -0.0138813 -0.00166968  0.00693053
  0.0138813           0   0.0187612   0.0251845
 0.00166968  -0.0187612           0  0.00274271
-0.00693053  -0.0251845 -0.00274271           0
EndNode2[0]<--->HoM1[0]
REAL
   0.517196   0.0176992   -0.011317    0.280335
  0.0176992   0.0238095  -0.0188927  0.00230171
  -0.011317  -0.0188927   0.0224868 -0.00452304
   0.280335  0.00230171 -0.00452304    0.436508
IMAGINARY
          0   0.0026598 -0.00320252  0.00192273
 -0.0026598           0  0.00696052 -0.00902399
 0.00320252 -0.00696052           0 -0.00845131
-0.00192273  0.00902399  0.00845131           0
Repeater1[0]<--->EndNode1[0]
REAL
   0.477764 -0.00203267  0.00817163    0.287499
-0.00203267   0.0190597  0.00284568  -0.0157578
 0.00817163  0.00284568   0.0203304   0.0137568
   0.287499  -0.0157578   0.0137568    0.482846
IMAGINARY
          0 -0.00166968  -0.0138813  0.00693053
 0.00166968           0  -0.0187612  0.00274271
  0.0138813   0.0187612           0   0.0251845
-0.00693053 -0.00274271  -0.0251845           0
Repeater1[0]<--->HoM1[0]
REAL
   0.517196   -0.011317   0.0176992    0.280335
  -0.011317   0.0224868  -0.0188927 -0.00452304
  0.0176992  -0.0188927   0.0238095  0.00230171
   0.280335 -0.00452304  0.00230171    0.436508
IMAGINARY
          0 -0.00320252   0.0026598  0.00192273
 0.00320252           0 -0.00696052 -0.00845131
 -0.0026598  0.00696052           0 -0.00902399
-0.00192273  0.00845131  0.00902399           0
EndNode1[0]<--->Repeater1[0]
REAL
   0.513854 -0.00644153 -0.00782925    0.280356
-0.00644153     0.02267  -0.0057268  -0.0225351
-0.00782925  -0.0057268   0.0176322  -0.0144761
   0.280356  -0.0225351  -0.0144761    0.445844
IMAGINARY
          0  0.00842998 -0.00176892  0.00938199
-0.00842998           0 -0.00306886   0.0210988
 0.00176892  0.00306886           0 -0.00198668
-0.00938199  -0.0210988  0.00198668           0
EndNode2[0]<--->HoM1[0]
REAL
     0.48072  -0.00287212    0.0177632     0.301265
 -0.00287212    0.0179949  -0.00697215 -0.000521807
   0.0177632  -0.00697215    0.0141388    0.0189244
    0.301265 -0.000521807    0.0189244     0.487147
IMAGINARY
          0  -0.0201641   -0.012028  0.00987824
  0.0201641           0  -0.0320137   0.0126716
   0.012028   0.0320137           0   0.0130856
-0.00987824  -0.0126716  -0.0130856           0
Repeater1[0]<--->EndNode1[0]
REAL
   0.513854 -0.00782925 -0.00644153    0.280356
-0.00782925   0.0176322  -0.0057268  -0.0144761
-0.00644153  -0.0057268     0.02267  -0.0225351
   0.280356  -0.0144761  -0.0225351    0.445844
IMAGINARY
          0 -0.00176892  0.00842998  0.00938199
 0.00176892           0  0.00306886 -0.00198668
-0.00842998 -0.00306886           0   0.0210988
-0.00938199  0.00198668  -0.0210988           0
Repeater1[0]<--->HoM1[0]
REAL
     0.48072    0.0177632  -0.00287212     0.301265
   0.0177632    0.0141388  -0.00697215    0.0189244
 -0.00287212  -0.00697215    0.0179949 -0.000521807
    0.301265    0.0189244 -0.000521807     0.487147
IMAGINARY
          0   -0.012028  -0.0201641  0.00987824
   0.012028           0   0.0320137   0.0130856
  0.0201641  -0.0320137           0   0.0126716
-0.00987824  -0.0130856  -0.0126716           0
EndNode1[0]<--->Repeater1[0]
REAL
   0.495098  -0.0159813   0.0090604    0.291064
 -0.0159813   0.0171569 -0.00424234  -0.0090604
  0.0090604 -0.00424234   0.0232843 -0.00339853
   0.291064  -0.0090604 -0.00339853    0.464461
IMAGINARY
          0 -0.00058762 -0.00859571  -0.0279176
 0.00058762           0 -0.00374462  -0.0220431
 0.00859571  0.00374462           0  0.00645463
  0.0279176   0.0220431 -0.00645463           0
EndNode2[0]<--->HoM1[0]
REAL
    0.488722 -0.000378183  -0.00814107     0.307869
-0.000378183     0.018797   -0.0138994  -0.00567802
 -0.00814107   -0.0138994    0.0213033    -0.018466
    0.307869  -0.00567802    -0.018466     0.471178
IMAGINARY
           0   -0.0137441    0.0142407    0.0225322
   0.0137441            0   -0.0183885    0.0109294
  -0.0142407    0.0183885            0  0.000818968
  -0.0225322   -0.0109294 -0.000818968            0
Repeater1[0]<--->EndNode1[0]
REAL
   0.495098   0.0090604  -0.0159813    0.291064
  0.0090604   0.0232843 -0.00424234 -0.00339853
 -0.0159813 -0.00424234   0.0171569  -0.0090604
   0.291064 -0.00339853  -0.0090604    0.464461
IMAGINARY
          0 -0.00859571 -0.00058762  -0.0279176
 0.00859571           0  0.00374462  0.00645463
 0.00058762 -0.00374462           0  -0.0220431
  0.0279176 -0.00645463   0.0220431           0
Repeater1[0]<--->HoM1[0]
REAL
    0.488722  -0.00814107 -0.000378183     0.307869
 -0.00814107    0.0213033   -0.0138994    -0.018466
-0.000378183   -0.0138994     0.018797  -0.00567802
    0.307869    -0.018466  -0.00567802     0.471178
IMAGINARY
           0    0.0142407   -0.0137441    0.0225322
  -0.0142407            0    0.0183885  0.000818968
   0.0137441   -0.0183885            0    0.0109294
  -0.0225322 -0.000818968   -0.0109294            0
EndNode1[0]<--->Repeater1[0]
REAL
   0.473548  -0.0111584 -0.00196324    0.298863
 -0.0111584   0.0193548 -0.00980088 -0.00584926
-0.00196324 -0.00980088   0.0258065  -0.0174875
   0.298863 -0.00584926  -0.0174875     0.48129
IMAGINARY
           0   -0.0157177  0.000439405  -0.00457224
   0.0157177            0   -0.0120722     0.012196
-0.000439405    0.0120722            0 -0.000527807
  0.00457224    -0.012196  0.000527807            0
EndNode2[0]<--->HoM1[0]
REAL
     0.47962   0.00591334 -0.000767512     0.297025
  0.00591334    0.0190217   -0.0174076   0.00777388
-0.000767512   -0.0174076    0.0244565  -0.00272863
    0.297025   0.00777388  -0.00272863     0.476902
IMAGINARY
          0   0.0342946  -0.0401942   0.0115029
 -0.0342946           0 -0.00951618   -0.034548
  0.0401942  0.00951618           0   0.0198292
 -0.0115029    0.034548  -0.0198292           0
Repeater1[0]<--->EndNode1[0]
REAL
   0.473548 -0.00196324  -0.0111584    0.298863
-0.00196324   0.0258065 -0.00980088  -0.0174875
 -0.0111584 -0.00980088   0.0193548 -0.00584926
   0.298863  -0.0174875 -0.00584926     0.48129
IMAGINARY
           0  0.000439405   -0.0157177  -0.00457224
-0.000439405            0    0.0120722 -0.000527807
   0.0157177   -0.0120722            0     0.012196
  0.00457224  0.000527807    -0.012196            0
Repeater1[0]<--->HoM1[0]
REAL
     0.47962 -0.000767512   0.00591334     0.297025
-0.000767512    0.0244565   -0.0174076  -0.00272863
  0.00591334   -0.0174076    0.0190217   0.00777388
    0.297025  -0.00272863   0.00777388     0.476902
IMAGINARY
          0  -0.0401942   0.0342946   0.0115029
  0.0401942           0  0.00951618   0.0198292
 -0.0342946 -0.00951618           0   -0.034548
 -0.0115029  -0.0198292    0.034548           0
EndNode1[0]<--->Repeater1[0]
REAL
  0.465253 -0.0095847  -0.004502   0.278773
-0.0095847  0.0282686 -0.0128412 -0.0175568
 -0.004502 -0.0128412    0.01649 -0.0038957
  0.278773 -0.0175568 -0.0038957   0.489988
IMAGINARY
          0 -0.00689902   0.0105228  0.00295638
 0.00689902           0  0.00759214   0.0015484
 -0.0105228 -0.00759214           0  -0.0102547
-0.00295638  -0.0015484   0.0102547           0
EndNode2[0]<--->HoM1[0]
REAL
   0.473214  0.00569665 -0.00254881    0.290597
 0.00569665   0.0140306   0.0101999 0.000556779
-0.00254881   0.0101999   0.0178571   0.0215278
   0.290597 0.000556779   0.0215278    0.494898
IMAGINARY
          0 -0.00828729  -0.0021763  -0.0112447
 0.00828729           0 -0.00751337 -0.00154578
  0.0021763  0.00751337           0  0.00828729
  0.0112447  0.00154578 -0.00828729           0
Repeater1[0]<--->EndNode1[0]
REAL
  0.465253  -0.004502 -0.0095847   0.278773
 -0.004502    0.01649 -0.0128412 -0.0038957
-0.0095847 -0.0128412  0.0282686 -0.0175568
  0.278773 -0.0038957 -0.0175568   0.489988
IMAGINARY
          0   0.0105228 -0.00689902  0.00295638
 -0.0105228           0 -0.00759214  -0.0102547
 0.00689902  0.00759214           0   0.0015484
-0.00295638   0.0102547  -0.0015484           0
Repeater1[0]<--->HoM1[0]
REAL
   0.473214 -0.00254881  0.00569665    0.290597
-0.00254881   0.0178571   0.0101999   0.0215278
 0.00569665   0.0101999   0.0140306 0.000556779
   0.290597   0.0215278 0.000556779    0.494898
IMAGINARY
          0  -0.0021763 -0.00828729  -0.0112447
  0.0021763           0  0.00751337  0.00828729
 0.00828729 -0.00751337           0 -0.00154578
  0.0112447 -0.00828729  0.00154578           0
EndNode1[0]<--->Repeater1[0]
REAL
   0.469543  0.00259403 -0.00511814    0.297217
 0.00259403   0.0152284 -0.00733414  0.00836068
-0.00511814 -0.00733414   0.0215736 -0.00713359
   0.297217  0.00836068 -0.00713359    0.493655
IMAGINARY
           0  -0.00791156 -0.000398419  -0.00790891
  0.00791156            0  -0.00104249   -0.0109804
 0.000398419   0.00104249            0  -0.00480597
  0.00790891    0.0109804   0.00480597            0
EndNode2[0]<--->HoM1[0]
REAL
    0.47947 -0.00275192 -0.00910323    0.303771
-0.00275192   0.0251656  -0.0113433 -0.00525708
-0.00910323  -0.0113433   0.0370861  -0.0207468
   0.303771 -0.00525708  -0.0207468    0.458278
IMAGINARY
          0  -0.0117442 -0.00152006  -0.0101637
  0.0117442           0  0.00885475  0.00759294
 0.00152006 -0.00885475           0 -0.00917349
  0.0101637 -0.00759294  0.00917349           0
Repeater1[0]<--->EndNode1[0]
REAL
   0.469543 -0.00511814  0.00259403    0.297217
-0.00511814   0.0215736 -0.00733414 -0.00713359
 0.00259403 -0.00733414   0.0152284  0.00836068
   0.297217 -0.00713359  0.00836068    0.493655
IMAGINARY
           0 -0.000398419  -0.00791156  -0.00790891
 0.000398419            0   0.00104249  -0.00480597
  0.00791156  -0.00104249            0   -0.0109804
  0.00790891   0.00480597    0.0109804            0
Repeater1[0]<--->HoM1[0]
REAL
    0.47947 -0.00910323 -0.00275192    0.303771
-0.00910323   0.0370861  -0.0113433  -0.0207468
-0.00275192  -0.0113433   0.0251656 -0.00525708
   0.303771  -0.0207468 -0.00525708    0.458278
IMAGINARY
          0 -0.00152006  -0.0117442  -0.0101637
 0.00152006           0 -0.00885475 -0.00917349
  0.0117442  0.00885475           0  0.00759294
  0.0101637  0.00917349 -0.00759294           0
EndNode1[0]<--->Repeater1[0]
REAL
   0.490268 -0.00837497 -0.00813313    0.304647
-0.00837497   0.0194647  0.00825574   0.0126493
-0.00813313  0.00825574   0.0243309   0.0141814
   0.304647   0.0126493   0.0141814    0.465937
IMAGINARY
           0   0.00204634  -0.00987538  0.000985512
 -0.00204634            0   0.00881841    0.0137414
  0.00987538  -0.00881841            0   -0.0162216
-0.000985512   -0.0137414    0.0162216            0
EndNode2[0]<--->HoM1[0]
REAL
   0.501836 -0.00196651  0.00822553    0.306067
-0.00196651   0.0220318 -0.00157595    0.017534
 0.00822553 -0.00157595   0.0269278   -0.001336
   0.306067    0.017534   -0.001336    0.449204
IMAGINARY
          0  0.00576562  -0.0225511 -0.00939412
-0.00576562           0  0.00741784 -0.00228966
  0.0225511 -0.00741784           0  0.00251464
 0.00939412  0.00228966 -0.00251464           0
Repeater1[0]<--->EndNode1[0]
REAL
   0.490268 -0.00813313 -0.00837497    0.304647
-0.00813313   0.0243309  0.00825574   0.0141814
-0.00837497  0.00825574   0.0194647   0.0126493
   0.304647   0.0141814   0.0126493    0.465937
IMAGINARY
           0  -0.00987538   0.00204634  0.000985512
  0.00987538            0  -0.00881841   -0.0162216
 -0.00204634   0.00881841            0    0.0137414
-0.000985512    0.0162216   -0.0137414            0
Repeater1[0]<--->HoM1[0]
REAL
   0.501836  0.00822553 -0.00196651    0.306067
 0.00822553   0.0269278 -0.00157595   -0.001336
-0.00196651 -0.00157595   0.0220318    0.017534
   0.306067   -0.001336    0.017534    0.449204
IMAGINARY
          0  -0.0225511  0.00576562 -0.00939412
  0.0225511           0 -0.00741784  0.00251464
-0.00576562  0.00741784           0 -0.00228966
 0.00939412 -0.00251464  0.00228966           0
EndNode1[0]<--->Repeater1[0]
REAL
    0.482032   0.00296025   -0.0184147     0.296412
  0.00296025    0.0185874   0.00995386   0.00515214
  -0.0184147   0.00995386    0.0247831 -0.000307727
    0.296412   0.00515214 -0.000307727     0.474597
IMAGINARY
          0    0.010651  0.00195312  0.00357835
  -0.010651           0 -0.00673093  0.00195312
-0.00195312  0.00673093           0 -0.00934896
-0.00357835 -0.00195312  0.00934896           0
EndNode2[0]<--->HoM1[0]
REAL
   0.473939   0.0127347 -0.00402129    0.305364
  0.0127347   0.0242424 -0.00186479  -0.0101106
-0.00402129 -0.00186479   0.0242424 -0.00264047
   0.305364  -0.0101106 -0.00264047    0.477576
IMAGINARY
          0   -0.029095  0.00592786  -0.0221539
   0.029095           0 -0.00755534   0.0201766
-0.00592786  0.00755534           0  0.00299057
  0.0221539  -0.0201766 -0.00299057           0
Repeater1[0]<--->EndNode1[0]
REAL
    0.482032   -0.0184147   0.00296025     0.296412
  -0.0184147    0.0247831   0.00995386 -0.000307727
  0.00296025   0.00995386    0.0185874   0.00515214
    0.296412 -0.000307727   0.00515214     0.474597
IMAGINARY
          0  0.00195312    0.010651  0.00357835
-0.00195312           0  0.00673093 -0.00934896
  -0.010651 -0.00673093           0  0.00195312
-0.00357835  0.00934896 -0.00195312           0
Repeater1[0]<--->HoM1[0]
REAL
   0.473939 -0.00402129   0.0127347    0.305364
-0.00402129   0.0242424 -0.00186479 -0.00264047
  0.0127347 -0.00186479   0.0242424  -0.0101106
   0.305364 -0.00264047  -0.0101106    0.477576
IMAGINARY
          0  0.00592786   -0.029095  -0.0221539
-0.00592786           0  0.00755534  0.00299057
   0.029095 -0.00755534           0   0.0201766
  0.0221539 -0.00299057  -0.0201766           0
EndNode1[0]<--->Repeater1[0]
REAL
     0.4525  -0.0143437  0.00656806     0.29067
 -0.0143437     0.02875   0.0103771  0.00913875
 0.00656806   0.0103771     0.01125 -0.00398096
    0.29067  0.00913875 -0.00398096      0.5075
IMAGINARY
           0   -0.0112539    0.0320331   -0.0145069
   0.0112539            0    0.0102456    0.0152372
  -0.0320331   -0.0102456            0 -6.43037e-05
   0.0145069   -0.0152372  6.43037e-05            0
EndNode2[0]<--->HoM1[0]
REAL
   0.488491  0.00370275 -0.00847088    0.293424
 0.00370275   0.0191816  -0.0253259  0.00908438
-0.00847088  -0.0253259   0.0217391  0.00304572
   0.293424  0.00908438  0.00304572    0.470588
IMAGINARY
          0   0.0081242   0.0135727 -0.00435158
 -0.0081242           0 -0.00634361  -0.0173227
 -0.0135727  0.00634361           0  -0.0156242
 0.00435158   0.0173227   0.0156242           0
Repeater1[0]<--->EndNode1[0]
REAL
     0.4525  0.00656806  -0.0143437     0.29067
 0.00656806     0.01125   0.0103771 -0.00398096
 -0.0143437   0.0103771     0.02875  0.00913875
    0.29067 -0.00398096  0.00913875      0.5075
IMAGINARY
           0    0.0320331   -0.0112539   -0.0145069
  -0.0320331            0   -0.0102456 -6.43037e-05
   0.0112539    0.0102456            0    0.0152372
   0.0145069  6.43037e-05   -0.0152372            0
Repeater1[0]<--->HoM1[0]
REAL
   0.488491 -0.00847088  0.00370275    0.293424
-0.00847088   0.0217391  -0.0253259  0.00304572
 0.00370275  -0.0253259   0.0191816  0.00908438
   0.293424  0.00304572  0.00908438    0.470588
IMAGINARY
          0   0.0135727   0.0081242 -0.00435158
 -0.0135727           0  0.00634361  -0.0156242
 -0.0081242 -0.00634361           0  -0.0173227
 0.00435158   0.0156242   0.0173227           0
EndNode1[0]<--->Repeater1[0]
REAL
    0.449612    0.0261724   -0.0175483     0.311108
   0.0261724    0.0232558 -0.000163012     0.013817
  -0.0175483 -0.000163012    0.0310078   -0.0100033
    0.311108     0.013817   -0.0100033     0.496124
IMAGINARY
          0  -0.0159538  0.00879078  0.00417183
  0.0159538           0 -0.00558426  0.00103884
-0.00879078  0.00558426           0  0.00612415
-0.00417183 -0.00103884 -0.00612415           0
EndNode2[0]<--->HoM1[0]
REAL
   0.480355 -0.00986842 -0.00651676    0.291618
-0.00986842   0.0202788  -0.0060918   0.0183589
-0.00651676  -0.0060918    0.017744 -0.00855263
   0.291618   0.0183589 -0.00855263    0.481622
IMAGINARY
           0  0.000854729  -0.00389057   -0.0258741
-0.000854729            0    0.0059256   0.00770737
  0.00389057   -0.0059256            0  -0.00594379
   0.0258741  -0.00770737   0.00594379            0
Repeater1[0]<--->EndNode1[0]
REAL
    0.449612   -0.0175483    0.0261724     0.311108
  -0.0175483    0.0310078 -0.000163012   -0.0100033
   0.0261724 -0.000163012    0.0232558     0.013817
    0.311108   -0.0100033     0.013817     0.496124
IMAGINARY
          0  0.00879078  -0.0159538  0.00417183
-0.00879078           0  0.00558426  0.00612415
  0.0159538 -0.00558426           0  0.00103884
-0.00417183 -0.00612415 -0.00103884           0
Repeater1[0]<--->HoM1[0]
REAL
   0.480355 -0.00651676 -0.00986842    0.291618
-0.00651676    0.017744  -0.0060918 -0.00855263
-0.00986842  -0.0060918   0.0202788   0.0183589
   0.291618 -0.00855263   0.0183589    0.481622
IMAGINARY
           0  -0.00389057  0.000854729   -0.0258741
  0.00389057            0   -0.0059256  -0.00594379
-0.000854729    0.0059256            0   0.00770737
   0.0258741   0.00594379  -0.00770737            0
EndNode1[0]<--->Repeater1[0]
REAL
   0.474968 -0.00779061  -0.0183562    0.304361
-0.00779061   0.0243902  -0.0134632  0.00175104
 -0.0183562  -0.0134632   0.0218228 -0.00389451
   0.304361  0.00175104 -0.00389451    0.478819
IMAGINARY
          0  -0.0127785 -0.00556704  0.00144973
  0.0127785           0   0.0219977   0.0219497
 0.00556704  -0.0219977           0  -0.0127785
-0.00144973  -0.0219497   0.0127785           0
EndNode2[0]<--->HoM1[0]
REAL
   0.463054  0.00169275  0.00433752    0.304757
 0.00169275   0.0320197 -0.00021705   0.0202526
 0.00433752 -0.00021705    0.023399  -0.0035843
   0.304757   0.0202526  -0.0035843    0.481527
IMAGINARY
          0  0.00709708   0.0188099  0.00255709
-0.00709708           0  0.00712033 -0.00702984
 -0.0188099 -0.00712033           0 -0.00971488
-0.00255709  0.00702984  0.00971488           0
Repeater1[0]<--->EndNode1[0]
REAL
   0.474968  -0.0183562 -0.00779061    0.304361
 -0.0183562   0.0218228  -0.0134632 -0.00389451
-0.00779061  -0.0134632   0.0243902  0.00175104
   0.304361 -0.00389451  0.00175104    0.478819
IMAGINARY
          0 -0.00556704  -0.0127785  0.00144973
 0.00556704           0  -0.0219977  -0.0127785
  0.0127785   0.0219977           0   0.0219497
-0.00144973   0.0127785  -0.0219497           0
Repeater1[0]<--->HoM1[0]
REAL
   0.463054  0.00433752  0.00169275    0.304757
 0.00433752    0.023399 -0.00021705  -0.0035843
 0.00169275 -0.00021705   0.0320197   0.0202526
   0.304757  -0.0035843   0.0202526    0.481527
IMAGINARY
          0   0.0188099  0.00709708  0.00255709
 -0.0188099           0 -0.00712033 -0.00971488
-0.00709708  0.00712033           0 -0.00702984
-0.00255709  0.00971488  0.00702984           0
EndNode1[0]<--->Repeater1[0]
REAL
    0.466242    0.0250897  -0.00571929     0.304781
   0.0250897    0.0191083 -0.000347675    -0.034046
 -0.00571929 -0.000347675    0.0203822  -0.00227351
    0.304781    -0.034046  -0.00227351     0.494268
IMAGINARY
          0 -0.00807279   0.0157051   0.0061043
 0.00807279           0   0.0178284   -0.013141
 -0.0157051  -0.0178284           0   0.0106369
 -0.0061043    0.013141  -0.0106369           0
EndNode2[0]<--->HoM1[0]
REAL
  0.501348  0.0132419  0.0110022   0.306707
 0.0132419  0.0229111 0.00249424 -0.0049129
 0.0110022 0.00249424  0.0229111 0.00231962
  0.306707 -0.0049129 0.00231962    0.45283
IMAGINARY
          0  -0.0105139   0.0248812  0.00646552
  0.0105139           0 -0.00778479   0.0129131
 -0.0248812  0.00778479           0  -0.0074539
-0.00646552  -0.0129131   0.0074539           0
Repeater1[0]<--->EndNode1[0]
REAL
    0.466242  -0.00571929    0.0250897     0.304781
 -0.00571929    0.0203822 -0.000347675  -0.00227351
   0.0250897 -0.000347675    0.0191083    -0.034046
    0.304781  -0.00227351    -0.034046     0.494268
IMAGINARY
          0   0.0157051 -0.00807279   0.0061043
 -0.0157051           0  -0.0178284   0.0106369
 0.00807279   0.0178284           0   -0.013141
 -0.0061043  -0.0106369    0.013141           0
Repeater1[0]<--->HoM1[0]
REAL
  0.501348  0.0110022  0.0132419   0.306707
 0.0110022  0.0229111 0.00249424 0.00231962
 0.0132419 0.00249424  0.0229111 -0.0049129
  0.306707 0.00231962 -0.0049129    0.45283
IMAGINARY
          0   0.0248812  -0.0105139  0.00646552
 -0.0248812           0  0.00778479  -0.0074539
  0.0105139 -0.00778479           0   0.0129131
-0.00646552   0.0074539  -0.0129131           0
EndNode1[0]<--->Repeater1[0]
REAL
     0.44504   -0.0282659   0.00474104     0.282752
  -0.0282659    0.0241287    0.0130319    -0.018575
  0.00474104    0.0130319    0.0335121 -6.08088e-05
    0.282752    -0.018575 -6.08088e-05     0.497319
IMAGINARY
          0  0.00489994  0.00391698   0.0147482
-0.00489994           0 -0.00794964    0.015167
-0.00391698  0.00794964           0  -0.0176226
 -0.0147482   -0.015167   0.0176226           0
EndNode2[0]<--->HoM1[0]
REAL
   0.479685  -0.0108966   0.0127031    0.293741
 -0.0108966   0.0249017  0.00679059 -0.00206482
  0.0127031  0.00679059   0.0144168   0.0108966
   0.293741 -0.00206482   0.0108966    0.480996
IMAGINARY
          0   0.0279937 -0.00603919  -0.0250855
 -0.0279937           0   0.0062061 -0.00661061
 0.00603919  -0.0062061           0  -0.0153439
  0.0250855  0.00661061   0.0153439           0
Repeater1[0]<--->EndNode1[0]
REAL
     0.44504   0.00474104   -0.0282659     0.282752
  0.00474104    0.0335121    0.0130319 -6.08088e-05
  -0.0282659    0.0130319    0.0241287    -0.018575
    0.282752 -6.08088e-05    -0.018575     0.497319
IMAGINARY
          0  0.00391698  0.00489994   0.0147482
-0.00391698           0  0.00794964  -0.0176226
-0.00489994 -0.00794964           0    0.015167
 -0.0147482   0.0176226   -0.015167           0
Repeater1[0]<--->HoM1[0]
REAL
   0.479685   0.0127031  -0.0108966    0.293741
  0.0127031   0.0144168  0.00679059   0.0108966
 -0.0108966  0.00679059   0.0249017 -0.00206482
   0.293741   0.0108966 -0.00206482    0.480996
IMAGINARY
          0 -0.00603919   0.0279937  -0.0250855
 0.00603919           0  -0.0062061  -0.0153439
 -0.0279937   0.0062061           0 -0.00661061
  0.0250855   0.0153439  0.00661061           0
EndNode1[0]<--->Repeater1[0]
REAL
   0.457071 -0.00631417 -0.00124446    0.296964
-0.00631417   0.0239899 -0.00251215  0.00313601
-0.00124446 -0.00251215   0.0265152 -0.00566566
   0.296964  0.00313601 -0.00566566    0.492424
IMAGINARY
          0 -0.00247135  0.00923802   -0.021548
 0.00247135           0   0.0162004 -0.00465087
-0.00923802  -0.0162004           0  0.00705851
   0.021548  0.00465087 -0.00705851           0
EndNode2[0]<--->HoM1[0]
REAL
   0.482121   0.0213592  0.00736829    0.293843
  0.0213592   0.0160296  0.00436916 -0.00800686
 0.00736829  0.00436916   0.0234279 -0.00667209
   0.293843 -0.00800686 -0.00667209    0.478422
IMAGINARY
          0  0.00140867  0.00240352  -0.0085213
-0.00140867           0 -0.00726817  -0.0260203
-0.00240352  0.00726817           0  0.00871279
  0.0085213   0.0260203 -0.00871279           0
Repeater1[0]<--->EndNode1[0]
REAL
   0.457071 -0.00124446 -0.00631417    0.296964
-0.00124446   0.0265152 -0.00251215 -0.00566566
-0.00631417 -0.00251215   0.0239899  0.00313601
   0.296964 -0.00566566  0.00313601    0.492424
IMAGINARY
          0  0.00923802 -0.00247135   -0.021548
-0.00923802           0  -0.0162004  0.00705851
 0.00247135   0.0162004           0 -0.00465087
   0.021548 -0.00705851  0.00465087           0
Repeater1[0]<--->HoM1[0]
REAL
   0.482121  0.00736829   0.0213592    0.293843
 0.00736829   0.0234279  0.00436916 -0.00667209
  0.0213592  0.00436916   0.0160296 -0.00800686
   0.293843 -0.00667209 -0.00800686    0.478422
IMAGINARY
          0  0.00240352  0.00140867  -0.0085213
-0.00240352           0  0.00726817  0.00871279
-0.00140867 -0.00726817           0  -0.0260203
  0.0085213 -0.00871279   0.0260203           0
EndNode1[0]<--->Repeater1[0]
REAL
 0.479328 0.0137017 0.0108634  0.287461
0.0137017 0.0245478 0.0061697 0.0177991
0.0108634 0.0061697 0.0155039  0.012413
 0.287461 0.0177991  0.012413   0.48062
IMAGINARY
           0   -0.0147719  -0.00867369   -0.0319646
   0.0147719            0 -0.000757928  -0.00384278
  0.00867369  0.000757928            0    0.0114781
   0.0319646   0.00384278   -0.0114781            0
EndNode2[0]<--->HoM1[0]
REAL
  0.490885 0.00338381 -0.0110682   0.292539
0.00338381  0.0195312 0.00882122 0.00630631
-0.0110682 0.00882122  0.0117188 0.00273864
  0.292539 0.00630631 0.00273864   0.477865
IMAGINARY
          0   -0.014558 -0.00321937  0.00653798
   0.014558           0  0.00653798   0.0208378
 0.00321937 -0.00653798           0 -0.00549062
-0.00653798  -0.0208378  0.00549062           0
Repeater1[0]<--->EndNode1[0]
REAL
 0.479328 0.0108634 0.0137017  0.287461
0.0108634 0.0155039 0.0061697  0.012413
0.0137017 0.0061697 0.0245478 0.0177991
 0.287461  0.012413 0.0177991   0.48062
IMAGINARY
           0  -0.00867369   -0.0147719   -0.0319646
  0.00867369            0  0.000757928    0.0114781
   0.0147719 -0.000757928            0  -0.00384278
   0.0319646   -0.0114781   0.00384278            0
Repeater1[0]<--->HoM1[0]
REAL
  0.490885 -0.0110682 0.00338381   0.292539
-0.0110682  0.0117188 0.00882122 0.00273864
0.00338381 0.00882122  0.0195312 0.00630631
  0.292539 0.00273864 0.00630631   0.477865
IMAGINARY
          0 -0.00321937   -0.014558  0.00653798
 0.00321937           0 -0.00653798 -0.00549062
   0.014558  0.00653798           0   0.0208378
-0.00653798  0.00549062  -0.0208378           0
EndNode1[0]<--->Repeater1[0]
REAL
   0.482716   0.0102827 -0.00819135    0.287292
  0.0102827   0.0222222  -0.0040017  0.00819135
-0.00819135  -0.0040017   0.0209877 0.000161203
   0.287292  0.00819135 0.000161203    0.474074
IMAGINARY
          0  0.00445609   0.0137075  -0.0216569
-0.00445609           0 -0.00299541  0.00101718
 -0.0137075  0.00299541           0  -0.0153396
  0.0216569 -0.00101718   0.0153396           0
EndNode2[0]<--->HoM1[0]
REAL
   0.473062  0.00393719 -0.00357687    0.293885
 0.00393719   0.0118265  0.00321655  0.00423563
-0.00357687  0.00321655    0.022339  0.00199166
   0.293885  0.00423563  0.00199166    0.492773
IMAGINARY
          0  0.00743572   0.0325154  0.00537714
-0.00743572           0   0.0167256   0.0109902
 -0.0325154  -0.0167256           0  -0.0105883
-0.00537714  -0.0109902   0.0105883           0
Repeater1[0]<--->EndNode1[0]
REAL
   0.482716 -0.00819135   0.0102827    0.287292
-0.00819135   0.0209877  -0.0040017 0.000161203
  0.0102827  -0.0040017   0.0222222  0.00819135
   0.287292 0.000161203  0.00819135    0.474074
IMAGINARY
          0   0.0137075  0.00445609  -0.0216569
 -0.0137075           0  0.00299541  -0.0153396
-0.00445609 -0.00299541           0  0.00101718
  0.0216569   0.0153396 -0.00101718           0
Repeater1[0]<--->HoM1[0]
REAL
   0.473062 -0.00357687  0.00393719    0.293885
-0.00357687    0.022339  0.00321655  0.00199166
 0.00393719  0.00321655   0.0118265  0.00423563
   0.293885  0.00199166  0.00423563    0.492773
IMAGINARY
          0   0.0325154  0.00743572  0.00537714
 -0.0325154           0  -0.0167256  -0.0105883
-0.00743572   0.0167256           0   0.0109902
-0.00537714   0.0105883  -0.0109902           0
EndNode1[0]<--->Repeater1[0]
REAL
   0.474065 -0.00203926  -0.0135228     0.29631
-0.00203926   0.0217129    0.033449  0.00816087
 -0.0135228    0.033449   0.0217129  -0.0207489
    0.29631  0.00816087  -0.0207489    0.482509
IMAGINARY
          0  0.00205443  -0.0109213  0.00315445
-0.00205443           0 -0.00184555  -0.0210736
  0.0109213  0.00184555           0     0.01112
-0.00315445   0.0210736    -0.01112           0
EndNode2[0]<--->HoM1[0]
REAL
   0.455357   0.0100808 -0.00688482     0.30933
  0.0100808   0.0306122   0.0167567 -0.00431413
-0.00688482   0.0167567   0.0165816 -0.00283438
    0.30933 -0.00431413 -0.00283438    0.497449
IMAGINARY
           0   0.00903391    0.0254893  -0.00770372
 -0.00903391            0 -0.000108782  -0.00308213
  -0.0254893  0.000108782            0   0.00441039
  0.00770372   0.00308213  -0.00441039            0
Repeater1[0]<--->EndNode1[0]
REAL
   0.474065  -0.0135228 -0.00203926     0.29631
 -0.0135228   0.0217129    0.033449  -0.0207489
-0.00203926    0.033449   0.0217129  0.00816087
    0.29631  -0.0207489  0.00816087    0.482509
IMAGINARY
          0  -0.0109213  0.00205443  0.00315445
  0.0109213           0  0.00184555     0.01112
-0.00205443 -0.00184555           0  -0.0210736
-0.00315445    -0.01112   0.0210736           0
Repeater1[0]<--->HoM1[0]
REAL
   0.455357 -0.00688482   0.0100808     0.30933
-0.00688482   0.0165816   0.0167567 -0.00283438
  0.0100808   0.0167567   0.0306122 -0.00431413
    0.30933 -0.00283438 -0.00431413    0.497449
IMAGINARY
           0    0.0254893   0.00903391  -0.00770372
  -0.0254893            0  0.000108782   0.00441039
 -0.00903391 -0.000108782            0  -0.00308213
  0.00770372  -0.00441039   0.00308213            0
EndNode1[0]<--->Repeater1[0]
REAL
  0.483829 -0.0103694 -0.0149664   0.295149
-0.0103694  0.0323415  0.0200816 -0.0043844
-0.0149664  0.0200816  0.0155239 -0.0189689
  0.295149 -0.0043844 -0.0189689   0.468305
IMAGINARY
           0  -0.00970943      0.01826   0.00373354
  0.00970943            0   0.00687819 -0.000644824
    -0.01826  -0.00687819            0   0.00022434
 -0.00373354  0.000644824  -0.00022434            0
EndNode2[0]<--->HoM1[0]
REAL
   0.492121 -0.00547911  -0.0124911    0.282281
