EndNode1[0]<--->Repeater1[0]
REAL
  0.346547  0.0082703 -0.0109704    0.20377
 0.0082703   0.163683  0.0110685    0.02968
-0.0109704  0.0110685   0.132992   0.016891
   0.20377    0.02968   0.016891   0.356777
IMAGINARY
          0 -0.00378966   0.0133351   0.0129188
 0.00378966           0   0.0122513  0.00907204
 -0.0133351  -0.0122513           0 -0.00069177
 -0.0129188 -0.00907204  0.00069177           0
EndNode2[0]<--->HoM1[0]
REAL
  0.382542  0.0270968  0.0161387   0.198277
 0.0270968   0.134788 0.00365861  0.0167645
 0.0161387 0.00365861   0.147625 0.00709677
  0.198277  0.0167645 0.00709677   0.335045
IMAGINARY
         0 -0.0103516  0.0118583 -0.0161339
 0.0103516          0  0.0105159  0.0137988
-0.0118583 -0.0105159          0   0.012229
 0.0161339 -0.0137988  -0.012229          0
Repeater1[0]<--->EndNode1[0]
REAL
  0.346547 -0.0109704  0.0082703    0.20377
-0.0109704   0.132992  0.0110685   0.016891
 0.0082703  0.0110685   0.163683    0.02968
   0.20377   0.016891    0.02968   0.356777
IMAGINARY
          0   0.0133351 -0.00378966   0.0129188
 -0.0133351           0  -0.0122513 -0.00069177
 0.00378966   0.0122513           0  0.00907204
 -0.0129188  0.00069177 -0.00907204           0
Repeater1[0]<--->HoM1[0]
REAL
  0.382542  0.0161387  0.0270968   0.198277
 0.0161387   0.147625 0.00365861 0.00709677
 0.0270968 0.00365861   0.134788  0.0167645
  0.198277 0.00709677  0.0167645   0.335045
IMAGINARY
         0  0.0118583 -0.0103516 -0.0161339
-0.0118583          0 -0.0105159   0.012229
 0.0103516  0.0105159          0  0.0137988
 0.0161339  -0.012229 -0.0137988          0
EndNode1[0]<--->Repeater1[0]
REAL
  0.386503 0.00707061 0.00517149   0.201332
0.00707061   0.137423 -0.0067765 -0.0177877
0.00517149 -0.0067765   0.142331  0.0121857
  0.201332 -0.0177877  0.0121857   0.333742
IMAGINARY
          0 -0.00135135  -0.0181605  0.00906808
 0.00135135           0   0.0122773   0.0073497
  0.0181605  -0.0122773           0 -0.00135135
-0.00906808  -0.0073497  0.00135135           0
EndNode2[0]<--->HoM1[0]
REAL
   0.370656   0.0106821  -0.0103703    0.202449
  0.0106821    0.126126  0.00477496  -0.0194142
 -0.0103703  0.00477496    0.153153 -0.00878097
   0.202449  -0.0194142 -0.00878097    0.350064
IMAGINARY
          0   0.0112688   0.0023122  -0.0130067
 -0.0112688           0    0.009303 -0.00489618
 -0.0023122   -0.009303           0 -0.00610088
  0.0130067  0.00489618  0.00610088           0
Repeater1[0]<--->EndNode1[0]
REAL
  0.386503 0.00517149 0.00707061   0.201332
0.00517149   0.142331 -0.0067765  0.0121857
0.00707061 -0.0067765   0.137423 -0.0177877
  0.201332  0.0121857 -0.0177877   0.333742
IMAGINARY
          0  -0.0181605 -0.00135135  0.00906808
  0.0181605           0  -0.0122773 -0.00135135
 0.00135135   0.0122773           0   0.0073497
-0.00906808  0.00135135  -0.0073497           0
Repeater1[0]<--->HoM1[0]
REAL
   0.370656  -0.0103703   0.0106821    0.202449
 -0.0103703    0.153153  0.00477496 -0.00878097
  0.0106821  0.00477496    0.126126  -0.0194142
   0.202449 -0.00878097  -0.0194142    0.350064
IMAGINARY
          0   0.0023122   0.0112688  -0.0130067
 -0.0023122           0   -0.009303 -0.00610088
 -0.0112688    0.009303           0 -0.00489618
  0.0130067  0.00610088  0.00489618           0
EndNode1[0]<--->Repeater1[0]
REAL
    0.337856 -0.000265791  -0.00594044     0.210419
-0.000265791     0.126187  -0.00144502   0.00337633
 -0.00594044  -0.00144502     0.151967    0.0143684
    0.210419   0.00337633    0.0143684     0.383989
IMAGINARY
          0 -0.00970361 -0.00158846 -0.00662064
 0.00970361           0 -0.00597381  0.00745547
 0.00158846  0.00597381           0   0.0129631
 0.00662064 -0.00745547  -0.0129631           0
EndNode2[0]<--->HoM1[0]
REAL
    0.352941   -0.0144525  0.000941833     0.206838
  -0.0144525     0.149111    -0.018948 -0.000317613
 0.000941833    -0.018948     0.157319    0.0425424
    0.206838 -0.000317613    0.0425424     0.340629
IMAGINARY
          0 -0.00656594 -0.00782032   0.0073812
 0.00656594           0  0.00111553 -0.00916081
 0.00782032 -0.00111553           0   0.0134842
 -0.0073812  0.00916081  -0.0134842           0
Repeater1[0]<--->EndNode1[0]
REAL
    0.337856  -0.00594044 -0.000265791     0.210419
 -0.00594044     0.151967  -0.00144502    0.0143684
-0.000265791  -0.00144502     0.126187   0.00337633
    0.210419    0.0143684   0.00337633     0.383989
IMAGINARY
          0 -0.00158846 -0.00970361 -0.00662064
 0.00158846           0  0.00597381   0.0129631
 0.00970361 -0.00597381           0  0.00745547
 0.00662064  -0.0129631 -0.00745547           0
Repeater1[0]<--->HoM1[0]
REAL
    0.352941  0.000941833   -0.0144525     0.206838
 0.000941833     0.157319    -0.018948    0.0425424
  -0.0144525    -0.018948     0.149111 -0.000317613
    0.206838    0.0425424 -0.000317613     0.340629
IMAGINARY
          0 -0.00782032 -0.00656594   0.0073812
 0.00782032           0 -0.00111553   0.0134842
 0.00656594  0.00111553           0 -0.00916081
 -0.0073812  -0.0134842  0.00916081           0
EndNode1[0]<--->Repeater1[0]
REAL
   0.354628  -0.0119195 -0.00366342    0.201769
 -0.0119195    0.148631  0.00567801 -0.00431531
-0.00366342  0.00567801    0.149935 -0.00669754
   0.201769 -0.00431531 -0.00669754    0.346806
IMAGINARY
           0   0.00948125   0.00722117 -0.000960221
 -0.00948125            0   -0.0142682   -0.0154179
 -0.00722117    0.0142682            0    0.0125868
 0.000960221    0.0154179   -0.0125868            0
EndNode2[0]<--->HoM1[0]
REAL
    0.33724  0.00538805  0.00508047    0.215099
 0.00538805    0.145833   0.0109647 -0.00774004
 0.00508047   0.0109647    0.160156   0.0105694
   0.215099 -0.00774004   0.0105694    0.356771
IMAGINARY
          0  -0.0123647  0.00377709  0.00157928
  0.0123647           0  0.00350978   -0.011529
-0.00377709 -0.00350978           0   0.0110728
-0.00157928    0.011529  -0.0110728           0
Repeater1[0]<--->EndNode1[0]
REAL
   0.354628 -0.00366342  -0.0119195    0.201769
-0.00366342    0.149935  0.00567801 -0.00669754
 -0.0119195  0.00567801    0.148631 -0.00431531
   0.201769 -0.00669754 -0.00431531    0.346806
IMAGINARY
           0   0.00722117   0.00948125 -0.000960221
 -0.00722117            0    0.0142682    0.0125868
 -0.00948125   -0.0142682            0   -0.0154179
 0.000960221   -0.0125868    0.0154179            0
Repeater1[0]<--->HoM1[0]
REAL
    0.33724  0.00508047  0.00538805    0.215099
 0.00508047    0.160156   0.0109647   0.0105694
 0.00538805   0.0109647    0.145833 -0.00774004
   0.215099   0.0105694 -0.00774004    0.356771
IMAGINARY
          0  0.00377709  -0.0123647  0.00157928
-0.00377709           0 -0.00350978   0.0110728
  0.0123647  0.00350978           0   -0.011529
-0.00157928  -0.0110728    0.011529           0
EndNode1[0]<--->Repeater1[0]
REAL
   0.378827 -0.00658082  0.00709105    0.201073
-0.00658082    0.118622 -0.00542067  -0.0130199
 0.00709105 -0.00542067    0.140306 -0.00593565
   0.201073  -0.0130199 -0.00593565    0.362245
IMAGINARY
          0  0.00484346  -0.0201122   0.0101116
-0.00484346           0   0.0130843 -0.00586186
  0.0201122  -0.0130843           0   0.0185332
 -0.0101116  0.00586186  -0.0185332           0
EndNode2[0]<--->HoM1[0]
REAL
   0.397041  0.00822726 -0.00368794    0.207398
 0.00822726    0.147965  0.00858653 -0.00489859
-0.00368794  0.00858653     0.12947  0.00564328
   0.207398 -0.00489859  0.00564328    0.325524
IMAGINARY
          0  -0.0166164  0.00357068  -0.0185059
  0.0166164           0    0.014737 -0.00687319
-0.00357068   -0.014737           0  0.00142485
  0.0185059  0.00687319 -0.00142485           0
Repeater1[0]<--->EndNode1[0]
REAL
   0.378827  0.00709105 -0.00658082    0.201073
 0.00709105    0.140306 -0.00542067 -0.00593565
-0.00658082 -0.00542067    0.118622  -0.0130199
   0.201073 -0.00593565  -0.0130199    0.362245
IMAGINARY
          0  -0.0201122  0.00484346   0.0101116
  0.0201122           0  -0.0130843   0.0185332
-0.00484346   0.0130843           0 -0.00586186
 -0.0101116  -0.0185332  0.00586186           0
Repeater1[0]<--->HoM1[0]
REAL
   0.397041 -0.00368794  0.00822726    0.207398
-0.00368794     0.12947  0.00858653  0.00564328
 0.00822726  0.00858653    0.147965 -0.00489859
   0.207398  0.00564328 -0.00489859    0.325524
IMAGINARY
          0  0.00357068  -0.0166164  -0.0185059
-0.00357068           0   -0.014737  0.00142485
  0.0166164    0.014737           0 -0.00687319
  0.0185059 -0.00142485  0.00687319           0
EndNode1[0]<--->Repeater1[0]
REAL
   0.357881 -6.9092e-05  -0.0184492    0.215121
-6.9092e-05    0.166667  -0.0288467   0.0243316
 -0.0184492  -0.0288467    0.117571 -0.00189169
   0.215121   0.0243316 -0.00189169    0.357881
IMAGINARY
          0   0.0154415 -0.00298349  -0.0136562
 -0.0154415           0  0.00936171 -0.00103796
 0.00298349 -0.00936171           0   0.0167301
  0.0136562  0.00103796  -0.0167301           0
EndNode2[0]<--->HoM1[0]
REAL
     0.38404  -0.00721846   0.00199819     0.210874
 -0.00721846      0.15212   -0.0128611  -0.00663395
  0.00199819   -0.0128611     0.140898 -6.63113e-05
    0.210874  -0.00663395 -6.63113e-05     0.322943
IMAGINARY
          0  0.00504752  -0.0116951   0.0133717
-0.00504752           0 -0.00786378 -0.00322056
  0.0116951  0.00786378           0 -0.00699304
 -0.0133717  0.00322056  0.00699304           0
Repeater1[0]<--->EndNode1[0]
REAL
   0.357881  -0.0184492 -6.9092e-05    0.215121
 -0.0184492    0.117571  -0.0288467 -0.00189169
-6.9092e-05  -0.0288467    0.166667   0.0243316
   0.215121 -0.00189169   0.0243316    0.357881
IMAGINARY
          0 -0.00298349   0.0154415  -0.0136562
 0.00298349           0 -0.00936171   0.0167301
 -0.0154415  0.00936171           0 -0.00103796
  0.0136562  -0.0167301  0.00103796           0
Repeater1[0]<--->HoM1[0]
REAL
     0.38404   0.00199819  -0.00721846     0.210874
  0.00199819     0.140898   -0.0128611 -6.63113e-05
 -0.00721846   -0.0128611      0.15212  -0.00663395
    0.210874 -6.63113e-05  -0.00663395     0.322943
IMAGINARY
          0  -0.0116951  0.00504752   0.0133717
  0.0116951           0  0.00786378 -0.00699304
-0.00504752 -0.00786378           0 -0.00322056
 -0.0133717  0.00699304  0.00322056           0
EndNode1[0]<--->Repeater1[0]
REAL
   0.358974 -0.00719895  0.00145022    0.200005
-0.00719895    0.137179   0.0133461   0.0168744
 0.00145022   0.0133461    0.148718 -0.00719895
   0.200005   0.0168744 -0.00719895    0.355128
IMAGINARY
          0   0.0159799 -0.00910691   0.0262934
 -0.0159799           0  0.00562153 -0.00374498
 0.00910691 -0.00562153           0  0.00176799
 -0.0262934  0.00374498 -0.00176799           0
EndNode2[0]<--->HoM1[0]
REAL
   0.364611 -0.00429008   0.0303076    0.214702
-0.00429008    0.135389   0.0126818 -0.00463522
  0.0303076   0.0126818    0.126005    0.011625
   0.214702 -0.00463522    0.011625    0.373995
IMAGINARY
          0  0.00730211   0.0222759  -0.0113249
-0.00730211           0   0.0100655  0.00802716
 -0.0222759  -0.0100655           0  -0.0148779
  0.0113249 -0.00802716   0.0148779           0
Repeater1[0]<--->EndNode1[0]
REAL
   0.358974  0.00145022 -0.00719895    0.200005
 0.00145022    0.148718   0.0133461 -0.00719895
-0.00719895   0.0133461    0.137179   0.0168744
   0.200005 -0.00719895   0.0168744    0.355128
IMAGINARY
          0 -0.00910691   0.0159799   0.0262934
 0.00910691           0 -0.00562153  0.00176799
 -0.0159799  0.00562153           0 -0.00374498
 -0.0262934 -0.00176799  0.00374498           0
Repeater1[0]<--->HoM1[0]
REAL
   0.364611   0.0303076 -0.00429008    0.214702
  0.0303076    0.126005   0.0126818    0.011625
-0.00429008   0.0126818    0.135389 -0.00463522
   0.214702    0.011625 -0.00463522    0.373995
IMAGINARY
          0   0.0222759  0.00730211  -0.0113249
 -0.0222759           0  -0.0100655  -0.0148779
-0.00730211   0.0100655           0  0.00802716
  0.0113249   0.0148779 -0.00802716           0
EndNode1[0]<--->Repeater1[0]
REAL
   0.345695  -0.0130371  -0.0128982    0.214649
 -0.0130371    0.135099 -0.00128951   0.0148437
 -0.0128982 -0.00128951    0.152318   0.0110916
   0.214649   0.0148437   0.0110916    0.366887
IMAGINARY
          0  -0.0220423   0.0211194  0.00214377
  0.0220423           0 -0.00343243 -0.00440988
 -0.0211194  0.00343243           0 -0.00366462
-0.00214377  0.00440988  0.00366462           0
EndNode2[0]<--->HoM1[0]
REAL
   0.385117 -0.00695936   0.0125956    0.190669
-0.00695936    0.144909 -0.00645871 -0.00632993
  0.0125956 -0.00645871    0.117493 0.000693699
   0.190669 -0.00632993 0.000693699     0.35248
IMAGINARY
          0 -0.00879446   0.0212256 -0.00307085
 0.00879446           0 -0.00829278  0.00357856
 -0.0212256  0.00829278           0   0.0127109
 0.00307085 -0.00357856  -0.0127109           0
Repeater1[0]<--->EndNode1[0]
REAL
   0.345695  -0.0128982  -0.0130371    0.214649
 -0.0128982    0.152318 -0.00128951   0.0110916
 -0.0130371 -0.00128951    0.135099   0.0148437
   0.214649   0.0110916   0.0148437    0.366887
IMAGINARY
          0   0.0211194  -0.0220423  0.00214377
 -0.0211194           0  0.00343243 -0.00366462
  0.0220423 -0.00343243           0 -0.00440988
-0.00214377  0.00366462  0.00440988           0
Repeater1[0]<--->HoM1[0]
REAL
   0.385117   0.0125956 -0.00695936    0.190669
  0.0125956    0.117493 -0.00645871 0.000693699
-0.00695936 -0.00645871    0.144909 -0.00632993
   0.190669 0.000693699 -0.00632993     0.35248
IMAGINARY
          0   0.0212256 -0.00879446 -0.00307085
 -0.0212256           0  0.00829278   0.0127109
 0.00879446 -0.00829278           0  0.00357856
 0.00307085  -0.0127109 -0.00357856           0
EndNode1[0]<--->Repeater1[0]
REAL
   0.378003  0.00579058    0.022829    0.202329
 0.00579058    0.132743 -0.00829878  0.00204661
   0.022829 -0.00829878    0.123894  -0.0107657
   0.202329  0.00204661  -0.0107657     0.36536
IMAGINARY
          0   0.0108385  0.00775283   0.0205635
 -0.0108385           0   0.0273621 -0.00967344
-0.00775283  -0.0273621           0  0.00644703
 -0.0205635  0.00967344 -0.00644703           0
EndNode2[0]<--->HoM1[0]
REAL
    0.390773  -0.00285037 -0.000546026     0.237045
 -0.00285037     0.122117  -0.00388772    0.0144166
-0.000546026  -0.00388772     0.132972   -0.0149832
    0.237045    0.0144166   -0.0149832     0.354138
IMAGINARY
          0 -0.00829078  0.00147721   -0.038107
 0.00829078           0   0.0115113  -0.0131352
-0.00147721  -0.0115113           0   0.0147675
   0.038107   0.0131352  -0.0147675           0
Repeater1[0]<--->EndNode1[0]
REAL
   0.378003    0.022829  0.00579058    0.202329
   0.022829    0.123894 -0.00829878  -0.0107657
 0.00579058 -0.00829878    0.132743  0.00204661
   0.202329  -0.0107657  0.00204661     0.36536
IMAGINARY
          0  0.00775283   0.0108385   0.0205635
-0.00775283           0  -0.0273621  0.00644703
 -0.0108385   0.0273621           0 -0.00967344
 -0.0205635 -0.00644703  0.00967344           0
Repeater1[0]<--->HoM1[0]
REAL
    0.390773 -0.000546026  -0.00285037     0.237045
-0.000546026     0.132972  -0.00388772   -0.0149832
 -0.00285037  -0.00388772     0.122117    0.0144166
    0.237045   -0.0149832    0.0144166     0.354138
IMAGINARY
          0  0.00147721 -0.00829078   -0.038107
-0.00147721           0  -0.0115113   0.0147675
 0.00829078   0.0115113           0  -0.0131352
   0.038107  -0.0147675   0.0131352           0
EndNode1[0]<--->Repeater1[0]
REAL
   0.325611   0.0183352 -0.00482264     0.18634
  0.0183352    0.132561  0.00240195  -0.0249787
-0.00482264  0.00240195    0.146718 -0.00972598
    0.18634  -0.0249787 -0.00972598    0.395109
IMAGINARY
          0  0.00510397 -0.00551923   -0.011883
-0.00510397           0 -0.00644163  -0.0061388
 0.00551923  0.00644163           0 -0.00898999
   0.011883   0.0061388  0.00898999           0
EndNode2[0]<--->HoM1[0]
REAL
   0.364648  -0.0181241  -0.0250836     0.21597
 -0.0181241    0.138443   0.0024641 -0.00395682
 -0.0250836   0.0024641    0.154512  -0.0020779
    0.21597 -0.00395682  -0.0020779    0.342398
IMAGINARY
          0  0.00800433   0.0155839  0.00155492
-0.00800433           0   0.0215017 -0.00535202
 -0.0155839  -0.0215017           0   0.0226914
-0.00155492  0.00535202  -0.0226914           0
Repeater1[0]<--->EndNode1[0]
REAL
   0.325611 -0.00482264   0.0183352     0.18634
-0.00482264    0.146718  0.00240195 -0.00972598
  0.0183352  0.00240195    0.132561  -0.0249787
    0.18634 -0.00972598  -0.0249787    0.395109
IMAGINARY
          0 -0.00551923  0.00510397   -0.011883
 0.00551923           0  0.00644163 -0.00898999
-0.00510397 -0.00644163           0  -0.0061388
   0.011883  0.00898999   0.0061388           0
Repeater1[0]<--->HoM1[0]
REAL
   0.364648  -0.0250836  -0.0181241     0.21597
 -0.0250836    0.154512   0.0024641  -0.0020779
 -0.0181241   0.0024641    0.138443 -0.00395682
    0.21597  -0.0020779 -0.00395682    0.342398
IMAGINARY
          0   0.0155839  0.00800433  0.00155492
 -0.0155839           0  -0.0215017   0.0226914
-0.00800433   0.0215017           0 -0.00535202
-0.00155492  -0.0226914  0.00535202           0
EndNode1[0]<--->Repeater1[0]
REAL
   0.373283   0.0229121  0.00161733    0.229719
  0.0229121    0.123596 -0.00778061  -0.0194745
 0.00161733 -0.00778061    0.156055   -0.012708
   0.229719  -0.0194745   -0.012708    0.347066
IMAGINARY
          0  0.00969895 -0.00703325   0.0153336
-0.00969895           0   0.0198968  0.00703325
 0.00703325  -0.0198968           0 -0.00469895
 -0.0153336 -0.00703325  0.00469895           0
EndNode2[0]<--->HoM1[0]
REAL
    0.363151   -0.0379893  -0.00043982     0.220522
  -0.0379893     0.160214  -0.00605028  -0.00803476
 -0.00043982  -0.00605028     0.116155 -0.000472243
    0.220522  -0.00803476 -0.000472243     0.360481
IMAGINARY
          0   0.0141724   0.0150959  0.00155177
 -0.0141724           0  -0.0139377 -0.00675183
 -0.0150959   0.0139377           0  -0.0186653
-0.00155177  0.00675183   0.0186653           0
Repeater1[0]<--->EndNode1[0]
REAL
   0.373283  0.00161733   0.0229121    0.229719
 0.00161733    0.156055 -0.00778061   -0.012708
  0.0229121 -0.00778061    0.123596  -0.0194745
   0.229719   -0.012708  -0.0194745    0.347066
IMAGINARY
          0 -0.00703325  0.00969895   0.0153336
 0.00703325           0  -0.0198968 -0.00469895
-0.00969895   0.0198968           0  0.00703325
 -0.0153336  0.00469895 -0.00703325           0
Repeater1[0]<--->HoM1[0]
REAL
    0.363151  -0.00043982   -0.0379893     0.220522
 -0.00043982     0.116155  -0.00605028 -0.000472243
  -0.0379893  -0.00605028     0.160214  -0.00803476
    0.220522 -0.000472243  -0.00803476     0.360481
IMAGINARY
          0   0.0150959   0.0141724  0.00155177
 -0.0150959           0   0.0139377  -0.0186653
 -0.0141724  -0.0139377           0 -0.00675183
-0.00155177   0.0186653  0.00675183           0
EndNode1[0]<--->Repeater1[0]
REAL
  0.349428  0.0308663 0.00121354   0.201593
 0.0308663   0.120712  0.0251225  0.0122669
0.00121354  0.0251225    0.15756 0.00589836
  0.201593  0.0122669 0.00589836     0.3723
IMAGINARY
          0  0.00740342  0.00902373 -0.00412733
-0.00740342           0   0.0272043  -0.0192539
-0.00902373  -0.0272043           0  -0.0189124
 0.00412733   0.0192539   0.0189124           0
EndNode2[0]<--->HoM1[0]
REAL
    0.366038    0.0047083   0.00221237     0.228797
   0.0047083     0.118239    0.0265356   -0.0216603
  0.00221237    0.0265356     0.148428 -0.000316829
    0.228797   -0.0216603 -0.000316829     0.367296
IMAGINARY
          0  -0.0160314  0.00414204  0.00280292
  0.0160314           0  -0.0153029  0.00213937
-0.00414204   0.0153029           0  0.00598116
-0.00280292 -0.00213937 -0.00598116           0
Repeater1[0]<--->EndNode1[0]
REAL
  0.349428 0.00121354  0.0308663   0.201593
0.00121354    0.15756  0.0251225 0.00589836
 0.0308663  0.0251225   0.120712  0.0122669
  0.201593 0.00589836  0.0122669     0.3723
IMAGINARY
          0  0.00902373  0.00740342 -0.00412733
-0.00902373           0  -0.0272043  -0.0189124
-0.00740342   0.0272043           0  -0.0192539
 0.00412733   0.0189124   0.0192539           0
Repeater1[0]<--->HoM1[0]
REAL
    0.366038   0.00221237    0.0047083     0.228797
  0.00221237     0.148428    0.0265356 -0.000316829
   0.0047083    0.0265356     0.118239   -0.0216603
    0.228797 -0.000316829   -0.0216603     0.367296
IMAGINARY
          0  0.00414204  -0.0160314  0.00280292
-0.00414204           0   0.0153029  0.00598116
  0.0160314  -0.0153029           0  0.00213937
-0.00280292 -0.00598116 -0.00213937           0
EndNode1[0]<--->Repeater1[0]
REAL
    0.343511    0.0113629   -0.0159913     0.210887
   0.0113629     0.141221   -0.0168293  -0.00107565
  -0.0159913   -0.0168293     0.137405 -0.000616966
    0.210887  -0.00107565 -0.000616966     0.377863
IMAGINARY
          0  -0.0278676    0.010944   0.0110982
  0.0278676           0 -0.00761146 -0.00544947
  -0.010944  0.00761146           0   0.0211521
 -0.0110982  0.00544947  -0.0211521           0
EndNode2[0]<--->HoM1[0]
REAL
   0.356091   0.0199252  0.00869378    0.192544
  0.0199252    0.133869  0.00921053  0.00682579
 0.00869378  0.00921053    0.139224 -0.00305614
   0.192544  0.00682579 -0.00305614    0.370817
IMAGINARY
          0  -0.0152681   0.0271861  0.00516266
  0.0152681           0  -0.0128946   0.0305062
 -0.0271861   0.0128946           0 -0.00011655
-0.00516266  -0.0305062  0.00011655           0
Repeater1[0]<--->EndNode1[0]
REAL
    0.343511   -0.0159913    0.0113629     0.210887
  -0.0159913     0.137405   -0.0168293 -0.000616966
   0.0113629   -0.0168293     0.141221  -0.00107565
    0.210887 -0.000616966  -0.00107565     0.377863
IMAGINARY
          0    0.010944  -0.0278676   0.0110982
  -0.010944           0  0.00761146   0.0211521
  0.0278676 -0.00761146           0 -0.00544947
 -0.0110982  -0.0211521  0.00544947           0
Repeater1[0]<--->HoM1[0]
REAL
   0.356091  0.00869378   0.0199252    0.192544
 0.00869378    0.139224  0.00921053 -0.00305614
  0.0199252  0.00921053    0.133869  0.00682579
   0.192544 -0.00305614  0.00682579    0.370817
IMAGINARY
          0   0.0271861  -0.0152681  0.00516266
 -0.0271861           0   0.0128946 -0.00011655
  0.0152681  -0.0128946           0   0.0305062
-0.00516266  0.00011655  -0.0305062           0
EndNode1[0]<--->Repeater1[0]
REAL
    0.34954     -0.0108  0.00043409    0.217628
    -0.0108    0.165572  -0.0114554 -0.00537236
 0.00043409  -0.0114554    0.134034  -0.0212987
   0.217628 -0.00537236  -0.0212987    0.350854
IMAGINARY
          0  -0.0102922  -0.0052334 -0.00126263
  0.0102922           0  0.00126263  0.00988147
  0.0052334 -0.00126263           0  -0.0102922
 0.00126263 -0.00988147   0.0102922           0
EndNode2[0]<--->HoM1[0]
REAL
   0.345191 -0.00935708  -0.0260185    0.221169
-0.00935708     0.14361   -0.017112   0.0105054
 -0.0260185   -0.017112    0.146245 -0.00615605
   0.221169   0.0105054 -0.00615605    0.364954
IMAGINARY
          0  0.00450802 -0.00659054  0.00319965
-0.00450802           0  0.00116988   -0.016847
 0.00659054 -0.00116988           0  0.00721073
-0.00319965    0.016847 -0.00721073           0
Repeater1[0]<--->EndNode1[0]
REAL
    0.34954  0.00043409     -0.0108    0.217628
 0.00043409    0.134034  -0.0114554  -0.0212987
    -0.0108  -0.0114554    0.165572 -0.00537236
   0.217628  -0.0212987 -0.00537236    0.350854
IMAGINARY
          0  -0.0052334  -0.0102922 -0.00126263
  0.0052334           0 -0.00126263  -0.0102922
  0.0102922  0.00126263           0  0.00988147
 0.00126263   0.0102922 -0.00988147           0
Repeater1[0]<--->HoM1[0]
REAL
   0.345191  -0.0260185 -0.00935708    0.221169
 -0.0260185    0.146245   -0.017112 -0.00615605
-0.00935708   -0.017112     0.14361   0.0105054
   0.221169 -0.00615605   0.0105054    0.364954
IMAGINARY
          0 -0.00659054  0.00450802  0.00319965
 0.00659054           0 -0.00116988  0.00721073
-0.00450802  0.00116988           0   -0.016847
-0.00319965 -0.00721073    0.016847           0
EndNode1[0]<--->Repeater1[0]
REAL
  0.344737 -0.0127153 -0.0104735   0.202511
-0.0127153   0.146053 0.00413816 0.00982166
-0.0104735 0.00413816   0.143421 -0.0179236
  0.202511 0.00982166 -0.0179236   0.365789
IMAGINARY
          0 -0.00586671   0.0261604 -0.00426017
 0.00586671           0  -0.0061565   0.0082576
 -0.0261604   0.0061565           0   0.0127503
 0.00426017  -0.0082576  -0.0127503           0
EndNode2[0]<--->HoM1[0]
REAL
    0.348059 -0.000271802    0.0123126     0.209953
-0.000271802     0.135207    0.0113582   -0.0154652
   0.0123126    0.0113582     0.157965    0.0135127
    0.209953   -0.0154652    0.0135127     0.358768
IMAGINARY
          0  -0.0212559   0.0022077   0.0034418
  0.0212559           0   0.0034418  0.00609371
 -0.0022077  -0.0034418           0   -0.010034
 -0.0034418 -0.00609371    0.010034           0
Repeater1[0]<--->EndNode1[0]
REAL
  0.344737 -0.0104735 -0.0127153   0.202511
-0.0104735   0.143421 0.00413816 -0.0179236
-0.0127153 0.00413816   0.146053 0.00982166
  0.202511 -0.0179236 0.00982166   0.365789
IMAGINARY
          0   0.0261604 -0.00586671 -0.00426017
 -0.0261604           0   0.0061565   0.0127503
 0.00586671  -0.0061565           0   0.0082576
 0.00426017  -0.0127503  -0.0082576           0
Repeater1[0]<--->HoM1[0]
REAL
    0.348059    0.0123126 -0.000271802     0.209953
   0.0123126     0.157965    0.0113582    0.0135127
-0.000271802    0.0113582     0.135207   -0.0154652
    0.209953    0.0135127   -0.0154652     0.358768
IMAGINARY
          0   0.0022077  -0.0212559   0.0034418
 -0.0022077           0  -0.0034418   -0.010034
  0.0212559   0.0034418           0  0.00609371
 -0.0034418    0.010034 -0.00609371           0
EndNode1[0]<--->Repeater1[0]
REAL
    0.361367   0.00920197   0.00529634     0.214064
  0.00920197     0.116951    0.0248919  -0.00864306
  0.00529634    0.0248919      0.11958 -0.000500493
    0.214064  -0.00864306 -0.000500493     0.402102
IMAGINARY
          0  0.00298138  0.00808781  -0.0128824
-0.00298138           0  0.00171614  0.00274022
-0.00808781 -0.00171614           0  0.00912053
  0.0128824 -0.00274022 -0.00912053           0
EndNode2[0]<--->HoM1[0]
REAL
   0.33494 0.00471301 0.00690271   0.230917
0.00471301   0.153012 -0.0118014  0.0158541
0.00690271 -0.0118014   0.139759 -0.0105648
  0.230917  0.0158541 -0.0105648   0.372289
IMAGINARY
          0   0.0150331  -0.0224866   0.0103873
 -0.0150331           0   0.0260711  0.00792354
  0.0224866  -0.0260711           0  0.00195716
 -0.0103873 -0.00792354 -0.00195716           0
Repeater1[0]<--->EndNode1[0]
REAL
    0.361367   0.00529634   0.00920197     0.214064
  0.00529634      0.11958    0.0248919 -0.000500493
  0.00920197    0.0248919     0.116951  -0.00864306
    0.214064 -0.000500493  -0.00864306     0.402102
IMAGINARY
          0  0.00808781  0.00298138  -0.0128824
-0.00808781           0 -0.00171614  0.00912053
-0.00298138  0.00171614           0  0.00274022
  0.0128824 -0.00912053 -0.00274022           0
Repeater1[0]<--->HoM1[0]
REAL
   0.33494 0.00690271 0.00471301   0.230917
0.00690271   0.139759 -0.0118014 -0.0105648
0.00471301 -0.0118014   0.153012  0.0158541
  0.230917 -0.0105648  0.0158541   0.372289
IMAGINARY
          0  -0.0224866   0.0150331   0.0103873
  0.0224866           0  -0.0260711  0.00195716
 -0.0150331   0.0260711           0  0.00792354
 -0.0103873 -0.00195716 -0.00792354           0
EndNode1[0]<--->Repeater1[0]
REAL
   0.348411  0.00252655 -0.00944451    0.213622
 0.00252655    0.136919 8.74274e-05  -0.0107168
-0.00944451 8.74274e-05    0.167482  -0.0079029
   0.213622  -0.0107168  -0.0079029    0.347188
IMAGINARY
          0  -0.0209184  0.00624179   0.0312477
  0.0209184           0  0.00294583  0.00624179
-0.00624179 -0.00294583           0 -0.00470573
 -0.0312477 -0.00624179  0.00470573           0
EndNode2[0]<--->HoM1[0]
REAL
   0.367609 -0.00180936   0.0152431    0.200065
-0.00180936    0.150386 -0.00521188  -0.0115666
  0.0152431 -0.00521188    0.142674   0.0165152
   0.200065  -0.0115666   0.0165152    0.339332
IMAGINARY
          0 -0.00709428   0.0160684 -0.00461377
 0.00709428           0  -0.0144903   0.0309071
 -0.0160684   0.0144903           0  0.00516378
 0.00461377  -0.0309071 -0.00516378           0
Repeater1[0]<--->EndNode1[0]
REAL
   0.348411 -0.00944451  0.00252655    0.213622
-0.00944451    0.167482 8.74274e-05  -0.0079029
 0.00252655 8.74274e-05    0.136919  -0.0107168
   0.213622  -0.0079029  -0.0107168    0.347188
IMAGINARY
          0  0.00624179  -0.0209184   0.0312477
-0.00624179           0 -0.00294583 -0.00470573
  0.0209184  0.00294583           0  0.00624179
 -0.0312477  0.00470573 -0.00624179           0
Repeater1[0]<--->HoM1[0]
REAL
   0.367609   0.0152431 -0.00180936    0.200065
  0.0152431    0.142674 -0.00521188   0.0165152
-0.00180936 -0.00521188    0.150386  -0.0115666
   0.200065   0.0165152  -0.0115666    0.339332
IMAGINARY
          0   0.0160684 -0.00709428 -0.00461377
 -0.0160684           0   0.0144903  0.00516378
 0.00709428  -0.0144903           0   0.0309071
 0.00461377 -0.00516378  -0.0309071           0
EndNode1[0]<--->Repeater1[0]
REAL
    0.359626   -0.0135736   0.00263175     0.220892
  -0.0135736     0.135027 -0.000160462    0.0168804
  0.00263175 -0.000160462     0.141711    0.0196711
    0.220892    0.0168804    0.0196711     0.363636
IMAGINARY
          0   0.0103565 -0.00889724   0.0213558
 -0.0103565           0  -0.0150427  -0.0226817
 0.00889724   0.0150427           0   0.0264856
 -0.0213558   0.0226817  -0.0264856           0
EndNode2[0]<--->HoM1[0]
REAL
  0.343829  0.0115737 0.00575449   0.195839
 0.0115737   0.163728 -0.0229909 0.00020578
0.00575449 -0.0229909   0.117128 -0.0148849
  0.195839 0.00020578 -0.0148849   0.375315
IMAGINARY
          0   0.0195021 -0.00316063   0.0181239
 -0.0195021           0  -0.0229901 -0.00447296
 0.00316063   0.0229901           0 -0.00296263
 -0.0181239  0.00447296  0.00296263           0
Repeater1[0]<--->EndNode1[0]
REAL
    0.359626   0.00263175   -0.0135736     0.220892
  0.00263175     0.141711 -0.000160462    0.0196711
  -0.0135736 -0.000160462     0.135027    0.0168804
    0.220892    0.0196711    0.0168804     0.363636
IMAGINARY
          0 -0.00889724   0.0103565   0.0213558
 0.00889724           0   0.0150427   0.0264856
 -0.0103565  -0.0150427           0  -0.0226817
 -0.0213558  -0.0264856   0.0226817           0
Repeater1[0]<--->HoM1[0]
REAL
  0.343829 0.00575449  0.0115737   0.195839
0.00575449   0.117128 -0.0229909 -0.0148849
 0.0115737 -0.0229909   0.163728 0.00020578
  0.195839 -0.0148849 0.00020578   0.375315
IMAGINARY
          0 -0.00316063   0.0195021   0.0181239
 0.00316063           0   0.0229901 -0.00296263
 -0.0195021  -0.0229901           0 -0.00447296
 -0.0181239  0.00296263  0.00447296           0
EndNode1[0]<--->Repeater1[0]
REAL
   0.352318   0.0322283   0.0161696     0.20826
  0.0322283    0.143046 -0.00308046 -0.00089738
  0.0161696 -0.00308046    0.139073 -0.00101979
    0.20826 -0.00089738 -0.00101979    0.365563
IMAGINARY
           0  0.000956102  -0.00556798   -0.0221605
-0.000956102            0   0.00206308    0.0132999
  0.00556798  -0.00206308            0    0.0170851
   0.0221605   -0.0132999   -0.0170851            0
EndNode2[0]<--->HoM1[0]
REAL
    0.350877   0.00707054 -0.000706399     0.188192
  0.00707054     0.157895   -0.0246283   0.00602555
-0.000706399   -0.0246283     0.129555     0.020855
    0.188192   0.00602555     0.020855     0.361673
IMAGINARY
          0 -0.00224973 -0.00132212 -0.00510286
 0.00224973           0  -0.0221699  0.00388622
 0.00132212   0.0221699           0 -0.00544258
 0.00510286 -0.00388622  0.00544258           0
Repeater1[0]<--->EndNode1[0]
REAL
   0.352318   0.0161696   0.0322283     0.20826
  0.0161696    0.139073 -0.00308046 -0.00101979
  0.0322283 -0.00308046    0.143046 -0.00089738
    0.20826 -0.00101979 -0.00089738    0.365563
IMAGINARY
           0  -0.00556798  0.000956102   -0.0221605
  0.00556798            0  -0.00206308    0.0170851
-0.000956102   0.00206308            0    0.0132999
   0.0221605   -0.0170851   -0.0132999            0
Repeater1[0]<--->HoM1[0]
REAL
    0.350877 -0.000706399   0.00707054     0.188192
-0.000706399     0.129555   -0.0246283     0.020855
  0.00707054   -0.0246283     0.157895   0.00602555
    0.188192     0.020855   0.00602555     0.361673
IMAGINARY
          0 -0.00132212 -0.00224973 -0.00510286
 0.00132212           0   0.0221699 -0.00544258
 0.00224973  -0.0221699           0  0.00388622
 0.00510286  0.00544258 -0.00388622           0
EndNode1[0]<--->Repeater1[0]
REAL
    0.389041    0.0114661  -0.00634801     0.206298
   0.0114661     0.124658 -0.000576059   -0.0127256
 -0.00634801 -0.000576059     0.149315   -0.0141909
    0.206298   -0.0127256   -0.0141909     0.336986
IMAGINARY
           0    0.0107213    0.0038149   0.00769145
  -0.0107213            0   0.00399687  0.000724662
  -0.0038149  -0.00399687            0   -0.0126668
 -0.00769145 -0.000724662    0.0126668            0
EndNode2[0]<--->HoM1[0]
REAL
    0.33376 -0.00486867  -0.0169493    0.222492
-0.00486867    0.139386 -0.00667449 -0.00449843
 -0.0169493 -0.00667449    0.152174  0.00754963
   0.222492 -0.00449843  0.00754963     0.37468
IMAGINARY
           0   0.00573312  0.000311903   0.00728154
 -0.00573312            0  -0.00794379  0.000913587
-0.000311903   0.00794379            0  -0.00328214
 -0.00728154 -0.000913587   0.00328214            0
Repeater1[0]<--->EndNode1[0]
REAL
    0.389041  -0.00634801    0.0114661     0.206298
 -0.00634801     0.149315 -0.000576059   -0.0141909
   0.0114661 -0.000576059     0.124658   -0.0127256
    0.206298   -0.0141909   -0.0127256     0.336986
IMAGINARY
           0    0.0038149    0.0107213   0.00769145
  -0.0038149            0  -0.00399687   -0.0126668
  -0.0107213   0.00399687            0  0.000724662
 -0.00769145    0.0126668 -0.000724662            0
Repeater1[0]<--->HoM1[0]
REAL
    0.33376  -0.0169493 -0.00486867    0.222492
 -0.0169493    0.152174 -0.00667449  0.00754963
-0.00486867 -0.00667449    0.139386 -0.00449843
   0.222492  0.00754963 -0.00449843     0.37468
IMAGINARY
           0  0.000311903   0.00573312   0.00728154
-0.000311903            0   0.00794379  -0.00328214
 -0.00573312  -0.00794379            0  0.000913587
 -0.00728154   0.00328214 -0.000913587            0
EndNode1[0]<--->Repeater1[0]
REAL
    0.35733   0.0013491  0.00101382    0.203469
  0.0013491    0.153141 -0.00781696   0.0132719
 0.00101382 -0.00781696    0.151832  0.00672544
   0.203469   0.0132719  0.00672544    0.337696
IMAGINARY
          0  -0.0129184   0.0137936 -0.00781436
  0.0129184           0  -0.0115364   0.0124531
 -0.0137936   0.0115364           0   0.0102937
 0.00781436  -0.0124531  -0.0102937           0
EndNode2[0]<--->HoM1[0]
REAL
    0.337531   0.00344956   0.00626865     0.214121
  0.00344956     0.146096 -0.000553037   0.00880672
  0.00626865 -0.000553037      0.15869   0.00408813
    0.214121   0.00880672   0.00408813     0.357683
IMAGINARY
           0  -0.00262681    0.0105499   0.00875618
  0.00262681            0    0.0187163  0.000319693
  -0.0105499   -0.0187163            0   -0.0109601
 -0.00875618 -0.000319693    0.0109601            0
Repeater1[0]<--->EndNode1[0]
REAL
    0.35733  0.00101382   0.0013491    0.203469
 0.00101382    0.151832 -0.00781696  0.00672544
  0.0013491 -0.00781696    0.153141   0.0132719
   0.203469  0.00672544   0.0132719    0.337696
IMAGINARY
          0   0.0137936  -0.0129184 -0.00781436
 -0.0137936           0   0.0115364   0.0102937
  0.0129184  -0.0115364           0   0.0124531
 0.00781436  -0.0102937  -0.0124531           0
Repeater1[0]<--->HoM1[0]
REAL
    0.337531   0.00626865   0.00344956     0.214121
  0.00626865      0.15869 -0.000553037   0.00408813
  0.00344956 -0.000553037     0.146096   0.00880672
    0.214121   0.00408813   0.00880672     0.357683
IMAGINARY
           0    0.0105499  -0.00262681   0.00875618
  -0.0105499            0   -0.0187163   -0.0109601
  0.00262681    0.0187163            0  0.000319693
 -0.00875618    0.0109601 -0.000319693            0
EndNode1[0]<--->Repeater1[0]
REAL
  0.370656 -0.0219117 -0.0027615   0.215515
-0.0219117   0.133848 -0.0165358 0.00403701
-0.0027615 -0.0165358   0.144144 0.00788107
  0.215515 0.00403701 0.00788107   0.351351
IMAGINARY
          0   0.0283808  -0.0137596  0.00466675
 -0.0283808           0   0.0116731  -0.0144455
  0.0137596  -0.0116731           0    0.016491
-0.00466675   0.0144455   -0.016491           0
EndNode2[0]<--->HoM1[0]
REAL
   0.346497 0.000925262  -0.0150794    0.216089
0.000925262    0.143949   0.0176768   0.0202742
 -0.0150794   0.0176768    0.145223 -0.00741877
   0.216089   0.0202742 -0.00741877    0.364331
IMAGINARY
          0 -0.00329716   0.0151839 -0.00992792
 0.00329716           0  0.00382208  0.00994834
 -0.0151839 -0.00382208           0  -0.0112531
 0.00992792 -0.00994834   0.0112531           0
Repeater1[0]<--->EndNode1[0]
REAL
  0.370656 -0.0027615 -0.0219117   0.215515
-0.0027615   0.144144 -0.0165358 0.00788107
-0.0219117 -0.0165358   0.133848 0.00403701
  0.215515 0.00788107 0.00403701   0.351351
IMAGINARY
          0  -0.0137596   0.0283808  0.00466675
  0.0137596           0  -0.0116731    0.016491
 -0.0283808   0.0116731           0  -0.0144455
-0.00466675   -0.016491   0.0144455           0
Repeater1[0]<--->HoM1[0]
REAL
   0.346497  -0.0150794 0.000925262    0.216089
 -0.0150794    0.145223   0.0176768 -0.00741877
0.000925262   0.0176768    0.143949   0.0202742
   0.216089 -0.00741877   0.0202742    0.364331
IMAGINARY
          0   0.0151839 -0.00329716 -0.00992792
 -0.0151839           0 -0.00382208  -0.0112531
 0.00329716  0.00382208           0  0.00994834
 0.00992792   0.0112531 -0.00994834           0
EndNode1[0]<--->Repeater1[0]
REAL
    0.355932 -0.000227582   -0.0189389     0.216548
-0.000227582      0.14472   -0.0296257    0.0116734
  -0.0189389   -0.0296257      0.15515    0.0101351
    0.216548    0.0116734    0.0101351     0.344198
IMAGINARY
          0  -0.0121787   0.0175664   0.0167603
  0.0121787           0 -0.00549102  0.00284173
 -0.0175664  0.00549102           0 -0.00950494
 -0.0167603 -0.00284173  0.00950494           0
EndNode2[0]<--->HoM1[0]
REAL
   0.353562 -0.00506064  0.00194311    0.224511
-0.00506064    0.149077  -0.0196142  0.00063421
 0.00194311  -0.0196142    0.147757  -0.0116919
   0.224511  0.00063421  -0.0116919    0.349604
IMAGINARY
           0   -0.0128075    0.0216527  -0.00276815
   0.0128075            0  0.000197452   0.00445695
  -0.0216527 -0.000197452            0   -0.0159131
  0.00276815  -0.00445695    0.0159131            0
Repeater1[0]<--->EndNode1[0]
REAL
    0.355932   -0.0189389 -0.000227582     0.216548
  -0.0189389      0.15515   -0.0296257    0.0101351
-0.000227582   -0.0296257      0.14472    0.0116734
    0.216548    0.0101351    0.0116734     0.344198
IMAGINARY
          0   0.0175664  -0.0121787   0.0167603
 -0.0175664           0  0.00549102 -0.00950494
  0.0121787 -0.00549102           0  0.00284173
 -0.0167603  0.00950494 -0.00284173           0
Repeater1[0]<--->HoM1[0]
REAL
   0.353562  0.00194311 -0.00506064    0.224511
 0.00194311    0.147757  -0.0196142  -0.0116919
-0.00506064  -0.0196142    0.149077  0.00063421
   0.224511  -0.0116919  0.00063421    0.349604
IMAGINARY
           0    0.0216527   -0.0128075  -0.00276815
  -0.0216527            0 -0.000197452   -0.0159131
   0.0128075  0.000197452            0   0.00445695
  0.00276815    0.0159131  -0.00445695            0
EndNode1[0]<--->Repeater1[0]
REAL
   0.377565   0.0118434  -0.0117868     0.21879
  0.0118434    0.125855   0.0097635  0.00602493
 -0.0117868   0.0097635    0.150479 -0.00480111
    0.21879  0.00602493 -0.00480111    0.346101
IMAGINARY
           0   0.00426924 -0.000308848 -0.000706681
 -0.00426924            0    0.0121468    0.0109977
 0.000308848   -0.0121468            0  0.000481358
 0.000706681   -0.0109977 -0.000481358            0
EndNode2[0]<--->HoM1[0]
REAL
