EndNode1[0]<--->Repeater1[0]
REAL
   0.266258   0.0140887  0.00496465   0.0730457
  0.0140887     0.23681 -0.00655631  0.00301407
 0.00496465 -0.00655631    0.222086  0.00718786
  0.0730457  0.00301407  0.00718786    0.274847
IMAGINARY
          0   0.0050222 -0.00328897 -0.00154718
 -0.0050222           0   0.0169713  0.00702031
 0.00328897  -0.0169713           0 -0.00626598
 0.00154718 -0.00702031  0.00626598           0
EndNode2[0]<--->HoM1[0]
REAL
   0.260573  -0.0163854 -0.00223739   0.0658601
 -0.0163854    0.231924   -0.013602  0.00417287
-0.00223739   -0.013602    0.238745  0.00412738
  0.0658601  0.00417287  0.00412738    0.268759
IMAGINARY
          0 -0.00305623   0.0140899  0.00794421
 0.00305623           0  0.00218237   0.0189175
 -0.0140899 -0.00218237           0 -0.00305623
-0.00794421  -0.0189175  0.00305623           0
Repeater1[0]<--->EndNode1[0]
REAL
   0.266258  0.00496465   0.0140887   0.0730457
 0.00496465    0.222086 -0.00655631  0.00718786
  0.0140887 -0.00655631     0.23681  0.00301407
  0.0730457  0.00718786  0.00301407    0.274847
IMAGINARY
          0 -0.00328897   0.0050222 -0.00154718
 0.00328897           0  -0.0169713 -0.00626598
 -0.0050222   0.0169713           0  0.00702031
 0.00154718  0.00626598 -0.00702031           0
Repeater1[0]<--->HoM1[0]
REAL
   0.260573 -0.00223739  -0.0163854   0.0658601
-0.00223739    0.238745   -0.013602  0.00412738
 -0.0163854   -0.013602    0.231924  0.00417287
  0.0658601  0.00412738  0.00417287    0.268759
IMAGINARY
          0   0.0140899 -0.00305623  0.00794421
 -0.0140899           0 -0.00218237 -0.00305623
 0.00305623  0.00218237           0   0.0189175
-0.00794421  0.00305623  -0.0189175           0
EndNode1[0]<--->Repeater1[0]
REAL
   0.285366 0.000261326  0.00289222   0.0503744
0.000261326    0.232927  0.00504283 -0.00102423
 0.00289222  0.00504283     0.22561    0.002852
  0.0503744 -0.00102423    0.002852    0.256098
IMAGINARY
          0    0.014415   0.0133979   0.0132505
  -0.014415           0   0.0200828  0.00757641
 -0.0133979  -0.0200828           0   -0.011032
 -0.0132505 -0.00757641    0.011032           0
EndNode2[0]<--->HoM1[0]
REAL
   0.262484  0.00536969   0.0134043   0.0506824
 0.00536969    0.240717  -0.0207461 -0.00894567
  0.0134043  -0.0207461    0.199744   0.0131016
  0.0506824 -0.00894567   0.0131016    0.297055
IMAGINARY
          0 -0.00367923   0.0161704  0.00169946
 0.00367923           0 -0.00350887   0.0093398
 -0.0161704  0.00350887           0  -0.0141779
-0.00169946  -0.0093398   0.0141779           0
Repeater1[0]<--->EndNode1[0]
REAL
   0.285366  0.00289222 0.000261326   0.0503744
 0.00289222     0.22561  0.00504283    0.002852
0.000261326  0.00504283    0.232927 -0.00102423
  0.0503744    0.002852 -0.00102423    0.256098
IMAGINARY
          0   0.0133979    0.014415   0.0132505
 -0.0133979           0  -0.0200828   -0.011032
  -0.014415   0.0200828           0  0.00757641
 -0.0132505    0.011032 -0.00757641           0
Repeater1[0]<--->HoM1[0]
REAL
   0.262484   0.0134043  0.00536969   0.0506824
  0.0134043    0.199744  -0.0207461   0.0131016
 0.00536969  -0.0207461    0.240717 -0.00894567
  0.0506824   0.0131016 -0.00894567    0.297055
IMAGINARY
          0   0.0161704 -0.00367923  0.00169946
 -0.0161704           0  0.00350887  -0.0141779
 0.00367923 -0.00350887           0   0.0093398
-0.00169946   0.0141779  -0.0093398           0
EndNode1[0]<--->Repeater1[0]
REAL
   0.277562  0.00212492 -0.00251814   0.0644968
 0.00212492    0.236057  0.00549059 -0.00189548
-0.00251814  0.00549059    0.204929  -0.0052775
  0.0644968 -0.00189548  -0.0052775    0.281453
IMAGINARY
          0  0.00250665  -0.0105151  -0.0276825
-0.00250665           0 -0.00319794 -4.3901e-05
  0.0105151  0.00319794           0  -0.0230035
  0.0276825  4.3901e-05   0.0230035           0
EndNode2[0]<--->HoM1[0]
REAL
    0.252132   0.00950671    0.0119724    0.0676913
  0.00950671     0.225335 -0.000225942  -0.00755882
   0.0119724 -0.000225942     0.224117   -0.0139203
   0.0676913  -0.00755882   -0.0139203     0.298417
IMAGINARY
          0   0.0142328 -0.00361091   -0.013197
 -0.0142328           0  -0.0315697   0.0055514
 0.00361091   0.0315697           0   0.0148746
   0.013197  -0.0055514  -0.0148746           0
Repeater1[0]<--->EndNode1[0]
REAL
   0.277562 -0.00251814  0.00212492   0.0644968
-0.00251814    0.204929  0.00549059  -0.0052775
 0.00212492  0.00549059    0.236057 -0.00189548
  0.0644968  -0.0052775 -0.00189548    0.281453
IMAGINARY
          0  -0.0105151  0.00250665  -0.0276825
  0.0105151           0  0.00319794  -0.0230035
-0.00250665 -0.00319794           0 -4.3901e-05
  0.0276825   0.0230035  4.3901e-05           0
Repeater1[0]<--->HoM1[0]
REAL
    0.252132    0.0119724   0.00950671    0.0676913
   0.0119724     0.224117 -0.000225942   -0.0139203
  0.00950671 -0.000225942     0.225335  -0.00755882
   0.0676913   -0.0139203  -0.00755882     0.298417
IMAGINARY
          0 -0.00361091   0.0142328   -0.013197
 0.00361091           0   0.0315697   0.0148746
 -0.0142328  -0.0315697           0   0.0055514
   0.013197  -0.0148746  -0.0055514           0
EndNode1[0]<--->Repeater1[0]
REAL
   0.30375 0.00778723  0.0164064  0.0576051
0.00778723    0.20625  0.0143793  -0.027431
 0.0164064  0.0143793    0.21125 0.00712847
 0.0576051  -0.027431 0.00712847    0.27875
IMAGINARY
          0  -0.0228866 -0.00355255  -0.0112814
  0.0228866           0   0.0144103  0.00290739
 0.00355255  -0.0144103           0   0.0028866
  0.0112814 -0.00290739  -0.0028866           0
EndNode2[0]<--->HoM1[0]
REAL
    0.30303   0.0103587 -0.00741359    0.063431
  0.0103587    0.242424    0.019294 -0.00110223
-0.00741359    0.019294    0.193676  -0.0249573
   0.063431 -0.00110223  -0.0249573     0.26087
IMAGINARY
           0    0.0132624   -0.0286849  -0.00960962
  -0.0132624            0 -0.000315939   -0.0141346
   0.0286849  0.000315939            0     0.024287
  0.00960962    0.0141346    -0.024287            0
Repeater1[0]<--->EndNode1[0]
REAL
   0.30375  0.0164064 0.00778723  0.0576051
 0.0164064    0.21125  0.0143793 0.00712847
0.00778723  0.0143793    0.20625  -0.027431
 0.0576051 0.00712847  -0.027431    0.27875
IMAGINARY
          0 -0.00355255  -0.0228866  -0.0112814
 0.00355255           0  -0.0144103   0.0028866
  0.0228866   0.0144103           0  0.00290739
  0.0112814  -0.0028866 -0.00290739           0
Repeater1[0]<--->HoM1[0]
REAL
    0.30303 -0.00741359   0.0103587    0.063431
-0.00741359    0.193676    0.019294  -0.0249573
  0.0103587    0.019294    0.242424 -0.00110223
   0.063431  -0.0249573 -0.00110223     0.26087
IMAGINARY
           0   -0.0286849    0.0132624  -0.00960962
   0.0286849            0  0.000315939     0.024287
  -0.0132624 -0.000315939            0   -0.0141346
  0.00960962    -0.024287    0.0141346            0
EndNode1[0]<--->Repeater1[0]
REAL
     0.29125  -0.00335702    0.0126409    0.0556899
 -0.00335702       0.2025 -0.000877068  -0.00328264
   0.0126409 -0.000877068      0.21625    0.0193998
   0.0556899  -0.00328264    0.0193998         0.29
IMAGINARY
           0  -0.00775883  -0.00389276 -0.000332889
  0.00775883            0 -0.000332889 -0.000658606
  0.00389276  0.000332889            0  0.000606681
 0.000332889  0.000658606 -0.000606681            0
EndNode2[0]<--->HoM1[0]
REAL
   0.291615  -0.0074888 0.000552374   0.0739569
 -0.0074888    0.215269 -0.00620618 -0.00868245
0.000552374 -0.00620618    0.198999  -0.0128364
  0.0739569 -0.00868245  -0.0128364    0.294118
IMAGINARY
          0 -0.00639984 -0.00827017  0.00979651
 0.00639984           0  0.00721919  -0.0107516
 0.00827017 -0.00721919           0 -0.00582842
-0.00979651   0.0107516  0.00582842           0
Repeater1[0]<--->EndNode1[0]
REAL
     0.29125    0.0126409  -0.00335702    0.0556899
   0.0126409      0.21625 -0.000877068    0.0193998
 -0.00335702 -0.000877068       0.2025  -0.00328264
   0.0556899    0.0193998  -0.00328264         0.29
IMAGINARY
           0  -0.00389276  -0.00775883 -0.000332889
  0.00389276            0  0.000332889  0.000606681
  0.00775883 -0.000332889            0 -0.000658606
 0.000332889 -0.000606681  0.000658606            0
Repeater1[0]<--->HoM1[0]
REAL
   0.291615 0.000552374  -0.0074888   0.0739569
0.000552374    0.198999 -0.00620618  -0.0128364
 -0.0074888 -0.00620618    0.215269 -0.00868245
  0.0739569  -0.0128364 -0.00868245    0.294118
IMAGINARY
          0 -0.00827017 -0.00639984  0.00979651
 0.00827017           0 -0.00721919 -0.00582842
 0.00639984  0.00721919           0  -0.0107516
-0.00979651  0.00582842   0.0107516           0
EndNode1[0]<--->Repeater1[0]
REAL
   0.317259 -0.00217271 -0.00088497   0.0647226
-0.00217271    0.199239   0.0170733  -0.0255603
-0.00088497   0.0170733    0.218274   0.0126278
  0.0647226  -0.0255603   0.0126278    0.265228
IMAGINARY
          0 -0.00989713  -0.0032066  0.00359247
 0.00989713           0    -0.02496 -0.00124067
  0.0032066     0.02496           0 -0.00852727
-0.00359247  0.00124067  0.00852727           0
EndNode2[0]<--->HoM1[0]
REAL
   0.288973  0.00101502   0.0132285   0.0527128
 0.00101502    0.215463  -0.0178001  -0.0232036
  0.0132285  -0.0178001    0.229404 -0.00724944
  0.0527128  -0.0232036 -0.00724944     0.26616
IMAGINARY
          0 -0.00548708   0.0190678 -0.00512533
 0.00548708           0 -0.00782804  -0.0139396
 -0.0190678  0.00782804           0   0.0144614
 0.00512533   0.0139396  -0.0144614           0
Repeater1[0]<--->EndNode1[0]
REAL
   0.317259 -0.00088497 -0.00217271   0.0647226
-0.00088497    0.218274   0.0170733   0.0126278
-0.00217271   0.0170733    0.199239  -0.0255603
  0.0647226   0.0126278  -0.0255603    0.265228
IMAGINARY
          0  -0.0032066 -0.00989713  0.00359247
  0.0032066           0     0.02496 -0.00852727
 0.00989713    -0.02496           0 -0.00124067
-0.00359247  0.00852727  0.00124067           0
Repeater1[0]<--->HoM1[0]
REAL
   0.288973   0.0132285  0.00101502   0.0527128
  0.0132285    0.229404  -0.0178001 -0.00724944
 0.00101502  -0.0178001    0.215463  -0.0232036
  0.0527128 -0.00724944  -0.0232036     0.26616
IMAGINARY
          0   0.0190678 -0.00548708 -0.00512533
 -0.0190678           0  0.00782804   0.0144614
 0.00548708 -0.00782804           0  -0.0139396
 0.00512533  -0.0144614   0.0139396           0
EndNode1[0]<--->Repeater1[0]
REAL
   0.283465  0.00408015 -0.00505242   0.0642405
 0.00408015    0.200787 -0.00882177  0.00135784
-0.00505242 -0.00882177     0.24147  -0.0163954
  0.0642405  0.00135784  -0.0163954    0.274278
IMAGINARY
           0  -0.00794155   0.00383056  -0.00227153
  0.00794155            0  0.000279494   -0.0108191
 -0.00383056 -0.000279494            0  -0.00794155
  0.00227153    0.0108191   0.00794155            0
EndNode2[0]<--->HoM1[0]
REAL
   0.277139   0.0100739  0.00760537   0.0636782
  0.0100739    0.224777 -0.00474285  0.00697004
 0.00760537 -0.00474285    0.203065  -0.0157773
  0.0636782  0.00697004  -0.0157773    0.295019
IMAGINARY
         0  0.0161087 -0.0168806  0.0128119
-0.0161087          0  0.0140557 -0.0252246
 0.0168806 -0.0140557          0 -0.0108455
-0.0128119  0.0252246  0.0108455          0
Repeater1[0]<--->EndNode1[0]
REAL
   0.283465 -0.00505242  0.00408015   0.0642405
-0.00505242     0.24147 -0.00882177  -0.0163954
 0.00408015 -0.00882177    0.200787  0.00135784
  0.0642405  -0.0163954  0.00135784    0.274278
IMAGINARY
           0   0.00383056  -0.00794155  -0.00227153
 -0.00383056            0 -0.000279494  -0.00794155
  0.00794155  0.000279494            0   -0.0108191
  0.00227153   0.00794155    0.0108191            0
Repeater1[0]<--->HoM1[0]
REAL
   0.277139  0.00760537   0.0100739   0.0636782
 0.00760537    0.203065 -0.00474285  -0.0157773
  0.0100739 -0.00474285    0.224777  0.00697004
  0.0636782  -0.0157773  0.00697004    0.295019
IMAGINARY
         0 -0.0168806  0.0161087  0.0128119
 0.0168806          0 -0.0140557 -0.0108455
-0.0161087  0.0140557          0 -0.0252246
-0.0128119  0.0108455  0.0252246          0
EndNode1[0]<--->Repeater1[0]
REAL
  0.268939 -0.0141458   0.011565  0.0379811
-0.0141458   0.223485  0.0216174  0.0342317
  0.011565  0.0216174   0.244949  0.0210467
 0.0379811  0.0342317  0.0210467   0.262626
IMAGINARY
           0   -0.0135429 -0.000612341  -0.00406154
   0.0135429            0    0.0154539    0.0278851
 0.000612341   -0.0154539            0   0.00445197
  0.00406154   -0.0278851  -0.00445197            0
EndNode2[0]<--->HoM1[0]
REAL
  0.282297  0.0164652  0.0234985  0.0587651
 0.0164652   0.190191 -0.0254318 0.00598873
 0.0234985 -0.0254318   0.235646 -0.0100549
 0.0587651 0.00598873 -0.0100549   0.291866
IMAGINARY
           0   -0.0149172  -0.00160705  0.000761365
   0.0149172            0   0.00447424    0.0184464
  0.00160705  -0.00447424            0   -0.0135803
-0.000761365   -0.0184464    0.0135803            0
Repeater1[0]<--->EndNode1[0]
REAL
  0.268939   0.011565 -0.0141458  0.0379811
  0.011565   0.244949  0.0216174  0.0210467
-0.0141458  0.0216174   0.223485  0.0342317
 0.0379811  0.0210467  0.0342317   0.262626
IMAGINARY
           0 -0.000612341   -0.0135429  -0.00406154
 0.000612341            0   -0.0154539   0.00445197
   0.0135429    0.0154539            0    0.0278851
  0.00406154  -0.00445197   -0.0278851            0
Repeater1[0]<--->HoM1[0]
REAL
  0.282297  0.0234985  0.0164652  0.0587651
 0.0234985   0.235646 -0.0254318 -0.0100549
 0.0164652 -0.0254318   0.190191 0.00598873
 0.0587651 -0.0100549 0.00598873   0.291866
IMAGINARY
           0  -0.00160705   -0.0149172  0.000761365
  0.00160705            0  -0.00447424   -0.0135803
   0.0149172   0.00447424            0    0.0184464
-0.000761365    0.0135803   -0.0184464            0
EndNode1[0]<--->Repeater1[0]
REAL
   0.267766   0.0084755   0.0130005   0.0624903
  0.0084755    0.230964  -0.0288935  -0.0176118
  0.0130005  -0.0288935    0.227157 8.84015e-05
  0.0624903  -0.0176118 8.84015e-05    0.274112
IMAGINARY
          0  0.00736338   0.0106079  -0.0280402
-0.00736338           0   0.0396681   0.0220292
 -0.0106079  -0.0396681           0   0.0161353
  0.0280402  -0.0220292  -0.0161353           0
EndNode2[0]<--->HoM1[0]
REAL
   0.284138   0.0229071  0.00325439    0.065728
  0.0229071    0.242759  0.00731982 -0.00199495
 0.00325439  0.00731982    0.201379  0.00731959
   0.065728 -0.00199495  0.00731959    0.271724
IMAGINARY
          0  0.00540237   -0.005442  0.00578916
-0.00540237           0 -0.00190315 -0.00418572
   0.005442  0.00190315           0  0.00936015
-0.00578916  0.00418572 -0.00936015           0
Repeater1[0]<--->EndNode1[0]
REAL
   0.267766   0.0130005   0.0084755   0.0624903
  0.0130005    0.227157  -0.0288935 8.84015e-05
  0.0084755  -0.0288935    0.230964  -0.0176118
  0.0624903 8.84015e-05  -0.0176118    0.274112
IMAGINARY
          0   0.0106079  0.00736338  -0.0280402
 -0.0106079           0  -0.0396681   0.0161353
-0.00736338   0.0396681           0   0.0220292
  0.0280402  -0.0161353  -0.0220292           0
Repeater1[0]<--->HoM1[0]
REAL
   0.284138  0.00325439   0.0229071    0.065728
 0.00325439    0.201379  0.00731982  0.00731959
  0.0229071  0.00731982    0.242759 -0.00199495
   0.065728  0.00731959 -0.00199495    0.271724
IMAGINARY
          0   -0.005442  0.00540237  0.00578916
   0.005442           0  0.00190315  0.00936015
-0.00540237 -0.00190315           0 -0.00418572
-0.00578916 -0.00936015  0.00418572           0
EndNode1[0]<--->Repeater1[0]
REAL
  0.251344  0.0140295 -0.0092067  0.0681142
 0.0140295   0.231183 -0.0180508  0.0111078
-0.0092067 -0.0180508   0.219086 -0.0159306
 0.0681142  0.0111078 -0.0159306   0.298387
IMAGINARY
          0  0.00205155 -0.00232216   0.0104369
-0.00205155           0 -0.00166499   0.0193125
 0.00232216  0.00166499           0   0.0258611
 -0.0104369  -0.0193125  -0.0258611           0
EndNode2[0]<--->HoM1[0]
REAL
   0.286076  -0.0104339  0.00289604   0.0646438
 -0.0104339    0.234177  -0.0237467 -0.00553457
 0.00289604  -0.0237467    0.197468 -0.00803579
  0.0646438 -0.00553457 -0.00803579    0.282278
IMAGINARY
          0 -0.00131926   -0.014363  -0.0159053
 0.00131926           0   0.0165623 -0.00410662
   0.014363  -0.0165623           0 -0.00131926
  0.0159053  0.00410662  0.00131926           0
Repeater1[0]<--->EndNode1[0]
REAL
  0.251344 -0.0092067  0.0140295  0.0681142
-0.0092067   0.219086 -0.0180508 -0.0159306
 0.0140295 -0.0180508   0.231183  0.0111078
 0.0681142 -0.0159306  0.0111078   0.298387
IMAGINARY
          0 -0.00232216  0.00205155   0.0104369
 0.00232216           0  0.00166499   0.0258611
-0.00205155 -0.00166499           0   0.0193125
 -0.0104369  -0.0258611  -0.0193125           0
Repeater1[0]<--->HoM1[0]
REAL
   0.286076  0.00289604  -0.0104339   0.0646438
 0.00289604    0.197468  -0.0237467 -0.00803579
 -0.0104339  -0.0237467    0.234177 -0.00553457
  0.0646438 -0.00803579 -0.00553457    0.282278
IMAGINARY
          0   -0.014363 -0.00131926  -0.0159053
   0.014363           0  -0.0165623 -0.00131926
 0.00131926   0.0165623           0 -0.00410662
  0.0159053  0.00131926  0.00410662           0
EndNode1[0]<--->Repeater1[0]
REAL
   0.259119  -0.0229935  0.00981647    0.031482
 -0.0229935    0.203774   0.0125278  -0.0122615
 0.00981647   0.0125278    0.221384 -0.00267891
   0.031482  -0.0122615 -0.00267891    0.315723
IMAGINARY
          0   0.0110266   0.0079694   -0.010466
 -0.0110266           0  0.00248732 -0.00339424
 -0.0079694 -0.00248732           0 -0.00514421
   0.010466  0.00339424  0.00514421           0
EndNode2[0]<--->HoM1[0]
REAL
   0.274611   -0.026754 -0.00656975   0.0802394
  -0.026754    0.227979  0.00341321  -0.0183345
-0.00656975  0.00341321    0.215026  -0.0160302
  0.0802394  -0.0183345  -0.0160302    0.282383
IMAGINARY
          0   0.0112854   0.0195852  -0.0100479
 -0.0112854           0  0.00471459 -0.00573128
 -0.0195852 -0.00471459           0   0.0126441
  0.0100479  0.00573128  -0.0126441           0
Repeater1[0]<--->EndNode1[0]
REAL
   0.259119  0.00981647  -0.0229935    0.031482
 0.00981647    0.221384   0.0125278 -0.00267891
 -0.0229935   0.0125278    0.203774  -0.0122615
   0.031482 -0.00267891  -0.0122615    0.315723
IMAGINARY
          0   0.0079694   0.0110266   -0.010466
 -0.0079694           0 -0.00248732 -0.00514421
 -0.0110266  0.00248732           0 -0.00339424
   0.010466  0.00514421  0.00339424           0
Repeater1[0]<--->HoM1[0]
REAL
   0.274611 -0.00656975   -0.026754   0.0802394
-0.00656975    0.215026  0.00341321  -0.0160302
  -0.026754  0.00341321    0.227979  -0.0183345
  0.0802394  -0.0160302  -0.0183345    0.282383
IMAGINARY
          0   0.0195852   0.0112854  -0.0100479
 -0.0195852           0 -0.00471459   0.0126441
 -0.0112854  0.00471459           0 -0.00573128
  0.0100479  -0.0126441  0.00573128           0
EndNode1[0]<--->Repeater1[0]
REAL
   0.26933   0.011875 0.00769643  0.0647619
  0.011875   0.237113 0.00776703   0.003215
0.00769643 0.00776703   0.207474  0.0105897
 0.0647619   0.003215  0.0105897   0.286082
IMAGINARY
           0  -0.00814936 -0.000232666   -0.0112434
  0.00814936            0  -0.00595238    0.0105954
 0.000232666   0.00595238            0  -0.00998535
   0.0112434   -0.0105954   0.00998535            0
EndNode2[0]<--->HoM1[0]
REAL
   0.291557   0.0235708 0.000220385    0.054449
  0.0235708    0.222955  0.00765092  0.00938269
0.000220385  0.00765092    0.212401 -0.00372447
   0.054449  0.00938269 -0.00372447    0.273087
IMAGINARY
           0    0.0207443  -0.00990942   -0.0100518
  -0.0207443            0  0.000126279   0.00375178
  0.00990942 -0.000126279            0     0.017433
   0.0100518  -0.00375178    -0.017433            0
Repeater1[0]<--->EndNode1[0]
REAL
   0.26933 0.00769643   0.011875  0.0647619
0.00769643   0.207474 0.00776703  0.0105897
  0.011875 0.00776703   0.237113   0.003215
 0.0647619  0.0105897   0.003215   0.286082
IMAGINARY
           0 -0.000232666  -0.00814936   -0.0112434
 0.000232666            0   0.00595238  -0.00998535
  0.00814936  -0.00595238            0    0.0105954
   0.0112434   0.00998535   -0.0105954            0
Repeater1[0]<--->HoM1[0]
REAL
   0.291557 0.000220385   0.0235708    0.054449
0.000220385    0.212401  0.00765092 -0.00372447
  0.0235708  0.00765092    0.222955  0.00938269
   0.054449 -0.00372447  0.00938269    0.273087
IMAGINARY
           0  -0.00990942    0.0207443   -0.0100518
  0.00990942            0 -0.000126279     0.017433
  -0.0207443  0.000126279            0   0.00375178
   0.0100518    -0.017433  -0.00375178            0
EndNode1[0]<--->Repeater1[0]
REAL
   0.274293  0.00316191  0.00658493   0.0641893
 0.00316191    0.216482 -0.00514405  -0.0153789
 0.00658493 -0.00514405    0.242312  0.00186321
  0.0641893  -0.0153789  0.00186321    0.266913
IMAGINARY
           0 -0.000332005    0.0229921 -0.000960307
 0.000332005            0 -0.000960307   0.00234126
  -0.0229921  0.000960307            0  0.000332005
 0.000960307  -0.00234126 -0.000332005            0
EndNode2[0]<--->HoM1[0]
REAL
   0.280585  -0.0176101  0.00743006   0.0518556
 -0.0176101    0.214096   0.0211923   0.0127211
 0.00743006   0.0211923    0.224734 -0.00883822
  0.0518556   0.0127211 -0.00883822    0.280585
IMAGINARY
          0 -0.00285513 -0.00331963 -0.00424601
 0.00285513           0    0.010496  0.00144228
 0.00331963   -0.010496           0 -0.00152534
 0.00424601 -0.00144228  0.00152534           0
Repeater1[0]<--->EndNode1[0]
REAL
   0.274293  0.00658493  0.00316191   0.0641893
 0.00658493    0.242312 -0.00514405  0.00186321
 0.00316191 -0.00514405    0.216482  -0.0153789
  0.0641893  0.00186321  -0.0153789    0.266913
IMAGINARY
           0    0.0229921 -0.000332005 -0.000960307
  -0.0229921            0  0.000960307  0.000332005
 0.000332005 -0.000960307            0   0.00234126
 0.000960307 -0.000332005  -0.00234126            0
Repeater1[0]<--->HoM1[0]
REAL
   0.280585  0.00743006  -0.0176101   0.0518556
 0.00743006    0.224734   0.0211923 -0.00883822
 -0.0176101   0.0211923    0.214096   0.0127211
  0.0518556 -0.00883822   0.0127211    0.280585
IMAGINARY
          0 -0.00331963 -0.00285513 -0.00424601
 0.00331963           0   -0.010496 -0.00152534
 0.00285513    0.010496           0  0.00144228
 0.00424601  0.00152534 -0.00144228           0
EndNode1[0]<--->Repeater1[0]
REAL
    0.30038   -0.026631 -0.00243114     0.07867
  -0.026631    0.219265  0.00392773   -0.022159
-0.00243114  0.00392773    0.214195  -0.0118305
    0.07867   -0.022159  -0.0118305     0.26616
IMAGINARY
           0    0.0091536  -0.00259057  0.000915398
  -0.0091536            0    0.0155821   -0.0128733
  0.00259057   -0.0155821            0   -0.0117309
-0.000915398    0.0128733    0.0117309            0
EndNode2[0]<--->HoM1[0]
REAL
  0.306473 -0.0266584  0.0107952  0.0584035
-0.0266584   0.220608  -0.014738 0.00826997
 0.0107952  -0.014738   0.207398 0.00267314
 0.0584035 0.00826997 0.00267314   0.265522
IMAGINARY
          0 -0.00908341  -0.0111683 -0.00017869
 0.00908341           0  -0.0138027  -0.0200067
  0.0111683   0.0138027           0 -0.00530508
 0.00017869   0.0200067  0.00530508           0
Repeater1[0]<--->EndNode1[0]
REAL
    0.30038 -0.00243114   -0.026631     0.07867
-0.00243114    0.214195  0.00392773  -0.0118305
  -0.026631  0.00392773    0.219265   -0.022159
    0.07867  -0.0118305   -0.022159     0.26616
IMAGINARY
           0  -0.00259057    0.0091536  0.000915398
  0.00259057            0   -0.0155821   -0.0117309
  -0.0091536    0.0155821            0   -0.0128733
-0.000915398    0.0117309    0.0128733            0
Repeater1[0]<--->HoM1[0]
REAL
  0.306473  0.0107952 -0.0266584  0.0584035
 0.0107952   0.207398  -0.014738 0.00267314
-0.0266584  -0.014738   0.220608 0.00826997
 0.0584035 0.00267314 0.00826997   0.265522
IMAGINARY
          0  -0.0111683 -0.00908341 -0.00017869
  0.0111683           0   0.0138027 -0.00530508
 0.00908341  -0.0138027           0  -0.0200067
 0.00017869  0.00530508   0.0200067           0
EndNode1[0]<--->Repeater1[0]
REAL
   0.291074  0.00157573   -0.010095   0.0506575
 0.00157573     0.22251 -0.00059249 -0.00485944
  -0.010095 -0.00059249    0.225097 -0.00352631
  0.0506575 -0.00485944 -0.00352631     0.26132
IMAGINARY
          0 -0.00487533   0.0169655  0.00576991
 0.00487533           0 -0.00760589   0.0142845
 -0.0169655  0.00760589           0  -0.0101247
-0.00576991  -0.0142845   0.0101247           0
EndNode2[0]<--->HoM1[0]
REAL
  0.280156   0.016408  0.0155963  0.0584453
  0.016408    0.23476   0.011175 0.00465683
 0.0155963   0.011175   0.212711 0.00384518
 0.0584453 0.00465683 0.00384518   0.272374
IMAGINARY
          0 -0.00971655  0.00749993   0.0290564
 0.00971655           0  0.00402253   0.0144708
-0.00749993 -0.00402253           0 -0.00160169
 -0.0290564  -0.0144708  0.00160169           0
Repeater1[0]<--->EndNode1[0]
REAL
   0.291074   -0.010095  0.00157573   0.0506575
  -0.010095    0.225097 -0.00059249 -0.00352631
 0.00157573 -0.00059249     0.22251 -0.00485944
  0.0506575 -0.00352631 -0.00485944     0.26132
IMAGINARY
          0   0.0169655 -0.00487533  0.00576991
 -0.0169655           0  0.00760589  -0.0101247
 0.00487533 -0.00760589           0   0.0142845
-0.00576991   0.0101247  -0.0142845           0
Repeater1[0]<--->HoM1[0]
REAL
  0.280156  0.0155963   0.016408  0.0584453
 0.0155963   0.212711   0.011175 0.00384518
  0.016408   0.011175    0.23476 0.00465683
 0.0584453 0.00384518 0.00465683   0.272374
IMAGINARY
          0  0.00749993 -0.00971655   0.0290564
-0.00749993           0 -0.00402253 -0.00160169
 0.00971655  0.00402253           0   0.0144708
 -0.0290564  0.00160169  -0.0144708           0
EndNode1[0]<--->Repeater1[0]
REAL
   0.272251 -0.00485385 -0.00107788   0.0446804
-0.00485385    0.230366  -0.0189072 -0.00665408
-0.00107788  -0.0189072    0.232984  0.00743117
  0.0446804 -0.00665408  0.00743117    0.264398
IMAGINARY
          0  -0.0032489   0.0112001 -0.00702552
  0.0032489           0   0.0188365   0.0028561
 -0.0112001  -0.0188365           0  -0.0215168
 0.00702552  -0.0028561   0.0215168           0
EndNode2[0]<--->HoM1[0]
REAL
  0.283019  0.0186076 -0.0251505  0.0698216
 0.0186076   0.236478  0.0167417 0.00835464
-0.0251505  0.0167417   0.203774 -0.0302355
 0.0698216 0.00835464 -0.0302355    0.27673
IMAGINARY
          0   0.0290118 -0.00260436   0.0189943
 -0.0290118           0 -0.00203369   0.0163658
 0.00260436  0.00203369           0 -0.00738665
 -0.0189943  -0.0163658  0.00738665           0
Repeater1[0]<--->EndNode1[0]
REAL
   0.272251 -0.00107788 -0.00485385   0.0446804
-0.00107788    0.232984  -0.0189072  0.00743117
-0.00485385  -0.0189072    0.230366 -0.00665408
  0.0446804  0.00743117 -0.00665408    0.264398
IMAGINARY
          0   0.0112001  -0.0032489 -0.00702552
 -0.0112001           0  -0.0188365  -0.0215168
  0.0032489   0.0188365           0   0.0028561
 0.00702552   0.0215168  -0.0028561           0
Repeater1[0]<--->HoM1[0]
REAL
  0.283019 -0.0251505  0.0186076  0.0698216
-0.0251505   0.203774  0.0167417 -0.0302355
 0.0186076  0.0167417   0.236478 0.00835464
 0.0698216 -0.0302355 0.00835464    0.27673
IMAGINARY
          0 -0.00260436   0.0290118   0.0189943
 0.00260436           0  0.00203369 -0.00738665
 -0.0290118 -0.00203369           0   0.0163658
 -0.0189943  0.00738665  -0.0163658           0
EndNode1[0]<--->Repeater1[0]
REAL
  0.284031 0.00883064  0.0194142  0.0573784
0.00883064   0.208115  0.0142312  0.0103703
 0.0194142  0.0142312    0.21466 0.00067506
 0.0573784  0.0103703 0.00067506   0.293194
IMAGINARY
          0  -0.0104275 -0.00984252 -0.00079411
  0.0104275           0   0.0166252  0.00984252
 0.00984252  -0.0166252           0  0.00281332
 0.00079411 -0.00984252 -0.00281332           0
EndNode2[0]<--->HoM1[0]
REAL
    0.300261   0.00866343   0.00891125    0.0419304
  0.00866343     0.203655 -0.000926735  -0.00585127
  0.00891125 -0.000926735     0.210183   0.00541246
   0.0419304  -0.00585127   0.00541246     0.285901
IMAGINARY
           0  -0.00912366  -0.00752058  0.000350364
  0.00912366            0    0.0133037   0.00881929
  0.00752058   -0.0133037            0    0.0104224
-0.000350364  -0.00881929   -0.0104224            0
Repeater1[0]<--->EndNode1[0]
REAL
  0.284031  0.0194142 0.00883064  0.0573784
 0.0194142    0.21466  0.0142312 0.00067506
0.00883064  0.0142312   0.208115  0.0103703
 0.0573784 0.00067506  0.0103703   0.293194
IMAGINARY
          0 -0.00984252  -0.0104275 -0.00079411
 0.00984252           0  -0.0166252  0.00281332
  0.0104275   0.0166252           0  0.00984252
 0.00079411 -0.00281332 -0.00984252           0
Repeater1[0]<--->HoM1[0]
REAL
    0.300261   0.00891125   0.00866343    0.0419304
  0.00891125     0.210183 -0.000926735   0.00541246
  0.00866343 -0.000926735     0.203655  -0.00585127
   0.0419304   0.00541246  -0.00585127     0.285901
IMAGINARY
           0  -0.00752058  -0.00912366  0.000350364
  0.00752058            0   -0.0133037    0.0104224
  0.00912366    0.0133037            0   0.00881929
-0.000350364   -0.0104224  -0.00881929            0
EndNode1[0]<--->Repeater1[0]
REAL
    0.268482  -0.00229592   0.00369411     0.056746
 -0.00229592     0.211414   0.00515873 -0.000122683
  0.00369411   0.00515873     0.233463    0.0130102
    0.056746 -0.000122683    0.0130102     0.286641
IMAGINARY
          0  0.00330159  -0.0039255  -0.0076596
-0.00330159           0   0.0116703   0.0131848
  0.0039255  -0.0116703           0  0.00463492
  0.0076596  -0.0131848 -0.00463492           0
EndNode2[0]<--->HoM1[0]
REAL
   0.272611  0.00928479  0.00228357   0.0746764
 0.00928479    0.231847  0.00250478 -0.00966612
 0.00228357  0.00250478    0.229299  -0.0153251
  0.0746764 -0.00966612  -0.0153251    0.266242
IMAGINARY
          0  0.00586108   0.0212468 -0.00132719
-0.00586108           0  0.00518323  0.00150999
 -0.0212468 -0.00518323           0 -0.00130971
 0.00132719 -0.00150999  0.00130971           0
Repeater1[0]<--->EndNode1[0]
REAL
    0.268482   0.00369411  -0.00229592     0.056746
  0.00369411     0.233463   0.00515873    0.0130102
 -0.00229592   0.00515873     0.211414 -0.000122683
    0.056746    0.0130102 -0.000122683     0.286641
IMAGINARY
          0  -0.0039255  0.00330159  -0.0076596
  0.0039255           0  -0.0116703  0.00463492
-0.00330159   0.0116703           0   0.0131848
  0.0076596 -0.00463492  -0.0131848           0
Repeater1[0]<--->HoM1[0]
REAL
   0.272611  0.00228357  0.00928479   0.0746764
 0.00228357    0.229299  0.00250478  -0.0153251
 0.00928479  0.00250478    0.231847 -0.00966612
  0.0746764  -0.0153251 -0.00966612    0.266242
IMAGINARY
          0   0.0212468  0.00586108 -0.00132719
 -0.0212468           0 -0.00518323 -0.00130971
-0.00586108  0.00518323           0  0.00150999
 0.00132719  0.00130971 -0.00150999           0
EndNode1[0]<--->Repeater1[0]
REAL
  0.269494  0.0170921  0.0130861  0.0708558
 0.0170921   0.206566 -0.0114064  0.0113194
 0.0130861 -0.0114064   0.233926 0.00230715
 0.0708558  0.0113194 0.00230715   0.290014
IMAGINARY
          0   0.0111263  -0.0222995  0.00958257
 -0.0111263           0  -0.0102131  -0.0136902
  0.0222995   0.0102131           0  -0.0201237
-0.00958257   0.0136902   0.0201237           0
EndNode2[0]<--->HoM1[0]
REAL
   0.297226   0.0029147 -0.00208729   0.0571536
  0.0029147     0.22325 -0.00241804  -0.0071378
-0.00208729 -0.00241804    0.216645 -0.00967976
  0.0571536  -0.0071378 -0.00967976     0.26288
IMAGINARY
          0 -0.00219752 -0.00538192   0.0156774
 0.00219752           0  0.00677156 -0.00599693
 0.00538192 -0.00677156           0  -0.0198908
 -0.0156774  0.00599693   0.0198908           0
Repeater1[0]<--->EndNode1[0]
REAL
  0.269494  0.0130861  0.0170921  0.0708558
 0.0130861   0.233926 -0.0114064 0.00230715
 0.0170921 -0.0114064   0.206566  0.0113194
 0.0708558 0.00230715  0.0113194   0.290014
IMAGINARY
          0  -0.0222995   0.0111263  0.00958257
  0.0222995           0   0.0102131  -0.0201237
 -0.0111263  -0.0102131           0  -0.0136902
-0.00958257   0.0201237   0.0136902           0
Repeater1[0]<--->HoM1[0]
REAL
   0.297226 -0.00208729   0.0029147   0.0571536
-0.00208729    0.216645 -0.00241804 -0.00967976
  0.0029147 -0.00241804     0.22325  -0.0071378
  0.0571536 -0.00967976  -0.0071378     0.26288
IMAGINARY
          0 -0.00538192 -0.00219752   0.0156774
 0.00538192           0 -0.00677156  -0.0198908
 0.00219752  0.00677156           0 -0.00599693
 -0.0156774   0.0198908  0.00599693           0
EndNode1[0]<--->Repeater1[0]
REAL
  0.259104 -0.0132639 -0.0175588  0.0443058
-0.0132639   0.215686  0.0149725 0.00338358
-0.0175588  0.0149725   0.243697 -0.0241073
 0.0443058 0.00338358 -0.0241073   0.281513
IMAGINARY
           0   -0.0132816   0.00674687  0.000813795
   0.0132816            0     -0.01487   0.00925313
 -0.00674687      0.01487            0   0.00128155
-0.000813795  -0.00925313  -0.00128155            0
EndNode2[0]<--->HoM1[0]
REAL
    0.29601  0.00188029 -0.00149085   0.0461121
 0.00188029    0.190476   -0.010977  0.00689625
-0.00149085   -0.010977    0.209781   0.0116332
  0.0461121  0.00689625   0.0116332    0.303732
IMAGINARY
          0  0.00746263 -0.00465809 -0.00929153
-0.00746263           0  -0.0242072   0.0203419
 0.00465809   0.0242072           0   0.0107306
 0.00929153  -0.0203419  -0.0107306           0
Repeater1[0]<--->EndNode1[0]
REAL
  0.259104 -0.0175588 -0.0132639  0.0443058
-0.0175588   0.243697  0.0149725 -0.0241073
-0.0132639  0.0149725   0.215686 0.00338358
 0.0443058 -0.0241073 0.00338358   0.281513
IMAGINARY
           0   0.00674687   -0.0132816  0.000813795
 -0.00674687            0      0.01487   0.00128155
   0.0132816     -0.01487            0   0.00925313
-0.000813795  -0.00128155  -0.00925313            0
Repeater1[0]<--->HoM1[0]
REAL
    0.29601 -0.00149085  0.00188029   0.0461121
-0.00149085    0.209781   -0.010977   0.0116332
 0.00188029   -0.010977    0.190476  0.00689625
  0.0461121   0.0116332  0.00689625    0.303732
IMAGINARY
          0 -0.00465809  0.00746263 -0.00929153
 0.00465809           0   0.0242072   0.0107306
-0.00746263  -0.0242072           0   0.0203419
 0.00929153  -0.0107306  -0.0203419           0
EndNode1[0]<--->Repeater1[0]
REAL
   0.287342  -0.0334053 -0.00661584   0.0537469
 -0.0334053    0.212658 -0.00600153  -0.0053205
-0.00661584 -0.00600153    0.222785  -0.0143401
  0.0537469  -0.0053205  -0.0143401    0.277215
IMAGINARY
          0  -0.0205065   0.0150695 -0.00807119
  0.0205065           0  0.00298213  -0.0131828
 -0.0150695 -0.00298213           0   0.0110725
 0.00807119   0.0131828  -0.0110725           0
EndNode2[0]<--->HoM1[0]
REAL
   0.268564   0.0236939  0.00828701    0.061868
  0.0236939    0.211634 -0.00527675   -0.002295
 0.00828701 -0.00527675    0.238861 -0.00571787
   0.061868   -0.002295 -0.00571787    0.280941
IMAGINARY
          0   0.0105692 -0.00687533  -0.0206618
 -0.0105692           0  0.00035727  -0.0224597
 0.00687533 -0.00035727           0   0.0187659
  0.0206618   0.0224597  -0.0187659           0
Repeater1[0]<--->EndNode1[0]
REAL
   0.287342 -0.00661584  -0.0334053   0.0537469
-0.00661584    0.222785 -0.00600153  -0.0143401
 -0.0334053 -0.00600153    0.212658  -0.0053205
  0.0537469  -0.0143401  -0.0053205    0.277215
IMAGINARY
          0   0.0150695  -0.0205065 -0.00807119
 -0.0150695           0 -0.00298213   0.0110725
  0.0205065  0.00298213           0  -0.0131828
 0.00807119  -0.0110725   0.0131828           0
Repeater1[0]<--->HoM1[0]
REAL
   0.268564  0.00828701   0.0236939    0.061868
 0.00828701    0.238861 -0.00527675 -0.00571787
  0.0236939 -0.00527675    0.211634   -0.002295
   0.061868 -0.00571787   -0.002295    0.280941
IMAGINARY
          0 -0.00687533   0.0105692  -0.0206618
 0.00687533           0 -0.00035727   0.0187659
 -0.0105692  0.00035727           0  -0.0224597
  0.0206618  -0.0187659   0.0224597           0
EndNode1[0]<--->Repeater1[0]
REAL
   0.285714  -0.0228416 -0.00994502    0.052413
 -0.0228416    0.239348 -0.00648124 -0.00580301
-0.00994502 -0.00648124    0.199248  -0.0165285
   0.052413 -0.00580301  -0.0165285    0.275689
IMAGINARY
          0  -0.0154145   0.0219989  0.00483105
  0.0154145           0 -0.00749772  0.00925106
 -0.0219989  0.00749772           0  -0.0122298
-0.00483105 -0.00925106   0.0122298           0
EndNode2[0]<--->HoM1[0]
REAL
   0.313433  0.00130063   0.0198105    0.045089
 0.00130063    0.202736 -0.00734066   0.0113153
  0.0198105 -0.00734066    0.221393  0.00730864
   0.045089   0.0113153  0.00730864    0.262438
IMAGINARY
          0 -0.00472431 -0.00960065 -0.00835554
 0.00472431           0  -0.0294823 -0.00574461
 0.00960065   0.0294823           0    0.017512
 0.00835554  0.00574461   -0.017512           0
Repeater1[0]<--->EndNode1[0]
REAL
   0.285714 -0.00994502  -0.0228416    0.052413
-0.00994502    0.199248 -0.00648124  -0.0165285
 -0.0228416 -0.00648124    0.239348 -0.00580301
   0.052413  -0.0165285 -0.00580301    0.275689
IMAGINARY
          0   0.0219989  -0.0154145  0.00483105
 -0.0219989           0  0.00749772  -0.0122298
  0.0154145 -0.00749772           0  0.00925106
-0.00483105   0.0122298 -0.00925106           0
Repeater1[0]<--->HoM1[0]
REAL
   0.313433   0.0198105  0.00130063    0.045089
  0.0198105    0.221393 -0.00734066  0.00730864
 0.00130063 -0.00734066    0.202736   0.0113153
   0.045089  0.00730864   0.0113153    0.262438
IMAGINARY
          0 -0.00960065 -0.00472431 -0.00835554
 0.00960065           0   0.0294823    0.017512
 0.00472431  -0.0294823           0 -0.00574461
 0.00835554   -0.017512  0.00574461           0
EndNode1[0]<--->Repeater1[0]
REAL
    0.270136    0.0103943   -0.0111036    0.0675167
   0.0103943     0.201983 -0.000606709  0.000154687
  -0.0111036 -0.000606709     0.239157  -0.00431158
   0.0675167  0.000154687  -0.00431158     0.288724
IMAGINARY
          0 -0.00202153 -0.00674021  -0.0268394
 0.00202153           0   0.0100157  -0.0189667
 0.00674021  -0.0100157           0  0.00459223
  0.0268394   0.0189667 -0.00459223           0
EndNode2[0]<--->HoM1[0]
REAL
   0.272494   0.0146202  -0.0127975   0.0910311
  0.0146202    0.214653 -0.00706159   0.0166143
 -0.0127975 -0.00706159    0.219794  -0.0171647
  0.0910311   0.0166143  -0.0171647    0.293059
IMAGINARY
           0   0.00490255  -0.00745863  -0.00608597
 -0.00490255            0   0.00346817     0.029257
  0.00745863  -0.00346817            0 -0.000815361
  0.00608597    -0.029257  0.000815361            0
Repeater1[0]<--->EndNode1[0]
REAL
    0.270136   -0.0111036    0.0103943    0.0675167
  -0.0111036     0.239157 -0.000606709  -0.00431158
   0.0103943 -0.000606709     0.201983  0.000154687
   0.0675167  -0.00431158  0.000154687     0.288724
IMAGINARY
          0 -0.00674021 -0.00202153  -0.0268394
 0.00674021           0  -0.0100157  0.00459223
 0.00202153   0.0100157           0  -0.0189667
  0.0268394 -0.00459223   0.0189667           0
Repeater1[0]<--->HoM1[0]
REAL
   0.272494  -0.0127975   0.0146202   0.0910311
 -0.0127975    0.219794 -0.00706159  -0.0171647
  0.0146202 -0.00706159    0.214653   0.0166143
  0.0910311  -0.0171647   0.0166143    0.293059
IMAGINARY
           0  -0.00745863   0.00490255  -0.00608597
  0.00745863            0  -0.00346817 -0.000815361
 -0.00490255   0.00346817            0     0.029257
  0.00608597  0.000815361    -0.029257            0
EndNode1[0]<--->Repeater1[0]
REAL
  0.284119 -0.0119331 0.00866667  0.0541235
-0.0119331   0.220844 0.00720988 0.00866667
0.00866667 0.00720988   0.198511 -0.0227336
 0.0541235 0.00866667 -0.0227336   0.296526
IMAGINARY
          0   0.0104121  0.00038884 -0.00945806
 -0.0104121           0 -0.00626521  -0.0127345
-0.00038884  0.00626521           0  0.00563724
 0.00945806   0.0127345 -0.00563724           0
EndNode2[0]<--->HoM1[0]
REAL
   0.307692  0.00411855  -0.0136477   0.0535454
 0.00411855    0.213528  -0.0052781 3.38653e-05
 -0.0136477  -0.0052781    0.189655  -0.0016433
  0.0535454 3.38653e-05  -0.0016433    0.289125
IMAGINARY
