EndNode1[0]<--->Repeater1[0]
REAL
    0.364084 -0.000524255 -0.000836539    0.0828599
-0.000524255     0.132841   0.00467328   -0.0044685
-0.000836539   0.00467328     0.123001    0.0204182
   0.0828599   -0.0044685    0.0204182     0.380074
IMAGINARY
          0 -0.00065703   0.0173458 -0.00936033
 0.00065703           0   0.0140965  0.00827841
 -0.0173458  -0.0140965           0  0.00525624
 0.00936033 -0.00827841 -0.00525624           0
EndNode2[0]<--->HoM1[0]
REAL
  0.371693  0.0148294  0.0089623  0.0611218
 0.0148294   0.126984 -0.0162263 -0.0280275
 0.0089623 -0.0162263   0.125661 -0.0215945
 0.0611218 -0.0280275 -0.0215945   0.375661
IMAGINARY
          0  0.00664127  0.00114979   0.0139529
-0.00664127           0  0.00735031  -0.0108183
-0.00114979 -0.00735031           0   0.0085521
 -0.0139529   0.0108183  -0.0085521           0
Repeater1[0]<--->EndNode1[0]
REAL
    0.364084 -0.000836539 -0.000524255    0.0828599
-0.000836539     0.123001   0.00467328    0.0204182
-0.000524255   0.00467328     0.132841   -0.0044685
   0.0828599    0.0204182   -0.0044685     0.380074
IMAGINARY
          0   0.0173458 -0.00065703 -0.00936033
 -0.0173458           0  -0.0140965  0.00525624
 0.00065703   0.0140965           0  0.00827841
 0.00936033 -0.00525624 -0.00827841           0
Repeater1[0]<--->HoM1[0]
REAL
  0.371693  0.0089623  0.0148294  0.0611218
 0.0089623   0.125661 -0.0162263 -0.0215945
 0.0148294 -0.0162263   0.126984 -0.0280275
 0.0611218 -0.0215945 -0.0280275   0.375661
IMAGINARY
          0  0.00114979  0.00664127   0.0139529
-0.00114979           0 -0.00735031   0.0085521
-0.00664127  0.00735031           0  -0.0108183
 -0.0139529  -0.0085521   0.0108183           0
EndNode1[0]<--->Repeater1[0]
REAL
   0.371542   0.0154746   0.0101615   0.0507906
  0.0154746    0.121212  0.00756482  0.00310113
  0.0101615  0.00756482    0.130435 -0.00884331
  0.0507906  0.00310113 -0.00884331    0.376812
IMAGINARY
           0        -0.01  -0.00799264    0.0165442
        0.01            0 -0.000741375   -0.0132977
  0.00799264  0.000741375            0        -0.01
  -0.0165442    0.0132977         0.01            0
EndNode2[0]<--->HoM1[0]
REAL
  0.403922   0.012935 0.00768426  0.0595089
  0.012935   0.117647 0.00813041 -0.0169681
0.00768426 0.00813041   0.117647  0.0069589
 0.0595089 -0.0169681  0.0069589   0.360784
IMAGINARY
           0   -0.0120824  -0.00338995  0.000943539
   0.0120824            0   -0.0250981  -0.00538198
  0.00338995    0.0250981            0    0.0233606
-0.000943539   0.00538198   -0.0233606            0
Repeater1[0]<--->EndNode1[0]
REAL
   0.371542   0.0101615   0.0154746   0.0507906
  0.0101615    0.130435  0.00756482 -0.00884331
  0.0154746  0.00756482    0.121212  0.00310113
  0.0507906 -0.00884331  0.00310113    0.376812
IMAGINARY
           0  -0.00799264        -0.01    0.0165442
  0.00799264            0  0.000741375        -0.01
        0.01 -0.000741375            0   -0.0132977
  -0.0165442         0.01    0.0132977            0
Repeater1[0]<--->HoM1[0]
REAL
  0.403922 0.00768426   0.012935  0.0595089
0.00768426   0.117647 0.00813041  0.0069589
  0.012935 0.00813041   0.117647 -0.0169681
 0.0595089  0.0069589 -0.0169681   0.360784
IMAGINARY
           0  -0.00338995   -0.0120824  0.000943539
  0.00338995            0    0.0250981    0.0233606
   0.0120824   -0.0250981            0  -0.00538198
-0.000943539   -0.0233606   0.00538198            0
EndNode1[0]<--->Repeater1[0]
REAL
    0.35248 -0.00349178  0.00700413   0.0782142
-0.00349178    0.116188  -0.0284034 -0.00385155
 0.00700413  -0.0284034    0.133159 -0.00218288
  0.0782142 -0.00385155 -0.00218288    0.398172
IMAGINARY
          0  0.00252747  0.00693627  0.00662637
-0.00252747           0  -0.0125552  -0.0130637
-0.00693627   0.0125552           0  0.00727645
-0.00662637   0.0130637 -0.00727645           0
EndNode2[0]<--->HoM1[0]
REAL
   0.404523   0.0131846 -0.00759868   0.0653335
  0.0131846    0.124372  -0.0113861  0.00365132
-0.00759868  -0.0113861    0.111809  -0.0210793
  0.0653335  0.00365132  -0.0210793    0.359296
IMAGINARY
          0   -0.035738   0.0156325 -0.00334616
   0.035738           0   0.0177065  0.00553151
 -0.0156325  -0.0177065           0  0.00134643
 0.00334616 -0.00553151 -0.00134643           0
Repeater1[0]<--->EndNode1[0]
REAL
    0.35248  0.00700413 -0.00349178   0.0782142
 0.00700413    0.133159  -0.0284034 -0.00218288
-0.00349178  -0.0284034    0.116188 -0.00385155
  0.0782142 -0.00218288 -0.00385155    0.398172
IMAGINARY
          0  0.00693627  0.00252747  0.00662637
-0.00693627           0   0.0125552  0.00727645
-0.00252747  -0.0125552           0  -0.0130637
-0.00662637 -0.00727645   0.0130637           0
Repeater1[0]<--->HoM1[0]
REAL
   0.404523 -0.00759868   0.0131846   0.0653335
-0.00759868    0.111809  -0.0113861  -0.0210793
  0.0131846  -0.0113861    0.124372  0.00365132
  0.0653335  -0.0210793  0.00365132    0.359296
IMAGINARY
          0   0.0156325   -0.035738 -0.00334616
 -0.0156325           0  -0.0177065  0.00134643
   0.035738   0.0177065           0  0.00553151
 0.00334616 -0.00134643 -0.00553151           0
EndNode1[0]<--->Repeater1[0]
REAL
  0.387468 0.00786536 0.00718016   0.070402
0.00786536   0.117647  0.0118434 0.00718016
0.00718016  0.0118434   0.122762 -0.0170037
  0.070402 0.00718016 -0.0170037   0.372123
IMAGINARY
          0  -0.0238265  0.00382494   0.0171165
  0.0238265           0    0.013857 -0.00318143
-0.00382494   -0.013857           0 -0.00127007
 -0.0171165  0.00318143  0.00127007           0
EndNode2[0]<--->HoM1[0]
REAL
   0.405439  0.00410149   0.0147349   0.0749134
 0.00410149    0.117429 0.000690156  -0.0217234
  0.0147349 0.000690156    0.112485  -0.0110901
  0.0749134  -0.0217234  -0.0110901    0.364648
IMAGINARY
          0  -0.0215862  0.00852423   0.0144746
  0.0215862           0 -0.00804789 -0.00449661
-0.00852423  0.00804789           0 -0.00775792
 -0.0144746  0.00449661  0.00775792           0
Repeater1[0]<--->EndNode1[0]
REAL
  0.387468 0.00718016 0.00786536   0.070402
0.00718016   0.122762  0.0118434 -0.0170037
0.00786536  0.0118434   0.117647 0.00718016
  0.070402 -0.0170037 0.00718016   0.372123
IMAGINARY
          0  0.00382494  -0.0238265   0.0171165
-0.00382494           0   -0.013857 -0.00127007
  0.0238265    0.013857           0 -0.00318143
 -0.0171165  0.00127007  0.00318143           0
Repeater1[0]<--->HoM1[0]
REAL
   0.405439   0.0147349  0.00410149   0.0749134
  0.0147349    0.112485 0.000690156  -0.0110901
 0.00410149 0.000690156    0.117429  -0.0217234
  0.0749134  -0.0110901  -0.0217234    0.364648
IMAGINARY
          0  0.00852423  -0.0215862   0.0144746
-0.00852423           0  0.00804789 -0.00775792
  0.0215862 -0.00804789           0 -0.00449661
 -0.0144746  0.00775792  0.00449661           0
EndNode1[0]<--->Repeater1[0]
REAL
   0.399033  0.00547253 -0.00792873   0.0779476
 0.00547253    0.137848   0.0126734 -0.00664668
-0.00792873   0.0126734    0.114873 -0.00357139
  0.0779476 -0.00664668 -0.00357139    0.348247
IMAGINARY
          0  0.00877288  -0.0121677  -0.0189296
-0.00877288           0   0.0162629 -0.00219263
  0.0121677  -0.0162629           0   0.0173368
  0.0189296  0.00219263  -0.0173368           0
EndNode2[0]<--->HoM1[0]
REAL
   0.375163   0.0254364  -0.0058815   0.0645361
  0.0254364    0.124183 -0.00927646  -0.0134261
 -0.0058815 -0.00927646    0.100654   0.0191708
  0.0645361  -0.0134261   0.0191708         0.4
IMAGINARY
           0     0.014417   0.00125885 -0.000286164
   -0.014417            0   0.00215882    0.0109363
 -0.00125885  -0.00215882            0   0.00676397
 0.000286164   -0.0109363  -0.00676397            0
Repeater1[0]<--->EndNode1[0]
REAL
   0.399033 -0.00792873  0.00547253   0.0779476
-0.00792873    0.114873   0.0126734 -0.00357139
 0.00547253   0.0126734    0.137848 -0.00664668
  0.0779476 -0.00357139 -0.00664668    0.348247
IMAGINARY
          0  -0.0121677  0.00877288  -0.0189296
  0.0121677           0  -0.0162629   0.0173368
-0.00877288   0.0162629           0 -0.00219263
  0.0189296  -0.0173368  0.00219263           0
Repeater1[0]<--->HoM1[0]
REAL
   0.375163  -0.0058815   0.0254364   0.0645361
 -0.0058815    0.100654 -0.00927646   0.0191708
  0.0254364 -0.00927646    0.124183  -0.0134261
  0.0645361   0.0191708  -0.0134261         0.4
IMAGINARY
           0   0.00125885     0.014417 -0.000286164
 -0.00125885            0  -0.00215882   0.00676397
   -0.014417   0.00215882            0    0.0109363
 0.000286164  -0.00676397   -0.0109363            0
EndNode1[0]<--->Repeater1[0]
REAL
  0.379012 0.00744983 -0.0059563  0.0616744
0.00744983   0.120988 0.00398213  0.0223704
-0.0059563 0.00398213   0.107407 -0.0011367
 0.0616744  0.0223704 -0.0011367   0.392593
IMAGINARY
          0    0.017959  0.00518776 -0.00247884
  -0.017959           0  -0.0044656  0.00763275
-0.00518776   0.0044656           0  0.00127175
 0.00247884 -0.00763275 -0.00127175           0
EndNode2[0]<--->HoM1[0]
REAL
   0.358151 -0.00777323  0.00125404   0.0597783
-0.00777323    0.129653  -0.0066647  -0.0116326
 0.00125404  -0.0066647    0.124519 -0.00260528
  0.0597783  -0.0116326 -0.00260528    0.387677
IMAGINARY
          0 -0.00878033   0.0116065 -0.00549051
 0.00878033           0  -0.0166895  -0.0136199
 -0.0116065   0.0166895           0  0.00139778
 0.00549051   0.0136199 -0.00139778           0
Repeater1[0]<--->EndNode1[0]
REAL
  0.379012 -0.0059563 0.00744983  0.0616744
-0.0059563   0.107407 0.00398213 -0.0011367
0.00744983 0.00398213   0.120988  0.0223704
 0.0616744 -0.0011367  0.0223704   0.392593
IMAGINARY
          0  0.00518776    0.017959 -0.00247884
-0.00518776           0   0.0044656  0.00127175
  -0.017959  -0.0044656           0  0.00763275
 0.00247884 -0.00127175 -0.00763275           0
Repeater1[0]<--->HoM1[0]
REAL
   0.358151  0.00125404 -0.00777323   0.0597783
 0.00125404    0.124519  -0.0066647 -0.00260528
-0.00777323  -0.0066647    0.129653  -0.0116326
  0.0597783 -0.00260528  -0.0116326    0.387677
IMAGINARY
          0   0.0116065 -0.00878033 -0.00549051
 -0.0116065           0   0.0166895  0.00139778
 0.00878033  -0.0166895           0  -0.0136199
 0.00549051 -0.00139778   0.0136199           0
EndNode1[0]<--->Repeater1[0]
REAL
   0.399741  0.00913475 -0.00343752   0.0810353
 0.00913475    0.117723 -0.00870827 -0.00725431
-0.00343752 -0.00870827    0.122898 -0.00724795
  0.0810353 -0.00725431 -0.00724795    0.359638
IMAGINARY
          0 -0.00793691   0.0168845  0.00168797
 0.00793691           0 -0.00485654  -0.0243069
 -0.0168845  0.00485654           0  0.00456309
-0.00168797   0.0243069 -0.00456309           0
EndNode2[0]<--->HoM1[0]
REAL
   0.386816  0.00572664 -0.00397109   0.0914979
 0.00572664    0.126866   -0.014675   0.0417315
-0.00397109   -0.014675   0.0920398  0.00208586
  0.0914979   0.0417315  0.00208586    0.394279
IMAGINARY
           0   -0.0137636   0.00504977  -0.00489007
   0.0137636            0  0.000574411   0.00112307
 -0.00504977 -0.000574411            0  -0.00845859
  0.00489007  -0.00112307   0.00845859            0
Repeater1[0]<--->EndNode1[0]
REAL
   0.399741 -0.00343752  0.00913475   0.0810353
-0.00343752    0.122898 -0.00870827 -0.00724795
 0.00913475 -0.00870827    0.117723 -0.00725431
  0.0810353 -0.00724795 -0.00725431    0.359638
IMAGINARY
          0   0.0168845 -0.00793691  0.00168797
 -0.0168845           0  0.00485654  0.00456309
 0.00793691 -0.00485654           0  -0.0243069
-0.00168797 -0.00456309   0.0243069           0
Repeater1[0]<--->HoM1[0]
REAL
   0.386816 -0.00397109  0.00572664   0.0914979
-0.00397109   0.0920398   -0.014675  0.00208586
 0.00572664   -0.014675    0.126866   0.0417315
  0.0914979  0.00208586   0.0417315    0.394279
IMAGINARY
           0   0.00504977   -0.0137636  -0.00489007
 -0.00504977            0 -0.000574411  -0.00845859
   0.0137636  0.000574411            0   0.00112307
  0.00489007   0.00845859  -0.00112307            0
EndNode1[0]<--->Repeater1[0]
REAL
   0.383477  0.00888288  0.00126819   0.0664118
 0.00888288    0.119605  0.00595661 -0.00389977
 0.00126819  0.00595661    0.134402    0.010854
  0.0664118 -0.00389977    0.010854    0.362515
IMAGINARY
           0   -0.0222045   0.00192077    -0.014871
   0.0222045            0 -0.000204355    0.0158602
 -0.00192077  0.000204355            0    0.0143809
    0.014871   -0.0158602   -0.0143809            0
EndNode2[0]<--->HoM1[0]
REAL
   0.356383  0.00715993  0.00563204   0.0437372
 0.00715993    0.139628  -0.0205832   0.0100125
 0.00563204  -0.0205832    0.118351 -0.00778572
  0.0437372   0.0100125 -0.00778572    0.385638
IMAGINARY
           0 -0.000591137  -0.00893397   0.00045208
 0.000591137            0    0.0147378   -0.0201922
  0.00893397   -0.0147378            0   0.00908628
 -0.00045208    0.0201922  -0.00908628            0
Repeater1[0]<--->EndNode1[0]
REAL
   0.383477  0.00126819  0.00888288   0.0664118
 0.00126819    0.134402  0.00595661    0.010854
 0.00888288  0.00595661    0.119605 -0.00389977
  0.0664118    0.010854 -0.00389977    0.362515
IMAGINARY
           0   0.00192077   -0.0222045    -0.014871
 -0.00192077            0  0.000204355    0.0143809
   0.0222045 -0.000204355            0    0.0158602
    0.014871   -0.0143809   -0.0158602            0
Repeater1[0]<--->HoM1[0]
REAL
   0.356383  0.00563204  0.00715993   0.0437372
 0.00563204    0.118351  -0.0205832 -0.00778572
 0.00715993  -0.0205832    0.139628   0.0100125
  0.0437372 -0.00778572   0.0100125    0.385638
IMAGINARY
           0  -0.00893397 -0.000591137   0.00045208
  0.00893397            0   -0.0147378   0.00908628
 0.000591137    0.0147378            0   -0.0201922
 -0.00045208  -0.00908628    0.0201922            0
EndNode1[0]<--->Repeater1[0]
REAL
  0.376851  0.0016584  0.0181338  0.0714021
 0.0016584   0.121131 -0.0010795 0.00573714
 0.0181338 -0.0010795   0.133244   0.015761
 0.0714021 0.00573714   0.015761   0.368775
IMAGINARY
          0  -0.0107048 -0.00354442  0.00282297
  0.0107048           0   0.0172808  -0.0222541
 0.00354442  -0.0172808           0  0.00456233
-0.00282297   0.0222541 -0.00456233           0
EndNode2[0]<--->HoM1[0]
REAL
   0.357414  0.00415969 -0.00372681   0.0716875
 0.00415969    0.130545  0.00395352  -0.0103758
-0.00372681  0.00395352     0.12294 -0.00672379
  0.0716875  -0.0103758 -0.00672379      0.3891
IMAGINARY
         0 -0.0158274 -0.0194377  0.0260219
 0.0158274          0 -0.0148817  0.0206692
 0.0194377  0.0148817          0 -0.0211184
-0.0260219 -0.0206692  0.0211184          0
Repeater1[0]<--->EndNode1[0]
REAL
  0.376851  0.0181338  0.0016584  0.0714021
 0.0181338   0.133244 -0.0010795   0.015761
 0.0016584 -0.0010795   0.121131 0.00573714
 0.0714021   0.015761 0.00573714   0.368775
IMAGINARY
          0 -0.00354442  -0.0107048  0.00282297
 0.00354442           0  -0.0172808  0.00456233
  0.0107048   0.0172808           0  -0.0222541
-0.00282297 -0.00456233   0.0222541           0
Repeater1[0]<--->HoM1[0]
REAL
   0.357414 -0.00372681  0.00415969   0.0716875
-0.00372681     0.12294  0.00395352 -0.00672379
 0.00415969  0.00395352    0.130545  -0.0103758
  0.0716875 -0.00672379  -0.0103758      0.3891
IMAGINARY
         0 -0.0194377 -0.0158274  0.0260219
 0.0194377          0  0.0148817 -0.0211184
 0.0158274 -0.0148817          0  0.0206692
-0.0260219  0.0211184 -0.0206692          0
EndNode1[0]<--->Repeater1[0]
REAL
    0.4083  0.0232551 0.00606899  0.0847576
 0.0232551   0.113788  0.0142207  0.0316066
0.00606899  0.0142207   0.113788 0.00675765
 0.0847576  0.0316066 0.00675765   0.364123
IMAGINARY
           0   -0.0221758  0.000282635  -0.00278112
   0.0221758            0   0.00403425   -0.0158881
-0.000282635  -0.00403425            0  -0.00965937
  0.00278112    0.0158881   0.00965937            0
EndNode2[0]<--->HoM1[0]
REAL
   0.393711  -0.0195108  -0.0120488   0.0642958
 -0.0195108    0.114465  0.00524065   0.0219826
 -0.0120488  0.00524065    0.101887 -0.00366798
  0.0642958   0.0219826 -0.00366798    0.389937
IMAGINARY
           0   0.00791764   -0.0121399   -0.0105792
 -0.00791764            0   -0.0158012  0.000328902
   0.0121399    0.0158012            0   0.00126871
   0.0105792 -0.000328902  -0.00126871            0
Repeater1[0]<--->EndNode1[0]
REAL
    0.4083 0.00606899  0.0232551  0.0847576
0.00606899   0.113788  0.0142207 0.00675765
 0.0232551  0.0142207   0.113788  0.0316066
 0.0847576 0.00675765  0.0316066   0.364123
IMAGINARY
           0  0.000282635   -0.0221758  -0.00278112
-0.000282635            0  -0.00403425  -0.00965937
   0.0221758   0.00403425            0   -0.0158881
  0.00278112   0.00965937    0.0158881            0
Repeater1[0]<--->HoM1[0]
REAL
   0.393711  -0.0120488  -0.0195108   0.0642958
 -0.0120488    0.101887  0.00524065 -0.00366798
 -0.0195108  0.00524065    0.114465   0.0219826
  0.0642958 -0.00366798   0.0219826    0.389937
IMAGINARY
           0   -0.0121399   0.00791764   -0.0105792
   0.0121399            0    0.0158012   0.00126871
 -0.00791764   -0.0158012            0  0.000328902
   0.0105792  -0.00126871 -0.000328902            0
EndNode1[0]<--->Repeater1[0]
REAL
       0.35   -0.010478  -0.0108868    0.060782
  -0.010478    0.135897  -0.0106465 -0.00130829
 -0.0108868  -0.0106465    0.117949 0.000992945
   0.060782 -0.00130829 0.000992945    0.396154
IMAGINARY
           0  -0.00872636   0.00776575   0.00941872
  0.00872636            0    0.0187864 -0.000897617
 -0.00776575   -0.0187864            0    0.0128472
 -0.00941872  0.000897617   -0.0128472            0
EndNode2[0]<--->HoM1[0]
REAL
    0.360164   -0.0239181 -0.000960582    0.0786639
  -0.0239181     0.117326   -0.0108786   -0.0238716
-0.000960582   -0.0108786     0.130969   0.00982419
   0.0786639   -0.0238716   0.00982419     0.391542
IMAGINARY
          0  0.00303478 -0.00622084   0.0144787
-0.00303478           0   0.0131966  0.00426005
 0.00622084  -0.0131966           0  -0.0246034
 -0.0144787 -0.00426005   0.0246034           0
Repeater1[0]<--->EndNode1[0]
REAL
       0.35  -0.0108868   -0.010478    0.060782
 -0.0108868    0.117949  -0.0106465 0.000992945
  -0.010478  -0.0106465    0.135897 -0.00130829
   0.060782 0.000992945 -0.00130829    0.396154
IMAGINARY
           0   0.00776575  -0.00872636   0.00941872
 -0.00776575            0   -0.0187864    0.0128472
  0.00872636    0.0187864            0 -0.000897617
 -0.00941872   -0.0128472  0.000897617            0
Repeater1[0]<--->HoM1[0]
REAL
    0.360164 -0.000960582   -0.0239181    0.0786639
-0.000960582     0.130969   -0.0108786   0.00982419
  -0.0239181   -0.0108786     0.117326   -0.0238716
   0.0786639   0.00982419   -0.0238716     0.391542
IMAGINARY
          0 -0.00622084  0.00303478   0.0144787
 0.00622084           0  -0.0131966  -0.0246034
-0.00303478   0.0131966           0  0.00426005
 -0.0144787   0.0246034 -0.00426005           0
EndNode1[0]<--->Repeater1[0]
REAL
   0.384519  0.00189548  0.00531915   0.0498642
 0.00189548    0.104869 0.000513592 -0.00531915
 0.00531915 0.000513592    0.126092  0.00440175
  0.0498642 -0.00531915  0.00440175    0.384519
IMAGINARY
           0   -0.0103628   0.00194805   -0.0165597
   0.0103628            0  -0.00430165   0.00194805
 -0.00194805   0.00430165            0 -2.68465e-05
   0.0165597  -0.00194805  2.68465e-05            0
EndNode2[0]<--->HoM1[0]
REAL
   0.396026  0.00195962 -0.00785672   0.0830784
 0.00195962    0.131126  -0.0103856   0.0148099
-0.00785672  -0.0103856    0.136424  0.00752205
  0.0830784   0.0148099  0.00752205    0.336424
IMAGINARY
          0 -0.00652745  -0.0019025   0.0155895
 0.00652745           0  0.00769479   0.0025561
  0.0019025 -0.00769479           0 -0.00327647
 -0.0155895  -0.0025561  0.00327647           0
Repeater1[0]<--->EndNode1[0]
REAL
   0.384519  0.00531915  0.00189548   0.0498642
 0.00531915    0.126092 0.000513592  0.00440175
 0.00189548 0.000513592    0.104869 -0.00531915
  0.0498642  0.00440175 -0.00531915    0.384519
IMAGINARY
           0   0.00194805   -0.0103628   -0.0165597
 -0.00194805            0   0.00430165 -2.68465e-05
   0.0103628  -0.00430165            0   0.00194805
   0.0165597  2.68465e-05  -0.00194805            0
Repeater1[0]<--->HoM1[0]
REAL
   0.396026 -0.00785672  0.00195962   0.0830784
-0.00785672    0.136424  -0.0103856  0.00752205
 0.00195962  -0.0103856    0.131126   0.0148099
  0.0830784  0.00752205   0.0148099    0.336424
IMAGINARY
          0  -0.0019025 -0.00652745   0.0155895
  0.0019025           0 -0.00769479 -0.00327647
 0.00652745  0.00769479           0   0.0025561
 -0.0155895  0.00327647  -0.0025561           0
EndNode1[0]<--->Repeater1[0]
REAL
   0.383544  0.00915875 -0.00464531   0.0890059
 0.00915875     0.13038  0.00257825  0.00217006
-0.00464531  0.00257825    0.135443 -0.00915875
  0.0890059  0.00217006 -0.00915875    0.350633
IMAGINARY
         0  0.0131844 -0.0240466 -0.0045963
-0.0131844          0  0.0255706  0.0182847
 0.0240466 -0.0255706          0 -0.0163855
 0.0045963 -0.0182847  0.0163855          0
EndNode2[0]<--->HoM1[0]
REAL
   0.373434  -0.0418275 -0.00806382    0.068762
 -0.0418275    0.135338 -0.00248148  -0.0093107
-0.00806382 -0.00248148    0.115288   -0.030888
   0.068762  -0.0093107   -0.030888     0.37594
IMAGINARY
          0 -0.00607732   -0.017487 -0.00357693
 0.00607732           0  -0.0220954   -0.017487
   0.017487   0.0220954           0  0.00866799
 0.00357693    0.017487 -0.00866799           0
Repeater1[0]<--->EndNode1[0]
REAL
   0.383544 -0.00464531  0.00915875   0.0890059
-0.00464531    0.135443  0.00257825 -0.00915875
 0.00915875  0.00257825     0.13038  0.00217006
  0.0890059 -0.00915875  0.00217006    0.350633
IMAGINARY
         0 -0.0240466  0.0131844 -0.0045963
 0.0240466          0 -0.0255706 -0.0163855
-0.0131844  0.0255706          0  0.0182847
 0.0045963  0.0163855 -0.0182847          0
Repeater1[0]<--->HoM1[0]
REAL
   0.373434 -0.00806382  -0.0418275    0.068762
-0.00806382    0.115288 -0.00248148   -0.030888
 -0.0418275 -0.00248148    0.135338  -0.0093107
   0.068762   -0.030888  -0.0093107     0.37594
IMAGINARY
          0   -0.017487 -0.00607732 -0.00357693
   0.017487           0   0.0220954  0.00866799
 0.00607732  -0.0220954           0   -0.017487
 0.00357693 -0.00866799    0.017487           0
EndNode1[0]<--->Repeater1[0]
REAL
  0.379714  0.0110918 -0.0026003  0.0772976
 0.0110918   0.105332  0.0192794 -0.0132921
-0.0026003  0.0192794   0.109233 0.00724563
 0.0772976 -0.0132921 0.00724563   0.405722
IMAGINARY
          0  0.00469992  -0.0324896  0.00100386
-0.00469992           0 -0.00628091 -0.00988325
  0.0324896  0.00628091           0 -0.00274425
-0.00100386  0.00988325  0.00274425           0
EndNode2[0]<--->HoM1[0]
REAL
   0.378446 -0.00277642   0.0111979   0.0813641
-0.00277642    0.137845  0.00603946   0.0196504
  0.0111979  0.00603946    0.125313   0.0117738
  0.0813641   0.0196504   0.0117738    0.358396
IMAGINARY
          0  0.00684404 -0.00907507 -0.00454489
-0.00684404           0  0.00720446  -0.0285873
 0.00907507 -0.00720446           0  0.00874037
 0.00454489   0.0285873 -0.00874037           0
Repeater1[0]<--->EndNode1[0]
REAL
  0.379714 -0.0026003  0.0110918  0.0772976
-0.0026003   0.109233  0.0192794 0.00724563
 0.0110918  0.0192794   0.105332 -0.0132921
 0.0772976 0.00724563 -0.0132921   0.405722
IMAGINARY
          0  -0.0324896  0.00469992  0.00100386
  0.0324896           0  0.00628091 -0.00274425
-0.00469992 -0.00628091           0 -0.00988325
-0.00100386  0.00274425  0.00988325           0
Repeater1[0]<--->HoM1[0]
REAL
   0.378446   0.0111979 -0.00277642   0.0813641
  0.0111979    0.125313  0.00603946   0.0117738
-0.00277642  0.00603946    0.137845   0.0196504
  0.0813641   0.0117738   0.0196504    0.358396
IMAGINARY
          0 -0.00907507  0.00684404 -0.00454489
 0.00907507           0 -0.00720446  0.00874037
-0.00684404  0.00720446           0  -0.0285873
 0.00454489 -0.00874037   0.0285873           0
EndNode1[0]<--->Repeater1[0]
REAL
    0.384824  -0.00814419     -0.01626     0.064736
 -0.00814419     0.131436   -0.0200097 -0.000428892
    -0.01626   -0.0200097     0.115176   0.00614152
    0.064736 -0.000428892   0.00614152     0.368564
IMAGINARY
           0  7.68181e-06    0.0249675    0.0357118
-7.68181e-06            0  -0.00489423   -0.0116503
  -0.0249675   0.00489423            0   -0.0266421
  -0.0357118    0.0116503    0.0266421            0
EndNode2[0]<--->HoM1[0]
REAL
   0.399244   0.0159615  0.00532937    0.075641
  0.0159615    0.117128  -0.0128205 -0.00276527
 0.00532937  -0.0128205    0.124685   0.0109615
   0.075641 -0.00276527   0.0109615    0.358942
IMAGINARY
          0   0.0180382  -0.0214581   0.0206357
 -0.0180382           0  -0.0012766  -0.0234137
  0.0214581   0.0012766           0 -0.00521765
 -0.0206357   0.0234137  0.00521765           0
Repeater1[0]<--->EndNode1[0]
REAL
    0.384824     -0.01626  -0.00814419     0.064736
    -0.01626     0.115176   -0.0200097   0.00614152
 -0.00814419   -0.0200097     0.131436 -0.000428892
    0.064736   0.00614152 -0.000428892     0.368564
IMAGINARY
           0    0.0249675  7.68181e-06    0.0357118
  -0.0249675            0   0.00489423   -0.0266421
-7.68181e-06  -0.00489423            0   -0.0116503
  -0.0357118    0.0266421    0.0116503            0
Repeater1[0]<--->HoM1[0]
REAL
   0.399244  0.00532937   0.0159615    0.075641
 0.00532937    0.124685  -0.0128205   0.0109615
  0.0159615  -0.0128205    0.117128 -0.00276527
   0.075641   0.0109615 -0.00276527    0.358942
IMAGINARY
          0  -0.0214581   0.0180382   0.0206357
  0.0214581           0   0.0012766 -0.00521765
 -0.0180382  -0.0012766           0  -0.0234137
 -0.0206357  0.00521765   0.0234137           0
EndNode1[0]<--->Repeater1[0]
REAL
   0.388133 0.000193518  0.00646281   0.0629386
0.000193518    0.134734 -0.00886646 -0.00579525
 0.00646281 -0.00886646    0.121137   -0.023558
  0.0629386 -0.00579525   -0.023558    0.355995
IMAGINARY
          0  -0.0112321  -0.0153834 -0.00834901
  0.0112321           0    0.010401   0.0476628
  0.0153834   -0.010401           0  0.00135068
 0.00834901  -0.0476628 -0.00135068           0
EndNode2[0]<--->HoM1[0]
REAL
    0.347328   0.00471189    -0.013058    0.0534856
  0.00471189     0.133588   -0.0136978 -0.000204565
   -0.013058   -0.0136978     0.136132   0.00722445
   0.0534856 -0.000204565   0.00722445     0.382952
IMAGINARY
          0  -0.0015833  -0.0140067 -0.00759735
  0.0015833           0    0.002416 -0.00408115
  0.0140067   -0.002416           0  0.00287529
 0.00759735  0.00408115 -0.00287529           0
Repeater1[0]<--->EndNode1[0]
REAL
   0.388133  0.00646281 0.000193518   0.0629386
 0.00646281    0.121137 -0.00886646   -0.023558
0.000193518 -0.00886646    0.134734 -0.00579525
  0.0629386   -0.023558 -0.00579525    0.355995
IMAGINARY
          0  -0.0153834  -0.0112321 -0.00834901
  0.0153834           0   -0.010401  0.00135068
  0.0112321    0.010401           0   0.0476628
 0.00834901 -0.00135068  -0.0476628           0
Repeater1[0]<--->HoM1[0]
REAL
    0.347328    -0.013058   0.00471189    0.0534856
   -0.013058     0.136132   -0.0136978   0.00722445
  0.00471189   -0.0136978     0.133588 -0.000204565
   0.0534856   0.00722445 -0.000204565     0.382952
IMAGINARY
          0  -0.0140067  -0.0015833 -0.00759735
  0.0140067           0   -0.002416  0.00287529
  0.0015833    0.002416           0 -0.00408115
 0.00759735 -0.00287529  0.00408115           0
EndNode1[0]<--->Repeater1[0]
REAL
   0.379571  -0.0134382   0.0232509   0.0666458
 -0.0134382    0.116015  0.00952128 -0.00973742
  0.0232509  0.00952128    0.128625  -0.0037608
  0.0666458 -0.00973742  -0.0037608    0.375788
IMAGINARY
          0    0.026315 -0.00932519  0.00876117
  -0.026315           0    0.020894 -0.00672102
 0.00932519   -0.020894           0  -0.0192546
-0.00876117  0.00672102   0.0192546           0
EndNode2[0]<--->HoM1[0]
REAL
  0.400253 -0.0124214  0.0130869  0.0795728
-0.0124214   0.128788 -0.0182825 0.00175185
 0.0130869 -0.0182825   0.103535  0.0040343
 0.0795728 0.00175185  0.0040343   0.367424
IMAGINARY
           0  -0.00861839   -0.0141184  -0.00102515
  0.00861839            0  -0.00596342   0.00205408
   0.0141184   0.00596342            0 -0.000764987
  0.00102515  -0.00205408  0.000764987            0
Repeater1[0]<--->EndNode1[0]
REAL
   0.379571   0.0232509  -0.0134382   0.0666458
  0.0232509    0.128625  0.00952128  -0.0037608
 -0.0134382  0.00952128    0.116015 -0.00973742
  0.0666458  -0.0037608 -0.00973742    0.375788
IMAGINARY
          0 -0.00932519    0.026315  0.00876117
 0.00932519           0   -0.020894  -0.0192546
  -0.026315    0.020894           0 -0.00672102
-0.00876117   0.0192546  0.00672102           0
Repeater1[0]<--->HoM1[0]
REAL
  0.400253  0.0130869 -0.0124214  0.0795728
 0.0130869   0.103535 -0.0182825  0.0040343
-0.0124214 -0.0182825   0.128788 0.00175185
 0.0795728  0.0040343 0.00175185   0.367424
IMAGINARY
           0   -0.0141184  -0.00861839  -0.00102515
   0.0141184            0   0.00596342 -0.000764987
  0.00861839  -0.00596342            0   0.00205408
  0.00102515  0.000764987  -0.00205408            0
EndNode1[0]<--->Repeater1[0]
REAL
    0.38401 -0.00420748 -0.00595485   0.0743708
-0.00420748    0.110092  0.00274358 -0.00897053
-0.00595485  0.00274358    0.117955  -0.0107179
  0.0743708 -0.00897053  -0.0107179    0.387942
IMAGINARY
           0   -0.0176127  -0.00599291   0.00321709
   0.0176127            0  0.000679016  -0.00861071
  0.00599291 -0.000679016            0   0.00439989
 -0.00321709   0.00861071  -0.00439989            0
EndNode2[0]<--->HoM1[0]
REAL
    0.36635  -0.0244774  0.00426244   0.0595775
 -0.0244774    0.118046 -0.00988429 -0.00487594
 0.00426244 -0.00988429    0.127544  0.00545895
  0.0595775 -0.00487594  0.00545895     0.38806
IMAGINARY
          0   0.0252437  0.00678623  0.00384426
 -0.0252437           0 -0.00515316   -0.016173
-0.00678623  0.00515316           0 -0.00584442
-0.00384426    0.016173  0.00584442           0
Repeater1[0]<--->EndNode1[0]
REAL
    0.38401 -0.00595485 -0.00420748   0.0743708
-0.00595485    0.117955  0.00274358  -0.0107179
-0.00420748  0.00274358    0.110092 -0.00897053
  0.0743708  -0.0107179 -0.00897053    0.387942
IMAGINARY
           0  -0.00599291   -0.0176127   0.00321709
  0.00599291            0 -0.000679016   0.00439989
   0.0176127  0.000679016            0  -0.00861071
 -0.00321709  -0.00439989   0.00861071            0
Repeater1[0]<--->HoM1[0]
REAL
    0.36635  0.00426244  -0.0244774   0.0595775
 0.00426244    0.127544 -0.00988429  0.00545895
 -0.0244774 -0.00988429    0.118046 -0.00487594
  0.0595775  0.00545895 -0.00487594     0.38806
IMAGINARY
          0  0.00678623   0.0252437  0.00384426
-0.00678623           0  0.00515316 -0.00584442
 -0.0252437 -0.00515316           0   -0.016173
-0.00384426  0.00584442    0.016173           0
EndNode1[0]<--->Repeater1[0]
REAL
   0.353448  0.00635324 -0.00237645    0.051832
 0.00635324    0.134236 -0.00926527 -0.00588276
-0.00237645 -0.00926527    0.124384  0.00571792
   0.051832 -0.00588276  0.00571792    0.387931
IMAGINARY
          0 -0.00160937 -0.00692011 -0.00454345
 0.00160937           0   0.0078635   0.0106608
 0.00692011  -0.0078635           0 -0.00462505
 0.00454345  -0.0106608  0.00462505           0
EndNode2[0]<--->HoM1[0]
REAL
   0.346056  0.00352335  0.00883896   0.0587446
 0.00352335    0.153944     0.01176 0.000863499
 0.00883896     0.01176   0.0992366  0.00100446
  0.0587446 0.000863499  0.00100446    0.400763
IMAGINARY
           0  -0.00754396   0.00829885    -0.020433
  0.00754396            0   -0.0274394  0.000817556
 -0.00829885    0.0274394            0   -0.0113901
    0.020433 -0.000817556    0.0113901            0
Repeater1[0]<--->EndNode1[0]
REAL
   0.353448 -0.00237645  0.00635324    0.051832
-0.00237645    0.124384 -0.00926527  0.00571792
 0.00635324 -0.00926527    0.134236 -0.00588276
   0.051832  0.00571792 -0.00588276    0.387931
IMAGINARY
          0 -0.00692011 -0.00160937 -0.00454345
 0.00692011           0  -0.0078635 -0.00462505
 0.00160937   0.0078635           0   0.0106608
 0.00454345  0.00462505  -0.0106608           0
Repeater1[0]<--->HoM1[0]
REAL
   0.346056  0.00883896  0.00352335   0.0587446
 0.00883896   0.0992366     0.01176  0.00100446
 0.00352335     0.01176    0.153944 0.000863499
  0.0587446  0.00100446 0.000863499    0.400763
IMAGINARY
           0   0.00829885  -0.00754396    -0.020433
 -0.00829885            0    0.0274394   -0.0113901
  0.00754396   -0.0274394            0  0.000817556
    0.020433    0.0113901 -0.000817556            0
EndNode1[0]<--->Repeater1[0]
REAL
   0.381935 -0.00684367  -0.0216419   0.0709741
-0.00684367    0.117419  -0.0193401 -0.00776981
 -0.0216419  -0.0193401     0.11871 -0.00557463
  0.0709741 -0.00776981 -0.00557463    0.381935
IMAGINARY
          0  -0.0357603  -0.0039624  0.00217893
  0.0357603           0   0.0246436  -0.0130533
  0.0039624  -0.0246436           0  0.00434667
-0.00217893   0.0130533 -0.00434667           0
EndNode2[0]<--->HoM1[0]
REAL
   0.384139  -0.0111319   0.0193457     0.07221
 -0.0111319    0.110285  0.00214198 -0.00365674
  0.0193457  0.00214198    0.100372  -0.0168353
    0.07221 -0.00365674  -0.0168353    0.405204
IMAGINARY
           0   -0.0256154 -0.000708194  -0.00850466
   0.0256154            0    0.0216791    0.0204361
 0.000708194   -0.0216791            0   0.00316641
  0.00850466   -0.0204361  -0.00316641            0
Repeater1[0]<--->EndNode1[0]
REAL
   0.381935  -0.0216419 -0.00684367   0.0709741
 -0.0216419     0.11871  -0.0193401 -0.00557463
-0.00684367  -0.0193401    0.117419 -0.00776981
  0.0709741 -0.00557463 -0.00776981    0.381935
IMAGINARY
          0  -0.0039624  -0.0357603  0.00217893
  0.0039624           0  -0.0246436  0.00434667
  0.0357603   0.0246436           0  -0.0130533
-0.00217893 -0.00434667   0.0130533           0
Repeater1[0]<--->HoM1[0]
REAL
   0.384139   0.0193457  -0.0111319     0.07221
  0.0193457    0.100372  0.00214198  -0.0168353
 -0.0111319  0.00214198    0.110285 -0.00365674
    0.07221  -0.0168353 -0.00365674    0.405204
IMAGINARY
           0 -0.000708194   -0.0256154  -0.00850466
 0.000708194            0   -0.0216791   0.00316641
   0.0256154    0.0216791            0    0.0204361
  0.00850466  -0.00316641   -0.0204361            0
EndNode1[0]<--->Repeater1[0]
REAL
   0.380952  0.00644005  0.00116286   0.0896724
 0.00644005    0.128307 -0.00535867 -0.00573802
 0.00116286 -0.00535867   0.0952381 -0.00578646
  0.0896724 -0.00573802 -0.00578646    0.395503
IMAGINARY
          0 -0.00135972  0.00286799 -0.00541576
 0.00135972           0   0.0125125  -0.0208804
-0.00286799  -0.0125125           0   0.0144032
 0.00541576   0.0208804  -0.0144032           0
EndNode2[0]<--->HoM1[0]
REAL
   0.381443   0.0071026 -0.00193624    0.083711
  0.0071026    0.134021   0.0144802   0.0122722
-0.00193624   0.0144802    0.115979  0.00969327
   0.083711   0.0122722  0.00969327    0.368557
IMAGINARY
          0   0.0242604  -0.0163023   0.0102137
 -0.0242604           0  0.00957517   0.0015094
  0.0163023 -0.00957517           0  -0.0142012
 -0.0102137  -0.0015094   0.0142012           0
Repeater1[0]<--->EndNode1[0]
REAL
   0.380952  0.00116286  0.00644005   0.0896724
 0.00116286   0.0952381 -0.00535867 -0.00578646
 0.00644005 -0.00535867    0.128307 -0.00573802
  0.0896724 -0.00578646 -0.00573802    0.395503
IMAGINARY
          0  0.00286799 -0.00135972 -0.00541576
-0.00286799           0  -0.0125125   0.0144032
 0.00135972   0.0125125           0  -0.0208804
 0.00541576  -0.0144032   0.0208804           0
Repeater1[0]<--->HoM1[0]
REAL
   0.381443 -0.00193624   0.0071026    0.083711
-0.00193624    0.115979   0.0144802  0.00969327
  0.0071026   0.0144802    0.134021   0.0122722
   0.083711  0.00969327   0.0122722    0.368557
IMAGINARY
          0  -0.0163023   0.0242604   0.0102137
  0.0163023           0 -0.00957517  -0.0142012
 -0.0242604  0.00957517           0   0.0015094
 -0.0102137   0.0142012  -0.0015094           0
EndNode1[0]<--->Repeater1[0]
REAL
   0.365508 -0.00104195  0.00842602   0.0749068
-0.00104195    0.109395  -0.0030983  -0.0097558
 0.00842602  -0.0030983    0.114543   0.0103505
  0.0749068  -0.0097558   0.0103505    0.410553
IMAGINARY
          0 -0.00258444  0.00255041  -0.0012878
 0.00258444           0   0.0148013  -0.0178957
-0.00255041  -0.0148013           0  -0.0127608
  0.0012878   0.0178957   0.0127608           0
EndNode2[0]<--->HoM1[0]
REAL
   0.376884  0.00893338  -0.0180351   0.0703421
 0.00893338    0.119347 -0.00841249  0.00564915
 -0.0180351 -0.00841249    0.114322   0.0177941
  0.0703421  0.00564915   0.0177941    0.389447
IMAGINARY
          0   0.0108266  -0.0159761  -0.0150617
 -0.0108266           0  0.00124263  0.00559755
  0.0159761 -0.00124263           0 -0.00655309
  0.0150617 -0.00559755  0.00655309           0
Repeater1[0]<--->EndNode1[0]
REAL
   0.365508  0.00842602 -0.00104195   0.0749068
 0.00842602    0.114543  -0.0030983   0.0103505
-0.00104195  -0.0030983    0.109395  -0.0097558
  0.0749068   0.0103505  -0.0097558    0.410553
IMAGINARY
          0  0.00255041 -0.00258444  -0.0012878
-0.00255041           0  -0.0148013  -0.0127608
 0.00258444   0.0148013           0  -0.0178957
  0.0012878   0.0127608   0.0178957           0
Repeater1[0]<--->HoM1[0]
REAL
   0.376884  -0.0180351  0.00893338   0.0703421
 -0.0180351    0.114322 -0.00841249   0.0177941
 0.00893338 -0.00841249    0.119347  0.00564915
  0.0703421   0.0177941  0.00564915    0.389447
IMAGINARY
          0  -0.0159761   0.0108266  -0.0150617
  0.0159761           0 -0.00124263 -0.00655309
 -0.0108266  0.00124263           0  0.00559755
  0.0150617  0.00655309 -0.00559755           0
EndNode1[0]<--->Repeater1[0]
REAL
     0.38491   0.00461878   0.00802835    0.0787695
  0.00461878      0.11509   0.00288877 -0.000490658
  0.00802835   0.00288877     0.129156   -0.0184379
   0.0787695 -0.000490658   -0.0184379     0.370844
IMAGINARY
          0  0.00407779   0.0294334  0.00933004
-0.00407779           0  0.00133496   0.0261221
 -0.0294334 -0.00133496           0 -0.00407779
-0.00933004  -0.0261221  0.00407779           0
EndNode2[0]<--->HoM1[0]
REAL
   0.390762 0.000134115  -0.0135149   0.0757901
0.000134115     0.11236   0.0112545   0.0141896
 -0.0135149   0.0112545    0.116105   0.0032397
  0.0757901   0.0141896   0.0032397    0.380774
IMAGINARY
          0 -0.00452714  -0.0302115  0.00686582
 0.00452714           0   0.0049452  -0.0198488
  0.0302115  -0.0049452           0   0.0147805
-0.00686582   0.0198488  -0.0147805           0
Repeater1[0]<--->EndNode1[0]
REAL
     0.38491   0.00802835   0.00461878    0.0787695
  0.00802835     0.129156   0.00288877   -0.0184379
  0.00461878   0.00288877      0.11509 -0.000490658
   0.0787695   -0.0184379 -0.000490658     0.370844
IMAGINARY
          0   0.0294334  0.00407779  0.00933004
 -0.0294334           0 -0.00133496 -0.00407779
-0.00407779  0.00133496           0   0.0261221
-0.00933004  0.00407779  -0.0261221           0
Repeater1[0]<--->HoM1[0]
REAL
   0.390762  -0.0135149 0.000134115   0.0757901
 -0.0135149    0.116105   0.0112545   0.0032397
0.000134115   0.0112545     0.11236   0.0141896
  0.0757901   0.0032397   0.0141896    0.380774
IMAGINARY
          0  -0.0302115 -0.00452714  0.00686582
  0.0302115           0  -0.0049452   0.0147805
 0.00452714   0.0049452           0  -0.0198488
-0.00686582  -0.0147805   0.0198488           0
EndNode1[0]<--->Repeater1[0]
REAL
  0.377984 -0.0138552 -0.0346899  0.0980926
-0.0138552   0.108753 -0.0135579 -0.0105263
-0.0346899 -0.0135579   0.139257 0.00402559
 0.0980926 -0.0105263 0.00402559   0.374005
IMAGINARY
          0  -0.0120823 -0.00897038   0.0184418
  0.0120823           0   0.0120151   0.0113976
 0.00897038  -0.0120151           0  0.00480078
 -0.0184418  -0.0113976 -0.00480078           0
EndNode2[0]<--->HoM1[0]
REAL
   0.388614 -0.00607717 -0.00399787   0.0823729
