EndNode1[0]<--->Repeater1[0]
REAL
   0.470812 -0.00161516 -0.00127868    0.402027
-0.00161516   0.0482234 -0.00857356 -0.00193057
-0.00127868 -0.00857356   0.0444162 -0.00287778
   0.402027 -0.00193057 -0.00287778    0.436548
IMAGINARY
          0   0.0114675  -0.0184237 -0.00242923
 -0.0114675           0  -0.0227972  0.00501377
  0.0184237   0.0227972           0   0.0044967
 0.00242923 -0.00501377  -0.0044967           0
EndNode2[0]<--->HoM1[0]
REAL
    0.464198   0.00137621 -0.000361949     0.404144
  0.00137621     0.054321   0.00640331  -0.00164072
-0.000361949   0.00640331    0.0493827  -0.00204376
    0.404144  -0.00164072  -0.00204376     0.432099
IMAGINARY
          0   0.0176516 -0.00401876   0.0124302
 -0.0176516           0  0.00436567  -0.0120336
 0.00401876 -0.00436567           0 -0.00873363
 -0.0124302   0.0120336  0.00873363           0
Repeater1[0]<--->EndNode1[0]
REAL
   0.470812 -0.00127868 -0.00161516    0.402027
-0.00127868   0.0444162 -0.00857356 -0.00287778
-0.00161516 -0.00857356   0.0482234 -0.00193057
   0.402027 -0.00287778 -0.00193057    0.436548
IMAGINARY
          0  -0.0184237   0.0114675 -0.00242923
  0.0184237           0   0.0227972   0.0044967
 -0.0114675  -0.0227972           0  0.00501377
 0.00242923  -0.0044967 -0.00501377           0
Repeater1[0]<--->HoM1[0]
REAL
    0.464198 -0.000361949   0.00137621     0.404144
-0.000361949    0.0493827   0.00640331  -0.00204376
  0.00137621   0.00640331     0.054321  -0.00164072
    0.404144  -0.00204376  -0.00164072     0.432099
IMAGINARY
          0 -0.00401876   0.0176516   0.0124302
 0.00401876           0 -0.00436567 -0.00873363
 -0.0176516  0.00436567           0  -0.0120336
 -0.0124302  0.00873363   0.0120336           0
EndNode1[0]<--->Repeater1[0]
REAL
   0.446524  0.00216989  0.00624239    0.403366
 0.00216989   0.0561497 0.000833915  0.00688096
 0.00624239 0.000833915   0.0628342   0.0175152
   0.403366  0.00688096   0.0175152    0.434492
IMAGINARY
          0 -0.00189873 -0.00296641   0.0142872
 0.00189873           0  -0.0149053  0.00802971
 0.00296641   0.0149053           0 -0.00189873
 -0.0142872 -0.00802971  0.00189873           0
EndNode2[0]<--->HoM1[0]
REAL
   0.429348   0.0156387  0.00509473     0.41509
  0.0156387   0.0380435  0.00975048  0.00445941
 0.00509473  0.00975048   0.0421196 0.000284881
    0.41509  0.00445941 0.000284881    0.490489
IMAGINARY
          0   0.0102293   0.0106449 -0.00804764
 -0.0102293           0    0.012374  -0.0179265
 -0.0106449   -0.012374           0  0.00190663
 0.00804764   0.0179265 -0.00190663           0
Repeater1[0]<--->EndNode1[0]
REAL
   0.446524  0.00624239  0.00216989    0.403366
 0.00624239   0.0628342 0.000833915   0.0175152
 0.00216989 0.000833915   0.0561497  0.00688096
   0.403366   0.0175152  0.00688096    0.434492
IMAGINARY
          0 -0.00296641 -0.00189873   0.0142872
 0.00296641           0   0.0149053 -0.00189873
 0.00189873  -0.0149053           0  0.00802971
 -0.0142872  0.00189873 -0.00802971           0
Repeater1[0]<--->HoM1[0]
REAL
   0.429348  0.00509473   0.0156387     0.41509
 0.00509473   0.0421196  0.00975048 0.000284881
  0.0156387  0.00975048   0.0380435  0.00445941
    0.41509 0.000284881  0.00445941    0.490489
IMAGINARY
          0   0.0106449   0.0102293 -0.00804764
 -0.0106449           0   -0.012374  0.00190663
 -0.0102293    0.012374           0  -0.0179265
 0.00804764 -0.00190663   0.0179265           0
EndNode1[0]<--->Repeater1[0]
REAL
   0.444727   0.0107666 0.000773242    0.402135
  0.0107666   0.0368488  0.00213454  -0.0195313
0.000773242  0.00213454   0.0457433  -0.0114134
   0.402135  -0.0195313  -0.0114134    0.472681
IMAGINARY
          0  0.00423387   0.0193928 -0.00920549
-0.00423387           0  0.00311618 -0.00640576
 -0.0193928 -0.00311618           0  -0.0159222
 0.00920549  0.00640576   0.0159222           0
EndNode2[0]<--->HoM1[0]
REAL
   0.460459   0.0187487  0.00559868    0.385652
  0.0187487   0.0331633 -0.00352299    0.021651
 0.00559868 -0.00352299   0.0395408  0.00723355
   0.385652    0.021651  0.00723355    0.466837
IMAGINARY
          0  -0.0202927   0.0175672 -0.00462789
  0.0202927           0 -0.00131663  0.00176265
 -0.0175672  0.00131663           0  -0.0145012
 0.00462789 -0.00176265   0.0145012           0
Repeater1[0]<--->EndNode1[0]
REAL
   0.444727 0.000773242   0.0107666    0.402135
0.000773242   0.0457433  0.00213454  -0.0114134
  0.0107666  0.00213454   0.0368488  -0.0195313
   0.402135  -0.0114134  -0.0195313    0.472681
IMAGINARY
          0   0.0193928  0.00423387 -0.00920549
 -0.0193928           0 -0.00311618  -0.0159222
-0.00423387  0.00311618           0 -0.00640576
 0.00920549   0.0159222  0.00640576           0
Repeater1[0]<--->HoM1[0]
REAL
   0.460459  0.00559868   0.0187487    0.385652
 0.00559868   0.0395408 -0.00352299  0.00723355
  0.0187487 -0.00352299   0.0331633    0.021651
   0.385652  0.00723355    0.021651    0.466837
IMAGINARY
          0   0.0175672  -0.0202927 -0.00462789
 -0.0175672           0  0.00131663  -0.0145012
  0.0202927 -0.00131663           0  0.00176265
 0.00462789   0.0145012 -0.00176265           0
EndNode1[0]<--->Repeater1[0]
REAL
   0.465269 -0.00953729 -0.00252116    0.410324
-0.00953729   0.0589777  0.00249611 -0.00132499
-0.00252116  0.00249611   0.0419397  0.00569114
   0.410324 -0.00132499  0.00569114    0.433814
IMAGINARY
          0  0.00539448  -0.0212513  0.00173673
-0.00539448           0   0.0023955   0.0111503
  0.0212513  -0.0023955           0   0.0034439
-0.00173673  -0.0111503  -0.0034439           0
EndNode2[0]<--->HoM1[0]
REAL
   0.480818   0.0114309  0.00191243    0.406908
  0.0114309    0.044757 -0.00613514  0.00324221
 0.00191243 -0.00613514   0.0383632  -0.0256061
   0.406908  0.00324221  -0.0256061    0.436061
IMAGINARY
          0 -0.00153783  -0.0116235 -0.00989783
 0.00153783           0 -0.00989783     0.02569
  0.0116235  0.00989783           0  -0.0150862
 0.00989783    -0.02569   0.0150862           0
Repeater1[0]<--->EndNode1[0]
REAL
   0.465269 -0.00252116 -0.00953729    0.410324
-0.00252116   0.0419397  0.00249611  0.00569114
-0.00953729  0.00249611   0.0589777 -0.00132499
   0.410324  0.00569114 -0.00132499    0.433814
IMAGINARY
          0  -0.0212513  0.00539448  0.00173673
  0.0212513           0  -0.0023955   0.0034439
-0.00539448   0.0023955           0   0.0111503
-0.00173673  -0.0034439  -0.0111503           0
Repeater1[0]<--->HoM1[0]
REAL
   0.480818  0.00191243   0.0114309    0.406908
 0.00191243   0.0383632 -0.00613514  -0.0256061
  0.0114309 -0.00613514    0.044757  0.00324221
   0.406908  -0.0256061  0.00324221    0.436061
IMAGINARY
          0  -0.0116235 -0.00153783 -0.00989783
  0.0116235           0  0.00989783  -0.0150862
 0.00153783 -0.00989783           0     0.02569
 0.00989783   0.0150862    -0.02569           0
EndNode1[0]<--->Repeater1[0]
REAL
   0.476312  -0.0044941 -0.00920963    0.403323
 -0.0044941   0.0358515  0.00493389  -0.0255217
-0.00920963  0.00493389   0.0409731 -0.00926737
   0.403323  -0.0255217 -0.00926737    0.446863
IMAGINARY
          0 -0.00496854  0.00222305  0.00707981
 0.00496854           0  -0.0207339 -0.00160348
-0.00222305   0.0207339           0   0.0142622
-0.00707981  0.00160348  -0.0142622           0
EndNode2[0]<--->HoM1[0]
REAL
    0.48708   0.0122054   0.0237317    0.423043
  0.0122054   0.0400517 -0.00335341 -0.00300629
  0.0237317 -0.00335341   0.0478036  0.00851994
   0.423043 -0.00300629  0.00851994    0.425065
IMAGINARY
          0   -0.023687 -0.00868491  -0.0250754
   0.023687           0  0.00367461  0.00233973
 0.00868491 -0.00367461           0   0.0274941
  0.0250754 -0.00233973  -0.0274941           0
Repeater1[0]<--->EndNode1[0]
REAL
   0.476312 -0.00920963  -0.0044941    0.403323
-0.00920963   0.0409731  0.00493389 -0.00926737
 -0.0044941  0.00493389   0.0358515  -0.0255217
   0.403323 -0.00926737  -0.0255217    0.446863
IMAGINARY
          0  0.00222305 -0.00496854  0.00707981
-0.00222305           0   0.0207339   0.0142622
 0.00496854  -0.0207339           0 -0.00160348
-0.00707981  -0.0142622  0.00160348           0
Repeater1[0]<--->HoM1[0]
REAL
    0.48708   0.0237317   0.0122054    0.423043
  0.0237317   0.0478036 -0.00335341  0.00851994
  0.0122054 -0.00335341   0.0400517 -0.00300629
   0.423043  0.00851994 -0.00300629    0.425065
IMAGINARY
          0 -0.00868491   -0.023687  -0.0250754
 0.00868491           0 -0.00367461   0.0274941
   0.023687  0.00367461           0  0.00233973
  0.0250754  -0.0274941 -0.00233973           0
EndNode1[0]<--->Repeater1[0]
REAL
   0.436341   0.0112055  -0.0063763    0.411648
  0.0112055   0.0494438 -0.00457495   0.0237133
 -0.0063763 -0.00457495   0.0630408  0.00197066
   0.411648   0.0237133  0.00197066    0.451174
IMAGINARY
          0  -0.0250905   0.0206428  0.00987773
  0.0250905           0 -0.00538479   0.0232402
 -0.0206428  0.00538479           0  -0.0121435
-0.00987773  -0.0232402   0.0121435           0
EndNode2[0]<--->HoM1[0]
REAL
  0.441687 -0.0157107 -0.0194198   0.397575
-0.0157107  0.0347395 0.00910853 0.00870096
-0.0194198 0.00910853  0.0533499 0.00499192
  0.397575 0.00870096 0.00499192   0.470223
IMAGINARY
           0   0.00323119 -0.000343589   0.00953213
 -0.00323119            0   0.00163739  -0.00282498
 0.000343589  -0.00163739            0 -6.26199e-05
 -0.00953213   0.00282498  6.26199e-05            0
Repeater1[0]<--->EndNode1[0]
REAL
   0.436341  -0.0063763   0.0112055    0.411648
 -0.0063763   0.0630408 -0.00457495  0.00197066
  0.0112055 -0.00457495   0.0494438   0.0237133
   0.411648  0.00197066   0.0237133    0.451174
IMAGINARY
          0   0.0206428  -0.0250905  0.00987773
 -0.0206428           0  0.00538479  -0.0121435
  0.0250905 -0.00538479           0   0.0232402
-0.00987773   0.0121435  -0.0232402           0
Repeater1[0]<--->HoM1[0]
REAL
  0.441687 -0.0194198 -0.0157107   0.397575
-0.0194198  0.0533499 0.00910853 0.00499192
-0.0157107 0.00910853  0.0347395 0.00870096
  0.397575 0.00499192 0.00870096   0.470223
IMAGINARY
           0 -0.000343589   0.00323119   0.00953213
 0.000343589            0  -0.00163739 -6.26199e-05
 -0.00323119   0.00163739            0  -0.00282498
 -0.00953213  6.26199e-05   0.00282498            0
EndNode1[0]<--->Repeater1[0]
REAL
   0.445238   0.0132479    0.010301     0.40222
  0.0132479   0.0428571  0.00535349 -0.00195702
   0.010301  0.00535349   0.0559524  -0.0023365
    0.40222 -0.00195702  -0.0023365    0.455952
IMAGINARY
          0   0.0167634  -0.0169916    0.042973
 -0.0167634           0  0.00557684  -0.0247838
  0.0169916 -0.00557684           0   0.0263175
  -0.042973   0.0247838  -0.0263175           0
EndNode2[0]<--->HoM1[0]
REAL
   0.420026  -0.0157359  0.00661651    0.411548
 -0.0157359   0.0416125  -0.0055647   -0.013332
 0.00661651  -0.0055647   0.0377113 -0.00685264
   0.411548   -0.013332 -0.00685264     0.50065
IMAGINARY
           0  -0.00350982 -0.000398402   -0.0123494
  0.00350982            0 -0.000308835   0.00708289
 0.000398402  0.000308835            0   0.00484672
   0.0123494  -0.00708289  -0.00484672            0
Repeater1[0]<--->EndNode1[0]
REAL
   0.445238    0.010301   0.0132479     0.40222
   0.010301   0.0559524  0.00535349  -0.0023365
  0.0132479  0.00535349   0.0428571 -0.00195702
    0.40222  -0.0023365 -0.00195702    0.455952
IMAGINARY
          0  -0.0169916   0.0167634    0.042973
  0.0169916           0 -0.00557684   0.0263175
 -0.0167634  0.00557684           0  -0.0247838
  -0.042973  -0.0263175   0.0247838           0
Repeater1[0]<--->HoM1[0]
REAL
   0.420026  0.00661651  -0.0157359    0.411548
 0.00661651   0.0377113  -0.0055647 -0.00685264
 -0.0157359  -0.0055647   0.0416125   -0.013332
   0.411548 -0.00685264   -0.013332     0.50065
IMAGINARY
           0 -0.000398402  -0.00350982   -0.0123494
 0.000398402            0  0.000308835   0.00484672
  0.00350982 -0.000308835            0   0.00708289
   0.0123494  -0.00484672  -0.00708289            0
EndNode1[0]<--->Repeater1[0]
REAL
  0.456298  0.0176805 0.00221367   0.406107
 0.0176805  0.0514139  0.0097812  0.0144752
0.00221367  0.0097812  0.0398458  0.0030138
  0.406107  0.0144752  0.0030138   0.452442
IMAGINARY
           0   0.00130203 -0.000308785    0.0028303
 -0.00130203            0  -0.00702192   0.00949514
 0.000308785   0.00702192            0  -0.00655137
  -0.0028303  -0.00949514   0.00655137            0
EndNode2[0]<--->HoM1[0]
REAL
    0.464912  -0.00968575   -0.0191558     0.390987
 -0.00968575    0.0451128 -0.000759013  -0.00962597
  -0.0191558 -0.000759013    0.0388471    -0.019096
    0.390987  -0.00962597    -0.019096     0.451128
IMAGINARY
          0 -0.00450183   0.0129217 -0.00509735
 0.00450183           0 -0.00316186  -0.0135983
 -0.0129217  0.00316186           0   0.0187102
 0.00509735   0.0135983  -0.0187102           0
Repeater1[0]<--->EndNode1[0]
REAL
  0.456298 0.00221367  0.0176805   0.406107
0.00221367  0.0398458  0.0097812  0.0030138
 0.0176805  0.0097812  0.0514139  0.0144752
  0.406107  0.0030138  0.0144752   0.452442
IMAGINARY
           0 -0.000308785   0.00130203    0.0028303
 0.000308785            0   0.00702192  -0.00655137
 -0.00130203  -0.00702192            0   0.00949514
  -0.0028303   0.00655137  -0.00949514            0
Repeater1[0]<--->HoM1[0]
REAL
    0.464912   -0.0191558  -0.00968575     0.390987
  -0.0191558    0.0388471 -0.000759013    -0.019096
 -0.00968575 -0.000759013    0.0451128  -0.00962597
    0.390987    -0.019096  -0.00962597     0.451128
IMAGINARY
          0   0.0129217 -0.00450183 -0.00509735
 -0.0129217           0  0.00316186   0.0187102
 0.00450183 -0.00316186           0  -0.0135983
 0.00509735  -0.0187102   0.0135983           0
EndNode1[0]<--->Repeater1[0]
REAL
   0.430396 -0.00678535  -0.0204637    0.399484
-0.00678535   0.0485313  0.00446359  0.00993736
 -0.0204637  0.00446359    0.045977  0.00546956
   0.399484  0.00993736  0.00546956    0.475096
IMAGINARY
          0   0.0170524  0.00265943  -0.0104378
 -0.0170524           0   0.0123783  -0.0127536
-0.00265943  -0.0123783           0   0.0118844
  0.0104378   0.0127536  -0.0118844           0
EndNode2[0]<--->HoM1[0]
REAL
    0.456464   -0.0103524 -0.000529439     0.397562
  -0.0103524    0.0408971    0.0111682    0.0071432
-0.000529439    0.0111682    0.0408971    0.0209345
    0.397562    0.0071432    0.0209345     0.461741
IMAGINARY
          0  -0.0118858  0.00629292   0.0117213
  0.0118858           0   0.0111002   0.0102196
-0.00629292  -0.0111002           0 -0.00198478
 -0.0117213  -0.0102196  0.00198478           0
Repeater1[0]<--->EndNode1[0]
REAL
   0.430396  -0.0204637 -0.00678535    0.399484
 -0.0204637    0.045977  0.00446359  0.00546956
-0.00678535  0.00446359   0.0485313  0.00993736
   0.399484  0.00546956  0.00993736    0.475096
IMAGINARY
          0  0.00265943   0.0170524  -0.0104378
-0.00265943           0  -0.0123783   0.0118844
 -0.0170524   0.0123783           0  -0.0127536
  0.0104378  -0.0118844   0.0127536           0
Repeater1[0]<--->HoM1[0]
REAL
    0.456464 -0.000529439   -0.0103524     0.397562
-0.000529439    0.0408971    0.0111682    0.0209345
  -0.0103524    0.0111682    0.0408971    0.0071432
    0.397562    0.0209345    0.0071432     0.461741
IMAGINARY
          0  0.00629292  -0.0118858   0.0117213
-0.00629292           0  -0.0111002 -0.00198478
  0.0118858   0.0111002           0   0.0102196
 -0.0117213  0.00198478  -0.0102196           0
EndNode1[0]<--->Repeater1[0]
REAL
   0.456671  -0.0129195  -0.0050343    0.407759
 -0.0129195   0.0550206   0.0036331  -0.0164847
 -0.0050343   0.0036331   0.0343879 -0.00353616
   0.407759  -0.0164847 -0.00353616     0.45392
IMAGINARY
          0 -0.00365319  -0.0119867    0.017459
 0.00365319           0  0.00535713 -0.00378999
  0.0119867 -0.00535713           0   0.0206435
  -0.017459  0.00378999  -0.0206435           0
EndNode2[0]<--->HoM1[0]
REAL
   0.446404  -0.0107014 -0.00438328    0.397178
 -0.0107014   0.0420624 -0.00205637 -0.00903135
-0.00438328 -0.00205637   0.0556309  -0.0100303
   0.397178 -0.00903135  -0.0100303    0.455902
IMAGINARY
          0  0.00496101 -0.00561448 -0.00811975
-0.00496101           0    0.001338  0.00178795
 0.00561448   -0.001338           0 -0.00240999
 0.00811975 -0.00178795  0.00240999           0
Repeater1[0]<--->EndNode1[0]
REAL
   0.456671  -0.0050343  -0.0129195    0.407759
 -0.0050343   0.0343879   0.0036331 -0.00353616
 -0.0129195   0.0036331   0.0550206  -0.0164847
   0.407759 -0.00353616  -0.0164847     0.45392
IMAGINARY
          0  -0.0119867 -0.00365319    0.017459
  0.0119867           0 -0.00535713   0.0206435
 0.00365319  0.00535713           0 -0.00378999
  -0.017459  -0.0206435  0.00378999           0
Repeater1[0]<--->HoM1[0]
REAL
   0.446404 -0.00438328  -0.0107014    0.397178
-0.00438328   0.0556309 -0.00205637  -0.0100303
 -0.0107014 -0.00205637   0.0420624 -0.00903135
   0.397178  -0.0100303 -0.00903135    0.455902
IMAGINARY
          0 -0.00561448  0.00496101 -0.00811975
 0.00561448           0   -0.001338 -0.00240999
-0.00496101    0.001338           0  0.00178795
 0.00811975  0.00240999 -0.00178795           0
EndNode1[0]<--->Repeater1[0]
REAL
   0.425767  -0.0204667 -0.00777455    0.391051
 -0.0204667   0.0564417 -0.00648508 -0.00195308
-0.00777455 -0.00648508   0.0466258 -0.00352815
   0.391051 -0.00195308 -0.00352815    0.471166
IMAGINARY
           0 -0.000972763    0.0129702   0.00309376
 0.000972763            0    0.0180872   -0.0123217
  -0.0129702   -0.0180872            0 -0.000972763
 -0.00309376    0.0123217  0.000972763            0
EndNode2[0]<--->HoM1[0]
REAL
   0.437908  -0.0201906  0.00840892    0.394975
 -0.0201906   0.0470588  0.00564653 -0.00654557
 0.00840892  0.00564653   0.0418301    0.022054
   0.394975 -0.00654557    0.022054    0.473203
IMAGINARY
          0  -0.0145006  0.00481121 -0.00644139
  0.0145006           0  -0.0071054   0.0142929
-0.00481121   0.0071054           0  -0.0125086
 0.00644139  -0.0142929   0.0125086           0
Repeater1[0]<--->EndNode1[0]
REAL
   0.425767 -0.00777455  -0.0204667    0.391051
-0.00777455   0.0466258 -0.00648508 -0.00352815
 -0.0204667 -0.00648508   0.0564417 -0.00195308
   0.391051 -0.00352815 -0.00195308    0.471166
IMAGINARY
           0    0.0129702 -0.000972763   0.00309376
  -0.0129702            0   -0.0180872 -0.000972763
 0.000972763    0.0180872            0   -0.0123217
 -0.00309376  0.000972763    0.0123217            0
Repeater1[0]<--->HoM1[0]
REAL
   0.437908  0.00840892  -0.0201906    0.394975
 0.00840892   0.0418301  0.00564653    0.022054
 -0.0201906  0.00564653   0.0470588 -0.00654557
   0.394975    0.022054 -0.00654557    0.473203
IMAGINARY
          0  0.00481121  -0.0145006 -0.00644139
-0.00481121           0   0.0071054  -0.0125086
  0.0145006  -0.0071054           0   0.0142929
 0.00644139   0.0125086  -0.0142929           0
EndNode1[0]<--->Repeater1[0]
REAL
   0.440806   0.0116709  0.00323803    0.397167
  0.0116709   0.0403023  0.00813621 0.000549853
 0.00323803  0.00813621   0.0554156 -0.00156992
   0.397167 0.000549853 -0.00156992    0.463476
IMAGINARY
          0  0.00989539  0.00352053  -0.0432041
-0.00989539           0   0.0037128  0.00413253
-0.00352053  -0.0037128           0 -0.00606885
  0.0432041 -0.00413253  0.00606885           0
EndNode2[0]<--->HoM1[0]
REAL
   0.469657 -0.00319937  0.00631428     0.39696
-0.00319937   0.0501319  -0.0128053 -0.00964317
 0.00631428  -0.0128053   0.0474934  0.00652826
    0.39696 -0.00964317  0.00652826    0.432718
IMAGINARY
          0  -0.0299022   0.0172071  -0.0066279
  0.0299022           0  0.00395411  0.00318843
 -0.0172071 -0.00395411           0  0.00827054
  0.0066279 -0.00318843 -0.00827054           0
Repeater1[0]<--->EndNode1[0]
REAL
   0.440806  0.00323803   0.0116709    0.397167
 0.00323803   0.0554156  0.00813621 -0.00156992
  0.0116709  0.00813621   0.0403023 0.000549853
   0.397167 -0.00156992 0.000549853    0.463476
IMAGINARY
          0  0.00352053  0.00989539  -0.0432041
-0.00352053           0  -0.0037128 -0.00606885
-0.00989539   0.0037128           0  0.00413253
  0.0432041  0.00606885 -0.00413253           0
Repeater1[0]<--->HoM1[0]
REAL
   0.469657  0.00631428 -0.00319937     0.39696
 0.00631428   0.0474934  -0.0128053  0.00652826
-0.00319937  -0.0128053   0.0501319 -0.00964317
    0.39696  0.00652826 -0.00964317    0.432718
IMAGINARY
          0   0.0172071  -0.0299022  -0.0066279
 -0.0172071           0 -0.00395411  0.00827054
  0.0299022  0.00395411           0  0.00318843
  0.0066279 -0.00827054 -0.00318843           0
EndNode1[0]<--->Repeater1[0]
REAL
   0.465086 0.000762369   0.0206609     0.39401
0.000762369   0.0408432 0.000392507  0.00223986
  0.0206609 0.000392507   0.0500659   0.0208661
    0.39401  0.00223986   0.0208661    0.444005
IMAGINARY
          0   0.0280498  -0.0372275   0.0129521
 -0.0280498           0 -0.00155973  0.00531259
  0.0372275  0.00155973           0  0.00652463
 -0.0129521 -0.00531259 -0.00652463           0
EndNode2[0]<--->HoM1[0]
REAL
    0.435294 -0.000933998   0.00219422      0.40885
-0.000933998    0.0522876   0.00283487  -0.00355291
  0.00219422   0.00283487    0.0392157  0.000933998
     0.40885  -0.00355291  0.000933998     0.473203
IMAGINARY
          0 -0.00440834  0.00933912  0.00377458
 0.00440834           0  -0.0108531  -0.0143517
-0.00933912   0.0108531           0 -0.00185732
-0.00377458   0.0143517  0.00185732           0
Repeater1[0]<--->EndNode1[0]
REAL
   0.465086   0.0206609 0.000762369     0.39401
  0.0206609   0.0500659 0.000392507   0.0208661
0.000762369 0.000392507   0.0408432  0.00223986
    0.39401   0.0208661  0.00223986    0.444005
IMAGINARY
          0  -0.0372275   0.0280498   0.0129521
  0.0372275           0  0.00155973  0.00652463
 -0.0280498 -0.00155973           0  0.00531259
 -0.0129521 -0.00652463 -0.00531259           0
Repeater1[0]<--->HoM1[0]
REAL
    0.435294   0.00219422 -0.000933998      0.40885
  0.00219422    0.0392157   0.00283487  0.000933998
-0.000933998   0.00283487    0.0522876  -0.00355291
     0.40885  0.000933998  -0.00355291     0.473203
IMAGINARY
          0  0.00933912 -0.00440834  0.00377458
-0.00933912           0   0.0108531 -0.00185732
 0.00440834  -0.0108531           0  -0.0143517
-0.00377458  0.00185732   0.0143517           0
EndNode1[0]<--->Repeater1[0]
REAL
   0.448232  -0.0034707 -0.00622537    0.395317
 -0.0034707   0.0378788 -0.00900848  -0.0157795
-0.00622537 -0.00900848   0.0378788  -0.0148667
   0.395317  -0.0157795  -0.0148667     0.47601
IMAGINARY
          0  0.00016465    0.012136 -0.00879844
-0.00016465           0  -0.0233003  -0.0114807
  -0.012136   0.0233003           0 -0.00737304
 0.00879844   0.0114807  0.00737304           0
EndNode2[0]<--->HoM1[0]
REAL
       0.425   0.00547934   -0.0146765     0.409972
  0.00547934    0.0447368 -0.000417735   0.00639627
  -0.0146765 -0.000417735    0.0434211   -0.0150335
    0.409972   0.00639627   -0.0150335     0.486842
IMAGINARY
           0   0.00445577  -0.00256262  0.000642674
 -0.00445577            0    0.0160668   0.00126391
  0.00256262   -0.0160668            0  -0.00705318
-0.000642674  -0.00126391   0.00705318            0
Repeater1[0]<--->EndNode1[0]
REAL
   0.448232 -0.00622537  -0.0034707    0.395317
-0.00622537   0.0378788 -0.00900848  -0.0148667
 -0.0034707 -0.00900848   0.0378788  -0.0157795
   0.395317  -0.0148667  -0.0157795     0.47601
IMAGINARY
          0    0.012136  0.00016465 -0.00879844
  -0.012136           0   0.0233003 -0.00737304
-0.00016465  -0.0233003           0  -0.0114807
 0.00879844  0.00737304   0.0114807           0
Repeater1[0]<--->HoM1[0]
REAL
       0.425   -0.0146765   0.00547934     0.409972
  -0.0146765    0.0434211 -0.000417735   -0.0150335
  0.00547934 -0.000417735    0.0447368   0.00639627
    0.409972   -0.0150335   0.00639627     0.486842
IMAGINARY
           0  -0.00256262   0.00445577  0.000642674
  0.00256262            0   -0.0160668  -0.00705318
 -0.00445577    0.0160668            0   0.00126391
-0.000642674   0.00705318  -0.00126391            0
EndNode1[0]<--->Repeater1[0]
REAL
  0.409152 0.00501103 0.00594362   0.398738
0.00501103  0.0484522  -0.012346 0.00466811
0.00594362  -0.012346  0.0430686 0.00435227
  0.398738 0.00466811 0.00435227   0.499327
IMAGINARY
           0   -0.0141586   0.00266485  0.000971917
   0.0141586            0    0.0035559  -0.00814597
 -0.00266485   -0.0035559            0   0.00136933
-0.000971917   0.00814597  -0.00136933            0
EndNode2[0]<--->HoM1[0]
REAL
   0.422667   0.0100657   0.0324564    0.403869
  0.0100657   0.0506667 -0.00101899  -0.0104357
  0.0324564 -0.00101899   0.0493333   0.0132504
   0.403869  -0.0104357   0.0132504    0.477333
IMAGINARY
           0  -0.00793942   0.00369693  0.000329979
  0.00793942            0  -0.00288752    0.0101736
 -0.00369693   0.00288752            0  -0.00857313
-0.000329979   -0.0101736   0.00857313            0
Repeater1[0]<--->EndNode1[0]
REAL
  0.409152 0.00594362 0.00501103   0.398738
0.00594362  0.0430686  -0.012346 0.00435227
0.00501103  -0.012346  0.0484522 0.00466811
  0.398738 0.00435227 0.00466811   0.499327
IMAGINARY
           0   0.00266485   -0.0141586  0.000971917
 -0.00266485            0   -0.0035559   0.00136933
   0.0141586    0.0035559            0  -0.00814597
-0.000971917  -0.00136933   0.00814597            0
Repeater1[0]<--->HoM1[0]
REAL
   0.422667   0.0324564   0.0100657    0.403869
  0.0324564   0.0493333 -0.00101899   0.0132504
  0.0100657 -0.00101899   0.0506667  -0.0104357
   0.403869   0.0132504  -0.0104357    0.477333
IMAGINARY
           0   0.00369693  -0.00793942  0.000329979
 -0.00369693            0   0.00288752  -0.00857313
  0.00793942  -0.00288752            0    0.0101736
-0.000329979   0.00857313   -0.0101736            0
EndNode1[0]<--->Repeater1[0]
REAL
   0.463612  0.00463788 -0.00091408    0.395198
 0.00463788   0.0485175  0.00690001   0.0142008
-0.00091408  0.00690001   0.0404313 -0.00533718
   0.395198   0.0142008 -0.00533718    0.447439
IMAGINARY
          0  -0.0211593   0.0267548  -0.0167502
  0.0211593           0 -0.00527057  0.00383035
 -0.0267548  0.00527057           0 -0.00676627
  0.0167502 -0.00383035  0.00676627           0
EndNode2[0]<--->HoM1[0]
REAL
   0.440764 -0.00101978 -0.00388852    0.405454
-0.00101978   0.0433121   0.0037549 -0.00583911
-0.00388852   0.0037549   0.0573248 -0.00351978
   0.405454 -0.00583911 -0.00351978    0.458599
IMAGINARY
           0   0.00860999  -0.00105824  -0.00928473
 -0.00860999            0   0.00928473   0.00591261
  0.00105824  -0.00928473            0 -0.000114843
  0.00928473  -0.00591261  0.000114843            0
Repeater1[0]<--->EndNode1[0]
REAL
   0.463612 -0.00091408  0.00463788    0.395198
-0.00091408   0.0404313  0.00690001 -0.00533718
 0.00463788  0.00690001   0.0485175   0.0142008
   0.395198 -0.00533718   0.0142008    0.447439
IMAGINARY
          0   0.0267548  -0.0211593  -0.0167502
 -0.0267548           0  0.00527057 -0.00676627
  0.0211593 -0.00527057           0  0.00383035
  0.0167502  0.00676627 -0.00383035           0
Repeater1[0]<--->HoM1[0]
REAL
   0.440764 -0.00388852 -0.00101978    0.405454
-0.00388852   0.0573248   0.0037549 -0.00351978
-0.00101978   0.0037549   0.0433121 -0.00583911
   0.405454 -0.00351978 -0.00583911    0.458599
IMAGINARY
           0  -0.00105824   0.00860999  -0.00928473
  0.00105824            0  -0.00928473 -0.000114843
 -0.00860999   0.00928473            0   0.00591261
  0.00928473  0.000114843  -0.00591261            0
EndNode1[0]<--->Repeater1[0]
REAL
   0.470361  0.00494852 -0.00370125    0.407946
 0.00494852   0.0502577  0.00305497 -0.00433336
-0.00370125  0.00305497   0.0554124 -0.00309438
   0.407946 -0.00433336 -0.00309438    0.423969
IMAGINARY
          0  -0.0132927  0.00694585 -0.00128508
  0.0132927           0   0.0143399  -0.0110219
-0.00694585  -0.0143399           0   0.0010644
 0.00128508   0.0110219  -0.0010644           0
EndNode2[0]<--->HoM1[0]
REAL
   0.439946   0.0169426   0.0128242    0.422311
  0.0169426   0.0404858  -0.0140191  0.00350744
  0.0128242  -0.0140191   0.0458839 0.000645339
   0.422311  0.00350744 0.000645339    0.473684
IMAGINARY
          0 -0.00322432  -0.0031211   -0.007479
 0.00322432           0   0.0203691  -0.0062422
  0.0031211  -0.0203691           0   0.0138361
   0.007479   0.0062422  -0.0138361           0
Repeater1[0]<--->EndNode1[0]
REAL
   0.470361 -0.00370125  0.00494852    0.407946
-0.00370125   0.0554124  0.00305497 -0.00309438
 0.00494852  0.00305497   0.0502577 -0.00433336
   0.407946 -0.00309438 -0.00433336    0.423969
IMAGINARY
          0  0.00694585  -0.0132927 -0.00128508
-0.00694585           0  -0.0143399   0.0010644
  0.0132927   0.0143399           0  -0.0110219
 0.00128508  -0.0010644   0.0110219           0
Repeater1[0]<--->HoM1[0]
REAL
   0.439946   0.0128242   0.0169426    0.422311
  0.0128242   0.0458839  -0.0140191 0.000645339
  0.0169426  -0.0140191   0.0404858  0.00350744
   0.422311 0.000645339  0.00350744    0.473684
IMAGINARY
          0  -0.0031211 -0.00322432   -0.007479
  0.0031211           0  -0.0203691   0.0138361
 0.00322432   0.0203691           0  -0.0062422
   0.007479  -0.0138361   0.0062422           0
EndNode1[0]<--->Repeater1[0]
REAL
  0.449622 0.00284074 0.00167535    0.40312
0.00284074  0.0579345  0.0084534 -0.0075271
0.00167535  0.0084534  0.0491184 -0.0086925
   0.40312 -0.0075271 -0.0086925   0.443325
IMAGINARY
          0  -0.0141832   0.0235364  0.00242446
  0.0141832           0  -0.0169264  -0.0155364
 -0.0235364   0.0169264           0  -0.0218168
-0.00242446   0.0155364   0.0218168           0
EndNode2[0]<--->HoM1[0]
REAL
   0.453086  -0.0265465  -0.0375775    0.420644
 -0.0265465   0.0555556 -0.00273309  -0.0345618
 -0.0375775 -0.00273309   0.0395062  -0.0306674
   0.420644  -0.0345618  -0.0306674    0.451852
IMAGINARY
           0   0.00433111    0.0128772    0.0107617
 -0.00433111            0   -0.0172383   0.00920073
  -0.0128772    0.0172383            0  0.000863699
  -0.0107617  -0.00920073 -0.000863699            0
Repeater1[0]<--->EndNode1[0]
REAL
  0.449622 0.00167535 0.00284074    0.40312
0.00167535  0.0491184  0.0084534 -0.0086925
0.00284074  0.0084534  0.0579345 -0.0075271
   0.40312 -0.0086925 -0.0075271   0.443325
IMAGINARY
          0   0.0235364  -0.0141832  0.00242446
 -0.0235364           0   0.0169264  -0.0218168
  0.0141832  -0.0169264           0  -0.0155364
-0.00242446   0.0218168   0.0155364           0
Repeater1[0]<--->HoM1[0]
REAL
   0.453086  -0.0375775  -0.0265465    0.420644
 -0.0375775   0.0395062 -0.00273309  -0.0306674
 -0.0265465 -0.00273309   0.0555556  -0.0345618
   0.420644  -0.0306674  -0.0345618    0.451852
IMAGINARY
           0    0.0128772   0.00433111    0.0107617
  -0.0128772            0    0.0172383  0.000863699
 -0.00433111   -0.0172383            0   0.00920073
  -0.0107617 -0.000863699  -0.00920073            0
EndNode1[0]<--->Repeater1[0]
REAL
   0.475091  -0.0100706   0.0177121    0.410393
 -0.0100706   0.0498177 -0.00458665  0.00228792
  0.0177121 -0.00458665   0.0498177  0.00555444
   0.410393  0.00228792  0.00555444    0.425273
IMAGINARY
           0    0.0266688   -0.0178822    0.0133544
  -0.0266688            0   0.00928939   -0.0192299
   0.0178822  -0.00928939            0  0.000996473
  -0.0133544    0.0192299 -0.000996473            0
EndNode2[0]<--->HoM1[0]
REAL
   0.453846 -0.00503213  0.00106331     0.40286
-0.00503213   0.0461538   -0.010933 -0.00627165
 0.00106331   -0.010933   0.0448718  -0.0171033
    0.40286 -0.00627165  -0.0171033    0.455128
IMAGINARY
          0  0.00301826  0.00932882   0.0120757
-0.00301826           0 -0.00594829  -0.0066763
-0.00932882  0.00594829           0 -0.00434452
 -0.0120757   0.0066763  0.00434452           0
Repeater1[0]<--->EndNode1[0]
REAL
   0.475091   0.0177121  -0.0100706    0.410393
  0.0177121   0.0498177 -0.00458665  0.00555444
 -0.0100706 -0.00458665   0.0498177  0.00228792
   0.410393  0.00555444  0.00228792    0.425273
IMAGINARY
           0   -0.0178822    0.0266688    0.0133544
   0.0178822            0  -0.00928939  0.000996473
  -0.0266688   0.00928939            0   -0.0192299
  -0.0133544 -0.000996473    0.0192299            0
Repeater1[0]<--->HoM1[0]
REAL
   0.453846  0.00106331 -0.00503213     0.40286
 0.00106331   0.0448718   -0.010933  -0.0171033
-0.00503213   -0.010933   0.0461538 -0.00627165
    0.40286  -0.0171033 -0.00627165    0.455128
IMAGINARY
          0  0.00932882  0.00301826   0.0120757
-0.00932882           0  0.00594829 -0.00434452
-0.00301826 -0.00594829           0  -0.0066763
 -0.0120757  0.00434452   0.0066763           0
EndNode1[0]<--->Repeater1[0]
REAL
   0.440252  0.00143559  -0.0113879    0.402588
 0.00143559   0.0415094 -0.00991162 -0.00755154
 -0.0113879 -0.00991162   0.0440252  -0.0191124
   0.402588 -0.00755154  -0.0191124    0.474214
IMAGINARY
          0  0.00767628   0.0154899  -0.0135111
-0.00767628           0  -0.0051456  -0.0142399
 -0.0154899   0.0051456           0 -0.00642628
  0.0135111   0.0142399  0.00642628           0
EndNode2[0]<--->HoM1[0]
REAL
   0.438642   0.0107271   0.0224133     0.40474
  0.0107271   0.0430809 -0.00714227 -0.00661048
  0.0224133 -0.00714227   0.0535248  0.00886836
    0.40474 -0.00661048  0.00886836    0.464752
IMAGINARY
          0  -0.0120408  0.00654085  -0.0151482
  0.0120408           0  -0.0164503 -0.00186795
-0.00654085   0.0164503           0   0.0180488
  0.0151482  0.00186795  -0.0180488           0
Repeater1[0]<--->EndNode1[0]
REAL
   0.440252  -0.0113879  0.00143559    0.402588
 -0.0113879   0.0440252 -0.00991162  -0.0191124
 0.00143559 -0.00991162   0.0415094 -0.00755154
   0.402588  -0.0191124 -0.00755154    0.474214
IMAGINARY
          0   0.0154899  0.00767628  -0.0135111
 -0.0154899           0   0.0051456 -0.00642628
-0.00767628  -0.0051456           0  -0.0142399
  0.0135111  0.00642628   0.0142399           0
Repeater1[0]<--->HoM1[0]
REAL
   0.438642   0.0224133   0.0107271     0.40474
  0.0224133   0.0535248 -0.00714227  0.00886836
  0.0107271 -0.00714227   0.0430809 -0.00661048
    0.40474  0.00886836 -0.00661048    0.464752
IMAGINARY
          0  0.00654085  -0.0120408  -0.0151482
-0.00654085           0   0.0164503   0.0180488
  0.0120408  -0.0164503           0 -0.00186795
  0.0151482  -0.0180488  0.00186795           0
EndNode1[0]<--->Repeater1[0]
REAL
   0.438642   0.0212532   0.0111822    0.398396
  0.0212532   0.0456919 -0.00122328  0.00681266
  0.0111822 -0.00122328   0.0509138  0.00959515
   0.398396  0.00681266  0.00959515    0.464752
IMAGINARY
           0   -0.0133931    0.0162576  -0.00492753
   0.0133931            0   -0.0107793  -0.00164518
  -0.0162576    0.0107793            0  5.12489e-05
  0.00492753   0.00164518 -5.12489e-05            0
EndNode2[0]<--->HoM1[0]
REAL
   0.463079  -0.0017314 -0.00208087    0.408258
 -0.0017314   0.0413016 -0.00433866  0.00650565
-0.00208087 -0.00433866    0.048811   0.0187984
   0.408258  0.00650565   0.0187984    0.446809
IMAGINARY
          0 -0.00611463 -0.00877513 -0.00421215
 0.00611463           0  -0.0164387   0.0241993
 0.00877513   0.0164387           0 -0.00673885
 0.00421215  -0.0241993  0.00673885           0
Repeater1[0]<--->EndNode1[0]
REAL
   0.438642   0.0111822   0.0212532    0.398396
  0.0111822   0.0509138 -0.00122328  0.00959515
  0.0212532 -0.00122328   0.0456919  0.00681266
   0.398396  0.00959515  0.00681266    0.464752
IMAGINARY
           0    0.0162576   -0.0133931  -0.00492753
  -0.0162576            0    0.0107793  5.12489e-05
   0.0133931   -0.0107793            0  -0.00164518
  0.00492753 -5.12489e-05   0.00164518            0
Repeater1[0]<--->HoM1[0]
REAL
   0.463079 -0.00208087  -0.0017314    0.408258
-0.00208087    0.048811 -0.00433866   0.0187984
 -0.0017314 -0.00433866   0.0413016  0.00650565
   0.408258   0.0187984  0.00650565    0.446809
IMAGINARY
          0 -0.00877513 -0.00611463 -0.00421215
 0.00877513           0   0.0164387 -0.00673885
 0.00611463  -0.0164387           0   0.0241993
 0.00421215  0.00673885  -0.0241993           0
EndNode1[0]<--->Repeater1[0]
REAL
   0.445333 0.000625782  -0.0108873    0.409081
0.000625782   0.0546667  0.00581282  0.00900998
 -0.0108873  0.00581282   0.0453333  -0.0125156
   0.409081  0.00900998  -0.0125156    0.454667
IMAGINARY
          0   0.0185458 -0.00208918   0.0252373
 -0.0185458           0  0.00542937  0.00404997
 0.00208918 -0.00542937           0  -0.0231209
 -0.0252373 -0.00404997   0.0231209           0
EndNode2[0]<--->HoM1[0]
REAL
   0.435356  0.00296479  0.00491481    0.410503
 0.00296479   0.0540897 -0.00210615 -0.00491481
 0.00491481 -0.00210615   0.0435356  -0.0156874
   0.410503 -0.00491481  -0.0156874    0.467018
IMAGINARY
          0  0.00393522  -0.0188523 -0.00269504
-0.00393522           0  -0.0376379 -0.00174699
  0.0188523   0.0376379           0   0.0141671
 0.00269504  0.00174699  -0.0141671           0
Repeater1[0]<--->EndNode1[0]
REAL
   0.445333  -0.0108873 0.000625782    0.409081
 -0.0108873   0.0453333  0.00581282  -0.0125156
0.000625782  0.00581282   0.0546667  0.00900998
   0.409081  -0.0125156  0.00900998    0.454667
IMAGINARY
          0 -0.00208918   0.0185458   0.0252373
 0.00208918           0 -0.00542937  -0.0231209
 -0.0185458  0.00542937           0  0.00404997
 -0.0252373   0.0231209 -0.00404997           0
Repeater1[0]<--->HoM1[0]
REAL
   0.435356  0.00491481  0.00296479    0.410503
 0.00491481   0.0435356 -0.00210615  -0.0156874
 0.00296479 -0.00210615   0.0540897 -0.00491481
   0.410503  -0.0156874 -0.00491481    0.467018
IMAGINARY
          0  -0.0188523  0.00393522 -0.00269504
  0.0188523           0   0.0376379   0.0141671
-0.00393522  -0.0376379           0 -0.00174699
 0.00269504  -0.0141671  0.00174699           0
EndNode1[0]<--->Repeater1[0]
REAL
   0.460701 -0.00543275  -0.0168638    0.407029
-0.00543275   0.0519952 -0.00878756  -0.0107744
 -0.0168638 -0.00878756   0.0459492  -0.0134115
   0.407029  -0.0107744  -0.0134115    0.441354
IMAGINARY
          0  0.00983159  0.00911458   0.0230625
-0.00983159           0  0.00449656 -0.00911458
-0.00911458 -0.00449656           0 -0.00217853
 -0.0230625  0.00911458  0.00217853           0
EndNode2[0]<--->HoM1[0]
REAL
   0.444596  0.00291652  0.00577787    0.410404
 0.00291652   0.0533516 -0.00593033  -0.0015457
 0.00577787 -0.00593033   0.0478796 -0.00956706
   0.410404  -0.0015457 -0.00956706    0.454172
IMAGINARY
          0  0.00746189  -0.0046965  0.00345182
-0.00746189           0   0.0142249   -0.023856
  0.0046965  -0.0142249           0   0.0144505
-0.00345182    0.023856  -0.0144505           0
Repeater1[0]<--->EndNode1[0]
REAL
   0.460701  -0.0168638 -0.00543275    0.407029
 -0.0168638   0.0459492 -0.00878756  -0.0134115
-0.00543275 -0.00878756   0.0519952  -0.0107744
   0.407029  -0.0134115  -0.0107744    0.441354
IMAGINARY
          0  0.00911458  0.00983159   0.0230625
-0.00911458           0 -0.00449656 -0.00217853
-0.00983159  0.00449656           0 -0.00911458
 -0.0230625  0.00217853  0.00911458           0
Repeater1[0]<--->HoM1[0]
REAL
   0.444596  0.00577787  0.00291652    0.410404
 0.00577787   0.0478796 -0.00593033 -0.00956706
 0.00291652 -0.00593033   0.0533516  -0.0015457
   0.410404 -0.00956706  -0.0015457    0.454172
IMAGINARY
          0  -0.0046965  0.00746189  0.00345182
  0.0046965           0  -0.0142249   0.0144505
-0.00746189   0.0142249           0   -0.023856
-0.00345182  -0.0144505    0.023856           0
EndNode1[0]<--->Repeater1[0]
REAL
    0.438735    0.0121072    0.0222958     0.392549
   0.0121072    0.0540184   0.00212092 -0.000722149
   0.0222958   0.00212092    0.0513834  -0.00449303
    0.392549 -0.000722149  -0.00449303     0.455863
IMAGINARY
          0   0.0130199 -0.00251217 -0.00807125
 -0.0130199           0  -0.0250952  -0.0138606
 0.00251217   0.0250952           0 -0.00294434
 0.00807125   0.0138606  0.00294434           0
