EndNode1[0]<--->Repeater1[0]
REAL
    0.32166   0.0249042 -0.00196872   0.0990734
  0.0249042    0.172503   0.0458819 -0.00888696
-0.00196872   0.0458819    0.188067  -0.0127714
  0.0990734 -0.00888696  -0.0127714    0.317769
IMAGINARY
          0   0.0134371   0.0219972 -0.00575929
 -0.0134371           0  -0.0223156   0.0111692
 -0.0219972   0.0223156           0  -0.0128113
 0.00575929  -0.0111692   0.0128113           0
EndNode2[0]<--->HoM1[0]
REAL
    0.32567 -0.00123726 -0.00350411     0.12505
-0.00123726    0.209451   0.0326516  0.00105912
-0.00350411   0.0326516    0.186462 -0.00365272
    0.12505  0.00105912 -0.00365272    0.278416
IMAGINARY
          0  -0.0178282 -0.00615716  -0.0102761
  0.0178282           0  -0.0258201   0.0146762
 0.00615716   0.0258201           0  0.00275612
  0.0102761  -0.0146762 -0.00275612           0
Repeater1[0]<--->EndNode1[0]
REAL
    0.32166 -0.00196872   0.0249042   0.0990734
-0.00196872    0.188067   0.0458819  -0.0127714
  0.0249042   0.0458819    0.172503 -0.00888696
  0.0990734  -0.0127714 -0.00888696    0.317769
IMAGINARY
          0   0.0219972   0.0134371 -0.00575929
 -0.0219972           0   0.0223156  -0.0128113
 -0.0134371  -0.0223156           0   0.0111692
 0.00575929   0.0128113  -0.0111692           0
Repeater1[0]<--->HoM1[0]
REAL
    0.32567 -0.00350411 -0.00123726     0.12505
-0.00350411    0.186462   0.0326516 -0.00365272
-0.00123726   0.0326516    0.209451  0.00105912
    0.12505 -0.00365272  0.00105912    0.278416
IMAGINARY
          0 -0.00615716  -0.0178282  -0.0102761
 0.00615716           0   0.0258201  0.00275612
  0.0178282  -0.0258201           0   0.0146762
  0.0102761 -0.00275612  -0.0146762           0
EndNode1[0]<--->Repeater1[0]
REAL
   0.318121  0.00901058  0.00921361    0.120107
 0.00901058    0.163758   0.0290814 -0.00609251
 0.00921361   0.0290814    0.183893   0.0128371
   0.120107 -0.00609251   0.0128371    0.334228
IMAGINARY
          0  -0.0126849 -0.00491172   -0.010209
  0.0126849           0  -0.0371321  0.00362967
 0.00491172   0.0371321           0  0.00242847
   0.010209 -0.00362967 -0.00242847           0
EndNode2[0]<--->HoM1[0]
REAL
   0.315085  0.00888282 -0.00787054    0.101411
 0.00888282    0.184915   0.0288304  0.00977652
-0.00787054   0.0288304    0.192214  0.00954158
   0.101411  0.00977652  0.00954158    0.307786
IMAGINARY
          0  0.00833333   0.0155144  -0.0108049
-0.00833333           0 -0.00412044 -0.00207354
 -0.0155144  0.00412044           0  0.00510753
  0.0108049  0.00207354 -0.00510753           0
Repeater1[0]<--->EndNode1[0]
REAL
   0.318121  0.00921361  0.00901058    0.120107
 0.00921361    0.183893   0.0290814   0.0128371
 0.00901058   0.0290814    0.163758 -0.00609251
   0.120107   0.0128371 -0.00609251    0.334228
IMAGINARY
          0 -0.00491172  -0.0126849   -0.010209
 0.00491172           0   0.0371321  0.00242847
  0.0126849  -0.0371321           0  0.00362967
   0.010209 -0.00242847 -0.00362967           0
Repeater1[0]<--->HoM1[0]
REAL
   0.315085 -0.00787054  0.00888282    0.101411
-0.00787054    0.192214   0.0288304  0.00954158
 0.00888282   0.0288304    0.184915  0.00977652
   0.101411  0.00954158  0.00977652    0.307786
IMAGINARY
          0   0.0155144  0.00833333  -0.0108049
 -0.0155144           0  0.00412044  0.00510753
-0.00833333 -0.00412044           0 -0.00207354
  0.0108049 -0.00510753  0.00207354           0
EndNode1[0]<--->Repeater1[0]
REAL
   0.331633   0.0143078   0.0215209   0.0763121
  0.0143078    0.178571   0.0357029 -0.00587635
  0.0215209   0.0357029    0.165816   -0.013682
  0.0763121 -0.00587635   -0.013682     0.32398
IMAGINARY
           0   -0.0102845    0.0108906    0.0201569
   0.0102845            0  -0.00723168   0.00179972
  -0.0108906   0.00723168            0  0.000132191
  -0.0201569  -0.00179972 -0.000132191            0
EndNode2[0]<--->HoM1[0]
REAL
    0.299625   0.00330069 -0.000255132      0.10687
  0.00330069     0.184769     0.061537   -0.0180216
-0.000255132     0.061537     0.183521   0.00453221
     0.10687   -0.0180216   0.00453221     0.332085
IMAGINARY
          0   0.0092365  -0.0072192    0.008847
 -0.0092365           0  0.00261259  -0.0194475
  0.0072192 -0.00261259           0  -0.0159032
  -0.008847   0.0194475   0.0159032           0
Repeater1[0]<--->EndNode1[0]
REAL
   0.331633   0.0215209   0.0143078   0.0763121
  0.0215209    0.165816   0.0357029   -0.013682
  0.0143078   0.0357029    0.178571 -0.00587635
  0.0763121   -0.013682 -0.00587635     0.32398
IMAGINARY
           0    0.0108906   -0.0102845    0.0201569
  -0.0108906            0   0.00723168  0.000132191
   0.0102845  -0.00723168            0   0.00179972
  -0.0201569 -0.000132191  -0.00179972            0
Repeater1[0]<--->HoM1[0]
REAL
    0.299625 -0.000255132   0.00330069      0.10687
-0.000255132     0.183521     0.061537   0.00453221
  0.00330069     0.061537     0.184769   -0.0180216
     0.10687   0.00453221   -0.0180216     0.332085
IMAGINARY
          0  -0.0072192   0.0092365    0.008847
  0.0072192           0 -0.00261259  -0.0159032
 -0.0092365  0.00261259           0  -0.0194475
  -0.008847   0.0159032   0.0194475           0
EndNode1[0]<--->Repeater1[0]
REAL
   0.323529  -0.0286168  0.00719885    0.107916
 -0.0286168    0.176471   0.0462193 -0.00343945
 0.00719885   0.0462193    0.189258 -0.00521779
   0.107916 -0.00343945 -0.00521779    0.310742
IMAGINARY
          0  -0.0129799 -0.00231157  -0.0011703
  0.0129799           0   0.0125797  0.00102622
 0.00231157  -0.0125797           0   0.0284041
  0.0011703 -0.00102622  -0.0284041           0
EndNode2[0]<--->HoM1[0]
REAL
   0.302083   0.0020011 -0.00753727    0.101438
  0.0020011    0.173177   0.0535102  0.00623519
-0.00753727   0.0535102    0.186198 -0.00720943
   0.101438  0.00623519 -0.00720943    0.338542
IMAGINARY
          0  -0.0146822  0.00959099 -0.00568572
  0.0146822           0   0.0233625  0.00206705
-0.00959099  -0.0233625           0  0.00950083
 0.00568572 -0.00206705 -0.00950083           0
Repeater1[0]<--->EndNode1[0]
REAL
   0.323529  0.00719885  -0.0286168    0.107916
 0.00719885    0.189258   0.0462193 -0.00521779
 -0.0286168   0.0462193    0.176471 -0.00343945
   0.107916 -0.00521779 -0.00343945    0.310742
IMAGINARY
          0 -0.00231157  -0.0129799  -0.0011703
 0.00231157           0  -0.0125797   0.0284041
  0.0129799   0.0125797           0  0.00102622
  0.0011703  -0.0284041 -0.00102622           0
Repeater1[0]<--->HoM1[0]
REAL
   0.302083 -0.00753727   0.0020011    0.101438
-0.00753727    0.186198   0.0535102 -0.00720943
  0.0020011   0.0535102    0.173177  0.00623519
   0.101438 -0.00720943  0.00623519    0.338542
IMAGINARY
          0  0.00959099  -0.0146822 -0.00568572
-0.00959099           0  -0.0233625  0.00950083
  0.0146822   0.0233625           0  0.00206705
 0.00568572 -0.00950083 -0.00206705           0
EndNode1[0]<--->Repeater1[0]
REAL
  0.329616 -0.0205946 0.00331436   0.111559
-0.0205946   0.153656  0.0377244 -0.0274343
0.00331436  0.0377244   0.189591 -0.0074367
  0.111559 -0.0274343 -0.0074367   0.327138
IMAGINARY
          0 -0.00392566  -0.0129283 -0.00456604
 0.00392566           0 -0.00985704  0.00645158
  0.0129283  0.00985704           0  -0.0090277
 0.00456604 -0.00645158   0.0090277           0
EndNode2[0]<--->HoM1[0]
REAL
   0.327806  0.00591505   0.0225087    0.109993
 0.00591505    0.172194   0.0562519 -0.00544165
  0.0225087   0.0562519    0.155612 -0.00401872
   0.109993 -0.00544165 -0.00401872    0.344388
IMAGINARY
          0 -0.00863283  0.00170726  0.00956751
 0.00863283           0 -0.00107078  -0.0105508
-0.00170726  0.00107078           0   0.0147553
-0.00956751   0.0105508  -0.0147553           0
Repeater1[0]<--->EndNode1[0]
REAL
  0.329616 0.00331436 -0.0205946   0.111559
0.00331436   0.189591  0.0377244 -0.0074367
-0.0205946  0.0377244   0.153656 -0.0274343
  0.111559 -0.0074367 -0.0274343   0.327138
IMAGINARY
          0  -0.0129283 -0.00392566 -0.00456604
  0.0129283           0  0.00985704  -0.0090277
 0.00392566 -0.00985704           0  0.00645158
 0.00456604   0.0090277 -0.00645158           0
Repeater1[0]<--->HoM1[0]
REAL
   0.327806   0.0225087  0.00591505    0.109993
  0.0225087    0.155612   0.0562519 -0.00401872
 0.00591505   0.0562519    0.172194 -0.00544165
   0.109993 -0.00401872 -0.00544165    0.344388
IMAGINARY
          0  0.00170726 -0.00863283  0.00956751
-0.00170726           0  0.00107078   0.0147553
 0.00863283 -0.00107078           0  -0.0105508
-0.00956751  -0.0147553   0.0105508           0
EndNode1[0]<--->Repeater1[0]
REAL
   0.333333   0.0066237 -0.00853632   0.0939879
  0.0066237    0.203163   0.0264203  -0.0139127
-0.00853632   0.0264203    0.176399   0.0103831
  0.0939879  -0.0139127   0.0103831    0.287105
IMAGINARY
          0  -0.0146962 -0.00972704   0.0258195
  0.0146962           0  -0.0144711   0.0207835
 0.00972704   0.0144711           0   0.0110107
 -0.0258195  -0.0207835  -0.0110107           0
EndNode2[0]<--->HoM1[0]
REAL
   0.302799 -0.00685507  -0.0168712   0.0934898
-0.00685507    0.184478    0.041327   0.0168712
 -0.0168712    0.041327     0.19084 -0.00754283
  0.0934898   0.0168712 -0.00754283    0.321883
IMAGINARY
          0  0.00793177 -0.00135056    -0.02036
-0.00793177           0  -0.0058214   0.0191623
 0.00135056   0.0058214           0  -0.0181099
    0.02036  -0.0191623   0.0181099           0
Repeater1[0]<--->EndNode1[0]
REAL
   0.333333 -0.00853632   0.0066237   0.0939879
-0.00853632    0.176399   0.0264203   0.0103831
  0.0066237   0.0264203    0.203163  -0.0139127
  0.0939879   0.0103831  -0.0139127    0.287105
IMAGINARY
          0 -0.00972704  -0.0146962   0.0258195
 0.00972704           0   0.0144711   0.0110107
  0.0146962  -0.0144711           0   0.0207835
 -0.0258195  -0.0110107  -0.0207835           0
Repeater1[0]<--->HoM1[0]
REAL
   0.302799  -0.0168712 -0.00685507   0.0934898
 -0.0168712     0.19084    0.041327 -0.00754283
-0.00685507    0.041327    0.184478   0.0168712
  0.0934898 -0.00754283   0.0168712    0.321883
IMAGINARY
          0 -0.00135056  0.00793177    -0.02036
 0.00135056           0   0.0058214  -0.0181099
-0.00793177  -0.0058214           0   0.0191623
    0.02036   0.0181099  -0.0191623           0
EndNode1[0]<--->Repeater1[0]
REAL
   0.315722  -0.0208605 0.000791862   0.0916607
 -0.0208605    0.180412   0.0524071   -0.011874
0.000791862   0.0524071     0.17268   0.0136897
  0.0916607   -0.011874   0.0136897    0.331186
IMAGINARY
          0  -0.0195822  0.00144249  0.00161873
  0.0195822           0   0.0269708  0.00949702
-0.00144249  -0.0269708           0   0.0034947
-0.00161873 -0.00949702  -0.0034947           0
EndNode2[0]<--->HoM1[0]
REAL
   0.352785 -0.00227782 0.000487893   0.0943318
-0.00227782    0.153846   0.0384807 -0.00309206
0.000487893   0.0384807    0.177719    0.020507
  0.0943318 -0.00309206    0.020507     0.31565
IMAGINARY
           0  -0.00373179   0.00917553   0.00672703
  0.00373179            0 -1.15189e-05   -0.0158245
 -0.00917553  1.15189e-05            0  -0.00823629
 -0.00672703    0.0158245   0.00823629            0
Repeater1[0]<--->EndNode1[0]
REAL
   0.315722 0.000791862  -0.0208605   0.0916607
0.000791862     0.17268   0.0524071   0.0136897
 -0.0208605   0.0524071    0.180412   -0.011874
  0.0916607   0.0136897   -0.011874    0.331186
IMAGINARY
          0  0.00144249  -0.0195822  0.00161873
-0.00144249           0  -0.0269708   0.0034947
  0.0195822   0.0269708           0  0.00949702
-0.00161873  -0.0034947 -0.00949702           0
Repeater1[0]<--->HoM1[0]
REAL
   0.352785 0.000487893 -0.00227782   0.0943318
0.000487893    0.177719   0.0384807    0.020507
-0.00227782   0.0384807    0.153846 -0.00309206
  0.0943318    0.020507 -0.00309206     0.31565
IMAGINARY
           0   0.00917553  -0.00373179   0.00672703
 -0.00917553            0  1.15189e-05  -0.00823629
  0.00373179 -1.15189e-05            0   -0.0158245
 -0.00672703   0.00823629    0.0158245            0
EndNode1[0]<--->Repeater1[0]
REAL
   0.32956 -0.0163685 -0.0175543   0.111801
-0.0163685   0.178616  0.0510776 0.00619064
-0.0175543  0.0510776   0.173585 0.00879277
  0.111801 0.00619064 0.00879277   0.318239
IMAGINARY
          0  -0.0101962  0.00808941   0.0161865
  0.0101962           0  -0.0103195   0.0112904
-0.00808941   0.0103195           0  0.00115227
 -0.0161865  -0.0112904 -0.00115227           0
EndNode2[0]<--->HoM1[0]
REAL
   0.293187 -0.00595737  0.00483849   0.0930573
-0.00595737    0.184915   0.0309836  -0.0176262
 0.00483849   0.0309836    0.181265  -0.0272907
  0.0930573  -0.0176262  -0.0272907    0.340633
IMAGINARY
          0 -0.00347552  0.00860194 -0.00141969
 0.00347552           0   0.0046044  0.00981553
-0.00860194  -0.0046044           0  0.00552191
 0.00141969 -0.00981553 -0.00552191           0
Repeater1[0]<--->EndNode1[0]
REAL
   0.32956 -0.0175543 -0.0163685   0.111801
-0.0175543   0.173585  0.0510776 0.00879277
-0.0163685  0.0510776   0.178616 0.00619064
  0.111801 0.00879277 0.00619064   0.318239
IMAGINARY
          0  0.00808941  -0.0101962   0.0161865
-0.00808941           0   0.0103195  0.00115227
  0.0101962  -0.0103195           0   0.0112904
 -0.0161865 -0.00115227  -0.0112904           0
Repeater1[0]<--->HoM1[0]
REAL
   0.293187  0.00483849 -0.00595737   0.0930573
 0.00483849    0.181265   0.0309836  -0.0272907
-0.00595737   0.0309836    0.184915  -0.0176262
  0.0930573  -0.0272907  -0.0176262    0.340633
IMAGINARY
          0  0.00860194 -0.00347552 -0.00141969
-0.00860194           0  -0.0046044  0.00552191
 0.00347552   0.0046044           0  0.00981553
 0.00141969 -0.00552191 -0.00981553           0
EndNode1[0]<--->Repeater1[0]
REAL
    0.33869 -0.00828239  0.00246568   0.0911081
-0.00828239    0.175525   0.0137634  -0.0153209
 0.00246568   0.0137634    0.181706  0.00895898
  0.0911081  -0.0153209  0.00895898    0.304079
IMAGINARY
           0  0.000672176    0.0214126  -0.00667843
-0.000672176            0   0.00407426  -0.00496927
  -0.0214126  -0.00407426            0    0.0230793
  0.00667843   0.00496927   -0.0230793            0
EndNode2[0]<--->HoM1[0]
REAL
   0.314988   0.0184483 -0.00138228    0.108716
  0.0184483    0.175644   0.0382642 -0.00734255
-0.00138228   0.0382642    0.180328  -0.0338846
   0.108716 -0.00734255  -0.0338846     0.32904
IMAGINARY
          0 -0.00813953  -0.0255235    0.019101
 0.00813953           0  0.00796081   0.0138956
  0.0255235 -0.00796081           0   0.0197674
  -0.019101  -0.0138956  -0.0197674           0
Repeater1[0]<--->EndNode1[0]
REAL
    0.33869  0.00246568 -0.00828239   0.0911081
 0.00246568    0.181706   0.0137634  0.00895898
-0.00828239   0.0137634    0.175525  -0.0153209
  0.0911081  0.00895898  -0.0153209    0.304079
IMAGINARY
           0    0.0214126  0.000672176  -0.00667843
  -0.0214126            0  -0.00407426    0.0230793
-0.000672176   0.00407426            0  -0.00496927
  0.00667843   -0.0230793   0.00496927            0
Repeater1[0]<--->HoM1[0]
REAL
   0.314988 -0.00138228   0.0184483    0.108716
-0.00138228    0.180328   0.0382642  -0.0338846
  0.0184483   0.0382642    0.175644 -0.00734255
   0.108716  -0.0338846 -0.00734255     0.32904
IMAGINARY
          0  -0.0255235 -0.00813953    0.019101
  0.0255235           0 -0.00796081   0.0197674
 0.00813953  0.00796081           0   0.0138956
  -0.019101  -0.0197674  -0.0138956           0
EndNode1[0]<--->Repeater1[0]
REAL
   0.303502   0.0122661 -0.00428909      0.1178
  0.0122661     0.19585   0.0255919  -0.0343643
-0.00428909   0.0255919      0.1738  0.00394341
     0.1178  -0.0343643  0.00394341    0.326848
IMAGINARY
          0  -0.0126431 -0.00496466  -0.0200088
  0.0126431           0   0.0166074   0.0127569
 0.00496466  -0.0166074           0  -0.0159283
  0.0200088  -0.0127569   0.0159283           0
EndNode2[0]<--->HoM1[0]
REAL
    0.325365     0.011943  -0.00154242     0.124703
    0.011943     0.176627    0.0384051 -0.000236938
 -0.00154242    0.0384051     0.184595    0.0100025
    0.124703 -0.000236938    0.0100025     0.313413
IMAGINARY
          0  -0.0216649 -0.00138967 -0.00654854
  0.0216649           0 -0.00593504  -0.0150794
 0.00138967  0.00593504           0  0.00651336
 0.00654854   0.0150794 -0.00651336           0
Repeater1[0]<--->EndNode1[0]
REAL
   0.303502 -0.00428909   0.0122661      0.1178
-0.00428909      0.1738   0.0255919  0.00394341
  0.0122661   0.0255919     0.19585  -0.0343643
     0.1178  0.00394341  -0.0343643    0.326848
IMAGINARY
          0 -0.00496466  -0.0126431  -0.0200088
 0.00496466           0  -0.0166074  -0.0159283
  0.0126431   0.0166074           0   0.0127569
  0.0200088   0.0159283  -0.0127569           0
Repeater1[0]<--->HoM1[0]
REAL
    0.325365  -0.00154242     0.011943     0.124703
 -0.00154242     0.184595    0.0384051    0.0100025
    0.011943    0.0384051     0.176627 -0.000236938
    0.124703    0.0100025 -0.000236938     0.313413
IMAGINARY
          0 -0.00138967  -0.0216649 -0.00654854
 0.00138967           0  0.00593504  0.00651336
  0.0216649 -0.00593504           0  -0.0150794
 0.00654854 -0.00651336   0.0150794           0
EndNode1[0]<--->Repeater1[0]
REAL
   0.283174 -0.00259093 0.000580958     0.11563
-0.00259093    0.209302   0.0421947   -0.011191
0.000580958   0.0421947    0.173735 -0.00801915
    0.11563   -0.011191 -0.00801915    0.333789
IMAGINARY
          0   0.0123923   0.0146076  -0.0031303
 -0.0123923           0 -0.00994567   0.0166823
 -0.0146076  0.00994567           0 -0.00792228
  0.0031303  -0.0166823  0.00792228           0
EndNode2[0]<--->HoM1[0]
REAL
  0.309746 0.00625999  0.0106033   0.104312
0.00625999   0.186916  0.0400448  0.0130188
 0.0106033  0.0400448   0.162884  0.0081757
  0.104312  0.0130188  0.0081757   0.340454
IMAGINARY
          0  -0.0262319  0.00373427  -0.0117625
  0.0262319           0   0.0144221   0.0142606
-0.00373427  -0.0144221           0 -0.00333111
  0.0117625  -0.0142606  0.00333111           0
Repeater1[0]<--->EndNode1[0]
REAL
   0.283174 0.000580958 -0.00259093     0.11563
0.000580958    0.173735   0.0421947 -0.00801915
-0.00259093   0.0421947    0.209302   -0.011191
    0.11563 -0.00801915   -0.011191    0.333789
IMAGINARY
          0   0.0146076   0.0123923  -0.0031303
 -0.0146076           0  0.00994567 -0.00792228
 -0.0123923 -0.00994567           0   0.0166823
  0.0031303  0.00792228  -0.0166823           0
Repeater1[0]<--->HoM1[0]
REAL
  0.309746  0.0106033 0.00625999   0.104312
 0.0106033   0.162884  0.0400448  0.0081757
0.00625999  0.0400448   0.186916  0.0130188
  0.104312  0.0081757  0.0130188   0.340454
IMAGINARY
          0  0.00373427  -0.0262319  -0.0117625
-0.00373427           0  -0.0144221 -0.00333111
  0.0262319   0.0144221           0   0.0142606
  0.0117625  0.00333111  -0.0142606           0
EndNode1[0]<--->Repeater1[0]
REAL
  0.308161  0.0181771 -0.0155445   0.123631
 0.0181771   0.169306  0.0591369 0.00118416
-0.0155445  0.0591369   0.193666  0.0105435
  0.123631 0.00118416  0.0105435   0.328867
IMAGINARY
          0  -0.0121547   -0.011874  0.00772885
  0.0121547           0 -0.00443504  -0.0137848
   0.011874  0.00443504           0  -0.0315346
-0.00772885   0.0137848   0.0315346           0
EndNode2[0]<--->HoM1[0]
REAL
   0.300885 -0.00309789 -0.00153561    0.113984
-0.00309789     0.16182    0.039052 -0.00280144
-0.00153561    0.039052    0.180784 -0.00371747
   0.113984 -0.00280144 -0.00371747    0.356511
IMAGINARY
          0   0.0190518  0.00600431   0.0158661
 -0.0190518           0  0.00972693 -0.00327951
-0.00600431 -0.00972693           0  0.00819614
 -0.0158661  0.00327951 -0.00819614           0
Repeater1[0]<--->EndNode1[0]
REAL
  0.308161 -0.0155445  0.0181771   0.123631
-0.0155445   0.193666  0.0591369  0.0105435
 0.0181771  0.0591369   0.169306 0.00118416
  0.123631  0.0105435 0.00118416   0.328867
IMAGINARY
          0   -0.011874  -0.0121547  0.00772885
   0.011874           0  0.00443504  -0.0315346
  0.0121547 -0.00443504           0  -0.0137848
-0.00772885   0.0315346   0.0137848           0
Repeater1[0]<--->HoM1[0]
REAL
   0.300885 -0.00153561 -0.00309789    0.113984
-0.00153561    0.180784    0.039052 -0.00371747
-0.00309789    0.039052     0.16182 -0.00280144
   0.113984 -0.00371747 -0.00280144    0.356511
IMAGINARY
          0  0.00600431   0.0190518   0.0158661
-0.00600431           0 -0.00972693  0.00819614
 -0.0190518  0.00972693           0 -0.00327951
 -0.0158661 -0.00819614  0.00327951           0
EndNode1[0]<--->Repeater1[0]
REAL
    0.306069   0.00541209    0.0184535      0.10198
  0.00541209     0.189974    0.0324845   -0.0158425
   0.0184535    0.0324845     0.191293 -0.000190154
     0.10198   -0.0158425 -0.000190154     0.312665
IMAGINARY
          0  -0.0126182 -0.00927259 -0.00547048
  0.0126182           0  -0.0017759  0.00250752
 0.00927259   0.0017759           0  0.00462315
 0.00547048 -0.00250752 -0.00462315           0
EndNode2[0]<--->HoM1[0]
REAL
    0.303385   0.00645472  0.000272668    0.0867003
  0.00645472     0.166667    0.0496633   0.00351521
 0.000272668    0.0496633     0.199219 -0.000141587
   0.0867003   0.00351521 -0.000141587     0.330729
IMAGINARY
           0    0.0152068    0.0104721    0.0121459
  -0.0152068            0  0.000581323    0.0040782
  -0.0104721 -0.000581323            0   -0.0112385
  -0.0121459   -0.0040782    0.0112385            0
Repeater1[0]<--->EndNode1[0]
REAL
    0.306069    0.0184535   0.00541209      0.10198
   0.0184535     0.191293    0.0324845 -0.000190154
  0.00541209    0.0324845     0.189974   -0.0158425
     0.10198 -0.000190154   -0.0158425     0.312665
IMAGINARY
          0 -0.00927259  -0.0126182 -0.00547048
 0.00927259           0   0.0017759  0.00462315
  0.0126182  -0.0017759           0  0.00250752
 0.00547048 -0.00462315 -0.00250752           0
Repeater1[0]<--->HoM1[0]
REAL
    0.303385  0.000272668   0.00645472    0.0867003
 0.000272668     0.199219    0.0496633 -0.000141587
  0.00645472    0.0496633     0.166667   0.00351521
   0.0867003 -0.000141587   0.00351521     0.330729
IMAGINARY
           0    0.0104721    0.0152068    0.0121459
  -0.0104721            0 -0.000581323   -0.0112385
  -0.0152068  0.000581323            0    0.0040782
  -0.0121459    0.0112385   -0.0040782            0
EndNode1[0]<--->Repeater1[0]
REAL
  0.296915  0.0103276 0.00975402   0.103687
 0.0103276   0.179949  0.0143778  0.0321815
0.00975402  0.0143778   0.195373 0.00838208
  0.103687  0.0321815 0.00838208   0.327763
IMAGINARY
          0    0.012503  0.00580305   0.0272166
  -0.012503           0   0.0191621  -0.0116701
-0.00580305  -0.0191621           0 -0.00533219
 -0.0272166   0.0116701  0.00533219           0
EndNode2[0]<--->HoM1[0]
REAL
   0.337772   0.0021039   0.0184589   0.0962784
  0.0021039    0.157385   0.0304556 -0.00143497
  0.0184589   0.0304556    0.194915  0.00987592
  0.0962784 -0.00143497  0.00987592    0.309927
IMAGINARY
          0 -0.00648066 -0.00391325  0.00330542
 0.00648066           0   0.0110175    0.012774
 0.00391325  -0.0110175           0   0.0090123
-0.00330542   -0.012774  -0.0090123           0
Repeater1[0]<--->EndNode1[0]
REAL
  0.296915 0.00975402  0.0103276   0.103687
0.00975402   0.195373  0.0143778 0.00838208
 0.0103276  0.0143778   0.179949  0.0321815
  0.103687 0.00838208  0.0321815   0.327763
IMAGINARY
          0  0.00580305    0.012503   0.0272166
-0.00580305           0  -0.0191621 -0.00533219
  -0.012503   0.0191621           0  -0.0116701
 -0.0272166  0.00533219   0.0116701           0
Repeater1[0]<--->HoM1[0]
REAL
   0.337772   0.0184589   0.0021039   0.0962784
  0.0184589    0.194915   0.0304556  0.00987592
  0.0021039   0.0304556    0.157385 -0.00143497
  0.0962784  0.00987592 -0.00143497    0.309927
IMAGINARY
          0 -0.00391325 -0.00648066  0.00330542
 0.00391325           0  -0.0110175   0.0090123
 0.00648066   0.0110175           0    0.012774
-0.00330542  -0.0090123   -0.012774           0
EndNode1[0]<--->Repeater1[0]
REAL
  0.312802 0.00436312  0.0076524   0.104777
0.00436312   0.154589  0.0352231 0.00331535
 0.0076524  0.0352231   0.214976  0.0104756
  0.104777 0.00331535  0.0104756   0.317633
IMAGINARY
          0 -0.00556496  -0.0216324 -0.00691282
 0.00556496           0  -0.0174115  0.00588437
  0.0216324   0.0174115           0    0.013439
 0.00691282 -0.00588437   -0.013439           0
EndNode2[0]<--->HoM1[0]
REAL
   0.324775   0.0125059   0.0101036    0.114623
  0.0125059     0.18742   0.0489532 -0.00149433
  0.0101036   0.0489532    0.170732  0.00669942
   0.114623 -0.00149433  0.00669942    0.317073
IMAGINARY
          0  -0.0167498  0.00855105  0.00468854
  0.0167498           0   0.0244254 -0.00660046
-0.00855105  -0.0244254           0  -0.0242125
-0.00468854  0.00660046   0.0242125           0
Repeater1[0]<--->EndNode1[0]
REAL
  0.312802  0.0076524 0.00436312   0.104777
 0.0076524   0.214976  0.0352231  0.0104756
0.00436312  0.0352231   0.154589 0.00331535
  0.104777  0.0104756 0.00331535   0.317633
IMAGINARY
          0  -0.0216324 -0.00556496 -0.00691282
  0.0216324           0   0.0174115    0.013439
 0.00556496  -0.0174115           0  0.00588437
 0.00691282   -0.013439 -0.00588437           0
Repeater1[0]<--->HoM1[0]
REAL
   0.324775   0.0101036   0.0125059    0.114623
  0.0101036    0.170732   0.0489532  0.00669942
  0.0125059   0.0489532     0.18742 -0.00149433
   0.114623  0.00669942 -0.00149433    0.317073
IMAGINARY
          0  0.00855105  -0.0167498  0.00468854
-0.00855105           0  -0.0244254  -0.0242125
  0.0167498   0.0244254           0 -0.00660046
-0.00468854   0.0242125  0.00660046           0
EndNode1[0]<--->Repeater1[0]
REAL
   0.313095  0.00342466 -0.00384511     0.10777
 0.00342466    0.189286   0.0186314 -0.00175888
-0.00384511   0.0186314    0.188095  0.00342466
    0.10777 -0.00175888  0.00342466    0.309524
IMAGINARY
           0  0.000179025  -0.00497985   -0.0130203
-0.000179025            0  -0.00799879    -0.029849
  0.00497985   0.00799879            0   0.00867576
   0.0130203     0.029849  -0.00867576            0
EndNode2[0]<--->HoM1[0]
REAL
  0.306431  0.0233411 0.00208729   0.101916
 0.0233411   0.211854  0.0336453  0.0212418
0.00208729  0.0336453   0.153846  0.0138594
  0.101916  0.0212418  0.0138594   0.327869
IMAGINARY
          0 -0.00745002  0.00767087  0.00710204
 0.00745002           0 -0.00310204   0.0124852
-0.00767087  0.00310204           0  0.00810022
-0.00710204  -0.0124852 -0.00810022           0
Repeater1[0]<--->EndNode1[0]
REAL
   0.313095 -0.00384511  0.00342466     0.10777
-0.00384511    0.188095   0.0186314  0.00342466
 0.00342466   0.0186314    0.189286 -0.00175888
    0.10777  0.00342466 -0.00175888    0.309524
IMAGINARY
           0  -0.00497985  0.000179025   -0.0130203
  0.00497985            0   0.00799879   0.00867576
-0.000179025  -0.00799879            0    -0.029849
   0.0130203  -0.00867576     0.029849            0
Repeater1[0]<--->HoM1[0]
REAL
  0.306431 0.00208729  0.0233411   0.101916
0.00208729   0.153846  0.0336453  0.0138594
 0.0233411  0.0336453   0.211854  0.0212418
  0.101916  0.0138594  0.0212418   0.327869
IMAGINARY
          0  0.00767087 -0.00745002  0.00710204
-0.00767087           0  0.00310204  0.00810022
 0.00745002 -0.00310204           0   0.0124852
-0.00710204 -0.00810022  -0.0124852           0
EndNode1[0]<--->Repeater1[0]
REAL
  0.318063 0.00716916 0.00346784   0.102118
0.00716916   0.171466  0.0674915 0.00346784
0.00346784  0.0674915   0.158377 0.00481067
  0.102118 0.00346784 0.00481067   0.352094
IMAGINARY
          0  -0.0259806 -0.00507182  -0.0114625
  0.0259806           0   0.0153789    0.010612
 0.00507182  -0.0153789           0  -0.0100305
  0.0114625   -0.010612   0.0100305           0
EndNode2[0]<--->HoM1[0]
REAL
    0.352941 -0.000610604   -0.0202795    0.0986309
-0.000610604     0.183311    0.0345284    -0.021496
  -0.0202795    0.0345284     0.160055  -0.00852778
   0.0986309    -0.021496  -0.00852778     0.303694
IMAGINARY
          0  0.00897436 -0.00935416  0.00198031
-0.00897436           0   0.0064503  0.00807211
 0.00935416  -0.0064503           0           0
-0.00198031 -0.00807211           0           0
Repeater1[0]<--->EndNode1[0]
REAL
  0.318063 0.00346784 0.00716916   0.102118
0.00346784   0.158377  0.0674915 0.00481067
0.00716916  0.0674915   0.171466 0.00346784
  0.102118 0.00481067 0.00346784   0.352094
IMAGINARY
          0 -0.00507182  -0.0259806  -0.0114625
 0.00507182           0  -0.0153789  -0.0100305
  0.0259806   0.0153789           0    0.010612
  0.0114625   0.0100305   -0.010612           0
Repeater1[0]<--->HoM1[0]
REAL
    0.352941   -0.0202795 -0.000610604    0.0986309
  -0.0202795     0.160055    0.0345284  -0.00852778
-0.000610604    0.0345284     0.183311    -0.021496
   0.0986309  -0.00852778    -0.021496     0.303694
IMAGINARY
           0  -0.00935416   0.00897436   0.00198031
  0.00935416            0   -0.0064503 -6.93889e-18
 -0.00897436    0.0064503            0   0.00807211
 -0.00198031  6.93889e-18  -0.00807211            0
EndNode1[0]<--->Repeater1[0]
REAL
  0.321687  0.0113579 0.00434125   0.107788
 0.0113579   0.209639  0.0244542 0.00699377
0.00434125  0.0244542   0.161446 -0.0100985
  0.107788 0.00699377 -0.0100985   0.307229
IMAGINARY
          0 -0.00642513  -0.0098083  0.00142408
 0.00642513           0  -0.0087282   0.0309526
  0.0098083   0.0087282           0  0.00393757
-0.00142408  -0.0309526 -0.00393757           0
EndNode2[0]<--->HoM1[0]
REAL
 0.301047 0.0102632 0.0237381  0.119099
0.0102632  0.174084 0.0315504 0.0048333
0.0237381 0.0315504  0.183246 0.0248017
 0.119099 0.0048333 0.0248017  0.341623
IMAGINARY
          0  -0.0152249  -0.0136407  -0.0125565
  0.0152249           0   0.0100565 -0.00516608
  0.0136407  -0.0100565           0 -0.00747293
  0.0125565  0.00516608  0.00747293           0
Repeater1[0]<--->EndNode1[0]
REAL
  0.321687 0.00434125  0.0113579   0.107788
0.00434125   0.161446  0.0244542 -0.0100985
 0.0113579  0.0244542   0.209639 0.00699377
  0.107788 -0.0100985 0.00699377   0.307229
IMAGINARY
          0  -0.0098083 -0.00642513  0.00142408
  0.0098083           0   0.0087282  0.00393757
 0.00642513  -0.0087282           0   0.0309526
-0.00142408 -0.00393757  -0.0309526           0
Repeater1[0]<--->HoM1[0]
REAL
 0.301047 0.0237381 0.0102632  0.119099
0.0237381  0.183246 0.0315504 0.0248017
0.0102632 0.0315504  0.174084 0.0048333
 0.119099 0.0248017 0.0048333  0.341623
IMAGINARY
          0  -0.0136407  -0.0152249  -0.0125565
  0.0136407           0  -0.0100565 -0.00747293
  0.0152249   0.0100565           0 -0.00516608
  0.0125565  0.00747293  0.00516608           0
EndNode1[0]<--->Repeater1[0]
REAL
   0.326848 -0.00627763 -0.00984517   0.0912921
-0.00627763      0.1738   0.0366149 -0.00862268
-0.00984517   0.0366149    0.177691 -0.00945425
  0.0912921 -0.00862268 -0.00945425     0.32166
IMAGINARY
           0   0.00559947 -0.000842949    0.0261432
 -0.00559947            0    0.0143631   0.00545428
 0.000842949   -0.0143631            0   0.00559947
  -0.0261432  -0.00545428  -0.00559947            0
EndNode2[0]<--->HoM1[0]
REAL
  0.332928 0.00626983  0.0167289    0.12347
0.00626983   0.160389  0.0490844 0.00501019
 0.0167289  0.0490844   0.149453  0.0141106
   0.12347 0.00501019  0.0141106    0.35723
IMAGINARY
          0  0.00993885  0.00743772 -0.00399373
-0.00993885           0 -0.00216222  0.00614573
-0.00743772  0.00216222           0 -0.00411738
 0.00399373 -0.00614573  0.00411738           0
Repeater1[0]<--->EndNode1[0]
REAL
   0.326848 -0.00984517 -0.00627763   0.0912921
-0.00984517    0.177691   0.0366149 -0.00945425
-0.00627763   0.0366149      0.1738 -0.00862268
  0.0912921 -0.00945425 -0.00862268     0.32166
IMAGINARY
           0 -0.000842949   0.00559947    0.0261432
 0.000842949            0   -0.0143631   0.00559947
 -0.00559947    0.0143631            0   0.00545428
  -0.0261432  -0.00559947  -0.00545428            0
Repeater1[0]<--->HoM1[0]
REAL
  0.332928  0.0167289 0.00626983    0.12347
 0.0167289   0.149453  0.0490844  0.0141106
0.00626983  0.0490844   0.160389 0.00501019
   0.12347  0.0141106 0.00501019    0.35723
IMAGINARY
          0  0.00743772  0.00993885 -0.00399373
-0.00743772           0  0.00216222 -0.00411738
-0.00993885 -0.00216222           0  0.00614573
 0.00399373  0.00411738 -0.00614573           0
EndNode1[0]<--->Repeater1[0]
REAL
   0.330391   0.0189578 -0.00676412   0.0851816
  0.0189578    0.166456    0.019376 -0.00932167
-0.00676412    0.019376    0.171501 -0.00689343
  0.0851816 -0.00932167 -0.00689343    0.331652
IMAGINARY
           0 -0.000503621   0.00414654  -0.00208798
 0.000503621            0    0.0170666   -0.0219817
 -0.00414654   -0.0170666            0  -0.00503143
  0.00208798    0.0219817   0.00503143            0
EndNode2[0]<--->HoM1[0]
REAL
   0.327044 -0.00807184   -0.016205   0.0891539
-0.00807184    0.178616   0.0346085  0.00754167
  -0.016205   0.0346085    0.202516  -0.0203935
  0.0891539  0.00754167  -0.0203935    0.291824
IMAGINARY
          0   0.0178484   0.0012987  0.00829549
 -0.0178484           0  -0.0184221   0.0012987
 -0.0012987   0.0184221           0  0.00163215
-0.00829549  -0.0012987 -0.00163215           0
Repeater1[0]<--->EndNode1[0]
REAL
   0.330391 -0.00676412   0.0189578   0.0851816
-0.00676412    0.171501    0.019376 -0.00689343
  0.0189578    0.019376    0.166456 -0.00932167
  0.0851816 -0.00689343 -0.00932167    0.331652
IMAGINARY
           0   0.00414654 -0.000503621  -0.00208798
 -0.00414654            0   -0.0170666  -0.00503143
 0.000503621    0.0170666            0   -0.0219817
  0.00208798   0.00503143    0.0219817            0
Repeater1[0]<--->HoM1[0]
REAL
   0.327044   -0.016205 -0.00807184   0.0891539
  -0.016205    0.202516   0.0346085  -0.0203935
-0.00807184   0.0346085    0.178616  0.00754167
  0.0891539  -0.0203935  0.00754167    0.291824
IMAGINARY
          0   0.0012987   0.0178484  0.00829549
 -0.0012987           0   0.0184221  0.00163215
 -0.0178484  -0.0184221           0   0.0012987
-0.00829549 -0.00163215  -0.0012987           0
EndNode1[0]<--->Repeater1[0]
REAL
   0.324037 -0.00297313 -0.00942186   0.0971768
-0.00297313    0.139442   0.0413456  -0.0182826
-0.00942186   0.0413456    0.184595  0.00429239
  0.0971768  -0.0182826  0.00429239    0.351926
IMAGINARY
          0  -0.0138938   0.0111817  -0.0190283
  0.0138938           0 -0.00568651 -0.00125613
 -0.0111817  0.00568651           0  -0.0059573
  0.0190283  0.00125613   0.0059573           0
EndNode2[0]<--->HoM1[0]
REAL
   0.283333  0.00195817   0.0110859   0.0862285
 0.00195817    0.179487   0.0326346  -0.0291738
  0.0110859   0.0326346    0.166667 -0.00325016
  0.0862285  -0.0291738 -0.00325016    0.370513
IMAGINARY
           0 -0.000604386    0.0179487  -0.00468853
 0.000604386            0  -0.00658967    0.0205128
  -0.0179487   0.00658967            0   -0.0126365
  0.00468853   -0.0205128    0.0126365            0
Repeater1[0]<--->EndNode1[0]
REAL
   0.324037 -0.00942186 -0.00297313   0.0971768
-0.00942186    0.184595   0.0413456  0.00429239
-0.00297313   0.0413456    0.139442  -0.0182826
  0.0971768  0.00429239  -0.0182826    0.351926
IMAGINARY
          0   0.0111817  -0.0138938  -0.0190283
 -0.0111817           0  0.00568651  -0.0059573
  0.0138938 -0.00568651           0 -0.00125613
  0.0190283   0.0059573  0.00125613           0
Repeater1[0]<--->HoM1[0]
REAL
   0.283333   0.0110859  0.00195817   0.0862285
  0.0110859    0.166667   0.0326346 -0.00325016
 0.00195817   0.0326346    0.179487  -0.0291738
  0.0862285 -0.00325016  -0.0291738    0.370513
IMAGINARY
           0    0.0179487 -0.000604386  -0.00468853
  -0.0179487            0   0.00658967   -0.0126365
 0.000604386  -0.00658967            0    0.0205128
  0.00468853    0.0126365   -0.0205128            0
EndNode1[0]<--->Repeater1[0]
REAL
   0.334197 -0.00788093  0.00906873   0.0965225
-0.00788093    0.186528   0.0480949  -0.0356576
 0.00906873   0.0480949    0.168394  0.00723242
  0.0965225  -0.0356576  0.00723242    0.310881
IMAGINARY
          0 -0.00175214   0.0120509  -0.0014378
 0.00175214           0  0.00447547 -0.00135907
 -0.0120509 -0.00447547           0   0.0048968
  0.0014378  0.00135907  -0.0048968           0
EndNode2[0]<--->HoM1[0]
REAL
   0.29198  0.0139172 -0.0154457   0.101272
 0.0139172   0.189223  0.0334194 0.00690427
-0.0154457  0.0334194   0.186717 0.00119452
  0.101272 0.00690427 0.00119452    0.33208
IMAGINARY
          0  0.00567773  0.00559947  0.00787272
-0.00567773           0 -0.00975952  0.00559947
-0.00559947  0.00975952           0    0.022649
-0.00787272 -0.00559947   -0.022649           0
Repeater1[0]<--->EndNode1[0]
REAL
   0.334197  0.00906873 -0.00788093   0.0965225
 0.00906873    0.168394   0.0480949  0.00723242
-0.00788093   0.0480949    0.186528  -0.0356576
  0.0965225  0.00723242  -0.0356576    0.310881
IMAGINARY
          0   0.0120509 -0.00175214  -0.0014378
 -0.0120509           0 -0.00447547   0.0048968
 0.00175214  0.00447547           0 -0.00135907
  0.0014378  -0.0048968  0.00135907           0
Repeater1[0]<--->HoM1[0]
REAL
   0.29198 -0.0154457  0.0139172   0.101272
-0.0154457   0.186717  0.0334194 0.00119452
 0.0139172  0.0334194   0.189223 0.00690427
  0.101272 0.00119452 0.00690427    0.33208
IMAGINARY
          0  0.00559947  0.00567773  0.00787272
-0.00559947           0  0.00975952    0.022649
-0.00567773 -0.00975952           0  0.00559947
-0.00787272   -0.022649 -0.00559947           0
EndNode1[0]<--->Repeater1[0]
REAL
   0.322751   0.0123306 -0.00264374    0.106958
  0.0123306    0.169312   0.0231072 -0.00585299
-0.00264374   0.0231072    0.208995 -0.00121951
   0.106958 -0.00585299 -0.00121951    0.298942
IMAGINARY
         0   -0.01334 -0.0124019 -0.0254422
   0.01334          0  0.0136993  -0.024244
 0.0124019 -0.0136993          0 -0.0158526
 0.0254422   0.024244  0.0158526          0
EndNode2[0]<--->HoM1[0]
REAL
  0.325721 0.00670068  0.0115932   0.106847
0.00670068   0.171875  0.0415713  0.0103046
 0.0115932  0.0415713   0.161058  0.0358784
  0.106847  0.0103046  0.0358784   0.341346
IMAGINARY
          0  -0.0126823   0.0144684  -0.0121585
  0.0126823           0  0.00689536   0.0144684
 -0.0144684 -0.00689536           0   0.0173929
  0.0121585  -0.0144684  -0.0173929           0
Repeater1[0]<--->EndNode1[0]
REAL
   0.322751 -0.00264374   0.0123306    0.106958
-0.00264374    0.208995   0.0231072 -0.00121951
  0.0123306   0.0231072    0.169312 -0.00585299
   0.106958 -0.00121951 -0.00585299    0.298942
IMAGINARY
         0 -0.0124019   -0.01334 -0.0254422
 0.0124019          0 -0.0136993 -0.0158526
   0.01334  0.0136993          0  -0.024244
 0.0254422  0.0158526   0.024244          0
Repeater1[0]<--->HoM1[0]
REAL
  0.325721  0.0115932 0.00670068   0.106847
 0.0115932   0.161058  0.0415713  0.0358784
0.00670068  0.0415713   0.171875  0.0103046
  0.106847  0.0358784  0.0103046   0.341346
IMAGINARY
          0   0.0144684  -0.0126823  -0.0121585
 -0.0144684           0 -0.00689536   0.0173929
  0.0126823  0.00689536           0   0.0144684
  0.0121585  -0.0173929  -0.0144684           0
EndNode1[0]<--->Repeater1[0]
REAL
   0.345502 -0.00473205   0.0188665    0.122259
-0.00473205    0.148631   0.0211731   0.0213479
  0.0188665   0.0211731    0.200782   0.0234988
   0.122259   0.0213479   0.0234988    0.305085
IMAGINARY
         0 -0.0184291 -0.0100586   -0.01063
 0.0184291          0  0.0214213  0.0188781
 0.0100586 -0.0214213          0    -0.0121
   0.01063 -0.0188781     0.0121          0
EndNode2[0]<--->HoM1[0]
REAL
   0.320413 -0.00829911 -0.00466556   0.0928413
-0.00829911    0.167959   0.0232537   0.0139004
-0.00466556   0.0232537    0.177003   0.0188532
  0.0928413   0.0139004   0.0188532    0.334625
IMAGINARY
          0 -0.00362637  -0.0277062  0.00697003
 0.00362637           0  -0.0229343 -0.00966495
  0.0277062   0.0229343           0  0.00491503
-0.00697003  0.00966495 -0.00491503           0
Repeater1[0]<--->EndNode1[0]
REAL
