EndNode1[0]<--->Repeater1[0]
REAL
     0.43949 -0.000666667   -0.0138697     0.402972
-0.000666667    0.0636943     0.038361   0.00720307
  -0.0138697     0.038361    0.0611465 -0.000666667
    0.402972   0.00720307 -0.000666667     0.435669
IMAGINARY
          0  -0.0171794   0.0126652   0.0206783
  0.0171794           0  0.00127905  -0.0113247
 -0.0126652 -0.00127905           0 -0.00694925
 -0.0206783   0.0113247  0.00694925           0
EndNode2[0]<--->HoM1[0]
REAL
    0.426451  -0.00540995 -0.000913158     0.404904
 -0.00540995    0.0755735    0.0492949    -0.014354
-0.000913158    0.0492949    0.0823212  -0.00985722
    0.404904    -0.014354  -0.00985722     0.415655
IMAGINARY
          0  0.00270913  0.00111604  -0.0298722
-0.00270913           0   0.0252609 -0.00946926
-0.00111604  -0.0252609           0   0.0139973
  0.0298722  0.00946926  -0.0139973           0
Repeater1[0]<--->EndNode1[0]
REAL
     0.43949   -0.0138697 -0.000666667     0.402972
  -0.0138697    0.0611465     0.038361 -0.000666667
-0.000666667     0.038361    0.0636943   0.00720307
    0.402972 -0.000666667   0.00720307     0.435669
IMAGINARY
          0   0.0126652  -0.0171794   0.0206783
 -0.0126652           0 -0.00127905 -0.00694925
  0.0171794  0.00127905           0  -0.0113247
 -0.0206783  0.00694925   0.0113247           0
Repeater1[0]<--->HoM1[0]
REAL
    0.426451 -0.000913158  -0.00540995     0.404904
-0.000913158    0.0823212    0.0492949  -0.00985722
 -0.00540995    0.0492949    0.0755735    -0.014354
    0.404904  -0.00985722    -0.014354     0.415655
IMAGINARY
          0  0.00111604  0.00270913  -0.0298722
-0.00111604           0  -0.0252609   0.0139973
-0.00270913   0.0252609           0 -0.00946926
  0.0298722  -0.0139973  0.00946926           0
EndNode1[0]<--->Repeater1[0]
REAL
   0.439394 -0.00729587 -0.00438829    0.405439
-0.00729587   0.0643939   0.0449422 -0.00706209
-0.00438829   0.0449422   0.0643939 -0.00288225
   0.405439 -0.00706209 -0.00288225    0.431818
IMAGINARY
           0  -0.00941541    0.0154612   0.00482597
  0.00941541            0    0.0117792  -0.00164906
  -0.0154612   -0.0117792            0 -0.000253102
 -0.00482597   0.00164906  0.000253102            0
EndNode2[0]<--->HoM1[0]
REAL
    0.44884  0.00889325 -0.00741447    0.388397
 0.00889325   0.0832196   0.0535223  0.00110134
-0.00741447   0.0535223    0.047749 -0.00763062
   0.388397  0.00110134 -0.00763062    0.420191
IMAGINARY
          0  0.00562032  -0.0127527  0.00344869
-0.00562032           0   0.0215834   0.0147342
  0.0127527  -0.0215834           0  0.00692922
-0.00344869  -0.0147342 -0.00692922           0
Repeater1[0]<--->EndNode1[0]
REAL
   0.439394 -0.00438829 -0.00729587    0.405439
-0.00438829   0.0643939   0.0449422 -0.00288225
-0.00729587   0.0449422   0.0643939 -0.00706209
   0.405439 -0.00288225 -0.00706209    0.431818
IMAGINARY
           0    0.0154612  -0.00941541   0.00482597
  -0.0154612            0   -0.0117792 -0.000253102
  0.00941541    0.0117792            0  -0.00164906
 -0.00482597  0.000253102   0.00164906            0
Repeater1[0]<--->HoM1[0]
REAL
    0.44884 -0.00741447  0.00889325    0.388397
-0.00741447    0.047749   0.0535223 -0.00763062
 0.00889325   0.0535223   0.0832196  0.00110134
   0.388397 -0.00763062  0.00110134    0.420191
IMAGINARY
          0  -0.0127527  0.00562032  0.00344869
  0.0127527           0  -0.0215834  0.00692922
-0.00562032   0.0215834           0   0.0147342
-0.00344869 -0.00692922  -0.0147342           0
EndNode1[0]<--->Repeater1[0]
REAL
   0.417202 -0.00197368  0.00128866    0.421301
-0.00197368   0.0872914   0.0458043 -0.00128866
 0.00128866   0.0458043   0.0783055 -0.00197368
   0.421301 -0.00128866 -0.00197368    0.417202
IMAGINARY
          0 -0.00892985  -0.0228644   0.0135748
 0.00892985           0   0.0232273  0.00498365
  0.0228644  -0.0232273           0   0.0082676
 -0.0135748 -0.00498365  -0.0082676           0
EndNode2[0]<--->HoM1[0]
REAL
   0.416157 -0.00211957 0.000340232    0.403373
-0.00211957   0.0722154   0.0509353  0.00227073
0.000340232   0.0509353   0.0807834  0.00603602
   0.403373  0.00227073  0.00603602    0.430845
IMAGINARY
          0  0.00627121 -0.00168892  -0.0173857
-0.00627121           0  0.00368708 -0.00423994
 0.00168892 -0.00368708           0  -0.0108825
  0.0173857  0.00423994   0.0108825           0
Repeater1[0]<--->EndNode1[0]
REAL
   0.417202  0.00128866 -0.00197368    0.421301
 0.00128866   0.0783055   0.0458043 -0.00197368
-0.00197368   0.0458043   0.0872914 -0.00128866
   0.421301 -0.00197368 -0.00128866    0.417202
IMAGINARY
          0  -0.0228644 -0.00892985   0.0135748
  0.0228644           0  -0.0232273   0.0082676
 0.00892985   0.0232273           0  0.00498365
 -0.0135748  -0.0082676 -0.00498365           0
Repeater1[0]<--->HoM1[0]
REAL
   0.416157 0.000340232 -0.00211957    0.403373
0.000340232   0.0807834   0.0509353  0.00603602
-0.00211957   0.0509353   0.0722154  0.00227073
   0.403373  0.00603602  0.00227073    0.430845
IMAGINARY
          0 -0.00168892  0.00627121  -0.0173857
 0.00168892           0 -0.00368708  -0.0108825
-0.00627121  0.00368708           0 -0.00423994
  0.0173857   0.0108825  0.00423994           0
EndNode1[0]<--->Repeater1[0]
REAL
   0.417929 -0.00699875   -0.011319    0.402456
-0.00699875   0.0719697   0.0487009  -0.0131026
  -0.011319   0.0487009   0.0808081  -0.0148522
   0.402456  -0.0131026  -0.0148522    0.429293
IMAGINARY
          0 -0.00889241 -0.00447409   0.0234218
 0.00889241           0   0.0111936   0.0169906
 0.00447409  -0.0111936           0  -0.0102117
 -0.0234218  -0.0169906   0.0102117           0
EndNode2[0]<--->HoM1[0]
REAL
   0.395288   0.0117445   -0.017101    0.399662
  0.0117445   0.0798429   0.0371939 -0.00351756
  -0.017101   0.0371939    0.078534  -0.0130331
   0.399662 -0.00351756  -0.0130331    0.446335
IMAGINARY
          0 -0.00356902  0.00875178   0.0134561
 0.00356902           0   0.0127939  0.00538704
-0.00875178  -0.0127939           0  0.00613972
 -0.0134561 -0.00538704 -0.00613972           0
Repeater1[0]<--->EndNode1[0]
REAL
   0.417929   -0.011319 -0.00699875    0.402456
  -0.011319   0.0808081   0.0487009  -0.0148522
-0.00699875   0.0487009   0.0719697  -0.0131026
   0.402456  -0.0148522  -0.0131026    0.429293
IMAGINARY
          0 -0.00447409 -0.00889241   0.0234218
 0.00447409           0  -0.0111936  -0.0102117
 0.00889241   0.0111936           0   0.0169906
 -0.0234218   0.0102117  -0.0169906           0
Repeater1[0]<--->HoM1[0]
REAL
   0.395288   -0.017101   0.0117445    0.399662
  -0.017101    0.078534   0.0371939  -0.0130331
  0.0117445   0.0371939   0.0798429 -0.00351756
   0.399662  -0.0130331 -0.00351756    0.446335
IMAGINARY
          0  0.00875178 -0.00356902   0.0134561
-0.00875178           0  -0.0127939  0.00613972
 0.00356902   0.0127939           0  0.00538704
 -0.0134561 -0.00613972 -0.00538704           0
EndNode1[0]<--->Repeater1[0]
REAL
    0.423684    0.0111875    0.0148814     0.399115
   0.0111875    0.0644737    0.0478451  -0.00259167
   0.0148814    0.0478451    0.0921053 -0.000191365
    0.399115  -0.00259167 -0.000191365     0.419737
IMAGINARY
           0    0.0163311 -0.000865492   -0.0115969
  -0.0163311            0  -0.00225696  -0.00215748
 0.000865492   0.00225696            0   -0.0145173
   0.0115969   0.00215748    0.0145173            0
EndNode2[0]<--->HoM1[0]
REAL
    0.439055    0.0192328     0.006752     0.401366
   0.0192328    0.0708955    0.0453347    0.0224358
    0.006752    0.0453347    0.0696517 -0.000197259
    0.401366    0.0224358 -0.000197259     0.420398
IMAGINARY
          0  -0.0140737    0.032571 -0.00975037
  0.0140737           0  -0.0104057 -0.00857616
  -0.032571   0.0104057           0  -0.0086241
 0.00975037  0.00857616   0.0086241           0
Repeater1[0]<--->EndNode1[0]
REAL
    0.423684    0.0148814    0.0111875     0.399115
   0.0148814    0.0921053    0.0478451 -0.000191365
   0.0111875    0.0478451    0.0644737  -0.00259167
    0.399115 -0.000191365  -0.00259167     0.419737
IMAGINARY
           0 -0.000865492    0.0163311   -0.0115969
 0.000865492            0   0.00225696   -0.0145173
  -0.0163311  -0.00225696            0  -0.00215748
   0.0115969    0.0145173   0.00215748            0
Repeater1[0]<--->HoM1[0]
REAL
    0.439055     0.006752    0.0192328     0.401366
    0.006752    0.0696517    0.0453347 -0.000197259
   0.0192328    0.0453347    0.0708955    0.0224358
    0.401366 -0.000197259    0.0224358     0.420398
IMAGINARY
          0    0.032571  -0.0140737 -0.00975037
  -0.032571           0   0.0104057  -0.0086241
  0.0140737  -0.0104057           0 -0.00857616
 0.00975037   0.0086241  0.00857616           0
EndNode1[0]<--->Repeater1[0]
REAL
   0.459422  0.00250623   0.0143777     0.39529
 0.00250623   0.0715268   0.0603501 0.000197694
  0.0143777   0.0603501   0.0591472  0.00573204
    0.39529 0.000197694  0.00573204    0.409904
IMAGINARY
          0  -0.0157915  -0.0109117   0.0012406
  0.0157915           0  -0.0178851  0.00970687
  0.0109117   0.0178851           0   0.0182011
 -0.0012406 -0.00970687  -0.0182011           0
EndNode2[0]<--->HoM1[0]
REAL
  0.440722 -0.0084321 -0.0286599   0.403681
-0.0084321  0.0811856   0.046711 0.00255027
-0.0286599   0.046711   0.064433 -0.0150666
  0.403681 0.00255027 -0.0150666    0.41366
IMAGINARY
          0 -0.00315583 -0.00113208  0.00621221
 0.00315583           0  0.00486812 -0.00553459
 0.00113208 -0.00486812           0  0.00739826
-0.00621221  0.00553459 -0.00739826           0
Repeater1[0]<--->EndNode1[0]
REAL
   0.459422   0.0143777  0.00250623     0.39529
  0.0143777   0.0591472   0.0603501  0.00573204
 0.00250623   0.0603501   0.0715268 0.000197694
    0.39529  0.00573204 0.000197694    0.409904
IMAGINARY
          0  -0.0109117  -0.0157915   0.0012406
  0.0109117           0   0.0178851   0.0182011
  0.0157915  -0.0178851           0  0.00970687
 -0.0012406  -0.0182011 -0.00970687           0
Repeater1[0]<--->HoM1[0]
REAL
  0.440722 -0.0286599 -0.0084321   0.403681
-0.0286599   0.064433   0.046711 -0.0150666
-0.0084321   0.046711  0.0811856 0.00255027
  0.403681 -0.0150666 0.00255027    0.41366
IMAGINARY
          0 -0.00113208 -0.00315583  0.00621221
 0.00113208           0 -0.00486812  0.00739826
 0.00315583  0.00486812           0 -0.00553459
-0.00621221 -0.00739826  0.00553459           0
EndNode1[0]<--->Repeater1[0]
REAL
  0.432069 0.00534829 0.00113426    0.40083
0.00534829  0.0636475   0.047583  0.0173843
0.00113426   0.047583  0.0869033   0.019784
   0.40083  0.0173843   0.019784   0.417381
IMAGINARY
          0 -0.00423983 -0.00788841 -0.00128442
 0.00423983           0 -0.00318556   0.0026936
 0.00788841  0.00318556           0  0.00553853
 0.00128442  -0.0026936 -0.00553853           0
EndNode2[0]<--->HoM1[0]
REAL
   0.393822  -0.0159934 -0.00963987    0.409998
 -0.0159934   0.0888031   0.0443647  -0.0259306
-0.00963987   0.0443647   0.0694981  -0.0115234
   0.409998  -0.0259306  -0.0115234    0.447876
IMAGINARY
          0  0.00388096 -0.00551311  -0.0312099
-0.00388096           0  -0.0190478  -0.0061148
 0.00551311   0.0190478           0  0.00774694
  0.0312099   0.0061148 -0.00774694           0
Repeater1[0]<--->EndNode1[0]
REAL
  0.432069 0.00113426 0.00534829    0.40083
0.00113426  0.0869033   0.047583   0.019784
0.00534829   0.047583  0.0636475  0.0173843
   0.40083   0.019784  0.0173843   0.417381
IMAGINARY
          0 -0.00788841 -0.00423983 -0.00128442
 0.00788841           0  0.00318556  0.00553853
 0.00423983 -0.00318556           0   0.0026936
 0.00128442 -0.00553853  -0.0026936           0
Repeater1[0]<--->HoM1[0]
REAL
   0.393822 -0.00963987  -0.0159934    0.409998
-0.00963987   0.0694981   0.0443647  -0.0115234
 -0.0159934   0.0443647   0.0888031  -0.0259306
   0.409998  -0.0115234  -0.0259306    0.447876
IMAGINARY
          0 -0.00551311  0.00388096  -0.0312099
 0.00551311           0   0.0190478  0.00774694
-0.00388096  -0.0190478           0  -0.0061148
  0.0312099 -0.00774694   0.0061148           0
EndNode1[0]<--->Repeater1[0]
REAL
  0.418605 -0.0328645 -0.0240074   0.404292
-0.0328645  0.0813953  0.0521182  0.0163151
-0.0240074  0.0521182  0.0736434  0.0123517
  0.404292  0.0163151  0.0123517   0.426357
IMAGINARY
          0  0.00358529  0.00372441 -0.00840526
-0.00358529           0  -0.0020114  0.00310789
-0.00372441   0.0020114           0   0.0107004
 0.00840526 -0.00310789  -0.0107004           0
EndNode2[0]<--->HoM1[0]
REAL
  0.425856 -0.0120373 -0.0178094   0.400351
-0.0120373  0.0621039  0.0502189 -0.0208471
-0.0178094  0.0502189   0.086185 -0.0126775
  0.400351 -0.0208471 -0.0126775   0.425856
IMAGINARY
          0  0.00377723 -0.00284247  -0.0186916
-0.00377723           0  0.00923389  -0.0130726
 0.00284247 -0.00923389           0 -0.00775601
  0.0186916   0.0130726  0.00775601           0
Repeater1[0]<--->EndNode1[0]
REAL
  0.418605 -0.0240074 -0.0328645   0.404292
-0.0240074  0.0736434  0.0521182  0.0123517
-0.0328645  0.0521182  0.0813953  0.0163151
  0.404292  0.0123517  0.0163151   0.426357
IMAGINARY
          0  0.00372441  0.00358529 -0.00840526
-0.00372441           0   0.0020114   0.0107004
-0.00358529  -0.0020114           0  0.00310789
 0.00840526  -0.0107004 -0.00310789           0
Repeater1[0]<--->HoM1[0]
REAL
  0.425856 -0.0178094 -0.0120373   0.400351
-0.0178094   0.086185  0.0502189 -0.0126775
-0.0120373  0.0502189  0.0621039 -0.0208471
  0.400351 -0.0126775 -0.0208471   0.425856
IMAGINARY
          0 -0.00284247  0.00377723  -0.0186916
 0.00284247           0 -0.00923389 -0.00775601
-0.00377723  0.00923389           0  -0.0130726
  0.0186916  0.00775601   0.0130726           0
EndNode1[0]<--->Repeater1[0]
REAL
  0.458385 0.00471698 0.00336702   0.395881
0.00471698  0.0621118  0.0500311  0.0073248
0.00336702  0.0500311  0.0807453 0.00471698
  0.395881  0.0073248 0.00471698   0.398758
IMAGINARY
           0     0.013592  -0.00326791 -9.59053e-05
   -0.013592            0  -0.00948264   0.00656171
  0.00326791   0.00948264            0   -0.0129332
 9.59053e-05  -0.00656171    0.0129332            0
EndNode2[0]<--->HoM1[0]
REAL
   0.428221  0.00192016 -0.00963275    0.405189
 0.00192016   0.0920245   0.0491785  0.00898086
-0.00963275   0.0491785   0.0687117  -0.0116985
   0.405189  0.00898086  -0.0116985    0.411043
IMAGINARY
          0 -0.00136298   0.0106719   0.0152382
 0.00136298           0  -0.0139496 -0.00736936
 -0.0106719   0.0139496           0 -0.00590254
 -0.0152382  0.00736936  0.00590254           0
Repeater1[0]<--->EndNode1[0]
REAL
  0.458385 0.00336702 0.00471698   0.395881
0.00336702  0.0807453  0.0500311 0.00471698
0.00471698  0.0500311  0.0621118  0.0073248
  0.395881 0.00471698  0.0073248   0.398758
IMAGINARY
           0  -0.00326791     0.013592 -9.59053e-05
  0.00326791            0   0.00948264   -0.0129332
   -0.013592  -0.00948264            0   0.00656171
 9.59053e-05    0.0129332  -0.00656171            0
Repeater1[0]<--->HoM1[0]
REAL
   0.428221 -0.00963275  0.00192016    0.405189
-0.00963275   0.0687117   0.0491785  -0.0116985
 0.00192016   0.0491785   0.0920245  0.00898086
   0.405189  -0.0116985  0.00898086    0.411043
IMAGINARY
          0   0.0106719 -0.00136298   0.0152382
 -0.0106719           0   0.0139496 -0.00590254
 0.00136298  -0.0139496           0 -0.00736936
 -0.0152382  0.00590254  0.00736936           0
EndNode1[0]<--->Repeater1[0]
REAL
  0.417293 -0.0055538 0.00125716   0.392636
-0.0055538   0.066416  0.0578203 -0.0345036
0.00125716  0.0578203   0.075188 -0.0250851
  0.392636 -0.0345036 -0.0250851   0.441103
IMAGINARY
           0    0.0226196  -0.00731027   0.00155987
  -0.0226196            0  -0.00874941 -0.000948945
  0.00731027   0.00874941            0   -0.0118191
 -0.00155987  0.000948945    0.0118191            0
EndNode2[0]<--->HoM1[0]
REAL
    0.436025     0.028137 -0.000105643     0.395725
    0.028137     0.084472     0.052291    0.0103656
-0.000105643     0.052291    0.0782609    -0.020613
    0.395725    0.0103656    -0.020613     0.401242
IMAGINARY
          0   0.0045738  0.00150209  0.00392347
 -0.0045738           0  -0.0181354   0.0149121
-0.00150209   0.0181354           0  -0.0260384
-0.00392347  -0.0149121   0.0260384           0
Repeater1[0]<--->EndNode1[0]
REAL
  0.417293 0.00125716 -0.0055538   0.392636
0.00125716   0.075188  0.0578203 -0.0250851
-0.0055538  0.0578203   0.066416 -0.0345036
  0.392636 -0.0250851 -0.0345036   0.441103
IMAGINARY
           0  -0.00731027    0.0226196   0.00155987
  0.00731027            0   0.00874941   -0.0118191
  -0.0226196  -0.00874941            0 -0.000948945
 -0.00155987    0.0118191  0.000948945            0
Repeater1[0]<--->HoM1[0]
REAL
    0.436025 -0.000105643     0.028137     0.395725
-0.000105643    0.0782609     0.052291    -0.020613
    0.028137     0.052291     0.084472    0.0103656
    0.395725    -0.020613    0.0103656     0.401242
IMAGINARY
          0  0.00150209   0.0045738  0.00392347
-0.00150209           0   0.0181354  -0.0260384
 -0.0045738  -0.0181354           0   0.0149121
-0.00392347   0.0260384  -0.0149121           0
EndNode1[0]<--->Repeater1[0]
REAL
   0.427596 -0.00604447  -0.0150981    0.409117
-0.00604447   0.0601093   0.0514433  0.00619224
 -0.0150981   0.0514433   0.0669399 -0.00667818
   0.409117  0.00619224 -0.00667818    0.445355
IMAGINARY
          0  0.00539026  0.00304405   0.0104475
-0.00539026           0  0.00190616  0.00809456
-0.00304405 -0.00190616           0  -0.0301427
 -0.0104475 -0.00809456   0.0301427           0
EndNode2[0]<--->HoM1[0]
REAL
  0.431472 0.00121636  0.0183776   0.400837
0.00121636  0.0786802  0.0378052   0.010343
 0.0183776  0.0378052  0.0647208  0.0157549
  0.400837   0.010343  0.0157549   0.425127
IMAGINARY
           0    0.0182001  0.000317117    0.0257026
  -0.0182001            0    0.0100581  -0.00297669
-0.000317117   -0.0100581            0   0.00972548
  -0.0257026   0.00297669  -0.00972548            0
Repeater1[0]<--->EndNode1[0]
REAL
   0.427596  -0.0150981 -0.00604447    0.409117
 -0.0150981   0.0669399   0.0514433 -0.00667818
-0.00604447   0.0514433   0.0601093  0.00619224
   0.409117 -0.00667818  0.00619224    0.445355
IMAGINARY
          0  0.00304405  0.00539026   0.0104475
-0.00304405           0 -0.00190616  -0.0301427
-0.00539026  0.00190616           0  0.00809456
 -0.0104475   0.0301427 -0.00809456           0
Repeater1[0]<--->HoM1[0]
REAL
  0.431472  0.0183776 0.00121636   0.400837
 0.0183776  0.0647208  0.0378052  0.0157549
0.00121636  0.0378052  0.0786802   0.010343
  0.400837  0.0157549   0.010343   0.425127
IMAGINARY
           0  0.000317117    0.0182001    0.0257026
-0.000317117            0   -0.0100581   0.00972548
  -0.0182001    0.0100581            0  -0.00297669
  -0.0257026  -0.00972548   0.00297669            0
EndNode1[0]<--->Repeater1[0]
REAL
   0.400527  -0.0193402  -0.0162847    0.393297
 -0.0193402   0.0961792   0.0611893   0.0104329
 -0.0162847   0.0611893    0.083004 -0.00341663
   0.393297   0.0104329 -0.00341663     0.42029
IMAGINARY
          0   0.0110469  -0.0166893  -0.0118804
 -0.0110469           0 -0.00935513 -0.00659505
  0.0166893  0.00935513           0 -0.00124293
  0.0118804  0.00659505  0.00124293           0
EndNode2[0]<--->HoM1[0]
REAL
    0.414665    0.0110184 -0.000130899     0.400581
   0.0110184    0.0809102    0.0516159    0.0143428
-0.000130899    0.0516159    0.0884956    0.0251573
    0.400581    0.0143428    0.0251573     0.415929
IMAGINARY
           0  -0.00467355  -0.00928458  -0.00377495
  0.00467355            0   0.00442178  0.000149381
  0.00928458  -0.00442178            0 -0.000807571
  0.00377495 -0.000149381  0.000807571            0
Repeater1[0]<--->EndNode1[0]
REAL
   0.400527  -0.0162847  -0.0193402    0.393297
 -0.0162847    0.083004   0.0611893 -0.00341663
 -0.0193402   0.0611893   0.0961792   0.0104329
   0.393297 -0.00341663   0.0104329     0.42029
IMAGINARY
          0  -0.0166893   0.0110469  -0.0118804
  0.0166893           0  0.00935513 -0.00124293
 -0.0110469 -0.00935513           0 -0.00659505
  0.0118804  0.00124293  0.00659505           0
Repeater1[0]<--->HoM1[0]
REAL
    0.414665 -0.000130899    0.0110184     0.400581
-0.000130899    0.0884956    0.0516159    0.0251573
   0.0110184    0.0516159    0.0809102    0.0143428
    0.400581    0.0251573    0.0143428     0.415929
IMAGINARY
           0  -0.00928458  -0.00467355  -0.00377495
  0.00928458            0  -0.00442178 -0.000807571
  0.00467355   0.00442178            0  0.000149381
  0.00377495  0.000807571 -0.000149381            0
EndNode1[0]<--->Repeater1[0]
REAL
   0.410738   0.0103641 -0.00514113    0.412989
  0.0103641    0.085906   0.0457208   0.0161089
-0.00514113   0.0457208   0.0738255  0.00576491
   0.412989   0.0161089  0.00576491     0.42953
IMAGINARY
          0  -0.0100393  -0.0026178  0.00811632
  0.0100393           0  0.00319021   0.0026178
  0.0026178 -0.00319021           0  0.00617337
-0.00811632  -0.0026178 -0.00617337           0
EndNode2[0]<--->HoM1[0]
REAL
   0.394631  -0.0315239 -0.00117252    0.400166
 -0.0315239   0.0724832   0.0604314  -0.0273601
-0.00117252   0.0604314   0.0818792   0.0016326
   0.400166  -0.0273601   0.0016326    0.451007
IMAGINARY
           0   -0.0075975  -0.00875303  -0.00546884
   0.0075975            0    0.0169192  0.000143763
  0.00875303   -0.0169192            0    0.0201803
  0.00546884 -0.000143763   -0.0201803            0
Repeater1[0]<--->EndNode1[0]
REAL
   0.410738 -0.00514113   0.0103641    0.412989
-0.00514113   0.0738255   0.0457208  0.00576491
  0.0103641   0.0457208    0.085906   0.0161089
   0.412989  0.00576491   0.0161089     0.42953
IMAGINARY
          0  -0.0026178  -0.0100393  0.00811632
  0.0026178           0 -0.00319021  0.00617337
  0.0100393  0.00319021           0   0.0026178
-0.00811632 -0.00617337  -0.0026178           0
Repeater1[0]<--->HoM1[0]
REAL
   0.394631 -0.00117252  -0.0315239    0.400166
-0.00117252   0.0818792   0.0604314   0.0016326
 -0.0315239   0.0604314   0.0724832  -0.0273601
   0.400166   0.0016326  -0.0273601    0.451007
IMAGINARY
           0  -0.00875303   -0.0075975  -0.00546884
  0.00875303            0   -0.0169192    0.0201803
   0.0075975    0.0169192            0  0.000143763
  0.00546884   -0.0201803 -0.000143763            0
EndNode1[0]<--->Repeater1[0]
REAL
   0.410486    0.019412  0.00601839    0.404765
   0.019412   0.0703325   0.0436886 -0.00344107
 0.00601839   0.0436886   0.0767263  -0.0219893
   0.404765 -0.00344107  -0.0219893    0.442455
IMAGINARY
           0  -0.00995652    0.0152937  -0.00693753
  0.00995652            0  -0.00894557    0.0128665
  -0.0152937   0.00894557            0  0.000569791
  0.00693753   -0.0128665 -0.000569791            0
EndNode2[0]<--->HoM1[0]
REAL
    0.419897 -0.000522386   0.00407943     0.416944
-0.000522386    0.0775194    0.0463103    0.0221673
  0.00407943    0.0463103    0.0684755    0.0188951
    0.416944    0.0221673    0.0188951     0.434109
IMAGINARY
          0 -0.00971776   0.0258408 -0.00734355
 0.00971776           0 -0.00734355   0.0174968
 -0.0258408  0.00734355           0 -0.00774667
 0.00734355  -0.0174968  0.00774667           0
Repeater1[0]<--->EndNode1[0]
REAL
   0.410486  0.00601839    0.019412    0.404765
 0.00601839   0.0767263   0.0436886  -0.0219893
   0.019412   0.0436886   0.0703325 -0.00344107
   0.404765  -0.0219893 -0.00344107    0.442455
IMAGINARY
           0    0.0152937  -0.00995652  -0.00693753
  -0.0152937            0   0.00894557  0.000569791
  0.00995652  -0.00894557            0    0.0128665
  0.00693753 -0.000569791   -0.0128665            0
Repeater1[0]<--->HoM1[0]
REAL
    0.419897   0.00407943 -0.000522386     0.416944
  0.00407943    0.0684755    0.0463103    0.0188951
-0.000522386    0.0463103    0.0775194    0.0221673
    0.416944    0.0188951    0.0221673     0.434109
IMAGINARY
          0   0.0258408 -0.00971776 -0.00734355
 -0.0258408           0  0.00734355 -0.00774667
 0.00971776 -0.00734355           0   0.0174968
 0.00734355  0.00774667  -0.0174968           0
EndNode1[0]<--->Repeater1[0]
REAL
  0.414975  0.0129482 -0.0167552   0.392505
 0.0129482  0.0824873  0.0482842  0.0128078
-0.0167552  0.0482842  0.0685279 -0.0129482
  0.392505  0.0128078 -0.0129482    0.43401
IMAGINARY
          0  0.00818968  -0.0143243 -0.00392612
-0.00818968           0  -0.0153765  0.00176149
  0.0143243   0.0153765           0  0.00186057
 0.00392612 -0.00176149 -0.00186057           0
EndNode2[0]<--->HoM1[0]
REAL
   0.417755 -0.00132614   0.0110063    0.399583
-0.00132614   0.0718016   0.0416669  -0.0022563
  0.0110063   0.0416669   0.0770235  0.00882614
   0.399583  -0.0022563  0.00882614     0.43342
IMAGINARY
           0  -0.00750729   0.00249768    0.0133386
  0.00750729            0   -0.0146614 -0.000467915
 -0.00249768    0.0146614            0  -0.00128838
  -0.0133386  0.000467915   0.00128838            0
Repeater1[0]<--->EndNode1[0]
REAL
  0.414975 -0.0167552  0.0129482   0.392505
-0.0167552  0.0685279  0.0482842 -0.0129482
 0.0129482  0.0482842  0.0824873  0.0128078
  0.392505 -0.0129482  0.0128078    0.43401
IMAGINARY
          0  -0.0143243  0.00818968 -0.00392612
  0.0143243           0   0.0153765  0.00186057
-0.00818968  -0.0153765           0  0.00176149
 0.00392612 -0.00186057 -0.00176149           0
Repeater1[0]<--->HoM1[0]
REAL
   0.417755   0.0110063 -0.00132614    0.399583
  0.0110063   0.0770235   0.0416669  0.00882614
-0.00132614   0.0416669   0.0718016  -0.0022563
   0.399583  0.00882614  -0.0022563     0.43342
IMAGINARY
           0   0.00249768  -0.00750729    0.0133386
 -0.00249768            0    0.0146614  -0.00128838
  0.00750729   -0.0146614            0 -0.000467915
  -0.0133386   0.00128838  0.000467915            0
EndNode1[0]<--->Repeater1[0]
REAL
   0.414787  -0.0166033 0.000310872    0.409308
 -0.0166033   0.0639098   0.0431373 -0.00574566
0.000310872   0.0431373   0.0588972   0.0233967
   0.409308 -0.00574566   0.0233967    0.462406
IMAGINARY
           0    0.0156551   0.00830862  -0.00509354
  -0.0156551            0   -0.0229964  0.000985056
 -0.00830862    0.0229964            0   -0.0150355
  0.00509354 -0.000985056    0.0150355            0
EndNode2[0]<--->HoM1[0]
REAL
   0.406579 0.000142833   0.0151029    0.384974
0.000142833   0.0697368   0.0491345  0.00169295
  0.0151029   0.0491345   0.0736842   0.0101931
   0.384974  0.00169295   0.0101931        0.45
IMAGINARY
          0   0.0110196  0.00232688 -0.00391642
 -0.0110196           0 -0.00586194    0.015217
-0.00232688  0.00586194           0   -0.014779
 0.00391642   -0.015217    0.014779           0
Repeater1[0]<--->EndNode1[0]
REAL
   0.414787 0.000310872  -0.0166033    0.409308
0.000310872   0.0588972   0.0431373   0.0233967
 -0.0166033   0.0431373   0.0639098 -0.00574566
   0.409308   0.0233967 -0.00574566    0.462406
IMAGINARY
           0   0.00830862    0.0156551  -0.00509354
 -0.00830862            0    0.0229964   -0.0150355
  -0.0156551   -0.0229964            0  0.000985056
  0.00509354    0.0150355 -0.000985056            0
Repeater1[0]<--->HoM1[0]
REAL
   0.406579   0.0151029 0.000142833    0.384974
  0.0151029   0.0736842   0.0491345   0.0101931
0.000142833   0.0491345   0.0697368  0.00169295
   0.384974   0.0101931  0.00169295        0.45
IMAGINARY
          0  0.00232688   0.0110196 -0.00391642
-0.00232688           0  0.00586194   -0.014779
 -0.0110196 -0.00586194           0    0.015217
 0.00391642    0.014779   -0.015217           0
EndNode1[0]<--->Repeater1[0]
REAL
   0.413127  -0.0073498 -0.00659824    0.395664
 -0.0073498   0.0527671   0.0586368 -0.00281036
-0.00659824   0.0586368   0.0759331  -0.0020588
   0.395664 -0.00281036  -0.0020588    0.458172
IMAGINARY
           0  0.000629611   -0.0151752   -0.0108124
-0.000629611            0   -0.0265193   -0.0258939
   0.0151752    0.0265193            0    0.0208828
   0.0108124    0.0258939   -0.0208828            0
EndNode2[0]<--->HoM1[0]
REAL
   0.410165  0.00371205   0.0350332      0.4046
 0.00371205   0.0673759   0.0527939 -0.00119865
  0.0350332   0.0527939   0.0744681   0.0226037
     0.4046 -0.00119865   0.0226037    0.447991
IMAGINARY
          0   0.0346044  -0.0271524  0.00431721
 -0.0346044           0  -0.0271334 -0.00958483
  0.0271524   0.0271334           0   0.0058688
-0.00431721  0.00958483  -0.0058688           0
Repeater1[0]<--->EndNode1[0]
REAL
   0.413127 -0.00659824  -0.0073498    0.395664
-0.00659824   0.0759331   0.0586368  -0.0020588
 -0.0073498   0.0586368   0.0527671 -0.00281036
   0.395664  -0.0020588 -0.00281036    0.458172
IMAGINARY
           0   -0.0151752  0.000629611   -0.0108124
   0.0151752            0    0.0265193    0.0208828
-0.000629611   -0.0265193            0   -0.0258939
   0.0108124   -0.0208828    0.0258939            0
Repeater1[0]<--->HoM1[0]
REAL
   0.410165   0.0350332  0.00371205      0.4046
  0.0350332   0.0744681   0.0527939   0.0226037
 0.00371205   0.0527939   0.0673759 -0.00119865
     0.4046   0.0226037 -0.00119865    0.447991
IMAGINARY
          0  -0.0271524   0.0346044  0.00431721
  0.0271524           0   0.0271334   0.0058688
 -0.0346044  -0.0271334           0 -0.00958483
-0.00431721  -0.0058688  0.00958483           0
EndNode1[0]<--->Repeater1[0]
REAL
   0.414795  0.00654735   0.0335745    0.404777
 0.00654735   0.0607662    0.048367 -0.00336485
  0.0335745    0.048367   0.0805812   0.0236623
   0.404777 -0.00336485   0.0236623    0.443857
IMAGINARY
          0  0.00564516  0.00199055 -0.00943398
-0.00564516           0   0.0153318  -0.0032726
-0.00199055  -0.0153318           0 -0.00179901
 0.00943398   0.0032726  0.00179901           0
EndNode2[0]<--->HoM1[0]
REAL
   0.426564  0.00502008 -0.00113745    0.401369
 0.00502008   0.0689655   0.0468237   0.0216194
-0.00113745   0.0468237   0.0676884  0.00702811
   0.401369   0.0216194  0.00702811    0.436782
IMAGINARY
          0  -0.0210798 -0.00763915 -0.00439956
  0.0210798           0  0.00984915 -0.00508813
 0.00763915 -0.00984915           0   0.0119889
 0.00439956  0.00508813  -0.0119889           0
Repeater1[0]<--->EndNode1[0]
REAL
   0.414795   0.0335745  0.00654735    0.404777
  0.0335745   0.0805812    0.048367   0.0236623
 0.00654735    0.048367   0.0607662 -0.00336485
   0.404777   0.0236623 -0.00336485    0.443857
IMAGINARY
          0  0.00199055  0.00564516 -0.00943398
-0.00199055           0  -0.0153318 -0.00179901
-0.00564516   0.0153318           0  -0.0032726
 0.00943398  0.00179901   0.0032726           0
Repeater1[0]<--->HoM1[0]
REAL
   0.426564 -0.00113745  0.00502008    0.401369
-0.00113745   0.0676884   0.0468237  0.00702811
 0.00502008   0.0468237   0.0689655   0.0216194
   0.401369  0.00702811   0.0216194    0.436782
IMAGINARY
          0 -0.00763915  -0.0210798 -0.00439956
 0.00763915           0 -0.00984915   0.0119889
  0.0210798  0.00984915           0 -0.00508813
 0.00439956  -0.0119889  0.00508813           0
EndNode1[0]<--->Repeater1[0]
REAL
   0.426534  -0.0109361 -0.00159642    0.420893
 -0.0109361   0.0841655   0.0408413  0.00159642
-0.00159642   0.0408413   0.0613409  0.00583407
   0.420893  0.00159642  0.00583407     0.42796
IMAGINARY
          0 -0.00357525  -0.0144172  -0.0136876
 0.00357525           0   0.0228675  -0.0110065
  0.0144172  -0.0228675           0    0.010746
  0.0136876   0.0110065   -0.010746           0
EndNode2[0]<--->HoM1[0]
REAL
  0.416667 0.00603905  0.0113999   0.403137
0.00603905  0.0772947  0.0503516 0.00159599
 0.0113999  0.0503516  0.0567633 0.00422087
  0.403137 0.00159599 0.00422087   0.449275
IMAGINARY
          0 -0.00153872  -0.0153062 -0.00814176
 0.00153872           0  -0.0011175   -0.011219
  0.0153062   0.0011175           0  0.00817002
 0.00814176    0.011219 -0.00817002           0
Repeater1[0]<--->EndNode1[0]
REAL
   0.426534 -0.00159642  -0.0109361    0.420893
-0.00159642   0.0613409   0.0408413  0.00583407
 -0.0109361   0.0408413   0.0841655  0.00159642
   0.420893  0.00583407  0.00159642     0.42796
IMAGINARY
          0  -0.0144172 -0.00357525  -0.0136876
  0.0144172           0  -0.0228675    0.010746
 0.00357525   0.0228675           0  -0.0110065
  0.0136876   -0.010746   0.0110065           0
Repeater1[0]<--->HoM1[0]
REAL
  0.416667  0.0113999 0.00603905   0.403137
 0.0113999  0.0567633  0.0503516 0.00422087
0.00603905  0.0503516  0.0772947 0.00159599
  0.403137 0.00422087 0.00159599   0.449275
IMAGINARY
          0  -0.0153062 -0.00153872 -0.00814176
  0.0153062           0   0.0011175  0.00817002
 0.00153872  -0.0011175           0   -0.011219
 0.00814176 -0.00817002    0.011219           0
EndNode1[0]<--->Repeater1[0]
REAL
   0.449328  -0.0348689  -0.0113691    0.403317
 -0.0348689   0.0903541   0.0480542  -0.0272842
 -0.0113691   0.0480542   0.0732601 -0.00752513
   0.403317  -0.0272842 -0.00752513    0.387057
IMAGINARY
          0   0.0142723  0.00973959 -0.00731362
 -0.0142723           0  0.00599436  -0.0228975
-0.00973959 -0.00599436           0  0.00151719
 0.00731362   0.0228975 -0.00151719           0
EndNode2[0]<--->HoM1[0]
REAL
   0.438903   0.0100174  0.00897436    0.401285
  0.0100174   0.0810474   0.0435873  -0.0025641
 0.00897436   0.0435873   0.0673317 0.000239027
   0.401285  -0.0025641 0.000239027    0.412718
IMAGINARY
          0 -0.00748393  0.00877759  -0.0130938
 0.00748393           0  0.00209771   0.0151551
-0.00877759 -0.00209771           0  -0.0138615
  0.0130938  -0.0151551   0.0138615           0
Repeater1[0]<--->EndNode1[0]
REAL
   0.449328  -0.0113691  -0.0348689    0.403317
 -0.0113691   0.0732601   0.0480542 -0.00752513
 -0.0348689   0.0480542   0.0903541  -0.0272842
   0.403317 -0.00752513  -0.0272842    0.387057
IMAGINARY
          0  0.00973959   0.0142723 -0.00731362
-0.00973959           0 -0.00599436  0.00151719
 -0.0142723  0.00599436           0  -0.0228975
 0.00731362 -0.00151719   0.0228975           0
Repeater1[0]<--->HoM1[0]
REAL
   0.438903  0.00897436   0.0100174    0.401285
 0.00897436   0.0673317   0.0435873 0.000239027
  0.0100174   0.0435873   0.0810474  -0.0025641
   0.401285 0.000239027  -0.0025641    0.412718
IMAGINARY
          0  0.00877759 -0.00748393  -0.0130938
-0.00877759           0 -0.00209771  -0.0138615
 0.00748393  0.00209771           0   0.0151551
  0.0130938   0.0138615  -0.0151551           0
EndNode1[0]<--->Repeater1[0]
REAL
   0.410359 -0.00494828   0.0123185    0.404877
-0.00494828   0.0743692   0.0480641  0.00140703
  0.0123185   0.0480641   0.0849934   0.0186738
   0.404877  0.00140703   0.0186738    0.430279
IMAGINARY
          0  0.00691473 -0.00436719  0.00794143
-0.00691473           0 -0.00462138  -0.0187275
 0.00436719  0.00462138           0 -0.00229579
-0.00794143   0.0187275  0.00229579           0
EndNode2[0]<--->HoM1[0]
REAL
   0.428397  0.00235532 -0.00399661    0.399015
 0.00235532   0.0758874   0.0552248   0.0167826
-0.00399661   0.0552248   0.0648715  0.00235532
   0.399015   0.0167826  0.00235532    0.430845
IMAGINARY
          0  -0.0400456   0.0106379  0.00114341
  0.0400456           0  0.00502942   0.0207321
 -0.0106379 -0.00502942           0   0.0112364
-0.00114341  -0.0207321  -0.0112364           0
Repeater1[0]<--->EndNode1[0]
REAL
   0.410359   0.0123185 -0.00494828    0.404877
  0.0123185   0.0849934   0.0480641   0.0186738
-0.00494828   0.0480641   0.0743692  0.00140703
   0.404877   0.0186738  0.00140703    0.430279
IMAGINARY
          0 -0.00436719  0.00691473  0.00794143
 0.00436719           0  0.00462138 -0.00229579
-0.00691473 -0.00462138           0  -0.0187275
-0.00794143  0.00229579   0.0187275           0
Repeater1[0]<--->HoM1[0]
REAL
   0.428397 -0.00399661  0.00235532    0.399015
-0.00399661   0.0648715   0.0552248  0.00235532
 0.00235532   0.0552248   0.0758874   0.0167826
   0.399015  0.00235532   0.0167826    0.430845
IMAGINARY
          0   0.0106379  -0.0400456  0.00114341
 -0.0106379           0 -0.00502942   0.0112364
  0.0400456  0.00502942           0   0.0207321
-0.00114341  -0.0112364  -0.0207321           0
EndNode1[0]<--->Repeater1[0]
REAL
   0.422655 -0.00708763 -0.00748487    0.395564
-0.00708763   0.0779537   0.0490234 -0.00282441
-0.00748487   0.0490234   0.0633374 -0.00708763
   0.395564 -0.00282441 -0.00708763    0.436054
IMAGINARY
          0 -0.00693755 -0.00356366 -0.00162908
 0.00693755           0   0.0230768 -0.00083886
 0.00356366  -0.0230768           0    -0.00627
 0.00162908  0.00083886     0.00627           0
EndNode2[0]<--->HoM1[0]
REAL
   0.442602  0.00663364 -0.00778482    0.398685
 0.00663364   0.0701531   0.0437429   0.0121653
-0.00778482   0.0437429   0.0803571  0.00525623
   0.398685   0.0121653  0.00525623    0.406888
IMAGINARY
          0  -0.0128863  0.00136868 -0.00174072
  0.0128863           0  -0.0247793   0.0108264
-0.00136868   0.0247793           0  -0.0108621
 0.00174072  -0.0108264   0.0108621           0
Repeater1[0]<--->EndNode1[0]
REAL
   0.422655 -0.00748487 -0.00708763    0.395564
-0.00748487   0.0633374   0.0490234 -0.00708763
-0.00708763   0.0490234   0.0779537 -0.00282441
   0.395564 -0.00708763 -0.00282441    0.436054
IMAGINARY
          0 -0.00356366 -0.00693755 -0.00162908
 0.00356366           0  -0.0230768    -0.00627
 0.00693755   0.0230768           0 -0.00083886
 0.00162908     0.00627  0.00083886           0
Repeater1[0]<--->HoM1[0]
REAL
   0.442602 -0.00778482  0.00663364    0.398685
-0.00778482   0.0803571   0.0437429  0.00525623
 0.00663364   0.0437429   0.0701531   0.0121653
   0.398685  0.00525623   0.0121653    0.406888
IMAGINARY
          0  0.00136868  -0.0128863 -0.00174072
-0.00136868           0   0.0247793  -0.0108621
  0.0128863  -0.0247793           0   0.0108264
 0.00174072   0.0108621  -0.0108264           0
EndNode1[0]<--->Repeater1[0]
REAL
   0.414449  0.00339423 -0.00655223    0.402573
 0.00339423   0.0684411   0.0445168 -0.00138427
-0.00655223   0.0445168   0.0899873 -0.00603973
   0.402573 -0.00138427 -0.00603973    0.427123
IMAGINARY
           0  -0.00351867    0.0111905  -0.00716291
  0.00351867            0 -0.000752655    0.0131062
  -0.0111905  0.000752655            0  -0.00671151
  0.00716291   -0.0131062   0.00671151            0
EndNode2[0]<--->HoM1[0]
REAL
   0.421995  0.00592163  0.00914379    0.394521
 0.00592163   0.0856777   0.0404671 -0.00086956
 0.00914379   0.0404671   0.0805627  -0.0011935
   0.394521 -0.00086956  -0.0011935    0.411765
IMAGINARY
           0   0.00746378  -0.00804342   -0.0284047
 -0.00746378            0   -0.0106382 -6.46924e-05
  0.00804342    0.0106382            0   0.00875244
   0.0284047  6.46924e-05  -0.00875244            0
Repeater1[0]<--->EndNode1[0]
REAL
   0.414449 -0.00655223  0.00339423    0.402573
-0.00655223   0.0899873   0.0445168 -0.00603973
 0.00339423   0.0445168   0.0684411 -0.00138427
   0.402573 -0.00603973 -0.00138427    0.427123
IMAGINARY
           0    0.0111905  -0.00351867  -0.00716291
  -0.0111905            0  0.000752655  -0.00671151
  0.00351867 -0.000752655            0    0.0131062
  0.00716291   0.00671151   -0.0131062            0
Repeater1[0]<--->HoM1[0]
REAL
   0.421995  0.00914379  0.00592163    0.394521
 0.00914379   0.0805627   0.0404671  -0.0011935
 0.00592163   0.0404671   0.0856777 -0.00086956
   0.394521  -0.0011935 -0.00086956    0.411765
IMAGINARY
           0  -0.00804342   0.00746378   -0.0284047
  0.00804342            0    0.0106382   0.00875244
 -0.00746378   -0.0106382            0 -6.46924e-05
   0.0284047  -0.00875244  6.46924e-05            0
EndNode1[0]<--->Repeater1[0]
REAL
   0.414358 -0.00628318  0.00635754    0.396238
-0.00628318    0.070529   0.0543949   -0.010155
 0.00635754   0.0543949   0.0680101   0.0138781
   0.396238   -0.010155   0.0138781    0.447103
IMAGINARY
          0 -0.00830005 -0.00364889   0.0304334
 0.00830005           0   0.0163015  0.00800755
 0.00364889  -0.0163015           0  0.00269607
 -0.0304334 -0.00800755 -0.00269607           0
EndNode2[0]<--->HoM1[0]
REAL
