EndNode1[0]<--->Repeater1[0]
REAL
   0.279846 -0.00500461   0.0123658    0.137477
-0.00500461    0.202824   0.0833903  -0.0110108
  0.0123658   0.0833903    0.214377 -0.00177046
   0.137477  -0.0110108 -0.00177046    0.302953
IMAGINARY
          0  0.00521867   0.0183222  -0.0183625
-0.00521867           0  -0.0170705  -0.0099087
 -0.0183222   0.0170705           0  0.00199287
  0.0183625   0.0099087 -0.00199287           0
EndNode2[0]<--->HoM1[0]
REAL
   0.334177   0.0115075  0.00912396    0.153542
  0.0115075    0.210127   0.0631031  -0.0186538
 0.00912396   0.0631031     0.18481 -0.00706019
   0.153542  -0.0186538 -0.00706019    0.270886
IMAGINARY
           0    0.0271088   -0.0100615   0.00529052
  -0.0271088            0  0.000831925  -0.00156638
   0.0100615 -0.000831925            0  -0.00385299
 -0.00529052   0.00156638   0.00385299            0
Repeater1[0]<--->EndNode1[0]
REAL
   0.279846   0.0123658 -0.00500461    0.137477
  0.0123658    0.214377   0.0833903 -0.00177046
-0.00500461   0.0833903    0.202824  -0.0110108
   0.137477 -0.00177046  -0.0110108    0.302953
IMAGINARY
          0   0.0183222  0.00521867  -0.0183625
 -0.0183222           0   0.0170705  0.00199287
-0.00521867  -0.0170705           0  -0.0099087
  0.0183625 -0.00199287   0.0099087           0
Repeater1[0]<--->HoM1[0]
REAL
   0.334177  0.00912396   0.0115075    0.153542
 0.00912396     0.18481   0.0631031 -0.00706019
  0.0115075   0.0631031    0.210127  -0.0186538
   0.153542 -0.00706019  -0.0186538    0.270886
IMAGINARY
           0   -0.0100615    0.0271088   0.00529052
   0.0100615            0 -0.000831925  -0.00385299
  -0.0271088  0.000831925            0  -0.00156638
 -0.00529052   0.00385299   0.00156638            0
EndNode1[0]<--->Repeater1[0]
REAL
   0.302122   0.0125343   0.0149127    0.149985
  0.0125343    0.203496   0.0520875   0.0161754
  0.0149127   0.0520875    0.204744 -0.00217159
   0.149985   0.0161754 -0.00217159    0.289638
IMAGINARY
          0 -0.00722647  0.00726565   -0.012331
 0.00722647           0  0.00055905 -0.00792268
-0.00726565 -0.00055905           0 -0.00788523
   0.012331  0.00792268  0.00788523           0
EndNode2[0]<--->HoM1[0]
REAL
    0.29805 -0.00969927  -0.0289673    0.129523
-0.00969927    0.232591   0.0704774  0.00133573
 -0.0289673   0.0704774    0.215877   0.0057519
   0.129523  0.00133573   0.0057519    0.253482
IMAGINARY
          0  0.00133449  -0.0161201 -0.00854055
-0.00133449           0   0.0141867 -0.00523665
  0.0161201  -0.0141867           0  -0.0138973
 0.00854055  0.00523665   0.0138973           0
Repeater1[0]<--->EndNode1[0]
REAL
   0.302122   0.0149127   0.0125343    0.149985
  0.0149127    0.204744   0.0520875 -0.00217159
  0.0125343   0.0520875    0.203496   0.0161754
   0.149985 -0.00217159   0.0161754    0.289638
IMAGINARY
          0  0.00726565 -0.00722647   -0.012331
-0.00726565           0 -0.00055905 -0.00788523
 0.00722647  0.00055905           0 -0.00792268
   0.012331  0.00788523  0.00792268           0
Repeater1[0]<--->HoM1[0]
REAL
    0.29805  -0.0289673 -0.00969927    0.129523
 -0.0289673    0.215877   0.0704774   0.0057519
-0.00969927   0.0704774    0.232591  0.00133573
   0.129523   0.0057519  0.00133573    0.253482
IMAGINARY
          0  -0.0161201  0.00133449 -0.00854055
  0.0161201           0  -0.0141867  -0.0138973
-0.00133449   0.0141867           0 -0.00523665
 0.00854055   0.0138973  0.00523665           0
EndNode1[0]<--->Repeater1[0]
REAL
   0.268531 -0.00278801 0.000282326     0.14284
-0.00278801    0.216783     0.05157  -0.0095991
0.000282326     0.05157    0.227972 -0.00404429
    0.14284  -0.0095991 -0.00404429    0.286713
IMAGINARY
          0   0.0039508  0.00145095  0.00172147
 -0.0039508           0  0.00794037   0.0316178
-0.00145095 -0.00794037           0 -0.00924181
-0.00172147  -0.0316178  0.00924181           0
EndNode2[0]<--->HoM1[0]
REAL
    0.291615    0.0202566 -0.000588542     0.155342
   0.0202566     0.204005     0.081637  -0.00592187
-0.000588542     0.081637     0.211514   0.00187886
    0.155342  -0.00592187   0.00187886     0.292866
IMAGINARY
          0 -0.00710927   0.0121266  -0.0109637
 0.00710927           0 -0.00126124  -0.0247428
 -0.0121266  0.00126124           0  0.00511724
  0.0109637   0.0247428 -0.00511724           0
Repeater1[0]<--->EndNode1[0]
REAL
   0.268531 0.000282326 -0.00278801     0.14284
0.000282326    0.227972     0.05157 -0.00404429
-0.00278801     0.05157    0.216783  -0.0095991
    0.14284 -0.00404429  -0.0095991    0.286713
IMAGINARY
          0  0.00145095   0.0039508  0.00172147
-0.00145095           0 -0.00794037 -0.00924181
 -0.0039508  0.00794037           0   0.0316178
-0.00172147  0.00924181  -0.0316178           0
Repeater1[0]<--->HoM1[0]
REAL
    0.291615 -0.000588542    0.0202566     0.155342
-0.000588542     0.211514     0.081637   0.00187886
   0.0202566     0.081637     0.204005  -0.00592187
    0.155342   0.00187886  -0.00592187     0.292866
IMAGINARY
          0   0.0121266 -0.00710927  -0.0109637
 -0.0121266           0  0.00126124  0.00511724
 0.00710927 -0.00126124           0  -0.0247428
  0.0109637 -0.00511724   0.0247428           0
EndNode1[0]<--->Repeater1[0]
REAL
    0.30552 -0.00511448 -0.00270743    0.133646
-0.00511448    0.200257   0.0431458   0.0057451
-0.00270743   0.0431458    0.197689 -0.00156838
   0.133646   0.0057451 -0.00156838    0.296534
IMAGINARY
           0  -0.00256493   0.00224062    0.0109036
  0.00256493            0    0.0243445    0.0099545
 -0.00224062   -0.0243445            0 -0.000644314
  -0.0109036   -0.0099545  0.000644314            0
EndNode2[0]<--->HoM1[0]
REAL
   0.327889 -0.00422537  -0.0136105    0.139133
-0.00422537    0.189698   0.0678983  -0.0111291
 -0.0136105   0.0678983    0.214824  -0.0061913
   0.139133  -0.0111291  -0.0061913    0.267588
IMAGINARY
          0   0.0213257   0.0149895 -0.00236399
 -0.0213257           0   -0.010136  -0.0292365
 -0.0149895    0.010136           0   0.0119171
 0.00236399   0.0292365  -0.0119171           0
Repeater1[0]<--->EndNode1[0]
REAL
    0.30552 -0.00270743 -0.00511448    0.133646
-0.00270743    0.197689   0.0431458 -0.00156838
-0.00511448   0.0431458    0.200257   0.0057451
   0.133646 -0.00156838   0.0057451    0.296534
IMAGINARY
           0   0.00224062  -0.00256493    0.0109036
 -0.00224062            0   -0.0243445 -0.000644314
  0.00256493    0.0243445            0    0.0099545
  -0.0109036  0.000644314   -0.0099545            0
Repeater1[0]<--->HoM1[0]
REAL
   0.327889  -0.0136105 -0.00422537    0.139133
 -0.0136105    0.214824   0.0678983  -0.0061913
-0.00422537   0.0678983    0.189698  -0.0111291
   0.139133  -0.0061913  -0.0111291    0.267588
IMAGINARY
          0   0.0149895   0.0213257 -0.00236399
 -0.0149895           0    0.010136   0.0119171
 -0.0213257   -0.010136           0  -0.0292365
 0.00236399  -0.0119171   0.0292365           0
EndNode1[0]<--->Repeater1[0]
REAL
   0.305412  -0.0088818 -0.00747474    0.159524
 -0.0088818     0.20232   0.0585263  0.00154588
-0.00747474   0.0585263    0.184278  -0.0102223
   0.159524  0.00154588  -0.0102223     0.30799
IMAGINARY
          0  0.00992324  0.00708373  0.00335223
-0.00992324           0  0.00523429  -0.0020962
-0.00708373 -0.00523429           0   0.0125206
-0.00335223   0.0020962  -0.0125206           0
EndNode2[0]<--->HoM1[0]
REAL
   0.272727 -0.00571429  -0.0103629    0.132923
-0.00571429    0.206725    0.084577  -0.0071371
 -0.0103629    0.084577    0.215442  0.00321429
   0.132923  -0.0071371  0.00321429    0.305106
IMAGINARY
          0  -0.0128753 -0.00771731   0.0182921
  0.0128753           0 -0.00508454  0.00517278
 0.00771731  0.00508454           0 -0.00620865
 -0.0182921 -0.00517278  0.00620865           0
Repeater1[0]<--->EndNode1[0]
REAL
   0.305412 -0.00747474  -0.0088818    0.159524
-0.00747474    0.184278   0.0585263  -0.0102223
 -0.0088818   0.0585263     0.20232  0.00154588
   0.159524  -0.0102223  0.00154588     0.30799
IMAGINARY
          0  0.00708373  0.00992324  0.00335223
-0.00708373           0 -0.00523429   0.0125206
-0.00992324  0.00523429           0  -0.0020962
-0.00335223  -0.0125206   0.0020962           0
Repeater1[0]<--->HoM1[0]
REAL
   0.272727  -0.0103629 -0.00571429    0.132923
 -0.0103629    0.215442    0.084577  0.00321429
-0.00571429    0.084577    0.206725  -0.0071371
   0.132923  0.00321429  -0.0071371    0.305106
IMAGINARY
          0 -0.00771731  -0.0128753   0.0182921
 0.00771731           0  0.00508454 -0.00620865
  0.0128753 -0.00508454           0  0.00517278
 -0.0182921  0.00620865 -0.00517278           0
EndNode1[0]<--->Repeater1[0]
REAL
   0.287425 -0.00832759   0.0123043    0.178097
-0.00832759    0.210778   0.0532656 -0.00587754
  0.0123043   0.0532656    0.190419    0.013469
   0.178097 -0.00587754    0.013469    0.311377
IMAGINARY
          0 -0.00895619  0.00540082   0.0138415
 0.00895619           0   0.0132204  0.00607016
-0.00540082  -0.0132204           0  0.00558237
 -0.0138415 -0.00607016 -0.00558237           0
EndNode2[0]<--->HoM1[0]
REAL
       0.27 -0.00277336  0.00496051    0.146596
-0.00277336        0.22   0.0740672   0.0090701
 0.00496051   0.0740672        0.21 -0.00998174
   0.146596   0.0090701 -0.00998174         0.3
IMAGINARY
           0    0.0061206  -0.00813564    -0.018539
  -0.0061206            0 -0.000615598    0.0113449
  0.00813564  0.000615598            0   0.00735822
    0.018539   -0.0113449  -0.00735822            0
Repeater1[0]<--->EndNode1[0]
REAL
   0.287425   0.0123043 -0.00832759    0.178097
  0.0123043    0.190419   0.0532656    0.013469
-0.00832759   0.0532656    0.210778 -0.00587754
   0.178097    0.013469 -0.00587754    0.311377
IMAGINARY
          0  0.00540082 -0.00895619   0.0138415
-0.00540082           0  -0.0132204  0.00558237
 0.00895619   0.0132204           0  0.00607016
 -0.0138415 -0.00558237 -0.00607016           0
Repeater1[0]<--->HoM1[0]
REAL
       0.27  0.00496051 -0.00277336    0.146596
 0.00496051        0.21   0.0740672 -0.00998174
-0.00277336   0.0740672        0.22   0.0090701
   0.146596 -0.00998174   0.0090701         0.3
IMAGINARY
           0  -0.00813564    0.0061206    -0.018539
  0.00813564            0  0.000615598   0.00735822
  -0.0061206 -0.000615598            0    0.0113449
    0.018539  -0.00735822   -0.0113449            0
EndNode1[0]<--->Repeater1[0]
REAL
 0.294955 0.0171244 0.0132465  0.135413
0.0171244  0.194049 0.0659337 0.0069493
0.0132465 0.0659337  0.199224 0.0397911
 0.135413 0.0069493 0.0397911  0.311772
IMAGINARY
          0 -0.00339183  0.00565581 -0.00391993
 0.00339183           0  -0.0144528   0.0179174
-0.00565581   0.0144528           0 -0.00405234
 0.00391993  -0.0179174  0.00405234           0
EndNode2[0]<--->HoM1[0]
REAL
  0.275418 -0.0144335 0.00566708   0.120572
-0.0144335   0.212355  0.0604172   -0.01999
0.00566708  0.0604172   0.212355   0.022246
  0.120572   -0.01999   0.022246   0.299871
IMAGINARY
          0 -0.00451696  0.00124397   0.0264777
 0.00451696           0  0.00224297  -0.0083591
-0.00124397 -0.00224297           0  0.00387013
 -0.0264777   0.0083591 -0.00387013           0
Repeater1[0]<--->EndNode1[0]
REAL
 0.294955 0.0132465 0.0171244  0.135413
0.0132465  0.199224 0.0659337 0.0397911
0.0171244 0.0659337  0.194049 0.0069493
 0.135413 0.0397911 0.0069493  0.311772
IMAGINARY
          0  0.00565581 -0.00339183 -0.00391993
-0.00565581           0   0.0144528 -0.00405234
 0.00339183  -0.0144528           0   0.0179174
 0.00391993  0.00405234  -0.0179174           0
Repeater1[0]<--->HoM1[0]
REAL
  0.275418 0.00566708 -0.0144335   0.120572
0.00566708   0.212355  0.0604172   0.022246
-0.0144335  0.0604172   0.212355   -0.01999
  0.120572   0.022246   -0.01999   0.299871
IMAGINARY
          0  0.00124397 -0.00451696   0.0264777
-0.00124397           0 -0.00224297  0.00387013
 0.00451696  0.00224297           0  -0.0083591
 -0.0264777 -0.00387013   0.0083591           0
EndNode1[0]<--->Repeater1[0]
REAL
   0.280959   -0.000255 -0.00442533    0.142706
  -0.000255    0.201065    0.042972   0.0075939
-0.00442533    0.042972    0.210386  -0.0168553
   0.142706   0.0075939  -0.0168553     0.30759
IMAGINARY
          0 -0.00226607 -0.00117434   0.0118801
 0.00226607           0  0.00875902   0.0197914
 0.00117434 -0.00875902           0  -0.0150212
 -0.0118801  -0.0197914   0.0150212           0
EndNode2[0]<--->HoM1[0]
REAL
   0.316327  -0.0100836  0.00856985    0.136387
 -0.0100836    0.202806   0.0596129 -0.00456985
 0.00856985   0.0596129    0.188776  -0.0179164
   0.136387 -0.00456985  -0.0179164    0.292092
IMAGINARY
           0   -0.0169114  -0.00924812  -0.00516192
   0.0169114            0   0.00854487    0.0163449
  0.00924812  -0.00854487            0 -0.000507976
  0.00516192   -0.0163449  0.000507976            0
Repeater1[0]<--->EndNode1[0]
REAL
   0.280959 -0.00442533   -0.000255    0.142706
-0.00442533    0.210386    0.042972  -0.0168553
  -0.000255    0.042972    0.201065   0.0075939
   0.142706  -0.0168553   0.0075939     0.30759
IMAGINARY
          0 -0.00117434 -0.00226607   0.0118801
 0.00117434           0 -0.00875902  -0.0150212
 0.00226607  0.00875902           0   0.0197914
 -0.0118801   0.0150212  -0.0197914           0
Repeater1[0]<--->HoM1[0]
REAL
   0.316327  0.00856985  -0.0100836    0.136387
 0.00856985    0.188776   0.0596129  -0.0179164
 -0.0100836   0.0596129    0.202806 -0.00456985
   0.136387  -0.0179164 -0.00456985    0.292092
IMAGINARY
           0  -0.00924812   -0.0169114  -0.00516192
  0.00924812            0  -0.00854487 -0.000507976
   0.0169114   0.00854487            0    0.0163449
  0.00516192  0.000507976   -0.0163449            0
EndNode1[0]<--->Repeater1[0]
REAL
    0.304233   0.00417742 -1.85585e-05     0.151303
  0.00417742     0.199735    0.0393441    0.0168051
-1.85585e-05    0.0393441     0.191799   -0.0161678
    0.151303    0.0168051   -0.0161678     0.304233
IMAGINARY
          0   0.0177221 -0.00835476   0.0261422
 -0.0177221           0  0.00489224  0.00835476
 0.00835476 -0.00489224           0 -0.00118269
 -0.0261422 -0.00835476  0.00118269           0
EndNode2[0]<--->HoM1[0]
REAL
   0.30375  0.0210457 -0.0128827   0.156592
 0.0210457      0.195  0.0428967  0.0179978
-0.0128827  0.0428967    0.21125 -0.0172094
  0.156592  0.0179978 -0.0172094       0.29
IMAGINARY
          0   0.0134752  -0.0174583   -0.014137
 -0.0134752           0  -0.0025091  -0.0200094
  0.0174583   0.0025091           0  0.00978062
   0.014137   0.0200094 -0.00978062           0
Repeater1[0]<--->EndNode1[0]
REAL
    0.304233 -1.85585e-05   0.00417742     0.151303
-1.85585e-05     0.191799    0.0393441   -0.0161678
  0.00417742    0.0393441     0.199735    0.0168051
    0.151303   -0.0161678    0.0168051     0.304233
IMAGINARY
          0 -0.00835476   0.0177221   0.0261422
 0.00835476           0 -0.00489224 -0.00118269
 -0.0177221  0.00489224           0  0.00835476
 -0.0261422  0.00118269 -0.00835476           0
Repeater1[0]<--->HoM1[0]
REAL
   0.30375 -0.0128827  0.0210457   0.156592
-0.0128827    0.21125  0.0428967 -0.0172094
 0.0210457  0.0428967      0.195  0.0179978
  0.156592 -0.0172094  0.0179978       0.29
IMAGINARY
          0  -0.0174583   0.0134752   -0.014137
  0.0174583           0   0.0025091  0.00978062
 -0.0134752  -0.0025091           0  -0.0200094
   0.014137 -0.00978062   0.0200094           0
EndNode1[0]<--->Repeater1[0]
REAL
   0.260347 -0.00814501 -0.00907384     0.15449
-0.00814501    0.222964     0.07397  0.00907384
-0.00907384     0.07397    0.206943 -0.00752079
    0.15449  0.00907384 -0.00752079    0.309746
IMAGINARY
          0  0.00356427 -0.00828938 -0.00638336
-0.00356427           0  0.00895406  0.00569198
 0.00828938 -0.00895406           0 -0.00746037
 0.00638336 -0.00569198  0.00746037           0
EndNode2[0]<--->HoM1[0]
REAL
   0.307298 -0.00632538  -0.0126269    0.128904
-0.00632538    0.193342    0.060663 -0.00264025
 -0.0126269    0.060663    0.193342   0.0114144
   0.128904 -0.00264025   0.0114144    0.306018
IMAGINARY
          0 -0.00612725  0.00606609  0.00731818
 0.00612725           0   0.0204596  -0.0231265
-0.00606609  -0.0204596           0 -0.00174677
-0.00731818   0.0231265  0.00174677           0
Repeater1[0]<--->EndNode1[0]
REAL
   0.260347 -0.00907384 -0.00814501     0.15449
-0.00907384    0.206943     0.07397 -0.00752079
-0.00814501     0.07397    0.222964  0.00907384
    0.15449 -0.00752079  0.00907384    0.309746
IMAGINARY
          0 -0.00828938  0.00356427 -0.00638336
 0.00828938           0 -0.00895406 -0.00746037
-0.00356427  0.00895406           0  0.00569198
 0.00638336  0.00746037 -0.00569198           0
Repeater1[0]<--->HoM1[0]
REAL
   0.307298  -0.0126269 -0.00632538    0.128904
 -0.0126269    0.193342    0.060663   0.0114144
-0.00632538    0.060663    0.193342 -0.00264025
   0.128904   0.0114144 -0.00264025    0.306018
IMAGINARY
          0  0.00606609 -0.00612725  0.00731818
-0.00606609           0  -0.0204596 -0.00174677
 0.00612725   0.0204596           0  -0.0231265
-0.00731818  0.00174677   0.0231265           0
EndNode1[0]<--->Repeater1[0]
REAL
   0.287742 -0.00716507   0.0120337    0.146543
-0.00716507    0.220645   0.0662646 -0.00879959
  0.0120337   0.0662646    0.189677   0.0259232
   0.146543 -0.00879959   0.0259232    0.301935
IMAGINARY
           0  0.000536181   0.00695723   0.00904673
-0.000536181            0   -0.0157672   0.00378866
 -0.00695723    0.0157672            0    0.0317015
 -0.00904673  -0.00378866   -0.0317015            0
EndNode2[0]<--->HoM1[0]
REAL
   0.288973   0.0128878 -0.00456754    0.129813
  0.0128878    0.209125   0.0602594 -0.00390704
-0.00456754   0.0602594    0.223067   0.0222211
   0.129813 -0.00390704   0.0222211    0.278834
IMAGINARY
          0 -0.00127164   0.0011057   0.0112148
 0.00127164           0 -0.00454813  0.00939299
 -0.0011057  0.00454813           0  0.00389632
 -0.0112148 -0.00939299 -0.00389632           0
Repeater1[0]<--->EndNode1[0]
REAL
   0.287742   0.0120337 -0.00716507    0.146543
  0.0120337    0.189677   0.0662646   0.0259232
-0.00716507   0.0662646    0.220645 -0.00879959
   0.146543   0.0259232 -0.00879959    0.301935
IMAGINARY
           0   0.00695723  0.000536181   0.00904673
 -0.00695723            0    0.0157672    0.0317015
-0.000536181   -0.0157672            0   0.00378866
 -0.00904673   -0.0317015  -0.00378866            0
Repeater1[0]<--->HoM1[0]
REAL
   0.288973 -0.00456754   0.0128878    0.129813
-0.00456754    0.223067   0.0602594   0.0222211
  0.0128878   0.0602594    0.209125 -0.00390704
   0.129813   0.0222211 -0.00390704    0.278834
IMAGINARY
          0   0.0011057 -0.00127164   0.0112148
 -0.0011057           0  0.00454813  0.00389632
 0.00127164 -0.00454813           0  0.00939299
 -0.0112148 -0.00389632 -0.00939299           0
EndNode1[0]<--->Repeater1[0]
REAL
   0.295276 0.000611222  0.00576069     0.14774
0.000611222    0.217848    0.062689 -0.00882817
 0.00576069    0.062689    0.203412  0.00122927
    0.14774 -0.00882817  0.00122927    0.283465
IMAGINARY
          0  -0.0138716 -0.00426146 -0.00390459
  0.0138716           0 -0.00324756   0.0119934
 0.00426146  0.00324756           0  -0.0170563
 0.00390459  -0.0119934   0.0170563           0
EndNode2[0]<--->HoM1[0]
REAL
   0.300371 -0.00263204    0.024129    0.140459
-0.00263204    0.218789   0.0448004  -0.0101848
   0.024129   0.0448004    0.190358 -0.00865614
   0.140459  -0.0101848 -0.00865614    0.290482
IMAGINARY
          0  -0.0339128 -0.00787895   0.0187355
  0.0339128           0  0.00765338  -0.0117954
 0.00787895 -0.00765338           0  0.00474052
 -0.0187355   0.0117954 -0.00474052           0
Repeater1[0]<--->EndNode1[0]
REAL
   0.295276  0.00576069 0.000611222     0.14774
 0.00576069    0.203412    0.062689  0.00122927
0.000611222    0.062689    0.217848 -0.00882817
    0.14774  0.00122927 -0.00882817    0.283465
IMAGINARY
          0 -0.00426146  -0.0138716 -0.00390459
 0.00426146           0  0.00324756  -0.0170563
  0.0138716 -0.00324756           0   0.0119934
 0.00390459   0.0170563  -0.0119934           0
Repeater1[0]<--->HoM1[0]
REAL
   0.300371    0.024129 -0.00263204    0.140459
   0.024129    0.190358   0.0448004 -0.00865614
-0.00263204   0.0448004    0.218789  -0.0101848
   0.140459 -0.00865614  -0.0101848    0.290482
IMAGINARY
          0 -0.00787895  -0.0339128   0.0187355
 0.00787895           0 -0.00765338  0.00474052
  0.0339128  0.00765338           0  -0.0117954
 -0.0187355 -0.00474052   0.0117954           0
EndNode1[0]<--->Repeater1[0]
REAL
  0.302122 -0.0144674 0.00486381   0.144084
-0.0144674   0.205993  0.0550077 0.00486381
0.00486381  0.0550077   0.209738   0.016413
  0.144084 0.00486381   0.016413   0.282147
IMAGINARY
          0  -0.0330909   0.0361495   0.0107875
  0.0330909           0    0.020247  0.00351241
 -0.0361495   -0.020247           0  0.00903366
 -0.0107875 -0.00351241 -0.00903366           0
EndNode2[0]<--->HoM1[0]
REAL
  0.292249  -0.010756  0.0106682   0.146035
 -0.010756   0.207116  0.0257009 -0.0100345
 0.0106682  0.0257009   0.203304 -0.0126914
  0.146035 -0.0100345 -0.0126914   0.297332
IMAGINARY
           0  -0.00419024    0.0202117   0.00505997
  0.00419024            0  -0.00698059    0.0113198
  -0.0202117   0.00698059            0 -0.000314268
 -0.00505997   -0.0113198  0.000314268            0
Repeater1[0]<--->EndNode1[0]
REAL
  0.302122 0.00486381 -0.0144674   0.144084
0.00486381   0.209738  0.0550077   0.016413
-0.0144674  0.0550077   0.205993 0.00486381
  0.144084   0.016413 0.00486381   0.282147
IMAGINARY
          0   0.0361495  -0.0330909   0.0107875
 -0.0361495           0   -0.020247  0.00903366
  0.0330909    0.020247           0  0.00351241
 -0.0107875 -0.00903366 -0.00351241           0
Repeater1[0]<--->HoM1[0]
REAL
  0.292249  0.0106682  -0.010756   0.146035
 0.0106682   0.203304  0.0257009 -0.0126914
 -0.010756  0.0257009   0.207116 -0.0100345
  0.146035 -0.0126914 -0.0100345   0.297332
IMAGINARY
           0    0.0202117  -0.00419024   0.00505997
  -0.0202117            0   0.00698059 -0.000314268
  0.00419024  -0.00698059            0    0.0113198
 -0.00505997  0.000314268   -0.0113198            0
EndNode1[0]<--->Repeater1[0]
REAL
   0.281671 -0.00696698  -0.0118943    0.162085
-0.00696698    0.203504   0.0768897  -0.0125395
 -0.0118943   0.0768897    0.207547 -0.00435602
   0.162085  -0.0125395 -0.00435602    0.307278
IMAGINARY
          0  -0.0257437 -0.00296927  -0.0137286
  0.0257437           0 -0.00853376 -0.00960057
 0.00296927  0.00853376           0 -0.00777589
  0.0137286  0.00960057  0.00777589           0
EndNode2[0]<--->HoM1[0]
REAL
    0.26544  0.00973455  -0.0229208      0.1246
 0.00973455    0.208936   0.0544944 0.000950131
 -0.0229208   0.0544944     0.21025 -0.00374254
     0.1246 0.000950131 -0.00374254    0.315375
IMAGINARY
           0  -0.00991096    0.0222508  -0.00218392
  0.00991096            0  0.000273087   -0.0116688
  -0.0222508 -0.000273087            0    0.0059427
  0.00218392    0.0116688   -0.0059427            0
Repeater1[0]<--->EndNode1[0]
REAL
   0.281671  -0.0118943 -0.00696698    0.162085
 -0.0118943    0.207547   0.0768897 -0.00435602
-0.00696698   0.0768897    0.203504  -0.0125395
   0.162085 -0.00435602  -0.0125395    0.307278
IMAGINARY
          0 -0.00296927  -0.0257437  -0.0137286
 0.00296927           0  0.00853376 -0.00777589
  0.0257437 -0.00853376           0 -0.00960057
  0.0137286  0.00777589  0.00960057           0
Repeater1[0]<--->HoM1[0]
REAL
    0.26544  -0.0229208  0.00973455      0.1246
 -0.0229208     0.21025   0.0544944 -0.00374254
 0.00973455   0.0544944    0.208936 0.000950131
     0.1246 -0.00374254 0.000950131    0.315375
IMAGINARY
           0    0.0222508  -0.00991096  -0.00218392
  -0.0222508            0 -0.000273087    0.0059427
  0.00991096  0.000273087            0   -0.0116688
  0.00218392   -0.0059427    0.0116688            0
EndNode1[0]<--->Repeater1[0]
REAL
  0.301648 0.00349009  0.0117402   0.139363
0.00349009   0.198986  0.0641414 0.00577998
 0.0117402  0.0641414   0.201521 -0.0129241
  0.139363 0.00577998 -0.0129241   0.297845
IMAGINARY
           0  -0.00845094 -0.000264337    0.0191511
  0.00845094            0   -0.0284679  -0.00416044
 0.000264337    0.0284679            0   -0.0124087
  -0.0191511   0.00416044    0.0124087            0
EndNode2[0]<--->HoM1[0]
REAL
   0.295918  -0.0171328 -0.00101611    0.135204
 -0.0171328    0.218112   0.0661293  -0.0189839
-0.00101611   0.0661293      0.1875  -0.0108672
   0.135204  -0.0189839  -0.0108672    0.298469
IMAGINARY
           0    0.0143498   0.00505189  0.000866818
  -0.0143498            0   0.00792715   0.00572124
 -0.00505189  -0.00792715            0   -0.0149835
-0.000866818  -0.00572124    0.0149835            0
Repeater1[0]<--->EndNode1[0]
REAL
  0.301648  0.0117402 0.00349009   0.139363
 0.0117402   0.201521  0.0641414 -0.0129241
0.00349009  0.0641414   0.198986 0.00577998
  0.139363 -0.0129241 0.00577998   0.297845
IMAGINARY
           0 -0.000264337  -0.00845094    0.0191511
 0.000264337            0    0.0284679   -0.0124087
  0.00845094   -0.0284679            0  -0.00416044
  -0.0191511    0.0124087   0.00416044            0
Repeater1[0]<--->HoM1[0]
REAL
   0.295918 -0.00101611  -0.0171328    0.135204
-0.00101611      0.1875   0.0661293  -0.0108672
 -0.0171328   0.0661293    0.218112  -0.0189839
   0.135204  -0.0108672  -0.0189839    0.298469
IMAGINARY
           0   0.00505189    0.0143498  0.000866818
 -0.00505189            0  -0.00792715   -0.0149835
  -0.0143498   0.00792715            0   0.00572124
-0.000866818    0.0149835  -0.00572124            0
EndNode1[0]<--->Repeater1[0]
REAL
   0.299233 -0.00297481  0.00811313    0.134345
-0.00297481    0.176471   0.0712257  -0.0213757
 0.00811313   0.0712257    0.193095 -0.00763527
   0.134345  -0.0213757 -0.00763527    0.331202
IMAGINARY
           0   0.00181379 -5.98321e-05   -0.0136275
 -0.00181379            0   0.00205628    0.0111984
 5.98321e-05  -0.00205628            0  -0.00923953
   0.0136275   -0.0111984   0.00923953            0
EndNode2[0]<--->HoM1[0]
REAL
    0.27027  -0.0199895 -0.00639411    0.156164
 -0.0199895    0.199017   0.0604197 -0.00845738
-0.00639411   0.0604197    0.223587 -0.00105011
   0.156164 -0.00845738 -0.00105011    0.307125
IMAGINARY
           0   0.00140712  -0.00187534    0.0104257
 -0.00140712            0 -0.000773218   0.00453492
  0.00187534  0.000773218            0    0.0172099
  -0.0104257  -0.00453492   -0.0172099            0
Repeater1[0]<--->EndNode1[0]
REAL
   0.299233  0.00811313 -0.00297481    0.134345
 0.00811313    0.193095   0.0712257 -0.00763527
-0.00297481   0.0712257    0.176471  -0.0213757
   0.134345 -0.00763527  -0.0213757    0.331202
IMAGINARY
           0 -5.98321e-05   0.00181379   -0.0136275
 5.98321e-05            0  -0.00205628  -0.00923953
 -0.00181379   0.00205628            0    0.0111984
   0.0136275   0.00923953   -0.0111984            0
Repeater1[0]<--->HoM1[0]
REAL
    0.27027 -0.00639411  -0.0199895    0.156164
-0.00639411    0.223587   0.0604197 -0.00105011
 -0.0199895   0.0604197    0.199017 -0.00845738
   0.156164 -0.00105011 -0.00845738    0.307125
IMAGINARY
           0  -0.00187534   0.00140712    0.0104257
  0.00187534            0  0.000773218    0.0172099
 -0.00140712 -0.000773218            0   0.00453492
  -0.0104257   -0.0172099  -0.00453492            0
EndNode1[0]<--->Repeater1[0]
REAL
  0.288336  0.0028529 0.00386367   0.135746
 0.0028529   0.174312  0.0825813 0.00782145
0.00386367  0.0825813   0.218873  0.0149823
  0.135746 0.00782145  0.0149823    0.31848
IMAGINARY
          0 -0.00443038  -0.0335604 -0.00154499
 0.00443038           0  -0.0021771  0.00191483
  0.0335604   0.0021771           0   0.0196203
 0.00154499 -0.00191483  -0.0196203           0
EndNode2[0]<--->HoM1[0]
REAL
    0.27013  0.00063937 -0.00313196    0.109365
 0.00063937    0.205195   0.0560149  -0.0116686
-0.00313196   0.0560149    0.211688 -0.00256987
   0.109365  -0.0116686 -0.00256987    0.312987
IMAGINARY
          0  0.00340523   0.0219004 -0.00268869
-0.00340523           0  0.00746359  -0.0119749
 -0.0219004 -0.00746359           0  0.00403894
 0.00268869   0.0119749 -0.00403894           0
Repeater1[0]<--->EndNode1[0]
REAL
  0.288336 0.00386367  0.0028529   0.135746
0.00386367   0.218873  0.0825813  0.0149823
 0.0028529  0.0825813   0.174312 0.00782145
  0.135746  0.0149823 0.00782145    0.31848
IMAGINARY
          0  -0.0335604 -0.00443038 -0.00154499
  0.0335604           0   0.0021771   0.0196203
 0.00443038  -0.0021771           0  0.00191483
 0.00154499  -0.0196203 -0.00191483           0
Repeater1[0]<--->HoM1[0]
REAL
    0.27013 -0.00313196  0.00063937    0.109365
-0.00313196    0.211688   0.0560149 -0.00256987
 0.00063937   0.0560149    0.205195  -0.0116686
   0.109365 -0.00256987  -0.0116686    0.312987
IMAGINARY
          0   0.0219004  0.00340523 -0.00268869
 -0.0219004           0 -0.00746359  0.00403894
-0.00340523  0.00746359           0  -0.0119749
 0.00268869 -0.00403894   0.0119749           0
EndNode1[0]<--->Repeater1[0]
REAL
   0.295369   0.0143843 -0.00658052     0.12265
  0.0143843    0.197747    0.046085   0.0103026
-0.00658052    0.046085     0.20776  -0.0168657
    0.12265   0.0103026  -0.0168657    0.299124
IMAGINARY
          0 -0.00736712   0.0120269  -0.0154954
 0.00736712           0  0.00297895  -0.0113612
 -0.0120269 -0.00297895           0   0.0253432
  0.0154954   0.0113612  -0.0253432           0
EndNode2[0]<--->HoM1[0]
REAL
   0.297055   0.0154247   0.0159817    0.151839
  0.0154247    0.169014   0.0416478   0.0140311
  0.0159817   0.0416478     0.21767 -0.00329188
   0.151839   0.0140311 -0.00329188    0.316261
IMAGINARY
          0  0.00612069  0.00222524   0.0163528
-0.00612069           0  0.00322944  0.00860279
-0.00222524 -0.00322944           0  -0.0449742
 -0.0163528 -0.00860279   0.0449742           0
Repeater1[0]<--->EndNode1[0]
REAL
   0.295369 -0.00658052   0.0143843     0.12265
-0.00658052     0.20776    0.046085  -0.0168657
  0.0143843    0.046085    0.197747   0.0103026
    0.12265  -0.0168657   0.0103026    0.299124
IMAGINARY
          0   0.0120269 -0.00736712  -0.0154954
 -0.0120269           0 -0.00297895   0.0253432
 0.00736712  0.00297895           0  -0.0113612
  0.0154954  -0.0253432   0.0113612           0
Repeater1[0]<--->HoM1[0]
REAL
   0.297055   0.0159817   0.0154247    0.151839
  0.0159817     0.21767   0.0416478 -0.00329188
  0.0154247   0.0416478    0.169014   0.0140311
   0.151839 -0.00329188   0.0140311    0.316261
IMAGINARY
          0  0.00222524  0.00612069   0.0163528
-0.00222524           0 -0.00322944  -0.0449742
-0.00612069  0.00322944           0  0.00860279
 -0.0163528   0.0449742 -0.00860279           0
EndNode1[0]<--->Repeater1[0]
REAL
   0.297542 -0.00237762  0.00221631    0.153628
-0.00237762    0.204398   0.0775276 -0.00724144
 0.00221631   0.0775276    0.223803  -0.0177229
   0.153628 -0.00724144  -0.0177229    0.274256
IMAGINARY
           0   -0.0126396   -0.0226183  -0.00945524
   0.0126396            0  -0.00882152  0.000605733
   0.0226183   0.00882152            0    0.0157842
  0.00945524 -0.000605733   -0.0157842            0
EndNode2[0]<--->HoM1[0]
REAL
   0.305699 -0.00119315   0.0100128    0.144467
-0.00119315    0.209845   0.0603608  0.00171137
  0.0100128   0.0603608    0.181347   0.0129173
   0.144467  0.00171137   0.0129173    0.303109
IMAGINARY
          0 -0.00205924  -0.0122123   0.0203689
 0.00205924           0 -0.00751698  0.00757658
  0.0122123  0.00751698           0  -0.0144971
 -0.0203689 -0.00757658   0.0144971           0
Repeater1[0]<--->EndNode1[0]
REAL
   0.297542  0.00221631 -0.00237762    0.153628
 0.00221631    0.223803   0.0775276  -0.0177229
-0.00237762   0.0775276    0.204398 -0.00724144
   0.153628  -0.0177229 -0.00724144    0.274256
IMAGINARY
           0   -0.0226183   -0.0126396  -0.00945524
   0.0226183            0   0.00882152    0.0157842
   0.0126396  -0.00882152            0  0.000605733
  0.00945524   -0.0157842 -0.000605733            0
Repeater1[0]<--->HoM1[0]
REAL
   0.305699   0.0100128 -0.00119315    0.144467
  0.0100128    0.181347   0.0603608   0.0129173
-0.00119315   0.0603608    0.209845  0.00171137
   0.144467   0.0129173  0.00171137    0.303109
IMAGINARY
          0  -0.0122123 -0.00205924   0.0203689
  0.0122123           0  0.00751698  -0.0144971
 0.00205924 -0.00751698           0  0.00757658
 -0.0203689   0.0144971 -0.00757658           0
EndNode1[0]<--->Repeater1[0]
REAL
   0.305333 -0.00879459  0.00280284    0.138714
-0.00879459    0.186667    0.044154   0.0172458
 0.00280284    0.044154    0.209333    0.025198
   0.138714   0.0172458    0.025198    0.298667
IMAGINARY
          0  -0.0200581 -0.00945463 -0.00403028
  0.0200581           0   0.0131655  -0.0203381
 0.00945463  -0.0131655           0   0.0226488
 0.00403028   0.0203381  -0.0226488           0
EndNode2[0]<--->HoM1[0]
REAL
   0.291005   0.0148849 0.000628128    0.171952
  0.0148849    0.210317   0.0558805   0.0387807
0.000628128   0.0558805    0.220899   0.0208294
   0.171952   0.0387807   0.0208294    0.277778
IMAGINARY
          0 -0.00890256   0.0166143   -0.013976
 0.00890256           0 -0.00889984 -0.00896119
 -0.0166143  0.00889984           0   0.0127291
   0.013976  0.00896119  -0.0127291           0
Repeater1[0]<--->EndNode1[0]
REAL
   0.305333  0.00280284 -0.00879459    0.138714
 0.00280284    0.209333    0.044154    0.025198
-0.00879459    0.044154    0.186667   0.0172458
   0.138714    0.025198   0.0172458    0.298667
IMAGINARY
          0 -0.00945463  -0.0200581 -0.00403028
 0.00945463           0  -0.0131655   0.0226488
  0.0200581   0.0131655           0  -0.0203381
 0.00403028  -0.0226488   0.0203381           0
Repeater1[0]<--->HoM1[0]
REAL
   0.291005 0.000628128   0.0148849    0.171952
0.000628128    0.220899   0.0558805   0.0208294
  0.0148849   0.0558805    0.210317   0.0387807
   0.171952   0.0208294   0.0387807    0.277778
IMAGINARY
          0   0.0166143 -0.00890256   -0.013976
 -0.0166143           0  0.00889984   0.0127291
 0.00890256 -0.00889984           0 -0.00896119
   0.013976  -0.0127291  0.00896119           0
EndNode1[0]<--->Repeater1[0]
REAL
   0.286255   0.0152305   0.0240414    0.154563
  0.0152305    0.221942   0.0471457  -0.0063016
  0.0240414   0.0471457    0.192938 -0.00931727
   0.154563  -0.0063016 -0.00931727    0.298865
IMAGINARY
          0 -0.00718016 -0.00349585 -0.00601788
 0.00718016           0 -0.00475525  0.00733217
 0.00349585  0.00475525           0  0.00718016
 0.00601788 -0.00733217 -0.00718016           0
EndNode2[0]<--->HoM1[0]
REAL
   0.286593  -0.0353979  -0.0201062    0.128095
 -0.0353979    0.215252   0.0817036 -0.00125056
 -0.0201062   0.0817036    0.202952   0.0228351
   0.128095 -0.00125056   0.0228351    0.295203
IMAGINARY
          0  0.00741605  0.00795053   0.0175195
-0.00741605           0  -0.0188081 -0.00150723
-0.00795053   0.0188081           0  0.00418189
 -0.0175195  0.00150723 -0.00418189           0
Repeater1[0]<--->EndNode1[0]
REAL
   0.286255   0.0240414   0.0152305    0.154563
  0.0240414    0.192938   0.0471457 -0.00931727
  0.0152305   0.0471457    0.221942  -0.0063016
   0.154563 -0.00931727  -0.0063016    0.298865
IMAGINARY
          0 -0.00349585 -0.00718016 -0.00601788
 0.00349585           0  0.00475525  0.00718016
 0.00718016 -0.00475525           0  0.00733217
 0.00601788 -0.00718016 -0.00733217           0
Repeater1[0]<--->HoM1[0]
REAL
   0.286593  -0.0201062  -0.0353979    0.128095
 -0.0201062    0.202952   0.0817036   0.0228351
 -0.0353979   0.0817036    0.215252 -0.00125056
   0.128095   0.0228351 -0.00125056    0.295203
IMAGINARY
          0  0.00795053  0.00741605   0.0175195
-0.00795053           0   0.0188081  0.00418189
-0.00741605  -0.0188081           0 -0.00150723
 -0.0175195 -0.00418189  0.00150723           0
EndNode1[0]<--->Repeater1[0]
REAL
   0.292181 -0.00714818   0.0203915    0.147297
-0.00714818      0.1893   0.0450103  -0.0190652
  0.0203915   0.0450103    0.207133 -0.00213564
   0.147297  -0.0190652 -0.00213564    0.311385
IMAGINARY
          0    0.016414  -0.0128374   0.0209271
  -0.016414           0 -0.00341742   0.0198259
  0.0128374  0.00341742           0  -0.0246732
 -0.0209271  -0.0198259   0.0246732           0
EndNode2[0]<--->HoM1[0]
REAL
  0.304294  0.0221875 0.00134947   0.169249
 0.0221875   0.215951  0.0509098  0.0238495
0.00134947  0.0509098   0.207362  0.0176003
  0.169249  0.0238495  0.0176003   0.272393
IMAGINARY
           0   -0.0068832    0.0213839     0.023945
   0.0068832            0 -0.000985782   0.00773628
  -0.0213839  0.000985782            0    -0.022237
   -0.023945  -0.00773628     0.022237            0
Repeater1[0]<--->EndNode1[0]
REAL
   0.292181   0.0203915 -0.00714818    0.147297
  0.0203915    0.207133   0.0450103 -0.00213564
-0.00714818   0.0450103      0.1893  -0.0190652
   0.147297 -0.00213564  -0.0190652    0.311385
IMAGINARY
          0  -0.0128374    0.016414   0.0209271
  0.0128374           0  0.00341742  -0.0246732
  -0.016414 -0.00341742           0   0.0198259
 -0.0209271   0.0246732  -0.0198259           0
Repeater1[0]<--->HoM1[0]
REAL
  0.304294 0.00134947  0.0221875   0.169249
0.00134947   0.207362  0.0509098  0.0176003
 0.0221875  0.0509098   0.215951  0.0238495
  0.169249  0.0176003  0.0238495   0.272393
IMAGINARY
           0    0.0213839   -0.0068832     0.023945
  -0.0213839            0  0.000985782    -0.022237
   0.0068832 -0.000985782            0   0.00773628
   -0.023945     0.022237  -0.00773628            0
EndNode1[0]<--->Repeater1[0]
REAL
   0.298065 -0.00508712  -0.0109794    0.156546
-0.00508712    0.218065   0.0474433  -0.0154042
 -0.0109794   0.0474433    0.202581  -0.0110004
   0.156546  -0.0154042  -0.0110004     0.28129
IMAGINARY
           0  0.000720832   0.00343717   0.00301325
-0.000720832            0    0.0112725   0.00794168
 -0.00343717   -0.0112725            0   -0.0120997
 -0.00301325  -0.00794168    0.0120997            0
EndNode2[0]<--->HoM1[0]
REAL
   0.273537  -0.0122474  -0.0171175    0.167441
 -0.0122474    0.236641   0.0647922 -0.00572512
 -0.0171175   0.0647922     0.21883   0.0160545
   0.167441 -0.00572512   0.0160545    0.270992
IMAGINARY
           0  6.17005e-05  -0.00898795   0.00124068
-6.17005e-05            0  0.000581919    0.0149482
  0.00898795 -0.000581919            0   0.00192505
 -0.00124068   -0.0149482  -0.00192505            0
Repeater1[0]<--->EndNode1[0]
REAL
   0.298065  -0.0109794 -0.00508712    0.156546
 -0.0109794    0.202581   0.0474433  -0.0110004
-0.00508712   0.0474433    0.218065  -0.0154042
   0.156546  -0.0110004  -0.0154042     0.28129
IMAGINARY
           0   0.00343717  0.000720832   0.00301325
 -0.00343717            0   -0.0112725   -0.0120997
-0.000720832    0.0112725            0   0.00794168
 -0.00301325    0.0120997  -0.00794168            0
Repeater1[0]<--->HoM1[0]
REAL
   0.273537  -0.0171175  -0.0122474    0.167441
 -0.0171175     0.21883   0.0647922   0.0160545
 -0.0122474   0.0647922    0.236641 -0.00572512
   0.167441   0.0160545 -0.00572512    0.270992
IMAGINARY
           0  -0.00898795  6.17005e-05   0.00124068
  0.00898795            0 -0.000581919   0.00192505
-6.17005e-05  0.000581919            0    0.0149482
 -0.00124068  -0.00192505   -0.0149482            0
EndNode1[0]<--->Repeater1[0]
REAL
   0.305195  -0.0099877 -0.00712539    0.147923
 -0.0099877    0.207792   0.0381989 -0.00649328
-0.00712539   0.0381989    0.183117  0.00415112
   0.147923 -0.00649328  0.00415112    0.303896
IMAGINARY
           0    0.0111221  0.000761955  -0.00473761
  -0.0111221            0    0.0053634   0.00646538
-0.000761955   -0.0053634            0    0.0171302
  0.00473761  -0.00646538   -0.0171302            0
EndNode2[0]<--->HoM1[0]
REAL
   0.279747 -0.00172136   0.0123015    0.130538
-0.00172136    0.217722   0.0574314  -0.0035296
