EndNode1[0]<--->Repeater1[0]
REAL
   0.448052 -0.00340073 -0.00726412    0.463414
-0.00340073   0.0441558   0.0207906  -0.0103544
-0.00726412   0.0207906   0.0311688  -0.0154328
   0.463414  -0.0103544  -0.0154328    0.476623
IMAGINARY
          0   0.0036899  -0.0127663  -0.0171331
 -0.0036899           0  -0.0039587  0.00183733
  0.0127663   0.0039587           0   0.0099713
  0.0171331 -0.00183733  -0.0099713           0
EndNode2[0]<--->HoM1[0]
REAL
   0.478036 1.69109e-05   -0.011521    0.465366
1.69109e-05   0.0310078   0.0267809   0.0167566
  -0.011521   0.0267809   0.0335917  0.00260089
   0.465366   0.0167566  0.00260089    0.457364
IMAGINARY
          0 -0.00922262  -0.0142579  -0.0140214
 0.00922262           0  0.00597855   0.0202659
  0.0142579 -0.00597855           0 -0.00212585
  0.0140214  -0.0202659  0.00212585           0
Repeater1[0]<--->EndNode1[0]
REAL
   0.448052 -0.00726412 -0.00340073    0.463414
-0.00726412   0.0311688   0.0207906  -0.0154328
-0.00340073   0.0207906   0.0441558  -0.0103544
   0.463414  -0.0154328  -0.0103544    0.476623
IMAGINARY
          0  -0.0127663   0.0036899  -0.0171331
  0.0127663           0   0.0039587   0.0099713
 -0.0036899  -0.0039587           0  0.00183733
  0.0171331  -0.0099713 -0.00183733           0
Repeater1[0]<--->HoM1[0]
REAL
   0.478036   -0.011521 1.69109e-05    0.465366
  -0.011521   0.0335917   0.0267809  0.00260089
1.69109e-05   0.0267809   0.0310078   0.0167566
   0.465366  0.00260089   0.0167566    0.457364
IMAGINARY
          0  -0.0142579 -0.00922262  -0.0140214
  0.0142579           0 -0.00597855 -0.00212585
 0.00922262  0.00597855           0   0.0202659
  0.0140214  0.00212585  -0.0202659           0
EndNode1[0]<--->Repeater1[0]
REAL
   0.467254   -0.011675 -0.00148082    0.458018
  -0.011675   0.0377834    0.024056  -0.0145243
-0.00148082    0.024056   0.0251889  0.00335233
   0.458018  -0.0145243  0.00335233    0.469773
IMAGINARY
          0  -0.0147036  0.00293251   0.0358375
  0.0147036           0  -0.0186838   0.0280648
-0.00293251   0.0186838           0  -0.0176414
 -0.0358375  -0.0280648   0.0176414           0
EndNode2[0]<--->HoM1[0]
REAL
   0.442536  -0.0299317  -0.0256436    0.460394
 -0.0299317   0.0409511   0.0256112 -0.00616305
 -0.0256436   0.0256112   0.0224571  0.00448636
   0.460394 -0.00616305  0.00448636    0.494055
IMAGINARY
          0   0.0129968  0.00190668   0.0213861
 -0.0129968           0 -0.00521692    0.010881
-0.00190668  0.00521692           0   -0.011718
 -0.0213861   -0.010881    0.011718           0
Repeater1[0]<--->EndNode1[0]
REAL
   0.467254 -0.00148082   -0.011675    0.458018
-0.00148082   0.0251889    0.024056  0.00335233
  -0.011675    0.024056   0.0377834  -0.0145243
   0.458018  0.00335233  -0.0145243    0.469773
IMAGINARY
          0  0.00293251  -0.0147036   0.0358375
-0.00293251           0   0.0186838  -0.0176414
  0.0147036  -0.0186838           0   0.0280648
 -0.0358375   0.0176414  -0.0280648           0
Repeater1[0]<--->HoM1[0]
REAL
   0.442536  -0.0256436  -0.0299317    0.460394
 -0.0256436   0.0224571   0.0256112  0.00448636
 -0.0299317   0.0256112   0.0409511 -0.00616305
   0.460394  0.00448636 -0.00616305    0.494055
IMAGINARY
          0  0.00190668   0.0129968   0.0213861
-0.00190668           0  0.00521692   -0.011718
 -0.0129968 -0.00521692           0    0.010881
 -0.0213861    0.011718   -0.010881           0
EndNode1[0]<--->Repeater1[0]
REAL
   0.463351  -0.0198243 -0.00702866     0.46659
 -0.0198243   0.0484293   0.0227995  -0.0128652
-0.00702866   0.0227995   0.0314136   0.0025829
    0.46659  -0.0128652   0.0025829    0.456806
IMAGINARY
          0 -0.00991285  0.00539558   0.0173475
 0.00991285           0   0.0153867   0.0109443
-0.00539558  -0.0153867           0 -0.00250545
 -0.0173475  -0.0109443  0.00250545           0
EndNode2[0]<--->HoM1[0]
REAL
  0.472859  0.0170638  0.0118829   0.459975
 0.0170638  0.0325694  0.0221447  0.0142984
 0.0118829  0.0221447  0.0313631 0.00400898
  0.459975  0.0142984 0.00400898   0.463209
IMAGINARY
          0  -0.0171124   0.0276259 -0.00282152
  0.0171124           0  -0.0149183  -0.0210122
 -0.0276259   0.0149183           0  0.00388493
 0.00282152   0.0210122 -0.00388493           0
Repeater1[0]<--->EndNode1[0]
REAL
   0.463351 -0.00702866  -0.0198243     0.46659
-0.00702866   0.0314136   0.0227995   0.0025829
 -0.0198243   0.0227995   0.0484293  -0.0128652
    0.46659   0.0025829  -0.0128652    0.456806
IMAGINARY
          0  0.00539558 -0.00991285   0.0173475
-0.00539558           0  -0.0153867 -0.00250545
 0.00991285   0.0153867           0   0.0109443
 -0.0173475  0.00250545  -0.0109443           0
Repeater1[0]<--->HoM1[0]
REAL
  0.472859  0.0118829  0.0170638   0.459975
 0.0118829  0.0313631  0.0221447 0.00400898
 0.0170638  0.0221447  0.0325694  0.0142984
  0.459975 0.00400898  0.0142984   0.463209
IMAGINARY
          0   0.0276259  -0.0171124 -0.00282152
 -0.0276259           0   0.0149183  0.00388493
  0.0171124  -0.0149183           0  -0.0210122
 0.00282152 -0.00388493   0.0210122           0
EndNode1[0]<--->Repeater1[0]
REAL
   0.467662 -0.00713194  -0.0194476    0.457806
-0.00713194   0.0410448   0.0242221   0.0175221
 -0.0194476   0.0242221   0.0335821   0.0103412
   0.457806   0.0175221   0.0103412    0.457711
IMAGINARY
         0  0.0293544 -0.0017437   0.017619
-0.0293544          0  0.0169078 -0.0107876
 0.0017437 -0.0169078          0 -0.0205824
 -0.017619  0.0107876  0.0205824          0
EndNode2[0]<--->HoM1[0]
REAL
  0.453061  0.0132828  0.0205755   0.465226
 0.0132828  0.0421769   0.012667 0.00738289
 0.0205755   0.012667  0.0353741  0.0211775
  0.465226 0.00738289  0.0211775   0.469388
IMAGINARY
          0  -0.0230529  0.00170519  0.00671933
  0.0230529           0 -0.00355878   0.0139003
-0.00170519  0.00355878           0 -0.00254009
-0.00671933  -0.0139003  0.00254009           0
Repeater1[0]<--->EndNode1[0]
REAL
   0.467662  -0.0194476 -0.00713194    0.457806
 -0.0194476   0.0335821   0.0242221   0.0103412
-0.00713194   0.0242221   0.0410448   0.0175221
   0.457806   0.0103412   0.0175221    0.457711
IMAGINARY
         0 -0.0017437  0.0293544   0.017619
 0.0017437          0 -0.0169078 -0.0205824
-0.0293544  0.0169078          0 -0.0107876
 -0.017619  0.0205824  0.0107876          0
Repeater1[0]<--->HoM1[0]
REAL
  0.453061  0.0205755  0.0132828   0.465226
 0.0205755  0.0353741   0.012667  0.0211775
 0.0132828   0.012667  0.0421769 0.00738289
  0.465226  0.0211775 0.00738289   0.469388
IMAGINARY
          0  0.00170519  -0.0230529  0.00671933
-0.00170519           0  0.00355878 -0.00254009
  0.0230529 -0.00355878           0   0.0139003
-0.00671933  0.00254009  -0.0139003           0
EndNode1[0]<--->Repeater1[0]
REAL
  0.487531  0.0101533 -0.0173517   0.452104
 0.0101533  0.0374065  0.0374244  0.0147339
-0.0173517  0.0374244  0.0349127 -0.0127711
  0.452104  0.0147339 -0.0127711    0.44015
IMAGINARY
           0  0.000888115   0.00816748   0.00673627
-0.000888115            0    0.0105051   0.00500692
 -0.00816748   -0.0105051            0  -0.00653429
 -0.00673627  -0.00500692   0.00653429            0
EndNode2[0]<--->HoM1[0]
REAL
    0.446615 -0.000968574    0.0154275     0.464924
-0.000968574      0.03125    0.0234481   -0.0141355
   0.0154275    0.0234481    0.0351562   -0.0016154
    0.464924   -0.0141355   -0.0016154     0.486979
IMAGINARY
          0 -0.00398595 -0.00213443  -0.0175744
 0.00398595           0  -0.0113088 -0.00549916
 0.00213443   0.0113088           0   0.0116195
  0.0175744  0.00549916  -0.0116195           0
Repeater1[0]<--->EndNode1[0]
REAL
  0.487531 -0.0173517  0.0101533   0.452104
-0.0173517  0.0349127  0.0374244 -0.0127711
 0.0101533  0.0374244  0.0374065  0.0147339
  0.452104 -0.0127711  0.0147339    0.44015
IMAGINARY
           0   0.00816748  0.000888115   0.00673627
 -0.00816748            0   -0.0105051  -0.00653429
-0.000888115    0.0105051            0   0.00500692
 -0.00673627   0.00653429  -0.00500692            0
Repeater1[0]<--->HoM1[0]
REAL
    0.446615    0.0154275 -0.000968574     0.464924
   0.0154275    0.0351562    0.0234481   -0.0016154
-0.000968574    0.0234481      0.03125   -0.0141355
    0.464924   -0.0016154   -0.0141355     0.486979
IMAGINARY
          0 -0.00213443 -0.00398595  -0.0175744
 0.00213443           0   0.0113088   0.0116195
 0.00398595  -0.0113088           0 -0.00549916
  0.0175744  -0.0116195  0.00549916           0
EndNode1[0]<--->Repeater1[0]
REAL
  0.455808 0.00905237 0.00126835   0.465312
0.00905237  0.0265152  0.0204398   0.011685
0.00126835  0.0204398  0.0265152 0.00519633
  0.465312   0.011685 0.00519633   0.491162
IMAGINARY
           0    0.0119499  0.000677507    0.0264261
  -0.0119499            0    0.0145362 -0.000677507
-0.000677507   -0.0145362            0  -0.00297551
  -0.0264261  0.000677507   0.00297551            0
EndNode2[0]<--->HoM1[0]
REAL
  0.485333 -0.0112441  0.0062921   0.457213
-0.0112441      0.028  0.0271055 -0.0117203
 0.0062921  0.0271055  0.0253333 0.00460958
  0.457213 -0.0117203 0.00460958   0.461333
IMAGINARY
          0  0.00484164  0.00921459  -0.0149093
-0.00484164           0  -0.0162216   0.0176671
-0.00921459   0.0162216           0  -0.0155943
  0.0149093  -0.0176671   0.0155943           0
Repeater1[0]<--->EndNode1[0]
REAL
  0.455808 0.00126835 0.00905237   0.465312
0.00126835  0.0265152  0.0204398 0.00519633
0.00905237  0.0204398  0.0265152   0.011685
  0.465312 0.00519633   0.011685   0.491162
IMAGINARY
           0  0.000677507    0.0119499    0.0264261
-0.000677507            0   -0.0145362  -0.00297551
  -0.0119499    0.0145362            0 -0.000677507
  -0.0264261   0.00297551  0.000677507            0
Repeater1[0]<--->HoM1[0]
REAL
  0.485333  0.0062921 -0.0112441   0.457213
 0.0062921  0.0253333  0.0271055 0.00460958
-0.0112441  0.0271055      0.028 -0.0117203
  0.457213 0.00460958 -0.0117203   0.461333
IMAGINARY
          0  0.00921459  0.00484164  -0.0149093
-0.00921459           0   0.0162216  -0.0155943
-0.00484164  -0.0162216           0   0.0176671
  0.0149093   0.0155943  -0.0176671           0
EndNode1[0]<--->Repeater1[0]
REAL
  0.428384  0.0031152 0.00222287   0.454669
 0.0031152  0.0394218  0.0322664  0.0155919
0.00222287  0.0322664  0.0394218  0.0111366
  0.454669  0.0155919  0.0111366   0.492773
IMAGINARY
          0    0.013228  0.00161159  -0.0100559
  -0.013228           0 -0.00142373 -0.00098581
-0.00161159  0.00142373           0  -0.0213632
  0.0100559  0.00098581   0.0213632           0
EndNode2[0]<--->HoM1[0]
REAL
   0.470284  0.00794723  0.00660625     0.45042
 0.00794723   0.0310078    0.028566 -0.00598821
 0.00660625    0.028566   0.0322997  -0.0036209
    0.45042 -0.00598821  -0.0036209    0.466408
IMAGINARY
           0   -0.0295664    0.0251495  7.74319e-05
   0.0295664            0    0.0169465  -0.00461967
  -0.0251495   -0.0169465            0 -0.000234905
-7.74319e-05   0.00461967  0.000234905            0
Repeater1[0]<--->EndNode1[0]
REAL
  0.428384 0.00222287  0.0031152   0.454669
0.00222287  0.0394218  0.0322664  0.0111366
 0.0031152  0.0322664  0.0394218  0.0155919
  0.454669  0.0111366  0.0155919   0.492773
IMAGINARY
          0  0.00161159    0.013228  -0.0100559
-0.00161159           0  0.00142373  -0.0213632
  -0.013228 -0.00142373           0 -0.00098581
  0.0100559   0.0213632  0.00098581           0
Repeater1[0]<--->HoM1[0]
REAL
   0.470284  0.00660625  0.00794723     0.45042
 0.00660625   0.0322997    0.028566  -0.0036209
 0.00794723    0.028566   0.0310078 -0.00598821
    0.45042  -0.0036209 -0.00598821    0.466408
IMAGINARY
           0    0.0251495   -0.0295664  7.74319e-05
  -0.0251495            0   -0.0169465 -0.000234905
   0.0295664    0.0169465            0  -0.00461967
-7.74319e-05  0.000234905   0.00461967            0
EndNode1[0]<--->Repeater1[0]
REAL
   0.47861  0.0207561 0.00875645   0.455957
 0.0207561  0.0347594   0.030584  0.0147967
0.00875645   0.030584  0.0254011 0.00010528
  0.455957  0.0147967 0.00010528    0.46123
IMAGINARY
           0     0.015573   0.00535628  0.000311333
   -0.015573            0  0.000311333   -0.0215254
 -0.00535628 -0.000311333            0  -0.00189142
-0.000311333    0.0215254   0.00189142            0
EndNode2[0]<--->HoM1[0]
REAL
  0.478049 0.00733219 -0.0154848   0.468792
0.00733219  0.0341463  0.0203528 0.00802215
-0.0154848  0.0203528  0.0280488 -0.0175086
  0.468792 0.00802215 -0.0175086   0.459756
IMAGINARY
          0 -0.00436795   0.0436357  0.00306746
 0.00436795           0  0.00818254  -0.0131066
 -0.0436357 -0.00818254           0  -0.0261612
-0.00306746   0.0131066   0.0261612           0
Repeater1[0]<--->EndNode1[0]
REAL
   0.47861 0.00875645  0.0207561   0.455957
0.00875645  0.0254011   0.030584 0.00010528
 0.0207561   0.030584  0.0347594  0.0147967
  0.455957 0.00010528  0.0147967    0.46123
IMAGINARY
           0   0.00535628     0.015573  0.000311333
 -0.00535628            0 -0.000311333  -0.00189142
   -0.015573  0.000311333            0   -0.0215254
-0.000311333   0.00189142    0.0215254            0
Repeater1[0]<--->HoM1[0]
REAL
  0.478049 -0.0154848 0.00733219   0.468792
-0.0154848  0.0280488  0.0203528 -0.0175086
0.00733219  0.0203528  0.0341463 0.00802215
  0.468792 -0.0175086 0.00802215   0.459756
IMAGINARY
          0   0.0436357 -0.00436795  0.00306746
 -0.0436357           0 -0.00818254  -0.0261612
 0.00436795  0.00818254           0  -0.0131066
-0.00306746   0.0261612   0.0131066           0
EndNode1[0]<--->Repeater1[0]
REAL
   0.460177 -0.00549543   -0.011029    0.456103
-0.00549543   0.0442478   0.0243407  0.00255443
  -0.011029   0.0243407   0.0417193  0.00875488
   0.456103  0.00255443  0.00875488    0.453856
IMAGINARY
          0 -0.00886612   0.0256755 -0.00830976
 0.00886612           0   0.0121658 -0.00210229
 -0.0256755  -0.0121658           0  0.00142195
 0.00830976  0.00210229 -0.00142195           0
EndNode2[0]<--->HoM1[0]
REAL
   0.462042 -0.00466617 -0.00442695    0.463959
-0.00466617    0.039267   0.0158898 -0.00942695
-0.00442695   0.0158898    0.026178 -0.00666884
   0.463959 -0.00942695 -0.00666884    0.472513
IMAGINARY
          0 -0.00140365  0.00330806    0.025849
 0.00140365           0  0.00416376  0.00135239
-0.00330806 -0.00416376           0 -0.00458836
  -0.025849 -0.00135239  0.00458836           0
Repeater1[0]<--->EndNode1[0]
REAL
   0.460177   -0.011029 -0.00549543    0.456103
  -0.011029   0.0417193   0.0243407  0.00875488
-0.00549543   0.0243407   0.0442478  0.00255443
   0.456103  0.00875488  0.00255443    0.453856
IMAGINARY
          0   0.0256755 -0.00886612 -0.00830976
 -0.0256755           0  -0.0121658  0.00142195
 0.00886612   0.0121658           0 -0.00210229
 0.00830976 -0.00142195  0.00210229           0
Repeater1[0]<--->HoM1[0]
REAL
   0.462042 -0.00442695 -0.00466617    0.463959
-0.00442695    0.026178   0.0158898 -0.00666884
-0.00466617   0.0158898    0.039267 -0.00942695
   0.463959 -0.00666884 -0.00942695    0.472513
IMAGINARY
          0  0.00330806 -0.00140365    0.025849
-0.00330806           0 -0.00416376 -0.00458836
 0.00140365  0.00416376           0  0.00135239
  -0.025849  0.00458836 -0.00135239           0
EndNode1[0]<--->Repeater1[0]
REAL
   0.477922  -0.0104602  -0.0113937    0.464545
 -0.0104602   0.0337662   0.0272804 -0.00631751
 -0.0113937   0.0272804   0.0246753 -0.00725096
   0.464545 -0.00631751 -0.00725096    0.463636
IMAGINARY
          0 -0.00622913  -0.0163956    0.014496
 0.00622913           0  0.00835348   0.0145135
  0.0163956 -0.00835348           0     0.01313
  -0.014496  -0.0145135    -0.01313           0
EndNode2[0]<--->HoM1[0]
REAL
    0.47914  -0.0186427 -0.00551755    0.454507
 -0.0186427   0.0164349   0.0266722  -0.0227133
-0.00551755   0.0266722   0.0391909 -0.00833344
   0.454507  -0.0227133 -0.00833344    0.465234
IMAGINARY
          0  -0.0132469  0.00324981  0.00420008
  0.0132469           0  -0.0131744   0.0251007
-0.00324981   0.0131744           0 -0.00479435
-0.00420008  -0.0251007  0.00479435           0
Repeater1[0]<--->EndNode1[0]
REAL
   0.477922  -0.0113937  -0.0104602    0.464545
 -0.0113937   0.0246753   0.0272804 -0.00725096
 -0.0104602   0.0272804   0.0337662 -0.00631751
   0.464545 -0.00725096 -0.00631751    0.463636
IMAGINARY
          0  -0.0163956 -0.00622913    0.014496
  0.0163956           0 -0.00835348     0.01313
 0.00622913  0.00835348           0   0.0145135
  -0.014496    -0.01313  -0.0145135           0
Repeater1[0]<--->HoM1[0]
REAL
    0.47914 -0.00551755  -0.0186427    0.454507
-0.00551755   0.0391909   0.0266722 -0.00833344
 -0.0186427   0.0266722   0.0164349  -0.0227133
   0.454507 -0.00833344  -0.0227133    0.465234
IMAGINARY
          0  0.00324981  -0.0132469  0.00420008
-0.00324981           0   0.0131744 -0.00479435
  0.0132469  -0.0131744           0   0.0251007
-0.00420008  0.00479435  -0.0251007           0
EndNode1[0]<--->Repeater1[0]
REAL
    0.47868  0.00821393  0.00366597    0.460278
 0.00821393   0.0316369   0.0272691    0.005674
 0.00366597   0.0272691   0.0330124 -0.00136461
   0.460278    0.005674 -0.00136461    0.456671
IMAGINARY
          0  -0.0103032 -0.00525166  -0.0111832
  0.0103032           0  0.00628123  0.00829673
 0.00525166 -0.00628123           0  0.00360407
  0.0111832 -0.00829673 -0.00360407           0
EndNode2[0]<--->HoM1[0]
REAL
   0.462916 -0.00895141  -0.0153761    0.463668
-0.00895141   0.0332481   0.0135436   0.0140356
 -0.0153761   0.0135436   0.0255754  0.00895141
   0.463668   0.0140356  0.00895141    0.478261
IMAGINARY
          0  0.00150822  0.00063861  -0.0116387
-0.00150822           0  -0.0103125  0.00185516
-0.00063861   0.0103125           0  0.00347931
  0.0116387 -0.00185516 -0.00347931           0
Repeater1[0]<--->EndNode1[0]
REAL
    0.47868  0.00366597  0.00821393    0.460278
 0.00366597   0.0330124   0.0272691 -0.00136461
 0.00821393   0.0272691   0.0316369    0.005674
   0.460278 -0.00136461    0.005674    0.456671
IMAGINARY
          0 -0.00525166  -0.0103032  -0.0111832
 0.00525166           0 -0.00628123  0.00360407
  0.0103032  0.00628123           0  0.00829673
  0.0111832 -0.00360407 -0.00829673           0
Repeater1[0]<--->HoM1[0]
REAL
   0.462916  -0.0153761 -0.00895141    0.463668
 -0.0153761   0.0255754   0.0135436  0.00895141
-0.00895141   0.0135436   0.0332481   0.0140356
   0.463668  0.00895141   0.0140356    0.478261
IMAGINARY
          0  0.00063861  0.00150822  -0.0116387
-0.00063861           0   0.0103125  0.00347931
-0.00150822  -0.0103125           0  0.00185516
  0.0116387 -0.00347931 -0.00185516           0
EndNode1[0]<--->Repeater1[0]
REAL
  0.453865  -0.012019 -0.0109269   0.469441
 -0.012019   0.032419  0.0230121 -0.0224065
-0.0109269  0.0230121  0.0361596   -0.02383
  0.469441 -0.0224065   -0.02383   0.477556
IMAGINARY
          0  0.00207756 -0.00701531   0.0127888
-0.00207756           0   0.0234806 -0.00318878
 0.00701531  -0.0234806           0 -0.00207756
 -0.0127888  0.00318878  0.00207756           0
EndNode2[0]<--->HoM1[0]
REAL
  0.478098  0.0150658 0.00914551   0.453943
 0.0150658  0.0413016  0.0299882 -0.0011109
0.00914551  0.0299882  0.0175219 0.00162148
  0.453943 -0.0011109 0.00162148   0.463079
IMAGINARY
          0  0.00256911   0.0210403   0.0164962
-0.00256911           0 -0.00138455 -0.00899975
 -0.0210403  0.00138455           0  -0.0019354
 -0.0164962  0.00899975   0.0019354           0
Repeater1[0]<--->EndNode1[0]
REAL
  0.453865 -0.0109269  -0.012019   0.469441
-0.0109269  0.0361596  0.0230121   -0.02383
 -0.012019  0.0230121   0.032419 -0.0224065
  0.469441   -0.02383 -0.0224065   0.477556
IMAGINARY
          0 -0.00701531  0.00207756   0.0127888
 0.00701531           0  -0.0234806 -0.00207756
-0.00207756   0.0234806           0 -0.00318878
 -0.0127888  0.00207756  0.00318878           0
Repeater1[0]<--->HoM1[0]
REAL
  0.478098 0.00914551  0.0150658   0.453943
0.00914551  0.0175219  0.0299882 0.00162148
 0.0150658  0.0299882  0.0413016 -0.0011109
  0.453943 0.00162148 -0.0011109   0.463079
IMAGINARY
          0   0.0210403  0.00256911   0.0164962
 -0.0210403           0  0.00138455  -0.0019354
-0.00256911 -0.00138455           0 -0.00899975
 -0.0164962   0.0019354  0.00899975           0
EndNode1[0]<--->Repeater1[0]
REAL
    0.48906  -0.0174304  -0.0119761    0.460346
 -0.0174304     0.03861    0.030691 -0.00530943
 -0.0119761    0.030691    0.037323  0.00142527
   0.460346 -0.00530943  0.00142527    0.435006
IMAGINARY
           0  -0.00398217    0.0210935  -0.00538291
  0.00398217            0   -0.0122493   -0.0148866
  -0.0210935    0.0122493            0 -0.000845412
  0.00538291    0.0148866  0.000845412            0
EndNode2[0]<--->HoM1[0]
REAL
   0.443022  -0.0121117  -0.0154021    0.453286
 -0.0121117   0.0332907   0.0252857 -0.00364552
 -0.0154021   0.0252857   0.0345711   -0.004555
   0.453286 -0.00364552   -0.004555    0.489117
IMAGINARY
          0 -0.00831606  -0.0162628 -0.00508667
 0.00831606           0 -0.00694541   0.0215962
  0.0162628  0.00694541           0 -0.00768394
 0.00508667  -0.0215962  0.00768394           0
Repeater1[0]<--->EndNode1[0]
REAL
    0.48906  -0.0119761  -0.0174304    0.460346
 -0.0119761    0.037323    0.030691  0.00142527
 -0.0174304    0.030691     0.03861 -0.00530943
   0.460346  0.00142527 -0.00530943    0.435006
IMAGINARY
           0    0.0210935  -0.00398217  -0.00538291
  -0.0210935            0    0.0122493 -0.000845412
  0.00398217   -0.0122493            0   -0.0148866
  0.00538291  0.000845412    0.0148866            0
Repeater1[0]<--->HoM1[0]
REAL
   0.443022  -0.0154021  -0.0121117    0.453286
 -0.0154021   0.0345711   0.0252857   -0.004555
 -0.0121117   0.0252857   0.0332907 -0.00364552
   0.453286   -0.004555 -0.00364552    0.489117
IMAGINARY
          0  -0.0162628 -0.00831606 -0.00508667
  0.0162628           0  0.00694541 -0.00768394
 0.00831606 -0.00694541           0   0.0215962
 0.00508667  0.00768394  -0.0215962           0
EndNode1[0]<--->Repeater1[0]
REAL
    0.46397  0.00702105  0.00262759    0.462025
 0.00702105   0.0353982   0.0278481 -0.00136177
 0.00262759   0.0278481   0.0265487  0.00183971
   0.462025 -0.00136177  0.00183971    0.474083
IMAGINARY
          0   0.0131652 -0.00353737   0.0138125
 -0.0131652           0 -0.00126292  -0.0103867
 0.00353737  0.00126292           0  0.00582211
 -0.0138125   0.0103867 -0.00582211           0
EndNode2[0]<--->HoM1[0]
REAL
  0.473552  0.0105032 0.00657071   0.459407
 0.0105032   0.034005  0.0255743 0.00657071
0.00657071  0.0255743  0.0327456 0.00514131
  0.459407 0.00657071 0.00514131   0.459698
IMAGINARY
          0 -0.00514636  0.00589282 -0.00314203
 0.00514636           0   0.0120934  -0.0140077
-0.00589282  -0.0120934           0   0.0145097
 0.00314203   0.0140077  -0.0145097           0
Repeater1[0]<--->EndNode1[0]
REAL
    0.46397  0.00262759  0.00702105    0.462025
 0.00262759   0.0265487   0.0278481  0.00183971
 0.00702105   0.0278481   0.0353982 -0.00136177
   0.462025  0.00183971 -0.00136177    0.474083
IMAGINARY
          0 -0.00353737   0.0131652   0.0138125
 0.00353737           0  0.00126292  0.00582211
 -0.0131652 -0.00126292           0  -0.0103867
 -0.0138125 -0.00582211   0.0103867           0
Repeater1[0]<--->HoM1[0]
REAL
  0.473552 0.00657071  0.0105032   0.459407
0.00657071  0.0327456  0.0255743 0.00514131
 0.0105032  0.0255743   0.034005 0.00657071
  0.459407 0.00514131 0.00657071   0.459698
IMAGINARY
          0  0.00589282 -0.00514636 -0.00314203
-0.00589282           0  -0.0120934   0.0145097
 0.00514636   0.0120934           0  -0.0140077
 0.00314203  -0.0145097   0.0140077           0
EndNode1[0]<--->Repeater1[0]
REAL
   0.439901   -0.017533  0.00578908    0.462986
  -0.017533   0.0408922   0.0261442 -0.00307168
 0.00578908   0.0261442   0.0346964   0.0202504
   0.462986 -0.00307168   0.0202504    0.484511
IMAGINARY
          0 -0.00703098   0.0260152 -0.00641469
 0.00703098           0   0.0127922   0.0174059
 -0.0260152  -0.0127922           0  -0.0337585
 0.00641469  -0.0174059   0.0337585           0
EndNode2[0]<--->HoM1[0]
REAL
   0.472906 -0.00861395   0.0264947    0.460029
-0.00861395   0.0258621   0.0306747  -0.0191906
  0.0264947   0.0306747   0.0344828    0.011934
   0.460029  -0.0191906    0.011934    0.466749
IMAGINARY
          0   0.0146303  -0.0041074  0.00712044
 -0.0146303           0 -0.00310974  -0.0196441
  0.0041074  0.00310974           0   0.0139933
-0.00712044   0.0196441  -0.0139933           0
Repeater1[0]<--->EndNode1[0]
REAL
   0.439901  0.00578908   -0.017533    0.462986
 0.00578908   0.0346964   0.0261442   0.0202504
  -0.017533   0.0261442   0.0408922 -0.00307168
   0.462986   0.0202504 -0.00307168    0.484511
IMAGINARY
          0   0.0260152 -0.00703098 -0.00641469
 -0.0260152           0  -0.0127922  -0.0337585
 0.00703098   0.0127922           0   0.0174059
 0.00641469   0.0337585  -0.0174059           0
Repeater1[0]<--->HoM1[0]
REAL
   0.472906   0.0264947 -0.00861395    0.460029
  0.0264947   0.0344828   0.0306747    0.011934
-0.00861395   0.0306747   0.0258621  -0.0191906
   0.460029    0.011934  -0.0191906    0.466749
IMAGINARY
          0  -0.0041074   0.0146303  0.00712044
  0.0041074           0  0.00310974   0.0139933
 -0.0146303 -0.00310974           0  -0.0196441
-0.00712044  -0.0139933   0.0196441           0
EndNode1[0]<--->Repeater1[0]
REAL
  0.447958 0.00757636 0.00312454   0.461096
0.00757636  0.0382082  0.0280199  0.0166034
0.00312454  0.0280199  0.0289855  0.0121515
  0.461096  0.0166034  0.0121515   0.484848
IMAGINARY
          0   0.0037379    0.013923    0.011405
 -0.0037379           0   0.0139757 -0.00941851
  -0.013923  -0.0139757           0  -0.0030944
  -0.011405  0.00941851   0.0030944           0
EndNode2[0]<--->HoM1[0]
REAL
   0.462185    0.017097  0.00493121    0.465017
   0.017097    0.027611   0.0276837  0.00966734
 0.00493121   0.0276837   0.0408163 -0.00249845
   0.465017  0.00966734 -0.00249845    0.469388
IMAGINARY
           0  -0.00372222   -0.0115676    0.0355679
  0.00372222            0  0.000625104    0.0235676
   0.0115676 -0.000625104            0   -0.0176111
  -0.0355679   -0.0235676    0.0176111            0
Repeater1[0]<--->EndNode1[0]
REAL
  0.447958 0.00312454 0.00757636   0.461096
0.00312454  0.0289855  0.0280199  0.0121515
0.00757636  0.0280199  0.0382082  0.0166034
  0.461096  0.0121515  0.0166034   0.484848
IMAGINARY
          0    0.013923   0.0037379    0.011405
  -0.013923           0  -0.0139757  -0.0030944
 -0.0037379   0.0139757           0 -0.00941851
  -0.011405   0.0030944  0.00941851           0
Repeater1[0]<--->HoM1[0]
REAL
   0.462185  0.00493121    0.017097    0.465017
 0.00493121   0.0408163   0.0276837 -0.00249845
   0.017097   0.0276837    0.027611  0.00966734
   0.465017 -0.00249845  0.00966734    0.469388
IMAGINARY
           0   -0.0115676  -0.00372222    0.0355679
   0.0115676            0 -0.000625104   -0.0176111
  0.00372222  0.000625104            0    0.0235676
  -0.0355679    0.0176111   -0.0235676            0
EndNode1[0]<--->Repeater1[0]
REAL
   0.485602  0.00639044  -0.0183147     0.46467
 0.00639044   0.0235602   0.0278954 0.000346868
 -0.0183147   0.0278954   0.0209424  -0.0243582
    0.46467 0.000346868  -0.0243582    0.469895
IMAGINARY
           0   -0.0125458    0.0190302  -0.00840758
   0.0125458            0   0.00264574 -0.000320567
  -0.0190302  -0.00264574            0   0.00544904
  0.00840758  0.000320567  -0.00544904            0
EndNode2[0]<--->HoM1[0]
REAL
   0.463625   0.0062515  0.00360069     0.46036
  0.0062515   0.0221948   0.0283337 -0.00862582
 0.00360069   0.0283337   0.0308261   -0.017558
    0.46036 -0.00862582   -0.017558    0.483354
IMAGINARY
          0  0.00737032   0.0026279   0.0177372
-0.00737032           0  0.00383147  -0.0228893
 -0.0026279 -0.00383147           0   0.0155055
 -0.0177372   0.0228893  -0.0155055           0
Repeater1[0]<--->EndNode1[0]
REAL
   0.485602  -0.0183147  0.00639044     0.46467
 -0.0183147   0.0209424   0.0278954  -0.0243582
 0.00639044   0.0278954   0.0235602 0.000346868
    0.46467  -0.0243582 0.000346868    0.469895
IMAGINARY
           0    0.0190302   -0.0125458  -0.00840758
  -0.0190302            0  -0.00264574   0.00544904
   0.0125458   0.00264574            0 -0.000320567
  0.00840758  -0.00544904  0.000320567            0
Repeater1[0]<--->HoM1[0]
REAL
   0.463625  0.00360069   0.0062515     0.46036
 0.00360069   0.0308261   0.0283337   -0.017558
  0.0062515   0.0283337   0.0221948 -0.00862582
    0.46036   -0.017558 -0.00862582    0.483354
IMAGINARY
          0   0.0026279  0.00737032   0.0177372
 -0.0026279           0 -0.00383147   0.0155055
-0.00737032  0.00383147           0  -0.0228893
 -0.0177372  -0.0155055   0.0228893           0
EndNode1[0]<--->Repeater1[0]
REAL
   0.501205   0.0154175 0.000899817    0.463567
  0.0154175   0.0253012   0.0220913  0.00887854
0.000899817   0.0220913   0.0349398 -0.00955049
   0.463567  0.00887854 -0.00955049    0.438554
IMAGINARY
          0  0.00935257   -0.015027   0.0195239
-0.00935257           0   0.0118513   0.0137548
   0.015027  -0.0118513           0 -0.00553577
 -0.0195239  -0.0137548  0.00553577           0
EndNode2[0]<--->HoM1[0]
REAL
    0.46814 -0.00890235 -0.00267977    0.468403
-0.00890235   0.0286086   0.0223502 -0.00458575
-0.00267977   0.0223502   0.0286086  0.00295783
   0.468403 -0.00458575  0.00295783    0.474642
IMAGINARY
           0    0.0018983   0.00389676  -0.00128995
  -0.0018983            0  -0.00444253  5.06073e-05
 -0.00389676   0.00444253            0   -0.0124246
  0.00128995 -5.06073e-05    0.0124246            0
Repeater1[0]<--->EndNode1[0]
REAL
   0.501205 0.000899817   0.0154175    0.463567
0.000899817   0.0349398   0.0220913 -0.00955049
  0.0154175   0.0220913   0.0253012  0.00887854
   0.463567 -0.00955049  0.00887854    0.438554
IMAGINARY
          0   -0.015027  0.00935257   0.0195239
   0.015027           0  -0.0118513 -0.00553577
-0.00935257   0.0118513           0   0.0137548
 -0.0195239  0.00553577  -0.0137548           0
Repeater1[0]<--->HoM1[0]
REAL
    0.46814 -0.00267977 -0.00890235    0.468403
-0.00267977   0.0286086   0.0223502  0.00295783
-0.00890235   0.0223502   0.0286086 -0.00458575
   0.468403  0.00295783 -0.00458575    0.474642
IMAGINARY
           0   0.00389676    0.0018983  -0.00128995
 -0.00389676            0   0.00444253   -0.0124246
  -0.0018983  -0.00444253            0  5.06073e-05
  0.00128995    0.0124246 -5.06073e-05            0
EndNode1[0]<--->Repeater1[0]
REAL
   0.464286  0.00607577  -0.0014229    0.455828
 0.00607577   0.0304233   0.0300517 -0.00435373
 -0.0014229   0.0300517   0.0291005  -0.0105687
   0.455828 -0.00435373  -0.0105687     0.47619
IMAGINARY
           0   -0.0113643   0.00586663   -0.0109624
   0.0113643            0    0.0127806  0.000206249
 -0.00586663   -0.0127806            0   0.00394186
   0.0109624 -0.000206249  -0.00394186            0
EndNode2[0]<--->HoM1[0]
REAL
    0.44106   0.0127358 -0.00432221    0.463249
  0.0127358   0.0476821   0.0233996   0.0210111
-0.00432221   0.0233996   0.0344371  0.00662334
   0.463249   0.0210111  0.00662334    0.476821
IMAGINARY
          0  -0.0147014  0.00610661  0.00331115
  0.0147014           0  0.00851948   0.0202092
-0.00610661 -0.00851948           0  -0.0166269
-0.00331115  -0.0202092   0.0166269           0
Repeater1[0]<--->EndNode1[0]
REAL
   0.464286  -0.0014229  0.00607577    0.455828
 -0.0014229   0.0291005   0.0300517  -0.0105687
 0.00607577   0.0300517   0.0304233 -0.00435373
   0.455828  -0.0105687 -0.00435373     0.47619
IMAGINARY
           0   0.00586663   -0.0113643   -0.0109624
 -0.00586663            0   -0.0127806   0.00394186
   0.0113643    0.0127806            0  0.000206249
   0.0109624  -0.00394186 -0.000206249            0
Repeater1[0]<--->HoM1[0]
REAL
    0.44106 -0.00432221   0.0127358    0.463249
-0.00432221   0.0344371   0.0233996  0.00662334
  0.0127358   0.0233996   0.0476821   0.0210111
   0.463249  0.00662334   0.0210111    0.476821
IMAGINARY
          0  0.00610661  -0.0147014  0.00331115
-0.00610661           0 -0.00851948  -0.0166269
  0.0147014  0.00851948           0   0.0202092
-0.00331115   0.0166269  -0.0202092           0
EndNode1[0]<--->Repeater1[0]
REAL
    0.448799  -0.00410797  -0.00790396     0.456262
 -0.00410797    0.0429836     0.037202    0.0020216
 -0.00790396     0.037202    0.0379267 -0.000467193
    0.456262    0.0020216 -0.000467193     0.470291
IMAGINARY
          0  -0.0064753  0.00165311   0.0278322
  0.0064753           0  -0.0131074  0.00356882
-0.00165311   0.0131074           0  0.00908627
 -0.0278322 -0.00356882 -0.00908627           0
EndNode2[0]<--->HoM1[0]
REAL
  0.486076 0.00291056 0.00453874   0.462074
0.00291056  0.0405063  0.0288352 0.00195476
0.00453874  0.0288352  0.0316456 0.00488165
  0.462074 0.00195476 0.00488165   0.441772
IMAGINARY
          0   0.0136301  0.00311894 -0.00894771
 -0.0136301           0   0.0116002 -0.00880076
-0.00311894  -0.0116002           0  -0.0122097
 0.00894771  0.00880076   0.0122097           0
Repeater1[0]<--->EndNode1[0]
REAL
    0.448799  -0.00790396  -0.00410797     0.456262
 -0.00790396    0.0379267     0.037202 -0.000467193
 -0.00410797     0.037202    0.0429836    0.0020216
    0.456262 -0.000467193    0.0020216     0.470291
IMAGINARY
          0  0.00165311  -0.0064753   0.0278322
-0.00165311           0   0.0131074  0.00908627
  0.0064753  -0.0131074           0  0.00356882
 -0.0278322 -0.00908627 -0.00356882           0
Repeater1[0]<--->HoM1[0]
REAL
  0.486076 0.00453874 0.00291056   0.462074
0.00453874  0.0316456  0.0288352 0.00488165
0.00291056  0.0288352  0.0405063 0.00195476
  0.462074 0.00488165 0.00195476   0.441772
IMAGINARY
          0  0.00311894   0.0136301 -0.00894771
-0.00311894           0  -0.0116002  -0.0122097
 -0.0136301   0.0116002           0 -0.00880076
 0.00894771   0.0122097  0.00880076           0
EndNode1[0]<--->Repeater1[0]
REAL
   0.434501  0.00246607  -0.0155042    0.468437
 0.00246607   0.0298314   0.0198444  0.00769169
 -0.0155042   0.0198444   0.0492866 -0.00637232
   0.468437  0.00769169 -0.00637232    0.486381
IMAGINARY
           0  7.17182e-05    0.0141804  -0.00807827
-7.17182e-05            0  0.000265765   -0.0245843
  -0.0141804 -0.000265765            0   0.00788422
  0.00807827    0.0245843  -0.00788422            0
EndNode2[0]<--->HoM1[0]
REAL
  0.447268  -0.016346 0.00392241   0.451377
 -0.016346   0.021601  0.0269433 -0.0134075
0.00392241  0.0269433  0.0368488 0.00415089
  0.451377 -0.0134075 0.00415089   0.494282
IMAGINARY
          0 -0.00920868 -0.00788177  0.00188031
 0.00920868           0  0.00704827 -0.00723158
 0.00788177 -0.00704827           0   0.0167654
-0.00188031  0.00723158  -0.0167654           0
Repeater1[0]<--->EndNode1[0]
REAL
   0.434501  -0.0155042  0.00246607    0.468437
 -0.0155042   0.0492866   0.0198444 -0.00637232
 0.00246607   0.0198444   0.0298314  0.00769169
   0.468437 -0.00637232  0.00769169    0.486381
IMAGINARY
           0    0.0141804  7.17182e-05  -0.00807827
  -0.0141804            0 -0.000265765   0.00788422
-7.17182e-05  0.000265765            0   -0.0245843
  0.00807827  -0.00788422    0.0245843            0
Repeater1[0]<--->HoM1[0]
REAL
  0.447268 0.00392241  -0.016346   0.451377
0.00392241  0.0368488  0.0269433 0.00415089
 -0.016346  0.0269433   0.021601 -0.0134075
  0.451377 0.00415089 -0.0134075   0.494282
IMAGINARY
          0 -0.00788177 -0.00920868  0.00188031
 0.00788177           0 -0.00704827   0.0167654
 0.00920868  0.00704827           0 -0.00723158
-0.00188031  -0.0167654  0.00723158           0
EndNode1[0]<--->Repeater1[0]
REAL
   0.475477 -0.00657429   0.0136606      0.4606
-0.00657429   0.0326975   0.0267578 -0.00670736
  0.0136606   0.0267578    0.020436  0.00594218
     0.4606 -0.00670736  0.00594218     0.47139
IMAGINARY
           0  0.000410253   -0.0201892   0.00410532
-0.000410253            0   -0.0159952   0.00619431
   0.0201892    0.0159952            0    0.0135847
 -0.00410532  -0.00619431   -0.0135847            0
EndNode2[0]<--->HoM1[0]
REAL
    0.477612   0.00569675   0.00315249     0.459622
  0.00569675     0.036635    0.0309565  -0.00247955
  0.00315249    0.0309565    0.0257802 -0.000986117
    0.459622  -0.00247955 -0.000986117     0.459973
IMAGINARY
           0   0.00651151  -0.00139993   0.00590959
 -0.00651151            0   -0.0126581  -0.00454459
  0.00139993    0.0126581            0 -0.000566995
 -0.00590959   0.00454459  0.000566995            0
Repeater1[0]<--->EndNode1[0]
REAL
   0.475477   0.0136606 -0.00657429      0.4606
  0.0136606    0.020436   0.0267578  0.00594218
-0.00657429   0.0267578   0.0326975 -0.00670736
     0.4606  0.00594218 -0.00670736     0.47139
IMAGINARY
           0   -0.0201892  0.000410253   0.00410532
   0.0201892            0    0.0159952    0.0135847
-0.000410253   -0.0159952            0   0.00619431
 -0.00410532   -0.0135847  -0.00619431            0
Repeater1[0]<--->HoM1[0]
REAL
    0.477612   0.00315249   0.00569675     0.459622
  0.00315249    0.0257802    0.0309565 -0.000986117
  0.00569675    0.0309565     0.036635  -0.00247955
    0.459622 -0.000986117  -0.00247955     0.459973
IMAGINARY
           0  -0.00139993   0.00651151   0.00590959
  0.00139993            0    0.0126581 -0.000566995
 -0.00651151   -0.0126581            0  -0.00454459
 -0.00590959  0.000566995   0.00454459            0
EndNode1[0]<--->Repeater1[0]
REAL
    0.477302 -0.000180347    0.0213819     0.467852
-0.000180347    0.0389105    0.0257866   0.00533567
   0.0213819    0.0257866    0.0350195    0.0281702
    0.467852   0.00533567    0.0281702     0.448768
IMAGINARY
          0  -0.0217023  0.00903227  -0.0128069
  0.0217023           0  0.00958113   0.0211944
-0.00903227 -0.00958113           0  -0.0236378
  0.0128069  -0.0211944   0.0236378           0
EndNode2[0]<--->HoM1[0]
REAL
   0.451948  0.00594099  -0.0148566    0.464833
 0.00594099   0.0402597   0.0263511  0.00981877
 -0.0148566   0.0263511   0.0311688 -0.00720044
   0.464833  0.00981877 -0.00720044    0.476623
IMAGINARY
         0  0.0229058  -0.024064  0.0225667
-0.0229058          0  0.0120077 -0.0112763
  0.024064 -0.0120077          0  0.0294503
-0.0225667  0.0112763 -0.0294503          0
Repeater1[0]<--->EndNode1[0]
REAL
    0.477302    0.0213819 -0.000180347     0.467852
   0.0213819    0.0350195    0.0257866    0.0281702
-0.000180347    0.0257866    0.0389105   0.00533567
    0.467852    0.0281702   0.00533567     0.448768
IMAGINARY
          0  0.00903227  -0.0217023  -0.0128069
-0.00903227           0 -0.00958113  -0.0236378
  0.0217023  0.00958113           0   0.0211944
  0.0128069   0.0236378  -0.0211944           0
Repeater1[0]<--->HoM1[0]
REAL
   0.451948  -0.0148566  0.00594099    0.464833
 -0.0148566   0.0311688   0.0263511 -0.00720044
 0.00594099   0.0263511   0.0402597  0.00981877
   0.464833 -0.00720044  0.00981877    0.476623
IMAGINARY
         0  -0.024064  0.0229058  0.0225667
  0.024064          0 -0.0120077  0.0294503
-0.0229058  0.0120077          0 -0.0112763
-0.0225667 -0.0294503  0.0112763          0
EndNode1[0]<--->Repeater1[0]
REAL
   0.451444  -0.0157561  -0.0279055     0.46264
 -0.0157561   0.0314961   0.0265495  0.00222981
 -0.0279055   0.0265495   0.0354331 -0.00991955
    0.46264  0.00222981 -0.00991955    0.481627
IMAGINARY
          0 -0.00362333 -0.00451482 -0.00776398
 0.00362333           0 -0.00776398  0.00576795
 0.00451482  0.00776398           0   0.0061296
 0.00776398 -0.00576795  -0.0061296           0
EndNode2[0]<--->HoM1[0]
REAL
   0.478969 -0.00700898  0.00685399    0.454847
-0.00700898   0.0352782   0.0364793 -0.00375609
 0.00685399   0.0364793    0.036635   0.0138243
   0.454847 -0.00375609   0.0138243    0.449118
IMAGINARY
          0  0.00888608 -0.00874978  0.00701447
-0.00888608           0  -0.0138981   0.0045481
 0.00874978   0.0138981           0 -0.00228344
