EndNode1[0]<--->Repeater1[0]
REAL
    0.309185  -0.00242479    0.0267599     0.149199
 -0.00242479     0.182406   -0.0141809 -0.000249371
   0.0267599   -0.0141809     0.174644   0.00427436
    0.149199 -0.000249371   0.00427436     0.333765
IMAGINARY
         0 -0.0122108  0.0130569  0.0122951
 0.0122108          0 -0.0122951  0.0137037
-0.0130569  0.0122951          0  0.0122108
-0.0122951 -0.0137037 -0.0122108          0
EndNode2[0]<--->HoM1[0]
REAL
  0.306513  0.0117778 -0.0030105   0.126103
 0.0117778   0.191571 0.00705582  0.0108434
-0.0030105 0.00705582   0.186462  0.0104154
  0.126103  0.0108434  0.0104154   0.315453
IMAGINARY
          0  0.00642674  -0.0232426   0.0141105
-0.00642674           0 -0.00169224  0.00736961
  0.0232426  0.00169224           0 -0.00642674
 -0.0141105 -0.00736961  0.00642674           0
Repeater1[0]<--->EndNode1[0]
REAL
    0.309185    0.0267599  -0.00242479     0.149199
   0.0267599     0.174644   -0.0141809   0.00427436
 -0.00242479   -0.0141809     0.182406 -0.000249371
    0.149199   0.00427436 -0.000249371     0.333765
IMAGINARY
         0  0.0130569 -0.0122108  0.0122951
-0.0130569          0  0.0122951  0.0122108
 0.0122108 -0.0122951          0  0.0137037
-0.0122951 -0.0122108 -0.0137037          0
Repeater1[0]<--->HoM1[0]
REAL
  0.306513 -0.0030105  0.0117778   0.126103
-0.0030105   0.186462 0.00705582  0.0104154
 0.0117778 0.00705582   0.191571  0.0108434
  0.126103  0.0104154  0.0108434   0.315453
IMAGINARY
          0  -0.0232426  0.00642674   0.0141105
  0.0232426           0  0.00169224 -0.00642674
-0.00642674 -0.00169224           0  0.00736961
 -0.0141105  0.00642674 -0.00736961           0
EndNode1[0]<--->Repeater1[0]
REAL
   0.302445 -0.00394459   0.0176213    0.136535
-0.00394459    0.196911 -0.00588175  0.00876058
  0.0176213 -0.00588175    0.198198  0.00771344
   0.136535  0.00876058  0.00771344    0.302445
IMAGINARY
          0 -0.00262264  0.00740398  -0.0066108
 0.00262264           0  -0.0234939 -0.00185528
-0.00740398   0.0234939           0 -0.00785824
  0.0066108  0.00185528  0.00785824           0
EndNode2[0]<--->HoM1[0]
REAL
   0.330163  -0.0145298  -0.0105013    0.127955
 -0.0145298    0.152174  0.00158165  -0.0226652
 -0.0105013  0.00158165     0.17663 -0.00612101
   0.127955  -0.0226652 -0.00612101    0.341033
IMAGINARY
           0  -0.00190913    0.0143408    0.0310469
  0.00190913            0    0.0121789   0.00458471
  -0.0143408   -0.0121789            0  7.76266e-05
  -0.0310469  -0.00458471 -7.76266e-05            0
Repeater1[0]<--->EndNode1[0]
REAL
   0.302445   0.0176213 -0.00394459    0.136535
  0.0176213    0.198198 -0.00588175  0.00771344
-0.00394459 -0.00588175    0.196911  0.00876058
   0.136535  0.00771344  0.00876058    0.302445
IMAGINARY
          0  0.00740398 -0.00262264  -0.0066108
-0.00740398           0   0.0234939 -0.00785824
 0.00262264  -0.0234939           0 -0.00185528
  0.0066108  0.00785824  0.00185528           0
Repeater1[0]<--->HoM1[0]
REAL
   0.330163  -0.0105013  -0.0145298    0.127955
 -0.0105013     0.17663  0.00158165 -0.00612101
 -0.0145298  0.00158165    0.152174  -0.0226652
   0.127955 -0.00612101  -0.0226652    0.341033
IMAGINARY
           0    0.0143408  -0.00190913    0.0310469
  -0.0143408            0   -0.0121789  7.76266e-05
  0.00190913    0.0121789            0   0.00458471
  -0.0310469 -7.76266e-05  -0.00458471            0
EndNode1[0]<--->Repeater1[0]
REAL
    0.331586  -0.00641861 -0.000952605     0.129805
 -0.00641861     0.179554   -0.0153157   -0.0100435
-0.000952605   -0.0153157     0.190039   0.00318446
    0.129805   -0.0100435   0.00318446      0.29882
IMAGINARY
          0  0.00122198  -0.0133395 -0.00452873
-0.00122198           0  0.00641078 -0.00503814
  0.0133395 -0.00641078           0  0.00448144
 0.00452873  0.00503814 -0.00448144           0
EndNode2[0]<--->HoM1[0]
REAL
   0.315995 -0.00376707   0.0074618    0.130518
-0.00376707     0.20156  -0.0295074 -0.00998705
  0.0074618  -0.0295074    0.159948   0.0113428
   0.130518 -0.00998705   0.0113428    0.322497
IMAGINARY
          0   0.0203596 -0.00167331  -0.0107938
 -0.0203596           0   0.0067615  0.00478664
 0.00167331  -0.0067615           0   0.0051697
  0.0107938 -0.00478664  -0.0051697           0
Repeater1[0]<--->EndNode1[0]
REAL
    0.331586 -0.000952605  -0.00641861     0.129805
-0.000952605     0.190039   -0.0153157   0.00318446
 -0.00641861   -0.0153157     0.179554   -0.0100435
    0.129805   0.00318446   -0.0100435      0.29882
IMAGINARY
          0  -0.0133395  0.00122198 -0.00452873
  0.0133395           0 -0.00641078  0.00448144
-0.00122198  0.00641078           0 -0.00503814
 0.00452873 -0.00448144  0.00503814           0
Repeater1[0]<--->HoM1[0]
REAL
   0.315995   0.0074618 -0.00376707    0.130518
  0.0074618    0.159948  -0.0295074   0.0113428
-0.00376707  -0.0295074     0.20156 -0.00998705
   0.130518   0.0113428 -0.00998705    0.322497
IMAGINARY
          0 -0.00167331   0.0203596  -0.0107938
 0.00167331           0  -0.0067615   0.0051697
 -0.0203596   0.0067615           0  0.00478664
  0.0107938  -0.0051697 -0.00478664           0
EndNode1[0]<--->Repeater1[0]
REAL
   0.314211   0.0113136  -0.0132435    0.138609
  0.0113136    0.181226 -0.00434407  0.00777565
 -0.0132435 -0.00434407    0.170795  -0.0131362
   0.138609  0.00777565  -0.0131362    0.333768
IMAGINARY
           0    0.0104326  -0.00613741 -0.000826006
  -0.0104326            0    0.0214103    0.0175468
  0.00613741   -0.0214103            0    0.0130573
 0.000826006   -0.0175468   -0.0130573            0
EndNode2[0]<--->HoM1[0]
REAL
   0.329574 -0.00161495 -0.00634016    0.158062
-0.00161495    0.170426  0.00165146    0.013511
-0.00634016  0.00165146    0.166667 -0.00294828
   0.158062    0.013511 -0.00294828    0.333333
IMAGINARY
          0  0.00230294  0.00499392  0.00650017
-0.00230294           0  0.00109477 -0.00884007
-0.00499392 -0.00109477           0  -0.0112773
-0.00650017  0.00884007   0.0112773           0
Repeater1[0]<--->EndNode1[0]
REAL
   0.314211  -0.0132435   0.0113136    0.138609
 -0.0132435    0.170795 -0.00434407  -0.0131362
  0.0113136 -0.00434407    0.181226  0.00777565
   0.138609  -0.0131362  0.00777565    0.333768
IMAGINARY
           0  -0.00613741    0.0104326 -0.000826006
  0.00613741            0   -0.0214103    0.0130573
  -0.0104326    0.0214103            0    0.0175468
 0.000826006   -0.0130573   -0.0175468            0
Repeater1[0]<--->HoM1[0]
REAL
   0.329574 -0.00634016 -0.00161495    0.158062
-0.00634016    0.166667  0.00165146 -0.00294828
-0.00161495  0.00165146    0.170426    0.013511
   0.158062 -0.00294828    0.013511    0.333333
IMAGINARY
          0  0.00499392  0.00230294  0.00650017
-0.00499392           0 -0.00109477  -0.0112773
-0.00230294  0.00109477           0 -0.00884007
-0.00650017   0.0112773  0.00884007           0
EndNode1[0]<--->Repeater1[0]
REAL
    0.281369 -0.000965787   -0.0171698     0.126635
-0.000965787     0.190114  0.000525748   -0.0112253
  -0.0171698  0.000525748     0.202788    -0.022491
    0.126635   -0.0112253    -0.022491     0.325729
IMAGINARY
         0 -0.0225722  -0.012043  -0.019675
 0.0225722          0  0.0106076  -0.010137
  0.012043 -0.0106076          0  0.0206711
  0.019675   0.010137 -0.0206711          0
EndNode2[0]<--->HoM1[0]
REAL
    0.332911 -0.000645233   -0.0272836     0.123628
-0.000645233     0.164557    0.0136149    -0.024107
  -0.0272836    0.0136149     0.189873  4.06381e-05
    0.123628    -0.024107  4.06381e-05     0.312658
IMAGINARY
          0  0.00895746  0.00497702 -0.00222525
-0.00895746           0  0.00413608   0.0233497
-0.00497702 -0.00413608           0  -0.0162038
 0.00222525  -0.0233497   0.0162038           0
Repeater1[0]<--->EndNode1[0]
REAL
    0.281369   -0.0171698 -0.000965787     0.126635
  -0.0171698     0.202788  0.000525748    -0.022491
-0.000965787  0.000525748     0.190114   -0.0112253
    0.126635    -0.022491   -0.0112253     0.325729
IMAGINARY
         0  -0.012043 -0.0225722  -0.019675
  0.012043          0 -0.0106076  0.0206711
 0.0225722  0.0106076          0  -0.010137
  0.019675 -0.0206711   0.010137          0
Repeater1[0]<--->HoM1[0]
REAL
    0.332911   -0.0272836 -0.000645233     0.123628
  -0.0272836     0.189873    0.0136149  4.06381e-05
-0.000645233    0.0136149     0.164557    -0.024107
    0.123628  4.06381e-05    -0.024107     0.312658
IMAGINARY
          0  0.00497702  0.00895746 -0.00222525
-0.00497702           0 -0.00413608  -0.0162038
-0.00895746  0.00413608           0   0.0233497
 0.00222525   0.0162038  -0.0233497           0
EndNode1[0]<--->Repeater1[0]
REAL
   0.302879 -0.00322165  0.00394694     0.12835
-0.00322165    0.182728  -0.0162363 -0.00652426
 0.00394694  -0.0162363    0.168961 -0.00322165
    0.12835 -0.00652426 -0.00322165    0.345432
IMAGINARY
           0   -0.0076977   0.00950425    0.0205241
   0.0076977            0    0.0224447    -0.012689
 -0.00950425   -0.0224447            0 -0.000582559
  -0.0205241     0.012689  0.000582559            0
EndNode2[0]<--->HoM1[0]
REAL
  0.323138  0.0131579 0.00289539   0.145617
 0.0131579   0.199468 0.00551694  0.0134774
0.00289539 0.00551694    0.18617 -0.0131579
  0.145617  0.0134774 -0.0131579   0.291223
IMAGINARY
          0 -0.00264127 -0.00983827   0.0229448
 0.00264127           0 -0.00310351  0.00921561
 0.00983827  0.00310351           0   0.0244345
 -0.0229448 -0.00921561  -0.0244345           0
Repeater1[0]<--->EndNode1[0]
REAL
   0.302879  0.00394694 -0.00322165     0.12835
 0.00394694    0.168961  -0.0162363 -0.00322165
-0.00322165  -0.0162363    0.182728 -0.00652426
    0.12835 -0.00322165 -0.00652426    0.345432
IMAGINARY
           0   0.00950425   -0.0076977    0.0205241
 -0.00950425            0   -0.0224447 -0.000582559
   0.0076977    0.0224447            0    -0.012689
  -0.0205241  0.000582559     0.012689            0
Repeater1[0]<--->HoM1[0]
REAL
  0.323138 0.00289539  0.0131579   0.145617
0.00289539    0.18617 0.00551694 -0.0131579
 0.0131579 0.00551694   0.199468  0.0134774
  0.145617 -0.0131579  0.0134774   0.291223
IMAGINARY
          0 -0.00983827 -0.00264127   0.0229448
 0.00983827           0  0.00310351   0.0244345
 0.00264127 -0.00310351           0  0.00921561
 -0.0229448  -0.0244345 -0.00921561           0
EndNode1[0]<--->Repeater1[0]
REAL
   0.303763  -0.0095326   0.0114705    0.128318
 -0.0095326    0.181452 -0.00908691 -0.00762431
  0.0114705 -0.00908691     0.18414   0.0095326
   0.128318 -0.00762431   0.0095326    0.330645
IMAGINARY
          0   0.0153013 -0.00387547  -0.0104364
 -0.0153013           0  0.00793635 -0.00630265
 0.00387547 -0.00793635           0  -0.0114845
  0.0104364  0.00630265   0.0114845           0
EndNode2[0]<--->HoM1[0]
REAL
    0.311741   0.00370152 -0.000701713      0.13084
  0.00370152     0.164642    0.0018923  -0.00960757
-0.000701713    0.0018923     0.202429   -0.0178768
     0.13084  -0.00960757   -0.0178768     0.321188
IMAGINARY
          0   0.0112147  -0.0100507  -0.0124336
 -0.0112147           0  0.00260399 -0.00179145
  0.0100507 -0.00260399           0   0.0137853
  0.0124336  0.00179145  -0.0137853           0
Repeater1[0]<--->EndNode1[0]
REAL
   0.303763   0.0114705  -0.0095326    0.128318
  0.0114705     0.18414 -0.00908691   0.0095326
 -0.0095326 -0.00908691    0.181452 -0.00762431
   0.128318   0.0095326 -0.00762431    0.330645
IMAGINARY
          0 -0.00387547   0.0153013  -0.0104364
 0.00387547           0 -0.00793635  -0.0114845
 -0.0153013  0.00793635           0 -0.00630265
  0.0104364   0.0114845  0.00630265           0
Repeater1[0]<--->HoM1[0]
REAL
    0.311741 -0.000701713   0.00370152      0.13084
-0.000701713     0.202429    0.0018923   -0.0178768
  0.00370152    0.0018923     0.164642  -0.00960757
     0.13084   -0.0178768  -0.00960757     0.321188
IMAGINARY
          0  -0.0100507   0.0112147  -0.0124336
  0.0100507           0 -0.00260399   0.0137853
 -0.0112147  0.00260399           0 -0.00179145
  0.0124336  -0.0137853  0.00179145           0
EndNode1[0]<--->Repeater1[0]
REAL
   0.314741 -0.00299243  0.00856943    0.131559
-0.00299243    0.179283  -0.0188268  -0.0138745
 0.00856943  -0.0188268    0.191235  -0.0155752
   0.131559  -0.0138745  -0.0155752    0.314741
IMAGINARY
          0 -0.00453437  0.00375767   -0.001695
 0.00453437           0  0.00856141  -0.0217525
-0.00375767 -0.00856141           0   0.0250999
   0.001695   0.0217525  -0.0250999           0
EndNode2[0]<--->HoM1[0]
REAL
   0.329427  0.00566358 -0.00687112    0.139276
 0.00566358     0.19401  -0.0294895  0.00498906
-0.00687112  -0.0294895    0.169271 -0.00127211
   0.139276  0.00498906 -0.00127211    0.307292
IMAGINARY
           0   0.00480697  0.000629723    0.0171133
 -0.00480697            0   -0.0178011  0.000629723
-0.000629723    0.0178011            0  -0.00732586
  -0.0171133 -0.000629723   0.00732586            0
Repeater1[0]<--->EndNode1[0]
REAL
   0.314741  0.00856943 -0.00299243    0.131559
 0.00856943    0.191235  -0.0188268  -0.0155752
-0.00299243  -0.0188268    0.179283  -0.0138745
   0.131559  -0.0155752  -0.0138745    0.314741
IMAGINARY
          0  0.00375767 -0.00453437   -0.001695
-0.00375767           0 -0.00856141   0.0250999
 0.00453437  0.00856141           0  -0.0217525
   0.001695  -0.0250999   0.0217525           0
Repeater1[0]<--->HoM1[0]
REAL
   0.329427 -0.00687112  0.00566358    0.139276
-0.00687112    0.169271  -0.0294895 -0.00127211
 0.00566358  -0.0294895     0.19401  0.00498906
   0.139276 -0.00127211  0.00498906    0.307292
IMAGINARY
           0  0.000629723   0.00480697    0.0171133
-0.000629723            0    0.0178011  -0.00732586
 -0.00480697   -0.0178011            0  0.000629723
  -0.0171133   0.00732586 -0.000629723            0
EndNode1[0]<--->Repeater1[0]
REAL
   0.350126  0.00950309  -0.0159427    0.129497
 0.00950309    0.171285  0.00274511 -0.00798677
 -0.0159427  0.00274511    0.173804  -0.0359515
   0.129497 -0.00798677  -0.0359515    0.304786
IMAGINARY
          0 -0.00119847   0.0199847  -0.0119497
 0.00119847           0  -0.0033632   0.0265121
 -0.0199847   0.0033632           0   -0.015999
  0.0119497  -0.0265121    0.015999           0
EndNode2[0]<--->HoM1[0]
REAL
   0.31625    0.01998 -0.0062934   0.154573
   0.01998     0.1925  0.0199063 0.00759549
-0.0062934  0.0199063       0.17 0.00736377
  0.154573 0.00759549 0.00736377    0.32125
IMAGINARY
          0     0.01109   -0.012896 -0.00344561
   -0.01109           0 -0.00543764 -0.00843737
   0.012896  0.00543764           0 -0.00309001
 0.00344561  0.00843737  0.00309001           0
Repeater1[0]<--->EndNode1[0]
REAL
   0.350126  -0.0159427  0.00950309    0.129497
 -0.0159427    0.173804  0.00274511  -0.0359515
 0.00950309  0.00274511    0.171285 -0.00798677
   0.129497  -0.0359515 -0.00798677    0.304786
IMAGINARY
          0   0.0199847 -0.00119847  -0.0119497
 -0.0199847           0   0.0033632   -0.015999
 0.00119847  -0.0033632           0   0.0265121
  0.0119497    0.015999  -0.0265121           0
Repeater1[0]<--->HoM1[0]
REAL
   0.31625 -0.0062934    0.01998   0.154573
-0.0062934       0.17  0.0199063 0.00736377
   0.01998  0.0199063     0.1925 0.00759549
  0.154573 0.00736377 0.00759549    0.32125
IMAGINARY
          0   -0.012896     0.01109 -0.00344561
   0.012896           0  0.00543764 -0.00309001
   -0.01109 -0.00543764           0 -0.00843737
 0.00344561  0.00309001  0.00843737           0
EndNode1[0]<--->Repeater1[0]
REAL
   0.333333  0.00225806 0.000614744    0.124324
 0.00225806       0.188 -0.00572606   0.0169055
0.000614744 -0.00572606    0.161333 -0.00225806
   0.124324   0.0169055 -0.00225806    0.317333
IMAGINARY
          0   0.0297134  0.00293375 -0.00855287
 -0.0297134           0  0.00977836  -0.0117721
-0.00293375 -0.00977836           0   0.0132159
 0.00855287   0.0117721  -0.0132159           0
EndNode2[0]<--->HoM1[0]
REAL
   0.326557  -0.0218146 -0.00796035    0.114161
 -0.0218146    0.182973   0.0247652  0.00594693
-0.00796035   0.0247652    0.189327 -0.00301761
   0.114161  0.00594693 -0.00301761    0.301144
IMAGINARY
          0  -0.0101809  -0.0255024   0.0156485
  0.0101809           0   0.0209677  -0.0133385
  0.0255024  -0.0209677           0  0.00586528
 -0.0156485   0.0133385 -0.00586528           0
Repeater1[0]<--->EndNode1[0]
REAL
   0.333333 0.000614744  0.00225806    0.124324
0.000614744    0.161333 -0.00572606 -0.00225806
 0.00225806 -0.00572606       0.188   0.0169055
   0.124324 -0.00225806   0.0169055    0.317333
IMAGINARY
          0  0.00293375   0.0297134 -0.00855287
-0.00293375           0 -0.00977836   0.0132159
 -0.0297134  0.00977836           0  -0.0117721
 0.00855287  -0.0132159   0.0117721           0
Repeater1[0]<--->HoM1[0]
REAL
   0.326557 -0.00796035  -0.0218146    0.114161
-0.00796035    0.189327   0.0247652 -0.00301761
 -0.0218146   0.0247652    0.182973  0.00594693
   0.114161 -0.00301761  0.00594693    0.301144
IMAGINARY
          0  -0.0255024  -0.0101809   0.0156485
  0.0255024           0  -0.0209677  0.00586528
  0.0101809   0.0209677           0  -0.0133385
 -0.0156485 -0.00586528   0.0133385           0
EndNode1[0]<--->Repeater1[0]
REAL
   0.339895  -0.0217466  0.00792924    0.131218
 -0.0217466    0.195538   -0.011363 -0.00429728
 0.00792924   -0.011363    0.154856  0.00358676
   0.131218 -0.00429728  0.00358676    0.309711
IMAGINARY
          0 -0.00451613 -0.00734498   0.0257528
 0.00451613           0  -0.0041951 -0.00233244
 0.00734498   0.0041951           0   0.0154839
 -0.0257528  0.00233244  -0.0154839           0
EndNode2[0]<--->HoM1[0]
REAL
   0.325858  -0.0013361  0.00756322    0.159654
 -0.0013361    0.187335  -0.0168956  -0.0137701
 0.00756322  -0.0168956    0.186016 -0.00625011
   0.159654  -0.0137701 -0.00625011    0.300792
IMAGINARY
          0  -0.0154434 -0.00930121  0.00361728
  0.0154434           0   0.0154479   0.0106489
 0.00930121  -0.0154479           0  -0.0236401
-0.00361728  -0.0106489   0.0236401           0
Repeater1[0]<--->EndNode1[0]
REAL
   0.339895  0.00792924  -0.0217466    0.131218
 0.00792924    0.154856   -0.011363  0.00358676
 -0.0217466   -0.011363    0.195538 -0.00429728
   0.131218  0.00358676 -0.00429728    0.309711
IMAGINARY
          0 -0.00734498 -0.00451613   0.0257528
 0.00734498           0   0.0041951   0.0154839
 0.00451613  -0.0041951           0 -0.00233244
 -0.0257528  -0.0154839  0.00233244           0
Repeater1[0]<--->HoM1[0]
REAL
   0.325858  0.00756322  -0.0013361    0.159654
 0.00756322    0.186016  -0.0168956 -0.00625011
 -0.0013361  -0.0168956    0.187335  -0.0137701
   0.159654 -0.00625011  -0.0137701    0.300792
IMAGINARY
          0 -0.00930121  -0.0154434  0.00361728
 0.00930121           0  -0.0154479  -0.0236401
  0.0154434   0.0154479           0   0.0106489
-0.00361728   0.0236401  -0.0106489           0
EndNode1[0]<--->Repeater1[0]
REAL
   0.327201 -0.00109673   0.0170615    0.136659
-0.00109673    0.177398  -0.0312948  -0.0087601
  0.0170615  -0.0312948    0.178712   0.0106753
   0.136659  -0.0087601   0.0106753    0.316689
IMAGINARY
           0    0.0176963    0.0164106    0.0063063
  -0.0176963            0  -0.00960881 -0.000323042
  -0.0164106   0.00960881            0    0.0176963
  -0.0063063  0.000323042   -0.0176963            0
EndNode2[0]<--->HoM1[0]
REAL
   0.303685  0.00785603   0.0271556     0.12255
 0.00785603     0.19568 -0.00882728 0.000163322
  0.0271556 -0.00882728    0.158831   0.0270868
    0.12255 0.000163322   0.0270868    0.341804
IMAGINARY
          0 -0.00796183   0.0109608 -0.00871015
 0.00796183           0 -0.00937771 -0.00458325
 -0.0109608  0.00937771           0 -0.00479327
 0.00871015  0.00458325  0.00479327           0
Repeater1[0]<--->EndNode1[0]
REAL
   0.327201   0.0170615 -0.00109673    0.136659
  0.0170615    0.178712  -0.0312948   0.0106753
-0.00109673  -0.0312948    0.177398  -0.0087601
   0.136659   0.0106753  -0.0087601    0.316689
IMAGINARY
           0    0.0164106    0.0176963    0.0063063
  -0.0164106            0   0.00960881    0.0176963
  -0.0176963  -0.00960881            0 -0.000323042
  -0.0063063   -0.0176963  0.000323042            0
Repeater1[0]<--->HoM1[0]
REAL
   0.303685   0.0271556  0.00785603     0.12255
  0.0271556    0.158831 -0.00882728   0.0270868
 0.00785603 -0.00882728     0.19568 0.000163322
    0.12255   0.0270868 0.000163322    0.341804
IMAGINARY
          0   0.0109608 -0.00796183 -0.00871015
 -0.0109608           0  0.00937771 -0.00479327
 0.00796183 -0.00937771           0 -0.00458325
 0.00871015  0.00479327  0.00458325           0
EndNode1[0]<--->Repeater1[0]
REAL
   0.339218 -0.00069733  -0.0142349     0.13726
-0.00069733    0.161412 -0.00662949  0.00458235
 -0.0142349 -0.00662949    0.185372 -0.00766818
    0.13726  0.00458235 -0.00766818    0.313997
IMAGINARY
           0   0.00775116   0.00523825    0.0156923
 -0.00775116            0    -0.016903  0.000675019
 -0.00523825     0.016903            0  -0.00183788
  -0.0156923 -0.000675019   0.00183788            0
EndNode2[0]<--->HoM1[0]
REAL
  0.317997 -0.0204708 0.00680628   0.122991
-0.0204708   0.190798 0.00108755 -0.0178628
0.00680628 0.00108755   0.179973 -0.0126988
  0.122991 -0.0178628 -0.0126988   0.311231
IMAGINARY
          0 -0.00277524    0.011734  -0.0207004
 0.00277524           0  -0.0107502 -0.00847458
  -0.011734   0.0107502           0  -0.0213447
  0.0207004  0.00847458   0.0213447           0
Repeater1[0]<--->EndNode1[0]
REAL
   0.339218  -0.0142349 -0.00069733     0.13726
 -0.0142349    0.185372 -0.00662949 -0.00766818
-0.00069733 -0.00662949    0.161412  0.00458235
    0.13726 -0.00766818  0.00458235    0.313997
IMAGINARY
           0   0.00523825   0.00775116    0.0156923
 -0.00523825            0     0.016903  -0.00183788
 -0.00775116    -0.016903            0  0.000675019
  -0.0156923   0.00183788 -0.000675019            0
Repeater1[0]<--->HoM1[0]
REAL
  0.317997 0.00680628 -0.0204708   0.122991
0.00680628   0.179973 0.00108755 -0.0126988
-0.0204708 0.00108755   0.190798 -0.0178628
  0.122991 -0.0126988 -0.0178628   0.311231
IMAGINARY
          0    0.011734 -0.00277524  -0.0207004
  -0.011734           0   0.0107502  -0.0213447
 0.00277524  -0.0107502           0 -0.00847458
  0.0207004   0.0213447  0.00847458           0
EndNode1[0]<--->Repeater1[0]
REAL
    0.319205    -0.017342   0.00159311     0.135889
   -0.017342     0.189404    0.0254017 -0.000352415
  0.00159311    0.0254017     0.166887   0.00245366
    0.135889 -0.000352415   0.00245366     0.324503
IMAGINARY
          0 -0.00960165   0.0108344  -0.0116232
 0.00960165           0 -0.00199547  -0.0114586
 -0.0108344  0.00199547           0 -0.00225853
  0.0116232   0.0114586  0.00225853           0
EndNode2[0]<--->HoM1[0]
REAL
   0.298204   0.0150387 -0.00524066    0.128165
  0.0150387    0.171257  0.00200884  0.00857844
-0.00524066  0.00200884    0.177246   0.0243472
   0.128165  0.00857844   0.0243472    0.353293
IMAGINARY
          0   0.0223911  -0.0042705 -0.00431788
 -0.0223911           0  0.00366085   -0.010921
  0.0042705 -0.00366085           0   0.0152575
 0.00431788    0.010921  -0.0152575           0
Repeater1[0]<--->EndNode1[0]
REAL
    0.319205   0.00159311    -0.017342     0.135889
  0.00159311     0.166887    0.0254017   0.00245366
   -0.017342    0.0254017     0.189404 -0.000352415
    0.135889   0.00245366 -0.000352415     0.324503
IMAGINARY
          0   0.0108344 -0.00960165  -0.0116232
 -0.0108344           0  0.00199547 -0.00225853
 0.00960165 -0.00199547           0  -0.0114586
  0.0116232  0.00225853   0.0114586           0
Repeater1[0]<--->HoM1[0]
REAL
   0.298204 -0.00524066   0.0150387    0.128165
-0.00524066    0.177246  0.00200884   0.0243472
  0.0150387  0.00200884    0.171257  0.00857844
   0.128165   0.0243472  0.00857844    0.353293
IMAGINARY
          0  -0.0042705   0.0223911 -0.00431788
  0.0042705           0 -0.00366085   0.0152575
 -0.0223911  0.00366085           0   -0.010921
 0.00431788  -0.0152575    0.010921           0
EndNode1[0]<--->Repeater1[0]
REAL
   0.309399  0.00437692  0.00793011    0.128334
 0.00437692    0.206266  -0.0108409 -0.00270818
 0.00793011  -0.0108409    0.181462   0.0125944
   0.128334 -0.00270818   0.0125944    0.302872
IMAGINARY
          0  0.00578782  -0.0043557  0.00734724
-0.00578782           0   0.0288662   0.0120877
  0.0043557  -0.0288662           0  -0.0135198
-0.00734724  -0.0120877   0.0135198           0
EndNode2[0]<--->HoM1[0]
REAL
   0.315394   0.0111878  0.00825484    0.146762
  0.0111878    0.187735  0.00343306  0.00149808
 0.00825484  0.00343306    0.152691 -0.00533606
   0.146762  0.00149808 -0.00533606     0.34418
IMAGINARY
          0  0.00379669   -0.010236 -0.00136339
-0.00379669           0 -0.00653135 -0.00759752
   0.010236  0.00653135           0  -0.0070992
 0.00136339  0.00759752   0.0070992           0
Repeater1[0]<--->EndNode1[0]
REAL
   0.309399  0.00793011  0.00437692    0.128334
 0.00793011    0.181462  -0.0108409   0.0125944
 0.00437692  -0.0108409    0.206266 -0.00270818
   0.128334   0.0125944 -0.00270818    0.302872
IMAGINARY
          0  -0.0043557  0.00578782  0.00734724
  0.0043557           0  -0.0288662  -0.0135198
-0.00578782   0.0288662           0   0.0120877
-0.00734724   0.0135198  -0.0120877           0
Repeater1[0]<--->HoM1[0]
REAL
   0.315394  0.00825484   0.0111878    0.146762
 0.00825484    0.152691  0.00343306 -0.00533606
  0.0111878  0.00343306    0.187735  0.00149808
   0.146762 -0.00533606  0.00149808     0.34418
IMAGINARY
          0   -0.010236  0.00379669 -0.00136339
   0.010236           0  0.00653135  -0.0070992
-0.00379669 -0.00653135           0 -0.00759752
 0.00136339   0.0070992  0.00759752           0
EndNode1[0]<--->Repeater1[0]
REAL
   0.303526  -0.0255433  0.00311222    0.139777
 -0.0255433    0.191436   0.0152613 -0.00828018
 0.00311222   0.0152613    0.185139  -0.0196763
   0.139777 -0.00828018  -0.0196763    0.319899
IMAGINARY
           0   0.00231726  0.000198938    -0.012252
 -0.00231726            0   -0.0102705  -0.00471507
-0.000198938    0.0102705            0   -0.0016721
    0.012252   0.00471507    0.0016721            0
EndNode2[0]<--->HoM1[0]
REAL
   0.343629  -0.0111214   0.0144534    0.131249
 -0.0111214    0.199485 -0.00271299   0.0132219
  0.0144534 -0.00271299    0.173745  0.00435636
   0.131249   0.0132219  0.00435636     0.28314
IMAGINARY
           0   0.00746198  0.000745884  -0.00461685
 -0.00746198            0  -0.00719417  -0.00640626
-0.000745884   0.00719417            0   -0.0131224
  0.00461685   0.00640626    0.0131224            0
Repeater1[0]<--->EndNode1[0]
REAL
   0.303526  0.00311222  -0.0255433    0.139777
 0.00311222    0.185139   0.0152613  -0.0196763
 -0.0255433   0.0152613    0.191436 -0.00828018
   0.139777  -0.0196763 -0.00828018    0.319899
IMAGINARY
           0  0.000198938   0.00231726    -0.012252
-0.000198938            0    0.0102705   -0.0016721
 -0.00231726   -0.0102705            0  -0.00471507
    0.012252    0.0016721   0.00471507            0
Repeater1[0]<--->HoM1[0]
REAL
   0.343629   0.0144534  -0.0111214    0.131249
  0.0144534    0.173745 -0.00271299  0.00435636
 -0.0111214 -0.00271299    0.199485   0.0132219
   0.131249  0.00435636   0.0132219     0.28314
IMAGINARY
           0  0.000745884   0.00746198  -0.00461685
-0.000745884            0   0.00719417   -0.0131224
 -0.00746198  -0.00719417            0  -0.00640626
  0.00461685    0.0131224   0.00640626            0
EndNode1[0]<--->Repeater1[0]
REAL
   0.345771   0.0238281  -0.0220244    0.138441
  0.0238281    0.166667 0.000881554  0.00639939
 -0.0220244 0.000881554    0.166667 -0.00950521
   0.138441  0.00639939 -0.00950521    0.320896
IMAGINARY
           0  -0.00816967  -0.00629731   0.00772952
  0.00816967            0  -0.00578399  0.000316448
  0.00629731   0.00578399            0  0.000992635
 -0.00772952 -0.000316448 -0.000992635            0
EndNode2[0]<--->HoM1[0]
REAL
   0.303614   0.0108425 -0.00784511    0.169112
  0.0108425    0.201205   0.0141181   0.0146774
-0.00784511   0.0141181     0.16506  -0.0300971
   0.169112   0.0146774  -0.0300971     0.33012
IMAGINARY
           0   0.00382913  0.000453326   0.00381601
 -0.00382913            0    0.0246493   -0.0335273
-0.000453326   -0.0246493            0   -0.0200418
 -0.00381601    0.0335273    0.0200418            0
Repeater1[0]<--->EndNode1[0]
REAL
   0.345771  -0.0220244   0.0238281    0.138441
 -0.0220244    0.166667 0.000881554 -0.00950521
  0.0238281 0.000881554    0.166667  0.00639939
   0.138441 -0.00950521  0.00639939    0.320896
IMAGINARY
           0  -0.00629731  -0.00816967   0.00772952
  0.00629731            0   0.00578399  0.000992635
  0.00816967  -0.00578399            0  0.000316448
 -0.00772952 -0.000992635 -0.000316448            0
Repeater1[0]<--->HoM1[0]
REAL
   0.303614 -0.00784511   0.0108425    0.169112
-0.00784511     0.16506   0.0141181  -0.0300971
  0.0108425   0.0141181    0.201205   0.0146774
   0.169112  -0.0300971   0.0146774     0.33012
IMAGINARY
           0  0.000453326   0.00382913   0.00381601
-0.000453326            0   -0.0246493   -0.0200418
 -0.00382913    0.0246493            0   -0.0335273
 -0.00381601    0.0200418    0.0335273            0
EndNode1[0]<--->Repeater1[0]
REAL
     0.30615   0.00374369    -0.019255     0.135849
  0.00374369     0.183155 -0.000392965   0.00739479
   -0.019255 -0.000392965     0.177807   -0.0255914
    0.135849   0.00739479   -0.0255914     0.332888
IMAGINARY
          0  0.00759426 -0.00862327  0.00386995
-0.00759426           0  -0.0103804 -0.00547069
 0.00862327   0.0103804           0   0.0158957
-0.00386995  0.00547069  -0.0158957           0
EndNode2[0]<--->HoM1[0]
REAL
   0.321622 -0.00917678 -0.00566917    0.123945
-0.00917678     0.17973  0.00723392  -0.0101737
-0.00566917  0.00723392     0.17027  -0.0282123
   0.123945  -0.0101737  -0.0282123    0.328378
IMAGINARY
          0   0.0273323  0.00575867 -0.00316217
 -0.0273323           0   0.0199148   0.0194403
-0.00575867  -0.0199148           0     -0.0459
 0.00316217  -0.0194403      0.0459           0
Repeater1[0]<--->EndNode1[0]
REAL
     0.30615    -0.019255   0.00374369     0.135849
   -0.019255     0.177807 -0.000392965   -0.0255914
  0.00374369 -0.000392965     0.183155   0.00739479
    0.135849   -0.0255914   0.00739479     0.332888
IMAGINARY
          0 -0.00862327  0.00759426  0.00386995
 0.00862327           0   0.0103804   0.0158957
-0.00759426  -0.0103804           0 -0.00547069
-0.00386995  -0.0158957  0.00547069           0
Repeater1[0]<--->HoM1[0]
REAL
   0.321622 -0.00566917 -0.00917678    0.123945
-0.00566917     0.17027  0.00723392  -0.0282123
-0.00917678  0.00723392     0.17973  -0.0101737
   0.123945  -0.0282123  -0.0101737    0.328378
IMAGINARY
          0  0.00575867   0.0273323 -0.00316217
-0.00575867           0  -0.0199148     -0.0459
 -0.0273323   0.0199148           0   0.0194403
 0.00316217      0.0459  -0.0194403           0
EndNode1[0]<--->Repeater1[0]
REAL
  0.315528 0.00512014  0.0159871   0.146541
0.00512014    0.18882  0.0040611 0.00877867
 0.0159871  0.0040611   0.167702  0.0102748
  0.146541 0.00877867  0.0102748    0.32795
IMAGINARY
           0  0.000612694   0.00372987  -0.00548178
-0.000612694            0  -0.00360912   0.00814349
 -0.00372987   0.00360912            0   -0.0190824
  0.00548178  -0.00814349    0.0190824            0
EndNode2[0]<--->HoM1[0]
REAL
   0.323684 -0.00151565  -0.0241994    0.126637
-0.00151565    0.171053 -0.00899024  -0.0162418
 -0.0241994 -0.00899024    0.180263 -0.00216082
   0.126637  -0.0162418 -0.00216082       0.325
IMAGINARY
          0   0.0132813  0.00938271   0.0229632
 -0.0132813           0  -0.0111831  0.00748638
-0.00938271   0.0111831           0   0.0049373
 -0.0229632 -0.00748638  -0.0049373           0
Repeater1[0]<--->EndNode1[0]
REAL
  0.315528  0.0159871 0.00512014   0.146541
 0.0159871   0.167702  0.0040611  0.0102748
0.00512014  0.0040611    0.18882 0.00877867
  0.146541  0.0102748 0.00877867    0.32795
IMAGINARY
           0   0.00372987  0.000612694  -0.00548178
 -0.00372987            0   0.00360912   -0.0190824
-0.000612694  -0.00360912            0   0.00814349
  0.00548178    0.0190824  -0.00814349            0
Repeater1[0]<--->HoM1[0]
REAL
   0.323684  -0.0241994 -0.00151565    0.126637
 -0.0241994    0.180263 -0.00899024 -0.00216082
-0.00151565 -0.00899024    0.171053  -0.0162418
   0.126637 -0.00216082  -0.0162418       0.325
IMAGINARY
          0  0.00938271   0.0132813   0.0229632
-0.00938271           0   0.0111831   0.0049373
 -0.0132813  -0.0111831           0  0.00748638
 -0.0229632  -0.0049373 -0.00748638           0
EndNode1[0]<--->Repeater1[0]
REAL
   0.318348  -0.0071965   0.0123762     0.15854
 -0.0071965     0.18469  -0.0248769 -0.00247525
  0.0123762  -0.0248769    0.183475   0.0071965
    0.15854 -0.00247525   0.0071965    0.313487
IMAGINARY
           0   -0.0054692  -0.00533333   -0.0139184
   0.0054692            0   -0.0164246   0.00533333
  0.00533333    0.0164246            0  0.000444073
   0.0139184  -0.00533333 -0.000444073            0
EndNode2[0]<--->HoM1[0]
REAL
   0.340967  0.00529646 -0.00544986    0.148892
 0.00529646    0.178117 -0.00967604  -0.0135044
-0.00544986 -0.00967604    0.179389 -0.00333568
   0.148892  -0.0135044 -0.00333568    0.301527
IMAGINARY
          0 -0.00210871 -0.00433075 -0.00316143
 0.00210871           0   -0.016354   0.0145609
 0.00433075    0.016354           0   0.0212903
 0.00316143  -0.0145609  -0.0212903           0
Repeater1[0]<--->EndNode1[0]
REAL
   0.318348   0.0123762  -0.0071965     0.15854
  0.0123762    0.183475  -0.0248769   0.0071965
 -0.0071965  -0.0248769     0.18469 -0.00247525
    0.15854   0.0071965 -0.00247525    0.313487
IMAGINARY
           0  -0.00533333   -0.0054692   -0.0139184
  0.00533333            0    0.0164246  0.000444073
   0.0054692   -0.0164246            0   0.00533333
   0.0139184 -0.000444073  -0.00533333            0
Repeater1[0]<--->HoM1[0]
REAL
   0.340967 -0.00544986  0.00529646    0.148892
-0.00544986    0.179389 -0.00967604 -0.00333568
 0.00529646 -0.00967604    0.178117  -0.0135044
   0.148892 -0.00333568  -0.0135044    0.301527
IMAGINARY
          0 -0.00433075 -0.00210871 -0.00316143
 0.00433075           0    0.016354   0.0212903
 0.00210871   -0.016354           0   0.0145609
 0.00316143  -0.0212903  -0.0145609           0
EndNode1[0]<--->Repeater1[0]
REAL
    0.28266  -0.0115362 -0.00425566    0.152044
 -0.0115362    0.180523    0.014179  0.00159609
-0.00425566    0.014179    0.193587   0.0155256
   0.152044  0.00159609   0.0155256     0.34323
IMAGINARY
           0   -0.0270087   0.00603558   -0.0314052
   0.0270087            0  0.000766365   0.00603558
 -0.00603558 -0.000766365            0  -0.00666346
   0.0314052  -0.00603558   0.00666346            0
EndNode2[0]<--->HoM1[0]
REAL
   0.313548  -0.0173366  0.00525353    0.161309
 -0.0173366     0.20129 -0.00405585 -0.00974647
 0.00525353 -0.00405585    0.179355  -0.0166813
   0.161309 -0.00974647  -0.0166813    0.305806
IMAGINARY
           0   0.00372355 -8.05412e-05   0.00124704
 -0.00372355            0 -0.000593448   -0.0155445
 8.05412e-05  0.000593448            0   -0.0206506
 -0.00124704    0.0155445    0.0206506            0
Repeater1[0]<--->EndNode1[0]
REAL
    0.28266 -0.00425566  -0.0115362    0.152044
-0.00425566    0.193587    0.014179   0.0155256
 -0.0115362    0.014179    0.180523  0.00159609
   0.152044   0.0155256  0.00159609     0.34323
IMAGINARY
           0   0.00603558   -0.0270087   -0.0314052
 -0.00603558            0 -0.000766365  -0.00666346
   0.0270087  0.000766365            0   0.00603558
   0.0314052   0.00666346  -0.00603558            0
Repeater1[0]<--->HoM1[0]
REAL
   0.313548  0.00525353  -0.0173366    0.161309
 0.00525353    0.179355 -0.00405585  -0.0166813
 -0.0173366 -0.00405585     0.20129 -0.00974647
   0.161309  -0.0166813 -0.00974647    0.305806
IMAGINARY
           0 -8.05412e-05   0.00372355   0.00124704
 8.05412e-05            0  0.000593448   -0.0206506
 -0.00372355 -0.000593448            0   -0.0155445
 -0.00124704    0.0206506    0.0155445            0
EndNode1[0]<--->Repeater1[0]
REAL
  0.314931  0.0276693  0.0130597    0.11784
 0.0276693   0.199498 -0.0146062  0.0130597
 0.0130597 -0.0146062   0.165621 0.00715653
   0.11784  0.0130597 0.00715653    0.31995
IMAGINARY
          0   0.0168971   0.0108964 -0.00439017
 -0.0168971           0    0.003745   0.0201556
 -0.0108964   -0.003745           0   0.0103526
 0.00439017  -0.0201556  -0.0103526           0
EndNode2[0]<--->HoM1[0]
REAL
   0.325858  -0.0170693 -0.00166643     0.14408
 -0.0170693    0.200528 -0.00759131  0.00783927
-0.00166643 -0.00759131    0.155673  0.00540946
    0.14408  0.00783927  0.00540946    0.317942
IMAGINARY
          0  0.00446429  -0.0129239  -0.0107883
-0.00446429           0  -0.0230463 -0.00378557
  0.0129239   0.0230463           0 -0.00446429
  0.0107883  0.00378557  0.00446429           0
Repeater1[0]<--->EndNode1[0]
REAL
  0.314931  0.0130597  0.0276693    0.11784
 0.0130597   0.165621 -0.0146062 0.00715653
 0.0276693 -0.0146062   0.199498  0.0130597
   0.11784 0.00715653  0.0130597    0.31995
IMAGINARY
          0   0.0108964   0.0168971 -0.00439017
 -0.0108964           0   -0.003745   0.0103526
 -0.0168971    0.003745           0   0.0201556
 0.00439017  -0.0103526  -0.0201556           0
Repeater1[0]<--->HoM1[0]
REAL
   0.325858 -0.00166643  -0.0170693     0.14408
-0.00166643    0.155673 -0.00759131  0.00540946
 -0.0170693 -0.00759131    0.200528  0.00783927
    0.14408  0.00540946  0.00783927    0.317942
IMAGINARY
          0  -0.0129239  0.00446429  -0.0107883
  0.0129239           0   0.0230463 -0.00446429
-0.00446429  -0.0230463           0 -0.00378557
  0.0107883  0.00446429  0.00378557           0
EndNode1[0]<--->Repeater1[0]
REAL
  0.283267 -0.0140646 0.00238054   0.139532
-0.0140646   0.179183 -0.0127979  0.0171655
0.00238054 -0.0127979   0.185771 0.00082374
  0.139532  0.0171655 0.00082374   0.351779
IMAGINARY
           0    0.0118507 -0.000147795   -0.0157572
  -0.0118507            0   0.00793358  -0.00403381
 0.000147795  -0.00793358            0   0.00547311
   0.0157572   0.00403381  -0.00547311            0
EndNode2[0]<--->HoM1[0]
REAL
   0.344569 -0.00481068 -0.00158914    0.131066
-0.00481068    0.196005   0.0104193 0.000948933
-0.00158914   0.0104193    0.168539 -0.00351198
   0.131066 0.000948933 -0.00351198    0.290886
IMAGINARY
          0   -0.010522 -0.00630426 -0.00587098
   0.010522           0 -0.00787902   0.0100356
 0.00630426  0.00787902           0  -0.0118661
 0.00587098  -0.0100356   0.0118661           0
Repeater1[0]<--->EndNode1[0]
REAL
  0.283267 0.00238054 -0.0140646   0.139532
0.00238054   0.185771 -0.0127979 0.00082374
-0.0140646 -0.0127979   0.179183  0.0171655
  0.139532 0.00082374  0.0171655   0.351779
IMAGINARY
           0 -0.000147795    0.0118507   -0.0157572
 0.000147795            0  -0.00793358   0.00547311
  -0.0118507   0.00793358            0  -0.00403381
   0.0157572  -0.00547311   0.00403381            0
Repeater1[0]<--->HoM1[0]
REAL
   0.344569 -0.00158914 -0.00481068    0.131066
-0.00158914    0.168539   0.0104193 -0.00351198
-0.00481068   0.0104193    0.196005 0.000948933
   0.131066 -0.00351198 0.000948933    0.290886
IMAGINARY
          0 -0.00630426   -0.010522 -0.00587098
 0.00630426           0  0.00787902  -0.0118661
   0.010522 -0.00787902           0   0.0100356
 0.00587098   0.0118661  -0.0100356           0
EndNode1[0]<--->Repeater1[0]
REAL
   0.306905 -0.00542439   0.0205066     0.14128
-0.00542439    0.171355  0.00658924  0.00706231
  0.0205066  0.00658924    0.185422  0.00667752
    0.14128  0.00706231  0.00667752    0.336317
IMAGINARY
          0  -0.0209395  -0.0268104  -0.0015907
  0.0209395           0   0.0117173   0.0235252
  0.0268104  -0.0117173           0 -0.00468465
