EndNode1[0]<--->Repeater1[0]
REAL
    0.254118  -0.00495874    0.0078211    0.0578976
 -0.00495874     0.241176    0.0275946    0.0206763
   0.0078211    0.0275946         0.24 -0.000222609
   0.0578976    0.0206763 -0.000222609     0.264706
IMAGINARY
          0 -0.00521599  0.00806452   0.0178415
 0.00521599           0  -0.0157553 -0.00806452
-0.00806452   0.0157553           0   0.0178423
 -0.0178415  0.00806452  -0.0178423           0
EndNode2[0]<--->HoM1[0]
REAL
   0.271739 -0.00854313  0.00458113   0.0432856
-0.00854313    0.252717   0.0217604 -0.00918034
 0.00458113   0.0217604    0.236413 -0.00788263
  0.0432856 -0.00918034 -0.00788263     0.23913
IMAGINARY
          0   0.0091541   -0.015455 -0.00871517
 -0.0091541           0  0.00497453  0.00253986
   0.015455 -0.00497453           0 -0.00238903
 0.00871517 -0.00253986  0.00238903           0
Repeater1[0]<--->EndNode1[0]
REAL
    0.254118    0.0078211  -0.00495874    0.0578976
   0.0078211         0.24    0.0275946 -0.000222609
 -0.00495874    0.0275946     0.241176    0.0206763
   0.0578976 -0.000222609    0.0206763     0.264706
IMAGINARY
          0  0.00806452 -0.00521599   0.0178415
-0.00806452           0   0.0157553   0.0178423
 0.00521599  -0.0157553           0 -0.00806452
 -0.0178415  -0.0178423  0.00806452           0
Repeater1[0]<--->HoM1[0]
REAL
   0.271739  0.00458113 -0.00854313   0.0432856
 0.00458113    0.236413   0.0217604 -0.00788263
-0.00854313   0.0217604    0.252717 -0.00918034
  0.0432856 -0.00788263 -0.00918034     0.23913
IMAGINARY
          0   -0.015455   0.0091541 -0.00871517
   0.015455           0 -0.00497453 -0.00238903
 -0.0091541  0.00497453           0  0.00253986
 0.00871517  0.00238903 -0.00253986           0
EndNode1[0]<--->Repeater1[0]
REAL
   0.274847  0.00404355  -0.0026145   0.0312248
 0.00404355     0.24908   0.0244764 -0.00197265
 -0.0026145   0.0244764     0.24908 -0.00732009
  0.0312248 -0.00197265 -0.00732009    0.226994
IMAGINARY
          0   0.0140904 -0.00495186  -0.0012837
 -0.0140904           0 -0.00192555  -0.0042506
 0.00495186  0.00192555           0    0.014744
  0.0012837   0.0042506   -0.014744           0
EndNode2[0]<--->HoM1[0]
REAL
   0.281879 -0.00829374  -0.0103359   0.0527879
-0.00829374    0.253691   0.0324834  -0.0103359
 -0.0103359   0.0324834    0.240268  -0.0136701
  0.0527879  -0.0103359  -0.0136701    0.224161
IMAGINARY
           0  -0.00702838   0.00826815   -0.0173758
  0.00702838            0  0.000863222  0.000615094
 -0.00826815 -0.000863222            0   0.00575934
   0.0173758 -0.000615094  -0.00575934            0
Repeater1[0]<--->EndNode1[0]
REAL
   0.274847  -0.0026145  0.00404355   0.0312248
 -0.0026145     0.24908   0.0244764 -0.00732009
 0.00404355   0.0244764     0.24908 -0.00197265
  0.0312248 -0.00732009 -0.00197265    0.226994
IMAGINARY
          0 -0.00495186   0.0140904  -0.0012837
 0.00495186           0  0.00192555    0.014744
 -0.0140904 -0.00192555           0  -0.0042506
  0.0012837   -0.014744   0.0042506           0
Repeater1[0]<--->HoM1[0]
REAL
   0.281879  -0.0103359 -0.00829374   0.0527879
 -0.0103359    0.240268   0.0324834  -0.0136701
-0.00829374   0.0324834    0.253691  -0.0103359
  0.0527879  -0.0136701  -0.0103359    0.224161
IMAGINARY
           0   0.00826815  -0.00702838   -0.0173758
 -0.00826815            0 -0.000863222   0.00575934
  0.00702838  0.000863222            0  0.000615094
   0.0173758  -0.00575934 -0.000615094            0
EndNode1[0]<--->Repeater1[0]
REAL
  0.234186  0.0105536 -0.0147102  0.0485468
 0.0105536   0.250336  0.0363829  -0.010194
-0.0147102  0.0363829   0.250336 0.00157923
 0.0485468  -0.010194 0.00157923   0.265141
IMAGINARY
          0   0.0201665  0.00699685  0.00549575
 -0.0201665           0 -0.00754773   0.0154103
-0.00699685  0.00754773           0   0.0201665
-0.00549575  -0.0154103  -0.0201665           0
EndNode2[0]<--->HoM1[0]
REAL
  0.246506 -0.0145468 -0.0149201  0.0418037
-0.0145468   0.243964  0.0268492 0.00714804
-0.0149201  0.0268492   0.236341 -0.0126553
 0.0418037 0.00714804 -0.0126553   0.273189
IMAGINARY
          0   0.0105637 -0.00222592  0.00338306
 -0.0105637           0  -0.0086881  0.00287612
 0.00222592   0.0086881           0  -0.0203167
-0.00338306 -0.00287612   0.0203167           0
Repeater1[0]<--->EndNode1[0]
REAL
  0.234186 -0.0147102  0.0105536  0.0485468
-0.0147102   0.250336  0.0363829 0.00157923
 0.0105536  0.0363829   0.250336  -0.010194
 0.0485468 0.00157923  -0.010194   0.265141
IMAGINARY
          0  0.00699685   0.0201665  0.00549575
-0.00699685           0  0.00754773   0.0201665
 -0.0201665 -0.00754773           0   0.0154103
-0.00549575  -0.0201665  -0.0154103           0
Repeater1[0]<--->HoM1[0]
REAL
  0.246506 -0.0149201 -0.0145468  0.0418037
-0.0149201   0.236341  0.0268492 -0.0126553
-0.0145468  0.0268492   0.243964 0.00714804
 0.0418037 -0.0126553 0.00714804   0.273189
IMAGINARY
          0 -0.00222592   0.0105637  0.00338306
 0.00222592           0   0.0086881  -0.0203167
 -0.0105637  -0.0086881           0  0.00287612
-0.00338306   0.0203167 -0.00287612           0
EndNode1[0]<--->Repeater1[0]
REAL
    0.24036 -0.00584936 -0.00158783   0.0450018
-0.00584936    0.269923   0.0430811   0.0145412
-0.00158783   0.0430811    0.248072 -0.00192266
  0.0450018   0.0145412 -0.00192266    0.241645
IMAGINARY
           0   -0.0101691  -0.00063864   0.00961235
   0.0101691            0  0.000591732   -0.0140861
  0.00063864 -0.000591732            0  -0.00199475
 -0.00961235    0.0140861   0.00199475            0
EndNode2[0]<--->HoM1[0]
REAL
   0.259758 -0.00349859   0.0100372   0.0275658
-0.00349859    0.248991   0.0104988  0.00480155
  0.0100372   0.0104988    0.231494   0.0105954
  0.0275658  0.00480155   0.0105954    0.259758
IMAGINARY
          0  -0.0130207  0.00773374  -0.0121957
  0.0130207           0  -0.0234739   0.0245039
-0.00773374   0.0234739           0 -0.00404632
  0.0121957  -0.0245039  0.00404632           0
Repeater1[0]<--->EndNode1[0]
REAL
    0.24036 -0.00158783 -0.00584936   0.0450018
-0.00158783    0.248072   0.0430811 -0.00192266
-0.00584936   0.0430811    0.269923   0.0145412
  0.0450018 -0.00192266   0.0145412    0.241645
IMAGINARY
           0  -0.00063864   -0.0101691   0.00961235
  0.00063864            0 -0.000591732  -0.00199475
   0.0101691  0.000591732            0   -0.0140861
 -0.00961235   0.00199475    0.0140861            0
Repeater1[0]<--->HoM1[0]
REAL
   0.259758   0.0100372 -0.00349859   0.0275658
  0.0100372    0.231494   0.0104988   0.0105954
-0.00349859   0.0104988    0.248991  0.00480155
  0.0275658   0.0105954  0.00480155    0.259758
IMAGINARY
          0  0.00773374  -0.0130207  -0.0121957
-0.00773374           0   0.0234739 -0.00404632
  0.0130207  -0.0234739           0   0.0245039
  0.0121957  0.00404632  -0.0245039           0
EndNode1[0]<--->Repeater1[0]
REAL
   0.241337  -0.0181915  -0.0151983   0.0359321
 -0.0181915    0.227723   0.0248787   0.0016848
 -0.0151983   0.0248787    0.248762 -0.00478151
  0.0359321   0.0016848 -0.00478151    0.282178
IMAGINARY
          0    0.013395   -0.006662 -0.00238684
  -0.013395           0   0.0131327   0.0164149
   0.006662  -0.0131327           0 -0.00494244
 0.00238684  -0.0164149  0.00494244           0
EndNode2[0]<--->HoM1[0]
REAL
  0.252174 0.00523521 0.00077844  0.0305836
0.00523521   0.245963  0.0248218  0.0140864
0.00077844  0.0248218    0.26087  0.0190891
 0.0305836  0.0140864  0.0190891   0.240994
IMAGINARY
           0   -0.0171634 -0.000480578   0.00438743
   0.0171634            0  -0.00246188   0.00880324
 0.000480578   0.00246188            0    0.0139624
 -0.00438743  -0.00880324   -0.0139624            0
Repeater1[0]<--->EndNode1[0]
REAL
   0.241337  -0.0151983  -0.0181915   0.0359321
 -0.0151983    0.248762   0.0248787 -0.00478151
 -0.0181915   0.0248787    0.227723   0.0016848
  0.0359321 -0.00478151   0.0016848    0.282178
IMAGINARY
          0   -0.006662    0.013395 -0.00238684
   0.006662           0  -0.0131327 -0.00494244
  -0.013395   0.0131327           0   0.0164149
 0.00238684  0.00494244  -0.0164149           0
Repeater1[0]<--->HoM1[0]
REAL
  0.252174 0.00077844 0.00523521  0.0305836
0.00077844    0.26087  0.0248218  0.0190891
0.00523521  0.0248218   0.245963  0.0140864
 0.0305836  0.0190891  0.0140864   0.240994
IMAGINARY
           0 -0.000480578   -0.0171634   0.00438743
 0.000480578            0   0.00246188    0.0139624
   0.0171634  -0.00246188            0   0.00880324
 -0.00438743   -0.0139624  -0.00880324            0
