EndNode1[0]<--->Repeater1[0]
REAL
   0.466413  0.00165136 0.000358623    0.426759
 0.00165136   0.0291508   0.0162117 0.000967637
0.000358623   0.0162117   0.0342205  0.00100116
   0.426759 0.000967637  0.00100116    0.470215
IMAGINARY
          0   0.0172134  -0.0217808  -0.0033062
 -0.0172134           0  -0.0168896   0.0037568
  0.0217808   0.0168896           0 -0.00319474
  0.0033062  -0.0037568  0.00319474           0
EndNode2[0]<--->HoM1[0]
REAL
  0.482188 0.00232275  0.0247924   0.415959
0.00232275  0.0330789  0.0124264  0.0116659
 0.0247924  0.0124264  0.0279898  0.0120002
  0.415959  0.0116659  0.0120002   0.456743
IMAGINARY
          0  -0.0185345  -0.0125482 -0.00555351
  0.0185345           0  -0.0130569   0.0152656
  0.0125482   0.0130569           0  0.00630625
 0.00555351  -0.0152656 -0.00630625           0
Repeater1[0]<--->EndNode1[0]
REAL
   0.466413 0.000358623  0.00165136    0.426759
0.000358623   0.0342205   0.0162117  0.00100116
 0.00165136   0.0162117   0.0291508 0.000967637
   0.426759  0.00100116 0.000967637    0.470215
IMAGINARY
          0  -0.0217808   0.0172134  -0.0033062
  0.0217808           0   0.0168896 -0.00319474
 -0.0172134  -0.0168896           0   0.0037568
  0.0033062  0.00319474  -0.0037568           0
Repeater1[0]<--->HoM1[0]
REAL
  0.482188  0.0247924 0.00232275   0.415959
 0.0247924  0.0279898  0.0124264  0.0120002
0.00232275  0.0124264  0.0330789  0.0116659
  0.415959  0.0120002  0.0116659   0.456743
IMAGINARY
          0  -0.0125482  -0.0185345 -0.00555351
  0.0125482           0   0.0130569  0.00630625
  0.0185345  -0.0130569           0   0.0152656
 0.00555351 -0.00630625  -0.0152656           0
EndNode1[0]<--->Repeater1[0]
REAL
  0.459667  0.0027569 0.00681372   0.399764
 0.0027569  0.0243278    0.02937    0.02337
0.00681372    0.02937   0.021767 0.00905413
  0.399764    0.02337 0.00905413   0.494238
IMAGINARY
          0  0.00288696  0.00220675   0.0036975
-0.00288696           0  -0.0138464 -0.00665401
-0.00220675   0.0138464           0  0.00918419
 -0.0036975  0.00665401 -0.00918419           0
EndNode2[0]<--->HoM1[0]
REAL
   0.474684 -0.00372753 -0.00359326     0.42656
-0.00372753   0.0329114   0.0274773   0.0216057
-0.00359326   0.0274773   0.0291139   0.0155288
    0.42656   0.0216057   0.0155288    0.463291
IMAGINARY
           0  0.000570118   0.00977866    0.0104731
-0.000570118            0    0.0164651   -0.0248507
 -0.00977866   -0.0164651            0    0.0105701
  -0.0104731    0.0248507   -0.0105701            0
Repeater1[0]<--->EndNode1[0]
REAL
  0.459667 0.00681372  0.0027569   0.399764
0.00681372   0.021767    0.02937 0.00905413
 0.0027569    0.02937  0.0243278    0.02337
  0.399764 0.00905413    0.02337   0.494238
IMAGINARY
          0  0.00220675  0.00288696   0.0036975
-0.00220675           0   0.0138464  0.00918419
-0.00288696  -0.0138464           0 -0.00665401
 -0.0036975 -0.00918419  0.00665401           0
Repeater1[0]<--->HoM1[0]
REAL
   0.474684 -0.00359326 -0.00372753     0.42656
-0.00359326   0.0291139   0.0274773   0.0155288
-0.00372753   0.0274773   0.0329114   0.0216057
    0.42656   0.0155288   0.0216057    0.463291
IMAGINARY
           0   0.00977866  0.000570118    0.0104731
 -0.00977866            0   -0.0164651    0.0105701
-0.000570118    0.0164651            0   -0.0248507
  -0.0104731   -0.0105701    0.0248507            0
EndNode1[0]<--->Repeater1[0]
REAL
  0.458667 -0.0112505 -0.0178874    0.41887
-0.0112505  0.0346667  0.0220036 0.00117784
-0.0178874  0.0220036      0.032 -0.0131711
   0.41887 0.00117784 -0.0131711   0.474667
IMAGINARY
          0 -0.00263795  -0.0163246 -0.00835549
 0.00263795           0  -0.0159891   0.0176301
  0.0163246   0.0159891           0 -0.00780591
 0.00835549  -0.0176301  0.00780591           0
EndNode2[0]<--->HoM1[0]
REAL
   0.476864  -0.0138446 -0.00449031     0.41657
 -0.0138446   0.0269923   0.0161714  0.00829742
-0.00449031   0.0161714    0.033419  0.00876846
    0.41657  0.00829742  0.00876846    0.462725
IMAGINARY
          0   0.0170363  -0.0283077  -0.0183114
 -0.0170363           0  0.00662627   0.0196756
  0.0283077 -0.00662627           0 -0.00442012
  0.0183114  -0.0196756  0.00442012           0
Repeater1[0]<--->EndNode1[0]
REAL
  0.458667 -0.0178874 -0.0112505    0.41887
-0.0178874      0.032  0.0220036 -0.0131711
-0.0112505  0.0220036  0.0346667 0.00117784
   0.41887 -0.0131711 0.00117784   0.474667
IMAGINARY
          0  -0.0163246 -0.00263795 -0.00835549
  0.0163246           0   0.0159891 -0.00780591
 0.00263795  -0.0159891           0   0.0176301
 0.00835549  0.00780591  -0.0176301           0
Repeater1[0]<--->HoM1[0]
REAL
   0.476864 -0.00449031  -0.0138446     0.41657
-0.00449031    0.033419   0.0161714  0.00876846
 -0.0138446   0.0161714   0.0269923  0.00829742
    0.41657  0.00876846  0.00829742    0.462725
IMAGINARY
          0  -0.0283077   0.0170363  -0.0183114
  0.0283077           0 -0.00662627 -0.00442012
 -0.0170363  0.00662627           0   0.0196756
  0.0183114  0.00442012  -0.0196756           0
EndNode1[0]<--->Repeater1[0]
REAL
   0.446335  -0.0250713 -0.00825707    0.425125
 -0.0250713    0.039267   0.0152155  -0.0158907
-0.00825707   0.0152155   0.0379581 -0.00191735
   0.425125  -0.0158907 -0.00191735     0.47644
IMAGINARY
          0  -0.0163952   0.0117658 -0.00617361
  0.0163952           0   -0.017203  0.00432167
 -0.0117658    0.017203           0  0.00545569
 0.00617361 -0.00432167 -0.00545569           0
EndNode2[0]<--->HoM1[0]
REAL
    0.503686   -0.0221034   -0.0186394     0.420461
  -0.0221034     0.039312    0.0220231 -0.000314821
  -0.0186394    0.0220231     0.022113   0.00314914
    0.420461 -0.000314821   0.00314914     0.434889
IMAGINARY
           0     0.018112   0.00598334    -0.011881
   -0.018112            0   0.00926324   -0.0346292
 -0.00598334  -0.00926324            0  0.000117154
    0.011881    0.0346292 -0.000117154            0
Repeater1[0]<--->EndNode1[0]
REAL
   0.446335 -0.00825707  -0.0250713    0.425125
-0.00825707   0.0379581   0.0152155 -0.00191735
 -0.0250713   0.0152155    0.039267  -0.0158907
   0.425125 -0.00191735  -0.0158907     0.47644
IMAGINARY
          0   0.0117658  -0.0163952 -0.00617361
 -0.0117658           0    0.017203  0.00545569
  0.0163952   -0.017203           0  0.00432167
 0.00617361 -0.00545569 -0.00432167           0
Repeater1[0]<--->HoM1[0]
REAL
    0.503686   -0.0186394   -0.0221034     0.420461
  -0.0186394     0.022113    0.0220231   0.00314914
  -0.0221034    0.0220231     0.039312 -0.000314821
    0.420461   0.00314914 -0.000314821     0.434889
IMAGINARY
           0   0.00598334     0.018112    -0.011881
 -0.00598334            0  -0.00926324  0.000117154
   -0.018112   0.00926324            0   -0.0346292
    0.011881 -0.000117154    0.0346292            0
EndNode1[0]<--->Repeater1[0]
REAL
   0.477995 -0.00420011 -0.00740751    0.415872
-0.00420011   0.0268949   0.0177829  0.00680437
-0.00740751   0.0177829   0.0268949 -0.00484694
   0.415872  0.00680437 -0.00484694    0.468215
IMAGINARY
          0 -0.00106072  -0.0256494 -0.00986395
 0.00106072           0 -0.00986395   0.0109998
  0.0256494  0.00986395           0  0.00297154
 0.00986395  -0.0109998 -0.00297154           0
EndNode2[0]<--->HoM1[0]
REAL
   0.458025   0.0173808   0.0125321    0.423986
  0.0173808   0.0308642   0.0170397 -0.00996795
  0.0125321   0.0170397   0.0358025  0.00313206
   0.423986 -0.00996795  0.00313206    0.475309
IMAGINARY
           0  0.000845449    0.0107996  -0.00438482
-0.000845449            0   -0.0139879    0.0173786
  -0.0107996    0.0139879            0   -0.0224706
  0.00438482   -0.0173786    0.0224706            0
Repeater1[0]<--->EndNode1[0]
REAL
   0.477995 -0.00740751 -0.00420011    0.415872
-0.00740751   0.0268949   0.0177829 -0.00484694
-0.00420011   0.0177829   0.0268949  0.00680437
   0.415872 -0.00484694  0.00680437    0.468215
IMAGINARY
          0  -0.0256494 -0.00106072 -0.00986395
  0.0256494           0  0.00986395  0.00297154
 0.00106072 -0.00986395           0   0.0109998
 0.00986395 -0.00297154  -0.0109998           0
Repeater1[0]<--->HoM1[0]
REAL
   0.458025   0.0125321   0.0173808    0.423986
  0.0125321   0.0358025   0.0170397  0.00313206
  0.0173808   0.0170397   0.0308642 -0.00996795
   0.423986  0.00313206 -0.00996795    0.475309
IMAGINARY
           0    0.0107996  0.000845449  -0.00438482
  -0.0107996            0    0.0139879   -0.0224706
-0.000845449   -0.0139879            0    0.0173786
  0.00438482    0.0224706   -0.0173786            0
EndNode1[0]<--->Repeater1[0]
REAL
   0.485123 -0.00115563   0.0123793     0.41825
-0.00115563   0.0310479   0.0233175  -0.0090592
  0.0123793   0.0233175   0.0336352    0.023068
    0.41825  -0.0090592    0.023068    0.450194
IMAGINARY
          0 -0.00422065   0.0083505   0.0204371
 0.00422065           0  -0.0147192   0.0194616
 -0.0083505   0.0147192           0  -0.0223554
 -0.0204371  -0.0194616   0.0223554           0
EndNode2[0]<--->HoM1[0]
REAL
   0.482759   0.0430143    0.024795     0.42241
  0.0430143   0.0225464   0.0303852   0.0292423
   0.024795   0.0303852   0.0225464 -0.00636838
    0.42241   0.0292423 -0.00636838    0.472149
IMAGINARY
          0 -0.00400949  -0.0050596   0.0319007
 0.00400949           0  0.00696627   0.0044461
  0.0050596 -0.00696627           0   0.0119849
 -0.0319007  -0.0044461  -0.0119849           0
Repeater1[0]<--->EndNode1[0]
REAL
   0.485123   0.0123793 -0.00115563     0.41825
  0.0123793   0.0336352   0.0233175    0.023068
-0.00115563   0.0233175   0.0310479  -0.0090592
    0.41825    0.023068  -0.0090592    0.450194
IMAGINARY
          0   0.0083505 -0.00422065   0.0204371
 -0.0083505           0   0.0147192  -0.0223554
 0.00422065  -0.0147192           0   0.0194616
 -0.0204371   0.0223554  -0.0194616           0
Repeater1[0]<--->HoM1[0]
REAL
   0.482759    0.024795   0.0430143     0.42241
   0.024795   0.0225464   0.0303852 -0.00636838
  0.0430143   0.0303852   0.0225464   0.0292423
    0.42241 -0.00636838   0.0292423    0.472149
IMAGINARY
          0  -0.0050596 -0.00400949   0.0319007
  0.0050596           0 -0.00696627   0.0119849
 0.00400949  0.00696627           0   0.0044461
 -0.0319007  -0.0119849  -0.0044461           0
EndNode1[0]<--->Repeater1[0]
REAL
   0.454777 -0.00203106  0.00243728    0.408262
-0.00203106   0.0305732   0.0284168 -0.00422939
 0.00243728   0.0284168   0.0242038 -0.00573477
   0.408262 -0.00422939 -0.00573477    0.490446
IMAGINARY
          0  -0.0114759  -0.0110962 -0.00759281
  0.0114759           0  -0.0134598 -0.00182371
  0.0110962   0.0134598           0   0.0179359
 0.00759281  0.00182371  -0.0179359           0
EndNode2[0]<--->HoM1[0]
REAL
   0.492593  0.00510436 0.000192274    0.423787
 0.00510436   0.0345679   0.0218515  0.00802517
0.000192274   0.0218515   0.0308642   0.0144911
   0.423787  0.00802517   0.0144911    0.441975
IMAGINARY
           0   0.00577818   0.00922946  0.000834069
 -0.00577818            0    0.0190632  -0.00987462
 -0.00922946   -0.0190632            0   0.00777021
-0.000834069   0.00987462  -0.00777021            0
Repeater1[0]<--->EndNode1[0]
REAL
   0.454777  0.00243728 -0.00203106    0.408262
 0.00243728   0.0242038   0.0284168 -0.00573477
-0.00203106   0.0284168   0.0305732 -0.00422939
   0.408262 -0.00573477 -0.00422939    0.490446
IMAGINARY
          0  -0.0110962  -0.0114759 -0.00759281
  0.0110962           0   0.0134598   0.0179359
  0.0114759  -0.0134598           0 -0.00182371
 0.00759281  -0.0179359  0.00182371           0
Repeater1[0]<--->HoM1[0]
REAL
   0.492593 0.000192274  0.00510436    0.423787
0.000192274   0.0308642   0.0218515   0.0144911
 0.00510436   0.0218515   0.0345679  0.00802517
   0.423787   0.0144911  0.00802517    0.441975
IMAGINARY
           0   0.00922946   0.00577818  0.000834069
 -0.00922946            0   -0.0190632   0.00777021
 -0.00577818    0.0190632            0  -0.00987462
-0.000834069  -0.00777021   0.00987462            0
EndNode1[0]<--->Repeater1[0]
REAL
  0.467181 -0.0154942  0.0085428   0.422066
-0.0154942    0.02574  0.0234597 -0.0130824
 0.0085428  0.0234597    0.03861  0.0031725
  0.422066 -0.0130824  0.0031725   0.468468
IMAGINARY
          0   0.0104483 -0.00689828 -0.00137843
 -0.0104483           0   -0.011505    0.016404
 0.00689828    0.011505           0   0.0079294
 0.00137843   -0.016404  -0.0079294           0
EndNode2[0]<--->HoM1[0]
REAL
   0.434667 -0.00932611  -0.0230169    0.415167
-0.00932611   0.0306667   0.0198506 -0.00285558
 -0.0230169   0.0198506   0.0306667 -0.00932611
   0.415167 -0.00285558 -0.00932611       0.504
IMAGINARY
           0   -0.0114131     0.018463 -0.000458223
   0.0114131            0    0.0182918  -0.00744373
   -0.018463   -0.0182918            0  -0.00511585
 0.000458223   0.00744373   0.00511585            0
Repeater1[0]<--->EndNode1[0]
REAL
  0.467181  0.0085428 -0.0154942   0.422066
 0.0085428    0.03861  0.0234597  0.0031725
-0.0154942  0.0234597    0.02574 -0.0130824
  0.422066  0.0031725 -0.0130824   0.468468
IMAGINARY
          0 -0.00689828   0.0104483 -0.00137843
 0.00689828           0    0.011505   0.0079294
 -0.0104483   -0.011505           0    0.016404
 0.00137843  -0.0079294   -0.016404           0
Repeater1[0]<--->HoM1[0]
REAL
   0.434667  -0.0230169 -0.00932611    0.415167
 -0.0230169   0.0306667   0.0198506 -0.00932611
-0.00932611   0.0198506   0.0306667 -0.00285558
   0.415167 -0.00932611 -0.00285558       0.504
IMAGINARY
           0     0.018463   -0.0114131 -0.000458223
   -0.018463            0   -0.0182918  -0.00511585
   0.0114131    0.0182918            0  -0.00744373
 0.000458223   0.00511585   0.00744373            0
EndNode1[0]<--->Repeater1[0]
REAL
    0.44021   0.0232971   0.0197198    0.416044
  0.0232971   0.0315375  0.00753925  -0.0072033
  0.0197198  0.00753925   0.0446781 -0.00814557
   0.416044  -0.0072033 -0.00814557    0.483574
IMAGINARY
           0   0.00959644 -0.000642674   -0.0066203
 -0.00959644            0    0.0269765  0.000642674
 0.000642674   -0.0269765            0    0.0020015
   0.0066203 -0.000642674   -0.0020015            0
EndNode2[0]<--->HoM1[0]
REAL
   0.469388 -0.00359314   0.0124115    0.426159
-0.00359314   0.0312125   0.0144742 -0.00713449
  0.0124115   0.0144742   0.0384154  0.00227388
   0.426159 -0.00713449  0.00227388    0.460984
IMAGINARY
           0    0.0133252   -0.0257867    0.0196165
  -0.0133252            0  0.000819487  -0.00410465
   0.0257867 -0.000819487            0    0.0206422
  -0.0196165   0.00410465   -0.0206422            0
Repeater1[0]<--->EndNode1[0]
REAL
    0.44021   0.0197198   0.0232971    0.416044
  0.0197198   0.0446781  0.00753925 -0.00814557
  0.0232971  0.00753925   0.0315375  -0.0072033
   0.416044 -0.00814557  -0.0072033    0.483574
IMAGINARY
           0 -0.000642674   0.00959644   -0.0066203
 0.000642674            0   -0.0269765    0.0020015
 -0.00959644    0.0269765            0  0.000642674
   0.0066203   -0.0020015 -0.000642674            0
Repeater1[0]<--->HoM1[0]
REAL
   0.469388   0.0124115 -0.00359314    0.426159
  0.0124115   0.0384154   0.0144742  0.00227388
-0.00359314   0.0144742   0.0312125 -0.00713449
   0.426159  0.00227388 -0.00713449    0.460984
IMAGINARY
           0   -0.0257867    0.0133252    0.0196165
   0.0257867            0 -0.000819487    0.0206422
  -0.0133252  0.000819487            0  -0.00410465
  -0.0196165   -0.0206422   0.00410465            0
EndNode1[0]<--->Repeater1[0]
REAL
  0.471117 0.00668833 0.00351129   0.410174
0.00668833  0.0269576   0.031227  0.0162339
0.00351129   0.031227   0.029525  0.0156047
  0.410174  0.0162339  0.0156047   0.472401
IMAGINARY
          0 -0.00204969   0.0109462  0.00580888
 0.00204969           0 -0.00965504  -0.0148936
 -0.0109462  0.00965504           0  0.00336548
-0.00580888   0.0148936 -0.00336548           0
EndNode2[0]<--->HoM1[0]
REAL
  0.493473 0.00849114  0.0140277     0.4158
0.00849114  0.0221932  0.0163152  0.0133875
 0.0140277  0.0163152   0.037859   0.016313
    0.4158  0.0133875   0.016313   0.446475
IMAGINARY
           0   0.00295891 -0.000664465    0.0132148
 -0.00295891            0   -0.0084137   0.00324178
 0.000664465    0.0084137            0   0.00735037
  -0.0132148  -0.00324178  -0.00735037            0
Repeater1[0]<--->EndNode1[0]
REAL
  0.471117 0.00351129 0.00668833   0.410174
0.00351129   0.029525   0.031227  0.0156047
0.00668833   0.031227  0.0269576  0.0162339
  0.410174  0.0156047  0.0162339   0.472401
IMAGINARY
          0   0.0109462 -0.00204969  0.00580888
 -0.0109462           0  0.00965504  0.00336548
 0.00204969 -0.00965504           0  -0.0148936
-0.00580888 -0.00336548   0.0148936           0
Repeater1[0]<--->HoM1[0]
REAL
  0.493473  0.0140277 0.00849114     0.4158
 0.0140277   0.037859  0.0163152   0.016313
0.00849114  0.0163152  0.0221932  0.0133875
    0.4158   0.016313  0.0133875   0.446475
IMAGINARY
           0 -0.000664465   0.00295891    0.0132148
 0.000664465            0    0.0084137   0.00735037
 -0.00295891   -0.0084137            0   0.00324178
  -0.0132148  -0.00735037  -0.00324178            0
EndNode1[0]<--->Repeater1[0]
REAL
   0.490298 -0.00149852 -0.00828373    0.410879
-0.00149852   0.0271669   0.0172342    0.028181
-0.00828373   0.0172342   0.0271669    0.016261
   0.410879    0.028181    0.016261    0.455369
IMAGINARY
          0   0.0187673  0.00369722   0.0205304
 -0.0187673           0  0.00456614 -0.00564275
-0.00369722 -0.00456614           0  -0.0116337
 -0.0205304  0.00564275   0.0116337           0
EndNode2[0]<--->HoM1[0]
REAL
  0.472973 -0.0365792 -0.0339105   0.409274
-0.0365792   0.022113  0.0321273 -0.0215035
-0.0339105  0.0321273   0.031941 -0.0264782
  0.409274 -0.0215035 -0.0264782   0.472973
IMAGINARY
          0   0.0316907  -0.0289642 -0.00135382
 -0.0316907           0  -0.0153988  -0.0166105
  0.0289642   0.0153988           0    0.031057
 0.00135382   0.0166105   -0.031057           0
Repeater1[0]<--->EndNode1[0]
REAL
   0.490298 -0.00828373 -0.00149852    0.410879
-0.00828373   0.0271669   0.0172342    0.016261
-0.00149852   0.0172342   0.0271669    0.028181
   0.410879    0.016261    0.028181    0.455369
IMAGINARY
          0  0.00369722   0.0187673   0.0205304
-0.00369722           0 -0.00456614  -0.0116337
 -0.0187673  0.00456614           0 -0.00564275
 -0.0205304   0.0116337  0.00564275           0
Repeater1[0]<--->HoM1[0]
REAL
  0.472973 -0.0339105 -0.0365792   0.409274
-0.0339105   0.031941  0.0321273 -0.0264782
-0.0365792  0.0321273   0.022113 -0.0215035
  0.409274 -0.0264782 -0.0215035   0.472973
IMAGINARY
          0  -0.0289642   0.0316907 -0.00135382
  0.0289642           0   0.0153988    0.031057
 -0.0316907  -0.0153988           0  -0.0166105
 0.00135382   -0.031057   0.0166105           0
EndNode1[0]<--->Repeater1[0]
REAL
   0.449622   0.0183522    0.011277    0.412597
  0.0183522   0.0289673   0.0177254 -0.00934154
   0.011277   0.0177254   0.0314861  -0.0086748
   0.412597 -0.00934154  -0.0086748    0.489924
IMAGINARY
          0 -0.00964843  -0.0010258   0.0066289
 0.00964843           0 -0.00799876 -0.00538446
  0.0010258  0.00799876           0  0.00323817
 -0.0066289  0.00538446 -0.00323817           0
EndNode2[0]<--->HoM1[0]
REAL
   0.478098  0.00599336   0.0125732    0.425739
 0.00599336   0.0300375   0.0184357  -0.0113596
  0.0125732   0.0184357   0.0250313 -0.00477977
   0.425739  -0.0113596 -0.00477977    0.466834
IMAGINARY
           0 -0.000841971   -0.0045369    -0.031525
 0.000841971            0  -0.00293538  -0.00389007
   0.0045369   0.00293538            0    0.0120779
    0.031525   0.00389007   -0.0120779            0
Repeater1[0]<--->EndNode1[0]
REAL
   0.449622    0.011277   0.0183522    0.412597
   0.011277   0.0314861   0.0177254  -0.0086748
  0.0183522   0.0177254   0.0289673 -0.00934154
   0.412597  -0.0086748 -0.00934154    0.489924
IMAGINARY
          0  -0.0010258 -0.00964843   0.0066289
  0.0010258           0  0.00799876  0.00323817
 0.00964843 -0.00799876           0 -0.00538446
 -0.0066289 -0.00323817  0.00538446           0
Repeater1[0]<--->HoM1[0]
REAL
   0.478098   0.0125732  0.00599336    0.425739
  0.0125732   0.0250313   0.0184357 -0.00477977
 0.00599336   0.0184357   0.0300375  -0.0113596
   0.425739 -0.00477977  -0.0113596    0.466834
IMAGINARY
           0   -0.0045369 -0.000841971    -0.031525
   0.0045369            0   0.00293538    0.0120779
 0.000841971  -0.00293538            0  -0.00389007
    0.031525   -0.0120779   0.00389007            0
EndNode1[0]<--->Repeater1[0]
REAL
    0.479297    0.0119585 -0.000725387     0.414518
   0.0119585    0.0313676    0.0235353   0.00388594
-0.000725387    0.0235353     0.033877   -0.0100622
    0.414518   0.00388594   -0.0100622     0.455458
IMAGINARY
           0    0.0159943 -0.000536797   -0.0171423
  -0.0159943            0  -0.00910769  -0.00955742
 0.000536797   0.00910769            0  -0.00724603
   0.0171423   0.00955742   0.00724603            0
EndNode2[0]<--->HoM1[0]
REAL
   0.485275 0.000726602  0.00521817    0.417136
0.000726602   0.0268886   0.0221356 -0.00589294
 0.00521817   0.0221356   0.0320102  0.00264722
   0.417136 -0.00589294  0.00264722    0.455826
IMAGINARY
          0  -0.0236971   0.0120275  -0.0126101
  0.0236971           0   0.0151677  0.00672248
 -0.0120275  -0.0151677           0 -0.00255286
  0.0126101 -0.00672248  0.00255286           0
Repeater1[0]<--->EndNode1[0]
REAL
    0.479297 -0.000725387    0.0119585     0.414518
-0.000725387     0.033877    0.0235353   -0.0100622
   0.0119585    0.0235353    0.0313676   0.00388594
    0.414518   -0.0100622   0.00388594     0.455458
IMAGINARY
           0 -0.000536797    0.0159943   -0.0171423
 0.000536797            0   0.00910769  -0.00724603
  -0.0159943  -0.00910769            0  -0.00955742
   0.0171423   0.00724603   0.00955742            0
Repeater1[0]<--->HoM1[0]
REAL
   0.485275  0.00521817 0.000726602    0.417136
 0.00521817   0.0320102   0.0221356  0.00264722
0.000726602   0.0221356   0.0268886 -0.00589294
   0.417136  0.00264722 -0.00589294    0.455826
IMAGINARY
          0   0.0120275  -0.0236971  -0.0126101
 -0.0120275           0  -0.0151677 -0.00255286
  0.0236971   0.0151677           0  0.00672248
  0.0126101  0.00255286 -0.00672248           0
EndNode1[0]<--->Repeater1[0]
REAL
   0.445693  0.00230827  -0.0152339    0.412971
 0.00230827   0.0224719   0.0119298 -0.00387022
 -0.0152339   0.0119298   0.0262172 -0.00164951
   0.412971 -0.00387022 -0.00164951    0.505618
IMAGINARY
          0   0.0107132   0.0295068  -0.0135101
 -0.0107132           0 -0.00505755  -0.0216943
 -0.0295068  0.00505755           0 -0.00290068
  0.0135101   0.0216943  0.00290068           0
EndNode2[0]<--->HoM1[0]
REAL
    0.462779  -0.00590062  -0.00534605      0.42422
 -0.00590062    0.0334988    0.0173954 -0.000244011
 -0.00534605    0.0173954    0.0272953  -0.00590062
     0.42422 -0.000244011  -0.00590062     0.476427
IMAGINARY
          0 -0.00461217 -0.00831443 -0.00914395
 0.00461217           0  -0.0124907   0.0175008
 0.00831443   0.0124907           0  0.00986151
 0.00914395  -0.0175008 -0.00986151           0
Repeater1[0]<--->EndNode1[0]
REAL
   0.445693  -0.0152339  0.00230827    0.412971
 -0.0152339   0.0262172   0.0119298 -0.00164951
 0.00230827   0.0119298   0.0224719 -0.00387022
   0.412971 -0.00164951 -0.00387022    0.505618
IMAGINARY
          0   0.0295068   0.0107132  -0.0135101
 -0.0295068           0  0.00505755 -0.00290068
 -0.0107132 -0.00505755           0  -0.0216943
  0.0135101  0.00290068   0.0216943           0
Repeater1[0]<--->HoM1[0]
REAL
    0.462779  -0.00534605  -0.00590062      0.42422
 -0.00534605    0.0272953    0.0173954  -0.00590062
 -0.00590062    0.0173954    0.0334988 -0.000244011
     0.42422  -0.00590062 -0.000244011     0.476427
IMAGINARY
          0 -0.00831443 -0.00461217 -0.00914395
 0.00831443           0   0.0124907  0.00986151
 0.00461217  -0.0124907           0   0.0175008
 0.00914395 -0.00986151  -0.0175008           0
EndNode1[0]<--->Repeater1[0]
REAL
   0.461731 -0.00181177  0.00792071    0.417249
-0.00181177   0.0388959   0.0227769 -0.00335748
 0.00792071   0.0227769   0.0363864   0.0168053
   0.417249 -0.00335748   0.0168053    0.462986
IMAGINARY
          0  -0.0118964   0.0167267  0.00821796
  0.0118964           0  -0.0134673   0.0146803
 -0.0167267   0.0134673           0  -0.0195106
-0.00821796  -0.0146803   0.0195106           0
EndNode2[0]<--->HoM1[0]
REAL
   0.469182   0.0168113   0.0147132     0.42482
  0.0168113   0.0352201   0.0156111   0.0074668
  0.0147132   0.0156111   0.0339623 -0.00603817
    0.42482   0.0074668 -0.00603817    0.461635
IMAGINARY
           0 -0.000860837  -0.00816427  0.000306539
 0.000860837            0    0.0251388 -0.000266338
  0.00816427   -0.0251388            0   0.00929145
-0.000306539  0.000266338  -0.00929145            0
Repeater1[0]<--->EndNode1[0]
REAL
   0.461731  0.00792071 -0.00181177    0.417249
 0.00792071   0.0363864   0.0227769   0.0168053
-0.00181177   0.0227769   0.0388959 -0.00335748
   0.417249   0.0168053 -0.00335748    0.462986
IMAGINARY
          0   0.0167267  -0.0118964  0.00821796
 -0.0167267           0   0.0134673  -0.0195106
  0.0118964  -0.0134673           0   0.0146803
-0.00821796   0.0195106  -0.0146803           0
Repeater1[0]<--->HoM1[0]
REAL
   0.469182   0.0147132   0.0168113     0.42482
  0.0147132   0.0339623   0.0156111 -0.00603817
  0.0168113   0.0156111   0.0352201   0.0074668
    0.42482 -0.00603817   0.0074668    0.461635
IMAGINARY
           0  -0.00816427 -0.000860837  0.000306539
  0.00816427            0   -0.0251388   0.00929145
 0.000860837    0.0251388            0 -0.000266338
-0.000306539  -0.00929145  0.000266338            0
EndNode1[0]<--->Repeater1[0]
REAL
   0.486216 -0.00612404  0.00155101    0.414288
-0.00612404   0.0275689    0.022568  -0.0170149
 0.00155101    0.022568   0.0350877  -0.0106285
   0.414288  -0.0170149  -0.0106285    0.451128
IMAGINARY
          0   0.0180661  -0.0100662   0.0104069
 -0.0180661           0   -0.012378  -0.0198701
  0.0100662    0.012378           0 -0.00214252
 -0.0104069   0.0198701  0.00214252           0
EndNode2[0]<--->HoM1[0]
REAL
    0.47541   0.0236031   0.0156979    0.418969
  0.0236031   0.0340479   0.0168801   0.0138619
  0.0156979   0.0168801   0.0277427 -0.00536413
   0.418969   0.0138619 -0.00536413    0.462799
IMAGINARY
           0 -0.000957467   0.00827292   -0.0131023
 0.000957467            0   -0.0243308   -0.0265497
 -0.00827292    0.0243308            0    0.0100958
   0.0131023    0.0265497   -0.0100958            0
Repeater1[0]<--->EndNode1[0]
REAL
   0.486216  0.00155101 -0.00612404    0.414288
 0.00155101   0.0350877    0.022568  -0.0106285
-0.00612404    0.022568   0.0275689  -0.0170149
   0.414288  -0.0106285  -0.0170149    0.451128
IMAGINARY
          0  -0.0100662   0.0180661   0.0104069
  0.0100662           0    0.012378 -0.00214252
 -0.0180661   -0.012378           0  -0.0198701
 -0.0104069  0.00214252   0.0198701           0
Repeater1[0]<--->HoM1[0]
REAL
    0.47541   0.0156979   0.0236031    0.418969
  0.0156979   0.0277427   0.0168801 -0.00536413
  0.0236031   0.0168801   0.0340479   0.0138619
   0.418969 -0.00536413   0.0138619    0.462799
IMAGINARY
           0   0.00827292 -0.000957467   -0.0131023
 -0.00827292            0    0.0243308    0.0100958
 0.000957467   -0.0243308            0   -0.0265497
   0.0131023   -0.0100958    0.0265497            0
EndNode1[0]<--->Repeater1[0]
REAL
   0.460358  0.00682705 -0.00179211    0.431828
 0.00682705   0.0242967   0.0144086  0.00716846
-0.00179211   0.0144086   0.0255754 -0.00682705
   0.431828  0.00716846 -0.00682705     0.48977
IMAGINARY
           0    0.0123356  -0.00258832   0.00215618
  -0.0123356            0  0.000957142  -0.00192781
  0.00258832 -0.000957142            0   -0.0155614
 -0.00215618   0.00192781    0.0155614            0
EndNode2[0]<--->HoM1[0]
REAL
   0.492366  -0.0155545 -0.00965983    0.416901
 -0.0155545   0.0279898   0.0244284  -0.0131563
-0.00965983   0.0244284   0.0305344  0.00186483
   0.416901  -0.0131563  0.00186483    0.449109
IMAGINARY
          0 -0.00258055  0.00299696  0.00605471
 0.00258055           0   0.0145961  -0.0119575
-0.00299696  -0.0145961           0  0.00437267
-0.00605471   0.0119575 -0.00437267           0
Repeater1[0]<--->EndNode1[0]
REAL
   0.460358 -0.00179211  0.00682705    0.431828
-0.00179211   0.0255754   0.0144086 -0.00682705
 0.00682705   0.0144086   0.0242967  0.00716846
   0.431828 -0.00682705  0.00716846     0.48977
IMAGINARY
           0  -0.00258832    0.0123356   0.00215618
  0.00258832            0 -0.000957142   -0.0155614
  -0.0123356  0.000957142            0  -0.00192781
 -0.00215618    0.0155614   0.00192781            0
Repeater1[0]<--->HoM1[0]
REAL
   0.492366 -0.00965983  -0.0155545    0.416901
-0.00965983   0.0305344   0.0244284  0.00186483
 -0.0155545   0.0244284   0.0279898  -0.0131563
   0.416901  0.00186483  -0.0131563    0.449109
IMAGINARY
          0  0.00299696 -0.00258055  0.00605471
-0.00299696           0  -0.0145961  0.00437267
 0.00258055   0.0145961           0  -0.0119575
-0.00605471 -0.00437267   0.0119575           0
EndNode1[0]<--->Repeater1[0]
REAL
  0.491071 0.00512233 0.00570697   0.420302
0.00512233  0.0459184  0.0192867 -0.0288432
0.00570697  0.0192867  0.0255102 -0.0218318
  0.420302 -0.0288432 -0.0218318     0.4375
IMAGINARY
          0 -0.00736679   0.0233934 -0.00788759
 0.00736679           0   0.0259288  0.00452543
 -0.0233934  -0.0259288           0  -0.0230901
 0.00788759 -0.00452543   0.0230901           0
EndNode2[0]<--->HoM1[0]
REAL
   0.480867 -0.00137397   0.0153468    0.415624
-0.00137397   0.0357143   0.0146989  0.00207251
  0.0153468   0.0146989   0.0344388    0.013632
   0.415624  0.00207251    0.013632     0.44898
IMAGINARY
          0  0.00462351  0.00235715   0.0265434
-0.00462351           0  -0.0100744 -0.00962267
-0.00235715   0.0100744           0    0.001321
 -0.0265434  0.00962267   -0.001321           0
Repeater1[0]<--->EndNode1[0]
REAL
  0.491071 0.00570697 0.00512233   0.420302
0.00570697  0.0255102  0.0192867 -0.0218318
0.00512233  0.0192867  0.0459184 -0.0288432
  0.420302 -0.0218318 -0.0288432     0.4375
IMAGINARY
          0   0.0233934 -0.00736679 -0.00788759
 -0.0233934           0  -0.0259288  -0.0230901
 0.00736679   0.0259288           0  0.00452543
 0.00788759   0.0230901 -0.00452543           0
Repeater1[0]<--->HoM1[0]
REAL
   0.480867   0.0153468 -0.00137397    0.415624
  0.0153468   0.0344388   0.0146989    0.013632
-0.00137397   0.0146989   0.0357143  0.00207251
   0.415624    0.013632  0.00207251     0.44898
IMAGINARY
          0  0.00235715  0.00462351   0.0265434
-0.00235715           0   0.0100744    0.001321
-0.00462351  -0.0100744           0 -0.00962267
 -0.0265434   -0.001321  0.00962267           0
EndNode1[0]<--->Repeater1[0]
REAL
   0.475366  -0.0101242  -0.0197732    0.430064
 -0.0101242   0.0266312    0.021188  0.00857423
 -0.0197732    0.021188   0.0279627 -0.00239226
   0.430064  0.00857423 -0.00239226     0.47004
IMAGINARY
          0 -0.00463335   0.0181551   0.0156845
 0.00463335           0   -0.008946  -0.0116462
 -0.0181551    0.008946           0  -0.0148933
 -0.0156845   0.0116462   0.0148933           0
EndNode2[0]<--->HoM1[0]
REAL
   0.469833   0.0011632  -0.0150934    0.419827
  0.0011632    0.029525   0.0108538 -0.00993873
 -0.0150934   0.0108538   0.0410783 -0.00822353
   0.419827 -0.00993873 -0.00822353    0.459564
IMAGINARY
          0   0.0177006  0.00204006 -0.00685403
 -0.0177006           0  -0.0021434  -0.0208957
-0.00204006   0.0021434           0   0.0115581
 0.00685403   0.0208957  -0.0115581           0
Repeater1[0]<--->EndNode1[0]
REAL
   0.475366  -0.0197732  -0.0101242    0.430064
 -0.0197732   0.0279627    0.021188 -0.00239226
 -0.0101242    0.021188   0.0266312  0.00857423
   0.430064 -0.00239226  0.00857423     0.47004
IMAGINARY
          0   0.0181551 -0.00463335   0.0156845
 -0.0181551           0    0.008946  -0.0148933
 0.00463335   -0.008946           0  -0.0116462
 -0.0156845   0.0148933   0.0116462           0
Repeater1[0]<--->HoM1[0]
REAL
   0.469833  -0.0150934   0.0011632    0.419827
 -0.0150934   0.0410783   0.0108538 -0.00822353
  0.0011632   0.0108538    0.029525 -0.00993873
   0.419827 -0.00822353 -0.00993873    0.459564
IMAGINARY
          0  0.00204006   0.0177006 -0.00685403
-0.00204006           0   0.0021434   0.0115581
 -0.0177006  -0.0021434           0  -0.0208957
 0.00685403  -0.0115581   0.0208957           0
EndNode1[0]<--->Repeater1[0]
REAL
  0.478207 0.00172149 0.00275589   0.432304
0.00172149  0.0435866  0.0102094  -0.014788
0.00275589  0.0102094  0.0249066 -0.0150905
  0.432304  -0.014788 -0.0150905     0.4533
IMAGINARY
           0   -0.0112329   0.00641536  -0.00786925
   0.0112329            0  -0.00332969  0.000608907
 -0.00641536   0.00332969            0  -0.00728558
  0.00786925 -0.000608907   0.00728558            0
EndNode2[0]<--->HoM1[0]
REAL
   0.469388  -0.0143521  -0.0136148    0.416201
 -0.0143521   0.0272109    0.028719 -0.00413309
 -0.0136148    0.028719   0.0312925 -0.00461974
   0.416201 -0.00413309 -0.00461974    0.472109
IMAGINARY
          0   0.0480596  -0.0151597   0.0153014
 -0.0480596           0 -0.00992502  -0.0164859
  0.0151597  0.00992502           0  -0.0164141
 -0.0153014   0.0164859   0.0164141           0
Repeater1[0]<--->EndNode1[0]
REAL
  0.478207 0.00275589 0.00172149   0.432304
0.00275589  0.0249066  0.0102094 -0.0150905
0.00172149  0.0102094  0.0435866  -0.014788
  0.432304 -0.0150905  -0.014788     0.4533
IMAGINARY
           0   0.00641536   -0.0112329  -0.00786925
 -0.00641536            0   0.00332969  -0.00728558
   0.0112329  -0.00332969            0  0.000608907
  0.00786925   0.00728558 -0.000608907            0
Repeater1[0]<--->HoM1[0]
REAL
   0.469388  -0.0136148  -0.0143521    0.416201
 -0.0136148   0.0312925    0.028719 -0.00461974
 -0.0143521    0.028719   0.0272109 -0.00413309
   0.416201 -0.00461974 -0.00413309    0.472109
IMAGINARY
          0  -0.0151597   0.0480596   0.0153014
  0.0151597           0  0.00992502  -0.0164141
 -0.0480596 -0.00992502           0  -0.0164859
 -0.0153014   0.0164141   0.0164859           0
EndNode1[0]<--->Repeater1[0]
REAL
   0.465087   0.0111214   0.0136492    0.415711
  0.0111214   0.0411471   0.0287333 -0.00354822
  0.0136492   0.0287333   0.0249377   0.0090806
   0.415711 -0.00354822   0.0090806    0.468828
IMAGINARY
           0 -0.000187223   0.00336578   0.00741598
 0.000187223            0  -0.00400534   -0.0107368
 -0.00336578   0.00400534            0  -0.00472678
 -0.00741598    0.0107368   0.00472678            0
EndNode2[0]<--->HoM1[0]
REAL
   0.476056   0.0221503   0.0133443    0.425105
  0.0221503   0.0211268   0.0157879  0.00294038
  0.0133443   0.0157879   0.0380282 -0.00465935
   0.425105  0.00294038 -0.00465935    0.464789
IMAGINARY
          0 -0.00376723 -0.00352908 -0.00130208
 0.00376723           0 -0.00130208  0.00166573
 0.00352908  0.00130208           0  0.00438835
 0.00130208 -0.00166573 -0.00438835           0
Repeater1[0]<--->EndNode1[0]
REAL
   0.465087   0.0136492   0.0111214    0.415711
  0.0136492   0.0249377   0.0287333   0.0090806
  0.0111214   0.0287333   0.0411471 -0.00354822
   0.415711   0.0090806 -0.00354822    0.468828
IMAGINARY
           0   0.00336578 -0.000187223   0.00741598
 -0.00336578            0   0.00400534  -0.00472678
 0.000187223  -0.00400534            0   -0.0107368
 -0.00741598   0.00472678    0.0107368            0
Repeater1[0]<--->HoM1[0]
REAL
   0.476056   0.0133443   0.0221503    0.425105
  0.0133443   0.0380282   0.0157879 -0.00465935
  0.0221503   0.0157879   0.0211268  0.00294038
   0.425105 -0.00465935  0.00294038    0.464789
IMAGINARY
          0 -0.00352908 -0.00376723 -0.00130208
 0.00352908           0  0.00130208  0.00438835
 0.00376723 -0.00130208           0  0.00166573
 0.00130208 -0.00438835 -0.00166573           0
EndNode1[0]<--->Repeater1[0]
REAL
   0.465087   0.0187197 -0.00515959    0.416622
  0.0187197    0.032419  0.00695296   0.0116363
-0.00515959  0.00695296   0.0386534  -0.0135384
   0.416622   0.0116363  -0.0135384     0.46384
IMAGINARY
          0  -0.0117908    0.020199  -0.0176161
  0.0117908           0 -0.00294944 -0.00747632
  -0.020199  0.00294944           0 -0.00474859
  0.0176161  0.00747632  0.00474859           0
EndNode2[0]<--->HoM1[0]
REAL
  0.467266  0.0129361 0.00863705   0.416965
 0.0129361  0.0359435  0.0141157    0.01839
0.00863705  0.0141157  0.0231065  0.0154423
  0.416965    0.01839  0.0154423   0.473684
IMAGINARY
          0  0.00580231 -0.00518135  0.00387293
-0.00580231           0  0.00510143  0.00259067
 0.00518135 -0.00510143           0 -0.00450697
-0.00387293 -0.00259067  0.00450697           0
Repeater1[0]<--->EndNode1[0]
REAL
   0.465087 -0.00515959   0.0187197    0.416622
-0.00515959   0.0386534  0.00695296  -0.0135384
  0.0187197  0.00695296    0.032419   0.0116363
   0.416622  -0.0135384   0.0116363     0.46384
IMAGINARY
          0    0.020199  -0.0117908  -0.0176161
  -0.020199           0  0.00294944 -0.00474859
  0.0117908 -0.00294944           0 -0.00747632
  0.0176161  0.00474859  0.00747632           0
Repeater1[0]<--->HoM1[0]
REAL
  0.467266 0.00863705  0.0129361   0.416965
0.00863705  0.0231065  0.0141157  0.0154423
 0.0129361  0.0141157  0.0359435    0.01839
  0.416965  0.0154423    0.01839   0.473684
IMAGINARY
          0 -0.00518135  0.00580231  0.00387293
 0.00518135           0 -0.00510143 -0.00450697
-0.00580231  0.00510143           0  0.00259067
-0.00387293  0.00450697 -0.00259067           0
EndNode1[0]<--->Repeater1[0]
REAL
   0.446835  -0.0180571   -0.015138    0.419743
 -0.0180571   0.0392405   0.0166813  0.00255527
  -0.015138   0.0166813   0.0379747 -0.00247269
   0.419743  0.00255527 -0.00247269    0.475949
IMAGINARY
          0  0.00855917  -0.0130342  0.00575271
-0.00855917           0   -0.012196 -0.00609848
  0.0130342    0.012196           0 -0.00728366
-0.00575271  0.00609848  0.00728366           0
EndNode2[0]<--->HoM1[0]
REAL
   0.486989 -0.00855278   0.0124846    0.414518
-0.00855278   0.0346964   0.0172139  -0.0067956
  0.0124846   0.0172139   0.0260223   0.0192987
   0.414518  -0.0067956   0.0192987    0.452292
IMAGINARY
           0   -0.0114597   0.00293088  -0.00383593
   0.0114597            0    -0.015494  0.000278361
 -0.00293088     0.015494            0   0.00311569
  0.00383593 -0.000278361  -0.00311569            0
Repeater1[0]<--->EndNode1[0]
REAL
   0.446835   -0.015138  -0.0180571    0.419743
  -0.015138   0.0379747   0.0166813 -0.00247269
 -0.0180571   0.0166813   0.0392405  0.00255527
   0.419743 -0.00247269  0.00255527    0.475949
IMAGINARY
          0  -0.0130342  0.00855917  0.00575271
  0.0130342           0    0.012196 -0.00728366
-0.00855917   -0.012196           0 -0.00609848
-0.00575271  0.00728366  0.00609848           0
Repeater1[0]<--->HoM1[0]
REAL
   0.486989   0.0124846 -0.00855278    0.414518
  0.0124846   0.0260223   0.0172139   0.0192987
-0.00855278   0.0172139   0.0346964  -0.0067956
   0.414518   0.0192987  -0.0067956    0.452292
IMAGINARY
           0   0.00293088   -0.0114597  -0.00383593
 -0.00293088            0     0.015494   0.00311569
   0.0114597    -0.015494            0  0.000278361
  0.00383593  -0.00311569 -0.000278361            0
EndNode1[0]<--->Repeater1[0]
REAL
    0.48852   0.0125371  0.00368638    0.420719
  0.0125371   0.0331633    0.017923 -0.00499186
 0.00368638    0.017923   0.0369898 -0.00470424
   0.420719 -0.00499186 -0.00470424    0.441327
IMAGINARY
          0 -0.00600449 -0.00210613  -0.0187605
 0.00600449           0 -0.00243647  0.00277191
 0.00210613  0.00243647           0 -0.00131908
  0.0187605 -0.00277191  0.00131908           0
EndNode2[0]<--->HoM1[0]
REAL
   0.467598   -0.015936  -0.0205524    0.421286
