EndNode1[0]<--->Repeater1[0]
REAL
    0.28084   0.0182946   0.0234254   0.0932671
  0.0182946    0.217848 -0.00132752  0.00680133
  0.0234254 -0.00132752    0.204724 -0.00570018
  0.0932671  0.00680133 -0.00570018    0.296588
IMAGINARY
          0  0.00171571  0.00847597  0.00813123
-0.00171571           0   0.0185863  -0.0129805
-0.00847597  -0.0185863           0 -0.00364622
-0.00813123   0.0129805  0.00364622           0
EndNode2[0]<--->HoM1[0]
REAL
     0.28803  -0.00190533   0.00673043    0.0917992
 -0.00190533     0.210723 -0.000890102  -0.00543173
  0.00673043 -0.000890102     0.203242  -0.00848428
   0.0917992  -0.00543173  -0.00848428     0.298005
IMAGINARY
           0   -0.0341271   0.00962999    0.0119675
   0.0341271            0   0.00186649  0.000813872
 -0.00962999  -0.00186649            0   -0.0102593
  -0.0119675 -0.000813872    0.0102593            0
Repeater1[0]<--->EndNode1[0]
REAL
    0.28084   0.0234254   0.0182946   0.0932671
  0.0234254    0.204724 -0.00132752 -0.00570018
  0.0182946 -0.00132752    0.217848  0.00680133
  0.0932671 -0.00570018  0.00680133    0.296588
IMAGINARY
          0  0.00847597  0.00171571  0.00813123
-0.00847597           0  -0.0185863 -0.00364622
-0.00171571   0.0185863           0  -0.0129805
-0.00813123  0.00364622   0.0129805           0
Repeater1[0]<--->HoM1[0]
REAL
     0.28803   0.00673043  -0.00190533    0.0917992
  0.00673043     0.203242 -0.000890102  -0.00848428
 -0.00190533 -0.000890102     0.210723  -0.00543173
   0.0917992  -0.00848428  -0.00543173     0.298005
IMAGINARY
           0   0.00962999   -0.0341271    0.0119675
 -0.00962999            0  -0.00186649   -0.0102593
   0.0341271   0.00186649            0  0.000813872
  -0.0119675    0.0102593 -0.000813872            0
EndNode1[0]<--->Repeater1[0]
REAL
   0.274756  0.00465048  0.00743695    0.103503
 0.00465048    0.177127 -0.00781268   0.0134756
 0.00743695 -0.00781268    0.220363   0.0225992
   0.103503   0.0134756   0.0225992    0.327755
IMAGINARY
          0  0.00872462  0.00466062  -0.0167685
-0.00872462           0 -0.00934612 -0.00650564
-0.00466062  0.00934612           0  -0.0216398
  0.0167685  0.00650564   0.0216398           0
EndNode2[0]<--->HoM1[0]
REAL
   0.278581 -0.00859248 -0.00503666    0.115645
-0.00859248    0.197109  -0.0215347  0.00823768
-0.00503666  -0.0215347     0.22339 -0.00485183
   0.115645  0.00823768 -0.00485183     0.30092
IMAGINARY
          0  0.00225223  -0.0173094 -0.00187442
-0.00225223           0   -0.013354  0.00448893
  0.0173094    0.013354           0  -0.0112266
 0.00187442 -0.00448893   0.0112266           0
Repeater1[0]<--->EndNode1[0]
REAL
   0.274756  0.00743695  0.00465048    0.103503
 0.00743695    0.220363 -0.00781268   0.0225992
 0.00465048 -0.00781268    0.177127   0.0134756
   0.103503   0.0225992   0.0134756    0.327755
IMAGINARY
          0  0.00466062  0.00872462  -0.0167685
-0.00466062           0  0.00934612  -0.0216398
-0.00872462 -0.00934612           0 -0.00650564
  0.0167685   0.0216398  0.00650564           0
Repeater1[0]<--->HoM1[0]
REAL
   0.278581 -0.00503666 -0.00859248    0.115645
-0.00503666     0.22339  -0.0215347 -0.00485183
-0.00859248  -0.0215347    0.197109  0.00823768
   0.115645 -0.00485183  0.00823768     0.30092
IMAGINARY
          0  -0.0173094  0.00225223 -0.00187442
  0.0173094           0    0.013354  -0.0112266
-0.00225223   -0.013354           0  0.00448893
 0.00187442   0.0112266 -0.00448893           0
EndNode1[0]<--->Repeater1[0]
REAL
    0.317358  -0.00299479 -0.000424592    0.0872396
 -0.00299479     0.173575   -0.0143229   -0.0112942
-0.000424592   -0.0143229     0.215026   -0.0217448
   0.0872396   -0.0112942   -0.0217448     0.294041
IMAGINARY
          0   0.0326794  -0.0291959 -0.00790733
 -0.0326794           0  -0.0238387   0.0200813
  0.0291959   0.0238387           0  -0.0131482
 0.00790733  -0.0200813   0.0131482           0
EndNode2[0]<--->HoM1[0]
REAL
   0.295393    0.012083   0.0130182   0.0977695
   0.012083    0.182927  -0.0172037 -0.00502308
  0.0130182  -0.0172037    0.200542   0.0168223
  0.0977695 -0.00502308   0.0168223    0.321138
IMAGINARY
         0  0.0329894 -0.0110693   0.011337
-0.0329894          0 -0.0126028 -0.0129949
 0.0110693  0.0126028          0  0.0285079
 -0.011337  0.0129949 -0.0285079          0
Repeater1[0]<--->EndNode1[0]
REAL
    0.317358 -0.000424592  -0.00299479    0.0872396
-0.000424592     0.215026   -0.0143229   -0.0217448
 -0.00299479   -0.0143229     0.173575   -0.0112942
   0.0872396   -0.0217448   -0.0112942     0.294041
IMAGINARY
          0  -0.0291959   0.0326794 -0.00790733
  0.0291959           0   0.0238387  -0.0131482
 -0.0326794  -0.0238387           0   0.0200813
 0.00790733   0.0131482  -0.0200813           0
Repeater1[0]<--->HoM1[0]
REAL
   0.295393   0.0130182    0.012083   0.0977695
  0.0130182    0.200542  -0.0172037   0.0168223
   0.012083  -0.0172037    0.182927 -0.00502308
  0.0977695   0.0168223 -0.00502308    0.321138
IMAGINARY
         0 -0.0110693  0.0329894   0.011337
 0.0110693          0  0.0126028  0.0285079
-0.0329894 -0.0126028          0 -0.0129949
 -0.011337 -0.0285079  0.0129949          0
EndNode1[0]<--->Repeater1[0]
REAL
   0.298289 -0.00527775  -0.0105137   0.0804931
-0.00527775    0.221271 -0.00227028 -0.00387925
 -0.0105137 -0.00227028    0.191932  -0.0103668
  0.0804931 -0.00387925  -0.0103668    0.288509
IMAGINARY
          0  0.00369602 -0.00465461    0.025744
-0.00369602           0   0.0085026  -0.0179172
 0.00465461  -0.0085026           0   0.0229798
  -0.025744   0.0179172  -0.0229798           0
EndNode2[0]<--->HoM1[0]
REAL
    0.279543   0.00269969 -0.000206278    0.0915935
  0.00269969      0.21601    0.0145793    0.0236631
-0.000206278    0.0145793     0.217281   0.00470772
   0.0915935    0.0236631   0.00470772     0.287166
IMAGINARY
          0 -0.00806337 -0.00360419  0.00274452
 0.00806337           0   0.0118591  0.00360419
 0.00360419  -0.0118591           0 -0.00023047
-0.00274452 -0.00360419  0.00023047           0
Repeater1[0]<--->EndNode1[0]
REAL
   0.298289  -0.0105137 -0.00527775   0.0804931
 -0.0105137    0.191932 -0.00227028  -0.0103668
-0.00527775 -0.00227028    0.221271 -0.00387925
  0.0804931  -0.0103668 -0.00387925    0.288509
IMAGINARY
          0 -0.00465461  0.00369602    0.025744
 0.00465461           0  -0.0085026   0.0229798
-0.00369602   0.0085026           0  -0.0179172
  -0.025744  -0.0229798   0.0179172           0
Repeater1[0]<--->HoM1[0]
REAL
    0.279543 -0.000206278   0.00269969    0.0915935
-0.000206278     0.217281    0.0145793   0.00470772
  0.00269969    0.0145793      0.21601    0.0236631
   0.0915935   0.00470772    0.0236631     0.287166
IMAGINARY
          0 -0.00360419 -0.00806337  0.00274452
 0.00360419           0  -0.0118591 -0.00023047
 0.00806337   0.0118591           0  0.00360419
-0.00274452  0.00023047 -0.00360419           0
EndNode1[0]<--->Repeater1[0]
REAL
  0.278928 -0.0122076 -0.0167873  0.0894293
-0.0122076   0.211937 -0.0133984    0.01421
-0.0167873 -0.0133984   0.216809  0.0366921
 0.0894293    0.01421  0.0366921   0.292326
IMAGINARY
          0  -0.0420976 -0.00382947   0.0104786
  0.0420976           0  -0.0144893  -0.0141654
 0.00382947   0.0144893           0  -0.0106016
 -0.0104786   0.0141654   0.0106016           0
EndNode2[0]<--->HoM1[0]
REAL
   0.283401  0.00445206 -0.00104544   0.0703944
 0.00445206     0.19973  0.00491091  0.00715128
-0.00104544  0.00491091    0.221323  0.00572433
  0.0703944  0.00715128  0.00572433    0.295547
IMAGINARY
          0  0.00525095  0.00683068  0.00111821
-0.00525095           0  0.00363077  0.00234925
-0.00683068 -0.00363077           0  -0.0107589
-0.00111821 -0.00234925   0.0107589           0
Repeater1[0]<--->EndNode1[0]
REAL
  0.278928 -0.0167873 -0.0122076  0.0894293
-0.0167873   0.216809 -0.0133984  0.0366921
-0.0122076 -0.0133984   0.211937    0.01421
 0.0894293  0.0366921    0.01421   0.292326
IMAGINARY
          0 -0.00382947  -0.0420976   0.0104786
 0.00382947           0   0.0144893  -0.0106016
  0.0420976  -0.0144893           0  -0.0141654
 -0.0104786   0.0106016   0.0141654           0
Repeater1[0]<--->HoM1[0]
REAL
   0.283401 -0.00104544  0.00445206   0.0703944
-0.00104544    0.221323  0.00491091  0.00572433
 0.00445206  0.00491091     0.19973  0.00715128
  0.0703944  0.00572433  0.00715128    0.295547
IMAGINARY
          0  0.00683068  0.00525095  0.00111821
-0.00683068           0 -0.00363077  -0.0107589
-0.00525095  0.00363077           0  0.00234925
-0.00111821   0.0107589 -0.00234925           0
EndNode1[0]<--->Repeater1[0]
REAL
   0.316456   0.0112501  -0.0182592   0.0969227
  0.0112501    0.206329  -0.0135894 -0.00537262
 -0.0182592  -0.0135894    0.218987 -0.00378745
  0.0969227 -0.00537262 -0.00378745    0.258228
IMAGINARY
          0  0.00945558   0.0173869  -0.0178889
-0.00945558           0  -0.0152711 -0.00795298
 -0.0173869   0.0152711           0   0.0148032
  0.0178889  0.00795298  -0.0148032           0
EndNode2[0]<--->HoM1[0]
REAL
      0.308   0.0322727   0.0151412   0.0869484
  0.0322727       0.188 -0.00834865 -0.00391267
  0.0151412 -0.00834865    0.201333 -0.00122915
  0.0869484 -0.00391267 -0.00122915    0.302667
IMAGINARY
          0    0.012147 -0.00544979   0.0166289
  -0.012147           0  -0.0089953  0.00916266
 0.00544979   0.0089953           0   -0.002246
 -0.0166289 -0.00916266    0.002246           0
Repeater1[0]<--->EndNode1[0]
REAL
   0.316456  -0.0182592   0.0112501   0.0969227
 -0.0182592    0.218987  -0.0135894 -0.00378745
  0.0112501  -0.0135894    0.206329 -0.00537262
  0.0969227 -0.00378745 -0.00537262    0.258228
IMAGINARY
          0   0.0173869  0.00945558  -0.0178889
 -0.0173869           0   0.0152711   0.0148032
-0.00945558  -0.0152711           0 -0.00795298
  0.0178889  -0.0148032  0.00795298           0
Repeater1[0]<--->HoM1[0]
REAL
      0.308   0.0151412   0.0322727   0.0869484
  0.0151412    0.201333 -0.00834865 -0.00122915
  0.0322727 -0.00834865       0.188 -0.00391267
  0.0869484 -0.00122915 -0.00391267    0.302667
IMAGINARY
          0 -0.00544979    0.012147   0.0166289
 0.00544979           0   0.0089953   -0.002246
  -0.012147  -0.0089953           0  0.00916266
 -0.0166289    0.002246 -0.00916266           0
EndNode1[0]<--->Repeater1[0]
REAL
    0.30068    0.016766     0.02891    0.089297
   0.016766    0.205442  0.00848895 -0.00984479
    0.02891  0.00848895    0.214966 -0.00631091
   0.089297 -0.00984479 -0.00631091    0.278912
IMAGINARY
          0  -0.0290553   0.0107124  0.00122057
  0.0290553           0  0.00380455 -0.00439928
 -0.0107124 -0.00380455           0  0.00506542
-0.00122057  0.00439928 -0.00506542           0
EndNode2[0]<--->HoM1[0]
REAL
   0.282413  0.00773381 -0.00726063   0.0809472
 0.00773381    0.237484  0.00120032 -0.00114816
-0.00726063  0.00120032    0.216945  -0.0174363
  0.0809472 -0.00114816  -0.0174363    0.263158
IMAGINARY
           0   -0.0112887  0.000231553   0.00308965
   0.0112887            0   -0.0131652    0.0124267
-0.000231553    0.0131652            0   0.00116213
 -0.00308965   -0.0124267  -0.00116213            0
Repeater1[0]<--->EndNode1[0]
REAL
    0.30068     0.02891    0.016766    0.089297
    0.02891    0.214966  0.00848895 -0.00631091
   0.016766  0.00848895    0.205442 -0.00984479
   0.089297 -0.00631091 -0.00984479    0.278912
IMAGINARY
          0   0.0107124  -0.0290553  0.00122057
 -0.0107124           0 -0.00380455  0.00506542
  0.0290553  0.00380455           0 -0.00439928
-0.00122057 -0.00506542  0.00439928           0
Repeater1[0]<--->HoM1[0]
REAL
   0.282413 -0.00726063  0.00773381   0.0809472
-0.00726063    0.216945  0.00120032  -0.0174363
 0.00773381  0.00120032    0.237484 -0.00114816
  0.0809472  -0.0174363 -0.00114816    0.263158
IMAGINARY
           0  0.000231553   -0.0112887   0.00308965
-0.000231553            0    0.0131652   0.00116213
   0.0112887   -0.0131652            0    0.0124267
 -0.00308965  -0.00116213   -0.0124267            0
EndNode1[0]<--->Repeater1[0]
REAL
   0.297468 -0.00130443  -0.0235036   0.0853012
-0.00130443    0.196203 -0.00174329 -0.00210285
 -0.0235036 -0.00174329    0.210127   0.0255632
  0.0853012 -0.00210285   0.0255632    0.296203
IMAGINARY
          0   0.0115697 -0.00543246  0.00407935
 -0.0115697           0  -0.0059709 -0.00603852
 0.00543246   0.0059709           0   -0.010895
-0.00407935  0.00603852    0.010895           0
EndNode2[0]<--->HoM1[0]
REAL
  0.306892  0.0172373  0.0164819   0.102207
 0.0172373   0.222367 -0.0223328 0.00175714
 0.0164819 -0.0223328   0.202861 -0.0241556
  0.102207 0.00175714 -0.0241556    0.26788
IMAGINARY
          0   0.0169772  -0.0146918  0.00832266
 -0.0169772           0 -0.00256082   0.0042624
  0.0146918  0.00256082           0  -0.0016398
-0.00832266  -0.0042624   0.0016398           0
Repeater1[0]<--->EndNode1[0]
REAL
   0.297468  -0.0235036 -0.00130443   0.0853012
 -0.0235036    0.210127 -0.00174329   0.0255632
-0.00130443 -0.00174329    0.196203 -0.00210285
  0.0853012   0.0255632 -0.00210285    0.296203
IMAGINARY
          0 -0.00543246   0.0115697  0.00407935
 0.00543246           0   0.0059709   -0.010895
 -0.0115697  -0.0059709           0 -0.00603852
-0.00407935    0.010895  0.00603852           0
Repeater1[0]<--->HoM1[0]
REAL
  0.306892  0.0164819  0.0172373   0.102207
 0.0164819   0.202861 -0.0223328 -0.0241556
 0.0172373 -0.0223328   0.222367 0.00175714
  0.102207 -0.0241556 0.00175714    0.26788
IMAGINARY
          0  -0.0146918   0.0169772  0.00832266
  0.0146918           0  0.00256082  -0.0016398
 -0.0169772 -0.00256082           0   0.0042624
-0.00832266   0.0016398  -0.0042624           0
EndNode1[0]<--->Repeater1[0]
REAL
   0.277215  0.00306159  0.00943693   0.0707591
 0.00306159    0.220253   0.0263726   0.0120755
 0.00943693   0.0263726    0.208861 -0.00371348
  0.0707591   0.0120755 -0.00371348    0.293671
IMAGINARY
           0  -0.00146633 -0.000998211   0.00477547
  0.00146633            0    0.0245644   -0.0107511
 0.000998211   -0.0245644            0   0.00929922
 -0.00477547    0.0107511  -0.00929922            0
EndNode2[0]<--->HoM1[0]
REAL
    0.273408    0.0126321    0.0109176     0.105096
   0.0126321     0.205993 -0.000444867    0.0226742
   0.0109176 -0.000444867     0.194757    0.0235436
    0.105096    0.0226742    0.0235436     0.325843
IMAGINARY
           0    0.0138522 -0.000999291   0.00444202
  -0.0138522            0   -0.0112238   -0.0121933
 0.000999291    0.0112238            0    0.0138522
 -0.00444202    0.0121933   -0.0138522            0
Repeater1[0]<--->EndNode1[0]
REAL
   0.277215  0.00943693  0.00306159   0.0707591
 0.00943693    0.208861   0.0263726 -0.00371348
 0.00306159   0.0263726    0.220253   0.0120755
  0.0707591 -0.00371348   0.0120755    0.293671
IMAGINARY
           0 -0.000998211  -0.00146633   0.00477547
 0.000998211            0   -0.0245644   0.00929922
  0.00146633    0.0245644            0   -0.0107511
 -0.00477547  -0.00929922    0.0107511            0
Repeater1[0]<--->HoM1[0]
REAL
    0.273408    0.0109176    0.0126321     0.105096
   0.0109176     0.194757 -0.000444867    0.0235436
   0.0126321 -0.000444867     0.205993    0.0226742
    0.105096    0.0235436    0.0226742     0.325843
IMAGINARY
           0 -0.000999291    0.0138522   0.00444202
 0.000999291            0    0.0112238    0.0138522
  -0.0138522   -0.0112238            0   -0.0121933
 -0.00444202   -0.0138522    0.0121933            0
EndNode1[0]<--->Repeater1[0]
REAL
   0.292249  0.00574713 -0.00701735   0.0671101
 0.00574713    0.210928  0.00760256   0.0140416
-0.00701735  0.00760256    0.212198   0.0178799
  0.0671101   0.0140416   0.0178799    0.284625
IMAGINARY
          0  -0.0147888  -0.0164767  0.00705852
  0.0147888           0  0.00439186   0.0103207
  0.0164767 -0.00439186           0  0.00179287
-0.00705852  -0.0103207 -0.00179287           0
EndNode2[0]<--->HoM1[0]
REAL
    0.283715   0.00504334    0.0072926    0.0885596
  0.00504334     0.189567   -0.0021788 -0.000356913
   0.0072926   -0.0021788     0.212468   0.00441441
   0.0885596 -0.000356913   0.00441441     0.314249
IMAGINARY
           0    -0.017018  -0.00674868   0.00341779
    0.017018            0   0.00278568 -0.000134924
  0.00674868  -0.00278568            0    0.0101344
 -0.00341779  0.000134924   -0.0101344            0
Repeater1[0]<--->EndNode1[0]
REAL
   0.292249 -0.00701735  0.00574713   0.0671101
-0.00701735    0.212198  0.00760256   0.0178799
 0.00574713  0.00760256    0.210928   0.0140416
  0.0671101   0.0178799   0.0140416    0.284625
IMAGINARY
          0  -0.0164767  -0.0147888  0.00705852
  0.0164767           0 -0.00439186  0.00179287
  0.0147888  0.00439186           0   0.0103207
-0.00705852 -0.00179287  -0.0103207           0
Repeater1[0]<--->HoM1[0]
REAL
    0.283715    0.0072926   0.00504334    0.0885596
   0.0072926     0.212468   -0.0021788   0.00441441
  0.00504334   -0.0021788     0.189567 -0.000356913
   0.0885596   0.00441441 -0.000356913     0.314249
IMAGINARY
           0  -0.00674868    -0.017018   0.00341779
  0.00674868            0  -0.00278568    0.0101344
    0.017018   0.00278568            0 -0.000134924
 -0.00341779   -0.0101344  0.000134924            0
EndNode1[0]<--->Repeater1[0]
REAL
   0.288221 -0.00393987   0.0009138   0.0708957
-0.00393987    0.199248   0.0056215   -0.022022
  0.0009138   0.0056215    0.191729   0.0158132
  0.0708957   -0.022022   0.0158132    0.320802
IMAGINARY
           0    0.0127835  -0.00762078 -0.000438237
  -0.0127835            0   -0.0117867    -0.013267
  0.00762078    0.0117867            0    0.0094097
 0.000438237     0.013267   -0.0094097            0
EndNode2[0]<--->HoM1[0]
REAL
  0.276623  0.0185367 0.00263666   0.072288
 0.0185367   0.215584 -0.0121276 0.00137403
0.00263666 -0.0121276   0.211688 -0.0131891
  0.072288 0.00137403 -0.0131891   0.296104
IMAGINARY
          0  -0.0067406   -0.035451   0.0168031
  0.0067406           0  0.00586358    -0.00351
   0.035451 -0.00586358           0  -0.0010516
 -0.0168031     0.00351   0.0010516           0
Repeater1[0]<--->EndNode1[0]
REAL
   0.288221   0.0009138 -0.00393987   0.0708957
  0.0009138    0.191729   0.0056215   0.0158132
-0.00393987   0.0056215    0.199248   -0.022022
  0.0708957   0.0158132   -0.022022    0.320802
IMAGINARY
           0  -0.00762078    0.0127835 -0.000438237
  0.00762078            0    0.0117867    0.0094097
  -0.0127835   -0.0117867            0    -0.013267
 0.000438237   -0.0094097     0.013267            0
Repeater1[0]<--->HoM1[0]
REAL
  0.276623 0.00263666  0.0185367   0.072288
0.00263666   0.211688 -0.0121276 -0.0131891
 0.0185367 -0.0121276   0.215584 0.00137403
  0.072288 -0.0131891 0.00137403   0.296104
IMAGINARY
          0   -0.035451  -0.0067406   0.0168031
   0.035451           0 -0.00586358  -0.0010516
  0.0067406  0.00586358           0    -0.00351
 -0.0168031   0.0010516     0.00351           0
EndNode1[0]<--->Repeater1[0]
REAL
   0.308087 -0.00305488   0.0106181   0.0764315
-0.00305488     0.22208   0.0198988  -0.0283114
  0.0106181   0.0198988    0.157895  0.00371019
  0.0764315  -0.0283114  0.00371019    0.311938
IMAGINARY
           0    0.0207422   -0.0166389 -5.49436e-05
  -0.0207422            0   -0.0141938  -0.00848673
   0.0166389    0.0141938            0  -0.00692311
 5.49436e-05   0.00848673   0.00692311            0
EndNode2[0]<--->HoM1[0]
REAL
   0.274084  0.00765148  -0.0177233   0.0933041
 0.00765148    0.202171  0.00482674  -0.0189923
 -0.0177233  0.00482674    0.218453 -0.00831904
  0.0933041  -0.0189923 -0.00831904    0.305292
IMAGINARY
          0  -0.0034884  -0.0076779  0.00431122
  0.0034884           0  0.00368386  0.00699203
  0.0076779 -0.00368386           0 -0.00679966
-0.00431122 -0.00699203  0.00679966           0
Repeater1[0]<--->EndNode1[0]
REAL
   0.308087   0.0106181 -0.00305488   0.0764315
  0.0106181    0.157895   0.0198988  0.00371019
-0.00305488   0.0198988     0.22208  -0.0283114
  0.0764315  0.00371019  -0.0283114    0.311938
IMAGINARY
           0   -0.0166389    0.0207422 -5.49436e-05
   0.0166389            0    0.0141938  -0.00692311
  -0.0207422   -0.0141938            0  -0.00848673
 5.49436e-05   0.00692311   0.00848673            0
Repeater1[0]<--->HoM1[0]
REAL
   0.274084  -0.0177233  0.00765148   0.0933041
 -0.0177233    0.218453  0.00482674 -0.00831904
 0.00765148  0.00482674    0.202171  -0.0189923
  0.0933041 -0.00831904  -0.0189923    0.305292
IMAGINARY
          0  -0.0076779  -0.0034884  0.00431122
  0.0076779           0 -0.00368386 -0.00679966
  0.0034884  0.00368386           0  0.00699203
-0.00431122  0.00679966 -0.00699203           0
EndNode1[0]<--->Repeater1[0]
REAL
   0.289125  -0.0127861 -0.00789709    0.110856
 -0.0127861    0.220159  0.00983332    -0.01573
-0.00789709  0.00983332    0.213528 -0.00700951
   0.110856    -0.01573 -0.00700951    0.277188
IMAGINARY
          0   0.0391768 -0.00676771  6.4753e-05
 -0.0391768           0 -0.00636198  -0.0124139
 0.00676771  0.00636198           0  -0.0123226
-6.4753e-05   0.0124139   0.0123226           0
EndNode2[0]<--->HoM1[0]
REAL
   0.307483  -0.0365029   0.0105508   0.0854762
 -0.0365029    0.219048  0.00891159   0.0111329
  0.0105508  0.00891159    0.187755 -0.00558893
  0.0854762   0.0111329 -0.00558893    0.285714
IMAGINARY
           0   0.00745862  0.000805627   0.00497593
 -0.00745862            0    0.0111948   -0.0107923
-0.000805627   -0.0111948            0  -0.00546128
 -0.00497593    0.0107923   0.00546128            0
Repeater1[0]<--->EndNode1[0]
REAL
   0.289125 -0.00789709  -0.0127861    0.110856
-0.00789709    0.213528  0.00983332 -0.00700951
 -0.0127861  0.00983332    0.220159    -0.01573
   0.110856 -0.00700951    -0.01573    0.277188
IMAGINARY
          0 -0.00676771   0.0391768  6.4753e-05
 0.00676771           0  0.00636198  -0.0123226
 -0.0391768 -0.00636198           0  -0.0124139
-6.4753e-05   0.0123226   0.0124139           0
Repeater1[0]<--->HoM1[0]
REAL
   0.307483   0.0105508  -0.0365029   0.0854762
  0.0105508    0.187755  0.00891159 -0.00558893
 -0.0365029  0.00891159    0.219048   0.0111329
  0.0854762 -0.00558893   0.0111329    0.285714
IMAGINARY
           0  0.000805627   0.00745862   0.00497593
-0.000805627            0   -0.0111948  -0.00546128
 -0.00745862    0.0111948            0   -0.0107923
 -0.00497593   0.00546128    0.0107923            0
EndNode1[0]<--->Repeater1[0]
REAL
   0.272135 -0.00223142  0.00206731   0.0807999
-0.00223142    0.214844  0.00253342   0.0133173
 0.00206731  0.00253342    0.191406  -0.0169994
  0.0807999   0.0133173  -0.0169994    0.321615
IMAGINARY
         0 -0.0146784 -0.0047898 -0.0177243
 0.0146784          0 -0.0114586  0.0222542
 0.0047898  0.0114586          0 -0.0208973
 0.0177243 -0.0222542  0.0208973          0
EndNode2[0]<--->HoM1[0]
REAL
   0.306096   0.0033507  0.00703669   0.0977623
  0.0033507    0.212711  -0.0104171 -0.00497342
 0.00703669  -0.0104171    0.193256 -0.00403846
  0.0977623 -0.00497342 -0.00403846    0.287938
IMAGINARY
          0   0.0406353  -0.0017337   0.0221678
 -0.0406353           0 -0.00211609 -0.00486261
  0.0017337  0.00211609           0 -0.00897304
 -0.0221678  0.00486261  0.00897304           0
Repeater1[0]<--->EndNode1[0]
REAL
   0.272135  0.00206731 -0.00223142   0.0807999
 0.00206731    0.191406  0.00253342  -0.0169994
-0.00223142  0.00253342    0.214844   0.0133173
  0.0807999  -0.0169994   0.0133173    0.321615
IMAGINARY
         0 -0.0047898 -0.0146784 -0.0177243
 0.0047898          0  0.0114586 -0.0208973
 0.0146784 -0.0114586          0  0.0222542
 0.0177243  0.0208973 -0.0222542          0
Repeater1[0]<--->HoM1[0]
REAL
   0.306096  0.00703669   0.0033507   0.0977623
 0.00703669    0.193256  -0.0104171 -0.00403846
  0.0033507  -0.0104171    0.212711 -0.00497342
  0.0977623 -0.00403846 -0.00497342    0.287938
IMAGINARY
          0  -0.0017337   0.0406353   0.0221678
  0.0017337           0  0.00211609 -0.00897304
 -0.0406353 -0.00211609           0 -0.00486261
 -0.0221678  0.00897304  0.00486261           0
EndNode1[0]<--->Repeater1[0]
REAL
    0.27356  0.00141035   0.0022859   0.0793146
 0.00141035    0.176702 -0.00444829   0.0137569
  0.0022859 -0.00444829     0.22644 -0.00408415
  0.0793146   0.0137569 -0.00408415    0.323298
IMAGINARY
           0  -0.00226395   -0.0133146  -0.00608478
  0.00226395            0  -0.00419799  -0.00343802
   0.0133146   0.00419799            0 -0.000313367
  0.00608478   0.00343802  0.000313367            0
EndNode2[0]<--->HoM1[0]
REAL
   0.275457  0.00100207 -0.00108485    0.102386
 0.00100207    0.206266 -0.00387257  -0.0218396
-0.00108485 -0.00387257    0.212794 -0.00409997
   0.102386  -0.0218396 -0.00409997    0.305483
IMAGINARY
           0   0.00281369  0.000978685    0.0108352
 -0.00281369            0  -0.00322101   0.00228077
-0.000978685   0.00322101            0   -0.0138958
  -0.0108352  -0.00228077    0.0138958            0
Repeater1[0]<--->EndNode1[0]
REAL
    0.27356   0.0022859  0.00141035   0.0793146
  0.0022859     0.22644 -0.00444829 -0.00408415
 0.00141035 -0.00444829    0.176702   0.0137569
  0.0793146 -0.00408415   0.0137569    0.323298
IMAGINARY
           0   -0.0133146  -0.00226395  -0.00608478
   0.0133146            0   0.00419799 -0.000313367
  0.00226395  -0.00419799            0  -0.00343802
  0.00608478  0.000313367   0.00343802            0
Repeater1[0]<--->HoM1[0]
REAL
   0.275457 -0.00108485  0.00100207    0.102386
-0.00108485    0.212794 -0.00387257 -0.00409997
 0.00100207 -0.00387257    0.206266  -0.0218396
   0.102386 -0.00409997  -0.0218396    0.305483
IMAGINARY
           0  0.000978685   0.00281369    0.0108352
-0.000978685            0   0.00322101   -0.0138958
 -0.00281369  -0.00322101            0   0.00228077
  -0.0108352    0.0138958  -0.00228077            0
EndNode1[0]<--->Repeater1[0]
REAL
    0.294856   -0.0150953   0.00414156     0.106751
  -0.0150953     0.218319 -0.000252848   0.00608708
  0.00414156 -0.000252848     0.209536   0.00245994
    0.106751   0.00608708   0.00245994      0.27729
IMAGINARY
          0 -0.00195798  0.00612451   0.0104601
 0.00195798           0  -0.0199196  0.00879118
-0.00612451   0.0199196           0  -0.0038786
 -0.0104601 -0.00879118   0.0038786           0
EndNode2[0]<--->HoM1[0]
REAL
   0.293214   0.0217351   0.0133355    0.063467
  0.0217351    0.193342 -0.00621512 0.000659427
  0.0133355 -0.00621512    0.197183  0.00498249
   0.063467 0.000659427  0.00498249    0.316261
IMAGINARY
           0   0.00263753   0.00340182    0.0203316
 -0.00263753            0   0.00100172 -0.000956834
 -0.00340182  -0.00100172            0   -0.0148625
  -0.0203316  0.000956834    0.0148625            0
Repeater1[0]<--->EndNode1[0]
REAL
    0.294856   0.00414156   -0.0150953     0.106751
  0.00414156     0.209536 -0.000252848   0.00245994
  -0.0150953 -0.000252848     0.218319   0.00608708
    0.106751   0.00245994   0.00608708      0.27729
IMAGINARY
          0  0.00612451 -0.00195798   0.0104601
-0.00612451           0   0.0199196  -0.0038786
 0.00195798  -0.0199196           0  0.00879118
 -0.0104601   0.0038786 -0.00879118           0
Repeater1[0]<--->HoM1[0]
REAL
   0.293214   0.0133355   0.0217351    0.063467
  0.0133355    0.197183 -0.00621512  0.00498249
  0.0217351 -0.00621512    0.193342 0.000659427
   0.063467  0.00498249 0.000659427    0.316261
IMAGINARY
           0   0.00340182   0.00263753    0.0203316
 -0.00340182            0  -0.00100172   -0.0148625
 -0.00263753   0.00100172            0 -0.000956834
  -0.0203316    0.0148625  0.000956834            0
EndNode1[0]<--->Repeater1[0]
REAL
    0.300629   0.00354856 -0.000170895     0.074594
  0.00354856     0.201258  -0.00609211  -0.00559095
-0.000170895  -0.00609211     0.242767  -0.00034754
    0.074594  -0.00559095  -0.00034754     0.255346
IMAGINARY
          0  0.00345085    0.021677 -0.00317823
-0.00345085           0  0.00381034   0.0170778
  -0.021677 -0.00381034           0   -0.019334
 0.00317823  -0.0170778    0.019334           0
EndNode2[0]<--->HoM1[0]
REAL
   0.300366 -0.00424735  0.00327482    0.110152
-0.00424735    0.214896 -0.00492182   0.0297264
 0.00327482 -0.00492182    0.211233  0.00611534
   0.110152   0.0297264  0.00611534    0.273504
IMAGINARY
          0 -0.00683109  -0.0012343   0.0174356
 0.00683109           0  0.00852976   0.0113285
  0.0012343 -0.00852976           0  -0.0194139
 -0.0174356  -0.0113285   0.0194139           0
Repeater1[0]<--->EndNode1[0]
REAL
    0.300629 -0.000170895   0.00354856     0.074594
-0.000170895     0.242767  -0.00609211  -0.00034754
  0.00354856  -0.00609211     0.201258  -0.00559095
    0.074594  -0.00034754  -0.00559095     0.255346
IMAGINARY
          0    0.021677  0.00345085 -0.00317823
  -0.021677           0 -0.00381034   -0.019334
-0.00345085  0.00381034           0   0.0170778
 0.00317823    0.019334  -0.0170778           0
Repeater1[0]<--->HoM1[0]
REAL
   0.300366  0.00327482 -0.00424735    0.110152
 0.00327482    0.211233 -0.00492182  0.00611534
-0.00424735 -0.00492182    0.214896   0.0297264
   0.110152  0.00611534   0.0297264    0.273504
IMAGINARY
          0  -0.0012343 -0.00683109   0.0174356
  0.0012343           0 -0.00852976  -0.0194139
 0.00683109  0.00852976           0   0.0113285
 -0.0174356   0.0194139  -0.0113285           0
EndNode1[0]<--->Repeater1[0]
REAL
    0.296632   -0.0173621  0.000501745    0.0993315
  -0.0173621     0.183938 -0.000927238    0.0048174
 0.000501745 -0.000927238     0.199482   0.00140465
   0.0993315    0.0048174   0.00140465     0.319948
IMAGINARY
           0  -0.00422726     0.010003  -0.00773913
  0.00422726            0   -0.0217464    0.0139297
   -0.010003    0.0217464            0 -0.000300556
  0.00773913   -0.0139297  0.000300556            0
EndNode2[0]<--->HoM1[0]
REAL
   0.296104   0.0121903 -0.00333939    0.110276
  0.0121903    0.215584  0.00737074  0.00461817
-0.00333939  0.00737074    0.198701  -0.0147479
   0.110276  0.00461817  -0.0147479     0.28961
IMAGINARY
          0 -0.00357521  0.00302663  0.00688587
 0.00357521           0  0.00949683  0.00302663
-0.00302663 -0.00949683           0   0.0120498
-0.00688587 -0.00302663  -0.0120498           0
Repeater1[0]<--->EndNode1[0]
REAL
    0.296632  0.000501745   -0.0173621    0.0993315
 0.000501745     0.199482 -0.000927238   0.00140465
  -0.0173621 -0.000927238     0.183938    0.0048174
   0.0993315   0.00140465    0.0048174     0.319948
IMAGINARY
           0     0.010003  -0.00422726  -0.00773913
   -0.010003            0    0.0217464 -0.000300556
  0.00422726   -0.0217464            0    0.0139297
  0.00773913  0.000300556   -0.0139297            0
Repeater1[0]<--->HoM1[0]
REAL
   0.296104 -0.00333939   0.0121903    0.110276
-0.00333939    0.198701  0.00737074  -0.0147479
  0.0121903  0.00737074    0.215584  0.00461817
   0.110276  -0.0147479  0.00461817     0.28961
IMAGINARY
          0  0.00302663 -0.00357521  0.00688587
-0.00302663           0 -0.00949683   0.0120498
 0.00357521  0.00949683           0  0.00302663
-0.00688587  -0.0120498 -0.00302663           0
EndNode1[0]<--->Repeater1[0]
REAL
   0.303732  -0.0105078 -0.00174343   0.0894939
 -0.0105078    0.187902 -0.00209028  0.00945551
-0.00174343 -0.00209028    0.191763  0.00408106
  0.0894939  0.00945551  0.00408106    0.316602
IMAGINARY
           0  -0.00490032    0.0199196 -0.000327594
  0.00490032            0  -0.00678754  -0.00383045
  -0.0199196   0.00678754            0   0.00861319
 0.000327594   0.00383045  -0.00861319            0
EndNode2[0]<--->HoM1[0]
REAL
   0.27399 0.00482561  0.0130759  0.0937283
0.00482561    0.20202  0.0116971  0.0072694
 0.0130759  0.0116971   0.213384  0.0105875
 0.0937283  0.0072694  0.0105875   0.310606
IMAGINARY
           0 -0.000298429   -0.0225628  -0.00573248
 0.000298429            0    0.0089172    0.0134482
   0.0225628   -0.0089172            0    0.0029026
  0.00573248   -0.0134482   -0.0029026            0
Repeater1[0]<--->EndNode1[0]
REAL
   0.303732 -0.00174343  -0.0105078   0.0894939
-0.00174343    0.191763 -0.00209028  0.00408106
 -0.0105078 -0.00209028    0.187902  0.00945551
  0.0894939  0.00408106  0.00945551    0.316602
IMAGINARY
           0    0.0199196  -0.00490032 -0.000327594
  -0.0199196            0   0.00678754   0.00861319
  0.00490032  -0.00678754            0  -0.00383045
 0.000327594  -0.00861319   0.00383045            0
Repeater1[0]<--->HoM1[0]
REAL
   0.27399  0.0130759 0.00482561  0.0937283
 0.0130759   0.213384  0.0116971  0.0105875
0.00482561  0.0116971    0.20202  0.0072694
 0.0937283  0.0105875  0.0072694   0.310606
IMAGINARY
           0   -0.0225628 -0.000298429  -0.00573248
   0.0225628            0   -0.0089172    0.0029026
 0.000298429    0.0089172            0    0.0134482
  0.00573248   -0.0029026   -0.0134482            0
EndNode1[0]<--->Repeater1[0]
REAL
    0.29798  0.00793889  -0.0289125   0.0883709
 0.00793889    0.214646  0.00545629 -0.00195171
 -0.0289125  0.00545629    0.200758 -0.00300062
  0.0883709 -0.00195171 -0.00300062    0.286616
IMAGINARY
           0    0.0133982   -0.0020436 -0.000372966
  -0.0133982            0    0.0218783    0.0020436
   0.0020436   -0.0218783            0    0.0192652
 0.000372966   -0.0020436   -0.0192652            0
EndNode2[0]<--->HoM1[0]
REAL
  0.274008  0.0138444  0.0117193  0.0920332
 0.0138444   0.199744 0.00998192  0.0059129
 0.0117193 0.00998192   0.203585 0.00630672
 0.0920332  0.0059129 0.00630672   0.322663
IMAGINARY
           0   -0.0270575  0.000516696   -0.0205188
   0.0270575            0    0.0198786   -0.0133372
-0.000516696   -0.0198786            0   0.00654467
   0.0205188    0.0133372  -0.00654467            0
Repeater1[0]<--->EndNode1[0]
REAL
    0.29798  -0.0289125  0.00793889   0.0883709
 -0.0289125    0.200758  0.00545629 -0.00300062
 0.00793889  0.00545629    0.214646 -0.00195171
  0.0883709 -0.00300062 -0.00195171    0.286616
IMAGINARY
           0   -0.0020436    0.0133982 -0.000372966
   0.0020436            0   -0.0218783    0.0192652
  -0.0133982    0.0218783            0    0.0020436
 0.000372966   -0.0192652   -0.0020436            0
Repeater1[0]<--->HoM1[0]
REAL
  0.274008  0.0117193  0.0138444  0.0920332
 0.0117193   0.203585 0.00998192 0.00630672
 0.0138444 0.00998192   0.199744  0.0059129
 0.0920332 0.00630672  0.0059129   0.322663
IMAGINARY
           0  0.000516696   -0.0270575   -0.0205188
-0.000516696            0   -0.0198786   0.00654467
   0.0270575    0.0198786            0   -0.0133372
   0.0205188  -0.00654467    0.0133372            0
EndNode1[0]<--->Repeater1[0]
REAL
    0.324549 -0.000423193   0.00204062    0.0934718
-0.000423193     0.192788    0.0166976   0.00764461
  0.00204062    0.0166976     0.196949   0.00526581
   0.0934718   0.00764461   0.00526581     0.285714
IMAGINARY
           0   -0.0113093   -0.0096136    0.0190831
   0.0113093            0  0.000662085   0.00122651
   0.0096136 -0.000662085            0   0.00679312
  -0.0190831  -0.00122651  -0.00679312            0
EndNode2[0]<--->HoM1[0]
REAL
   0.301627   0.0164131   0.0170879    0.108398
  0.0164131    0.201502  0.00532501 -0.00120479
  0.0170879  0.00532501    0.170213  -0.0132365
   0.108398 -0.00120479  -0.0132365    0.326658
IMAGINARY
           0 -3.22168e-05    0.0072019   0.00472318
 3.22168e-05            0   -0.0211166   -0.0206462
  -0.0072019    0.0211166            0   0.00835488
 -0.00472318    0.0206462  -0.00835488            0
Repeater1[0]<--->EndNode1[0]
REAL
    0.324549   0.00204062 -0.000423193    0.0934718
  0.00204062     0.196949    0.0166976   0.00526581
-0.000423193    0.0166976     0.192788   0.00764461
   0.0934718   0.00526581   0.00764461     0.285714
IMAGINARY
           0   -0.0096136   -0.0113093    0.0190831
   0.0096136            0 -0.000662085   0.00679312
   0.0113093  0.000662085            0   0.00122651
  -0.0190831  -0.00679312  -0.00122651            0
Repeater1[0]<--->HoM1[0]
REAL
   0.301627   0.0170879   0.0164131    0.108398
  0.0170879    0.170213  0.00532501  -0.0132365
  0.0164131  0.00532501    0.201502 -0.00120479
   0.108398  -0.0132365 -0.00120479    0.326658
IMAGINARY
           0    0.0072019 -3.22168e-05   0.00472318
  -0.0072019            0    0.0211166   0.00835488
 3.22168e-05   -0.0211166            0   -0.0206462
 -0.00472318  -0.00835488    0.0206462            0
EndNode1[0]<--->Repeater1[0]
REAL
    0.28972  0.00240196 -0.00759409   0.0957519
 0.00240196    0.224299 -0.00325187 -0.00490591
-0.00759409 -0.00325187    0.181575 -0.00740196
  0.0957519 -0.00490591 -0.00740196    0.304406
IMAGINARY
           0    0.0162831  -0.00439732   -0.0270199
  -0.0162831            0  -0.00224222  3.86699e-05
  0.00439732   0.00224222            0    0.0104915
   0.0270199 -3.86699e-05   -0.0104915            0
EndNode2[0]<--->HoM1[0]
REAL
   0.272379 -0.00257732  -0.0045565     0.11089
-0.00257732    0.210997 -0.00135441  0.00842248
 -0.0045565 -0.00135441    0.205882 -0.00257732
    0.11089  0.00842248 -0.00257732    0.310742
IMAGINARY
          0  -0.0167413   0.0040805  0.00430821
  0.0167413           0 -0.00707064  -0.0104581
 -0.0040805  0.00707064           0 -0.00749343
-0.00430821   0.0104581  0.00749343           0
Repeater1[0]<--->EndNode1[0]
REAL
    0.28972 -0.00759409  0.00240196   0.0957519
-0.00759409    0.181575 -0.00325187 -0.00740196
 0.00240196 -0.00325187    0.224299 -0.00490591
  0.0957519 -0.00740196 -0.00490591    0.304406
IMAGINARY
           0  -0.00439732    0.0162831   -0.0270199
  0.00439732            0   0.00224222    0.0104915
  -0.0162831  -0.00224222            0  3.86699e-05
   0.0270199   -0.0104915 -3.86699e-05            0
Repeater1[0]<--->HoM1[0]
REAL
   0.272379  -0.0045565 -0.00257732     0.11089
 -0.0045565    0.205882 -0.00135441 -0.00257732
-0.00257732 -0.00135441    0.210997  0.00842248
    0.11089 -0.00257732  0.00842248    0.310742
IMAGINARY
          0   0.0040805  -0.0167413  0.00430821
 -0.0040805           0  0.00707064 -0.00749343
  0.0167413 -0.00707064           0  -0.0104581
-0.00430821  0.00749343   0.0104581           0
EndNode1[0]<--->Repeater1[0]
REAL
   0.296732  0.00876288 -0.00607856    0.109607
 0.00876288     0.19085   0.0106291    0.015934
-0.00607856   0.0106291    0.223529   -0.010734
   0.109607    0.015934   -0.010734    0.288889
IMAGINARY
           0  0.000438118  -0.00063857   0.00492271
-0.000438118            0   0.00554849   0.00383142
  0.00063857  -0.00554849            0   -0.0240652
 -0.00492271  -0.00383142    0.0240652            0
EndNode2[0]<--->HoM1[0]
REAL
   0.286307 -0.00165399  0.00180174    0.102773
-0.00165399    0.213001  0.00597714   0.0219483
 0.00180174  0.00597714    0.201936    0.011654
   0.102773   0.0219483    0.011654    0.298755
IMAGINARY
          0   -0.019673 -0.00233645   0.0177788
   0.019673           0 -0.00324027 -0.00233645
 0.00233645  0.00324027           0  -0.0183777
 -0.0177788  0.00233645   0.0183777           0
Repeater1[0]<--->EndNode1[0]
REAL
   0.296732 -0.00607856  0.00876288    0.109607
-0.00607856    0.223529   0.0106291   -0.010734
 0.00876288   0.0106291     0.19085    0.015934
   0.109607   -0.010734    0.015934    0.288889
IMAGINARY
           0  -0.00063857  0.000438118   0.00492271
  0.00063857            0  -0.00554849   -0.0240652
-0.000438118   0.00554849            0   0.00383142
 -0.00492271    0.0240652  -0.00383142            0
Repeater1[0]<--->HoM1[0]
REAL
   0.286307  0.00180174 -0.00165399    0.102773
 0.00180174    0.201936  0.00597714    0.011654
-0.00165399  0.00597714    0.213001   0.0219483
   0.102773    0.011654   0.0219483    0.298755
IMAGINARY
          0 -0.00233645   -0.019673   0.0177788
 0.00233645           0  0.00324027  -0.0183777
   0.019673 -0.00324027           0 -0.00233645
 -0.0177788   0.0183777  0.00233645           0
EndNode1[0]<--->Repeater1[0]
REAL
   0.312272  -0.0134959 -0.00177247    0.091076
