EndNode1[0]<--->Repeater1[0]
REAL
  0.499353 0.00952259 -0.0124111   0.480198
0.00952259  0.0103493 0.00474567 0.00425554
-0.0124111 0.00474567 0.00517464 -0.0151688
  0.480198 0.00425554 -0.0151688   0.485123
IMAGINARY
           0   -0.0158081  0.000726334   0.00098066
   0.0158081            0  0.000342091   0.00960958
-0.000726334 -0.000342091            0    0.0119321
 -0.00098066  -0.00960958   -0.0119321            0
EndNode2[0]<--->HoM1[0]
REAL
   0.489032   0.0231117   0.0211662    0.482353
  0.0231117   0.0103226  0.00582076 -0.00474049
  0.0211662  0.00582076  0.00774194  0.00251246
   0.482353 -0.00474049  0.00251246    0.492903
IMAGINARY
          0    0.012542  0.00365926  0.00415979
  -0.012542           0  -0.0268576  -0.0160452
-0.00365926   0.0268576           0  0.00505902
-0.00415979   0.0160452 -0.00505902           0
Repeater1[0]<--->EndNode1[0]
REAL
  0.499353 -0.0124111 0.00952259   0.480198
-0.0124111 0.00517464 0.00474567 -0.0151688
0.00952259 0.00474567  0.0103493 0.00425554
  0.480198 -0.0151688 0.00425554   0.485123
IMAGINARY
           0  0.000726334   -0.0158081   0.00098066
-0.000726334            0 -0.000342091    0.0119321
   0.0158081  0.000342091            0   0.00960958
 -0.00098066   -0.0119321  -0.00960958            0
Repeater1[0]<--->HoM1[0]
REAL
   0.489032   0.0211662   0.0231117    0.482353
  0.0211662  0.00774194  0.00582076  0.00251246
  0.0231117  0.00582076   0.0103226 -0.00474049
   0.482353  0.00251246 -0.00474049    0.492903
IMAGINARY
          0  0.00365926    0.012542  0.00415979
-0.00365926           0   0.0268576  0.00505902
  -0.012542  -0.0268576           0  -0.0160452
-0.00415979 -0.00505902   0.0160452           0
EndNode1[0]<--->Repeater1[0]
REAL
   0.492188  -0.0125138  -0.0248981    0.480044
 -0.0125138  0.00130208  0.00271432  0.00235163
 -0.0248981  0.00271432  0.00260417 -0.00605385
   0.480044  0.00235163 -0.00605385    0.503906
IMAGINARY
           0  0.000239084   -0.0212347    0.0136026
-0.000239084            0    0.0189789     0.013678
   0.0212347   -0.0189789            0   0.00731759
  -0.0136026    -0.013678  -0.00731759            0
EndNode2[0]<--->HoM1[0]
REAL
   0.453956  0.00470274  -0.0120618    0.478809
 0.00470274   0.0077821  0.00384237   0.0139205
 -0.0120618  0.00384237  0.00518807 -0.00532232
   0.478809   0.0139205 -0.00532232    0.533074
IMAGINARY
           0    0.0188435   -0.0187591   -0.0066138
  -0.0188435            0 -1.74968e-05   0.00492511
   0.0187591  1.74968e-05            0  -0.00105697
   0.0066138  -0.00492511   0.00105697            0
Repeater1[0]<--->EndNode1[0]
REAL
   0.492188  -0.0248981  -0.0125138    0.480044
 -0.0248981  0.00260417  0.00271432 -0.00605385
 -0.0125138  0.00271432  0.00130208  0.00235163
   0.480044 -0.00605385  0.00235163    0.503906
IMAGINARY
           0   -0.0212347  0.000239084    0.0136026
   0.0212347            0   -0.0189789   0.00731759
-0.000239084    0.0189789            0     0.013678
  -0.0136026  -0.00731759    -0.013678            0
Repeater1[0]<--->HoM1[0]
REAL
   0.453956  -0.0120618  0.00470274    0.478809
 -0.0120618  0.00518807  0.00384237 -0.00532232
 0.00470274  0.00384237   0.0077821   0.0139205
   0.478809 -0.00532232   0.0139205    0.533074
IMAGINARY
           0   -0.0187591    0.0188435   -0.0066138
   0.0187591            0  1.74968e-05  -0.00105697
  -0.0188435 -1.74968e-05            0   0.00492511
   0.0066138   0.00105697  -0.00492511            0
EndNode1[0]<--->Repeater1[0]
REAL
   0.507483 -0.00534151  -0.0142148    0.482922
-0.00534151  0.00816327  0.00383259   0.0214995
 -0.0142148  0.00383259  0.00544218   0.0126263
   0.482922   0.0214995   0.0126263    0.478912
IMAGINARY
           0     0.016032  -0.00953562   0.00678691
   -0.016032            0    0.0102447  -0.00460952
  0.00953562   -0.0102447            0 -0.000656882
 -0.00678691   0.00460952  0.000656882            0
EndNode2[0]<--->HoM1[0]
REAL
   0.488199  0.00293428  0.00884666    0.479191
 0.00293428  0.00745342  0.00272078 -0.00884666
 0.00884666  0.00272078  0.00869565 -0.00551826
   0.479191 -0.00884666 -0.00551826    0.495652
IMAGINARY
           0  -0.00359477   0.00129886   -0.0240835
  0.00359477            0     0.014969  0.000661921
 -0.00129886    -0.014969            0  -0.00359477
   0.0240835 -0.000661921   0.00359477            0
Repeater1[0]<--->EndNode1[0]
REAL
   0.507483  -0.0142148 -0.00534151    0.482922
 -0.0142148  0.00544218  0.00383259   0.0126263
-0.00534151  0.00383259  0.00816327   0.0214995
   0.482922   0.0126263   0.0214995    0.478912
IMAGINARY
           0  -0.00953562     0.016032   0.00678691
  0.00953562            0   -0.0102447 -0.000656882
   -0.016032    0.0102447            0  -0.00460952
 -0.00678691  0.000656882   0.00460952            0
Repeater1[0]<--->HoM1[0]
REAL
   0.488199  0.00884666  0.00293428    0.479191
 0.00884666  0.00869565  0.00272078 -0.00551826
 0.00293428  0.00272078  0.00745342 -0.00884666
   0.479191 -0.00551826 -0.00884666    0.495652
IMAGINARY
           0   0.00129886  -0.00359477   -0.0240835
 -0.00129886            0    -0.014969  -0.00359477
  0.00359477     0.014969            0  0.000661921
   0.0240835   0.00359477 -0.000661921            0
EndNode1[0]<--->Repeater1[0]
REAL
  0.492558 -0.0120906 -0.0229139   0.475955
-0.0120906 0.00270636 0.00821346 -0.0166639
-0.0229139 0.00821346  0.0067659 -0.0248488
  0.475955 -0.0166639 -0.0248488    0.49797
IMAGINARY
           0  -0.00691766   0.00174527  0.000990883
  0.00691766            0  -0.00157981    0.0221257
 -0.00174527   0.00157981            0 -0.000179115
-0.000990883   -0.0221257  0.000179115            0
EndNode2[0]<--->HoM1[0]
REAL
  0.511568  -0.012058 -0.0138527   0.480025
 -0.012058 0.00642674 0.00859671 -0.0171207
-0.0138527 0.00859671 0.00899743 -0.0100659
  0.480025 -0.0171207 -0.0100659   0.473008
IMAGINARY
          0 -0.00475305 -0.00974132  -0.0106127
 0.00475305           0  0.00577004   0.0103624
 0.00974132 -0.00577004           0 -0.00207925
  0.0106127  -0.0103624  0.00207925           0
Repeater1[0]<--->EndNode1[0]
REAL
  0.492558 -0.0229139 -0.0120906   0.475955
-0.0229139  0.0067659 0.00821346 -0.0248488
-0.0120906 0.00821346 0.00270636 -0.0166639
  0.475955 -0.0248488 -0.0166639    0.49797
IMAGINARY
           0   0.00174527  -0.00691766  0.000990883
 -0.00174527            0   0.00157981 -0.000179115
  0.00691766  -0.00157981            0    0.0221257
-0.000990883  0.000179115   -0.0221257            0
Repeater1[0]<--->HoM1[0]
REAL
  0.511568 -0.0138527  -0.012058   0.480025
-0.0138527 0.00899743 0.00859671 -0.0100659
 -0.012058 0.00859671 0.00642674 -0.0171207
  0.480025 -0.0100659 -0.0171207   0.473008
IMAGINARY
          0 -0.00974132 -0.00475305  -0.0106127
 0.00974132           0 -0.00577004 -0.00207925
 0.00475305  0.00577004           0   0.0103624
  0.0106127  0.00207925  -0.0103624           0
EndNode1[0]<--->Repeater1[0]
REAL
  0.486146  0.0066926 0.00464077   0.479915
 0.0066926  0.0125945 0.00687537  0.0158348
0.00464077 0.00687537 0.00629723   0.016425
  0.479915  0.0158348   0.016425   0.494962
IMAGINARY
          0   0.0171388 -0.00576276  0.00303773
 -0.0171388           0   0.0327749   -0.028551
 0.00576276  -0.0327749           0   0.0245279
-0.00303773    0.028551  -0.0245279           0
EndNode2[0]<--->HoM1[0]
REAL
   0.452477  -0.0053396  -0.0108085    0.475924
 -0.0053396  0.00267738 -0.00348352  0.00949612
 -0.0108085 -0.00348352  0.00803213  0.00271493
   0.475924  0.00949612  0.00271493    0.536814
IMAGINARY
          0 -0.00451645 -0.00839443  -0.0245686
 0.00451645           0   0.0132904  -0.0102671
 0.00839443  -0.0132904           0     0.01803
  0.0245686   0.0102671    -0.01803           0
Repeater1[0]<--->EndNode1[0]
REAL
  0.486146 0.00464077  0.0066926   0.479915
0.00464077 0.00629723 0.00687537   0.016425
 0.0066926 0.00687537  0.0125945  0.0158348
  0.479915   0.016425  0.0158348   0.494962
IMAGINARY
          0 -0.00576276   0.0171388  0.00303773
 0.00576276           0  -0.0327749   0.0245279
 -0.0171388   0.0327749           0   -0.028551
-0.00303773  -0.0245279    0.028551           0
Repeater1[0]<--->HoM1[0]
REAL
   0.452477  -0.0108085  -0.0053396    0.475924
 -0.0108085  0.00803213 -0.00348352  0.00271493
 -0.0053396 -0.00348352  0.00267738  0.00949612
   0.475924  0.00271493  0.00949612    0.536814
IMAGINARY
          0 -0.00839443 -0.00451645  -0.0245686
 0.00839443           0  -0.0132904     0.01803
 0.00451645   0.0132904           0  -0.0102671
  0.0245686    -0.01803   0.0102671           0
EndNode1[0]<--->Repeater1[0]
REAL
      0.495 0.000478284  -0.0256113       0.479
0.000478284     0.00875   0.0050218 0.000977512
 -0.0256113   0.0050218     0.00625  -0.0171228
      0.479 0.000977512  -0.0171228        0.49
IMAGINARY
          0   0.0187108  -0.0142716  0.00063608
 -0.0187108           0 -0.00131451  -0.0185661
  0.0142716  0.00131451           0   0.0104094
-0.00063608   0.0185661  -0.0104094           0
EndNode2[0]<--->HoM1[0]
REAL
    0.48906  -0.0159849 -0.00298009    0.478608
 -0.0159849  0.00643501  0.00843901 -0.00738261
-0.00298009  0.00843901  0.00772201 0.000440857
   0.478608 -0.00738261 0.000440857    0.496782
IMAGINARY
          0  -0.0143178 -0.00639834   0.0151175
  0.0143178           0 -0.00180955   0.0031558
 0.00639834  0.00180955           0   0.0240454
 -0.0151175  -0.0031558  -0.0240454           0
Repeater1[0]<--->EndNode1[0]
REAL
      0.495  -0.0256113 0.000478284       0.479
 -0.0256113     0.00625   0.0050218  -0.0171228
0.000478284   0.0050218     0.00875 0.000977512
      0.479  -0.0171228 0.000977512        0.49
IMAGINARY
          0  -0.0142716   0.0187108  0.00063608
  0.0142716           0  0.00131451   0.0104094
 -0.0187108 -0.00131451           0  -0.0185661
-0.00063608  -0.0104094   0.0185661           0
Repeater1[0]<--->HoM1[0]
REAL
    0.48906 -0.00298009  -0.0159849    0.478608
-0.00298009  0.00772201  0.00843901 0.000440857
 -0.0159849  0.00843901  0.00643501 -0.00738261
   0.478608 0.000440857 -0.00738261    0.496782
IMAGINARY
          0 -0.00639834  -0.0143178   0.0151175
 0.00639834           0  0.00180955   0.0240454
  0.0143178 -0.00180955           0   0.0031558
 -0.0151175  -0.0240454  -0.0031558           0
EndNode1[0]<--->Repeater1[0]
REAL
   0.514212   -0.019286  -0.0139783    0.482552
  -0.019286  0.00645995  0.00972595 -0.00339625
 -0.0139783  0.00972595  0.00645995 -0.00323657
   0.482552 -0.00339625 -0.00323657    0.472868
IMAGINARY
          0   0.0258998  0.00396331  0.00712515
 -0.0258998           0  0.00712515  -0.0352133
-0.00396331 -0.00712515           0    0.010785
-0.00712515   0.0352133   -0.010785           0
EndNode2[0]<--->HoM1[0]
REAL
   0.509162  -0.0148507 0.000764866    0.478615
 -0.0148507   0.0026178  0.00883817 -0.00766574
0.000764866  0.00883817   0.0078534 0.000421568
   0.478615 -0.00766574 0.000421568    0.480366
IMAGINARY
          0   0.0111418 -0.00364413 -0.00158508
 -0.0111418           0 -0.00222202 -0.00489726
 0.00364413  0.00222202           0  0.00922611
 0.00158508  0.00489726 -0.00922611           0
Repeater1[0]<--->EndNode1[0]
REAL
   0.514212  -0.0139783   -0.019286    0.482552
 -0.0139783  0.00645995  0.00972595 -0.00323657
  -0.019286  0.00972595  0.00645995 -0.00339625
   0.482552 -0.00323657 -0.00339625    0.472868
IMAGINARY
          0  0.00396331   0.0258998  0.00712515
-0.00396331           0 -0.00712515    0.010785
 -0.0258998  0.00712515           0  -0.0352133
-0.00712515   -0.010785   0.0352133           0
Repeater1[0]<--->HoM1[0]
REAL
   0.509162 0.000764866  -0.0148507    0.478615
0.000764866   0.0078534  0.00883817 0.000421568
 -0.0148507  0.00883817   0.0026178 -0.00766574
   0.478615 0.000421568 -0.00766574    0.480366
IMAGINARY
          0 -0.00364413   0.0111418 -0.00158508
 0.00364413           0  0.00222202  0.00922611
 -0.0111418 -0.00222202           0 -0.00489726
 0.00158508 -0.00922611  0.00489726           0
EndNode1[0]<--->Repeater1[0]
REAL
    0.521682   -0.0121249  -0.00594213     0.483418
  -0.0121249   0.00131406 -0.000433319   0.00201543
 -0.00594213 -0.000433319    0.0065703    0.0147427
    0.483418   0.00201543    0.0147427     0.470434
IMAGINARY
           0   0.00950418   0.00766923  -0.00744525
 -0.00950418            0   -0.0190134  0.000405306
 -0.00766923    0.0190134            0   -0.0188209
  0.00744525 -0.000405306    0.0188209            0
EndNode2[0]<--->HoM1[0]
REAL
  0.495575 -0.0129232  -0.020713   0.481384
-0.0129232   0.011378 0.00589358 -0.0085491
 -0.020713 0.00589358 0.00379267 -0.0188834
  0.481384 -0.0085491 -0.0188834   0.489254
IMAGINARY
          0   0.0413448  -0.0140766   0.0139056
 -0.0413448           0  0.00930642  -0.0275901
  0.0140766 -0.00930642           0 -0.00458013
 -0.0139056   0.0275901  0.00458013           0
Repeater1[0]<--->EndNode1[0]
REAL
    0.521682  -0.00594213   -0.0121249     0.483418
 -0.00594213    0.0065703 -0.000433319    0.0147427
  -0.0121249 -0.000433319   0.00131406   0.00201543
    0.483418    0.0147427   0.00201543     0.470434
IMAGINARY
           0   0.00766923   0.00950418  -0.00744525
 -0.00766923            0    0.0190134   -0.0188209
 -0.00950418   -0.0190134            0  0.000405306
  0.00744525    0.0188209 -0.000405306            0
Repeater1[0]<--->HoM1[0]
REAL
  0.495575  -0.020713 -0.0129232   0.481384
 -0.020713 0.00379267 0.00589358 -0.0188834
-0.0129232 0.00589358   0.011378 -0.0085491
  0.481384 -0.0188834 -0.0085491   0.489254
IMAGINARY
          0  -0.0140766   0.0413448   0.0139056
  0.0140766           0 -0.00930642 -0.00458013
 -0.0413448  0.00930642           0  -0.0275901
 -0.0139056  0.00458013   0.0275901           0
EndNode1[0]<--->Repeater1[0]
REAL
   0.493243   0.0109821 -0.00098234    0.475735
  0.0109821  0.00945946  0.00150775 0.000312996
-0.00098234  0.00150775  0.00675676 0.000396772
   0.475735 0.000312996 0.000396772    0.490541
IMAGINARY
          0  -0.0112795  -0.0050261 -0.00562914
  0.0112795           0  -0.0433176    0.028222
  0.0050261   0.0433176           0   -0.017071
 0.00562914   -0.028222    0.017071           0
EndNode2[0]<--->HoM1[0]
REAL
  0.494737  0.0185969  0.0136406   0.483129
 0.0185969 0.00657895 0.00662771  0.0228511
 0.0136406 0.00662771 0.00789474  0.0204556
  0.483129  0.0228511  0.0204556   0.490789
IMAGINARY
          0 -0.00560821  0.00443324    0.015499
 0.00560821           0 -0.00584645   0.0138435
-0.00443324  0.00584645           0  -0.0126685
  -0.015499  -0.0138435   0.0126685           0
Repeater1[0]<--->EndNode1[0]
REAL
   0.493243 -0.00098234   0.0109821    0.475735
-0.00098234  0.00675676  0.00150775 0.000396772
  0.0109821  0.00150775  0.00945946 0.000312996
   0.475735 0.000396772 0.000312996    0.490541
IMAGINARY
          0  -0.0050261  -0.0112795 -0.00562914
  0.0050261           0   0.0433176   -0.017071
  0.0112795  -0.0433176           0    0.028222
 0.00562914    0.017071   -0.028222           0
Repeater1[0]<--->HoM1[0]
REAL
  0.494737  0.0136406  0.0185969   0.483129
 0.0136406 0.00789474 0.00662771  0.0204556
 0.0185969 0.00662771 0.00657895  0.0228511
  0.483129  0.0204556  0.0228511   0.490789
IMAGINARY
          0  0.00443324 -0.00560821    0.015499
-0.00443324           0  0.00584645  -0.0126685
 0.00560821 -0.00584645           0   0.0138435
  -0.015499   0.0126685  -0.0138435           0
EndNode1[0]<--->Repeater1[0]
REAL
   0.489822 -0.00698278  -0.0040101    0.474407
-0.00698278   0.0101781   0.0121942 0.000965029
 -0.0040101   0.0121942  0.00636132  0.00271968
   0.474407 0.000965029  0.00271968    0.493639
IMAGINARY
          0 -0.00805783  0.00350267 -0.00379929
 0.00805783           0  0.00902122   0.0160655
-0.00350267 -0.00902122           0  -0.0223065
 0.00379929  -0.0160655   0.0223065           0
EndNode2[0]<--->HoM1[0]
REAL
   0.503251 0.000593845 0.000878451    0.483836
0.000593845  0.00390117  0.00466954  0.00742295
0.000878451  0.00466954  0.00780234  0.00643042
   0.483836  0.00742295  0.00643042    0.485046
IMAGINARY
           0    0.0113906  5.74203e-05    0.0038408
  -0.0113906            0  0.000572823   -0.0159888
-5.74203e-05 -0.000572823            0  0.000864293
  -0.0038408    0.0159888 -0.000864293            0
Repeater1[0]<--->EndNode1[0]
REAL
   0.489822  -0.0040101 -0.00698278    0.474407
 -0.0040101  0.00636132   0.0121942  0.00271968
-0.00698278   0.0121942   0.0101781 0.000965029
   0.474407  0.00271968 0.000965029    0.493639
IMAGINARY
          0  0.00350267 -0.00805783 -0.00379929
-0.00350267           0 -0.00902122  -0.0223065
 0.00805783  0.00902122           0   0.0160655
 0.00379929   0.0223065  -0.0160655           0
Repeater1[0]<--->HoM1[0]
REAL
   0.503251 0.000878451 0.000593845    0.483836
0.000878451  0.00780234  0.00466954  0.00643042
0.000593845  0.00466954  0.00390117  0.00742295
   0.483836  0.00643042  0.00742295    0.485046
IMAGINARY
           0  5.74203e-05    0.0113906    0.0038408
-5.74203e-05            0 -0.000572823  0.000864293
  -0.0113906  0.000572823            0   -0.0159888
  -0.0038408 -0.000864293    0.0159888            0
EndNode1[0]<--->Repeater1[0]
REAL
   0.498146  -0.0016349 -0.00737376    0.480303
 -0.0016349  0.00370828  0.00411255  0.00867246
-0.00737376  0.00411255  0.00988875 0.000336195
   0.480303  0.00867246 0.000336195    0.488257
IMAGINARY
          0 -0.00636535  -0.0137922   0.0116418
 0.00636535           0 -0.00474091  0.00877964
  0.0137922  0.00474091           0   0.0201498
 -0.0116418 -0.00877964  -0.0201498           0
EndNode2[0]<--->HoM1[0]
REAL
   0.483418   0.0197139   0.0111478    0.480976
  0.0197139  0.00510204   0.0039488 0.000158761
  0.0111478   0.0039488  0.00637755 -0.00338224
   0.480976 0.000158761 -0.00338224    0.505102
IMAGINARY
           0   0.00335329   0.00809428    0.0174041
 -0.00335329            0   -0.0261541   -0.0162024
 -0.00809428    0.0261541            0  0.000700767
  -0.0174041    0.0162024 -0.000700767            0
Repeater1[0]<--->EndNode1[0]
REAL
   0.498146 -0.00737376  -0.0016349    0.480303
-0.00737376  0.00988875  0.00411255 0.000336195
 -0.0016349  0.00411255  0.00370828  0.00867246
   0.480303 0.000336195  0.00867246    0.488257
IMAGINARY
          0  -0.0137922 -0.00636535   0.0116418
  0.0137922           0  0.00474091   0.0201498
 0.00636535 -0.00474091           0  0.00877964
 -0.0116418  -0.0201498 -0.00877964           0
Repeater1[0]<--->HoM1[0]
REAL
   0.483418   0.0111478   0.0197139    0.480976
  0.0111478  0.00637755   0.0039488 -0.00338224
  0.0197139   0.0039488  0.00510204 0.000158761
   0.480976 -0.00338224 0.000158761    0.505102
IMAGINARY
           0   0.00809428   0.00335329    0.0174041
 -0.00809428            0    0.0261541  0.000700767
 -0.00335329   -0.0261541            0   -0.0162024
  -0.0174041 -0.000700767    0.0162024            0
EndNode1[0]<--->Repeater1[0]
REAL
   0.497481  -0.0027683 -0.00987804    0.480879
 -0.0027683  0.00503778  0.00694224 -0.00297717
-0.00987804  0.00694224  0.00629723  -0.0168528
   0.480879 -0.00297717  -0.0168528    0.491184
IMAGINARY
           0    0.0157723 -0.000302829   0.00397118
  -0.0157723            0   -0.0222102   -0.0141005
 0.000302829    0.0222102            0  -0.00822771
 -0.00397118    0.0141005   0.00822771            0
EndNode2[0]<--->HoM1[0]
REAL
        0.52  0.000360452  -0.00129999     0.469027
 0.000360452   0.00933333   0.00866856  -0.00675453
 -0.00129999   0.00866856        0.008 -0.000980031
    0.469027  -0.00675453 -0.000980031     0.462667
IMAGINARY
          0  -0.0153169   0.0025186   0.0167818
  0.0153169           0   0.0225883 -0.00763369
 -0.0025186  -0.0225883           0   0.0114805
 -0.0167818  0.00763369  -0.0114805           0
Repeater1[0]<--->EndNode1[0]
REAL
   0.497481 -0.00987804  -0.0027683    0.480879
-0.00987804  0.00629723  0.00694224  -0.0168528
 -0.0027683  0.00694224  0.00503778 -0.00297717
   0.480879  -0.0168528 -0.00297717    0.491184
IMAGINARY
           0 -0.000302829    0.0157723   0.00397118
 0.000302829            0    0.0222102  -0.00822771
  -0.0157723   -0.0222102            0   -0.0141005
 -0.00397118   0.00822771    0.0141005            0
Repeater1[0]<--->HoM1[0]
REAL
        0.52  -0.00129999  0.000360452     0.469027
 -0.00129999        0.008   0.00866856 -0.000980031
 0.000360452   0.00866856   0.00933333  -0.00675453
    0.469027 -0.000980031  -0.00675453     0.462667
IMAGINARY
          0   0.0025186  -0.0153169   0.0167818
 -0.0025186           0  -0.0225883   0.0114805
  0.0153169   0.0225883           0 -0.00763369
 -0.0167818  -0.0114805  0.00763369           0
EndNode1[0]<--->Repeater1[0]
REAL
  0.458025  0.0145985  0.0138527   0.479006
 0.0145985   0.017284  0.0100451  0.0189941
 0.0138527  0.0100451 0.00864198  0.0145985
  0.479006  0.0189941  0.0145985   0.516049
IMAGINARY
          0  0.00876393  -0.0172798   -0.020288
-0.00876393           0  -0.0215969  0.00445931
  0.0172798   0.0215969           0  0.00810517
   0.020288 -0.00445931 -0.00810517           0
EndNode2[0]<--->HoM1[0]
REAL
   0.481579   0.0173292   0.0211171    0.481724
  0.0173292   0.0144737  0.00669289 -0.00760356
  0.0211171  0.00669289  0.00394737 4.52834e-05
   0.481724 -0.00760356 4.52834e-05         0.5
IMAGINARY
          0  -0.0211276 -0.00694168    0.019684
  0.0211276           0  -0.0158865   0.0225472
 0.00694168   0.0158865           0  0.00552213
  -0.019684  -0.0225472 -0.00552213           0
Repeater1[0]<--->EndNode1[0]
REAL
  0.458025  0.0138527  0.0145985   0.479006
 0.0138527 0.00864198  0.0100451  0.0145985
 0.0145985  0.0100451   0.017284  0.0189941
  0.479006  0.0145985  0.0189941   0.516049
IMAGINARY
          0  -0.0172798  0.00876393   -0.020288
  0.0172798           0   0.0215969  0.00810517
-0.00876393  -0.0215969           0  0.00445931
   0.020288 -0.00810517 -0.00445931           0
Repeater1[0]<--->HoM1[0]
REAL
   0.481579   0.0211171   0.0173292    0.481724
  0.0211171  0.00394737  0.00669289 4.52834e-05
  0.0173292  0.00669289   0.0144737 -0.00760356
   0.481724 4.52834e-05 -0.00760356         0.5
IMAGINARY
          0 -0.00694168  -0.0211276    0.019684
 0.00694168           0   0.0158865  0.00552213
  0.0211276  -0.0158865           0   0.0225472
  -0.019684 -0.00552213  -0.0225472           0
EndNode1[0]<--->Repeater1[0]
REAL
   0.521236    0.015756  0.00323649    0.477334
   0.015756    0.003861  0.00659643   0.0146869
 0.00323649  0.00659643    0.002574 0.000931235
   0.477334   0.0146869 0.000931235    0.472329
IMAGINARY
          0  0.00626973 -0.00569643  0.00374441
-0.00626973           0  0.00245906 -0.00702622
 0.00569643 -0.00245906           0   0.0128142
-0.00374441  0.00702622  -0.0128142           0
EndNode2[0]<--->HoM1[0]
REAL
    0.523057   -0.0130569  -0.00750751      0.48241
  -0.0130569    0.0158103   0.00117631   -0.0025935
 -0.00750751   0.00117631   0.00395257 -0.000831975
     0.48241   -0.0025935 -0.000831975     0.457181
IMAGINARY
          0   0.0133566    -0.01724   0.0106237
 -0.0133566           0  -0.0213189  0.00785657
    0.01724   0.0213189           0 -0.00397327
 -0.0106237 -0.00785657  0.00397327           0
Repeater1[0]<--->EndNode1[0]
REAL
   0.521236  0.00323649    0.015756    0.477334
 0.00323649    0.002574  0.00659643 0.000931235
   0.015756  0.00659643    0.003861   0.0146869
   0.477334 0.000931235   0.0146869    0.472329
IMAGINARY
          0 -0.00569643  0.00626973  0.00374441
 0.00569643           0 -0.00245906   0.0128142
-0.00626973  0.00245906           0 -0.00702622
-0.00374441  -0.0128142  0.00702622           0
Repeater1[0]<--->HoM1[0]
REAL
    0.523057  -0.00750751   -0.0130569      0.48241
 -0.00750751   0.00395257   0.00117631 -0.000831975
  -0.0130569   0.00117631    0.0158103   -0.0025935
     0.48241 -0.000831975   -0.0025935     0.457181
IMAGINARY
          0    -0.01724   0.0133566   0.0106237
    0.01724           0   0.0213189 -0.00397327
 -0.0133566  -0.0213189           0  0.00785657
 -0.0106237  0.00397327 -0.00785657           0
EndNode1[0]<--->Repeater1[0]
REAL
   0.492105  -0.0153456 -0.00893964    0.479773
 -0.0153456  0.00526316  0.00918441 -0.00517079
-0.00893964  0.00918441   0.0105263 8.19088e-06
   0.479773 -0.00517079 8.19088e-06    0.492105
IMAGINARY
          0  0.00625892  0.00418215 -0.00168221
-0.00625892           0  0.00233924   0.0073268
-0.00418215 -0.00233924           0 -0.00881646
 0.00168221  -0.0073268  0.00881646           0
EndNode2[0]<--->HoM1[0]
REAL
   0.480818  0.00880399   0.0168822    0.485644
 0.00880399    0.011509  0.00112818 -0.00894565
  0.0168822  0.00112818  0.00767263  0.00442352
   0.485644 -0.00894565  0.00442352         0.5
IMAGINARY
          0  -0.0132649  0.00568451  -0.0102942
  0.0132649           0   0.0143156 -0.00503935
-0.00568451  -0.0143156           0   0.0152004
  0.0102942  0.00503935  -0.0152004           0
Repeater1[0]<--->EndNode1[0]
REAL
   0.492105 -0.00893964  -0.0153456    0.479773
-0.00893964   0.0105263  0.00918441 8.19088e-06
 -0.0153456  0.00918441  0.00526316 -0.00517079
   0.479773 8.19088e-06 -0.00517079    0.492105
IMAGINARY
          0  0.00418215  0.00625892 -0.00168221
-0.00418215           0 -0.00233924 -0.00881646
-0.00625892  0.00233924           0   0.0073268
 0.00168221  0.00881646  -0.0073268           0
Repeater1[0]<--->HoM1[0]
REAL
   0.480818   0.0168822  0.00880399    0.485644
  0.0168822  0.00767263  0.00112818  0.00442352
 0.00880399  0.00112818    0.011509 -0.00894565
   0.485644  0.00442352 -0.00894565         0.5
IMAGINARY
          0  0.00568451  -0.0132649  -0.0102942
-0.00568451           0  -0.0143156   0.0152004
  0.0132649   0.0143156           0 -0.00503935
  0.0102942  -0.0152004  0.00503935           0
EndNode1[0]<--->Repeater1[0]
REAL
  0.446043  0.0134532  0.0111758   0.477427
 0.0134532 0.00719424  0.0029649  0.0130073
 0.0111758  0.0029649 0.00959233  0.0041939
  0.477427  0.0130073  0.0041939    0.53717
IMAGINARY
           0 -0.000233875  -0.00985954     0.032645
 0.000233875            0  -0.00468666    0.0233004
  0.00985954   0.00468666            0  -0.00917473
   -0.032645   -0.0233004   0.00917473            0
EndNode2[0]<--->HoM1[0]
REAL
    0.48535 -0.00202602 -0.00154588    0.484239
-0.00202602  0.00636943  0.00586032 0.000308259
-0.00154588  0.00586032   0.0127389 -0.00663735
   0.484239 0.000308259 -0.00663735    0.495541
IMAGINARY
           0  -0.00702178  -0.00751851   0.00923536
  0.00702178            0   0.00148343  0.000761749
  0.00751851  -0.00148343            0   0.00837313
 -0.00923536 -0.000761749  -0.00837313            0
Repeater1[0]<--->EndNode1[0]
REAL
  0.446043  0.0111758  0.0134532   0.477427
 0.0111758 0.00959233  0.0029649  0.0041939
 0.0134532  0.0029649 0.00719424  0.0130073
  0.477427  0.0041939  0.0130073    0.53717
IMAGINARY
           0  -0.00985954 -0.000233875     0.032645
  0.00985954            0   0.00468666  -0.00917473
 0.000233875  -0.00468666            0    0.0233004
   -0.032645   0.00917473   -0.0233004            0
Repeater1[0]<--->HoM1[0]
REAL
    0.48535 -0.00154588 -0.00202602    0.484239
-0.00154588   0.0127389  0.00586032 -0.00663735
-0.00202602  0.00586032  0.00636943 0.000308259
   0.484239 -0.00663735 0.000308259    0.495541
IMAGINARY
           0  -0.00751851  -0.00702178   0.00923536
  0.00751851            0  -0.00148343   0.00837313
  0.00702178   0.00148343            0  0.000761749
 -0.00923536  -0.00837313 -0.000761749            0
EndNode1[0]<--->Repeater1[0]
REAL
    0.476015   -0.0101489 -0.000642414     0.481502
  -0.0101489   0.00246002   0.00967089   -0.0100764
-0.000642414   0.00967089   0.00738007  0.000691177
    0.481502   -0.0100764  0.000691177     0.514145
IMAGINARY
           0   0.00320102 -0.000411096    0.0250943
 -0.00320102            0   -0.0176518   -0.0207157
 0.000411096    0.0176518            0    0.0204866
  -0.0250943    0.0207157   -0.0204866            0
EndNode2[0]<--->HoM1[0]
REAL
   0.489879   0.0124442   0.0107559    0.477079
  0.0124442  0.00944669  0.00660952  -0.0101286
  0.0107559  0.00660952  0.00674764 -0.00805271
   0.477079  -0.0101286 -0.00805271    0.493927
IMAGINARY
          0  -0.0187835  -0.0041686 -0.00549477
  0.0187835           0 -0.00284926   0.0316854
  0.0041686  0.00284926           0 -0.00873326
 0.00549477  -0.0316854  0.00873326           0
Repeater1[0]<--->EndNode1[0]
REAL
    0.476015 -0.000642414   -0.0101489     0.481502
-0.000642414   0.00738007   0.00967089  0.000691177
  -0.0101489   0.00967089   0.00246002   -0.0100764
    0.481502  0.000691177   -0.0100764     0.514145
IMAGINARY
           0 -0.000411096   0.00320102    0.0250943
 0.000411096            0    0.0176518    0.0204866
 -0.00320102   -0.0176518            0   -0.0207157
  -0.0250943   -0.0204866    0.0207157            0
Repeater1[0]<--->HoM1[0]
REAL
   0.489879   0.0107559   0.0124442    0.477079
  0.0107559  0.00674764  0.00660952 -0.00805271
  0.0124442  0.00660952  0.00944669  -0.0101286
   0.477079 -0.00805271  -0.0101286    0.493927
IMAGINARY
          0  -0.0041686  -0.0187835 -0.00549477
  0.0041686           0  0.00284926 -0.00873326
  0.0187835 -0.00284926           0   0.0316854
 0.00549477  0.00873326  -0.0316854           0
EndNode1[0]<--->Repeater1[0]
REAL
  0.467097 0.00319809 0.00744697   0.478366
0.00319809  0.0154839 0.00304151 0.00384121
0.00744697 0.00304151 0.00645161  0.0134022
  0.478366 0.00384121  0.0134022   0.510968
IMAGINARY
           0   -0.0195994  -0.00676163  -0.00521524
   0.0195994            0  0.000517249    0.0106577
  0.00676163 -0.000517249            0    0.0092098
  0.00521524   -0.0106577   -0.0092098            0
EndNode2[0]<--->HoM1[0]
REAL
    0.49936 -0.00829835  -0.0107053    0.477127
-0.00829835  0.00384123   0.0065007  -0.0107053
 -0.0107053   0.0065007  0.00896287  -0.0194095
   0.477127  -0.0107053  -0.0194095    0.487836
IMAGINARY
           0 -0.000113624  -0.00716413   -0.0156866
 0.000113624            0    0.0069801   0.00652557
  0.00716413   -0.0069801            0  -0.00307922
   0.0156866  -0.00652557   0.00307922            0
Repeater1[0]<--->EndNode1[0]
REAL
  0.467097 0.00744697 0.00319809   0.478366
0.00744697 0.00645161 0.00304151  0.0134022
0.00319809 0.00304151  0.0154839 0.00384121
  0.478366  0.0134022 0.00384121   0.510968
IMAGINARY
           0  -0.00676163   -0.0195994  -0.00521524
  0.00676163            0 -0.000517249    0.0092098
   0.0195994  0.000517249            0    0.0106577
  0.00521524   -0.0092098   -0.0106577            0
Repeater1[0]<--->HoM1[0]
REAL
    0.49936  -0.0107053 -0.00829835    0.477127
 -0.0107053  0.00896287   0.0065007  -0.0194095
-0.00829835   0.0065007  0.00384123  -0.0107053
   0.477127  -0.0194095  -0.0107053    0.487836
IMAGINARY
           0  -0.00716413 -0.000113624   -0.0156866
  0.00716413            0   -0.0069801  -0.00307922
 0.000113624    0.0069801            0   0.00652557
   0.0156866   0.00307922  -0.00652557            0
EndNode1[0]<--->Repeater1[0]
REAL
   0.496542 0.000361861  -0.0165213    0.480808
0.000361861  0.00276625  0.00759389  0.00363472
 -0.0165213  0.00759389  0.00968188  -0.0119598
   0.480808  0.00363472  -0.0119598     0.49101
IMAGINARY
          0  0.00531926  -0.0118754  -0.0039255
-0.00531926           0 -0.00886378  0.00167136
  0.0118754  0.00886378           0 -0.00149273
  0.0039255 -0.00167136  0.00149273           0
EndNode2[0]<--->HoM1[0]
REAL
     0.51519    0.0122658    0.0197898     0.474911
   0.0122658   0.00379747    0.0105767  -0.00395863
   0.0197898    0.0105767   0.00759494 -0.000392438
    0.474911  -0.00395863 -0.000392438     0.473418
IMAGINARY
          0 -0.00773072   0.0223643  -0.0192419
 0.00773072           0 -0.00153735  -0.0161914
 -0.0223643  0.00153735           0  0.00430137
  0.0192419   0.0161914 -0.00430137           0
Repeater1[0]<--->EndNode1[0]
REAL
   0.496542  -0.0165213 0.000361861    0.480808
 -0.0165213  0.00968188  0.00759389  -0.0119598
0.000361861  0.00759389  0.00276625  0.00363472
   0.480808  -0.0119598  0.00363472     0.49101
IMAGINARY
          0  -0.0118754  0.00531926  -0.0039255
  0.0118754           0  0.00886378 -0.00149273
-0.00531926 -0.00886378           0  0.00167136
  0.0039255  0.00149273 -0.00167136           0
Repeater1[0]<--->HoM1[0]
REAL
     0.51519    0.0197898    0.0122658     0.474911
   0.0197898   0.00759494    0.0105767 -0.000392438
   0.0122658    0.0105767   0.00379747  -0.00395863
    0.474911 -0.000392438  -0.00395863     0.473418
IMAGINARY
          0   0.0223643 -0.00773072  -0.0192419
 -0.0223643           0  0.00153735  0.00430137
 0.00773072 -0.00153735           0  -0.0161914
  0.0192419 -0.00430137   0.0161914           0
EndNode1[0]<--->Repeater1[0]
REAL
   0.481579  0.00811646  0.00673348    0.483674
 0.00811646   0.0131579  0.00724704 -0.00997603
 0.00673348  0.00724704  0.00921053 -0.00746795
   0.483674 -0.00997603 -0.00746795    0.496053
IMAGINARY
          0 -0.00322857  -0.0325494 -0.00912562
 0.00322857           0  0.00782353   0.0189018
  0.0325494 -0.00782353           0   0.0131541
 0.00912562  -0.0189018  -0.0131541           0
EndNode2[0]<--->HoM1[0]
REAL
   0.487214   0.0067762  -0.0114248    0.480689
  0.0067762  0.00538358  0.00440429 -0.00286091
 -0.0114248  0.00440429   0.0121131  -0.0235464
   0.480689 -0.00286091  -0.0235464    0.495289
IMAGINARY
           0   -0.0131752    0.0118339   -0.0111098
   0.0131752            0   -0.0226482 -0.000634941
  -0.0118339    0.0226482            0   0.00197628
   0.0111098  0.000634941  -0.00197628            0
Repeater1[0]<--->EndNode1[0]
REAL
   0.481579  0.00673348  0.00811646    0.483674
 0.00673348  0.00921053  0.00724704 -0.00746795
 0.00811646  0.00724704   0.0131579 -0.00997603
   0.483674 -0.00746795 -0.00997603    0.496053
IMAGINARY
          0  -0.0325494 -0.00322857 -0.00912562
  0.0325494           0 -0.00782353   0.0131541
 0.00322857  0.00782353           0   0.0189018
 0.00912562  -0.0131541  -0.0189018           0
Repeater1[0]<--->HoM1[0]
REAL
   0.487214  -0.0114248   0.0067762    0.480689
 -0.0114248   0.0121131  0.00440429  -0.0235464
  0.0067762  0.00440429  0.00538358 -0.00286091
   0.480689  -0.0235464 -0.00286091    0.495289
IMAGINARY
           0    0.0118339   -0.0131752   -0.0111098
  -0.0118339            0    0.0226482   0.00197628
   0.0131752   -0.0226482            0 -0.000634941
   0.0111098  -0.00197628  0.000634941            0
EndNode1[0]<--->Repeater1[0]
REAL
   0.490716   0.0136495  0.00390278    0.479177
  0.0136495  0.00928382  0.00385281  0.00518813
 0.00390278  0.00385281  0.00795756 -0.00940711
   0.479177  0.00518813 -0.00940711    0.492042
IMAGINARY
          0  -0.0106994   0.0207135  0.00711118
  0.0106994           0  0.00974276   0.0156502
 -0.0207135 -0.00974276           0  -0.0139759
-0.00711118  -0.0156502   0.0139759           0
EndNode2[0]<--->HoM1[0]
REAL
        0.5   0.0114263  0.00987756    0.480334
  0.0114263  0.00522193  0.00355833 -0.00920641
 0.00987756  0.00355833  0.00391645 -0.00807058
   0.480334 -0.00920641 -0.00807058    0.490862
IMAGINARY
          0  0.00161777 -0.00435782   0.0127714
-0.00161777           0 -0.00063857  -0.0134017
 0.00435782  0.00063857           0   0.0147757
 -0.0127714   0.0134017  -0.0147757           0
Repeater1[0]<--->EndNode1[0]
REAL
   0.490716  0.00390278   0.0136495    0.479177
 0.00390278  0.00795756  0.00385281 -0.00940711
  0.0136495  0.00385281  0.00928382  0.00518813
   0.479177 -0.00940711  0.00518813    0.492042
IMAGINARY
          0   0.0207135  -0.0106994  0.00711118
 -0.0207135           0 -0.00974276  -0.0139759
  0.0106994  0.00974276           0   0.0156502
-0.00711118   0.0139759  -0.0156502           0
Repeater1[0]<--->HoM1[0]
REAL
        0.5  0.00987756   0.0114263    0.480334
 0.00987756  0.00391645  0.00355833 -0.00807058
  0.0114263  0.00355833  0.00522193 -0.00920641
   0.480334 -0.00807058 -0.00920641    0.490862
IMAGINARY
          0 -0.00435782  0.00161777   0.0127714
 0.00435782           0  0.00063857   0.0147757
-0.00161777 -0.00063857           0  -0.0134017
 -0.0127714  -0.0147757   0.0134017           0
EndNode1[0]<--->Repeater1[0]
REAL
   0.506765   0.0356815  0.00809009    0.477231
  0.0356815  0.00369004   0.0081991   0.0230357
 0.00809009   0.0081991  0.00861009 -0.00588019
   0.477231   0.0230357 -0.00588019    0.480935
IMAGINARY
          0  0.00289906 -0.00571078  0.00224701
-0.00289906           0 -0.00421294  -0.0142892
 0.00571078  0.00421294           0  0.00935901
-0.00224701   0.0142892 -0.00935901           0
EndNode2[0]<--->HoM1[0]
REAL
  0.465982  0.0036429   0.026528   0.474989
 0.0036429  0.0102696 0.00902063 0.00114728
  0.026528 0.00902063 0.00641849  0.0228024
  0.474989 0.00114728  0.0228024    0.51733
IMAGINARY
          0 -0.00729668   0.0128147  0.00262458
 0.00729668           0  0.00391992  -0.0141236
 -0.0128147 -0.00391992           0  0.00336998
-0.00262458   0.0141236 -0.00336998           0
Repeater1[0]<--->EndNode1[0]
REAL
   0.506765  0.00809009   0.0356815    0.477231
 0.00809009  0.00861009   0.0081991 -0.00588019
  0.0356815   0.0081991  0.00369004   0.0230357
   0.477231 -0.00588019   0.0230357    0.480935
IMAGINARY
          0 -0.00571078  0.00289906  0.00224701
 0.00571078           0  0.00421294  0.00935901
-0.00289906 -0.00421294           0  -0.0142892
-0.00224701 -0.00935901   0.0142892           0
Repeater1[0]<--->HoM1[0]
REAL
  0.465982   0.026528  0.0036429   0.474989
  0.026528 0.00641849 0.00902063  0.0228024
 0.0036429 0.00902063  0.0102696 0.00114728
  0.474989  0.0228024 0.00114728    0.51733
IMAGINARY
          0   0.0128147 -0.00729668  0.00262458
 -0.0128147           0 -0.00391992  0.00336998
 0.00729668  0.00391992           0  -0.0141236
-0.00262458 -0.00336998   0.0141236           0
EndNode1[0]<--->Repeater1[0]
REAL
   0.512136   0.0040139  0.00645137    0.477664
  0.0040139   0.0133495     0.01174 0.000833395
 0.00645137     0.01174  0.00606796  0.00591987
   0.477664 0.000833395  0.00591987    0.468447
IMAGINARY
          0 -0.00390755  0.00422039   0.0188191
 0.00390755           0  -0.0064974   0.0108517
-0.00422039   0.0064974           0 -0.00854331
 -0.0188191  -0.0108517  0.00854331           0
EndNode2[0]<--->HoM1[0]
REAL
   0.532338  -0.0095157 0.000481386    0.471232
 -0.0095157  0.00621891 -0.00149522   0.0126765
0.000481386 -0.00149522  0.00497512    0.026621
   0.471232   0.0126765    0.026621    0.456468
IMAGINARY
          0   0.0145673  0.00257553  0.00995848
 -0.0145673           0  0.00683738  -0.0142638
-0.00257553 -0.00683738           0  0.00101714
-0.00995848   0.0142638 -0.00101714           0
Repeater1[0]<--->EndNode1[0]
REAL
   0.512136  0.00645137   0.0040139    0.477664
 0.00645137  0.00606796     0.01174  0.00591987
  0.0040139     0.01174   0.0133495 0.000833395
   0.477664  0.00591987 0.000833395    0.468447
IMAGINARY
          0  0.00422039 -0.00390755   0.0188191
-0.00422039           0   0.0064974 -0.00854331
 0.00390755  -0.0064974           0   0.0108517
 -0.0188191  0.00854331  -0.0108517           0
Repeater1[0]<--->HoM1[0]
REAL
   0.532338 0.000481386  -0.0095157    0.471232
0.000481386  0.00497512 -0.00149522    0.026621
 -0.0095157 -0.00149522  0.00621891   0.0126765
   0.471232    0.026621   0.0126765    0.456468
IMAGINARY
          0  0.00257553   0.0145673  0.00995848
-0.00257553           0 -0.00683738  0.00101714
 -0.0145673  0.00683738           0  -0.0142638
-0.00995848 -0.00101714   0.0142638           0
EndNode1[0]<--->Repeater1[0]
REAL
    0.477041  -0.00413281 -0.000643501     0.482576
 -0.00413281    0.0153061   0.00198045    -0.010296
-0.000643501   0.00198045   0.00765306   -0.0119547
    0.482576    -0.010296   -0.0119547          0.5
IMAGINARY
           0  -0.00323415    0.0224623 -0.000910668
  0.00323415            0  -0.00423072     0.010526
  -0.0224623   0.00423072            0   -0.0310479
 0.000910668    -0.010526    0.0310479            0
