EndNode1[0]<--->Repeater1[0]
REAL
   0.46144 -0.0126166  0.0106734   0.235916
-0.0126166  0.0475578 0.00310178  0.0138744
 0.0106734 0.00310178  0.0681234  0.0139086
  0.235916  0.0138744  0.0139086   0.422879
IMAGINARY
          0   0.0162364  0.00985119    0.023876
 -0.0162364           0   0.0190567 -0.00920268
-0.00985119  -0.0190567           0 -0.00391474
  -0.023876  0.00920268  0.00391474           0
EndNode2[0]<--->HoM1[0]
REAL
   0.492308   0.0228131  0.00567867    0.199695
  0.0228131   0.0358974 -0.00331254   0.0266211
 0.00567867 -0.00331254   0.0358974   0.0159466
   0.199695   0.0266211   0.0159466    0.435897
IMAGINARY
          0   0.0130686  -0.0258418 -0.00499334
 -0.0130686           0  0.00499334   0.0108042
  0.0258418 -0.00499334           0 -0.00429667
 0.00499334  -0.0108042  0.00429667           0
Repeater1[0]<--->EndNode1[0]
REAL
   0.46144  0.0106734 -0.0126166   0.235916
 0.0106734  0.0681234 0.00310178  0.0139086
-0.0126166 0.00310178  0.0475578  0.0138744
  0.235916  0.0139086  0.0138744   0.422879
IMAGINARY
          0  0.00985119   0.0162364    0.023876
-0.00985119           0  -0.0190567 -0.00391474
 -0.0162364   0.0190567           0 -0.00920268
  -0.023876  0.00391474  0.00920268           0
Repeater1[0]<--->HoM1[0]
REAL
   0.492308  0.00567867   0.0228131    0.199695
 0.00567867   0.0358974 -0.00331254   0.0159466
  0.0228131 -0.00331254   0.0358974   0.0266211
   0.199695   0.0159466   0.0266211    0.435897
IMAGINARY
          0  -0.0258418   0.0130686 -0.00499334
  0.0258418           0 -0.00499334 -0.00429667
 -0.0130686  0.00499334           0   0.0108042
 0.00499334  0.00429667  -0.0108042           0
EndNode1[0]<--->Repeater1[0]
REAL
   0.477064 -0.00722128  0.00430561    0.177779
-0.00722128   0.0419397   0.0136089 0.000479079
 0.00430561   0.0136089   0.0458716 4.42442e-05
   0.177779 0.000479079 4.42442e-05    0.435125
IMAGINARY
           0   -0.0152014 -0.000154128   -0.0176648
   0.0152014            0    0.0221463   0.00327523
 0.000154128   -0.0221463            0   0.00583815
   0.0176648  -0.00327523  -0.00583815            0
EndNode2[0]<--->HoM1[0]
REAL
    0.464146   0.00194901  -0.00826518     0.198259
  0.00194901    0.0443286    0.0121968    0.0069247
 -0.00826518    0.0121968    0.0404172 -0.000608531
    0.198259    0.0069247 -0.000608531     0.451108
IMAGINARY
          0 -0.00149993 -0.00248526  0.00432025
 0.00149993           0  0.00173627  -0.0117231
 0.00248526 -0.00173627           0    0.013002
-0.00432025   0.0117231   -0.013002           0
Repeater1[0]<--->EndNode1[0]
REAL
   0.477064  0.00430561 -0.00722128    0.177779
 0.00430561   0.0458716   0.0136089 4.42442e-05
-0.00722128   0.0136089   0.0419397 0.000479079
   0.177779 4.42442e-05 0.000479079    0.435125
IMAGINARY
           0 -0.000154128   -0.0152014   -0.0176648
 0.000154128            0   -0.0221463   0.00583815
   0.0152014    0.0221463            0   0.00327523
   0.0176648  -0.00583815  -0.00327523            0
Repeater1[0]<--->HoM1[0]
REAL
    0.464146  -0.00826518   0.00194901     0.198259
 -0.00826518    0.0404172    0.0121968 -0.000608531
  0.00194901    0.0121968    0.0443286    0.0069247
    0.198259 -0.000608531    0.0069247     0.451108
IMAGINARY
          0 -0.00248526 -0.00149993  0.00432025
 0.00248526           0 -0.00173627    0.013002
 0.00149993  0.00173627           0  -0.0117231
-0.00432025   -0.013002   0.0117231           0
EndNode1[0]<--->Repeater1[0]
REAL
  0.448501 -0.0150327 -0.0072161   0.193935
-0.0150327  0.0404172   0.028941  0.0130985
-0.0072161   0.028941  0.0469361 -0.0183007
  0.193935  0.0130985 -0.0183007   0.464146
IMAGINARY
          0  -0.0202688 -0.00505055  -0.0177276
  0.0202688           0  -0.0145101 -0.00310503
 0.00505055   0.0145101           0  0.00709439
  0.0177276  0.00310503 -0.00709439           0
EndNode2[0]<--->HoM1[0]
REAL
   0.474093  -0.0022293 -0.00573412    0.200354
 -0.0022293   0.0414508   0.0053782 -0.00509391
-0.00573412   0.0053782   0.0479275  -0.0022293
   0.200354 -0.00509391  -0.0022293    0.436528
IMAGINARY
          0  -0.0223601   0.0101151 -0.00562198
  0.0223601           0   0.0230017   0.0233777
 -0.0101151  -0.0230017           0   0.0115946
 0.00562198  -0.0233777  -0.0115946           0
Repeater1[0]<--->EndNode1[0]
REAL
  0.448501 -0.0072161 -0.0150327   0.193935
-0.0072161  0.0469361   0.028941 -0.0183007
-0.0150327   0.028941  0.0404172  0.0130985
  0.193935 -0.0183007  0.0130985   0.464146
IMAGINARY
          0 -0.00505055  -0.0202688  -0.0177276
 0.00505055           0   0.0145101  0.00709439
  0.0202688  -0.0145101           0 -0.00310503
  0.0177276 -0.00709439  0.00310503           0
Repeater1[0]<--->HoM1[0]
REAL
   0.474093 -0.00573412  -0.0022293    0.200354
-0.00573412   0.0479275   0.0053782  -0.0022293
 -0.0022293   0.0053782   0.0414508 -0.00509391
   0.200354  -0.0022293 -0.00509391    0.436528
IMAGINARY
          0   0.0101151  -0.0223601 -0.00562198
 -0.0101151           0  -0.0230017   0.0115946
  0.0223601   0.0230017           0   0.0233777
 0.00562198  -0.0115946  -0.0233777           0
EndNode1[0]<--->Repeater1[0]
REAL
   0.463479    0.012367   0.0224307    0.189534
   0.012367   0.0504648 -0.00123895  0.00937589
  0.0224307 -0.00123895   0.0478088   0.0130783
   0.189534  0.00937589   0.0130783    0.438247
IMAGINARY
          0   0.0221712  -0.0203888  -0.0100838
 -0.0221712           0  0.00165324  0.00667307
  0.0203888 -0.00165324           0   0.0164822
  0.0100838 -0.00667307  -0.0164822           0
EndNode2[0]<--->HoM1[0]
REAL
  0.463508 -0.0155187  0.0042169   0.204887
-0.0155187   0.056338  0.0097655 -0.0144997
 0.0042169  0.0097655  0.0409731 0.00523597
  0.204887 -0.0144997 0.00523597   0.439181
IMAGINARY
          0  0.00158902   0.0138015 -0.00726697
-0.00158902           0 -0.00191938  0.00205216
 -0.0138015  0.00191938           0  -0.0320768
 0.00726697 -0.00205216   0.0320768           0
Repeater1[0]<--->EndNode1[0]
REAL
   0.463479   0.0224307    0.012367    0.189534
  0.0224307   0.0478088 -0.00123895   0.0130783
   0.012367 -0.00123895   0.0504648  0.00937589
   0.189534   0.0130783  0.00937589    0.438247
IMAGINARY
          0  -0.0203888   0.0221712  -0.0100838
  0.0203888           0 -0.00165324   0.0164822
 -0.0221712  0.00165324           0  0.00667307
  0.0100838  -0.0164822 -0.00667307           0
Repeater1[0]<--->HoM1[0]
REAL
  0.463508  0.0042169 -0.0155187   0.204887
 0.0042169  0.0409731  0.0097655 0.00523597
-0.0155187  0.0097655   0.056338 -0.0144997
  0.204887 0.00523597 -0.0144997   0.439181
IMAGINARY
          0   0.0138015  0.00158902 -0.00726697
 -0.0138015           0  0.00191938  -0.0320768
-0.00158902 -0.00191938           0  0.00205216
 0.00726697   0.0320768 -0.00205216           0
EndNode1[0]<--->Repeater1[0]
REAL
   0.457106  -0.0250878   0.0129051    0.173756
 -0.0250878   0.0691421   0.0241605 0.000115776
  0.0129051   0.0241605   0.0473752 -0.00616224
   0.173756 0.000115776 -0.00616224    0.426376
IMAGINARY
          0   0.0114211  -0.0103009  0.00704502
 -0.0114211           0   0.0145896  0.00760546
  0.0103009  -0.0145896           0   0.0101423
-0.00704502 -0.00760546  -0.0101423           0
EndNode2[0]<--->HoM1[0]
REAL
    0.487047  -0.00415349    0.0120782     0.211971
 -0.00415349    0.0323834    0.0131599 -0.000298066
   0.0120782    0.0131599    0.0492228     0.010698
    0.211971 -0.000298066     0.010698     0.431347
IMAGINARY
          0  0.00437026  0.00454301  0.00123586
-0.00437026           0   0.0064172  -0.0157715
-0.00454301  -0.0064172           0   0.0121423
-0.00123586   0.0157715  -0.0121423           0
Repeater1[0]<--->EndNode1[0]
REAL
   0.457106   0.0129051  -0.0250878    0.173756
  0.0129051   0.0473752   0.0241605 -0.00616224
 -0.0250878   0.0241605   0.0691421 0.000115776
   0.173756 -0.00616224 0.000115776    0.426376
IMAGINARY
          0  -0.0103009   0.0114211  0.00704502
  0.0103009           0  -0.0145896   0.0101423
 -0.0114211   0.0145896           0  0.00760546
-0.00704502  -0.0101423 -0.00760546           0
Repeater1[0]<--->HoM1[0]
REAL
    0.487047    0.0120782  -0.00415349     0.211971
   0.0120782    0.0492228    0.0131599     0.010698
 -0.00415349    0.0131599    0.0323834 -0.000298066
    0.211971     0.010698 -0.000298066     0.431347
IMAGINARY
          0  0.00454301  0.00437026  0.00123586
-0.00454301           0  -0.0064172   0.0121423
-0.00437026   0.0064172           0  -0.0157715
-0.00123586  -0.0121423   0.0157715           0
EndNode1[0]<--->Repeater1[0]
REAL
   0.458484  0.00277664 -0.00446286    0.214418
 0.00277664   0.0469314  0.00469768  0.00901423
-0.00446286  0.00469768   0.0577617 -0.00342683
   0.214418  0.00901423 -0.00342683    0.436823
IMAGINARY
          0 -0.00346291  -0.0086619   0.0192094
 0.00346291           0  -0.0224022  0.00533301
  0.0086619   0.0224022           0    -0.01185
 -0.0192094 -0.00533301     0.01185           0
EndNode2[0]<--->HoM1[0]
REAL
   0.464714 -0.00861325  -0.0135266    0.216565
-0.00861325   0.0479361  0.00210465   0.0250355
 -0.0135266  0.00210465   0.0466045   -0.018241
   0.216565   0.0250355   -0.018241    0.440746
IMAGINARY
          0  -0.0225412 -0.00475285  0.00886486
  0.0225412           0  0.00489661  0.00475285
 0.00475285 -0.00489661           0 -0.00564508
-0.00886486 -0.00475285  0.00564508           0
Repeater1[0]<--->EndNode1[0]
REAL
   0.458484 -0.00446286  0.00277664    0.214418
-0.00446286   0.0577617  0.00469768 -0.00342683
 0.00277664  0.00469768   0.0469314  0.00901423
   0.214418 -0.00342683  0.00901423    0.436823
IMAGINARY
          0  -0.0086619 -0.00346291   0.0192094
  0.0086619           0   0.0224022    -0.01185
 0.00346291  -0.0224022           0  0.00533301
 -0.0192094     0.01185 -0.00533301           0
Repeater1[0]<--->HoM1[0]
REAL
   0.464714  -0.0135266 -0.00861325    0.216565
 -0.0135266   0.0466045  0.00210465   -0.018241
-0.00861325  0.00210465   0.0479361   0.0250355
   0.216565   -0.018241   0.0250355    0.440746
IMAGINARY
          0 -0.00475285  -0.0225412  0.00886486
 0.00475285           0 -0.00489661 -0.00564508
  0.0225412  0.00489661           0  0.00475285
-0.00886486  0.00564508 -0.00475285           0
EndNode1[0]<--->Repeater1[0]
REAL
    0.47644 -0.00322144   0.0133289    0.192242
-0.00322144   0.0549738   0.0117688  0.00949263
  0.0133289   0.0117688   0.0536649   0.0177443
   0.192242  0.00949263   0.0177443    0.414921
IMAGINARY
          0  -0.0184902  -0.0108615   -0.025811
  0.0184902           0  -0.0130559 -0.00629826
  0.0108615   0.0130559           0  -0.0140542
   0.025811  0.00629826   0.0140542           0
EndNode2[0]<--->HoM1[0]
REAL
   0.46332  0.0101744 0.00437841   0.192223
 0.0101744  0.0579151 -0.0211529  0.0160972
0.00437841 -0.0211529   0.033462 0.00633812
  0.192223  0.0160972 0.00633812   0.445302
IMAGINARY
           0   0.00807998 -0.000311197   -0.0137558
 -0.00807998            0   0.00614155   0.00349591
 0.000311197  -0.00614155            0   -0.0125386
   0.0137558  -0.00349591    0.0125386            0
Repeater1[0]<--->EndNode1[0]
REAL
    0.47644   0.0133289 -0.00322144    0.192242
  0.0133289   0.0536649   0.0117688   0.0177443
-0.00322144   0.0117688   0.0549738  0.00949263
   0.192242   0.0177443  0.00949263    0.414921
IMAGINARY
          0  -0.0108615  -0.0184902   -0.025811
  0.0108615           0   0.0130559  -0.0140542
  0.0184902  -0.0130559           0 -0.00629826
   0.025811   0.0140542  0.00629826           0
Repeater1[0]<--->HoM1[0]
REAL
   0.46332 0.00437841  0.0101744   0.192223
0.00437841   0.033462 -0.0211529 0.00633812
 0.0101744 -0.0211529  0.0579151  0.0160972
  0.192223 0.00633812  0.0160972   0.445302
IMAGINARY
           0 -0.000311197   0.00807998   -0.0137558
 0.000311197            0  -0.00614155   -0.0125386
 -0.00807998   0.00614155            0   0.00349591
   0.0137558    0.0125386  -0.00349591            0
EndNode1[0]<--->Repeater1[0]
REAL
  0.463158  0.0337415 0.00974919   0.207641
 0.0337415  0.0486842 0.00332651  0.0167024
0.00974919 0.00332651  0.0407895 0.00819402
  0.207641  0.0167024 0.00819402   0.447368
IMAGINARY
          0 -0.00614743  -0.0288476  -0.0349505
 0.00614743           0  -0.0025002   0.0250405
  0.0288476   0.0025002           0   0.0239139
  0.0349505  -0.0250405  -0.0239139           0
EndNode2[0]<--->HoM1[0]
REAL
  0.464508 0.00407843  0.0369159   0.207717
0.00407843  0.0386052  -0.013975 0.00502816
 0.0369159  -0.013975  0.0435866 0.00857137
  0.207717 0.00502816 0.00857137     0.4533
IMAGINARY
          0  0.00315681  -0.0255546  0.00867185
-0.00315681           0  0.00246838  -0.0174195
  0.0255546 -0.00246838           0   0.0261747
-0.00867185   0.0174195  -0.0261747           0
Repeater1[0]<--->EndNode1[0]
REAL
  0.463158 0.00974919  0.0337415   0.207641
0.00974919  0.0407895 0.00332651 0.00819402
 0.0337415 0.00332651  0.0486842  0.0167024
  0.207641 0.00819402  0.0167024   0.447368
IMAGINARY
          0  -0.0288476 -0.00614743  -0.0349505
  0.0288476           0   0.0025002   0.0239139
 0.00614743  -0.0025002           0   0.0250405
  0.0349505  -0.0239139  -0.0250405           0
Repeater1[0]<--->HoM1[0]
REAL
  0.464508  0.0369159 0.00407843   0.207717
 0.0369159  0.0435866  -0.013975 0.00857137
0.00407843  -0.013975  0.0386052 0.00502816
  0.207717 0.00857137 0.00502816     0.4533
IMAGINARY
          0  -0.0255546  0.00315681  0.00867185
  0.0255546           0 -0.00246838   0.0261747
-0.00315681  0.00246838           0  -0.0174195
-0.00867185  -0.0261747   0.0174195           0
EndNode1[0]<--->Repeater1[0]
REAL
   0.439949   0.0198426 -0.00212313     0.19168
  0.0198426   0.0391909   0.0143469   0.0138082
-0.00212313   0.0143469   0.0594185 -0.00446748
    0.19168   0.0138082 -0.00446748    0.461441
IMAGINARY
           0   -0.0156371  0.000965517    0.0260531
   0.0156371            0  -0.00975588   0.00303448
-0.000965517   0.00975588            0   -0.0150296
  -0.0260531  -0.00303448    0.0150296            0
EndNode2[0]<--->HoM1[0]
REAL
   0.467433  0.00631467  0.00530377     0.20739
 0.00631467   0.0434227   0.0123635 -0.00653834
 0.00530377   0.0123635   0.0395913  0.00109274
    0.20739 -0.00653834  0.00109274    0.449553
IMAGINARY
          0  0.00491907  0.00511049  0.00277418
-0.00491907           0    0.013057  0.00143402
-0.00511049   -0.013057           0   0.0212589
-0.00277418 -0.00143402  -0.0212589           0
Repeater1[0]<--->EndNode1[0]
REAL
   0.439949 -0.00212313   0.0198426     0.19168
-0.00212313   0.0594185   0.0143469 -0.00446748
  0.0198426   0.0143469   0.0391909   0.0138082
    0.19168 -0.00446748   0.0138082    0.461441
IMAGINARY
           0  0.000965517   -0.0156371    0.0260531
-0.000965517            0   0.00975588   -0.0150296
   0.0156371  -0.00975588            0   0.00303448
  -0.0260531    0.0150296  -0.00303448            0
Repeater1[0]<--->HoM1[0]
REAL
   0.467433  0.00530377  0.00631467     0.20739
 0.00530377   0.0395913   0.0123635  0.00109274
 0.00631467   0.0123635   0.0434227 -0.00653834
    0.20739  0.00109274 -0.00653834    0.449553
IMAGINARY
          0  0.00511049  0.00491907  0.00277418
-0.00511049           0   -0.013057   0.0212589
-0.00491907    0.013057           0  0.00143402
-0.00277418  -0.0212589 -0.00143402           0
EndNode1[0]<--->Repeater1[0]
REAL
   0.482984  -0.0149209   -0.015457    0.193675
 -0.0149209   0.0641361   0.0119705  0.00336022
  -0.015457   0.0119705   0.0431937 -0.00389628
   0.193675  0.00336022 -0.00389628    0.409686
IMAGINARY
           0   0.00598278 -0.000540356   -0.0150968
 -0.00598278            0 -0.000568976   0.00805915
 0.000540356  0.000568976            0   0.00404229
   0.0150968  -0.00805915  -0.00404229            0
EndNode2[0]<--->HoM1[0]
REAL
   0.478662  0.00124158  -0.0189542    0.214921
 0.00124158   0.0449827  -0.0129606   0.0104575
 -0.0189542  -0.0129606   0.0253749 -0.00189518
   0.214921   0.0104575 -0.00189518     0.45098
IMAGINARY
          0 -0.00556644  0.00974707 -0.00386401
 0.00556644           0   0.0197471  0.00365776
-0.00974707  -0.0197471           0  -0.0145408
 0.00386401 -0.00365776   0.0145408           0
Repeater1[0]<--->EndNode1[0]
REAL
   0.482984   -0.015457  -0.0149209    0.193675
  -0.015457   0.0431937   0.0119705 -0.00389628
 -0.0149209   0.0119705   0.0641361  0.00336022
   0.193675 -0.00389628  0.00336022    0.409686
IMAGINARY
           0 -0.000540356   0.00598278   -0.0150968
 0.000540356            0  0.000568976   0.00404229
 -0.00598278 -0.000568976            0   0.00805915
   0.0150968  -0.00404229  -0.00805915            0
Repeater1[0]<--->HoM1[0]
REAL
   0.478662  -0.0189542  0.00124158    0.214921
 -0.0189542   0.0253749  -0.0129606 -0.00189518
 0.00124158  -0.0129606   0.0449827   0.0104575
   0.214921 -0.00189518   0.0104575     0.45098
IMAGINARY
          0  0.00974707 -0.00556644 -0.00386401
-0.00974707           0  -0.0197471  -0.0145408
 0.00556644   0.0197471           0  0.00365776
 0.00386401   0.0145408 -0.00365776           0
EndNode1[0]<--->Repeater1[0]
REAL
   0.437588    0.019113 -0.00457308    0.185258
   0.019113   0.0420757 -0.00616336 -0.00275048
-0.00457308 -0.00616336    0.058906  -0.0224419
   0.185258 -0.00275048  -0.0224419    0.461431
IMAGINARY
           0   0.00546237   0.00291757   -0.0147112
 -0.00546237            0    0.0034047     0.014368
 -0.00291757   -0.0034047            0 -0.000980932
   0.0147112    -0.014368  0.000980932            0
EndNode2[0]<--->HoM1[0]
REAL
    0.477041   -0.0099768  -0.00062746     0.212025
  -0.0099768    0.0433673 -0.000588807   -0.0100108
 -0.00062746 -0.000588807    0.0471939   0.00598744
    0.212025   -0.0100108   0.00598744     0.432398
IMAGINARY
          0 -0.00154111   0.0145418  0.00706146
 0.00154111           0  -0.0112631  -0.0307967
 -0.0145418   0.0112631           0  0.00609248
-0.00706146   0.0307967 -0.00609248           0
Repeater1[0]<--->EndNode1[0]
REAL
   0.437588 -0.00457308    0.019113    0.185258
-0.00457308    0.058906 -0.00616336  -0.0224419
   0.019113 -0.00616336   0.0420757 -0.00275048
   0.185258  -0.0224419 -0.00275048    0.461431
IMAGINARY
           0   0.00291757   0.00546237   -0.0147112
 -0.00291757            0   -0.0034047 -0.000980932
 -0.00546237    0.0034047            0     0.014368
   0.0147112  0.000980932    -0.014368            0
Repeater1[0]<--->HoM1[0]
REAL
    0.477041  -0.00062746   -0.0099768     0.212025
 -0.00062746    0.0471939 -0.000588807   0.00598744
  -0.0099768 -0.000588807    0.0433673   -0.0100108
    0.212025   0.00598744   -0.0100108     0.432398
IMAGINARY
          0   0.0145418 -0.00154111  0.00706146
 -0.0145418           0   0.0112631  0.00609248
 0.00154111  -0.0112631           0  -0.0307967
-0.00706146 -0.00609248   0.0307967           0
EndNode1[0]<--->Repeater1[0]
REAL
   0.482051  0.00545582  0.00253998    0.204676
 0.00545582        0.05 -0.00923822 0.000542639
 0.00253998 -0.00923822        0.05   0.0161225
   0.204676 0.000542639   0.0161225    0.417949
IMAGINARY
          0 -0.00180457 -0.00246042 -0.00645462
 0.00180457           0  -0.0058304  0.00311061
 0.00246042   0.0058304           0 -0.00924874
 0.00645462 -0.00311061  0.00924874           0
EndNode2[0]<--->HoM1[0]
REAL
    0.457041   -0.0159634    -0.018093       0.2054
  -0.0159634    0.0393795  -0.00489232 -0.000942569
   -0.018093  -0.00489232    0.0429594   -0.0106864
      0.2054 -0.000942569   -0.0106864     0.460621
IMAGINARY
          0  0.00011237  -0.0130092  -0.0217945
-0.00011237           0  -0.0172784  -0.0117685
  0.0130092   0.0172784           0 -0.00328899
  0.0217945   0.0117685  0.00328899           0
Repeater1[0]<--->EndNode1[0]
REAL
   0.482051  0.00253998  0.00545582    0.204676
 0.00253998        0.05 -0.00923822   0.0161225
 0.00545582 -0.00923822        0.05 0.000542639
   0.204676   0.0161225 0.000542639    0.417949
IMAGINARY
          0 -0.00246042 -0.00180457 -0.00645462
 0.00246042           0   0.0058304 -0.00924874
 0.00180457  -0.0058304           0  0.00311061
 0.00645462  0.00924874 -0.00311061           0
Repeater1[0]<--->HoM1[0]
REAL
    0.457041    -0.018093   -0.0159634       0.2054
   -0.018093    0.0429594  -0.00489232   -0.0106864
  -0.0159634  -0.00489232    0.0393795 -0.000942569
      0.2054   -0.0106864 -0.000942569     0.460621
IMAGINARY
          0  -0.0130092  0.00011237  -0.0217945
  0.0130092           0   0.0172784 -0.00328899
-0.00011237  -0.0172784           0  -0.0117685
  0.0217945  0.00328899   0.0117685           0
EndNode1[0]<--->Repeater1[0]
REAL
    0.427861   0.00542424 -6.59684e-05     0.210834
  0.00542424    0.0547264   -0.0228544   0.00390229
-6.59684e-05   -0.0228544    0.0547264   -0.0220483
    0.210834   0.00390229   -0.0220483     0.462687
IMAGINARY
          0   0.0193279   0.0072581    0.010989
 -0.0193279           0   -0.010989 -0.00659232
 -0.0072581    0.010989           0  0.00663751
  -0.010989  0.00659232 -0.00663751           0
EndNode2[0]<--->HoM1[0]
REAL
   0.474555 -0.00945431  0.00769786    0.209123
-0.00945431   0.0356234   0.0147785   0.0156538
 0.00769786   0.0147785   0.0407125  -0.0180182
   0.209123   0.0156538  -0.0180182    0.449109
IMAGINARY
           0  -0.00716076  -0.00454777  0.000194319
  0.00716076            0    -0.014919     0.013573
  0.00454777     0.014919            0   0.00535571
-0.000194319    -0.013573  -0.00535571            0
Repeater1[0]<--->EndNode1[0]
REAL
    0.427861 -6.59684e-05   0.00542424     0.210834
-6.59684e-05    0.0547264   -0.0228544   -0.0220483
  0.00542424   -0.0228544    0.0547264   0.00390229
    0.210834   -0.0220483   0.00390229     0.462687
IMAGINARY
          0   0.0072581   0.0193279    0.010989
 -0.0072581           0    0.010989  0.00663751
 -0.0193279   -0.010989           0 -0.00659232
  -0.010989 -0.00663751  0.00659232           0
Repeater1[0]<--->HoM1[0]
REAL
   0.474555  0.00769786 -0.00945431    0.209123
 0.00769786   0.0407125   0.0147785  -0.0180182
-0.00945431   0.0147785   0.0356234   0.0156538
   0.209123  -0.0180182   0.0156538    0.449109
IMAGINARY
           0  -0.00454777  -0.00716076  0.000194319
  0.00454777            0     0.014919   0.00535571
  0.00716076    -0.014919            0     0.013573
-0.000194319  -0.00535571    -0.013573            0
EndNode1[0]<--->Repeater1[0]
REAL
   0.428941  -0.0213977  0.00829659    0.198473
 -0.0213977   0.0503876  -0.0104223 -0.00766765
 0.00829659  -0.0104223   0.0426357   0.0220266
   0.198473 -0.00766765   0.0220266    0.478036
IMAGINARY
          0 -0.00671123  -0.0104422   0.0044497
 0.00671123           0  0.00191163  0.00100821
  0.0104422 -0.00191163           0  -0.0269815
 -0.0044497 -0.00100821   0.0269815           0
EndNode2[0]<--->HoM1[0]
REAL
   0.473411 -0.00114384  -0.0132881    0.194745
-0.00114384   0.0363165  -0.0238908 -0.00555613
 -0.0132881  -0.0238908   0.0415045  0.00491269
   0.194745 -0.00555613  0.00491269    0.448768
IMAGINARY
          0   0.0045676  0.00554165 -0.00245855
 -0.0045676           0 -0.00716918  -0.0110228
-0.00554165  0.00716918           0   0.0045676
 0.00245855   0.0110228  -0.0045676           0
Repeater1[0]<--->EndNode1[0]
REAL
   0.428941  0.00829659  -0.0213977    0.198473
 0.00829659   0.0426357  -0.0104223   0.0220266
 -0.0213977  -0.0104223   0.0503876 -0.00766765
   0.198473   0.0220266 -0.00766765    0.478036
IMAGINARY
          0  -0.0104422 -0.00671123   0.0044497
  0.0104422           0 -0.00191163  -0.0269815
 0.00671123  0.00191163           0  0.00100821
 -0.0044497   0.0269815 -0.00100821           0
Repeater1[0]<--->HoM1[0]
REAL
   0.473411  -0.0132881 -0.00114384    0.194745
 -0.0132881   0.0415045  -0.0238908  0.00491269
-0.00114384  -0.0238908   0.0363165 -0.00555613
   0.194745  0.00491269 -0.00555613    0.448768
IMAGINARY
          0  0.00554165   0.0045676 -0.00245855
-0.00554165           0  0.00716918   0.0045676
 -0.0045676 -0.00716918           0  -0.0110228
 0.00245855  -0.0045676   0.0110228           0
EndNode1[0]<--->Repeater1[0]
REAL
  0.476501 0.00214261 0.00965131   0.217577
0.00214261  0.0326371 0.00346936 0.00965131
0.00965131 0.00346936  0.0509138 0.00470671
  0.217577 0.00965131 0.00470671   0.439948
IMAGINARY
          0   0.0203161  -0.0226933  -0.0078347
 -0.0203161           0  -0.0146653  0.00583934
  0.0226933   0.0146653           0   0.0227551
  0.0078347 -0.00583934  -0.0227551           0
EndNode2[0]<--->HoM1[0]
REAL
   0.461039 0.000362678   0.0104605    0.196801
0.000362678   0.0480519 -0.00593718 0.000177761
  0.0104605 -0.00593718   0.0311688   0.0165334
   0.196801 0.000177761   0.0165334     0.45974
IMAGINARY
          0  -0.0151977 -0.00521257   0.0105088
  0.0151977           0   0.0163454 -0.00717335
 0.00521257  -0.0163454           0  0.00933064
 -0.0105088  0.00717335 -0.00933064           0
Repeater1[0]<--->EndNode1[0]
REAL
  0.476501 0.00965131 0.00214261   0.217577
0.00965131  0.0509138 0.00346936 0.00470671
0.00214261 0.00346936  0.0326371 0.00965131
  0.217577 0.00470671 0.00965131   0.439948
IMAGINARY
          0  -0.0226933   0.0203161  -0.0078347
  0.0226933           0   0.0146653   0.0227551
 -0.0203161  -0.0146653           0  0.00583934
  0.0078347  -0.0227551 -0.00583934           0
Repeater1[0]<--->HoM1[0]
REAL
   0.461039   0.0104605 0.000362678    0.196801
  0.0104605   0.0311688 -0.00593718   0.0165334
0.000362678 -0.00593718   0.0480519 0.000177761
   0.196801   0.0165334 0.000177761     0.45974
IMAGINARY
          0 -0.00521257  -0.0151977   0.0105088
 0.00521257           0  -0.0163454  0.00933064
  0.0151977   0.0163454           0 -0.00717335
 -0.0105088 -0.00933064  0.00717335           0
EndNode1[0]<--->Repeater1[0]
REAL
   0.475222   0.0135688   0.0174548    0.215242
  0.0135688   0.0495553   0.0136584 0.000448005
  0.0174548   0.0136584   0.0571792  0.00433399
   0.215242 0.000448005  0.00433399    0.418043
IMAGINARY
           0   0.00450605   -0.0194058  0.000380057
 -0.00450605            0    0.0116301   -0.0116539
   0.0194058   -0.0116301            0    0.0204635
-0.000380057    0.0116539   -0.0204635            0
EndNode2[0]<--->HoM1[0]
REAL
   0.444877   0.0196255 -0.00406216    0.188661
  0.0196255   0.0402075   0.0101346  -0.0126714
-0.00406216   0.0101346   0.0402075  -0.0162788
   0.188661  -0.0126714  -0.0162788    0.474708
IMAGINARY
          0   0.0296965  0.00167383   0.0073597
 -0.0296965           0 -0.00920472  -0.0175569
-0.00167383  0.00920472           0 -0.00491887
 -0.0073597   0.0175569  0.00491887           0
Repeater1[0]<--->EndNode1[0]
REAL
   0.475222   0.0174548   0.0135688    0.215242
  0.0174548   0.0571792   0.0136584  0.00433399
  0.0135688   0.0136584   0.0495553 0.000448005
   0.215242  0.00433399 0.000448005    0.418043
IMAGINARY
           0   -0.0194058   0.00450605  0.000380057
   0.0194058            0   -0.0116301    0.0204635
 -0.00450605    0.0116301            0   -0.0116539
-0.000380057   -0.0204635    0.0116539            0
Repeater1[0]<--->HoM1[0]
REAL
   0.444877 -0.00406216   0.0196255    0.188661
-0.00406216   0.0402075   0.0101346  -0.0162788
  0.0196255   0.0101346   0.0402075  -0.0126714
   0.188661  -0.0162788  -0.0126714    0.474708
IMAGINARY
          0  0.00167383   0.0296965   0.0073597
-0.00167383           0  0.00920472 -0.00491887
 -0.0296965 -0.00920472           0  -0.0175569
 -0.0073597  0.00491887   0.0175569           0
EndNode1[0]<--->Repeater1[0]
REAL
   0.502577 0.000133112   0.0020408    0.189667
0.000133112   0.0515464 -0.00887224  -0.0225706
  0.0020408 -0.00887224   0.0554124  0.00450265
   0.189667  -0.0225706  0.00450265    0.390464
IMAGINARY
          0  0.00890996 -0.00843668  0.00371945
-0.00890996           0 -0.00174836   0.0144128
 0.00843668  0.00174836           0   0.0156584
-0.00371945  -0.0144128  -0.0156584           0
EndNode2[0]<--->HoM1[0]
REAL
  0.477979 -0.0253566 -0.0312264   0.181023
-0.0253566  0.0375648   0.013914 -0.0143433
-0.0312264   0.013914  0.0401554 0.00636927
  0.181023 -0.0143433 0.00636927   0.444301
IMAGINARY
          0  0.00633902  -0.0151957 -0.00701145
-0.00633902           0  -0.0164692  -0.0139821
  0.0151957   0.0164692           0  0.00824984
 0.00701145   0.0139821 -0.00824984           0
Repeater1[0]<--->EndNode1[0]
REAL
   0.502577   0.0020408 0.000133112    0.189667
  0.0020408   0.0554124 -0.00887224  0.00450265
0.000133112 -0.00887224   0.0515464  -0.0225706
   0.189667  0.00450265  -0.0225706    0.390464
IMAGINARY
          0 -0.00843668  0.00890996  0.00371945
 0.00843668           0  0.00174836   0.0156584
-0.00890996 -0.00174836           0   0.0144128
-0.00371945  -0.0156584  -0.0144128           0
Repeater1[0]<--->HoM1[0]
REAL
  0.477979 -0.0312264 -0.0253566   0.181023
-0.0312264  0.0401554   0.013914 0.00636927
-0.0253566   0.013914  0.0375648 -0.0143433
  0.181023 0.00636927 -0.0143433   0.444301
IMAGINARY
          0  -0.0151957  0.00633902 -0.00701145
  0.0151957           0   0.0164692  0.00824984
-0.00633902  -0.0164692           0  -0.0139821
 0.00701145 -0.00824984   0.0139821           0
EndNode1[0]<--->Repeater1[0]
REAL
  0.453125  0.0107685 0.00131506   0.184418
 0.0107685  0.0559896 0.00708497 0.00064572
0.00131506 0.00708497  0.0455729 0.00949296
  0.184418 0.00064572 0.00949296   0.445312
IMAGINARY
           0    0.0198883   -0.0227547    0.0119906
  -0.0198883            0   -0.0131983  8.79865e-05
   0.0227547    0.0131983            0     0.013445
  -0.0119906 -8.79865e-05    -0.013445            0
EndNode2[0]<--->HoM1[0]
REAL
   0.46798 -0.0112574 -0.0182461   0.211156
-0.0112574  0.0492611 -0.0187514 -0.0121336
-0.0182461 -0.0187514   0.046798 0.00239667
  0.211156 -0.0121336 0.00239667   0.435961
IMAGINARY
          0  0.00330642 -0.00788796    0.016151
-0.00330642           0  0.00411044 -0.00462851
 0.00788796 -0.00411044           0  0.00262243
  -0.016151  0.00462851 -0.00262243           0
Repeater1[0]<--->EndNode1[0]
REAL
  0.453125 0.00131506  0.0107685   0.184418
0.00131506  0.0455729 0.00708497 0.00949296
 0.0107685 0.00708497  0.0559896 0.00064572
  0.184418 0.00949296 0.00064572   0.445312
IMAGINARY
           0   -0.0227547    0.0198883    0.0119906
   0.0227547            0    0.0131983     0.013445
  -0.0198883   -0.0131983            0  8.79865e-05
  -0.0119906    -0.013445 -8.79865e-05            0
Repeater1[0]<--->HoM1[0]
REAL
   0.46798 -0.0182461 -0.0112574   0.211156
-0.0182461   0.046798 -0.0187514 0.00239667
-0.0112574 -0.0187514  0.0492611 -0.0121336
  0.211156 0.00239667 -0.0121336   0.435961
IMAGINARY
          0 -0.00788796  0.00330642    0.016151
 0.00788796           0 -0.00411044  0.00262243
-0.00330642  0.00411044           0 -0.00462851
  -0.016151 -0.00262243  0.00462851           0
EndNode1[0]<--->Repeater1[0]
REAL
   0.459279  0.00509889 -0.00496733    0.214747
 0.00509889    0.046729  0.00893728 -0.00161162
-0.00496733  0.00893728    0.058745 -0.00904625
   0.214747 -0.00161162 -0.00904625    0.435247
IMAGINARY
          0 -0.00361338  0.00589451   0.0101266
 0.00361338           0  0.00693376 -0.00156818
-0.00589451 -0.00693376           0 -0.00812951
 -0.0101266  0.00156818  0.00812951           0
EndNode2[0]<--->HoM1[0]
REAL
   0.507134   -0.013452 -0.00299688    0.219725
  -0.013452   0.0440986  0.00373479 -0.00552213
-0.00299688  0.00373479   0.0415045 -0.00948376
   0.219725 -0.00552213 -0.00948376    0.407263
IMAGINARY
          0 -0.00507122    0.025562  -0.0127129
 0.00507122           0 -0.00702392  0.00785086
  -0.025562  0.00702392           0  -0.0283417
  0.0127129 -0.00785086   0.0283417           0
Repeater1[0]<--->EndNode1[0]
REAL
   0.459279 -0.00496733  0.00509889    0.214747
-0.00496733    0.058745  0.00893728 -0.00904625
 0.00509889  0.00893728    0.046729 -0.00161162
   0.214747 -0.00904625 -0.00161162    0.435247
IMAGINARY
          0  0.00589451 -0.00361338   0.0101266
-0.00589451           0 -0.00693376 -0.00812951
 0.00361338  0.00693376           0 -0.00156818
 -0.0101266  0.00812951  0.00156818           0
Repeater1[0]<--->HoM1[0]
REAL
   0.507134 -0.00299688   -0.013452    0.219725
-0.00299688   0.0415045  0.00373479 -0.00948376
  -0.013452  0.00373479   0.0440986 -0.00552213
   0.219725 -0.00948376 -0.00552213    0.407263
IMAGINARY
          0    0.025562 -0.00507122  -0.0127129
  -0.025562           0  0.00702392  -0.0283417
 0.00507122 -0.00702392           0  0.00785086
  0.0127129   0.0283417 -0.00785086           0
EndNode1[0]<--->Repeater1[0]
REAL
  0.477612 -0.0100879 -0.0003465   0.205547
-0.0100879  0.0485075  0.0200944   0.013167
-0.0003465  0.0200944  0.0447761 0.00239563
  0.205547   0.013167 0.00239563   0.429104
IMAGINARY
           0   0.00337438   -0.0123348   0.00556872
 -0.00337438            0   0.00942476   -0.0066691
   0.0123348  -0.00942476            0 -9.78411e-05
 -0.00556872    0.0066691  9.78411e-05            0
EndNode2[0]<--->HoM1[0]
REAL
  0.474359 -0.0120911  0.0146498   0.211391
-0.0120911  0.0435897  -0.018467 -0.0126471
 0.0146498  -0.018467  0.0397436 0.00341282
  0.211391 -0.0126471 0.00341282   0.442308
IMAGINARY
          0 -0.00636906 -0.00205678   0.0167279
 0.00636906           0  -0.0080497 -0.00268256
 0.00205678   0.0080497           0 -0.00310961
 -0.0167279  0.00268256  0.00310961           0
Repeater1[0]<--->EndNode1[0]
REAL
  0.477612 -0.0003465 -0.0100879   0.205547
-0.0003465  0.0447761  0.0200944 0.00239563
-0.0100879  0.0200944  0.0485075   0.013167
  0.205547 0.00239563   0.013167   0.429104
IMAGINARY
           0   -0.0123348   0.00337438   0.00556872
   0.0123348            0  -0.00942476 -9.78411e-05
 -0.00337438   0.00942476            0   -0.0066691
 -0.00556872  9.78411e-05    0.0066691            0
Repeater1[0]<--->HoM1[0]
REAL
  0.474359  0.0146498 -0.0120911   0.211391
 0.0146498  0.0397436  -0.018467 0.00341282
-0.0120911  -0.018467  0.0435897 -0.0126471
  0.211391 0.00341282 -0.0126471   0.442308
IMAGINARY
          0 -0.00205678 -0.00636906   0.0167279
 0.00205678           0   0.0080497 -0.00310961
 0.00636906  -0.0080497           0 -0.00268256
 -0.0167279  0.00310961  0.00268256           0
EndNode1[0]<--->Repeater1[0]
REAL
    0.455381   0.00558401  -0.00794725     0.185209
  0.00558401    0.0459318   -0.0365958   -0.0085653
 -0.00794725   -0.0365958    0.0511811 -0.000960494
    0.185209   -0.0085653 -0.000960494     0.447507
IMAGINARY
          0  -0.0217652  0.00628298  -0.0159674
  0.0217652           0 -0.00842283 -0.00753611
-0.00628298  0.00842283           0  -0.0145757
  0.0159674  0.00753611   0.0145757           0
EndNode2[0]<--->HoM1[0]
REAL
   0.451327  0.00467976  -0.0234248    0.180307
 0.00467976   0.0417193  -0.0140665 -0.00470821
 -0.0234248  -0.0140665   0.0417193 -0.00595854
   0.180307 -0.00470821 -0.00595854    0.465234
IMAGINARY
          0 -0.00524426   0.0234271   0.0176861
 0.00524426           0   0.0101294  0.00342711
 -0.0234271  -0.0101294           0  -0.0254463
 -0.0176861 -0.00342711   0.0254463           0
Repeater1[0]<--->EndNode1[0]
REAL
    0.455381  -0.00794725   0.00558401     0.185209
 -0.00794725    0.0511811   -0.0365958 -0.000960494
  0.00558401   -0.0365958    0.0459318   -0.0085653
    0.185209 -0.000960494   -0.0085653     0.447507
IMAGINARY
          0  0.00628298  -0.0217652  -0.0159674
-0.00628298           0  0.00842283  -0.0145757
  0.0217652 -0.00842283           0 -0.00753611
  0.0159674   0.0145757  0.00753611           0
Repeater1[0]<--->HoM1[0]
REAL
   0.451327  -0.0234248  0.00467976    0.180307
 -0.0234248   0.0417193  -0.0140665 -0.00595854
 0.00467976  -0.0140665   0.0417193 -0.00470821
   0.180307 -0.00595854 -0.00470821    0.465234
IMAGINARY
          0   0.0234271 -0.00524426   0.0176861
 -0.0234271           0  -0.0101294  -0.0254463
 0.00524426   0.0101294           0  0.00342711
 -0.0176861   0.0254463 -0.00342711           0
EndNode1[0]<--->Repeater1[0]
REAL
    0.470027 -0.000570623   0.00844987      0.19815
-0.000570623    0.0476839   0.00987037   0.00784086
  0.00844987   0.00987037    0.0585831  -0.00694817
     0.19815   0.00784086  -0.00694817     0.423706
IMAGINARY
           0    0.0216834   -0.0131137 -0.000337382
  -0.0216834            0 -0.000337382    -0.054218
   0.0131137  0.000337382            0    0.0157231
 0.000337382     0.054218   -0.0157231            0
EndNode2[0]<--->HoM1[0]
REAL
   0.467742    0.018448   0.0128803    0.213517
   0.018448   0.0508685  0.00699554  0.00122227
  0.0128803  0.00699554   0.0521092 -0.00690957
   0.213517  0.00122227 -0.00690957     0.42928
IMAGINARY
          0  0.00324432  -0.0260511  0.00281951
-0.00324432           0 -0.00989802 -0.00172673
  0.0260511  0.00989802           0  -0.0153216
-0.00281951  0.00172673   0.0153216           0
Repeater1[0]<--->EndNode1[0]
REAL
    0.470027   0.00844987 -0.000570623      0.19815
  0.00844987    0.0585831   0.00987037  -0.00694817
-0.000570623   0.00987037    0.0476839   0.00784086
     0.19815  -0.00694817   0.00784086     0.423706
IMAGINARY
           0   -0.0131137    0.0216834 -0.000337382
   0.0131137            0  0.000337382    0.0157231
  -0.0216834 -0.000337382            0    -0.054218
 0.000337382   -0.0157231     0.054218            0
Repeater1[0]<--->HoM1[0]
REAL
   0.467742   0.0128803    0.018448    0.213517
  0.0128803   0.0521092  0.00699554 -0.00690957
   0.018448  0.00699554   0.0508685  0.00122227
   0.213517 -0.00690957  0.00122227     0.42928
IMAGINARY
          0  -0.0260511  0.00324432  0.00281951
  0.0260511           0  0.00989802  -0.0153216
-0.00324432 -0.00989802           0 -0.00172673
-0.00281951   0.0153216  0.00172673           0
EndNode1[0]<--->Repeater1[0]
REAL
    0.472074  -0.00909631  -0.00594492      0.19624
 -0.00909631    0.0492021   -0.0097998 -0.000108346
 -0.00594492   -0.0097998    0.0545213    0.0139389
     0.19624 -0.000108346    0.0139389     0.424202
IMAGINARY
           0  -0.00771603   0.00917777     0.012534
  0.00771603            0 -0.000875965   -0.0031375
 -0.00917777  0.000875965            0    0.0191254
   -0.012534    0.0031375   -0.0191254            0
EndNode2[0]<--->HoM1[0]
REAL
   0.460277 -0.00356386 -0.00795647    0.203367
-0.00356386   0.0441362   -0.015787  0.00987708
-0.00795647   -0.015787   0.0466583 0.000362839
   0.203367  0.00987708 0.000362839    0.448928
IMAGINARY
          0 -0.00627639  0.00943645 -0.00765761
 0.00627639           0 -0.00104386 -0.00767382
-0.00943645  0.00104386           0  -0.0154627
 0.00765761  0.00767382   0.0154627           0
Repeater1[0]<--->EndNode1[0]
REAL
    0.472074  -0.00594492  -0.00909631      0.19624
 -0.00594492    0.0545213   -0.0097998    0.0139389
 -0.00909631   -0.0097998    0.0492021 -0.000108346
     0.19624    0.0139389 -0.000108346     0.424202
IMAGINARY
           0   0.00917777  -0.00771603     0.012534
 -0.00917777            0  0.000875965    0.0191254
  0.00771603 -0.000875965            0   -0.0031375
   -0.012534   -0.0191254    0.0031375            0
Repeater1[0]<--->HoM1[0]
REAL
   0.460277 -0.00795647 -0.00356386    0.203367
-0.00795647   0.0466583   -0.015787 0.000362839
-0.00356386   -0.015787   0.0441362  0.00987708
   0.203367 0.000362839  0.00987708    0.448928
IMAGINARY
          0  0.00943645 -0.00627639 -0.00765761
-0.00943645           0  0.00104386  -0.0154627
 0.00627639 -0.00104386           0 -0.00767382
 0.00765761   0.0154627  0.00767382           0
EndNode1[0]<--->Repeater1[0]
REAL
   0.472637  0.00953431  -0.0206722    0.195179
 0.00953431   0.0584577  0.00097458   0.0104158
 -0.0206722  0.00097458   0.0447761 -0.00825225
   0.195179   0.0104158 -0.00825225    0.424129
IMAGINARY
           0 -0.000142331   0.00264062    0.0133089
 0.000142331            0   -0.0198363  -0.00325715
 -0.00264062    0.0198363            0    0.0106232
  -0.0133089   0.00325715   -0.0106232            0
EndNode2[0]<--->HoM1[0]
REAL
   0.478947  -0.0185829   0.0117746    0.211235
 -0.0185829   0.0276316 0.000375951  -0.0161442
