EndNode1[0]<--->Repeater1[0]
REAL
   0.466504  -0.0115611 -0.00742708    0.405343
 -0.0115611   0.0426309  0.00764522  -0.0196851
-0.00742708  0.00764522   0.0523752 -0.00167972
   0.405343  -0.0196851 -0.00167972     0.43849
IMAGINARY
          0  -0.0154655  0.00176752   0.0175732
  0.0154655           0  -0.0104581   0.0148565
-0.00176752   0.0104581           0 -0.00371612
 -0.0175732  -0.0148565  0.00371612           0
EndNode2[0]<--->HoM1[0]
REAL
  0.463198 -0.0117854 0.00256292   0.409967
-0.0117854  0.0456853 0.00669935  0.0143642
0.00256292 0.00669935  0.0456853 0.00527498
  0.409967  0.0143642 0.00527498   0.445431
IMAGINARY
          0   0.0197194  -0.0055479   0.0173135
 -0.0197194           0 -0.00829293 -0.00164165
  0.0055479  0.00829293           0 -0.00207235
 -0.0173135  0.00164165  0.00207235           0
Repeater1[0]<--->EndNode1[0]
REAL
   0.466504 -0.00742708  -0.0115611    0.405343
-0.00742708   0.0523752  0.00764522 -0.00167972
 -0.0115611  0.00764522   0.0426309  -0.0196851
   0.405343 -0.00167972  -0.0196851     0.43849
IMAGINARY
          0  0.00176752  -0.0154655   0.0175732
-0.00176752           0   0.0104581 -0.00371612
  0.0154655  -0.0104581           0   0.0148565
 -0.0175732  0.00371612  -0.0148565           0
Repeater1[0]<--->HoM1[0]
REAL
  0.463198 0.00256292 -0.0117854   0.409967
0.00256292  0.0456853 0.00669935 0.00527498
-0.0117854 0.00669935  0.0456853  0.0143642
  0.409967 0.00527498  0.0143642   0.445431
IMAGINARY
          0  -0.0055479   0.0197194   0.0173135
  0.0055479           0  0.00829293 -0.00207235
 -0.0197194 -0.00829293           0 -0.00164165
 -0.0173135  0.00207235  0.00164165           0
EndNode1[0]<--->Repeater1[0]
REAL
   0.459038   0.0106029  0.00429536    0.383064
  0.0106029    0.053316   0.0116729 -0.00368336
 0.00429536   0.0116729   0.0325098   0.0144889
   0.383064 -0.00368336   0.0144889    0.455137
IMAGINARY
           0   -0.0052642    0.0192589  -0.00770749
   0.0052642            0 -0.000789247   0.00567547
  -0.0192589  0.000789247            0   0.00920121
  0.00770749  -0.00567547  -0.00920121            0
EndNode2[0]<--->HoM1[0]
REAL
       0.445    0.0090728    0.0112635     0.398589
   0.0090728      0.03625    0.0114925 -0.000364362
   0.0112635    0.0114925       0.0375    0.0154504
    0.398589 -0.000364362    0.0154504      0.48125
IMAGINARY
          0   0.0106585  -0.0197022  0.00142112
 -0.0106585           0   0.0385789  -0.0113151
  0.0197022  -0.0385789           0  0.00671118
-0.00142112   0.0113151 -0.00671118           0
Repeater1[0]<--->EndNode1[0]
REAL
   0.459038  0.00429536   0.0106029    0.383064
 0.00429536   0.0325098   0.0116729   0.0144889
  0.0106029   0.0116729    0.053316 -0.00368336
   0.383064   0.0144889 -0.00368336    0.455137
IMAGINARY
           0    0.0192589   -0.0052642  -0.00770749
  -0.0192589            0  0.000789247   0.00920121
   0.0052642 -0.000789247            0   0.00567547
  0.00770749  -0.00920121  -0.00567547            0
Repeater1[0]<--->HoM1[0]
REAL
       0.445    0.0112635    0.0090728     0.398589
   0.0112635       0.0375    0.0114925    0.0154504
   0.0090728    0.0114925      0.03625 -0.000364362
    0.398589    0.0154504 -0.000364362      0.48125
IMAGINARY
          0  -0.0197022   0.0106585  0.00142112
  0.0197022           0  -0.0385789  0.00671118
 -0.0106585   0.0385789           0  -0.0113151
-0.00142112 -0.00671118   0.0113151           0
EndNode1[0]<--->Repeater1[0]
REAL
   0.492405  0.00272919  -0.0125861     0.38451
 0.00272919   0.0481013 0.000975941  0.00126783
 -0.0125861 0.000975941   0.0468354  -0.0087212
    0.38451  0.00126783  -0.0087212    0.412658
IMAGINARY
          0  -0.0150159   0.0144337  0.00128848
  0.0150159           0   0.0117323   0.0156868
 -0.0144337  -0.0117323           0  -0.0137659
-0.00128848  -0.0156868   0.0137659           0
EndNode2[0]<--->HoM1[0]
REAL
    0.42446 -0.00231627  -0.0110045    0.402027
-0.00231627   0.0407674 -0.00242328 -0.00154504
 -0.0110045 -0.00242328   0.0527578  -0.0128753
   0.402027 -0.00154504  -0.0128753    0.482014
IMAGINARY
          0   0.0123385 -0.00826278   0.0035698
 -0.0123385           0  -0.0102689 -0.00613512
 0.00826278   0.0102689           0 -0.00448514
 -0.0035698  0.00613512  0.00448514           0
Repeater1[0]<--->EndNode1[0]
REAL
   0.492405  -0.0125861  0.00272919     0.38451
 -0.0125861   0.0468354 0.000975941  -0.0087212
 0.00272919 0.000975941   0.0481013  0.00126783
    0.38451  -0.0087212  0.00126783    0.412658
IMAGINARY
          0   0.0144337  -0.0150159  0.00128848
 -0.0144337           0  -0.0117323  -0.0137659
  0.0150159   0.0117323           0   0.0156868
-0.00128848   0.0137659  -0.0156868           0
Repeater1[0]<--->HoM1[0]
REAL
    0.42446  -0.0110045 -0.00231627    0.402027
 -0.0110045   0.0527578 -0.00242328  -0.0128753
-0.00231627 -0.00242328   0.0407674 -0.00154504
   0.402027  -0.0128753 -0.00154504    0.482014
IMAGINARY
          0 -0.00826278   0.0123385   0.0035698
 0.00826278           0   0.0102689 -0.00448514
 -0.0123385  -0.0102689           0 -0.00613512
 -0.0035698  0.00448514  0.00613512           0
EndNode1[0]<--->Repeater1[0]
REAL
  0.473952  0.0105104  0.0238833   0.400823
 0.0105104  0.0343075  0.0214699 -0.0257941
 0.0238833  0.0214699   0.043202 0.00923486
  0.400823 -0.0257941 0.00923486   0.448539
IMAGINARY
          0  0.00859971  0.00538187   0.0215662
-0.00859971           0  0.00277835   0.0107873
-0.00538187 -0.00277835           0  -0.0135748
 -0.0215662  -0.0107873   0.0135748           0
EndNode2[0]<--->HoM1[0]
REAL
  0.455393 0.00147987 -0.0139084   0.406931
0.00147987  0.0426099  0.0120595 0.00527626
-0.0139084  0.0120595  0.0559254   -0.01144
  0.406931 0.00527626   -0.01144   0.446072
IMAGINARY
          0 -0.00326371 -0.00183463   -0.009201
 0.00326371           0   0.0066821   0.0172192
 0.00183463  -0.0066821           0  0.00326371
   0.009201  -0.0172192 -0.00326371           0
Repeater1[0]<--->EndNode1[0]
REAL
  0.473952  0.0238833  0.0105104   0.400823
 0.0238833   0.043202  0.0214699 0.00923486
 0.0105104  0.0214699  0.0343075 -0.0257941
  0.400823 0.00923486 -0.0257941   0.448539
IMAGINARY
          0  0.00538187  0.00859971   0.0215662
-0.00538187           0 -0.00277835  -0.0135748
-0.00859971  0.00277835           0   0.0107873
 -0.0215662   0.0135748  -0.0107873           0
Repeater1[0]<--->HoM1[0]
REAL
  0.455393 -0.0139084 0.00147987   0.406931
-0.0139084  0.0559254  0.0120595   -0.01144
0.00147987  0.0120595  0.0426099 0.00527626
  0.406931   -0.01144 0.00527626   0.446072
IMAGINARY
          0 -0.00183463 -0.00326371   -0.009201
 0.00183463           0  -0.0066821  0.00326371
 0.00326371   0.0066821           0   0.0172192
   0.009201 -0.00326371  -0.0172192           0
EndNode1[0]<--->Repeater1[0]
REAL
       0.484   0.00106421 -0.000384875     0.401105
  0.00106421    0.0506667    0.0048667   -0.0154982
-0.000384875    0.0048667    0.0373333  -0.00424083
    0.401105   -0.0154982  -0.00424083        0.428
IMAGINARY
          0  0.00118066 -0.00336611 -0.00434632
-0.00118066           0 -0.00172164   0.0156878
 0.00336611  0.00172164           0 -0.00572022
 0.00434632  -0.0156878  0.00572022           0
EndNode2[0]<--->HoM1[0]
REAL
  0.459677 -0.0067705 -0.0141263   0.396175
-0.0067705  0.0376344  0.0112076  0.0255356
-0.0141263  0.0112076  0.0376344  0.0114685
  0.396175  0.0255356  0.0114685   0.465054
IMAGINARY
          0   -0.010209  0.00203811 -0.00821595
   0.010209           0  0.00263974  0.00515143
-0.00203811 -0.00263974           0  0.00563384
 0.00821595 -0.00515143 -0.00563384           0
Repeater1[0]<--->EndNode1[0]
REAL
       0.484 -0.000384875   0.00106421     0.401105
-0.000384875    0.0373333    0.0048667  -0.00424083
  0.00106421    0.0048667    0.0506667   -0.0154982
    0.401105  -0.00424083   -0.0154982        0.428
IMAGINARY
          0 -0.00336611  0.00118066 -0.00434632
 0.00336611           0  0.00172164 -0.00572022
-0.00118066 -0.00172164           0   0.0156878
 0.00434632  0.00572022  -0.0156878           0
Repeater1[0]<--->HoM1[0]
REAL
  0.459677 -0.0141263 -0.0067705   0.396175
-0.0141263  0.0376344  0.0112076  0.0114685
-0.0067705  0.0112076  0.0376344  0.0255356
  0.396175  0.0114685  0.0255356   0.465054
IMAGINARY
          0  0.00203811   -0.010209 -0.00821595
-0.00203811           0 -0.00263974  0.00563384
   0.010209  0.00263974           0  0.00515143
 0.00821595 -0.00563384 -0.00515143           0
EndNode1[0]<--->Repeater1[0]
REAL
  0.455959 0.00818873   0.014252   0.393463
0.00818873  0.0556995 -0.0030887 0.00847532
  0.014252 -0.0030887  0.0440415  0.0359289
  0.393463 0.00847532  0.0359289   0.444301
IMAGINARY
          0   0.0145141 -0.00835072  0.00310174
 -0.0145141           0 -0.00310174  -0.0212059
 0.00835072  0.00310174           0   0.0199687
-0.00310174   0.0212059  -0.0199687           0
EndNode2[0]<--->HoM1[0]
REAL
   0.457067 -0.00253158 -0.00936033    0.376321
-0.00253158   0.0343461   0.0122802 -0.00618371
-0.00936033   0.0122802   0.0554822  -0.0130125
   0.376321 -0.00618371  -0.0130125    0.453104
IMAGINARY
          0  0.00381938  0.00475045  -0.0227978
-0.00381938           0   0.0124885 -0.00284448
-0.00475045  -0.0124885           0  0.00316918
  0.0227978  0.00284448 -0.00316918           0
Repeater1[0]<--->EndNode1[0]
REAL
  0.455959   0.014252 0.00818873   0.393463
  0.014252  0.0440415 -0.0030887  0.0359289
0.00818873 -0.0030887  0.0556995 0.00847532
  0.393463  0.0359289 0.00847532   0.444301
IMAGINARY
          0 -0.00835072   0.0145141  0.00310174
 0.00835072           0  0.00310174   0.0199687
 -0.0145141 -0.00310174           0  -0.0212059
-0.00310174  -0.0199687   0.0212059           0
Repeater1[0]<--->HoM1[0]
REAL
   0.457067 -0.00936033 -0.00253158    0.376321
-0.00936033   0.0554822   0.0122802  -0.0130125
-0.00253158   0.0122802   0.0343461 -0.00618371
   0.376321  -0.0130125 -0.00618371    0.453104
IMAGINARY
          0  0.00475045  0.00381938  -0.0227978
-0.00475045           0  -0.0124885  0.00316918
-0.00381938   0.0124885           0 -0.00284448
  0.0227978 -0.00316918  0.00284448           0
EndNode1[0]<--->Repeater1[0]
REAL
   0.452477 -0.00374687 -0.00400563    0.390017
-0.00374687   0.0535475  0.00315082   0.0120802
-0.00400563  0.00315082   0.0655957  0.00436799
   0.390017   0.0120802  0.00436799     0.42838
IMAGINARY
           0  -0.00485158   0.00294475   0.00359403
  0.00485158            0    0.0118954  0.000306226
 -0.00294475   -0.0118954            0  -0.00230056
 -0.00359403 -0.000306226   0.00230056            0
EndNode2[0]<--->HoM1[0]
REAL
   0.418814  -0.0092106 -0.00981645    0.401762
 -0.0092106   0.0515464   0.0114558  0.00247333
-0.00981645   0.0114558   0.0451031 -0.00480809
   0.401762  0.00247333 -0.00480809    0.484536
IMAGINARY
          0   -0.011794  0.00824381  -0.0183365
   0.011794           0  0.00306427   0.0057868
-0.00824381 -0.00306427           0 -0.00478763
  0.0183365  -0.0057868  0.00478763           0
Repeater1[0]<--->EndNode1[0]
REAL
   0.452477 -0.00400563 -0.00374687    0.390017
-0.00400563   0.0655957  0.00315082  0.00436799
-0.00374687  0.00315082   0.0535475   0.0120802
   0.390017  0.00436799   0.0120802     0.42838
IMAGINARY
           0   0.00294475  -0.00485158   0.00359403
 -0.00294475            0   -0.0118954  -0.00230056
  0.00485158    0.0118954            0  0.000306226
 -0.00359403   0.00230056 -0.000306226            0
Repeater1[0]<--->HoM1[0]
REAL
   0.418814 -0.00981645  -0.0092106    0.401762
-0.00981645   0.0451031   0.0114558 -0.00480809
 -0.0092106   0.0114558   0.0515464  0.00247333
   0.401762 -0.00480809  0.00247333    0.484536
IMAGINARY
          0  0.00824381   -0.011794  -0.0183365
-0.00824381           0 -0.00306427 -0.00478763
   0.011794  0.00306427           0   0.0057868
  0.0183365  0.00478763  -0.0057868           0
EndNode1[0]<--->Repeater1[0]
REAL
   0.437662 -0.00475868   -0.021191    0.392379
-0.00475868   0.0415584   0.0175309  -0.0039055
  -0.021191   0.0175309   0.0376623  -0.0151898
   0.392379  -0.0039055  -0.0151898    0.483117
IMAGINARY
          0  0.00890048   0.0197209  -0.0165794
-0.00890048           0 -0.00347076  0.00397289
 -0.0197209  0.00347076           0  -0.0216587
  0.0165794 -0.00397289   0.0216587           0
EndNode2[0]<--->HoM1[0]
REAL
   0.474531  -0.0179184 -0.00407431    0.398345
 -0.0179184   0.0321716  0.00354162 -0.00535965
-0.00407431  0.00354162   0.0442359 0.000937262
   0.398345 -0.00535965 0.000937262    0.449062
IMAGINARY
           0   0.00713984  0.000253824   0.00752005
 -0.00713984            0    0.0111965  -0.00975953
-0.000253824   -0.0111965            0  -0.00397127
 -0.00752005   0.00975953   0.00397127            0
Repeater1[0]<--->EndNode1[0]
REAL
   0.437662   -0.021191 -0.00475868    0.392379
  -0.021191   0.0376623   0.0175309  -0.0151898
-0.00475868   0.0175309   0.0415584  -0.0039055
   0.392379  -0.0151898  -0.0039055    0.483117
IMAGINARY
          0   0.0197209  0.00890048  -0.0165794
 -0.0197209           0  0.00347076  -0.0216587
-0.00890048 -0.00347076           0  0.00397289
  0.0165794   0.0216587 -0.00397289           0
Repeater1[0]<--->HoM1[0]
REAL
   0.474531 -0.00407431  -0.0179184    0.398345
-0.00407431   0.0442359  0.00354162 0.000937262
 -0.0179184  0.00354162   0.0321716 -0.00535965
   0.398345 0.000937262 -0.00535965    0.449062
IMAGINARY
           0  0.000253824   0.00713984   0.00752005
-0.000253824            0   -0.0111965  -0.00397127
 -0.00713984    0.0111965            0  -0.00975953
 -0.00752005   0.00397127   0.00975953            0
EndNode1[0]<--->Repeater1[0]
REAL
   0.471178  -0.0100108 0.000326619    0.388281
 -0.0100108   0.0488722 -0.00182914 -0.00871372
0.000326619 -0.00182914   0.0401003  0.00678503
   0.388281 -0.00871372  0.00678503     0.43985
IMAGINARY
           0  3.48194e-05  -0.00213518    0.0125613
-3.48194e-05            0    0.0138239    0.0210607
  0.00213518   -0.0138239            0  -0.00186632
  -0.0125613   -0.0210607   0.00186632            0
EndNode2[0]<--->HoM1[0]
REAL
   0.454183  -0.0134195 -0.00548472    0.386013
 -0.0134195   0.0451527   0.0130368 -0.00995471
-0.00548472   0.0130368   0.0478088  0.00866888
   0.386013 -0.00995471  0.00866888    0.452855
IMAGINARY
           0   -0.0185389  -0.00377184  0.000302873
   0.0185389            0   0.00631088    0.0106212
  0.00377184  -0.00631088            0   -0.0107264
-0.000302873   -0.0106212    0.0107264            0
Repeater1[0]<--->EndNode1[0]
REAL
   0.471178 0.000326619  -0.0100108    0.388281
0.000326619   0.0401003 -0.00182914  0.00678503
 -0.0100108 -0.00182914   0.0488722 -0.00871372
   0.388281  0.00678503 -0.00871372     0.43985
IMAGINARY
           0  -0.00213518  3.48194e-05    0.0125613
  0.00213518            0   -0.0138239  -0.00186632
-3.48194e-05    0.0138239            0    0.0210607
  -0.0125613   0.00186632   -0.0210607            0
Repeater1[0]<--->HoM1[0]
REAL
   0.454183 -0.00548472  -0.0134195    0.386013
-0.00548472   0.0478088   0.0130368  0.00866888
 -0.0134195   0.0130368   0.0451527 -0.00995471
   0.386013  0.00866888 -0.00995471    0.452855
IMAGINARY
           0  -0.00377184   -0.0185389  0.000302873
  0.00377184            0  -0.00631088   -0.0107264
   0.0185389   0.00631088            0    0.0106212
-0.000302873    0.0107264   -0.0106212            0
EndNode1[0]<--->Repeater1[0]
REAL
   0.435006  0.00600473 -0.00584165    0.401795
 0.00600473   0.0514801  0.00954793  0.00388598
-0.00584165  0.00954793     0.03861 -0.00274527
   0.401795  0.00388598 -0.00274527    0.474903
IMAGINARY
           0   -0.0156458    0.0124607  -0.00633805
   0.0156458            0   0.00114325  2.28816e-05
  -0.0124607  -0.00114325            0   0.00841842
  0.00633805 -2.28816e-05  -0.00841842            0
EndNode2[0]<--->HoM1[0]
REAL
   0.479503   0.0249637  0.00689853    0.398457
  0.0249637   0.0434783   0.0168608 -0.00627587
 0.00689853   0.0168608   0.0385093   -0.016869
   0.398457 -0.00627587   -0.016869    0.438509
IMAGINARY
          0 -0.00200884  -0.0147744   0.0042967
 0.00200884           0   0.0194482   0.0205659
  0.0147744  -0.0194482           0 -0.00635667
 -0.0042967  -0.0205659  0.00635667           0
Repeater1[0]<--->EndNode1[0]
REAL
   0.435006 -0.00584165  0.00600473    0.401795
-0.00584165     0.03861  0.00954793 -0.00274527
 0.00600473  0.00954793   0.0514801  0.00388598
   0.401795 -0.00274527  0.00388598    0.474903
IMAGINARY
           0    0.0124607   -0.0156458  -0.00633805
  -0.0124607            0  -0.00114325   0.00841842
   0.0156458   0.00114325            0  2.28816e-05
  0.00633805  -0.00841842 -2.28816e-05            0
Repeater1[0]<--->HoM1[0]
REAL
   0.479503  0.00689853   0.0249637    0.398457
 0.00689853   0.0385093   0.0168608   -0.016869
  0.0249637   0.0168608   0.0434783 -0.00627587
   0.398457   -0.016869 -0.00627587    0.438509
IMAGINARY
          0  -0.0147744 -0.00200884   0.0042967
  0.0147744           0  -0.0194482 -0.00635667
 0.00200884   0.0194482           0   0.0205659
 -0.0042967  0.00635667  -0.0205659           0
EndNode1[0]<--->Repeater1[0]
REAL
   0.455665  -0.0116715 -0.00266138    0.391838
 -0.0116715   0.0492611   0.0134955 -0.00133862
-0.00266138   0.0134955   0.0406404  -0.0123285
   0.391838 -0.00133862  -0.0123285    0.454433
IMAGINARY
          0   0.0212184  -0.0190879   0.0122697
 -0.0212184           0   0.0187971 -0.00898693
  0.0190879  -0.0187971           0  0.00284573
 -0.0122697  0.00898693 -0.00284573           0
EndNode2[0]<--->HoM1[0]
REAL
   0.482368  0.00771803 -0.00527232    0.398429
 0.00771803   0.0516373   0.0155217  -0.0162401
-0.00527232   0.0155217   0.0302267 -0.00576236
   0.398429  -0.0162401 -0.00576236    0.435768
IMAGINARY
          0  -0.0095055   0.0072581   0.0108621
  0.0095055           0  -0.0114879   0.0136033
 -0.0072581   0.0114879           0  0.00614076
 -0.0108621  -0.0136033 -0.00614076           0
Repeater1[0]<--->EndNode1[0]
REAL
   0.455665 -0.00266138  -0.0116715    0.391838
-0.00266138   0.0406404   0.0134955  -0.0123285
 -0.0116715   0.0134955   0.0492611 -0.00133862
   0.391838  -0.0123285 -0.00133862    0.454433
IMAGINARY
          0  -0.0190879   0.0212184   0.0122697
  0.0190879           0  -0.0187971  0.00284573
 -0.0212184   0.0187971           0 -0.00898693
 -0.0122697 -0.00284573  0.00898693           0
Repeater1[0]<--->HoM1[0]
REAL
   0.482368 -0.00527232  0.00771803    0.398429
-0.00527232   0.0302267   0.0155217 -0.00576236
 0.00771803   0.0155217   0.0516373  -0.0162401
   0.398429 -0.00576236  -0.0162401    0.435768
IMAGINARY
          0   0.0072581  -0.0095055   0.0108621
 -0.0072581           0   0.0114879  0.00614076
  0.0095055  -0.0114879           0   0.0136033
 -0.0108621 -0.00614076  -0.0136033           0
EndNode1[0]<--->Repeater1[0]
REAL
       0.5  0.0108241  -0.004931   0.393409
 0.0108241  0.0326087   0.010076  0.0116334
 -0.004931   0.010076  0.0398551 -0.0175265
  0.393409  0.0116334 -0.0175265   0.427536
IMAGINARY
           0    0.0109696  0.000147671  -0.00976446
  -0.0109696            0   -0.0289952   -0.0142502
-0.000147671    0.0289952            0  -0.00327732
  0.00976446    0.0142502   0.00327732            0
EndNode2[0]<--->HoM1[0]
REAL
   0.484967 0.000661376    0.003631    0.384989
0.000661376   0.0509804   0.0118363   0.0135648
   0.003631   0.0118363   0.0522876 0.000661376
   0.384989   0.0135648 0.000661376    0.411765
IMAGINARY
          0  0.00486037  0.00733772  -0.0077389
-0.00486037           0  -0.0077389   0.0111352
-0.00733772   0.0077389           0  -0.0147126
  0.0077389  -0.0111352   0.0147126           0
Repeater1[0]<--->EndNode1[0]
REAL
       0.5  -0.004931  0.0108241   0.393409
 -0.004931  0.0398551   0.010076 -0.0175265
 0.0108241   0.010076  0.0326087  0.0116334
  0.393409 -0.0175265  0.0116334   0.427536
IMAGINARY
           0  0.000147671    0.0109696  -0.00976446
-0.000147671            0    0.0289952  -0.00327732
  -0.0109696   -0.0289952            0   -0.0142502
  0.00976446   0.00327732    0.0142502            0
Repeater1[0]<--->HoM1[0]
REAL
   0.484967    0.003631 0.000661376    0.384989
   0.003631   0.0522876   0.0118363 0.000661376
0.000661376   0.0118363   0.0509804   0.0135648
   0.384989 0.000661376   0.0135648    0.411765
IMAGINARY
          0  0.00733772  0.00486037  -0.0077389
-0.00733772           0   0.0077389  -0.0147126
-0.00486037  -0.0077389           0   0.0111352
  0.0077389   0.0147126  -0.0111352           0
EndNode1[0]<--->Repeater1[0]
REAL
   0.443299  -0.0323404  -0.0112297    0.394579
 -0.0323404   0.0476804  0.00101819  -0.0296508
 -0.0112297  0.00101819   0.0386598 -0.00225078
   0.394579  -0.0296508 -0.00225078    0.470361
IMAGINARY
           0  -0.00127647   0.00272066   -0.0408958
  0.00127647            0  0.000665914   0.00976291
 -0.00272066 -0.000665914            0   0.00587568
   0.0408958  -0.00976291  -0.00587568            0
EndNode2[0]<--->HoM1[0]
REAL
   0.460509 -0.00997051  -0.0126098    0.378868
-0.00997051   0.0374833   0.0142062 -0.00379364
 -0.0126098   0.0142062   0.0401606 0.000857512
   0.378868 -0.00379364 0.000857512    0.461847
IMAGINARY
           0  -0.00967768    0.0270934  -0.00469914
  0.00967768            0  0.000509195   0.00298176
  -0.0270934 -0.000509195            0   -0.0128787
  0.00469914  -0.00298176    0.0128787            0
Repeater1[0]<--->EndNode1[0]
REAL
   0.443299  -0.0112297  -0.0323404    0.394579
 -0.0112297   0.0386598  0.00101819 -0.00225078
 -0.0323404  0.00101819   0.0476804  -0.0296508
   0.394579 -0.00225078  -0.0296508    0.470361
IMAGINARY
           0   0.00272066  -0.00127647   -0.0408958
 -0.00272066            0 -0.000665914   0.00587568
  0.00127647  0.000665914            0   0.00976291
   0.0408958  -0.00587568  -0.00976291            0
Repeater1[0]<--->HoM1[0]
REAL
   0.460509  -0.0126098 -0.00997051    0.378868
 -0.0126098   0.0401606   0.0142062 0.000857512
-0.00997051   0.0142062   0.0374833 -0.00379364
   0.378868 0.000857512 -0.00379364    0.461847
IMAGINARY
           0    0.0270934  -0.00967768  -0.00469914
  -0.0270934            0 -0.000509195   -0.0128787
  0.00967768  0.000509195            0   0.00298176
  0.00469914    0.0128787  -0.00298176            0
EndNode1[0]<--->Repeater1[0]
REAL
   0.451701 -0.00985486  -0.0360644    0.388172
-0.00985486   0.0408163  0.00721995   0.0105351
 -0.0360644  0.00721995   0.0612245  -0.0131838
   0.388172   0.0105351  -0.0131838    0.446259
IMAGINARY
          0    0.011279 -0.00849346   0.0100543
  -0.011279           0 -0.00042658  0.00473406
 0.00849346  0.00042658           0 -0.00877274
 -0.0100543 -0.00473406  0.00877274           0
EndNode2[0]<--->HoM1[0]
REAL
   0.457254  0.00398896  0.00402559    0.380335
 0.00398896   0.0440415 -0.00231849   0.0120602
 0.00402559 -0.00231849   0.0388601  0.00271345
   0.380335   0.0120602  0.00271345    0.459845
IMAGINARY
          0  0.00413438 -0.00863555   0.0156246
-0.00413438           0 -0.00764586 -0.00284404
 0.00863555  0.00764586           0  0.00989623
 -0.0156246  0.00284404 -0.00989623           0
Repeater1[0]<--->EndNode1[0]
REAL
   0.451701  -0.0360644 -0.00985486    0.388172
 -0.0360644   0.0612245  0.00721995  -0.0131838
-0.00985486  0.00721995   0.0408163   0.0105351
   0.388172  -0.0131838   0.0105351    0.446259
IMAGINARY
          0 -0.00849346    0.011279   0.0100543
 0.00849346           0  0.00042658 -0.00877274
  -0.011279 -0.00042658           0  0.00473406
 -0.0100543  0.00877274 -0.00473406           0
Repeater1[0]<--->HoM1[0]
REAL
   0.457254  0.00402559  0.00398896    0.380335
 0.00402559   0.0388601 -0.00231849  0.00271345
 0.00398896 -0.00231849   0.0440415   0.0120602
   0.380335  0.00271345   0.0120602    0.459845
IMAGINARY
          0 -0.00863555  0.00413438   0.0156246
 0.00863555           0  0.00764586  0.00989623
-0.00413438 -0.00764586           0 -0.00284404
 -0.0156246 -0.00989623  0.00284404           0
EndNode1[0]<--->Repeater1[0]
REAL
     0.4266   0.0093962 -0.00804564    0.387004
  0.0093962     0.04266  -0.0074554  0.00741828
-0.00804564  -0.0074554   0.0564617  -0.0150424
   0.387004  0.00741828  -0.0150424    0.474279
IMAGINARY
          0   0.0222731  -0.0177686  -0.0162984
 -0.0222731           0   0.0143875 -0.00729738
  0.0177686  -0.0143875           0   0.0107085
  0.0162984  0.00729738  -0.0107085           0
EndNode2[0]<--->HoM1[0]
REAL
   0.456522  -0.0264348  -0.0082956    0.377573
 -0.0264348   0.0529891   0.0224269  -0.0167044
 -0.0082956   0.0224269   0.0339674 -0.00382839
   0.377573  -0.0167044 -0.00382839    0.456522
IMAGINARY
          0  0.00277578  0.00989468  0.00741045
-0.00277578           0   0.0098735  0.00598843
-0.00989468  -0.0098735           0  -0.0059524
-0.00741045 -0.00598843   0.0059524           0
Repeater1[0]<--->EndNode1[0]
REAL
     0.4266 -0.00804564   0.0093962    0.387004
-0.00804564   0.0564617  -0.0074554  -0.0150424
  0.0093962  -0.0074554     0.04266  0.00741828
   0.387004  -0.0150424  0.00741828    0.474279
IMAGINARY
          0  -0.0177686   0.0222731  -0.0162984
  0.0177686           0  -0.0143875   0.0107085
 -0.0222731   0.0143875           0 -0.00729738
  0.0162984  -0.0107085  0.00729738           0
Repeater1[0]<--->HoM1[0]
REAL
   0.456522  -0.0082956  -0.0264348    0.377573
 -0.0082956   0.0339674   0.0224269 -0.00382839
 -0.0264348   0.0224269   0.0529891  -0.0167044
   0.377573 -0.00382839  -0.0167044    0.456522
IMAGINARY
          0  0.00989468  0.00277578  0.00741045
-0.00989468           0  -0.0098735  -0.0059524
-0.00277578   0.0098735           0  0.00598843
-0.00741045   0.0059524 -0.00598843           0
EndNode1[0]<--->Repeater1[0]
REAL
    0.457433    0.0191097 -0.000796415     0.398655
   0.0191097    0.0520966   0.00787497    0.0232036
-0.000796415   0.00787497    0.0381194    0.0122604
    0.398655    0.0232036    0.0122604     0.452351
IMAGINARY
          0 -0.00434021   0.0010788  -0.0081782
 0.00434021           0 -0.00188097  -0.0173909
 -0.0010788  0.00188097           0  0.00788631
  0.0081782   0.0173909 -0.00788631           0
EndNode2[0]<--->HoM1[0]
REAL
  0.447891 -0.0136373 0.00842486   0.386297
-0.0136373  0.0508685  0.0119444 -0.0121937
0.00842486  0.0119444  0.0496278 0.00609958
  0.386297 -0.0121937 0.00609958   0.451613
IMAGINARY
          0  -0.0119282  0.00564857  -0.0051645
  0.0119282           0 -0.00712528  -0.0030579
-0.00564857  0.00712528           0   0.0054515
  0.0051645   0.0030579  -0.0054515           0
Repeater1[0]<--->EndNode1[0]
REAL
    0.457433 -0.000796415    0.0191097     0.398655
-0.000796415    0.0381194   0.00787497    0.0122604
   0.0191097   0.00787497    0.0520966    0.0232036
    0.398655    0.0122604    0.0232036     0.452351
IMAGINARY
          0   0.0010788 -0.00434021  -0.0081782
 -0.0010788           0  0.00188097  0.00788631
 0.00434021 -0.00188097           0  -0.0173909
  0.0081782 -0.00788631   0.0173909           0
Repeater1[0]<--->HoM1[0]
REAL
  0.447891 0.00842486 -0.0136373   0.386297
0.00842486  0.0496278  0.0119444 0.00609958
-0.0136373  0.0119444  0.0508685 -0.0121937
  0.386297 0.00609958 -0.0121937   0.451613
IMAGINARY
          0  0.00564857  -0.0119282  -0.0051645
-0.00564857           0  0.00712528   0.0054515
  0.0119282 -0.00712528           0  -0.0030579
  0.0051645  -0.0054515   0.0030579           0
EndNode1[0]<--->Repeater1[0]
REAL
   0.478261   0.0188614   0.0246667    0.395456
  0.0188614   0.0434783   0.0156547 -0.00963406
  0.0246667   0.0156547   0.0421196 -0.00905743
   0.395456 -0.00963406 -0.00905743    0.436141
IMAGINARY
          0   -0.013052   0.0139405  -0.0181069
   0.013052           0  0.00760007   0.0139405
 -0.0139405 -0.00760007           0  -0.0185465
  0.0181069  -0.0139405   0.0185465           0
EndNode2[0]<--->HoM1[0]
REAL
    0.47673 -0.00841512   0.0107908    0.382848
-0.00841512   0.0415094   0.0165309 -0.00892748
  0.0107908   0.0165309   0.0314465 -0.00587059
   0.382848 -0.00892748 -0.00587059    0.450314
IMAGINARY
           0    0.0139375    -0.012683   0.00377147
  -0.0139375            0   0.00963849  0.000232139
    0.012683  -0.00963849            0  -0.00148666
 -0.00377147 -0.000232139   0.00148666            0
Repeater1[0]<--->EndNode1[0]
REAL
   0.478261   0.0246667   0.0188614    0.395456
  0.0246667   0.0421196   0.0156547 -0.00905743
  0.0188614   0.0156547   0.0434783 -0.00963406
   0.395456 -0.00905743 -0.00963406    0.436141
IMAGINARY
          0   0.0139405   -0.013052  -0.0181069
 -0.0139405           0 -0.00760007  -0.0185465
   0.013052  0.00760007           0   0.0139405
  0.0181069   0.0185465  -0.0139405           0
Repeater1[0]<--->HoM1[0]
REAL
    0.47673   0.0107908 -0.00841512    0.382848
  0.0107908   0.0314465   0.0165309 -0.00587059
-0.00841512   0.0165309   0.0415094 -0.00892748
   0.382848 -0.00587059 -0.00892748    0.450314
IMAGINARY
           0    -0.012683    0.0139375   0.00377147
    0.012683            0  -0.00963849  -0.00148666
  -0.0139375   0.00963849            0  0.000232139
 -0.00377147   0.00148666 -0.000232139            0
EndNode1[0]<--->Repeater1[0]
REAL
   0.455081  0.00188444  0.00124731    0.391616
 0.00188444   0.0500736   0.0135673  0.00570591
 0.00124731   0.0135673   0.0589102 -0.00125233
   0.391616  0.00570591 -0.00125233    0.435935
IMAGINARY
          0  0.00574475 -0.00759556  0.00293639
-0.00574475           0   0.0136031 -0.00947761
 0.00759556  -0.0136031           0   0.0088894
-0.00293639  0.00947761  -0.0088894           0
EndNode2[0]<--->HoM1[0]
REAL
   0.443836 -0.00098703   -0.008652    0.387513
-0.00098703   0.0479452  0.00352815    0.012284
  -0.008652  0.00352815   0.0342466  0.00219768
   0.387513    0.012284  0.00219768    0.473973
IMAGINARY
          0  0.00821346 -0.00203655   0.0158885
-0.00821346           0   -0.022573  -0.0162484
 0.00203655    0.022573           0 -0.00506088
 -0.0158885   0.0162484  0.00506088           0
Repeater1[0]<--->EndNode1[0]
REAL
   0.455081  0.00124731  0.00188444    0.391616
 0.00124731   0.0589102   0.0135673 -0.00125233
 0.00188444   0.0135673   0.0500736  0.00570591
   0.391616 -0.00125233  0.00570591    0.435935
IMAGINARY
          0 -0.00759556  0.00574475  0.00293639
 0.00759556           0  -0.0136031   0.0088894
-0.00574475   0.0136031           0 -0.00947761
-0.00293639  -0.0088894  0.00947761           0
Repeater1[0]<--->HoM1[0]
REAL
   0.443836   -0.008652 -0.00098703    0.387513
  -0.008652   0.0342466  0.00352815  0.00219768
-0.00098703  0.00352815   0.0479452    0.012284
   0.387513  0.00219768    0.012284    0.473973
IMAGINARY
          0 -0.00203655  0.00821346   0.0158885
 0.00203655           0    0.022573 -0.00506088
-0.00821346   -0.022573           0  -0.0162484
 -0.0158885  0.00506088   0.0162484           0
EndNode1[0]<--->Repeater1[0]
REAL
   0.45082  0.0120158  0.0040859   0.384179
 0.0120158  0.0396175 0.00616005  0.0259402
 0.0040859 0.00616005  0.0519126 0.00495547
  0.384179  0.0259402 0.00495547    0.45765
IMAGINARY
          0  -0.0159207 -0.00771505 -0.00373518
  0.0159207           0  -0.0180581   0.0246233
 0.00771505   0.0180581           0 -0.00219523
 0.00373518  -0.0246233  0.00219523           0
EndNode2[0]<--->HoM1[0]
REAL
   0.459103  0.00128377  0.00885994    0.394282
 0.00128377   0.0408971  0.00834004 -0.00324197
 0.00885994  0.00834004   0.0501319 -0.00815019
   0.394282 -0.00324197 -0.00815019    0.449868
IMAGINARY
          0   0.0102671 -0.00715192  0.00694265
 -0.0102671           0 -0.00172072   -0.012742
 0.00715192  0.00172072           0  0.00962685
-0.00694265    0.012742 -0.00962685           0
Repeater1[0]<--->EndNode1[0]
REAL
   0.45082  0.0040859  0.0120158   0.384179
 0.0040859  0.0519126 0.00616005 0.00495547
 0.0120158 0.00616005  0.0396175  0.0259402
  0.384179 0.00495547  0.0259402    0.45765
IMAGINARY
          0 -0.00771505  -0.0159207 -0.00373518
 0.00771505           0   0.0180581 -0.00219523
  0.0159207  -0.0180581           0   0.0246233
 0.00373518  0.00219523  -0.0246233           0
Repeater1[0]<--->HoM1[0]
REAL
   0.459103  0.00885994  0.00128377    0.394282
 0.00885994   0.0501319  0.00834004 -0.00815019
 0.00128377  0.00834004   0.0408971 -0.00324197
   0.394282 -0.00815019 -0.00324197    0.449868
IMAGINARY
          0 -0.00715192   0.0102671  0.00694265
 0.00715192           0  0.00172072  0.00962685
 -0.0102671 -0.00172072           0   -0.012742
-0.00694265 -0.00962685    0.012742           0
EndNode1[0]<--->Repeater1[0]
REAL
   0.451652 -0.00841732  0.00368212     0.38957
-0.00841732   0.0354957  0.00660499   -0.013245
 0.00368212  0.00660499   0.0550796 -0.00387776
    0.38957   -0.013245 -0.00387776    0.457772
IMAGINARY
          0   0.0224273  -0.0228772   0.0013369
 -0.0224273           0   0.0013369  -0.0102827
  0.0228772  -0.0013369           0  0.00553113
 -0.0013369   0.0102827 -0.00553113           0
EndNode2[0]<--->HoM1[0]
REAL
   0.465517   0.0149448  0.00446593    0.386492
  0.0149448   0.0437666 -0.00702133   0.0160639
 0.00446593 -0.00702133   0.0517241  0.00161148
   0.386492   0.0160639  0.00161148    0.438992
IMAGINARY
          0   0.0100979  0.00156078   0.0029042
 -0.0100979           0  -0.0142527  -0.0156367
-0.00156078   0.0142527           0   0.0100979
 -0.0029042   0.0156367  -0.0100979           0
Repeater1[0]<--->EndNode1[0]
REAL
   0.451652  0.00368212 -0.00841732     0.38957
 0.00368212   0.0550796  0.00660499 -0.00387776
-0.00841732  0.00660499   0.0354957   -0.013245
    0.38957 -0.00387776   -0.013245    0.457772
IMAGINARY
          0  -0.0228772   0.0224273   0.0013369
  0.0228772           0  -0.0013369  0.00553113
 -0.0224273   0.0013369           0  -0.0102827
 -0.0013369 -0.00553113   0.0102827           0
Repeater1[0]<--->HoM1[0]
REAL
   0.465517  0.00446593   0.0149448    0.386492
 0.00446593   0.0517241 -0.00702133  0.00161148
  0.0149448 -0.00702133   0.0437666   0.0160639
   0.386492  0.00161148   0.0160639    0.438992
IMAGINARY
          0  0.00156078   0.0100979   0.0029042
-0.00156078           0   0.0142527   0.0100979
 -0.0100979  -0.0142527           0  -0.0156367
 -0.0029042  -0.0100979   0.0156367           0
EndNode1[0]<--->Repeater1[0]
REAL
   0.458493 0.000337698 -0.00324001    0.388081
0.000337698   0.0472542   0.0052875   0.0051906
-0.00324001   0.0052875   0.0446999  0.00421367
   0.388081   0.0051906  0.00421367    0.449553
IMAGINARY
           0   0.00904598            0 -0.000245098
 -0.00904598            0   0.00220588   0.00623441
           0  -0.00220588            0   -0.0327368
 0.000245098  -0.00623441    0.0327368            0
EndNode2[0]<--->HoM1[0]
REAL
   0.472258  0.00621136 -0.00402733    0.391341
 0.00621136        0.04  0.00954799 0.000850714
-0.00402733  0.00954799   0.0529032  -0.0017641
   0.391341 0.000850714  -0.0017641    0.434839
IMAGINARY
           0  0.000710646  -0.00228965   -0.0022261
-0.000710646            0   -0.0267106   -0.0208082
  0.00228965    0.0267106            0    0.0237459
   0.0022261    0.0208082   -0.0237459            0
Repeater1[0]<--->EndNode1[0]
REAL
   0.458493 -0.00324001 0.000337698    0.388081
-0.00324001   0.0446999   0.0052875  0.00421367
0.000337698   0.0052875   0.0472542   0.0051906
   0.388081  0.00421367   0.0051906    0.449553
IMAGINARY
           0            0   0.00904598 -0.000245098
           0            0  -0.00220588   -0.0327368
 -0.00904598   0.00220588            0   0.00623441
 0.000245098    0.0327368  -0.00623441            0
Repeater1[0]<--->HoM1[0]
REAL
   0.472258 -0.00402733  0.00621136    0.391341
-0.00402733   0.0529032  0.00954799  -0.0017641
 0.00621136  0.00954799        0.04 0.000850714
   0.391341  -0.0017641 0.000850714    0.434839
IMAGINARY
           0  -0.00228965  0.000710646   -0.0022261
  0.00228965            0    0.0267106    0.0237459
-0.000710646   -0.0267106            0   -0.0208082
   0.0022261   -0.0237459    0.0208082            0
EndNode1[0]<--->Repeater1[0]
REAL
  0.469361 -0.0140435  0.0141521   0.394038
-0.0140435  0.0338983 0.00441933 0.00898414
 0.0141521 0.00441933  0.0443286  0.0230409
  0.394038 0.00898414  0.0230409   0.452412
IMAGINARY
          0  0.00582604  -0.0178824  -0.0111997
-0.00582604           0  -0.0318715   0.0198535
  0.0178824   0.0318715           0  -0.0130534
  0.0111997  -0.0198535   0.0130534           0
EndNode2[0]<--->HoM1[0]
REAL
   0.461949 -0.00316663 -0.00698618     0.40217
-0.00316663   0.0480641  0.00870782  0.00764148
-0.00698618  0.00870782    0.046729  0.00382194
    0.40217  0.00764148  0.00382194    0.443258
IMAGINARY
          0 -0.00676179  0.00628088  0.00353937
 0.00676179           0   -0.011574  0.00219369
-0.00628088    0.011574           0   0.0225003
-0.00353937 -0.00219369  -0.0225003           0
Repeater1[0]<--->EndNode1[0]
REAL
  0.469361  0.0141521 -0.0140435   0.394038
 0.0141521  0.0443286 0.00441933  0.0230409
-0.0140435 0.00441933  0.0338983 0.00898414
  0.394038  0.0230409 0.00898414   0.452412
IMAGINARY
          0  -0.0178824  0.00582604  -0.0111997
  0.0178824           0   0.0318715  -0.0130534
-0.00582604  -0.0318715           0   0.0198535
  0.0111997   0.0130534  -0.0198535           0
Repeater1[0]<--->HoM1[0]
REAL
   0.461949 -0.00698618 -0.00316663     0.40217
-0.00698618    0.046729  0.00870782  0.00382194
-0.00316663  0.00870782   0.0480641  0.00764148
    0.40217  0.00382194  0.00764148    0.443258
IMAGINARY
          0  0.00628088 -0.00676179  0.00353937
-0.00628088           0    0.011574   0.0225003
 0.00676179   -0.011574           0  0.00219369
-0.00353937  -0.0225003 -0.00219369           0
EndNode1[0]<--->Repeater1[0]
REAL
  0.468085  0.0074056 0.00444727   0.379752
 0.0074056  0.0425532 0.00588976 0.00381194
0.00444727 0.00588976  0.0563204 0.00339491
  0.379752 0.00381194 0.00339491   0.433041
IMAGINARY
           0    0.0111731   -0.0158711   -0.0114858
  -0.0111731            0 -0.000546287  -0.00298453
   0.0158711  0.000546287            0  -0.00922248
   0.0114858   0.00298453   0.00922248            0
EndNode2[0]<--->HoM1[0]
REAL
    0.46375   0.0052903 -0.00549806     0.39683
  0.0052903      0.0475   0.0216692 -0.00549806
-0.00549806   0.0216692     0.04125 -0.00464347
    0.39683 -0.00549806 -0.00464347      0.4475
IMAGINARY
          0 -0.00122686  0.00417366 -0.00248557
 0.00122686           0   0.0031324 -0.00996516
-0.00417366  -0.0031324           0 -0.00456464
 0.00248557  0.00996516  0.00456464           0
Repeater1[0]<--->EndNode1[0]
REAL
  0.468085 0.00444727  0.0074056   0.379752
0.00444727  0.0563204 0.00588976 0.00339491
 0.0074056 0.00588976  0.0425532 0.00381194
  0.379752 0.00339491 0.00381194   0.433041
IMAGINARY
           0   -0.0158711    0.0111731   -0.0114858
   0.0158711            0  0.000546287  -0.00922248
  -0.0111731 -0.000546287            0  -0.00298453
   0.0114858   0.00922248   0.00298453            0
Repeater1[0]<--->HoM1[0]
REAL
    0.46375 -0.00549806   0.0052903     0.39683
-0.00549806     0.04125   0.0216692 -0.00464347
  0.0052903   0.0216692      0.0475 -0.00549806
    0.39683 -0.00464347 -0.00549806      0.4475
IMAGINARY
          0  0.00417366 -0.00122686 -0.00248557
-0.00417366           0  -0.0031324 -0.00456464
 0.00122686   0.0031324           0 -0.00996516
 0.00248557  0.00456464  0.00996516           0
EndNode1[0]<--->Repeater1[0]
REAL
  0.474462  0.0153654 0.00327755   0.397643
 0.0153654  0.0537634  0.0132725  0.0111516
0.00327755  0.0132725  0.0497312 0.00784662
  0.397643  0.0111516 0.00784662   0.422043
IMAGINARY
          0 -0.00548666   0.0109637  0.00034339
 0.00548666           0   0.0188619 -0.00524578
 -0.0109637  -0.0188619           0  0.00358069
-0.00034339  0.00524578 -0.00358069           0
EndNode2[0]<--->HoM1[0]
REAL
  0.453368  0.0166827  0.0148744   0.401588
 0.0166827  0.0440415 0.00507897 0.00379226
 0.0148744 0.00507897  0.0569948 0.00465062
  0.401588 0.00379226 0.00465062   0.445596
IMAGINARY
