EndNode1[0]<--->Repeater1[0]
REAL
   0.458281   0.0022929   0.0127371    0.362578
  0.0022929   0.0709838  -0.0021128  0.00405881
  0.0127371  -0.0021128   0.0709838 -0.00100091
   0.362578  0.00405881 -0.00100091    0.399751
IMAGINARY
          0   0.0223553  -0.0142656  -0.0130054
 -0.0223553           0 -0.00361865  0.00911099
  0.0142656  0.00361865           0 -0.00302541
  0.0130054 -0.00911099  0.00302541           0
EndNode2[0]<--->HoM1[0]
REAL
   0.487214  -0.0257228 -0.00152839    0.381548
 -0.0257228   0.0444145  0.00877452   0.0150768
-0.00152839  0.00877452   0.0471063   0.0121745
   0.381548   0.0150768   0.0121745    0.421265
IMAGINARY
           0    0.0186062   0.00305821     0.017032
  -0.0186062            0 -0.000253504   -0.0106918
 -0.00305821  0.000253504            0   -0.0186062
   -0.017032    0.0106918    0.0186062            0
Repeater1[0]<--->EndNode1[0]
REAL
   0.458281   0.0127371   0.0022929    0.362578
  0.0127371   0.0709838  -0.0021128 -0.00100091
  0.0022929  -0.0021128   0.0709838  0.00405881
   0.362578 -0.00100091  0.00405881    0.399751
IMAGINARY
          0  -0.0142656   0.0223553  -0.0130054
  0.0142656           0  0.00361865 -0.00302541
 -0.0223553 -0.00361865           0  0.00911099
  0.0130054  0.00302541 -0.00911099           0
Repeater1[0]<--->HoM1[0]
REAL
   0.487214 -0.00152839  -0.0257228    0.381548
-0.00152839   0.0471063  0.00877452   0.0121745
 -0.0257228  0.00877452   0.0444145   0.0150768
   0.381548   0.0121745   0.0150768    0.421265
IMAGINARY
           0   0.00305821    0.0186062     0.017032
 -0.00305821            0  0.000253504   -0.0186062
  -0.0186062 -0.000253504            0   -0.0106918
   -0.017032    0.0186062    0.0106918            0
EndNode1[0]<--->Repeater1[0]
REAL
   0.459827 -0.00139822   0.0244834    0.366442
-0.00139822   0.0519159 -0.00710667  -0.0027443
  0.0244834 -0.00710667   0.0469716   0.0205798
   0.366442  -0.0027443   0.0205798    0.441286
IMAGINARY
           0   -0.0122456    0.0153811  -0.00910617
   0.0122456            0  0.000496901 -0.000542429
  -0.0153811 -0.000496901            0   -0.0025931
  0.00910617  0.000542429    0.0025931            0
EndNode2[0]<--->HoM1[0]
REAL
    0.464714   0.00652186   -0.0125666     0.387726
  0.00652186    0.0519308   0.00296257    0.0361834
  -0.0125666   0.00296257    0.0479361 -0.000448987
    0.387726    0.0361834 -0.000448987     0.435419
IMAGINARY
          0   0.0178161   0.0127825 -0.00204735
 -0.0178161           0   0.0288331   0.0109051
 -0.0127825  -0.0288331           0  -0.0338212
 0.00204735  -0.0109051   0.0338212           0
Repeater1[0]<--->EndNode1[0]
REAL
   0.459827   0.0244834 -0.00139822    0.366442
  0.0244834   0.0469716 -0.00710667   0.0205798
-0.00139822 -0.00710667   0.0519159  -0.0027443
   0.366442   0.0205798  -0.0027443    0.441286
IMAGINARY
           0    0.0153811   -0.0122456  -0.00910617
  -0.0153811            0 -0.000496901   -0.0025931
   0.0122456  0.000496901            0 -0.000542429
  0.00910617    0.0025931  0.000542429            0
Repeater1[0]<--->HoM1[0]
REAL
    0.464714   -0.0125666   0.00652186     0.387726
  -0.0125666    0.0479361   0.00296257 -0.000448987
  0.00652186   0.00296257    0.0519308    0.0361834
    0.387726 -0.000448987    0.0361834     0.435419
IMAGINARY
          0   0.0127825   0.0178161 -0.00204735
 -0.0127825           0  -0.0288331  -0.0338212
 -0.0178161   0.0288331           0   0.0109051
 0.00204735   0.0338212  -0.0109051           0
EndNode1[0]<--->Repeater1[0]
REAL
   0.455556  0.00158065  0.00224391    0.374166
 0.00158065   0.0638889 -0.00307205  0.00817276
 0.00224391 -0.00307205   0.0680556   0.0101381
   0.374166  0.00817276   0.0101381      0.4125
IMAGINARY
         0  0.0182751  0.0315288  0.0134038
-0.0182751          0  0.0108198 -0.0161836
-0.0315288 -0.0108198          0 -0.0157175
-0.0134038  0.0161836  0.0157175          0
EndNode2[0]<--->HoM1[0]
REAL
   0.453846  -0.0210396  -0.0213935    0.380122
 -0.0210396   0.0589744 0.000706834  -0.0187619
 -0.0213935 0.000706834   0.0397436 -0.00616249
   0.380122  -0.0187619 -0.00616249    0.447436
IMAGINARY
          0 -0.00339992 -0.00789574  -0.0187882
 0.00339992           0  0.00226438 -0.00854763
 0.00789574 -0.00226438           0   0.0259334
  0.0187882  0.00854763  -0.0259334           0
Repeater1[0]<--->EndNode1[0]
REAL
   0.455556  0.00224391  0.00158065    0.374166
 0.00224391   0.0680556 -0.00307205   0.0101381
 0.00158065 -0.00307205   0.0638889  0.00817276
   0.374166   0.0101381  0.00817276      0.4125
IMAGINARY
         0  0.0315288  0.0182751  0.0134038
-0.0315288          0 -0.0108198 -0.0157175
-0.0182751  0.0108198          0 -0.0161836
-0.0134038  0.0157175  0.0161836          0
Repeater1[0]<--->HoM1[0]
REAL
   0.453846  -0.0213935  -0.0210396    0.380122
 -0.0213935   0.0397436 0.000706834 -0.00616249
 -0.0210396 0.000706834   0.0589744  -0.0187619
   0.380122 -0.00616249  -0.0187619    0.447436
IMAGINARY
          0 -0.00789574 -0.00339992  -0.0187882
 0.00789574           0 -0.00226438   0.0259334
 0.00339992  0.00226438           0 -0.00854763
  0.0187882  -0.0259334  0.00854763           0
EndNode1[0]<--->Repeater1[0]
REAL
    0.454545  -0.00530829 -0.000628141     0.361962
 -0.00530829    0.0717029   -0.0127154    0.0119347
-0.000628141   -0.0127154    0.0640205  -0.00348568
    0.361962    0.0119347  -0.00348568     0.409731
IMAGINARY
         0  0.0107958 -0.0164024 -0.0146872
-0.0107958          0 -0.0444098 -0.0326932
 0.0164024  0.0444098          0   0.016336
 0.0146872  0.0326932  -0.016336          0
EndNode2[0]<--->HoM1[0]
REAL
  0.470588  0.0135484 -0.0012777   0.380439
 0.0135484  0.0490196   0.009805 0.00669776
-0.0012777   0.009805  0.0416667 0.00406675
  0.380439 0.00669776 0.00406675   0.438725
IMAGINARY
          0 -0.00612985   0.0149539   0.0198187
 0.00612985           0  0.00689883  -0.0130134
 -0.0149539 -0.00689883           0    0.017126
 -0.0198187   0.0130134   -0.017126           0
Repeater1[0]<--->EndNode1[0]
REAL
    0.454545 -0.000628141  -0.00530829     0.361962
-0.000628141    0.0640205   -0.0127154  -0.00348568
 -0.00530829   -0.0127154    0.0717029    0.0119347
    0.361962  -0.00348568    0.0119347     0.409731
IMAGINARY
         0 -0.0164024  0.0107958 -0.0146872
 0.0164024          0  0.0444098   0.016336
-0.0107958 -0.0444098          0 -0.0326932
 0.0146872  -0.016336  0.0326932          0
Repeater1[0]<--->HoM1[0]
REAL
  0.470588 -0.0012777  0.0135484   0.380439
-0.0012777  0.0416667   0.009805 0.00406675
 0.0135484   0.009805  0.0490196 0.00669776
  0.380439 0.00406675 0.00669776   0.438725
IMAGINARY
          0   0.0149539 -0.00612985   0.0198187
 -0.0149539           0 -0.00689883    0.017126
 0.00612985  0.00689883           0  -0.0130134
 -0.0198187   -0.017126   0.0130134           0
EndNode1[0]<--->Repeater1[0]
REAL
   0.478261  -0.0124643  0.00532444    0.371316
 -0.0124643    0.055336 -0.00966555  -0.0174604
 0.00532444 -0.00966555   0.0592885  0.00518275
   0.371316  -0.0174604  0.00518275    0.407115
IMAGINARY
           0    0.0247509   -0.0213379 -0.000336138
  -0.0247509            0   0.00228166  -0.00626943
   0.0213379  -0.00228166            0 -0.000824534
 0.000336138   0.00626943  0.000824534            0
EndNode2[0]<--->HoM1[0]
REAL
   0.456609  0.00247991  -0.0118961    0.378806
 0.00247991   0.0453939 0.000696826  0.00754831
 -0.0118961 0.000696826   0.0560748  0.00186792
   0.378806  0.00754831  0.00186792    0.441923
IMAGINARY
           0   0.00697301    0.0144155  -0.00351245
 -0.00697301            0    0.0270727  0.000509845
  -0.0144155   -0.0270727            0   -0.0218984
  0.00351245 -0.000509845    0.0218984            0
Repeater1[0]<--->EndNode1[0]
REAL
   0.478261  0.00532444  -0.0124643    0.371316
 0.00532444   0.0592885 -0.00966555  0.00518275
 -0.0124643 -0.00966555    0.055336  -0.0174604
   0.371316  0.00518275  -0.0174604    0.407115
IMAGINARY
           0   -0.0213379    0.0247509 -0.000336138
   0.0213379            0  -0.00228166 -0.000824534
  -0.0247509   0.00228166            0  -0.00626943
 0.000336138  0.000824534   0.00626943            0
Repeater1[0]<--->HoM1[0]
REAL
   0.456609  -0.0118961  0.00247991    0.378806
 -0.0118961   0.0560748 0.000696826  0.00186792
 0.00247991 0.000696826   0.0453939  0.00754831
   0.378806  0.00186792  0.00754831    0.441923
IMAGINARY
           0    0.0144155   0.00697301  -0.00351245
  -0.0144155            0   -0.0270727   -0.0218984
 -0.00697301    0.0270727            0  0.000509845
  0.00351245    0.0218984 -0.000509845            0
EndNode1[0]<--->Repeater1[0]
REAL
   0.479844    0.014812  0.00758065    0.360998
   0.014812   0.0624187  0.00575279 -0.00123547
 0.00758065  0.00575279   0.0702211 -0.00973583
   0.360998 -0.00123547 -0.00973583    0.387516
IMAGINARY
          0 -0.00758342 -0.00732937  -0.0021544
 0.00758342           0 -0.00932519 -0.00794287
 0.00732937  0.00932519           0   0.0188716
  0.0021544  0.00794287  -0.0188716           0
EndNode2[0]<--->HoM1[0]
REAL
   0.466579  -0.0102677  0.00118061    0.390806
 -0.0102677   0.0471822 -0.00791161  0.00802992
 0.00118061 -0.00791161   0.0537353  0.00500454
   0.390806  0.00802992  0.00500454    0.432503
IMAGINARY
          0 -0.00162884   0.0120375  0.00281871
 0.00162884           0  0.00153994  -0.0043452
 -0.0120375 -0.00153994           0 -0.00478142
-0.00281871   0.0043452  0.00478142           0
Repeater1[0]<--->EndNode1[0]
REAL
   0.479844  0.00758065    0.014812    0.360998
 0.00758065   0.0702211  0.00575279 -0.00973583
   0.014812  0.00575279   0.0624187 -0.00123547
   0.360998 -0.00973583 -0.00123547    0.387516
IMAGINARY
          0 -0.00732937 -0.00758342  -0.0021544
 0.00732937           0  0.00932519   0.0188716
 0.00758342 -0.00932519           0 -0.00794287
  0.0021544  -0.0188716  0.00794287           0
Repeater1[0]<--->HoM1[0]
REAL
   0.466579  0.00118061  -0.0102677    0.390806
 0.00118061   0.0537353 -0.00791161  0.00500454
 -0.0102677 -0.00791161   0.0471822  0.00802992
   0.390806  0.00500454  0.00802992    0.432503
IMAGINARY
          0   0.0120375 -0.00162884  0.00281871
 -0.0120375           0 -0.00153994 -0.00478142
 0.00162884  0.00153994           0  -0.0043452
-0.00281871  0.00478142   0.0043452           0
EndNode1[0]<--->Repeater1[0]
REAL
   0.488771   0.0100203  0.00119309    0.364269
  0.0100203   0.0607662  -0.0159396   0.0206578
 0.00119309  -0.0159396   0.0686922 -0.00359356
   0.364269   0.0206578 -0.00359356     0.38177
IMAGINARY
           0    0.0121508  -0.00758579    0.0164193
  -0.0121508            0   0.00134721    0.0140962
  0.00758579  -0.00134721            0 -0.000432016
  -0.0164193   -0.0140962  0.000432016            0
EndNode2[0]<--->HoM1[0]
REAL
   0.476373   0.0174612 -0.00712348    0.383288
  0.0174612   0.0600255  0.00117954  0.00904903
-0.00712348  0.00117954    0.054917 -0.00526608
   0.383288  0.00904903 -0.00526608    0.408685
IMAGINARY
          0  -0.0144592  0.00171294   0.0153269
  0.0144592           0  0.00208604 -0.00656731
-0.00171294 -0.00208604           0  -0.0125866
 -0.0153269  0.00656731   0.0125866           0
Repeater1[0]<--->EndNode1[0]
REAL
   0.488771  0.00119309   0.0100203    0.364269
 0.00119309   0.0686922  -0.0159396 -0.00359356
  0.0100203  -0.0159396   0.0607662   0.0206578
   0.364269 -0.00359356   0.0206578     0.38177
IMAGINARY
           0  -0.00758579    0.0121508    0.0164193
  0.00758579            0  -0.00134721 -0.000432016
  -0.0121508   0.00134721            0    0.0140962
  -0.0164193  0.000432016   -0.0140962            0
Repeater1[0]<--->HoM1[0]
REAL
   0.476373 -0.00712348   0.0174612    0.383288
-0.00712348    0.054917  0.00117954 -0.00526608
  0.0174612  0.00117954   0.0600255  0.00904903
   0.383288 -0.00526608  0.00904903    0.408685
IMAGINARY
          0  0.00171294  -0.0144592   0.0153269
-0.00171294           0 -0.00208604  -0.0125866
  0.0144592  0.00208604           0 -0.00656731
 -0.0153269   0.0125866  0.00656731           0
EndNode1[0]<--->Repeater1[0]
REAL
   0.492701 -0.00816626 0.000756656    0.367698
-0.00816626   0.0596107   0.0140089  0.00412139
0.000756656   0.0140089   0.0462287   0.0167028
   0.367698  0.00412139   0.0167028     0.40146
IMAGINARY
          0 -0.00886254 -0.00843014  -0.0161588
 0.00886254           0  -0.0168228  0.00461334
 0.00843014   0.0168228           0  -0.0242163
  0.0161588 -0.00461334   0.0242163           0
EndNode2[0]<--->HoM1[0]
REAL
   0.462799     -0.0176  0.00378009     0.38704
    -0.0176   0.0504414  -0.0102569 -0.00572561
 0.00378009  -0.0102569   0.0592686  0.00138732
    0.38704 -0.00572561  0.00138732    0.427491
IMAGINARY
          0  0.00465389  0.00835614   0.0252155
-0.00465389           0   0.0218142 -0.00430209
-0.00835614  -0.0218142           0  0.00210287
 -0.0252155  0.00430209 -0.00210287           0
Repeater1[0]<--->EndNode1[0]
REAL
   0.492701 0.000756656 -0.00816626    0.367698
0.000756656   0.0462287   0.0140089   0.0167028
-0.00816626   0.0140089   0.0596107  0.00412139
   0.367698   0.0167028  0.00412139     0.40146
IMAGINARY
          0 -0.00843014 -0.00886254  -0.0161588
 0.00843014           0   0.0168228  -0.0242163
 0.00886254  -0.0168228           0  0.00461334
  0.0161588   0.0242163 -0.00461334           0
Repeater1[0]<--->HoM1[0]
REAL
   0.462799  0.00378009     -0.0176     0.38704
 0.00378009   0.0592686  -0.0102569  0.00138732
    -0.0176  -0.0102569   0.0504414 -0.00572561
    0.38704  0.00138732 -0.00572561    0.427491
IMAGINARY
          0  0.00835614  0.00465389   0.0252155
-0.00835614           0  -0.0218142  0.00210287
-0.00465389   0.0218142           0 -0.00430209
 -0.0252155 -0.00210287  0.00430209           0
EndNode1[0]<--->Repeater1[0]
REAL
   0.491762  -0.0100149  0.00030494    0.372647
 -0.0100149   0.0583016  0.00105129 -0.00421119
 0.00030494  0.00105129   0.0608365   0.0204316
   0.372647 -0.00421119   0.0204316      0.3891
IMAGINARY
          0 -0.00823977 -0.00284346 -0.00558763
 0.00823977           0      0.0271  0.00997705
 0.00284346     -0.0271           0   0.0127793
 0.00558763 -0.00997705  -0.0127793           0
EndNode2[0]<--->HoM1[0]
REAL
   0.474684   0.0027682   0.0033232    0.377965
  0.0027682   0.0531646 -0.00907003   0.0146717
  0.0033232 -0.00907003   0.0417722   0.0100853
   0.377965   0.0146717   0.0100853     0.43038
IMAGINARY
           0    0.0118734 -0.000960636    0.0194431
  -0.0118734            0   0.00760096   -0.0189367
 0.000960636  -0.00760096            0    0.0131587
  -0.0194431    0.0189367   -0.0131587            0
Repeater1[0]<--->EndNode1[0]
REAL
   0.491762  0.00030494  -0.0100149    0.372647
 0.00030494   0.0608365  0.00105129   0.0204316
 -0.0100149  0.00105129   0.0583016 -0.00421119
   0.372647   0.0204316 -0.00421119      0.3891
IMAGINARY
          0 -0.00284346 -0.00823977 -0.00558763
 0.00284346           0     -0.0271   0.0127793
 0.00823977      0.0271           0  0.00997705
 0.00558763  -0.0127793 -0.00997705           0
Repeater1[0]<--->HoM1[0]
REAL
   0.474684   0.0033232   0.0027682    0.377965
  0.0033232   0.0417722 -0.00907003   0.0100853
  0.0027682 -0.00907003   0.0531646   0.0146717
   0.377965   0.0100853   0.0146717     0.43038
IMAGINARY
           0 -0.000960636    0.0118734    0.0194431
 0.000960636            0  -0.00760096    0.0131587
  -0.0118734   0.00760096            0   -0.0189367
  -0.0194431   -0.0131587    0.0189367            0
EndNode1[0]<--->Repeater1[0]
REAL
    0.472119   0.00227582    0.0107795     0.366917
  0.00227582    0.0557621 -0.000163917   0.00280399
   0.0107795 -0.000163917    0.0483271   -0.0106846
    0.366917   0.00280399   -0.0106846     0.423792
IMAGINARY
          0   0.0141146   0.0013282   0.0107181
 -0.0141146           0  -0.0170956 -0.00070708
 -0.0013282   0.0170956           0  -0.0085245
 -0.0107181  0.00070708   0.0085245           0
EndNode2[0]<--->HoM1[0]
REAL
   0.493168 -0.00303618  0.00113862    0.387104
-0.00303618   0.0347826 -0.00763332  -0.0176949
 0.00113862 -0.00763332   0.0546584  -0.0095466
   0.387104  -0.0176949  -0.0095466    0.417391
IMAGINARY
          0  0.00674099 -0.00672241   0.0160451
-0.00674099           0 -0.00671175 -0.00204952
 0.00672241  0.00671175           0  -0.0105004
 -0.0160451  0.00204952   0.0105004           0
Repeater1[0]<--->EndNode1[0]
REAL
    0.472119    0.0107795   0.00227582     0.366917
   0.0107795    0.0483271 -0.000163917   -0.0106846
  0.00227582 -0.000163917    0.0557621   0.00280399
    0.366917   -0.0106846   0.00280399     0.423792
IMAGINARY
          0   0.0013282   0.0141146   0.0107181
 -0.0013282           0   0.0170956  -0.0085245
 -0.0141146  -0.0170956           0 -0.00070708
 -0.0107181   0.0085245  0.00070708           0
Repeater1[0]<--->HoM1[0]
REAL
   0.493168  0.00113862 -0.00303618    0.387104
 0.00113862   0.0546584 -0.00763332  -0.0095466
-0.00303618 -0.00763332   0.0347826  -0.0176949
   0.387104  -0.0095466  -0.0176949    0.417391
IMAGINARY
          0 -0.00672241  0.00674099   0.0160451
 0.00672241           0  0.00671175  -0.0105004
-0.00674099 -0.00671175           0 -0.00204952
 -0.0160451   0.0105004  0.00204952           0
EndNode1[0]<--->Repeater1[0]
REAL
   0.472483  0.00551657  0.00154756     0.36593
 0.00551657    0.061745    0.015245   0.0084658
 0.00154756    0.015245   0.0550336 0.000491443
    0.36593   0.0084658 0.000491443    0.410738
IMAGINARY
          0  0.00556653 -0.00791173   0.0105933
-0.00556653           0   0.0161148 -0.00167731
 0.00791173  -0.0161148           0   0.0245705
 -0.0105933  0.00167731  -0.0245705           0
EndNode2[0]<--->HoM1[0]
REAL
   0.459038 -0.00116375   0.0156102    0.389188
-0.00116375   0.0624187 -0.00934321  0.00506166
  0.0156102 -0.00934321   0.0416125  0.00503972
   0.389188  0.00506166  0.00503972    0.436931
IMAGINARY
          0  -0.0141933  0.00439947   0.0181691
  0.0141933           0 -0.00570026   0.0136246
-0.00439947  0.00570026           0 -0.00650098
 -0.0181691  -0.0136246  0.00650098           0
Repeater1[0]<--->EndNode1[0]
REAL
   0.472483  0.00154756  0.00551657     0.36593
 0.00154756   0.0550336    0.015245 0.000491443
 0.00551657    0.015245    0.061745   0.0084658
    0.36593 0.000491443   0.0084658    0.410738
IMAGINARY
          0 -0.00791173  0.00556653   0.0105933
 0.00791173           0  -0.0161148   0.0245705
-0.00556653   0.0161148           0 -0.00167731
 -0.0105933  -0.0245705  0.00167731           0
Repeater1[0]<--->HoM1[0]
REAL
   0.459038   0.0156102 -0.00116375    0.389188
  0.0156102   0.0416125 -0.00934321  0.00503972
-0.00116375 -0.00934321   0.0624187  0.00506166
   0.389188  0.00503972  0.00506166    0.436931
IMAGINARY
          0  0.00439947  -0.0141933   0.0181691
-0.00439947           0  0.00570026 -0.00650098
  0.0141933 -0.00570026           0   0.0136246
 -0.0181691  0.00650098  -0.0136246           0
EndNode1[0]<--->Repeater1[0]
REAL
    0.490741  -0.00758632   0.00283028     0.348944
 -0.00758632     0.042328  -0.00894394 -0.000330278
  0.00283028  -0.00894394    0.0648148  8.63171e-05
    0.348944 -0.000330278  8.63171e-05     0.402116
IMAGINARY
          0   0.0090951  0.00912732 -0.00570579
 -0.0090951           0  0.00698456  0.00847372
-0.00912732 -0.00698456           0  -0.0149621
 0.00570579 -0.00847372   0.0149621           0
EndNode2[0]<--->HoM1[0]
REAL
   0.459038 -0.00848823  0.00321316    0.399569
-0.00848823   0.0520156   0.0102353 -0.00517394
 0.00321316   0.0102353   0.0611183 -0.00523726
   0.399569 -0.00517394 -0.00523726    0.427828
IMAGINARY
           0    0.0136359  -0.00444499   0.00163485
  -0.0136359            0  0.000378571  0.000444988
  0.00444499 -0.000378571            0  -0.00296925
 -0.00163485 -0.000444988   0.00296925            0
Repeater1[0]<--->EndNode1[0]
REAL
    0.490741   0.00283028  -0.00758632     0.348944
  0.00283028    0.0648148  -0.00894394  8.63171e-05
 -0.00758632  -0.00894394     0.042328 -0.000330278
    0.348944  8.63171e-05 -0.000330278     0.402116
IMAGINARY
          0  0.00912732   0.0090951 -0.00570579
-0.00912732           0 -0.00698456  -0.0149621
 -0.0090951  0.00698456           0  0.00847372
 0.00570579   0.0149621 -0.00847372           0
Repeater1[0]<--->HoM1[0]
REAL
   0.459038  0.00321316 -0.00848823    0.399569
 0.00321316   0.0611183   0.0102353 -0.00523726
-0.00848823   0.0102353   0.0520156 -0.00517394
   0.399569 -0.00523726 -0.00517394    0.427828
IMAGINARY
           0  -0.00444499    0.0136359   0.00163485
  0.00444499            0 -0.000378571  -0.00296925
  -0.0136359  0.000378571            0  0.000444988
 -0.00163485   0.00296925 -0.000444988            0
EndNode1[0]<--->Repeater1[0]
REAL
   0.468305 -0.00357433   0.0167009    0.367042
-0.00357433   0.0439845  -0.0046564  0.00230301
  0.0167009  -0.0046564   0.0672704  0.00554025
   0.367042  0.00230301  0.00554025     0.42044
IMAGINARY
           0  -0.00533025   -0.0111296  -0.00596697
  0.00533025            0 -0.000145497    0.0268529
   0.0111296  0.000145497            0   -0.0154245
  0.00596697   -0.0268529    0.0154245            0
EndNode2[0]<--->HoM1[0]
REAL
   0.477064 -0.00817714  -0.0238873    0.383641
-0.00817714   0.0524246  -0.0013585  0.00902407
 -0.0238873  -0.0013585    0.051114  -0.0173877
   0.383641  0.00902407  -0.0173877    0.419397
IMAGINARY
          0  -0.0138489   0.0257254 -0.00831515
  0.0138489           0  0.00232314  -0.0157254
 -0.0257254 -0.00232314           0   0.0088489
 0.00831515   0.0157254  -0.0088489           0
Repeater1[0]<--->EndNode1[0]
REAL
   0.468305   0.0167009 -0.00357433    0.367042
  0.0167009   0.0672704  -0.0046564  0.00554025
-0.00357433  -0.0046564   0.0439845  0.00230301
   0.367042  0.00554025  0.00230301     0.42044
IMAGINARY
           0   -0.0111296  -0.00533025  -0.00596697
   0.0111296            0  0.000145497   -0.0154245
  0.00533025 -0.000145497            0    0.0268529
  0.00596697    0.0154245   -0.0268529            0
Repeater1[0]<--->HoM1[0]
REAL
   0.477064  -0.0238873 -0.00817714    0.383641
 -0.0238873    0.051114  -0.0013585  -0.0173877
-0.00817714  -0.0013585   0.0524246  0.00902407
   0.383641  -0.0173877  0.00902407    0.419397
IMAGINARY
          0   0.0257254  -0.0138489 -0.00831515
 -0.0257254           0 -0.00232314   0.0088489
  0.0138489  0.00232314           0  -0.0157254
 0.00831515  -0.0088489   0.0157254           0
EndNode1[0]<--->Repeater1[0]
REAL
   0.453836   0.0133922  0.00127469    0.340274
  0.0133922   0.0624187 -0.00587947  0.00191002
 0.00127469 -0.00587947   0.0702211   0.0101747
   0.340274  0.00191002   0.0101747    0.413524
IMAGINARY
          0  -0.0102894   0.0212866  -0.0125303
  0.0102894           0 -0.00215683  -0.0101204
 -0.0212866  0.00215683           0  -0.0232093
  0.0125303   0.0101204   0.0232093           0
EndNode2[0]<--->HoM1[0]
REAL
    0.45614  -0.0128866 -0.00941792    0.379732
 -0.0128866   0.0588972  -0.0015181 0.000622245
-0.00941792  -0.0015181    0.037594     0.01221
   0.379732 0.000622245     0.01221    0.447368
IMAGINARY
           0  -0.00373033  -0.00564861    0.0107366
  0.00373033            0   -0.0173679  0.000648615
  0.00564861    0.0173679            0  -0.00251967
  -0.0107366 -0.000648615   0.00251967            0
Repeater1[0]<--->EndNode1[0]
REAL
   0.453836  0.00127469   0.0133922    0.340274
 0.00127469   0.0702211 -0.00587947   0.0101747
  0.0133922 -0.00587947   0.0624187  0.00191002
   0.340274   0.0101747  0.00191002    0.413524
IMAGINARY
          0   0.0212866  -0.0102894  -0.0125303
 -0.0212866           0  0.00215683  -0.0232093
  0.0102894 -0.00215683           0  -0.0101204
  0.0125303   0.0232093   0.0101204           0
Repeater1[0]<--->HoM1[0]
REAL
    0.45614 -0.00941792  -0.0128866    0.379732
-0.00941792    0.037594  -0.0015181     0.01221
 -0.0128866  -0.0015181   0.0588972 0.000622245
   0.379732     0.01221 0.000622245    0.447368
IMAGINARY
           0  -0.00564861  -0.00373033    0.0107366
  0.00564861            0    0.0173679  -0.00251967
  0.00373033   -0.0173679            0  0.000648615
  -0.0107366   0.00251967 -0.000648615            0
EndNode1[0]<--->Repeater1[0]
REAL
   0.473171  0.00547253   0.0197033    0.362001
 0.00547253    0.052439 -0.00282813   0.0190564
  0.0197033 -0.00282813   0.0536585  0.00357139
   0.362001   0.0190564  0.00357139    0.420732
IMAGINARY
           0  0.000245954   -0.0164042  -0.00133838
-0.000245954            0  -0.00608736   -0.0164042
   0.0164042   0.00608736            0    0.0181267
  0.00133838    0.0164042   -0.0181267            0
EndNode2[0]<--->HoM1[0]
REAL
  0.470665 0.00808099 0.00446508   0.388627
0.00808099  0.0404172  0.0177831 0.00579134
0.00446508  0.0177831  0.0521512 0.00345747
  0.388627 0.00579134 0.00345747   0.436767
IMAGINARY
           0  -0.00403007   0.00374236  -0.00990354
  0.00403007            0  0.000952138    0.0205543
 -0.00374236 -0.000952138            0   -0.0343331
  0.00990354   -0.0205543    0.0343331            0
Repeater1[0]<--->EndNode1[0]
REAL
   0.473171   0.0197033  0.00547253    0.362001
  0.0197033   0.0536585 -0.00282813  0.00357139
 0.00547253 -0.00282813    0.052439   0.0190564
   0.362001  0.00357139   0.0190564    0.420732
IMAGINARY
           0   -0.0164042  0.000245954  -0.00133838
   0.0164042            0   0.00608736    0.0181267
-0.000245954  -0.00608736            0   -0.0164042
  0.00133838   -0.0181267    0.0164042            0
Repeater1[0]<--->HoM1[0]
REAL
  0.470665 0.00446508 0.00808099   0.388627
0.00446508  0.0521512  0.0177831 0.00345747
0.00808099  0.0177831  0.0404172 0.00579134
  0.388627 0.00345747 0.00579134   0.436767
IMAGINARY
           0   0.00374236  -0.00403007  -0.00990354
 -0.00374236            0 -0.000952138   -0.0343331
  0.00403007  0.000952138            0    0.0205543
  0.00990354    0.0343331   -0.0205543            0
EndNode1[0]<--->Repeater1[0]
REAL
  0.485855  0.0154402 0.00165206    0.37297
 0.0154402  0.0602706  0.0113922  0.0160878
0.00165206  0.0113922  0.0578106  0.0154402
   0.37297  0.0160878  0.0154402   0.396064
IMAGINARY
          0  -0.0132428 -0.00415215 -0.00629403
  0.0132428           0  0.00496425  0.00738631
 0.00415215 -0.00496425           0  0.00612766
 0.00629403 -0.00738631 -0.00612766           0
EndNode2[0]<--->HoM1[0]
REAL
    0.480896 -0.000378439    0.0104845     0.400705
-0.000378439    0.0434783  -0.00235653    0.0130225
   0.0104845  -0.00235653    0.0500659    0.0315093
    0.400705    0.0130225    0.0315093      0.42556
IMAGINARY
           0   -0.0143345  -0.00143663 -0.000990132
   0.0143345            0    0.0125583   0.00908969
  0.00143663   -0.0125583            0   0.00923242
 0.000990132  -0.00908969  -0.00923242            0
Repeater1[0]<--->EndNode1[0]
REAL
  0.485855 0.00165206  0.0154402    0.37297
0.00165206  0.0578106  0.0113922  0.0154402
 0.0154402  0.0113922  0.0602706  0.0160878
   0.37297  0.0154402  0.0160878   0.396064
IMAGINARY
          0 -0.00415215  -0.0132428 -0.00629403
 0.00415215           0 -0.00496425  0.00612766
  0.0132428  0.00496425           0  0.00738631
 0.00629403 -0.00612766 -0.00738631           0
Repeater1[0]<--->HoM1[0]
REAL
    0.480896    0.0104845 -0.000378439     0.400705
   0.0104845    0.0500659  -0.00235653    0.0315093
-0.000378439  -0.00235653    0.0434783    0.0130225
    0.400705    0.0315093    0.0130225      0.42556
IMAGINARY
           0  -0.00143663   -0.0143345 -0.000990132
  0.00143663            0   -0.0125583   0.00923242
   0.0143345    0.0125583            0   0.00908969
 0.000990132  -0.00923242  -0.00908969            0
EndNode1[0]<--->Repeater1[0]
REAL
   0.477477 -0.00275636 0.000960242    0.377832
-0.00275636   0.0579151  0.00414774  -0.0123816
0.000960242  0.00414774   0.0604891  -0.0200863
   0.377832  -0.0123816  -0.0200863    0.404118
IMAGINARY
          0 -0.00398925 -0.00433045 -0.00797095
 0.00398925           0 -0.00282956   0.0095936
 0.00433045  0.00282956           0  0.00662083
 0.00797095  -0.0095936 -0.00662083           0
EndNode2[0]<--->HoM1[0]
REAL
   0.488189   0.0179874 -0.00395379    0.378843
  0.0179874   0.0472441  0.00990501  0.00585013
-0.00395379  0.00990501   0.0406824  0.00919341
   0.378843  0.00585013  0.00919341    0.423885
IMAGINARY
          0 -0.00879381   -0.013258 -0.00720514
 0.00879381           0  0.00220514   0.0060496
   0.013258 -0.00220514           0   0.0395933
 0.00720514  -0.0060496  -0.0395933           0
Repeater1[0]<--->EndNode1[0]
REAL
   0.477477 0.000960242 -0.00275636    0.377832
0.000960242   0.0604891  0.00414774  -0.0200863
-0.00275636  0.00414774   0.0579151  -0.0123816
   0.377832  -0.0200863  -0.0123816    0.404118
IMAGINARY
          0 -0.00433045 -0.00398925 -0.00797095
 0.00433045           0  0.00282956  0.00662083
 0.00398925 -0.00282956           0   0.0095936
 0.00797095 -0.00662083  -0.0095936           0
Repeater1[0]<--->HoM1[0]
REAL
   0.488189 -0.00395379   0.0179874    0.378843
-0.00395379   0.0406824  0.00990501  0.00919341
  0.0179874  0.00990501   0.0472441  0.00585013
   0.378843  0.00919341  0.00585013    0.423885
IMAGINARY
          0   -0.013258 -0.00879381 -0.00720514
   0.013258           0 -0.00220514   0.0395933
 0.00879381  0.00220514           0   0.0060496
 0.00720514  -0.0395933  -0.0060496           0
EndNode1[0]<--->Repeater1[0]
REAL
   0.433113   0.0302047  0.00260558    0.374554
  0.0302047   0.0701987  -0.0118093   0.0215774
 0.00260558  -0.0118093   0.0622517 -0.00732885
   0.374554   0.0215774 -0.00732885    0.434437
IMAGINARY
           0    0.0114591   0.00593092  -0.00522642
  -0.0114591            0    0.0109443  0.000382213
 -0.00593092   -0.0109443            0   0.00748031
  0.00522642 -0.000382213  -0.00748031            0
EndNode2[0]<--->HoM1[0]
REAL
      0.464   0.0162623   0.0190149    0.392986
  0.0162623   0.0466667 -0.00296019   0.0027242
  0.0190149 -0.00296019   0.0493333  -0.0073109
   0.392986   0.0027242  -0.0073109        0.44
IMAGINARY
          0  0.00618995 -0.00509033  -0.0216378
-0.00618995           0   0.0204062 -0.00707183
 0.00509033  -0.0204062           0   0.0100263
  0.0216378  0.00707183  -0.0100263           0
Repeater1[0]<--->EndNode1[0]
REAL
   0.433113  0.00260558   0.0302047    0.374554
 0.00260558   0.0622517  -0.0118093 -0.00732885
  0.0302047  -0.0118093   0.0701987   0.0215774
   0.374554 -0.00732885   0.0215774    0.434437
IMAGINARY
           0   0.00593092    0.0114591  -0.00522642
 -0.00593092            0   -0.0109443   0.00748031
  -0.0114591    0.0109443            0  0.000382213
  0.00522642  -0.00748031 -0.000382213            0
Repeater1[0]<--->HoM1[0]
REAL
      0.464   0.0190149   0.0162623    0.392986
  0.0190149   0.0493333 -0.00296019  -0.0073109
  0.0162623 -0.00296019   0.0466667   0.0027242
   0.392986  -0.0073109   0.0027242        0.44
IMAGINARY
          0 -0.00509033  0.00618995  -0.0216378
 0.00509033           0  -0.0204062   0.0100263
-0.00618995   0.0204062           0 -0.00707183
  0.0216378  -0.0100263  0.00707183           0
EndNode1[0]<--->Repeater1[0]
REAL
    0.503137   -0.0104266 -0.000445314     0.358619
  -0.0104266    0.0401506  0.000554305   -0.0383144
-0.000445314  0.000554305     0.055207   -0.0141212
    0.358619   -0.0383144   -0.0141212     0.401506
IMAGINARY
          0   0.0182768  -0.0164314   0.0194987
 -0.0182768           0  -0.0101404  0.00159266
  0.0164314   0.0101404           0  0.00688444
 -0.0194987 -0.00159266 -0.00688444           0
EndNode2[0]<--->HoM1[0]
REAL
   0.476316  -0.0209608 -0.00698474    0.401804
 -0.0209608        0.05  0.00875544  -0.0135122
-0.00698474  0.00875544   0.0486842 -0.00450507
   0.401804  -0.0135122 -0.00450507       0.425
IMAGINARY
          0   -0.015869   0.0056613  -0.0164398
   0.015869           0 -0.00846438  0.00770768
 -0.0056613  0.00846438           0   -0.010869
  0.0164398 -0.00770768    0.010869           0
Repeater1[0]<--->EndNode1[0]
REAL
    0.503137 -0.000445314   -0.0104266     0.358619
-0.000445314     0.055207  0.000554305   -0.0141212
  -0.0104266  0.000554305    0.0401506   -0.0383144
    0.358619   -0.0141212   -0.0383144     0.401506
IMAGINARY
          0  -0.0164314   0.0182768   0.0194987
  0.0164314           0   0.0101404  0.00688444
 -0.0182768  -0.0101404           0  0.00159266
 -0.0194987 -0.00688444 -0.00159266           0
Repeater1[0]<--->HoM1[0]
REAL
   0.476316 -0.00698474  -0.0209608    0.401804
-0.00698474   0.0486842  0.00875544 -0.00450507
 -0.0209608  0.00875544        0.05  -0.0135122
   0.401804 -0.00450507  -0.0135122       0.425
IMAGINARY
          0   0.0056613   -0.015869  -0.0164398
 -0.0056613           0  0.00846438   -0.010869
   0.015869 -0.00846438           0  0.00770768
  0.0164398    0.010869 -0.00770768           0
EndNode1[0]<--->Repeater1[0]
REAL
    0.455215  -0.00427023   0.00279506     0.355353
 -0.00427023    0.0564417   -0.0196475 -0.000854572
  0.00279506   -0.0196475    0.0613497    0.0178537
    0.355353 -0.000854572    0.0178537     0.426994
IMAGINARY
          0  -0.0052295   0.0176681  -0.0215771
  0.0052295           0   0.0248709  -0.0230444
 -0.0176681  -0.0248709           0  0.00119724
  0.0215771   0.0230444 -0.00119724           0
EndNode2[0]<--->HoM1[0]
REAL
  0.468085 -0.0136786 -0.0243681   0.386482
-0.0136786  0.0484634 -0.0113191 0.00551241
-0.0243681 -0.0113191  0.0567376 0.00782681
  0.386482 0.00551241 0.00782681   0.426714
IMAGINARY
           0  -0.00218909    0.0149319  0.000245274
  0.00218909            0   0.00350473  -0.00522942
  -0.0149319  -0.00350473            0   0.00154226
-0.000245274   0.00522942  -0.00154226            0
Repeater1[0]<--->EndNode1[0]
REAL
    0.455215   0.00279506  -0.00427023     0.355353
  0.00279506    0.0613497   -0.0196475    0.0178537
 -0.00427023   -0.0196475    0.0564417 -0.000854572
    0.355353    0.0178537 -0.000854572     0.426994
IMAGINARY
          0   0.0176681  -0.0052295  -0.0215771
 -0.0176681           0  -0.0248709  0.00119724
  0.0052295   0.0248709           0  -0.0230444
  0.0215771 -0.00119724   0.0230444           0
Repeater1[0]<--->HoM1[0]
REAL
  0.468085 -0.0243681 -0.0136786   0.386482
-0.0243681  0.0567376 -0.0113191 0.00782681
-0.0136786 -0.0113191  0.0484634 0.00551241
  0.386482 0.00782681 0.00551241   0.426714
IMAGINARY
           0    0.0149319  -0.00218909  0.000245274
  -0.0149319            0  -0.00350473   0.00154226
  0.00218909   0.00350473            0  -0.00522942
-0.000245274  -0.00154226   0.00522942            0
EndNode1[0]<--->Repeater1[0]
REAL
    0.48708 -0.00837605  -0.0112554     0.36432
-0.00837605   0.0645995  0.00482617 -0.00940579
 -0.0112554  0.00482617   0.0620155  -0.0109077
    0.36432 -0.00940579  -0.0109077    0.386305
IMAGINARY
          0  -0.0058879 -0.00300947  -0.0111847
  0.0058879           0  0.00182643   0.0042753
 0.00300947 -0.00182643           0   0.0160145
  0.0111847  -0.0042753  -0.0160145           0
EndNode2[0]<--->HoM1[0]
REAL
   0.461638   0.0162753   0.0113473    0.378449
  0.0162753   0.0377113  0.00692616  0.00116918
  0.0113473  0.00692616   0.0403121 -0.00244129
   0.378449  0.00116918 -0.00244129    0.460338
IMAGINARY
           0   0.00934012    -0.002303  0.000102491
 -0.00934012            0    0.0116114   -0.0222003
    0.002303   -0.0116114            0    0.0111897
-0.000102491    0.0222003   -0.0111897            0
Repeater1[0]<--->EndNode1[0]
REAL
    0.48708  -0.0112554 -0.00837605     0.36432
 -0.0112554   0.0620155  0.00482617  -0.0109077
-0.00837605  0.00482617   0.0645995 -0.00940579
    0.36432  -0.0109077 -0.00940579    0.386305
IMAGINARY
          0 -0.00300947  -0.0058879  -0.0111847
 0.00300947           0 -0.00182643   0.0160145
  0.0058879  0.00182643           0   0.0042753
  0.0111847  -0.0160145  -0.0042753           0
Repeater1[0]<--->HoM1[0]
REAL
   0.461638   0.0113473   0.0162753    0.378449
  0.0113473   0.0403121  0.00692616 -0.00244129
  0.0162753  0.00692616   0.0377113  0.00116918
   0.378449 -0.00244129  0.00116918    0.460338
IMAGINARY
           0    -0.002303   0.00934012  0.000102491
    0.002303            0   -0.0116114    0.0111897
 -0.00934012    0.0116114            0   -0.0222003
-0.000102491   -0.0111897    0.0222003            0
EndNode1[0]<--->Repeater1[0]
REAL
   0.446475    0.001464   0.0210484    0.352203
   0.001464   0.0796345 0.000100201    0.014182
  0.0210484 0.000100201   0.0600522   0.0215712
   0.352203    0.014182   0.0215712    0.413838
IMAGINARY
          0   0.0142013 -0.00187436 -0.00846335
 -0.0142013           0   0.0136047  -0.0191568
 0.00187436  -0.0136047           0  0.00547309
 0.00846335   0.0191568 -0.00547309           0
EndNode2[0]<--->HoM1[0]
REAL
   0.453349   0.0110303  -0.0129899    0.387364
  0.0110303   0.0406699  0.00590138   0.0148959
 -0.0129899  0.00590138   0.0598086 -0.00404176
   0.387364   0.0148959 -0.00404176    0.446172
IMAGINARY
          0  0.00711536  0.00989733  -0.0177648
-0.00711536           0  0.00228698 -0.00170061
-0.00989733 -0.00228698           0  -0.0153121
  0.0177648  0.00170061   0.0153121           0
Repeater1[0]<--->EndNode1[0]
REAL
   0.446475   0.0210484    0.001464    0.352203
  0.0210484   0.0600522 0.000100201   0.0215712
   0.001464 0.000100201   0.0796345    0.014182
   0.352203   0.0215712    0.014182    0.413838
IMAGINARY
          0 -0.00187436   0.0142013 -0.00846335
 0.00187436           0  -0.0136047  0.00547309
 -0.0142013   0.0136047           0  -0.0191568
 0.00846335 -0.00547309   0.0191568           0
Repeater1[0]<--->HoM1[0]
REAL
   0.453349  -0.0129899   0.0110303    0.387364
 -0.0129899   0.0598086  0.00590138 -0.00404176
  0.0110303  0.00590138   0.0406699   0.0148959
   0.387364 -0.00404176   0.0148959    0.446172
IMAGINARY
          0  0.00989733  0.00711536  -0.0177648
-0.00989733           0 -0.00228698  -0.0153121
-0.00711536  0.00228698           0 -0.00170061
  0.0177648   0.0153121  0.00170061           0
EndNode1[0]<--->Repeater1[0]
REAL
    0.4753 0.00588965 0.00470285   0.383613
0.00588965  0.0600801 0.00513207  0.0114679
0.00470285 0.00513207  0.0600801  0.0102811
  0.383613  0.0114679  0.0102811   0.404539
IMAGINARY
          0   0.0135127  0.00509005  -0.0316832
 -0.0135127           0 -0.00621407   0.0189606
-0.00509005  0.00621407           0  -0.0122469
  0.0316832  -0.0189606   0.0122469           0
EndNode2[0]<--->HoM1[0]
REAL
   0.467925  -0.0126194 -0.00673723    0.383793
 -0.0126194   0.0540881   0.0166159 -0.00349469
-0.00673723   0.0166159   0.0402516  -0.0126194
   0.383793 -0.00349469  -0.0126194    0.437736
IMAGINARY
           0  -0.00150912    0.0224257  0.000834271
  0.00150912            0    0.0129997   0.00758703
  -0.0224257   -0.0129997            0   -0.0106237
-0.000834271  -0.00758703    0.0106237            0
Repeater1[0]<--->EndNode1[0]
REAL
    0.4753 0.00470285 0.00588965   0.383613
0.00470285  0.0600801 0.00513207  0.0102811
0.00588965 0.00513207  0.0600801  0.0114679
  0.383613  0.0102811  0.0114679   0.404539
IMAGINARY
          0  0.00509005   0.0135127  -0.0316832
-0.00509005           0  0.00621407  -0.0122469
 -0.0135127 -0.00621407           0   0.0189606
  0.0316832   0.0122469  -0.0189606           0
Repeater1[0]<--->HoM1[0]
REAL
   0.467925 -0.00673723  -0.0126194    0.383793
-0.00673723   0.0402516   0.0166159  -0.0126194
 -0.0126194   0.0166159   0.0540881 -0.00349469
   0.383793  -0.0126194 -0.00349469    0.437736
IMAGINARY
           0    0.0224257  -0.00150912  0.000834271
  -0.0224257            0   -0.0129997   -0.0106237
  0.00150912    0.0129997            0   0.00758703
-0.000834271    0.0106237  -0.00758703            0
EndNode1[0]<--->Repeater1[0]
REAL
   0.482032  -0.0110801  -0.0309863    0.374833
 -0.0110801   0.0681537 -0.00481987  0.00717674
 -0.0309863 -0.00481987    0.039653 -0.00114637
   0.374833  0.00717674 -0.00114637    0.410161
IMAGINARY
          0  0.00954845 -0.00158949    0.015131
