EndNode1[0]<--->Repeater1[0]
REAL
   0.466837 -0.00138339  -0.0212399    0.285258
-0.00138339   0.0344388 -0.00941894  0.00311908
 -0.0212399 -0.00941894   0.0369898 -0.00197232
   0.285258  0.00311908 -0.00197232    0.461735
IMAGINARY
          0    -0.01592   0.0112271   0.0169631
    0.01592           0  -0.0132037  0.00841807
 -0.0112271   0.0132037           0  0.00894913
 -0.0169631 -0.00841807 -0.00894913           0
EndNode2[0]<--->HoM1[0]
REAL
       0.46  -0.0175203  -0.0135778    0.273835
 -0.0175203       0.035   0.0108215  0.00617533
 -0.0135778   0.0108215      0.0375 -0.00872464
   0.273835  0.00617533 -0.00872464      0.4675
IMAGINARY
           0   0.00646602   -0.0144419  -0.00540777
 -0.00646602            0    0.0193318   -0.0156951
   0.0144419   -0.0193318            0  0.000383295
  0.00540777    0.0156951 -0.000383295            0
Repeater1[0]<--->EndNode1[0]
REAL
   0.466837  -0.0212399 -0.00138339    0.285258
 -0.0212399   0.0369898 -0.00941894 -0.00197232
-0.00138339 -0.00941894   0.0344388  0.00311908
   0.285258 -0.00197232  0.00311908    0.461735
IMAGINARY
          0   0.0112271    -0.01592   0.0169631
 -0.0112271           0   0.0132037  0.00894913
    0.01592  -0.0132037           0  0.00841807
 -0.0169631 -0.00894913 -0.00841807           0
Repeater1[0]<--->HoM1[0]
REAL
       0.46  -0.0135778  -0.0175203    0.273835
 -0.0135778      0.0375   0.0108215 -0.00872464
 -0.0175203   0.0108215       0.035  0.00617533
   0.273835 -0.00872464  0.00617533      0.4675
IMAGINARY
           0   -0.0144419   0.00646602  -0.00540777
   0.0144419            0   -0.0193318  0.000383295
 -0.00646602    0.0193318            0   -0.0156951
  0.00540777 -0.000383295    0.0156951            0
EndNode1[0]<--->Repeater1[0]
REAL
    0.443871   0.00889936     0.025725     0.279032
  0.00889936    0.0425806 -0.000124542    0.0346308
    0.025725 -0.000124542     0.043871    0.0107957
    0.279032    0.0346308    0.0107957     0.469677
IMAGINARY
          0 -0.00542261  0.00997021  -0.0209117
 0.00542261           0  -0.0139408  0.00739952
-0.00997021   0.0139408           0 -0.00946573
  0.0209117 -0.00739952  0.00946573           0
EndNode2[0]<--->HoM1[0]
REAL
   0.456522 -0.00838259   0.0179056    0.296233
-0.00838259    0.048913  -0.0061386  -0.0108301
  0.0179056  -0.0061386   0.0421196  0.00366561
   0.296233  -0.0108301  0.00366561    0.452446
IMAGINARY
          0   -0.019812   0.0104473 -0.00862809
   0.019812           0  -0.0145259   0.0205145
 -0.0104473   0.0145259           0  -0.0164199
 0.00862809  -0.0205145   0.0164199           0
Repeater1[0]<--->EndNode1[0]
REAL
    0.443871     0.025725   0.00889936     0.279032
    0.025725     0.043871 -0.000124542    0.0107957
  0.00889936 -0.000124542    0.0425806    0.0346308
    0.279032    0.0107957    0.0346308     0.469677
IMAGINARY
          0  0.00997021 -0.00542261  -0.0209117
-0.00997021           0   0.0139408 -0.00946573
 0.00542261  -0.0139408           0  0.00739952
  0.0209117  0.00946573 -0.00739952           0
Repeater1[0]<--->HoM1[0]
REAL
   0.456522   0.0179056 -0.00838259    0.296233
  0.0179056   0.0421196  -0.0061386  0.00366561
-0.00838259  -0.0061386    0.048913  -0.0108301
   0.296233  0.00366561  -0.0108301    0.452446
IMAGINARY
          0   0.0104473   -0.019812 -0.00862809
 -0.0104473           0   0.0145259  -0.0164199
   0.019812  -0.0145259           0   0.0205145
 0.00862809   0.0164199  -0.0205145           0
EndNode1[0]<--->Repeater1[0]
REAL
    0.46466 -0.00782731   0.0061828    0.287629
-0.00782731   0.0431937   0.0131187  0.00938382
  0.0061828   0.0131187   0.0405759 -0.00649398
   0.287629  0.00938382 -0.00649398    0.451571
IMAGINARY
          0  0.00526203  -0.0178827   -0.002743
-0.00526203           0 -0.00983978  -0.0127545
  0.0178827  0.00983978           0   0.0155713
   0.002743   0.0127545  -0.0155713           0
EndNode2[0]<--->HoM1[0]
REAL
    0.497403  -0.00184332   -0.0018932     0.289324
 -0.00184332    0.0363636   0.00315208    0.0031068
  -0.0018932   0.00315208    0.0298701 -0.000583869
    0.289324    0.0031068 -0.000583869     0.436364
IMAGINARY
          0  0.00756425 -0.00152975  -0.0055126
-0.00756425           0  0.00418985 -0.00679291
 0.00152975 -0.00418985           0   -0.000522
  0.0055126  0.00679291    0.000522           0
Repeater1[0]<--->EndNode1[0]
REAL
    0.46466   0.0061828 -0.00782731    0.287629
  0.0061828   0.0405759   0.0131187 -0.00649398
-0.00782731   0.0131187   0.0431937  0.00938382
   0.287629 -0.00649398  0.00938382    0.451571
IMAGINARY
          0  -0.0178827  0.00526203   -0.002743
  0.0178827           0  0.00983978   0.0155713
-0.00526203 -0.00983978           0  -0.0127545
   0.002743  -0.0155713   0.0127545           0
Repeater1[0]<--->HoM1[0]
REAL
    0.497403   -0.0018932  -0.00184332     0.289324
  -0.0018932    0.0298701   0.00315208 -0.000583869
 -0.00184332   0.00315208    0.0363636    0.0031068
    0.289324 -0.000583869    0.0031068     0.436364
IMAGINARY
          0 -0.00152975  0.00756425  -0.0055126
 0.00152975           0 -0.00418985   -0.000522
-0.00756425  0.00418985           0 -0.00679291
  0.0055126    0.000522  0.00679291           0
EndNode1[0]<--->Repeater1[0]
REAL
   0.452545  -0.0119596   0.0298933    0.263675
 -0.0119596   0.0371389 -0.00786081  -0.0208493
  0.0298933 -0.00786081   0.0385144  -0.0164641
   0.263675  -0.0208493  -0.0164641    0.471802
IMAGINARY
          0   0.0102147  -0.0187707   0.0110363
 -0.0102147           0 -0.00859724  -0.0155614
  0.0187707  0.00859724           0   0.0128814
 -0.0110363   0.0155614  -0.0128814           0
EndNode2[0]<--->HoM1[0]
REAL
  0.485679  0.0250556  0.0131432   0.281818
 0.0250556  0.0273973 0.00361267  -0.012481
 0.0131432 0.00361267  0.0273973 -0.0164464
  0.281818  -0.012481 -0.0164464   0.459527
IMAGINARY
          0  0.00742069   0.0122075 -0.00774097
-0.00742069           0   0.0152976  -0.0096434
 -0.0122075  -0.0152976           0  0.00155367
 0.00774097   0.0096434 -0.00155367           0
Repeater1[0]<--->EndNode1[0]
REAL
   0.452545   0.0298933  -0.0119596    0.263675
  0.0298933   0.0385144 -0.00786081  -0.0164641
 -0.0119596 -0.00786081   0.0371389  -0.0208493
   0.263675  -0.0164641  -0.0208493    0.471802
IMAGINARY
          0  -0.0187707   0.0102147   0.0110363
  0.0187707           0  0.00859724   0.0128814
 -0.0102147 -0.00859724           0  -0.0155614
 -0.0110363  -0.0128814   0.0155614           0
Repeater1[0]<--->HoM1[0]
REAL
  0.485679  0.0131432  0.0250556   0.281818
 0.0131432  0.0273973 0.00361267 -0.0164464
 0.0250556 0.00361267  0.0273973  -0.012481
  0.281818 -0.0164464  -0.012481   0.459527
IMAGINARY
          0   0.0122075  0.00742069 -0.00774097
 -0.0122075           0  -0.0152976  0.00155367
-0.00742069   0.0152976           0  -0.0096434
 0.00774097 -0.00155367   0.0096434           0
EndNode1[0]<--->Repeater1[0]
REAL
   0.438961  -0.0214048  -0.0187235    0.276105
 -0.0214048    0.038961 0.000544324  -0.0104643
 -0.0187235 0.000544324   0.0324675  -0.0103211
   0.276105  -0.0104643  -0.0103211     0.48961
IMAGINARY
          0   0.0160548 -0.00863924   0.0182881
 -0.0160548           0  0.00144873 -0.00258271
 0.00863924 -0.00144873           0 -0.00483289
 -0.0182881  0.00258271  0.00483289           0
EndNode2[0]<--->HoM1[0]
REAL
    0.44819 -0.00425508 -0.00288969    0.286296
-0.00425508   0.0287141  0.00715489  -0.0109642
-0.00288969  0.00715489   0.0387016 -0.00707994
   0.286296  -0.0109642 -0.00707994    0.484395
IMAGINARY
          0  -0.0149685 -0.00272047   0.0108709
  0.0149685           0  0.00663878   -0.010163
 0.00272047 -0.00663878           0  -0.0163198
 -0.0108709    0.010163   0.0163198           0
Repeater1[0]<--->EndNode1[0]
REAL
   0.438961  -0.0187235  -0.0214048    0.276105
 -0.0187235   0.0324675 0.000544324  -0.0103211
 -0.0214048 0.000544324    0.038961  -0.0104643
   0.276105  -0.0103211  -0.0104643     0.48961
IMAGINARY
          0 -0.00863924   0.0160548   0.0182881
 0.00863924           0 -0.00144873 -0.00483289
 -0.0160548  0.00144873           0 -0.00258271
 -0.0182881  0.00483289  0.00258271           0
Repeater1[0]<--->HoM1[0]
REAL
    0.44819 -0.00288969 -0.00425508    0.286296
-0.00288969   0.0387016  0.00715489 -0.00707994
-0.00425508  0.00715489   0.0287141  -0.0109642
   0.286296 -0.00707994  -0.0109642    0.484395
IMAGINARY
          0 -0.00272047  -0.0149685   0.0108709
 0.00272047           0 -0.00663878  -0.0163198
  0.0149685  0.00663878           0   -0.010163
 -0.0108709   0.0163198    0.010163           0
EndNode1[0]<--->Repeater1[0]
REAL
   0.470799 -0.00584844 -0.00170669    0.286592
-0.00584844    0.034565 -0.00729062 -0.00826837
-0.00170669 -0.00729062   0.0417163  -0.0128548
   0.286592 -0.00826837  -0.0128548     0.45292
IMAGINARY
          0  0.00199468 -0.00497386  0.00255913
-0.00199468           0   0.0211251  -0.0242815
 0.00497386  -0.0211251           0  0.00199468
-0.00255913   0.0242815 -0.00199468           0
EndNode2[0]<--->HoM1[0]
REAL
   0.473464    0.017132 0.000559501    0.287717
   0.017132    0.023743 0.000353881 -0.00436661
0.000559501 0.000353881    0.027933  -0.0069797
   0.287717 -0.00436661  -0.0069797     0.47486
IMAGINARY
          0  0.00377737  -0.0084082 -0.00862793
-0.00377737           0 -0.00181594  -0.0128555
  0.0084082  0.00181594           0    0.011411
 0.00862793   0.0128555   -0.011411           0
Repeater1[0]<--->EndNode1[0]
REAL
   0.470799 -0.00170669 -0.00584844    0.286592
-0.00170669   0.0417163 -0.00729062  -0.0128548
-0.00584844 -0.00729062    0.034565 -0.00826837
   0.286592  -0.0128548 -0.00826837     0.45292
IMAGINARY
          0 -0.00497386  0.00199468  0.00255913
 0.00497386           0  -0.0211251  0.00199468
-0.00199468   0.0211251           0  -0.0242815
-0.00255913 -0.00199468   0.0242815           0
Repeater1[0]<--->HoM1[0]
REAL
   0.473464 0.000559501    0.017132    0.287717
0.000559501    0.027933 0.000353881  -0.0069797
   0.017132 0.000353881    0.023743 -0.00436661
   0.287717  -0.0069797 -0.00436661     0.47486
IMAGINARY
          0  -0.0084082  0.00377737 -0.00862793
  0.0084082           0  0.00181594    0.011411
-0.00377737 -0.00181594           0  -0.0128555
 0.00862793   -0.011411   0.0128555           0
EndNode1[0]<--->Repeater1[0]
REAL
   0.45191  0.0069751 0.00320135   0.297667
 0.0069751   0.030303  0.0145983 -0.0263553
0.00320135  0.0145983  0.0368906 -0.0126071
  0.297667 -0.0263553 -0.0126071   0.480896
IMAGINARY
          0  -0.0134804   0.0122315 -0.00630904
  0.0134804           0  -0.0219929   0.0142235
 -0.0122315   0.0219929           0   0.0134804
 0.00630904  -0.0142235  -0.0134804           0
EndNode2[0]<--->HoM1[0]
REAL
   0.455154  0.00344047 -0.00806172    0.291184
 0.00344047   0.0468541 -0.00828878    0.018588
-0.00806172 -0.00828878   0.0254351 -0.00475626
   0.291184    0.018588 -0.00475626    0.472557
IMAGINARY
          0  -0.0134718   0.0108572   0.0192335
  0.0134718           0  -0.0185816  0.00893169
 -0.0108572   0.0185816           0 -0.00895566
 -0.0192335 -0.00893169  0.00895566           0
Repeater1[0]<--->EndNode1[0]
REAL
   0.45191 0.00320135  0.0069751   0.297667
0.00320135  0.0368906  0.0145983 -0.0126071
 0.0069751  0.0145983   0.030303 -0.0263553
  0.297667 -0.0126071 -0.0263553   0.480896
IMAGINARY
          0   0.0122315  -0.0134804 -0.00630904
 -0.0122315           0   0.0219929   0.0134804
  0.0134804  -0.0219929           0   0.0142235
 0.00630904  -0.0134804  -0.0142235           0
Repeater1[0]<--->HoM1[0]
REAL
   0.455154 -0.00806172  0.00344047    0.291184
-0.00806172   0.0254351 -0.00828878 -0.00475626
 0.00344047 -0.00828878   0.0468541    0.018588
   0.291184 -0.00475626    0.018588    0.472557
IMAGINARY
          0   0.0108572  -0.0134718   0.0192335
 -0.0108572           0   0.0185816 -0.00895566
  0.0134718  -0.0185816           0  0.00893169
 -0.0192335  0.00895566 -0.00893169           0
EndNode1[0]<--->Repeater1[0]
REAL
    0.47947  -0.0149491    0.010494     0.28495
 -0.0149491   0.0410596  -0.0123473 -0.00775422
   0.010494  -0.0123473   0.0463576  0.00399024
    0.28495 -0.00775422  0.00399024    0.433113
IMAGINARY
           0   0.00662902   -0.0197508      0.01157
 -0.00662902            0  0.000148715  -0.00113375
   0.0197508 -0.000148715            0  -0.00171501
    -0.01157   0.00113375   0.00171501            0
EndNode2[0]<--->HoM1[0]
REAL
    0.46133 -0.00136138   0.0156124    0.272663
-0.00136138   0.0420624   0.0106304  -0.0289296
  0.0156124   0.0106304   0.0379919   0.0086253
   0.272663  -0.0289296   0.0086253    0.458616
IMAGINARY
          0   0.0121814 -0.00773046   -0.013118
 -0.0121814           0  -0.0105138   0.0104043
 0.00773046   0.0105138           0   0.0065352
   0.013118  -0.0104043  -0.0065352           0
Repeater1[0]<--->EndNode1[0]
REAL
    0.47947    0.010494  -0.0149491     0.28495
   0.010494   0.0463576  -0.0123473  0.00399024
 -0.0149491  -0.0123473   0.0410596 -0.00775422
    0.28495  0.00399024 -0.00775422    0.433113
IMAGINARY
           0   -0.0197508   0.00662902      0.01157
   0.0197508            0 -0.000148715  -0.00171501
 -0.00662902  0.000148715            0  -0.00113375
    -0.01157   0.00171501   0.00113375            0
Repeater1[0]<--->HoM1[0]
REAL
    0.46133   0.0156124 -0.00136138    0.272663
  0.0156124   0.0379919   0.0106304   0.0086253
-0.00136138   0.0106304   0.0420624  -0.0289296
   0.272663   0.0086253  -0.0289296    0.458616
IMAGINARY
          0 -0.00773046   0.0121814   -0.013118
 0.00773046           0   0.0105138   0.0065352
 -0.0121814  -0.0105138           0   0.0104043
   0.013118  -0.0065352  -0.0104043           0
EndNode1[0]<--->Repeater1[0]
REAL
   0.432642  0.00648117  -0.0101104    0.284909
 0.00648117   0.0401554   0.0146047 -0.00264776
 -0.0101104   0.0146047   0.0518135 -0.00830377
   0.284909 -0.00264776 -0.00830377    0.475389
IMAGINARY
           0   0.00488078  -0.00258764  -0.00348709
 -0.00488078            0    0.0110248   0.00131861
  0.00258764   -0.0110248            0  0.000195367
  0.00348709  -0.00131861 -0.000195367            0
EndNode2[0]<--->HoM1[0]
REAL
  0.464474  0.0267073 0.00690543   0.290017
 0.0267073  0.0315789 0.00842222  0.0132506
0.00690543 0.00842222  0.0355263 0.00775304
  0.290017  0.0132506 0.00775304   0.468421
IMAGINARY
          0  -0.0136442 -0.00576415 -0.00703688
  0.0136442           0   0.0233767   0.0125126
 0.00576415  -0.0233767           0  -0.0176442
 0.00703688  -0.0125126   0.0176442           0
Repeater1[0]<--->EndNode1[0]
REAL
   0.432642  -0.0101104  0.00648117    0.284909
 -0.0101104   0.0518135   0.0146047 -0.00830377
 0.00648117   0.0146047   0.0401554 -0.00264776
   0.284909 -0.00830377 -0.00264776    0.475389
IMAGINARY
           0  -0.00258764   0.00488078  -0.00348709
  0.00258764            0   -0.0110248  0.000195367
 -0.00488078    0.0110248            0   0.00131861
  0.00348709 -0.000195367  -0.00131861            0
Repeater1[0]<--->HoM1[0]
REAL
  0.464474 0.00690543  0.0267073   0.290017
0.00690543  0.0355263 0.00842222 0.00775304
 0.0267073 0.00842222  0.0315789  0.0132506
  0.290017 0.00775304  0.0132506   0.468421
IMAGINARY
          0 -0.00576415  -0.0136442 -0.00703688
 0.00576415           0  -0.0233767  -0.0176442
  0.0136442   0.0233767           0   0.0125126
 0.00703688   0.0176442  -0.0125126           0
EndNode1[0]<--->Repeater1[0]
REAL
   0.486111 0.000298413  0.00377438    0.275145
0.000298413   0.0291667   0.0218289 -0.00314386
 0.00377438   0.0218289   0.0402778  0.00411521
   0.275145 -0.00314386  0.00411521    0.444444
IMAGINARY
          0 -0.00833487 -0.00941808 -0.00466147
 0.00833487           0    0.011296   0.0226807
 0.00941808   -0.011296           0  -0.0181903
 0.00466147  -0.0226807   0.0181903           0
EndNode2[0]<--->HoM1[0]
REAL
   0.461745  -0.0123499    0.001612    0.277381
 -0.0123499   0.0402685 -0.00785433  -0.0163367
   0.001612 -0.00785433   0.0322148 -0.00237482
   0.277381  -0.0163367 -0.00237482    0.465772
IMAGINARY
           0  -0.00155364   0.00397143   0.00396825
  0.00155364            0   0.00396825 -0.000615726
 -0.00397143  -0.00396825            0    0.0116208
 -0.00396825  0.000615726   -0.0116208            0
Repeater1[0]<--->EndNode1[0]
REAL
   0.486111  0.00377438 0.000298413    0.275145
 0.00377438   0.0402778   0.0218289  0.00411521
0.000298413   0.0218289   0.0291667 -0.00314386
   0.275145  0.00411521 -0.00314386    0.444444
IMAGINARY
          0 -0.00941808 -0.00833487 -0.00466147
 0.00941808           0   -0.011296  -0.0181903
 0.00833487    0.011296           0   0.0226807
 0.00466147   0.0181903  -0.0226807           0
Repeater1[0]<--->HoM1[0]
REAL
   0.461745    0.001612  -0.0123499    0.277381
   0.001612   0.0322148 -0.00785433 -0.00237482
 -0.0123499 -0.00785433   0.0402685  -0.0163367
   0.277381 -0.00237482  -0.0163367    0.465772
IMAGINARY
           0   0.00397143  -0.00155364   0.00396825
 -0.00397143            0  -0.00396825    0.0116208
  0.00155364   0.00396825            0 -0.000615726
 -0.00396825   -0.0116208  0.000615726            0
EndNode1[0]<--->Repeater1[0]
REAL
   0.444166  0.00992983  0.00554899    0.284332
 0.00992983     0.04266  0.00011523 -0.00623112
 0.00554899  0.00011523   0.0276035 0.000302098
   0.284332 -0.00623112 0.000302098    0.485571
IMAGINARY
           0  -0.00705224  -0.00780458   -0.0112555
  0.00705224            0  0.000972742  -0.00144326
  0.00780458 -0.000972742            0   0.00520267
   0.0112555   0.00144326  -0.00520267            0
EndNode2[0]<--->HoM1[0]
REAL
    0.444159  -0.00997524   -0.0113246      0.28747
 -0.00997524    0.0397946  -0.00880331   -0.0100088
  -0.0113246  -0.00880331    0.0449294 -0.000691424
     0.28747   -0.0100088 -0.000691424     0.471117
IMAGINARY
          0   0.0165301 -0.00342101  0.00748528
 -0.0165301           0  0.00687178  0.00155765
 0.00342101 -0.00687178           0  0.00272457
-0.00748528 -0.00155765 -0.00272457           0
Repeater1[0]<--->EndNode1[0]
REAL
   0.444166  0.00554899  0.00992983    0.284332
 0.00554899   0.0276035  0.00011523 0.000302098
 0.00992983  0.00011523     0.04266 -0.00623112
   0.284332 0.000302098 -0.00623112    0.485571
IMAGINARY
           0  -0.00780458  -0.00705224   -0.0112555
  0.00780458            0 -0.000972742   0.00520267
  0.00705224  0.000972742            0  -0.00144326
   0.0112555  -0.00520267   0.00144326            0
Repeater1[0]<--->HoM1[0]
REAL
    0.444159   -0.0113246  -0.00997524      0.28747
  -0.0113246    0.0449294  -0.00880331 -0.000691424
 -0.00997524  -0.00880331    0.0397946   -0.0100088
     0.28747 -0.000691424   -0.0100088     0.471117
IMAGINARY
          0 -0.00342101   0.0165301  0.00748528
 0.00342101           0 -0.00687178  0.00272457
 -0.0165301  0.00687178           0  0.00155765
-0.00748528 -0.00272457 -0.00155765           0
EndNode1[0]<--->Repeater1[0]
REAL
   0.456494 -0.00204844  -0.0162207    0.270465
-0.00204844   0.0390921   0.0159429  0.00529833
 -0.0162207   0.0159429   0.0416141 -0.00401953
   0.270465  0.00529833 -0.00401953    0.462799
IMAGINARY
          0   0.0154724 -0.00968992  -0.0103832
 -0.0154724           0  0.00524181 -0.00193798
 0.00968992 -0.00524181           0   0.0168274
  0.0103832  0.00193798  -0.0168274           0
EndNode2[0]<--->HoM1[0]
REAL
    0.49005 -0.00416272   0.0143468    0.280031
-0.00416272   0.0348259  -0.0140483  0.00796925
  0.0143468  -0.0140483   0.0348259  0.00476585
   0.280031  0.00796925  0.00476585    0.440299
IMAGINARY
          0  0.00868726  -0.0156966 -0.00292561
-0.00868726           0 -0.00557112 -0.00167791
  0.0156966  0.00557112           0  0.00868726
 0.00292561  0.00167791 -0.00868726           0
Repeater1[0]<--->EndNode1[0]
REAL
   0.456494  -0.0162207 -0.00204844    0.270465
 -0.0162207   0.0416141   0.0159429 -0.00401953
-0.00204844   0.0159429   0.0390921  0.00529833
   0.270465 -0.00401953  0.00529833    0.462799
IMAGINARY
          0 -0.00968992   0.0154724  -0.0103832
 0.00968992           0 -0.00524181   0.0168274
 -0.0154724  0.00524181           0 -0.00193798
  0.0103832  -0.0168274  0.00193798           0
Repeater1[0]<--->HoM1[0]
REAL
    0.49005   0.0143468 -0.00416272    0.280031
  0.0143468   0.0348259  -0.0140483  0.00476585
-0.00416272  -0.0140483   0.0348259  0.00796925
   0.280031  0.00476585  0.00796925    0.440299
IMAGINARY
          0  -0.0156966  0.00868726 -0.00292561
  0.0156966           0  0.00557112  0.00868726
-0.00868726 -0.00557112           0 -0.00167791
 0.00292561 -0.00868726  0.00167791           0
EndNode1[0]<--->Repeater1[0]
REAL
   0.467852 -0.00809187  -0.0018552    0.280007
-0.00809187   0.0341997   0.0272525 -0.00627997
 -0.0018552   0.0272525   0.0355677  0.00496296
   0.280007 -0.00627997  0.00496296     0.46238
IMAGINARY
          0  0.00824583 -0.00739369  0.00556555
-0.00824583           0  -0.0210167 -0.00545821
 0.00739369   0.0210167           0  -0.0125298
-0.00556555  0.00545821   0.0125298           0
EndNode2[0]<--->HoM1[0]
REAL
    0.467762   -0.0152439 -0.000136907     0.290875
  -0.0152439    0.0290771   0.00160264    0.0072705
-0.000136907   0.00160264    0.0404551   0.00421922
    0.290875    0.0072705   0.00421922     0.462705
IMAGINARY
          0  -0.0142949 -0.00645947   -0.009667
  0.0142949           0   0.0136353   0.0224237
 0.00645947  -0.0136353           0  -0.0106094
   0.009667  -0.0224237   0.0106094           0
Repeater1[0]<--->EndNode1[0]
REAL
   0.467852  -0.0018552 -0.00809187    0.280007
 -0.0018552   0.0355677   0.0272525  0.00496296
-0.00809187   0.0272525   0.0341997 -0.00627997
   0.280007  0.00496296 -0.00627997     0.46238
IMAGINARY
          0 -0.00739369  0.00824583  0.00556555
 0.00739369           0   0.0210167  -0.0125298
-0.00824583  -0.0210167           0 -0.00545821
-0.00556555   0.0125298  0.00545821           0
Repeater1[0]<--->HoM1[0]
REAL
    0.467762 -0.000136907   -0.0152439     0.290875
-0.000136907    0.0404551   0.00160264   0.00421922
  -0.0152439   0.00160264    0.0290771    0.0072705
    0.290875   0.00421922    0.0072705     0.462705
IMAGINARY
          0 -0.00645947  -0.0142949   -0.009667
 0.00645947           0  -0.0136353  -0.0106094
  0.0142949   0.0136353           0   0.0224237
   0.009667   0.0106094  -0.0224237           0
EndNode1[0]<--->Repeater1[0]
REAL
   0.483709 -0.00813496 -0.00099691    0.284394
-0.00813496   0.0438596  -0.0158636 -0.00355446
-0.00099691  -0.0158636   0.0438596 -0.00942031
   0.284394 -0.00355446 -0.00942031    0.428571
IMAGINARY
           0  0.000887109   -0.0179446  -0.00648912
-0.000887109            0   0.00179113   -0.0116946
   0.0179446  -0.00179113            0    0.0145768
  0.00648912    0.0116946   -0.0145768            0
EndNode2[0]<--->HoM1[0]
REAL
   0.461447  0.00615956  0.00174735    0.280886
 0.00615956   0.0379597  0.00571404 -0.00422874
 0.00174735  0.00571404   0.0284698 -0.00864095
   0.280886 -0.00422874 -0.00864095    0.472123
IMAGINARY
          0  0.00243297 -3.1225e-17  -0.0180954
-0.00243297           0 -0.00348292 -0.00896552
 3.1225e-17  0.00348292           0   0.0134291
  0.0180954  0.00896552  -0.0134291           0
Repeater1[0]<--->EndNode1[0]
REAL
   0.483709 -0.00099691 -0.00813496    0.284394
-0.00099691   0.0438596  -0.0158636 -0.00942031
-0.00813496  -0.0158636   0.0438596 -0.00355446
   0.284394 -0.00942031 -0.00355446    0.428571
IMAGINARY
           0   -0.0179446  0.000887109  -0.00648912
   0.0179446            0  -0.00179113    0.0145768
-0.000887109   0.00179113            0   -0.0116946
  0.00648912   -0.0145768    0.0116946            0
Repeater1[0]<--->HoM1[0]
REAL
   0.461447  0.00174735  0.00615956    0.280886
 0.00174735   0.0284698  0.00571404 -0.00864095
 0.00615956  0.00571404   0.0379597 -0.00422874
   0.280886 -0.00864095 -0.00422874    0.472123
IMAGINARY
           0 -1.73472e-17   0.00243297   -0.0180954
 1.73472e-17            0   0.00348292    0.0134291
 -0.00243297  -0.00348292            0  -0.00896552
   0.0180954   -0.0134291   0.00896552            0
EndNode1[0]<--->Repeater1[0]
REAL
   0.472919 -0.00205429  0.00737101    0.288303
-0.00205429   0.0449141  0.00530843  0.00737101
 0.00737101  0.00530843   0.0317041   0.0094253
   0.288303  0.00737101   0.0094253    0.450462
IMAGINARY
           0  -0.00427699  2.60315e-05  0.000986582
  0.00427699            0  -0.00801085  -0.00510217
-2.60315e-05   0.00801085            0   -0.0096824
-0.000986582   0.00510217    0.0096824            0
EndNode2[0]<--->HoM1[0]
REAL
   0.451005  0.00643037   0.0342022    0.293302
 0.00643037   0.0414573 -0.00591038  0.00967909
  0.0342022 -0.00591038   0.0351759   0.0102569
   0.293302  0.00967909   0.0102569    0.472362
IMAGINARY
          0      0.0108  -0.0178483  0.00761337
    -0.0108           0  0.00517435  0.00210024
  0.0178483 -0.00517435           0 -0.00686302
-0.00761337 -0.00210024  0.00686302           0
Repeater1[0]<--->EndNode1[0]
REAL
   0.472919  0.00737101 -0.00205429    0.288303
 0.00737101   0.0317041  0.00530843   0.0094253
-0.00205429  0.00530843   0.0449141  0.00737101
   0.288303   0.0094253  0.00737101    0.450462
IMAGINARY
           0  2.60315e-05  -0.00427699  0.000986582
-2.60315e-05            0   0.00801085   -0.0096824
  0.00427699  -0.00801085            0  -0.00510217
-0.000986582    0.0096824   0.00510217            0
Repeater1[0]<--->HoM1[0]
REAL
   0.451005   0.0342022  0.00643037    0.293302
  0.0342022   0.0351759 -0.00591038   0.0102569
 0.00643037 -0.00591038   0.0414573  0.00967909
   0.293302   0.0102569  0.00967909    0.472362
IMAGINARY
          0  -0.0178483      0.0108  0.00761337
  0.0178483           0 -0.00517435 -0.00686302
    -0.0108  0.00517435           0  0.00210024
-0.00761337  0.00686302 -0.00210024           0
EndNode1[0]<--->Repeater1[0]
REAL
    0.47319  -0.0157006 -0.00363176    0.289079
 -0.0157006   0.0335121  -0.0076382  0.00424226
-0.00363176  -0.0076382   0.0294906   0.0102061
   0.289079  0.00424226   0.0102061    0.463807
IMAGINARY
           0   0.00156518  -0.00410474   0.00817845
 -0.00156518            0  0.000795904  -0.00347102
  0.00410474 -0.000795904            0  -0.00535306
 -0.00817845   0.00347102   0.00535306            0
EndNode2[0]<--->HoM1[0]
REAL
   0.466581  0.00777374 -0.00412975    0.289935
 0.00777374   0.0347044 -0.00923361  0.00287662
-0.00412975 -0.00923361   0.0385604    0.027314
   0.289935  0.00287662    0.027314    0.460154
IMAGINARY
          0  -0.0155038   0.0162082  -0.0159123
  0.0155038           0  -0.0075252   0.0142627
 -0.0162082   0.0075252           0 -0.00527185
  0.0159123  -0.0142627  0.00527185           0
Repeater1[0]<--->EndNode1[0]
REAL
    0.47319 -0.00363176  -0.0157006    0.289079
-0.00363176   0.0294906  -0.0076382   0.0102061
 -0.0157006  -0.0076382   0.0335121  0.00424226
   0.289079   0.0102061  0.00424226    0.463807
IMAGINARY
           0  -0.00410474   0.00156518   0.00817845
  0.00410474            0 -0.000795904  -0.00535306
 -0.00156518  0.000795904            0  -0.00347102
 -0.00817845   0.00535306   0.00347102            0
Repeater1[0]<--->HoM1[0]
REAL
   0.466581 -0.00412975  0.00777374    0.289935
-0.00412975   0.0385604 -0.00923361    0.027314
 0.00777374 -0.00923361   0.0347044  0.00287662
   0.289935    0.027314  0.00287662    0.460154
IMAGINARY
          0   0.0162082  -0.0155038  -0.0159123
 -0.0162082           0   0.0075252 -0.00527185
  0.0155038  -0.0075252           0   0.0142627
  0.0159123  0.00527185  -0.0142627           0
EndNode1[0]<--->Repeater1[0]
REAL
   0.456576  0.00459553 -0.00534167    0.278283
 0.00459553   0.0384615   0.0199286   0.0174745
-0.00534167   0.0199286   0.0471464 -0.00523409
   0.278283   0.0174745 -0.00523409    0.457816
IMAGINARY
          0 -0.00635063 -0.00426711  0.00915793
 0.00635063           0  0.00657395   0.0184059
 0.00426711 -0.00657395           0  -0.0129296
-0.00915793  -0.0184059   0.0129296           0
EndNode2[0]<--->HoM1[0]
REAL
   0.474801   0.0171551  -0.0266865    0.295401
  0.0171551    0.035809  -0.0229012  -0.0108135
 -0.0266865  -0.0229012   0.0397878 -0.00715506
   0.295401  -0.0108135 -0.00715506    0.449602
IMAGINARY
          0   0.0031806   0.0165782   0.0196479
 -0.0031806           0  -0.0057758  0.00066313
 -0.0165782   0.0057758           0  -0.0137907
 -0.0196479 -0.00066313   0.0137907           0
Repeater1[0]<--->EndNode1[0]
REAL
   0.456576 -0.00534167  0.00459553    0.278283
-0.00534167   0.0471464   0.0199286 -0.00523409
 0.00459553   0.0199286   0.0384615   0.0174745
   0.278283 -0.00523409   0.0174745    0.457816
IMAGINARY
          0 -0.00426711 -0.00635063  0.00915793
 0.00426711           0 -0.00657395  -0.0129296
 0.00635063  0.00657395           0   0.0184059
-0.00915793   0.0129296  -0.0184059           0
Repeater1[0]<--->HoM1[0]
REAL
   0.474801  -0.0266865   0.0171551    0.295401
 -0.0266865   0.0397878  -0.0229012 -0.00715506
  0.0171551  -0.0229012    0.035809  -0.0108135
   0.295401 -0.00715506  -0.0108135    0.449602
IMAGINARY
          0   0.0165782   0.0031806   0.0196479
 -0.0165782           0   0.0057758  -0.0137907
 -0.0031806  -0.0057758           0  0.00066313
 -0.0196479   0.0137907 -0.00066313           0
EndNode1[0]<--->Repeater1[0]
REAL
 0.456774 0.0171695 0.0237736  0.280005
0.0171695 0.0322581 0.0127413 0.0189725
0.0237736 0.0127413 0.0335484 0.0152139
 0.280005 0.0189725 0.0152139  0.477419
IMAGINARY
          0  -0.0175651 -0.00176588    0.029719
  0.0175651           0  -0.0110218  0.00432343
 0.00176588   0.0110218           0   -0.015683
  -0.029719 -0.00432343    0.015683           0
EndNode2[0]<--->HoM1[0]
REAL
   0.456821   0.0182017   0.0227402    0.290112
  0.0182017   0.0413016   -0.007722  -0.0158219
  0.0227402   -0.007722   0.0500626 -0.00499416
   0.290112  -0.0158219 -0.00499416    0.451815
IMAGINARY
          0  0.00797618  0.00443999  -0.0165608
-0.00797618           0  0.00996445   0.0154156
-0.00443999 -0.00996445           0  -0.0133913
  0.0165608  -0.0154156   0.0133913           0
Repeater1[0]<--->EndNode1[0]
REAL
 0.456774 0.0237736 0.0171695  0.280005
0.0237736 0.0335484 0.0127413 0.0152139
0.0171695 0.0127413 0.0322581 0.0189725
 0.280005 0.0152139 0.0189725  0.477419
IMAGINARY
          0 -0.00176588  -0.0175651    0.029719
 0.00176588           0   0.0110218   -0.015683
  0.0175651  -0.0110218           0  0.00432343
  -0.029719    0.015683 -0.00432343           0
Repeater1[0]<--->HoM1[0]
REAL
   0.456821   0.0227402   0.0182017    0.290112
  0.0227402   0.0500626   -0.007722 -0.00499416
  0.0182017   -0.007722   0.0413016  -0.0158219
   0.290112 -0.00499416  -0.0158219    0.451815
IMAGINARY
          0  0.00443999  0.00797618  -0.0165608
-0.00443999           0 -0.00996445  -0.0133913
-0.00797618  0.00996445           0   0.0154156
  0.0165608   0.0133913  -0.0154156           0
EndNode1[0]<--->Repeater1[0]
REAL
   0.429319  -0.0163357 -0.00656942    0.292334
 -0.0163357   0.0274869  -0.0112838  0.00977045
-0.00656942  -0.0112838   0.0248691  -0.0175952
   0.292334  0.00977045  -0.0175952    0.518325
IMAGINARY
           0    -0.015372  -0.00545479    0.0227413
    0.015372            0  0.000276602    0.0132067
  0.00545479 -0.000276602            0   0.00503612
  -0.0227413   -0.0132067  -0.00503612            0
EndNode2[0]<--->HoM1[0]
REAL
    0.459603 -0.000667496  -0.00826318      0.26642
-0.000667496    0.0304636   -0.0112181  -0.00214073
 -0.00826318   -0.0112181    0.0357616  -0.00973642
     0.26642  -0.00214073  -0.00973642     0.474172
IMAGINARY
          0  0.00577314 -0.00235894 -0.00078826
-0.00577314           0 -0.00647726 -0.00643503
 0.00235894  0.00647726           0  -0.0133108
 0.00078826  0.00643503   0.0133108           0
Repeater1[0]<--->EndNode1[0]
REAL
   0.429319 -0.00656942  -0.0163357    0.292334
-0.00656942   0.0248691  -0.0112838  -0.0175952
 -0.0163357  -0.0112838   0.0274869  0.00977045
   0.292334  -0.0175952  0.00977045    0.518325
IMAGINARY
           0  -0.00545479    -0.015372    0.0227413
  0.00545479            0 -0.000276602   0.00503612
    0.015372  0.000276602            0    0.0132067
  -0.0227413  -0.00503612   -0.0132067            0
Repeater1[0]<--->HoM1[0]
REAL
    0.459603  -0.00826318 -0.000667496      0.26642
 -0.00826318    0.0357616   -0.0112181  -0.00973642
-0.000667496   -0.0112181    0.0304636  -0.00214073
     0.26642  -0.00973642  -0.00214073     0.474172
IMAGINARY
          0 -0.00235894  0.00577314 -0.00078826
 0.00235894           0  0.00647726  -0.0133108
-0.00577314 -0.00647726           0 -0.00643503
 0.00078826   0.0133108  0.00643503           0
EndNode1[0]<--->Repeater1[0]
REAL
   0.457801  0.00941266   0.0125686    0.270794
 0.00941266   0.0383632  -0.0139015 -0.00504984
  0.0125686  -0.0139015   0.0434783 -0.00189387
   0.270794 -0.00504984 -0.00189387    0.460358
IMAGINARY
           0 -0.000443544  -0.00950347    0.0131789
 0.000443544            0    0.0179022   0.00236988
  0.00950347   -0.0179022            0    0.0153592
  -0.0131789  -0.00236988   -0.0153592            0
EndNode2[0]<--->HoM1[0]
REAL
   0.490025 -0.00667928  0.00149683    0.309151
-0.00667928   0.0361596   0.0136679   0.0193085
 0.00149683   0.0136679    0.021197  -0.0100992
   0.309151   0.0193085  -0.0100992    0.452618
IMAGINARY
           0 -0.000897033  -0.00585201   0.00972567
 0.000897033            0  -0.00187227   -0.0161053
  0.00585201   0.00187227            0  -0.00349444
 -0.00972567    0.0161053   0.00349444            0
Repeater1[0]<--->EndNode1[0]
REAL
   0.457801   0.0125686  0.00941266    0.270794
  0.0125686   0.0434783  -0.0139015 -0.00189387
 0.00941266  -0.0139015   0.0383632 -0.00504984
   0.270794 -0.00189387 -0.00504984    0.460358
IMAGINARY
           0  -0.00950347 -0.000443544    0.0131789
  0.00950347            0   -0.0179022    0.0153592
 0.000443544    0.0179022            0   0.00236988
  -0.0131789   -0.0153592  -0.00236988            0
Repeater1[0]<--->HoM1[0]
REAL
   0.490025  0.00149683 -0.00667928    0.309151
 0.00149683    0.021197   0.0136679  -0.0100992
-0.00667928   0.0136679   0.0361596   0.0193085
   0.309151  -0.0100992   0.0193085    0.452618
IMAGINARY
           0  -0.00585201 -0.000897033   0.00972567
  0.00585201            0   0.00187227  -0.00349444
 0.000897033  -0.00187227            0   -0.0161053
 -0.00972567   0.00349444    0.0161053            0
EndNode1[0]<--->Repeater1[0]
REAL
     0.44402    0.0159479   -0.0071443     0.272884
   0.0159479    0.0356234  -0.00433087    0.0153204
  -0.0071443  -0.00433087    0.0407125 -0.000224618
    0.272884    0.0153204 -0.000224618     0.479644
IMAGINARY
          0  -0.0111138   0.0171744   -0.014141
  0.0111138           0  0.00516662 -0.00957946
 -0.0171744 -0.00516662           0   -0.019266
   0.014141  0.00957946    0.019266           0
EndNode2[0]<--->HoM1[0]
REAL
   0.453956  0.00776316 -0.00162564    0.293209
 0.00776316   0.0505837  0.00284402 0.000309847
-0.00162564  0.00284402   0.0376135  0.00276316
   0.293209 0.000309847  0.00276316    0.457847
IMAGINARY
           0  8.95485e-05   0.00714173  -0.00773979
-8.95485e-05            0    0.0144965    0.0058791
 -0.00714173   -0.0144965            0  -0.00920413
  0.00773979   -0.0058791   0.00920413            0
Repeater1[0]<--->EndNode1[0]
REAL
     0.44402   -0.0071443    0.0159479     0.272884
  -0.0071443    0.0407125  -0.00433087 -0.000224618
   0.0159479  -0.00433087    0.0356234    0.0153204
    0.272884 -0.000224618    0.0153204     0.479644
IMAGINARY
          0   0.0171744  -0.0111138   -0.014141
 -0.0171744           0 -0.00516662   -0.019266
  0.0111138  0.00516662           0 -0.00957946
   0.014141    0.019266  0.00957946           0
Repeater1[0]<--->HoM1[0]
REAL
   0.453956 -0.00162564  0.00776316    0.293209
-0.00162564   0.0376135  0.00284402  0.00276316
 0.00776316  0.00284402   0.0505837 0.000309847
   0.293209  0.00276316 0.000309847    0.457847
IMAGINARY
           0   0.00714173  8.95485e-05  -0.00773979
 -0.00714173            0   -0.0144965  -0.00920413
-8.95485e-05    0.0144965            0    0.0058791
  0.00773979   0.00920413   -0.0058791            0
EndNode1[0]<--->Repeater1[0]
REAL
  0.449602  0.0309671  0.0238679   0.280224
 0.0309671  0.0331565 -0.0105338  0.0119316
 0.0238679 -0.0105338  0.0424403  0.0155722
  0.280224  0.0119316  0.0155722   0.474801
IMAGINARY
           0    0.0105856  0.000205559   -0.0286643
  -0.0105856            0   -0.0010327   -0.0226703
-0.000205559    0.0010327            0    0.0182976
   0.0286643    0.0226703   -0.0182976            0
EndNode2[0]<--->HoM1[0]
REAL
   0.441176  -0.0140663  -0.0203692    0.290653
 -0.0140663   0.0498721  0.00320102 -0.00203797
 -0.0203692  0.00320102   0.0319693  -0.0147429
   0.290653 -0.00203797  -0.0147429    0.476982
IMAGINARY
          0  -0.0182705  -0.0202407   0.0044757
  0.0182705           0   0.0044757  0.00295517
  0.0202407  -0.0044757           0 -0.00541705
 -0.0044757 -0.00295517  0.00541705           0
Repeater1[0]<--->EndNode1[0]
REAL
  0.449602  0.0238679  0.0309671   0.280224
 0.0238679  0.0424403 -0.0105338  0.0155722
 0.0309671 -0.0105338  0.0331565  0.0119316
  0.280224  0.0155722  0.0119316   0.474801
IMAGINARY
           0  0.000205559    0.0105856   -0.0286643
-0.000205559            0    0.0010327    0.0182976
  -0.0105856   -0.0010327            0   -0.0226703
   0.0286643   -0.0182976    0.0226703            0
Repeater1[0]<--->HoM1[0]
REAL
   0.441176  -0.0203692  -0.0140663    0.290653
 -0.0203692   0.0319693  0.00320102  -0.0147429
 -0.0140663  0.00320102   0.0498721 -0.00203797
   0.290653  -0.0147429 -0.00203797    0.476982
IMAGINARY
          0  -0.0202407  -0.0182705   0.0044757
  0.0202407           0  -0.0044757 -0.00541705
  0.0182705   0.0044757           0  0.00295517
 -0.0044757  0.00541705 -0.00295517           0
EndNode1[0]<--->Repeater1[0]
REAL
   0.466749  -0.0196061 -0.00673221    0.293233
 -0.0196061   0.0394089  -0.0125313   0.0155041
-0.00673221  -0.0125313   0.0344828   0.0296311
   0.293233   0.0155041   0.0296311     0.45936
IMAGINARY
          0  -0.0114892   0.0244298   0.0176175
  0.0114892           0 -0.00293042   0.0294549
 -0.0244298  0.00293042           0   -0.018586
 -0.0176175  -0.0294549    0.018586           0
EndNode2[0]<--->HoM1[0]
REAL
    0.47962  -0.0224118  -0.0251208    0.296771
 -0.0224118   0.0271739  -0.0126952  -0.0133407
 -0.0251208  -0.0126952     0.03125 0.000144592
   0.296771  -0.0133407 0.000144592    0.461957
IMAGINARY
           0   -0.0155802   0.00882702   0.00621011
   0.0155802            0  0.000249842   0.00694968
 -0.00882702 -0.000249842            0  -0.00383729
 -0.00621011  -0.00694968   0.00383729            0
Repeater1[0]<--->EndNode1[0]
REAL
   0.466749 -0.00673221  -0.0196061    0.293233
-0.00673221   0.0344828  -0.0125313   0.0296311
 -0.0196061  -0.0125313   0.0394089   0.0155041
   0.293233   0.0296311   0.0155041     0.45936
IMAGINARY
          0   0.0244298  -0.0114892   0.0176175
 -0.0244298           0  0.00293042   -0.018586
  0.0114892 -0.00293042           0   0.0294549
 -0.0176175    0.018586  -0.0294549           0
Repeater1[0]<--->HoM1[0]
REAL
    0.47962  -0.0251208  -0.0224118    0.296771
 -0.0251208     0.03125  -0.0126952 0.000144592
 -0.0224118  -0.0126952   0.0271739  -0.0133407
   0.296771 0.000144592  -0.0133407    0.461957
IMAGINARY
           0   0.00882702   -0.0155802   0.00621011
 -0.00882702            0 -0.000249842  -0.00383729
   0.0155802  0.000249842            0   0.00694968
 -0.00621011   0.00383729  -0.00694968            0
EndNode1[0]<--->Repeater1[0]
REAL
   0.462002 -0.00663141    0.019764    0.272982
-0.00663141   0.0470446 -0.00494042 -0.00430013
   0.019764 -0.00494042   0.0325694   0.0117861
   0.272982 -0.00430013   0.0117861    0.458384
IMAGINARY
          0  0.00584755  -0.0136364  -0.0223497
-0.00584755           0  0.00280367   -0.011039
