EndNode1[0]<--->Repeater1[0]
REAL
   0.481283 -0.00809019  0.00132037    0.380203
-0.00809019   0.0481283  0.00815283 -0.00912349
 0.00132037  0.00815283    0.040107   0.0110914
   0.380203 -0.00912349   0.0110914    0.430481
IMAGINARY
          0  -0.0248945  0.00768376  0.00761589
  0.0248945           0  0.00761589   0.0202665
-0.00768376 -0.00761589           0  0.00563985
-0.00761589  -0.0202665 -0.00563985           0
EndNode2[0]<--->HoM1[0]
REAL
  0.456376 0.00550255 0.00271411   0.402364
0.00550255  0.0389262  -0.018166 0.00271411
0.00271411  -0.018166   0.052349 -0.0169621
  0.402364 0.00271411 -0.0169621   0.452349
IMAGINARY
          0  -0.0183931   0.0208715  -0.0089685
  0.0183931           0  0.00257464   0.0155523
 -0.0208715 -0.00257464           0  -0.0127327
  0.0089685  -0.0155523   0.0127327           0
Repeater1[0]<--->EndNode1[0]
REAL
   0.481283  0.00132037 -0.00809019    0.380203
 0.00132037    0.040107  0.00815283   0.0110914
-0.00809019  0.00815283   0.0481283 -0.00912349
   0.380203   0.0110914 -0.00912349    0.430481
IMAGINARY
          0  0.00768376  -0.0248945  0.00761589
-0.00768376           0 -0.00761589  0.00563985
  0.0248945  0.00761589           0   0.0202665
-0.00761589 -0.00563985  -0.0202665           0
Repeater1[0]<--->HoM1[0]
REAL
  0.456376 0.00271411 0.00550255   0.402364
0.00271411   0.052349  -0.018166 -0.0169621
0.00550255  -0.018166  0.0389262 0.00271411
  0.402364 -0.0169621 0.00271411   0.452349
IMAGINARY
          0   0.0208715  -0.0183931  -0.0089685
 -0.0208715           0 -0.00257464  -0.0127327
  0.0183931  0.00257464           0   0.0155523
  0.0089685   0.0127327  -0.0155523           0
EndNode1[0]<--->Repeater1[0]
REAL
   0.473203    0.015143   0.0111109    0.369996
   0.015143   0.0339869  0.00752784 0.000329218
  0.0111109  0.00752784   0.0352941  -0.0104324
   0.369996 0.000329218  -0.0104324    0.457516
IMAGINARY
           0    0.0108924  -0.00511753   -0.0101193
  -0.0108924            0   -0.0179981   -0.0038799
  0.00511753    0.0179981            0 -0.000609627
   0.0101193    0.0038799  0.000609627            0
EndNode2[0]<--->HoM1[0]
REAL
   0.443409 -0.00126292 -0.00615015    0.393478
-0.00126292   0.0306258  -0.0153689  -0.0199692
-0.00615015  -0.0153689   0.0292943 1.91351e-05
   0.393478  -0.0199692 1.91351e-05    0.496671
IMAGINARY
          0  -0.0131522   0.0095399 -0.00111929
  0.0131522           0  0.00868463  0.00654589
 -0.0095399 -0.00868463           0 -0.00561453
 0.00111929 -0.00654589  0.00561453           0
Repeater1[0]<--->EndNode1[0]
REAL
   0.473203   0.0111109    0.015143    0.369996
  0.0111109   0.0352941  0.00752784  -0.0104324
   0.015143  0.00752784   0.0339869 0.000329218
   0.369996  -0.0104324 0.000329218    0.457516
IMAGINARY
           0  -0.00511753    0.0108924   -0.0101193
  0.00511753            0    0.0179981 -0.000609627
  -0.0108924   -0.0179981            0   -0.0038799
   0.0101193  0.000609627    0.0038799            0
Repeater1[0]<--->HoM1[0]
REAL
   0.443409 -0.00615015 -0.00126292    0.393478
-0.00615015   0.0292943  -0.0153689 1.91351e-05
-0.00126292  -0.0153689   0.0306258  -0.0199692
   0.393478 1.91351e-05  -0.0199692    0.496671
IMAGINARY
          0   0.0095399  -0.0131522 -0.00111929
 -0.0095399           0 -0.00868463 -0.00561453
  0.0131522  0.00868463           0  0.00654589
 0.00111929  0.00561453 -0.00654589           0
EndNode1[0]<--->Repeater1[0]
REAL
   0.484237 -0.00876302 -0.00599617     0.37526
-0.00876302   0.0340479 -0.00253255   0.0176845
-0.00599617 -0.00253255    0.037831   0.0308409
    0.37526   0.0176845   0.0308409    0.443884
IMAGINARY
          0  -0.0226693   0.0248971  0.00937293
  0.0226693           0   0.0124254   0.0138677
 -0.0248971  -0.0124254           0  -0.0200377
-0.00937293  -0.0138677   0.0200377           0
EndNode2[0]<--->HoM1[0]
REAL
  0.475578  0.0203185 0.00173472   0.390661
 0.0203185   0.033419 0.00884277  0.0218385
0.00173472 0.00884277  0.0372751 0.00697674
  0.390661  0.0218385 0.00697674   0.453728
IMAGINARY
          0  0.00475225  -0.0153223  -0.0061237
-0.00475225           0   -0.019568 -0.00156082
  0.0153223    0.019568           0 -0.00734966
  0.0061237  0.00156082  0.00734966           0
Repeater1[0]<--->EndNode1[0]
REAL
   0.484237 -0.00599617 -0.00876302     0.37526
-0.00599617    0.037831 -0.00253255   0.0308409
-0.00876302 -0.00253255   0.0340479   0.0176845
    0.37526   0.0308409   0.0176845    0.443884
IMAGINARY
          0   0.0248971  -0.0226693  0.00937293
 -0.0248971           0  -0.0124254  -0.0200377
  0.0226693   0.0124254           0   0.0138677
-0.00937293   0.0200377  -0.0138677           0
Repeater1[0]<--->HoM1[0]
REAL
  0.475578 0.00173472  0.0203185   0.390661
0.00173472  0.0372751 0.00884277 0.00697674
 0.0203185 0.00884277   0.033419  0.0218385
  0.390661 0.00697674  0.0218385   0.453728
IMAGINARY
          0  -0.0153223  0.00475225  -0.0061237
  0.0153223           0    0.019568 -0.00734966
-0.00475225   -0.019568           0 -0.00156082
  0.0061237  0.00734966  0.00156082           0
EndNode1[0]<--->Repeater1[0]
REAL
  0.464557  0.0158299  0.0219604   0.388513
 0.0158299  0.0329114 0.00740302 0.00373127
 0.0219604 0.00740302  0.0405063  0.0164494
  0.388513 0.00373127  0.0164494   0.462025
IMAGINARY
          0 -0.00128926   0.0171525   0.0141077
 0.00128926           0 -0.00230645   0.0152121
 -0.0171525  0.00230645           0 -0.00729727
 -0.0141077  -0.0152121  0.00729727           0
EndNode2[0]<--->HoM1[0]
REAL
   0.486486 -0.00721455  -0.0112103    0.394818
-0.00721455   0.0307125 -0.00146837    0.010583
 -0.0112103 -0.00146837    0.031941 -0.00721455
   0.394818    0.010583 -0.00721455     0.45086
IMAGINARY
          0  -0.0101983  0.00646094 -0.00441026
  0.0101983           0 -0.00841026  0.00186173
-0.00646094  0.00841026           0  0.00571684
 0.00441026 -0.00186173 -0.00571684           0
Repeater1[0]<--->EndNode1[0]
REAL
  0.464557  0.0219604  0.0158299   0.388513
 0.0219604  0.0405063 0.00740302  0.0164494
 0.0158299 0.00740302  0.0329114 0.00373127
  0.388513  0.0164494 0.00373127   0.462025
IMAGINARY
          0   0.0171525 -0.00128926   0.0141077
 -0.0171525           0  0.00230645 -0.00729727
 0.00128926 -0.00230645           0   0.0152121
 -0.0141077  0.00729727  -0.0152121           0
Repeater1[0]<--->HoM1[0]
REAL
   0.486486  -0.0112103 -0.00721455    0.394818
 -0.0112103    0.031941 -0.00146837 -0.00721455
-0.00721455 -0.00146837   0.0307125    0.010583
   0.394818 -0.00721455    0.010583     0.45086
IMAGINARY
          0  0.00646094  -0.0101983 -0.00441026
-0.00646094           0  0.00841026  0.00571684
  0.0101983 -0.00841026           0  0.00186173
 0.00441026 -0.00571684 -0.00186173           0
EndNode1[0]<--->Repeater1[0]
REAL
   0.466242 -0.00115668 -0.00354107    0.382559
-0.00115668   0.0343949 -0.00907325  0.00152222
-0.00354107 -0.00907325   0.0407643 -0.00624574
   0.382559  0.00152222 -0.00624574    0.458599
IMAGINARY
           0  -0.00156528  0.000674061      0.01167
  0.00156528            0   0.00453644  1.18097e-05
-0.000674061  -0.00453644            0   -0.0114663
    -0.01167 -1.18097e-05    0.0114663            0
EndNode2[0]<--->HoM1[0]
REAL
    0.46114  0.00850785  0.00727222    0.387485
 0.00850785   0.0349741 -0.00528607   0.0123613
 0.00727222 -0.00528607   0.0284974  0.00850785
   0.387485   0.0123613  0.00850785    0.475389
IMAGINARY
           0    -0.010978   0.00686121   -0.0216749
    0.010978            0   0.00812647  0.000367705
 -0.00686121  -0.00812647            0    0.0121828
   0.0216749 -0.000367705   -0.0121828            0
Repeater1[0]<--->EndNode1[0]
REAL
   0.466242 -0.00354107 -0.00115668    0.382559
-0.00354107   0.0407643 -0.00907325 -0.00624574
-0.00115668 -0.00907325   0.0343949  0.00152222
   0.382559 -0.00624574  0.00152222    0.458599
IMAGINARY
           0  0.000674061  -0.00156528      0.01167
-0.000674061            0  -0.00453644   -0.0114663
  0.00156528   0.00453644            0  1.18097e-05
    -0.01167    0.0114663 -1.18097e-05            0
Repeater1[0]<--->HoM1[0]
REAL
    0.46114  0.00727222  0.00850785    0.387485
 0.00727222   0.0284974 -0.00528607  0.00850785
 0.00850785 -0.00528607   0.0349741   0.0123613
   0.387485  0.00850785   0.0123613    0.475389
IMAGINARY
           0   0.00686121    -0.010978   -0.0216749
 -0.00686121            0  -0.00812647    0.0121828
    0.010978   0.00812647            0  0.000367705
   0.0216749   -0.0121828 -0.000367705            0
EndNode1[0]<--->Repeater1[0]
REAL
   0.427148  -0.0241835 -0.00155738    0.397474
 -0.0241835   0.0386052  -0.0138692 -0.00532622
-0.00155738  -0.0138692   0.0473225  0.00853898
   0.397474 -0.00532622  0.00853898    0.486924
IMAGINARY
          0 -0.00291314  0.00215728  -0.0190134
 0.00291314           0  0.00837512  -0.0223659
-0.00215728 -0.00837512           0   0.0283369
  0.0190134   0.0223659  -0.0283369           0
EndNode2[0]<--->HoM1[0]
REAL
   0.449591 -0.00448322 -0.00065445    0.373974
-0.00448322   0.0504087  -0.0032426  0.00065445
-0.00065445  -0.0032426   0.0408719   0.0020442
   0.373974  0.00065445   0.0020442    0.459128
IMAGINARY
           0 -0.000158149   0.00762304   0.00466692
 0.000158149            0   0.00954497   -0.0110337
 -0.00762304  -0.00954497            0  -0.00461675
 -0.00466692    0.0110337   0.00461675            0
Repeater1[0]<--->EndNode1[0]
REAL
   0.427148 -0.00155738  -0.0241835    0.397474
-0.00155738   0.0473225  -0.0138692  0.00853898
 -0.0241835  -0.0138692   0.0386052 -0.00532622
   0.397474  0.00853898 -0.00532622    0.486924
IMAGINARY
          0  0.00215728 -0.00291314  -0.0190134
-0.00215728           0 -0.00837512   0.0283369
 0.00291314  0.00837512           0  -0.0223659
  0.0190134  -0.0283369   0.0223659           0
Repeater1[0]<--->HoM1[0]
REAL
   0.449591 -0.00065445 -0.00448322    0.373974
-0.00065445   0.0408719  -0.0032426   0.0020442
-0.00448322  -0.0032426   0.0504087  0.00065445
   0.373974   0.0020442  0.00065445    0.459128
IMAGINARY
           0   0.00762304 -0.000158149   0.00466692
 -0.00762304            0  -0.00954497  -0.00461675
 0.000158149   0.00954497            0   -0.0110337
 -0.00466692   0.00461675    0.0110337            0
EndNode1[0]<--->Repeater1[0]
REAL
   0.477361  0.00752502   0.0271986    0.384654
 0.00752502   0.0426908 0.000736327  0.00806592
  0.0271986 0.000736327   0.0401035  0.00884777
   0.384654  0.00806592  0.00884777    0.439845
IMAGINARY
          0  0.00103769  0.00381009   0.0066156
-0.00103769           0 -0.00461293 -0.00562387
-0.00381009  0.00461293           0  0.00561285
 -0.0066156  0.00562387 -0.00561285           0
EndNode2[0]<--->HoM1[0]
REAL
    0.442819 -0.000977836    0.0185207     0.391359
-0.000977836    0.0452128 -0.000876993  -0.00483097
   0.0185207 -0.000876993    0.0545213 -0.000977836
    0.391359  -0.00483097 -0.000977836     0.457447
IMAGINARY
          0  0.00297132  0.00299699   0.0153854
-0.00297132           0   0.0187055  -0.0255926
-0.00299699  -0.0187055           0    0.020783
 -0.0153854   0.0255926   -0.020783           0
Repeater1[0]<--->EndNode1[0]
REAL
   0.477361   0.0271986  0.00752502    0.384654
  0.0271986   0.0401035 0.000736327  0.00884777
 0.00752502 0.000736327   0.0426908  0.00806592
   0.384654  0.00884777  0.00806592    0.439845
IMAGINARY
          0  0.00381009  0.00103769   0.0066156
-0.00381009           0  0.00461293  0.00561285
-0.00103769 -0.00461293           0 -0.00562387
 -0.0066156 -0.00561285  0.00562387           0
Repeater1[0]<--->HoM1[0]
REAL
    0.442819    0.0185207 -0.000977836     0.391359
   0.0185207    0.0545213 -0.000876993 -0.000977836
-0.000977836 -0.000876993    0.0452128  -0.00483097
    0.391359 -0.000977836  -0.00483097     0.457447
IMAGINARY
          0  0.00299699  0.00297132   0.0153854
-0.00299699           0  -0.0187055    0.020783
-0.00297132   0.0187055           0  -0.0255926
 -0.0153854   -0.020783   0.0255926           0
EndNode1[0]<--->Repeater1[0]
REAL
  0.472409 -0.0110558  0.0148395   0.388225
-0.0110558  0.0484522 0.00080752  0.0141927
 0.0148395 0.00080752  0.0336474   0.011701
  0.388225  0.0141927   0.011701   0.445491
IMAGINARY
          0   0.0309387  -0.0314543 -0.00123405
 -0.0309387           0  -0.0219367  -0.0354331
  0.0314543   0.0219367           0   0.0346242
 0.00123405   0.0354331  -0.0346242           0
EndNode2[0]<--->HoM1[0]
REAL
  0.471939 0.00820992  0.0125993   0.393448
0.00820992  0.0267857 0.00993993 -0.0082078
 0.0125993 0.00993993  0.0420918  0.0200209
  0.393448 -0.0082078  0.0200209   0.459184
IMAGINARY
           0   0.00944741   0.00272422  0.000891261
 -0.00944741            0  -0.00494531   -0.0171221
 -0.00272422   0.00494531            0    0.0193484
-0.000891261    0.0171221   -0.0193484            0
Repeater1[0]<--->EndNode1[0]
REAL
  0.472409  0.0148395 -0.0110558   0.388225
 0.0148395  0.0336474 0.00080752   0.011701
-0.0110558 0.00080752  0.0484522  0.0141927
  0.388225   0.011701  0.0141927   0.445491
IMAGINARY
          0  -0.0314543   0.0309387 -0.00123405
  0.0314543           0   0.0219367   0.0346242
 -0.0309387  -0.0219367           0  -0.0354331
 0.00123405  -0.0346242   0.0354331           0
Repeater1[0]<--->HoM1[0]
REAL
  0.471939  0.0125993 0.00820992   0.393448
 0.0125993  0.0420918 0.00993993  0.0200209
0.00820992 0.00993993  0.0267857 -0.0082078
  0.393448  0.0200209 -0.0082078   0.459184
IMAGINARY
           0   0.00272422   0.00944741  0.000891261
 -0.00272422            0   0.00494531    0.0193484
 -0.00944741  -0.00494531            0   -0.0171221
-0.000891261   -0.0193484    0.0171221            0
EndNode1[0]<--->Repeater1[0]
REAL
   0.485526  0.00423171 -0.00466849    0.402735
 0.00423171   0.0447368 -0.00992306  0.00656004
-0.00466849 -0.00992306   0.0447368 -0.00360119
   0.402735  0.00656004 -0.00360119       0.425
IMAGINARY
          0   0.0121114 -0.00579989  0.00694503
 -0.0121114           0  0.00759353  -0.0182507
 0.00579989 -0.00759353           0 -0.00704808
-0.00694503   0.0182507  0.00704808           0
EndNode2[0]<--->HoM1[0]
REAL
    0.453865    0.0121906 -0.000498141     0.383055
   0.0121906    0.0548628  -0.00697066   0.00483519
-0.000498141  -0.00697066    0.0374065   -0.0103319
    0.383055   0.00483519   -0.0103319     0.453865
IMAGINARY
          0 -0.00527299   0.0049003   0.0224838
 0.00527299           0 -0.00998377  -0.0100154
 -0.0049003  0.00998377           0   0.0129456
 -0.0224838   0.0100154  -0.0129456           0
Repeater1[0]<--->EndNode1[0]
REAL
   0.485526 -0.00466849  0.00423171    0.402735
-0.00466849   0.0447368 -0.00992306 -0.00360119
 0.00423171 -0.00992306   0.0447368  0.00656004
   0.402735 -0.00360119  0.00656004       0.425
IMAGINARY
          0 -0.00579989   0.0121114  0.00694503
 0.00579989           0 -0.00759353 -0.00704808
 -0.0121114  0.00759353           0  -0.0182507
-0.00694503  0.00704808   0.0182507           0
Repeater1[0]<--->HoM1[0]
REAL
    0.453865 -0.000498141    0.0121906     0.383055
-0.000498141    0.0374065  -0.00697066   -0.0103319
   0.0121906  -0.00697066    0.0548628   0.00483519
    0.383055   -0.0103319   0.00483519     0.453865
IMAGINARY
          0   0.0049003 -0.00527299   0.0224838
 -0.0049003           0  0.00998377   0.0129456
 0.00527299 -0.00998377           0  -0.0100154
 -0.0224838  -0.0129456   0.0100154           0
EndNode1[0]<--->Repeater1[0]
REAL
   0.487374  -0.0159459  0.00319974    0.388964
 -0.0159459   0.0315657   -0.002795 -0.00625972
 0.00319974   -0.002795   0.0315657 -0.00302598
   0.388964 -0.00625972 -0.00302598    0.449495
IMAGINARY
          0 -0.00305828 -0.00192946   0.0129641
 0.00305828           0   0.0059038   0.0136146
 0.00192946  -0.0059038           0 -0.00370679
 -0.0129641  -0.0136146  0.00370679           0
EndNode2[0]<--->HoM1[0]
REAL
    0.453988  0.000108618 -0.000123824      0.39295
 0.000108618    0.0319018   0.00129368  -0.00723896
-0.000123824   0.00129368    0.0503067  -0.00613271
     0.39295  -0.00723896  -0.00613271     0.463804
IMAGINARY
           0   0.00308709  0.000306663 -0.000420177
 -0.00308709            0  -0.00846307   0.00280666
-0.000306663   0.00846307            0  -0.00744575
 0.000420177  -0.00280666   0.00744575            0
Repeater1[0]<--->EndNode1[0]
REAL
   0.487374  0.00319974  -0.0159459    0.388964
 0.00319974   0.0315657   -0.002795 -0.00302598
 -0.0159459   -0.002795   0.0315657 -0.00625972
   0.388964 -0.00302598 -0.00625972    0.449495
IMAGINARY
          0 -0.00192946 -0.00305828   0.0129641
 0.00192946           0  -0.0059038 -0.00370679
 0.00305828   0.0059038           0   0.0136146
 -0.0129641  0.00370679  -0.0136146           0
Repeater1[0]<--->HoM1[0]
REAL
    0.453988 -0.000123824  0.000108618      0.39295
-0.000123824    0.0503067   0.00129368  -0.00613271
 0.000108618   0.00129368    0.0319018  -0.00723896
     0.39295  -0.00613271  -0.00723896     0.463804
IMAGINARY
           0  0.000306663   0.00308709 -0.000420177
-0.000306663            0   0.00846307  -0.00744575
 -0.00308709  -0.00846307            0   0.00280666
 0.000420177   0.00744575  -0.00280666            0
EndNode1[0]<--->Repeater1[0]
REAL
  0.449118 0.00417613 -0.0155872   0.389334
0.00417613  0.0352782 0.00227853   0.014942
-0.0155872 0.00227853   0.036635 -0.0048213
  0.389334   0.014942 -0.0048213   0.478969
IMAGINARY
          0 -0.00729898  0.00342761  0.00773541
 0.00729898           0   0.0071033   0.0118008
-0.00342761  -0.0071033           0 -0.00666041
-0.00773541  -0.0118008  0.00666041           0
EndNode2[0]<--->HoM1[0]
REAL
    0.457325 -0.000763769   -0.0249411     0.399678
-0.000763769    0.0318471 -6.86636e-05   -0.0030902
  -0.0249411 -6.86636e-05    0.0369427   -0.0129259
    0.399678   -0.0030902   -0.0129259     0.473885
IMAGINARY
         0 -0.0103287  0.0325556   0.000625
 0.0103287          0  -0.000625 -0.0059059
-0.0325556   0.000625          0  -0.015052
 -0.000625  0.0059059   0.015052          0
Repeater1[0]<--->EndNode1[0]
REAL
  0.449118 -0.0155872 0.00417613   0.389334
-0.0155872   0.036635 0.00227853 -0.0048213
0.00417613 0.00227853  0.0352782   0.014942
  0.389334 -0.0048213   0.014942   0.478969
IMAGINARY
          0  0.00342761 -0.00729898  0.00773541
-0.00342761           0  -0.0071033 -0.00666041
 0.00729898   0.0071033           0   0.0118008
-0.00773541  0.00666041  -0.0118008           0
Repeater1[0]<--->HoM1[0]
REAL
    0.457325   -0.0249411 -0.000763769     0.399678
  -0.0249411    0.0369427 -6.86636e-05   -0.0129259
-0.000763769 -6.86636e-05    0.0318471   -0.0030902
    0.399678   -0.0129259   -0.0030902     0.473885
IMAGINARY
         0  0.0325556 -0.0103287   0.000625
-0.0325556          0   0.000625  -0.015052
 0.0103287  -0.000625          0 -0.0059059
 -0.000625   0.015052  0.0059059          0
EndNode1[0]<--->Repeater1[0]
REAL
  0.46224 0.0123901 0.0210576  0.389116
0.0123901 0.0351562 0.0152422 0.0104193
0.0210576 0.0152422 0.0494792 0.0130336
 0.389116 0.0104193 0.0130336  0.453125
IMAGINARY
           0   -0.0035761  -0.00103918    0.0045488
   0.0035761            0 -0.000798797   0.00940469
  0.00103918  0.000798797            0  -0.00993742
  -0.0045488  -0.00940469   0.00993742            0
EndNode2[0]<--->HoM1[0]
REAL
   0.459569 -0.00742829 -0.00860149    0.397499
-0.00742829   0.0336927   -0.000566 -0.00796292
-0.00860149   -0.000566   0.0309973 0.000679821
   0.397499 -0.00796292 0.000679821    0.475741
IMAGINARY
          0  0.00152944   0.0152164 -0.00246828
-0.00152944           0 -0.00969561   -0.013281
 -0.0152164  0.00969561           0  0.00814798
 0.00246828    0.013281 -0.00814798           0
Repeater1[0]<--->EndNode1[0]
REAL
  0.46224 0.0210576 0.0123901  0.389116
0.0210576 0.0494792 0.0152422 0.0130336
0.0123901 0.0152422 0.0351562 0.0104193
 0.389116 0.0130336 0.0104193  0.453125
IMAGINARY
           0  -0.00103918   -0.0035761    0.0045488
  0.00103918            0  0.000798797  -0.00993742
   0.0035761 -0.000798797            0   0.00940469
  -0.0045488   0.00993742  -0.00940469            0
Repeater1[0]<--->HoM1[0]
REAL
   0.459569 -0.00860149 -0.00742829    0.397499
-0.00860149   0.0309973   -0.000566 0.000679821
-0.00742829   -0.000566   0.0336927 -0.00796292
   0.397499 0.000679821 -0.00796292    0.475741
IMAGINARY
          0   0.0152164  0.00152944 -0.00246828
 -0.0152164           0  0.00969561  0.00814798
-0.00152944 -0.00969561           0   -0.013281
 0.00246828 -0.00814798    0.013281           0
EndNode1[0]<--->Repeater1[0]
REAL
   0.465659  0.00425323  0.00447919    0.396533
 0.00425323   0.0467033 0.000935435 -0.00194754
 0.00447919 0.000935435   0.0370879   0.0147341
   0.396533 -0.00194754   0.0147341    0.450549
IMAGINARY
          0  -0.0068838  0.00628931  0.00698866
  0.0068838           0  0.00631932  -0.0119497
-0.00628931 -0.00631932           0 -0.00883947
-0.00698866   0.0119497  0.00883947           0
EndNode2[0]<--->HoM1[0]
REAL
   0.462871  0.00225142  0.00113472    0.402079
 0.00225142   0.0334158  -0.0111931   0.0097767
 0.00113472  -0.0111931   0.0408416 -0.00546066
   0.402079   0.0097767 -0.00546066    0.462871
IMAGINARY
          0  0.00991775  -0.0217428 -0.00826569
-0.00991775           0  -0.0306156  0.00137482
  0.0217428   0.0306156           0   0.0130783
 0.00826569 -0.00137482  -0.0130783           0
Repeater1[0]<--->EndNode1[0]
REAL
   0.465659  0.00447919  0.00425323    0.396533
 0.00447919   0.0370879 0.000935435   0.0147341
 0.00425323 0.000935435   0.0467033 -0.00194754
   0.396533   0.0147341 -0.00194754    0.450549
IMAGINARY
          0  0.00628931  -0.0068838  0.00698866
-0.00628931           0 -0.00631932 -0.00883947
  0.0068838  0.00631932           0  -0.0119497
-0.00698866  0.00883947   0.0119497           0
Repeater1[0]<--->HoM1[0]
REAL
   0.462871  0.00113472  0.00225142    0.402079
 0.00113472   0.0408416  -0.0111931 -0.00546066
 0.00225142  -0.0111931   0.0334158   0.0097767
   0.402079 -0.00546066   0.0097767    0.462871
IMAGINARY
          0  -0.0217428  0.00991775 -0.00826569
  0.0217428           0   0.0306156   0.0130783
-0.00991775  -0.0306156           0  0.00137482
 0.00826569  -0.0130783 -0.00137482           0
EndNode1[0]<--->Repeater1[0]
REAL
    0.44697  -0.0127952  -0.0223496    0.386758
 -0.0127952   0.0492424 -0.00729903 -0.00532566
 -0.0223496 -0.00729903   0.0366162  0.00726013
   0.386758 -0.00532566  0.00726013    0.467172
IMAGINARY
          0   0.0105855  0.00265538 -0.00911672
 -0.0105855           0    0.027189 -0.00523936
-0.00265538   -0.027189           0  -0.0209214
 0.00911672  0.00523936   0.0209214           0
EndNode2[0]<--->HoM1[0]
REAL
   0.454075 -0.00716177 -0.00719285    0.381678
-0.00716177   0.0181113  0.00106214   0.0131217
-0.00719285  0.00106214   0.0388098   0.0249483
   0.381678   0.0131217   0.0249483    0.489004
IMAGINARY
           0 -0.000341206   -0.0268237   -0.0154414
 0.000341206            0  0.000516037   0.00692635
   0.0268237 -0.000516037            0    0.0163874
   0.0154414  -0.00692635   -0.0163874            0
Repeater1[0]<--->EndNode1[0]
REAL
    0.44697  -0.0223496  -0.0127952    0.386758
 -0.0223496   0.0366162 -0.00729903  0.00726013
 -0.0127952 -0.00729903   0.0492424 -0.00532566
   0.386758  0.00726013 -0.00532566    0.467172
IMAGINARY
          0  0.00265538   0.0105855 -0.00911672
-0.00265538           0   -0.027189  -0.0209214
 -0.0105855    0.027189           0 -0.00523936
 0.00911672   0.0209214  0.00523936           0
Repeater1[0]<--->HoM1[0]
REAL
   0.454075 -0.00719285 -0.00716177    0.381678
-0.00719285   0.0388098  0.00106214   0.0249483
-0.00716177  0.00106214   0.0181113   0.0131217
   0.381678   0.0249483   0.0131217    0.489004
IMAGINARY
           0   -0.0268237 -0.000341206   -0.0154414
   0.0268237            0 -0.000516037    0.0163874
 0.000341206  0.000516037            0   0.00692635
   0.0154414   -0.0163874  -0.00692635            0
EndNode1[0]<--->Repeater1[0]
REAL
  0.501305  0.0124341  0.0151084   0.386389
 0.0124341   0.035248 -0.0103362  0.0035438
 0.0151084 -0.0103362   0.035248 0.00742153
  0.386389  0.0035438 0.00742153   0.428198
IMAGINARY
           0  -0.00441914  0.000335795    0.0243717
  0.00441914            0  -0.00340604    0.0172964
-0.000335795   0.00340604            0   -0.0132131
  -0.0243717   -0.0172964    0.0132131            0
EndNode2[0]<--->HoM1[0]
REAL
   0.480723  0.00466269 -0.00238153    0.396726
 0.00466269    0.039759  -0.0164865  0.00777075
-0.00238153  -0.0164865   0.0228916  -0.0184351
   0.396726  0.00777075  -0.0184351    0.456627
IMAGINARY
          0  -0.0306436 -0.00173758  0.00279664
  0.0306436           0   0.0120805    0.018577
 0.00173758  -0.0120805           0  0.00473689
-0.00279664   -0.018577 -0.00473689           0
Repeater1[0]<--->EndNode1[0]
REAL
  0.501305  0.0151084  0.0124341   0.386389
 0.0151084   0.035248 -0.0103362 0.00742153
 0.0124341 -0.0103362   0.035248  0.0035438
  0.386389 0.00742153  0.0035438   0.428198
IMAGINARY
           0  0.000335795  -0.00441914    0.0243717
-0.000335795            0   0.00340604   -0.0132131
  0.00441914  -0.00340604            0    0.0172964
  -0.0243717    0.0132131   -0.0172964            0
Repeater1[0]<--->HoM1[0]
REAL
   0.480723 -0.00238153  0.00466269    0.396726
-0.00238153   0.0228916  -0.0164865  -0.0184351
 0.00466269  -0.0164865    0.039759  0.00777075
   0.396726  -0.0184351  0.00777075    0.456627
IMAGINARY
          0 -0.00173758  -0.0306436  0.00279664
 0.00173758           0  -0.0120805  0.00473689
  0.0306436   0.0120805           0    0.018577
-0.00279664 -0.00473689   -0.018577           0
EndNode1[0]<--->Repeater1[0]
REAL
   0.449673   0.0242321   0.0411454    0.379182
  0.0242321   0.0418301 -0.00915547  0.00659995
  0.0411454 -0.00915547    0.054902   0.0102507
   0.379182  0.00659995   0.0102507    0.453595
IMAGINARY
         0 -0.0120324  0.0165941   0.011658
 0.0120324          0 -0.0148672  0.0094605
-0.0165941  0.0148672          0 -0.0214664
 -0.011658 -0.0094605  0.0214664          0
EndNode2[0]<--->HoM1[0]
REAL
    0.43268  0.00367742 -0.00557682    0.394191
 0.00367742   0.0470588  0.00814742   0.0379014
-0.00557682  0.00814742   0.0352941  0.00801447
   0.394191   0.0379014  0.00801447    0.484967
IMAGINARY
          0 -0.00966363  0.00576103  0.00684435
 0.00966363           0  0.00362685  0.00512246
-0.00576103 -0.00362685           0  0.00262138
-0.00684435 -0.00512246 -0.00262138           0
Repeater1[0]<--->EndNode1[0]
REAL
   0.449673   0.0411454   0.0242321    0.379182
  0.0411454    0.054902 -0.00915547   0.0102507
  0.0242321 -0.00915547   0.0418301  0.00659995
   0.379182   0.0102507  0.00659995    0.453595
IMAGINARY
         0  0.0165941 -0.0120324   0.011658
-0.0165941          0  0.0148672 -0.0214664
 0.0120324 -0.0148672          0  0.0094605
 -0.011658  0.0214664 -0.0094605          0
Repeater1[0]<--->HoM1[0]
REAL
    0.43268 -0.00557682  0.00367742    0.394191
-0.00557682   0.0352941  0.00814742  0.00801447
 0.00367742  0.00814742   0.0470588   0.0379014
   0.394191  0.00801447   0.0379014    0.484967
IMAGINARY
          0  0.00576103 -0.00966363  0.00684435
-0.00576103           0 -0.00362685  0.00262138
 0.00966363  0.00362685           0  0.00512246
-0.00684435 -0.00262138 -0.00512246           0
EndNode1[0]<--->Repeater1[0]
REAL
    0.47954  -0.0223029 -0.00775528    0.388473
 -0.0223029   0.0473146  0.00428854 -0.00967099
-0.00775528  0.00428854   0.0319693 -0.00584722
   0.388473 -0.00967099 -0.00584722    0.441176
IMAGINARY
           0  -0.00444409  0.000551573   0.00484292
  0.00444409            0   0.00881118    0.0399217
-0.000551573  -0.00881118            0   -0.0273118
 -0.00484292   -0.0399217    0.0273118            0
EndNode2[0]<--->HoM1[0]
REAL
   0.495389  -0.0353254 -0.00368413    0.383565
 -0.0353254   0.0421607 0.000398832   0.0121587
-0.00368413 0.000398832   0.0368906   0.0268508
   0.383565   0.0121587   0.0268508     0.42556
IMAGINARY
          0  -0.0163412  0.00908647  -0.0160755
  0.0163412           0    0.016743  0.00222006
-0.00908647   -0.016743           0  -0.0138096
  0.0160755 -0.00222006   0.0138096           0
Repeater1[0]<--->EndNode1[0]
REAL
    0.47954 -0.00775528  -0.0223029    0.388473
-0.00775528   0.0319693  0.00428854 -0.00584722
 -0.0223029  0.00428854   0.0473146 -0.00967099
   0.388473 -0.00584722 -0.00967099    0.441176
IMAGINARY
           0  0.000551573  -0.00444409   0.00484292
-0.000551573            0  -0.00881118   -0.0273118
  0.00444409   0.00881118            0    0.0399217
 -0.00484292    0.0273118   -0.0399217            0
Repeater1[0]<--->HoM1[0]
REAL
   0.495389 -0.00368413  -0.0353254    0.383565
-0.00368413   0.0368906 0.000398832   0.0268508
 -0.0353254 0.000398832   0.0421607   0.0121587
   0.383565   0.0268508   0.0121587     0.42556
IMAGINARY
          0  0.00908647  -0.0163412  -0.0160755
-0.00908647           0   -0.016743  -0.0138096
  0.0163412    0.016743           0  0.00222006
  0.0160755   0.0138096 -0.00222006           0
EndNode1[0]<--->Repeater1[0]
REAL
   0.477243 -0.00497811 0.000859368    0.383137
-0.00497811    0.053316 -0.00547714  -0.0287849
0.000859368 -0.00547714   0.0364109   0.0116271
   0.383137  -0.0287849   0.0116271     0.43303
IMAGINARY
          0  -0.0152291  0.00573379   0.0045786
  0.0152291           0  0.00266777   0.0128306
-0.00573379 -0.00266777           0  0.00656575
 -0.0045786  -0.0128306 -0.00656575           0
EndNode2[0]<--->HoM1[0]
REAL
  0.473952 0.00152851  0.0131677   0.387123
0.00152851  0.0190597 0.00641273 0.00394259
 0.0131677 0.00641273  0.0393901   0.028256
  0.387123 0.00394259   0.028256   0.467598
IMAGINARY
          0   0.0138587 -0.00565526 -0.00775036
 -0.0138587           0  -0.0138232  0.00184815
 0.00565526   0.0138232           0  -0.0125897
 0.00775036 -0.00184815   0.0125897           0
Repeater1[0]<--->EndNode1[0]
REAL
   0.477243 0.000859368 -0.00497811    0.383137
0.000859368   0.0364109 -0.00547714   0.0116271
-0.00497811 -0.00547714    0.053316  -0.0287849
   0.383137   0.0116271  -0.0287849     0.43303
IMAGINARY
          0  0.00573379  -0.0152291   0.0045786
-0.00573379           0 -0.00266777  0.00656575
  0.0152291  0.00266777           0   0.0128306
 -0.0045786 -0.00656575  -0.0128306           0
Repeater1[0]<--->HoM1[0]
REAL
  0.473952  0.0131677 0.00152851   0.387123
 0.0131677  0.0393901 0.00641273   0.028256
0.00152851 0.00641273  0.0190597 0.00394259
  0.387123   0.028256 0.00394259   0.467598
IMAGINARY
          0 -0.00565526   0.0138587 -0.00775036
 0.00565526           0   0.0138232  -0.0125897
 -0.0138587  -0.0138232           0  0.00184815
 0.00775036   0.0125897 -0.00184815           0
EndNode1[0]<--->Repeater1[0]
REAL
    0.465517 -0.000444293   0.00326668      0.39516
-0.000444293    0.0394089  -0.00295271   0.00582423
  0.00326668  -0.00295271    0.0406404    0.0108339
     0.39516   0.00582423    0.0108339     0.454433
IMAGINARY
           0   -0.0051932  -0.00526125  -0.00102072
   0.0051932            0  0.000383776   -0.0142356
  0.00526125 -0.000383776            0    0.0209165
  0.00102072    0.0142356   -0.0209165            0
EndNode2[0]<--->HoM1[0]
REAL
   0.461741 -0.00795028  -0.0114026    0.394956
-0.00795028   0.0329815  0.00345277   0.0107906
 -0.0114026  0.00345277    0.030343  0.00856227
   0.394956   0.0107906  0.00856227    0.474934
IMAGINARY
          0   0.0135543 -0.00651741   -0.012684
 -0.0135543           0  -0.0107634 -0.00590089
 0.00651741   0.0107634           0  -0.0129007
   0.012684  0.00590089   0.0129007           0
Repeater1[0]<--->EndNode1[0]
REAL
    0.465517   0.00326668 -0.000444293      0.39516
  0.00326668    0.0406404  -0.00295271    0.0108339
-0.000444293  -0.00295271    0.0394089   0.00582423
     0.39516    0.0108339   0.00582423     0.454433
IMAGINARY
           0  -0.00526125   -0.0051932  -0.00102072
  0.00526125            0 -0.000383776    0.0209165
   0.0051932  0.000383776            0   -0.0142356
  0.00102072   -0.0209165    0.0142356            0
Repeater1[0]<--->HoM1[0]
REAL
   0.461741  -0.0114026 -0.00795028    0.394956
 -0.0114026    0.030343  0.00345277  0.00856227
-0.00795028  0.00345277   0.0329815   0.0107906
   0.394956  0.00856227   0.0107906    0.474934
IMAGINARY
          0 -0.00651741   0.0135543   -0.012684
 0.00651741           0   0.0107634  -0.0129007
 -0.0135543  -0.0107634           0 -0.00590089
   0.012684   0.0129007  0.00590089           0
EndNode1[0]<--->Repeater1[0]
REAL
   0.468831  -0.0099199   0.0060048    0.384728
 -0.0099199   0.0441558  0.00131504   -0.006645
  0.0060048  0.00131504   0.0298701 -0.00480481
   0.384728   -0.006645 -0.00480481    0.457143
IMAGINARY
           0    0.0200078   -0.0106035  -0.00805705
  -0.0200078            0  -0.00420101 -0.000213849
   0.0106035   0.00420101            0   0.00883832
  0.00805705  0.000213849  -0.00883832            0
EndNode2[0]<--->HoM1[0]
REAL
  0.495979 0.00540718  0.0212492   0.387436
0.00540718   0.036193 0.00500992  0.0049992
 0.0212492 0.00500992  0.0428954   0.023402
  0.387436  0.0049992   0.023402   0.424933
IMAGINARY
          0  0.00823819  -0.0181791  0.00801552
-0.00823819           0  0.00295223 -0.00162284
  0.0181791 -0.00295223           0   0.0128014
-0.00801552  0.00162284  -0.0128014           0
Repeater1[0]<--->EndNode1[0]
REAL
   0.468831   0.0060048  -0.0099199    0.384728
  0.0060048   0.0298701  0.00131504 -0.00480481
 -0.0099199  0.00131504   0.0441558   -0.006645
   0.384728 -0.00480481   -0.006645    0.457143
IMAGINARY
           0   -0.0106035    0.0200078  -0.00805705
   0.0106035            0   0.00420101   0.00883832
  -0.0200078  -0.00420101            0 -0.000213849
  0.00805705  -0.00883832  0.000213849            0
Repeater1[0]<--->HoM1[0]
REAL
  0.495979  0.0212492 0.00540718   0.387436
 0.0212492  0.0428954 0.00500992   0.023402
0.00540718 0.00500992   0.036193  0.0049992
  0.387436   0.023402  0.0049992   0.424933
IMAGINARY
          0  -0.0181791  0.00823819  0.00801552
  0.0181791           0 -0.00295223   0.0128014
-0.00823819  0.00295223           0 -0.00162284
-0.00801552  -0.0128014  0.00162284           0
EndNode1[0]<--->Repeater1[0]
REAL
   0.474534  -0.0236149   0.0079241    0.402124
 -0.0236149    0.047205 0.000841454  -0.0321829
  0.0079241 0.000841454   0.0335404  -0.0195118
   0.402124  -0.0321829  -0.0195118     0.44472
IMAGINARY
           0  -0.00727753     0.025853 -0.000549021
  0.00727753            0   -0.0210246   0.00748031
   -0.025853    0.0210246            0   -0.0170814
 0.000549021  -0.00748031    0.0170814            0
EndNode2[0]<--->HoM1[0]
REAL
   0.482119 -0.00565939  0.00151276    0.396572
-0.00565939   0.0344371   0.0116164  -0.0176418
 0.00151276   0.0116164   0.0357616  -0.0278394
   0.396572  -0.0176418  -0.0278394    0.447682
IMAGINARY
          0  0.00280285  -0.0165625   0.0210267
-0.00280285           0  0.00681832 -0.00935409
  0.0165625 -0.00681832           0  0.00667882
 -0.0210267  0.00935409 -0.00667882           0
Repeater1[0]<--->EndNode1[0]
REAL
   0.474534   0.0079241  -0.0236149    0.402124
  0.0079241   0.0335404 0.000841454  -0.0195118
 -0.0236149 0.000841454    0.047205  -0.0321829
   0.402124  -0.0195118  -0.0321829     0.44472
IMAGINARY
           0     0.025853  -0.00727753 -0.000549021
   -0.025853            0    0.0210246   -0.0170814
  0.00727753   -0.0210246            0   0.00748031
 0.000549021    0.0170814  -0.00748031            0
Repeater1[0]<--->HoM1[0]
REAL
   0.482119  0.00151276 -0.00565939    0.396572
 0.00151276   0.0357616   0.0116164  -0.0278394
-0.00565939   0.0116164   0.0344371  -0.0176418
   0.396572  -0.0278394  -0.0176418    0.447682
IMAGINARY
          0  -0.0165625  0.00280285   0.0210267
  0.0165625           0 -0.00681832  0.00667882
-0.00280285  0.00681832           0 -0.00935409
 -0.0210267 -0.00667882  0.00935409           0
EndNode1[0]<--->Repeater1[0]
REAL
    0.48103  0.00453217 -0.00411001    0.380503
 0.00453217   0.0447154 -0.00880503 -0.00909754
-0.00411001 -0.00880503   0.0298103  -0.0101925
   0.380503 -0.00909754  -0.0101925    0.444444
IMAGINARY
          0   0.0120422  -0.0246729   -0.020974
 -0.0120422           0   -0.011371  0.00769173
  0.0246729    0.011371           0    0.022549
   0.020974 -0.00769173   -0.022549           0
EndNode2[0]<--->HoM1[0]
REAL
    0.470291 -5.26085e-05   -0.0040567     0.392233
-5.26085e-05    0.0404551  -0.00727703   0.00342459
  -0.0040567  -0.00727703    0.0391909   0.00827005
    0.392233   0.00342459   0.00827005     0.450063
IMAGINARY
          0  -0.0191996  -0.0122557  -0.0340633
  0.0191996           0  -0.0073875   0.0183832
  0.0122557   0.0073875           0  0.00817021
  0.0340633  -0.0183832 -0.00817021           0
Repeater1[0]<--->EndNode1[0]
REAL
    0.48103 -0.00411001  0.00453217    0.380503
-0.00411001   0.0298103 -0.00880503  -0.0101925
 0.00453217 -0.00880503   0.0447154 -0.00909754
   0.380503  -0.0101925 -0.00909754    0.444444
IMAGINARY
          0  -0.0246729   0.0120422   -0.020974
  0.0246729           0    0.011371    0.022549
 -0.0120422   -0.011371           0  0.00769173
   0.020974   -0.022549 -0.00769173           0
Repeater1[0]<--->HoM1[0]
REAL
    0.470291   -0.0040567 -5.26085e-05     0.392233
  -0.0040567    0.0391909  -0.00727703   0.00827005
-5.26085e-05  -0.00727703    0.0404551   0.00342459
    0.392233   0.00827005   0.00342459     0.450063
IMAGINARY
          0  -0.0122557  -0.0191996  -0.0340633
  0.0122557           0   0.0073875  0.00817021
  0.0191996  -0.0073875           0   0.0183832
  0.0340633 -0.00817021  -0.0183832           0
EndNode1[0]<--->Repeater1[0]
REAL
  0.459667 0.00763487 0.00107382   0.385941
0.00763487  0.0320102 0.00665208 0.00880272
0.00107382 0.00665208  0.0512164  0.0133528
  0.385941 0.00880272  0.0133528   0.457106
IMAGINARY
          0 -0.00412961   0.0117522 -0.00134294
 0.00412961           0   0.0151406  0.00286026
 -0.0117522  -0.0151406           0 -0.00412961
 0.00134294 -0.00286026  0.00412961           0
EndNode2[0]<--->HoM1[0]
REAL
   0.479087 -0.00612175   0.0134454    0.401507
-0.00612175   0.0291508 0.000870515 -0.00906488
  0.0134454 0.000870515    0.035488  0.00299284
   0.401507 -0.00906488  0.00299284    0.456274
IMAGINARY
          0  0.00981225 -0.00160445 -0.00983543
-0.00981225           0  -0.0177719 -0.00540192
 0.00160445   0.0177719           0  -0.0104492
 0.00983543  0.00540192   0.0104492           0
Repeater1[0]<--->EndNode1[0]
REAL
  0.459667 0.00107382 0.00763487   0.385941
0.00107382  0.0512164 0.00665208  0.0133528
0.00763487 0.00665208  0.0320102 0.00880272
  0.385941  0.0133528 0.00880272   0.457106
IMAGINARY
          0   0.0117522 -0.00412961 -0.00134294
 -0.0117522           0  -0.0151406 -0.00412961
 0.00412961   0.0151406           0  0.00286026
 0.00134294  0.00412961 -0.00286026           0
Repeater1[0]<--->HoM1[0]
REAL
   0.479087   0.0134454 -0.00612175    0.401507
  0.0134454    0.035488 0.000870515  0.00299284
-0.00612175 0.000870515   0.0291508 -0.00906488
   0.401507  0.00299284 -0.00906488    0.456274
IMAGINARY
          0 -0.00160445  0.00981225 -0.00983543
 0.00160445           0   0.0177719  -0.0104492
-0.00981225  -0.0177719           0 -0.00540192
 0.00983543   0.0104492  0.00540192           0
EndNode1[0]<--->Repeater1[0]
REAL
   0.453003   0.0059467  0.00704028    0.386561
  0.0059467   0.0391645   0.0107771  -0.0203483
 0.00704028   0.0107771   0.0561358 -0.00277813
   0.386561  -0.0203483 -0.00277813    0.451697
IMAGINARY
          0 -0.00899283  0.00948448  0.00965552
 0.00899283           0  -0.0159687  0.00619933
-0.00948448   0.0159687           0    0.014639
-0.00965552 -0.00619933   -0.014639           0
EndNode2[0]<--->HoM1[0]
REAL
   0.438992  0.00927514 -0.00499445    0.382855
 0.00927514   0.0265252 0.000652774  -0.0107124
-0.00499445 0.000652774    0.035809 -0.00796624
   0.382855  -0.0107124 -0.00796624    0.498674
IMAGINARY
