EndNode1[0]<--->Repeater1[0]
REAL
    0.45614 -0.00243997  -0.0262754    0.377078
-0.00243997   0.0426065   0.0155395   0.0162083
 -0.0262754   0.0155395   0.0451128  -0.0156808
   0.377078   0.0162083  -0.0156808     0.45614
IMAGINARY
          0   -0.025132   0.0198473  -0.0168874
   0.025132           0  -0.0168874    0.013486
 -0.0198473   0.0168874           0 -0.00307315
  0.0168874   -0.013486  0.00307315           0
EndNode2[0]<--->HoM1[0]
REAL
   0.478315   0.0010529   0.0117693    0.353993
  0.0010529   0.0408922 -0.00916515 -0.00779056
  0.0117693 -0.00916515   0.0421314  0.00690466
   0.353993 -0.00779056  0.00690466    0.438662
IMAGINARY
          0 -0.00850503  0.00523612   -0.015135
 0.00850503           0  0.00572469  0.00660598
-0.00523612 -0.00572469           0 -0.00333707
   0.015135 -0.00660598  0.00333707           0
Repeater1[0]<--->EndNode1[0]
REAL
    0.45614  -0.0262754 -0.00243997    0.377078
 -0.0262754   0.0451128   0.0155395  -0.0156808
-0.00243997   0.0155395   0.0426065   0.0162083
   0.377078  -0.0156808   0.0162083     0.45614
IMAGINARY
          0   0.0198473   -0.025132  -0.0168874
 -0.0198473           0   0.0168874 -0.00307315
   0.025132  -0.0168874           0    0.013486
  0.0168874  0.00307315   -0.013486           0
Repeater1[0]<--->HoM1[0]
REAL
   0.478315   0.0117693   0.0010529    0.353993
  0.0117693   0.0421314 -0.00916515  0.00690466
  0.0010529 -0.00916515   0.0408922 -0.00779056
   0.353993  0.00690466 -0.00779056    0.438662
IMAGINARY
          0  0.00523612 -0.00850503   -0.015135
-0.00523612           0 -0.00572469 -0.00333707
 0.00850503  0.00572469           0  0.00660598
   0.015135  0.00333707 -0.00660598           0
EndNode1[0]<--->Repeater1[0]
REAL
   0.489089  0.00539061  -0.0211373    0.380883
 0.00539061   0.0282413  -0.0117872  0.00696727
 -0.0211373  -0.0117872    0.042362 -0.00201679
   0.380883  0.00696727 -0.00201679    0.440308
IMAGINARY
          0  0.00769543 -0.00597241  -0.0106752
-0.00769543           0  -0.0131941   0.0190614
 0.00597241   0.0131941           0  -0.0181666
  0.0106752  -0.0190614   0.0181666           0
EndNode2[0]<--->HoM1[0]
REAL
   0.453384 -0.00155072 -0.00773416    0.364504
-0.00155072   0.0536398  0.00826972     0.01664
-0.00773416  0.00826972   0.0446999  0.00536752
   0.364504     0.01664  0.00536752    0.448276
IMAGINARY
          0 -0.00732718  0.00254453   0.0126891
 0.00732718           0  0.00186112  -0.0101781
-0.00254453 -0.00186112           0    0.016233
 -0.0126891   0.0101781   -0.016233           0
Repeater1[0]<--->EndNode1[0]
REAL
   0.489089  -0.0211373  0.00539061    0.380883
 -0.0211373    0.042362  -0.0117872 -0.00201679
 0.00539061  -0.0117872   0.0282413  0.00696727
   0.380883 -0.00201679  0.00696727    0.440308
IMAGINARY
          0 -0.00597241  0.00769543  -0.0106752
 0.00597241           0   0.0131941  -0.0181666
-0.00769543  -0.0131941           0   0.0190614
  0.0106752   0.0181666  -0.0190614           0
Repeater1[0]<--->HoM1[0]
REAL
   0.453384 -0.00773416 -0.00155072    0.364504
-0.00773416   0.0446999  0.00826972  0.00536752
-0.00155072  0.00826972   0.0536398     0.01664
   0.364504  0.00536752     0.01664    0.448276
IMAGINARY
          0  0.00254453 -0.00732718   0.0126891
-0.00254453           0 -0.00186112    0.016233
 0.00732718  0.00186112           0  -0.0101781
 -0.0126891   -0.016233   0.0101781           0
EndNode1[0]<--->Repeater1[0]
REAL
    0.46547  -0.0165328 -0.00343939      0.3761
 -0.0165328   0.0303867  -0.0102936  0.00408455
-0.00343939  -0.0102936   0.0414365  0.00685535
     0.3761  0.00408455  0.00685535    0.462707
IMAGINARY
          0   0.0144537   0.0121611   0.0235023
 -0.0144537           0  0.00901798  -0.0220687
 -0.0121611 -0.00901798           0 -0.00983021
 -0.0235023   0.0220687  0.00983021           0
EndNode2[0]<--->HoM1[0]
REAL
  0.462629 0.00914896 0.00417925   0.360213
0.00914896  0.0360825 0.00831275   0.012421
0.00417925 0.00831275  0.0412371  0.0247156
  0.360213   0.012421  0.0247156   0.460052
IMAGINARY
          0   0.0112125 -0.00525376  0.00352106
 -0.0112125           0 -0.00417125  0.00459845
 0.00525376  0.00417125           0  0.00385957
-0.00352106 -0.00459845 -0.00385957           0
Repeater1[0]<--->EndNode1[0]
REAL
    0.46547 -0.00343939  -0.0165328      0.3761
-0.00343939   0.0414365  -0.0102936  0.00685535
 -0.0165328  -0.0102936   0.0303867  0.00408455
     0.3761  0.00685535  0.00408455    0.462707
IMAGINARY
          0   0.0121611   0.0144537   0.0235023
 -0.0121611           0 -0.00901798 -0.00983021
 -0.0144537  0.00901798           0  -0.0220687
 -0.0235023  0.00983021   0.0220687           0
Repeater1[0]<--->HoM1[0]
REAL
  0.462629 0.00417925 0.00914896   0.360213
0.00417925  0.0412371 0.00831275  0.0247156
0.00914896 0.00831275  0.0360825   0.012421
  0.360213  0.0247156   0.012421   0.460052
IMAGINARY
          0 -0.00525376   0.0112125  0.00352106
 0.00525376           0  0.00417125  0.00385957
 -0.0112125 -0.00417125           0  0.00459845
-0.00352106 -0.00385957 -0.00459845           0
EndNode1[0]<--->Repeater1[0]
REAL
  0.457565  0.0050344  0.0121833   0.380527
 0.0050344  0.0455105  0.0093356 0.00596439
 0.0121833  0.0093356  0.0430504  0.0156164
  0.380527 0.00596439  0.0156164   0.453875
IMAGINARY
           0   -0.0046713   -0.0135592  0.000784558
   0.0046713            0   -0.0191623   0.00801907
   0.0135592    0.0191623            0   0.00328626
-0.000784558  -0.00801907  -0.00328626            0
EndNode2[0]<--->HoM1[0]
REAL
   0.452412 -0.00437115 -0.00504239    0.376644
-0.00437115   0.0352021  0.00599691 0.000152415
-0.00504239  0.00599691   0.0391134  -0.0176337
   0.376644 0.000152415  -0.0176337    0.473272
IMAGINARY
          0   0.0149945  -0.0148882  0.00937544
 -0.0149945           0 -0.00314103  -0.0460571
  0.0148882  0.00314103           0    0.033513
-0.00937544   0.0460571   -0.033513           0
Repeater1[0]<--->EndNode1[0]
REAL
  0.457565  0.0121833  0.0050344   0.380527
 0.0121833  0.0430504  0.0093356  0.0156164
 0.0050344  0.0093356  0.0455105 0.00596439
  0.380527  0.0156164 0.00596439   0.453875
IMAGINARY
           0   -0.0135592   -0.0046713  0.000784558
   0.0135592            0    0.0191623   0.00328626
   0.0046713   -0.0191623            0   0.00801907
-0.000784558  -0.00328626  -0.00801907            0
Repeater1[0]<--->HoM1[0]
REAL
   0.452412 -0.00504239 -0.00437115    0.376644
-0.00504239   0.0391134  0.00599691  -0.0176337
-0.00437115  0.00599691   0.0352021 0.000152415
   0.376644  -0.0176337 0.000152415    0.473272
IMAGINARY
          0  -0.0148882   0.0149945  0.00937544
  0.0148882           0  0.00314103    0.033513
 -0.0149945 -0.00314103           0  -0.0460571
-0.00937544   -0.033513   0.0460571           0
EndNode1[0]<--->Repeater1[0]
REAL
   0.463143 -0.00562533 -0.00188258     0.38138
-0.00562533   0.0403338 -0.00780215 -0.00127798
-0.00188258 -0.00780215   0.0361613   0.0125786
    0.38138 -0.00127798   0.0125786    0.460362
IMAGINARY
           0   -0.0141028   -0.0124864 -0.000378774
   0.0141028            0    0.0132689 -0.000706254
   0.0124864   -0.0132689            0    0.0246569
 0.000378774  0.000706254   -0.0246569            0
EndNode2[0]<--->HoM1[0]
REAL
    0.531169  -0.00388098   0.00875038     0.379871
 -0.00388098    0.0350649 -0.000181315  -0.00810355
  0.00875038 -0.000181315    0.0246753  -0.00194049
    0.379871  -0.00810355  -0.00194049     0.409091
IMAGINARY
          0  0.00154353 -0.00042997  0.00277478
-0.00154353           0 -0.00344412   0.0102083
 0.00042997  0.00344412           0  0.00953861
-0.00277478  -0.0102083 -0.00953861           0
Repeater1[0]<--->EndNode1[0]
REAL
   0.463143 -0.00188258 -0.00562533     0.38138
-0.00188258   0.0361613 -0.00780215   0.0125786
-0.00562533 -0.00780215   0.0403338 -0.00127798
    0.38138   0.0125786 -0.00127798    0.460362
IMAGINARY
           0   -0.0124864   -0.0141028 -0.000378774
   0.0124864            0   -0.0132689    0.0246569
   0.0141028    0.0132689            0 -0.000706254
 0.000378774   -0.0246569  0.000706254            0
Repeater1[0]<--->HoM1[0]
REAL
    0.531169   0.00875038  -0.00388098     0.379871
  0.00875038    0.0246753 -0.000181315  -0.00194049
 -0.00388098 -0.000181315    0.0350649  -0.00810355
    0.379871  -0.00194049  -0.00810355     0.409091
IMAGINARY
          0 -0.00042997  0.00154353  0.00277478
 0.00042997           0  0.00344412  0.00953861
-0.00154353 -0.00344412           0   0.0102083
-0.00277478 -0.00953861  -0.0102083           0
EndNode1[0]<--->Repeater1[0]
REAL
  0.445187 -0.0125053  -0.014574   0.376039
-0.0125053  0.0374332 -0.0266497 0.00711128
 -0.014574 -0.0266497  0.0387701 0.00639949
  0.376039 0.00711128 0.00639949    0.47861
IMAGINARY
           0  0.000376973   -0.0034083   0.00934206
-0.000376973            0 -0.000139607   -0.0151576
   0.0034083  0.000139607            0    0.0130673
 -0.00934206    0.0151576   -0.0130673            0
EndNode2[0]<--->HoM1[0]
REAL
  0.480964 0.00330974  0.0150673   0.375996
0.00330974  0.0317259 0.00259427 -0.0176783
 0.0150673 0.00259427  0.0406091 0.00582864
  0.375996 -0.0176783 0.00582864   0.446701
IMAGINARY
           0  -0.00471314  -0.00464191    0.0101655
  0.00471314            0  0.000756864   0.00464191
  0.00464191 -0.000756864            0   0.00854946
  -0.0101655  -0.00464191  -0.00854946            0
Repeater1[0]<--->EndNode1[0]
REAL
  0.445187  -0.014574 -0.0125053   0.376039
 -0.014574  0.0387701 -0.0266497 0.00639949
-0.0125053 -0.0266497  0.0374332 0.00711128
  0.376039 0.00639949 0.00711128    0.47861
IMAGINARY
           0   -0.0034083  0.000376973   0.00934206
   0.0034083            0  0.000139607    0.0130673
-0.000376973 -0.000139607            0   -0.0151576
 -0.00934206   -0.0130673    0.0151576            0
Repeater1[0]<--->HoM1[0]
REAL
  0.480964  0.0150673 0.00330974   0.375996
 0.0150673  0.0406091 0.00259427 0.00582864
0.00330974 0.00259427  0.0317259 -0.0176783
  0.375996 0.00582864 -0.0176783   0.446701
IMAGINARY
           0  -0.00464191  -0.00471314    0.0101655
  0.00464191            0 -0.000756864   0.00854946
  0.00471314  0.000756864            0   0.00464191
  -0.0101655  -0.00854946  -0.00464191            0
EndNode1[0]<--->Repeater1[0]
REAL
    0.465789   -0.0148085  -0.00989441     0.366462
  -0.0148085    0.0368421    0.0110085   -0.0197499
 -0.00989441    0.0110085    0.0368421 -0.000343053
    0.366462   -0.0197499 -0.000343053     0.460526
IMAGINARY
          0  -0.0159943 -0.00480984  0.00568349
  0.0159943           0   0.0101996 -0.00241749
 0.00480984  -0.0101996           0   0.0153373
-0.00568349  0.00241749  -0.0153373           0
EndNode2[0]<--->HoM1[0]
REAL
  0.455808  0.0102251 -0.0170667   0.379471
 0.0102251  0.0505051 -0.0034811 -0.0079993
-0.0170667 -0.0034811  0.0416667 -0.0036288
  0.379471 -0.0079993 -0.0036288    0.45202
IMAGINARY
          0   0.0201531  -0.0186127 -0.00554385
 -0.0201531           0  -0.0178655 -0.00428804
  0.0186127   0.0178655           0   0.0129258
 0.00554385  0.00428804  -0.0129258           0
Repeater1[0]<--->EndNode1[0]
REAL
    0.465789  -0.00989441   -0.0148085     0.366462
 -0.00989441    0.0368421    0.0110085 -0.000343053
  -0.0148085    0.0110085    0.0368421   -0.0197499
    0.366462 -0.000343053   -0.0197499     0.460526
IMAGINARY
          0 -0.00480984  -0.0159943  0.00568349
 0.00480984           0  -0.0101996   0.0153373
  0.0159943   0.0101996           0 -0.00241749
-0.00568349  -0.0153373  0.00241749           0
Repeater1[0]<--->HoM1[0]
REAL
  0.455808 -0.0170667  0.0102251   0.379471
-0.0170667  0.0416667 -0.0034811 -0.0036288
 0.0102251 -0.0034811  0.0505051 -0.0079993
  0.379471 -0.0036288 -0.0079993    0.45202
IMAGINARY
          0  -0.0186127   0.0201531 -0.00554385
  0.0186127           0   0.0178655   0.0129258
 -0.0201531  -0.0178655           0 -0.00428804
 0.00554385  -0.0129258  0.00428804           0
EndNode1[0]<--->Repeater1[0]
REAL
   0.473945 0.000513463  0.00424283    0.382309
0.000513463   0.0384615   0.0161287  0.00487176
 0.00424283   0.0161287   0.0496278   0.0112053
   0.382309  0.00487176   0.0112053    0.437965
IMAGINARY
          0  -0.0299054   0.0182281  -0.0139856
  0.0299054           0  0.00214346  0.00488628
 -0.0182281 -0.00214346           0  0.00192485
  0.0139856 -0.00488628 -0.00192485           0
EndNode2[0]<--->HoM1[0]
REAL
   0.453457  -0.0189579 -0.00133335    0.362451
 -0.0189579    0.025266  -0.0110506  -0.0175461
-0.00133335  -0.0110506   0.0385638  -0.0023576
   0.362451  -0.0175461  -0.0023576    0.482713
IMAGINARY
          0  -0.0113331 -0.00409015  0.00824226
  0.0113331           0   0.0107933   0.0114137
 0.00409015  -0.0107933           0 -0.00264825
-0.00824226  -0.0114137  0.00264825           0
Repeater1[0]<--->EndNode1[0]
REAL
   0.473945  0.00424283 0.000513463    0.382309
 0.00424283   0.0496278   0.0161287   0.0112053
0.000513463   0.0161287   0.0384615  0.00487176
   0.382309   0.0112053  0.00487176    0.437965
IMAGINARY
          0   0.0182281  -0.0299054  -0.0139856
 -0.0182281           0 -0.00214346  0.00192485
  0.0299054  0.00214346           0  0.00488628
  0.0139856 -0.00192485 -0.00488628           0
Repeater1[0]<--->HoM1[0]
REAL
   0.453457 -0.00133335  -0.0189579    0.362451
-0.00133335   0.0385638  -0.0110506  -0.0023576
 -0.0189579  -0.0110506    0.025266  -0.0175461
   0.362451  -0.0023576  -0.0175461    0.482713
IMAGINARY
          0 -0.00409015  -0.0113331  0.00824226
 0.00409015           0  -0.0107933 -0.00264825
  0.0113331   0.0107933           0   0.0114137
-0.00824226  0.00264825  -0.0114137           0
EndNode1[0]<--->Repeater1[0]
REAL
  0.487624 0.00162098  0.0168717    0.36045
0.00162098  0.0346535 -0.0156454 0.00269645
 0.0168717 -0.0156454  0.0408416  0.0111995
   0.36045 0.00269645  0.0111995   0.436881
IMAGINARY
          0  0.00929151  0.00520096  0.00275317
-0.00929151           0  -0.0117971  -0.0120846
-0.00520096   0.0117971           0  -0.0111689
-0.00275317   0.0120846   0.0111689           0
EndNode2[0]<--->HoM1[0]
REAL
   0.488682  -0.0102828 -0.00734072    0.390963
 -0.0102828   0.0399467  0.00235272  -0.0042274
-0.00734072  0.00235272   0.0386152  -0.0102828
   0.390963  -0.0042274  -0.0102828    0.432756
IMAGINARY
           0    0.0239931   -0.0153059   0.00067193
  -0.0239931            0  -0.00893114   -0.0015902
   0.0153059   0.00893114            0 -0.000839136
 -0.00067193    0.0015902  0.000839136            0
Repeater1[0]<--->EndNode1[0]
REAL
  0.487624  0.0168717 0.00162098    0.36045
 0.0168717  0.0408416 -0.0156454  0.0111995
0.00162098 -0.0156454  0.0346535 0.00269645
   0.36045  0.0111995 0.00269645   0.436881
IMAGINARY
          0  0.00520096  0.00929151  0.00275317
-0.00520096           0   0.0117971  -0.0111689
-0.00929151  -0.0117971           0  -0.0120846
-0.00275317   0.0111689   0.0120846           0
Repeater1[0]<--->HoM1[0]
REAL
   0.488682 -0.00734072  -0.0102828    0.390963
-0.00734072   0.0386152  0.00235272  -0.0102828
 -0.0102828  0.00235272   0.0399467  -0.0042274
   0.390963  -0.0102828  -0.0042274    0.432756
IMAGINARY
           0   -0.0153059    0.0239931   0.00067193
   0.0153059            0   0.00893114 -0.000839136
  -0.0239931  -0.00893114            0   -0.0015902
 -0.00067193  0.000839136    0.0015902            0
EndNode1[0]<--->Repeater1[0]
REAL
   0.47348  -0.015444 0.00537726   0.362217
 -0.015444  0.0413972 0.00183521 -0.0230243
0.00537726 0.00183521  0.0349288 -0.0022031
  0.362217 -0.0230243 -0.0022031   0.450194
IMAGINARY
          0  -0.0102139  -0.0149555   0.0107655
  0.0102139           0  0.00879441  0.00660225
  0.0149555 -0.00879441           0   0.0078273
 -0.0107655 -0.00660225  -0.0078273           0
EndNode2[0]<--->HoM1[0]
REAL
   0.471218 -0.00143629   0.0214673     0.37729
-0.00143629    0.042838 -0.00245664 -0.00215974
  0.0214673 -0.00245664   0.0508701   0.0154176
    0.37729 -0.00215974   0.0154176    0.435074
IMAGINARY
          0  0.00330802   0.0123846 -0.00886742
-0.00330802           0   0.0106638  0.00786852
 -0.0123846  -0.0106638           0  -0.0273586
 0.00886742 -0.00786852   0.0273586           0
Repeater1[0]<--->EndNode1[0]
REAL
   0.47348 0.00537726  -0.015444   0.362217
0.00537726  0.0349288 0.00183521 -0.0022031
 -0.015444 0.00183521  0.0413972 -0.0230243
  0.362217 -0.0022031 -0.0230243   0.450194
IMAGINARY
          0  -0.0149555  -0.0102139   0.0107655
  0.0149555           0 -0.00879441   0.0078273
  0.0102139  0.00879441           0  0.00660225
 -0.0107655  -0.0078273 -0.00660225           0
Repeater1[0]<--->HoM1[0]
REAL
   0.471218   0.0214673 -0.00143629     0.37729
  0.0214673   0.0508701 -0.00245664   0.0154176
-0.00143629 -0.00245664    0.042838 -0.00215974
    0.37729   0.0154176 -0.00215974    0.435074
IMAGINARY
          0   0.0123846  0.00330802 -0.00886742
 -0.0123846           0  -0.0106638  -0.0273586
-0.00330802   0.0106638           0  0.00786852
 0.00886742   0.0273586 -0.00786852           0
EndNode1[0]<--->Repeater1[0]
REAL
   0.505952  0.00445851  -0.0132064    0.369213
 0.00445851   0.0380952   0.0157427 -0.00259635
 -0.0132064   0.0157427   0.0333333 -0.00888329
   0.369213 -0.00259635 -0.00888329    0.422619
IMAGINARY
          0 -0.00522118   0.0104042   0.0275241
 0.00522118           0   0.0214414  -0.0014068
 -0.0104042  -0.0214414           0   0.0116479
 -0.0275241   0.0014068  -0.0116479           0
EndNode2[0]<--->HoM1[0]
REAL
   0.467681  -0.0113586 -0.00311111    0.371001
 -0.0113586   0.0380228 -0.00433423  -0.0142222
-0.00311111 -0.00433423   0.0380228    0.012692
   0.371001  -0.0142222    0.012692    0.456274
IMAGINARY
          0  0.00874046  -0.0137803 -0.00983001
-0.00874046           0 -0.00732374  0.00707788
  0.0137803  0.00732374           0  0.00466437
 0.00983001 -0.00707788 -0.00466437           0
Repeater1[0]<--->EndNode1[0]
REAL
   0.505952  -0.0132064  0.00445851    0.369213
 -0.0132064   0.0333333   0.0157427 -0.00888329
 0.00445851   0.0157427   0.0380952 -0.00259635
   0.369213 -0.00888329 -0.00259635    0.422619
IMAGINARY
          0   0.0104042 -0.00522118   0.0275241
 -0.0104042           0  -0.0214414   0.0116479
 0.00522118   0.0214414           0  -0.0014068
 -0.0275241  -0.0116479   0.0014068           0
Repeater1[0]<--->HoM1[0]
REAL
   0.467681 -0.00311111  -0.0113586    0.371001
-0.00311111   0.0380228 -0.00433423    0.012692
 -0.0113586 -0.00433423   0.0380228  -0.0142222
   0.371001    0.012692  -0.0142222    0.456274
IMAGINARY
          0  -0.0137803  0.00874046 -0.00983001
  0.0137803           0  0.00732374  0.00466437
-0.00874046 -0.00732374           0  0.00707788
 0.00983001 -0.00466437 -0.00707788           0
EndNode1[0]<--->Repeater1[0]
REAL
   0.496715  0.00979973 -0.00534028    0.367163
 0.00979973   0.0302234  0.00517748  0.00932964
-0.00534028  0.00517748   0.0551905  -0.0164487
   0.367163  0.00932964  -0.0164487    0.417871
IMAGINARY
           0  -0.00467356  -0.00683224    0.0132091
  0.00467356            0    0.0212953   0.00925355
  0.00683224   -0.0212953            0 -0.000169055
  -0.0132091  -0.00925355  0.000169055            0
EndNode2[0]<--->HoM1[0]
REAL
   0.473008   0.0193299 -0.00112019    0.374446
  0.0193299   0.0347044 -0.00539867    0.013025
-0.00112019 -0.00539867   0.0308483  -0.0193299
   0.374446    0.013025  -0.0193299     0.46144
IMAGINARY
          0   0.0102706   0.0135088  0.00221228
 -0.0102706           0  -0.0041329 -0.00963284
 -0.0135088   0.0041329           0 -0.00251867
-0.00221228  0.00963284  0.00251867           0
Repeater1[0]<--->EndNode1[0]
REAL
   0.496715 -0.00534028  0.00979973    0.367163
-0.00534028   0.0551905  0.00517748  -0.0164487
 0.00979973  0.00517748   0.0302234  0.00932964
   0.367163  -0.0164487  0.00932964    0.417871
IMAGINARY
           0  -0.00683224  -0.00467356    0.0132091
  0.00683224            0   -0.0212953 -0.000169055
  0.00467356    0.0212953            0   0.00925355
  -0.0132091  0.000169055  -0.00925355            0
Repeater1[0]<--->HoM1[0]
REAL
   0.473008 -0.00112019   0.0193299    0.374446
-0.00112019   0.0308483 -0.00539867  -0.0193299
  0.0193299 -0.00539867   0.0347044    0.013025
   0.374446  -0.0193299    0.013025     0.46144
IMAGINARY
          0   0.0135088   0.0102706  0.00221228
 -0.0135088           0   0.0041329 -0.00251867
 -0.0102706  -0.0041329           0 -0.00963284
-0.00221228  0.00251867  0.00963284           0
EndNode1[0]<--->Repeater1[0]
REAL
   0.470588 0.000578579 -0.00593604    0.375049
0.000578579   0.0424077  0.00299955  0.00786159
-0.00593604  0.00299955   0.0424077   0.0129002
   0.375049  0.00786159   0.0129002    0.444596
IMAGINARY
          0  0.00221273 -0.00962202  -0.0132533
-0.00221273           0  0.00826573  0.00154749
 0.00962202 -0.00826573           0  -0.0102873
  0.0132533 -0.00154749   0.0102873           0
EndNode2[0]<--->HoM1[0]
REAL
    0.490372 -1.34638e-05  -0.00203363     0.378847
-1.34638e-05    0.0320924   0.00857007  -0.00525114
 -0.00203363   0.00857007    0.0269576 -0.000648788
    0.378847  -0.00525114 -0.000648788     0.450578
IMAGINARY
           0  -0.00321626  -0.00628932   -0.0065273
  0.00321626            0  0.000551206 -7.91109e-06
  0.00628932 -0.000551206            0   0.00573515
   0.0065273  7.91109e-06  -0.00573515            0
Repeater1[0]<--->EndNode1[0]
REAL
   0.470588 -0.00593604 0.000578579    0.375049
-0.00593604   0.0424077  0.00299955   0.0129002
0.000578579  0.00299955   0.0424077  0.00786159
   0.375049   0.0129002  0.00786159    0.444596
IMAGINARY
          0 -0.00962202  0.00221273  -0.0132533
 0.00962202           0 -0.00826573  -0.0102873
-0.00221273  0.00826573           0  0.00154749
  0.0132533   0.0102873 -0.00154749           0
Repeater1[0]<--->HoM1[0]
REAL
    0.490372  -0.00203363 -1.34638e-05     0.378847
 -0.00203363    0.0269576   0.00857007 -0.000648788
-1.34638e-05   0.00857007    0.0320924  -0.00525114
    0.378847 -0.000648788  -0.00525114     0.450578
IMAGINARY
           0  -0.00628932  -0.00321626   -0.0065273
  0.00628932            0 -0.000551206   0.00573515
  0.00321626  0.000551206            0 -7.91109e-06
   0.0065273  -0.00573515  7.91109e-06            0
EndNode1[0]<--->Repeater1[0]
REAL
    0.48062 -0.00745228  -0.0182055    0.376189
-0.00745228   0.0284238 -0.00571073  0.00011913
 -0.0182055 -0.00571073   0.0284238 -0.00479976
   0.376189  0.00011913 -0.00479976    0.462532
IMAGINARY
          0  0.00867756 -0.00789668  0.00282753
-0.00867756           0  0.00414332  0.00725483
 0.00789668 -0.00414332           0  0.00736866
-0.00282753 -0.00725483 -0.00736866           0
EndNode2[0]<--->HoM1[0]
REAL
   0.432266  0.00727396   0.0118167    0.376602
 0.00727396   0.0295567   0.0160752 -0.00929146
  0.0118167   0.0160752   0.0431034   0.0116654
   0.376602 -0.00929146   0.0116654    0.495074
IMAGINARY
          0  -0.0249671  0.00465639   0.0142393
  0.0249671           0   -0.012913   0.0111331
-0.00465639    0.012913           0  0.00128289
 -0.0142393  -0.0111331 -0.00128289           0
Repeater1[0]<--->EndNode1[0]
REAL
    0.48062  -0.0182055 -0.00745228    0.376189
 -0.0182055   0.0284238 -0.00571073 -0.00479976
-0.00745228 -0.00571073   0.0284238  0.00011913
   0.376189 -0.00479976  0.00011913    0.462532
IMAGINARY
          0 -0.00789668  0.00867756  0.00282753
 0.00789668           0 -0.00414332  0.00736866
-0.00867756  0.00414332           0  0.00725483
-0.00282753 -0.00736866 -0.00725483           0
Repeater1[0]<--->HoM1[0]
REAL
   0.432266   0.0118167  0.00727396    0.376602
  0.0118167   0.0431034   0.0160752   0.0116654
 0.00727396   0.0160752   0.0295567 -0.00929146
   0.376602   0.0116654 -0.00929146    0.495074
IMAGINARY
          0  0.00465639  -0.0249671   0.0142393
-0.00465639           0    0.012913  0.00128289
  0.0249671   -0.012913           0   0.0111331
 -0.0142393 -0.00128289  -0.0111331           0
EndNode1[0]<--->Repeater1[0]
REAL
    0.487898   -0.0189826    0.0154512     0.367949
  -0.0189826    0.0318471 -0.000210628   -0.0123609
   0.0154512 -0.000210628    0.0407643   0.00847585
    0.367949   -0.0123609   0.00847585      0.43949
IMAGINARY
          0   0.0120396  0.00692521  -0.0132827
 -0.0120396           0   0.0261032 -0.00692521
-0.00692521  -0.0261032           0 -0.00706448
  0.0132827  0.00692521  0.00706448           0
EndNode2[0]<--->HoM1[0]
REAL
   0.488491 -0.00954348  -0.0156421      0.3656
-0.00954348   0.0434783   0.0109103  -0.0226129
 -0.0156421   0.0109103   0.0396419   -0.026027
     0.3656  -0.0226129   -0.026027    0.428389
IMAGINARY
           0 -0.000305533   -0.0104418  -0.00990277
 0.000305533            0    0.0159593   0.00581832
   0.0104418   -0.0159593            0  -0.00828099
  0.00990277  -0.00581832   0.00828099            0
Repeater1[0]<--->EndNode1[0]
REAL
    0.487898    0.0154512   -0.0189826     0.367949
   0.0154512    0.0407643 -0.000210628   0.00847585
  -0.0189826 -0.000210628    0.0318471   -0.0123609
    0.367949   0.00847585   -0.0123609      0.43949
IMAGINARY
          0  0.00692521   0.0120396  -0.0132827
-0.00692521           0  -0.0261032 -0.00706448
 -0.0120396   0.0261032           0 -0.00692521
  0.0132827  0.00706448  0.00692521           0
Repeater1[0]<--->HoM1[0]
REAL
   0.488491  -0.0156421 -0.00954348      0.3656
 -0.0156421   0.0396419   0.0109103   -0.026027
-0.00954348   0.0109103   0.0434783  -0.0226129
     0.3656   -0.026027  -0.0226129    0.428389
IMAGINARY
           0   -0.0104418 -0.000305533  -0.00990277
   0.0104418            0   -0.0159593  -0.00828099
 0.000305533    0.0159593            0   0.00581832
  0.00990277   0.00828099  -0.00581832            0
EndNode1[0]<--->Repeater1[0]
REAL
    0.457036   -0.0107652 -0.000328515     0.365274
  -0.0107652    0.0373599    0.0128989  0.000328515
-0.000328515    0.0128989    0.0361146   -0.0120775
    0.365274  0.000328515   -0.0120775     0.469489
IMAGINARY
          0  0.00288832  0.00865181 -0.00450189
-0.00288832           0  0.00136513  -0.0131448
-0.00865181 -0.00136513           0  0.00288832
 0.00450189   0.0131448 -0.00288832           0
EndNode2[0]<--->HoM1[0]
REAL
   0.449424  -0.0228015  -0.0100153    0.389244
 -0.0228015   0.0409731  0.00188492 -0.00745779
 -0.0100153  0.00188492   0.0409731  0.00398425
   0.389244 -0.00745779  0.00398425     0.46863
IMAGINARY
           0  -0.00884049 -8.03315e-06  -6.6569e-05
  0.00884049            0    0.0173079  0.000633815
 8.03315e-06   -0.0173079            0  -0.00430093
  6.6569e-05 -0.000633815   0.00430093            0
Repeater1[0]<--->EndNode1[0]
REAL
    0.457036 -0.000328515   -0.0107652     0.365274
-0.000328515    0.0361146    0.0128989   -0.0120775
  -0.0107652    0.0128989    0.0373599  0.000328515
    0.365274   -0.0120775  0.000328515     0.469489
IMAGINARY
          0  0.00865181  0.00288832 -0.00450189
-0.00865181           0 -0.00136513  0.00288832
-0.00288832  0.00136513           0  -0.0131448
 0.00450189 -0.00288832   0.0131448           0
Repeater1[0]<--->HoM1[0]
REAL
   0.449424  -0.0100153  -0.0228015    0.389244
 -0.0100153   0.0409731  0.00188492  0.00398425
 -0.0228015  0.00188492   0.0409731 -0.00745779
   0.389244  0.00398425 -0.00745779     0.46863
IMAGINARY
           0 -8.03315e-06  -0.00884049  -6.6569e-05
 8.03315e-06            0   -0.0173079  -0.00430093
  0.00884049    0.0173079            0  0.000633815
  6.6569e-05   0.00430093 -0.000633815            0
EndNode1[0]<--->Repeater1[0]
REAL
  0.458065  0.0280207 0.00740541   0.385114
 0.0280207  0.0387097 0.00555231  0.0299279
0.00740541 0.00555231  0.0554839 0.00131263
  0.385114  0.0299279 0.00131263   0.447742
IMAGINARY
           0  -0.00281056    -0.011847   0.00734058
  0.00281056            0  0.000946715    0.0179297
    0.011847 -0.000946715            0     0.014976
 -0.00734058   -0.0179297    -0.014976            0
EndNode2[0]<--->HoM1[0]
REAL
     0.48977 -0.000590662   0.00526834     0.383695
-0.000590662    0.0396419    0.0111083  -0.00716948
  0.00526834    0.0111083    0.0306905   0.00756151
    0.383695  -0.00716948   0.00756151     0.439898
IMAGINARY
          0 -0.00837777   0.0160586  0.00801054
 0.00837777           0  -0.0146595 -0.00640609
 -0.0160586   0.0146595           0  -0.0102837
-0.00801054  0.00640609   0.0102837           0
Repeater1[0]<--->EndNode1[0]
REAL
  0.458065 0.00740541  0.0280207   0.385114
0.00740541  0.0554839 0.00555231 0.00131263
 0.0280207 0.00555231  0.0387097  0.0299279
  0.385114 0.00131263  0.0299279   0.447742
IMAGINARY
           0    -0.011847  -0.00281056   0.00734058
    0.011847            0 -0.000946715     0.014976
  0.00281056  0.000946715            0    0.0179297
 -0.00734058    -0.014976   -0.0179297            0
Repeater1[0]<--->HoM1[0]
REAL
     0.48977   0.00526834 -0.000590662     0.383695
  0.00526834    0.0306905    0.0111083   0.00756151
-0.000590662    0.0111083    0.0396419  -0.00716948
    0.383695   0.00756151  -0.00716948     0.439898
IMAGINARY
          0   0.0160586 -0.00837777  0.00801054
 -0.0160586           0   0.0146595  -0.0102837
 0.00837777  -0.0146595           0 -0.00640609
-0.00801054   0.0102837  0.00640609           0
EndNode1[0]<--->Repeater1[0]
REAL
   0.487245  -0.0137415  0.00748009    0.360025
 -0.0137415   0.0293367 -0.00646332 -0.00484157
 0.00748009 -0.00646332   0.0344388  0.00450667
   0.360025 -0.00484157  0.00450667     0.44898
IMAGINARY
           0  -0.00208156   0.00492014  0.000173568
  0.00208156            0    0.0207921   -0.0135984
 -0.00492014   -0.0207921            0    0.0161003
-0.000173568    0.0135984   -0.0161003            0
EndNode2[0]<--->HoM1[0]
REAL
    0.436567    0.0225756    0.0160704     0.372656
   0.0225756    0.0348259    0.0143567 -0.000485938
   0.0160704    0.0143567    0.0435323   0.00989198
    0.372656 -0.000485938   0.00989198     0.485075
IMAGINARY
          0 -0.00132658   0.0153464  0.00659358
 0.00132658           0   0.0104796 -0.00792402
 -0.0153464  -0.0104796           0  0.00874898
-0.00659358  0.00792402 -0.00874898           0
Repeater1[0]<--->EndNode1[0]
REAL
   0.487245  0.00748009  -0.0137415    0.360025
 0.00748009   0.0344388 -0.00646332  0.00450667
 -0.0137415 -0.00646332   0.0293367 -0.00484157
   0.360025  0.00450667 -0.00484157     0.44898
IMAGINARY
           0   0.00492014  -0.00208156  0.000173568
 -0.00492014            0   -0.0207921    0.0161003
  0.00208156    0.0207921            0   -0.0135984
-0.000173568   -0.0161003    0.0135984            0
Repeater1[0]<--->HoM1[0]
REAL
    0.436567    0.0160704    0.0225756     0.372656
   0.0160704    0.0435323    0.0143567   0.00989198
   0.0225756    0.0143567    0.0348259 -0.000485938
    0.372656   0.00989198 -0.000485938     0.485075
IMAGINARY
          0   0.0153464 -0.00132658  0.00659358
 -0.0153464           0  -0.0104796  0.00874898
 0.00132658   0.0104796           0 -0.00792402
-0.00659358 -0.00874898  0.00792402           0
EndNode1[0]<--->Repeater1[0]
REAL
   0.466667 -0.00355909   0.0157381    0.343695
-0.00355909   0.0367347 -0.00459878  -0.0117488
  0.0157381 -0.00459878   0.0326531 0.000899512
   0.343695  -0.0117488 0.000899512    0.463946
IMAGINARY
           0  -0.00488408    0.0114719  8.68199e-06
  0.00488408            0 -0.000628261   -0.0146325
  -0.0114719  0.000628261            0    0.0131015
-8.68199e-06    0.0146325   -0.0131015            0
EndNode2[0]<--->HoM1[0]
REAL
   0.429306 -0.00759785 -0.00700702    0.368789
-0.00759785   0.0359897   0.0195094   0.0176453
-0.00700702   0.0195094   0.0398458   0.0022787
   0.368789   0.0176453   0.0022787    0.494859
IMAGINARY
          0  0.00406274  0.00889106   0.0043646
-0.00406274           0 -0.00671754  0.00618103
-0.00889106  0.00671754           0  -0.0125817
 -0.0043646 -0.00618103   0.0125817           0
Repeater1[0]<--->EndNode1[0]
REAL
   0.466667   0.0157381 -0.00355909    0.343695
  0.0157381   0.0326531 -0.00459878 0.000899512
-0.00355909 -0.00459878   0.0367347  -0.0117488
   0.343695 0.000899512  -0.0117488    0.463946
IMAGINARY
           0    0.0114719  -0.00488408  8.68199e-06
  -0.0114719            0  0.000628261    0.0131015
  0.00488408 -0.000628261            0   -0.0146325
-8.68199e-06   -0.0131015    0.0146325            0
Repeater1[0]<--->HoM1[0]
REAL
   0.429306 -0.00700702 -0.00759785    0.368789
-0.00700702   0.0398458   0.0195094   0.0022787
-0.00759785   0.0195094   0.0359897   0.0176453
   0.368789   0.0022787   0.0176453    0.494859
IMAGINARY
          0  0.00889106  0.00406274   0.0043646
-0.00889106           0  0.00671754  -0.0125817
-0.00406274 -0.00671754           0  0.00618103
 -0.0043646   0.0125817 -0.00618103           0
EndNode1[0]<--->Repeater1[0]
REAL
   0.487562 -0.00248268 0.000556635    0.372445
-0.00248268   0.0410448 -0.00239543 -0.00303188
0.000556635 -0.00239543   0.0385572  0.00619555
   0.372445 -0.00303188  0.00619555    0.432836
IMAGINARY
          0 -0.00139994   0.0105799  0.00910029
 0.00139994           0  0.00714971   0.0156014
 -0.0105799 -0.00714971           0    -0.01201
-0.00910029  -0.0156014     0.01201           0
EndNode2[0]<--->HoM1[0]
REAL
    0.493094    0.0136189  -0.00376667     0.379476
   0.0136189     0.038674   -0.0019253   0.00886871
 -0.00376667   -0.0019253    0.0303867 -0.000863828
    0.379476   0.00886871 -0.000863828     0.437845
IMAGINARY
          0  -0.0293464   0.0264077 -0.00415955
  0.0293464           0  0.00552568 -0.00349663
 -0.0264077 -0.00552568           0 -0.00434636
 0.00415955  0.00349663  0.00434636           0
Repeater1[0]<--->EndNode1[0]
REAL
   0.487562 0.000556635 -0.00248268    0.372445
0.000556635   0.0385572 -0.00239543  0.00619555
-0.00248268 -0.00239543   0.0410448 -0.00303188
   0.372445  0.00619555 -0.00303188    0.432836
IMAGINARY
          0   0.0105799 -0.00139994  0.00910029
 -0.0105799           0 -0.00714971    -0.01201
 0.00139994  0.00714971           0   0.0156014
-0.00910029     0.01201  -0.0156014           0
Repeater1[0]<--->HoM1[0]
REAL
    0.493094  -0.00376667    0.0136189     0.379476
 -0.00376667    0.0303867   -0.0019253 -0.000863828
   0.0136189   -0.0019253     0.038674   0.00886871
    0.379476 -0.000863828   0.00886871     0.437845
IMAGINARY
          0   0.0264077  -0.0293464 -0.00415955
 -0.0264077           0 -0.00552568 -0.00434636
  0.0293464  0.00552568           0 -0.00349663
 0.00415955  0.00434636  0.00349663           0
EndNode1[0]<--->Repeater1[0]
REAL
    0.473024    0.0194285    0.0181836     0.377118
   0.0194285    0.0439147 -0.000405612    0.0135723
   0.0181836 -0.000405612    0.0414053   0.00361009
    0.377118    0.0135723   0.00361009     0.441656
IMAGINARY
           0    0.0089374   -0.0158453  -0.00897517
  -0.0089374            0  -0.00703468  0.000367459
   0.0158453   0.00703468            0    0.0267288
  0.00897517 -0.000367459   -0.0267288            0
EndNode2[0]<--->HoM1[0]
REAL
  0.460688  0.0116757 -0.0172611   0.367073
 0.0116757  0.0380835 0.00491724  0.0026857
-0.0172611 0.00491724   0.036855 -0.0148443
  0.367073  0.0026857 -0.0148443   0.464373
IMAGINARY
          0  0.00063227 -0.00804094   0.0326449
-0.00063227           0   0.0223357   0.0118003
 0.00804094  -0.0223357           0   -0.016923
 -0.0326449  -0.0118003    0.016923           0
Repeater1[0]<--->EndNode1[0]
REAL
    0.473024    0.0181836    0.0194285     0.377118
   0.0181836    0.0414053 -0.000405612   0.00361009
   0.0194285 -0.000405612    0.0439147    0.0135723
    0.377118   0.00361009    0.0135723     0.441656
IMAGINARY
           0   -0.0158453    0.0089374  -0.00897517
   0.0158453            0   0.00703468    0.0267288
  -0.0089374  -0.00703468            0  0.000367459
  0.00897517   -0.0267288 -0.000367459            0
Repeater1[0]<--->HoM1[0]
REAL
  0.460688 -0.0172611  0.0116757   0.367073
-0.0172611   0.036855 0.00491724 -0.0148443
 0.0116757 0.00491724  0.0380835  0.0026857
  0.367073 -0.0148443  0.0026857   0.464373
IMAGINARY
          0 -0.00804094  0.00063227   0.0326449
 0.00804094           0  -0.0223357   -0.016923
-0.00063227   0.0223357           0   0.0118003
 -0.0326449    0.016923  -0.0118003           0
EndNode1[0]<--->Repeater1[0]
REAL
   0.449235  -0.0223908  0.00405204    0.379261
 -0.0223908    0.038943 -0.00166046  -0.0181279
 0.00405204 -0.00166046   0.0417246 -0.00392494
   0.379261  -0.0181279 -0.00392494    0.470097
IMAGINARY
          0  0.00197135  -0.0186731   0.0102126
-0.00197135           0   0.0140005   0.0231545
  0.0186731  -0.0140005           0  0.00763173
 -0.0102126  -0.0231545 -0.00763173           0
EndNode2[0]<--->HoM1[0]
REAL
   0.435401  0.00686848 -0.00473508    0.372712
 0.00686848   0.0490956  -0.0145942  0.00541721
-0.00473508  -0.0145942   0.0426357 -0.00618635
   0.372712  0.00541721 -0.00618635    0.472868
IMAGINARY
          0  -0.0181175 -0.00259067   0.0215401
  0.0181175           0  0.00442523   -0.015544
 0.00259067 -0.00442523           0   0.0194128
 -0.0215401    0.015544  -0.0194128           0
Repeater1[0]<--->EndNode1[0]
REAL
   0.449235  0.00405204  -0.0223908    0.379261
 0.00405204   0.0417246 -0.00166046 -0.00392494
 -0.0223908 -0.00166046    0.038943  -0.0181279
   0.379261 -0.00392494  -0.0181279    0.470097
IMAGINARY
          0  -0.0186731  0.00197135   0.0102126
  0.0186731           0  -0.0140005  0.00763173
-0.00197135   0.0140005           0   0.0231545
 -0.0102126 -0.00763173  -0.0231545           0
Repeater1[0]<--->HoM1[0]
REAL
   0.435401 -0.00473508  0.00686848    0.372712
-0.00473508   0.0426357  -0.0145942 -0.00618635
 0.00686848  -0.0145942   0.0490956  0.00541721
   0.372712 -0.00618635  0.00541721    0.472868
IMAGINARY
          0 -0.00259067  -0.0181175   0.0215401
 0.00259067           0 -0.00442523   0.0194128
  0.0181175  0.00442523           0   -0.015544
 -0.0215401  -0.0194128    0.015544           0
EndNode1[0]<--->Repeater1[0]
REAL
   0.474149  -0.0114049 -0.00647743    0.360723
 -0.0114049   0.0517024 -0.00434676 -0.00895882
-0.00647743 -0.00434676     0.03657 -0.00805818
   0.360723 -0.00895882 -0.00805818    0.437579
IMAGINARY
           0    0.0123512   -0.0094927    0.0164615
  -0.0123512            0   0.00191122    0.0139063
   0.0094927  -0.00191122            0 -0.000371411
  -0.0164615   -0.0139063  0.000371411            0
EndNode2[0]<--->HoM1[0]
REAL
   0.447436  -0.0122055 -0.00656537    0.372844
 -0.0122055   0.0358974  0.00532833  -0.0112011
-0.00656537  0.00532833   0.0410256   0.0172817
   0.372844  -0.0112011   0.0172817    0.475641
IMAGINARY
          0 -0.00292355  -0.0038143    0.012923
 0.00292355           0  -0.0122659 -0.00573984
  0.0038143   0.0122659           0  0.00992992
  -0.012923  0.00573984 -0.00992992           0
Repeater1[0]<--->EndNode1[0]
REAL
   0.474149 -0.00647743  -0.0114049    0.360723
-0.00647743     0.03657 -0.00434676 -0.00805818
 -0.0114049 -0.00434676   0.0517024 -0.00895882
   0.360723 -0.00805818 -0.00895882    0.437579
IMAGINARY
           0   -0.0094927    0.0123512    0.0164615
   0.0094927            0  -0.00191122 -0.000371411
  -0.0123512   0.00191122            0    0.0139063
  -0.0164615  0.000371411   -0.0139063            0
Repeater1[0]<--->HoM1[0]
REAL
   0.447436 -0.00656537  -0.0122055    0.372844
-0.00656537   0.0410256  0.00532833   0.0172817
 -0.0122055  0.00532833   0.0358974  -0.0112011
   0.372844   0.0172817  -0.0112011    0.475641
IMAGINARY
          0  -0.0038143 -0.00292355    0.012923
  0.0038143           0   0.0122659  0.00992992
 0.00292355  -0.0122659           0 -0.00573984
  -0.012923 -0.00992992  0.00573984           0
EndNode1[0]<--->Repeater1[0]
REAL
   0.441718   0.0153577  -0.0260912    0.367026
  0.0153577   0.0355828    -0.00595 -0.00457217
 -0.0260912    -0.00595   0.0429448  -0.0147319
   0.367026 -0.00457217  -0.0147319    0.479755
IMAGINARY
           0   -0.0060442 -0.000230617    0.0219616
   0.0060442            0  -0.00664872    0.0182879
