EndNode1[0]<--->Repeater1[0]
REAL
   0.406977  0.00701223    -0.01059    0.354747
 0.00701223   0.0671835   0.0348473    0.011859
   -0.01059   0.0348473   0.0529716 0.000601978
   0.354747    0.011859 0.000601978    0.472868
IMAGINARY
           0   0.00176091   -0.0183973  -0.00199403
 -0.00176091            0    0.0137128 -0.000494437
   0.0183973   -0.0137128            0    0.0158713
  0.00199403  0.000494437   -0.0158713            0
EndNode2[0]<--->HoM1[0]
REAL
  0.443742 -0.0149804 0.00697982   0.359322
-0.0149804  0.0594185  0.0102427 -0.0159312
0.00697982  0.0102427  0.0720607 0.00858651
  0.359322 -0.0159312 0.00858651   0.424779
IMAGINARY
          0  0.00199491  0.00896466  -0.0328468
-0.00199491           0 -0.00466857  -0.0181671
-0.00896466  0.00466857           0  -0.0136514
  0.0328468   0.0181671   0.0136514           0
Repeater1[0]<--->EndNode1[0]
REAL
   0.406977    -0.01059  0.00701223    0.354747
   -0.01059   0.0529716   0.0348473 0.000601978
 0.00701223   0.0348473   0.0671835    0.011859
   0.354747 0.000601978    0.011859    0.472868
IMAGINARY
           0   -0.0183973   0.00176091  -0.00199403
   0.0183973            0   -0.0137128    0.0158713
 -0.00176091    0.0137128            0 -0.000494437
  0.00199403   -0.0158713  0.000494437            0
Repeater1[0]<--->HoM1[0]
REAL
  0.443742 0.00697982 -0.0149804   0.359322
0.00697982  0.0720607  0.0102427 0.00858651
-0.0149804  0.0102427  0.0594185 -0.0159312
  0.359322 0.00858651 -0.0159312   0.424779
IMAGINARY
          0  0.00896466  0.00199491  -0.0328468
-0.00896466           0  0.00466857  -0.0136514
-0.00199491 -0.00466857           0  -0.0181671
  0.0328468   0.0136514   0.0181671           0
EndNode1[0]<--->Repeater1[0]
REAL
   0.429504   0.0129568 -0.00663766     0.36444
  0.0129568   0.0665796    0.015019   0.0232428
-0.00663766    0.015019   0.0561358  0.00364833
    0.36444   0.0232428  0.00364833    0.447781
IMAGINARY
          0  0.00312941  -0.0133739   0.0247102
-0.00312941           0  0.00853946   0.0153044
  0.0133739 -0.00853946           0   0.0168191
 -0.0247102  -0.0153044  -0.0168191           0
EndNode2[0]<--->HoM1[0]
REAL
    0.43038   0.0145213 -0.00490233    0.360401
  0.0145213   0.0746835  0.00565896 -0.00224981
-0.00490233  0.00565896    0.064557 -0.00216761
   0.360401 -0.00224981 -0.00216761     0.43038
IMAGINARY
           0  -0.00467816  -0.00765042    0.0158848
  0.00467816            0   0.00144191  -0.00135319
  0.00765042  -0.00144191            0  0.000476479
  -0.0158848   0.00135319 -0.000476479            0
Repeater1[0]<--->EndNode1[0]
REAL
   0.429504 -0.00663766   0.0129568     0.36444
-0.00663766   0.0561358    0.015019  0.00364833
  0.0129568    0.015019   0.0665796   0.0232428
    0.36444  0.00364833   0.0232428    0.447781
IMAGINARY
          0  -0.0133739  0.00312941   0.0247102
  0.0133739           0 -0.00853946   0.0168191
-0.00312941  0.00853946           0   0.0153044
 -0.0247102  -0.0168191  -0.0153044           0
Repeater1[0]<--->HoM1[0]
REAL
    0.43038 -0.00490233   0.0145213    0.360401
-0.00490233    0.064557  0.00565896 -0.00216761
  0.0145213  0.00565896   0.0746835 -0.00224981
   0.360401 -0.00216761 -0.00224981     0.43038
IMAGINARY
           0  -0.00765042  -0.00467816    0.0158848
  0.00765042            0  -0.00144191  0.000476479
  0.00467816   0.00144191            0  -0.00135319
  -0.0158848 -0.000476479   0.00135319            0
EndNode1[0]<--->Repeater1[0]
REAL
   0.475836   0.0135791 -0.00258426    0.364715
  0.0135791    0.063197   0.0155393  -0.0286259
-0.00258426   0.0155393    0.063197  -0.0167639
   0.364715  -0.0286259  -0.0167639     0.39777
IMAGINARY
          0   0.0101043  0.00152939  0.00246154
 -0.0101043           0  0.00779487  -0.0237094
-0.00152939 -0.00779487           0   0.0209477
-0.00246154   0.0237094  -0.0209477           0
EndNode2[0]<--->HoM1[0]
REAL
   0.448735  -0.0177446  0.00313798    0.356391
 -0.0177446   0.0532623   0.0169175 -0.00867304
 0.00313798   0.0169175    0.081225 -0.00870067
   0.356391 -0.00867304 -0.00870067    0.416778
IMAGINARY
           0   -0.0196961    0.0161419  -0.00407643
   0.0196961            0 -0.000249899    0.0193844
  -0.0161419  0.000249899            0   -0.0158302
  0.00407643   -0.0193844    0.0158302            0
Repeater1[0]<--->EndNode1[0]
REAL
   0.475836 -0.00258426   0.0135791    0.364715
-0.00258426    0.063197   0.0155393  -0.0167639
  0.0135791   0.0155393    0.063197  -0.0286259
   0.364715  -0.0167639  -0.0286259     0.39777
IMAGINARY
          0  0.00152939   0.0101043  0.00246154
-0.00152939           0 -0.00779487   0.0209477
 -0.0101043  0.00779487           0  -0.0237094
-0.00246154  -0.0209477   0.0237094           0
Repeater1[0]<--->HoM1[0]
REAL
   0.448735  0.00313798  -0.0177446    0.356391
 0.00313798    0.081225   0.0169175 -0.00870067
 -0.0177446   0.0169175   0.0532623 -0.00867304
   0.356391 -0.00870067 -0.00867304    0.416778
IMAGINARY
           0    0.0161419   -0.0196961  -0.00407643
  -0.0161419            0  0.000249899   -0.0158302
   0.0196961 -0.000249899            0    0.0193844
  0.00407643    0.0158302   -0.0193844            0
EndNode1[0]<--->Repeater1[0]
REAL
   0.429577  0.00687972  -0.0111078    0.354468
 0.00687972   0.0704225 -0.00571821  0.00985785
 -0.0111078 -0.00571821   0.0647887  0.00562028
   0.354468  0.00985785  0.00562028    0.435211
IMAGINARY
          0   0.0199872   -0.033358 -0.00460014
 -0.0199872           0  0.00651097   0.0140504
   0.033358 -0.00651097           0  -0.0100005
 0.00460014  -0.0140504   0.0100005           0
EndNode2[0]<--->HoM1[0]
REAL
  0.411687 0.00254561 0.00190796   0.358357
0.00254561   0.061089  0.0167988  0.0211882
0.00190796  0.0167988   0.061089  0.0155568
  0.358357  0.0211882  0.0155568   0.466135
IMAGINARY
          0  -0.0148354   0.0150937     -0.0142
  0.0148354           0 -0.00431855  -0.0163924
 -0.0150937  0.00431855           0  -0.0020477
     0.0142   0.0163924   0.0020477           0
Repeater1[0]<--->EndNode1[0]
REAL
   0.429577  -0.0111078  0.00687972    0.354468
 -0.0111078   0.0647887 -0.00571821  0.00562028
 0.00687972 -0.00571821   0.0704225  0.00985785
   0.354468  0.00562028  0.00985785    0.435211
IMAGINARY
          0   -0.033358   0.0199872 -0.00460014
   0.033358           0 -0.00651097  -0.0100005
 -0.0199872  0.00651097           0   0.0140504
 0.00460014   0.0100005  -0.0140504           0
Repeater1[0]<--->HoM1[0]
REAL
  0.411687 0.00190796 0.00254561   0.358357
0.00190796   0.061089  0.0167988  0.0155568
0.00254561  0.0167988   0.061089  0.0211882
  0.358357  0.0155568  0.0211882   0.466135
IMAGINARY
          0   0.0150937  -0.0148354     -0.0142
 -0.0150937           0  0.00431855  -0.0020477
  0.0148354 -0.00431855           0  -0.0163924
     0.0142   0.0020477   0.0163924           0
EndNode1[0]<--->Repeater1[0]
REAL
  0.445145  0.0225565 0.00717474   0.364921
 0.0225565  0.0517024  0.0220987 0.00845026
0.00717474  0.0220987  0.0655738  0.0171069
  0.364921 0.00845026  0.0171069   0.437579
IMAGINARY
          0  -0.0300148   0.0155314  -0.0149076
  0.0300148           0   0.0123169    0.012934
 -0.0155314  -0.0123169           0 -0.00216338
  0.0149076   -0.012934  0.00216338           0
EndNode2[0]<--->HoM1[0]
REAL
  0.436751  0.0127229 0.00915206   0.344679
 0.0127229   0.069241  0.0201173 0.00487855
0.00915206  0.0201173  0.0532623 0.00640976
  0.344679 0.00487855 0.00640976   0.440746
IMAGINARY
           0  0.000353156  -0.00948945    0.0142672
-0.000353156            0  -0.00713359  -0.00680128
  0.00948945   0.00713359            0    0.0159376
  -0.0142672   0.00680128   -0.0159376            0
Repeater1[0]<--->EndNode1[0]
REAL
  0.445145 0.00717474  0.0225565   0.364921
0.00717474  0.0655738  0.0220987  0.0171069
 0.0225565  0.0220987  0.0517024 0.00845026
  0.364921  0.0171069 0.00845026   0.437579
IMAGINARY
          0   0.0155314  -0.0300148  -0.0149076
 -0.0155314           0  -0.0123169 -0.00216338
  0.0300148   0.0123169           0    0.012934
  0.0149076  0.00216338   -0.012934           0
Repeater1[0]<--->HoM1[0]
REAL
  0.436751 0.00915206  0.0127229   0.344679
0.00915206  0.0532623  0.0201173 0.00640976
 0.0127229  0.0201173   0.069241 0.00487855
  0.344679 0.00640976 0.00487855   0.440746
IMAGINARY
           0  -0.00948945  0.000353156    0.0142672
  0.00948945            0   0.00713359    0.0159376
-0.000353156  -0.00713359            0  -0.00680128
  -0.0142672   -0.0159376   0.00680128            0
EndNode1[0]<--->Repeater1[0]
REAL
   0.460823   0.0100671  0.00751932    0.362013
  0.0100671   0.0703851   0.0299142   0.0146161
 0.00751932   0.0299142    0.062417 -0.00225458
   0.362013   0.0146161 -0.00225458    0.406375
IMAGINARY
          0  0.00785627  0.00960723   0.0106744
-0.00785627           0  -0.0132584  0.00767672
-0.00960723   0.0132584           0  -0.0127945
 -0.0106744 -0.00767672   0.0127945           0
EndNode2[0]<--->HoM1[0]
REAL
     0.4525  0.00738455  -0.0220871    0.349612
 0.00738455      0.0675   0.0178879 -0.00666292
 -0.0220871   0.0178879        0.08  -0.0136346
   0.349612 -0.00666292  -0.0136346         0.4
IMAGINARY
           0  0.000692444    -0.026411   0.00913607
-0.000692444            0  -0.00719558   0.00916957
    0.026411   0.00719558            0     0.030342
 -0.00913607  -0.00916957    -0.030342            0
Repeater1[0]<--->EndNode1[0]
REAL
   0.460823  0.00751932   0.0100671    0.362013
 0.00751932    0.062417   0.0299142 -0.00225458
  0.0100671   0.0299142   0.0703851   0.0146161
   0.362013 -0.00225458   0.0146161    0.406375
IMAGINARY
          0  0.00960723  0.00785627   0.0106744
-0.00960723           0   0.0132584  -0.0127945
-0.00785627  -0.0132584           0  0.00767672
 -0.0106744   0.0127945 -0.00767672           0
Repeater1[0]<--->HoM1[0]
REAL
     0.4525  -0.0220871  0.00738455    0.349612
 -0.0220871        0.08   0.0178879  -0.0136346
 0.00738455   0.0178879      0.0675 -0.00666292
   0.349612  -0.0136346 -0.00666292         0.4
IMAGINARY
           0    -0.026411  0.000692444   0.00913607
    0.026411            0   0.00719558     0.030342
-0.000692444  -0.00719558            0   0.00916957
 -0.00913607    -0.030342  -0.00916957            0
EndNode1[0]<--->Repeater1[0]
REAL
    0.447682    0.0129025    0.0210649      0.35493
   0.0129025    0.0635762    0.0211538 -0.000618788
   0.0210649    0.0211538    0.0609272   -0.0023697
     0.35493 -0.000618788   -0.0023697     0.427815
IMAGINARY
          0  -0.0220446  0.00580628  0.00410872
  0.0220446           0  0.00410872 -0.00447649
-0.00580628 -0.00410872           0   0.0167255
-0.00410872  0.00447649  -0.0167255           0
EndNode2[0]<--->HoM1[0]
REAL
   0.435606  -0.0232144  0.00275665    0.337145
 -0.0232144   0.0757576   0.0156228  -0.0151241
 0.00275665   0.0156228   0.0707071 -0.00682095
   0.337145  -0.0151241 -0.00682095    0.417929
IMAGINARY
           0   -0.0103075  0.000124274   0.00760917
   0.0103075            0   0.00111566   0.00643741
-0.000124274  -0.00111566            0   0.00899514
 -0.00760917  -0.00643741  -0.00899514            0
Repeater1[0]<--->EndNode1[0]
REAL
    0.447682    0.0210649    0.0129025      0.35493
   0.0210649    0.0609272    0.0211538   -0.0023697
   0.0129025    0.0211538    0.0635762 -0.000618788
     0.35493   -0.0023697 -0.000618788     0.427815
IMAGINARY
          0  0.00580628  -0.0220446  0.00410872
-0.00580628           0 -0.00410872   0.0167255
  0.0220446  0.00410872           0 -0.00447649
-0.00410872  -0.0167255  0.00447649           0
Repeater1[0]<--->HoM1[0]
REAL
   0.435606  0.00275665  -0.0232144    0.337145
 0.00275665   0.0707071   0.0156228 -0.00682095
 -0.0232144   0.0156228   0.0757576  -0.0151241
   0.337145 -0.00682095  -0.0151241    0.417929
IMAGINARY
           0  0.000124274   -0.0103075   0.00760917
-0.000124274            0  -0.00111566   0.00899514
   0.0103075   0.00111566            0   0.00643741
 -0.00760917  -0.00899514  -0.00643741            0
EndNode1[0]<--->Repeater1[0]
REAL
    0.42602 -0.00320275 -0.00408893    0.350043
-0.00320275   0.0803571  0.00431314   0.0255454
-0.00408893  0.00431314      0.0625 -0.00134861
   0.350043   0.0255454 -0.00134861    0.431122
IMAGINARY
          0  -0.0039267   0.0125577  0.00237655
  0.0039267           0   0.0112373   0.0039712
 -0.0125577  -0.0112373           0   0.0039267
-0.00237655  -0.0039712  -0.0039267           0
EndNode2[0]<--->HoM1[0]
REAL
   0.426434 -0.00836338  0.00326568    0.344731
-0.00836338    0.084788   0.0145659 -0.00577825
 0.00326568   0.0145659   0.0561097  -0.0192748
   0.344731 -0.00577825  -0.0192748    0.432668
IMAGINARY
           0    0.0141505   -0.0147023    0.0249022
  -0.0141505            0   -0.0280078   -0.0201519
   0.0147023    0.0280078            0  0.000424961
  -0.0249022    0.0201519 -0.000424961            0
Repeater1[0]<--->EndNode1[0]
REAL
    0.42602 -0.00408893 -0.00320275    0.350043
-0.00408893      0.0625  0.00431314 -0.00134861
-0.00320275  0.00431314   0.0803571   0.0255454
   0.350043 -0.00134861   0.0255454    0.431122
IMAGINARY
          0   0.0125577  -0.0039267  0.00237655
 -0.0125577           0  -0.0112373   0.0039267
  0.0039267   0.0112373           0   0.0039712
-0.00237655  -0.0039267  -0.0039712           0
Repeater1[0]<--->HoM1[0]
REAL
   0.426434  0.00326568 -0.00836338    0.344731
 0.00326568   0.0561097   0.0145659  -0.0192748
-0.00836338   0.0145659    0.084788 -0.00577825
   0.344731  -0.0192748 -0.00577825    0.432668
IMAGINARY
           0   -0.0147023    0.0141505    0.0249022
   0.0147023            0    0.0280078  0.000424961
  -0.0141505   -0.0280078            0   -0.0201519
  -0.0249022 -0.000424961    0.0201519            0
EndNode1[0]<--->Repeater1[0]
REAL
   0.444589 -0.00642595   0.0142678     0.34516
-0.00642595   0.0586701   0.0240111 -0.00779107
  0.0142678   0.0240111    0.065189  0.00642595
    0.34516 -0.00779107  0.00642595    0.431551
IMAGINARY
          0  0.00984185  -0.0127188  -0.0045977
-0.00984185           0 -0.00651341  0.00749685
  0.0127188  0.00651341           0   0.0227952
  0.0045977 -0.00749685  -0.0227952           0
EndNode2[0]<--->HoM1[0]
REAL
   0.449871 0.000688335  0.00514596    0.342982
0.000688335    0.062982   0.0231384 -0.00651208
 0.00514596   0.0231384    0.059126  -0.0102512
   0.342982 -0.00651208  -0.0102512    0.428021
IMAGINARY
          0 -0.00921611   0.0250972  0.00205542
 0.00921611           0  0.00327791   -0.005515
 -0.0250972 -0.00327791           0 -0.00253324
-0.00205542    0.005515  0.00253324           0
Repeater1[0]<--->EndNode1[0]
REAL
   0.444589   0.0142678 -0.00642595     0.34516
  0.0142678    0.065189   0.0240111  0.00642595
-0.00642595   0.0240111   0.0586701 -0.00779107
    0.34516  0.00642595 -0.00779107    0.431551
IMAGINARY
          0  -0.0127188  0.00984185  -0.0045977
  0.0127188           0  0.00651341   0.0227952
-0.00984185 -0.00651341           0  0.00749685
  0.0045977  -0.0227952 -0.00749685           0
Repeater1[0]<--->HoM1[0]
REAL
   0.449871  0.00514596 0.000688335    0.342982
 0.00514596    0.059126   0.0231384  -0.0102512
0.000688335   0.0231384    0.062982 -0.00651208
   0.342982  -0.0102512 -0.00651208    0.428021
IMAGINARY
          0   0.0250972 -0.00921611  0.00205542
 -0.0250972           0 -0.00327791 -0.00253324
 0.00921611  0.00327791           0   -0.005515
-0.00205542  0.00253324    0.005515           0
EndNode1[0]<--->Repeater1[0]
REAL
   0.431818 -0.00503916  0.00469028    0.351524
-0.00503916   0.0606061   0.0282307  -0.0114387
 0.00469028   0.0282307   0.0593434  0.00565266
   0.351524  -0.0114387  0.00565266    0.448232
IMAGINARY
          0 -0.00968719   0.0103784 -0.00785475
 0.00968719           0  -0.0097463    0.015726
 -0.0103784   0.0097463           0  -0.0083851
 0.00785475   -0.015726   0.0083851           0
EndNode2[0]<--->HoM1[0]
REAL
    0.435733   0.00418408  -0.00840908     0.358831
  0.00418408    0.0796915    0.0304822    0.0134981
 -0.00840908    0.0304822    0.0706941 -0.000367286
    0.358831    0.0134981 -0.000367286     0.413882
IMAGINARY
          0   0.0179833  0.00883236  -0.0109609
 -0.0179833           0  0.00601039  -0.0250872
-0.00883236 -0.00601039           0  0.00867474
  0.0109609   0.0250872 -0.00867474           0
Repeater1[0]<--->EndNode1[0]
REAL
   0.431818  0.00469028 -0.00503916    0.351524
 0.00469028   0.0593434   0.0282307  0.00565266
-0.00503916   0.0282307   0.0606061  -0.0114387
   0.351524  0.00565266  -0.0114387    0.448232
IMAGINARY
          0   0.0103784 -0.00968719 -0.00785475
 -0.0103784           0   0.0097463  -0.0083851
 0.00968719  -0.0097463           0    0.015726
 0.00785475   0.0083851   -0.015726           0
Repeater1[0]<--->HoM1[0]
REAL
    0.435733  -0.00840908   0.00418408     0.358831
 -0.00840908    0.0706941    0.0304822 -0.000367286
  0.00418408    0.0304822    0.0796915    0.0134981
    0.358831 -0.000367286    0.0134981     0.413882
IMAGINARY
          0  0.00883236   0.0179833  -0.0109609
-0.00883236           0 -0.00601039  0.00867474
 -0.0179833  0.00601039           0  -0.0250872
  0.0109609 -0.00867474   0.0250872           0
EndNode1[0]<--->Repeater1[0]
REAL
   0.402985  0.00147288   -0.010123    0.352918
 0.00147288   0.0721393   0.0286111 0.000568842
  -0.010123   0.0286111   0.0758706 -0.00720536
   0.352918 0.000568842 -0.00720536    0.449005
IMAGINARY
           0    0.0211439  0.000223745    0.0112082
  -0.0211439            0  -0.00116804  -0.00352625
-0.000223745   0.00116804            0    0.0151837
  -0.0112082   0.00352625   -0.0151837            0
EndNode2[0]<--->HoM1[0]
REAL
   0.443609 -0.00525701  -0.0130714    0.372794
-0.00525701    0.066416  0.00629885 0.000476964
 -0.0130714  0.00629885   0.0676692 -0.00733745
   0.372794 0.000476964 -0.00733745    0.422306
IMAGINARY
          0  -0.0013908   0.0046881   0.0124334
  0.0013908           0   0.0130769  -0.0143158
 -0.0046881  -0.0130769           0 -0.00695323
 -0.0124334   0.0143158  0.00695323           0
Repeater1[0]<--->EndNode1[0]
REAL
   0.402985   -0.010123  0.00147288    0.352918
  -0.010123   0.0758706   0.0286111 -0.00720536
 0.00147288   0.0286111   0.0721393 0.000568842
   0.352918 -0.00720536 0.000568842    0.449005
IMAGINARY
           0  0.000223745    0.0211439    0.0112082
-0.000223745            0   0.00116804    0.0151837
  -0.0211439  -0.00116804            0  -0.00352625
  -0.0112082   -0.0151837   0.00352625            0
Repeater1[0]<--->HoM1[0]
REAL
   0.443609  -0.0130714 -0.00525701    0.372794
 -0.0130714   0.0676692  0.00629885 -0.00733745
-0.00525701  0.00629885    0.066416 0.000476964
   0.372794 -0.00733745 0.000476964    0.422306
IMAGINARY
          0   0.0046881  -0.0013908   0.0124334
 -0.0046881           0  -0.0130769 -0.00695323
  0.0013908   0.0130769           0  -0.0143158
 -0.0124334  0.00695323   0.0143158           0
EndNode1[0]<--->Repeater1[0]
REAL
   0.422721  0.00733649 -0.00867761    0.361638
 0.00733649   0.0898283   0.0253965  -0.0176382
-0.00867761   0.0253965   0.0568032  -0.0285175
   0.361638  -0.0176382  -0.0285175    0.430647
IMAGINARY
           0  -0.00661807    0.0039373   0.00611602
  0.00661807            0   -0.0092686  0.000760683
  -0.0039373    0.0092686            0   0.00728921
 -0.00611602 -0.000760683  -0.00728921            0
EndNode2[0]<--->HoM1[0]
REAL
    0.40625 -0.00627979  -0.0139161    0.344682
-0.00627979       0.075    0.025547 -0.00516783
 -0.0139161    0.025547     0.07375  -0.0153487
   0.344682 -0.00516783  -0.0153487       0.445
IMAGINARY
          0  -0.0234484   0.0107558 -0.00033015
  0.0234484           0  0.00876076   0.0174225
 -0.0107558 -0.00876076           0  0.00313387
 0.00033015  -0.0174225 -0.00313387           0
Repeater1[0]<--->EndNode1[0]
REAL
   0.422721 -0.00867761  0.00733649    0.361638
-0.00867761   0.0568032   0.0253965  -0.0285175
 0.00733649   0.0253965   0.0898283  -0.0176382
   0.361638  -0.0285175  -0.0176382    0.430647
IMAGINARY
           0    0.0039373  -0.00661807   0.00611602
  -0.0039373            0    0.0092686   0.00728921
  0.00661807   -0.0092686            0  0.000760683
 -0.00611602  -0.00728921 -0.000760683            0
Repeater1[0]<--->HoM1[0]
REAL
    0.40625  -0.0139161 -0.00627979    0.344682
 -0.0139161     0.07375    0.025547  -0.0153487
-0.00627979    0.025547       0.075 -0.00516783
   0.344682  -0.0153487 -0.00516783       0.445
IMAGINARY
          0   0.0107558  -0.0234484 -0.00033015
 -0.0107558           0 -0.00876076  0.00313387
  0.0234484  0.00876076           0   0.0174225
 0.00033015 -0.00313387  -0.0174225           0
EndNode1[0]<--->Repeater1[0]
REAL
   0.424125 -0.00948924   0.0299062    0.361329
-0.00948924    0.077821   0.0307766  -0.0272746
  0.0299062   0.0307766   0.0817121   0.0015945
   0.361329  -0.0272746   0.0015945    0.416342
IMAGINARY
          0 -0.00419275   0.0251686 -0.00381864
 0.00419275           0  0.00646414 -0.00783871
 -0.0251686 -0.00646414           0   0.0022672
 0.00381864  0.00783871  -0.0022672           0
EndNode2[0]<--->HoM1[0]
REAL
   0.479791  0.00286853    0.014888    0.362003
 0.00286853    0.065189   0.0234544 -0.00652254
   0.014888   0.0234544   0.0521512   -0.011234
   0.362003 -0.00652254   -0.011234    0.402868
IMAGINARY
          0  0.00874619 -0.00296795   0.0115737
-0.00874619           0  0.00144713  0.00359373
 0.00296795 -0.00144713           0   0.0094015
 -0.0115737 -0.00359373  -0.0094015           0
Repeater1[0]<--->EndNode1[0]
REAL
   0.424125   0.0299062 -0.00948924    0.361329
  0.0299062   0.0817121   0.0307766   0.0015945
-0.00948924   0.0307766    0.077821  -0.0272746
   0.361329   0.0015945  -0.0272746    0.416342
IMAGINARY
          0   0.0251686 -0.00419275 -0.00381864
 -0.0251686           0 -0.00646414   0.0022672
 0.00419275  0.00646414           0 -0.00783871
 0.00381864  -0.0022672  0.00783871           0
Repeater1[0]<--->HoM1[0]
REAL
   0.479791    0.014888  0.00286853    0.362003
   0.014888   0.0521512   0.0234544   -0.011234
 0.00286853   0.0234544    0.065189 -0.00652254
   0.362003   -0.011234 -0.00652254    0.402868
IMAGINARY
          0 -0.00296795  0.00874619   0.0115737
 0.00296795           0 -0.00144713   0.0094015
-0.00874619  0.00144713           0  0.00359373
 -0.0115737  -0.0094015 -0.00359373           0
EndNode1[0]<--->Repeater1[0]
REAL
   0.463415 0.000379079 -0.00444834    0.364887
0.000379079   0.0654685   0.0349897  0.00135811
-0.00444834   0.0349897   0.0500642  -0.0071776
   0.364887  0.00135811  -0.0071776    0.421053
IMAGINARY
          0    -0.01466  0.00185567  -0.0136086
    0.01466           0  -0.0122312 -0.00314433
-0.00185567   0.0122312           0   0.0133713
  0.0136086  0.00314433  -0.0133713           0
EndNode2[0]<--->HoM1[0]
REAL
   0.434159 0.000594059   0.0171698    0.364822
0.000594059   0.0677966   0.0101783 -0.00726879
  0.0171698   0.0101783    0.083442  0.00559406
   0.364822 -0.00726879  0.00559406    0.414602
IMAGINARY
          0  -0.0153406 -0.00803062 -0.00618578
  0.0153406           0    -0.02013  0.00466588
 0.00803062     0.02013           0   0.0133218
 0.00618578 -0.00466588  -0.0133218           0
Repeater1[0]<--->EndNode1[0]
REAL
   0.463415 -0.00444834 0.000379079    0.364887
-0.00444834   0.0500642   0.0349897  -0.0071776
0.000379079   0.0349897   0.0654685  0.00135811
   0.364887  -0.0071776  0.00135811    0.421053
IMAGINARY
          0  0.00185567    -0.01466  -0.0136086
-0.00185567           0   0.0122312   0.0133713
    0.01466  -0.0122312           0 -0.00314433
  0.0136086  -0.0133713  0.00314433           0
Repeater1[0]<--->HoM1[0]
REAL
   0.434159   0.0171698 0.000594059    0.364822
  0.0171698    0.083442   0.0101783  0.00559406
0.000594059   0.0101783   0.0677966 -0.00726879
   0.364822  0.00559406 -0.00726879    0.414602
IMAGINARY
          0 -0.00803062  -0.0153406 -0.00618578
 0.00803062           0     0.02013   0.0133218
  0.0153406    -0.02013           0  0.00466588
 0.00618578  -0.0133218 -0.00466588           0
EndNode1[0]<--->Repeater1[0]
REAL
   0.420854 -0.00312135  -0.0136316    0.349337
-0.00312135   0.0778894   0.0141168  0.00626886
 -0.0136316   0.0141168   0.0615578 -0.00691881
   0.349337  0.00626886 -0.00691881    0.439698
IMAGINARY
          0  0.00625869   -0.010193   0.0141934
-0.00625869           0  -0.0063194  0.00704836
   0.010193   0.0063194           0 -0.00185617
 -0.0141934 -0.00704836  0.00185617           0
EndNode2[0]<--->HoM1[0]
REAL
   0.459893  -0.0166845 0.000162812    0.353306
 -0.0166845   0.0534759   0.0188944  0.00840109
0.000162812   0.0188944   0.0574866   0.0160258
   0.353306  0.00840109   0.0160258    0.429144
IMAGINARY
          0   0.0113817   -0.017141  -0.0258658
 -0.0113817           0   0.0222513   -0.017141
   0.017141  -0.0222513           0  0.00220176
  0.0258658    0.017141 -0.00220176           0
Repeater1[0]<--->EndNode1[0]
REAL
   0.420854  -0.0136316 -0.00312135    0.349337
 -0.0136316   0.0615578   0.0141168 -0.00691881
-0.00312135   0.0141168   0.0778894  0.00626886
   0.349337 -0.00691881  0.00626886    0.439698
IMAGINARY
          0   -0.010193  0.00625869   0.0141934
   0.010193           0   0.0063194 -0.00185617
-0.00625869  -0.0063194           0  0.00704836
 -0.0141934  0.00185617 -0.00704836           0
Repeater1[0]<--->HoM1[0]
REAL
   0.459893 0.000162812  -0.0166845    0.353306
0.000162812   0.0574866   0.0188944   0.0160258
 -0.0166845   0.0188944   0.0534759  0.00840109
   0.353306   0.0160258  0.00840109    0.429144
IMAGINARY
          0   -0.017141   0.0113817  -0.0258658
   0.017141           0  -0.0222513  0.00220176
 -0.0113817   0.0222513           0   -0.017141
  0.0258658 -0.00220176    0.017141           0
EndNode1[0]<--->Repeater1[0]
REAL
    0.444867     0.010469 -0.000929533      0.34279
    0.010469    0.0823828   0.00278954    0.0127602
-0.000929533   0.00278954    0.0608365  -0.00112898
     0.34279    0.0127602  -0.00112898     0.411914
IMAGINARY
          0 -0.00635603 -0.00282258 -0.00529886
 0.00635603           0  0.00917483  0.00217742
 0.00282258 -0.00917483           0   0.0121625
 0.00529886 -0.00217742  -0.0121625           0
EndNode2[0]<--->HoM1[0]
REAL
   0.459459  0.00303956 -0.00953307    0.350156
 0.00303956   0.0662162   0.0268627   0.0200921
-0.00953307   0.0268627   0.0621622  -0.0235365
   0.350156   0.0200921  -0.0235365    0.412162
IMAGINARY
           0   0.00510168  0.000857026  -0.00562571
 -0.00510168            0  -0.00291568  -0.00286506
-0.000857026   0.00291568            0   -0.0138031
  0.00562571   0.00286506    0.0138031            0
Repeater1[0]<--->EndNode1[0]
REAL
    0.444867 -0.000929533     0.010469      0.34279
-0.000929533    0.0608365   0.00278954  -0.00112898
    0.010469   0.00278954    0.0823828    0.0127602
     0.34279  -0.00112898    0.0127602     0.411914
IMAGINARY
          0 -0.00282258 -0.00635603 -0.00529886
 0.00282258           0 -0.00917483   0.0121625
 0.00635603  0.00917483           0  0.00217742
 0.00529886  -0.0121625 -0.00217742           0
Repeater1[0]<--->HoM1[0]
REAL
   0.459459 -0.00953307  0.00303956    0.350156
-0.00953307   0.0621622   0.0268627  -0.0235365
 0.00303956   0.0268627   0.0662162   0.0200921
   0.350156  -0.0235365   0.0200921    0.412162
IMAGINARY
           0  0.000857026   0.00510168  -0.00562571
-0.000857026            0   0.00291568   -0.0138031
 -0.00510168  -0.00291568            0  -0.00286506
  0.00562571    0.0138031   0.00286506            0
EndNode1[0]<--->Repeater1[0]
REAL
   0.421333 -0.00630865 -0.00214091    0.349134
-0.00630865   0.0586667   0.0209293  0.00914728
-0.00214091   0.0209293        0.08  -0.0019716
   0.349134  0.00914728  -0.0019716        0.44
IMAGINARY
          0    0.010069  -0.0165092  0.00134495
  -0.010069           0  -0.0146193   0.0126631
  0.0165092   0.0146193           0  0.00146948
-0.00134495  -0.0126631 -0.00146948           0
EndNode2[0]<--->HoM1[0]
REAL
  0.451743  0.0132271 0.00398538   0.348497
 0.0132271  0.0670241  0.0108783 0.00122295
0.00398538  0.0108783  0.0764075 -0.0288521
  0.348497 0.00122295 -0.0288521   0.404826
IMAGINARY
          0   0.0244504  -0.0210019 -0.00221697
 -0.0244504           0   -0.015196  0.00544037
  0.0210019    0.015196           0   0.0127621
 0.00221697 -0.00544037  -0.0127621           0
Repeater1[0]<--->EndNode1[0]
REAL
   0.421333 -0.00214091 -0.00630865    0.349134
-0.00214091        0.08   0.0209293  -0.0019716
-0.00630865   0.0209293   0.0586667  0.00914728
   0.349134  -0.0019716  0.00914728        0.44
IMAGINARY
          0  -0.0165092    0.010069  0.00134495
  0.0165092           0   0.0146193  0.00146948
  -0.010069  -0.0146193           0   0.0126631
-0.00134495 -0.00146948  -0.0126631           0
Repeater1[0]<--->HoM1[0]
REAL
  0.451743 0.00398538  0.0132271   0.348497
0.00398538  0.0764075  0.0108783 -0.0288521
 0.0132271  0.0108783  0.0670241 0.00122295
  0.348497 -0.0288521 0.00122295   0.404826
IMAGINARY
          0  -0.0210019   0.0244504 -0.00221697
  0.0210019           0    0.015196   0.0127621
 -0.0244504   -0.015196           0  0.00544037
 0.00221697  -0.0127621 -0.00544037           0
EndNode1[0]<--->Repeater1[0]
REAL
   0.427284   0.0227494 0.000342374    0.356521
  0.0227494   0.0682111   0.0158474    0.022026
0.000342374   0.0158474   0.0707851 -0.00695988
   0.356521    0.022026 -0.00695988    0.433719
IMAGINARY
          0   0.0023476   0.0193762 -0.00069813
 -0.0023476           0  0.00926203   0.0155979
 -0.0193762 -0.00926203           0 -0.00752895
 0.00069813  -0.0155979  0.00752895           0
EndNode2[0]<--->HoM1[0]
REAL
   0.444015  0.00758375 -0.00504516    0.355493
 0.00758375   0.0656371    0.012861 -0.00634724
-0.00504516    0.012861   0.0643501 -0.00125463
   0.355493 -0.00634724 -0.00125463    0.425997
IMAGINARY
          0 -0.00590257   0.0329248   0.0238122
 0.00590257           0 -0.00147966   0.0021253
 -0.0329248  0.00147966           0  -0.0262863
 -0.0238122  -0.0021253   0.0262863           0
Repeater1[0]<--->EndNode1[0]
REAL
   0.427284 0.000342374   0.0227494    0.356521
0.000342374   0.0707851   0.0158474 -0.00695988
  0.0227494   0.0158474   0.0682111    0.022026
   0.356521 -0.00695988    0.022026    0.433719
IMAGINARY
          0   0.0193762   0.0023476 -0.00069813
 -0.0193762           0 -0.00926203 -0.00752895
 -0.0023476  0.00926203           0   0.0155979
 0.00069813  0.00752895  -0.0155979           0
Repeater1[0]<--->HoM1[0]
REAL
   0.444015 -0.00504516  0.00758375    0.355493
-0.00504516   0.0643501    0.012861 -0.00125463
 0.00758375    0.012861   0.0656371 -0.00634724
   0.355493 -0.00125463 -0.00634724    0.425997
IMAGINARY
          0   0.0329248 -0.00590257   0.0238122
 -0.0329248           0  0.00147966  -0.0262863
 0.00590257 -0.00147966           0   0.0021253
 -0.0238122   0.0262863  -0.0021253           0
EndNode1[0]<--->Repeater1[0]
REAL
  0.440551  0.0154559 0.00703821   0.355292
 0.0154559  0.0750939  0.0230687  0.0064061
0.00703821  0.0230687   0.068836  0.0120729
  0.355292  0.0064061  0.0120729   0.415519
IMAGINARY
          0   0.0173742  -0.0105861   0.0107154
 -0.0173742           0   0.0217687 -0.00605833
  0.0105861  -0.0217687           0  -0.0220347
 -0.0107154  0.00605833   0.0220347           0
EndNode2[0]<--->HoM1[0]
REAL
   0.454433  -0.0256166  -0.0110774    0.338465
 -0.0256166   0.0541872   0.0259648 -0.00570109
 -0.0110774   0.0259648   0.0665025  -0.0166652
   0.338465 -0.00570109  -0.0166652    0.424877
IMAGINARY
          0   0.0229009  -0.0101468 -0.00885343
 -0.0229009           0 -0.00175665  0.00249369
  0.0101468  0.00175665           0  -0.0165234
 0.00885343 -0.00249369   0.0165234           0
Repeater1[0]<--->EndNode1[0]
REAL
  0.440551 0.00703821  0.0154559   0.355292
0.00703821   0.068836  0.0230687  0.0120729
 0.0154559  0.0230687  0.0750939  0.0064061
  0.355292  0.0120729  0.0064061   0.415519
IMAGINARY
          0  -0.0105861   0.0173742   0.0107154
  0.0105861           0  -0.0217687  -0.0220347
 -0.0173742   0.0217687           0 -0.00605833
 -0.0107154   0.0220347  0.00605833           0
Repeater1[0]<--->HoM1[0]
REAL
   0.454433  -0.0110774  -0.0256166    0.338465
 -0.0110774   0.0665025   0.0259648  -0.0166652
 -0.0256166   0.0259648   0.0541872 -0.00570109
   0.338465  -0.0166652 -0.00570109    0.424877
IMAGINARY
          0  -0.0101468   0.0229009 -0.00885343
  0.0101468           0  0.00175665  -0.0165234
 -0.0229009 -0.00175665           0  0.00249369
 0.00885343   0.0165234 -0.00249369           0
EndNode1[0]<--->Repeater1[0]
REAL
   0.436986 -0.00407264  -0.0101743    0.351918
-0.00407264   0.0575342   0.0194509  -0.0140304
 -0.0101743   0.0194509    0.069863  -0.0104502
   0.351918  -0.0140304  -0.0104502    0.435616
IMAGINARY
          0  -0.0132898  -0.0221185   -0.011386
  0.0132898           0  -0.0101392  0.00913149
  0.0221185   0.0101392           0   0.0275755
   0.011386 -0.00913149  -0.0275755           0
EndNode2[0]<--->HoM1[0]
REAL
   0.455919  0.00103746 -0.00130837    0.354379
 0.00103746   0.0654912   0.0195171   0.0322037
-0.00130837   0.0195171   0.0717884    0.034902
   0.354379   0.0322037    0.034902    0.406801
IMAGINARY
          0  -0.0212316 -0.00562391  -0.0188108
  0.0212316           0 -0.00191463   0.0167641
 0.00562391  0.00191463           0  -0.0134997
  0.0188108  -0.0167641   0.0134997           0
Repeater1[0]<--->EndNode1[0]
REAL
   0.436986  -0.0101743 -0.00407264    0.351918
 -0.0101743    0.069863   0.0194509  -0.0104502
-0.00407264   0.0194509   0.0575342  -0.0140304
   0.351918  -0.0104502  -0.0140304    0.435616
IMAGINARY
          0  -0.0221185  -0.0132898   -0.011386
  0.0221185           0   0.0101392   0.0275755
  0.0132898  -0.0101392           0  0.00913149
   0.011386  -0.0275755 -0.00913149           0
Repeater1[0]<--->HoM1[0]
REAL
   0.455919 -0.00130837  0.00103746    0.354379
-0.00130837   0.0717884   0.0195171    0.034902
 0.00103746   0.0195171   0.0654912   0.0322037
   0.354379    0.034902   0.0322037    0.406801
IMAGINARY
          0 -0.00562391  -0.0212316  -0.0188108
 0.00562391           0  0.00191463  -0.0134997
  0.0212316 -0.00191463           0   0.0167641
  0.0188108   0.0134997  -0.0167641           0
EndNode1[0]<--->Repeater1[0]
REAL
  0.408451 0.00323122 -0.0112579   0.361181
0.00323122  0.0806658  0.0303537  0.0139034
-0.0112579  0.0303537  0.0755442 0.00999629
  0.361181  0.0139034 0.00999629   0.435339
IMAGINARY
          0    0.001824   0.0134511 -0.00243673
  -0.001824           0   0.0154916  0.00409279
 -0.0134511  -0.0154916           0  -0.0055834
 0.00243673 -0.00409279   0.0055834           0
EndNode2[0]<--->HoM1[0]
REAL
   0.454668 -0.00576521   0.0107934    0.354731
-0.00576521   0.0635995   0.0289327  0.00158286
  0.0107934   0.0289327   0.0947226   0.0206167
   0.354731  0.00158286   0.0206167    0.387009
IMAGINARY
          0   0.0336865 -0.00872974 -0.00496942
 -0.0336865           0 -0.00375876  -0.0152064
 0.00872974  0.00375876           0   0.0101965
 0.00496942   0.0152064  -0.0101965           0
Repeater1[0]<--->EndNode1[0]
REAL
  0.408451 -0.0112579 0.00323122   0.361181
-0.0112579  0.0755442  0.0303537 0.00999629
0.00323122  0.0303537  0.0806658  0.0139034
  0.361181 0.00999629  0.0139034   0.435339
IMAGINARY
          0   0.0134511    0.001824 -0.00243673
 -0.0134511           0  -0.0154916  -0.0055834
  -0.001824   0.0154916           0  0.00409279
 0.00243673   0.0055834 -0.00409279           0
Repeater1[0]<--->HoM1[0]
REAL
   0.454668   0.0107934 -0.00576521    0.354731
  0.0107934   0.0947226   0.0289327   0.0206167
-0.00576521   0.0289327   0.0635995  0.00158286
   0.354731   0.0206167  0.00158286    0.387009
IMAGINARY
          0 -0.00872974   0.0336865 -0.00496942
 0.00872974           0  0.00375876   0.0101965
 -0.0336865 -0.00375876           0  -0.0152064
 0.00496942  -0.0101965   0.0152064           0
EndNode1[0]<--->Repeater1[0]
REAL
     0.39359   -0.0159635   -0.0188101     0.345445
  -0.0159635     0.075641    0.0386696  -0.00983574
  -0.0188101    0.0386696    0.0705128 -0.000963542
    0.345445  -0.00983574 -0.000963542     0.460256
IMAGINARY
          0  0.00690088  -0.0343488  0.00868632
-0.00690088           0 -0.00666748   -0.011448
  0.0343488  0.00666748           0   0.0138018
-0.00868632    0.011448  -0.0138018           0
EndNode2[0]<--->HoM1[0]
REAL
   0.440887  -0.0262665  -0.0318439    0.348643
 -0.0262665    0.070197   0.0278046 0.000312418
 -0.0318439   0.0278046    0.046798 -0.00783901
   0.348643 0.000312418 -0.00783901    0.442118
IMAGINARY
          0 -0.00813971 -0.00672051  -0.0296887
 0.00813971           0  0.00699087 -0.00535065
 0.00672051 -0.00699087           0  0.00877504
  0.0296887  0.00535065 -0.00877504           0
Repeater1[0]<--->EndNode1[0]
REAL
     0.39359   -0.0188101   -0.0159635     0.345445
  -0.0188101    0.0705128    0.0386696 -0.000963542
  -0.0159635    0.0386696     0.075641  -0.00983574
    0.345445 -0.000963542  -0.00983574     0.460256
IMAGINARY
          0  -0.0343488  0.00690088  0.00868632
  0.0343488           0  0.00666748   0.0138018
-0.00690088 -0.00666748           0   -0.011448
-0.00868632  -0.0138018    0.011448           0
Repeater1[0]<--->HoM1[0]
REAL
   0.440887  -0.0318439  -0.0262665    0.348643
 -0.0318439    0.046798   0.0278046 -0.00783901
 -0.0262665   0.0278046    0.070197 0.000312418
   0.348643 -0.00783901 0.000312418    0.442118
IMAGINARY
          0 -0.00672051 -0.00813971  -0.0296887
 0.00672051           0 -0.00699087  0.00877504
 0.00813971  0.00699087           0 -0.00535065
  0.0296887 -0.00877504  0.00535065           0
EndNode1[0]<--->Repeater1[0]
REAL
  0.389527  0.0122209  -0.008938   0.352892
 0.0122209  0.0702427  0.0167849   0.025067
 -0.008938  0.0167849  0.0715198 0.00261782
  0.352892   0.025067 0.00261782    0.46871
IMAGINARY
           0 -0.000343262   0.00722378   -0.0241071
 0.000343262            0   -0.0154519   -0.0168269
 -0.00722378    0.0154519            0    0.0048247
   0.0241071    0.0168269   -0.0048247            0
EndNode2[0]<--->HoM1[0]
REAL
   0.445339  0.00990114   0.0158198    0.367324
 0.00990114   0.0678941    0.028902   0.0124821
  0.0158198    0.028902   0.0724971 0.000880526
   0.367324   0.0124821 0.000880526    0.414269
IMAGINARY
          0  0.00305849   0.0139949   0.0230842
-0.00305849           0  0.00861051   0.0139949
 -0.0139949 -0.00861051           0 -0.00687528
 -0.0230842  -0.0139949  0.00687528           0
Repeater1[0]<--->EndNode1[0]
REAL
  0.389527  -0.008938  0.0122209   0.352892
 -0.008938  0.0715198  0.0167849 0.00261782
 0.0122209  0.0167849  0.0702427   0.025067
  0.352892 0.00261782   0.025067    0.46871
IMAGINARY
           0   0.00722378 -0.000343262   -0.0241071
 -0.00722378            0    0.0154519    0.0048247
 0.000343262   -0.0154519            0   -0.0168269
   0.0241071   -0.0048247    0.0168269            0
Repeater1[0]<--->HoM1[0]
REAL
   0.445339   0.0158198  0.00990114    0.367324
  0.0158198   0.0724971    0.028902 0.000880526
 0.00990114    0.028902   0.0678941   0.0124821
   0.367324 0.000880526   0.0124821    0.414269
IMAGINARY
          0   0.0139949  0.00305849   0.0230842
 -0.0139949           0 -0.00861051 -0.00687528
-0.00305849  0.00861051           0   0.0139949
 -0.0230842  0.00687528  -0.0139949           0
EndNode1[0]<--->Repeater1[0]
REAL
   0.468468 -0.00887573  0.00951914    0.356476
-0.00887573   0.0656371    0.013432   0.0134769
 0.00951914    0.013432   0.0617761   0.0253015
   0.356476   0.0134769   0.0253015    0.404118
IMAGINARY
          0  0.00201922  0.00635155 -0.00144603
-0.00201922           0  -0.0199645 -0.00218984
-0.00635155   0.0199645           0  0.00333155
 0.00144603  0.00218984 -0.00333155           0
EndNode2[0]<--->HoM1[0]
REAL
    0.419476 -0.000904503   0.00745257     0.360998
-0.000904503    0.0611735     0.032318  -0.00745257
