EndNode1[0]<--->Repeater1[0]
REAL
   0.469489 -0.00280149  -0.0160202    0.318834
-0.00280149   0.0435866  0.00995061  0.00361328
 -0.0160202  0.00995061   0.0336239 -0.00216129
   0.318834  0.00361328 -0.00216129      0.4533
IMAGINARY
          0  0.00738499   -0.013912  0.00615118
-0.00738499           0  0.00344115  0.00650959
   0.013912 -0.00344115           0  -0.0107497
-0.00615118 -0.00650959   0.0107497           0
EndNode2[0]<--->HoM1[0]
REAL
    0.486715  -0.00361367   0.00488214     0.297022
 -0.00361367    0.0350242   -0.0105204 -0.000749904
  0.00488214   -0.0105204    0.0362319   0.00361367
    0.297022 -0.000749904   0.00361367     0.442029
IMAGINARY
           0   0.00422627 -1.27157e-05  -0.00430315
 -0.00422627            0   0.00562241   0.00976564
 1.27157e-05  -0.00562241            0   0.00422627
  0.00430315  -0.00976564  -0.00422627            0
Repeater1[0]<--->EndNode1[0]
REAL
   0.469489  -0.0160202 -0.00280149    0.318834
 -0.0160202   0.0336239  0.00995061 -0.00216129
-0.00280149  0.00995061   0.0435866  0.00361328
   0.318834 -0.00216129  0.00361328      0.4533
IMAGINARY
          0   -0.013912  0.00738499  0.00615118
   0.013912           0 -0.00344115  -0.0107497
-0.00738499  0.00344115           0  0.00650959
-0.00615118   0.0107497 -0.00650959           0
Repeater1[0]<--->HoM1[0]
REAL
    0.486715   0.00488214  -0.00361367     0.297022
  0.00488214    0.0362319   -0.0105204   0.00361367
 -0.00361367   -0.0105204    0.0350242 -0.000749904
    0.297022   0.00361367 -0.000749904     0.442029
IMAGINARY
           0 -1.27157e-05   0.00422627  -0.00430315
 1.27157e-05            0  -0.00562241   0.00422627
 -0.00422627   0.00562241            0   0.00976564
  0.00430315  -0.00422627  -0.00976564            0
EndNode1[0]<--->Repeater1[0]
REAL
   0.455629   0.0251287   0.0229299    0.316963
  0.0251287   0.0397351 -0.00303721  0.00167992
  0.0229299 -0.00303721   0.0476821  0.00548356
   0.316963  0.00167992  0.00548356    0.456954
IMAGINARY
           0  -0.00323586 -0.000344371   -0.0130764
  0.00323586            0   0.00866276  -0.00365563
 0.000344371  -0.00866276            0   0.00590252
   0.0130764   0.00365563  -0.00590252            0
EndNode2[0]<--->HoM1[0]
REAL
   0.465699 -0.00163703  0.00116218    0.310706
-0.00163703   0.0356201  0.00511558  -0.0153773
 0.00116218  0.00511558    0.030343  0.00349117
   0.310706  -0.0153773  0.00349117    0.468338
IMAGINARY
          0  -0.0188732   0.0133489  0.00887246
  0.0188732           0  0.00512246  0.00634612
 -0.0133489 -0.00512246           0    0.010614
-0.00887246 -0.00634612   -0.010614           0
Repeater1[0]<--->EndNode1[0]
REAL
   0.455629   0.0229299   0.0251287    0.316963
  0.0229299   0.0476821 -0.00303721  0.00548356
  0.0251287 -0.00303721   0.0397351  0.00167992
   0.316963  0.00548356  0.00167992    0.456954
IMAGINARY
           0 -0.000344371  -0.00323586   -0.0130764
 0.000344371            0  -0.00866276   0.00590252
  0.00323586   0.00866276            0  -0.00365563
   0.0130764  -0.00590252   0.00365563            0
Repeater1[0]<--->HoM1[0]
REAL
   0.465699  0.00116218 -0.00163703    0.310706
 0.00116218    0.030343  0.00511558  0.00349117
-0.00163703  0.00511558   0.0356201  -0.0153773
   0.310706  0.00349117  -0.0153773    0.468338
IMAGINARY
          0   0.0133489  -0.0188732  0.00887246
 -0.0133489           0 -0.00512246    0.010614
  0.0188732  0.00512246           0  0.00634612
-0.00887246   -0.010614 -0.00634612           0
EndNode1[0]<--->Repeater1[0]
REAL
  0.483039  0.0104634  0.0207925   0.300186
 0.0104634  0.0420624  0.0184353 -0.0020501
 0.0207925  0.0184353  0.0352782  0.0203709
  0.300186 -0.0020501  0.0203709    0.43962
IMAGINARY
         0 -0.0117705 -0.0104833 -0.0107338
 0.0117705          0  0.0206413  0.0123329
 0.0104833 -0.0206413          0  0.0111539
 0.0107338 -0.0123329 -0.0111539          0
EndNode2[0]<--->HoM1[0]
REAL
   0.451372  0.00351432 -0.00856163    0.325833
 0.00351432   0.0336658   0.0298632 -0.00789407
-0.00856163   0.0298632   0.0411471  -0.0149067
   0.325833 -0.00789407  -0.0149067    0.473815
IMAGINARY
          0   0.0177099 -0.00337904   0.0100215
 -0.0177099           0  0.00554007  -0.0003993
 0.00337904 -0.00554007           0   -0.026526
 -0.0100215   0.0003993    0.026526           0
Repeater1[0]<--->EndNode1[0]
REAL
  0.483039  0.0207925  0.0104634   0.300186
 0.0207925  0.0352782  0.0184353  0.0203709
 0.0104634  0.0184353  0.0420624 -0.0020501
  0.300186  0.0203709 -0.0020501    0.43962
IMAGINARY
         0 -0.0104833 -0.0117705 -0.0107338
 0.0104833          0 -0.0206413  0.0111539
 0.0117705  0.0206413          0  0.0123329
 0.0107338 -0.0111539 -0.0123329          0
Repeater1[0]<--->HoM1[0]
REAL
   0.451372 -0.00856163  0.00351432    0.325833
-0.00856163   0.0411471   0.0298632  -0.0149067
 0.00351432   0.0298632   0.0336658 -0.00789407
   0.325833  -0.0149067 -0.00789407    0.473815
IMAGINARY
          0 -0.00337904   0.0177099   0.0100215
 0.00337904           0 -0.00554007   -0.026526
 -0.0177099  0.00554007           0  -0.0003993
 -0.0100215    0.026526   0.0003993           0
EndNode1[0]<--->Repeater1[0]
REAL
    0.44357   0.0177444  0.00654992      0.3108
  0.0177444   0.0511811   -0.011286  -0.0120177
 0.00654992   -0.011286   0.0328084 -0.00984646
     0.3108  -0.0120177 -0.00984646    0.472441
IMAGINARY
          0   0.0217274  -0.0114128  0.00333003
 -0.0217274           0    0.021569 -0.00760565
  0.0114128   -0.021569           0   0.0107879
-0.00333003  0.00760565  -0.0107879           0
EndNode2[0]<--->HoM1[0]
REAL
   0.474555  -0.0105552  -0.0126652    0.322005
 -0.0105552   0.0458015 -0.00222982  -0.0267591
 -0.0126652 -0.00222982   0.0483461  -0.0188566
   0.322005  -0.0267591  -0.0188566    0.431298
IMAGINARY
          0  0.00101986   0.0162896    -0.01319
-0.00101986           0  -0.0190265  -0.0116292
 -0.0162896   0.0190265           0 -0.00834343
    0.01319   0.0116292  0.00834343           0
Repeater1[0]<--->EndNode1[0]
REAL
    0.44357  0.00654992   0.0177444      0.3108
 0.00654992   0.0328084   -0.011286 -0.00984646
  0.0177444   -0.011286   0.0511811  -0.0120177
     0.3108 -0.00984646  -0.0120177    0.472441
IMAGINARY
          0  -0.0114128   0.0217274  0.00333003
  0.0114128           0   -0.021569   0.0107879
 -0.0217274    0.021569           0 -0.00760565
-0.00333003  -0.0107879  0.00760565           0
Repeater1[0]<--->HoM1[0]
REAL
   0.474555  -0.0126652  -0.0105552    0.322005
 -0.0126652   0.0483461 -0.00222982  -0.0188566
 -0.0105552 -0.00222982   0.0458015  -0.0267591
   0.322005  -0.0188566  -0.0267591    0.431298
IMAGINARY
          0   0.0162896  0.00101986    -0.01319
 -0.0162896           0   0.0190265 -0.00834343
-0.00101986  -0.0190265           0  -0.0116292
    0.01319  0.00834343   0.0116292           0
EndNode1[0]<--->Repeater1[0]
REAL
   0.456839   0.0189372  -0.0104252    0.318068
  0.0189372   0.0358566 0.000233129  0.00192849
 -0.0104252 0.000233129   0.0411687  -0.0182836
   0.318068  0.00192849  -0.0182836    0.466135
IMAGINARY
          0  0.00380024   0.0203518   0.0157521
-0.00380024           0   0.0304018   0.0057629
 -0.0203518  -0.0304018           0  0.00193224
 -0.0157521  -0.0057629 -0.00193224           0
EndNode2[0]<--->HoM1[0]
REAL
   0.490814  -0.0042111 -0.00151025    0.319555
 -0.0042111   0.0314961  -0.0107899  0.00350228
-0.00151025  -0.0107899   0.0446194   0.0141713
   0.319555  0.00350228   0.0141713    0.433071
IMAGINARY
          0 -0.00558425   0.0151689   0.0106737
 0.00558425           0  0.00942372  -0.0103413
 -0.0151689 -0.00942372           0  -0.0116571
 -0.0106737   0.0103413   0.0116571           0
Repeater1[0]<--->EndNode1[0]
REAL
   0.456839  -0.0104252   0.0189372    0.318068
 -0.0104252   0.0411687 0.000233129  -0.0182836
  0.0189372 0.000233129   0.0358566  0.00192849
   0.318068  -0.0182836  0.00192849    0.466135
IMAGINARY
          0   0.0203518  0.00380024   0.0157521
 -0.0203518           0  -0.0304018  0.00193224
-0.00380024   0.0304018           0   0.0057629
 -0.0157521 -0.00193224  -0.0057629           0
Repeater1[0]<--->HoM1[0]
REAL
   0.490814 -0.00151025  -0.0042111    0.319555
-0.00151025   0.0446194  -0.0107899   0.0141713
 -0.0042111  -0.0107899   0.0314961  0.00350228
   0.319555   0.0141713  0.00350228    0.433071
IMAGINARY
          0   0.0151689 -0.00558425   0.0106737
 -0.0151689           0 -0.00942372  -0.0116571
 0.00558425  0.00942372           0  -0.0103413
 -0.0106737   0.0116571   0.0103413           0
EndNode1[0]<--->Repeater1[0]
REAL
   0.446701 -0.00520894 -0.00482334    0.313703
-0.00520894   0.0329949  0.00975546  0.00300956
-0.00482334  0.00975546   0.0317259  0.00823192
   0.313703  0.00300956  0.00823192    0.488579
IMAGINARY
          0  0.00985738  0.00828287  -0.0294192
-0.00985738           0   0.0057921  0.00619082
-0.00828287  -0.0057921           0    -0.03091
  0.0294192 -0.00619082     0.03091           0
EndNode2[0]<--->HoM1[0]
REAL
    0.447028    0.0170459    0.0012857     0.308049
   0.0170459    0.0258398   -0.0233538   0.00195684
   0.0012857   -0.0233538    0.0387597 -0.000833225
    0.308049   0.00195684 -0.000833225     0.488372
IMAGINARY
          0    0.010197 -0.00745093  -0.0126811
  -0.010197           0   -0.015907 -0.00220158
 0.00745093    0.015907           0  -0.0172755
  0.0126811  0.00220158   0.0172755           0
Repeater1[0]<--->EndNode1[0]
REAL
   0.446701 -0.00482334 -0.00520894    0.313703
-0.00482334   0.0317259  0.00975546  0.00823192
-0.00520894  0.00975546   0.0329949  0.00300956
   0.313703  0.00823192  0.00300956    0.488579
IMAGINARY
          0  0.00828287  0.00985738  -0.0294192
-0.00828287           0  -0.0057921    -0.03091
-0.00985738   0.0057921           0  0.00619082
  0.0294192     0.03091 -0.00619082           0
Repeater1[0]<--->HoM1[0]
REAL
    0.447028    0.0012857    0.0170459     0.308049
   0.0012857    0.0387597   -0.0233538 -0.000833225
   0.0170459   -0.0233538    0.0258398   0.00195684
    0.308049 -0.000833225   0.00195684     0.488372
IMAGINARY
          0 -0.00745093    0.010197  -0.0126811
 0.00745093           0    0.015907  -0.0172755
  -0.010197   -0.015907           0 -0.00220158
  0.0126811   0.0172755  0.00220158           0
EndNode1[0]<--->Repeater1[0]
REAL
   0.439299  0.00692379   0.0143883    0.310855
 0.00692379   0.0400501 0.000465572 -0.00998583
  0.0143883 0.000465572   0.0312891  0.00251017
   0.310855 -0.00998583  0.00251017    0.489362
IMAGINARY
          0  0.00766767  -0.0103721   0.0151735
-0.00766767           0   0.0290624  -0.0298876
  0.0103721  -0.0290624           0   0.0170076
 -0.0151735   0.0298876  -0.0170076           0
EndNode2[0]<--->HoM1[0]
REAL
   0.436828 -0.00620622 -0.00474814    0.330923
-0.00620622   0.0443548  0.00220111  0.00286608
-0.00474814  0.00220111   0.0483871  -0.0220246
   0.330923  0.00286608  -0.0220246     0.47043
IMAGINARY
          0  -0.0312695  0.00561617  0.00556319
  0.0312695           0  0.00494361    0.016123
-0.00561617 -0.00494361           0  0.00162523
-0.00556319   -0.016123 -0.00162523           0
Repeater1[0]<--->EndNode1[0]
REAL
   0.439299   0.0143883  0.00692379    0.310855
  0.0143883   0.0312891 0.000465572  0.00251017
 0.00692379 0.000465572   0.0400501 -0.00998583
   0.310855  0.00251017 -0.00998583    0.489362
IMAGINARY
          0  -0.0103721  0.00766767   0.0151735
  0.0103721           0  -0.0290624   0.0170076
-0.00766767   0.0290624           0  -0.0298876
 -0.0151735  -0.0170076   0.0298876           0
Repeater1[0]<--->HoM1[0]
REAL
   0.436828 -0.00474814 -0.00620622    0.330923
-0.00474814   0.0483871  0.00220111  -0.0220246
-0.00620622  0.00220111   0.0443548  0.00286608
   0.330923  -0.0220246  0.00286608     0.47043
IMAGINARY
          0  0.00561617  -0.0312695  0.00556319
-0.00561617           0 -0.00494361  0.00162523
  0.0312695  0.00494361           0    0.016123
-0.00556319 -0.00162523   -0.016123           0
EndNode1[0]<--->Repeater1[0]
REAL
   0.477387 -0.00951987 -0.00218316    0.308935
-0.00951987   0.0376884   0.0102004  -0.0207526
-0.00218316   0.0102004    0.048995   0.0101752
   0.308935  -0.0207526   0.0101752     0.43593
IMAGINARY
           0    0.0196203   -0.0224512  0.000313656
  -0.0196203            0    -0.004045   -0.0129918
   0.0224512     0.004045            0    0.0120253
-0.000313656    0.0129918   -0.0120253            0
EndNode2[0]<--->HoM1[0]
REAL
   0.480405  0.00340545 -0.00184876    0.326074
 0.00340545   0.0290771  -0.0239909  0.00705709
-0.00184876  -0.0239909   0.0366625   0.0226362
   0.326074  0.00705709   0.0226362    0.453856
IMAGINARY
          0  -0.0148555  -0.0117222   0.0166851
  0.0148555           0  0.00119566 -0.00718263
  0.0117222 -0.00119566           0   0.0115961
 -0.0166851  0.00718263  -0.0115961           0
Repeater1[0]<--->EndNode1[0]
REAL
   0.477387 -0.00218316 -0.00951987    0.308935
-0.00218316    0.048995   0.0102004   0.0101752
-0.00951987   0.0102004   0.0376884  -0.0207526
   0.308935   0.0101752  -0.0207526     0.43593
IMAGINARY
           0   -0.0224512    0.0196203  0.000313656
   0.0224512            0     0.004045    0.0120253
  -0.0196203    -0.004045            0   -0.0129918
-0.000313656   -0.0120253    0.0129918            0
Repeater1[0]<--->HoM1[0]
REAL
   0.480405 -0.00184876  0.00340545    0.326074
-0.00184876   0.0366625  -0.0239909   0.0226362
 0.00340545  -0.0239909   0.0290771  0.00705709
   0.326074   0.0226362  0.00705709    0.453856
IMAGINARY
          0  -0.0117222  -0.0148555   0.0166851
  0.0117222           0 -0.00119566   0.0115961
  0.0148555  0.00119566           0 -0.00718263
 -0.0166851  -0.0115961  0.00718263           0
EndNode1[0]<--->Repeater1[0]
REAL
   0.472991  -0.0129069 -0.00931747    0.302098
 -0.0129069   0.0316206  0.00881603  -0.0173323
-0.00931747  0.00881603   0.0368906 0.000216502
   0.302098  -0.0173323 0.000216502    0.458498
IMAGINARY
          0  0.00392631  0.00225324 -0.00247887
-0.00392631           0    0.012033  0.00162273
-0.00225324   -0.012033           0  -0.0155542
 0.00247887 -0.00162273   0.0155542           0
EndNode2[0]<--->HoM1[0]
REAL
   0.509186  0.00388681 -0.00173786    0.315835
 0.00388681   0.0367454  0.00516126 -0.00566456
-0.00173786  0.00516126   0.0314961   0.0223581
   0.315835 -0.00566456   0.0223581    0.422572
IMAGINARY
           0   -0.0022908 -0.000509737    0.0086359
   0.0022908            0   -0.0196892    0.0227461
 0.000509737    0.0196892            0  -0.00850971
  -0.0086359   -0.0227461   0.00850971            0
Repeater1[0]<--->EndNode1[0]
REAL
   0.472991 -0.00931747  -0.0129069    0.302098
-0.00931747   0.0368906  0.00881603 0.000216502
 -0.0129069  0.00881603   0.0316206  -0.0173323
   0.302098 0.000216502  -0.0173323    0.458498
IMAGINARY
          0  0.00225324  0.00392631 -0.00247887
-0.00225324           0   -0.012033  -0.0155542
-0.00392631    0.012033           0  0.00162273
 0.00247887   0.0155542 -0.00162273           0
Repeater1[0]<--->HoM1[0]
REAL
   0.509186 -0.00173786  0.00388681    0.315835
-0.00173786   0.0314961  0.00516126   0.0223581
 0.00388681  0.00516126   0.0367454 -0.00566456
   0.315835   0.0223581 -0.00566456    0.422572
IMAGINARY
           0 -0.000509737   -0.0022908    0.0086359
 0.000509737            0    0.0196892  -0.00850971
   0.0022908   -0.0196892            0    0.0227461
  -0.0086359   0.00850971   -0.0227461            0
EndNode1[0]<--->Repeater1[0]
REAL
    0.440476    0.0150179  -0.00234972     0.306473
   0.0150179    0.0515873 -0.000388925    0.0219948
 -0.00234972 -0.000388925     0.031746   0.00335983
    0.306473    0.0219948   0.00335983      0.47619
IMAGINARY
           0     0.008593   -0.0135136   0.00161374
   -0.008593            0 -0.000321747   -0.0214292
   0.0135136  0.000321747            0    0.0339737
 -0.00161374    0.0214292   -0.0339737            0
EndNode2[0]<--->HoM1[0]
REAL
   0.472681 -0.00984759   0.0216535    0.312487
-0.00984759   0.0419314   0.0129727   0.0137795
  0.0216535   0.0129727   0.0546379   0.0229709
   0.312487   0.0137795   0.0229709     0.43075
IMAGINARY
          0  -0.0177459  0.00656495 -0.00861529
  0.0177459           0  -0.0151942   0.0219891
-0.00656495   0.0151942           0  -0.0290341
 0.00861529  -0.0219891   0.0290341           0
Repeater1[0]<--->EndNode1[0]
REAL
    0.440476  -0.00234972    0.0150179     0.306473
 -0.00234972     0.031746 -0.000388925   0.00335983
   0.0150179 -0.000388925    0.0515873    0.0219948
    0.306473   0.00335983    0.0219948      0.47619
IMAGINARY
           0   -0.0135136     0.008593   0.00161374
   0.0135136            0  0.000321747    0.0339737
   -0.008593 -0.000321747            0   -0.0214292
 -0.00161374   -0.0339737    0.0214292            0
Repeater1[0]<--->HoM1[0]
REAL
   0.472681   0.0216535 -0.00984759    0.312487
  0.0216535   0.0546379   0.0129727   0.0229709
-0.00984759   0.0129727   0.0419314   0.0137795
   0.312487   0.0229709   0.0137795     0.43075
IMAGINARY
          0  0.00656495  -0.0177459 -0.00861529
-0.00656495           0   0.0151942  -0.0290341
  0.0177459  -0.0151942           0   0.0219891
 0.00861529   0.0290341  -0.0219891           0
EndNode1[0]<--->Repeater1[0]
REAL
   0.452128  -0.0249583  -0.0149089    0.315991
 -0.0249583   0.0319149  -0.0046474 -0.00790249
 -0.0149089  -0.0046474   0.0398936   0.0181766
   0.315991 -0.00790249   0.0181766    0.476064
IMAGINARY
          0  0.00495568 -0.00886159  -0.0109905
-0.00495568           0  0.00959384 -0.00219492
 0.00886159 -0.00959384           0  0.00118683
  0.0109905  0.00219492 -0.00118683           0
EndNode2[0]<--->HoM1[0]
REAL
     0.46371   -0.0141655   -0.0207832     0.320015
  -0.0141655    0.0443548   -0.0170776 -0.000636654
  -0.0207832   -0.0170776    0.0389785  -0.00603033
    0.320015 -0.000636654  -0.00603033     0.452957
IMAGINARY
          0   0.0197816 -0.00384675  -0.0027027
 -0.0197816           0  -0.0027027 -0.00116578
 0.00384675   0.0027027           0  0.00277479
  0.0027027  0.00116578 -0.00277479           0
Repeater1[0]<--->EndNode1[0]
REAL
   0.452128  -0.0149089  -0.0249583    0.315991
 -0.0149089   0.0398936  -0.0046474   0.0181766
 -0.0249583  -0.0046474   0.0319149 -0.00790249
   0.315991   0.0181766 -0.00790249    0.476064
IMAGINARY
          0 -0.00886159  0.00495568  -0.0109905
 0.00886159           0 -0.00959384  0.00118683
-0.00495568  0.00959384           0 -0.00219492
  0.0109905 -0.00118683  0.00219492           0
Repeater1[0]<--->HoM1[0]
REAL
     0.46371   -0.0207832   -0.0141655     0.320015
  -0.0207832    0.0389785   -0.0170776  -0.00603033
  -0.0141655   -0.0170776    0.0443548 -0.000636654
    0.320015  -0.00603033 -0.000636654     0.452957
IMAGINARY
          0 -0.00384675   0.0197816  -0.0027027
 0.00384675           0   0.0027027  0.00277479
 -0.0197816  -0.0027027           0 -0.00116578
  0.0027027 -0.00277479  0.00116578           0
EndNode1[0]<--->Repeater1[0]
REAL
   0.455253   0.0197488  0.00733553    0.326211
  0.0197488   0.0440986 -0.00283783   0.0132488
 0.00733553 -0.00283783   0.0440986   0.0154438
   0.326211   0.0132488   0.0154438     0.45655
IMAGINARY
           0   0.00177319   -0.0024145  0.000586331
 -0.00177319            0    -0.025462    0.0178387
   0.0024145     0.025462            0  -0.00562923
-0.000586331   -0.0178387   0.00562923            0
EndNode2[0]<--->HoM1[0]
REAL
  0.448095 0.00811204 0.00371313   0.307214
0.00811204  0.0538765 0.00373134  0.0136998
0.00371313 0.00373134  0.0367937 0.00681334
  0.307214  0.0136998 0.00681334   0.461235
IMAGINARY
         0  0.0035144  0.0060913  -0.019945
-0.0035144          0 -0.0110392 -0.0172853
-0.0060913  0.0110392          0  0.0151423
  0.019945  0.0172853 -0.0151423          0
Repeater1[0]<--->EndNode1[0]
REAL
   0.455253  0.00733553   0.0197488    0.326211
 0.00733553   0.0440986 -0.00283783   0.0154438
  0.0197488 -0.00283783   0.0440986   0.0132488
   0.326211   0.0154438   0.0132488     0.45655
IMAGINARY
           0   -0.0024145   0.00177319  0.000586331
   0.0024145            0     0.025462  -0.00562923
 -0.00177319    -0.025462            0    0.0178387
-0.000586331   0.00562923   -0.0178387            0
Repeater1[0]<--->HoM1[0]
REAL
  0.448095 0.00371313 0.00811204   0.307214
0.00371313  0.0367937 0.00373134 0.00681334
0.00811204 0.00373134  0.0538765  0.0136998
  0.307214 0.00681334  0.0136998   0.461235
IMAGINARY
         0  0.0060913  0.0035144  -0.019945
-0.0060913          0  0.0110392  0.0151423
-0.0035144 -0.0110392          0 -0.0172853
  0.019945 -0.0151423  0.0172853          0
EndNode1[0]<--->Repeater1[0]
REAL
   0.452073 -0.00424395   0.0178437    0.319912
-0.00424395   0.0479275  -0.0132006  -0.0198571
  0.0178437  -0.0132006   0.0388601   0.0156534
   0.319912  -0.0198571   0.0156534     0.46114
IMAGINARY
          0 -0.00507303   0.0112117   0.0119713
 0.00507303           0   0.0205127 -0.00790047
 -0.0112117  -0.0205127           0  0.00705979
 -0.0119713  0.00790047 -0.00705979           0
EndNode2[0]<--->HoM1[0]
REAL
    0.46991    0.012922 -0.00965796    0.337923
   0.012922   0.0332907 -0.00371211  -0.0127105
-0.00965796 -0.00371211   0.0435339  -0.0116063
   0.337923  -0.0127105  -0.0116063    0.453265
IMAGINARY
           0    0.0146225   -0.0157141  0.000881834
  -0.0146225            0  -0.00705467 -0.000250161
   0.0157141   0.00705467            0   0.00900455
-0.000881834  0.000250161  -0.00900455            0
Repeater1[0]<--->EndNode1[0]
REAL
   0.452073   0.0178437 -0.00424395    0.319912
  0.0178437   0.0388601  -0.0132006   0.0156534
-0.00424395  -0.0132006   0.0479275  -0.0198571
   0.319912   0.0156534  -0.0198571     0.46114
IMAGINARY
          0   0.0112117 -0.00507303   0.0119713
 -0.0112117           0  -0.0205127  0.00705979
 0.00507303   0.0205127           0 -0.00790047
 -0.0119713 -0.00705979  0.00790047           0
Repeater1[0]<--->HoM1[0]
REAL
    0.46991 -0.00965796    0.012922    0.337923
-0.00965796   0.0435339 -0.00371211  -0.0116063
   0.012922 -0.00371211   0.0332907  -0.0127105
   0.337923  -0.0116063  -0.0127105    0.453265
IMAGINARY
           0   -0.0157141    0.0146225  0.000881834
   0.0157141            0   0.00705467   0.00900455
  -0.0146225  -0.00705467            0 -0.000250161
-0.000881834  -0.00900455  0.000250161            0
EndNode1[0]<--->Repeater1[0]
REAL
   0.471649  -0.0174951 0.000449407    0.298095
 -0.0174951   0.0425258   0.0146303  -0.0214578
0.000449407   0.0146303   0.0476804 -0.00111237
   0.298095  -0.0214578 -0.00111237    0.438144
IMAGINARY
           0    0.0042567   -0.0194642  0.000277107
  -0.0042567            0  -0.00890924   -0.0146565
   0.0194642   0.00890924            0   0.00492965
-0.000277107    0.0146565  -0.00492965            0
EndNode2[0]<--->HoM1[0]
REAL
   0.485498 0.000374966  -0.0125118    0.320983
0.000374966   0.0390921  0.00805339   0.0145471
 -0.0125118  0.00805339     0.03657  0.00166031
   0.320983   0.0145471  0.00166031     0.43884
IMAGINARY
          0 -0.00819422  0.00691912  -0.0045177
 0.00819422           0 -0.00708181   0.0102748
-0.00691912  0.00708181           0  -0.0062487
  0.0045177  -0.0102748   0.0062487           0
Repeater1[0]<--->EndNode1[0]
REAL
   0.471649 0.000449407  -0.0174951    0.298095
0.000449407   0.0476804   0.0146303 -0.00111237
 -0.0174951   0.0146303   0.0425258  -0.0214578
   0.298095 -0.00111237  -0.0214578    0.438144
IMAGINARY
           0   -0.0194642    0.0042567  0.000277107
   0.0194642            0   0.00890924   0.00492965
  -0.0042567  -0.00890924            0   -0.0146565
-0.000277107  -0.00492965    0.0146565            0
Repeater1[0]<--->HoM1[0]
REAL
   0.485498  -0.0125118 0.000374966    0.320983
 -0.0125118     0.03657  0.00805339  0.00166031
0.000374966  0.00805339   0.0390921   0.0145471
   0.320983  0.00166031   0.0145471     0.43884
IMAGINARY
          0  0.00691912 -0.00819422  -0.0045177
-0.00691912           0  0.00708181  -0.0062487
 0.00819422 -0.00708181           0   0.0102748
  0.0045177   0.0062487  -0.0102748           0
EndNode1[0]<--->Repeater1[0]
REAL
   0.453815  0.00748968   0.0171309    0.316796
 0.00748968   0.0508701   0.0165378 -0.00568048
  0.0171309   0.0165378    0.042838   0.0357673
   0.316796 -0.00568048   0.0357673    0.452477
IMAGINARY
          0   0.0217538   0.0195058 -0.00542784
 -0.0217538           0   0.0109358  -0.0182171
 -0.0195058  -0.0109358           0 -0.00628993
 0.00542784   0.0182171  0.00628993           0
EndNode2[0]<--->HoM1[0]
REAL
   0.471448 -0.00121574 0.000543782    0.316416
-0.00121574   0.0411687 -0.00801102  0.00254645
0.000543782 -0.00801102   0.0385126  -0.0018745
   0.316416  0.00254645  -0.0018745    0.448871
IMAGINARY
           0   0.00227981    -0.016053   0.00135216
 -0.00227981            0  -0.00776242 -0.000486408
    0.016053   0.00776242            0    0.0142596
 -0.00135216  0.000486408   -0.0142596            0
Repeater1[0]<--->EndNode1[0]
REAL
   0.453815   0.0171309  0.00748968    0.316796
  0.0171309    0.042838   0.0165378   0.0357673
 0.00748968   0.0165378   0.0508701 -0.00568048
   0.316796   0.0357673 -0.00568048    0.452477
IMAGINARY
          0   0.0195058   0.0217538 -0.00542784
 -0.0195058           0  -0.0109358 -0.00628993
 -0.0217538   0.0109358           0  -0.0182171
 0.00542784  0.00628993   0.0182171           0
Repeater1[0]<--->HoM1[0]
REAL
   0.471448 0.000543782 -0.00121574    0.316416
0.000543782   0.0385126 -0.00801102  -0.0018745
-0.00121574 -0.00801102   0.0411687  0.00254645
   0.316416  -0.0018745  0.00254645    0.448871
IMAGINARY
           0    -0.016053   0.00227981   0.00135216
    0.016053            0   0.00776242    0.0142596
 -0.00227981  -0.00776242            0 -0.000486408
 -0.00135216   -0.0142596  0.000486408            0
EndNode1[0]<--->Repeater1[0]
REAL
   0.445844 -0.00454011   -0.004867    0.326541
-0.00454011   0.0554156 -0.00958786 -0.00741802
  -0.004867 -0.00958786    0.034005  -0.0065164
   0.326541 -0.00741802  -0.0065164    0.464736
IMAGINARY
          0 -0.00834437   0.0206644   -0.018849
 0.00834437           0 -0.00369745  0.00578726
 -0.0206644  0.00369745           0  -0.0116556
   0.018849 -0.00578726   0.0116556           0
EndNode2[0]<--->HoM1[0]
REAL
   0.453165 0.000525258  0.00725747    0.313555
0.000525258   0.0506329  0.00403075   0.0242386
 0.00725747  0.00403075   0.0367089   0.0165351
   0.313555   0.0242386   0.0165351    0.459494
IMAGINARY
          0 -0.00238095 -0.00848861   0.0156875
 0.00238095           0    0.016963   0.0132505
 0.00848861   -0.016963           0 -0.00238095
 -0.0156875  -0.0132505  0.00238095           0
Repeater1[0]<--->EndNode1[0]
REAL
   0.445844   -0.004867 -0.00454011    0.326541
  -0.004867    0.034005 -0.00958786  -0.0065164
-0.00454011 -0.00958786   0.0554156 -0.00741802
   0.326541  -0.0065164 -0.00741802    0.464736
IMAGINARY
          0   0.0206644 -0.00834437   -0.018849
 -0.0206644           0  0.00369745  -0.0116556
 0.00834437 -0.00369745           0  0.00578726
   0.018849   0.0116556 -0.00578726           0
Repeater1[0]<--->HoM1[0]
REAL
   0.453165  0.00725747 0.000525258    0.313555
 0.00725747   0.0367089  0.00403075   0.0165351
0.000525258  0.00403075   0.0506329   0.0242386
   0.313555   0.0165351   0.0242386    0.459494
IMAGINARY
          0 -0.00848861 -0.00238095   0.0156875
 0.00848861           0   -0.016963 -0.00238095
 0.00238095    0.016963           0   0.0132505
 -0.0156875  0.00238095  -0.0132505           0
EndNode1[0]<--->Repeater1[0]
REAL
   0.492126  0.00354645 -0.00606701    0.312676
 0.00354645   0.0380577   0.0112233  -0.0146877
-0.00606701   0.0112233   0.0485564  -0.0192697
   0.312676  -0.0146877  -0.0192697     0.42126
IMAGINARY
           0  -0.00283147 -0.000585045    0.0133314
  0.00283147            0    -0.012634    0.0187449
 0.000585045     0.012634            0    -0.012907
  -0.0133314   -0.0187449     0.012907            0
EndNode2[0]<--->HoM1[0]
REAL
   0.458435  -0.0166677 -0.00697852    0.325178
 -0.0166677   0.0366748  0.00266114   -0.008284
-0.00697852  0.00266114   0.0342298   0.0246042
   0.325178   -0.008284   0.0246042     0.47066
IMAGINARY
           0  -0.00600464   0.00743985  -0.00431607
  0.00600464            0   0.00431607 -0.000155084
 -0.00743985  -0.00431607            0    0.0146139
  0.00431607  0.000155084   -0.0146139            0
Repeater1[0]<--->EndNode1[0]
REAL
   0.492126 -0.00606701  0.00354645    0.312676
-0.00606701   0.0485564   0.0112233  -0.0192697
 0.00354645   0.0112233   0.0380577  -0.0146877
   0.312676  -0.0192697  -0.0146877     0.42126
IMAGINARY
           0 -0.000585045  -0.00283147    0.0133314
 0.000585045            0     0.012634    -0.012907
  0.00283147    -0.012634            0    0.0187449
  -0.0133314     0.012907   -0.0187449            0
Repeater1[0]<--->HoM1[0]
REAL
   0.458435 -0.00697852  -0.0166677    0.325178
-0.00697852   0.0342298  0.00266114   0.0246042
 -0.0166677  0.00266114   0.0366748   -0.008284
   0.325178   0.0246042   -0.008284     0.47066
IMAGINARY
           0   0.00743985  -0.00600464  -0.00431607
 -0.00743985            0  -0.00431607    0.0146139
  0.00600464   0.00431607            0 -0.000155084
  0.00431607   -0.0146139  0.000155084            0
EndNode1[0]<--->Repeater1[0]
REAL
   0.457516  0.00576521 -0.00742294    0.332105
 0.00576521   0.0313725  -0.0124548 -0.00132538
-0.00742294  -0.0124548   0.0392157  0.00971258
   0.332105 -0.00132538  0.00971258    0.471895
IMAGINARY
           0  -0.00312029   0.00856453  0.000260555
  0.00312029            0    0.0201611  -0.00985987
 -0.00856453   -0.0201611            0    0.0070063
-0.000260555   0.00985987   -0.0070063            0
EndNode2[0]<--->HoM1[0]
REAL
   0.467302  0.00220986  -0.0275668    0.308613
 0.00220986   0.0476839  -0.0135516  0.00534459
 -0.0275668  -0.0135516   0.0435967 0.000259275
   0.308613  0.00534459 0.000259275    0.441417
IMAGINARY
          0   0.0171462 -0.00157733 -0.00543185
 -0.0171462           0  -0.0182524   0.0157526
 0.00157733   0.0182524           0  0.00218365
 0.00543185  -0.0157526 -0.00218365           0
Repeater1[0]<--->EndNode1[0]
REAL
   0.457516 -0.00742294  0.00576521    0.332105
-0.00742294   0.0392157  -0.0124548  0.00971258
 0.00576521  -0.0124548   0.0313725 -0.00132538
   0.332105  0.00971258 -0.00132538    0.471895
IMAGINARY
           0   0.00856453  -0.00312029  0.000260555
 -0.00856453            0   -0.0201611    0.0070063
  0.00312029    0.0201611            0  -0.00985987
-0.000260555   -0.0070063   0.00985987            0
Repeater1[0]<--->HoM1[0]
REAL
   0.467302  -0.0275668  0.00220986    0.308613
 -0.0275668   0.0435967  -0.0135516 0.000259275
 0.00220986  -0.0135516   0.0476839  0.00534459
   0.308613 0.000259275  0.00534459    0.441417
IMAGINARY
          0 -0.00157733   0.0171462 -0.00543185
 0.00157733           0   0.0182524  0.00218365
 -0.0171462  -0.0182524           0   0.0157526
 0.00543185 -0.00218365  -0.0157526           0
EndNode1[0]<--->Repeater1[0]
REAL
    0.44201 -0.00975662 -0.00691863    0.312201
-0.00975662   0.0528351  0.00802359 5.22161e-05
-0.00691863  0.00802359   0.0438144 -0.00210356
   0.312201 5.22161e-05 -0.00210356     0.46134
IMAGINARY
          0 -0.00342668  -1.367e-05 -0.00430704
 0.00342668           0  -0.0118637   0.0104575
  1.367e-05   0.0118637           0   -0.022683
 0.00430704  -0.0104575    0.022683           0
EndNode2[0]<--->HoM1[0]
REAL
    0.463636    0.0203888  -0.00472306     0.313273
   0.0203888    0.0428571   -0.0190091 -0.000264466
 -0.00472306   -0.0190091    0.0519481  -0.00667307
    0.313273 -0.000264466  -0.00667307     0.441558
IMAGINARY
          0  0.00765476 -0.00725656  -0.0259951
-0.00765476           0  -0.0134786  -0.0059843
 0.00725656   0.0134786           0    0.001803
  0.0259951   0.0059843   -0.001803           0
Repeater1[0]<--->EndNode1[0]
REAL
    0.44201 -0.00691863 -0.00975662    0.312201
-0.00691863   0.0438144  0.00802359 -0.00210356
-0.00975662  0.00802359   0.0528351 5.22161e-05
   0.312201 -0.00210356 5.22161e-05     0.46134
IMAGINARY
          0  -1.367e-05 -0.00342668 -0.00430704
  1.367e-05           0   0.0118637   -0.022683
 0.00342668  -0.0118637           0   0.0104575
 0.00430704    0.022683  -0.0104575           0
Repeater1[0]<--->HoM1[0]
REAL
    0.463636  -0.00472306    0.0203888     0.313273
 -0.00472306    0.0519481   -0.0190091  -0.00667307
   0.0203888   -0.0190091    0.0428571 -0.000264466
    0.313273  -0.00667307 -0.000264466     0.441558
IMAGINARY
          0 -0.00725656  0.00765476  -0.0259951
 0.00725656           0   0.0134786    0.001803
-0.00765476  -0.0134786           0  -0.0059843
  0.0259951   -0.001803   0.0059843           0
EndNode1[0]<--->Repeater1[0]
REAL
  0.453086 -0.0112317 -0.0222083   0.320124
-0.0112317  0.0333333 -0.0123821 0.00349863
-0.0222083 -0.0123821  0.0296296 0.00155429
  0.320124 0.00349863 0.00155429   0.483951
IMAGINARY
          0  0.00835197  -0.0374731  0.00226977
-0.00835197           0 -0.00679759 -0.00843265
  0.0374731  0.00679759           0  0.00901775
-0.00226977  0.00843265 -0.00901775           0
EndNode2[0]<--->HoM1[0]
REAL
   0.452646  -0.0027237   0.0242719     0.32518
 -0.0027237   0.0417827 -0.00815332  0.00685897
  0.0242719 -0.00815332   0.0529248  0.00335902
    0.32518  0.00685897  0.00335902    0.452646
IMAGINARY
           0    0.0158576   -0.0141826  0.000254872
  -0.0158576            0    0.0109737  -0.00060235
   0.0141826   -0.0109737            0    0.0204327
-0.000254872   0.00060235   -0.0204327            0
Repeater1[0]<--->EndNode1[0]
REAL
  0.453086 -0.0222083 -0.0112317   0.320124
-0.0222083  0.0296296 -0.0123821 0.00155429
-0.0112317 -0.0123821  0.0333333 0.00349863
  0.320124 0.00155429 0.00349863   0.483951
IMAGINARY
          0  -0.0374731  0.00835197  0.00226977
  0.0374731           0  0.00679759  0.00901775
-0.00835197 -0.00679759           0 -0.00843265
-0.00226977 -0.00901775  0.00843265           0
Repeater1[0]<--->HoM1[0]
REAL
   0.452646   0.0242719  -0.0027237     0.32518
  0.0242719   0.0529248 -0.00815332  0.00335902
 -0.0027237 -0.00815332   0.0417827  0.00685897
    0.32518  0.00335902  0.00685897    0.452646
IMAGINARY
           0   -0.0141826    0.0158576  0.000254872
   0.0141826            0   -0.0109737    0.0204327
  -0.0158576    0.0109737            0  -0.00060235
-0.000254872   -0.0204327   0.00060235            0
EndNode1[0]<--->Repeater1[0]
REAL
   0.481193   0.0148759   0.0174283    0.309438
  0.0148759   0.0285344  -0.0129557 -0.00989062
  0.0174283  -0.0129557   0.0557717  0.00271202
   0.309438 -0.00989062  0.00271202    0.434501
IMAGINARY
          0   0.0067901  -0.0087081 -0.00844341
 -0.0067901           0  0.00457743 -0.00223141
  0.0087081 -0.00457743           0  -0.0035726
 0.00844341  0.00223141   0.0035726           0
EndNode2[0]<--->HoM1[0]
REAL
   0.450578  0.00145981 -0.00417202    0.325874
 0.00145981   0.0526316    0.009947  0.00417202
-0.00417202    0.009947   0.0385109 -0.00643493
   0.325874  0.00417202 -0.00643493     0.45828
IMAGINARY
           0  -0.00818103   -0.0282288 -0.000235715
  0.00818103            0   0.00991313   -0.0213795
   0.0282288  -0.00991313            0    0.0251523
 0.000235715    0.0213795   -0.0251523            0
Repeater1[0]<--->EndNode1[0]
REAL
   0.481193   0.0174283   0.0148759    0.309438
  0.0174283   0.0557717  -0.0129557  0.00271202
  0.0148759  -0.0129557   0.0285344 -0.00989062
   0.309438  0.00271202 -0.00989062    0.434501
IMAGINARY
          0  -0.0087081   0.0067901 -0.00844341
  0.0087081           0 -0.00457743  -0.0035726
 -0.0067901  0.00457743           0 -0.00223141
 0.00844341   0.0035726  0.00223141           0
Repeater1[0]<--->HoM1[0]
REAL
   0.450578 -0.00417202  0.00145981    0.325874
-0.00417202   0.0385109    0.009947 -0.00643493
 0.00145981    0.009947   0.0526316  0.00417202
   0.325874 -0.00643493  0.00417202     0.45828
IMAGINARY
           0   -0.0282288  -0.00818103 -0.000235715
   0.0282288            0  -0.00991313    0.0251523
  0.00818103   0.00991313            0   -0.0213795
 0.000235715   -0.0251523    0.0213795            0
EndNode1[0]<--->Repeater1[0]
REAL
  0.449742  0.0133509 -0.0141646   0.325526
 0.0133509  0.0412371 -0.0114309  0.0147721
-0.0141646 -0.0114309  0.0463918 -0.0212488
  0.325526  0.0147721 -0.0212488   0.462629
IMAGINARY
           0    0.0139596  0.000756988   0.00104722
  -0.0139596            0   -0.0296931  -0.00483307
-0.000756988    0.0296931            0    0.0145731
 -0.00104722   0.00483307   -0.0145731            0
EndNode2[0]<--->HoM1[0]
REAL
   0.441212  0.00772758 -0.00650345    0.312519
 0.00772758   0.0472727  0.00809132   0.0103202
-0.00650345  0.00809132   0.0375758  0.00245054
   0.312519   0.0103202  0.00245054    0.473939
IMAGINARY
          0  0.00403979  -0.0178203  0.00567423
-0.00403979           0  0.00567423  0.00121518
  0.0178203 -0.00567423           0  0.00149526
-0.00567423 -0.00121518 -0.00149526           0
Repeater1[0]<--->EndNode1[0]
REAL
  0.449742 -0.0141646  0.0133509   0.325526
-0.0141646  0.0463918 -0.0114309 -0.0212488
 0.0133509 -0.0114309  0.0412371  0.0147721
  0.325526 -0.0212488  0.0147721   0.462629
IMAGINARY
           0  0.000756988    0.0139596   0.00104722
-0.000756988            0    0.0296931    0.0145731
  -0.0139596   -0.0296931            0  -0.00483307
 -0.00104722   -0.0145731   0.00483307            0
Repeater1[0]<--->HoM1[0]
REAL
   0.441212 -0.00650345  0.00772758    0.312519
-0.00650345   0.0375758  0.00809132  0.00245054
 0.00772758  0.00809132   0.0472727   0.0103202
   0.312519  0.00245054   0.0103202    0.473939
IMAGINARY
          0  -0.0178203  0.00403979  0.00567423
  0.0178203           0 -0.00567423  0.00149526
-0.00403979  0.00567423           0  0.00121518
-0.00567423 -0.00149526 -0.00121518           0
EndNode1[0]<--->Repeater1[0]
REAL
   0.477632    0.016274 -0.00965515    0.319747
   0.016274   0.0460526  0.00573077 -0.00244676
-0.00965515  0.00573077   0.0342105  -0.0143632
   0.319747 -0.00244676  -0.0143632    0.442105
IMAGINARY
          0   0.0126402  0.00712455 -0.00541908
 -0.0126402           0  -0.0190025  -0.0138631
-0.00712455   0.0190025           0  -0.0112925
 0.00541908   0.0138631   0.0112925           0
EndNode2[0]<--->HoM1[0]
REAL
   0.447145  -0.0119601 -0.00470639    0.310203
 -0.0119601   0.0352369   0.0056207  -0.0179914
-0.00470639   0.0056207   0.0486027  -0.0107377
   0.310203  -0.0179914  -0.0107377    0.469016
IMAGINARY
          0  -0.0221538   0.0167963  0.00758494
  0.0221538           0  0.00826521  0.00207161
 -0.0167963 -0.00826521           0   0.0100244
-0.00758494 -0.00207161  -0.0100244           0
Repeater1[0]<--->EndNode1[0]
REAL
   0.477632 -0.00965515    0.016274    0.319747
-0.00965515   0.0342105  0.00573077  -0.0143632
   0.016274  0.00573077   0.0460526 -0.00244676
   0.319747  -0.0143632 -0.00244676    0.442105
IMAGINARY
          0  0.00712455   0.0126402 -0.00541908
-0.00712455           0   0.0190025  -0.0112925
 -0.0126402  -0.0190025           0  -0.0138631
 0.00541908   0.0112925   0.0138631           0
Repeater1[0]<--->HoM1[0]
REAL
   0.447145 -0.00470639  -0.0119601    0.310203
-0.00470639   0.0486027   0.0056207  -0.0107377
 -0.0119601   0.0056207   0.0352369  -0.0179914
   0.310203  -0.0107377  -0.0179914    0.469016
IMAGINARY
          0   0.0167963  -0.0221538  0.00758494
 -0.0167963           0 -0.00826521   0.0100244
  0.0221538  0.00826521           0  0.00207161
-0.00758494  -0.0100244 -0.00207161           0
EndNode1[0]<--->Repeater1[0]
REAL
   0.455381  -0.0110801 -0.00667907    0.318395
 -0.0110801   0.0275591 -0.00737162  -0.0313787
-0.00667907 -0.00737162   0.0564304  -0.0086049
   0.318395  -0.0313787  -0.0086049     0.46063
IMAGINARY
           0   0.00512223   0.00885154  -0.00678439
 -0.00512223            0   0.00119433 -0.000876083
