EndNode1[0]<--->Repeater1[0]
REAL
   0.452292 -0.00187353   0.0195251    0.313986
-0.00187353   0.0508055  0.00278814   0.0056362
  0.0195251  0.00278814   0.0433705   0.0141316
   0.313986   0.0056362   0.0141316    0.453532
IMAGINARY
          0   -0.010605   0.0163992 -0.00199122
   0.010605           0  0.00384536  0.00964245
 -0.0163992 -0.00384536           0  -0.0297596
 0.00199122 -0.00964245   0.0297596           0
EndNode2[0]<--->HoM1[0]
REAL
   0.437267   0.0133199   0.0106082    0.321071
  0.0133199   0.0559006 -0.00556257   0.0161297
  0.0106082 -0.00556257   0.0583851  0.00807052
   0.321071   0.0161297  0.00807052    0.448447
IMAGINARY
          0   0.0147626 -0.00665458   -0.021573
 -0.0147626           0  -0.0152117  -0.0121896
 0.00665458   0.0152117           0 -0.00345605
   0.021573   0.0121896  0.00345605           0
Repeater1[0]<--->EndNode1[0]
REAL
   0.452292   0.0195251 -0.00187353    0.313986
  0.0195251   0.0433705  0.00278814   0.0141316
-0.00187353  0.00278814   0.0508055   0.0056362
   0.313986   0.0141316   0.0056362    0.453532
IMAGINARY
          0   0.0163992   -0.010605 -0.00199122
 -0.0163992           0 -0.00384536  -0.0297596
   0.010605  0.00384536           0  0.00964245
 0.00199122   0.0297596 -0.00964245           0
Repeater1[0]<--->HoM1[0]
REAL
   0.437267   0.0106082   0.0133199    0.321071
  0.0106082   0.0583851 -0.00556257  0.00807052
  0.0133199 -0.00556257   0.0559006   0.0161297
   0.321071  0.00807052   0.0161297    0.448447
IMAGINARY
          0 -0.00665458   0.0147626   -0.021573
 0.00665458           0   0.0152117 -0.00345605
 -0.0147626  -0.0152117           0  -0.0121896
   0.021573  0.00345605   0.0121896           0
EndNode1[0]<--->Repeater1[0]
REAL
    0.474293  -0.00342865   0.00662128      0.30827
 -0.00342865    0.0565553  -0.00250544   0.00340378
  0.00662128  -0.00250544    0.0398458 -0.000330753
     0.30827   0.00340378 -0.000330753     0.429306
IMAGINARY
           0  0.000720528   0.00528393   0.00586503
-0.000720528            0    -0.015299   0.00719964
 -0.00528393     0.015299            0  -0.00531974
 -0.00586503  -0.00719964   0.00531974            0
EndNode2[0]<--->HoM1[0]
REAL
   0.461055 -0.00048092 -0.00230537    0.304811
-0.00048092   0.0452261  0.00172193  0.00356165
-0.00230537  0.00172193   0.0552764   0.0268628
   0.304811  0.00356165   0.0268628    0.438442
IMAGINARY
          0  -0.0023899    -0.01771   0.0204453
  0.0023899           0  0.00234292  -0.0189695
    0.01771 -0.00234292           0   0.0300604
 -0.0204453   0.0189695  -0.0300604           0
Repeater1[0]<--->EndNode1[0]
REAL
    0.474293   0.00662128  -0.00342865      0.30827
  0.00662128    0.0398458  -0.00250544 -0.000330753
 -0.00342865  -0.00250544    0.0565553   0.00340378
     0.30827 -0.000330753   0.00340378     0.429306
IMAGINARY
           0   0.00528393  0.000720528   0.00586503
 -0.00528393            0     0.015299  -0.00531974
-0.000720528    -0.015299            0   0.00719964
 -0.00586503   0.00531974  -0.00719964            0
Repeater1[0]<--->HoM1[0]
REAL
   0.461055 -0.00230537 -0.00048092    0.304811
-0.00230537   0.0552764  0.00172193   0.0268628
-0.00048092  0.00172193   0.0452261  0.00356165
   0.304811   0.0268628  0.00356165    0.438442
IMAGINARY
          0    -0.01771  -0.0023899   0.0204453
    0.01771           0 -0.00234292   0.0300604
  0.0023899  0.00234292           0  -0.0189695
 -0.0204453  -0.0300604   0.0189695           0
EndNode1[0]<--->Repeater1[0]
REAL
  0.458824 -0.0016315  0.0118535    0.30845
-0.0016315  0.0313725 -0.0214823  0.0169686
 0.0118535 -0.0214823  0.0470588 0.00288463
   0.30845  0.0169686 0.00288463   0.462745
IMAGINARY
          0  -0.0102409 -0.00358767  -0.0171967
  0.0102409           0  0.00151293   0.0165128
 0.00358767 -0.00151293           0   0.0122817
  0.0171967  -0.0165128  -0.0122817           0
EndNode2[0]<--->HoM1[0]
REAL
   0.460705   0.0111409 -0.00975895    0.313249
  0.0111409   0.0447154 -0.00662663   0.0090967
-0.00975895 -0.00662663   0.0325203  -0.0144521
   0.313249   0.0090967  -0.0144521     0.46206
IMAGINARY
          0   0.0168005 -0.00594704  -0.0168386
 -0.0168005           0  -0.0122753 -0.00336973
 0.00594704   0.0122753           0  0.00866533
  0.0168386  0.00336973 -0.00866533           0
Repeater1[0]<--->EndNode1[0]
REAL
  0.458824  0.0118535 -0.0016315    0.30845
 0.0118535  0.0470588 -0.0214823 0.00288463
-0.0016315 -0.0214823  0.0313725  0.0169686
   0.30845 0.00288463  0.0169686   0.462745
IMAGINARY
          0 -0.00358767  -0.0102409  -0.0171967
 0.00358767           0 -0.00151293   0.0122817
  0.0102409  0.00151293           0   0.0165128
  0.0171967  -0.0122817  -0.0165128           0
Repeater1[0]<--->HoM1[0]
REAL
   0.460705 -0.00975895   0.0111409    0.313249
-0.00975895   0.0325203 -0.00662663  -0.0144521
  0.0111409 -0.00662663   0.0447154   0.0090967
   0.313249  -0.0144521   0.0090967     0.46206
IMAGINARY
          0 -0.00594704   0.0168005  -0.0168386
 0.00594704           0   0.0122753  0.00866533
 -0.0168005  -0.0122753           0 -0.00336973
  0.0168386 -0.00866533  0.00336973           0
EndNode1[0]<--->Repeater1[0]
REAL
   0.476309   -0.008125   -0.007993    0.319412
  -0.008125   0.0586035 -0.00427564  0.00675231
  -0.007993 -0.00427564   0.0399002    0.008125
   0.319412  0.00675231    0.008125    0.425187
IMAGINARY
          0 -0.00947156  -0.0105756  0.00521635
 0.00947156           0   0.0164153  0.00721091
  0.0105756  -0.0164153           0  0.00341504
-0.00521635 -0.00721091 -0.00341504           0
EndNode2[0]<--->HoM1[0]
REAL
   0.451657 -0.00476202   0.0150016    0.294699
-0.00476202   0.0552486  0.00408937  0.00984692
  0.0150016  0.00408937   0.0552486   0.0174893
   0.294699  0.00984692   0.0174893    0.437845
IMAGINARY
         0 -0.0151349  0.0293696   -0.01677
 0.0151349          0 -0.0118195  0.0150467
-0.0293696  0.0118195          0 -0.0203981
   0.01677 -0.0150467  0.0203981          0
Repeater1[0]<--->EndNode1[0]
REAL
   0.476309   -0.007993   -0.008125    0.319412
  -0.007993   0.0399002 -0.00427564    0.008125
  -0.008125 -0.00427564   0.0586035  0.00675231
   0.319412    0.008125  0.00675231    0.425187
IMAGINARY
          0  -0.0105756 -0.00947156  0.00521635
  0.0105756           0  -0.0164153  0.00341504
 0.00947156   0.0164153           0  0.00721091
-0.00521635 -0.00341504 -0.00721091           0
Repeater1[0]<--->HoM1[0]
REAL
   0.451657   0.0150016 -0.00476202    0.294699
  0.0150016   0.0552486  0.00408937   0.0174893
-0.00476202  0.00408937   0.0552486  0.00984692
   0.294699   0.0174893  0.00984692    0.437845
IMAGINARY
         0  0.0293696 -0.0151349   -0.01677
-0.0293696          0  0.0118195 -0.0203981
 0.0151349 -0.0118195          0  0.0150467
   0.01677  0.0203981 -0.0150467          0
EndNode1[0]<--->Repeater1[0]
REAL
   0.426893 0.000254137  0.00224719    0.289624
0.000254137   0.0626632 -0.00128471   0.0135957
 0.00224719 -0.00128471   0.0613577  0.00925157
   0.289624   0.0135957  0.00925157    0.449086
IMAGINARY
           0   0.00394167  -0.00699175  0.000301944
 -0.00394167            0   0.00160403   -0.0176836
  0.00699175  -0.00160403            0   0.00644794
-0.000301944    0.0176836  -0.00644794            0
EndNode2[0]<--->HoM1[0]
REAL
   0.432704  -0.0109495 -0.00925926    0.294526
 -0.0109495   0.0553459  -0.0171626  0.00925926
-0.00925926  -0.0171626   0.0540881  0.00224307
   0.294526  0.00925926  0.00224307    0.457862
IMAGINARY
           0    0.0157407  8.21018e-05   0.00268133
  -0.0157407            0  -0.00693406   -0.0286535
-8.21018e-05   0.00693406            0  -0.00145503
 -0.00268133    0.0286535   0.00145503            0
Repeater1[0]<--->EndNode1[0]
REAL
   0.426893  0.00224719 0.000254137    0.289624
 0.00224719   0.0613577 -0.00128471  0.00925157
0.000254137 -0.00128471   0.0626632   0.0135957
   0.289624  0.00925157   0.0135957    0.449086
IMAGINARY
           0  -0.00699175   0.00394167  0.000301944
  0.00699175            0  -0.00160403   0.00644794
 -0.00394167   0.00160403            0   -0.0176836
-0.000301944  -0.00644794    0.0176836            0
Repeater1[0]<--->HoM1[0]
REAL
   0.432704 -0.00925926  -0.0109495    0.294526
-0.00925926   0.0540881  -0.0171626  0.00224307
 -0.0109495  -0.0171626   0.0553459  0.00925926
   0.294526  0.00224307  0.00925926    0.457862
IMAGINARY
           0  8.21018e-05    0.0157407   0.00268133
-8.21018e-05            0   0.00693406  -0.00145503
  -0.0157407  -0.00693406            0   -0.0286535
 -0.00268133   0.00145503    0.0286535            0
EndNode1[0]<--->Repeater1[0]
REAL
   0.456806   0.0109143   0.0089008    0.285971
  0.0109143   0.0536649  0.00511144   0.0121183
  0.0089008  0.00511144   0.0549738 -0.00263407
   0.285971   0.0121183 -0.00263407    0.434555
IMAGINARY
          0  -0.0197478   0.0257796   0.0180869
  0.0197478           0  -0.0149263 -0.00428172
 -0.0257796   0.0149263           0  0.00934558
 -0.0180869  0.00428172 -0.00934558           0
EndNode2[0]<--->HoM1[0]
REAL
  0.466398  0.0193774  0.0265743   0.300636
 0.0193774   0.061828 0.00115387 0.00667379
 0.0265743 0.00115387   0.047043 0.00236171
  0.300636 0.00667379 0.00236171   0.424731
IMAGINARY
          0 -0.00980091   0.0348966    0.011805
 0.00980091           0 -0.00647171  0.00326642
 -0.0348966  0.00647171           0  -0.0167191
  -0.011805 -0.00326642   0.0167191           0
Repeater1[0]<--->EndNode1[0]
REAL
   0.456806   0.0089008   0.0109143    0.285971
  0.0089008   0.0549738  0.00511144 -0.00263407
  0.0109143  0.00511144   0.0536649   0.0121183
   0.285971 -0.00263407   0.0121183    0.434555
IMAGINARY
          0   0.0257796  -0.0197478   0.0180869
 -0.0257796           0   0.0149263  0.00934558
  0.0197478  -0.0149263           0 -0.00428172
 -0.0180869 -0.00934558  0.00428172           0
Repeater1[0]<--->HoM1[0]
REAL
  0.466398  0.0265743  0.0193774   0.300636
 0.0265743   0.047043 0.00115387 0.00236171
 0.0193774 0.00115387   0.061828 0.00667379
  0.300636 0.00236171 0.00667379   0.424731
IMAGINARY
          0   0.0348966 -0.00980091    0.011805
 -0.0348966           0  0.00647171  -0.0167191
 0.00980091 -0.00647171           0  0.00326642
  -0.011805   0.0167191 -0.00326642           0
EndNode1[0]<--->Repeater1[0]
REAL
  0.463263 -0.0101328 0.00250468   0.291834
-0.0101328  0.0485679 -0.0117832  0.0128406
0.00250468 -0.0117832  0.0460772  0.0152479
  0.291834  0.0128406  0.0152479   0.442092
IMAGINARY
          0   0.0143411 -0.00610727   0.0113366
 -0.0143411           0   0.0286634 -0.00810461
 0.00610727  -0.0286634           0 -0.00788114
 -0.0113366  0.00810461  0.00788114           0
EndNode2[0]<--->HoM1[0]
REAL
   0.442092   0.0225256   0.0107973    0.314623
  0.0225256   0.0510585 -0.00522027   0.0101684
  0.0107973 -0.00522027   0.0423412    0.031477
   0.314623   0.0101684    0.031477    0.464508
IMAGINARY
           0    0.0141814   -0.0115144   -0.0115188
  -0.0141814            0  0.000964742    0.0258747
   0.0115144 -0.000964742            0   -0.0180979
   0.0115188   -0.0258747    0.0180979            0
Repeater1[0]<--->EndNode1[0]
REAL
  0.463263 0.00250468 -0.0101328   0.291834
0.00250468  0.0460772 -0.0117832  0.0152479
-0.0101328 -0.0117832  0.0485679  0.0128406
  0.291834  0.0152479  0.0128406   0.442092
IMAGINARY
          0 -0.00610727   0.0143411   0.0113366
 0.00610727           0  -0.0286634 -0.00788114
 -0.0143411   0.0286634           0 -0.00810461
 -0.0113366  0.00788114  0.00810461           0
Repeater1[0]<--->HoM1[0]
REAL
   0.442092   0.0107973   0.0225256    0.314623
  0.0107973   0.0423412 -0.00522027    0.031477
  0.0225256 -0.00522027   0.0510585   0.0101684
   0.314623    0.031477   0.0101684    0.464508
IMAGINARY
           0   -0.0115144    0.0141814   -0.0115188
   0.0115144            0 -0.000964742   -0.0180979
  -0.0141814  0.000964742            0    0.0258747
   0.0115188    0.0180979   -0.0258747            0
EndNode1[0]<--->Repeater1[0]
REAL
   0.433291  0.00194787  0.00174044    0.304841
 0.00194787    0.047014 0.000320007  0.00406602
 0.00174044 0.000320007   0.0482846   0.0051489
   0.304841  0.00406602   0.0051489     0.47141
IMAGINARY
           0   0.00834553  -0.00275005  3.46057e-05
 -0.00834553            0   -0.0134789    0.0107288
  0.00275005    0.0134789            0   0.00096298
-3.46057e-05   -0.0107288  -0.00096298            0
EndNode2[0]<--->HoM1[0]
REAL
   0.456633   0.0102616 -0.00262489    0.310546
  0.0102616   0.0484694 0.000159244 -0.00129156
-0.00262489 0.000159244   0.0561224 -0.00242873
   0.310546 -0.00129156 -0.00242873    0.438776
IMAGINARY
           0   -0.0171225   0.00818212  -0.00929116
   0.0171225            0    0.0220789   0.00147971
 -0.00818212   -0.0220789            0 -0.000993455
  0.00929116  -0.00147971  0.000993455            0
Repeater1[0]<--->EndNode1[0]
REAL
   0.433291  0.00174044  0.00194787    0.304841
 0.00174044   0.0482846 0.000320007   0.0051489
 0.00194787 0.000320007    0.047014  0.00406602
   0.304841   0.0051489  0.00406602     0.47141
IMAGINARY
           0  -0.00275005   0.00834553  3.46057e-05
  0.00275005            0    0.0134789   0.00096298
 -0.00834553   -0.0134789            0    0.0107288
-3.46057e-05  -0.00096298   -0.0107288            0
Repeater1[0]<--->HoM1[0]
REAL
   0.456633 -0.00262489   0.0102616    0.310546
-0.00262489   0.0561224 0.000159244 -0.00242873
  0.0102616 0.000159244   0.0484694 -0.00129156
   0.310546 -0.00242873 -0.00129156    0.438776
IMAGINARY
           0   0.00818212   -0.0171225  -0.00929116
 -0.00818212            0   -0.0220789 -0.000993455
   0.0171225    0.0220789            0   0.00147971
  0.00929116  0.000993455  -0.00147971            0
EndNode1[0]<--->Repeater1[0]
REAL
    0.44898  -0.0148547 -0.00442088    0.305344
 -0.0148547   0.0395408 -0.00127226  0.00187635
-0.00442088 -0.00127226   0.0701531  0.00467657
   0.305344  0.00187635  0.00467657    0.441327
IMAGINARY
          0 -0.00815278  0.00475349 -0.00541039
 0.00815278           0   0.0208346  0.00542463
-0.00475349  -0.0208346           0 -0.00202533
 0.00541039 -0.00542463  0.00202533           0
EndNode2[0]<--->HoM1[0]
REAL
   0.472329 -0.00307882  -0.0164354    0.301478
-0.00307882    0.046332  0.00147783  -0.0020375
 -0.0164354  0.00147783    0.036036 -0.00307882
   0.301478  -0.0020375 -0.00307882    0.445302
IMAGINARY
          0 -0.00178195 -0.00592313  0.00366558
 0.00178195           0   0.0169736  0.00186908
 0.00592313  -0.0169736           0  -0.0049748
-0.00366558 -0.00186908   0.0049748           0
Repeater1[0]<--->EndNode1[0]
REAL
    0.44898 -0.00442088  -0.0148547    0.305344
-0.00442088   0.0701531 -0.00127226  0.00467657
 -0.0148547 -0.00127226   0.0395408  0.00187635
   0.305344  0.00467657  0.00187635    0.441327
IMAGINARY
          0  0.00475349 -0.00815278 -0.00541039
-0.00475349           0  -0.0208346 -0.00202533
 0.00815278   0.0208346           0  0.00542463
 0.00541039  0.00202533 -0.00542463           0
Repeater1[0]<--->HoM1[0]
REAL
   0.472329  -0.0164354 -0.00307882    0.301478
 -0.0164354    0.036036  0.00147783 -0.00307882
-0.00307882  0.00147783    0.046332  -0.0020375
   0.301478 -0.00307882  -0.0020375    0.445302
IMAGINARY
          0 -0.00592313 -0.00178195  0.00366558
 0.00592313           0  -0.0169736  -0.0049748
 0.00178195   0.0169736           0  0.00186908
-0.00366558   0.0049748 -0.00186908           0
EndNode1[0]<--->Repeater1[0]
REAL
   0.440308 -0.00628736  -0.0302044    0.308192
-0.00628736   0.0629012 -0.00499439   0.0111392
 -0.0302044 -0.00499439   0.0526316  -0.0201579
   0.308192   0.0111392  -0.0201579    0.444159
IMAGINARY
           0   0.00931312 -5.88203e-05     0.019121
 -0.00931312            0    0.0158531    0.0137951
 5.88203e-05   -0.0158531            0   0.00442314
   -0.019121   -0.0137951  -0.00442314            0
EndNode2[0]<--->HoM1[0]
REAL
    0.444295   -0.0057672 -0.000546643     0.325323
  -0.0057672     0.052349    0.0112785    -0.014486
-0.000546643    0.0112785    0.0483221  -0.00272953
    0.325323    -0.014486  -0.00272953     0.455034
IMAGINARY
          0 -0.00448445   0.0227706  0.00893266
 0.00448445           0 -0.00546525 -0.00781614
 -0.0227706  0.00546525           0  0.00123347
-0.00893266  0.00781614 -0.00123347           0
Repeater1[0]<--->EndNode1[0]
REAL
   0.440308  -0.0302044 -0.00628736    0.308192
 -0.0302044   0.0526316 -0.00499439  -0.0201579
-0.00628736 -0.00499439   0.0629012   0.0111392
   0.308192  -0.0201579   0.0111392    0.444159
IMAGINARY
           0 -5.88203e-05   0.00931312     0.019121
 5.88203e-05            0   -0.0158531   0.00442314
 -0.00931312    0.0158531            0    0.0137951
   -0.019121  -0.00442314   -0.0137951            0
Repeater1[0]<--->HoM1[0]
REAL
    0.444295 -0.000546643   -0.0057672     0.325323
-0.000546643    0.0483221    0.0112785  -0.00272953
  -0.0057672    0.0112785     0.052349    -0.014486
    0.325323  -0.00272953    -0.014486     0.455034
IMAGINARY
          0   0.0227706 -0.00448445  0.00893266
 -0.0227706           0  0.00546525  0.00123347
 0.00448445 -0.00546525           0 -0.00781614
-0.00893266 -0.00123347  0.00781614           0
EndNode1[0]<--->Repeater1[0]
REAL
   0.434783   0.0287252  0.00535371    0.299097
  0.0287252   0.0611413  0.00657112  0.00341822
 0.00535371  0.00657112   0.0557065 -0.00375891
   0.299097  0.00341822 -0.00375891     0.44837
IMAGINARY
           0 -0.000323409   0.00514644    0.0102083
 0.000323409            0   -0.0192772   0.00387418
 -0.00514644    0.0192772            0  -0.00225391
  -0.0102083  -0.00387418   0.00225391            0
EndNode2[0]<--->HoM1[0]
REAL
   0.453104 0.000352865 -0.00950785    0.279216
0.000352865   0.0501982   0.0199806   0.0101772
-0.00950785   0.0199806   0.0409511   -0.010393
   0.279216   0.0101772   -0.010393    0.455746
IMAGINARY
          0 -0.00782104  -0.0172539  -0.0123305
 0.00782104           0   0.0227344 -0.00249135
  0.0172539  -0.0227344           0   0.0237446
  0.0123305  0.00249135  -0.0237446           0
Repeater1[0]<--->EndNode1[0]
REAL
   0.434783  0.00535371   0.0287252    0.299097
 0.00535371   0.0557065  0.00657112 -0.00375891
  0.0287252  0.00657112   0.0611413  0.00341822
   0.299097 -0.00375891  0.00341822     0.44837
IMAGINARY
           0   0.00514644 -0.000323409    0.0102083
 -0.00514644            0    0.0192772  -0.00225391
 0.000323409   -0.0192772            0   0.00387418
  -0.0102083   0.00225391  -0.00387418            0
Repeater1[0]<--->HoM1[0]
REAL
   0.453104 -0.00950785 0.000352865    0.279216
-0.00950785   0.0409511   0.0199806   -0.010393
0.000352865   0.0199806   0.0501982   0.0101772
   0.279216   -0.010393   0.0101772    0.455746
IMAGINARY
          0  -0.0172539 -0.00782104  -0.0123305
  0.0172539           0  -0.0227344   0.0237446
 0.00782104   0.0227344           0 -0.00249135
  0.0123305  -0.0237446  0.00249135           0
EndNode1[0]<--->Repeater1[0]
REAL
    0.443137  -0.00102737    0.0043868     0.315026
 -0.00102737    0.0405229   -0.0103293 -6.04697e-05
   0.0043868   -0.0103293    0.0339869    0.0127703
    0.315026 -6.04697e-05    0.0127703     0.482353
IMAGINARY
          0  0.00869663 -0.00171889  -0.0114091
-0.00869663           0  0.00217431  0.00754037
 0.00171889 -0.00217431           0  0.00747413
  0.0114091 -0.00754037 -0.00747413           0
EndNode2[0]<--->HoM1[0]
REAL
   0.461055   0.0208692   0.0273644    0.311934
  0.0208692    0.040201  -0.0121994 -0.00614419
  0.0273644  -0.0121994   0.0502513  0.00432975
   0.311934 -0.00614419  0.00432975    0.448492
IMAGINARY
          0  0.00373841   0.0116933  -0.0165153
-0.00373841           0  0.00136382  -0.0149025
 -0.0116933 -0.00136382           0   0.0212937
  0.0165153   0.0149025  -0.0212937           0
Repeater1[0]<--->EndNode1[0]
REAL
    0.443137    0.0043868  -0.00102737     0.315026
   0.0043868    0.0339869   -0.0103293    0.0127703
 -0.00102737   -0.0103293    0.0405229 -6.04697e-05
    0.315026    0.0127703 -6.04697e-05     0.482353
IMAGINARY
          0 -0.00171889  0.00869663  -0.0114091
 0.00171889           0 -0.00217431  0.00747413
-0.00869663  0.00217431           0  0.00754037
  0.0114091 -0.00747413 -0.00754037           0
Repeater1[0]<--->HoM1[0]
REAL
   0.461055   0.0273644   0.0208692    0.311934
  0.0273644   0.0502513  -0.0121994  0.00432975
  0.0208692  -0.0121994    0.040201 -0.00614419
   0.311934  0.00432975 -0.00614419    0.448492
IMAGINARY
          0   0.0116933  0.00373841  -0.0165153
 -0.0116933           0 -0.00136382   0.0212937
-0.00373841  0.00136382           0  -0.0149025
  0.0165153  -0.0212937   0.0149025           0
EndNode1[0]<--->Repeater1[0]
REAL
   0.494008  0.00465827  0.00202649    0.294173
 0.00465827   0.0372836 -0.00169574  0.00770114
 0.00202649 -0.00169574   0.0519308 -0.00271274
   0.294173  0.00770114 -0.00271274    0.416778
IMAGINARY
          0   0.0120577 -0.00455412   0.0179646
 -0.0120577           0 -0.00170974  -0.0215698
 0.00455412  0.00170974           0  0.00434566
 -0.0179646   0.0215698 -0.00434566           0
EndNode2[0]<--->HoM1[0]
REAL
    0.445196   -0.0341998   -0.0133904     0.291378
  -0.0341998    0.0514208   0.00438804  -0.00840287
  -0.0133904   0.00438804    0.0622463 -4.67849e-05
    0.291378  -0.00840287 -4.67849e-05     0.441137
IMAGINARY
          0 -0.00957742  -0.0095095  -0.0206276
 0.00957742           0  2.3209e-05 -0.00579663
  0.0095095 -2.3209e-05           0   0.0134039
  0.0206276  0.00579663  -0.0134039           0
Repeater1[0]<--->EndNode1[0]
REAL
   0.494008  0.00202649  0.00465827    0.294173
 0.00202649   0.0519308 -0.00169574 -0.00271274
 0.00465827 -0.00169574   0.0372836  0.00770114
   0.294173 -0.00271274  0.00770114    0.416778
IMAGINARY
          0 -0.00455412   0.0120577   0.0179646
 0.00455412           0  0.00170974  0.00434566
 -0.0120577 -0.00170974           0  -0.0215698
 -0.0179646 -0.00434566   0.0215698           0
Repeater1[0]<--->HoM1[0]
REAL
    0.445196   -0.0133904   -0.0341998     0.291378
  -0.0133904    0.0622463   0.00438804 -4.67849e-05
  -0.0341998   0.00438804    0.0514208  -0.00840287
    0.291378 -4.67849e-05  -0.00840287     0.441137
IMAGINARY
          0  -0.0095095 -0.00957742  -0.0206276
  0.0095095           0 -2.3209e-05   0.0134039
 0.00957742  2.3209e-05           0 -0.00579663
  0.0206276  -0.0134039  0.00579663           0
EndNode1[0]<--->Repeater1[0]
REAL
   0.458777  -0.0176753  -0.0242042    0.309326
 -0.0176753   0.0478723 -0.00780924 -0.00803346
 -0.0242042 -0.00780924   0.0412234  -0.0082413
   0.309326 -0.00803346  -0.0082413    0.452128
IMAGINARY
           0    0.0125153 -0.000890263    0.0142583
  -0.0125153            0   -0.0221739   0.00728412
 0.000890263    0.0221739            0   -0.0125153
  -0.0142583  -0.00728412    0.0125153            0
EndNode2[0]<--->HoM1[0]
REAL
   0.464151 -0.00315583  -0.0051268    0.304681
-0.00315583   0.0540881    0.009455  -0.0249779
 -0.0051268    0.009455   0.0540881  -0.0112421
   0.304681  -0.0249779  -0.0112421    0.427673
IMAGINARY
          0  0.00465455  0.00469155  0.00367958
-0.00465455           0   0.0137467  0.00912755
-0.00469155  -0.0137467           0  0.00037058
-0.00367958 -0.00912755 -0.00037058           0
Repeater1[0]<--->EndNode1[0]
REAL
   0.458777  -0.0242042  -0.0176753    0.309326
 -0.0242042   0.0412234 -0.00780924  -0.0082413
 -0.0176753 -0.00780924   0.0478723 -0.00803346
   0.309326  -0.0082413 -0.00803346    0.452128
IMAGINARY
           0 -0.000890263    0.0125153    0.0142583
 0.000890263            0    0.0221739   -0.0125153
  -0.0125153   -0.0221739            0   0.00728412
  -0.0142583    0.0125153  -0.00728412            0
Repeater1[0]<--->HoM1[0]
REAL
   0.464151  -0.0051268 -0.00315583    0.304681
 -0.0051268   0.0540881    0.009455  -0.0112421
-0.00315583    0.009455   0.0540881  -0.0249779
   0.304681  -0.0112421  -0.0249779    0.427673
IMAGINARY
          0  0.00469155  0.00465455  0.00367958
-0.00469155           0  -0.0137467  0.00037058
-0.00465455   0.0137467           0  0.00912755
-0.00367958 -0.00037058 -0.00912755           0
EndNode1[0]<--->Repeater1[0]
REAL
   0.465839   0.0186307  0.00752295      0.3019
  0.0186307   0.0459627   0.0120826  -0.0156378
 0.00752295   0.0120826   0.0708075 -0.00801901
     0.3019  -0.0156378 -0.00801901    0.417391
IMAGINARY
           0   0.00149065  -0.00302717  0.000167902
 -0.00149065            0  -0.00648103   -0.0230825
  0.00302717   0.00648103            0    0.0259245
-0.000167902    0.0230825   -0.0259245            0
EndNode2[0]<--->HoM1[0]
REAL
    0.478149  -0.00301569    0.0223528     0.302992
 -0.00301569     0.059126 -0.000507428  -0.00682488
   0.0223528 -0.000507428    0.0411311   0.00487905
    0.302992  -0.00682488   0.00487905     0.421594
IMAGINARY
           0  0.000142354   0.00520202   0.00538402
-0.000142354            0   -0.0372989   -0.0220257
 -0.00520202    0.0372989            0    0.0193731
 -0.00538402    0.0220257   -0.0193731            0
Repeater1[0]<--->EndNode1[0]
REAL
   0.465839  0.00752295   0.0186307      0.3019
 0.00752295   0.0708075   0.0120826 -0.00801901
  0.0186307   0.0120826   0.0459627  -0.0156378
     0.3019 -0.00801901  -0.0156378    0.417391
IMAGINARY
           0  -0.00302717   0.00149065  0.000167902
  0.00302717            0   0.00648103    0.0259245
 -0.00149065  -0.00648103            0   -0.0230825
-0.000167902   -0.0259245    0.0230825            0
Repeater1[0]<--->HoM1[0]
REAL
    0.478149    0.0223528  -0.00301569     0.302992
   0.0223528    0.0411311 -0.000507428   0.00487905
 -0.00301569 -0.000507428     0.059126  -0.00682488
    0.302992   0.00487905  -0.00682488     0.421594
IMAGINARY
           0   0.00520202  0.000142354   0.00538402
 -0.00520202            0    0.0372989    0.0193731
-0.000142354   -0.0372989            0   -0.0220257
 -0.00538402   -0.0193731    0.0220257            0
EndNode1[0]<--->Repeater1[0]
REAL
   0.433673 -0.00800368  0.00410067    0.304085
-0.00800368   0.0471939  0.00178946 0.000369322
 0.00410067  0.00178946    0.059949 -0.00540628
   0.304085 0.000369322 -0.00540628    0.459184
IMAGINARY
          0   0.0150005  0.00783882   0.0145909
 -0.0150005           0  -0.0077416  -0.0205939
-0.00783882   0.0077416           0   -0.011174
 -0.0145909   0.0205939    0.011174           0
EndNode2[0]<--->HoM1[0]
REAL
   0.465086 -0.00960036  -0.0135394    0.316014
-0.00960036   0.0368906  -0.0234116  -0.0122202
 -0.0135394  -0.0234116    0.057971 -0.00691219
   0.316014  -0.0122202 -0.00691219    0.440053
IMAGINARY
           0  0.000428237    0.0244561   -0.0172573
-0.000428237            0  -0.00409944  -0.00879031
  -0.0244561   0.00409944            0   0.00348821
   0.0172573   0.00879031  -0.00348821            0
Repeater1[0]<--->EndNode1[0]
REAL
   0.433673  0.00410067 -0.00800368    0.304085
 0.00410067    0.059949  0.00178946 -0.00540628
-0.00800368  0.00178946   0.0471939 0.000369322
   0.304085 -0.00540628 0.000369322    0.459184
IMAGINARY
          0  0.00783882   0.0150005   0.0145909
-0.00783882           0   0.0077416   -0.011174
 -0.0150005  -0.0077416           0  -0.0205939
 -0.0145909    0.011174   0.0205939           0
Repeater1[0]<--->HoM1[0]
REAL
   0.465086  -0.0135394 -0.00960036    0.316014
 -0.0135394    0.057971  -0.0234116 -0.00691219
-0.00960036  -0.0234116   0.0368906  -0.0122202
   0.316014 -0.00691219  -0.0122202    0.440053
IMAGINARY
           0    0.0244561  0.000428237   -0.0172573
  -0.0244561            0   0.00409944   0.00348821
-0.000428237  -0.00409944            0  -0.00879031
   0.0172573  -0.00348821   0.00879031            0
EndNode1[0]<--->Repeater1[0]
REAL
   0.418726   0.0103427  0.00655196    0.302203
  0.0103427   0.0559168   0.0110802 -0.00780509
 0.00655196   0.0110802   0.0507152   0.0097074
   0.302203 -0.00780509   0.0097074    0.474642
IMAGINARY
           0   0.00261097  -0.00976239 -0.000664894
 -0.00261097            0  0.000664894   0.00192949
  0.00976239 -0.000664894            0   0.00261097
 0.000664894  -0.00192949  -0.00261097            0
EndNode2[0]<--->HoM1[0]
REAL
   0.425228  -0.0279135 -0.00777888    0.306236
 -0.0279135   0.0416125 -0.00299832  -0.0177504
-0.00777888 -0.00299832   0.0559168  -0.0125597
   0.306236  -0.0177504  -0.0125597    0.477243
IMAGINARY
           0  0.000161088   0.00183142  -0.00120969
-0.000161088            0   0.00372858  -0.00608415
 -0.00183142  -0.00372858            0   0.00773685
  0.00120969   0.00608415  -0.00773685            0
Repeater1[0]<--->EndNode1[0]
REAL
   0.418726  0.00655196   0.0103427    0.302203
 0.00655196   0.0507152   0.0110802   0.0097074
  0.0103427   0.0110802   0.0559168 -0.00780509
   0.302203   0.0097074 -0.00780509    0.474642
IMAGINARY
           0  -0.00976239   0.00261097 -0.000664894
  0.00976239            0 -0.000664894   0.00261097
 -0.00261097  0.000664894            0   0.00192949
 0.000664894  -0.00261097  -0.00192949            0
Repeater1[0]<--->HoM1[0]
REAL
   0.425228 -0.00777888  -0.0279135    0.306236
-0.00777888   0.0559168 -0.00299832  -0.0125597
 -0.0279135 -0.00299832   0.0416125  -0.0177504
   0.306236  -0.0125597  -0.0177504    0.477243
IMAGINARY
           0   0.00183142  0.000161088  -0.00120969
 -0.00183142            0  -0.00372858   0.00773685
-0.000161088   0.00372858            0  -0.00608415
  0.00120969  -0.00773685   0.00608415            0
EndNode1[0]<--->Repeater1[0]
REAL
    0.419314   0.00711533   0.00250743     0.306554
  0.00711533     0.064803 -0.000891319   -0.0147339
  0.00250743 -0.000891319    0.0444727 -3.68193e-05
    0.306554   -0.0147339 -3.68193e-05      0.47141
IMAGINARY
           0  -0.00736156  -0.00775741 -0.000299117
  0.00736156            0   -0.0205606 -0.000586618
  0.00775741    0.0205606            0   0.00286862
 0.000299117  0.000586618  -0.00286862            0
EndNode2[0]<--->HoM1[0]
REAL
   0.455598 -0.00812852  0.00101173    0.304567
-0.00812852   0.0527671  0.00706717   -0.010707
 0.00101173  0.00706717    0.039897  0.00397339
   0.304567   -0.010707  0.00397339    0.451737
IMAGINARY
          0   0.0180894  -0.0091687 -0.00638426
 -0.0180894           0  0.00444377   0.0091687
  0.0091687 -0.00444377           0  -0.0155894
 0.00638426  -0.0091687   0.0155894           0
Repeater1[0]<--->EndNode1[0]
REAL
    0.419314   0.00250743   0.00711533     0.306554
  0.00250743    0.0444727 -0.000891319 -3.68193e-05
  0.00711533 -0.000891319     0.064803   -0.0147339
    0.306554 -3.68193e-05   -0.0147339      0.47141
IMAGINARY
           0  -0.00775741  -0.00736156 -0.000299117
  0.00775741            0    0.0205606   0.00286862
  0.00736156   -0.0205606            0 -0.000586618
 0.000299117  -0.00286862  0.000586618            0
Repeater1[0]<--->HoM1[0]
REAL
   0.455598  0.00101173 -0.00812852    0.304567
 0.00101173    0.039897  0.00706717  0.00397339
-0.00812852  0.00706717   0.0527671   -0.010707
   0.304567  0.00397339   -0.010707    0.451737
IMAGINARY
          0  -0.0091687   0.0180894 -0.00638426
  0.0091687           0 -0.00444377  -0.0155894
 -0.0180894  0.00444377           0   0.0091687
 0.00638426   0.0155894  -0.0091687           0
EndNode1[0]<--->Repeater1[0]
REAL
   0.427481 -0.00724638   0.0105257     0.31555
-0.00724638   0.0483461  -0.0112019   0.0112134
  0.0105257  -0.0112019   0.0610687 -0.00724638
    0.31555   0.0112134 -0.00724638    0.463104
IMAGINARY
          0  -0.0195523  0.00577909  -0.0178947
  0.0195523           0 -0.00591485 -0.00641603
-0.00577909  0.00591485           0  0.00235488
  0.0178947  0.00641603 -0.00235488           0
EndNode2[0]<--->HoM1[0]
REAL
    0.45512  0.00177198  0.00481302    0.285319
 0.00177198   0.0518331 0.000683966   0.0106648
 0.00481302 0.000683966    0.022756  0.00428455
   0.285319   0.0106648  0.00428455    0.470291
IMAGINARY
          0 -0.00612788  -0.0131469  -0.0230645
 0.00612788           0 -0.00693548   0.0181847
  0.0131469  0.00693548           0   0.0199818
  0.0230645  -0.0181847  -0.0199818           0
Repeater1[0]<--->EndNode1[0]
REAL
   0.427481   0.0105257 -0.00724638     0.31555
  0.0105257   0.0610687  -0.0112019 -0.00724638
-0.00724638  -0.0112019   0.0483461   0.0112134
    0.31555 -0.00724638   0.0112134    0.463104
IMAGINARY
          0  0.00577909  -0.0195523  -0.0178947
-0.00577909           0  0.00591485  0.00235488
  0.0195523 -0.00591485           0 -0.00641603
  0.0178947 -0.00235488  0.00641603           0
Repeater1[0]<--->HoM1[0]
REAL
    0.45512  0.00481302  0.00177198    0.285319
 0.00481302    0.022756 0.000683966  0.00428455
 0.00177198 0.000683966   0.0518331   0.0106648
   0.285319  0.00428455   0.0106648    0.470291
IMAGINARY
          0  -0.0131469 -0.00612788  -0.0230645
  0.0131469           0  0.00693548   0.0199818
 0.00612788 -0.00693548           0   0.0181847
  0.0230645  -0.0199818  -0.0181847           0
EndNode1[0]<--->Repeater1[0]
REAL
   0.468223 -0.00307447  -0.0183189     0.30133
-0.00307447   0.0466926  0.00659316 0.000911903
 -0.0183189  0.00659316   0.0428016  0.00247423
    0.30133 0.000911903  0.00247423    0.442283
IMAGINARY
          0   0.0257484  -0.0209304 -0.00186727
 -0.0257484           0 -0.00596563  0.00119353
  0.0209304  0.00596563           0 -0.00864314
 0.00186727 -0.00119353  0.00864314           0
EndNode2[0]<--->HoM1[0]
REAL
    0.454194  -0.00655322 -0.000122394     0.280616
 -0.00655322    0.0451613   -0.0159101   -0.0121325
-0.000122394   -0.0159101    0.0464516  -0.00325071
    0.280616   -0.0121325  -0.00325071     0.454194
IMAGINARY
          0 -0.00363652  -0.0132221  0.00677665
 0.00363652           0 -0.00813905   0.0181849
  0.0132221  0.00813905           0 -0.00628904
-0.00677665  -0.0181849  0.00628904           0
Repeater1[0]<--->EndNode1[0]
REAL
   0.468223  -0.0183189 -0.00307447     0.30133
 -0.0183189   0.0428016  0.00659316  0.00247423
-0.00307447  0.00659316   0.0466926 0.000911903
    0.30133  0.00247423 0.000911903    0.442283
IMAGINARY
          0  -0.0209304   0.0257484 -0.00186727
  0.0209304           0  0.00596563 -0.00864314
 -0.0257484 -0.00596563           0  0.00119353
 0.00186727  0.00864314 -0.00119353           0
Repeater1[0]<--->HoM1[0]
REAL
    0.454194 -0.000122394  -0.00655322     0.280616
-0.000122394    0.0464516   -0.0159101  -0.00325071
 -0.00655322   -0.0159101    0.0451613   -0.0121325
    0.280616  -0.00325071   -0.0121325     0.454194
IMAGINARY
          0  -0.0132221 -0.00363652  0.00677665
  0.0132221           0  0.00813905 -0.00628904
 0.00363652 -0.00813905           0   0.0181849
-0.00677665  0.00628904  -0.0181849           0
EndNode1[0]<--->Repeater1[0]
REAL
   0.478481  0.00641651 -0.00931496    0.308886
 0.00641651   0.0493671 -0.00538188  0.00743762
-0.00931496 -0.00538188   0.0468354 -0.00203603
   0.308886  0.00743762 -0.00203603    0.425316
IMAGINARY
           0 -0.000177853   -0.0156775   -0.0114324
 0.000177853            0   -0.0140779  -0.00338771
   0.0156775    0.0140779            0     0.010633
   0.0114324   0.00338771    -0.010633            0
EndNode2[0]<--->HoM1[0]
REAL
   0.460025 -0.00263261  -0.0155043    0.301771
-0.00263261   0.0381304  -0.0108868  0.00612089
 -0.0155043  -0.0108868   0.0430504 -0.00138883
   0.301771  0.00612089 -0.00138883    0.458795
IMAGINARY
          0  -0.0172671  0.00467226  0.00501234
  0.0172671           0   0.0108188   0.0282391
-0.00467226  -0.0108188           0 -0.00551773
-0.00501234  -0.0282391  0.00551773           0
Repeater1[0]<--->EndNode1[0]
REAL
   0.478481 -0.00931496  0.00641651    0.308886
-0.00931496   0.0468354 -0.00538188 -0.00203603
 0.00641651 -0.00538188   0.0493671  0.00743762
   0.308886 -0.00203603  0.00743762    0.425316
IMAGINARY
           0   -0.0156775 -0.000177853   -0.0114324
   0.0156775            0    0.0140779     0.010633
 0.000177853   -0.0140779            0  -0.00338771
   0.0114324    -0.010633   0.00338771            0
Repeater1[0]<--->HoM1[0]
REAL
   0.460025  -0.0155043 -0.00263261    0.301771
 -0.0155043   0.0430504  -0.0108868 -0.00138883
-0.00263261  -0.0108868   0.0381304  0.00612089
   0.301771 -0.00138883  0.00612089    0.458795
IMAGINARY
          0  0.00467226  -0.0172671  0.00501234
-0.00467226           0  -0.0108188 -0.00551773
  0.0172671   0.0108188           0   0.0282391
-0.00501234  0.00551773  -0.0282391           0
EndNode1[0]<--->Repeater1[0]
REAL
   0.436318 -0.00909631  -0.0127777    0.282701
-0.00909631    0.037831 -0.00433646 -0.00833046
 -0.0127777 -0.00433646    0.037831 -0.00409631
   0.282701 -0.00833046 -0.00409631     0.48802
IMAGINARY
          0 -0.00753266   0.0172973 -0.00195137
 0.00753266           0 -0.00841132 -0.00936074
 -0.0172973  0.00841132           0  -0.0043721
 0.00195137  0.00936074   0.0043721           0
EndNode2[0]<--->HoM1[0]
REAL
    0.432718   -0.0046984    0.0228287      0.30583
  -0.0046984    0.0501319   0.00451452 -0.000661223
   0.0228287   0.00451452    0.0527704   0.00962451
     0.30583 -0.000661223   0.00962451      0.46438
IMAGINARY
          0  -0.0222389   0.0102696 -0.00435433
  0.0222389           0 -0.00180331   0.0160462
 -0.0102696  0.00180331           0  -0.0132875
 0.00435433  -0.0160462   0.0132875           0
Repeater1[0]<--->EndNode1[0]
REAL
   0.436318  -0.0127777 -0.00909631    0.282701
 -0.0127777    0.037831 -0.00433646 -0.00409631
-0.00909631 -0.00433646    0.037831 -0.00833046
   0.282701 -0.00409631 -0.00833046     0.48802
IMAGINARY
          0   0.0172973 -0.00753266 -0.00195137
 -0.0172973           0  0.00841132  -0.0043721
 0.00753266 -0.00841132           0 -0.00936074
 0.00195137   0.0043721  0.00936074           0
Repeater1[0]<--->HoM1[0]
REAL
    0.432718    0.0228287   -0.0046984      0.30583
   0.0228287    0.0527704   0.00451452   0.00962451
  -0.0046984   0.00451452    0.0501319 -0.000661223
     0.30583   0.00962451 -0.000661223      0.46438
IMAGINARY
          0   0.0102696  -0.0222389 -0.00435433
 -0.0102696           0  0.00180331  -0.0132875
  0.0222389 -0.00180331           0   0.0160462
 0.00435433   0.0132875  -0.0160462           0
EndNode1[0]<--->Repeater1[0]
REAL
   0.498695  0.00563706   -0.020054    0.303159
 0.00563706   0.0443864  0.00448391  -0.0149779
  -0.020054  0.00448391   0.0509138 -0.00372623
   0.303159  -0.0149779 -0.00372623    0.406005
IMAGINARY
           0   0.00171364  0.000535792   0.00220032
 -0.00171364            0    0.0201681   0.00807348
-0.000535792   -0.0201681            0   -0.0050249
 -0.00220032  -0.00807348    0.0050249            0
EndNode2[0]<--->HoM1[0]
REAL
   0.428181 0.000645852 -0.00802763    0.298931
0.000645852   0.0615595    0.010469  0.00541667
-0.00802763    0.010469   0.0547196  0.00196511
   0.298931  0.00541667  0.00196511     0.45554
IMAGINARY
          0  0.00486705  0.00310391 -0.00575185
-0.00486705           0  0.00324558 -0.00566802
-0.00310391 -0.00324558           0   0.0246201
 0.00575185  0.00566802  -0.0246201           0
Repeater1[0]<--->EndNode1[0]
REAL
   0.498695   -0.020054  0.00563706    0.303159
  -0.020054   0.0509138  0.00448391 -0.00372623
 0.00563706  0.00448391   0.0443864  -0.0149779
   0.303159 -0.00372623  -0.0149779    0.406005
IMAGINARY
           0  0.000535792   0.00171364   0.00220032
-0.000535792            0   -0.0201681   -0.0050249
 -0.00171364    0.0201681            0   0.00807348
 -0.00220032    0.0050249  -0.00807348            0
Repeater1[0]<--->HoM1[0]
REAL
   0.428181 -0.00802763 0.000645852    0.298931
-0.00802763   0.0547196    0.010469  0.00196511
0.000645852    0.010469   0.0615595  0.00541667
   0.298931  0.00196511  0.00541667     0.45554
IMAGINARY
          0  0.00310391  0.00486705 -0.00575185
-0.00310391           0 -0.00324558   0.0246201
-0.00486705  0.00324558           0 -0.00566802
 0.00575185  -0.0246201  0.00566802           0
EndNode1[0]<--->Repeater1[0]
REAL
   0.437103   0.0225626   0.0169616    0.308741
  0.0225626   0.0508259  0.00578546 -0.00334295
