EndNode1[0]<--->Repeater1[0]
REAL
    0.443325   0.00220094 -0.000283227     0.234694
  0.00220094    0.0314861   -0.0101904   -0.0109751
-0.000283227   -0.0101904    0.0302267   -0.0108102
    0.234694   -0.0109751   -0.0108102     0.494962
IMAGINARY
          0  0.00716452 -0.00601321   0.0209684
-0.00716452           0   0.0148856  -0.0410536
 0.00601321  -0.0148856           0 -0.00238962
 -0.0209684   0.0410536  0.00238962           0
EndNode2[0]<--->HoM1[0]
REAL
   0.452536 -0.00315657  0.00066313    0.243902
-0.00315657   0.0494148  0.00740676 -0.00066313
 0.00066313  0.00740676   0.0442133  0.00315657
   0.243902 -0.00066313  0.00315657    0.453836
IMAGINARY
          0  -0.0058907 -0.00548457  0.00475848
  0.0058907           0 -0.00658998  0.00614333
 0.00548457  0.00658998           0  -0.0026732
-0.00475848 -0.00614333   0.0026732           0
Repeater1[0]<--->EndNode1[0]
REAL
    0.443325 -0.000283227   0.00220094     0.234694
-0.000283227    0.0302267   -0.0101904   -0.0108102
  0.00220094   -0.0101904    0.0314861   -0.0109751
    0.234694   -0.0108102   -0.0109751     0.494962
IMAGINARY
          0 -0.00601321  0.00716452   0.0209684
 0.00601321           0  -0.0148856 -0.00238962
-0.00716452   0.0148856           0  -0.0410536
 -0.0209684  0.00238962   0.0410536           0
Repeater1[0]<--->HoM1[0]
REAL
   0.452536  0.00066313 -0.00315657    0.243902
 0.00066313   0.0442133  0.00740676  0.00315657
-0.00315657  0.00740676   0.0494148 -0.00066313
   0.243902  0.00315657 -0.00066313    0.453836
IMAGINARY
          0 -0.00548457  -0.0058907  0.00475848
 0.00548457           0  0.00658998  -0.0026732
  0.0058907 -0.00658998           0  0.00614333
-0.00475848   0.0026732 -0.00614333           0
EndNode1[0]<--->Repeater1[0]
REAL
   0.481527  -0.0137801   0.0206884    0.248253
 -0.0137801   0.0381773  -0.0154286 -0.00542124
  0.0206884  -0.0154286   0.0381773   0.0163246
   0.248253 -0.00542124   0.0163246    0.442118
IMAGINARY
          0   0.0265317 -0.00584775 -0.00722897
 -0.0265317           0  0.00969811  -0.0177841
 0.00584775 -0.00969811           0  0.00207522
 0.00722897   0.0177841 -0.00207522           0
EndNode2[0]<--->HoM1[0]
REAL
    0.500629   -0.0115583 -0.000424117     0.246745
  -0.0115583    0.0377358   0.00581897   -0.0162425
-0.000424117   0.00581897    0.0289308  -0.00639038
    0.246745   -0.0162425  -0.00639038     0.432704
IMAGINARY
         0 -0.0175219  -0.020297  0.0137721
 0.0175219          0  0.0239762  0.0159165
  0.020297 -0.0239762          0  0.0131414
-0.0137721 -0.0159165 -0.0131414          0
Repeater1[0]<--->EndNode1[0]
REAL
   0.481527   0.0206884  -0.0137801    0.248253
  0.0206884   0.0381773  -0.0154286   0.0163246
 -0.0137801  -0.0154286   0.0381773 -0.00542124
   0.248253   0.0163246 -0.00542124    0.442118
IMAGINARY
          0 -0.00584775   0.0265317 -0.00722897
 0.00584775           0 -0.00969811  0.00207522
 -0.0265317  0.00969811           0  -0.0177841
 0.00722897 -0.00207522   0.0177841           0
Repeater1[0]<--->HoM1[0]
REAL
    0.500629 -0.000424117   -0.0115583     0.246745
-0.000424117    0.0289308   0.00581897  -0.00639038
  -0.0115583   0.00581897    0.0377358   -0.0162425
    0.246745  -0.00639038   -0.0162425     0.432704
IMAGINARY
         0  -0.020297 -0.0175219  0.0137721
  0.020297          0 -0.0239762  0.0131414
 0.0175219  0.0239762          0  0.0159165
-0.0137721 -0.0131414 -0.0159165          0
EndNode1[0]<--->Repeater1[0]
REAL
   0.456284  4.4296e-05  -0.0248844    0.257995
 4.4296e-05   0.0437158  0.00921426   0.0142461
 -0.0248844  0.00921426   0.0327869 -0.00317321
   0.257995   0.0142461 -0.00317321    0.467213
IMAGINARY
          0 -0.00814856  -0.0075043  -0.0206888
 0.00814856           0  -0.0120337  0.00384576
  0.0075043   0.0120337           0   0.0191242
  0.0206888 -0.00384576  -0.0191242           0
EndNode2[0]<--->HoM1[0]
REAL
   0.442623 -0.00802033  0.00662142    0.246005
-0.00802033   0.0327869 -0.00110686  -0.0040704
 0.00662142 -0.00110686   0.0315259 -0.00218375
   0.246005  -0.0040704 -0.00218375    0.493064
IMAGINARY
          0  -0.0163068  0.00790233   0.0238971
  0.0163068           0 -0.00474253   0.0132787
-0.00790233  0.00474253           0 -0.00615792
 -0.0238971  -0.0132787  0.00615792           0
Repeater1[0]<--->EndNode1[0]
REAL
   0.456284  -0.0248844  4.4296e-05    0.257995
 -0.0248844   0.0327869  0.00921426 -0.00317321
 4.4296e-05  0.00921426   0.0437158   0.0142461
   0.257995 -0.00317321   0.0142461    0.467213
IMAGINARY
          0  -0.0075043 -0.00814856  -0.0206888
  0.0075043           0   0.0120337   0.0191242
 0.00814856  -0.0120337           0  0.00384576
  0.0206888  -0.0191242 -0.00384576           0
Repeater1[0]<--->HoM1[0]
REAL
   0.442623  0.00662142 -0.00802033    0.246005
 0.00662142   0.0315259 -0.00110686 -0.00218375
-0.00802033 -0.00110686   0.0327869  -0.0040704
   0.246005 -0.00218375  -0.0040704    0.493064
IMAGINARY
          0  0.00790233  -0.0163068   0.0238971
-0.00790233           0  0.00474253 -0.00615792
  0.0163068 -0.00474253           0   0.0132787
 -0.0238971  0.00615792  -0.0132787           0
EndNode1[0]<--->Repeater1[0]
REAL
    0.491525   -0.0281407   0.00349824     0.259902
  -0.0281407    0.0456323 -0.000940473 -0.000408008
  0.00349824 -0.000940473    0.0273794  -0.00708802
    0.259902 -0.000408008  -0.00708802     0.435463
IMAGINARY
          0 -0.00966527   0.0202813  0.00626689
 0.00966527           0  0.00499138  -0.0345316
 -0.0202813 -0.00499138           0   0.0102849
-0.00626689   0.0345316  -0.0102849           0
EndNode2[0]<--->HoM1[0]
REAL
   0.489227   0.0312884 4.54748e-05     0.25096
  0.0312884   0.0456274  -0.0110682   0.0215179
4.54748e-05  -0.0110682   0.0278834    0.013186
    0.25096   0.0215179    0.013186    0.437262
IMAGINARY
          0  0.00229248  0.00105229 -0.00834466
-0.00229248           0 -0.00173091  -0.0121056
-0.00105229  0.00173091           0  0.00746044
 0.00834466   0.0121056 -0.00746044           0
Repeater1[0]<--->EndNode1[0]
REAL
    0.491525   0.00349824   -0.0281407     0.259902
  0.00349824    0.0273794 -0.000940473  -0.00708802
  -0.0281407 -0.000940473    0.0456323 -0.000408008
    0.259902  -0.00708802 -0.000408008     0.435463
IMAGINARY
          0   0.0202813 -0.00966527  0.00626689
 -0.0202813           0 -0.00499138   0.0102849
 0.00966527  0.00499138           0  -0.0345316
-0.00626689  -0.0102849   0.0345316           0
Repeater1[0]<--->HoM1[0]
REAL
   0.489227 4.54748e-05   0.0312884     0.25096
4.54748e-05   0.0278834  -0.0110682    0.013186
  0.0312884  -0.0110682   0.0456274   0.0215179
    0.25096    0.013186   0.0215179    0.437262
IMAGINARY
          0  0.00105229  0.00229248 -0.00834466
-0.00105229           0  0.00173091  0.00746044
-0.00229248 -0.00173091           0  -0.0121056
 0.00834466 -0.00746044   0.0121056           0
EndNode1[0]<--->Repeater1[0]
REAL
    0.479675   0.00325168    0.0161835     0.258439
  0.00325168    0.0271003   0.00843949 -0.000259897
   0.0161835   0.00843949    0.0271003    0.0215891
    0.258439 -0.000259897    0.0215891     0.466125
IMAGINARY
          0 -0.00774571   0.0169654  -0.0119894
 0.00774571           0  0.00102171  -0.0169654
 -0.0169654 -0.00102171           0 -0.00141659
  0.0119894   0.0169654  0.00141659           0
EndNode2[0]<--->HoM1[0]
REAL
   0.461735  0.00287487 -0.00433794    0.250969
 0.00287487   0.0331633 -0.00724382   0.0182085
-0.00433794 -0.00724382   0.0408163   0.0162797
   0.250969   0.0182085   0.0162797    0.464286
IMAGINARY
           0 -0.000106588   -0.0130633  -0.00348517
 0.000106588            0  -0.00287615    0.0163485
   0.0130633   0.00287615            0    0.0204745
  0.00348517   -0.0163485   -0.0204745            0
Repeater1[0]<--->EndNode1[0]
REAL
    0.479675    0.0161835   0.00325168     0.258439
   0.0161835    0.0271003   0.00843949    0.0215891
  0.00325168   0.00843949    0.0271003 -0.000259897
    0.258439    0.0215891 -0.000259897     0.466125
IMAGINARY
          0   0.0169654 -0.00774571  -0.0119894
 -0.0169654           0 -0.00102171 -0.00141659
 0.00774571  0.00102171           0  -0.0169654
  0.0119894  0.00141659   0.0169654           0
Repeater1[0]<--->HoM1[0]
REAL
   0.461735 -0.00433794  0.00287487    0.250969
-0.00433794   0.0408163 -0.00724382   0.0162797
 0.00287487 -0.00724382   0.0331633   0.0182085
   0.250969   0.0162797   0.0182085    0.464286
IMAGINARY
           0   -0.0130633 -0.000106588  -0.00348517
   0.0130633            0   0.00287615    0.0204745
 0.000106588  -0.00287615            0    0.0163485
  0.00348517   -0.0204745   -0.0163485            0
EndNode1[0]<--->Repeater1[0]
REAL
   0.432432 -0.00920455  0.00865651    0.249016
-0.00920455    0.034749  0.00875614  -0.0177239
 0.00865651  0.00875614    0.042471  0.00661388
   0.249016  -0.0177239  0.00661388    0.490347
IMAGINARY
         0  0.0124774  0.0081072 -0.0274959
-0.0124774          0  0.0189094 -0.0068085
-0.0081072 -0.0189094          0 -0.0241657
 0.0274959  0.0068085  0.0241657          0
EndNode2[0]<--->HoM1[0]
REAL
   0.462963 -0.00995423 -0.00157597    0.262332
-0.00995423   0.0333333  -0.0291684  -0.0028713
-0.00157597  -0.0291684   0.0555556  0.00296567
   0.262332  -0.0028713  0.00296567    0.448148
IMAGINARY
          0   -0.021967  0.00526063  -0.0147314
   0.021967           0  -0.0192359   0.0206358
-0.00526063   0.0192359           0 -0.00525746
  0.0147314  -0.0206358  0.00525746           0
Repeater1[0]<--->EndNode1[0]
REAL
   0.432432  0.00865651 -0.00920455    0.249016
 0.00865651    0.042471  0.00875614  0.00661388
-0.00920455  0.00875614    0.034749  -0.0177239
   0.249016  0.00661388  -0.0177239    0.490347
IMAGINARY
         0  0.0081072  0.0124774 -0.0274959
-0.0081072          0 -0.0189094 -0.0241657
-0.0124774  0.0189094          0 -0.0068085
 0.0274959  0.0241657  0.0068085          0
Repeater1[0]<--->HoM1[0]
REAL
   0.462963 -0.00157597 -0.00995423    0.262332
-0.00157597   0.0555556  -0.0291684  0.00296567
-0.00995423  -0.0291684   0.0333333  -0.0028713
   0.262332  0.00296567  -0.0028713    0.448148
IMAGINARY
          0  0.00526063   -0.021967  -0.0147314
-0.00526063           0   0.0192359 -0.00525746
   0.021967  -0.0192359           0   0.0206358
  0.0147314  0.00525746  -0.0206358           0
EndNode1[0]<--->Repeater1[0]
REAL
   0.457801  0.00595716  0.00706516    0.248998
 0.00595716   0.0294118  0.00222773  -0.0193201
 0.00706516  0.00222773   0.0383632 -0.00473167
   0.248998  -0.0193201 -0.00473167    0.474425
IMAGINARY
          0  0.00273318   0.0050895   0.0237219
-0.00273318           0 -0.00844967 -0.00638149
 -0.0050895  0.00844967           0   0.0192306
 -0.0237219  0.00638149  -0.0192306           0
EndNode2[0]<--->HoM1[0]
REAL
   0.495663  0.00268382  -0.0289481    0.267618
 0.00268382   0.0334572     0.01016  0.00737949
 -0.0289481     0.01016   0.0223048 -0.00856618
   0.267618  0.00737949 -0.00856618    0.448575
IMAGINARY
          0  0.00584996   0.0264659   0.0066181
-0.00584996           0   0.0172564   0.0169842
 -0.0264659  -0.0172564           0  -0.0220627
 -0.0066181  -0.0169842   0.0220627           0
Repeater1[0]<--->EndNode1[0]
REAL
   0.457801  0.00706516  0.00595716    0.248998
 0.00706516   0.0383632  0.00222773 -0.00473167
 0.00595716  0.00222773   0.0294118  -0.0193201
   0.248998 -0.00473167  -0.0193201    0.474425
IMAGINARY
          0   0.0050895  0.00273318   0.0237219
 -0.0050895           0  0.00844967   0.0192306
-0.00273318 -0.00844967           0 -0.00638149
 -0.0237219  -0.0192306  0.00638149           0
Repeater1[0]<--->HoM1[0]
REAL
   0.495663  -0.0289481  0.00268382    0.267618
 -0.0289481   0.0223048     0.01016 -0.00856618
 0.00268382     0.01016   0.0334572  0.00737949
   0.267618 -0.00856618  0.00737949    0.448575
IMAGINARY
          0   0.0264659  0.00584996   0.0066181
 -0.0264659           0  -0.0172564  -0.0220627
-0.00584996   0.0172564           0   0.0169842
 -0.0066181   0.0220627  -0.0169842           0
EndNode1[0]<--->Repeater1[0]
REAL
  0.482759 -0.0209961 0.00297013   0.266396
-0.0209961  0.0356718 0.00222088 0.00234902
0.00297013 0.00222088  0.0380499 0.00503863
  0.266396 0.00234902 0.00503863    0.44352
IMAGINARY
           0  7.82831e-05  -0.00622543    0.0309925
-7.82831e-05            0 -0.000458113   0.00622543
  0.00622543  0.000458113            0     0.014097
  -0.0309925  -0.00622543    -0.014097            0
EndNode2[0]<--->HoM1[0]
REAL
  0.495134 0.00785278 0.00778466   0.243211
0.00785278  0.0340633  0.0186293 -0.0246994
0.00778466  0.0186293  0.0304136 -0.0139421
  0.243211 -0.0246994 -0.0139421   0.440389
IMAGINARY
           0    0.0035046    0.0110456   -0.0028688
  -0.0035046            0  0.000938302   -0.0155501
  -0.0110456 -0.000938302            0   -0.0144441
   0.0028688    0.0155501    0.0144441            0
Repeater1[0]<--->EndNode1[0]
REAL
  0.482759 0.00297013 -0.0209961   0.266396
0.00297013  0.0380499 0.00222088 0.00503863
-0.0209961 0.00222088  0.0356718 0.00234902
  0.266396 0.00503863 0.00234902    0.44352
IMAGINARY
           0  -0.00622543  7.82831e-05    0.0309925
  0.00622543            0  0.000458113     0.014097
-7.82831e-05 -0.000458113            0   0.00622543
  -0.0309925    -0.014097  -0.00622543            0
Repeater1[0]<--->HoM1[0]
REAL
  0.495134 0.00778466 0.00785278   0.243211
0.00778466  0.0304136  0.0186293 -0.0139421
0.00785278  0.0186293  0.0340633 -0.0246994
  0.243211 -0.0139421 -0.0246994   0.440389
IMAGINARY
           0    0.0110456    0.0035046   -0.0028688
  -0.0110456            0 -0.000938302   -0.0144441
  -0.0035046  0.000938302            0   -0.0155501
   0.0028688    0.0144441    0.0155501            0
EndNode1[0]<--->Repeater1[0]
REAL
  0.439433 -0.0154351 -0.0013342   0.251486
-0.0154351  0.0347938 0.00148613  0.0019947
-0.0013342 0.00148613  0.0309278  0.0147746
  0.251486  0.0019947  0.0147746   0.494845
IMAGINARY
           0   -0.0116634  -0.00945974  0.000685293
   0.0116634            0    0.0136004 -5.11337e-05
  0.00945974   -0.0136004            0    0.0211743
-0.000685293  5.11337e-05   -0.0211743            0
EndNode2[0]<--->HoM1[0]
REAL
   0.456274  -0.0122751 -0.00473301    0.274941
 -0.0122751   0.0367554 -0.00130908  -0.0263615
-0.00473301 -0.00130908   0.0316857  0.00605616
   0.274941  -0.0263615  0.00605616    0.475285
IMAGINARY
          0  0.00396937   0.0203947 -0.00217564
-0.00396937           0 -0.00755199  0.00460526
 -0.0203947  0.00755199           0  0.00728063
 0.00217564 -0.00460526 -0.00728063           0
Repeater1[0]<--->EndNode1[0]
REAL
  0.439433 -0.0013342 -0.0154351   0.251486
-0.0013342  0.0309278 0.00148613  0.0147746
-0.0154351 0.00148613  0.0347938  0.0019947
  0.251486  0.0147746  0.0019947   0.494845
IMAGINARY
           0  -0.00945974   -0.0116634  0.000685293
  0.00945974            0   -0.0136004    0.0211743
   0.0116634    0.0136004            0 -5.11337e-05
-0.000685293   -0.0211743  5.11337e-05            0
Repeater1[0]<--->HoM1[0]
REAL
   0.456274 -0.00473301  -0.0122751    0.274941
-0.00473301   0.0316857 -0.00130908  0.00605616
 -0.0122751 -0.00130908   0.0367554  -0.0263615
   0.274941  0.00605616  -0.0263615    0.475285
IMAGINARY
          0   0.0203947  0.00396937 -0.00217564
 -0.0203947           0  0.00755199  0.00728063
-0.00396937 -0.00755199           0  0.00460526
 0.00217564 -0.00728063 -0.00460526           0
EndNode1[0]<--->Repeater1[0]
REAL
  0.445333  0.0131269 -0.0108696   0.247015
 0.0131269       0.04 -0.0104425 -0.0147059
-0.0108696 -0.0104425      0.028  0.0124485
  0.247015 -0.0147059  0.0124485   0.486667
IMAGINARY
          0  -0.0194027    -0.01679  -0.0208796
  0.0194027           0   0.0221584   0.0122504
    0.01679  -0.0221584           0 -0.00588916
  0.0208796  -0.0122504  0.00588916           0
EndNode2[0]<--->HoM1[0]
REAL
   0.494268  0.00477063  -0.0124715    0.241279
 0.00477063    0.033121  0.00872093  0.00619006
 -0.0124715  0.00872093    0.033121 0.000254498
   0.241279  0.00619006 0.000254498     0.43949
IMAGINARY
           0   -0.0116458  0.000105612   0.00122042
   0.0116458            0  -0.00561188  -0.00398158
-0.000105612   0.00561188            0    0.0193978
 -0.00122042   0.00398158   -0.0193978            0
Repeater1[0]<--->EndNode1[0]
REAL
  0.445333 -0.0108696  0.0131269   0.247015
-0.0108696      0.028 -0.0104425  0.0124485
 0.0131269 -0.0104425       0.04 -0.0147059
  0.247015  0.0124485 -0.0147059   0.486667
IMAGINARY
          0    -0.01679  -0.0194027  -0.0208796
    0.01679           0  -0.0221584 -0.00588916
  0.0194027   0.0221584           0   0.0122504
  0.0208796  0.00588916  -0.0122504           0
Repeater1[0]<--->HoM1[0]
REAL
   0.494268  -0.0124715  0.00477063    0.241279
 -0.0124715    0.033121  0.00872093 0.000254498
 0.00477063  0.00872093    0.033121  0.00619006
   0.241279 0.000254498  0.00619006     0.43949
IMAGINARY
           0  0.000105612   -0.0116458   0.00122042
-0.000105612            0   0.00561188    0.0193978
   0.0116458  -0.00561188            0  -0.00398158
 -0.00122042   -0.0193978   0.00398158            0
EndNode1[0]<--->Repeater1[0]
REAL
   0.479604   0.0103966  0.00730841    0.259504
  0.0103966   0.0333745 -0.00307652   0.0204318
 0.00730841 -0.00307652   0.0234858  -0.0151327
   0.259504   0.0204318  -0.0151327    0.463535
IMAGINARY
          0 -0.00193548  0.00569037  0.00165952
 0.00193548           0   -0.014513   0.0014064
-0.00569037    0.014513           0  0.00516129
-0.00165952  -0.0014064 -0.00516129           0
EndNode2[0]<--->HoM1[0]
REAL
    0.48289  0.00119361  0.00945538    0.216855
 0.00119361   0.0304183  0.00591739 -0.00326726
 0.00945538  0.00591739   0.0418251  0.00746976
   0.216855 -0.00326726  0.00746976    0.444867
IMAGINARY
          0  -0.0026294  -0.0078683   -0.010558
  0.0026294           0   0.0027046 -0.00905878
  0.0078683  -0.0027046           0 -0.00908935
   0.010558  0.00905878  0.00908935           0
Repeater1[0]<--->EndNode1[0]
REAL
   0.479604  0.00730841   0.0103966    0.259504
 0.00730841   0.0234858 -0.00307652  -0.0151327
  0.0103966 -0.00307652   0.0333745   0.0204318
   0.259504  -0.0151327   0.0204318    0.463535
IMAGINARY
          0  0.00569037 -0.00193548  0.00165952
-0.00569037           0    0.014513  0.00516129
 0.00193548   -0.014513           0   0.0014064
-0.00165952 -0.00516129  -0.0014064           0
Repeater1[0]<--->HoM1[0]
REAL
    0.48289  0.00945538  0.00119361    0.216855
 0.00945538   0.0418251  0.00591739  0.00746976
 0.00119361  0.00591739   0.0304183 -0.00326726
   0.216855  0.00746976 -0.00326726    0.444867
IMAGINARY
          0  -0.0078683  -0.0026294   -0.010558
  0.0078683           0  -0.0027046 -0.00908935
  0.0026294   0.0027046           0 -0.00905878
   0.010558  0.00908935  0.00905878           0
EndNode1[0]<--->Repeater1[0]
REAL
   0.443559  -0.0221741   -0.013834    0.257399
 -0.0221741   0.0385126 -0.00804851 -0.00824393
  -0.013834 -0.00804851   0.0491368  -0.0115921
   0.257399 -0.00824393  -0.0115921    0.468792
IMAGINARY
          0  0.00383544 -0.00898467  -0.0163773
-0.00383544           0 -0.00474943   0.0222255
 0.00898467  0.00474943           0 -0.00446596
  0.0163773  -0.0222255  0.00446596           0
EndNode2[0]<--->HoM1[0]
REAL
   0.462707 -0.00403667  0.00645136    0.247469
-0.00403667    0.031768  -0.0110162  -0.0323134
 0.00645136  -0.0110162    0.031768 -0.00212096
   0.247469  -0.0323134 -0.00212096    0.473757
IMAGINARY
          0 -0.00560363 -0.00700346   0.0257965
 0.00560363           0  0.00553508   0.0109199
 0.00700346 -0.00553508           0   0.0238804
 -0.0257965  -0.0109199  -0.0238804           0
Repeater1[0]<--->EndNode1[0]
REAL
   0.443559   -0.013834  -0.0221741    0.257399
  -0.013834   0.0491368 -0.00804851  -0.0115921
 -0.0221741 -0.00804851   0.0385126 -0.00824393
   0.257399  -0.0115921 -0.00824393    0.468792
IMAGINARY
          0 -0.00898467  0.00383544  -0.0163773
 0.00898467           0  0.00474943 -0.00446596
-0.00383544 -0.00474943           0   0.0222255
  0.0163773  0.00446596  -0.0222255           0
Repeater1[0]<--->HoM1[0]
REAL
   0.462707  0.00645136 -0.00403667    0.247469
 0.00645136    0.031768  -0.0110162 -0.00212096
-0.00403667  -0.0110162    0.031768  -0.0323134
   0.247469 -0.00212096  -0.0323134    0.473757
IMAGINARY
          0 -0.00700346 -0.00560363   0.0257965
 0.00700346           0 -0.00553508   0.0238804
 0.00560363  0.00553508           0   0.0109199
 -0.0257965  -0.0238804  -0.0109199           0
EndNode1[0]<--->Repeater1[0]
REAL
   0.433018 -0.00527985    0.010497    0.256995
-0.00527985   0.0500677   0.0206313  -0.0180004
   0.010497   0.0206313    0.037889  -0.0117734
   0.256995  -0.0180004  -0.0117734    0.479026
IMAGINARY
           0   0.00902116    0.0115193    0.0149235
 -0.00902116            0     0.013648   -0.0115193
  -0.0115193    -0.013648            0  6.97512e-05
  -0.0149235    0.0115193 -6.97512e-05            0
EndNode2[0]<--->HoM1[0]
REAL
   0.477912  0.00679498   0.0050935      0.2445
 0.00679498   0.0481928 0.000808206  0.00697084
  0.0050935 0.000808206    0.038822   0.0106313
     0.2445  0.00697084   0.0106313    0.435074
IMAGINARY
          0  0.00235519  -0.0102922 -0.00659179
-0.00235519           0  0.00235962  -0.0102922
  0.0102922 -0.00235962           0 -0.00434722
 0.00659179   0.0102922  0.00434722           0
Repeater1[0]<--->EndNode1[0]
REAL
   0.433018    0.010497 -0.00527985    0.256995
   0.010497    0.037889   0.0206313  -0.0117734
-0.00527985   0.0206313   0.0500677  -0.0180004
   0.256995  -0.0117734  -0.0180004    0.479026
IMAGINARY
           0    0.0115193   0.00902116    0.0149235
  -0.0115193            0    -0.013648  6.97512e-05
 -0.00902116     0.013648            0   -0.0115193
  -0.0149235 -6.97512e-05    0.0115193            0
Repeater1[0]<--->HoM1[0]
REAL
   0.477912   0.0050935  0.00679498      0.2445
  0.0050935    0.038822 0.000808206   0.0106313
 0.00679498 0.000808206   0.0481928  0.00697084
     0.2445   0.0106313  0.00697084    0.435074
IMAGINARY
          0  -0.0102922  0.00235519 -0.00659179
  0.0102922           0 -0.00235962 -0.00434722
-0.00235519  0.00235962           0  -0.0102922
 0.00659179  0.00434722   0.0102922           0
EndNode1[0]<--->Repeater1[0]
REAL
   0.448849 0.000703529 -0.00634057    0.249952
0.000703529   0.0434783  0.00284081 -0.00762591
-0.00634057  0.00284081   0.0421995  -0.0160667
   0.249952 -0.00762591  -0.0160667    0.465473
IMAGINARY
           0  0.000172414   0.00177222  -0.00448274
-0.000172414            0   0.00514499    -0.028088
 -0.00177222  -0.00514499            0   0.00688792
  0.00448274     0.028088  -0.00688792            0
EndNode2[0]<--->HoM1[0]
REAL
   0.460957 -0.00638018  0.00342237    0.252454
-0.00638018   0.0365239  0.00630051   0.0140874
 0.00342237  0.00630051   0.0453401   0.0083257
   0.252454   0.0140874   0.0083257    0.457179
IMAGINARY
           0   -0.0171341  -0.00681158  0.000330134
   0.0171341            0   0.00939749    0.0145039
  0.00681158  -0.00939749            0    0.0043136
-0.000330134   -0.0145039   -0.0043136            0
Repeater1[0]<--->EndNode1[0]
REAL
   0.448849 -0.00634057 0.000703529    0.249952
-0.00634057   0.0421995  0.00284081  -0.0160667
0.000703529  0.00284081   0.0434783 -0.00762591
   0.249952  -0.0160667 -0.00762591    0.465473
IMAGINARY
           0   0.00177222  0.000172414  -0.00448274
 -0.00177222            0  -0.00514499   0.00688792
-0.000172414   0.00514499            0    -0.028088
  0.00448274  -0.00688792     0.028088            0
Repeater1[0]<--->HoM1[0]
REAL
   0.460957  0.00342237 -0.00638018    0.252454
 0.00342237   0.0453401  0.00630051   0.0083257
-0.00638018  0.00630051   0.0365239   0.0140874
   0.252454   0.0083257   0.0140874    0.457179
IMAGINARY
           0  -0.00681158   -0.0171341  0.000330134
  0.00681158            0  -0.00939749    0.0043136
   0.0171341   0.00939749            0    0.0145039
-0.000330134   -0.0043136   -0.0145039            0
EndNode1[0]<--->Repeater1[0]
REAL
  0.450185 0.00170721  0.0131018   0.248182
0.00170721  0.0467405 0.00215013 -0.0137658
 0.0131018 0.00215013  0.0430504 -0.0289316
  0.248182 -0.0137658 -0.0289316   0.460025
IMAGINARY
           0  -0.00417986   0.00794172   0.00661914
  0.00417986            0   0.00161914   0.00925405
 -0.00794172  -0.00161914            0  0.000211607
 -0.00661914  -0.00925405 -0.000211607            0
EndNode2[0]<--->HoM1[0]
REAL
  0.456873 -0.0139946 -0.0231235   0.246334
-0.0139946  0.0404313 0.00651784  0.0250246
-0.0231235 0.00651784   0.032345 0.00955858
  0.246334  0.0250246 0.00955858    0.47035
IMAGINARY
           0  -0.00908456  0.000470056  -0.00795189
  0.00908456            0    0.0215321   -0.0234661
-0.000470056   -0.0215321            0  0.000543167
  0.00795189    0.0234661 -0.000543167            0
Repeater1[0]<--->EndNode1[0]
REAL
  0.450185  0.0131018 0.00170721   0.248182
 0.0131018  0.0430504 0.00215013 -0.0289316
0.00170721 0.00215013  0.0467405 -0.0137658
  0.248182 -0.0289316 -0.0137658   0.460025
IMAGINARY
           0   0.00794172  -0.00417986   0.00661914
 -0.00794172            0  -0.00161914  0.000211607
  0.00417986   0.00161914            0   0.00925405
 -0.00661914 -0.000211607  -0.00925405            0
Repeater1[0]<--->HoM1[0]
REAL
  0.456873 -0.0231235 -0.0139946   0.246334
-0.0231235   0.032345 0.00651784 0.00955858
-0.0139946 0.00651784  0.0404313  0.0250246
  0.246334 0.00955858  0.0250246    0.47035
IMAGINARY
           0  0.000470056  -0.00908456  -0.00795189
-0.000470056            0   -0.0215321  0.000543167
  0.00908456    0.0215321            0   -0.0234661
  0.00795189 -0.000543167    0.0234661            0
EndNode1[0]<--->Repeater1[0]
REAL
   0.459951  0.00639734  0.00198556    0.259014
 0.00639734   0.0376214 -0.00539071  0.00262577
 0.00198556 -0.00539071   0.0473301 -0.00573858
   0.259014  0.00262577 -0.00573858    0.455097
IMAGINARY
          0 -0.00672215   0.0170479   0.0146682
 0.00672215           0   0.0106894 -0.00872527
 -0.0170479  -0.0106894           0 -0.00672215
 -0.0146682  0.00872527  0.00672215           0
EndNode2[0]<--->HoM1[0]
REAL
    0.457698   0.00850184 -0.000887647     0.277617
  0.00850184     0.037448    0.0163851   0.00153954
-0.000887647    0.0163851    0.0277393     0.010403
    0.277617   0.00153954     0.010403     0.477115
IMAGINARY
          0   0.0103541 -0.00848169 -0.00487914
 -0.0103541           0   0.0138305   0.0232442
 0.00848169  -0.0138305           0  -0.0225492
 0.00487914  -0.0232442   0.0225492           0
Repeater1[0]<--->EndNode1[0]
REAL
   0.459951  0.00198556  0.00639734    0.259014
 0.00198556   0.0473301 -0.00539071 -0.00573858
 0.00639734 -0.00539071   0.0376214  0.00262577
   0.259014 -0.00573858  0.00262577    0.455097
IMAGINARY
          0   0.0170479 -0.00672215   0.0146682
 -0.0170479           0  -0.0106894 -0.00672215
 0.00672215   0.0106894           0 -0.00872527
 -0.0146682  0.00672215  0.00872527           0
Repeater1[0]<--->HoM1[0]
REAL
    0.457698 -0.000887647   0.00850184     0.277617
-0.000887647    0.0277393    0.0163851     0.010403
  0.00850184    0.0163851     0.037448   0.00153954
    0.277617     0.010403   0.00153954     0.477115
IMAGINARY
          0 -0.00848169   0.0103541 -0.00487914
 0.00848169           0  -0.0138305  -0.0225492
 -0.0103541   0.0138305           0   0.0232442
 0.00487914   0.0225492  -0.0232442           0
EndNode1[0]<--->Repeater1[0]
REAL
    0.448492    -0.012379   -0.0304521      0.26255
   -0.012379    0.0389447  -0.00255034   0.00545213
  -0.0304521  -0.00255034     0.040201 -0.000120968
     0.26255   0.00545213 -0.000120968     0.472362
IMAGINARY
          0  0.00329273 -0.00847041  0.00906889
-0.00329273           0  -0.0179073   0.0104838
 0.00847041   0.0179073           0  -0.0147021
-0.00906889  -0.0104838   0.0147021           0
EndNode2[0]<--->HoM1[0]
REAL
   0.434954   -0.015666  -0.0134765    0.239503
  -0.015666   0.0407359  0.00887571 -0.00662722
 -0.0134765  0.00887571   0.0289093 -0.00962578
   0.239503 -0.00662722 -0.00962578    0.495401
IMAGINARY
          0 -0.00419189 -0.00160955  0.00194637
 0.00419189           0  0.00129617   0.0120647
 0.00160955 -0.00129617           0  -0.0173333
-0.00194637  -0.0120647   0.0173333           0
Repeater1[0]<--->EndNode1[0]
REAL
    0.448492   -0.0304521    -0.012379      0.26255
  -0.0304521     0.040201  -0.00255034 -0.000120968
   -0.012379  -0.00255034    0.0389447   0.00545213
     0.26255 -0.000120968   0.00545213     0.472362
IMAGINARY
          0 -0.00847041  0.00329273  0.00906889
 0.00847041           0   0.0179073  -0.0147021
-0.00329273  -0.0179073           0   0.0104838
-0.00906889   0.0147021  -0.0104838           0
Repeater1[0]<--->HoM1[0]
REAL
   0.434954  -0.0134765   -0.015666    0.239503
 -0.0134765   0.0289093  0.00887571 -0.00962578
  -0.015666  0.00887571   0.0407359 -0.00662722
   0.239503 -0.00962578 -0.00662722    0.495401
IMAGINARY
          0 -0.00160955 -0.00419189  0.00194637
 0.00160955           0 -0.00129617  -0.0173333
 0.00419189  0.00129617           0   0.0120647
-0.00194637   0.0173333  -0.0120647           0
EndNode1[0]<--->Repeater1[0]
REAL
   0.451128 -0.00283769   0.0027941    0.250575
-0.00283769   0.0463659  0.00885299   0.0134608
  0.0027941  0.00885299   0.0426065  -0.0108164
   0.250575   0.0134608  -0.0108164      0.4599
IMAGINARY
          0  -0.0164251  -0.0167331 -0.00968282
  0.0164251           0  0.00594218  0.00944829
  0.0167331 -0.00594218           0  0.00119334
 0.00968282 -0.00944829 -0.00119334           0
EndNode2[0]<--->HoM1[0]
REAL
   0.449275 -0.00523816    0.012332    0.267754
-0.00523816   0.0368906  -0.0147977  0.00409374
   0.012332  -0.0147977   0.0382082  0.00852331
   0.267754  0.00409374  0.00852331    0.475626
IMAGINARY
           0   0.00121186 -0.000194564    0.0052619
 -0.00121186            0   -0.0221013    0.0132154
 0.000194564    0.0221013            0   -0.0181389
  -0.0052619   -0.0132154    0.0181389            0
Repeater1[0]<--->EndNode1[0]
REAL
   0.451128   0.0027941 -0.00283769    0.250575
  0.0027941   0.0426065  0.00885299  -0.0108164
-0.00283769  0.00885299   0.0463659   0.0134608
   0.250575  -0.0108164   0.0134608      0.4599
IMAGINARY
          0  -0.0167331  -0.0164251 -0.00968282
  0.0167331           0 -0.00594218  0.00119334
  0.0164251  0.00594218           0  0.00944829
 0.00968282 -0.00119334 -0.00944829           0
Repeater1[0]<--->HoM1[0]
REAL
   0.449275    0.012332 -0.00523816    0.267754
   0.012332   0.0382082  -0.0147977  0.00852331
-0.00523816  -0.0147977   0.0368906  0.00409374
   0.267754  0.00852331  0.00409374    0.475626
IMAGINARY
           0 -0.000194564   0.00121186    0.0052619
 0.000194564            0    0.0221013   -0.0181389
 -0.00121186   -0.0221013            0    0.0132154
  -0.0052619    0.0181389   -0.0132154            0
EndNode1[0]<--->Repeater1[0]
REAL
    0.487929 -0.000643833   0.00578186     0.268101
-0.000643833    0.0419314  -0.00884155    0.0114139
  0.00578186  -0.00884155    0.0381194   -0.0139064
    0.268101    0.0114139   -0.0139064      0.43202
IMAGINARY
           0  -0.00602423   0.00438596 -0.000108675
  0.00602423            0   -0.0133013   0.00438596
 -0.00438596    0.0133013            0  -0.00274769
 0.000108675  -0.00438596   0.00274769            0
EndNode2[0]<--->HoM1[0]
REAL
   0.499338  0.00957665  0.00851297    0.235898
 0.00957665   0.0357616 -0.00779366  0.00913409
 0.00851297 -0.00779366   0.0317881   0.0237567
   0.235898  0.00913409   0.0237567    0.433113
IMAGINARY
          0   0.0144118  -0.0112619  -0.0180965
 -0.0144118           0   0.0180965 -0.00135434
  0.0112619  -0.0180965           0   0.0181247
  0.0180965  0.00135434  -0.0181247           0
Repeater1[0]<--->EndNode1[0]
REAL
    0.487929   0.00578186 -0.000643833     0.268101
  0.00578186    0.0381194  -0.00884155   -0.0139064
-0.000643833  -0.00884155    0.0419314    0.0114139
    0.268101   -0.0139064    0.0114139      0.43202
IMAGINARY
           0   0.00438596  -0.00602423 -0.000108675
 -0.00438596            0    0.0133013  -0.00274769
  0.00602423   -0.0133013            0   0.00438596
 0.000108675   0.00274769  -0.00438596            0
Repeater1[0]<--->HoM1[0]
REAL
   0.499338  0.00851297  0.00957665    0.235898
 0.00851297   0.0317881 -0.00779366   0.0237567
 0.00957665 -0.00779366   0.0357616  0.00913409
   0.235898   0.0237567  0.00913409    0.433113
IMAGINARY
          0  -0.0112619   0.0144118  -0.0180965
  0.0112619           0  -0.0180965   0.0181247
 -0.0144118   0.0180965           0 -0.00135434
  0.0180965  -0.0181247  0.00135434           0
EndNode1[0]<--->Repeater1[0]
REAL
   0.504773  -0.0193171  -0.0112276    0.256694
 -0.0193171    0.026253  -0.0125367 0.000772448
 -0.0112276  -0.0125367   0.0441527 -0.00835819
   0.256694 0.000772448 -0.00835819    0.424821
IMAGINARY
          0   0.0215587  -0.0019035   -0.013239
 -0.0215587           0   0.0188711  0.00318555
  0.0019035  -0.0188711           0 -0.00745614
   0.013239 -0.00318555  0.00745614           0
EndNode2[0]<--->HoM1[0]
REAL
   0.477513  -0.0175049 -0.00730712    0.241167
 -0.0175049   0.0462963  -0.0149309   0.0168128
-0.00730712  -0.0149309    0.031746  -0.0135471
   0.241167   0.0168128  -0.0135471    0.444444
IMAGINARY
          0   0.0181657 -0.00560622  -0.0189898
 -0.0181657           0     0.01967  -0.0142911
 0.00560622    -0.01967           0   0.0145686
  0.0189898   0.0142911  -0.0145686           0
Repeater1[0]<--->EndNode1[0]
REAL
   0.504773  -0.0112276  -0.0193171    0.256694
 -0.0112276   0.0441527  -0.0125367 -0.00835819
 -0.0193171  -0.0125367    0.026253 0.000772448
   0.256694 -0.00835819 0.000772448    0.424821
IMAGINARY
          0  -0.0019035   0.0215587   -0.013239
  0.0019035           0  -0.0188711 -0.00745614
 -0.0215587   0.0188711           0  0.00318555
   0.013239  0.00745614 -0.00318555           0
Repeater1[0]<--->HoM1[0]
REAL
   0.477513 -0.00730712  -0.0175049    0.241167
-0.00730712    0.031746  -0.0149309  -0.0135471
 -0.0175049  -0.0149309   0.0462963   0.0168128
   0.241167  -0.0135471   0.0168128    0.444444
IMAGINARY
          0 -0.00560622   0.0181657  -0.0189898
 0.00560622           0    -0.01967   0.0145686
 -0.0181657     0.01967           0  -0.0142911
  0.0189898  -0.0145686   0.0142911           0
EndNode1[0]<--->Repeater1[0]
REAL
   0.475936   0.0039318 -0.00420096     0.25656
  0.0039318   0.0427807  0.00590723 -0.00104838
-0.00420096  0.00590723   0.0360963  0.00525455
    0.25656 -0.00104838  0.00525455    0.445187
IMAGINARY
          0  0.00771208  -0.0228777  0.00760065
-0.00771208           0   0.0132327   0.0163502
  0.0228777  -0.0132327           0   0.0157866
-0.00760065  -0.0163502  -0.0157866           0
EndNode2[0]<--->HoM1[0]
REAL
   0.46242  0.0181193 0.00855513   0.249335
 0.0181193  0.0394904 0.00098188 0.00855513
0.00855513 0.00098188  0.0305732 0.00786292
  0.249335 0.00855513 0.00786292   0.467516
IMAGINARY
           0  -0.00889851  -0.00967062  -0.00497931
  0.00889851            0 -0.000695344    0.0103294
  0.00967062  0.000695344            0  -0.00625301
  0.00497931   -0.0103294   0.00625301            0
Repeater1[0]<--->EndNode1[0]
REAL
   0.475936 -0.00420096   0.0039318     0.25656
-0.00420096   0.0360963  0.00590723  0.00525455
  0.0039318  0.00590723   0.0427807 -0.00104838
    0.25656  0.00525455 -0.00104838    0.445187
IMAGINARY
          0  -0.0228777  0.00771208  0.00760065
  0.0228777           0  -0.0132327   0.0157866
-0.00771208   0.0132327           0   0.0163502
-0.00760065  -0.0157866  -0.0163502           0
Repeater1[0]<--->HoM1[0]
REAL
   0.46242 0.00855513  0.0181193   0.249335
0.00855513  0.0305732 0.00098188 0.00786292
 0.0181193 0.00098188  0.0394904 0.00855513
  0.249335 0.00786292 0.00855513   0.467516
IMAGINARY
           0  -0.00967062  -0.00889851  -0.00497931
  0.00967062            0  0.000695344  -0.00625301
  0.00889851 -0.000695344            0    0.0103294
  0.00497931   0.00625301   -0.0103294            0
EndNode1[0]<--->Repeater1[0]
REAL
   0.487374  -0.0133905  -0.0108007     0.23741
 -0.0133905   0.0315657  0.00151236 -0.00416938
 -0.0108007  0.00151236   0.0391414 -0.00157952
    0.23741 -0.00416938 -0.00157952    0.441919
IMAGINARY
           0    0.0167703   0.00096031   0.00350889
  -0.0167703            0  -0.00483515  0.000321741
 -0.00096031   0.00483515            0   -0.0180523
 -0.00350889 -0.000321741    0.0180523            0
EndNode2[0]<--->HoM1[0]
REAL
  0.495924  -0.024486 -0.0144897   0.249213
 -0.024486  0.0353261  0.0040676 -0.0196311
-0.0144897  0.0040676  0.0285326 -0.0122594
  0.249213 -0.0196311 -0.0122594   0.440217
IMAGINARY
          0  0.00337296  -0.0177073  -0.0209826
-0.00337296           0  -0.0267298   0.0104257
  0.0177073   0.0267298           0  0.00148141
  0.0209826  -0.0104257 -0.00148141           0
Repeater1[0]<--->EndNode1[0]
REAL
   0.487374  -0.0108007  -0.0133905     0.23741
 -0.0108007   0.0391414  0.00151236 -0.00157952
 -0.0133905  0.00151236   0.0315657 -0.00416938
    0.23741 -0.00157952 -0.00416938    0.441919
IMAGINARY
           0   0.00096031    0.0167703   0.00350889
 -0.00096031            0   0.00483515   -0.0180523
  -0.0167703  -0.00483515            0  0.000321741
 -0.00350889    0.0180523 -0.000321741            0
Repeater1[0]<--->HoM1[0]
REAL
  0.495924 -0.0144897  -0.024486   0.249213
-0.0144897  0.0285326  0.0040676 -0.0122594
 -0.024486  0.0040676  0.0353261 -0.0196311
  0.249213 -0.0122594 -0.0196311   0.440217
IMAGINARY
          0  -0.0177073  0.00337296  -0.0209826
  0.0177073           0   0.0267298  0.00148141
-0.00337296  -0.0267298           0   0.0104257
  0.0209826 -0.00148141  -0.0104257           0
EndNode1[0]<--->Repeater1[0]
REAL
   0.470199   0.0155254   0.0278942    0.264443
  0.0155254   0.0423841   -0.023156 0.000255972
  0.0278942   -0.023156   0.0264901  0.00592232
   0.264443 0.000255972  0.00592232    0.460927
IMAGINARY
           0     0.010217 -0.000692695 -0.000981409
   -0.010217            0   0.00409473  -0.00194583
 0.000692695  -0.00409473            0   0.00957188
 0.000981409   0.00194583  -0.00957188            0
EndNode2[0]<--->HoM1[0]
REAL
    0.475936   -0.0126036    0.0117179      0.25375
  -0.0126036    0.0467914   0.00150346   -0.0222247
   0.0117179   0.00150346    0.0414439 -0.000375363
     0.25375   -0.0222247 -0.000375363     0.435829
IMAGINARY
          0 -0.00535492  0.00504228 -0.00587269
 0.00535492           0  -0.0162512 -0.00696783
-0.00504228   0.0162512           0    0.013699
 0.00587269  0.00696783   -0.013699           0
Repeater1[0]<--->EndNode1[0]
REAL
   0.470199   0.0278942   0.0155254    0.264443
  0.0278942   0.0264901   -0.023156  0.00592232
  0.0155254   -0.023156   0.0423841 0.000255972
   0.264443  0.00592232 0.000255972    0.460927
IMAGINARY
           0 -0.000692695     0.010217 -0.000981409
 0.000692695            0  -0.00409473   0.00957188
   -0.010217   0.00409473            0  -0.00194583
 0.000981409  -0.00957188   0.00194583            0
Repeater1[0]<--->HoM1[0]
REAL
    0.475936    0.0117179   -0.0126036      0.25375
   0.0117179    0.0414439   0.00150346 -0.000375363
  -0.0126036   0.00150346    0.0467914   -0.0222247
     0.25375 -0.000375363   -0.0222247     0.435829
IMAGINARY
          0  0.00504228 -0.00535492 -0.00587269
-0.00504228           0   0.0162512    0.013699
 0.00535492  -0.0162512           0 -0.00696783
 0.00587269   -0.013699  0.00696783           0
EndNode1[0]<--->Repeater1[0]
REAL
   0.493557  0.00362039  0.00081789    0.240141
 0.00362039   0.0347938 -0.00662862 -0.00687442
 0.00081789 -0.00662862   0.0425258 -0.00160154
   0.240141 -0.00687442 -0.00160154    0.429124
IMAGINARY
           0  0.000887747   0.00291312   -0.0259105
-0.000887747            0   -0.0129635   0.00354683
 -0.00291312    0.0129635            0  -0.00217974
