EndNode1[0]<--->Repeater1[0]
REAL
   0.386364  -0.0023613 0.000948317    0.281479
 -0.0023613    0.119949  0.00298187 0.000304816
0.000948317  0.00298187       0.125  -0.0139294
   0.281479 0.000304816  -0.0139294    0.368687
IMAGINARY
           0  -0.00679088    0.0137821 -0.000711864
  0.00679088            0  -0.00989822   -0.0189635
  -0.0137821   0.00989822            0   0.00808622
 0.000711864    0.0189635  -0.00808622            0
EndNode2[0]<--->HoM1[0]
REAL
   0.376871  -0.0102378 -0.00889956    0.289013
 -0.0102378   0.0952381   -0.017439 -0.00632887
-0.00889956   -0.017439    0.114286   0.0102378
   0.289013 -0.00632887   0.0102378    0.413605
IMAGINARY
          0 -0.00705695 -0.00870141 -0.00751417
 0.00705695           0 -0.00999556  -0.0061373
 0.00870141  0.00999556           0  0.00899243
 0.00751417   0.0061373 -0.00899243           0
Repeater1[0]<--->EndNode1[0]
REAL
   0.386364 0.000948317  -0.0023613    0.281479
0.000948317       0.125  0.00298187  -0.0139294
 -0.0023613  0.00298187    0.119949 0.000304816
   0.281479  -0.0139294 0.000304816    0.368687
IMAGINARY
           0    0.0137821  -0.00679088 -0.000711864
  -0.0137821            0   0.00989822   0.00808622
  0.00679088  -0.00989822            0   -0.0189635
 0.000711864  -0.00808622    0.0189635            0
Repeater1[0]<--->HoM1[0]
REAL
   0.376871 -0.00889956  -0.0102378    0.289013
-0.00889956    0.114286   -0.017439   0.0102378
 -0.0102378   -0.017439   0.0952381 -0.00632887
   0.289013   0.0102378 -0.00632887    0.413605
IMAGINARY
          0 -0.00870141 -0.00705695 -0.00751417
 0.00870141           0  0.00999556  0.00899243
 0.00705695 -0.00999556           0  -0.0061373
 0.00751417 -0.00899243   0.0061373           0
EndNode1[0]<--->Repeater1[0]
REAL
    0.42246 -0.00671076  0.00553383    0.282509
-0.00671076    0.112299  0.00192935 -0.00808485
 0.00553383  0.00192935    0.108289 -0.00221782
   0.282509 -0.00808485 -0.00221782    0.356952
IMAGINARY
          0    0.010175   0.0105788   -0.011543
  -0.010175           0  -0.0177158  -0.0137314
 -0.0105788   0.0177158           0 -0.00702243
   0.011543   0.0137314  0.00702243           0
EndNode2[0]<--->HoM1[0]
REAL
    0.400531    0.0107639  -0.00747402     0.272023
   0.0107639    0.0994695 -0.000482806 -0.000358881
 -0.00747402 -0.000482806    0.0981432  0.000985495
    0.272023 -0.000358881  0.000985495     0.401857
IMAGINARY
          0  0.00479961  0.00886276  0.00870899
-0.00479961           0    0.019291 -0.00521313
-0.00886276   -0.019291           0 -0.00966579
-0.00870899  0.00521313  0.00966579           0
Repeater1[0]<--->EndNode1[0]
REAL
    0.42246  0.00553383 -0.00671076    0.282509
 0.00553383    0.108289  0.00192935 -0.00221782
-0.00671076  0.00192935    0.112299 -0.00808485
   0.282509 -0.00221782 -0.00808485    0.356952
IMAGINARY
          0   0.0105788    0.010175   -0.011543
 -0.0105788           0   0.0177158 -0.00702243
  -0.010175  -0.0177158           0  -0.0137314
   0.011543  0.00702243   0.0137314           0
Repeater1[0]<--->HoM1[0]
REAL
    0.400531  -0.00747402    0.0107639     0.272023
 -0.00747402    0.0981432 -0.000482806  0.000985495
   0.0107639 -0.000482806    0.0994695 -0.000358881
    0.272023  0.000985495 -0.000358881     0.401857
IMAGINARY
          0  0.00886276  0.00479961  0.00870899
-0.00886276           0   -0.019291 -0.00966579
-0.00479961    0.019291           0 -0.00521313
-0.00870899  0.00966579  0.00521313           0
EndNode1[0]<--->Repeater1[0]
REAL
   0.379001  0.00262559   0.0195665    0.284038
 0.00262559    0.102433 -0.00206517 -0.00555916
  0.0195665 -0.00206517    0.117798  0.00772763
   0.284038 -0.00555916  0.00772763    0.400768
IMAGINARY
          0  0.00511675    0.026803  -0.0252999
-0.00511675           0  -0.0110512  0.00725696
  -0.026803   0.0110512           0  -0.0214655
  0.0252999 -0.00725696   0.0214655           0
EndNode2[0]<--->HoM1[0]
REAL
   0.367239  -0.0150606  0.00987709    0.290612
 -0.0150606    0.113606  0.00789571 7.31636e-05
 0.00987709  0.00789571    0.114927   0.0175481
   0.290612 7.31636e-05   0.0175481    0.404227
IMAGINARY
          0  0.00568584 -0.00144824 -0.00759377
-0.00568584           0 -0.00824907   0.0100902
 0.00144824  0.00824907           0 -0.00938954
 0.00759377  -0.0100902  0.00938954           0
Repeater1[0]<--->EndNode1[0]
REAL
   0.379001   0.0195665  0.00262559    0.284038
  0.0195665    0.117798 -0.00206517  0.00772763
 0.00262559 -0.00206517    0.102433 -0.00555916
   0.284038  0.00772763 -0.00555916    0.400768
IMAGINARY
          0    0.026803  0.00511675  -0.0252999
  -0.026803           0   0.0110512  -0.0214655
-0.00511675  -0.0110512           0  0.00725696
  0.0252999   0.0214655 -0.00725696           0
Repeater1[0]<--->HoM1[0]
REAL
   0.367239  0.00987709  -0.0150606    0.290612
 0.00987709    0.114927  0.00789571   0.0175481
 -0.0150606  0.00789571    0.113606 7.31636e-05
   0.290612   0.0175481 7.31636e-05    0.404227
IMAGINARY
          0 -0.00144824  0.00568584 -0.00759377
 0.00144824           0  0.00824907 -0.00938954
-0.00568584 -0.00824907           0   0.0100902
 0.00759377  0.00938954  -0.0100902           0
EndNode1[0]<--->Repeater1[0]
REAL
   0.393671  -0.0100627  0.00088835    0.279853
 -0.0100627   0.0949367   0.0216737 -0.00852194
 0.00088835   0.0216737    0.110127   0.0126073
   0.279853 -0.00852194   0.0126073    0.401266
IMAGINARY
          0   0.0139274   0.0022515  -0.0158482
 -0.0139274           0   0.0106669 -0.00723017
 -0.0022515  -0.0106669           0  0.00812096
  0.0158482  0.00723017 -0.00812096           0
EndNode2[0]<--->HoM1[0]
REAL
   0.376426 -0.00704392   0.0113708    0.280252
-0.00704392    0.108999  0.00789428 -0.00569618
  0.0113708  0.00789428    0.129278 0.000108229
   0.280252 -0.00569618 0.000108229    0.385298
IMAGINARY
          0  0.00387058 -0.00749877 -0.00360213
-0.00387058           0  -0.0124854 -0.00876139
 0.00749877   0.0124854           0   0.0123896
 0.00360213  0.00876139  -0.0123896           0
Repeater1[0]<--->EndNode1[0]
REAL
   0.393671  0.00088835  -0.0100627    0.279853
 0.00088835    0.110127   0.0216737   0.0126073
 -0.0100627   0.0216737   0.0949367 -0.00852194
   0.279853   0.0126073 -0.00852194    0.401266
IMAGINARY
          0   0.0022515   0.0139274  -0.0158482
 -0.0022515           0  -0.0106669  0.00812096
 -0.0139274   0.0106669           0 -0.00723017
  0.0158482 -0.00812096  0.00723017           0
Repeater1[0]<--->HoM1[0]
REAL
   0.376426   0.0113708 -0.00704392    0.280252
  0.0113708    0.129278  0.00789428 0.000108229
-0.00704392  0.00789428    0.108999 -0.00569618
   0.280252 0.000108229 -0.00569618    0.385298
IMAGINARY
          0 -0.00749877  0.00387058 -0.00360213
 0.00749877           0   0.0124854   0.0123896
-0.00387058  -0.0124854           0 -0.00876139
 0.00360213  -0.0123896  0.00876139           0
EndNode1[0]<--->Repeater1[0]
REAL
  0.401055 -0.0071086  0.0142419   0.267322
-0.0071086  0.0963061 -0.0143022 0.00522123
 0.0142419 -0.0143022  0.0923483 0.00777974
  0.267322 0.00522123 0.00777974    0.41029
IMAGINARY
           0   -0.0136307 -0.000880703    0.0030599
   0.0136307            0   -0.0135862   0.00154648
 0.000880703    0.0135862            0    0.0156281
  -0.0030599  -0.00154648   -0.0156281            0
EndNode2[0]<--->HoM1[0]
REAL
   0.376574 -0.00392551  0.00774717    0.293692
-0.00392551    0.110831   0.0274758  0.00441828
 0.00774717   0.0274758    0.093199  -0.0070234
   0.293692  0.00441828  -0.0070234    0.419395
IMAGINARY
           0 -0.000902099      0.01798    0.0121646
 0.000902099            0   -0.0170907   0.00499298
    -0.01798    0.0170907            0   -0.0288276
  -0.0121646  -0.00499298    0.0288276            0
Repeater1[0]<--->EndNode1[0]
REAL
  0.401055  0.0142419 -0.0071086   0.267322
 0.0142419  0.0923483 -0.0143022 0.00777974
-0.0071086 -0.0143022  0.0963061 0.00522123
  0.267322 0.00777974 0.00522123    0.41029
IMAGINARY
           0 -0.000880703   -0.0136307    0.0030599
 0.000880703            0    0.0135862    0.0156281
   0.0136307   -0.0135862            0   0.00154648
  -0.0030599   -0.0156281  -0.00154648            0
Repeater1[0]<--->HoM1[0]
REAL
   0.376574  0.00774717 -0.00392551    0.293692
 0.00774717    0.093199   0.0274758  -0.0070234
-0.00392551   0.0274758    0.110831  0.00441828
   0.293692  -0.0070234  0.00441828    0.419395
IMAGINARY
           0      0.01798 -0.000902099    0.0121646
    -0.01798            0    0.0170907   -0.0288276
 0.000902099   -0.0170907            0   0.00499298
  -0.0121646    0.0288276  -0.00499298            0
EndNode1[0]<--->Repeater1[0]
REAL
    0.383459 -0.000897463  -0.00646643     0.268502
-0.000897463     0.105263   -0.0131693     0.014622
 -0.00646643   -0.0131693    0.0902256   -0.0147864
    0.268502     0.014622   -0.0147864     0.421053
IMAGINARY
          0   -0.022214  0.00852279   0.0084088
   0.022214           0 -0.00646831   0.0265176
-0.00852279  0.00646831           0 -0.00743564
 -0.0084088  -0.0265176  0.00743564           0
EndNode2[0]<--->HoM1[0]
REAL
   0.377181  0.00676087 -0.00403007    0.264662
 0.00676087    0.102013 -0.00251362   -0.012594
-0.00403007 -0.00251362   0.0966443 -0.00803964
   0.264662   -0.012594 -0.00803964    0.424161
IMAGINARY
           0  -0.00214912    0.0151904  0.000749168
  0.00214912            0    0.0139567   -0.0101014
  -0.0151904   -0.0139567            0  -0.00930126
-0.000749168    0.0101014   0.00930126            0
Repeater1[0]<--->EndNode1[0]
REAL
    0.383459  -0.00646643 -0.000897463     0.268502
 -0.00646643    0.0902256   -0.0131693   -0.0147864
-0.000897463   -0.0131693     0.105263     0.014622
    0.268502   -0.0147864     0.014622     0.421053
IMAGINARY
          0  0.00852279   -0.022214   0.0084088
-0.00852279           0  0.00646831 -0.00743564
   0.022214 -0.00646831           0   0.0265176
 -0.0084088  0.00743564  -0.0265176           0
Repeater1[0]<--->HoM1[0]
REAL
   0.377181 -0.00403007  0.00676087    0.264662
-0.00403007   0.0966443 -0.00251362 -0.00803964
 0.00676087 -0.00251362    0.102013   -0.012594
   0.264662 -0.00803964   -0.012594    0.424161
IMAGINARY
           0    0.0151904  -0.00214912  0.000749168
  -0.0151904            0   -0.0139567  -0.00930126
  0.00214912    0.0139567            0   -0.0101014
-0.000749168   0.00930126    0.0101014            0
EndNode1[0]<--->Repeater1[0]
REAL
    0.36541 -0.00808729  -0.0104389    0.282128
-0.00808729    0.113134  0.00664231  -0.0122884
 -0.0104389  0.00664231    0.111834   0.0040766
   0.282128  -0.0122884   0.0040766    0.409623
IMAGINARY
          0   0.0100994    -0.01185 -0.00604839
 -0.0100994           0  0.00604839  -0.0197034
    0.01185 -0.00604839           0   0.0032501
 0.00604839   0.0197034  -0.0032501           0
EndNode2[0]<--->HoM1[0]
REAL
   0.386059  0.00894418  -0.0039431    0.275785
 0.00894418    0.127346 1.14912e-05  0.00967558
 -0.0039431 1.14912e-05    0.119303  0.00188385
   0.275785  0.00967558  0.00188385    0.367292
IMAGINARY
          0  0.00238638 -0.00197866 -0.00966886
-0.00238638           0   0.0176264 -0.00704195
 0.00197866  -0.0176264           0   0.0143662
 0.00966886  0.00704195  -0.0143662           0
Repeater1[0]<--->EndNode1[0]
REAL
    0.36541  -0.0104389 -0.00808729    0.282128
 -0.0104389    0.111834  0.00664231   0.0040766
-0.00808729  0.00664231    0.113134  -0.0122884
   0.282128   0.0040766  -0.0122884    0.409623
IMAGINARY
          0    -0.01185   0.0100994 -0.00604839
    0.01185           0 -0.00604839   0.0032501
 -0.0100994  0.00604839           0  -0.0197034
 0.00604839  -0.0032501   0.0197034           0
Repeater1[0]<--->HoM1[0]
REAL
   0.386059  -0.0039431  0.00894418    0.275785
 -0.0039431    0.119303 1.14912e-05  0.00188385
 0.00894418 1.14912e-05    0.127346  0.00967558
   0.275785  0.00188385  0.00967558    0.367292
IMAGINARY
          0 -0.00197866  0.00238638 -0.00966886
 0.00197866           0  -0.0176264   0.0143662
-0.00238638   0.0176264           0 -0.00704195
 0.00966886  -0.0143662  0.00704195           0
EndNode1[0]<--->Repeater1[0]
REAL
  0.384419  0.0321434  0.0171804   0.275758
 0.0321434   0.103448  0.0112791  0.0158884
 0.0171804  0.0112791   0.104725 0.00489368
  0.275758  0.0158884 0.00489368   0.407407
IMAGINARY
          0  0.00790484   0.0135791   0.0109545
-0.00790484           0  0.00513302  0.00508239
 -0.0135791 -0.00513302           0  0.00046067
 -0.0109545 -0.00508239 -0.00046067           0
EndNode2[0]<--->HoM1[0]
REAL
   0.389696  -0.0068652 -0.00236967    0.304318
 -0.0068652    0.121532   0.0132177 -0.00236967
-0.00236967   0.0132177    0.104359 -0.00498314
   0.304318 -0.00236967 -0.00498314    0.384412
IMAGINARY
          0  0.00839289  -0.0161436   0.0124879
-0.00839289           0   0.0118222 -0.00177974
  0.0161436  -0.0118222           0  0.00582219
 -0.0124879  0.00177974 -0.00582219           0
Repeater1[0]<--->EndNode1[0]
REAL
  0.384419  0.0171804  0.0321434   0.275758
 0.0171804   0.104725  0.0112791 0.00489368
 0.0321434  0.0112791   0.103448  0.0158884
  0.275758 0.00489368  0.0158884   0.407407
IMAGINARY
          0   0.0135791  0.00790484   0.0109545
 -0.0135791           0 -0.00513302  0.00046067
-0.00790484  0.00513302           0  0.00508239
 -0.0109545 -0.00046067 -0.00508239           0
Repeater1[0]<--->HoM1[0]
REAL
   0.389696 -0.00236967  -0.0068652    0.304318
-0.00236967    0.104359   0.0132177 -0.00498314
 -0.0068652   0.0132177    0.121532 -0.00236967
   0.304318 -0.00498314 -0.00236967    0.384412
IMAGINARY
          0  -0.0161436  0.00839289   0.0124879
  0.0161436           0  -0.0118222  0.00582219
-0.00839289   0.0118222           0 -0.00177974
 -0.0124879 -0.00582219  0.00177974           0
EndNode1[0]<--->Repeater1[0]
REAL
   0.372327  0.00483745 -0.00570182    0.297127
 0.00483745    0.128302 -0.00771981  0.00507131
-0.00570182 -0.00771981    0.118239  -0.0142952
   0.297127  0.00507131  -0.0142952    0.381132
IMAGINARY
          0   0.0180238  -0.0166143  -0.0017307
 -0.0180238           0   0.0149582 -0.00379383
  0.0166143  -0.0149582           0  0.00365989
  0.0017307  0.00379383 -0.00365989           0
EndNode2[0]<--->HoM1[0]
REAL
   0.376623 -0.00683951  -0.0232848    0.295376
-0.00683951    0.136364     0.01673 -4.4379e-05
 -0.0232848     0.01673    0.103896  -0.0127065
   0.295376 -4.4379e-05  -0.0127065    0.383117
IMAGINARY
         0  0.0227268 -0.0063244 -0.0070051
-0.0227268          0  0.0141759  0.0115327
 0.0063244 -0.0141759          0  0.0111273
 0.0070051 -0.0115327 -0.0111273          0
Repeater1[0]<--->EndNode1[0]
REAL
   0.372327 -0.00570182  0.00483745    0.297127
-0.00570182    0.118239 -0.00771981  -0.0142952
 0.00483745 -0.00771981    0.128302  0.00507131
   0.297127  -0.0142952  0.00507131    0.381132
IMAGINARY
          0  -0.0166143   0.0180238  -0.0017307
  0.0166143           0  -0.0149582  0.00365989
 -0.0180238   0.0149582           0 -0.00379383
  0.0017307 -0.00365989  0.00379383           0
Repeater1[0]<--->HoM1[0]
REAL
   0.376623  -0.0232848 -0.00683951    0.295376
 -0.0232848    0.103896     0.01673  -0.0127065
-0.00683951     0.01673    0.136364 -4.4379e-05
   0.295376  -0.0127065 -4.4379e-05    0.383117
IMAGINARY
         0 -0.0063244  0.0227268 -0.0070051
 0.0063244          0 -0.0141759  0.0111273
-0.0227268  0.0141759          0  0.0115327
 0.0070051 -0.0111273 -0.0115327          0
EndNode1[0]<--->Repeater1[0]
REAL
    0.413437 -0.000794076    0.0126514     0.275388
-0.000794076    0.0878553   -0.0087649    0.0166837
   0.0126514   -0.0087649     0.109819    0.0157876
    0.275388    0.0166837    0.0157876     0.388889
IMAGINARY
          0  0.00861467 -0.00164241  -0.0135006
-0.00861467           0  -0.0055834   -0.014751
 0.00164241   0.0055834           0    0.010511
  0.0135006    0.014751   -0.010511           0
EndNode2[0]<--->HoM1[0]
REAL
   0.391304   0.0114075   0.0120597    0.302615
  0.0114075    0.111253   -0.013209  0.00215218
  0.0120597   -0.013209    0.116368 -0.00623955
   0.302615  0.00215218 -0.00623955    0.381074
IMAGINARY
          0 -0.00775319  -0.0096829  -0.0201041
 0.00775319           0   0.0120296 -0.00393578
  0.0096829  -0.0120296           0 -0.00456847
  0.0201041  0.00393578  0.00456847           0
Repeater1[0]<--->EndNode1[0]
REAL
    0.413437    0.0126514 -0.000794076     0.275388
   0.0126514     0.109819   -0.0087649    0.0157876
-0.000794076   -0.0087649    0.0878553    0.0166837
    0.275388    0.0157876    0.0166837     0.388889
IMAGINARY
          0 -0.00164241  0.00861467  -0.0135006
 0.00164241           0   0.0055834    0.010511
-0.00861467  -0.0055834           0   -0.014751
  0.0135006   -0.010511    0.014751           0
Repeater1[0]<--->HoM1[0]
REAL
   0.391304   0.0120597   0.0114075    0.302615
  0.0120597    0.116368   -0.013209 -0.00623955
  0.0114075   -0.013209    0.111253  0.00215218
   0.302615 -0.00623955  0.00215218    0.381074
IMAGINARY
          0  -0.0096829 -0.00775319  -0.0201041
  0.0096829           0  -0.0120296 -0.00456847
 0.00775319   0.0120296           0 -0.00393578
  0.0201041  0.00456847  0.00393578           0
EndNode1[0]<--->Repeater1[0]
REAL
  0.413879  -0.021838 0.00116716   0.287784
 -0.021838   0.123916 -0.0064077 -0.0180363
0.00116716 -0.0064077   0.105328  0.0184642
  0.287784 -0.0180363  0.0184642   0.356877
IMAGINARY
           0    0.0188605   0.00754751 -0.000957854
  -0.0188605            0  -0.00889436   -0.0365879
 -0.00754751   0.00889436            0    0.0240688
 0.000957854    0.0365879   -0.0240688            0
EndNode2[0]<--->HoM1[0]
REAL
   0.392318  0.00052468  -0.0206741    0.281259
 0.00052468   0.0877915 -0.00924416   0.0140396
 -0.0206741 -0.00924416    0.116598 -0.00354036
   0.281259   0.0140396 -0.00354036    0.403292
IMAGINARY
          0   0.0133788   0.0027933  0.00834651
 -0.0133788           0  0.00641601   0.0027933
 -0.0027933 -0.00641601           0  -0.0049989
-0.00834651  -0.0027933   0.0049989           0
Repeater1[0]<--->EndNode1[0]
REAL
  0.413879 0.00116716  -0.021838   0.287784
0.00116716   0.105328 -0.0064077  0.0184642
 -0.021838 -0.0064077   0.123916 -0.0180363
  0.287784  0.0184642 -0.0180363   0.356877
IMAGINARY
           0   0.00754751    0.0188605 -0.000957854
 -0.00754751            0   0.00889436    0.0240688
  -0.0188605  -0.00889436            0   -0.0365879
 0.000957854   -0.0240688    0.0365879            0
Repeater1[0]<--->HoM1[0]
REAL
   0.392318  -0.0206741  0.00052468    0.281259
 -0.0206741    0.116598 -0.00924416 -0.00354036
 0.00052468 -0.00924416   0.0877915   0.0140396
   0.281259 -0.00354036   0.0140396    0.403292
IMAGINARY
          0   0.0027933   0.0133788  0.00834651
 -0.0027933           0 -0.00641601  -0.0049989
 -0.0133788  0.00641601           0   0.0027933
-0.00834651   0.0049989  -0.0027933           0
EndNode1[0]<--->Repeater1[0]
REAL
   0.377525  -0.0249089  -0.0235495    0.304614
 -0.0249089    0.113636 0.000614379  -0.0254701
 -0.0235495 0.000614379    0.107323   -0.012346
   0.304614  -0.0254701   -0.012346    0.401515
IMAGINARY
          0 -0.00447619  0.00786701   0.0164661
 0.00447619           0 -0.00686303 -0.00120035
-0.00786701  0.00686303           0  0.00980952
 -0.0164661  0.00120035 -0.00980952           0
EndNode2[0]<--->HoM1[0]
REAL
   0.388325    0.003663  0.00142557    0.282452
   0.003663    0.101523  -0.0144231 -0.00743519
 0.00142557  -0.0144231   0.0989848   0.0155678
   0.282452 -0.00743519   0.0155678    0.411168
IMAGINARY
          0  -0.0163746   0.0099806    0.024938
  0.0163746           0  0.00137779   0.0173632
 -0.0099806 -0.00137779           0  -0.0109692
  -0.024938  -0.0173632   0.0109692           0
Repeater1[0]<--->EndNode1[0]
REAL
   0.377525  -0.0235495  -0.0249089    0.304614
 -0.0235495    0.107323 0.000614379   -0.012346
 -0.0249089 0.000614379    0.113636  -0.0254701
   0.304614   -0.012346  -0.0254701    0.401515
IMAGINARY
          0  0.00786701 -0.00447619   0.0164661
-0.00786701           0  0.00686303  0.00980952
 0.00447619 -0.00686303           0 -0.00120035
 -0.0164661 -0.00980952  0.00120035           0
Repeater1[0]<--->HoM1[0]
REAL
   0.388325  0.00142557    0.003663    0.282452
 0.00142557   0.0989848  -0.0144231   0.0155678
   0.003663  -0.0144231    0.101523 -0.00743519
   0.282452   0.0155678 -0.00743519    0.411168
IMAGINARY
          0   0.0099806  -0.0163746    0.024938
 -0.0099806           0 -0.00137779  -0.0109692
  0.0163746  0.00137779           0   0.0173632
  -0.024938   0.0109692  -0.0173632           0
EndNode1[0]<--->Repeater1[0]
REAL
   0.389175 -0.00751798   0.0222319    0.290874
-0.00751798   0.0940722 -0.00861554  0.00196164
  0.0222319 -0.00861554    0.117268   0.0209588
   0.290874  0.00196164   0.0209588    0.399485
IMAGINARY
          0  -0.0268421  0.00451471  0.00118416
  0.0268421           0    0.026628 -0.00132186
-0.00451471   -0.026628           0  -0.0210506
-0.00118416  0.00132186   0.0210506           0
EndNode2[0]<--->HoM1[0]
REAL
   0.38992 -0.0093729 0.00826972   0.273992
-0.0093729   0.104775 -0.0119055 0.00826972
0.00826972 -0.0119055   0.100796  0.0119174
  0.273992 0.00826972  0.0119174   0.404509
IMAGINARY
          0 -0.00137247 -0.00134539 -0.00865048
 0.00137247           0   0.0158778  -0.0204495
 0.00134539  -0.0158778           0   -0.011448
 0.00865048   0.0204495    0.011448           0
Repeater1[0]<--->EndNode1[0]
REAL
   0.389175   0.0222319 -0.00751798    0.290874
  0.0222319    0.117268 -0.00861554   0.0209588
-0.00751798 -0.00861554   0.0940722  0.00196164
   0.290874   0.0209588  0.00196164    0.399485
IMAGINARY
          0  0.00451471  -0.0268421  0.00118416
-0.00451471           0   -0.026628  -0.0210506
  0.0268421    0.026628           0 -0.00132186
-0.00118416   0.0210506  0.00132186           0
Repeater1[0]<--->HoM1[0]
REAL
   0.38992 0.00826972 -0.0093729   0.273992
0.00826972   0.100796 -0.0119055  0.0119174
-0.0093729 -0.0119055   0.104775 0.00826972
  0.273992  0.0119174 0.00826972   0.404509
IMAGINARY
          0 -0.00134539 -0.00137247 -0.00865048
 0.00134539           0  -0.0158778   -0.011448
 0.00137247   0.0158778           0  -0.0204495
 0.00865048    0.011448   0.0204495           0
EndNode1[0]<--->Repeater1[0]
REAL
    0.380145    0.0294455    0.0169693       0.2683
   0.0294455     0.112591 -0.000271291   -0.0025462
   0.0169693 -0.000271291     0.105327  -0.00660894
      0.2683   -0.0025462  -0.00660894     0.401937
IMAGINARY
           0   -0.0050091  -0.00571893   0.00687001
   0.0050091            0  -0.00379498   0.00143322
  0.00571893   0.00379498            0  0.000723385
 -0.00687001  -0.00143322 -0.000723385            0
EndNode2[0]<--->HoM1[0]
REAL
   0.374702  -0.0049561   0.0199586    0.298806
 -0.0049561    0.112172   0.0204553 -0.00808521
  0.0199586   0.0204553    0.103819  -0.0135136
   0.298806 -0.00808521  -0.0135136    0.409308
IMAGINARY
          0 -0.00235901  -0.0115356  -0.0187976
 0.00235901           0  0.00587771   0.0166902
  0.0115356 -0.00587771           0  -0.0131049
  0.0187976  -0.0166902   0.0131049           0
Repeater1[0]<--->EndNode1[0]
REAL
    0.380145    0.0169693    0.0294455       0.2683
   0.0169693     0.105327 -0.000271291  -0.00660894
   0.0294455 -0.000271291     0.112591   -0.0025462
      0.2683  -0.00660894   -0.0025462     0.401937
IMAGINARY
           0  -0.00571893   -0.0050091   0.00687001
  0.00571893            0   0.00379498  0.000723385
   0.0050091  -0.00379498            0   0.00143322
 -0.00687001 -0.000723385  -0.00143322            0
Repeater1[0]<--->HoM1[0]
REAL
   0.374702   0.0199586  -0.0049561    0.298806
  0.0199586    0.103819   0.0204553  -0.0135136
 -0.0049561   0.0204553    0.112172 -0.00808521
   0.298806  -0.0135136 -0.00808521    0.409308
IMAGINARY
          0  -0.0115356 -0.00235901  -0.0187976
  0.0115356           0 -0.00587771  -0.0131049
 0.00235901  0.00587771           0   0.0166902
  0.0187976   0.0131049  -0.0166902           0
EndNode1[0]<--->Repeater1[0]
REAL
   0.403023  -0.0195648 -0.00746389    0.283037
 -0.0195648    0.103275   0.0135106  -0.0326101
-0.00746389   0.0135106    0.103275    -0.01681
   0.283037  -0.0326101    -0.01681    0.390428
IMAGINARY
          0 -0.00520471  -0.0159564  0.00280596
 0.00520471           0  -0.0119205 -0.00645073
  0.0159564   0.0119205           0  0.00200368
-0.00280596  0.00645073 -0.00200368           0
EndNode2[0]<--->HoM1[0]
REAL
   0.356944 -0.00196151  -0.0104218    0.279327
-0.00196151    0.130556 -0.00730583 5.90967e-05
 -0.0104218 -0.00730583    0.105556   0.0123242
   0.279327 5.90967e-05   0.0123242    0.406944
IMAGINARY
          0 -0.00270853 -0.00599449   0.0103469
 0.00270853           0  0.00844095  0.00727984
 0.00599449 -0.00844095           0  0.00399388
 -0.0103469 -0.00727984 -0.00399388           0
Repeater1[0]<--->EndNode1[0]
REAL
   0.403023 -0.00746389  -0.0195648    0.283037
-0.00746389    0.103275   0.0135106    -0.01681
 -0.0195648   0.0135106    0.103275  -0.0326101
   0.283037    -0.01681  -0.0326101    0.390428
IMAGINARY
          0  -0.0159564 -0.00520471  0.00280596
  0.0159564           0   0.0119205  0.00200368
 0.00520471  -0.0119205           0 -0.00645073
-0.00280596 -0.00200368  0.00645073           0
Repeater1[0]<--->HoM1[0]
REAL
   0.356944  -0.0104218 -0.00196151    0.279327
 -0.0104218    0.105556 -0.00730583   0.0123242
-0.00196151 -0.00730583    0.130556 5.90967e-05
   0.279327   0.0123242 5.90967e-05    0.406944
IMAGINARY
          0 -0.00599449 -0.00270853   0.0103469
 0.00599449           0 -0.00844095  0.00399388
 0.00270853  0.00844095           0  0.00727984
 -0.0103469 -0.00399388 -0.00727984           0
EndNode1[0]<--->Repeater1[0]
REAL
   0.397878   0.0108815 -0.00965536    0.280574
  0.0108815    0.127321   0.0107535   0.0191405
-0.00965536   0.0107535   0.0822281   0.0121537
   0.280574   0.0191405   0.0121537    0.392573
IMAGINARY
          0 -0.00593208 -0.00380703   0.0210632
 0.00593208           0  0.00551912  0.00764335
 0.00380703 -0.00551912           0   0.0097684
 -0.0210632 -0.00764335  -0.0097684           0
EndNode2[0]<--->HoM1[0]
REAL
   0.392132  -0.0125261   0.0123097    0.288241
 -0.0125261    0.101523 0.000676719  -0.0215445
  0.0123097 0.000676719    0.121827 -0.00990138
   0.288241  -0.0215445 -0.00990138    0.384518
IMAGINARY
           0   -0.0133017   0.00348431   -0.0120722
   0.0133017            0    0.0071094  0.000401698
 -0.00348431   -0.0071094            0   -0.0113097
   0.0120722 -0.000401698    0.0113097            0
Repeater1[0]<--->EndNode1[0]
REAL
   0.397878 -0.00965536   0.0108815    0.280574
-0.00965536   0.0822281   0.0107535   0.0121537
  0.0108815   0.0107535    0.127321   0.0191405
   0.280574   0.0121537   0.0191405    0.392573
IMAGINARY
          0 -0.00380703 -0.00593208   0.0210632
 0.00380703           0 -0.00551912   0.0097684
 0.00593208  0.00551912           0  0.00764335
 -0.0210632  -0.0097684 -0.00764335           0
Repeater1[0]<--->HoM1[0]
REAL
   0.392132   0.0123097  -0.0125261    0.288241
  0.0123097    0.121827 0.000676719 -0.00990138
 -0.0125261 0.000676719    0.101523  -0.0215445
   0.288241 -0.00990138  -0.0215445    0.384518
IMAGINARY
           0   0.00348431   -0.0133017   -0.0120722
 -0.00348431            0   -0.0071094   -0.0113097
   0.0133017    0.0071094            0  0.000401698
   0.0120722    0.0113097 -0.000401698            0
EndNode1[0]<--->Repeater1[0]
REAL
   0.409211  -0.0230217 -0.00156048    0.277376
 -0.0230217    0.103947 -0.00512435   -0.018073
-0.00156048 -0.00512435   0.0894737  0.00862383
   0.277376   -0.018073  0.00862383    0.397368
IMAGINARY
           0    -0.012443    0.0103169   0.00348886
    0.012443            0 -0.000924758   0.00968314
  -0.0103169  0.000924758            0 -5.70404e-05
 -0.00348886  -0.00968314  5.70404e-05            0
EndNode2[0]<--->HoM1[0]
REAL
   0.377333    0.014436  0.00444293    0.284106
   0.014436       0.116  0.00035483  -0.0107086
 0.00444293  0.00035483    0.121333 -0.00817036
   0.284106  -0.0107086 -0.00817036    0.385333
IMAGINARY
          0   0.0151133  -0.0181567  -0.0051505
 -0.0151133           0 -0.00321501  -0.0111145
  0.0181567  0.00321501           0   0.0105737
  0.0051505   0.0111145  -0.0105737           0
Repeater1[0]<--->EndNode1[0]
REAL
   0.409211 -0.00156048  -0.0230217    0.277376
-0.00156048   0.0894737 -0.00512435  0.00862383
 -0.0230217 -0.00512435    0.103947   -0.018073
   0.277376  0.00862383   -0.018073    0.397368
IMAGINARY
           0    0.0103169    -0.012443   0.00348886
  -0.0103169            0  0.000924758 -5.70404e-05
    0.012443 -0.000924758            0   0.00968314
 -0.00348886  5.70404e-05  -0.00968314            0
Repeater1[0]<--->HoM1[0]
REAL
   0.377333  0.00444293    0.014436    0.284106
 0.00444293    0.121333  0.00035483 -0.00817036
   0.014436  0.00035483       0.116  -0.0107086
   0.284106 -0.00817036  -0.0107086    0.385333
IMAGINARY
          0  -0.0181567   0.0151133  -0.0051505
  0.0181567           0  0.00321501   0.0105737
 -0.0151133 -0.00321501           0  -0.0111145
  0.0051505  -0.0105737   0.0111145           0
EndNode1[0]<--->Repeater1[0]
REAL
   0.421777   0.0173764 -0.00993875    0.288578
  0.0173764   0.0938673 -0.00503374  0.00360964
-0.00993875 -0.00503374    0.105131  0.00540836
   0.288578  0.00360964  0.00540836    0.379224
IMAGINARY
          0  0.00434251  0.00492795  0.00570259
-0.00434251           0   0.0120639   0.0122711
-0.00492795  -0.0120639           0  -0.0190845
-0.00570259  -0.0122711   0.0190845           0
EndNode2[0]<--->HoM1[0]
REAL
    0.398438    0.0049889  -0.00682484     0.281139
   0.0049889    0.0963542 -0.000845696    0.0168115
 -0.00682484 -0.000845696     0.109375    0.0116556
    0.281139    0.0168115    0.0116556     0.395833
IMAGINARY
          0  0.00771514 -0.00359614   0.0101842
-0.00771514           0  -0.0108132   0.0205674
 0.00359614   0.0108132           0  -0.0103261
 -0.0101842  -0.0205674   0.0103261           0
Repeater1[0]<--->EndNode1[0]
REAL
   0.421777 -0.00993875   0.0173764    0.288578
-0.00993875    0.105131 -0.00503374  0.00540836
  0.0173764 -0.00503374   0.0938673  0.00360964
   0.288578  0.00540836  0.00360964    0.379224
IMAGINARY
          0  0.00492795  0.00434251  0.00570259
-0.00492795           0  -0.0120639  -0.0190845
-0.00434251   0.0120639           0   0.0122711
-0.00570259   0.0190845  -0.0122711           0
Repeater1[0]<--->HoM1[0]
REAL
    0.398438  -0.00682484    0.0049889     0.281139
 -0.00682484     0.109375 -0.000845696    0.0116556
   0.0049889 -0.000845696    0.0963542    0.0168115
    0.281139    0.0116556    0.0168115     0.395833
IMAGINARY
          0 -0.00359614  0.00771514   0.0101842
 0.00359614           0   0.0108132  -0.0103261
-0.00771514  -0.0108132           0   0.0205674
 -0.0101842   0.0103261  -0.0205674           0
EndNode1[0]<--->Repeater1[0]
REAL
    0.38946  -0.0081377  0.00168341     0.29209
 -0.0081377    0.104113  -0.0145929 -0.00357975
 0.00168341  -0.0145929    0.101542  -0.0114578
    0.29209 -0.00357975  -0.0114578    0.404884
IMAGINARY
           0  -0.00437218   0.00640008    -0.005582
  0.00437218            0 -0.000667998   -0.0123667
 -0.00640008  0.000667998            0   -0.0015944
    0.005582    0.0123667    0.0015944            0
EndNode2[0]<--->HoM1[0]
REAL
   0.369987  -0.0111096 -0.00402571    0.269133
 -0.0111096   0.0944373 -0.00621955  0.00336346
-0.00402571 -0.00621955    0.104787   0.0276659
   0.269133  0.00336346   0.0276659    0.430789
IMAGINARY
          0  -0.0133786 -0.00563188 -0.00399836
  0.0133786           0   0.0156867  0.00242264
 0.00563188  -0.0156867           0  -0.0078024
 0.00399836 -0.00242264   0.0078024           0
Repeater1[0]<--->EndNode1[0]
REAL
    0.38946  0.00168341  -0.0081377     0.29209
 0.00168341    0.101542  -0.0145929  -0.0114578
 -0.0081377  -0.0145929    0.104113 -0.00357975
    0.29209  -0.0114578 -0.00357975    0.404884
IMAGINARY
           0   0.00640008  -0.00437218    -0.005582
 -0.00640008            0  0.000667998   -0.0015944
  0.00437218 -0.000667998            0   -0.0123667
    0.005582    0.0015944    0.0123667            0
Repeater1[0]<--->HoM1[0]
REAL
   0.369987 -0.00402571  -0.0111096    0.269133
-0.00402571    0.104787 -0.00621955   0.0276659
 -0.0111096 -0.00621955   0.0944373  0.00336346
   0.269133   0.0276659  0.00336346    0.430789
IMAGINARY
          0 -0.00563188  -0.0133786 -0.00399836
 0.00563188           0  -0.0156867  -0.0078024
  0.0133786   0.0156867           0  0.00242264
 0.00399836   0.0078024 -0.00242264           0
EndNode1[0]<--->Repeater1[0]
REAL
    0.381258 -0.000450516  -0.00374778     0.286604
-0.000450516     0.109114    -0.020107  -0.00894258
 -0.00374778    -0.020107     0.116816    0.0106028
    0.286604  -0.00894258    0.0106028     0.392811
IMAGINARY
          0  -0.0046817  -0.0166891   0.0073647
  0.0046817           0  0.00145142   0.0307831
  0.0166891 -0.00145142           0 -0.00404313
 -0.0073647  -0.0307831  0.00404313           0
EndNode2[0]<--->HoM1[0]
REAL
    0.399494  -0.00660502  -0.00718115     0.289276
 -0.00660502     0.118837   -0.0125257 -8.43738e-05
 -0.00718115   -0.0125257      0.10493   -0.0310436
    0.289276 -8.43738e-05   -0.0310436     0.376738
IMAGINARY
          0  -0.0088169   0.0163849  0.00106083
  0.0088169           0 -0.00891423  -0.0028714
 -0.0163849  0.00891423           0   0.0081734
-0.00106083   0.0028714  -0.0081734           0
Repeater1[0]<--->EndNode1[0]
REAL
    0.381258  -0.00374778 -0.000450516     0.286604
 -0.00374778     0.116816    -0.020107    0.0106028
-0.000450516    -0.020107     0.109114  -0.00894258
    0.286604    0.0106028  -0.00894258     0.392811
IMAGINARY
          0  -0.0166891  -0.0046817   0.0073647
  0.0166891           0 -0.00145142 -0.00404313
  0.0046817  0.00145142           0   0.0307831
 -0.0073647  0.00404313  -0.0307831           0
Repeater1[0]<--->HoM1[0]
REAL
    0.399494  -0.00718115  -0.00660502     0.289276
 -0.00718115      0.10493   -0.0125257   -0.0310436
 -0.00660502   -0.0125257     0.118837 -8.43738e-05
    0.289276   -0.0310436 -8.43738e-05     0.376738
IMAGINARY
          0   0.0163849  -0.0088169  0.00106083
 -0.0163849           0  0.00891423   0.0081734
  0.0088169 -0.00891423           0  -0.0028714
-0.00106083  -0.0081734   0.0028714           0
EndNode1[0]<--->Repeater1[0]
REAL
  0.387985 -0.0197266 -0.0030413   0.274023
-0.0197266   0.105131 0.00460274 -0.0249485
-0.0030413 0.00460274   0.113892 -0.0184413
  0.274023 -0.0249485 -0.0184413   0.392991
IMAGINARY
          0  -0.0165005  -0.0138871 -0.00332547
  0.0165005           0    -0.04139    0.024368
  0.0138871     0.04139           0 -0.00261166
 0.00332547   -0.024368  0.00261166           0
EndNode2[0]<--->HoM1[0]
REAL
   0.365793  0.00191246  0.00209826    0.288552
 0.00191246   0.0998752   0.0203649 -0.00655686
 0.00209826   0.0203649    0.114856  0.00127225
   0.288552 -0.00655686  0.00127225    0.419476
IMAGINARY
          0  0.00242086   0.0165086  -0.0175968
-0.00242086           0  -0.0122634 -0.00479466
 -0.0165086   0.0122634           0  -0.0166009
  0.0175968  0.00479466   0.0166009           0
Repeater1[0]<--->EndNode1[0]
REAL
  0.387985 -0.0030413 -0.0197266   0.274023
-0.0030413   0.113892 0.00460274 -0.0184413
-0.0197266 0.00460274   0.105131 -0.0249485
  0.274023 -0.0184413 -0.0249485   0.392991
IMAGINARY
          0  -0.0138871  -0.0165005 -0.00332547
  0.0138871           0     0.04139 -0.00261166
  0.0165005    -0.04139           0    0.024368
 0.00332547  0.00261166   -0.024368           0
Repeater1[0]<--->HoM1[0]
REAL
   0.365793  0.00209826  0.00191246    0.288552
 0.00209826    0.114856   0.0203649  0.00127225
 0.00191246   0.0203649   0.0998752 -0.00655686
   0.288552  0.00127225 -0.00655686    0.419476
IMAGINARY
          0   0.0165086  0.00242086  -0.0175968
 -0.0165086           0   0.0122634  -0.0166009
-0.00242086  -0.0122634           0 -0.00479466
  0.0175968   0.0166009  0.00479466           0
EndNode1[0]<--->Repeater1[0]
REAL
   0.370277 0.000681812  -0.0172884    0.291068
0.000681812    0.104534 -0.00811213  0.00730174
 -0.0172884 -0.00811213   0.0969773  0.00131553
   0.291068  0.00730174  0.00131553    0.428212
IMAGINARY
          0   0.0179538  0.00637404 -0.00799447
 -0.0179538           0 -0.00990529  0.00182268
-0.00637404  0.00990529           0  0.00527023
 0.00799447 -0.00182268 -0.00527023           0
EndNode2[0]<--->HoM1[0]
REAL
   0.382895 -0.00823635  -0.0119027    0.283923
-0.00823635    0.121053   -0.011077   0.0105973
 -0.0119027   -0.011077    0.110526   -0.003513
   0.283923   0.0105973   -0.003513    0.385526
IMAGINARY
          0  0.00777244   -0.013227   0.0105907
-0.00777244           0 -0.00432501 -0.00302296
   0.013227  0.00432501           0  -0.0140224
 -0.0105907  0.00302296   0.0140224           0
Repeater1[0]<--->EndNode1[0]
REAL
   0.370277  -0.0172884 0.000681812    0.291068
 -0.0172884   0.0969773 -0.00811213  0.00131553
0.000681812 -0.00811213    0.104534  0.00730174
   0.291068  0.00131553  0.00730174    0.428212
IMAGINARY
          0  0.00637404   0.0179538 -0.00799447
-0.00637404           0  0.00990529  0.00527023
 -0.0179538 -0.00990529           0  0.00182268
 0.00799447 -0.00527023 -0.00182268           0
Repeater1[0]<--->HoM1[0]
REAL
   0.382895  -0.0119027 -0.00823635    0.283923
 -0.0119027    0.110526   -0.011077   -0.003513
-0.00823635   -0.011077    0.121053   0.0105973
   0.283923   -0.003513   0.0105973    0.385526
IMAGINARY
          0   -0.013227  0.00777244   0.0105907
   0.013227           0  0.00432501  -0.0140224
-0.00777244 -0.00432501           0 -0.00302296
 -0.0105907   0.0140224  0.00302296           0
EndNode1[0]<--->Repeater1[0]
REAL
   0.398148  0.00480251   0.0114669    0.290554
 0.00480251    0.103175 -0.00745142  0.00429607
  0.0114669 -0.00745142    0.108466   0.0260928
   0.290554  0.00429607   0.0260928    0.390212
IMAGINARY
          0  0.00335568  -0.0174145  -0.0154653
-0.00335568           0   0.0070347   0.0161676
  0.0174145  -0.0070347           0  -0.0021088
  0.0154653  -0.0161676   0.0021088           0
EndNode2[0]<--->HoM1[0]
REAL
   0.389253  -0.0100214   0.0115771    0.285056
 -0.0100214   0.0943644  0.00168035 0.000776599
  0.0115771  0.00168035   0.0969856  -0.0062335
   0.285056 0.000776599  -0.0062335    0.419397
IMAGINARY
          0   0.0104808   0.0130655   0.0110099
 -0.0104808           0    0.023081  -0.0181033
 -0.0130655   -0.023081           0 -0.00292408
 -0.0110099   0.0181033  0.00292408           0
Repeater1[0]<--->EndNode1[0]
REAL
   0.398148   0.0114669  0.00480251    0.290554
  0.0114669    0.108466 -0.00745142   0.0260928
 0.00480251 -0.00745142    0.103175  0.00429607
   0.290554   0.0260928  0.00429607    0.390212
IMAGINARY
          0  -0.0174145  0.00335568  -0.0154653
  0.0174145           0  -0.0070347  -0.0021088
-0.00335568   0.0070347           0   0.0161676
  0.0154653   0.0021088  -0.0161676           0
Repeater1[0]<--->HoM1[0]
REAL
   0.389253   0.0115771  -0.0100214    0.285056
  0.0115771   0.0969856  0.00168035  -0.0062335
 -0.0100214  0.00168035   0.0943644 0.000776599
   0.285056  -0.0062335 0.000776599    0.419397
IMAGINARY
          0   0.0130655   0.0104808   0.0110099
 -0.0130655           0   -0.023081 -0.00292408
 -0.0104808    0.023081           0  -0.0181033
 -0.0110099  0.00292408   0.0181033           0
EndNode1[0]<--->Repeater1[0]
REAL
    0.387483  -0.00291748    0.0148171      0.28355
 -0.00291748     0.111851   0.00838709   -0.0154672
   0.0148171   0.00838709     0.129161 -0.000333498
     0.28355   -0.0154672 -0.000333498     0.371505
IMAGINARY
          0  0.00620145  -0.0161752   0.0131731
-0.00620145           0   0.0144651   -0.023694
  0.0161752  -0.0144651           0   0.0179816
 -0.0131731    0.023694  -0.0179816           0
EndNode2[0]<--->HoM1[0]
REAL
