EndNode1[0]<--->Repeater1[0]
REAL
   0.467866  0.00561332  -0.0037696    0.231214
 0.00561332   0.0514139 -0.00461266  0.00130654
 -0.0037696 -0.00461266   0.0372751 -0.00807638
   0.231214  0.00130654 -0.00807638    0.443445
IMAGINARY
           0   -0.0032128 -0.000405456    0.0178425
   0.0032128            0   0.00158759   -0.0122604
 0.000405456  -0.00158759            0    0.0267351
  -0.0178425    0.0122604   -0.0267351            0
EndNode2[0]<--->HoM1[0]
REAL
   0.418605  0.00515937 -0.00467896    0.283395
 0.00515937   0.0574555 -0.00349047  0.00587513
-0.00467896 -0.00349047   0.0588235  0.00321384
   0.283395  0.00587513  0.00321384    0.465116
IMAGINARY
          0 -0.00156515   0.0169171  0.00772972
 0.00156515           0  0.00212573 -0.00493724
 -0.0169171 -0.00212573           0  -0.0192419
-0.00772972  0.00493724   0.0192419           0
Repeater1[0]<--->EndNode1[0]
REAL
   0.467866  -0.0037696  0.00561332    0.231214
 -0.0037696   0.0372751 -0.00461266 -0.00807638
 0.00561332 -0.00461266   0.0514139  0.00130654
   0.231214 -0.00807638  0.00130654    0.443445
IMAGINARY
           0 -0.000405456   -0.0032128    0.0178425
 0.000405456            0  -0.00158759    0.0267351
   0.0032128   0.00158759            0   -0.0122604
  -0.0178425   -0.0267351    0.0122604            0
Repeater1[0]<--->HoM1[0]
REAL
   0.418605 -0.00467896  0.00515937    0.283395
-0.00467896   0.0588235 -0.00349047  0.00321384
 0.00515937 -0.00349047   0.0574555  0.00587513
   0.283395  0.00321384  0.00587513    0.465116
IMAGINARY
          0   0.0169171 -0.00156515  0.00772972
 -0.0169171           0 -0.00212573  -0.0192419
 0.00156515  0.00212573           0 -0.00493724
-0.00772972   0.0192419  0.00493724           0
EndNode1[0]<--->Repeater1[0]
REAL
    0.434949   -0.0182859     0.010747     0.269358
  -0.0182859    0.0522959  -0.00207067 -0.000108693
    0.010747  -0.00207067     0.065051   -0.0202779
    0.269358 -0.000108693   -0.0202779     0.447704
IMAGINARY
          0    0.018055 -0.00963984   0.0102079
  -0.018055           0   0.0169729   0.0161334
 0.00963984  -0.0169729           0 -0.00636664
 -0.0102079  -0.0161334  0.00636664           0
EndNode2[0]<--->HoM1[0]
REAL
  0.442332 -0.0133407 -0.0170166   0.254563
-0.0133407  0.0570342 0.00746592 -0.0265465
-0.0170166 0.00746592  0.0506971  -0.015918
  0.254563 -0.0265465  -0.015918   0.449937
IMAGINARY
           0   0.00481402  -0.00355585  0.000115583
 -0.00481402            0  -0.00751801  -0.00741189
  0.00355585   0.00751801            0   -0.0196527
-0.000115583   0.00741189    0.0196527            0
Repeater1[0]<--->EndNode1[0]
REAL
    0.434949     0.010747   -0.0182859     0.269358
    0.010747     0.065051  -0.00207067   -0.0202779
  -0.0182859  -0.00207067    0.0522959 -0.000108693
    0.269358   -0.0202779 -0.000108693     0.447704
IMAGINARY
          0 -0.00963984    0.018055   0.0102079
 0.00963984           0  -0.0169729 -0.00636664
  -0.018055   0.0169729           0   0.0161334
 -0.0102079  0.00636664  -0.0161334           0
Repeater1[0]<--->HoM1[0]
REAL
  0.442332 -0.0170166 -0.0133407   0.254563
-0.0170166  0.0506971 0.00746592  -0.015918
-0.0133407 0.00746592  0.0570342 -0.0265465
  0.254563  -0.015918 -0.0265465   0.449937
IMAGINARY
           0  -0.00355585   0.00481402  0.000115583
  0.00355585            0   0.00751801   -0.0196527
 -0.00481402  -0.00751801            0  -0.00741189
-0.000115583    0.0196527   0.00741189            0
EndNode1[0]<--->Repeater1[0]
REAL
   0.436637   0.0149714  0.00476756    0.250517
  0.0149714   0.0690088 -0.00271285  -0.0028855
 0.00476756 -0.00271285   0.0464241 -0.00932525
   0.250517  -0.0028855 -0.00932525     0.44793
IMAGINARY
           0  0.000194284  -0.00373127   -0.0144289
-0.000194284            0   -0.0125421   -0.0130646
  0.00373127    0.0125421            0    0.0127256
   0.0144289    0.0130646   -0.0127256            0
EndNode2[0]<--->HoM1[0]
REAL
   0.428954 -0.00466737 -0.00842653    0.251452
-0.00466737   0.0576408  0.00523944   0.0145093
-0.00842653  0.00523944   0.0536193  -0.0208801
   0.251452   0.0145093  -0.0208801    0.459786
IMAGINARY
           0  0.000902562  -0.00581962   -0.0050516
-0.000902562            0    -0.021758   -0.0105945
  0.00581962     0.021758            0      0.02435
   0.0050516    0.0105945     -0.02435            0
Repeater1[0]<--->EndNode1[0]
REAL
   0.436637  0.00476756   0.0149714    0.250517
 0.00476756   0.0464241 -0.00271285 -0.00932525
  0.0149714 -0.00271285   0.0690088  -0.0028855
   0.250517 -0.00932525  -0.0028855     0.44793
IMAGINARY
           0  -0.00373127  0.000194284   -0.0144289
  0.00373127            0    0.0125421    0.0127256
-0.000194284   -0.0125421            0   -0.0130646
   0.0144289   -0.0127256    0.0130646            0
Repeater1[0]<--->HoM1[0]
REAL
   0.428954 -0.00842653 -0.00466737    0.251452
-0.00842653   0.0536193  0.00523944  -0.0208801
-0.00466737  0.00523944   0.0576408   0.0145093
   0.251452  -0.0208801   0.0145093    0.459786
IMAGINARY
           0  -0.00581962  0.000902562   -0.0050516
  0.00581962            0     0.021758      0.02435
-0.000902562    -0.021758            0   -0.0105945
   0.0050516     -0.02435    0.0105945            0
EndNode1[0]<--->Repeater1[0]
REAL
   0.418275    0.012743   0.0149351    0.254725
   0.012743   0.0746461  -0.0105688   0.0292208
  0.0149351  -0.0105688   0.0514801 -0.00105466
   0.254725   0.0292208 -0.00105466    0.455598
IMAGINARY
           0   0.00123448  0.000896098   0.00586282
 -0.00123448            0   0.00521932   0.00971564
-0.000896098  -0.00521932            0  -0.00435558
 -0.00586282  -0.00971564   0.00435558            0
EndNode2[0]<--->HoM1[0]
REAL
    0.443128   0.00924677   -0.0123459     0.245803
  0.00924677    0.0699052  -0.00480552 -0.000119431
  -0.0123459  -0.00480552    0.0521327   -0.0037066
    0.245803 -0.000119431   -0.0037066     0.434834
IMAGINARY
          0 -0.00249353   0.0190794    -0.01191
 0.00249353           0  -0.0158678 -0.00448083
 -0.0190794   0.0158678           0  -0.0133216
    0.01191  0.00448083   0.0133216           0
Repeater1[0]<--->EndNode1[0]
REAL
   0.418275   0.0149351    0.012743    0.254725
  0.0149351   0.0514801  -0.0105688 -0.00105466
   0.012743  -0.0105688   0.0746461   0.0292208
   0.254725 -0.00105466   0.0292208    0.455598
IMAGINARY
           0  0.000896098   0.00123448   0.00586282
-0.000896098            0  -0.00521932  -0.00435558
 -0.00123448   0.00521932            0   0.00971564
 -0.00586282   0.00435558  -0.00971564            0
Repeater1[0]<--->HoM1[0]
REAL
    0.443128   -0.0123459   0.00924677     0.245803
  -0.0123459    0.0521327  -0.00480552   -0.0037066
  0.00924677  -0.00480552    0.0699052 -0.000119431
    0.245803   -0.0037066 -0.000119431     0.434834
IMAGINARY
          0   0.0190794 -0.00249353    -0.01191
 -0.0190794           0   0.0158678  -0.0133216
 0.00249353  -0.0158678           0 -0.00448083
    0.01191   0.0133216  0.00448083           0
EndNode1[0]<--->Repeater1[0]
REAL
   0.453972  0.00242863 -0.00870899    0.261798
 0.00242863   0.0517024 -0.00713142   -0.019291
-0.00870899 -0.00713142   0.0643127  0.00423804
   0.261798   -0.019291  0.00423804    0.430013
IMAGINARY
           0  -0.00609477   0.00162971  3.17338e-05
  0.00609477            0   0.00191379   0.00228674
 -0.00162971  -0.00191379            0   0.00870574
-3.17338e-05  -0.00228674  -0.00870574            0
EndNode2[0]<--->HoM1[0]
REAL
    0.432225  -0.00628168 -0.000938407     0.246797
 -0.00628168    0.0575448   0.00169887    0.0219974
-0.000938407   0.00169887    0.0588235    0.0261373
    0.246797    0.0219974    0.0261373     0.451407
IMAGINARY
          0  0.00989717   -0.010277  -0.0107991
-0.00989717           0 -0.00554972  0.00962345
   0.010277  0.00554972           0 -0.00793638
  0.0107991 -0.00962345  0.00793638           0
Repeater1[0]<--->EndNode1[0]
REAL
   0.453972 -0.00870899  0.00242863    0.261798
-0.00870899   0.0643127 -0.00713142  0.00423804
 0.00242863 -0.00713142   0.0517024   -0.019291
   0.261798  0.00423804   -0.019291    0.430013
IMAGINARY
           0   0.00162971  -0.00609477  3.17338e-05
 -0.00162971            0  -0.00191379   0.00870574
  0.00609477   0.00191379            0   0.00228674
-3.17338e-05  -0.00870574  -0.00228674            0
Repeater1[0]<--->HoM1[0]
REAL
    0.432225 -0.000938407  -0.00628168     0.246797
-0.000938407    0.0588235   0.00169887    0.0261373
 -0.00628168   0.00169887    0.0575448    0.0219974
    0.246797    0.0261373    0.0219974     0.451407
IMAGINARY
          0   -0.010277  0.00989717  -0.0107991
   0.010277           0  0.00554972 -0.00793638
-0.00989717 -0.00554972           0  0.00962345
  0.0107991  0.00793638 -0.00962345           0
EndNode1[0]<--->Repeater1[0]
REAL
   0.453815  -0.0135312  -0.0332123    0.272835
 -0.0135312   0.0495315 -0.00197412 -0.00188702
 -0.0332123 -0.00197412   0.0535475 -0.00170058
   0.272835 -0.00188702 -0.00170058    0.443106
IMAGINARY
          0   0.0158712   0.0193497   0.0120767
 -0.0158712           0  0.00939571 -0.00153801
 -0.0193497 -0.00939571           0  -0.0120544
 -0.0120767  0.00153801   0.0120544           0
EndNode2[0]<--->HoM1[0]
REAL
    0.44321 -0.00328084  -0.0149384    0.265051
-0.00328084    0.054321  -0.0104332   0.0175769
 -0.0149384  -0.0104332   0.0703704  0.00328084
   0.265051   0.0175769  0.00328084    0.432099
IMAGINARY
           0  -0.00768783    0.0230331   -0.0141375
  0.00768783            0   -0.0491115   -0.0172266
  -0.0230331    0.0491115            0 -0.000699266
   0.0141375    0.0172266  0.000699266            0
Repeater1[0]<--->EndNode1[0]
REAL
   0.453815  -0.0332123  -0.0135312    0.272835
 -0.0332123   0.0535475 -0.00197412 -0.00170058
 -0.0135312 -0.00197412   0.0495315 -0.00188702
   0.272835 -0.00170058 -0.00188702    0.443106
IMAGINARY
          0   0.0193497   0.0158712   0.0120767
 -0.0193497           0 -0.00939571  -0.0120544
 -0.0158712  0.00939571           0 -0.00153801
 -0.0120767   0.0120544  0.00153801           0
Repeater1[0]<--->HoM1[0]
REAL
    0.44321  -0.0149384 -0.00328084    0.265051
 -0.0149384   0.0703704  -0.0104332  0.00328084
-0.00328084  -0.0104332    0.054321   0.0175769
   0.265051  0.00328084   0.0175769    0.432099
IMAGINARY
           0    0.0230331  -0.00768783   -0.0141375
  -0.0230331            0    0.0491115 -0.000699266
  0.00768783   -0.0491115            0   -0.0172266
   0.0141375  0.000699266    0.0172266            0
EndNode1[0]<--->Repeater1[0]
REAL
    0.424779   -0.0111016   0.00221154     0.252321
  -0.0111016    0.0518331    -0.014346   0.00285175
  0.00221154    -0.014346    0.0594185 -0.000290797
    0.252321   0.00285175 -0.000290797      0.46397
IMAGINARY
          0   0.0227362 -0.00186358 -0.00318406
 -0.0227362           0  0.00253386  -0.0128031
 0.00186358 -0.00253386           0   0.0012638
 0.00318406   0.0128031  -0.0012638           0
EndNode2[0]<--->HoM1[0]
REAL
  0.448829  0.0140115  0.0093188   0.242365
 0.0140115  0.0468557 0.00249583  0.0190972
 0.0093188 0.00249583  0.0653514 -0.0109885
  0.242365  0.0190972 -0.0109885   0.438964
IMAGINARY
           0  0.000272475   -0.0114649  -0.00861184
-0.000272475            0    0.0191659   -0.0127181
   0.0114649   -0.0191659            0    0.0121458
  0.00861184    0.0127181   -0.0121458            0
Repeater1[0]<--->EndNode1[0]
REAL
    0.424779   0.00221154   -0.0111016     0.252321
  0.00221154    0.0594185    -0.014346 -0.000290797
  -0.0111016    -0.014346    0.0518331   0.00285175
    0.252321 -0.000290797   0.00285175      0.46397
IMAGINARY
          0 -0.00186358   0.0227362 -0.00318406
 0.00186358           0 -0.00253386   0.0012638
 -0.0227362  0.00253386           0  -0.0128031
 0.00318406  -0.0012638   0.0128031           0
Repeater1[0]<--->HoM1[0]
REAL
  0.448829  0.0093188  0.0140115   0.242365
 0.0093188  0.0653514 0.00249583 -0.0109885
 0.0140115 0.00249583  0.0468557  0.0190972
  0.242365 -0.0109885  0.0190972   0.438964
IMAGINARY
           0   -0.0114649  0.000272475  -0.00861184
   0.0114649            0   -0.0191659    0.0121458
-0.000272475    0.0191659            0   -0.0127181
  0.00861184   -0.0121458    0.0127181            0
EndNode1[0]<--->Repeater1[0]
REAL
  0.441212   0.013731  0.0151122   0.242066
  0.013731  0.0678788   0.014184 0.00613782
 0.0151122   0.014184  0.0618182   0.016269
  0.242066 0.00613782   0.016269   0.429091
IMAGINARY
          0   0.0128547  -0.0145274   0.0192895
 -0.0128547           0  -0.0218869 -0.00960129
  0.0145274   0.0218869           0   0.0072525
 -0.0192895  0.00960129  -0.0072525           0
EndNode2[0]<--->HoM1[0]
REAL
   0.464334   0.0151797   0.0364304    0.256904
  0.0151797   0.0632571 -0.00101771 0.000124705
  0.0364304 -0.00101771   0.0592194   0.0151797
   0.256904 0.000124705   0.0151797     0.41319
IMAGINARY
          0 -0.00835239  0.00108218 -0.00472205
 0.00835239           0   0.0158623 -0.00805303
-0.00108218  -0.0158623           0   0.0216604
 0.00472205  0.00805303  -0.0216604           0
Repeater1[0]<--->EndNode1[0]
REAL
  0.441212  0.0151122   0.013731   0.242066
 0.0151122  0.0618182   0.014184   0.016269
  0.013731   0.014184  0.0678788 0.00613782
  0.242066   0.016269 0.00613782   0.429091
IMAGINARY
          0  -0.0145274   0.0128547   0.0192895
  0.0145274           0   0.0218869   0.0072525
 -0.0128547  -0.0218869           0 -0.00960129
 -0.0192895  -0.0072525  0.00960129           0
Repeater1[0]<--->HoM1[0]
REAL
   0.464334   0.0364304   0.0151797    0.256904
  0.0364304   0.0592194 -0.00101771   0.0151797
  0.0151797 -0.00101771   0.0632571 0.000124705
   0.256904   0.0151797 0.000124705     0.41319
IMAGINARY
          0  0.00108218 -0.00835239 -0.00472205
-0.00108218           0  -0.0158623   0.0216604
 0.00835239   0.0158623           0 -0.00805303
 0.00472205  -0.0216604  0.00805303           0
EndNode1[0]<--->Repeater1[0]
REAL
    0.43213    0.017108 0.000801543    0.259968
   0.017108   0.0498132  0.00867931   0.0162655
0.000801543  0.00867931   0.0485679   0.0138655
   0.259968   0.0162655   0.0138655    0.469489
IMAGINARY
           0   -0.0090676   0.00522081   0.00186575
   0.0090676            0    0.0117212   0.00766579
 -0.00522081   -0.0117212            0  4.69824e-05
 -0.00186575  -0.00766579 -4.69824e-05            0
EndNode2[0]<--->HoM1[0]
REAL
   0.425648   0.0078329 -0.00347098    0.260318
  0.0078329   0.0695771  0.00730599  0.00869291
-0.00347098  0.00730599   0.0600273   0.0078329
   0.260318  0.00869291   0.0078329    0.444748
IMAGINARY
          0   -0.015467   0.0249073  -0.0123179
   0.015467           0 -0.00901541 -0.00201576
 -0.0249073  0.00901541           0   0.0106477
  0.0123179  0.00201576  -0.0106477           0
Repeater1[0]<--->EndNode1[0]
REAL
    0.43213 0.000801543    0.017108    0.259968
0.000801543   0.0485679  0.00867931   0.0138655
   0.017108  0.00867931   0.0498132   0.0162655
   0.259968   0.0138655   0.0162655    0.469489
IMAGINARY
           0   0.00522081   -0.0090676   0.00186575
 -0.00522081            0   -0.0117212  4.69824e-05
   0.0090676    0.0117212            0   0.00766579
 -0.00186575 -4.69824e-05  -0.00766579            0
Repeater1[0]<--->HoM1[0]
REAL
   0.425648 -0.00347098   0.0078329    0.260318
-0.00347098   0.0600273  0.00730599   0.0078329
  0.0078329  0.00730599   0.0695771  0.00869291
   0.260318   0.0078329  0.00869291    0.444748
IMAGINARY
          0   0.0249073   -0.015467  -0.0123179
 -0.0249073           0  0.00901541   0.0106477
   0.015467 -0.00901541           0 -0.00201576
  0.0123179  -0.0106477  0.00201576           0
EndNode1[0]<--->Repeater1[0]
REAL
   0.451157   0.0140408 -0.00861352    0.263154
  0.0140408   0.0552699 -0.00657469  -0.0137549
-0.00861352 -0.00657469   0.0861183 -0.00351448
   0.263154  -0.0137549 -0.00351448    0.407455
IMAGINARY
          0   0.0151988  0.00825201  -0.0143216
 -0.0151988           0   0.0197238  -0.0412404
-0.00825201  -0.0197238           0   0.0177895
  0.0143216   0.0412404  -0.0177895           0
EndNode2[0]<--->HoM1[0]
REAL
   0.422086   0.0125364  -0.0145816    0.229593
  0.0125364   0.0539877 -0.00959288   0.0126461
 -0.0145816 -0.00959288   0.0625767 -0.00543963
   0.229593   0.0126461 -0.00543963     0.46135
IMAGINARY
          0  0.00739227  0.00424006  0.00701613
-0.00739227           0  0.00508065 -0.00678459
-0.00424006 -0.00508065           0 -0.00357547
-0.00701613  0.00678459  0.00357547           0
Repeater1[0]<--->EndNode1[0]
REAL
   0.451157 -0.00861352   0.0140408    0.263154
-0.00861352   0.0861183 -0.00657469 -0.00351448
  0.0140408 -0.00657469   0.0552699  -0.0137549
   0.263154 -0.00351448  -0.0137549    0.407455
IMAGINARY
          0  0.00825201   0.0151988  -0.0143216
-0.00825201           0  -0.0197238   0.0177895
 -0.0151988   0.0197238           0  -0.0412404
  0.0143216  -0.0177895   0.0412404           0
Repeater1[0]<--->HoM1[0]
REAL
   0.422086  -0.0145816   0.0125364    0.229593
 -0.0145816   0.0625767 -0.00959288 -0.00543963
  0.0125364 -0.00959288   0.0539877   0.0126461
   0.229593 -0.00543963   0.0126461     0.46135
IMAGINARY
          0  0.00424006  0.00739227  0.00701613
-0.00424006           0 -0.00508065 -0.00357547
-0.00739227  0.00508065           0 -0.00678459
-0.00701613  0.00357547  0.00678459           0
EndNode1[0]<--->Repeater1[0]
REAL
   0.419829 -0.00443375  -0.0134589    0.271258
-0.00443375   0.0673195  0.00785889  -0.0220163
 -0.0134589  0.00785889   0.0514076  -0.0109612
   0.271258  -0.0220163  -0.0109612    0.461444
IMAGINARY
          0  0.00469833   0.0154684  0.00765306
-0.00469833           0 -0.00765306 -0.00305011
 -0.0154684  0.00765306           0 -0.00535192
-0.00765306  0.00305011  0.00535192           0
EndNode2[0]<--->HoM1[0]
REAL
   0.434679   0.0151281 -0.00244055    0.236279
  0.0151281   0.0581948   0.0160263    0.012322
-0.00244055   0.0160263   0.0665083 -0.00261167
   0.236279    0.012322 -0.00261167    0.440618
IMAGINARY
          0  -0.0223299   0.0266692 -0.00399405
  0.0223299           0  -0.0131563  -0.0076819
 -0.0266692   0.0131563           0  0.00460836
 0.00399405   0.0076819 -0.00460836           0
Repeater1[0]<--->EndNode1[0]
REAL
   0.419829  -0.0134589 -0.00443375    0.271258
 -0.0134589   0.0514076  0.00785889  -0.0109612
-0.00443375  0.00785889   0.0673195  -0.0220163
   0.271258  -0.0109612  -0.0220163    0.461444
IMAGINARY
          0   0.0154684  0.00469833  0.00765306
 -0.0154684           0  0.00765306 -0.00535192
-0.00469833 -0.00765306           0 -0.00305011
-0.00765306  0.00535192  0.00305011           0
Repeater1[0]<--->HoM1[0]
REAL
   0.434679 -0.00244055   0.0151281    0.236279
-0.00244055   0.0665083   0.0160263 -0.00261167
  0.0151281   0.0160263   0.0581948    0.012322
   0.236279 -0.00261167    0.012322    0.440618
IMAGINARY
          0   0.0266692  -0.0223299 -0.00399405
 -0.0266692           0   0.0131563  0.00460836
  0.0223299  -0.0131563           0  -0.0076819
 0.00399405 -0.00460836   0.0076819           0
EndNode1[0]<--->Repeater1[0]
REAL
   0.424077 -0.00803053  0.00320973    0.254949
-0.00803053   0.0697674   0.0176608  0.00712618
 0.00320973   0.0176608   0.0547196  0.00544655
   0.254949  0.00712618  0.00544655    0.451436
IMAGINARY
          0   0.0195178   0.0039913  0.00321116
 -0.0195178           0  -0.0192163 -0.00641261
 -0.0039913   0.0192163           0  -0.0158859
-0.00321116  0.00641261   0.0158859           0
EndNode2[0]<--->HoM1[0]
REAL
   0.462963  -0.0105783  0.00766858    0.246453
 -0.0105783   0.0582011 -0.00626397 -0.00157927
 0.00766858 -0.00626397   0.0489418  -0.0022769
   0.246453 -0.00157927  -0.0022769    0.429894
IMAGINARY
           0     0.015823  -0.00878123  -0.00464146
   -0.015823            0    0.0133263  0.000629057
  0.00878123   -0.0133263            0   0.00863349
  0.00464146 -0.000629057  -0.00863349            0
Repeater1[0]<--->EndNode1[0]
REAL
   0.424077  0.00320973 -0.00803053    0.254949
 0.00320973   0.0547196   0.0176608  0.00544655
-0.00803053   0.0176608   0.0697674  0.00712618
   0.254949  0.00544655  0.00712618    0.451436
IMAGINARY
          0   0.0039913   0.0195178  0.00321116
 -0.0039913           0   0.0192163  -0.0158859
 -0.0195178  -0.0192163           0 -0.00641261
-0.00321116   0.0158859  0.00641261           0
Repeater1[0]<--->HoM1[0]
REAL
   0.462963  0.00766858  -0.0105783    0.246453
 0.00766858   0.0489418 -0.00626397  -0.0022769
 -0.0105783 -0.00626397   0.0582011 -0.00157927
   0.246453  -0.0022769 -0.00157927    0.429894
IMAGINARY
           0  -0.00878123     0.015823  -0.00464146
  0.00878123            0   -0.0133263   0.00863349
   -0.015823    0.0133263            0  0.000629057
  0.00464146  -0.00863349 -0.000629057            0
EndNode1[0]<--->Repeater1[0]
REAL
   0.448575 -0.00467233 0.000164838    0.245395
-0.00467233   0.0557621  0.00367323   -0.016935
0.000164838  0.00367323   0.0508055  0.00280897
   0.245395   -0.016935  0.00280897    0.444857
IMAGINARY
          0  -0.0334813   -0.016629    0.017508
  0.0334813           0  -0.0128351  0.00272176
   0.016629   0.0128351           0   0.0460641
  -0.017508 -0.00272176  -0.0460641           0
EndNode2[0]<--->HoM1[0]
REAL
   0.446475   0.0107538  0.00796379    0.238264
  0.0107538    0.073107 0.000197721  0.00101057
 0.00796379 0.000197721   0.0600522  0.00591286
   0.238264  0.00101057  0.00591286    0.420366
IMAGINARY
          0   0.0116507   0.0173737  0.00933208
 -0.0116507           0   0.0246859  -0.0155377
 -0.0173737  -0.0246859           0  0.00854512
-0.00933208   0.0155377 -0.00854512           0
Repeater1[0]<--->EndNode1[0]
REAL
   0.448575 0.000164838 -0.00467233    0.245395
0.000164838   0.0508055  0.00367323  0.00280897
-0.00467233  0.00367323   0.0557621   -0.016935
   0.245395  0.00280897   -0.016935    0.444857
IMAGINARY
          0   -0.016629  -0.0334813    0.017508
   0.016629           0   0.0128351   0.0460641
  0.0334813  -0.0128351           0  0.00272176
  -0.017508  -0.0460641 -0.00272176           0
Repeater1[0]<--->HoM1[0]
REAL
   0.446475  0.00796379   0.0107538    0.238264
 0.00796379   0.0600522 0.000197721  0.00591286
  0.0107538 0.000197721    0.073107  0.00101057
   0.238264  0.00591286  0.00101057    0.420366
IMAGINARY
          0   0.0173737   0.0116507  0.00933208
 -0.0173737           0  -0.0246859  0.00854512
 -0.0116507   0.0246859           0  -0.0155377
-0.00933208 -0.00854512   0.0155377           0
EndNode1[0]<--->Repeater1[0]
REAL
   0.454771   0.0112444   0.0163503      0.2447
  0.0112444   0.0582404  0.00465045  0.00442888
  0.0163503  0.00465045   0.0570012 0.000443902
     0.2447  0.00442888 0.000443902    0.429988
IMAGINARY
          0   0.0239015  -0.0261194   0.0138492
 -0.0239015           0   0.0260444   0.0186567
  0.0261194  -0.0260444           0  0.00221786
 -0.0138492  -0.0186567 -0.00221786           0
EndNode2[0]<--->HoM1[0]
REAL
   0.428378   0.0172863 -0.00362536    0.265966
  0.0172863   0.0567568 -0.00591728  0.00423437
-0.00362536 -0.00591728   0.0689189  -0.0154593
   0.265966  0.00423437  -0.0154593    0.445946
IMAGINARY
          0  -0.0107973    0.025922    0.016036
  0.0107973           0  0.00721985  -0.0192907
  -0.025922 -0.00721985           0   0.0174286
  -0.016036   0.0192907  -0.0174286           0
Repeater1[0]<--->EndNode1[0]
REAL
   0.454771   0.0163503   0.0112444      0.2447
  0.0163503   0.0570012  0.00465045 0.000443902
  0.0112444  0.00465045   0.0582404  0.00442888
     0.2447 0.000443902  0.00442888    0.429988
IMAGINARY
          0  -0.0261194   0.0239015   0.0138492
  0.0261194           0  -0.0260444  0.00221786
 -0.0239015   0.0260444           0   0.0186567
 -0.0138492 -0.00221786  -0.0186567           0
Repeater1[0]<--->HoM1[0]
REAL
   0.428378 -0.00362536   0.0172863    0.265966
-0.00362536   0.0689189 -0.00591728  -0.0154593
  0.0172863 -0.00591728   0.0567568  0.00423437
   0.265966  -0.0154593  0.00423437    0.445946
IMAGINARY
          0    0.025922  -0.0107973    0.016036
  -0.025922           0 -0.00721985   0.0174286
  0.0107973  0.00721985           0  -0.0192907
  -0.016036  -0.0174286   0.0192907           0
EndNode1[0]<--->Repeater1[0]
REAL
  0.426923 0.00378197 -0.0204212   0.255286
0.00378197  0.0461538  0.0110696 -0.0216348
-0.0204212  0.0110696  0.0487179 -0.0231411
  0.255286 -0.0216348 -0.0231411   0.478205
IMAGINARY
          0 -0.00400667  -0.0112447  -0.0166334
 0.00400667           0   0.0147418 -0.00803548
  0.0112447  -0.0147418           0   0.0194308
  0.0166334  0.00803548  -0.0194308           0
EndNode2[0]<--->HoM1[0]
REAL
  0.403341  0.0215184  0.0225802   0.245167
 0.0215184  0.0680191 -0.0104469 -0.0206296
 0.0225802 -0.0104469  0.0548926 0.00643999
  0.245167 -0.0206296 0.00643999   0.473747
IMAGINARY
          0 -0.00469449 -0.00995299 -0.00422509
 0.00469449           0  -0.0262458  0.00268746
 0.00995299   0.0262458           0 -0.00785505
 0.00422509 -0.00268746  0.00785505           0
Repeater1[0]<--->EndNode1[0]
REAL
  0.426923 -0.0204212 0.00378197   0.255286
-0.0204212  0.0487179  0.0110696 -0.0231411
0.00378197  0.0110696  0.0461538 -0.0216348
  0.255286 -0.0231411 -0.0216348   0.478205
IMAGINARY
          0  -0.0112447 -0.00400667  -0.0166334
  0.0112447           0  -0.0147418   0.0194308
 0.00400667   0.0147418           0 -0.00803548
  0.0166334  -0.0194308  0.00803548           0
Repeater1[0]<--->HoM1[0]
REAL
  0.403341  0.0225802  0.0215184   0.245167
 0.0225802  0.0548926 -0.0104469 0.00643999
 0.0215184 -0.0104469  0.0680191 -0.0206296
  0.245167 0.00643999 -0.0206296   0.473747
IMAGINARY
          0 -0.00995299 -0.00469449 -0.00422509
 0.00995299           0   0.0262458 -0.00785505
 0.00469449  -0.0262458           0  0.00268746
 0.00422509  0.00785505 -0.00268746           0
EndNode1[0]<--->Repeater1[0]
REAL
   0.437276   0.0247071  0.00134194    0.250382
  0.0247071    0.078853 -0.00523275   0.0200035
 0.00134194 -0.00523275   0.0442055   0.0082813
   0.250382   0.0200035   0.0082813    0.439665
IMAGINARY
          0  -0.0156047   0.0224639   0.0137229
  0.0156047           0 -0.00159005 -0.00330932
 -0.0224639  0.00159005           0 -0.00222888
 -0.0137229  0.00330932  0.00222888           0
EndNode2[0]<--->HoM1[0]
REAL
   0.417193  -0.0018143  0.00831449    0.270828
 -0.0018143   0.0619469 -0.00208588   0.0228164
 0.00831449 -0.00208588   0.0619469   0.0126148
   0.270828   0.0228164   0.0126148    0.458913
IMAGINARY
           0  -0.00829565  9.94901e-05   -0.0140245
  0.00829565            0   -0.0280194  -0.00899142
-9.94901e-05    0.0280194            0  0.000771709
   0.0140245   0.00899142 -0.000771709            0
Repeater1[0]<--->EndNode1[0]
REAL
   0.437276  0.00134194   0.0247071    0.250382
 0.00134194   0.0442055 -0.00523275   0.0082813
  0.0247071 -0.00523275    0.078853   0.0200035
   0.250382   0.0082813   0.0200035    0.439665
IMAGINARY
          0   0.0224639  -0.0156047   0.0137229
 -0.0224639           0  0.00159005 -0.00222888
  0.0156047 -0.00159005           0 -0.00330932
 -0.0137229  0.00222888  0.00330932           0
Repeater1[0]<--->HoM1[0]
REAL
   0.417193  0.00831449  -0.0018143    0.270828
 0.00831449   0.0619469 -0.00208588   0.0126148
 -0.0018143 -0.00208588   0.0619469   0.0228164
   0.270828   0.0126148   0.0228164    0.458913
IMAGINARY
           0  9.94901e-05  -0.00829565   -0.0140245
-9.94901e-05            0    0.0280194  0.000771709
  0.00829565   -0.0280194            0  -0.00899142
   0.0140245 -0.000771709   0.00899142            0
EndNode1[0]<--->Repeater1[0]
REAL
    0.46545   0.0116204   0.0163974    0.264965
  0.0116204   0.0638853  0.00758388 -0.00528628
  0.0163974  0.00758388   0.0495437   0.0047195
   0.264965 -0.00528628   0.0047195    0.421121
IMAGINARY
          0   0.0102526    -0.02465   0.0238655
 -0.0102526           0 -0.00653556  -0.0196375
    0.02465  0.00653556           0   0.0353186
 -0.0238655   0.0196375  -0.0353186           0
EndNode2[0]<--->HoM1[0]
REAL
  0.411765   0.019272 0.00752166   0.252258
  0.019272  0.0767263 0.00260576  0.0242553
0.00752166 0.00260576  0.0677749   0.026772
  0.252258  0.0242553   0.026772   0.443734
IMAGINARY
           0   0.00647649  0.000177794     0.013869
 -0.00647649            0  -0.00548186    0.0102534
-0.000177794   0.00548186            0   -0.0335975
   -0.013869   -0.0102534    0.0335975            0
Repeater1[0]<--->EndNode1[0]
REAL
    0.46545   0.0163974   0.0116204    0.264965
  0.0163974   0.0495437  0.00758388   0.0047195
  0.0116204  0.00758388   0.0638853 -0.00528628
   0.264965   0.0047195 -0.00528628    0.421121
IMAGINARY
          0    -0.02465   0.0102526   0.0238655
    0.02465           0  0.00653556   0.0353186
 -0.0102526 -0.00653556           0  -0.0196375
 -0.0238655  -0.0353186   0.0196375           0
Repeater1[0]<--->HoM1[0]
REAL
  0.411765 0.00752166   0.019272   0.252258
0.00752166  0.0677749 0.00260576   0.026772
  0.019272 0.00260576  0.0767263  0.0242553
  0.252258   0.026772  0.0242553   0.443734
IMAGINARY
           0  0.000177794   0.00647649     0.013869
-0.000177794            0   0.00548186   -0.0335975
 -0.00647649  -0.00548186            0    0.0102534
   -0.013869    0.0335975   -0.0102534            0
EndNode1[0]<--->Repeater1[0]
REAL
   0.457474 -0.00374996   0.0117816    0.265612
-0.00374996   0.0631443  0.00460597 -0.00600496
  0.0117816  0.00460597   0.0502577   0.0159451
   0.265612 -0.00600496   0.0159451    0.429124
IMAGINARY
          0  0.00470671 -0.00604996  0.00730975
-0.00470671           0   0.0205024  0.00542103
 0.00604996  -0.0205024           0  -0.0116249
-0.00730975 -0.00542103   0.0116249           0
EndNode2[0]<--->HoM1[0]
REAL
   0.419817   0.0156345  -0.0055485    0.247935
  0.0156345   0.0573664  -0.0020648   0.0277848
 -0.0055485  -0.0020648   0.0677966 -0.00610464
   0.247935   0.0277848 -0.00610464     0.45502
IMAGINARY
           0  -0.00227447    0.0095377 -1.38778e-17
  0.00227447            0            0   0.00704393
  -0.0095377            0            0   -0.0117561
 1.38778e-17  -0.00704393    0.0117561            0
Repeater1[0]<--->EndNode1[0]
REAL
   0.457474   0.0117816 -0.00374996    0.265612
  0.0117816   0.0502577  0.00460597   0.0159451
-0.00374996  0.00460597   0.0631443 -0.00600496
   0.265612   0.0159451 -0.00600496    0.429124
IMAGINARY
          0 -0.00604996  0.00470671  0.00730975
 0.00604996           0  -0.0205024  -0.0116249
-0.00470671   0.0205024           0  0.00542103
-0.00730975   0.0116249 -0.00542103           0
Repeater1[0]<--->HoM1[0]
REAL
   0.419817  -0.0055485   0.0156345    0.247935
 -0.0055485   0.0677966  -0.0020648 -0.00610464
  0.0156345  -0.0020648   0.0573664   0.0277848
   0.247935 -0.00610464   0.0277848     0.45502
IMAGINARY
           0    0.0095377  -0.00227447 -1.38778e-17
  -0.0095377            0            0   -0.0117561
  0.00227447            0            0   0.00704393
 1.38778e-17    0.0117561  -0.00704393            0
EndNode1[0]<--->Repeater1[0]
REAL
  0.443742 0.00731663  0.0135327   0.254752
0.00731663  0.0644753 -0.0222843  0.0085452
 0.0135327 -0.0222843  0.0606827 -0.0138101
  0.254752  0.0085452 -0.0138101     0.4311
IMAGINARY
          0  0.00864222 -0.00265171  -0.0221027
-0.00864222           0 -0.00353833 -0.00202119
 0.00265171  0.00353833           0  -0.0133151
  0.0221027  0.00202119   0.0133151           0
EndNode2[0]<--->HoM1[0]
REAL
   0.474553  0.00677931 -0.00852363    0.241367
 0.00677931   0.0550206 -0.00621885  0.00357314
-0.00852363 -0.00621885    0.045392  -0.0191555
   0.241367  0.00357314  -0.0191555    0.425034
IMAGINARY
           0   -0.0252362  0.000172623   0.00575144
   0.0252362            0 -0.000675297    0.0129308
-0.000172623  0.000675297            0    0.0107535
 -0.00575144   -0.0129308   -0.0107535            0
Repeater1[0]<--->EndNode1[0]
REAL
  0.443742  0.0135327 0.00731663   0.254752
 0.0135327  0.0606827 -0.0222843 -0.0138101
0.00731663 -0.0222843  0.0644753  0.0085452
  0.254752 -0.0138101  0.0085452     0.4311
IMAGINARY
          0 -0.00265171  0.00864222  -0.0221027
 0.00265171           0  0.00353833  -0.0133151
-0.00864222 -0.00353833           0 -0.00202119
  0.0221027   0.0133151  0.00202119           0
Repeater1[0]<--->HoM1[0]
REAL
   0.474553 -0.00852363  0.00677931    0.241367
-0.00852363    0.045392 -0.00621885  -0.0191555
 0.00677931 -0.00621885   0.0550206  0.00357314
   0.241367  -0.0191555  0.00357314    0.425034
IMAGINARY
           0  0.000172623   -0.0252362   0.00575144
-0.000172623            0  0.000675297    0.0107535
   0.0252362 -0.000675297            0    0.0129308
 -0.00575144   -0.0107535   -0.0129308            0
EndNode1[0]<--->Repeater1[0]
REAL
  0.448871 -0.0049062 -0.0170267   0.250696
-0.0049062  0.0544489 -0.0120594  0.0107135
-0.0170267 -0.0120594  0.0491368 -0.0152958
  0.250696  0.0107135 -0.0152958   0.447543
IMAGINARY
           0    0.0112269   -0.0165237    0.0034874
  -0.0112269            0  0.000253248  -0.00516002
   0.0165237 -0.000253248            0    0.0206609
  -0.0034874   0.00516002   -0.0206609            0
EndNode2[0]<--->HoM1[0]
REAL
   0.439601  -0.0108048   0.0136013    0.265249
 -0.0108048   0.0423412 -0.00975097   0.0116251
  0.0136013 -0.00975097   0.0597758  -0.0221836
   0.265249   0.0116251  -0.0221836    0.458281
IMAGINARY
          0   0.0129389 -0.00166028   0.0119346
 -0.0129389           0  0.00428158  -0.0120897
 0.00166028 -0.00428158           0  0.00331114
 -0.0119346   0.0120897 -0.00331114           0
Repeater1[0]<--->EndNode1[0]
REAL
  0.448871 -0.0170267 -0.0049062   0.250696
-0.0170267  0.0491368 -0.0120594 -0.0152958
-0.0049062 -0.0120594  0.0544489  0.0107135
  0.250696 -0.0152958  0.0107135   0.447543
IMAGINARY
           0   -0.0165237    0.0112269    0.0034874
   0.0165237            0 -0.000253248    0.0206609
  -0.0112269  0.000253248            0  -0.00516002
  -0.0034874   -0.0206609   0.00516002            0
Repeater1[0]<--->HoM1[0]
REAL
   0.439601   0.0136013  -0.0108048    0.265249
  0.0136013   0.0597758 -0.00975097  -0.0221836
 -0.0108048 -0.00975097   0.0423412   0.0116251
   0.265249  -0.0221836   0.0116251    0.458281
IMAGINARY
          0 -0.00166028   0.0129389   0.0119346
 0.00166028           0 -0.00428158  0.00331114
 -0.0129389  0.00428158           0  -0.0120897
 -0.0119346 -0.00331114   0.0120897           0
EndNode1[0]<--->Repeater1[0]
REAL
   0.438889  -0.0107685  -0.0151883    0.276451
 -0.0107685   0.0791667   0.0048383 -0.00819978
 -0.0151883   0.0048383   0.0652778 -0.00629851
   0.276451 -0.00819978 -0.00629851    0.416667
IMAGINARY
          0  -0.0211835   0.0261512  0.00310435
  0.0211835           0   0.0106801  0.00675199
 -0.0261512  -0.0106801           0   0.0205383
-0.00310435 -0.00675199  -0.0205383           0
EndNode2[0]<--->HoM1[0]
REAL
  0.423545 -0.0111479 0.00998392   0.255232
-0.0111479  0.0568336 0.00238048  -0.011811
0.00998392 0.00238048   0.052774 -0.0138217
  0.255232  -0.011811 -0.0138217   0.466847
IMAGINARY
           0   0.00121225   0.00251387 -0.000315259
 -0.00121225            0  0.000315259    0.0107941
 -0.00251387 -0.000315259            0    0.0120957
 0.000315259   -0.0107941   -0.0120957            0
Repeater1[0]<--->EndNode1[0]
REAL
   0.438889  -0.0151883  -0.0107685    0.276451
 -0.0151883   0.0652778   0.0048383 -0.00629851
 -0.0107685   0.0048383   0.0791667 -0.00819978
   0.276451 -0.00629851 -0.00819978    0.416667
IMAGINARY
          0   0.0261512  -0.0211835  0.00310435
 -0.0261512           0  -0.0106801   0.0205383
  0.0211835   0.0106801           0  0.00675199
-0.00310435  -0.0205383 -0.00675199           0
Repeater1[0]<--->HoM1[0]
REAL
  0.423545 0.00998392 -0.0111479   0.255232
0.00998392   0.052774 0.00238048 -0.0138217
-0.0111479 0.00238048  0.0568336  -0.011811
  0.255232 -0.0138217  -0.011811   0.466847
IMAGINARY
           0   0.00251387   0.00121225 -0.000315259
 -0.00251387            0 -0.000315259    0.0120957
 -0.00121225  0.000315259            0    0.0107941
 0.000315259   -0.0120957   -0.0107941            0
EndNode1[0]<--->Repeater1[0]
REAL
  0.452528 0.00204728  0.0298376    0.23664
0.00204728  0.0591862 -0.0153495  0.0120978
 0.0298376 -0.0153495  0.0628853   0.019243
   0.23664  0.0120978   0.019243   0.425401
IMAGINARY
          0  0.00119098  0.00434268 -0.00916493
-0.00119098           0  0.00724922  0.00759366
-0.00434268 -0.00724922           0  -0.0144536
 0.00916493 -0.00759366   0.0144536           0
EndNode2[0]<--->HoM1[0]
REAL
   0.420051  0.00577802  -0.0110951    0.250079
 0.00577802   0.0583756  0.00207891   0.0104785
 -0.0110951  0.00207891   0.0596447 -0.00516149
   0.250079   0.0104785 -0.00516149    0.461929
IMAGINARY
          0   0.0202592 -0.00523207  -0.0080723
 -0.0202592           0  -0.0150255  -0.0014346
 0.00523207   0.0150255           0   0.0144075
  0.0080723   0.0014346  -0.0144075           0
Repeater1[0]<--->EndNode1[0]
REAL
  0.452528  0.0298376 0.00204728    0.23664
 0.0298376  0.0628853 -0.0153495   0.019243
0.00204728 -0.0153495  0.0591862  0.0120978
   0.23664   0.019243  0.0120978   0.425401
IMAGINARY
          0  0.00434268  0.00119098 -0.00916493
-0.00434268           0 -0.00724922  -0.0144536
-0.00119098  0.00724922           0  0.00759366
 0.00916493   0.0144536 -0.00759366           0
Repeater1[0]<--->HoM1[0]
REAL
   0.420051  -0.0110951  0.00577802    0.250079
 -0.0110951   0.0596447  0.00207891 -0.00516149
 0.00577802  0.00207891   0.0583756   0.0104785
   0.250079 -0.00516149   0.0104785    0.461929
IMAGINARY
          0 -0.00523207   0.0202592  -0.0080723
 0.00523207           0   0.0150255   0.0144075
 -0.0202592  -0.0150255           0  -0.0014346
  0.0080723  -0.0144075   0.0014346           0
EndNode1[0]<--->Repeater1[0]
REAL
   0.485969   0.0101902  0.00399014    0.251199
  0.0101902   0.0446429  0.00798949 -0.00589128
 0.00399014  0.00798949   0.0459184  0.00818751
   0.251199 -0.00589128  0.00818751    0.423469
IMAGINARY
          0  0.00623583  0.00740741 -0.00116334
-0.00623583           0  -0.0229566  0.00740741
-0.00740741   0.0229566           0   -0.028458
 0.00116334 -0.00740741    0.028458           0
EndNode2[0]<--->HoM1[0]
REAL
   0.416446 -0.00731739  -0.0124688    0.258766
-0.00731739   0.0636605  -0.0067972   0.0137812
 -0.0124688  -0.0067972   0.0557029  0.00469272
   0.258766   0.0137812  0.00469272    0.464191
IMAGINARY
           0   -0.0200032   0.00768551  -0.00542433
   0.0200032            0  -0.00664683 -0.000400743
 -0.00768551   0.00664683            0   -0.0256922
  0.00542433  0.000400743    0.0256922            0
Repeater1[0]<--->EndNode1[0]
REAL
   0.485969  0.00399014   0.0101902    0.251199
 0.00399014   0.0459184  0.00798949  0.00818751
  0.0101902  0.00798949   0.0446429 -0.00589128
   0.251199  0.00818751 -0.00589128    0.423469
IMAGINARY
          0  0.00740741  0.00623583 -0.00116334
-0.00740741           0   0.0229566   -0.028458
-0.00623583  -0.0229566           0  0.00740741
 0.00116334    0.028458 -0.00740741           0
Repeater1[0]<--->HoM1[0]
REAL
   0.416446  -0.0124688 -0.00731739    0.258766
 -0.0124688   0.0557029  -0.0067972  0.00469272
-0.00731739  -0.0067972   0.0636605   0.0137812
   0.258766  0.00469272   0.0137812    0.464191
IMAGINARY
           0   0.00768551   -0.0200032  -0.00542433
 -0.00768551            0   0.00664683   -0.0256922
   0.0200032  -0.00664683            0 -0.000400743
  0.00542433    0.0256922  0.000400743            0
EndNode1[0]<--->Repeater1[0]
REAL
   0.435544 -0.00152116  -0.0115052    0.251243
-0.00152116   0.0625782  -0.0163531  -0.0269564
 -0.0115052  -0.0163531   0.0563204   -0.016336
   0.251243  -0.0269564   -0.016336    0.445557
IMAGINARY
          0 -0.00256629  -0.0112751  -0.0053138
 0.00256629           0   0.0289502  -0.0093092
  0.0112751  -0.0289502           0 -0.00739387
  0.0053138   0.0093092  0.00739387           0
EndNode2[0]<--->HoM1[0]
REAL
