EndNode1[0]<--->Repeater1[0]
REAL
   0.476378  0.00220783  -0.0131073    0.327643
 0.00220783   0.0997375  0.00172193 -0.00805676
 -0.0131073  0.00172193   0.0761155 -0.00882158
   0.327643 -0.00805676 -0.00882158    0.347769
IMAGINARY
          0 -0.00141174 -0.00954267  0.00929582
 0.00141174           0   0.0073503  0.00255411
 0.00954267  -0.0073503           0  0.00712965
-0.00929582 -0.00255411 -0.00712965           0
EndNode2[0]<--->HoM1[0]
REAL
   0.442478  0.00542784  0.00504552    0.381243
 0.00542784     0.05689  -0.0123483  0.00780795
 0.00504552  -0.0123483   0.0657396 -0.00542784
   0.381243  0.00780795 -0.00542784    0.434893
IMAGINARY
          0  0.00703849  0.00633139   0.0079495
-0.00703849           0  0.00532483 -0.00209922
-0.00633139 -0.00532483           0  -0.0233625
 -0.0079495  0.00209922   0.0233625           0
Repeater1[0]<--->EndNode1[0]
REAL
   0.476378  -0.0131073  0.00220783    0.327643
 -0.0131073   0.0761155  0.00172193 -0.00882158
 0.00220783  0.00172193   0.0997375 -0.00805676
   0.327643 -0.00882158 -0.00805676    0.347769
IMAGINARY
          0 -0.00954267 -0.00141174  0.00929582
 0.00954267           0  -0.0073503  0.00712965
 0.00141174   0.0073503           0  0.00255411
-0.00929582 -0.00712965 -0.00255411           0
Repeater1[0]<--->HoM1[0]
REAL
   0.442478  0.00504552  0.00542784    0.381243
 0.00504552   0.0657396  -0.0123483 -0.00542784
 0.00542784  -0.0123483     0.05689  0.00780795
   0.381243 -0.00542784  0.00780795    0.434893
IMAGINARY
          0  0.00633139  0.00703849   0.0079495
-0.00633139           0 -0.00532483  -0.0233625
-0.00703849  0.00532483           0 -0.00209922
 -0.0079495   0.0233625  0.00209922           0
EndNode1[0]<--->Repeater1[0]
REAL
   0.487374  -0.0337826 -0.00347042    0.314957
 -0.0337826   0.0732323 -0.00141975  0.00155471
-0.00347042 -0.00141975   0.0921717   0.0190955
   0.314957  0.00155471   0.0190955    0.347222
IMAGINARY
           0   -0.0112991   0.00492072   -0.0202977
   0.0112991            0  -0.00473613  -0.00616142
 -0.00492072   0.00473613            0  0.000132878
   0.0202977   0.00616142 -0.000132878            0
EndNode2[0]<--->HoM1[0]
REAL
   0.472542 -0.00170976 -0.00962007    0.373455
-0.00170976   0.0625798  -0.0176104   0.0135162
-0.00962007  -0.0176104   0.0625798   0.0172942
   0.373455   0.0135162   0.0172942    0.402299
IMAGINARY
          0 -0.00426761 -0.00647871  -0.0112165
 0.00426761           0 -0.00598093   0.0107627
 0.00647871  0.00598093           0   0.0109996
  0.0112165  -0.0107627  -0.0109996           0
Repeater1[0]<--->EndNode1[0]
REAL
   0.487374 -0.00347042  -0.0337826    0.314957
-0.00347042   0.0921717 -0.00141975   0.0190955
 -0.0337826 -0.00141975   0.0732323  0.00155471
   0.314957   0.0190955  0.00155471    0.347222
IMAGINARY
           0   0.00492072   -0.0112991   -0.0202977
 -0.00492072            0   0.00473613  0.000132878
   0.0112991  -0.00473613            0  -0.00616142
   0.0202977 -0.000132878   0.00616142            0
Repeater1[0]<--->HoM1[0]
REAL
   0.472542 -0.00962007 -0.00170976    0.373455
-0.00962007   0.0625798  -0.0176104   0.0172942
-0.00170976  -0.0176104   0.0625798   0.0135162
   0.373455   0.0172942   0.0135162    0.402299
IMAGINARY
          0 -0.00647871 -0.00426761  -0.0112165
 0.00647871           0  0.00598093   0.0109996
 0.00426761 -0.00598093           0   0.0107627
  0.0112165  -0.0109996  -0.0107627           0
EndNode1[0]<--->Repeater1[0]
REAL
    0.439547    0.0138324   -0.0102359     0.337009
   0.0138324    0.0969773   0.00410077 -0.000482932
  -0.0102359   0.00410077    0.0881612   -0.0119408
    0.337009 -0.000482932   -0.0119408     0.375315
IMAGINARY
          0  0.00143069  -0.0086706  -0.0152187
-0.00143069           0  0.00292895  -0.0142886
  0.0086706 -0.00292895           0  0.00494686
  0.0152187   0.0142886 -0.00494686           0
EndNode2[0]<--->HoM1[0]
REAL
   0.494751  0.00118666   0.0191582    0.379479
 0.00118666   0.0656168 -0.00463551   0.0115051
  0.0191582 -0.00463551   0.0538058  0.00694851
   0.379479   0.0115051  0.00694851    0.385827
IMAGINARY
          0  -0.0111979      0.0122  -0.0106727
  0.0111979           0  0.00609751   0.0203521
    -0.0122 -0.00609751           0  -0.0174479
  0.0106727  -0.0203521   0.0174479           0
Repeater1[0]<--->EndNode1[0]
REAL
    0.439547   -0.0102359    0.0138324     0.337009
  -0.0102359    0.0881612   0.00410077   -0.0119408
   0.0138324   0.00410077    0.0969773 -0.000482932
    0.337009   -0.0119408 -0.000482932     0.375315
IMAGINARY
          0  -0.0086706  0.00143069  -0.0152187
  0.0086706           0 -0.00292895  0.00494686
-0.00143069  0.00292895           0  -0.0142886
  0.0152187 -0.00494686   0.0142886           0
Repeater1[0]<--->HoM1[0]
REAL
   0.494751   0.0191582  0.00118666    0.379479
  0.0191582   0.0538058 -0.00463551  0.00694851
 0.00118666 -0.00463551   0.0656168   0.0115051
   0.379479  0.00694851   0.0115051    0.385827
IMAGINARY
          0      0.0122  -0.0111979  -0.0106727
    -0.0122           0 -0.00609751  -0.0174479
  0.0111979  0.00609751           0   0.0203521
  0.0106727   0.0174479  -0.0203521           0
EndNode1[0]<--->Repeater1[0]
REAL
   0.477041 -0.00870847  -0.0053319    0.317161
-0.00870847   0.0701531 -0.00137167  -0.0334493
 -0.0053319 -0.00137167   0.0892857   0.0184038
   0.317161  -0.0334493   0.0184038     0.36352
IMAGINARY
           0   -0.0231636    0.0080421  -0.00133062
   0.0231636            0 -0.000693674    0.0106194
  -0.0080421  0.000693674            0  -0.00450691
  0.00133062   -0.0106194   0.00450691            0
EndNode2[0]<--->HoM1[0]
REAL
   0.442875 -0.00036625 -0.00270044    0.383282
-0.00036625   0.0629012 -0.00062265  0.00204855
-0.00270044 -0.00062265   0.0654685  0.00232192
   0.383282  0.00204855  0.00232192    0.428755
IMAGINARY
          0 -0.00863096  -0.0105785   0.0322764
 0.00863096           0 -0.00816475     0.00794
  0.0105785  0.00816475           0 -0.00983869
 -0.0322764    -0.00794  0.00983869           0
Repeater1[0]<--->EndNode1[0]
REAL
   0.477041  -0.0053319 -0.00870847    0.317161
 -0.0053319   0.0892857 -0.00137167   0.0184038
-0.00870847 -0.00137167   0.0701531  -0.0334493
   0.317161   0.0184038  -0.0334493     0.36352
IMAGINARY
           0    0.0080421   -0.0231636  -0.00133062
  -0.0080421            0  0.000693674  -0.00450691
   0.0231636 -0.000693674            0    0.0106194
  0.00133062   0.00450691   -0.0106194            0
Repeater1[0]<--->HoM1[0]
REAL
   0.442875 -0.00270044 -0.00036625    0.383282
-0.00270044   0.0654685 -0.00062265  0.00232192
-0.00036625 -0.00062265   0.0629012  0.00204855
   0.383282  0.00232192  0.00204855    0.428755
IMAGINARY
          0  -0.0105785 -0.00863096   0.0322764
  0.0105785           0  0.00816475 -0.00983869
 0.00863096 -0.00816475           0     0.00794
 -0.0322764  0.00983869    -0.00794           0
EndNode1[0]<--->Repeater1[0]
REAL
   0.491979   0.0180157 -0.00234843    0.334769
  0.0180157   0.0828877 -0.00204589   0.0127269
-0.00234843 -0.00204589   0.0868984  0.00823579
   0.334769   0.0127269  0.00823579    0.338235
IMAGINARY
          0  0.00619716   0.0166539  -0.0204022
-0.00619716           0  0.00117142  -0.0231813
 -0.0166539 -0.00117142           0  0.00685767
  0.0204022   0.0231813 -0.00685767           0
EndNode2[0]<--->HoM1[0]
REAL
   0.477932  -0.0145535  -0.0274654    0.378296
 -0.0145535   0.0453972 -0.00592775    0.011676
 -0.0274654 -0.00592775   0.0567465 -0.00781494
   0.378296    0.011676 -0.00781494    0.419924
IMAGINARY
           0   0.00746673 -0.000535941   0.00657082
 -0.00746673            0  -0.00279248    0.0107141
 0.000535941   0.00279248            0  -0.00619447
 -0.00657082   -0.0107141   0.00619447            0
Repeater1[0]<--->EndNode1[0]
REAL
   0.491979 -0.00234843   0.0180157    0.334769
-0.00234843   0.0868984 -0.00204589  0.00823579
  0.0180157 -0.00204589   0.0828877   0.0127269
   0.334769  0.00823579   0.0127269    0.338235
IMAGINARY
          0   0.0166539  0.00619716  -0.0204022
 -0.0166539           0 -0.00117142  0.00685767
-0.00619716  0.00117142           0  -0.0231813
  0.0204022 -0.00685767   0.0231813           0
Repeater1[0]<--->HoM1[0]
REAL
   0.477932  -0.0274654  -0.0145535    0.378296
 -0.0274654   0.0567465 -0.00592775 -0.00781494
 -0.0145535 -0.00592775   0.0453972    0.011676
   0.378296 -0.00781494    0.011676    0.419924
IMAGINARY
           0 -0.000535941   0.00746673   0.00657082
 0.000535941            0   0.00279248  -0.00619447
 -0.00746673  -0.00279248            0    0.0107141
 -0.00657082   0.00619447   -0.0107141            0
EndNode1[0]<--->Repeater1[0]
REAL
   0.461235   0.0106197 -0.00796282    0.329016
  0.0106197    0.088042  0.00969361   0.0178884
-0.00796282  0.00969361    0.110381 -0.00813835
   0.329016   0.0178884 -0.00813835    0.340342
IMAGINARY
          0  0.00682955 -0.00185606 -0.00311951
-0.00682955           0  0.00244292  0.00750223
 0.00185606 -0.00244292           0 -0.00996631
 0.00311951 -0.00750223  0.00996631           0
EndNode2[0]<--->HoM1[0]
REAL
   0.466125  0.00542211   0.0146097    0.365378
 0.00542211   0.0474255 -0.00371787  -0.0231736
  0.0146097 -0.00371787   0.0853659  -0.0073984
   0.365378  -0.0231736  -0.0073984    0.401084
IMAGINARY
          0 -0.00573764  0.00121744 -0.00606386
 0.00573764           0   0.0158935  0.00620497
-0.00121744  -0.0158935           0  0.00506287
 0.00606386 -0.00620497 -0.00506287           0
Repeater1[0]<--->EndNode1[0]
REAL
   0.461235 -0.00796282   0.0106197    0.329016
-0.00796282    0.110381  0.00969361 -0.00813835
  0.0106197  0.00969361    0.088042   0.0178884
   0.329016 -0.00813835   0.0178884    0.340342
IMAGINARY
          0 -0.00185606  0.00682955 -0.00311951
 0.00185606           0 -0.00244292 -0.00996631
-0.00682955  0.00244292           0  0.00750223
 0.00311951  0.00996631 -0.00750223           0
Repeater1[0]<--->HoM1[0]
REAL
   0.466125   0.0146097  0.00542211    0.365378
  0.0146097   0.0853659 -0.00371787  -0.0073984
 0.00542211 -0.00371787   0.0474255  -0.0231736
   0.365378  -0.0073984  -0.0231736    0.401084
IMAGINARY
          0  0.00121744 -0.00573764 -0.00606386
-0.00121744           0  -0.0158935  0.00506287
 0.00573764   0.0158935           0  0.00620497
 0.00606386 -0.00506287 -0.00620497           0
EndNode1[0]<--->Repeater1[0]
REAL
   0.441802 -0.00285896  0.00735958    0.320206
-0.00285896   0.0901126   0.0209633 0.000899632
 0.00735958   0.0209633   0.0838548 -0.00285896
   0.320206 0.000899632 -0.00285896     0.38423
IMAGINARY
          0   0.0275314    0.013553   0.0046485
 -0.0275314           0   0.0145823  0.00286116
  -0.013553  -0.0145823           0 -0.00227889
 -0.0046485 -0.00286116  0.00227889           0
EndNode2[0]<--->HoM1[0]
REAL
   0.464607    0.014227  0.00726676    0.375382
   0.014227   0.0656371 -0.00325901   0.0119148
 0.00726676 -0.00325901   0.0823681   0.0202999
   0.375382   0.0119148   0.0202999    0.387387
IMAGINARY
          0   -0.015874  0.00382845 -0.00812646
   0.015874           0 -0.00686702 -0.00261485
-0.00382845  0.00686702           0   0.0146604
 0.00812646  0.00261485  -0.0146604           0
Repeater1[0]<--->EndNode1[0]
REAL
   0.441802  0.00735958 -0.00285896    0.320206
 0.00735958   0.0838548   0.0209633 -0.00285896
-0.00285896   0.0209633   0.0901126 0.000899632
   0.320206 -0.00285896 0.000899632     0.38423
IMAGINARY
          0    0.013553   0.0275314   0.0046485
  -0.013553           0  -0.0145823 -0.00227889
 -0.0275314   0.0145823           0  0.00286116
 -0.0046485  0.00227889 -0.00286116           0
Repeater1[0]<--->HoM1[0]
REAL
   0.464607  0.00726676    0.014227    0.375382
 0.00726676   0.0823681 -0.00325901   0.0202999
   0.014227 -0.00325901   0.0656371   0.0119148
   0.375382   0.0202999   0.0119148    0.387387
IMAGINARY
          0  0.00382845   -0.015874 -0.00812646
-0.00382845           0  0.00686702   0.0146604
   0.015874 -0.00686702           0 -0.00261485
 0.00812646  -0.0146604  0.00261485           0
EndNode1[0]<--->Repeater1[0]
REAL
  0.488158  0.0044794 -0.0129754   0.326405
 0.0044794  0.0947368  0.0145624 -0.0162867
-0.0129754  0.0145624  0.0644737 -0.0273802
  0.326405 -0.0162867 -0.0273802   0.352632
IMAGINARY
          0 -0.00153181  -0.0122674 -0.00549922
 0.00153181           0  0.00247624  0.00568843
  0.0122674 -0.00247624           0  -0.0089945
 0.00549922 -0.00568843   0.0089945           0
EndNode2[0]<--->HoM1[0]
REAL
   0.452005 -0.00668194 -0.00104245    0.375705
-0.00668194   0.0486027  -0.0119489  -0.0135078
-0.00104245  -0.0119489   0.0631835  -0.0118366
   0.375705  -0.0135078  -0.0118366    0.436209
IMAGINARY
          0  -0.0174735   0.0223525  0.00556839
  0.0174735           0  -0.0140651  0.00727713
 -0.0223525   0.0140651           0 -0.00351413
-0.00556839 -0.00727713  0.00351413           0
Repeater1[0]<--->EndNode1[0]
REAL
  0.488158 -0.0129754  0.0044794   0.326405
-0.0129754  0.0644737  0.0145624 -0.0273802
 0.0044794  0.0145624  0.0947368 -0.0162867
  0.326405 -0.0273802 -0.0162867   0.352632
IMAGINARY
          0  -0.0122674 -0.00153181 -0.00549922
  0.0122674           0 -0.00247624  -0.0089945
 0.00153181  0.00247624           0  0.00568843
 0.00549922   0.0089945 -0.00568843           0
Repeater1[0]<--->HoM1[0]
REAL
   0.452005 -0.00104245 -0.00668194    0.375705
-0.00104245   0.0631835  -0.0119489  -0.0118366
-0.00668194  -0.0119489   0.0486027  -0.0135078
   0.375705  -0.0118366  -0.0135078    0.436209
IMAGINARY
          0   0.0223525  -0.0174735  0.00556839
 -0.0223525           0   0.0140651 -0.00351413
  0.0174735  -0.0140651           0  0.00727713
-0.00556839  0.00351413 -0.00727713           0
EndNode1[0]<--->Repeater1[0]
REAL
   0.435802  0.00700765   0.0176653    0.333736
 0.00700765   0.0802469 -0.00275029  0.00730265
  0.0176653 -0.00275029    0.107407   0.0205212
   0.333736  0.00730265   0.0205212    0.376543
IMAGINARY
          0  0.00589266 -0.00608108  0.00767355
-0.00589266           0   -0.013955 -0.00608108
 0.00608108    0.013955           0   0.0130263
-0.00767355  0.00608108  -0.0130263           0
EndNode2[0]<--->HoM1[0]
REAL
  0.409623   0.010813  0.0122702   0.363786
  0.010813  0.0780234 -0.0062631 0.00171118
 0.0122702 -0.0062631  0.0611183 0.00449989
  0.363786 0.00171118 0.00449989   0.451235
IMAGINARY
          0   0.0143185   -0.012484  0.00748459
 -0.0143185           0 -0.00374394    0.012484
   0.012484  0.00374394           0 -0.00813043
-0.00748459   -0.012484  0.00813043           0
Repeater1[0]<--->EndNode1[0]
REAL
   0.435802   0.0176653  0.00700765    0.333736
  0.0176653    0.107407 -0.00275029   0.0205212
 0.00700765 -0.00275029   0.0802469  0.00730265
   0.333736   0.0205212  0.00730265    0.376543
IMAGINARY
          0 -0.00608108  0.00589266  0.00767355
 0.00608108           0    0.013955   0.0130263
-0.00589266   -0.013955           0 -0.00608108
-0.00767355  -0.0130263  0.00608108           0
Repeater1[0]<--->HoM1[0]
REAL
  0.409623  0.0122702   0.010813   0.363786
 0.0122702  0.0611183 -0.0062631 0.00449989
  0.010813 -0.0062631  0.0780234 0.00171118
  0.363786 0.00449989 0.00171118   0.451235
IMAGINARY
          0   -0.012484   0.0143185  0.00748459
   0.012484           0  0.00374394 -0.00813043
 -0.0143185 -0.00374394           0    0.012484
-0.00748459  0.00813043   -0.012484           0
EndNode1[0]<--->Repeater1[0]
REAL
    0.465116   0.00485652   0.00980593     0.335088
  0.00485652    0.0956072   -0.0137951     0.021246
  0.00980593   -0.0137951    0.0736434 -0.000420525
    0.335088     0.021246 -0.000420525     0.365633
IMAGINARY
           0  -0.00608609  0.000637225   -0.0304709
  0.00608609            0   0.00751169   -0.0144349
-0.000637225  -0.00751169            0   0.00542906
   0.0304709    0.0144349  -0.00542906            0
EndNode2[0]<--->HoM1[0]
REAL
   0.479791   0.0151111 -0.00742574    0.362073
  0.0151111   0.0677966  0.00868426  0.00742574
-0.00742574  0.00868426   0.0612777 -0.00336178
   0.362073  0.00742574 -0.00336178    0.391134
IMAGINARY
          0 -0.00978764  -0.0107766   0.0137039
 0.00978764           0  -0.0201307  0.00178625
  0.0107766   0.0201307           0  0.00218045
 -0.0137039 -0.00178625 -0.00218045           0
Repeater1[0]<--->EndNode1[0]
REAL
    0.465116   0.00980593   0.00485652     0.335088
  0.00980593    0.0736434   -0.0137951 -0.000420525
  0.00485652   -0.0137951    0.0956072     0.021246
    0.335088 -0.000420525     0.021246     0.365633
IMAGINARY
           0  0.000637225  -0.00608609   -0.0304709
-0.000637225            0  -0.00751169   0.00542906
  0.00608609   0.00751169            0   -0.0144349
   0.0304709  -0.00542906    0.0144349            0
Repeater1[0]<--->HoM1[0]
REAL
   0.479791 -0.00742574   0.0151111    0.362073
-0.00742574   0.0612777  0.00868426 -0.00336178
  0.0151111  0.00868426   0.0677966  0.00742574
   0.362073 -0.00336178  0.00742574    0.391134
IMAGINARY
          0  -0.0107766 -0.00978764   0.0137039
  0.0107766           0   0.0201307  0.00218045
 0.00978764  -0.0201307           0  0.00178625
 -0.0137039 -0.00218045 -0.00178625           0
EndNode1[0]<--->Repeater1[0]
REAL
  0.474847 -0.0145712 0.00812848   0.317012
-0.0145712  0.0871166 0.00805306 -0.0107394
0.00812848 0.00805306  0.0871166 0.00151634
  0.317012 -0.0107394 0.00151634    0.35092
IMAGINARY
          0  0.00822406  -0.0041004 -0.00877984
-0.00822406           0 -0.00363846 -0.00841606
  0.0041004  0.00363846           0  -0.0102003
 0.00877984  0.00841606   0.0102003           0
EndNode2[0]<--->HoM1[0]
REAL
    0.424552   0.00251652   0.00882724     0.369298
  0.00251652    0.0613811   -0.0130554 -0.000630517
  0.00882724   -0.0130554    0.0613811    -0.001886
    0.369298 -0.000630517    -0.001886     0.452685
IMAGINARY
          0  0.00770784   0.0157157  -0.0224174
-0.00770784           0  0.00300638 -0.00368358
 -0.0157157 -0.00300638           0 -0.00904474
  0.0224174  0.00368358  0.00904474           0
Repeater1[0]<--->EndNode1[0]
REAL
  0.474847 0.00812848 -0.0145712   0.317012
0.00812848  0.0871166 0.00805306 0.00151634
-0.0145712 0.00805306  0.0871166 -0.0107394
  0.317012 0.00151634 -0.0107394    0.35092
IMAGINARY
          0  -0.0041004  0.00822406 -0.00877984
  0.0041004           0  0.00363846  -0.0102003
-0.00822406 -0.00363846           0 -0.00841606
 0.00877984   0.0102003  0.00841606           0
Repeater1[0]<--->HoM1[0]
REAL
    0.424552   0.00882724   0.00251652     0.369298
  0.00882724    0.0613811   -0.0130554    -0.001886
  0.00251652   -0.0130554    0.0613811 -0.000630517
    0.369298    -0.001886 -0.000630517     0.452685
IMAGINARY
          0   0.0157157  0.00770784  -0.0224174
 -0.0157157           0 -0.00300638 -0.00904474
-0.00770784  0.00300638           0 -0.00368358
  0.0224174  0.00904474  0.00368358           0
EndNode1[0]<--->Repeater1[0]
REAL
   0.472703 -0.00773154  0.00356739     0.32749
-0.00773154   0.0932091 -0.00335613  -0.0157625
 0.00356739 -0.00335613   0.0652463  -0.0134495
    0.32749  -0.0157625  -0.0134495    0.368842
IMAGINARY
           0   0.00309248   0.00701983 -0.000505234
 -0.00309248            0   0.00964362   -0.0169701
 -0.00701983  -0.00964362            0   -0.0105552
 0.000505234    0.0169701    0.0105552            0
EndNode2[0]<--->HoM1[0]
REAL
   0.472542 -0.00940638   0.0152285    0.359728
-0.00940638   0.0510856   0.0113567  0.00766311
  0.0152285   0.0113567   0.0753512   0.0166353
   0.359728  0.00766311   0.0166353    0.401022
IMAGINARY
          0 -0.00391858  0.00690203  0.00861888
 0.00391858           0 -0.00614363  -0.0419898
-0.00690203  0.00614363           0    0.017703
-0.00861888   0.0419898   -0.017703           0
Repeater1[0]<--->EndNode1[0]
REAL
   0.472703  0.00356739 -0.00773154     0.32749
 0.00356739   0.0652463 -0.00335613  -0.0134495
-0.00773154 -0.00335613   0.0932091  -0.0157625
    0.32749  -0.0134495  -0.0157625    0.368842
IMAGINARY
           0   0.00701983   0.00309248 -0.000505234
 -0.00701983            0  -0.00964362   -0.0105552
 -0.00309248   0.00964362            0   -0.0169701
 0.000505234    0.0105552    0.0169701            0
Repeater1[0]<--->HoM1[0]
REAL
   0.472542   0.0152285 -0.00940638    0.359728
  0.0152285   0.0753512   0.0113567   0.0166353
-0.00940638   0.0113567   0.0510856  0.00766311
   0.359728   0.0166353  0.00766311    0.401022
IMAGINARY
          0  0.00690203 -0.00391858  0.00861888
-0.00690203           0  0.00614363    0.017703
 0.00391858 -0.00614363           0  -0.0419898
-0.00861888   -0.017703   0.0419898           0
EndNode1[0]<--->Repeater1[0]
REAL
   0.467764  -0.0074363 -0.00428217    0.332928
 -0.0074363    0.106996  0.00322267  0.00233159
-0.00428217  0.00322267   0.0781893 -0.00491741
   0.332928  0.00233159 -0.00491741    0.347051
IMAGINARY
           0 -0.000661839 -0.000932848   -0.0155991
 0.000661839            0   0.00504007  0.000292643
 0.000932848  -0.00504007            0  -0.00253919
   0.0155991 -0.000292643   0.00253919            0
EndNode2[0]<--->HoM1[0]
REAL
  0.460859 0.00788558 -0.0160668     0.3766
0.00788558  0.0568182 -0.0141326  0.0147815
-0.0160668 -0.0141326  0.0568182  -0.013027
    0.3766  0.0147815  -0.013027   0.425505
IMAGINARY
           0    0.0149906   -0.0259513  0.000577411
  -0.0149906            0  -0.00692259   -0.0134678
   0.0259513   0.00692259            0    0.0396429
-0.000577411    0.0134678   -0.0396429            0
Repeater1[0]<--->EndNode1[0]
REAL
   0.467764 -0.00428217  -0.0074363    0.332928
-0.00428217   0.0781893  0.00322267 -0.00491741
 -0.0074363  0.00322267    0.106996  0.00233159
   0.332928 -0.00491741  0.00233159    0.347051
IMAGINARY
           0 -0.000932848 -0.000661839   -0.0155991
 0.000932848            0  -0.00504007  -0.00253919
 0.000661839   0.00504007            0  0.000292643
   0.0155991   0.00253919 -0.000292643            0
Repeater1[0]<--->HoM1[0]
REAL
  0.460859 -0.0160668 0.00788558     0.3766
-0.0160668  0.0568182 -0.0141326  -0.013027
0.00788558 -0.0141326  0.0568182  0.0147815
    0.3766  -0.013027  0.0147815   0.425505
IMAGINARY
           0   -0.0259513    0.0149906  0.000577411
   0.0259513            0   0.00692259    0.0396429
  -0.0149906  -0.00692259            0   -0.0134678
-0.000577411   -0.0396429    0.0134678            0
EndNode1[0]<--->Repeater1[0]
REAL
   0.480996  -0.0154907 -0.00884666    0.320167
 -0.0154907   0.0733945   0.0107639 -0.00884666
-0.00884666   0.0107639   0.0982962  -0.0192407
   0.320167 -0.00884666  -0.0192407    0.347313
IMAGINARY
          0  -0.0473115    0.023568 -0.00503121
  0.0473115           0   0.0176666  0.00756288
  -0.023568  -0.0176666           0   0.0161806
 0.00503121 -0.00756288  -0.0161806           0
EndNode2[0]<--->HoM1[0]
REAL
   0.477667 -0.00382232  0.00891483    0.370103
-0.00382232   0.0682382  0.00281088  0.00199659
 0.00891483  0.00281088   0.0558313 -0.00195432
   0.370103  0.00199659 -0.00195432    0.398263
IMAGINARY
           0     0.014141   0.00968441    0.0140277
   -0.014141            0   0.00507634    0.0050609
 -0.00968441  -0.00507634            0 -0.000736138
  -0.0140277   -0.0050609  0.000736138            0
Repeater1[0]<--->EndNode1[0]
REAL
   0.480996 -0.00884666  -0.0154907    0.320167
-0.00884666   0.0982962   0.0107639  -0.0192407
 -0.0154907   0.0107639   0.0733945 -0.00884666
   0.320167  -0.0192407 -0.00884666    0.347313
IMAGINARY
          0    0.023568  -0.0473115 -0.00503121
  -0.023568           0  -0.0176666   0.0161806
  0.0473115   0.0176666           0  0.00756288
 0.00503121  -0.0161806 -0.00756288           0
Repeater1[0]<--->HoM1[0]
REAL
   0.477667  0.00891483 -0.00382232    0.370103
 0.00891483   0.0558313  0.00281088 -0.00195432
-0.00382232  0.00281088   0.0682382  0.00199659
   0.370103 -0.00195432  0.00199659    0.398263
IMAGINARY
           0   0.00968441     0.014141    0.0140277
 -0.00968441            0  -0.00507634 -0.000736138
   -0.014141   0.00507634            0    0.0050609
  -0.0140277  0.000736138   -0.0050609            0
EndNode1[0]<--->Repeater1[0]
REAL
   0.469865 -0.00239783  -0.0188935    0.332886
-0.00239783   0.0910209 -0.00888608   0.0122268
 -0.0188935 -0.00888608   0.0947109  0.00639783
   0.332886   0.0122268  0.00639783    0.344403
IMAGINARY
          0  0.00196725   0.0133516  -0.0142063
-0.00196725           0  -0.0102275   0.0170281
 -0.0133516   0.0102275           0 -0.00576471
  0.0142063  -0.0170281  0.00576471           0
EndNode2[0]<--->HoM1[0]
REAL
    0.47503 -0.00287213  -0.0214136    0.373086
-0.00287213   0.0596833 -0.00757289  -0.0112095
 -0.0214136 -0.00757289   0.0706456 -0.00711455
   0.373086  -0.0112095 -0.00711455    0.394641
IMAGINARY
          0  0.00663991  0.00445506  0.00077203
-0.00663991           0   0.0132229 -0.00651268
-0.00445506  -0.0132229           0 -0.00869752
-0.00077203  0.00651268  0.00869752           0
Repeater1[0]<--->EndNode1[0]
REAL
   0.469865  -0.0188935 -0.00239783    0.332886
 -0.0188935   0.0947109 -0.00888608  0.00639783
-0.00239783 -0.00888608   0.0910209   0.0122268
   0.332886  0.00639783   0.0122268    0.344403
IMAGINARY
          0   0.0133516  0.00196725  -0.0142063
 -0.0133516           0   0.0102275 -0.00576471
-0.00196725  -0.0102275           0   0.0170281
  0.0142063  0.00576471  -0.0170281           0
Repeater1[0]<--->HoM1[0]
REAL
    0.47503  -0.0214136 -0.00287213    0.373086
 -0.0214136   0.0706456 -0.00757289 -0.00711455
-0.00287213 -0.00757289   0.0596833  -0.0112095
   0.373086 -0.00711455  -0.0112095    0.394641
IMAGINARY
          0  0.00445506  0.00663991  0.00077203
-0.00445506           0  -0.0132229 -0.00869752
-0.00663991   0.0132229           0 -0.00651268
-0.00077203  0.00869752  0.00651268           0
EndNode1[0]<--->Repeater1[0]
REAL
   0.489596 -0.00422262  -0.0146665    0.324538
-0.00422262   0.0709914 -0.00943387  -0.0152815
 -0.0146665 -0.00943387   0.0856793 -0.00489196
   0.324538  -0.0152815 -0.00489196    0.353733
IMAGINARY
          0 -0.00275528  -0.0104742  -0.0187811
 0.00275528           0   0.0312189  0.00344989
  0.0104742  -0.0312189           0  0.00977954
  0.0187811 -0.00344989 -0.00977954           0
EndNode2[0]<--->HoM1[0]
REAL
   0.429293  0.00226958  0.00349763    0.390637
 0.00226958   0.0618687  0.00582726   0.0028155
 0.00349763  0.00582726   0.0719697 -0.00100696
   0.390637   0.0028155 -0.00100696    0.436869
IMAGINARY
         0  0.0120397 -0.0221713  0.0160362
-0.0120397          0  0.0049829 -0.0170692
 0.0221713 -0.0049829          0  0.0234033
-0.0160362  0.0170692 -0.0234033          0
Repeater1[0]<--->EndNode1[0]
REAL
   0.489596  -0.0146665 -0.00422262    0.324538
 -0.0146665   0.0856793 -0.00943387 -0.00489196
-0.00422262 -0.00943387   0.0709914  -0.0152815
   0.324538 -0.00489196  -0.0152815    0.353733
IMAGINARY
          0  -0.0104742 -0.00275528  -0.0187811
  0.0104742           0  -0.0312189  0.00977954
 0.00275528   0.0312189           0  0.00344989
  0.0187811 -0.00977954 -0.00344989           0
Repeater1[0]<--->HoM1[0]
REAL
   0.429293  0.00349763  0.00226958    0.390637
 0.00349763   0.0719697  0.00582726 -0.00100696
 0.00226958  0.00582726   0.0618687   0.0028155
   0.390637 -0.00100696   0.0028155    0.436869
IMAGINARY
         0 -0.0221713  0.0120397  0.0160362
 0.0221713          0 -0.0049829  0.0234033
-0.0120397  0.0049829          0 -0.0170692
-0.0160362 -0.0234033  0.0170692          0
EndNode1[0]<--->Repeater1[0]
REAL
   0.480845  0.00422675   0.0103327     0.33383
 0.00422675   0.0832232  0.00459283 -0.00778814
  0.0103327  0.00459283   0.0937913  -0.0105881
    0.33383 -0.00778814  -0.0105881     0.34214
IMAGINARY
          0 -0.00391475  0.00957734   0.0066709
 0.00391475           0  -0.0066709 -0.00116855
-0.00957734   0.0066709           0 -0.00190672
 -0.0066709  0.00116855  0.00190672           0
EndNode2[0]<--->HoM1[0]
REAL
   0.46554 -0.0142762  0.0184308   0.363613
-0.0142762  0.0650195 0.00561777 0.00208202
 0.0184308 0.00561777  0.0585176 0.00145568
  0.363613 0.00208202 0.00145568   0.410923
IMAGINARY
          0 -0.00597615  -0.0184663     0.01173
 0.00597615           0  -0.0155179 -0.00182014
  0.0184663   0.0155179           0   0.0131361
   -0.01173  0.00182014  -0.0131361           0
Repeater1[0]<--->EndNode1[0]
REAL
   0.480845   0.0103327  0.00422675     0.33383
  0.0103327   0.0937913  0.00459283  -0.0105881
 0.00422675  0.00459283   0.0832232 -0.00778814
    0.33383  -0.0105881 -0.00778814     0.34214
IMAGINARY
          0  0.00957734 -0.00391475   0.0066709
-0.00957734           0   0.0066709 -0.00190672
 0.00391475  -0.0066709           0 -0.00116855
 -0.0066709  0.00190672  0.00116855           0
Repeater1[0]<--->HoM1[0]
REAL
   0.46554  0.0184308 -0.0142762   0.363613
 0.0184308  0.0585176 0.00561777 0.00145568
-0.0142762 0.00561777  0.0650195 0.00208202
  0.363613 0.00145568 0.00208202   0.410923
IMAGINARY
          0  -0.0184663 -0.00597615     0.01173
  0.0184663           0   0.0155179   0.0131361
 0.00597615  -0.0155179           0 -0.00182014
   -0.01173  -0.0131361  0.00182014           0
EndNode1[0]<--->Repeater1[0]
REAL
   0.464103  -0.0107771   0.0137147    0.329946
 -0.0107771   0.0794872 -0.00828962  0.00730443
  0.0137147 -0.00828962   0.0858974  0.00122293
   0.329946  0.00730443  0.00122293    0.370513
IMAGINARY
          0 -0.00296266 -0.00356884 -0.00831556
 0.00296266           0  0.00387956  0.00490574
 0.00356884 -0.00387956           0   0.0136578
 0.00831556 -0.00490574  -0.0136578           0
EndNode2[0]<--->HoM1[0]
REAL
  0.448454 -0.0249309 -0.0201705   0.383599
-0.0249309   0.060567  0.0122609 -0.0143339
-0.0201705  0.0122609  0.0541237 0.00171885
  0.383599 -0.0143339 0.00171885   0.436856
IMAGINARY
          0  0.00332811 -0.00381247  0.00254674
-0.00332811           0   0.0186343 -0.00446778
 0.00381247  -0.0186343           0   0.0164171
-0.00254674  0.00446778  -0.0164171           0
Repeater1[0]<--->EndNode1[0]
REAL
   0.464103   0.0137147  -0.0107771    0.329946
  0.0137147   0.0858974 -0.00828962  0.00122293
 -0.0107771 -0.00828962   0.0794872  0.00730443
   0.329946  0.00122293  0.00730443    0.370513
IMAGINARY
          0 -0.00356884 -0.00296266 -0.00831556
 0.00356884           0 -0.00387956   0.0136578
 0.00296266  0.00387956           0  0.00490574
 0.00831556  -0.0136578 -0.00490574           0
Repeater1[0]<--->HoM1[0]
REAL
  0.448454 -0.0201705 -0.0249309   0.383599
-0.0201705  0.0541237  0.0122609 0.00171885
-0.0249309  0.0122609   0.060567 -0.0143339
  0.383599 0.00171885 -0.0143339   0.436856
IMAGINARY
          0 -0.00381247  0.00332811  0.00254674
 0.00381247           0  -0.0186343   0.0164171
-0.00332811   0.0186343           0 -0.00446778
-0.00254674  -0.0164171  0.00446778           0
EndNode1[0]<--->Repeater1[0]
REAL
     0.4753  -0.0312076  -0.0151662    0.335337
 -0.0312076   0.0761015 -0.00440653   0.0105791
 -0.0151662 -0.00440653   0.0894526 -0.00614495
   0.335337   0.0105791 -0.00614495    0.359146
IMAGINARY
          0  -0.0304771   0.0194136 -0.00272841
  0.0304771           0   -0.004679   0.0100736
 -0.0194136    0.004679           0   0.0150925
 0.00272841  -0.0100736  -0.0150925           0
EndNode2[0]<--->HoM1[0]
REAL
   0.456962  0.00205955   0.0104596    0.386307
 0.00205955   0.0746835  0.00143456 -0.00723375
  0.0104596  0.00143456   0.0949367   -0.007866
   0.386307 -0.00723375   -0.007866    0.373418
IMAGINARY
          0  0.00394008   0.0168932  0.00933899
-0.00394008           0   0.0118965  0.00787256
 -0.0168932  -0.0118965           0  -0.0126416
-0.00933899 -0.00787256   0.0126416           0
Repeater1[0]<--->EndNode1[0]
REAL
     0.4753  -0.0151662  -0.0312076    0.335337
 -0.0151662   0.0894526 -0.00440653 -0.00614495
 -0.0312076 -0.00440653   0.0761015   0.0105791
   0.335337 -0.00614495   0.0105791    0.359146
IMAGINARY
          0   0.0194136  -0.0304771 -0.00272841
 -0.0194136           0    0.004679   0.0150925
  0.0304771   -0.004679           0   0.0100736
 0.00272841  -0.0150925  -0.0100736           0
Repeater1[0]<--->HoM1[0]
REAL
   0.456962   0.0104596  0.00205955    0.386307
  0.0104596   0.0949367  0.00143456   -0.007866
 0.00205955  0.00143456   0.0746835 -0.00723375
   0.386307   -0.007866 -0.00723375    0.373418
IMAGINARY
          0   0.0168932  0.00394008  0.00933899
 -0.0168932           0  -0.0118965  -0.0126416
-0.00394008   0.0118965           0  0.00787256
-0.00933899   0.0126416 -0.00787256           0
EndNode1[0]<--->Repeater1[0]
REAL
    0.486924  -0.00663513   -0.0148028     0.321285
 -0.00663513    0.0709838 -0.000632817  -0.00557767
  -0.0148028 -0.000632817    0.0734745  -0.00287574
    0.321285  -0.00557767  -0.00287574     0.368618
IMAGINARY
          0   0.0323243  -0.0219954 -0.00033922
 -0.0323243           0 -0.00290332 -0.00814154
  0.0219954  0.00290332           0  0.00329209
 0.00033922  0.00814154 -0.00329209           0
EndNode2[0]<--->HoM1[0]
REAL
     0.484 0.00989918  0.0204394   0.372635
0.00989918  0.0586667 0.00876697 0.00247163
 0.0204394 0.00876697  0.0506667  0.0210981
  0.372635 0.00247163  0.0210981   0.406667
IMAGINARY
          0  -0.0264582   0.0188374 -0.00165083
  0.0264582           0 -0.00764285   0.0218751
 -0.0188374  0.00764285           0  -0.0180711
 0.00165083  -0.0218751   0.0180711           0
Repeater1[0]<--->EndNode1[0]
REAL
    0.486924   -0.0148028  -0.00663513     0.321285
  -0.0148028    0.0734745 -0.000632817  -0.00287574
 -0.00663513 -0.000632817    0.0709838  -0.00557767
    0.321285  -0.00287574  -0.00557767     0.368618
IMAGINARY
          0  -0.0219954   0.0323243 -0.00033922
  0.0219954           0  0.00290332  0.00329209
 -0.0323243 -0.00290332           0 -0.00814154
 0.00033922 -0.00329209  0.00814154           0
Repeater1[0]<--->HoM1[0]
REAL
     0.484  0.0204394 0.00989918   0.372635
 0.0204394  0.0506667 0.00876697  0.0210981
0.00989918 0.00876697  0.0586667 0.00247163
  0.372635  0.0210981 0.00247163   0.406667
IMAGINARY
          0   0.0188374  -0.0264582 -0.00165083
 -0.0188374           0  0.00764285  -0.0180711
  0.0264582 -0.00764285           0   0.0218751
 0.00165083   0.0180711  -0.0218751           0
EndNode1[0]<--->Repeater1[0]
REAL
   0.474555  -0.0161604  -0.0145281    0.322082
 -0.0161604   0.0852417 -0.00612316  -0.0170034
 -0.0145281 -0.00612316   0.0712468  0.00135985
   0.322082  -0.0170034  0.00135985    0.368957
IMAGINARY
          0  0.00761605  0.00678383   -0.016566
-0.00761605           0 -0.00210063  0.00347258
-0.00678383  0.00210063           0  -0.0153084
   0.016566 -0.00347258   0.0153084           0
EndNode2[0]<--->HoM1[0]
REAL
   0.450704 -0.00232041  -0.0201233    0.361162
-0.00232041   0.0550576   0.0211131  -0.0182365
 -0.0201233   0.0211131   0.0627401  -0.0029706
   0.361162  -0.0182365  -0.0029706    0.431498
IMAGINARY
          0   0.0135994  -0.0174608  -0.0131322
 -0.0135994           0  -0.0143547  -0.0161167
  0.0174608   0.0143547           0  0.00166309
  0.0131322   0.0161167 -0.00166309           0
Repeater1[0]<--->EndNode1[0]
REAL
   0.474555  -0.0145281  -0.0161604    0.322082
 -0.0145281   0.0712468 -0.00612316  0.00135985
 -0.0161604 -0.00612316   0.0852417  -0.0170034
   0.322082  0.00135985  -0.0170034    0.368957
IMAGINARY
          0  0.00678383  0.00761605   -0.016566
-0.00678383           0  0.00210063  -0.0153084
-0.00761605 -0.00210063           0  0.00347258
   0.016566   0.0153084 -0.00347258           0
Repeater1[0]<--->HoM1[0]
REAL
   0.450704  -0.0201233 -0.00232041    0.361162
 -0.0201233   0.0627401   0.0211131  -0.0029706
-0.00232041   0.0211131   0.0550576  -0.0182365
   0.361162  -0.0029706  -0.0182365    0.431498
IMAGINARY
          0  -0.0174608   0.0135994  -0.0131322
  0.0174608           0   0.0143547  0.00166309
 -0.0135994  -0.0143547           0  -0.0161167
  0.0131322 -0.00166309   0.0161167           0
EndNode1[0]<--->Repeater1[0]
REAL
   0.462069   0.0111187 -0.00069661    0.340734
  0.0111187   0.0744828  0.00621832  0.00393915
-0.00069661  0.00621832   0.0841379  -0.0130643
   0.340734  0.00393915  -0.0130643     0.37931
IMAGINARY
          0 -0.00278471   -0.010692   0.0119199
 0.00278471           0  -0.0190535  0.00950999
   0.010692   0.0190535           0  0.00869488
 -0.0119199 -0.00950999 -0.00869488           0
EndNode2[0]<--->HoM1[0]
REAL
  0.487582  0.0065547 -0.0168211   0.386189
 0.0065547  0.0614379  0.0132749 0.00743769
-0.0168211  0.0132749  0.0640523 -0.0119166
  0.386189 0.00743769 -0.0119166   0.386928
IMAGINARY
          0  -0.0158078   0.0125791 -0.00118855
  0.0158078           0 -0.00680653  0.00603455
 -0.0125791  0.00680653           0  -0.0015221
 0.00118855 -0.00603455   0.0015221           0
Repeater1[0]<--->EndNode1[0]
REAL
   0.462069 -0.00069661   0.0111187    0.340734
-0.00069661   0.0841379  0.00621832  -0.0130643
  0.0111187  0.00621832   0.0744828  0.00393915
   0.340734  -0.0130643  0.00393915     0.37931
IMAGINARY
          0   -0.010692 -0.00278471   0.0119199
   0.010692           0   0.0190535  0.00869488
 0.00278471  -0.0190535           0  0.00950999
 -0.0119199 -0.00869488 -0.00950999           0
Repeater1[0]<--->HoM1[0]
REAL
  0.487582 -0.0168211  0.0065547   0.386189
-0.0168211  0.0640523  0.0132749 -0.0119166
 0.0065547  0.0132749  0.0614379 0.00743769
  0.386189 -0.0119166 0.00743769   0.386928
IMAGINARY
          0   0.0125791  -0.0158078 -0.00118855
 -0.0125791           0  0.00680653  -0.0015221
  0.0158078 -0.00680653           0  0.00603455
 0.00118855   0.0015221 -0.00603455           0
EndNode1[0]<--->Repeater1[0]
REAL
   0.490145  -0.0110357 -0.00221152    0.336055
 -0.0110357   0.0788436 -0.00121582 0.000276039
-0.00221152 -0.00121582   0.0801577  0.00651957
   0.336055 0.000276039  0.00651957    0.350854
IMAGINARY
          0  -0.0292308   0.0157742  0.00500647
  0.0292308           0 -0.00247483   0.0117848
 -0.0157742  0.00247483           0   0.0121705
-0.00500647  -0.0117848  -0.0121705           0
EndNode2[0]<--->HoM1[0]
REAL
   0.462264   0.0100223   0.0179646    0.379517
  0.0100223   0.0714286   -0.013386 -0.00926313
  0.0179646   -0.013386   0.0606469  0.00938863
   0.379517 -0.00926313  0.00938863     0.40566
IMAGINARY
          0 -0.00584273  0.00594809 -0.00264693
 0.00584273           0  0.00877439  -0.0156255
-0.00594809 -0.00877439           0 -0.00383469
 0.00264693   0.0156255  0.00383469           0
Repeater1[0]<--->EndNode1[0]
REAL
   0.490145 -0.00221152  -0.0110357    0.336055
-0.00221152   0.0801577 -0.00121582  0.00651957
 -0.0110357 -0.00121582   0.0788436 0.000276039
   0.336055  0.00651957 0.000276039    0.350854
IMAGINARY
          0   0.0157742  -0.0292308  0.00500647
 -0.0157742           0  0.00247483   0.0121705
  0.0292308 -0.00247483           0   0.0117848
-0.00500647  -0.0121705  -0.0117848           0
Repeater1[0]<--->HoM1[0]
REAL
   0.462264   0.0179646   0.0100223    0.379517
  0.0179646   0.0606469   -0.013386  0.00938863
  0.0100223   -0.013386   0.0714286 -0.00926313
   0.379517  0.00938863 -0.00926313     0.40566
IMAGINARY
          0  0.00594809 -0.00584273 -0.00264693
-0.00594809           0 -0.00877439 -0.00383469
 0.00584273  0.00877439           0  -0.0156255
 0.00264693  0.00383469   0.0156255           0
EndNode1[0]<--->Repeater1[0]
REAL
   0.448187  0.00288415  -0.0266648    0.336253
 0.00288415   0.0906736   0.0090151 -0.00402573
 -0.0266648   0.0090151   0.0867876 -0.00927801
   0.336253 -0.00402573 -0.00927801    0.374352
IMAGINARY
          0   0.0056202  -0.0121195 -0.00519212
 -0.0056202           0  0.00706946  0.00644485
  0.0121195 -0.00706946           0 -0.00877279
 0.00519212 -0.00644485  0.00877279           0
EndNode2[0]<--->HoM1[0]
REAL
     0.47871  -0.00819005  -0.00756179      0.38145
 -0.00819005    0.0541935  -0.00514793   -0.0106674
 -0.00756179  -0.00514793    0.0516129 -0.000924531
     0.38145   -0.0106674 -0.000924531     0.415484
IMAGINARY
           0   -0.0145555  -0.00394694    0.0161834
