EndNode1[0]<--->Repeater1[0]
REAL
   0.445667   0.0217299 -0.00103004    0.380113
  0.0217299   0.0467675   0.0113011   0.0187068
-0.00103004   0.0113011   0.0605227  0.00352262
   0.380113   0.0187068  0.00352262    0.447043
IMAGINARY
          0  0.00436309 -0.00381906    0.013933
-0.00436309           0  0.00335097  0.00505668
 0.00381906 -0.00335097           0  0.00182502
  -0.013933 -0.00505668 -0.00182502           0
EndNode2[0]<--->HoM1[0]
REAL
  0.428934 0.00579336   0.013241   0.377415
0.00579336  0.0659898  0.0138353 0.00300904
  0.013241  0.0138353  0.0545685  0.0117066
  0.377415 0.00300904  0.0117066   0.450508
IMAGINARY
           0 -0.000915323    0.0197949   0.00210358
 0.000915323            0   -0.0189155  -0.00665347
  -0.0197949    0.0189155            0   0.00654736
 -0.00210358   0.00665347  -0.00654736            0
Repeater1[0]<--->EndNode1[0]
REAL
   0.445667 -0.00103004   0.0217299    0.380113
-0.00103004   0.0605227   0.0113011  0.00352262
  0.0217299   0.0113011   0.0467675   0.0187068
   0.380113  0.00352262   0.0187068    0.447043
IMAGINARY
          0 -0.00381906  0.00436309    0.013933
 0.00381906           0 -0.00335097  0.00182502
-0.00436309  0.00335097           0  0.00505668
  -0.013933 -0.00182502 -0.00505668           0
Repeater1[0]<--->HoM1[0]
REAL
  0.428934   0.013241 0.00579336   0.377415
  0.013241  0.0545685  0.0138353  0.0117066
0.00579336  0.0138353  0.0659898 0.00300904
  0.377415  0.0117066 0.00300904   0.450508
IMAGINARY
           0    0.0197949 -0.000915323   0.00210358
  -0.0197949            0    0.0189155   0.00654736
 0.000915323   -0.0189155            0  -0.00665347
 -0.00210358  -0.00654736   0.00665347            0
EndNode1[0]<--->Repeater1[0]
REAL
   0.429293 -0.00630973  -0.0113114    0.376632
-0.00630973   0.0593434   0.0230968  0.00318134
 -0.0113114   0.0230968   0.0568182 -0.00453037
   0.376632  0.00318134 -0.00453037    0.454545
IMAGINARY
          0  -0.0216697 -0.00382985 -0.00892128
  0.0216697           0   0.0115391   0.0114056
 0.00382985  -0.0115391           0  -0.0061081
 0.00892128  -0.0114056   0.0061081           0
EndNode2[0]<--->HoM1[0]
REAL
   0.445736 -0.00641169  0.00853433    0.386099
-0.00641169   0.0555556   0.0173322  -0.0155229
 0.00853433   0.0173322   0.0620155  0.00958831
   0.386099  -0.0155229  0.00958831    0.436693
IMAGINARY
           0   -0.0174235   -0.0178812   0.00268099
   0.0174235            0    0.0101067   0.00869483
   0.0178812   -0.0101067            0  0.000363097
 -0.00268099  -0.00869483 -0.000363097            0
Repeater1[0]<--->EndNode1[0]
REAL
   0.429293  -0.0113114 -0.00630973    0.376632
 -0.0113114   0.0568182   0.0230968 -0.00453037
-0.00630973   0.0230968   0.0593434  0.00318134
   0.376632 -0.00453037  0.00318134    0.454545
IMAGINARY
          0 -0.00382985  -0.0216697 -0.00892128
 0.00382985           0  -0.0115391  -0.0061081
  0.0216697   0.0115391           0   0.0114056
 0.00892128   0.0061081  -0.0114056           0
Repeater1[0]<--->HoM1[0]
REAL
   0.445736  0.00853433 -0.00641169    0.386099
 0.00853433   0.0620155   0.0173322  0.00958831
-0.00641169   0.0173322   0.0555556  -0.0155229
   0.386099  0.00958831  -0.0155229    0.436693
IMAGINARY
           0   -0.0178812   -0.0174235   0.00268099
   0.0178812            0   -0.0101067  0.000363097
   0.0174235    0.0101067            0   0.00869483
 -0.00268099 -0.000363097  -0.00869483            0
EndNode1[0]<--->Repeater1[0]
REAL
  0.446134  0.0023173 0.00140289   0.392257
 0.0023173  0.0506971  0.0231795  0.0126911
0.00140289  0.0231795  0.0595691  0.0184881
  0.392257  0.0126911  0.0184881   0.443599
IMAGINARY
          0   0.0148624 -0.00872818   0.0283833
 -0.0148624           0 -0.00848602  -0.0386534
 0.00872818  0.00848602           0    0.023791
 -0.0283833   0.0386534   -0.023791           0
EndNode2[0]<--->HoM1[0]
REAL
  0.429603   0.024647  0.0233115   0.379039
  0.024647  0.0565584  0.0167942  0.0159041
 0.0233115  0.0167942  0.0589651 0.00599027
  0.379039  0.0159041 0.00599027   0.454874
IMAGINARY
          0  0.00268105  0.00448748  0.00958432
-0.00268105           0  -0.0157235  0.00189007
-0.00448748   0.0157235           0  -0.0243647
-0.00958432 -0.00189007   0.0243647           0
Repeater1[0]<--->EndNode1[0]
REAL
  0.446134 0.00140289  0.0023173   0.392257
0.00140289  0.0595691  0.0231795  0.0184881
 0.0023173  0.0231795  0.0506971  0.0126911
  0.392257  0.0184881  0.0126911   0.443599
IMAGINARY
          0 -0.00872818   0.0148624   0.0283833
 0.00872818           0  0.00848602    0.023791
 -0.0148624 -0.00848602           0  -0.0386534
 -0.0283833   -0.023791   0.0386534           0
Repeater1[0]<--->HoM1[0]
REAL
  0.429603  0.0233115   0.024647   0.379039
 0.0233115  0.0589651  0.0167942 0.00599027
  0.024647  0.0167942  0.0565584  0.0159041
  0.379039 0.00599027  0.0159041   0.454874
IMAGINARY
          0  0.00448748  0.00268105  0.00958432
-0.00448748           0   0.0157235  -0.0243647
-0.00268105  -0.0157235           0  0.00189007
-0.00958432   0.0243647 -0.00189007           0
EndNode1[0]<--->Repeater1[0]
REAL
   0.433842   0.0143145   0.0119743    0.390763
  0.0143145   0.0534351   0.0224447 -0.00757176
  0.0119743   0.0224447   0.0750636  -0.0136855
   0.390763 -0.00757176  -0.0136855    0.437659
IMAGINARY
          0 -0.00951898   0.0248558   0.0115188
 0.00951898           0 -0.00295489  0.00317554
 -0.0248558  0.00295489           0   0.0010444
 -0.0115188 -0.00317554  -0.0010444           0
EndNode2[0]<--->HoM1[0]
REAL
   0.445964 -0.00425625  -0.0135089    0.381521
-0.00425625   0.0615595   0.0125192  -0.0056964
 -0.0135089   0.0125192   0.0506156  -0.0175981
   0.381521  -0.0056964  -0.0175981     0.44186
IMAGINARY
          0  0.00102638   0.0154917  0.00726901
-0.00102638           0 -0.00551872  0.00850312
 -0.0154917  0.00551872           0 -0.00815997
-0.00726901 -0.00850312  0.00815997           0
Repeater1[0]<--->EndNode1[0]
REAL
   0.433842   0.0119743   0.0143145    0.390763
  0.0119743   0.0750636   0.0224447  -0.0136855
  0.0143145   0.0224447   0.0534351 -0.00757176
   0.390763  -0.0136855 -0.00757176    0.437659
IMAGINARY
          0   0.0248558 -0.00951898   0.0115188
 -0.0248558           0  0.00295489   0.0010444
 0.00951898 -0.00295489           0  0.00317554
 -0.0115188  -0.0010444 -0.00317554           0
Repeater1[0]<--->HoM1[0]
REAL
   0.445964  -0.0135089 -0.00425625    0.381521
 -0.0135089   0.0506156   0.0125192  -0.0175981
-0.00425625   0.0125192   0.0615595  -0.0056964
   0.381521  -0.0175981  -0.0056964     0.44186
IMAGINARY
          0   0.0154917  0.00102638  0.00726901
 -0.0154917           0  0.00551872 -0.00815997
-0.00102638 -0.00551872           0  0.00850312
-0.00726901  0.00815997 -0.00850312           0
EndNode1[0]<--->Repeater1[0]
REAL
   0.429521  0.00821595 -0.00113685    0.365088
 0.00821595   0.0638298   0.0147138 -0.00443936
-0.00113685   0.0147138   0.0598404 -0.00263974
   0.365088 -0.00443936 -0.00263974    0.446809
IMAGINARY
          0  -0.0135708   0.0144271 -0.00675676
  0.0135708           0 -0.00675676  -0.0131802
 -0.0144271  0.00675676           0 -0.00762624
 0.00675676   0.0131802  0.00762624           0
EndNode2[0]<--->HoM1[0]
REAL
 0.457606 0.0160068 0.0181971  0.375631
0.0160068 0.0473815 0.0241084 0.0195633
0.0181971 0.0241084 0.0486284 0.0178473
 0.375631 0.0195633 0.0178473  0.446384
IMAGINARY
          0   0.0388525 -0.00874372   0.0106759
 -0.0388525           0  -0.0166679   -0.017906
 0.00874372   0.0166679           0  0.00683279
 -0.0106759    0.017906 -0.00683279           0
Repeater1[0]<--->EndNode1[0]
REAL
   0.429521 -0.00113685  0.00821595    0.365088
-0.00113685   0.0598404   0.0147138 -0.00263974
 0.00821595   0.0147138   0.0638298 -0.00443936
   0.365088 -0.00263974 -0.00443936    0.446809
IMAGINARY
          0   0.0144271  -0.0135708 -0.00675676
 -0.0144271           0  0.00675676 -0.00762624
  0.0135708 -0.00675676           0  -0.0131802
 0.00675676  0.00762624   0.0131802           0
Repeater1[0]<--->HoM1[0]
REAL
 0.457606 0.0181971 0.0160068  0.375631
0.0181971 0.0486284 0.0241084 0.0178473
0.0160068 0.0241084 0.0473815 0.0195633
 0.375631 0.0178473 0.0195633  0.446384
IMAGINARY
          0 -0.00874372   0.0388525   0.0106759
 0.00874372           0   0.0166679  0.00683279
 -0.0388525  -0.0166679           0   -0.017906
 -0.0106759 -0.00683279    0.017906           0
EndNode1[0]<--->Repeater1[0]
REAL
   0.449612 -0.00804533  -0.0164998    0.376925
-0.00804533   0.0697674    0.037773  0.00862581
 -0.0164998    0.037773   0.0607235  0.00673299
   0.376925  0.00862581  0.00673299    0.419897
IMAGINARY
          0   0.0124109 -0.00477414  0.00761589
 -0.0124109           0 -0.00761589  0.00352726
 0.00477414  0.00761589           0  0.00255172
-0.00761589 -0.00352726 -0.00255172           0
EndNode2[0]<--->HoM1[0]
REAL
   0.445799 0.000458135   -0.019676    0.379691
0.000458135   0.0528455   0.0161145  -0.0012983
  -0.019676   0.0161145   0.0555556  -0.0119602
   0.379691  -0.0012983  -0.0119602    0.445799
IMAGINARY
          0  0.00240502  -0.0138862 -0.00752761
-0.00240502           0   -0.012777 -0.00267012
  0.0138862    0.012777           0   0.0287208
 0.00752761  0.00267012  -0.0287208           0
Repeater1[0]<--->EndNode1[0]
REAL
   0.449612  -0.0164998 -0.00804533    0.376925
 -0.0164998   0.0607235    0.037773  0.00673299
-0.00804533    0.037773   0.0697674  0.00862581
   0.376925  0.00673299  0.00862581    0.419897
IMAGINARY
          0 -0.00477414   0.0124109  0.00761589
 0.00477414           0  0.00761589  0.00255172
 -0.0124109 -0.00761589           0  0.00352726
-0.00761589 -0.00255172 -0.00352726           0
Repeater1[0]<--->HoM1[0]
REAL
   0.445799   -0.019676 0.000458135    0.379691
  -0.019676   0.0555556   0.0161145  -0.0119602
0.000458135   0.0161145   0.0528455  -0.0012983
   0.379691  -0.0119602  -0.0012983    0.445799
IMAGINARY
          0  -0.0138862  0.00240502 -0.00752761
  0.0138862           0    0.012777   0.0287208
-0.00240502   -0.012777           0 -0.00267012
 0.00752761  -0.0287208  0.00267012           0
EndNode1[0]<--->Repeater1[0]
REAL
   0.455013  -0.0216063  -0.0121358    0.374874
 -0.0216063   0.0552699   0.0195281 -0.00567588
 -0.0121358   0.0195281   0.0501285  0.00252236
   0.374874 -0.00567588  0.00252236    0.439589
IMAGINARY
           0   -0.0154009  -0.00270942    0.0253361
   0.0154009            0 -0.000437069     0.024722
  0.00270942  0.000437069            0   -0.0129009
  -0.0253361    -0.024722    0.0129009            0
EndNode2[0]<--->HoM1[0]
REAL
   0.47569  0.0185185 0.00681909   0.386921
 0.0185185  0.0578187 0.00354295 0.00349019
0.00681909 0.00354295  0.0446781  0.0085434
  0.386921 0.00349019  0.0085434   0.421813
IMAGINARY
          0   0.0113941 -0.00336908  -0.0143884
 -0.0113941           0  0.00219326  -0.0100357
 0.00336908 -0.00219326           0   0.0113941
  0.0143884   0.0100357  -0.0113941           0
Repeater1[0]<--->EndNode1[0]
REAL
   0.455013  -0.0121358  -0.0216063    0.374874
 -0.0121358   0.0501285   0.0195281  0.00252236
 -0.0216063   0.0195281   0.0552699 -0.00567588
   0.374874  0.00252236 -0.00567588    0.439589
IMAGINARY
           0  -0.00270942   -0.0154009    0.0253361
  0.00270942            0  0.000437069   -0.0129009
   0.0154009 -0.000437069            0     0.024722
  -0.0253361    0.0129009    -0.024722            0
Repeater1[0]<--->HoM1[0]
REAL
   0.47569 0.00681909  0.0185185   0.386921
0.00681909  0.0446781 0.00354295  0.0085434
 0.0185185 0.00354295  0.0578187 0.00349019
  0.386921  0.0085434 0.00349019   0.421813
IMAGINARY
          0 -0.00336908   0.0113941  -0.0143884
 0.00336908           0 -0.00219326   0.0113941
 -0.0113941  0.00219326           0  -0.0100357
  0.0143884  -0.0113941   0.0100357           0
EndNode1[0]<--->Repeater1[0]
REAL
   0.444862 -0.00162802  0.00556786    0.379172
-0.00162802   0.0551378   0.0176946  0.00357052
 0.00556786   0.0176946    0.047619  0.00423899
   0.379172  0.00357052  0.00423899    0.452381
IMAGINARY
          0   0.0133179  0.00261293  -0.0223163
 -0.0133179           0  -0.0136314  -0.0105285
-0.00261293   0.0136314           0  -0.0119986
  0.0223163   0.0105285   0.0119986           0
EndNode2[0]<--->HoM1[0]
REAL
  0.423529 -0.0223555 -0.0157641   0.379709
-0.0223555  0.0836601  0.0285929 -0.0195519
-0.0157641  0.0285929  0.0496732 -0.0104822
  0.379709 -0.0195519 -0.0104822   0.443137
IMAGINARY
          0  -0.0238374   0.0130212   0.0221695
  0.0238374           0  -0.0132636  0.00807066
 -0.0130212   0.0132636           0  -0.0171055
 -0.0221695 -0.00807066   0.0171055           0
Repeater1[0]<--->EndNode1[0]
REAL
   0.444862  0.00556786 -0.00162802    0.379172
 0.00556786    0.047619   0.0176946  0.00423899
-0.00162802   0.0176946   0.0551378  0.00357052
   0.379172  0.00423899  0.00357052    0.452381
IMAGINARY
          0  0.00261293   0.0133179  -0.0223163
-0.00261293           0   0.0136314  -0.0119986
 -0.0133179  -0.0136314           0  -0.0105285
  0.0223163   0.0119986   0.0105285           0
Repeater1[0]<--->HoM1[0]
REAL
  0.423529 -0.0157641 -0.0223555   0.379709
-0.0157641  0.0496732  0.0285929 -0.0104822
-0.0223555  0.0285929  0.0836601 -0.0195519
  0.379709 -0.0104822 -0.0195519   0.443137
IMAGINARY
          0   0.0130212  -0.0238374   0.0221695
 -0.0130212           0   0.0132636  -0.0171055
  0.0238374  -0.0132636           0  0.00807066
 -0.0221695   0.0171055 -0.00807066           0
EndNode1[0]<--->Repeater1[0]
REAL
  0.422535 -0.0125465  0.0023743   0.381219
-0.0125465   0.056338  0.0225238 -0.0050481
 0.0023743  0.0225238  0.0512164 0.00185136
  0.381219 -0.0050481 0.00185136    0.46991
IMAGINARY
          0  0.00683344   0.0127032 -0.00992911
-0.00683344           0  -0.0143427  -0.0167793
 -0.0127032   0.0143427           0  0.00811221
 0.00992911   0.0167793 -0.00811221           0
EndNode2[0]<--->HoM1[0]
REAL
   0.442049  0.00723819 -0.00175288    0.393244
 0.00723819   0.0458221   0.0139987 -0.00777698
-0.00175288   0.0139987   0.0592992 -0.00787351
   0.393244 -0.00777698 -0.00787351     0.45283
IMAGINARY
          0  -0.0203002   0.0271734   0.0218739
  0.0203002           0   0.0182331 -0.00893436
 -0.0271734  -0.0182331           0 -0.00297027
 -0.0218739  0.00893436  0.00297027           0
Repeater1[0]<--->EndNode1[0]
REAL
  0.422535  0.0023743 -0.0125465   0.381219
 0.0023743  0.0512164  0.0225238 0.00185136
-0.0125465  0.0225238   0.056338 -0.0050481
  0.381219 0.00185136 -0.0050481    0.46991
IMAGINARY
          0   0.0127032  0.00683344 -0.00992911
 -0.0127032           0   0.0143427  0.00811221
-0.00683344  -0.0143427           0  -0.0167793
 0.00992911 -0.00811221   0.0167793           0
Repeater1[0]<--->HoM1[0]
REAL
   0.442049 -0.00175288  0.00723819    0.393244
-0.00175288   0.0592992   0.0139987 -0.00787351
 0.00723819   0.0139987   0.0458221 -0.00777698
   0.393244 -0.00787351 -0.00777698     0.45283
IMAGINARY
          0   0.0271734  -0.0203002   0.0218739
 -0.0271734           0  -0.0182331 -0.00297027
  0.0203002   0.0182331           0 -0.00893436
 -0.0218739  0.00297027  0.00893436           0
EndNode1[0]<--->Repeater1[0]
REAL
   0.457375  0.00576478 0.000572627    0.374885
 0.00576478   0.0473613   0.0150604  0.00350346
0.000572627   0.0150604   0.0595399 -0.00848217
   0.374885  0.00350346 -0.00848217    0.435724
IMAGINARY
          0  0.00219337   0.0137908 -0.00842698
-0.00219337           0  -0.0246365  0.00435686
 -0.0137908   0.0246365           0 -0.00281916
 0.00842698 -0.00435686  0.00281916           0
EndNode2[0]<--->HoM1[0]
REAL
   0.456989 -0.00615067  0.00221569    0.377233
-0.00615067   0.0672043   0.0159463 -0.00157219
 0.00221569   0.0159463   0.0524194   0.0132292
   0.377233 -0.00157219   0.0132292    0.423387
IMAGINARY
          0  -0.0131946 -0.00623776  0.00264415
  0.0131946           0  -0.0144661   0.0472214
 0.00623776   0.0144661           0  -0.0101346
-0.00264415  -0.0472214   0.0101346           0
Repeater1[0]<--->EndNode1[0]
REAL
   0.457375 0.000572627  0.00576478    0.374885
0.000572627   0.0595399   0.0150604 -0.00848217
 0.00576478   0.0150604   0.0473613  0.00350346
   0.374885 -0.00848217  0.00350346    0.435724
IMAGINARY
          0   0.0137908  0.00219337 -0.00842698
 -0.0137908           0   0.0246365 -0.00281916
-0.00219337  -0.0246365           0  0.00435686
 0.00842698  0.00281916 -0.00435686           0
Repeater1[0]<--->HoM1[0]
REAL
   0.456989  0.00221569 -0.00615067    0.377233
 0.00221569   0.0524194   0.0159463   0.0132292
-0.00615067   0.0159463   0.0672043 -0.00157219
   0.377233   0.0132292 -0.00157219    0.423387
IMAGINARY
          0 -0.00623776  -0.0131946  0.00264415
 0.00623776           0   0.0144661  -0.0101346
  0.0131946  -0.0144661           0   0.0472214
-0.00264415   0.0101346  -0.0472214           0
EndNode1[0]<--->Repeater1[0]
REAL
   0.450867 0.000516048  0.00266491    0.380327
0.000516048   0.0554913   0.0155343 0.000672876
 0.00266491   0.0155343   0.0612717   0.0108324
   0.380327 0.000672876   0.0108324     0.43237
IMAGINARY
          0  0.00127943  0.00352328   0.0210415
-0.00127943           0 -0.00197636  -0.0122248
-0.00352328  0.00197636           0  0.00876073
 -0.0210415   0.0122248 -0.00876073           0
EndNode2[0]<--->HoM1[0]
REAL
  0.450758 0.00994792   0.004375   0.378109
0.00994792  0.0441919   0.029391   0.015625
  0.004375   0.029391  0.0681818  0.0125521
  0.378109   0.015625  0.0125521   0.436869
IMAGINARY
          0   -0.011089   0.0105633 -0.00797555
   0.011089           0  0.00330265   0.0176418
 -0.0105633 -0.00330265           0 -0.00429557
 0.00797555  -0.0176418  0.00429557           0
Repeater1[0]<--->EndNode1[0]
REAL
   0.450867  0.00266491 0.000516048    0.380327
 0.00266491   0.0612717   0.0155343   0.0108324
0.000516048   0.0155343   0.0554913 0.000672876
   0.380327   0.0108324 0.000672876     0.43237
IMAGINARY
          0  0.00352328  0.00127943   0.0210415
-0.00352328           0  0.00197636  0.00876073
-0.00127943 -0.00197636           0  -0.0122248
 -0.0210415 -0.00876073   0.0122248           0
Repeater1[0]<--->HoM1[0]
REAL
  0.450758   0.004375 0.00994792   0.378109
  0.004375  0.0681818   0.029391  0.0125521
0.00994792   0.029391  0.0441919   0.015625
  0.378109  0.0125521   0.015625   0.436869
IMAGINARY
          0   0.0105633   -0.011089 -0.00797555
 -0.0105633           0 -0.00330265 -0.00429557
   0.011089  0.00330265           0   0.0176418
 0.00797555  0.00429557  -0.0176418           0
EndNode1[0]<--->Repeater1[0]
REAL
   0.451654 -0.00213364  -0.0101958    0.385217
-0.00213364   0.0737913    0.017222  -0.0114844
 -0.0101958    0.017222   0.0661578  -0.0195466
   0.385217  -0.0114844  -0.0195466    0.408397
IMAGINARY
           0    0.0201634  0.000762068  -0.00585363
  -0.0201634            0  0.000903131  -0.00263006
-0.000762068 -0.000903131            0  -0.00335145
  0.00585363   0.00263006   0.00335145            0
EndNode2[0]<--->HoM1[0]
REAL
    0.477041    0.0111691   -0.0101033     0.383982
   0.0111691    0.0586735  0.000881892 -0.000892796
  -0.0101033  0.000881892    0.0548469  -0.00793497
    0.383982 -0.000892796  -0.00793497     0.409439
IMAGINARY
          0  0.00570922  -0.0259971   0.0162693
-0.00570922           0  0.00790376  -0.0013218
  0.0259971 -0.00790376           0   0.0343162
 -0.0162693   0.0013218  -0.0343162           0
Repeater1[0]<--->EndNode1[0]
REAL
   0.451654  -0.0101958 -0.00213364    0.385217
 -0.0101958   0.0661578    0.017222  -0.0195466
-0.00213364    0.017222   0.0737913  -0.0114844
   0.385217  -0.0195466  -0.0114844    0.408397
IMAGINARY
           0  0.000762068    0.0201634  -0.00585363
-0.000762068            0 -0.000903131  -0.00335145
  -0.0201634  0.000903131            0  -0.00263006
  0.00585363   0.00335145   0.00263006            0
Repeater1[0]<--->HoM1[0]
REAL
    0.477041   -0.0101033    0.0111691     0.383982
  -0.0101033    0.0548469  0.000881892  -0.00793497
   0.0111691  0.000881892    0.0586735 -0.000892796
    0.383982  -0.00793497 -0.000892796     0.409439
IMAGINARY
          0  -0.0259971  0.00570922   0.0162693
  0.0259971           0 -0.00790376   0.0343162
-0.00570922  0.00790376           0  -0.0013218
 -0.0162693  -0.0343162   0.0013218           0
EndNode1[0]<--->Repeater1[0]
REAL
    0.458886    0.0204839  -0.00880335     0.376195
   0.0204839    0.0596817  0.000411247 -0.000194079
 -0.00880335  0.000411247    0.0477454   -0.0191986
    0.376195 -0.000194079   -0.0191986     0.433687
IMAGINARY
          0  -0.0126579   0.0192133 -0.00362812
  0.0126579           0  0.00297452  0.00776289
 -0.0192133 -0.00297452           0  -0.0105541
 0.00362812 -0.00776289   0.0105541           0
EndNode2[0]<--->HoM1[0]
REAL
 0.453608 0.0264597 0.0189032   0.38138
0.0264597 0.0502577 0.0140453 0.0170445
0.0189032 0.0140453 0.0489691 0.0251743
  0.38138 0.0170445 0.0251743  0.447165
IMAGINARY
          0   0.0112691  0.00887473  -0.0160554
 -0.0112691           0     0.03531 -0.00449425
-0.00887473    -0.03531           0  -0.0106433
  0.0160554  0.00449425   0.0106433           0
Repeater1[0]<--->EndNode1[0]
REAL
    0.458886  -0.00880335    0.0204839     0.376195
 -0.00880335    0.0477454  0.000411247   -0.0191986
   0.0204839  0.000411247    0.0596817 -0.000194079
    0.376195   -0.0191986 -0.000194079     0.433687
IMAGINARY
          0   0.0192133  -0.0126579 -0.00362812
 -0.0192133           0 -0.00297452  -0.0105541
  0.0126579  0.00297452           0  0.00776289
 0.00362812   0.0105541 -0.00776289           0
Repeater1[0]<--->HoM1[0]
REAL
 0.453608 0.0189032 0.0264597   0.38138
0.0189032 0.0489691 0.0140453 0.0251743
0.0264597 0.0140453 0.0502577 0.0170445
  0.38138 0.0251743 0.0170445  0.447165
IMAGINARY
          0  0.00887473   0.0112691  -0.0160554
-0.00887473           0    -0.03531  -0.0106433
 -0.0112691     0.03531           0 -0.00449425
  0.0160554   0.0106433  0.00449425           0
EndNode1[0]<--->Repeater1[0]
REAL
    0.43433 -0.00284058   -0.015411    0.367796
-0.00284058   0.0546164   0.0272167  -0.0134604
  -0.015411   0.0272167   0.0494148  -0.0234061
   0.367796  -0.0134604  -0.0234061    0.461638
IMAGINARY
           0    0.0176298   0.00126064  -0.00281168
  -0.0176298            0   -0.0103117  -0.00982454
 -0.00126064    0.0103117            0  0.000156721
  0.00281168   0.00982454 -0.000156721            0
EndNode2[0]<--->HoM1[0]
REAL
    0.429882   0.00746596   0.00773459     0.378802
  0.00746596     0.051114    0.0195246   0.00577892
  0.00773459    0.0195246     0.068152 -0.000387448
    0.378802   0.00577892 -0.000387448     0.450852
IMAGINARY
          0  -0.0129818  -0.0116029  -0.0213389
  0.0129818           0   0.0226309 -0.00520905
  0.0116029  -0.0226309           0   0.0335298
  0.0213389  0.00520905  -0.0335298           0
Repeater1[0]<--->EndNode1[0]
REAL
    0.43433   -0.015411 -0.00284058    0.367796
  -0.015411   0.0494148   0.0272167  -0.0234061
-0.00284058   0.0272167   0.0546164  -0.0134604
   0.367796  -0.0234061  -0.0134604    0.461638
IMAGINARY
           0   0.00126064    0.0176298  -0.00281168
 -0.00126064            0    0.0103117  0.000156721
  -0.0176298   -0.0103117            0  -0.00982454
  0.00281168 -0.000156721   0.00982454            0
Repeater1[0]<--->HoM1[0]
REAL
    0.429882   0.00773459   0.00746596     0.378802
  0.00773459     0.068152    0.0195246 -0.000387448
  0.00746596    0.0195246     0.051114   0.00577892
    0.378802 -0.000387448   0.00577892     0.450852
IMAGINARY
          0  -0.0116029  -0.0129818  -0.0213389
  0.0116029           0  -0.0226309   0.0335298
  0.0129818   0.0226309           0 -0.00520905
  0.0213389  -0.0335298  0.00520905           0
EndNode1[0]<--->Repeater1[0]
REAL
      0.452  0.00835672 -0.00763286    0.383126
 0.00835672   0.0466667  0.00258869  0.00893156
-0.00763286  0.00258869   0.0586667  0.00333159
   0.383126  0.00893156  0.00333159    0.442667
IMAGINARY
          0  0.00895991 -0.00478261  0.00740988
-0.00895991           0   0.0010647   0.0108229
 0.00478261  -0.0010647           0  0.00244949
-0.00740988  -0.0108229 -0.00244949           0
EndNode2[0]<--->HoM1[0]
REAL
    0.443456  -0.00124032   0.00470224     0.385606
 -0.00124032     0.047014   0.00598933 -0.000439147
  0.00470224   0.00598933    0.0508259 -0.000586723
    0.385606 -0.000439147 -0.000586723     0.458704
IMAGINARY
          0 -0.00792179  0.00017475 -0.00864254
 0.00792179           0  -0.0263641   0.0059812
-0.00017475   0.0263641           0 -0.00917807
 0.00864254  -0.0059812  0.00917807           0
Repeater1[0]<--->EndNode1[0]
REAL
      0.452 -0.00763286  0.00835672    0.383126
-0.00763286   0.0586667  0.00258869  0.00333159
 0.00835672  0.00258869   0.0466667  0.00893156
   0.383126  0.00333159  0.00893156    0.442667
IMAGINARY
          0 -0.00478261  0.00895991  0.00740988
 0.00478261           0  -0.0010647  0.00244949
-0.00895991   0.0010647           0   0.0108229
-0.00740988 -0.00244949  -0.0108229           0
Repeater1[0]<--->HoM1[0]
REAL
    0.443456   0.00470224  -0.00124032     0.385606
  0.00470224    0.0508259   0.00598933 -0.000586723
 -0.00124032   0.00598933     0.047014 -0.000439147
    0.385606 -0.000586723 -0.000439147     0.458704
IMAGINARY
          0  0.00017475 -0.00792179 -0.00864254
-0.00017475           0   0.0263641 -0.00917807
 0.00792179  -0.0263641           0   0.0059812
 0.00864254  0.00917807  -0.0059812           0
EndNode1[0]<--->Repeater1[0]
REAL
    0.436582  -0.00562963 -1.52793e-06     0.378989
 -0.00562963    0.0774366     0.013604    0.0012361
-1.52793e-06     0.013604    0.0427236     0.013037
    0.378989    0.0012361     0.013037     0.443258
IMAGINARY
          0   0.0124542  0.00471342  -0.0031525
 -0.0124542           0   0.0114752   0.0145173
-0.00471342  -0.0114752           0  -0.0304029
  0.0031525  -0.0145173   0.0304029           0
EndNode2[0]<--->HoM1[0]
REAL
    0.43853  0.00342383  -0.0104255    0.381494
 0.00342383   0.0633714   0.0041475  0.00979015
 -0.0104255   0.0041475   0.0519645 -0.00405916
   0.381494  0.00979015 -0.00405916    0.446134
IMAGINARY
           0  0.000464448  -0.00582898   0.00151818
-0.000464448            0   0.00801168    0.0227251
  0.00582898  -0.00801168            0  -0.00734805
 -0.00151818   -0.0227251   0.00734805            0
Repeater1[0]<--->EndNode1[0]
REAL
    0.436582 -1.52793e-06  -0.00562963     0.378989
-1.52793e-06    0.0427236     0.013604     0.013037
 -0.00562963     0.013604    0.0774366    0.0012361
    0.378989     0.013037    0.0012361     0.443258
IMAGINARY
          0  0.00471342   0.0124542  -0.0031525
-0.00471342           0  -0.0114752  -0.0304029
 -0.0124542   0.0114752           0   0.0145173
  0.0031525   0.0304029  -0.0145173           0
Repeater1[0]<--->HoM1[0]
REAL
    0.43853  -0.0104255  0.00342383    0.381494
 -0.0104255   0.0519645   0.0041475 -0.00405916
 0.00342383   0.0041475   0.0633714  0.00979015
   0.381494 -0.00405916  0.00979015    0.446134
IMAGINARY
           0  -0.00582898  0.000464448   0.00151818
  0.00582898            0  -0.00801168  -0.00734805
-0.000464448   0.00801168            0    0.0227251
 -0.00151818   0.00734805   -0.0227251            0
EndNode1[0]<--->Repeater1[0]
REAL
  0.428951 -0.0151158 0.00527435   0.394438
-0.0151158  0.0690571  0.0145362 -0.0232231
0.00527435  0.0145362   0.063745 0.00101323
  0.394438 -0.0232231 0.00101323   0.438247
IMAGINARY
          0 -0.00208816  -0.0121023 -0.00729426
 0.00208816           0  0.00271909  0.00720033
  0.0121023 -0.00271909           0 -0.00526478
 0.00729426 -0.00720033  0.00526478           0
EndNode2[0]<--->HoM1[0]
REAL
    0.461343   -0.0116429    0.0105336     0.373597
  -0.0116429    0.0456274    0.0190286  -0.00600581
   0.0105336    0.0190286    0.0430925 -0.000646831
    0.373597  -0.00600581 -0.000646831     0.449937
IMAGINARY
           0  -0.00580264   0.00174653 -0.000171983
  0.00580264            0    0.0262866   -0.0229821
 -0.00174653   -0.0262866            0  -0.00513687
 0.000171983    0.0229821   0.00513687            0
Repeater1[0]<--->EndNode1[0]
REAL
  0.428951 0.00527435 -0.0151158   0.394438
0.00527435   0.063745  0.0145362 0.00101323
-0.0151158  0.0145362  0.0690571 -0.0232231
  0.394438 0.00101323 -0.0232231   0.438247
IMAGINARY
          0  -0.0121023 -0.00208816 -0.00729426
  0.0121023           0 -0.00271909 -0.00526478
 0.00208816  0.00271909           0  0.00720033
 0.00729426  0.00526478 -0.00720033           0
Repeater1[0]<--->HoM1[0]
REAL
    0.461343    0.0105336   -0.0116429     0.373597
   0.0105336    0.0430925    0.0190286 -0.000646831
  -0.0116429    0.0190286    0.0456274  -0.00600581
    0.373597 -0.000646831  -0.00600581     0.449937
IMAGINARY
           0   0.00174653  -0.00580264 -0.000171983
 -0.00174653            0   -0.0262866  -0.00513687
  0.00580264    0.0262866            0   -0.0229821
 0.000171983   0.00513687    0.0229821            0
EndNode1[0]<--->Repeater1[0]
REAL
   0.437659 -0.00852347 -0.00438046    0.389346
-0.00852347   0.0699746   0.0138386  0.00119575
-0.00438046   0.0138386    0.062341 -0.00230456
   0.389346  0.00119575 -0.00230456    0.430025
IMAGINARY
          0  -0.0150923   0.0226539  0.00902054
  0.0150923           0   0.0135601  0.00508631
 -0.0226539  -0.0135601           0   -0.020767
-0.00902054 -0.00508631    0.020767           0
EndNode2[0]<--->HoM1[0]
REAL
   0.423077  0.00454724 -0.00956123    0.369597
 0.00454724   0.0714286   0.0453242 0.000398928
-0.00956123   0.0453242   0.0494505 -0.00192944
   0.369597 0.000398928 -0.00192944    0.456044
IMAGINARY
           0    0.0060405   0.00937479 -0.000247532
  -0.0060405            0    0.0254739   -0.0150638
 -0.00937479   -0.0254739            0    0.0135549
 0.000247532    0.0150638   -0.0135549            0
Repeater1[0]<--->EndNode1[0]
REAL
   0.437659 -0.00438046 -0.00852347    0.389346
-0.00438046    0.062341   0.0138386 -0.00230456
-0.00852347   0.0138386   0.0699746  0.00119575
   0.389346 -0.00230456  0.00119575    0.430025
IMAGINARY
          0   0.0226539  -0.0150923  0.00902054
 -0.0226539           0  -0.0135601   -0.020767
  0.0150923   0.0135601           0  0.00508631
-0.00902054    0.020767 -0.00508631           0
Repeater1[0]<--->HoM1[0]
REAL
   0.423077 -0.00956123  0.00454724    0.369597
-0.00956123   0.0494505   0.0453242 -0.00192944
 0.00454724   0.0453242   0.0714286 0.000398928
   0.369597 -0.00192944 0.000398928    0.456044
IMAGINARY
           0   0.00937479    0.0060405 -0.000247532
 -0.00937479            0   -0.0254739    0.0135549
  -0.0060405    0.0254739            0   -0.0150638
 0.000247532   -0.0135549    0.0150638            0
EndNode1[0]<--->Repeater1[0]
REAL
    0.450382    0.0121614 -0.000716167     0.386654
   0.0121614    0.0610687    0.0245426  -0.00636234
-0.000716167    0.0245426    0.0470738   -0.0128049
    0.386654  -0.00636234   -0.0128049     0.441476
IMAGINARY
          0   0.0170266 -0.00670353   0.0102783
 -0.0170266           0  -0.0043494  -0.0262157
 0.00670353   0.0043494           0  0.00719699
 -0.0102783   0.0262157 -0.00719699           0
EndNode2[0]<--->HoM1[0]
REAL
   0.423488 -0.00725551  -0.0207941    0.369425
-0.00725551   0.0521945   0.0322785 -0.00738414
 -0.0207941   0.0322785    0.059312  -0.0012635
   0.369425 -0.00738414  -0.0012635    0.465006
IMAGINARY
          0  0.00650027  0.00298117 -0.00759605
-0.00650027           0 -0.00819342   0.0246097
-0.00298117  0.00819342           0  -0.0112109
 0.00759605  -0.0246097   0.0112109           0
Repeater1[0]<--->EndNode1[0]
REAL
    0.450382 -0.000716167    0.0121614     0.386654
-0.000716167    0.0470738    0.0245426   -0.0128049
   0.0121614    0.0245426    0.0610687  -0.00636234
    0.386654   -0.0128049  -0.00636234     0.441476
IMAGINARY
          0 -0.00670353   0.0170266   0.0102783
 0.00670353           0   0.0043494  0.00719699
 -0.0170266  -0.0043494           0  -0.0262157
 -0.0102783 -0.00719699   0.0262157           0
Repeater1[0]<--->HoM1[0]
REAL
   0.423488  -0.0207941 -0.00725551    0.369425
 -0.0207941    0.059312   0.0322785  -0.0012635
-0.00725551   0.0322785   0.0521945 -0.00738414
   0.369425  -0.0012635 -0.00738414    0.465006
IMAGINARY
          0  0.00298117  0.00650027 -0.00759605
-0.00298117           0  0.00819342  -0.0112109
-0.00650027 -0.00819342           0   0.0246097
 0.00759605   0.0112109  -0.0246097           0
EndNode1[0]<--->Repeater1[0]
REAL
  0.416667 -0.0141339 -0.0157404   0.376039
-0.0141339  0.0514706  0.0335289 -0.0137484
-0.0157404  0.0335289  0.0686275 -0.0166656
  0.376039 -0.0137484 -0.0166656   0.463235
IMAGINARY
           0   0.00379254   0.00447408   -0.0272055
 -0.00379254            0  0.000680332  -0.00127305
 -0.00447408 -0.000680332            0  -0.00571316
   0.0272055   0.00127305   0.00571316            0
EndNode2[0]<--->HoM1[0]
REAL
   0.436603   0.0122086   0.0411452    0.392008
  0.0122086   0.0633971   0.0168466 -0.00859307
  0.0411452   0.0168466   0.0657895  0.00211435
   0.392008 -0.00859307  0.00211435    0.434211
IMAGINARY
          0  -0.0240743   0.0266459  0.00933802
  0.0240743           0  -0.0230635 -0.00412335
 -0.0266459   0.0230635           0  0.00541283
-0.00933802  0.00412335 -0.00541283           0
Repeater1[0]<--->EndNode1[0]
REAL
  0.416667 -0.0157404 -0.0141339   0.376039
-0.0157404  0.0686275  0.0335289 -0.0166656
-0.0141339  0.0335289  0.0514706 -0.0137484
  0.376039 -0.0166656 -0.0137484   0.463235
IMAGINARY
           0   0.00447408   0.00379254   -0.0272055
 -0.00447408            0 -0.000680332  -0.00571316
 -0.00379254  0.000680332            0  -0.00127305
   0.0272055   0.00571316   0.00127305            0
Repeater1[0]<--->HoM1[0]
REAL
   0.436603   0.0411452   0.0122086    0.392008
  0.0411452   0.0657895   0.0168466  0.00211435
  0.0122086   0.0168466   0.0633971 -0.00859307
   0.392008  0.00211435 -0.00859307    0.434211
IMAGINARY
          0   0.0266459  -0.0240743  0.00933802
 -0.0266459           0   0.0230635  0.00541283
  0.0240743  -0.0230635           0 -0.00412335
-0.00933802 -0.00541283  0.00412335           0
EndNode1[0]<--->Repeater1[0]
REAL
   0.440915   0.0113752  -0.0270018    0.387409
  0.0113752   0.0635324  0.00957559   0.0131827
 -0.0270018  0.00957559   0.0546379 -0.00509382
   0.387409   0.0131827 -0.00509382    0.440915
IMAGINARY
           0  -0.00921453   -0.0102378   0.00473257
  0.00921453            0 -0.000157406    0.0102378
   0.0102378  0.000157406            0  -0.00463937
 -0.00473257   -0.0102378   0.00463937            0
EndNode2[0]<--->HoM1[0]
REAL
  0.416877 -0.0148129 -0.0189925   0.382018
-0.0148129  0.0730479  0.0116246 0.00921259
-0.0189925  0.0116246  0.0743073  0.0160354
  0.382018 0.00921259  0.0160354   0.435768
IMAGINARY
           0   -0.0118495    0.0057098    0.0234646
   0.0118495            0   -0.0241216   0.00890265
  -0.0057098    0.0241216            0 -0.000221625
  -0.0234646  -0.00890265  0.000221625            0
Repeater1[0]<--->EndNode1[0]
REAL
   0.440915  -0.0270018   0.0113752    0.387409
 -0.0270018   0.0546379  0.00957559 -0.00509382
  0.0113752  0.00957559   0.0635324   0.0131827
   0.387409 -0.00509382   0.0131827    0.440915
IMAGINARY
           0   -0.0102378  -0.00921453   0.00473257
   0.0102378            0  0.000157406  -0.00463937
  0.00921453 -0.000157406            0    0.0102378
 -0.00473257   0.00463937   -0.0102378            0
Repeater1[0]<--->HoM1[0]
REAL
  0.416877 -0.0189925 -0.0148129   0.382018
-0.0189925  0.0743073  0.0116246  0.0160354
-0.0148129  0.0116246  0.0730479 0.00921259
  0.382018  0.0160354 0.00921259   0.435768
IMAGINARY
           0    0.0057098   -0.0118495    0.0234646
  -0.0057098            0    0.0241216 -0.000221625
   0.0118495   -0.0241216            0   0.00890265
  -0.0234646  0.000221625  -0.00890265            0
EndNode1[0]<--->Repeater1[0]
REAL
   0.451985   0.0125129 -0.00912435    0.379099
  0.0125129   0.0640205  0.00858662   0.0125073
-0.00912435  0.00858662   0.0524968  -0.0104831
   0.379099   0.0125073  -0.0104831    0.431498
IMAGINARY
          0 -0.00520244   0.0207118 -0.00620476
 0.00520244           0  0.00429393  0.00877542
 -0.0207118 -0.00429393           0  0.00263833
 0.00620476 -0.00877542 -0.00263833           0
EndNode2[0]<--->HoM1[0]
REAL
    0.453265   0.00445623    0.0152399     0.376256
  0.00445623    0.0653009    0.0227208   -0.0152399
   0.0152399    0.0227208    0.0653009 -0.000619912
    0.376256   -0.0152399 -0.000619912     0.416133
IMAGINARY
          0  0.00607305  0.00150966 -0.00363824
-0.00607305           0   0.0156181  0.00480347
-0.00150966  -0.0156181           0 -0.00481043
 0.00363824 -0.00480347  0.00481043           0
Repeater1[0]<--->EndNode1[0]
REAL
   0.451985 -0.00912435   0.0125129    0.379099
-0.00912435   0.0524968  0.00858662  -0.0104831
  0.0125129  0.00858662   0.0640205   0.0125073
   0.379099  -0.0104831   0.0125073    0.431498
IMAGINARY
          0   0.0207118 -0.00520244 -0.00620476
 -0.0207118           0 -0.00429393  0.00263833
 0.00520244  0.00429393           0  0.00877542
 0.00620476 -0.00263833 -0.00877542           0
Repeater1[0]<--->HoM1[0]
REAL
    0.453265    0.0152399   0.00445623     0.376256
   0.0152399    0.0653009    0.0227208 -0.000619912
  0.00445623    0.0227208    0.0653009   -0.0152399
    0.376256 -0.000619912   -0.0152399     0.416133
IMAGINARY
          0  0.00150966  0.00607305 -0.00363824
-0.00150966           0  -0.0156181 -0.00481043
-0.00607305   0.0156181           0  0.00480347
 0.00363824  0.00481043 -0.00480347           0
EndNode1[0]<--->Repeater1[0]
REAL
      0.436 -0.00174681 -0.00188264    0.385533
-0.00174681   0.0533333   0.0201739  -0.0216906
-0.00188264   0.0201739   0.0666667 -0.00941944
   0.385533  -0.0216906 -0.00941944       0.444
IMAGINARY
          0   0.0012942 -0.00821362     0.01144
 -0.0012942           0  -0.0134976   -0.013355
 0.00821362   0.0134976           0  0.00328096
   -0.01144    0.013355 -0.00328096           0
EndNode2[0]<--->HoM1[0]
REAL
   0.472222  0.00494448  0.00510704    0.372104
 0.00494448    0.057971   0.0057797  -0.0125697
 0.00510704   0.0057797   0.0555556 -0.00426605
   0.372104  -0.0125697 -0.00426605    0.414251
IMAGINARY
          0   0.0160022  -0.0010129   0.0168665
 -0.0160022           0   0.0126241  0.00743964
  0.0010129  -0.0126241           0  -0.0147168
 -0.0168665 -0.00743964   0.0147168           0
Repeater1[0]<--->EndNode1[0]
REAL
      0.436 -0.00188264 -0.00174681    0.385533
-0.00188264   0.0666667   0.0201739 -0.00941944
-0.00174681   0.0201739   0.0533333  -0.0216906
   0.385533 -0.00941944  -0.0216906       0.444
IMAGINARY
          0 -0.00821362   0.0012942     0.01144
 0.00821362           0   0.0134976  0.00328096
 -0.0012942  -0.0134976           0   -0.013355
   -0.01144 -0.00328096    0.013355           0
Repeater1[0]<--->HoM1[0]
REAL
   0.472222  0.00510704  0.00494448    0.372104
 0.00510704   0.0555556   0.0057797 -0.00426605
 0.00494448   0.0057797    0.057971  -0.0125697
   0.372104 -0.00426605  -0.0125697    0.414251
IMAGINARY
          0  -0.0010129   0.0160022   0.0168665
  0.0010129           0  -0.0126241  -0.0147168
 -0.0160022   0.0126241           0  0.00743964
 -0.0168665   0.0147168 -0.00743964           0
EndNode1[0]<--->Repeater1[0]
REAL
  0.455393  0.0053834  0.0130573   0.383002
 0.0053834  0.0532623   0.026896 -0.0270167
 0.0130573   0.026896  0.0625832 0.00223081
  0.383002 -0.0270167 0.00223081   0.428762
IMAGINARY
          0   0.0149554  -0.0328434  0.00733416
 -0.0149554           0 -0.00527088   0.0104734
  0.0328434  0.00527088           0 -0.00104972
-0.00733416  -0.0104734  0.00104972           0
EndNode2[0]<--->HoM1[0]
REAL
    0.42987 -0.00593252 0.000902912    0.383814
-0.00593252   0.0597403   0.0120192   0.0248324
0.000902912   0.0120192   0.0532468   0.0181874
   0.383814   0.0248324   0.0181874    0.457143
IMAGINARY
