EndNode1[0]<--->Repeater1[0]
REAL
   0.327742  -0.0034585  0.00271294   0.0692498
 -0.0034585    0.305806   0.0178714   0.0162265
 0.00271294   0.0178714     0.19871 -0.00411726
  0.0692498   0.0162265 -0.00411726    0.167742
IMAGINARY
          0  -0.0070274  -0.0115974 -0.00166723
  0.0070274           0  0.00356837 -0.00845274
  0.0115974 -0.00356837           0   0.0145462
 0.00166723  0.00845274  -0.0145462           0
EndNode2[0]<--->HoM1[0]
REAL
   0.293367  -0.0167924 -0.00268907   0.0445326
 -0.0167924    0.225765  0.00727767  0.00830705
-0.00268907  0.00727767    0.255102  0.00618062
  0.0445326  0.00830705  0.00618062    0.225765
IMAGINARY
          0  -0.0166539   0.0170689 -0.00928297
  0.0166539           0 -0.00928297  -0.0111866
 -0.0170689  0.00928297           0  -0.0101435
 0.00928297   0.0111866   0.0101435           0
Repeater1[0]<--->EndNode1[0]
REAL
   0.327742  0.00271294  -0.0034585   0.0692498
 0.00271294     0.19871   0.0178714 -0.00411726
 -0.0034585   0.0178714    0.305806   0.0162265
  0.0692498 -0.00411726   0.0162265    0.167742
IMAGINARY
          0  -0.0115974  -0.0070274 -0.00166723
  0.0115974           0 -0.00356837   0.0145462
  0.0070274  0.00356837           0 -0.00845274
 0.00166723  -0.0145462  0.00845274           0
Repeater1[0]<--->HoM1[0]
REAL
   0.293367 -0.00268907  -0.0167924   0.0445326
-0.00268907    0.255102  0.00727767  0.00618062
 -0.0167924  0.00727767    0.225765  0.00830705
  0.0445326  0.00618062  0.00830705    0.225765
IMAGINARY
          0   0.0170689  -0.0166539 -0.00928297
 -0.0170689           0  0.00928297  -0.0101435
  0.0166539 -0.00928297           0  -0.0111866
 0.00928297   0.0101435   0.0111866           0
EndNode1[0]<--->Repeater1[0]
REAL
   0.354881   0.0223258  0.00569357   0.0459243
  0.0223258    0.263852 -0.00447355   0.0228038
 0.00569357 -0.00447355    0.176781   0.0165343
  0.0459243   0.0228038   0.0165343    0.204485
IMAGINARY
          0  0.00682974    -0.01658  0.00481305
-0.00682974           0 -0.00803885  -0.0179028
    0.01658  0.00803885           0   0.0130642
-0.00481305   0.0179028  -0.0130642           0
EndNode2[0]<--->HoM1[0]
REAL
   0.331081  0.00253486   0.0209112   0.0402979
 0.00253486    0.236486   0.0371132 -0.00948986
  0.0209112   0.0371132    0.225676 3.21275e-06
  0.0402979 -0.00948986 3.21275e-06    0.206757
IMAGINARY
          0 -0.00605096  -0.0124228  0.00981554
 0.00605096           0   0.0306209  -0.0111441
  0.0124228  -0.0306209           0 -0.00605096
-0.00981554   0.0111441  0.00605096           0
Repeater1[0]<--->EndNode1[0]
REAL
   0.354881  0.00569357   0.0223258   0.0459243
 0.00569357    0.176781 -0.00447355   0.0165343
  0.0223258 -0.00447355    0.263852   0.0228038
  0.0459243   0.0165343   0.0228038    0.204485
IMAGINARY
          0    -0.01658  0.00682974  0.00481305
    0.01658           0  0.00803885   0.0130642
-0.00682974 -0.00803885           0  -0.0179028
-0.00481305  -0.0130642   0.0179028           0
Repeater1[0]<--->HoM1[0]
REAL
   0.331081   0.0209112  0.00253486   0.0402979
  0.0209112    0.225676   0.0371132 3.21275e-06
 0.00253486   0.0371132    0.236486 -0.00948986
  0.0402979 3.21275e-06 -0.00948986    0.206757
IMAGINARY
          0  -0.0124228 -0.00605096  0.00981554
  0.0124228           0  -0.0306209 -0.00605096
 0.00605096   0.0306209           0  -0.0111441
-0.00981554  0.00605096   0.0111441           0
