EndNode1[0]<--->Repeater1[0]
REAL
    0.33727  -0.0151246   0.0199607 -0.00616145
 -0.0151246    0.212598  0.00879303   0.0076709
  0.0199607  0.00879303    0.204724  -0.0204017
-0.00616145   0.0076709  -0.0204017    0.245407
IMAGINARY
          0 -0.00237442  0.00289989  -0.0150686
 0.00237442           0  -0.0228005    0.013355
-0.00289989   0.0228005           0 -0.00607812
  0.0150686   -0.013355  0.00607812           0
EndNode2[0]<--->HoM1[0]
REAL
  0.326478  0.0153277 0.00656226  0.0156892
 0.0153277   0.192802 0.00986777 0.00719921
0.00656226 0.00986777   0.212082 -0.0146723
 0.0156892 0.00719921 -0.0146723   0.268638
IMAGINARY
          0   0.0136154   0.0161171   0.0129964
 -0.0136154           0   0.0136534  0.00781566
 -0.0161171  -0.0136534           0   0.0012617
 -0.0129964 -0.00781566  -0.0012617           0
Repeater1[0]<--->EndNode1[0]
REAL
    0.33727   0.0199607  -0.0151246 -0.00616145
  0.0199607    0.204724  0.00879303  -0.0204017
 -0.0151246  0.00879303    0.212598   0.0076709
-0.00616145  -0.0204017   0.0076709    0.245407
IMAGINARY
          0  0.00289989 -0.00237442  -0.0150686
-0.00289989           0   0.0228005 -0.00607812
 0.00237442  -0.0228005           0    0.013355
  0.0150686  0.00607812   -0.013355           0
Repeater1[0]<--->HoM1[0]
REAL
  0.326478 0.00656226  0.0153277  0.0156892
0.00656226   0.212082 0.00986777 -0.0146723
 0.0153277 0.00986777   0.192802 0.00719921
 0.0156892 -0.0146723 0.00719921   0.268638
IMAGINARY
          0   0.0161171   0.0136154   0.0129964
 -0.0161171           0  -0.0136534   0.0012617
 -0.0136154   0.0136534           0  0.00781566
 -0.0129964  -0.0012617 -0.00781566           0
EndNode1[0]<--->Repeater1[0]
REAL
  0.339474 -0.0125524 0.00914917   0.019346
-0.0125524   0.222368 0.00458348 0.00722363
0.00914917 0.00458348   0.192105  0.0163308
  0.019346 0.00722363  0.0163308   0.246053
IMAGINARY
          0  -0.0174904  0.00897123 -0.00374529
  0.0174904           0  0.00835662  0.00964237
-0.00897123 -0.00835662           0  -0.0113928
 0.00374529 -0.00964237   0.0113928           0
EndNode2[0]<--->HoM1[0]
REAL
   0.325495  0.00492253 -0.00257175   0.0194796
 0.00492253    0.183168   -0.011564  -0.0198557
-0.00257175   -0.011564    0.209158 -0.00756105
  0.0194796  -0.0198557 -0.00756105    0.282178
IMAGINARY
          0    0.011158   0.0115588   0.0105113
  -0.011158           0  0.00155987   0.0115588
 -0.0115588 -0.00155987           0  0.00931754
 -0.0105113  -0.0115588 -0.00931754           0
Repeater1[0]<--->EndNode1[0]
REAL
  0.339474 0.00914917 -0.0125524   0.019346
0.00914917   0.192105 0.00458348  0.0163308
-0.0125524 0.00458348   0.222368 0.00722363
  0.019346  0.0163308 0.00722363   0.246053
IMAGINARY
          0  0.00897123  -0.0174904 -0.00374529
-0.00897123           0 -0.00835662  -0.0113928
  0.0174904  0.00835662           0  0.00964237
 0.00374529   0.0113928 -0.00964237           0
Repeater1[0]<--->HoM1[0]
REAL
   0.325495 -0.00257175  0.00492253   0.0194796
-0.00257175    0.209158   -0.011564 -0.00756105
 0.00492253   -0.011564    0.183168  -0.0198557
  0.0194796 -0.00756105  -0.0198557    0.282178
IMAGINARY
          0   0.0115588    0.011158   0.0105113
 -0.0115588           0 -0.00155987  0.00931754
  -0.011158  0.00155987           0   0.0115588
 -0.0105113 -0.00931754  -0.0115588           0
EndNode1[0]<--->Repeater1[0]
REAL
   0.360111  -0.0116409 -0.00311168   0.0390889
 -0.0116409    0.220222  0.00566816   0.0184569
-0.00311168  0.00566816    0.185596 -0.00370438
  0.0390889   0.0184569 -0.00370438    0.234072
IMAGINARY
           0  0.000352923     0.024634   -0.0238655
-0.000352923            0 -0.000238378   -0.0121831
   -0.024634  0.000238378            0   0.00292362
   0.0238655    0.0121831  -0.00292362            0
EndNode2[0]<--->HoM1[0]
REAL
   0.306366  0.00297344 -0.00293342   0.0346159
 0.00297344    0.208223  -0.0136075 -0.00607018
-0.00293342  -0.0136075     0.20557  -0.0107766
  0.0346159 -0.00607018  -0.0107766    0.279841
IMAGINARY
          0   0.0153964   0.0112272   0.0155661
 -0.0153964           0   0.0175904   0.0166916
 -0.0112272  -0.0175904           0 -0.00270601
 -0.0155661  -0.0166916  0.00270601           0
Repeater1[0]<--->EndNode1[0]
REAL
   0.360111 -0.00311168  -0.0116409   0.0390889
-0.00311168    0.185596  0.00566816 -0.00370438
 -0.0116409  0.00566816    0.220222   0.0184569
  0.0390889 -0.00370438   0.0184569    0.234072
IMAGINARY
           0     0.024634  0.000352923   -0.0238655
   -0.024634            0  0.000238378   0.00292362
-0.000352923 -0.000238378            0   -0.0121831
   0.0238655  -0.00292362    0.0121831            0
Repeater1[0]<--->HoM1[0]
REAL
   0.306366 -0.00293342  0.00297344   0.0346159
-0.00293342     0.20557  -0.0136075  -0.0107766
 0.00297344  -0.0136075    0.208223 -0.00607018
  0.0346159  -0.0107766 -0.00607018    0.279841
IMAGINARY
          0   0.0112272   0.0153964   0.0155661
 -0.0112272           0  -0.0175904 -0.00270601
 -0.0153964   0.0175904           0   0.0166916
 -0.0155661  0.00270601  -0.0166916           0
EndNode1[0]<--->Repeater1[0]
REAL
   0.359606  -0.0067372 -0.00707354  -0.0111883
 -0.0067372    0.210591 -0.00559825 -0.00371783
-0.00707354 -0.00559825    0.194581  0.00194104
 -0.0111883 -0.00371783  0.00194104    0.235222
IMAGINARY
         0 -0.0172857  -0.023523  0.0376383
 0.0172857          0  0.0189286 -0.0156074
  0.023523 -0.0189286          0  0.0179068
-0.0376383  0.0156074 -0.0179068          0
EndNode2[0]<--->HoM1[0]
REAL
   0.307172  -0.0149201 -0.00713665    0.012155
 -0.0149201    0.205683  -0.0147126 -0.00309353
-0.00713665  -0.0147126    0.216509  0.00341114
   0.012155 -0.00309353  0.00341114    0.270636
IMAGINARY
          0  -0.0170626   0.0140891  0.00298002
  0.0170626           0   0.0146079   0.0140891
 -0.0140891  -0.0146079           0 -0.00456258
-0.00298002  -0.0140891  0.00456258           0
Repeater1[0]<--->EndNode1[0]
REAL
   0.359606 -0.00707354  -0.0067372  -0.0111883
-0.00707354    0.194581 -0.00559825  0.00194104
 -0.0067372 -0.00559825    0.210591 -0.00371783
 -0.0111883  0.00194104 -0.00371783    0.235222
IMAGINARY
         0  -0.023523 -0.0172857  0.0376383
  0.023523          0 -0.0189286  0.0179068
 0.0172857  0.0189286          0 -0.0156074
-0.0376383 -0.0179068  0.0156074          0
Repeater1[0]<--->HoM1[0]
REAL
   0.307172 -0.00713665  -0.0149201    0.012155
-0.00713665    0.216509  -0.0147126  0.00341114
 -0.0149201  -0.0147126    0.205683 -0.00309353
   0.012155  0.00341114 -0.00309353    0.270636
IMAGINARY
          0   0.0140891  -0.0170626  0.00298002
 -0.0140891           0  -0.0146079 -0.00456258
  0.0170626   0.0146079           0   0.0140891
-0.00298002  0.00456258  -0.0140891           0
