EndNode1[0]<--->Repeater1[0]
REAL
   0.349515 -0.00630849     0.01109     0.03189
-0.00630849     0.28034   0.0167385    -0.01109
    0.01109   0.0167385     0.18568  -0.0261105
    0.03189    -0.01109  -0.0261105    0.184466
IMAGINARY
          0  0.00515626   0.0183638  0.00234935
-0.00515626           0   0.0109132  -0.0142315
 -0.0183638  -0.0109132           0   0.0182597
-0.00234935   0.0142315  -0.0182597           0
EndNode2[0]<--->HoM1[0]
REAL
   0.342105  -0.0113668   0.0170382   0.0367187
 -0.0113668    0.213158 -0.00304657 -0.00115506
  0.0170382 -0.00304657    0.246053   0.0056489
  0.0367187 -0.00115506   0.0056489    0.198684
IMAGINARY
          0  -0.0081599   0.0166454   0.0109737
  0.0081599           0  0.00442917   0.0179048
 -0.0166454 -0.00442917           0  0.00359667
 -0.0109737  -0.0179048 -0.00359667           0
Repeater1[0]<--->EndNode1[0]
REAL
   0.349515     0.01109 -0.00630849     0.03189
    0.01109     0.18568   0.0167385  -0.0261105
-0.00630849   0.0167385     0.28034    -0.01109
    0.03189  -0.0261105    -0.01109    0.184466
IMAGINARY
          0   0.0183638  0.00515626  0.00234935
 -0.0183638           0  -0.0109132   0.0182597
-0.00515626   0.0109132           0  -0.0142315
-0.00234935  -0.0182597   0.0142315           0
Repeater1[0]<--->HoM1[0]
REAL
   0.342105   0.0170382  -0.0113668   0.0367187
  0.0170382    0.246053 -0.00304657   0.0056489
 -0.0113668 -0.00304657    0.213158 -0.00115506
  0.0367187   0.0056489 -0.00115506    0.198684
IMAGINARY
          0   0.0166454  -0.0081599   0.0109737
 -0.0166454           0 -0.00442917  0.00359667
  0.0081599  0.00442917           0   0.0179048
 -0.0109737 -0.00359667  -0.0179048           0
