EndNode1[0]<--->Repeater1[0]
REAL
  0.362637 -0.0281727 0.00494755  0.0606965
-0.0281727   0.279609  0.0193035 -0.0102809
0.00494755  0.0193035   0.161172 0.00550604
 0.0606965 -0.0102809 0.00550604   0.196581
IMAGINARY
         0  0.0112211 -0.0124465  0.0198992
-0.0112211          0 -0.0153121  0.0157317
 0.0124465  0.0153121          0  0.0130891
-0.0198992 -0.0157317 -0.0130891          0
EndNode2[0]<--->HoM1[0]
REAL
   0.280856   0.0281194  -0.0129339   0.0327624
  0.0281194    0.270781   0.0482018 -0.00251725
 -0.0129339   0.0482018    0.248111 -0.00277948
  0.0327624 -0.00251725 -0.00277948    0.200252
IMAGINARY
           0  0.000930298   -0.0133001   0.00453262
-0.000930298            0    0.0146268  -0.00688988
   0.0133001   -0.0146268            0   0.00025735
 -0.00453262   0.00688988  -0.00025735            0
Repeater1[0]<--->EndNode1[0]
REAL
  0.362637 0.00494755 -0.0281727  0.0606965
0.00494755   0.161172  0.0193035 0.00550604
-0.0281727  0.0193035   0.279609 -0.0102809
 0.0606965 0.00550604 -0.0102809   0.196581
IMAGINARY
         0 -0.0124465  0.0112211  0.0198992
 0.0124465          0  0.0153121  0.0130891
-0.0112211 -0.0153121          0  0.0157317
-0.0198992 -0.0130891 -0.0157317          0
Repeater1[0]<--->HoM1[0]
REAL
   0.280856  -0.0129339   0.0281194   0.0327624
 -0.0129339    0.248111   0.0482018 -0.00277948
  0.0281194   0.0482018    0.270781 -0.00251725
  0.0327624 -0.00277948 -0.00251725    0.200252
IMAGINARY
           0   -0.0133001  0.000930298   0.00453262
   0.0133001            0   -0.0146268   0.00025735
-0.000930298    0.0146268            0  -0.00688988
 -0.00453262  -0.00025735   0.00688988            0
EndNode1[0]<--->Repeater1[0]
REAL
  0.337107 -0.0197595  0.0298538  0.0441048
-0.0197595   0.290566  0.0271335 0.00143782
 0.0298538  0.0271335    0.16478 0.00577814
 0.0441048 0.00143782 0.00577814   0.207547
IMAGINARY
          0  -0.0123919   0.0164545    0.014974
  0.0123919           0   -0.014974   0.0070442
 -0.0164545    0.014974           0 -0.00849581
  -0.014974  -0.0070442  0.00849581           0
EndNode2[0]<--->HoM1[0]
REAL
  0.320942  0.0133986 0.00301236  0.0321736
 0.0133986   0.271375  0.0529328 0.00363658
0.00301236  0.0529328   0.225527  0.0171865
 0.0321736 0.00363658  0.0171865   0.182156
IMAGINARY
          0  -0.0202565  -0.0213691 -0.00427557
  0.0202565           0  -0.0189032  0.00416858
  0.0213691   0.0189032           0  -0.0016889
 0.00427557 -0.00416858   0.0016889           0
Repeater1[0]<--->EndNode1[0]
REAL
  0.337107  0.0298538 -0.0197595  0.0441048
 0.0298538    0.16478  0.0271335 0.00577814
-0.0197595  0.0271335   0.290566 0.00143782
 0.0441048 0.00577814 0.00143782   0.207547
IMAGINARY
          0   0.0164545  -0.0123919    0.014974
 -0.0164545           0    0.014974 -0.00849581
  0.0123919   -0.014974           0   0.0070442
  -0.014974  0.00849581  -0.0070442           0
Repeater1[0]<--->HoM1[0]
REAL
  0.320942 0.00301236  0.0133986  0.0321736
0.00301236   0.225527  0.0529328  0.0171865
 0.0133986  0.0529328   0.271375 0.00363658
 0.0321736  0.0171865 0.00363658   0.182156
IMAGINARY
          0  -0.0213691  -0.0202565 -0.00427557
  0.0213691           0   0.0189032  -0.0016889
  0.0202565  -0.0189032           0  0.00416858
 0.00427557   0.0016889 -0.00416858           0
