EndNode1[0]<--->Repeater1[0]
REAL
   0.349462 -0.00189075  0.00438737    0.048383
-0.00189075    0.298387   0.0207125  0.00566288
 0.00438737   0.0207125    0.174731  0.00314703
   0.048383  0.00566288  0.00314703    0.177419
IMAGINARY
          0   0.0080561   0.0183439  0.00363893
 -0.0080561           0   0.0150178   0.0170486
 -0.0183439  -0.0150178           0   0.0118924
-0.00363893  -0.0170486  -0.0118924           0
EndNode2[0]<--->HoM1[0]
REAL
   0.34355 0.00913472  0.0144345  0.0608933
0.00913472   0.217114   0.040996 0.00108503
 0.0144345   0.040996   0.236271  0.0104334
 0.0608933 0.00108503  0.0104334   0.203065
IMAGINARY
          0  -0.0141486 -0.00642584  -0.0202931
  0.0141486           0  0.00300916 -0.00833667
 0.00642584 -0.00300916           0  -0.0121671
  0.0202931  0.00833667   0.0121671           0
Repeater1[0]<--->EndNode1[0]
REAL
   0.349462  0.00438737 -0.00189075    0.048383
 0.00438737    0.174731   0.0207125  0.00314703
-0.00189075   0.0207125    0.298387  0.00566288
   0.048383  0.00314703  0.00566288    0.177419
IMAGINARY
          0   0.0183439   0.0080561  0.00363893
 -0.0183439           0  -0.0150178   0.0118924
 -0.0080561   0.0150178           0   0.0170486
-0.00363893  -0.0118924  -0.0170486           0
Repeater1[0]<--->HoM1[0]
REAL
   0.34355  0.0144345 0.00913472  0.0608933
 0.0144345   0.236271   0.040996  0.0104334
0.00913472   0.040996   0.217114 0.00108503
 0.0608933  0.0104334 0.00108503   0.203065
IMAGINARY
          0 -0.00642584  -0.0141486  -0.0202931
 0.00642584           0 -0.00300916  -0.0121671
  0.0141486  0.00300916           0 -0.00833667
  0.0202931   0.0121671  0.00833667           0
EndNode1[0]<--->Repeater1[0]
REAL
   0.344241 -0.00351064   0.0161277   0.0512938
-0.00351064    0.276178 -0.00209164 -0.00947877
  0.0161277 -0.00209164    0.188482   0.0114894
  0.0512938 -0.00947877   0.0114894    0.191099
IMAGINARY
           0   -0.0022252   -0.0075188   -0.0197261
   0.0022252            0 -0.000786713    0.0075188
   0.0075188  0.000786713            0     0.013944
   0.0197261   -0.0075188    -0.013944            0
EndNode2[0]<--->HoM1[0]
REAL
  0.325333 -0.0100508 0.00301095  0.0555174
-0.0100508      0.244  0.0295611 0.00484245
0.00301095  0.0295611   0.241333  0.0113597
 0.0555174 0.00484245  0.0113597   0.189333
IMAGINARY
           0 -0.000443345    0.0248271   0.00136611
 0.000443345            0   -0.0246822   0.00386142
  -0.0248271    0.0246822            0   -0.0186823
 -0.00136611  -0.00386142    0.0186823            0
Repeater1[0]<--->EndNode1[0]
REAL
   0.344241   0.0161277 -0.00351064   0.0512938
  0.0161277    0.188482 -0.00209164   0.0114894
-0.00351064 -0.00209164    0.276178 -0.00947877
  0.0512938   0.0114894 -0.00947877    0.191099
IMAGINARY
           0   -0.0075188   -0.0022252   -0.0197261
   0.0075188            0  0.000786713     0.013944
   0.0022252 -0.000786713            0    0.0075188
   0.0197261    -0.013944   -0.0075188            0
Repeater1[0]<--->HoM1[0]
REAL
  0.325333 0.00301095 -0.0100508  0.0555174
0.00301095   0.241333  0.0295611  0.0113597
-0.0100508  0.0295611      0.244 0.00484245
 0.0555174  0.0113597 0.00484245   0.189333
IMAGINARY
           0    0.0248271 -0.000443345   0.00136611
  -0.0248271            0    0.0246822   -0.0186823
 0.000443345   -0.0246822            0   0.00386142
 -0.00136611    0.0186823  -0.00386142            0
