EndNode1[0]<--->Repeater1[0]
REAL
   0.354497 -0.00257625 -0.00945776   0.0654824
-0.00257625    0.255291   0.0347698  0.00126103
-0.00945776   0.0347698    0.203704   0.0208612
  0.0654824  0.00126103   0.0208612    0.186508
IMAGINARY
          0  -0.0241984  0.00898686  0.00382653
  0.0241984           0  0.00382653   0.0155832
-0.00898686 -0.00382653           0 -0.00774267
-0.00382653  -0.0155832  0.00774267           0
EndNode2[0]<--->HoM1[0]
REAL
   0.283093 1.40718e-05 -0.00498013   0.0586552
1.40718e-05    0.250328   0.0273236  0.00101188
-0.00498013   0.0273236    0.269987 -0.00530508
  0.0586552  0.00101188 -0.00530508    0.196592
IMAGINARY
          0  -0.0028969   0.0123813   0.0161409
  0.0028969           0  -0.0199288   0.0215612
 -0.0123813   0.0199288           0 -0.00101955
 -0.0161409  -0.0215612  0.00101955           0
Repeater1[0]<--->EndNode1[0]
REAL
   0.354497 -0.00945776 -0.00257625   0.0654824
-0.00945776    0.203704   0.0347698   0.0208612
-0.00257625   0.0347698    0.255291  0.00126103
  0.0654824   0.0208612  0.00126103    0.186508
IMAGINARY
          0  0.00898686  -0.0241984  0.00382653
-0.00898686           0 -0.00382653 -0.00774267
  0.0241984  0.00382653           0   0.0155832
-0.00382653  0.00774267  -0.0155832           0
Repeater1[0]<--->HoM1[0]
REAL
   0.283093 -0.00498013 1.40718e-05   0.0586552
-0.00498013    0.269987   0.0273236 -0.00530508
1.40718e-05   0.0273236    0.250328  0.00101188
  0.0586552 -0.00530508  0.00101188    0.196592
IMAGINARY
          0   0.0123813  -0.0028969   0.0161409
 -0.0123813           0   0.0199288 -0.00101955
  0.0028969  -0.0199288           0   0.0215612
 -0.0161409  0.00101955  -0.0215612           0
EndNode1[0]<--->Repeater1[0]
REAL
  0.321839 0.00457909  -0.031718  0.0640777
0.00457909   0.277139  0.0354153  0.0120729
 -0.031718  0.0354153   0.192848 -0.0115499
 0.0640777  0.0120729 -0.0115499   0.208174
IMAGINARY
          0 -0.00674687 -0.00231847  0.00782562
 0.00674687           0   0.0310215  0.00168153
 0.00231847  -0.0310215           0  -0.0104506
-0.00782562 -0.00168153   0.0104506           0
EndNode2[0]<--->HoM1[0]
REAL
   0.334661   0.0167276  -0.0183715   0.0434841
  0.0167276    0.220452  0.00431956 -0.00617634
 -0.0183715  0.00431956    0.252324  -0.0102677
  0.0434841 -0.00617634  -0.0102677    0.192563
IMAGINARY
          0  -0.0142456   0.0140016   0.0160304
  0.0142456           0  0.00185039   0.0094971
 -0.0140016 -0.00185039           0   0.0077182
 -0.0160304  -0.0094971  -0.0077182           0
Repeater1[0]<--->EndNode1[0]
REAL
  0.321839  -0.031718 0.00457909  0.0640777
 -0.031718   0.192848  0.0354153 -0.0115499
0.00457909  0.0354153   0.277139  0.0120729
 0.0640777 -0.0115499  0.0120729   0.208174
IMAGINARY
          0 -0.00231847 -0.00674687  0.00782562
 0.00231847           0  -0.0310215  -0.0104506
 0.00674687   0.0310215           0  0.00168153
-0.00782562   0.0104506 -0.00168153           0
Repeater1[0]<--->HoM1[0]
REAL
   0.334661  -0.0183715   0.0167276   0.0434841
 -0.0183715    0.252324  0.00431956  -0.0102677
  0.0167276  0.00431956    0.220452 -0.00617634
  0.0434841  -0.0102677 -0.00617634    0.192563
IMAGINARY
          0   0.0140016  -0.0142456   0.0160304
 -0.0140016           0 -0.00185039   0.0077182
  0.0142456  0.00185039           0   0.0094971
 -0.0160304  -0.0077182  -0.0094971           0
