EndNode1[0]<--->Repeater1[0]
REAL
   0.362434 -0.00826231 -0.00385057   0.0355327
-0.00826231    0.272487   0.0135119 -0.00952522
-0.00385057   0.0135119    0.170635  -0.0153046
  0.0355327 -0.00952522  -0.0153046    0.194444
IMAGINARY
           0  -0.00551602 -0.000647668   0.00820893
  0.00551602            0  -0.00327066  -0.00841969
 0.000647668   0.00327066            0  -0.00484668
 -0.00820893   0.00841969   0.00484668            0
EndNode2[0]<--->HoM1[0]
REAL
   0.318653 -0.00971002   0.0080229   0.0198653
-0.00971002    0.237047   0.0185963  -0.0194939
  0.0080229   0.0185963    0.229275   0.0063362
  0.0198653  -0.0194939   0.0063362    0.215026
IMAGINARY
          0  0.00582813   0.0143264   0.0176226
-0.00582813           0   0.0020724  -0.0117883
 -0.0143264  -0.0020724           0   0.0208216
 -0.0176226   0.0117883  -0.0208216           0
Repeater1[0]<--->EndNode1[0]
REAL
   0.362434 -0.00385057 -0.00826231   0.0355327
-0.00385057    0.170635   0.0135119  -0.0153046
-0.00826231   0.0135119    0.272487 -0.00952522
  0.0355327  -0.0153046 -0.00952522    0.194444
IMAGINARY
           0 -0.000647668  -0.00551602   0.00820893
 0.000647668            0   0.00327066  -0.00484668
  0.00551602  -0.00327066            0  -0.00841969
 -0.00820893   0.00484668   0.00841969            0
Repeater1[0]<--->HoM1[0]
REAL
   0.318653   0.0080229 -0.00971002   0.0198653
  0.0080229    0.229275   0.0185963   0.0063362
-0.00971002   0.0185963    0.237047  -0.0194939
  0.0198653   0.0063362  -0.0194939    0.215026
IMAGINARY
          0   0.0143264  0.00582813   0.0176226
 -0.0143264           0  -0.0020724   0.0208216
-0.00582813   0.0020724           0  -0.0117883
 -0.0176226  -0.0208216   0.0117883           0
EndNode1[0]<--->Repeater1[0]
REAL
   0.383242   -0.014439   -0.026567    0.069334
  -0.014439    0.273352   0.0260269  -0.0108041
  -0.026567   0.0260269    0.182692 -0.00746818
   0.069334  -0.0108041 -0.00746818    0.160714
IMAGINARY
           0    0.0135427  -0.00170244   0.00489596
  -0.0135427            0  -0.00673195   -0.0206073
  0.00170244   0.00673195            0  0.000892948
 -0.00489596    0.0206073 -0.000892948            0
EndNode2[0]<--->HoM1[0]
REAL
  0.319121  0.0033422  0.0047957    0.04123
 0.0033422    0.22093  0.0353934 0.00169781
 0.0047957  0.0353934   0.241602 -0.0150305
   0.04123 0.00169781 -0.0150305   0.218346
IMAGINARY
          0  0.00584413  -0.0097474   0.0062674
-0.00584413           0 -0.00953538  -0.0116534
  0.0097474  0.00953538           0   0.0116656
 -0.0062674   0.0116534  -0.0116656           0
Repeater1[0]<--->EndNode1[0]
REAL
   0.383242   -0.026567   -0.014439    0.069334
  -0.026567    0.182692   0.0260269 -0.00746818
  -0.014439   0.0260269    0.273352  -0.0108041
   0.069334 -0.00746818  -0.0108041    0.160714
IMAGINARY
           0  -0.00170244    0.0135427   0.00489596
  0.00170244            0   0.00673195  0.000892948
  -0.0135427  -0.00673195            0   -0.0206073
 -0.00489596 -0.000892948    0.0206073            0
Repeater1[0]<--->HoM1[0]
REAL
  0.319121  0.0047957  0.0033422    0.04123
 0.0047957   0.241602  0.0353934 -0.0150305
 0.0033422  0.0353934    0.22093 0.00169781
   0.04123 -0.0150305 0.00169781   0.218346
IMAGINARY
          0  -0.0097474  0.00584413   0.0062674
  0.0097474           0  0.00953538   0.0116656
-0.00584413 -0.00953538           0  -0.0116534
 -0.0062674  -0.0116656   0.0116534           0
