EndNode1[0]<--->Repeater1[0]
REAL
   0.363752  -0.0134842  -0.0252299   0.0777045
 -0.0134842    0.281369   0.0139185 -0.00225697
 -0.0252299   0.0139185    0.188847 -0.00614927
  0.0777045 -0.00225697 -0.00614927    0.166033
IMAGINARY
          0  -0.0292414   0.0159259  -0.0273509
  0.0292414           0  -0.0129218  0.00259259
 -0.0159259   0.0129218           0  0.00797942
  0.0273509 -0.00259259 -0.00797942           0
EndNode2[0]<--->HoM1[0]
REAL
   0.325828  -0.0130208  -0.0140665   0.0499775
 -0.0130208    0.251656 -0.00310247   0.0236819
 -0.0140665 -0.00310247    0.237086   0.0190304
  0.0499775   0.0236819   0.0190304     0.18543
IMAGINARY
           0 -0.000545396   -0.0272157   0.00385817
 0.000545396            0  -0.00250315  -0.00358382
   0.0272157   0.00250315            0   0.00644317
 -0.00385817   0.00358382  -0.00644317            0
Repeater1[0]<--->EndNode1[0]
REAL
   0.363752  -0.0252299  -0.0134842   0.0777045
 -0.0252299    0.188847   0.0139185 -0.00614927
 -0.0134842   0.0139185    0.281369 -0.00225697
  0.0777045 -0.00614927 -0.00225697    0.166033
IMAGINARY
          0   0.0159259  -0.0292414  -0.0273509
 -0.0159259           0   0.0129218  0.00797942
  0.0292414  -0.0129218           0  0.00259259
  0.0273509 -0.00797942 -0.00259259           0
Repeater1[0]<--->HoM1[0]
REAL
   0.325828  -0.0140665  -0.0130208   0.0499775
 -0.0140665    0.237086 -0.00310247   0.0190304
 -0.0130208 -0.00310247    0.251656   0.0236819
  0.0499775   0.0190304   0.0236819     0.18543
IMAGINARY
           0   -0.0272157 -0.000545396   0.00385817
   0.0272157            0   0.00250315   0.00644317
 0.000545396  -0.00250315            0  -0.00358382
 -0.00385817  -0.00644317   0.00358382            0
EndNode1[0]<--->Repeater1[0]
REAL
   0.312332  0.00210036 -0.00659417   0.0298694
 0.00210036    0.309651   0.0240779 -0.00787952
-0.00659417   0.0240779    0.210456 -0.00473194
  0.0298694 -0.00787952 -0.00473194     0.16756
IMAGINARY
          0 -0.00151412  0.00153195  0.00463424
 0.00151412           0  0.00205026 -0.00474946
-0.00153195 -0.00205026           0   0.0278976
-0.00463424  0.00474946  -0.0278976           0
EndNode2[0]<--->HoM1[0]
REAL
   0.303249  -0.0103754  -0.0041212   0.0341095
 -0.0103754     0.22503   0.0293084 -0.00589215
 -0.0041212   0.0293084    0.245487  0.00703758
  0.0341095 -0.00589215  0.00703758    0.226233
IMAGINARY
           0  0.000176212  -0.00346618    -0.020847
-0.000176212            0  -0.00526262  -0.00682189
  0.00346618   0.00526262            0   0.00874011
    0.020847   0.00682189  -0.00874011            0
Repeater1[0]<--->EndNode1[0]
REAL
   0.312332 -0.00659417  0.00210036   0.0298694
-0.00659417    0.210456   0.0240779 -0.00473194
 0.00210036   0.0240779    0.309651 -0.00787952
  0.0298694 -0.00473194 -0.00787952     0.16756
IMAGINARY
          0  0.00153195 -0.00151412  0.00463424
-0.00153195           0 -0.00205026   0.0278976
 0.00151412  0.00205026           0 -0.00474946
-0.00463424  -0.0278976  0.00474946           0
Repeater1[0]<--->HoM1[0]
REAL
   0.303249  -0.0041212  -0.0103754   0.0341095
 -0.0041212    0.245487   0.0293084  0.00703758
 -0.0103754   0.0293084     0.22503 -0.00589215
  0.0341095  0.00703758 -0.00589215    0.226233
IMAGINARY
           0  -0.00346618  0.000176212    -0.020847
  0.00346618            0   0.00526262   0.00874011
-0.000176212  -0.00526262            0  -0.00682189
    0.020847  -0.00874011   0.00682189            0
EndNode1[0]<--->Repeater1[0]
REAL
   0.349515 -0.00630849     0.01109     0.03189
-0.00630849     0.28034   0.0167385    -0.01109
    0.01109   0.0167385     0.18568  -0.0261105
    0.03189    -0.01109  -0.0261105    0.184466
IMAGINARY
          0  0.00515626   0.0183638  0.00234935
-0.00515626           0   0.0109132  -0.0142315
 -0.0183638  -0.0109132           0   0.0182597
-0.00234935   0.0142315  -0.0182597           0
EndNode2[0]<--->HoM1[0]
REAL
   0.342105  -0.0113668   0.0170382   0.0367187
 -0.0113668    0.213158 -0.00304657 -0.00115506
  0.0170382 -0.00304657    0.246053   0.0056489
  0.0367187 -0.00115506   0.0056489    0.198684
IMAGINARY
          0  -0.0081599   0.0166454   0.0109737
  0.0081599           0  0.00442917   0.0179048
 -0.0166454 -0.00442917           0  0.00359667
 -0.0109737  -0.0179048 -0.00359667           0
Repeater1[0]<--->EndNode1[0]
REAL
   0.349515     0.01109 -0.00630849     0.03189
    0.01109     0.18568   0.0167385  -0.0261105
-0.00630849   0.0167385     0.28034    -0.01109
    0.03189  -0.0261105    -0.01109    0.184466
IMAGINARY
          0   0.0183638  0.00515626  0.00234935
 -0.0183638           0  -0.0109132   0.0182597
-0.00515626   0.0109132           0  -0.0142315
-0.00234935  -0.0182597   0.0142315           0
Repeater1[0]<--->HoM1[0]
REAL
   0.342105   0.0170382  -0.0113668   0.0367187
  0.0170382    0.246053 -0.00304657   0.0056489
 -0.0113668 -0.00304657    0.213158 -0.00115506
  0.0367187   0.0056489 -0.00115506    0.198684
IMAGINARY
          0   0.0166454  -0.0081599   0.0109737
 -0.0166454           0 -0.00442917  0.00359667
  0.0081599  0.00442917           0   0.0179048
 -0.0109737 -0.00359667  -0.0179048           0
EndNode1[0]<--->Repeater1[0]
REAL
      0.3498    0.0150958 -0.000527672    0.0353659
   0.0150958     0.277704    0.0145062   -0.0135388
-0.000527672    0.0145062     0.170895   -0.0214896
   0.0353659   -0.0135388   -0.0214896     0.201602
IMAGINARY
          0 -0.00691351   0.0194551  0.00124071
 0.00691351           0   0.0032871  -0.0175587
 -0.0194551  -0.0032871           0    0.026509
-0.00124071   0.0175587   -0.026509           0
EndNode2[0]<--->HoM1[0]
REAL
   0.340967    0.013829 -0.00464386   0.0323829
   0.013829    0.223919   0.0254577  0.00978525
-0.00464386   0.0254577    0.234097   0.0144486
  0.0323829  0.00978525   0.0144486    0.201018
IMAGINARY
           0  -0.00807294    0.0130701  -0.00335797
  0.00807294            0   0.00587686  0.000780318
  -0.0130701  -0.00587686            0   0.00530286
  0.00335797 -0.000780318  -0.00530286            0
Repeater1[0]<--->EndNode1[0]
REAL
      0.3498 -0.000527672    0.0150958    0.0353659
-0.000527672     0.170895    0.0145062   -0.0214896
   0.0150958    0.0145062     0.277704   -0.0135388
   0.0353659   -0.0214896   -0.0135388     0.201602
IMAGINARY
          0   0.0194551 -0.00691351  0.00124071
 -0.0194551           0  -0.0032871    0.026509
 0.00691351   0.0032871           0  -0.0175587
-0.00124071   -0.026509   0.0175587           0
Repeater1[0]<--->HoM1[0]
REAL
   0.340967 -0.00464386    0.013829   0.0323829
-0.00464386    0.234097   0.0254577   0.0144486
   0.013829   0.0254577    0.223919  0.00978525
  0.0323829   0.0144486  0.00978525    0.201018
IMAGINARY
           0    0.0130701  -0.00807294  -0.00335797
  -0.0130701            0  -0.00587686   0.00530286
  0.00807294   0.00587686            0  0.000780318
  0.00335797  -0.00530286 -0.000780318            0
EndNode1[0]<--->Repeater1[0]
REAL
   0.351421 -0.00707142  -0.0147987     0.05908
-0.00707142     0.27907   0.0366362  0.00341989
 -0.0147987   0.0366362    0.184755   0.0171116
    0.05908  0.00341989   0.0171116    0.184755
IMAGINARY
          0  0.00466302 -0.00713916  0.00474718
-0.00466302           0 -0.00602595   0.0233486
 0.00713916  0.00602595           0  -0.0171318
-0.00474718  -0.0233486   0.0171318           0
EndNode2[0]<--->HoM1[0]
REAL
     0.33377   0.00172097 -0.000941962    0.0357605
  0.00172097     0.240838    0.0244423    0.0294591
-0.000941962    0.0244423     0.239529   -0.0124941
   0.0357605    0.0294591   -0.0124941     0.185864
IMAGINARY
          0  -0.0144797  0.00498013 -0.00143226
  0.0144797           0  -0.0147402  0.00101188
-0.00498013   0.0147402           0   0.0151455
 0.00143226 -0.00101188  -0.0151455           0
Repeater1[0]<--->EndNode1[0]
REAL
   0.351421  -0.0147987 -0.00707142     0.05908
 -0.0147987    0.184755   0.0366362   0.0171116
-0.00707142   0.0366362     0.27907  0.00341989
    0.05908   0.0171116  0.00341989    0.184755
IMAGINARY
          0 -0.00713916  0.00466302  0.00474718
 0.00713916           0  0.00602595  -0.0171318
-0.00466302 -0.00602595           0   0.0233486
-0.00474718   0.0171318  -0.0233486           0
Repeater1[0]<--->HoM1[0]
REAL
     0.33377 -0.000941962   0.00172097    0.0357605
-0.000941962     0.239529    0.0244423   -0.0124941
  0.00172097    0.0244423     0.240838    0.0294591
   0.0357605   -0.0124941    0.0294591     0.185864
IMAGINARY
          0  0.00498013  -0.0144797 -0.00143226
-0.00498013           0   0.0147402   0.0151455
  0.0144797  -0.0147402           0  0.00101188
 0.00143226  -0.0151455 -0.00101188           0
