EndNode1[0]<--->Repeater1[0]
REAL
   0.364312  -0.0183739  -0.0233086   0.0674117
 -0.0183739    0.270136   0.0121485 -0.00579882
 -0.0233086   0.0121485    0.193309  -0.0146145
  0.0674117 -0.00579882  -0.0146145    0.172243
IMAGINARY
          0  0.00136665   0.0116324  0.00446267
-0.00136665           0 -0.00126982   0.0238939
 -0.0116324  0.00126982           0  -0.0132088
-0.00446267  -0.0238939   0.0132088           0
EndNode2[0]<--->HoM1[0]
REAL
  0.310881 -0.0112397 -0.0135446  0.0536412
-0.0112397   0.237047   0.022155 0.00781215
-0.0135446   0.022155   0.255181 0.00168551
 0.0536412 0.00781215 0.00168551   0.196891
IMAGINARY
          0   0.0028914  0.00340763 -0.00795818
 -0.0028914           0  0.00405193  -0.0222993
-0.00340763 -0.00405193           0 -0.00415085
 0.00795818   0.0222993  0.00415085           0
Repeater1[0]<--->EndNode1[0]
REAL
   0.364312  -0.0233086  -0.0183739   0.0674117
 -0.0233086    0.193309   0.0121485  -0.0146145
 -0.0183739   0.0121485    0.270136 -0.00579882
  0.0674117  -0.0146145 -0.00579882    0.172243
IMAGINARY
          0   0.0116324  0.00136665  0.00446267
 -0.0116324           0  0.00126982  -0.0132088
-0.00136665 -0.00126982           0   0.0238939
-0.00446267   0.0132088  -0.0238939           0
Repeater1[0]<--->HoM1[0]
REAL
  0.310881 -0.0135446 -0.0112397  0.0536412
-0.0135446   0.255181   0.022155 0.00168551
-0.0112397   0.022155   0.237047 0.00781215
 0.0536412 0.00168551 0.00781215   0.196891
IMAGINARY
          0  0.00340763   0.0028914 -0.00795818
-0.00340763           0 -0.00405193 -0.00415085
 -0.0028914  0.00405193           0  -0.0222993
 0.00795818  0.00415085   0.0222993           0
EndNode1[0]<--->Repeater1[0]
REAL
   0.330085  -0.0153261 -0.00485123   0.0526127
 -0.0153261    0.321559   0.0244075  0.00485123
-0.00485123   0.0244075    0.169306   0.0165888
  0.0526127  0.00485123   0.0165888     0.17905
IMAGINARY
          0  -0.0116031  0.00344194   0.0036672
  0.0116031           0   0.0121639  -0.0226727
-0.00344194  -0.0121639           0   0.0051928
 -0.0036672   0.0226727  -0.0051928           0
EndNode2[0]<--->HoM1[0]
REAL
   0.299145  -0.0225434 -0.00173853   0.0572985
 -0.0225434    0.235653    0.019892 -0.00173853
-0.00173853    0.019892    0.258852   0.0190664
  0.0572985 -0.00173853   0.0190664    0.206349
IMAGINARY
          0 -0.00754228 -0.00635289   0.0155834
 0.00754228           0   0.0118051   0.0113404
 0.00635289  -0.0118051           0  -0.0236298
 -0.0155834  -0.0113404   0.0236298           0
Repeater1[0]<--->EndNode1[0]
REAL
   0.330085 -0.00485123  -0.0153261   0.0526127
-0.00485123    0.169306   0.0244075   0.0165888
 -0.0153261   0.0244075    0.321559  0.00485123
  0.0526127   0.0165888  0.00485123     0.17905
IMAGINARY
          0  0.00344194  -0.0116031   0.0036672
-0.00344194           0  -0.0121639   0.0051928
  0.0116031   0.0121639           0  -0.0226727
 -0.0036672  -0.0051928   0.0226727           0
Repeater1[0]<--->HoM1[0]
REAL
   0.299145 -0.00173853  -0.0225434   0.0572985
-0.00173853    0.258852    0.019892   0.0190664
 -0.0225434    0.019892    0.235653 -0.00173853
  0.0572985   0.0190664 -0.00173853    0.206349
IMAGINARY
          0 -0.00635289 -0.00754228   0.0155834
 0.00635289           0  -0.0118051  -0.0236298
 0.00754228   0.0118051           0   0.0113404
 -0.0155834   0.0236298  -0.0113404           0
