EndNode1[0]<--->Repeater1[0]
REAL
   0.340287  -0.0150272  0.00273787   0.0508121
 -0.0150272    0.288136   0.0126594   0.0141015
 0.00273787   0.0126594    0.198175 -0.00310751
  0.0508121   0.0141015 -0.00310751    0.173403
IMAGINARY
          0   0.0178701 -0.00559762  0.00498753
 -0.0178701           0  0.00498753 -0.00310385
 0.00559762 -0.00498753           0 -0.00247517
-0.00498753  0.00310385  0.00247517           0
EndNode2[0]<--->HoM1[0]
REAL
  0.329381   0.022315 -0.0107989  0.0359649
  0.022315   0.226614  0.0254386  0.0128232
-0.0107989  0.0254386   0.237154 -0.0162422
 0.0359649  0.0128232 -0.0162422   0.206851
IMAGINARY
           0   0.00326384   0.00147212     0.012762
 -0.00326384            0    0.0210634   0.00642262
 -0.00147212   -0.0210634            0 -0.000632262
   -0.012762  -0.00642262  0.000632262            0
Repeater1[0]<--->EndNode1[0]
REAL
   0.340287  0.00273787  -0.0150272   0.0508121
 0.00273787    0.198175   0.0126594 -0.00310751
 -0.0150272   0.0126594    0.288136   0.0141015
  0.0508121 -0.00310751   0.0141015    0.173403
IMAGINARY
          0 -0.00559762   0.0178701  0.00498753
 0.00559762           0 -0.00498753 -0.00247517
 -0.0178701  0.00498753           0 -0.00310385
-0.00498753  0.00247517  0.00310385           0
Repeater1[0]<--->HoM1[0]
REAL
  0.329381 -0.0107989   0.022315  0.0359649
-0.0107989   0.237154  0.0254386 -0.0162422
  0.022315  0.0254386   0.226614  0.0128232
 0.0359649 -0.0162422  0.0128232   0.206851
IMAGINARY
           0   0.00147212   0.00326384     0.012762
 -0.00147212            0   -0.0210634 -0.000632262
 -0.00326384    0.0210634            0   0.00642262
   -0.012762  0.000632262  -0.00642262            0
EndNode1[0]<--->Repeater1[0]
REAL
    0.332518   0.00907926   0.00995044    0.0614761
  0.00907926     0.265281   0.00183141   0.00426144
  0.00995044   0.00183141     0.209046 -3.53278e-05
   0.0614761   0.00426144 -3.53278e-05     0.193154
IMAGINARY
          0 -0.00322997    0.010369 -0.00166912
 0.00322997           0  -0.0154813  0.00105227
  -0.010369   0.0154813           0  0.00322997
 0.00166912 -0.00105227 -0.00322997           0
EndNode2[0]<--->HoM1[0]
REAL
    0.31357 -0.00158918   0.0123637   0.0523758
-0.00158918    0.231884   0.0236552 -0.00334309
  0.0123637   0.0236552    0.258235 -0.00356546
  0.0523758 -0.00334309 -0.00356546    0.196311
IMAGINARY
          0   0.0101813   0.0033322 -0.00858639
 -0.0101813           0   -0.011118  -0.0124706
 -0.0033322    0.011118           0   0.0159284
 0.00858639   0.0124706  -0.0159284           0
Repeater1[0]<--->EndNode1[0]
REAL
    0.332518   0.00995044   0.00907926    0.0614761
  0.00995044     0.209046   0.00183141 -3.53278e-05
  0.00907926   0.00183141     0.265281   0.00426144
   0.0614761 -3.53278e-05   0.00426144     0.193154
IMAGINARY
          0    0.010369 -0.00322997 -0.00166912
  -0.010369           0   0.0154813  0.00322997
 0.00322997  -0.0154813           0  0.00105227
 0.00166912 -0.00322997 -0.00105227           0
Repeater1[0]<--->HoM1[0]
REAL
    0.31357   0.0123637 -0.00158918   0.0523758
  0.0123637    0.258235   0.0236552 -0.00356546
-0.00158918   0.0236552    0.231884 -0.00334309
  0.0523758 -0.00356546 -0.00334309    0.196311
IMAGINARY
          0   0.0033322   0.0101813 -0.00858639
 -0.0033322           0    0.011118   0.0159284
 -0.0101813   -0.011118           0  -0.0124706
 0.00858639  -0.0159284   0.0124706           0
