EndNode1[0]<--->Repeater1[0]
REAL
   0.338918    0.025127   0.0195287   0.0446269
   0.025127    0.282216   0.0477715 -0.00445658
  0.0195287   0.0477715     0.18299   0.0200892
  0.0446269 -0.00445658   0.0200892    0.195876
IMAGINARY
          0   0.0009788 -0.00293388   0.0201681
 -0.0009788           0    0.017604  0.00985212
 0.00293388   -0.017604           0  -0.0129285
 -0.0201681 -0.00985212   0.0129285           0
EndNode2[0]<--->HoM1[0]
REAL
   0.346059 -0.00445166   0.0194935   0.0137012
-0.00445166    0.240148   0.0281369 -0.00371851
  0.0194935   0.0281369    0.230296  0.00376579
  0.0137012 -0.00371851  0.00376579    0.183498
IMAGINARY
          0 -0.00598008 -0.00434764  0.00182808
 0.00598008           0 -0.00905541  -0.0140251
 0.00434764  0.00905541           0 -0.00976796
-0.00182808   0.0140251  0.00976796           0
Repeater1[0]<--->EndNode1[0]
REAL
   0.338918   0.0195287    0.025127   0.0446269
  0.0195287     0.18299   0.0477715   0.0200892
   0.025127   0.0477715    0.282216 -0.00445658
  0.0446269   0.0200892 -0.00445658    0.195876
IMAGINARY
          0 -0.00293388   0.0009788   0.0201681
 0.00293388           0   -0.017604  -0.0129285
 -0.0009788    0.017604           0  0.00985212
 -0.0201681   0.0129285 -0.00985212           0
Repeater1[0]<--->HoM1[0]
REAL
   0.346059   0.0194935 -0.00445166   0.0137012
  0.0194935    0.230296   0.0281369  0.00376579
-0.00445166   0.0281369    0.240148 -0.00371851
  0.0137012  0.00376579 -0.00371851    0.183498
IMAGINARY
          0 -0.00434764 -0.00598008  0.00182808
 0.00434764           0  0.00905541 -0.00976796
 0.00598008 -0.00905541           0  -0.0140251
-0.00182808  0.00976796   0.0140251           0
EndNode1[0]<--->Repeater1[0]
REAL
   0.382166  0.00819459   0.0108125   0.0356923
 0.00819459     0.24586   0.0272617  -0.0253403
  0.0108125   0.0272617    0.185987 -0.00214132
  0.0356923  -0.0253403 -0.00214132    0.185987
IMAGINARY
          0 -0.00474712 -0.00964262   0.0136181
 0.00474712           0  0.00428474 -0.00527308
 0.00964262 -0.00428474           0   0.0209598
 -0.0136181  0.00527308  -0.0209598           0
EndNode2[0]<--->HoM1[0]
REAL
  0.329016 0.00968593  0.0072945  0.0293016
0.00968593   0.235751    0.04084    0.01008
 0.0072945    0.04084   0.247409 0.00768859
 0.0293016    0.01008 0.00768859   0.187824
IMAGINARY
          0  -0.0288948 -0.00125862   0.0172351
  0.0288948           0  0.00549219 -0.00386959
 0.00125862 -0.00549219           0  0.00966401
 -0.0172351  0.00386959 -0.00966401           0
Repeater1[0]<--->EndNode1[0]
REAL
   0.382166   0.0108125  0.00819459   0.0356923
  0.0108125    0.185987   0.0272617 -0.00214132
 0.00819459   0.0272617     0.24586  -0.0253403
  0.0356923 -0.00214132  -0.0253403    0.185987
IMAGINARY
          0 -0.00964262 -0.00474712   0.0136181
 0.00964262           0 -0.00428474   0.0209598
 0.00474712  0.00428474           0 -0.00527308
 -0.0136181  -0.0209598  0.00527308           0
Repeater1[0]<--->HoM1[0]
REAL
  0.329016  0.0072945 0.00968593  0.0293016
 0.0072945   0.247409    0.04084 0.00768859
0.00968593    0.04084   0.235751    0.01008
 0.0293016 0.00768859    0.01008   0.187824
IMAGINARY
          0 -0.00125862  -0.0288948   0.0172351
 0.00125862           0 -0.00549219  0.00966401
  0.0288948  0.00549219           0 -0.00386959
 -0.0172351 -0.00966401  0.00386959           0
