EndNode1[0]<--->Repeater1[0]
REAL
  0.454094 0.00878172 0.00108029    0.33813
0.00878172  0.0818859    0.02116  0.0194115
0.00108029    0.02116  0.0942928  0.0130762
   0.33813  0.0194115  0.0130762   0.369727
IMAGINARY
           0  -0.00139527   -0.0010303  0.000784677
  0.00139527            0   -0.0112559     0.028303
   0.0010303    0.0112559            0   -0.0343623
-0.000784677    -0.028303    0.0343623            0
EndNode2[0]<--->HoM1[0]
REAL
   0.447507  0.00391343  -0.0233331    0.376471
 0.00391343   0.0682415  0.00861816   0.0185451
 -0.0233331  0.00861816   0.0787402 -0.00322943
   0.376471   0.0185451 -0.00322943    0.405512
IMAGINARY
          0 -0.00730409 -0.00252027  -0.0166751
 0.00730409           0  -0.0118608   0.0158621
 0.00252027   0.0118608           0  -0.0187442
  0.0166751  -0.0158621   0.0187442           0
Repeater1[0]<--->EndNode1[0]
REAL
  0.454094 0.00108029 0.00878172    0.33813
0.00108029  0.0942928    0.02116  0.0130762
0.00878172    0.02116  0.0818859  0.0194115
   0.33813  0.0130762  0.0194115   0.369727
IMAGINARY
           0   -0.0010303  -0.00139527  0.000784677
   0.0010303            0    0.0112559   -0.0343623
  0.00139527   -0.0112559            0     0.028303
-0.000784677    0.0343623    -0.028303            0
Repeater1[0]<--->HoM1[0]
REAL
   0.447507  -0.0233331  0.00391343    0.376471
 -0.0233331   0.0787402  0.00861816 -0.00322943
 0.00391343  0.00861816   0.0682415   0.0185451
   0.376471 -0.00322943   0.0185451    0.405512
IMAGINARY
          0 -0.00252027 -0.00730409  -0.0166751
 0.00252027           0   0.0118608  -0.0187442
 0.00730409  -0.0118608           0   0.0158621
  0.0166751   0.0187442  -0.0158621           0
EndNode1[0]<--->Repeater1[0]
REAL
   0.440204  -0.0191038 -0.00398773    0.355401
 -0.0191038   0.0648855   0.0280349 -0.00398773
-0.00398773   0.0280349   0.0826972   0.0123554
   0.355401 -0.00398773   0.0123554    0.412214
IMAGINARY
          0  0.00350812  0.00115496  0.00770737
-0.00350812           0 -0.00268224   0.0129115
-0.00115496  0.00268224           0  0.00160697
-0.00770737  -0.0129115 -0.00160697           0
EndNode2[0]<--->HoM1[0]
REAL
   0.43923 0.00710863  0.0236432    0.36629
0.00710863  0.0770156  0.0247183 0.00224239
 0.0236432  0.0247183  0.0637786 0.00515295
   0.36629 0.00224239 0.00515295   0.419976
IMAGINARY
           0   -0.0033516  0.000652234  -0.00842103
   0.0033516            0  -0.00123148   -0.0139602
-0.000652234   0.00123148            0    0.0255316
  0.00842103    0.0139602   -0.0255316            0
Repeater1[0]<--->EndNode1[0]
REAL
   0.440204 -0.00398773  -0.0191038    0.355401
-0.00398773   0.0826972   0.0280349   0.0123554
 -0.0191038   0.0280349   0.0648855 -0.00398773
   0.355401   0.0123554 -0.00398773    0.412214
IMAGINARY
          0  0.00115496  0.00350812  0.00770737
-0.00115496           0  0.00268224  0.00160697
-0.00350812 -0.00268224           0   0.0129115
-0.00770737 -0.00160697  -0.0129115           0
Repeater1[0]<--->HoM1[0]
REAL
   0.43923  0.0236432 0.00710863    0.36629
 0.0236432  0.0637786  0.0247183 0.00515295
0.00710863  0.0247183  0.0770156 0.00224239
   0.36629 0.00515295 0.00224239   0.419976
IMAGINARY
           0  0.000652234   -0.0033516  -0.00842103
-0.000652234            0   0.00123148    0.0255316
   0.0033516  -0.00123148            0   -0.0139602
  0.00842103   -0.0255316    0.0139602            0
EndNode1[0]<--->Repeater1[0]
REAL
   0.456839  0.00794189 -0.00735221    0.353361
 0.00794189   0.0969456   0.0345021 0.000755901
-0.00735221   0.0345021   0.0810093  -0.0132189
   0.353361 0.000755901  -0.0132189    0.365206
IMAGINARY
          0   0.0027546   0.0256257  -0.0102198
 -0.0027546           0 -0.00570372   0.0115951
 -0.0256257  0.00570372           0  -0.0101988
  0.0102198  -0.0115951   0.0101988           0
EndNode2[0]<--->HoM1[0]
REAL
    0.40641  0.00408786  -0.0222232    0.376275
 0.00408786         0.1   0.0159326 0.000145249
 -0.0222232   0.0159326   0.0782051 -0.00668527
   0.376275 0.000145249 -0.00668527    0.415385
IMAGINARY
          0  -0.0105315 -0.00201642 -0.00273468
  0.0105315           0  0.00538018   0.0132154
 0.00201642 -0.00538018           0 -0.00330254
 0.00273468  -0.0132154  0.00330254           0
Repeater1[0]<--->EndNode1[0]
REAL
   0.456839 -0.00735221  0.00794189    0.353361
-0.00735221   0.0810093   0.0345021  -0.0132189
 0.00794189   0.0345021   0.0969456 0.000755901
   0.353361  -0.0132189 0.000755901    0.365206
IMAGINARY
          0   0.0256257   0.0027546  -0.0102198
 -0.0256257           0  0.00570372  -0.0101988
 -0.0027546 -0.00570372           0   0.0115951
  0.0102198   0.0101988  -0.0115951           0
Repeater1[0]<--->HoM1[0]
REAL
    0.40641  -0.0222232  0.00408786    0.376275
 -0.0222232   0.0782051   0.0159326 -0.00668527
 0.00408786   0.0159326         0.1 0.000145249
   0.376275 -0.00668527 0.000145249    0.415385
IMAGINARY
          0 -0.00201642  -0.0105315 -0.00273468
 0.00201642           0 -0.00538018 -0.00330254
  0.0105315  0.00538018           0   0.0132154
 0.00273468  0.00330254  -0.0132154           0
EndNode1[0]<--->Repeater1[0]
REAL
   0.469577   0.0281921   0.0191138    0.352651
  0.0281921   0.0793651   0.0297723 -0.00367439
  0.0191138   0.0297723   0.0820106  0.00743737
   0.352651 -0.00367439  0.00743737    0.369048
IMAGINARY
          0   0.0178809  0.00618269  0.00140638
 -0.0178809           0   0.0134707  0.00550242
-0.00618269  -0.0134707           0  -0.0123458
-0.00140638 -0.00550242   0.0123458           0
EndNode2[0]<--->HoM1[0]
REAL
   0.457862 -0.00665504 -0.00623776    0.374665
-0.00665504   0.0893082   0.0245391  0.00225898
-0.00623776   0.0245391   0.0553459 -0.00793382
   0.374665  0.00225898 -0.00793382    0.397484
IMAGINARY
          0  -0.0133366  -0.0186857   0.0132679
  0.0133366           0  0.00306379   0.0161668
  0.0186857 -0.00306379           0  0.00452051
 -0.0132679  -0.0161668 -0.00452051           0
Repeater1[0]<--->EndNode1[0]
REAL
   0.469577   0.0191138   0.0281921    0.352651
  0.0191138   0.0820106   0.0297723  0.00743737
  0.0281921   0.0297723   0.0793651 -0.00367439
   0.352651  0.00743737 -0.00367439    0.369048
IMAGINARY
          0  0.00618269   0.0178809  0.00140638
-0.00618269           0  -0.0134707  -0.0123458
 -0.0178809   0.0134707           0  0.00550242
-0.00140638   0.0123458 -0.00550242           0
Repeater1[0]<--->HoM1[0]
REAL
   0.457862 -0.00623776 -0.00665504    0.374665
-0.00623776   0.0553459   0.0245391 -0.00793382
-0.00665504   0.0245391   0.0893082  0.00225898
   0.374665 -0.00793382  0.00225898    0.397484
IMAGINARY
          0  -0.0186857  -0.0133366   0.0132679
  0.0186857           0 -0.00306379  0.00452051
  0.0133366  0.00306379           0   0.0161668
 -0.0132679 -0.00452051  -0.0161668           0
EndNode1[0]<--->Repeater1[0]
REAL
   0.419271   0.0138118   0.0073576    0.367423
  0.0138118   0.0716146   0.0297268  0.00937102
  0.0073576   0.0297268   0.0898438 -0.00080065
   0.367423  0.00937102 -0.00080065    0.419271
IMAGINARY
           0   0.00983345   -0.0210532   -0.0188501
 -0.00983345            0    0.0156326  0.000110806
   0.0210532   -0.0156326            0     0.011109
   0.0188501 -0.000110806    -0.011109            0
EndNode2[0]<--->HoM1[0]
REAL
   0.399204 -0.00997948   0.0220874    0.375393
-0.00997948   0.0822281   0.0339444  -0.0254704
  0.0220874   0.0339444   0.0649867  0.00253699
   0.375393  -0.0254704  0.00253699    0.453581
IMAGINARY
           0   -0.0188168 -0.000221111   0.00197411
   0.0188168            0   0.00257725  -0.00789375
 0.000221111  -0.00257725            0  -0.00677623
 -0.00197411   0.00789375   0.00677623            0
Repeater1[0]<--->EndNode1[0]
REAL
   0.419271   0.0073576   0.0138118    0.367423
  0.0073576   0.0898438   0.0297268 -0.00080065
  0.0138118   0.0297268   0.0716146  0.00937102
   0.367423 -0.00080065  0.00937102    0.419271
IMAGINARY
           0   -0.0210532   0.00983345   -0.0188501
   0.0210532            0   -0.0156326     0.011109
 -0.00983345    0.0156326            0  0.000110806
   0.0188501    -0.011109 -0.000110806            0
Repeater1[0]<--->HoM1[0]
REAL
   0.399204   0.0220874 -0.00997948    0.375393
  0.0220874   0.0649867   0.0339444  0.00253699
-0.00997948   0.0339444   0.0822281  -0.0254704
   0.375393  0.00253699  -0.0254704    0.453581
IMAGINARY
           0 -0.000221111   -0.0188168   0.00197411
 0.000221111            0  -0.00257725  -0.00677623
   0.0188168   0.00257725            0  -0.00789375
 -0.00197411   0.00677623   0.00789375            0
EndNode1[0]<--->Repeater1[0]
REAL
   0.447682  0.00543186 -0.00726573    0.352146
 0.00543186   0.0728477    0.019027   0.0123678
-0.00726573    0.019027   0.0821192   0.0111498
   0.352146   0.0123678   0.0111498    0.397351
IMAGINARY
           0    0.0148001  -0.00995113  -0.00569911
  -0.0148001            0 -0.000760838  -0.00609509
  0.00995113  0.000760838            0   0.00894832
  0.00569911   0.00609509  -0.00894832            0
EndNode2[0]<--->HoM1[0]
REAL
   0.454902    -0.00216  -0.0136502    0.371427
   -0.00216    0.075817   0.0391524 -0.00524145
 -0.0136502   0.0391524   0.0732026  -0.0179911
   0.371427 -0.00524145  -0.0179911    0.396078
IMAGINARY
          0  0.00411524   -0.016492   -0.020306
-0.00411524           0 -0.00933826  -0.0095563
   0.016492  0.00933826           0  0.00160268
   0.020306   0.0095563 -0.00160268           0
Repeater1[0]<--->EndNode1[0]
REAL
   0.447682 -0.00726573  0.00543186    0.352146
-0.00726573   0.0821192    0.019027   0.0111498
 0.00543186    0.019027   0.0728477   0.0123678
   0.352146   0.0111498   0.0123678    0.397351
IMAGINARY
           0  -0.00995113    0.0148001  -0.00569911
  0.00995113            0  0.000760838   0.00894832
  -0.0148001 -0.000760838            0  -0.00609509
  0.00569911  -0.00894832   0.00609509            0
Repeater1[0]<--->HoM1[0]
REAL
   0.454902  -0.0136502    -0.00216    0.371427
 -0.0136502   0.0732026   0.0391524  -0.0179911
   -0.00216   0.0391524    0.075817 -0.00524145
   0.371427  -0.0179911 -0.00524145    0.396078
IMAGINARY
          0   -0.016492  0.00411524   -0.020306
   0.016492           0  0.00933826  0.00160268
-0.00411524 -0.00933826           0  -0.0095563
   0.020306 -0.00160268   0.0095563           0
EndNode1[0]<--->Repeater1[0]
REAL
   0.435733  0.00935824  0.00310463    0.350976
 0.00935824   0.0848329    0.036348 -0.00630566
 0.00310463    0.036348    0.092545 -0.00743763
   0.350976 -0.00630566 -0.00743763    0.386889
IMAGINARY
          0  0.00884238 -0.00339673   0.0113199
-0.00884238           0 -0.00371274   0.0191597
 0.00339673  0.00371274           0 -0.00316773
 -0.0113199  -0.0191597  0.00316773           0
EndNode2[0]<--->HoM1[0]
REAL
   0.440806   0.0196768   0.0146442    0.365072
  0.0196768   0.0831234   0.0440191 -0.00632151
  0.0146442   0.0440191   0.0831234 -0.00239128
   0.365072 -0.00632151 -0.00239128    0.392947
IMAGINARY
          0   0.0215494  -0.0204574 -0.00718179
 -0.0215494           0  0.00915808  0.00335213
  0.0204574 -0.00915808           0   0.0113453
 0.00718179 -0.00335213  -0.0113453           0
Repeater1[0]<--->EndNode1[0]
REAL
   0.435733  0.00310463  0.00935824    0.350976
 0.00310463    0.092545    0.036348 -0.00743763
 0.00935824    0.036348   0.0848329 -0.00630566
   0.350976 -0.00743763 -0.00630566    0.386889
IMAGINARY
          0 -0.00339673  0.00884238   0.0113199
 0.00339673           0  0.00371274 -0.00316773
-0.00884238 -0.00371274           0   0.0191597
 -0.0113199  0.00316773  -0.0191597           0
Repeater1[0]<--->HoM1[0]
REAL
   0.440806   0.0146442   0.0196768    0.365072
  0.0146442   0.0831234   0.0440191 -0.00239128
  0.0196768   0.0440191   0.0831234 -0.00632151
   0.365072 -0.00239128 -0.00632151    0.392947
IMAGINARY
          0  -0.0204574   0.0215494 -0.00718179
  0.0204574           0 -0.00915808   0.0113453
 -0.0215494  0.00915808           0  0.00335213
 0.00718179  -0.0113453 -0.00335213           0
EndNode1[0]<--->Repeater1[0]
REAL
   0.459184  0.00688133   0.0168291    0.348129
 0.00688133   0.0739796   0.0325078 -0.00356648
  0.0168291   0.0325078   0.0841837  0.00372875
   0.348129 -0.00356648  0.00372875    0.382653
IMAGINARY
          0   0.0216362  0.00415049  -0.0219062
 -0.0216362           0  -0.0140938  0.00545258
-0.00415049   0.0140938           0  0.00461222
  0.0219062 -0.00545258 -0.00461222           0
EndNode2[0]<--->HoM1[0]
REAL
   0.463445  -0.0253692 -0.00238224    0.373888
 -0.0253692    0.063197   0.0205714  -0.0147682
-0.00238224   0.0205714   0.0805452 0.000303204
   0.373888  -0.0147682 0.000303204    0.392813
IMAGINARY
          0   0.0218738 -0.00795783   0.0124907
 -0.0218738           0 -0.00273775 -0.00479727
 0.00795783  0.00273775           0  -0.0129452
 -0.0124907  0.00479727   0.0129452           0
Repeater1[0]<--->EndNode1[0]
REAL
   0.459184   0.0168291  0.00688133    0.348129
  0.0168291   0.0841837   0.0325078  0.00372875
 0.00688133   0.0325078   0.0739796 -0.00356648
   0.348129  0.00372875 -0.00356648    0.382653
IMAGINARY
          0  0.00415049   0.0216362  -0.0219062
-0.00415049           0   0.0140938  0.00461222
 -0.0216362  -0.0140938           0  0.00545258
  0.0219062 -0.00461222 -0.00545258           0
Repeater1[0]<--->HoM1[0]
REAL
   0.463445 -0.00238224  -0.0253692    0.373888
-0.00238224   0.0805452   0.0205714 0.000303204
 -0.0253692   0.0205714    0.063197  -0.0147682
   0.373888 0.000303204  -0.0147682    0.392813
IMAGINARY
          0 -0.00795783   0.0218738   0.0124907
 0.00795783           0  0.00273775  -0.0129452
 -0.0218738 -0.00273775           0 -0.00479727
 -0.0124907   0.0129452  0.00479727           0
EndNode1[0]<--->Repeater1[0]
REAL
   0.456437  -0.0119438   0.0109536     0.35625
 -0.0119438   0.0897269   0.0471001 -0.00708763
  0.0109536   0.0471001   0.0858257   0.0248304
    0.35625 -0.00708763   0.0248304     0.36801
IMAGINARY
           0  -0.00483807    0.0201792    0.0123164
  0.00483807            0  0.000876252    0.0183828
  -0.0201792 -0.000876252            0   -0.0154234
  -0.0123164   -0.0183828    0.0154234            0
EndNode2[0]<--->HoM1[0]
REAL
   0.436435 -0.00432837 -0.00716419    0.367974
-0.00432837     0.08519   0.0408961  -0.0323255
-0.00716419   0.0408961    0.078637  -0.0266558
   0.367974  -0.0323255  -0.0266558    0.399738
IMAGINARY
           0   0.00871314 -0.000906892   -0.0022637
 -0.00871314            0    -0.011426  0.000906892
 0.000906892     0.011426            0   0.00871314
   0.0022637 -0.000906892  -0.00871314            0
Repeater1[0]<--->EndNode1[0]
REAL
   0.456437   0.0109536  -0.0119438     0.35625
  0.0109536   0.0858257   0.0471001   0.0248304
 -0.0119438   0.0471001   0.0897269 -0.00708763
    0.35625   0.0248304 -0.00708763     0.36801
IMAGINARY
           0    0.0201792  -0.00483807    0.0123164
  -0.0201792            0 -0.000876252   -0.0154234
  0.00483807  0.000876252            0    0.0183828
  -0.0123164    0.0154234   -0.0183828            0
Repeater1[0]<--->HoM1[0]
REAL
   0.436435 -0.00716419 -0.00432837    0.367974
-0.00716419    0.078637   0.0408961  -0.0266558
-0.00432837   0.0408961     0.08519  -0.0323255
   0.367974  -0.0266558  -0.0323255    0.399738
IMAGINARY
           0 -0.000906892   0.00871314   -0.0022637
 0.000906892            0     0.011426   0.00871314
 -0.00871314    -0.011426            0  0.000906892
   0.0022637  -0.00871314 -0.000906892            0
EndNode1[0]<--->Repeater1[0]
REAL
   0.432148   0.0140718  -0.0126863    0.361702
  0.0140718    0.083004   0.0304676 -0.00207622
 -0.0126863   0.0304676    0.085639  -0.0108626
   0.361702 -0.00207622  -0.0108626    0.399209
IMAGINARY
          0  0.00394106  -0.0126646  0.00735971
-0.00394106           0 -0.00209655   0.0378535
  0.0126646  0.00209655           0 -0.00897884
-0.00735971  -0.0378535  0.00897884           0
EndNode2[0]<--->HoM1[0]
REAL
   0.439147  -0.0154046  0.00858025    0.380376
 -0.0154046   0.0727729   0.0392428 -0.00585545
 0.00858025   0.0392428   0.0690088    0.016767
   0.380376 -0.00585545    0.016767    0.419072
IMAGINARY
          0  -0.0182385    0.020557  0.00227504
  0.0182385           0  0.00101876  0.00407351
  -0.020557 -0.00101876           0  -0.0150127
-0.00227504 -0.00407351   0.0150127           0
Repeater1[0]<--->EndNode1[0]
REAL
   0.432148  -0.0126863   0.0140718    0.361702
 -0.0126863    0.085639   0.0304676  -0.0108626
  0.0140718   0.0304676    0.083004 -0.00207622
   0.361702  -0.0108626 -0.00207622    0.399209
IMAGINARY
          0  -0.0126646  0.00394106  0.00735971
  0.0126646           0  0.00209655 -0.00897884
-0.00394106 -0.00209655           0   0.0378535
-0.00735971  0.00897884  -0.0378535           0
Repeater1[0]<--->HoM1[0]
REAL
   0.439147  0.00858025  -0.0154046    0.380376
 0.00858025   0.0690088   0.0392428    0.016767
 -0.0154046   0.0392428   0.0727729 -0.00585545
   0.380376    0.016767 -0.00585545    0.419072
IMAGINARY
          0    0.020557  -0.0182385  0.00227504
  -0.020557           0 -0.00101876  -0.0150127
  0.0182385  0.00101876           0  0.00407351
-0.00227504   0.0150127 -0.00407351           0
EndNode1[0]<--->Repeater1[0]
REAL
   0.449239  0.00349077  0.00763059    0.345383
 0.00349077   0.0786802   0.0603241  -0.0138341
 0.00763059   0.0603241   0.0786802 0.000231316
   0.345383  -0.0138341 0.000231316    0.393401
IMAGINARY
           0   -0.0181049  -0.00744646  2.41571e-06
   0.0181049            0 -0.000634527  -0.00238316
  0.00744646  0.000634527            0    0.0069647
-2.41571e-06   0.00238316   -0.0069647            0
EndNode2[0]<--->HoM1[0]
REAL
   0.431818  -0.0171655  -0.0117228    0.365665
 -0.0171655   0.0732323   0.0411037 -0.00424147
 -0.0117228   0.0411037   0.0631313  0.00758697
   0.365665 -0.00424147  0.00758697    0.431818
IMAGINARY
          0  0.00404583  0.00123891  0.00705508
-0.00404583           0   0.0116064 -0.00191367
-0.00123891  -0.0116064           0   0.0047261
-0.00705508  0.00191367  -0.0047261           0
Repeater1[0]<--->EndNode1[0]
REAL
   0.449239  0.00763059  0.00349077    0.345383
 0.00763059   0.0786802   0.0603241 0.000231316
 0.00349077   0.0603241   0.0786802  -0.0138341
   0.345383 0.000231316  -0.0138341    0.393401
IMAGINARY
           0  -0.00744646   -0.0181049  2.41571e-06
  0.00744646            0  0.000634527    0.0069647
   0.0181049 -0.000634527            0  -0.00238316
-2.41571e-06   -0.0069647   0.00238316            0
Repeater1[0]<--->HoM1[0]
REAL
   0.431818  -0.0117228  -0.0171655    0.365665
 -0.0117228   0.0631313   0.0411037  0.00758697
 -0.0171655   0.0411037   0.0732323 -0.00424147
   0.365665  0.00758697 -0.00424147    0.431818
IMAGINARY
          0  0.00123891  0.00404583  0.00705508
-0.00123891           0  -0.0116064   0.0047261
-0.00404583   0.0116064           0 -0.00191367
-0.00705508  -0.0047261  0.00191367           0
EndNode1[0]<--->Repeater1[0]
REAL
    0.430108  -0.00784822 -0.000472596     0.343573
 -0.00784822    0.0846774    0.0363746   0.00838816
-0.000472596    0.0363746    0.0752688   0.00916748
    0.343573   0.00838816   0.00916748     0.409946
IMAGINARY
         0 -0.0159915   0.017373  -0.000625
 0.0159915          0  -0.000625  0.0186167
 -0.017373   0.000625          0 -0.0277103
  0.000625 -0.0186167  0.0277103          0
EndNode2[0]<--->HoM1[0]
REAL
    0.457105    0.0012883  -0.00981862     0.379567
   0.0012883     0.075067    0.0306368      0.01322
 -0.00981862    0.0306368    0.0844504 -0.000608031
    0.379567      0.01322 -0.000608031     0.383378
IMAGINARY
           0 -0.000113383    0.0150361     0.016821
 0.000113383            0    0.0174256    0.0143756
  -0.0150361   -0.0174256            0   -0.0279615
   -0.016821   -0.0143756    0.0279615            0
Repeater1[0]<--->EndNode1[0]
REAL
    0.430108 -0.000472596  -0.00784822     0.343573
-0.000472596    0.0752688    0.0363746   0.00916748
 -0.00784822    0.0363746    0.0846774   0.00838816
    0.343573   0.00916748   0.00838816     0.409946
IMAGINARY
         0   0.017373 -0.0159915  -0.000625
 -0.017373          0   0.000625 -0.0277103
 0.0159915  -0.000625          0  0.0186167
  0.000625  0.0277103 -0.0186167          0
Repeater1[0]<--->HoM1[0]
REAL
    0.457105  -0.00981862    0.0012883     0.379567
 -0.00981862    0.0844504    0.0306368 -0.000608031
   0.0012883    0.0306368     0.075067      0.01322
    0.379567 -0.000608031      0.01322     0.383378
IMAGINARY
           0    0.0150361 -0.000113383     0.016821
  -0.0150361            0   -0.0174256   -0.0279615
 0.000113383    0.0174256            0    0.0143756
   -0.016821    0.0279615   -0.0143756            0
EndNode1[0]<--->Repeater1[0]
REAL
   0.44137 0.00691901  0.0261657   0.360426
0.00691901   0.108037  0.0245867  0.0216379
 0.0261657  0.0245867  0.0816864  0.0370086
  0.360426  0.0216379  0.0370086   0.368906
IMAGINARY
           0   0.00254512    0.0030248   0.00891492
 -0.00254512            0   0.00201404  -0.00929047
  -0.0030248  -0.00201404            0 -3.88568e-05
 -0.00891492   0.00929047  3.88568e-05            0
EndNode2[0]<--->HoM1[0]
REAL
   0.460948  -0.0113641 -0.00611463    0.387039
 -0.0113641   0.0729834   0.0107894  -0.0149582
-0.00611463   0.0107894   0.0640205    0.005617
   0.387039  -0.0149582    0.005617    0.402049
IMAGINARY
          0   -0.011239  0.00401967 -0.00977178
   0.011239           0 -0.00915374   0.0209803
-0.00401967  0.00915374           0   -0.020011
 0.00977178  -0.0209803    0.020011           0
Repeater1[0]<--->EndNode1[0]
REAL
   0.44137  0.0261657 0.00691901   0.360426
 0.0261657  0.0816864  0.0245867  0.0370086
0.00691901  0.0245867   0.108037  0.0216379
  0.360426  0.0370086  0.0216379   0.368906
IMAGINARY
           0    0.0030248   0.00254512   0.00891492
  -0.0030248            0  -0.00201404 -3.88568e-05
 -0.00254512   0.00201404            0  -0.00929047
 -0.00891492  3.88568e-05   0.00929047            0
Repeater1[0]<--->HoM1[0]
REAL
   0.460948 -0.00611463  -0.0113641    0.387039
-0.00611463   0.0640205   0.0107894    0.005617
 -0.0113641   0.0107894   0.0729834  -0.0149582
   0.387039    0.005617  -0.0149582    0.402049
IMAGINARY
          0  0.00401967   -0.011239 -0.00977178
-0.00401967           0  0.00915374   -0.020011
   0.011239 -0.00915374           0   0.0209803
 0.00977178    0.020011  -0.0209803           0
EndNode1[0]<--->Repeater1[0]
REAL
  0.423483 0.00698964 0.00912948   0.336754
0.00698964  0.0897098  0.0382463   0.015623
0.00912948  0.0382463  0.0949868    0.01405
  0.336754   0.015623    0.01405   0.391821
IMAGINARY
          0  -0.0118036 -0.00394139  -0.0206519
  0.0118036           0  0.00971243 -0.00725264
 0.00394139 -0.00971243           0 -0.00685311
  0.0206519  0.00725264  0.00685311           0
EndNode2[0]<--->HoM1[0]
REAL
    0.451282 -9.30136e-05  -0.00988602     0.385348
-9.30136e-05    0.0820513    0.0251189  -0.00209381
 -0.00988602    0.0251189    0.0692308   -0.0131478
    0.385348  -0.00209381   -0.0131478     0.397436
IMAGINARY
          0 -0.00546294 -0.00838443  0.00926744
 0.00546294           0   0.0134894   0.0141023
 0.00838443  -0.0134894           0 -0.00279627
-0.00926744  -0.0141023  0.00279627           0
Repeater1[0]<--->EndNode1[0]
REAL
  0.423483 0.00912948 0.00698964   0.336754
0.00912948  0.0949868  0.0382463    0.01405
0.00698964  0.0382463  0.0897098   0.015623
  0.336754    0.01405   0.015623   0.391821
IMAGINARY
          0 -0.00394139  -0.0118036  -0.0206519
 0.00394139           0 -0.00971243 -0.00685311
  0.0118036  0.00971243           0 -0.00725264
  0.0206519  0.00685311  0.00725264           0
Repeater1[0]<--->HoM1[0]
REAL
    0.451282  -0.00988602 -9.30136e-05     0.385348
 -0.00988602    0.0692308    0.0251189   -0.0131478
-9.30136e-05    0.0251189    0.0820513  -0.00209381
    0.385348   -0.0131478  -0.00209381     0.397436
IMAGINARY
          0 -0.00838443 -0.00546294  0.00926744
 0.00838443           0  -0.0134894 -0.00279627
 0.00546294   0.0134894           0   0.0141023
-0.00926744  0.00279627  -0.0141023           0
EndNode1[0]<--->Repeater1[0]
REAL
  0.386632 -0.0105198  -0.018796   0.360315
-0.0105198  0.0891219  0.0400449 -0.0238211
 -0.018796  0.0400449  0.0943644 -0.0284958
  0.360315 -0.0238211 -0.0284958   0.429882
IMAGINARY
           0    0.0091899  0.000544157    0.0124234
  -0.0091899            0  -0.00536311   -0.0262198
-0.000544157   0.00536311            0    0.0151344
  -0.0124234    0.0262198   -0.0151344            0
EndNode2[0]<--->HoM1[0]
REAL
   0.414013  -0.0192813 -0.00898291    0.375156
 -0.0192813   0.0713376   0.0306233 -0.00106734
-0.00898291   0.0306233   0.0738854   0.0155125
   0.375156 -0.00106734   0.0155125    0.440764
IMAGINARY
          0 -0.00923223   0.0108276  -0.0121754
 0.00923223           0  0.00961787  0.00827653
 -0.0108276 -0.00961787           0 -0.00196671
  0.0121754 -0.00827653  0.00196671           0
Repeater1[0]<--->EndNode1[0]
REAL
  0.386632  -0.018796 -0.0105198   0.360315
 -0.018796  0.0943644  0.0400449 -0.0284958
-0.0105198  0.0400449  0.0891219 -0.0238211
  0.360315 -0.0284958 -0.0238211   0.429882
IMAGINARY
           0  0.000544157    0.0091899    0.0124234
-0.000544157            0   0.00536311    0.0151344
  -0.0091899  -0.00536311            0   -0.0262198
  -0.0124234   -0.0151344    0.0262198            0
Repeater1[0]<--->HoM1[0]
REAL
   0.414013 -0.00898291  -0.0192813    0.375156
-0.00898291   0.0738854   0.0306233   0.0155125
 -0.0192813   0.0306233   0.0713376 -0.00106734
   0.375156   0.0155125 -0.00106734    0.440764
IMAGINARY
          0   0.0108276 -0.00923223  -0.0121754
 -0.0108276           0 -0.00961787 -0.00196671
 0.00923223  0.00961787           0  0.00827653
  0.0121754  0.00196671 -0.00827653           0
EndNode1[0]<--->Repeater1[0]
REAL
   0.446809 -0.00429873 0.000217576    0.368803
-0.00429873    0.087766   0.0365367  0.00220961
0.000217576   0.0365367   0.0890957  0.00672591
   0.368803  0.00220961  0.00672591     0.37633
IMAGINARY
          0  0.00010117  -0.0160813  -0.0183232
-0.00010117           0  0.00738371 -0.00120421
  0.0160813 -0.00738371           0    0.015904
  0.0183232  0.00120421   -0.015904           0
EndNode2[0]<--->HoM1[0]
REAL
   0.446034   0.0037809 -0.00865235    0.376045
  0.0037809   0.0936281   0.0362586  0.00996125
-0.00865235   0.0362586   0.0871261  -0.0168699
   0.376045  0.00996125  -0.0168699    0.373212
IMAGINARY
          0   0.0088908   0.0270215 -0.00734355
 -0.0088908           0 -0.00734355   0.0177048
 -0.0270215  0.00734355           0  -0.0269148
 0.00734355  -0.0177048   0.0269148           0
Repeater1[0]<--->EndNode1[0]
REAL
   0.446809 0.000217576 -0.00429873    0.368803
0.000217576   0.0890957   0.0365367  0.00672591
-0.00429873   0.0365367    0.087766  0.00220961
   0.368803  0.00672591  0.00220961     0.37633
IMAGINARY
          0  -0.0160813  0.00010117  -0.0183232
  0.0160813           0 -0.00738371    0.015904
-0.00010117  0.00738371           0 -0.00120421
  0.0183232   -0.015904  0.00120421           0
Repeater1[0]<--->HoM1[0]
REAL
   0.446034 -0.00865235   0.0037809    0.376045
-0.00865235   0.0871261   0.0362586  -0.0168699
  0.0037809   0.0362586   0.0936281  0.00996125
   0.376045  -0.0168699  0.00996125    0.373212
IMAGINARY
          0   0.0270215   0.0088908 -0.00734355
 -0.0270215           0  0.00734355  -0.0269148
 -0.0088908 -0.00734355           0   0.0177048
 0.00734355   0.0269148  -0.0177048           0
EndNode1[0]<--->Repeater1[0]
REAL
    0.444301   0.00434331 -2.45289e-06     0.359539
  0.00434331    0.0790155    0.0293501   0.00191816
-2.45289e-06    0.0293501    0.0854922   0.00906665
    0.359539   0.00191816   0.00906665     0.391192
IMAGINARY
          0 -0.00371534 -0.00943482   0.0139645
 0.00371534           0  -0.0107879  -0.0176092
 0.00943482   0.0107879           0   0.0194386
 -0.0139645   0.0176092  -0.0194386           0
EndNode2[0]<--->HoM1[0]
REAL
   0.440613  0.00890773 -0.00759163     0.38905
 0.00890773   0.0702427   0.0307924 0.000364302
-0.00759163   0.0307924   0.0613027  -0.0279616
    0.38905 0.000364302  -0.0279616    0.427842
IMAGINARY
           0  -0.00822208  -0.00158225  0.000777161
  0.00822208            0  -0.00792931   0.00353284
  0.00158225   0.00792931            0  -0.00283124
-0.000777161  -0.00353284   0.00283124            0
Repeater1[0]<--->EndNode1[0]
REAL
    0.444301 -2.45289e-06   0.00434331     0.359539
-2.45289e-06    0.0854922    0.0293501   0.00906665
  0.00434331    0.0293501    0.0790155   0.00191816
    0.359539   0.00906665   0.00191816     0.391192
IMAGINARY
          0 -0.00943482 -0.00371534   0.0139645
 0.00943482           0   0.0107879   0.0194386
 0.00371534  -0.0107879           0  -0.0176092
 -0.0139645  -0.0194386   0.0176092           0
Repeater1[0]<--->HoM1[0]
REAL
   0.440613 -0.00759163  0.00890773     0.38905
-0.00759163   0.0613027   0.0307924  -0.0279616
 0.00890773   0.0307924   0.0702427 0.000364302
    0.38905  -0.0279616 0.000364302    0.427842
IMAGINARY
           0  -0.00158225  -0.00822208  0.000777161
  0.00158225            0   0.00792931  -0.00283124
  0.00822208  -0.00792931            0   0.00353284
-0.000777161   0.00283124  -0.00353284            0
EndNode1[0]<--->Repeater1[0]
REAL
   0.418663   0.0163852 -0.00850335    0.345387
  0.0163852     0.07314   0.0314339   0.0224106
-0.00850335   0.0314339   0.0958386 -0.00645138
   0.345387   0.0224106 -0.00645138    0.412358
IMAGINARY
           0    0.0120856 -0.000349948  -0.00160837
  -0.0120856            0   0.00222795  -0.00869398
 0.000349948  -0.00222795            0  -0.00562561
  0.00160837   0.00869398   0.00562561            0
EndNode2[0]<--->HoM1[0]
REAL
   0.445722  -0.0103365  -0.0071693    0.375474
 -0.0103365   0.0664112   0.0419117 -0.00454463
 -0.0071693   0.0419117   0.0817369  0.00232172
   0.375474 -0.00454463  0.00232172     0.40613
IMAGINARY
          0 -0.00237697  0.00135322  -0.0164648
 0.00237697           0 -0.00985102  0.00758763
-0.00135322  0.00985102           0  -0.0079394
  0.0164648 -0.00758763   0.0079394           0
Repeater1[0]<--->EndNode1[0]
REAL
   0.418663 -0.00850335   0.0163852    0.345387
-0.00850335   0.0958386   0.0314339 -0.00645138
  0.0163852   0.0314339     0.07314   0.0224106
   0.345387 -0.00645138   0.0224106    0.412358
IMAGINARY
           0 -0.000349948    0.0120856  -0.00160837
 0.000349948            0  -0.00222795  -0.00562561
  -0.0120856   0.00222795            0  -0.00869398
  0.00160837   0.00562561   0.00869398            0
Repeater1[0]<--->HoM1[0]
REAL
   0.445722  -0.0071693  -0.0103365    0.375474
 -0.0071693   0.0817369   0.0419117  0.00232172
 -0.0103365   0.0419117   0.0664112 -0.00454463
   0.375474  0.00232172 -0.00454463     0.40613
IMAGINARY
          0  0.00135322 -0.00237697  -0.0164648
-0.00135322           0  0.00985102  -0.0079394
 0.00237697 -0.00985102           0  0.00758763
  0.0164648   0.0079394 -0.00758763           0
EndNode1[0]<--->Repeater1[0]
REAL
   0.444733   0.0193389   0.0117069    0.357432
  0.0193389    0.083225   0.0284503   0.0129989
  0.0117069   0.0284503   0.0936281 -0.00286834
   0.357432   0.0129989 -0.00286834    0.378414
IMAGINARY
          0   0.0124453 -0.00252184  -0.0188769
 -0.0124453           0  -0.0201756  -0.0170604
 0.00252184   0.0201756           0   0.0058315
  0.0188769   0.0170604  -0.0058315           0
EndNode2[0]<--->HoM1[0]
REAL
   0.442786 -0.00997376 -0.00915534    0.368553
-0.00997376   0.0646766   0.0431356   0.0156488
-0.00915534   0.0431356   0.0771144 -0.00171455
   0.368553   0.0156488 -0.00171455    0.415423
IMAGINARY
          0  -0.0169991   0.0168967   0.0136024
  0.0169991           0  -0.0149147 -0.00341786
 -0.0168967   0.0149147           0  -0.0016145
 -0.0136024  0.00341786   0.0016145           0
Repeater1[0]<--->EndNode1[0]
REAL
   0.444733   0.0117069   0.0193389    0.357432
  0.0117069   0.0936281   0.0284503 -0.00286834
  0.0193389   0.0284503    0.083225   0.0129989
   0.357432 -0.00286834   0.0129989    0.378414
IMAGINARY
          0 -0.00252184   0.0124453  -0.0188769
 0.00252184           0   0.0201756   0.0058315
 -0.0124453  -0.0201756           0  -0.0170604
  0.0188769  -0.0058315   0.0170604           0
Repeater1[0]<--->HoM1[0]
REAL
   0.442786 -0.00915534 -0.00997376    0.368553
-0.00915534   0.0771144   0.0431356 -0.00171455
-0.00997376   0.0431356   0.0646766   0.0156488
   0.368553 -0.00171455   0.0156488    0.415423
IMAGINARY
          0   0.0168967  -0.0169991   0.0136024
 -0.0168967           0   0.0149147  -0.0016145
  0.0169991  -0.0149147           0 -0.00341786
 -0.0136024   0.0016145  0.00341786           0
EndNode1[0]<--->Repeater1[0]
REAL
    0.42545  0.00922126  0.00524286    0.354275
 0.00922126   0.0822622   0.0247883  0.00711085
 0.00524286   0.0247883   0.0989717 -0.00597029
   0.354275  0.00711085 -0.00597029    0.393316
IMAGINARY
          0  0.00279993  0.00609374  -0.0111626
-0.00279993           0  0.00109548  -0.0163502
-0.00609374 -0.00109548           0 -0.00921019
  0.0111626   0.0163502  0.00921019           0
EndNode2[0]<--->HoM1[0]
REAL
    0.421185   -0.0112961   -0.0166142      0.36426
  -0.0112961    0.0794451    0.0262413  -0.00713252
  -0.0166142    0.0262413    0.0718789 -0.000577281
     0.36426  -0.00713252 -0.000577281     0.427491
IMAGINARY
          0 -0.00218133   0.0054276    0.032837
 0.00218133           0  -0.0240413  0.00862862
 -0.0054276   0.0240413           0   0.0108828
  -0.032837 -0.00862862  -0.0108828           0
Repeater1[0]<--->EndNode1[0]
REAL
    0.42545  0.00524286  0.00922126    0.354275
 0.00524286   0.0989717   0.0247883 -0.00597029
 0.00922126   0.0247883   0.0822622  0.00711085
   0.354275 -0.00597029  0.00711085    0.393316
IMAGINARY
          0  0.00609374  0.00279993  -0.0111626
-0.00609374           0 -0.00109548 -0.00921019
-0.00279993  0.00109548           0  -0.0163502
  0.0111626  0.00921019   0.0163502           0
Repeater1[0]<--->HoM1[0]
REAL
    0.421185   -0.0166142   -0.0112961      0.36426
  -0.0166142    0.0718789    0.0262413 -0.000577281
  -0.0112961    0.0262413    0.0794451  -0.00713252
     0.36426 -0.000577281  -0.00713252     0.427491
IMAGINARY
          0   0.0054276 -0.00218133    0.032837
 -0.0054276           0   0.0240413   0.0108828
 0.00218133  -0.0240413           0  0.00862862
  -0.032837  -0.0108828 -0.00862862           0
EndNode1[0]<--->Repeater1[0]
REAL
      0.4474  -0.00391563 -0.000114048     0.343067
 -0.00391563    0.0785973    0.0428222  -0.00908841
-0.000114048    0.0428222    0.0822249   -0.0138758
    0.343067  -0.00908841   -0.0138758     0.391778
IMAGINARY
          0  0.00469975  -0.0127843 -0.00601469
-0.00469975           0   0.0160147   0.0103333
  0.0127843  -0.0160147           0 -0.00837622
 0.00601469  -0.0103333  0.00837622           0
EndNode2[0]<--->HoM1[0]
REAL
    0.431145    0.0170013     0.025627     0.364264
   0.0170013    0.0888031      0.04156 -0.000224236
    0.025627      0.04156    0.0849421    0.0257496
    0.364264 -0.000224236    0.0257496     0.395109
IMAGINARY
          0 -0.00371262  -0.0172476  -0.0112158
 0.00371262           0  0.00249098   0.0223497
  0.0172476 -0.00249098           0   0.0151922
  0.0112158  -0.0223497  -0.0151922           0
Repeater1[0]<--->EndNode1[0]
REAL
      0.4474 -0.000114048  -0.00391563     0.343067
-0.000114048    0.0822249    0.0428222   -0.0138758
 -0.00391563    0.0428222    0.0785973  -0.00908841
    0.343067   -0.0138758  -0.00908841     0.391778
IMAGINARY
          0  -0.0127843  0.00469975 -0.00601469
  0.0127843           0  -0.0160147 -0.00837622
-0.00469975   0.0160147           0   0.0103333
 0.00601469  0.00837622  -0.0103333           0
Repeater1[0]<--->HoM1[0]
REAL
    0.431145     0.025627    0.0170013     0.364264
    0.025627    0.0849421      0.04156    0.0257496
   0.0170013      0.04156    0.0888031 -0.000224236
    0.364264    0.0257496 -0.000224236     0.395109
IMAGINARY
          0  -0.0172476 -0.00371262  -0.0112158
  0.0172476           0 -0.00249098   0.0151922
 0.00371262  0.00249098           0   0.0223497
  0.0112158  -0.0151922  -0.0223497           0
EndNode1[0]<--->Repeater1[0]
REAL
    0.43125  -0.0232996  0.00166725    0.357858
 -0.0232996       0.075   0.0304402  -0.0322524
 0.00166725   0.0304402     0.08375 -0.00196631
   0.357858  -0.0322524 -0.00196631        0.41
IMAGINARY
          0   0.0033527 -0.00130345 -0.00163568
 -0.0033527           0 -0.00295147  0.00681141
 0.00130345  0.00295147           0 -0.00518869
 0.00163568 -0.00681141  0.00518869           0
EndNode2[0]<--->HoM1[0]
REAL
   0.431145     0.03048 -0.00897808    0.370885
    0.03048   0.0785071   0.0250304    0.017542
-0.00897808   0.0250304   0.0810811  0.00311683
   0.370885    0.017542  0.00311683    0.409266
IMAGINARY
          0  0.00910127  0.00590631   0.0181782
-0.00910127           0  -0.0151552 -0.00849698
-0.00590631   0.0151552           0  0.00255676
 -0.0181782  0.00849698 -0.00255676           0
Repeater1[0]<--->EndNode1[0]
REAL
    0.43125  0.00166725  -0.0232996    0.357858
 0.00166725     0.08375   0.0304402 -0.00196631
 -0.0232996   0.0304402       0.075  -0.0322524
   0.357858 -0.00196631  -0.0322524        0.41
IMAGINARY
          0 -0.00130345   0.0033527 -0.00163568
 0.00130345           0  0.00295147 -0.00518869
 -0.0033527 -0.00295147           0  0.00681141
 0.00163568  0.00518869 -0.00681141           0
Repeater1[0]<--->HoM1[0]
REAL
   0.431145 -0.00897808     0.03048    0.370885
-0.00897808   0.0810811   0.0250304  0.00311683
    0.03048   0.0250304   0.0785071    0.017542
   0.370885  0.00311683    0.017542    0.409266
IMAGINARY
          0  0.00590631  0.00910127   0.0181782
-0.00590631           0   0.0151552  0.00255676
-0.00910127  -0.0151552           0 -0.00849698
 -0.0181782 -0.00255676  0.00849698           0
EndNode1[0]<--->Repeater1[0]
REAL
    0.45953   -0.012879 -0.00101386    0.363285
  -0.012879   0.0718016  0.00686204  -0.0157197
-0.00101386  0.00686204   0.0900783    0.010871
   0.363285  -0.0157197    0.010871     0.37859
IMAGINARY
          0  -0.0117479  0.00108867 -0.00789252
  0.0117479           0   0.0208124  -0.0073859
-0.00108867  -0.0208124           0   0.0104884
 0.00789252   0.0073859  -0.0104884           0
EndNode2[0]<--->HoM1[0]
REAL
   0.445187 -0.00458834  -0.0185376     0.37363
-0.00458834   0.0828877   0.0272825 -0.00949368
 -0.0185376   0.0272825   0.0775401 -0.00779758
    0.37363 -0.00949368 -0.00779758    0.394385
IMAGINARY
          0 -0.00866752   0.0126987   0.0261845
 0.00866752           0           0   0.0250846
 -0.0126987           0           0  0.00111084
 -0.0261845  -0.0250846 -0.00111084           0
Repeater1[0]<--->EndNode1[0]
REAL
    0.45953 -0.00101386   -0.012879    0.363285
-0.00101386   0.0900783  0.00686204    0.010871
  -0.012879  0.00686204   0.0718016  -0.0157197
   0.363285    0.010871  -0.0157197     0.37859
IMAGINARY
          0  0.00108867  -0.0117479 -0.00789252
-0.00108867           0  -0.0208124   0.0104884
  0.0117479   0.0208124           0  -0.0073859
 0.00789252  -0.0104884   0.0073859           0
Repeater1[0]<--->HoM1[0]
REAL
   0.445187  -0.0185376 -0.00458834     0.37363
 -0.0185376   0.0775401   0.0272825 -0.00779758
-0.00458834   0.0272825   0.0828877 -0.00949368
    0.37363 -0.00779758 -0.00949368    0.394385
IMAGINARY
          0   0.0126987 -0.00866752   0.0261845
 -0.0126987           0           0  0.00111084
 0.00866752           0           0   0.0250846
 -0.0261845 -0.00111084  -0.0250846           0
EndNode1[0]<--->Repeater1[0]
REAL
   0.444444 -0.00403228 -0.00452846    0.352719
-0.00403228    0.083014   0.0134331  -0.0231421
-0.00452846   0.0134331   0.0753512  -0.0262123
   0.352719  -0.0231421  -0.0262123     0.39719
IMAGINARY
          0   0.0132102   0.0169076 -0.00227038
 -0.0132102           0  0.00753354   0.0162557
 -0.0169076 -0.00753354           0  -0.0106592
