EndNode1[0]<--->Repeater1[0]
REAL
   0.466175 -0.00590011   0.0113998    0.326585
-0.00590011   0.0676507 -0.00213733  -0.0068484
  0.0113998 -0.00213733   0.0861009 -0.00125204
   0.326585  -0.0068484 -0.00125204    0.380074
IMAGINARY
          0 -0.00364727 -0.00448875 -0.00668449
 0.00364727           0 -0.00668449  -0.0146153
 0.00448875  0.00668449           0  -0.0088692
 0.00668449   0.0146153   0.0088692           0
EndNode2[0]<--->HoM1[0]
REAL
   0.446154 -0.00756408  0.00670168    0.371181
-0.00756408   0.0782051  0.00718054  -0.0252676
 0.00670168  0.00718054    0.074359  0.00564347
   0.371181  -0.0252676  0.00564347    0.401282
IMAGINARY
           0   -0.0112982     0.016812   -0.0127783
   0.0112982            0    0.0101809  0.000521303
   -0.016812   -0.0101809            0  -0.00603509
   0.0127783 -0.000521303   0.00603509            0
Repeater1[0]<--->EndNode1[0]
REAL
   0.466175   0.0113998 -0.00590011    0.326585
  0.0113998   0.0861009 -0.00213733 -0.00125204
-0.00590011 -0.00213733   0.0676507  -0.0068484
   0.326585 -0.00125204  -0.0068484    0.380074
IMAGINARY
          0 -0.00448875 -0.00364727 -0.00668449
 0.00448875           0  0.00668449  -0.0088692
 0.00364727 -0.00668449           0  -0.0146153
 0.00668449   0.0088692   0.0146153           0
Repeater1[0]<--->HoM1[0]
REAL
   0.446154  0.00670168 -0.00756408    0.371181
 0.00670168    0.074359  0.00718054  0.00564347
-0.00756408  0.00718054   0.0782051  -0.0252676
   0.371181  0.00564347  -0.0252676    0.401282
IMAGINARY
           0     0.016812   -0.0112982   -0.0127783
   -0.016812            0   -0.0101809  -0.00603509
   0.0112982    0.0101809            0  0.000521303
   0.0127783   0.00603509 -0.000521303            0
EndNode1[0]<--->Repeater1[0]
REAL
   0.456298  0.00591431   0.0034065    0.327941
 0.00591431   0.0874036   0.0171298   0.0100378
  0.0034065   0.0171298   0.0848329 -0.00655452
   0.327941   0.0100378 -0.00655452    0.371465
IMAGINARY
          0 -0.00108606 -0.00111494  0.00470735
 0.00108606           0  -0.0152927  0.00690645
 0.00111494   0.0152927           0  -0.0240105
-0.00470735 -0.00690645   0.0240105           0
EndNode2[0]<--->HoM1[0]
REAL
   0.489744  0.00673598  0.00471709    0.375077
 0.00673598   0.0576923  -0.0153865  -0.0100679
 0.00471709  -0.0153865   0.0551282 -0.00733051
   0.375077  -0.0100679 -0.00733051    0.397436
IMAGINARY
           0   0.00161979   -0.0145705   -0.0101594
 -0.00161979            0   0.00952566   0.00812725
   0.0145705  -0.00952566            0  0.000957534
   0.0101594  -0.00812725 -0.000957534            0
Repeater1[0]<--->EndNode1[0]
REAL
   0.456298   0.0034065  0.00591431    0.327941
  0.0034065   0.0848329   0.0171298 -0.00655452
 0.00591431   0.0171298   0.0874036   0.0100378
   0.327941 -0.00655452   0.0100378    0.371465
IMAGINARY
          0 -0.00111494 -0.00108606  0.00470735
 0.00111494           0   0.0152927  -0.0240105
 0.00108606  -0.0152927           0  0.00690645
-0.00470735   0.0240105 -0.00690645           0
Repeater1[0]<--->HoM1[0]
REAL
   0.489744  0.00471709  0.00673598    0.375077
 0.00471709   0.0551282  -0.0153865 -0.00733051
 0.00673598  -0.0153865   0.0576923  -0.0100679
   0.375077 -0.00733051  -0.0100679    0.397436
IMAGINARY
           0   -0.0145705   0.00161979   -0.0101594
   0.0145705            0  -0.00952566  0.000957534
 -0.00161979   0.00952566            0   0.00812725
   0.0101594 -0.000957534  -0.00812725            0
EndNode1[0]<--->Repeater1[0]
REAL
   0.466747 -0.00443459  0.00204056    0.335435
-0.00443459   0.0834341   0.0137709  -0.0324638
 0.00204056   0.0137709    0.076179  -0.0339252
   0.335435  -0.0324638  -0.0339252     0.37364
IMAGINARY
           0  0.000360598    0.0031471   -0.0147431
-0.000360598            0  0.000563049   -0.0262647
  -0.0031471 -0.000563049            0   -0.0023421
   0.0147431    0.0262647    0.0023421            0
EndNode2[0]<--->HoM1[0]
REAL
    0.475533   -0.0240183   -0.0233442     0.379773
  -0.0240183    0.0589711 -0.000376414   0.00575629
  -0.0233442 -0.000376414    0.0677541  -0.00110729
    0.379773   0.00575629  -0.00110729     0.397742
IMAGINARY
           0   0.00646753  -0.00234923 -0.000125257
 -0.00646753            0   -0.0134231   -0.0082625
  0.00234923    0.0134231            0 -0.000849548
 0.000125257    0.0082625  0.000849548            0
Repeater1[0]<--->EndNode1[0]
REAL
   0.466747  0.00204056 -0.00443459    0.335435
 0.00204056    0.076179   0.0137709  -0.0339252
-0.00443459   0.0137709   0.0834341  -0.0324638
   0.335435  -0.0339252  -0.0324638     0.37364
IMAGINARY
           0    0.0031471  0.000360598   -0.0147431
  -0.0031471            0 -0.000563049   -0.0023421
-0.000360598  0.000563049            0   -0.0262647
   0.0147431    0.0023421    0.0262647            0
Repeater1[0]<--->HoM1[0]
REAL
    0.475533   -0.0233442   -0.0240183     0.379773
  -0.0233442    0.0677541 -0.000376414  -0.00110729
  -0.0240183 -0.000376414    0.0589711   0.00575629
    0.379773  -0.00110729   0.00575629     0.397742
IMAGINARY
           0  -0.00234923   0.00646753 -0.000125257
  0.00234923            0    0.0134231 -0.000849548
 -0.00646753   -0.0134231            0   -0.0082625
 0.000125257  0.000849548    0.0082625            0
EndNode1[0]<--->Repeater1[0]
REAL
    0.481013 -8.67432e-05    0.0220065     0.332941
-8.67432e-05    0.0949367   0.00272828   0.00156039
   0.0220065   0.00272828    0.0759494   0.00964088
    0.332941   0.00156039   0.00964088     0.348101
IMAGINARY
          0  -0.0014055   0.0111539  -0.0136712
  0.0014055           0 -0.00397588  -0.0105297
 -0.0111539  0.00397588           0  0.00827192
  0.0136712   0.0105297 -0.00827192           0
EndNode2[0]<--->HoM1[0]
REAL
   0.483574 -0.00339009    0.005715    0.371991
-0.00339009   0.0630749   0.0089944  0.00317693
   0.005715   0.0089944   0.0696452 -0.00276587
   0.371991  0.00317693 -0.00276587    0.383706
IMAGINARY
          0  0.00257056 -0.00399019    0.012496
-0.00257056           0 -0.00786024   0.0059108
 0.00399019  0.00786024           0   0.0044717
  -0.012496  -0.0059108  -0.0044717           0
Repeater1[0]<--->EndNode1[0]
REAL
    0.481013    0.0220065 -8.67432e-05     0.332941
   0.0220065    0.0759494   0.00272828   0.00964088
-8.67432e-05   0.00272828    0.0949367   0.00156039
    0.332941   0.00964088   0.00156039     0.348101
IMAGINARY
          0   0.0111539  -0.0014055  -0.0136712
 -0.0111539           0  0.00397588  0.00827192
  0.0014055 -0.00397588           0  -0.0105297
  0.0136712 -0.00827192   0.0105297           0
Repeater1[0]<--->HoM1[0]
REAL
   0.483574    0.005715 -0.00339009    0.371991
   0.005715   0.0696452   0.0089944 -0.00276587
-0.00339009   0.0089944   0.0630749  0.00317693
   0.371991 -0.00276587  0.00317693    0.383706
IMAGINARY
          0 -0.00399019  0.00257056    0.012496
 0.00399019           0  0.00786024   0.0044717
-0.00257056 -0.00786024           0   0.0059108
  -0.012496  -0.0044717  -0.0059108           0
EndNode1[0]<--->Repeater1[0]
REAL
   0.452761 -0.00529034 -0.00228004    0.325633
-0.00529034   0.0773006 -0.00151204  -0.0228456
-0.00228004 -0.00151204   0.0895706 0.000265215
   0.325633  -0.0228456 0.000265215    0.380368
IMAGINARY
          0  0.00650377 -0.00387345  -0.0170848
-0.00650377           0  -0.0132582  0.00451365
 0.00387345   0.0132582           0   0.0197446
  0.0170848 -0.00451365  -0.0197446           0
EndNode2[0]<--->HoM1[0]
REAL
   0.445638   0.0115855 -0.00223801    0.380116
  0.0115855   0.0724832  0.00848537   0.0126007
-0.00223801  0.00848537   0.0469799   0.0195026
   0.380116   0.0126007   0.0195026    0.434899
IMAGINARY
          0  0.00943128  -0.0085707 -0.00909858
-0.00943128           0 -0.00577852   0.0169147
  0.0085707  0.00577852           0  0.00019645
 0.00909858  -0.0169147 -0.00019645           0
Repeater1[0]<--->EndNode1[0]
REAL
   0.452761 -0.00228004 -0.00529034    0.325633
-0.00228004   0.0895706 -0.00151204 0.000265215
-0.00529034 -0.00151204   0.0773006  -0.0228456
   0.325633 0.000265215  -0.0228456    0.380368
IMAGINARY
          0 -0.00387345  0.00650377  -0.0170848
 0.00387345           0   0.0132582   0.0197446
-0.00650377  -0.0132582           0  0.00451365
  0.0170848  -0.0197446 -0.00451365           0
Repeater1[0]<--->HoM1[0]
REAL
   0.445638 -0.00223801   0.0115855    0.380116
-0.00223801   0.0469799  0.00848537   0.0195026
  0.0115855  0.00848537   0.0724832   0.0126007
   0.380116   0.0195026   0.0126007    0.434899
IMAGINARY
          0  -0.0085707  0.00943128 -0.00909858
  0.0085707           0  0.00577852  0.00019645
-0.00943128 -0.00577852           0   0.0169147
 0.00909858 -0.00019645  -0.0169147           0
EndNode1[0]<--->Repeater1[0]
REAL
   0.468338  -0.0117909  -0.0100836    0.322253
 -0.0117909   0.0831135 -0.00808153 -0.00194846
 -0.0100836 -0.00808153   0.0686016  0.00109571
   0.322253 -0.00194846  0.00109571    0.379947
IMAGINARY
          0  -0.0113623  0.00892695   -0.027346
  0.0113623           0  0.00933356   0.0180653
-0.00892695 -0.00933356           0  -0.0233421
   0.027346  -0.0180653   0.0233421           0
EndNode2[0]<--->HoM1[0]
REAL
   0.469895 -0.00834446  -0.0235595    0.376363
-0.00834446   0.0641361 -0.00621751   0.0199187
 -0.0235595 -0.00621751   0.0667539  0.00834446
   0.376363   0.0199187  0.00834446    0.399215
IMAGINARY
           0   0.00512686   -0.0175074    0.0328399
 -0.00512686            0   0.00233595   0.00524938
   0.0175074  -0.00233595            0  0.000679592
  -0.0328399  -0.00524938 -0.000679592            0
Repeater1[0]<--->EndNode1[0]
REAL
   0.468338  -0.0100836  -0.0117909    0.322253
 -0.0100836   0.0686016 -0.00808153  0.00109571
 -0.0117909 -0.00808153   0.0831135 -0.00194846
   0.322253  0.00109571 -0.00194846    0.379947
IMAGINARY
          0  0.00892695  -0.0113623   -0.027346
-0.00892695           0 -0.00933356  -0.0233421
  0.0113623  0.00933356           0   0.0180653
   0.027346   0.0233421  -0.0180653           0
Repeater1[0]<--->HoM1[0]
REAL
   0.469895  -0.0235595 -0.00834446    0.376363
 -0.0235595   0.0667539 -0.00621751  0.00834446
-0.00834446 -0.00621751   0.0641361   0.0199187
   0.376363  0.00834446   0.0199187    0.399215
IMAGINARY
           0   -0.0175074   0.00512686    0.0328399
   0.0175074            0  -0.00233595  0.000679592
 -0.00512686   0.00233595            0   0.00524938
  -0.0328399 -0.000679592  -0.00524938            0
EndNode1[0]<--->Repeater1[0]
REAL
   0.493438   0.0100212   0.0198223     0.32787
  0.0100212   0.0643045 -0.00956802   -0.013191
  0.0198223 -0.00956802   0.0826772  -0.0179788
    0.32787   -0.013191  -0.0179788     0.35958
IMAGINARY
          0  0.00246305 -0.00558375 -0.00350449
-0.00246305           0  -0.0189823 -0.00180541
 0.00558375   0.0189823           0  0.00246305
 0.00350449  0.00180541 -0.00246305           0
EndNode2[0]<--->HoM1[0]
REAL
   0.469086   0.0230933 -0.00170776    0.378049
  0.0230933   0.0551075 -0.00224083   0.0243468
-0.00170776 -0.00224083   0.0752688   0.0202443
   0.378049   0.0243468   0.0202443    0.400538
IMAGINARY
          0  -0.0208659   0.0236776   0.0125831
  0.0208659           0   0.0094463  0.00957508
 -0.0236776  -0.0094463           0  -0.0184328
 -0.0125831 -0.00957508   0.0184328           0
Repeater1[0]<--->EndNode1[0]
REAL
   0.493438   0.0198223   0.0100212     0.32787
  0.0198223   0.0826772 -0.00956802  -0.0179788
  0.0100212 -0.00956802   0.0643045   -0.013191
    0.32787  -0.0179788   -0.013191     0.35958
IMAGINARY
          0 -0.00558375  0.00246305 -0.00350449
 0.00558375           0   0.0189823  0.00246305
-0.00246305  -0.0189823           0 -0.00180541
 0.00350449 -0.00246305  0.00180541           0
Repeater1[0]<--->HoM1[0]
REAL
   0.469086 -0.00170776   0.0230933    0.378049
-0.00170776   0.0752688 -0.00224083   0.0202443
  0.0230933 -0.00224083   0.0551075   0.0243468
   0.378049   0.0202443   0.0243468    0.400538
IMAGINARY
          0   0.0236776  -0.0208659   0.0125831
 -0.0236776           0  -0.0094463  -0.0184328
  0.0208659   0.0094463           0  0.00957508
 -0.0125831   0.0184328 -0.00957508           0
EndNode1[0]<--->Repeater1[0]
REAL
   0.471106  0.00116641   0.0112206     0.33891
 0.00116641   0.0829146 -0.00185391  -0.0276463
  0.0112206 -0.00185391   0.0854271 -0.00445156
    0.33891  -0.0276463 -0.00445156    0.360553
IMAGINARY
         0   -0.00395  0.0137461   0.016651
   0.00395          0  0.0114697  0.0200118
-0.0137461 -0.0114697          0  -0.018343
 -0.016651 -0.0200118   0.018343          0
EndNode2[0]<--->HoM1[0]
REAL
   0.487384  -0.0120455 -0.00666295    0.384902
 -0.0120455    0.062417  0.00990177 -0.00537761
-0.00666295  0.00990177   0.0584329   -0.011402
   0.384902 -0.00537761   -0.011402    0.391766
IMAGINARY
          0  0.00272556 -0.00873147 -0.00477079
-0.00272556           0  -0.0122896 -0.00442643
 0.00873147   0.0122896           0   0.0170113
 0.00477079  0.00442643  -0.0170113           0
Repeater1[0]<--->EndNode1[0]
REAL
   0.471106   0.0112206  0.00116641     0.33891
  0.0112206   0.0854271 -0.00185391 -0.00445156
 0.00116641 -0.00185391   0.0829146  -0.0276463
    0.33891 -0.00445156  -0.0276463    0.360553
IMAGINARY
         0  0.0137461   -0.00395   0.016651
-0.0137461          0 -0.0114697  -0.018343
   0.00395  0.0114697          0  0.0200118
 -0.016651   0.018343 -0.0200118          0
Repeater1[0]<--->HoM1[0]
REAL
   0.487384 -0.00666295  -0.0120455    0.384902
-0.00666295   0.0584329  0.00990177   -0.011402
 -0.0120455  0.00990177    0.062417 -0.00537761
   0.384902   -0.011402 -0.00537761    0.391766
IMAGINARY
          0 -0.00873147  0.00272556 -0.00477079
 0.00873147           0   0.0122896   0.0170113
-0.00272556  -0.0122896           0 -0.00442643
 0.00477079  -0.0170113  0.00442643           0
EndNode1[0]<--->Repeater1[0]
REAL
   0.493082 0.000308642   0.0104187    0.340426
0.000308642   0.0867925   0.0101909  0.00563071
  0.0104187   0.0101909    0.072956   0.0095679
   0.340426  0.00563071   0.0095679     0.34717
IMAGINARY
          0 -0.00110757   0.0113368  -0.0141374
 0.00110757           0  0.00101408   0.0153051
 -0.0113368 -0.00101408           0  -0.0143819
  0.0141374  -0.0153051   0.0143819           0
EndNode2[0]<--->HoM1[0]
REAL
   0.486417 -0.00411732  0.00829503    0.367874
-0.00411732   0.0556274 -0.00379652 -0.00101348
 0.00829503 -0.00379652   0.0491591  0.00897169
   0.367874 -0.00101348  0.00897169    0.408797
IMAGINARY
           0  -0.00916072   0.00498331   -0.0226847
  0.00916072            0  0.000296653   0.00228061
 -0.00498331 -0.000296653            0    0.0043181
   0.0226847  -0.00228061   -0.0043181            0
Repeater1[0]<--->EndNode1[0]
REAL
   0.493082   0.0104187 0.000308642    0.340426
  0.0104187    0.072956   0.0101909   0.0095679
0.000308642   0.0101909   0.0867925  0.00563071
   0.340426   0.0095679  0.00563071     0.34717
IMAGINARY
          0   0.0113368 -0.00110757  -0.0141374
 -0.0113368           0 -0.00101408  -0.0143819
 0.00110757  0.00101408           0   0.0153051
  0.0141374   0.0143819  -0.0153051           0
Repeater1[0]<--->HoM1[0]
REAL
   0.486417  0.00829503 -0.00411732    0.367874
 0.00829503   0.0491591 -0.00379652  0.00897169
-0.00411732 -0.00379652   0.0556274 -0.00101348
   0.367874  0.00897169 -0.00101348    0.408797
IMAGINARY
           0   0.00498331  -0.00916072   -0.0226847
 -0.00498331            0 -0.000296653    0.0043181
  0.00916072  0.000296653            0   0.00228061
   0.0226847   -0.0043181  -0.00228061            0
EndNode1[0]<--->Repeater1[0]
REAL
   0.474868   0.0243732 0.000941023    0.327572
  0.0243732   0.0714286 -0.00175771  0.00156524
0.000941023 -0.00175771   0.0687831 -0.00306992
   0.327572  0.00156524 -0.00306992    0.384921
IMAGINARY
          0 -0.00460292   0.0108988 -0.00900476
 0.00460292           0 -0.00582004  -0.0026814
 -0.0108988  0.00582004           0  -0.0149925
 0.00900476   0.0026814   0.0149925           0
EndNode2[0]<--->HoM1[0]
REAL
   0.493655   -0.001961 -0.00536528    0.384006
  -0.001961   0.0545685   0.0152564   0.0102793
-0.00536528   0.0152564   0.0558376    0.011789
   0.384006   0.0102793    0.011789    0.395939
IMAGINARY
           0 -0.000460993    0.0185739   0.00157868
 0.000460993            0   0.00553646    0.0126761
  -0.0185739  -0.00553646            0    -0.029539
 -0.00157868   -0.0126761     0.029539            0
Repeater1[0]<--->EndNode1[0]
REAL
   0.474868 0.000941023   0.0243732    0.327572
0.000941023   0.0687831 -0.00175771 -0.00306992
  0.0243732 -0.00175771   0.0714286  0.00156524
   0.327572 -0.00306992  0.00156524    0.384921
IMAGINARY
          0   0.0108988 -0.00460292 -0.00900476
 -0.0108988           0  0.00582004  -0.0149925
 0.00460292 -0.00582004           0  -0.0026814
 0.00900476   0.0149925   0.0026814           0
Repeater1[0]<--->HoM1[0]
REAL
   0.493655 -0.00536528   -0.001961    0.384006
-0.00536528   0.0558376   0.0152564    0.011789
  -0.001961   0.0152564   0.0545685   0.0102793
   0.384006    0.011789   0.0102793    0.395939
IMAGINARY
           0    0.0185739 -0.000460993   0.00157868
  -0.0185739            0  -0.00553646    -0.029539
 0.000460993   0.00553646            0    0.0126761
 -0.00157868     0.029539   -0.0126761            0
EndNode1[0]<--->Repeater1[0]
REAL
        0.5 -0.00838119  -0.0104832    0.332381
-0.00838119   0.0727041  0.00500718   0.0034409
 -0.0104832  0.00500718   0.0688776  -0.0153064
   0.332381   0.0034409  -0.0153064    0.358418
IMAGINARY
          0  -0.0168031   0.0130834 -0.00340198
  0.0168031           0   0.0136584  0.00726189
 -0.0130834  -0.0136584           0  0.00139008
 0.00340198 -0.00726189 -0.00139008           0
EndNode2[0]<--->HoM1[0]
REAL
   0.448454 -0.00871627  0.00505178    0.381228
-0.00871627   0.0631443   0.0097049  -0.0201635
 0.00505178   0.0097049   0.0631443   -0.018222
   0.381228  -0.0201635   -0.018222    0.425258
IMAGINARY
          0  0.00515636  0.00248489   0.0065024
-0.00515636           0    0.022069 -0.00314715
-0.00248489   -0.022069           0 -0.00846762
 -0.0065024  0.00314715  0.00846762           0
Repeater1[0]<--->EndNode1[0]
REAL
        0.5  -0.0104832 -0.00838119    0.332381
 -0.0104832   0.0688776  0.00500718  -0.0153064
-0.00838119  0.00500718   0.0727041   0.0034409
   0.332381  -0.0153064   0.0034409    0.358418
IMAGINARY
          0   0.0130834  -0.0168031 -0.00340198
 -0.0130834           0  -0.0136584  0.00139008
  0.0168031   0.0136584           0  0.00726189
 0.00340198 -0.00139008 -0.00726189           0
Repeater1[0]<--->HoM1[0]
REAL
   0.448454  0.00505178 -0.00871627    0.381228
 0.00505178   0.0631443   0.0097049   -0.018222
-0.00871627   0.0097049   0.0631443  -0.0201635
   0.381228   -0.018222  -0.0201635    0.425258
IMAGINARY
          0  0.00248489  0.00515636   0.0065024
-0.00248489           0   -0.022069 -0.00846762
-0.00515636    0.022069           0 -0.00314715
 -0.0065024  0.00846762  0.00314715           0
EndNode1[0]<--->Repeater1[0]
REAL
  0.461446  0.0305261  0.0051031   0.331604
 0.0305261   0.073494 0.00243221 -0.0156516
 0.0051031 0.00243221  0.0891566 -0.0157581
  0.331604 -0.0156516 -0.0157581   0.375904
IMAGINARY
           0    0.0148456 -0.000208805  0.000227842
  -0.0148456            0    0.0127592  -0.00439041
 0.000208805   -0.0127592            0  -0.00499019
-0.000227842   0.00439041   0.00499019            0
EndNode2[0]<--->HoM1[0]
REAL
   0.48063 0.00333469  0.0134917   0.373669
0.00333469  0.0496368 0.00292102 0.00304779
 0.0134917 0.00292102  0.0617433 0.00938796
  0.373669 0.00304779 0.00938796    0.40799
IMAGINARY
          0 -0.00390476  0.00680819   0.0167669
 0.00390476           0  0.00328654  0.00747753
-0.00680819 -0.00328654           0  -0.0199048
 -0.0167669 -0.00747753   0.0199048           0
Repeater1[0]<--->EndNode1[0]
REAL
  0.461446  0.0051031  0.0305261   0.331604
 0.0051031  0.0891566 0.00243221 -0.0157581
 0.0305261 0.00243221   0.073494 -0.0156516
  0.331604 -0.0157581 -0.0156516   0.375904
IMAGINARY
           0 -0.000208805    0.0148456  0.000227842
 0.000208805            0   -0.0127592  -0.00499019
  -0.0148456    0.0127592            0  -0.00439041
-0.000227842   0.00499019   0.00439041            0
Repeater1[0]<--->HoM1[0]
REAL
   0.48063  0.0134917 0.00333469   0.373669
 0.0134917  0.0617433 0.00292102 0.00938796
0.00333469 0.00292102  0.0496368 0.00304779
  0.373669 0.00938796 0.00304779    0.40799
IMAGINARY
          0  0.00680819 -0.00390476   0.0167669
-0.00680819           0 -0.00328654  -0.0199048
 0.00390476  0.00328654           0  0.00747753
 -0.0167669   0.0199048 -0.00747753           0
EndNode1[0]<--->Repeater1[0]
REAL
   0.487437 -0.00378292  -0.0042115    0.337198
-0.00378292   0.0766332  0.00301469   0.0168613
 -0.0042115  0.00301469   0.0791457   0.0164327
   0.337198   0.0168613   0.0164327    0.356784
IMAGINARY
           0   0.00123431   0.00363925   -0.0209954
 -0.00123431            0  0.000799517   -0.0151188
 -0.00363925 -0.000799517            0   0.00769426
   0.0209954    0.0151188  -0.00769426            0
EndNode2[0]<--->HoM1[0]
REAL
   0.479139  0.00432188 -0.00889799    0.389569
 0.00432188   0.0605653   0.0177416   0.0141199
-0.00889799   0.0177416   0.0659489  0.00742747
   0.389569   0.0141199  0.00742747    0.394347
IMAGINARY
          0 -0.00611141   0.0151789  -0.0113709
 0.00611141           0 -0.00948881   0.0190851
 -0.0151789  0.00948881           0  -0.0192693
  0.0113709  -0.0190851   0.0192693           0
Repeater1[0]<--->EndNode1[0]
REAL
   0.487437  -0.0042115 -0.00378292    0.337198
 -0.0042115   0.0791457  0.00301469   0.0164327
-0.00378292  0.00301469   0.0766332   0.0168613
   0.337198   0.0164327   0.0168613    0.356784
IMAGINARY
           0   0.00363925   0.00123431   -0.0209954
 -0.00363925            0 -0.000799517   0.00769426
 -0.00123431  0.000799517            0   -0.0151188
   0.0209954  -0.00769426    0.0151188            0
Repeater1[0]<--->HoM1[0]
REAL
   0.479139 -0.00889799  0.00432188    0.389569
-0.00889799   0.0659489   0.0177416  0.00742747
 0.00432188   0.0177416   0.0605653   0.0141199
   0.389569  0.00742747   0.0141199    0.394347
IMAGINARY
          0   0.0151789 -0.00611141  -0.0113709
 -0.0151789           0  0.00948881  -0.0192693
 0.00611141 -0.00948881           0   0.0190851
  0.0113709   0.0192693  -0.0190851           0
EndNode1[0]<--->Repeater1[0]
REAL
   0.451204 -0.00296817  0.00323791    0.329837
-0.00296817   0.0773131    0.013399   0.0100364
 0.00323791    0.013399   0.0836502    0.018771
   0.329837   0.0100364    0.018771    0.387833
IMAGINARY
           0   0.00740134  0.000513256    0.0321382
 -0.00740134            0  -0.00303768   -0.0279105
-0.000513256   0.00303768            0    0.0145165
  -0.0321382    0.0279105   -0.0145165            0
EndNode2[0]<--->HoM1[0]
REAL
  0.482399  0.0198034  0.0250492    0.38113
 0.0198034  0.0691004 0.00469683  0.0130086
 0.0250492 0.00469683  0.0560626   0.024816
   0.38113  0.0130086   0.024816   0.392438
IMAGINARY
          0 -0.00797758   0.0163382  0.00687881
 0.00797758           0  -0.0147528  0.00977648
 -0.0163382   0.0147528           0  -0.0066721
-0.00687881 -0.00977648   0.0066721           0
Repeater1[0]<--->EndNode1[0]
REAL
   0.451204  0.00323791 -0.00296817    0.329837
 0.00323791   0.0836502    0.013399    0.018771
-0.00296817    0.013399   0.0773131   0.0100364
   0.329837    0.018771   0.0100364    0.387833
IMAGINARY
           0  0.000513256   0.00740134    0.0321382
-0.000513256            0   0.00303768    0.0145165
 -0.00740134  -0.00303768            0   -0.0279105
  -0.0321382   -0.0145165    0.0279105            0
Repeater1[0]<--->HoM1[0]
REAL
  0.482399  0.0250492  0.0198034    0.38113
 0.0250492  0.0560626 0.00469683   0.024816
 0.0198034 0.00469683  0.0691004  0.0130086
   0.38113   0.024816  0.0130086   0.392438
IMAGINARY
          0   0.0163382 -0.00797758  0.00687881
 -0.0163382           0   0.0147528  -0.0066721
 0.00797758  -0.0147528           0  0.00977648
-0.00687881   0.0066721 -0.00977648           0
EndNode1[0]<--->Repeater1[0]
REAL
  0.463384 0.00330286 0.00413295   0.351524
0.00330286  0.0694444 0.00165091 -0.0186832
0.00413295 0.00165091  0.0820707 -0.0191759
  0.351524 -0.0186832 -0.0191759   0.385101
IMAGINARY
          0  -0.0044963   0.0164102  -0.0105863
  0.0044963           0 -0.00930756   0.0217578
 -0.0164102  0.00930756           0  -0.0158599
  0.0105863  -0.0217578   0.0158599           0
EndNode2[0]<--->HoM1[0]
REAL
   0.454907   -0.021973  0.00926485    0.370217
  -0.021973   0.0583554   -0.011025 -0.00991674
 0.00926485   -0.011025    0.061008   0.0108909
   0.370217 -0.00991674   0.0108909    0.425729
IMAGINARY
          0 -0.00766257  0.00188364  -0.0244718
 0.00766257           0  0.00402566    0.019034
-0.00188364 -0.00402566           0  -0.0213523
  0.0244718   -0.019034   0.0213523           0
Repeater1[0]<--->EndNode1[0]
REAL
  0.463384 0.00413295 0.00330286   0.351524
0.00413295  0.0820707 0.00165091 -0.0191759
0.00330286 0.00165091  0.0694444 -0.0186832
  0.351524 -0.0191759 -0.0186832   0.385101
IMAGINARY
          0   0.0164102  -0.0044963  -0.0105863
 -0.0164102           0  0.00930756  -0.0158599
  0.0044963 -0.00930756           0   0.0217578
  0.0105863   0.0158599  -0.0217578           0
Repeater1[0]<--->HoM1[0]
REAL
   0.454907  0.00926485   -0.021973    0.370217
 0.00926485    0.061008   -0.011025   0.0108909
  -0.021973   -0.011025   0.0583554 -0.00991674
   0.370217   0.0108909 -0.00991674    0.425729
IMAGINARY
          0  0.00188364 -0.00766257  -0.0244718
-0.00188364           0 -0.00402566  -0.0213523
 0.00766257  0.00402566           0    0.019034
  0.0244718   0.0213523   -0.019034           0
EndNode1[0]<--->Repeater1[0]
REAL
   0.462745   0.0108862  0.00685178    0.314296
  0.0108862    0.069281 -0.00572887   0.0205913
 0.00685178 -0.00572887   0.0928105  0.00450868
   0.314296   0.0205913  0.00450868    0.375163
IMAGINARY
          0 -0.00583975 -0.00102415   0.0276251
 0.00583975           0   0.0100372 -0.00974898
 0.00102415  -0.0100372           0  0.00393861
 -0.0276251  0.00974898 -0.00393861           0
EndNode2[0]<--->HoM1[0]
REAL
    0.445026 -0.000458136   -0.0210685     0.370079
-0.000458136    0.0693717   0.00349872    0.0128511
  -0.0210685   0.00349872    0.0615183   -0.0102878
    0.370079    0.0128511   -0.0102878     0.424084
IMAGINARY
           0    0.0181583 -0.000194377    0.0247997
  -0.0181583            0   -0.0176661   -0.0114637
 0.000194377    0.0176661            0 -2.35516e-05
  -0.0247997    0.0114637  2.35516e-05            0
Repeater1[0]<--->EndNode1[0]
REAL
   0.462745  0.00685178   0.0108862    0.314296
 0.00685178   0.0928105 -0.00572887  0.00450868
  0.0108862 -0.00572887    0.069281   0.0205913
   0.314296  0.00450868   0.0205913    0.375163
IMAGINARY
          0 -0.00102415 -0.00583975   0.0276251
 0.00102415           0  -0.0100372  0.00393861
 0.00583975   0.0100372           0 -0.00974898
 -0.0276251 -0.00393861  0.00974898           0
Repeater1[0]<--->HoM1[0]
REAL
    0.445026   -0.0210685 -0.000458136     0.370079
  -0.0210685    0.0615183   0.00349872   -0.0102878
-0.000458136   0.00349872    0.0693717    0.0128511
    0.370079   -0.0102878    0.0128511     0.424084
IMAGINARY
           0 -0.000194377    0.0181583    0.0247997
 0.000194377            0    0.0176661 -2.35516e-05
  -0.0181583   -0.0176661            0   -0.0114637
  -0.0247997  2.35516e-05    0.0114637            0
EndNode1[0]<--->Repeater1[0]
REAL
    0.483247   -0.0215754   -0.0101078     0.335539
  -0.0215754    0.0734536   0.00261855    0.0101078
  -0.0101078   0.00261855    0.0747423 -0.000793012
    0.335539    0.0101078 -0.000793012     0.368557
IMAGINARY
          0  0.00144896  0.00559149  0.00519312
-0.00144896           0  0.00389779  -0.0142549
-0.00559149 -0.00389779           0  0.00597678
-0.00519312   0.0142549 -0.00597678           0
EndNode2[0]<--->HoM1[0]
REAL
   0.439516 -0.00963448 -0.00317053    0.365404
-0.00963448   0.0591398 -0.00913894  0.00931304
-0.00317053 -0.00913894    0.061828  0.00717748
   0.365404  0.00931304  0.00717748    0.439516
IMAGINARY
           0  0.000416226   -0.0316687    0.0158697
-0.000416226            0   -0.0030492   -0.0176614
   0.0316687    0.0030492            0    0.0355156
  -0.0158697    0.0176614   -0.0355156            0
Repeater1[0]<--->EndNode1[0]
REAL
    0.483247   -0.0101078   -0.0215754     0.335539
  -0.0101078    0.0747423   0.00261855 -0.000793012
  -0.0215754   0.00261855    0.0734536    0.0101078
    0.335539 -0.000793012    0.0101078     0.368557
IMAGINARY
          0  0.00559149  0.00144896  0.00519312
-0.00559149           0 -0.00389779  0.00597678
-0.00144896  0.00389779           0  -0.0142549
-0.00519312 -0.00597678   0.0142549           0
Repeater1[0]<--->HoM1[0]
REAL
   0.439516 -0.00317053 -0.00963448    0.365404
-0.00317053    0.061828 -0.00913894  0.00717748
-0.00963448 -0.00913894   0.0591398  0.00931304
   0.365404  0.00717748  0.00931304    0.439516
IMAGINARY
           0   -0.0316687  0.000416226    0.0158697
   0.0316687            0    0.0030492    0.0355156
-0.000416226   -0.0030492            0   -0.0176614
  -0.0158697   -0.0355156    0.0176614            0
EndNode1[0]<--->Repeater1[0]
REAL
   0.466501 -0.00161017  -0.0149783    0.348587
-0.00161017   0.0682382 -0.00837368  -0.0176449
 -0.0149783 -0.00837368   0.0831266 -0.00704495
   0.348587  -0.0176449 -0.00704495    0.382134
IMAGINARY
          0  -0.0210124 -0.00756995  -0.0088879
  0.0210124           0  -0.0044293   0.0197028
 0.00756995   0.0044293           0  -0.0115546
  0.0088879  -0.0197028   0.0115546           0
EndNode2[0]<--->HoM1[0]
REAL
   0.460317 -0.00141818  0.00807025    0.385748
-0.00141818   0.0708181  0.00128625  -0.0164143
 0.00807025  0.00128625   0.0622711  0.00334373
   0.385748  -0.0164143  0.00334373    0.406593
IMAGINARY
          0  0.00815974 -0.00881419  0.00823762
-0.00815974           0 -0.00172721  -0.0130982
 0.00881419  0.00172721           0   0.0310169
-0.00823762   0.0130982  -0.0310169           0
Repeater1[0]<--->EndNode1[0]
REAL
   0.466501  -0.0149783 -0.00161017    0.348587
 -0.0149783   0.0831266 -0.00837368 -0.00704495
-0.00161017 -0.00837368   0.0682382  -0.0176449
   0.348587 -0.00704495  -0.0176449    0.382134
IMAGINARY
          0 -0.00756995  -0.0210124  -0.0088879
 0.00756995           0   0.0044293  -0.0115546
  0.0210124  -0.0044293           0   0.0197028
  0.0088879   0.0115546  -0.0197028           0
Repeater1[0]<--->HoM1[0]
REAL
   0.460317  0.00807025 -0.00141818    0.385748
 0.00807025   0.0622711  0.00128625  0.00334373
-0.00141818  0.00128625   0.0708181  -0.0164143
   0.385748  0.00334373  -0.0164143    0.406593
IMAGINARY
          0 -0.00881419  0.00815974  0.00823762
 0.00881419           0  0.00172721   0.0310169
-0.00815974 -0.00172721           0  -0.0130982
-0.00823762  -0.0310169   0.0130982           0
EndNode1[0]<--->Repeater1[0]
REAL
    0.476129    0.0214398   0.00851669     0.334727
   0.0214398    0.0851613 -0.000536802  -0.00723134
  0.00851669 -0.000536802    0.0722581  -0.00858632
    0.334727  -0.00723134  -0.00858632     0.366452
IMAGINARY
         0  0.0176551   0.014233  0.0337275
-0.0176551          0 -0.0156396 -0.0058675
 -0.014233  0.0156396          0  0.0048674
-0.0337275  0.0058675 -0.0048674          0
EndNode2[0]<--->HoM1[0]
REAL
   0.458583   0.0119503 -0.00117705    0.370563
  0.0119503   0.0696279   0.0110695  -0.0103876
-0.00117705   0.0110695   0.0564226  -0.0167122
   0.370563  -0.0103876  -0.0167122    0.415366
IMAGINARY
          0   0.0168168  -0.0062982  0.00998558
 -0.0168168           0   -0.023534   0.0126273
  0.0062982    0.023534           0  -0.0066902
-0.00998558  -0.0126273   0.0066902           0
Repeater1[0]<--->EndNode1[0]
REAL
    0.476129   0.00851669    0.0214398     0.334727
  0.00851669    0.0722581 -0.000536802  -0.00858632
   0.0214398 -0.000536802    0.0851613  -0.00723134
    0.334727  -0.00858632  -0.00723134     0.366452
IMAGINARY
         0   0.014233  0.0176551  0.0337275
 -0.014233          0  0.0156396  0.0048674
-0.0176551 -0.0156396          0 -0.0058675
-0.0337275 -0.0048674  0.0058675          0
Repeater1[0]<--->HoM1[0]
REAL
   0.458583 -0.00117705   0.0119503    0.370563
-0.00117705   0.0564226   0.0110695  -0.0167122
  0.0119503   0.0110695   0.0696279  -0.0103876
   0.370563  -0.0167122  -0.0103876    0.415366
IMAGINARY
          0  -0.0062982   0.0168168  0.00998558
  0.0062982           0    0.023534  -0.0066902
 -0.0168168   -0.023534           0   0.0126273
-0.00998558   0.0066902  -0.0126273           0
EndNode1[0]<--->Repeater1[0]
REAL
    0.451316    -0.011184   -0.0216739     0.349063
   -0.011184    0.0763158    0.0105622  0.000283483
  -0.0216739    0.0105622    0.0907895 -0.000848084
    0.349063  0.000283483 -0.000848084     0.381579
IMAGINARY
          0    0.004583 -0.00585639 -0.00751836
  -0.004583           0  -0.0236075   0.0136083
 0.00585639   0.0236075           0 -0.00329101
 0.00751836  -0.0136083  0.00329101           0
EndNode2[0]<--->HoM1[0]
REAL
   0.503129  0.00967132  -0.0152432    0.368098
 0.00967132   0.0400501 -0.00462932   0.0109382
 -0.0152432 -0.00462932    0.057572 -0.00536628
   0.368098   0.0109382 -0.00536628    0.399249
IMAGINARY
          0  0.00974026  -0.0196053   0.0136612
-0.00974026           0  0.00137145  0.00272218
  0.0196053 -0.00137145           0  0.00974026
 -0.0136612 -0.00272218 -0.00974026           0
Repeater1[0]<--->EndNode1[0]
REAL
    0.451316   -0.0216739    -0.011184     0.349063
  -0.0216739    0.0907895    0.0105622 -0.000848084
   -0.011184    0.0105622    0.0763158  0.000283483
    0.349063 -0.000848084  0.000283483     0.381579
IMAGINARY
          0 -0.00585639    0.004583 -0.00751836
 0.00585639           0   0.0236075 -0.00329101
  -0.004583  -0.0236075           0   0.0136083
 0.00751836  0.00329101  -0.0136083           0
Repeater1[0]<--->HoM1[0]
REAL
   0.503129  -0.0152432  0.00967132    0.368098
 -0.0152432    0.057572 -0.00462932 -0.00536628
 0.00967132 -0.00462932   0.0400501   0.0109382
   0.368098 -0.00536628   0.0109382    0.399249
IMAGINARY
          0  -0.0196053  0.00974026   0.0136612
  0.0196053           0 -0.00137145  0.00974026
-0.00974026  0.00137145           0  0.00272218
 -0.0136612 -0.00974026 -0.00272218           0
EndNode1[0]<--->Repeater1[0]
REAL
   0.452229 -0.00935401 -0.00990754    0.339798
-0.00935401   0.0828025   0.0268684  0.00590754
-0.00990754   0.0268684   0.0878981   -0.010646
   0.339798  0.00590754   -0.010646     0.37707
IMAGINARY
          0   0.0112694  0.00415832  -0.0196701
 -0.0112694           0  -0.0196701  0.00478254
-0.00415832   0.0196701           0 -0.00920614
  0.0196701 -0.00478254  0.00920614           0
EndNode2[0]<--->HoM1[0]
REAL
   0.481627 -0.00611247 -0.00537468    0.375551
-0.00611247   0.0695538   0.0134825 -0.00115273
-0.00537468   0.0134825   0.0419948  0.00611247
   0.375551 -0.00115273  0.00611247    0.406824
IMAGINARY
          0   0.0162835  -0.0133709  0.00514629
 -0.0162835           0  -0.0268265  -0.0235749
  0.0133709   0.0268265           0  0.00834702
-0.00514629   0.0235749 -0.00834702           0
Repeater1[0]<--->EndNode1[0]
REAL
   0.452229 -0.00990754 -0.00935401    0.339798
-0.00990754   0.0878981   0.0268684   -0.010646
-0.00935401   0.0268684   0.0828025  0.00590754
   0.339798   -0.010646  0.00590754     0.37707
IMAGINARY
          0  0.00415832   0.0112694  -0.0196701
-0.00415832           0   0.0196701 -0.00920614
 -0.0112694  -0.0196701           0  0.00478254
  0.0196701  0.00920614 -0.00478254           0
Repeater1[0]<--->HoM1[0]
REAL
   0.481627 -0.00537468 -0.00611247    0.375551
-0.00537468   0.0419948   0.0134825  0.00611247
-0.00611247   0.0134825   0.0695538 -0.00115273
   0.375551  0.00611247 -0.00115273    0.406824
IMAGINARY
          0  -0.0133709   0.0162835  0.00514629
  0.0133709           0   0.0268265  0.00834702
 -0.0162835  -0.0268265           0  -0.0235749
-0.00514629 -0.00834702   0.0235749           0
EndNode1[0]<--->Repeater1[0]
REAL
   0.455801   0.0125381   0.0136652    0.334512
  0.0125381   0.0759669  0.00370424 -0.00156326
  0.0136652  0.00370424   0.0814917 -0.00425781
   0.334512 -0.00156326 -0.00425781     0.38674
IMAGINARY
          0  -0.0107063   0.0179786 -0.00885482
  0.0107063           0   0.0107903   0.0135871
 -0.0179786  -0.0107903           0  -0.0132836
 0.00885482  -0.0135871   0.0132836           0
EndNode2[0]<--->HoM1[0]
REAL
   0.460938  0.00801083 -0.00399428    0.378527
 0.00801083   0.0638021 -0.00743803   0.0033685
-0.00399428 -0.00743803   0.0755208 -0.00237879
   0.378527   0.0033685 -0.00237879     0.39974
IMAGINARY
          0     0.01096  -0.0054351   0.0387854
   -0.01096           0  0.00466466   -0.014615
  0.0054351 -0.00466466           0   0.0278871
 -0.0387854    0.014615  -0.0278871           0
Repeater1[0]<--->EndNode1[0]
REAL
   0.455801   0.0136652   0.0125381    0.334512
  0.0136652   0.0814917  0.00370424 -0.00425781
  0.0125381  0.00370424   0.0759669 -0.00156326
   0.334512 -0.00425781 -0.00156326     0.38674
IMAGINARY
          0   0.0179786  -0.0107063 -0.00885482
 -0.0179786           0  -0.0107903  -0.0132836
  0.0107063   0.0107903           0   0.0135871
 0.00885482   0.0132836  -0.0135871           0
Repeater1[0]<--->HoM1[0]
REAL
   0.460938 -0.00399428  0.00801083    0.378527
-0.00399428   0.0755208 -0.00743803 -0.00237879
 0.00801083 -0.00743803   0.0638021   0.0033685
   0.378527 -0.00237879   0.0033685     0.39974
IMAGINARY
          0  -0.0054351     0.01096   0.0387854
  0.0054351           0 -0.00466466   0.0278871
   -0.01096  0.00466466           0   -0.014615
 -0.0387854  -0.0278871    0.014615           0
EndNode1[0]<--->Repeater1[0]
REAL
    0.470822   0.00417522   0.00388604     0.344825
  0.00417522    0.0941645   0.00271998 -1.00675e-05
  0.00388604   0.00271998    0.0835544    0.0152046
    0.344825 -1.00675e-05    0.0152046     0.351459
IMAGINARY
           0  -0.00343784    0.0174199   0.00806855
  0.00343784            0 -0.000725423   0.00137711
  -0.0174199  0.000725423            0  -0.00784036
 -0.00806855  -0.00137711   0.00784036            0
EndNode2[0]<--->HoM1[0]
REAL
  0.475626  0.0172371 0.00836962   0.378201
 0.0172371  0.0447958  0.0014886  0.0103885
0.00836962  0.0014886  0.0632411 0.00798927
  0.378201  0.0103885 0.00798927   0.416337
IMAGINARY
          0   0.0164142   0.0047129  0.00646618
 -0.0164142           0  -0.0218115 -0.00907156
 -0.0047129   0.0218115           0  -0.0108102
-0.00646618  0.00907156   0.0108102           0
Repeater1[0]<--->EndNode1[0]
REAL
    0.470822   0.00388604   0.00417522     0.344825
  0.00388604    0.0835544   0.00271998    0.0152046
  0.00417522   0.00271998    0.0941645 -1.00675e-05
    0.344825    0.0152046 -1.00675e-05     0.351459
IMAGINARY
           0    0.0174199  -0.00343784   0.00806855
  -0.0174199            0  0.000725423  -0.00784036
  0.00343784 -0.000725423            0   0.00137711
 -0.00806855   0.00784036  -0.00137711            0
Repeater1[0]<--->HoM1[0]
REAL
  0.475626 0.00836962  0.0172371   0.378201
0.00836962  0.0632411  0.0014886 0.00798927
 0.0172371  0.0014886  0.0447958  0.0103885
  0.378201 0.00798927  0.0103885   0.416337
IMAGINARY
          0   0.0047129   0.0164142  0.00646618
 -0.0047129           0   0.0218115  -0.0108102
 -0.0164142  -0.0218115           0 -0.00907156
-0.00646618   0.0108102  0.00907156           0
EndNode1[0]<--->Repeater1[0]
REAL
   0.486005  0.00340793 -0.00319116    0.346228
 0.00340793   0.0814249 -0.00667549  -0.0104904
-0.00319116 -0.00667549   0.0788804  0.00405476
   0.346228  -0.0104904  0.00405476     0.35369
IMAGINARY
          0  -0.0104006   -0.029794 -0.00639947
  0.0104006           0  -0.0176577   0.0123747
   0.029794   0.0176577           0  0.00975544
