EndNode1[0]<--->Repeater1[0]
REAL
    0.336722   0.00615501 -0.000656168     0.321431
  0.00615501     0.146125     0.102453    0.0164042
-0.000656168     0.102453     0.152478   0.00171901
    0.321431    0.0164042   0.00171901     0.364676
IMAGINARY
           0   0.00244996    0.0034051   -0.0195261
 -0.00244996            0   -0.0208385  0.000244539
  -0.0034051    0.0208385            0   0.00971549
   0.0195261 -0.000244539  -0.00971549            0
EndNode2[0]<--->HoM1[0]
REAL
    0.39359   0.0197995 -0.00813551    0.315415
  0.0197995    0.112821    0.122808    0.021649
-0.00813551    0.122808    0.138462  0.00401003
   0.315415    0.021649  0.00401003    0.355128
IMAGINARY
          0 -0.00843551 -0.00967081   0.0170763
 0.00843551           0   0.0208641  -0.0065419
 0.00967081  -0.0208641           0   0.0129751
 -0.0170763   0.0065419  -0.0129751           0
Repeater1[0]<--->EndNode1[0]
REAL
    0.336722 -0.000656168   0.00615501     0.321431
-0.000656168     0.152478     0.102453   0.00171901
  0.00615501     0.102453     0.146125    0.0164042
    0.321431   0.00171901    0.0164042     0.364676
IMAGINARY
           0    0.0034051   0.00244996   -0.0195261
  -0.0034051            0    0.0208385   0.00971549
 -0.00244996   -0.0208385            0  0.000244539
   0.0195261  -0.00971549 -0.000244539            0
Repeater1[0]<--->HoM1[0]
REAL
    0.39359 -0.00813551   0.0197995    0.315415
-0.00813551    0.138462    0.122808  0.00401003
  0.0197995    0.122808    0.112821    0.021649
   0.315415  0.00401003    0.021649    0.355128
IMAGINARY
          0 -0.00967081 -0.00843551   0.0170763
 0.00967081           0  -0.0208641   0.0129751
 0.00843551   0.0208641           0  -0.0065419
 -0.0170763  -0.0129751   0.0065419           0
EndNode1[0]<--->Repeater1[0]
REAL
   0.359593 -0.00559515 -0.00528119    0.329343
-0.00559515    0.148666    0.114129 0.000570561
-0.00528119    0.114129    0.142313 -0.00180727
   0.329343 0.000570561 -0.00180727    0.349428
IMAGINARY
           0   -0.0350775   0.00715383 -0.000857444
   0.0350775            0    0.0106135   0.00780066
 -0.00715383   -0.0106135            0   -0.0201891
 0.000857444  -0.00780066    0.0201891            0
EndNode2[0]<--->HoM1[0]
REAL
   0.345972 -0.00748334    0.012925    0.318409
-0.00748334    0.138626    0.105067 -0.00449437
   0.012925    0.105067    0.143365   0.0042408
   0.318409 -0.00449437   0.0042408    0.372038
IMAGINARY
          0  -0.0101502  0.00201614   0.0115103
  0.0101502           0   0.0221753  -0.0158867
-0.00201614  -0.0221753           0 -0.00636234
 -0.0115103   0.0158867  0.00636234           0
Repeater1[0]<--->EndNode1[0]
REAL
   0.359593 -0.00528119 -0.00559515    0.329343
-0.00528119    0.142313    0.114129 -0.00180727
-0.00559515    0.114129    0.148666 0.000570561
   0.329343 -0.00180727 0.000570561    0.349428
IMAGINARY
           0   0.00715383   -0.0350775 -0.000857444
 -0.00715383            0   -0.0106135   -0.0201891
   0.0350775    0.0106135            0   0.00780066
 0.000857444    0.0201891  -0.00780066            0
Repeater1[0]<--->HoM1[0]
REAL
   0.345972    0.012925 -0.00748334    0.318409
   0.012925    0.143365    0.105067   0.0042408
-0.00748334    0.105067    0.138626 -0.00449437
   0.318409   0.0042408 -0.00449437    0.372038
IMAGINARY
          0  0.00201614  -0.0101502   0.0115103
-0.00201614           0  -0.0221753 -0.00636234
  0.0101502   0.0221753           0  -0.0158867
 -0.0115103  0.00636234   0.0158867           0
EndNode1[0]<--->Repeater1[0]
REAL
    0.372574    0.0149829 -0.000474031     0.300791
   0.0149829     0.138422     0.122784    0.0276761
-0.000474031     0.122784     0.117723    0.0186958
    0.300791    0.0276761    0.0186958     0.371281
IMAGINARY
          0  0.00241025  0.00115612   0.0110046
-0.00241025           0  0.00974511  0.00309661
-0.00115612 -0.00974511           0  -0.0224589
 -0.0110046 -0.00309661   0.0224589           0
EndNode2[0]<--->HoM1[0]
REAL
  0.344785 -0.0140453  0.0118007   0.337686
-0.0140453    0.13865  0.0966976 0.00394731
 0.0118007  0.0966976   0.141104  0.0114206
  0.337686 0.00394731  0.0114206    0.37546
IMAGINARY
           0    0.0135977 -0.000776096    0.0216235
  -0.0135977            0  -0.00725965   0.00411388
 0.000776096   0.00725965            0  -0.00892481
  -0.0216235  -0.00411388   0.00892481            0
Repeater1[0]<--->EndNode1[0]
REAL
    0.372574 -0.000474031    0.0149829     0.300791
-0.000474031     0.117723     0.122784    0.0186958
   0.0149829     0.122784     0.138422    0.0276761
    0.300791    0.0186958    0.0276761     0.371281
IMAGINARY
          0  0.00115612  0.00241025   0.0110046
-0.00115612           0 -0.00974511  -0.0224589
-0.00241025  0.00974511           0  0.00309661
 -0.0110046   0.0224589 -0.00309661           0
Repeater1[0]<--->HoM1[0]
REAL
  0.344785  0.0118007 -0.0140453   0.337686
 0.0118007   0.141104  0.0966976  0.0114206
-0.0140453  0.0966976    0.13865 0.00394731
  0.337686  0.0114206 0.00394731    0.37546
IMAGINARY
           0 -0.000776096    0.0135977    0.0216235
 0.000776096            0   0.00725965  -0.00892481
  -0.0135977  -0.00725965            0   0.00411388
  -0.0216235   0.00892481  -0.00411388            0
EndNode1[0]<--->Repeater1[0]
REAL
  0.365918 -0.0214331 0.00890071   0.320293
-0.0214331   0.142668   0.109465 0.00450925
0.00890071   0.109465   0.146631  0.0207945
  0.320293 0.00450925  0.0207945   0.344782
IMAGINARY
          0  0.00575491  -0.0168505   -0.015495
-0.00575491           0    0.011025   0.0034747
  0.0168505   -0.011025           0  0.00379923
   0.015495  -0.0034747 -0.00379923           0
EndNode2[0]<--->HoM1[0]
REAL
  0.372035 -0.0073838  0.0161116     0.3116
-0.0073838   0.129838    0.11551 -0.0173903
 0.0161116    0.11551   0.139825 0.00226871
    0.3116 -0.0173903 0.00226871   0.358302
IMAGINARY
          0   0.0135561  -0.0265192 -0.00507044
 -0.0135561           0 -0.00174155  0.00319005
  0.0265192  0.00174155           0   0.0135561
 0.00507044 -0.00319005  -0.0135561           0
Repeater1[0]<--->EndNode1[0]
REAL
  0.365918 0.00890071 -0.0214331   0.320293
0.00890071   0.146631   0.109465  0.0207945
-0.0214331   0.109465   0.142668 0.00450925
  0.320293  0.0207945 0.00450925   0.344782
IMAGINARY
          0  -0.0168505  0.00575491   -0.015495
  0.0168505           0   -0.011025  0.00379923
-0.00575491    0.011025           0   0.0034747
   0.015495 -0.00379923  -0.0034747           0
Repeater1[0]<--->HoM1[0]
REAL
  0.372035  0.0161116 -0.0073838     0.3116
 0.0161116   0.139825    0.11551 0.00226871
-0.0073838    0.11551   0.129838 -0.0173903
    0.3116 0.00226871 -0.0173903   0.358302
IMAGINARY
          0  -0.0265192   0.0135561 -0.00507044
  0.0265192           0  0.00174155   0.0135561
 -0.0135561 -0.00174155           0  0.00319005
 0.00507044  -0.0135561 -0.00319005           0
EndNode1[0]<--->Repeater1[0]
REAL
    0.349754   -0.0069706   -0.0156054     0.340689
  -0.0069706     0.144089    0.0922938 -0.000820405
  -0.0156054    0.0922938     0.149015   -0.0133973
    0.340689 -0.000820405   -0.0133973     0.357143
IMAGINARY
           0 -0.000778702   -0.0102487    0.0081459
 0.000778702            0   -0.0151702   -0.0134997
   0.0102487    0.0151702            0    0.0116901
  -0.0081459    0.0134997   -0.0116901            0
EndNode2[0]<--->HoM1[0]
REAL
  0.358247  0.0230062  0.0026871   0.316229
 0.0230062   0.130155  0.0929816 0.00652342
 0.0026871  0.0929816   0.145619 -0.0440589
  0.316229 0.00652342 -0.0440589   0.365979
IMAGINARY
          0  0.00312377 -0.00606016   0.0184989
-0.00312377           0    0.016533   0.0152852
 0.00606016   -0.016533           0 -0.00127875
 -0.0184989  -0.0152852  0.00127875           0
Repeater1[0]<--->EndNode1[0]
REAL
    0.349754   -0.0156054   -0.0069706     0.340689
  -0.0156054     0.149015    0.0922938   -0.0133973
  -0.0069706    0.0922938     0.144089 -0.000820405
    0.340689   -0.0133973 -0.000820405     0.357143
IMAGINARY
           0   -0.0102487 -0.000778702    0.0081459
   0.0102487            0    0.0151702    0.0116901
 0.000778702   -0.0151702            0   -0.0134997
  -0.0081459   -0.0116901    0.0134997            0
Repeater1[0]<--->HoM1[0]
REAL
  0.358247  0.0026871  0.0230062   0.316229
 0.0026871   0.145619  0.0929816 -0.0440589
 0.0230062  0.0929816   0.130155 0.00652342
  0.316229 -0.0440589 0.00652342   0.365979
IMAGINARY
          0 -0.00606016  0.00312377   0.0184989
 0.00606016           0   -0.016533 -0.00127875
-0.00312377    0.016533           0   0.0152852
 -0.0184989  0.00127875  -0.0152852           0
EndNode1[0]<--->Repeater1[0]
REAL
   0.393742 -0.00109832 -0.00110078     0.32117
-0.00109832    0.127771    0.112079 -0.00897479
-0.00110078    0.112079    0.127771  -0.0102367
    0.32117 -0.00897479  -0.0102367    0.350717
IMAGINARY
          0 -0.00324675 -0.00703532  0.00257732
 0.00324675           0 -0.00257732  -0.0293283
 0.00703532  0.00257732           0  -0.0149351
-0.00257732   0.0293283   0.0149351           0
EndNode2[0]<--->HoM1[0]
REAL
   0.335509  -0.0175777  -0.0212051    0.326952
 -0.0175777    0.169713    0.106113 -0.00891535
 -0.0212051    0.106113    0.159269 -0.00718806
   0.326952 -0.00891535 -0.00718806    0.335509
IMAGINARY
          0  0.00808901  -0.0119102   0.0262233
-0.00808901           0  0.00694621 -0.00316188
  0.0119102 -0.00694621           0  0.00305123
 -0.0262233  0.00316188 -0.00305123           0
Repeater1[0]<--->EndNode1[0]
REAL
   0.393742 -0.00110078 -0.00109832     0.32117
-0.00110078    0.127771    0.112079  -0.0102367
-0.00109832    0.112079    0.127771 -0.00897479
    0.32117  -0.0102367 -0.00897479    0.350717
IMAGINARY
          0 -0.00703532 -0.00324675  0.00257732
 0.00703532           0  0.00257732  -0.0149351
 0.00324675 -0.00257732           0  -0.0293283
-0.00257732   0.0149351   0.0293283           0
Repeater1[0]<--->HoM1[0]
REAL
   0.335509  -0.0212051  -0.0175777    0.326952
 -0.0212051    0.159269    0.106113 -0.00718806
 -0.0175777    0.106113    0.169713 -0.00891535
   0.326952 -0.00718806 -0.00891535    0.335509
IMAGINARY
          0  -0.0119102  0.00808901   0.0262233
  0.0119102           0 -0.00694621  0.00305123
-0.00808901  0.00694621           0 -0.00316188
 -0.0262233 -0.00305123  0.00316188           0
EndNode1[0]<--->Repeater1[0]
REAL
   0.360526  -0.0229152 -0.00435718    0.324791
 -0.0229152    0.146053   0.0820416 -0.00247512
-0.00435718   0.0820416    0.143421   0.0098717
   0.324791 -0.00247512   0.0098717        0.35
IMAGINARY
          0    0.013912   0.0116641  0.00745676
  -0.013912           0 -0.00808728 -0.00220639
 -0.0116641  0.00808728           0  -0.0183256
-0.00745676  0.00220639   0.0183256           0
EndNode2[0]<--->HoM1[0]
REAL
     0.35213   0.00383632   0.00420126     0.320958
  0.00383632     0.149123     0.103042 -0.000201258
  0.00420126     0.103042     0.137845  -0.00383632
    0.320958 -0.000201258  -0.00383632     0.360902
IMAGINARY
          0 -0.00559853  0.00891446  -0.0037482
 0.00559853           0  -0.0110523   0.0120512
-0.00891446   0.0110523           0  -0.0128259
  0.0037482  -0.0120512   0.0128259           0
Repeater1[0]<--->EndNode1[0]
REAL
   0.360526 -0.00435718  -0.0229152    0.324791
-0.00435718    0.143421   0.0820416   0.0098717
 -0.0229152   0.0820416    0.146053 -0.00247512
   0.324791   0.0098717 -0.00247512        0.35
IMAGINARY
          0   0.0116641    0.013912  0.00745676
 -0.0116641           0  0.00808728  -0.0183256
  -0.013912 -0.00808728           0 -0.00220639
-0.00745676   0.0183256  0.00220639           0
Repeater1[0]<--->HoM1[0]
REAL
     0.35213   0.00420126   0.00383632     0.320958
  0.00420126     0.137845     0.103042  -0.00383632
  0.00383632     0.103042     0.149123 -0.000201258
    0.320958  -0.00383632 -0.000201258     0.360902
IMAGINARY
          0  0.00891446 -0.00559853  -0.0037482
-0.00891446           0   0.0110523  -0.0128259
 0.00559853  -0.0110523           0   0.0120512
  0.0037482   0.0128259  -0.0120512           0
EndNode1[0]<--->Repeater1[0]
REAL
   0.369478   0.0187025   0.0107662    0.308698
  0.0187025    0.135207    0.115415 -0.00403428
  0.0107662    0.115415    0.153949 -0.00462662
   0.308698 -0.00403428 -0.00462662    0.341365
IMAGINARY
           0   -0.0167198    0.0089424  0.000263151
   0.0167198            0   0.00350569  -0.00957612
  -0.0089424  -0.00350569            0   -0.0105299
-0.000263151   0.00957612    0.0105299            0
EndNode2[0]<--->HoM1[0]
REAL
  0.341463  0.0199344  0.0113028   0.317577
 0.0199344   0.169448   0.109601 0.00235134
 0.0113028   0.109601   0.123235 -0.0166834
  0.317577 0.00235134 -0.0166834   0.365854
IMAGINARY
          0   0.0084909 -0.00585905 -0.00586914
 -0.0084909           0   0.0243405 -0.00457039
 0.00585905  -0.0243405           0  0.00439254
 0.00586914  0.00457039 -0.00439254           0
Repeater1[0]<--->EndNode1[0]
REAL
   0.369478   0.0107662   0.0187025    0.308698
  0.0107662    0.153949    0.115415 -0.00462662
  0.0187025    0.115415    0.135207 -0.00403428
   0.308698 -0.00462662 -0.00403428    0.341365
IMAGINARY
           0    0.0089424   -0.0167198  0.000263151
  -0.0089424            0  -0.00350569   -0.0105299
   0.0167198   0.00350569            0  -0.00957612
-0.000263151    0.0105299   0.00957612            0
Repeater1[0]<--->HoM1[0]
REAL
  0.341463  0.0113028  0.0199344   0.317577
 0.0113028   0.123235   0.109601 -0.0166834
 0.0199344   0.109601   0.169448 0.00235134
  0.317577 -0.0166834 0.00235134   0.365854
IMAGINARY
          0 -0.00585905   0.0084909 -0.00586914
 0.00585905           0  -0.0243405  0.00439254
 -0.0084909   0.0243405           0 -0.00457039
 0.00586914 -0.00439254  0.00457039           0
EndNode1[0]<--->Repeater1[0]
REAL
   0.363032 -0.00253167 -0.00201932    0.313863
-0.00253167    0.134309    0.110855  0.00892019
-0.00201932    0.110855    0.156915  0.00190432
   0.313863  0.00892019  0.00190432    0.345745
IMAGINARY
          0    0.011546 -0.00341479  -0.0216359
  -0.011546           0   0.0147523  -0.0178885
 0.00341479  -0.0147523           0  -0.0240774
  0.0216359   0.0178885   0.0240774           0
EndNode2[0]<--->HoM1[0]
REAL
   0.34143  0.0135958  0.0108194   0.336124
 0.0135958   0.147099   0.101296 0.00514479
 0.0108194   0.101296   0.129555 0.00364557
  0.336124 0.00514479 0.00364557   0.381916
IMAGINARY
          0  0.00701546  0.00577559   0.0175315
-0.00701546           0 -0.00256895 -0.00445633
-0.00577559  0.00256895           0 -0.00437694
 -0.0175315  0.00445633  0.00437694           0
Repeater1[0]<--->EndNode1[0]
REAL
   0.363032 -0.00201932 -0.00253167    0.313863
-0.00201932    0.156915    0.110855  0.00190432
-0.00253167    0.110855    0.134309  0.00892019
   0.313863  0.00190432  0.00892019    0.345745
IMAGINARY
          0 -0.00341479    0.011546  -0.0216359
 0.00341479           0  -0.0147523  -0.0240774
  -0.011546   0.0147523           0  -0.0178885
  0.0216359   0.0240774   0.0178885           0
Repeater1[0]<--->HoM1[0]
REAL
   0.34143  0.0108194  0.0135958   0.336124
 0.0108194   0.129555   0.101296 0.00364557
 0.0135958   0.101296   0.147099 0.00514479
  0.336124 0.00364557 0.00514479   0.381916
IMAGINARY
          0  0.00577559  0.00701546   0.0175315
-0.00577559           0  0.00256895 -0.00437694
-0.00701546 -0.00256895           0 -0.00445633
 -0.0175315  0.00437694  0.00445633           0
EndNode1[0]<--->Repeater1[0]
REAL
   0.339844  -0.0249957 -0.00905687    0.313983
 -0.0249957    0.139323     0.10627  -0.0301836
-0.00905687     0.10627    0.169271  -0.0155106
   0.313983  -0.0301836  -0.0155106    0.351562
IMAGINARY
           0  0.000755583  -0.00882729 -0.000960169
-0.000755583            0  -0.00221645   -0.0229724
  0.00882729   0.00221645            0    0.0337505
 0.000960169    0.0229724   -0.0337505            0
EndNode2[0]<--->HoM1[0]
REAL
   0.352113   0.0163328 -0.00388151    0.324849
  0.0163328    0.143406    0.105506    0.013737
-0.00388151    0.105506    0.126761 -0.00253514
   0.324849    0.013737 -0.00253514    0.377721
IMAGINARY
           0   0.00293756    0.0108654   -0.0188488
 -0.00293756            0  0.000235181   -0.0127617
  -0.0108654 -0.000235181            0  -0.00104122
   0.0188488    0.0127617   0.00104122            0
Repeater1[0]<--->EndNode1[0]
REAL
   0.339844 -0.00905687  -0.0249957    0.313983
-0.00905687    0.169271     0.10627  -0.0155106
 -0.0249957     0.10627    0.139323  -0.0301836
   0.313983  -0.0155106  -0.0301836    0.351562
IMAGINARY
           0  -0.00882729  0.000755583 -0.000960169
  0.00882729            0   0.00221645    0.0337505
-0.000755583  -0.00221645            0   -0.0229724
 0.000960169   -0.0337505    0.0229724            0
Repeater1[0]<--->HoM1[0]
REAL
   0.352113 -0.00388151   0.0163328    0.324849
-0.00388151    0.126761    0.105506 -0.00253514
  0.0163328    0.105506    0.143406    0.013737
   0.324849 -0.00253514    0.013737    0.377721
IMAGINARY
           0    0.0108654   0.00293756   -0.0188488
  -0.0108654            0 -0.000235181  -0.00104122
 -0.00293756  0.000235181            0   -0.0127617
   0.0188488   0.00104122    0.0127617            0
EndNode1[0]<--->Repeater1[0]
REAL
   0.350554 -0.00219114  -0.0235119    0.326152
-0.00219114    0.152522    0.102692  0.00635819
 -0.0235119    0.102692    0.138991  -0.0124213
   0.326152  0.00635819  -0.0124213    0.357934
IMAGINARY
          0  -0.0188604 -0.00212219  -0.0120524
  0.0188604           0 -0.00432042   0.0132624
 0.00212219  0.00432042           0  0.00903077
  0.0120524  -0.0132624 -0.00903077           0
EndNode2[0]<--->HoM1[0]
REAL
   0.358942 -0.00977347  -0.0249757    0.326417
-0.00977347    0.129723    0.100353  0.00756871
 -0.0249757    0.100353    0.146096  0.00557179
   0.326417  0.00756871  0.00557179    0.365239
IMAGINARY
           0    0.0174301 -1.77305e-05    0.0151229
  -0.0174301            0   -0.0217192    0.0133156
 1.77305e-05    0.0217192            0   0.00916564
  -0.0151229   -0.0133156  -0.00916564            0
Repeater1[0]<--->EndNode1[0]
REAL
   0.350554  -0.0235119 -0.00219114    0.326152
 -0.0235119    0.138991    0.102692  -0.0124213
-0.00219114    0.102692    0.152522  0.00635819
   0.326152  -0.0124213  0.00635819    0.357934
IMAGINARY
          0 -0.00212219  -0.0188604  -0.0120524
 0.00212219           0  0.00432042  0.00903077
  0.0188604 -0.00432042           0   0.0132624
  0.0120524 -0.00903077  -0.0132624           0
Repeater1[0]<--->HoM1[0]
REAL
   0.358942  -0.0249757 -0.00977347    0.326417
 -0.0249757    0.146096    0.100353  0.00557179
-0.00977347    0.100353    0.129723  0.00756871
   0.326417  0.00557179  0.00756871    0.365239
IMAGINARY
           0 -1.77305e-05    0.0174301    0.0151229
 1.77305e-05            0    0.0217192   0.00916564
  -0.0174301   -0.0217192            0    0.0133156
  -0.0151229  -0.00916564   -0.0133156            0
EndNode1[0]<--->Repeater1[0]
REAL
      0.3657 -0.000487659   0.00570755     0.343698
-0.000487659     0.136192    0.0911979   -0.0239367
  0.00570755    0.0911979     0.166456   -0.0151373
    0.343698   -0.0239367   -0.0151373     0.331652
IMAGINARY
          0 -0.00150917  -0.0328827   0.0109363
 0.00150917           0  0.00753499  0.00538265
  0.0328827 -0.00753499           0  -0.0109908
 -0.0109363 -0.00538265   0.0109908           0
EndNode2[0]<--->HoM1[0]
REAL
   0.354667   0.0111333  0.00822305    0.330075
  0.0111333    0.133333    0.105531 -0.00443517
 0.00822305    0.105531    0.122667  0.00401819
   0.330075 -0.00443517  0.00401819    0.389333
IMAGINARY
           0   -0.0130169   -0.0151735  -0.00235478
   0.0130169            0   0.00881473  -0.00179774
   0.0151735  -0.00881473            0 -3.79219e-05
  0.00235478   0.00179774  3.79219e-05            0
Repeater1[0]<--->EndNode1[0]
REAL
      0.3657   0.00570755 -0.000487659     0.343698
  0.00570755     0.166456    0.0911979   -0.0151373
-0.000487659    0.0911979     0.136192   -0.0239367
    0.343698   -0.0151373   -0.0239367     0.331652
IMAGINARY
          0  -0.0328827 -0.00150917   0.0109363
  0.0328827           0 -0.00753499  -0.0109908
 0.00150917  0.00753499           0  0.00538265
 -0.0109363   0.0109908 -0.00538265           0
Repeater1[0]<--->HoM1[0]
REAL
   0.354667  0.00822305   0.0111333    0.330075
 0.00822305    0.122667    0.105531  0.00401819
  0.0111333    0.105531    0.133333 -0.00443517
   0.330075  0.00401819 -0.00443517    0.389333
IMAGINARY
           0   -0.0151735   -0.0130169  -0.00235478
   0.0151735            0  -0.00881473 -3.79219e-05
   0.0130169   0.00881473            0  -0.00179774
  0.00235478  3.79219e-05   0.00179774            0
EndNode1[0]<--->Repeater1[0]
REAL
     0.38089 -0.000478055   0.00354455     0.303392
-0.000478055     0.137435       0.1044   0.00814376
  0.00354455       0.1044     0.137435   0.00827026
    0.303392   0.00814376   0.00827026     0.344241
IMAGINARY
           0  -0.00195313 -0.000919696   0.00222232
  0.00195313            0    0.0208359    0.0122547
 0.000919696   -0.0208359            0   0.00195312
 -0.00222232   -0.0122547  -0.00195312            0
EndNode2[0]<--->HoM1[0]
REAL
    0.343381 -0.000435724   0.00487493     0.321835
-0.000435724     0.146789     0.100545    0.0216451
  0.00487493     0.100545     0.150721    0.0243685
    0.321835    0.0216451    0.0243685     0.359109
IMAGINARY
           0  -0.00988891  0.000738615   0.00709803
  0.00988891            0   0.00911145    0.0128098
-0.000738615  -0.00911145            0   0.00924375
 -0.00709803   -0.0128098  -0.00924375            0
Repeater1[0]<--->EndNode1[0]
REAL
     0.38089   0.00354455 -0.000478055     0.303392
  0.00354455     0.137435       0.1044   0.00827026
-0.000478055       0.1044     0.137435   0.00814376
    0.303392   0.00827026   0.00814376     0.344241
IMAGINARY
           0 -0.000919696  -0.00195312   0.00222232
 0.000919696            0   -0.0208359   0.00195312
  0.00195312    0.0208359            0    0.0122547
 -0.00222232  -0.00195312   -0.0122547            0
Repeater1[0]<--->HoM1[0]
REAL
    0.343381   0.00487493 -0.000435724     0.321835
  0.00487493     0.150721     0.100545    0.0243685
-0.000435724     0.100545     0.146789    0.0216451
    0.321835    0.0243685    0.0216451     0.359109
IMAGINARY
           0  0.000738615  -0.00988891   0.00709803
-0.000738615            0  -0.00911145   0.00924375
  0.00988891   0.00911145            0    0.0128098
 -0.00709803  -0.00924375   -0.0128098            0
EndNode1[0]<--->Repeater1[0]
REAL
   0.341527   -0.011713 -0.00117106    0.327045
  -0.011713     0.13066   0.0947911  -0.0062731
-0.00117106   0.0947911    0.143596 -0.00193464
   0.327045  -0.0062731 -0.00193464    0.384217
IMAGINARY
           0  -0.00738066   0.00485359  0.000849916
  0.00738066            0  -0.00289073  -0.00796692
 -0.00485359   0.00289073            0 -0.000713989
-0.000849916   0.00796692  0.000713989            0
EndNode2[0]<--->HoM1[0]
REAL
   0.379267  0.00100947  0.00366173    0.322518
 0.00100947    0.125158    0.114285  -0.0104771
 0.00366173    0.114285    0.125158 -0.00162905
   0.322518  -0.0104771 -0.00162905    0.370417
IMAGINARY
          0  0.00870998 -0.00426597  -0.0158867
-0.00870998           0  -0.0138291  0.00789793
 0.00426597   0.0138291           0  -0.0111313
  0.0158867 -0.00789793   0.0111313           0
Repeater1[0]<--->EndNode1[0]
REAL
   0.341527 -0.00117106   -0.011713    0.327045
-0.00117106    0.143596   0.0947911 -0.00193464
  -0.011713   0.0947911     0.13066  -0.0062731
   0.327045 -0.00193464  -0.0062731    0.384217
IMAGINARY
           0   0.00485359  -0.00738066  0.000849916
 -0.00485359            0   0.00289073 -0.000713989
  0.00738066  -0.00289073            0  -0.00796692
-0.000849916  0.000713989   0.00796692            0
Repeater1[0]<--->HoM1[0]
REAL
   0.379267  0.00366173  0.00100947    0.322518
 0.00366173    0.125158    0.114285 -0.00162905
 0.00100947    0.114285    0.125158  -0.0104771
   0.322518 -0.00162905  -0.0104771    0.370417
IMAGINARY
          0 -0.00426597  0.00870998  -0.0158867
 0.00426597           0   0.0138291  -0.0111313
-0.00870998  -0.0138291           0  0.00789793
  0.0158867   0.0111313 -0.00789793           0
EndNode1[0]<--->Repeater1[0]
REAL
  0.339973 -0.0114246  -0.016781   0.316941
-0.0114246   0.136786   0.103413 0.00603514
 -0.016781   0.103413   0.139442 0.00699981
  0.316941 0.00603514 0.00699981   0.383798
IMAGINARY
           0  -0.00287574   -0.0144661  0.000557506
  0.00287574            0   0.00486255   0.00916102
   0.0144661  -0.00486255            0   0.00818078
-0.000557506  -0.00916102  -0.00818078            0
EndNode2[0]<--->HoM1[0]
REAL
     0.3875  -0.0195571  -0.0196451    0.326865
 -0.0195571        0.14   0.0836213  -0.0046516
 -0.0196451   0.0836213        0.15 -0.00985465
   0.326865  -0.0046516 -0.00985465      0.3225
IMAGINARY
          0   0.0236925  -0.0136125  0.00454351
 -0.0236925           0   0.0322854  0.00280167
  0.0136125  -0.0322854           0 -0.00747631
-0.00454351 -0.00280167  0.00747631           0
Repeater1[0]<--->EndNode1[0]
REAL
  0.339973  -0.016781 -0.0114246   0.316941
 -0.016781   0.139442   0.103413 0.00699981
-0.0114246   0.103413   0.136786 0.00603514
  0.316941 0.00699981 0.00603514   0.383798
IMAGINARY
           0   -0.0144661  -0.00287574  0.000557506
   0.0144661            0  -0.00486255   0.00818078
  0.00287574   0.00486255            0   0.00916102
-0.000557506  -0.00818078  -0.00916102            0
Repeater1[0]<--->HoM1[0]
REAL
     0.3875  -0.0196451  -0.0195571    0.326865
 -0.0196451        0.15   0.0836213 -0.00985465
 -0.0195571   0.0836213        0.14  -0.0046516
   0.326865 -0.00985465  -0.0046516      0.3225
IMAGINARY
          0  -0.0136125   0.0236925  0.00454351
  0.0136125           0  -0.0322854 -0.00747631
 -0.0236925   0.0322854           0  0.00280167
-0.00454351  0.00747631 -0.00280167           0
EndNode1[0]<--->Repeater1[0]
REAL
   0.341558 0.000982962 -0.00608558    0.314895
0.000982962    0.145455    0.120885  -0.0011228
-0.00608558    0.120885     0.15974 0.000982962
   0.314895  -0.0011228 0.000982962    0.353247
IMAGINARY
          0 -0.00852251 -0.00313563  0.00245019
 0.00852251           0   0.0155176  0.00834396
 0.00313563  -0.0155176           0   0.0202413
-0.00245019 -0.00834396  -0.0202413           0
EndNode2[0]<--->HoM1[0]
REAL
   0.359296  -0.0212211 -0.00932104     0.32766
 -0.0212211     0.13191    0.101579 -0.00870299
-0.00932104    0.101579    0.144472  -0.0168296
    0.32766 -0.00870299  -0.0168296    0.364322
IMAGINARY
           0   -0.0299312    0.0128574   -0.0115878
   0.0299312            0   0.00814903  -0.00433838
  -0.0128574  -0.00814903            0 -0.000868303
   0.0115878   0.00433838  0.000868303            0
Repeater1[0]<--->EndNode1[0]
REAL
   0.341558 -0.00608558 0.000982962    0.314895
-0.00608558     0.15974    0.120885 0.000982962
0.000982962    0.120885    0.145455  -0.0011228
   0.314895 0.000982962  -0.0011228    0.353247
IMAGINARY
          0 -0.00313563 -0.00852251  0.00245019
 0.00313563           0  -0.0155176   0.0202413
 0.00852251   0.0155176           0  0.00834396
-0.00245019  -0.0202413 -0.00834396           0
Repeater1[0]<--->HoM1[0]
REAL
   0.359296 -0.00932104  -0.0212211     0.32766
-0.00932104    0.144472    0.101579  -0.0168296
 -0.0212211    0.101579     0.13191 -0.00870299
    0.32766  -0.0168296 -0.00870299    0.364322
IMAGINARY
           0    0.0128574   -0.0299312   -0.0115878
  -0.0128574            0  -0.00814903 -0.000868303
   0.0299312   0.00814903            0  -0.00433838
   0.0115878  0.000868303   0.00433838            0
EndNode1[0]<--->Repeater1[0]
REAL
   0.341935  0.00724671  -0.0175373    0.325341
 0.00724671    0.126452   0.0873384   0.0211258
 -0.0175373   0.0873384    0.175484 -0.00246202
   0.325341   0.0211258 -0.00246202    0.356129
IMAGINARY
           0    0.0233862   -0.0093746    0.0120363
  -0.0233862            0  0.000225278    0.0191022
   0.0093746 -0.000225278            0   -0.0253317
  -0.0120363   -0.0191022    0.0253317            0
EndNode2[0]<--->HoM1[0]
REAL
   0.383632   0.0128156 -0.00421286    0.326849
  0.0128156     0.14578   0.0933393   0.0182974
-0.00421286   0.0933393    0.131714  0.00831113
   0.326849   0.0182974  0.00831113    0.338875
IMAGINARY
          0 -0.00545117  0.00494071 -0.00588713
 0.00545117           0  0.00404664 -0.00494071
-0.00494071 -0.00404664           0   0.0160053
 0.00588713  0.00494071  -0.0160053           0
Repeater1[0]<--->EndNode1[0]
REAL
   0.341935  -0.0175373  0.00724671    0.325341
 -0.0175373    0.175484   0.0873384 -0.00246202
 0.00724671   0.0873384    0.126452   0.0211258
   0.325341 -0.00246202   0.0211258    0.356129
IMAGINARY
           0   -0.0093746    0.0233862    0.0120363
   0.0093746            0 -0.000225278   -0.0253317
  -0.0233862  0.000225278            0    0.0191022
  -0.0120363    0.0253317   -0.0191022            0
Repeater1[0]<--->HoM1[0]
REAL
   0.383632 -0.00421286   0.0128156    0.326849
-0.00421286    0.131714   0.0933393  0.00831113
  0.0128156   0.0933393     0.14578   0.0182974
   0.326849  0.00831113   0.0182974    0.338875
IMAGINARY
          0  0.00494071 -0.00545117 -0.00588713
-0.00494071           0 -0.00404664   0.0160053
 0.00545117  0.00404664           0 -0.00494071
 0.00588713  -0.0160053  0.00494071           0
EndNode1[0]<--->Repeater1[0]
REAL
   0.389381   0.0067974 -0.00240444    0.320713
  0.0067974    0.125158    0.101876   0.0366684
-0.00240444    0.101876    0.127686   0.0160452
   0.320713   0.0366684   0.0160452    0.357775
IMAGINARY
          0  -0.0125431 -0.00190594   0.0225489
  0.0125431           0   0.0127208 -0.00501927
 0.00190594  -0.0127208           0  0.00700293
 -0.0225489  0.00501927 -0.00700293           0
EndNode2[0]<--->HoM1[0]
REAL
   0.353316  -0.0117736  -0.0266125    0.326302
 -0.0117736    0.144133     0.10894  -0.0138608
 -0.0266125     0.10894    0.156888 -0.00130238
   0.326302  -0.0138608 -0.00130238    0.345663
IMAGINARY
          0   0.0151785 -0.00169279  0.00379103
 -0.0151785           0 -0.00633556 -0.00974732
 0.00169279  0.00633556           0  -0.0118138
-0.00379103  0.00974732   0.0118138           0
Repeater1[0]<--->EndNode1[0]
REAL
   0.389381 -0.00240444   0.0067974    0.320713
-0.00240444    0.127686    0.101876   0.0160452
  0.0067974    0.101876    0.125158   0.0366684
   0.320713   0.0160452   0.0366684    0.357775
IMAGINARY
          0 -0.00190594  -0.0125431   0.0225489
 0.00190594           0  -0.0127208  0.00700293
  0.0125431   0.0127208           0 -0.00501927
 -0.0225489 -0.00700293  0.00501927           0
Repeater1[0]<--->HoM1[0]
REAL
   0.353316  -0.0266125  -0.0117736    0.326302
 -0.0266125    0.156888     0.10894 -0.00130238
 -0.0117736     0.10894    0.144133  -0.0138608
   0.326302 -0.00130238  -0.0138608    0.345663
IMAGINARY
          0 -0.00169279   0.0151785  0.00379103
 0.00169279           0  0.00633556  -0.0118138
 -0.0151785 -0.00633556           0 -0.00974732
-0.00379103   0.0118138  0.00974732           0
EndNode1[0]<--->Repeater1[0]
REAL
  0.369483 -0.0150877 0.00983615   0.317868
-0.0150877   0.161412   0.118875 -0.0105091
0.00983615   0.118875   0.128625  0.0157606
  0.317868 -0.0105091  0.0157606   0.340479
IMAGINARY
          0 -0.00446459   0.0169836  -0.0125635
 0.00446459           0  -0.0213118  0.00946478
 -0.0169836   0.0213118           0  -0.0156865
  0.0125635 -0.00946478   0.0156865           0
EndNode2[0]<--->HoM1[0]
REAL
   0.368984  -0.0123013  0.00193545    0.307293
 -0.0123013    0.147059      0.1082 -0.00385606
 0.00193545      0.1082    0.124332 -0.00498423
   0.307293 -0.00385606 -0.00498423    0.359626
IMAGINARY
          0  -0.0066237 -0.00848641  -0.0290004
  0.0066237           0 -0.00107483    0.013026
 0.00848641  0.00107483           0   0.0124603
  0.0290004   -0.013026  -0.0124603           0
Repeater1[0]<--->EndNode1[0]
REAL
  0.369483 0.00983615 -0.0150877   0.317868
0.00983615   0.128625   0.118875  0.0157606
-0.0150877   0.118875   0.161412 -0.0105091
  0.317868  0.0157606 -0.0105091   0.340479
IMAGINARY
          0   0.0169836 -0.00446459  -0.0125635
 -0.0169836           0   0.0213118  -0.0156865
 0.00446459  -0.0213118           0  0.00946478
  0.0125635   0.0156865 -0.00946478           0
Repeater1[0]<--->HoM1[0]
REAL
   0.368984  0.00193545  -0.0123013    0.307293
 0.00193545    0.124332      0.1082 -0.00498423
 -0.0123013      0.1082    0.147059 -0.00385606
   0.307293 -0.00498423 -0.00385606    0.359626
IMAGINARY
          0 -0.00848641  -0.0066237  -0.0290004
 0.00848641           0  0.00107483   0.0124603
  0.0066237 -0.00107483           0    0.013026
  0.0290004  -0.0124603   -0.013026           0
EndNode1[0]<--->Repeater1[0]
REAL
   0.365262   0.0133929 -0.00357276    0.319753
  0.0133929    0.118774    0.112645   0.0265319
-0.00357276    0.112645    0.145594   0.0133929
   0.319753   0.0265319   0.0133929     0.37037
IMAGINARY
          0  0.00802886 -0.00997671   0.0146356
-0.00802886           0 -0.00991223   -0.024337
 0.00997671  0.00991223           0  0.00545154
 -0.0146356    0.024337 -0.00545154           0
EndNode2[0]<--->HoM1[0]
REAL
    0.35854  -0.0118727 0.000408691     0.33291
 -0.0118727    0.160365    0.105866  0.00299267
0.000408691    0.105866    0.126467   0.0139135
    0.33291  0.00299267   0.0139135    0.354628
IMAGINARY
          0 -0.00801521 -0.00444213  -0.0265479
 0.00801521           0  -0.0216817   0.0126182
 0.00444213   0.0216817           0   0.0036127
  0.0265479  -0.0126182  -0.0036127           0
Repeater1[0]<--->EndNode1[0]
REAL
   0.365262 -0.00357276   0.0133929    0.319753
-0.00357276    0.145594    0.112645   0.0133929
  0.0133929    0.112645    0.118774   0.0265319
   0.319753   0.0133929   0.0265319     0.37037
IMAGINARY
          0 -0.00997671  0.00802886   0.0146356
 0.00997671           0  0.00991223  0.00545154
-0.00802886 -0.00991223           0   -0.024337
 -0.0146356 -0.00545154    0.024337           0
Repeater1[0]<--->HoM1[0]
REAL
    0.35854 0.000408691  -0.0118727     0.33291
0.000408691    0.126467    0.105866   0.0139135
 -0.0118727    0.105866    0.160365  0.00299267
    0.33291   0.0139135  0.00299267    0.354628
IMAGINARY
          0 -0.00444213 -0.00801521  -0.0265479
 0.00444213           0   0.0216817   0.0036127
 0.00801521  -0.0216817           0   0.0126182
  0.0265479  -0.0036127  -0.0126182           0
EndNode1[0]<--->Repeater1[0]
REAL
   0.352168  -0.0134625 -0.00352966    0.309582
 -0.0134625    0.135348    0.112356 0.000164922
-0.00352966    0.112356    0.164258   0.0100977
   0.309582 0.000164922   0.0100977    0.348226
IMAGINARY
           0    0.0117021  -0.00825487  -0.00824724
  -0.0117021            0  -0.00553722 -0.000792179
  0.00825487   0.00553722            0   -0.0062739
  0.00824724  0.000792179    0.0062739            0
EndNode2[0]<--->HoM1[0]
REAL
   0.359137   0.0174879 -0.00830057    0.318419
  0.0174879    0.152284    0.114915  0.00241822
-0.00830057    0.114915    0.164975  -0.0116055
   0.318419  0.00241822  -0.0116055    0.323604
IMAGINARY
          0  -0.0461942   0.0256692 -0.00730021
  0.0461942           0 -0.00149376   0.0134143
 -0.0256692  0.00149376           0  -0.0360161
 0.00730021  -0.0134143   0.0360161           0
Repeater1[0]<--->EndNode1[0]
REAL
   0.352168 -0.00352966  -0.0134625    0.309582
-0.00352966    0.164258    0.112356   0.0100977
 -0.0134625    0.112356    0.135348 0.000164922
   0.309582   0.0100977 0.000164922    0.348226
IMAGINARY
           0  -0.00825487    0.0117021  -0.00824724
  0.00825487            0   0.00553722   -0.0062739
  -0.0117021  -0.00553722            0 -0.000792179
  0.00824724    0.0062739  0.000792179            0
Repeater1[0]<--->HoM1[0]
REAL
   0.359137 -0.00830057   0.0174879    0.318419
-0.00830057    0.164975    0.114915  -0.0116055
  0.0174879    0.114915    0.152284  0.00241822
   0.318419  -0.0116055  0.00241822    0.323604
IMAGINARY
          0   0.0256692  -0.0461942 -0.00730021
 -0.0256692           0  0.00149376  -0.0360161
  0.0461942 -0.00149376           0   0.0134143
 0.00730021   0.0360161  -0.0134143           0
EndNode1[0]<--->Repeater1[0]
REAL
   0.414458  -0.0244078 -0.00489689    0.331595
 -0.0244078    0.128916    0.102485   -0.029929
-0.00489689    0.102485    0.118072 -0.00419918
   0.331595   -0.029929 -0.00419918    0.338554
IMAGINARY
          0 -0.00761771  -0.0015086  0.00417102
 0.00761771           0 -0.00878235  0.00555173
  0.0015086  0.00878235           0  -0.0193365
-0.00417102 -0.00555173   0.0193365           0
EndNode2[0]<--->HoM1[0]
REAL
   0.329857  0.00144281 -0.00254453     0.30775
 0.00144281    0.149935    0.114642 -0.00254453
-0.00254453    0.114642    0.152542  -0.0052596
    0.30775 -0.00254453  -0.0052596    0.367666
IMAGINARY
           0  -0.00288493   -0.0120129   -0.0385715
  0.00288493            0   -0.0136673   -0.0107439
   0.0120129    0.0136673            0 -0.000366042
   0.0385715    0.0107439  0.000366042            0
Repeater1[0]<--->EndNode1[0]
REAL
   0.414458 -0.00489689  -0.0244078    0.331595
-0.00489689    0.118072    0.102485 -0.00419918
 -0.0244078    0.102485    0.128916   -0.029929
   0.331595 -0.00419918   -0.029929    0.338554
IMAGINARY
          0  -0.0015086 -0.00761771  0.00417102
  0.0015086           0  0.00878235  -0.0193365
 0.00761771 -0.00878235           0  0.00555173
-0.00417102   0.0193365 -0.00555173           0
Repeater1[0]<--->HoM1[0]
REAL
   0.329857 -0.00254453  0.00144281     0.30775
-0.00254453    0.152542    0.114642  -0.0052596
 0.00144281    0.114642    0.149935 -0.00254453
    0.30775  -0.0052596 -0.00254453    0.367666
IMAGINARY
           0   -0.0120129  -0.00288493   -0.0385715
   0.0120129            0    0.0136673 -0.000366042
  0.00288493   -0.0136673            0   -0.0107439
   0.0385715  0.000366042    0.0107439            0
EndNode1[0]<--->Repeater1[0]
REAL
   0.342037 -0.00409318  0.00519147    0.324637
-0.00409318    0.148825   0.0980363 -0.00453616
 0.00519147   0.0980363    0.129243   0.0060591
   0.324637 -0.00453616   0.0060591    0.379896
IMAGINARY
          0  -0.0201772  0.00247476  0.00605059
  0.0201772           0  0.00284134   0.0233873
-0.00247476 -0.00284134           0  0.00416736
-0.00605059  -0.0233873 -0.00416736           0
EndNode2[0]<--->HoM1[0]
REAL
   0.383166  -0.0184151 -0.00976101    0.327426
 -0.0184151    0.124372   0.0979072  -0.0129057
-0.00976101   0.0979072    0.150754  0.00108176
   0.327426  -0.0129057  0.00108176    0.341709
IMAGINARY
          0 -0.00260078   0.0225087 -0.00980738
 0.00260078           0  -0.0199084  0.00935083
 -0.0225087   0.0199084           0  -0.0188557
 0.00980738 -0.00935083   0.0188557           0
Repeater1[0]<--->EndNode1[0]
REAL
   0.342037  0.00519147 -0.00409318    0.324637
 0.00519147    0.129243   0.0980363   0.0060591
-0.00409318   0.0980363    0.148825 -0.00453616
   0.324637   0.0060591 -0.00453616    0.379896
IMAGINARY
          0  0.00247476  -0.0201772  0.00605059
-0.00247476           0 -0.00284134  0.00416736
  0.0201772  0.00284134           0   0.0233873
-0.00605059 -0.00416736  -0.0233873           0
Repeater1[0]<--->HoM1[0]
REAL
   0.383166 -0.00976101  -0.0184151    0.327426
-0.00976101    0.150754   0.0979072  0.00108176
 -0.0184151   0.0979072    0.124372  -0.0129057
   0.327426  0.00108176  -0.0129057    0.341709
IMAGINARY
          0   0.0225087 -0.00260078 -0.00980738
 -0.0225087           0   0.0199084  -0.0188557
 0.00260078  -0.0199084           0  0.00935083
 0.00980738   0.0188557 -0.00935083           0
EndNode1[0]<--->Repeater1[0]
REAL
   0.365854  -0.0103173  0.00126905    0.318479
 -0.0103173    0.157182   0.0768228 -0.00194019
 0.00126905   0.0768228    0.130081 -0.00646124
   0.318479 -0.00194019 -0.00646124    0.346883
IMAGINARY
          0 -0.00679386   0.0175327   0.0120435
