EndNode1[0]<--->Repeater1[0]
REAL
   0.411688  -0.0128338 -0.00938338     0.35306
 -0.0128338   0.0974026    0.074554 -0.00938338
-0.00938338    0.074554    0.102597 -0.00593294
    0.35306 -0.00938338 -0.00593294    0.388312
IMAGINARY
          0  0.00914479  0.00499732   0.0169435
-0.00914479           0  -0.0094435  -0.0108951
-0.00499732   0.0094435           0  0.00592729
 -0.0169435   0.0108951 -0.00592729           0
EndNode2[0]<--->HoM1[0]
REAL
   0.433041   0.0179162 0.000266049    0.378785
  0.0179162    0.100125   0.0528074   0.0283409
0.000266049   0.0528074    0.102628  0.00447188
   0.378785   0.0283409  0.00447188    0.364205
IMAGINARY
          0  0.00402646  0.00189155  0.00157667
-0.00402646           0  -0.0100512   0.0176545
-0.00189155   0.0100512           0 -0.00339594
-0.00157667  -0.0176545  0.00339594           0
Repeater1[0]<--->EndNode1[0]
REAL
   0.411688 -0.00938338  -0.0128338     0.35306
-0.00938338    0.102597    0.074554 -0.00593294
 -0.0128338    0.074554   0.0974026 -0.00938338
    0.35306 -0.00593294 -0.00938338    0.388312
IMAGINARY
          0  0.00499732  0.00914479   0.0169435
-0.00499732           0   0.0094435  0.00592729
-0.00914479  -0.0094435           0  -0.0108951
 -0.0169435 -0.00592729   0.0108951           0
Repeater1[0]<--->HoM1[0]
REAL
   0.433041 0.000266049   0.0179162    0.378785
0.000266049    0.102628   0.0528074  0.00447188
  0.0179162   0.0528074    0.100125   0.0283409
   0.378785  0.00447188   0.0283409    0.364205
IMAGINARY
          0  0.00189155  0.00402646  0.00157667
-0.00189155           0   0.0100512 -0.00339594
-0.00402646  -0.0100512           0   0.0176545
-0.00157667  0.00339594  -0.0176545           0
EndNode1[0]<--->Repeater1[0]
REAL
   0.402813 -0.00191676 -0.00775751    0.346932
-0.00191676    0.102302   0.0674646 -0.00586117
-0.00775751   0.0674646    0.108696  -0.0220781
   0.346932 -0.00586117  -0.0220781    0.386189
IMAGINARY
          0  0.00667932 -0.00904763  -0.0131588
-0.00667932           0  -0.0048361  -0.0321438
 0.00904763   0.0048361           0   0.0243726
  0.0131588   0.0321438  -0.0243726           0
EndNode2[0]<--->HoM1[0]
REAL
   0.400254  0.00768521 -0.00221694    0.351735
 0.00768521   0.0876747   0.0715293  -0.0154445
-0.00221694   0.0715293    0.108005 -0.00951225
   0.351735  -0.0154445 -0.00951225    0.404066
IMAGINARY
          0   0.0100829  0.00534013 -0.00748071
 -0.0100829           0  -0.0265647  -0.0207643
-0.00534013   0.0265647           0   0.0246215
 0.00748071   0.0207643  -0.0246215           0
Repeater1[0]<--->EndNode1[0]
REAL
   0.402813 -0.00775751 -0.00191676    0.346932
-0.00775751    0.108696   0.0674646  -0.0220781
-0.00191676   0.0674646    0.102302 -0.00586117
   0.346932  -0.0220781 -0.00586117    0.386189
IMAGINARY
          0 -0.00904763  0.00667932  -0.0131588
 0.00904763           0   0.0048361   0.0243726
-0.00667932  -0.0048361           0  -0.0321438
  0.0131588  -0.0243726   0.0321438           0
Repeater1[0]<--->HoM1[0]
REAL
   0.400254 -0.00221694  0.00768521    0.351735
-0.00221694    0.108005   0.0715293 -0.00951225
 0.00768521   0.0715293   0.0876747  -0.0154445
   0.351735 -0.00951225  -0.0154445    0.404066
IMAGINARY
          0  0.00534013   0.0100829 -0.00748071
-0.00534013           0   0.0265647   0.0246215
 -0.0100829  -0.0265647           0  -0.0207643
 0.00748071  -0.0246215   0.0207643           0
EndNode1[0]<--->Repeater1[0]
REAL
   0.386076  0.00567508 -0.00983841    0.355525
 0.00567508    0.103797   0.0606204 -0.00580615
-0.00983841   0.0606204   0.0974684 -0.00755243
   0.355525 -0.00580615 -0.00755243    0.412658
IMAGINARY
           0    0.0226212  4.73018e-05  0.000967697
  -0.0226212            0   0.00352524   -0.0185186
-4.73018e-05  -0.00352524            0   0.00731509
-0.000967697    0.0185186  -0.00731509            0
EndNode2[0]<--->HoM1[0]
REAL
  0.403266 0.00295317 0.00324193   0.353037
0.00295317   0.119347  0.0699345 0.00569893
0.00324193  0.0699345  0.0992462  0.0114898
  0.353037 0.00569893  0.0114898   0.378141
IMAGINARY
           0    0.0108367     0.018451    0.0112197
  -0.0108367            0  -0.00798557 -0.000166014
   -0.018451   0.00798557            0   -0.0190334
  -0.0112197  0.000166014    0.0190334            0
Repeater1[0]<--->EndNode1[0]
REAL
   0.386076 -0.00983841  0.00567508    0.355525
-0.00983841   0.0974684   0.0606204 -0.00755243
 0.00567508   0.0606204    0.103797 -0.00580615
   0.355525 -0.00755243 -0.00580615    0.412658
IMAGINARY
           0  4.73018e-05    0.0226212  0.000967697
-4.73018e-05            0  -0.00352524   0.00731509
  -0.0226212   0.00352524            0   -0.0185186
-0.000967697  -0.00731509    0.0185186            0
Repeater1[0]<--->HoM1[0]
REAL
  0.403266 0.00324193 0.00295317   0.353037
0.00324193  0.0992462  0.0699345  0.0114898
0.00295317  0.0699345   0.119347 0.00569893
  0.353037  0.0114898 0.00569893   0.378141
IMAGINARY
           0     0.018451    0.0108367    0.0112197
   -0.018451            0   0.00798557   -0.0190334
  -0.0108367  -0.00798557            0 -0.000166014
  -0.0112197    0.0190334  0.000166014            0
EndNode1[0]<--->Repeater1[0]
REAL
   0.387387  0.00546025 -0.00303497    0.356024
 0.00546025    0.109395   0.0601053 -0.00922309
-0.00303497   0.0601053    0.113256  -0.0138473
   0.356024 -0.00922309  -0.0138473    0.389961
IMAGINARY
          0  0.00477004   0.0067402 -0.00217055
-0.00477004           0  0.00995498  -0.0067402
 -0.0067402 -0.00995498           0  0.00543405
 0.00217055   0.0067402 -0.00543405           0
EndNode2[0]<--->HoM1[0]
REAL
   0.402102 -0.00975209  -0.0165721    0.360993
-0.00975209    0.120894   0.0702953  -0.0159432
 -0.0165721   0.0702953   0.0985545  -0.0227632
   0.360993  -0.0159432  -0.0227632    0.378449
IMAGINARY
          0 -0.00273868  0.00543123  0.00202889
 0.00273868           0   0.0151179  0.00102872
-0.00543123  -0.0151179           0   0.0143666
-0.00202889 -0.00102872  -0.0143666           0
Repeater1[0]<--->EndNode1[0]
REAL
   0.387387 -0.00303497  0.00546025    0.356024
-0.00303497    0.113256   0.0601053  -0.0138473
 0.00546025   0.0601053    0.109395 -0.00922309
   0.356024  -0.0138473 -0.00922309    0.389961
IMAGINARY
          0   0.0067402  0.00477004 -0.00217055
 -0.0067402           0 -0.00995498  0.00543405
-0.00477004  0.00995498           0  -0.0067402
 0.00217055 -0.00543405   0.0067402           0
Repeater1[0]<--->HoM1[0]
REAL
   0.402102  -0.0165721 -0.00975209    0.360993
 -0.0165721   0.0985545   0.0702953  -0.0227632
-0.00975209   0.0702953    0.120894  -0.0159432
   0.360993  -0.0227632  -0.0159432    0.378449
IMAGINARY
          0  0.00543123 -0.00273868  0.00202889
-0.00543123           0  -0.0151179   0.0143666
 0.00273868   0.0151179           0  0.00102872
-0.00202889  -0.0143666 -0.00102872           0
EndNode1[0]<--->Repeater1[0]
REAL
  0.407609  0.0083939 0.00857936   0.347009
 0.0083939   0.101902  0.0717005 0.00109806
0.00857936  0.0717005   0.122283 0.00773514
  0.347009 0.00109806 0.00773514   0.368207
IMAGINARY
          0  0.00436479 -0.00382764  0.00416825
-0.00436479           0 -0.00814703   0.0174079
 0.00382764  0.00814703           0   0.0166229
-0.00416825  -0.0174079  -0.0166229           0
EndNode2[0]<--->HoM1[0]
REAL
   0.401015   0.0171624   0.0129579    0.341194
  0.0171624    0.115482   0.0728392 -0.00979734
  0.0129579   0.0728392    0.110406  -0.0165303
   0.341194 -0.00979734  -0.0165303    0.373096
IMAGINARY
           0   0.00759494  0.000910592  -0.00959051
 -0.00759494            0   -0.0206726   0.00288688
-0.000910592    0.0206726            0   -0.0177215
  0.00959051  -0.00288688    0.0177215            0
Repeater1[0]<--->EndNode1[0]
REAL
  0.407609 0.00857936  0.0083939   0.347009
0.00857936   0.122283  0.0717005 0.00773514
 0.0083939  0.0717005   0.101902 0.00109806
  0.347009 0.00773514 0.00109806   0.368207
IMAGINARY
          0 -0.00382764  0.00436479  0.00416825
 0.00382764           0  0.00814703   0.0166229
-0.00436479 -0.00814703           0   0.0174079
-0.00416825  -0.0166229  -0.0174079           0
Repeater1[0]<--->HoM1[0]
REAL
   0.401015   0.0129579   0.0171624    0.341194
  0.0129579    0.110406   0.0728392  -0.0165303
  0.0171624   0.0728392    0.115482 -0.00979734
   0.341194  -0.0165303 -0.00979734    0.373096
IMAGINARY
           0  0.000910592   0.00759494  -0.00959051
-0.000910592            0    0.0206726   -0.0177215
 -0.00759494   -0.0206726            0   0.00288688
  0.00959051    0.0177215  -0.00288688            0
EndNode1[0]<--->Repeater1[0]
REAL
  0.402086 -0.0264181 -0.0218761   0.356641
-0.0264181   0.107764  0.0792922 -0.0101573
-0.0218761  0.0792922   0.118192 -0.0111863
  0.356641 -0.0101573 -0.0111863   0.371958
IMAGINARY
          0 -0.00181462  -0.0218457  -0.0114891
 0.00181462           0  -0.0121277   0.0224892
  0.0218457   0.0121277           0   0.0281981
  0.0114891  -0.0224892  -0.0281981           0
EndNode2[0]<--->HoM1[0]
REAL
   0.411685   0.0178218 -0.00161733    0.353532
  0.0178218   0.0978261   0.0661107   0.0194745
-0.00161733   0.0661107    0.127717    0.016617
   0.353532   0.0194745    0.016617    0.362772
IMAGINARY
          0     0.01433 -0.00980814  -0.0117976
   -0.01433           0 -0.00441508  0.00917921
 0.00980814  0.00441508           0  -0.0199904
  0.0117976 -0.00917921   0.0199904           0
Repeater1[0]<--->EndNode1[0]
REAL
  0.402086 -0.0218761 -0.0264181   0.356641
-0.0218761   0.118192  0.0792922 -0.0111863
-0.0264181  0.0792922   0.107764 -0.0101573
  0.356641 -0.0111863 -0.0101573   0.371958
IMAGINARY
          0  -0.0218457 -0.00181462  -0.0114891
  0.0218457           0   0.0121277   0.0281981
 0.00181462  -0.0121277           0   0.0224892
  0.0114891  -0.0281981  -0.0224892           0
Repeater1[0]<--->HoM1[0]
REAL
   0.411685 -0.00161733   0.0178218    0.353532
-0.00161733    0.127717   0.0661107    0.016617
  0.0178218   0.0661107   0.0978261   0.0194745
   0.353532    0.016617   0.0194745    0.362772
IMAGINARY
          0 -0.00980814     0.01433  -0.0117976
 0.00980814           0  0.00441508  -0.0199904
   -0.01433 -0.00441508           0  0.00917921
  0.0117976   0.0199904 -0.00917921           0
EndNode1[0]<--->Repeater1[0]
REAL
  0.406932 0.00114713  0.0187845   0.342603
0.00114713   0.115533  0.0695259  0.0133937
 0.0187845  0.0695259  0.0949936   0.034744
  0.342603  0.0133937   0.034744   0.382542
IMAGINARY
          0 -0.00660992   0.0070012  -0.0185654
 0.00660992           0  -0.0101129   0.0135116
 -0.0070012   0.0101129           0  0.00789197
  0.0185654  -0.0135116 -0.00789197           0
EndNode2[0]<--->HoM1[0]
REAL
   0.397892  -0.0127964 -0.00027296    0.372675
 -0.0127964    0.104084   0.0652213   0.0135809
-0.00027296   0.0652213    0.104084  0.00962784
   0.372675   0.0135809  0.00962784    0.393939
IMAGINARY
          0  0.00566262  -0.0197223 -0.00340295
-0.00566262           0  -0.0171644   0.0116478
  0.0197223   0.0171644           0  0.00116968
 0.00340295  -0.0116478 -0.00116968           0
Repeater1[0]<--->EndNode1[0]
REAL
  0.406932  0.0187845 0.00114713   0.342603
 0.0187845  0.0949936  0.0695259   0.034744
0.00114713  0.0695259   0.115533  0.0133937
  0.342603   0.034744  0.0133937   0.382542
IMAGINARY
          0   0.0070012 -0.00660992  -0.0185654
 -0.0070012           0   0.0101129  0.00789197
 0.00660992  -0.0101129           0   0.0135116
  0.0185654 -0.00789197  -0.0135116           0
Repeater1[0]<--->HoM1[0]
REAL
   0.397892 -0.00027296  -0.0127964    0.372675
-0.00027296    0.104084   0.0652213  0.00962784
 -0.0127964   0.0652213    0.104084   0.0135809
   0.372675  0.00962784   0.0135809    0.393939
IMAGINARY
          0  -0.0197223  0.00566262 -0.00340295
  0.0197223           0   0.0171644  0.00116968
-0.00566262  -0.0171644           0   0.0116478
 0.00340295 -0.00116968  -0.0116478           0
EndNode1[0]<--->Repeater1[0]
REAL
    0.38648  0.00194769  -0.0015675    0.354115
 0.00194769    0.104592   0.0655283 -0.00481005
 -0.0015675   0.0655283    0.121173 -0.00704974
   0.354115 -0.00481005 -0.00704974    0.387755
IMAGINARY
          0  0.00457771   0.0322639  0.00920691
-0.00457771           0   0.0134909  -0.0303184
 -0.0322639  -0.0134909           0 -0.00522621
-0.00920691   0.0303184  0.00522621           0
EndNode2[0]<--->HoM1[0]
REAL
  0.393502 -0.0021753 -0.0125013   0.356674
-0.0021753   0.113117  0.0688719 0.00929202
-0.0125013  0.0688719  0.0770156 0.00666824
  0.356674 0.00929202 0.00666824   0.416366
IMAGINARY
          0 -0.00810718   0.0181019  -0.0164139
 0.00810718           0 -0.00903137   0.0257355
 -0.0181019  0.00903137           0 -0.00142268
  0.0164139  -0.0257355  0.00142268           0
Repeater1[0]<--->EndNode1[0]
REAL
    0.38648  -0.0015675  0.00194769    0.354115
 -0.0015675    0.121173   0.0655283 -0.00704974
 0.00194769   0.0655283    0.104592 -0.00481005
   0.354115 -0.00704974 -0.00481005    0.387755
IMAGINARY
          0   0.0322639  0.00457771  0.00920691
 -0.0322639           0  -0.0134909 -0.00522621
-0.00457771   0.0134909           0  -0.0303184
-0.00920691  0.00522621   0.0303184           0
Repeater1[0]<--->HoM1[0]
REAL
  0.393502 -0.0125013 -0.0021753   0.356674
-0.0125013  0.0770156  0.0688719 0.00666824
-0.0021753  0.0688719   0.113117 0.00929202
  0.356674 0.00666824 0.00929202   0.416366
IMAGINARY
          0   0.0181019 -0.00810718  -0.0164139
 -0.0181019           0  0.00903137 -0.00142268
 0.00810718 -0.00903137           0   0.0257355
  0.0164139  0.00142268  -0.0257355           0
EndNode1[0]<--->Repeater1[0]
REAL
  0.375152 -0.0108215 0.00771513   0.363655
-0.0108215   0.116931  0.0553989 -0.0120738
0.00771513  0.0553989    0.11084 0.00272687
  0.363655 -0.0120738 0.00272687   0.397077
IMAGINARY
          0  0.00321079 -0.00164079   0.0151399
-0.00321079           0   0.0258858  0.00230657
 0.00164079  -0.0258858           0   -0.014529
 -0.0151399 -0.00230657    0.014529           0
EndNode2[0]<--->HoM1[0]
REAL
  0.404255 0.00309476 0.00648022   0.355277
0.00309476   0.108886  0.0478608 0.00648022
0.00648022  0.0478608  0.0988736  0.0112299
  0.355277 0.00648022  0.0112299   0.387985
IMAGINARY
          0   0.0276441  -0.0348852   0.0134096
 -0.0276441           0  0.00956341   -0.015354
  0.0348852 -0.00956341           0  0.00704487
 -0.0134096    0.015354 -0.00704487           0
Repeater1[0]<--->EndNode1[0]
REAL
  0.375152 0.00771513 -0.0108215   0.363655
0.00771513    0.11084  0.0553989 0.00272687
-0.0108215  0.0553989   0.116931 -0.0120738
  0.363655 0.00272687 -0.0120738   0.397077
IMAGINARY
          0 -0.00164079  0.00321079   0.0151399
 0.00164079           0  -0.0258858   -0.014529
-0.00321079   0.0258858           0  0.00230657
 -0.0151399    0.014529 -0.00230657           0
Repeater1[0]<--->HoM1[0]
REAL
  0.404255 0.00648022 0.00309476   0.355277
0.00648022  0.0988736  0.0478608  0.0112299
0.00309476  0.0478608   0.108886 0.00648022
  0.355277  0.0112299 0.00648022   0.387985
IMAGINARY
          0  -0.0348852   0.0276441   0.0134096
  0.0348852           0 -0.00956341  0.00704487
 -0.0276441  0.00956341           0   -0.015354
 -0.0134096 -0.00704487    0.015354           0
EndNode1[0]<--->Repeater1[0]
REAL
  0.388041  0.0199697 -0.0134118   0.345106
 0.0199697   0.132316  0.0554178 0.00555839
-0.0134118  0.0554178  0.0966921 0.00620827
  0.345106 0.00555839 0.00620827   0.382952
IMAGINARY
          0 -0.00134743  -0.0154122  0.00540093
 0.00134743           0  0.00959255  0.00659268
  0.0154122 -0.00959255           0  -0.0101858
-0.00540093 -0.00659268   0.0101858           0
EndNode2[0]<--->HoM1[0]
REAL
    0.446429    0.0181871  -0.00817188     0.357259
   0.0181871    0.0969388     0.073687    0.0260747
 -0.00817188     0.073687    0.0663265 -0.000284262
    0.357259    0.0260747 -0.000284262     0.390306
IMAGINARY
          0   0.0107229   -0.028505  -0.0144496
 -0.0107229           0  0.00874623  -0.0151717
   0.028505 -0.00874623           0   0.0277386
  0.0144496   0.0151717  -0.0277386           0
Repeater1[0]<--->EndNode1[0]
REAL
  0.388041 -0.0134118  0.0199697   0.345106
-0.0134118  0.0966921  0.0554178 0.00620827
 0.0199697  0.0554178   0.132316 0.00555839
  0.345106 0.00620827 0.00555839   0.382952
IMAGINARY
          0  -0.0154122 -0.00134743  0.00540093
  0.0154122           0 -0.00959255  -0.0101858
 0.00134743  0.00959255           0  0.00659268
-0.00540093   0.0101858 -0.00659268           0
Repeater1[0]<--->HoM1[0]
REAL
    0.446429  -0.00817188    0.0181871     0.357259
 -0.00817188    0.0663265     0.073687 -0.000284262
   0.0181871     0.073687    0.0969388    0.0260747
    0.357259 -0.000284262    0.0260747     0.390306
IMAGINARY
          0   -0.028505   0.0107229  -0.0144496
   0.028505           0 -0.00874623   0.0277386
 -0.0107229  0.00874623           0  -0.0151717
  0.0144496  -0.0277386   0.0151717           0
EndNode1[0]<--->Repeater1[0]
REAL
   0.393462   0.0063025   0.0319055    0.354631
  0.0063025   0.0968523   0.0686391 -0.00863505
  0.0319055   0.0686391    0.108959  0.00564719
   0.354631 -0.00863505  0.00564719    0.400726
IMAGINARY
          0  -0.0142656  0.00584657  0.00940742
  0.0142656           0   0.0113682  0.00777211
-0.00584657  -0.0113682           0  0.00194391
-0.00940742 -0.00777211 -0.00194391           0
EndNode2[0]<--->HoM1[0]
REAL
   0.397022 -0.00135668 -0.00383244    0.356378
-0.00135668   0.0843672   0.0539254  0.00686275
-0.00383244   0.0539254    0.120347 -0.00773423
   0.356378  0.00686275 -0.00773423    0.398263
IMAGINARY
          0  0.00887715 -0.00462302  0.00173542
-0.00887715           0   0.0113879  -0.0294369
 0.00462302  -0.0113879           0   0.0101964
-0.00173542   0.0294369  -0.0101964           0
Repeater1[0]<--->EndNode1[0]
REAL
   0.393462   0.0319055   0.0063025    0.354631
  0.0319055    0.108959   0.0686391  0.00564719
  0.0063025   0.0686391   0.0968523 -0.00863505
   0.354631  0.00564719 -0.00863505    0.400726
IMAGINARY
          0  0.00584657  -0.0142656  0.00940742
-0.00584657           0  -0.0113682  0.00194391
  0.0142656   0.0113682           0  0.00777211
-0.00940742 -0.00194391 -0.00777211           0
Repeater1[0]<--->HoM1[0]
REAL
   0.397022 -0.00383244 -0.00135668    0.356378
-0.00383244    0.120347   0.0539254 -0.00773423
-0.00135668   0.0539254   0.0843672  0.00686275
   0.356378 -0.00773423  0.00686275    0.398263
IMAGINARY
          0 -0.00462302  0.00887715  0.00173542
 0.00462302           0  -0.0113879   0.0101964
-0.00887715   0.0113879           0  -0.0294369
-0.00173542  -0.0101964   0.0294369           0
EndNode1[0]<--->Repeater1[0]
REAL
    0.411268   0.00670348 -8.11254e-05     0.351558
  0.00670348     0.101408    0.0566864   -0.0145465
-8.11254e-05    0.0566864     0.104225   0.00127525
    0.351558   -0.0145465   0.00127525     0.383099
IMAGINARY
          0   0.0149581   0.0170533  0.00602007
 -0.0149581           0   0.0210922 -0.00693189
 -0.0170533  -0.0210922           0 -0.00618617
-0.00602007  0.00693189  0.00618617           0
EndNode2[0]<--->HoM1[0]
REAL
    0.424433 -7.10399e-05   0.00927001     0.368804
-7.10399e-05     0.108312     0.053257   -0.0152145
  0.00927001     0.053257    0.0906801  -0.00455247
    0.368804   -0.0152145  -0.00455247     0.376574
IMAGINARY
          0 -0.00162875 -0.00888544  0.00929067
 0.00162875           0  0.00989091  -0.0128537
 0.00888544 -0.00989091           0   0.0075576
-0.00929067   0.0128537  -0.0075576           0
Repeater1[0]<--->EndNode1[0]
REAL
    0.411268 -8.11254e-05   0.00670348     0.351558
-8.11254e-05     0.104225    0.0566864   0.00127525
  0.00670348    0.0566864     0.101408   -0.0145465
    0.351558   0.00127525   -0.0145465     0.383099
IMAGINARY
          0   0.0170533   0.0149581  0.00602007
 -0.0170533           0  -0.0210922 -0.00618617
 -0.0149581   0.0210922           0 -0.00693189
-0.00602007  0.00618617  0.00693189           0
Repeater1[0]<--->HoM1[0]
REAL
    0.424433   0.00927001 -7.10399e-05     0.368804
  0.00927001    0.0906801     0.053257  -0.00455247
-7.10399e-05     0.053257     0.108312   -0.0152145
    0.368804  -0.00455247   -0.0152145     0.376574
IMAGINARY
          0 -0.00888544 -0.00162875  0.00929067
 0.00888544           0 -0.00989091   0.0075576
 0.00162875  0.00989091           0  -0.0128537
-0.00929067  -0.0075576   0.0128537           0
EndNode1[0]<--->Repeater1[0]
REAL
   0.395702   0.0136274   0.0182211    0.363435
  0.0136274    0.123894   0.0671389 -0.00286732
  0.0182211   0.0671389   0.0922882 -0.00361401
   0.363435 -0.00286732 -0.00361401    0.388116
IMAGINARY
           0    -0.017222   0.00928139    0.0283141
    0.017222            0  3.64403e-05    0.0252865
 -0.00928139 -3.64403e-05            0    0.0135183
  -0.0283141   -0.0252865   -0.0135183            0
EndNode2[0]<--->HoM1[0]
REAL
   0.390335  -0.0251845 -0.00157569    0.360963
 -0.0251845    0.115242   0.0681818  -0.0198147
-0.00157569   0.0681818    0.086741 -0.00021654
   0.360963  -0.0198147 -0.00021654    0.407683
IMAGINARY
          0 -0.00312276   0.0175355  -0.0120506
 0.00312276           0  0.00627399 -0.00684028
 -0.0175355 -0.00627399           0    0.012481
  0.0120506  0.00684028   -0.012481           0
Repeater1[0]<--->EndNode1[0]
REAL
   0.395702   0.0182211   0.0136274    0.363435
  0.0182211   0.0922882   0.0671389 -0.00361401
  0.0136274   0.0671389    0.123894 -0.00286732
   0.363435 -0.00361401 -0.00286732    0.388116
IMAGINARY
           0   0.00928139    -0.017222    0.0283141
 -0.00928139            0 -3.64403e-05    0.0135183
    0.017222  3.64403e-05            0    0.0252865
  -0.0283141   -0.0135183   -0.0252865            0
Repeater1[0]<--->HoM1[0]
REAL
   0.390335 -0.00157569  -0.0251845    0.360963
-0.00157569    0.086741   0.0681818 -0.00021654
 -0.0251845   0.0681818    0.115242  -0.0198147
   0.360963 -0.00021654  -0.0198147    0.407683
IMAGINARY
          0   0.0175355 -0.00312276  -0.0120506
 -0.0175355           0 -0.00627399    0.012481
 0.00312276  0.00627399           0 -0.00684028
  0.0120506   -0.012481  0.00684028           0
EndNode1[0]<--->Repeater1[0]
REAL
   0.429129  -0.0165814   0.0172634     0.35533
 -0.0165814   0.0949285   0.0832893 -0.00959079
  0.0172634   0.0832893    0.104031  0.00890878
    0.35533 -0.00959079  0.00890878    0.371912
IMAGINARY
          0   0.0104765  0.00314861 -0.00456183
 -0.0104765           0   0.0026655  0.00314861
-0.00314861  -0.0026655           0 -0.00543867
 0.00456183 -0.00314861  0.00543867           0
EndNode2[0]<--->HoM1[0]
REAL
   0.388039  0.00261653 -0.00222966    0.355313
 0.00261653    0.119611    0.066395   0.0490861
-0.00222966    0.066395    0.108484   0.0300051
   0.355313   0.0490861   0.0300051    0.383866
IMAGINARY
           0   0.00142568  -0.00657899  -0.00594618
 -0.00142568            0   -0.0233159 -1.73131e-05
  0.00657899    0.0233159            0    -0.013299
  0.00594618  1.73131e-05     0.013299            0
Repeater1[0]<--->EndNode1[0]
REAL
   0.429129   0.0172634  -0.0165814     0.35533
  0.0172634    0.104031   0.0832893  0.00890878
 -0.0165814   0.0832893   0.0949285 -0.00959079
    0.35533  0.00890878 -0.00959079    0.371912
IMAGINARY
          0  0.00314861   0.0104765 -0.00456183
-0.00314861           0  -0.0026655 -0.00543867
 -0.0104765   0.0026655           0  0.00314861
 0.00456183  0.00543867 -0.00314861           0
Repeater1[0]<--->HoM1[0]
REAL
   0.388039 -0.00222966  0.00261653    0.355313
-0.00222966    0.108484    0.066395   0.0300051
 0.00261653    0.066395    0.119611   0.0490861
   0.355313   0.0300051   0.0490861    0.383866
IMAGINARY
           0  -0.00657899   0.00142568  -0.00594618
  0.00657899            0    0.0233159    -0.013299
 -0.00142568   -0.0233159            0 -1.73131e-05
  0.00594618     0.013299  1.73131e-05            0
EndNode1[0]<--->Repeater1[0]
REAL
   0.408451 -0.00261537 -0.00401438    0.353929
-0.00261537    0.111396   0.0579094  -0.0123584
-0.00401438   0.0579094    0.106274  -0.0137574
   0.353929  -0.0123584  -0.0137574     0.37388
IMAGINARY
          0 -0.00162861 -0.00850082 -0.00387188
 0.00162861           0 -0.00950392 -0.00518077
 0.00850082  0.00950392           0  0.00535995
 0.00387188  0.00518077 -0.00535995           0
EndNode2[0]<--->HoM1[0]
REAL
   0.433842  -0.0158358  -0.0173471    0.367164
 -0.0158358   0.0966921   0.0583408  0.00345824
 -0.0173471   0.0583408   0.0877863 -0.00184093
   0.367164  0.00345824 -0.00184093    0.381679
IMAGINARY
          0   0.0152254  -0.0122335   0.0014566
 -0.0152254           0   0.0231957  0.00955974
  0.0122335  -0.0231957           0  -0.0138885
 -0.0014566 -0.00955974   0.0138885           0
Repeater1[0]<--->EndNode1[0]
REAL
   0.408451 -0.00401438 -0.00261537    0.353929
-0.00401438    0.106274   0.0579094  -0.0137574
-0.00261537   0.0579094    0.111396  -0.0123584
   0.353929  -0.0137574  -0.0123584     0.37388
IMAGINARY
          0 -0.00850082 -0.00162861 -0.00387188
 0.00850082           0  0.00950392  0.00535995
 0.00162861 -0.00950392           0 -0.00518077
 0.00387188 -0.00535995  0.00518077           0
Repeater1[0]<--->HoM1[0]
REAL
   0.433842  -0.0173471  -0.0158358    0.367164
 -0.0173471   0.0877863   0.0583408 -0.00184093
 -0.0158358   0.0583408   0.0966921  0.00345824
   0.367164 -0.00184093  0.00345824    0.381679
IMAGINARY
          0  -0.0122335   0.0152254   0.0014566
  0.0122335           0  -0.0231957  -0.0138885
 -0.0152254   0.0231957           0  0.00955974
 -0.0014566   0.0138885 -0.00955974           0
EndNode1[0]<--->Repeater1[0]
REAL
    0.42126 -0.00148373   0.0233164    0.353741
-0.00148373    0.107612    0.050652  0.00769138
  0.0233164    0.050652    0.108924   0.0169876
   0.353741  0.00769138   0.0169876    0.362205
IMAGINARY
          0   -0.022775 -0.00217929   0.0178385
   0.022775           0 -0.00384354   0.0182668
 0.00217929  0.00384354           0   0.0131225
 -0.0178385  -0.0182668  -0.0131225           0
EndNode2[0]<--->HoM1[0]
REAL
   0.418431    0.002402  -0.0119571    0.352022
   0.002402   0.0921544   0.0604619   0.0151746
 -0.0119571   0.0604619    0.115816 -0.00690651
   0.352022   0.0151746 -0.00690651    0.373599
IMAGINARY
           0 -0.000334839   0.00362012   0.00895171
 0.000334839            0   0.00201603  -0.00489889
 -0.00362012  -0.00201603            0    0.0233527
 -0.00895171   0.00489889   -0.0233527            0
Repeater1[0]<--->EndNode1[0]
REAL
    0.42126   0.0233164 -0.00148373    0.353741
  0.0233164    0.108924    0.050652   0.0169876
-0.00148373    0.050652    0.107612  0.00769138
   0.353741   0.0169876  0.00769138    0.362205
IMAGINARY
          0 -0.00217929   -0.022775   0.0178385
 0.00217929           0  0.00384354   0.0131225
   0.022775 -0.00384354           0   0.0182668
 -0.0178385  -0.0131225  -0.0182668           0
Repeater1[0]<--->HoM1[0]
REAL
   0.418431  -0.0119571    0.002402    0.352022
 -0.0119571    0.115816   0.0604619 -0.00690651
   0.002402   0.0604619   0.0921544   0.0151746
   0.352022 -0.00690651   0.0151746    0.373599
IMAGINARY
           0   0.00362012 -0.000334839   0.00895171
 -0.00362012            0  -0.00201603    0.0233527
 0.000334839   0.00201603            0  -0.00489889
 -0.00895171   -0.0233527   0.00489889            0
EndNode1[0]<--->Repeater1[0]
REAL
  0.433719  0.0149096 0.00435195   0.359162
 0.0149096  0.0707851  0.0594135 0.00964296
0.00435195  0.0594135   0.119691 0.00926343
  0.359162 0.00964296 0.00926343   0.375804
IMAGINARY
          0   0.0325705 -0.00701737  0.00619194
 -0.0325705           0   -0.010497  0.00323904
 0.00701737    0.010497           0 -0.00486267
-0.00619194 -0.00323904  0.00486267           0
EndNode2[0]<--->HoM1[0]
REAL
    0.389987   0.00724515 -0.000814925     0.344774
  0.00724515    0.0843215    0.0584941   0.00931166
-0.000814925    0.0584941     0.102767   0.00909472
    0.344774   0.00931166   0.00909472     0.422925
IMAGINARY
          0   0.0194354  -0.0108952   -0.025528
 -0.0194354           0 -0.00441987  -0.0115322
  0.0108952  0.00441987           0  0.00826912
   0.025528   0.0115322 -0.00826912           0
Repeater1[0]<--->EndNode1[0]
REAL
  0.433719 0.00435195  0.0149096   0.359162
0.00435195   0.119691  0.0594135 0.00926343
 0.0149096  0.0594135  0.0707851 0.00964296
  0.359162 0.00926343 0.00964296   0.375804
IMAGINARY
          0 -0.00701737   0.0325705  0.00619194
 0.00701737           0    0.010497 -0.00486267
 -0.0325705   -0.010497           0  0.00323904
-0.00619194  0.00486267 -0.00323904           0
Repeater1[0]<--->HoM1[0]
REAL
    0.389987 -0.000814925   0.00724515     0.344774
-0.000814925     0.102767    0.0584941   0.00909472
  0.00724515    0.0584941    0.0843215   0.00931166
    0.344774   0.00909472   0.00931166     0.422925
IMAGINARY
          0  -0.0108952   0.0194354   -0.025528
  0.0108952           0  0.00441987  0.00826912
 -0.0194354 -0.00441987           0  -0.0115322
   0.025528 -0.00826912   0.0115322           0
EndNode1[0]<--->Repeater1[0]
REAL
   0.416562   0.0146567  0.00979772    0.351318
  0.0146567    0.105395   0.0665077  0.00979772
 0.00979772   0.0665077     0.10665 -0.00138236
   0.351318  0.00979772 -0.00138236    0.371393
IMAGINARY
          0 -0.00412154  0.00416589   0.0079128
 0.00412154           0  -0.0150464  0.00216322
-0.00416589   0.0150464           0  0.00791901
 -0.0079128 -0.00216322 -0.00791901           0
EndNode2[0]<--->HoM1[0]
REAL
  0.425197  0.0148014  0.0121049   0.362119
 0.0148014   0.102362  0.0618505 -0.0056616
 0.0121049  0.0618505  0.0853018 0.00066255
  0.362119 -0.0056616 0.00066255   0.387139
IMAGINARY
           0   -0.0146685 -0.000499495    0.0107004
   0.0146685            0    0.0107004  -0.00620292
 0.000499495   -0.0107004            0  -0.00946018
  -0.0107004   0.00620292   0.00946018            0
Repeater1[0]<--->EndNode1[0]
REAL
   0.416562  0.00979772   0.0146567    0.351318
 0.00979772     0.10665   0.0665077 -0.00138236
  0.0146567   0.0665077    0.105395  0.00979772
   0.351318 -0.00138236  0.00979772    0.371393
IMAGINARY
          0  0.00416589 -0.00412154   0.0079128
-0.00416589           0   0.0150464  0.00791901
 0.00412154  -0.0150464           0  0.00216322
 -0.0079128 -0.00791901 -0.00216322           0
Repeater1[0]<--->HoM1[0]
REAL
  0.425197  0.0121049  0.0148014   0.362119
 0.0121049  0.0853018  0.0618505 0.00066255
 0.0148014  0.0618505   0.102362 -0.0056616
  0.362119 0.00066255 -0.0056616   0.387139
IMAGINARY
           0 -0.000499495   -0.0146685    0.0107004
 0.000499495            0   -0.0107004  -0.00946018
   0.0146685    0.0107004            0  -0.00620292
  -0.0107004   0.00946018   0.00620292            0
EndNode1[0]<--->Repeater1[0]
REAL
   0.404632  0.00583013 -0.00404649    0.357499
 0.00583013    0.099455   0.0608413  0.00605452
-0.00404649   0.0608413    0.100817 -0.00248341
   0.357499  0.00605452 -0.00248341    0.395095
IMAGINARY
          0  0.00895266  -0.0131283   0.0140495
-0.00895266           0  0.00626506   0.0173065
  0.0131283 -0.00626506           0  -0.0159164
 -0.0140495  -0.0173065   0.0159164           0
EndNode2[0]<--->HoM1[0]
REAL
  0.418394 0.00932907   0.012607   0.361052
0.00932907  0.0841969  0.0691226  0.0098369
  0.012607  0.0691226   0.106218  0.0106211
  0.361052  0.0098369  0.0106211   0.391192
IMAGINARY
          0 -0.00799193   0.0315445  0.00195126
 0.00799193           0  -0.0141778   0.0321377
 -0.0315445   0.0141778           0  -0.0241644
-0.00195126  -0.0321377   0.0241644           0
Repeater1[0]<--->EndNode1[0]
REAL
   0.404632 -0.00404649  0.00583013    0.357499
-0.00404649    0.100817   0.0608413 -0.00248341
 0.00583013   0.0608413    0.099455  0.00605452
   0.357499 -0.00248341  0.00605452    0.395095
IMAGINARY
          0  -0.0131283  0.00895266   0.0140495
  0.0131283           0 -0.00626506  -0.0159164
-0.00895266  0.00626506           0   0.0173065
 -0.0140495   0.0159164  -0.0173065           0
Repeater1[0]<--->HoM1[0]
REAL
  0.418394   0.012607 0.00932907   0.361052
  0.012607   0.106218  0.0691226  0.0106211
0.00932907  0.0691226  0.0841969  0.0098369
  0.361052  0.0106211  0.0098369   0.391192
IMAGINARY
          0   0.0315445 -0.00799193  0.00195126
 -0.0315445           0   0.0141778  -0.0241644
 0.00799193  -0.0141778           0   0.0321377
-0.00195126   0.0241644  -0.0321377           0
EndNode1[0]<--->Repeater1[0]
REAL
   0.374036   0.0013483  0.00397886    0.341327
  0.0013483   0.0976864   0.0763203 -0.00332526
 0.00397886   0.0763203    0.115681  0.00584124
   0.341327 -0.00332526  0.00584124    0.412596
IMAGINARY
          0  0.00478927  -0.0260336  0.00642859
-0.00478927           0 -0.00176813  0.00879225
  0.0260336  0.00176813           0  0.00478927
-0.00642859 -0.00879225 -0.00478927           0
EndNode2[0]<--->HoM1[0]
REAL
   0.421053 6.42603e-05  0.00869671    0.343427
6.42603e-05         0.1   0.0650697  0.00372159
 0.00869671   0.0650697   0.0855263    0.012354
   0.343427  0.00372159    0.012354    0.393421
IMAGINARY
           0  0.000365974  -0.00147442    -0.013987
-0.000365974            0   0.00654282  -0.00569637
  0.00147442  -0.00654282            0    0.0172351
    0.013987   0.00569637   -0.0172351            0
Repeater1[0]<--->EndNode1[0]
REAL
   0.374036  0.00397886   0.0013483    0.341327
 0.00397886    0.115681   0.0763203  0.00584124
  0.0013483   0.0763203   0.0976864 -0.00332526
   0.341327  0.00584124 -0.00332526    0.412596
IMAGINARY
          0  -0.0260336  0.00478927  0.00642859
  0.0260336           0  0.00176813  0.00478927
-0.00478927 -0.00176813           0  0.00879225
-0.00642859 -0.00478927 -0.00879225           0
Repeater1[0]<--->HoM1[0]
REAL
   0.421053  0.00869671 6.42603e-05    0.343427
 0.00869671   0.0855263   0.0650697    0.012354
6.42603e-05   0.0650697         0.1  0.00372159
   0.343427    0.012354  0.00372159    0.393421
IMAGINARY
           0  -0.00147442  0.000365974    -0.013987
  0.00147442            0  -0.00654282    0.0172351
-0.000365974   0.00654282            0  -0.00569637
    0.013987   -0.0172351   0.00569637            0
EndNode1[0]<--->Repeater1[0]
REAL
   0.379747 -0.00583342 -0.00898424    0.344857
-0.00583342     0.13038   0.0721293  0.00834567
-0.00898424   0.0721293    0.106329   0.0166891
   0.344857  0.00834567   0.0166891    0.383544
IMAGINARY
          0  -0.0143594 -0.00540536   -0.022205
  0.0143594           0 -0.00773131   0.0192942
 0.00540536  0.00773131           0   0.0206725
   0.022205  -0.0192942  -0.0206725           0
EndNode2[0]<--->HoM1[0]
REAL
   0.397078 -0.00109874   -0.010276    0.366394
-0.00109874   0.0956175   0.0569983   0.0150639
  -0.010276   0.0569983    0.108898 -0.00232123
   0.366394   0.0150639 -0.00232123    0.398406
IMAGINARY
          0 -0.00938257  0.00383714 -0.00598814
 0.00938257           0  0.00170417   0.0277065
-0.00383714 -0.00170417           0 -0.00605367
 0.00598814  -0.0277065  0.00605367           0
Repeater1[0]<--->EndNode1[0]
REAL
   0.379747 -0.00898424 -0.00583342    0.344857
-0.00898424    0.106329   0.0721293   0.0166891
-0.00583342   0.0721293     0.13038  0.00834567
   0.344857   0.0166891  0.00834567    0.383544
IMAGINARY
          0 -0.00540536  -0.0143594   -0.022205
 0.00540536           0  0.00773131   0.0206725
  0.0143594 -0.00773131           0   0.0192942
   0.022205  -0.0206725  -0.0192942           0
Repeater1[0]<--->HoM1[0]
REAL
   0.397078   -0.010276 -0.00109874    0.366394
  -0.010276    0.108898   0.0569983 -0.00232123
-0.00109874   0.0569983   0.0956175   0.0150639
   0.366394 -0.00232123   0.0150639    0.398406
IMAGINARY
          0  0.00383714 -0.00938257 -0.00598814
-0.00383714           0 -0.00170417 -0.00605367
 0.00938257  0.00170417           0   0.0277065
 0.00598814  0.00605367  -0.0277065           0
EndNode1[0]<--->Repeater1[0]
REAL
   0.388441   0.0137241  0.00250881    0.370922
  0.0137241    0.115591    0.060779 -0.00508613
 0.00250881    0.060779       0.125 -0.00470345
   0.370922 -0.00508613 -0.00470345    0.370968
IMAGINARY
           0    0.0147974  -0.00967594  0.000669279
  -0.0147974            0  3.39554e-05   0.00512457
  0.00967594 -3.39554e-05            0   -0.0128468
-0.000669279  -0.00512457    0.0128468            0
EndNode2[0]<--->HoM1[0]
REAL
  0.382732 0.00300344  0.0036661   0.355192
0.00300344  0.0940722  0.0700882 -0.0167421
 0.0036661  0.0700882   0.100515 -0.0210607
  0.355192 -0.0167421 -0.0210607    0.42268
IMAGINARY
          0   0.0073686 -0.00601013   0.0160803
 -0.0073686           0  0.00186842   0.0188306
 0.00601013 -0.00186842           0  -0.0275151
 -0.0160803  -0.0188306   0.0275151           0
Repeater1[0]<--->EndNode1[0]
REAL
   0.388441  0.00250881   0.0137241    0.370922
 0.00250881       0.125    0.060779 -0.00470345
  0.0137241    0.060779    0.115591 -0.00508613
   0.370922 -0.00470345 -0.00508613    0.370968
IMAGINARY
           0  -0.00967594    0.0147974  0.000669279
  0.00967594            0 -3.39554e-05   -0.0128468
  -0.0147974  3.39554e-05            0   0.00512457
-0.000669279    0.0128468  -0.00512457            0
Repeater1[0]<--->HoM1[0]
REAL
  0.382732  0.0036661 0.00300344   0.355192
 0.0036661   0.100515  0.0700882 -0.0210607
0.00300344  0.0700882  0.0940722 -0.0167421
  0.355192 -0.0210607 -0.0167421    0.42268
IMAGINARY
          0 -0.00601013   0.0073686   0.0160803
 0.00601013           0 -0.00186842  -0.0275151
 -0.0073686  0.00186842           0   0.0188306
 -0.0160803   0.0275151  -0.0188306           0
EndNode1[0]<--->Repeater1[0]
REAL
   0.359494 -0.00906044  0.00182559    0.350636
-0.00906044    0.107595   0.0769783 -0.00584704
 0.00182559   0.0769783    0.111392 -0.00300391
   0.350636 -0.00584704 -0.00300391    0.421519
IMAGINARY
           0  0.000916426    0.0266093  -0.00133465
-0.000916426            0   0.00321671   0.00919635
  -0.0266093  -0.00321671            0   -0.0124254
  0.00133465  -0.00919635    0.0124254            0
EndNode2[0]<--->HoM1[0]
REAL
  0.403871 0.00342028 0.00966697   0.356959
0.00342028   0.104516  0.0574665 0.00255797
0.00966697  0.0574665   0.112258  0.0014697
  0.356959 0.00255797  0.0014697   0.379355
IMAGINARY
          0  -0.0257511   0.0159611  -0.0214705
  0.0257511           0    0.018685  0.00307447
 -0.0159611   -0.018685           0   -0.013589
  0.0214705 -0.00307447    0.013589           0
Repeater1[0]<--->EndNode1[0]
REAL
   0.359494  0.00182559 -0.00906044    0.350636
 0.00182559    0.111392   0.0769783 -0.00300391
-0.00906044   0.0769783    0.107595 -0.00584704
   0.350636 -0.00300391 -0.00584704    0.421519
IMAGINARY
           0    0.0266093  0.000916426  -0.00133465
  -0.0266093            0  -0.00321671   -0.0124254
-0.000916426   0.00321671            0   0.00919635
  0.00133465    0.0124254  -0.00919635            0
Repeater1[0]<--->HoM1[0]
REAL
  0.403871 0.00966697 0.00342028   0.356959
0.00966697   0.112258  0.0574665  0.0014697
0.00342028  0.0574665   0.104516 0.00255797
  0.356959  0.0014697 0.00255797   0.379355
IMAGINARY
          0   0.0159611  -0.0257511  -0.0214705
 -0.0159611           0   -0.018685   -0.013589
  0.0257511    0.018685           0  0.00307447
  0.0214705    0.013589 -0.00307447           0
EndNode1[0]<--->Repeater1[0]
REAL
  0.417098 -0.0161013 -0.0131339    0.34844
-0.0161013   0.102332  0.0565027 -0.0217204
-0.0131339  0.0565027  0.0893782 -0.0124158
   0.34844 -0.0217204 -0.0124158   0.391192
IMAGINARY
          0  -0.0140751 -0.00157284   0.0204857
  0.0140751           0  0.00832353  0.00742459
 0.00157284 -0.00832353           0   0.0134249
 -0.0204857 -0.00742459  -0.0134249           0
EndNode2[0]<--->HoM1[0]
REAL
   0.391026 -0.00106488 -0.00310067    0.354111
-0.00106488    0.105128   0.0637889   0.0158867
-0.00310067   0.0637889    0.107692  0.00442962
   0.354111   0.0158867  0.00442962    0.396154
IMAGINARY
           0  -0.00233901  0.000219036  -0.00618504
  0.00233901            0  -0.00742882   0.00515731
-0.000219036   0.00742882            0     0.018468
