EndNode1[0]<--->Repeater1[0]
REAL
    0.45599  -0.0124739   0.0153103    0.405542
 -0.0124739   0.0415648   0.0251774 -0.00681358
  0.0153103   0.0251774   0.0611247   0.0144347
   0.405542 -0.00681358   0.0144347     0.44132
IMAGINARY
          0  -0.0284949 -0.00482145  0.00679295
  0.0284949           0 -0.00812274  0.00287086
 0.00482145  0.00812274           0   0.0304455
-0.00679295 -0.00287086  -0.0304455           0
EndNode2[0]<--->HoM1[0]
REAL
    0.46063  -0.0111916 -0.00239244    0.403156
 -0.0111916   0.0564304   0.0226682 -0.00172843
-0.00239244   0.0226682   0.0433071  -0.0176546
   0.403156 -0.00172843  -0.0176546    0.439633
IMAGINARY
          0 -0.00443021  0.00311749 -0.00516864
 0.00443021           0   0.0281647  0.00663861
-0.00311749  -0.0281647           0  0.00686923
 0.00516864 -0.00663861 -0.00686923           0
Repeater1[0]<--->EndNode1[0]
REAL
    0.45599   0.0153103  -0.0124739    0.405542
  0.0153103   0.0611247   0.0251774   0.0144347
 -0.0124739   0.0251774   0.0415648 -0.00681358
   0.405542   0.0144347 -0.00681358     0.44132
IMAGINARY
          0 -0.00482145  -0.0284949  0.00679295
 0.00482145           0  0.00812274   0.0304455
  0.0284949 -0.00812274           0  0.00287086
-0.00679295  -0.0304455 -0.00287086           0
Repeater1[0]<--->HoM1[0]
REAL
    0.46063 -0.00239244  -0.0111916    0.403156
-0.00239244   0.0433071   0.0226682  -0.0176546
 -0.0111916   0.0226682   0.0564304 -0.00172843
   0.403156  -0.0176546 -0.00172843    0.439633
IMAGINARY
          0  0.00311749 -0.00443021 -0.00516864
-0.00311749           0  -0.0281647  0.00686923
 0.00443021   0.0281647           0  0.00663861
 0.00516864 -0.00686923 -0.00663861           0
EndNode1[0]<--->Repeater1[0]
REAL
   0.455471 0.000641849   0.0144693    0.405411
0.000641849    0.062341   0.0149999  -0.0163949
  0.0144693   0.0149999   0.0559796 -0.00256739
   0.405411  -0.0163949 -0.00256739    0.426209
IMAGINARY
          0   0.0100522  -0.0225214 -0.00699292
 -0.0100522           0 -0.00893845  -0.0154611
  0.0225214  0.00893845           0   0.0179677
 0.00699292   0.0154611  -0.0179677           0
EndNode2[0]<--->HoM1[0]
REAL
  0.433766 0.00238256 0.00275636   0.402407
0.00238256  0.0532468  0.0231386 -0.0200863
0.00275636  0.0231386  0.0558442  -0.029982
  0.402407 -0.0200863  -0.029982   0.457143
IMAGINARY
          0 -0.00659233  -0.0082778  0.00161645
 0.00659233           0  -0.0047611   0.0155949
  0.0082778   0.0047611           0 -0.00194426
-0.00161645  -0.0155949  0.00194426           0
Repeater1[0]<--->EndNode1[0]
REAL
   0.455471   0.0144693 0.000641849    0.405411
  0.0144693   0.0559796   0.0149999 -0.00256739
0.000641849   0.0149999    0.062341  -0.0163949
   0.405411 -0.00256739  -0.0163949    0.426209
IMAGINARY
          0  -0.0225214   0.0100522 -0.00699292
  0.0225214           0  0.00893845   0.0179677
 -0.0100522 -0.00893845           0  -0.0154611
 0.00699292  -0.0179677   0.0154611           0
Repeater1[0]<--->HoM1[0]
REAL
  0.433766 0.00275636 0.00238256   0.402407
0.00275636  0.0558442  0.0231386  -0.029982
0.00238256  0.0231386  0.0532468 -0.0200863
  0.402407  -0.029982 -0.0200863   0.457143
IMAGINARY
          0  -0.0082778 -0.00659233  0.00161645
  0.0082778           0   0.0047611 -0.00194426
 0.00659233  -0.0047611           0   0.0155949
-0.00161645  0.00194426  -0.0155949           0
EndNode1[0]<--->Repeater1[0]
REAL
   0.453608 -6.6454e-05  0.00453546    0.393643
-6.6454e-05    0.060567   0.0204985 -0.00706072
 0.00453546   0.0204985   0.0373711  -0.0024588
   0.393643 -0.00706072  -0.0024588    0.448454
IMAGINARY
           0   -0.0335177   -0.0177653   0.00948801
   0.0335177            0  0.000716076    0.0319353
   0.0177653 -0.000716076            0   0.00585238
 -0.00948801   -0.0319353  -0.00585238            0
EndNode2[0]<--->HoM1[0]
REAL
   0.462103  0.00179855   0.0151123    0.404621
 0.00179855   0.0464548   0.0266032  -0.0116735
  0.0151123   0.0266032   0.0623472 -0.00386183
   0.404621  -0.0116735 -0.00386183    0.429095
IMAGINARY
           0   0.00518806   0.00125021  -0.00447841
 -0.00518806            0    0.0101104   0.00446771
 -0.00125021   -0.0101104            0 -0.000740793
  0.00447841  -0.00446771  0.000740793            0
Repeater1[0]<--->EndNode1[0]
REAL
   0.453608  0.00453546 -6.6454e-05    0.393643
 0.00453546   0.0373711   0.0204985  -0.0024588
-6.6454e-05   0.0204985    0.060567 -0.00706072
   0.393643  -0.0024588 -0.00706072    0.448454
IMAGINARY
           0   -0.0177653   -0.0335177   0.00948801
   0.0177653            0 -0.000716076   0.00585238
   0.0335177  0.000716076            0    0.0319353
 -0.00948801  -0.00585238   -0.0319353            0
Repeater1[0]<--->HoM1[0]
REAL
   0.462103   0.0151123  0.00179855    0.404621
  0.0151123   0.0623472   0.0266032 -0.00386183
 0.00179855   0.0266032   0.0464548  -0.0116735
   0.404621 -0.00386183  -0.0116735    0.429095
IMAGINARY
           0   0.00125021   0.00518806  -0.00447841
 -0.00125021            0   -0.0101104 -0.000740793
 -0.00518806    0.0101104            0   0.00446771
  0.00447841  0.000740793  -0.00446771            0
EndNode1[0]<--->Repeater1[0]
REAL
   0.437037  0.00333228 -0.00497163    0.400201
 0.00333228   0.0518519    0.028664  0.00428763
-0.00497163    0.028664   0.0469136 -0.00948823
   0.400201  0.00428763 -0.00948823    0.464198
IMAGINARY
          0  0.00570445 -0.00418275 -0.00955684
-0.00570445           0   0.0190146  0.00418275
 0.00418275  -0.0190146           0  0.00437112
 0.00955684 -0.00418275 -0.00437112           0
EndNode2[0]<--->HoM1[0]
REAL
   0.453532  -0.0142229 -0.00397878    0.400848
 -0.0142229   0.0520446   0.0235556  -0.0159151
-0.00397878   0.0235556   0.0557621  -0.0123023
   0.400848  -0.0159151  -0.0123023    0.438662
IMAGINARY
           0   -0.0154889    0.0184356 -0.000766396
   0.0154889            0      0.01669    0.0288141
  -0.0184356     -0.01669            0   -0.0275294
 0.000766396   -0.0288141    0.0275294            0
Repeater1[0]<--->EndNode1[0]
REAL
   0.437037 -0.00497163  0.00333228    0.400201
-0.00497163   0.0469136    0.028664 -0.00948823
 0.00333228    0.028664   0.0518519  0.00428763
   0.400201 -0.00948823  0.00428763    0.464198
IMAGINARY
          0 -0.00418275  0.00570445 -0.00955684
 0.00418275           0  -0.0190146  0.00437112
-0.00570445   0.0190146           0  0.00418275
 0.00955684 -0.00437112 -0.00418275           0
Repeater1[0]<--->HoM1[0]
REAL
   0.453532 -0.00397878  -0.0142229    0.400848
-0.00397878   0.0557621   0.0235556  -0.0123023
 -0.0142229   0.0235556   0.0520446  -0.0159151
   0.400848  -0.0123023  -0.0159151    0.438662
IMAGINARY
           0    0.0184356   -0.0154889 -0.000766396
  -0.0184356            0     -0.01669   -0.0275294
   0.0154889      0.01669            0    0.0288141
 0.000766396    0.0275294   -0.0288141            0
EndNode1[0]<--->Repeater1[0]
REAL
   0.471814  -0.0071432 -0.00969935    0.411256
 -0.0071432    0.057598   0.0241375  0.00267688
-0.00969935   0.0241375   0.0539216 0.000120725
   0.411256  0.00267688 0.000120725    0.416667
IMAGINARY
           0  0.000434625    0.0249355   0.00303386
-0.000434625            0   0.00373121   -0.0202874
  -0.0249355  -0.00373121            0   0.00952553
 -0.00303386    0.0202874  -0.00952553            0
EndNode2[0]<--->HoM1[0]
REAL
    0.439299    0.0132965 -8.88378e-05     0.396076
   0.0132965    0.0550688    0.0269052    0.0131323
-8.88378e-05    0.0269052    0.0375469  -0.00522199
    0.396076    0.0131323  -0.00522199     0.468085
IMAGINARY
         0 -0.0014109  0.0216603 -0.0207519
 0.0014109          0 -0.0226725  0.0120184
-0.0216603  0.0226725          0 -0.0283819
 0.0207519 -0.0120184  0.0283819          0
Repeater1[0]<--->EndNode1[0]
REAL
   0.471814 -0.00969935  -0.0071432    0.411256
-0.00969935   0.0539216   0.0241375 0.000120725
 -0.0071432   0.0241375    0.057598  0.00267688
   0.411256 0.000120725  0.00267688    0.416667
IMAGINARY
           0    0.0249355  0.000434625   0.00303386
  -0.0249355            0  -0.00373121   0.00952553
-0.000434625   0.00373121            0   -0.0202874
 -0.00303386  -0.00952553    0.0202874            0
Repeater1[0]<--->HoM1[0]
REAL
    0.439299 -8.88378e-05    0.0132965     0.396076
-8.88378e-05    0.0375469    0.0269052  -0.00522199
   0.0132965    0.0269052    0.0550688    0.0131323
    0.396076  -0.00522199    0.0131323     0.468085
IMAGINARY
         0  0.0216603 -0.0014109 -0.0207519
-0.0216603          0  0.0226725 -0.0283819
 0.0014109 -0.0226725          0  0.0120184
 0.0207519  0.0283819 -0.0120184          0
EndNode1[0]<--->Repeater1[0]
REAL
    0.453278 -0.000306347    0.0209568     0.400914
-0.000306347    0.0474198    0.0124622  -0.00503327
   0.0209568    0.0124622    0.0502092   0.00603883
    0.400914  -0.00503327   0.00603883     0.449093
IMAGINARY
          0   0.0110851   0.0030306    0.012048
 -0.0110851           0  -0.0126915  -0.0174663
 -0.0030306   0.0126915           0  0.00728762
  -0.012048   0.0174663 -0.00728762           0
EndNode2[0]<--->HoM1[0]
REAL
  0.468514 0.00873928 -0.0021716   0.417263
0.00873928  0.0503778  0.0131714 0.00155048
-0.0021716  0.0131714  0.0554156 0.00554643
  0.417263 0.00155048 0.00554643   0.425693
IMAGINARY
           0   0.00390229  -0.00800289   0.00997131
 -0.00390229            0     0.011319  -0.00734238
  0.00800289    -0.011319            0 -6.59684e-05
 -0.00997131   0.00734238  6.59684e-05            0
Repeater1[0]<--->EndNode1[0]
REAL
    0.453278    0.0209568 -0.000306347     0.400914
   0.0209568    0.0502092    0.0124622   0.00603883
-0.000306347    0.0124622    0.0474198  -0.00503327
    0.400914   0.00603883  -0.00503327     0.449093
IMAGINARY
          0   0.0030306   0.0110851    0.012048
 -0.0030306           0   0.0126915  0.00728762
 -0.0110851  -0.0126915           0  -0.0174663
  -0.012048 -0.00728762   0.0174663           0
Repeater1[0]<--->HoM1[0]
REAL
  0.468514 -0.0021716 0.00873928   0.417263
-0.0021716  0.0554156  0.0131714 0.00554643
0.00873928  0.0131714  0.0503778 0.00155048
  0.417263 0.00554643 0.00155048   0.425693
IMAGINARY
           0  -0.00800289   0.00390229   0.00997131
  0.00800289            0    -0.011319 -6.59684e-05
 -0.00390229     0.011319            0  -0.00734238
 -0.00997131  6.59684e-05   0.00734238            0
EndNode1[0]<--->Repeater1[0]
REAL
  0.458716  0.0178589 0.00650672   0.395638
 0.0178589   0.051114  0.0148094  0.0133938
0.00650672  0.0148094  0.0537353  0.0119919
  0.395638  0.0133938  0.0119919   0.436435
IMAGINARY
         0  0.0110153   0.022704 -0.0193677
-0.0110153          0 -0.0143044  -0.011046
 -0.022704  0.0143044          0 -0.0149013
 0.0193677   0.011046  0.0149013          0
EndNode2[0]<--->HoM1[0]
REAL
       0.425 -0.000398175    0.0160979      0.39752
-0.000398175    0.0592105   0.00197716    -0.021123
   0.0160979   0.00197716    0.0776316    0.0054233
     0.39752    -0.021123    0.0054233     0.438158
IMAGINARY
           0    0.0113678   -0.0102476   0.00896564
  -0.0113678            0    0.0230072  0.000498294
   0.0102476   -0.0230072            0   -0.0085823
 -0.00896564 -0.000498294    0.0085823            0
Repeater1[0]<--->EndNode1[0]
REAL
  0.458716 0.00650672  0.0178589   0.395638
0.00650672  0.0537353  0.0148094  0.0119919
 0.0178589  0.0148094   0.051114  0.0133938
  0.395638  0.0119919  0.0133938   0.436435
IMAGINARY
         0   0.022704  0.0110153 -0.0193677
 -0.022704          0  0.0143044 -0.0149013
-0.0110153 -0.0143044          0  -0.011046
 0.0193677  0.0149013   0.011046          0
Repeater1[0]<--->HoM1[0]
REAL
       0.425    0.0160979 -0.000398175      0.39752
   0.0160979    0.0776316   0.00197716    0.0054233
-0.000398175   0.00197716    0.0592105    -0.021123
     0.39752    0.0054233    -0.021123     0.438158
IMAGINARY
           0   -0.0102476    0.0113678   0.00896564
   0.0102476            0   -0.0230072   -0.0085823
  -0.0113678    0.0230072            0  0.000498294
 -0.00896564    0.0085823 -0.000498294            0
EndNode1[0]<--->Repeater1[0]
REAL
  0.421053 0.00226451 0.00654295   0.400065
0.00226451  0.0588972  0.0125812 0.00193162
0.00654295  0.0125812   0.047619 0.00751385
  0.400065 0.00193162 0.00751385   0.472431
IMAGINARY
          0  -0.0102939   0.0149011 -0.00634038
  0.0102939           0    0.017704  0.00343012
 -0.0149011   -0.017704           0   0.0134545
 0.00634038 -0.00343012  -0.0134545           0
EndNode2[0]<--->HoM1[0]
REAL
 0.456163  0.018949 0.0048874  0.390028
 0.018949 0.0495553 0.0142275 0.0243679
0.0048874 0.0142275 0.0584498  0.018285
 0.390028 0.0243679  0.018285  0.435832
IMAGINARY
          0   0.0126959 -0.00259396   0.0204617
 -0.0126959           0   0.0143642  -0.0121307
 0.00259396  -0.0143642           0  0.00330919
 -0.0204617   0.0121307 -0.00330919           0
Repeater1[0]<--->EndNode1[0]
REAL
  0.421053 0.00654295 0.00226451   0.400065
0.00654295   0.047619  0.0125812 0.00751385
0.00226451  0.0125812  0.0588972 0.00193162
  0.400065 0.00751385 0.00193162   0.472431
IMAGINARY
          0   0.0149011  -0.0102939 -0.00634038
 -0.0149011           0   -0.017704   0.0134545
  0.0102939    0.017704           0  0.00343012
 0.00634038  -0.0134545 -0.00343012           0
Repeater1[0]<--->HoM1[0]
REAL
 0.456163 0.0048874  0.018949  0.390028
0.0048874 0.0584498 0.0142275  0.018285
 0.018949 0.0142275 0.0495553 0.0243679
 0.390028  0.018285 0.0243679  0.435832
IMAGINARY
          0 -0.00259396   0.0126959   0.0204617
 0.00259396           0  -0.0143642  0.00330919
 -0.0126959   0.0143642           0  -0.0121307
 -0.0204617 -0.00330919   0.0121307           0
EndNode1[0]<--->Repeater1[0]
REAL
   0.438503  0.00638724  -0.0066484    0.401327
 0.00638724   0.0467914   0.0303183 -0.00600983
 -0.0066484   0.0303183   0.0574866 -0.00891888
   0.401327 -0.00600983 -0.00891888    0.457219
IMAGINARY
           0  0.000603784    -0.009054  -0.00393133
-0.000603784            0   -0.0139715   0.00202974
    0.009054    0.0139715            0   0.00514334
  0.00393133  -0.00202974  -0.00514334            0
EndNode2[0]<--->HoM1[0]
REAL
   0.491848  0.00126743 -0.00824998    0.397394
 0.00126743   0.0502717   0.0138861    0.012686
-0.00824998   0.0138861    0.048913 0.000633714
   0.397394    0.012686 0.000633714    0.408967
IMAGINARY
          0  0.00271488    0.026305   0.0103034
-0.00271488           0  -0.0116089   0.0195065
  -0.026305   0.0116089           0  -0.0445997
 -0.0103034  -0.0195065   0.0445997           0
Repeater1[0]<--->EndNode1[0]
REAL
   0.438503  -0.0066484  0.00638724    0.401327
 -0.0066484   0.0574866   0.0303183 -0.00891888
 0.00638724   0.0303183   0.0467914 -0.00600983
   0.401327 -0.00891888 -0.00600983    0.457219
IMAGINARY
           0    -0.009054  0.000603784  -0.00393133
    0.009054            0    0.0139715   0.00514334
-0.000603784   -0.0139715            0   0.00202974
  0.00393133  -0.00514334  -0.00202974            0
Repeater1[0]<--->HoM1[0]
REAL
   0.491848 -0.00824998  0.00126743    0.397394
-0.00824998    0.048913   0.0138861 0.000633714
 0.00126743   0.0138861   0.0502717    0.012686
   0.397394 0.000633714    0.012686    0.408967
IMAGINARY
          0    0.026305  0.00271488   0.0103034
  -0.026305           0   0.0116089  -0.0445997
-0.00271488  -0.0116089           0   0.0195065
 -0.0103034   0.0445997  -0.0195065           0
EndNode1[0]<--->Repeater1[0]
REAL
   0.477027 -0.00959723  -0.0131362    0.414602
-0.00959723   0.0513514   0.0134467  -0.0210102
 -0.0131362   0.0134467   0.0445946  -0.0282076
   0.414602  -0.0210102  -0.0282076    0.427027
IMAGINARY
          0   0.0166802 -0.00161693  0.00212629
 -0.0166802           0   0.0146263 -0.00801079
 0.00161693  -0.0146263           0 -0.00576878
-0.00212629  0.00801079  0.00576878           0
EndNode2[0]<--->HoM1[0]
REAL
  0.44086 0.0123189 0.0125284  0.402805
0.0123189 0.0489845 0.0282758 0.0172013
0.0125284 0.0282758 0.0561529 0.0160595
 0.402805 0.0172013 0.0160595  0.454002
IMAGINARY
          0  -0.0103513  0.00172339    0.008615
  0.0103513           0  -0.0206471    0.011451
-0.00172339   0.0206471           0  -0.0103513
  -0.008615   -0.011451   0.0103513           0
Repeater1[0]<--->EndNode1[0]
REAL
   0.477027  -0.0131362 -0.00959723    0.414602
 -0.0131362   0.0445946   0.0134467  -0.0282076
-0.00959723   0.0134467   0.0513514  -0.0210102
   0.414602  -0.0282076  -0.0210102    0.427027
IMAGINARY
          0 -0.00161693   0.0166802  0.00212629
 0.00161693           0  -0.0146263 -0.00576878
 -0.0166802   0.0146263           0 -0.00801079
-0.00212629  0.00576878  0.00801079           0
Repeater1[0]<--->HoM1[0]
REAL
  0.44086 0.0125284 0.0123189  0.402805
0.0125284 0.0561529 0.0282758 0.0160595
0.0123189 0.0282758 0.0489845 0.0172013
 0.402805 0.0160595 0.0172013  0.454002
IMAGINARY
          0  0.00172339  -0.0103513    0.008615
-0.00172339           0   0.0206471  -0.0103513
  0.0103513  -0.0206471           0    0.011451
  -0.008615   0.0103513   -0.011451           0
EndNode1[0]<--->Repeater1[0]
REAL
   0.455128 0.000871966  0.00559484    0.408227
0.000871966   0.0576923   0.0200602   0.0030373
 0.00559484   0.0200602   0.0551282  0.00510413
   0.408227   0.0030373  0.00510413    0.432051
IMAGINARY
           0   0.00250412    0.0104727  0.000419995
 -0.00250412            0   0.00236552   -0.0098225
  -0.0104727  -0.00236552            0  -0.00575509
-0.000419995    0.0098225   0.00575509            0
EndNode2[0]<--->HoM1[0]
REAL
   0.423423 -0.00141543 -0.00341381    0.408987
-0.00141543   0.0682111   0.0184016   0.0104202
-0.00341381   0.0184016   0.0566281  0.00969568
   0.408987   0.0104202  0.00969568    0.451737
IMAGINARY
          0 -0.00889316   0.0187858   0.0243025
 0.00889316           0 -0.00262054  -0.0124244
 -0.0187858  0.00262054           0 -0.00764628
 -0.0243025   0.0124244  0.00764628           0
Repeater1[0]<--->EndNode1[0]
REAL
   0.455128  0.00559484 0.000871966    0.408227
 0.00559484   0.0551282   0.0200602  0.00510413
0.000871966   0.0200602   0.0576923   0.0030373
   0.408227  0.00510413   0.0030373    0.432051
IMAGINARY
           0    0.0104727   0.00250412  0.000419995
  -0.0104727            0  -0.00236552  -0.00575509
 -0.00250412   0.00236552            0   -0.0098225
-0.000419995   0.00575509    0.0098225            0
Repeater1[0]<--->HoM1[0]
REAL
   0.423423 -0.00341381 -0.00141543    0.408987
-0.00341381   0.0566281   0.0184016  0.00969568
-0.00141543   0.0184016   0.0682111   0.0104202
   0.408987  0.00969568   0.0104202    0.451737
IMAGINARY
          0   0.0187858 -0.00889316   0.0243025
 -0.0187858           0  0.00262054 -0.00764628
 0.00889316 -0.00262054           0  -0.0124244
 -0.0243025  0.00764628   0.0124244           0
EndNode1[0]<--->Repeater1[0]
REAL
   0.475817   0.0112251 -0.00489212    0.406845
  0.0112251   0.0522876   0.0168193  0.00743665
-0.00489212   0.0168193    0.054902  0.00149751
   0.406845  0.00743665  0.00149751    0.416993
IMAGINARY
          0 -0.00407415  0.00201523  -0.0068482
 0.00407415           0  0.00293175  -0.0211968
-0.00201523 -0.00293175           0    0.038601
  0.0068482   0.0211968   -0.038601           0
EndNode2[0]<--->HoM1[0]
REAL
   0.436293 0.000634503 -0.00094339    0.403745
0.000634503   0.0527671  0.00523056   0.0015755
-0.00094339  0.00523056   0.0592021  0.00252605
   0.403745   0.0015755  0.00252605    0.451737
IMAGINARY
          0  0.00915904   0.0185769  -0.0175929
-0.00915904           0  0.00263836  -0.0062007
 -0.0185769 -0.00263836           0  -0.0066838
  0.0175929   0.0062007   0.0066838           0
Repeater1[0]<--->EndNode1[0]
REAL
   0.475817 -0.00489212   0.0112251    0.406845
-0.00489212    0.054902   0.0168193  0.00149751
  0.0112251   0.0168193   0.0522876  0.00743665
   0.406845  0.00149751  0.00743665    0.416993
IMAGINARY
          0  0.00201523 -0.00407415  -0.0068482
-0.00201523           0 -0.00293175    0.038601
 0.00407415  0.00293175           0  -0.0211968
  0.0068482   -0.038601   0.0211968           0
Repeater1[0]<--->HoM1[0]
REAL
   0.436293 -0.00094339 0.000634503    0.403745
-0.00094339   0.0592021  0.00523056  0.00252605
0.000634503  0.00523056   0.0527671   0.0015755
   0.403745  0.00252605   0.0015755    0.451737
IMAGINARY
          0   0.0185769  0.00915904  -0.0175929
 -0.0185769           0 -0.00263836  -0.0066838
-0.00915904  0.00263836           0  -0.0062007
  0.0175929   0.0066838   0.0062007           0
EndNode1[0]<--->Repeater1[0]
REAL
  0.434159 -0.0007139 -0.0187326   0.413333
-0.0007139  0.0586701  0.0294044 0.00476611
-0.0187326  0.0294044  0.0599739 -0.0174425
  0.413333 0.00476611 -0.0174425   0.447197
IMAGINARY
          0  0.00985085  -0.0150454  0.00247225
-0.00985085           0  0.00978933   0.0124944
  0.0150454 -0.00978933           0 -0.00092228
-0.00247225  -0.0124944  0.00092228           0
EndNode2[0]<--->HoM1[0]
REAL
   0.419481 -0.00924786  0.00186675    0.395202
-0.00924786   0.0545455     0.01619  0.00319654
 0.00186675     0.01619   0.0441558   0.0244377
   0.395202  0.00319654   0.0244377    0.481818
IMAGINARY
          0   0.0320136 -0.00140485  0.00695975
 -0.0320136           0  -0.0293097 -0.00970626
 0.00140485   0.0293097           0  -0.0184334
-0.00695975  0.00970626   0.0184334           0
Repeater1[0]<--->EndNode1[0]
REAL
  0.434159 -0.0187326 -0.0007139   0.413333
-0.0187326  0.0599739  0.0294044 -0.0174425
-0.0007139  0.0294044  0.0586701 0.00476611
  0.413333 -0.0174425 0.00476611   0.447197
IMAGINARY
          0  -0.0150454  0.00985085  0.00247225
  0.0150454           0 -0.00978933 -0.00092228
-0.00985085  0.00978933           0   0.0124944
-0.00247225  0.00092228  -0.0124944           0
Repeater1[0]<--->HoM1[0]
REAL
   0.419481  0.00186675 -0.00924786    0.395202
 0.00186675   0.0441558     0.01619   0.0244377
-0.00924786     0.01619   0.0545455  0.00319654
   0.395202   0.0244377  0.00319654    0.481818
IMAGINARY
          0 -0.00140485   0.0320136  0.00695975
 0.00140485           0   0.0293097  -0.0184334
 -0.0320136  -0.0293097           0 -0.00970626
-0.00695975   0.0184334  0.00970626           0
EndNode1[0]<--->Repeater1[0]
REAL
   0.453826   0.0132836  -0.0158925    0.393062
  0.0132836    0.055409    0.010928   0.0109049
 -0.0158925    0.010928   0.0514512 -0.00206166
   0.393062   0.0109049 -0.00206166    0.439314
IMAGINARY
          0 -0.00924452 -0.00103608 -0.00402853
 0.00924452           0 -0.00273654 -0.00888948
 0.00103608  0.00273654           0   0.0179294
 0.00402853  0.00888948  -0.0179294           0
EndNode2[0]<--->HoM1[0]
REAL
  0.454429  0.0319487  0.0155284    0.40256
 0.0319487  0.0487805  0.0136707  0.0263564
 0.0155284  0.0136707  0.0526316 0.00993612
   0.40256  0.0263564 0.00993612   0.444159
IMAGINARY
          0   0.0177709  -0.0304011   -0.040305
 -0.0177709           0 -0.00917414  0.00229649
  0.0304011  0.00917414           0  0.00379768
   0.040305 -0.00229649 -0.00379768           0
Repeater1[0]<--->EndNode1[0]
REAL
   0.453826  -0.0158925   0.0132836    0.393062
 -0.0158925   0.0514512    0.010928 -0.00206166
  0.0132836    0.010928    0.055409   0.0109049
   0.393062 -0.00206166   0.0109049    0.439314
IMAGINARY
          0 -0.00103608 -0.00924452 -0.00402853
 0.00103608           0  0.00273654   0.0179294
 0.00924452 -0.00273654           0 -0.00888948
 0.00402853  -0.0179294  0.00888948           0
Repeater1[0]<--->HoM1[0]
REAL
  0.454429  0.0155284  0.0319487    0.40256
 0.0155284  0.0526316  0.0136707 0.00993612
 0.0319487  0.0136707  0.0487805  0.0263564
   0.40256 0.00993612  0.0263564   0.444159
IMAGINARY
          0  -0.0304011   0.0177709   -0.040305
  0.0304011           0  0.00917414  0.00379768
 -0.0177709 -0.00917414           0  0.00229649
   0.040305 -0.00379768 -0.00229649           0
EndNode1[0]<--->Repeater1[0]
REAL
    0.443717   -0.0031946  -0.00785613     0.397985
  -0.0031946    0.0458115     0.024223 -0.000299454
 -0.00785613     0.024223    0.0562827   0.00256725
    0.397985 -0.000299454   0.00256725     0.454188
IMAGINARY
           0     -0.01684    0.0231063   -0.0130347
     0.01684            0  -0.00350479  0.000408528
  -0.0231063   0.00350479            0  -0.00419958
   0.0130347 -0.000408528   0.00419958            0
EndNode2[0]<--->HoM1[0]
REAL
    0.459677    0.0212466   0.00929385     0.410458
   0.0212466    0.0510753  -0.00247419   0.00356136
  0.00929385  -0.00247419    0.0430108 -0.000272349
    0.410458   0.00356136 -0.000272349     0.446237
IMAGINARY
          0  -0.0180396   0.0233923  0.00196482
  0.0180396           0  0.00821482 -0.00354594
 -0.0233923 -0.00821482           0 -0.00692844
-0.00196482  0.00354594  0.00692844           0
Repeater1[0]<--->EndNode1[0]
REAL
    0.443717  -0.00785613   -0.0031946     0.397985
 -0.00785613    0.0562827     0.024223   0.00256725
  -0.0031946     0.024223    0.0458115 -0.000299454
    0.397985   0.00256725 -0.000299454     0.454188
IMAGINARY
           0    0.0231063     -0.01684   -0.0130347
  -0.0231063            0   0.00350479  -0.00419958
     0.01684  -0.00350479            0  0.000408528
   0.0130347   0.00419958 -0.000408528            0
Repeater1[0]<--->HoM1[0]
REAL
    0.459677   0.00929385    0.0212466     0.410458
  0.00929385    0.0430108  -0.00247419 -0.000272349
   0.0212466  -0.00247419    0.0510753   0.00356136
    0.410458 -0.000272349   0.00356136     0.446237
IMAGINARY
          0   0.0233923  -0.0180396  0.00196482
 -0.0233923           0 -0.00821482 -0.00692844
  0.0180396  0.00821482           0 -0.00354594
-0.00196482  0.00692844  0.00354594           0
EndNode1[0]<--->Repeater1[0]
REAL
   0.468983  0.00556931    0.013323    0.400508
 0.00556931   0.0483871   0.0276686   0.0170637
   0.013323   0.0276686   0.0409429 -0.00556931
   0.400508   0.0170637 -0.00556931    0.441687
IMAGINARY
           0  -0.00780257  -0.00890592   -0.0192501
  0.00780257            0 -0.000345312     0.037301
  0.00890592  0.000345312            0  -0.00454311
   0.0192501    -0.037301   0.00454311            0
EndNode2[0]<--->HoM1[0]
REAL
  0.477184  0.0164324  0.0209002   0.398798
 0.0164324   0.041721  0.0237984 -0.0127854
 0.0209002  0.0237984  0.0443286 0.00166993
  0.398798 -0.0127854 0.00166993   0.436767
IMAGINARY
          0  0.00227398 -0.00790946 -0.00405044
-0.00227398           0 -0.00343086  0.00139905
 0.00790946  0.00343086           0  0.00944477
 0.00405044 -0.00139905 -0.00944477           0
Repeater1[0]<--->EndNode1[0]
REAL
   0.468983    0.013323  0.00556931    0.400508
   0.013323   0.0409429   0.0276686 -0.00556931
 0.00556931   0.0276686   0.0483871   0.0170637
   0.400508 -0.00556931   0.0170637    0.441687
IMAGINARY
           0  -0.00890592  -0.00780257   -0.0192501
  0.00890592            0  0.000345312  -0.00454311
  0.00780257 -0.000345312            0     0.037301
   0.0192501   0.00454311    -0.037301            0
Repeater1[0]<--->HoM1[0]
REAL
  0.477184  0.0209002  0.0164324   0.398798
 0.0209002  0.0443286  0.0237984 0.00166993
 0.0164324  0.0237984   0.041721 -0.0127854
  0.398798 0.00166993 -0.0127854   0.436767
IMAGINARY
          0 -0.00790946  0.00227398 -0.00405044
 0.00790946           0  0.00343086  0.00944477
-0.00227398 -0.00343086           0  0.00139905
 0.00405044 -0.00944477 -0.00139905           0
EndNode1[0]<--->Repeater1[0]
REAL
  0.460509 -0.0112395  0.0111952   0.408408
-0.0112395   0.064257  0.0116423 -0.0175404
 0.0111952  0.0116423  0.0535475 0.00362533
  0.408408 -0.0175404 0.00362533   0.421687
IMAGINARY
          0 -0.00658628 -0.00789702   0.0174256
 0.00658628           0  0.00313992  0.00665324
 0.00789702 -0.00313992           0   0.0115614
 -0.0174256 -0.00665324  -0.0115614           0
EndNode2[0]<--->HoM1[0]
REAL
   0.49004 -0.0438644 -0.0154549   0.404628
-0.0438644  0.0504648 0.00962164 -0.0141794
-0.0154549 0.00962164  0.0464807 0.00918598
  0.404628 -0.0141794 0.00918598   0.413015
IMAGINARY
           0  -0.00927315  -0.00127636  9.50905e-05
  0.00927315            0    0.0185664 -0.000644252
  0.00127636   -0.0185664            0   0.00607212
-9.50905e-05  0.000644252  -0.00607212            0
Repeater1[0]<--->EndNode1[0]
REAL
  0.460509  0.0111952 -0.0112395   0.408408
 0.0111952  0.0535475  0.0116423 0.00362533
-0.0112395  0.0116423   0.064257 -0.0175404
  0.408408 0.00362533 -0.0175404   0.421687
IMAGINARY
          0 -0.00789702 -0.00658628   0.0174256
 0.00789702           0 -0.00313992   0.0115614
 0.00658628  0.00313992           0  0.00665324
 -0.0174256  -0.0115614 -0.00665324           0
Repeater1[0]<--->HoM1[0]
REAL
   0.49004 -0.0154549 -0.0438644   0.404628
-0.0154549  0.0464807 0.00962164 0.00918598
-0.0438644 0.00962164  0.0504648 -0.0141794
  0.404628 0.00918598 -0.0141794   0.413015
IMAGINARY
           0  -0.00127636  -0.00927315  9.50905e-05
  0.00127636            0   -0.0185664   0.00607212
  0.00927315    0.0185664            0 -0.000644252
-9.50905e-05  -0.00607212  0.000644252            0
EndNode1[0]<--->Repeater1[0]
REAL
   0.433842 0.000431137   0.0188293    0.403637
0.000431137   0.0496183   0.0210658 -0.00231671
  0.0188293   0.0210658   0.0763359   0.0174024
   0.403637 -0.00231671   0.0174024    0.440204
IMAGINARY
          0 -0.00910979  0.00157252 -0.00816742
 0.00910979           0  -0.0231609   0.0163508
-0.00157252   0.0231609           0  -0.0026331
 0.00816742  -0.0163508   0.0026331           0
EndNode2[0]<--->HoM1[0]
REAL
   0.434243 -0.00629392   0.0323718    0.400066
-0.00629392   0.0719603   0.0153571 -0.00376485
  0.0323718   0.0153571   0.0459057   0.0125128
   0.400066 -0.00376485   0.0125128    0.447891
IMAGINARY
           0 -0.000493719   0.00322525  0.000775009
 0.000493719            0    0.0156633   -0.0117204
 -0.00322525   -0.0156633            0    0.0126296
-0.000775009    0.0117204   -0.0126296            0
Repeater1[0]<--->EndNode1[0]
REAL
   0.433842   0.0188293 0.000431137    0.403637
  0.0188293   0.0763359   0.0210658   0.0174024
0.000431137   0.0210658   0.0496183 -0.00231671
   0.403637   0.0174024 -0.00231671    0.440204
IMAGINARY
          0  0.00157252 -0.00910979 -0.00816742
-0.00157252           0   0.0231609  -0.0026331
 0.00910979  -0.0231609           0   0.0163508
 0.00816742   0.0026331  -0.0163508           0
Repeater1[0]<--->HoM1[0]
REAL
   0.434243   0.0323718 -0.00629392    0.400066
  0.0323718   0.0459057   0.0153571   0.0125128
-0.00629392   0.0153571   0.0719603 -0.00376485
   0.400066   0.0125128 -0.00376485    0.447891
IMAGINARY
           0   0.00322525 -0.000493719  0.000775009
 -0.00322525            0   -0.0156633    0.0126296
 0.000493719    0.0156633            0   -0.0117204
-0.000775009   -0.0126296    0.0117204            0
EndNode1[0]<--->Repeater1[0]
REAL
       0.48   0.0189865 -0.00412532    0.412901
  0.0189865   0.0533333   0.0216541   0.0132876
-0.00412532   0.0216541   0.0521212   -0.012442
   0.412901   0.0132876   -0.012442    0.414545
IMAGINARY
          0 -0.00816484  0.00903614   0.0283935
 0.00816484           0 -0.00476644 -0.00903614
-0.00903614  0.00476644           0   0.0028598
 -0.0283935  0.00903614  -0.0028598           0
EndNode2[0]<--->HoM1[0]
REAL
   0.459916  0.00965827  -0.0137784    0.412763
 0.00965827   0.0407876    0.023577   0.0111258
 -0.0137784    0.023577   0.0576653 0.000951806
   0.412763   0.0111258 0.000951806    0.441632
IMAGINARY
          0   0.0366895  -0.0193511  -0.0125038
 -0.0366895           0 -0.00511465  -0.0253752
  0.0193511  0.00511465           0  0.00670171
  0.0125038   0.0253752 -0.00670171           0
Repeater1[0]<--->EndNode1[0]
REAL
       0.48 -0.00412532   0.0189865    0.412901
-0.00412532   0.0521212   0.0216541   -0.012442
  0.0189865   0.0216541   0.0533333   0.0132876
   0.412901   -0.012442   0.0132876    0.414545
IMAGINARY
          0  0.00903614 -0.00816484   0.0283935
-0.00903614           0  0.00476644   0.0028598
 0.00816484 -0.00476644           0 -0.00903614
 -0.0283935  -0.0028598  0.00903614           0
Repeater1[0]<--->HoM1[0]
REAL
   0.459916  -0.0137784  0.00965827    0.412763
 -0.0137784   0.0576653    0.023577 0.000951806
 0.00965827    0.023577   0.0407876   0.0111258
   0.412763 0.000951806   0.0111258    0.441632
IMAGINARY
          0  -0.0193511   0.0366895  -0.0125038
  0.0193511           0  0.00511465  0.00670171
 -0.0366895 -0.00511465           0  -0.0253752
  0.0125038 -0.00670171   0.0253752           0
EndNode1[0]<--->Repeater1[0]
REAL
  0.459677    0.01266   0.034579   0.399923
   0.01266  0.0483871  0.0179515 0.00406838
  0.034579  0.0179515  0.0604839    0.01391
  0.399923 0.00406838    0.01391   0.431452
IMAGINARY
          0   0.0183716 -0.00410338  -0.0201047
 -0.0183716           0   0.0140318   0.0060489
 0.00410338  -0.0140318           0 -0.00604997
  0.0201047  -0.0060489  0.00604997           0
EndNode2[0]<--->HoM1[0]
REAL
   0.459799 0.000313317    0.022366    0.415415
0.000313317   0.0452261     0.01743 -0.00832451
   0.022366     0.01743   0.0364322  0.00518119
   0.415415 -0.00832451  0.00518119    0.458543
IMAGINARY
          0  -0.0248564   0.0292388 -0.00077126
  0.0248564           0 -0.00846357  0.00854456
 -0.0292388  0.00846357           0  -0.0217431
 0.00077126 -0.00854456   0.0217431           0
Repeater1[0]<--->EndNode1[0]
REAL
  0.459677   0.034579    0.01266   0.399923
  0.034579  0.0604839  0.0179515    0.01391
   0.01266  0.0179515  0.0483871 0.00406838
  0.399923    0.01391 0.00406838   0.431452
IMAGINARY
          0 -0.00410338   0.0183716  -0.0201047
 0.00410338           0  -0.0140318 -0.00604997
 -0.0183716   0.0140318           0   0.0060489
  0.0201047  0.00604997  -0.0060489           0
Repeater1[0]<--->HoM1[0]
REAL
   0.459799    0.022366 0.000313317    0.415415
   0.022366   0.0364322     0.01743  0.00518119
0.000313317     0.01743   0.0452261 -0.00832451
   0.415415  0.00518119 -0.00832451    0.458543
IMAGINARY
          0   0.0292388  -0.0248564 -0.00077126
 -0.0292388           0  0.00846357  -0.0217431
  0.0248564 -0.00846357           0  0.00854456
 0.00077126   0.0217431 -0.00854456           0
EndNode1[0]<--->Repeater1[0]
REAL
  0.440053  0.0116659 0.00365402   0.393913
 0.0116659  0.0592885 0.00546633 0.00690499
0.00365402 0.00546633  0.0513834 0.00510425
  0.393913 0.00690499 0.00510425   0.449275
IMAGINARY
          0   0.0109535  -0.0157448  0.00799961
 -0.0109535           0   0.0151147   0.0110967
  0.0157448  -0.0151147           0  0.00963079
-0.00799961  -0.0110967 -0.00963079           0
EndNode2[0]<--->HoM1[0]
REAL
    0.49589 -0.00954053  0.00101517    0.418271
-0.00954053   0.0493151   0.0232711    0.015154
 0.00101517   0.0232711   0.0534247   0.0120281
   0.418271    0.015154   0.0120281     0.40137
IMAGINARY
           0  1.73472e-18    0.0013474   -0.0233853
-1.73472e-18            0    0.0031399   -0.0038474
  -0.0013474   -0.0031399            0 -1.21431e-17
   0.0233853    0.0038474  1.21431e-17            0
Repeater1[0]<--->EndNode1[0]
REAL
  0.440053 0.00365402  0.0116659   0.393913
0.00365402  0.0513834 0.00546633 0.00510425
 0.0116659 0.00546633  0.0592885 0.00690499
  0.393913 0.00510425 0.00690499   0.449275
IMAGINARY
          0  -0.0157448   0.0109535  0.00799961
  0.0157448           0  -0.0151147  0.00963079
 -0.0109535   0.0151147           0   0.0110967
-0.00799961 -0.00963079  -0.0110967           0
Repeater1[0]<--->HoM1[0]
REAL
    0.49589  0.00101517 -0.00954053    0.418271
 0.00101517   0.0534247   0.0232711   0.0120281
-0.00954053   0.0232711   0.0493151    0.015154
   0.418271   0.0120281    0.015154     0.40137
IMAGINARY
           0    0.0013474  1.73472e-18   -0.0233853
  -0.0013474            0   -0.0031399 -1.21431e-17
-1.73472e-18    0.0031399            0   -0.0038474
   0.0233853  1.21431e-17    0.0038474            0
EndNode1[0]<--->Repeater1[0]
REAL
   0.441656 -0.00453947  0.00996099    0.407966
-0.00453947    0.033877    0.013087  -0.0139084
 0.00996099    0.013087   0.0664994 -0.00203947
   0.407966  -0.0139084 -0.00203947    0.457967
IMAGINARY
           0 -5.53966e-05     0.011493    0.0143724
 5.53966e-05            0   -0.0078789    0.0154612
   -0.011493    0.0078789            0  -0.00803086
  -0.0143724   -0.0154612   0.00803086            0
EndNode2[0]<--->HoM1[0]
REAL
   0.471143 -0.00159978 -0.00302481    0.417744
-0.00159978   0.0553592  0.00794028    -0.01588
-0.00302481  0.00794028     0.04947  -0.0107861
   0.417744    -0.01588  -0.0107861    0.424028
IMAGINARY
          0  0.00206024  -0.0102394  0.00952013
-0.00206024           0  -0.0125578   0.0200433
  0.0102394   0.0125578           0  -0.0184001
-0.00952013  -0.0200433   0.0184001           0
Repeater1[0]<--->EndNode1[0]
REAL
   0.441656  0.00996099 -0.00453947    0.407966
 0.00996099   0.0664994    0.013087 -0.00203947
-0.00453947    0.013087    0.033877  -0.0139084
   0.407966 -0.00203947  -0.0139084    0.457967
IMAGINARY
           0     0.011493 -5.53966e-05    0.0143724
   -0.011493            0    0.0078789  -0.00803086
 5.53966e-05   -0.0078789            0    0.0154612
  -0.0143724   0.00803086   -0.0154612            0
Repeater1[0]<--->HoM1[0]
REAL
   0.471143 -0.00302481 -0.00159978    0.417744
-0.00302481     0.04947  0.00794028  -0.0107861
-0.00159978  0.00794028   0.0553592    -0.01588
   0.417744  -0.0107861    -0.01588    0.424028
IMAGINARY
          0  -0.0102394  0.00206024  0.00952013
  0.0102394           0   0.0125578  -0.0184001
-0.00206024  -0.0125578           0   0.0200433
-0.00952013   0.0184001  -0.0200433           0
EndNode1[0]<--->Repeater1[0]
REAL
  0.444589 -0.0224826 0.00417562   0.402402
-0.0224826  0.0469361  0.0216328 0.00142837
0.00417562  0.0216328  0.0508475 0.00940666
  0.402402 0.00142837 0.00940666   0.457627
IMAGINARY
          0  0.00285368  -0.0152038  -0.0146149
-0.00285368           0  0.00523149  -0.0463347
  0.0152038 -0.00523149           0   0.0189412
  0.0146149   0.0463347  -0.0189412           0
EndNode2[0]<--->HoM1[0]
REAL
   0.486146 -0.00799648 0.000972713    0.396049
-0.00799648   0.0503778   0.0218432  -0.0107766
0.000972713   0.0218432   0.0566751 -0.00548391
   0.396049  -0.0107766 -0.00548391    0.406801
IMAGINARY
          0 -0.00757235   0.0126675  -0.0114113
 0.00757235           0   0.0133928 -0.00822023
 -0.0126675  -0.0133928           0  0.00439573
  0.0114113  0.00822023 -0.00439573           0
Repeater1[0]<--->EndNode1[0]
REAL
  0.444589 0.00417562 -0.0224826   0.402402
0.00417562  0.0508475  0.0216328 0.00940666
-0.0224826  0.0216328  0.0469361 0.00142837
  0.402402 0.00940666 0.00142837   0.457627
IMAGINARY
          0  -0.0152038  0.00285368  -0.0146149
  0.0152038           0 -0.00523149   0.0189412
-0.00285368  0.00523149           0  -0.0463347
  0.0146149  -0.0189412   0.0463347           0
Repeater1[0]<--->HoM1[0]
REAL
   0.486146 0.000972713 -0.00799648    0.396049
0.000972713   0.0566751   0.0218432 -0.00548391
-0.00799648   0.0218432   0.0503778  -0.0107766
   0.396049 -0.00548391  -0.0107766    0.406801
IMAGINARY
          0   0.0126675 -0.00757235  -0.0114113
 -0.0126675           0  -0.0133928  0.00439573
 0.00757235   0.0133928           0 -0.00822023
  0.0114113 -0.00439573  0.00822023           0
EndNode1[0]<--->Repeater1[0]
REAL
   0.453621   0.0081572  0.00633728    0.401164
  0.0081572   0.0571792   0.0157192 -0.00763598
 0.00633728   0.0157192   0.0571792  -0.0042611
   0.401164 -0.00763598  -0.0042611     0.43202
IMAGINARY
          0 -0.00333848  0.00457409 -0.00541909
 0.00333848           0  -0.0106684  0.00216445
-0.00457409   0.0106684           0    0.019511
 0.00541909 -0.00216445   -0.019511           0
EndNode2[0]<--->HoM1[0]
REAL
  0.446517  0.0078534 0.00746947   0.395526
 0.0078534   0.050995  0.0167776 0.00169283
0.00746947  0.0167776  0.0497512  0.0157068
  0.395526 0.00169283  0.0157068   0.452736
IMAGINARY
          0  0.00320413   0.0181321  0.00886076
-0.00320413           0  0.00886076  -0.0109613
 -0.0181321 -0.00886076           0  0.00135911
