EndNode1[0]<--->Repeater1[0]
REAL
    0.391414 -0.000481602  0.000948317     0.289118
-0.000481602     0.114899    0.0417089  0.000304816
 0.000948317    0.0417089     0.130051   -0.0120497
    0.289118  0.000304816   -0.0120497     0.363636
IMAGINARY
           0   -0.0106769    0.0137821 -0.000711864
   0.0106769            0  -0.00989822   -0.0189635
  -0.0137821   0.00989822            0   0.00420021
 0.000711864    0.0189635  -0.00420021            0
EndNode2[0]<--->HoM1[0]
REAL
   0.363265  -0.0102378 -0.00382342    0.304737
 -0.0102378    0.121088   0.0150598 -0.00125272
-0.00382342   0.0150598    0.127891   0.0102378
   0.304737 -0.00125272   0.0102378    0.387755
IMAGINARY
          0 -0.00705695 -0.00934657 -0.00751417
 0.00705695           0 -0.00999556 -0.00678246
 0.00934657  0.00999556           0  0.00899243
 0.00751417  0.00678246 -0.00899243           0
Repeater1[0]<--->EndNode1[0]
REAL
    0.391414  0.000948317 -0.000481602     0.289118
 0.000948317     0.130051    0.0417089   -0.0120497
-0.000481602    0.0417089     0.114899  0.000304816
    0.289118   -0.0120497  0.000304816     0.363636
IMAGINARY
           0    0.0137821   -0.0106769 -0.000711864
  -0.0137821            0   0.00989822   0.00420021
   0.0106769  -0.00989822            0   -0.0189635
 0.000711864  -0.00420021    0.0189635            0
Repeater1[0]<--->HoM1[0]
REAL
   0.363265 -0.00382342  -0.0102378    0.304737
-0.00382342    0.127891   0.0150598   0.0102378
 -0.0102378   0.0150598    0.121088 -0.00125272
   0.304737   0.0102378 -0.00125272    0.387755
IMAGINARY
          0 -0.00934657 -0.00705695 -0.00751417
 0.00934657           0  0.00999556  0.00899243
 0.00705695 -0.00999556           0 -0.00678246
 0.00751417 -0.00899243  0.00678246           0
EndNode1[0]<--->Repeater1[0]
REAL
   0.402406 -0.00224647  0.00553383    0.305592
-0.00224647    0.132353   0.0464492 -0.00808485
 0.00553383   0.0464492     0.11631  0.00224647
   0.305592 -0.00808485  0.00224647     0.34893
IMAGINARY
          0   0.0120666   0.0105788   -0.011543
 -0.0120666           0  -0.0177158  -0.0137314
 -0.0105788   0.0177158           0 -0.00513088
   0.011543   0.0137314  0.00513088           0
EndNode2[0]<--->HoM1[0]
REAL
   0.388594   0.0107639 -0.00421031    0.296278
  0.0107639    0.102122   0.0444531  0.00290483
-0.00421031   0.0444531     0.11008 0.000985495
   0.296278  0.00290483 0.000985495    0.399204
IMAGINARY
          0  0.00479961  0.00947103  0.00870899
-0.00479961           0    0.019291 -0.00460485
-0.00947103   -0.019291           0 -0.00966579
-0.00870899  0.00460485  0.00966579           0
Repeater1[0]<--->EndNode1[0]
REAL
   0.402406  0.00553383 -0.00224647    0.305592
 0.00553383     0.11631   0.0464492  0.00224647
-0.00224647   0.0464492    0.132353 -0.00808485
   0.305592  0.00224647 -0.00808485     0.34893
IMAGINARY
          0   0.0105788   0.0120666   -0.011543
 -0.0105788           0   0.0177158 -0.00513088
 -0.0120666  -0.0177158           0  -0.0137314
   0.011543  0.00513088   0.0137314           0
Repeater1[0]<--->HoM1[0]
REAL
   0.388594 -0.00421031   0.0107639    0.296278
-0.00421031     0.11008   0.0444531 0.000985495
  0.0107639   0.0444531    0.102122  0.00290483
   0.296278 0.000985495  0.00290483    0.399204
IMAGINARY
          0  0.00947103  0.00479961  0.00870899
-0.00947103           0   -0.019291 -0.00966579
-0.00479961    0.019291           0 -0.00460485
-0.00870899  0.00966579  0.00460485           0
EndNode1[0]<--->Repeater1[0]
REAL
   0.372599  0.00567066   0.0195665    0.295384
 0.00567066    0.108835   0.0365284 -0.00555916
  0.0195665   0.0365284    0.129321   0.0107727
   0.295384 -0.00555916   0.0107727    0.389245
IMAGINARY
          0  0.00239196    0.026803  -0.0252999
-0.00239196           0  -0.0110512  0.00725696
  -0.026803   0.0110512           0  -0.0241903
  0.0252999 -0.00725696   0.0241903           0
EndNode2[0]<--->HoM1[0]
REAL
   0.352708  -0.0150606  0.00676763    0.311825
 -0.0150606    0.124174   0.0476276 -0.00303629
 0.00676763   0.0476276    0.129458   0.0175481
   0.311825 -0.00303629   0.0175481    0.393659
IMAGINARY
          0  0.00568584 -0.00330009 -0.00759377
-0.00568584           0 -0.00824907  0.00823837
 0.00330009  0.00824907           0 -0.00938954
 0.00759377 -0.00823837  0.00938954           0
Repeater1[0]<--->EndNode1[0]
REAL
   0.372599   0.0195665  0.00567066    0.295384
  0.0195665    0.129321   0.0365284   0.0107727
 0.00567066   0.0365284    0.108835 -0.00555916
   0.295384   0.0107727 -0.00555916    0.389245
IMAGINARY
          0    0.026803  0.00239196  -0.0252999
  -0.026803           0   0.0110512  -0.0241903
-0.00239196  -0.0110512           0  0.00725696
  0.0252999   0.0241903 -0.00725696           0
Repeater1[0]<--->HoM1[0]
REAL
   0.352708  0.00676763  -0.0150606    0.311825
 0.00676763    0.129458   0.0476276   0.0175481
 -0.0150606   0.0476276    0.124174 -0.00303629
   0.311825   0.0175481 -0.00303629    0.393659
IMAGINARY
          0 -0.00330009  0.00568584 -0.00759377
 0.00330009           0  0.00824907 -0.00938954
-0.00568584 -0.00824907           0  0.00823837
 0.00759377  0.00938954 -0.00823837           0
EndNode1[0]<--->Repeater1[0]
REAL
   0.378481  -0.0126073  0.00088835    0.297024
 -0.0126073    0.110127   0.0630269 -0.00852194
 0.00088835   0.0630269    0.132911   0.0100627
   0.297024 -0.00852194   0.0100627    0.378481
IMAGINARY
          0   0.0160611   0.0022515  -0.0158482
 -0.0160611           0   0.0106669 -0.00723017
 -0.0022515  -0.0106669           0   0.0102547
  0.0158482  0.00723017  -0.0102547           0
EndNode2[0]<--->HoM1[0]
REAL
   0.368821 -0.00704392   0.0157844    0.289843
-0.00704392    0.120406   0.0500056 -0.00128256
  0.0157844   0.0500056    0.136882 0.000108229
   0.289843 -0.00128256 0.000108229    0.373891
IMAGINARY
          0  0.00387058  -0.0169839 -0.00360213
-0.00387058           0  -0.0124854  -0.0182465
  0.0169839   0.0124854           0   0.0123896
 0.00360213   0.0182465  -0.0123896           0
Repeater1[0]<--->EndNode1[0]
REAL
   0.378481  0.00088835  -0.0126073    0.297024
 0.00088835    0.132911   0.0630269   0.0100627
 -0.0126073   0.0630269    0.110127 -0.00852194
   0.297024   0.0100627 -0.00852194    0.378481
IMAGINARY
          0   0.0022515   0.0160611  -0.0158482
 -0.0022515           0  -0.0106669   0.0102547
 -0.0160611   0.0106669           0 -0.00723017
  0.0158482  -0.0102547  0.00723017           0
Repeater1[0]<--->HoM1[0]
REAL
   0.368821   0.0157844 -0.00704392    0.289843
  0.0157844    0.136882   0.0500056 0.000108229
-0.00704392   0.0500056    0.120406 -0.00128256
   0.289843 0.000108229 -0.00128256    0.373891
IMAGINARY
          0  -0.0169839  0.00387058 -0.00360213
  0.0169839           0   0.0124854   0.0123896
-0.00387058  -0.0124854           0  -0.0182465
 0.00360213  -0.0123896   0.0182465           0
EndNode1[0]<--->Repeater1[0]
REAL
   0.394459 -0.00845088   0.0142419    0.282839
-0.00845088    0.102902   0.0211879  0.00522123
  0.0142419   0.0211879    0.112137  0.00643746
   0.282839  0.00522123  0.00643746    0.390501
IMAGINARY
           0   -0.0169596 -0.000880703    0.0030599
   0.0169596            0   -0.0135862   0.00154648
 0.000880703    0.0135862            0    0.0122992
  -0.0030599  -0.00154648   -0.0122992            0
EndNode2[0]<--->HoM1[0]
REAL
   0.358942 -0.00392551  0.00227272    0.299576
-0.00392551    0.132242    0.061738 -0.00105617
 0.00227272    0.061738    0.110831  -0.0070234
   0.299576 -0.00105617  -0.0070234    0.397985
IMAGINARY
           0 -0.000902099     0.020007    0.0121646
 0.000902099            0   -0.0170907   0.00702001
   -0.020007    0.0170907            0   -0.0288276
  -0.0121646  -0.00702001    0.0288276            0
Repeater1[0]<--->EndNode1[0]
REAL
   0.394459   0.0142419 -0.00845088    0.282839
  0.0142419    0.112137   0.0211879  0.00643746
-0.00845088   0.0211879    0.102902  0.00522123
   0.282839  0.00643746  0.00522123    0.390501
IMAGINARY
           0 -0.000880703   -0.0169596    0.0030599
 0.000880703            0    0.0135862    0.0122992
   0.0169596   -0.0135862            0   0.00154648
  -0.0030599   -0.0122992  -0.00154648            0
Repeater1[0]<--->HoM1[0]
REAL
   0.358942  0.00227272 -0.00392551    0.299576
 0.00227272    0.110831    0.061738  -0.0070234
-0.00392551    0.061738    0.132242 -0.00105617
   0.299576  -0.0070234 -0.00105617    0.397985
IMAGINARY
           0     0.020007 -0.000902099    0.0121646
   -0.020007            0    0.0170907   -0.0288276
 0.000902099   -0.0170907            0   0.00702001
  -0.0121646    0.0288276  -0.00702001            0
EndNode1[0]<--->Repeater1[0]
REAL
   0.374687 0.000984595 -0.00646643    0.282094
0.000984595    0.114035   0.0246815    0.014622
-0.00646643   0.0246815    0.109023  -0.0129043
   0.282094    0.014622  -0.0129043    0.402256
IMAGINARY
          0  -0.0235617  0.00852279   0.0084088
  0.0235617           0 -0.00646831   0.0265176
-0.00852279  0.00646831           0 -0.00878334
 -0.0084088  -0.0265176  0.00878334           0
EndNode2[0]<--->HoM1[0]
REAL
   0.358389  0.00676087 -0.00147253    0.285174
 0.00676087    0.122148    0.038355  -0.0100364
-0.00147253    0.038355    0.115436 -0.00803964
   0.285174  -0.0100364 -0.00803964    0.404027
IMAGINARY
           0  -0.00214912    0.0126459  0.000749168
  0.00214912            0    0.0139567   -0.0126459
  -0.0126459   -0.0139567            0  -0.00930126
-0.000749168    0.0126459   0.00930126            0
Repeater1[0]<--->EndNode1[0]
REAL
   0.374687 -0.00646643 0.000984595    0.282094
-0.00646643    0.109023   0.0246815  -0.0129043
0.000984595   0.0246815    0.114035    0.014622
   0.282094  -0.0129043    0.014622    0.402256
IMAGINARY
          0  0.00852279  -0.0235617   0.0084088
-0.00852279           0  0.00646831 -0.00878334
  0.0235617 -0.00646831           0   0.0265176
 -0.0084088  0.00878334  -0.0265176           0
Repeater1[0]<--->HoM1[0]
REAL
   0.358389 -0.00147253  0.00676087    0.285174
-0.00147253    0.115436    0.038355 -0.00803964
 0.00676087    0.038355    0.122148  -0.0100364
   0.285174 -0.00803964  -0.0100364    0.404027
IMAGINARY
           0    0.0126459  -0.00214912  0.000749168
  -0.0126459            0   -0.0139567  -0.00930126
  0.00214912    0.0139567            0   -0.0126459
-0.000749168   0.00930126    0.0126459            0
EndNode1[0]<--->Repeater1[0]
REAL
    0.344603   -0.0127664   -0.0104389     0.301039
  -0.0127664      0.13394    0.0425439   -0.0122884
  -0.0104389    0.0425439      0.13264 -0.000602546
    0.301039   -0.0122884 -0.000602546     0.388817
IMAGINARY
           0   0.00645864     -0.01185  -0.00604839
 -0.00645864            0   0.00604839   -0.0197034
     0.01185  -0.00604839            0 -0.000390677
  0.00604839    0.0197034  0.000390677            0
EndNode2[0]<--->HoM1[0]
REAL
   0.384718  0.00894418 -0.00585392    0.293523
 0.00894418     0.13807   0.0345024  0.00776475
-0.00585392   0.0345024    0.120643  0.00188385
   0.293523  0.00776475  0.00188385    0.356568
IMAGINARY
          0  0.00238638 -0.00262299 -0.00966886
-0.00238638           0   0.0176264 -0.00768628
 0.00262299  -0.0176264           0   0.0143662
 0.00966886  0.00768628  -0.0143662           0
Repeater1[0]<--->EndNode1[0]
REAL
    0.344603   -0.0104389   -0.0127664     0.301039
  -0.0104389      0.13264    0.0425439 -0.000602546
  -0.0127664    0.0425439      0.13394   -0.0122884
    0.301039 -0.000602546   -0.0122884     0.388817
IMAGINARY
           0     -0.01185   0.00645864  -0.00604839
     0.01185            0  -0.00604839 -0.000390677
 -0.00645864   0.00604839            0   -0.0197034
  0.00604839  0.000390677    0.0197034            0
Repeater1[0]<--->HoM1[0]
REAL
   0.384718 -0.00585392  0.00894418    0.293523
-0.00585392    0.120643   0.0345024  0.00188385
 0.00894418   0.0345024     0.13807  0.00776475
   0.293523  0.00188385  0.00776475    0.356568
IMAGINARY
          0 -0.00262299  0.00238638 -0.00966886
 0.00262299           0  -0.0176264   0.0143662
-0.00238638   0.0176264           0 -0.00768628
 0.00966886  -0.0143662  0.00768628           0
EndNode1[0]<--->Repeater1[0]
REAL
 0.372925  0.031482 0.0171804  0.291899
 0.031482  0.114943 0.0467253 0.0158884
0.0171804 0.0467253  0.120051 0.0042323
 0.291899 0.0158884 0.0042323  0.392082
IMAGINARY
          0  0.00597434   0.0135791   0.0109545
-0.00597434           0  0.00513302  0.00508239
 -0.0135791 -0.00513302           0 -0.00146983
 -0.0109545 -0.00508239  0.00146983           0
EndNode2[0]<--->HoM1[0]
REAL
   0.375165  -0.0068652 0.000592417     0.31166
 -0.0068652    0.124174   0.0378656 0.000592417
0.000592417   0.0378656     0.11889 -0.00498314
    0.31166 0.000592417 -0.00498314     0.38177
IMAGINARY
          0  0.00839289  -0.0186158   0.0124879
-0.00839289           0   0.0118222 -0.00425193
  0.0186158  -0.0118222           0  0.00582219
 -0.0124879  0.00425193 -0.00582219           0
Repeater1[0]<--->EndNode1[0]
REAL
 0.372925 0.0171804  0.031482  0.291899
0.0171804  0.120051 0.0467253 0.0042323
 0.031482 0.0467253  0.114943 0.0158884
 0.291899 0.0042323 0.0158884  0.392082
IMAGINARY
          0   0.0135791  0.00597434   0.0109545
 -0.0135791           0 -0.00513302 -0.00146983
-0.00597434  0.00513302           0  0.00508239
 -0.0109545  0.00146983 -0.00508239           0
Repeater1[0]<--->HoM1[0]
REAL
   0.375165 0.000592417  -0.0068652     0.31166
0.000592417     0.11889   0.0378656 -0.00498314
 -0.0068652   0.0378656    0.124174 0.000592417
    0.31166 -0.00498314 0.000592417     0.38177
IMAGINARY
          0  -0.0186158  0.00839289   0.0124879
  0.0186158           0  -0.0118222  0.00582219
-0.00839289   0.0118222           0 -0.00425193
 -0.0124879 -0.00582219  0.00425193           0
EndNode1[0]<--->Repeater1[0]
REAL
   0.358491  0.00799003 -0.00570182    0.309585
 0.00799003    0.142138   0.0315242  0.00507131
-0.00570182   0.0315242    0.134591  -0.0111426
   0.309585  0.00507131  -0.0111426     0.36478
IMAGINARY
          0   0.0186615  -0.0166143  -0.0017307
 -0.0186615           0   0.0149582 -0.00379383
  0.0166143  -0.0149582           0  0.00429765
  0.0017307  0.00379383 -0.00429765           0
EndNode2[0]<--->HoM1[0]
REAL
   0.363636 -0.00683951  -0.0157185     0.30957
-0.00683951    0.123377   0.0504553  0.00752183
 -0.0157185   0.0504553    0.116883  -0.0127065
    0.30957  0.00752183  -0.0127065    0.396104
IMAGINARY
          0   0.0227268 -0.00567336  -0.0070051
 -0.0227268           0   0.0141759   0.0121838
 0.00567336  -0.0141759           0   0.0111273
  0.0070051  -0.0121838  -0.0111273           0
Repeater1[0]<--->EndNode1[0]
REAL
   0.358491 -0.00570182  0.00799003    0.309585
-0.00570182    0.134591   0.0315242  -0.0111426
 0.00799003   0.0315242    0.142138  0.00507131
   0.309585  -0.0111426  0.00507131     0.36478
IMAGINARY
          0  -0.0166143   0.0186615  -0.0017307
  0.0166143           0  -0.0149582  0.00429765
 -0.0186615   0.0149582           0 -0.00379383
  0.0017307 -0.00429765  0.00379383           0
Repeater1[0]<--->HoM1[0]
REAL
   0.363636  -0.0157185 -0.00683951     0.30957
 -0.0157185    0.116883   0.0504553  -0.0127065
-0.00683951   0.0504553    0.123377  0.00752183
    0.30957  -0.0127065  0.00752183    0.396104
IMAGINARY
          0 -0.00567336   0.0227268  -0.0070051
 0.00567336           0  -0.0141759   0.0111273
 -0.0227268   0.0141759           0   0.0121838
  0.0070051  -0.0111273  -0.0121838           0
EndNode1[0]<--->Repeater1[0]
REAL
    0.396641 -0.000794076    0.0126514     0.295129
-0.000794076     0.104651     0.031468    0.0166837
   0.0126514     0.031468     0.107235    0.0157876
    0.295129    0.0166837    0.0157876     0.391473
IMAGINARY
          0  0.00656549 -0.00164241  -0.0135006
-0.00656549           0  -0.0055834   -0.014751
 0.00164241   0.0055834           0  0.00846183
  0.0135006    0.014751 -0.00846183           0
EndNode2[0]<--->HoM1[0]
REAL
   0.381074   0.0114075  0.00301578    0.312262
  0.0114075    0.113811   0.0184875 -0.00689175
 0.00301578   0.0184875    0.126598 -0.00623955
   0.312262 -0.00689175 -0.00623955    0.378517
IMAGINARY
          0 -0.00775319 -0.00384633  -0.0201041
 0.00775319           0   0.0120296   0.0019008
 0.00384633  -0.0120296           0 -0.00456847
  0.0201041  -0.0019008  0.00456847           0
Repeater1[0]<--->EndNode1[0]
REAL
    0.396641    0.0126514 -0.000794076     0.295129
   0.0126514     0.107235     0.031468    0.0157876
-0.000794076     0.031468     0.104651    0.0166837
    0.295129    0.0157876    0.0166837     0.391473
IMAGINARY
          0 -0.00164241  0.00656549  -0.0135006
 0.00164241           0   0.0055834  0.00846183
-0.00656549  -0.0055834           0   -0.014751
  0.0135006 -0.00846183    0.014751           0
Repeater1[0]<--->HoM1[0]
REAL
   0.381074  0.00301578   0.0114075    0.312262
 0.00301578    0.126598   0.0184875 -0.00623955
  0.0114075   0.0184875    0.113811 -0.00689175
   0.312262 -0.00623955 -0.00689175    0.378517
IMAGINARY
          0 -0.00384633 -0.00775319  -0.0201041
 0.00384633           0  -0.0120296 -0.00456847
 0.00775319   0.0120296           0   0.0019008
  0.0201041  0.00456847  -0.0019008           0
EndNode1[0]<--->Repeater1[0]
REAL
  0.400248 -0.0245371 0.00116716   0.302149
-0.0245371   0.137546  0.0332091 -0.0180363
0.00116716  0.0332091   0.121437  0.0157652
  0.302149 -0.0180363  0.0157652   0.340768
IMAGINARY
           0      0.01381   0.00754751 -0.000957854
    -0.01381            0  -0.00889436   -0.0365879
 -0.00754751   0.00889436            0    0.0190183
 0.000957854    0.0365879   -0.0190183            0
EndNode2[0]<--->HoM1[0]
REAL
   0.395062  0.00052468   -0.015849    0.298655
 0.00052468    0.102881   0.0360854   0.0188647
  -0.015849   0.0360854    0.113855 -0.00354036
   0.298655   0.0188647 -0.00354036    0.388203
IMAGINARY
          0   0.0133788  0.00977654  0.00834651
 -0.0133788           0  0.00641601  0.00977654
-0.00977654 -0.00641601           0  -0.0049989
-0.00834651 -0.00977654   0.0049989           0
Repeater1[0]<--->EndNode1[0]
REAL
  0.400248 0.00116716 -0.0245371   0.302149
0.00116716   0.121437  0.0332091  0.0157652
-0.0245371  0.0332091   0.137546 -0.0180363
  0.302149  0.0157652 -0.0180363   0.340768
IMAGINARY
           0   0.00754751      0.01381 -0.000957854
 -0.00754751            0   0.00889436    0.0190183
    -0.01381  -0.00889436            0   -0.0365879
 0.000957854   -0.0190183    0.0365879            0
Repeater1[0]<--->HoM1[0]
REAL
   0.395062   -0.015849  0.00052468    0.298655
  -0.015849    0.113855   0.0360854 -0.00354036
 0.00052468   0.0360854    0.102881   0.0188647
   0.298655 -0.00354036   0.0188647    0.388203
IMAGINARY
          0  0.00977654   0.0133788  0.00834651
-0.00977654           0 -0.00641601  -0.0049989
 -0.0133788  0.00641601           0  0.00977654
-0.00834651   0.0049989 -0.00977654           0
EndNode1[0]<--->Repeater1[0]
REAL
  0.366162  -0.029484 -0.0235495   0.322641
 -0.029484      0.125  0.0466405 -0.0254701
-0.0235495  0.0466405   0.123737 -0.0169212
  0.322641 -0.0254701 -0.0169212   0.385101
IMAGINARY
          0 -0.00914286  0.00786701   0.0164661
 0.00914286           0 -0.00686303 -0.00120035
-0.00786701  0.00686303           0  0.00514286
 -0.0164661  0.00120035 -0.00514286           0
EndNode2[0]<--->HoM1[0]
REAL
   0.376904    0.003663  0.00382942    0.291316
   0.003663    0.116751   0.0295974 -0.00503134
 0.00382942   0.0295974    0.110406   0.0155678
   0.291316 -0.00503134   0.0155678    0.395939
IMAGINARY
          0  -0.0163746     0.01584    0.024938
  0.0163746           0  0.00137779   0.0232225
   -0.01584 -0.00137779           0  -0.0109692
  -0.024938  -0.0232225   0.0109692           0
Repeater1[0]<--->EndNode1[0]
REAL
  0.366162 -0.0235495  -0.029484   0.322641
-0.0235495   0.123737  0.0466405 -0.0169212
 -0.029484  0.0466405      0.125 -0.0254701
  0.322641 -0.0169212 -0.0254701   0.385101
IMAGINARY
          0  0.00786701 -0.00914286   0.0164661
-0.00786701           0  0.00686303  0.00514286
 0.00914286 -0.00686303           0 -0.00120035
 -0.0164661 -0.00514286  0.00120035           0
Repeater1[0]<--->HoM1[0]
REAL
   0.376904  0.00382942    0.003663    0.291316
 0.00382942    0.110406   0.0295974   0.0155678
   0.003663   0.0295974    0.116751 -0.00503134
   0.291316   0.0155678 -0.00503134    0.395939
IMAGINARY
          0     0.01584  -0.0163746    0.024938
   -0.01584           0 -0.00137779  -0.0109692
  0.0163746  0.00137779           0   0.0232225
  -0.024938   0.0109692  -0.0232225           0
EndNode1[0]<--->Repeater1[0]
REAL
   0.381443 -0.00819002   0.0222319    0.305151
-0.00819002    0.101804   0.0375906  0.00196164
  0.0222319   0.0375906    0.132732   0.0202868
   0.305151  0.00196164   0.0202868    0.384021
IMAGINARY
          0  -0.0274807  0.00451471  0.00118416
  0.0274807           0    0.026628 -0.00132186
-0.00451471   -0.026628           0  -0.0216892
-0.00118416  0.00132186   0.0216892           0
EndNode2[0]<--->HoM1[0]
REAL
   0.35809 -0.0093729 0.00699746        0.3
-0.0093729   0.122016  0.0333333 0.00699746
0.00699746  0.0333333   0.132626  0.0119174
       0.3 0.00699746  0.0119174   0.387268
IMAGINARY
           0  -0.00137247 -0.000704368  -0.00865048
  0.00137247            0    0.0158778   -0.0198085
 0.000704368   -0.0158778            0    -0.011448
  0.00865048    0.0198085     0.011448            0
Repeater1[0]<--->EndNode1[0]
REAL
   0.381443   0.0222319 -0.00819002    0.305151
  0.0222319    0.132732   0.0375906   0.0202868
-0.00819002   0.0375906    0.101804  0.00196164
   0.305151   0.0202868  0.00196164    0.384021
IMAGINARY
          0  0.00451471  -0.0274807  0.00118416
-0.00451471           0   -0.026628  -0.0216892
  0.0274807    0.026628           0 -0.00132186
-0.00118416   0.0216892  0.00132186           0
Repeater1[0]<--->HoM1[0]
REAL
   0.35809 0.00699746 -0.0093729        0.3
0.00699746   0.132626  0.0333333  0.0119174
-0.0093729  0.0333333   0.122016 0.00699746
       0.3  0.0119174 0.00699746   0.387268
IMAGINARY
           0 -0.000704368  -0.00137247  -0.00865048
 0.000704368            0   -0.0158778    -0.011448
  0.00137247    0.0158778            0   -0.0198085
  0.00865048     0.011448    0.0198085            0
EndNode1[0]<--->Repeater1[0]
REAL
   0.364407   0.0324503   0.0169693    0.296841
  0.0324503    0.128329   0.0396978  -0.0025462
  0.0169693   0.0396978    0.125908 -0.00360413
   0.296841  -0.0025462 -0.00360413    0.381356
IMAGINARY
          0 -0.00358053 -0.00571893  0.00687001
 0.00358053           0 -0.00379498  0.00143322
 0.00571893  0.00379498           0  0.00215196
-0.00687001 -0.00143322 -0.00215196           0
EndNode2[0]<--->HoM1[0]
REAL
  0.365155 -0.0049561  0.0140219   0.299802
-0.0049561   0.136038  0.0498021 -0.0140219
 0.0140219  0.0498021   0.113365 -0.0135136
  0.299802 -0.0140219 -0.0135136   0.385442
IMAGINARY
          0 -0.00235901  -0.0128242  -0.0187976
 0.00235901           0  0.00587771   0.0154016
  0.0128242 -0.00587771           0  -0.0131049
  0.0187976  -0.0154016   0.0131049           0
Repeater1[0]<--->EndNode1[0]
REAL
   0.364407   0.0169693   0.0324503    0.296841
  0.0169693    0.125908   0.0396978 -0.00360413
  0.0324503   0.0396978    0.128329  -0.0025462
   0.296841 -0.00360413  -0.0025462    0.381356
IMAGINARY
          0 -0.00571893 -0.00358053  0.00687001
 0.00571893           0  0.00379498  0.00215196
 0.00358053 -0.00379498           0  0.00143322
-0.00687001 -0.00215196 -0.00143322           0
Repeater1[0]<--->HoM1[0]
REAL
  0.365155  0.0140219 -0.0049561   0.299802
 0.0140219   0.113365  0.0498021 -0.0135136
-0.0049561  0.0498021   0.136038 -0.0140219
  0.299802 -0.0135136 -0.0140219   0.385442
IMAGINARY
          0  -0.0128242 -0.00235901  -0.0187976
  0.0128242           0 -0.00587771  -0.0131049
 0.00235901  0.00587771           0   0.0154016
  0.0187976   0.0131049  -0.0154016           0
EndNode1[0]<--->Repeater1[0]
REAL
   0.397985  -0.0220309 -0.00746389     0.30362
 -0.0220309    0.108312     0.05458  -0.0326101
-0.00746389     0.05458    0.102015  -0.0192761
    0.30362  -0.0326101  -0.0192761    0.391688
IMAGINARY
          0 -0.00264389  -0.0159564  0.00280596
 0.00264389           0  -0.0119205 -0.00645073
  0.0159564   0.0119205           0   0.0045645
-0.00280596  0.00645073  -0.0045645           0
EndNode2[0]<--->HoM1[0]
REAL
   0.345833 -0.00196151  0.00188391    0.298852
-0.00196151    0.138889   0.0366407   0.0123648
 0.00188391   0.0366407    0.116667   0.0123242
   0.298852   0.0123648   0.0123242    0.398611
IMAGINARY
          0 -0.00270853 -0.00535182   0.0103469
 0.00270853           0  0.00844095  0.00792252
 0.00535182 -0.00844095           0  0.00399388
 -0.0103469 -0.00792252 -0.00399388           0
Repeater1[0]<--->EndNode1[0]
REAL
   0.397985 -0.00746389  -0.0220309     0.30362
-0.00746389    0.102015     0.05458  -0.0192761
 -0.0220309     0.05458    0.108312  -0.0326101
    0.30362  -0.0192761  -0.0326101    0.391688
IMAGINARY
          0  -0.0159564 -0.00264389  0.00280596
  0.0159564           0   0.0119205   0.0045645
 0.00264389  -0.0119205           0 -0.00645073
-0.00280596  -0.0045645  0.00645073           0
Repeater1[0]<--->HoM1[0]
REAL
   0.345833  0.00188391 -0.00196151    0.298852
 0.00188391    0.116667   0.0366407   0.0123242
-0.00196151   0.0366407    0.138889   0.0123648
   0.298852   0.0123242   0.0123648    0.398611
IMAGINARY
          0 -0.00535182 -0.00270853   0.0103469
 0.00535182           0 -0.00844095  0.00399388
 0.00270853  0.00844095           0  0.00792252
 -0.0103469 -0.00399388 -0.00792252           0
EndNode1[0]<--->Repeater1[0]
REAL
    0.38992    0.010204 -0.00965536    0.291347
   0.010204    0.135279   0.0419864   0.0191405
-0.00965536   0.0419864   0.0901857   0.0114762
   0.291347   0.0191405   0.0114762    0.384615
IMAGINARY
          0  -0.0123259 -0.00380703   0.0210632
  0.0123259           0  0.00551912  0.00764335
 0.00380703 -0.00551912           0  0.00337454
 -0.0210632 -0.00764335 -0.00337454           0
EndNode2[0]<--->HoM1[0]
REAL
   0.393401  -0.0125261  0.00373447    0.303676
 -0.0125261     0.11802   0.0446088  -0.0301197
 0.00373447   0.0446088    0.120558 -0.00990138
   0.303676  -0.0301197 -0.00990138     0.36802
IMAGINARY
           0   -0.0133017   0.00218898   -0.0120722
   0.0133017            0    0.0071094 -0.000893639
 -0.00218898   -0.0071094            0   -0.0113097
   0.0120722  0.000893639    0.0113097            0
Repeater1[0]<--->EndNode1[0]
REAL
    0.38992 -0.00965536    0.010204    0.291347
-0.00965536   0.0901857   0.0419864   0.0114762
   0.010204   0.0419864    0.135279   0.0191405
   0.291347   0.0114762   0.0191405    0.384615
IMAGINARY
          0 -0.00380703  -0.0123259   0.0210632
 0.00380703           0 -0.00551912  0.00337454
  0.0123259  0.00551912           0  0.00764335
 -0.0210632 -0.00337454 -0.00764335           0
Repeater1[0]<--->HoM1[0]
REAL
   0.393401  0.00373447  -0.0125261    0.303676
 0.00373447    0.120558   0.0446088 -0.00990138
 -0.0125261   0.0446088     0.11802  -0.0301197
   0.303676 -0.00990138  -0.0301197     0.36802
IMAGINARY
           0   0.00218898   -0.0133017   -0.0120722
 -0.00218898            0   -0.0071094   -0.0113097
   0.0133017    0.0071094            0 -0.000893639
   0.0120722    0.0113097  0.000893639            0
EndNode1[0]<--->Repeater1[0]
REAL
   0.398684  -0.0230217 -0.00156048    0.298164
 -0.0230217    0.114474   0.0369143   -0.018073
-0.00156048   0.0369143    0.117105  0.00862383
   0.298164   -0.018073  0.00862383    0.369737
IMAGINARY
           0  -0.00806796    0.0103169   0.00348886
  0.00806796            0 -0.000924758   0.00968314
  -0.0103169  0.000924758            0   0.00431796
 -0.00348886  -0.00968314  -0.00431796            0
EndNode2[0]<--->HoM1[0]
REAL
   0.366667    0.014436  0.00757576    0.298504
   0.014436    0.130667    0.039842 -0.00757576
 0.00757576    0.039842       0.132 -0.00817036
   0.298504 -0.00757576 -0.00817036    0.370667
IMAGINARY
          0   0.0151133  -0.0151699  -0.0051505
 -0.0151133           0 -0.00321501 -0.00812762
  0.0151699  0.00321501           0   0.0105737
  0.0051505  0.00812762  -0.0105737           0
Repeater1[0]<--->EndNode1[0]
REAL
   0.398684 -0.00156048  -0.0230217    0.298164
-0.00156048    0.117105   0.0369143  0.00862383
 -0.0230217   0.0369143    0.114474   -0.018073
   0.298164  0.00862383   -0.018073    0.369737
IMAGINARY
           0    0.0103169  -0.00806796   0.00348886
  -0.0103169            0  0.000924758   0.00431796
  0.00806796 -0.000924758            0   0.00968314
 -0.00348886  -0.00431796  -0.00968314            0
Repeater1[0]<--->HoM1[0]
REAL
   0.366667  0.00757576    0.014436    0.298504
 0.00757576       0.132    0.039842 -0.00817036
   0.014436    0.039842    0.130667 -0.00757576
   0.298504 -0.00817036 -0.00757576    0.370667
IMAGINARY
          0  -0.0151699   0.0151133  -0.0051505
  0.0151699           0  0.00321501   0.0105737
 -0.0151133 -0.00321501           0 -0.00812762
  0.0051505  -0.0105737  0.00812762           0
EndNode1[0]<--->Repeater1[0]
REAL
   0.406758  0.00724987 -0.00993875    0.306747
 0.00724987    0.108886   0.0426197  0.00360964
-0.00993875   0.0426197    0.101377 -0.00471822
   0.306747  0.00360964 -0.00471822    0.382979
IMAGINARY
          0  0.00311401  0.00492795  0.00570259
-0.00311401           0   0.0120639   0.0122711
-0.00492795  -0.0120639           0   -0.020313
-0.00570259  -0.0122711    0.020313           0
EndNode2[0]<--->HoM1[0]
REAL
   0.369792   0.0049889 -0.00549328    0.301268
  0.0049889   0.0976562   0.0349499   0.0181431
-0.00549328   0.0349499    0.138021   0.0116556
   0.301268   0.0181431   0.0116556    0.394531
IMAGINARY
          0  0.00771514 -0.00751259   0.0101842
-0.00771514           0  -0.0108132    0.016651
 0.00751259   0.0108132           0  -0.0103261
 -0.0101842   -0.016651   0.0103261           0
Repeater1[0]<--->EndNode1[0]
REAL
   0.406758 -0.00993875  0.00724987    0.306747
-0.00993875    0.101377   0.0426197 -0.00471822
 0.00724987   0.0426197    0.108886  0.00360964
   0.306747 -0.00471822  0.00360964    0.382979
IMAGINARY
          0  0.00492795  0.00311401  0.00570259
-0.00492795           0  -0.0120639   -0.020313
-0.00311401   0.0120639           0   0.0122711
-0.00570259    0.020313  -0.0122711           0
Repeater1[0]<--->HoM1[0]
REAL
   0.369792 -0.00549328   0.0049889    0.301268
-0.00549328    0.138021   0.0349499   0.0116556
  0.0049889   0.0349499   0.0976562   0.0181431
   0.301268   0.0116556   0.0181431    0.394531
IMAGINARY
          0 -0.00751259  0.00771514   0.0101842
 0.00751259           0   0.0108132  -0.0103261
-0.00771514  -0.0108132           0    0.016651
 -0.0101842   0.0103261   -0.016651           0
EndNode1[0]<--->Repeater1[0]
REAL
   0.379177  -0.0024487  0.00168341      0.3138
 -0.0024487    0.114396   0.0357573 -0.00357975
 0.00168341   0.0357573    0.119537 -0.00576875
     0.3138 -0.00357975 -0.00576875    0.386889
IMAGINARY
           0   -0.0115321   0.00640008    -0.005582
   0.0115321            0 -0.000667998   -0.0123667
 -0.00640008  0.000667998            0  -0.00875431
    0.005582    0.0123667   0.00875431            0
EndNode2[0]<--->HoM1[0]
REAL
   0.359638  -0.0111096 -0.00535021    0.282746
 -0.0111096     0.12031   0.0304993  0.00203895
-0.00535021   0.0304993    0.115136   0.0276659
   0.282746  0.00203895   0.0276659    0.404916
IMAGINARY
          0  -0.0133786  -0.0120504 -0.00399836
  0.0133786           0   0.0156867 -0.00399585
  0.0120504  -0.0156867           0  -0.0078024
 0.00399836  0.00399585   0.0078024           0
Repeater1[0]<--->EndNode1[0]
REAL
   0.379177  0.00168341  -0.0024487      0.3138
 0.00168341    0.119537   0.0357573 -0.00576875
 -0.0024487   0.0357573    0.114396 -0.00357975
     0.3138 -0.00576875 -0.00357975    0.386889
IMAGINARY
           0   0.00640008   -0.0115321    -0.005582
 -0.00640008            0  0.000667998  -0.00875431
   0.0115321 -0.000667998            0   -0.0123667
    0.005582   0.00875431    0.0123667            0
Repeater1[0]<--->HoM1[0]
REAL
   0.359638 -0.00535021  -0.0111096    0.282746
-0.00535021    0.115136   0.0304993   0.0276659
 -0.0111096   0.0304993     0.12031  0.00203895
   0.282746   0.0276659  0.00203895    0.404916
IMAGINARY
          0  -0.0120504  -0.0133786 -0.00399836
  0.0120504           0  -0.0156867  -0.0078024
  0.0133786   0.0156867           0 -0.00399585
 0.00399836   0.0078024  0.00399585           0
EndNode1[0]<--->Repeater1[0]
REAL
   0.367137 -0.00108503 -0.00374778    0.302931
-0.00108503    0.123235   0.0257495 -0.00894258
-0.00374778   0.0257495    0.129653  0.00996828
   0.302931 -0.00894258  0.00996828    0.379974
IMAGINARY
          0 -0.00333942  -0.0166891   0.0073647
 0.00333942           0  0.00145142   0.0307831
  0.0166891 -0.00145142           0 -0.00270085
 -0.0073647  -0.0307831  0.00270085           0
EndNode2[0]<--->HoM1[0]
REAL
    0.380531  -0.00660502  -0.00784165      0.30474
 -0.00660502     0.142857    0.0235299 -0.000744876
 -0.00784165    0.0235299     0.123894   -0.0310436
     0.30474 -0.000744876   -0.0310436     0.352718
IMAGINARY
           0   -0.0088169    0.0189589   0.00106083
   0.0088169            0  -0.00891423 -0.000297395
  -0.0189589   0.00891423            0    0.0081734
 -0.00106083  0.000297395   -0.0081734            0
Repeater1[0]<--->EndNode1[0]
REAL
   0.367137 -0.00374778 -0.00108503    0.302931
-0.00374778    0.129653   0.0257495  0.00996828
-0.00108503   0.0257495    0.123235 -0.00894258
   0.302931  0.00996828 -0.00894258    0.379974
IMAGINARY
          0  -0.0166891 -0.00333942   0.0073647
  0.0166891           0 -0.00145142 -0.00270085
 0.00333942  0.00145142           0   0.0307831
 -0.0073647  0.00270085  -0.0307831           0
Repeater1[0]<--->HoM1[0]
REAL
    0.380531  -0.00784165  -0.00660502      0.30474
 -0.00784165     0.123894    0.0235299   -0.0310436
 -0.00660502    0.0235299     0.142857 -0.000744876
     0.30474   -0.0310436 -0.000744876     0.352718
IMAGINARY
           0    0.0189589   -0.0088169   0.00106083
  -0.0189589            0   0.00891423    0.0081734
   0.0088169  -0.00891423            0 -0.000297395
 -0.00106083   -0.0081734  0.000297395            0
EndNode1[0]<--->Repeater1[0]
REAL
  0.385482 -0.0235434 -0.0030413   0.294772
-0.0235434   0.107635  0.0500121 -0.0249485
-0.0030413  0.0500121   0.126408 -0.0222581
  0.294772 -0.0249485 -0.0222581   0.380476
IMAGINARY
          0  -0.0128014  -0.0138871 -0.00332547
  0.0128014           0    -0.04139    0.024368
  0.0138871     0.04139           0  0.00108748
 0.00332547   -0.024368 -0.00108748           0
EndNode2[0]<--->HoM1[0]
REAL
   0.353308  0.00191246  0.00464603     0.30359
 0.00191246    0.116105   0.0588304 -0.00400909
 0.00464603   0.0588304    0.127341  0.00127225
    0.30359 -0.00400909  0.00127225    0.403246
IMAGINARY
          0  0.00242086   0.0183582  -0.0175968
-0.00242086           0  -0.0122634 -0.00294509
 -0.0183582   0.0122634           0  -0.0166009
  0.0175968  0.00294509   0.0166009           0
Repeater1[0]<--->EndNode1[0]
REAL
  0.385482 -0.0030413 -0.0235434   0.294772
-0.0030413   0.126408  0.0500121 -0.0222581
-0.0235434  0.0500121   0.107635 -0.0249485
  0.294772 -0.0222581 -0.0249485   0.380476
IMAGINARY
          0  -0.0138871  -0.0128014 -0.00332547
  0.0138871           0     0.04139  0.00108748
  0.0128014    -0.04139           0    0.024368
 0.00332547 -0.00108748   -0.024368           0
Repeater1[0]<--->HoM1[0]
REAL
   0.353308  0.00464603  0.00191246     0.30359
 0.00464603    0.127341   0.0588304  0.00127225
 0.00191246   0.0588304    0.116105 -0.00400909
    0.30359  0.00127225 -0.00400909    0.403246
IMAGINARY
          0   0.0183582  0.00242086  -0.0175968
 -0.0183582           0   0.0122634  -0.0166009
-0.00242086  -0.0122634           0 -0.00294509
  0.0175968   0.0166009  0.00294509           0
EndNode1[0]<--->Repeater1[0]
REAL
   0.360202 -0.00264708  -0.0172884    0.307471
-0.00264708     0.11461   0.0274161  0.00730174
 -0.0172884   0.0274161    0.103275 -0.00201337
   0.307471  0.00730174 -0.00201337    0.421914
IMAGINARY
          0   0.0152216  0.00637404 -0.00799447
 -0.0152216           0 -0.00990529  0.00182268
-0.00637404  0.00990529           0  0.00253799
 0.00799447 -0.00182268 -0.00253799           0
EndNode2[0]<--->HoM1[0]
REAL
      0.375 -0.00823635  -0.0216939    0.306018
-0.00823635    0.134211   0.0360183 0.000806136
 -0.0216939   0.0360183    0.118421   -0.003513
   0.306018 0.000806136   -0.003513    0.372368
IMAGINARY
          0  0.00777244 -0.00447704   0.0105907
-0.00777244           0 -0.00432501  0.00572704
 0.00447704  0.00432501           0  -0.0140224
 -0.0105907 -0.00572704   0.0140224           0
Repeater1[0]<--->EndNode1[0]
REAL
   0.360202  -0.0172884 -0.00264708    0.307471
 -0.0172884    0.103275   0.0274161 -0.00201337
-0.00264708   0.0274161     0.11461  0.00730174
   0.307471 -0.00201337  0.00730174    0.421914
IMAGINARY
          0  0.00637404   0.0152216 -0.00799447
-0.00637404           0  0.00990529  0.00253799
 -0.0152216 -0.00990529           0  0.00182268
 0.00799447 -0.00253799 -0.00182268           0
Repeater1[0]<--->HoM1[0]
REAL
      0.375  -0.0216939 -0.00823635    0.306018
 -0.0216939    0.118421   0.0360183   -0.003513
-0.00823635   0.0360183    0.134211 0.000806136
   0.306018   -0.003513 0.000806136    0.372368
IMAGINARY
          0 -0.00447704  0.00777244   0.0105907
 0.00447704           0  0.00432501  -0.0140224
-0.00777244 -0.00432501           0  0.00572704
 -0.0105907   0.0140224 -0.00572704           0
EndNode1[0]<--->Repeater1[0]
REAL
  0.383598 0.00543302  0.0114669   0.306416
0.00543302   0.117725  0.0258669 0.00429607
 0.0114669  0.0258669   0.113757  0.0267233
  0.306416 0.00429607  0.0267233   0.384921
IMAGINARY
           0   0.00584945   -0.0174145   -0.0154653
 -0.00584945            0    0.0070347    0.0161676
   0.0174145   -0.0070347            0  0.000384967
   0.0154653   -0.0161676 -0.000384967            0
EndNode2[0]<--->HoM1[0]
REAL
   0.372215  -0.0100214  0.00897633    0.306983
 -0.0100214    0.115334   0.0525749 -0.00182418
 0.00897633   0.0525749    0.114024  -0.0062335
   0.306983 -0.00182418  -0.0062335    0.398427
IMAGINARY
          0   0.0104808  0.00991691   0.0110099
 -0.0104808           0    0.023081  -0.0212519
-0.00991691   -0.023081           0 -0.00292408
 -0.0110099   0.0212519  0.00292408           0
Repeater1[0]<--->EndNode1[0]
REAL
  0.383598  0.0114669 0.00543302   0.306416
 0.0114669   0.113757  0.0258669  0.0267233
0.00543302  0.0258669   0.117725 0.00429607
  0.306416  0.0267233 0.00429607   0.384921
IMAGINARY
           0   -0.0174145   0.00584945   -0.0154653
   0.0174145            0   -0.0070347  0.000384967
 -0.00584945    0.0070347            0    0.0161676
   0.0154653 -0.000384967   -0.0161676            0
Repeater1[0]<--->HoM1[0]
REAL
   0.372215  0.00897633  -0.0100214    0.306983
 0.00897633    0.114024   0.0525749  -0.0062335
 -0.0100214   0.0525749    0.115334 -0.00182418
   0.306983  -0.0062335 -0.00182418    0.398427
IMAGINARY
          0  0.00991691   0.0104808   0.0110099
-0.00991691           0   -0.023081 -0.00292408
 -0.0104808    0.023081           0  -0.0212519
 -0.0110099  0.00292408   0.0212519           0
EndNode1[0]<--->Repeater1[0]
REAL
   0.395473 -0.00161709   0.0148171    0.308857
-0.00161709    0.103862   0.0533015  -0.0154672
  0.0148171   0.0533015    0.146471 0.000966892
   0.308857  -0.0154672 0.000966892    0.354194
IMAGINARY
          0  0.00946942  -0.0161752   0.0131731
-0.00946942           0   0.0144651   -0.023694
  0.0161752  -0.0144651           0   0.0212495
 -0.0131731    0.023694  -0.0212495           0
EndNode2[0]<--->HoM1[0]
REAL
  0.357326   0.012884 0.00332706   0.287649
  0.012884   0.113111  0.0445659 0.00942462
