EndNode1[0]<--->Repeater1[0]
REAL
   0.419689 -0.00307066   0.0441373    0.259441
-0.00307066    0.154145   0.0367851   0.0118376
  0.0441373   0.0367851    0.126943   0.0263411
   0.259441   0.0118376   0.0263411    0.299223
IMAGINARY
          0  -0.0331642   0.0239519 -0.00300946
  0.0331642           0  -0.0106044  0.00599606
 -0.0239519   0.0106044           0  -0.0032941
 0.00300946 -0.00599606   0.0032941           0
EndNode2[0]<--->HoM1[0]
REAL
  0.439547 0.00347083 -0.0126599   0.319995
0.00347083   0.104534  0.0374985 0.00528886
-0.0126599  0.0374985   0.102015 -0.0182128
  0.319995 0.00528886 -0.0182128   0.353904
IMAGINARY
           0   0.00274233   -0.0185389    -0.010291
 -0.00274233            0  0.000291005    0.0320524
   0.0185389 -0.000291005            0   -0.0149688
    0.010291   -0.0320524    0.0149688            0
Repeater1[0]<--->EndNode1[0]
REAL
   0.419689   0.0441373 -0.00307066    0.259441
  0.0441373    0.126943   0.0367851   0.0263411
-0.00307066   0.0367851    0.154145   0.0118376
   0.259441   0.0263411   0.0118376    0.299223
IMAGINARY
          0   0.0239519  -0.0331642 -0.00300946
 -0.0239519           0   0.0106044  -0.0032941
  0.0331642  -0.0106044           0  0.00599606
 0.00300946   0.0032941 -0.00599606           0
Repeater1[0]<--->HoM1[0]
REAL
  0.439547 -0.0126599 0.00347083   0.319995
-0.0126599   0.102015  0.0374985 -0.0182128
0.00347083  0.0374985   0.104534 0.00528886
  0.319995 -0.0182128 0.00528886   0.353904
IMAGINARY
           0   -0.0185389   0.00274233    -0.010291
   0.0185389            0 -0.000291005   -0.0149688
 -0.00274233  0.000291005            0    0.0320524
    0.010291    0.0149688   -0.0320524            0
EndNode1[0]<--->Repeater1[0]
REAL
  0.465234  -0.011718 0.00552549   0.251496
 -0.011718   0.155499  0.0114956 -0.0188335
0.00552549  0.0114956   0.106195 -0.0129968
  0.251496 -0.0188335 -0.0129968   0.273072
IMAGINARY
          0  -0.0134247 -0.00557062 -0.00324172
  0.0134247           0   0.0140422  0.00290395
 0.00557062  -0.0140422           0  0.00942473
 0.00324172 -0.00290395 -0.00942473           0
EndNode2[0]<--->HoM1[0]
REAL
   0.426295  0.00167785   0.0100659    0.316751
 0.00167785   0.0916335   0.0170057  -0.0113349
  0.0100659   0.0170057   0.0889774 -0.00167785
   0.316751  -0.0113349 -0.00167785    0.393094
IMAGINARY
          0  0.00318878    0.010294  -0.0119993
-0.00318878           0   0.0236272   0.0024611
  -0.010294  -0.0236272           0  0.00318878
  0.0119993  -0.0024611 -0.00318878           0
Repeater1[0]<--->EndNode1[0]
REAL
  0.465234 0.00552549  -0.011718   0.251496
0.00552549   0.106195  0.0114956 -0.0129968
 -0.011718  0.0114956   0.155499 -0.0188335
  0.251496 -0.0129968 -0.0188335   0.273072
IMAGINARY
          0 -0.00557062  -0.0134247 -0.00324172
 0.00557062           0  -0.0140422  0.00942473
  0.0134247   0.0140422           0  0.00290395
 0.00324172 -0.00942473 -0.00290395           0
Repeater1[0]<--->HoM1[0]
REAL
   0.426295   0.0100659  0.00167785    0.316751
  0.0100659   0.0889774   0.0170057 -0.00167785
 0.00167785   0.0170057   0.0916335  -0.0113349
   0.316751 -0.00167785  -0.0113349    0.393094
IMAGINARY
          0    0.010294  0.00318878  -0.0119993
  -0.010294           0  -0.0236272  0.00318878
-0.00318878   0.0236272           0   0.0024611
  0.0119993 -0.00318878  -0.0024611           0
EndNode1[0]<--->Repeater1[0]
REAL
   0.432331   0.0132215 -0.00623926    0.263064
  0.0132215    0.159148   0.0161083 -0.00818985
-0.00623926   0.0161083     0.12406  -0.0151036
   0.263064 -0.00818985  -0.0151036    0.284461
IMAGINARY
          0  0.00656636   0.0103679  0.00652807
-0.00656636           0  0.00719742  0.00384049
 -0.0103679 -0.00719742           0  0.00222931
-0.00652807 -0.00384049 -0.00222931           0
EndNode2[0]<--->HoM1[0]
REAL
   0.449804   0.0101298  -0.0198933     0.33286
  0.0101298    0.108214   0.0154689 -0.00838434
 -0.0198933   0.0154689   0.0886571  -0.0152712
    0.33286 -0.00838434  -0.0152712    0.353325
IMAGINARY
           0 -0.000641685    0.0108358   -0.0179467
 0.000641685            0   -0.0338703  -0.00648797
  -0.0108358    0.0338703            0  2.05668e-05
   0.0179467   0.00648797 -2.05668e-05            0
Repeater1[0]<--->EndNode1[0]
REAL
   0.432331 -0.00623926   0.0132215    0.263064
-0.00623926     0.12406   0.0161083  -0.0151036
  0.0132215   0.0161083    0.159148 -0.00818985
   0.263064  -0.0151036 -0.00818985    0.284461
IMAGINARY
          0   0.0103679  0.00656636  0.00652807
 -0.0103679           0 -0.00719742  0.00222931
-0.00656636  0.00719742           0  0.00384049
-0.00652807 -0.00222931 -0.00384049           0
Repeater1[0]<--->HoM1[0]
REAL
   0.449804  -0.0198933   0.0101298     0.33286
 -0.0198933   0.0886571   0.0154689  -0.0152712
  0.0101298   0.0154689    0.108214 -0.00838434
    0.33286  -0.0152712 -0.00838434    0.353325
IMAGINARY
           0    0.0108358 -0.000641685   -0.0179467
  -0.0108358            0    0.0338703  2.05668e-05
 0.000641685   -0.0338703            0  -0.00648797
   0.0179467 -2.05668e-05   0.00648797            0
