EndNode1[0]<--->Repeater1[0]
REAL
   0.508387 -0.00723439 -0.00629914    0.248281
-0.00723439    0.108387   0.0128376  -0.0133959
-0.00629914   0.0128376    0.113548  0.00532842
   0.248281  -0.0133959  0.00532842    0.269677
IMAGINARY
           0 -0.000613635   0.00709052  -0.00568436
 0.000613635            0   0.00827503    0.0283525
 -0.00709052  -0.00827503            0   -0.0158421
  0.00568436   -0.0283525    0.0158421            0
EndNode2[0]<--->HoM1[0]
REAL
   0.494778  0.00511524  0.00299065    0.320232
 0.00511524   0.0874674 0.000623886  0.00235694
 0.00299065 0.000623886   0.0770235 -0.00244144
   0.320232  0.00235694 -0.00244144    0.340731
IMAGINARY
          0 -0.00137672 -0.00378043  -0.0171257
 0.00137672           0 -0.00512565  -0.0256313
 0.00378043  0.00512565           0   0.0281741
  0.0171257   0.0256313  -0.0281741           0
Repeater1[0]<--->EndNode1[0]
REAL
   0.508387 -0.00629914 -0.00723439    0.248281
-0.00629914    0.113548   0.0128376  0.00532842
-0.00723439   0.0128376    0.108387  -0.0133959
   0.248281  0.00532842  -0.0133959    0.269677
IMAGINARY
           0   0.00709052 -0.000613635  -0.00568436
 -0.00709052            0  -0.00827503   -0.0158421
 0.000613635   0.00827503            0    0.0283525
  0.00568436    0.0158421   -0.0283525            0
Repeater1[0]<--->HoM1[0]
REAL
   0.494778  0.00299065  0.00511524    0.320232
 0.00299065   0.0770235 0.000623886 -0.00244144
 0.00511524 0.000623886   0.0874674  0.00235694
   0.320232 -0.00244144  0.00235694    0.340731
IMAGINARY
          0 -0.00378043 -0.00137672  -0.0171257
 0.00378043           0  0.00512565   0.0281741
 0.00137672 -0.00512565           0  -0.0256313
  0.0171257  -0.0281741   0.0256313           0
EndNode1[0]<--->Repeater1[0]
REAL
    0.47014  0.00583646  0.00422883    0.252543
 0.00583646    0.141042 0.000352758  0.00799768
 0.00422883 0.000352758    0.125794   -0.011628
   0.252543  0.00799768   -0.011628    0.263024
IMAGINARY
          0  0.00813913  -0.0120055   -0.023929
-0.00813913           0   0.0156488 -0.00113593
  0.0120055  -0.0156488           0  0.00750542
   0.023929  0.00113593 -0.00750542           0
EndNode2[0]<--->HoM1[0]
REAL
  0.450307 -0.0190476 -0.0052536   0.330852
-0.0190476  0.0944785  0.0101996 0.00462782
-0.0052536  0.0101996  0.0883436 -0.0053579
  0.330852 0.00462782 -0.0053579   0.366871
IMAGINARY
           0     0.011548   0.00264736  -0.00873695
   -0.011548            0    0.0118816  7.00359e-05
 -0.00264736   -0.0118816            0 -0.000678474
  0.00873695 -7.00359e-05  0.000678474            0
Repeater1[0]<--->EndNode1[0]
REAL
    0.47014  0.00422883  0.00583646    0.252543
 0.00422883    0.125794 0.000352758   -0.011628
 0.00583646 0.000352758    0.141042  0.00799768
   0.252543   -0.011628  0.00799768    0.263024
IMAGINARY
          0  -0.0120055  0.00813913   -0.023929
  0.0120055           0  -0.0156488  0.00750542
-0.00813913   0.0156488           0 -0.00113593
   0.023929 -0.00750542  0.00113593           0
Repeater1[0]<--->HoM1[0]
REAL
  0.450307 -0.0052536 -0.0190476   0.330852
-0.0052536  0.0883436  0.0101996 -0.0053579
-0.0190476  0.0101996  0.0944785 0.00462782
  0.330852 -0.0053579 0.00462782   0.366871
IMAGINARY
           0   0.00264736     0.011548  -0.00873695
 -0.00264736            0   -0.0118816 -0.000678474
   -0.011548    0.0118816            0  7.00359e-05
  0.00873695  0.000678474 -7.00359e-05            0
EndNode1[0]<--->Repeater1[0]
REAL
  0.485981 -0.0026276 0.00447435   0.221937
-0.0026276   0.109479  0.0119131  0.0149055
0.00447435  0.0119131   0.137517  0.0142555
  0.221937  0.0149055  0.0142555   0.267023
IMAGINARY
          0 -0.00527869 -0.00338212  0.00757576
 0.00527869           0  0.00757576  0.00457544
 0.00338212 -0.00757576           0   -0.016201
-0.00757576 -0.00457544    0.016201           0
EndNode2[0]<--->HoM1[0]
REAL
   0.449032  -0.0200136 -0.00955576     0.33302
 -0.0200136    0.105806 8.72495e-05  -0.0128323
-0.00955576 8.72495e-05   0.0890323  -0.0200136
    0.33302  -0.0128323  -0.0200136    0.356129
IMAGINARY
          0 -0.00980564  -0.0101735   0.0104928
 0.00980564           0  0.00339606   0.0294043
  0.0101735 -0.00339606           0 -0.00101167
 -0.0104928  -0.0294043  0.00101167           0
Repeater1[0]<--->EndNode1[0]
REAL
  0.485981 0.00447435 -0.0026276   0.221937
0.00447435   0.137517  0.0119131  0.0142555
-0.0026276  0.0119131   0.109479  0.0149055
  0.221937  0.0142555  0.0149055   0.267023
IMAGINARY
          0 -0.00338212 -0.00527869  0.00757576
 0.00338212           0 -0.00757576   -0.016201
 0.00527869  0.00757576           0  0.00457544
-0.00757576    0.016201 -0.00457544           0
Repeater1[0]<--->HoM1[0]
REAL
   0.449032 -0.00955576  -0.0200136     0.33302
-0.00955576   0.0890323 8.72495e-05  -0.0200136
 -0.0200136 8.72495e-05    0.105806  -0.0128323
    0.33302  -0.0200136  -0.0128323    0.356129
IMAGINARY
          0  -0.0101735 -0.00980564   0.0104928
  0.0101735           0 -0.00339606 -0.00101167
 0.00980564  0.00339606           0   0.0294043
 -0.0104928  0.00101167  -0.0294043           0
EndNode1[0]<--->Repeater1[0]
REAL
   0.533898  0.00468854   0.0178027    0.228844
 0.00468854    0.115012  0.00110229 -0.00443368
  0.0178027  0.00110229    0.123487   0.0193756
   0.228844 -0.00443368   0.0193756    0.227603
IMAGINARY
          0 -0.00836302  -0.0144439   0.0130725
 0.00836302           0  0.00974364 -0.00426578
  0.0144439 -0.00974364           0   0.0102985
 -0.0130725  0.00426578  -0.0102985           0
EndNode2[0]<--->HoM1[0]
REAL
   0.458704  -0.0202458  0.00731812    0.319503
 -0.0202458   0.0991105 -0.00615115  -0.0168549
 0.00731812 -0.00615115    0.101652  0.00662182
   0.319503  -0.0168549  0.00662182    0.340534
IMAGINARY
           0   -0.0159599  -0.00744684  -0.00692394
   0.0159599            0  0.000399625  -0.00811979
  0.00744684 -0.000399625            0  -0.00583335
  0.00692394   0.00811979   0.00583335            0
Repeater1[0]<--->EndNode1[0]
REAL
   0.533898   0.0178027  0.00468854    0.228844
  0.0178027    0.123487  0.00110229   0.0193756
 0.00468854  0.00110229    0.115012 -0.00443368
   0.228844   0.0193756 -0.00443368    0.227603
IMAGINARY
          0  -0.0144439 -0.00836302   0.0130725
  0.0144439           0 -0.00974364   0.0102985
 0.00836302  0.00974364           0 -0.00426578
 -0.0130725  -0.0102985  0.00426578           0
Repeater1[0]<--->HoM1[0]
REAL
   0.458704  0.00731812  -0.0202458    0.319503
 0.00731812    0.101652 -0.00615115  0.00662182
 -0.0202458 -0.00615115   0.0991105  -0.0168549
   0.319503  0.00662182  -0.0168549    0.340534
IMAGINARY
           0  -0.00744684   -0.0159599  -0.00692394
  0.00744684            0 -0.000399625  -0.00583335
   0.0159599  0.000399625            0  -0.00811979
  0.00692394   0.00583335   0.00811979            0
EndNode1[0]<--->Repeater1[0]
REAL
   0.483791  -0.0061707  -0.0221053    0.220866
 -0.0061707    0.120948 -0.00716215  -0.0111376
 -0.0221053 -0.00716215    0.114713  -0.0121468
   0.220866  -0.0111376  -0.0121468    0.280549
IMAGINARY
           0   -0.0128524 -0.000134569   -0.0105756
   0.0128524            0   0.00878352  -0.00342838
 0.000134569  -0.00878352            0  -0.00614998
   0.0105756   0.00342838   0.00614998            0
EndNode2[0]<--->HoM1[0]
REAL
   0.486452   0.0144972   0.0167999    0.317946
  0.0144972   0.0825806  0.00751337 0.000260464
  0.0167999  0.00751337   0.0658065   0.0301222
   0.317946 0.000260464   0.0301222    0.365161
IMAGINARY
           0 -0.000595232   0.00641026    0.0203897
 0.000595232            0  -0.00566494  -0.00641026
 -0.00641026   0.00566494            0   -0.0108551
  -0.0203897   0.00641026    0.0108551            0
Repeater1[0]<--->EndNode1[0]
REAL
   0.483791  -0.0221053  -0.0061707    0.220866
 -0.0221053    0.114713 -0.00716215  -0.0121468
 -0.0061707 -0.00716215    0.120948  -0.0111376
   0.220866  -0.0121468  -0.0111376    0.280549
IMAGINARY
           0 -0.000134569   -0.0128524   -0.0105756
 0.000134569            0  -0.00878352  -0.00614998
   0.0128524   0.00878352            0  -0.00342838
   0.0105756   0.00614998   0.00342838            0
Repeater1[0]<--->HoM1[0]
REAL
   0.486452   0.0167999   0.0144972    0.317946
  0.0167999   0.0658065  0.00751337   0.0301222
  0.0144972  0.00751337   0.0825806 0.000260464
   0.317946   0.0301222 0.000260464    0.365161
IMAGINARY
           0   0.00641026 -0.000595232    0.0203897
 -0.00641026            0   0.00566494   -0.0108551
 0.000595232  -0.00566494            0  -0.00641026
  -0.0203897    0.0108551   0.00641026            0
