EndNode1[0]<--->Repeater1[0]
REAL
   0.511421  -0.0166636  -0.0303804    0.238239
 -0.0166636    0.125635   0.0136218 0.000603765
 -0.0303804   0.0136218    0.107868 -0.00070614
   0.238239 0.000603765 -0.00070614    0.255076
IMAGINARY
          0   0.0280017   -0.015016  -0.0197241
 -0.0280017           0  2.9021e-05  -0.0190591
   0.015016 -2.9021e-05           0   0.0144183
  0.0197241   0.0190591  -0.0144183           0
EndNode2[0]<--->HoM1[0]
REAL
   0.489446 -0.00138057   0.0121722    0.325308
-0.00138057   0.0963061   0.0141825  0.00757301
  0.0121722   0.0141825   0.0897098   0.0109347
   0.325308  0.00757301   0.0109347    0.324538
IMAGINARY
          0 -0.00637308  0.00970166   0.0223738
 0.00637308           0   0.0166991  -0.0181105
-0.00970166  -0.0166991           0   0.0121946
 -0.0223738   0.0181105  -0.0121946           0
Repeater1[0]<--->EndNode1[0]
REAL
   0.511421  -0.0303804  -0.0166636    0.238239
 -0.0303804    0.107868   0.0136218 -0.00070614
 -0.0166636   0.0136218    0.125635 0.000603765
   0.238239 -0.00070614 0.000603765    0.255076
IMAGINARY
          0   -0.015016   0.0280017  -0.0197241
   0.015016           0 -2.9021e-05   0.0144183
 -0.0280017  2.9021e-05           0  -0.0190591
  0.0197241  -0.0144183   0.0190591           0
Repeater1[0]<--->HoM1[0]
REAL
   0.489446   0.0121722 -0.00138057    0.325308
  0.0121722   0.0897098   0.0141825   0.0109347
-0.00138057   0.0141825   0.0963061  0.00757301
   0.325308   0.0109347  0.00757301    0.324538
IMAGINARY
          0  0.00970166 -0.00637308   0.0223738
-0.00970166           0  -0.0166991   0.0121946
 0.00637308   0.0166991           0  -0.0181105
 -0.0223738  -0.0121946   0.0181105           0
EndNode1[0]<--->Repeater1[0]
REAL
    0.49047  -0.0145282 -0.00593625    0.234864
 -0.0145282    0.100381  -0.0054671   -0.021739
-0.00593625  -0.0054671     0.13723   -0.013147
   0.234864   -0.021739   -0.013147    0.271919
IMAGINARY
           0    0.0187019   -0.0141976    0.0135252
  -0.0187019            0  -0.00777807   0.00176665
   0.0141976   0.00777807            0 -0.000746064
  -0.0135252  -0.00176665  0.000746064            0
EndNode2[0]<--->HoM1[0]
REAL
   0.448231 -0.00575262   0.0144482    0.327764
-0.00575262   0.0838794  0.00150417  -0.0217653
  0.0144482  0.00150417   0.0930537 -0.00888153
   0.327764  -0.0217653 -0.00888153    0.374836
IMAGINARY
          0  0.00612076  -0.0107496  -0.0137929
-0.00612076           0  0.00472558 -0.00118675
  0.0107496 -0.00472558           0   0.0018368
  0.0137929  0.00118675  -0.0018368           0
Repeater1[0]<--->EndNode1[0]
REAL
    0.49047 -0.00593625  -0.0145282    0.234864
-0.00593625     0.13723  -0.0054671   -0.013147
 -0.0145282  -0.0054671    0.100381   -0.021739
   0.234864   -0.013147   -0.021739    0.271919
IMAGINARY
           0   -0.0141976    0.0187019    0.0135252
   0.0141976            0   0.00777807 -0.000746064
  -0.0187019  -0.00777807            0   0.00176665
  -0.0135252  0.000746064  -0.00176665            0
Repeater1[0]<--->HoM1[0]
REAL
   0.448231   0.0144482 -0.00575262    0.327764
  0.0144482   0.0930537  0.00150417 -0.00888153
-0.00575262  0.00150417   0.0838794  -0.0217653
   0.327764 -0.00888153  -0.0217653    0.374836
IMAGINARY
          0  -0.0107496  0.00612076  -0.0137929
  0.0107496           0 -0.00472558   0.0018368
-0.00612076  0.00472558           0 -0.00118675
  0.0137929  -0.0018368  0.00118675           0
EndNode1[0]<--->Repeater1[0]
REAL
   0.506527   0.0107096 -0.00778224    0.242212
  0.0107096    0.124021 -0.00615793 -0.00650347
-0.00778224 -0.00615793    0.113577  -0.0113899
   0.242212 -0.00650347  -0.0113899    0.255875
IMAGINARY
         0 -0.0275042 -0.0067419 -0.0228126
 0.0275042          0 -0.0119012  0.0126089
 0.0067419  0.0119012          0 -0.0135649
 0.0228126 -0.0126089  0.0135649          0
EndNode2[0]<--->HoM1[0]
REAL
    0.478535     0.012551 -0.000437947     0.309339
    0.012551    0.0972222  -0.00752541   0.00432396
-0.000437947  -0.00752541    0.0795455  -0.00477894
    0.309339   0.00432396  -0.00477894     0.344697
IMAGINARY
          0   0.0257175  -0.0137579  0.00471225
 -0.0257175           0   0.0165233 -0.00798125
  0.0137579  -0.0165233           0 -0.00266086
-0.00471225  0.00798125  0.00266086           0
Repeater1[0]<--->EndNode1[0]
REAL
   0.506527 -0.00778224   0.0107096    0.242212
-0.00778224    0.113577 -0.00615793  -0.0113899
  0.0107096 -0.00615793    0.124021 -0.00650347
   0.242212  -0.0113899 -0.00650347    0.255875
IMAGINARY
         0 -0.0067419 -0.0275042 -0.0228126
 0.0067419          0  0.0119012 -0.0135649
 0.0275042 -0.0119012          0  0.0126089
 0.0228126  0.0135649 -0.0126089          0
Repeater1[0]<--->HoM1[0]
REAL
    0.478535 -0.000437947     0.012551     0.309339
-0.000437947    0.0795455  -0.00752541  -0.00477894
    0.012551  -0.00752541    0.0972222   0.00432396
    0.309339  -0.00477894   0.00432396     0.344697
IMAGINARY
          0  -0.0137579   0.0257175  0.00471225
  0.0137579           0  -0.0165233 -0.00266086
 -0.0257175   0.0165233           0 -0.00798125
-0.00471225  0.00266086  0.00798125           0
EndNode1[0]<--->Repeater1[0]
REAL
     0.5006  -0.0135272  0.00684932    0.236746
 -0.0135272     0.12605  -0.0138684 -0.00684932
 0.00684932  -0.0138684    0.121248 -0.00180303
   0.236746 -0.00684932 -0.00180303    0.252101
IMAGINARY
          0  -0.0268453 -0.00152381  -0.0201648
  0.0268453           0   0.0182968   0.0273223
 0.00152381  -0.0182968           0  -0.0149238
  0.0201648  -0.0273223   0.0149238           0
EndNode2[0]<--->HoM1[0]
REAL
   0.469231 -0.00394637   -0.011818    0.298522
-0.00394637   0.0730769 -0.00096078  0.00937899
  -0.011818 -0.00096078   0.0935897 -0.00580973
   0.298522  0.00937899 -0.00580973    0.364103
IMAGINARY
          0  0.00418985 -0.00362457  0.00710128
-0.00418985           0  0.00970544  -0.0151335
 0.00362457 -0.00970544           0   0.0055126
-0.00710128   0.0151335  -0.0055126           0
Repeater1[0]<--->EndNode1[0]
REAL
     0.5006  0.00684932  -0.0135272    0.236746
 0.00684932    0.121248  -0.0138684 -0.00180303
 -0.0135272  -0.0138684     0.12605 -0.00684932
   0.236746 -0.00180303 -0.00684932    0.252101
IMAGINARY
          0 -0.00152381  -0.0268453  -0.0201648
 0.00152381           0  -0.0182968  -0.0149238
  0.0268453   0.0182968           0   0.0273223
  0.0201648   0.0149238  -0.0273223           0
Repeater1[0]<--->HoM1[0]
REAL
   0.469231   -0.011818 -0.00394637    0.298522
  -0.011818   0.0935897 -0.00096078 -0.00580973
-0.00394637 -0.00096078   0.0730769  0.00937899
   0.298522 -0.00580973  0.00937899    0.364103
IMAGINARY
          0 -0.00362457  0.00418985  0.00710128
 0.00362457           0 -0.00970544   0.0055126
-0.00418985  0.00970544           0  -0.0151335
-0.00710128  -0.0055126   0.0151335           0
EndNode1[0]<--->Repeater1[0]
REAL
    0.46871 -0.00441426   0.0193904     0.23765
-0.00441426    0.158365 -0.00309048   -0.012163
  0.0193904 -0.00309048    0.114943  -0.0172677
    0.23765   -0.012163  -0.0172677    0.257982
IMAGINARY
           0  0.000424499   -0.0120977   -0.0148518
-0.000424499            0    0.0130292   0.00180961
   0.0120977   -0.0130292            0    0.0112353
   0.0148518  -0.00180961   -0.0112353            0
EndNode2[0]<--->HoM1[0]
REAL
   0.471653  0.00194238   0.0234466    0.316803
 0.00194238   0.0892642 -0.00606132  -0.0106589
  0.0234466 -0.00606132   0.0952955  0.00573026
   0.316803  -0.0106589  0.00573026    0.343788
IMAGINARY
          0  0.00757576  0.00236894  0.00794161
-0.00757576           0  0.00672506 -0.00865035
-0.00236894 -0.00672506           0 -0.00757576
-0.00794161  0.00865035  0.00757576           0
Repeater1[0]<--->EndNode1[0]
REAL
    0.46871   0.0193904 -0.00441426     0.23765
  0.0193904    0.114943 -0.00309048  -0.0172677
-0.00441426 -0.00309048    0.158365   -0.012163
    0.23765  -0.0172677   -0.012163    0.257982
IMAGINARY
           0   -0.0120977  0.000424499   -0.0148518
   0.0120977            0   -0.0130292    0.0112353
-0.000424499    0.0130292            0   0.00180961
   0.0148518   -0.0112353  -0.00180961            0
Repeater1[0]<--->HoM1[0]
REAL
   0.471653   0.0234466  0.00194238    0.316803
  0.0234466   0.0952955 -0.00606132  0.00573026
 0.00194238 -0.00606132   0.0892642  -0.0106589
   0.316803  0.00573026  -0.0106589    0.343788
IMAGINARY
          0  0.00236894  0.00757576  0.00794161
-0.00236894           0 -0.00672506 -0.00757576
-0.00757576  0.00672506           0 -0.00865035
-0.00794161  0.00757576  0.00865035           0
