EndNode1[0]<--->Repeater1[0]
REAL
   0.457862 -0.00808564  -0.0225783     0.35917
-0.00808564   0.0666667  0.00741158 -0.00982321
 -0.0225783  0.00741158   0.0553459  -0.0205039
    0.35917 -0.00982321  -0.0205039    0.420126
IMAGINARY
          0  0.00246029 -0.00194575  0.00531211
-0.00246029           0 -0.00593789   0.0182774
 0.00194575  0.00593789           0  -0.0338673
-0.00531211  -0.0182774   0.0338673           0
EndNode2[0]<--->HoM1[0]
REAL
   0.419146 -0.00785904 -0.00010203    0.347608
-0.00785904   0.0853816  0.00478592 -0.00521712
-0.00010203  0.00478592   0.0853816 -0.00410904
   0.347608 -0.00521712 -0.00410904    0.410091
IMAGINARY
          0  0.00357294 -0.00495661  0.00043643
-0.00357294           0  0.00373024 -0.00989488
 0.00495661 -0.00373024           0   0.0224172
-0.00043643  0.00989488  -0.0224172           0
Repeater1[0]<--->EndNode1[0]
REAL
   0.457862  -0.0225783 -0.00808564     0.35917
 -0.0225783   0.0553459  0.00741158  -0.0205039
-0.00808564  0.00741158   0.0666667 -0.00982321
    0.35917  -0.0205039 -0.00982321    0.420126
IMAGINARY
          0 -0.00194575  0.00246029  0.00531211
 0.00194575           0  0.00593789  -0.0338673
-0.00246029 -0.00593789           0   0.0182774
-0.00531211   0.0338673  -0.0182774           0
Repeater1[0]<--->HoM1[0]
REAL
   0.419146 -0.00010203 -0.00785904    0.347608
-0.00010203   0.0853816  0.00478592 -0.00410904
-0.00785904  0.00478592   0.0853816 -0.00521712
   0.347608 -0.00410904 -0.00521712    0.410091
IMAGINARY
          0 -0.00495661  0.00357294  0.00043643
 0.00495661           0 -0.00373024   0.0224172
-0.00357294  0.00373024           0 -0.00989488
-0.00043643  -0.0224172  0.00989488           0
EndNode1[0]<--->Repeater1[0]
REAL
    0.416667  -0.00442096 -0.000343115     0.347177
 -0.00442096    0.0677083    0.0359885  -0.00342573
-0.000343115    0.0359885     0.078125 -0.000604166
    0.347177  -0.00342573 -0.000604166       0.4375
IMAGINARY
          0 -0.00789027  0.00536736  -0.0337704
 0.00789027           0 -0.00458756 -0.00466806
-0.00536736  0.00458756           0   -0.013788
  0.0337704  0.00466806    0.013788           0
EndNode2[0]<--->HoM1[0]
REAL
   0.404467   0.0194547 -0.00149158    0.352663
  0.0194547    0.073201   0.0052052   0.0192581
-0.00149158   0.0052052   0.0682382   0.0110022
   0.352663   0.0192581   0.0110022    0.454094
IMAGINARY
           0  0.000383102   0.00213538    0.0047266
-0.000383102            0    0.0293789  -0.00278727
 -0.00213538   -0.0293789            0   -0.0114652
  -0.0047266   0.00278727    0.0114652            0
Repeater1[0]<--->EndNode1[0]
REAL
    0.416667 -0.000343115  -0.00442096     0.347177
-0.000343115     0.078125    0.0359885 -0.000604166
 -0.00442096    0.0359885    0.0677083  -0.00342573
    0.347177 -0.000604166  -0.00342573       0.4375
IMAGINARY
          0  0.00536736 -0.00789027  -0.0337704
-0.00536736           0  0.00458756   -0.013788
 0.00789027 -0.00458756           0 -0.00466806
  0.0337704    0.013788  0.00466806           0
Repeater1[0]<--->HoM1[0]
REAL
   0.404467 -0.00149158   0.0194547    0.352663
-0.00149158   0.0682382   0.0052052   0.0110022
  0.0194547   0.0052052    0.073201   0.0192581
   0.352663   0.0110022   0.0192581    0.454094
IMAGINARY
           0   0.00213538  0.000383102    0.0047266
 -0.00213538            0   -0.0293789   -0.0114652
-0.000383102    0.0293789            0  -0.00278727
  -0.0047266    0.0114652   0.00278727            0
EndNode1[0]<--->Repeater1[0]
REAL
    0.429919 -0.000298912    0.0132191     0.338819
-0.000298912    0.0700809    0.0130816   -0.0138745
   0.0132191    0.0130816    0.0849057   0.00095422
    0.338819   -0.0138745   0.00095422     0.415094
IMAGINARY
          0  0.00969784  0.00614702  -0.0229689
-0.00969784           0   -0.008757  -0.0168709
-0.00614702    0.008757           0  0.00906891
  0.0229689   0.0168709 -0.00906891           0
EndNode2[0]<--->HoM1[0]
REAL
   0.418485 -0.00702514 -0.00231281    0.356115
-0.00702514   0.0731707   0.0287492  0.00166597
-0.00231281   0.0287492   0.0795892 -0.00267732
   0.356115  0.00166597 -0.00267732    0.428755
IMAGINARY
           0  -0.00383632   0.00287519    0.0323973
  0.00383632            0  0.000671447   0.00607622
 -0.00287519 -0.000671447            0   0.00383632
  -0.0323973  -0.00607622  -0.00383632            0
Repeater1[0]<--->EndNode1[0]
REAL
    0.429919    0.0132191 -0.000298912     0.338819
   0.0132191    0.0849057    0.0130816   0.00095422
-0.000298912    0.0130816    0.0700809   -0.0138745
    0.338819   0.00095422   -0.0138745     0.415094
IMAGINARY
          0  0.00614702  0.00969784  -0.0229689
-0.00614702           0    0.008757  0.00906891
-0.00969784   -0.008757           0  -0.0168709
  0.0229689 -0.00906891   0.0168709           0
Repeater1[0]<--->HoM1[0]
REAL
   0.418485 -0.00231281 -0.00702514    0.356115
-0.00231281   0.0795892   0.0287492 -0.00267732
-0.00702514   0.0287492   0.0731707  0.00166597
   0.356115 -0.00267732  0.00166597    0.428755
IMAGINARY
           0   0.00287519  -0.00383632    0.0323973
 -0.00287519            0 -0.000671447   0.00383632
  0.00383632  0.000671447            0   0.00607622
  -0.0323973  -0.00383632  -0.00607622            0
EndNode1[0]<--->Repeater1[0]
REAL
   0.400261 -0.00741239  0.00342277    0.334094
-0.00741239   0.0847458   0.0280649   0.0154329
 0.00342277   0.0280649   0.0795306 0.000260244
   0.334094   0.0154329 0.000260244    0.435463
IMAGINARY
           0  -0.00104069  -0.00448189  -0.00690801
  0.00104069            0  0.000610784    -0.014522
  0.00448189 -0.000610784            0    0.0148022
  0.00690801     0.014522   -0.0148022            0
EndNode2[0]<--->HoM1[0]
REAL
   0.430263   0.0121875 -0.00287422    0.344503
  0.0121875   0.0671053   0.0115763   0.0103184
-0.00287422   0.0115763   0.0671053 0.000219431
   0.344503   0.0103184 0.000219431    0.435526
IMAGINARY
          0   0.0332663   -0.026626  0.00948373
 -0.0332663           0  0.00822745 -0.00995935
   0.026626 -0.00822745           0   0.0118557
-0.00948373  0.00995935  -0.0118557           0
Repeater1[0]<--->EndNode1[0]
REAL
   0.400261  0.00342277 -0.00741239    0.334094
 0.00342277   0.0795306   0.0280649 0.000260244
-0.00741239   0.0280649   0.0847458   0.0154329
   0.334094 0.000260244   0.0154329    0.435463
IMAGINARY
           0  -0.00448189  -0.00104069  -0.00690801
  0.00448189            0 -0.000610784    0.0148022
  0.00104069  0.000610784            0    -0.014522
  0.00690801   -0.0148022     0.014522            0
Repeater1[0]<--->HoM1[0]
REAL
   0.430263 -0.00287422   0.0121875    0.344503
-0.00287422   0.0671053   0.0115763 0.000219431
  0.0121875   0.0115763   0.0671053   0.0103184
   0.344503 0.000219431   0.0103184    0.435526
IMAGINARY
          0   -0.026626   0.0332663  0.00948373
   0.026626           0 -0.00822745   0.0118557
 -0.0332663  0.00822745           0 -0.00995935
-0.00948373  -0.0118557  0.00995935           0
EndNode1[0]<--->Repeater1[0]
REAL
   0.405978   0.0114667  -0.0103075    0.347275
  0.0114667   0.0572852   0.0297746  0.00347693
 -0.0103075   0.0297746   0.0846824 0.000828392
   0.347275  0.00347693 0.000828392    0.452055
IMAGINARY
          0   0.0234262  -0.0104681   0.0213387
 -0.0234262           0  0.00353045  -0.0382819
  0.0104681 -0.00353045           0  0.00532381
 -0.0213387   0.0382819 -0.00532381           0
EndNode2[0]<--->HoM1[0]
REAL
  0.411458  0.0125807 0.00218756   0.333497
 0.0125807  0.0690104  0.0173901  0.0173391
0.00218756  0.0173901  0.0729167 0.00931276
  0.333497  0.0173391 0.00931276   0.446615
IMAGINARY
         0  0.0232316 -0.0106283 -0.0205773
-0.0232316          0  0.0154227  0.0166686
 0.0106283 -0.0154227          0 -0.0225605
 0.0205773 -0.0166686  0.0225605          0
Repeater1[0]<--->EndNode1[0]
REAL
   0.405978  -0.0103075   0.0114667    0.347275
 -0.0103075   0.0846824   0.0297746 0.000828392
  0.0114667   0.0297746   0.0572852  0.00347693
   0.347275 0.000828392  0.00347693    0.452055
IMAGINARY
          0  -0.0104681   0.0234262   0.0213387
  0.0104681           0 -0.00353045  0.00532381
 -0.0234262  0.00353045           0  -0.0382819
 -0.0213387 -0.00532381   0.0382819           0
Repeater1[0]<--->HoM1[0]
REAL
  0.411458 0.00218756  0.0125807   0.333497
0.00218756  0.0729167  0.0173901 0.00931276
 0.0125807  0.0173901  0.0690104  0.0173391
  0.333497 0.00931276  0.0173391   0.446615
IMAGINARY
         0 -0.0106283  0.0232316 -0.0205773
 0.0106283          0 -0.0154227 -0.0225605
-0.0232316  0.0154227          0  0.0166686
 0.0205773  0.0225605 -0.0166686          0
EndNode1[0]<--->Repeater1[0]
REAL
   0.433869  0.00491948 -0.00338435    0.336765
 0.00491948     0.07911   0.0259539 -0.00401807
-0.00338435   0.0259539   0.0754017  -0.0123219
   0.336765 -0.00401807  -0.0123219    0.411619
IMAGINARY
          0 -0.00160526  0.00837524 -0.00568627
 0.00160526           0 -0.00257294   0.0200031
-0.00837524  0.00257294           0  -0.0159623
 0.00568627  -0.0200031   0.0159623           0
EndNode2[0]<--->HoM1[0]
REAL
   0.427605   0.0143473 -0.00330592    0.329662
  0.0143473   0.0554804   0.0237867 -0.00900935
-0.00330592   0.0237867   0.0663058  -0.0106527
   0.329662 -0.00900935  -0.0106527    0.450609
IMAGINARY
           0 -2.45289e-06    0.0124072   0.00428758
 2.45289e-06            0   0.00872357  -0.00921439
  -0.0124072  -0.00872357            0   0.00191816
 -0.00428758   0.00921439  -0.00191816            0
Repeater1[0]<--->EndNode1[0]
REAL
   0.433869 -0.00338435  0.00491948    0.336765
-0.00338435   0.0754017   0.0259539  -0.0123219
 0.00491948   0.0259539     0.07911 -0.00401807
   0.336765  -0.0123219 -0.00401807    0.411619
IMAGINARY
          0  0.00837524 -0.00160526 -0.00568627
-0.00837524           0  0.00257294  -0.0159623
 0.00160526 -0.00257294           0   0.0200031
 0.00568627   0.0159623  -0.0200031           0
Repeater1[0]<--->HoM1[0]
REAL
   0.427605 -0.00330592   0.0143473    0.329662
-0.00330592   0.0663058   0.0237867  -0.0106527
  0.0143473   0.0237867   0.0554804 -0.00900935
   0.329662  -0.0106527 -0.00900935    0.450609
IMAGINARY
           0    0.0124072 -2.45289e-06   0.00428758
  -0.0124072            0  -0.00872357   0.00191816
 2.45289e-06   0.00872357            0  -0.00921439
 -0.00428758  -0.00191816   0.00921439            0
EndNode1[0]<--->Repeater1[0]
REAL
  0.440657  0.0272195 0.00139107   0.336218
 0.0272195  0.0732323  0.0287815  0.0198589
0.00139107  0.0287815  0.0883838  0.0215305
  0.336218  0.0198589  0.0215305   0.397727
IMAGINARY
           0   0.00927983   -0.0139573   -0.0212035
 -0.00927983            0 -0.000370135   -0.0159232
   0.0139573  0.000370135            0  0.000680325
   0.0212035    0.0159232 -0.000680325            0
EndNode2[0]<--->HoM1[0]
REAL
   0.411837  0.00134766  0.00315167    0.329872
 0.00134766   0.0702836   0.0225452 -0.00824073
 0.00315167   0.0225452   0.0727497  0.00628593
   0.329872 -0.00824073  0.00628593    0.445129
IMAGINARY
          0    0.019579 -0.00827485   0.0108612
  -0.019579           0  -0.0182322  0.00216901
 0.00827485   0.0182322           0  0.00552277
 -0.0108612 -0.00216901 -0.00552277           0
Repeater1[0]<--->EndNode1[0]
REAL
  0.440657 0.00139107  0.0272195   0.336218
0.00139107  0.0883838  0.0287815  0.0215305
 0.0272195  0.0287815  0.0732323  0.0198589
  0.336218  0.0215305  0.0198589   0.397727
IMAGINARY
           0   -0.0139573   0.00927983   -0.0212035
   0.0139573            0  0.000370135  0.000680325
 -0.00927983 -0.000370135            0   -0.0159232
   0.0212035 -0.000680325    0.0159232            0
Repeater1[0]<--->HoM1[0]
REAL
   0.411837  0.00315167  0.00134766    0.329872
 0.00315167   0.0727497   0.0225452  0.00628593
 0.00134766   0.0225452   0.0702836 -0.00824073
   0.329872  0.00628593 -0.00824073    0.445129
IMAGINARY
          0 -0.00827485    0.019579   0.0108612
 0.00827485           0   0.0182322  0.00552277
  -0.019579  -0.0182322           0  0.00216901
 -0.0108612 -0.00552277 -0.00216901           0
EndNode1[0]<--->Repeater1[0]
REAL
    0.437337 -0.000312778  -0.00523106     0.323314
-0.000312778     0.075718    0.0328868    0.0131466
 -0.00523106    0.0328868    0.0587467  -0.00892205
    0.323314    0.0131466  -0.00892205     0.428198
IMAGINARY
          0  0.00414204 -0.00503081  0.00997853
-0.00414204           0   0.0141502   0.0263762
 0.00503081  -0.0141502           0  -0.0151382
-0.00997853  -0.0263762   0.0151382           0
EndNode2[0]<--->HoM1[0]
REAL
  0.439949  0.0124013  0.0138839   0.338321
 0.0124013  0.0783818  0.0214194 0.00689533
 0.0138839  0.0214194  0.0657396  0.0161701
  0.338321 0.00689533  0.0161701   0.415929
IMAGINARY
          0  0.00452922 -0.00494306  0.00267724
-0.00452922           0 -0.00653328  0.00558326
 0.00494306  0.00653328           0  -0.0141323
-0.00267724 -0.00558326   0.0141323           0
Repeater1[0]<--->EndNode1[0]
REAL
    0.437337  -0.00523106 -0.000312778     0.323314
 -0.00523106    0.0587467    0.0328868  -0.00892205
-0.000312778    0.0328868     0.075718    0.0131466
    0.323314  -0.00892205    0.0131466     0.428198
IMAGINARY
          0 -0.00503081  0.00414204  0.00997853
 0.00503081           0  -0.0141502  -0.0151382
-0.00414204   0.0141502           0   0.0263762
-0.00997853   0.0151382  -0.0263762           0
Repeater1[0]<--->HoM1[0]
REAL
  0.439949  0.0138839  0.0124013   0.338321
 0.0138839  0.0657396  0.0214194  0.0161701
 0.0124013  0.0214194  0.0783818 0.00689533
  0.338321  0.0161701 0.00689533   0.415929
IMAGINARY
          0 -0.00494306  0.00452922  0.00267724
 0.00494306           0  0.00653328  -0.0141323
-0.00452922 -0.00653328           0  0.00558326
-0.00267724   0.0141323 -0.00558326           0
EndNode1[0]<--->Repeater1[0]
REAL
   0.430108  -0.0171686 -0.00827099    0.332959
 -0.0171686   0.0819892  0.00632627  -0.0108617
-0.00827099  0.00632627   0.0725806    0.013342
   0.332959  -0.0108617    0.013342    0.415323
IMAGINARY
           0    0.0146983  -0.00243265    0.0189414
  -0.0146983            0   -0.0228375   -0.0151553
  0.00243265    0.0228375            0  0.000377041
  -0.0189414    0.0151553 -0.000377041            0
EndNode2[0]<--->HoM1[0]
REAL
   0.414379 -0.00403939  -0.0175234     0.35262
-0.00403939    0.069281   0.0108395  -0.0156366
 -0.0175234   0.0108395    0.069281  -0.0122155
    0.35262  -0.0156366  -0.0122155    0.447059
IMAGINARY
          0  -0.0207435  0.00693496  0.00671722
  0.0207435           0  0.00862805  0.00233575
-0.00693496 -0.00862805           0  0.00158401
-0.00671722 -0.00233575 -0.00158401           0
Repeater1[0]<--->EndNode1[0]
REAL
   0.430108 -0.00827099  -0.0171686    0.332959
-0.00827099   0.0725806  0.00632627    0.013342
 -0.0171686  0.00632627   0.0819892  -0.0108617
   0.332959    0.013342  -0.0108617    0.415323
IMAGINARY
           0  -0.00243265    0.0146983    0.0189414
  0.00243265            0    0.0228375  0.000377041
  -0.0146983   -0.0228375            0   -0.0151553
  -0.0189414 -0.000377041    0.0151553            0
Repeater1[0]<--->HoM1[0]
REAL
   0.414379  -0.0175234 -0.00403939     0.35262
 -0.0175234    0.069281   0.0108395  -0.0122155
-0.00403939   0.0108395    0.069281  -0.0156366
    0.35262  -0.0122155  -0.0156366    0.447059
IMAGINARY
          0  0.00693496  -0.0207435  0.00671722
-0.00693496           0 -0.00862805  0.00158401
  0.0207435  0.00862805           0  0.00233575
-0.00671722 -0.00158401 -0.00233575           0
EndNode1[0]<--->Repeater1[0]
REAL
   0.402667 -0.00392723  -0.0121631     0.35998
-0.00392723   0.0613333    0.009918  0.00578558
 -0.0121631    0.009918   0.0826667  0.00265172
    0.35998  0.00578558  0.00265172    0.453333
IMAGINARY
           0   -0.0111882   0.00102913   -0.0053445
   0.0111882            0  0.000344501   0.00950371
 -0.00102913 -0.000344501            0    0.0118078
   0.0053445  -0.00950371   -0.0118078            0
EndNode2[0]<--->HoM1[0]
REAL
   0.401274 -0.00912725   0.0068928    0.339768
-0.00912725    0.077707   0.0148005  -0.0075363
  0.0068928   0.0148005    0.066242  0.00462275
   0.339768  -0.0075363  0.00462275    0.454777
IMAGINARY
          0  -0.0130825  0.00094858   0.0221521
  0.0130825           0   0.0121119  0.00612993
-0.00094858  -0.0121119           0  0.00343002
 -0.0221521 -0.00612993 -0.00343002           0
Repeater1[0]<--->EndNode1[0]
REAL
   0.402667  -0.0121631 -0.00392723     0.35998
 -0.0121631   0.0826667    0.009918  0.00265172
-0.00392723    0.009918   0.0613333  0.00578558
    0.35998  0.00265172  0.00578558    0.453333
IMAGINARY
           0   0.00102913   -0.0111882   -0.0053445
 -0.00102913            0 -0.000344501    0.0118078
   0.0111882  0.000344501            0   0.00950371
   0.0053445   -0.0118078  -0.00950371            0
Repeater1[0]<--->HoM1[0]
REAL
   0.401274   0.0068928 -0.00912725    0.339768
  0.0068928    0.066242   0.0148005  0.00462275
-0.00912725   0.0148005    0.077707  -0.0075363
   0.339768  0.00462275  -0.0075363    0.454777
IMAGINARY
          0  0.00094858  -0.0130825   0.0221521
-0.00094858           0  -0.0121119  0.00343002
  0.0130825   0.0121119           0  0.00612993
 -0.0221521 -0.00343002 -0.00612993           0
EndNode1[0]<--->Repeater1[0]
REAL
  0.438992 -0.0036222 0.00371341   0.366402
-0.0036222  0.0676393  0.0201523  0.0200961
0.00371341  0.0201523  0.0769231  0.0176278
  0.366402  0.0200961  0.0176278   0.416446
IMAGINARY
          0   -0.014375 -0.00244462  -0.0066126
   0.014375           0  0.00533709  -0.0113054
 0.00244462 -0.00533709           0    0.004375
  0.0066126   0.0113054   -0.004375           0
EndNode2[0]<--->HoM1[0]
REAL
   0.435401     0.02071   0.0131061    0.347266
    0.02071   0.0620155   0.0154541 -0.00177104
  0.0131061   0.0154541   0.0788114  0.00196001
   0.347266 -0.00177104  0.00196001    0.423773
IMAGINARY
          0   0.0156105  -0.0126839   0.0018744
 -0.0156105           0  0.00946061  0.00160179
  0.0126839 -0.00946061           0  -0.0136548
 -0.0018744 -0.00160179   0.0136548           0
Repeater1[0]<--->EndNode1[0]
REAL
  0.438992 0.00371341 -0.0036222   0.366402
0.00371341  0.0769231  0.0201523  0.0176278
-0.0036222  0.0201523  0.0676393  0.0200961
  0.366402  0.0176278  0.0200961   0.416446
IMAGINARY
          0 -0.00244462   -0.014375  -0.0066126
 0.00244462           0 -0.00533709    0.004375
   0.014375  0.00533709           0  -0.0113054
  0.0066126   -0.004375   0.0113054           0
Repeater1[0]<--->HoM1[0]
REAL
   0.435401   0.0131061     0.02071    0.347266
  0.0131061   0.0788114   0.0154541  0.00196001
    0.02071   0.0154541   0.0620155 -0.00177104
   0.347266  0.00196001 -0.00177104    0.423773
IMAGINARY
          0  -0.0126839   0.0156105   0.0018744
  0.0126839           0 -0.00946061  -0.0136548
 -0.0156105  0.00946061           0  0.00160179
 -0.0018744   0.0136548 -0.00160179           0
EndNode1[0]<--->Repeater1[0]
REAL
   0.444589 -0.00225535 -0.00292687     0.33833
-0.00225535   0.0704042   0.0242857  -0.0149067
-0.00292687   0.0242857   0.0664928 -0.00501017
    0.33833  -0.0149067 -0.00501017    0.418514
IMAGINARY
           0  -0.00693696 -0.000564055   -0.0112265
  0.00693696            0    0.0156965    0.0077162
 0.000564055   -0.0156965            0  -0.00931791
   0.0112265   -0.0077162   0.00931791            0
EndNode2[0]<--->HoM1[0]
REAL
   0.411012  -0.0186971  -0.0209502    0.346578
 -0.0186971   0.0691421   0.0190346 -0.00078892
 -0.0209502   0.0190346   0.0614597  0.00486311
   0.346578 -0.00078892  0.00486311    0.458387
IMAGINARY
          0 -0.00495357  -0.0127494   -0.011876
 0.00495357           0  0.00292455  -0.0108238
  0.0127494 -0.00292455           0  0.00247218
   0.011876   0.0108238 -0.00247218           0
Repeater1[0]<--->EndNode1[0]
REAL
   0.444589 -0.00292687 -0.00225535     0.33833
-0.00292687   0.0664928   0.0242857 -0.00501017
-0.00225535   0.0242857   0.0704042  -0.0149067
    0.33833 -0.00501017  -0.0149067    0.418514
IMAGINARY
           0 -0.000564055  -0.00693696   -0.0112265
 0.000564055            0   -0.0156965  -0.00931791
  0.00693696    0.0156965            0    0.0077162
   0.0112265   0.00931791   -0.0077162            0
Repeater1[0]<--->HoM1[0]
REAL
   0.411012  -0.0209502  -0.0186971    0.346578
 -0.0209502   0.0614597   0.0190346  0.00486311
 -0.0186971   0.0190346   0.0691421 -0.00078892
   0.346578  0.00486311 -0.00078892    0.458387
IMAGINARY
          0  -0.0127494 -0.00495357   -0.011876
  0.0127494           0 -0.00292455  0.00247218
 0.00495357  0.00292455           0  -0.0108238
   0.011876 -0.00247218   0.0108238           0
EndNode1[0]<--->Repeater1[0]
REAL
   0.412844 -0.00775211  -0.0381908    0.329272
-0.00775211   0.0707733   0.0163994  -0.0151342
 -0.0381908   0.0163994   0.0655308  -0.0217335
   0.329272  -0.0151342  -0.0217335    0.450852
IMAGINARY
          0 -0.00452247  -0.0165509  -0.0182283
 0.00452247           0  0.00268425  -0.0198019
  0.0165509 -0.00268425           0   0.0158455
  0.0182283   0.0198019  -0.0158455           0
EndNode2[0]<--->HoM1[0]
REAL
   0.451571  -0.0163413 -0.00143103    0.359953
 -0.0163413   0.0562827   0.0255331  -0.0138819
-0.00143103   0.0255331   0.0589005  0.00102841
   0.359953  -0.0138819  0.00102841    0.433246
IMAGINARY
          0   0.0105504   0.0079339 -0.00192308
 -0.0105504           0 -0.00192308  -0.0151047
 -0.0079339  0.00192308           0 -0.00207584
 0.00192308   0.0151047  0.00207584           0
Repeater1[0]<--->EndNode1[0]
REAL
   0.412844  -0.0381908 -0.00775211    0.329272
 -0.0381908   0.0655308   0.0163994  -0.0217335
-0.00775211   0.0163994   0.0707733  -0.0151342
   0.329272  -0.0217335  -0.0151342    0.450852
IMAGINARY
          0  -0.0165509 -0.00452247  -0.0182283
  0.0165509           0 -0.00268425   0.0158455
 0.00452247  0.00268425           0  -0.0198019
  0.0182283  -0.0158455   0.0198019           0
Repeater1[0]<--->HoM1[0]
REAL
   0.451571 -0.00143103  -0.0163413    0.359953
-0.00143103   0.0589005   0.0255331  0.00102841
 -0.0163413   0.0255331   0.0562827  -0.0138819
   0.359953  0.00102841  -0.0138819    0.433246
IMAGINARY
          0   0.0079339   0.0105504 -0.00192308
 -0.0079339           0  0.00192308 -0.00207584
 -0.0105504 -0.00192308           0  -0.0151047
 0.00192308  0.00207584   0.0151047           0
EndNode1[0]<--->Repeater1[0]
REAL
  0.448586 0.00129923 -0.0139543    0.34029
0.00129923  0.0706941  0.0286016 0.00620699
-0.0139543  0.0286016  0.0694087 -0.0138141
   0.34029 0.00620699 -0.0138141   0.411311
IMAGINARY
          0   0.0116532  0.00406445   0.0144427
 -0.0116532           0  -0.0201317  -0.0144541
-0.00406445   0.0201317           0  0.00263255
 -0.0144427   0.0144541 -0.00263255           0
EndNode2[0]<--->HoM1[0]
REAL
   0.415042 7.85087e-05  -0.0126391    0.322368
7.85087e-05   0.0682451   0.0276316 -0.00492851
 -0.0126391   0.0276316   0.0612813 -0.00548391
   0.322368 -0.00492851 -0.00548391    0.455432
IMAGINARY
           0  0.000685499  -0.00360463    0.0100657
-0.000685499            0  -0.00687284    0.0233415
  0.00360463   0.00687284            0   -0.0335802
  -0.0100657   -0.0233415    0.0335802            0
Repeater1[0]<--->EndNode1[0]
REAL
  0.448586 -0.0139543 0.00129923    0.34029
-0.0139543  0.0694087  0.0286016 -0.0138141
0.00129923  0.0286016  0.0706941 0.00620699
   0.34029 -0.0138141 0.00620699   0.411311
IMAGINARY
          0  0.00406445   0.0116532   0.0144427
-0.00406445           0   0.0201317  0.00263255
 -0.0116532  -0.0201317           0  -0.0144541
 -0.0144427 -0.00263255   0.0144541           0
Repeater1[0]<--->HoM1[0]
REAL
   0.415042  -0.0126391 7.85087e-05    0.322368
 -0.0126391   0.0612813   0.0276316 -0.00548391
7.85087e-05   0.0276316   0.0682451 -0.00492851
   0.322368 -0.00548391 -0.00492851    0.455432
IMAGINARY
           0  -0.00360463  0.000685499    0.0100657
  0.00360463            0   0.00687284   -0.0335802
-0.000685499  -0.00687284            0    0.0233415
  -0.0100657    0.0335802   -0.0233415            0
EndNode1[0]<--->Repeater1[0]
REAL
       0.45 -0.00912336  -0.0159842    0.335917
-0.00912336   0.0653846  0.00279273  0.00967286
 -0.0159842  0.00279273   0.0653846  0.00140948
   0.335917  0.00967286  0.00140948    0.419231
IMAGINARY
           0   0.00317814  0.000591481   -0.0066879
 -0.00317814            0    0.0066879    0.0063094
-0.000591481   -0.0066879            0   -0.0113337
   0.0066879   -0.0063094    0.0113337            0
EndNode2[0]<--->HoM1[0]
REAL
   0.413401 -0.00929015    0.002574    0.327432
-0.00929015   0.0606827   0.0104056  -0.0212355
   0.002574   0.0104056   0.0543616   0.0163687
   0.327432  -0.0212355   0.0163687    0.471555
IMAGINARY
          0  0.00198826  0.00322089   0.0140735
-0.00198826           0  0.00856556 -0.00258556
-0.00322089 -0.00856556           0   0.0100829
 -0.0140735  0.00258556  -0.0100829           0
Repeater1[0]<--->EndNode1[0]
REAL
       0.45  -0.0159842 -0.00912336    0.335917
 -0.0159842   0.0653846  0.00279273  0.00140948
-0.00912336  0.00279273   0.0653846  0.00967286
   0.335917  0.00140948  0.00967286    0.419231
IMAGINARY
           0  0.000591481   0.00317814   -0.0066879
-0.000591481            0   -0.0066879   -0.0113337
 -0.00317814    0.0066879            0    0.0063094
   0.0066879    0.0113337   -0.0063094            0
Repeater1[0]<--->HoM1[0]
REAL
   0.413401    0.002574 -0.00929015    0.327432
   0.002574   0.0543616   0.0104056   0.0163687
-0.00929015   0.0104056   0.0606827  -0.0212355
   0.327432   0.0163687  -0.0212355    0.471555
IMAGINARY
          0  0.00322089  0.00198826   0.0140735
-0.00322089           0 -0.00856556   0.0100829
-0.00198826  0.00856556           0 -0.00258556
 -0.0140735  -0.0100829  0.00258556           0
EndNode1[0]<--->Repeater1[0]
REAL
   0.44697 -0.0136413 -0.0213638   0.330845
-0.0136413  0.0593434  0.0316708 -0.0181952
-0.0213638  0.0316708  0.0732323 -0.0311058
  0.330845 -0.0181952 -0.0311058   0.420455
IMAGINARY
           0  -0.00177606 -0.000120292 -0.000800668
  0.00177606            0   0.00450437    0.0131877
 0.000120292  -0.00450437            0   -0.0250465
 0.000800668   -0.0131877    0.0250465            0
EndNode2[0]<--->HoM1[0]
REAL
  0.417513  0.0114174 0.00969727   0.341808
 0.0114174  0.0672589  0.0228533  0.0178717
0.00969727  0.0228533  0.0596447 0.00612643
  0.341808  0.0178717 0.00612643   0.455584
IMAGINARY
          0   0.0145105   0.0076222 -0.00331297
 -0.0145105           0  -0.0181517  -0.0094448
 -0.0076222   0.0181517           0 -0.00904268
 0.00331297   0.0094448  0.00904268           0
Repeater1[0]<--->EndNode1[0]
REAL
   0.44697 -0.0213638 -0.0136413   0.330845
-0.0213638  0.0732323  0.0316708 -0.0311058
-0.0136413  0.0316708  0.0593434 -0.0181952
  0.330845 -0.0311058 -0.0181952   0.420455
IMAGINARY
           0 -0.000120292  -0.00177606 -0.000800668
 0.000120292            0  -0.00450437   -0.0250465
  0.00177606   0.00450437            0    0.0131877
 0.000800668    0.0250465   -0.0131877            0
Repeater1[0]<--->HoM1[0]
REAL
  0.417513 0.00969727  0.0114174   0.341808
0.00969727  0.0596447  0.0228533 0.00612643
 0.0114174  0.0228533  0.0672589  0.0178717
  0.341808 0.00612643  0.0178717   0.455584
IMAGINARY
          0   0.0076222   0.0145105 -0.00331297
 -0.0076222           0   0.0181517 -0.00904268
 -0.0145105  -0.0181517           0  -0.0094448
 0.00331297  0.00904268   0.0094448           0
EndNode1[0]<--->Repeater1[0]
REAL
   0.434229 -0.00486013 -0.00792413    0.330541
-0.00486013   0.0693069    0.012801  0.00922962
-0.00792413    0.012801   0.0594059 -0.00166728
   0.330541  0.00922962 -0.00166728    0.437058
IMAGINARY
          0 -0.00159468 -0.00937511   0.0140033
 0.00159468           0  -0.0133852  -0.0033831
 0.00937511   0.0133852           0    0.016783
 -0.0140033   0.0033831   -0.016783           0
EndNode2[0]<--->HoM1[0]
REAL
   0.389392  -0.0186135   0.0055942    0.351084
 -0.0186135   0.0698577   0.0361707 -0.00927067
  0.0055942   0.0361707   0.0827943  0.00513315
   0.351084 -0.00927067  0.00513315    0.457956
IMAGINARY
          0   0.0155886 -0.00171294  -0.0029761
 -0.0155886           0   0.0156343 -0.00294751
 0.00171294  -0.0156343           0  -0.0016072
  0.0029761  0.00294751   0.0016072           0
Repeater1[0]<--->EndNode1[0]
REAL
   0.434229 -0.00792413 -0.00486013    0.330541
-0.00792413   0.0594059    0.012801 -0.00166728
-0.00486013    0.012801   0.0693069  0.00922962
   0.330541 -0.00166728  0.00922962    0.437058
IMAGINARY
          0 -0.00937511 -0.00159468   0.0140033
 0.00937511           0   0.0133852    0.016783
 0.00159468  -0.0133852           0  -0.0033831
 -0.0140033   -0.016783   0.0033831           0
Repeater1[0]<--->HoM1[0]
REAL
   0.389392   0.0055942  -0.0186135    0.351084
  0.0055942   0.0827943   0.0361707  0.00513315
 -0.0186135   0.0361707   0.0698577 -0.00927067
   0.351084  0.00513315 -0.00927067    0.457956
IMAGINARY
          0 -0.00171294   0.0155886  -0.0029761
 0.00171294           0  -0.0156343  -0.0016072
 -0.0155886   0.0156343           0 -0.00294751
  0.0029761   0.0016072  0.00294751           0
EndNode1[0]<--->Repeater1[0]
REAL
  0.432032  0.0167919 0.00247952   0.341973
 0.0167919  0.0605653  0.0204947  0.0129446
0.00247952  0.0204947  0.0740242 0.00762965
  0.341973  0.0129446 0.00762965   0.433378
IMAGINARY
          0    0.019761  0.00213528 -0.00478484
  -0.019761           0   0.0136456  -0.0153849
-0.00213528  -0.0136456           0  -0.0148795
 0.00478484   0.0153849   0.0148795           0
EndNode2[0]<--->HoM1[0]
REAL
    0.43414  -0.0168099  -0.0147098    0.347495
 -0.0168099   0.0806452   0.0211921 -0.00296694
 -0.0147098   0.0211921   0.0577957   0.0142846
   0.347495 -0.00296694   0.0142846    0.427419
IMAGINARY
          0  0.00913558  0.00300319  0.00917615
-0.00913558           0  0.00653065  -0.0191322
-0.00300319 -0.00653065           0  0.00451206
-0.00917615   0.0191322 -0.00451206           0
Repeater1[0]<--->EndNode1[0]
REAL
  0.432032 0.00247952  0.0167919   0.341973
0.00247952  0.0740242  0.0204947 0.00762965
 0.0167919  0.0204947  0.0605653  0.0129446
  0.341973 0.00762965  0.0129446   0.433378
IMAGINARY
          0  0.00213528    0.019761 -0.00478484
-0.00213528           0  -0.0136456  -0.0148795
  -0.019761   0.0136456           0  -0.0153849
 0.00478484   0.0148795   0.0153849           0
Repeater1[0]<--->HoM1[0]
REAL
    0.43414  -0.0147098  -0.0168099    0.347495
 -0.0147098   0.0577957   0.0211921   0.0142846
 -0.0168099   0.0211921   0.0806452 -0.00296694
   0.347495   0.0142846 -0.00296694    0.427419
IMAGINARY
          0  0.00300319  0.00913558  0.00917615
-0.00300319           0 -0.00653065  0.00451206
-0.00913558  0.00653065           0  -0.0191322
-0.00917615 -0.00451206   0.0191322           0
EndNode1[0]<--->Repeater1[0]
REAL
   0.420724  0.00288258 -0.00126976    0.333174
 0.00288258   0.0774032   0.0383975   0.0124917
-0.00126976   0.0383975   0.0674157 -0.00787011
   0.333174   0.0124917 -0.00787011    0.434457
IMAGINARY
          0 -0.00188722 -0.00770983   0.0060662
 0.00188722           0   0.0067198  0.00397848
 0.00770983  -0.0067198           0  -0.0105506
 -0.0060662 -0.00397848   0.0105506           0
EndNode2[0]<--->HoM1[0]
REAL
   0.416774  0.00829588   0.0269224    0.330874
 0.00829588   0.0632258   0.0118518 -0.00398666
  0.0269224   0.0118518   0.0774194  -0.0010875
   0.330874 -0.00398666  -0.0010875    0.442581
IMAGINARY
          0  -0.0106064 -0.00728853  -0.0194005
  0.0106064           0 -0.00585207 -0.00922402
 0.00728853  0.00585207           0  0.00201987
  0.0194005  0.00922402 -0.00201987           0
Repeater1[0]<--->EndNode1[0]
REAL
   0.420724 -0.00126976  0.00288258    0.333174
-0.00126976   0.0674157   0.0383975 -0.00787011
 0.00288258   0.0383975   0.0774032   0.0124917
   0.333174 -0.00787011   0.0124917    0.434457
IMAGINARY
          0 -0.00770983 -0.00188722   0.0060662
 0.00770983           0  -0.0067198  -0.0105506
 0.00188722   0.0067198           0  0.00397848
 -0.0060662   0.0105506 -0.00397848           0
Repeater1[0]<--->HoM1[0]
REAL
   0.416774   0.0269224  0.00829588    0.330874
  0.0269224   0.0774194   0.0118518  -0.0010875
 0.00829588   0.0118518   0.0632258 -0.00398666
   0.330874  -0.0010875 -0.00398666    0.442581
IMAGINARY
          0 -0.00728853  -0.0106064  -0.0194005
 0.00728853           0  0.00585207  0.00201987
  0.0106064 -0.00585207           0 -0.00922402
  0.0194005 -0.00201987  0.00922402           0
EndNode1[0]<--->Repeater1[0]
REAL
   0.437805   -0.014917 -0.00228373    0.348923
  -0.014917    0.054878   0.0134143 -0.00291108
-0.00228373   0.0134143   0.0829268  0.00452742
   0.348923 -0.00291108  0.00452742     0.42439
IMAGINARY
           0 -0.000342854   0.00783632    0.0111669
 0.000342854            0   0.00862879   0.00521851
 -0.00783632  -0.00862879            0   -0.0205449
  -0.0111669  -0.00521851    0.0205449            0
EndNode2[0]<--->HoM1[0]
REAL
   0.461637  -0.0161505 -0.00679973    0.350026
 -0.0161505   0.0690537    0.015013  -0.0163365
-0.00679973    0.015013   0.0703325 -0.00312969
   0.350026  -0.0163365 -0.00312969    0.398977
IMAGINARY
          0   0.0110923  0.00221237 -0.00083711
 -0.0110923           0 -0.00496934  -0.0110285
-0.00221237  0.00496934           0  -0.0060545
 0.00083711   0.0110285   0.0060545           0
Repeater1[0]<--->EndNode1[0]
REAL
   0.437805 -0.00228373   -0.014917    0.348923
-0.00228373   0.0829268   0.0134143  0.00452742
  -0.014917   0.0134143    0.054878 -0.00291108
   0.348923  0.00452742 -0.00291108     0.42439
IMAGINARY
           0   0.00783632 -0.000342854    0.0111669
 -0.00783632            0  -0.00862879   -0.0205449
 0.000342854   0.00862879            0   0.00521851
  -0.0111669    0.0205449  -0.00521851            0
Repeater1[0]<--->HoM1[0]
REAL
   0.461637 -0.00679973  -0.0161505    0.350026
-0.00679973   0.0703325    0.015013 -0.00312969
 -0.0161505    0.015013   0.0690537  -0.0163365
   0.350026 -0.00312969  -0.0163365    0.398977
IMAGINARY
          0  0.00221237   0.0110923 -0.00083711
-0.00221237           0  0.00496934  -0.0060545
 -0.0110923 -0.00496934           0  -0.0110285
 0.00083711   0.0060545   0.0110285           0
EndNode1[0]<--->Repeater1[0]
REAL
   0.450063  -0.0190119  -0.0109101    0.329917
 -0.0190119   0.0707965   0.0195035  -0.0154734
 -0.0109101   0.0195035   0.0745891 -0.00865865
   0.329917  -0.0154734 -0.00865865    0.404551
IMAGINARY
          0  0.00580353  0.00591301   0.0124782
-0.00580353           0   0.0319082   0.0174515
-0.00591301  -0.0319082           0 -0.00513598
 -0.0124782  -0.0174515  0.00513598           0
EndNode2[0]<--->HoM1[0]
REAL
    0.430328  -0.00146996 -0.000727544     0.336093
 -0.00146996    0.0655738    0.0166303   0.00444041
-0.000727544    0.0166303     0.068306    0.0163214
    0.336093   0.00444041    0.0163214     0.435792
IMAGINARY
          0  -0.0155428  0.00299489 -0.00955375
  0.0155428           0 -0.00332968 -0.00747632
-0.00299489  0.00332968           0    0.016183
 0.00955375  0.00747632   -0.016183           0
Repeater1[0]<--->EndNode1[0]
REAL
   0.450063  -0.0109101  -0.0190119    0.329917
 -0.0109101   0.0745891   0.0195035 -0.00865865
 -0.0190119   0.0195035   0.0707965  -0.0154734
   0.329917 -0.00865865  -0.0154734    0.404551
IMAGINARY
          0  0.00591301  0.00580353   0.0124782
-0.00591301           0  -0.0319082 -0.00513598
-0.00580353   0.0319082           0   0.0174515
 -0.0124782  0.00513598  -0.0174515           0
Repeater1[0]<--->HoM1[0]
REAL
    0.430328 -0.000727544  -0.00146996     0.336093
-0.000727544     0.068306    0.0166303    0.0163214
 -0.00146996    0.0166303    0.0655738   0.00444041
    0.336093    0.0163214   0.00444041     0.435792
IMAGINARY
          0  0.00299489  -0.0155428 -0.00955375
-0.00299489           0  0.00332968    0.016183
  0.0155428 -0.00332968           0 -0.00747632
 0.00955375   -0.016183  0.00747632           0
EndNode1[0]<--->Repeater1[0]
REAL
   0.412718  -0.0136732   -0.016199    0.332344
 -0.0136732   0.0586035    0.017529   0.0149268
  -0.016199    0.017529   0.0798005 -0.00795529
   0.332344   0.0149268 -0.00795529    0.448878
IMAGINARY
           0  -0.00678401   0.00748039  -0.00889084
  0.00678401            0  -0.00239734 -0.000456121
 -0.00748039   0.00239734            0   -0.0117345
  0.00889084  0.000456121    0.0117345            0
EndNode2[0]<--->HoM1[0]
REAL
    0.41039  0.00688872 -0.00753511    0.334492
 0.00688872   0.0584416   0.0269858 -0.00301898
-0.00753511   0.0269858   0.0727273  -0.0240391
   0.334492 -0.00301898  -0.0240391    0.458442
IMAGINARY
          0 -0.00729733    0.010487  0.00618023
 0.00729733           0   -0.011375   0.0161474
  -0.010487    0.011375           0  0.00124406
-0.00618023  -0.0161474 -0.00124406           0
Repeater1[0]<--->EndNode1[0]
REAL
   0.412718   -0.016199  -0.0136732    0.332344
  -0.016199   0.0798005    0.017529 -0.00795529
 -0.0136732    0.017529   0.0586035   0.0149268
   0.332344 -0.00795529   0.0149268    0.448878
IMAGINARY
           0   0.00748039  -0.00678401  -0.00889084
 -0.00748039            0   0.00239734   -0.0117345
  0.00678401  -0.00239734            0 -0.000456121
  0.00889084    0.0117345  0.000456121            0
Repeater1[0]<--->HoM1[0]
REAL
    0.41039 -0.00753511  0.00688872    0.334492
-0.00753511   0.0727273   0.0269858  -0.0240391
 0.00688872   0.0269858   0.0584416 -0.00301898
   0.334492  -0.0240391 -0.00301898    0.458442
IMAGINARY
          0    0.010487 -0.00729733  0.00618023
  -0.010487           0    0.011375  0.00124406
 0.00729733   -0.011375           0   0.0161474
-0.00618023 -0.00124406  -0.0161474           0
EndNode1[0]<--->Repeater1[0]
REAL
  0.421192 0.00644867 -0.0128345   0.347316
0.00644867  0.0847682  0.0158553  0.0115557
-0.0128345  0.0158553  0.0847682 -0.0115638
  0.347316  0.0115557 -0.0115638   0.409272
IMAGINARY
          0  0.00215282 -0.00910744 -0.00322764
-0.00215282           0  -0.0124382  0.00224102
 0.00910744   0.0124382           0  0.00346516
 0.00322764 -0.00224102 -0.00346516           0
EndNode2[0]<--->HoM1[0]
REAL
  0.408451 -0.0094348 0.00322147    0.32977
-0.0094348  0.0793854  0.0136643 -0.0107972
0.00322147  0.0136643  0.0742638  0.0043843
   0.32977 -0.0107972  0.0043843     0.4379
IMAGINARY
          0 -0.00358937 -0.00415853  -0.0135894
 0.00358937           0  0.00449847  0.00295661
 0.00415853 -0.00449847           0  0.00118553
  0.0135894 -0.00295661 -0.00118553           0
Repeater1[0]<--->EndNode1[0]
REAL
  0.421192 -0.0128345 0.00644867   0.347316
-0.0128345  0.0847682  0.0158553 -0.0115638
0.00644867  0.0158553  0.0847682  0.0115557
  0.347316 -0.0115638  0.0115557   0.409272
IMAGINARY
          0 -0.00910744  0.00215282 -0.00322764
 0.00910744           0   0.0124382  0.00346516
-0.00215282  -0.0124382           0  0.00224102
 0.00322764 -0.00346516 -0.00224102           0
Repeater1[0]<--->HoM1[0]
REAL
  0.408451 0.00322147 -0.0094348    0.32977
0.00322147  0.0742638  0.0136643  0.0043843
-0.0094348  0.0136643  0.0793854 -0.0107972
   0.32977  0.0043843 -0.0107972     0.4379
IMAGINARY
          0 -0.00415853 -0.00358937  -0.0135894
 0.00415853           0 -0.00449847  0.00118553
 0.00358937  0.00449847           0  0.00295661
  0.0135894 -0.00118553 -0.00295661           0
EndNode1[0]<--->Repeater1[0]
REAL
    0.432873   0.00339042  -0.00794251     0.332008
  0.00339042    0.0614806    0.0224224 -0.000918247
 -0.00794251    0.0224224    0.0614806   -0.0185803
    0.332008 -0.000918247   -0.0185803     0.444166
IMAGINARY
           0  -0.00709857     0.004178    0.0250338
  0.00709857            0  -0.00233602 -0.000291988
   -0.004178   0.00233602            0  -0.00585479
  -0.0250338  0.000291988   0.00585479            0
EndNode2[0]<--->HoM1[0]
REAL
   0.460645  0.00247602  0.00582354    0.353371
 0.00247602   0.0670968   0.0140393   0.0232967
 0.00582354   0.0140393   0.0541935 0.000621876
