EndNode1[0]<--->Repeater1[0]
REAL
   0.487582   0.0228491 -0.00587003    0.236304
  0.0228491    0.115033  -0.0136963 -0.00314523
-0.00587003  -0.0136963    0.120261   0.0152924
   0.236304 -0.00314523   0.0152924    0.277124
IMAGINARY
          0   0.0266738  -0.0163271  -0.0235653
 -0.0266738           0   0.0210012  0.00200415
  0.0163271  -0.0210012           0 -0.00714259
  0.0235653 -0.00200415  0.00714259           0
EndNode2[0]<--->HoM1[0]
REAL
   0.471774 0.000499406  -0.0251643     0.32739
0.000499406   0.0927419  -0.0197983   0.0238554
 -0.0251643  -0.0197983   0.0725806 -0.00573501
    0.32739   0.0238554 -0.00573501    0.362903
IMAGINARY
          0  0.00135248  0.00183374   0.0045771
-0.00135248           0   0.0071949  0.00183374
-0.00183374  -0.0071949           0 -0.00624246
 -0.0045771 -0.00183374  0.00624246           0
Repeater1[0]<--->EndNode1[0]
REAL
   0.487582 -0.00587003   0.0228491    0.236304
-0.00587003    0.120261  -0.0136963   0.0152924
  0.0228491  -0.0136963    0.115033 -0.00314523
   0.236304   0.0152924 -0.00314523    0.277124
IMAGINARY
          0  -0.0163271   0.0266738  -0.0235653
  0.0163271           0  -0.0210012 -0.00714259
 -0.0266738   0.0210012           0  0.00200415
  0.0235653  0.00714259 -0.00200415           0
Repeater1[0]<--->HoM1[0]
REAL
   0.471774  -0.0251643 0.000499406     0.32739
 -0.0251643   0.0725806  -0.0197983 -0.00573501
0.000499406  -0.0197983   0.0927419   0.0238554
    0.32739 -0.00573501   0.0238554    0.362903
IMAGINARY
          0  0.00183374  0.00135248   0.0045771
-0.00183374           0  -0.0071949 -0.00624246
-0.00135248   0.0071949           0  0.00183374
 -0.0045771  0.00624246 -0.00183374           0
EndNode1[0]<--->Repeater1[0]
REAL
   0.488491 -0.00987586 3.79635e-05    0.207975
-0.00987586    0.104859   0.0143179 -0.00194879
3.79635e-05   0.0143179     0.13555 -0.00477382
   0.207975 -0.00194879 -0.00477382      0.2711
IMAGINARY
          0  0.00594475 -0.00147252 -0.00361768
-0.00594475           0  0.00423573  -0.0153966
 0.00147252 -0.00423573           0   0.0122739
 0.00361768   0.0153966  -0.0122739           0
EndNode2[0]<--->HoM1[0]
REAL
   0.482803  -0.0126687 -0.00459695    0.289266
 -0.0126687   0.0955414  0.00213729  0.00902173
-0.00459695  0.00213729   0.0853503  0.00824388
   0.289266  0.00902173  0.00824388    0.336306
IMAGINARY
          0   0.0194578 -0.00160189 -0.00981973
 -0.0194578           0  0.00779544 -0.00582385
 0.00160189 -0.00779544           0 -0.00460634
 0.00981973  0.00582385  0.00460634           0
Repeater1[0]<--->EndNode1[0]
REAL
   0.488491 3.79635e-05 -0.00987586    0.207975
3.79635e-05     0.13555   0.0143179 -0.00477382
-0.00987586   0.0143179    0.104859 -0.00194879
   0.207975 -0.00477382 -0.00194879      0.2711
IMAGINARY
          0 -0.00147252  0.00594475 -0.00361768
 0.00147252           0 -0.00423573   0.0122739
-0.00594475  0.00423573           0  -0.0153966
 0.00361768  -0.0122739   0.0153966           0
Repeater1[0]<--->HoM1[0]
REAL
   0.482803 -0.00459695  -0.0126687    0.289266
-0.00459695   0.0853503  0.00213729  0.00824388
 -0.0126687  0.00213729   0.0955414  0.00902173
   0.289266  0.00824388  0.00902173    0.336306
IMAGINARY
          0 -0.00160189   0.0194578 -0.00981973
 0.00160189           0 -0.00779544 -0.00460634
 -0.0194578  0.00779544           0 -0.00582385
 0.00981973  0.00460634  0.00582385           0
EndNode1[0]<--->Repeater1[0]
REAL
    0.47449 -0.00229358  -0.0213761    0.227719
-0.00229358    0.119898 -0.00681673   0.0178131
 -0.0213761 -0.00681673     0.13648  0.00229358
   0.227719   0.0178131  0.00229358    0.269133
IMAGINARY
          0 -0.00205231  0.00552661  -0.0141087
 0.00205231           0 -0.00763046  -0.0184132
-0.00552661  0.00763046           0  0.00720695
  0.0141087   0.0184132 -0.00720695           0
EndNode2[0]<--->HoM1[0]
REAL
   0.484932 0.000415804  0.00207704    0.332089
0.000415804    0.116438   0.0118642  -0.0222331
 0.00207704   0.0118642    0.090411  -0.0205719
   0.332089  -0.0222331  -0.0205719    0.308219
IMAGINARY
          0   0.0141656  -0.0209493   0.0188576
 -0.0141656           0 -0.00554963   0.0103376
  0.0209493  0.00554963           0  0.00643365
 -0.0188576  -0.0103376 -0.00643365           0
Repeater1[0]<--->EndNode1[0]
REAL
    0.47449  -0.0213761 -0.00229358    0.227719
 -0.0213761     0.13648 -0.00681673  0.00229358
-0.00229358 -0.00681673    0.119898   0.0178131
   0.227719  0.00229358   0.0178131    0.269133
IMAGINARY
          0  0.00552661 -0.00205231  -0.0141087
-0.00552661           0  0.00763046  0.00720695
 0.00205231 -0.00763046           0  -0.0184132
  0.0141087 -0.00720695   0.0184132           0
Repeater1[0]<--->HoM1[0]
REAL
   0.484932  0.00207704 0.000415804    0.332089
 0.00207704    0.090411   0.0118642  -0.0205719
0.000415804   0.0118642    0.116438  -0.0222331
   0.332089  -0.0205719  -0.0222331    0.308219
IMAGINARY
          0  -0.0209493   0.0141656   0.0188576
  0.0209493           0  0.00554963  0.00643365
 -0.0141656 -0.00554963           0   0.0103376
 -0.0188576 -0.00643365  -0.0103376           0
EndNode1[0]<--->Repeater1[0]
REAL
    0.50064  0.00356085 -0.00608904     0.23081
 0.00356085    0.119078  -0.0103666  -0.0111523
-0.00608904  -0.0103666    0.120359 -0.00479237
    0.23081  -0.0111523 -0.00479237    0.259923
IMAGINARY
           0   0.00786898    0.0106996   0.00541093
 -0.00786898            0   -0.0105391  0.000411523
  -0.0106996    0.0105391            0   -0.0163657
 -0.00541093 -0.000411523    0.0163657            0
EndNode2[0]<--->HoM1[0]
REAL
   0.514212   0.0138839 -0.00452586    0.335697
  0.0138839    0.111111  -0.0013019  0.00134115
-0.00452586  -0.0013019   0.0697674 -0.00178194
   0.335697  0.00134115 -0.00178194     0.30491
IMAGINARY
           0  -0.00294393 -0.000624412  -0.00642371
  0.00294393            0   -0.0126118   0.00515223
 0.000624412    0.0126118            0   0.00100344
  0.00642371  -0.00515223  -0.00100344            0
Repeater1[0]<--->EndNode1[0]
REAL
    0.50064 -0.00608904  0.00356085     0.23081
-0.00608904    0.120359  -0.0103666 -0.00479237
 0.00356085  -0.0103666    0.119078  -0.0111523
    0.23081 -0.00479237  -0.0111523    0.259923
IMAGINARY
           0    0.0106996   0.00786898   0.00541093
  -0.0106996            0    0.0105391   -0.0163657
 -0.00786898   -0.0105391            0  0.000411523
 -0.00541093    0.0163657 -0.000411523            0
Repeater1[0]<--->HoM1[0]
REAL
   0.514212 -0.00452586   0.0138839    0.335697
-0.00452586   0.0697674  -0.0013019 -0.00178194
  0.0138839  -0.0013019    0.111111  0.00134115
   0.335697 -0.00178194  0.00134115     0.30491
IMAGINARY
           0 -0.000624412  -0.00294393  -0.00642371
 0.000624412            0    0.0126118   0.00100344
  0.00294393   -0.0126118            0   0.00515223
  0.00642371  -0.00100344  -0.00515223            0
EndNode1[0]<--->Repeater1[0]
REAL
  0.495238 0.00191222 0.00989796   0.244485
0.00191222   0.122449  0.0192652   0.020102
0.00989796  0.0192652   0.114286  0.0118378
  0.244485   0.020102  0.0118378   0.268027
IMAGINARY
           0   0.00632627    0.0167783    0.0125328
 -0.00632627            0   -0.0196664  -0.00862274
  -0.0167783    0.0196664            0 -0.000680098
  -0.0125328   0.00862274  0.000680098            0
EndNode2[0]<--->HoM1[0]
REAL
   0.479798   0.0155458   0.0222324    0.297789
  0.0155458   0.0959596  -0.0201629   0.0057349
  0.0222324  -0.0201629   0.0934343 -0.00531387
   0.297789   0.0057349 -0.00531387    0.330808
IMAGINARY
          0   0.0053566   0.0188134  0.00130139
 -0.0053566           0   0.0026564  -0.0207098
 -0.0188134  -0.0026564           0  0.00412507
-0.00130139   0.0207098 -0.00412507           0
Repeater1[0]<--->EndNode1[0]
REAL
  0.495238 0.00989796 0.00191222   0.244485
0.00989796   0.114286  0.0192652  0.0118378
0.00191222  0.0192652   0.122449   0.020102
  0.244485  0.0118378   0.020102   0.268027
IMAGINARY
           0    0.0167783   0.00632627    0.0125328
  -0.0167783            0    0.0196664 -0.000680098
 -0.00632627   -0.0196664            0  -0.00862274
  -0.0125328  0.000680098   0.00862274            0
Repeater1[0]<--->HoM1[0]
REAL
   0.479798   0.0222324   0.0155458    0.297789
  0.0222324   0.0934343  -0.0201629 -0.00531387
  0.0155458  -0.0201629   0.0959596   0.0057349
   0.297789 -0.00531387   0.0057349    0.330808
IMAGINARY
          0   0.0188134   0.0053566  0.00130139
 -0.0188134           0  -0.0026564  0.00412507
 -0.0053566   0.0026564           0  -0.0207098
-0.00130139 -0.00412507   0.0207098           0
