EndNode1[0]<--->Repeater1[0]
REAL
    0.46879   0.0019996   0.0136689    0.379948
  0.0019996   0.0547771 2.53265e-06   0.0123212
  0.0136689 2.53265e-06    0.033121   0.0178024
   0.379948   0.0123212   0.0178024    0.443312
IMAGINARY
          0  -0.0149199 -0.00715119  0.00656169
  0.0149199           0 -0.00402362  0.00919758
 0.00715119  0.00402362           0  0.00468796
-0.00656169 -0.00919758 -0.00468796           0
EndNode2[0]<--->HoM1[0]
REAL
     0.4675    0.016167 0.000343407    0.400677
   0.016167        0.05 0.000421573  0.00927198
0.000343407 0.000421573     0.04125 -0.00929885
   0.400677  0.00927198 -0.00929885     0.44125
IMAGINARY
           0 -0.000639386    0.0168239    0.0183266
 0.000639386            0  -0.00733048   -0.0206602
  -0.0168239   0.00733048            0 -0.000639386
  -0.0183266    0.0206602  0.000639386            0
Repeater1[0]<--->EndNode1[0]
REAL
    0.46879   0.0136689   0.0019996    0.379948
  0.0136689    0.033121 2.53265e-06   0.0178024
  0.0019996 2.53265e-06   0.0547771   0.0123212
   0.379948   0.0178024   0.0123212    0.443312
IMAGINARY
          0 -0.00715119  -0.0149199  0.00656169
 0.00715119           0  0.00402362  0.00468796
  0.0149199 -0.00402362           0  0.00919758
-0.00656169 -0.00468796 -0.00919758           0
Repeater1[0]<--->HoM1[0]
REAL
     0.4675 0.000343407    0.016167    0.400677
0.000343407     0.04125 0.000421573 -0.00929885
   0.016167 0.000421573        0.05  0.00927198
   0.400677 -0.00929885  0.00927198     0.44125
IMAGINARY
           0    0.0168239 -0.000639386    0.0183266
  -0.0168239            0   0.00733048 -0.000639386
 0.000639386  -0.00733048            0   -0.0206602
  -0.0183266  0.000639386    0.0206602            0
EndNode1[0]<--->Repeater1[0]
REAL
    0.50828   0.0110482   0.0146237    0.405808
  0.0110482   0.0433121   0.0044169 -0.00215485
  0.0146237   0.0044169   0.0433121   -0.013542
   0.405808 -0.00215485   -0.013542    0.405096
IMAGINARY
          0  -0.0141678 -0.00265386   0.0117047
  0.0141678           0 -0.00720016   0.0273062
 0.00265386  0.00720016           0  -0.0155414
 -0.0117047  -0.0273062   0.0155414           0
EndNode2[0]<--->HoM1[0]
REAL
    0.488801  -0.00556832   -0.0131876     0.389058
 -0.00556832    0.0395257    0.0181311 -0.000537845
  -0.0131876    0.0181311    0.0447958   -0.0120787
    0.389058 -0.000537845   -0.0120787     0.426877
IMAGINARY
           0   -0.0117804    0.0172879 -0.000825755
   0.0117804            0   0.00709142    0.0265717
  -0.0172879  -0.00709142            0   -0.0283198
 0.000825755   -0.0265717    0.0283198            0
Repeater1[0]<--->EndNode1[0]
REAL
    0.50828   0.0146237   0.0110482    0.405808
  0.0146237   0.0433121   0.0044169   -0.013542
  0.0110482   0.0044169   0.0433121 -0.00215485
   0.405808   -0.013542 -0.00215485    0.405096
IMAGINARY
          0 -0.00265386  -0.0141678   0.0117047
 0.00265386           0  0.00720016  -0.0155414
  0.0141678 -0.00720016           0   0.0273062
 -0.0117047   0.0155414  -0.0273062           0
Repeater1[0]<--->HoM1[0]
REAL
    0.488801   -0.0131876  -0.00556832     0.389058
  -0.0131876    0.0447958    0.0181311   -0.0120787
 -0.00556832    0.0181311    0.0395257 -0.000537845
    0.389058   -0.0120787 -0.000537845     0.426877
IMAGINARY
           0    0.0172879   -0.0117804 -0.000825755
  -0.0172879            0  -0.00709142   -0.0283198
   0.0117804   0.00709142            0    0.0265717
 0.000825755    0.0283198   -0.0265717            0
EndNode1[0]<--->Repeater1[0]
REAL
   0.476368  -0.0232379 -0.00132979    0.388855
 -0.0232379   0.0410448   0.0135198  0.00132979
-0.00132979   0.0135198   0.0472637   0.0205994
   0.388855  0.00132979   0.0205994    0.435323
IMAGINARY
          0   0.0123911 -0.00733425  0.00851915
 -0.0123911           0  0.00663236 -0.00473009
 0.00733425 -0.00663236           0   0.0117375
-0.00851915  0.00473009  -0.0117375           0
EndNode2[0]<--->HoM1[0]
REAL
   0.460811  0.00910165   0.0146182    0.380961
 0.00910165   0.0445946   0.0099932 -0.00284621
  0.0146182   0.0099932   0.0432432   0.0150619
   0.380961 -0.00284621   0.0150619    0.451351
IMAGINARY
          0  -0.0102342   0.0186237  0.00238012
  0.0102342           0  -0.0222774  0.00586857
 -0.0186237   0.0222774           0 -0.00708956
-0.00238012 -0.00586857  0.00708956           0
Repeater1[0]<--->EndNode1[0]
REAL
   0.476368 -0.00132979  -0.0232379    0.388855
-0.00132979   0.0472637   0.0135198   0.0205994
 -0.0232379   0.0135198   0.0410448  0.00132979
   0.388855   0.0205994  0.00132979    0.435323
IMAGINARY
          0 -0.00733425   0.0123911  0.00851915
 0.00733425           0 -0.00663236   0.0117375
 -0.0123911  0.00663236           0 -0.00473009
-0.00851915  -0.0117375  0.00473009           0
Repeater1[0]<--->HoM1[0]
REAL
   0.460811   0.0146182  0.00910165    0.380961
  0.0146182   0.0432432   0.0099932   0.0150619
 0.00910165   0.0099932   0.0445946 -0.00284621
   0.380961   0.0150619 -0.00284621    0.451351
IMAGINARY
          0   0.0186237  -0.0102342  0.00238012
 -0.0186237           0   0.0222774 -0.00708956
  0.0102342  -0.0222774           0  0.00586857
-0.00238012  0.00708956 -0.00586857           0
EndNode1[0]<--->Repeater1[0]
REAL
   0.439241 -0.00924637  0.00732126    0.396456
-0.00924637   0.0481013   0.0104907  -0.0145296
 0.00732126   0.0104907   0.0455696  -0.0202425
   0.396456  -0.0145296  -0.0202425    0.467089
IMAGINARY
          0   0.0291366  0.00735001 -0.00845106
 -0.0291366           0 -0.00527444  -0.0136157
-0.00735001  0.00527444           0  0.00344488
 0.00845106   0.0136157 -0.00344488           0
EndNode2[0]<--->HoM1[0]
REAL
   0.454897 -0.00478915    0.012816    0.386486
-0.00478915   0.0386598   0.0133892 -0.00718398
   0.012816   0.0133892   0.0515464  0.00541493
   0.386486 -0.00718398  0.00541493    0.454897
IMAGINARY
          0  0.00190108 -0.00393587  0.00418801
-0.00190108           0   0.0113964   0.0140882
 0.00393587  -0.0113964           0  -0.0272818
-0.00418801  -0.0140882   0.0272818           0
Repeater1[0]<--->EndNode1[0]
REAL
   0.439241  0.00732126 -0.00924637    0.396456
 0.00732126   0.0455696   0.0104907  -0.0202425
-0.00924637   0.0104907   0.0481013  -0.0145296
   0.396456  -0.0202425  -0.0145296    0.467089
IMAGINARY
          0  0.00735001   0.0291366 -0.00845106
-0.00735001           0  0.00527444  0.00344488
 -0.0291366 -0.00527444           0  -0.0136157
 0.00845106 -0.00344488   0.0136157           0
Repeater1[0]<--->HoM1[0]
REAL
   0.454897    0.012816 -0.00478915    0.386486
   0.012816   0.0515464   0.0133892  0.00541493
-0.00478915   0.0133892   0.0386598 -0.00718398
   0.386486  0.00541493 -0.00718398    0.454897
IMAGINARY
          0 -0.00393587  0.00190108  0.00418801
 0.00393587           0  -0.0113964  -0.0272818
-0.00190108   0.0113964           0   0.0140882
-0.00418801   0.0272818  -0.0140882           0
EndNode1[0]<--->Repeater1[0]
REAL
   0.441509   0.0144272  0.00151386    0.389937
  0.0144272   0.0528302  0.00993742  -0.0146553
 0.00151386  0.00993742   0.0528302 -0.00754355
   0.389937  -0.0146553 -0.00754355     0.45283
IMAGINARY
           0   0.00999388  -0.00610691  -0.00550393
 -0.00999388            0  0.000793298   -0.0114688
  0.00610691 -0.000793298            0   -0.0081757
  0.00550393    0.0114688    0.0081757            0
EndNode2[0]<--->HoM1[0]
REAL
  0.444724 0.00483337  0.0134637   0.390976
0.00483337  0.0515075 0.00249976 0.00451231
 0.0134637 0.00249976   0.048995  0.0104795
  0.390976 0.00451231  0.0104795   0.454774
IMAGINARY
          0 -0.00875059   0.0120038  0.00356092
 0.00875059           0  0.00291576  -0.0113843
 -0.0120038 -0.00291576           0   0.0056527
-0.00356092   0.0113843  -0.0056527           0
Repeater1[0]<--->EndNode1[0]
REAL
   0.441509  0.00151386   0.0144272    0.389937
 0.00151386   0.0528302  0.00993742 -0.00754355
  0.0144272  0.00993742   0.0528302  -0.0146553
   0.389937 -0.00754355  -0.0146553     0.45283
IMAGINARY
           0  -0.00610691   0.00999388  -0.00550393
  0.00610691            0 -0.000793298   -0.0081757
 -0.00999388  0.000793298            0   -0.0114688
  0.00550393    0.0081757    0.0114688            0
Repeater1[0]<--->HoM1[0]
REAL
  0.444724  0.0134637 0.00483337   0.390976
 0.0134637   0.048995 0.00249976  0.0104795
0.00483337 0.00249976  0.0515075 0.00451231
  0.390976  0.0104795 0.00451231   0.454774
IMAGINARY
          0   0.0120038 -0.00875059  0.00356092
 -0.0120038           0 -0.00291576   0.0056527
 0.00875059  0.00291576           0  -0.0113843
-0.00356092  -0.0056527   0.0113843           0
EndNode1[0]<--->Repeater1[0]
REAL
   0.505063 -0.00610551  -0.0209981    0.366661
-0.00610551   0.0379747 0.000435804  -0.0157761
 -0.0209981 0.000435804   0.0367089  -0.0113138
   0.366661  -0.0157761  -0.0113138    0.420253
IMAGINARY
          0 -0.00378513    0.013177   0.0104323
 0.00378513           0    0.008555  -0.0125147
  -0.013177   -0.008555           0 -0.00879766
 -0.0104323   0.0125147  0.00879766           0
EndNode2[0]<--->HoM1[0]
REAL
    0.466156   0.00860514   -0.0066879     0.393163
  0.00860514    0.0485313 -0.000169851   -0.0066879
  -0.0066879 -0.000169851    0.0421456  -0.00414654
    0.393163   -0.0066879  -0.00414654     0.443167
IMAGINARY
          0   0.0146566 -0.00521628 -0.00733848
 -0.0146566           0  -0.0162217   -0.028117
 0.00521628   0.0162217           0  0.00267675
 0.00733848    0.028117 -0.00267675           0
Repeater1[0]<--->EndNode1[0]
REAL
   0.505063  -0.0209981 -0.00610551    0.366661
 -0.0209981   0.0367089 0.000435804  -0.0113138
-0.00610551 0.000435804   0.0379747  -0.0157761
   0.366661  -0.0113138  -0.0157761    0.420253
IMAGINARY
          0    0.013177 -0.00378513   0.0104323
  -0.013177           0   -0.008555 -0.00879766
 0.00378513    0.008555           0  -0.0125147
 -0.0104323  0.00879766   0.0125147           0
Repeater1[0]<--->HoM1[0]
REAL
    0.466156   -0.0066879   0.00860514     0.393163
  -0.0066879    0.0421456 -0.000169851  -0.00414654
  0.00860514 -0.000169851    0.0485313   -0.0066879
    0.393163  -0.00414654   -0.0066879     0.443167
IMAGINARY
          0 -0.00521628   0.0146566 -0.00733848
 0.00521628           0   0.0162217  0.00267675
 -0.0146566  -0.0162217           0   -0.028117
 0.00733848 -0.00267675    0.028117           0
EndNode1[0]<--->Repeater1[0]
REAL
   0.479058    0.003283   -0.016129     0.38356
   0.003283   0.0379581  0.00418225   0.0154839
  -0.016129  0.00418225   0.0353403 -0.00779913
    0.38356   0.0154839 -0.00779913    0.447644
IMAGINARY
           0  0.000988082   0.00742028   -0.0201108
-0.000988082            0   0.00819109   0.00490138
 -0.00742028  -0.00819109            0  -0.00163659
   0.0201108  -0.00490138   0.00163659            0
EndNode2[0]<--->HoM1[0]
REAL
   0.462151  -0.0174295  -0.0110507    0.390356
 -0.0174295   0.0531208   0.0124034  -0.0355985
 -0.0110507   0.0124034   0.0411687 -0.00819468
   0.390356  -0.0355985 -0.00819468    0.443559
IMAGINARY
          0  0.00307532 -0.00390396  -0.0150484
-0.00307532           0  0.00294647  -0.0170934
 0.00390396 -0.00294647           0   0.0087357
  0.0150484   0.0170934  -0.0087357           0
Repeater1[0]<--->EndNode1[0]
REAL
   0.479058   -0.016129    0.003283     0.38356
  -0.016129   0.0353403  0.00418225 -0.00779913
   0.003283  0.00418225   0.0379581   0.0154839
    0.38356 -0.00779913   0.0154839    0.447644
IMAGINARY
           0   0.00742028  0.000988082   -0.0201108
 -0.00742028            0  -0.00819109  -0.00163659
-0.000988082   0.00819109            0   0.00490138
   0.0201108   0.00163659  -0.00490138            0
Repeater1[0]<--->HoM1[0]
REAL
   0.462151  -0.0110507  -0.0174295    0.390356
 -0.0110507   0.0411687   0.0124034 -0.00819468
 -0.0174295   0.0124034   0.0531208  -0.0355985
   0.390356 -0.00819468  -0.0355985    0.443559
IMAGINARY
          0 -0.00390396  0.00307532  -0.0150484
 0.00390396           0 -0.00294647   0.0087357
-0.00307532  0.00294647           0  -0.0170934
  0.0150484  -0.0087357   0.0170934           0
EndNode1[0]<--->Repeater1[0]
REAL
  0.493298 0.00924179 -0.0086848   0.392735
0.00924179  0.0335121 0.00863812  0.0130543
-0.0086848 0.00863812  0.0455764 -0.0111144
  0.392735  0.0130543 -0.0111144   0.427614
IMAGINARY
          0  -0.0138643  0.00171246   0.0264024
  0.0138643           0 -0.00168753  0.00367838
-0.00171246  0.00168753           0 -0.00500358
 -0.0264024 -0.00367838  0.00500358           0
EndNode2[0]<--->HoM1[0]
REAL
  0.474114  0.0019548 0.00620717    0.39443
 0.0019548  0.0313351 0.00413977  0.0217512
0.00620717 0.00413977  0.0449591 0.00519734
   0.39443  0.0217512 0.00519734   0.449591
IMAGINARY
           0  -0.00194998   0.00412007   -0.0115528
  0.00194998            0  -0.00696568  0.000293544
 -0.00412007   0.00696568            0   0.00384153
   0.0115528 -0.000293544  -0.00384153            0
Repeater1[0]<--->EndNode1[0]
REAL
  0.493298 -0.0086848 0.00924179   0.392735
-0.0086848  0.0455764 0.00863812 -0.0111144
0.00924179 0.00863812  0.0335121  0.0130543
  0.392735 -0.0111144  0.0130543   0.427614
IMAGINARY
          0  0.00171246  -0.0138643   0.0264024
-0.00171246           0  0.00168753 -0.00500358
  0.0138643 -0.00168753           0  0.00367838
 -0.0264024  0.00500358 -0.00367838           0
Repeater1[0]<--->HoM1[0]
REAL
  0.474114 0.00620717  0.0019548    0.39443
0.00620717  0.0449591 0.00413977 0.00519734
 0.0019548 0.00413977  0.0313351  0.0217512
   0.39443 0.00519734  0.0217512   0.449591
IMAGINARY
           0   0.00412007  -0.00194998   -0.0115528
 -0.00412007            0   0.00696568   0.00384153
  0.00194998  -0.00696568            0  0.000293544
   0.0115528  -0.00384153 -0.000293544            0
EndNode1[0]<--->Repeater1[0]
REAL
   0.458996  0.00198041 -0.00526025    0.372475
 0.00198041   0.0514076  0.00252525   0.0199661
-0.00526025  0.00252525   0.0501836  0.00537254
   0.372475   0.0199661  0.00537254    0.439412
IMAGINARY
         0  0.0126598 -0.0116757  0.0023007
-0.0126598          0 -0.0189896 -0.0135768
 0.0116757  0.0189896          0  0.0113301
-0.0023007  0.0135768 -0.0113301          0
EndNode2[0]<--->HoM1[0]
REAL
   0.467012  0.00216408 0.000478332    0.391577
 0.00216408   0.0413972  0.00764812  -0.0211502
0.000478332  0.00764812   0.0401035  -0.0228359
   0.391577  -0.0211502  -0.0228359    0.451488
IMAGINARY
          0    0.002074  -0.0130995 -0.00232174
  -0.002074           0 -0.00956812  -0.0264413
  0.0130995  0.00956812           0   0.0183342
 0.00232174   0.0264413  -0.0183342           0
Repeater1[0]<--->EndNode1[0]
REAL
   0.458996 -0.00526025  0.00198041    0.372475
-0.00526025   0.0501836  0.00252525  0.00537254
 0.00198041  0.00252525   0.0514076   0.0199661
   0.372475  0.00537254   0.0199661    0.439412
IMAGINARY
         0 -0.0116757  0.0126598  0.0023007
 0.0116757          0  0.0189896  0.0113301
-0.0126598 -0.0189896          0 -0.0135768
-0.0023007 -0.0113301  0.0135768          0
Repeater1[0]<--->HoM1[0]
REAL
   0.467012 0.000478332  0.00216408    0.391577
0.000478332   0.0401035  0.00764812  -0.0228359
 0.00216408  0.00764812   0.0413972  -0.0211502
   0.391577  -0.0228359  -0.0211502    0.451488
IMAGINARY
          0  -0.0130995    0.002074 -0.00232174
  0.0130995           0  0.00956812   0.0183342
  -0.002074 -0.00956812           0  -0.0264413
 0.00232174  -0.0183342   0.0264413           0
EndNode1[0]<--->Repeater1[0]
REAL
   0.505992  -0.0019785 -0.00895024    0.380294
 -0.0019785   0.0292943   0.0198291  0.00833371
-0.00895024   0.0198291   0.0559254   0.0075272
   0.380294  0.00833371   0.0075272    0.408788
IMAGINARY
          0    0.004803  -0.0104335   0.0164841
  -0.004803           0  0.00653383  -0.0179902
  0.0104335 -0.00653383           0  0.00553292
 -0.0164841   0.0179902 -0.00553292           0
EndNode2[0]<--->HoM1[0]
REAL
   0.428937  0.00818647   -0.021476    0.395386
 0.00818647   0.0486556  0.00111893   0.0107233
  -0.021476  0.00111893   0.0422535 -0.00146604
   0.395386   0.0107233 -0.00146604    0.480154
IMAGINARY
          0   0.0169148  -0.0217385 -0.00228417
 -0.0169148           0 -0.00163228   -0.017115
  0.0217385  0.00163228           0   0.0206648
 0.00228417    0.017115  -0.0206648           0
Repeater1[0]<--->EndNode1[0]
REAL
   0.505992 -0.00895024  -0.0019785    0.380294
-0.00895024   0.0559254   0.0198291   0.0075272
 -0.0019785   0.0198291   0.0292943  0.00833371
   0.380294   0.0075272  0.00833371    0.408788
IMAGINARY
          0  -0.0104335    0.004803   0.0164841
  0.0104335           0 -0.00653383  0.00553292
  -0.004803  0.00653383           0  -0.0179902
 -0.0164841 -0.00553292   0.0179902           0
Repeater1[0]<--->HoM1[0]
REAL
   0.428937   -0.021476  0.00818647    0.395386
  -0.021476   0.0422535  0.00111893 -0.00146604
 0.00818647  0.00111893   0.0486556   0.0107233
   0.395386 -0.00146604   0.0107233    0.480154
IMAGINARY
          0  -0.0217385   0.0169148 -0.00228417
  0.0217385           0  0.00163228   0.0206648
 -0.0169148 -0.00163228           0   -0.017115
 0.00228417  -0.0206648    0.017115           0
EndNode1[0]<--->Repeater1[0]
REAL
  0.483333 -0.0144186  0.0106556    0.38562
-0.0144186  0.0538462 0.00224239  -0.027806
 0.0106556 0.00224239  0.0448718 0.00122597
   0.38562  -0.027806 0.00122597   0.417949
IMAGINARY
          0  0.00773839 -0.00758696  -0.0268221
-0.00773839           0 -0.00173033  -0.0286061
 0.00758696  0.00173033           0   0.0083474
  0.0268221   0.0286061  -0.0083474           0
EndNode2[0]<--->HoM1[0]
REAL
  0.433071 -0.0145268  0.0142004   0.394596
-0.0145268  0.0472441  0.0191096 -0.0129314
 0.0142004  0.0191096  0.0538058  0.0157958
  0.394596 -0.0129314  0.0157958   0.465879
IMAGINARY
          0 -0.00528955 -0.00843801  0.00472056
 0.00528955           0  -0.0033943 -0.00907172
 0.00843801   0.0033943           0   0.0176112
-0.00472056  0.00907172  -0.0176112           0
Repeater1[0]<--->EndNode1[0]
REAL
  0.483333  0.0106556 -0.0144186    0.38562
 0.0106556  0.0448718 0.00224239 0.00122597
-0.0144186 0.00224239  0.0538462  -0.027806
   0.38562 0.00122597  -0.027806   0.417949
IMAGINARY
          0 -0.00758696  0.00773839  -0.0268221
 0.00758696           0  0.00173033   0.0083474
-0.00773839 -0.00173033           0  -0.0286061
  0.0268221  -0.0083474   0.0286061           0
Repeater1[0]<--->HoM1[0]
REAL
  0.433071  0.0142004 -0.0145268   0.394596
 0.0142004  0.0538058  0.0191096  0.0157958
-0.0145268  0.0191096  0.0472441 -0.0129314
  0.394596  0.0157958 -0.0129314   0.465879
IMAGINARY
          0 -0.00843801 -0.00528955  0.00472056
 0.00843801           0   0.0033943   0.0176112
 0.00528955  -0.0033943           0 -0.00907172
-0.00472056  -0.0176112  0.00907172           0
EndNode1[0]<--->Repeater1[0]
REAL
  0.449333 -0.0114887  0.0177044   0.393473
-0.0114887      0.052 0.00106794  0.0120723
 0.0177044 0.00106794  0.0533333  0.0201736
  0.393473  0.0120723  0.0201736   0.445333
IMAGINARY
           0   0.00325439   -0.0222653  0.000645015
 -0.00325439            0  -0.00381358   0.00580959
   0.0222653   0.00381358            0    0.0271254
-0.000645015  -0.00580959   -0.0271254            0
EndNode2[0]<--->HoM1[0]
REAL
   0.456051  0.00578588 -0.00588942     0.38998
 0.00578588   0.0484076   0.0151482  0.00973558
-0.00588942   0.0151482   0.0496815  0.00318848
    0.38998  0.00973558  0.00318848     0.44586
IMAGINARY
          0   0.0102971  -0.0140243   0.0100156
 -0.0102971           0   0.0171864  0.00123826
  0.0140243  -0.0171864           0   -0.012316
 -0.0100156 -0.00123826    0.012316           0
Repeater1[0]<--->EndNode1[0]
REAL
  0.449333  0.0177044 -0.0114887   0.393473
 0.0177044  0.0533333 0.00106794  0.0201736
-0.0114887 0.00106794      0.052  0.0120723
  0.393473  0.0201736  0.0120723   0.445333
IMAGINARY
           0   -0.0222653   0.00325439  0.000645015
   0.0222653            0   0.00381358    0.0271254
 -0.00325439  -0.00381358            0   0.00580959
-0.000645015   -0.0271254  -0.00580959            0
Repeater1[0]<--->HoM1[0]
REAL
   0.456051 -0.00588942  0.00578588     0.38998
-0.00588942   0.0496815   0.0151482  0.00318848
 0.00578588   0.0151482   0.0484076  0.00973558
    0.38998  0.00318848  0.00973558     0.44586
IMAGINARY
          0  -0.0140243   0.0102971   0.0100156
  0.0140243           0  -0.0171864   -0.012316
 -0.0102971   0.0171864           0  0.00123826
 -0.0100156    0.012316 -0.00123826           0
EndNode1[0]<--->Repeater1[0]
REAL
   0.457067  0.00316392 0.000963185    0.388707
 0.00316392   0.0528402  0.00582418   0.0146618
0.000963185  0.00582418   0.0396301    0.011159
   0.388707   0.0146618    0.011159    0.450462
IMAGINARY
          0  0.00211357 -0.00771954  -0.0234813
-0.00211357           0   0.0197124 -0.00708097
 0.00771954  -0.0197124           0 -0.00404407
  0.0234813  0.00708097  0.00404407           0
EndNode2[0]<--->HoM1[0]
REAL
   0.481481   0.0121505 -0.00813028    0.385084
  0.0121505   0.0395913  0.00100889  -0.0150485
-0.00813028  0.00100889   0.0523627  -0.0167863
   0.385084  -0.0150485  -0.0167863    0.426564
IMAGINARY
          0  -0.0150347  0.00552449  -0.0141456
  0.0150347           0   -0.011614   0.0214076
-0.00552449    0.011614           0  -0.0177521
  0.0141456  -0.0214076   0.0177521           0
Repeater1[0]<--->EndNode1[0]
REAL
   0.457067 0.000963185  0.00316392    0.388707
0.000963185   0.0396301  0.00582418    0.011159
 0.00316392  0.00582418   0.0528402   0.0146618
   0.388707    0.011159   0.0146618    0.450462
IMAGINARY
          0 -0.00771954  0.00211357  -0.0234813
 0.00771954           0  -0.0197124 -0.00404407
-0.00211357   0.0197124           0 -0.00708097
  0.0234813  0.00404407  0.00708097           0
Repeater1[0]<--->HoM1[0]
REAL
   0.481481 -0.00813028   0.0121505    0.385084
-0.00813028   0.0523627  0.00100889  -0.0167863
  0.0121505  0.00100889   0.0395913  -0.0150485
   0.385084  -0.0167863  -0.0150485    0.426564
IMAGINARY
          0  0.00552449  -0.0150347  -0.0141456
-0.00552449           0    0.011614  -0.0177521
  0.0150347   -0.011614           0   0.0214076
  0.0141456   0.0177521  -0.0214076           0
EndNode1[0]<--->Repeater1[0]
REAL
    0.45297   0.0103204 0.000447125      0.4043
  0.0103204   0.0519802  0.00563355  -0.0103809
0.000447125  0.00563355   0.0445545  -0.0176052
     0.4043  -0.0103809  -0.0176052    0.450495
IMAGINARY
          0  0.00551715  0.00326113  0.00945687
-0.00551715           0  0.00637426  -0.0219278
-0.00326113 -0.00637426           0   0.0264828
-0.00945687   0.0219278  -0.0264828           0
EndNode2[0]<--->HoM1[0]
REAL
   0.470215 -0.00161616  0.00813578    0.397399
-0.00161616   0.0456274  0.00353759   0.0099365
 0.00813578  0.00353759   0.0570342   0.0277206
   0.397399   0.0099365   0.0277206    0.427123
IMAGINARY
          0   -0.005525  -0.0165543  -0.0146981
   0.005525           0   0.0375407   0.0191119
  0.0165543  -0.0375407           0  0.00680377
  0.0146981  -0.0191119 -0.00680377           0
Repeater1[0]<--->EndNode1[0]
REAL
    0.45297 0.000447125   0.0103204      0.4043
0.000447125   0.0445545  0.00563355  -0.0176052
  0.0103204  0.00563355   0.0519802  -0.0103809
     0.4043  -0.0176052  -0.0103809    0.450495
IMAGINARY
          0  0.00326113  0.00551715  0.00945687
-0.00326113           0 -0.00637426   0.0264828
-0.00551715  0.00637426           0  -0.0219278
-0.00945687  -0.0264828   0.0219278           0
Repeater1[0]<--->HoM1[0]
REAL
   0.470215  0.00813578 -0.00161616    0.397399
 0.00813578   0.0570342  0.00353759   0.0277206
-0.00161616  0.00353759   0.0456274   0.0099365
   0.397399   0.0277206   0.0099365    0.427123
IMAGINARY
          0  -0.0165543   -0.005525  -0.0146981
  0.0165543           0  -0.0375407  0.00680377
   0.005525   0.0375407           0   0.0191119
  0.0146981 -0.00680377  -0.0191119           0
EndNode1[0]<--->Repeater1[0]
REAL
   0.460358   0.0117778    0.016254    0.394655
  0.0117778   0.0421995 -0.00258774  -0.0221058
   0.016254 -0.00258774   0.0421995  -0.0085268
   0.394655  -0.0221058  -0.0085268    0.455243
IMAGINARY
          0 -0.00972711   0.0055692  -0.0040436
 0.00972711           0   0.0157016 -0.00306294
 -0.0055692  -0.0157016           0   0.0147396
  0.0040436  0.00306294  -0.0147396           0
EndNode2[0]<--->HoM1[0]
REAL
  0.473752 0.00590662 0.00643073   0.383103
0.00590662  0.0448143 0.00828281  0.0216592
0.00643073 0.00828281  0.0422535  0.0184379
  0.383103  0.0216592  0.0184379   0.439181
IMAGINARY
           0  -0.00883091 -7.28531e-05   -0.0126788
  0.00883091            0  -0.00114032  -0.00640197
 7.28531e-05   0.00114032            0    0.0138669
   0.0126788   0.00640197   -0.0138669            0
Repeater1[0]<--->EndNode1[0]
REAL
   0.460358    0.016254   0.0117778    0.394655
   0.016254   0.0421995 -0.00258774  -0.0085268
  0.0117778 -0.00258774   0.0421995  -0.0221058
   0.394655  -0.0085268  -0.0221058    0.455243
IMAGINARY
          0   0.0055692 -0.00972711  -0.0040436
 -0.0055692           0  -0.0157016   0.0147396
 0.00972711   0.0157016           0 -0.00306294
  0.0040436  -0.0147396  0.00306294           0
Repeater1[0]<--->HoM1[0]
REAL
  0.473752 0.00643073 0.00590662   0.383103
0.00643073  0.0422535 0.00828281  0.0184379
0.00590662 0.00828281  0.0448143  0.0216592
  0.383103  0.0184379  0.0216592   0.439181
IMAGINARY
           0 -7.28531e-05  -0.00883091   -0.0126788
 7.28531e-05            0   0.00114032    0.0138669
  0.00883091  -0.00114032            0  -0.00640197
   0.0126788   -0.0138669   0.00640197            0
EndNode1[0]<--->Repeater1[0]
REAL
   0.452564   0.0102875 -0.00451322    0.382499
  0.0102875   0.0448718   0.0177707   0.0206857
-0.00451322   0.0177707   0.0358974   0.0247529
   0.382499   0.0206857   0.0247529    0.466667
IMAGINARY
          0  0.00475972   0.0156469  -0.0166667
-0.00475972           0   0.0166667 -0.00490103
 -0.0156469  -0.0166667           0  -0.0091845
  0.0166667  0.00490103   0.0091845           0
EndNode2[0]<--->HoM1[0]
REAL
   0.480154   0.0239395 -0.00681054    0.391311
  0.0239395   0.0332907   0.0236638   0.0118867
-0.00681054   0.0236638   0.0486556  -0.0252086
   0.391311   0.0118867  -0.0252086      0.4379
IMAGINARY
          0    0.011475  0.00935576  -0.0193979
  -0.011475           0   0.0266635  -0.0240616
-0.00935576  -0.0266635           0   0.0152629
  0.0193979   0.0240616  -0.0152629           0
Repeater1[0]<--->EndNode1[0]
REAL
   0.452564 -0.00451322   0.0102875    0.382499
-0.00451322   0.0358974   0.0177707   0.0247529
  0.0102875   0.0177707   0.0448718   0.0206857
   0.382499   0.0247529   0.0206857    0.466667
IMAGINARY
          0   0.0156469  0.00475972  -0.0166667
 -0.0156469           0  -0.0166667  -0.0091845
-0.00475972   0.0166667           0 -0.00490103
  0.0166667   0.0091845  0.00490103           0
Repeater1[0]<--->HoM1[0]
REAL
   0.480154 -0.00681054   0.0239395    0.391311
-0.00681054   0.0486556   0.0236638  -0.0252086
  0.0239395   0.0236638   0.0332907   0.0118867
   0.391311  -0.0252086   0.0118867      0.4379
IMAGINARY
          0  0.00935576    0.011475  -0.0193979
-0.00935576           0  -0.0266635   0.0152629
  -0.011475   0.0266635           0  -0.0240616
  0.0193979  -0.0152629   0.0240616           0
EndNode1[0]<--->Repeater1[0]
REAL
   0.471523  -0.0200593  -0.0150971    0.402136
 -0.0200593   0.0463576 -0.00549485   0.0163891
 -0.0150971 -0.00549485   0.0384106  0.00584742
   0.402136   0.0163891  0.00584742    0.443709
IMAGINARY
           0    0.0132682   0.00554243 -0.000316056
  -0.0132682            0  0.000316056   0.00182035
 -0.00554243 -0.000316056            0   -0.0112601
 0.000316056  -0.00182035    0.0112601            0
EndNode2[0]<--->HoM1[0]
REAL
   0.467254 -0.00846906 -0.00840651    0.398853
-0.00846906   0.0365239 -0.00234811 -0.00772252
-0.00840651 -0.00234811   0.0554156  -0.0170686
   0.398853 -0.00772252  -0.0170686    0.440806
IMAGINARY
          0 -0.00135052  0.00109676   0.0126279
 0.00135052           0  0.00937696 -0.00576966
-0.00109676 -0.00937696           0   0.0140341
 -0.0126279  0.00576966  -0.0140341           0
Repeater1[0]<--->EndNode1[0]
REAL
   0.471523  -0.0150971  -0.0200593    0.402136
 -0.0150971   0.0384106 -0.00549485  0.00584742
 -0.0200593 -0.00549485   0.0463576   0.0163891
   0.402136  0.00584742   0.0163891    0.443709
IMAGINARY
           0   0.00554243    0.0132682 -0.000316056
 -0.00554243            0 -0.000316056   -0.0112601
  -0.0132682  0.000316056            0   0.00182035
 0.000316056    0.0112601  -0.00182035            0
Repeater1[0]<--->HoM1[0]
REAL
   0.467254 -0.00840651 -0.00846906    0.398853
-0.00840651   0.0554156 -0.00234811  -0.0170686
-0.00846906 -0.00234811   0.0365239 -0.00772252
   0.398853  -0.0170686 -0.00772252    0.440806
IMAGINARY
          0  0.00109676 -0.00135052   0.0126279
-0.00109676           0 -0.00937696   0.0140341
 0.00135052  0.00937696           0 -0.00576966
 -0.0126279  -0.0140341  0.00576966           0
EndNode1[0]<--->Repeater1[0]
REAL
   0.460938   -0.019859  -0.0127289    0.382603
  -0.019859    0.046875   0.0095664 -0.00203366
 -0.0127289   0.0095664   0.0572917  0.00252907
   0.382603 -0.00203366  0.00252907    0.434896
IMAGINARY
           0    0.0137697   -0.0172948  -0.00136519
  -0.0137697            0   -0.0122487   -0.0062654
   0.0172948    0.0122487            0  0.000628239
  0.00136519    0.0062654 -0.000628239            0
EndNode2[0]<--->HoM1[0]
REAL
   0.466837  -0.0118589  -0.0314064    0.377719
 -0.0118589   0.0446429  0.00479092  0.00403661
 -0.0314064  0.00479092   0.0420918 -0.00750025
   0.377719  0.00403661 -0.00750025    0.446429
IMAGINARY
           0 -0.000155916  -0.00193743  -0.00345909
 0.000155916            0   -0.0172435    0.0102247
  0.00193743    0.0172435            0  -0.00813138
  0.00345909   -0.0102247   0.00813138            0
Repeater1[0]<--->EndNode1[0]
REAL
   0.460938  -0.0127289   -0.019859    0.382603
 -0.0127289   0.0572917   0.0095664  0.00252907
  -0.019859   0.0095664    0.046875 -0.00203366
   0.382603  0.00252907 -0.00203366    0.434896
IMAGINARY
           0   -0.0172948    0.0137697  -0.00136519
   0.0172948            0    0.0122487  0.000628239
  -0.0137697   -0.0122487            0   -0.0062654
  0.00136519 -0.000628239    0.0062654            0
Repeater1[0]<--->HoM1[0]
REAL
   0.466837  -0.0314064  -0.0118589    0.377719
 -0.0314064   0.0420918  0.00479092 -0.00750025
 -0.0118589  0.00479092   0.0446429  0.00403661
   0.377719 -0.00750025  0.00403661    0.446429
IMAGINARY
           0  -0.00193743 -0.000155916  -0.00345909
  0.00193743            0    0.0172435  -0.00813138
 0.000155916   -0.0172435            0    0.0102247
  0.00345909   0.00813138   -0.0102247            0
EndNode1[0]<--->Repeater1[0]
REAL
   0.456835  0.00063351  -0.0162712    0.371618
 0.00063351   0.0455635  0.00244693  0.00504928
 -0.0162712  0.00244693   0.0431655 -0.00811481
   0.371618  0.00504928 -0.00811481    0.454436
IMAGINARY
           0    0.0037606   -0.0134695    0.0196833
  -0.0037606            0   -0.0106393 -0.000779175
   0.0134695    0.0106393            0    0.0273275
  -0.0196833  0.000779175   -0.0273275            0
EndNode2[0]<--->HoM1[0]
REAL
  0.465228  0.0209088 -0.0104869   0.394067
 0.0209088  0.0443645 0.00446466  0.0258407
-0.0104869 0.00446466   0.057554  0.0158068
  0.394067  0.0258407  0.0158068   0.432854
IMAGINARY
          0 -0.00493893  0.00706792   0.0123447
 0.00493893           0 -0.00154419  0.00641089
-0.00706792  0.00154419           0  -0.0188095
 -0.0123447 -0.00641089   0.0188095           0
Repeater1[0]<--->EndNode1[0]
REAL
   0.456835  -0.0162712  0.00063351    0.371618
 -0.0162712   0.0431655  0.00244693 -0.00811481
 0.00063351  0.00244693   0.0455635  0.00504928
   0.371618 -0.00811481  0.00504928    0.454436
IMAGINARY
           0   -0.0134695    0.0037606    0.0196833
   0.0134695            0    0.0106393    0.0273275
  -0.0037606   -0.0106393            0 -0.000779175
  -0.0196833   -0.0273275  0.000779175            0
Repeater1[0]<--->HoM1[0]
REAL
  0.465228 -0.0104869  0.0209088   0.394067
-0.0104869   0.057554 0.00446466  0.0158068
 0.0209088 0.00446466  0.0443645  0.0258407
  0.394067  0.0158068  0.0258407   0.432854
IMAGINARY
          0  0.00706792 -0.00493893   0.0123447
-0.00706792           0  0.00154419  -0.0188095
 0.00493893 -0.00154419           0  0.00641089
 -0.0123447   0.0188095 -0.00641089           0
EndNode1[0]<--->Repeater1[0]
REAL
   0.441026  -0.0040564  -0.0117236    0.389738
 -0.0040564   0.0641026 -0.00364482  0.00178987
 -0.0117236 -0.00364482   0.0461538 -0.00852638
   0.389738  0.00178987 -0.00852638    0.448718
IMAGINARY
          0  0.00113739   -0.017239   0.0162804
-0.00113739           0 -0.00647645   0.0111115
   0.017239  0.00647645           0 -0.00849033
 -0.0162804  -0.0111115  0.00849033           0
EndNode2[0]<--->HoM1[0]
REAL
   0.477019 -0.00509882  -0.0107062    0.403926
-0.00509882    0.047205   0.0108782  0.00372293
 -0.0107062   0.0108782   0.0397516 -0.00886766
   0.403926  0.00372293 -0.00886766    0.436025
IMAGINARY
          0  -0.0140806   0.0134085  0.00514642
  0.0140806           0  0.00392093 -0.00137643
 -0.0134085 -0.00392093           0  0.00204847
-0.00514642  0.00137643 -0.00204847           0
Repeater1[0]<--->EndNode1[0]
REAL
   0.441026  -0.0117236  -0.0040564    0.389738
 -0.0117236   0.0461538 -0.00364482 -0.00852638
 -0.0040564 -0.00364482   0.0641026  0.00178987
   0.389738 -0.00852638  0.00178987    0.448718
IMAGINARY
          0   -0.017239  0.00113739   0.0162804
   0.017239           0  0.00647645 -0.00849033
-0.00113739 -0.00647645           0   0.0111115
 -0.0162804  0.00849033  -0.0111115           0
Repeater1[0]<--->HoM1[0]
REAL
   0.477019  -0.0107062 -0.00509882    0.403926
 -0.0107062   0.0397516   0.0108782 -0.00886766
-0.00509882   0.0108782    0.047205  0.00372293
   0.403926 -0.00886766  0.00372293    0.436025
IMAGINARY
          0   0.0134085  -0.0140806  0.00514642
 -0.0134085           0 -0.00392093  0.00204847
  0.0140806  0.00392093           0 -0.00137643
-0.00514642 -0.00204847  0.00137643           0
EndNode1[0]<--->Repeater1[0]
REAL
   0.457106  -0.0253548  -0.0180457    0.375912
 -0.0253548   0.0371319  0.00808812 0.000712376
 -0.0180457  0.00808812   0.0665813 -0.00664516
   0.375912 0.000712376 -0.00664516    0.439181
IMAGINARY
           0    0.0126752  -0.00966506  -0.00507569
  -0.0126752            0  0.000500522  -0.00034829
  0.00966506 -0.000500522            0   -0.0093374
  0.00507569   0.00034829    0.0093374            0
EndNode2[0]<--->HoM1[0]
REAL
  0.457672  -0.022616 -0.0354891   0.393946
 -0.022616  0.0462963  0.0249724 0.00910553
-0.0354891  0.0249724  0.0449735 -0.0153505
  0.393946 0.00910553 -0.0153505   0.451058
IMAGINARY
          0 -0.00232969  0.00432089 -0.00585697
 0.00232969           0 -0.00585697  0.00494982
-0.00432089  0.00585697           0 -0.00694102
 0.00585697 -0.00494982  0.00694102           0
Repeater1[0]<--->EndNode1[0]
REAL
   0.457106  -0.0180457  -0.0253548    0.375912
 -0.0180457   0.0665813  0.00808812 -0.00664516
 -0.0253548  0.00808812   0.0371319 0.000712376
   0.375912 -0.00664516 0.000712376    0.439181
IMAGINARY
           0  -0.00966506    0.0126752  -0.00507569
  0.00966506            0 -0.000500522   -0.0093374
  -0.0126752  0.000500522            0  -0.00034829
  0.00507569    0.0093374   0.00034829            0
Repeater1[0]<--->HoM1[0]
REAL
  0.457672 -0.0354891  -0.022616   0.393946
-0.0354891  0.0449735  0.0249724 -0.0153505
 -0.022616  0.0249724  0.0462963 0.00910553
  0.393946 -0.0153505 0.00910553   0.451058
IMAGINARY
          0  0.00432089 -0.00232969 -0.00585697
-0.00432089           0  0.00585697 -0.00694102
 0.00232969 -0.00585697           0  0.00494982
 0.00585697  0.00694102 -0.00494982           0
EndNode1[0]<--->Repeater1[0]
REAL
   0.472292 -0.00444627  -0.0127758    0.395881
-0.00444627   0.0390428 0.000934239 -0.00696939
 -0.0127758 0.000934239   0.0453401 -0.00638175
   0.395881 -0.00696939 -0.00638175    0.443325
IMAGINARY
          0  -0.0184955   0.0116502 -0.00639823
  0.0184955           0 -0.00701173   0.0189349
 -0.0116502  0.00701173           0 -0.00544067
 0.00639823  -0.0189349  0.00544067           0
EndNode2[0]<--->HoM1[0]
REAL
  0.506631 0.00596817  0.0198737   0.387207
0.00596817  0.0411141 0.00536607  0.0119565
 0.0198737 0.00536607  0.0437666 0.00596817
  0.387207  0.0119565 0.00596817   0.408488
IMAGINARY
          0 -0.00448141  -0.0039473  -0.0192453
 0.00448141           0  0.00101614  0.00519108
  0.0039473 -0.00101614           0  0.00696897
  0.0192453 -0.00519108 -0.00696897           0
Repeater1[0]<--->EndNode1[0]
REAL
   0.472292  -0.0127758 -0.00444627    0.395881
 -0.0127758   0.0453401 0.000934239 -0.00638175
-0.00444627 0.000934239   0.0390428 -0.00696939
   0.395881 -0.00638175 -0.00696939    0.443325
IMAGINARY
          0   0.0116502  -0.0184955 -0.00639823
 -0.0116502           0  0.00701173 -0.00544067
  0.0184955 -0.00701173           0   0.0189349
 0.00639823  0.00544067  -0.0189349           0
Repeater1[0]<--->HoM1[0]
REAL
  0.506631  0.0198737 0.00596817   0.387207
 0.0198737  0.0437666 0.00536607 0.00596817
0.00596817 0.00536607  0.0411141  0.0119565
  0.387207 0.00596817  0.0119565   0.408488
IMAGINARY
          0  -0.0039473 -0.00448141  -0.0192453
  0.0039473           0 -0.00101614  0.00696897
 0.00448141  0.00101614           0  0.00519108
  0.0192453 -0.00696897 -0.00519108           0
EndNode1[0]<--->Repeater1[0]
REAL
   0.470667   0.0104865  -0.0105358    0.387422
  0.0104865   0.0413333    0.018828  0.00178583
 -0.0105358    0.018828   0.0413333 -0.00798645
   0.387422  0.00178583 -0.00798645    0.446667
IMAGINARY
           0   0.00168938   0.00362741  0.000160962
 -0.00168938            0  -0.00679226   -0.0134829
 -0.00362741   0.00679226            0   0.00816607
-0.000160962    0.0134829  -0.00816607            0
EndNode2[0]<--->HoM1[0]
REAL
   0.463479  0.00065676  -0.0193229    0.394442
 0.00065676   0.0424967  0.00399582 -0.00932292
 -0.0193229  0.00399582   0.0571049  -0.0162818
   0.394442 -0.00932292  -0.0162818    0.436919
IMAGINARY
          0   0.0158958  0.00174833 -0.00415085
 -0.0158958           0 -0.00660183  -0.0125764
-0.00174833  0.00660183           0  -0.0127111
 0.00415085   0.0125764   0.0127111           0
Repeater1[0]<--->EndNode1[0]
REAL
   0.470667  -0.0105358   0.0104865    0.387422
 -0.0105358   0.0413333    0.018828 -0.00798645
  0.0104865    0.018828   0.0413333  0.00178583
   0.387422 -0.00798645  0.00178583    0.446667
IMAGINARY
           0   0.00362741   0.00168938  0.000160962
 -0.00362741            0   0.00679226   0.00816607
 -0.00168938  -0.00679226            0   -0.0134829
-0.000160962  -0.00816607    0.0134829            0
Repeater1[0]<--->HoM1[0]
REAL
   0.463479  -0.0193229  0.00065676    0.394442
 -0.0193229   0.0571049  0.00399582  -0.0162818
 0.00065676  0.00399582   0.0424967 -0.00932292
   0.394442  -0.0162818 -0.00932292    0.436919
IMAGINARY
          0  0.00174833   0.0158958 -0.00415085
-0.00174833           0  0.00660183  -0.0127111
 -0.0158958 -0.00660183           0  -0.0125764
 0.00415085   0.0127111   0.0125764           0
EndNode1[0]<--->Repeater1[0]
REAL
  0.466579  0.0038958 0.00187352   0.384798
 0.0038958  0.0393185 0.00484764 0.00902566
0.00187352 0.00484764  0.0537353 0.00836578
  0.384798 0.00902566 0.00836578   0.440367
IMAGINARY
          0 -0.00168801 -0.00718541  0.00991481
 0.00168801           0  -8.519e-05   0.0146112
 0.00718541   8.519e-05           0  -0.0168763
-0.00991481  -0.0146112   0.0168763           0
EndNode2[0]<--->HoM1[0]
REAL
   0.465587 -0.00982333   0.0152492    0.385865
-0.00982333   0.0512821   0.0215429  0.00326935
  0.0152492   0.0215429   0.0418354   0.0151143
   0.385865  0.00326935   0.0151143    0.441296
IMAGINARY
          0 -0.00604839 -0.00147053  0.00566429
