EndNode1[0]<--->Repeater1[0]
REAL
      0.456 -0.00514607  0.00256819     0.36908
-0.00514607       0.048   0.0199525 -0.00708432
 0.00256819   0.0199525       0.056 -0.00711199
    0.36908 -0.00708432 -0.00711199        0.44
IMAGINARY
           0 -0.000459218  -0.00664447    0.0261216
 0.000459218            0   -0.0169593   0.00165694
  0.00664447    0.0169593            0    0.0141749
  -0.0261216  -0.00165694   -0.0141749            0
EndNode2[0]<--->HoM1[0]
REAL
  0.449409 -0.0135242 -0.0295267   0.397736
-0.0135242  0.0538765 0.00548938 0.00981342
-0.0295267 0.00548938  0.0420499 0.00456364
  0.397736 0.00981342 0.00456364   0.454665
IMAGINARY
          0   0.0178691 -0.00295664 -0.00845085
 -0.0178691           0  0.00467251 -0.00295664
 0.00295664 -0.00467251           0  0.00381289
 0.00845085  0.00295664 -0.00381289           0
Repeater1[0]<--->EndNode1[0]
REAL
      0.456  0.00256819 -0.00514607     0.36908
 0.00256819       0.056   0.0199525 -0.00711199
-0.00514607   0.0199525       0.048 -0.00708432
    0.36908 -0.00711199 -0.00708432        0.44
IMAGINARY
           0  -0.00664447 -0.000459218    0.0261216
  0.00664447            0    0.0169593    0.0141749
 0.000459218   -0.0169593            0   0.00165694
  -0.0261216   -0.0141749  -0.00165694            0
Repeater1[0]<--->HoM1[0]
REAL
  0.449409 -0.0295267 -0.0135242   0.397736
-0.0295267  0.0420499 0.00548938 0.00456364
-0.0135242 0.00548938  0.0538765 0.00981342
  0.397736 0.00456364 0.00981342   0.454665
IMAGINARY
          0 -0.00295664   0.0178691 -0.00845085
 0.00295664           0 -0.00467251  0.00381289
 -0.0178691  0.00467251           0 -0.00295664
 0.00845085 -0.00381289  0.00295664           0
EndNode1[0]<--->Repeater1[0]
REAL
   0.496847  0.00793184  0.00726136    0.395306
 0.00793184   0.0504414   0.0118622 -0.00197347
 0.00726136   0.0118622   0.0567465  0.00793184
   0.395306 -0.00197347  0.00793184    0.395965
IMAGINARY
           0    0.0089662  -0.00331559    0.0039562
  -0.0089662            0  0.000119885  -0.00396918
  0.00331559 -0.000119885            0    0.0115636
  -0.0039562   0.00396918   -0.0115636            0
EndNode2[0]<--->HoM1[0]
REAL
   0.476623   0.0219326   0.0243131    0.401743
  0.0219326   0.0480519 -0.00544662  0.00408192
  0.0243131 -0.00544662   0.0454545   0.0212773
   0.401743  0.00408192   0.0212773     0.42987
IMAGINARY
          0  -0.0154725  0.00440466   0.0122108
  0.0154725           0   0.0122108 -0.00767263
-0.00440466  -0.0122108           0  0.00959015
 -0.0122108  0.00767263 -0.00959015           0
Repeater1[0]<--->EndNode1[0]
REAL
   0.496847  0.00726136  0.00793184    0.395306
 0.00726136   0.0567465   0.0118622  0.00793184
 0.00793184   0.0118622   0.0504414 -0.00197347
   0.395306  0.00793184 -0.00197347    0.395965
IMAGINARY
           0  -0.00331559    0.0089662    0.0039562
  0.00331559            0 -0.000119885    0.0115636
  -0.0089662  0.000119885            0  -0.00396918
  -0.0039562   -0.0115636   0.00396918            0
Repeater1[0]<--->HoM1[0]
REAL
   0.476623   0.0243131   0.0219326    0.401743
  0.0243131   0.0454545 -0.00544662   0.0212773
  0.0219326 -0.00544662   0.0480519  0.00408192
   0.401743   0.0212773  0.00408192     0.42987
IMAGINARY
          0  0.00440466  -0.0154725   0.0122108
-0.00440466           0  -0.0122108  0.00959015
  0.0154725   0.0122108           0 -0.00767263
 -0.0122108 -0.00959015  0.00767263           0
EndNode1[0]<--->Repeater1[0]
REAL
   0.453728   -0.010799   0.0108636     0.37914
  -0.010799   0.0681234 0.000427056   0.0033448
  0.0108636 0.000427056   0.0539846   0.0182414
    0.37914   0.0033448   0.0182414    0.424165
IMAGINARY
           0  -0.00603673  -0.00125737   0.00134762
  0.00603673            0  0.000738609   -0.0185446
  0.00125737 -0.000738609            0    0.0109872
 -0.00134762    0.0185446   -0.0109872            0
EndNode2[0]<--->HoM1[0]
REAL
    0.458073  -0.00418607   -0.0188771     0.383094
 -0.00418607    0.0475594  -0.00551672  -0.00045275
  -0.0188771  -0.00551672     0.048811 -0.000968568
    0.383094  -0.00045275 -0.000968568     0.445557
IMAGINARY
           0     0.024311  -0.00971613   0.00990976
   -0.024311            0   -0.0147241 -0.000922164
  0.00971613    0.0147241            0  -0.00741488
 -0.00990976  0.000922164   0.00741488            0
Repeater1[0]<--->EndNode1[0]
REAL
   0.453728   0.0108636   -0.010799     0.37914
  0.0108636   0.0539846 0.000427056   0.0182414
  -0.010799 0.000427056   0.0681234   0.0033448
    0.37914   0.0182414   0.0033448    0.424165
IMAGINARY
           0  -0.00125737  -0.00603673   0.00134762
  0.00125737            0 -0.000738609    0.0109872
  0.00603673  0.000738609            0   -0.0185446
 -0.00134762   -0.0109872    0.0185446            0
Repeater1[0]<--->HoM1[0]
REAL
    0.458073   -0.0188771  -0.00418607     0.383094
  -0.0188771     0.048811  -0.00551672 -0.000968568
 -0.00418607  -0.00551672    0.0475594  -0.00045275
    0.383094 -0.000968568  -0.00045275     0.445557
IMAGINARY
           0  -0.00971613     0.024311   0.00990976
  0.00971613            0    0.0147241  -0.00741488
   -0.024311   -0.0147241            0 -0.000922164
 -0.00990976   0.00741488  0.000922164            0
EndNode1[0]<--->Repeater1[0]
REAL
    0.457908  -0.00661636   0.00878533     0.374589
 -0.00661636    0.0369898 -0.000562771   0.00290298
  0.00878533 -0.000562771    0.0739796    0.0118112
    0.374589   0.00290298    0.0118112     0.431122
IMAGINARY
          0   -0.020303   0.0431155 -0.00639587
   0.020303           0  -0.0114849   0.0156724
 -0.0431155   0.0114849           0   -0.020303
 0.00639587  -0.0156724    0.020303           0
EndNode2[0]<--->HoM1[0]
REAL
   0.476368 -0.00248168  -0.0125237    0.385131
-0.00248168   0.0472637 -0.00474199 -0.00207988
 -0.0125237 -0.00474199   0.0410448 -0.00377701
   0.385131 -0.00207988 -0.00377701    0.435323
IMAGINARY
          0  -0.0187812    0.014967  0.00861819
  0.0187812           0   0.0245418  -0.0010429
  -0.014967  -0.0245418           0  0.00612299
-0.00861819   0.0010429 -0.00612299           0
Repeater1[0]<--->EndNode1[0]
REAL
    0.457908   0.00878533  -0.00661636     0.374589
  0.00878533    0.0739796 -0.000562771    0.0118112
 -0.00661636 -0.000562771    0.0369898   0.00290298
    0.374589    0.0118112   0.00290298     0.431122
IMAGINARY
          0   0.0431155   -0.020303 -0.00639587
 -0.0431155           0   0.0114849   -0.020303
   0.020303  -0.0114849           0   0.0156724
 0.00639587    0.020303  -0.0156724           0
Repeater1[0]<--->HoM1[0]
REAL
   0.476368  -0.0125237 -0.00248168    0.385131
 -0.0125237   0.0410448 -0.00474199 -0.00377701
-0.00248168 -0.00474199   0.0472637 -0.00207988
   0.385131 -0.00377701 -0.00207988    0.435323
IMAGINARY
          0    0.014967  -0.0187812  0.00861819
  -0.014967           0  -0.0245418  0.00612299
  0.0187812   0.0245418           0  -0.0010429
-0.00861819 -0.00612299   0.0010429           0
EndNode1[0]<--->Repeater1[0]
REAL
  0.518057 -0.0224785 0.00698385   0.387047
-0.0224785  0.0560399 0.00431465 0.00348735
0.00698385 0.00431465  0.0660025 0.00808063
  0.387047 0.00348735 0.00808063     0.3599
IMAGINARY
          0  -0.0041512  0.00103962  -0.0164616
  0.0041512           0  0.00607194  -0.0216582
-0.00103962 -0.00607194           0   0.0260584
  0.0164616   0.0216582  -0.0260584           0
EndNode2[0]<--->HoM1[0]
REAL
   0.490074 -0.00110762  0.00623495    0.392638
-0.00110762   0.0471464   -0.012375  0.00165979
 0.00623495   -0.012375   0.0359801   0.0155813
   0.392638  0.00165979   0.0155813    0.426799
IMAGINARY
          0 -0.00633179 -0.00909631 -0.00963735
 0.00633179           0  0.00520136 -0.00409631
 0.00909631 -0.00520136           0  0.00369327
 0.00963735  0.00409631 -0.00369327           0
Repeater1[0]<--->EndNode1[0]
REAL
  0.518057 0.00698385 -0.0224785   0.387047
0.00698385  0.0660025 0.00431465 0.00808063
-0.0224785 0.00431465  0.0560399 0.00348735
  0.387047 0.00808063 0.00348735     0.3599
IMAGINARY
          0  0.00103962  -0.0041512  -0.0164616
-0.00103962           0 -0.00607194   0.0260584
  0.0041512  0.00607194           0  -0.0216582
  0.0164616  -0.0260584   0.0216582           0
Repeater1[0]<--->HoM1[0]
REAL
   0.490074  0.00623495 -0.00110762    0.392638
 0.00623495   0.0359801   -0.012375   0.0155813
-0.00110762   -0.012375   0.0471464  0.00165979
   0.392638   0.0155813  0.00165979    0.426799
IMAGINARY
          0 -0.00909631 -0.00633179 -0.00963735
 0.00909631           0 -0.00520136  0.00369327
 0.00633179  0.00520136           0 -0.00409631
 0.00963735 -0.00369327  0.00409631           0
EndNode1[0]<--->Repeater1[0]
REAL
  0.477793 0.00202511  0.0177506   0.375682
0.00202511  0.0578735  0.0102728 -0.0147494
 0.0177506  0.0102728  0.0659489  0.0213843
  0.375682 -0.0147494  0.0213843   0.398385
IMAGINARY
          0   0.0221958  -0.0112782   0.0190916
 -0.0221958           0  0.00743358  0.00561787
  0.0112782 -0.00743358           0   0.0149111
 -0.0190916 -0.00561787  -0.0149111           0
EndNode2[0]<--->HoM1[0]
REAL
    0.461637   -0.0213834   -0.0165906     0.395611
  -0.0213834    0.0370844  -0.00554455   0.00930582
  -0.0165906  -0.00554455    0.0677749 -0.000470879
    0.395611   0.00930582 -0.000470879     0.433504
IMAGINARY
          0  -0.0154116   0.0199206   0.0183891
  0.0154116           0 -0.00146202   0.0153811
 -0.0199206  0.00146202           0   -0.016039
 -0.0183891  -0.0153811    0.016039           0
Repeater1[0]<--->EndNode1[0]
REAL
  0.477793  0.0177506 0.00202511   0.375682
 0.0177506  0.0659489  0.0102728  0.0213843
0.00202511  0.0102728  0.0578735 -0.0147494
  0.375682  0.0213843 -0.0147494   0.398385
IMAGINARY
          0  -0.0112782   0.0221958   0.0190916
  0.0112782           0 -0.00743358   0.0149111
 -0.0221958  0.00743358           0  0.00561787
 -0.0190916  -0.0149111 -0.00561787           0
Repeater1[0]<--->HoM1[0]
REAL
    0.461637   -0.0165906   -0.0213834     0.395611
  -0.0165906    0.0677749  -0.00554455 -0.000470879
  -0.0213834  -0.00554455    0.0370844   0.00930582
    0.395611 -0.000470879   0.00930582     0.433504
IMAGINARY
          0   0.0199206  -0.0154116   0.0183891
 -0.0199206           0  0.00146202   -0.016039
  0.0154116 -0.00146202           0   0.0153811
 -0.0183891    0.016039  -0.0153811           0
EndNode1[0]<--->Repeater1[0]
REAL
 0.468215 0.0141593 0.0229882  0.396552
0.0141593 0.0574572 0.0147588 0.0130015
0.0229882 0.0147588 0.0513447  0.012833
 0.396552 0.0130015  0.012833  0.422983
IMAGINARY
          0 -0.00562692  -0.0102125   0.0153842
 0.00562692           0   0.0172663 -0.00201577
  0.0102125  -0.0172663           0  -0.0106774
 -0.0153842  0.00201577   0.0106774           0
EndNode2[0]<--->HoM1[0]
REAL
    0.50625 -0.00201835 -0.00449312     0.39524
-0.00201835       0.035 -0.00356196  0.00647462
-0.00449312 -0.00356196     0.04375   0.0119259
    0.39524  0.00647462   0.0119259       0.415
IMAGINARY
          0   0.0126304  0.00603458 -0.00234313
 -0.0126304           0  0.00350863 -0.00803192
-0.00603458 -0.00350863           0  0.00534563
 0.00234313  0.00803192 -0.00534563           0
Repeater1[0]<--->EndNode1[0]
REAL
 0.468215 0.0229882 0.0141593  0.396552
0.0229882 0.0513447 0.0147588  0.012833
0.0141593 0.0147588 0.0574572 0.0130015
 0.396552  0.012833 0.0130015  0.422983
IMAGINARY
          0  -0.0102125 -0.00562692   0.0153842
  0.0102125           0  -0.0172663  -0.0106774
 0.00562692   0.0172663           0 -0.00201577
 -0.0153842   0.0106774  0.00201577           0
Repeater1[0]<--->HoM1[0]
REAL
    0.50625 -0.00449312 -0.00201835     0.39524
-0.00449312     0.04375 -0.00356196   0.0119259
-0.00201835 -0.00356196       0.035  0.00647462
    0.39524   0.0119259  0.00647462       0.415
IMAGINARY
          0  0.00603458   0.0126304 -0.00234313
-0.00603458           0 -0.00350863  0.00534563
 -0.0126304  0.00350863           0 -0.00803192
 0.00234313 -0.00534563  0.00803192           0
EndNode1[0]<--->Repeater1[0]
REAL
    0.49434   -0.014096  -0.0162359     0.36839
  -0.014096   0.0465409 -0.00975098 -0.00994215
 -0.0162359 -0.00975098   0.0716981 -0.00161083
    0.36839 -0.00994215 -0.00161083    0.387421
IMAGINARY
          0  0.00101488  0.00464763  -0.0145142
-0.00101488           0  -0.0177651  -0.0184667
-0.00464763   0.0177651           0 -0.00101488
  0.0145142   0.0184667  0.00101488           0
EndNode2[0]<--->HoM1[0]
REAL
    0.46608 -0.00730623  0.00334764    0.401377
-0.00730623   0.0515075   0.0109485  -0.0116068
 0.00334764   0.0109485   0.0540201 -0.00730623
   0.401377  -0.0116068 -0.00730623    0.428392
IMAGINARY
          0 -0.00946023  0.00445505  -0.0117943
 0.00946023           0  0.00175411   0.0119177
-0.00445505 -0.00175411           0 -0.00565312
  0.0117943  -0.0119177  0.00565312           0
Repeater1[0]<--->EndNode1[0]
REAL
    0.49434  -0.0162359   -0.014096     0.36839
 -0.0162359   0.0716981 -0.00975098 -0.00161083
  -0.014096 -0.00975098   0.0465409 -0.00994215
    0.36839 -0.00161083 -0.00994215    0.387421
IMAGINARY
          0  0.00464763  0.00101488  -0.0145142
-0.00464763           0   0.0177651 -0.00101488
-0.00101488  -0.0177651           0  -0.0184667
  0.0145142  0.00101488   0.0184667           0
Repeater1[0]<--->HoM1[0]
REAL
    0.46608  0.00334764 -0.00730623    0.401377
 0.00334764   0.0540201   0.0109485 -0.00730623
-0.00730623   0.0109485   0.0515075  -0.0116068
   0.401377 -0.00730623  -0.0116068    0.428392
IMAGINARY
          0  0.00445505 -0.00946023  -0.0117943
-0.00445505           0 -0.00175411 -0.00565312
 0.00946023  0.00175411           0   0.0119177
  0.0117943  0.00565312  -0.0119177           0
EndNode1[0]<--->Repeater1[0]
REAL
   0.462033   0.0059337 -0.00032511    0.367436
  0.0059337   0.0643501   0.0152384 -0.00854256
-0.00032511   0.0152384   0.0630631 -0.00661583
   0.367436 -0.00854256 -0.00661583    0.410553
IMAGINARY
         0 -0.0115563   0.018856  0.0107574
 0.0115563          0  0.0146233  0.0230881
 -0.018856 -0.0146233          0 -0.0290563
-0.0107574 -0.0230881  0.0290563          0
EndNode2[0]<--->HoM1[0]
REAL
    0.472798  0.000895281  -0.00128465     0.392495
 0.000895281    0.0440415    0.0219366 -0.000631057
 -0.00128465    0.0219366    0.0531088  -0.00664241
    0.392495 -0.000631057  -0.00664241     0.430052
IMAGINARY
          0  -0.0136765 -0.00196863    0.013076
  0.0136765           0  -0.0241581   0.0108519
 0.00196863   0.0241581           0   0.0047932
  -0.013076  -0.0108519  -0.0047932           0
Repeater1[0]<--->EndNode1[0]
REAL
   0.462033 -0.00032511   0.0059337    0.367436
-0.00032511   0.0630631   0.0152384 -0.00661583
  0.0059337   0.0152384   0.0643501 -0.00854256
   0.367436 -0.00661583 -0.00854256    0.410553
IMAGINARY
         0   0.018856 -0.0115563  0.0107574
 -0.018856          0 -0.0146233 -0.0290563
 0.0115563  0.0146233          0  0.0230881
-0.0107574  0.0290563 -0.0230881          0
Repeater1[0]<--->HoM1[0]
REAL
    0.472798  -0.00128465  0.000895281     0.392495
 -0.00128465    0.0531088    0.0219366  -0.00664241
 0.000895281    0.0219366    0.0440415 -0.000631057
    0.392495  -0.00664241 -0.000631057     0.430052
IMAGINARY
          0 -0.00196863  -0.0136765    0.013076
 0.00196863           0   0.0241581   0.0047932
  0.0136765  -0.0241581           0   0.0108519
  -0.013076  -0.0047932  -0.0108519           0
EndNode1[0]<--->Repeater1[0]
REAL
    0.48057   -0.010254  -0.0168734    0.362197
  -0.010254   0.0505181 -0.00387478  0.00105493
 -0.0168734 -0.00387478   0.0569948 -0.00143788
   0.362197  0.00105493 -0.00143788    0.411917
IMAGINARY
          0 -0.00550483   0.0130838   0.0198045
 0.00550483           0   0.0126955  -0.0143593
 -0.0130838  -0.0126955           0    0.020811
 -0.0198045   0.0143593   -0.020811           0
EndNode2[0]<--->HoM1[0]
REAL
   0.457333  0.00182297 -0.00129781    0.394663
 0.00182297   0.0466667 -0.00605505 3.19822e-05
-0.00129781 -0.00605505   0.0626667 -0.00815209
   0.394663 3.19822e-05 -0.00815209    0.433333
IMAGINARY
           0 -0.000102758   -0.0077782   0.00964758
 0.000102758            0   0.00550393   0.00897437
   0.0077782  -0.00550393            0   0.00727979
 -0.00964758  -0.00897437  -0.00727979            0
Repeater1[0]<--->EndNode1[0]
REAL
    0.48057  -0.0168734   -0.010254    0.362197
 -0.0168734   0.0569948 -0.00387478 -0.00143788
  -0.010254 -0.00387478   0.0505181  0.00105493
   0.362197 -0.00143788  0.00105493    0.411917
IMAGINARY
          0   0.0130838 -0.00550483   0.0198045
 -0.0130838           0  -0.0126955    0.020811
 0.00550483   0.0126955           0  -0.0143593
 -0.0198045   -0.020811   0.0143593           0
Repeater1[0]<--->HoM1[0]
REAL
   0.457333 -0.00129781  0.00182297    0.394663
-0.00129781   0.0626667 -0.00605505 -0.00815209
 0.00182297 -0.00605505   0.0466667 3.19822e-05
   0.394663 -0.00815209 3.19822e-05    0.433333
IMAGINARY
           0   -0.0077782 -0.000102758   0.00964758
   0.0077782            0  -0.00550393   0.00727979
 0.000102758   0.00550393            0   0.00897437
 -0.00964758  -0.00727979  -0.00897437            0
EndNode1[0]<--->Repeater1[0]
REAL
  0.453046 -0.0135627 0.00923159   0.365396
-0.0135627  0.0647208 -0.0131666  0.0105136
0.00923159 -0.0131666  0.0532995  0.0231168
  0.365396  0.0105136  0.0231168   0.428934
IMAGINARY
          0  -0.0132161  -0.0138678  0.00403881
  0.0132161           0  -0.0171967  -0.0226873
  0.0138678   0.0171967           0  0.00516159
-0.00403881   0.0226873 -0.00516159           0
EndNode2[0]<--->HoM1[0]
REAL
   0.473214 -0.00436901   0.0060418    0.403964
-0.00436901   0.0420918  0.00396419   0.0220912
  0.0060418  0.00396419    0.065051   0.0273869
   0.403964   0.0220912   0.0273869    0.419643
IMAGINARY
          0  -0.0106242 -0.00414825  0.00109501
  0.0106242           0  0.00783356   0.0054303
 0.00414825 -0.00783356           0   0.0221627
-0.00109501  -0.0054303  -0.0221627           0
Repeater1[0]<--->EndNode1[0]
REAL
  0.453046 0.00923159 -0.0135627   0.365396
0.00923159  0.0532995 -0.0131666  0.0231168
-0.0135627 -0.0131666  0.0647208  0.0105136
  0.365396  0.0231168  0.0105136   0.428934
IMAGINARY
          0  -0.0138678  -0.0132161  0.00403881
  0.0138678           0   0.0171967  0.00516159
  0.0132161  -0.0171967           0  -0.0226873
-0.00403881 -0.00516159   0.0226873           0
Repeater1[0]<--->HoM1[0]
REAL
   0.473214   0.0060418 -0.00436901    0.403964
  0.0060418    0.065051  0.00396419   0.0273869
-0.00436901  0.00396419   0.0420918   0.0220912
   0.403964   0.0273869   0.0220912    0.419643
IMAGINARY
          0 -0.00414825  -0.0106242  0.00109501
 0.00414825           0 -0.00783356   0.0221627
  0.0106242  0.00783356           0   0.0054303
-0.00109501  -0.0221627  -0.0054303           0
EndNode1[0]<--->Repeater1[0]
REAL
   0.484334  -0.0166083  -0.0195302    0.377025
 -0.0166083   0.0548303  0.00219542  -0.0038464
 -0.0195302  0.00219542   0.0469974 -0.00546965
   0.377025  -0.0038464 -0.00546965    0.413838
IMAGINARY
          0  -0.0175808  0.00960087 -0.00587212
  0.0175808           0 -0.00521162 -0.00211788
-0.00960087  0.00521162           0  0.00465559
 0.00587212  0.00211788 -0.00465559           0
EndNode2[0]<--->HoM1[0]
REAL
   0.480454   0.0354467   0.0314819    0.405634
  0.0354467   0.0466583 -0.00775144   0.0114819
  0.0314819 -0.00775144   0.0491803   0.0199705
   0.405634   0.0114819   0.0199705    0.423707
IMAGINARY
          0   0.0231458  0.00724202  0.00122719
 -0.0231458           0   0.0120003   -0.011179
-0.00724202  -0.0120003           0 -0.00871013
-0.00122719    0.011179  0.00871013           0
Repeater1[0]<--->EndNode1[0]
REAL
   0.484334  -0.0195302  -0.0166083    0.377025
 -0.0195302   0.0469974  0.00219542 -0.00546965
 -0.0166083  0.00219542   0.0548303  -0.0038464
   0.377025 -0.00546965  -0.0038464    0.413838
IMAGINARY
          0  0.00960087  -0.0175808 -0.00587212
-0.00960087           0  0.00521162  0.00465559
  0.0175808 -0.00521162           0 -0.00211788
 0.00587212 -0.00465559  0.00211788           0
Repeater1[0]<--->HoM1[0]
REAL
   0.480454   0.0314819   0.0354467    0.405634
  0.0314819   0.0491803 -0.00775144   0.0199705
  0.0354467 -0.00775144   0.0466583   0.0114819
   0.405634   0.0199705   0.0114819    0.423707
IMAGINARY
          0  0.00724202   0.0231458  0.00122719
-0.00724202           0  -0.0120003 -0.00871013
 -0.0231458   0.0120003           0   -0.011179
-0.00122719  0.00871013    0.011179           0
EndNode1[0]<--->Repeater1[0]
REAL
    0.46926  0.00166497  0.00838745    0.379963
 0.00166497   0.0564617 -0.00622594 -0.00459957
 0.00838745 -0.00622594   0.0451694   0.0197997
   0.379963 -0.00459957   0.0197997    0.429109
IMAGINARY
          0   0.0205846  -0.0224576  0.00305259
 -0.0205846           0   0.0118245  0.00711231
  0.0224576  -0.0118245           0  0.00115454
-0.00305259 -0.00711231 -0.00115454           0
EndNode2[0]<--->HoM1[0]
REAL
  0.442133 0.00386258 0.00811792   0.397844
0.00386258  0.0611183  0.0220522  0.0125539
0.00811792  0.0220522  0.0338101  0.0142253
  0.397844  0.0125539  0.0142253   0.462939
IMAGINARY
          0  -0.0153759  0.00264635 -0.00259067
  0.0153759           0  0.00259067 -0.00834977
-0.00264635 -0.00259067           0   0.0109399
 0.00259067  0.00834977  -0.0109399           0
Repeater1[0]<--->EndNode1[0]
REAL
    0.46926  0.00838745  0.00166497    0.379963
 0.00838745   0.0451694 -0.00622594   0.0197997
 0.00166497 -0.00622594   0.0564617 -0.00459957
   0.379963   0.0197997 -0.00459957    0.429109
IMAGINARY
          0  -0.0224576   0.0205846  0.00305259
  0.0224576           0  -0.0118245  0.00115454
 -0.0205846   0.0118245           0  0.00711231
-0.00305259 -0.00115454 -0.00711231           0
Repeater1[0]<--->HoM1[0]
REAL
  0.442133 0.00811792 0.00386258   0.397844
0.00811792  0.0338101  0.0220522  0.0142253
0.00386258  0.0220522  0.0611183  0.0125539
  0.397844  0.0142253  0.0125539   0.462939
IMAGINARY
          0  0.00264635  -0.0153759 -0.00259067
-0.00264635           0 -0.00259067   0.0109399
  0.0153759  0.00259067           0 -0.00834977
 0.00259067  -0.0109399  0.00834977           0
EndNode1[0]<--->Repeater1[0]
REAL
   0.440568   0.0274244  0.00163642    0.373438
  0.0274244   0.0684755  0.00677083  0.00357191
 0.00163642  0.00677083   0.0710594 -0.00919528
   0.373438  0.00357191 -0.00919528    0.419897
IMAGINARY
           0   0.00427226 -0.000939163   -0.0211945
 -0.00427226            0    0.0055695  0.000333102
 0.000939163   -0.0055695            0  -0.00609044
   0.0211945 -0.000333102   0.00609044            0
EndNode2[0]<--->HoM1[0]
REAL
    0.47275 -0.00516977  -0.0118531    0.399451
-0.00516977   0.0570342  0.00600838  0.00452957
 -0.0118531  0.00600838   0.0405577  0.00983023
   0.399451  0.00452957  0.00983023    0.429658
IMAGINARY
           0    0.0184606    0.0153655  0.000308524
  -0.0184606            0   0.00961703  -0.00443651
  -0.0153655  -0.00961703            0   -0.0184606
-0.000308524   0.00443651    0.0184606            0
Repeater1[0]<--->EndNode1[0]
REAL
   0.440568  0.00163642   0.0274244    0.373438
 0.00163642   0.0710594  0.00677083 -0.00919528
  0.0274244  0.00677083   0.0684755  0.00357191
   0.373438 -0.00919528  0.00357191    0.419897
IMAGINARY
           0 -0.000939163   0.00427226   -0.0211945
 0.000939163            0   -0.0055695  -0.00609044
 -0.00427226    0.0055695            0  0.000333102
   0.0211945   0.00609044 -0.000333102            0
Repeater1[0]<--->HoM1[0]
REAL
    0.47275  -0.0118531 -0.00516977    0.399451
 -0.0118531   0.0405577  0.00600838  0.00983023
-0.00516977  0.00600838   0.0570342  0.00452957
   0.399451  0.00983023  0.00452957    0.429658
IMAGINARY
           0    0.0153655    0.0184606  0.000308524
  -0.0153655            0  -0.00961703   -0.0184606
  -0.0184606   0.00961703            0  -0.00443651
-0.000308524    0.0184606   0.00443651            0
EndNode1[0]<--->Repeater1[0]
REAL
    0.44591 -0.00418822 -0.00684279      0.4001
-0.00418822   0.0659631   0.0103855  -0.0187327
-0.00684279   0.0103855   0.0567282  -0.0213872
     0.4001  -0.0187327  -0.0213872    0.431398
IMAGINARY
          0   0.0237191   0.0100141 -0.00416498
 -0.0237191           0  0.00743296   0.0166278
 -0.0100141 -0.00743296           0  -0.0119471
 0.00416498  -0.0166278   0.0119471           0
EndNode2[0]<--->HoM1[0]
REAL
    0.47284  0.00262467 -0.00716988    0.396806
 0.00262467   0.0481481  0.00476851   0.0111069
-0.00716988  0.00476851   0.0679012  0.00262467
   0.396806   0.0111069  0.00262467    0.411111
IMAGINARY
          0  -0.0182072   0.0237155   0.0384226
  0.0182072           0     0.01558  0.00125078
 -0.0237155    -0.01558           0  -0.0175553
 -0.0384226 -0.00125078   0.0175553           0
Repeater1[0]<--->EndNode1[0]
REAL
    0.44591 -0.00684279 -0.00418822      0.4001
-0.00684279   0.0567282   0.0103855  -0.0213872
-0.00418822   0.0103855   0.0659631  -0.0187327
     0.4001  -0.0213872  -0.0187327    0.431398
IMAGINARY
          0   0.0100141   0.0237191 -0.00416498
 -0.0100141           0 -0.00743296  -0.0119471
 -0.0237191  0.00743296           0   0.0166278
 0.00416498   0.0119471  -0.0166278           0
Repeater1[0]<--->HoM1[0]
REAL
    0.47284 -0.00716988  0.00262467    0.396806
-0.00716988   0.0679012  0.00476851  0.00262467
 0.00262467  0.00476851   0.0481481   0.0111069
   0.396806  0.00262467   0.0111069    0.411111
IMAGINARY
          0   0.0237155  -0.0182072   0.0384226
 -0.0237155           0    -0.01558  -0.0175553
  0.0182072     0.01558           0  0.00125078
 -0.0384226   0.0175553 -0.00125078           0
EndNode1[0]<--->Repeater1[0]
REAL
  0.501992  0.0365402   0.013194   0.382009
 0.0365402  0.0690571 0.00529669  0.0230754
  0.013194 0.00529669  0.0690571 0.00879663
  0.382009  0.0230754 0.00879663   0.359894
IMAGINARY
          0   0.0121814  -0.0134856   0.0173918
 -0.0121814           0 -0.00164375 -0.00295276
  0.0134856  0.00164375           0  0.00973641
 -0.0173918  0.00295276 -0.00973641           0
EndNode2[0]<--->HoM1[0]
REAL
    0.46554  0.00991584 -0.00965804    0.401625
 0.00991584    0.053316   0.0225042  0.00841425
-0.00965804   0.0225042   0.0364109 3.44129e-05
   0.401625  0.00841425 3.44129e-05    0.444733
IMAGINARY
           0   0.00909122 -7.83698e-05    0.0110391
 -0.00909122            0   0.00260852   0.00313087
 7.83698e-05  -0.00260852            0   0.00372929
  -0.0110391  -0.00313087  -0.00372929            0
Repeater1[0]<--->EndNode1[0]
REAL
  0.501992   0.013194  0.0365402   0.382009
  0.013194  0.0690571 0.00529669 0.00879663
 0.0365402 0.00529669  0.0690571  0.0230754
  0.382009 0.00879663  0.0230754   0.359894
IMAGINARY
          0  -0.0134856   0.0121814   0.0173918
  0.0134856           0  0.00164375  0.00973641
 -0.0121814 -0.00164375           0 -0.00295276
 -0.0173918 -0.00973641  0.00295276           0
Repeater1[0]<--->HoM1[0]
REAL
    0.46554 -0.00965804  0.00991584    0.401625
-0.00965804   0.0364109   0.0225042 3.44129e-05
 0.00991584   0.0225042    0.053316  0.00841425
   0.401625 3.44129e-05  0.00841425    0.444733
IMAGINARY
           0 -7.83698e-05   0.00909122    0.0110391
 7.83698e-05            0  -0.00260852   0.00372929
 -0.00909122   0.00260852            0   0.00313087
  -0.0110391  -0.00372929  -0.00313087            0
EndNode1[0]<--->Repeater1[0]
REAL
  0.482716  0.0180921  0.0158299   0.375516
 0.0180921  0.0567901 -0.0113502  0.0119838
 0.0158299 -0.0113502  0.0641975 0.00325335
  0.375516  0.0119838 0.00325335   0.396296
IMAGINARY
          0  0.00713028 -0.00635347   0.0101721
-0.00713028           0   0.0190157  0.00180211
 0.00635347  -0.0190157           0 -0.00127852
 -0.0101721 -0.00180211  0.00127852           0
EndNode2[0]<--->HoM1[0]
REAL
   0.446565  -0.0102626 -0.00977682    0.390761
 -0.0102626   0.0483461 -0.00229457  0.00280597
-0.00977682 -0.00229457   0.0521628  -0.0195219
   0.390761  0.00280597  -0.0195219    0.452926
IMAGINARY
           0   0.00294882  1.56642e-05   0.00920834
 -0.00294882            0   0.00985685   -0.0125157
-1.56642e-05  -0.00985685            0    0.0164956
 -0.00920834    0.0125157   -0.0164956            0
Repeater1[0]<--->EndNode1[0]
REAL
  0.482716  0.0158299  0.0180921   0.375516
 0.0158299  0.0641975 -0.0113502 0.00325335
 0.0180921 -0.0113502  0.0567901  0.0119838
  0.375516 0.00325335  0.0119838   0.396296
IMAGINARY
          0 -0.00635347  0.00713028   0.0101721
 0.00635347           0  -0.0190157 -0.00127852
-0.00713028   0.0190157           0  0.00180211
 -0.0101721  0.00127852 -0.00180211           0
Repeater1[0]<--->HoM1[0]
REAL
   0.446565 -0.00977682  -0.0102626    0.390761
-0.00977682   0.0521628 -0.00229457  -0.0195219
 -0.0102626 -0.00229457   0.0483461  0.00280597
   0.390761  -0.0195219  0.00280597    0.452926
IMAGINARY
           0  1.56642e-05   0.00294882   0.00920834
-1.56642e-05            0  -0.00985685    0.0164956
 -0.00294882   0.00985685            0   -0.0125157
 -0.00920834   -0.0164956    0.0125157            0
EndNode1[0]<--->Repeater1[0]
REAL
   0.457995   0.0206397   0.0110075    0.370305
  0.0206397   0.0582656 -0.00565365  0.00279009
  0.0110075 -0.00565365   0.0663957 -0.00815612
   0.370305  0.00279009 -0.00815612    0.417344
IMAGINARY
           0   0.00943074    0.0101927   0.00541137
 -0.00943074            0   -0.0161573  3.74312e-05
  -0.0101927    0.0161573            0   -0.0132671
 -0.00541137 -3.74312e-05    0.0132671            0
EndNode2[0]<--->HoM1[0]
REAL
   0.457219  -0.0206813  -0.0120156    0.390324
 -0.0206813   0.0467914   0.0033465  -0.0133009
 -0.0120156   0.0033465   0.0467914 -0.00463512
   0.390324  -0.0133009 -0.00463512    0.449198
IMAGINARY
          0 -0.00316409  -0.0101145  -0.0162781
 0.00316409           0  -0.0228055    0.028542
  0.0101145   0.0228055           0  0.00439259
  0.0162781   -0.028542 -0.00439259           0
Repeater1[0]<--->EndNode1[0]
REAL
   0.457995   0.0110075   0.0206397    0.370305
  0.0110075   0.0663957 -0.00565365 -0.00815612
  0.0206397 -0.00565365   0.0582656  0.00279009
   0.370305 -0.00815612  0.00279009    0.417344
IMAGINARY
           0    0.0101927   0.00943074   0.00541137
  -0.0101927            0    0.0161573   -0.0132671
 -0.00943074   -0.0161573            0  3.74312e-05
 -0.00541137    0.0132671 -3.74312e-05            0
Repeater1[0]<--->HoM1[0]
REAL
   0.457219  -0.0120156  -0.0206813    0.390324
 -0.0120156   0.0467914   0.0033465 -0.00463512
 -0.0206813   0.0033465   0.0467914  -0.0133009
   0.390324 -0.00463512  -0.0133009    0.449198
IMAGINARY
          0  -0.0101145 -0.00316409  -0.0162781
  0.0101145           0   0.0228055  0.00439259
 0.00316409  -0.0228055           0    0.028542
  0.0162781 -0.00439259   -0.028542           0
EndNode1[0]<--->Repeater1[0]
REAL
   0.487469 -0.00905878  0.00492547     0.37466
-0.00905878   0.0513784  0.00914726    0.014234
 0.00492547  0.00914726   0.0588972   0.0133851
    0.37466    0.014234   0.0133851    0.402256
IMAGINARY
           0 -0.000930696  -0.00391187    0.0165461
 0.000930696            0   -0.0225064   -0.0140642
  0.00391187    0.0225064            0   0.00692271
  -0.0165461    0.0140642  -0.00692271            0
EndNode2[0]<--->HoM1[0]
REAL
  0.474114  0.0234378  0.0018692   0.399918
 0.0234378  0.0449591  0.0058145 0.00513717
 0.0018692  0.0058145  0.0599455 -0.0164315
  0.399918 0.00513717 -0.0164315   0.420981
IMAGINARY
           0   0.00461726    0.0110892   0.00394336
 -0.00461726            0    0.0181921 -0.000860523
  -0.0110892   -0.0181921            0   -0.0100324
 -0.00394336  0.000860523    0.0100324            0
Repeater1[0]<--->EndNode1[0]
REAL
   0.487469  0.00492547 -0.00905878     0.37466
 0.00492547   0.0588972  0.00914726   0.0133851
-0.00905878  0.00914726   0.0513784    0.014234
    0.37466   0.0133851    0.014234    0.402256
IMAGINARY
           0  -0.00391187 -0.000930696    0.0165461
  0.00391187            0    0.0225064   0.00692271
 0.000930696   -0.0225064            0   -0.0140642
  -0.0165461  -0.00692271    0.0140642            0
Repeater1[0]<--->HoM1[0]
REAL
  0.474114  0.0018692  0.0234378   0.399918
 0.0018692  0.0599455  0.0058145 -0.0164315
 0.0234378  0.0058145  0.0449591 0.00513717
  0.399918 -0.0164315 0.00513717   0.420981
IMAGINARY
           0    0.0110892   0.00461726   0.00394336
  -0.0110892            0   -0.0181921   -0.0100324
 -0.00461726    0.0181921            0 -0.000860523
 -0.00394336    0.0100324  0.000860523            0
EndNode1[0]<--->Repeater1[0]
REAL
   0.479685  -0.0182595 -0.00964452    0.389314
 -0.0182595   0.0576671 -0.00500559  -0.0209406
-0.00964452 -0.00500559   0.0655308 -0.00567669
   0.389314  -0.0209406 -0.00567669    0.397117
IMAGINARY
          0   -0.019711   0.0193097  -0.0050538
   0.019711           0     0.01063   0.0117339
 -0.0193097    -0.01063           0 -0.00340661
  0.0050538  -0.0117339  0.00340661           0
EndNode2[0]<--->HoM1[0]
REAL
    0.485861 -0.000622569  -0.00752153     0.395035
-0.000622569    0.0488432    0.0117222   0.00346748
 -0.00752153    0.0117222    0.0552699   0.00602797
    0.395035   0.00346748   0.00602797     0.410026
IMAGINARY
           0    0.0107245  -0.00621557     0.018219
  -0.0107245            0 -0.000497529    0.0168806
  0.00621557  0.000497529            0   -0.0050783
   -0.018219   -0.0168806    0.0050783            0
Repeater1[0]<--->EndNode1[0]
REAL
   0.479685 -0.00964452  -0.0182595    0.389314
-0.00964452   0.0655308 -0.00500559 -0.00567669
 -0.0182595 -0.00500559   0.0576671  -0.0209406
   0.389314 -0.00567669  -0.0209406    0.397117
IMAGINARY
          0   0.0193097   -0.019711  -0.0050538
 -0.0193097           0    -0.01063 -0.00340661
   0.019711     0.01063           0   0.0117339
  0.0050538  0.00340661  -0.0117339           0
Repeater1[0]<--->HoM1[0]
REAL
    0.485861  -0.00752153 -0.000622569     0.395035
 -0.00752153    0.0552699    0.0117222   0.00602797
-0.000622569    0.0117222    0.0488432   0.00346748
    0.395035   0.00602797   0.00346748     0.410026
IMAGINARY
           0  -0.00621557    0.0107245     0.018219
  0.00621557            0  0.000497529   -0.0050783
  -0.0107245 -0.000497529            0    0.0168806
   -0.018219    0.0050783   -0.0168806            0
EndNode1[0]<--->Repeater1[0]
REAL
    0.440568 -0.000186783  -0.00421456      0.37956
-0.000186783    0.0581395    0.0028644   -0.0291188
 -0.00421456    0.0028644    0.0671835   -0.0125405
     0.37956   -0.0291188   -0.0125405     0.434109
IMAGINARY
          0 -0.00206964  0.00382195  0.00198593
 0.00206964           0  0.00131658 -0.00937066
-0.00382195 -0.00131658           0   0.0224149
-0.00198593  0.00937066  -0.0224149           0
EndNode2[0]<--->HoM1[0]
REAL
  0.470284 0.00469337 0.00988751   0.391417
0.00469337  0.0426357 0.00720638 -0.0067586
0.00988751 0.00720638  0.0568475 0.00469337
  0.391417 -0.0067586 0.00469337   0.430233
IMAGINARY
           0    0.0182225   -0.0122751  -0.00393135
  -0.0182225            0   0.00529375 -0.000882745
   0.0122751  -0.00529375            0   0.00019851
  0.00393135  0.000882745  -0.00019851            0
Repeater1[0]<--->EndNode1[0]
REAL
    0.440568  -0.00421456 -0.000186783      0.37956
 -0.00421456    0.0671835    0.0028644   -0.0125405
-0.000186783    0.0028644    0.0581395   -0.0291188
     0.37956   -0.0125405   -0.0291188     0.434109
IMAGINARY
          0  0.00382195 -0.00206964  0.00198593
-0.00382195           0 -0.00131658   0.0224149
 0.00206964  0.00131658           0 -0.00937066
-0.00198593  -0.0224149  0.00937066           0
Repeater1[0]<--->HoM1[0]
REAL
  0.470284 0.00988751 0.00469337   0.391417
0.00988751  0.0568475 0.00720638 0.00469337
0.00469337 0.00720638  0.0426357 -0.0067586
  0.391417 0.00469337 -0.0067586   0.430233
IMAGINARY
           0   -0.0122751    0.0182225  -0.00393135
   0.0122751            0  -0.00529375   0.00019851
  -0.0182225   0.00529375            0 -0.000882745
  0.00393135  -0.00019851  0.000882745            0
EndNode1[0]<--->Repeater1[0]
REAL
   0.479139  -0.0158527  -0.0117063    0.360026
 -0.0158527   0.0592194 -0.00325521   0.0156126
 -0.0117063 -0.00325521   0.0538358 -0.00107438
   0.360026   0.0156126 -0.00107438    0.407806
IMAGINARY
          0   0.0026706   0.0078125  -0.0184713
 -0.0026706           0  -0.0203822  -0.0104167
 -0.0078125   0.0203822           0  0.00904815
  0.0184713   0.0104167 -0.00904815           0
EndNode2[0]<--->HoM1[0]
REAL
   0.461245 -0.00375218  0.00067848    0.399727
-0.00375218   0.0419314  0.00443935 -0.00762292
 0.00067848  0.00443935   0.0495553  -0.0129145
   0.399727 -0.00762292  -0.0129145    0.447268
IMAGINARY
          0   0.0105218 -0.00206391 -0.00366883
 -0.0105218           0 -0.00546955  0.00599061
 0.00206391  0.00546955           0   0.0169651
 0.00366883 -0.00599061  -0.0169651           0
Repeater1[0]<--->EndNode1[0]
REAL
   0.479139  -0.0117063  -0.0158527    0.360026
 -0.0117063   0.0538358 -0.00325521 -0.00107438
 -0.0158527 -0.00325521   0.0592194   0.0156126
   0.360026 -0.00107438   0.0156126    0.407806
IMAGINARY
          0   0.0078125   0.0026706  -0.0184713
 -0.0078125           0   0.0203822  0.00904815
 -0.0026706  -0.0203822           0  -0.0104167
  0.0184713 -0.00904815   0.0104167           0
Repeater1[0]<--->HoM1[0]
REAL
   0.461245  0.00067848 -0.00375218    0.399727
 0.00067848   0.0495553  0.00443935  -0.0129145
-0.00375218  0.00443935   0.0419314 -0.00762292
   0.399727  -0.0129145 -0.00762292    0.447268
IMAGINARY
          0 -0.00206391   0.0105218 -0.00366883
 0.00206391           0  0.00546955   0.0169651
 -0.0105218 -0.00546955           0  0.00599061
 0.00366883  -0.0169651 -0.00599061           0
EndNode1[0]<--->Repeater1[0]
REAL
  0.455405 0.00877193 0.00499994   0.383961
0.00877193  0.0581081  0.0132822  0.0150502
0.00499994  0.0132822  0.0635135 0.00877193
  0.383961  0.0150502 0.00877193   0.422973
IMAGINARY
          0 -0.00537789 -0.00977083 -0.00702006
 0.00537789           0 -0.00398239   0.0270564
 0.00977083  0.00398239           0  -0.0106272
 0.00702006  -0.0270564   0.0106272           0
EndNode2[0]<--->HoM1[0]
REAL
  0.484076 0.00731067  0.0147381   0.410446
0.00731067  0.0496815  -0.012433  0.0018182
 0.0147381  -0.012433  0.0535032  0.0105701
  0.410446  0.0018182  0.0105701   0.412739
IMAGINARY
           0  -0.00397204   0.00898564  -0.00129042
  0.00397204            0  0.000655101   -0.0231245
 -0.00898564 -0.000655101            0    0.0155402
  0.00129042    0.0231245   -0.0155402            0
Repeater1[0]<--->EndNode1[0]
REAL
  0.455405 0.00499994 0.00877193   0.383961
0.00499994  0.0635135  0.0132822 0.00877193
0.00877193  0.0132822  0.0581081  0.0150502
  0.383961 0.00877193  0.0150502   0.422973
IMAGINARY
          0 -0.00977083 -0.00537789 -0.00702006
 0.00977083           0  0.00398239  -0.0106272
 0.00537789 -0.00398239           0   0.0270564
 0.00702006   0.0106272  -0.0270564           0
Repeater1[0]<--->HoM1[0]
REAL
  0.484076  0.0147381 0.00731067   0.410446
 0.0147381  0.0535032  -0.012433  0.0105701
0.00731067  -0.012433  0.0496815  0.0018182
  0.410446  0.0105701  0.0018182   0.412739
IMAGINARY
           0   0.00898564  -0.00397204  -0.00129042
 -0.00898564            0 -0.000655101    0.0155402
  0.00397204  0.000655101            0   -0.0231245
  0.00129042   -0.0155402    0.0231245            0
EndNode1[0]<--->Repeater1[0]
REAL
   0.458333  -0.0224359   0.0145046    0.384311
 -0.0224359   0.0656566  0.00286809 -0.00809431
  0.0145046  0.00286809   0.0618687   0.0185897
   0.384311 -0.00809431   0.0185897    0.414141
IMAGINARY
           0   0.00357021  0.000805612   0.00699044
 -0.00357021            0   0.00210047  -0.00724891
-0.000805612  -0.00210047            0  -0.00228155
 -0.00699044   0.00724891   0.00228155            0
EndNode2[0]<--->HoM1[0]
REAL
   0.496799  -0.0394433 0.000793012    0.401447
 -0.0394433   0.0448143 -0.00534352  -0.0124813
