EndNode1[0]<--->Repeater1[0]
REAL
        0.5  0.00383953  -0.0143218    0.244768
 0.00383953    0.128947  0.00999668  -0.0104558
 -0.0143218  0.00999668    0.115789 -0.00701615
   0.244768  -0.0104558 -0.00701615    0.255263
IMAGINARY
          0 -0.00498643  0.00858399 -0.00228331
 0.00498643           0 -0.00488748   0.0142586
-0.00858399  0.00488748           0  -0.0191252
 0.00228331  -0.0142586   0.0191252           0
EndNode2[0]<--->HoM1[0]
REAL
   0.485294  -0.0201204 -0.00625091     0.31763
 -0.0201204   0.0870098 -0.00598152     -0.0365
-0.00625091 -0.00598152   0.0882353   -0.010239
    0.31763     -0.0365   -0.010239    0.339461
IMAGINARY
          0  -0.0144685   0.0223214  0.00178266
  0.0144685           0  0.00558013  -0.0014881
 -0.0223214 -0.00558013           0  -0.0105315
-0.00178266   0.0014881   0.0105315           0
Repeater1[0]<--->EndNode1[0]
REAL
        0.5  -0.0143218  0.00383953    0.244768
 -0.0143218    0.115789  0.00999668 -0.00701615
 0.00383953  0.00999668    0.128947  -0.0104558
   0.244768 -0.00701615  -0.0104558    0.255263
IMAGINARY
          0  0.00858399 -0.00498643 -0.00228331
-0.00858399           0  0.00488748  -0.0191252
 0.00498643 -0.00488748           0   0.0142586
 0.00228331   0.0191252  -0.0142586           0
Repeater1[0]<--->HoM1[0]
REAL
   0.485294 -0.00625091  -0.0201204     0.31763
-0.00625091   0.0882353 -0.00598152   -0.010239
 -0.0201204 -0.00598152   0.0870098     -0.0365
    0.31763   -0.010239     -0.0365    0.339461
IMAGINARY
          0   0.0223214  -0.0144685  0.00178266
 -0.0223214           0 -0.00558013  -0.0105315
  0.0144685  0.00558013           0  -0.0014881
-0.00178266   0.0105315   0.0014881           0
EndNode1[0]<--->Repeater1[0]
REAL
   0.503458  0.00820685 0.000620347    0.233358
 0.00820685    0.114799 -0.00382969 0.000620347
0.000620347 -0.00382969    0.125864  -0.0218545
   0.233358 0.000620347  -0.0218545    0.255878
IMAGINARY
           0   0.00162385   -0.0206887   0.00272312
 -0.00162385            0    0.0147332    -0.016762
   0.0206887   -0.0147332            0 -0.000966822
 -0.00272312     0.016762  0.000966822            0
EndNode2[0]<--->HoM1[0]
REAL
    0.46875  0.00708233   0.0167458    0.315536
 0.00708233    0.101562 0.000869792  0.00408755
  0.0167458 0.000869792   0.0859375  0.00984476
   0.315536  0.00408755  0.00984476     0.34375
IMAGINARY
          0   0.0112614 -0.00670844  0.00831406
 -0.0112614           0  -0.0123886  -0.0106249
 0.00670844   0.0123886           0  0.00740531
-0.00831406   0.0106249 -0.00740531           0
Repeater1[0]<--->EndNode1[0]
REAL
   0.503458 0.000620347  0.00820685    0.233358
0.000620347    0.125864 -0.00382969  -0.0218545
 0.00820685 -0.00382969    0.114799 0.000620347
   0.233358  -0.0218545 0.000620347    0.255878
IMAGINARY
           0   -0.0206887   0.00162385   0.00272312
   0.0206887            0   -0.0147332 -0.000966822
 -0.00162385    0.0147332            0    -0.016762
 -0.00272312  0.000966822     0.016762            0
Repeater1[0]<--->HoM1[0]
REAL
    0.46875   0.0167458  0.00708233    0.315536
  0.0167458   0.0859375 0.000869792  0.00984476
 0.00708233 0.000869792    0.101562  0.00408755
   0.315536  0.00984476  0.00408755     0.34375
IMAGINARY
          0 -0.00670844   0.0112614  0.00831406
 0.00670844           0   0.0123886  0.00740531
 -0.0112614  -0.0123886           0  -0.0106249
-0.00831406 -0.00740531   0.0106249           0
EndNode1[0]<--->Repeater1[0]
REAL
  0.542484 5.0597e-05  0.0163031   0.251551
5.0597e-05  0.0875817  0.0212882 -0.0014883
 0.0163031  0.0212882   0.113725  0.0246408
  0.251551 -0.0014883  0.0246408   0.256209
IMAGINARY
          0    0.018652  0.00252179  -0.0028462
  -0.018652           0 -0.00156742   0.0132677
-0.00252179  0.00156742           0   -0.025231
  0.0028462  -0.0132677    0.025231           0
EndNode2[0]<--->HoM1[0]
REAL
   0.500629 -0.00193809   -0.027568     0.30525
-0.00193809   0.0754717  0.00626807  0.00662557
  -0.027568  0.00626807   0.0679245  -0.0137687
    0.30525  0.00662557  -0.0137687    0.355975
IMAGINARY
          0 -0.00638729 -0.00713431  -0.0113196
 0.00638729           0   0.0196422  -0.0157665
 0.00713431  -0.0196422           0   0.0140209
  0.0113196   0.0157665  -0.0140209           0
Repeater1[0]<--->EndNode1[0]
REAL
  0.542484  0.0163031 5.0597e-05   0.251551
 0.0163031   0.113725  0.0212882  0.0246408
5.0597e-05  0.0212882  0.0875817 -0.0014883
  0.251551  0.0246408 -0.0014883   0.256209
IMAGINARY
          0  0.00252179    0.018652  -0.0028462
-0.00252179           0  0.00156742   -0.025231
  -0.018652 -0.00156742           0   0.0132677
  0.0028462    0.025231  -0.0132677           0
Repeater1[0]<--->HoM1[0]
REAL
   0.500629   -0.027568 -0.00193809     0.30525
  -0.027568   0.0679245  0.00626807  -0.0137687
-0.00193809  0.00626807   0.0754717  0.00662557
    0.30525  -0.0137687  0.00662557    0.355975
IMAGINARY
          0 -0.00713431 -0.00638729  -0.0113196
 0.00713431           0  -0.0196422   0.0140209
 0.00638729   0.0196422           0  -0.0157665
  0.0113196  -0.0140209   0.0157665           0
EndNode1[0]<--->Repeater1[0]
REAL
   0.484536 -0.00720067  -0.0145735    0.234167
-0.00720067    0.113402   0.0161547   -0.023393
 -0.0145735   0.0161547    0.119845  -0.0178959
   0.234167   -0.023393  -0.0178959    0.282216
IMAGINARY
           0  0.000569292   0.00692569  -0.00326739
-0.000569292            0  -0.00202361   -0.0199692
 -0.00692569   0.00202361            0   0.00377853
  0.00326739    0.0199692  -0.00377853            0
EndNode2[0]<--->HoM1[0]
REAL
   0.509434 -0.00272435  -0.0073679    0.317571
-0.00272435   0.0792453 -0.00146373 -0.00672606
 -0.0073679 -0.00146373    0.101887  -0.0207656
   0.317571 -0.00672606  -0.0207656    0.309434
IMAGINARY
           0  -0.00368036 -0.000733183  -0.00650831
  0.00368036            0  -0.00970116    0.0208404
 0.000733183   0.00970116            0   0.00904229
  0.00650831   -0.0208404  -0.00904229            0
Repeater1[0]<--->EndNode1[0]
REAL
   0.484536  -0.0145735 -0.00720067    0.234167
 -0.0145735    0.119845   0.0161547  -0.0178959
-0.00720067   0.0161547    0.113402   -0.023393
   0.234167  -0.0178959   -0.023393    0.282216
IMAGINARY
           0   0.00692569  0.000569292  -0.00326739
 -0.00692569            0   0.00202361   0.00377853
-0.000569292  -0.00202361            0   -0.0199692
  0.00326739  -0.00377853    0.0199692            0
Repeater1[0]<--->HoM1[0]
REAL
   0.509434  -0.0073679 -0.00272435    0.317571
 -0.0073679    0.101887 -0.00146373  -0.0207656
-0.00272435 -0.00146373   0.0792453 -0.00672606
   0.317571  -0.0207656 -0.00672606    0.309434
IMAGINARY
           0 -0.000733183  -0.00368036  -0.00650831
 0.000733183            0   0.00970116   0.00904229
  0.00368036  -0.00970116            0    0.0208404
  0.00650831  -0.00904229   -0.0208404            0
EndNode1[0]<--->Repeater1[0]
REAL
  0.488742 0.00509605  0.0199954   0.236179
0.00509605   0.116556 0.00328443 0.00363172
 0.0199954 0.00328443   0.116556 -0.0248917
  0.236179 0.00363172 -0.0248917   0.278146
IMAGINARY
          0  -0.0188678  0.00337961  0.00479142
  0.0188678           0  -0.0379547  -0.0139059
-0.00337961   0.0379547           0  -0.0140269
-0.00479142   0.0139059   0.0140269           0
EndNode2[0]<--->HoM1[0]
REAL
   0.475131    -0.02067  -0.0317334    0.336647
   -0.02067   0.0890052  -0.0116466 0.000154404
 -0.0317334  -0.0116466   0.0811518  0.00356472
   0.336647 0.000154404  0.00356472    0.354712
IMAGINARY
          0  0.00238798   0.0142321 -0.00852289
-0.00238798           0  0.00267114  0.00915599
 -0.0142321 -0.00267114           0 -0.00554853
 0.00852289 -0.00915599  0.00554853           0
Repeater1[0]<--->EndNode1[0]
REAL
  0.488742  0.0199954 0.00509605   0.236179
 0.0199954   0.116556 0.00328443 -0.0248917
0.00509605 0.00328443   0.116556 0.00363172
  0.236179 -0.0248917 0.00363172   0.278146
IMAGINARY
          0  0.00337961  -0.0188678  0.00479142
-0.00337961           0   0.0379547  -0.0140269
  0.0188678  -0.0379547           0  -0.0139059
-0.00479142   0.0140269   0.0139059           0
Repeater1[0]<--->HoM1[0]
REAL
   0.475131  -0.0317334    -0.02067    0.336647
 -0.0317334   0.0811518  -0.0116466  0.00356472
   -0.02067  -0.0116466   0.0890052 0.000154404
   0.336647  0.00356472 0.000154404    0.354712
IMAGINARY
          0   0.0142321  0.00238798 -0.00852289
 -0.0142321           0 -0.00267114 -0.00554853
-0.00238798  0.00267114           0  0.00915599
 0.00852289  0.00554853 -0.00915599           0
