EndNode1[0]<--->Repeater1[0]
REAL
  0.489637 0.00498096 -0.0145939   0.244368
0.00498096   0.117876  0.0081322  0.0145939
-0.0145939  0.0081322   0.130829 0.00751904
  0.244368  0.0145939 0.00751904   0.261658
IMAGINARY
          0 -0.00618217 -0.00545911  0.00182754
 0.00618217           0   -0.012711 -0.00158314
 0.00545911    0.012711           0  0.00554197
-0.00182754  0.00158314 -0.00554197           0
EndNode2[0]<--->HoM1[0]
REAL
    0.479503     0.011874    0.0182781     0.320548
    0.011874    0.0832298 -0.000695291    0.0209376
   0.0182781 -0.000695291    0.0645963   -0.0106485
    0.320548    0.0209376   -0.0106485     0.372671
IMAGINARY
          0  -0.0113397   0.0243114  -0.0161213
  0.0113397           0 -0.00577649  -0.0204254
 -0.0243114  0.00577649           0 -0.00290905
  0.0161213   0.0204254  0.00290905           0
Repeater1[0]<--->EndNode1[0]
REAL
  0.489637 -0.0145939 0.00498096   0.244368
-0.0145939   0.130829  0.0081322 0.00751904
0.00498096  0.0081322   0.117876  0.0145939
  0.244368 0.00751904  0.0145939   0.261658
IMAGINARY
          0 -0.00545911 -0.00618217  0.00182754
 0.00545911           0    0.012711  0.00554197
 0.00618217   -0.012711           0 -0.00158314
-0.00182754 -0.00554197  0.00158314           0
Repeater1[0]<--->HoM1[0]
REAL
    0.479503    0.0182781     0.011874     0.320548
   0.0182781    0.0645963 -0.000695291   -0.0106485
    0.011874 -0.000695291    0.0832298    0.0209376
    0.320548   -0.0106485    0.0209376     0.372671
IMAGINARY
          0   0.0243114  -0.0113397  -0.0161213
 -0.0243114           0  0.00577649 -0.00290905
  0.0113397 -0.00577649           0  -0.0204254
  0.0161213  0.00290905   0.0204254           0
EndNode1[0]<--->Repeater1[0]
REAL
   0.480305   0.0218752   0.0107677    0.237849
  0.0218752    0.123253 -0.00549227 -0.00344416
  0.0107677 -0.00549227    0.135959 -0.00789389
   0.237849 -0.00344416 -0.00789389    0.260483
IMAGINARY
          0 -0.00391105 -0.00363196 -0.00333689
 0.00391105           0 -0.00527238 -0.00363196
 0.00363196  0.00527238           0   0.0184389
 0.00333689  0.00363196  -0.0184389           0
EndNode2[0]<--->HoM1[0]
REAL
  0.534418 -0.0158576 0.00734841   0.319655
-0.0158576  0.0888611  0.0104359  -0.018373
0.00734841  0.0104359  0.0713392 -0.0172163
  0.319655  -0.018373 -0.0172163   0.305382
IMAGINARY
          0 -0.00314542  0.00642213  0.00394218
 0.00314542           0   0.0111695  0.00446135
-0.00642213  -0.0111695           0 -0.00133601
-0.00394218 -0.00446135  0.00133601           0
Repeater1[0]<--->EndNode1[0]
REAL
   0.480305   0.0107677   0.0218752    0.237849
  0.0107677    0.135959 -0.00549227 -0.00789389
  0.0218752 -0.00549227    0.123253 -0.00344416
   0.237849 -0.00789389 -0.00344416    0.260483
IMAGINARY
          0 -0.00363196 -0.00391105 -0.00333689
 0.00363196           0  0.00527238   0.0184389
 0.00391105 -0.00527238           0 -0.00363196
 0.00333689  -0.0184389  0.00363196           0
Repeater1[0]<--->HoM1[0]
REAL
  0.534418 0.00734841 -0.0158576   0.319655
0.00734841  0.0713392  0.0104359 -0.0172163
-0.0158576  0.0104359  0.0888611  -0.018373
  0.319655 -0.0172163  -0.018373   0.305382
IMAGINARY
          0  0.00642213 -0.00314542  0.00394218
-0.00642213           0  -0.0111695 -0.00133601
 0.00314542   0.0111695           0  0.00446135
-0.00394218  0.00133601 -0.00446135           0
EndNode1[0]<--->Repeater1[0]
REAL
   0.486005  -0.0215348 -0.00673995    0.236797
 -0.0215348    0.117048 -0.00413593   0.0124146
-0.00673995 -0.00413593    0.129771 -0.00557739
   0.236797   0.0124146 -0.00557739    0.267176
IMAGINARY
          0  -0.0101189   0.0064567 -0.00854407
  0.0101189           0  -0.0243592  0.00131532
 -0.0064567   0.0243592           0  0.00752819
 0.00854407 -0.00131532 -0.00752819           0
EndNode2[0]<--->HoM1[0]
REAL
  0.463263 0.00707488  0.0179343   0.328057
0.00707488  0.0933998 -0.0123008 -0.0249229
 0.0179343 -0.0123008  0.0859278 -0.0153341
  0.328057 -0.0249229 -0.0153341    0.35741
IMAGINARY
           0  0.000841101   0.00634906   0.00187931
-0.000841101            0  -0.00571563     0.017278
 -0.00634906   0.00571563            0  -0.00786537
 -0.00187931    -0.017278   0.00786537            0
Repeater1[0]<--->EndNode1[0]
REAL
   0.486005 -0.00673995  -0.0215348    0.236797
-0.00673995    0.129771 -0.00413593 -0.00557739
 -0.0215348 -0.00413593    0.117048   0.0124146
   0.236797 -0.00557739   0.0124146    0.267176
IMAGINARY
          0   0.0064567  -0.0101189 -0.00854407
 -0.0064567           0   0.0243592  0.00752819
  0.0101189  -0.0243592           0  0.00131532
 0.00854407 -0.00752819 -0.00131532           0
Repeater1[0]<--->HoM1[0]
REAL
  0.463263  0.0179343 0.00707488   0.328057
 0.0179343  0.0859278 -0.0123008 -0.0153341
0.00707488 -0.0123008  0.0933998 -0.0249229
  0.328057 -0.0153341 -0.0249229    0.35741
IMAGINARY
           0   0.00634906  0.000841101   0.00187931
 -0.00634906            0   0.00571563  -0.00786537
-0.000841101  -0.00571563            0     0.017278
 -0.00187931   0.00786537    -0.017278            0
EndNode1[0]<--->Repeater1[0]
REAL
  0.465116  0.0117245 -0.0151416   0.239416
 0.0117245   0.131783 -0.0109145 0.00654208
-0.0151416 -0.0109145   0.124031 0.00547451
  0.239416 0.00654208 0.00547451    0.27907
IMAGINARY
          0   0.0197751  -0.0059316  -0.0201449
 -0.0197751           0   0.0101582 -0.00397593
  0.0059316  -0.0101582           0  0.00466344
  0.0201449  0.00397593 -0.00466344           0
EndNode2[0]<--->HoM1[0]
REAL
   0.468625  -0.0120558  0.00650287    0.333852
 -0.0120558   0.0934579   0.0149544 -0.00385035
 0.00650287   0.0149544   0.0787717   0.0120558
   0.333852 -0.00385035   0.0120558    0.359146
IMAGINARY
          0 -0.00345215   0.0227396  -0.0121474
 0.00345215           0  -0.0108487  -0.0174903
 -0.0227396   0.0108487           0   0.0113262
  0.0121474   0.0174903  -0.0113262           0
Repeater1[0]<--->EndNode1[0]
REAL
  0.465116 -0.0151416  0.0117245   0.239416
-0.0151416   0.124031 -0.0109145 0.00547451
 0.0117245 -0.0109145   0.131783 0.00654208
  0.239416 0.00547451 0.00654208    0.27907
IMAGINARY
          0  -0.0059316   0.0197751  -0.0201449
  0.0059316           0  -0.0101582  0.00466344
 -0.0197751   0.0101582           0 -0.00397593
  0.0201449 -0.00466344  0.00397593           0
Repeater1[0]<--->HoM1[0]
REAL
   0.468625  0.00650287  -0.0120558    0.333852
 0.00650287   0.0787717   0.0149544   0.0120558
 -0.0120558   0.0149544   0.0934579 -0.00385035
   0.333852   0.0120558 -0.00385035    0.359146
IMAGINARY
          0   0.0227396 -0.00345215  -0.0121474
 -0.0227396           0   0.0108487   0.0113262
 0.00345215  -0.0108487           0  -0.0174903
  0.0121474  -0.0113262   0.0174903           0
EndNode1[0]<--->Repeater1[0]
REAL
   0.49691  0.0106016 -0.0138129   0.229842
 0.0106016   0.126082  0.0064886 0.00591498
-0.0138129  0.0064886    0.10136  0.0118771
  0.229842 0.00591498  0.0118771   0.275649
IMAGINARY
           0  -0.00126639 -0.000574569   -0.0115947
  0.00126639            0   -0.0143121  -0.00840747
 0.000574569    0.0143121            0  -0.00532044
   0.0115947   0.00840747   0.00532044            0
EndNode2[0]<--->HoM1[0]
REAL
   0.522088 -0.00874972  0.00271967    0.326538
-0.00874972     0.08166 5.94913e-05   0.0122738
 0.00271967 5.94913e-05   0.0977242   0.0172243
   0.326538   0.0122738   0.0172243    0.298527
IMAGINARY
           0   -0.0116853   0.00196542    0.0238639
   0.0116853            0    0.0100448 -0.000680078
 -0.00196542   -0.0100448            0   -0.0268751
  -0.0238639  0.000680078    0.0268751            0
Repeater1[0]<--->EndNode1[0]
REAL
   0.49691 -0.0138129  0.0106016   0.229842
-0.0138129    0.10136  0.0064886  0.0118771
 0.0106016  0.0064886   0.126082 0.00591498
  0.229842  0.0118771 0.00591498   0.275649
IMAGINARY
           0 -0.000574569  -0.00126639   -0.0115947
 0.000574569            0    0.0143121  -0.00532044
  0.00126639   -0.0143121            0  -0.00840747
   0.0115947   0.00532044   0.00840747            0
Repeater1[0]<--->HoM1[0]
REAL
   0.522088  0.00271967 -0.00874972    0.326538
 0.00271967   0.0977242 5.94913e-05   0.0172243
-0.00874972 5.94913e-05     0.08166   0.0122738
   0.326538   0.0172243   0.0122738    0.298527
IMAGINARY
           0   0.00196542   -0.0116853    0.0238639
 -0.00196542            0   -0.0100448   -0.0268751
   0.0116853    0.0100448            0 -0.000680078
  -0.0238639    0.0268751  0.000680078            0
