EndNode1[0]<--->Repeater1[0]
REAL
   0.410904 -0.00732385 -0.00387094    0.346849
-0.00732385   0.0718085 -0.00270894  -0.0210667
-0.00387094 -0.00270894   0.0664894  -0.0213545
   0.346849  -0.0210667  -0.0213545    0.450798
IMAGINARY
          0  -0.0324926  0.00412327   0.0185023
  0.0324926           0  -0.0236971  0.00156573
-0.00412327   0.0236971           0  0.00784028
 -0.0185023 -0.00156573 -0.00784028           0
EndNode2[0]<--->HoM1[0]
REAL
   0.421519  -0.0247835 -0.00127973    0.347316
 -0.0247835   0.0734177   0.0314319 -0.00589106
-0.00127973   0.0314319    0.078481 0.000663547
   0.347316 -0.00589106 0.000663547    0.426582
IMAGINARY
          0  -0.0218778 -0.00419497   0.0073556
  0.0218778           0 -0.00261947  -0.0048303
 0.00419497  0.00261947           0   0.0345132
 -0.0073556   0.0048303  -0.0345132           0
Repeater1[0]<--->EndNode1[0]
REAL
   0.410904 -0.00387094 -0.00732385    0.346849
-0.00387094   0.0664894 -0.00270894  -0.0213545
-0.00732385 -0.00270894   0.0718085  -0.0210667
   0.346849  -0.0213545  -0.0210667    0.450798
IMAGINARY
          0  0.00412327  -0.0324926   0.0185023
-0.00412327           0   0.0236971  0.00784028
  0.0324926  -0.0236971           0  0.00156573
 -0.0185023 -0.00784028 -0.00156573           0
Repeater1[0]<--->HoM1[0]
REAL
   0.421519 -0.00127973  -0.0247835    0.347316
-0.00127973    0.078481   0.0314319 0.000663547
 -0.0247835   0.0314319   0.0734177 -0.00589106
   0.347316 0.000663547 -0.00589106    0.426582
IMAGINARY
          0 -0.00419497  -0.0218778   0.0073556
 0.00419497           0  0.00261947   0.0345132
  0.0218778 -0.00261947           0  -0.0048303
 -0.0073556  -0.0345132   0.0048303           0
EndNode1[0]<--->Repeater1[0]
REAL
   0.437095  0.00108526   0.0113296    0.326189
 0.00108526     0.07393  0.00800754   0.0106911
  0.0113296  0.00800754   0.0687419 -0.00497127
   0.326189   0.0106911 -0.00497127    0.420233
IMAGINARY
           0   0.00520423  0.000654785   -0.0233586
 -0.00520423            0    0.0094697  -0.00188329
-0.000654785   -0.0094697            0  -0.00888973
   0.0233586   0.00188329   0.00888973            0
EndNode2[0]<--->HoM1[0]
REAL
   0.426415 -0.00355171  -0.0148324    0.345703
-0.00355171   0.0654088   0.0160255 -0.00738987
 -0.0148324   0.0160255   0.0603774  -0.0211396
   0.345703 -0.00738987  -0.0211396    0.447799
IMAGINARY
          0   0.0141479   0.0278221 -0.00687509
 -0.0141479           0  -0.0120297   0.0154038
 -0.0278221   0.0120297           0  -0.0212447
 0.00687509  -0.0154038   0.0212447           0
Repeater1[0]<--->EndNode1[0]
REAL
   0.437095   0.0113296  0.00108526    0.326189
  0.0113296   0.0687419  0.00800754 -0.00497127
 0.00108526  0.00800754     0.07393   0.0106911
   0.326189 -0.00497127   0.0106911    0.420233
IMAGINARY
           0  0.000654785   0.00520423   -0.0233586
-0.000654785            0   -0.0094697  -0.00888973
 -0.00520423    0.0094697            0  -0.00188329
   0.0233586   0.00888973   0.00188329            0
Repeater1[0]<--->HoM1[0]
REAL
   0.426415  -0.0148324 -0.00355171    0.345703
 -0.0148324   0.0603774   0.0160255  -0.0211396
-0.00355171   0.0160255   0.0654088 -0.00738987
   0.345703  -0.0211396 -0.00738987    0.447799
IMAGINARY
          0   0.0278221   0.0141479 -0.00687509
 -0.0278221           0   0.0120297  -0.0212447
 -0.0141479  -0.0120297           0   0.0154038
 0.00687509   0.0212447  -0.0154038           0
EndNode1[0]<--->Repeater1[0]
REAL
   0.443137 -0.00368587  -0.0219287    0.328216
-0.00368587    0.069281   0.0287372   0.0133194
 -0.0219287   0.0287372   0.0875817   0.0215667
   0.328216   0.0133194   0.0215667         0.4
IMAGINARY
          0   0.0022716 -0.00845678  0.00188161
 -0.0022716           0  0.00963354 -0.00326197
 0.00845678 -0.00963354           0  0.00163465
-0.00188161  0.00326197 -0.00163465           0
EndNode2[0]<--->HoM1[0]
REAL
   0.425258  0.00611133 -0.00711319    0.350301
 0.00611133   0.0579897   0.0218695   0.0104421
-0.00711319   0.0218695   0.0734536  -0.0107718
   0.350301   0.0104421  -0.0107718    0.443299
IMAGINARY
           0   0.00397236   0.00380159   -0.0118217
 -0.00397236            0   0.00034215 -0.000125115
 -0.00380159  -0.00034215            0   0.00460607
   0.0118217  0.000125115  -0.00460607            0
Repeater1[0]<--->EndNode1[0]
REAL
   0.443137  -0.0219287 -0.00368587    0.328216
 -0.0219287   0.0875817   0.0287372   0.0215667
-0.00368587   0.0287372    0.069281   0.0133194
   0.328216   0.0215667   0.0133194         0.4
IMAGINARY
          0 -0.00845678   0.0022716  0.00188161
 0.00845678           0 -0.00963354  0.00163465
 -0.0022716  0.00963354           0 -0.00326197
-0.00188161 -0.00163465  0.00326197           0
Repeater1[0]<--->HoM1[0]
REAL
   0.425258 -0.00711319  0.00611133    0.350301
-0.00711319   0.0734536   0.0218695  -0.0107718
 0.00611133   0.0218695   0.0579897   0.0104421
   0.350301  -0.0107718   0.0104421    0.443299
IMAGINARY
           0   0.00380159   0.00397236   -0.0118217
 -0.00380159            0  -0.00034215   0.00460607
 -0.00397236   0.00034215            0 -0.000125115
   0.0118217  -0.00460607  0.000125115            0
EndNode1[0]<--->Repeater1[0]
REAL
   0.434211  -0.0134732  -0.0153911    0.350258
 -0.0134732   0.0736842    0.024114 0.000315715
 -0.0153911    0.024114   0.0592105  0.00342293
   0.350258 0.000315715  0.00342293    0.432895
IMAGINARY
          0  0.00562092  -0.0122661  0.00443967
-0.00562092           0  0.00743368   0.0168413
  0.0122661 -0.00743368           0 -0.00104575
-0.00443967  -0.0168413  0.00104575           0
EndNode2[0]<--->HoM1[0]
REAL
    0.457606   -0.0143529 -0.000659092     0.340189
  -0.0143529    0.0773067     0.020369  -0.00930107
-0.000659092     0.020369    0.0660848  -0.00755944
    0.340189  -0.00930107  -0.00755944     0.399002
IMAGINARY
          0    0.015184   0.0108209  0.00255883
  -0.015184           0  0.00630883 -0.00760345
 -0.0108209 -0.00630883           0  -0.0209756
-0.00255883  0.00760345   0.0209756           0
Repeater1[0]<--->EndNode1[0]
REAL
   0.434211  -0.0153911  -0.0134732    0.350258
 -0.0153911   0.0592105    0.024114  0.00342293
 -0.0134732    0.024114   0.0736842 0.000315715
   0.350258  0.00342293 0.000315715    0.432895
IMAGINARY
          0  -0.0122661  0.00562092  0.00443967
  0.0122661           0 -0.00743368 -0.00104575
-0.00562092  0.00743368           0   0.0168413
-0.00443967  0.00104575  -0.0168413           0
Repeater1[0]<--->HoM1[0]
REAL
    0.457606 -0.000659092   -0.0143529     0.340189
-0.000659092    0.0660848     0.020369  -0.00755944
  -0.0143529     0.020369    0.0773067  -0.00930107
    0.340189  -0.00755944  -0.00930107     0.399002
IMAGINARY
          0   0.0108209    0.015184  0.00255883
 -0.0108209           0 -0.00630883  -0.0209756
  -0.015184  0.00630883           0 -0.00760345
-0.00255883   0.0209756  0.00760345           0
EndNode1[0]<--->Repeater1[0]
REAL
    0.415601 -0.000245741  -0.00660377      0.37315
-0.000245741    0.0626598    0.0312526  -0.00660377
 -0.00660377    0.0312526    0.0664962   -0.0154775
     0.37315  -0.00660377   -0.0154775     0.455243
IMAGINARY
           0   0.00602188    0.0243777    0.0044684
 -0.00602188            0 -0.000699557   -0.0144963
  -0.0243777  0.000699557            0    0.0130822
  -0.0044684    0.0144963   -0.0130822            0
EndNode2[0]<--->HoM1[0]
REAL
  0.428021 -0.0190172 -0.0175606   0.340072
-0.0190172  0.0694087  0.0256388  0.0103898
-0.0175606  0.0256388  0.0694087  0.0105426
  0.340072  0.0103898  0.0105426   0.433162
IMAGINARY
          0  -0.0133026 -0.00392718  -0.0250919
  0.0133026           0 -0.00509186  0.00134986
 0.00392718  0.00509186           0 -0.00473867
  0.0250919 -0.00134986  0.00473867           0
Repeater1[0]<--->EndNode1[0]
REAL
    0.415601  -0.00660377 -0.000245741      0.37315
 -0.00660377    0.0664962    0.0312526   -0.0154775
-0.000245741    0.0312526    0.0626598  -0.00660377
     0.37315   -0.0154775  -0.00660377     0.455243
IMAGINARY
           0    0.0243777   0.00602188    0.0044684
  -0.0243777            0  0.000699557    0.0130822
 -0.00602188 -0.000699557            0   -0.0144963
  -0.0044684   -0.0130822    0.0144963            0
Repeater1[0]<--->HoM1[0]
REAL
  0.428021 -0.0175606 -0.0190172   0.340072
-0.0175606  0.0694087  0.0256388  0.0105426
-0.0190172  0.0256388  0.0694087  0.0103898
  0.340072  0.0105426  0.0103898   0.433162
IMAGINARY
          0 -0.00392718  -0.0133026  -0.0250919
 0.00392718           0  0.00509186 -0.00473867
  0.0133026 -0.00509186           0  0.00134986
  0.0250919  0.00473867 -0.00134986           0
EndNode1[0]<--->Repeater1[0]
REAL
    0.434177   -0.0250281   -0.0153247     0.333636
  -0.0250281     0.056962    0.0198342 -9.94148e-05
  -0.0153247    0.0198342    0.0886076   0.00446253
    0.333636 -9.94148e-05   0.00446253     0.420253
IMAGINARY
           0   0.00244634  -0.00362202   0.00139447
 -0.00244634            0    0.0141496 -0.000284233
  0.00362202   -0.0141496            0     0.034012
 -0.00139447  0.000284233    -0.034012            0
EndNode2[0]<--->HoM1[0]
REAL
  0.417974  0.0183074  0.0328924   0.336329
 0.0183074  0.0727532  0.0352755 0.00908289
 0.0328924  0.0352755  0.0798859  0.0137913
  0.336329 0.00908289  0.0137913   0.429387
IMAGINARY
           0    0.0104133    0.0138817  -0.00412589
  -0.0104133            0  0.000788111  -0.00268274
  -0.0138817 -0.000788111            0  0.000785609
  0.00412589   0.00268274 -0.000785609            0
Repeater1[0]<--->EndNode1[0]
REAL
    0.434177   -0.0153247   -0.0250281     0.333636
  -0.0153247    0.0886076    0.0198342   0.00446253
  -0.0250281    0.0198342     0.056962 -9.94148e-05
    0.333636   0.00446253 -9.94148e-05     0.420253
IMAGINARY
           0  -0.00362202   0.00244634   0.00139447
  0.00362202            0   -0.0141496     0.034012
 -0.00244634    0.0141496            0 -0.000284233
 -0.00139447    -0.034012  0.000284233            0
Repeater1[0]<--->HoM1[0]
REAL
  0.417974  0.0328924  0.0183074   0.336329
 0.0328924  0.0798859  0.0352755  0.0137913
 0.0183074  0.0352755  0.0727532 0.00908289
  0.336329  0.0137913 0.00908289   0.429387
IMAGINARY
           0    0.0138817    0.0104133  -0.00412589
  -0.0138817            0 -0.000788111  0.000785609
  -0.0104133  0.000788111            0  -0.00268274
  0.00412589 -0.000785609   0.00268274            0
EndNode1[0]<--->Repeater1[0]
REAL
  0.411924 -0.0032593 0.00245381   0.345074
-0.0032593  0.0772358  0.0251749 -0.0188365
0.00245381  0.0251749  0.0934959  0.0117783
  0.345074 -0.0188365  0.0117783   0.417344
IMAGINARY
          0 -0.00605922  0.00473606  -0.0037306
 0.00605922           0  -0.0176027 -0.00221717
-0.00473606   0.0176027           0  -0.0178702
  0.0037306  0.00221717   0.0178702           0
EndNode2[0]<--->HoM1[0]
REAL
   0.441176  -0.0119735 -0.00624027    0.333085
 -0.0119735   0.0639386   0.0140867  -0.0148187
-0.00624027   0.0140867   0.0626598  -0.0151024
   0.333085  -0.0148187  -0.0151024    0.432225
IMAGINARY
          0  0.00469916 -0.00694469   0.0164463
-0.00469916           0  0.00262724    0.014005
 0.00694469 -0.00262724           0   -0.005341
 -0.0164463   -0.014005    0.005341           0
Repeater1[0]<--->EndNode1[0]
REAL
  0.411924 0.00245381 -0.0032593   0.345074
0.00245381  0.0934959  0.0251749  0.0117783
-0.0032593  0.0251749  0.0772358 -0.0188365
  0.345074  0.0117783 -0.0188365   0.417344
IMAGINARY
          0  0.00473606 -0.00605922  -0.0037306
-0.00473606           0   0.0176027  -0.0178702
 0.00605922  -0.0176027           0 -0.00221717
  0.0037306   0.0178702  0.00221717           0
Repeater1[0]<--->HoM1[0]
REAL
   0.441176 -0.00624027  -0.0119735    0.333085
-0.00624027   0.0626598   0.0140867  -0.0151024
 -0.0119735   0.0140867   0.0639386  -0.0148187
   0.333085  -0.0151024  -0.0148187    0.432225
IMAGINARY
          0 -0.00694469  0.00469916   0.0164463
 0.00694469           0 -0.00262724   -0.005341
-0.00469916  0.00262724           0    0.014005
 -0.0164463    0.005341   -0.014005           0
EndNode1[0]<--->Repeater1[0]
REAL
   0.436997  0.00931752 0.000425672    0.331336
 0.00931752   0.0630027   0.0191537 -0.00410214
0.000425672   0.0191537   0.0764075  0.00416288
   0.331336 -0.00410214  0.00416288    0.423592
IMAGINARY
          0  0.00436586 -0.00269532   0.0125355
-0.00436586           0 -0.00617418   0.0141166
 0.00269532  0.00617418           0 -0.00309683
 -0.0125355  -0.0141166  0.00309683           0
EndNode2[0]<--->HoM1[0]
REAL
  0.442065  0.0234371 0.00594145   0.338395
 0.0234371  0.0629723  0.0286125 -0.0123353
0.00594145  0.0286125   0.059194 -0.0196008
  0.338395 -0.0123353 -0.0196008   0.435768
IMAGINARY
          0   0.0174556 -0.00704581   0.0158954
 -0.0174556           0  -0.0139649 -0.00518245
 0.00704581   0.0139649           0    0.024664
 -0.0158954  0.00518245   -0.024664           0
Repeater1[0]<--->EndNode1[0]
REAL
   0.436997 0.000425672  0.00931752    0.331336
0.000425672   0.0764075   0.0191537  0.00416288
 0.00931752   0.0191537   0.0630027 -0.00410214
   0.331336  0.00416288 -0.00410214    0.423592
IMAGINARY
          0 -0.00269532  0.00436586   0.0125355
 0.00269532           0  0.00617418 -0.00309683
-0.00436586 -0.00617418           0   0.0141166
 -0.0125355  0.00309683  -0.0141166           0
Repeater1[0]<--->HoM1[0]
REAL
  0.442065 0.00594145  0.0234371   0.338395
0.00594145   0.059194  0.0286125 -0.0196008
 0.0234371  0.0286125  0.0629723 -0.0123353
  0.338395 -0.0196008 -0.0123353   0.435768
IMAGINARY
          0 -0.00704581   0.0174556   0.0158954
 0.00704581           0   0.0139649    0.024664
 -0.0174556  -0.0139649           0 -0.00518245
 -0.0158954   -0.024664  0.00518245           0
EndNode1[0]<--->Repeater1[0]
REAL
    0.407115     0.010087  -0.00899669     0.342546
    0.010087    0.0843215    0.0244752 -0.000311824
 -0.00899669    0.0244752     0.083004  -0.00875722
    0.342546 -0.000311824  -0.00875722      0.42556
IMAGINARY
          0  0.00148448   0.0123321  0.00230701
-0.00148448           0  -0.0164096 -0.00561661
 -0.0123321   0.0164096           0   -0.014305
-0.00230701  0.00561661    0.014305           0
EndNode2[0]<--->HoM1[0]
REAL
   0.418694    0.020285 -0.00783289    0.350128
   0.020285   0.0665813   0.0275893 -0.00847146
-0.00783289   0.0275893   0.0691421  -0.0257198
   0.350128 -0.00847146  -0.0257198    0.445583
IMAGINARY
          0 -0.00451751 -0.00608723   0.0128791
 0.00451751           0  0.00635168  -0.0120475
 0.00608723 -0.00635168           0   0.0135849
 -0.0128791   0.0120475  -0.0135849           0
Repeater1[0]<--->EndNode1[0]
REAL
    0.407115  -0.00899669     0.010087     0.342546
 -0.00899669     0.083004    0.0244752  -0.00875722
    0.010087    0.0244752    0.0843215 -0.000311824
    0.342546  -0.00875722 -0.000311824      0.42556
IMAGINARY
          0   0.0123321  0.00148448  0.00230701
 -0.0123321           0   0.0164096   -0.014305
-0.00148448  -0.0164096           0 -0.00561661
-0.00230701    0.014305  0.00561661           0
Repeater1[0]<--->HoM1[0]
REAL
   0.418694 -0.00783289    0.020285    0.350128
-0.00783289   0.0691421   0.0275893  -0.0257198
   0.020285   0.0275893   0.0665813 -0.00847146
   0.350128  -0.0257198 -0.00847146    0.445583
IMAGINARY
          0 -0.00608723 -0.00451751   0.0128791
 0.00608723           0 -0.00635168   0.0135849
 0.00451751  0.00635168           0  -0.0120475
 -0.0128791  -0.0135849   0.0120475           0
EndNode1[0]<--->Repeater1[0]
REAL
  0.421995   0.010112  0.0171769   0.345093
  0.010112  0.0652174  0.0265649 -0.0131662
 0.0171769  0.0265649  0.0664962 -0.0141227
  0.345093 -0.0131662 -0.0141227   0.446292
IMAGINARY
           0  0.000634518   -0.0160387   0.00123269
-0.000634518            0    0.0018729    0.0185767
   0.0160387   -0.0018729            0  0.000634518
 -0.00123269   -0.0185767 -0.000634518            0
EndNode2[0]<--->HoM1[0]
REAL
   0.417414    0.012742  0.00837137    0.350142
   0.012742   0.0909091   0.0224693 -0.00900831
 0.00837137   0.0224693   0.0717029  -0.0108312
   0.350142 -0.00900831  -0.0108312    0.419974
IMAGINARY
          0   0.0144529  -0.0135149  -0.0103399
 -0.0144529           0  0.00770136 -0.00220837
  0.0135149 -0.00770136           0  -0.0100504
  0.0103399  0.00220837   0.0100504           0
Repeater1[0]<--->EndNode1[0]
REAL
  0.421995  0.0171769   0.010112   0.345093
 0.0171769  0.0664962  0.0265649 -0.0141227
  0.010112  0.0265649  0.0652174 -0.0131662
  0.345093 -0.0141227 -0.0131662   0.446292
IMAGINARY
           0   -0.0160387  0.000634518   0.00123269
   0.0160387            0   -0.0018729  0.000634518
-0.000634518    0.0018729            0    0.0185767
 -0.00123269 -0.000634518   -0.0185767            0
Repeater1[0]<--->HoM1[0]
REAL
   0.417414  0.00837137    0.012742    0.350142
 0.00837137   0.0717029   0.0224693  -0.0108312
   0.012742   0.0224693   0.0909091 -0.00900831
   0.350142  -0.0108312 -0.00900831    0.419974
IMAGINARY
          0  -0.0135149   0.0144529  -0.0103399
  0.0135149           0 -0.00770136  -0.0100504
 -0.0144529  0.00770136           0 -0.00220837
  0.0103399   0.0100504  0.00220837           0
EndNode1[0]<--->Repeater1[0]
REAL
   0.425997    0.017267   0.0225493    0.337868
   0.017267   0.0617761   0.0111166 -0.00732085
  0.0225493   0.0111166   0.0579151  0.00430658
   0.337868 -0.00732085  0.00430658    0.454311
IMAGINARY
          0   0.0136839  -0.0128656  0.00540233
 -0.0136839           0 -0.00602968  0.00968085
  0.0128656  0.00602968           0  -0.0104991
-0.00540233 -0.00968085   0.0104991           0
EndNode2[0]<--->HoM1[0]
REAL
 0.441476 0.0218952 0.0200309  0.341691
0.0218952  0.062341 0.0175011 0.0132155
0.0200309 0.0175011 0.0712468 0.0139587
 0.341691 0.0132155 0.0139587  0.424936
IMAGINARY
          0  -0.0171865   0.0181142  0.00455728
  0.0171865           0  -0.0071346  0.00432971
 -0.0181142   0.0071346           0  -0.0139855
-0.00455728 -0.00432971   0.0139855           0
Repeater1[0]<--->EndNode1[0]
REAL
   0.425997   0.0225493    0.017267    0.337868
  0.0225493   0.0579151   0.0111166  0.00430658
   0.017267   0.0111166   0.0617761 -0.00732085
   0.337868  0.00430658 -0.00732085    0.454311
IMAGINARY
          0  -0.0128656   0.0136839  0.00540233
  0.0128656           0  0.00602968  -0.0104991
 -0.0136839 -0.00602968           0  0.00968085
-0.00540233   0.0104991 -0.00968085           0
Repeater1[0]<--->HoM1[0]
REAL
 0.441476 0.0200309 0.0218952  0.341691
0.0200309 0.0712468 0.0175011 0.0139587
0.0218952 0.0175011  0.062341 0.0132155
 0.341691 0.0139587 0.0132155  0.424936
IMAGINARY
          0   0.0181142  -0.0171865  0.00455728
 -0.0181142           0   0.0071346  -0.0139855
  0.0171865  -0.0071346           0  0.00432971
-0.00455728   0.0139855 -0.00432971           0
EndNode1[0]<--->Repeater1[0]
REAL
   0.435606   -0.021084  -0.0135658    0.325056
  -0.021084   0.0782828   0.0248104 -0.00654149
 -0.0135658   0.0248104   0.0656566 -0.00170418
   0.325056 -0.00654149 -0.00170418    0.420455
IMAGINARY
           0    0.0223039  -0.00366422  3.25448e-05
  -0.0223039            0   0.00882821  -0.00491422
  0.00366422  -0.00882821            0  -0.00269608
-3.25448e-05   0.00491422   0.00269608            0
EndNode2[0]<--->HoM1[0]
REAL
 0.449424 0.0178471 0.0168655  0.364493
0.0178471 0.0678617 0.0115517 0.0137752
0.0168655 0.0115517 0.0653009 0.0253284
 0.364493 0.0137752 0.0253284  0.417414
IMAGINARY
           0  -0.00140052    0.0161042    0.0116614
  0.00140052            0  -0.00662361  0.000519813
  -0.0161042   0.00662361            0   -0.0113872
  -0.0116614 -0.000519813    0.0113872            0
Repeater1[0]<--->EndNode1[0]
REAL
   0.435606  -0.0135658   -0.021084    0.325056
 -0.0135658   0.0656566   0.0248104 -0.00170418
  -0.021084   0.0248104   0.0782828 -0.00654149
   0.325056 -0.00170418 -0.00654149    0.420455
IMAGINARY
           0  -0.00366422    0.0223039  3.25448e-05
  0.00366422            0  -0.00882821  -0.00269608
  -0.0223039   0.00882821            0  -0.00491422
-3.25448e-05   0.00269608   0.00491422            0
Repeater1[0]<--->HoM1[0]
REAL
 0.449424 0.0168655 0.0178471  0.364493
0.0168655 0.0653009 0.0115517 0.0253284
0.0178471 0.0115517 0.0678617 0.0137752
 0.364493 0.0253284 0.0137752  0.417414
IMAGINARY
           0    0.0161042  -0.00140052    0.0116614
  -0.0161042            0   0.00662361   -0.0113872
  0.00140052  -0.00662361            0  0.000519813
  -0.0116614    0.0113872 -0.000519813            0
EndNode1[0]<--->Repeater1[0]
REAL
   0.443409  -0.0194425   0.0155044     0.33761
 -0.0194425   0.0785619    0.023908  -0.0148386
  0.0155044    0.023908   0.0585885 -0.00918604
    0.33761  -0.0148386 -0.00918604    0.419441
IMAGINARY
          0   0.0019074  0.00907382  -0.0111824
 -0.0019074           0   0.0243568  -0.0210931
-0.00907382  -0.0243568           0  -0.0103209
  0.0111824   0.0210931   0.0103209           0
EndNode2[0]<--->HoM1[0]
REAL
     0.43364 -2.77556e-17   -0.0134115     0.353709
-2.77556e-17    0.0604468    0.0167101  -0.00622198
  -0.0134115    0.0167101     0.065703            0
    0.353709  -0.00622198            0      0.44021
IMAGINARY
          0  -0.0254286  0.00498877  0.00497952
  0.0254286           0  0.00688066  -0.0237469
-0.00498877 -0.00688066           0   0.0105515
-0.00497952   0.0237469  -0.0105515           0
Repeater1[0]<--->EndNode1[0]
REAL
   0.443409   0.0155044  -0.0194425     0.33761
  0.0155044   0.0585885    0.023908 -0.00918604
 -0.0194425    0.023908   0.0785619  -0.0148386
    0.33761 -0.00918604  -0.0148386    0.419441
IMAGINARY
          0  0.00907382   0.0019074  -0.0111824
-0.00907382           0  -0.0243568  -0.0103209
 -0.0019074   0.0243568           0  -0.0210931
  0.0111824   0.0103209   0.0210931           0
Repeater1[0]<--->HoM1[0]
REAL
     0.43364   -0.0134115 -2.77556e-17     0.353709
  -0.0134115     0.065703    0.0167101            0
-2.77556e-17    0.0167101    0.0604468  -0.00622198
    0.353709            0  -0.00622198      0.44021
IMAGINARY
          0  0.00498877  -0.0254286  0.00497952
-0.00498877           0 -0.00688066   0.0105515
  0.0254286  0.00688066           0  -0.0237469
-0.00497952  -0.0105515   0.0237469           0
EndNode1[0]<--->Repeater1[0]
REAL
   0.411837  0.00149372 -0.00245994    0.339747
 0.00149372   0.0727497   0.0175824  0.00507774
-0.00245994   0.0175824   0.0789149   -0.023745
   0.339747  0.00507774   -0.023745    0.436498
IMAGINARY
           0  -0.00322165   -0.0134053    0.0175032
  0.00322165            0  -0.00555348  0.000518726
   0.0134053   0.00555348            0   -0.0148196
  -0.0175032 -0.000518726    0.0148196            0
EndNode2[0]<--->HoM1[0]
REAL
   0.415761   0.0136032   0.0108655    0.338032
  0.0136032   0.0665761   0.0153715  0.00222351
  0.0108655   0.0153715   0.0720109 -0.00836755
   0.338032  0.00222351 -0.00836755    0.445652
IMAGINARY
           0 -0.000659579   0.00536506  -0.00639441
 0.000659579            0  -0.00708598   -0.0139858
 -0.00536506   0.00708598            0   -0.0178133
  0.00639441    0.0139858    0.0178133            0
Repeater1[0]<--->EndNode1[0]
REAL
   0.411837 -0.00245994  0.00149372    0.339747
-0.00245994   0.0789149   0.0175824   -0.023745
 0.00149372   0.0175824   0.0727497  0.00507774
   0.339747   -0.023745  0.00507774    0.436498
IMAGINARY
           0   -0.0134053  -0.00322165    0.0175032
   0.0134053            0   0.00555348   -0.0148196
  0.00322165  -0.00555348            0  0.000518726
  -0.0175032    0.0148196 -0.000518726            0
Repeater1[0]<--->HoM1[0]
REAL
   0.415761   0.0108655   0.0136032    0.338032
  0.0108655   0.0720109   0.0153715 -0.00836755
  0.0136032   0.0153715   0.0665761  0.00222351
   0.338032 -0.00836755  0.00222351    0.445652
IMAGINARY
           0   0.00536506 -0.000659579  -0.00639441
 -0.00536506            0   0.00708598   -0.0178133
 0.000659579  -0.00708598            0   -0.0139858
  0.00639441    0.0178133    0.0139858            0
EndNode1[0]<--->Repeater1[0]
REAL
  0.431607 0.00200182 0.00410145    0.34751
0.00200182  0.0664011  0.0197466 0.00538022
0.00410145  0.0197466  0.0823373  0.0112725
   0.34751 0.00538022  0.0112725   0.419655
IMAGINARY
          0   0.0106881  0.00782559   0.0270077
 -0.0106881           0 -0.00247944  -0.0142523
-0.00782559  0.00247944           0 -0.00683209
 -0.0270077   0.0142523  0.00683209           0
EndNode2[0]<--->HoM1[0]
REAL
   0.408136   0.0128634   0.0146753    0.356133
  0.0128634   0.0721785   0.0025059   0.0101938
  0.0146753   0.0025059   0.0577428 -0.00370106
   0.356133   0.0101938 -0.00370106    0.461942
IMAGINARY
          0  -0.0225061  0.00143688 -0.00412125
  0.0225061           0  0.00148273   0.0179932
-0.00143688 -0.00148273           0 -0.00858202
 0.00412125  -0.0179932  0.00858202           0
Repeater1[0]<--->EndNode1[0]
REAL
  0.431607 0.00410145 0.00200182    0.34751
0.00410145  0.0823373  0.0197466  0.0112725
0.00200182  0.0197466  0.0664011 0.00538022
   0.34751  0.0112725 0.00538022   0.419655
IMAGINARY
          0  0.00782559   0.0106881   0.0270077
-0.00782559           0  0.00247944 -0.00683209
 -0.0106881 -0.00247944           0  -0.0142523
 -0.0270077  0.00683209   0.0142523           0
Repeater1[0]<--->HoM1[0]
REAL
   0.408136   0.0146753   0.0128634    0.356133
  0.0146753   0.0577428   0.0025059 -0.00370106
  0.0128634   0.0025059   0.0721785   0.0101938
   0.356133 -0.00370106   0.0101938    0.461942
IMAGINARY
          0  0.00143688  -0.0225061 -0.00412125
-0.00143688           0 -0.00148273 -0.00858202
  0.0225061  0.00148273           0   0.0179932
 0.00412125  0.00858202  -0.0179932           0
EndNode1[0]<--->Repeater1[0]
REAL
    0.444299    0.0230027 -0.000400768     0.336751
   0.0230027    0.0747051     0.024938    0.0205966
-0.000400768     0.024938    0.0799476     0.010657
    0.336751    0.0205966     0.010657     0.401048
IMAGINARY
          0  0.00677827   0.0129258  -0.0229599
-0.00677827           0    0.013869   0.0104258
 -0.0129258   -0.013869           0  -0.0232618
  0.0229599  -0.0104258   0.0232618           0
EndNode2[0]<--->HoM1[0]
REAL
   0.405184 -0.00489055  0.00658673    0.329497
-0.00489055   0.0723056   0.0131701 -0.00392007
 0.00658673   0.0131701   0.0804911  -0.0111095
   0.329497 -0.00392007  -0.0111095    0.442019
IMAGINARY
          0  0.00480068   0.0150016   -0.015512
-0.00480068           0 -0.00310504   0.0105086
 -0.0150016  0.00310504           0  -0.0226578
   0.015512  -0.0105086   0.0226578           0
Repeater1[0]<--->EndNode1[0]
REAL
    0.444299 -0.000400768    0.0230027     0.336751
-0.000400768    0.0799476     0.024938     0.010657
   0.0230027     0.024938    0.0747051    0.0205966
    0.336751     0.010657    0.0205966     0.401048
IMAGINARY
          0   0.0129258  0.00677827  -0.0229599
 -0.0129258           0   -0.013869  -0.0232618
-0.00677827    0.013869           0   0.0104258
  0.0229599   0.0232618  -0.0104258           0
Repeater1[0]<--->HoM1[0]
REAL
   0.405184  0.00658673 -0.00489055    0.329497
 0.00658673   0.0804911   0.0131701  -0.0111095
-0.00489055   0.0131701   0.0723056 -0.00392007
   0.329497  -0.0111095 -0.00392007    0.442019
IMAGINARY
          0   0.0150016  0.00480068   -0.015512
 -0.0150016           0  0.00310504  -0.0226578
-0.00480068 -0.00310504           0   0.0105086
   0.015512   0.0226578  -0.0105086           0
EndNode1[0]<--->Repeater1[0]
REAL
   0.414907  -0.0118942  -0.0304781    0.357248
 -0.0118942    0.068323  0.00824125 -0.00213064
 -0.0304781  0.00824125   0.0608696  -0.0302254
   0.357248 -0.00213064  -0.0302254    0.455901
IMAGINARY
          0  -0.0115103 -0.00232836   0.0054159
  0.0115103           0  -0.0139349 -0.00760541
 0.00232836   0.0139349           0  0.00555005
 -0.0054159  0.00760541 -0.00555005           0
EndNode2[0]<--->HoM1[0]
REAL
   0.443995  -0.0133541  -0.0142627    0.334204
 -0.0133541   0.0688259   0.0242035 -0.00154007
 -0.0142627   0.0242035   0.0607287   -0.010034
   0.334204 -0.00154007   -0.010034    0.426451
IMAGINARY
          0 -0.00644243 -0.00504397   -0.033932
 0.00644243           0 -0.00173755    0.012544
 0.00504397  0.00173755           0  -0.0135576
   0.033932   -0.012544   0.0135576           0
Repeater1[0]<--->EndNode1[0]
REAL
   0.414907  -0.0304781  -0.0118942    0.357248
 -0.0304781   0.0608696  0.00824125  -0.0302254
 -0.0118942  0.00824125    0.068323 -0.00213064
   0.357248  -0.0302254 -0.00213064    0.455901
IMAGINARY
          0 -0.00232836  -0.0115103   0.0054159
 0.00232836           0   0.0139349  0.00555005
  0.0115103  -0.0139349           0 -0.00760541
 -0.0054159 -0.00555005  0.00760541           0
Repeater1[0]<--->HoM1[0]
REAL
   0.443995  -0.0142627  -0.0133541    0.334204
 -0.0142627   0.0607287   0.0242035   -0.010034
 -0.0133541   0.0242035   0.0688259 -0.00154007
   0.334204   -0.010034 -0.00154007    0.426451
IMAGINARY
          0 -0.00504397 -0.00644243   -0.033932
 0.00504397           0  0.00173755  -0.0135576
 0.00644243 -0.00173755           0    0.012544
   0.033932   0.0135576   -0.012544           0
EndNode1[0]<--->Repeater1[0]
REAL
    0.429371    0.0313141    0.0225815     0.360778
   0.0313141    0.0755245   0.00906717 -0.000674299
   0.0225815   0.00906717    0.0643357  -0.00554092
    0.360778 -0.000674299  -0.00554092     0.430769
IMAGINARY
          0   0.0226035   0.0189382   0.0215303
 -0.0226035           0 -0.00939751  -0.0056302
 -0.0189382  0.00939751           0 -0.00422579
 -0.0215303   0.0056302  0.00422579           0
EndNode2[0]<--->HoM1[0]
REAL
   0.434109 -0.00399036  -0.0078602    0.340308
-0.00399036   0.0762274   0.0296414 -0.00602869
 -0.0078602   0.0296414   0.0788114  -0.0111612
   0.340308 -0.00602869  -0.0111612    0.410853
IMAGINARY
           0  -0.00467914   0.00450041   0.00255631
  0.00467914            0  -0.00322032  0.000832926
 -0.00450041   0.00322032            0   0.00467914
 -0.00255631 -0.000832926  -0.00467914            0
Repeater1[0]<--->EndNode1[0]
REAL
    0.429371    0.0225815    0.0313141     0.360778
   0.0225815    0.0643357   0.00906717  -0.00554092
   0.0313141   0.00906717    0.0755245 -0.000674299
    0.360778  -0.00554092 -0.000674299     0.430769
IMAGINARY
          0   0.0189382   0.0226035   0.0215303
 -0.0189382           0  0.00939751 -0.00422579
 -0.0226035 -0.00939751           0  -0.0056302
 -0.0215303  0.00422579   0.0056302           0
Repeater1[0]<--->HoM1[0]
REAL
   0.434109  -0.0078602 -0.00399036    0.340308
 -0.0078602   0.0788114   0.0296414  -0.0111612
-0.00399036   0.0296414   0.0762274 -0.00602869
   0.340308  -0.0111612 -0.00602869    0.410853
IMAGINARY
           0   0.00450041  -0.00467914   0.00255631
 -0.00450041            0   0.00322032   0.00467914
  0.00467914  -0.00322032            0  0.000832926
 -0.00255631  -0.00467914 -0.000832926            0
EndNode1[0]<--->Repeater1[0]
REAL
   0.400531 0.000970897   0.0122195    0.338388
0.000970897    0.061008   0.0176331 0.000869473
  0.0122195   0.0176331   0.0689655   0.0042647
   0.338388 0.000869473   0.0042647    0.469496
IMAGINARY
           0   0.00548378  -0.00979871  0.000464693
 -0.00548378            0  -0.00352467   -0.0117646
  0.00979871   0.00352467            0  -0.00683149
-0.000464693    0.0117646   0.00683149            0
EndNode2[0]<--->HoM1[0]
REAL
   0.431551 -0.00268122  0.00988236    0.341419
-0.00268122   0.0625815   0.0293383 -0.00727139
 0.00988236   0.0293383   0.0638853  0.00920864
   0.341419 -0.00727139  0.00920864    0.441982
IMAGINARY
          0  -0.0090202   0.0102692  -0.0161059
  0.0090202           0 -0.00294799   0.0132208
 -0.0102692  0.00294799           0 -0.00641604
  0.0161059  -0.0132208  0.00641604           0
Repeater1[0]<--->EndNode1[0]
REAL
   0.400531   0.0122195 0.000970897    0.338388
  0.0122195   0.0689655   0.0176331   0.0042647
0.000970897   0.0176331    0.061008 0.000869473
   0.338388   0.0042647 0.000869473    0.469496
IMAGINARY
           0  -0.00979871   0.00548378  0.000464693
  0.00979871            0   0.00352467  -0.00683149
 -0.00548378  -0.00352467            0   -0.0117646
-0.000464693   0.00683149    0.0117646            0
Repeater1[0]<--->HoM1[0]
REAL
   0.431551  0.00988236 -0.00268122    0.341419
 0.00988236   0.0638853   0.0293383  0.00920864
-0.00268122   0.0293383   0.0625815 -0.00727139
   0.341419  0.00920864 -0.00727139    0.441982
IMAGINARY
          0   0.0102692  -0.0090202  -0.0161059
 -0.0102692           0  0.00294799 -0.00641604
  0.0090202 -0.00294799           0   0.0132208
  0.0161059  0.00641604  -0.0132208           0
EndNode1[0]<--->Repeater1[0]
REAL
  0.436943 0.00848105 0.00218847   0.336536
0.00848105  0.0636943  0.0169676   0.015009
0.00218847  0.0169676  0.0789809  0.0252769
  0.336536   0.015009  0.0252769   0.420382
IMAGINARY
          0  0.00389488   0.0109104  0.00337896
-0.00389488           0 -0.00903934  0.00370203
 -0.0109104  0.00903934           0  -0.0261312
-0.00337896 -0.00370203   0.0261312           0
EndNode2[0]<--->HoM1[0]
REAL
    0.41337  -0.0035601 -0.00250138    0.341088
 -0.0035601   0.0818554    0.010664   0.0105876
-0.00250138    0.010664   0.0518417  0.00086468
   0.341088   0.0105876  0.00086468    0.452933
IMAGINARY
          0   0.0129706  -0.0131456 -0.00115072
 -0.0129706           0 -0.00319711   0.0231207
  0.0131456  0.00319711           0  -0.0104768
 0.00115072  -0.0231207   0.0104768           0
Repeater1[0]<--->EndNode1[0]
REAL
  0.436943 0.00218847 0.00848105   0.336536
0.00218847  0.0789809  0.0169676  0.0252769
0.00848105  0.0169676  0.0636943   0.015009
  0.336536  0.0252769   0.015009   0.420382
IMAGINARY
          0   0.0109104  0.00389488  0.00337896
 -0.0109104           0  0.00903934  -0.0261312
-0.00389488 -0.00903934           0  0.00370203
-0.00337896   0.0261312 -0.00370203           0
Repeater1[0]<--->HoM1[0]
REAL
    0.41337 -0.00250138  -0.0035601    0.341088
-0.00250138   0.0518417    0.010664  0.00086468
 -0.0035601    0.010664   0.0818554   0.0105876
   0.341088  0.00086468   0.0105876    0.452933
IMAGINARY
          0  -0.0131456   0.0129706 -0.00115072
  0.0131456           0  0.00319711  -0.0104768
 -0.0129706 -0.00319711           0   0.0231207
 0.00115072   0.0104768  -0.0231207           0
EndNode1[0]<--->Repeater1[0]
REAL
    0.428389   -0.0215705  -0.00622294     0.336134
  -0.0215705    0.0639386    0.0210084   -0.0175866
 -0.00622294    0.0210084    0.0690537 -0.000951983
    0.336134   -0.0175866 -0.000951983     0.438619
IMAGINARY
           0 -0.000589755   -0.0146384     0.017844
 0.000589755            0  -0.00195162    0.0034339
   0.0146384   0.00195162            0     0.006192
   -0.017844   -0.0034339    -0.006192            0
EndNode2[0]<--->HoM1[0]
REAL
   0.441362   0.0109237 0.000261477    0.349487
  0.0109237   0.0630517   0.0311953   0.0139431
0.000261477   0.0311953   0.0580076   0.0174854
   0.349487   0.0139431   0.0174854    0.437579
IMAGINARY
          0   0.0091212   0.0109774  -0.0105976
 -0.0091212           0 -0.00418734   -0.011579
 -0.0109774  0.00418734           0 -0.00490941
  0.0105976    0.011579  0.00490941           0
Repeater1[0]<--->EndNode1[0]
REAL
    0.428389  -0.00622294   -0.0215705     0.336134
 -0.00622294    0.0690537    0.0210084 -0.000951983
  -0.0215705    0.0210084    0.0639386   -0.0175866
    0.336134 -0.000951983   -0.0175866     0.438619
IMAGINARY
           0   -0.0146384 -0.000589755     0.017844
   0.0146384            0   0.00195162     0.006192
 0.000589755  -0.00195162            0    0.0034339
   -0.017844    -0.006192   -0.0034339            0
Repeater1[0]<--->HoM1[0]
REAL
   0.441362 0.000261477   0.0109237    0.349487
0.000261477   0.0580076   0.0311953   0.0174854
  0.0109237   0.0311953   0.0630517   0.0139431
   0.349487   0.0174854   0.0139431    0.437579
IMAGINARY
          0   0.0109774   0.0091212  -0.0105976
 -0.0109774           0  0.00418734 -0.00490941
 -0.0091212 -0.00418734           0   -0.011579
  0.0105976  0.00490941    0.011579           0
EndNode1[0]<--->Repeater1[0]
REAL
    0.421446  -0.00352967   -0.0172637      0.36863
 -0.00352967    0.0486284    0.0219548   0.00581327
  -0.0172637    0.0219548    0.0723192 -0.000287126
     0.36863   0.00581327 -0.000287126     0.457606
IMAGINARY
           0 -0.000228159   0.00979633    0.0148279
 0.000228159            0   0.00836796 -0.000976796
 -0.00979633  -0.00836796            0  -0.00723453
  -0.0148279  0.000976796   0.00723453            0
EndNode2[0]<--->HoM1[0]
REAL
    0.435065   0.00537842  0.000499407     0.348127
  0.00537842    0.0805195    0.0230951  -0.00378456
 0.000499407    0.0230951     0.074026 -0.000779212
    0.348127  -0.00378456 -0.000779212      0.41039
IMAGINARY
          0 -0.00435642  -0.0063556 -0.00680429
 0.00435642           0  -0.0145965   0.0172113
  0.0063556   0.0145965           0  -0.0077764
 0.00680429  -0.0172113   0.0077764           0
Repeater1[0]<--->EndNode1[0]
REAL
    0.421446   -0.0172637  -0.00352967      0.36863
  -0.0172637    0.0723192    0.0219548 -0.000287126
 -0.00352967    0.0219548    0.0486284   0.00581327
     0.36863 -0.000287126   0.00581327     0.457606
IMAGINARY
           0   0.00979633 -0.000228159    0.0148279
 -0.00979633            0  -0.00836796  -0.00723453
 0.000228159   0.00836796            0 -0.000976796
  -0.0148279   0.00723453  0.000976796            0
Repeater1[0]<--->HoM1[0]
REAL
    0.435065  0.000499407   0.00537842     0.348127
 0.000499407     0.074026    0.0230951 -0.000779212
  0.00537842    0.0230951    0.0805195  -0.00378456
    0.348127 -0.000779212  -0.00378456      0.41039
IMAGINARY
          0  -0.0063556 -0.00435642 -0.00680429
  0.0063556           0   0.0145965  -0.0077764
 0.00435642  -0.0145965           0   0.0172113
 0.00680429   0.0077764  -0.0172113           0
EndNode1[0]<--->Repeater1[0]
REAL
   0.434416  0.00850281   0.0141663    0.330865
 0.00850281   0.0625752   0.0167287   0.0018765
  0.0141663   0.0167287   0.0794224 -0.00315522
   0.330865   0.0018765 -0.00315522    0.423586
IMAGINARY
          0  -0.0114266  0.00897388  0.00488317
  0.0114266           0  0.00173059  -0.0115917
-0.00897388 -0.00173059           0 -0.00951579
-0.00488317   0.0115917  0.00951579           0
EndNode2[0]<--->HoM1[0]
REAL
  0.432741 -0.0081791  0.0113401   0.324604
-0.0081791  0.0609137  0.0139306  0.0151185
 0.0113401  0.0139306  0.0824873 0.00614382
  0.324604  0.0151185 0.00614382   0.423858
IMAGINARY
          0  -0.0129211  -0.0105324 -0.00741992
  0.0129211           0  -0.0158505  -0.0142453
  0.0105324   0.0158505           0   0.0110151
 0.00741992   0.0142453  -0.0110151           0
Repeater1[0]<--->EndNode1[0]
REAL
   0.434416   0.0141663  0.00850281    0.330865
  0.0141663   0.0794224   0.0167287 -0.00315522
 0.00850281   0.0167287   0.0625752   0.0018765
   0.330865 -0.00315522   0.0018765    0.423586
IMAGINARY
          0  0.00897388  -0.0114266  0.00488317
-0.00897388           0 -0.00173059 -0.00951579
  0.0114266  0.00173059           0  -0.0115917
-0.00488317  0.00951579   0.0115917           0
Repeater1[0]<--->HoM1[0]
REAL
  0.432741  0.0113401 -0.0081791   0.324604
 0.0113401  0.0824873  0.0139306 0.00614382
-0.0081791  0.0139306  0.0609137  0.0151185
  0.324604 0.00614382  0.0151185   0.423858
IMAGINARY
          0  -0.0105324  -0.0129211 -0.00741992
  0.0105324           0   0.0158505   0.0110151
  0.0129211  -0.0158505           0  -0.0142453
 0.00741992  -0.0110151   0.0142453           0
EndNode1[0]<--->Repeater1[0]
REAL
   0.416773   0.0186403 -0.00894688    0.354387
  0.0186403   0.0673443   0.0291836  -0.0033429
-0.00894688   0.0291836   0.0749682  -0.0128188
   0.354387  -0.0033429  -0.0128188    0.440915
IMAGINARY
          0  0.00807776  0.00657601  -0.0233878
-0.00807776           0  -0.0114381 -0.00115595
-0.00657601   0.0114381           0 -0.00672275
  0.0233878  0.00115595  0.00672275           0
