EndNode1[0]<--->Repeater1[0]
REAL
   0.355995  -0.0139392 -0.00815296    0.331353
 -0.0139392    0.105068   0.0426734   0.0120491
-0.00815296   0.0426734    0.117429   0.0113417
   0.331353   0.0120491   0.0113417    0.421508
IMAGINARY
           0   0.00717199   -0.0184497   -0.0312098
 -0.00717199            0 -0.000946605  -0.00859429
   0.0184497  0.000946605            0 -0.000253752
   0.0312098   0.00859429  0.000253752            0
EndNode2[0]<--->HoM1[0]
REAL
   0.392677 -0.00923717  -0.0110573    0.336794
-0.00923717   0.0984848   0.0506228  -0.0160951
 -0.0110573   0.0506228    0.109848 -0.00599462
   0.336794  -0.0160951 -0.00599462     0.39899
IMAGINARY
           0    0.0156171    0.0238722  6.95036e-05
  -0.0156171            0   -0.0137236   0.00365659
  -0.0238722    0.0137236            0   -0.0188181
-6.95036e-05  -0.00365659    0.0188181            0
Repeater1[0]<--->EndNode1[0]
REAL
   0.355995 -0.00815296  -0.0139392    0.331353
-0.00815296    0.117429   0.0426734   0.0113417
 -0.0139392   0.0426734    0.105068   0.0120491
   0.331353   0.0113417   0.0120491    0.421508
IMAGINARY
           0   -0.0184497   0.00717199   -0.0312098
   0.0184497            0  0.000946605 -0.000253752
 -0.00717199 -0.000946605            0  -0.00859429
   0.0312098  0.000253752   0.00859429            0
Repeater1[0]<--->HoM1[0]
REAL
   0.392677  -0.0110573 -0.00923717    0.336794
 -0.0110573    0.109848   0.0506228 -0.00599462
-0.00923717   0.0506228   0.0984848  -0.0160951
   0.336794 -0.00599462  -0.0160951     0.39899
IMAGINARY
           0    0.0238722    0.0156171  6.95036e-05
  -0.0238722            0    0.0137236   -0.0188181
  -0.0156171   -0.0137236            0   0.00365659
-6.95036e-05    0.0188181  -0.00365659            0
EndNode1[0]<--->Repeater1[0]
REAL
   0.382036  -0.0218303 -0.00514699    0.331115
 -0.0218303   0.0946108   0.0455788 -0.00704813
-0.00514699   0.0455788    0.116168    -0.01069
   0.331115 -0.00704813    -0.01069    0.407186
IMAGINARY
          0   0.0123765 -0.00221341   0.0101815
 -0.0123765           0   0.0108711  -0.0189836
 0.00221341  -0.0108711           0 -0.00614205
 -0.0101815   0.0189836  0.00614205           0
EndNode2[0]<--->HoM1[0]
REAL
   0.420134 -0.00997105 -0.00833652    0.318912
-0.00997105     0.10604   0.0520154  -0.0192324
-0.00833652   0.0520154    0.112752 -0.00381341
   0.318912  -0.0192324 -0.00381341    0.361074
IMAGINARY
          0  0.00614643 -0.00907716 -0.00426183
-0.00614643           0  0.00173018   0.0235599
 0.00907716 -0.00173018           0  -0.0275257
 0.00426183  -0.0235599   0.0275257           0
Repeater1[0]<--->EndNode1[0]
REAL
   0.382036 -0.00514699  -0.0218303    0.331115
-0.00514699    0.116168   0.0455788    -0.01069
 -0.0218303   0.0455788   0.0946108 -0.00704813
   0.331115    -0.01069 -0.00704813    0.407186
IMAGINARY
          0 -0.00221341   0.0123765   0.0101815
 0.00221341           0  -0.0108711 -0.00614205
 -0.0123765   0.0108711           0  -0.0189836
 -0.0101815  0.00614205   0.0189836           0
Repeater1[0]<--->HoM1[0]
REAL
   0.420134 -0.00833652 -0.00997105    0.318912
-0.00833652    0.112752   0.0520154 -0.00381341
-0.00997105   0.0520154     0.10604  -0.0192324
   0.318912 -0.00381341  -0.0192324    0.361074
IMAGINARY
          0 -0.00907716  0.00614643 -0.00426183
 0.00907716           0 -0.00173018  -0.0275257
-0.00614643  0.00173018           0   0.0235599
 0.00426183   0.0275257  -0.0235599           0
EndNode1[0]<--->Repeater1[0]
REAL
   0.396064  -0.0137442  -0.0175985     0.34147
 -0.0137442    0.115621   0.0556653 -0.00193273
 -0.0175985   0.0556653   0.0934809 -0.00448495
    0.34147 -0.00193273 -0.00448495    0.394834
IMAGINARY
           0   0.00918484  -0.00771598    0.0237426
 -0.00918484            0 -0.000440371    0.0172217
  0.00771598  0.000440371            0   0.00285572
  -0.0237426   -0.0172217  -0.00285572            0
EndNode2[0]<--->HoM1[0]
REAL
  0.408163   0.020476  0.0122947   0.333073
  0.020476  0.0918367  0.0353483 -0.0201894
 0.0122947  0.0353483  0.0956633 -0.0231076
  0.333073 -0.0201894 -0.0231076   0.404337
IMAGINARY
           0 -0.000428177     0.006646   0.00383641
 0.000428177            0  -0.00730382  -0.00854233
   -0.006646   0.00730382            0    0.0149667
 -0.00383641   0.00854233   -0.0149667            0
Repeater1[0]<--->EndNode1[0]
REAL
   0.396064  -0.0175985  -0.0137442     0.34147
 -0.0175985   0.0934809   0.0556653 -0.00448495
 -0.0137442   0.0556653    0.115621 -0.00193273
    0.34147 -0.00448495 -0.00193273    0.394834
IMAGINARY
           0  -0.00771598   0.00918484    0.0237426
  0.00771598            0  0.000440371   0.00285572
 -0.00918484 -0.000440371            0    0.0172217
  -0.0237426  -0.00285572   -0.0172217            0
Repeater1[0]<--->HoM1[0]
REAL
  0.408163  0.0122947   0.020476   0.333073
 0.0122947  0.0956633  0.0353483 -0.0231076
  0.020476  0.0353483  0.0918367 -0.0201894
  0.333073 -0.0231076 -0.0201894   0.404337
IMAGINARY
           0     0.006646 -0.000428177   0.00383641
   -0.006646            0   0.00730382    0.0149667
 0.000428177  -0.00730382            0  -0.00854233
 -0.00383641   -0.0149667   0.00854233            0
EndNode1[0]<--->Repeater1[0]
REAL
  0.427273 0.00791818 0.00541527   0.343789
0.00791818  0.0883117  0.0424903 -0.0183943
0.00541527  0.0424903   0.119481 -0.0159528
  0.343789 -0.0183943 -0.0159528   0.364935
IMAGINARY
          0 -0.00645836 -0.00238268   0.0160338
 0.00645836           0  -0.0115978  0.00757748
 0.00238268   0.0115978           0  0.00256226
 -0.0160338 -0.00757748 -0.00256226           0
EndNode2[0]<--->HoM1[0]
REAL
   0.405759   0.0153187 -0.00190191    0.317569
  0.0153187    0.111257   0.0534801 -0.00631553
-0.00190191   0.0534801   0.0746073 -0.00836549
   0.317569 -0.00631553 -0.00836549    0.408377
IMAGINARY
           0  -0.00291098   -0.0181102   -0.0177758
  0.00291098            0  0.000406046    0.0122124
   0.0181102 -0.000406046            0  0.000945059
   0.0177758   -0.0122124 -0.000945059            0
Repeater1[0]<--->EndNode1[0]
REAL
  0.427273 0.00541527 0.00791818   0.343789
0.00541527   0.119481  0.0424903 -0.0159528
0.00791818  0.0424903  0.0883117 -0.0183943
  0.343789 -0.0159528 -0.0183943   0.364935
IMAGINARY
          0 -0.00238268 -0.00645836   0.0160338
 0.00238268           0   0.0115978  0.00256226
 0.00645836  -0.0115978           0  0.00757748
 -0.0160338 -0.00256226 -0.00757748           0
Repeater1[0]<--->HoM1[0]
REAL
   0.405759 -0.00190191   0.0153187    0.317569
-0.00190191   0.0746073   0.0534801 -0.00836549
  0.0153187   0.0534801    0.111257 -0.00631553
   0.317569 -0.00836549 -0.00631553    0.408377
IMAGINARY
           0   -0.0181102  -0.00291098   -0.0177758
   0.0181102            0 -0.000406046  0.000945059
  0.00291098  0.000406046            0    0.0122124
   0.0177758 -0.000945059   -0.0122124            0
EndNode1[0]<--->Repeater1[0]
REAL
    0.392761  -0.00429513 -0.000622654     0.337888
 -0.00429513     0.108579    0.0378882   -0.0012407
-0.000622654    0.0378882    0.0871314 -5.27009e-05
    0.337888   -0.0012407 -5.27009e-05     0.411528
IMAGINARY
          0  -0.0179266  -0.0139692 -0.00330295
  0.0179266           0  0.00523844   0.0229436
  0.0139692 -0.00523844           0  -0.0192529
 0.00330295  -0.0229436   0.0192529           0
EndNode2[0]<--->HoM1[0]
REAL
   0.397524   0.0021863 -0.00491466    0.336984
  0.0021863   0.0949106   0.0453688  0.00554044
-0.00491466   0.0453688    0.126547  0.00344574
   0.336984  0.00554044  0.00344574    0.381018
IMAGINARY
          0 -0.00326119 -0.00895758 -0.00252761
 0.00326119           0  0.00573685 -0.00768854
 0.00895758 -0.00573685           0   0.0236064
 0.00252761  0.00768854  -0.0236064           0
Repeater1[0]<--->EndNode1[0]
REAL
    0.392761 -0.000622654  -0.00429513     0.337888
-0.000622654    0.0871314    0.0378882 -5.27009e-05
 -0.00429513    0.0378882     0.108579   -0.0012407
    0.337888 -5.27009e-05   -0.0012407     0.411528
IMAGINARY
          0  -0.0139692  -0.0179266 -0.00330295
  0.0139692           0 -0.00523844  -0.0192529
  0.0179266  0.00523844           0   0.0229436
 0.00330295   0.0192529  -0.0229436           0
Repeater1[0]<--->HoM1[0]
REAL
   0.397524 -0.00491466   0.0021863    0.336984
-0.00491466    0.126547   0.0453688  0.00344574
  0.0021863   0.0453688   0.0949106  0.00554044
   0.336984  0.00344574  0.00554044    0.381018
IMAGINARY
          0 -0.00895758 -0.00326119 -0.00252761
 0.00895758           0 -0.00573685   0.0236064
 0.00326119  0.00573685           0 -0.00768854
 0.00252761  -0.0236064  0.00768854           0
EndNode1[0]<--->Repeater1[0]
REAL
   0.403927 0.000735401   -0.017994    0.332827
0.000735401   0.0939691    0.034093 -0.00291859
  -0.017994    0.034093    0.107994  -0.0153108
   0.332827 -0.00291859  -0.0153108    0.394109
IMAGINARY
          0    0.017751 -0.00314518  -0.0142301
  -0.017751           0   -0.006577 -0.00824722
 0.00314518    0.006577           0   0.0151604
  0.0142301  0.00824722  -0.0151604           0
EndNode2[0]<--->HoM1[0]
REAL
     0.41519    0.0152272    0.0235419     0.332923
   0.0152272    0.0962025    0.0513005 -0.000641122
   0.0235419    0.0513005     0.107595  -0.00377678
    0.332923 -0.000641122  -0.00377678     0.381013
IMAGINARY
          0 -0.00881341   0.0195325 -0.00594642
 0.00881341           0   0.0137386  -0.0075993
 -0.0195325  -0.0137386           0   -0.011473
 0.00594642   0.0075993    0.011473           0
Repeater1[0]<--->EndNode1[0]
REAL
   0.403927   -0.017994 0.000735401    0.332827
  -0.017994    0.107994    0.034093  -0.0153108
0.000735401    0.034093   0.0939691 -0.00291859
   0.332827  -0.0153108 -0.00291859    0.394109
IMAGINARY
          0 -0.00314518    0.017751  -0.0142301
 0.00314518           0    0.006577   0.0151604
  -0.017751   -0.006577           0 -0.00824722
  0.0142301  -0.0151604  0.00824722           0
Repeater1[0]<--->HoM1[0]
REAL
     0.41519    0.0235419    0.0152272     0.332923
   0.0235419     0.107595    0.0513005  -0.00377678
   0.0152272    0.0513005    0.0962025 -0.000641122
    0.332923  -0.00377678 -0.000641122     0.381013
IMAGINARY
          0   0.0195325 -0.00881341 -0.00594642
 -0.0195325           0  -0.0137386   -0.011473
 0.00881341   0.0137386           0  -0.0075993
 0.00594642    0.011473   0.0075993           0
EndNode1[0]<--->Repeater1[0]
REAL
  0.398742 0.00857778 -0.0017791   0.322446
0.00857778   0.090566  0.0339153 0.00930304
-0.0017791  0.0339153  0.0968553 -0.0270456
  0.322446 0.00930304 -0.0270456   0.413836
IMAGINARY
           0   0.00652389   -0.0154024    0.0081581
 -0.00652389            0  -0.00496526    0.0243629
   0.0154024   0.00496526            0  4.72016e-05
  -0.0081581   -0.0243629 -4.72016e-05            0
EndNode2[0]<--->HoM1[0]
REAL
    0.391076 -0.000719299  -0.00216981     0.342002
-0.000719299     0.108924    0.0404252    0.0293506
 -0.00216981    0.0404252    0.0944882    0.0165221
    0.342002    0.0293506    0.0165221     0.405512
IMAGINARY
          0   0.0155509   0.0168294   0.0131994
 -0.0155509           0 -0.00918868  0.00879478
 -0.0168294  0.00918868           0 -0.00832358
 -0.0131994 -0.00879478  0.00832358           0
Repeater1[0]<--->EndNode1[0]
REAL
  0.398742 -0.0017791 0.00857778   0.322446
-0.0017791  0.0968553  0.0339153 -0.0270456
0.00857778  0.0339153   0.090566 0.00930304
  0.322446 -0.0270456 0.00930304   0.413836
IMAGINARY
           0   -0.0154024   0.00652389    0.0081581
   0.0154024            0   0.00496526  4.72016e-05
 -0.00652389  -0.00496526            0    0.0243629
  -0.0081581 -4.72016e-05   -0.0243629            0
Repeater1[0]<--->HoM1[0]
REAL
    0.391076  -0.00216981 -0.000719299     0.342002
 -0.00216981    0.0944882    0.0404252    0.0165221
-0.000719299    0.0404252     0.108924    0.0293506
    0.342002    0.0165221    0.0293506     0.405512
IMAGINARY
          0   0.0168294   0.0155509   0.0131994
 -0.0168294           0  0.00918868 -0.00832358
 -0.0155509 -0.00918868           0  0.00879478
 -0.0131994  0.00832358 -0.00879478           0
EndNode1[0]<--->Repeater1[0]
REAL
   0.369565  -0.0147048 -0.00249978    0.332693
 -0.0147048     0.12532   0.0517287  -0.0113193
-0.00249978   0.0517287   0.0946292  -0.0167022
   0.332693  -0.0113193  -0.0167022    0.410486
IMAGINARY
           0  -0.00128579     0.015787  8.66548e-05
  0.00128579            0  -0.00922186   -0.0112238
   -0.015787   0.00922186            0    -0.005885
-8.66548e-05    0.0112238     0.005885            0
EndNode2[0]<--->HoM1[0]
REAL
   0.383838   0.0188138 0.000490727    0.319677
  0.0188138    0.102273   0.0451544  -0.0048712
0.000490727   0.0451544    0.104798  -0.0106786
   0.319677  -0.0048712  -0.0106786    0.409091
IMAGINARY
           0    0.0064055   0.00739534    0.0125615
  -0.0064055            0   -0.0262033  0.000884919
 -0.00739534    0.0262033            0 -0.000673012
  -0.0125615 -0.000884919  0.000673012            0
Repeater1[0]<--->EndNode1[0]
REAL
   0.369565 -0.00249978  -0.0147048    0.332693
-0.00249978   0.0946292   0.0517287  -0.0167022
 -0.0147048   0.0517287     0.12532  -0.0113193
   0.332693  -0.0167022  -0.0113193    0.410486
IMAGINARY
           0     0.015787  -0.00128579  8.66548e-05
   -0.015787            0   0.00922186    -0.005885
  0.00128579  -0.00922186            0   -0.0112238
-8.66548e-05     0.005885    0.0112238            0
Repeater1[0]<--->HoM1[0]
REAL
   0.383838 0.000490727   0.0188138    0.319677
0.000490727    0.104798   0.0451544  -0.0106786
  0.0188138   0.0451544    0.102273  -0.0048712
   0.319677  -0.0106786  -0.0048712    0.409091
IMAGINARY
           0   0.00739534    0.0064055    0.0125615
 -0.00739534            0    0.0262033 -0.000673012
  -0.0064055   -0.0262033            0  0.000884919
  -0.0125615  0.000673012 -0.000884919            0
EndNode1[0]<--->Repeater1[0]
REAL
  0.375796 0.00251394 -0.0156277   0.348658
0.00251394   0.109554  0.0438718 0.00972992
-0.0156277  0.0438718  0.0980892 -0.0188966
  0.348658 0.00972992 -0.0188966   0.416561
IMAGINARY
          0    -0.00085  -0.0133514   0.0219913
    0.00085           0   0.0159833  0.00957304
  0.0133514  -0.0159833           0 -0.00418778
 -0.0219913 -0.00957304  0.00418778           0
EndNode2[0]<--->HoM1[0]
REAL
   0.397294  -0.0046617   0.0134353    0.341501
 -0.0046617    0.116851   0.0372084 -0.00117719
  0.0134353   0.0372084    0.105781  0.00401654
   0.341501 -0.00117719  0.00401654    0.380074
IMAGINARY
           0   0.00181431  0.000235712   -0.0152299
 -0.00181431            0  -0.00260365   -0.0141246
-0.000235712   0.00260365            0   -0.0144406
   0.0152299    0.0141246    0.0144406            0
Repeater1[0]<--->EndNode1[0]
REAL
  0.375796 -0.0156277 0.00251394   0.348658
-0.0156277  0.0980892  0.0438718 -0.0188966
0.00251394  0.0438718   0.109554 0.00972992
  0.348658 -0.0188966 0.00972992   0.416561
IMAGINARY
          0  -0.0133514    -0.00085   0.0219913
  0.0133514           0  -0.0159833 -0.00418778
    0.00085   0.0159833           0  0.00957304
 -0.0219913  0.00418778 -0.00957304           0
Repeater1[0]<--->HoM1[0]
REAL
   0.397294   0.0134353  -0.0046617    0.341501
  0.0134353    0.105781   0.0372084  0.00401654
 -0.0046617   0.0372084    0.116851 -0.00117719
   0.341501  0.00401654 -0.00117719    0.380074
IMAGINARY
           0  0.000235712   0.00181431   -0.0152299
-0.000235712            0   0.00260365   -0.0144406
 -0.00181431  -0.00260365            0   -0.0141246
   0.0152299    0.0144406    0.0141246            0
EndNode1[0]<--->Repeater1[0]
REAL
   0.405405 -0.00470514  0.00219024    0.328611
-0.00470514   0.0952381   0.0564743 -0.00219024
 0.00219024   0.0564743   0.0990991   0.0218201
   0.328611 -0.00219024   0.0218201    0.400257
IMAGINARY
           0  -0.00431269   0.00102017 -9.76964e-05
  0.00431269            0   0.00821255   0.00665397
 -0.00102017  -0.00821255            0  -0.00690337
 9.76964e-05  -0.00665397   0.00690337            0
EndNode2[0]<--->HoM1[0]
REAL
    0.39313 0.000470142      0.0186    0.323084
0.000470142    0.108142    0.048587  0.00561303
     0.0186    0.048587    0.111959   0.0116364
   0.323084  0.00561303   0.0116364    0.386768
IMAGINARY
          0  0.00802225 -0.00190891 -0.00595658
-0.00802225           0   0.0276403  -0.0282924
 0.00190891  -0.0276403           0  -0.0154048
 0.00595658   0.0282924   0.0154048           0
Repeater1[0]<--->EndNode1[0]
REAL
   0.405405  0.00219024 -0.00470514    0.328611
 0.00219024   0.0990991   0.0564743   0.0218201
-0.00470514   0.0564743   0.0952381 -0.00219024
   0.328611   0.0218201 -0.00219024    0.400257
IMAGINARY
           0   0.00102017  -0.00431269 -9.76964e-05
 -0.00102017            0  -0.00821255  -0.00690337
  0.00431269   0.00821255            0   0.00665397
 9.76964e-05   0.00690337  -0.00665397            0
Repeater1[0]<--->HoM1[0]
REAL
    0.39313      0.0186 0.000470142    0.323084
     0.0186    0.111959    0.048587   0.0116364
0.000470142    0.048587    0.108142  0.00561303
   0.323084   0.0116364  0.00561303    0.386768
IMAGINARY
          0 -0.00190891  0.00802225 -0.00595658
 0.00190891           0  -0.0276403  -0.0154048
-0.00802225   0.0276403           0  -0.0282924
 0.00595658   0.0154048   0.0282924           0
EndNode1[0]<--->Repeater1[0]
REAL
 0.421123  0.010662 0.0116945  0.322953
 0.010662 0.0882353 0.0358558 0.0129169
0.0116945 0.0358558  0.105615  0.012654
 0.322953 0.0129169  0.012654  0.385027
IMAGINARY
          0   0.0179132 -0.00475208   0.0208235
 -0.0179132           0   0.0137267   0.0144295
 0.00475208  -0.0137267           0 -0.00307447
 -0.0208235  -0.0144295  0.00307447           0
EndNode2[0]<--->HoM1[0]
REAL
   0.404054 -0.00288747 -0.00572558    0.324969
-0.00288747    0.109459   0.0365307   0.0177967
-0.00572558   0.0365307   0.0864865  0.00352279
   0.324969   0.0177967  0.00352279         0.4
IMAGINARY
          0  0.00305795 -0.00153752  0.00618554
-0.00305795           0  0.00302499 -0.00153752
 0.00153752 -0.00302499           0   0.0123172
-0.00618554  0.00153752  -0.0123172           0
Repeater1[0]<--->EndNode1[0]
REAL
 0.421123 0.0116945  0.010662  0.322953
0.0116945  0.105615 0.0358558  0.012654
 0.010662 0.0358558 0.0882353 0.0129169
 0.322953  0.012654 0.0129169  0.385027
IMAGINARY
          0 -0.00475208   0.0179132   0.0208235
 0.00475208           0  -0.0137267 -0.00307447
 -0.0179132   0.0137267           0   0.0144295
 -0.0208235  0.00307447  -0.0144295           0
Repeater1[0]<--->HoM1[0]
REAL
   0.404054 -0.00572558 -0.00288747    0.324969
-0.00572558   0.0864865   0.0365307  0.00352279
-0.00288747   0.0365307    0.109459   0.0177967
   0.324969  0.00352279   0.0177967         0.4
IMAGINARY
          0 -0.00153752  0.00305795  0.00618554
 0.00153752           0 -0.00302499   0.0123172
-0.00305795  0.00302499           0 -0.00153752
-0.00618554  -0.0123172  0.00153752           0
EndNode1[0]<--->Repeater1[0]
REAL
    0.417772  -0.00138164   -0.0122945     0.350318
 -0.00138164     0.108753    0.0358708 -0.000493241
  -0.0122945    0.0358708     0.107427  -0.00756976
    0.350318 -0.000493241  -0.00756976     0.366048
IMAGINARY
          0 -0.00599931   0.0126851   0.0143639
 0.00599931           0    0.025866 -0.00701936
 -0.0126851   -0.025866           0  -0.0152472
 -0.0143639  0.00701936   0.0152472           0
EndNode2[0]<--->HoM1[0]
REAL
 0.429668 0.0131539  0.022883  0.356777
0.0131539  0.116368 0.0342992 0.0138624
 0.022883 0.0342992  0.103581 0.0170298
 0.356777 0.0138624 0.0170298  0.350384
IMAGINARY
           0    0.0181968   -0.0314917 -0.000155118
  -0.0181968            0  -0.00742064   0.00531034
   0.0314917   0.00742064            0    0.0169245
 0.000155118  -0.00531034   -0.0169245            0
Repeater1[0]<--->EndNode1[0]
REAL
    0.417772   -0.0122945  -0.00138164     0.350318
  -0.0122945     0.107427    0.0358708  -0.00756976
 -0.00138164    0.0358708     0.108753 -0.000493241
    0.350318  -0.00756976 -0.000493241     0.366048
IMAGINARY
          0   0.0126851 -0.00599931   0.0143639
 -0.0126851           0   -0.025866  -0.0152472
 0.00599931    0.025866           0 -0.00701936
 -0.0143639   0.0152472  0.00701936           0
Repeater1[0]<--->HoM1[0]
REAL
 0.429668  0.022883 0.0131539  0.356777
 0.022883  0.103581 0.0342992 0.0170298
0.0131539 0.0342992  0.116368 0.0138624
 0.356777 0.0170298 0.0138624  0.350384
IMAGINARY
           0   -0.0314917    0.0181968 -0.000155118
   0.0314917            0   0.00742064    0.0169245
  -0.0181968  -0.00742064            0   0.00531034
 0.000155118   -0.0169245  -0.00531034            0
EndNode1[0]<--->Repeater1[0]
REAL
   0.406135 -0.00445903 0.000138097    0.325673
-0.00445903    0.107975   0.0417149  -0.0197592
0.000138097   0.0417149   0.0883436   -0.007043
   0.325673  -0.0197592   -0.007043    0.397546
IMAGINARY
          0  -0.0249898  0.00191908   0.0149351
  0.0249898           0  0.00739741  0.00260873
-0.00191908 -0.00739741           0 -0.00670485
 -0.0149351 -0.00260873  0.00670485           0
EndNode2[0]<--->HoM1[0]
REAL
   0.410853   0.0167136 -0.00935202    0.327918
  0.0167136    0.105943   0.0389267   0.0140125
-0.00935202   0.0389267    0.107235  -0.0200425
   0.327918   0.0140125  -0.0200425    0.375969
IMAGINARY
          0  0.00244548  -0.0147034 -0.00165563
-0.00244548           0  0.00165563  0.00618436
  0.0147034 -0.00165563           0  -0.0109645
 0.00165563 -0.00618436   0.0109645           0
Repeater1[0]<--->EndNode1[0]
REAL
   0.406135 0.000138097 -0.00445903    0.325673
0.000138097   0.0883436   0.0417149   -0.007043
-0.00445903   0.0417149    0.107975  -0.0197592
   0.325673   -0.007043  -0.0197592    0.397546
IMAGINARY
          0  0.00191908  -0.0249898   0.0149351
-0.00191908           0 -0.00739741 -0.00670485
  0.0249898  0.00739741           0  0.00260873
 -0.0149351  0.00670485 -0.00260873           0
Repeater1[0]<--->HoM1[0]
REAL
   0.410853 -0.00935202   0.0167136    0.327918
-0.00935202    0.107235   0.0389267  -0.0200425
  0.0167136   0.0389267    0.105943   0.0140125
   0.327918  -0.0200425   0.0140125    0.375969
IMAGINARY
          0  -0.0147034  0.00244548 -0.00165563
  0.0147034           0 -0.00165563  -0.0109645
-0.00244548  0.00165563           0  0.00618436
 0.00165563   0.0109645 -0.00618436           0
EndNode1[0]<--->Repeater1[0]
REAL
   0.409561 -0.00580567    0.017302    0.334332
-0.00580567    0.104651     0.05149 -0.00914639
   0.017302     0.05149    0.111111  0.00266891
   0.334332 -0.00914639  0.00266891    0.374677
IMAGINARY
           0    0.0204249   -0.0121217  0.000716425
  -0.0204249            0  -0.00507508   -0.0240714
   0.0121217   0.00507508            0  -0.00567955
-0.000716425    0.0240714   0.00567955            0
EndNode2[0]<--->HoM1[0]
REAL
  0.401961  0.0117958 -0.0160237   0.340198
 0.0117958  0.0857843  0.0233152  0.0241318
-0.0160237  0.0233152    0.11152 0.00577174
  0.340198  0.0241318 0.00577174   0.400735
IMAGINARY
          0  -0.0212357    -0.01099 -0.00140774
  0.0212357           0  -0.0216692  0.00969128
    0.01099   0.0216692           0 -0.00473828
 0.00140774 -0.00969128  0.00473828           0
Repeater1[0]<--->EndNode1[0]
REAL
   0.409561    0.017302 -0.00580567    0.334332
   0.017302    0.111111     0.05149  0.00266891
-0.00580567     0.05149    0.104651 -0.00914639
   0.334332  0.00266891 -0.00914639    0.374677
IMAGINARY
           0   -0.0121217    0.0204249  0.000716425
   0.0121217            0   0.00507508  -0.00567955
  -0.0204249  -0.00507508            0   -0.0240714
-0.000716425   0.00567955    0.0240714            0
Repeater1[0]<--->HoM1[0]
REAL
  0.401961 -0.0160237  0.0117958   0.340198
-0.0160237    0.11152  0.0233152 0.00577174
 0.0117958  0.0233152  0.0857843  0.0241318
  0.340198 0.00577174  0.0241318   0.400735
IMAGINARY
          0    -0.01099  -0.0212357 -0.00140774
    0.01099           0   0.0216692 -0.00473828
  0.0212357  -0.0216692           0  0.00969128
 0.00140774  0.00473828 -0.00969128           0
EndNode1[0]<--->Repeater1[0]
REAL
   0.39899  0.0153622  0.0132478   0.324509
 0.0153622   0.106061  0.0386085 0.00893216
 0.0132478  0.0386085   0.119949 0.00935261
  0.324509 0.00893216 0.00935261      0.375
IMAGINARY
           0     0.002448    0.0264817  0.000720709
   -0.002448            0    0.0152435    0.0218212
  -0.0264817   -0.0152435            0   -0.0168083
-0.000720709   -0.0218212    0.0168083            0
EndNode2[0]<--->HoM1[0]
REAL
   0.369727  -0.0197943  -0.0142333    0.331458
 -0.0197943    0.104218   0.0389373 -0.00554843
 -0.0142333   0.0389373     0.10794  -0.0204513
   0.331458 -0.00554843  -0.0204513    0.418114
IMAGINARY
          0   0.0221638  0.00152178  0.00394302
 -0.0221638           0  -0.0219191 -0.00574374
-0.00152178   0.0219191           0  0.00135847
-0.00394302  0.00574374 -0.00135847           0
Repeater1[0]<--->EndNode1[0]
REAL
   0.39899  0.0132478  0.0153622   0.324509
 0.0132478   0.119949  0.0386085 0.00935261
 0.0153622  0.0386085   0.106061 0.00893216
  0.324509 0.00935261 0.00893216      0.375
IMAGINARY
           0    0.0264817     0.002448  0.000720709
  -0.0264817            0   -0.0152435   -0.0168083
   -0.002448    0.0152435            0    0.0218212
-0.000720709    0.0168083   -0.0218212            0
Repeater1[0]<--->HoM1[0]
REAL
   0.369727  -0.0142333  -0.0197943    0.331458
 -0.0142333     0.10794   0.0389373  -0.0204513
 -0.0197943   0.0389373    0.104218 -0.00554843
   0.331458  -0.0204513 -0.00554843    0.418114
IMAGINARY
          0  0.00152178   0.0221638  0.00394302
-0.00152178           0   0.0219191  0.00135847
 -0.0221638  -0.0219191           0 -0.00574374
-0.00394302 -0.00135847  0.00574374           0
EndNode1[0]<--->Repeater1[0]
REAL
   0.388518  -0.0116215  -0.0138021    0.331789
 -0.0116215    0.118825   0.0383907  -0.0131901
 -0.0138021   0.0383907    0.104139 -0.00123193
   0.331789  -0.0131901 -0.00123193    0.388518
IMAGINARY
           0  -0.00201942   0.00947618    0.0136401
  0.00201942            0  0.000608577    0.0100837
 -0.00947618 -0.000608577            0    -0.011428
  -0.0136401   -0.0100837     0.011428            0
EndNode2[0]<--->HoM1[0]
REAL
         0.4   0.00123305  -0.00892856     0.333416
  0.00123305    0.0900662    0.0334155 -0.000319285
 -0.00892856    0.0334155    0.0887417 -0.000616523
    0.333416 -0.000319285 -0.000616523     0.421192
IMAGINARY
          0  0.00364026   0.0180828    0.016011
-0.00364026           0  -0.0119788  -0.0142366
 -0.0180828   0.0119788           0  -0.0126146
  -0.016011   0.0142366   0.0126146           0
Repeater1[0]<--->EndNode1[0]
REAL
   0.388518  -0.0138021  -0.0116215    0.331789
 -0.0138021    0.104139   0.0383907 -0.00123193
 -0.0116215   0.0383907    0.118825  -0.0131901
   0.331789 -0.00123193  -0.0131901    0.388518
IMAGINARY
           0   0.00947618  -0.00201942    0.0136401
 -0.00947618            0 -0.000608577    -0.011428
  0.00201942  0.000608577            0    0.0100837
  -0.0136401     0.011428   -0.0100837            0
Repeater1[0]<--->HoM1[0]
REAL
         0.4  -0.00892856   0.00123305     0.333416
 -0.00892856    0.0887417    0.0334155 -0.000616523
  0.00123305    0.0334155    0.0900662 -0.000319285
    0.333416 -0.000616523 -0.000319285     0.421192
IMAGINARY
          0   0.0180828  0.00364026    0.016011
 -0.0180828           0   0.0119788  -0.0126146
-0.00364026  -0.0119788           0  -0.0142366
  -0.016011   0.0126146   0.0142366           0
EndNode1[0]<--->Repeater1[0]
REAL
   0.410156 -0.00271427  0.00337794    0.328043
-0.00271427     0.09375   0.0435953  -0.0229378
 0.00337794   0.0435953    0.106771 -0.00584318
   0.328043  -0.0229378 -0.00584318    0.389323
IMAGINARY
          0  0.00306958  -0.0168633  0.00438796
-0.00306958           0  0.00111999   -0.022018
  0.0168633 -0.00111999           0  0.00306958
-0.00438796    0.022018 -0.00306958           0
EndNode2[0]<--->HoM1[0]
REAL
    0.396846   0.00455823     0.011852     0.331455
  0.00455823     0.101183     0.032473   -0.0227634
    0.011852     0.032473     0.105125 -6.52871e-05
    0.331455   -0.0227634 -6.52871e-05     0.396846
IMAGINARY
          0 -0.00289882  0.00678182  -0.0072092
 0.00289882           0  -0.0183478 -0.00169276
-0.00678182   0.0183478           0  -0.0072793
  0.0072092  0.00169276   0.0072793           0
Repeater1[0]<--->EndNode1[0]
REAL
   0.410156  0.00337794 -0.00271427    0.328043
 0.00337794    0.106771   0.0435953 -0.00584318
-0.00271427   0.0435953     0.09375  -0.0229378
   0.328043 -0.00584318  -0.0229378    0.389323
IMAGINARY
          0  -0.0168633  0.00306958  0.00438796
  0.0168633           0 -0.00111999  0.00306958
-0.00306958  0.00111999           0   -0.022018
-0.00438796 -0.00306958    0.022018           0
Repeater1[0]<--->HoM1[0]
REAL
    0.396846     0.011852   0.00455823     0.331455
    0.011852     0.105125     0.032473 -6.52871e-05
  0.00455823     0.032473     0.101183   -0.0227634
    0.331455 -6.52871e-05   -0.0227634     0.396846
IMAGINARY
          0  0.00678182 -0.00289882  -0.0072092
-0.00678182           0   0.0183478  -0.0072793
 0.00289882  -0.0183478           0 -0.00169276
  0.0072092   0.0072793  0.00169276           0
EndNode1[0]<--->Repeater1[0]
REAL
    0.42225  0.00260417  -0.0209233    0.316609
 0.00260417    0.103666     0.04518 -0.00346694
 -0.0209233     0.04518   0.0859671 -0.00260417
   0.316609 -0.00346694 -0.00260417    0.388116
IMAGINARY
           0    0.0268358    0.0230967   -0.0113362
  -0.0268358            0   0.00260802 -0.000115339
  -0.0230967  -0.00260802            0    -0.017519
   0.0113362  0.000115339     0.017519            0
EndNode2[0]<--->HoM1[0]
REAL
   0.41029  0.0171068  0.0243589   0.322051
 0.0171068  0.0817942  0.0563445 0.00992316
 0.0243589  0.0563445  0.0831135  0.0145879
  0.322051 0.00992316  0.0145879   0.424802
IMAGINARY
           0   0.00925045   -0.0104385   -0.0188148
 -0.00925045            0 -0.000250417   0.00912963
   0.0104385  0.000250417            0  -0.00663265
   0.0188148  -0.00912963   0.00663265            0
Repeater1[0]<--->EndNode1[0]
REAL
    0.42225  -0.0209233  0.00260417    0.316609
 -0.0209233   0.0859671     0.04518 -0.00260417
 0.00260417     0.04518    0.103666 -0.00346694
   0.316609 -0.00260417 -0.00346694    0.388116
IMAGINARY
           0    0.0230967    0.0268358   -0.0113362
  -0.0230967            0  -0.00260802    -0.017519
  -0.0268358   0.00260802            0 -0.000115339
   0.0113362     0.017519  0.000115339            0
Repeater1[0]<--->HoM1[0]
REAL
   0.41029  0.0243589  0.0171068   0.322051
 0.0243589  0.0831135  0.0563445  0.0145879
 0.0171068  0.0563445  0.0817942 0.00992316
  0.322051  0.0145879 0.00992316   0.424802
IMAGINARY
           0   -0.0104385   0.00925045   -0.0188148
   0.0104385            0  0.000250417  -0.00663265
 -0.00925045 -0.000250417            0   0.00912963
   0.0188148   0.00663265  -0.00912963            0
EndNode1[0]<--->Repeater1[0]
REAL
   0.400524 -0.00654435  -0.0274814    0.346537
-0.00654435   0.0890052   0.0465371  0.00500267
 -0.0274814   0.0465371    0.102094  -0.0207947
   0.346537  0.00500267  -0.0207947    0.408377
IMAGINARY
          0   0.0406111  -0.0035774 -0.00973215
 -0.0406111           0   0.0219937  -0.0131928
  0.0035774  -0.0219937           0 -0.00769181
 0.00973215   0.0131928  0.00769181           0
EndNode2[0]<--->HoM1[0]
REAL
  0.387887 0.00287153  0.0207594   0.319006
0.00287153  0.0876289  0.0484485   -0.01551
 0.0207594  0.0484485   0.101804 0.00893949
  0.319006   -0.01551 0.00893949    0.42268
IMAGINARY
          0  0.00843148   0.0106322   0.0183049
-0.00843148           0  -0.0170486 -0.00665338
 -0.0106322   0.0170486           0   -0.011084
 -0.0183049  0.00665338    0.011084           0
Repeater1[0]<--->EndNode1[0]
REAL
   0.400524  -0.0274814 -0.00654435    0.346537
 -0.0274814    0.102094   0.0465371  -0.0207947
-0.00654435   0.0465371   0.0890052  0.00500267
   0.346537  -0.0207947  0.00500267    0.408377
IMAGINARY
          0  -0.0035774   0.0406111 -0.00973215
  0.0035774           0  -0.0219937 -0.00769181
 -0.0406111   0.0219937           0  -0.0131928
 0.00973215  0.00769181   0.0131928           0
Repeater1[0]<--->HoM1[0]
REAL
  0.387887  0.0207594 0.00287153   0.319006
 0.0207594   0.101804  0.0484485 0.00893949
0.00287153  0.0484485  0.0876289   -0.01551
  0.319006 0.00893949   -0.01551    0.42268
IMAGINARY
          0   0.0106322  0.00843148   0.0183049
 -0.0106322           0   0.0170486   -0.011084
-0.00843148  -0.0170486           0 -0.00665338
 -0.0183049    0.011084  0.00665338           0
EndNode1[0]<--->Repeater1[0]
REAL
   0.387223 -0.00526604 -0.00634603    0.343181
-0.00526604   0.0990874    0.051355 -0.00445448
-0.00634603    0.051355    0.109518    0.010984
   0.343181 -0.00445448    0.010984    0.404172
IMAGINARY
          0 -0.00686462   0.0231365  0.00801969
 0.00686462           0 -0.00164214   0.0068763
 -0.0231365  0.00164214           0  -0.0346424
-0.00801969  -0.0068763   0.0346424           0
EndNode2[0]<--->HoM1[0]
REAL
  0.396104 -0.0172736 -0.0131049   0.327643
-0.0172736        0.1  0.0457077 -0.0106418
-0.0131049  0.0457077  0.0987013 -0.0064731
  0.327643 -0.0106418 -0.0064731   0.405195
IMAGINARY
          0   0.0204446 -0.00793718  0.00553801
 -0.0204446           0   0.0129805  -0.0210951
 0.00793718  -0.0129805           0   0.0150392
-0.00553801   0.0210951  -0.0150392           0
Repeater1[0]<--->EndNode1[0]
REAL
   0.387223 -0.00634603 -0.00526604    0.343181
-0.00634603    0.109518    0.051355    0.010984
-0.00526604    0.051355   0.0990874 -0.00445448
   0.343181    0.010984 -0.00445448    0.404172
IMAGINARY
          0   0.0231365 -0.00686462  0.00801969
 -0.0231365           0  0.00164214  -0.0346424
 0.00686462 -0.00164214           0   0.0068763
-0.00801969   0.0346424  -0.0068763           0
Repeater1[0]<--->HoM1[0]
REAL
  0.396104 -0.0131049 -0.0172736   0.327643
-0.0131049  0.0987013  0.0457077 -0.0064731
-0.0172736  0.0457077        0.1 -0.0106418
  0.327643 -0.0064731 -0.0106418   0.405195
IMAGINARY
          0 -0.00793718   0.0204446  0.00553801
 0.00793718           0  -0.0129805   0.0150392
 -0.0204446   0.0129805           0  -0.0210951
-0.00553801  -0.0150392   0.0210951           0
EndNode1[0]<--->Repeater1[0]
REAL
   0.411995   0.0167009   0.0118237    0.326776
  0.0167009    0.101695   0.0464078  0.00733081
  0.0118237   0.0464078   0.0977836 -0.00283035
   0.326776  0.00733081 -0.00283035    0.388527
IMAGINARY
          0 -0.00615082  0.00126627  0.00916484
 0.00615082           0  0.00315682   0.0287951
-0.00126627 -0.00315682           0  0.00676431
-0.00916484  -0.0287951 -0.00676431           0
EndNode2[0]<--->HoM1[0]
REAL
   0.397117   0.0225586 -0.00138753    0.311313
  0.0225586   0.0891219   0.0544504   0.0260181
-0.00138753   0.0544504    0.095675 -0.00654876
   0.311313   0.0260181 -0.00654876    0.418087
IMAGINARY
           0    0.0272372   -0.0043537    0.0110292
  -0.0272372            0  -0.00175851 -0.000221466
   0.0043537   0.00175851            0   -0.0148189
  -0.0110292  0.000221466    0.0148189            0
Repeater1[0]<--->EndNode1[0]
REAL
   0.411995   0.0118237   0.0167009    0.326776
  0.0118237   0.0977836   0.0464078 -0.00283035
  0.0167009   0.0464078    0.101695  0.00733081
   0.326776 -0.00283035  0.00733081    0.388527
IMAGINARY
          0  0.00126627 -0.00615082  0.00916484
-0.00126627           0 -0.00315682  0.00676431
 0.00615082  0.00315682           0   0.0287951
-0.00916484 -0.00676431  -0.0287951           0
Repeater1[0]<--->HoM1[0]
REAL
   0.397117 -0.00138753   0.0225586    0.311313
-0.00138753    0.095675   0.0544504 -0.00654876
  0.0225586   0.0544504   0.0891219   0.0260181
   0.311313 -0.00654876   0.0260181    0.418087
IMAGINARY
           0   -0.0043537    0.0272372    0.0110292
   0.0043537            0   0.00175851   -0.0148189
  -0.0272372  -0.00175851            0 -0.000221466
  -0.0110292    0.0148189  0.000221466            0
EndNode1[0]<--->Repeater1[0]
REAL
    0.45603 -0.00450649 -0.00837398    0.330916
-0.00450649    0.104271   0.0457597 -0.00234988
-0.00837398   0.0457597   0.0766332   0.0152304
   0.330916 -0.00234988   0.0152304    0.363065
IMAGINARY
          0  -0.0179378  -0.0152429   0.0029394
  0.0179378           0 -0.00423139 -0.00559041
  0.0152429  0.00423139           0   0.0140315
 -0.0029394  0.00559041  -0.0140315           0
EndNode2[0]<--->HoM1[0]
REAL
   0.401307 -0.00894918 -0.00566897     0.33756
-0.00894918   0.0993464   0.0380679   -0.011919
-0.00566897   0.0380679   0.0980392  -0.0199453
    0.33756   -0.011919  -0.0199453    0.401307
IMAGINARY
          0  0.00152662  -0.0177536   0.0114943
-0.00152662           0  0.00648175 -0.00762706
  0.0177536 -0.00648175           0   0.0238541
 -0.0114943  0.00762706  -0.0238541           0
Repeater1[0]<--->EndNode1[0]
REAL
    0.45603 -0.00837398 -0.00450649    0.330916
-0.00837398   0.0766332   0.0457597   0.0152304
-0.00450649   0.0457597    0.104271 -0.00234988
   0.330916   0.0152304 -0.00234988    0.363065
IMAGINARY
          0  -0.0152429  -0.0179378   0.0029394
  0.0152429           0  0.00423139   0.0140315
  0.0179378 -0.00423139           0 -0.00559041
 -0.0029394  -0.0140315  0.00559041           0
Repeater1[0]<--->HoM1[0]
REAL
   0.401307 -0.00566897 -0.00894918     0.33756
-0.00566897   0.0980392   0.0380679  -0.0199453
-0.00894918   0.0380679   0.0993464   -0.011919
    0.33756  -0.0199453   -0.011919    0.401307
IMAGINARY
          0  -0.0177536  0.00152662   0.0114943
  0.0177536           0 -0.00648175   0.0238541
-0.00152662  0.00648175           0 -0.00762706
 -0.0114943  -0.0238541  0.00762706           0
EndNode1[0]<--->Repeater1[0]
REAL
   0.388462  0.00314976  -0.0215764    0.341283
 0.00314976   0.0948718   0.0552255 -0.00834884
 -0.0215764   0.0552255    0.112821  -0.0068904
   0.341283 -0.00834884  -0.0068904    0.403846
IMAGINARY
          0   0.0153184   0.0103742   0.0110414
 -0.0153184           0   0.0225503  -0.0211915
 -0.0103742  -0.0225503           0  0.00511431
 -0.0110414   0.0211915 -0.00511431           0
EndNode2[0]<--->HoM1[0]
REAL
   0.375306   0.0181078   0.0203679    0.336686
  0.0181078   0.0757946   0.0468848 -0.00678444
  0.0203679   0.0468848    0.112469  -0.0148737
   0.336686 -0.00678444  -0.0148737     0.43643
IMAGINARY
           0    0.0161032   -0.0198709   -0.0131091
  -0.0161032            0   -0.0240486 -2.96138e-05
   0.0198709    0.0240486            0    0.0249416
   0.0131091  2.96138e-05   -0.0249416            0
Repeater1[0]<--->EndNode1[0]
REAL
   0.388462  -0.0215764  0.00314976    0.341283
 -0.0215764    0.112821   0.0552255  -0.0068904
 0.00314976   0.0552255   0.0948718 -0.00834884
   0.341283  -0.0068904 -0.00834884    0.403846
IMAGINARY
          0   0.0103742   0.0153184   0.0110414
 -0.0103742           0  -0.0225503  0.00511431
 -0.0153184   0.0225503           0  -0.0211915
 -0.0110414 -0.00511431   0.0211915           0
Repeater1[0]<--->HoM1[0]
REAL
   0.375306   0.0203679   0.0181078    0.336686
  0.0203679    0.112469   0.0468848  -0.0148737
  0.0181078   0.0468848   0.0757946 -0.00678444
   0.336686  -0.0148737 -0.00678444     0.43643
IMAGINARY
           0   -0.0198709    0.0161032   -0.0131091
   0.0198709            0    0.0240486    0.0249416
  -0.0161032   -0.0240486            0 -2.96138e-05
   0.0131091   -0.0249416  2.96138e-05            0
EndNode1[0]<--->Repeater1[0]
REAL
  0.380822  0.0053682 -0.0225985   0.335448
 0.0053682   0.109589  0.0365421   0.010558
-0.0225985  0.0365421  0.0958904 -0.0186762
  0.335448   0.010558 -0.0186762   0.413699
IMAGINARY
          0 -0.00160587   0.0090453   0.0125558
 0.00160587           0 -0.00486352  -0.0193052
 -0.0090453  0.00486352           0  0.00776182
 -0.0125558   0.0193052 -0.00776182           0
EndNode2[0]<--->HoM1[0]
REAL
