EndNode1[0]<--->Repeater1[0]
REAL
    0.396927 -0.000537726   -0.0153014     0.349567
-0.000537726     0.111396    0.0627838   0.00666928
  -0.0153014    0.0627838     0.130602   0.00252976
    0.349567   0.00666928   0.00252976     0.361076
IMAGINARY
           0   0.00555079  0.000138001    0.0233457
 -0.00555079            0   -0.0146209  -0.00637242
-0.000138001    0.0146209            0   -0.0105383
  -0.0233457   0.00637242    0.0105383            0
EndNode2[0]<--->HoM1[0]
REAL
  0.427665  0.0180752 -0.0100771   0.359536
 0.0180752   0.134518  0.0627442  0.0476419
-0.0100771  0.0627442   0.120558  0.0272616
  0.359536  0.0476419  0.0272616   0.317259
IMAGINARY
          0  -0.0182553  0.00344199  -0.0171239
  0.0182553           0  0.00440128   0.0112639
-0.00344199 -0.00440128           0  -0.0124934
  0.0171239  -0.0112639   0.0124934           0
Repeater1[0]<--->EndNode1[0]
REAL
    0.396927   -0.0153014 -0.000537726     0.349567
  -0.0153014     0.130602    0.0627838   0.00252976
-0.000537726    0.0627838     0.111396   0.00666928
    0.349567   0.00252976   0.00666928     0.361076
IMAGINARY
           0  0.000138001   0.00555079    0.0233457
-0.000138001            0    0.0146209   -0.0105383
 -0.00555079   -0.0146209            0  -0.00637242
  -0.0233457    0.0105383   0.00637242            0
Repeater1[0]<--->HoM1[0]
REAL
  0.427665 -0.0100771  0.0180752   0.359536
-0.0100771   0.120558  0.0627442  0.0272616
 0.0180752  0.0627442   0.134518  0.0476419
  0.359536  0.0272616  0.0476419   0.317259
IMAGINARY
          0  0.00344199  -0.0182553  -0.0171239
-0.00344199           0 -0.00440128  -0.0124934
  0.0182553  0.00440128           0   0.0112639
  0.0171239   0.0124934  -0.0112639           0
EndNode1[0]<--->Repeater1[0]
REAL
   0.377984 -0.00845105     0.02637    0.326814
-0.00845105    0.115385   0.0983195 -0.00364275
    0.02637   0.0983195    0.119363  0.00978795
   0.326814 -0.00364275  0.00978795    0.387268
IMAGINARY
           0  -0.00561119    0.0105637  0.000993864
  0.00561119            0  -0.00475326  -0.00115507
  -0.0105637   0.00475326            0  -0.00379741
-0.000993864   0.00115507   0.00379741            0
EndNode2[0]<--->HoM1[0]
REAL
   0.36783   -0.02593 -0.0212828   0.358532
  -0.02593   0.127182  0.0747123 -0.0261137
-0.0212828  0.0747123   0.120948 -0.0161261
  0.358532 -0.0261137 -0.0161261    0.38404
IMAGINARY
          0 -0.00636988   0.0066313 -0.00234642
 0.00636988           0 -0.00550698   0.0066313
 -0.0066313  0.00550698           0  -0.0214816
 0.00234642  -0.0066313   0.0214816           0
Repeater1[0]<--->EndNode1[0]
REAL
   0.377984     0.02637 -0.00845105    0.326814
    0.02637    0.119363   0.0983195  0.00978795
-0.00845105   0.0983195    0.115385 -0.00364275
   0.326814  0.00978795 -0.00364275    0.387268
IMAGINARY
           0    0.0105637  -0.00561119  0.000993864
  -0.0105637            0   0.00475326  -0.00379741
  0.00561119  -0.00475326            0  -0.00115507
-0.000993864   0.00379741   0.00115507            0
Repeater1[0]<--->HoM1[0]
REAL
   0.36783 -0.0212828   -0.02593   0.358532
-0.0212828   0.120948  0.0747123 -0.0161261
  -0.02593  0.0747123   0.127182 -0.0261137
  0.358532 -0.0161261 -0.0261137    0.38404
IMAGINARY
          0   0.0066313 -0.00636988 -0.00234642
 -0.0066313           0  0.00550698  -0.0214816
 0.00636988 -0.00550698           0   0.0066313
 0.00234642   0.0214816  -0.0066313           0
EndNode1[0]<--->Repeater1[0]
REAL
   0.416031  -0.0106605   0.0109557    0.342121
 -0.0106605    0.125954   0.0637196 -0.00678409
  0.0109557   0.0637196    0.122137 -0.00304629
   0.342121 -0.00678409 -0.00304629    0.335878
IMAGINARY
          0  -0.0095555  0.00466117  0.00855919
  0.0095555           0  -0.0115969  -0.0151801
-0.00466117   0.0115969           0 -0.00236596
-0.00855919   0.0151801  0.00236596           0
EndNode2[0]<--->HoM1[0]
REAL
   0.39206  0.0266327  0.0202489   0.338729
 0.0266327  0.0905707   0.096671 0.00429887
 0.0202489   0.096671   0.147643 0.00566702
  0.338729 0.00429887 0.00566702   0.369727
IMAGINARY
          0   0.0226528  0.00153596 -0.00914543
 -0.0226528           0  0.00347077  -0.0275842
-0.00153596 -0.00347077           0   0.0122901
 0.00914543   0.0275842  -0.0122901           0
Repeater1[0]<--->EndNode1[0]
REAL
   0.416031   0.0109557  -0.0106605    0.342121
  0.0109557    0.122137   0.0637196 -0.00304629
 -0.0106605   0.0637196    0.125954 -0.00678409
   0.342121 -0.00304629 -0.00678409    0.335878
IMAGINARY
          0  0.00466117  -0.0095555  0.00855919
-0.00466117           0   0.0115969 -0.00236596
  0.0095555  -0.0115969           0  -0.0151801
-0.00855919  0.00236596   0.0151801           0
Repeater1[0]<--->HoM1[0]
REAL
   0.39206  0.0202489  0.0266327   0.338729
 0.0202489   0.147643   0.096671 0.00566702
 0.0266327   0.096671  0.0905707 0.00429887
  0.338729 0.00566702 0.00429887   0.369727
IMAGINARY
          0  0.00153596   0.0226528 -0.00914543
-0.00153596           0 -0.00347077   0.0122901
 -0.0226528  0.00347077           0  -0.0275842
 0.00914543  -0.0122901   0.0275842           0
EndNode1[0]<--->Repeater1[0]
REAL
   0.404669     0.01865   0.0149432    0.326491
    0.01865    0.110246    0.102533 -0.00923979
  0.0149432    0.102533     0.11284  -0.0256208
   0.326491 -0.00923979  -0.0256208    0.372244
IMAGINARY
          0 -0.00845849  -0.0151561  0.00574539
 0.00845849           0   0.0206999 -0.00046895
  0.0151561  -0.0206999           0 -0.00716651
-0.00574539  0.00046895  0.00716651           0
EndNode2[0]<--->HoM1[0]
REAL
  0.382192 -0.0369814  -0.024859   0.343106
-0.0369814   0.113699  0.0820911 0.00386163
 -0.024859  0.0820911   0.117808 0.00942233
  0.343106 0.00386163 0.00942233   0.386301
IMAGINARY
           0  -0.00767439    0.0191267  -0.00836039
  0.00767439            0 -0.000568182   0.00824317
  -0.0191267  0.000568182            0    0.0136824
  0.00836039  -0.00824317   -0.0136824            0
Repeater1[0]<--->EndNode1[0]
REAL
   0.404669   0.0149432     0.01865    0.326491
  0.0149432     0.11284    0.102533  -0.0256208
    0.01865    0.102533    0.110246 -0.00923979
   0.326491  -0.0256208 -0.00923979    0.372244
IMAGINARY
          0  -0.0151561 -0.00845849  0.00574539
  0.0151561           0  -0.0206999 -0.00716651
 0.00845849   0.0206999           0 -0.00046895
-0.00574539  0.00716651  0.00046895           0
Repeater1[0]<--->HoM1[0]
REAL
  0.382192  -0.024859 -0.0369814   0.343106
 -0.024859   0.117808  0.0820911 0.00942233
-0.0369814  0.0820911   0.113699 0.00386163
  0.343106 0.00942233 0.00386163   0.386301
IMAGINARY
           0    0.0191267  -0.00767439  -0.00836039
  -0.0191267            0  0.000568182    0.0136824
  0.00767439 -0.000568182            0   0.00824317
  0.00836039   -0.0136824  -0.00824317            0
EndNode1[0]<--->Repeater1[0]
REAL
   0.385919 -0.00345657  0.00875079    0.331263
-0.00345657    0.122555   0.0772949 -0.00113063
 0.00875079   0.0772949     0.10691  0.00169807
   0.331263 -0.00113063  0.00169807    0.384615
IMAGINARY
           0   0.00805973 -0.000552981   -0.0233766
 -0.00805973            0  -0.00300864   -0.0139973
 0.000552981   0.00300864            0  -0.00144597
   0.0233766    0.0139973   0.00144597            0
EndNode2[0]<--->HoM1[0]
REAL
   0.390728  -0.0099278 -0.00574274    0.347475
 -0.0099278    0.135099   0.0698474   0.0149291
-0.00574274   0.0698474    0.101987   0.0099278
   0.347475   0.0149291   0.0099278    0.372185
IMAGINARY
          0  0.00966206   0.0101298  -0.0168904
-0.00966206           0  -0.0242139  -0.0263023
 -0.0101298   0.0242139           0  -0.0110098
  0.0168904   0.0263023   0.0110098           0
Repeater1[0]<--->EndNode1[0]
REAL
   0.385919  0.00875079 -0.00345657    0.331263
 0.00875079     0.10691   0.0772949  0.00169807
-0.00345657   0.0772949    0.122555 -0.00113063
   0.331263  0.00169807 -0.00113063    0.384615
IMAGINARY
           0 -0.000552981   0.00805973   -0.0233766
 0.000552981            0   0.00300864  -0.00144597
 -0.00805973  -0.00300864            0   -0.0139973
   0.0233766   0.00144597    0.0139973            0
Repeater1[0]<--->HoM1[0]
REAL
   0.390728 -0.00574274  -0.0099278    0.347475
-0.00574274    0.101987   0.0698474   0.0099278
 -0.0099278   0.0698474    0.135099   0.0149291
   0.347475   0.0099278   0.0149291    0.372185
IMAGINARY
          0   0.0101298  0.00966206  -0.0168904
 -0.0101298           0   0.0242139  -0.0110098
-0.00966206  -0.0242139           0  -0.0263023
  0.0168904   0.0110098   0.0263023           0
EndNode1[0]<--->Repeater1[0]
REAL
   0.366061   0.0164133  0.00105201      0.3375
  0.0164133    0.129697    0.084414 -0.00483035
 0.00105201    0.084414    0.118788   0.0150728
     0.3375 -0.00483035   0.0150728    0.385455
IMAGINARY
          0  -0.0164415  0.00970451 -0.00411863
  0.0164415           0  -0.0094315    0.026098
-0.00970451   0.0094315           0  -0.0144227
 0.00411863   -0.026098   0.0144227           0
EndNode2[0]<--->HoM1[0]
REAL
 0.377749 0.0147301 0.0182186  0.322799
0.0147301  0.116429 0.0832159  0.025641
0.0182186 0.0832159  0.115136 0.0153451
 0.322799  0.025641 0.0153451  0.390686
IMAGINARY
          0 -0.00577492  0.00955304  -0.0106652
 0.00577492           0   0.0294622  -0.0108551
-0.00955304  -0.0294622           0   0.0253062
  0.0106652   0.0108551  -0.0253062           0
Repeater1[0]<--->EndNode1[0]
REAL
   0.366061  0.00105201   0.0164133      0.3375
 0.00105201    0.118788    0.084414   0.0150728
  0.0164133    0.084414    0.129697 -0.00483035
     0.3375   0.0150728 -0.00483035    0.385455
IMAGINARY
          0  0.00970451  -0.0164415 -0.00411863
-0.00970451           0   0.0094315  -0.0144227
  0.0164415  -0.0094315           0    0.026098
 0.00411863   0.0144227   -0.026098           0
Repeater1[0]<--->HoM1[0]
REAL
 0.377749 0.0182186 0.0147301  0.322799
0.0182186  0.115136 0.0832159 0.0153451
0.0147301 0.0832159  0.116429  0.025641
 0.322799 0.0153451  0.025641  0.390686
IMAGINARY
          0  0.00955304 -0.00577492  -0.0106652
-0.00955304           0  -0.0294622   0.0253062
 0.00577492   0.0294622           0  -0.0108551
  0.0106652  -0.0253062   0.0108551           0
EndNode1[0]<--->Repeater1[0]
REAL
 0.396433 0.0287994 0.0219861  0.338254
0.0287994  0.112483 0.0763496 0.0213308
0.0219861 0.0763496  0.115226 0.0108046
 0.338254 0.0213308 0.0108046  0.375857
IMAGINARY
          0  0.00259064 -0.00619888  0.00736223
-0.00259064           0   0.0119614 -0.00216663
 0.00619888  -0.0119614           0  -0.0109562
-0.00736223  0.00216663   0.0109562           0
EndNode2[0]<--->HoM1[0]
REAL
  0.374667 0.00869827  0.0184527   0.337965
0.00869827   0.133333  0.0905164  0.0210705
 0.0184527  0.0905164   0.102667  0.0421173
  0.337965  0.0210705  0.0421173   0.389333
IMAGINARY
          0 -0.00265566  -0.0177792   0.0054876
 0.00265566           0  -0.0028138 -0.00135345
  0.0177792   0.0028138           0  0.00393117
 -0.0054876  0.00135345 -0.00393117           0
Repeater1[0]<--->EndNode1[0]
REAL
 0.396433 0.0219861 0.0287994  0.338254
0.0219861  0.115226 0.0763496 0.0108046
0.0287994 0.0763496  0.112483 0.0213308
 0.338254 0.0108046 0.0213308  0.375857
IMAGINARY
          0 -0.00619888  0.00259064  0.00736223
 0.00619888           0  -0.0119614  -0.0109562
-0.00259064   0.0119614           0 -0.00216663
-0.00736223   0.0109562  0.00216663           0
Repeater1[0]<--->HoM1[0]
REAL
  0.374667  0.0184527 0.00869827   0.337965
 0.0184527   0.102667  0.0905164  0.0421173
0.00869827  0.0905164   0.133333  0.0210705
  0.337965  0.0421173  0.0210705   0.389333
IMAGINARY
          0  -0.0177792 -0.00265566   0.0054876
  0.0177792           0   0.0028138  0.00393117
 0.00265566  -0.0028138           0 -0.00135345
 -0.0054876 -0.00393117  0.00135345           0
EndNode1[0]<--->Repeater1[0]
REAL
  0.367347 -0.0107716 0.00184265   0.336863
-0.0107716   0.114796  0.0875482 -0.0111363
0.00184265  0.0875482   0.141582 -0.0121528
  0.336863 -0.0111363 -0.0121528   0.376276
IMAGINARY
          0 -0.00979494   0.0108499 -0.00164302
 0.00979494           0  -0.0130067   0.0042186
 -0.0108499   0.0130067           0  0.00431549
 0.00164302  -0.0042186 -0.00431549           0
EndNode2[0]<--->HoM1[0]
REAL
   0.380449 -0.00484992  0.00778359    0.355085
-0.00484992    0.110964   0.0958019  -0.0302938
 0.00778359   0.0958019    0.141347 -0.00674626
   0.355085  -0.0302938 -0.00674626    0.367239
IMAGINARY
         0   0.021401 -0.0108793  0.0110819
 -0.021401          0  0.0222514 -0.0115278
 0.0108793 -0.0222514          0  0.0189319
-0.0110819  0.0115278 -0.0189319          0
Repeater1[0]<--->EndNode1[0]
REAL
  0.367347 0.00184265 -0.0107716   0.336863
0.00184265   0.141582  0.0875482 -0.0121528
-0.0107716  0.0875482   0.114796 -0.0111363
  0.336863 -0.0121528 -0.0111363   0.376276
IMAGINARY
          0   0.0108499 -0.00979494 -0.00164302
 -0.0108499           0   0.0130067  0.00431549
 0.00979494  -0.0130067           0   0.0042186
 0.00164302 -0.00431549  -0.0042186           0
Repeater1[0]<--->HoM1[0]
REAL
   0.380449  0.00778359 -0.00484992    0.355085
 0.00778359    0.141347   0.0958019 -0.00674626
-0.00484992   0.0958019    0.110964  -0.0302938
   0.355085 -0.00674626  -0.0302938    0.367239
IMAGINARY
         0 -0.0108793   0.021401  0.0110819
 0.0108793          0 -0.0222514  0.0189319
 -0.021401  0.0222514          0 -0.0115278
-0.0110819 -0.0189319  0.0115278          0
EndNode1[0]<--->Repeater1[0]
REAL
  0.41199 0.0181664 0.0152399  0.345196
0.0181664  0.109694 0.0860621 0.0152399
0.0152399 0.0860621  0.132653 0.0187985
 0.345196 0.0152399 0.0187985  0.345663
IMAGINARY
          0  0.00120428  -0.0268812 -0.00526316
-0.00120428           0  0.00902256 -0.00762489
  0.0268812 -0.00902256           0 -0.00458723
 0.00526316  0.00762489  0.00458723           0
EndNode2[0]<--->HoM1[0]
REAL
  0.434447 -0.0146566 -0.0333866   0.340523
-0.0146566  0.0976864  0.0895557 -0.0207031
-0.0333866  0.0895557   0.115681 -0.0196442
  0.340523 -0.0207031 -0.0196442   0.352185
IMAGINARY
           0  0.000657953  -0.00866851   0.00509472
-0.000657953            0    0.0132299   -0.0177831
  0.00866851   -0.0132299            0   0.00127753
 -0.00509472    0.0177831  -0.00127753            0
Repeater1[0]<--->EndNode1[0]
REAL
  0.41199 0.0152399 0.0181664  0.345196
0.0152399  0.132653 0.0860621 0.0187985
0.0181664 0.0860621  0.109694 0.0152399
 0.345196 0.0187985 0.0152399  0.345663
IMAGINARY
          0  -0.0268812  0.00120428 -0.00526316
  0.0268812           0 -0.00902256 -0.00458723
-0.00120428  0.00902256           0 -0.00762489
 0.00526316  0.00458723  0.00762489           0
Repeater1[0]<--->HoM1[0]
REAL
  0.434447 -0.0333866 -0.0146566   0.340523
-0.0333866   0.115681  0.0895557 -0.0196442
-0.0146566  0.0895557  0.0976864 -0.0207031
  0.340523 -0.0196442 -0.0207031   0.352185
IMAGINARY
           0  -0.00866851  0.000657953   0.00509472
  0.00866851            0   -0.0132299   0.00127753
-0.000657953    0.0132299            0   -0.0177831
 -0.00509472  -0.00127753    0.0177831            0
EndNode1[0]<--->Repeater1[0]
REAL
   0.393862 -0.00336927  -0.0130599    0.331286
-0.00336927    0.129156   0.0770695 -0.00446035
 -0.0130599   0.0770695    0.122762 -0.00336927
   0.331286 -0.00446035 -0.00336927     0.35422
IMAGINARY
           0   0.00639567   -0.0111681   -0.0230279
 -0.00639567            0  -0.00858499 -0.000880063
   0.0111681   0.00858499            0  0.000833246
   0.0230279  0.000880063 -0.000833246            0
EndNode2[0]<--->HoM1[0]
REAL
   0.364935 -0.00928756   0.0158716    0.341552
-0.00928756    0.132468   0.0898835 -0.00228818
  0.0158716   0.0898835    0.137662  0.00864073
   0.341552 -0.00228818  0.00864073    0.364935
IMAGINARY
          0  -0.0216435 -0.00107312   0.0115653
  0.0216435           0   0.0174019   0.0204323
 0.00107312  -0.0174019           0   0.0076248
 -0.0115653  -0.0204323  -0.0076248           0
Repeater1[0]<--->EndNode1[0]
REAL
   0.393862  -0.0130599 -0.00336927    0.331286
 -0.0130599    0.122762   0.0770695 -0.00336927
-0.00336927   0.0770695    0.129156 -0.00446035
   0.331286 -0.00336927 -0.00446035     0.35422
IMAGINARY
           0   -0.0111681   0.00639567   -0.0230279
   0.0111681            0   0.00858499  0.000833246
 -0.00639567  -0.00858499            0 -0.000880063
   0.0230279 -0.000833246  0.000880063            0
Repeater1[0]<--->HoM1[0]
REAL
   0.364935   0.0158716 -0.00928756    0.341552
  0.0158716    0.137662   0.0898835  0.00864073
-0.00928756   0.0898835    0.132468 -0.00228818
   0.341552  0.00864073 -0.00228818    0.364935
IMAGINARY
          0 -0.00107312  -0.0216435   0.0115653
 0.00107312           0  -0.0174019   0.0076248
  0.0216435   0.0174019           0   0.0204323
 -0.0115653  -0.0076248  -0.0204323           0
EndNode1[0]<--->Repeater1[0]
REAL
   0.392677  0.00746314   0.0133233    0.328565
 0.00746314    0.107323   0.0788896 -0.00175514
  0.0133233   0.0788896    0.140152  0.00153429
   0.328565 -0.00175514  0.00153429    0.359848
IMAGINARY
          0 -0.00519291  0.00109152   0.0171205
 0.00519291           0  0.00414151   0.0086361
-0.00109152 -0.00414151           0  0.00973247
 -0.0171205  -0.0086361 -0.00973247           0
EndNode2[0]<--->HoM1[0]
REAL
   0.394602   0.0202102   0.0104508    0.335014
  0.0202102    0.132391   0.0903595 -0.00174433
  0.0104508   0.0903595    0.111825  -0.0115037
   0.335014 -0.00174433  -0.0115037    0.361183
IMAGINARY
          0   0.0139384  0.00484033 -0.00242781
 -0.0139384           0 -0.00846808   0.0020779
-0.00484033  0.00846808           0  -0.0120517
 0.00242781  -0.0020779   0.0120517           0
Repeater1[0]<--->EndNode1[0]
REAL
   0.392677   0.0133233  0.00746314    0.328565
  0.0133233    0.140152   0.0788896  0.00153429
 0.00746314   0.0788896    0.107323 -0.00175514
   0.328565  0.00153429 -0.00175514    0.359848
IMAGINARY
          0  0.00109152 -0.00519291   0.0171205
-0.00109152           0 -0.00414151  0.00973247
 0.00519291  0.00414151           0   0.0086361
 -0.0171205 -0.00973247  -0.0086361           0
Repeater1[0]<--->HoM1[0]
REAL
   0.394602   0.0104508   0.0202102    0.335014
  0.0104508    0.111825   0.0903595  -0.0115037
  0.0202102   0.0903595    0.132391 -0.00174433
   0.335014  -0.0115037 -0.00174433    0.361183
IMAGINARY
          0  0.00484033   0.0139384 -0.00242781
-0.00484033           0  0.00846808  -0.0120517
 -0.0139384 -0.00846808           0   0.0020779
 0.00242781   0.0120517  -0.0020779           0
EndNode1[0]<--->Repeater1[0]
REAL
   0.351213 -0.00107255 -0.00417627    0.324893
-0.00107255    0.126437   0.0676368    0.010074
-0.00417627   0.0676368     0.12516 -0.00613584
   0.324893    0.010074 -0.00613584     0.39719
IMAGINARY
          0  -0.0161266   0.0206603 -0.00578785
  0.0161266           0 -0.00775894   0.0268331
 -0.0206603  0.00775894           0   0.0108496
 0.00578785  -0.0268331  -0.0108496           0
EndNode2[0]<--->HoM1[0]
REAL
   0.361868  0.00552752 -0.00304998    0.342308
 0.00552752    0.127108   0.0824653  0.00369849
-0.00304998   0.0824653    0.137484 -0.00228498
   0.342308  0.00369849 -0.00228498    0.373541
IMAGINARY
           0   -0.0247464 -0.000687336  -0.00210963
   0.0247464            0  -0.00342542  -0.00193734
 0.000687336   0.00342542            0   0.00768603
  0.00210963   0.00193734  -0.00768603            0
Repeater1[0]<--->EndNode1[0]
REAL
   0.351213 -0.00417627 -0.00107255    0.324893
-0.00417627     0.12516   0.0676368 -0.00613584
-0.00107255   0.0676368    0.126437    0.010074
   0.324893 -0.00613584    0.010074     0.39719
IMAGINARY
          0   0.0206603  -0.0161266 -0.00578785
 -0.0206603           0  0.00775894   0.0108496
  0.0161266 -0.00775894           0   0.0268331
 0.00578785  -0.0108496  -0.0268331           0
Repeater1[0]<--->HoM1[0]
REAL
   0.361868 -0.00304998  0.00552752    0.342308
-0.00304998    0.137484   0.0824653 -0.00228498
 0.00552752   0.0824653    0.127108  0.00369849
   0.342308 -0.00228498  0.00369849    0.373541
IMAGINARY
           0 -0.000687336   -0.0247464  -0.00210963
 0.000687336            0   0.00342542   0.00768603
   0.0247464  -0.00342542            0  -0.00193734
  0.00210963  -0.00768603   0.00193734            0
EndNode1[0]<--->Repeater1[0]
REAL
  0.383289   0.021149  0.0147716   0.321517
  0.021149   0.133952  0.0754848 0.00413326
 0.0147716  0.0754848   0.106101 -0.0191933
  0.321517 0.00413326 -0.0191933   0.376658
IMAGINARY
          0  -0.0140879  -0.0108364  0.00787966
  0.0140879           0  0.00349919   0.0212149
  0.0108364 -0.00349919           0 -0.00361666
-0.00787966  -0.0212149  0.00361666           0
EndNode2[0]<--->HoM1[0]
REAL
    0.38089 -0.00219342  -0.0200888    0.347515
-0.00219342     0.13089   0.0717245  0.00940001
 -0.0200888   0.0717245    0.136126 -0.00612012
   0.347515  0.00940001 -0.00612012    0.352094
IMAGINARY
          0 -0.00989381    0.010379   0.0141226
 0.00989381           0  -0.0248144 -0.00281364
  -0.010379   0.0248144           0   0.0119571
 -0.0141226  0.00281364  -0.0119571           0
Repeater1[0]<--->EndNode1[0]
REAL
  0.383289  0.0147716   0.021149   0.321517
 0.0147716   0.106101  0.0754848 -0.0191933
  0.021149  0.0754848   0.133952 0.00413326
  0.321517 -0.0191933 0.00413326   0.376658
IMAGINARY
          0  -0.0108364  -0.0140879  0.00787966
  0.0108364           0 -0.00349919 -0.00361666
  0.0140879  0.00349919           0   0.0212149
-0.00787966  0.00361666  -0.0212149           0
Repeater1[0]<--->HoM1[0]
REAL
    0.38089  -0.0200888 -0.00219342    0.347515
 -0.0200888    0.136126   0.0717245 -0.00612012
-0.00219342   0.0717245     0.13089  0.00940001
   0.347515 -0.00612012  0.00940001    0.352094
IMAGINARY
          0    0.010379 -0.00989381   0.0141226
  -0.010379           0   0.0248144   0.0119571
 0.00989381  -0.0248144           0 -0.00281364
 -0.0141226  -0.0119571  0.00281364           0
EndNode1[0]<--->Repeater1[0]
REAL
   0.368681 -0.00248202  0.00821223     0.34117
-0.00248202    0.119605    0.099191   0.0243814
 0.00821223    0.099191    0.103576   0.0392365
    0.34117   0.0243814   0.0392365    0.408138
IMAGINARY
          0    0.005144  -0.0100418 -0.00648087
  -0.005144           0  -0.0140671  -0.0207068
  0.0100418   0.0140671           0 -0.00247021
 0.00648087   0.0207068  0.00247021           0
EndNode2[0]<--->HoM1[0]
REAL
   0.352601 -0.00141477  0.00267391    0.362425
-0.00141477    0.109827    0.079262   0.0159365
 0.00267391    0.079262    0.137283   0.0113403
   0.362425   0.0159365   0.0113403    0.400289
IMAGINARY
          0 -0.00888698 -0.00369991   0.0101734
 0.00888698           0   0.0114049   0.0151795
 0.00369991  -0.0114049           0  -0.0102457
 -0.0101734  -0.0151795   0.0102457           0
Repeater1[0]<--->EndNode1[0]
REAL
   0.368681  0.00821223 -0.00248202     0.34117
 0.00821223    0.103576    0.099191   0.0392365
-0.00248202    0.099191    0.119605   0.0243814
    0.34117   0.0392365   0.0243814    0.408138
IMAGINARY
          0  -0.0100418    0.005144 -0.00648087
  0.0100418           0   0.0140671 -0.00247021
  -0.005144  -0.0140671           0  -0.0207068
 0.00648087  0.00247021   0.0207068           0
Repeater1[0]<--->HoM1[0]
REAL
   0.352601  0.00267391 -0.00141477    0.362425
 0.00267391    0.137283    0.079262   0.0113403
-0.00141477    0.079262    0.109827   0.0159365
   0.362425   0.0113403   0.0159365    0.400289
IMAGINARY
          0 -0.00369991 -0.00888698   0.0101734
 0.00369991           0  -0.0114049  -0.0102457
 0.00888698   0.0114049           0   0.0151795
 -0.0101734   0.0102457  -0.0151795           0
EndNode1[0]<--->Repeater1[0]
REAL
  0.399488 0.00019993  0.0237839   0.329566
0.00019993   0.126761  0.0921511 0.00273126
 0.0237839  0.0921511  0.0921895  0.0061132
  0.329566 0.00273126  0.0061132   0.381562
IMAGINARY
           0    0.0205193   -0.0168076  -0.00762123
  -0.0205193            0    0.0223665  -0.00564136
   0.0168076   -0.0223665            0  0.000569155
  0.00762123   0.00564136 -0.000569155            0
EndNode2[0]<--->HoM1[0]
REAL
   0.412385 -0.00222799  -0.0137415    0.346107
-0.00222799    0.130435    0.101058  0.00729815
 -0.0137415    0.101058    0.119895  -0.0106586
   0.346107  0.00729815  -0.0106586    0.337286
IMAGINARY
          0   0.0119616  0.00588941 -0.00101926
 -0.0119616           0   0.0167673   0.0052492
-0.00588941  -0.0167673           0  0.00165229
 0.00101926  -0.0052492 -0.00165229           0
Repeater1[0]<--->EndNode1[0]
REAL
  0.399488  0.0237839 0.00019993   0.329566
 0.0237839  0.0921895  0.0921511  0.0061132
0.00019993  0.0921511   0.126761 0.00273126
  0.329566  0.0061132 0.00273126   0.381562
IMAGINARY
           0   -0.0168076    0.0205193  -0.00762123
   0.0168076            0   -0.0223665  0.000569155
  -0.0205193    0.0223665            0  -0.00564136
  0.00762123 -0.000569155   0.00564136            0
Repeater1[0]<--->HoM1[0]
REAL
   0.412385  -0.0137415 -0.00222799    0.346107
 -0.0137415    0.119895    0.101058  -0.0106586
-0.00222799    0.101058    0.130435  0.00729815
   0.346107  -0.0106586  0.00729815    0.337286
IMAGINARY
          0  0.00588941   0.0119616 -0.00101926
-0.00588941           0  -0.0167673  0.00165229
 -0.0119616   0.0167673           0   0.0052492
 0.00101926 -0.00165229  -0.0052492           0
EndNode1[0]<--->Repeater1[0]
REAL
   0.409548  -0.0140406   -0.016624    0.347677
 -0.0140406    0.111809   0.0807117   -0.016624
  -0.016624   0.0807117    0.135678 -0.00897731
   0.347677   -0.016624 -0.00897731    0.342965
IMAGINARY
           0  -0.00178949  -0.00356902  -0.00952698
  0.00178949            0    0.0198098  0.000367992
  0.00356902   -0.0198098            0  -0.00781358
  0.00952698 -0.000367992   0.00781358            0
EndNode2[0]<--->HoM1[0]
REAL
   0.376398 -0.00649474 -0.00231888     0.34362
-0.00649474   0.0993789   0.0827219  -0.0132866
-0.00231888   0.0827219    0.111801  -0.0128561
    0.34362  -0.0132866  -0.0128561    0.412422
IMAGINARY
          0   0.0021423   0.0145406   -0.011719
 -0.0021423           0  0.00620932    0.021787
 -0.0145406 -0.00620932           0  -0.0133708
   0.011719   -0.021787   0.0133708           0
Repeater1[0]<--->EndNode1[0]
REAL
   0.409548   -0.016624  -0.0140406    0.347677
  -0.016624    0.135678   0.0807117 -0.00897731
 -0.0140406   0.0807117    0.111809   -0.016624
   0.347677 -0.00897731   -0.016624    0.342965
IMAGINARY
           0  -0.00356902  -0.00178949  -0.00952698
  0.00356902            0   -0.0198098  -0.00781358
  0.00178949    0.0198098            0  0.000367992
  0.00952698   0.00781358 -0.000367992            0
Repeater1[0]<--->HoM1[0]
REAL
   0.376398 -0.00231888 -0.00649474     0.34362
-0.00231888    0.111801   0.0827219  -0.0128561
-0.00649474   0.0827219   0.0993789  -0.0132866
    0.34362  -0.0128561  -0.0132866    0.412422
IMAGINARY
          0   0.0145406   0.0021423   -0.011719
 -0.0145406           0 -0.00620932  -0.0133708
 -0.0021423  0.00620932           0    0.021787
   0.011719   0.0133708   -0.021787           0
EndNode1[0]<--->Repeater1[0]
REAL
   0.374194  0.00131609  0.00153215    0.306422
 0.00131609    0.123871   0.0803943  0.00344298
 0.00153215   0.0803943    0.114839 -0.00255988
   0.306422  0.00344298 -0.00255988    0.387097
IMAGINARY
          0  0.00834139  0.00495391   0.0101381
-0.00834139           0 -0.00158065  -0.0145429
-0.00495391  0.00158065           0 -0.00697153
 -0.0101381   0.0145429  0.00697153           0
EndNode2[0]<--->HoM1[0]
REAL
   0.380407 -0.00841495  0.00886301    0.329021
-0.00841495    0.118321   0.0948777  0.00248546
 0.00886301   0.0948777    0.120865   0.0157581
   0.329021  0.00248546   0.0157581    0.380407
IMAGINARY
           0   -0.0266553   -0.0116959   0.00465436
   0.0266553            0  0.000240743   0.00292398
   0.0116959 -0.000240743            0    0.0232815
 -0.00465436  -0.00292398   -0.0232815            0
Repeater1[0]<--->EndNode1[0]
REAL
   0.374194  0.00153215  0.00131609    0.306422
 0.00153215    0.114839   0.0803943 -0.00255988
 0.00131609   0.0803943    0.123871  0.00344298
   0.306422 -0.00255988  0.00344298    0.387097
IMAGINARY
          0  0.00495391  0.00834139   0.0101381
-0.00495391           0  0.00158065 -0.00697153
-0.00834139 -0.00158065           0  -0.0145429
 -0.0101381  0.00697153   0.0145429           0
Repeater1[0]<--->HoM1[0]
REAL
   0.380407  0.00886301 -0.00841495    0.329021
 0.00886301    0.120865   0.0948777   0.0157581
-0.00841495   0.0948777    0.118321  0.00248546
   0.329021   0.0157581  0.00248546    0.380407
IMAGINARY
           0   -0.0116959   -0.0266553   0.00465436
   0.0116959            0 -0.000240743    0.0232815
   0.0266553  0.000240743            0   0.00292398
 -0.00465436   -0.0232815  -0.00292398            0
EndNode1[0]<--->Repeater1[0]
REAL
  0.383217 -0.0173198 0.00405375   0.317148
-0.0173198   0.123077    0.08248  -0.025739
0.00405375    0.08248   0.109091 0.00430867
  0.317148  -0.025739 0.00430867   0.384615
IMAGINARY
          0  0.00969962  -0.0139992  -0.0166082
-0.00969962           0   0.0204056  -0.0179157
  0.0139992  -0.0204056           0  0.00969962
  0.0166082   0.0179157 -0.00969962           0
EndNode2[0]<--->HoM1[0]
REAL
    0.38342  0.00393078   0.0038756    0.350136
 0.00393078    0.128238    0.078341 -0.00453786
  0.0038756    0.078341    0.132124 0.000704978
   0.350136 -0.00453786 0.000704978    0.356218
IMAGINARY
          0 -0.00158328 -0.00595406  -0.0105743
 0.00158328           0 -0.00804269  -0.0184049
 0.00595406  0.00804269           0   0.0285064
  0.0105743   0.0184049  -0.0285064           0
Repeater1[0]<--->EndNode1[0]
REAL
  0.383217 0.00405375 -0.0173198   0.317148
0.00405375   0.109091    0.08248 0.00430867
-0.0173198    0.08248   0.123077  -0.025739
  0.317148 0.00430867  -0.025739   0.384615
IMAGINARY
          0  -0.0139992  0.00969962  -0.0166082
  0.0139992           0  -0.0204056  0.00969962
-0.00969962   0.0204056           0  -0.0179157
  0.0166082 -0.00969962   0.0179157           0
Repeater1[0]<--->HoM1[0]
REAL
    0.38342   0.0038756  0.00393078    0.350136
  0.0038756    0.132124    0.078341 0.000704978
 0.00393078    0.078341    0.128238 -0.00453786
   0.350136 0.000704978 -0.00453786    0.356218
IMAGINARY
          0 -0.00595406 -0.00158328  -0.0105743
 0.00595406           0  0.00804269   0.0285064
 0.00158328 -0.00804269           0  -0.0184049
  0.0105743  -0.0285064   0.0184049           0
EndNode1[0]<--->Repeater1[0]
REAL
   0.358839  -0.0156205  0.00146617    0.330969
 -0.0156205    0.113456   0.0770624  -0.0247822
 0.00146617   0.0770624    0.109499 -0.00380951
   0.330969  -0.0247822 -0.00380951    0.418206
IMAGINARY
           0   0.00829299   0.00414121  -0.00543351
 -0.00829299            0 -0.000433507    -0.017162
 -0.00414121  0.000433507            0  -0.00178258
  0.00543351     0.017162   0.00178258            0
EndNode2[0]<--->HoM1[0]
REAL
   0.407362 -0.00981319 -0.00199074    0.352067
-0.00981319    0.117791    0.075342  0.00136496
-0.00199074    0.075342    0.120245  0.00668428
   0.352067  0.00136496  0.00668428    0.354601
IMAGINARY
          0  0.00923704 -0.00440792   0.0195031
-0.00923704           0   0.0136665   0.0104972
 0.00440792  -0.0136665           0  -0.0166795
 -0.0195031  -0.0104972   0.0166795           0
Repeater1[0]<--->EndNode1[0]
REAL
   0.358839  0.00146617  -0.0156205    0.330969
 0.00146617    0.109499   0.0770624 -0.00380951
 -0.0156205   0.0770624    0.113456  -0.0247822
   0.330969 -0.00380951  -0.0247822    0.418206
IMAGINARY
           0   0.00414121   0.00829299  -0.00543351
 -0.00414121            0  0.000433507  -0.00178258
 -0.00829299 -0.000433507            0    -0.017162
  0.00543351   0.00178258     0.017162            0
Repeater1[0]<--->HoM1[0]
REAL
   0.407362 -0.00199074 -0.00981319    0.352067
-0.00199074    0.120245    0.075342  0.00668428
-0.00981319    0.075342    0.117791  0.00136496
   0.352067  0.00668428  0.00136496    0.354601
IMAGINARY
          0 -0.00440792  0.00923704   0.0195031
 0.00440792           0  -0.0136665  -0.0166795
-0.00923704   0.0136665           0   0.0104972
 -0.0195031   0.0166795  -0.0104972           0
EndNode1[0]<--->Repeater1[0]
REAL
   0.381127 0.000576895  0.00148026    0.327961
0.000576895    0.126225   0.0786176  -0.0172697
 0.00148026   0.0786176    0.112745   -0.012419
   0.327961  -0.0172697   -0.012419    0.379902
IMAGINARY
           0   0.00249892  -0.00494558  0.000665765
 -0.00249892            0   0.00133691  -0.00555311
  0.00494558  -0.00133691            0  -0.00118658
-0.000665765   0.00555311   0.00118658            0
EndNode2[0]<--->HoM1[0]
REAL
   0.389831   0.0211512 -0.00708737     0.33638
  0.0211512    0.098063   0.0850289   0.0382527
-0.00708737   0.0850289    0.119855   0.0100141
    0.33638   0.0382527   0.0100141    0.392252
IMAGINARY
          0   0.0156213  0.00405769  -0.0136053
 -0.0156213           0 -0.00228709  0.00540177
-0.00405769  0.00228709           0    -0.01427
  0.0136053 -0.00540177     0.01427           0
Repeater1[0]<--->EndNode1[0]
REAL
   0.381127  0.00148026 0.000576895    0.327961
 0.00148026    0.112745   0.0786176   -0.012419
0.000576895   0.0786176    0.126225  -0.0172697
   0.327961   -0.012419  -0.0172697    0.379902
IMAGINARY
           0  -0.00494558   0.00249892  0.000665765
  0.00494558            0  -0.00133691  -0.00118658
 -0.00249892   0.00133691            0  -0.00555311
-0.000665765   0.00118658   0.00555311            0
Repeater1[0]<--->HoM1[0]
REAL
   0.389831 -0.00708737   0.0211512     0.33638
-0.00708737    0.119855   0.0850289   0.0100141
  0.0211512   0.0850289    0.098063   0.0382527
    0.33638   0.0100141   0.0382527    0.392252
IMAGINARY
          0  0.00405769   0.0156213  -0.0136053
-0.00405769           0  0.00228709    -0.01427
 -0.0156213 -0.00228709           0  0.00540177
  0.0136053     0.01427 -0.00540177           0
EndNode1[0]<--->Repeater1[0]
REAL
  0.364662  0.0143452  0.0117237   0.338638
 0.0143452   0.142857  0.0713746  0.0117237
 0.0117237  0.0713746   0.115288 0.00783478
  0.338638  0.0117237 0.00783478   0.377193
IMAGINARY
          0  -0.0082536 -0.00920512  0.00132069
  0.0082536           0  0.00382069   -0.012534
 0.00920512 -0.00382069           0  0.00697483
-0.00132069    0.012534 -0.00697483           0
EndNode2[0]<--->HoM1[0]
REAL
    0.372208  -0.00496711   0.00321335     0.333148
 -0.00496711     0.119107    0.0881019 -0.000713351
  0.00321335    0.0881019     0.141439  -0.00628289
    0.333148 -0.000713351  -0.00628289     0.367246
IMAGINARY
          0   0.0110644  -0.0136328    0.005625
 -0.0110644           0   -0.005625  0.00636724
  0.0136328    0.005625           0   -0.023614
  -0.005625 -0.00636724    0.023614           0
Repeater1[0]<--->EndNode1[0]
REAL
  0.364662  0.0117237  0.0143452   0.338638
 0.0117237   0.115288  0.0713746 0.00783478
 0.0143452  0.0713746   0.142857  0.0117237
  0.338638 0.00783478  0.0117237   0.377193
IMAGINARY
          0 -0.00920512  -0.0082536  0.00132069
 0.00920512           0 -0.00382069  0.00697483
  0.0082536  0.00382069           0   -0.012534
-0.00132069 -0.00697483    0.012534           0
Repeater1[0]<--->HoM1[0]
REAL
    0.372208   0.00321335  -0.00496711     0.333148
  0.00321335     0.141439    0.0881019  -0.00628289
 -0.00496711    0.0881019     0.119107 -0.000713351
    0.333148  -0.00628289 -0.000713351     0.367246
IMAGINARY
          0  -0.0136328   0.0110644    0.005625
  0.0136328           0    0.005625   -0.023614
 -0.0110644   -0.005625           0  0.00636724
  -0.005625    0.023614 -0.00636724           0
EndNode1[0]<--->Repeater1[0]
REAL
  0.401325 -0.0244841 -0.0028989   0.313056
-0.0244841   0.123179   0.102667 0.00352783
-0.0028989   0.102667   0.117881  0.0112766
  0.313056 0.00352783  0.0112766   0.357616
IMAGINARY
           0  -0.00310778    0.0117035  -0.00033031
  0.00310778            0    -0.021248 -1.52192e-05
  -0.0117035     0.021248            0    0.0134974
  0.00033031  1.52192e-05   -0.0134974            0
EndNode2[0]<--->HoM1[0]
REAL
   0.367268  0.00746674  0.00859743    0.335481
 0.00746674    0.139175   0.0802277 -0.00795886
 0.00859743   0.0802277    0.115979 -0.00171961
   0.335481 -0.00795886 -0.00171961    0.377577
IMAGINARY
           0  0.000885787  -0.00826203   0.00938834
-0.000885787            0    -0.020413   0.00640789
  0.00826203     0.020413            0    0.0158015
 -0.00938834  -0.00640789   -0.0158015            0
Repeater1[0]<--->EndNode1[0]
REAL
  0.401325 -0.0028989 -0.0244841   0.313056
-0.0028989   0.117881   0.102667  0.0112766
-0.0244841   0.102667   0.123179 0.00352783
  0.313056  0.0112766 0.00352783   0.357616
IMAGINARY
           0    0.0117035  -0.00310778  -0.00033031
  -0.0117035            0     0.021248    0.0134974
  0.00310778    -0.021248            0 -1.52192e-05
  0.00033031   -0.0134974  1.52192e-05            0
Repeater1[0]<--->HoM1[0]
REAL
   0.367268  0.00859743  0.00746674    0.335481
 0.00859743    0.115979   0.0802277 -0.00171961
 0.00746674   0.0802277    0.139175 -0.00795886
   0.335481 -0.00171961 -0.00795886    0.377577
IMAGINARY
           0  -0.00826203  0.000885787   0.00938834
  0.00826203            0     0.020413    0.0158015
-0.000885787    -0.020413            0   0.00640789
 -0.00938834   -0.0158015  -0.00640789            0
EndNode1[0]<--->Repeater1[0]
REAL
   0.394366   -0.016453  -0.0244377    0.357095
  -0.016453    0.120359   0.0749566   0.0013608
 -0.0244377   0.0749566    0.119078 -0.00534188
   0.357095   0.0013608 -0.00534188    0.366197
IMAGINARY
          0  -0.0140843  -0.0171236  0.00783867
  0.0140843           0   0.0161613   0.0137406
  0.0171236  -0.0161613           0  0.00258232
-0.00783867  -0.0137406 -0.00258232           0
EndNode2[0]<--->HoM1[0]
REAL
   0.404467 -0.00935152  -0.0185644    0.334768
-0.00935152    0.112903   0.0835487  -0.0185644
 -0.0185644   0.0835487    0.112903  -0.0228267
   0.334768  -0.0185644  -0.0228267    0.369727
IMAGINARY
          0 -0.00248389  -0.0043775 -0.00897656
 0.00248389           0  -0.0129873  0.00681653
  0.0043775   0.0129873           0 -0.00971123
 0.00897656 -0.00681653  0.00971123           0
Repeater1[0]<--->EndNode1[0]
REAL
   0.394366  -0.0244377   -0.016453    0.357095
 -0.0244377    0.119078   0.0749566 -0.00534188
  -0.016453   0.0749566    0.120359   0.0013608
   0.357095 -0.00534188   0.0013608    0.366197
IMAGINARY
          0  -0.0171236  -0.0140843  0.00783867
  0.0171236           0  -0.0161613  0.00258232
  0.0140843   0.0161613           0   0.0137406
-0.00783867 -0.00258232  -0.0137406           0
Repeater1[0]<--->HoM1[0]
REAL
   0.404467  -0.0185644 -0.00935152    0.334768
 -0.0185644    0.112903   0.0835487  -0.0228267
-0.00935152   0.0835487    0.112903  -0.0185644
   0.334768  -0.0228267  -0.0185644    0.369727
IMAGINARY
          0  -0.0043775 -0.00248389 -0.00897656
  0.0043775           0   0.0129873 -0.00971123
 0.00248389  -0.0129873           0  0.00681653
 0.00897656  0.00971123 -0.00681653           0
EndNode1[0]<--->Repeater1[0]
REAL
      0.3775   -0.0105125   -0.0208929     0.323305
  -0.0105125      0.11125    0.0952235 -0.000789118
  -0.0208929    0.0952235       0.1175    -0.021682
    0.323305 -0.000789118    -0.021682      0.39375
IMAGINARY
          0    0.021897  -0.0236523 -0.00592837
  -0.021897           0   0.0117649   0.0064985
  0.0236523  -0.0117649           0   0.0105046
 0.00592837  -0.0064985  -0.0105046           0
EndNode2[0]<--->HoM1[0]
REAL
  0.380263  0.0121208  0.0092221    0.33392
 0.0121208   0.131579  0.0924755 -0.0130292
 0.0092221  0.0924755   0.131579 -0.0159279
   0.33392 -0.0130292 -0.0159279   0.356579
IMAGINARY
          0  0.00148572    0.012086   -0.011044
-0.00148572           0 -0.00243477  0.00882655
  -0.012086  0.00243477           0   0.0156245
   0.011044 -0.00882655  -0.0156245           0
Repeater1[0]<--->EndNode1[0]
REAL
