EndNode1[0]<--->Repeater1[0]
REAL
   0.291508  -0.0154078   0.0156064    0.029809
 -0.0154078    0.275032   0.0265915  0.00150385
  0.0156064   0.0265915      0.2218 -0.00296994
   0.029809  0.00150385 -0.00296994     0.21166
IMAGINARY
           0  -0.00844121  -0.00801042  6.46531e-05
  0.00844121            0   0.00197063   -0.0183731
  0.00801042  -0.00197063            0   0.00136271
-6.46531e-05    0.0183731  -0.00136271            0
EndNode2[0]<--->HoM1[0]
REAL
   0.286414 -0.00647528 -0.00519533   0.0343333
-0.00647528    0.253366   0.0111213  -0.0165438
-0.00519533   0.0111213    0.247246   0.0124041
  0.0343333  -0.0165438   0.0124041    0.212974
IMAGINARY
          0  0.00938839   -0.017855  0.00495411
-0.00938839           0   0.0121063   0.0109542
   0.017855  -0.0121063           0   0.0100595
-0.00495411  -0.0109542  -0.0100595           0
Repeater1[0]<--->EndNode1[0]
REAL
   0.291508   0.0156064  -0.0154078    0.029809
  0.0156064      0.2218   0.0265915 -0.00296994
 -0.0154078   0.0265915    0.275032  0.00150385
   0.029809 -0.00296994  0.00150385     0.21166
IMAGINARY
           0  -0.00801042  -0.00844121  6.46531e-05
  0.00801042            0  -0.00197063   0.00136271
  0.00844121   0.00197063            0   -0.0183731
-6.46531e-05  -0.00136271    0.0183731            0
Repeater1[0]<--->HoM1[0]
REAL
   0.286414 -0.00519533 -0.00647528   0.0343333
-0.00519533    0.247246   0.0111213   0.0124041
-0.00647528   0.0111213    0.253366  -0.0165438
  0.0343333   0.0124041  -0.0165438    0.212974
IMAGINARY
          0   -0.017855  0.00938839  0.00495411
   0.017855           0  -0.0121063   0.0100595
-0.00938839   0.0121063           0   0.0109542
-0.00495411  -0.0100595  -0.0109542           0
EndNode1[0]<--->Repeater1[0]
REAL
  0.269091  0.0201218 0.00536073  0.0420104
 0.0201218   0.292121  0.0113146  0.0203607
0.00536073  0.0113146   0.191515 -0.0169851
 0.0420104  0.0203607 -0.0169851   0.247273
IMAGINARY
          0 -0.00341424 -0.00732611   0.0126865
 0.00341424           0  -0.0220448   0.0189223
 0.00732611   0.0220448           0   0.0163747
 -0.0126865  -0.0189223  -0.0163747           0
EndNode2[0]<--->HoM1[0]
REAL
   0.277778  -0.0089658  -0.0048758   0.0308112
 -0.0089658    0.247475   0.0287422     0.01232
 -0.0048758   0.0287422    0.223485 -0.00468184
  0.0308112     0.01232 -0.00468184    0.251263
IMAGINARY
          0  -0.0229617 -0.00272747 -0.00870237
  0.0229617           0 -0.00803123 -0.00210012
 0.00272747  0.00803123           0  0.00709964
 0.00870237  0.00210012 -0.00709964           0
Repeater1[0]<--->EndNode1[0]
REAL
  0.269091 0.00536073  0.0201218  0.0420104
0.00536073   0.191515  0.0113146 -0.0169851
 0.0201218  0.0113146   0.292121  0.0203607
 0.0420104 -0.0169851  0.0203607   0.247273
IMAGINARY
          0 -0.00732611 -0.00341424   0.0126865
 0.00732611           0   0.0220448   0.0163747
 0.00341424  -0.0220448           0   0.0189223
 -0.0126865  -0.0163747  -0.0189223           0
Repeater1[0]<--->HoM1[0]
REAL
   0.277778  -0.0048758  -0.0089658   0.0308112
 -0.0048758    0.223485   0.0287422 -0.00468184
 -0.0089658   0.0287422    0.247475     0.01232
  0.0308112 -0.00468184     0.01232    0.251263
IMAGINARY
          0 -0.00272747  -0.0229617 -0.00870237
 0.00272747           0  0.00803123  0.00709964
  0.0229617 -0.00803123           0 -0.00210012
 0.00870237 -0.00709964  0.00210012           0
EndNode1[0]<--->Repeater1[0]
REAL
     0.30402   -0.0158901 -0.000355547    0.0538242
  -0.0158901     0.253769    0.0234009   0.00297335
-0.000355547    0.0234009     0.234925   0.00410995
   0.0538242   0.00297335   0.00410995     0.207286
IMAGINARY
          0  0.00290806   0.0104985  -0.0200836
-0.00290806           0  -0.0103512  -0.0210805
 -0.0104985   0.0103512           0  -0.0121673
  0.0200836   0.0210805   0.0121673           0
EndNode2[0]<--->HoM1[0]
REAL
   0.284404 0.000436252  -0.0132435    0.046948
0.000436252     0.23329   0.0514875  0.00476892
 -0.0132435   0.0514875    0.249017   0.0093421
   0.046948  0.00476892   0.0093421     0.23329
IMAGINARY
          0  0.00322413   0.0110815  -0.0018028
-0.00322413           0   0.0195426   0.0142104
 -0.0110815  -0.0195426           0 -0.00387264
  0.0018028  -0.0142104  0.00387264           0
Repeater1[0]<--->EndNode1[0]
REAL
     0.30402 -0.000355547   -0.0158901    0.0538242
-0.000355547     0.234925    0.0234009   0.00410995
  -0.0158901    0.0234009     0.253769   0.00297335
   0.0538242   0.00410995   0.00297335     0.207286
IMAGINARY
          0   0.0104985  0.00290806  -0.0200836
 -0.0104985           0   0.0103512  -0.0121673
-0.00290806  -0.0103512           0  -0.0210805
  0.0200836   0.0121673   0.0210805           0
Repeater1[0]<--->HoM1[0]
REAL
   0.284404  -0.0132435 0.000436252    0.046948
 -0.0132435    0.249017   0.0514875   0.0093421
0.000436252   0.0514875     0.23329  0.00476892
   0.046948   0.0093421  0.00476892     0.23329
IMAGINARY
          0   0.0110815  0.00322413  -0.0018028
 -0.0110815           0  -0.0195426 -0.00387264
-0.00322413   0.0195426           0   0.0142104
  0.0018028  0.00387264  -0.0142104           0
EndNode1[0]<--->Repeater1[0]
REAL
    0.280156 -0.000801217   -0.0111815     0.040391
-0.000801217     0.297017    0.0151646 -0.000951322
  -0.0111815    0.0151646      0.20882   -0.0189944
    0.040391 -0.000951322   -0.0189944     0.214008
IMAGINARY
          0   0.0210386 -0.00322668 -0.00915907
 -0.0210386           0   0.0148916 -0.00130113
 0.00322668  -0.0148916           0  -0.0100425
 0.00915907  0.00130113   0.0100425           0
EndNode2[0]<--->HoM1[0]
REAL
  0.273515 0.00647348  0.0135924  0.0135947
0.00647348       0.25  0.0303283 -0.0214143
 0.0135924  0.0303283   0.252475 -0.0203122
 0.0135947 -0.0214143 -0.0203122    0.22401
IMAGINARY
          0  0.00619122  -0.0033698   0.0155903
-0.00619122           0 -0.00214948  -0.0321054
  0.0033698  0.00214948           0   -0.013554
 -0.0155903   0.0321054    0.013554           0
Repeater1[0]<--->EndNode1[0]
REAL
    0.280156   -0.0111815 -0.000801217     0.040391
  -0.0111815      0.20882    0.0151646   -0.0189944
-0.000801217    0.0151646     0.297017 -0.000951322
    0.040391   -0.0189944 -0.000951322     0.214008
IMAGINARY
          0 -0.00322668   0.0210386 -0.00915907
 0.00322668           0  -0.0148916  -0.0100425
 -0.0210386   0.0148916           0 -0.00130113
 0.00915907   0.0100425  0.00130113           0
Repeater1[0]<--->HoM1[0]
REAL
  0.273515  0.0135924 0.00647348  0.0135947
 0.0135924   0.252475  0.0303283 -0.0203122
0.00647348  0.0303283       0.25 -0.0214143
 0.0135947 -0.0203122 -0.0214143    0.22401
IMAGINARY
          0  -0.0033698  0.00619122   0.0155903
  0.0033698           0  0.00214948   -0.013554
-0.00619122 -0.00214948           0  -0.0321054
 -0.0155903    0.013554   0.0321054           0
EndNode1[0]<--->Repeater1[0]
REAL
   0.262383 -0.00974843   0.0034996   0.0268297
-0.00974843    0.240964  0.00147214  0.00845009
  0.0034996  0.00147214    0.246319 -0.00974843
  0.0268297  0.00845009 -0.00974843    0.250335
IMAGINARY
          0   0.0091236  -0.0104289   0.0163402
 -0.0091236           0  0.00556704 -0.00712638
  0.0104289 -0.00556704           0   0.0123328
 -0.0163402  0.00712638  -0.0123328           0
EndNode2[0]<--->HoM1[0]
REAL
   0.293383   -0.036551 -0.00435556   0.0414381
  -0.036551    0.258427  0.00365473  0.00700808
-0.00435556  0.00365473    0.228464 -0.00191051
  0.0414381  0.00700808 -0.00191051    0.219725
IMAGINARY
          0  0.00756759 -0.00456632  -0.0125897
-0.00756759           0  0.00874359  0.00204743
 0.00456632 -0.00874359           0  0.00880521
  0.0125897 -0.00204743 -0.00880521           0
Repeater1[0]<--->EndNode1[0]
REAL
   0.262383   0.0034996 -0.00974843   0.0268297
  0.0034996    0.246319  0.00147214 -0.00974843
-0.00974843  0.00147214    0.240964  0.00845009
  0.0268297 -0.00974843  0.00845009    0.250335
IMAGINARY
          0  -0.0104289   0.0091236   0.0163402
  0.0104289           0 -0.00556704   0.0123328
 -0.0091236  0.00556704           0 -0.00712638
 -0.0163402  -0.0123328  0.00712638           0
Repeater1[0]<--->HoM1[0]
REAL
   0.293383 -0.00435556   -0.036551   0.0414381
-0.00435556    0.228464  0.00365473 -0.00191051
  -0.036551  0.00365473    0.258427  0.00700808
  0.0414381 -0.00191051  0.00700808    0.219725
IMAGINARY
          0 -0.00456632  0.00756759  -0.0125897
 0.00456632           0 -0.00874359  0.00880521
-0.00756759  0.00874359           0  0.00204743
  0.0125897 -0.00880521 -0.00204743           0
