EndNode1[0]<--->Repeater1[0]
REAL
   0.289053  0.00337308  0.00901835   0.0197548
 0.00337308    0.263223 -0.00911655 0.000290166
 0.00901835 -0.00911655    0.214022  0.00859501
  0.0197548 0.000290166  0.00859501    0.233702
IMAGINARY
          0  0.00808905  -0.0141783  0.00404069
-0.00808905           0 -0.00752744   0.0076166
  0.0141783  0.00752744           0   0.0129083
-0.00404069  -0.0076166  -0.0129083           0
EndNode2[0]<--->HoM1[0]
REAL
   0.293827 -0.00389692   0.0189589   0.0362496
-0.00389692    0.235802  0.00979454  -0.0105283
  0.0189589  0.00979454    0.240741 -0.00842474
  0.0362496  -0.0105283 -0.00842474     0.22963
IMAGINARY
          0 -0.00757198 -0.00862795  -0.0275529
 0.00757198           0   0.0222479   0.0178872
 0.00862795  -0.0222479           0   0.0115402
  0.0275529  -0.0178872  -0.0115402           0
Repeater1[0]<--->EndNode1[0]
REAL
   0.289053  0.00901835  0.00337308   0.0197548
 0.00901835    0.214022 -0.00911655  0.00859501
 0.00337308 -0.00911655    0.263223 0.000290166
  0.0197548  0.00859501 0.000290166    0.233702
IMAGINARY
          0  -0.0141783  0.00808905  0.00404069
  0.0141783           0  0.00752744   0.0129083
-0.00808905 -0.00752744           0   0.0076166
-0.00404069  -0.0129083  -0.0076166           0
Repeater1[0]<--->HoM1[0]
REAL
   0.293827   0.0189589 -0.00389692   0.0362496
  0.0189589    0.240741  0.00979454 -0.00842474
-0.00389692  0.00979454    0.235802  -0.0105283
  0.0362496 -0.00842474  -0.0105283     0.22963
IMAGINARY
          0 -0.00862795 -0.00757198  -0.0275529
 0.00862795           0  -0.0222479   0.0115402
 0.00757198   0.0222479           0   0.0178872
  0.0275529  -0.0115402  -0.0178872           0
EndNode1[0]<--->Repeater1[0]
REAL
   0.258974 -0.00188918  -0.0111261   0.0224058
-0.00188918    0.283333  0.00800786  -0.0229371
 -0.0111261  0.00800786    0.228205  -0.0102763
  0.0224058  -0.0229371  -0.0102763    0.229487
IMAGINARY
           0   0.00424492   -0.0218544 -0.000882971
 -0.00424492            0    0.0176355    -0.012177
   0.0218544   -0.0176355            0    0.0180064
 0.000882971     0.012177   -0.0180064            0
EndNode2[0]<--->HoM1[0]
REAL
  0.262274 0.00256818  0.0391112  0.0260451
0.00256818   0.262274 0.00797284  -0.023065
 0.0391112 0.00797284   0.226098 -0.0109122
 0.0260451  -0.023065 -0.0109122   0.249354
IMAGINARY
           0  0.000562857   0.00904079   -0.0295871
-0.000562857            0   -0.0185981    -0.001678
 -0.00904079    0.0185981            0   0.00813862
   0.0295871     0.001678  -0.00813862            0
Repeater1[0]<--->EndNode1[0]
REAL
   0.258974  -0.0111261 -0.00188918   0.0224058
 -0.0111261    0.228205  0.00800786  -0.0102763
-0.00188918  0.00800786    0.283333  -0.0229371
  0.0224058  -0.0102763  -0.0229371    0.229487
IMAGINARY
           0   -0.0218544   0.00424492 -0.000882971
   0.0218544            0   -0.0176355    0.0180064
 -0.00424492    0.0176355            0    -0.012177
 0.000882971   -0.0180064     0.012177            0
Repeater1[0]<--->HoM1[0]
REAL
  0.262274  0.0391112 0.00256818  0.0260451
 0.0391112   0.226098 0.00797284 -0.0109122
0.00256818 0.00797284   0.262274  -0.023065
 0.0260451 -0.0109122  -0.023065   0.249354
IMAGINARY
           0   0.00904079  0.000562857   -0.0295871
 -0.00904079            0    0.0185981   0.00813862
-0.000562857   -0.0185981            0    -0.001678
   0.0295871  -0.00813862     0.001678            0
EndNode1[0]<--->Repeater1[0]
REAL
   0.281211  -0.0170555   0.0207988     0.01692
 -0.0170555    0.245902   0.0354844 -0.00538573
  0.0207988   0.0354844    0.235813  0.00410852
    0.01692 -0.00538573  0.00410852    0.237074
IMAGINARY
          0  0.00280942  0.00288124  0.00278849
-0.00280942           0   0.0365816    0.009495
-0.00288124  -0.0365816           0  0.00090345
-0.00278849   -0.009495 -0.00090345           0
EndNode2[0]<--->HoM1[0]
REAL
   0.279793 -0.00661787  -0.0111339   0.0362369
-0.00661787    0.242228   0.0121925  0.00458938
 -0.0111339   0.0121925    0.243523   0.0118535
  0.0362369  0.00458938   0.0118535    0.234456
IMAGINARY
          0 -0.00395718 -0.00550016   0.0103238
 0.00395718           0 -0.00705585  -0.0173112
 0.00550016  0.00705585           0  -0.0102228
 -0.0103238   0.0173112   0.0102228           0
Repeater1[0]<--->EndNode1[0]
REAL
   0.281211   0.0207988  -0.0170555     0.01692
  0.0207988    0.235813   0.0354844  0.00410852
 -0.0170555   0.0354844    0.245902 -0.00538573
    0.01692  0.00410852 -0.00538573    0.237074
IMAGINARY
          0  0.00288124  0.00280942  0.00278849
-0.00288124           0  -0.0365816  0.00090345
-0.00280942   0.0365816           0    0.009495
-0.00278849 -0.00090345   -0.009495           0
Repeater1[0]<--->HoM1[0]
REAL
   0.279793  -0.0111339 -0.00661787   0.0362369
 -0.0111339    0.243523   0.0121925   0.0118535
-0.00661787   0.0121925    0.242228  0.00458938
  0.0362369   0.0118535  0.00458938    0.234456
IMAGINARY
          0 -0.00550016 -0.00395718   0.0103238
 0.00550016           0  0.00705585  -0.0102228
 0.00395718 -0.00705585           0  -0.0173112
 -0.0103238   0.0102228   0.0173112           0
EndNode1[0]<--->Repeater1[0]
REAL
    0.303112   0.00646665   -0.0156468    0.0362994
  0.00646665     0.266576    0.0312361 -0.000940898
  -0.0156468    0.0312361     0.217862    0.0160452
   0.0362994 -0.000940898    0.0160452     0.212449
IMAGINARY
          0  -0.0123352  0.00697166  -0.0119281
  0.0123352           0  -0.0264299 -0.00064255
-0.00697166   0.0264299           0   0.0148669
  0.0119281  0.00064255  -0.0148669           0
EndNode2[0]<--->HoM1[0]
REAL
  0.309042 -0.0107379 0.00690671  0.0347828
-0.0107379   0.230769 0.00984846 -0.0153155
0.00690671 0.00984846   0.241565 -0.0131949
 0.0347828 -0.0153155 -0.0131949   0.218623
IMAGINARY
          0   0.0246659   0.0126919  0.00531442
 -0.0246659           0  0.00795992 -0.00481786
 -0.0126919 -0.00795992           0  0.00420552
-0.00531442  0.00481786 -0.00420552           0
Repeater1[0]<--->EndNode1[0]
REAL
    0.303112   -0.0156468   0.00646665    0.0362994
  -0.0156468     0.217862    0.0312361    0.0160452
  0.00646665    0.0312361     0.266576 -0.000940898
   0.0362994    0.0160452 -0.000940898     0.212449
IMAGINARY
          0  0.00697166  -0.0123352  -0.0119281
-0.00697166           0   0.0264299   0.0148669
  0.0123352  -0.0264299           0 -0.00064255
  0.0119281  -0.0148669  0.00064255           0
Repeater1[0]<--->HoM1[0]
REAL
  0.309042 0.00690671 -0.0107379  0.0347828
0.00690671   0.241565 0.00984846 -0.0131949
-0.0107379 0.00984846   0.230769 -0.0153155
 0.0347828 -0.0131949 -0.0153155   0.218623
IMAGINARY
          0   0.0126919   0.0246659  0.00531442
 -0.0126919           0 -0.00795992  0.00420552
 -0.0246659  0.00795992           0 -0.00481786
-0.00531442 -0.00420552  0.00481786           0
EndNode1[0]<--->Repeater1[0]
REAL
   0.306343  0.00481386 -0.00482381     0.04008
 0.00481386    0.276653   0.0447529 -0.00417362
-0.00482381   0.0447529    0.197031 -0.00481386
    0.04008 -0.00417362 -0.00481386    0.219973
IMAGINARY
           0  -0.00599452   -0.0124692   0.00300785
  0.00599452            0  -0.00432711 -0.000214338
   0.0124692   0.00432711            0     0.029359
 -0.00300785  0.000214338    -0.029359            0
EndNode2[0]<--->HoM1[0]
REAL
  0.290365 -0.0154923  0.0136419  0.0420765
-0.0154923   0.214844  0.0427336 0.00281384
 0.0136419  0.0427336    0.24349 0.00663157
 0.0420765 0.00281384 0.00663157   0.251302
IMAGINARY
           0  -0.00475402   0.00550395   -0.0133595
  0.00475402            0   -0.0091273  -0.00747504
 -0.00550395    0.0091273            0  0.000154812
   0.0133595   0.00747504 -0.000154812            0
Repeater1[0]<--->EndNode1[0]
REAL
   0.306343 -0.00482381  0.00481386     0.04008
-0.00482381    0.197031   0.0447529 -0.00481386
 0.00481386   0.0447529    0.276653 -0.00417362
    0.04008 -0.00481386 -0.00417362    0.219973
IMAGINARY
           0   -0.0124692  -0.00599452   0.00300785
   0.0124692            0   0.00432711     0.029359
  0.00599452  -0.00432711            0 -0.000214338
 -0.00300785    -0.029359  0.000214338            0
Repeater1[0]<--->HoM1[0]
REAL
  0.290365  0.0136419 -0.0154923  0.0420765
 0.0136419    0.24349  0.0427336 0.00663157
-0.0154923  0.0427336   0.214844 0.00281384
 0.0420765 0.00663157 0.00281384   0.251302
IMAGINARY
           0   0.00550395  -0.00475402   -0.0133595
 -0.00550395            0    0.0091273  0.000154812
  0.00475402   -0.0091273            0  -0.00747504
   0.0133595 -0.000154812   0.00747504            0
