EndNode1[0]<--->Repeater1[0]
REAL
    0.27551   0.0032494 -0.00125313   0.0139682
  0.0032494    0.258929   0.0261321  -0.0112782
-0.00125313   0.0261321    0.252551 -0.00450254
  0.0139682  -0.0112782 -0.00450254     0.21301
IMAGINARY
           0    0.0120726  -0.00595534 -0.000952896
  -0.0120726            0    0.0191006   0.00915636
  0.00595534   -0.0191006            0    0.0180171
 0.000952896  -0.00915636   -0.0180171            0
EndNode2[0]<--->HoM1[0]
REAL
   0.294643  0.00592477 -0.00587467   0.0583257
 0.00592477    0.221939  0.00319262  0.00587467
-0.00587467  0.00319262    0.253827 0.000619731
  0.0583257  0.00587467 0.000619731    0.229592
IMAGINARY
          0 -0.00760456   0.0398863   -0.014498
 0.00760456           0 -0.00943472   0.0101771
 -0.0398863  0.00943472           0  0.00443599
   0.014498  -0.0101771 -0.00443599           0
Repeater1[0]<--->EndNode1[0]
REAL
    0.27551 -0.00125313   0.0032494   0.0139682
-0.00125313    0.252551   0.0261321 -0.00450254
  0.0032494   0.0261321    0.258929  -0.0112782
  0.0139682 -0.00450254  -0.0112782     0.21301
IMAGINARY
           0  -0.00595534    0.0120726 -0.000952896
  0.00595534            0   -0.0191006    0.0180171
  -0.0120726    0.0191006            0   0.00915636
 0.000952896   -0.0180171  -0.00915636            0
Repeater1[0]<--->HoM1[0]
REAL
   0.294643 -0.00587467  0.00592477   0.0583257
-0.00587467    0.253827  0.00319262 0.000619731
 0.00592477  0.00319262    0.221939  0.00587467
  0.0583257 0.000619731  0.00587467    0.229592
IMAGINARY
          0   0.0398863 -0.00760456   -0.014498
 -0.0398863           0  0.00943472  0.00443599
 0.00760456 -0.00943472           0   0.0101771
   0.014498 -0.00443599  -0.0101771           0
EndNode1[0]<--->Repeater1[0]
REAL
   0.305063  0.00786264   0.0050819   0.0170255
 0.00786264    0.251899    0.023764 -0.00639769
  0.0050819    0.023764    0.221519   0.0237163
  0.0170255 -0.00639769   0.0237163    0.221519
IMAGINARY
           0  -0.00858547  -0.00751974  -0.00902723
  0.00858547            0   -0.0102804 -0.000566515
  0.00751974    0.0102804            0   0.00319463
  0.00902723  0.000566515  -0.00319463            0
EndNode2[0]<--->HoM1[0]
REAL
   0.307222   0.0312918   0.0084019   0.0271476
  0.0312918    0.231334 -0.00806365 -0.00458511
  0.0084019 -0.00806365    0.235006  -0.0147523
  0.0271476 -0.00458511  -0.0147523    0.226438
IMAGINARY
          0   0.0057643   0.0032112   -0.024708
 -0.0057643           0  0.00898473  -0.0358616
 -0.0032112 -0.00898473           0  0.00768001
   0.024708   0.0358616 -0.00768001           0
Repeater1[0]<--->EndNode1[0]
REAL
   0.305063   0.0050819  0.00786264   0.0170255
  0.0050819    0.221519    0.023764   0.0237163
 0.00786264    0.023764    0.251899 -0.00639769
  0.0170255   0.0237163 -0.00639769    0.221519
IMAGINARY
           0  -0.00751974  -0.00858547  -0.00902723
  0.00751974            0    0.0102804   0.00319463
  0.00858547   -0.0102804            0 -0.000566515
  0.00902723  -0.00319463  0.000566515            0
Repeater1[0]<--->HoM1[0]
REAL
   0.307222   0.0084019   0.0312918   0.0271476
  0.0084019    0.235006 -0.00806365  -0.0147523
  0.0312918 -0.00806365    0.231334 -0.00458511
  0.0271476  -0.0147523 -0.00458511    0.226438
IMAGINARY
          0   0.0032112   0.0057643   -0.024708
 -0.0032112           0 -0.00898473  0.00768001
 -0.0057643  0.00898473           0  -0.0358616
   0.024708 -0.00768001   0.0358616           0
EndNode1[0]<--->Repeater1[0]
REAL
   0.278954  -0.0137101 -0.00598172   0.0170221
 -0.0137101    0.246575   0.0279444 -0.00408539
-0.00598172   0.0279444    0.230386   0.0130389
  0.0170221 -0.00408539   0.0130389    0.244085
IMAGINARY
          0   -0.028418  -0.0109336  -0.0191434
   0.028418           0  0.00901681 -0.00362949
  0.0109336 -0.00901681           0  -0.0140577
  0.0191434  0.00362949   0.0140577           0
EndNode2[0]<--->HoM1[0]
REAL
   0.324818   0.0187911 -0.00379179   0.0316012
  0.0187911    0.220195    0.018975   0.0210773
-0.00379179    0.018975    0.243309 -0.00534681
  0.0316012   0.0210773 -0.00534681    0.211679
IMAGINARY
          0   0.0139583 -0.00144334   0.0047538
 -0.0139583           0 -0.00410696    0.012807
 0.00144334  0.00410696           0  -0.0101704
 -0.0047538   -0.012807   0.0101704           0
Repeater1[0]<--->EndNode1[0]
REAL
   0.278954 -0.00598172  -0.0137101   0.0170221
-0.00598172    0.230386   0.0279444   0.0130389
 -0.0137101   0.0279444    0.246575 -0.00408539
  0.0170221   0.0130389 -0.00408539    0.244085
IMAGINARY
          0  -0.0109336   -0.028418  -0.0191434
  0.0109336           0 -0.00901681  -0.0140577
   0.028418  0.00901681           0 -0.00362949
  0.0191434   0.0140577  0.00362949           0
Repeater1[0]<--->HoM1[0]
REAL
   0.324818 -0.00379179   0.0187911   0.0316012
-0.00379179    0.243309    0.018975 -0.00534681
  0.0187911    0.018975    0.220195   0.0210773
  0.0316012 -0.00534681   0.0210773    0.211679
IMAGINARY
          0 -0.00144334   0.0139583   0.0047538
 0.00144334           0  0.00410696  -0.0101704
 -0.0139583 -0.00410696           0    0.012807
 -0.0047538   0.0101704   -0.012807           0
EndNode1[0]<--->Repeater1[0]
REAL
  0.282723 -0.0154373 0.00592824  0.0170533
-0.0154373    0.27356  0.0282818 -0.0105275
0.00592824  0.0282818   0.235602 0.00558183
 0.0170533 -0.0105275 0.00558183   0.208115
IMAGINARY
          0   0.0116506   0.0257489  0.00569676
 -0.0116506           0   0.0099495  0.00265273
 -0.0257489  -0.0099495           0  -0.0202371
-0.00569676 -0.00265273   0.0202371           0
EndNode2[0]<--->HoM1[0]
REAL
   0.306864  0.00219573 -0.00537634    0.024235
 0.00219573    0.254374   0.0402812 -0.00537634
-0.00537634   0.0402812    0.235532 -0.00219573
   0.024235 -0.00537634 -0.00219573     0.20323
IMAGINARY
          0  -0.0118619 -0.00711499  0.00322093
  0.0118619           0  0.00757958   0.0141753
 0.00711499 -0.00757958           0 -0.00803539
-0.00322093  -0.0141753  0.00803539           0
Repeater1[0]<--->EndNode1[0]
REAL
  0.282723 0.00592824 -0.0154373  0.0170533
0.00592824   0.235602  0.0282818 0.00558183
-0.0154373  0.0282818    0.27356 -0.0105275
 0.0170533 0.00558183 -0.0105275   0.208115
IMAGINARY
          0   0.0257489   0.0116506  0.00569676
 -0.0257489           0  -0.0099495  -0.0202371
 -0.0116506   0.0099495           0  0.00265273
-0.00569676   0.0202371 -0.00265273           0
Repeater1[0]<--->HoM1[0]
REAL
   0.306864 -0.00537634  0.00219573    0.024235
-0.00537634    0.235532   0.0402812 -0.00219573
 0.00219573   0.0402812    0.254374 -0.00537634
   0.024235 -0.00219573 -0.00537634     0.20323
IMAGINARY
          0 -0.00711499  -0.0118619  0.00322093
 0.00711499           0 -0.00757958 -0.00803539
  0.0118619  0.00757958           0   0.0141753
-0.00322093  0.00803539  -0.0141753           0
EndNode1[0]<--->Repeater1[0]
REAL
    0.309769    0.0185294 -4.08335e-05    0.0196445
   0.0185294     0.268638    0.0183914   -0.0213976
-4.08335e-05    0.0183914     0.228792   0.00705842
   0.0196445   -0.0213976   0.00705842     0.192802
IMAGINARY
          0  -0.0343389  -0.0109897  -0.0107198
  0.0343389           0  0.00226724  0.00221781
  0.0109897 -0.00226724           0  0.00301054
  0.0107198 -0.00221781 -0.00301054           0
EndNode2[0]<--->HoM1[0]
REAL
   0.278894 -0.00505597  -0.0144012   0.0430144
-0.00505597    0.252513   0.0163725  -0.0168887
 -0.0144012   0.0163725     0.23995 -0.00963113
  0.0430144  -0.0168887 -0.00963113    0.228643
IMAGINARY
          0 -0.00632469   0.0143342  0.00505333
 0.00632469           0   0.0110342  0.00487276
 -0.0143342  -0.0110342           0 -0.00296899
-0.00505333 -0.00487276  0.00296899           0
Repeater1[0]<--->EndNode1[0]
REAL
    0.309769 -4.08335e-05    0.0185294    0.0196445
-4.08335e-05     0.228792    0.0183914   0.00705842
   0.0185294    0.0183914     0.268638   -0.0213976
   0.0196445   0.00705842   -0.0213976     0.192802
IMAGINARY
          0  -0.0109897  -0.0343389  -0.0107198
  0.0109897           0 -0.00226724  0.00301054
  0.0343389  0.00226724           0  0.00221781
  0.0107198 -0.00301054 -0.00221781           0
Repeater1[0]<--->HoM1[0]
REAL
   0.278894  -0.0144012 -0.00505597   0.0430144
 -0.0144012     0.23995   0.0163725 -0.00963113
-0.00505597   0.0163725    0.252513  -0.0168887
  0.0430144 -0.00963113  -0.0168887    0.228643
IMAGINARY
          0   0.0143342 -0.00632469  0.00505333
 -0.0143342           0  -0.0110342 -0.00296899
 0.00632469   0.0110342           0  0.00487276
-0.00505333  0.00296899 -0.00487276           0
