EndNode1[0]<--->Repeater1[0]
REAL
   0.302326   0.0062903   0.0259204   0.0338237
  0.0062903    0.239018   0.0091089 -0.00544488
  0.0259204   0.0091089    0.224806 -0.00959281
  0.0338237 -0.00544488 -0.00959281     0.23385
IMAGINARY
          0  0.00961505   0.0014693  0.00495809
-0.00961505           0  0.00932763  0.00550155
 -0.0014693 -0.00932763           0  0.00242551
-0.00495809 -0.00550155 -0.00242551           0
EndNode2[0]<--->HoM1[0]
REAL
  0.267905  0.0122879 -0.0205725  0.0249911
 0.0122879   0.254642  0.0134704   0.018681
-0.0205725  0.0134704   0.237401  0.0236516
 0.0249911   0.018681  0.0236516   0.240053
IMAGINARY
           0  -0.00510074  0.000535384   0.00801664
  0.00510074            0   -0.0107414    0.0225061
-0.000535384    0.0107414            0     -0.00642
 -0.00801664   -0.0225061      0.00642            0
Repeater1[0]<--->EndNode1[0]
REAL
   0.302326   0.0259204   0.0062903   0.0338237
  0.0259204    0.224806   0.0091089 -0.00959281
  0.0062903   0.0091089    0.239018 -0.00544488
  0.0338237 -0.00959281 -0.00544488     0.23385
IMAGINARY
          0   0.0014693  0.00961505  0.00495809
 -0.0014693           0 -0.00932763  0.00242551
-0.00961505  0.00932763           0  0.00550155
-0.00495809 -0.00242551 -0.00550155           0
Repeater1[0]<--->HoM1[0]
REAL
  0.267905 -0.0205725  0.0122879  0.0249911
-0.0205725   0.237401  0.0134704  0.0236516
 0.0122879  0.0134704   0.254642   0.018681
 0.0249911  0.0236516   0.018681   0.240053
IMAGINARY
           0  0.000535384  -0.00510074   0.00801664
-0.000535384            0    0.0107414     -0.00642
  0.00510074   -0.0107414            0    0.0225061
 -0.00801664      0.00642   -0.0225061            0
EndNode1[0]<--->Repeater1[0]
REAL
   0.298527  0.00409293 -0.00507782    0.014763
 0.00409293    0.232932   0.0359985    0.010154
-0.00507782   0.0359985    0.226238  0.00859743
   0.014763    0.010154  0.00859743    0.242303
IMAGINARY
          0  0.00483448  0.00902977  0.00421724
-0.00483448           0  -0.0302655 -0.00709927
-0.00902977   0.0302655           0  0.00739203
-0.00421724  0.00709927 -0.00739203           0
EndNode2[0]<--->HoM1[0]
REAL
   0.289125 -0.00430193  0.00189133   0.0290614
-0.00430193    0.217507   0.0162737  -0.0209452
 0.00189133   0.0162737    0.258621  -0.0121238
  0.0290614  -0.0209452  -0.0121238    0.234748
IMAGINARY
          0   0.0150631  -0.0149771  -0.0038117
 -0.0150631           0  0.00627475  -0.0182709
  0.0149771 -0.00627475           0  0.00667602
  0.0038117   0.0182709 -0.00667602           0
Repeater1[0]<--->EndNode1[0]
REAL
   0.298527 -0.00507782  0.00409293    0.014763
-0.00507782    0.226238   0.0359985  0.00859743
 0.00409293   0.0359985    0.232932    0.010154
   0.014763  0.00859743    0.010154    0.242303
IMAGINARY
          0  0.00902977  0.00483448  0.00421724
-0.00902977           0   0.0302655  0.00739203
-0.00483448  -0.0302655           0 -0.00709927
-0.00421724 -0.00739203  0.00709927           0
Repeater1[0]<--->HoM1[0]
REAL
   0.289125  0.00189133 -0.00430193   0.0290614
 0.00189133    0.258621   0.0162737  -0.0121238
-0.00430193   0.0162737    0.217507  -0.0209452
  0.0290614  -0.0121238  -0.0209452    0.234748
IMAGINARY
          0  -0.0149771   0.0150631  -0.0038117
  0.0149771           0 -0.00627475  0.00667602
 -0.0150631  0.00627475           0  -0.0182709
  0.0038117 -0.00667602   0.0182709           0
EndNode1[0]<--->Repeater1[0]
REAL
   0.294723 -0.00484769  0.00923334   0.0272595
-0.00484769    0.250965  0.00310489  0.00358717
 0.00923334  0.00310489    0.213642  0.00417293
  0.0272595  0.00358717  0.00417293    0.240669
IMAGINARY
          0 -0.00584489 -0.00121948   0.0166807
 0.00584489           0 -0.00460958 -0.00965009
 0.00121948  0.00460958           0 -0.00985559
 -0.0166807  0.00965009  0.00985559           0
EndNode2[0]<--->HoM1[0]
REAL
   0.279129   0.0126201  -0.0248458   0.0328571
  0.0126201    0.253521     0.01045 -0.00796264
 -0.0248458     0.01045    0.235595 -0.00868313
  0.0328571 -0.00796264 -0.00868313    0.231754
IMAGINARY
           0  0.000937559   0.00257629    0.0137723
-0.000937559            0    0.0112598   0.00190515
 -0.00257629   -0.0112598            0  -0.00413858
  -0.0137723  -0.00190515   0.00413858            0
Repeater1[0]<--->EndNode1[0]
REAL
   0.294723  0.00923334 -0.00484769   0.0272595
 0.00923334    0.213642  0.00310489  0.00417293
-0.00484769  0.00310489    0.250965  0.00358717
  0.0272595  0.00417293  0.00358717    0.240669
IMAGINARY
          0 -0.00121948 -0.00584489   0.0166807
 0.00121948           0  0.00460958 -0.00985559
 0.00584489 -0.00460958           0 -0.00965009
 -0.0166807  0.00985559  0.00965009           0
Repeater1[0]<--->HoM1[0]
REAL
   0.279129  -0.0248458   0.0126201   0.0328571
 -0.0248458    0.235595     0.01045 -0.00868313
  0.0126201     0.01045    0.253521 -0.00796264
  0.0328571 -0.00868313 -0.00796264    0.231754
IMAGINARY
           0   0.00257629  0.000937559    0.0137723
 -0.00257629            0   -0.0112598  -0.00413858
-0.000937559    0.0112598            0   0.00190515
  -0.0137723   0.00413858  -0.00190515            0
EndNode1[0]<--->Repeater1[0]
REAL
    0.297189 -0.000591398    0.0180388    0.0402604
-0.000591398      0.26506   0.00812671  -0.00190974
   0.0180388   0.00812671     0.226238   -0.0128495
   0.0402604  -0.00190974   -0.0128495     0.211513
IMAGINARY
           0    0.0141029  -0.00841516  -0.00600959
  -0.0141029            0  -0.00289626 -0.000582266
  0.00841516   0.00289626            0    0.0128893
  0.00600959  0.000582266   -0.0128893            0
EndNode2[0]<--->HoM1[0]
REAL
   0.280313  0.00418526  0.00956758   0.0476628
 0.00418526    0.230769   0.0219413   0.0102281
 0.00956758   0.0219413    0.247718 -0.00354669
  0.0476628   0.0102281 -0.00354669    0.241199
IMAGINARY
          0  0.00629775 -0.00607247 -0.00793658
-0.00629775           0 -0.00363154 -0.00208311
 0.00607247  0.00363154           0  0.00436725
 0.00793658  0.00208311 -0.00436725           0
Repeater1[0]<--->EndNode1[0]
REAL
    0.297189    0.0180388 -0.000591398    0.0402604
   0.0180388     0.226238   0.00812671   -0.0128495
-0.000591398   0.00812671      0.26506  -0.00190974
   0.0402604   -0.0128495  -0.00190974     0.211513
IMAGINARY
           0  -0.00841516    0.0141029  -0.00600959
  0.00841516            0   0.00289626    0.0128893
  -0.0141029  -0.00289626            0 -0.000582266
  0.00600959   -0.0128893  0.000582266            0
Repeater1[0]<--->HoM1[0]
REAL
   0.280313  0.00956758  0.00418526   0.0476628
 0.00956758    0.247718   0.0219413 -0.00354669
 0.00418526   0.0219413    0.230769   0.0102281
  0.0476628 -0.00354669   0.0102281    0.241199
IMAGINARY
          0 -0.00607247  0.00629775 -0.00793658
 0.00607247           0  0.00363154  0.00436725
-0.00629775 -0.00363154           0 -0.00208311
 0.00793658 -0.00436725  0.00208311           0
EndNode1[0]<--->Repeater1[0]
REAL
   0.296855  0.00158314 -0.00394968   0.0533462
 0.00158314    0.261635   0.0202774  0.00971152
-0.00394968   0.0202774    0.198742  0.00545911
  0.0533462  0.00971152  0.00545911    0.242767
IMAGINARY
          0 -0.00174722   0.0145129 -0.00100581
 0.00174722           0 -0.00679731  -0.0118674
 -0.0145129  0.00679731           0  0.00571547
 0.00100581   0.0118674 -0.00571547           0
EndNode2[0]<--->HoM1[0]
REAL
   0.285369 -0.00913411  -0.0013796   0.0337815
-0.00913411    0.221282   0.0256054   0.0147896
 -0.0013796   0.0256054     0.23821   0.0212669
  0.0337815   0.0147896   0.0212669    0.255139
IMAGINARY
           0 -0.000505376  -0.00540731    0.0195348
 0.000505376            0   -0.0084851  -0.00276879
  0.00540731    0.0084851            0    0.0124551
  -0.0195348   0.00276879   -0.0124551            0
Repeater1[0]<--->EndNode1[0]
REAL
   0.296855 -0.00394968  0.00158314   0.0533462
-0.00394968    0.198742   0.0202774  0.00545911
 0.00158314   0.0202774    0.261635  0.00971152
  0.0533462  0.00545911  0.00971152    0.242767
IMAGINARY
          0   0.0145129 -0.00174722 -0.00100581
 -0.0145129           0  0.00679731  0.00571547
 0.00174722 -0.00679731           0  -0.0118674
 0.00100581 -0.00571547   0.0118674           0
Repeater1[0]<--->HoM1[0]
REAL
   0.285369  -0.0013796 -0.00913411   0.0337815
 -0.0013796     0.23821   0.0256054   0.0212669
-0.00913411   0.0256054    0.221282   0.0147896
  0.0337815   0.0212669   0.0147896    0.255139
IMAGINARY
           0  -0.00540731 -0.000505376    0.0195348
  0.00540731            0    0.0084851    0.0124551
 0.000505376   -0.0084851            0  -0.00276879
  -0.0195348   -0.0124551   0.00276879            0
