EndNode1[0]<--->Repeater1[0]
REAL
   0.446707   0.0142762  0.00498008    0.289325
  0.0142762    0.051497 -0.00446413  0.00498008
 0.00498008 -0.00446413    0.039521   0.0142762
   0.289325  0.00498008   0.0142762    0.462275
IMAGINARY
           0   -0.0246311    0.0341027   0.00774257
   0.0246311            0  6.99329e-05    0.0124811
  -0.0341027 -6.99329e-05            0   -0.0120149
 -0.00774257   -0.0124811    0.0120149            0
EndNode2[0]<--->HoM1[0]
REAL
    0.43254 -0.00974698   0.0156901    0.309974
-0.00974698   0.0304233   0.0104719  0.00331385
  0.0156901   0.0104719   0.0449735 -0.00401449
   0.309974  0.00331385 -0.00401449    0.492063
IMAGINARY
          0  -0.0110994    0.016903  0.00513348
  0.0110994           0  -0.0112393   0.0322876
  -0.016903   0.0112393           0  -0.0343552
-0.00513348  -0.0322876   0.0343552           0
Repeater1[0]<--->EndNode1[0]
REAL
   0.446707  0.00498008   0.0142762    0.289325
 0.00498008    0.039521 -0.00446413   0.0142762
  0.0142762 -0.00446413    0.051497  0.00498008
   0.289325   0.0142762  0.00498008    0.462275
IMAGINARY
           0    0.0341027   -0.0246311   0.00774257
  -0.0341027            0 -6.99329e-05   -0.0120149
   0.0246311  6.99329e-05            0    0.0124811
 -0.00774257    0.0120149   -0.0124811            0
Repeater1[0]<--->HoM1[0]
REAL
    0.43254   0.0156901 -0.00974698    0.309974
  0.0156901   0.0449735   0.0104719 -0.00401449
-0.00974698   0.0104719   0.0304233  0.00331385
   0.309974 -0.00401449  0.00331385    0.492063
IMAGINARY
          0    0.016903  -0.0110994  0.00513348
  -0.016903           0   0.0112393  -0.0343552
  0.0110994  -0.0112393           0   0.0322876
-0.00513348   0.0343552  -0.0322876           0
EndNode1[0]<--->Repeater1[0]
REAL
   0.476427  0.00188464  -0.0100442    0.290364
 0.00188464   0.0409429 -0.00108698  0.00380975
 -0.0100442 -0.00108698   0.0322581 0.000609128
   0.290364  0.00380975 0.000609128    0.450372
IMAGINARY
          0  0.00744774   0.0209087  -0.0166923
-0.00744774           0   0.0187003   0.0114747
 -0.0209087  -0.0187003           0  -0.0333545
  0.0166923  -0.0114747   0.0333545           0
EndNode2[0]<--->HoM1[0]
REAL
   0.477394  -0.0167109   0.0314533     0.26803
 -0.0167109   0.0385638  -0.0192324 -0.00981869
  0.0314533  -0.0192324   0.0478723 -0.00612562
    0.26803 -0.00981869 -0.00612562     0.43617
IMAGINARY
           0    0.0238193   -0.0260119 -0.000219069
  -0.0238193            0  -0.00352158   -0.0173485
   0.0260119   0.00352158            0     0.012766
 0.000219069    0.0173485    -0.012766            0
Repeater1[0]<--->EndNode1[0]
REAL
   0.476427  -0.0100442  0.00188464    0.290364
 -0.0100442   0.0322581 -0.00108698 0.000609128
 0.00188464 -0.00108698   0.0409429  0.00380975
   0.290364 0.000609128  0.00380975    0.450372
IMAGINARY
          0   0.0209087  0.00744774  -0.0166923
 -0.0209087           0  -0.0187003  -0.0333545
-0.00744774   0.0187003           0   0.0114747
  0.0166923   0.0333545  -0.0114747           0
Repeater1[0]<--->HoM1[0]
REAL
   0.477394   0.0314533  -0.0167109     0.26803
  0.0314533   0.0478723  -0.0192324 -0.00612562
 -0.0167109  -0.0192324   0.0385638 -0.00981869
    0.26803 -0.00612562 -0.00981869     0.43617
IMAGINARY
           0   -0.0260119    0.0238193 -0.000219069
   0.0260119            0   0.00352158     0.012766
  -0.0238193  -0.00352158            0   -0.0173485
 0.000219069    -0.012766    0.0173485            0
EndNode1[0]<--->Repeater1[0]
REAL
   0.449553   0.0072341 -0.00821979    0.297618
  0.0072341   0.0561941  -0.0029073   0.0182954
-0.00821979  -0.0029073   0.0344828  -0.0160502
   0.297618   0.0182954  -0.0160502     0.45977
IMAGINARY
          0  -0.0102625 -0.00522938 -0.00101488
  0.0102625           0  0.00101488   0.0144157
 0.00522938 -0.00101488           0 -0.00417319
 0.00101488  -0.0144157  0.00417319           0
EndNode2[0]<--->HoM1[0]
REAL
   0.453846 -0.00430434  0.00603977    0.299633
-0.00430434   0.0384615   0.0118725 0.000692176
 0.00603977   0.0118725   0.0538462  0.00124436
   0.299633 0.000692176  0.00124436    0.453846
IMAGINARY
          0   0.0100469  0.00722446  -0.0131991
 -0.0100469           0 -0.00309813   0.0031922
-0.00722446  0.00309813           0 -0.00353651
  0.0131991  -0.0031922  0.00353651           0
Repeater1[0]<--->EndNode1[0]
REAL
   0.449553 -0.00821979   0.0072341    0.297618
-0.00821979   0.0344828  -0.0029073  -0.0160502
  0.0072341  -0.0029073   0.0561941   0.0182954
   0.297618  -0.0160502   0.0182954     0.45977
IMAGINARY
          0 -0.00522938  -0.0102625 -0.00101488
 0.00522938           0 -0.00101488 -0.00417319
  0.0102625  0.00101488           0   0.0144157
 0.00101488  0.00417319  -0.0144157           0
Repeater1[0]<--->HoM1[0]
REAL
   0.453846  0.00603977 -0.00430434    0.299633
 0.00603977   0.0538462   0.0118725  0.00124436
-0.00430434   0.0118725   0.0384615 0.000692176
   0.299633  0.00124436 0.000692176    0.453846
IMAGINARY
          0  0.00722446   0.0100469  -0.0131991
-0.00722446           0  0.00309813 -0.00353651
 -0.0100469 -0.00309813           0   0.0031922
  0.0131991  0.00353651  -0.0031922           0
EndNode1[0]<--->Repeater1[0]
REAL
   0.465718 -0.00138476   -0.021677    0.286783
-0.00138476   0.0375162   0.0147148 -0.00516445
  -0.021677   0.0147148   0.0517464   0.0107481
   0.286783 -0.00516445   0.0107481    0.445019
IMAGINARY
          0   0.0255022 -0.00968104  -0.0008353
 -0.0255022           0  0.00597669  -0.0133756
 0.00968104 -0.00597669           0 -0.00376306
  0.0008353   0.0133756  0.00376306           0
EndNode2[0]<--->HoM1[0]
REAL
   0.438339  0.00790798   0.0109822    0.297635
 0.00790798    0.041514 -0.00038802   -0.022872
  0.0109822 -0.00038802    0.042735 -0.00978533
   0.297635   -0.022872 -0.00978533    0.477411
IMAGINARY
          0   0.0108215  -0.0142619  -0.0149122
 -0.0108215           0   0.0229468 -0.00127486
  0.0142619  -0.0229468           0  0.00330275
  0.0149122  0.00127486 -0.00330275           0
Repeater1[0]<--->EndNode1[0]
REAL
   0.465718   -0.021677 -0.00138476    0.286783
  -0.021677   0.0517464   0.0147148   0.0107481
-0.00138476   0.0147148   0.0375162 -0.00516445
   0.286783   0.0107481 -0.00516445    0.445019
IMAGINARY
          0 -0.00968104   0.0255022  -0.0008353
 0.00968104           0 -0.00597669 -0.00376306
 -0.0255022  0.00597669           0  -0.0133756
  0.0008353  0.00376306   0.0133756           0
Repeater1[0]<--->HoM1[0]
REAL
   0.438339   0.0109822  0.00790798    0.297635
  0.0109822    0.042735 -0.00038802 -0.00978533
 0.00790798 -0.00038802    0.041514   -0.022872
   0.297635 -0.00978533   -0.022872    0.477411
IMAGINARY
          0  -0.0142619   0.0108215  -0.0149122
  0.0142619           0  -0.0229468  0.00330275
 -0.0108215   0.0229468           0 -0.00127486
  0.0149122 -0.00330275  0.00127486           0
EndNode1[0]<--->Repeater1[0]
REAL
   0.461638  -0.0146772  0.00767173    0.288739
 -0.0146772   0.0494148   0.0197994 -0.00961222
 0.00767173   0.0197994   0.0520156   0.0204987
   0.288739 -0.00961222   0.0204987    0.436931
IMAGINARY
          0   0.0104139 -0.00663908  -0.0113912
 -0.0104139           0  0.00289449 -0.00598719
 0.00663908 -0.00289449           0  0.00600026
  0.0113912  0.00598719 -0.00600026           0
EndNode2[0]<--->HoM1[0]
REAL
   0.461022  -0.0034607  -0.0108016    0.307185
 -0.0034607   0.0282258    0.012714  -0.0244628
 -0.0108016    0.012714   0.0510753 -0.00787432
   0.307185  -0.0244628 -0.00787432    0.459677
IMAGINARY
          0  0.00116102 -0.00262793 -0.00876834
-0.00116102           0 -0.00551737  -0.0045836
 0.00262793  0.00551737           0   0.0168678
 0.00876834   0.0045836  -0.0168678           0
Repeater1[0]<--->EndNode1[0]
REAL
   0.461638  0.00767173  -0.0146772    0.288739
 0.00767173   0.0520156   0.0197994   0.0204987
 -0.0146772   0.0197994   0.0494148 -0.00961222
   0.288739   0.0204987 -0.00961222    0.436931
IMAGINARY
          0 -0.00663908   0.0104139  -0.0113912
 0.00663908           0 -0.00289449  0.00600026
 -0.0104139  0.00289449           0 -0.00598719
  0.0113912 -0.00600026  0.00598719           0
Repeater1[0]<--->HoM1[0]
REAL
   0.461022  -0.0108016  -0.0034607    0.307185
 -0.0108016   0.0510753    0.012714 -0.00787432
 -0.0034607    0.012714   0.0282258  -0.0244628
   0.307185 -0.00787432  -0.0244628    0.459677
IMAGINARY
          0 -0.00262793  0.00116102 -0.00876834
 0.00262793           0  0.00551737   0.0168678
-0.00116102 -0.00551737           0  -0.0045836
 0.00876834  -0.0168678   0.0045836           0
EndNode1[0]<--->Repeater1[0]
REAL
   0.455569  0.00406984  0.00953035    0.294742
 0.00406984   0.0400501 0.000624574 -0.00116484
 0.00953035 0.000624574   0.0425532   0.0133047
   0.294742 -0.00116484   0.0133047    0.461827
IMAGINARY
           0   -0.0285992    0.0111642    0.0176797
   0.0285992            0  0.000992465   0.00929618
  -0.0111642 -0.000992465            0    0.0119751
  -0.0176797  -0.00929618   -0.0119751            0
EndNode2[0]<--->HoM1[0]
REAL
    0.471867     0.017752  -0.00229401     0.295066
    0.017752    0.0370844    0.0132245 -0.000296668
 -0.00229401    0.0132245    0.0319693   -0.0125706
    0.295066 -0.000296668   -0.0125706     0.459079
IMAGINARY
           0   -0.0101811  -0.00950273  0.000691229
   0.0101811            0   -0.0147218  -0.00626019
  0.00950273    0.0147218            0  -0.00558186
-0.000691229   0.00626019   0.00558186            0
Repeater1[0]<--->EndNode1[0]
REAL
   0.455569  0.00953035  0.00406984    0.294742
 0.00953035   0.0425532 0.000624574   0.0133047
 0.00406984 0.000624574   0.0400501 -0.00116484
   0.294742   0.0133047 -0.00116484    0.461827
IMAGINARY
           0    0.0111642   -0.0285992    0.0176797
  -0.0111642            0 -0.000992465    0.0119751
   0.0285992  0.000992465            0   0.00929618
  -0.0176797   -0.0119751  -0.00929618            0
Repeater1[0]<--->HoM1[0]
REAL
    0.471867  -0.00229401     0.017752     0.295066
 -0.00229401    0.0319693    0.0132245   -0.0125706
    0.017752    0.0132245    0.0370844 -0.000296668
    0.295066   -0.0125706 -0.000296668     0.459079
IMAGINARY
           0  -0.00950273   -0.0101811  0.000691229
  0.00950273            0    0.0147218  -0.00558186
   0.0101811   -0.0147218            0  -0.00626019
-0.000691229   0.00558186   0.00626019            0
EndNode1[0]<--->Repeater1[0]
REAL
   0.439783   0.0238088 -0.00945853    0.316381
  0.0238088   0.0405954 -0.00691776   0.0107373
-0.00945853 -0.00691776   0.0405954  0.00688173
   0.316381   0.0107373  0.00688173    0.479026
IMAGINARY
          0   0.0136497  -0.0190226 -0.00753506
 -0.0136497           0  -0.0173134 -0.00584648
  0.0190226   0.0173134           0   0.0203817
 0.00753506  0.00584648  -0.0203817           0
EndNode2[0]<--->HoM1[0]
REAL
    0.464238 -0.000562823    0.0169263     0.303019
-0.000562823    0.0337382    0.0196854   -0.0130998
   0.0169263    0.0196854    0.0377868  -0.00709024
    0.303019   -0.0130998  -0.00709024     0.464238
IMAGINARY
          0   0.0036729  -0.0022428  0.00283019
 -0.0036729           0  0.00283019   0.0124992
  0.0022428 -0.00283019           0   0.0104297
-0.00283019  -0.0124992  -0.0104297           0
Repeater1[0]<--->EndNode1[0]
REAL
   0.439783 -0.00945853   0.0238088    0.316381
-0.00945853   0.0405954 -0.00691776  0.00688173
  0.0238088 -0.00691776   0.0405954   0.0107373
   0.316381  0.00688173   0.0107373    0.479026
IMAGINARY
          0  -0.0190226   0.0136497 -0.00753506
  0.0190226           0   0.0173134   0.0203817
 -0.0136497  -0.0173134           0 -0.00584648
 0.00753506  -0.0203817  0.00584648           0
Repeater1[0]<--->HoM1[0]
REAL
    0.464238    0.0169263 -0.000562823     0.303019
   0.0169263    0.0377868    0.0196854  -0.00709024
-0.000562823    0.0196854    0.0337382   -0.0130998
    0.303019  -0.00709024   -0.0130998     0.464238
IMAGINARY
          0  -0.0022428   0.0036729  0.00283019
  0.0022428           0 -0.00283019   0.0104297
 -0.0036729  0.00283019           0   0.0124992
-0.00283019  -0.0104297  -0.0124992           0
EndNode1[0]<--->Repeater1[0]
REAL
    0.45083   0.0140775   0.0148138    0.306263
  0.0140775   0.0306513   0.0247404 -0.00782525
  0.0148138   0.0247404   0.0446999  0.00942946
   0.306263 -0.00782525  0.00942946    0.473819
IMAGINARY
          0  0.00161171 -0.00901865  -0.0118826
-0.00161171           0 -0.00924412  0.00964287
 0.00901865  0.00924412           0   0.0314719
  0.0118826 -0.00964287  -0.0314719           0
EndNode2[0]<--->HoM1[0]
REAL
   0.481707 -0.00325827  0.00756217    0.287379
-0.00325827   0.0414634   0.0459543 -0.00371602
 0.00756217   0.0459543   0.0365854  0.00710442
   0.287379 -0.00371602  0.00710442    0.440244
IMAGINARY
          0  0.00974269  0.00562799  -0.0066903
-0.00974269           0  0.00474981   0.0102031
-0.00562799 -0.00474981           0  -0.0123812
  0.0066903  -0.0102031   0.0123812           0
Repeater1[0]<--->EndNode1[0]
REAL
    0.45083   0.0148138   0.0140775    0.306263
  0.0148138   0.0446999   0.0247404  0.00942946
  0.0140775   0.0247404   0.0306513 -0.00782525
   0.306263  0.00942946 -0.00782525    0.473819
IMAGINARY
          0 -0.00901865  0.00161171  -0.0118826
 0.00901865           0  0.00924412   0.0314719
-0.00161171 -0.00924412           0  0.00964287
  0.0118826  -0.0314719 -0.00964287           0
Repeater1[0]<--->HoM1[0]
REAL
   0.481707  0.00756217 -0.00325827    0.287379
 0.00756217   0.0365854   0.0459543  0.00710442
-0.00325827   0.0459543   0.0414634 -0.00371602
   0.287379  0.00710442 -0.00371602    0.440244
IMAGINARY
          0  0.00562799  0.00974269  -0.0066903
-0.00562799           0 -0.00474981  -0.0123812
-0.00974269  0.00474981           0   0.0102031
  0.0066903   0.0123812  -0.0102031           0
EndNode1[0]<--->Repeater1[0]
REAL
    0.46301   0.0103154  0.00699092     0.29274
  0.0103154   0.0306122   0.0269744 -0.00634241
 0.00699092   0.0269744   0.0459184  0.00719431
    0.29274 -0.00634241  0.00719431    0.460459
IMAGINARY
          0  -0.0156693  0.00772284  0.00526825
  0.0156693           0  -0.0194071  0.00707768
-0.00772284   0.0194071           0  -0.0068532
-0.00526825 -0.00707768   0.0068532           0
EndNode2[0]<--->HoM1[0]
REAL
   0.455882 -0.00665953   0.0107796    0.297506
-0.00665953   0.0467914  -0.0173554 -0.00072935
  0.0107796  -0.0173554   0.0387701   0.0154535
   0.297506 -0.00072935   0.0154535    0.458556
IMAGINARY
          0 -0.00362319   0.0162467   0.0192381
 0.00362319           0  0.00457143  0.00768279
 -0.0162467 -0.00457143           0  0.00362319
 -0.0192381 -0.00768279 -0.00362319           0
Repeater1[0]<--->EndNode1[0]
REAL
    0.46301  0.00699092   0.0103154     0.29274
 0.00699092   0.0459184   0.0269744  0.00719431
  0.0103154   0.0269744   0.0306122 -0.00634241
    0.29274  0.00719431 -0.00634241    0.460459
IMAGINARY
          0  0.00772284  -0.0156693  0.00526825
-0.00772284           0   0.0194071  -0.0068532
  0.0156693  -0.0194071           0  0.00707768
-0.00526825   0.0068532 -0.00707768           0
Repeater1[0]<--->HoM1[0]
REAL
   0.455882   0.0107796 -0.00665953    0.297506
  0.0107796   0.0387701  -0.0173554   0.0154535
-0.00665953  -0.0173554   0.0467914 -0.00072935
   0.297506   0.0154535 -0.00072935    0.458556
IMAGINARY
          0   0.0162467 -0.00362319   0.0192381
 -0.0162467           0 -0.00457143  0.00362319
 0.00362319  0.00457143           0  0.00768279
 -0.0192381 -0.00362319 -0.00768279           0
EndNode1[0]<--->Repeater1[0]
REAL
     0.4843   0.0218451  0.00621583    0.301521
  0.0218451   0.0398551 -0.00565939 -0.00414686
 0.00621583 -0.00565939   0.0338164 -0.00874166
   0.301521 -0.00414686 -0.00874166    0.442029
IMAGINARY
          0     0.00625  -0.0137841   0.0239698
   -0.00625           0  0.00846593  -0.0101521
  0.0137841 -0.00846593           0  0.00837766
 -0.0239698   0.0101521 -0.00837766           0
EndNode2[0]<--->HoM1[0]
REAL
  0.460296 0.00593219  -0.012987   0.300542
0.00593219  0.0484522 0.00573359  0.0123049
 -0.012987 0.00573359  0.0309556  0.0179423
  0.300542  0.0123049  0.0179423   0.460296
IMAGINARY
           0 -0.000785758  -0.00660074   -0.0199893
 0.000785758            0   0.00876073    0.0133993
  0.00660074  -0.00876073            0   -0.0183737
   0.0199893   -0.0133993    0.0183737            0
Repeater1[0]<--->EndNode1[0]
REAL
     0.4843  0.00621583   0.0218451    0.301521
 0.00621583   0.0338164 -0.00565939 -0.00874166
  0.0218451 -0.00565939   0.0398551 -0.00414686
   0.301521 -0.00874166 -0.00414686    0.442029
IMAGINARY
          0  -0.0137841     0.00625   0.0239698
  0.0137841           0 -0.00846593  0.00837766
   -0.00625  0.00846593           0  -0.0101521
 -0.0239698 -0.00837766   0.0101521           0
Repeater1[0]<--->HoM1[0]
REAL
  0.460296  -0.012987 0.00593219   0.300542
 -0.012987  0.0309556 0.00573359  0.0179423
0.00593219 0.00573359  0.0484522  0.0123049
  0.300542  0.0179423  0.0123049   0.460296
IMAGINARY
           0  -0.00660074 -0.000785758   -0.0199893
  0.00660074            0  -0.00876073   -0.0183737
 0.000785758   0.00876073            0    0.0133993
   0.0199893    0.0183737   -0.0133993            0
EndNode1[0]<--->Repeater1[0]
REAL
   0.417582   0.0109347 -0.00625944    0.305563
  0.0109347    0.035409 -0.00383933 -0.00359278
-0.00625944 -0.00383933    0.039072  0.00261207
   0.305563 -0.00359278  0.00261207    0.507937
IMAGINARY
          0  -0.0372467   0.0243126   0.0105389
  0.0372467           0   0.0151021 -0.00207627
 -0.0243126  -0.0151021           0  0.00484516
 -0.0105389  0.00207627 -0.00484516           0
EndNode2[0]<--->HoM1[0]
REAL
    0.46375   0.0274522   0.0199647    0.309672
  0.0274522     0.04375  -0.0056723 -0.00396474
  0.0199647  -0.0056723        0.05  -0.0047855
   0.309672 -0.00396474  -0.0047855      0.4425
IMAGINARY
          0 -0.00655432  -0.0134642 -0.00890955
 0.00655432           0 -0.00631888 -0.00018988
  0.0134642  0.00631888           0 -0.00319861
 0.00890955  0.00018988  0.00319861           0
Repeater1[0]<--->EndNode1[0]
REAL
   0.417582 -0.00625944   0.0109347    0.305563
-0.00625944    0.039072 -0.00383933  0.00261207
  0.0109347 -0.00383933    0.035409 -0.00359278
   0.305563  0.00261207 -0.00359278    0.507937
IMAGINARY
          0   0.0243126  -0.0372467   0.0105389
 -0.0243126           0  -0.0151021  0.00484516
  0.0372467   0.0151021           0 -0.00207627
 -0.0105389 -0.00484516  0.00207627           0
Repeater1[0]<--->HoM1[0]
REAL
    0.46375   0.0199647   0.0274522    0.309672
  0.0199647        0.05  -0.0056723  -0.0047855
  0.0274522  -0.0056723     0.04375 -0.00396474
   0.309672  -0.0047855 -0.00396474      0.4425
IMAGINARY
          0  -0.0134642 -0.00655432 -0.00890955
  0.0134642           0  0.00631888 -0.00319861
 0.00655432 -0.00631888           0 -0.00018988
 0.00890955  0.00319861  0.00018988           0
EndNode1[0]<--->Repeater1[0]
REAL
    0.444872   -0.0065377  -0.00360754     0.293821
  -0.0065377    0.0512821    0.0185978   0.00813535
 -0.00360754    0.0185978    0.0384615 -0.000577435
    0.293821   0.00813535 -0.000577435     0.465385
IMAGINARY
           0   -0.0156857 -0.000807139 -0.000363221
   0.0156857            0   0.00721254    0.0180485
 0.000807139  -0.00721254            0    -0.014327
 0.000363221   -0.0180485     0.014327            0
EndNode2[0]<--->HoM1[0]
REAL
   0.469136 -0.00978978 -0.00292588    0.306691
-0.00978978   0.0345679  0.00215147 -0.00292588
-0.00292588  0.00215147   0.0333333 -0.00776549
   0.306691 -0.00292588 -0.00776549    0.462963
IMAGINARY
          0   0.0128825  -0.0193472  0.00352113
 -0.0128825           0  0.00352113  -0.0140702
  0.0193472 -0.00352113           0  0.00666356
-0.00352113   0.0140702 -0.00666356           0
Repeater1[0]<--->EndNode1[0]
REAL
    0.444872  -0.00360754   -0.0065377     0.293821
 -0.00360754    0.0384615    0.0185978 -0.000577435
  -0.0065377    0.0185978    0.0512821   0.00813535
    0.293821 -0.000577435   0.00813535     0.465385
IMAGINARY
           0 -0.000807139   -0.0156857 -0.000363221
 0.000807139            0  -0.00721254    -0.014327
   0.0156857   0.00721254            0    0.0180485
 0.000363221     0.014327   -0.0180485            0
Repeater1[0]<--->HoM1[0]
REAL
   0.469136 -0.00292588 -0.00978978    0.306691
-0.00292588   0.0333333  0.00215147 -0.00776549
-0.00978978  0.00215147   0.0345679 -0.00292588
   0.306691 -0.00776549 -0.00292588    0.462963
IMAGINARY
          0  -0.0193472   0.0128825  0.00352113
  0.0193472           0 -0.00352113  0.00666356
 -0.0128825  0.00352113           0  -0.0140702
-0.00352113 -0.00666356   0.0140702           0
EndNode1[0]<--->Repeater1[0]
REAL
  0.457862 0.00345331 0.00732728   0.306633
0.00345331  0.0427673 0.00228469 0.00350075
0.00732728 0.00228469  0.0465409 0.00482694
  0.306633 0.00350075 0.00482694    0.45283
IMAGINARY
          0 -0.00926496    0.014736  0.00362047
 0.00926496           0   0.0369538   0.0121182
  -0.014736  -0.0369538           0   -0.018868
-0.00362047  -0.0121182    0.018868           0
EndNode2[0]<--->HoM1[0]
REAL
   0.482412  -0.0301831 -0.00162545    0.294467
 -0.0301831   0.0364322   0.0175437  -0.0114294
-0.00162545   0.0175437   0.0452261  0.00146247
   0.294467  -0.0114294  0.00146247     0.43593
IMAGINARY
          0  -0.0018129   0.0112069  -0.0122265
  0.0018129           0   -0.003861 -0.00607866
 -0.0112069    0.003861           0  -0.0161358
  0.0122265  0.00607866   0.0161358           0
Repeater1[0]<--->EndNode1[0]
REAL
  0.457862 0.00732728 0.00345331   0.306633
0.00732728  0.0465409 0.00228469 0.00482694
0.00345331 0.00228469  0.0427673 0.00350075
  0.306633 0.00482694 0.00350075    0.45283
IMAGINARY
          0    0.014736 -0.00926496  0.00362047
  -0.014736           0  -0.0369538   -0.018868
 0.00926496   0.0369538           0   0.0121182
-0.00362047    0.018868  -0.0121182           0
Repeater1[0]<--->HoM1[0]
REAL
   0.482412 -0.00162545  -0.0301831    0.294467
-0.00162545   0.0452261   0.0175437  0.00146247
 -0.0301831   0.0175437   0.0364322  -0.0114294
   0.294467  0.00146247  -0.0114294     0.43593
IMAGINARY
          0   0.0112069  -0.0018129  -0.0122265
 -0.0112069           0    0.003861  -0.0161358
  0.0018129   -0.003861           0 -0.00607866
  0.0122265   0.0161358  0.00607866           0
EndNode1[0]<--->Repeater1[0]
REAL
   0.470588  0.00455108   0.0085887    0.297782
 0.00455108   0.0374332 -0.00013191  -0.0177271
  0.0085887 -0.00013191   0.0334225  -0.0149949
   0.297782  -0.0177271  -0.0149949    0.458556
IMAGINARY
          0   0.0181466  0.00220401   0.0204928
 -0.0181466           0   -0.023097  -0.0289315
-0.00220401    0.023097           0  0.00466954
 -0.0204928   0.0289315 -0.00466954           0
EndNode2[0]<--->HoM1[0]
REAL
   0.443599 0.000422753  -0.0092219    0.278676
0.000422753   0.0544994    0.014208  0.00604528
 -0.0092219    0.014208   0.0380228   0.0154603
   0.278676  0.00604528   0.0154603    0.463878
IMAGINARY
           0   -0.0107197   -0.0170524    0.0247305
   0.0107197            0 -0.000495848   -0.0118844
   0.0170524  0.000495848            0    0.0140845
  -0.0247305    0.0118844   -0.0140845            0
Repeater1[0]<--->EndNode1[0]
REAL
   0.470588   0.0085887  0.00455108    0.297782
  0.0085887   0.0334225 -0.00013191  -0.0149949
 0.00455108 -0.00013191   0.0374332  -0.0177271
   0.297782  -0.0149949  -0.0177271    0.458556
IMAGINARY
          0  0.00220401   0.0181466   0.0204928
-0.00220401           0    0.023097  0.00466954
 -0.0181466   -0.023097           0  -0.0289315
 -0.0204928 -0.00466954   0.0289315           0
Repeater1[0]<--->HoM1[0]
REAL
   0.443599  -0.0092219 0.000422753    0.278676
 -0.0092219   0.0380228    0.014208   0.0154603
0.000422753    0.014208   0.0544994  0.00604528
   0.278676   0.0154603  0.00604528    0.463878
IMAGINARY
           0   -0.0170524   -0.0107197    0.0247305
   0.0170524            0  0.000495848    0.0140845
   0.0107197 -0.000495848            0   -0.0118844
  -0.0247305   -0.0140845    0.0118844            0
EndNode1[0]<--->Repeater1[0]
REAL
   0.437656  0.00128443  -0.0115317    0.309131
 0.00128443   0.0386534  0.00153586 0.000865014
 -0.0115317  0.00153586   0.0361596  -0.0199511
   0.309131 0.000865014  -0.0199511    0.487531
IMAGINARY
           0  -0.00631809    0.0159001 -0.000506329
  0.00631809            0   -0.0194937   -0.0146343
  -0.0159001    0.0194937            0  -0.00507431
 0.000506329    0.0146343   0.00507431            0
EndNode2[0]<--->HoM1[0]
REAL
    0.518373 -0.000662965    -0.013407     0.300806
-0.000662965    0.0249344  -0.00185734   0.00223752
   -0.013407  -0.00185734    0.0367454  -0.00130813
    0.300806   0.00223752  -0.00130813     0.419948
IMAGINARY
           0    0.0122759  -0.00262437     0.019026
  -0.0122759            0  0.000556294    0.0159416
  0.00262437 -0.000556294            0   0.00709456
   -0.019026   -0.0159416  -0.00709456            0
Repeater1[0]<--->EndNode1[0]
REAL
   0.437656  -0.0115317  0.00128443    0.309131
 -0.0115317   0.0361596  0.00153586  -0.0199511
 0.00128443  0.00153586   0.0386534 0.000865014
   0.309131  -0.0199511 0.000865014    0.487531
IMAGINARY
           0    0.0159001  -0.00631809 -0.000506329
  -0.0159001            0    0.0194937  -0.00507431
  0.00631809   -0.0194937            0   -0.0146343
 0.000506329   0.00507431    0.0146343            0
Repeater1[0]<--->HoM1[0]
REAL
    0.518373    -0.013407 -0.000662965     0.300806
   -0.013407    0.0367454  -0.00185734  -0.00130813
-0.000662965  -0.00185734    0.0249344   0.00223752
    0.300806  -0.00130813   0.00223752     0.419948
IMAGINARY
           0  -0.00262437    0.0122759     0.019026
  0.00262437            0 -0.000556294   0.00709456
  -0.0122759  0.000556294            0    0.0159416
   -0.019026  -0.00709456   -0.0159416            0
EndNode1[0]<--->Repeater1[0]
REAL
   0.463158   -0.014331  0.00620576    0.305283
  -0.014331   0.0486842  0.00146142 -0.00815129
 0.00620576  0.00146142   0.0381579   0.0266526
   0.305283 -0.00815129   0.0266526        0.45
IMAGINARY
          0   0.0117441  -0.0146323  -0.0152333
 -0.0117441           0  -0.0139545  -0.0165779
  0.0146323   0.0139545           0  0.00927499
  0.0152333   0.0165779 -0.00927499           0
EndNode2[0]<--->HoM1[0]
REAL
   0.471924   0.0131812   0.0179153    0.299595
  0.0131812   0.0310633  0.00735475  0.00460727
  0.0179153  0.00735475    0.051374 -0.00867671
   0.299595  0.00460727 -0.00867671    0.445639
IMAGINARY
          0  -0.0121717  0.00661449  0.00795756
  0.0121717           0  0.00795756  0.00402381
-0.00661449 -0.00795756           0  -0.0159885
-0.00795756 -0.00402381   0.0159885           0
Repeater1[0]<--->EndNode1[0]
REAL
   0.463158  0.00620576   -0.014331    0.305283
 0.00620576   0.0381579  0.00146142   0.0266526
  -0.014331  0.00146142   0.0486842 -0.00815129
   0.305283   0.0266526 -0.00815129        0.45
IMAGINARY
          0  -0.0146323   0.0117441  -0.0152333
  0.0146323           0   0.0139545  0.00927499
 -0.0117441  -0.0139545           0  -0.0165779
  0.0152333 -0.00927499   0.0165779           0
Repeater1[0]<--->HoM1[0]
REAL
   0.471924   0.0179153   0.0131812    0.299595
  0.0179153    0.051374  0.00735475 -0.00867671
  0.0131812  0.00735475   0.0310633  0.00460727
   0.299595 -0.00867671  0.00460727    0.445639
IMAGINARY
          0  0.00661449  -0.0121717  0.00795756
-0.00661449           0 -0.00795756  -0.0159885
  0.0121717  0.00795756           0  0.00402381
-0.00795756   0.0159885 -0.00402381           0
EndNode1[0]<--->Repeater1[0]
REAL
   0.474018  -0.0054878  -0.0211236    0.282812
 -0.0054878   0.0430925   0.0208469 -0.00814465
 -0.0211236   0.0208469   0.0392902  -0.0054878
   0.282812 -0.00814465  -0.0054878    0.443599
IMAGINARY
           0  0.000604597    0.0198188   0.00175808
-0.000604597            0   0.00783096    -0.014781
  -0.0198188  -0.00783096            0  -0.00438293
 -0.00175808     0.014781   0.00438293            0
EndNode2[0]<--->HoM1[0]
REAL
   0.471789 -0.00678676 -0.00809753    0.304962
-0.00678676   0.0384154 -0.00106636  -0.0100843
-0.00809753 -0.00106636   0.0408163  0.00289066
   0.304962  -0.0100843  0.00289066     0.44898
IMAGINARY
           0   0.00891039   0.00797237  -0.00267876
 -0.00891039            0 -6.09625e-05  0.000546631
 -0.00797237  6.09625e-05            0    0.0114042
  0.00267876 -0.000546631   -0.0114042            0
Repeater1[0]<--->EndNode1[0]
REAL
   0.474018  -0.0211236  -0.0054878    0.282812
 -0.0211236   0.0392902   0.0208469  -0.0054878
 -0.0054878   0.0208469   0.0430925 -0.00814465
   0.282812  -0.0054878 -0.00814465    0.443599
IMAGINARY
           0    0.0198188  0.000604597   0.00175808
  -0.0198188            0  -0.00783096  -0.00438293
-0.000604597   0.00783096            0    -0.014781
 -0.00175808   0.00438293     0.014781            0
Repeater1[0]<--->HoM1[0]
REAL
   0.471789 -0.00809753 -0.00678676    0.304962
-0.00809753   0.0408163 -0.00106636  0.00289066
-0.00678676 -0.00106636   0.0384154  -0.0100843
   0.304962  0.00289066  -0.0100843     0.44898
IMAGINARY
           0   0.00797237   0.00891039  -0.00267876
 -0.00797237            0  6.09625e-05    0.0114042
 -0.00891039 -6.09625e-05            0  0.000546631
  0.00267876   -0.0114042 -0.000546631            0
EndNode1[0]<--->Repeater1[0]
REAL
    0.444751  -0.00253132  -0.00771711     0.292478
 -0.00253132    0.0469613    0.0129078    0.0083291
 -0.00771711    0.0129078    0.0414365 -0.000528653
    0.292478    0.0083291 -0.000528653     0.466851
IMAGINARY
           0    0.0168357    0.0137769   -0.0173856
  -0.0168357            0  0.000992125  -0.00705645
  -0.0137769 -0.000992125            0   -0.0128035
   0.0173856   0.00705645    0.0128035            0
EndNode2[0]<--->HoM1[0]
REAL
   0.450065   0.0123188   0.0138455    0.301712
  0.0123188   0.0466926   0.0226119    -0.01016
  0.0138455   0.0226119   0.0272374 -0.00249079
   0.301712    -0.01016 -0.00249079    0.476005
IMAGINARY
           0  -0.00217494  0.000210921    0.0238317
  0.00217494            0  -0.00307696    0.0156621
-0.000210921   0.00307696            0   -0.0229573
  -0.0238317   -0.0156621    0.0229573            0
Repeater1[0]<--->EndNode1[0]
REAL
    0.444751  -0.00771711  -0.00253132     0.292478
 -0.00771711    0.0414365    0.0129078 -0.000528653
 -0.00253132    0.0129078    0.0469613    0.0083291
    0.292478 -0.000528653    0.0083291     0.466851
IMAGINARY
           0    0.0137769    0.0168357   -0.0173856
  -0.0137769            0 -0.000992125   -0.0128035
  -0.0168357  0.000992125            0  -0.00705645
   0.0173856    0.0128035   0.00705645            0
Repeater1[0]<--->HoM1[0]
REAL
   0.450065   0.0138455   0.0123188    0.301712
  0.0138455   0.0272374   0.0226119 -0.00249079
  0.0123188   0.0226119   0.0466926    -0.01016
   0.301712 -0.00249079    -0.01016    0.476005
IMAGINARY
           0  0.000210921  -0.00217494    0.0238317
-0.000210921            0   0.00307696   -0.0229573
  0.00217494  -0.00307696            0    0.0156621
  -0.0238317    0.0229573   -0.0156621            0
EndNode1[0]<--->Repeater1[0]
REAL
   0.492308  -0.0254402  -0.0212379    0.286323
 -0.0254402   0.0410256  0.00211287  -0.0162128
 -0.0212379  0.00211287   0.0474359 -0.00544021
   0.286323  -0.0162128 -0.00544021    0.419231
IMAGINARY
           0 -0.000870668    0.0131115    0.0168365
 0.000870668            0   -0.0135771   0.00136217
  -0.0131115    0.0135771            0    0.0127128
  -0.0168365  -0.00136217   -0.0127128            0
EndNode2[0]<--->HoM1[0]
REAL
    0.48535 -0.00219026  0.00315957    0.318833
-0.00219026    0.044586   0.0270064  0.00843661
 0.00315957   0.0270064   0.0407643   0.0124222
   0.318833  0.00843661   0.0124222    0.429299
IMAGINARY
          0   0.0116858  0.00861173   -0.024163
 -0.0116858           0   0.0167406 -0.00541888
-0.00861173  -0.0167406           0  0.00427842
   0.024163  0.00541888 -0.00427842           0
Repeater1[0]<--->EndNode1[0]
REAL
   0.492308  -0.0212379  -0.0254402    0.286323
 -0.0212379   0.0474359  0.00211287 -0.00544021
 -0.0254402  0.00211287   0.0410256  -0.0162128
   0.286323 -0.00544021  -0.0162128    0.419231
IMAGINARY
           0    0.0131115 -0.000870668    0.0168365
  -0.0131115            0    0.0135771    0.0127128
 0.000870668   -0.0135771            0   0.00136217
  -0.0168365   -0.0127128  -0.00136217            0
Repeater1[0]<--->HoM1[0]
REAL
    0.48535  0.00315957 -0.00219026    0.318833
 0.00315957   0.0407643   0.0270064   0.0124222
-0.00219026   0.0270064    0.044586  0.00843661
   0.318833   0.0124222  0.00843661    0.429299
IMAGINARY
          0  0.00861173   0.0116858   -0.024163
-0.00861173           0  -0.0167406  0.00427842
 -0.0116858   0.0167406           0 -0.00541888
   0.024163 -0.00427842  0.00541888           0
EndNode1[0]<--->Repeater1[0]
REAL
  0.465177 -0.0108332 -0.0173593   0.300303
-0.0108332  0.0420499 -0.0223827 -0.0140913
-0.0173593 -0.0223827  0.0512484  0.0166099
  0.300303 -0.0140913  0.0166099   0.441524
IMAGINARY
          0  0.00973685  -0.0223482  0.00640034
-0.00973685           0 -0.00766616  0.00735474
  0.0223482  0.00766616           0  0.00786419
-0.00640034 -0.00735474 -0.00786419           0
EndNode2[0]<--->HoM1[0]
REAL
   0.434954  0.00848372 -0.00143896    0.296133
 0.00848372   0.0486202   0.0106001 -0.00978299
-0.00143896   0.0106001   0.0302234 -0.00598996
   0.296133 -0.00978299 -0.00598996    0.486202
IMAGINARY
          0 -0.00207712  0.00705822   0.0212176
 0.00207712           0  0.00530247   0.0132463
-0.00705822 -0.00530247           0  -0.0194965
 -0.0212176  -0.0132463   0.0194965           0
Repeater1[0]<--->EndNode1[0]
REAL
  0.465177 -0.0173593 -0.0108332   0.300303
-0.0173593  0.0512484 -0.0223827  0.0166099
-0.0108332 -0.0223827  0.0420499 -0.0140913
  0.300303  0.0166099 -0.0140913   0.441524
IMAGINARY
          0  -0.0223482  0.00973685  0.00640034
  0.0223482           0  0.00766616  0.00786419
-0.00973685 -0.00766616           0  0.00735474
-0.00640034 -0.00786419 -0.00735474           0
Repeater1[0]<--->HoM1[0]
REAL
   0.434954 -0.00143896  0.00848372    0.296133
-0.00143896   0.0302234   0.0106001 -0.00598996
 0.00848372   0.0106001   0.0486202 -0.00978299
   0.296133 -0.00598996 -0.00978299    0.486202
IMAGINARY
          0  0.00705822 -0.00207712   0.0212176
-0.00705822           0 -0.00530247  -0.0194965
 0.00207712  0.00530247           0   0.0132463
 -0.0212176   0.0194965  -0.0132463           0
EndNode1[0]<--->Repeater1[0]
REAL
    0.474227   0.00583351   -0.0176327     0.278119
  0.00583351    0.0322165     0.017609 -0.000391326
  -0.0176327     0.017609    0.0309278   -0.0145117
    0.278119 -0.000391326   -0.0145117     0.462629
IMAGINARY
          0  0.00186633  -0.0178453  -0.0121732
-0.00186633           0  0.00395579   0.0184823
  0.0178453 -0.00395579           0  0.00768781
  0.0121732  -0.0184823 -0.00768781           0
EndNode2[0]<--->HoM1[0]
REAL
   0.445799  0.00881811  -0.0121292     0.30242
 0.00881811   0.0284553   0.0266942  0.00200266
 -0.0121292   0.0266942   0.0555556 -0.00502064
    0.30242  0.00200266 -0.00502064     0.47019
IMAGINARY
          0   0.0126599 -0.00991309  0.00680533
 -0.0126599           0 -0.00487979   0.0125516
 0.00991309  0.00487979           0  -0.0152985
-0.00680533  -0.0125516   0.0152985           0
Repeater1[0]<--->EndNode1[0]
REAL
    0.474227   -0.0176327   0.00583351     0.278119
  -0.0176327    0.0309278     0.017609   -0.0145117
  0.00583351     0.017609    0.0322165 -0.000391326
    0.278119   -0.0145117 -0.000391326     0.462629
IMAGINARY
          0  -0.0178453  0.00186633  -0.0121732
  0.0178453           0 -0.00395579  0.00768781
-0.00186633  0.00395579           0   0.0184823
  0.0121732 -0.00768781  -0.0184823           0
Repeater1[0]<--->HoM1[0]
REAL
   0.445799  -0.0121292  0.00881811     0.30242
 -0.0121292   0.0555556   0.0266942 -0.00502064
 0.00881811   0.0266942   0.0284553  0.00200266
    0.30242 -0.00502064  0.00200266     0.47019
IMAGINARY
          0 -0.00991309   0.0126599  0.00680533
 0.00991309           0  0.00487979  -0.0152985
 -0.0126599 -0.00487979           0   0.0125516
-0.00680533   0.0152985  -0.0125516           0
EndNode1[0]<--->Repeater1[0]
REAL
   0.467324 -0.00100221 0.000543399    0.297551
-0.00100221   0.0443896 9.89506e-05 -0.00707081
0.000543399 9.89506e-05   0.0443896 -0.00421972
   0.297551 -0.00707081 -0.00421972    0.443896
IMAGINARY
          0 -0.00785648  0.00236092  -0.0135244
 0.00785648           0 -0.00782099   0.0186582
-0.00236092  0.00782099           0  -0.0118887
  0.0135244  -0.0186582   0.0118887           0
EndNode2[0]<--->HoM1[0]
REAL
    0.45875   0.0146383 -0.00411624    0.303181
  0.0146383     0.04625   0.0109898  -0.0172741
-0.00411624   0.0109898     0.02625  -0.0106276
   0.303181  -0.0172741  -0.0106276     0.46875
IMAGINARY
           0 -0.000460276  -0.00218443    0.0341674
 0.000460276            0   0.00565559  -0.00663169
  0.00218443  -0.00565559            0    0.0105358
  -0.0341674   0.00663169   -0.0105358            0
Repeater1[0]<--->EndNode1[0]
REAL
   0.467324 0.000543399 -0.00100221    0.297551
0.000543399   0.0443896 9.89506e-05 -0.00421972
-0.00100221 9.89506e-05   0.0443896 -0.00707081
   0.297551 -0.00421972 -0.00707081    0.443896
IMAGINARY
          0  0.00236092 -0.00785648  -0.0135244
-0.00236092           0  0.00782099  -0.0118887
 0.00785648 -0.00782099           0   0.0186582
  0.0135244   0.0118887  -0.0186582           0
Repeater1[0]<--->HoM1[0]
REAL
    0.45875 -0.00411624   0.0146383    0.303181
-0.00411624     0.02625   0.0109898  -0.0106276
  0.0146383   0.0109898     0.04625  -0.0172741
   0.303181  -0.0106276  -0.0172741     0.46875
IMAGINARY
           0  -0.00218443 -0.000460276    0.0341674
  0.00218443            0  -0.00565559    0.0105358
 0.000460276   0.00565559            0  -0.00663169
  -0.0341674   -0.0105358   0.00663169            0
EndNode1[0]<--->Repeater1[0]
REAL
  0.463351 0.00587515  0.0118302   0.289149
0.00587515   0.026178   0.012751  0.0105579
 0.0118302   0.012751  0.0458115 -0.0106241
  0.289149  0.0105579 -0.0106241    0.46466
IMAGINARY
          0  0.00783233  0.00559923   -0.012328
-0.00783233           0  -0.0376054  0.00744425
-0.00559923   0.0376054           0  -0.0208758
   0.012328 -0.00744425   0.0208758           0
EndNode2[0]<--->HoM1[0]
REAL
  0.463529  0.0152116  0.0102553   0.295169
 0.0152116  0.0364706  0.0198444 0.00583051
 0.0102553  0.0198444  0.0388235 0.00355516
  0.295169 0.00583051 0.00355516   0.461176
IMAGINARY
          0  0.00692048  -0.0179245  0.00533315
-0.00692048           0   -0.014617  0.00363881
  0.0179245    0.014617           0 -0.00951788
-0.00533315 -0.00363881  0.00951788           0
Repeater1[0]<--->EndNode1[0]
REAL
  0.463351  0.0118302 0.00587515   0.289149
 0.0118302  0.0458115   0.012751 -0.0106241
0.00587515   0.012751   0.026178  0.0105579
  0.289149 -0.0106241  0.0105579    0.46466
IMAGINARY
          0  0.00559923  0.00783233   -0.012328
-0.00559923           0   0.0376054  -0.0208758
-0.00783233  -0.0376054           0  0.00744425
   0.012328   0.0208758 -0.00744425           0
Repeater1[0]<--->HoM1[0]
REAL
  0.463529  0.0102553  0.0152116   0.295169
 0.0102553  0.0388235  0.0198444 0.00355516
 0.0152116  0.0198444  0.0364706 0.00583051
  0.295169 0.00355516 0.00583051   0.461176
IMAGINARY
          0  -0.0179245  0.00692048  0.00533315
  0.0179245           0    0.014617 -0.00951788
-0.00692048   -0.014617           0  0.00363881
-0.00533315  0.00951788 -0.00363881           0
EndNode1[0]<--->Repeater1[0]
REAL
  0.469388 0.00713809 -0.0186058   0.300398
0.00713809  0.0510204 0.00512256 0.00668606
-0.0186058 0.00512256  0.0420918 -0.0102748
  0.300398 0.00668606 -0.0102748     0.4375
IMAGINARY
          0   0.0142086  -0.0108796 -0.00814612
 -0.0142086           0   0.0141864 -0.00355606
