EndNode1[0]<--->Repeater1[0]
REAL
   0.484928  0.00642494 -0.00923452    0.346949
 0.00642494   0.0366972   0.0105611   0.0291318
-0.00923452   0.0105611   0.0314548  0.00705387
   0.346949   0.0291318  0.00705387     0.44692
IMAGINARY
           0  -0.00794521  -0.00105285   -0.0152907
  0.00794521            0 -0.000375051  -0.00941836
  0.00105285  0.000375051            0    0.0197253
   0.0152907   0.00941836   -0.0197253            0
EndNode2[0]<--->HoM1[0]
REAL
   0.458438 -0.00403727  -0.0245906    0.336546
-0.00403727   0.0214106 -0.00549033  -0.0232355
 -0.0245906 -0.00549033   0.0251889 -0.00403727
   0.336546  -0.0232355 -0.00403727    0.494962
IMAGINARY
          0  -0.0016382   0.0232409  0.00874796
  0.0016382           0  0.00115303  0.00678521
 -0.0232409 -0.00115303           0 -0.00358373
-0.00874796 -0.00678521  0.00358373           0
Repeater1[0]<--->EndNode1[0]
REAL
   0.484928 -0.00923452  0.00642494    0.346949
-0.00923452   0.0314548   0.0105611  0.00705387
 0.00642494   0.0105611   0.0366972   0.0291318
   0.346949  0.00705387   0.0291318     0.44692
IMAGINARY
           0  -0.00105285  -0.00794521   -0.0152907
  0.00105285            0  0.000375051    0.0197253
  0.00794521 -0.000375051            0  -0.00941836
   0.0152907   -0.0197253   0.00941836            0
Repeater1[0]<--->HoM1[0]
REAL
   0.458438  -0.0245906 -0.00403727    0.336546
 -0.0245906   0.0251889 -0.00549033 -0.00403727
-0.00403727 -0.00549033   0.0214106  -0.0232355
   0.336546 -0.00403727  -0.0232355    0.494962
IMAGINARY
          0   0.0232409  -0.0016382  0.00874796
 -0.0232409           0 -0.00115303 -0.00358373
  0.0016382  0.00115303           0  0.00678521
-0.00874796  0.00358373 -0.00678521           0
EndNode1[0]<--->Repeater1[0]
REAL
   0.509702 -0.00168087  0.00558047    0.328746
-0.00168087   0.0194049 -0.00106953 -0.00427499
 0.00558047 -0.00106953   0.0413972 -0.00745751
   0.328746 -0.00427499 -0.00745751    0.429495
IMAGINARY
          0     0.02526 -0.00516558  0.00648317
   -0.02526           0   0.0116645  -0.0146233
 0.00516558  -0.0116645           0 -0.00415179
-0.00648317   0.0146233  0.00415179           0
EndNode2[0]<--->HoM1[0]
REAL
    0.49867  0.00826745 -0.00290983    0.332113
 0.00826745   0.0305851  0.00597038 -0.00356686
-0.00290983  0.00597038   0.0332447 -0.00567677
   0.332113 -0.00356686 -0.00567677      0.4375
IMAGINARY
          0  0.00509191  -0.0018458  0.00915832
-0.00509191           0 -0.00271503    0.010729
  0.0018458  0.00271503           0  -0.0228584
-0.00915832   -0.010729   0.0228584           0
Repeater1[0]<--->EndNode1[0]
REAL
   0.509702  0.00558047 -0.00168087    0.328746
 0.00558047   0.0413972 -0.00106953 -0.00745751
-0.00168087 -0.00106953   0.0194049 -0.00427499
   0.328746 -0.00745751 -0.00427499    0.429495
IMAGINARY
          0 -0.00516558     0.02526  0.00648317
 0.00516558           0  -0.0116645 -0.00415179
   -0.02526   0.0116645           0  -0.0146233
-0.00648317  0.00415179   0.0146233           0
Repeater1[0]<--->HoM1[0]
REAL
    0.49867 -0.00290983  0.00826745    0.332113
-0.00290983   0.0332447  0.00597038 -0.00567677
 0.00826745  0.00597038   0.0305851 -0.00356686
   0.332113 -0.00567677 -0.00356686      0.4375
IMAGINARY
          0  -0.0018458  0.00509191  0.00915832
  0.0018458           0  0.00271503  -0.0228584
-0.00509191 -0.00271503           0    0.010729
-0.00915832   0.0228584   -0.010729           0
EndNode1[0]<--->Repeater1[0]
REAL
   0.449868   0.0253529  0.00908526    0.347392
  0.0253529   0.0343008  0.00806087   0.0283655
 0.00908526  0.00806087   0.0329815 -0.00367087
   0.347392   0.0283655 -0.00367087     0.48285
IMAGINARY
          0 -0.00692408  0.00256407  0.00393267
 0.00692408           0 -0.00649678  0.00771871
-0.00256407  0.00649678           0  0.00563873
-0.00393267 -0.00771871 -0.00563873           0
EndNode2[0]<--->HoM1[0]
REAL
   0.448148 -0.00926063  -0.0381057    0.341267
-0.00926063   0.0407407   0.0146003  -0.0103637
 -0.0381057   0.0146003   0.0419753  -0.0175251
   0.341267  -0.0103637  -0.0175251    0.469136
IMAGINARY
           0  -0.00719697   0.00255599   -0.0149464
  0.00719697            0    0.0207679 -0.000737813
 -0.00255599   -0.0207679            0   0.00416667
   0.0149464  0.000737813  -0.00416667            0
Repeater1[0]<--->EndNode1[0]
REAL
   0.449868  0.00908526   0.0253529    0.347392
 0.00908526   0.0329815  0.00806087 -0.00367087
  0.0253529  0.00806087   0.0343008   0.0283655
   0.347392 -0.00367087   0.0283655     0.48285
IMAGINARY
          0  0.00256407 -0.00692408  0.00393267
-0.00256407           0  0.00649678  0.00563873
 0.00692408 -0.00649678           0  0.00771871
-0.00393267 -0.00563873 -0.00771871           0
Repeater1[0]<--->HoM1[0]
REAL
   0.448148  -0.0381057 -0.00926063    0.341267
 -0.0381057   0.0419753   0.0146003  -0.0175251
-0.00926063   0.0146003   0.0407407  -0.0103637
   0.341267  -0.0175251  -0.0103637    0.469136
IMAGINARY
           0   0.00255599  -0.00719697   -0.0149464
 -0.00255599            0   -0.0207679   0.00416667
  0.00719697    0.0207679            0 -0.000737813
   0.0149464  -0.00416667  0.000737813            0
EndNode1[0]<--->Repeater1[0]
REAL
   0.463731  -0.0203844  -0.0144631     0.33002
 -0.0203844   0.0388601  0.00725019  0.00133971
 -0.0144631  0.00725019   0.0259067 -0.00323764
    0.33002  0.00133971 -0.00323764    0.471503
IMAGINARY
          0  0.00601759 -0.00148331 -0.00124328
-0.00601759           0   0.0101491 -0.00673265
 0.00148331  -0.0101491           0  0.00337208
 0.00124328  0.00673265 -0.00337208           0
EndNode2[0]<--->HoM1[0]
REAL
   0.485526    0.012787 -0.00162129    0.335371
   0.012787   0.0223684  0.00138954   0.0324696
-0.00162129  0.00138954   0.0223684  0.00649325
   0.335371   0.0324696  0.00649325    0.469737
IMAGINARY
           0   -0.0112172    0.0144024  0.000306874
   0.0112172            0    0.0189239    0.0108895
  -0.0144024   -0.0189239            0  -0.00369845
-0.000306874   -0.0108895   0.00369845            0
Repeater1[0]<--->EndNode1[0]
REAL
   0.463731  -0.0144631  -0.0203844     0.33002
 -0.0144631   0.0259067  0.00725019 -0.00323764
 -0.0203844  0.00725019   0.0388601  0.00133971
    0.33002 -0.00323764  0.00133971    0.471503
IMAGINARY
          0 -0.00148331  0.00601759 -0.00124328
 0.00148331           0  -0.0101491  0.00337208
-0.00601759   0.0101491           0 -0.00673265
 0.00124328 -0.00337208  0.00673265           0
Repeater1[0]<--->HoM1[0]
REAL
   0.485526 -0.00162129    0.012787    0.335371
-0.00162129   0.0223684  0.00138954  0.00649325
   0.012787  0.00138954   0.0223684   0.0324696
   0.335371  0.00649325   0.0324696    0.469737
IMAGINARY
           0    0.0144024   -0.0112172  0.000306874
  -0.0144024            0   -0.0189239  -0.00369845
   0.0112172    0.0189239            0    0.0108895
-0.000306874   0.00369845   -0.0108895            0
EndNode1[0]<--->Repeater1[0]
REAL
  0.484655  0.0196063 -0.0078795   0.350086
 0.0196063  0.0306905  0.0188521   0.011156
-0.0078795  0.0188521  0.0370844  -0.018951
  0.350086   0.011156  -0.018951    0.44757
IMAGINARY
          0    0.006302  0.00224088   0.0192385
  -0.006302           0  0.00185328   -0.011057
-0.00224088 -0.00185328           0  0.00251412
 -0.0192385    0.011057 -0.00251412           0
EndNode2[0]<--->HoM1[0]
REAL
  0.471218  0.0195745  0.0104661   0.328578
 0.0195745  0.0294511  0.0122775   0.029914
 0.0104661  0.0122775  0.0254351 0.00655372
  0.328578   0.029914 0.00655372   0.473896
IMAGINARY
          0  0.00793386 -0.00954391  0.00104508
-0.00793386           0   0.0101835  0.00630975
 0.00954391  -0.0101835           0 -0.00987436
-0.00104508 -0.00630975  0.00987436           0
Repeater1[0]<--->EndNode1[0]
REAL
  0.484655 -0.0078795  0.0196063   0.350086
-0.0078795  0.0370844  0.0188521  -0.018951
 0.0196063  0.0188521  0.0306905   0.011156
  0.350086  -0.018951   0.011156    0.44757
IMAGINARY
          0  0.00224088    0.006302   0.0192385
-0.00224088           0 -0.00185328  0.00251412
  -0.006302  0.00185328           0   -0.011057
 -0.0192385 -0.00251412    0.011057           0
Repeater1[0]<--->HoM1[0]
REAL
  0.471218  0.0104661  0.0195745   0.328578
 0.0104661  0.0254351  0.0122775 0.00655372
 0.0195745  0.0122775  0.0294511   0.029914
  0.328578 0.00655372   0.029914   0.473896
IMAGINARY
          0 -0.00954391  0.00793386  0.00104508
 0.00954391           0  -0.0101835 -0.00987436
-0.00793386   0.0101835           0  0.00630975
-0.00104508  0.00987436 -0.00630975           0
EndNode1[0]<--->Repeater1[0]
REAL
    0.47958 -0.00703549  -0.0164198     0.34344
-0.00703549   0.0268378  0.00231843  -0.0131432
 -0.0164198  0.00231843   0.0315053 -0.00967402
    0.34344  -0.0131432 -0.00967402    0.462077
IMAGINARY
           0  -0.00479671  -0.00162634    0.0104714
  0.00479671            0   0.00519438 -0.000376335
  0.00162634  -0.00519438            0   -0.0132273
  -0.0104714  0.000376335    0.0132273            0
EndNode2[0]<--->HoM1[0]
REAL
  0.459893 0.00569171 -0.0334567    0.34236
0.00569171  0.0387701  0.0081559  0.0115495
-0.0334567  0.0081559  0.0254011 -0.0172897
   0.34236  0.0115495 -0.0172897   0.475936
IMAGINARY
           0  0.000436785  1.18989e-05   0.00375383
-0.000436785            0  -0.00938587   0.00912648
-1.18989e-05   0.00938587            0  -0.00826968
 -0.00375383  -0.00912648   0.00826968            0
Repeater1[0]<--->EndNode1[0]
REAL
    0.47958  -0.0164198 -0.00703549     0.34344
 -0.0164198   0.0315053  0.00231843 -0.00967402
-0.00703549  0.00231843   0.0268378  -0.0131432
    0.34344 -0.00967402  -0.0131432    0.462077
IMAGINARY
           0  -0.00162634  -0.00479671    0.0104714
  0.00162634            0  -0.00519438   -0.0132273
  0.00479671   0.00519438            0 -0.000376335
  -0.0104714    0.0132273  0.000376335            0
Repeater1[0]<--->HoM1[0]
REAL
  0.459893 -0.0334567 0.00569171    0.34236
-0.0334567  0.0254011  0.0081559 -0.0172897
0.00569171  0.0081559  0.0387701  0.0115495
   0.34236 -0.0172897  0.0115495   0.475936
IMAGINARY
           0  1.18989e-05  0.000436785   0.00375383
-1.18989e-05            0   0.00938587  -0.00826968
-0.000436785  -0.00938587            0   0.00912648
 -0.00375383   0.00826968  -0.00912648            0
EndNode1[0]<--->Repeater1[0]
REAL
  0.479849 0.00466999   0.007893   0.328208
0.00466999  0.0289673 0.00616298 0.00518297
  0.007893 0.00616298  0.0377834 0.00466999
  0.328208 0.00518297 0.00466999   0.453401
IMAGINARY
          0   0.0337037 -0.00992243 -0.00979338
 -0.0337037           0  -0.0231014  -0.0212861
 0.00992243   0.0231014           0  0.00547288
 0.00979338   0.0212861 -0.00547288           0
EndNode2[0]<--->HoM1[0]
REAL
    0.468792 -9.30108e-05   -0.0123594     0.353532
-9.30108e-05    0.0265604   -0.0028584   -0.0053885
  -0.0123594   -0.0028584    0.0318725   0.00437698
    0.353532   -0.0053885   0.00437698     0.472776
IMAGINARY
          0 -0.00427936   0.0102726  -0.0107498
 0.00427936           0   0.0211395  0.00619648
 -0.0102726  -0.0211395           0 -0.00296702
  0.0107498 -0.00619648  0.00296702           0
Repeater1[0]<--->EndNode1[0]
REAL
  0.479849   0.007893 0.00466999   0.328208
  0.007893  0.0377834 0.00616298 0.00466999
0.00466999 0.00616298  0.0289673 0.00518297
  0.328208 0.00466999 0.00518297   0.453401
IMAGINARY
          0 -0.00992243   0.0337037 -0.00979338
 0.00992243           0   0.0231014  0.00547288
 -0.0337037  -0.0231014           0  -0.0212861
 0.00979338 -0.00547288   0.0212861           0
Repeater1[0]<--->HoM1[0]
REAL
    0.468792   -0.0123594 -9.30108e-05     0.353532
  -0.0123594    0.0318725   -0.0028584   0.00437698
-9.30108e-05   -0.0028584    0.0265604   -0.0053885
    0.353532   0.00437698   -0.0053885     0.472776
IMAGINARY
          0   0.0102726 -0.00427936  -0.0107498
 -0.0102726           0  -0.0211395 -0.00296702
 0.00427936   0.0211395           0  0.00619648
  0.0107498  0.00296702 -0.00619648           0
EndNode1[0]<--->Repeater1[0]
REAL
   0.495472 -0.00617121  0.00565318    0.328062
-0.00617121   0.0271669  0.00768014  -0.0273352
 0.00565318  0.00768014   0.0362225 -0.00105612
   0.328062  -0.0273352 -0.00105612    0.441138
IMAGINARY
          0  -0.0188866  0.00550695    0.013724
  0.0188866           0  -0.0130617   0.0307988
-0.00550695   0.0130617           0  -0.0237886
  -0.013724  -0.0307988   0.0237886           0
EndNode2[0]<--->HoM1[0]
REAL
   0.464516   0.0273028 0.000913432    0.344173
  0.0273028   0.0374194  0.00647651   0.0315541
0.000913432  0.00647651   0.0348387   0.0116582
   0.344173   0.0315541   0.0116582    0.463226
IMAGINARY
          0    0.011164  -0.0136573  -0.0154869
  -0.011164           0 -0.00753098 -0.00859401
  0.0136573  0.00753098           0  -0.0098551
  0.0154869  0.00859401   0.0098551           0
Repeater1[0]<--->EndNode1[0]
REAL
   0.495472  0.00565318 -0.00617121    0.328062
 0.00565318   0.0362225  0.00768014 -0.00105612
-0.00617121  0.00768014   0.0271669  -0.0273352
   0.328062 -0.00105612  -0.0273352    0.441138
IMAGINARY
          0  0.00550695  -0.0188866    0.013724
-0.00550695           0   0.0130617  -0.0237886
  0.0188866  -0.0130617           0   0.0307988
  -0.013724   0.0237886  -0.0307988           0
Repeater1[0]<--->HoM1[0]
REAL
   0.464516 0.000913432   0.0273028    0.344173
0.000913432   0.0348387  0.00647651   0.0116582
  0.0273028  0.00647651   0.0374194   0.0315541
   0.344173   0.0116582   0.0315541    0.463226
IMAGINARY
          0  -0.0136573    0.011164  -0.0154869
  0.0136573           0  0.00753098  -0.0098551
  -0.011164 -0.00753098           0 -0.00859401
  0.0154869   0.0098551  0.00859401           0
EndNode1[0]<--->Repeater1[0]
REAL
   0.477387 -0.00103112  -0.0110731    0.328325
-0.00103112   0.0213568    0.026242 -0.00815766
 -0.0110731    0.026242   0.0339196 -0.00497849
   0.328325 -0.00815766 -0.00497849    0.467337
IMAGINARY
          0 -0.00195952  0.00909944   0.0071993
 0.00195952           0 -0.00523851  0.00522347
-0.00909944  0.00523851           0  0.00846993
 -0.0071993 -0.00522347 -0.00846993           0
EndNode2[0]<--->HoM1[0]
REAL
   0.45079 0.00510918 0.00256082   0.345668
0.00510918  0.0486027  0.0096461  0.0160051
0.00256082  0.0096461  0.0303767 0.00705471
  0.345668  0.0160051 0.00705471   0.470231
IMAGINARY
          0 -0.00246093   0.0187242 -0.00774426
 0.00246093           0 -0.00438856   0.0242866
 -0.0187242  0.00438856           0  -0.0109799
 0.00774426  -0.0242866   0.0109799           0
Repeater1[0]<--->EndNode1[0]
REAL
   0.477387  -0.0110731 -0.00103112    0.328325
 -0.0110731   0.0339196    0.026242 -0.00497849
-0.00103112    0.026242   0.0213568 -0.00815766
   0.328325 -0.00497849 -0.00815766    0.467337
IMAGINARY
          0  0.00909944 -0.00195952   0.0071993
-0.00909944           0  0.00523851  0.00846993
 0.00195952 -0.00523851           0  0.00522347
 -0.0071993 -0.00846993 -0.00522347           0
Repeater1[0]<--->HoM1[0]
REAL
   0.45079 0.00256082 0.00510918   0.345668
0.00256082  0.0303767  0.0096461 0.00705471
0.00510918  0.0096461  0.0486027  0.0160051
  0.345668 0.00705471  0.0160051   0.470231
IMAGINARY
          0   0.0187242 -0.00246093 -0.00774426
 -0.0187242           0  0.00438856  -0.0109799
 0.00246093 -0.00438856           0   0.0242866
 0.00774426   0.0109799  -0.0242866           0
EndNode1[0]<--->Repeater1[0]
REAL
   0.494282 -0.00353622  0.00666284    0.342413
-0.00353622   0.0330368  0.00929835 -0.00729655
 0.00666284  0.00929835   0.0444727   0.0168442
   0.342413 -0.00729655   0.0168442    0.428208
IMAGINARY
          0 -0.00298666  0.00160455 -0.00228101
 0.00298666           0 -0.00673961   0.0200775
-0.00160455  0.00673961           0   -0.012125
 0.00228101  -0.0200775    0.012125           0
EndNode2[0]<--->HoM1[0]
REAL
   0.458177  0.00828033 -0.00283485     0.33806
 0.00828033   0.0461923   0.0111864 -0.00470284
-0.00283485   0.0111864   0.0287141  0.00176992
    0.33806 -0.00470284  0.00176992    0.466916
IMAGINARY
          0   0.0105912 -0.00141914  0.00577045
 -0.0105912           0  0.00950179  -0.0192527
 0.00141914 -0.00950179           0   0.0307525
-0.00577045   0.0192527  -0.0307525           0
Repeater1[0]<--->EndNode1[0]
REAL
   0.494282  0.00666284 -0.00353622    0.342413
 0.00666284   0.0444727  0.00929835   0.0168442
-0.00353622  0.00929835   0.0330368 -0.00729655
   0.342413   0.0168442 -0.00729655    0.428208
IMAGINARY
          0  0.00160455 -0.00298666 -0.00228101
-0.00160455           0  0.00673961   -0.012125
 0.00298666 -0.00673961           0   0.0200775
 0.00228101    0.012125  -0.0200775           0
Repeater1[0]<--->HoM1[0]
REAL
   0.458177 -0.00283485  0.00828033     0.33806
-0.00283485   0.0287141   0.0111864  0.00176992
 0.00828033   0.0111864   0.0461923 -0.00470284
    0.33806  0.00176992 -0.00470284    0.466916
IMAGINARY
          0 -0.00141914   0.0105912  0.00577045
 0.00141914           0 -0.00950179   0.0307525
 -0.0105912  0.00950179           0  -0.0192527
-0.00577045  -0.0307525   0.0192527           0
EndNode1[0]<--->Repeater1[0]
REAL
   0.467866  -0.0152694  0.00769976    0.334644
 -0.0152694   0.0205656   0.0198757 -0.00911219
 0.00769976   0.0198757   0.0269923  -0.0101543
   0.334644 -0.00911219  -0.0101543    0.484576
IMAGINARY
          0  0.00589318 -0.00779507  0.00583257
-0.00589318           0 -0.00394578  -0.0103526
 0.00779507  0.00394578           0   0.0122545
-0.00583257   0.0103526  -0.0122545           0
EndNode2[0]<--->HoM1[0]
REAL
  0.457333 -0.0175161 -0.0380458   0.354663
-0.0175161  0.0253333 0.00574261 0.00378179
-0.0380458 0.00574261  0.0333333  0.0035567
  0.354663 0.00378179  0.0035567      0.484
IMAGINARY
          0  0.00947965  -0.0118975 -0.00348892
-0.00947965           0   0.0028724  -0.0144814
  0.0118975  -0.0028724           0   0.0145012
 0.00348892   0.0144814  -0.0145012           0
Repeater1[0]<--->EndNode1[0]
REAL
   0.467866  0.00769976  -0.0152694    0.334644
 0.00769976   0.0269923   0.0198757  -0.0101543
 -0.0152694   0.0198757   0.0205656 -0.00911219
   0.334644  -0.0101543 -0.00911219    0.484576
IMAGINARY
          0 -0.00779507  0.00589318  0.00583257
 0.00779507           0  0.00394578   0.0122545
-0.00589318 -0.00394578           0  -0.0103526
-0.00583257  -0.0122545   0.0103526           0
Repeater1[0]<--->HoM1[0]
REAL
  0.457333 -0.0380458 -0.0175161   0.354663
-0.0380458  0.0333333 0.00574261  0.0035567
-0.0175161 0.00574261  0.0253333 0.00378179
  0.354663  0.0035567 0.00378179      0.484
IMAGINARY
          0  -0.0118975  0.00947965 -0.00348892
  0.0118975           0  -0.0028724   0.0145012
-0.00947965   0.0028724           0  -0.0144814
 0.00348892  -0.0145012   0.0144814           0
EndNode1[0]<--->Repeater1[0]
REAL
  0.453457  0.0248157 0.00986534   0.329012
 0.0248157   0.037234 0.00156113 0.00605823
0.00986534 0.00156113  0.0305851 0.00512063
  0.329012 0.00605823 0.00512063   0.478723
IMAGINARY
          0  0.00851364 -0.00232797   2.253e-05
-0.00851364           0   0.0287275  -0.0179335
 0.00232797  -0.0287275           0   0.0117478
 -2.253e-05   0.0179335  -0.0117478           0
EndNode2[0]<--->HoM1[0]
REAL
   0.469337  -0.0139219  0.00510404      0.3458
 -0.0139219   0.0312891  0.00760343  -0.0116485
 0.00510404  0.00760343   0.0337922 -0.00309384
     0.3458  -0.0116485 -0.00309384    0.465582
IMAGINARY
          0  -0.0287372   0.0127059   0.0213074
  0.0287372           0 -0.00570186  0.00851427
 -0.0127059  0.00570186           0  0.00221195
 -0.0213074 -0.00851427 -0.00221195           0
Repeater1[0]<--->EndNode1[0]
REAL
  0.453457 0.00986534  0.0248157   0.329012
0.00986534  0.0305851 0.00156113 0.00512063
 0.0248157 0.00156113   0.037234 0.00605823
  0.329012 0.00512063 0.00605823   0.478723
IMAGINARY
          0 -0.00232797  0.00851364   2.253e-05
 0.00232797           0  -0.0287275   0.0117478
-0.00851364   0.0287275           0  -0.0179335
 -2.253e-05  -0.0117478   0.0179335           0
Repeater1[0]<--->HoM1[0]
REAL
   0.469337  0.00510404  -0.0139219      0.3458
 0.00510404   0.0337922  0.00760343 -0.00309384
 -0.0139219  0.00760343   0.0312891  -0.0116485
     0.3458 -0.00309384  -0.0116485    0.465582
IMAGINARY
          0   0.0127059  -0.0287372   0.0213074
 -0.0127059           0  0.00570186  0.00221195
  0.0287372 -0.00570186           0  0.00851427
 -0.0213074 -0.00221195 -0.00851427           0
EndNode1[0]<--->Repeater1[0]
REAL
  0.490247 0.00295265 0.00344192   0.340587
0.00295265  0.0338101  0.0122384  0.0208682
0.00344192  0.0122384  0.0364109  0.0187293
  0.340587  0.0208682  0.0187293   0.439532
IMAGINARY
          0 -0.00426388 -0.00549726   0.0116481
 0.00426388           0 -0.00550562 -0.00815684
 0.00549726  0.00550562           0  -0.0106906
 -0.0116481  0.00815684   0.0106906           0
EndNode2[0]<--->HoM1[0]
REAL
   0.458387  0.00668514 -0.00359045    0.334131
 0.00668514   0.0358515   0.0213227  0.00818966
-0.00359045   0.0213227   0.0332907   0.0110547
   0.334131  0.00818966   0.0110547    0.472471
IMAGINARY
          0   0.0151327  0.00113414   0.0113473
 -0.0151327           0  -0.0224276  -0.0146809
-0.00113414   0.0224276           0 -0.00404892
 -0.0113473   0.0146809  0.00404892           0
Repeater1[0]<--->EndNode1[0]
REAL
  0.490247 0.00344192 0.00295265   0.340587
0.00344192  0.0364109  0.0122384  0.0187293
0.00295265  0.0122384  0.0338101  0.0208682
  0.340587  0.0187293  0.0208682   0.439532
IMAGINARY
          0 -0.00549726 -0.00426388   0.0116481
 0.00549726           0  0.00550562  -0.0106906
 0.00426388 -0.00550562           0 -0.00815684
 -0.0116481   0.0106906  0.00815684           0
Repeater1[0]<--->HoM1[0]
REAL
   0.458387 -0.00359045  0.00668514    0.334131
-0.00359045   0.0332907   0.0213227   0.0110547
 0.00668514   0.0213227   0.0358515  0.00818966
   0.334131   0.0110547  0.00818966    0.472471
IMAGINARY
          0  0.00113414   0.0151327   0.0113473
-0.00113414           0   0.0224276 -0.00404892
 -0.0151327  -0.0224276           0  -0.0146809
 -0.0113473  0.00404892   0.0146809           0
EndNode1[0]<--->Repeater1[0]
REAL
    0.448857   -0.0030534  -0.00650443      0.35661
  -0.0030534    0.0361011   -0.0038251 -0.000126874
 -0.00650443   -0.0038251    0.0288809   -0.0181668
     0.35661 -0.000126874   -0.0181668     0.486161
IMAGINARY
          0   0.0236885   0.0171502   0.0069585
 -0.0236885           0 -0.00964667  -0.0357161
 -0.0171502  0.00964667           0  0.00127951
 -0.0069585   0.0357161 -0.00127951           0
EndNode2[0]<--->HoM1[0]
REAL
    0.454183   -0.0147368  -0.00370289     0.336681
  -0.0147368    0.0332005    0.0120695   -0.0225471
 -0.00370289    0.0120695    0.0411687 -0.000263158
    0.336681   -0.0225471 -0.000263158     0.471448
IMAGINARY
           0   -0.0104495   -0.0116013   0.00191932
   0.0104495            0   -0.0119696  0.000993127
   0.0116013    0.0119696            0    0.0182288
 -0.00191932 -0.000993127   -0.0182288            0
Repeater1[0]<--->EndNode1[0]
REAL
    0.448857  -0.00650443   -0.0030534      0.35661
 -0.00650443    0.0288809   -0.0038251   -0.0181668
  -0.0030534   -0.0038251    0.0361011 -0.000126874
     0.35661   -0.0181668 -0.000126874     0.486161
IMAGINARY
          0   0.0171502   0.0236885   0.0069585
 -0.0171502           0  0.00964667  0.00127951
 -0.0236885 -0.00964667           0  -0.0357161
 -0.0069585 -0.00127951   0.0357161           0
Repeater1[0]<--->HoM1[0]
REAL
    0.454183  -0.00370289   -0.0147368     0.336681
 -0.00370289    0.0411687    0.0120695 -0.000263158
  -0.0147368    0.0120695    0.0332005   -0.0225471
    0.336681 -0.000263158   -0.0225471     0.471448
IMAGINARY
           0   -0.0116013   -0.0104495   0.00191932
   0.0116013            0    0.0119696    0.0182288
   0.0104495   -0.0119696            0  0.000993127
 -0.00191932   -0.0182288 -0.000993127            0
EndNode1[0]<--->Repeater1[0]
REAL
   0.453209  -0.0102749  -0.0125044    0.342646
 -0.0102749   0.0360963    0.015235 -0.00816739
 -0.0125044    0.015235   0.0200535  -0.0181489
   0.342646 -0.00816739  -0.0181489    0.490642
IMAGINARY
          0 -0.00571066 -0.00601604  0.00909285
 0.00571066           0 -0.00462286  0.00601604
 0.00601604  0.00462286           0 -0.00190355
-0.00909285 -0.00601604  0.00190355           0
EndNode2[0]<--->HoM1[0]
REAL
   0.458388   0.0243047 -0.00277353    0.348134
  0.0243047   0.0290621  0.00900901  0.00926703
-0.00277353  0.00900901   0.0435931  -0.0126164
   0.348134  0.00926703  -0.0126164    0.468956
IMAGINARY
          0  -0.0170252  -0.0138513  -0.0133578
  0.0170252           0   0.0234843 -0.00352322
  0.0138513  -0.0234843           0   0.0176687
  0.0133578  0.00352322  -0.0176687           0
Repeater1[0]<--->EndNode1[0]
REAL
   0.453209  -0.0125044  -0.0102749    0.342646
 -0.0125044   0.0200535    0.015235  -0.0181489
 -0.0102749    0.015235   0.0360963 -0.00816739
   0.342646  -0.0181489 -0.00816739    0.490642
IMAGINARY
          0 -0.00601604 -0.00571066  0.00909285
 0.00601604           0  0.00462286 -0.00190355
 0.00571066 -0.00462286           0  0.00601604
-0.00909285  0.00190355 -0.00601604           0
Repeater1[0]<--->HoM1[0]
REAL
   0.458388 -0.00277353   0.0243047    0.348134
-0.00277353   0.0435931  0.00900901  -0.0126164
  0.0243047  0.00900901   0.0290621  0.00926703
   0.348134  -0.0126164  0.00926703    0.468956
IMAGINARY
          0  -0.0138513  -0.0170252  -0.0133578
  0.0138513           0  -0.0234843   0.0176687
  0.0170252   0.0234843           0 -0.00352322
  0.0133578  -0.0176687  0.00352322           0
EndNode1[0]<--->Repeater1[0]
REAL
   0.462779  -0.0129345  0.00602132    0.334063
 -0.0129345   0.0260546  0.00353275 -0.00346378
 0.00602132  0.00353275   0.0334988   0.0116557
   0.334063 -0.00346378   0.0116557    0.477667
IMAGINARY
           0  -0.00325106   0.00115002   -0.0293942
  0.00325106            0  -0.00511023   0.00855244
 -0.00115002   0.00511023            0  1.69106e-05
   0.0293942  -0.00855244 -1.69106e-05            0
EndNode2[0]<--->HoM1[0]
REAL
   0.443196   0.0102209   0.0132317    0.350321
  0.0102209   0.0324594 -0.00330601  0.00791256
  0.0132317 -0.00330601   0.0449438   0.0295801
   0.350321  0.00791256   0.0295801    0.479401
IMAGINARY
          0    0.019788  0.00629824 -0.00352432
  -0.019788           0 -0.00988564  -0.0166609
-0.00629824  0.00988564           0  0.00223273
 0.00352432   0.0166609 -0.00223273           0
Repeater1[0]<--->EndNode1[0]
REAL
   0.462779  0.00602132  -0.0129345    0.334063
 0.00602132   0.0334988  0.00353275   0.0116557
 -0.0129345  0.00353275   0.0260546 -0.00346378
   0.334063   0.0116557 -0.00346378    0.477667
IMAGINARY
           0   0.00115002  -0.00325106   -0.0293942
 -0.00115002            0   0.00511023  1.69106e-05
  0.00325106  -0.00511023            0   0.00855244
   0.0293942 -1.69106e-05  -0.00855244            0
Repeater1[0]<--->HoM1[0]
REAL
   0.443196   0.0132317   0.0102209    0.350321
  0.0132317   0.0449438 -0.00330601   0.0295801
  0.0102209 -0.00330601   0.0324594  0.00791256
   0.350321   0.0295801  0.00791256    0.479401
IMAGINARY
          0  0.00629824    0.019788 -0.00352432
-0.00629824           0  0.00988564  0.00223273
  -0.019788 -0.00988564           0  -0.0166609
 0.00352432 -0.00223273   0.0166609           0
EndNode1[0]<--->Repeater1[0]
REAL
   0.488742 -0.00317346   0.0221006    0.339945
-0.00317346   0.0423841   0.0043282  -0.0188831
  0.0221006   0.0043282   0.0264901  0.00252996
   0.339945  -0.0188831  0.00252996    0.442384
IMAGINARY
          0  0.00655145  -0.0118637 -0.00662186
-0.00655145           0 -0.00726703 -0.00743892
  0.0118637  0.00726703           0  0.00527919
 0.00662186  0.00743892 -0.00527919           0
EndNode2[0]<--->HoM1[0]
REAL
  0.460403 -0.0196018 -0.0134973   0.358045
-0.0196018  0.0348993 0.00581604 0.00483393
-0.0134973 0.00581604  0.0268456  0.0010374
  0.358045 0.00483393  0.0010374   0.477852
IMAGINARY
           0    0.0199024     0.017827   0.00126085
  -0.0199024            0  0.000593292   -0.0197378
   -0.017827 -0.000593292            0   -0.0307305
 -0.00126085    0.0197378    0.0307305            0
Repeater1[0]<--->EndNode1[0]
REAL
   0.488742   0.0221006 -0.00317346    0.339945
  0.0221006   0.0264901   0.0043282  0.00252996
-0.00317346   0.0043282   0.0423841  -0.0188831
   0.339945  0.00252996  -0.0188831    0.442384
IMAGINARY
          0  -0.0118637  0.00655145 -0.00662186
  0.0118637           0  0.00726703  0.00527919
-0.00655145 -0.00726703           0 -0.00743892
 0.00662186 -0.00527919  0.00743892           0
Repeater1[0]<--->HoM1[0]
REAL
  0.460403 -0.0134973 -0.0196018   0.358045
-0.0134973  0.0268456 0.00581604  0.0010374
-0.0196018 0.00581604  0.0348993 0.00483393
  0.358045  0.0010374 0.00483393   0.477852
IMAGINARY
           0     0.017827    0.0199024   0.00126085
   -0.017827            0 -0.000593292   -0.0307305
  -0.0199024  0.000593292            0   -0.0197378
 -0.00126085    0.0307305    0.0197378            0
EndNode1[0]<--->Repeater1[0]
REAL
  0.454308 0.00280088  0.0084105   0.348622
0.00280088  0.0417755 0.00379486 0.00431214
 0.0084105 0.00379486  0.0339426  0.0251889
  0.348622 0.00431214  0.0251889   0.469974
IMAGINARY
          0  -0.0177609  0.00199432 -0.00944778
  0.0177609           0  0.00302105 -0.00729936
-0.00199432 -0.00302105           0   0.0243922
 0.00944778  0.00729936  -0.0243922           0
EndNode2[0]<--->HoM1[0]
REAL
   0.452351  -0.0137818 -0.00698814    0.344098
 -0.0137818   0.0304956  0.00923547 -0.00501186
-0.00698814  0.00923547   0.0368488 -0.00355158
   0.344098 -0.00501186 -0.00355158    0.480305
IMAGINARY
          0    0.011473 -0.00282891  0.00937972
  -0.011473           0 -0.00873622  0.00348422
 0.00282891  0.00873622           0  0.00359903
-0.00937972 -0.00348422 -0.00359903           0
Repeater1[0]<--->EndNode1[0]
REAL
  0.454308  0.0084105 0.00280088   0.348622
 0.0084105  0.0339426 0.00379486  0.0251889
0.00280088 0.00379486  0.0417755 0.00431214
  0.348622  0.0251889 0.00431214   0.469974
IMAGINARY
          0  0.00199432  -0.0177609 -0.00944778
-0.00199432           0 -0.00302105   0.0243922
  0.0177609  0.00302105           0 -0.00729936
 0.00944778  -0.0243922  0.00729936           0
Repeater1[0]<--->HoM1[0]
REAL
   0.452351 -0.00698814  -0.0137818    0.344098
-0.00698814   0.0368488  0.00923547 -0.00355158
 -0.0137818  0.00923547   0.0304956 -0.00501186
   0.344098 -0.00355158 -0.00501186    0.480305
IMAGINARY
          0 -0.00282891    0.011473  0.00937972
 0.00282891           0  0.00873622  0.00359903
  -0.011473 -0.00873622           0  0.00348422
-0.00937972 -0.00359903 -0.00348422           0
EndNode1[0]<--->Repeater1[0]
REAL
   0.474074    0.013543   0.0174266    0.337952
   0.013543    0.045679  0.00381175   -0.007699
  0.0174266  0.00381175   0.0320988 -0.00900343
   0.337952   -0.007699 -0.00900343    0.448148
IMAGINARY
          0   0.0333533  -0.0144745  -0.0139997
 -0.0333533           0   0.0154121 -0.00489596
  0.0144745  -0.0154121           0   0.0114409
  0.0139997  0.00489596  -0.0114409           0
EndNode2[0]<--->HoM1[0]
REAL
   0.454545  0.00607515     0.01367    0.351445
 0.00607515   0.0236613   0.0157902 -0.00940691
    0.01367   0.0157902   0.0286426  0.00915018
   0.351445 -0.00940691  0.00915018    0.493151
IMAGINARY
          0  0.00201365 -0.00622304  -0.0054259
-0.00201365           0  -0.0206158  0.00483028
 0.00622304   0.0206158           0 -0.00340641
  0.0054259 -0.00483028  0.00340641           0
Repeater1[0]<--->EndNode1[0]
REAL
   0.474074   0.0174266    0.013543    0.337952
  0.0174266   0.0320988  0.00381175 -0.00900343
   0.013543  0.00381175    0.045679   -0.007699
   0.337952 -0.00900343   -0.007699    0.448148
IMAGINARY
          0  -0.0144745   0.0333533  -0.0139997
  0.0144745           0  -0.0154121   0.0114409
 -0.0333533   0.0154121           0 -0.00489596
  0.0139997  -0.0114409  0.00489596           0
Repeater1[0]<--->HoM1[0]
REAL
   0.454545     0.01367  0.00607515    0.351445
    0.01367   0.0286426   0.0157902  0.00915018
 0.00607515   0.0157902   0.0236613 -0.00940691
   0.351445  0.00915018 -0.00940691    0.493151
IMAGINARY
          0 -0.00622304  0.00201365  -0.0054259
 0.00622304           0   0.0206158 -0.00340641
-0.00201365  -0.0206158           0  0.00483028
  0.0054259  0.00340641 -0.00483028           0
EndNode1[0]<--->Repeater1[0]
REAL
   0.477212 -0.00574495  0.00960776    0.346195
-0.00574495    0.041555  -0.0143948  0.00287581
 0.00960776  -0.0143948   0.0268097   0.0103442
   0.346195  0.00287581   0.0103442    0.454424
IMAGINARY
          0  0.00348559 -0.00345572  0.00304899
-0.00348559           0  -0.0051066   0.0101581
 0.00345572   0.0051066           0  -0.0155499
-0.00304899  -0.0101581   0.0155499           0
EndNode2[0]<--->HoM1[0]
REAL
   0.494845 -0.00550883   -0.017581    0.356267
-0.00550883   0.0270619   0.0142271 -0.00177818
  -0.017581   0.0142271   0.0360825  -0.0125152
   0.356267 -0.00177818  -0.0125152     0.44201
IMAGINARY
          0   0.0126441 -0.00163059  0.00473553
 -0.0126441           0 -0.00987692  0.00909327
 0.00163059  0.00987692           0 -0.00393758
-0.00473553 -0.00909327  0.00393758           0
Repeater1[0]<--->EndNode1[0]
REAL
   0.477212  0.00960776 -0.00574495    0.346195
 0.00960776   0.0268097  -0.0143948   0.0103442
-0.00574495  -0.0143948    0.041555  0.00287581
   0.346195   0.0103442  0.00287581    0.454424
IMAGINARY
          0 -0.00345572  0.00348559  0.00304899
 0.00345572           0   0.0051066  -0.0155499
-0.00348559  -0.0051066           0   0.0101581
-0.00304899   0.0155499  -0.0101581           0
Repeater1[0]<--->HoM1[0]
REAL
   0.494845   -0.017581 -0.00550883    0.356267
  -0.017581   0.0360825   0.0142271  -0.0125152
-0.00550883   0.0142271   0.0270619 -0.00177818
   0.356267  -0.0125152 -0.00177818     0.44201
IMAGINARY
          0 -0.00163059   0.0126441  0.00473553
 0.00163059           0  0.00987692 -0.00393758
 -0.0126441 -0.00987692           0  0.00909327
-0.00473553  0.00393758 -0.00909327           0
EndNode1[0]<--->Repeater1[0]
REAL
   0.460927  -0.0148212 -0.00287461    0.337711
 -0.0148212   0.0344371 -0.00202416 -0.00161833
-0.00287461 -0.00202416   0.0251656   0.0154631
   0.337711 -0.00161833   0.0154631     0.47947
IMAGINARY
          0   0.0107897  0.00783823   0.0287403
 -0.0107897           0  -0.0150506 -0.00585147
-0.00783823   0.0150506           0   -0.022048
 -0.0287403  0.00585147    0.022048           0
EndNode2[0]<--->HoM1[0]
REAL
    0.482536 -0.000204585    0.0176206     0.335541
-0.000204585    0.0232859    0.0174769   -0.0189329
   0.0176206    0.0174769    0.0284605   0.00676626
    0.335541   -0.0189329   0.00676626     0.465718
IMAGINARY
           0   -0.0205232   0.00258893  0.000950832
   0.0205232            0    -0.018786   0.00579817
 -0.00258893     0.018786            0   0.00310386
-0.000950832  -0.00579817  -0.00310386            0
Repeater1[0]<--->EndNode1[0]
REAL
   0.460927 -0.00287461  -0.0148212    0.337711
-0.00287461   0.0251656 -0.00202416   0.0154631
 -0.0148212 -0.00202416   0.0344371 -0.00161833
   0.337711   0.0154631 -0.00161833     0.47947
IMAGINARY
          0  0.00783823   0.0107897   0.0287403
-0.00783823           0   0.0150506   -0.022048
 -0.0107897  -0.0150506           0 -0.00585147
 -0.0287403    0.022048  0.00585147           0
Repeater1[0]<--->HoM1[0]
REAL
    0.482536    0.0176206 -0.000204585     0.335541
   0.0176206    0.0284605    0.0174769   0.00676626
-0.000204585    0.0174769    0.0232859   -0.0189329
    0.335541   0.00676626   -0.0189329     0.465718
IMAGINARY
           0   0.00258893   -0.0205232  0.000950832
 -0.00258893            0     0.018786   0.00310386
   0.0205232    -0.018786            0   0.00579817
-0.000950832  -0.00310386  -0.00579817            0
EndNode1[0]<--->Repeater1[0]
REAL
   0.460256 -0.00290126  0.00266008    0.330786
-0.00290126   0.0397436   0.0108374  0.00912003
 0.00266008   0.0108374   0.0307692 0.000283456
   0.330786  0.00912003 0.000283456    0.469231
IMAGINARY
          0  -0.0164738  -0.0169407  0.00869816
  0.0164738           0  0.00121686  0.00139668
  0.0169407 -0.00121686           0   0.0229505
-0.00869816 -0.00139668  -0.0229505           0
EndNode2[0]<--->HoM1[0]
REAL
   0.476373  0.00358967  -0.0117647    0.345496
 0.00358967   0.0332056 -0.00235855 -0.00196078
 -0.0117647 -0.00235855   0.0293742 0.000985498
   0.345496 -0.00196078 0.000985498    0.461047
IMAGINARY
          0  -0.0226788  0.00245321  0.00512475
  0.0226788           0   0.0063842   0.0138017
-0.00245321  -0.0063842           0  -0.0026788
-0.00512475  -0.0138017   0.0026788           0
Repeater1[0]<--->EndNode1[0]
REAL
   0.460256  0.00266008 -0.00290126    0.330786
 0.00266008   0.0307692   0.0108374 0.000283456
-0.00290126   0.0108374   0.0397436  0.00912003
   0.330786 0.000283456  0.00912003    0.469231
IMAGINARY
          0  -0.0169407  -0.0164738  0.00869816
  0.0169407           0 -0.00121686   0.0229505
  0.0164738  0.00121686           0  0.00139668
-0.00869816  -0.0229505 -0.00139668           0
Repeater1[0]<--->HoM1[0]
REAL
   0.476373  -0.0117647  0.00358967    0.345496
 -0.0117647   0.0293742 -0.00235855 0.000985498
 0.00358967 -0.00235855   0.0332056 -0.00196078
   0.345496 0.000985498 -0.00196078    0.461047
IMAGINARY
          0  0.00245321  -0.0226788  0.00512475
-0.00245321           0  -0.0063842  -0.0026788
  0.0226788   0.0063842           0   0.0138017
-0.00512475   0.0026788  -0.0138017           0
EndNode1[0]<--->Repeater1[0]
REAL
   0.465057   0.0168206   0.0082205    0.347662
  0.0168206   0.0368488 -0.00577541 0.000794757
  0.0082205 -0.00577541    0.025413   0.0199339
   0.347662 0.000794757   0.0199339    0.472681
IMAGINARY
          0  0.00761144  -0.0228694 -0.00619011
-0.00761144           0  -0.0112663   0.0131417
  0.0228694   0.0112663           0   0.0163834
 0.00619011  -0.0131417  -0.0163834           0
EndNode2[0]<--->HoM1[0]
REAL
   0.478819  0.00412381 -0.00580409     0.34917
 0.00412381   0.0282413   0.0144083 -0.00384842
-0.00580409   0.0144083    0.029525 -0.00605431
    0.34917 -0.00384842 -0.00605431    0.463415
IMAGINARY
          0   0.0174358  -0.0035308 -0.00932783
 -0.0174358           0 -0.00488056  -0.0117691
  0.0035308  0.00488056           0 -0.00825589
 0.00932783   0.0117691  0.00825589           0
Repeater1[0]<--->EndNode1[0]
REAL
   0.465057   0.0082205   0.0168206    0.347662
  0.0082205    0.025413 -0.00577541   0.0199339
  0.0168206 -0.00577541   0.0368488 0.000794757
   0.347662   0.0199339 0.000794757    0.472681
IMAGINARY
          0  -0.0228694  0.00761144 -0.00619011
  0.0228694           0   0.0112663   0.0163834
-0.00761144  -0.0112663           0   0.0131417
 0.00619011  -0.0163834  -0.0131417           0
Repeater1[0]<--->HoM1[0]
REAL
   0.478819 -0.00580409  0.00412381     0.34917
-0.00580409    0.029525   0.0144083 -0.00605431
 0.00412381   0.0144083   0.0282413 -0.00384842
    0.34917 -0.00605431 -0.00384842    0.463415
IMAGINARY
          0  -0.0035308   0.0174358 -0.00932783
  0.0035308           0  0.00488056 -0.00825589
 -0.0174358 -0.00488056           0  -0.0117691
 0.00932783  0.00825589   0.0117691           0
EndNode1[0]<--->Repeater1[0]
REAL
    0.46375 -0.00678403  -0.0360492    0.343661
-0.00678403     0.03125  0.00846913 -0.00279794
 -0.0360492  0.00846913     0.03625  -0.0395819
   0.343661 -0.00279794  -0.0395819     0.46875
IMAGINARY
          0 -0.00381285  0.00712822  0.00734474
 0.00381285           0  -0.0142804   0.0120787
-0.00712822   0.0142804           0  0.00071496
-0.00734474  -0.0120787 -0.00071496           0
EndNode2[0]<--->HoM1[0]
REAL
    0.454075  -0.00620602  -0.00910128     0.335384
 -0.00620602    0.0362225    0.0269788 -3.39217e-05
 -0.00910128    0.0269788    0.0362225   -0.0114554
    0.335384 -3.39217e-05   -0.0114554      0.47348
IMAGINARY
           0  0.000177524   -0.0215422    0.0178962
