EndNode1[0]<--->Repeater1[0]
REAL
    0.46684 -0.00489272 -0.00465656    0.388189
-0.00489272   0.0676203   0.0299317  0.00398542
-0.00465656   0.0299317   0.0637191   0.0028793
   0.388189  0.00398542   0.0028793    0.401821
IMAGINARY
          0   0.0106526 -0.00164711 -0.00798881
 -0.0106526           0  0.00173881 -0.00420465
 0.00164711 -0.00173881           0  0.00170115
 0.00798881  0.00420465 -0.00170115           0
EndNode2[0]<--->HoM1[0]
REAL
   0.441975  -0.0104574  -0.0127586    0.380829
 -0.0104574   0.0666667   0.0375923 -0.00303092
 -0.0127586   0.0375923   0.0580247 -0.00796364
   0.380829 -0.00303092 -0.00796364    0.433333
IMAGINARY
          0 -0.00998502 -0.00730058   0.0103709
 0.00998502           0   0.0110194  0.00287581
 0.00730058  -0.0110194           0    0.027052
 -0.0103709 -0.00287581   -0.027052           0
Repeater1[0]<--->EndNode1[0]
REAL
    0.46684 -0.00465656 -0.00489272    0.388189
-0.00465656   0.0637191   0.0299317   0.0028793
-0.00489272   0.0299317   0.0676203  0.00398542
   0.388189   0.0028793  0.00398542    0.401821
IMAGINARY
          0 -0.00164711   0.0106526 -0.00798881
 0.00164711           0 -0.00173881  0.00170115
 -0.0106526  0.00173881           0 -0.00420465
 0.00798881 -0.00170115  0.00420465           0
Repeater1[0]<--->HoM1[0]
REAL
   0.441975  -0.0127586  -0.0104574    0.380829
 -0.0127586   0.0580247   0.0375923 -0.00796364
 -0.0104574   0.0375923   0.0666667 -0.00303092
   0.380829 -0.00796364 -0.00303092    0.433333
IMAGINARY
          0 -0.00730058 -0.00998502   0.0103709
 0.00730058           0  -0.0110194    0.027052
 0.00998502   0.0110194           0  0.00287581
 -0.0103709   -0.027052 -0.00287581           0
EndNode1[0]<--->Repeater1[0]
REAL
   0.448669 -0.00319098   0.0029293    0.381217
-0.00319098   0.0544994   0.0450442  -0.0191001
  0.0029293   0.0450442   0.0570342  -0.0116861
   0.381217  -0.0191001  -0.0116861    0.439797
IMAGINARY
          0   0.0169051  -0.0101038 -0.00579373
 -0.0169051           0   -0.011883 -0.00103644
  0.0101038    0.011883           0   0.0112731
 0.00579373  0.00103644  -0.0112731           0
EndNode2[0]<--->HoM1[0]
REAL
   0.421855 0.000714612  -0.0209014    0.385163
0.000714612   0.0571792   0.0315041  -0.0023829
 -0.0209014   0.0315041   0.0546379 -0.00684206
   0.385163  -0.0023829 -0.00684206    0.466328
IMAGINARY
           0   -0.0160462   -0.0177725     0.014606
   0.0160462            0  0.000587339    0.0132795
   0.0177725 -0.000587339            0   0.00256739
   -0.014606   -0.0132795  -0.00256739            0
Repeater1[0]<--->EndNode1[0]
REAL
   0.448669   0.0029293 -0.00319098    0.381217
  0.0029293   0.0570342   0.0450442  -0.0116861
-0.00319098   0.0450442   0.0544994  -0.0191001
   0.381217  -0.0116861  -0.0191001    0.439797
IMAGINARY
          0  -0.0101038   0.0169051 -0.00579373
  0.0101038           0    0.011883   0.0112731
 -0.0169051   -0.011883           0 -0.00103644
 0.00579373  -0.0112731  0.00103644           0
Repeater1[0]<--->HoM1[0]
REAL
   0.421855  -0.0209014 0.000714612    0.385163
 -0.0209014   0.0546379   0.0315041 -0.00684206
0.000714612   0.0315041   0.0571792  -0.0023829
   0.385163 -0.00684206  -0.0023829    0.466328
IMAGINARY
           0   -0.0177725   -0.0160462     0.014606
   0.0177725            0 -0.000587339   0.00256739
   0.0160462  0.000587339            0    0.0132795
   -0.014606  -0.00256739   -0.0132795            0
EndNode1[0]<--->Repeater1[0]
REAL
   0.423816 -0.00437905 -0.00497151    0.385793
-0.00437905   0.0588988   0.0245146  0.00162479
-0.00497151   0.0245146   0.0665813 -0.00566111
   0.385793  0.00162479 -0.00566111    0.450704
IMAGINARY
           0  -0.00727814    0.0148207    0.0124461
  0.00727814            0   0.00506359  -0.00336111
  -0.0148207  -0.00506359            0 -0.000562633
  -0.0124461   0.00336111  0.000562633            0
EndNode2[0]<--->HoM1[0]
REAL
    0.475222   0.00728493 -0.000136051     0.379521
  0.00728493    0.0520966     0.042456    -0.013518
-0.000136051     0.042456    0.0520966   -0.0131367
    0.379521    -0.013518   -0.0131367     0.420584
IMAGINARY
          0  0.00413918  -0.0181305 -0.00213322
-0.00413918           0   0.0112716  -0.0117202
  0.0181305  -0.0112716           0   0.0269553
 0.00213322   0.0117202  -0.0269553           0
Repeater1[0]<--->EndNode1[0]
REAL
   0.423816 -0.00497151 -0.00437905    0.385793
-0.00497151   0.0665813   0.0245146 -0.00566111
-0.00437905   0.0245146   0.0588988  0.00162479
   0.385793 -0.00566111  0.00162479    0.450704
IMAGINARY
           0    0.0148207  -0.00727814    0.0124461
  -0.0148207            0  -0.00506359 -0.000562633
  0.00727814   0.00506359            0  -0.00336111
  -0.0124461  0.000562633   0.00336111            0
Repeater1[0]<--->HoM1[0]
REAL
    0.475222 -0.000136051   0.00728493     0.379521
-0.000136051    0.0520966     0.042456   -0.0131367
  0.00728493     0.042456    0.0520966    -0.013518
    0.379521   -0.0131367    -0.013518     0.420584
IMAGINARY
          0  -0.0181305  0.00413918 -0.00213322
  0.0181305           0  -0.0112716   0.0269553
-0.00413918   0.0112716           0  -0.0117202
 0.00213322  -0.0269553   0.0117202           0
EndNode1[0]<--->Repeater1[0]
REAL
   0.446429   0.0245961   0.0117738     0.37142
  0.0245961    0.057398   0.0430988 -0.00973855
  0.0117738   0.0430988    0.067602  -0.0157766
    0.37142 -0.00973855  -0.0157766    0.428571
IMAGINARY
          0 -0.00755668  0.00124518  -0.0240657
 0.00755668           0   0.0130696  0.00251422
-0.00124518  -0.0130696           0  0.00755668
  0.0240657 -0.00251422 -0.00755668           0
EndNode2[0]<--->HoM1[0]
REAL
   0.460645  -0.0113233 -0.00352512    0.386307
 -0.0113233   0.0683871   0.0320869   0.0138878
-0.00352512   0.0320869   0.0696774   0.0203906
   0.386307   0.0138878   0.0203906     0.40129
IMAGINARY
          0 -0.00292741 -0.00772741  0.00809855
 0.00292741           0  0.00561716  0.00900619
 0.00772741 -0.00561716           0  0.00420618
-0.00809855 -0.00900619 -0.00420618           0
Repeater1[0]<--->EndNode1[0]
REAL
   0.446429   0.0117738   0.0245961     0.37142
  0.0117738    0.067602   0.0430988  -0.0157766
  0.0245961   0.0430988    0.057398 -0.00973855
    0.37142  -0.0157766 -0.00973855    0.428571
IMAGINARY
          0  0.00124518 -0.00755668  -0.0240657
-0.00124518           0  -0.0130696  0.00755668
 0.00755668   0.0130696           0  0.00251422
  0.0240657 -0.00755668 -0.00251422           0
Repeater1[0]<--->HoM1[0]
REAL
   0.460645 -0.00352512  -0.0113233    0.386307
-0.00352512   0.0696774   0.0320869   0.0203906
 -0.0113233   0.0320869   0.0683871   0.0138878
   0.386307   0.0203906   0.0138878     0.40129
IMAGINARY
          0 -0.00772741 -0.00292741  0.00809855
 0.00772741           0 -0.00561716  0.00420618
 0.00292741  0.00561716           0  0.00900619
-0.00809855 -0.00420618 -0.00900619           0
EndNode1[0]<--->Repeater1[0]
REAL
   0.467816 -0.00290605   0.0279311    0.380667
-0.00290605    0.054023    0.021131 -0.00925894
  0.0279311    0.021131    0.054023   0.0174289
   0.380667 -0.00925894   0.0174289    0.424138
IMAGINARY
           0   0.00987654   0.00428198   -0.0107929
 -0.00987654            0  -0.00283695 -0.000416004
 -0.00428198   0.00283695            0  -0.00987654
   0.0107929  0.000416004   0.00987654            0
EndNode2[0]<--->HoM1[0]
REAL
  0.458896 0.00201383  0.0121833   0.374175
0.00201383  0.0613497  0.0350325 0.00827705
 0.0121833  0.0350325  0.0601227 0.00949512
  0.374175 0.00827705 0.00949512   0.419632
IMAGINARY
          0   0.0061345  0.00268097  0.00470304
 -0.0061345           0   -0.026385  0.00268097
-0.00268097    0.026385           0  0.00995129
-0.00470304 -0.00268097 -0.00995129           0
Repeater1[0]<--->EndNode1[0]
REAL
   0.467816   0.0279311 -0.00290605    0.380667
  0.0279311    0.054023    0.021131   0.0174289
-0.00290605    0.021131    0.054023 -0.00925894
   0.380667   0.0174289 -0.00925894    0.424138
IMAGINARY
           0   0.00428198   0.00987654   -0.0107929
 -0.00428198            0   0.00283695  -0.00987654
 -0.00987654  -0.00283695            0 -0.000416004
   0.0107929   0.00987654  0.000416004            0
Repeater1[0]<--->HoM1[0]
REAL
  0.458896  0.0121833 0.00201383   0.374175
 0.0121833  0.0601227  0.0350325 0.00949512
0.00201383  0.0350325  0.0613497 0.00827705
  0.374175 0.00949512 0.00827705   0.419632
IMAGINARY
          0  0.00268097   0.0061345  0.00470304
-0.00268097           0    0.026385  0.00995129
 -0.0061345   -0.026385           0  0.00268097
-0.00470304 -0.00995129 -0.00268097           0
EndNode1[0]<--->Repeater1[0]
REAL
   0.444748 -0.00351304 -0.00320401    0.382262
-0.00351304   0.0613915   0.0302215 -0.00258749
-0.00320401   0.0302215   0.0545703 -0.00227847
   0.382262 -0.00258749 -0.00227847    0.439291
IMAGINARY
          0  0.00809805   0.0207648  0.00855072
-0.00809805           0  -0.0165458  -0.0182137
 -0.0207648   0.0165458           0  0.00210604
-0.00855072   0.0182137 -0.00210604           0
EndNode2[0]<--->HoM1[0]
REAL
   0.456522 -0.00308256  0.00836894    0.371398
-0.00308256   0.0601023    0.032927 -0.00247117
 0.00836894    0.032927   0.0421995 -0.00805768
   0.371398 -0.00247117 -0.00805768    0.441176
IMAGINARY
          0 -0.00845728  0.00239642 -0.00147021
 0.00845728           0   0.0150537  -0.0153434
-0.00239642  -0.0150537           0   0.0201712
 0.00147021   0.0153434  -0.0201712           0
Repeater1[0]<--->EndNode1[0]
REAL
   0.444748 -0.00320401 -0.00351304    0.382262
-0.00320401   0.0545703   0.0302215 -0.00227847
-0.00351304   0.0302215   0.0613915 -0.00258749
   0.382262 -0.00227847 -0.00258749    0.439291
IMAGINARY
          0   0.0207648  0.00809805  0.00855072
 -0.0207648           0   0.0165458  0.00210604
-0.00809805  -0.0165458           0  -0.0182137
-0.00855072 -0.00210604   0.0182137           0
Repeater1[0]<--->HoM1[0]
REAL
   0.456522  0.00836894 -0.00308256    0.371398
 0.00836894   0.0421995    0.032927 -0.00805768
-0.00308256    0.032927   0.0601023 -0.00247117
   0.371398 -0.00805768 -0.00247117    0.441176
IMAGINARY
          0  0.00239642 -0.00845728 -0.00147021
-0.00239642           0  -0.0150537   0.0201712
 0.00845728   0.0150537           0  -0.0153434
 0.00147021  -0.0201712   0.0153434           0
EndNode1[0]<--->Repeater1[0]
REAL
  0.443537  0.0134132  0.0109941   0.393138
 0.0134132  0.0612245  0.0327884 0.00113868
 0.0109941  0.0327884  0.0544218  0.0140453
  0.393138 0.00113868  0.0140453   0.440816
IMAGINARY
           0  -0.00570962 -0.000796531   -0.0111354
  0.00570962            0  -0.00486973    0.0107716
 0.000796531   0.00486973            0   -0.0167343
   0.0111354   -0.0107716    0.0167343            0
EndNode2[0]<--->HoM1[0]
REAL
   0.462937   0.0147445 -0.00746877    0.383752
  0.0147445   0.0545455    0.024279   0.0243081
-0.00746877    0.024279   0.0741259  0.00857161
   0.383752   0.0243081  0.00857161    0.408392
IMAGINARY
           0    0.0198646 -0.000492403   0.00315602
  -0.0198646            0   -0.0127591   -0.0139367
 0.000492403    0.0127591            0   0.00460212
 -0.00315602    0.0139367  -0.00460212            0
Repeater1[0]<--->EndNode1[0]
REAL
  0.443537  0.0109941  0.0134132   0.393138
 0.0109941  0.0544218  0.0327884  0.0140453
 0.0134132  0.0327884  0.0612245 0.00113868
  0.393138  0.0140453 0.00113868   0.440816
IMAGINARY
           0 -0.000796531  -0.00570962   -0.0111354
 0.000796531            0   0.00486973   -0.0167343
  0.00570962  -0.00486973            0    0.0107716
   0.0111354    0.0167343   -0.0107716            0
Repeater1[0]<--->HoM1[0]
REAL
   0.462937 -0.00746877   0.0147445    0.383752
-0.00746877   0.0741259    0.024279  0.00857161
  0.0147445    0.024279   0.0545455   0.0243081
   0.383752  0.00857161   0.0243081    0.408392
IMAGINARY
           0 -0.000492403    0.0198646   0.00315602
 0.000492403            0    0.0127591   0.00460212
  -0.0198646   -0.0127591            0   -0.0139367
 -0.00315602  -0.00460212    0.0139367            0
EndNode1[0]<--->Repeater1[0]
REAL
    0.442543   0.00519927   -0.0130803     0.385943
  0.00519927    0.0672372    0.0313507 -0.000704112
  -0.0130803    0.0313507    0.0623472   -0.0189837
    0.385943 -0.000704112   -0.0189837     0.427873
IMAGINARY
          0    0.014259   -0.014354    0.017663
  -0.014259           0    0.017663  -0.0073297
   0.014354   -0.017663           0  0.00232265
  -0.017663   0.0073297 -0.00232265           0
EndNode2[0]<--->HoM1[0]
REAL
   0.433779 -0.00527083  0.00952323    0.382457
-0.00527083   0.0595383   0.0466764   0.0101618
 0.00952323   0.0466764   0.0631835   0.0249559
   0.382457   0.0101618   0.0249559    0.443499
IMAGINARY
          0  -0.0245233   0.0327388  0.00652898
  0.0245233           0 -0.00399734 -0.00803916
 -0.0327388  0.00399734           0  0.00916946
-0.00652898  0.00803916 -0.00916946           0
Repeater1[0]<--->EndNode1[0]
REAL
    0.442543   -0.0130803   0.00519927     0.385943
  -0.0130803    0.0623472    0.0313507   -0.0189837
  0.00519927    0.0313507    0.0672372 -0.000704112
    0.385943   -0.0189837 -0.000704112     0.427873
IMAGINARY
          0   -0.014354    0.014259    0.017663
   0.014354           0   -0.017663  0.00232265
  -0.014259    0.017663           0  -0.0073297
  -0.017663 -0.00232265   0.0073297           0
Repeater1[0]<--->HoM1[0]
REAL
   0.433779  0.00952323 -0.00527083    0.382457
 0.00952323   0.0631835   0.0466764   0.0249559
-0.00527083   0.0466764   0.0595383   0.0101618
   0.382457   0.0249559   0.0101618    0.443499
IMAGINARY
          0   0.0327388  -0.0245233  0.00652898
 -0.0327388           0  0.00399734  0.00916946
  0.0245233 -0.00399734           0 -0.00803916
-0.00652898 -0.00916946  0.00803916           0
EndNode1[0]<--->Repeater1[0]
REAL
  0.431122 -0.0193717 0.00262197   0.375839
-0.0193717  0.0637755   0.030289  0.0136753
0.00262197   0.030289  0.0446429 0.00437826
  0.375839  0.0136753 0.00437826   0.460459
IMAGINARY
           0  -0.00430017  -0.00271311  -0.00100276
  0.00430017            0    0.0106553  -0.00514029
  0.00271311   -0.0106553            0 -0.000935432
  0.00100276   0.00514029  0.000935432            0
EndNode2[0]<--->HoM1[0]
REAL
   0.447436 -0.00817299 -0.00136911    0.394979
-0.00817299   0.0525641   0.0393642  -0.0087319
-0.00136911   0.0393642   0.0602564   -0.012029
   0.394979  -0.0087319   -0.012029    0.439744
IMAGINARY
          0 -0.00357168 -0.00958111  -0.0100788
 0.00357168           0 -0.00128483  0.00557041
 0.00958111  0.00128483           0  0.00223478
  0.0100788 -0.00557041 -0.00223478           0
Repeater1[0]<--->EndNode1[0]
REAL
  0.431122 0.00262197 -0.0193717   0.375839
0.00262197  0.0446429   0.030289 0.00437826
-0.0193717   0.030289  0.0637755  0.0136753
  0.375839 0.00437826  0.0136753   0.460459
IMAGINARY
           0  -0.00271311  -0.00430017  -0.00100276
  0.00271311            0   -0.0106553 -0.000935432
  0.00430017    0.0106553            0  -0.00514029
  0.00100276  0.000935432   0.00514029            0
Repeater1[0]<--->HoM1[0]
REAL
   0.447436 -0.00136911 -0.00817299    0.394979
-0.00136911   0.0602564   0.0393642   -0.012029
-0.00817299   0.0393642   0.0525641  -0.0087319
   0.394979   -0.012029  -0.0087319    0.439744
IMAGINARY
          0 -0.00958111 -0.00357168  -0.0100788
 0.00958111           0  0.00128483  0.00223478
 0.00357168 -0.00128483           0  0.00557041
  0.0100788 -0.00223478 -0.00557041           0
EndNode1[0]<--->Repeater1[0]
REAL
   0.462466  0.00381821 -0.00443543    0.391614
 0.00381821   0.0563003    0.040941  -0.0286385
-0.00443543    0.040941   0.0495979   -0.023922
   0.391614  -0.0286385   -0.023922    0.431635
IMAGINARY
          0  0.00319082  0.00623917   0.0213544
-0.00319082           0 -0.00367766   0.0127327
-0.00623917  0.00367766           0  -0.0123707
 -0.0213544  -0.0127327   0.0123707           0
EndNode2[0]<--->HoM1[0]
REAL
   0.421508   0.0227791 -0.00200028    0.390098
  0.0227791   0.0667491   0.0318403   0.0147863
-0.00200028   0.0318403    0.053152 -0.00460948
   0.390098   0.0147863 -0.00460948    0.458591
IMAGINARY
          0  -0.0128755  -0.0143998  0.00484101
  0.0128755           0  -0.0099043 -0.00705666
  0.0143998   0.0099043           0   0.0200277
-0.00484101  0.00705666  -0.0200277           0
Repeater1[0]<--->EndNode1[0]
REAL
   0.462466 -0.00443543  0.00381821    0.391614
-0.00443543   0.0495979    0.040941   -0.023922
 0.00381821    0.040941   0.0563003  -0.0286385
   0.391614   -0.023922  -0.0286385    0.431635
IMAGINARY
          0  0.00623917  0.00319082   0.0213544
-0.00623917           0  0.00367766  -0.0123707
-0.00319082 -0.00367766           0   0.0127327
 -0.0213544   0.0123707  -0.0127327           0
Repeater1[0]<--->HoM1[0]
REAL
   0.421508 -0.00200028   0.0227791    0.390098
-0.00200028    0.053152   0.0318403 -0.00460948
  0.0227791   0.0318403   0.0667491   0.0147863
   0.390098 -0.00460948   0.0147863    0.458591
IMAGINARY
          0  -0.0143998  -0.0128755  0.00484101
  0.0143998           0   0.0099043   0.0200277
  0.0128755  -0.0099043           0 -0.00705666
-0.00484101  -0.0200277  0.00705666           0
EndNode1[0]<--->Repeater1[0]
REAL
    0.419098 -0.000978834 -0.000823185     0.388413
-0.000978834    0.0596817    0.0351309    0.0153863
-0.000823185    0.0351309    0.0543767    0.0264643
    0.388413    0.0153863    0.0264643     0.466844
IMAGINARY
          0 -0.00164398  0.00867986 -0.00686965
 0.00164398           0  0.00115174 -0.00417535
-0.00867986 -0.00115174           0 -0.00286052
 0.00686965  0.00417535  0.00286052           0
EndNode2[0]<--->HoM1[0]
REAL
   0.466135  0.00280152 -0.00872213    0.372612
 0.00280152    0.059761    0.037935  -0.0186477
-0.00872213    0.037935   0.0517928  -0.0208256
   0.372612  -0.0186477  -0.0208256    0.422311
IMAGINARY
           0   0.00509053   -0.0121779 -0.000274765
 -0.00509053            0  -0.00913552    0.0148661
   0.0121779   0.00913552            0   0.00700624
 0.000274765   -0.0148661  -0.00700624            0
Repeater1[0]<--->EndNode1[0]
REAL
    0.419098 -0.000823185 -0.000978834     0.388413
-0.000823185    0.0543767    0.0351309    0.0264643
-0.000978834    0.0351309    0.0596817    0.0153863
    0.388413    0.0264643    0.0153863     0.466844
IMAGINARY
          0  0.00867986 -0.00164398 -0.00686965
-0.00867986           0 -0.00115174 -0.00286052
 0.00164398  0.00115174           0 -0.00417535
 0.00686965  0.00286052  0.00417535           0
Repeater1[0]<--->HoM1[0]
REAL
   0.466135 -0.00872213  0.00280152    0.372612
-0.00872213   0.0517928    0.037935  -0.0208256
 0.00280152    0.037935    0.059761  -0.0186477
   0.372612  -0.0208256  -0.0186477    0.422311
IMAGINARY
           0   -0.0121779   0.00509053 -0.000274765
   0.0121779            0   0.00913552   0.00700624
 -0.00509053  -0.00913552            0    0.0148661
 0.000274765  -0.00700624   -0.0148661            0
EndNode1[0]<--->Repeater1[0]
REAL
  0.444982 0.00724125  0.0121449   0.381238
0.00724125  0.0604595  0.0436627 0.00300657
 0.0121449  0.0436627  0.0471584 0.00659274
  0.381238 0.00300657 0.00659274     0.4474
IMAGINARY
          0   0.0193612  -0.0115245 -0.00910645
 -0.0193612           0  -0.0039251   0.0181912
  0.0115245   0.0039251           0  -0.0211794
 0.00910645  -0.0181912   0.0211794           0
EndNode2[0]<--->HoM1[0]
REAL
   0.435762  -0.0160851  -0.0111416    0.382205
 -0.0160851   0.0754967   0.0295599 -0.00676117
 -0.0111416   0.0295599   0.0622517 -0.00565399
   0.382205 -0.00676117 -0.00565399     0.42649
IMAGINARY
           0 -0.000966258   -0.0144572    -0.010055
 0.000966258            0   0.00311936   -0.0157695
   0.0144572  -0.00311936            0  -0.00784986
    0.010055    0.0157695   0.00784986            0
Repeater1[0]<--->EndNode1[0]
REAL
  0.444982  0.0121449 0.00724125   0.381238
 0.0121449  0.0471584  0.0436627 0.00659274
0.00724125  0.0436627  0.0604595 0.00300657
  0.381238 0.00659274 0.00300657     0.4474
IMAGINARY
          0  -0.0115245   0.0193612 -0.00910645
  0.0115245           0   0.0039251  -0.0211794
 -0.0193612  -0.0039251           0   0.0181912
 0.00910645   0.0211794  -0.0181912           0
Repeater1[0]<--->HoM1[0]
REAL
   0.435762  -0.0111416  -0.0160851    0.382205
 -0.0111416   0.0622517   0.0295599 -0.00565399
 -0.0160851   0.0295599   0.0754967 -0.00676117
   0.382205 -0.00565399 -0.00676117     0.42649
IMAGINARY
           0   -0.0144572 -0.000966258    -0.010055
   0.0144572            0  -0.00311936  -0.00784986
 0.000966258   0.00311936            0   -0.0157695
    0.010055   0.00784986    0.0157695            0
EndNode1[0]<--->Repeater1[0]
REAL
   0.465432  0.00123269   0.0127742    0.383994
 0.00123269   0.0530864   0.0365361 -0.00813839
  0.0127742   0.0365361   0.0604938 -0.00454395
   0.383994 -0.00813839 -0.00454395    0.420988
IMAGINARY
          0  0.00351199   0.0152001 -0.00964287
-0.00351199           0   0.0128439  -0.0184596
 -0.0152001  -0.0128439           0  0.00887392
 0.00964287   0.0184596 -0.00887392           0
EndNode2[0]<--->HoM1[0]
REAL
    0.48248 -0.00410606  0.00412343    0.400577
-0.00410606   0.0485175   0.0325035  0.00597758
 0.00412343   0.0325035   0.0404313  0.00789394
   0.400577  0.00597758  0.00789394    0.428571
IMAGINARY
          0   0.0171422   -0.016578 -0.00572214
 -0.0171422           0 -0.00638439  -0.0124458
   0.016578  0.00638439           0  0.00396602
 0.00572214   0.0124458 -0.00396602           0
Repeater1[0]<--->EndNode1[0]
REAL
   0.465432   0.0127742  0.00123269    0.383994
  0.0127742   0.0604938   0.0365361 -0.00454395
 0.00123269   0.0365361   0.0530864 -0.00813839
   0.383994 -0.00454395 -0.00813839    0.420988
IMAGINARY
          0   0.0152001  0.00351199 -0.00964287
 -0.0152001           0  -0.0128439  0.00887392
-0.00351199   0.0128439           0  -0.0184596
 0.00964287 -0.00887392   0.0184596           0
Repeater1[0]<--->HoM1[0]
REAL
    0.48248  0.00412343 -0.00410606    0.400577
 0.00412343   0.0404313   0.0325035  0.00789394
-0.00410606   0.0325035   0.0485175  0.00597758
   0.400577  0.00789394  0.00597758    0.428571
IMAGINARY
          0   -0.016578   0.0171422 -0.00572214
   0.016578           0  0.00638439  0.00396602
 -0.0171422 -0.00638439           0  -0.0124458
 0.00572214 -0.00396602   0.0124458           0
EndNode1[0]<--->Repeater1[0]
REAL
   0.432836 0.000331682 0.000618723    0.391079
0.000331682   0.0515604   0.0456132  0.00325725
0.000618723   0.0456132   0.0502035   0.0022523
   0.391079  0.00325725   0.0022523      0.4654
IMAGINARY
          0 -0.00427826  0.00065642  -0.0193314
 0.00427826           0  -0.0238476  0.00764498
-0.00065642   0.0238476           0  -0.0129631
  0.0193314 -0.00764498   0.0129631           0
EndNode2[0]<--->HoM1[0]
REAL
   0.446406  -0.0209963 -0.00411217    0.372962
 -0.0209963   0.0605296   0.0337215 -0.00282351
-0.00411217   0.0337215   0.0466583  0.00901647
   0.372962 -0.00282351  0.00901647    0.446406
IMAGINARY
          0  0.00943423 -0.00242616  -0.0145082
-0.00943423           0   0.0113316  -0.0190928
 0.00242616  -0.0113316           0   0.0260088
  0.0145082   0.0190928  -0.0260088           0
Repeater1[0]<--->EndNode1[0]
REAL
   0.432836 0.000618723 0.000331682    0.391079
0.000618723   0.0502035   0.0456132   0.0022523
0.000331682   0.0456132   0.0515604  0.00325725
   0.391079   0.0022523  0.00325725      0.4654
IMAGINARY
          0  0.00065642 -0.00427826  -0.0193314
-0.00065642           0   0.0238476  -0.0129631
 0.00427826  -0.0238476           0  0.00764498
  0.0193314   0.0129631 -0.00764498           0
Repeater1[0]<--->HoM1[0]
REAL
   0.446406 -0.00411217  -0.0209963    0.372962
-0.00411217   0.0466583   0.0337215  0.00901647
 -0.0209963   0.0337215   0.0605296 -0.00282351
   0.372962  0.00901647 -0.00282351    0.446406
IMAGINARY
          0 -0.00242616  0.00943423  -0.0145082
 0.00242616           0  -0.0113316   0.0260088
-0.00943423   0.0113316           0  -0.0190928
  0.0145082  -0.0260088   0.0190928           0
EndNode1[0]<--->Repeater1[0]
REAL
  0.420844 -0.0125043 -0.0326475   0.396363
-0.0125043  0.0514512  0.0372259 0.00135756
-0.0326475  0.0372259  0.0514512 -0.0187857
  0.396363 0.00135756 -0.0187857   0.476253
IMAGINARY
          0  0.00321164   0.0076192  0.00144255
-0.00321164           0   0.0156178  -0.0126953
 -0.0076192  -0.0156178           0 -0.00448067
-0.00144255   0.0126953  0.00448067           0
EndNode2[0]<--->HoM1[0]
REAL
   0.481622   0.0078329  0.00793912    0.395158
  0.0078329   0.0506971   0.0168314 -0.00921463
 0.00793912   0.0168314    0.035488  -0.0078329
   0.395158 -0.00921463  -0.0078329    0.432193
IMAGINARY
           0   0.00313995  -0.00188457    0.0102316
 -0.00313995            0   -0.0115649 -1.65728e-05
  0.00188457    0.0115649            0   0.00636575
  -0.0102316  1.65728e-05  -0.00636575            0
Repeater1[0]<--->EndNode1[0]
REAL
  0.420844 -0.0326475 -0.0125043   0.396363
-0.0326475  0.0514512  0.0372259 -0.0187857
-0.0125043  0.0372259  0.0514512 0.00135756
  0.396363 -0.0187857 0.00135756   0.476253
IMAGINARY
          0   0.0076192  0.00321164  0.00144255
 -0.0076192           0  -0.0156178 -0.00448067
-0.00321164   0.0156178           0  -0.0126953
-0.00144255  0.00448067   0.0126953           0
Repeater1[0]<--->HoM1[0]
REAL
   0.481622  0.00793912   0.0078329    0.395158
 0.00793912    0.035488   0.0168314  -0.0078329
  0.0078329   0.0168314   0.0506971 -0.00921463
   0.395158  -0.0078329 -0.00921463    0.432193
IMAGINARY
           0  -0.00188457   0.00313995    0.0102316
  0.00188457            0    0.0115649   0.00636575
 -0.00313995   -0.0115649            0 -1.65728e-05
  -0.0102316  -0.00636575  1.65728e-05            0
EndNode1[0]<--->Repeater1[0]
REAL
   0.447073  0.00128969   0.0188693    0.386529
 0.00128969   0.0647572   0.0417682  -0.0220703
  0.0188693   0.0417682   0.0523039 0.000630927
   0.386529  -0.0220703 0.000630927    0.435866
IMAGINARY
          0  0.00833423  -0.0136334   0.0153965
-0.00833423           0   0.0140876  -0.0154739
  0.0136334  -0.0140876           0   0.0311224
 -0.0153965   0.0154739  -0.0311224           0
EndNode2[0]<--->HoM1[0]
REAL
   0.406607  0.00246256 -0.00625908    0.404703
 0.00246256   0.0609911   0.0147943   0.0144352
-0.00625908   0.0147943   0.0584498  0.00571354
   0.404703   0.0144352  0.00571354    0.473952
IMAGINARY
          0 -0.00888139  -0.0128836  0.00627055
 0.00888139           0  0.00503598 -0.00218845
  0.0128836 -0.00503598           0   0.0134685
-0.00627055  0.00218845  -0.0134685           0
Repeater1[0]<--->EndNode1[0]
REAL
   0.447073   0.0188693  0.00128969    0.386529
  0.0188693   0.0523039   0.0417682 0.000630927
 0.00128969   0.0417682   0.0647572  -0.0220703
   0.386529 0.000630927  -0.0220703    0.435866
IMAGINARY
          0  -0.0136334  0.00833423   0.0153965
  0.0136334           0  -0.0140876   0.0311224
-0.00833423   0.0140876           0  -0.0154739
 -0.0153965  -0.0311224   0.0154739           0
Repeater1[0]<--->HoM1[0]
REAL
   0.406607 -0.00625908  0.00246256    0.404703
-0.00625908   0.0584498   0.0147943  0.00571354
 0.00246256   0.0147943   0.0609911   0.0144352
   0.404703  0.00571354   0.0144352    0.473952
IMAGINARY
          0  -0.0128836 -0.00888139  0.00627055
  0.0128836           0 -0.00503598   0.0134685
 0.00888139  0.00503598           0 -0.00218845
-0.00627055  -0.0134685  0.00218845           0
EndNode1[0]<--->Repeater1[0]
REAL
   0.439374  0.00470653  0.00278153    0.380029
 0.00470653    0.071708   0.0471489   0.0134734
 0.00278153   0.0471489   0.0704042 -0.00665711
   0.380029   0.0134734 -0.00665711    0.418514
IMAGINARY
          0   0.0231525 -0.00384615 -0.00643501
 -0.0231525           0  0.00965251  0.00384615
 0.00384615 -0.00965251           0  -0.0109243
 0.00643501 -0.00384615   0.0109243           0
EndNode2[0]<--->HoM1[0]
REAL
   0.411609  0.00557766 -0.00296518     0.37511
 0.00557766   0.0474934   0.0254958 -0.00612573
-0.00296518   0.0254958   0.0699208  0.00230112
    0.37511 -0.00612573  0.00230112    0.470976
IMAGINARY
           0    0.0149807    0.0220864  0.000354662
  -0.0149807            0  -0.00222266  -0.00409158
  -0.0220864   0.00222266            0   -0.0214074
-0.000354662   0.00409158    0.0214074            0
Repeater1[0]<--->EndNode1[0]
REAL
   0.439374  0.00278153  0.00470653    0.380029
 0.00278153   0.0704042   0.0471489 -0.00665711
 0.00470653   0.0471489    0.071708   0.0134734
   0.380029 -0.00665711   0.0134734    0.418514
IMAGINARY
          0 -0.00384615   0.0231525 -0.00643501
 0.00384615           0 -0.00965251  -0.0109243
 -0.0231525  0.00965251           0  0.00384615
 0.00643501   0.0109243 -0.00384615           0
Repeater1[0]<--->HoM1[0]
REAL
   0.411609 -0.00296518  0.00557766     0.37511
-0.00296518   0.0699208   0.0254958  0.00230112
 0.00557766   0.0254958   0.0474934 -0.00612573
    0.37511  0.00230112 -0.00612573    0.470976
IMAGINARY
           0    0.0220864    0.0149807  0.000354662
  -0.0220864            0   0.00222266   -0.0214074
  -0.0149807  -0.00222266            0  -0.00409158
-0.000354662    0.0214074   0.00409158            0
EndNode1[0]<--->Repeater1[0]
REAL
  0.467974  0.0143398  0.0367187   0.372756
 0.0143398  0.0535948  0.0436963 0.00312701
 0.0367187  0.0436963  0.0457516  0.0190792
  0.372756 0.00312701  0.0190792    0.43268
IMAGINARY
          0  -0.0139769 -0.00250548 -0.00498174
  0.0139769           0  -0.0202172    0.025094
 0.00250548   0.0202172           0  -0.0159377
 0.00498174   -0.025094   0.0159377           0
EndNode2[0]<--->HoM1[0]
REAL
   0.410622 -0.00929796   0.0104753    0.388995
-0.00929796   0.0608808   0.0285581  -0.0171242
  0.0104753   0.0285581   0.0673575  -0.0053297
   0.388995  -0.0171242  -0.0053297     0.46114
IMAGINARY
          0   0.0198801  0.00608845 -0.00153523
 -0.0198801           0 -0.00831698  -0.0315739
-0.00608845  0.00831698           0 -0.00774419
 0.00153523   0.0315739  0.00774419           0
Repeater1[0]<--->EndNode1[0]
REAL
  0.467974  0.0367187  0.0143398   0.372756
 0.0367187  0.0457516  0.0436963  0.0190792
 0.0143398  0.0436963  0.0535948 0.00312701
  0.372756  0.0190792 0.00312701    0.43268
IMAGINARY
          0 -0.00250548  -0.0139769 -0.00498174
 0.00250548           0   0.0202172  -0.0159377
  0.0139769  -0.0202172           0    0.025094
 0.00498174   0.0159377   -0.025094           0
Repeater1[0]<--->HoM1[0]
REAL
   0.410622   0.0104753 -0.00929796    0.388995
  0.0104753   0.0673575   0.0285581  -0.0053297
-0.00929796   0.0285581   0.0608808  -0.0171242
   0.388995  -0.0053297  -0.0171242     0.46114
IMAGINARY
          0  0.00608845   0.0198801 -0.00153523
-0.00608845           0  0.00831698 -0.00774419
 -0.0198801 -0.00831698           0  -0.0315739
 0.00153523  0.00774419   0.0315739           0
EndNode1[0]<--->Repeater1[0]
REAL
   0.425997  -0.0143011 -0.00548221    0.373892
 -0.0143011   0.0592021   0.0344947 -0.00290489
-0.00548221   0.0344947   0.0592021   0.0123656
   0.373892 -0.00290489   0.0123656    0.455598
IMAGINARY
          0   0.0257802  -0.0134371  -0.0239967
 -0.0257802           0  -0.0159221  0.00151739
  0.0134371   0.0159221           0 -0.00131342
  0.0239967 -0.00151739  0.00131342           0
EndNode2[0]<--->HoM1[0]
REAL
  0.451571 -0.0198595 -0.0170233   0.379323
-0.0198595  0.0510471  0.0367078  0.0119342
-0.0170233  0.0367078  0.0445026 0.00204776
  0.379323  0.0119342 0.00204776    0.45288
IMAGINARY
           0  0.000898819  0.000924006  -0.00883756
-0.000898819            0    0.0182243   -0.0106092
-0.000924006   -0.0182243            0    0.0160503
  0.00883756    0.0106092   -0.0160503            0
Repeater1[0]<--->EndNode1[0]
REAL
   0.425997 -0.00548221  -0.0143011    0.373892
-0.00548221   0.0592021   0.0344947   0.0123656
 -0.0143011   0.0344947   0.0592021 -0.00290489
   0.373892   0.0123656 -0.00290489    0.455598
IMAGINARY
          0  -0.0134371   0.0257802  -0.0239967
  0.0134371           0   0.0159221 -0.00131342
 -0.0257802  -0.0159221           0  0.00151739
  0.0239967  0.00131342 -0.00151739           0
Repeater1[0]<--->HoM1[0]
REAL
  0.451571 -0.0170233 -0.0198595   0.379323
-0.0170233  0.0445026  0.0367078 0.00204776
-0.0198595  0.0367078  0.0510471  0.0119342
  0.379323 0.00204776  0.0119342    0.45288
IMAGINARY
           0  0.000924006  0.000898819  -0.00883756
-0.000924006            0   -0.0182243    0.0160503
-0.000898819    0.0182243            0   -0.0106092
  0.00883756   -0.0160503    0.0106092            0
EndNode1[0]<--->Repeater1[0]
REAL
    0.419753  -0.00429581 -0.000695578     0.381702
 -0.00429581    0.0592593    0.0382984  -0.00197109
-0.000695578    0.0382984    0.0617284   0.00696247
    0.381702  -0.00197109   0.00696247     0.459259
IMAGINARY
           0   -0.0126509  -0.00420031 -7.34427e-05
   0.0126509            0   0.00564447    0.0183803
  0.00420031  -0.00564447            0   0.00710219
 7.34427e-05   -0.0183803  -0.00710219            0
EndNode2[0]<--->HoM1[0]
REAL
  0.432298 0.00225069 0.00524664   0.395751
0.00225069  0.0583851  0.0197615  -0.016327
0.00524664  0.0197615  0.0596273 -0.0174861
  0.395751  -0.016327 -0.0174861   0.449689
IMAGINARY
          0 -0.00384451   0.0182267   0.0163254
 0.00384451           0  -0.0105039  0.00288146
 -0.0182267   0.0105039           0  0.00120599
 -0.0163254 -0.00288146 -0.00120599           0
Repeater1[0]<--->EndNode1[0]
REAL
    0.419753 -0.000695578  -0.00429581     0.381702
-0.000695578    0.0617284    0.0382984   0.00696247
 -0.00429581    0.0382984    0.0592593  -0.00197109
    0.381702   0.00696247  -0.00197109     0.459259
IMAGINARY
           0  -0.00420031   -0.0126509 -7.34427e-05
  0.00420031            0  -0.00564447   0.00710219
   0.0126509   0.00564447            0    0.0183803
 7.34427e-05  -0.00710219   -0.0183803            0
Repeater1[0]<--->HoM1[0]
REAL
  0.432298 0.00524664 0.00225069   0.395751
0.00524664  0.0596273  0.0197615 -0.0174861
0.00225069  0.0197615  0.0583851  -0.016327
  0.395751 -0.0174861  -0.016327   0.449689
IMAGINARY
          0   0.0182267 -0.00384451   0.0163254
 -0.0182267           0   0.0105039  0.00120599
 0.00384451  -0.0105039           0  0.00288146
 -0.0163254 -0.00120599 -0.00288146           0
EndNode1[0]<--->Repeater1[0]
REAL
  0.444159 0.00383579  0.0245244    0.39425
0.00383579  0.0783055  0.0402164 -0.0148157
 0.0245244  0.0402164  0.0474968  0.0204361
   0.39425 -0.0148157  0.0204361   0.430039
IMAGINARY
           0   0.00764026   0.00128784  -0.00900378
 -0.00764026            0    0.0116354  -0.00064764
 -0.00128784   -0.0116354            0 -0.000598011
  0.00900378   0.00064764  0.000598011            0
EndNode2[0]<--->HoM1[0]
REAL
  0.444301 0.00904722 0.00292815   0.383759
0.00904722  0.0505181  0.0450901 0.00677431
0.00292815  0.0450901  0.0634715  0.0122982
  0.383759 0.00677431  0.0122982    0.44171
IMAGINARY
           0  -0.00933235  -0.00281216   -0.0047893
  0.00933235            0   0.00286376  0.000891545
  0.00281216  -0.00286376            0  -0.00667277
   0.0047893 -0.000891545   0.00667277            0
Repeater1[0]<--->EndNode1[0]
REAL
  0.444159  0.0245244 0.00383579    0.39425
 0.0245244  0.0474968  0.0402164  0.0204361
0.00383579  0.0402164  0.0783055 -0.0148157
   0.39425  0.0204361 -0.0148157   0.430039
IMAGINARY
           0   0.00128784   0.00764026  -0.00900378
 -0.00128784            0   -0.0116354 -0.000598011
 -0.00764026    0.0116354            0  -0.00064764
  0.00900378  0.000598011   0.00064764            0
Repeater1[0]<--->HoM1[0]
REAL
  0.444301 0.00292815 0.00904722   0.383759
0.00292815  0.0634715  0.0450901  0.0122982
0.00904722  0.0450901  0.0505181 0.00677431
  0.383759  0.0122982 0.00677431    0.44171
IMAGINARY
           0  -0.00281216  -0.00933235   -0.0047893
  0.00281216            0  -0.00286376  -0.00667277
  0.00933235   0.00286376            0  0.000891545
   0.0047893   0.00667277 -0.000891545            0
EndNode1[0]<--->Repeater1[0]
REAL
  0.410289  0.0156481  0.0116981   0.389051
 0.0156481  0.0702635  0.0215973 0.00972177
 0.0116981  0.0215973  0.0589711 0.00209974
  0.389051 0.00972177 0.00209974   0.460477
IMAGINARY
           0    0.0256712   -0.0243705  -0.00732277
  -0.0256712            0 -0.000369542   0.00337308
   0.0243705  0.000369542            0  -0.00861083
  0.00732277  -0.00337308   0.00861083            0
EndNode2[0]<--->HoM1[0]
REAL
   0.423497 0.000448251     0.01777    0.373783
0.000448251   0.0696721   0.0304993  -0.0228078
    0.01777   0.0304993   0.0614754  -0.0155616
   0.373783  -0.0228078  -0.0155616    0.445355
IMAGINARY
          0 -0.00124994  0.00535434   0.0190338
 0.00124994           0  -0.0176751  -0.0103295
-0.00535434   0.0176751           0 -0.00372519
 -0.0190338   0.0103295  0.00372519           0
Repeater1[0]<--->EndNode1[0]
REAL
  0.410289  0.0116981  0.0156481   0.389051
 0.0116981  0.0589711  0.0215973 0.00209974
 0.0156481  0.0215973  0.0702635 0.00972177
  0.389051 0.00209974 0.00972177   0.460477
IMAGINARY
           0   -0.0243705    0.0256712  -0.00732277
   0.0243705            0  0.000369542  -0.00861083
  -0.0256712 -0.000369542            0   0.00337308
  0.00732277   0.00861083  -0.00337308            0
Repeater1[0]<--->HoM1[0]
REAL
   0.423497     0.01777 0.000448251    0.373783
    0.01777   0.0614754   0.0304993  -0.0155616
0.000448251   0.0304993   0.0696721  -0.0228078
   0.373783  -0.0155616  -0.0228078    0.445355
IMAGINARY
          0  0.00535434 -0.00124994   0.0190338
-0.00535434           0   0.0176751 -0.00372519
 0.00124994  -0.0176751           0  -0.0103295
 -0.0190338  0.00372519   0.0103295           0
EndNode1[0]<--->Repeater1[0]
REAL
  0.453283  0.0125938 0.00897575   0.382017
 0.0125938  0.0542929  0.0514867  0.0153209
0.00897575  0.0514867  0.0542929  0.0193755
  0.382017  0.0153209  0.0193755   0.438131
IMAGINARY
          0  0.00904203   0.0188834  0.00847612
-0.00904203           0  0.00704345  0.00504937
 -0.0188834 -0.00704345           0  -0.0213318
-0.00847612 -0.00504937   0.0213318           0
EndNode2[0]<--->HoM1[0]
REAL
  0.427451 -0.0119529 -0.0138274   0.389218
-0.0119529  0.0522876  0.0237139 -0.0201035
-0.0138274  0.0237139  0.0614379  -0.021978
  0.389218 -0.0201035  -0.021978   0.458824
IMAGINARY
           0   -0.0049985    0.0145696 -0.000327643
   0.0049985            0  -0.00293181   -0.0151923
  -0.0145696   0.00293181            0  -0.00434147
 0.000327643    0.0151923   0.00434147            0
Repeater1[0]<--->EndNode1[0]
REAL
  0.453283 0.00897575  0.0125938   0.382017
0.00897575  0.0542929  0.0514867  0.0193755
 0.0125938  0.0514867  0.0542929  0.0153209
  0.382017  0.0193755  0.0153209   0.438131
IMAGINARY
          0   0.0188834  0.00904203  0.00847612
 -0.0188834           0 -0.00704345  -0.0213318
-0.00904203  0.00704345           0  0.00504937
-0.00847612   0.0213318 -0.00504937           0
Repeater1[0]<--->HoM1[0]
REAL
  0.427451 -0.0138274 -0.0119529   0.389218
-0.0138274  0.0614379  0.0237139  -0.021978
-0.0119529  0.0237139  0.0522876 -0.0201035
  0.389218  -0.021978 -0.0201035   0.458824
IMAGINARY
           0    0.0145696   -0.0049985 -0.000327643
  -0.0145696            0   0.00293181  -0.00434147
   0.0049985  -0.00293181            0   -0.0151923
 0.000327643   0.00434147    0.0151923            0
EndNode1[0]<--->Repeater1[0]
REAL
   0.423969  0.00268223  0.00405584    0.407116
 0.00268223   0.0515464   0.0306377  0.00473983
 0.00405584   0.0306377    0.064433 0.000700722
   0.407116  0.00473983 0.000700722    0.460052
IMAGINARY
           0  -0.00161055  -0.00990824   -0.0268801
  0.00161055            0    0.0186834   0.00925121
  0.00990824   -0.0186834            0 -0.000360545
   0.0268801  -0.00925121  0.000360545            0
EndNode2[0]<--->HoM1[0]
REAL
   0.435419   0.0166386  0.00762658    0.386782
  0.0166386   0.0639148   0.0365898   0.0147234
