EndNode1[0]<--->Repeater1[0]
REAL
   0.483961  0.00975417 -0.00155814    0.256729
 0.00975417   0.0460251   0.0174241  -0.0178898
-0.00155814   0.0174241   0.0446304   0.0134579
   0.256729  -0.0178898   0.0134579    0.425384
IMAGINARY
          0  0.00134581  -0.0230727   0.0157236
-0.00134581           0   0.0220368 -0.00633908
  0.0230727  -0.0220368           0  0.00801248
 -0.0157236  0.00633908 -0.00801248           0
EndNode2[0]<--->HoM1[0]
REAL
  0.496697  0.0173826 0.00472085   0.259496
 0.0173826  0.0515192  0.0144501 0.00102627
0.00472085  0.0144501  0.0435931 -0.0180211
  0.259496 0.00102627 -0.0180211    0.40819
IMAGINARY
          0  0.00811613  -0.0179104  0.00575794
-0.00811613           0  0.00637144 -0.00256515
  0.0179104 -0.00637144           0  -0.0206657
-0.00575794  0.00256515   0.0206657           0
Repeater1[0]<--->EndNode1[0]
REAL
   0.483961 -0.00155814  0.00975417    0.256729
-0.00155814   0.0446304   0.0174241   0.0134579
 0.00975417   0.0174241   0.0460251  -0.0178898
   0.256729   0.0134579  -0.0178898    0.425384
IMAGINARY
          0  -0.0230727  0.00134581   0.0157236
  0.0230727           0  -0.0220368  0.00801248
-0.00134581   0.0220368           0 -0.00633908
 -0.0157236 -0.00801248  0.00633908           0
Repeater1[0]<--->HoM1[0]
REAL
  0.496697 0.00472085  0.0173826   0.259496
0.00472085  0.0435931  0.0144501 -0.0180211
 0.0173826  0.0144501  0.0515192 0.00102627
  0.259496 -0.0180211 0.00102627    0.40819
IMAGINARY
          0  -0.0179104  0.00811613  0.00575794
  0.0179104           0 -0.00637144  -0.0206657
-0.00811613  0.00637144           0 -0.00256515
-0.00575794   0.0206657  0.00256515           0
EndNode1[0]<--->Repeater1[0]
REAL
   0.455516  0.00142459   0.0168508    0.263492
 0.00142459   0.0486358  -0.0056388 -0.00114403
  0.0168508  -0.0056388    0.054567  0.00773772
   0.263492 -0.00114403  0.00773772    0.441281
IMAGINARY
          0  0.00849245   0.0131125  0.00385678
-0.00849245           0  0.00969336 -0.00338492
 -0.0131125 -0.00969336           0  0.00253219
-0.00385678  0.00338492 -0.00253219           0
EndNode2[0]<--->HoM1[0]
REAL
    0.457254    0.0203176   0.00408458     0.246941
   0.0203176    0.0479275 -0.000806864   -0.0105279
  0.00408458 -0.000806864    0.0466321   -0.0125856
    0.246941   -0.0105279   -0.0125856     0.448187
IMAGINARY
          0   0.0032558   0.0205809 -0.00443773
 -0.0032558           0  0.00644576   0.0058026
 -0.0205809 -0.00644576           0  -0.0116213
 0.00443773  -0.0058026   0.0116213           0
Repeater1[0]<--->EndNode1[0]
REAL
   0.455516   0.0168508  0.00142459    0.263492
  0.0168508    0.054567  -0.0056388  0.00773772
 0.00142459  -0.0056388   0.0486358 -0.00114403
   0.263492  0.00773772 -0.00114403    0.441281
IMAGINARY
          0   0.0131125  0.00849245  0.00385678
 -0.0131125           0 -0.00969336  0.00253219
-0.00849245  0.00969336           0 -0.00338492
-0.00385678 -0.00253219  0.00338492           0
Repeater1[0]<--->HoM1[0]
REAL
    0.457254   0.00408458    0.0203176     0.246941
  0.00408458    0.0466321 -0.000806864   -0.0125856
   0.0203176 -0.000806864    0.0479275   -0.0105279
    0.246941   -0.0125856   -0.0105279     0.448187
IMAGINARY
          0   0.0205809   0.0032558 -0.00443773
 -0.0205809           0 -0.00644576  -0.0116213
 -0.0032558  0.00644576           0   0.0058026
 0.00443773   0.0116213  -0.0058026           0
EndNode1[0]<--->Repeater1[0]
REAL
    0.461337  -0.00776871    0.0108078     0.272988
 -0.00776871    0.0589777 -0.000773222  -0.00267261
   0.0108078 -0.000773222    0.0432503  -0.00912741
    0.272988  -0.00267261  -0.00912741     0.436435
IMAGINARY
          0  0.00671231  0.00706557 -0.00881035
-0.00671231           0  0.00693769   0.0136841
-0.00706557 -0.00693769           0 -0.00738165
 0.00881035  -0.0136841  0.00738165           0
EndNode2[0]<--->HoM1[0]
REAL
   0.446701   0.0154623 0.000870663    0.276614
  0.0154623   0.0494924   0.0025024 -0.00555607
0.000870663   0.0025024   0.0532995 -0.00542218
   0.276614 -0.00555607 -0.00542218    0.450508
IMAGINARY
          0   0.0312569   0.0146926 -0.00625874
 -0.0312569           0  -0.0101347  -0.0235759
 -0.0146926   0.0101347           0  -0.0122214
 0.00625874   0.0235759   0.0122214           0
Repeater1[0]<--->EndNode1[0]
REAL
    0.461337    0.0108078  -0.00776871     0.272988
   0.0108078    0.0432503 -0.000773222  -0.00912741
 -0.00776871 -0.000773222    0.0589777  -0.00267261
    0.272988  -0.00912741  -0.00267261     0.436435
IMAGINARY
          0  0.00706557  0.00671231 -0.00881035
-0.00706557           0 -0.00693769 -0.00738165
-0.00671231  0.00693769           0   0.0136841
 0.00881035  0.00738165  -0.0136841           0
Repeater1[0]<--->HoM1[0]
REAL
   0.446701 0.000870663   0.0154623    0.276614
0.000870663   0.0532995   0.0025024 -0.00542218
  0.0154623   0.0025024   0.0494924 -0.00555607
   0.276614 -0.00542218 -0.00555607    0.450508
IMAGINARY
          0   0.0146926   0.0312569 -0.00625874
 -0.0146926           0   0.0101347  -0.0122214
 -0.0312569  -0.0101347           0  -0.0235759
 0.00625874   0.0122214   0.0235759           0
EndNode1[0]<--->Repeater1[0]
REAL
     0.48289  0.000320102  -0.00550441     0.266634
 0.000320102    0.0506971    0.0266095  -0.00936045
 -0.00550441    0.0266095    0.0380228 -0.000320102
    0.266634  -0.00936045 -0.000320102      0.42839
IMAGINARY
           0  2.44116e-06   -0.0125737  -0.00339885
-2.44116e-06            0   -0.0147171 -0.000122821
   0.0125737    0.0147171            0    0.0356687
  0.00339885  0.000122821   -0.0356687            0
EndNode2[0]<--->HoM1[0]
REAL
    0.448408   -0.0168629  -0.00527017     0.260707
  -0.0168629     0.044586   0.00781138 -2.08307e-05
 -0.00527017   0.00781138    0.0535032   -0.0135604
    0.260707 -2.08307e-05   -0.0135604     0.453503
IMAGINARY
          0 -0.00290322  0.00412182   0.0240906
 0.00290322           0  0.00444543 -0.00219131
-0.00412182 -0.00444543           0  0.00869472
 -0.0240906  0.00219131 -0.00869472           0
Repeater1[0]<--->EndNode1[0]
REAL
     0.48289  -0.00550441  0.000320102     0.266634
 -0.00550441    0.0380228    0.0266095 -0.000320102
 0.000320102    0.0266095    0.0506971  -0.00936045
    0.266634 -0.000320102  -0.00936045      0.42839
IMAGINARY
           0   -0.0125737  2.44116e-06  -0.00339885
   0.0125737            0    0.0147171    0.0356687
-2.44116e-06   -0.0147171            0 -0.000122821
  0.00339885   -0.0356687  0.000122821            0
Repeater1[0]<--->HoM1[0]
REAL
    0.448408  -0.00527017   -0.0168629     0.260707
 -0.00527017    0.0535032   0.00781138   -0.0135604
  -0.0168629   0.00781138     0.044586 -2.08307e-05
    0.260707   -0.0135604 -2.08307e-05     0.453503
IMAGINARY
          0  0.00412182 -0.00290322   0.0240906
-0.00412182           0 -0.00444543  0.00869472
 0.00290322  0.00444543           0 -0.00219131
 -0.0240906 -0.00869472  0.00219131           0
EndNode1[0]<--->Repeater1[0]
REAL
   0.440402  -0.0109642 -0.00647777    0.248373
 -0.0109642   0.0627353   0.0164886   0.0256323
-0.00647777   0.0164886   0.0514429  0.00898265
   0.248373   0.0256323  0.00898265     0.44542
IMAGINARY
          0  -0.0179309   0.0119729 -0.00178154
  0.0179309           0  -0.0112393  -0.0155961
 -0.0119729   0.0112393           0   0.0022304
 0.00178154   0.0155961  -0.0022304           0
EndNode2[0]<--->HoM1[0]
REAL
   0.450062  -0.0017155 -0.00679603    0.251264
 -0.0017155   0.0480888   0.0021954  -0.0303109
-0.00679603   0.0021954   0.0480888  -0.0152656
   0.251264  -0.0303109  -0.0152656    0.453761
IMAGINARY
           0    0.0178043  -0.00656879    0.0436665
  -0.0178043            0 -0.000216457   0.00594768
  0.00656879  0.000216457            0    0.0026926
  -0.0436665  -0.00594768   -0.0026926            0
Repeater1[0]<--->EndNode1[0]
REAL
   0.440402 -0.00647777  -0.0109642    0.248373
-0.00647777   0.0514429   0.0164886  0.00898265
 -0.0109642   0.0164886   0.0627353   0.0256323
   0.248373  0.00898265   0.0256323     0.44542
IMAGINARY
          0   0.0119729  -0.0179309 -0.00178154
 -0.0119729           0   0.0112393   0.0022304
  0.0179309  -0.0112393           0  -0.0155961
 0.00178154  -0.0022304   0.0155961           0
Repeater1[0]<--->HoM1[0]
REAL
   0.450062 -0.00679603  -0.0017155    0.251264
-0.00679603   0.0480888   0.0021954  -0.0152656
 -0.0017155   0.0021954   0.0480888  -0.0303109
   0.251264  -0.0152656  -0.0303109    0.453761
IMAGINARY
           0  -0.00656879    0.0178043    0.0436665
  0.00656879            0  0.000216457    0.0026926
  -0.0178043 -0.000216457            0   0.00594768
  -0.0436665   -0.0026926  -0.00594768            0
EndNode1[0]<--->Repeater1[0]
REAL
  0.474708 0.00202751  -0.018571   0.243585
0.00202751  0.0544747 0.00231693  0.0240355
 -0.018571 0.00231693  0.0440986  0.0143659
  0.243585  0.0240355  0.0143659   0.426719
IMAGINARY
          0 -0.00853673  -0.0127836  -0.0195211
 0.00853673           0   0.0117289   0.0224861
  0.0127836  -0.0117289           0 -0.00116573
  0.0195211  -0.0224861  0.00116573           0
EndNode2[0]<--->HoM1[0]
REAL
  0.499366  0.0171467  0.0140121   0.239418
 0.0171467  0.0316857  0.0211082 0.00440899
 0.0140121  0.0211082  0.0418251 0.00390589
  0.239418 0.00440899 0.00390589   0.427123
IMAGINARY
           0   0.00961546  -0.00614463   0.00404387
 -0.00961546            0  -0.00470613  0.000382786
  0.00614463   0.00470613            0   0.00638966
 -0.00404387 -0.000382786  -0.00638966            0
Repeater1[0]<--->EndNode1[0]
REAL
  0.474708  -0.018571 0.00202751   0.243585
 -0.018571  0.0440986 0.00231693  0.0143659
0.00202751 0.00231693  0.0544747  0.0240355
  0.243585  0.0143659  0.0240355   0.426719
IMAGINARY
          0  -0.0127836 -0.00853673  -0.0195211
  0.0127836           0  -0.0117289 -0.00116573
 0.00853673   0.0117289           0   0.0224861
  0.0195211  0.00116573  -0.0224861           0
Repeater1[0]<--->HoM1[0]
REAL
  0.499366  0.0140121  0.0171467   0.239418
 0.0140121  0.0418251  0.0211082 0.00390589
 0.0171467  0.0211082  0.0316857 0.00440899
  0.239418 0.00390589 0.00440899   0.427123
IMAGINARY
           0  -0.00614463   0.00961546   0.00404387
  0.00614463            0   0.00470613   0.00638966
 -0.00961546  -0.00470613            0  0.000382786
 -0.00404387  -0.00638966 -0.000382786            0
EndNode1[0]<--->Repeater1[0]
REAL
   0.449728 -0.00224672 -0.00889913    0.256555
-0.00224672   0.0529891   0.0223782   0.0264544
-0.00889913   0.0223782      0.0625   0.0172012
   0.256555   0.0264544   0.0172012    0.434783
IMAGINARY
          0 -0.00572133    0.036644   0.0207617
 0.00572133           0   0.0188162 -0.00753011
  -0.036644  -0.0188162           0 -0.00820272
 -0.0207617  0.00753011  0.00820272           0
EndNode2[0]<--->HoM1[0]
REAL
     0.44143    -0.028347   0.00961948     0.264526
   -0.028347    0.0567201 -0.000258478 -0.000934613
  0.00961948 -0.000258478     0.053021    0.0146994
    0.264526 -0.000934613    0.0146994     0.448829
IMAGINARY
          0 -0.00416337 -0.00608039  -0.0205507
 0.00416337           0 -0.00988406  -0.0100486
 0.00608039  0.00988406           0  0.00013111
  0.0205507   0.0100486 -0.00013111           0
Repeater1[0]<--->EndNode1[0]
REAL
   0.449728 -0.00889913 -0.00224672    0.256555
-0.00889913      0.0625   0.0223782   0.0172012
-0.00224672   0.0223782   0.0529891   0.0264544
   0.256555   0.0172012   0.0264544    0.434783
IMAGINARY
          0    0.036644 -0.00572133   0.0207617
  -0.036644           0  -0.0188162 -0.00820272
 0.00572133   0.0188162           0 -0.00753011
 -0.0207617  0.00820272  0.00753011           0
Repeater1[0]<--->HoM1[0]
REAL
     0.44143   0.00961948    -0.028347     0.264526
  0.00961948     0.053021 -0.000258478    0.0146994
   -0.028347 -0.000258478    0.0567201 -0.000934613
    0.264526    0.0146994 -0.000934613     0.448829
IMAGINARY
          0 -0.00608039 -0.00416337  -0.0205507
 0.00608039           0  0.00988406  0.00013111
 0.00416337 -0.00988406           0  -0.0100486
  0.0205507 -0.00013111   0.0100486           0
EndNode1[0]<--->Repeater1[0]
REAL
  0.457606 0.00180955 -0.0251479   0.249915
0.00180955  0.0448878  0.0170119  0.0121271
-0.0251479  0.0170119  0.0461347  0.0151175
  0.249915  0.0121271  0.0151175   0.451372
IMAGINARY
          0   -0.000625  -0.0159164   0.0158581
   0.000625           0 -0.00666437   0.0126906
  0.0159164  0.00666437           0    0.020625
 -0.0158581  -0.0126906   -0.020625           0
EndNode2[0]<--->HoM1[0]
REAL
    0.411538     0.013976 -0.000819851     0.255508
    0.013976    0.0512821    0.0138201   0.00652327
-0.000819851    0.0138201    0.0589744   0.00947145
    0.255508   0.00652327   0.00947145     0.478205
IMAGINARY
          0  0.00712988  0.00981001  0.00475181
-0.00712988           0 -0.00278588  -0.0187614
-0.00981001  0.00278588           0   0.0197243
-0.00475181   0.0187614  -0.0197243           0
Repeater1[0]<--->EndNode1[0]
REAL
  0.457606 -0.0251479 0.00180955   0.249915
-0.0251479  0.0461347  0.0170119  0.0151175
0.00180955  0.0170119  0.0448878  0.0121271
  0.249915  0.0151175  0.0121271   0.451372
IMAGINARY
          0  -0.0159164   -0.000625   0.0158581
  0.0159164           0  0.00666437    0.020625
   0.000625 -0.00666437           0   0.0126906
 -0.0158581   -0.020625  -0.0126906           0
Repeater1[0]<--->HoM1[0]
REAL
    0.411538 -0.000819851     0.013976     0.255508
-0.000819851    0.0589744    0.0138201   0.00947145
    0.013976    0.0138201    0.0512821   0.00652327
    0.255508   0.00947145   0.00652327     0.478205
IMAGINARY
          0  0.00981001  0.00712988  0.00475181
-0.00981001           0  0.00278588   0.0197243
-0.00712988 -0.00278588           0  -0.0187614
-0.00475181  -0.0197243   0.0187614           0
EndNode1[0]<--->Repeater1[0]
REAL
  0.477535 -0.0194365 -0.0021734   0.243188
-0.0194365  0.0487805 0.00548265 0.00483297
-0.0021734 0.00548265  0.0590501  0.0154472
  0.243188 0.00483297  0.0154472   0.414634
IMAGINARY
          0  -0.0050379 -0.00879503  -0.0143657
  0.0050379           0  -0.0106343   0.0207749
 0.00879503   0.0106343           0 -0.00441985
  0.0143657  -0.0207749  0.00441985           0
EndNode2[0]<--->HoM1[0]
REAL
   0.470443  -0.0154786  0.00584806     0.28306
 -0.0154786   0.0492611   0.0172131 0.000307892
 0.00584806   0.0172131   0.0369458   0.0134267
    0.28306 0.000307892   0.0134267     0.44335
IMAGINARY
           0  0.000153633   0.00329522   0.00198413
-0.000153633            0   0.00198413    0.0102882
 -0.00329522  -0.00198413            0  -0.00726877
 -0.00198413   -0.0102882   0.00726877            0
Repeater1[0]<--->EndNode1[0]
REAL
  0.477535 -0.0021734 -0.0194365   0.243188
-0.0021734  0.0590501 0.00548265  0.0154472
-0.0194365 0.00548265  0.0487805 0.00483297
  0.243188  0.0154472 0.00483297   0.414634
IMAGINARY
          0 -0.00879503  -0.0050379  -0.0143657
 0.00879503           0   0.0106343 -0.00441985
  0.0050379  -0.0106343           0   0.0207749
  0.0143657  0.00441985  -0.0207749           0
Repeater1[0]<--->HoM1[0]
REAL
   0.470443  0.00584806  -0.0154786     0.28306
 0.00584806   0.0369458   0.0172131   0.0134267
 -0.0154786   0.0172131   0.0492611 0.000307892
    0.28306   0.0134267 0.000307892     0.44335
IMAGINARY
           0   0.00329522  0.000153633   0.00198413
 -0.00329522            0  -0.00198413  -0.00726877
-0.000153633   0.00198413            0    0.0102882
 -0.00198413   0.00726877   -0.0102882            0
EndNode1[0]<--->Repeater1[0]
REAL
   0.463087 -0.00550746   0.0195214     0.26445
-0.00550746   0.0469799  0.00507118   0.0081864
  0.0195214  0.00507118   0.0483221   0.0168425
    0.26445   0.0081864   0.0168425    0.441611
IMAGINARY
          0  0.00157384  0.00227205 -0.00557321
-0.00157384           0 -0.00112594  -0.0262048
-0.00227205  0.00112594           0  0.00424764
 0.00557321   0.0262048 -0.00424764           0
EndNode2[0]<--->HoM1[0]
REAL
   0.436457  -0.0118398 -0.00693514    0.249636
 -0.0118398   0.0513479   0.0110919  -0.0197229
-0.00693514   0.0110919   0.0603338 0.000786473
   0.249636  -0.0197229 0.000786473    0.451861
IMAGINARY
          0  0.00638946  0.00229211   0.0189702
-0.00638946           0  0.00677507 -0.00768295
-0.00229211 -0.00677507           0   0.0205647
 -0.0189702  0.00768295  -0.0205647           0
Repeater1[0]<--->EndNode1[0]
REAL
   0.463087   0.0195214 -0.00550746     0.26445
  0.0195214   0.0483221  0.00507118   0.0168425
-0.00550746  0.00507118   0.0469799   0.0081864
    0.26445   0.0168425   0.0081864    0.441611
IMAGINARY
          0  0.00227205  0.00157384 -0.00557321
-0.00227205           0  0.00112594  0.00424764
-0.00157384 -0.00112594           0  -0.0262048
 0.00557321 -0.00424764   0.0262048           0
Repeater1[0]<--->HoM1[0]
REAL
   0.436457 -0.00693514  -0.0118398    0.249636
-0.00693514   0.0603338   0.0110919 0.000786473
 -0.0118398   0.0110919   0.0513479  -0.0197229
   0.249636 0.000786473  -0.0197229    0.451861
IMAGINARY
          0  0.00229211  0.00638946   0.0189702
-0.00229211           0 -0.00677507   0.0205647
-0.00638946  0.00677507           0 -0.00768295
 -0.0189702  -0.0205647  0.00768295           0
EndNode1[0]<--->Repeater1[0]
REAL
   0.473548 -0.00735604  -0.0163837    0.266174
-0.00735604   0.0451613  -0.0124524   0.0116476
 -0.0163837  -0.0124524    0.036129 -0.00279281
   0.266174   0.0116476 -0.00279281    0.445161
IMAGINARY
           0    0.0111408    0.0111198 -0.000917224
  -0.0111408            0    0.0231945  -0.00857526
  -0.0111198   -0.0231945            0   0.00667086
 0.000917224   0.00857526  -0.00667086            0
EndNode2[0]<--->HoM1[0]
REAL
   0.461942  -0.0463244  -0.0245486     0.26517
 -0.0463244   0.0629921   0.0231119  -0.0187271
 -0.0245486   0.0231119   0.0551181 -0.00893528
    0.26517  -0.0187271 -0.00893528    0.419948
IMAGINARY
          0   0.0137156 -0.00632272 -0.00589746
 -0.0137156           0  -0.0150999  0.00568739
 0.00632272   0.0150999           0  0.00852077
 0.00589746 -0.00568739 -0.00852077           0
Repeater1[0]<--->EndNode1[0]
REAL
   0.473548  -0.0163837 -0.00735604    0.266174
 -0.0163837    0.036129  -0.0124524 -0.00279281
-0.00735604  -0.0124524   0.0451613   0.0116476
   0.266174 -0.00279281   0.0116476    0.445161
IMAGINARY
           0    0.0111198    0.0111408 -0.000917224
  -0.0111198            0   -0.0231945   0.00667086
  -0.0111408    0.0231945            0  -0.00857526
 0.000917224  -0.00667086   0.00857526            0
Repeater1[0]<--->HoM1[0]
REAL
   0.461942  -0.0245486  -0.0463244     0.26517
 -0.0245486   0.0551181   0.0231119 -0.00893528
 -0.0463244   0.0231119   0.0629921  -0.0187271
    0.26517 -0.00893528  -0.0187271    0.419948
IMAGINARY
          0 -0.00632272   0.0137156 -0.00589746
 0.00632272           0   0.0150999  0.00852077
 -0.0137156  -0.0150999           0  0.00568739
 0.00589746 -0.00852077 -0.00568739           0
EndNode1[0]<--->Repeater1[0]
REAL
    0.47832 -0.00919295   0.0125592    0.249623
-0.00919295   0.0447154   0.0111614  -0.0014481
  0.0125592   0.0111614   0.0528455   0.0163825
   0.249623  -0.0014481   0.0163825    0.424119
IMAGINARY
          0 -0.00473373 -0.00408395 -0.00555733
 0.00473373           0  0.00358105  -0.0215571
 0.00408395 -0.00358105           0 -0.00295858
 0.00555733   0.0215571  0.00295858           0
EndNode2[0]<--->HoM1[0]
REAL
   0.454088 -0.00703917  -0.0179935    0.253512
-0.00703917   0.0389937 -0.00643073  0.00437487
 -0.0179935 -0.00643073   0.0440252  0.00509365
   0.253512  0.00437487  0.00509365    0.462893
IMAGINARY
           0     0.020969   -0.0119575 -9.00918e-05
   -0.020969            0   -0.0279711   -0.0192925
   0.0119575    0.0279711            0    0.0145423
 9.00918e-05    0.0192925   -0.0145423            0
Repeater1[0]<--->EndNode1[0]
REAL
    0.47832   0.0125592 -0.00919295    0.249623
  0.0125592   0.0528455   0.0111614   0.0163825
-0.00919295   0.0111614   0.0447154  -0.0014481
   0.249623   0.0163825  -0.0014481    0.424119
IMAGINARY
          0 -0.00408395 -0.00473373 -0.00555733
 0.00408395           0 -0.00358105 -0.00295858
 0.00473373  0.00358105           0  -0.0215571
 0.00555733  0.00295858   0.0215571           0
Repeater1[0]<--->HoM1[0]
REAL
   0.454088  -0.0179935 -0.00703917    0.253512
 -0.0179935   0.0440252 -0.00643073  0.00509365
-0.00703917 -0.00643073   0.0389937  0.00437487
   0.253512  0.00509365  0.00437487    0.462893
IMAGINARY
           0   -0.0119575     0.020969 -9.00918e-05
   0.0119575            0    0.0279711    0.0145423
   -0.020969   -0.0279711            0   -0.0192925
 9.00918e-05   -0.0145423    0.0192925            0
EndNode1[0]<--->Repeater1[0]
REAL
   0.426043 0.000514526   0.0115851    0.242482
0.000514526   0.0467762 -0.00686541  0.00622314
  0.0115851 -0.00686541   0.0632111  -0.0224323
   0.242482  0.00622314  -0.0224323     0.46397
IMAGINARY
          0  0.00645836  -0.0165947   0.0108305
-0.00645836           0  -0.0127364 -0.00559855
  0.0165947   0.0127364           0  0.00268002
 -0.0108305  0.00559855 -0.00268002           0
EndNode2[0]<--->HoM1[0]
REAL
   0.456962 -0.00160875   0.0222506    0.262284
-0.00160875   0.0556962 -0.00539227   0.0103309
  0.0222506 -0.00539227    0.043038  0.00160875
   0.262284   0.0103309  0.00160875    0.444304
IMAGINARY
           0    0.0165043  -0.00690658  0.000299209
  -0.0165043            0   0.00492272    0.0106945
  0.00690658  -0.00492272            0   -0.0152417
-0.000299209   -0.0106945    0.0152417            0
Repeater1[0]<--->EndNode1[0]
REAL
   0.426043   0.0115851 0.000514526    0.242482
  0.0115851   0.0632111 -0.00686541  -0.0224323
0.000514526 -0.00686541   0.0467762  0.00622314
   0.242482  -0.0224323  0.00622314     0.46397
IMAGINARY
          0  -0.0165947  0.00645836   0.0108305
  0.0165947           0   0.0127364  0.00268002
-0.00645836  -0.0127364           0 -0.00559855
 -0.0108305 -0.00268002  0.00559855           0
Repeater1[0]<--->HoM1[0]
REAL
   0.456962   0.0222506 -0.00160875    0.262284
  0.0222506    0.043038 -0.00539227  0.00160875
-0.00160875 -0.00539227   0.0556962   0.0103309
   0.262284  0.00160875   0.0103309    0.444304
IMAGINARY
           0  -0.00690658    0.0165043  0.000299209
  0.00690658            0  -0.00492272   -0.0152417
  -0.0165043   0.00492272            0    0.0106945
-0.000299209    0.0152417   -0.0106945            0
EndNode1[0]<--->Repeater1[0]
REAL
   0.446475 -0.00358504  0.00936612    0.254343
-0.00358504   0.0456919   0.0103631   0.0034216
 0.00936612   0.0103631   0.0313316  0.00614259
   0.254343   0.0034216  0.00614259    0.476501
IMAGINARY
          0  -0.0214248   0.0170854 -0.00503729
  0.0214248           0  -0.0203434 -0.00251002
 -0.0170854   0.0203434           0 -0.00329006
 0.00503729  0.00251002  0.00329006           0
EndNode2[0]<--->HoM1[0]
REAL
   0.446835 -0.00610357  0.00340387    0.242403
-0.00610357   0.0481013   0.0170141   0.0166447
 0.00340387   0.0170141   0.0481013 -0.00543956
   0.242403   0.0166447 -0.00543956    0.456962
IMAGINARY
          0  -0.0180592  -0.0051419  -0.0158955
  0.0180592           0   0.0115476 -0.00133479
  0.0051419  -0.0115476           0 -0.00914287
  0.0158955  0.00133479  0.00914287           0
Repeater1[0]<--->EndNode1[0]
REAL
   0.446475  0.00936612 -0.00358504    0.254343
 0.00936612   0.0313316   0.0103631  0.00614259
-0.00358504   0.0103631   0.0456919   0.0034216
   0.254343  0.00614259   0.0034216    0.476501
IMAGINARY
          0   0.0170854  -0.0214248 -0.00503729
 -0.0170854           0   0.0203434 -0.00329006
  0.0214248  -0.0203434           0 -0.00251002
 0.00503729  0.00329006  0.00251002           0
Repeater1[0]<--->HoM1[0]
REAL
   0.446835  0.00340387 -0.00610357    0.242403
 0.00340387   0.0481013   0.0170141 -0.00543956
-0.00610357   0.0170141   0.0481013   0.0166447
   0.242403 -0.00543956   0.0166447    0.456962
IMAGINARY
          0  -0.0051419  -0.0180592  -0.0158955
  0.0051419           0  -0.0115476 -0.00914287
  0.0180592   0.0115476           0 -0.00133479
  0.0158955  0.00914287  0.00133479           0
EndNode1[0]<--->Repeater1[0]
REAL
    0.46466   0.0128826 -0.00300752    0.252679
  0.0128826   0.0353403  0.00106221 -0.00175439
-0.00300752  0.00106221   0.0510471   0.0109269
   0.252679 -0.00175439   0.0109269    0.448953
IMAGINARY
           0    0.0154928    0.0150035   -0.0162822
  -0.0154928            0  0.000282209  -0.00530106
  -0.0150035 -0.000282209            0  0.000677974
   0.0162822   0.00530106 -0.000677974            0
EndNode2[0]<--->HoM1[0]
REAL
    0.44186  -0.0108509  0.00710866    0.244736
 -0.0108509   0.0542636   0.0198951  -0.0147422
 0.00710866   0.0198951   0.0620155 -0.00823308
   0.244736  -0.0147422 -0.00823308     0.44186
IMAGINARY
          0 -0.00737799  -0.0293411   0.0187855
 0.00737799           0  0.00551117  -0.0184296
  0.0293411 -0.00551117           0   0.0169321
 -0.0187855   0.0184296  -0.0169321           0
Repeater1[0]<--->EndNode1[0]
REAL
    0.46466 -0.00300752   0.0128826    0.252679
-0.00300752   0.0510471  0.00106221   0.0109269
  0.0128826  0.00106221   0.0353403 -0.00175439
   0.252679   0.0109269 -0.00175439    0.448953
IMAGINARY
           0    0.0150035    0.0154928   -0.0162822
  -0.0150035            0 -0.000282209  0.000677974
  -0.0154928  0.000282209            0  -0.00530106
   0.0162822 -0.000677974   0.00530106            0
Repeater1[0]<--->HoM1[0]
REAL
    0.44186  0.00710866  -0.0108509    0.244736
 0.00710866   0.0620155   0.0198951 -0.00823308
 -0.0108509   0.0198951   0.0542636  -0.0147422
   0.244736 -0.00823308  -0.0147422     0.44186
IMAGINARY
          0  -0.0293411 -0.00737799   0.0187855
  0.0293411           0 -0.00551117   0.0169321
 0.00737799  0.00551117           0  -0.0184296
 -0.0187855  -0.0169321   0.0184296           0
EndNode1[0]<--->Repeater1[0]
REAL
   0.457604  0.00592527 -0.00401254    0.257661
 0.00592527    0.064603  0.00647655 -0.00219436
-0.00401254  0.00647655   0.0349933   0.0113161
   0.257661 -0.00219436   0.0113161    0.442799
IMAGINARY
           0   -0.0160746    -0.011222    0.0152842
   0.0160746            0   0.00246367    0.0301793
    0.011222  -0.00246367            0 -0.000513054
  -0.0152842   -0.0301793  0.000513054            0
EndNode2[0]<--->HoM1[0]
REAL
   0.431159  0.00713244   0.0110316     0.27016
 0.00713244   0.0567633 0.000832842  -0.0161207
  0.0110316 0.000832842   0.0531401 0.000501144
    0.27016  -0.0161207 0.000501144    0.458937
IMAGINARY
          0   0.0174136 -0.00857073  0.00523397
 -0.0174136           0  0.00456996  -0.0226013
 0.00857073 -0.00456996           0  0.00253651
-0.00523397   0.0226013 -0.00253651           0
Repeater1[0]<--->EndNode1[0]
REAL
   0.457604 -0.00401254  0.00592527    0.257661
-0.00401254   0.0349933  0.00647655   0.0113161
 0.00592527  0.00647655    0.064603 -0.00219436
   0.257661   0.0113161 -0.00219436    0.442799
IMAGINARY
           0    -0.011222   -0.0160746    0.0152842
    0.011222            0  -0.00246367 -0.000513054
   0.0160746   0.00246367            0    0.0301793
  -0.0152842  0.000513054   -0.0301793            0
Repeater1[0]<--->HoM1[0]
REAL
   0.431159   0.0110316  0.00713244     0.27016
  0.0110316   0.0531401 0.000832842 0.000501144
 0.00713244 0.000832842   0.0567633  -0.0161207
    0.27016 0.000501144  -0.0161207    0.458937
IMAGINARY
          0 -0.00857073   0.0174136  0.00523397
 0.00857073           0 -0.00456996  0.00253651
 -0.0174136  0.00456996           0  -0.0226013
-0.00523397 -0.00253651   0.0226013           0
EndNode1[0]<--->Repeater1[0]
REAL
   0.464377 -0.00472098  0.00481802    0.234028
-0.00472098   0.0508906 -0.00721142 0.000194509
 0.00481802 -0.00721142   0.0419847  0.00221471
   0.234028 0.000194509  0.00221471    0.442748
IMAGINARY
          0  -0.0058552   0.0110561  0.00949132
  0.0058552           0 -0.00204715   0.0280274
 -0.0110561  0.00204715           0  0.00450749
-0.00949132  -0.0280274 -0.00450749           0
EndNode2[0]<--->HoM1[0]
REAL
   0.44898 0.00458926  0.0218641   0.252702
0.00458926   0.044898 0.00724705  0.0198561
 0.0218641 0.00724705  0.0489796   0.015308
  0.252702  0.0198561   0.015308   0.457143
IMAGINARY
          0  0.00377457  -0.0234301 -0.00818346
-0.00377457           0 -0.00444281  -0.0208123
  0.0234301  0.00444281           0   0.0162254
 0.00818346   0.0208123  -0.0162254           0
Repeater1[0]<--->EndNode1[0]
REAL
   0.464377  0.00481802 -0.00472098    0.234028
 0.00481802   0.0419847 -0.00721142  0.00221471
-0.00472098 -0.00721142   0.0508906 0.000194509
   0.234028  0.00221471 0.000194509    0.442748
IMAGINARY
          0   0.0110561  -0.0058552  0.00949132
 -0.0110561           0  0.00204715  0.00450749
  0.0058552 -0.00204715           0   0.0280274
-0.00949132 -0.00450749  -0.0280274           0
Repeater1[0]<--->HoM1[0]
REAL
   0.44898  0.0218641 0.00458926   0.252702
 0.0218641  0.0489796 0.00724705   0.015308
0.00458926 0.00724705   0.044898  0.0198561
  0.252702   0.015308  0.0198561   0.457143
IMAGINARY
          0  -0.0234301  0.00377457 -0.00818346
  0.0234301           0  0.00444281   0.0162254
-0.00377457 -0.00444281           0  -0.0208123
 0.00818346  -0.0162254   0.0208123           0
EndNode1[0]<--->Repeater1[0]
REAL
   0.444748 -0.00787069  -0.0277511    0.259191
-0.00787069   0.0559345 -0.00816545 -0.00713258
 -0.0277511 -0.00816545   0.0600273 0.000346753
   0.259191 -0.00713258 0.000346753    0.439291
IMAGINARY
          0  0.00421505 -0.00376875  -0.0087177
-0.00421505           0  -0.0144943  -0.0126746
 0.00376875   0.0144943           0   0.0207545
  0.0087177   0.0126746  -0.0207545           0
EndNode2[0]<--->HoM1[0]
REAL
   0.426129 -0.00134384 -0.00791753    0.259145
-0.00134384   0.0561661   0.0120633  -0.0165041
-0.00791753   0.0120633   0.0512821   0.0103413
   0.259145  -0.0165041   0.0103413    0.466422
IMAGINARY
          0 -0.00197755  0.00103999   -0.003738
 0.00197755           0  -0.0268742  -0.0172527
-0.00103999   0.0268742           0  -0.0246113
   0.003738   0.0172527   0.0246113           0
Repeater1[0]<--->EndNode1[0]
REAL
   0.444748  -0.0277511 -0.00787069    0.259191
 -0.0277511   0.0600273 -0.00816545 0.000346753
-0.00787069 -0.00816545   0.0559345 -0.00713258
   0.259191 0.000346753 -0.00713258    0.439291
IMAGINARY
          0 -0.00376875  0.00421505  -0.0087177
 0.00376875           0   0.0144943   0.0207545
-0.00421505  -0.0144943           0  -0.0126746
  0.0087177  -0.0207545   0.0126746           0
Repeater1[0]<--->HoM1[0]
REAL
   0.426129 -0.00791753 -0.00134384    0.259145
-0.00791753   0.0512821   0.0120633   0.0103413
-0.00134384   0.0120633   0.0561661  -0.0165041
   0.259145   0.0103413  -0.0165041    0.466422
IMAGINARY
          0  0.00103999 -0.00197755   -0.003738
-0.00103999           0   0.0268742  -0.0246113
 0.00197755  -0.0268742           0  -0.0172527
   0.003738   0.0246113   0.0172527           0
EndNode1[0]<--->Repeater1[0]
REAL
   0.438083 -0.00763456  -0.0120263    0.244476
-0.00763456   0.0399467 -0.00617003 -0.00883341
 -0.0120263 -0.00617003   0.0412783  -0.0119609
   0.244476 -0.00883341  -0.0119609    0.480692
IMAGINARY
          0 -0.00110113 -0.00735059  0.00664797
 0.00110113           0  0.00253838  -0.0184892
 0.00735059 -0.00253838           0    0.015313
-0.00664797   0.0184892   -0.015313           0
EndNode2[0]<--->HoM1[0]
REAL
   0.422043 -0.00695284 -0.00728133    0.244088
-0.00695284   0.0443548 -0.00527281   0.0175594
-0.00728133 -0.00527281   0.0510753 -0.00695284
   0.244088   0.0175594 -0.00695284    0.482527
IMAGINARY
          0  0.00773356 -0.00627429  0.00642718
-0.00773356           0  0.00157282  -0.0218587
 0.00627429 -0.00157282           0   0.0203994
-0.00642718   0.0218587  -0.0203994           0
Repeater1[0]<--->EndNode1[0]
REAL
   0.438083  -0.0120263 -0.00763456    0.244476
 -0.0120263   0.0412783 -0.00617003  -0.0119609
-0.00763456 -0.00617003   0.0399467 -0.00883341
   0.244476  -0.0119609 -0.00883341    0.480692
IMAGINARY
          0 -0.00735059 -0.00110113  0.00664797
 0.00735059           0 -0.00253838    0.015313
 0.00110113  0.00253838           0  -0.0184892
-0.00664797   -0.015313   0.0184892           0
Repeater1[0]<--->HoM1[0]
REAL
   0.422043 -0.00728133 -0.00695284    0.244088
-0.00728133   0.0510753 -0.00527281 -0.00695284
-0.00695284 -0.00527281   0.0443548   0.0175594
   0.244088 -0.00695284   0.0175594    0.482527
IMAGINARY
          0 -0.00627429  0.00773356  0.00642718
 0.00627429           0 -0.00157282   0.0203994
-0.00773356  0.00157282           0  -0.0218587
-0.00642718  -0.0203994   0.0218587           0
EndNode1[0]<--->Repeater1[0]
REAL
   0.465296  -0.0127838 -0.00722655    0.255449
 -0.0127838   0.0321337  0.00174764  -0.0109211
-0.00722655  0.00174764   0.0488432  -0.0253889
   0.255449  -0.0109211  -0.0253889    0.453728
IMAGINARY
          0  0.00154804  0.00385901  -0.0180983
-0.00154804           0  0.00451481   0.0075811
-0.00385901 -0.00451481           0  0.00989207
  0.0180983  -0.0075811 -0.00989207           0
EndNode2[0]<--->HoM1[0]
REAL
     0.44697  -0.00529302   0.00722257     0.241921
 -0.00529302    0.0593434    0.0191089  -0.00967355
  0.00722257    0.0191089    0.0517677 -0.000834426
    0.241921  -0.00967355 -0.000834426     0.441919
IMAGINARY
          0   0.0129167 -0.00306163   0.0258687
 -0.0129167           0 -0.00956436 -0.00622219
 0.00306163  0.00956436           0   0.0109559
 -0.0258687  0.00622219  -0.0109559           0
Repeater1[0]<--->EndNode1[0]
REAL
   0.465296 -0.00722655  -0.0127838    0.255449
-0.00722655   0.0488432  0.00174764  -0.0253889
 -0.0127838  0.00174764   0.0321337  -0.0109211
   0.255449  -0.0253889  -0.0109211    0.453728
IMAGINARY
          0  0.00385901  0.00154804  -0.0180983
-0.00385901           0 -0.00451481  0.00989207
-0.00154804  0.00451481           0   0.0075811
  0.0180983 -0.00989207  -0.0075811           0
Repeater1[0]<--->HoM1[0]
REAL
     0.44697   0.00722257  -0.00529302     0.241921
  0.00722257    0.0517677    0.0191089 -0.000834426
 -0.00529302    0.0191089    0.0593434  -0.00967355
    0.241921 -0.000834426  -0.00967355     0.441919
IMAGINARY
          0 -0.00306163   0.0129167   0.0258687
 0.00306163           0  0.00956436   0.0109559
 -0.0129167 -0.00956436           0 -0.00622219
 -0.0258687  -0.0109559  0.00622219           0
EndNode1[0]<--->Repeater1[0]
REAL
   0.447596  0.00302725  -0.0124611     0.25984
 0.00302725   0.0604192 -0.00331808  0.00314436
 -0.0124611 -0.00331808   0.0480888  0.00753176
    0.25984  0.00314436  0.00753176    0.443896
IMAGINARY
          0  0.00995331  0.00328947  0.00293881
-0.00995331           0 -0.00161255  -0.0230263
-0.00328947  0.00161255           0  0.00188879
-0.00293881   0.0230263 -0.00188879           0
EndNode2[0]<--->HoM1[0]
REAL
   0.448366 -0.00737448 -0.00320199    0.247363
-0.00737448   0.0470588   0.0129882  0.00257464
-0.00320199   0.0129882   0.0522876  -0.0145829
   0.247363  0.00257464  -0.0145829    0.452288
IMAGINARY
          0 -0.00246059 -0.00681708  0.00423032
 0.00246059           0   0.0140087 -0.00359958
 0.00681708  -0.0140087           0  -0.0157686
-0.00423032  0.00359958   0.0157686           0
Repeater1[0]<--->EndNode1[0]
REAL
   0.447596  -0.0124611  0.00302725     0.25984
 -0.0124611   0.0480888 -0.00331808  0.00753176
 0.00302725 -0.00331808   0.0604192  0.00314436
    0.25984  0.00753176  0.00314436    0.443896
IMAGINARY
          0  0.00328947  0.00995331  0.00293881
-0.00328947           0  0.00161255  0.00188879
-0.00995331 -0.00161255           0  -0.0230263
-0.00293881 -0.00188879   0.0230263           0
Repeater1[0]<--->HoM1[0]
REAL
   0.448366 -0.00320199 -0.00737448    0.247363
-0.00320199   0.0522876   0.0129882  -0.0145829
-0.00737448   0.0129882   0.0470588  0.00257464
   0.247363  -0.0145829  0.00257464    0.452288
IMAGINARY
          0 -0.00681708 -0.00246059  0.00423032
 0.00681708           0  -0.0140087  -0.0157686
 0.00246059   0.0140087           0 -0.00359958
-0.00423032   0.0157686  0.00359958           0
EndNode1[0]<--->Repeater1[0]
REAL
   0.472258  0.00575469  -0.0021639    0.256683
 0.00575469   0.0503226    0.018855  -0.0139651
 -0.0021639    0.018855   0.0477419 -0.00709878
   0.256683  -0.0139651 -0.00709878    0.429677
IMAGINARY
         0  0.0213632 -0.0167933  0.0110151
-0.0213632          0 -0.0103955  0.0149206
 0.0167933  0.0103955          0 -0.0269812
-0.0110151 -0.0149206  0.0269812          0
EndNode2[0]<--->HoM1[0]
REAL
   0.486726  -0.0174713 -0.00510996    0.247208
 -0.0174713   0.0404551  0.00705021 -0.00705549
-0.00510996  0.00705021    0.045512 -0.00199346
   0.247208 -0.00705549 -0.00199346    0.427307
IMAGINARY
          0 -0.00290494   0.0213225 -0.00679051
 0.00290494           0  0.00803429   0.0206723
 -0.0213225 -0.00803429           0  -0.0154678
 0.00679051  -0.0206723   0.0154678           0
Repeater1[0]<--->EndNode1[0]
REAL
   0.472258  -0.0021639  0.00575469    0.256683
 -0.0021639   0.0477419    0.018855 -0.00709878
 0.00575469    0.018855   0.0503226  -0.0139651
   0.256683 -0.00709878  -0.0139651    0.429677
IMAGINARY
         0 -0.0167933  0.0213632  0.0110151
 0.0167933          0  0.0103955 -0.0269812
-0.0213632 -0.0103955          0  0.0149206
-0.0110151  0.0269812 -0.0149206          0
Repeater1[0]<--->HoM1[0]
REAL
   0.486726 -0.00510996  -0.0174713    0.247208
-0.00510996    0.045512  0.00705021 -0.00199346
 -0.0174713  0.00705021   0.0404551 -0.00705549
   0.247208 -0.00199346 -0.00705549    0.427307
IMAGINARY
          0   0.0213225 -0.00290494 -0.00679051
 -0.0213225           0 -0.00803429  -0.0154678
 0.00290494  0.00803429           0   0.0206723
 0.00679051   0.0154678  -0.0206723           0
EndNode1[0]<--->Repeater1[0]
REAL
   0.438424   -0.004626 0.000735411    0.228929
  -0.004626    0.044335  0.00985706   0.0150957
0.000735411  0.00985706   0.0381773 -0.00592809
   0.228929   0.0150957 -0.00592809    0.479064
IMAGINARY
           0  0.000916219    0.0153403    0.0172524
-0.000916219            0  0.000628377    -0.016629
  -0.0153403 -0.000628377            0  -0.00220488
  -0.0172524     0.016629   0.00220488            0
EndNode2[0]<--->HoM1[0]
REAL
   0.483311  0.00876091 -0.00520567    0.247968
 0.00876091    0.034713  0.00755873    0.016259
-0.00520567  0.00755873    0.058745   0.0256994
   0.247968    0.016259   0.0256994    0.423231
IMAGINARY
          0  0.00412161   0.0089842  0.00131996
-0.00412161           0   0.0111965  -0.0166568
 -0.0089842  -0.0111965           0  -0.0181881
-0.00131996   0.0166568   0.0181881           0
Repeater1[0]<--->EndNode1[0]
REAL
   0.438424 0.000735411   -0.004626    0.228929
0.000735411   0.0381773  0.00985706 -0.00592809
  -0.004626  0.00985706    0.044335   0.0150957
   0.228929 -0.00592809   0.0150957    0.479064
IMAGINARY
           0    0.0153403  0.000916219    0.0172524
  -0.0153403            0 -0.000628377  -0.00220488
-0.000916219  0.000628377            0    -0.016629
  -0.0172524   0.00220488     0.016629            0
Repeater1[0]<--->HoM1[0]
REAL
   0.483311 -0.00520567  0.00876091    0.247968
-0.00520567    0.058745  0.00755873   0.0256994
 0.00876091  0.00755873    0.034713    0.016259
   0.247968   0.0256994    0.016259    0.423231
IMAGINARY
          0   0.0089842  0.00412161  0.00131996
 -0.0089842           0  -0.0111965  -0.0181881
-0.00412161   0.0111965           0  -0.0166568
-0.00131996   0.0181881   0.0166568           0
EndNode1[0]<--->Repeater1[0]
REAL
   0.437811 -0.00226544    0.013964    0.252846
-0.00226544   0.0485075  0.00679374   0.0104576
   0.013964  0.00679374   0.0572139 -0.00287594
   0.252846   0.0104576 -0.00287594    0.456468
IMAGINARY
           0  0.000792848   0.00754214   0.00146064
-0.000792848            0    -0.040206  0.000352597
 -0.00754214     0.040206            0    0.0110493
 -0.00146064 -0.000352597   -0.0110493            0
EndNode2[0]<--->HoM1[0]
REAL
