EndNode1[0]<--->Repeater1[0]
REAL
   0.422053  0.00473661  0.00284621    0.296668
 0.00473661    0.086185 -0.00624157   0.0146182
 0.00284621 -0.00624157    0.095057    -0.01832
   0.296668   0.0146182    -0.01832    0.396705
IMAGINARY
           0    0.0163603  -0.00294726    0.0269868
  -0.0163603            0  0.000471671    -0.006312
  0.00294726 -0.000471671            0    0.0100947
  -0.0269868     0.006312   -0.0100947            0
EndNode2[0]<--->HoM1[0]
REAL
   0.387173 -0.00315562 -0.00356007    0.305598
-0.00315562   0.0926366   0.0164569  -0.0189963
-0.00356007   0.0164569   0.0961995 -0.00185692
   0.305598  -0.0189963 -0.00185692     0.42399
IMAGINARY
           0   0.00689473  -0.00938962    0.0329112
 -0.00689473            0   -0.0125433 -0.000711386
  0.00938962    0.0125433            0   0.00951941
  -0.0329112  0.000711386  -0.00951941            0
Repeater1[0]<--->EndNode1[0]
REAL
   0.422053  0.00284621  0.00473661    0.296668
 0.00284621    0.095057 -0.00624157    -0.01832
 0.00473661 -0.00624157    0.086185   0.0146182
   0.296668    -0.01832   0.0146182    0.396705
IMAGINARY
           0  -0.00294726    0.0163603    0.0269868
  0.00294726            0 -0.000471671    0.0100947
  -0.0163603  0.000471671            0    -0.006312
  -0.0269868   -0.0100947     0.006312            0
Repeater1[0]<--->HoM1[0]
REAL
   0.387173 -0.00356007 -0.00315562    0.305598
-0.00356007   0.0961995   0.0164569 -0.00185692
-0.00315562   0.0164569   0.0926366  -0.0189963
   0.305598 -0.00185692  -0.0189963     0.42399
IMAGINARY
           0  -0.00938962   0.00689473    0.0329112
  0.00938962            0    0.0125433   0.00951941
 -0.00689473   -0.0125433            0 -0.000711386
  -0.0329112  -0.00951941  0.000711386            0
EndNode1[0]<--->Repeater1[0]
REAL
    0.38403   0.0112695  0.00932767    0.310865
  0.0112695   0.0709759 -0.00916195  -0.0117608
 0.00932767 -0.00916195    0.107731   0.0142779
   0.310865  -0.0117608   0.0142779    0.437262
IMAGINARY
          0 -0.00325902  0.00270808 -0.00142093
 0.00325902           0  -0.0114343 -0.00744421
-0.00270808   0.0114343           0  0.00664197
 0.00142093  0.00744421 -0.00664197           0
EndNode2[0]<--->HoM1[0]
REAL
   0.393782 -0.00848797  0.00207101    0.311883
-0.00848797   0.0958549   -0.019893 -0.00207101
 0.00207101   -0.019893   0.0919689  0.00977996
   0.311883 -0.00207101  0.00977996    0.418394
IMAGINARY
          0  0.00100134 -0.00335732   0.0144296
-0.00100134           0  0.00177984  0.00936533
 0.00335732 -0.00177984           0  0.00100134
 -0.0144296 -0.00936533 -0.00100134           0
Repeater1[0]<--->EndNode1[0]
REAL
    0.38403  0.00932767   0.0112695    0.310865
 0.00932767    0.107731 -0.00916195   0.0142779
  0.0112695 -0.00916195   0.0709759  -0.0117608
   0.310865   0.0142779  -0.0117608    0.437262
IMAGINARY
          0  0.00270808 -0.00325902 -0.00142093
-0.00270808           0   0.0114343  0.00664197
 0.00325902  -0.0114343           0 -0.00744421
 0.00142093 -0.00664197  0.00744421           0
Repeater1[0]<--->HoM1[0]
REAL
   0.393782  0.00207101 -0.00848797    0.311883
 0.00207101   0.0919689   -0.019893  0.00977996
-0.00848797   -0.019893   0.0958549 -0.00207101
   0.311883  0.00977996 -0.00207101    0.418394
IMAGINARY
          0 -0.00335732  0.00100134   0.0144296
 0.00335732           0 -0.00177984  0.00100134
-0.00100134  0.00177984           0  0.00936533
 -0.0144296 -0.00100134 -0.00936533           0
EndNode1[0]<--->Repeater1[0]
REAL
    0.390667 -0.000616162   -0.0190001     0.315827
-0.000616162    0.0853333  -0.00546058   0.00698999
  -0.0190001  -0.00546058        0.092  -0.00128017
    0.315827   0.00698999  -0.00128017        0.432
IMAGINARY
          0  -0.0267048  0.00643263   0.0141708
  0.0267048           0  -0.0109615     0.02839
-0.00643263   0.0109615           0  -0.0186303
 -0.0141708    -0.02839   0.0186303           0
EndNode2[0]<--->HoM1[0]
REAL
   0.372859    0.012259  0.00817466    0.316746
   0.012259   0.0922266 -0.00238928 -0.00693704
 0.00817466 -0.00238928    0.109354  -0.0159719
   0.316746 -0.00693704  -0.0159719     0.42556
IMAGINARY
          0  -0.0443806   0.0164679  0.00483514
  0.0443806           0   0.0166772  0.00646789
 -0.0164679  -0.0166772           0   0.0135812
-0.00483514 -0.00646789  -0.0135812           0
Repeater1[0]<--->EndNode1[0]
REAL
    0.390667   -0.0190001 -0.000616162     0.315827
  -0.0190001        0.092  -0.00546058  -0.00128017
-0.000616162  -0.00546058    0.0853333   0.00698999
    0.315827  -0.00128017   0.00698999        0.432
IMAGINARY
          0  0.00643263  -0.0267048   0.0141708
-0.00643263           0   0.0109615  -0.0186303
  0.0267048  -0.0109615           0     0.02839
 -0.0141708   0.0186303    -0.02839           0
Repeater1[0]<--->HoM1[0]
REAL
   0.372859  0.00817466    0.012259    0.316746
 0.00817466    0.109354 -0.00238928  -0.0159719
   0.012259 -0.00238928   0.0922266 -0.00693704
   0.316746  -0.0159719 -0.00693704     0.42556
IMAGINARY
          0   0.0164679  -0.0443806  0.00483514
 -0.0164679           0  -0.0166772   0.0135812
  0.0443806   0.0166772           0  0.00646789
-0.00483514  -0.0135812 -0.00646789           0
EndNode1[0]<--->Repeater1[0]
REAL
   0.417722   -0.002057 -0.00322571    0.310599
  -0.002057    0.078481  0.00482462 -0.00752018
-0.00322571  0.00482462   0.0974684    0.019124
   0.310599 -0.00752018    0.019124    0.406329
IMAGINARY
          0  0.00962436 -0.00278001 -0.00426556
-0.00962436           0  -0.0113807   0.0211527
 0.00278001   0.0113807           0 -0.00699968
 0.00426556  -0.0211527  0.00699968           0
EndNode2[0]<--->HoM1[0]
REAL
   0.398196 -0.00533511   -0.013007    0.311035
-0.00533511   0.0760309 -0.00784303   0.0143368
  -0.013007 -0.00784303    0.108247  0.00666489
   0.311035   0.0143368  0.00666489    0.417526
IMAGINARY
           0  -0.00597476 -0.000424653   0.00396723
  0.00597476            0  -0.00971436  -0.00467739
 0.000424653   0.00971436            0   -0.0322905
 -0.00396723   0.00467739    0.0322905            0
Repeater1[0]<--->EndNode1[0]
REAL
   0.417722 -0.00322571   -0.002057    0.310599
-0.00322571   0.0974684  0.00482462    0.019124
  -0.002057  0.00482462    0.078481 -0.00752018
   0.310599    0.019124 -0.00752018    0.406329
IMAGINARY
          0 -0.00278001  0.00962436 -0.00426556
 0.00278001           0   0.0113807 -0.00699968
-0.00962436  -0.0113807           0   0.0211527
 0.00426556  0.00699968  -0.0211527           0
Repeater1[0]<--->HoM1[0]
REAL
   0.398196   -0.013007 -0.00533511    0.311035
  -0.013007    0.108247 -0.00784303  0.00666489
-0.00533511 -0.00784303   0.0760309   0.0143368
   0.311035  0.00666489   0.0143368    0.417526
IMAGINARY
           0 -0.000424653  -0.00597476   0.00396723
 0.000424653            0   0.00971436   -0.0322905
  0.00597476  -0.00971436            0  -0.00467739
 -0.00396723    0.0322905   0.00467739            0
EndNode1[0]<--->Repeater1[0]
REAL
  0.393659  0.0153144  0.0456822   0.292485
 0.0153144  0.0911493 -0.0131831 -0.0107694
 0.0456822 -0.0131831   0.100396  0.0133639
  0.292485 -0.0107694  0.0133639   0.414795
IMAGINARY
           0  -0.00338737    0.0105904  -0.00820616
  0.00338737            0    0.0359497 -0.000468957
  -0.0105904   -0.0359497            0  -0.00673409
  0.00820616  0.000468957   0.00673409            0
EndNode2[0]<--->HoM1[0]
REAL
    0.383598  -0.00802508 -0.000386695     0.316082
 -0.00802508    0.0978836  -0.00983967    0.0101396
-0.000386695  -0.00983967     0.103175  -0.00172785
    0.316082    0.0101396  -0.00172785     0.415344
IMAGINARY
          0  -0.0169033 -0.00915619  -0.0192169
  0.0169033           0  0.00276116  0.00343827
 0.00915619 -0.00276116           0  0.00864412
  0.0192169 -0.00343827 -0.00864412           0
Repeater1[0]<--->EndNode1[0]
REAL
  0.393659  0.0456822  0.0153144   0.292485
 0.0456822   0.100396 -0.0131831  0.0133639
 0.0153144 -0.0131831  0.0911493 -0.0107694
  0.292485  0.0133639 -0.0107694   0.414795
IMAGINARY
           0    0.0105904  -0.00338737  -0.00820616
  -0.0105904            0   -0.0359497  -0.00673409
  0.00338737    0.0359497            0 -0.000468957
  0.00820616   0.00673409  0.000468957            0
Repeater1[0]<--->HoM1[0]
REAL
    0.383598 -0.000386695  -0.00802508     0.316082
-0.000386695     0.103175  -0.00983967  -0.00172785
 -0.00802508  -0.00983967    0.0978836    0.0101396
    0.316082  -0.00172785    0.0101396     0.415344
IMAGINARY
          0 -0.00915619  -0.0169033  -0.0192169
 0.00915619           0 -0.00276116  0.00864412
  0.0169033  0.00276116           0  0.00343827
  0.0192169 -0.00864412 -0.00343827           0
EndNode1[0]<--->Repeater1[0]
REAL
   0.415118 -0.00344271  -0.0129117    0.304267
-0.00344271   0.0855019 -0.00352482   -0.004415
 -0.0129117 -0.00352482   0.0991326   0.0145813
   0.304267   -0.004415   0.0145813    0.400248
IMAGINARY
          0  0.00619042  0.00117547   0.0158525
-0.00619042           0 -0.00388438 -0.00247417
-0.00117547  0.00388438           0 -0.00489172
 -0.0158525  0.00247417  0.00489172           0
EndNode2[0]<--->HoM1[0]
REAL
   0.395804   0.0116014  0.00403289    0.316945
  0.0116014    0.104895  -0.0049894 -0.00590088
 0.00403289  -0.0049894    0.103497 -0.00724278
   0.316945 -0.00590088 -0.00724278    0.395804
IMAGINARY
          0  -0.0188657   0.0145148   0.0155933
  0.0188657           0 -0.00346053   0.0185041
 -0.0145148  0.00346053           0  -0.0271249
 -0.0155933  -0.0185041   0.0271249           0
Repeater1[0]<--->EndNode1[0]
REAL
   0.415118  -0.0129117 -0.00344271    0.304267
 -0.0129117   0.0991326 -0.00352482   0.0145813
-0.00344271 -0.00352482   0.0855019   -0.004415
   0.304267   0.0145813   -0.004415    0.400248
IMAGINARY
          0  0.00117547  0.00619042   0.0158525
-0.00117547           0  0.00388438 -0.00489172
-0.00619042 -0.00388438           0 -0.00247417
 -0.0158525  0.00489172  0.00247417           0
Repeater1[0]<--->HoM1[0]
REAL
   0.395804  0.00403289   0.0116014    0.316945
 0.00403289    0.103497  -0.0049894 -0.00724278
  0.0116014  -0.0049894    0.104895 -0.00590088
   0.316945 -0.00724278 -0.00590088    0.395804
IMAGINARY
          0   0.0145148  -0.0188657   0.0155933
 -0.0145148           0  0.00346053  -0.0271249
  0.0188657 -0.00346053           0   0.0185041
 -0.0155933   0.0271249  -0.0185041           0
EndNode1[0]<--->Repeater1[0]
REAL
   0.389392  -0.0117935  0.00602775    0.324742
 -0.0117935   0.0931436 -0.00129032 -0.00141642
 0.00602775 -0.00129032     0.10608 -0.00204053
   0.324742 -0.00141642 -0.00204053    0.411384
IMAGINARY
          0  -0.0234411   0.0115852   0.0150825
  0.0234411           0 -0.00397138   0.0178265
 -0.0115852  0.00397138           0 -0.00972537
 -0.0150825  -0.0178265  0.00972537           0
EndNode2[0]<--->HoM1[0]
REAL
   0.398448  -0.0135118 -0.00964028    0.310279
 -0.0135118    0.104787 0.000455393  0.00681542
-0.00964028 0.000455393   0.0905563 -0.00908705
   0.310279  0.00681542 -0.00908705     0.40621
IMAGINARY
           0   0.00515081   0.00257658   -0.0285154
 -0.00515081            0 -9.15963e-05  -0.00887381
 -0.00257658  9.15963e-05            0   -0.0076697
   0.0285154   0.00887381    0.0076697            0
Repeater1[0]<--->EndNode1[0]
REAL
   0.389392  0.00602775  -0.0117935    0.324742
 0.00602775     0.10608 -0.00129032 -0.00204053
 -0.0117935 -0.00129032   0.0931436 -0.00141642
   0.324742 -0.00204053 -0.00141642    0.411384
IMAGINARY
          0   0.0115852  -0.0234411   0.0150825
 -0.0115852           0  0.00397138 -0.00972537
  0.0234411 -0.00397138           0   0.0178265
 -0.0150825  0.00972537  -0.0178265           0
Repeater1[0]<--->HoM1[0]
REAL
   0.398448 -0.00964028  -0.0135118    0.310279
-0.00964028   0.0905563 0.000455393 -0.00908705
 -0.0135118 0.000455393    0.104787  0.00681542
   0.310279 -0.00908705  0.00681542     0.40621
IMAGINARY
           0   0.00257658   0.00515081   -0.0285154
 -0.00257658            0  9.15963e-05   -0.0076697
 -0.00515081 -9.15963e-05            0  -0.00887381
   0.0285154    0.0076697   0.00887381            0
EndNode1[0]<--->Repeater1[0]
REAL
   0.379128  -0.0267734 -0.00289438    0.287402
 -0.0267734    0.100396 -0.00799059  -0.0198329
-0.00289438 -0.00799059    0.100396    0.005383
   0.287402  -0.0198329    0.005383    0.420079
IMAGINARY
           0   0.00693607   -0.0097463    0.0034534
 -0.00693607            0 -0.000268685   0.00297123
   0.0097463  0.000268685            0  -0.00693607
  -0.0034534  -0.00297123   0.00693607            0
EndNode2[0]<--->HoM1[0]
REAL
    0.406494 -0.000453048  -0.00332428     0.317522
-0.000453048     0.114286  -0.00781102   -0.0150484
 -0.00332428  -0.00781102    0.0857143   -0.0087333
    0.317522   -0.0150484   -0.0087333     0.393506
IMAGINARY
          0    0.020796  0.00613636   0.0117866
  -0.020796           0  0.00682382   -0.012803
-0.00613636 -0.00682382           0  0.00587065
 -0.0117866    0.012803 -0.00587065           0
Repeater1[0]<--->EndNode1[0]
REAL
   0.379128 -0.00289438  -0.0267734    0.287402
-0.00289438    0.100396 -0.00799059    0.005383
 -0.0267734 -0.00799059    0.100396  -0.0198329
   0.287402    0.005383  -0.0198329    0.420079
IMAGINARY
           0   -0.0097463   0.00693607    0.0034534
   0.0097463            0  0.000268685  -0.00693607
 -0.00693607 -0.000268685            0   0.00297123
  -0.0034534   0.00693607  -0.00297123            0
Repeater1[0]<--->HoM1[0]
REAL
    0.406494  -0.00332428 -0.000453048     0.317522
 -0.00332428    0.0857143  -0.00781102   -0.0087333
-0.000453048  -0.00781102     0.114286   -0.0150484
    0.317522   -0.0087333   -0.0150484     0.393506
IMAGINARY
          0  0.00613636    0.020796   0.0117866
-0.00613636           0 -0.00682382  0.00587065
  -0.020796  0.00682382           0   -0.012803
 -0.0117866 -0.00587065    0.012803           0
EndNode1[0]<--->Repeater1[0]
REAL
   0.390746  -0.0062179  -0.0124677    0.312728
 -0.0062179   0.0912596 -0.00532975  -0.0104914
 -0.0124677 -0.00532975   0.0835476  0.00239137
   0.312728  -0.0104914  0.00239137    0.434447
IMAGINARY
           0   0.00617569  -0.00824114  -0.00508959
 -0.00617569            0 -5.18024e-05  -0.00338677
  0.00824114  5.18024e-05            0     0.036916
  0.00508959   0.00338677    -0.036916            0
EndNode2[0]<--->HoM1[0]
REAL
   0.383632  -0.0171603  -0.0121403    0.314788
 -0.0171603   0.0933504  -0.0134811 -0.00289242
 -0.0121403  -0.0134811    0.106138  0.00474204
   0.314788 -0.00289242  0.00474204     0.41688
IMAGINARY
           0   0.00130554    0.0116492  -0.00425419
 -0.00130554            0   -0.0180733   -0.0228777
  -0.0116492    0.0180733            0 -0.000645042
  0.00425419    0.0228777  0.000645042            0
Repeater1[0]<--->EndNode1[0]
REAL
   0.390746  -0.0124677  -0.0062179    0.312728
 -0.0124677   0.0835476 -0.00532975  0.00239137
 -0.0062179 -0.00532975   0.0912596  -0.0104914
   0.312728  0.00239137  -0.0104914    0.434447
IMAGINARY
           0  -0.00824114   0.00617569  -0.00508959
  0.00824114            0  5.18024e-05     0.036916
 -0.00617569 -5.18024e-05            0  -0.00338677
  0.00508959    -0.036916   0.00338677            0
Repeater1[0]<--->HoM1[0]
REAL
   0.383632  -0.0121403  -0.0171603    0.314788
 -0.0121403    0.106138  -0.0134811  0.00474204
 -0.0171603  -0.0134811   0.0933504 -0.00289242
   0.314788  0.00474204 -0.00289242     0.41688
IMAGINARY
           0    0.0116492   0.00130554  -0.00425419
  -0.0116492            0    0.0180733 -0.000645042
 -0.00130554   -0.0180733            0   -0.0228777
  0.00425419  0.000645042    0.0228777            0
EndNode1[0]<--->Repeater1[0]
REAL
  0.430233  0.0072043 -0.0187323   0.313909
 0.0072043  0.0956072 -0.0180698  0.0128806
-0.0187323 -0.0180698  0.0839793   0.027256
  0.313909  0.0128806   0.027256   0.390181
IMAGINARY
          0   0.0066366  0.00672968  0.00762016
 -0.0066366           0  -0.0226065  -0.0121497
-0.00672968   0.0226065           0  0.00420351
-0.00762016   0.0121497 -0.00420351           0
EndNode2[0]<--->HoM1[0]
REAL
   0.420499  0.00127339  0.00522726     0.30969
 0.00127339   0.0959264    0.013536 0.000579189
 0.00522726    0.013536   0.0985545 -0.00707984
    0.30969 0.000579189 -0.00707984     0.38502
IMAGINARY
          0 -0.00294241   0.0147191  0.00867032
 0.00294241           0  0.00741719   0.0083578
 -0.0147191 -0.00741719           0  0.00935267
-0.00867032  -0.0083578 -0.00935267           0
Repeater1[0]<--->EndNode1[0]
REAL
  0.430233 -0.0187323  0.0072043   0.313909
-0.0187323  0.0839793 -0.0180698   0.027256
 0.0072043 -0.0180698  0.0956072  0.0128806
  0.313909   0.027256  0.0128806   0.390181
IMAGINARY
          0  0.00672968   0.0066366  0.00762016
-0.00672968           0   0.0226065  0.00420351
 -0.0066366  -0.0226065           0  -0.0121497
-0.00762016 -0.00420351   0.0121497           0
Repeater1[0]<--->HoM1[0]
REAL
   0.420499  0.00522726  0.00127339     0.30969
 0.00522726   0.0985545    0.013536 -0.00707984
 0.00127339    0.013536   0.0959264 0.000579189
    0.30969 -0.00707984 0.000579189     0.38502
IMAGINARY
          0   0.0147191 -0.00294241  0.00867032
 -0.0147191           0 -0.00741719  0.00935267
 0.00294241  0.00741719           0   0.0083578
-0.00867032 -0.00935267  -0.0083578           0
EndNode1[0]<--->Repeater1[0]
REAL
    0.398241  -0.00532599   -0.0121928     0.304795
 -0.00532599    0.0967337    0.0110615 -0.000594893
  -0.0121928    0.0110615    0.0766332    0.0129986
    0.304795 -0.000594893    0.0129986     0.428392
IMAGINARY
          0  0.00684306   -0.019356 -0.00423391
-0.00684306           0 -0.00297763   0.0102176
   0.019356  0.00297763           0   0.0101282
 0.00423391  -0.0102176  -0.0101282           0
EndNode2[0]<--->HoM1[0]
REAL
   0.380228   0.0153747 0.000272654    0.308789
  0.0153747    0.108999   0.0053593  0.00692159
0.000272654   0.0053593    0.105196  -0.0117776
   0.308789  0.00692159  -0.0117776    0.405577
IMAGINARY
          0  -0.0085561  -0.0123891  0.00234678
  0.0085561           0  -0.0114377  0.00579276
  0.0123891   0.0114377           0  -0.0151906
-0.00234678 -0.00579276   0.0151906           0
Repeater1[0]<--->EndNode1[0]
REAL
    0.398241   -0.0121928  -0.00532599     0.304795
  -0.0121928    0.0766332    0.0110615    0.0129986
 -0.00532599    0.0110615    0.0967337 -0.000594893
    0.304795    0.0129986 -0.000594893     0.428392
IMAGINARY
          0   -0.019356  0.00684306 -0.00423391
   0.019356           0  0.00297763   0.0101282
-0.00684306 -0.00297763           0   0.0102176
 0.00423391  -0.0101282  -0.0102176           0
Repeater1[0]<--->HoM1[0]
REAL
   0.380228 0.000272654   0.0153747    0.308789
0.000272654    0.105196   0.0053593  -0.0117776
  0.0153747   0.0053593    0.108999  0.00692159
   0.308789  -0.0117776  0.00692159    0.405577
IMAGINARY
          0  -0.0123891  -0.0085561  0.00234678
  0.0123891           0   0.0114377  -0.0151906
  0.0085561  -0.0114377           0  0.00579276
-0.00234678   0.0151906 -0.00579276           0
EndNode1[0]<--->Repeater1[0]
REAL
   0.402314 0.000287592  0.00305292    0.320123
0.000287592    0.106684 -0.00892546 -0.00305292
 0.00305292 -0.00892546   0.0861183 -0.00419384
   0.320123 -0.00305292 -0.00419384    0.404884
IMAGINARY
          0   0.0145734  0.00425946 -0.00831543
 -0.0145734           0 -0.00193788  -0.0106862
-0.00425946  0.00193788           0  -0.0120027
 0.00831543   0.0106862   0.0120027           0
EndNode2[0]<--->HoM1[0]
REAL
  0.397576  0.0231311 0.00529583   0.330405
 0.0231311  0.0981818 0.00379199  0.0141342
0.00529583 0.00379199  0.0993939   0.011843
  0.330405  0.0141342   0.011843   0.404848
IMAGINARY
          0  0.00746411  -0.0162097 -0.00526642
-0.00746411           0 -0.00526642 -0.00395161
  0.0162097  0.00526642           0  -0.0128405
 0.00526642  0.00395161   0.0128405           0
Repeater1[0]<--->EndNode1[0]
REAL
   0.402314  0.00305292 0.000287592    0.320123
 0.00305292   0.0861183 -0.00892546 -0.00419384
0.000287592 -0.00892546    0.106684 -0.00305292
   0.320123 -0.00419384 -0.00305292    0.404884
IMAGINARY
          0  0.00425946   0.0145734 -0.00831543
-0.00425946           0  0.00193788  -0.0120027
 -0.0145734 -0.00193788           0  -0.0106862
 0.00831543   0.0120027   0.0106862           0
Repeater1[0]<--->HoM1[0]
REAL
  0.397576 0.00529583  0.0231311   0.330405
0.00529583  0.0993939 0.00379199   0.011843
 0.0231311 0.00379199  0.0981818  0.0141342
  0.330405   0.011843  0.0141342   0.404848
IMAGINARY
          0  -0.0162097  0.00746411 -0.00526642
  0.0162097           0  0.00526642  -0.0128405
-0.00746411 -0.00526642           0 -0.00395161
 0.00526642   0.0128405  0.00395161           0
EndNode1[0]<--->Repeater1[0]
REAL
   0.394293 -0.00822316  0.00766161    0.296978
-0.00822316   0.0856031 -0.00378793  -0.0120752
 0.00766161 -0.00378793    0.101167  -0.0012346
   0.296978  -0.0120752  -0.0012346    0.418936
IMAGINARY
          0   0.0194303  -0.0153257  0.00588411
 -0.0194303           0 -0.00218041  0.00957854
  0.0153257  0.00218041           0  -0.0111289
-0.00588411 -0.00957854   0.0111289           0
EndNode2[0]<--->HoM1[0]
REAL
   0.391026  0.00928065  0.00657961    0.304928
 0.00928065    0.114103 -0.00418536   0.0218857
 0.00657961 -0.00418536    0.105128  0.00804608
   0.304928   0.0218857  0.00804608    0.389744
IMAGINARY
          0  -0.0143369  -0.0133258 -0.00320297
  0.0143369           0   0.0079391 -0.00145249
  0.0133258  -0.0079391           0   0.0229576
 0.00320297  0.00145249  -0.0229576           0
Repeater1[0]<--->EndNode1[0]
REAL
   0.394293  0.00766161 -0.00822316    0.296978
 0.00766161    0.101167 -0.00378793  -0.0012346
-0.00822316 -0.00378793   0.0856031  -0.0120752
   0.296978  -0.0012346  -0.0120752    0.418936
IMAGINARY
          0  -0.0153257   0.0194303  0.00588411
  0.0153257           0  0.00218041  -0.0111289
 -0.0194303 -0.00218041           0  0.00957854
-0.00588411   0.0111289 -0.00957854           0
Repeater1[0]<--->HoM1[0]
REAL
   0.391026  0.00657961  0.00928065    0.304928
 0.00657961    0.105128 -0.00418536  0.00804608
 0.00928065 -0.00418536    0.114103   0.0218857
   0.304928  0.00804608   0.0218857    0.389744
IMAGINARY
          0  -0.0133258  -0.0143369 -0.00320297
  0.0133258           0  -0.0079391   0.0229576
  0.0143369   0.0079391           0 -0.00145249
 0.00320297  -0.0229576  0.00145249           0
EndNode1[0]<--->Repeater1[0]
REAL
   0.418109   0.0163538 -0.00918233    0.308926
  0.0163538   0.0932091 -0.00665871   0.0179985
-0.00918233 -0.00665871    0.106525  0.00127843
   0.308926   0.0179985  0.00127843    0.382157
IMAGINARY
          0   0.0079856  -0.0133054 -0.00190962
 -0.0079856           0    0.010977 -0.00357775
  0.0133054   -0.010977           0  -0.0144791
 0.00190962  0.00357775   0.0144791           0
EndNode2[0]<--->HoM1[0]
REAL
   0.380893 -0.00416034  0.00438791     0.32268
-0.00416034    0.112903  -0.0080138 -0.00305458
 0.00438791  -0.0080138      0.1067    0.014827
    0.32268 -0.00305458    0.014827    0.399504
IMAGINARY
           0    0.0112219  0.000810474    -0.010005
  -0.0112219            0  -0.00281549     0.021723
-0.000810474   0.00281549            0   -0.0203571
    0.010005    -0.021723    0.0203571            0
Repeater1[0]<--->EndNode1[0]
REAL
   0.418109 -0.00918233   0.0163538    0.308926
-0.00918233    0.106525 -0.00665871  0.00127843
  0.0163538 -0.00665871   0.0932091   0.0179985
   0.308926  0.00127843   0.0179985    0.382157
IMAGINARY
          0  -0.0133054   0.0079856 -0.00190962
  0.0133054           0   -0.010977  -0.0144791
 -0.0079856    0.010977           0 -0.00357775
 0.00190962   0.0144791  0.00357775           0
Repeater1[0]<--->HoM1[0]
REAL
   0.380893  0.00438791 -0.00416034     0.32268
 0.00438791      0.1067  -0.0080138    0.014827
-0.00416034  -0.0080138    0.112903 -0.00305458
    0.32268    0.014827 -0.00305458    0.399504
IMAGINARY
           0  0.000810474    0.0112219    -0.010005
-0.000810474            0   0.00281549   -0.0203571
  -0.0112219  -0.00281549            0     0.021723
    0.010005    0.0203571    -0.021723            0
EndNode1[0]<--->Repeater1[0]
REAL
   0.379699  0.00944842 -0.00573617      0.3039
 0.00944842   0.0902256 -0.00992997   0.0107613
-0.00573617 -0.00992997   0.0902256  0.00813952
     0.3039   0.0107613  0.00813952     0.43985
IMAGINARY
          0   0.0207229  0.00160628  0.00895872
 -0.0207229           0  0.00960892  0.00903202
-0.00160628 -0.00960892           0  0.00321322
-0.00895872 -0.00903202 -0.00321322           0
EndNode2[0]<--->HoM1[0]
REAL
   0.369032    0.023974   0.0263084    0.305296
   0.023974    0.109677 -0.00504911  0.00390122
  0.0263084 -0.00504911   0.0929032  0.00870173
   0.305296  0.00390122  0.00870173    0.428387
IMAGINARY
          0  -0.0113973   0.0261209  -0.0149819
  0.0113973           0  0.00731107   -0.010111
 -0.0261209 -0.00731107           0 -0.00953861
  0.0149819    0.010111  0.00953861           0
Repeater1[0]<--->EndNode1[0]
REAL
   0.379699 -0.00573617  0.00944842      0.3039
-0.00573617   0.0902256 -0.00992997  0.00813952
 0.00944842 -0.00992997   0.0902256   0.0107613
     0.3039  0.00813952   0.0107613     0.43985
IMAGINARY
          0  0.00160628   0.0207229  0.00895872
-0.00160628           0 -0.00960892  0.00321322
 -0.0207229  0.00960892           0  0.00903202
-0.00895872 -0.00321322 -0.00903202           0
Repeater1[0]<--->HoM1[0]
REAL
   0.369032   0.0263084    0.023974    0.305296
  0.0263084   0.0929032 -0.00504911  0.00870173
   0.023974 -0.00504911    0.109677  0.00390122
   0.305296  0.00870173  0.00390122    0.428387
IMAGINARY
          0   0.0261209  -0.0113973  -0.0149819
 -0.0261209           0 -0.00731107 -0.00953861
  0.0113973  0.00731107           0   -0.010111
  0.0149819  0.00953861    0.010111           0
EndNode1[0]<--->Repeater1[0]
REAL
   0.386076  -0.0193375  0.00594793    0.286908
 -0.0193375   0.0835443  -0.0217657 -0.00780207
 0.00594793  -0.0217657   0.0873418 0.000178011
   0.286908 -0.00780207 0.000178011    0.443038
IMAGINARY
          0   0.0119575  -0.0111352  -0.0157792
 -0.0119575           0 -0.00101667  0.00220662
  0.0111352  0.00101667           0  -0.0030289
  0.0157792 -0.00220662   0.0030289           0
EndNode2[0]<--->HoM1[0]
REAL
   0.394422  -0.0245764    0.013329    0.322673
 -0.0245764   0.0969456  0.00024338  -0.0159331
   0.013329  0.00024338   0.0849934 -0.00667359
   0.322673  -0.0159331 -0.00667359    0.423639
IMAGINARY
          0 -0.00535227 -0.00399123 -0.00659417
 0.00535227           0 -0.00981997  -0.0126977
 0.00399123  0.00981997           0   0.0180358
 0.00659417   0.0126977  -0.0180358           0
Repeater1[0]<--->EndNode1[0]
REAL
   0.386076  0.00594793  -0.0193375    0.286908
 0.00594793   0.0873418  -0.0217657 0.000178011
 -0.0193375  -0.0217657   0.0835443 -0.00780207
   0.286908 0.000178011 -0.00780207    0.443038
IMAGINARY
          0  -0.0111352   0.0119575  -0.0157792
  0.0111352           0  0.00101667  -0.0030289
 -0.0119575 -0.00101667           0  0.00220662
  0.0157792   0.0030289 -0.00220662           0
Repeater1[0]<--->HoM1[0]
REAL
   0.394422    0.013329  -0.0245764    0.322673
   0.013329   0.0849934  0.00024338 -0.00667359
 -0.0245764  0.00024338   0.0969456  -0.0159331
   0.322673 -0.00667359  -0.0159331    0.423639
IMAGINARY
          0 -0.00399123 -0.00535227 -0.00659417
 0.00399123           0  0.00981997   0.0180358
 0.00535227 -0.00981997           0  -0.0126977
 0.00659417  -0.0180358   0.0126977           0
EndNode1[0]<--->Repeater1[0]
REAL
    0.422194 -0.000920405   -0.0164002     0.312132
-0.000920405    0.0931122  -0.00802091  -0.00113304
  -0.0164002  -0.00802091     0.105867   -0.0117761
    0.312132  -0.00113304   -0.0117761     0.378827
IMAGINARY
          0  -0.0103709 -0.00506176   -0.011354
  0.0103709           0  -0.0159898 -0.00769334
 0.00506176   0.0159898           0   0.0141975
   0.011354  0.00769334  -0.0141975           0
EndNode2[0]<--->HoM1[0]
REAL
   0.412679   0.0107853   0.0161736    0.303075
  0.0107853    0.108852 -0.00729135 -0.00102213
  0.0161736 -0.00729135   0.0813397 -0.00749148
   0.303075 -0.00102213 -0.00749148    0.397129
IMAGINARY
          0  0.00633572  -0.0081452  0.00139305
-0.00633572           0  0.00825946   -0.010186
  0.0081452 -0.00825946           0  0.00441017
-0.00139305    0.010186 -0.00441017           0
Repeater1[0]<--->EndNode1[0]
REAL
    0.422194   -0.0164002 -0.000920405     0.312132
  -0.0164002     0.105867  -0.00802091   -0.0117761
-0.000920405  -0.00802091    0.0931122  -0.00113304
    0.312132   -0.0117761  -0.00113304     0.378827
IMAGINARY
          0 -0.00506176  -0.0103709   -0.011354
 0.00506176           0   0.0159898   0.0141975
  0.0103709  -0.0159898           0 -0.00769334
   0.011354  -0.0141975  0.00769334           0
Repeater1[0]<--->HoM1[0]
REAL
   0.412679   0.0161736   0.0107853    0.303075
  0.0161736   0.0813397 -0.00729135 -0.00749148
  0.0107853 -0.00729135    0.108852 -0.00102213
   0.303075 -0.00749148 -0.00102213    0.397129
IMAGINARY
          0  -0.0081452  0.00633572  0.00139305
  0.0081452           0 -0.00825946  0.00441017
-0.00633572  0.00825946           0   -0.010186
-0.00139305 -0.00441017    0.010186           0
EndNode1[0]<--->Repeater1[0]
REAL
   0.388594  0.00220019  -0.0125648    0.324935
 0.00220019   0.0822281  -0.0149087  0.00201066
 -0.0125648  -0.0149087    0.112732 -0.00747723
   0.324935  0.00201066 -0.00747723    0.416446
IMAGINARY
          0  0.00858858 -0.00797711  -0.0458526
-0.00858858           0  0.00739102  0.00276878
 0.00797711 -0.00739102           0   -0.015099
  0.0458526 -0.00276878    0.015099           0
EndNode2[0]<--->HoM1[0]
REAL
   0.421053 -0.00984593  -0.0193338    0.296852
-0.00984593   0.0860077 -0.00238079  -0.0035027
 -0.0193338 -0.00238079   0.0924262  -0.0021733
   0.296852  -0.0035027  -0.0021733    0.400513
IMAGINARY
          0   0.0176041 -0.00478844 -0.00364325
 -0.0176041           0 -0.00961935  -0.0156719
 0.00478844  0.00961935           0  0.00669263
 0.00364325   0.0156719 -0.00669263           0
Repeater1[0]<--->EndNode1[0]
REAL
   0.388594  -0.0125648  0.00220019    0.324935
 -0.0125648    0.112732  -0.0149087 -0.00747723
 0.00220019  -0.0149087   0.0822281  0.00201066
   0.324935 -0.00747723  0.00201066    0.416446
IMAGINARY
          0 -0.00797711  0.00858858  -0.0458526
 0.00797711           0 -0.00739102   -0.015099
-0.00858858  0.00739102           0  0.00276878
  0.0458526    0.015099 -0.00276878           0
Repeater1[0]<--->HoM1[0]
REAL
   0.421053  -0.0193338 -0.00984593    0.296852
 -0.0193338   0.0924262 -0.00238079  -0.0021733
-0.00984593 -0.00238079   0.0860077  -0.0035027
   0.296852  -0.0021733  -0.0035027    0.400513
IMAGINARY
          0 -0.00478844   0.0176041 -0.00364325
 0.00478844           0  0.00961935  0.00669263
 -0.0176041 -0.00961935           0  -0.0156719
 0.00364325 -0.00669263   0.0156719           0
EndNode1[0]<--->Repeater1[0]
REAL
   0.405995  0.00873015   0.0014811    0.312055
 0.00873015   0.0899183  0.00124421 -0.00531742
  0.0014811  0.00124421   0.0980926 -0.00489383
   0.312055 -0.00531742 -0.00489383    0.405995
IMAGINARY
          0  -0.0085055   0.0238233 -0.00247816
  0.0085055           0   0.0105427  0.00899527
 -0.0238233  -0.0105427           0   -0.015304
 0.00247816 -0.00899527    0.015304           0
EndNode2[0]<--->HoM1[0]
REAL
   0.396845 -0.00611139  0.00387256    0.312285
-0.00611139    0.092233 -0.00717735 0.000159693
 0.00387256 -0.00717735    0.100728  -0.0100176
   0.312285 0.000159693  -0.0100176    0.410194
IMAGINARY
          0  0.00669548 -0.00555155  0.00442023
-0.00669548           0   -0.030736   0.0202763
 0.00555155    0.030736           0   0.0029076
-0.00442023  -0.0202763  -0.0029076           0
Repeater1[0]<--->EndNode1[0]
REAL
   0.405995   0.0014811  0.00873015    0.312055
  0.0014811   0.0980926  0.00124421 -0.00489383
 0.00873015  0.00124421   0.0899183 -0.00531742
   0.312055 -0.00489383 -0.00531742    0.405995
IMAGINARY
          0   0.0238233  -0.0085055 -0.00247816
 -0.0238233           0  -0.0105427   -0.015304
  0.0085055   0.0105427           0  0.00899527
 0.00247816    0.015304 -0.00899527           0
Repeater1[0]<--->HoM1[0]
REAL
   0.396845  0.00387256 -0.00611139    0.312285
 0.00387256    0.100728 -0.00717735  -0.0100176
-0.00611139 -0.00717735    0.092233 0.000159693
   0.312285  -0.0100176 0.000159693    0.410194
IMAGINARY
          0 -0.00555155  0.00669548  0.00442023
 0.00555155           0    0.030736   0.0029076
-0.00669548   -0.030736           0   0.0202763
-0.00442023  -0.0029076  -0.0202763           0
EndNode1[0]<--->Repeater1[0]
REAL
   0.413972   0.0253406  0.00964115    0.294392
  0.0253406   0.0996119  -0.0179533  -0.0116492
 0.00964115  -0.0179533   0.0944373 -0.00994569
   0.294392  -0.0116492 -0.00994569    0.391979
IMAGINARY
           0   -0.0110126  4.28882e-05  -0.00723083
   0.0110126            0   -0.0130223   -0.0173268
-4.28882e-05    0.0130223            0    0.0233583
  0.00723083    0.0173268   -0.0233583            0
EndNode2[0]<--->HoM1[0]
REAL
    0.413524 -3.37035e-05   0.00325525     0.303446
-3.37035e-05    0.0910273    -0.016122   -0.0018468
  0.00325525    -0.016122    0.0936281    0.0113013
    0.303446   -0.0018468    0.0113013     0.401821
IMAGINARY
          0  -0.0125716   0.0253522  0.00905252
  0.0125716           0  -0.0206505   0.0134025
 -0.0253522   0.0206505           0  -0.0338071
-0.00905252  -0.0134025   0.0338071           0
Repeater1[0]<--->EndNode1[0]
REAL
   0.413972  0.00964115   0.0253406    0.294392
 0.00964115   0.0944373  -0.0179533 -0.00994569
  0.0253406  -0.0179533   0.0996119  -0.0116492
   0.294392 -0.00994569  -0.0116492    0.391979
IMAGINARY
           0  4.28882e-05   -0.0110126  -0.00723083
-4.28882e-05            0    0.0130223    0.0233583
   0.0110126   -0.0130223            0   -0.0173268
  0.00723083   -0.0233583    0.0173268            0
Repeater1[0]<--->HoM1[0]
REAL
    0.413524   0.00325525 -3.37035e-05     0.303446
  0.00325525    0.0936281    -0.016122    0.0113013
-3.37035e-05    -0.016122    0.0910273   -0.0018468
    0.303446    0.0113013   -0.0018468     0.401821
IMAGINARY
          0   0.0253522  -0.0125716  0.00905252
 -0.0253522           0   0.0206505  -0.0338071
  0.0125716  -0.0206505           0   0.0134025
-0.00905252   0.0338071  -0.0134025           0
EndNode1[0]<--->Repeater1[0]
REAL
   0.389873  0.00698658 -0.00158688    0.323227
 0.00698658   0.0936709  0.00817591   0.0151004
-0.00158688  0.00817591   0.0936709   0.0103879
   0.323227   0.0151004   0.0103879    0.422785
IMAGINARY
          0  -0.0223837 -0.00206481  -0.0169521
  0.0223837           0   0.0125385  -0.0119658
 0.00206481  -0.0125385           0   0.0198327
  0.0169521   0.0119658  -0.0198327           0
EndNode2[0]<--->HoM1[0]
REAL
    0.413665    0.0151588 -0.000253933     0.315917
   0.0151588    0.0981366   0.00165054   0.00565934
-0.000253933   0.00165054    0.0819876  -0.00569935
    0.315917   0.00565934  -0.00569935     0.406211
IMAGINARY
           0 -0.000486259    0.0132023   -0.0185643
 0.000486259            0   -0.0179274 -0.000416337
  -0.0132023    0.0179274            0   -0.0230669
   0.0185643  0.000416337    0.0230669            0
Repeater1[0]<--->EndNode1[0]
REAL
   0.389873 -0.00158688  0.00698658    0.323227
-0.00158688   0.0936709  0.00817591   0.0103879
 0.00698658  0.00817591   0.0936709   0.0151004
   0.323227   0.0103879   0.0151004    0.422785
IMAGINARY
          0 -0.00206481  -0.0223837  -0.0169521
 0.00206481           0  -0.0125385   0.0198327
  0.0223837   0.0125385           0  -0.0119658
  0.0169521  -0.0198327   0.0119658           0
Repeater1[0]<--->HoM1[0]
REAL
    0.413665 -0.000253933    0.0151588     0.315917
-0.000253933    0.0819876   0.00165054  -0.00569935
   0.0151588   0.00165054    0.0981366   0.00565934
    0.315917  -0.00569935   0.00565934     0.406211
IMAGINARY
           0    0.0132023 -0.000486259   -0.0185643
  -0.0132023            0    0.0179274   -0.0230669
 0.000486259   -0.0179274            0 -0.000416337
   0.0185643    0.0230669  0.000416337            0
EndNode1[0]<--->Repeater1[0]
REAL
    0.39625 -0.00965615 -0.00857059     0.30925
-0.00965615         0.1   0.0067812  -0.0196817
-0.00857059   0.0067812     0.10625  -0.0212243
    0.30925  -0.0196817  -0.0212243      0.3975
IMAGINARY
          0  -0.0107562  0.00905799  0.00160988
  0.0107562           0  -0.0103582  -0.0288111
-0.00905799   0.0103582           0   0.0107562
-0.00160988   0.0288111  -0.0107562           0
EndNode2[0]<--->HoM1[0]
REAL
    0.397906   -0.0148935    0.0276013     0.311387
  -0.0148935    0.0903141   -0.0127208 -0.000934657
   0.0276013   -0.0127208     0.108639    0.0322269
    0.311387 -0.000934657    0.0322269     0.403141
IMAGINARY
           0    0.0179296    0.0102381    0.0118595
  -0.0179296            0  0.000690012   -0.0268433
  -0.0102381 -0.000690012            0 -9.44268e-05
  -0.0118595    0.0268433  9.44268e-05            0
Repeater1[0]<--->EndNode1[0]
REAL
    0.39625 -0.00857059 -0.00965615     0.30925
-0.00857059     0.10625   0.0067812  -0.0212243
-0.00965615   0.0067812         0.1  -0.0196817
    0.30925  -0.0212243  -0.0196817      0.3975
IMAGINARY
          0  0.00905799  -0.0107562  0.00160988
-0.00905799           0   0.0103582   0.0107562
  0.0107562  -0.0103582           0  -0.0288111
-0.00160988  -0.0107562   0.0288111           0
Repeater1[0]<--->HoM1[0]
REAL
    0.397906    0.0276013   -0.0148935     0.311387
   0.0276013     0.108639   -0.0127208    0.0322269
  -0.0148935   -0.0127208    0.0903141 -0.000934657
    0.311387    0.0322269 -0.000934657     0.403141
IMAGINARY
           0    0.0102381    0.0179296    0.0118595
  -0.0102381            0 -0.000690012 -9.44268e-05
  -0.0179296  0.000690012            0   -0.0268433
  -0.0118595  9.44268e-05    0.0268433            0
EndNode1[0]<--->Repeater1[0]
REAL
   0.415842   0.0106413   0.0100623    0.299608
  0.0106413   0.0915842 -0.00663411  0.00938567
  0.0100623 -0.00663411   0.0928218    0.020099
   0.299608  0.00938567    0.020099    0.399752
IMAGINARY
          0   0.0322386 -0.00487394 -0.00686328
 -0.0322386           0  0.00943398  -0.0035786
 0.00487394 -0.00943398           0  -0.0198849
 0.00686328   0.0035786   0.0198849           0
EndNode2[0]<--->HoM1[0]
REAL
   0.412292 -0.00983663  -0.0054621    0.290517
-0.00983663    0.102433  0.00872105  -0.0180449
 -0.0054621  0.00872105   0.0960307   -0.018753
   0.290517  -0.0180449   -0.018753    0.389245
IMAGINARY
          0 -0.00212441  0.00124359  0.00683424
 0.00212441           0  -0.0106221   0.0124721
-0.00124359   0.0106221           0   -0.015332
-0.00683424  -0.0124721    0.015332           0
Repeater1[0]<--->EndNode1[0]
REAL
   0.415842   0.0100623   0.0106413    0.299608
  0.0100623   0.0928218 -0.00663411    0.020099
  0.0106413 -0.00663411   0.0915842  0.00938567
   0.299608    0.020099  0.00938567    0.399752
IMAGINARY
          0 -0.00487394   0.0322386 -0.00686328
 0.00487394           0 -0.00943398  -0.0198849
 -0.0322386  0.00943398           0  -0.0035786
 0.00686328   0.0198849   0.0035786           0
Repeater1[0]<--->HoM1[0]
REAL
   0.412292  -0.0054621 -0.00983663    0.290517
 -0.0054621   0.0960307  0.00872105   -0.018753
-0.00983663  0.00872105    0.102433  -0.0180449
   0.290517   -0.018753  -0.0180449    0.389245
IMAGINARY
          0  0.00124359 -0.00212441  0.00683424
-0.00124359           0   0.0106221   -0.015332
 0.00212441  -0.0106221           0   0.0124721
-0.00683424    0.015332  -0.0124721           0
EndNode1[0]<--->Repeater1[0]
REAL
  0.368222  0.0137185  0.0112251   0.325652
 0.0137185  0.0933165 0.00251354  0.0184906
 0.0112251 0.00251354  0.0933165 0.00695338
  0.325652  0.0184906 0.00695338   0.445145
IMAGINARY
          0   0.0014027  -0.0305427  0.00765539
