EndNode1[0]<--->Repeater1[0]
REAL
 0.414853 0.0325426 0.0131842  0.358167
0.0325426 0.0857875 0.0285767 0.0144863
0.0131842 0.0285767 0.0934699 0.0105719
 0.358167 0.0144863 0.0105719   0.40589
IMAGINARY
           0    0.0328805  -0.00388108    0.0078811
  -0.0328805            0  0.000634719   -0.0152735
  0.00388108 -0.000634719            0  0.000805065
  -0.0078811    0.0152735 -0.000805065            0
EndNode2[0]<--->HoM1[0]
REAL
   0.419948   0.0166171 -0.00202949    0.362232
  0.0166171   0.0931759   0.0454193 0.000710232
-0.00202949   0.0454193     0.10105  -0.0152978
   0.362232 0.000710232  -0.0152978    0.385827
IMAGINARY
          0 -0.00900881   0.0293858   -0.013125
 0.00900881           0  -0.0124848  0.00135449
 -0.0293858   0.0124848           0  -0.0217315
   0.013125 -0.00135449   0.0217315           0
Repeater1[0]<--->EndNode1[0]
REAL
 0.414853 0.0131842 0.0325426  0.358167
0.0131842 0.0934699 0.0285767 0.0105719
0.0325426 0.0285767 0.0857875 0.0144863
 0.358167 0.0105719 0.0144863   0.40589
IMAGINARY
           0  -0.00388108    0.0328805    0.0078811
  0.00388108            0 -0.000634719  0.000805065
  -0.0328805  0.000634719            0   -0.0152735
  -0.0078811 -0.000805065    0.0152735            0
Repeater1[0]<--->HoM1[0]
REAL
   0.419948 -0.00202949   0.0166171    0.362232
-0.00202949     0.10105   0.0454193  -0.0152978
  0.0166171   0.0454193   0.0931759 0.000710232
   0.362232  -0.0152978 0.000710232    0.385827
IMAGINARY
          0   0.0293858 -0.00900881   -0.013125
 -0.0293858           0   0.0124848  -0.0217315
 0.00900881  -0.0124848           0  0.00135449
   0.013125   0.0217315 -0.00135449           0
EndNode1[0]<--->Repeater1[0]
REAL
   0.409333  -0.0118587 -0.00780607    0.354718
 -0.0118587       0.084   0.0531099  -0.0149212
-0.00780607   0.0531099   0.0893333 0.000495035
   0.354718  -0.0149212 0.000495035    0.417333
IMAGINARY
          0   0.0184174  -0.0170211   0.0116466
 -0.0184174           0  -0.0135146 -0.00442663
  0.0170211   0.0135146           0  0.00839229
 -0.0116466  0.00442663 -0.00839229           0
EndNode2[0]<--->HoM1[0]
REAL
   0.398458 -0.00321265  -0.0187384    0.344259
-0.00321265   0.0989717   0.0561345 -0.00681866
 -0.0187384   0.0561345   0.0745501  -0.0275868
   0.344259 -0.00681866  -0.0275868    0.428021
IMAGINARY
          0   0.0119801 -0.00539061  -0.0108176
 -0.0119801           0  0.00140896  0.00201679
 0.00539061 -0.00140896           0 -0.00185865
  0.0108176 -0.00201679  0.00185865           0
Repeater1[0]<--->EndNode1[0]
REAL
   0.409333 -0.00780607  -0.0118587    0.354718
-0.00780607   0.0893333   0.0531099 0.000495035
 -0.0118587   0.0531099       0.084  -0.0149212
   0.354718 0.000495035  -0.0149212    0.417333
IMAGINARY
          0  -0.0170211   0.0184174   0.0116466
  0.0170211           0   0.0135146  0.00839229
 -0.0184174  -0.0135146           0 -0.00442663
 -0.0116466 -0.00839229  0.00442663           0
Repeater1[0]<--->HoM1[0]
REAL
   0.398458  -0.0187384 -0.00321265    0.344259
 -0.0187384   0.0745501   0.0561345  -0.0275868
-0.00321265   0.0561345   0.0989717 -0.00681866
   0.344259  -0.0275868 -0.00681866    0.428021
IMAGINARY
          0 -0.00539061   0.0119801  -0.0108176
 0.00539061           0 -0.00140896 -0.00185865
 -0.0119801  0.00140896           0  0.00201679
  0.0108176  0.00185865 -0.00201679           0
EndNode1[0]<--->Repeater1[0]
REAL
  0.411765  0.0105817  0.0038534   0.358998
 0.0105817  0.0955882  0.0533053  0.0118534
 0.0038534  0.0533053  0.0919118 -0.0171262
  0.358998  0.0118534 -0.0171262   0.400735
IMAGINARY
          0   0.0293633  -0.0205554  0.00426034
 -0.0293633           0  -0.0140643 -0.00172185
  0.0205554   0.0140643           0  -0.0182247
-0.00426034  0.00172185   0.0182247           0
EndNode2[0]<--->HoM1[0]
REAL
   0.412844    0.018815  0.00408433    0.373441
   0.018815   0.0812582   0.0477413 0.000841783
 0.00408433   0.0477413    0.100917 -0.00896278
   0.373441 0.000841783 -0.00896278     0.40498
IMAGINARY
           0  -0.00124829  -0.00848346  -0.00755199
  0.00124829            0    0.0247478  0.000849873
  0.00848346   -0.0247478            0   0.00252055
  0.00755199 -0.000849873  -0.00252055            0
Repeater1[0]<--->EndNode1[0]
REAL
  0.411765  0.0038534  0.0105817   0.358998
 0.0038534  0.0919118  0.0533053 -0.0171262
 0.0105817  0.0533053  0.0955882  0.0118534
  0.358998 -0.0171262  0.0118534   0.400735
IMAGINARY
          0  -0.0205554   0.0293633  0.00426034
  0.0205554           0   0.0140643  -0.0182247
 -0.0293633  -0.0140643           0 -0.00172185
-0.00426034   0.0182247  0.00172185           0
Repeater1[0]<--->HoM1[0]
REAL
   0.412844  0.00408433    0.018815    0.373441
 0.00408433    0.100917   0.0477413 -0.00896278
   0.018815   0.0477413   0.0812582 0.000841783
   0.373441 -0.00896278 0.000841783     0.40498
IMAGINARY
           0  -0.00848346  -0.00124829  -0.00755199
  0.00848346            0   -0.0247478   0.00252055
  0.00124829    0.0247478            0  0.000849873
  0.00755199  -0.00252055 -0.000849873            0
EndNode1[0]<--->Repeater1[0]
REAL
    0.419817   0.00297653 -6.93889e-18     0.355906
  0.00297653    0.0938722    0.0530713  6.93889e-18
-6.93889e-18    0.0530713    0.0821382    0.0132329
    0.355906  6.93889e-18    0.0132329     0.404172
IMAGINARY
          0 -0.00283194   -0.002053   0.0236159
 0.00283194           0 -0.00124593  -0.0185656
   0.002053  0.00124593           0  0.00669792
 -0.0236159   0.0185656 -0.00669792           0
EndNode2[0]<--->HoM1[0]
REAL
   0.434099   0.0136703  0.00229737    0.349015
  0.0136703    0.095526   0.0587774 0.000300033
 0.00229737   0.0587774   0.0846433 0.000615442
   0.349015 0.000300033 0.000615442    0.385732
IMAGINARY
          0  0.00674063  0.00560233 -0.00755763
-0.00674063           0   0.0119055   0.0286985
-0.00560233  -0.0119055           0 -0.00805989
 0.00755763  -0.0286985  0.00805989           0
Repeater1[0]<--->EndNode1[0]
REAL
    0.419817 -6.93889e-18   0.00297653     0.355906
-6.93889e-18    0.0821382    0.0530713    0.0132329
  0.00297653    0.0530713    0.0938722  6.93889e-18
    0.355906    0.0132329  6.93889e-18     0.404172
IMAGINARY
          0   -0.002053 -0.00283194   0.0236159
   0.002053           0  0.00124593  0.00669792
 0.00283194 -0.00124593           0  -0.0185656
 -0.0236159 -0.00669792   0.0185656           0
Repeater1[0]<--->HoM1[0]
REAL
   0.434099  0.00229737   0.0136703    0.349015
 0.00229737   0.0846433   0.0587774 0.000615442
  0.0136703   0.0587774    0.095526 0.000300033
   0.349015 0.000615442 0.000300033    0.385732
IMAGINARY
          0  0.00560233  0.00674063 -0.00755763
-0.00560233           0  -0.0119055 -0.00805989
-0.00674063   0.0119055           0   0.0286985
 0.00755763  0.00805989  -0.0286985           0
EndNode1[0]<--->Repeater1[0]
REAL
  0.416873 0.00355201  0.0177954   0.347207
0.00355201  0.0992556  0.0701895 0.00786165
 0.0177954  0.0701895  0.0980149  0.0170988
  0.347207 0.00786165  0.0170988   0.385856
IMAGINARY
          0  0.00339265 -0.00871718  0.00147487
-0.00339265           0   0.0365962 -0.00291073
 0.00871718  -0.0365962           0  0.00139531
-0.00147487  0.00291073 -0.00139531           0
EndNode2[0]<--->HoM1[0]
REAL
   0.401077   0.0063081 0.000662879    0.357815
  0.0063081   0.0874832   0.0276014  0.00975379
0.000662879   0.0276014   0.0726783  -0.0063081
   0.357815  0.00975379  -0.0063081    0.438762
IMAGINARY
          0  0.00445719   -0.013187 -0.00677917
-0.00445719           0  -0.0151663  -0.0162247
   0.013187   0.0151663           0   0.0102487
 0.00677917   0.0162247  -0.0102487           0
Repeater1[0]<--->EndNode1[0]
REAL
  0.416873  0.0177954 0.00355201   0.347207
 0.0177954  0.0980149  0.0701895  0.0170988
0.00355201  0.0701895  0.0992556 0.00786165
  0.347207  0.0170988 0.00786165   0.385856
IMAGINARY
          0 -0.00871718  0.00339265  0.00147487
 0.00871718           0  -0.0365962  0.00139531
-0.00339265   0.0365962           0 -0.00291073
-0.00147487 -0.00139531  0.00291073           0
Repeater1[0]<--->HoM1[0]
REAL
   0.401077 0.000662879   0.0063081    0.357815
0.000662879   0.0726783   0.0276014  -0.0063081
  0.0063081   0.0276014   0.0874832  0.00975379
   0.357815  -0.0063081  0.00975379    0.438762
IMAGINARY
          0   -0.013187  0.00445719 -0.00677917
   0.013187           0   0.0151663   0.0102487
-0.00445719  -0.0151663           0  -0.0162247
 0.00677917  -0.0102487   0.0162247           0
EndNode1[0]<--->Repeater1[0]
REAL
   0.426938  -0.0109501   0.0169408    0.368347
 -0.0109501   0.0762389   0.0500466 -0.00916882
  0.0169408   0.0500466   0.0813215   0.0148361
   0.368347 -0.00916882   0.0148361    0.415502
IMAGINARY
          0   -0.011112  0.00913799  0.00389561
   0.011112           0   -0.011142  0.00850906
-0.00913799    0.011142           0  -0.0104567
-0.00389561 -0.00850906   0.0104567           0
EndNode2[0]<--->HoM1[0]
REAL
   0.384519  0.00585176 -0.00416208    0.366641
 0.00585176   0.0861423    0.047533  0.00481228
-0.00416208    0.047533   0.0961298 -0.00520156
   0.366641  0.00481228 -0.00520156    0.433208
IMAGINARY
           0   0.00785451     0.016255  0.000421882
 -0.00785451            0    0.0061398  -0.00415313
   -0.016255   -0.0061398            0  -0.00721757
-0.000421882   0.00415313   0.00721757            0
Repeater1[0]<--->EndNode1[0]
REAL
   0.426938   0.0169408  -0.0109501    0.368347
  0.0169408   0.0813215   0.0500466   0.0148361
 -0.0109501   0.0500466   0.0762389 -0.00916882
   0.368347   0.0148361 -0.00916882    0.415502
IMAGINARY
          0  0.00913799   -0.011112  0.00389561
-0.00913799           0    0.011142  -0.0104567
   0.011112   -0.011142           0  0.00850906
-0.00389561   0.0104567 -0.00850906           0
Repeater1[0]<--->HoM1[0]
REAL
   0.384519 -0.00416208  0.00585176    0.366641
-0.00416208   0.0961298    0.047533 -0.00520156
 0.00585176    0.047533   0.0861423  0.00481228
   0.366641 -0.00520156  0.00481228    0.433208
IMAGINARY
           0     0.016255   0.00785451  0.000421882
   -0.016255            0   -0.0061398  -0.00721757
 -0.00785451    0.0061398            0  -0.00415313
-0.000421882   0.00721757   0.00415313            0
EndNode1[0]<--->Repeater1[0]
REAL
  0.427249 0.00948949 -0.0123264   0.359902
0.00948949  0.0793651  0.0447978  0.0097154
-0.0123264  0.0447978  0.0833333 -0.0186279
  0.359902  0.0097154 -0.0186279   0.410053
IMAGINARY
          0   0.0100957  -0.0167753  0.00403318
 -0.0100957           0   0.0014016  0.00375448
  0.0167753  -0.0014016           0   0.0107376
-0.00403318 -0.00375448  -0.0107376           0
EndNode2[0]<--->HoM1[0]
REAL
   0.430769 -0.00571628   0.0249534    0.360254
-0.00571628   0.0807692   0.0442046  -0.0128515
  0.0249534   0.0442046   0.0846154 -0.00638563
   0.360254  -0.0128515 -0.00638563    0.403846
IMAGINARY
           0    0.0136037  -0.00579645   0.00193489
  -0.0136037            0   -0.0138546 -0.000376393
  0.00579645    0.0138546            0    0.0234333
 -0.00193489  0.000376393   -0.0234333            0
Repeater1[0]<--->EndNode1[0]
REAL
  0.427249 -0.0123264 0.00948949   0.359902
-0.0123264  0.0833333  0.0447978 -0.0186279
0.00948949  0.0447978  0.0793651  0.0097154
  0.359902 -0.0186279  0.0097154   0.410053
IMAGINARY
          0  -0.0167753   0.0100957  0.00403318
  0.0167753           0  -0.0014016   0.0107376
 -0.0100957   0.0014016           0  0.00375448
-0.00403318  -0.0107376 -0.00375448           0
Repeater1[0]<--->HoM1[0]
REAL
   0.430769   0.0249534 -0.00571628    0.360254
  0.0249534   0.0846154   0.0442046 -0.00638563
-0.00571628   0.0442046   0.0807692  -0.0128515
   0.360254 -0.00638563  -0.0128515    0.403846
IMAGINARY
           0  -0.00579645    0.0136037   0.00193489
  0.00579645            0    0.0138546    0.0234333
  -0.0136037   -0.0138546            0 -0.000376393
 -0.00193489   -0.0234333  0.000376393            0
EndNode1[0]<--->Repeater1[0]
REAL
    0.417569     0.014794 -0.000320102     0.368033
    0.014794     0.078219    0.0461799 -0.000320102
-0.000320102    0.0461799    0.0998797    -0.011593
    0.368033 -0.000320102    -0.011593     0.404332
IMAGINARY
          0 -0.00274635 -0.00993249  0.00901098
 0.00274635           0 -0.00575153   0.0111201
 0.00993249  0.00575153           0   0.0015587
-0.00901098  -0.0111201  -0.0015587           0
EndNode2[0]<--->HoM1[0]
REAL
  0.410872  0.0303252   0.023435   0.377851
 0.0303252  0.0834387  0.0356776  0.0330504
  0.023435  0.0356776  0.0935525 0.00663439
  0.377851  0.0330504 0.00663439   0.412137
IMAGINARY
          0 -0.00746141 -0.00488226  0.00784251
 0.00746141           0   0.0238476 -0.00740752
 0.00488226  -0.0238476           0 -0.00353471
-0.00784251  0.00740752  0.00353471           0
Repeater1[0]<--->EndNode1[0]
REAL
    0.417569 -0.000320102     0.014794     0.368033
-0.000320102    0.0998797    0.0461799    -0.011593
    0.014794    0.0461799     0.078219 -0.000320102
    0.368033    -0.011593 -0.000320102     0.404332
IMAGINARY
          0 -0.00993249 -0.00274635  0.00901098
 0.00993249           0  0.00575153   0.0015587
 0.00274635 -0.00575153           0   0.0111201
-0.00901098  -0.0015587  -0.0111201           0
Repeater1[0]<--->HoM1[0]
REAL
  0.410872   0.023435  0.0303252   0.377851
  0.023435  0.0935525  0.0356776 0.00663439
 0.0303252  0.0356776  0.0834387  0.0330504
  0.377851 0.00663439  0.0330504   0.412137
IMAGINARY
          0 -0.00488226 -0.00746141  0.00784251
 0.00488226           0  -0.0238476 -0.00353471
 0.00746141   0.0238476           0 -0.00740752
-0.00784251  0.00353471  0.00740752           0
EndNode1[0]<--->Repeater1[0]
REAL
   0.405815 -0.00653133  0.00465761    0.354945
-0.00653133   0.0884956    0.061928 -0.00341692
 0.00465761    0.061928    0.091024  0.00901272
   0.354945 -0.00341692  0.00901272    0.414665
IMAGINARY
          0  0.00745707   0.0146184  0.00140433
-0.00745707           0   0.0142615  -0.0133715
 -0.0146184  -0.0142615           0  0.00875241
-0.00140433   0.0133715 -0.00875241           0
EndNode2[0]<--->HoM1[0]
REAL
   0.440594  -0.0140267 -0.00831076     0.35975
 -0.0140267    0.085396     0.05225  0.00297742
-0.00831076     0.05225   0.0742574  0.00602674
    0.35975  0.00297742  0.00602674    0.399752
IMAGINARY
           0   0.00566307  -0.00127267   -0.0216288
 -0.00566307            0  -0.00626236  2.26684e-05
  0.00127267   0.00626236            0  0.000586929
   0.0216288 -2.26684e-05 -0.000586929            0
Repeater1[0]<--->EndNode1[0]
REAL
   0.405815  0.00465761 -0.00653133    0.354945
 0.00465761    0.091024    0.061928  0.00901272
-0.00653133    0.061928   0.0884956 -0.00341692
   0.354945  0.00901272 -0.00341692    0.414665
IMAGINARY
          0   0.0146184  0.00745707  0.00140433
 -0.0146184           0  -0.0142615  0.00875241
-0.00745707   0.0142615           0  -0.0133715
-0.00140433 -0.00875241   0.0133715           0
Repeater1[0]<--->HoM1[0]
REAL
   0.440594 -0.00831076  -0.0140267     0.35975
-0.00831076   0.0742574     0.05225  0.00602674
 -0.0140267     0.05225    0.085396  0.00297742
    0.35975  0.00602674  0.00297742    0.399752
IMAGINARY
           0  -0.00127267   0.00566307   -0.0216288
  0.00127267            0   0.00626236  0.000586929
 -0.00566307  -0.00626236            0  2.26684e-05
   0.0216288 -0.000586929 -2.26684e-05            0
EndNode1[0]<--->Repeater1[0]
REAL
    0.407035    -0.013306    -0.009577     0.361589
   -0.013306    0.0866834    0.0442932  -0.00153411
   -0.009577    0.0442932     0.104271 -0.000419446
    0.361589  -0.00153411 -0.000419446      0.40201
IMAGINARY
           0  -0.00793114 -0.000468652   -0.0128176
  0.00793114            0   -0.0108095   -0.0062305
 0.000468652    0.0108095            0   -0.0072942
   0.0128176    0.0062305    0.0072942            0
EndNode2[0]<--->HoM1[0]
REAL
   0.418065 -0.00995218 -0.00232842    0.354459
-0.00995218    0.083871   0.0473975  -0.0135867
-0.00232842   0.0473975   0.0929032   -0.011268
   0.354459  -0.0135867   -0.011268    0.405161
IMAGINARY
          0   -0.032308   0.0189901  0.00187756
   0.032308           0 -0.00851205   0.0308207
 -0.0189901  0.00851205           0  0.00645679
-0.00187756  -0.0308207 -0.00645679           0
Repeater1[0]<--->EndNode1[0]
REAL
    0.407035    -0.009577    -0.013306     0.361589
   -0.009577     0.104271    0.0442932 -0.000419446
   -0.013306    0.0442932    0.0866834  -0.00153411
    0.361589 -0.000419446  -0.00153411      0.40201
IMAGINARY
           0 -0.000468652  -0.00793114   -0.0128176
 0.000468652            0    0.0108095   -0.0072942
  0.00793114   -0.0108095            0   -0.0062305
   0.0128176    0.0072942    0.0062305            0
Repeater1[0]<--->HoM1[0]
REAL
   0.418065 -0.00232842 -0.00995218    0.354459
-0.00232842   0.0929032   0.0473975   -0.011268
-0.00995218   0.0473975    0.083871  -0.0135867
   0.354459   -0.011268  -0.0135867    0.405161
IMAGINARY
          0   0.0189901   -0.032308  0.00187756
 -0.0189901           0  0.00851205  0.00645679
   0.032308 -0.00851205           0   0.0308207
-0.00187756 -0.00645679  -0.0308207           0
EndNode1[0]<--->Repeater1[0]
REAL
   0.419226 -0.00661408   0.0202987     0.36384
-0.00661408   0.0854473    0.042184  0.00741212
  0.0202987    0.042184   0.0934579   0.0174575
    0.36384  0.00741212   0.0174575    0.401869
IMAGINARY
          0  -0.0056036   0.0228133 -0.00104256
  0.0056036           0  0.00291522  -0.0068897
 -0.0228133 -0.00291522           0   0.0100622
 0.00104256   0.0068897  -0.0100622           0
EndNode2[0]<--->HoM1[0]
REAL
  0.445867  0.0184775 0.00541739   0.365038
 0.0184775  0.0826542  0.0480619  0.0250625
0.00541739  0.0480619  0.0838184  0.0107054
  0.365038  0.0250625  0.0107054    0.38766
IMAGINARY
          0  0.00155128  0.00769708  0.00904098
-0.00155128           0 -0.00207013  0.00423926
-0.00769708  0.00207013           0   0.0156901
-0.00904098 -0.00423926  -0.0156901           0
Repeater1[0]<--->EndNode1[0]
REAL
   0.419226   0.0202987 -0.00661408     0.36384
  0.0202987   0.0934579    0.042184   0.0174575
-0.00661408    0.042184   0.0854473  0.00741212
    0.36384   0.0174575  0.00741212    0.401869
IMAGINARY
          0   0.0228133  -0.0056036 -0.00104256
 -0.0228133           0 -0.00291522   0.0100622
  0.0056036  0.00291522           0  -0.0068897
 0.00104256  -0.0100622   0.0068897           0
Repeater1[0]<--->HoM1[0]
REAL
  0.445867 0.00541739  0.0184775   0.365038
0.00541739  0.0838184  0.0480619  0.0107054
 0.0184775  0.0480619  0.0826542  0.0250625
  0.365038  0.0107054  0.0250625    0.38766
IMAGINARY
          0  0.00769708  0.00155128  0.00904098
-0.00769708           0  0.00207013   0.0156901
-0.00155128 -0.00207013           0  0.00423926
-0.00904098  -0.0156901 -0.00423926           0
EndNode1[0]<--->Repeater1[0]
REAL
   0.413386  -0.0206995  -0.0186755    0.347217
 -0.0206995   0.0734908   0.0515176   0.0047515
 -0.0186755   0.0515176   0.0971129 -0.00841446
   0.347217   0.0047515 -0.00841446     0.41601
IMAGINARY
          0   0.0362634  -0.0250665   0.0081469
 -0.0362634           0   0.0150651 -0.00315929
  0.0250665  -0.0150651           0   0.0188441
 -0.0081469  0.00315929  -0.0188441           0
EndNode2[0]<--->HoM1[0]
REAL
  0.381085 -0.0162651  0.0115754   0.356342
-0.0162651  0.0959666  0.0713684 -0.0188043
 0.0115754  0.0713684  0.0945758  0.0186747
  0.356342 -0.0188043  0.0186747   0.428373
IMAGINARY
          0  0.00513485  -0.0127234  -0.0101532
-0.00513485           0  -0.0337064  0.00624675
  0.0127234   0.0337064           0 -0.00383951
  0.0101532 -0.00624675  0.00383951           0
Repeater1[0]<--->EndNode1[0]
REAL
   0.413386  -0.0186755  -0.0206995    0.347217
 -0.0186755   0.0971129   0.0515176 -0.00841446
 -0.0206995   0.0515176   0.0734908   0.0047515
   0.347217 -0.00841446   0.0047515     0.41601
IMAGINARY
          0  -0.0250665   0.0362634   0.0081469
  0.0250665           0  -0.0150651   0.0188441
 -0.0362634   0.0150651           0 -0.00315929
 -0.0081469  -0.0188441  0.00315929           0
Repeater1[0]<--->HoM1[0]
REAL
  0.381085  0.0115754 -0.0162651   0.356342
 0.0115754  0.0945758  0.0713684  0.0186747
-0.0162651  0.0713684  0.0959666 -0.0188043
  0.356342  0.0186747 -0.0188043   0.428373
IMAGINARY
          0  -0.0127234  0.00513485  -0.0101532
  0.0127234           0   0.0337064 -0.00383951
-0.00513485  -0.0337064           0  0.00624675
  0.0101532  0.00383951 -0.00624675           0
EndNode1[0]<--->Repeater1[0]
REAL
  0.408917  0.0112814 0.00562678    0.37475
 0.0112814  0.0840764  0.0414172 0.00814567
0.00562678  0.0414172  0.0878981 0.00728144
   0.37475 0.00814567 0.00728144   0.419108
IMAGINARY
           0   -0.0146898     0.011263 -8.42214e-05
   0.0146898            0   -0.0203374  -0.00192964
   -0.011263    0.0203374            0   0.00135644
 8.42214e-05   0.00192964  -0.00135644            0
EndNode2[0]<--->HoM1[0]
REAL
   0.410909   0.0111286    0.013172      0.3638
  0.0111286   0.0993939   0.0503028 -0.00291555
   0.013172   0.0503028   0.0751515 0.000409836
     0.3638 -0.00291555 0.000409836    0.414545
IMAGINARY
          0 -0.00340661  0.00336145  0.00814816
 0.00340661           0  0.00287112  -0.0174719
-0.00336145 -0.00287112           0    0.015063
-0.00814816   0.0174719   -0.015063           0
Repeater1[0]<--->EndNode1[0]
REAL
  0.408917 0.00562678  0.0112814    0.37475
0.00562678  0.0878981  0.0414172 0.00728144
 0.0112814  0.0414172  0.0840764 0.00814567
   0.37475 0.00728144 0.00814567   0.419108
IMAGINARY
           0     0.011263   -0.0146898 -8.42214e-05
   -0.011263            0    0.0203374   0.00135644
   0.0146898   -0.0203374            0  -0.00192964
 8.42214e-05  -0.00135644   0.00192964            0
Repeater1[0]<--->HoM1[0]
REAL
   0.410909    0.013172   0.0111286      0.3638
   0.013172   0.0751515   0.0503028 0.000409836
  0.0111286   0.0503028   0.0993939 -0.00291555
     0.3638 0.000409836 -0.00291555    0.414545
IMAGINARY
          0  0.00336145 -0.00340661  0.00814816
-0.00336145           0 -0.00287112    0.015063
 0.00340661  0.00287112           0  -0.0174719
-0.00814816   -0.015063   0.0174719           0
EndNode1[0]<--->Repeater1[0]
REAL
   0.410569 -0.00442549  -0.0162117    0.349717
-0.00442549   0.0745257   0.0529045   0.0093453
 -0.0162117   0.0529045   0.0894309  5.5948e-05
   0.349717   0.0093453  5.5948e-05    0.425474
IMAGINARY
          0   0.0177577  -0.0144128  0.00277325
 -0.0177577           0  0.00659004  0.00843668
  0.0144128 -0.00659004           0  -0.0104536
-0.00277325 -0.00843668   0.0104536           0
EndNode2[0]<--->HoM1[0]
REAL
    0.411533    0.0141988 -7.91139e-06     0.363419
   0.0141988    0.0760157    0.0540807   0.00125791
-7.91139e-06    0.0540807     0.107471  -0.00794883
    0.363419   0.00125791  -0.00794883      0.40498
IMAGINARY
          0 -0.00582167   0.0171453  0.00381034
 0.00582167           0  0.00126581 -0.00352658
 -0.0171453 -0.00126581           0 -0.00390596
-0.00381034  0.00352658  0.00390596           0
Repeater1[0]<--->EndNode1[0]
REAL
   0.410569  -0.0162117 -0.00442549    0.349717
 -0.0162117   0.0894309   0.0529045  5.5948e-05
-0.00442549   0.0529045   0.0745257   0.0093453
   0.349717  5.5948e-05   0.0093453    0.425474
IMAGINARY
          0  -0.0144128   0.0177577  0.00277325
  0.0144128           0 -0.00659004  -0.0104536
 -0.0177577  0.00659004           0  0.00843668
-0.00277325   0.0104536 -0.00843668           0
Repeater1[0]<--->HoM1[0]
REAL
    0.411533 -7.91139e-06    0.0141988     0.363419
-7.91139e-06     0.107471    0.0540807  -0.00794883
   0.0141988    0.0540807    0.0760157   0.00125791
    0.363419  -0.00794883   0.00125791      0.40498
IMAGINARY
          0   0.0171453 -0.00582167  0.00381034
 -0.0171453           0 -0.00126581 -0.00390596
 0.00582167  0.00126581           0 -0.00352658
-0.00381034  0.00390596  0.00352658           0
EndNode1[0]<--->Repeater1[0]
REAL
  0.408706 -0.0212721 -0.0311591   0.342254
-0.0212721  0.0882709   0.055432 -0.0157349
-0.0311591   0.055432    0.08948 -0.0353661
  0.342254 -0.0157349 -0.0353661   0.413543
IMAGINARY
           0  0.000217926   -0.0112444  -0.00303933
-0.000217926            0  -0.00850381    0.0319163
   0.0112444   0.00850381            0   0.00624202
  0.00303933   -0.0319163  -0.00624202            0
EndNode2[0]<--->HoM1[0]
REAL
   0.427632  -0.0120465  -0.0350934    0.368555
 -0.0120465   0.0789474    0.032283    0.016937
 -0.0350934    0.032283   0.0894737 0.000873356
   0.368555    0.016937 0.000873356    0.403947
IMAGINARY
          0  0.00167416 -0.00433306 -0.00721265
-0.00167416           0   0.0122504   0.0055925
 0.00433306  -0.0122504           0  0.00714196
 0.00721265  -0.0055925 -0.00714196           0
Repeater1[0]<--->EndNode1[0]
REAL
  0.408706 -0.0311591 -0.0212721   0.342254
-0.0311591    0.08948   0.055432 -0.0353661
-0.0212721   0.055432  0.0882709 -0.0157349
  0.342254 -0.0353661 -0.0157349   0.413543
IMAGINARY
           0   -0.0112444  0.000217926  -0.00303933
   0.0112444            0   0.00850381   0.00624202
-0.000217926  -0.00850381            0    0.0319163
  0.00303933  -0.00624202   -0.0319163            0
Repeater1[0]<--->HoM1[0]
REAL
   0.427632  -0.0350934  -0.0120465    0.368555
 -0.0350934   0.0894737    0.032283 0.000873356
 -0.0120465    0.032283   0.0789474    0.016937
   0.368555 0.000873356    0.016937    0.403947
IMAGINARY
          0 -0.00433306  0.00167416 -0.00721265
 0.00433306           0  -0.0122504  0.00714196
-0.00167416   0.0122504           0   0.0055925
 0.00721265 -0.00714196  -0.0055925           0
EndNode1[0]<--->Repeater1[0]
REAL
  0.431873  -0.014493 0.00399055    0.33159
 -0.014493  0.0778589  0.0419123 -0.0139772
0.00399055  0.0419123  0.0839416  0.0111641
   0.33159 -0.0139772  0.0111641   0.406326
IMAGINARY
          0  2.3011e-05  -0.0107451  0.00416394
-2.3011e-05           0 -0.00617197   0.0113903
  0.0107451  0.00617197           0 -0.00195849
-0.00416394  -0.0113903  0.00195849           0
EndNode2[0]<--->HoM1[0]
REAL
   0.415278 -0.00899267  0.00815958    0.352592
-0.00899267   0.0736111   0.0466619  -0.0069158
 0.00815958   0.0466619    0.108333  -0.0059327
   0.352592  -0.0069158  -0.0059327    0.402778
IMAGINARY
           0 -7.16866e-05    0.0111335   -0.0128966
 7.16866e-05            0  -0.00813465    0.0185161
  -0.0111335   0.00813465            0     -0.01071
   0.0128966   -0.0185161      0.01071            0
Repeater1[0]<--->EndNode1[0]
REAL
  0.431873 0.00399055  -0.014493    0.33159
0.00399055  0.0839416  0.0419123  0.0111641
 -0.014493  0.0419123  0.0778589 -0.0139772
   0.33159  0.0111641 -0.0139772   0.406326
IMAGINARY
          0  -0.0107451  2.3011e-05  0.00416394
  0.0107451           0  0.00617197 -0.00195849
-2.3011e-05 -0.00617197           0   0.0113903
-0.00416394  0.00195849  -0.0113903           0
Repeater1[0]<--->HoM1[0]
REAL
   0.415278  0.00815958 -0.00899267    0.352592
 0.00815958    0.108333   0.0466619  -0.0059327
-0.00899267   0.0466619   0.0736111  -0.0069158
   0.352592  -0.0059327  -0.0069158    0.402778
IMAGINARY
           0    0.0111335 -7.16866e-05   -0.0128966
  -0.0111335            0   0.00813465     -0.01071
 7.16866e-05  -0.00813465            0    0.0185161
   0.0128966      0.01071   -0.0185161            0
EndNode1[0]<--->Repeater1[0]
REAL
   0.433208  0.00061983   0.0081269    0.362795
 0.00061983   0.0848939   0.0394216   0.0055628
  0.0081269   0.0394216   0.0836454 -0.00127172
   0.362795   0.0055628 -0.00127172    0.398252
IMAGINARY
          0 -0.00740368 -0.00831603  0.00321495
 0.00740368           0   0.0159666   0.0156201
 0.00831603  -0.0159666           0  0.00408363
-0.00321495  -0.0156201 -0.00408363           0
EndNode2[0]<--->HoM1[0]
REAL
     0.43414   0.00286708   0.00258929     0.358841
  0.00286708    0.0591398    0.0274089  -0.00633929
  0.00258929    0.0274089    0.0819892 -0.000367076
    0.358841  -0.00633929 -0.000367076     0.424731
IMAGINARY
          0  0.00651568  -0.0119908   0.0159044
-0.00651568           0   0.0140684 -0.00638685
  0.0119908  -0.0140684           0   0.0131294
 -0.0159044  0.00638685  -0.0131294           0
Repeater1[0]<--->EndNode1[0]
REAL
   0.433208   0.0081269  0.00061983    0.362795
  0.0081269   0.0836454   0.0394216 -0.00127172
 0.00061983   0.0394216   0.0848939   0.0055628
   0.362795 -0.00127172   0.0055628    0.398252
IMAGINARY
          0 -0.00831603 -0.00740368  0.00321495
 0.00831603           0  -0.0159666  0.00408363
 0.00740368   0.0159666           0   0.0156201
-0.00321495 -0.00408363  -0.0156201           0
Repeater1[0]<--->HoM1[0]
REAL
     0.43414   0.00258929   0.00286708     0.358841
  0.00258929    0.0819892    0.0274089 -0.000367076
  0.00286708    0.0274089    0.0591398  -0.00633929
    0.358841 -0.000367076  -0.00633929     0.424731
IMAGINARY
          0  -0.0119908  0.00651568   0.0159044
  0.0119908           0  -0.0140684   0.0131294
-0.00651568   0.0140684           0 -0.00638685
 -0.0159044  -0.0131294  0.00638685           0
EndNode1[0]<--->Repeater1[0]
REAL
  0.421703 0.00775958  0.0195271   0.358285
0.00775958   0.092033   0.044455  0.0147194
 0.0195271   0.044455  0.0989011   0.016898
  0.358285  0.0147194   0.016898   0.387363
IMAGINARY
           0  0.000512335  -0.00845016   0.00156799
-0.000512335            0   0.00221988    0.0111097
  0.00845016  -0.00221988            0   0.00480681
 -0.00156799   -0.0111097  -0.00480681            0
EndNode2[0]<--->HoM1[0]
REAL
   0.398726  -0.0206067  -0.0102738    0.356448
 -0.0206067    0.101911   0.0533456 -0.00776749
 -0.0102738   0.0533456    0.089172  0.00772007
   0.356448 -0.00776749  0.00772007    0.410191
IMAGINARY
           0 -0.000799238    0.0083486   0.00772279
 0.000799238            0  -0.00974163  -0.00715528
  -0.0083486   0.00974163            0    0.0270522
 -0.00772279   0.00715528   -0.0270522            0
Repeater1[0]<--->EndNode1[0]
REAL
  0.421703  0.0195271 0.00775958   0.358285
 0.0195271  0.0989011   0.044455   0.016898
0.00775958   0.044455   0.092033  0.0147194
  0.358285   0.016898  0.0147194   0.387363
IMAGINARY
           0  -0.00845016  0.000512335   0.00156799
  0.00845016            0  -0.00221988   0.00480681
-0.000512335   0.00221988            0    0.0111097
 -0.00156799  -0.00480681   -0.0111097            0
Repeater1[0]<--->HoM1[0]
REAL
   0.398726  -0.0102738  -0.0206067    0.356448
 -0.0102738    0.089172   0.0533456  0.00772007
 -0.0206067   0.0533456    0.101911 -0.00776749
   0.356448  0.00772007 -0.00776749    0.410191
IMAGINARY
           0    0.0083486 -0.000799238   0.00772279
  -0.0083486            0   0.00974163    0.0270522
 0.000799238  -0.00974163            0  -0.00715528
 -0.00772279   -0.0270522   0.00715528            0
EndNode1[0]<--->Repeater1[0]
REAL
  0.386684 -0.0131756 -0.0244278   0.343852
-0.0131756  0.0806658  0.0518222 -0.0201015
-0.0244278  0.0518222  0.0921895 -0.0262646
  0.343852 -0.0201015 -0.0262646   0.440461
IMAGINARY
          0    0.016077 -0.00644364  0.00599263
  -0.016077           0  -0.0147866  0.00457564
 0.00644364   0.0147866           0 -0.00549166
-0.00599263 -0.00457564  0.00549166           0
EndNode2[0]<--->HoM1[0]
REAL
  0.425503 0.00311666  0.0127696   0.366062
0.00311666  0.0885906  0.0448538 0.00291418
 0.0127696  0.0448538  0.0791946 0.00378422
  0.366062 0.00291418 0.00378422   0.406711
IMAGINARY
          0  -0.0196564   0.0101726  -0.0135441
  0.0196564           0   0.0141637   0.0101726
 -0.0101726  -0.0141637           0  0.00301028
  0.0135441  -0.0101726 -0.00301028           0
Repeater1[0]<--->EndNode1[0]
REAL
  0.386684 -0.0244278 -0.0131756   0.343852
-0.0244278  0.0921895  0.0518222 -0.0262646
-0.0131756  0.0518222  0.0806658 -0.0201015
  0.343852 -0.0262646 -0.0201015   0.440461
IMAGINARY
          0 -0.00644364    0.016077  0.00599263
 0.00644364           0   0.0147866 -0.00549166
  -0.016077  -0.0147866           0  0.00457564
-0.00599263  0.00549166 -0.00457564           0
Repeater1[0]<--->HoM1[0]
REAL
  0.425503  0.0127696 0.00311666   0.366062
 0.0127696  0.0791946  0.0448538 0.00378422
0.00311666  0.0448538  0.0885906 0.00291418
  0.366062 0.00378422 0.00291418   0.406711
IMAGINARY
          0   0.0101726  -0.0196564  -0.0135441
 -0.0101726           0  -0.0141637  0.00301028
  0.0196564   0.0141637           0   0.0101726
  0.0135441 -0.00301028  -0.0101726           0
EndNode1[0]<--->Repeater1[0]
REAL
   0.415366  0.00119363 -0.00896244    0.361328
 0.00119363   0.0792317   0.0553385   0.0102445
-0.00896244   0.0553385   0.0756303  0.00649867
   0.361328   0.0102445  0.00649867    0.429772
IMAGINARY
          0  -0.0141304 -0.00321894 -0.00788604
  0.0141304           0  -0.0170483 -0.00719772
 0.00321894   0.0170483           0   0.0154325
 0.00788604  0.00719772  -0.0154325           0
EndNode2[0]<--->HoM1[0]
REAL
  0.412639 0.00908607 0.00532817   0.360904
0.00908607  0.0755886  0.0486436 0.00597836
0.00532817  0.0486436  0.0916976 0.00724558
  0.360904 0.00597836 0.00724558   0.420074
IMAGINARY
           0    0.0101984  -0.00931124   0.00299577
  -0.0101984            0  -0.00847522 -0.000267308
  0.00931124   0.00847522            0  -0.00445128
 -0.00299577  0.000267308   0.00445128            0
Repeater1[0]<--->EndNode1[0]
REAL
   0.415366 -0.00896244  0.00119363    0.361328
-0.00896244   0.0756303   0.0553385  0.00649867
 0.00119363   0.0553385   0.0792317   0.0102445
   0.361328  0.00649867   0.0102445    0.429772
IMAGINARY
          0 -0.00321894  -0.0141304 -0.00788604
 0.00321894           0   0.0170483   0.0154325
  0.0141304  -0.0170483           0 -0.00719772
 0.00788604  -0.0154325  0.00719772           0
Repeater1[0]<--->HoM1[0]
REAL
  0.412639 0.00532817 0.00908607   0.360904
0.00532817  0.0916976  0.0486436 0.00724558
0.00908607  0.0486436  0.0755886 0.00597836
  0.360904 0.00724558 0.00597836   0.420074
IMAGINARY
           0  -0.00931124    0.0101984   0.00299577
  0.00931124            0   0.00847522  -0.00445128
  -0.0101984  -0.00847522            0 -0.000267308
 -0.00299577   0.00445128  0.000267308            0
EndNode1[0]<--->Repeater1[0]
REAL
   0.406736 -0.00754117  -0.0167659    0.349041
-0.00754117   0.0971503   0.0507116   0.0105778
 -0.0167659   0.0507116   0.0932642 -0.00235982
   0.349041   0.0105778 -0.00235982     0.40285
IMAGINARY
          0  0.00962751 -0.00940782   0.0207465
-0.00962751           0   0.0100227 -0.00610531
 0.00940782  -0.0100227           0   0.0142388
 -0.0207465  0.00610531  -0.0142388           0
EndNode2[0]<--->HoM1[0]
REAL
   0.436548  0.00438929    0.010112    0.360822
 0.00438929    0.110406   0.0400905  0.00879278
   0.010112   0.0400905   0.0850254 -0.00895252
   0.360822  0.00879278 -0.00895252     0.36802
IMAGINARY
          0   0.0075314 -0.00165594 -0.00588226
 -0.0075314           0   0.0205694  -0.0105392
 0.00165594  -0.0205694           0  0.00344421
 0.00588226   0.0105392 -0.00344421           0
Repeater1[0]<--->EndNode1[0]
REAL
   0.406736  -0.0167659 -0.00754117    0.349041
 -0.0167659   0.0932642   0.0507116 -0.00235982
-0.00754117   0.0507116   0.0971503   0.0105778
   0.349041 -0.00235982   0.0105778     0.40285
IMAGINARY
          0 -0.00940782  0.00962751   0.0207465
 0.00940782           0  -0.0100227   0.0142388
-0.00962751   0.0100227           0 -0.00610531
 -0.0207465  -0.0142388  0.00610531           0
Repeater1[0]<--->HoM1[0]
REAL
   0.436548    0.010112  0.00438929    0.360822
   0.010112   0.0850254   0.0400905 -0.00895252
 0.00438929   0.0400905    0.110406  0.00879278
   0.360822 -0.00895252  0.00879278     0.36802
IMAGINARY
          0 -0.00165594   0.0075314 -0.00588226
 0.00165594           0  -0.0205694  0.00344421
 -0.0075314   0.0205694           0  -0.0105392
 0.00588226 -0.00344421   0.0105392           0
EndNode1[0]<--->Repeater1[0]
REAL
   0.408922   0.0052666 -0.00521587    0.357718
  0.0052666    0.086741   0.0577181  -0.0008244
-0.00521587   0.0577181   0.0855019 0.000773664
   0.357718  -0.0008244 0.000773664    0.418835
IMAGINARY
           0  -0.00758693   0.00685221 -0.000552127
  0.00758693            0   -0.0113526   0.00887106
 -0.00685221    0.0113526            0   0.00821586
 0.000552127  -0.00887106  -0.00821586            0
EndNode2[0]<--->HoM1[0]
REAL
   0.410667  -0.0216538  -0.0103978    0.370071
 -0.0216538       0.084     0.06596 -0.00787894
 -0.0103978     0.06596   0.0826667  0.00729353
   0.370071 -0.00787894  0.00729353    0.422667
IMAGINARY
          0  0.00292853  0.00694289  0.00916122
-0.00292853           0   0.0176802  -0.0196394
-0.00694289  -0.0176802           0   0.0049312
-0.00916122   0.0196394  -0.0049312           0
Repeater1[0]<--->EndNode1[0]
REAL
   0.408922 -0.00521587   0.0052666    0.357718
-0.00521587   0.0855019   0.0577181 0.000773664
  0.0052666   0.0577181    0.086741  -0.0008244
   0.357718 0.000773664  -0.0008244    0.418835
IMAGINARY
           0   0.00685221  -0.00758693 -0.000552127
 -0.00685221            0    0.0113526   0.00821586
  0.00758693   -0.0113526            0   0.00887106
 0.000552127  -0.00821586  -0.00887106            0
Repeater1[0]<--->HoM1[0]
REAL
   0.410667  -0.0103978  -0.0216538    0.370071
 -0.0103978   0.0826667     0.06596  0.00729353
 -0.0216538     0.06596       0.084 -0.00787894
   0.370071  0.00729353 -0.00787894    0.422667
IMAGINARY
          0  0.00694289  0.00292853  0.00916122
-0.00694289           0  -0.0176802   0.0049312
-0.00292853   0.0176802           0  -0.0196394
-0.00916122  -0.0049312   0.0196394           0
EndNode1[0]<--->Repeater1[0]
REAL
    0.422667   0.00271468 -0.000170063     0.359262
  0.00271468        0.092    0.0450326  -0.00535141
-0.000170063    0.0450326    0.0853333   -0.0106901
    0.359262  -0.00535141   -0.0106901          0.4
IMAGINARY
          0   0.0218439  -0.0223488  -0.0086175
 -0.0218439           0 -0.00417023 -0.00993051
  0.0223488  0.00417023           0  0.00121279
  0.0086175  0.00993051 -0.00121279           0
EndNode2[0]<--->HoM1[0]
REAL
   0.40641 0.00991523  0.0136046   0.360053
0.00991523  0.0717949  0.0480974  0.0103281
 0.0136046  0.0480974  0.0948718  0.0230731
  0.360053  0.0103281  0.0230731   0.426923
IMAGINARY
          0  0.00373599 -0.00878693 -0.00615594
-0.00373599           0 -0.00141981 -0.00179837
 0.00878693  0.00141981           0  0.00560399
 0.00615594  0.00179837 -0.00560399           0
Repeater1[0]<--->EndNode1[0]
REAL
    0.422667 -0.000170063   0.00271468     0.359262
-0.000170063    0.0853333    0.0450326   -0.0106901
  0.00271468    0.0450326        0.092  -0.00535141
    0.359262   -0.0106901  -0.00535141          0.4
IMAGINARY
          0  -0.0223488   0.0218439  -0.0086175
  0.0223488           0  0.00417023  0.00121279
 -0.0218439 -0.00417023           0 -0.00993051
  0.0086175 -0.00121279  0.00993051           0
Repeater1[0]<--->HoM1[0]
REAL
   0.40641  0.0136046 0.00991523   0.360053
 0.0136046  0.0948718  0.0480974  0.0230731
0.00991523  0.0480974  0.0717949  0.0103281
  0.360053  0.0230731  0.0103281   0.426923
IMAGINARY
          0 -0.00878693  0.00373599 -0.00615594
 0.00878693           0  0.00141981  0.00560399
-0.00373599 -0.00141981           0 -0.00179837
 0.00615594 -0.00560399  0.00179837           0
EndNode1[0]<--->Repeater1[0]
REAL
    0.419315 -0.000584882  -0.00245671     0.349983
-0.000584882    0.0904645    0.0455786   0.00376219
 -0.00245671    0.0455786    0.0757946   0.00189037
    0.349983   0.00376219   0.00189037     0.414425
IMAGINARY
          0   0.0135693   0.0126176 -0.00518466
 -0.0135693           0 -0.00586866   -0.013913
 -0.0126176  0.00586866           0   -0.008388
 0.00518466    0.013913    0.008388           0
EndNode2[0]<--->HoM1[0]
REAL
    0.410783    -0.003516   -0.0120658     0.366623
   -0.003516    0.0872914    0.0562563 -0.000787637
  -0.0120658    0.0562563    0.0654685  -0.00933747
    0.366623 -0.000787637  -0.00933747     0.436457
IMAGINARY
