EndNode1[0]<--->Repeater1[0]
REAL
   0.436856  0.00508627 -0.00533204    0.351758
 0.00508627   0.0747423     0.03323  0.00048943
-0.00533204     0.03323    0.060567  0.00823092
   0.351758  0.00048943  0.00823092    0.427835
IMAGINARY
          0 -0.00438072 -0.00400739  -0.0211689
 0.00438072           0  -0.0204978  0.00527643
 0.00400739   0.0204978           0  -0.0159239
  0.0211689 -0.00527643   0.0159239           0
EndNode2[0]<--->HoM1[0]
REAL
   0.439506 -0.00115102 -0.00619996    0.361275
-0.00115102   0.0925926   0.0299492 -0.00554293
-0.00619996   0.0299492   0.0753086 -0.00317531
   0.361275 -0.00554293 -0.00317531    0.392593
IMAGINARY
          0   0.0159805    -0.01207 -0.00640114
 -0.0159805           0   0.0199147  -0.0126958
    0.01207  -0.0199147           0     0.01414
 0.00640114   0.0126958    -0.01414           0
Repeater1[0]<--->EndNode1[0]
REAL
   0.436856 -0.00533204  0.00508627    0.351758
-0.00533204    0.060567     0.03323  0.00823092
 0.00508627     0.03323   0.0747423  0.00048943
   0.351758  0.00823092  0.00048943    0.427835
IMAGINARY
          0 -0.00400739 -0.00438072  -0.0211689
 0.00400739           0   0.0204978  -0.0159239
 0.00438072  -0.0204978           0  0.00527643
  0.0211689   0.0159239 -0.00527643           0
Repeater1[0]<--->HoM1[0]
REAL
   0.439506 -0.00619996 -0.00115102    0.361275
-0.00619996   0.0753086   0.0299492 -0.00317531
-0.00115102   0.0299492   0.0925926 -0.00554293
   0.361275 -0.00317531 -0.00554293    0.392593
IMAGINARY
          0    -0.01207   0.0159805 -0.00640114
    0.01207           0  -0.0199147     0.01414
 -0.0159805   0.0199147           0  -0.0126958
 0.00640114    -0.01414   0.0126958           0
EndNode1[0]<--->Repeater1[0]
REAL
  0.419355  0.0032554  0.0116187   0.366279
 0.0032554  0.0658602  0.0346335 -0.0240047
 0.0116187  0.0346335  0.0766129 -0.0104262
  0.366279 -0.0240047 -0.0104262   0.438172
IMAGINARY
          0 -0.00484516   0.0120253  0.00454551
 0.00484516           0 -0.00722648   0.0056962
 -0.0120253  0.00722648           0  -0.0192055
-0.00454551  -0.0056962   0.0192055           0
EndNode2[0]<--->HoM1[0]
REAL
   0.399215  0.00116615 -0.00449743    0.364029
 0.00116615   0.0706806   0.0380018  0.00151058
-0.00449743   0.0380018   0.0811518   -0.004153
   0.364029  0.00151058   -0.004153    0.448953
IMAGINARY
          0 -0.00314434 -0.00342466   0.0110668
 0.00314434           0 -0.00852869 -0.00342466
 0.00342466  0.00852869           0 -0.00507484
 -0.0110668  0.00342466  0.00507484           0
Repeater1[0]<--->EndNode1[0]
REAL
  0.419355  0.0116187  0.0032554   0.366279
 0.0116187  0.0766129  0.0346335 -0.0104262
 0.0032554  0.0346335  0.0658602 -0.0240047
  0.366279 -0.0104262 -0.0240047   0.438172
IMAGINARY
          0   0.0120253 -0.00484516  0.00454551
 -0.0120253           0  0.00722648  -0.0192055
 0.00484516 -0.00722648           0   0.0056962
-0.00454551   0.0192055  -0.0056962           0
Repeater1[0]<--->HoM1[0]
REAL
   0.399215 -0.00449743  0.00116615    0.364029
-0.00449743   0.0811518   0.0380018   -0.004153
 0.00116615   0.0380018   0.0706806  0.00151058
   0.364029   -0.004153  0.00151058    0.448953
IMAGINARY
          0 -0.00342466 -0.00314434   0.0110668
 0.00342466           0  0.00852869 -0.00507484
 0.00314434 -0.00852869           0 -0.00342466
 -0.0110668  0.00507484  0.00342466           0
EndNode1[0]<--->Repeater1[0]
REAL
 0.424451 0.0235545 0.0070926  0.358961
0.0235545 0.0769231 0.0409092 0.0052611
0.0070926 0.0409092  0.081044 -0.015102
 0.358961 0.0052611 -0.015102  0.417582
IMAGINARY
           0    0.0188216    0.0125917  0.000128437
  -0.0188216            0   -0.0128249    0.0131963
  -0.0125917    0.0128249            0   -0.0116583
-0.000128437   -0.0131963    0.0116583            0
EndNode2[0]<--->HoM1[0]
REAL
   0.428387   0.0230032 -0.00431044    0.365862
  0.0230032   0.0683871   0.0384508   0.0204829
-0.00431044   0.0384508   0.0709677  0.00529868
   0.365862   0.0204829  0.00529868    0.432258
IMAGINARY
           0    0.0161756   -0.0277228    -0.009586
  -0.0161756            0   -0.0219929   0.00107303
   0.0277228    0.0219929            0  0.000321902
    0.009586  -0.00107303 -0.000321902            0
Repeater1[0]<--->EndNode1[0]
REAL
 0.424451 0.0070926 0.0235545  0.358961
0.0070926  0.081044 0.0409092 -0.015102
0.0235545 0.0409092 0.0769231 0.0052611
 0.358961 -0.015102 0.0052611  0.417582
IMAGINARY
           0    0.0125917    0.0188216  0.000128437
  -0.0125917            0    0.0128249   -0.0116583
  -0.0188216   -0.0128249            0    0.0131963
-0.000128437    0.0116583   -0.0131963            0
Repeater1[0]<--->HoM1[0]
REAL
   0.428387 -0.00431044   0.0230032    0.365862
-0.00431044   0.0709677   0.0384508  0.00529868
  0.0230032   0.0384508   0.0683871   0.0204829
   0.365862  0.00529868   0.0204829    0.432258
IMAGINARY
           0   -0.0277228    0.0161756    -0.009586
   0.0277228            0    0.0219929  0.000321902
  -0.0161756   -0.0219929            0   0.00107303
    0.009586 -0.000321902  -0.00107303            0
EndNode1[0]<--->Repeater1[0]
REAL
    0.441138 -0.000808694   0.00406606      0.34852
-0.000808694    0.0608021    0.0336096    0.0105094
  0.00406606    0.0336096    0.0646831    0.0141167
     0.34852    0.0105094    0.0141167     0.433376
IMAGINARY
           0    0.0268111   -0.0107292  -0.00500325
  -0.0268111            0 -0.000600735  -0.00598026
   0.0107292  0.000600735            0   -0.0101016
  0.00500325   0.00598026    0.0101016            0
EndNode2[0]<--->HoM1[0]
REAL
   0.430864   0.0063387 0.000740712    0.362762
  0.0063387   0.0851852   0.0513649  0.00202937
0.000740712   0.0513649    0.062963   -0.014649
   0.362762  0.00202937   -0.014649    0.420988
IMAGINARY
           0    0.0185604   0.00364231   -0.0093905
  -0.0185604            0  0.000188045  -0.00160703
 -0.00364231 -0.000188045            0   0.00518456
   0.0093905   0.00160703  -0.00518456            0
Repeater1[0]<--->EndNode1[0]
REAL
    0.441138   0.00406606 -0.000808694      0.34852
  0.00406606    0.0646831    0.0336096    0.0141167
-0.000808694    0.0336096    0.0608021    0.0105094
     0.34852    0.0141167    0.0105094     0.433376
IMAGINARY
           0   -0.0107292    0.0268111  -0.00500325
   0.0107292            0  0.000600735   -0.0101016
  -0.0268111 -0.000600735            0  -0.00598026
  0.00500325    0.0101016   0.00598026            0
Repeater1[0]<--->HoM1[0]
REAL
   0.430864 0.000740712   0.0063387    0.362762
0.000740712    0.062963   0.0513649   -0.014649
  0.0063387   0.0513649   0.0851852  0.00202937
   0.362762   -0.014649  0.00202937    0.420988
IMAGINARY
           0   0.00364231    0.0185604   -0.0093905
 -0.00364231            0 -0.000188045   0.00518456
  -0.0185604  0.000188045            0  -0.00160703
   0.0093905  -0.00518456   0.00160703            0
EndNode1[0]<--->Repeater1[0]
REAL
   0.426528 -0.00888812   0.0090275    0.352626
-0.00888812   0.0546164   0.0458509  -0.0179107
  0.0090275   0.0458509   0.0741222 -0.00760934
   0.352626  -0.0179107 -0.00760934    0.444733
IMAGINARY
          0  -0.0189082 -0.00810588     -0.0128
  0.0189082           0  0.00177538  0.00747853
 0.00810588 -0.00177538           0  -0.0130868
     0.0128 -0.00747853   0.0130868           0
EndNode2[0]<--->HoM1[0]
REAL
   0.439114 -0.00167785 -0.00612733    0.357908
-0.00167785   0.0688807   0.0441057  0.00142934
-0.00612733   0.0441057   0.0725707 -0.00167785
   0.357908  0.00142934 -0.00167785    0.419434
IMAGINARY
          0  -0.0302756   0.0101152  0.00669504
  0.0302756           0   -0.012851   0.0224369
 -0.0101152    0.012851           0  -0.0270161
-0.00669504  -0.0224369   0.0270161           0
Repeater1[0]<--->EndNode1[0]
REAL
   0.426528   0.0090275 -0.00888812    0.352626
  0.0090275   0.0741222   0.0458509 -0.00760934
-0.00888812   0.0458509   0.0546164  -0.0179107
   0.352626 -0.00760934  -0.0179107    0.444733
IMAGINARY
          0 -0.00810588  -0.0189082     -0.0128
 0.00810588           0 -0.00177538  -0.0130868
  0.0189082  0.00177538           0  0.00747853
     0.0128   0.0130868 -0.00747853           0
Repeater1[0]<--->HoM1[0]
REAL
   0.439114 -0.00612733 -0.00167785    0.357908
-0.00612733   0.0725707   0.0441057 -0.00167785
-0.00167785   0.0441057   0.0688807  0.00142934
   0.357908 -0.00167785  0.00142934    0.419434
IMAGINARY
          0   0.0101152  -0.0302756  0.00669504
 -0.0101152           0    0.012851  -0.0270161
  0.0302756   -0.012851           0   0.0224369
-0.00669504   0.0270161  -0.0224369           0
EndNode1[0]<--->Repeater1[0]
REAL
   0.381924  0.00904743 -0.00116505    0.353616
 0.00904743   0.0685131   0.0406394   0.0207473
-0.00116505   0.0406394   0.0918367   0.0170622
   0.353616   0.0207473   0.0170622    0.457726
IMAGINARY
          0   0.0166971  0.00653798   0.0144836
 -0.0166971           0   0.0144836 -0.00653798
-0.00653798  -0.0144836           0 -0.00270217
 -0.0144836  0.00653798  0.00270217           0
EndNode2[0]<--->HoM1[0]
REAL
    0.422078     -0.01006   0.00376495      0.35962
    -0.01006    0.0675325    0.0241606 -0.000572101
  0.00376495    0.0241606    0.0636364   0.00686712
     0.35962 -0.000572101   0.00686712     0.446753
IMAGINARY
          0   0.0237741 -0.00368197 -0.00757057
 -0.0237741           0   0.0049459  -0.0103486
 0.00368197  -0.0049459           0   0.0170422
 0.00757057   0.0103486  -0.0170422           0
Repeater1[0]<--->EndNode1[0]
REAL
   0.381924 -0.00116505  0.00904743    0.353616
-0.00116505   0.0918367   0.0406394   0.0170622
 0.00904743   0.0406394   0.0685131   0.0207473
   0.353616   0.0170622   0.0207473    0.457726
IMAGINARY
          0  0.00653798   0.0166971   0.0144836
-0.00653798           0  -0.0144836 -0.00270217
 -0.0166971   0.0144836           0 -0.00653798
 -0.0144836  0.00270217  0.00653798           0
Repeater1[0]<--->HoM1[0]
REAL
    0.422078   0.00376495     -0.01006      0.35962
  0.00376495    0.0636364    0.0241606   0.00686712
    -0.01006    0.0241606    0.0675325 -0.000572101
     0.35962   0.00686712 -0.000572101     0.446753
IMAGINARY
          0 -0.00368197   0.0237741 -0.00757057
 0.00368197           0  -0.0049459   0.0170422
 -0.0237741   0.0049459           0  -0.0103486
 0.00757057  -0.0170422   0.0103486           0
EndNode1[0]<--->Repeater1[0]
REAL
    0.413474 -0.000447853   -0.0100481     0.349571
-0.000447853    0.0845443    0.0335812  -0.00761498
  -0.0100481    0.0335812    0.0554822  -0.00634563
    0.349571  -0.00761498  -0.00634563     0.446499
IMAGINARY
           0   0.00543065 -4.33004e-05   0.00307193
 -0.00543065            0   -0.0104069   0.00258137
 4.33004e-05    0.0104069            0  0.000914524
 -0.00307193  -0.00258137 -0.000914524            0
EndNode2[0]<--->HoM1[0]
REAL
  0.446112 -0.0288728 -0.0140782    0.36094
-0.0288728  0.0791269  0.0480364 -0.0219522
-0.0140782  0.0480364  0.0641201 -0.0223283
   0.36094 -0.0219522 -0.0223283   0.410641
IMAGINARY
           0    0.0106491    0.0103659  0.000371045
  -0.0106491            0   0.00416851  -0.00455946
  -0.0103659  -0.00416851            0   -0.0177459
-0.000371045   0.00455946    0.0177459            0
Repeater1[0]<--->EndNode1[0]
REAL
    0.413474   -0.0100481 -0.000447853     0.349571
  -0.0100481    0.0554822    0.0335812  -0.00634563
-0.000447853    0.0335812    0.0845443  -0.00761498
    0.349571  -0.00634563  -0.00761498     0.446499
IMAGINARY
           0 -4.33004e-05   0.00543065   0.00307193
 4.33004e-05            0    0.0104069  0.000914524
 -0.00543065   -0.0104069            0   0.00258137
 -0.00307193 -0.000914524  -0.00258137            0
Repeater1[0]<--->HoM1[0]
REAL
  0.446112 -0.0140782 -0.0288728    0.36094
-0.0140782  0.0641201  0.0480364 -0.0223283
-0.0288728  0.0480364  0.0791269 -0.0219522
   0.36094 -0.0223283 -0.0219522   0.410641
IMAGINARY
           0    0.0103659    0.0106491  0.000371045
  -0.0103659            0  -0.00416851   -0.0177459
  -0.0106491   0.00416851            0  -0.00455946
-0.000371045    0.0177459   0.00455946            0
EndNode1[0]<--->Repeater1[0]
REAL
   0.422627  0.00594209  -0.0126202    0.356625
 0.00594209   0.0637191   0.0310432 -0.00142128
 -0.0126202   0.0310432   0.0858257  -0.0346356
   0.356625 -0.00142128  -0.0346356    0.427828
IMAGINARY
          0  -0.0123451  0.00877343   0.0167291
  0.0123451           0   0.0123266 -0.00748144
-0.00877343  -0.0123266           0 -0.00315876
 -0.0167291  0.00748144  0.00315876           0
EndNode2[0]<--->HoM1[0]
REAL
   0.453228   0.0196545   0.0091623    0.364515
  0.0196545    0.085639   0.0294638   0.0091623
  0.0091623   0.0294638   0.0645586 -0.00787435
   0.364515   0.0091623 -0.00787435    0.396574
IMAGINARY
          0 -0.00225686  0.00548489  -0.0292218
 0.00225686           0   0.0341238  0.00482439
-0.00548489  -0.0341238           0   0.0228754
  0.0292218 -0.00482439  -0.0228754           0
Repeater1[0]<--->EndNode1[0]
REAL
   0.422627  -0.0126202  0.00594209    0.356625
 -0.0126202   0.0858257   0.0310432  -0.0346356
 0.00594209   0.0310432   0.0637191 -0.00142128
   0.356625  -0.0346356 -0.00142128    0.427828
IMAGINARY
          0  0.00877343  -0.0123451   0.0167291
-0.00877343           0  -0.0123266 -0.00315876
  0.0123451   0.0123266           0 -0.00748144
 -0.0167291  0.00315876  0.00748144           0
Repeater1[0]<--->HoM1[0]
REAL
   0.453228   0.0091623   0.0196545    0.364515
  0.0091623   0.0645586   0.0294638 -0.00787435
  0.0196545   0.0294638    0.085639   0.0091623
   0.364515 -0.00787435   0.0091623    0.396574
IMAGINARY
          0  0.00548489 -0.00225686  -0.0292218
-0.00548489           0  -0.0341238   0.0228754
 0.00225686   0.0341238           0  0.00482439
  0.0292218  -0.0228754 -0.00482439           0
EndNode1[0]<--->Repeater1[0]
REAL
  0.430189  0.0109876 0.00772331   0.361106
 0.0109876  0.0855346  0.0466865  0.0143546
0.00772331  0.0466865  0.0641509  0.0175839
  0.361106  0.0143546  0.0175839   0.420126
IMAGINARY
          0  0.00885664 -0.00126801  -0.0100558
-0.00885664           0 -0.00818317  -0.0247667
 0.00126801  0.00818317           0  0.00516206
  0.0100558   0.0247667 -0.00516206           0
EndNode2[0]<--->HoM1[0]
REAL
    0.45197  -0.0280234 -0.00638312     0.36355
 -0.0280234   0.0628079   0.0282709  -0.0120865
-0.00638312   0.0282709   0.0726601  -0.0115544
    0.36355  -0.0120865  -0.0115544    0.412562
IMAGINARY
          0   0.0137184  0.00430975  0.00960506
 -0.0137184           0   0.0134911  -0.0205225
-0.00430975  -0.0134911           0  -0.0247431
-0.00960506   0.0205225   0.0247431           0
Repeater1[0]<--->EndNode1[0]
REAL
  0.430189 0.00772331  0.0109876   0.361106
0.00772331  0.0641509  0.0466865  0.0175839
 0.0109876  0.0466865  0.0855346  0.0143546
  0.361106  0.0175839  0.0143546   0.420126
IMAGINARY
          0 -0.00126801  0.00885664  -0.0100558
 0.00126801           0  0.00818317  0.00516206
-0.00885664 -0.00818317           0  -0.0247667
  0.0100558 -0.00516206   0.0247667           0
Repeater1[0]<--->HoM1[0]
REAL
    0.45197 -0.00638312  -0.0280234     0.36355
-0.00638312   0.0726601   0.0282709  -0.0115544
 -0.0280234   0.0282709   0.0628079  -0.0120865
    0.36355  -0.0115544  -0.0120865    0.412562
IMAGINARY
          0  0.00430975   0.0137184  0.00960506
-0.00430975           0  -0.0134911  -0.0247431
 -0.0137184   0.0134911           0  -0.0205225
-0.00960506   0.0247431   0.0205225           0
EndNode1[0]<--->Repeater1[0]
REAL
   0.438272  -0.0118261 -0.00641354    0.357827
 -0.0118261   0.0604938   0.0319163 -0.00897108
-0.00641354   0.0319163   0.0740741 -0.00612265
   0.357827 -0.00897108 -0.00612265     0.42716
IMAGINARY
          0   0.0130563  -0.0254391 -0.00677983
 -0.0130563           0  -0.0190063   0.0126186
  0.0254391   0.0190063           0  0.00651182
 0.00677983  -0.0126186 -0.00651182           0
EndNode2[0]<--->HoM1[0]
REAL
   0.431193 -0.00376846    0.012945    0.373207
-0.00376846   0.0760157   0.0402924   0.0047483
   0.012945   0.0402924    0.068152   0.0109768
   0.373207   0.0047483   0.0109768     0.42464
IMAGINARY
          0 -0.00565009  0.00537252   0.0113481
 0.00565009           0 -0.00753131   0.0159843
-0.00537252  0.00753131           0 -0.00691272
 -0.0113481  -0.0159843  0.00691272           0
Repeater1[0]<--->EndNode1[0]
REAL
   0.438272 -0.00641354  -0.0118261    0.357827
-0.00641354   0.0740741   0.0319163 -0.00612265
 -0.0118261   0.0319163   0.0604938 -0.00897108
   0.357827 -0.00612265 -0.00897108     0.42716
IMAGINARY
          0  -0.0254391   0.0130563 -0.00677983
  0.0254391           0   0.0190063  0.00651182
 -0.0130563  -0.0190063           0   0.0126186
 0.00677983 -0.00651182  -0.0126186           0
Repeater1[0]<--->HoM1[0]
REAL
   0.431193    0.012945 -0.00376846    0.373207
   0.012945    0.068152   0.0402924   0.0109768
-0.00376846   0.0402924   0.0760157   0.0047483
   0.373207   0.0109768   0.0047483     0.42464
IMAGINARY
          0  0.00537252 -0.00565009   0.0113481
-0.00537252           0  0.00753131 -0.00691272
 0.00565009 -0.00753131           0   0.0159843
 -0.0113481  0.00691272  -0.0159843           0
EndNode1[0]<--->Repeater1[0]
REAL
  0.437817  0.0158318  0.0145832   0.351997
 0.0158318  0.0532995  0.0445102 0.00546858
 0.0145832  0.0445102  0.0850254  0.0145692
  0.351997 0.00546858  0.0145692   0.423858
IMAGINARY
          0 -0.00946319 -0.00215898 -0.00374065
 0.00946319           0  0.00374065  0.00884347
 0.00215898 -0.00374065           0   0.0054525
 0.00374065 -0.00884347  -0.0054525           0
EndNode2[0]<--->HoM1[0]
REAL
  0.450194  0.0207137  0.0232319   0.347614
 0.0207137  0.0646831  0.0440181 0.00626059
 0.0232319  0.0440181   0.072445  0.0156375
  0.347614 0.00626059  0.0156375   0.412678
IMAGINARY
           0 -3.51047e-06   0.00379991   0.00883346
 3.51047e-06            0   0.00196705 -0.000342099
 -0.00379991  -0.00196705            0    0.0076107
 -0.00883346  0.000342099   -0.0076107            0
Repeater1[0]<--->EndNode1[0]
REAL
  0.437817  0.0145832  0.0158318   0.351997
 0.0145832  0.0850254  0.0445102  0.0145692
 0.0158318  0.0445102  0.0532995 0.00546858
  0.351997  0.0145692 0.00546858   0.423858
IMAGINARY
          0 -0.00215898 -0.00946319 -0.00374065
 0.00215898           0 -0.00374065   0.0054525
 0.00946319  0.00374065           0  0.00884347
 0.00374065  -0.0054525 -0.00884347           0
Repeater1[0]<--->HoM1[0]
REAL
  0.450194  0.0232319  0.0207137   0.347614
 0.0232319   0.072445  0.0440181  0.0156375
 0.0207137  0.0440181  0.0646831 0.00626059
  0.347614  0.0156375 0.00626059   0.412678
IMAGINARY
           0   0.00379991 -3.51047e-06   0.00883346
 -0.00379991            0  -0.00196705    0.0076107
 3.51047e-06   0.00196705            0 -0.000342099
 -0.00883346   -0.0076107  0.000342099            0
EndNode1[0]<--->Repeater1[0]
REAL
   0.412334 -0.00959664  -0.0278783    0.350535
-0.00959664   0.0592503   0.0333704  0.00281229
 -0.0278783   0.0333704   0.0749698  -0.0128308
   0.350535  0.00281229  -0.0128308    0.453446
IMAGINARY
          0 -0.00839514 -0.00212803  0.00857288
 0.00839514           0  0.00791063  0.00959072
 0.00212803 -0.00791063           0 -0.00777402
-0.00857288 -0.00959072  0.00777402           0
EndNode2[0]<--->HoM1[0]
REAL
   0.437046  0.00479046  0.00918941    0.360451
 0.00479046   0.0702179   0.0416934 -0.00114651
 0.00918941   0.0416934   0.0726392   0.0153168
   0.360451 -0.00114651   0.0153168    0.420097
IMAGINARY
          0  0.00307068   0.0098245 -0.00816583
-0.00307068           0  0.00816583 -0.00792336
 -0.0098245 -0.00816583           0 -0.00370439
 0.00816583  0.00792336  0.00370439           0
Repeater1[0]<--->EndNode1[0]
REAL
   0.412334  -0.0278783 -0.00959664    0.350535
 -0.0278783   0.0749698   0.0333704  -0.0128308
-0.00959664   0.0333704   0.0592503  0.00281229
   0.350535  -0.0128308  0.00281229    0.453446
IMAGINARY
          0 -0.00212803 -0.00839514  0.00857288
 0.00212803           0 -0.00791063 -0.00777402
 0.00839514  0.00791063           0  0.00959072
-0.00857288  0.00777402 -0.00959072           0
Repeater1[0]<--->HoM1[0]
REAL
   0.437046  0.00918941  0.00479046    0.360451
 0.00918941   0.0726392   0.0416934   0.0153168
 0.00479046   0.0416934   0.0702179 -0.00114651
   0.360451   0.0153168 -0.00114651    0.420097
IMAGINARY
          0   0.0098245  0.00307068 -0.00816583
 -0.0098245           0 -0.00816583 -0.00370439
-0.00307068  0.00816583           0 -0.00792336
 0.00816583  0.00370439  0.00792336           0
EndNode1[0]<--->Repeater1[0]
REAL
   0.423177 -0.00558236   0.0116906    0.360865
-0.00558236   0.0611979   0.0271242   0.0186738
  0.0116906   0.0271242   0.0755208   0.0184029
   0.360865   0.0186738   0.0184029    0.440104
IMAGINARY
          0  -0.0067357  0.00424098  0.00301299
  0.0067357           0   0.0201233   0.0140964
-0.00424098  -0.0201233           0  0.00306822
-0.00301299  -0.0140964 -0.00306822           0
EndNode2[0]<--->HoM1[0]
REAL
    0.436224  -0.00715482  -0.00931285     0.369114
 -0.00715482     0.065051     0.044825 -0.000990184
 -0.00931285     0.044825    0.0637755   0.00776088
    0.369114 -0.000990184   0.00776088     0.434949
IMAGINARY
          0  0.00590272  -0.0205304  0.00286291
-0.00590272           0   -0.022326  0.00244256
  0.0205304    0.022326           0   0.0173531
-0.00286291 -0.00244256  -0.0173531           0
Repeater1[0]<--->EndNode1[0]
REAL
   0.423177   0.0116906 -0.00558236    0.360865
  0.0116906   0.0755208   0.0271242   0.0184029
-0.00558236   0.0271242   0.0611979   0.0186738
   0.360865   0.0184029   0.0186738    0.440104
IMAGINARY
          0  0.00424098  -0.0067357  0.00301299
-0.00424098           0  -0.0201233  0.00306822
  0.0067357   0.0201233           0   0.0140964
-0.00301299 -0.00306822  -0.0140964           0
Repeater1[0]<--->HoM1[0]
REAL
    0.436224  -0.00931285  -0.00715482     0.369114
 -0.00931285    0.0637755     0.044825   0.00776088
 -0.00715482     0.044825     0.065051 -0.000990184
    0.369114   0.00776088 -0.000990184     0.434949
IMAGINARY
          0  -0.0205304  0.00590272  0.00286291
  0.0205304           0    0.022326   0.0173531
-0.00590272   -0.022326           0  0.00244256
-0.00286291  -0.0173531 -0.00244256           0
EndNode1[0]<--->Repeater1[0]
REAL
  0.432432 0.00420076  0.0196056   0.349254
0.00420076  0.0823681  0.0353614  0.0124457
 0.0196056  0.0353614  0.0656371  0.0201582
  0.349254  0.0124457  0.0201582   0.419562
IMAGINARY
          0 -0.00653786  0.00606067   0.0157144
 0.00653786           0   0.0181298    0.010322
-0.00606067  -0.0181298           0 -0.00460238
 -0.0157144   -0.010322  0.00460238           0
EndNode2[0]<--->HoM1[0]
REAL
   0.436796  0.00821934   0.0238063    0.357604
 0.00821934   0.0650814   0.0486865 -0.00647636
  0.0238063   0.0486865   0.0638298 0.000124693
   0.357604 -0.00647636 0.000124693    0.434293
IMAGINARY
           0   0.00209676   -0.0129741 -0.000634518
 -0.00209676            0 -0.000634518   0.00724157
   0.0129741  0.000634518            0   0.00873126
 0.000634518  -0.00724157  -0.00873126            0
Repeater1[0]<--->EndNode1[0]
REAL
  0.432432  0.0196056 0.00420076   0.349254
 0.0196056  0.0656371  0.0353614  0.0201582
0.00420076  0.0353614  0.0823681  0.0124457
  0.349254  0.0201582  0.0124457   0.419562
IMAGINARY
          0  0.00606067 -0.00653786   0.0157144
-0.00606067           0  -0.0181298 -0.00460238
 0.00653786   0.0181298           0    0.010322
 -0.0157144  0.00460238   -0.010322           0
Repeater1[0]<--->HoM1[0]
REAL
   0.436796   0.0238063  0.00821934    0.357604
  0.0238063   0.0638298   0.0486865 0.000124693
 0.00821934   0.0486865   0.0650814 -0.00647636
   0.357604 0.000124693 -0.00647636    0.434293
IMAGINARY
           0   -0.0129741   0.00209676 -0.000634518
   0.0129741            0  0.000634518   0.00873126
 -0.00209676 -0.000634518            0   0.00724157
 0.000634518  -0.00873126  -0.00724157            0
EndNode1[0]<--->Repeater1[0]
REAL
   0.419036   0.0132242   0.0239645    0.347271
  0.0132242   0.0716934   0.0444171 -0.00381332
  0.0239645   0.0444171   0.0692213 -0.00314861
   0.347271 -0.00381332 -0.00314861    0.440049
IMAGINARY
           0  0.000397362 -0.000819544   -0.0153556
-0.000397362            0  -0.00223229  -0.00631405
 0.000819544   0.00223229            0  -0.00623394
   0.0153556   0.00631405   0.00623394            0
EndNode2[0]<--->HoM1[0]
REAL
   0.432927  0.00677228    0.012003    0.351572
 0.00677228   0.0658537     0.04369  -0.0032748
   0.012003     0.04369   0.0621951 -0.00303164
   0.351572  -0.0032748 -0.00303164    0.439024
IMAGINARY
           0  -0.00406529   0.00725923   0.00930463
  0.00406529            0    0.0303573   0.00136146
 -0.00725923   -0.0303573            0  0.000370707
 -0.00930463  -0.00136146 -0.000370707            0
Repeater1[0]<--->EndNode1[0]
REAL
   0.419036   0.0239645   0.0132242    0.347271
  0.0239645   0.0692213   0.0444171 -0.00314861
  0.0132242   0.0444171   0.0716934 -0.00381332
   0.347271 -0.00314861 -0.00381332    0.440049
IMAGINARY
           0 -0.000819544  0.000397362   -0.0153556
 0.000819544            0   0.00223229  -0.00623394
-0.000397362  -0.00223229            0  -0.00631405
   0.0153556   0.00623394   0.00631405            0
Repeater1[0]<--->HoM1[0]
REAL
   0.432927    0.012003  0.00677228    0.351572
   0.012003   0.0621951     0.04369 -0.00303164
 0.00677228     0.04369   0.0658537  -0.0032748
   0.351572 -0.00303164  -0.0032748    0.439024
IMAGINARY
           0   0.00725923  -0.00406529   0.00930463
 -0.00725923            0   -0.0303573  0.000370707
  0.00406529    0.0303573            0   0.00136146
 -0.00930463 -0.000370707  -0.00136146            0
EndNode1[0]<--->Repeater1[0]
REAL
  0.431739 -0.0225022  -0.025288   0.371512
-0.0225022  0.0560093  0.0298771  -0.012212
 -0.025288  0.0298771  0.0723454 -0.0191644
  0.371512  -0.012212 -0.0191644   0.439907
IMAGINARY
          0  0.00645454 -0.00386767 -0.00288007
-0.00645454           0  0.00351379   0.0032291
 0.00386767 -0.00351379           0 -0.00837025
 0.00288007  -0.0032291  0.00837025           0
EndNode2[0]<--->HoM1[0]
REAL
        0.45  -0.00614071    0.0145689      0.36327
 -0.00614071    0.0769231    0.0243273   -0.0249048
   0.0145689    0.0243273    0.0705128 -0.000319237
     0.36327   -0.0249048 -0.000319237     0.402564
IMAGINARY
           0 -0.000360266   0.00397942    -0.011547
 0.000360266            0    0.0189098  -0.00638327
 -0.00397942   -0.0189098            0   0.00997565
    0.011547   0.00638327  -0.00997565            0
Repeater1[0]<--->EndNode1[0]
REAL
  0.431739  -0.025288 -0.0225022   0.371512
 -0.025288  0.0723454  0.0298771 -0.0191644
-0.0225022  0.0298771  0.0560093  -0.012212
  0.371512 -0.0191644  -0.012212   0.439907
IMAGINARY
          0 -0.00386767  0.00645454 -0.00288007
 0.00386767           0 -0.00351379 -0.00837025
-0.00645454  0.00351379           0   0.0032291
 0.00288007  0.00837025  -0.0032291           0
Repeater1[0]<--->HoM1[0]
REAL
        0.45    0.0145689  -0.00614071      0.36327
   0.0145689    0.0705128    0.0243273 -0.000319237
 -0.00614071    0.0243273    0.0769231   -0.0249048
     0.36327 -0.000319237   -0.0249048     0.402564
IMAGINARY
           0   0.00397942 -0.000360266    -0.011547
 -0.00397942            0   -0.0189098   0.00997565
 0.000360266    0.0189098            0  -0.00638327
    0.011547  -0.00997565   0.00638327            0
EndNode1[0]<--->Repeater1[0]
REAL
   0.437423  -0.0162459 -0.00563169    0.345436
 -0.0162459    0.063197   0.0356737  -0.0320169
-0.00563169   0.0356737   0.0780669 -0.00555069
   0.345436  -0.0320169 -0.00555069    0.421314
IMAGINARY
          0  -0.0175147  0.00960847   0.0144805
  0.0175147           0  0.00250065   0.0135455
-0.00960847 -0.00250065           0  -0.0181549
 -0.0144805  -0.0135455   0.0181549           0
EndNode2[0]<--->HoM1[0]
REAL
   0.460598 -0.00731482  -0.0100188    0.352206
-0.00731482   0.0665761   0.0445135  0.00941126
 -0.0100188   0.0445135   0.0788043   0.0127826
   0.352206  0.00941126   0.0127826    0.394022
IMAGINARY
           0    0.0225454   -0.0161278  -0.00418538
  -0.0225454            0    0.0173929   -0.0154656
   0.0161278   -0.0173929            0  0.000806259
  0.00418538    0.0154656 -0.000806259            0
Repeater1[0]<--->EndNode1[0]
REAL
   0.437423 -0.00563169  -0.0162459    0.345436
-0.00563169   0.0780669   0.0356737 -0.00555069
 -0.0162459   0.0356737    0.063197  -0.0320169
   0.345436 -0.00555069  -0.0320169    0.421314
IMAGINARY
          0  0.00960847  -0.0175147   0.0144805
-0.00960847           0 -0.00250065  -0.0181549
  0.0175147  0.00250065           0   0.0135455
 -0.0144805   0.0181549  -0.0135455           0
Repeater1[0]<--->HoM1[0]
REAL
   0.460598  -0.0100188 -0.00731482    0.352206
 -0.0100188   0.0788043   0.0445135   0.0127826
-0.00731482   0.0445135   0.0665761  0.00941126
   0.352206   0.0127826  0.00941126    0.394022
IMAGINARY
           0   -0.0161278    0.0225454  -0.00418538
   0.0161278            0   -0.0173929  0.000806259
  -0.0225454    0.0173929            0   -0.0154656
  0.00418538 -0.000806259    0.0154656            0
EndNode1[0]<--->Repeater1[0]
REAL
   0.396746 -0.00564332 -0.00322766    0.356982
-0.00564332   0.0700876   0.0322005 0.000589136
-0.00322766   0.0322005   0.0750939 -0.00754929
   0.356982 0.000589136 -0.00754929    0.458073
IMAGINARY
          0  0.00752976  -0.0136303  0.00293377
-0.00752976           0   0.0095827 -0.00451734
  0.0136303  -0.0095827           0   0.0231336
-0.00293377  0.00451734  -0.0231336           0
EndNode2[0]<--->HoM1[0]
REAL
   0.446341 -0.00769754  -0.0273487    0.350076
-0.00769754   0.0658537   0.0380553    0.013024
 -0.0273487   0.0380553   0.0768293 -0.00117013
   0.350076    0.013024 -0.00117013    0.410976
IMAGINARY
           0   0.00385574   -0.0155212   -0.0148337
 -0.00385574            0 -0.000889524  -0.00493917
   0.0155212  0.000889524            0   0.00765321
   0.0148337   0.00493917  -0.00765321            0
Repeater1[0]<--->EndNode1[0]
REAL
   0.396746 -0.00322766 -0.00564332    0.356982
-0.00322766   0.0750939   0.0322005 -0.00754929
-0.00564332   0.0322005   0.0700876 0.000589136
   0.356982 -0.00754929 0.000589136    0.458073
IMAGINARY
          0  -0.0136303  0.00752976  0.00293377
  0.0136303           0  -0.0095827   0.0231336
-0.00752976   0.0095827           0 -0.00451734
-0.00293377  -0.0231336  0.00451734           0
Repeater1[0]<--->HoM1[0]
REAL
   0.446341  -0.0273487 -0.00769754    0.350076
 -0.0273487   0.0768293   0.0380553 -0.00117013
-0.00769754   0.0380553   0.0658537    0.013024
   0.350076 -0.00117013    0.013024    0.410976
IMAGINARY
           0   -0.0155212   0.00385574   -0.0148337
   0.0155212            0  0.000889524   0.00765321
 -0.00385574 -0.000889524            0  -0.00493917
   0.0148337  -0.00765321   0.00493917            0
EndNode1[0]<--->Repeater1[0]
REAL
   0.468215   0.0128123   0.0191821    0.368756
  0.0128123   0.0684597   0.0383767  -0.0117797
  0.0191821   0.0383767   0.0635697 -0.00675581
   0.368756  -0.0117797 -0.00675581    0.399756
IMAGINARY
          0 -0.00137369  0.00921551 -0.00676668
 0.00137369           0   0.0129702  -0.0028864
-0.00921551  -0.0129702           0  -0.0226769
 0.00676668   0.0028864   0.0226769           0
EndNode2[0]<--->HoM1[0]
REAL
  0.414729  0.0124644  0.0201546   0.363947
 0.0124644  0.0658915  0.0249418 0.00762322
 0.0201546  0.0249418  0.0956072  0.0179589
  0.363947 0.00762322  0.0179589   0.423773
IMAGINARY
           0    0.0147625 -7.02606e-05   0.00698302
  -0.0147625            0  -0.00295076   -0.0247988
 7.02606e-05   0.00295076            0  -0.00429134
 -0.00698302    0.0247988   0.00429134            0
Repeater1[0]<--->EndNode1[0]
REAL
   0.468215   0.0191821   0.0128123    0.368756
  0.0191821   0.0635697   0.0383767 -0.00675581
  0.0128123   0.0383767   0.0684597  -0.0117797
   0.368756 -0.00675581  -0.0117797    0.399756
IMAGINARY
          0  0.00921551 -0.00137369 -0.00676668
-0.00921551           0  -0.0129702  -0.0226769
 0.00137369   0.0129702           0  -0.0028864
 0.00676668   0.0226769   0.0028864           0
Repeater1[0]<--->HoM1[0]
REAL
  0.414729  0.0201546  0.0124644   0.363947
 0.0201546  0.0956072  0.0249418  0.0179589
 0.0124644  0.0249418  0.0658915 0.00762322
  0.363947  0.0179589 0.00762322   0.423773
IMAGINARY
           0 -7.02606e-05    0.0147625   0.00698302
 7.02606e-05            0   0.00295076  -0.00429134
  -0.0147625  -0.00295076            0   -0.0247988
 -0.00698302   0.00429134    0.0247988            0
EndNode1[0]<--->Repeater1[0]
REAL
    0.412399   -0.0016669   0.00827695     0.349374
  -0.0016669    0.0606469    0.0390924    0.0126356
  0.00827695    0.0390924    0.0673854 -0.000234238
    0.349374    0.0126356 -0.000234238     0.459569
IMAGINARY
          0   0.0142042   0.0101744   0.0103044
 -0.0142042           0  -0.0054851 -0.00956242
 -0.0101744   0.0054851           0  0.00109563
 -0.0103044  0.00956242 -0.00109563           0
EndNode2[0]<--->HoM1[0]
REAL
   0.443609  -0.0069493 0.000200321    0.353726
 -0.0069493   0.0839599   0.0344952 -0.00620994
0.000200321   0.0344952    0.066416  0.00214161
   0.353726 -0.00620994  0.00214161    0.406015
IMAGINARY
          0 -0.00536107  -0.0110966           0
 0.00536107           0  -0.0121951   0.0110966
  0.0110966   0.0121951           0  -0.0113056
          0  -0.0110966   0.0113056           0
Repeater1[0]<--->EndNode1[0]
REAL
    0.412399   0.00827695   -0.0016669     0.349374
  0.00827695    0.0673854    0.0390924 -0.000234238
  -0.0016669    0.0390924    0.0606469    0.0126356
    0.349374 -0.000234238    0.0126356     0.459569
IMAGINARY
          0   0.0101744   0.0142042   0.0103044
 -0.0101744           0   0.0054851  0.00109563
 -0.0142042  -0.0054851           0 -0.00956242
 -0.0103044 -0.00109563  0.00956242           0
Repeater1[0]<--->HoM1[0]
REAL
   0.443609 0.000200321  -0.0069493    0.353726
0.000200321    0.066416   0.0344952  0.00214161
 -0.0069493   0.0344952   0.0839599 -0.00620994
   0.353726  0.00214161 -0.00620994    0.406015
IMAGINARY
          0  -0.0110966 -0.00536107           0
  0.0110966           0   0.0121951  -0.0113056
 0.00536107  -0.0121951           0   0.0110966
          0   0.0113056  -0.0110966           0
EndNode1[0]<--->Repeater1[0]
REAL
   0.422018 -0.00509342 -0.00709649    0.365961
-0.00509342   0.0720839   0.0340387  -0.0121343
-0.00709649   0.0340387   0.0694626  -0.0141373
   0.365961  -0.0121343  -0.0141373    0.436435
IMAGINARY
          0   0.0126233  -0.0088057  -0.0020195
 -0.0126233           0 -0.00979152   0.0082011
  0.0088057  0.00979152           0  -0.0132279
  0.0020195  -0.0082011   0.0132279           0
EndNode2[0]<--->HoM1[0]
REAL
   0.438231  -0.0123747   -0.015326    0.360499
 -0.0123747   0.0663199   0.0237115 -0.00177923
  -0.015326   0.0237115   0.0598179 -0.00736216
   0.360499 -0.00177923 -0.00736216    0.435631
IMAGINARY
           0   -0.0309352   0.00813368  9.27283e-05
   0.0309352            0    0.0115637    0.0164777
 -0.00813368   -0.0115637            0    0.0115051
-9.27283e-05   -0.0164777   -0.0115051            0
Repeater1[0]<--->EndNode1[0]
REAL
   0.422018 -0.00709649 -0.00509342    0.365961
-0.00709649   0.0694626   0.0340387  -0.0141373
-0.00509342   0.0340387   0.0720839  -0.0121343
   0.365961  -0.0141373  -0.0121343    0.436435
IMAGINARY
          0  -0.0088057   0.0126233  -0.0020195
  0.0088057           0  0.00979152  -0.0132279
 -0.0126233 -0.00979152           0   0.0082011
  0.0020195   0.0132279  -0.0082011           0
Repeater1[0]<--->HoM1[0]
REAL
   0.438231   -0.015326  -0.0123747    0.360499
  -0.015326   0.0598179   0.0237115 -0.00736216
 -0.0123747   0.0237115   0.0663199 -0.00177923
   0.360499 -0.00736216 -0.00177923    0.435631
IMAGINARY
           0   0.00813368   -0.0309352  9.27283e-05
 -0.00813368            0   -0.0115637    0.0115051
   0.0309352    0.0115637            0    0.0164777
-9.27283e-05   -0.0115051   -0.0164777            0
EndNode1[0]<--->Repeater1[0]
REAL
   0.428202  -0.0187409  -0.0176767    0.339952
 -0.0187409   0.0789133   0.0282467  0.00377102
 -0.0176767   0.0282467   0.0646831 -0.00362916
   0.339952  0.00377102 -0.00362916    0.428202
IMAGINARY
          0  0.00624944 -0.00536795   0.0031705
-0.00624944           0 -0.00833846  -0.0073547
 0.00536795  0.00833846           0  -0.0113385
 -0.0031705   0.0073547   0.0113385           0
EndNode2[0]<--->HoM1[0]
REAL
    0.40806 -0.00479281   0.0153421    0.354137
-0.00479281   0.0806045   0.0229023 -0.00216766
  0.0153421   0.0229023   0.0667506    0.010439
   0.354137 -0.00216766    0.010439    0.444584
IMAGINARY
           0   0.00316124  0.000726109    0.0183581
 -0.00316124            0  -0.00788687     -0.01458
-0.000726109   0.00788687            0   0.00817377
  -0.0183581      0.01458  -0.00817377            0
Repeater1[0]<--->EndNode1[0]
REAL
   0.428202  -0.0176767  -0.0187409    0.339952
 -0.0176767   0.0646831   0.0282467 -0.00362916
 -0.0187409   0.0282467   0.0789133  0.00377102
   0.339952 -0.00362916  0.00377102    0.428202
IMAGINARY
          0 -0.00536795  0.00624944   0.0031705
 0.00536795           0  0.00833846  -0.0113385
-0.00624944 -0.00833846           0  -0.0073547
 -0.0031705   0.0113385   0.0073547           0
Repeater1[0]<--->HoM1[0]
REAL
    0.40806   0.0153421 -0.00479281    0.354137
  0.0153421   0.0667506   0.0229023    0.010439
-0.00479281   0.0229023   0.0806045 -0.00216766
   0.354137    0.010439 -0.00216766    0.444584
IMAGINARY
           0  0.000726109   0.00316124    0.0183581
-0.000726109            0   0.00788687   0.00817377
 -0.00316124  -0.00788687            0     -0.01458
  -0.0183581  -0.00817377      0.01458            0
EndNode1[0]<--->Repeater1[0]
REAL
   0.421687    0.013799 -0.00917242    0.334448
   0.013799   0.0819277   0.0482681  0.00793785
-0.00917242   0.0482681   0.0722892 -0.00392249
   0.334448  0.00793785 -0.00392249    0.424096
IMAGINARY
           0   -0.0145569 -0.000318286    0.0162753
   0.0145569            0   0.00313564   -0.0120676
 0.000318286  -0.00313564            0  0.000867232
  -0.0162753    0.0120676 -0.000867232            0
EndNode2[0]<--->HoM1[0]
REAL
  0.399194 0.00298273  0.0212591   0.352322
0.00298273  0.0658602  0.0438929 -0.0047756
 0.0212591  0.0438929  0.0685484 -0.0194662
  0.352322 -0.0047756 -0.0194662   0.466398
IMAGINARY
           0   0.00417281  -0.00695394  -0.00132896
 -0.00417281            0  -0.00916973 -7.03306e-05
  0.00695394   0.00916973            0  -0.00736565
  0.00132896  7.03306e-05   0.00736565            0
Repeater1[0]<--->EndNode1[0]
REAL
   0.421687 -0.00917242    0.013799    0.334448
-0.00917242   0.0722892   0.0482681 -0.00392249
   0.013799   0.0482681   0.0819277  0.00793785
   0.334448 -0.00392249  0.00793785    0.424096
IMAGINARY
           0 -0.000318286   -0.0145569    0.0162753
 0.000318286            0  -0.00313564  0.000867232
   0.0145569   0.00313564            0   -0.0120676
  -0.0162753 -0.000867232    0.0120676            0
Repeater1[0]<--->HoM1[0]
REAL
  0.399194  0.0212591 0.00298273   0.352322
 0.0212591  0.0685484  0.0438929 -0.0194662
0.00298273  0.0438929  0.0658602 -0.0047756
  0.352322 -0.0194662 -0.0047756   0.466398
IMAGINARY
           0  -0.00695394   0.00417281  -0.00132896
  0.00695394            0   0.00916973  -0.00736565
 -0.00417281  -0.00916973            0 -7.03306e-05
  0.00132896   0.00736565  7.03306e-05            0
EndNode1[0]<--->Repeater1[0]
REAL
    0.44598 -0.00594383 -0.00372686     0.36243
-0.00594383   0.0640704     0.03539  0.00508926
-0.00372686     0.03539   0.0816583  0.00866862
    0.36243  0.00508926  0.00866862    0.408291
IMAGINARY
          0 -0.00618063   0.0296812   0.0115204
 0.00618063           0 -0.00254607  -0.0144558
 -0.0296812  0.00254607           0  -0.0041726
