EndNode1[0]<--->Repeater1[0]
REAL
  0.341554  0.0164001 0.00801277   0.259274
 0.0164001   0.150432   0.044797 0.00343761
0.00801277   0.044797   0.162762  0.0103174
  0.259274 0.00343761  0.0103174   0.345253
IMAGINARY
          0  -0.0154084   0.0134595 -0.00208271
  0.0154084           0  -0.0151587  0.00530729
 -0.0134595   0.0151587           0  -0.0100608
 0.00208271 -0.00530729   0.0100608           0
EndNode2[0]<--->HoM1[0]
REAL
   0.376455 -0.00424236   0.0257608    0.255609
-0.00424236    0.139715   0.0739654   0.0143395
  0.0257608   0.0739654    0.146184     0.01928
   0.255609   0.0143395     0.01928    0.337646
IMAGINARY
           0  -0.00835015 -4.66485e-05   -0.0174355
  0.00835015            0   -0.0129655   0.00197219
 4.66485e-05    0.0129655            0   -0.0192493
   0.0174355  -0.00197219    0.0192493            0
Repeater1[0]<--->EndNode1[0]
REAL
  0.341554 0.00801277  0.0164001   0.259274
0.00801277   0.162762   0.044797  0.0103174
 0.0164001   0.044797   0.150432 0.00343761
  0.259274  0.0103174 0.00343761   0.345253
IMAGINARY
          0   0.0134595  -0.0154084 -0.00208271
 -0.0134595           0   0.0151587  -0.0100608
  0.0154084  -0.0151587           0  0.00530729
 0.00208271   0.0100608 -0.00530729           0
Repeater1[0]<--->HoM1[0]
REAL
   0.376455   0.0257608 -0.00424236    0.255609
  0.0257608    0.146184   0.0739654     0.01928
-0.00424236   0.0739654    0.139715   0.0143395
   0.255609     0.01928   0.0143395    0.337646
IMAGINARY
           0 -4.66485e-05  -0.00835015   -0.0174355
 4.66485e-05            0    0.0129655   -0.0192493
  0.00835015   -0.0129655            0   0.00197219
   0.0174355    0.0192493  -0.00197219            0
EndNode1[0]<--->Repeater1[0]
REAL
  0.381366   0.012559 0.00814536    0.25891
  0.012559   0.141615  0.0581327 -0.0106516
0.00814536  0.0581327   0.135404 -0.0150653
   0.25891 -0.0106516 -0.0150653   0.341615
IMAGINARY
          0   -0.001648   0.0144419  0.00770381
   0.001648           0 -0.00708114 -0.00796524
 -0.0144419  0.00708114           0  -0.0164867
-0.00770381  0.00796524   0.0164867           0
EndNode2[0]<--->HoM1[0]
REAL
   0.349869     0.00125  0.00798212    0.270236
    0.00125     0.14752   0.0497638 -0.00798212
 0.00798212   0.0497638    0.155352     0.00125
   0.270236 -0.00798212     0.00125    0.347258
IMAGINARY
           0 -0.000600432   0.00854764  -0.00695402
 0.000600432            0 -0.000527281   0.00588806
 -0.00854764  0.000527281            0    -0.028271
  0.00695402  -0.00588806     0.028271            0
Repeater1[0]<--->EndNode1[0]
REAL
  0.381366 0.00814536   0.012559    0.25891
0.00814536   0.135404  0.0581327 -0.0150653
  0.012559  0.0581327   0.141615 -0.0106516
   0.25891 -0.0150653 -0.0106516   0.341615
IMAGINARY
          0   0.0144419   -0.001648  0.00770381
 -0.0144419           0  0.00708114  -0.0164867
   0.001648 -0.00708114           0 -0.00796524
-0.00770381   0.0164867  0.00796524           0
Repeater1[0]<--->HoM1[0]
REAL
   0.349869  0.00798212     0.00125    0.270236
 0.00798212    0.155352   0.0497638     0.00125
    0.00125   0.0497638     0.14752 -0.00798212
   0.270236     0.00125 -0.00798212    0.347258
IMAGINARY
           0   0.00854764 -0.000600432  -0.00695402
 -0.00854764            0  0.000527281    -0.028271
 0.000600432 -0.000527281            0   0.00588806
  0.00695402     0.028271  -0.00588806            0
EndNode1[0]<--->Repeater1[0]
REAL
  0.376171 0.00117203  0.0170518   0.261468
0.00117203   0.129853  0.0549332 -0.0139918
 0.0170518  0.0549332   0.151272 -0.0176959
  0.261468 -0.0139918 -0.0176959   0.342704
IMAGINARY
          0  0.00506167   0.0264911    0.011846
-0.00506167           0 -0.00193847  0.00125239
 -0.0264911  0.00193847           0 -0.00567819
  -0.011846 -0.00125239  0.00567819           0
EndNode2[0]<--->HoM1[0]
REAL
   0.334606  0.00487465   -0.010045    0.273223
 0.00487465    0.136132   0.0596681  0.00473995
  -0.010045   0.0596681    0.152672 -0.00222213
   0.273223  0.00473995 -0.00222213     0.37659
IMAGINARY
          0  0.00637948  -0.0165929    0.004979
-0.00637948           0   0.0218184  -0.0153764
  0.0165929  -0.0218184           0  0.00512948
  -0.004979   0.0153764 -0.00512948           0
Repeater1[0]<--->EndNode1[0]
REAL
  0.376171  0.0170518 0.00117203   0.261468
 0.0170518   0.151272  0.0549332 -0.0176959
0.00117203  0.0549332   0.129853 -0.0139918
  0.261468 -0.0176959 -0.0139918   0.342704
IMAGINARY
          0   0.0264911  0.00506167    0.011846
 -0.0264911           0  0.00193847 -0.00567819
-0.00506167 -0.00193847           0  0.00125239
  -0.011846  0.00567819 -0.00125239           0
Repeater1[0]<--->HoM1[0]
REAL
   0.334606   -0.010045  0.00487465    0.273223
  -0.010045    0.152672   0.0596681 -0.00222213
 0.00487465   0.0596681    0.136132  0.00473995
   0.273223 -0.00222213  0.00473995     0.37659
IMAGINARY
          0  -0.0165929  0.00637948    0.004979
  0.0165929           0  -0.0218184  0.00512948
-0.00637948   0.0218184           0  -0.0153764
  -0.004979 -0.00512948   0.0153764           0
EndNode1[0]<--->Repeater1[0]
REAL
  0.342535  0.0156777  0.0271859    0.26039
 0.0156777   0.174404  0.0590909  0.0104764
 0.0271859  0.0590909   0.150565 0.00769895
   0.26039  0.0104764 0.00769895   0.332497
IMAGINARY
          0  -0.0295924   0.0023627 -0.00500661
  0.0295924           0   0.0186205  -0.0036614
 -0.0023627  -0.0186205           0   0.0075145
 0.00500661   0.0036614  -0.0075145           0
EndNode2[0]<--->HoM1[0]
REAL
   0.328515  -0.0153884 -0.00340836    0.261232
 -0.0153884    0.147175   0.0737317   -0.022264
-0.00340836   0.0737317    0.161629 -0.00661648
   0.261232   -0.022264 -0.00661648    0.362681
IMAGINARY
           0   -0.0114779  0.000327408   0.00376937
   0.0114779            0    0.0186745    0.0137032
-0.000327408   -0.0186745            0    0.0012738
 -0.00376937   -0.0137032   -0.0012738            0
Repeater1[0]<--->EndNode1[0]
REAL
  0.342535  0.0271859  0.0156777    0.26039
 0.0271859   0.150565  0.0590909 0.00769895
 0.0156777  0.0590909   0.174404  0.0104764
   0.26039 0.00769895  0.0104764   0.332497
IMAGINARY
          0   0.0023627  -0.0295924 -0.00500661
 -0.0023627           0  -0.0186205   0.0075145
  0.0295924   0.0186205           0  -0.0036614
 0.00500661  -0.0075145   0.0036614           0
Repeater1[0]<--->HoM1[0]
REAL
   0.328515 -0.00340836  -0.0153884    0.261232
-0.00340836    0.161629   0.0737317 -0.00661648
 -0.0153884   0.0737317    0.147175   -0.022264
   0.261232 -0.00661648   -0.022264    0.362681
IMAGINARY
           0  0.000327408   -0.0114779   0.00376937
-0.000327408            0   -0.0186745    0.0012738
   0.0114779    0.0186745            0    0.0137032
 -0.00376937   -0.0012738   -0.0137032            0
EndNode1[0]<--->Repeater1[0]
REAL
   0.375989 0.000299659   0.0192045    0.261103
0.000299659    0.138522   0.0518741 -0.00902637
  0.0192045   0.0518741    0.155673 0.000972606
   0.261103 -0.00902637 0.000972606    0.329815
IMAGINARY
          0 -0.00385061    0.015654  -0.0145295
 0.00385061           0   0.0106028  -0.0137577
  -0.015654  -0.0106028           0  0.00448272
  0.0145295   0.0137577 -0.00448272           0
EndNode2[0]<--->HoM1[0]
REAL
   0.363752 -0.00179831   0.0145202    0.254506
-0.00179831    0.126743   0.0716972  -0.0145202
  0.0145202   0.0716972    0.149556 -0.00622308
   0.254506  -0.0145202 -0.00622308    0.359949
IMAGINARY
           0  -0.00968523    0.0152611    0.0194685
  0.00968523            0   -0.0194685 -0.000733296
  -0.0152611    0.0194685            0  -0.00968523
  -0.0194685  0.000733296   0.00968523            0
Repeater1[0]<--->EndNode1[0]
REAL
   0.375989   0.0192045 0.000299659    0.261103
  0.0192045    0.155673   0.0518741 0.000972606
0.000299659   0.0518741    0.138522 -0.00902637
   0.261103 0.000972606 -0.00902637    0.329815
IMAGINARY
          0    0.015654 -0.00385061  -0.0145295
  -0.015654           0  -0.0106028  0.00448272
 0.00385061   0.0106028           0  -0.0137577
  0.0145295 -0.00448272   0.0137577           0
Repeater1[0]<--->HoM1[0]
REAL
   0.363752   0.0145202 -0.00179831    0.254506
  0.0145202    0.149556   0.0716972 -0.00622308
-0.00179831   0.0716972    0.126743  -0.0145202
   0.254506 -0.00622308  -0.0145202    0.359949
IMAGINARY
           0    0.0152611  -0.00968523    0.0194685
  -0.0152611            0    0.0194685  -0.00968523
  0.00968523   -0.0194685            0 -0.000733296
  -0.0194685   0.00968523  0.000733296            0
EndNode1[0]<--->Repeater1[0]
REAL
   0.355954  0.00515668 -0.00610036    0.268536
 0.00515668    0.175416   0.0592789   0.0054381
-0.00610036   0.0592789    0.131882 -0.00581893
   0.268536   0.0054381 -0.00581893    0.336748
IMAGINARY
          0 -0.00363343  -0.0024176   0.0105504
 0.00363343           0  -0.0174168  0.00567705
  0.0024176   0.0174168           0  0.00689288
 -0.0105504 -0.00567705 -0.00689288           0
EndNode2[0]<--->HoM1[0]
REAL
    0.361147  -0.00897436    0.0103704     0.263411
 -0.00897436     0.142112    0.0583842   -0.0206269
   0.0103704    0.0583842     0.140808 -6.93889e-18
    0.263411   -0.0206269 -6.93889e-18     0.355932
IMAGINARY
           0   -0.0100409   -0.0244709    -0.012157
   0.0100409            0    0.0108782 -0.000661376
   0.0244709   -0.0108782            0    0.0126864
    0.012157  0.000661376   -0.0126864            0
Repeater1[0]<--->EndNode1[0]
REAL
   0.355954 -0.00610036  0.00515668    0.268536
-0.00610036    0.131882   0.0592789 -0.00581893
 0.00515668   0.0592789    0.175416   0.0054381
   0.268536 -0.00581893   0.0054381    0.336748
IMAGINARY
          0  -0.0024176 -0.00363343   0.0105504
  0.0024176           0   0.0174168  0.00689288
 0.00363343  -0.0174168           0  0.00567705
 -0.0105504 -0.00689288 -0.00567705           0
Repeater1[0]<--->HoM1[0]
REAL
    0.361147    0.0103704  -0.00897436     0.263411
   0.0103704     0.140808    0.0583842 -6.93889e-18
 -0.00897436    0.0583842     0.142112   -0.0206269
    0.263411 -6.93889e-18   -0.0206269     0.355932
IMAGINARY
           0   -0.0244709   -0.0100409    -0.012157
   0.0244709            0   -0.0108782    0.0126864
   0.0100409    0.0108782            0 -0.000661376
    0.012157   -0.0126864  0.000661376            0
EndNode1[0]<--->Repeater1[0]
REAL
   0.333755  0.00826555 -0.00484825    0.245759
 0.00826555    0.150442   0.0566606    0.016945
-0.00484825   0.0566606    0.115044  0.00517531
   0.245759    0.016945  0.00517531    0.400759
IMAGINARY
          0  -0.0194361 -0.00862318  -0.0122438
  0.0194361           0  0.00298458 -0.00147103
 0.00862318 -0.00298458           0  0.00126653
  0.0122438  0.00147103 -0.00126653           0
EndNode2[0]<--->HoM1[0]
REAL
   0.368486  -0.0185193   -0.022688    0.269608
 -0.0185193    0.148883   0.0637255 -0.00817616
  -0.022688   0.0637255    0.147643 -0.00123378
   0.269608 -0.00817616 -0.00123378    0.334988
IMAGINARY
          0  0.00624091  -0.0119596   0.0229823
-0.00624091           0 -0.00953801   0.0181156
  0.0119596  0.00953801           0  0.00812297
 -0.0229823  -0.0181156 -0.00812297           0
Repeater1[0]<--->EndNode1[0]
REAL
   0.333755 -0.00484825  0.00826555    0.245759
-0.00484825    0.115044   0.0566606  0.00517531
 0.00826555   0.0566606    0.150442    0.016945
   0.245759  0.00517531    0.016945    0.400759
IMAGINARY
          0 -0.00862318  -0.0194361  -0.0122438
 0.00862318           0 -0.00298458  0.00126653
  0.0194361  0.00298458           0 -0.00147103
  0.0122438 -0.00126653  0.00147103           0
Repeater1[0]<--->HoM1[0]
REAL
   0.368486   -0.022688  -0.0185193    0.269608
  -0.022688    0.147643   0.0637255 -0.00123378
 -0.0185193   0.0637255    0.148883 -0.00817616
   0.269608 -0.00123378 -0.00817616    0.334988
IMAGINARY
          0  -0.0119596  0.00624091   0.0229823
  0.0119596           0  0.00953801  0.00812297
-0.00624091 -0.00953801           0   0.0181156
 -0.0229823 -0.00812297  -0.0181156           0
EndNode1[0]<--->Repeater1[0]
REAL
   0.375654   0.0239278 -0.00786498    0.244878
  0.0239278    0.137435   0.0777882 -0.00280169
-0.00786498   0.0777882    0.147906 -0.00126113
   0.244878 -0.00280169 -0.00126113    0.339005
IMAGINARY
           0    0.0179855   -0.0111925    0.0136989
  -0.0179855            0   0.00891419   0.00166267
   0.0111925  -0.00891419            0 -0.000831728
  -0.0136989  -0.00166267  0.000831728            0
EndNode2[0]<--->HoM1[0]
REAL
   0.363636  0.00598385 -0.00954061    0.266984
 0.00598385    0.165072   0.0563894   0.0102046
-0.00954061   0.0563894    0.141148  0.00663236
   0.266984   0.0102046  0.00663236    0.330144
IMAGINARY
          0   0.0233742 -0.00162549  -0.0168174
 -0.0233742           0 -0.00333861  0.00162549
 0.00162549  0.00333861           0  0.00504958
  0.0168174 -0.00162549 -0.00504958           0
Repeater1[0]<--->EndNode1[0]
REAL
   0.375654 -0.00786498   0.0239278    0.244878
-0.00786498    0.147906   0.0777882 -0.00126113
  0.0239278   0.0777882    0.137435 -0.00280169
   0.244878 -0.00126113 -0.00280169    0.339005
IMAGINARY
           0   -0.0111925    0.0179855    0.0136989
   0.0111925            0  -0.00891419 -0.000831728
  -0.0179855   0.00891419            0   0.00166267
  -0.0136989  0.000831728  -0.00166267            0
Repeater1[0]<--->HoM1[0]
REAL
   0.363636 -0.00954061  0.00598385    0.266984
-0.00954061    0.141148   0.0563894  0.00663236
 0.00598385   0.0563894    0.165072   0.0102046
   0.266984  0.00663236   0.0102046    0.330144
IMAGINARY
          0 -0.00162549   0.0233742  -0.0168174
 0.00162549           0  0.00333861  0.00504958
 -0.0233742 -0.00333861           0  0.00162549
  0.0168174 -0.00504958 -0.00162549           0
EndNode1[0]<--->Repeater1[0]
REAL
  0.374036 0.00979814 0.00826976   0.268558
0.00979814   0.136247  0.0685581  0.0244405
0.00826976  0.0685581   0.136247  0.0122312
  0.268558  0.0244405  0.0122312    0.35347
IMAGINARY
           0    0.0104504 -0.000406108   0.00127465
  -0.0104504            0   -0.0231819    0.0127518
 0.000406108    0.0231819            0    0.0154755
 -0.00127465   -0.0127518   -0.0154755            0
EndNode2[0]<--->HoM1[0]
REAL
    0.3674 0.00791922  0.0327108   0.251996
0.00791922    0.14489  0.0522645 0.00257549
 0.0327108  0.0522645   0.143596 0.00206746
  0.251996 0.00257549 0.00206746   0.344114
IMAGINARY
          0   -0.011048   0.0259214  0.00313162
   0.011048           0   0.0130391  0.00893113
 -0.0259214  -0.0130391           0  -0.0211236
-0.00313162 -0.00893113   0.0211236           0
Repeater1[0]<--->EndNode1[0]
REAL
  0.374036 0.00826976 0.00979814   0.268558
0.00826976   0.136247  0.0685581  0.0122312
0.00979814  0.0685581   0.136247  0.0244405
  0.268558  0.0122312  0.0244405    0.35347
IMAGINARY
           0 -0.000406108    0.0104504   0.00127465
 0.000406108            0    0.0231819    0.0154755
  -0.0104504   -0.0231819            0    0.0127518
 -0.00127465   -0.0154755   -0.0127518            0
Repeater1[0]<--->HoM1[0]
REAL
    0.3674  0.0327108 0.00791922   0.251996
 0.0327108   0.143596  0.0522645 0.00206746
0.00791922  0.0522645    0.14489 0.00257549
  0.251996 0.00206746 0.00257549   0.344114
IMAGINARY
          0   0.0259214   -0.011048  0.00313162
 -0.0259214           0  -0.0130391  -0.0211236
   0.011048   0.0130391           0  0.00893113
-0.00313162   0.0211236 -0.00893113           0
EndNode1[0]<--->Repeater1[0]
REAL
   0.367568 0.000397333 -0.00481602    0.253941
0.000397333    0.139189   0.0627261 -0.00351732
-0.00481602   0.0627261    0.155405  -0.0111116
   0.253941 -0.00351732  -0.0111116    0.337838
IMAGINARY
          0  -0.0213303   0.0198174 -0.00791232
  0.0213303           0 -0.00658957   0.0124824
 -0.0198174  0.00658957           0   0.0109944
 0.00791232  -0.0124824  -0.0109944           0
EndNode2[0]<--->HoM1[0]
REAL
   0.383459  -0.0112837   0.0126131     0.25313
 -0.0112837    0.142857   0.0602551   0.0137705
  0.0126131   0.0602551    0.130326 0.000344198
    0.25313   0.0137705 0.000344198    0.343358
IMAGINARY
           0   -0.0120046   0.00526944 -0.000476397
   0.0120046            0   0.00413493   -0.0200115
 -0.00526944  -0.00413493            0 -0.000280437
 0.000476397    0.0200115  0.000280437            0
Repeater1[0]<--->EndNode1[0]
REAL
   0.367568 -0.00481602 0.000397333    0.253941
-0.00481602    0.155405   0.0627261  -0.0111116
0.000397333   0.0627261    0.139189 -0.00351732
   0.253941  -0.0111116 -0.00351732    0.337838
IMAGINARY
          0   0.0198174  -0.0213303 -0.00791232
 -0.0198174           0  0.00658957   0.0109944
  0.0213303 -0.00658957           0   0.0124824
 0.00791232  -0.0109944  -0.0124824           0
Repeater1[0]<--->HoM1[0]
REAL
   0.383459   0.0126131  -0.0112837     0.25313
  0.0126131    0.130326   0.0602551 0.000344198
 -0.0112837   0.0602551    0.142857   0.0137705
    0.25313 0.000344198   0.0137705    0.343358
IMAGINARY
           0   0.00526944   -0.0120046 -0.000476397
 -0.00526944            0  -0.00413493 -0.000280437
   0.0120046   0.00413493            0   -0.0200115
 0.000476397  0.000280437    0.0200115            0
EndNode1[0]<--->Repeater1[0]
REAL
   0.372813 -0.00390627   0.0119951     0.24542
-0.00390627    0.144011   0.0545802  -0.0100343
  0.0119951   0.0545802    0.135935  0.00194549
    0.24542  -0.0100343  0.00194549    0.347241
IMAGINARY
          0  -0.0048039  -0.0117477  0.00246609
  0.0048039           0   0.0104809  -0.0226034
  0.0117477  -0.0104809           0   0.0124375
-0.00246609   0.0226034  -0.0124375           0
EndNode2[0]<--->HoM1[0]
REAL
    0.354271   -0.0155654 -0.000983035     0.244202
  -0.0155654     0.139447      0.06393   -0.0212533
-0.000983035      0.06393     0.153266   -0.0155654
    0.244202   -0.0212533   -0.0155654     0.353015
IMAGINARY
           0   0.00966771   0.00376966    0.0126121
 -0.00966771            0  0.000763727    0.0145977
 -0.00376966 -0.000763727            0   0.00325746
  -0.0126121   -0.0145977  -0.00325746            0
Repeater1[0]<--->EndNode1[0]
REAL
   0.372813   0.0119951 -0.00390627     0.24542
  0.0119951    0.135935   0.0545802  0.00194549
-0.00390627   0.0545802    0.144011  -0.0100343
    0.24542  0.00194549  -0.0100343    0.347241
IMAGINARY
          0  -0.0117477  -0.0048039  0.00246609
  0.0117477           0  -0.0104809   0.0124375
  0.0048039   0.0104809           0  -0.0226034
-0.00246609  -0.0124375   0.0226034           0
Repeater1[0]<--->HoM1[0]
REAL
    0.354271 -0.000983035   -0.0155654     0.244202
-0.000983035     0.153266      0.06393   -0.0155654
  -0.0155654      0.06393     0.139447   -0.0212533
    0.244202   -0.0155654   -0.0212533     0.353015
IMAGINARY
           0   0.00376966   0.00966771    0.0126121
 -0.00376966            0 -0.000763727   0.00325746
 -0.00966771  0.000763727            0    0.0145977
  -0.0126121  -0.00325746   -0.0145977            0
EndNode1[0]<--->Repeater1[0]
REAL
    0.368618    0.0044827    0.0150006     0.256926
   0.0044827     0.159402    0.0708798 -0.000969952
   0.0150006    0.0708798      0.13325   0.00317036
    0.256926 -0.000969952   0.00317036      0.33873
IMAGINARY
          0  0.00123912  -0.0075584 -0.00985654
-0.00123912           0   0.0205232 -0.00148553
  0.0075584  -0.0205232           0 -0.00899106
 0.00985654  0.00148553  0.00899106           0
EndNode2[0]<--->HoM1[0]
REAL
   0.38423 0.00897327  0.0042595   0.246275
0.00897327   0.130163  0.0610164 -0.0042595
 0.0042595  0.0610164    0.12766 -0.0272024
  0.246275 -0.0042595 -0.0272024   0.357947
IMAGINARY
          0   0.0131742  0.00632444   0.0103903
 -0.0131742           0  -0.0128655  0.00761978
-0.00632444   0.0128655           0  0.00873818
 -0.0103903 -0.00761978 -0.00873818           0
Repeater1[0]<--->EndNode1[0]
REAL
    0.368618    0.0150006    0.0044827     0.256926
   0.0150006      0.13325    0.0708798   0.00317036
   0.0044827    0.0708798     0.159402 -0.000969952
    0.256926   0.00317036 -0.000969952      0.33873
IMAGINARY
          0  -0.0075584  0.00123912 -0.00985654
  0.0075584           0  -0.0205232 -0.00899106
-0.00123912   0.0205232           0 -0.00148553
 0.00985654  0.00899106  0.00148553           0
Repeater1[0]<--->HoM1[0]
REAL
   0.38423  0.0042595 0.00897327   0.246275
 0.0042595    0.12766  0.0610164 -0.0272024
0.00897327  0.0610164   0.130163 -0.0042595
  0.246275 -0.0272024 -0.0042595   0.357947
IMAGINARY
          0  0.00632444   0.0131742   0.0103903
-0.00632444           0   0.0128655  0.00873818
 -0.0131742  -0.0128655           0  0.00761978
 -0.0103903 -0.00873818 -0.00761978           0
EndNode1[0]<--->Repeater1[0]
REAL
  0.365196 0.00937869 0.00538253   0.254731
0.00937869   0.129902  0.0648081 0.00343701
0.00538253  0.0648081   0.128676  0.0143662
  0.254731 0.00343701  0.0143662   0.376225
IMAGINARY
          0   0.0127637 -0.00356464  -0.0149165
 -0.0127637           0  -0.0142663  -0.0041873
 0.00356464   0.0142663           0 -0.00242781
  0.0149165   0.0041873  0.00242781           0
EndNode2[0]<--->HoM1[0]
REAL
   0.359338  -0.0272412 -0.00118058    0.260701
 -0.0272412    0.138298   0.0821751  -0.0394319
-0.00118058   0.0821751    0.150118  -0.0240237
   0.260701  -0.0394319  -0.0240237    0.352246
IMAGINARY
          0   0.0182997  -0.0139895  -0.0174814
 -0.0182997           0 -0.00024007   0.0133542
  0.0139895  0.00024007           0 -0.00622857
  0.0174814  -0.0133542  0.00622857           0
Repeater1[0]<--->EndNode1[0]
REAL
  0.365196 0.00538253 0.00937869   0.254731
0.00538253   0.128676  0.0648081  0.0143662
0.00937869  0.0648081   0.129902 0.00343701
  0.254731  0.0143662 0.00343701   0.376225
IMAGINARY
          0 -0.00356464   0.0127637  -0.0149165
 0.00356464           0   0.0142663 -0.00242781
 -0.0127637  -0.0142663           0  -0.0041873
  0.0149165  0.00242781   0.0041873           0
Repeater1[0]<--->HoM1[0]
REAL
   0.359338 -0.00118058  -0.0272412    0.260701
-0.00118058    0.150118   0.0821751  -0.0240237
 -0.0272412   0.0821751    0.138298  -0.0394319
   0.260701  -0.0240237  -0.0394319    0.352246
IMAGINARY
          0  -0.0139895   0.0182997  -0.0174814
  0.0139895           0  0.00024007 -0.00622857
 -0.0182997 -0.00024007           0   0.0133542
  0.0174814  0.00622857  -0.0133542           0
EndNode1[0]<--->Repeater1[0]
REAL
  0.349741 -0.0144754 -0.0137025    0.26497
-0.0144754   0.165803  0.0656239  0.0016924
-0.0137025  0.0656239   0.129534  0.0075222
   0.26497  0.0016924  0.0075222   0.354922
IMAGINARY
           0  0.000258398   0.00350746  -0.00287483
-0.000258398            0    0.0110492  -0.00285386
 -0.00350746   -0.0110492            0   -0.0113695
  0.00287483   0.00285386    0.0113695            0
EndNode2[0]<--->HoM1[0]
REAL
  0.366623  0.0048583 0.00978659   0.244536
 0.0048583   0.131406  0.0605919 0.00046982
0.00978659  0.0605919   0.130092  0.0259109
  0.244536 0.00046982  0.0259109   0.371879
IMAGINARY
           0  0.000365092    0.0067925     0.012006
-0.000365092            0    0.0068112   -0.0175384
  -0.0067925   -0.0068112            0    0.0179661
   -0.012006    0.0175384   -0.0179661            0
Repeater1[0]<--->EndNode1[0]
REAL
  0.349741 -0.0137025 -0.0144754    0.26497
-0.0137025   0.129534  0.0656239  0.0075222
-0.0144754  0.0656239   0.165803  0.0016924
   0.26497  0.0075222  0.0016924   0.354922
IMAGINARY
           0   0.00350746  0.000258398  -0.00287483
 -0.00350746            0   -0.0110492   -0.0113695
-0.000258398    0.0110492            0  -0.00285386
  0.00287483    0.0113695   0.00285386            0
Repeater1[0]<--->HoM1[0]
REAL
  0.366623 0.00978659  0.0048583   0.244536
0.00978659   0.130092  0.0605919  0.0259109
 0.0048583  0.0605919   0.131406 0.00046982
  0.244536  0.0259109 0.00046982   0.371879
IMAGINARY
           0    0.0067925  0.000365092     0.012006
  -0.0067925            0   -0.0068112    0.0179661
-0.000365092    0.0068112            0   -0.0175384
   -0.012006   -0.0179661    0.0175384            0
EndNode1[0]<--->Repeater1[0]
REAL
   0.371578   0.0110261   0.0117294      0.2465
  0.0110261    0.138201   0.0601761  0.00982829
  0.0117294   0.0601761    0.138201 0.000795898
     0.2465  0.00982829 0.000795898    0.352021
IMAGINARY
          0 -0.00659276 -0.00400792  -0.0271202
 0.00659276           0  0.00032286 -0.00163825
 0.00400792 -0.00032286           0 -0.00532694
  0.0271202  0.00163825  0.00532694           0
EndNode2[0]<--->HoM1[0]
REAL
   0.382924  -0.0200426  0.00817227    0.254393
 -0.0200426    0.141009   0.0466607  -0.0233238
 0.00817227   0.0466607    0.134541 -0.00696663
   0.254393  -0.0233238 -0.00696663    0.341527
IMAGINARY
          0  0.00163484  -0.0126061  -0.0245192
-0.00163484           0 -0.00467791 -0.00508726
  0.0126061  0.00467791           0 -0.00360076
  0.0245192  0.00508726  0.00360076           0
Repeater1[0]<--->EndNode1[0]
REAL
   0.371578   0.0117294   0.0110261      0.2465
  0.0117294    0.138201   0.0601761 0.000795898
  0.0110261   0.0601761    0.138201  0.00982829
     0.2465 0.000795898  0.00982829    0.352021
IMAGINARY
          0 -0.00400792 -0.00659276  -0.0271202
 0.00400792           0 -0.00032286 -0.00532694
 0.00659276  0.00032286           0 -0.00163825
  0.0271202  0.00532694  0.00163825           0
Repeater1[0]<--->HoM1[0]
REAL
   0.382924  0.00817227  -0.0200426    0.254393
 0.00817227    0.134541   0.0466607 -0.00696663
 -0.0200426   0.0466607    0.141009  -0.0233238
   0.254393 -0.00696663  -0.0233238    0.341527
IMAGINARY
          0  -0.0126061  0.00163484  -0.0245192
  0.0126061           0  0.00467791 -0.00360076
-0.00163484 -0.00467791           0 -0.00508726
  0.0245192  0.00360076  0.00508726           0
EndNode1[0]<--->Repeater1[0]
REAL
   0.390746   0.0155217 -0.00191208    0.250424
  0.0155217    0.141388   0.0726321   0.0112955
-0.00191208   0.0726321    0.128535  -0.0195432
   0.250424   0.0112955  -0.0195432    0.339332
IMAGINARY
           0  0.000424954   0.00413536   -0.0140085
-0.000424954            0  -0.00572829  -0.00220982
 -0.00413536   0.00572829            0   -0.0164712
   0.0140085   0.00220982    0.0164712            0
EndNode2[0]<--->HoM1[0]
REAL
   0.346715 -0.00838806  -0.0135902    0.270799
-0.00838806    0.153285    0.040872  -0.0116087
 -0.0135902    0.040872    0.145985  0.00971432
   0.270799  -0.0116087  0.00971432    0.354015
IMAGINARY
          0  -0.0151217  0.00187702   0.0289551
  0.0151217           0  0.00784693 -0.00917629
-0.00187702 -0.00784693           0   0.0102555
 -0.0289551  0.00917629  -0.0102555           0
Repeater1[0]<--->EndNode1[0]
REAL
   0.390746 -0.00191208   0.0155217    0.250424
-0.00191208    0.128535   0.0726321  -0.0195432
  0.0155217   0.0726321    0.141388   0.0112955
   0.250424  -0.0195432   0.0112955    0.339332
IMAGINARY
           0   0.00413536  0.000424954   -0.0140085
 -0.00413536            0   0.00572829   -0.0164712
-0.000424954  -0.00572829            0  -0.00220982
   0.0140085    0.0164712   0.00220982            0
Repeater1[0]<--->HoM1[0]
REAL
   0.346715  -0.0135902 -0.00838806    0.270799
 -0.0135902    0.145985    0.040872  0.00971432
-0.00838806    0.040872    0.153285  -0.0116087
   0.270799  0.00971432  -0.0116087    0.354015
IMAGINARY
          0  0.00187702  -0.0151217   0.0289551
-0.00187702           0 -0.00784693   0.0102555
  0.0151217  0.00784693           0 -0.00917629
 -0.0289551  -0.0102555  0.00917629           0
EndNode1[0]<--->Repeater1[0]
REAL
   0.340164 -0.00317422 -0.00601145    0.260029
-0.00317422     0.15847   0.0608099  0.00664678
-0.00601145   0.0608099    0.157104  -0.0025437
   0.260029  0.00664678  -0.0025437    0.344262
IMAGINARY
          0   0.0194101  -0.0164878 -0.00476412
 -0.0194101           0 -0.00349509 -0.00304347
  0.0164878  0.00349509           0  -0.0115976
 0.00476412  0.00304347   0.0115976           0
EndNode2[0]<--->HoM1[0]
REAL
   0.360451 -0.00920268  0.00277791    0.261683
-0.00920268    0.116395   0.0836004  0.00917177
 0.00277791   0.0836004    0.172716   0.0224102
   0.261683  0.00917177   0.0224102    0.350438
IMAGINARY
          0 -0.00279776 -0.00616083  -0.0010164
 0.00279776           0 -0.00861133  0.00616083
 0.00616083  0.00861133           0   0.0260854
  0.0010164 -0.00616083  -0.0260854           0
Repeater1[0]<--->EndNode1[0]
REAL
   0.340164 -0.00601145 -0.00317422    0.260029
-0.00601145    0.157104   0.0608099  -0.0025437
-0.00317422   0.0608099     0.15847  0.00664678
   0.260029  -0.0025437  0.00664678    0.344262
IMAGINARY
          0  -0.0164878   0.0194101 -0.00476412
  0.0164878           0  0.00349509  -0.0115976
 -0.0194101 -0.00349509           0 -0.00304347
 0.00476412   0.0115976  0.00304347           0
Repeater1[0]<--->HoM1[0]
REAL
   0.360451  0.00277791 -0.00920268    0.261683
 0.00277791    0.172716   0.0836004   0.0224102
-0.00920268   0.0836004    0.116395  0.00917177
   0.261683   0.0224102  0.00917177    0.350438
IMAGINARY
          0 -0.00616083 -0.00279776  -0.0010164
 0.00616083           0  0.00861133   0.0260854
 0.00279776 -0.00861133           0  0.00616083
  0.0010164  -0.0260854 -0.00616083           0
EndNode1[0]<--->Repeater1[0]
REAL
   0.378768 -0.00968138  -0.0162338    0.260355
-0.00968138    0.152031    0.043541  -0.0162338
 -0.0162338    0.043541    0.142857 -0.00590304
   0.260355  -0.0162338 -0.00590304    0.326343
IMAGINARY
          0  0.00396365  -0.0190753  0.00596364
-0.00396365           0 -0.00273783  -0.0043128
  0.0190753  0.00273783           0   0.0143676
-0.00596364   0.0043128  -0.0143676           0
EndNode2[0]<--->HoM1[0]
REAL
   0.365217 -0.00302399   0.0121613    0.256652
-0.00302399    0.125466   0.0750191   0.0127763
  0.0121613   0.0750191    0.132919  0.00177711
   0.256652   0.0127763  0.00177711    0.376398
IMAGINARY
          0   0.0151778   0.0079049  0.00890152
 -0.0151778           0  -0.0214015   0.0104624
 -0.0079049   0.0214015           0  -0.0117764
-0.00890152  -0.0104624   0.0117764           0
Repeater1[0]<--->EndNode1[0]
REAL
   0.378768  -0.0162338 -0.00968138    0.260355
 -0.0162338    0.142857    0.043541 -0.00590304
-0.00968138    0.043541    0.152031  -0.0162338
   0.260355 -0.00590304  -0.0162338    0.326343
IMAGINARY
          0  -0.0190753  0.00396365  0.00596364
  0.0190753           0  0.00273783   0.0143676
-0.00396365 -0.00273783           0  -0.0043128
-0.00596364  -0.0143676   0.0043128           0
Repeater1[0]<--->HoM1[0]
REAL
   0.365217   0.0121613 -0.00302399    0.256652
  0.0121613    0.132919   0.0750191  0.00177711
-0.00302399   0.0750191    0.125466   0.0127763
   0.256652  0.00177711   0.0127763    0.376398
IMAGINARY
          0   0.0079049   0.0151778  0.00890152
 -0.0079049           0   0.0214015  -0.0117764
 -0.0151778  -0.0214015           0   0.0104624
-0.00890152   0.0117764  -0.0104624           0
EndNode1[0]<--->Repeater1[0]
REAL
   0.369483   0.0122735  -0.0207297     0.26998
  0.0122735    0.152585   0.0644661 -0.00129966
 -0.0207297   0.0644661    0.155107  -0.0262922
    0.26998 -0.00129966  -0.0262922    0.322825
IMAGINARY
          0  -0.0215969  -0.0108257   0.0120406
  0.0215969           0   0.0380228 -0.00421192
  0.0108257  -0.0380228           0  -0.0197564
 -0.0120406  0.00421192   0.0197564           0
EndNode2[0]<--->HoM1[0]
REAL
    0.38189  0.00989021   0.0172907    0.258644
 0.00989021    0.135171   0.0583825 -0.00521954
  0.0172907   0.0583825    0.132546  0.00472225
   0.258644 -0.00521954  0.00472225    0.350394
IMAGINARY
          0  0.00987089  -0.0143077  -0.0100719
-0.00987089           0  -0.0159697   0.0116899
  0.0143077   0.0159697           0 -0.00594419
  0.0100719  -0.0116899  0.00594419           0
Repeater1[0]<--->EndNode1[0]
REAL
   0.369483  -0.0207297   0.0122735     0.26998
 -0.0207297    0.155107   0.0644661  -0.0262922
  0.0122735   0.0644661    0.152585 -0.00129966
    0.26998  -0.0262922 -0.00129966    0.322825
IMAGINARY
          0  -0.0108257  -0.0215969   0.0120406
  0.0108257           0  -0.0380228  -0.0197564
  0.0215969   0.0380228           0 -0.00421192
 -0.0120406   0.0197564  0.00421192           0
Repeater1[0]<--->HoM1[0]
REAL
    0.38189   0.0172907  0.00989021    0.258644
  0.0172907    0.132546   0.0583825  0.00472225
 0.00989021   0.0583825    0.135171 -0.00521954
   0.258644  0.00472225 -0.00521954    0.350394
IMAGINARY
          0  -0.0143077  0.00987089  -0.0100719
  0.0143077           0   0.0159697 -0.00594419
-0.00987089  -0.0159697           0   0.0116899
  0.0100719  0.00594419  -0.0116899           0
EndNode1[0]<--->Repeater1[0]
REAL
   0.388679 -0.00110827  -0.0167745    0.273961
-0.00110827    0.119497   0.0571908  -0.0094035
 -0.0167745   0.0571908    0.122013   0.0102706
   0.273961  -0.0094035   0.0102706    0.369811
IMAGINARY
          0   0.0021341  0.00147081  0.00712781
 -0.0021341           0    0.020053   0.0190261
-0.00147081   -0.020053           0   0.0046982
-0.00712781  -0.0190261  -0.0046982           0
EndNode2[0]<--->HoM1[0]
REAL
   0.333752   0.0134364   0.0172861    0.242377
  0.0134364     0.14931   0.0581661 -0.00303913
  0.0172861   0.0581661    0.155583 -0.00868746
   0.242377 -0.00303913 -0.00868746    0.361355
IMAGINARY
           0  -0.00174695 -0.000618015  -0.00848564
  0.00174695            0  -0.00848564    0.0179479
 0.000618015   0.00848564            0   -0.0181504
  0.00848564   -0.0179479    0.0181504            0
Repeater1[0]<--->EndNode1[0]
REAL
   0.388679  -0.0167745 -0.00110827    0.273961
 -0.0167745    0.122013   0.0571908   0.0102706
-0.00110827   0.0571908    0.119497  -0.0094035
   0.273961   0.0102706  -0.0094035    0.369811
IMAGINARY
          0  0.00147081   0.0021341  0.00712781
-0.00147081           0   -0.020053   0.0046982
 -0.0021341    0.020053           0   0.0190261
-0.00712781  -0.0046982  -0.0190261           0
Repeater1[0]<--->HoM1[0]
REAL
   0.333752   0.0172861   0.0134364    0.242377
  0.0172861    0.155583   0.0581661 -0.00868746
  0.0134364   0.0581661     0.14931 -0.00303913
   0.242377 -0.00868746 -0.00303913    0.361355
IMAGINARY
           0 -0.000618015  -0.00174695  -0.00848564
 0.000618015            0   0.00848564   -0.0181504
  0.00174695  -0.00848564            0    0.0179479
  0.00848564    0.0181504   -0.0179479            0
EndNode1[0]<--->Repeater1[0]
REAL
  0.366667 0.00139003 0.00298441   0.248845
0.00139003   0.142308  0.0656157 0.00724751
0.00298441  0.0656157   0.157692 0.00611338
  0.248845 0.00724751 0.00611338   0.333333
IMAGINARY
          0 -0.00587535   0.0054126  -0.0103377
 0.00587535           0 -0.00464869 -0.00479148
 -0.0054126  0.00464869           0   0.0164344
  0.0103377  0.00479148  -0.0164344           0
EndNode2[0]<--->HoM1[0]
REAL
    0.37006 -0.00532712  -0.0163758    0.272881
-0.00532712    0.122156   0.0709106   0.0223839
 -0.0163758   0.0709106    0.152096  0.00465956
   0.272881   0.0223839  0.00465956    0.355689
IMAGINARY
           0  -0.00129959  -0.00848564  -0.00676485
  0.00129959            0 -0.000387297   0.00848564
  0.00848564  0.000387297            0   -0.0184048
  0.00676485  -0.00848564    0.0184048            0
Repeater1[0]<--->EndNode1[0]
REAL
  0.366667 0.00298441 0.00139003   0.248845
0.00298441   0.157692  0.0656157 0.00611338
0.00139003  0.0656157   0.142308 0.00724751
  0.248845 0.00611338 0.00724751   0.333333
IMAGINARY
          0   0.0054126 -0.00587535  -0.0103377
 -0.0054126           0  0.00464869   0.0164344
 0.00587535 -0.00464869           0 -0.00479148
  0.0103377  -0.0164344  0.00479148           0
Repeater1[0]<--->HoM1[0]
REAL
    0.37006  -0.0163758 -0.00532712    0.272881
 -0.0163758    0.152096   0.0709106  0.00465956
-0.00532712   0.0709106    0.122156   0.0223839
   0.272881  0.00465956   0.0223839    0.355689
IMAGINARY
           0  -0.00848564  -0.00129959  -0.00676485
  0.00848564            0  0.000387297   -0.0184048
  0.00129959 -0.000387297            0   0.00848564
  0.00676485    0.0184048  -0.00848564            0
EndNode1[0]<--->Repeater1[0]
REAL
   0.378151   0.0147052 -0.00691072    0.266283
  0.0147052    0.141657   0.0633944   0.0204591
-0.00691072   0.0633944    0.132053  -0.0114794
   0.266283   0.0204591  -0.0114794    0.348139
IMAGINARY
           0    0.0138115  0.000512499 -0.000319285
  -0.0138115            0  -0.00893997    -0.024584
-0.000512499   0.00893997            0    0.0157621
 0.000319285     0.024584   -0.0157621            0
EndNode2[0]<--->HoM1[0]
REAL
    0.3487 -0.0139196 -0.0197107   0.248594
-0.0139196   0.153664  0.0679661 -0.0102256
-0.0197107  0.0679661   0.146572 0.00436543
  0.248594 -0.0102256 0.00436543   0.351064
IMAGINARY
           0   0.00716146    0.0063089   0.00465668
 -0.00716146            0  0.000719668   -0.0036911
  -0.0063089 -0.000719668            0  -0.00716146
 -0.00465668    0.0036911   0.00716146            0
Repeater1[0]<--->EndNode1[0]
REAL
   0.378151 -0.00691072   0.0147052    0.266283
-0.00691072    0.132053   0.0633944  -0.0114794
  0.0147052   0.0633944    0.141657   0.0204591
   0.266283  -0.0114794   0.0204591    0.348139
IMAGINARY
           0  0.000512499    0.0138115 -0.000319285
-0.000512499            0   0.00893997    0.0157621
  -0.0138115  -0.00893997            0    -0.024584
 0.000319285   -0.0157621     0.024584            0
Repeater1[0]<--->HoM1[0]
REAL
    0.3487 -0.0197107 -0.0139196   0.248594
-0.0197107   0.146572  0.0679661 0.00436543
-0.0139196  0.0679661   0.153664 -0.0102256
  0.248594 0.00436543 -0.0102256   0.351064
IMAGINARY
           0    0.0063089   0.00716146   0.00465668
  -0.0063089            0 -0.000719668  -0.00716146
 -0.00716146  0.000719668            0   -0.0036911
 -0.00465668   0.00716146    0.0036911            0
EndNode1[0]<--->Repeater1[0]
REAL
  0.344697 -0.0102591 -0.0160077    0.27516
-0.0102591   0.161616  0.0684766 0.00691675
-0.0160077  0.0684766   0.135101  0.0217743
   0.27516 0.00691675  0.0217743   0.358586
IMAGINARY
          0 -0.00247525   0.0132523  0.00730724
 0.00247525           0 -0.00593362   0.0152131
 -0.0132523  0.00593362           0 -0.00247525
-0.00730724  -0.0152131  0.00247525           0
EndNode2[0]<--->HoM1[0]
REAL
    0.376543  -0.00751288 -0.000330991     0.268082
 -0.00751288     0.135802    0.0595946 -0.000974492
-0.000330991    0.0595946     0.134568   -0.0094584
    0.268082 -0.000974492   -0.0094584     0.353086
IMAGINARY
          0  -0.0110796 -0.00066156   0.0228013
  0.0110796           0  -0.0221425   0.0172667
 0.00066156   0.0221425           0  -0.0116756
 -0.0228013  -0.0172667   0.0116756           0
Repeater1[0]<--->EndNode1[0]
REAL
  0.344697 -0.0160077 -0.0102591    0.27516
-0.0160077   0.135101  0.0684766  0.0217743
-0.0102591  0.0684766   0.161616 0.00691675
   0.27516  0.0217743 0.00691675   0.358586
IMAGINARY
          0   0.0132523 -0.00247525  0.00730724
 -0.0132523           0  0.00593362 -0.00247525
 0.00247525 -0.00593362           0   0.0152131
-0.00730724  0.00247525  -0.0152131           0
Repeater1[0]<--->HoM1[0]
REAL
    0.376543 -0.000330991  -0.00751288     0.268082
-0.000330991     0.134568    0.0595946   -0.0094584
 -0.00751288    0.0595946     0.135802 -0.000974492
    0.268082   -0.0094584 -0.000974492     0.353086
IMAGINARY
          0 -0.00066156  -0.0110796   0.0228013
 0.00066156           0   0.0221425  -0.0116756
  0.0110796  -0.0221425           0   0.0172667
 -0.0228013   0.0116756  -0.0172667           0
EndNode1[0]<--->Repeater1[0]
REAL
   0.353333  -0.0035562   0.0144897    0.276447
 -0.0035562        0.14   0.0728324   0.0005824
  0.0144897   0.0728324       0.148 -0.00103095
   0.276447   0.0005824 -0.00103095    0.358667
IMAGINARY
          0  -0.0101796   0.0025257   0.0296508
  0.0101796           0  0.00797057  0.00711286
 -0.0025257 -0.00797057           0  -0.0235554
 -0.0296508 -0.00711286   0.0235554           0
EndNode2[0]<--->HoM1[0]
REAL
    0.36272 -0.00599423  0.00248316    0.264624
-0.00599423     0.15869   0.0675728  -0.0113508
 0.00248316   0.0675728    0.157431  -0.0151517
