EndNode1[0]<--->Repeater1[0]
REAL
   0.287605  0.00742194 -0.00999992   0.0476439
 0.00742194    0.222623  -0.0203049  0.00210199
-0.00999992  -0.0203049     0.23225  -0.0189651
  0.0476439  0.00210199  -0.0189651    0.257521
IMAGINARY
          0  -0.0334546  -0.0111524  0.00955472
  0.0334546           0  0.00491896  0.00346007
  0.0111524 -0.00491896           0 -0.00372488
-0.00955472 -0.00346007  0.00372488           0
EndNode2[0]<--->HoM1[0]
REAL
    0.23674  -0.0044849  -0.0206848   0.0662707
 -0.0044849    0.257439 -0.00336541   0.0148482
 -0.0206848 -0.00336541    0.247089  0.00253937
  0.0662707   0.0148482  0.00253937    0.258732
IMAGINARY
          0  0.00741014  -0.0047768 -0.00174053
-0.00741014           0 -0.00686874  0.00791356
  0.0047768  0.00686874           0   0.0132925
 0.00174053 -0.00791356  -0.0132925           0
Repeater1[0]<--->EndNode1[0]
REAL
   0.287605 -0.00999992  0.00742194   0.0476439
-0.00999992     0.23225  -0.0203049  -0.0189651
 0.00742194  -0.0203049    0.222623  0.00210199
  0.0476439  -0.0189651  0.00210199    0.257521
IMAGINARY
          0  -0.0111524  -0.0334546  0.00955472
  0.0111524           0 -0.00491896 -0.00372488
  0.0334546  0.00491896           0  0.00346007
-0.00955472  0.00372488 -0.00346007           0
Repeater1[0]<--->HoM1[0]
REAL
    0.23674  -0.0206848  -0.0044849   0.0662707
 -0.0206848    0.247089 -0.00336541  0.00253937
 -0.0044849 -0.00336541    0.257439   0.0148482
  0.0662707  0.00253937   0.0148482    0.258732
IMAGINARY
          0  -0.0047768  0.00741014 -0.00174053
  0.0047768           0  0.00686874   0.0132925
-0.00741014 -0.00686874           0  0.00791356
 0.00174053  -0.0132925 -0.00791356           0
EndNode1[0]<--->Repeater1[0]
REAL
   0.266667   0.0246714   0.0141061    0.044493
  0.0246714    0.230667 0.000610057  0.00264649
  0.0141061 0.000610057    0.237333  -0.0143621
   0.044493  0.00264649  -0.0143621    0.265333
IMAGINARY
          0   0.0076503   0.0178331   0.0210554
 -0.0076503           0 -0.00345438 -0.00453527
 -0.0178331  0.00345438           0  0.00697736
 -0.0210554  0.00453527 -0.00697736           0
EndNode2[0]<--->HoM1[0]
REAL
  0.285714 -0.0178768 0.00328641  0.0760809
-0.0178768    0.21879 0.00279948 -0.0071032
0.00328641 0.00279948   0.212355 0.00769867
 0.0760809 -0.0071032 0.00769867    0.28314
IMAGINARY
          0  -0.0192397  0.00964766 -0.00608646
  0.0192397           0  0.00101032  0.00656505
-0.00964766 -0.00101032           0  -0.0138343
 0.00608646 -0.00656505   0.0138343           0
Repeater1[0]<--->EndNode1[0]
REAL
   0.266667   0.0141061   0.0246714    0.044493
  0.0141061    0.237333 0.000610057  -0.0143621
  0.0246714 0.000610057    0.230667  0.00264649
   0.044493  -0.0143621  0.00264649    0.265333
IMAGINARY
          0   0.0178331   0.0076503   0.0210554
 -0.0178331           0  0.00345438  0.00697736
 -0.0076503 -0.00345438           0 -0.00453527
 -0.0210554 -0.00697736  0.00453527           0
Repeater1[0]<--->HoM1[0]
REAL
  0.285714 0.00328641 -0.0178768  0.0760809
0.00328641   0.212355 0.00279948 0.00769867
-0.0178768 0.00279948    0.21879 -0.0071032
 0.0760809 0.00769867 -0.0071032    0.28314
IMAGINARY
          0  0.00964766  -0.0192397 -0.00608646
-0.00964766           0 -0.00101032  -0.0138343
  0.0192397  0.00101032           0  0.00656505
 0.00608646   0.0138343 -0.00656505           0
EndNode1[0]<--->Repeater1[0]
REAL
  0.264249  0.0152445   0.014386  0.0636627
 0.0152445   0.213731  0.0170632 0.00876798
  0.014386  0.0170632   0.220207 0.00665793
 0.0636627 0.00876798 0.00665793   0.301813
IMAGINARY
          0  -0.0167211 -0.00289872  -0.0211025
  0.0167211           0 -0.00342577   0.0129743
 0.00289872  0.00342577           0  0.00916444
  0.0211025  -0.0129743 -0.00916444           0
EndNode2[0]<--->HoM1[0]
REAL
   0.274026  -0.0226073 -0.00549399   0.0610563
 -0.0226073    0.227273  -0.0157179  -0.0206874
-0.00549399  -0.0157179    0.201299  -0.0137912
  0.0610563  -0.0206874  -0.0137912    0.297403
IMAGINARY
          0  -0.0110214  0.00747825   0.0217739
  0.0110214           0  0.00440414 -0.00038148
-0.00747825 -0.00440414           0 -0.00639792
 -0.0217739  0.00038148  0.00639792           0
Repeater1[0]<--->EndNode1[0]
REAL
  0.264249   0.014386  0.0152445  0.0636627
  0.014386   0.220207  0.0170632 0.00665793
 0.0152445  0.0170632   0.213731 0.00876798
 0.0636627 0.00665793 0.00876798   0.301813
IMAGINARY
          0 -0.00289872  -0.0167211  -0.0211025
 0.00289872           0  0.00342577  0.00916444
  0.0167211 -0.00342577           0   0.0129743
  0.0211025 -0.00916444  -0.0129743           0
Repeater1[0]<--->HoM1[0]
REAL
   0.274026 -0.00549399  -0.0226073   0.0610563
-0.00549399    0.201299  -0.0157179  -0.0137912
 -0.0226073  -0.0157179    0.227273  -0.0206874
  0.0610563  -0.0137912  -0.0206874    0.297403
IMAGINARY
          0  0.00747825  -0.0110214   0.0217739
-0.00747825           0 -0.00440414 -0.00639792
  0.0110214  0.00440414           0 -0.00038148
 -0.0217739  0.00639792  0.00038148           0
EndNode1[0]<--->Repeater1[0]
REAL
   0.280206   0.0101316   0.0137985   0.0640078
  0.0101316    0.230077 -0.00374289 0.000108792
  0.0137985 -0.00374289    0.205656  -0.0147674
  0.0640078 0.000108792  -0.0147674    0.284062
IMAGINARY
          0  0.00172035  -0.0083889 -0.00873666
-0.00172035           0  -0.0111638 -0.00651624
  0.0083889   0.0111638           0 -0.00714041
 0.00873666  0.00651624  0.00714041           0
EndNode2[0]<--->HoM1[0]
REAL
   0.281211 -0.00924916   0.0123113   0.0378696
-0.00924916    0.205549  0.00736562   0.0136236
  0.0123113  0.00736562    0.216898  0.00743975
  0.0378696   0.0136236  0.00743975    0.296343
IMAGINARY
          0 -0.00323996  -0.0126486  -0.0152804
 0.00323996           0 -0.00657392  -0.0324442
  0.0126486  0.00657392           0  -0.0259378
  0.0152804   0.0324442   0.0259378           0
Repeater1[0]<--->EndNode1[0]
REAL
   0.280206   0.0137985   0.0101316   0.0640078
  0.0137985    0.205656 -0.00374289  -0.0147674
  0.0101316 -0.00374289    0.230077 0.000108792
  0.0640078  -0.0147674 0.000108792    0.284062
IMAGINARY
          0  -0.0083889  0.00172035 -0.00873666
  0.0083889           0   0.0111638 -0.00714041
-0.00172035  -0.0111638           0 -0.00651624
 0.00873666  0.00714041  0.00651624           0
Repeater1[0]<--->HoM1[0]
REAL
   0.281211   0.0123113 -0.00924916   0.0378696
  0.0123113    0.216898  0.00736562  0.00743975
-0.00924916  0.00736562    0.205549   0.0136236
  0.0378696  0.00743975   0.0136236    0.296343
IMAGINARY
          0  -0.0126486 -0.00323996  -0.0152804
  0.0126486           0  0.00657392  -0.0259378
 0.00323996 -0.00657392           0  -0.0324442
  0.0152804   0.0259378   0.0324442           0
EndNode1[0]<--->Repeater1[0]
REAL
   0.290281  -0.0159366 -0.00835476   0.0666738
 -0.0159366    0.212276  -0.0137638  0.00835476
-0.00835476  -0.0137638    0.222506   0.0106456
  0.0666738  0.00835476   0.0106456    0.274936
IMAGINARY
           0 -0.000765454   -0.0041101    -0.017054
 0.000765454            0   -0.0309613    0.0227716
   0.0041101    0.0309613            0   -0.0101741
    0.017054   -0.0227716    0.0101741            0
EndNode2[0]<--->HoM1[0]
REAL
   0.273408  0.00352559  0.00586861   0.0618921
 0.00352559    0.268414 -0.00221043   0.0246354
 0.00586861 -0.00221043    0.218477   0.0110633
  0.0618921   0.0246354   0.0110633      0.2397
IMAGINARY
          0  -0.0011109   0.0310467  -0.0244035
  0.0011109           0   0.0150702  0.00741485
 -0.0310467  -0.0150702           0 -0.00914551
  0.0244035 -0.00741485  0.00914551           0
Repeater1[0]<--->EndNode1[0]
REAL
   0.290281 -0.00835476  -0.0159366   0.0666738
-0.00835476    0.222506  -0.0137638   0.0106456
 -0.0159366  -0.0137638    0.212276  0.00835476
  0.0666738   0.0106456  0.00835476    0.274936
IMAGINARY
           0   -0.0041101 -0.000765454    -0.017054
   0.0041101            0    0.0309613   -0.0101741
 0.000765454   -0.0309613            0    0.0227716
    0.017054    0.0101741   -0.0227716            0
Repeater1[0]<--->HoM1[0]
REAL
   0.273408  0.00586861  0.00352559   0.0618921
 0.00586861    0.218477 -0.00221043   0.0110633
 0.00352559 -0.00221043    0.268414   0.0246354
  0.0618921   0.0110633   0.0246354      0.2397
IMAGINARY
          0   0.0310467  -0.0011109  -0.0244035
 -0.0310467           0  -0.0150702 -0.00914551
  0.0011109   0.0150702           0  0.00741485
  0.0244035  0.00914551 -0.00741485           0
EndNode1[0]<--->Repeater1[0]
REAL
   0.286585 -0.00831406  -0.0262951   0.0517976
-0.00831406    0.196341   0.0180138  -0.0145855
 -0.0262951   0.0180138    0.230488  0.00265368
  0.0517976  -0.0145855  0.00265368    0.286585
IMAGINARY
          0 -0.00587318 -0.00671774  0.00117456
 0.00587318           0 -0.00750368 -0.00409307
 0.00671774  0.00750368           0  0.00181913
-0.00117456  0.00409307 -0.00181913           0
EndNode2[0]<--->HoM1[0]
REAL
   0.292035 -0.00732128  -0.0163027   0.0687285
-0.00732128    0.201011 -0.00397554  -0.0110671
 -0.0163027 -0.00397554    0.256637  -0.0200485
  0.0687285  -0.0110671  -0.0200485    0.250316
IMAGINARY
           0 -0.000374424     -0.01407   0.00117328
 0.000374424            0   0.00714938  -0.00378718
     0.01407  -0.00714938            0     0.009303
 -0.00117328   0.00378718    -0.009303            0
Repeater1[0]<--->EndNode1[0]
REAL
   0.286585  -0.0262951 -0.00831406   0.0517976
 -0.0262951    0.230488   0.0180138  0.00265368
-0.00831406   0.0180138    0.196341  -0.0145855
  0.0517976  0.00265368  -0.0145855    0.286585
IMAGINARY
          0 -0.00671774 -0.00587318  0.00117456
 0.00671774           0  0.00750368  0.00181913
 0.00587318 -0.00750368           0 -0.00409307
-0.00117456 -0.00181913  0.00409307           0
Repeater1[0]<--->HoM1[0]
REAL
   0.292035  -0.0163027 -0.00732128   0.0687285
 -0.0163027    0.256637 -0.00397554  -0.0200485
-0.00732128 -0.00397554    0.201011  -0.0110671
  0.0687285  -0.0200485  -0.0110671    0.250316
IMAGINARY
           0     -0.01407 -0.000374424   0.00117328
     0.01407            0  -0.00714938     0.009303
 0.000374424   0.00714938            0  -0.00378718
 -0.00117328    -0.009303   0.00378718            0
EndNode1[0]<--->Repeater1[0]
REAL
  0.306202 -0.0120753 -0.0138367  0.0257919
-0.0120753   0.223514  0.0232278  0.0105688
-0.0138367  0.0232278   0.228682  0.0127289
 0.0257919  0.0105688  0.0127289   0.241602
IMAGINARY
          0  0.00417192  -0.0125935  -0.0033958
-0.00417192           0  0.00844631  0.00361918
  0.0125935 -0.00844631           0  0.00480244
  0.0033958 -0.00361918 -0.00480244           0
EndNode2[0]<--->HoM1[0]
REAL
    0.306407 -0.000570128  -0.00477486    0.0597302
-0.000570128     0.208914   0.00749135 -0.000986983
 -0.00477486   0.00749135     0.196379    -0.015435
   0.0597302 -0.000986983    -0.015435     0.288301
IMAGINARY
          0 -0.00560964  -0.0165572  0.00957525
 0.00560964           0 -0.00359915   0.0215323
  0.0165572  0.00359915           0 -0.00434061
-0.00957525  -0.0215323  0.00434061           0
Repeater1[0]<--->EndNode1[0]
REAL
  0.306202 -0.0138367 -0.0120753  0.0257919
-0.0138367   0.228682  0.0232278  0.0127289
-0.0120753  0.0232278   0.223514  0.0105688
 0.0257919  0.0127289  0.0105688   0.241602
IMAGINARY
          0  -0.0125935  0.00417192  -0.0033958
  0.0125935           0 -0.00844631  0.00480244
-0.00417192  0.00844631           0  0.00361918
  0.0033958 -0.00480244 -0.00361918           0
Repeater1[0]<--->HoM1[0]
REAL
    0.306407  -0.00477486 -0.000570128    0.0597302
 -0.00477486     0.196379   0.00749135    -0.015435
-0.000570128   0.00749135     0.208914 -0.000986983
   0.0597302    -0.015435 -0.000986983     0.288301
IMAGINARY
          0  -0.0165572 -0.00560964  0.00957525
  0.0165572           0  0.00359915 -0.00434061
 0.00560964 -0.00359915           0   0.0215323
-0.00957525  0.00434061  -0.0215323           0
EndNode1[0]<--->Repeater1[0]
REAL
  0.262025 0.00327578  0.0113038  0.0472627
0.00327578   0.225316 -0.0135905 0.00330869
 0.0113038 -0.0135905   0.236709 -0.0178882
 0.0472627 0.00330869 -0.0178882   0.275949
IMAGINARY
          0  0.00689747   0.0114292 -0.00500524
-0.00689747           0 -0.00758922 -0.00452828
 -0.0114292  0.00758922           0  -0.0263454
 0.00500524  0.00452828   0.0263454           0
EndNode2[0]<--->HoM1[0]
REAL
    0.286832 -0.000451255  -0.00896768    0.0601824
-0.000451255     0.234681    0.0125331   -0.0135548
 -0.00896768    0.0125331     0.233377  -0.00920125
   0.0601824   -0.0135548  -0.00920125     0.245111
IMAGINARY
           0    -0.010991   -0.0199378    0.0127253
    0.010991            0 -0.000467274   -0.0137343
   0.0199378  0.000467274            0   0.00400246
  -0.0127253    0.0137343  -0.00400246            0
Repeater1[0]<--->EndNode1[0]
REAL
  0.262025  0.0113038 0.00327578  0.0472627
 0.0113038   0.236709 -0.0135905 -0.0178882
0.00327578 -0.0135905   0.225316 0.00330869
 0.0472627 -0.0178882 0.00330869   0.275949
IMAGINARY
          0   0.0114292  0.00689747 -0.00500524
 -0.0114292           0  0.00758922  -0.0263454
-0.00689747 -0.00758922           0 -0.00452828
 0.00500524   0.0263454  0.00452828           0
Repeater1[0]<--->HoM1[0]
REAL
    0.286832  -0.00896768 -0.000451255    0.0601824
 -0.00896768     0.233377    0.0125331  -0.00920125
-0.000451255    0.0125331     0.234681   -0.0135548
   0.0601824  -0.00920125   -0.0135548     0.245111
IMAGINARY
           0   -0.0199378    -0.010991    0.0127253
   0.0199378            0  0.000467274   0.00400246
    0.010991 -0.000467274            0   -0.0137343
  -0.0127253  -0.00400246    0.0137343            0
EndNode1[0]<--->Repeater1[0]
REAL
   0.270538 -0.00282665 -0.00346412   0.0558835
-0.00282665    0.228045  0.00145312  -0.0230464
-0.00346412  0.00145312    0.223796 -0.00025596
  0.0558835  -0.0230464 -0.00025596     0.27762
IMAGINARY
           0  -0.00573677   0.00727166   0.00543994
  0.00573677            0    0.0144606    0.0180448
 -0.00727166   -0.0144606            0  0.000673483
 -0.00543994   -0.0180448 -0.000673483            0
EndNode2[0]<--->HoM1[0]
REAL
   0.285536  -0.0246882  0.00667652   0.0663191
 -0.0246882    0.194514  0.00567558   -0.013942
 0.00667652  0.00567558    0.256858 -0.00107142
  0.0663191   -0.013942 -0.00107142    0.263092
IMAGINARY
          0   0.0351839 -0.00201153  -0.0102436
 -0.0351839           0  0.00955205   0.0230511
 0.00201153 -0.00955205           0 -0.00053041
  0.0102436  -0.0230511  0.00053041           0
Repeater1[0]<--->EndNode1[0]
REAL
   0.270538 -0.00346412 -0.00282665   0.0558835
-0.00346412    0.223796  0.00145312 -0.00025596
-0.00282665  0.00145312    0.228045  -0.0230464
  0.0558835 -0.00025596  -0.0230464     0.27762
IMAGINARY
           0   0.00727166  -0.00573677   0.00543994
 -0.00727166            0   -0.0144606  0.000673483
  0.00573677    0.0144606            0    0.0180448
 -0.00543994 -0.000673483   -0.0180448            0
Repeater1[0]<--->HoM1[0]
REAL
   0.285536  0.00667652  -0.0246882   0.0663191
 0.00667652    0.256858  0.00567558 -0.00107142
 -0.0246882  0.00567558    0.194514   -0.013942
  0.0663191 -0.00107142   -0.013942    0.263092
IMAGINARY
          0 -0.00201153   0.0351839  -0.0102436
 0.00201153           0 -0.00955205 -0.00053041
 -0.0351839  0.00955205           0   0.0230511
  0.0102436  0.00053041  -0.0230511           0
EndNode1[0]<--->Repeater1[0]
REAL
   0.291349  0.00590708  -0.0138736   0.0336879
 0.00590708    0.246819 -0.00458057 -0.00359082
 -0.0138736 -0.00458057     0.20229    0.020613
  0.0336879 -0.00359082    0.020613    0.259542
IMAGINARY
          0  -0.0122135   0.0241206  -0.0164074
  0.0122135           0  0.00424346  -0.0184744
 -0.0241206 -0.00424346           0  0.00907678
  0.0164074   0.0184744 -0.00907678           0
EndNode2[0]<--->HoM1[0]
REAL
   0.274657 -0.00849811 -0.00754799   0.0572808
-0.00849811    0.250936  0.00999198   0.0408813
-0.00754799  0.00999198    0.217228   0.0236496
  0.0572808   0.0408813   0.0236496    0.257179
IMAGINARY
           0   0.00419094     0.015751   0.00948256
 -0.00419094            0  -0.00265026   0.00631707
   -0.015751   0.00265026            0  0.000222683
 -0.00948256  -0.00631707 -0.000222683            0
Repeater1[0]<--->EndNode1[0]
REAL
   0.291349  -0.0138736  0.00590708   0.0336879
 -0.0138736     0.20229 -0.00458057    0.020613
 0.00590708 -0.00458057    0.246819 -0.00359082
  0.0336879    0.020613 -0.00359082    0.259542
IMAGINARY
          0   0.0241206  -0.0122135  -0.0164074
 -0.0241206           0 -0.00424346  0.00907678
  0.0122135  0.00424346           0  -0.0184744
  0.0164074 -0.00907678   0.0184744           0
Repeater1[0]<--->HoM1[0]
REAL
   0.274657 -0.00754799 -0.00849811   0.0572808
-0.00754799    0.217228  0.00999198   0.0236496
-0.00849811  0.00999198    0.250936   0.0408813
  0.0572808   0.0236496   0.0408813    0.257179
IMAGINARY
           0     0.015751   0.00419094   0.00948256
   -0.015751            0   0.00265026  0.000222683
 -0.00419094  -0.00265026            0   0.00631707
 -0.00948256 -0.000222683  -0.00631707            0
EndNode1[0]<--->Repeater1[0]
REAL
   0.253213 -0.00395598  -0.0198486   0.0584941
-0.00395598    0.206941 -0.00140502  0.00918363
 -0.0198486 -0.00140502    0.233933  -0.0255296
  0.0584941  0.00918363  -0.0255296    0.305913
IMAGINARY
           0   -0.0098033   -0.0104878   0.00351167
   0.0098033            0   -0.0180619   0.00859621
   0.0104878    0.0180619            0  0.000345547
 -0.00351167  -0.00859621 -0.000345547            0
EndNode2[0]<--->HoM1[0]
REAL
    0.297408 -0.000582945   0.00225307    0.0685573
-0.000582945     0.200546    -0.012002   0.00802971
  0.00225307    -0.012002     0.199181    0.0198632
   0.0685573   0.00802971    0.0198632     0.302865
IMAGINARY
          0  -0.0261645 -0.00157467   0.0124929
  0.0261645           0  -0.0030351   0.0248769
 0.00157467   0.0030351           0 -0.00113242
 -0.0124929  -0.0248769  0.00113242           0
Repeater1[0]<--->EndNode1[0]
REAL
   0.253213  -0.0198486 -0.00395598   0.0584941
 -0.0198486    0.233933 -0.00140502  -0.0255296
-0.00395598 -0.00140502    0.206941  0.00918363
  0.0584941  -0.0255296  0.00918363    0.305913
IMAGINARY
           0   -0.0104878   -0.0098033   0.00351167
   0.0104878            0    0.0180619  0.000345547
   0.0098033   -0.0180619            0   0.00859621
 -0.00351167 -0.000345547  -0.00859621            0
Repeater1[0]<--->HoM1[0]
REAL
    0.297408   0.00225307 -0.000582945    0.0685573
  0.00225307     0.199181    -0.012002    0.0198632
-0.000582945    -0.012002     0.200546   0.00802971
   0.0685573    0.0198632   0.00802971     0.302865
IMAGINARY
          0 -0.00157467  -0.0261645   0.0124929
 0.00157467           0   0.0030351 -0.00113242
  0.0261645  -0.0030351           0   0.0248769
 -0.0124929  0.00113242  -0.0248769           0
EndNode1[0]<--->Repeater1[0]
REAL
    0.275946   -0.0106322 -0.000397092    0.0673246
  -0.0106322     0.217338    0.0127561  -0.00431354
-0.000397092    0.0127561      0.20757    0.0193805
   0.0673246  -0.00431354    0.0193805     0.299145
IMAGINARY
          0  -0.0127192  0.00283943 -0.00499002
  0.0127192           0  -0.0246351  -0.0129917
-0.00283943   0.0246351           0  -0.0037783
 0.00499002   0.0129917   0.0037783           0
EndNode2[0]<--->HoM1[0]
REAL
   0.289003 -0.00530549 -0.00240638   0.0783289
-0.00530549    0.209719   0.0214016  -0.0285909
-0.00240638   0.0214016    0.230179  0.00261007
  0.0783289  -0.0285909  0.00261007      0.2711
IMAGINARY
          0 -0.00572435   0.0146261  -0.0167455
 0.00572435           0   0.0192965  0.00800761
 -0.0146261  -0.0192965           0  -0.0100507
  0.0167455 -0.00800761   0.0100507           0
Repeater1[0]<--->EndNode1[0]
REAL
    0.275946 -0.000397092   -0.0106322    0.0673246
-0.000397092      0.20757    0.0127561    0.0193805
  -0.0106322    0.0127561     0.217338  -0.00431354
   0.0673246    0.0193805  -0.00431354     0.299145
IMAGINARY
          0  0.00283943  -0.0127192 -0.00499002
-0.00283943           0   0.0246351  -0.0037783
  0.0127192  -0.0246351           0  -0.0129917
 0.00499002   0.0037783   0.0129917           0
Repeater1[0]<--->HoM1[0]
REAL
   0.289003 -0.00240638 -0.00530549   0.0783289
-0.00240638    0.230179   0.0214016  0.00261007
-0.00530549   0.0214016    0.209719  -0.0285909
  0.0783289  0.00261007  -0.0285909      0.2711
IMAGINARY
          0   0.0146261 -0.00572435  -0.0167455
 -0.0146261           0  -0.0192965  -0.0100507
 0.00572435   0.0192965           0  0.00800761
  0.0167455   0.0100507 -0.00800761           0
EndNode1[0]<--->Repeater1[0]
REAL
   0.266749  -0.0103526  0.00363678   0.0553627
 -0.0103526    0.228288  0.00846707  0.00700152
 0.00363678  0.00846707    0.235732 -0.00294523
  0.0553627  0.00700152 -0.00294523    0.269231
IMAGINARY
          0  -0.0232464   0.0120989  0.00463553
  0.0232464           0 -0.00341899   0.0176237
 -0.0120989  0.00341899           0   0.0133389
-0.00463553  -0.0176237  -0.0133389           0
EndNode2[0]<--->HoM1[0]
REAL
   0.302477 -0.00420519  0.00548631   0.0493108
-0.00420519    0.230769  0.00653004  0.00670881
 0.00548631  0.00653004    0.212516  0.00613073
  0.0493108  0.00670881  0.00613073    0.254237
IMAGINARY
          0   0.0301582  -0.0199488   0.0150205
 -0.0301582           0   0.0013729  0.00123221
  0.0199488  -0.0013729           0  0.00192735
 -0.0150205 -0.00123221 -0.00192735           0
Repeater1[0]<--->EndNode1[0]
REAL
   0.266749  0.00363678  -0.0103526   0.0553627
 0.00363678    0.235732  0.00846707 -0.00294523
 -0.0103526  0.00846707    0.228288  0.00700152
  0.0553627 -0.00294523  0.00700152    0.269231
IMAGINARY
          0   0.0120989  -0.0232464  0.00463553
 -0.0120989           0  0.00341899   0.0133389
  0.0232464 -0.00341899           0   0.0176237
-0.00463553  -0.0133389  -0.0176237           0
Repeater1[0]<--->HoM1[0]
REAL
   0.302477  0.00548631 -0.00420519   0.0493108
 0.00548631    0.212516  0.00653004  0.00613073
-0.00420519  0.00653004    0.230769  0.00670881
  0.0493108  0.00613073  0.00670881    0.254237
IMAGINARY
          0  -0.0199488   0.0301582   0.0150205
  0.0199488           0  -0.0013729  0.00192735
 -0.0301582   0.0013729           0  0.00123221
 -0.0150205 -0.00192735 -0.00123221           0
EndNode1[0]<--->Repeater1[0]
REAL
   0.260658  -0.0275535   0.0220822   0.0547199
 -0.0275535    0.252132  -0.0154664   0.0133103
  0.0220822  -0.0154664    0.220463 -0.00912601
  0.0547199   0.0133103 -0.00912601    0.266748
IMAGINARY
          0  0.00671191 -0.00630037  0.00898857
-0.00671191           0  0.00581195  -0.0154388
 0.00630037 -0.00581195           0 -0.00733303
-0.00898857   0.0154388  0.00733303           0
EndNode2[0]<--->HoM1[0]
REAL
   0.296937  0.00727325 -0.00728331   0.0610588
 0.00727325    0.238349  -0.0120638  -0.0178423
-0.00728331  -0.0120638    0.194407 -0.00852953
  0.0610588  -0.0178423 -0.00852953    0.270306
IMAGINARY
          0  0.00523287 -0.00929463  -0.0142363
-0.00523287           0   0.0136152   0.0112709
 0.00929463  -0.0136152           0  -0.0230194
  0.0142363  -0.0112709   0.0230194           0
Repeater1[0]<--->EndNode1[0]
REAL
   0.260658   0.0220822  -0.0275535   0.0547199
  0.0220822    0.220463  -0.0154664 -0.00912601
 -0.0275535  -0.0154664    0.252132   0.0133103
  0.0547199 -0.00912601   0.0133103    0.266748
IMAGINARY
          0 -0.00630037  0.00671191  0.00898857
 0.00630037           0 -0.00581195 -0.00733303
-0.00671191  0.00581195           0  -0.0154388
-0.00898857  0.00733303   0.0154388           0
Repeater1[0]<--->HoM1[0]
REAL
   0.296937 -0.00728331  0.00727325   0.0610588
-0.00728331    0.194407  -0.0120638 -0.00852953
 0.00727325  -0.0120638    0.238349  -0.0178423
  0.0610588 -0.00852953  -0.0178423    0.270306
IMAGINARY
          0 -0.00929463  0.00523287  -0.0142363
 0.00929463           0  -0.0136152  -0.0230194
-0.00523287   0.0136152           0   0.0112709
  0.0142363   0.0230194  -0.0112709           0
EndNode1[0]<--->Repeater1[0]
REAL
    0.311914  0.000649351   0.00607882    0.0561941
 0.000649351     0.204819  -0.00063857   -0.0184245
  0.00607882  -0.00063857     0.208835 -0.000649351
   0.0561941   -0.0184245 -0.000649351     0.274431
IMAGINARY
          0  0.00324519  -0.0149975 -0.00299043
-0.00324519           0 -0.00299043  -0.0137381
  0.0149975  0.00299043           0   0.0114419
 0.00299043   0.0137381  -0.0114419           0
EndNode2[0]<--->HoM1[0]
REAL
    0.29281 -0.00123765  -0.0151731   0.0746175
-0.00123765     0.20915  0.00912633 -0.00329978
 -0.0151731  0.00912633    0.222222   6.127e-06
  0.0746175 -0.00329978   6.127e-06    0.275817
IMAGINARY
          0  0.00388601 -0.00599165   0.0093453
-0.00388601           0 -0.00219316  0.00473221
 0.00599165  0.00219316           0 -0.00388601
 -0.0093453 -0.00473221  0.00388601           0
Repeater1[0]<--->EndNode1[0]
REAL
    0.311914   0.00607882  0.000649351    0.0561941
  0.00607882     0.208835  -0.00063857 -0.000649351
 0.000649351  -0.00063857     0.204819   -0.0184245
   0.0561941 -0.000649351   -0.0184245     0.274431
IMAGINARY
          0  -0.0149975  0.00324519 -0.00299043
  0.0149975           0  0.00299043   0.0114419
-0.00324519 -0.00299043           0  -0.0137381
 0.00299043  -0.0114419   0.0137381           0
Repeater1[0]<--->HoM1[0]
REAL
    0.29281  -0.0151731 -0.00123765   0.0746175
 -0.0151731    0.222222  0.00912633   6.127e-06
-0.00123765  0.00912633     0.20915 -0.00329978
  0.0746175   6.127e-06 -0.00329978    0.275817
IMAGINARY
          0 -0.00599165  0.00388601   0.0093453
 0.00599165           0  0.00219316 -0.00388601
-0.00388601 -0.00219316           0  0.00473221
 -0.0093453  0.00388601 -0.00473221           0
EndNode1[0]<--->Repeater1[0]
REAL
   0.270014  0.00163608  -0.0141335   0.0344846
 0.00163608    0.232022 0.000726653   0.0109325
 -0.0141335 0.000726653    0.257802  0.00668658
  0.0344846   0.0109325  0.00668658    0.240163
IMAGINARY
          0   0.0170893 -0.00746974 -0.00662071
 -0.0170893           0   0.0180131  0.00301114
 0.00746974  -0.0180131           0  0.00010816
 0.00662071 -0.00301114 -0.00010816           0
EndNode2[0]<--->HoM1[0]
REAL
   0.287532  -0.0327264  0.00341385   0.0362329
 -0.0327264    0.222646  -0.0107427 -0.00406745
 0.00341385  -0.0107427    0.206107  -0.0215219
  0.0362329 -0.00406745  -0.0215219    0.283715
IMAGINARY
          0  -0.0157542  0.00032175  -0.0186265
  0.0157542           0 -0.00168801  0.00032175
-0.00032175  0.00168801           0  0.00224067
  0.0186265 -0.00032175 -0.00224067           0
Repeater1[0]<--->EndNode1[0]
REAL
   0.270014  -0.0141335  0.00163608   0.0344846
 -0.0141335    0.257802 0.000726653  0.00668658
 0.00163608 0.000726653    0.232022   0.0109325
  0.0344846  0.00668658   0.0109325    0.240163
IMAGINARY
          0 -0.00746974   0.0170893 -0.00662071
 0.00746974           0  -0.0180131  0.00010816
 -0.0170893   0.0180131           0  0.00301114
 0.00662071 -0.00010816 -0.00301114           0
Repeater1[0]<--->HoM1[0]
REAL
   0.287532  0.00341385  -0.0327264   0.0362329
 0.00341385    0.206107  -0.0107427  -0.0215219
 -0.0327264  -0.0107427    0.222646 -0.00406745
  0.0362329  -0.0215219 -0.00406745    0.283715
IMAGINARY
          0  0.00032175  -0.0157542  -0.0186265
-0.00032175           0  0.00168801  0.00224067
  0.0157542 -0.00168801           0  0.00032175
  0.0186265 -0.00224067 -0.00032175           0
EndNode1[0]<--->Repeater1[0]
REAL
    0.28294  -0.0153137   0.0107395   0.0537579
 -0.0153137    0.221914   -0.019827  0.00270485
  0.0107395   -0.019827    0.213592 -0.00197186
  0.0537579  0.00270485 -0.00197186    0.281553
IMAGINARY
           0  -0.00844435 -0.000330752  -0.00312934
  0.00844435            0  -0.00504505   -0.0116189
 0.000330752   0.00504505            0   -0.0185997
  0.00312934    0.0116189    0.0185997            0
EndNode2[0]<--->HoM1[0]
REAL
     0.2875 -0.00702458  0.00942211   0.0513433
-0.00702458       0.205  0.00518941 -0.00816583
 0.00942211  0.00518941       0.215  -0.0155885
  0.0513433 -0.00816583  -0.0155885      0.2925
IMAGINARY
          0  -0.0230778 -0.00675428 -0.00694447
  0.0230778           0 -0.00437377  0.00547223
 0.00675428  0.00437377           0   0.0064111
 0.00694447 -0.00547223  -0.0064111           0
Repeater1[0]<--->EndNode1[0]
REAL
    0.28294   0.0107395  -0.0153137   0.0537579
  0.0107395    0.213592   -0.019827 -0.00197186
 -0.0153137   -0.019827    0.221914  0.00270485
  0.0537579 -0.00197186  0.00270485    0.281553
IMAGINARY
           0 -0.000330752  -0.00844435  -0.00312934
 0.000330752            0   0.00504505   -0.0185997
  0.00844435  -0.00504505            0   -0.0116189
  0.00312934    0.0185997    0.0116189            0
Repeater1[0]<--->HoM1[0]
REAL
     0.2875  0.00942211 -0.00702458   0.0513433
 0.00942211       0.215  0.00518941  -0.0155885
-0.00702458  0.00518941       0.205 -0.00816583
  0.0513433  -0.0155885 -0.00816583      0.2925
IMAGINARY
          0 -0.00675428  -0.0230778 -0.00694447
 0.00675428           0  0.00437377   0.0064111
  0.0230778 -0.00437377           0  0.00547223
 0.00694447  -0.0064111 -0.00547223           0
EndNode1[0]<--->Repeater1[0]
REAL
   0.271277 -0.00110513   0.0038657   0.0504605
-0.00110513    0.212766 -0.00703947  -0.0354446
  0.0038657 -0.00703947    0.227394   0.0050525
  0.0504605  -0.0354446   0.0050525    0.288564
IMAGINARY
           0 -0.000214422  -0.00931452   -0.0319353
 0.000214422            0  -0.00661888   0.00681452
  0.00931452   0.00661888            0   -0.0122856
   0.0319353  -0.00681452    0.0122856            0
EndNode2[0]<--->HoM1[0]
REAL
  0.282383 -0.0211098 -0.0201648   0.036686
-0.0211098   0.217617 0.00816889 -0.0101782
-0.0201648 0.00816889   0.222798 0.00264017
  0.036686 -0.0101782 0.00264017   0.277202
IMAGINARY
          0  -0.0155529  -0.0202064  0.00134477
  0.0155529           0   0.0129409  0.00436359
  0.0202064  -0.0129409           0  0.00351232
-0.00134477 -0.00436359 -0.00351232           0
Repeater1[0]<--->EndNode1[0]
REAL
   0.271277   0.0038657 -0.00110513   0.0504605
  0.0038657    0.227394 -0.00703947   0.0050525
-0.00110513 -0.00703947    0.212766  -0.0354446
  0.0504605   0.0050525  -0.0354446    0.288564
IMAGINARY
           0  -0.00931452 -0.000214422   -0.0319353
  0.00931452            0   0.00661888   -0.0122856
 0.000214422  -0.00661888            0   0.00681452
   0.0319353    0.0122856  -0.00681452            0
Repeater1[0]<--->HoM1[0]
REAL
  0.282383 -0.0201648 -0.0211098   0.036686
-0.0201648   0.222798 0.00816889 0.00264017
-0.0211098 0.00816889   0.217617 -0.0101782
  0.036686 0.00264017 -0.0101782   0.277202
IMAGINARY
          0  -0.0202064  -0.0155529  0.00134477
  0.0202064           0  -0.0129409  0.00351232
  0.0155529   0.0129409           0  0.00436359
-0.00134477 -0.00351232 -0.00436359           0
EndNode1[0]<--->Repeater1[0]
REAL
   0.271226  -0.0116085 -0.00309156   0.0700865
 -0.0116085    0.213443   -0.006311   0.0120201
-0.00309156   -0.006311    0.207547 -0.00242213
  0.0700865   0.0120201 -0.00242213    0.307783
IMAGINARY
          0   0.0119087  -0.0220258  0.00622282
 -0.0119087           0   0.0101088   0.0164357
  0.0220258  -0.0101088           0  -0.0125298
-0.00622282  -0.0164357   0.0125298           0
EndNode2[0]<--->HoM1[0]
REAL
  0.292839 -0.0167873  0.0124938  0.0602752
-0.0167873   0.213555 0.00103956 -0.0257682
 0.0124938 0.00103956   0.194373 -0.0154504
 0.0602752 -0.0257682 -0.0154504   0.299233
IMAGINARY
           0  -0.00338233   -0.0139868    0.0230438
  0.00338233            0   0.00865085 -0.000662849
   0.0139868  -0.00865085            0  0.000197619
  -0.0230438  0.000662849 -0.000197619            0
Repeater1[0]<--->EndNode1[0]
REAL
   0.271226 -0.00309156  -0.0116085   0.0700865
-0.00309156    0.207547   -0.006311 -0.00242213
 -0.0116085   -0.006311    0.213443   0.0120201
  0.0700865 -0.00242213   0.0120201    0.307783
IMAGINARY
          0  -0.0220258   0.0119087  0.00622282
  0.0220258           0  -0.0101088  -0.0125298
 -0.0119087   0.0101088           0   0.0164357
-0.00622282   0.0125298  -0.0164357           0
Repeater1[0]<--->HoM1[0]
REAL
  0.292839  0.0124938 -0.0167873  0.0602752
 0.0124938   0.194373 0.00103956 -0.0154504
-0.0167873 0.00103956   0.213555 -0.0257682
 0.0602752 -0.0154504 -0.0257682   0.299233
IMAGINARY
           0   -0.0139868  -0.00338233    0.0230438
   0.0139868            0  -0.00865085  0.000197619
  0.00338233   0.00865085            0 -0.000662849
  -0.0230438 -0.000197619  0.000662849            0
EndNode1[0]<--->Repeater1[0]
REAL
   0.296482   -0.003593 -0.00688499   0.0604081
  -0.003593    0.203518   0.0132634 -0.00881549
-0.00688499   0.0132634    0.243719  -0.0133152
  0.0604081 -0.00881549  -0.0133152    0.256281
IMAGINARY
          0   0.0117271 -0.00438498 -0.00687464
 -0.0117271           0 -0.00379203  0.00504899
 0.00438498  0.00379203           0  -0.0216872
 0.00687464 -0.00504899   0.0216872           0
EndNode2[0]<--->HoM1[0]
REAL
    0.28934  -0.0136829   -0.024908   0.0464115
 -0.0136829    0.201777 0.000956938 -0.00930252
  -0.024908 0.000956938    0.234772 -0.00736975
  0.0464115 -0.00930252 -0.00736975    0.274112
IMAGINARY
          0 -0.00827583  -0.0247215  -0.0165889
 0.00827583           0  -0.0145369  0.00350937
  0.0247215   0.0145369           0  -0.0129363
  0.0165889 -0.00350937   0.0129363           0
Repeater1[0]<--->EndNode1[0]
REAL
   0.296482 -0.00688499   -0.003593   0.0604081
-0.00688499    0.243719   0.0132634  -0.0133152
  -0.003593   0.0132634    0.203518 -0.00881549
  0.0604081  -0.0133152 -0.00881549    0.256281
IMAGINARY
          0 -0.00438498   0.0117271 -0.00687464
 0.00438498           0  0.00379203  -0.0216872
 -0.0117271 -0.00379203           0  0.00504899
 0.00687464   0.0216872 -0.00504899           0
Repeater1[0]<--->HoM1[0]
REAL
    0.28934   -0.024908  -0.0136829   0.0464115
  -0.024908    0.234772 0.000956938 -0.00736975
 -0.0136829 0.000956938    0.201777 -0.00930252
  0.0464115 -0.00736975 -0.00930252    0.274112
IMAGINARY
          0  -0.0247215 -0.00827583  -0.0165889
  0.0247215           0   0.0145369  -0.0129363
 0.00827583  -0.0145369           0  0.00350937
  0.0165889   0.0129363 -0.00350937           0
EndNode1[0]<--->Repeater1[0]
REAL
    0.256991    0.0245146   0.00226951    0.0474258
   0.0245146     0.238349   0.00310616 -0.000939728
  0.00226951   0.00310616     0.233023   -0.0125465
   0.0474258 -0.000939728   -0.0125465     0.271638
IMAGINARY
           0  0.000856007  -0.00315167  -0.00964182
-0.000856007            0  -0.00066746   -0.0211929
  0.00315167   0.00066746            0  -0.00772242
  0.00964182    0.0211929   0.00772242            0
EndNode2[0]<--->HoM1[0]
REAL
   0.311111   0.0147315  -0.0187645   0.0484784
  0.0147315    0.235802  0.00347841 -0.00620172
 -0.0187645  0.00347841    0.190123  -0.0100081
  0.0484784 -0.00620172  -0.0100081    0.262963
IMAGINARY
          0   0.0248116  -0.0157853  0.00155899
 -0.0248116           0  0.00405899 -0.00296474
  0.0157853 -0.00405899           0 -0.00356163
-0.00155899  0.00296474  0.00356163           0
Repeater1[0]<--->EndNode1[0]
REAL
    0.256991   0.00226951    0.0245146    0.0474258
  0.00226951     0.233023   0.00310616   -0.0125465
   0.0245146   0.00310616     0.238349 -0.000939728
   0.0474258   -0.0125465 -0.000939728     0.271638
IMAGINARY
           0  -0.00315167  0.000856007  -0.00964182
  0.00315167            0   0.00066746  -0.00772242
-0.000856007  -0.00066746            0   -0.0211929
  0.00964182   0.00772242    0.0211929            0
Repeater1[0]<--->HoM1[0]
REAL
   0.311111  -0.0187645   0.0147315   0.0484784
 -0.0187645    0.190123  0.00347841  -0.0100081
  0.0147315  0.00347841    0.235802 -0.00620172
  0.0484784  -0.0100081 -0.00620172    0.262963
IMAGINARY
          0  -0.0157853   0.0248116  0.00155899
  0.0157853           0 -0.00405899 -0.00356163
 -0.0248116  0.00405899           0 -0.00296474
-0.00155899  0.00356163  0.00296474           0
EndNode1[0]<--->Repeater1[0]
REAL
    0.272973   0.00222653    0.0208356     0.035605
  0.00222653     0.236486  -0.00779126    0.0134464
   0.0208356  -0.00779126     0.237838 -0.000286036
    0.035605    0.0134464 -0.000286036     0.252703
IMAGINARY
          0  -0.0063263  -0.0106141   0.0164764
  0.0063263           0  0.00140436  0.00998516
  0.0106141 -0.00140436           0 -0.00436552
 -0.0164764 -0.00998516  0.00436552           0
EndNode2[0]<--->HoM1[0]
REAL
   0.273325 -0.00332412 -0.00223298   0.0431762
-0.00332412    0.233903  -0.0169262  0.00598298
-0.00223298  -0.0169262    0.203679 -0.00917588
  0.0431762  0.00598298 -0.00917588    0.289093
IMAGINARY
          0  -0.0105757   0.0139116  0.00644326
  0.0105757           0 -0.00365775  0.00654879
 -0.0139116  0.00365775           0  0.00290309
-0.00644326 -0.00654879 -0.00290309           0
Repeater1[0]<--->EndNode1[0]
REAL
    0.272973    0.0208356   0.00222653     0.035605
   0.0208356     0.237838  -0.00779126 -0.000286036
  0.00222653  -0.00779126     0.236486    0.0134464
    0.035605 -0.000286036    0.0134464     0.252703
IMAGINARY
          0  -0.0106141  -0.0063263   0.0164764
  0.0106141           0 -0.00140436 -0.00436552
  0.0063263  0.00140436           0  0.00998516
 -0.0164764  0.00436552 -0.00998516           0
Repeater1[0]<--->HoM1[0]
REAL
   0.273325 -0.00223298 -0.00332412   0.0431762
-0.00223298    0.203679  -0.0169262 -0.00917588
-0.00332412  -0.0169262    0.233903  0.00598298
  0.0431762 -0.00917588  0.00598298    0.289093
IMAGINARY
          0   0.0139116  -0.0105757  0.00644326
 -0.0139116           0  0.00365775  0.00290309
  0.0105757 -0.00365775           0  0.00654879
-0.00644326 -0.00290309 -0.00654879           0
EndNode1[0]<--->Repeater1[0]
REAL
  0.255629 0.00253236  0.0156297  0.0573765
0.00253236   0.235762 0.00167865 0.00274305
 0.0156297 0.00167865   0.256954  0.0158403
 0.0573765 0.00274305  0.0158403   0.251656
IMAGINARY
          0   0.0098981 -0.00891789  0.00588779
 -0.0098981           0  -0.0121535 -0.00452642
 0.00891789   0.0121535           0   0.0125091
-0.00588779  0.00452642  -0.0125091           0
EndNode2[0]<--->HoM1[0]
REAL
    0.308063 -7.48071e-05   0.00774468    0.0576809
-7.48071e-05     0.194946   0.00600132   -0.0134193
  0.00774468   0.00600132     0.238267   0.00448843
   0.0576809   -0.0134193   0.00448843     0.258724
IMAGINARY
           0  -0.00354845   0.00512205   0.00817915
  0.00354845            0  -0.00882766  4.59083e-05
 -0.00512205   0.00882766            0   -0.0029115
 -0.00817915 -4.59083e-05    0.0029115            0
Repeater1[0]<--->EndNode1[0]
REAL
  0.255629  0.0156297 0.00253236  0.0573765
 0.0156297   0.256954 0.00167865  0.0158403
0.00253236 0.00167865   0.235762 0.00274305
 0.0573765  0.0158403 0.00274305   0.251656
IMAGINARY
          0 -0.00891789   0.0098981  0.00588779
 0.00891789           0   0.0121535   0.0125091
 -0.0098981  -0.0121535           0 -0.00452642
-0.00588779  -0.0125091  0.00452642           0
Repeater1[0]<--->HoM1[0]
REAL
    0.308063   0.00774468 -7.48071e-05    0.0576809
  0.00774468     0.238267   0.00600132   0.00448843
-7.48071e-05   0.00600132     0.194946   -0.0134193
   0.0576809   0.00448843   -0.0134193     0.258724
IMAGINARY
           0   0.00512205  -0.00354845   0.00817915
 -0.00512205            0   0.00882766   -0.0029115
  0.00354845  -0.00882766            0  4.59083e-05
 -0.00817915    0.0029115 -4.59083e-05            0
EndNode1[0]<--->Repeater1[0]
REAL
   0.293017  -0.0145477 -0.00327755   0.0606132
 -0.0145477    0.213217   0.0102776  -0.0111516
-0.00327755   0.0102776    0.216958  0.00513738
  0.0606132  -0.0111516  0.00513738    0.276808
IMAGINARY
          0  -0.0164504  0.00187682 -0.00640809
  0.0164504           0 -0.00144531 -0.00254796
-0.00187682  0.00144531           0  0.00235639
 0.00640809  0.00254796 -0.00235639           0
