EndNode1[0]<--->Repeater1[0]
REAL
  0.296689  0.0246835 0.00162048  0.0454559
 0.0246835   0.300662  0.0328731  -0.000315
0.00162048  0.0328731   0.219868 -0.0246835
 0.0454559  -0.000315 -0.0246835   0.182781
IMAGINARY
           0  0.000386978   -0.0061592   0.00718148
-0.000386978            0    -0.007812   -0.0276156
   0.0061592     0.007812            0    0.0148448
 -0.00718148    0.0276156   -0.0148448            0
EndNode2[0]<--->HoM1[0]
REAL
    0.287516   -0.0139787 -0.000762805    0.0308642
  -0.0139787     0.259773    0.0246914   0.00334678
-0.000762805    0.0246914     0.234552   0.00105885
   0.0308642   0.00334678   0.00105885     0.218159
IMAGINARY
          0     0.01619  0.00280152 -0.00497936
   -0.01619           0   0.0187049   0.0181861
-0.00280152  -0.0187049           0  0.00479762
 0.00497936  -0.0181861 -0.00479762           0
Repeater1[0]<--->EndNode1[0]
REAL
  0.296689 0.00162048  0.0246835  0.0454559
0.00162048   0.219868  0.0328731 -0.0246835
 0.0246835  0.0328731   0.300662  -0.000315
 0.0454559 -0.0246835  -0.000315   0.182781
IMAGINARY
           0   -0.0061592  0.000386978   0.00718148
   0.0061592            0     0.007812    0.0148448
-0.000386978    -0.007812            0   -0.0276156
 -0.00718148   -0.0148448    0.0276156            0
Repeater1[0]<--->HoM1[0]
REAL
    0.287516 -0.000762805   -0.0139787    0.0308642
-0.000762805     0.234552    0.0246914   0.00105885
  -0.0139787    0.0246914     0.259773   0.00334678
   0.0308642   0.00105885   0.00334678     0.218159
IMAGINARY
          0  0.00280152     0.01619 -0.00497936
-0.00280152           0  -0.0187049  0.00479762
   -0.01619   0.0187049           0   0.0181861
 0.00497936 -0.00479762  -0.0181861           0
EndNode1[0]<--->Repeater1[0]
REAL
   0.313054 -0.00805373 -0.00799677   0.0273779
-0.00805373    0.278834  0.00621386  0.00928876
-0.00799677  0.00621386    0.196451  0.00288578
  0.0273779  0.00928876  0.00288578     0.21166
IMAGINARY
           0  -0.00193041    0.0281931  -0.00226346
  0.00193041            0 -0.000431958   0.00752123
  -0.0281931  0.000431958            0   0.00060766
  0.00226346  -0.00752123  -0.00060766            0
EndNode2[0]<--->HoM1[0]
REAL
  0.289973 -0.0193238 0.00573146  0.0271598
-0.0193238   0.239837  0.0278274  0.0147289
0.00573146  0.0278274   0.243902  0.0039785
 0.0271598  0.0147289  0.0039785   0.226287
IMAGINARY
          0  -0.0153338  0.00638824 -0.00810011
  0.0153338           0 -0.00449434  0.00896556
-0.00638824  0.00449434           0   0.0146662
 0.00810011 -0.00896556  -0.0146662           0
Repeater1[0]<--->EndNode1[0]
REAL
   0.313054 -0.00799677 -0.00805373   0.0273779
-0.00799677    0.196451  0.00621386  0.00288578
-0.00805373  0.00621386    0.278834  0.00928876
  0.0273779  0.00288578  0.00928876     0.21166
IMAGINARY
           0    0.0281931  -0.00193041  -0.00226346
  -0.0281931            0  0.000431958   0.00060766
  0.00193041 -0.000431958            0   0.00752123
  0.00226346  -0.00060766  -0.00752123            0
Repeater1[0]<--->HoM1[0]
REAL
  0.289973 0.00573146 -0.0193238  0.0271598
0.00573146   0.243902  0.0278274  0.0039785
-0.0193238  0.0278274   0.239837  0.0147289
 0.0271598  0.0039785  0.0147289   0.226287
IMAGINARY
          0  0.00638824  -0.0153338 -0.00810011
-0.00638824           0  0.00449434   0.0146662
  0.0153338 -0.00449434           0  0.00896556
 0.00810011  -0.0146662 -0.00896556           0
EndNode1[0]<--->Repeater1[0]
REAL
   0.281915  -0.0207003  0.00395217   0.0346816
 -0.0207003    0.283245  -0.0125577 -0.00205584
 0.00395217  -0.0125577    0.200798 -0.00268785
  0.0346816 -0.00205584 -0.00268785    0.234043
IMAGINARY
          0 -0.00632644  0.00191177 -0.00102311
 0.00632644           0  -0.0022794  0.00974467
-0.00191177   0.0022794           0  -0.0212809
 0.00102311 -0.00974467   0.0212809           0
EndNode2[0]<--->HoM1[0]
REAL
    0.29776   0.0115847 -0.00360603   0.0573169
  0.0115847    0.245059   0.0222851  -0.0237572
-0.00360603   0.0222851    0.241107 -0.00412206
  0.0573169  -0.0237572 -0.00412206    0.216074
IMAGINARY
          0  0.00700637  0.00990234   0.0284208
-0.00700637           0   0.0039175    0.008569
-0.00990234  -0.0039175           0  0.00382166
 -0.0284208   -0.008569 -0.00382166           0
Repeater1[0]<--->EndNode1[0]
REAL
   0.281915  0.00395217  -0.0207003   0.0346816
 0.00395217    0.200798  -0.0125577 -0.00268785
 -0.0207003  -0.0125577    0.283245 -0.00205584
  0.0346816 -0.00268785 -0.00205584    0.234043
IMAGINARY
          0  0.00191177 -0.00632644 -0.00102311
-0.00191177           0   0.0022794  -0.0212809
 0.00632644  -0.0022794           0  0.00974467
 0.00102311   0.0212809 -0.00974467           0
Repeater1[0]<--->HoM1[0]
REAL
    0.29776 -0.00360603   0.0115847   0.0573169
-0.00360603    0.241107   0.0222851 -0.00412206
  0.0115847   0.0222851    0.245059  -0.0237572
  0.0573169 -0.00412206  -0.0237572    0.216074
IMAGINARY
          0  0.00990234  0.00700637   0.0284208
-0.00990234           0  -0.0039175  0.00382166
-0.00700637   0.0039175           0    0.008569
 -0.0284208 -0.00382166   -0.008569           0
EndNode1[0]<--->Repeater1[0]
REAL
   0.291237  0.00633331   0.0202011   0.0207091
 0.00633331    0.277062   0.0200689 -0.00702666
  0.0202011   0.0200689    0.208763   0.0193881
  0.0207091 -0.00702666   0.0193881    0.222938
IMAGINARY
          0   0.0185766 -0.00432913 -0.00659286
 -0.0185766           0   0.0109624  0.00881056
 0.00432913  -0.0109624           0   0.0102326
 0.00659286 -0.00881056  -0.0102326           0
EndNode2[0]<--->HoM1[0]
REAL
    0.28195 -0.00796844 -0.00595453   0.0346077
-0.00796844    0.242424   0.0339708 -0.00027988
-0.00595453   0.0339708    0.264822  0.00173402
  0.0346077 -0.00027988  0.00173402    0.210804
IMAGINARY
           0   0.00557425   0.00671104    0.0150107
 -0.00557425            0 -0.000508838   -0.0124435
 -0.00671104  0.000508838            0   -0.0151284
  -0.0150107    0.0124435    0.0151284            0
Repeater1[0]<--->EndNode1[0]
REAL
   0.291237   0.0202011  0.00633331   0.0207091
  0.0202011    0.208763   0.0200689   0.0193881
 0.00633331   0.0200689    0.277062 -0.00702666
  0.0207091   0.0193881 -0.00702666    0.222938
IMAGINARY
          0 -0.00432913   0.0185766 -0.00659286
 0.00432913           0  -0.0109624   0.0102326
 -0.0185766   0.0109624           0  0.00881056
 0.00659286  -0.0102326 -0.00881056           0
Repeater1[0]<--->HoM1[0]
REAL
    0.28195 -0.00595453 -0.00796844   0.0346077
-0.00595453    0.264822   0.0339708  0.00173402
-0.00796844   0.0339708    0.242424 -0.00027988
  0.0346077  0.00173402 -0.00027988    0.210804
IMAGINARY
           0   0.00671104   0.00557425    0.0150107
 -0.00671104            0  0.000508838   -0.0151284
 -0.00557425 -0.000508838            0   -0.0124435
  -0.0150107    0.0151284    0.0124435            0
EndNode1[0]<--->Repeater1[0]
REAL
    0.30625  -0.0169048  0.00167837    0.035212
 -0.0169048     0.26375   0.0216985   0.0105168
 0.00167837   0.0216985       0.225 -0.00477542
   0.035212   0.0105168 -0.00477542       0.205
IMAGINARY
          0   0.0256988   0.0197024  -0.0161134
 -0.0256988           0 -0.00367555 -0.00876292
 -0.0197024  0.00367555           0  0.00969371
  0.0161134  0.00876292 -0.00969371           0
EndNode2[0]<--->HoM1[0]
REAL
  0.306513 -0.0233636  0.0166832  0.0209643
-0.0233636   0.233716  0.0331594 -0.0102399
 0.0166832  0.0331594   0.233716 0.00403368
 0.0209643 -0.0102399 0.00403368   0.226054
IMAGINARY
         0  0.0126389  0.0175681  0.0156587
-0.0126389          0 -0.0117727  0.0292868
-0.0175681  0.0117727          0  0.0188117
-0.0156587 -0.0292868 -0.0188117          0
Repeater1[0]<--->EndNode1[0]
REAL
    0.30625  0.00167837  -0.0169048    0.035212
 0.00167837       0.225   0.0216985 -0.00477542
 -0.0169048   0.0216985     0.26375   0.0105168
   0.035212 -0.00477542   0.0105168       0.205
IMAGINARY
          0   0.0197024   0.0256988  -0.0161134
 -0.0197024           0  0.00367555  0.00969371
 -0.0256988 -0.00367555           0 -0.00876292
  0.0161134 -0.00969371  0.00876292           0
Repeater1[0]<--->HoM1[0]
REAL
  0.306513  0.0166832 -0.0233636  0.0209643
 0.0166832   0.233716  0.0331594 0.00403368
-0.0233636  0.0331594   0.233716 -0.0102399
 0.0209643 0.00403368 -0.0102399   0.226054
IMAGINARY
         0  0.0175681  0.0126389  0.0156587
-0.0175681          0  0.0117727  0.0188117
-0.0126389 -0.0117727          0  0.0292868
-0.0156587 -0.0188117 -0.0292868          0
EndNode1[0]<--->Repeater1[0]
REAL
   0.301435  -0.0116235  0.00377155   0.0350835
 -0.0116235    0.235646    0.034453 -0.00575831
 0.00377155    0.034453     0.23445  -0.0128798
  0.0350835 -0.00575831  -0.0128798    0.228469
IMAGINARY
           0   0.00701049   -0.0147035    0.0046415
 -0.00701049            0   0.00658703  0.000201629
   0.0147035  -0.00658703            0   0.00244726
  -0.0046415 -0.000201629  -0.00244726            0
EndNode2[0]<--->HoM1[0]
REAL
    0.280941 -0.000319179    0.0110789    0.0166843
-0.000319179     0.238861    0.0209097  -0.00105388
   0.0110789    0.0209097     0.259901   0.00909111
   0.0166843  -0.00105388   0.00909111     0.220297
IMAGINARY
          0 -0.00388614  -0.0111071  0.00204449
 0.00388614           0 -0.00788107    0.016741
  0.0111071  0.00788107           0 -0.00456457
-0.00204449   -0.016741  0.00456457           0
Repeater1[0]<--->EndNode1[0]
REAL
   0.301435  0.00377155  -0.0116235   0.0350835
 0.00377155     0.23445    0.034453  -0.0128798
 -0.0116235    0.034453    0.235646 -0.00575831
  0.0350835  -0.0128798 -0.00575831    0.228469
IMAGINARY
           0   -0.0147035   0.00701049    0.0046415
   0.0147035            0  -0.00658703   0.00244726
 -0.00701049   0.00658703            0  0.000201629
  -0.0046415  -0.00244726 -0.000201629            0
Repeater1[0]<--->HoM1[0]
REAL
    0.280941    0.0110789 -0.000319179    0.0166843
   0.0110789     0.259901    0.0209097   0.00909111
-0.000319179    0.0209097     0.238861  -0.00105388
   0.0166843   0.00909111  -0.00105388     0.220297
IMAGINARY
          0  -0.0111071 -0.00388614  0.00204449
  0.0111071           0  0.00788107 -0.00456457
 0.00388614 -0.00788107           0    0.016741
-0.00204449  0.00456457   -0.016741           0
EndNode1[0]<--->Repeater1[0]
REAL
   0.312746  -0.0151037   0.0266443    0.035639
 -0.0151037    0.240473   0.0193482   0.0117189
  0.0266443   0.0193482    0.220762 -0.00791418
   0.035639   0.0117189 -0.00791418    0.226018
IMAGINARY
           0 -0.000613876    0.0164294   0.00272614
 0.000613876            0     0.011961   -0.0277076
  -0.0164294    -0.011961            0  -0.00314552
 -0.00272614    0.0277076   0.00314552            0
EndNode2[0]<--->HoM1[0]
REAL
  0.274064 -0.0107362  0.0089268  0.0249691
-0.0107362   0.245989  0.0333131 -0.0254912
 0.0089268  0.0333131   0.244652 -0.0107362
 0.0249691 -0.0254912 -0.0107362   0.235294
IMAGINARY
          0   0.0138222  0.00127791  0.00100516
 -0.0138222           0   0.0126935  0.00578242
-0.00127791  -0.0126935           0  0.00992615
-0.00100516 -0.00578242 -0.00992615           0
Repeater1[0]<--->EndNode1[0]
REAL
   0.312746   0.0266443  -0.0151037    0.035639
  0.0266443    0.220762   0.0193482 -0.00791418
 -0.0151037   0.0193482    0.240473   0.0117189
   0.035639 -0.00791418   0.0117189    0.226018
IMAGINARY
           0    0.0164294 -0.000613876   0.00272614
  -0.0164294            0    -0.011961  -0.00314552
 0.000613876     0.011961            0   -0.0277076
 -0.00272614   0.00314552    0.0277076            0
Repeater1[0]<--->HoM1[0]
REAL
  0.274064  0.0089268 -0.0107362  0.0249691
 0.0089268   0.244652  0.0333131 -0.0107362
-0.0107362  0.0333131   0.245989 -0.0254912
 0.0249691 -0.0107362 -0.0254912   0.235294
IMAGINARY
          0  0.00127791   0.0138222  0.00100516
-0.00127791           0  -0.0126935  0.00992615
 -0.0138222   0.0126935           0  0.00578242
-0.00100516 -0.00992615 -0.00578242           0
EndNode1[0]<--->Repeater1[0]
REAL
   0.292526   0.0118299  0.00270844   0.0358515
  0.0118299    0.278351   0.0108835   0.0196987
 0.00270844   0.0108835    0.219072 -0.00990926
  0.0358515   0.0196987 -0.00990926    0.210052
IMAGINARY
          0  0.00142179   0.0108245 -0.00940497
-0.00142179           0  -0.0126729   0.0013394
 -0.0108245   0.0126729           0 -0.00974446
 0.00940497  -0.0013394  0.00974446           0
EndNode2[0]<--->HoM1[0]
REAL
  0.279279 -0.0127146  0.0022509  0.0246329
-0.0127146   0.226512  0.0277231 -0.0179577
 0.0022509  0.0277231   0.229086 0.00486118
 0.0246329 -0.0179577 0.00486118   0.265122
IMAGINARY
          0   0.0118473  -0.0103155   0.0238359
 -0.0118473           0 -0.00261573  0.00475304
  0.0103155  0.00261573           0  -0.0050488
 -0.0238359 -0.00475304   0.0050488           0
Repeater1[0]<--->EndNode1[0]
REAL
   0.292526  0.00270844   0.0118299   0.0358515
 0.00270844    0.219072   0.0108835 -0.00990926
  0.0118299   0.0108835    0.278351   0.0196987
  0.0358515 -0.00990926   0.0196987    0.210052
IMAGINARY
          0   0.0108245  0.00142179 -0.00940497
 -0.0108245           0   0.0126729 -0.00974446
-0.00142179  -0.0126729           0   0.0013394
 0.00940497  0.00974446  -0.0013394           0
Repeater1[0]<--->HoM1[0]
REAL
  0.279279  0.0022509 -0.0127146  0.0246329
 0.0022509   0.229086  0.0277231 0.00486118
-0.0127146  0.0277231   0.226512 -0.0179577
 0.0246329 0.00486118 -0.0179577   0.265122
IMAGINARY
          0  -0.0103155   0.0118473   0.0238359
  0.0103155           0  0.00261573  -0.0050488
 -0.0118473 -0.00261573           0  0.00475304
 -0.0238359   0.0050488 -0.00475304           0
EndNode1[0]<--->Repeater1[0]
REAL
   0.294344   0.0199582  0.00517643  0.00846317
  0.0199582    0.272494   0.0146976 -0.00108924
 0.00517643   0.0146976    0.218509 0.000477724
 0.00846317 -0.00108924 0.000477724    0.214653
IMAGINARY
          0   -0.017612  0.00992877  -0.0139299
   0.017612           0  0.00114218 -0.00244747
-0.00992877 -0.00114218           0  0.00264942
  0.0139299  0.00244747 -0.00264942           0
EndNode2[0]<--->HoM1[0]
REAL
   0.293059    0.005858   -0.011173   0.0384266
   0.005858    0.253213   0.0378008 0.000837098
  -0.011173   0.0378008    0.239075  0.00964588
  0.0384266 0.000837098  0.00964588    0.214653
IMAGINARY
          0  0.00907216   0.0142476   0.0269981
-0.00907216           0 -0.00735301 -0.00110619
 -0.0142476  0.00735301           0  -0.0259683
 -0.0269981  0.00110619   0.0259683           0
Repeater1[0]<--->EndNode1[0]
REAL
   0.294344  0.00517643   0.0199582  0.00846317
 0.00517643    0.218509   0.0146976 0.000477724
  0.0199582   0.0146976    0.272494 -0.00108924
 0.00846317 0.000477724 -0.00108924    0.214653
IMAGINARY
          0  0.00992877   -0.017612  -0.0139299
-0.00992877           0 -0.00114218  0.00264942
   0.017612  0.00114218           0 -0.00244747
  0.0139299 -0.00264942  0.00244747           0
Repeater1[0]<--->HoM1[0]
REAL
   0.293059   -0.011173    0.005858   0.0384266
  -0.011173    0.239075   0.0378008  0.00964588
   0.005858   0.0378008    0.253213 0.000837098
  0.0384266  0.00964588 0.000837098    0.214653
IMAGINARY
          0   0.0142476  0.00907216   0.0269981
 -0.0142476           0  0.00735301  -0.0259683
-0.00907216 -0.00735301           0 -0.00110619
 -0.0269981   0.0259683  0.00110619           0
EndNode1[0]<--->Repeater1[0]
REAL
  0.274026 -0.0140789 -0.0093523  0.0245768
-0.0140789   0.309091 0.00698886  0.0043018
-0.0093523 0.00698886        0.2 0.00776576
 0.0245768  0.0043018 0.00776576   0.216883
IMAGINARY
           0   0.00628618 -0.000458282    0.0285404
 -0.00628618            0   0.00765265   0.00422713
 0.000458282  -0.00765265            0   0.00502035
  -0.0285404  -0.00422713  -0.00502035            0
EndNode2[0]<--->HoM1[0]
REAL
   0.29435 -0.0102253 0.00618175  0.0428472
-0.0102253   0.233903  0.0246181  0.0108422
0.00618175  0.0246181   0.275953  0.0259882
 0.0428472  0.0108422  0.0259882   0.195795
IMAGINARY
          0 -0.00271936   0.0116293  0.00446363
 0.00271936           0 -0.00385903  0.00399571
 -0.0116293  0.00385903           0  0.00532353
-0.00446363 -0.00399571 -0.00532353           0
Repeater1[0]<--->EndNode1[0]
REAL
  0.274026 -0.0093523 -0.0140789  0.0245768
-0.0093523        0.2 0.00698886 0.00776576
-0.0140789 0.00698886   0.309091  0.0043018
 0.0245768 0.00776576  0.0043018   0.216883
IMAGINARY
           0 -0.000458282   0.00628618    0.0285404
 0.000458282            0  -0.00765265   0.00502035
 -0.00628618   0.00765265            0   0.00422713
  -0.0285404  -0.00502035  -0.00422713            0
Repeater1[0]<--->HoM1[0]
REAL
   0.29435 0.00618175 -0.0102253  0.0428472
0.00618175   0.275953  0.0246181  0.0259882
-0.0102253  0.0246181   0.233903  0.0108422
 0.0428472  0.0259882  0.0108422   0.195795
IMAGINARY
          0   0.0116293 -0.00271936  0.00446363
 -0.0116293           0  0.00385903  0.00532353
 0.00271936 -0.00385903           0  0.00399571
-0.00446363 -0.00532353 -0.00399571           0
EndNode1[0]<--->Repeater1[0]
REAL
    0.28972   0.0153457    0.014619   0.0470622
  0.0153457    0.269693   0.0289275 -0.00376333
   0.014619   0.0289275    0.220294     0.01339
  0.0470622 -0.00376333     0.01339    0.220294
IMAGINARY
          0  -0.0122319  0.00863889   0.0030027
  0.0122319           0   0.0312078 -0.00604821
-0.00863889  -0.0312078           0  -0.0059028
 -0.0030027  0.00604821   0.0059028           0
EndNode2[0]<--->HoM1[0]
REAL
    0.273458   -0.0048386   -0.0155387    0.0464018
  -0.0048386     0.257373    0.0147395   0.00874523
  -0.0155387    0.0147395     0.227882 -0.000596179
   0.0464018   0.00874523 -0.000596179     0.241287
IMAGINARY
           0 -0.000609405    -0.015217  -0.00298242
 0.000609405            0   0.00740719   0.00202438
    0.015217  -0.00740719            0   0.00192867
  0.00298242  -0.00202438  -0.00192867            0
Repeater1[0]<--->EndNode1[0]
REAL
    0.28972    0.014619   0.0153457   0.0470622
   0.014619    0.220294   0.0289275     0.01339
  0.0153457   0.0289275    0.269693 -0.00376333
  0.0470622     0.01339 -0.00376333    0.220294
IMAGINARY
          0  0.00863889  -0.0122319   0.0030027
-0.00863889           0  -0.0312078  -0.0059028
  0.0122319   0.0312078           0 -0.00604821
 -0.0030027   0.0059028  0.00604821           0
Repeater1[0]<--->HoM1[0]
REAL
    0.273458   -0.0155387   -0.0048386    0.0464018
  -0.0155387     0.227882    0.0147395 -0.000596179
  -0.0048386    0.0147395     0.257373   0.00874523
   0.0464018 -0.000596179   0.00874523     0.241287
IMAGINARY
           0    -0.015217 -0.000609405  -0.00298242
    0.015217            0  -0.00740719   0.00192867
 0.000609405   0.00740719            0   0.00202438
  0.00298242  -0.00192867  -0.00202438            0
EndNode1[0]<--->Repeater1[0]
REAL
   0.295396  -0.0109016   0.0101595   0.0328265
 -0.0109016    0.237852   0.0152255 -0.00756206
  0.0101595   0.0152255      0.2289 -0.00208545
  0.0328265 -0.00756206 -0.00208545    0.237852
IMAGINARY
           0  0.000699872   -0.0169875    0.0111755
-0.000699872            0    0.0154912    0.0124243
   0.0169875   -0.0154912            0   -0.0196047
  -0.0111755   -0.0124243    0.0196047            0
EndNode2[0]<--->HoM1[0]
REAL
    0.294271    0.0270404    0.0136658    0.0361022
   0.0270404     0.203125   0.00715481   0.00160142
   0.0136658   0.00715481     0.240885 -0.000322813
   0.0361022   0.00160142 -0.000322813     0.261719
IMAGINARY
          0 -0.00685343 -0.00941767 -0.00810324
 0.00685343           0 -0.00810324   0.0107335
 0.00941767  0.00810324           0  -0.0234097
 0.00810324  -0.0107335   0.0234097           0
Repeater1[0]<--->EndNode1[0]
REAL
   0.295396   0.0101595  -0.0109016   0.0328265
  0.0101595      0.2289   0.0152255 -0.00208545
 -0.0109016   0.0152255    0.237852 -0.00756206
  0.0328265 -0.00208545 -0.00756206    0.237852
IMAGINARY
           0   -0.0169875  0.000699872    0.0111755
   0.0169875            0   -0.0154912   -0.0196047
-0.000699872    0.0154912            0    0.0124243
  -0.0111755    0.0196047   -0.0124243            0
Repeater1[0]<--->HoM1[0]
REAL
    0.294271    0.0136658    0.0270404    0.0361022
   0.0136658     0.240885   0.00715481 -0.000322813
   0.0270404   0.00715481     0.203125   0.00160142
   0.0361022 -0.000322813   0.00160142     0.261719
IMAGINARY
          0 -0.00941767 -0.00685343 -0.00810324
 0.00941767           0  0.00810324  -0.0234097
 0.00685343 -0.00810324           0   0.0107335
 0.00810324   0.0234097  -0.0107335           0
EndNode1[0]<--->Repeater1[0]
REAL
   0.296875  -0.0125236 -0.00342252   0.0158514
 -0.0125236    0.255208   0.0244509 -0.00539361
-0.00342252   0.0244509     0.21224 -0.00258979
  0.0158514 -0.00539361 -0.00258979    0.235677
IMAGINARY
          0  0.00179256  0.00999138  0.00270896
-0.00179256           0   0.0115029 -0.00630588
-0.00999138  -0.0115029           0 -0.00793507
-0.00270896  0.00630588  0.00793507           0
EndNode2[0]<--->HoM1[0]
REAL
   0.296296  0.00285697 -0.00825113   0.0158667
 0.00285697    0.237548   0.0431395   0.0113567
-0.00825113   0.0431395    0.266922 -0.00596256
  0.0158667   0.0113567 -0.00596256    0.199234
IMAGINARY
          0 -0.00604955  -0.0211452  0.00268547
 0.00604955           0  0.00201252  -0.0282055
  0.0211452 -0.00201252           0  -0.0121323
-0.00268547   0.0282055   0.0121323           0
Repeater1[0]<--->EndNode1[0]
REAL
   0.296875 -0.00342252  -0.0125236   0.0158514
-0.00342252     0.21224   0.0244509 -0.00258979
 -0.0125236   0.0244509    0.255208 -0.00539361
  0.0158514 -0.00258979 -0.00539361    0.235677
IMAGINARY
          0  0.00999138  0.00179256  0.00270896
-0.00999138           0  -0.0115029 -0.00793507
-0.00179256   0.0115029           0 -0.00630588
-0.00270896  0.00793507  0.00630588           0
Repeater1[0]<--->HoM1[0]
REAL
   0.296296 -0.00825113  0.00285697   0.0158667
-0.00825113    0.266922   0.0431395 -0.00596256
 0.00285697   0.0431395    0.237548   0.0113567
  0.0158667 -0.00596256   0.0113567    0.199234
IMAGINARY
          0  -0.0211452 -0.00604955  0.00268547
  0.0211452           0 -0.00201252  -0.0121323
 0.00604955  0.00201252           0  -0.0282055
-0.00268547   0.0121323   0.0282055           0
EndNode1[0]<--->Repeater1[0]
REAL
   0.260695  0.00743452  -0.0078959   0.0300134
 0.00743452    0.282086   0.0209004   0.0287836
 -0.0078959   0.0209004    0.231283 -0.00482355
  0.0300134   0.0287836 -0.00482355    0.225936
IMAGINARY
           0   -0.0278448   -0.0163383   -0.0009858
   0.0278448            0   0.00353033    0.0120855
   0.0163383  -0.00353033            0  0.000505756
   0.0009858   -0.0120855 -0.000505756            0
EndNode2[0]<--->HoM1[0]
REAL
  0.274536 0.00451351 0.00595631  0.0554173
0.00451351   0.240053   0.032359 -0.0066065
0.00595631   0.032359   0.265252 -0.0220688
 0.0554173 -0.0066065 -0.0220688   0.220159
IMAGINARY
          0 -0.00437328  -0.0163782  -0.0210844
 0.00437328           0   -0.019071  0.00181506
  0.0163782    0.019071           0  0.00558688
  0.0210844 -0.00181506 -0.00558688           0
Repeater1[0]<--->EndNode1[0]
REAL
   0.260695  -0.0078959  0.00743452   0.0300134
 -0.0078959    0.231283   0.0209004 -0.00482355
 0.00743452   0.0209004    0.282086   0.0287836
  0.0300134 -0.00482355   0.0287836    0.225936
IMAGINARY
           0   -0.0163383   -0.0278448   -0.0009858
   0.0163383            0  -0.00353033  0.000505756
   0.0278448   0.00353033            0    0.0120855
   0.0009858 -0.000505756   -0.0120855            0
Repeater1[0]<--->HoM1[0]
REAL
  0.274536 0.00595631 0.00451351  0.0554173
0.00595631   0.265252   0.032359 -0.0220688
0.00451351   0.032359   0.240053 -0.0066065
 0.0554173 -0.0220688 -0.0066065   0.220159
IMAGINARY
          0  -0.0163782 -0.00437328  -0.0210844
  0.0163782           0    0.019071  0.00558688
 0.00437328   -0.019071           0  0.00181506
  0.0210844 -0.00558688 -0.00181506           0
EndNode1[0]<--->Repeater1[0]
REAL
   0.309769  -0.0302084 -0.00261204   0.0292888
 -0.0302084    0.275064   0.0210296  0.00579676
-0.00261204   0.0210296    0.199229 -0.00864508
  0.0292888  0.00579676 -0.00864508    0.215938
IMAGINARY
          0   0.0150702 -0.00965103 -0.00034514
 -0.0150702           0  -0.0063054 -0.00369077
 0.00965103   0.0063054           0   0.0351204
 0.00034514  0.00369077  -0.0351204           0
EndNode2[0]<--->HoM1[0]
REAL
   0.286624  0.00103726   0.0160687   0.0166708
 0.00103726    0.240764    0.026523 -0.00821527
  0.0160687    0.026523    0.273885  0.00550724
  0.0166708 -0.00821527  0.00550724    0.198726
IMAGINARY
           0   0.00275624     0.008522  0.000781439
 -0.00275624            0    0.0114766   0.00256174
   -0.008522   -0.0114766            0    0.0034014
-0.000781439  -0.00256174   -0.0034014            0
Repeater1[0]<--->EndNode1[0]
REAL
   0.309769 -0.00261204  -0.0302084   0.0292888
-0.00261204    0.199229   0.0210296 -0.00864508
 -0.0302084   0.0210296    0.275064  0.00579676
  0.0292888 -0.00864508  0.00579676    0.215938
IMAGINARY
          0 -0.00965103   0.0150702 -0.00034514
 0.00965103           0   0.0063054   0.0351204
 -0.0150702  -0.0063054           0 -0.00369077
 0.00034514  -0.0351204  0.00369077           0
Repeater1[0]<--->HoM1[0]
REAL
   0.286624   0.0160687  0.00103726   0.0166708
  0.0160687    0.273885    0.026523  0.00550724
 0.00103726    0.026523    0.240764 -0.00821527
  0.0166708  0.00550724 -0.00821527    0.198726
IMAGINARY
           0     0.008522   0.00275624  0.000781439
   -0.008522            0   -0.0114766    0.0034014
 -0.00275624    0.0114766            0   0.00256174
-0.000781439   -0.0034014  -0.00256174            0
EndNode1[0]<--->Repeater1[0]
REAL
   0.280206 -0.00739726 -0.00355839   0.0527388
-0.00739726    0.290488   0.0441604  -0.0119455
-0.00355839   0.0441604     0.22108 -0.00293866
  0.0527388  -0.0119455 -0.00293866    0.208226
IMAGINARY
           0    0.0235172  -0.00882729    0.0150576
  -0.0235172            0   -0.0248873    0.0186312
  0.00882729    0.0248873            0 -0.000232843
  -0.0150576   -0.0186312  0.000232843            0
EndNode2[0]<--->HoM1[0]
REAL
  0.309859  0.0133454 0.00345857  0.0375911
 0.0133454   0.233035  0.0400725  0.0100202
0.00345857  0.0400725   0.244558 -0.0191221
 0.0375911  0.0100202 -0.0191221   0.212548
IMAGINARY
           0   -0.0316136   0.00977664   0.00892196
   0.0316136            0   -0.0152511  0.000148915
 -0.00977664    0.0152511            0   -0.0068479
 -0.00892196 -0.000148915    0.0068479            0
Repeater1[0]<--->EndNode1[0]
REAL
   0.280206 -0.00355839 -0.00739726   0.0527388
-0.00355839     0.22108   0.0441604 -0.00293866
-0.00739726   0.0441604    0.290488  -0.0119455
  0.0527388 -0.00293866  -0.0119455    0.208226
IMAGINARY
           0  -0.00882729    0.0235172    0.0150576
  0.00882729            0    0.0248873 -0.000232843
  -0.0235172   -0.0248873            0    0.0186312
  -0.0150576  0.000232843   -0.0186312            0
Repeater1[0]<--->HoM1[0]
REAL
  0.309859 0.00345857  0.0133454  0.0375911
0.00345857   0.244558  0.0400725 -0.0191221
 0.0133454  0.0400725   0.233035  0.0100202
 0.0375911 -0.0191221  0.0100202   0.212548
IMAGINARY
           0   0.00977664   -0.0316136   0.00892196
 -0.00977664            0    0.0152511   -0.0068479
   0.0316136   -0.0152511            0  0.000148915
 -0.00892196    0.0068479 -0.000148915            0
EndNode1[0]<--->Repeater1[0]
REAL
  0.288462 -0.0117782  0.0159961  0.0347753
-0.0117782   0.264103  0.0379519 -0.0108013
 0.0159961  0.0379519   0.226923 0.00268725
 0.0347753 -0.0108013 0.00268725   0.220513
IMAGINARY
          0    0.010241 -0.00829217  -0.0203136
  -0.010241           0 -0.00280392 -0.00504963
 0.00829217  0.00280392           0   -0.012147
  0.0203136  0.00504963    0.012147           0
EndNode2[0]<--->HoM1[0]
REAL
   0.318003  0.00752425 -0.00339928    0.011618
 0.00752425    0.224704  0.00426508  0.00911719
-0.00339928  0.00426508    0.241787 -0.00815957
   0.011618  0.00911719 -0.00815957    0.215506
IMAGINARY
           0   -0.0339129   -0.0110779 -0.000207887
   0.0339129            0   -0.0144198  -0.00117696
   0.0110779    0.0144198            0 -0.000400831
 0.000207887   0.00117696  0.000400831            0
Repeater1[0]<--->EndNode1[0]
REAL
  0.288462  0.0159961 -0.0117782  0.0347753
 0.0159961   0.226923  0.0379519 0.00268725
-0.0117782  0.0379519   0.264103 -0.0108013
 0.0347753 0.00268725 -0.0108013   0.220513
IMAGINARY
          0 -0.00829217    0.010241  -0.0203136
 0.00829217           0  0.00280392   -0.012147
  -0.010241 -0.00280392           0 -0.00504963
  0.0203136    0.012147  0.00504963           0
Repeater1[0]<--->HoM1[0]
REAL
   0.318003 -0.00339928  0.00752425    0.011618
-0.00339928    0.241787  0.00426508 -0.00815957
 0.00752425  0.00426508    0.224704  0.00911719
   0.011618 -0.00815957  0.00911719    0.215506
IMAGINARY
           0   -0.0110779   -0.0339129 -0.000207887
   0.0110779            0    0.0144198 -0.000400831
   0.0339129   -0.0144198            0  -0.00117696
 0.000207887  0.000400831   0.00117696            0
EndNode1[0]<--->Repeater1[0]
REAL
   0.288948  0.00291035  0.00064161   0.0140489
 0.00291035    0.288948   0.0192845 -0.00913834
 0.00064161   0.0192845    0.198402  -0.0153286
  0.0140489 -0.00913834  -0.0153286    0.223702
IMAGINARY
          0 -0.00312765 -0.00358028  -0.0028309
 0.00312765           0 -0.00542831  0.00619808
 0.00358028  0.00542831           0  -0.0178148
  0.0028309 -0.00619808   0.0178148           0
EndNode2[0]<--->HoM1[0]
REAL
  0.290066 -0.0103302  0.0217974    0.04842
-0.0103302   0.249007  0.0174921 -0.0131423
 0.0217974  0.0174921   0.238411 0.00566977
   0.04842 -0.0131423 0.00566977   0.222517
IMAGINARY
          0  0.00737754   0.0179176   0.0154802
-0.00737754           0  0.00609344  -0.0140517
 -0.0179176 -0.00609344           0   0.0145297
 -0.0154802   0.0140517  -0.0145297           0
Repeater1[0]<--->EndNode1[0]
REAL
   0.288948  0.00064161  0.00291035   0.0140489
 0.00064161    0.198402   0.0192845  -0.0153286
 0.00291035   0.0192845    0.288948 -0.00913834
  0.0140489  -0.0153286 -0.00913834    0.223702
IMAGINARY
          0 -0.00358028 -0.00312765  -0.0028309
 0.00358028           0  0.00542831  -0.0178148
 0.00312765 -0.00542831           0  0.00619808
  0.0028309   0.0178148 -0.00619808           0
Repeater1[0]<--->HoM1[0]
REAL
  0.290066  0.0217974 -0.0103302    0.04842
 0.0217974   0.238411  0.0174921 0.00566977
-0.0103302  0.0174921   0.249007 -0.0131423
   0.04842 0.00566977 -0.0131423   0.222517
IMAGINARY
          0   0.0179176  0.00737754   0.0154802
 -0.0179176           0 -0.00609344   0.0145297
-0.00737754  0.00609344           0  -0.0140517
 -0.0154802  -0.0145297   0.0140517           0
EndNode1[0]<--->Repeater1[0]
REAL
   0.296675 -0.00866667 -0.00569843   0.0184737
-0.00866667    0.255754   0.0308596 -0.00630157
-0.00569843   0.0308596    0.203325 -0.00866667
  0.0184737 -0.00630157 -0.00866667    0.244246
IMAGINARY
          0 -0.00105375   0.0102729   0.0075493
 0.00105375           0 -0.00419359 -0.00179829
 -0.0102729  0.00419359           0  -0.0087246
 -0.0075493  0.00179829   0.0087246           0
EndNode2[0]<--->HoM1[0]
REAL
  0.281211  0.0261039 -0.0164561  0.0181835
 0.0261039   0.234552  0.0194788 0.00606646
-0.0164561  0.0194788   0.259773 0.00246753
 0.0181835 0.00606646 0.00246753   0.224464
IMAGINARY
          0  -0.0147655  -0.0123444  0.00247117
  0.0147655           0 -0.00836894   0.0175257
  0.0123444  0.00836894           0 -0.00466452
-0.00247117  -0.0175257  0.00466452           0
Repeater1[0]<--->EndNode1[0]
REAL
   0.296675 -0.00569843 -0.00866667   0.0184737
-0.00569843    0.203325   0.0308596 -0.00866667
-0.00866667   0.0308596    0.255754 -0.00630157
  0.0184737 -0.00866667 -0.00630157    0.244246
IMAGINARY
          0   0.0102729 -0.00105375   0.0075493
 -0.0102729           0  0.00419359  -0.0087246
 0.00105375 -0.00419359           0 -0.00179829
 -0.0075493   0.0087246  0.00179829           0
Repeater1[0]<--->HoM1[0]
REAL
  0.281211 -0.0164561  0.0261039  0.0181835
-0.0164561   0.259773  0.0194788 0.00246753
 0.0261039  0.0194788   0.234552 0.00606646
 0.0181835 0.00246753 0.00606646   0.224464
IMAGINARY
          0  -0.0123444  -0.0147655  0.00247117
  0.0123444           0  0.00836894 -0.00466452
  0.0147655 -0.00836894           0   0.0175257
-0.00247117  0.00466452  -0.0175257           0
EndNode1[0]<--->Repeater1[0]
REAL
   0.282309 -0.00657402  -0.0062908   0.0250248
-0.00657402    0.265997   0.0124752   0.0250408
 -0.0062908   0.0124752    0.208281    0.027824
  0.0250248   0.0250408    0.027824    0.243413
IMAGINARY
          0 -0.00219158  -0.0104347 -0.00506836
 0.00219158           0    0.029846   0.0229843
  0.0104347   -0.029846           0   -0.014321
 0.00506836  -0.0229843    0.014321           0
EndNode2[0]<--->HoM1[0]
REAL
    0.323871 -0.000396507    0.0195484    0.0178417
-0.000396507     0.220645    0.0235596    0.0154834
   0.0195484    0.0235596     0.229677   -0.0129793
   0.0178417    0.0154834   -0.0129793     0.225806
IMAGINARY
          0   0.0185684  0.00386819 -0.00699754
 -0.0185684           0  -0.0185955  -0.0235632
-0.00386819   0.0185955           0  -0.0192037
 0.00699754   0.0235632   0.0192037           0
Repeater1[0]<--->EndNode1[0]
REAL
   0.282309  -0.0062908 -0.00657402   0.0250248
 -0.0062908    0.208281   0.0124752    0.027824
-0.00657402   0.0124752    0.265997   0.0250408
  0.0250248    0.027824   0.0250408    0.243413
IMAGINARY
          0  -0.0104347 -0.00219158 -0.00506836
  0.0104347           0   -0.029846   -0.014321
 0.00219158    0.029846           0   0.0229843
 0.00506836    0.014321  -0.0229843           0
Repeater1[0]<--->HoM1[0]
REAL
    0.323871    0.0195484 -0.000396507    0.0178417
   0.0195484     0.229677    0.0235596   -0.0129793
-0.000396507    0.0235596     0.220645    0.0154834
   0.0178417   -0.0129793    0.0154834     0.225806
IMAGINARY
          0  0.00386819   0.0185684 -0.00699754
-0.00386819           0   0.0185955  -0.0192037
 -0.0185684  -0.0185955           0  -0.0235632
 0.00699754   0.0192037   0.0235632           0
EndNode1[0]<--->Repeater1[0]
REAL
    0.301961 -1.51485e-05   -0.0108239    0.0308765
-1.51485e-05      0.27451    0.0308765    0.0234401
  -0.0108239    0.0308765     0.222222 -0.000648862
   0.0308765    0.0234401 -0.000648862     0.201307
IMAGINARY
          0 -0.00837438  -0.0182939 -0.00273809
 0.00837438           0  0.00669587  0.00415508
  0.0182939 -0.00669587           0  -0.0121912
 0.00273809 -0.00415508   0.0121912           0
EndNode2[0]<--->HoM1[0]
REAL
  0.285372  0.0114326  0.0107009  0.0391131
 0.0114326   0.256595  0.0137324 -0.0120559
 0.0107009  0.0137324   0.245803  0.0170227
 0.0391131 -0.0120559  0.0170227    0.21223
IMAGINARY
          0  0.00509875 -0.00909216  0.00790139
-0.00509875           0 -0.00790139  0.00655409
 0.00909216  0.00790139           0   -0.012713
-0.00790139 -0.00655409    0.012713           0
Repeater1[0]<--->EndNode1[0]
REAL
    0.301961   -0.0108239 -1.51485e-05    0.0308765
  -0.0108239     0.222222    0.0308765 -0.000648862
-1.51485e-05    0.0308765      0.27451    0.0234401
   0.0308765 -0.000648862    0.0234401     0.201307
IMAGINARY
          0  -0.0182939 -0.00837438 -0.00273809
  0.0182939           0 -0.00669587  -0.0121912
 0.00837438  0.00669587           0  0.00415508
 0.00273809   0.0121912 -0.00415508           0
Repeater1[0]<--->HoM1[0]
REAL
  0.285372  0.0107009  0.0114326  0.0391131
 0.0107009   0.245803  0.0137324  0.0170227
 0.0114326  0.0137324   0.256595 -0.0120559
 0.0391131  0.0170227 -0.0120559    0.21223
IMAGINARY
          0 -0.00909216  0.00509875  0.00790139
 0.00909216           0  0.00790139   -0.012713
-0.00509875 -0.00790139           0  0.00655409
-0.00790139    0.012713 -0.00655409           0
EndNode1[0]<--->Repeater1[0]
REAL
   0.28401 -0.0118326  0.0089029   0.011724
-0.0118326    0.24105  0.0299426 -0.0227918
 0.0089029  0.0299426    0.22315 -0.0235209
  0.011724 -0.0227918 -0.0235209    0.25179
IMAGINARY
           0    0.0194616    0.0147577    0.0101724
  -0.0194616            0  -0.00579188 -0.000587614
  -0.0147577   0.00579188            0   0.00145607
  -0.0101724  0.000587614  -0.00145607            0
EndNode2[0]<--->HoM1[0]
REAL
    0.278272 -0.000679857    0.0269975    0.0329247
-0.000679857     0.232529    0.0297319   0.00433083
   0.0269975    0.0297319      0.25413   0.00318612
   0.0329247   0.00433083   0.00318612      0.23507
IMAGINARY
          0   0.0126677  -0.0124748 -0.00694737
 -0.0126677           0  -0.0157193  0.00161914
  0.0124748   0.0157193           0  -0.0260777
 0.00694737 -0.00161914   0.0260777           0
Repeater1[0]<--->EndNode1[0]
REAL
   0.28401  0.0089029 -0.0118326   0.011724
 0.0089029    0.22315  0.0299426 -0.0235209
-0.0118326  0.0299426    0.24105 -0.0227918
  0.011724 -0.0235209 -0.0227918    0.25179
IMAGINARY
           0    0.0147577    0.0194616    0.0101724
  -0.0147577            0   0.00579188   0.00145607
  -0.0194616  -0.00579188            0 -0.000587614
  -0.0101724  -0.00145607  0.000587614            0
Repeater1[0]<--->HoM1[0]
REAL
    0.278272    0.0269975 -0.000679857    0.0329247
   0.0269975      0.25413    0.0297319   0.00318612
-0.000679857    0.0297319     0.232529   0.00433083
   0.0329247   0.00318612   0.00433083      0.23507
IMAGINARY
          0  -0.0124748   0.0126677 -0.00694737
  0.0124748           0   0.0157193  -0.0260777
 -0.0126677  -0.0157193           0  0.00161914
 0.00694737   0.0260777 -0.00161914           0
EndNode1[0]<--->Repeater1[0]
REAL
   0.295425  0.00502547 -0.00036519   0.0340105
 0.00502547    0.279739  0.00888491 -0.00231578
-0.00036519  0.00888491    0.227451  0.00435791
  0.0340105 -0.00231578  0.00435791    0.197386
IMAGINARY
          0  0.00408013  -0.0179436  0.00785691
-0.00408013           0 -0.00535064   0.0041245
  0.0179436  0.00535064           0  0.00471384
-0.00785691  -0.0041245 -0.00471384           0
EndNode2[0]<--->HoM1[0]
REAL
  0.280992 -0.0136404  0.0183698 0.00981951
-0.0136404   0.238489  0.0276312 -0.0177127
 0.0183698  0.0276312   0.252656 0.00641307
0.00981951 -0.0177127 0.00641307   0.227863
IMAGINARY
          0   0.0127405  0.00577587   -0.035155
 -0.0127405           0 -0.00876799  0.00440225
-0.00577587  0.00876799           0 -0.00129012
   0.035155 -0.00440225  0.00129012           0
Repeater1[0]<--->EndNode1[0]
REAL
   0.295425 -0.00036519  0.00502547   0.0340105
-0.00036519    0.227451  0.00888491  0.00435791
 0.00502547  0.00888491    0.279739 -0.00231578
  0.0340105  0.00435791 -0.00231578    0.197386
IMAGINARY
          0  -0.0179436  0.00408013  0.00785691
  0.0179436           0  0.00535064  0.00471384
-0.00408013 -0.00535064           0   0.0041245
-0.00785691 -0.00471384  -0.0041245           0
Repeater1[0]<--->HoM1[0]
REAL
  0.280992  0.0183698 -0.0136404 0.00981951
 0.0183698   0.252656  0.0276312 0.00641307
-0.0136404  0.0276312   0.238489 -0.0177127
0.00981951 0.00641307 -0.0177127   0.227863
IMAGINARY
          0  0.00577587   0.0127405   -0.035155
-0.00577587           0  0.00876799 -0.00129012
 -0.0127405 -0.00876799           0  0.00440225
   0.035155  0.00129012 -0.00440225           0
EndNode1[0]<--->Repeater1[0]
REAL
  0.304636 0.00245468 0.00100899  0.0397854
0.00245468   0.256954  0.0183846 0.00225899
0.00100899  0.0183846   0.215894  0.0112708
 0.0397854 0.00225899  0.0112708   0.222517
IMAGINARY
          0   0.0191224  0.00587246  0.00602924
 -0.0191224           0  0.00474389  0.00126113
-0.00587246 -0.00474389           0 -0.00939474
-0.00602924 -0.00126113  0.00939474           0
EndNode2[0]<--->HoM1[0]
REAL
   0.293252 -0.00781483   0.0130518   0.0235215
-0.00781483    0.229448   0.0235215   0.0393676
  0.0130518   0.0235215    0.244172  0.00243849
  0.0235215   0.0393676  0.00243849    0.233129
IMAGINARY
