EndNode1[0]<--->Repeater1[0]
REAL
   0.435013  0.00169404  0.00892537    0.315193
 0.00169404   0.0729443   0.0341047  0.00320745
 0.00892537   0.0341047   0.0822281 -0.00744116
   0.315193  0.00320745 -0.00744116    0.409814
IMAGINARY
          0 -0.00388601  -0.0088176 -0.00910259
 0.00388601           0  -0.0134076  0.00752227
  0.0088176   0.0134076           0  -0.0142487
 0.00910259 -0.00752227   0.0142487           0
EndNode2[0]<--->HoM1[0]
REAL
  0.433814 -0.0208135 -0.0166029   0.323998
-0.0208135  0.0917431  0.0352315 -0.0185897
-0.0166029  0.0352315    0.08519 -0.0170351
  0.323998 -0.0185897 -0.0170351   0.389253
IMAGINARY
           0   0.00928466  -0.00641026  0.000353672
 -0.00928466            0   -0.0105578  -0.00641026
  0.00641026    0.0105578            0   0.00475685
-0.000353672   0.00641026  -0.00475685            0
Repeater1[0]<--->EndNode1[0]
REAL
   0.435013  0.00892537  0.00169404    0.315193
 0.00892537   0.0822281   0.0341047 -0.00744116
 0.00169404   0.0341047   0.0729443  0.00320745
   0.315193 -0.00744116  0.00320745    0.409814
IMAGINARY
          0  -0.0088176 -0.00388601 -0.00910259
  0.0088176           0   0.0134076  -0.0142487
 0.00388601  -0.0134076           0  0.00752227
 0.00910259   0.0142487 -0.00752227           0
Repeater1[0]<--->HoM1[0]
REAL
  0.433814 -0.0166029 -0.0208135   0.323998
-0.0166029    0.08519  0.0352315 -0.0170351
-0.0208135  0.0352315  0.0917431 -0.0185897
  0.323998 -0.0170351 -0.0185897   0.389253
IMAGINARY
           0  -0.00641026   0.00928466  0.000353672
  0.00641026            0    0.0105578   0.00475685
 -0.00928466   -0.0105578            0  -0.00641026
-0.000353672  -0.00475685   0.00641026            0
EndNode1[0]<--->Repeater1[0]
REAL
   0.421118  -0.0186139  -0.0111485    0.306439
 -0.0186139   0.0857143   0.0421249 -0.00451725
 -0.0111485   0.0421249   0.0956522  -0.0153287
   0.306439 -0.00451725  -0.0153287    0.397516
IMAGINARY
          0  0.00292522 -0.00209305   0.0134742
-0.00292522           0   0.0221063  0.00808506
 0.00209305  -0.0221063           0  0.00839302
 -0.0134742 -0.00808506 -0.00839302           0
EndNode2[0]<--->HoM1[0]
REAL
   0.391979 -0.00548153  -0.0148038    0.317799
-0.00548153   0.0776197   0.0433836   0.0173745
 -0.0148038   0.0433836   0.0996119 -0.00223055
   0.317799   0.0173745 -0.00223055    0.430789
IMAGINARY
          0   0.0011556  0.00294301 -0.00663624
 -0.0011556           0   0.0104241   0.0266306
-0.00294301  -0.0104241           0 -0.00872094
 0.00663624  -0.0266306  0.00872094           0
Repeater1[0]<--->EndNode1[0]
REAL
   0.421118  -0.0111485  -0.0186139    0.306439
 -0.0111485   0.0956522   0.0421249  -0.0153287
 -0.0186139   0.0421249   0.0857143 -0.00451725
   0.306439  -0.0153287 -0.00451725    0.397516
IMAGINARY
          0 -0.00209305  0.00292522   0.0134742
 0.00209305           0  -0.0221063  0.00839302
-0.00292522   0.0221063           0  0.00808506
 -0.0134742 -0.00839302 -0.00808506           0
Repeater1[0]<--->HoM1[0]
REAL
   0.391979  -0.0148038 -0.00548153    0.317799
 -0.0148038   0.0996119   0.0433836 -0.00223055
-0.00548153   0.0433836   0.0776197   0.0173745
   0.317799 -0.00223055   0.0173745    0.430789
IMAGINARY
          0  0.00294301   0.0011556 -0.00663624
-0.00294301           0  -0.0104241 -0.00872094
 -0.0011556   0.0104241           0   0.0266306
 0.00663624  0.00872094  -0.0266306           0
EndNode1[0]<--->Repeater1[0]
REAL
  0.420624  0.0190035 0.00815457   0.322391
 0.0190035  0.0719132  0.0616856 0.00267345
0.00815457  0.0616856  0.0922659 -0.0170927
  0.322391 0.00267345 -0.0170927   0.415197
IMAGINARY
           0   -0.0100597  0.000626566   0.00439419
   0.0100597            0  -0.00632967 -0.000626566
-0.000626566   0.00632967            0   0.00250307
 -0.00439419  0.000626566  -0.00250307            0
EndNode2[0]<--->HoM1[0]
REAL
  0.414602 -0.0221759 0.00367561   0.316205
-0.0221759  0.0860495   0.041487 -0.0100859
0.00367561   0.041487  0.0795306 0.00679132
  0.316205 -0.0100859 0.00679132   0.419817
IMAGINARY
           0  -0.00490677  0.000647416   0.00188986
  0.00490677            0  -0.00255741   -0.0012732
-0.000647416   0.00255741            0    0.0130419
 -0.00188986    0.0012732   -0.0130419            0
Repeater1[0]<--->EndNode1[0]
REAL
  0.420624 0.00815457  0.0190035   0.322391
0.00815457  0.0922659  0.0616856 -0.0170927
 0.0190035  0.0616856  0.0719132 0.00267345
  0.322391 -0.0170927 0.00267345   0.415197
IMAGINARY
           0  0.000626566   -0.0100597   0.00439419
-0.000626566            0   0.00632967   0.00250307
   0.0100597  -0.00632967            0 -0.000626566
 -0.00439419  -0.00250307  0.000626566            0
Repeater1[0]<--->HoM1[0]
REAL
  0.414602 0.00367561 -0.0221759   0.316205
0.00367561  0.0795306   0.041487 0.00679132
-0.0221759   0.041487  0.0860495 -0.0100859
  0.316205 0.00679132 -0.0100859   0.419817
IMAGINARY
           0  0.000647416  -0.00490677   0.00188986
-0.000647416            0   0.00255741    0.0130419
  0.00490677  -0.00255741            0   -0.0012732
 -0.00188986   -0.0130419    0.0012732            0
EndNode1[0]<--->Repeater1[0]
REAL
   0.406692 -0.00586468  -0.0179159     0.32682
-0.00586468    0.108108   0.0428611    0.011267
 -0.0179159   0.0428611   0.0733591  -0.0140821
    0.32682    0.011267  -0.0140821     0.41184
IMAGINARY
          0 -0.00610866  0.00358416  -0.0210666
 0.00610866           0  0.00132142   0.0164676
-0.00358416 -0.00132142           0 -0.00747478
  0.0210666  -0.0164676  0.00747478           0
EndNode2[0]<--->HoM1[0]
REAL
  0.397297 -0.0202483 -0.0102116   0.335901
-0.0202483  0.0932432  0.0312133 -0.0374394
-0.0102116  0.0312133  0.0878378 -0.0153222
  0.335901 -0.0374394 -0.0153222   0.421622
IMAGINARY
          0 -0.00121253 -0.00557877 -0.00756608
 0.00121253           0 -0.00891743  0.00427669
 0.00557877  0.00891743           0  -0.0105062
 0.00756608 -0.00427669   0.0105062           0
Repeater1[0]<--->EndNode1[0]
REAL
   0.406692  -0.0179159 -0.00586468     0.32682
 -0.0179159   0.0733591   0.0428611  -0.0140821
-0.00586468   0.0428611    0.108108    0.011267
    0.32682  -0.0140821    0.011267     0.41184
IMAGINARY
          0  0.00358416 -0.00610866  -0.0210666
-0.00358416           0 -0.00132142 -0.00747478
 0.00610866  0.00132142           0   0.0164676
  0.0210666  0.00747478  -0.0164676           0
Repeater1[0]<--->HoM1[0]
REAL
  0.397297 -0.0102116 -0.0202483   0.335901
-0.0102116  0.0878378  0.0312133 -0.0153222
-0.0202483  0.0312133  0.0932432 -0.0374394
  0.335901 -0.0153222 -0.0374394   0.421622
IMAGINARY
          0 -0.00557877 -0.00121253 -0.00756608
 0.00557877           0  0.00891743  -0.0105062
 0.00121253 -0.00891743           0  0.00427669
 0.00756608   0.0105062 -0.00427669           0
EndNode1[0]<--->Repeater1[0]
REAL
  0.401786 0.00594074 -0.0232563   0.326601
0.00594074  0.0816327  0.0386836 -0.0117178
-0.0232563  0.0386836  0.0867347 -0.0331428
  0.326601 -0.0117178 -0.0331428   0.429847
IMAGINARY
           0  0.000308261  -0.00249874  -0.00687695
-0.000308261            0  -0.00815573    0.0114962
  0.00249874   0.00815573            0 -0.000308261
  0.00687695   -0.0114962  0.000308261            0
EndNode2[0]<--->HoM1[0]
REAL
   0.430573 -0.00744176   0.0128242    0.334682
-0.00744176   0.0611465   0.0450647 -0.00902672
  0.0128242   0.0450647   0.0878981    0.012505
   0.334682 -0.00902672    0.012505    0.420382
IMAGINARY
          0  0.00312139 -0.00851734 -0.00392375
-0.00312139           0  -0.0135763  0.00168674
 0.00851734   0.0135763           0  0.00644145
 0.00392375 -0.00168674 -0.00644145           0
Repeater1[0]<--->EndNode1[0]
REAL
  0.401786 -0.0232563 0.00594074   0.326601
-0.0232563  0.0867347  0.0386836 -0.0331428
0.00594074  0.0386836  0.0816327 -0.0117178
  0.326601 -0.0331428 -0.0117178   0.429847
IMAGINARY
           0  -0.00249874  0.000308261  -0.00687695
  0.00249874            0   0.00815573 -0.000308261
-0.000308261  -0.00815573            0    0.0114962
  0.00687695  0.000308261   -0.0114962            0
Repeater1[0]<--->HoM1[0]
REAL
   0.430573   0.0128242 -0.00744176    0.334682
  0.0128242   0.0878981   0.0450647    0.012505
-0.00744176   0.0450647   0.0611465 -0.00902672
   0.334682    0.012505 -0.00902672    0.420382
IMAGINARY
          0 -0.00851734  0.00312139 -0.00392375
 0.00851734           0   0.0135763  0.00644145
-0.00312139  -0.0135763           0  0.00168674
 0.00392375 -0.00644145 -0.00168674           0
EndNode1[0]<--->Repeater1[0]
REAL
   0.401351   0.0117576  0.00733859    0.317711
  0.0117576   0.0851351   0.0339997  0.00977168
 0.00733859   0.0339997    0.109459 -0.00605414
   0.317711  0.00977168 -0.00605414    0.404054
IMAGINARY
          0  0.00395062  0.00838424   0.0061432
-0.00395062           0  -0.0158206   0.0109749
-0.00838424   0.0158206           0  -0.0206395
 -0.0061432  -0.0109749   0.0206395           0
EndNode2[0]<--->HoM1[0]
REAL
    0.413386  -0.00381109   0.00602174     0.318901
 -0.00381109    0.0866142    0.0358327  -0.00018516
  0.00602174    0.0358327    0.0761155 -0.000728472
    0.318901  -0.00018516 -0.000728472     0.423885
IMAGINARY
           0    -0.024957    0.0255629  0.000233309
    0.024957            0    0.0140524   0.00618309
  -0.0255629   -0.0140524            0   0.00379299
-0.000233309  -0.00618309  -0.00379299            0
Repeater1[0]<--->EndNode1[0]
REAL
   0.401351  0.00733859   0.0117576    0.317711
 0.00733859    0.109459   0.0339997 -0.00605414
  0.0117576   0.0339997   0.0851351  0.00977168
   0.317711 -0.00605414  0.00977168    0.404054
IMAGINARY
          0  0.00838424  0.00395062   0.0061432
-0.00838424           0   0.0158206  -0.0206395
-0.00395062  -0.0158206           0   0.0109749
 -0.0061432   0.0206395  -0.0109749           0
Repeater1[0]<--->HoM1[0]
REAL
    0.413386   0.00602174  -0.00381109     0.318901
  0.00602174    0.0761155    0.0358327 -0.000728472
 -0.00381109    0.0358327    0.0866142  -0.00018516
    0.318901 -0.000728472  -0.00018516     0.423885
IMAGINARY
           0    0.0255629    -0.024957  0.000233309
  -0.0255629            0   -0.0140524   0.00379299
    0.024957    0.0140524            0   0.00618309
-0.000233309  -0.00379299  -0.00618309            0
EndNode1[0]<--->Repeater1[0]
REAL
   0.41791  0.0026735 -0.0240595   0.339293
 0.0026735  0.0949796  0.0174845  0.0189444
-0.0240595  0.0174845  0.0936228 -0.0154612
  0.339293  0.0189444 -0.0154612   0.393487
IMAGINARY
           0 -0.000297879   -0.0102689    -0.010848
 0.000297879            0  -0.00959805   0.00361998
   0.0102689   0.00959805            0   0.00162767
    0.010848  -0.00361998  -0.00162767            0
EndNode2[0]<--->HoM1[0]
REAL
   0.430218  -0.0121901 -0.00682116    0.323302
 -0.0121901    0.078105   0.0377725  0.00616585
-0.00682116   0.0377725   0.0819462 -0.00681379
   0.323302  0.00616585 -0.00681379    0.409731
IMAGINARY
          0  0.00495801   0.0128155  -0.0111246
-0.00495801           0 -0.00852048 -0.00506361
 -0.0128155  0.00852048           0 -0.00754199
  0.0111246  0.00506361  0.00754199           0
Repeater1[0]<--->EndNode1[0]
REAL
   0.41791 -0.0240595  0.0026735   0.339293
-0.0240595  0.0936228  0.0174845 -0.0154612
 0.0026735  0.0174845  0.0949796  0.0189444
  0.339293 -0.0154612  0.0189444   0.393487
IMAGINARY
           0   -0.0102689 -0.000297879    -0.010848
   0.0102689            0   0.00959805   0.00162767
 0.000297879  -0.00959805            0   0.00361998
    0.010848  -0.00162767  -0.00361998            0
Repeater1[0]<--->HoM1[0]
REAL
   0.430218 -0.00682116  -0.0121901    0.323302
-0.00682116   0.0819462   0.0377725 -0.00681379
 -0.0121901   0.0377725    0.078105  0.00616585
   0.323302 -0.00681379  0.00616585    0.409731
IMAGINARY
          0   0.0128155  0.00495801  -0.0111246
 -0.0128155           0  0.00852048 -0.00754199
-0.00495801 -0.00852048           0 -0.00506361
  0.0111246  0.00754199  0.00506361           0
EndNode1[0]<--->Repeater1[0]
REAL
  0.434562 -0.0107048  0.0055514   0.331583
-0.0107048  0.0813215  0.0412182 0.00865699
 0.0055514  0.0412182  0.0787802 0.00867504
  0.331583 0.00865699 0.00867504   0.405337
IMAGINARY
           0   0.00561303 -0.000651042   0.00156193
 -0.00561303            0   0.00222594  -0.00716146
 0.000651042  -0.00222594            0    0.0191265
 -0.00156193   0.00716146   -0.0191265            0
EndNode2[0]<--->HoM1[0]
REAL
   0.418159 0.000730169  0.00463531    0.335289
0.000730169   0.0767263   0.0426684  -0.0065033
 0.00463531   0.0426684   0.0741688  0.00487382
   0.335289  -0.0065033  0.00487382    0.430946
IMAGINARY
          0  0.00221252   -0.037477  0.00308839
-0.00221252           0 -0.00243308  0.00821491
   0.037477  0.00243308           0  0.00287653
-0.00308839 -0.00821491 -0.00287653           0
Repeater1[0]<--->EndNode1[0]
REAL
  0.434562  0.0055514 -0.0107048   0.331583
 0.0055514  0.0787802  0.0412182 0.00867504
-0.0107048  0.0412182  0.0813215 0.00865699
  0.331583 0.00867504 0.00865699   0.405337
IMAGINARY
           0 -0.000651042   0.00561303   0.00156193
 0.000651042            0  -0.00222594    0.0191265
 -0.00561303   0.00222594            0  -0.00716146
 -0.00156193   -0.0191265   0.00716146            0
Repeater1[0]<--->HoM1[0]
REAL
   0.418159  0.00463531 0.000730169    0.335289
 0.00463531   0.0741688   0.0426684  0.00487382
0.000730169   0.0426684   0.0767263  -0.0065033
   0.335289  0.00487382  -0.0065033    0.430946
IMAGINARY
          0   -0.037477  0.00221252  0.00308839
   0.037477           0  0.00243308  0.00287653
-0.00221252 -0.00243308           0  0.00821491
-0.00308839 -0.00287653 -0.00821491           0
EndNode1[0]<--->Repeater1[0]
REAL
    0.430884 -0.000624247  -0.00191793     0.311849
-0.000624247    0.0709838    0.0387999   0.00581403
 -0.00191793    0.0387999    0.0859278   0.00581905
    0.311849   0.00581403   0.00581905     0.412204
IMAGINARY
          0 -0.00831787  0.00364438   0.0126111
 0.00831787           0 -0.00216723   0.0155046
-0.00364438  0.00216723           0 -0.00515731
 -0.0126111  -0.0155046  0.00515731           0
EndNode2[0]<--->HoM1[0]
REAL
    0.439698    -0.014668 -0.000594537     0.322696
   -0.014668    0.0778894    0.0437109  -0.00653906
-0.000594537    0.0437109    0.0904523  -0.00154468
    0.322696  -0.00653906  -0.00154468      0.39196
IMAGINARY
          0  -0.0085639   0.0235442   0.0109658
  0.0085639           0 -0.00113615   0.0114799
 -0.0235442  0.00113615           0 -0.00351339
 -0.0109658  -0.0114799  0.00351339           0
Repeater1[0]<--->EndNode1[0]
REAL
    0.430884  -0.00191793 -0.000624247     0.311849
 -0.00191793    0.0859278    0.0387999   0.00581905
-0.000624247    0.0387999    0.0709838   0.00581403
    0.311849   0.00581905   0.00581403     0.412204
IMAGINARY
          0  0.00364438 -0.00831787   0.0126111
-0.00364438           0  0.00216723 -0.00515731
 0.00831787 -0.00216723           0   0.0155046
 -0.0126111  0.00515731  -0.0155046           0
Repeater1[0]<--->HoM1[0]
REAL
    0.439698 -0.000594537    -0.014668     0.322696
-0.000594537    0.0904523    0.0437109  -0.00154468
   -0.014668    0.0437109    0.0778894  -0.00653906
    0.322696  -0.00154468  -0.00653906      0.39196
IMAGINARY
          0   0.0235442  -0.0085639   0.0109658
 -0.0235442           0  0.00113615 -0.00351339
  0.0085639 -0.00113615           0   0.0114799
 -0.0109658  0.00351339  -0.0114799           0
EndNode1[0]<--->Repeater1[0]
REAL
  0.410127 0.00794569 0.00866031   0.318151
0.00794569  0.0949367   0.038448 -0.0048532
0.00866031   0.038448  0.0886076 0.00474467
  0.318151 -0.0048532 0.00474467   0.406329
IMAGINARY
          0  0.00607944 -0.00472371   0.0085323
-0.00607944           0   0.0189108   0.0096742
 0.00472371  -0.0189108           0 -0.00112895
 -0.0085323  -0.0096742  0.00112895           0
EndNode2[0]<--->HoM1[0]
REAL
   0.417391 -0.00915254  -0.0137361    0.324919
-0.00915254   0.0881988   0.0395724  -0.0157495
 -0.0137361   0.0395724   0.0745342 -0.00527657
   0.324919  -0.0157495 -0.00527657    0.419876
IMAGINARY
          0  -0.0016252 -0.00759007  -0.0204106
  0.0016252           0   0.0210333   0.0268703
 0.00759007  -0.0210333           0  -0.0112283
  0.0204106  -0.0268703   0.0112283           0
Repeater1[0]<--->EndNode1[0]
REAL
  0.410127 0.00866031 0.00794569   0.318151
0.00866031  0.0886076   0.038448 0.00474467
0.00794569   0.038448  0.0949367 -0.0048532
  0.318151 0.00474467 -0.0048532   0.406329
IMAGINARY
          0 -0.00472371  0.00607944   0.0085323
 0.00472371           0  -0.0189108 -0.00112895
-0.00607944   0.0189108           0   0.0096742
 -0.0085323  0.00112895  -0.0096742           0
Repeater1[0]<--->HoM1[0]
REAL
   0.417391  -0.0137361 -0.00915254    0.324919
 -0.0137361   0.0745342   0.0395724 -0.00527657
-0.00915254   0.0395724   0.0881988  -0.0157495
   0.324919 -0.00527657  -0.0157495    0.419876
IMAGINARY
          0 -0.00759007  -0.0016252  -0.0204106
 0.00759007           0  -0.0210333  -0.0112283
  0.0016252   0.0210333           0   0.0268703
  0.0204106   0.0112283  -0.0268703           0
EndNode1[0]<--->Repeater1[0]
REAL
   0.413879   0.0095183 0.000586843    0.310242
  0.0095183   0.0817844   0.0506508   0.0177859
0.000586843   0.0506508   0.0991326   0.0114791
   0.310242   0.0177859   0.0114791    0.405204
IMAGINARY
          0 -0.00915385  -0.0149336 -0.00438645
 0.00915385           0   0.0151596 -0.00808429
  0.0149336  -0.0151596           0  0.00403876
 0.00438645  0.00808429 -0.00403876           0
EndNode2[0]<--->HoM1[0]
REAL
   0.43617  0.0205281 0.00934544   0.323631
 0.0205281  0.0744681  0.0478346  0.0176468
0.00934544  0.0478346   0.087766  0.0013228
  0.323631  0.0176468  0.0013228   0.401596
IMAGINARY
          0  0.00405653     0.01395  -0.0160033
-0.00405653           0 -0.00197271  -0.0082175
   -0.01395  0.00197271           0 -0.00469347
  0.0160033   0.0082175  0.00469347           0
Repeater1[0]<--->EndNode1[0]
REAL
   0.413879 0.000586843   0.0095183    0.310242
0.000586843   0.0991326   0.0506508   0.0114791
  0.0095183   0.0506508   0.0817844   0.0177859
   0.310242   0.0114791   0.0177859    0.405204
IMAGINARY
          0  -0.0149336 -0.00915385 -0.00438645
  0.0149336           0  -0.0151596  0.00403876
 0.00915385   0.0151596           0 -0.00808429
 0.00438645 -0.00403876  0.00808429           0
Repeater1[0]<--->HoM1[0]
REAL
   0.43617 0.00934544  0.0205281   0.323631
0.00934544   0.087766  0.0478346  0.0013228
 0.0205281  0.0478346  0.0744681  0.0176468
  0.323631  0.0013228  0.0176468   0.401596
IMAGINARY
          0     0.01395  0.00405653  -0.0160033
   -0.01395           0  0.00197271 -0.00469347
-0.00405653 -0.00197271           0  -0.0082175
  0.0160033  0.00469347   0.0082175           0
EndNode1[0]<--->Repeater1[0]
REAL
   0.437582  -0.0124132 -0.00474158    0.315508
 -0.0124132   0.0709593   0.0369098 -0.00289201
-0.00474158   0.0369098   0.0854139  -0.0104876
   0.315508 -0.00289201  -0.0104876    0.406045
IMAGINARY
          0 -0.00235726 -0.00827304 -0.00208461
 0.00235726           0  -0.0166735   0.0113481
 0.00827304   0.0166735           0  0.00912233
 0.00208461  -0.0113481 -0.00912233           0
EndNode2[0]<--->HoM1[0]
REAL
   0.435265 -0.00926223  -0.0148264     0.32688
-0.00926223   0.0739827   0.0306081   0.0136186
 -0.0148264   0.0306081   0.0826141   0.0128854
    0.32688   0.0136186   0.0128854    0.408138
IMAGINARY
          0  -0.0161291  0.00934553   0.0071783
  0.0161291           0  0.00103915 -0.00468508
-0.00934553 -0.00103915           0   0.0021477
 -0.0071783  0.00468508  -0.0021477           0
Repeater1[0]<--->EndNode1[0]
REAL
   0.437582 -0.00474158  -0.0124132    0.315508
-0.00474158   0.0854139   0.0369098  -0.0104876
 -0.0124132   0.0369098   0.0709593 -0.00289201
   0.315508  -0.0104876 -0.00289201    0.406045
IMAGINARY
          0 -0.00827304 -0.00235726 -0.00208461
 0.00827304           0   0.0166735  0.00912233
 0.00235726  -0.0166735           0   0.0113481
 0.00208461 -0.00912233  -0.0113481           0
Repeater1[0]<--->HoM1[0]
REAL
   0.435265  -0.0148264 -0.00926223     0.32688
 -0.0148264   0.0826141   0.0306081   0.0128854
-0.00926223   0.0306081   0.0739827   0.0136186
    0.32688   0.0128854   0.0136186    0.408138
IMAGINARY
          0  0.00934553  -0.0161291   0.0071783
-0.00934553           0 -0.00103915   0.0021477
  0.0161291  0.00103915           0 -0.00468508
 -0.0071783  -0.0021477  0.00468508           0
EndNode1[0]<--->Repeater1[0]
REAL
    0.433575   -0.0123075  0.000582259     0.326026
  -0.0123075     0.102657    0.0570912   0.00980735
 0.000582259    0.0570912    0.0700483 -0.000679553
    0.326026   0.00980735 -0.000679553      0.39372
IMAGINARY
           0   -0.0055661  0.000424178   -0.0218574
   0.0055661            0     0.010526   -0.0126193
-0.000424178    -0.010526            0   -0.0181823
   0.0218574    0.0126193    0.0181823            0
EndNode2[0]<--->HoM1[0]
REAL
   0.43342   0.021497  0.0143361   0.321151
  0.021497   0.075718  0.0425437  0.0117786
 0.0143361  0.0425437  0.0861619 0.00589152
  0.321151  0.0117786 0.00589152     0.4047
IMAGINARY
           0    0.0162982   -0.0153679  0.000957845
  -0.0162982            0    -0.004804   0.00666145
   0.0153679     0.004804            0    0.0123088
-0.000957845  -0.00666145   -0.0123088            0
Repeater1[0]<--->EndNode1[0]
REAL
    0.433575  0.000582259   -0.0123075     0.326026
 0.000582259    0.0700483    0.0570912 -0.000679553
  -0.0123075    0.0570912     0.102657   0.00980735
    0.326026 -0.000679553   0.00980735      0.39372
IMAGINARY
           0  0.000424178   -0.0055661   -0.0218574
-0.000424178            0    -0.010526   -0.0181823
   0.0055661     0.010526            0   -0.0126193
   0.0218574    0.0181823    0.0126193            0
Repeater1[0]<--->HoM1[0]
REAL
   0.43342  0.0143361   0.021497   0.321151
 0.0143361  0.0861619  0.0425437 0.00589152
  0.021497  0.0425437   0.075718  0.0117786
  0.321151 0.00589152  0.0117786     0.4047
IMAGINARY
           0   -0.0153679    0.0162982  0.000957845
   0.0153679            0     0.004804    0.0123088
  -0.0162982    -0.004804            0   0.00666145
-0.000957845   -0.0123088  -0.00666145            0
EndNode1[0]<--->Repeater1[0]
REAL
   0.424354 -0.00727183 -0.00832937    0.327209
-0.00727183   0.0811808   0.0428699  0.00308003
-0.00832937   0.0428699    0.109471  -0.0124132
   0.327209  0.00308003  -0.0124132    0.384994
IMAGINARY
          0 -0.00635747  0.00289984    0.009949
 0.00635747           0 -0.00793016   0.0208486
-0.00289984  0.00793016           0  0.00314823
  -0.009949  -0.0208486 -0.00314823           0
EndNode2[0]<--->HoM1[0]
REAL
   0.398957  -0.0261894  -0.0251775    0.307076
 -0.0261894   0.0912647   0.0301335 -0.00453831
 -0.0251775   0.0301335   0.0964798  -0.0216142
   0.307076 -0.00453831  -0.0216142    0.413299
IMAGINARY
           0 -0.000568165  -0.00884479 -0.000224103
 0.000568165            0    0.0148908    0.0113511
  0.00884479   -0.0148908            0   0.00808696
 0.000224103   -0.0113511  -0.00808696            0
Repeater1[0]<--->EndNode1[0]
REAL
   0.424354 -0.00832937 -0.00727183    0.327209
-0.00832937    0.109471   0.0428699  -0.0124132
-0.00727183   0.0428699   0.0811808  0.00308003
   0.327209  -0.0124132  0.00308003    0.384994
IMAGINARY
          0  0.00289984 -0.00635747    0.009949
-0.00289984           0  0.00793016  0.00314823
 0.00635747 -0.00793016           0   0.0208486
  -0.009949 -0.00314823  -0.0208486           0
Repeater1[0]<--->HoM1[0]
REAL
   0.398957  -0.0251775  -0.0261894    0.307076
 -0.0251775   0.0964798   0.0301335  -0.0216142
 -0.0261894   0.0301335   0.0912647 -0.00453831
   0.307076  -0.0216142 -0.00453831    0.413299
IMAGINARY
           0  -0.00884479 -0.000568165 -0.000224103
  0.00884479            0   -0.0148908   0.00808696
 0.000568165    0.0148908            0    0.0113511
 0.000224103  -0.00808696   -0.0113511            0
EndNode1[0]<--->Repeater1[0]
REAL
     0.4178 -0.00860127  -0.0147628    0.327631
-0.00860127   0.0852905   0.0271029 -0.00404398
 -0.0147628   0.0271029   0.0729295  0.00017066
   0.327631 -0.00404398  0.00017066     0.42398
IMAGINARY
           0 -0.000338988  -0.00424452  -0.00417949
 0.000338988            0    0.0201795  -0.00169999
  0.00424452   -0.0201795            0    0.0128885
  0.00417949   0.00169999   -0.0128885            0
EndNode2[0]<--->HoM1[0]
REAL
   0.460581  0.00707561  0.00716533    0.321505
 0.00707561   0.0871369   0.0496605  0.00203712
 0.00716533   0.0496605   0.0940526 -0.00400813
   0.321505  0.00203712 -0.00400813     0.35823
IMAGINARY
          0 -0.00121359  -0.0030925   0.0020157
 0.00121359           0    0.021857   0.0273643
  0.0030925   -0.021857           0 -0.00121359
 -0.0020157  -0.0273643  0.00121359           0
Repeater1[0]<--->EndNode1[0]
REAL
     0.4178  -0.0147628 -0.00860127    0.327631
 -0.0147628   0.0729295   0.0271029  0.00017066
-0.00860127   0.0271029   0.0852905 -0.00404398
   0.327631  0.00017066 -0.00404398     0.42398
IMAGINARY
           0  -0.00424452 -0.000338988  -0.00417949
  0.00424452            0   -0.0201795    0.0128885
 0.000338988    0.0201795            0  -0.00169999
  0.00417949   -0.0128885   0.00169999            0
Repeater1[0]<--->HoM1[0]
REAL
   0.460581  0.00716533  0.00707561    0.321505
 0.00716533   0.0940526   0.0496605 -0.00400813
 0.00707561   0.0496605   0.0871369  0.00203712
   0.321505 -0.00400813  0.00203712     0.35823
IMAGINARY
          0  -0.0030925 -0.00121359   0.0020157
  0.0030925           0   -0.021857 -0.00121359
 0.00121359    0.021857           0   0.0273643
 -0.0020157  0.00121359  -0.0273643           0
EndNode1[0]<--->Repeater1[0]
REAL
   0.403439 -0.00156767 -0.00795756    0.327796
-0.00156767   0.0767196   0.0219581  0.00795756
-0.00795756   0.0219581   0.0846561  -0.0107476
   0.327796  0.00795756  -0.0107476    0.435185
IMAGINARY
          0   0.0141878   0.0164908  0.00341312
 -0.0141878           0 -0.00668109  -0.0215669
 -0.0164908  0.00668109           0  0.00484778
-0.00341312   0.0215669 -0.00484778           0
EndNode2[0]<--->HoM1[0]
REAL
   0.388669 -0.00673316   -0.031251    0.313453
-0.00673316   0.0895916   0.0444211  0.00244175
  -0.031251   0.0444211   0.0961792   -0.015674
   0.313453  0.00244175   -0.015674     0.42556
IMAGINARY
          0  -0.0049465  0.00230461    0.011831
  0.0049465           0    0.010539  0.00479217
-0.00230461   -0.010539           0  0.00430134
  -0.011831 -0.00479217 -0.00430134           0
Repeater1[0]<--->EndNode1[0]
REAL
   0.403439 -0.00795756 -0.00156767    0.327796
-0.00795756   0.0846561   0.0219581  -0.0107476
-0.00156767   0.0219581   0.0767196  0.00795756
   0.327796  -0.0107476  0.00795756    0.435185
IMAGINARY
          0   0.0164908   0.0141878  0.00341312
 -0.0164908           0  0.00668109  0.00484778
 -0.0141878 -0.00668109           0  -0.0215669
-0.00341312 -0.00484778   0.0215669           0
Repeater1[0]<--->HoM1[0]
REAL
   0.388669   -0.031251 -0.00673316    0.313453
  -0.031251   0.0961792   0.0444211   -0.015674
-0.00673316   0.0444211   0.0895916  0.00244175
   0.313453   -0.015674  0.00244175     0.42556
IMAGINARY
          0  0.00230461  -0.0049465    0.011831
-0.00230461           0   -0.010539  0.00430134
  0.0049465    0.010539           0  0.00479217
  -0.011831 -0.00430134 -0.00479217           0
EndNode1[0]<--->Repeater1[0]
REAL
  0.411444 -0.0127779 -0.0122108   0.320142
-0.0127779  0.0912807   0.041041 -0.0122108
-0.0122108   0.041041  0.0885559  0.0166339
  0.320142 -0.0122108  0.0166339   0.408719
IMAGINARY
          0  0.00855995  0.00215838 -0.00229718
-0.00855995           0   0.0166902 -0.00083563
-0.00215838  -0.0166902           0  0.00731307
 0.00229718  0.00083563 -0.00731307           0
EndNode2[0]<--->HoM1[0]
REAL
   0.437272 -1.3217e-05 -0.00419449     0.31838
-1.3217e-05   0.0962241   0.0527545 -0.00353746
-0.00419449   0.0527545   0.0730816 -0.00514142
    0.31838 -0.00353746 -0.00514142    0.393423
IMAGINARY
          0   0.0189902  0.00504864  -0.0227939
 -0.0189902           0 -0.00188139   0.0144826
-0.00504864  0.00188139           0  0.00574936
  0.0227939  -0.0144826 -0.00574936           0
Repeater1[0]<--->EndNode1[0]
REAL
  0.411444 -0.0122108 -0.0127779   0.320142
-0.0122108  0.0885559   0.041041  0.0166339
-0.0127779   0.041041  0.0912807 -0.0122108
  0.320142  0.0166339 -0.0122108   0.408719
IMAGINARY
          0  0.00215838  0.00855995 -0.00229718
-0.00215838           0  -0.0166902  0.00731307
-0.00855995   0.0166902           0 -0.00083563
 0.00229718 -0.00731307  0.00083563           0
Repeater1[0]<--->HoM1[0]
REAL
   0.437272 -0.00419449 -1.3217e-05     0.31838
-0.00419449   0.0730816   0.0527545 -0.00514142
-1.3217e-05   0.0527545   0.0962241 -0.00353746
    0.31838 -0.00514142 -0.00353746    0.393423
IMAGINARY
          0  0.00504864   0.0189902  -0.0227939
-0.00504864           0  0.00188139  0.00574936
 -0.0189902 -0.00188139           0   0.0144826
  0.0227939 -0.00574936  -0.0144826           0
EndNode1[0]<--->Repeater1[0]
REAL
   0.401525   0.0169245   0.0100464    0.317746
  0.0169245   0.0813215   0.0288145 0.000535571
  0.0100464   0.0288145   0.0762389 -0.00105151
   0.317746 0.000535571 -0.00105151    0.440915
IMAGINARY
           0    0.0101596   0.00374063    0.0018528
  -0.0101596            0   -0.0121887  -0.00567113
 -0.00374063    0.0121887            0 -0.000507079
  -0.0018528   0.00567113  0.000507079            0
EndNode2[0]<--->HoM1[0]
REAL
    0.419395 -0.000608515   0.00847508      0.33402
-0.000608515    0.0856423    0.0456328   0.00517257
  0.00847508    0.0456328     0.104534    0.0130155
     0.33402   0.00517257    0.0130155     0.390428
IMAGINARY
           0    0.0227066 -0.000415555    0.0034816
  -0.0227066            0   0.00550044  -0.00668122
 0.000415555  -0.00550044            0   -0.0181905
  -0.0034816   0.00668122    0.0181905            0
Repeater1[0]<--->EndNode1[0]
REAL
   0.401525   0.0100464   0.0169245    0.317746
  0.0100464   0.0762389   0.0288145 -0.00105151
  0.0169245   0.0288145   0.0813215 0.000535571
   0.317746 -0.00105151 0.000535571    0.440915
IMAGINARY
           0   0.00374063    0.0101596    0.0018528
 -0.00374063            0    0.0121887 -0.000507079
  -0.0101596   -0.0121887            0  -0.00567113
  -0.0018528  0.000507079   0.00567113            0
Repeater1[0]<--->HoM1[0]
REAL
    0.419395   0.00847508 -0.000608515      0.33402
  0.00847508     0.104534    0.0456328    0.0130155
-0.000608515    0.0456328    0.0856423   0.00517257
     0.33402    0.0130155   0.00517257     0.390428
IMAGINARY
           0 -0.000415555    0.0227066    0.0034816
 0.000415555            0  -0.00550044   -0.0181905
  -0.0227066   0.00550044            0  -0.00668122
  -0.0034816    0.0181905   0.00668122            0
EndNode1[0]<--->Repeater1[0]
REAL
   0.394018 -0.00812868  0.00631676    0.322607
-0.00812868   0.0923277   0.0397208   0.0180888
 0.00631676   0.0397208   0.0806242    0.010006
   0.322607   0.0180888    0.010006     0.43303
IMAGINARY
          0  -0.0143226  -0.0133872 -0.00775978
  0.0143226           0   0.0178812   0.0267972
  0.0133872  -0.0178812           0 -0.00419597
 0.00775978  -0.0267972  0.00419597           0
EndNode2[0]<--->HoM1[0]
REAL
    0.446941    0.0158164    0.0012764     0.316511
   0.0158164     0.082397    0.0385994 -0.000629571
   0.0012764    0.0385994    0.0649189  -0.00740762
    0.316511 -0.000629571  -0.00740762     0.405743
IMAGINARY
          0  0.00227529 -0.00512565 -0.00541401
-0.00227529           0  0.00541401   0.0117283
 0.00512565 -0.00541401           0  -0.0100784
 0.00541401  -0.0117283   0.0100784           0
Repeater1[0]<--->EndNode1[0]
REAL
   0.394018  0.00631676 -0.00812868    0.322607
 0.00631676   0.0806242   0.0397208    0.010006
-0.00812868   0.0397208   0.0923277   0.0180888
   0.322607    0.010006   0.0180888     0.43303
IMAGINARY
          0  -0.0133872  -0.0143226 -0.00775978
  0.0133872           0  -0.0178812 -0.00419597
  0.0143226   0.0178812           0   0.0267972
 0.00775978  0.00419597  -0.0267972           0
Repeater1[0]<--->HoM1[0]
REAL
    0.446941    0.0012764    0.0158164     0.316511
   0.0012764    0.0649189    0.0385994  -0.00740762
   0.0158164    0.0385994     0.082397 -0.000629571
    0.316511  -0.00740762 -0.000629571     0.405743
IMAGINARY
          0 -0.00512565  0.00227529 -0.00541401
 0.00512565           0 -0.00541401  -0.0100784
-0.00227529  0.00541401           0   0.0117283
 0.00541401   0.0100784  -0.0117283           0
EndNode1[0]<--->Repeater1[0]
REAL
   0.411465  -0.0067638 -0.00267579    0.312926
 -0.0067638   0.0802548   0.0544843   -0.015292
-0.00267579   0.0544843   0.0904459 -0.00996482
   0.312926   -0.015292 -0.00996482    0.417834
IMAGINARY
          0 -0.00503164  0.00162633 -0.00560253
 0.00503164           0 -0.00879538 -0.00292503
-0.00162633  0.00879538           0  0.00892775
 0.00560253  0.00292503 -0.00892775           0
EndNode2[0]<--->HoM1[0]
REAL
    0.421446  -0.00583694   0.00686836     0.316052
 -0.00583694    0.0798005     0.034675 -0.000923845
  0.00686836     0.034675    0.0885287    0.0131025
    0.316052 -0.000923845    0.0131025     0.410224
IMAGINARY
          0   0.0141002  -0.0111516 -0.00335872
 -0.0141002           0  0.00786322   0.0104769
  0.0111516 -0.00786322           0   0.0108661
 0.00335872  -0.0104769  -0.0108661           0
Repeater1[0]<--->EndNode1[0]
REAL
   0.411465 -0.00267579  -0.0067638    0.312926
-0.00267579   0.0904459   0.0544843 -0.00996482
 -0.0067638   0.0544843   0.0802548   -0.015292
   0.312926 -0.00996482   -0.015292    0.417834
IMAGINARY
          0  0.00162633 -0.00503164 -0.00560253
-0.00162633           0  0.00879538  0.00892775
 0.00503164 -0.00879538           0 -0.00292503
 0.00560253 -0.00892775  0.00292503           0
Repeater1[0]<--->HoM1[0]
REAL
    0.421446   0.00686836  -0.00583694     0.316052
  0.00686836    0.0885287     0.034675    0.0131025
 -0.00583694     0.034675    0.0798005 -0.000923845
    0.316052    0.0131025 -0.000923845     0.410224
IMAGINARY
          0  -0.0111516   0.0141002 -0.00335872
  0.0111516           0 -0.00786322   0.0108661
 -0.0141002  0.00786322           0   0.0104769
 0.00335872  -0.0108661  -0.0104769           0
EndNode1[0]<--->Repeater1[0]
REAL
    0.443099  -0.00526447    0.0306507     0.322629
 -0.00526447    0.0895884    0.0436814   -0.0333245
   0.0306507    0.0436814    0.0750605 -8.31232e-05
    0.322629   -0.0333245 -8.31232e-05     0.392252
IMAGINARY
          0  0.00904605  -0.0167579  0.00824276
-0.00904605           0  -0.0129032  -0.0161368
  0.0167579   0.0129032           0  0.00279605
-0.00824276   0.0161368 -0.00279605           0
EndNode2[0]<--->HoM1[0]
REAL
    0.412067  -0.00510857   0.00339674     0.308915
 -0.00510857    0.0834403    0.0401897  -0.00339674
  0.00339674    0.0401897    0.0872914 -6.52435e-06
    0.308915  -0.00339674 -6.52435e-06     0.417202
IMAGINARY
          0 -0.00258835  -0.0107591  -0.0071965
 0.00258835           0   0.0071965 -0.00698074
  0.0107591  -0.0071965           0  -0.0006968
  0.0071965  0.00698074   0.0006968           0
Repeater1[0]<--->EndNode1[0]
REAL
    0.443099    0.0306507  -0.00526447     0.322629
   0.0306507    0.0750605    0.0436814 -8.31232e-05
 -0.00526447    0.0436814    0.0895884   -0.0333245
    0.322629 -8.31232e-05   -0.0333245     0.392252
IMAGINARY
          0  -0.0167579  0.00904605  0.00824276
  0.0167579           0   0.0129032  0.00279605
-0.00904605  -0.0129032           0  -0.0161368
-0.00824276 -0.00279605   0.0161368           0
Repeater1[0]<--->HoM1[0]
REAL
    0.412067   0.00339674  -0.00510857     0.308915
  0.00339674    0.0872914    0.0401897 -6.52435e-06
 -0.00510857    0.0401897    0.0834403  -0.00339674
    0.308915 -6.52435e-06  -0.00339674     0.417202
IMAGINARY
          0  -0.0107591 -0.00258835  -0.0071965
  0.0107591           0  -0.0071965  -0.0006968
 0.00258835   0.0071965           0 -0.00698074
  0.0071965   0.0006968  0.00698074           0
EndNode1[0]<--->Repeater1[0]
REAL
   0.432083  0.00467415 -0.00577557      0.3173
 0.00467415   0.0789133   0.0403972 -0.00133957
-0.00577557   0.0403972    0.076326 -0.00402732
     0.3173 -0.00133957 -0.00402732    0.412678
IMAGINARY
          0  -0.0122453 -0.00664945 -0.00738916
  0.0122453           0  0.00738916  0.00927412
 0.00664945 -0.00738916           0   0.0201193
 0.00738916 -0.00927412  -0.0201193           0
EndNode2[0]<--->HoM1[0]
REAL
   0.433862 -0.00163154  0.00378565    0.309482
-0.00163154   0.0833333   0.0410338   0.0245649
 0.00378565   0.0410338   0.0740741  -0.0035231
   0.309482   0.0245649  -0.0035231     0.40873
IMAGINARY
           0    0.0085293 -0.000709911 -0.000449719
  -0.0085293            0  -0.00937829     0.010888
 0.000709911   0.00937829            0   -0.0136184
 0.000449719    -0.010888    0.0136184            0
Repeater1[0]<--->EndNode1[0]
REAL
   0.432083 -0.00577557  0.00467415      0.3173
-0.00577557    0.076326   0.0403972 -0.00402732
 0.00467415   0.0403972   0.0789133 -0.00133957
     0.3173 -0.00402732 -0.00133957    0.412678
IMAGINARY
          0 -0.00664945  -0.0122453 -0.00738916
 0.00664945           0 -0.00738916   0.0201193
  0.0122453  0.00738916           0  0.00927412
 0.00738916  -0.0201193 -0.00927412           0
Repeater1[0]<--->HoM1[0]
REAL
   0.433862  0.00378565 -0.00163154    0.309482
 0.00378565   0.0740741   0.0410338  -0.0035231
-0.00163154   0.0410338   0.0833333   0.0245649
   0.309482  -0.0035231   0.0245649     0.40873
IMAGINARY
           0 -0.000709911    0.0085293 -0.000449719
 0.000709911            0   0.00937829   -0.0136184
  -0.0085293  -0.00937829            0     0.010888
 0.000449719    0.0136184    -0.010888            0
EndNode1[0]<--->Repeater1[0]
REAL
    0.430769   0.00231148 -5.21598e-05     0.313383
  0.00231148    0.0934911    0.0468459   -0.0209135
-5.21598e-05    0.0468459    0.0911243    0.0173836
    0.313383   -0.0209135    0.0173836     0.384615
IMAGINARY
          0   0.0100749  -0.0189739  0.00624179
 -0.0100749           0 -0.00624179  0.00794922
  0.0189739  0.00624179           0  0.00613785
-0.00624179 -0.00794922 -0.00613785           0
EndNode2[0]<--->HoM1[0]
REAL
   0.444152   0.0108855   0.0161019    0.332715
  0.0108855   0.0591327   0.0533606 0.000353832
  0.0161019   0.0533606   0.0946124 0.000506947
   0.332715 0.000353832 0.000506947    0.402102
IMAGINARY
          0 -0.00856067   0.0035409   0.0298688
 0.00856067           0   0.0188154 -0.00805703
 -0.0035409  -0.0188154           0  0.00920583
 -0.0298688  0.00805703 -0.00920583           0
Repeater1[0]<--->EndNode1[0]
REAL
    0.430769 -5.21598e-05   0.00231148     0.313383
-5.21598e-05    0.0911243    0.0468459    0.0173836
  0.00231148    0.0468459    0.0934911   -0.0209135
    0.313383    0.0173836   -0.0209135     0.384615
IMAGINARY
          0  -0.0189739   0.0100749  0.00624179
  0.0189739           0  0.00624179  0.00613785
 -0.0100749 -0.00624179           0  0.00794922
-0.00624179 -0.00613785 -0.00794922           0
Repeater1[0]<--->HoM1[0]
REAL
   0.444152   0.0161019   0.0108855    0.332715
  0.0161019   0.0946124   0.0533606 0.000506947
  0.0108855   0.0533606   0.0591327 0.000353832
   0.332715 0.000506947 0.000353832    0.402102
IMAGINARY
          0   0.0035409 -0.00856067   0.0298688
 -0.0035409           0  -0.0188154  0.00920583
 0.00856067   0.0188154           0 -0.00805703
 -0.0298688 -0.00920583  0.00805703           0
EndNode1[0]<--->Repeater1[0]
REAL
   0.416667  -0.0090448   0.0265544    0.332449
 -0.0090448   0.0833333   0.0354263 -0.00194301
  0.0265544   0.0354263   0.0910256   0.0232935
   0.332449 -0.00194301   0.0232935    0.408974
IMAGINARY
          0    0.018215  -0.0161466   0.0230553
  -0.018215           0  -0.0137468  -0.0278317
  0.0161466   0.0137468           0  0.00411245
