EndNode1[0]<--->Repeater1[0]
REAL
   0.421581  0.00529562   0.0100568    0.384567
 0.00529562   0.0790464   0.0604332 -0.00130682
  0.0100568   0.0604332   0.0589711  0.00595438
   0.384567 -0.00130682  0.00595438    0.440402
IMAGINARY
          0  0.00692771 -0.00452409 -0.00232301
-0.00692771           0  0.00168769  -0.0166569
 0.00452409 -0.00168769           0    0.015537
 0.00232301   0.0166569   -0.015537           0
EndNode2[0]<--->HoM1[0]
REAL
  0.420596  0.0318984  0.0182586   0.392558
 0.0318984  0.0620347  0.0475776  0.0109931
 0.0182586  0.0475776  0.0595533 0.00551653
  0.392558  0.0109931 0.00551653   0.457816
IMAGINARY
           0  -0.00127065   -0.0105684   0.00685866
  0.00127065            0   -0.0106852    0.0200983
   0.0105684    0.0106852            0 -0.000635324
 -0.00685866   -0.0200983  0.000635324            0
Repeater1[0]<--->EndNode1[0]
REAL
   0.421581   0.0100568  0.00529562    0.384567
  0.0100568   0.0589711   0.0604332  0.00595438
 0.00529562   0.0604332   0.0790464 -0.00130682
   0.384567  0.00595438 -0.00130682    0.440402
IMAGINARY
          0 -0.00452409  0.00692771 -0.00232301
 0.00452409           0 -0.00168769    0.015537
-0.00692771  0.00168769           0  -0.0166569
 0.00232301   -0.015537   0.0166569           0
Repeater1[0]<--->HoM1[0]
REAL
  0.420596  0.0182586  0.0318984   0.392558
 0.0182586  0.0595533  0.0475776 0.00551653
 0.0318984  0.0475776  0.0620347  0.0109931
  0.392558 0.00551653  0.0109931   0.457816
IMAGINARY
           0   -0.0105684  -0.00127065   0.00685866
   0.0105684            0    0.0106852 -0.000635324
  0.00127065   -0.0106852            0    0.0200983
 -0.00685866  0.000635324   -0.0200983            0
EndNode1[0]<--->Repeater1[0]
REAL
  0.426719 0.00691523  0.0121272   0.392398
0.00691523  0.0596628   0.034898   0.008281
 0.0121272   0.034898  0.0609598  0.0249725
  0.392398   0.008281  0.0249725   0.452659
IMAGINARY
          0 -0.00436001   0.0303911 -0.00211068
 0.00436001           0   0.0136788  -0.0278911
 -0.0303911  -0.0136788           0     0.01186
 0.00211068   0.0278911    -0.01186           0
EndNode2[0]<--->HoM1[0]
REAL
    0.44375  0.00960059   0.0099603    0.386943
 0.00960059       0.065   0.0349525 -0.00163764
  0.0099603   0.0349525       0.065   0.0102458
   0.386943 -0.00163764   0.0102458     0.42625
IMAGINARY
          0   0.0109704 -0.00778266   0.0182801
 -0.0109704           0  0.00588344  -0.0183367
 0.00778266 -0.00588344           0  0.00644256
 -0.0182801   0.0183367 -0.00644256           0
Repeater1[0]<--->EndNode1[0]
REAL
  0.426719  0.0121272 0.00691523   0.392398
 0.0121272  0.0609598   0.034898  0.0249725
0.00691523   0.034898  0.0596628   0.008281
  0.392398  0.0249725   0.008281   0.452659
IMAGINARY
          0   0.0303911 -0.00436001 -0.00211068
 -0.0303911           0  -0.0136788     0.01186
 0.00436001   0.0136788           0  -0.0278911
 0.00211068    -0.01186   0.0278911           0
Repeater1[0]<--->HoM1[0]
REAL
    0.44375   0.0099603  0.00960059    0.386943
  0.0099603       0.065   0.0349525   0.0102458
 0.00960059   0.0349525       0.065 -0.00163764
   0.386943   0.0102458 -0.00163764     0.42625
IMAGINARY
          0 -0.00778266   0.0109704   0.0182801
 0.00778266           0 -0.00588344  0.00644256
 -0.0109704  0.00588344           0  -0.0183367
 -0.0182801 -0.00644256   0.0183367           0
EndNode1[0]<--->Repeater1[0]
REAL
  0.438619  0.0106018 0.00499977   0.379193
 0.0106018  0.0741688  0.0342801 0.00179875
0.00499977  0.0342801  0.0524297 0.00361326
  0.379193 0.00179875 0.00361326   0.434783
IMAGINARY
          0  -0.0103507 -0.00852434   0.0093068
  0.0103507           0  -0.0093068  -0.0125675
 0.00852434   0.0093068           0   0.0277204
 -0.0093068   0.0125675  -0.0277204           0
EndNode2[0]<--->HoM1[0]
REAL
    0.427673     0.015074  -0.00438851     0.391179
    0.015074     0.072956    0.0370393 -0.000561982
 -0.00438851    0.0370393    0.0666667   -0.0175492
    0.391179 -0.000561982   -0.0175492     0.432704
IMAGINARY
           0    0.0132215  -0.00829808   -0.0174174
  -0.0132215            0  -0.00815809    0.0181535
  0.00829808   0.00815809            0 -0.000737908
   0.0174174   -0.0181535  0.000737908            0
Repeater1[0]<--->EndNode1[0]
REAL
  0.438619 0.00499977  0.0106018   0.379193
0.00499977  0.0524297  0.0342801 0.00361326
 0.0106018  0.0342801  0.0741688 0.00179875
  0.379193 0.00361326 0.00179875   0.434783
IMAGINARY
          0 -0.00852434  -0.0103507   0.0093068
 0.00852434           0   0.0093068   0.0277204
  0.0103507  -0.0093068           0  -0.0125675
 -0.0093068  -0.0277204   0.0125675           0
Repeater1[0]<--->HoM1[0]
REAL
    0.427673  -0.00438851     0.015074     0.391179
 -0.00438851    0.0666667    0.0370393   -0.0175492
    0.015074    0.0370393     0.072956 -0.000561982
    0.391179   -0.0175492 -0.000561982     0.432704
IMAGINARY
           0  -0.00829808    0.0132215   -0.0174174
  0.00829808            0   0.00815809 -0.000737908
  -0.0132215  -0.00815809            0    0.0181535
   0.0174174  0.000737908   -0.0181535            0
EndNode1[0]<--->Repeater1[0]
REAL
   0.427632 -0.00889847  -0.0142337    0.395259
-0.00889847   0.0592105    0.045452 -0.00487039
 -0.0142337    0.045452   0.0789474  -0.0115231
   0.395259 -0.00487039  -0.0115231    0.434211
IMAGINARY
          0    0.018651 -0.00588536 -0.00535939
  -0.018651           0 -0.00535939  -0.0152956
 0.00588536  0.00535939           0  0.00894851
 0.00535939   0.0152956 -0.00894851           0
EndNode2[0]<--->HoM1[0]
REAL
    0.435669    0.0244896 -0.000195348     0.377647
   0.0244896    0.0496815    0.0318022    0.0290667
-0.000195348    0.0318022    0.0649682   0.00831882
    0.377647    0.0290667   0.00831882     0.449682
IMAGINARY
           0    0.0162083    0.0123331  0.000424762
  -0.0162083            0    0.0193642   -0.0257379
  -0.0123331   -0.0193642            0   -0.0121868
-0.000424762    0.0257379    0.0121868            0
Repeater1[0]<--->EndNode1[0]
REAL
   0.427632  -0.0142337 -0.00889847    0.395259
 -0.0142337   0.0789474    0.045452  -0.0115231
-0.00889847    0.045452   0.0592105 -0.00487039
   0.395259  -0.0115231 -0.00487039    0.434211
IMAGINARY
          0 -0.00588536    0.018651 -0.00535939
 0.00588536           0  0.00535939  0.00894851
  -0.018651 -0.00535939           0  -0.0152956
 0.00535939 -0.00894851   0.0152956           0
Repeater1[0]<--->HoM1[0]
REAL
    0.435669 -0.000195348    0.0244896     0.377647
-0.000195348    0.0649682    0.0318022   0.00831882
   0.0244896    0.0318022    0.0496815    0.0290667
    0.377647   0.00831882    0.0290667     0.449682
IMAGINARY
           0    0.0123331    0.0162083  0.000424762
  -0.0123331            0   -0.0193642   -0.0121868
  -0.0162083    0.0193642            0   -0.0257379
-0.000424762    0.0121868    0.0257379            0
EndNode1[0]<--->Repeater1[0]
REAL
   0.413474  -0.0100408    0.011618    0.381901
 -0.0100408   0.0700132    0.054853 -0.00803803
   0.011618    0.054853   0.0700132 -0.00427898
   0.381901 -0.00803803 -0.00427898    0.446499
IMAGINARY
          0  0.00181452  -0.0208045   0.0119782
-0.00181452           0 -0.00771684  0.00845081
  0.0208045  0.00771684           0   0.0118396
 -0.0119782 -0.00845081  -0.0118396           0
EndNode2[0]<--->HoM1[0]
REAL
   0.412634   0.0243511   0.0168953    0.383112
  0.0243511   0.0577957   0.0290506  0.00878041
  0.0168953   0.0290506   0.0725806 -0.00272948
   0.383112  0.00878041 -0.00272948    0.456989
IMAGINARY
          0 -0.00232001  -0.0109144   0.0135536
 0.00232001           0  0.00330031 -0.00177599
  0.0109144 -0.00330031           0  -0.0268678
 -0.0135536  0.00177599   0.0268678           0
Repeater1[0]<--->EndNode1[0]
REAL
   0.413474    0.011618  -0.0100408    0.381901
   0.011618   0.0700132    0.054853 -0.00427898
 -0.0100408    0.054853   0.0700132 -0.00803803
   0.381901 -0.00427898 -0.00803803    0.446499
IMAGINARY
          0  -0.0208045  0.00181452   0.0119782
  0.0208045           0  0.00771684   0.0118396
-0.00181452 -0.00771684           0  0.00845081
 -0.0119782  -0.0118396 -0.00845081           0
Repeater1[0]<--->HoM1[0]
REAL
   0.412634   0.0168953   0.0243511    0.383112
  0.0168953   0.0725806   0.0290506 -0.00272948
  0.0243511   0.0290506   0.0577957  0.00878041
   0.383112 -0.00272948  0.00878041    0.456989
IMAGINARY
          0  -0.0109144 -0.00232001   0.0135536
  0.0109144           0 -0.00330031  -0.0268678
 0.00232001  0.00330031           0 -0.00177599
 -0.0135536   0.0268678  0.00177599           0
EndNode1[0]<--->Repeater1[0]
REAL
    0.45625  -0.0131343  0.00654611    0.381258
 -0.0131343      0.0825   0.0511214  -0.0293029
 0.00654611   0.0511214        0.07 -0.00702179
   0.381258  -0.0293029 -0.00702179     0.39125
IMAGINARY
          0  0.00583746 -0.00480895  0.00902984
-0.00583746           0  0.00202347    0.014398
 0.00480895 -0.00202347           0 -0.00172787
-0.00902984   -0.014398  0.00172787           0
EndNode2[0]<--->HoM1[0]
REAL
       0.45 -0.00874876   0.0106971     0.37664
-0.00874876     0.06375   0.0268926  -0.0134145
  0.0106971   0.0268926        0.05   0.0128248
    0.37664  -0.0134145   0.0128248     0.43625
IMAGINARY
          0 -0.00583258   0.0190125  0.00422478
 0.00583258           0  0.00294601   -0.013962
 -0.0190125 -0.00294601           0  -0.0257331
-0.00422478    0.013962   0.0257331           0
Repeater1[0]<--->EndNode1[0]
REAL
    0.45625  0.00654611  -0.0131343    0.381258
 0.00654611        0.07   0.0511214 -0.00702179
 -0.0131343   0.0511214      0.0825  -0.0293029
   0.381258 -0.00702179  -0.0293029     0.39125
IMAGINARY
          0 -0.00480895  0.00583746  0.00902984
 0.00480895           0 -0.00202347 -0.00172787
-0.00583746  0.00202347           0    0.014398
-0.00902984  0.00172787   -0.014398           0
Repeater1[0]<--->HoM1[0]
REAL
       0.45   0.0106971 -0.00874876     0.37664
  0.0106971        0.05   0.0268926   0.0128248
-0.00874876   0.0268926     0.06375  -0.0134145
    0.37664   0.0128248  -0.0134145     0.43625
IMAGINARY
          0   0.0190125 -0.00583258  0.00422478
 -0.0190125           0 -0.00294601  -0.0257331
 0.00583258  0.00294601           0   -0.013962
-0.00422478   0.0257331    0.013962           0
EndNode1[0]<--->Repeater1[0]
REAL
    0.43807  0.00933827   0.0158009    0.390746
 0.00933827   0.0730117   0.0347351 -0.00858935
  0.0158009   0.0347351   0.0743155   0.0147002
   0.390746 -0.00858935   0.0147002    0.414602
IMAGINARY
           0    0.0265706  -0.00972299    0.0108611
  -0.0265706            0 -0.000279113  -0.00150554
  0.00972299  0.000279113            0     0.001831
  -0.0108611   0.00150554    -0.001831            0
EndNode2[0]<--->HoM1[0]
REAL
   0.397403   -0.027636    -0.02883    0.386364
  -0.027636   0.0818182    0.030303  -0.0103114
   -0.02883    0.030303   0.0675325 -0.00645495
   0.386364  -0.0103114 -0.00645495    0.453247
IMAGINARY
          0  0.00197628   0.0244426 -0.00460434
-0.00197628           0   0.0152962 -0.00676587
 -0.0244426  -0.0152962           0  -0.0171278
 0.00460434  0.00676587   0.0171278           0
Repeater1[0]<--->EndNode1[0]
REAL
    0.43807   0.0158009  0.00933827    0.390746
  0.0158009   0.0743155   0.0347351   0.0147002
 0.00933827   0.0347351   0.0730117 -0.00858935
   0.390746   0.0147002 -0.00858935    0.414602
IMAGINARY
           0  -0.00972299    0.0265706    0.0108611
  0.00972299            0  0.000279113     0.001831
  -0.0265706 -0.000279113            0  -0.00150554
  -0.0108611    -0.001831   0.00150554            0
Repeater1[0]<--->HoM1[0]
REAL
   0.397403    -0.02883   -0.027636    0.386364
   -0.02883   0.0675325    0.030303 -0.00645495
  -0.027636    0.030303   0.0818182  -0.0103114
   0.386364 -0.00645495  -0.0103114    0.453247
IMAGINARY
          0   0.0244426  0.00197628 -0.00460434
 -0.0244426           0  -0.0152962  -0.0171278
-0.00197628   0.0152962           0 -0.00676587
 0.00460434   0.0171278  0.00676587           0
EndNode1[0]<--->Repeater1[0]
REAL
  0.436224 -0.0173332 -0.0125498   0.390818
-0.0173332     0.0625  0.0314045 0.00761151
-0.0125498  0.0314045   0.059949 0.00128382
  0.390818 0.00761151 0.00128382   0.441327
IMAGINARY
          0  0.00252109 -0.00668392 -0.00277991
-0.00252109           0 -0.00601406   -0.007986
 0.00668392  0.00601406           0  0.00848135
 0.00277991    0.007986 -0.00848135           0
EndNode2[0]<--->HoM1[0]
REAL
    0.430591    0.0129072  -0.00330304     0.374369
   0.0129072    0.0616967    0.0466119 -0.000784151
 -0.00330304    0.0466119    0.0565553  -0.00609519
    0.374369 -0.000784151  -0.00609519     0.451157
IMAGINARY
          0   0.0108331  -0.0142435 -0.00767424
 -0.0108331           0  -0.0192075  -0.0123984
  0.0142435   0.0192075           0  0.00217801
 0.00767424   0.0123984 -0.00217801           0
Repeater1[0]<--->EndNode1[0]
REAL
  0.436224 -0.0125498 -0.0173332   0.390818
-0.0125498   0.059949  0.0314045 0.00128382
-0.0173332  0.0314045     0.0625 0.00761151
  0.390818 0.00128382 0.00761151   0.441327
IMAGINARY
          0 -0.00668392  0.00252109 -0.00277991
 0.00668392           0  0.00601406  0.00848135
-0.00252109 -0.00601406           0   -0.007986
 0.00277991 -0.00848135    0.007986           0
Repeater1[0]<--->HoM1[0]
REAL
    0.430591  -0.00330304    0.0129072     0.374369
 -0.00330304    0.0565553    0.0466119  -0.00609519
   0.0129072    0.0466119    0.0616967 -0.000784151
    0.374369  -0.00609519 -0.000784151     0.451157
IMAGINARY
          0  -0.0142435   0.0108331 -0.00767424
  0.0142435           0   0.0192075  0.00217801
 -0.0108331  -0.0192075           0  -0.0123984
 0.00767424 -0.00217801   0.0123984           0
EndNode1[0]<--->Repeater1[0]
REAL
  0.392287 0.00921875 -0.0066788   0.383538
0.00921875  0.0678191  0.0565661  0.0118871
-0.0066788  0.0565661  0.0837766  0.0142188
  0.383538  0.0118871  0.0142188   0.456117
IMAGINARY
          0    0.016446  0.00684657  -0.0134009
  -0.016446           0  0.00475892   0.0122374
-0.00684657 -0.00475892           0  -0.0100846
  0.0134009  -0.0122374   0.0100846           0
EndNode2[0]<--->HoM1[0]
REAL
 0.452196 0.0142952  0.015457  0.368973
0.0142952 0.0697674 0.0624791  0.015457
 0.015457 0.0624791 0.0839793 0.0233392
 0.368973  0.015457 0.0233392  0.394057
IMAGINARY
          0   0.0127364  0.00655431  0.00019158
 -0.0127364           0   0.0119103 -0.00655431
-0.00655431  -0.0119103           0 -0.00104807
-0.00019158  0.00655431  0.00104807           0
Repeater1[0]<--->EndNode1[0]
REAL
  0.392287 -0.0066788 0.00921875   0.383538
-0.0066788  0.0837766  0.0565661  0.0142187
0.00921875  0.0565661  0.0678191  0.0118871
  0.383538  0.0142187  0.0118871   0.456117
IMAGINARY
          0  0.00684657    0.016446  -0.0134009
-0.00684657           0 -0.00475892  -0.0100846
  -0.016446  0.00475892           0   0.0122374
  0.0134009   0.0100846  -0.0122374           0
Repeater1[0]<--->HoM1[0]
REAL
 0.452196  0.015457 0.0142952  0.368973
 0.015457 0.0839793 0.0624791 0.0233392
0.0142952 0.0624791 0.0697674  0.015457
 0.368973 0.0233392  0.015457  0.394057
IMAGINARY
          0  0.00655431   0.0127364  0.00019158
-0.00655431           0  -0.0119103 -0.00104807
 -0.0127364   0.0119103           0 -0.00655431
-0.00019158  0.00104807  0.00655431           0
EndNode1[0]<--->Repeater1[0]
REAL
  0.418367  0.0105355   0.010096   0.390097
 0.0105355   0.067602  0.0383862 -0.0279751
  0.010096  0.0383862  0.0765306 -0.0234825
  0.390097 -0.0279751 -0.0234825     0.4375
IMAGINARY
           0   0.00581436 -1.51485e-05    0.0110172
 -0.00581436            0   0.00190266  0.000648862
 1.51485e-05  -0.00190266            0    0.0150982
  -0.0110172 -0.000648862   -0.0150982            0
EndNode2[0]<--->HoM1[0]
REAL
   0.436412  -0.0194573  0.00402862    0.395825
 -0.0194573   0.0669344   0.0520355 -0.00937621
 0.00402862   0.0520355   0.0696118 -0.00594378
   0.395825 -0.00937621 -0.00594378    0.427041
IMAGINARY
          0  0.00153079  0.00180073   0.0143203
-0.00153079           0 -0.00510976 -0.00756257
-0.00180073  0.00510976           0  0.00935269
 -0.0143203  0.00756257 -0.00935269           0
Repeater1[0]<--->EndNode1[0]
REAL
  0.418367   0.010096  0.0105355   0.390097
  0.010096  0.0765306  0.0383862 -0.0234825
 0.0105355  0.0383862   0.067602 -0.0279751
  0.390097 -0.0234825 -0.0279751     0.4375
IMAGINARY
           0 -1.51485e-05   0.00581436    0.0110172
 1.51485e-05            0  -0.00190266    0.0150982
 -0.00581436   0.00190266            0  0.000648862
  -0.0110172   -0.0150982 -0.000648862            0
Repeater1[0]<--->HoM1[0]
REAL
   0.436412  0.00402862  -0.0194573    0.395825
 0.00402862   0.0696118   0.0520355 -0.00594378
 -0.0194573   0.0520355   0.0669344 -0.00937621
   0.395825 -0.00594378 -0.00937621    0.427041
IMAGINARY
          0  0.00180073  0.00153079   0.0143203
-0.00180073           0  0.00510976  0.00935269
-0.00153079 -0.00510976           0 -0.00756257
 -0.0143203 -0.00935269  0.00756257           0
EndNode1[0]<--->Repeater1[0]
REAL
  0.458896 -0.0083741 -0.0114991   0.382407
-0.0083741  0.0736196   0.039606   0.012128
-0.0114991   0.039606  0.0662577 0.00397158
  0.382407   0.012128 0.00397158   0.401227
IMAGINARY
          0   0.0122829 -0.00877709  0.00375486
 -0.0122829           0 -0.00844027   0.0147216
 0.00877709  0.00844027           0  0.00158768
-0.00375486  -0.0147216 -0.00158768           0
EndNode2[0]<--->HoM1[0]
REAL
   0.429087  -0.0013347 -0.00630207    0.378355
 -0.0013347   0.0612981   0.0467095  0.00242611
-0.00630207   0.0467095   0.0588942 4.27104e-05
   0.378355  0.00242611 4.27104e-05    0.450721
IMAGINARY
           0   6.4748e-05 -0.000311987   -0.0119268
 -6.4748e-05            0   -0.0159591 -0.000953836
 0.000311987    0.0159591            0    -0.012723
   0.0119268  0.000953836     0.012723            0
Repeater1[0]<--->EndNode1[0]
REAL
  0.458896 -0.0114991 -0.0083741   0.382407
-0.0114991  0.0662577   0.039606 0.00397158
-0.0083741   0.039606  0.0736196   0.012128
  0.382407 0.00397158   0.012128   0.401227
IMAGINARY
          0 -0.00877709   0.0122829  0.00375486
 0.00877709           0  0.00844027  0.00158768
 -0.0122829 -0.00844027           0   0.0147216
-0.00375486 -0.00158768  -0.0147216           0
Repeater1[0]<--->HoM1[0]
REAL
   0.429087 -0.00630207  -0.0013347    0.378355
-0.00630207   0.0588942   0.0467095 4.27104e-05
 -0.0013347   0.0467095   0.0612981  0.00242611
   0.378355 4.27104e-05  0.00242611    0.450721
IMAGINARY
           0 -0.000311987   6.4748e-05   -0.0119268
 0.000311987            0    0.0159591    -0.012723
 -6.4748e-05   -0.0159591            0 -0.000953836
   0.0119268     0.012723  0.000953836            0
EndNode1[0]<--->Repeater1[0]
REAL
    0.438217   -0.0016615   -0.0216535     0.396653
  -0.0016615    0.0726115     0.026424    0.0155806
  -0.0216535     0.026424     0.044586 -0.000362795
    0.396653    0.0155806 -0.000362795     0.444586
IMAGINARY
          0  -0.0231726   0.0119712 -0.00515706
  0.0231726           0 -0.00706788   0.0249245
 -0.0119712  0.00706788           0 -0.00863403
 0.00515706  -0.0249245  0.00863403           0
EndNode2[0]<--->HoM1[0]
REAL
   0.415484   0.0104388 -0.00547872    0.384369
  0.0104388   0.0645161   0.0493812   0.0104787
-0.00547872   0.0493812   0.0541935 -0.00418883
   0.384369   0.0104787 -0.00418883    0.465806
IMAGINARY
          0   0.0119505  0.00111235   0.0320863
 -0.0119505           0    0.011392  -0.0333704
-0.00111235   -0.011392           0  0.00417851
 -0.0320863   0.0333704 -0.00417851           0
Repeater1[0]<--->EndNode1[0]
REAL
    0.438217   -0.0216535   -0.0016615     0.396653
  -0.0216535     0.044586     0.026424 -0.000362795
  -0.0016615     0.026424    0.0726115    0.0155806
    0.396653 -0.000362795    0.0155806     0.444586
IMAGINARY
          0   0.0119712  -0.0231726 -0.00515706
 -0.0119712           0  0.00706788 -0.00863403
  0.0231726 -0.00706788           0   0.0249245
 0.00515706  0.00863403  -0.0249245           0
Repeater1[0]<--->HoM1[0]
REAL
   0.415484 -0.00547872   0.0104388    0.384369
-0.00547872   0.0541935   0.0493812 -0.00418883
  0.0104388   0.0493812   0.0645161   0.0104787
   0.384369 -0.00418883   0.0104787    0.465806
IMAGINARY
          0  0.00111235   0.0119505   0.0320863
-0.00111235           0   -0.011392  0.00417851
 -0.0119505    0.011392           0  -0.0333704
 -0.0320863 -0.00417851   0.0333704           0
EndNode1[0]<--->Repeater1[0]
REAL
  0.447334  0.0012269 -0.0119941   0.403893
 0.0012269  0.0663199  0.0465632 -0.0160372
-0.0119941  0.0465632  0.0819246 -0.0318658
  0.403893 -0.0160372 -0.0318658   0.404421
IMAGINARY
          0   0.0161159  0.00405693  0.00987289
 -0.0161159           0 -0.00613224 -0.00798363
-0.00405693  0.00613224           0  0.00220866
-0.00987289  0.00798363 -0.00220866           0
EndNode2[0]<--->HoM1[0]
REAL
  0.479503 0.00461209 -0.0022667   0.383722
0.00461209  0.0559006  0.0459862 -0.0043646
-0.0022667  0.0459862  0.0745342 -0.0178747
  0.383722 -0.0043646 -0.0178747   0.390062
IMAGINARY
           0 -0.000447071  -0.00536259    0.0039426
 0.000447071            0   -0.0066164    0.0034758
  0.00536259    0.0066164            0  -0.00647117
  -0.0039426   -0.0034758   0.00647117            0
Repeater1[0]<--->EndNode1[0]
REAL
  0.447334 -0.0119941  0.0012269   0.403893
-0.0119941  0.0819246  0.0465632 -0.0318658
 0.0012269  0.0465632  0.0663199 -0.0160372
  0.403893 -0.0318658 -0.0160372   0.404421
IMAGINARY
          0  0.00405693   0.0161159  0.00987289
-0.00405693           0  0.00613224  0.00220866
 -0.0161159 -0.00613224           0 -0.00798363
-0.00987289 -0.00220866  0.00798363           0
Repeater1[0]<--->HoM1[0]
REAL
  0.479503 -0.0022667 0.00461209   0.383722
-0.0022667  0.0745342  0.0459862 -0.0178747
0.00461209  0.0459862  0.0559006 -0.0043646
  0.383722 -0.0178747 -0.0043646   0.390062
IMAGINARY
           0  -0.00536259 -0.000447071    0.0039426
  0.00536259            0    0.0066164  -0.00647117
 0.000447071   -0.0066164            0    0.0034758
  -0.0039426   0.00647117   -0.0034758            0
EndNode1[0]<--->Repeater1[0]
REAL
   0.431078  0.00364628   0.0117071    0.386516
 0.00364628   0.0626566   0.0431132 -0.00553427
  0.0117071   0.0431132   0.0614035  0.00623026
   0.386516 -0.00553427  0.00623026    0.444862
IMAGINARY
          0  0.00710776  -0.0176305   0.0152352
-0.00710776           0 -0.00237998 -0.00271478
  0.0176305  0.00237998           0   0.0144705
 -0.0152352  0.00271478  -0.0144705           0
EndNode2[0]<--->HoM1[0]
REAL
  0.398111 -0.0178371 0.00904646   0.372864
-0.0178371  0.0728745  0.0357715 -0.0347035
0.00904646  0.0357715  0.0593792 -0.0140777
  0.372864 -0.0347035 -0.0140777   0.469636
IMAGINARY
          0 -0.00676658   0.0189928  0.00242919
 0.00676658           0 -0.00443722  0.00857613
 -0.0189928  0.00443722           0  -0.0107773
-0.00242919 -0.00857613   0.0107773           0
Repeater1[0]<--->EndNode1[0]
REAL
   0.431078   0.0117071  0.00364628    0.386516
  0.0117071   0.0614035   0.0431132  0.00623026
 0.00364628   0.0431132   0.0626566 -0.00553427
   0.386516  0.00623026 -0.00553427    0.444862
IMAGINARY
          0  -0.0176305  0.00710776   0.0152352
  0.0176305           0  0.00237998   0.0144705
-0.00710776 -0.00237998           0 -0.00271478
 -0.0152352  -0.0144705  0.00271478           0
Repeater1[0]<--->HoM1[0]
REAL
  0.398111 0.00904646 -0.0178371   0.372864
0.00904646  0.0593792  0.0357715 -0.0140777
-0.0178371  0.0357715  0.0728745 -0.0347035
  0.372864 -0.0140777 -0.0347035   0.469636
IMAGINARY
          0   0.0189928 -0.00676658  0.00242919
 -0.0189928           0  0.00443722  -0.0107773
 0.00676658 -0.00443722           0  0.00857613
-0.00242919   0.0107773 -0.00857613           0
EndNode1[0]<--->Repeater1[0]
REAL
    0.421409 -0.000341405 -0.000446713     0.389272
-0.000341405    0.0718157    0.0462115   -0.0144416
-0.000446713    0.0462115    0.0745257   -0.0120655
    0.389272   -0.0144416   -0.0120655     0.432249
IMAGINARY
           0    0.0109799   0.00963146 -0.000753068
  -0.0109799            0  -0.00688052   0.00139318
 -0.00963146   0.00688052            0   0.00523279
 0.000753068  -0.00139318  -0.00523279            0
EndNode2[0]<--->HoM1[0]
REAL
  0.398693 0.00555106 -0.0117882   0.390245
0.00555106  0.0797386   0.037184  0.0222433
-0.0117882   0.037184  0.0679739 0.00121401
  0.390245  0.0222433 0.00121401   0.453595
IMAGINARY
          0  -0.0156709  0.00102041   0.0216908
  0.0156709           0  0.00608699  0.00102041
-0.00102041 -0.00608699           0 -0.00541756
 -0.0216908 -0.00102041  0.00541756           0
Repeater1[0]<--->EndNode1[0]
REAL
    0.421409 -0.000446713 -0.000341405     0.389272
-0.000446713    0.0745257    0.0462115   -0.0120655
-0.000341405    0.0462115    0.0718157   -0.0144416
    0.389272   -0.0120655   -0.0144416     0.432249
IMAGINARY
           0   0.00963146    0.0109799 -0.000753068
 -0.00963146            0   0.00688052   0.00523279
  -0.0109799  -0.00688052            0   0.00139318
 0.000753068  -0.00523279  -0.00139318            0
Repeater1[0]<--->HoM1[0]
REAL
  0.398693 -0.0117882 0.00555106   0.390245
-0.0117882  0.0679739   0.037184 0.00121401
0.00555106   0.037184  0.0797386  0.0222433
  0.390245 0.00121401  0.0222433   0.453595
IMAGINARY
          0  0.00102041  -0.0156709   0.0216908
-0.00102041           0 -0.00608699 -0.00541756
  0.0156709  0.00608699           0  0.00102041
 -0.0216908  0.00541756 -0.00102041           0
EndNode1[0]<--->Repeater1[0]
REAL
   0.424837  -0.0319418  -0.0159019    0.376402
 -0.0319418   0.0836601   0.0411235 0.000437976
 -0.0159019   0.0411235   0.0810458  0.00359124
   0.376402 0.000437976  0.00359124    0.410458
IMAGINARY
          0  0.00518807   0.0204103  0.00422705
-0.00518807           0 -0.00422705   0.0295249
 -0.0204103  0.00422705           0  -0.0304799
-0.00422705  -0.0295249   0.0304799           0
EndNode2[0]<--->HoM1[0]
REAL
  0.455346 0.00791507 -0.0148322   0.377027
0.00791507  0.0591195  0.0591975  0.0212097
-0.0148322  0.0591975  0.0540881  0.0112176
  0.377027  0.0212097  0.0112176   0.431447
IMAGINARY
           0   0.00744108   0.00225727     0.010965
 -0.00744108            0  0.000924851    0.0016187
 -0.00225727 -0.000924851            0    -0.012609
   -0.010965   -0.0016187     0.012609            0
Repeater1[0]<--->EndNode1[0]
REAL
   0.424837  -0.0159019  -0.0319418    0.376402
 -0.0159019   0.0810458   0.0411235  0.00359124
 -0.0319418   0.0411235   0.0836601 0.000437976
   0.376402  0.00359124 0.000437976    0.410458
IMAGINARY
          0   0.0204103  0.00518807  0.00422705
 -0.0204103           0  0.00422705  -0.0304799
-0.00518807 -0.00422705           0   0.0295249
-0.00422705   0.0304799  -0.0295249           0
Repeater1[0]<--->HoM1[0]
REAL
  0.455346 -0.0148322 0.00791507   0.377027
-0.0148322  0.0540881  0.0591975  0.0112176
0.00791507  0.0591975  0.0591195  0.0212097
  0.377027  0.0112176  0.0212097   0.431447
IMAGINARY
           0   0.00225727   0.00744108     0.010965
 -0.00225727            0 -0.000924851    -0.012609
 -0.00744108  0.000924851            0    0.0016187
   -0.010965     0.012609   -0.0016187            0
EndNode1[0]<--->Repeater1[0]
REAL
   0.433511  0.00535802   0.0219048    0.367836
 0.00535802   0.0718085   0.0471638 -0.00190476
  0.0219048   0.0471638   0.0731383  0.00964198
   0.367836 -0.00190476  0.00964198    0.421543
IMAGINARY
          0 -0.00770987   0.0075119  0.00392327
 0.00770987           0 -0.00255341   0.0155267
 -0.0075119  0.00255341           0  -0.0128381
-0.00392327  -0.0155267   0.0128381           0
EndNode2[0]<--->HoM1[0]
REAL
   0.424802 -0.00327678 -0.00236813    0.385858
-0.00327678   0.0817942   0.0445882  -0.0107552
-0.00236813   0.0445882   0.0725594  -0.0137836
   0.385858  -0.0107552  -0.0137836    0.420844
IMAGINARY
          0  -0.0109599    0.024882 -0.00446021
  0.0109599           0   0.0233519  -0.0156227
  -0.024882  -0.0233519           0  0.00434618
 0.00446021   0.0156227 -0.00434618           0
Repeater1[0]<--->EndNode1[0]
REAL
   0.433511   0.0219048  0.00535802    0.367836
  0.0219048   0.0731383   0.0471638  0.00964198
 0.00535802   0.0471638   0.0718085 -0.00190476
   0.367836  0.00964198 -0.00190476    0.421543
IMAGINARY
          0   0.0075119 -0.00770987  0.00392327
 -0.0075119           0  0.00255341  -0.0128381
 0.00770987 -0.00255341           0   0.0155267
-0.00392327   0.0128381  -0.0155267           0
Repeater1[0]<--->HoM1[0]
REAL
   0.424802 -0.00236813 -0.00327678    0.385858
-0.00236813   0.0725594   0.0445882  -0.0137836
-0.00327678   0.0445882   0.0817942  -0.0107552
   0.385858  -0.0137836  -0.0107552    0.420844
IMAGINARY
          0    0.024882  -0.0109599 -0.00446021
  -0.024882           0  -0.0233519  0.00434618
  0.0109599   0.0233519           0  -0.0156227
 0.00446021 -0.00434618   0.0156227           0
EndNode1[0]<--->Repeater1[0]
REAL
   0.452564 -0.00839678  -0.0174827    0.402387
-0.00839678   0.0576923   0.0396419  -0.0200667
 -0.0174827   0.0396419   0.0782051  -0.0265176
   0.402387  -0.0200667  -0.0265176    0.411538
IMAGINARY
           0  -0.00940727 -0.000876975   -0.0209036
  0.00940727            0   0.00196417   0.00545214
 0.000876975  -0.00196417            0  -0.00431822
   0.0209036  -0.00545214   0.00431822            0
EndNode2[0]<--->HoM1[0]
REAL
   0.421308  0.00164825 -0.00232641    0.378439
 0.00164825   0.0786925   0.0569169 -0.00295063
-0.00232641   0.0569169    0.062954  -0.0108831
   0.378439 -0.00295063  -0.0108831    0.437046
IMAGINARY
          0 -0.00791028  -0.0022043  0.00699806
 0.00791028           0  -0.0231688 -0.00960672
  0.0022043   0.0231688           0   0.0197213
-0.00699806  0.00960672  -0.0197213           0
Repeater1[0]<--->EndNode1[0]
REAL
   0.452564  -0.0174827 -0.00839678    0.402387
 -0.0174827   0.0782051   0.0396419  -0.0265176
-0.00839678   0.0396419   0.0576923  -0.0200667
   0.402387  -0.0265176  -0.0200667    0.411538
IMAGINARY
           0 -0.000876975  -0.00940727   -0.0209036
 0.000876975            0  -0.00196417  -0.00431822
  0.00940727   0.00196417            0   0.00545214
   0.0209036   0.00431822  -0.00545214            0
Repeater1[0]<--->HoM1[0]
REAL
   0.421308 -0.00232641  0.00164825    0.378439
-0.00232641    0.062954   0.0569169  -0.0108831
 0.00164825   0.0569169   0.0786925 -0.00295063
   0.378439  -0.0108831 -0.00295063    0.437046
IMAGINARY
          0  -0.0022043 -0.00791028  0.00699806
  0.0022043           0   0.0231688   0.0197213
 0.00791028  -0.0231688           0 -0.00960672
-0.00699806  -0.0197213  0.00960672           0
EndNode1[0]<--->Repeater1[0]
REAL
   0.412533 0.000339065 0.000677342    0.384655
0.000339065   0.0848564   0.0461541  0.00193362
0.000677342   0.0461541   0.0704961 0.000966418
   0.384655  0.00193362 0.000966418    0.432115
IMAGINARY
           0  -0.00104696    0.0202175   -0.0194165
  0.00104696            0  0.000898015    0.0120823
  -0.0202175 -0.000898015            0   -0.0144569
   0.0194165   -0.0120823    0.0144569            0
EndNode2[0]<--->HoM1[0]
REAL
    0.426997  -0.00910492  -0.00479893     0.386858
 -0.00910492    0.0812672     0.041081   -0.0084754
 -0.00479893     0.041081     0.077135 -0.000376745
    0.386858   -0.0084754 -0.000376745     0.414601
IMAGINARY
          0  0.00879092  -0.0129568   0.0171731
-0.00879092           0  -0.0138705  0.00622482
  0.0129568   0.0138705           0 -0.00450695
 -0.0171731 -0.00622482  0.00450695           0
Repeater1[0]<--->EndNode1[0]
REAL
   0.412533 0.000677342 0.000339065    0.384655
0.000677342   0.0704961   0.0461541 0.000966418
0.000339065   0.0461541   0.0848564  0.00193362
   0.384655 0.000966418  0.00193362    0.432115
IMAGINARY
           0    0.0202175  -0.00104696   -0.0194165
  -0.0202175            0 -0.000898015   -0.0144569
  0.00104696  0.000898015            0    0.0120823
   0.0194165    0.0144569   -0.0120823            0
Repeater1[0]<--->HoM1[0]
REAL
    0.426997  -0.00479893  -0.00910492     0.386858
 -0.00479893     0.077135     0.041081 -0.000376745
 -0.00910492     0.041081    0.0812672   -0.0084754
    0.386858 -0.000376745   -0.0084754     0.414601
IMAGINARY
          0  -0.0129568  0.00879092   0.0171731
  0.0129568           0   0.0138705 -0.00450695
-0.00879092  -0.0138705           0  0.00622482
 -0.0171731  0.00450695 -0.00622482           0
EndNode1[0]<--->Repeater1[0]
REAL
   0.42987  0.0113338 -0.0343709   0.382958
 0.0113338  0.0688312  0.0379244  0.0246433
-0.0343709  0.0379244  0.0753247 -0.0119823
  0.382958  0.0246433 -0.0119823   0.425974
IMAGINARY
          0 -0.00820053  0.00161589 -0.00661295
 0.00820053           0   0.0343907   0.0136159
-0.00161589  -0.0343907           0 -0.00570676
 0.00661295  -0.0136159  0.00570676           0
EndNode2[0]<--->HoM1[0]
REAL
   0.449351   0.0521991   0.0315339    0.379821
  0.0521991   0.0558442   0.0552599  0.00279823
  0.0315339   0.0552599   0.0636364 -0.00288569
   0.379821  0.00279823 -0.00288569    0.431169
IMAGINARY
           0    0.0132864   0.00921492  -0.00339993
  -0.0132864            0    0.0194427  -0.00670865
 -0.00921492   -0.0194427            0 -0.000755093
  0.00339993   0.00670865  0.000755093            0
Repeater1[0]<--->EndNode1[0]
REAL
   0.42987 -0.0343709  0.0113338   0.382958
-0.0343709  0.0753247  0.0379244 -0.0119823
 0.0113338  0.0379244  0.0688312  0.0246433
  0.382958 -0.0119823  0.0246433   0.425974
IMAGINARY
          0  0.00161589 -0.00820053 -0.00661295
-0.00161589           0  -0.0343907 -0.00570676
 0.00820053   0.0343907           0   0.0136159
 0.00661295  0.00570676  -0.0136159           0
Repeater1[0]<--->HoM1[0]
REAL
   0.449351   0.0315339   0.0521991    0.379821
  0.0315339   0.0636364   0.0552599 -0.00288569
  0.0521991   0.0552599   0.0558442  0.00279823
   0.379821 -0.00288569  0.00279823    0.431169
IMAGINARY
           0   0.00921492    0.0132864  -0.00339993
 -0.00921492            0   -0.0194427 -0.000755093
  -0.0132864    0.0194427            0  -0.00670865
  0.00339993  0.000755093   0.00670865            0
EndNode1[0]<--->Repeater1[0]
REAL
  0.446292 -0.0156939 -0.0251455    0.38609
-0.0156939  0.0639386  0.0459363 -0.0160309
-0.0251455  0.0459363  0.0613811 -0.0176394
   0.38609 -0.0160309 -0.0176394   0.428389
IMAGINARY
          0   0.0203265  -0.0116081   0.0249289
 -0.0203265           0  0.00111938  0.00777176
  0.0116081 -0.00111938           0 -0.00498126
 -0.0249289 -0.00777176  0.00498126           0
EndNode2[0]<--->HoM1[0]
REAL
   0.413588 -0.00811925   0.0130249    0.385106
-0.00811925   0.0512515   0.0407182 -0.00615673
  0.0130249   0.0407182   0.0691299  0.00674562
   0.385106 -0.00615673  0.00674562    0.466031
IMAGINARY
           0   -0.0105711   0.00737492   -0.0218678
   0.0105711            0  0.000632239  0.000278144
 -0.00737492 -0.000632239            0    -0.002184
   0.0218678 -0.000278144     0.002184            0
Repeater1[0]<--->EndNode1[0]
REAL
  0.446292 -0.0251455 -0.0156939    0.38609
-0.0251455  0.0613811  0.0459363 -0.0176394
-0.0156939  0.0459363  0.0639386 -0.0160309
   0.38609 -0.0176394 -0.0160309   0.428389
IMAGINARY
          0  -0.0116081   0.0203265   0.0249289
  0.0116081           0 -0.00111938 -0.00498126
 -0.0203265  0.00111938           0  0.00777176
 -0.0249289  0.00498126 -0.00777176           0
Repeater1[0]<--->HoM1[0]
REAL
   0.413588   0.0130249 -0.00811925    0.385106
  0.0130249   0.0691299   0.0407182  0.00674562
-0.00811925   0.0407182   0.0512515 -0.00615673
   0.385106  0.00674562 -0.00615673    0.466031
IMAGINARY
           0   0.00737492   -0.0105711   -0.0218678
 -0.00737492            0 -0.000632239    -0.002184
   0.0105711  0.000632239            0  0.000278144
   0.0218678     0.002184 -0.000278144            0
EndNode1[0]<--->Repeater1[0]
REAL
   0.424588  -0.0036596  0.00352631    0.393442
 -0.0036596   0.0773131   0.0406816 -0.00286755
 0.00352631   0.0406816   0.0697085   0.0122235
   0.393442 -0.00286755   0.0122235     0.42839
IMAGINARY
          0  0.00265718  0.00848265   0.0207878
-0.00265718           0 -0.00885142  -0.0140041
-0.00848265  0.00885142           0  0.00777227
 -0.0207878   0.0140041 -0.00777227           0
EndNode2[0]<--->HoM1[0]
REAL
  0.457737 0.00348856 0.00124226   0.385876
0.00348856  0.0715215   0.039629  0.0227476
0.00124226   0.039629  0.0793238   0.011663
  0.385876  0.0227476   0.011663   0.391417
IMAGINARY
          0  0.00227446 -0.00847458  0.00835423
-0.00227446           0  -0.0070852 -0.00847458
 0.00847458   0.0070852           0  0.00862143
-0.00835423  0.00847458 -0.00862143           0
Repeater1[0]<--->EndNode1[0]
REAL
   0.424588  0.00352631  -0.0036596    0.393442
 0.00352631   0.0697085   0.0406816   0.0122235
 -0.0036596   0.0406816   0.0773131 -0.00286755
   0.393442   0.0122235 -0.00286755     0.42839
IMAGINARY
          0  0.00848265  0.00265718   0.0207878
-0.00848265           0  0.00885142  0.00777227
-0.00265718 -0.00885142           0  -0.0140041
 -0.0207878 -0.00777227   0.0140041           0
Repeater1[0]<--->HoM1[0]
REAL
  0.457737 0.00124226 0.00348856   0.385876
0.00124226  0.0793238   0.039629   0.011663
0.00348856   0.039629  0.0715215  0.0227476
  0.385876   0.011663  0.0227476   0.391417
IMAGINARY
          0 -0.00847458  0.00227446  0.00835423
 0.00847458           0   0.0070852  0.00862143
-0.00227446  -0.0070852           0 -0.00847458
-0.00835423 -0.00862143  0.00847458           0
EndNode1[0]<--->Repeater1[0]
REAL
    0.40457   0.0110993 -0.00253368    0.384935
  0.0110993   0.0806452   0.0409448   0.0100714
-0.00253368   0.0409448   0.0752688  0.00523232
   0.384935   0.0100714  0.00523232    0.439516
IMAGINARY
          0   0.0140665  0.00759677  0.00881687
 -0.0140665           0 -0.00232336   -0.017827
-0.00759677  0.00232336           0   0.0140665
-0.00881687    0.017827  -0.0140665           0
EndNode2[0]<--->HoM1[0]
REAL
   0.439589 -0.00827606 -0.00986699    0.393789
-0.00827606   0.0539846   0.0469423 -0.00715697
-0.00986699   0.0469423   0.0809769  -0.0049648
   0.393789 -0.00715697  -0.0049648     0.42545
IMAGINARY
          0   0.0279474  -0.0147833 -0.00997086
 -0.0279474           0  -0.0118768  -0.0103133
  0.0147833   0.0118768           0   0.0216022
 0.00997086   0.0103133  -0.0216022           0
Repeater1[0]<--->EndNode1[0]
REAL
    0.40457 -0.00253368   0.0110993    0.384935
-0.00253368   0.0752688   0.0409448  0.00523232
  0.0110993   0.0409448   0.0806452   0.0100714
   0.384935  0.00523232   0.0100714    0.439516
IMAGINARY
          0  0.00759677   0.0140665  0.00881687
-0.00759677           0  0.00232336   0.0140665
 -0.0140665 -0.00232336           0   -0.017827
-0.00881687  -0.0140665    0.017827           0
Repeater1[0]<--->HoM1[0]
REAL
   0.439589 -0.00986699 -0.00827606    0.393789
-0.00986699   0.0809769   0.0469423  -0.0049648
-0.00827606   0.0469423   0.0539846 -0.00715697
   0.393789  -0.0049648 -0.00715697     0.42545
IMAGINARY
          0  -0.0147833   0.0279474 -0.00997086
  0.0147833           0   0.0118768   0.0216022
 -0.0279474  -0.0118768           0  -0.0103133
 0.00997086  -0.0216022   0.0103133           0
EndNode1[0]<--->Repeater1[0]
REAL
  0.431694 0.00969001 -0.0175446   0.368619
0.00969001  0.0628415  0.0437524  0.0226993
-0.0175446  0.0437524  0.0874317 -0.0122673
  0.368619  0.0226993 -0.0122673   0.418033
IMAGINARY
           0   -0.0110835  -0.00877751      0.01348
   0.0110835            0   -0.0184061 -0.000580784
  0.00877751    0.0184061            0    0.0137573
    -0.01348  0.000580784   -0.0137573            0
EndNode2[0]<--->HoM1[0]
REAL
   0.40107  0.0158754 0.00464635   0.372499
 0.0158754  0.0828877  0.0358978  0.0131654
0.00464635  0.0358978  0.0588235  0.0146589
  0.372499  0.0131654  0.0146589   0.457219
IMAGINARY
          0 -0.00825832   0.0221805 -0.00415132
 0.00825832           0    0.015515 -0.00976217
