EndNode1[0]<--->Repeater1[0]
REAL
    0.32133 -0.00184053  -0.0105577     0.18085
-0.00184053    0.174515   0.0700394  0.00284713
 -0.0105577   0.0700394    0.193906  0.00599237
    0.18085  0.00284713  0.00599237    0.310249
IMAGINARY
          0 -0.00268817 -0.00216978    0.020872
 0.00268817           0 -0.00350222  0.00487248
 0.00216978  0.00350222           0  0.00268817
  -0.020872 -0.00487248 -0.00268817           0
EndNode2[0]<--->HoM1[0]
REAL
   0.322193  -0.0016118 -0.00936705     0.19614
 -0.0016118     0.19385     0.05355  0.00379084
-0.00936705     0.05355     0.19385 -0.00644272
    0.19614  0.00379084 -0.00644272    0.290107
IMAGINARY
          0 -0.00766473 -0.00601067  0.00258467
 0.00766473           0   0.0148798 -0.00208397
 0.00601067  -0.0148798           0  0.00953272
-0.00258467  0.00208397 -0.00953272           0
Repeater1[0]<--->EndNode1[0]
REAL
    0.32133  -0.0105577 -0.00184053     0.18085
 -0.0105577    0.193906   0.0700394  0.00599237
-0.00184053   0.0700394    0.174515  0.00284713
    0.18085  0.00599237  0.00284713    0.310249
IMAGINARY
          0 -0.00216978 -0.00268817    0.020872
 0.00216978           0  0.00350222  0.00268817
 0.00268817 -0.00350222           0  0.00487248
  -0.020872 -0.00268817 -0.00487248           0
Repeater1[0]<--->HoM1[0]
REAL
   0.322193 -0.00936705  -0.0016118     0.19614
-0.00936705     0.19385     0.05355 -0.00644272
 -0.0016118     0.05355     0.19385  0.00379084
    0.19614 -0.00644272  0.00379084    0.290107
IMAGINARY
          0 -0.00601067 -0.00766473  0.00258467
 0.00601067           0  -0.0148798  0.00953272
 0.00766473   0.0148798           0 -0.00208397
-0.00258467 -0.00953272  0.00208397           0
EndNode1[0]<--->Repeater1[0]
REAL
   0.347015 6.99785e-05  0.00442561    0.204152
6.99785e-05    0.189055   0.0609231 -0.00316933
 0.00442561   0.0609231     0.15796 -0.00258254
   0.204152 -0.00316933 -0.00258254     0.30597
IMAGINARY
          0  0.00568189  0.00804414   0.0108026
-0.00568189           0   0.0140964  0.00367461
-0.00804414  -0.0140964           0   0.0190577
 -0.0108026 -0.00367461  -0.0190577           0
EndNode2[0]<--->HoM1[0]
REAL
   0.311321   0.0026311  0.00775978    0.200931
  0.0026311    0.173854   0.0702775 -0.00775978
 0.00775978   0.0702775    0.208895  -0.0052018
   0.200931 -0.00775978  -0.0052018     0.30593
IMAGINARY
          0  0.00342317   0.0331942  -0.0186282
-0.00342317           0   0.0204916   0.0258511
 -0.0331942  -0.0204916           0 -0.00216689
  0.0186282  -0.0258511  0.00216689           0
Repeater1[0]<--->EndNode1[0]
REAL
   0.347015  0.00442561 6.99785e-05    0.204152
 0.00442561     0.15796   0.0609231 -0.00258254
6.99785e-05   0.0609231    0.189055 -0.00316933
   0.204152 -0.00258254 -0.00316933     0.30597
IMAGINARY
          0  0.00804414  0.00568189   0.0108026
-0.00804414           0  -0.0140964   0.0190577
-0.00568189   0.0140964           0  0.00367461
 -0.0108026  -0.0190577 -0.00367461           0
Repeater1[0]<--->HoM1[0]
REAL
   0.311321  0.00775978   0.0026311    0.200931
 0.00775978    0.208895   0.0702775  -0.0052018
  0.0026311   0.0702775    0.173854 -0.00775978
   0.200931  -0.0052018 -0.00775978     0.30593
IMAGINARY
          0   0.0331942  0.00342317  -0.0186282
 -0.0331942           0  -0.0204916 -0.00216689
-0.00342317   0.0204916           0   0.0258511
  0.0186282  0.00216689  -0.0258511           0
EndNode1[0]<--->Repeater1[0]
REAL
   0.358268  -0.0231535  -0.0109043    0.215237
 -0.0231535    0.186352   0.0702898 -0.00356936
 -0.0109043   0.0702898    0.161417   0.0047324
   0.215237 -0.00356936   0.0047324    0.293963
IMAGINARY
          0 -0.00483092   0.0159313  0.00405195
 0.00483092           0  0.00794805  0.00135591
 -0.0159313 -0.00794805           0  0.00483092
-0.00405195 -0.00135591 -0.00483092           0
EndNode2[0]<--->HoM1[0]
REAL
  0.338481 0.00325515 -0.0262324   0.205773
0.00325515   0.185328  0.0582428  0.0138465
-0.0262324  0.0582428   0.173745 0.00391565
  0.205773  0.0138465 0.00391565   0.302445
IMAGINARY
           0  -0.00722992  0.000426471   0.00258271
  0.00722992            0    0.0113767    0.0122571
-0.000426471   -0.0113767            0   -0.0134643
 -0.00258271   -0.0122571    0.0134643            0
Repeater1[0]<--->EndNode1[0]
REAL
   0.358268  -0.0109043  -0.0231535    0.215237
 -0.0109043    0.161417   0.0702898   0.0047324
 -0.0231535   0.0702898    0.186352 -0.00356936
   0.215237   0.0047324 -0.00356936    0.293963
IMAGINARY
          0   0.0159313 -0.00483092  0.00405195
 -0.0159313           0 -0.00794805  0.00483092
 0.00483092  0.00794805           0  0.00135591
-0.00405195 -0.00483092 -0.00135591           0
Repeater1[0]<--->HoM1[0]
REAL
  0.338481 -0.0262324 0.00325515   0.205773
-0.0262324   0.173745  0.0582428 0.00391565
0.00325515  0.0582428   0.185328  0.0138465
  0.205773 0.00391565  0.0138465   0.302445
IMAGINARY
           0  0.000426471  -0.00722992   0.00258271
-0.000426471            0   -0.0113767   -0.0134643
  0.00722992    0.0113767            0    0.0122571
 -0.00258271    0.0134643   -0.0122571            0
EndNode1[0]<--->Repeater1[0]
REAL
    0.33625   0.0140433 -0.00896414    0.198604
  0.0140433     0.16875   0.0616528  0.00896414
-0.00896414   0.0616528     0.16375 -0.00506892
   0.198604  0.00896414 -0.00506892     0.33125
IMAGINARY
          0    0.025968 -0.00673874  0.00183092
  -0.025968           0   0.0185907 -0.00488917
 0.00673874  -0.0185907           0  -0.0104641
-0.00183092  0.00488917   0.0104641           0
EndNode2[0]<--->HoM1[0]
REAL
  0.333333 0.00388929 -0.0199869   0.211343
0.00388929   0.138021  0.0644298 0.00452294
-0.0199869  0.0644298   0.190104 -0.0141986
  0.211343 0.00452294 -0.0141986   0.338542
IMAGINARY
         0  0.0141212  0.0133578  0.0213322
-0.0141212          0 -0.0106939 -0.0108886
-0.0133578  0.0106939          0  -0.011652
-0.0213322  0.0108886   0.011652          0
Repeater1[0]<--->EndNode1[0]
REAL
    0.33625 -0.00896414   0.0140433    0.198604
-0.00896414     0.16375   0.0616528 -0.00506892
  0.0140433   0.0616528     0.16875  0.00896414
   0.198604 -0.00506892  0.00896414     0.33125
IMAGINARY
          0 -0.00673874    0.025968  0.00183092
 0.00673874           0  -0.0185907  -0.0104641
  -0.025968   0.0185907           0 -0.00488917
-0.00183092   0.0104641  0.00488917           0
Repeater1[0]<--->HoM1[0]
REAL
  0.333333 -0.0199869 0.00388929   0.211343
-0.0199869   0.190104  0.0644298 -0.0141986
0.00388929  0.0644298   0.138021 0.00452294
  0.211343 -0.0141986 0.00452294   0.338542
IMAGINARY
         0  0.0133578  0.0141212  0.0213322
-0.0133578          0  0.0106939  -0.011652
-0.0141212 -0.0106939          0 -0.0108886
-0.0213322   0.011652  0.0108886          0
EndNode1[0]<--->Repeater1[0]
REAL
   0.337596   0.0108143   0.0198795     0.20046
  0.0108143     0.16624   0.0621903 -0.00180723
  0.0198795   0.0621903    0.148338  0.00364352
    0.20046 -0.00180723  0.00364352    0.347826
IMAGINARY
          0   0.0106263 -0.00396773  -0.0120167
 -0.0106263           0  0.00362958  -0.0176574
 0.00396773 -0.00362958           0 -0.00734975
  0.0120167   0.0176574  0.00734975           0
EndNode2[0]<--->HoM1[0]
REAL
  0.358779 0.00382493 0.00371748   0.202507
0.00382493   0.179389  0.0462178  0.0179662
0.00371748  0.0462178   0.179389  0.0369914
  0.202507  0.0179662  0.0369914   0.282443
IMAGINARY
          0 -0.00240634   0.0141112  0.00097192
 0.00240634           0 -0.00227062   0.0201353
 -0.0141112  0.00227062           0  0.00801033
-0.00097192  -0.0201353 -0.00801033           0
Repeater1[0]<--->EndNode1[0]
REAL
   0.337596   0.0198795   0.0108143     0.20046
  0.0198795    0.148338   0.0621903  0.00364352
  0.0108143   0.0621903     0.16624 -0.00180723
    0.20046  0.00364352 -0.00180723    0.347826
IMAGINARY
          0 -0.00396773   0.0106263  -0.0120167
 0.00396773           0 -0.00362958 -0.00734975
 -0.0106263  0.00362958           0  -0.0176574
  0.0120167  0.00734975   0.0176574           0
Repeater1[0]<--->HoM1[0]
REAL
  0.358779 0.00371748 0.00382493   0.202507
0.00371748   0.179389  0.0462178  0.0369914
0.00382493  0.0462178   0.179389  0.0179662
  0.202507  0.0369914  0.0179662   0.282443
IMAGINARY
          0   0.0141112 -0.00240634  0.00097192
 -0.0141112           0  0.00227062  0.00801033
 0.00240634 -0.00227062           0   0.0201353
-0.00097192 -0.00801033  -0.0201353           0
EndNode1[0]<--->Repeater1[0]
REAL
   0.328733  -0.0209832 -0.00408106    0.207557
 -0.0209832    0.169385   0.0675068   0.0105078
-0.00408106   0.0675068     0.19197 0.000417613
   0.207557   0.0105078 0.000417613    0.309912
IMAGINARY
           0  -0.00536602  0.000312019   -0.0101616
  0.00536602            0    0.0239592   0.00285655
-0.000312019   -0.0239592            0  -0.00287226
   0.0101616  -0.00285655   0.00287226            0
EndNode2[0]<--->HoM1[0]
REAL
    0.330263  -0.00562507 -0.000311318     0.197058
 -0.00562507     0.169737    0.0535687  -0.00344808
-0.000311318    0.0535687     0.186842  -0.00189373
    0.197058  -0.00344808  -0.00189373     0.313158
IMAGINARY
           0    0.0123956  -0.00558423   -0.0277019
  -0.0123956            0    0.0172852 -0.000104775
  0.00558423   -0.0172852            0   0.00593564
   0.0277019  0.000104775  -0.00593564            0
Repeater1[0]<--->EndNode1[0]
REAL
   0.328733 -0.00408106  -0.0209832    0.207557
-0.00408106     0.19197   0.0675068 0.000417613
 -0.0209832   0.0675068    0.169385   0.0105078
   0.207557 0.000417613   0.0105078    0.309912
IMAGINARY
           0  0.000312019  -0.00536602   -0.0101616
-0.000312019            0   -0.0239592  -0.00287226
  0.00536602    0.0239592            0   0.00285655
   0.0101616   0.00287226  -0.00285655            0
Repeater1[0]<--->HoM1[0]
REAL
    0.330263 -0.000311318  -0.00562507     0.197058
-0.000311318     0.186842    0.0535687  -0.00189373
 -0.00562507    0.0535687     0.169737  -0.00344808
    0.197058  -0.00189373  -0.00344808     0.313158
IMAGINARY
           0  -0.00558423    0.0123956   -0.0277019
  0.00558423            0   -0.0172852   0.00593564
  -0.0123956    0.0172852            0 -0.000104775
   0.0277019  -0.00593564  0.000104775            0
EndNode1[0]<--->Repeater1[0]
REAL
   0.309493 -0.00768283  -0.0283643    0.183679
-0.00768283    0.171651   0.0728755  0.00277126
 -0.0283643   0.0728755    0.169051  0.00331329
   0.183679  0.00277126  0.00331329    0.349805
IMAGINARY
           0   0.00406695    0.0170886   -0.0109625
 -0.00406695            0  -0.00970935   -0.0170886
  -0.0170886   0.00970935            0  8.81724e-05
   0.0109625    0.0170886 -8.81724e-05            0
EndNode2[0]<--->HoM1[0]
REAL
   0.284542    0.014678 -0.00316989    0.205332
   0.014678    0.199726   0.0656706   0.0356902
-0.00316989   0.0656706    0.177839   0.0164874
   0.205332   0.0356902   0.0164874    0.337893
IMAGINARY
          0 -0.00331427   0.0296532   0.0120136
 0.00331427           0  0.00285128  -0.0097016
 -0.0296532 -0.00285128           0 -0.00938223
 -0.0120136   0.0097016  0.00938223           0
Repeater1[0]<--->EndNode1[0]
REAL
   0.309493  -0.0283643 -0.00768283    0.183679
 -0.0283643    0.169051   0.0728755  0.00331329
-0.00768283   0.0728755    0.171651  0.00277126
   0.183679  0.00331329  0.00277126    0.349805
IMAGINARY
           0    0.0170886   0.00406695   -0.0109625
  -0.0170886            0   0.00970935  8.81724e-05
 -0.00406695  -0.00970935            0   -0.0170886
   0.0109625 -8.81724e-05    0.0170886            0
Repeater1[0]<--->HoM1[0]
REAL
   0.284542 -0.00316989    0.014678    0.205332
-0.00316989    0.177839   0.0656706   0.0164874
   0.014678   0.0656706    0.199726   0.0356902
   0.205332   0.0164874   0.0356902    0.337893
IMAGINARY
          0   0.0296532 -0.00331427   0.0120136
 -0.0296532           0 -0.00285128 -0.00938223
 0.00331427  0.00285128           0  -0.0097016
 -0.0120136  0.00938223   0.0097016           0
EndNode1[0]<--->Repeater1[0]
REAL
    0.314356   -0.0141523    -0.018783     0.201812
  -0.0141523     0.196782    0.0645064   -0.0125486
   -0.018783    0.0645064     0.165842 -0.000208045
    0.201812   -0.0125486 -0.000208045      0.32302
IMAGINARY
          0   0.0200041  -0.0214076  -0.0190179
 -0.0200041           0   -0.022874 -0.00320376
  0.0214076    0.022874           0 -0.00575544
  0.0190179  0.00320376  0.00575544           0
EndNode2[0]<--->HoM1[0]
REAL
  0.327273  0.0133571 0.00952425   0.199338
 0.0133571   0.171429  0.0566674 0.00754275
0.00952425  0.0566674   0.167532 0.00244568
  0.199338 0.00754275 0.00244568   0.333766
IMAGINARY
          0  0.00170307  0.00289962  -0.0136216
-0.00170307           0   0.0109262  0.00888048
-0.00289962  -0.0109262           0  0.00615034
  0.0136216 -0.00888048 -0.00615034           0
Repeater1[0]<--->EndNode1[0]
REAL
    0.314356    -0.018783   -0.0141523     0.201812
   -0.018783     0.165842    0.0645064 -0.000208045
  -0.0141523    0.0645064     0.196782   -0.0125486
    0.201812 -0.000208045   -0.0125486      0.32302
IMAGINARY
          0  -0.0214076   0.0200041  -0.0190179
  0.0214076           0    0.022874 -0.00575544
 -0.0200041   -0.022874           0 -0.00320376
  0.0190179  0.00575544  0.00320376           0
Repeater1[0]<--->HoM1[0]
REAL
  0.327273 0.00952425  0.0133571   0.199338
0.00952425   0.167532  0.0566674 0.00244568
 0.0133571  0.0566674   0.171429 0.00754275
  0.199338 0.00244568 0.00754275   0.333766
IMAGINARY
          0  0.00289962  0.00170307  -0.0136216
-0.00289962           0  -0.0109262  0.00615034
-0.00170307   0.0109262           0  0.00888048
  0.0136216 -0.00615034 -0.00888048           0
EndNode1[0]<--->Repeater1[0]
REAL
   0.324561  0.00960347    0.011621    0.186051
 0.00960347    0.200501   0.0437537   -0.011621
   0.011621   0.0437537    0.166667 -0.00960347
   0.186051   -0.011621 -0.00960347    0.308271
IMAGINARY
          0   0.0144812  0.00167464 -0.00541974
 -0.0144812           0  -0.0161436   0.0035473
-0.00167464   0.0161436           0 -0.00403733
 0.00541974  -0.0035473  0.00403733           0
EndNode2[0]<--->HoM1[0]
REAL
  0.326232  0.0178598 0.00148392   0.209587
 0.0178598   0.181092   0.052929  0.0209808
0.00148392   0.052929   0.158455 0.00332122
  0.209587  0.0209808 0.00332122   0.334221
IMAGINARY
          0  -0.0121255   0.0126809  -0.0212449
  0.0121255           0  -0.0158395  0.00951232
 -0.0126809   0.0158395           0  -0.0139842
  0.0212449 -0.00951232   0.0139842           0
Repeater1[0]<--->EndNode1[0]
REAL
   0.324561    0.011621  0.00960347    0.186051
   0.011621    0.166667   0.0437537 -0.00960347
 0.00960347   0.0437537    0.200501   -0.011621
   0.186051 -0.00960347   -0.011621    0.308271
IMAGINARY
          0  0.00167464   0.0144812 -0.00541974
-0.00167464           0   0.0161436 -0.00403733
 -0.0144812  -0.0161436           0   0.0035473
 0.00541974  0.00403733  -0.0035473           0
Repeater1[0]<--->HoM1[0]
REAL
  0.326232 0.00148392  0.0178598   0.209587
0.00148392   0.158455   0.052929 0.00332122
 0.0178598   0.052929   0.181092  0.0209808
  0.209587 0.00332122  0.0209808   0.334221
IMAGINARY
          0   0.0126809  -0.0121255  -0.0212449
 -0.0126809           0   0.0158395  -0.0139842
  0.0121255  -0.0158395           0  0.00951232
  0.0212449   0.0139842 -0.00951232           0
EndNode1[0]<--->Repeater1[0]
REAL
   0.343321  0.00979122 -0.00375745    0.212102
 0.00979122    0.178527   0.0555748  0.00628271
-0.00375745   0.0555748    0.177278   0.0104108
   0.212102  0.00628271   0.0104108    0.300874
IMAGINARY
          0   0.0111619 -0.00267803  0.00985272
 -0.0111619           0   0.0138315 -0.00936252
 0.00267803  -0.0138315           0   0.0198901
-0.00985272  0.00936252  -0.0198901           0
EndNode2[0]<--->HoM1[0]
REAL
   0.315068    0.013736 -0.00946118    0.198122
   0.013736    0.184309   0.0784742   0.0187697
-0.00946118   0.0784742    0.194271  -0.0017679
   0.198122   0.0187697  -0.0017679    0.306351
IMAGINARY
          0   0.0199094  -0.0241388  0.00641635
 -0.0199094           0 -0.00892892   0.0165821
  0.0241388  0.00892892           0 -0.00731499
-0.00641635  -0.0165821  0.00731499           0
Repeater1[0]<--->EndNode1[0]
REAL
   0.343321 -0.00375745  0.00979122    0.212102
-0.00375745    0.177278   0.0555748   0.0104108
 0.00979122   0.0555748    0.178527  0.00628271
   0.212102   0.0104108  0.00628271    0.300874
IMAGINARY
          0 -0.00267803   0.0111619  0.00985272
 0.00267803           0  -0.0138315   0.0198901
 -0.0111619   0.0138315           0 -0.00936252
-0.00985272  -0.0198901  0.00936252           0
Repeater1[0]<--->HoM1[0]
REAL
   0.315068 -0.00946118    0.013736    0.198122
-0.00946118    0.194271   0.0784742  -0.0017679
   0.013736   0.0784742    0.184309   0.0187697
   0.198122  -0.0017679   0.0187697    0.306351
IMAGINARY
          0  -0.0241388   0.0199094  0.00641635
  0.0241388           0  0.00892892 -0.00731499
 -0.0199094 -0.00892892           0   0.0165821
-0.00641635  0.00731499  -0.0165821           0
EndNode1[0]<--->Repeater1[0]
REAL
    0.343711 -0.000659242  -0.00866087     0.198196
-0.000659242     0.171856    0.0704106    -0.016373
 -0.00866087    0.0704106     0.171856    0.0121613
    0.198196    -0.016373    0.0121613     0.312578
IMAGINARY
          0 -0.00742476 -0.00131735   -0.009466
 0.00742476           0 -0.00645757 -0.00195919
 0.00131735  0.00645757           0   -0.015511
   0.009466  0.00195919    0.015511           0
EndNode2[0]<--->HoM1[0]
REAL
   0.343434  -0.0132634    -0.01781    0.205839
 -0.0132634    0.171717   0.0679559 -0.00876605
   -0.01781   0.0679559    0.181818  -0.0145487
   0.205839 -0.00876605  -0.0145487     0.30303
IMAGINARY
          0 -0.00171483 -0.00611175 -0.00194272
 0.00171483           0 -0.00640131  -0.0119941
 0.00611175  0.00640131           0   0.0170352
 0.00194272   0.0119941  -0.0170352           0
Repeater1[0]<--->EndNode1[0]
REAL
    0.343711  -0.00866087 -0.000659242     0.198196
 -0.00866087     0.171856    0.0704106    0.0121613
-0.000659242    0.0704106     0.171856    -0.016373
    0.198196    0.0121613    -0.016373     0.312578
IMAGINARY
          0 -0.00131735 -0.00742476   -0.009466
 0.00131735           0  0.00645757   -0.015511
 0.00742476 -0.00645757           0 -0.00195919
   0.009466    0.015511  0.00195919           0
Repeater1[0]<--->HoM1[0]
REAL
   0.343434    -0.01781  -0.0132634    0.205839
   -0.01781    0.181818   0.0679559  -0.0145487
 -0.0132634   0.0679559    0.171717 -0.00876605
   0.205839  -0.0145487 -0.00876605     0.30303
IMAGINARY
          0 -0.00611175 -0.00171483 -0.00194272
 0.00611175           0  0.00640131   0.0170352
 0.00171483 -0.00640131           0  -0.0119941
 0.00194272  -0.0170352   0.0119941           0
EndNode1[0]<--->Repeater1[0]
REAL
  0.355469 -0.0165306   0.018676   0.200132
-0.0165306   0.179687  0.0549704 -0.0204767
  0.018676  0.0549704   0.169271 0.00992799
  0.200132 -0.0204767 0.00992799   0.295573
IMAGINARY
          0  0.00904748  0.00480857  -0.0170024
-0.00904748           0  -0.0156437  -0.0101849
-0.00480857   0.0156437           0  0.00708155
  0.0170024   0.0101849 -0.00708155           0
EndNode2[0]<--->HoM1[0]
REAL
   0.35705 0.00390055 0.00521252   0.200566
0.00390055   0.174644  0.0592761  0.0026615
0.00521252  0.0592761   0.151358  0.0131598
  0.200566  0.0026615  0.0131598   0.316947
IMAGINARY
          0  0.00712159  -0.0156763  -0.0141367
-0.00712159           0 -0.00555831 -0.00690436
  0.0156763  0.00555831           0 -0.00776675
  0.0141367  0.00690436  0.00776675           0
Repeater1[0]<--->EndNode1[0]
REAL
  0.355469   0.018676 -0.0165306   0.200132
  0.018676   0.169271  0.0549704 0.00992799
-0.0165306  0.0549704   0.179687 -0.0204767
  0.200132 0.00992799 -0.0204767   0.295573
IMAGINARY
          0  0.00480857  0.00904748  -0.0170024
-0.00480857           0   0.0156437  0.00708155
-0.00904748  -0.0156437           0  -0.0101849
  0.0170024 -0.00708155   0.0101849           0
Repeater1[0]<--->HoM1[0]
REAL
   0.35705 0.00521252 0.00390055   0.200566
0.00521252   0.151358  0.0592761  0.0131598
0.00390055  0.0592761   0.174644  0.0026615
  0.200566  0.0131598  0.0026615   0.316947
IMAGINARY
          0  -0.0156763  0.00712159  -0.0141367
  0.0156763           0  0.00555831 -0.00776675
-0.00712159 -0.00555831           0 -0.00690436
  0.0141367  0.00776675  0.00690436           0
EndNode1[0]<--->Repeater1[0]
REAL
    0.329545    0.0146966 -0.000359322     0.196295
   0.0146966     0.189394     0.076901  -0.00479532
-0.000359322     0.076901     0.138889  -0.00438735
    0.196295  -0.00479532  -0.00438735     0.342172
IMAGINARY
          0 -0.00393579   0.0431545   -0.019676
 0.00393579           0 -0.00565732  0.00836067
 -0.0431545  0.00565732           0  0.00332973
   0.019676 -0.00836067 -0.00332973           0
EndNode2[0]<--->HoM1[0]
REAL
        0.32 -0.000998161   0.00360167     0.201266
-0.000998161      0.16875    0.0393306  -0.00814123
  0.00360167    0.0393306      0.17875   0.00683474
    0.201266  -0.00814123   0.00683474       0.3325
IMAGINARY
          0 -0.00936322   0.0169049  0.00209108
 0.00936322           0   0.0103925 -0.00335653
 -0.0169049  -0.0103925           0 -0.00676581
-0.00209108  0.00335653  0.00676581           0
Repeater1[0]<--->EndNode1[0]
REAL
    0.329545 -0.000359322    0.0146966     0.196295
-0.000359322     0.138889     0.076901  -0.00438735
   0.0146966     0.076901     0.189394  -0.00479532
    0.196295  -0.00438735  -0.00479532     0.342172
IMAGINARY
          0   0.0431545 -0.00393579   -0.019676
 -0.0431545           0  0.00565732  0.00332973
 0.00393579 -0.00565732           0  0.00836067
   0.019676 -0.00332973 -0.00836067           0
Repeater1[0]<--->HoM1[0]
REAL
        0.32   0.00360167 -0.000998161     0.201266
  0.00360167      0.17875    0.0393306   0.00683474
-0.000998161    0.0393306      0.16875  -0.00814123
    0.201266   0.00683474  -0.00814123       0.3325
IMAGINARY
          0   0.0169049 -0.00936322  0.00209108
 -0.0169049           0  -0.0103925 -0.00676581
 0.00936322   0.0103925           0 -0.00335653
-0.00209108  0.00676581  0.00335653           0
EndNode1[0]<--->Repeater1[0]
REAL
   0.343874 -0.00740285  -0.0074248    0.196782
-0.00740285    0.184453    0.057961 0.000649733
 -0.0074248    0.057961    0.166008   0.0155329
   0.196782 0.000649733   0.0155329    0.305665
IMAGINARY
          0  -0.0153541  0.00416956 -0.00716225
  0.0153541           0  -0.0104388  0.00688695
-0.00416956   0.0104388           0 -0.00307341
 0.00716225 -0.00688695  0.00307341           0
EndNode2[0]<--->HoM1[0]
REAL
   0.338542   0.0135621   0.0057796    0.200212
  0.0135621    0.161458   0.0659705 -0.00115609
  0.0057796   0.0659705    0.192708  0.00295041
   0.200212 -0.00115609  0.00295041    0.307292
IMAGINARY
          0 -0.00739399  0.00353412   0.0150399
 0.00739399           0   0.0157004  -0.0132617
-0.00353412  -0.0157004           0  0.00155742
 -0.0150399   0.0132617 -0.00155742           0
Repeater1[0]<--->EndNode1[0]
REAL
   0.343874  -0.0074248 -0.00740285    0.196782
 -0.0074248    0.166008    0.057961   0.0155329
-0.00740285    0.057961    0.184453 0.000649733
   0.196782   0.0155329 0.000649733    0.305665
IMAGINARY
          0  0.00416956  -0.0153541 -0.00716225
-0.00416956           0   0.0104388 -0.00307341
  0.0153541  -0.0104388           0  0.00688695
 0.00716225  0.00307341 -0.00688695           0
Repeater1[0]<--->HoM1[0]
REAL
   0.338542   0.0057796   0.0135621    0.200212
  0.0057796    0.192708   0.0659705  0.00295041
  0.0135621   0.0659705    0.161458 -0.00115609
   0.200212  0.00295041 -0.00115609    0.307292
IMAGINARY
          0  0.00353412 -0.00739399   0.0150399
-0.00353412           0  -0.0157004  0.00155742
 0.00739399   0.0157004           0  -0.0132617
 -0.0150399 -0.00155742   0.0132617           0
EndNode1[0]<--->Repeater1[0]
REAL
   0.315716  0.00622448  -0.0258405    0.174348
 0.00622448    0.182197   0.0673826 -0.00851062
 -0.0258405   0.0673826    0.155772 -0.00876901
   0.174348 -0.00851062 -0.00876901    0.346314
IMAGINARY
           0   0.00143932   -0.0152796 -0.000217298
 -0.00143932            0    0.0181201    0.0152796
   0.0152796   -0.0181201            0    0.0259239
 0.000217298   -0.0152796   -0.0259239            0
EndNode2[0]<--->HoM1[0]
REAL
  0.339073 -0.0134076 0.00796367   0.187276
-0.0134076   0.190728  0.0531911 -0.0110387
0.00796367  0.0531911   0.172185 0.00910259
  0.187276 -0.0110387 0.00910259   0.298013
IMAGINARY
          0 -0.00710665  0.00237348  -0.0268817
 0.00710665           0  0.00916021   0.0189298
-0.00237348 -0.00916021           0  -0.0317405
  0.0268817  -0.0189298   0.0317405           0
Repeater1[0]<--->EndNode1[0]
REAL
   0.315716  -0.0258405  0.00622448    0.174348
 -0.0258405    0.155772   0.0673826 -0.00876901
 0.00622448   0.0673826    0.182197 -0.00851062
   0.174348 -0.00876901 -0.00851062    0.346314
IMAGINARY
           0   -0.0152796   0.00143932 -0.000217298
   0.0152796            0   -0.0181201    0.0259239
 -0.00143932    0.0181201            0    0.0152796
 0.000217298   -0.0259239   -0.0152796            0
Repeater1[0]<--->HoM1[0]
REAL
  0.339073 0.00796367 -0.0134076   0.187276
0.00796367   0.172185  0.0531911 0.00910259
-0.0134076  0.0531911   0.190728 -0.0110387
  0.187276 0.00910259 -0.0110387   0.298013
IMAGINARY
          0  0.00237348 -0.00710665  -0.0268817
-0.00237348           0 -0.00916021  -0.0317405
 0.00710665  0.00916021           0   0.0189298
  0.0268817   0.0317405  -0.0189298           0
EndNode1[0]<--->Repeater1[0]
REAL
   0.297332  -0.0121723  -0.0226254    0.223828
 -0.0121723    0.171537   0.0712751 -0.00830246
 -0.0226254   0.0712751    0.190597  -0.0277761
   0.223828 -0.00830246  -0.0277761    0.340534
IMAGINARY
           0   0.00747993  -0.00317793    0.0263364
 -0.00747993            0   0.00404338  6.46086e-05
  0.00317793  -0.00404338            0   0.00684136
  -0.0263364 -6.46086e-05  -0.00684136            0
EndNode2[0]<--->HoM1[0]
REAL
   0.333739 -0.00663254   0.0176255    0.202348
-0.00663254    0.183922   0.0547768  -0.0132885
  0.0176255   0.0547768    0.190012  -0.0039003
   0.202348  -0.0132885  -0.0039003    0.292326
IMAGINARY
          0  -0.0043003   -0.008022   0.0143141
  0.0043003           0   0.0277912  0.00864467
   0.008022  -0.0277912           0  0.00741363
 -0.0143141 -0.00864467 -0.00741363           0
Repeater1[0]<--->EndNode1[0]
REAL
   0.297332  -0.0226254  -0.0121723    0.223828
 -0.0226254    0.190597   0.0712751  -0.0277761
 -0.0121723   0.0712751    0.171537 -0.00830246
   0.223828  -0.0277761 -0.00830246    0.340534
IMAGINARY
           0  -0.00317793   0.00747993    0.0263364
  0.00317793            0  -0.00404338   0.00684136
 -0.00747993   0.00404338            0  6.46086e-05
  -0.0263364  -0.00684136 -6.46086e-05            0
Repeater1[0]<--->HoM1[0]
REAL
   0.333739   0.0176255 -0.00663254    0.202348
  0.0176255    0.190012   0.0547768  -0.0039003
-0.00663254   0.0547768    0.183922  -0.0132885
   0.202348  -0.0039003  -0.0132885    0.292326
IMAGINARY
          0   -0.008022  -0.0043003   0.0143141
   0.008022           0  -0.0277912  0.00741363
  0.0043003   0.0277912           0  0.00864467
 -0.0143141 -0.00741363 -0.00864467           0
EndNode1[0]<--->Repeater1[0]
REAL
   0.347656   0.0182143 -0.00536728    0.166714
  0.0182143    0.170573   0.0739774  0.00669707
-0.00536728   0.0739774    0.178385   0.0163602
   0.166714  0.00669707   0.0163602    0.303385
IMAGINARY
          0  0.00665363 -0.00813434 -0.00748818
-0.00665363           0 -0.00256207  -0.0106724
 0.00813434  0.00256207           0   0.0251233
 0.00748818   0.0106724  -0.0251233           0
EndNode2[0]<--->HoM1[0]
REAL
   0.326355   0.0105667 -0.00450598    0.201312
  0.0105667    0.152709   0.0645022   0.0105625
-0.00450598   0.0645022    0.187192 -0.00989371
   0.201312   0.0105625 -0.00989371    0.333744
IMAGINARY
          0  -0.0146613  -0.0114086   0.0233165
  0.0146613           0  -0.0115672 -0.00147483
  0.0114086   0.0115672           0 -0.00190311
 -0.0233165  0.00147483  0.00190311           0
Repeater1[0]<--->EndNode1[0]
REAL
   0.347656 -0.00536728   0.0182143    0.166714
-0.00536728    0.178385   0.0739774   0.0163602
  0.0182143   0.0739774    0.170573  0.00669707
   0.166714   0.0163602  0.00669707    0.303385
IMAGINARY
          0 -0.00813434  0.00665363 -0.00748818
 0.00813434           0  0.00256207   0.0251233
-0.00665363 -0.00256207           0  -0.0106724
 0.00748818  -0.0251233   0.0106724           0
Repeater1[0]<--->HoM1[0]
REAL
   0.326355 -0.00450598   0.0105667    0.201312
-0.00450598    0.187192   0.0645022 -0.00989371
  0.0105667   0.0645022    0.152709   0.0105625
   0.201312 -0.00989371   0.0105625    0.333744
IMAGINARY
          0  -0.0114086  -0.0146613   0.0233165
  0.0114086           0   0.0115672 -0.00190311
  0.0146613  -0.0115672           0 -0.00147483
 -0.0233165  0.00190311  0.00147483           0
EndNode1[0]<--->Repeater1[0]
REAL
   0.344353  -0.0086087  -0.0160263    0.171823
 -0.0086087    0.177686   0.0674277 -0.00963247
 -0.0160263   0.0674277    0.166667   0.0051413
   0.171823 -0.00963247   0.0051413    0.311295
IMAGINARY
          0  0.00545837 -0.00255897  0.00669175
-0.00545837           0 -0.00537941   0.0166005
 0.00255897  0.00537941           0  -0.0121739
-0.00669175  -0.0166005   0.0121739           0
EndNode2[0]<--->HoM1[0]
REAL
   0.323077   -0.017159 -0.00896124    0.192873
  -0.017159    0.179882     0.05235  0.00832429
-0.00896124     0.05235     0.16213  0.00633095
   0.192873  0.00832429  0.00633095    0.334911
IMAGINARY
           0    0.0104259  0.000305577    0.0170039
  -0.0104259            0  -0.00382946  -0.00618793
-0.000305577   0.00382946            0   -0.0110795
  -0.0170039   0.00618793    0.0110795            0
Repeater1[0]<--->EndNode1[0]
REAL
   0.344353  -0.0160263  -0.0086087    0.171823
 -0.0160263    0.166667   0.0674277   0.0051413
 -0.0086087   0.0674277    0.177686 -0.00963247
   0.171823   0.0051413 -0.00963247    0.311295
IMAGINARY
          0 -0.00255897  0.00545837  0.00669175
 0.00255897           0  0.00537941  -0.0121739
-0.00545837 -0.00537941           0   0.0166005
-0.00669175   0.0121739  -0.0166005           0
Repeater1[0]<--->HoM1[0]
REAL
   0.323077 -0.00896124   -0.017159    0.192873
-0.00896124     0.16213     0.05235  0.00633095
  -0.017159     0.05235    0.179882  0.00832429
   0.192873  0.00633095  0.00832429    0.334911
IMAGINARY
           0  0.000305577    0.0104259    0.0170039
-0.000305577            0   0.00382946   -0.0110795
  -0.0104259  -0.00382946            0  -0.00618793
  -0.0170039    0.0110795   0.00618793            0
EndNode1[0]<--->Repeater1[0]
REAL
   0.333333  -0.0140698  -0.0102201    0.202505
 -0.0140698    0.149157   0.0670166  0.00266338
 -0.0102201   0.0670166    0.188067 0.000215905
   0.202505  0.00266338 0.000215905    0.329442
IMAGINARY
          0  0.00921407 -0.00424173  0.00367327
-0.00921407           0 -0.00864839  -0.0115767
 0.00424173  0.00864839           0  -0.0250325
-0.00367327   0.0115767   0.0250325           0
EndNode2[0]<--->HoM1[0]
REAL
  0.312916 0.00901611 0.00360997   0.195603
0.00901611   0.181092  0.0629754 0.00619395
0.00360997  0.0629754   0.174434 0.00201331
  0.195603 0.00619395 0.00201331   0.331558
IMAGINARY
           0  0.000803906   -0.0215825  -0.00131461
-0.000803906            0   -0.0179417    0.0184692
   0.0215825    0.0179417            0  -0.00889855
  0.00131461   -0.0184692   0.00889855            0
Repeater1[0]<--->EndNode1[0]
REAL
   0.333333  -0.0102201  -0.0140698    0.202505
 -0.0102201    0.188067   0.0670166 0.000215905
 -0.0140698   0.0670166    0.149157  0.00266338
   0.202505 0.000215905  0.00266338    0.329442
IMAGINARY
          0 -0.00424173  0.00921407  0.00367327
 0.00424173           0  0.00864839  -0.0250325
-0.00921407 -0.00864839           0  -0.0115767
-0.00367327   0.0250325   0.0115767           0
Repeater1[0]<--->HoM1[0]
REAL
  0.312916 0.00360997 0.00901611   0.195603
0.00360997   0.174434  0.0629754 0.00201331
0.00901611  0.0629754   0.181092 0.00619395
  0.195603 0.00201331 0.00619395   0.331558
IMAGINARY
           0   -0.0215825  0.000803906  -0.00131461
   0.0215825            0    0.0179417  -0.00889855
-0.000803906   -0.0179417            0    0.0184692
  0.00131461   0.00889855   -0.0184692            0
EndNode1[0]<--->Repeater1[0]
REAL
  0.332046 0.00724197 0.00559378   0.200768
0.00724197   0.182754  0.0416173  0.0121727
0.00559378  0.0416173   0.186615  0.0168697
  0.200768  0.0121727  0.0168697   0.298584
IMAGINARY
           0   -0.0182502   -0.0109024    0.0286428
   0.0182502            0 -0.000464565  -0.00899154
   0.0109024  0.000464565            0    0.0262078
  -0.0286428   0.00899154   -0.0262078            0
EndNode2[0]<--->HoM1[0]
REAL
    0.30759  0.00449305 -0.00533281    0.221505
 0.00449305    0.166445   0.0650951   0.0115363
-0.00533281   0.0650951    0.171771  -0.0181407
   0.221505   0.0115363  -0.0181407    0.354194
IMAGINARY
          0 -0.00452109   -0.004756   0.0100126
 0.00452109           0   -0.018964   0.0175765
   0.004756    0.018964           0 -0.00829943
 -0.0100126  -0.0175765  0.00829943           0
Repeater1[0]<--->EndNode1[0]
REAL
  0.332046 0.00559378 0.00724197   0.200768
0.00559378   0.186615  0.0416173  0.0168697
0.00724197  0.0416173   0.182754  0.0121727
  0.200768  0.0168697  0.0121727   0.298584
IMAGINARY
           0   -0.0109024   -0.0182502    0.0286428
   0.0109024            0  0.000464565    0.0262078
   0.0182502 -0.000464565            0  -0.00899154
  -0.0286428   -0.0262078   0.00899154            0
Repeater1[0]<--->HoM1[0]
REAL
    0.30759 -0.00533281  0.00449305    0.221505
-0.00533281    0.171771   0.0650951  -0.0181407
 0.00449305   0.0650951    0.166445   0.0115363
   0.221505  -0.0181407   0.0115363    0.354194
IMAGINARY
          0   -0.004756 -0.00452109   0.0100126
   0.004756           0    0.018964 -0.00829943
 0.00452109   -0.018964           0   0.0175765
 -0.0100126  0.00829943  -0.0175765           0
EndNode1[0]<--->Repeater1[0]
REAL
  0.313749 0.00504184 0.00540541   0.202346
0.00504184   0.184489  0.0463031 0.00405405
0.00540541  0.0463031   0.176263 0.00441762
  0.202346 0.00405405 0.00441762   0.325499
IMAGINARY
          0 -0.00561329 -0.00267279  -0.0160819
 0.00561329           0   0.0180953 -0.00330331
 0.00267279  -0.0180953           0  -0.0189551
  0.0160819  0.00330331   0.0189551           0
EndNode2[0]<--->HoM1[0]
REAL
   0.323641   0.0127275   0.0045299    0.208968
  0.0127275    0.207332    0.049792 -0.00318219
  0.0045299    0.049792    0.184576   0.0115313
   0.208968 -0.00318219   0.0115313     0.28445
IMAGINARY
          0  -0.0095791  0.00627112   0.0181769
  0.0095791           0   0.0156259  0.00434062
-0.00627112  -0.0156259           0  0.00770644
 -0.0181769 -0.00434062 -0.00770644           0
Repeater1[0]<--->EndNode1[0]
REAL
  0.313749 0.00540541 0.00504184   0.202346
0.00540541   0.176263  0.0463031 0.00441762
0.00504184  0.0463031   0.184489 0.00405405
  0.202346 0.00441762 0.00405405   0.325499
IMAGINARY
          0 -0.00267279 -0.00561329  -0.0160819
 0.00267279           0  -0.0180953  -0.0189551
 0.00561329   0.0180953           0 -0.00330331
  0.0160819   0.0189551  0.00330331           0
Repeater1[0]<--->HoM1[0]
REAL
   0.323641   0.0045299   0.0127275    0.208968
  0.0045299    0.184576    0.049792   0.0115313
  0.0127275    0.049792    0.207332 -0.00318219
   0.208968   0.0115313 -0.00318219     0.28445
IMAGINARY
          0  0.00627112  -0.0095791   0.0181769
-0.00627112           0  -0.0156259  0.00770644
  0.0095791   0.0156259           0  0.00434062
 -0.0181769 -0.00770644 -0.00434062           0
EndNode1[0]<--->Repeater1[0]
REAL
   0.307483  -0.0206899  -0.0107525    0.188823
 -0.0206899     0.17415   0.0638228 -0.00512049
 -0.0107525   0.0638228     0.17415   0.0140762
   0.188823 -0.00512049   0.0140762    0.344218
IMAGINARY
          0  -0.0114353  0.00767851 -0.00131496
  0.0114353           0   -0.006417  0.00434072
-0.00767851    0.006417           0  -0.0294301
 0.00131496 -0.00434072   0.0294301           0
EndNode2[0]<--->HoM1[0]
REAL
   0.323907  -0.0399073  -0.0216109    0.208974
 -0.0399073    0.173522   0.0672413  -0.0090796
 -0.0216109   0.0672413    0.192802 -0.00740729
   0.208974  -0.0090796 -0.00740729    0.309769
IMAGINARY
          0   0.0119104  -0.0216751   0.0180073
 -0.0119104           0  0.00268696  -0.0137579
  0.0216751 -0.00268696           0   0.0169609
 -0.0180073   0.0137579  -0.0169609           0
Repeater1[0]<--->EndNode1[0]
REAL
   0.307483  -0.0107525  -0.0206899    0.188823
 -0.0107525     0.17415   0.0638228   0.0140762
 -0.0206899   0.0638228     0.17415 -0.00512049
   0.188823   0.0140762 -0.00512049    0.344218
IMAGINARY
          0  0.00767851  -0.0114353 -0.00131496
-0.00767851           0    0.006417  -0.0294301
  0.0114353   -0.006417           0  0.00434072
 0.00131496   0.0294301 -0.00434072           0
Repeater1[0]<--->HoM1[0]
REAL
   0.323907  -0.0216109  -0.0399073    0.208974
 -0.0216109    0.192802   0.0672413 -0.00740729
 -0.0399073   0.0672413    0.173522  -0.0090796
   0.208974 -0.00740729  -0.0090796    0.309769
IMAGINARY
          0  -0.0216751   0.0119104   0.0180073
  0.0216751           0 -0.00268696   0.0169609
 -0.0119104  0.00268696           0  -0.0137579
 -0.0180073  -0.0169609   0.0137579           0
EndNode1[0]<--->Repeater1[0]
REAL
   0.324641 0.000290644 -0.00680681    0.194704
0.000290644    0.199478   0.0524371   0.0328551
-0.00680681   0.0524371    0.199478  0.00415662
   0.194704   0.0328551  0.00415662    0.276402
IMAGINARY
          0   0.0127942 -0.00383707  0.00601676
 -0.0127942           0  -0.0122512 -0.00383707
 0.00383707   0.0122512           0 -0.00393941
-0.00601676  0.00383707  0.00393941           0
EndNode2[0]<--->HoM1[0]
REAL
   0.338918   0.0124417   0.0130314    0.208095
  0.0124417    0.185567    0.060353 -0.00412551
  0.0130314    0.060353    0.155928   0.0040977
   0.208095 -0.00412551   0.0040977    0.319588
IMAGINARY
           0   -0.0123023  0.000499893    0.0148473
   0.0123023            0    0.0195707    0.0117582
-0.000499893   -0.0195707            0    0.0219797
  -0.0148473   -0.0117582   -0.0219797            0
Repeater1[0]<--->EndNode1[0]
REAL
   0.324641 -0.00680681 0.000290644    0.194704
-0.00680681    0.199478   0.0524371  0.00415662
0.000290644   0.0524371    0.199478   0.0328551
   0.194704  0.00415662   0.0328551    0.276402
IMAGINARY
          0 -0.00383707   0.0127942  0.00601676
 0.00383707           0   0.0122512 -0.00393941
 -0.0127942  -0.0122512           0 -0.00383707
-0.00601676  0.00393941  0.00383707           0
Repeater1[0]<--->HoM1[0]
REAL
   0.338918   0.0130314   0.0124417    0.208095
  0.0130314    0.155928    0.060353   0.0040977
  0.0124417    0.060353    0.185567 -0.00412551
   0.208095   0.0040977 -0.00412551    0.319588
IMAGINARY
           0  0.000499893   -0.0123023    0.0148473
-0.000499893            0   -0.0195707    0.0219797
   0.0123023    0.0195707            0    0.0117582
  -0.0148473   -0.0219797   -0.0117582            0
EndNode1[0]<--->Repeater1[0]
REAL
    0.32956 -0.00318878  0.00994898    0.210105
-0.00318878     0.16478   0.0743343   -0.015051
 0.00994898   0.0743343    0.177358  0.00446429
   0.210105   -0.015051  0.00446429    0.328302
IMAGINARY
           0  4.31707e-05  -0.00888006    0.0110676
-4.31707e-05            0   -0.0243655     0.016713
  0.00888006    0.0243655            0  -0.00657059
  -0.0110676    -0.016713   0.00657059            0
EndNode2[0]<--->HoM1[0]
REAL
  0.302111  0.0197257  0.0354368   0.183668
 0.0197257   0.162269  0.0686745 0.00673187
 0.0354368  0.0686745   0.195251   0.018427
  0.183668 0.00673187   0.018427   0.340369
IMAGINARY
           0   0.00137151   -0.0025413  6.55413e-05
