EndNode1[0]<--->Repeater1[0]
REAL
   0.316708 -0.00719733 -0.00347248    0.132849
-0.00719733     0.19202  0.00715084 -0.00777752
-0.00347248  0.00715084    0.160848 -0.00405267
   0.132849 -0.00777752 -0.00405267    0.330424
IMAGINARY
          0  0.00195658  -0.0113788  -0.0128377
-0.00195658           0 -0.00970875  0.00718885
  0.0113788  0.00970875           0  -0.0117331
  0.0128377 -0.00718885   0.0117331           0
EndNode2[0]<--->HoM1[0]
REAL
   0.302234 -0.00571954  -0.0157355    0.143387
-0.00571954    0.199737 -0.00987924  -0.0287671
 -0.0157355 -0.00987924     0.18134 0.000483936
   0.143387  -0.0287671 0.000483936    0.316689
IMAGINARY
          0  -0.0193747   0.0185569   0.0012218
  0.0193747           0  -0.0142978 -0.00599404
 -0.0185569   0.0142978           0 -0.00826354
 -0.0012218  0.00599404  0.00826354           0
Repeater1[0]<--->EndNode1[0]
REAL
   0.316708 -0.00347248 -0.00719733    0.132849
-0.00347248    0.160848  0.00715084 -0.00405267
-0.00719733  0.00715084     0.19202 -0.00777752
   0.132849 -0.00405267 -0.00777752    0.330424
IMAGINARY
          0  -0.0113788  0.00195658  -0.0128377
  0.0113788           0  0.00970875  -0.0117331
-0.00195658 -0.00970875           0  0.00718885
  0.0128377   0.0117331 -0.00718885           0
Repeater1[0]<--->HoM1[0]
REAL
   0.302234  -0.0157355 -0.00571954    0.143387
 -0.0157355     0.18134 -0.00987924 0.000483936
-0.00571954 -0.00987924    0.199737  -0.0287671
   0.143387 0.000483936  -0.0287671    0.316689
IMAGINARY
          0   0.0185569  -0.0193747   0.0012218
 -0.0185569           0   0.0142978 -0.00826354
  0.0193747  -0.0142978           0 -0.00599404
 -0.0012218  0.00826354  0.00599404           0
EndNode1[0]<--->Repeater1[0]
REAL
    0.310559   -0.0122601 -0.000959917     0.126559
  -0.0122601     0.190062   -0.0124783   -0.0101222
-0.000959917   -0.0124783     0.181366   -0.0196825
    0.126559   -0.0101222   -0.0196825     0.318012
IMAGINARY
          0  -0.0088502  -0.0218793   0.0271514
  0.0088502           0   0.0185307 -0.00619553
  0.0218793  -0.0185307           0   0.0048395
 -0.0271514  0.00619553  -0.0048395           0
EndNode2[0]<--->HoM1[0]
REAL
   0.321825  0.00128285 -0.00499914    0.129049
 0.00128285    0.167694   0.0028684  -0.0149494
-0.00499914   0.0028684    0.172626  0.00450866
   0.129049  -0.0149494  0.00450866    0.337855
IMAGINARY
           0   0.00115942  0.000504569    0.0193143
 -0.00115942            0   -0.0146908  -0.00522792
-0.000504569    0.0146908            0    0.0157097
  -0.0193143   0.00522792   -0.0157097            0
Repeater1[0]<--->EndNode1[0]
REAL
    0.310559 -0.000959917   -0.0122601     0.126559
-0.000959917     0.181366   -0.0124783   -0.0196825
  -0.0122601   -0.0124783     0.190062   -0.0101222
    0.126559   -0.0196825   -0.0101222     0.318012
IMAGINARY
          0  -0.0218793  -0.0088502   0.0271514
  0.0218793           0  -0.0185307   0.0048395
  0.0088502   0.0185307           0 -0.00619553
 -0.0271514  -0.0048395  0.00619553           0
Repeater1[0]<--->HoM1[0]
REAL
   0.321825 -0.00499914  0.00128285    0.129049
-0.00499914    0.172626   0.0028684  0.00450866
 0.00128285   0.0028684    0.167694  -0.0149494
   0.129049  0.00450866  -0.0149494    0.337855
IMAGINARY
           0  0.000504569   0.00115942    0.0193143
-0.000504569            0    0.0146908    0.0157097
 -0.00115942   -0.0146908            0  -0.00522792
  -0.0193143   -0.0157097   0.00522792            0
EndNode1[0]<--->Repeater1[0]
REAL
   0.314249   0.0258236   -0.014895    0.118145
  0.0258236    0.184478 -0.00215562   0.0168609
  -0.014895 -0.00215562    0.180662   0.0298776
   0.118145   0.0168609   0.0298776    0.320611
IMAGINARY
           0    0.0109567  0.000305111  -0.00625278
  -0.0109567            0   -0.0124087  -0.00155824
-0.000305111    0.0124087            0    0.0241311
  0.00625278   0.00155824   -0.0241311            0
EndNode2[0]<--->HoM1[0]
REAL
   0.293103  0.00458213  -0.0190405    0.149475
 0.00458213    0.204244 -0.00792021  -0.0119437
 -0.0190405 -0.00792021    0.172414  0.00210074
   0.149475  -0.0119437  0.00210074    0.330239
IMAGINARY
          0   0.0127129  -0.0136454  -0.0218754
 -0.0127129           0 -0.00499226  -0.0110069
  0.0136454  0.00499226           0 -0.00702392
  0.0218754   0.0110069  0.00702392           0
Repeater1[0]<--->EndNode1[0]
REAL
   0.314249   -0.014895   0.0258236    0.118145
  -0.014895    0.180662 -0.00215562   0.0298776
  0.0258236 -0.00215562    0.184478   0.0168609
   0.118145   0.0298776   0.0168609    0.320611
IMAGINARY
           0  0.000305111    0.0109567  -0.00625278
-0.000305111            0    0.0124087    0.0241311
  -0.0109567   -0.0124087            0  -0.00155824
  0.00625278   -0.0241311   0.00155824            0
Repeater1[0]<--->HoM1[0]
REAL
   0.293103  -0.0190405  0.00458213    0.149475
 -0.0190405    0.172414 -0.00792021  0.00210074
 0.00458213 -0.00792021    0.204244  -0.0119437
   0.149475  0.00210074  -0.0119437    0.330239
IMAGINARY
          0  -0.0136454   0.0127129  -0.0218754
  0.0136454           0  0.00499226 -0.00702392
 -0.0127129 -0.00499226           0  -0.0110069
  0.0218754  0.00702392   0.0110069           0
EndNode1[0]<--->Repeater1[0]
REAL
   0.323015  0.00539849  0.00811642    0.104093
 0.00539849    0.191117 -0.00936311 -0.00748907
 0.00811642 -0.00936311    0.187079  0.00150239
   0.104093 -0.00748907  0.00150239    0.298789
IMAGINARY
          0  0.00513883  0.00897997 -0.00501769
-0.00513883           0   0.0109465 -0.00238367
-0.00897997  -0.0109465           0  -0.0130544
 0.00501769  0.00238367   0.0130544           0
EndNode2[0]<--->HoM1[0]
REAL
  0.343832 0.00466572 0.00959126   0.135486
0.00466572   0.182415 0.00481091 0.00585992
0.00959126 0.00481091   0.190289  0.0144937
  0.135486 0.00585992  0.0144937   0.283465
IMAGINARY
          0   0.0267009  0.00553358  0.00415512
 -0.0267009           0   0.0221607   -0.022098
-0.00553358  -0.0221607           0 -0.00645555
-0.00415512    0.022098  0.00645555           0
Repeater1[0]<--->EndNode1[0]
REAL
   0.323015  0.00811642  0.00539849    0.104093
 0.00811642    0.187079 -0.00936311  0.00150239
 0.00539849 -0.00936311    0.191117 -0.00748907
   0.104093  0.00150239 -0.00748907    0.298789
IMAGINARY
          0  0.00897997  0.00513883 -0.00501769
-0.00897997           0  -0.0109465  -0.0130544
-0.00513883   0.0109465           0 -0.00238367
 0.00501769   0.0130544  0.00238367           0
Repeater1[0]<--->HoM1[0]
REAL
  0.343832 0.00959126 0.00466572   0.135486
0.00959126   0.190289 0.00481091  0.0144937
0.00466572 0.00481091   0.182415 0.00585992
  0.135486  0.0144937 0.00585992   0.283465
IMAGINARY
          0  0.00553358   0.0267009  0.00415512
-0.00553358           0  -0.0221607 -0.00645555
 -0.0267009   0.0221607           0   -0.022098
-0.00415512  0.00645555    0.022098           0
EndNode1[0]<--->Repeater1[0]
REAL
   0.336801  -0.0107848  -0.0212854    0.120698
 -0.0107848     0.16775   0.0190938 -0.00667297
 -0.0212854   0.0190938    0.157347 -0.00286926
   0.120698 -0.00667297 -0.00286926    0.338101
IMAGINARY
           0   -0.0151449    0.0103796   0.00909972
   0.0151449            0    0.0135133   -0.0103796
  -0.0103796   -0.0135133            0 -0.000897917
 -0.00909972    0.0103796  0.000897917            0
EndNode2[0]<--->HoM1[0]
REAL
  0.301567 -0.0100301 0.00518187   0.157434
-0.0100301   0.185379  0.0195686 -0.0116418
0.00518187  0.0195686   0.185379    0.01649
  0.157434 -0.0116418    0.01649   0.327676
IMAGINARY
          0  -0.0089275 -0.00377481  -0.0186104
  0.0089275           0  -0.0186104   0.0221992
 0.00377481   0.0186104           0 -0.00568496
  0.0186104  -0.0221992  0.00568496           0
Repeater1[0]<--->EndNode1[0]
REAL
   0.336801  -0.0212854  -0.0107848    0.120698
 -0.0212854    0.157347   0.0190938 -0.00286926
 -0.0107848   0.0190938     0.16775 -0.00667297
   0.120698 -0.00286926 -0.00667297    0.338101
IMAGINARY
           0    0.0103796   -0.0151449   0.00909972
  -0.0103796            0   -0.0135133 -0.000897917
   0.0151449    0.0135133            0   -0.0103796
 -0.00909972  0.000897917    0.0103796            0
Repeater1[0]<--->HoM1[0]
REAL
  0.301567 0.00518187 -0.0100301   0.157434
0.00518187   0.185379  0.0195686    0.01649
-0.0100301  0.0195686   0.185379 -0.0116418
  0.157434    0.01649 -0.0116418   0.327676
IMAGINARY
          0 -0.00377481  -0.0089275  -0.0186104
 0.00377481           0   0.0186104 -0.00568496
  0.0089275  -0.0186104           0   0.0221992
  0.0186104  0.00568496  -0.0221992           0
EndNode1[0]<--->Repeater1[0]
REAL
   0.303226   -0.018501 -0.00812823    0.119833
  -0.018501    0.190968   0.0135832 -0.00184683
-0.00812823   0.0135832    0.178065  0.00852598
   0.119833 -0.00184683  0.00852598    0.327742
IMAGINARY
          0 -0.00164894  -0.0202604  0.00834067
 0.00164894           0  -0.0187034   0.0240104
  0.0202604   0.0187034           0   0.0116489
-0.00834067  -0.0240104  -0.0116489           0
EndNode2[0]<--->HoM1[0]
REAL
   0.329381  0.00552246 -0.00316372    0.132114
 0.00552246    0.188406  0.00225247 -0.00458822
-0.00316372  0.00225247    0.167325 -0.00423047
   0.132114 -0.00458822 -0.00423047    0.314888
IMAGINARY
          0  -0.0121514 -0.00248363  0.00826782
  0.0121514           0  0.00579868  0.00436569
 0.00248363 -0.00579868           0  0.00650527
-0.00826782 -0.00436569 -0.00650527           0
Repeater1[0]<--->EndNode1[0]
REAL
   0.303226 -0.00812823   -0.018501    0.119833
-0.00812823    0.178065   0.0135832  0.00852598
  -0.018501   0.0135832    0.190968 -0.00184683
   0.119833  0.00852598 -0.00184683    0.327742
IMAGINARY
          0  -0.0202604 -0.00164894  0.00834067
  0.0202604           0   0.0187034   0.0116489
 0.00164894  -0.0187034           0   0.0240104
-0.00834067  -0.0116489  -0.0240104           0
Repeater1[0]<--->HoM1[0]
REAL
   0.329381 -0.00316372  0.00552246    0.132114
-0.00316372    0.167325  0.00225247 -0.00423047
 0.00552246  0.00225247    0.188406 -0.00458822
   0.132114 -0.00423047 -0.00458822    0.314888
IMAGINARY
          0 -0.00248363  -0.0121514  0.00826782
 0.00248363           0 -0.00579868  0.00650527
  0.0121514  0.00579868           0  0.00436569
-0.00826782 -0.00650527 -0.00436569           0
EndNode1[0]<--->Repeater1[0]
REAL
   0.301653 -0.00402246 -0.00782523     0.13811
-0.00402246    0.176309 -0.00612059  0.00977581
-0.00782523 -0.00612059    0.205234    0.012475
    0.13811  0.00977581    0.012475    0.316804
IMAGINARY
          0   0.0189768 -0.00292588  -0.0101569
 -0.0189768           0 -0.00369698  0.00292588
 0.00292588  0.00369698           0 -0.00214992
  0.0101569 -0.00292588  0.00214992           0
EndNode2[0]<--->HoM1[0]
REAL
    0.340849    0.0017208   -0.0147226     0.121362
   0.0017208     0.176393   0.00849972 -0.000961173
  -0.0147226   0.00849972     0.179045   -0.0111311
    0.121362 -0.000961173   -0.0111311     0.303714
IMAGINARY
           0  0.000833631      0.01571   0.00299092
-0.000833631            0  -0.00234241    0.0177074
    -0.01571   0.00234241            0   -0.0153355
 -0.00299092   -0.0177074    0.0153355            0
Repeater1[0]<--->EndNode1[0]
REAL
   0.301653 -0.00782523 -0.00402246     0.13811
-0.00782523    0.205234 -0.00612059    0.012475
-0.00402246 -0.00612059    0.176309  0.00977581
    0.13811    0.012475  0.00977581    0.316804
IMAGINARY
          0 -0.00292588   0.0189768  -0.0101569
 0.00292588           0  0.00369698 -0.00214992
 -0.0189768 -0.00369698           0  0.00292588
  0.0101569  0.00214992 -0.00292588           0
Repeater1[0]<--->HoM1[0]
REAL
    0.340849   -0.0147226    0.0017208     0.121362
  -0.0147226     0.179045   0.00849972   -0.0111311
   0.0017208   0.00849972     0.176393 -0.000961173
    0.121362   -0.0111311 -0.000961173     0.303714
IMAGINARY
           0      0.01571  0.000833631   0.00299092
    -0.01571            0   0.00234241   -0.0153355
-0.000833631  -0.00234241            0    0.0177074
 -0.00299092    0.0153355   -0.0177074            0
EndNode1[0]<--->Repeater1[0]
REAL
   0.345006   -0.015095 -0.00892282    0.152637
  -0.015095    0.182879 -0.00419948  0.00501657
-0.00892282 -0.00419948    0.163424  0.00337629
   0.152637  0.00501657  0.00337629     0.30869
IMAGINARY
          0 -0.00115528 -0.00939224 -0.00365098
 0.00115528           0    0.027401   -0.010715
 0.00939224   -0.027401           0   0.0185816
 0.00365098    0.010715  -0.0185816           0
EndNode2[0]<--->HoM1[0]
REAL
   0.308511  -0.0162607   0.0068381    0.119104
 -0.0162607    0.166223 -0.00902457   0.0210134
  0.0068381 -0.00902457    0.214096    0.022892
   0.119104   0.0210134    0.022892     0.31117
IMAGINARY
          0 -0.00393215 -0.00039298 -0.00260917
 0.00393215           0  0.00327318   0.0140998
 0.00039298 -0.00327318           0  -0.0145422
 0.00260917  -0.0140998   0.0145422           0
Repeater1[0]<--->EndNode1[0]
REAL
   0.345006 -0.00892282   -0.015095    0.152637
-0.00892282    0.163424 -0.00419948  0.00337629
  -0.015095 -0.00419948    0.182879  0.00501657
   0.152637  0.00337629  0.00501657     0.30869
IMAGINARY
          0 -0.00939224 -0.00115528 -0.00365098
 0.00939224           0   -0.027401   0.0185816
 0.00115528    0.027401           0   -0.010715
 0.00365098  -0.0185816    0.010715           0
Repeater1[0]<--->HoM1[0]
REAL
   0.308511   0.0068381  -0.0162607    0.119104
  0.0068381    0.214096 -0.00902457    0.022892
 -0.0162607 -0.00902457    0.166223   0.0210134
   0.119104    0.022892   0.0210134     0.31117
IMAGINARY
          0 -0.00039298 -0.00393215 -0.00260917
 0.00039298           0 -0.00327318  -0.0145422
 0.00393215  0.00327318           0   0.0140998
 0.00260917   0.0145422  -0.0140998           0
EndNode1[0]<--->Repeater1[0]
REAL
   0.289032  -0.0155295  -0.0171223     0.12302
 -0.0155295    0.194839 -0.00675586  0.00759248
 -0.0171223 -0.00675586    0.180645 -0.00924811
    0.12302  0.00759248 -0.00924811    0.335484
IMAGINARY
          0   0.0157533  0.00489165   0.0218677
 -0.0157533           0  -0.0012685     0.01553
-0.00489165   0.0012685           0 -0.00587187
 -0.0218677    -0.01553  0.00587187           0
EndNode2[0]<--->HoM1[0]
REAL
    0.31586 0.000243565 -0.00912031    0.109369
0.000243565    0.182796  0.00859364  -0.0203703
-0.00912031  0.00859364    0.189516 -0.00694598
   0.109369  -0.0203703 -0.00694598    0.311828
IMAGINARY
          0  -0.0181402  0.00710356   0.0126138
  0.0181402           0   0.0158313 -0.00581157
-0.00710356  -0.0158313           0  -0.0232035
 -0.0126138  0.00581157   0.0232035           0
Repeater1[0]<--->EndNode1[0]
REAL
   0.289032  -0.0171223  -0.0155295     0.12302
 -0.0171223    0.180645 -0.00675586 -0.00924811
 -0.0155295 -0.00675586    0.194839  0.00759248
    0.12302 -0.00924811  0.00759248    0.335484
IMAGINARY
          0  0.00489165   0.0157533   0.0218677
-0.00489165           0   0.0012685 -0.00587187
 -0.0157533  -0.0012685           0     0.01553
 -0.0218677  0.00587187    -0.01553           0
Repeater1[0]<--->HoM1[0]
REAL
    0.31586 -0.00912031 0.000243565    0.109369
-0.00912031    0.189516  0.00859364 -0.00694598
0.000243565  0.00859364    0.182796  -0.0203703
   0.109369 -0.00694598  -0.0203703    0.311828
IMAGINARY
          0  0.00710356  -0.0181402   0.0126138
-0.00710356           0  -0.0158313  -0.0232035
  0.0181402   0.0158313           0 -0.00581157
 -0.0126138   0.0232035  0.00581157           0
EndNode1[0]<--->Repeater1[0]
REAL
    0.285891   -0.0142586   0.00972113     0.129864
  -0.0142586     0.167079 -0.000422435 -0.000837879
  0.00972113 -0.000422435     0.212871  -0.00477693
    0.129864 -0.000837879  -0.00477693     0.334158
IMAGINARY
           0  -0.00390895   0.00402936 -0.000479478
  0.00390895            0   0.00927345 -0.000618717
 -0.00402936  -0.00927345            0   0.00731959
 0.000479478  0.000618717  -0.00731959            0
EndNode2[0]<--->HoM1[0]
REAL
   0.317284   0.0109617  -0.0163341    0.134233
  0.0109617    0.176543  0.00224341  -0.0122019
 -0.0163341  0.00224341    0.188889 -0.00599894
   0.134233  -0.0122019 -0.00599894    0.317284
IMAGINARY
           0     0.010026  -0.00217198 -0.000914969
   -0.010026            0  -0.00420012   0.00542296
  0.00217198   0.00420012            0  -0.00157349
 0.000914969  -0.00542296   0.00157349            0
Repeater1[0]<--->EndNode1[0]
REAL
    0.285891   0.00972113   -0.0142586     0.129864
  0.00972113     0.212871 -0.000422435  -0.00477693
  -0.0142586 -0.000422435     0.167079 -0.000837879
    0.129864  -0.00477693 -0.000837879     0.334158
IMAGINARY
           0   0.00402936  -0.00390895 -0.000479478
 -0.00402936            0  -0.00927345   0.00731959
  0.00390895   0.00927345            0 -0.000618717
 0.000479478  -0.00731959  0.000618717            0
Repeater1[0]<--->HoM1[0]
REAL
   0.317284  -0.0163341   0.0109617    0.134233
 -0.0163341    0.188889  0.00224341 -0.00599894
  0.0109617  0.00224341    0.176543  -0.0122019
   0.134233 -0.00599894  -0.0122019    0.317284
IMAGINARY
           0  -0.00217198     0.010026 -0.000914969
  0.00217198            0   0.00420012  -0.00157349
   -0.010026  -0.00420012            0   0.00542296
 0.000914969   0.00157349  -0.00542296            0
EndNode1[0]<--->Repeater1[0]
REAL
      0.336  -0.0111442  -0.0127781    0.128612
 -0.0111442       0.176 -0.00726498  0.00578954
 -0.0127781 -0.00726498    0.186667  0.00415566
   0.128612  0.00578954  0.00415566    0.301333
IMAGINARY
           0   -0.0139031    0.0172517   0.00114764
   0.0139031            0   -0.0261476    0.0101914
  -0.0172517    0.0261476            0 -0.000153112
 -0.00114764   -0.0101914  0.000153112            0
EndNode2[0]<--->HoM1[0]
REAL
   0.340295 -0.00316614 -0.00447735   0.0946415
-0.00316614    0.179361   0.0132767   0.0012845
-0.00447735   0.0132767    0.197789  0.00380471
  0.0946415   0.0012845  0.00380471    0.282555
IMAGINARY
          0 -0.00734001  0.00252268  0.00518153
 0.00734001           0   0.0114629  -0.0130214
-0.00252268  -0.0114629           0    0.011277
-0.00518153   0.0130214   -0.011277           0
Repeater1[0]<--->EndNode1[0]
REAL
      0.336  -0.0127781  -0.0111442    0.128612
 -0.0127781    0.186667 -0.00726498  0.00415566
 -0.0111442 -0.00726498       0.176  0.00578954
   0.128612  0.00415566  0.00578954    0.301333
IMAGINARY
           0    0.0172517   -0.0139031   0.00114764
  -0.0172517            0    0.0261476 -0.000153112
   0.0139031   -0.0261476            0    0.0101914
 -0.00114764  0.000153112   -0.0101914            0
Repeater1[0]<--->HoM1[0]
REAL
   0.340295 -0.00447735 -0.00316614   0.0946415
-0.00447735    0.197789   0.0132767  0.00380471
-0.00316614   0.0132767    0.179361   0.0012845
  0.0946415  0.00380471   0.0012845    0.282555
IMAGINARY
          0  0.00252268 -0.00734001  0.00518153
-0.00252268           0  -0.0114629    0.011277
 0.00734001   0.0114629           0  -0.0130214
-0.00518153   -0.011277   0.0130214           0
EndNode1[0]<--->Repeater1[0]
REAL
    0.319444   0.00340947  -0.00531461     0.145791
  0.00340947     0.189394   -0.0031317 -0.000225554
 -0.00531461   -0.0031317     0.169192    0.0021307
    0.145791 -0.000225554    0.0021307      0.32197
IMAGINARY
          0   0.0142765  -0.0220513 -0.00611751
 -0.0142765           0    0.011168  0.00494101
  0.0220513   -0.011168           0   0.0117058
 0.00611751 -0.00494101  -0.0117058           0
EndNode2[0]<--->HoM1[0]
REAL
   0.315924   0.0303543 0.000243459    0.144981
  0.0303543    0.173248 -0.00623803 -0.00417016
0.000243459 -0.00623803    0.187261   -0.021192
   0.144981 -0.00417016   -0.021192    0.323567
IMAGINARY
          0  -0.0139992  0.00512115 -0.00568032
  0.0139992           0 -0.00503847  -0.0112187
-0.00512115  0.00503847           0 -0.00917157
 0.00568032   0.0112187  0.00917157           0
Repeater1[0]<--->EndNode1[0]
REAL
    0.319444  -0.00531461   0.00340947     0.145791
 -0.00531461     0.169192   -0.0031317    0.0021307
  0.00340947   -0.0031317     0.189394 -0.000225554
    0.145791    0.0021307 -0.000225554      0.32197
IMAGINARY
          0  -0.0220513   0.0142765 -0.00611751
  0.0220513           0   -0.011168   0.0117058
 -0.0142765    0.011168           0  0.00494101
 0.00611751  -0.0117058 -0.00494101           0
Repeater1[0]<--->HoM1[0]
REAL
   0.315924 0.000243459   0.0303543    0.144981
0.000243459    0.187261 -0.00623803   -0.021192
  0.0303543 -0.00623803    0.173248 -0.00417016
   0.144981   -0.021192 -0.00417016    0.323567
IMAGINARY
          0  0.00512115  -0.0139992 -0.00568032
-0.00512115           0  0.00503847 -0.00917157
  0.0139992 -0.00503847           0  -0.0112187
 0.00568032  0.00917157   0.0112187           0
EndNode1[0]<--->Repeater1[0]
REAL
    0.306773 -0.000437092    0.0205472     0.140406
-0.000437092     0.188579   0.00915598   0.00385829
   0.0205472   0.00915598     0.175299    0.0148301
    0.140406   0.00385829    0.0148301     0.329349
IMAGINARY
          0 -0.00497494 -0.00619603  -0.0109305
 0.00497494           0 -0.00399484  0.00494603
 0.00619603  0.00399484           0  -0.0250251
  0.0109305 -0.00494603   0.0250251           0
EndNode2[0]<--->HoM1[0]
REAL
   0.318239 -0.00519058  0.00954501    0.124663
-0.00519058    0.208805 -0.00241219  -0.0101918
 0.00954501 -0.00241219    0.176101  0.00713108
   0.124663  -0.0101918  0.00713108    0.296855
IMAGINARY
          0  0.00309171   0.0134924  -0.0240166
-0.00309171           0   0.0063844 -0.00263667
 -0.0134924  -0.0063844           0  -0.0190559
  0.0240166  0.00263667   0.0190559           0
Repeater1[0]<--->EndNode1[0]
REAL
    0.306773    0.0205472 -0.000437092     0.140406
   0.0205472     0.175299   0.00915598    0.0148301
-0.000437092   0.00915598     0.188579   0.00385829
    0.140406    0.0148301   0.00385829     0.329349
IMAGINARY
          0 -0.00619603 -0.00497494  -0.0109305
 0.00619603           0  0.00399484  -0.0250251
 0.00497494 -0.00399484           0  0.00494603
  0.0109305   0.0250251 -0.00494603           0
Repeater1[0]<--->HoM1[0]
REAL
   0.318239  0.00954501 -0.00519058    0.124663
 0.00954501    0.176101 -0.00241219  0.00713108
-0.00519058 -0.00241219    0.208805  -0.0101918
   0.124663  0.00713108  -0.0101918    0.296855
IMAGINARY
          0   0.0134924  0.00309171  -0.0240166
 -0.0134924           0  -0.0063844  -0.0190559
-0.00309171   0.0063844           0 -0.00263667
  0.0240166   0.0190559  0.00263667           0
EndNode1[0]<--->Repeater1[0]
REAL
    0.324832   -0.0254208   -0.0133013     0.112687
  -0.0254208      0.17047   0.00544839 -0.000108675
  -0.0133013   0.00544839     0.178523   -0.0148091
    0.112687 -0.000108675   -0.0148091     0.326174
IMAGINARY
          0  -0.0102463 -0.00870117  -0.0238516
  0.0102463           0  -0.0083477   0.0180845
 0.00870117   0.0083477           0  0.00756537
  0.0238516  -0.0180845 -0.00756537           0
EndNode2[0]<--->HoM1[0]
REAL
   0.311497 -0.00988554  0.00528887    0.117119
-0.00988554    0.197861   0.0125565  0.00343931
 0.00528887   0.0125565    0.207219  0.00240424
   0.117119  0.00343931  0.00240424    0.283422
IMAGINARY
           0    0.0039118    0.0145436    -0.015521
  -0.0039118            0   -0.0142803  3.17693e-05
  -0.0145436    0.0142803            0    0.0144659
    0.015521 -3.17693e-05   -0.0144659            0
Repeater1[0]<--->EndNode1[0]
REAL
    0.324832   -0.0133013   -0.0254208     0.112687
  -0.0133013     0.178523   0.00544839   -0.0148091
  -0.0254208   0.00544839      0.17047 -0.000108675
    0.112687   -0.0148091 -0.000108675     0.326174
IMAGINARY
          0 -0.00870117  -0.0102463  -0.0238516
 0.00870117           0   0.0083477  0.00756537
  0.0102463  -0.0083477           0   0.0180845
  0.0238516 -0.00756537  -0.0180845           0
Repeater1[0]<--->HoM1[0]
REAL
   0.311497  0.00528887 -0.00988554    0.117119
 0.00528887    0.207219   0.0125565  0.00240424
-0.00988554   0.0125565    0.197861  0.00343931
   0.117119  0.00240424  0.00343931    0.283422
IMAGINARY
           0    0.0145436    0.0039118    -0.015521
  -0.0145436            0    0.0142803    0.0144659
  -0.0039118   -0.0142803            0  3.17693e-05
    0.015521   -0.0144659 -3.17693e-05            0
EndNode1[0]<--->Repeater1[0]
REAL
   0.333753   0.0131684   0.0140435    0.120316
  0.0131684    0.171285 -0.00614296   0.0108909
  0.0140435 -0.00614296     0.18262 -0.00398202
   0.120316   0.0108909 -0.00398202    0.312343
IMAGINARY
          0   0.0140368   0.0188036  -0.0160374
 -0.0140368           0 -0.00301652  0.00259715
 -0.0188036  0.00301652           0   0.0008789
  0.0160374 -0.00259715  -0.0008789           0
EndNode2[0]<--->HoM1[0]
REAL
  0.284794  0.0218185 0.00120415    0.14238
 0.0218185   0.204897 0.00689177  0.0109318
0.00120415 0.00689177   0.216495 -0.0133233
   0.14238  0.0109318 -0.0133233   0.293814
IMAGINARY
          0  -0.0305295   0.0263215  0.00765733
  0.0305295           0   0.0135397 -0.00224995
 -0.0263215  -0.0135397           0   0.0105845
-0.00765733  0.00224995  -0.0105845           0
Repeater1[0]<--->EndNode1[0]
REAL
   0.333753   0.0140435   0.0131684    0.120316
  0.0140435     0.18262 -0.00614296 -0.00398202
  0.0131684 -0.00614296    0.171285   0.0108909
   0.120316 -0.00398202   0.0108909    0.312343
IMAGINARY
          0   0.0188036   0.0140368  -0.0160374
 -0.0188036           0  0.00301652   0.0008789
 -0.0140368 -0.00301652           0  0.00259715
  0.0160374  -0.0008789 -0.00259715           0
Repeater1[0]<--->HoM1[0]
REAL
  0.284794 0.00120415  0.0218185    0.14238
0.00120415   0.216495 0.00689177 -0.0133233
 0.0218185 0.00689177   0.204897  0.0109318
   0.14238 -0.0133233  0.0109318   0.293814
IMAGINARY
          0   0.0263215  -0.0305295  0.00765733
 -0.0263215           0  -0.0135397   0.0105845
  0.0305295   0.0135397           0 -0.00224995
-0.00765733  -0.0105845  0.00224995           0
EndNode1[0]<--->Repeater1[0]
REAL
   0.316576    0.028557  0.00738742    0.141949
   0.028557    0.195652  -0.0138084  0.00140655
 0.00738742  -0.0138084      0.1875 -0.00468767
   0.141949  0.00140655 -0.00468767    0.300272
IMAGINARY
          0  -0.0043266  -0.0101064 -0.00389985
  0.0043266           0 -0.00133575  -0.0147421
  0.0101064  0.00133575           0  0.00493266
 0.00389985   0.0147421 -0.00493266           0
EndNode2[0]<--->HoM1[0]
REAL
   0.306878  0.00803125  -0.0133013    0.132343
 0.00803125    0.175926 -0.00765743  0.00448522
 -0.0133013 -0.00765743    0.195767 0.000784872
   0.132343  0.00448522 0.000784872    0.321429
IMAGINARY
          0 -0.00162193  -0.0106878  0.00221181
 0.00162193           0  0.00159529   0.0113329
  0.0106878 -0.00159529           0  -0.0028942
-0.00221181  -0.0113329   0.0028942           0
Repeater1[0]<--->EndNode1[0]
REAL
   0.316576  0.00738742    0.028557    0.141949
 0.00738742      0.1875  -0.0138084 -0.00468767
   0.028557  -0.0138084    0.195652  0.00140655
   0.141949 -0.00468767  0.00140655    0.300272
IMAGINARY
          0  -0.0101064  -0.0043266 -0.00389985
  0.0101064           0  0.00133575  0.00493266
  0.0043266 -0.00133575           0  -0.0147421
 0.00389985 -0.00493266   0.0147421           0
Repeater1[0]<--->HoM1[0]
REAL
   0.306878  -0.0133013  0.00803125    0.132343
 -0.0133013    0.195767 -0.00765743 0.000784872
 0.00803125 -0.00765743    0.175926  0.00448522
   0.132343 0.000784872  0.00448522    0.321429
IMAGINARY
          0  -0.0106878 -0.00162193  0.00221181
  0.0106878           0 -0.00159529  -0.0028942
 0.00162193  0.00159529           0   0.0113329
-0.00221181   0.0028942  -0.0113329           0
EndNode1[0]<--->Repeater1[0]
REAL
   0.312883 -0.00793019  0.00253409    0.145121
-0.00793019    0.193865   -0.013609 0.000642535
 0.00253409   -0.013609    0.179141   0.0136481
   0.145121 0.000642535   0.0136481     0.31411
IMAGINARY
          0    0.015886 -0.00504178  -0.0150435
  -0.015886           0   -0.022309    0.019592
 0.00504178    0.022309           0  -0.0277907
  0.0150435   -0.019592   0.0277907           0
EndNode2[0]<--->HoM1[0]
REAL
   0.318414 0.000438223   0.0175676    0.120717
0.000438223     0.18798   0.0075215  -0.0175676
  0.0175676   0.0075215    0.157289   0.0215825
   0.120717  -0.0175676   0.0215825    0.336317
IMAGINARY
           0   -0.0103351    0.0197206    0.0105684
   0.0103351            0   0.00477688  -0.00354984
  -0.0197206  -0.00477688            0  0.000632642
  -0.0105684   0.00354984 -0.000632642            0
Repeater1[0]<--->EndNode1[0]
REAL
   0.312883  0.00253409 -0.00793019    0.145121
 0.00253409    0.179141   -0.013609   0.0136481
-0.00793019   -0.013609    0.193865 0.000642535
   0.145121   0.0136481 0.000642535     0.31411
IMAGINARY
          0 -0.00504178    0.015886  -0.0150435
 0.00504178           0    0.022309  -0.0277907
  -0.015886   -0.022309           0    0.019592
  0.0150435   0.0277907   -0.019592           0
Repeater1[0]<--->HoM1[0]
REAL
   0.318414   0.0175676 0.000438223    0.120717
  0.0175676    0.157289   0.0075215   0.0215825
0.000438223   0.0075215     0.18798  -0.0175676
   0.120717   0.0215825  -0.0175676    0.336317
IMAGINARY
           0    0.0197206   -0.0103351    0.0105684
  -0.0197206            0  -0.00477688  0.000632642
   0.0103351   0.00477688            0  -0.00354984
  -0.0105684 -0.000632642   0.00354984            0
EndNode1[0]<--->Repeater1[0]
REAL
   0.292714  -0.0030959 -0.00378401    0.128707
 -0.0030959    0.190955   0.0205276  0.00505952
-0.00378401   0.0205276    0.164573 0.000544878
   0.128707  0.00505952 0.000544878    0.351759
IMAGINARY
           0    0.0184826  -0.00870033    0.0138509
  -0.0184826            0  0.000854993  0.000784764
  0.00870033 -0.000854993            0   -0.0145248
  -0.0138509 -0.000784764    0.0145248            0
EndNode2[0]<--->HoM1[0]
REAL
   0.301316   0.0118701  0.00152408    0.127976
  0.0118701    0.202632 -0.00764091 -0.00474158
 0.00152408 -0.00764091    0.185526 -0.00607861
   0.127976 -0.00474158 -0.00607861    0.310526
IMAGINARY
          0  -0.0237863   0.0175976  -0.0122855
  0.0237863           0 -0.00862701  -0.0121182
 -0.0175976  0.00862701           0  -0.0173096
  0.0122855   0.0121182   0.0173096           0
Repeater1[0]<--->EndNode1[0]
REAL
   0.292714 -0.00378401  -0.0030959    0.128707
-0.00378401    0.164573   0.0205276 0.000544878
 -0.0030959   0.0205276    0.190955  0.00505952
   0.128707 0.000544878  0.00505952    0.351759
IMAGINARY
           0  -0.00870033    0.0184826    0.0138509
  0.00870033            0 -0.000854993   -0.0145248
  -0.0184826  0.000854993            0  0.000784764
  -0.0138509    0.0145248 -0.000784764            0
Repeater1[0]<--->HoM1[0]
REAL
   0.301316  0.00152408   0.0118701    0.127976
 0.00152408    0.185526 -0.00764091 -0.00607861
  0.0118701 -0.00764091    0.202632 -0.00474158
   0.127976 -0.00607861 -0.00474158    0.310526
IMAGINARY
          0   0.0175976  -0.0237863  -0.0122855
 -0.0175976           0  0.00862701  -0.0173096
  0.0237863 -0.00862701           0  -0.0121182
  0.0122855   0.0173096   0.0121182           0
EndNode1[0]<--->Repeater1[0]
REAL
   0.346247  0.00959812  0.00775332    0.137464
 0.00959812    0.182809 0.000862639  -0.0043795
 0.00775332 0.000862639    0.179177 -0.00352524
   0.137464  -0.0043795 -0.00352524    0.291768
IMAGINARY
           0  -0.00627451  -0.00458907  0.000667723
  0.00627451            0   0.00254978  -0.00521485
  0.00458907  -0.00254978            0  0.000392157
-0.000667723   0.00521485 -0.000392157            0
EndNode2[0]<--->HoM1[0]
REAL
    0.314634    0.0146378    0.0227723     0.138453
   0.0146378     0.195122  -0.00687378 -0.000128472
   0.0227723  -0.00687378     0.152439   0.00188609
    0.138453 -0.000128472   0.00188609     0.337805
IMAGINARY
           0    0.0116835   -0.0242828 -0.000101851
  -0.0116835            0   -0.0156214  -0.00836766
   0.0242828    0.0156214            0 -0.000800046
 0.000101851   0.00836766  0.000800046            0
Repeater1[0]<--->EndNode1[0]
REAL
   0.346247  0.00775332  0.00959812    0.137464
 0.00775332    0.179177 0.000862639 -0.00352524
 0.00959812 0.000862639    0.182809  -0.0043795
   0.137464 -0.00352524  -0.0043795    0.291768
IMAGINARY
           0  -0.00458907  -0.00627451  0.000667723
  0.00458907            0  -0.00254978  0.000392157
  0.00627451   0.00254978            0  -0.00521485
-0.000667723 -0.000392157   0.00521485            0
Repeater1[0]<--->HoM1[0]
REAL
    0.314634    0.0227723    0.0146378     0.138453
   0.0227723     0.152439  -0.00687378   0.00188609
   0.0146378  -0.00687378     0.195122 -0.000128472
    0.138453   0.00188609 -0.000128472     0.337805
IMAGINARY
           0   -0.0242828    0.0116835 -0.000101851
   0.0242828            0    0.0156214 -0.000800046
  -0.0116835   -0.0156214            0  -0.00836766
 0.000101851  0.000800046   0.00836766            0
EndNode1[0]<--->Repeater1[0]
REAL
    0.299864    0.0151583  0.000348658      0.12014
   0.0151583     0.184532  -0.00566638  -0.00298024
 0.000348658  -0.00566638     0.191316 -0.000684577
     0.12014  -0.00298024 -0.000684577     0.324288
IMAGINARY
          0   0.0159883 -0.00199743   0.0110812
 -0.0159883           0 -0.00284289   0.0129652
 0.00199743  0.00284289           0  0.00917296
 -0.0110812  -0.0129652 -0.00917296           0
EndNode2[0]<--->HoM1[0]
REAL
   0.326059  0.00821978 -0.00981434    0.124955
 0.00821978     0.16303  0.00169369   0.0124529
-0.00981434  0.00169369    0.183569  0.00365357
   0.124955   0.0124529  0.00365357    0.327343
IMAGINARY
          0  0.00785703 -0.00858445  -0.0183607
-0.00785703           0   0.0151514 -0.00721833
 0.00858445  -0.0151514           0 -0.00216803
  0.0183607  0.00721833  0.00216803           0
Repeater1[0]<--->EndNode1[0]
REAL
    0.299864  0.000348658    0.0151583      0.12014
 0.000348658     0.191316  -0.00566638 -0.000684577
   0.0151583  -0.00566638     0.184532  -0.00298024
     0.12014 -0.000684577  -0.00298024     0.324288
IMAGINARY
          0 -0.00199743   0.0159883   0.0110812
 0.00199743           0  0.00284289  0.00917296
 -0.0159883 -0.00284289           0   0.0129652
 -0.0110812 -0.00917296  -0.0129652           0
Repeater1[0]<--->HoM1[0]
REAL
   0.326059 -0.00981434  0.00821978    0.124955
-0.00981434    0.183569  0.00169369  0.00365357
 0.00821978  0.00169369     0.16303   0.0124529
   0.124955  0.00365357   0.0124529    0.327343
IMAGINARY
          0 -0.00858445  0.00785703  -0.0183607
 0.00858445           0  -0.0151514 -0.00216803
-0.00785703   0.0151514           0 -0.00721833
  0.0183607  0.00216803  0.00721833           0
EndNode1[0]<--->Repeater1[0]
REAL
   0.301435  0.00377834   0.0294644    0.118348
 0.00377834    0.197368 -0.00247938  -0.0231672
  0.0294644 -0.00247938    0.199761  0.00377834
   0.118348  -0.0231672  0.00377834    0.301435
IMAGINARY
          0 -0.00539529   0.0181025  -0.0128296
 0.00539529           0  -0.0174531   0.0106025
 -0.0181025   0.0174531           0 -0.00995852
  0.0128296  -0.0106025  0.00995852           0
EndNode2[0]<--->HoM1[0]
REAL
   0.329588 -0.00189348   0.0259237    0.145831
-0.00189348     0.17603  -0.0154809 -0.00452289
  0.0259237  -0.0154809     0.19975    0.003839
   0.145831 -0.00452289    0.003839    0.294632
IMAGINARY
          0  -0.0134519  -0.0018418 -0.00733988
  0.0134519           0  -0.0113081    0.015898
  0.0018418   0.0113081           0 -0.00194298
 0.00733988   -0.015898  0.00194298           0
Repeater1[0]<--->EndNode1[0]
REAL
   0.301435   0.0294644  0.00377834    0.118348
  0.0294644    0.199761 -0.00247938  0.00377834
 0.00377834 -0.00247938    0.197368  -0.0231672
   0.118348  0.00377834  -0.0231672    0.301435
IMAGINARY
          0   0.0181025 -0.00539529  -0.0128296
 -0.0181025           0   0.0174531 -0.00995852
 0.00539529  -0.0174531           0   0.0106025
  0.0128296  0.00995852  -0.0106025           0
Repeater1[0]<--->HoM1[0]
REAL
   0.329588   0.0259237 -0.00189348    0.145831
  0.0259237     0.19975  -0.0154809    0.003839
-0.00189348  -0.0154809     0.17603 -0.00452289
   0.145831    0.003839 -0.00452289    0.294632
IMAGINARY
          0  -0.0018418  -0.0134519 -0.00733988
  0.0018418           0   0.0113081 -0.00194298
  0.0134519  -0.0113081           0    0.015898
 0.00733988  0.00194298   -0.015898           0
EndNode1[0]<--->Repeater1[0]
REAL
   0.304938  -0.0207454 -0.00952867    0.148852
 -0.0207454    0.176543 -0.00231096 -0.00116316
-0.00952867 -0.00231096    0.193827   0.0188586
   0.148852 -0.00116316   0.0188586    0.324691
IMAGINARY
           0   -0.0125433 -0.000864213   -0.0152396
   0.0125433            0    0.0101376    0.0112001
 0.000864213   -0.0101376            0    0.0151273
   0.0152396   -0.0112001   -0.0151273            0
EndNode2[0]<--->HoM1[0]
REAL
   0.334559  0.00412972 5.56242e-05    0.106793
 0.00412972    0.188725 -0.00359694  -0.0153685
5.56242e-05 -0.00359694    0.188725 -0.00879017
   0.106793  -0.0153685 -0.00879017     0.28799
IMAGINARY
          0   0.0236632 -0.00434063   0.0193251
 -0.0236632           0 -0.00801861  0.00304192
 0.00434063  0.00801861           0  0.00620689
 -0.0193251 -0.00304192 -0.00620689           0
Repeater1[0]<--->EndNode1[0]
REAL
   0.304938 -0.00952867  -0.0207454    0.148852
-0.00952867    0.193827 -0.00231096   0.0188586
 -0.0207454 -0.00231096    0.176543 -0.00116316
   0.148852   0.0188586 -0.00116316    0.324691
IMAGINARY
           0 -0.000864213   -0.0125433   -0.0152396
 0.000864213            0   -0.0101376    0.0151273
   0.0125433    0.0101376            0    0.0112001
   0.0152396   -0.0151273   -0.0112001            0
Repeater1[0]<--->HoM1[0]
REAL
   0.334559 5.56242e-05  0.00412972    0.106793
5.56242e-05    0.188725 -0.00359694 -0.00879017
 0.00412972 -0.00359694    0.188725  -0.0153685
   0.106793 -0.00879017  -0.0153685     0.28799
IMAGINARY
          0 -0.00434063   0.0236632   0.0193251
 0.00434063           0  0.00801861  0.00620689
 -0.0236632 -0.00801861           0  0.00304192
 -0.0193251 -0.00620689 -0.00304192           0
EndNode1[0]<--->Repeater1[0]
REAL
   0.334225 -0.00739448  -0.0139918    0.130333
-0.00739448    0.195187  -0.0051807  -0.0269117
 -0.0139918  -0.0051807    0.175134   -0.024962
   0.130333  -0.0269117   -0.024962    0.295455
IMAGINARY
          0  0.00532273   0.0179976   0.0247578
-0.00532273           0   -0.004654   -0.015995
 -0.0179976    0.004654           0  0.00469062
 -0.0247578    0.015995 -0.00469062           0
EndNode2[0]<--->HoM1[0]
REAL
   0.31242 -0.0108974  0.0124072   0.146607
-0.0108974   0.201024 -0.0107098  0.0209262
 0.0124072 -0.0107098   0.183099 0.00320513
  0.146607  0.0209262 0.00320513   0.303457
IMAGINARY
          0  -0.0266343 -0.00445293  0.00562264
  0.0266343           0  -0.0239472  0.00445293
 0.00445293   0.0239472           0 -0.00873152
-0.00562264 -0.00445293  0.00873152           0
Repeater1[0]<--->EndNode1[0]
REAL
   0.334225  -0.0139918 -0.00739448    0.130333
 -0.0139918    0.175134  -0.0051807   -0.024962
-0.00739448  -0.0051807    0.195187  -0.0269117
   0.130333   -0.024962  -0.0269117    0.295455
IMAGINARY
          0   0.0179976  0.00532273   0.0247578
 -0.0179976           0    0.004654  0.00469062
-0.00532273   -0.004654           0   -0.015995
 -0.0247578 -0.00469062    0.015995           0
Repeater1[0]<--->HoM1[0]
REAL
   0.31242  0.0124072 -0.0108974   0.146607
 0.0124072   0.183099 -0.0107098 0.00320513
-0.0108974 -0.0107098   0.201024  0.0209262
  0.146607 0.00320513  0.0209262   0.303457
IMAGINARY
          0 -0.00445293  -0.0266343  0.00562264
 0.00445293           0   0.0239472 -0.00873152
  0.0266343  -0.0239472           0  0.00445293
-0.00562264  0.00873152 -0.00445293           0
EndNode1[0]<--->Repeater1[0]
REAL
    0.29479 -0.00321096  0.00734743    0.141836
-0.00321096    0.144854 -0.00163139   0.0099381
 0.00734743 -0.00163139    0.207116 -0.00127047
   0.141836   0.0099381 -0.00127047     0.35324
IMAGINARY
