EndNode1[0]<--->Repeater1[0]
REAL
   0.456227  0.00119962  0.00998357    0.259423
 0.00119962    0.127004   0.0138932 -0.00221155
 0.00998357   0.0138932    0.115906 -0.00249496
   0.259423 -0.00221155 -0.00249496    0.300863
IMAGINARY
          0    0.010439  -0.0110295   0.0204178
  -0.010439           0 -0.00582893  -0.0116665
  0.0110295  0.00582893           0   0.0163835
 -0.0204178   0.0116665  -0.0163835           0
EndNode2[0]<--->HoM1[0]
REAL
   0.453621 -0.00799119  0.00936078    0.349743
-0.00799119   0.0736976   0.0285842 -0.00872707
 0.00936078   0.0285842   0.0952986 -0.00151451
   0.349743 -0.00872707 -0.00151451    0.377382
IMAGINARY
           0  -0.00941999    0.0257889    0.0158851
  0.00941999            0    -0.020006 -0.000599986
  -0.0257889     0.020006            0  -0.00821226
  -0.0158851  0.000599986   0.00821226            0
Repeater1[0]<--->EndNode1[0]
REAL
   0.456227  0.00998357  0.00119962    0.259423
 0.00998357    0.115906   0.0138932 -0.00249496
 0.00119962   0.0138932    0.127004 -0.00221155
   0.259423 -0.00249496 -0.00221155    0.300863
IMAGINARY
          0  -0.0110295    0.010439   0.0204178
  0.0110295           0  0.00582893   0.0163835
  -0.010439 -0.00582893           0  -0.0116665
 -0.0204178  -0.0163835   0.0116665           0
Repeater1[0]<--->HoM1[0]
REAL
   0.453621  0.00936078 -0.00799119    0.349743
 0.00936078   0.0952986   0.0285842 -0.00151451
-0.00799119   0.0285842   0.0736976 -0.00872707
   0.349743 -0.00151451 -0.00872707    0.377382
IMAGINARY
           0    0.0257889  -0.00941999    0.0158851
  -0.0257889            0     0.020006  -0.00821226
  0.00941999    -0.020006            0 -0.000599986
  -0.0158851   0.00821226  0.000599986            0
EndNode1[0]<--->Repeater1[0]
REAL
   0.447837  0.00519386 -0.00196886      0.2782
 0.00519386    0.109415    0.005133   0.0135073
-0.00196886    0.005133    0.104326  0.00249844
     0.2782   0.0135073  0.00249844    0.338422
IMAGINARY
          0 -0.00480066  0.00483584   0.0299135
 0.00480066           0  0.00770622 -0.00732961
-0.00483584 -0.00770622           0   0.0097882
 -0.0299135  0.00732961  -0.0097882           0
EndNode2[0]<--->HoM1[0]
REAL
   0.437111  0.00661099  0.00185644    0.348566
 0.00661099   0.0672478   0.0141286 -0.00185644
 0.00185644   0.0141286   0.0809465   0.0141144
   0.348566 -0.00185644   0.0141144    0.414695
IMAGINARY
          0  0.00740608 -0.00226608 -0.00626086
-0.00740608           0 -0.00184724   0.0108753
 0.00226608  0.00184724           0  -0.0120418
 0.00626086  -0.0108753   0.0120418           0
Repeater1[0]<--->EndNode1[0]
REAL
   0.447837 -0.00196886  0.00519386      0.2782
-0.00196886    0.104326    0.005133  0.00249844
 0.00519386    0.005133    0.109415   0.0135073
     0.2782  0.00249844   0.0135073    0.338422
IMAGINARY
          0  0.00483584 -0.00480066   0.0299135
-0.00483584           0 -0.00770622   0.0097882
 0.00480066  0.00770622           0 -0.00732961
 -0.0299135  -0.0097882  0.00732961           0
Repeater1[0]<--->HoM1[0]
REAL
   0.437111  0.00185644  0.00661099    0.348566
 0.00185644   0.0809465   0.0141286   0.0141144
 0.00661099   0.0141286   0.0672478 -0.00185644
   0.348566   0.0141144 -0.00185644    0.414695
IMAGINARY
          0 -0.00226608  0.00740608 -0.00626086
 0.00226608           0  0.00184724  -0.0120418
-0.00740608 -0.00184724           0   0.0108753
 0.00626086   0.0120418  -0.0108753           0
EndNode1[0]<--->Repeater1[0]
REAL
   0.43401 -0.0130363 -0.0044361   0.277283
-0.0130363   0.126904  0.0119893  0.0152918
-0.0044361  0.0119893  0.0951777  0.0200606
  0.277283  0.0152918  0.0200606   0.343909
IMAGINARY
          0 -0.00167512  0.00841965   0.0134472
 0.00167512           0   0.0271288  -0.0215283
-0.00841965  -0.0271288           0  -0.0051913
 -0.0134472   0.0215283   0.0051913           0
EndNode2[0]<--->HoM1[0]
REAL
  0.471722  0.0201645  0.0318151    0.35993
 0.0201645  0.0552699  0.0166935 0.00714598
 0.0318151  0.0166935   0.100257  0.0174978
   0.35993 0.00714598  0.0174978   0.372751
IMAGINARY
          0   0.0061579  0.00740812  0.00489274
 -0.0061579           0  0.00878885 -0.00551178
-0.00740812 -0.00878885           0  0.00205954
-0.00489274  0.00551178 -0.00205954           0
Repeater1[0]<--->EndNode1[0]
REAL
   0.43401 -0.0044361 -0.0130363   0.277283
-0.0044361  0.0951777  0.0119893  0.0200606
-0.0130363  0.0119893   0.126904  0.0152918
  0.277283  0.0200606  0.0152918   0.343909
IMAGINARY
          0  0.00841965 -0.00167512   0.0134472
-0.00841965           0  -0.0271288  -0.0051913
 0.00167512   0.0271288           0  -0.0215283
 -0.0134472   0.0051913   0.0215283           0
Repeater1[0]<--->HoM1[0]
REAL
  0.471722  0.0318151  0.0201645    0.35993
 0.0318151   0.100257  0.0166935  0.0174978
 0.0201645  0.0166935  0.0552699 0.00714598
   0.35993  0.0174978 0.00714598   0.372751
IMAGINARY
          0  0.00740812   0.0061579  0.00489274
-0.00740812           0 -0.00878885  0.00205954
 -0.0061579  0.00878885           0 -0.00551178
-0.00489274 -0.00205954  0.00551178           0
EndNode1[0]<--->Repeater1[0]
REAL
    0.478149   -0.0112958  -0.00290625     0.296345
  -0.0112958     0.106684     0.016727 -0.000361722
 -0.00290625     0.016727     0.100257    0.0014919
    0.296345 -0.000361722    0.0014919      0.31491
IMAGINARY
          0   0.0141659   -0.008223  0.00523429
 -0.0141659           0  0.00645083 -0.00260502
   0.008223 -0.00645083           0  0.00557935
-0.00523429  0.00260502 -0.00557935           0
EndNode2[0]<--->HoM1[0]
REAL
  0.465863 0.00673022  0.0201343   0.339962
0.00673022  0.0763052  0.0093887 0.00713842
 0.0201343  0.0093887  0.0803213 0.00236069
  0.339962 0.00713842 0.00236069    0.37751
IMAGINARY
          0  0.00173784 -0.00349103  0.00801511
-0.00173784           0 -0.00312513   0.0155929
 0.00349103  0.00312513           0  -0.0176614
-0.00801511  -0.0155929   0.0176614           0
Repeater1[0]<--->EndNode1[0]
REAL
    0.478149  -0.00290625   -0.0112958     0.296345
 -0.00290625     0.100257     0.016727    0.0014919
  -0.0112958     0.016727     0.106684 -0.000361722
    0.296345    0.0014919 -0.000361722      0.31491
IMAGINARY
          0   -0.008223   0.0141659  0.00523429
   0.008223           0 -0.00645083  0.00557935
 -0.0141659  0.00645083           0 -0.00260502
-0.00523429 -0.00557935  0.00260502           0
Repeater1[0]<--->HoM1[0]
REAL
  0.465863  0.0201343 0.00673022   0.339962
 0.0201343  0.0803213  0.0093887 0.00236069
0.00673022  0.0093887  0.0763052 0.00713842
  0.339962 0.00236069 0.00713842    0.37751
IMAGINARY
          0 -0.00349103  0.00173784  0.00801511
 0.00349103           0  0.00312513  -0.0176614
-0.00173784 -0.00312513           0   0.0155929
-0.00801511   0.0176614  -0.0155929           0
EndNode1[0]<--->Repeater1[0]
REAL
   0.472611 -0.00419422   0.0134127    0.268639
-0.00419422    0.117197  -0.0176511   0.0096439
  0.0134127  -0.0176511    0.100637  0.00748803
   0.268639   0.0096439  0.00748803    0.309554
IMAGINARY
           0  -0.00638666    0.0131125   0.00444555
  0.00638666            0 -0.000579573   0.00167242
  -0.0131125  0.000579573            0  -0.00974237
 -0.00444555  -0.00167242   0.00974237            0
EndNode2[0]<--->HoM1[0]
REAL
    0.43408   0.0208169 -0.00189796    0.352085
  0.0208169   0.0758706 -0.00411599  0.00386388
-0.00189796 -0.00411599    0.079602 -0.00836601
   0.352085  0.00386388 -0.00836601    0.410448
IMAGINARY
           0   0.00363283   0.00476733   -0.0214486
 -0.00363283            0 -0.000396014   -0.0179599
 -0.00476733  0.000396014            0   0.00296348
   0.0214486    0.0179599  -0.00296348            0
Repeater1[0]<--->EndNode1[0]
REAL
   0.472611   0.0134127 -0.00419422    0.268639
  0.0134127    0.100637  -0.0176511  0.00748803
-0.00419422  -0.0176511    0.117197   0.0096439
   0.268639  0.00748803   0.0096439    0.309554
IMAGINARY
           0    0.0131125  -0.00638666   0.00444555
  -0.0131125            0  0.000579573  -0.00974237
  0.00638666 -0.000579573            0   0.00167242
 -0.00444555   0.00974237  -0.00167242            0
Repeater1[0]<--->HoM1[0]
REAL
    0.43408 -0.00189796   0.0208169    0.352085
-0.00189796    0.079602 -0.00411599 -0.00836601
  0.0208169 -0.00411599   0.0758706  0.00386388
   0.352085 -0.00836601  0.00386388    0.410448
IMAGINARY
           0   0.00476733   0.00363283   -0.0214486
 -0.00476733            0  0.000396014   0.00296348
 -0.00363283 -0.000396014            0   -0.0179599
   0.0214486  -0.00296348    0.0179599            0
