EndNode1[0]<--->Repeater1[0]
REAL
   0.444288  0.00761046   0.0052414    0.273286
 0.00761046    0.112835 -0.00981651  0.00461405
  0.0052414 -0.00981651   0.0987306   0.0101294
   0.273286  0.00461405   0.0101294    0.344147
IMAGINARY
          0    0.022867  0.00977876   0.0103775
  -0.022867           0 -0.00971703  -0.0305858
-0.00977876  0.00971703           0  0.00802831
 -0.0103775   0.0305858 -0.00802831           0
EndNode2[0]<--->HoM1[0]
REAL
  0.456233  0.0358936  0.0201778   0.347242
 0.0358936  0.0689655 -0.0182404  0.0201778
 0.0201778 -0.0182404  0.0875332  0.0222459
  0.347242  0.0201778  0.0222459   0.387268
IMAGINARY
           0  -0.00121164  -0.00873776   0.00529067
  0.00121164            0  0.000515777   0.00746872
  0.00873776 -0.000515777            0    0.0100949
 -0.00529067  -0.00746872   -0.0100949            0
Repeater1[0]<--->EndNode1[0]
REAL
   0.444288   0.0052414  0.00761046    0.273286
  0.0052414   0.0987306 -0.00981651   0.0101294
 0.00761046 -0.00981651    0.112835  0.00461405
   0.273286   0.0101294  0.00461405    0.344147
IMAGINARY
          0  0.00977876    0.022867   0.0103775
-0.00977876           0  0.00971703  0.00802831
  -0.022867 -0.00971703           0  -0.0305858
 -0.0103775 -0.00802831   0.0305858           0
Repeater1[0]<--->HoM1[0]
REAL
  0.456233  0.0201778  0.0358936   0.347242
 0.0201778  0.0875332 -0.0182404  0.0222459
 0.0358936 -0.0182404  0.0689655  0.0201778
  0.347242  0.0222459  0.0201778   0.387268
IMAGINARY
           0  -0.00873776  -0.00121164   0.00529067
  0.00873776            0 -0.000515777    0.0100949
  0.00121164  0.000515777            0   0.00746872
 -0.00529067   -0.0100949  -0.00746872            0
EndNode1[0]<--->Repeater1[0]
REAL
  0.474555  0.0299184 0.00545142    0.26423
 0.0299184   0.120865  0.0119482  0.0167999
0.00545142  0.0119482  0.0928753 -0.0246828
   0.26423  0.0167999 -0.0246828   0.311705
IMAGINARY
           0    0.0166856  0.000545585    0.0187995
  -0.0166856            0  -0.00731991   -0.0129315
-0.000545585   0.00731991            0  -0.00169211
  -0.0187995    0.0129315   0.00169211            0
EndNode2[0]<--->HoM1[0]
REAL
  0.452564 -0.0189989 -0.0152212   0.351856
-0.0189989  0.0948718  0.0139828 -0.0214247
-0.0152212  0.0139828  0.0705128 -0.0151626
  0.351856 -0.0214247 -0.0151626   0.382051
IMAGINARY
          0 -0.00070109   0.0176918   -0.022815
 0.00070109           0 -0.00168828 -0.00666717
 -0.0176918  0.00168828           0  -0.0142146
   0.022815  0.00666717   0.0142146           0
Repeater1[0]<--->EndNode1[0]
REAL
  0.474555 0.00545142  0.0299184    0.26423
0.00545142  0.0928753  0.0119482 -0.0246828
 0.0299184  0.0119482   0.120865  0.0167999
   0.26423 -0.0246828  0.0167999   0.311705
IMAGINARY
           0  0.000545585    0.0166856    0.0187995
-0.000545585            0   0.00731991  -0.00169211
  -0.0166856  -0.00731991            0   -0.0129315
  -0.0187995   0.00169211    0.0129315            0
Repeater1[0]<--->HoM1[0]
REAL
  0.452564 -0.0152212 -0.0189989   0.351856
-0.0152212  0.0705128  0.0139828 -0.0151626
-0.0189989  0.0139828  0.0948718 -0.0214247
  0.351856 -0.0151626 -0.0214247   0.382051
IMAGINARY
          0   0.0176918 -0.00070109   -0.022815
 -0.0176918           0  0.00168828  -0.0142146
 0.00070109 -0.00168828           0 -0.00666717
   0.022815   0.0142146  0.00666717           0
EndNode1[0]<--->Repeater1[0]
REAL
   0.444872 -0.00261524 -0.00803666    0.282872
-0.00261524   0.0987179   0.0166037  0.00869197
-0.00803666   0.0166037   0.0923077  0.00195993
   0.282872  0.00869197  0.00195993    0.364103
IMAGINARY
          0   0.0239044  0.00681085 -0.00518062
 -0.0239044           0 -0.00214295 -0.00747486
-0.00681085  0.00214295           0   0.0059761
 0.00518062  0.00747486  -0.0059761           0
EndNode2[0]<--->HoM1[0]
REAL
    0.457921   -0.0101134   -0.0289452     0.346113
  -0.0101134    0.0705446   0.00578781 -0.000543637
  -0.0289452   0.00578781     0.085396  -0.00495872
    0.346113 -0.000543637  -0.00495872     0.386139
IMAGINARY
           0 -1.36226e-05   0.00483077  -0.00489287
 1.36226e-05            0   -0.0241475   0.00667126
 -0.00483077    0.0241475            0  -0.00336933
  0.00489287  -0.00667126   0.00336933            0
Repeater1[0]<--->EndNode1[0]
REAL
   0.444872 -0.00803666 -0.00261524    0.282872
-0.00803666   0.0923077   0.0166037  0.00195993
-0.00261524   0.0166037   0.0987179  0.00869197
   0.282872  0.00195993  0.00869197    0.364103
IMAGINARY
          0  0.00681085   0.0239044 -0.00518062
-0.00681085           0  0.00214295   0.0059761
 -0.0239044 -0.00214295           0 -0.00747486
 0.00518062  -0.0059761  0.00747486           0
Repeater1[0]<--->HoM1[0]
REAL
    0.457921   -0.0289452   -0.0101134     0.346113
  -0.0289452     0.085396   0.00578781  -0.00495872
  -0.0101134   0.00578781    0.0705446 -0.000543637
    0.346113  -0.00495872 -0.000543637     0.386139
IMAGINARY
           0   0.00483077 -1.36226e-05  -0.00489287
 -0.00483077            0    0.0241475  -0.00336933
 1.36226e-05   -0.0241475            0   0.00667126
  0.00489287   0.00336933  -0.00667126            0
EndNode1[0]<--->Repeater1[0]
REAL
  0.481436  0.0097709 -0.0074224   0.291547
 0.0097709   0.105198  0.0195191 0.00539811
-0.0074224  0.0195191  0.0977723 -0.0279895
  0.291547 0.00539811 -0.0279895   0.315594
IMAGINARY
          0  0.00644394   0.0118899   0.0205797
-0.00644394           0  0.00346474  -0.0041976
 -0.0118899 -0.00346474           0  -0.0127376
 -0.0205797   0.0041976   0.0127376           0
EndNode2[0]<--->HoM1[0]
REAL
   0.457737 -0.00194104   0.0166389    0.346885
-0.00194104   0.0611183   0.0163162   0.0127729
  0.0166389   0.0163162   0.0936281   0.0204089
   0.346885   0.0127729   0.0204089    0.387516
IMAGINARY
          0  0.00337085 -0.00417288   0.0163107
-0.00337085           0  0.00915851  0.00180321
 0.00417288 -0.00915851           0 -0.00929502
 -0.0163107 -0.00180321  0.00929502           0
Repeater1[0]<--->EndNode1[0]
REAL
  0.481436 -0.0074224  0.0097709   0.291547
-0.0074224  0.0977723  0.0195191 -0.0279895
 0.0097709  0.0195191   0.105198 0.00539811
  0.291547 -0.0279895 0.00539811   0.315594
IMAGINARY
          0   0.0118899  0.00644394   0.0205797
 -0.0118899           0 -0.00346474  -0.0127376
-0.00644394  0.00346474           0  -0.0041976
 -0.0205797   0.0127376   0.0041976           0
Repeater1[0]<--->HoM1[0]
REAL
   0.457737   0.0166389 -0.00194104    0.346885
  0.0166389   0.0936281   0.0163162   0.0204089
-0.00194104   0.0163162   0.0611183   0.0127729
   0.346885   0.0204089   0.0127729    0.387516
IMAGINARY
          0 -0.00417288  0.00337085   0.0163107
 0.00417288           0 -0.00915851 -0.00929502
-0.00337085  0.00915851           0  0.00180321
 -0.0163107  0.00929502 -0.00180321           0
EndNode1[0]<--->Repeater1[0]
REAL
   0.463649 -0.00594434  0.00336521    0.276416
-0.00594434    0.115226   0.0226092 -0.00519225
 0.00336521   0.0226092    0.109739  0.00777138
   0.276416 -0.00519225  0.00777138    0.311385
IMAGINARY
          0  -0.0104471   0.0115192   0.0064417
  0.0104471           0   0.0013912 -0.00390498
 -0.0115192  -0.0013912           0 -0.00478135
 -0.0064417  0.00390498  0.00478135           0
EndNode2[0]<--->HoM1[0]
REAL
    0.473411   0.00647468  0.000921572     0.347313
  0.00647468    0.0869001 -0.000570151  -0.00539156
 0.000921572 -0.000570151     0.106355   -0.0109447
    0.347313  -0.00539156   -0.0109447     0.333333
IMAGINARY
          0 -0.00665021    0.001924  -0.0072998
 0.00665021           0  0.00665959   0.0271765
  -0.001924 -0.00665959           0  -0.0158366
  0.0072998  -0.0271765   0.0158366           0
Repeater1[0]<--->EndNode1[0]
REAL
   0.463649  0.00336521 -0.00594434    0.276416
 0.00336521    0.109739   0.0226092  0.00777138
-0.00594434   0.0226092    0.115226 -0.00519225
   0.276416  0.00777138 -0.00519225    0.311385
IMAGINARY
          0   0.0115192  -0.0104471   0.0064417
 -0.0115192           0  -0.0013912 -0.00478135
  0.0104471   0.0013912           0 -0.00390498
 -0.0064417  0.00478135  0.00390498           0
Repeater1[0]<--->HoM1[0]
REAL
    0.473411  0.000921572   0.00647468     0.347313
 0.000921572     0.106355 -0.000570151   -0.0109447
  0.00647468 -0.000570151    0.0869001  -0.00539156
    0.347313   -0.0109447  -0.00539156     0.333333
IMAGINARY
          0    0.001924 -0.00665021  -0.0072998
  -0.001924           0 -0.00665959  -0.0158366
 0.00665021  0.00665959           0   0.0271765
  0.0072998   0.0158366  -0.0271765           0
