EndNode1[0]<--->Repeater1[0]
REAL
   0.334197  0.00953965  0.00383287    0.191603
 0.00953965    0.143782 -0.00482533   0.0109296
 0.00383287 -0.00482533    0.158031  -0.0076141
   0.191603   0.0109296  -0.0076141     0.36399
IMAGINARY
          0  -0.0104213   0.0107757   0.0243498
  0.0104213           0 -0.00404525  -0.0197042
 -0.0107757  0.00404525           0 -0.00360931
 -0.0243498   0.0197042  0.00360931           0
EndNode2[0]<--->HoM1[0]
REAL
   0.354193  -0.0223275  -0.0111058    0.222395
 -0.0223275    0.166458 -0.00089254   0.0124012
 -0.0111058 -0.00089254    0.156446   0.0171462
   0.222395   0.0124012   0.0171462    0.322904
IMAGINARY
           0  -0.00307057  -0.00738916 -0.000480377
  0.00307057            0    0.0152429   0.00738916
  0.00738916   -0.0152429            0    0.0112897
 0.000480377  -0.00738916   -0.0112897            0
Repeater1[0]<--->EndNode1[0]
REAL
   0.334197  0.00383287  0.00953965    0.191603
 0.00383287    0.158031 -0.00482533  -0.0076141
 0.00953965 -0.00482533    0.143782   0.0109296
   0.191603  -0.0076141   0.0109296     0.36399
IMAGINARY
          0   0.0107757  -0.0104213   0.0243498
 -0.0107757           0  0.00404525 -0.00360931
  0.0104213 -0.00404525           0  -0.0197042
 -0.0243498  0.00360931   0.0197042           0
Repeater1[0]<--->HoM1[0]
REAL
   0.354193  -0.0111058  -0.0223275    0.222395
 -0.0111058    0.156446 -0.00089254   0.0171462
 -0.0223275 -0.00089254    0.166458   0.0124012
   0.222395   0.0171462   0.0124012    0.322904
IMAGINARY
           0  -0.00738916  -0.00307057 -0.000480377
  0.00738916            0   -0.0152429    0.0112897
  0.00307057    0.0152429            0   0.00738916
 0.000480377   -0.0112897  -0.00738916            0
EndNode1[0]<--->Repeater1[0]
REAL
  0.365759 -0.0171323  0.0133422   0.193364
-0.0171323   0.155642 0.00625544 0.00883774
 0.0133422 0.00625544   0.156939  0.0203009
  0.193364 0.00883774  0.0203009    0.32166
IMAGINARY
          0 -0.00858039 -0.00186168   0.0079104
 0.00858039           0  0.00199713   0.0237641
 0.00186168 -0.00199713           0  0.00920617
 -0.0079104  -0.0237641 -0.00920617           0
EndNode2[0]<--->HoM1[0]
REAL
   0.327177 -0.00142684 -0.00947454    0.189799
-0.00142684    0.135884  0.00713214  -0.0148221
-0.00947454  0.00713214    0.155673  0.00909948
   0.189799  -0.0148221  0.00909948    0.381266
IMAGINARY
          0 -0.00114037  0.00628922   0.0102413
 0.00114037           0   0.0268874 -0.00228922
-0.00628922  -0.0268874           0  -0.0135263
 -0.0102413  0.00228922   0.0135263           0
Repeater1[0]<--->EndNode1[0]
REAL
  0.365759  0.0133422 -0.0171323   0.193364
 0.0133422   0.156939 0.00625544  0.0203009
-0.0171323 0.00625544   0.155642 0.00883774
  0.193364  0.0203009 0.00883774    0.32166
IMAGINARY
          0 -0.00186168 -0.00858039   0.0079104
 0.00186168           0 -0.00199713  0.00920617
 0.00858039  0.00199713           0   0.0237641
 -0.0079104 -0.00920617  -0.0237641           0
Repeater1[0]<--->HoM1[0]
REAL
   0.327177 -0.00947454 -0.00142684    0.189799
-0.00947454    0.155673  0.00713214  0.00909948
-0.00142684  0.00713214    0.135884  -0.0148221
   0.189799  0.00909948  -0.0148221    0.381266
IMAGINARY
          0  0.00628922 -0.00114037   0.0102413
-0.00628922           0  -0.0268874  -0.0135263
 0.00114037   0.0268874           0 -0.00228922
 -0.0102413   0.0135263  0.00228922           0
EndNode1[0]<--->Repeater1[0]
REAL
   0.341667  0.00381713  0.00243197    0.179017
 0.00381713    0.151389  0.00172143    0.022634
 0.00243197  0.00172143    0.156944 0.000140657
   0.179017    0.022634 0.000140657        0.35
IMAGINARY
          0   -0.016251  0.00608665  -0.0100455
   0.016251           0 -0.00237283  -0.0264948
-0.00608665  0.00237283           0  0.00222036
  0.0100455   0.0264948 -0.00222036           0
EndNode2[0]<--->HoM1[0]
REAL
   0.374522  -0.0200731   0.0100535     0.19593
 -0.0200731    0.149045 -0.00795983  0.00247779
  0.0100535 -0.00795983     0.17707   0.0238325
    0.19593  0.00247779   0.0238325    0.299363
IMAGINARY
          0  0.00439719 -0.00150004  -0.0118041
-0.00439719           0  0.00930409  -0.0292402
 0.00150004 -0.00930409           0   0.0213243
  0.0118041   0.0292402  -0.0213243           0
Repeater1[0]<--->EndNode1[0]
REAL
   0.341667  0.00243197  0.00381713    0.179017
 0.00243197    0.156944  0.00172143 0.000140657
 0.00381713  0.00172143    0.151389    0.022634
   0.179017 0.000140657    0.022634        0.35
IMAGINARY
          0  0.00608665   -0.016251  -0.0100455
-0.00608665           0  0.00237283  0.00222036
   0.016251 -0.00237283           0  -0.0264948
  0.0100455 -0.00222036   0.0264948           0
Repeater1[0]<--->HoM1[0]
REAL
   0.374522   0.0100535  -0.0200731     0.19593
  0.0100535     0.17707 -0.00795983   0.0238325
 -0.0200731 -0.00795983    0.149045  0.00247779
    0.19593   0.0238325  0.00247779    0.299363
IMAGINARY
          0 -0.00150004  0.00439719  -0.0118041
 0.00150004           0 -0.00930409   0.0213243
-0.00439719  0.00930409           0  -0.0292402
  0.0118041  -0.0213243   0.0292402           0
EndNode1[0]<--->Repeater1[0]
REAL
   0.359137   0.0106101  -0.0171268     0.20805
  0.0106101    0.170051   -0.003565 -0.00661995
 -0.0171268   -0.003565    0.145939  -0.0106101
    0.20805 -0.00661995  -0.0106101    0.324873
IMAGINARY
          0   0.0139268 -0.00197351    0.007637
 -0.0139268           0  -0.0101496   -0.021391
 0.00197351   0.0101496           0  0.00409721
  -0.007637    0.021391 -0.00409721           0
EndNode2[0]<--->HoM1[0]
REAL
   0.374847 -0.00951991   0.0110567    0.182355
-0.00951991    0.144078  0.00163967 -0.00490075
  0.0110567  0.00163967    0.135531   0.0115719
   0.182355 -0.00490075   0.0115719    0.345543
IMAGINARY
          0  -0.0124312   0.0210903   0.0336044
  0.0124312           0  -0.0126919   -0.014066
 -0.0210903   0.0126919           0 -0.00991869
 -0.0336044    0.014066  0.00991869           0
Repeater1[0]<--->EndNode1[0]
REAL
   0.359137  -0.0171268   0.0106101     0.20805
 -0.0171268    0.145939   -0.003565  -0.0106101
  0.0106101   -0.003565    0.170051 -0.00661995
    0.20805  -0.0106101 -0.00661995    0.324873
IMAGINARY
          0 -0.00197351   0.0139268    0.007637
 0.00197351           0   0.0101496  0.00409721
 -0.0139268  -0.0101496           0   -0.021391
  -0.007637 -0.00409721    0.021391           0
Repeater1[0]<--->HoM1[0]
REAL
   0.374847   0.0110567 -0.00951991    0.182355
  0.0110567    0.135531  0.00163967   0.0115719
-0.00951991  0.00163967    0.144078 -0.00490075
   0.182355   0.0115719 -0.00490075    0.345543
IMAGINARY
          0   0.0210903  -0.0124312   0.0336044
 -0.0210903           0   0.0126919 -0.00991869
  0.0124312  -0.0126919           0   -0.014066
 -0.0336044  0.00991869    0.014066           0
EndNode1[0]<--->Repeater1[0]
REAL
   0.356608   0.0137081 -0.00633639    0.200352
  0.0137081    0.149626   0.0110572   0.0137189
-0.00633639   0.0110572    0.153367   0.0111241
   0.200352   0.0137189   0.0111241    0.340399
IMAGINARY
          0  -0.0100476 -0.00589551  0.00295984
  0.0100476           0 -0.00606543  -0.0371854
 0.00589551  0.00606543           0   0.0113531
-0.00295984   0.0371854  -0.0113531           0
EndNode2[0]<--->HoM1[0]
REAL
   0.346154   0.0160008   0.0282715    0.192455
  0.0160008    0.120513  -0.0117166 -0.00320552
  0.0282715  -0.0117166    0.158974  0.00906514
   0.192455 -0.00320552  0.00906514    0.374359
IMAGINARY
          0  0.00414754   0.0255647  -0.0169061
-0.00414754           0  0.00346182   0.0054087
 -0.0255647 -0.00346182           0   0.0129195
  0.0169061  -0.0054087  -0.0129195           0
Repeater1[0]<--->EndNode1[0]
REAL
   0.356608 -0.00633639   0.0137081    0.200352
-0.00633639    0.153367   0.0110572   0.0111241
  0.0137081   0.0110572    0.149626   0.0137189
   0.200352   0.0111241   0.0137189    0.340399
IMAGINARY
          0 -0.00589551  -0.0100476  0.00295984
 0.00589551           0  0.00606543   0.0113531
  0.0100476 -0.00606543           0  -0.0371854
-0.00295984  -0.0113531   0.0371854           0
Repeater1[0]<--->HoM1[0]
REAL
   0.346154   0.0282715   0.0160008    0.192455
  0.0282715    0.158974  -0.0117166  0.00906514
  0.0160008  -0.0117166    0.120513 -0.00320552
   0.192455  0.00906514 -0.00320552    0.374359
IMAGINARY
          0   0.0255647  0.00414754  -0.0169061
 -0.0255647           0 -0.00346182   0.0129195
-0.00414754  0.00346182           0   0.0054087
  0.0169061  -0.0129195  -0.0054087           0
EndNode1[0]<--->Repeater1[0]
REAL
   0.361379  0.00538201    0.012584    0.211074
 0.00538201    0.133793 -0.00451035  0.00993851
   0.012584 -0.00451035    0.142069   0.0248625
   0.211074  0.00993851   0.0248625    0.362759
IMAGINARY
           0    0.0102709   -0.0052665    0.0102382
  -0.0102709            0   0.00290323   0.00916261
   0.0052665  -0.00290323            0  0.000118663
  -0.0102382  -0.00916261 -0.000118663            0
EndNode2[0]<--->HoM1[0]
REAL
  0.327044  -0.011604 0.00550974   0.203026
 -0.011604   0.173585 0.00819672  0.0127753
0.00550974 0.00819672   0.150943 0.00845137
  0.203026  0.0127753 0.00845137   0.348428
IMAGINARY
           0   0.00240653   -0.0154477    0.0148865
 -0.00240653            0  0.000488624   -0.0154477
   0.0154477 -0.000488624            0    0.0259667
  -0.0148865    0.0154477   -0.0259667            0
Repeater1[0]<--->EndNode1[0]
REAL
   0.361379    0.012584  0.00538201    0.211074
   0.012584    0.142069 -0.00451035   0.0248625
 0.00538201 -0.00451035    0.133793  0.00993851
   0.211074   0.0248625  0.00993851    0.362759
IMAGINARY
           0   -0.0052665    0.0102709    0.0102382
   0.0052665            0  -0.00290323  0.000118663
  -0.0102709   0.00290323            0   0.00916261
  -0.0102382 -0.000118663  -0.00916261            0
Repeater1[0]<--->HoM1[0]
REAL
  0.327044 0.00550974  -0.011604   0.203026
0.00550974   0.150943 0.00819672 0.00845137
 -0.011604 0.00819672   0.173585  0.0127753
  0.203026 0.00845137  0.0127753   0.348428
IMAGINARY
           0   -0.0154477   0.00240653    0.0148865
   0.0154477            0 -0.000488624    0.0259667
 -0.00240653  0.000488624            0   -0.0154477
  -0.0148865   -0.0259667    0.0154477            0
EndNode1[0]<--->Repeater1[0]
REAL
   0.357673  0.00353598  -0.0189345    0.204199
 0.00353598    0.138614  -0.0106502 -0.00257087
 -0.0189345  -0.0106502    0.160891  -0.0169768
   0.204199 -0.00257087  -0.0169768    0.342822
IMAGINARY
         0  0.0227072  -0.018177 -0.0166206
-0.0227072          0 -0.0260546  0.0148918
  0.018177  0.0260546          0  0.0186857
 0.0166206 -0.0148918 -0.0186857          0
EndNode2[0]<--->HoM1[0]
REAL
   0.343342  0.00695587 -0.00277946    0.196894
 0.00695587    0.137076 -0.00261905  0.00947861
-0.00277946 -0.00261905    0.142298 -0.00147474
   0.196894  0.00947861 -0.00147474    0.377285
IMAGINARY
          0  0.00324114  -0.0154054 -0.00680892
-0.00324114           0  -0.0114202    0.019055
  0.0154054   0.0114202           0 -0.00810732
 0.00680892   -0.019055  0.00810732           0
Repeater1[0]<--->EndNode1[0]
REAL
   0.357673  -0.0189345  0.00353598    0.204199
 -0.0189345    0.160891  -0.0106502  -0.0169768
 0.00353598  -0.0106502    0.138614 -0.00257087
   0.204199  -0.0169768 -0.00257087    0.342822
IMAGINARY
         0  -0.018177  0.0227072 -0.0166206
  0.018177          0  0.0260546  0.0186857
-0.0227072 -0.0260546          0  0.0148918
 0.0166206 -0.0186857 -0.0148918          0
Repeater1[0]<--->HoM1[0]
REAL
   0.343342 -0.00277946  0.00695587    0.196894
-0.00277946    0.142298 -0.00261905 -0.00147474
 0.00695587 -0.00261905    0.137076  0.00947861
   0.196894 -0.00147474  0.00947861    0.377285
IMAGINARY
          0  -0.0154054  0.00324114 -0.00680892
  0.0154054           0   0.0114202 -0.00810732
-0.00324114  -0.0114202           0    0.019055
 0.00680892  0.00810732   -0.019055           0
EndNode1[0]<--->Repeater1[0]
REAL
   0.350598 -0.00352535 -0.00926434     0.21606
-0.00352535    0.148738  -0.0205189  -0.0104809
-0.00926434  -0.0205189    0.155378 0.000340633
    0.21606  -0.0104809 0.000340633    0.345286
IMAGINARY
          0 -0.00502352  -0.0159772 -0.00545485
 0.00502352           0  0.00215234 -0.00961584
  0.0159772 -0.00215234           0  0.00689618
 0.00545485  0.00961584 -0.00689618           0
EndNode2[0]<--->HoM1[0]
REAL
  0.348329  0.0142219  0.0288689   0.208615
 0.0142219   0.132391 0.00848254 -0.0171838
 0.0288689 0.00848254   0.156812 0.00976332
  0.208615 -0.0171838 0.00976332   0.362468
IMAGINARY
          0  0.00824662  -0.0135001 -0.00547515
-0.00824662           0  0.00668874   0.0207656
  0.0135001 -0.00668874           0 -0.00890713
 0.00547515  -0.0207656  0.00890713           0
Repeater1[0]<--->EndNode1[0]
REAL
   0.350598 -0.00926434 -0.00352535     0.21606
-0.00926434    0.155378  -0.0205189 0.000340633
-0.00352535  -0.0205189    0.148738  -0.0104809
    0.21606 0.000340633  -0.0104809    0.345286
IMAGINARY
          0  -0.0159772 -0.00502352 -0.00545485
  0.0159772           0 -0.00215234  0.00689618
 0.00502352  0.00215234           0 -0.00961584
 0.00545485 -0.00689618  0.00961584           0
Repeater1[0]<--->HoM1[0]
REAL
  0.348329  0.0288689  0.0142219   0.208615
 0.0288689   0.156812 0.00848254 0.00976332
 0.0142219 0.00848254   0.132391 -0.0171838
  0.208615 0.00976332 -0.0171838   0.362468
IMAGINARY
          0  -0.0135001  0.00824662 -0.00547515
  0.0135001           0 -0.00668874 -0.00890713
-0.00824662  0.00668874           0   0.0207656
 0.00547515  0.00890713  -0.0207656           0
EndNode1[0]<--->Repeater1[0]
REAL
   0.38239  0.0205123 -0.0123112   0.211589
 0.0205123   0.154717 0.00341755 0.00411452
-0.0123112 0.00341755   0.134591  0.0192102
  0.211589 0.00411452  0.0192102   0.328302
IMAGINARY
           0   0.00725935 -0.000516373   -0.0114784
 -0.00725935            0      0.03066   -0.0286665
 0.000516373     -0.03066            0    0.0180325
   0.0114784    0.0286665   -0.0180325            0
EndNode2[0]<--->HoM1[0]
REAL
   0.355247  -0.0053668 -0.00304001    0.194041
 -0.0053668    0.159292  -0.0174976 -0.00930567
-0.00304001  -0.0174976    0.135272  0.00289766
   0.194041 -0.00930567  0.00289766     0.35019
IMAGINARY
          0 -0.00382355   0.0128334  -0.0142983
 0.00382355           0   0.0189464   0.0140897
 -0.0128334  -0.0189464           0 -0.00130466
  0.0142983  -0.0140897  0.00130466           0
Repeater1[0]<--->EndNode1[0]
REAL
   0.38239 -0.0123112  0.0205123   0.211589
-0.0123112   0.134591 0.00341755  0.0192102
 0.0205123 0.00341755   0.154717 0.00411452
  0.211589  0.0192102 0.00411452   0.328302
IMAGINARY
           0 -0.000516373   0.00725935   -0.0114784
 0.000516373            0     -0.03066    0.0180325
 -0.00725935      0.03066            0   -0.0286665
   0.0114784   -0.0180325    0.0286665            0
Repeater1[0]<--->HoM1[0]
REAL
   0.355247 -0.00304001  -0.0053668    0.194041
-0.00304001    0.135272  -0.0174976  0.00289766
 -0.0053668  -0.0174976    0.159292 -0.00930567
   0.194041  0.00289766 -0.00930567     0.35019
IMAGINARY
          0   0.0128334 -0.00382355  -0.0142983
 -0.0128334           0  -0.0189464 -0.00130466
 0.00382355   0.0189464           0   0.0140897
  0.0142983  0.00130466  -0.0140897           0
EndNode1[0]<--->Repeater1[0]
REAL
   0.348952 -0.00491117  0.00666747    0.194211
-0.00491117    0.155364  -0.0116713  0.00920554
 0.00666747  -0.0116713    0.146732   0.0102022
   0.194211  0.00920554   0.0102022    0.348952
IMAGINARY
          0   0.0110076  0.00327872  -0.0320026
 -0.0110076           0   0.0275212  0.00391083
-0.00327872  -0.0275212           0   -0.037805
  0.0320026 -0.00391083    0.037805           0
EndNode2[0]<--->HoM1[0]
REAL
    0.349741   0.00340678    0.0080024     0.187329
  0.00340678     0.163212   -0.0230956  -0.00313622
   0.0080024   -0.0230956     0.145078 -0.000973693
    0.187329  -0.00313622 -0.000973693     0.341969
IMAGINARY
          0  -0.0192496 -0.00555538 -0.00844963
  0.0192496           0  0.00210446 -0.00152312
 0.00555538 -0.00210446           0   0.0121711
 0.00844963  0.00152312  -0.0121711           0
Repeater1[0]<--->EndNode1[0]
REAL
   0.348952  0.00666747 -0.00491117    0.194211
 0.00666747    0.146732  -0.0116713   0.0102022
-0.00491117  -0.0116713    0.155364  0.00920554
   0.194211   0.0102022  0.00920554    0.348952
IMAGINARY
          0  0.00327872   0.0110076  -0.0320026
-0.00327872           0  -0.0275212   -0.037805
 -0.0110076   0.0275212           0  0.00391083
  0.0320026    0.037805 -0.00391083           0
Repeater1[0]<--->HoM1[0]
REAL
    0.349741    0.0080024   0.00340678     0.187329
   0.0080024     0.145078   -0.0230956 -0.000973693
  0.00340678   -0.0230956     0.163212  -0.00313622
    0.187329 -0.000973693  -0.00313622     0.341969
IMAGINARY
          0 -0.00555538  -0.0192496 -0.00844963
 0.00555538           0 -0.00210446   0.0121711
  0.0192496  0.00210446           0 -0.00152312
 0.00844963  -0.0121711  0.00152312           0
EndNode1[0]<--->Repeater1[0]
REAL
    0.347313 -0.000322559    0.0119849     0.204603
-0.000322559     0.142857  -0.00293224   -0.0179514
   0.0119849  -0.00293224     0.129751   -0.0295104
    0.204603   -0.0179514   -0.0295104     0.380079
IMAGINARY
           0   0.00046394  -0.00821829  -0.00625112
 -0.00046394            0   0.00958001 -8.31179e-05
  0.00821829  -0.00958001            0    0.0269946
  0.00625112  8.31179e-05   -0.0269946            0
EndNode2[0]<--->HoM1[0]
REAL
    0.348045    0.0223176 -0.000417598     0.195683
   0.0223176     0.143758  -0.00380587  -0.00238352
-0.000417598  -0.00380587     0.160151   -0.0139143
    0.195683  -0.00238352   -0.0139143     0.348045
IMAGINARY
          0  0.00447483  -0.0243811  0.00414225
-0.00447483           0  -0.0168974  0.00392076
  0.0243811   0.0168974           0   0.0147068
-0.00414225 -0.00392076  -0.0147068           0
Repeater1[0]<--->EndNode1[0]
REAL
    0.347313    0.0119849 -0.000322559     0.204603
   0.0119849     0.129751  -0.00293224   -0.0295104
-0.000322559  -0.00293224     0.142857   -0.0179514
    0.204603   -0.0295104   -0.0179514     0.380079
IMAGINARY
           0  -0.00821829   0.00046394  -0.00625112
  0.00821829            0  -0.00958001    0.0269946
 -0.00046394   0.00958001            0 -8.31179e-05
  0.00625112   -0.0269946  8.31179e-05            0
Repeater1[0]<--->HoM1[0]
REAL
    0.348045 -0.000417598    0.0223176     0.195683
-0.000417598     0.160151  -0.00380587   -0.0139143
   0.0223176  -0.00380587     0.143758  -0.00238352
    0.195683   -0.0139143  -0.00238352     0.348045
IMAGINARY
          0  -0.0243811  0.00447483  0.00414225
  0.0243811           0   0.0168974   0.0147068
-0.00447483  -0.0168974           0  0.00392076
-0.00414225  -0.0147068 -0.00392076           0
EndNode1[0]<--->Repeater1[0]
REAL
    0.37546 0.000428761   0.0117714    0.206695
0.000428761    0.123926   0.0135127   0.0180214
  0.0117714   0.0135127    0.153374   0.0112293
   0.206695   0.0180214   0.0112293    0.347239
IMAGINARY
          0  0.00379924  0.00581477  -0.0101565
-0.00379924           0  0.00879778  -0.0133905
-0.00581477 -0.00879778           0  0.00251389
  0.0101565   0.0133905 -0.00251389           0
EndNode2[0]<--->HoM1[0]
REAL
  0.335821 0.00108315 -0.0123829   0.200714
0.00108315    0.16791 -0.0126282 -0.0123829
-0.0123829 -0.0126282   0.151741 -0.0432518
  0.200714 -0.0123829 -0.0432518   0.344527
IMAGINARY
          0    0.021444   -0.019199  0.00963768
  -0.021444           0 -0.00387583 -0.00523959
   0.019199  0.00387583           0   0.0122416
-0.00963768  0.00523959  -0.0122416           0
Repeater1[0]<--->EndNode1[0]
REAL
    0.37546   0.0117714 0.000428761    0.206695
  0.0117714    0.153374   0.0135127   0.0112293
0.000428761   0.0135127    0.123926   0.0180214
   0.206695   0.0112293   0.0180214    0.347239
IMAGINARY
          0  0.00581477  0.00379924  -0.0101565
-0.00581477           0 -0.00879778  0.00251389
-0.00379924  0.00879778           0  -0.0133905
  0.0101565 -0.00251389   0.0133905           0
Repeater1[0]<--->HoM1[0]
REAL
  0.335821 -0.0123829 0.00108315   0.200714
-0.0123829   0.151741 -0.0126282 -0.0432518
0.00108315 -0.0126282    0.16791 -0.0123829
  0.200714 -0.0432518 -0.0123829   0.344527
IMAGINARY
          0   -0.019199    0.021444  0.00963768
   0.019199           0  0.00387583   0.0122416
  -0.021444 -0.00387583           0 -0.00523959
-0.00963768  -0.0122416  0.00523959           0
EndNode1[0]<--->Repeater1[0]
REAL
   0.340373 -0.00601317 1.46051e-05     0.19041
-0.00601317    0.160248 -0.00680126 -0.00573252
1.46051e-05 -0.00680126    0.159006 -0.00097539
    0.19041 -0.00573252 -0.00097539    0.340373
IMAGINARY
          0  0.00693624  -0.0152014  0.00183428
-0.00693624           0    0.015453  0.00258518
  0.0152014   -0.015453           0  0.00567996
-0.00183428 -0.00258518 -0.00567996           0
EndNode2[0]<--->HoM1[0]
REAL
   0.339355  -0.0117285   0.0102762    0.188273
 -0.0117285    0.144516  -0.0020753 -0.00636993
  0.0102762  -0.0020753        0.16  0.00391603
   0.188273 -0.00636993  0.00391603    0.356129
IMAGINARY
           0    0.0195004    -0.017311    0.0153189
  -0.0195004            0    0.0133269 -0.000115253
    0.017311   -0.0133269            0     0.020714
  -0.0153189  0.000115253    -0.020714            0
Repeater1[0]<--->EndNode1[0]
REAL
   0.340373 1.46051e-05 -0.00601317     0.19041
1.46051e-05    0.159006 -0.00680126 -0.00097539
-0.00601317 -0.00680126    0.160248 -0.00573252
    0.19041 -0.00097539 -0.00573252    0.340373
IMAGINARY
          0  -0.0152014  0.00693624  0.00183428
  0.0152014           0   -0.015453  0.00567996
-0.00693624    0.015453           0  0.00258518
-0.00183428 -0.00567996 -0.00258518           0
Repeater1[0]<--->HoM1[0]
REAL
   0.339355   0.0102762  -0.0117285    0.188273
  0.0102762        0.16  -0.0020753  0.00391603
 -0.0117285  -0.0020753    0.144516 -0.00636993
   0.188273  0.00391603 -0.00636993    0.356129
IMAGINARY
           0    -0.017311    0.0195004    0.0153189
    0.017311            0   -0.0133269     0.020714
  -0.0195004    0.0133269            0 -0.000115253
  -0.0153189    -0.020714  0.000115253            0
EndNode1[0]<--->Repeater1[0]
REAL
  0.339241 0.00759246  0.0128444   0.195764
0.00759246   0.156962  0.0115533  0.0186062
 0.0128444  0.0115533   0.178481 0.00331896
  0.195764  0.0186062 0.00331896   0.325316
IMAGINARY
           0    0.0215339  1.14762e-05   -0.0102894
  -0.0215339            0    0.0145148   0.00448146
-1.14762e-05   -0.0145148            0   -0.0106225
   0.0102894  -0.00448146    0.0106225            0
EndNode2[0]<--->HoM1[0]
REAL
   0.378989   -0.011277   -0.027965    0.209864
  -0.011277    0.136968 -0.00405718 -0.00751889
  -0.027965 -0.00405718    0.135638  0.00934154
   0.209864 -0.00751889  0.00934154    0.348404
IMAGINARY
           0   0.00880658   -0.0114602  -0.00618865
 -0.00880658            0   0.00346386   0.00188163
   0.0114602  -0.00346386            0  0.000771967
  0.00618865  -0.00188163 -0.000771967            0
Repeater1[0]<--->EndNode1[0]
REAL
  0.339241  0.0128444 0.00759246   0.195764
 0.0128444   0.178481  0.0115533 0.00331896
0.00759246  0.0115533   0.156962  0.0186062
  0.195764 0.00331896  0.0186062   0.325316
IMAGINARY
           0  1.14762e-05    0.0215339   -0.0102894
-1.14762e-05            0   -0.0145148   -0.0106225
  -0.0215339    0.0145148            0   0.00448146
   0.0102894    0.0106225  -0.00448146            0
Repeater1[0]<--->HoM1[0]
REAL
   0.378989   -0.027965   -0.011277    0.209864
  -0.027965    0.135638 -0.00405718  0.00934154
  -0.011277 -0.00405718    0.136968 -0.00751889
   0.209864  0.00934154 -0.00751889    0.348404
IMAGINARY
           0   -0.0114602   0.00880658  -0.00618865
   0.0114602            0  -0.00346386  0.000771967
 -0.00880658   0.00346386            0   0.00188163
  0.00618865 -0.000771967  -0.00188163            0
EndNode1[0]<--->Repeater1[0]
REAL
   0.351804   0.0101069  -0.0176765     0.20666
  0.0101069     0.17268 -0.00725124 0.000516731
 -0.0176765 -0.00725124    0.132732  -0.0248998
    0.20666 0.000516731  -0.0248998    0.342784
IMAGINARY
           0 -6.87087e-06   0.00781832    0.0226667
 6.87087e-06            0   -0.0106667    0.0184284
 -0.00781832    0.0106667            0  -0.00524247
  -0.0226667   -0.0184284   0.00524247            0
EndNode2[0]<--->HoM1[0]
REAL
   0.365535   0.0067775  0.00904985    0.214317
  0.0067775    0.137076   0.0104654 -0.00593653
 0.00904985   0.0104654    0.134465   0.0150158
   0.214317 -0.00593653   0.0150158    0.362924
IMAGINARY
           0  -0.00182582    0.0288186    0.0138605
  0.00182582            0 -0.000751919  -0.00425019
  -0.0288186  0.000751919            0   0.00248984
  -0.0138605   0.00425019  -0.00248984            0
Repeater1[0]<--->EndNode1[0]
REAL
   0.351804  -0.0176765   0.0101069     0.20666
 -0.0176765    0.132732 -0.00725124  -0.0248998
  0.0101069 -0.00725124     0.17268 0.000516731
    0.20666  -0.0248998 0.000516731    0.342784
IMAGINARY
           0   0.00781832 -6.87087e-06    0.0226667
 -0.00781832            0    0.0106667  -0.00524247
 6.87087e-06   -0.0106667            0    0.0184284
  -0.0226667   0.00524247   -0.0184284            0
Repeater1[0]<--->HoM1[0]
REAL
   0.365535  0.00904985   0.0067775    0.214317
 0.00904985    0.134465   0.0104654   0.0150158
  0.0067775   0.0104654    0.137076 -0.00593653
   0.214317   0.0150158 -0.00593653    0.362924
IMAGINARY
           0    0.0288186  -0.00182582    0.0138605
  -0.0288186            0  0.000751919   0.00248984
  0.00182582 -0.000751919            0  -0.00425019
  -0.0138605  -0.00248984   0.00425019            0
EndNode1[0]<--->Repeater1[0]
REAL
   0.341527 0.000648734  0.00160782    0.193002
0.000648734    0.155239  -0.0132556 0.000923826
 0.00160782  -0.0132556    0.165589  0.00314873
   0.193002 0.000923826  0.00314873    0.337646
IMAGINARY
           0   -0.0162835   0.00602345 -0.000534835
   0.0162835            0  -0.00772438    0.0163265
 -0.00602345   0.00772438            0   -0.0162835
 0.000534835   -0.0163265    0.0162835            0
EndNode2[0]<--->HoM1[0]
REAL
   0.375635  -0.0167482  0.00276535    0.206081
 -0.0167482    0.119289  0.00728621 -0.00662139
 0.00276535  0.00728621    0.167513  0.00132406
   0.206081 -0.00662139  0.00132406    0.337563
IMAGINARY
          0  0.00134699  0.00143972   0.0152589
-0.00134699           0  -0.0178099  0.00458438
-0.00143972   0.0178099           0   0.0100319
 -0.0152589 -0.00458438  -0.0100319           0
Repeater1[0]<--->EndNode1[0]
REAL
   0.341527  0.00160782 0.000648734    0.193002
 0.00160782    0.165589  -0.0132556  0.00314873
0.000648734  -0.0132556    0.155239 0.000923826
   0.193002  0.00314873 0.000923826    0.337646
IMAGINARY
           0   0.00602345   -0.0162835 -0.000534835
 -0.00602345            0   0.00772438   -0.0162835
   0.0162835  -0.00772438            0    0.0163265
 0.000534835    0.0162835   -0.0163265            0
Repeater1[0]<--->HoM1[0]
REAL
   0.375635  0.00276535  -0.0167482    0.206081
 0.00276535    0.167513  0.00728621  0.00132406
 -0.0167482  0.00728621    0.119289 -0.00662139
   0.206081  0.00132406 -0.00662139    0.337563
IMAGINARY
          0  0.00143972  0.00134699   0.0152589
-0.00143972           0   0.0178099   0.0100319
-0.00134699  -0.0178099           0  0.00458438
 -0.0152589  -0.0100319 -0.00458438           0
EndNode1[0]<--->Repeater1[0]
REAL
   0.384115 -0.00805697  -0.0167188     0.21763
-0.00805697    0.134115  0.00754033  -0.0179751
 -0.0167188  0.00754033    0.143229  -0.0184736
    0.21763  -0.0179751  -0.0184736    0.338542
IMAGINARY
           0  0.000538156 -0.000112689  -0.00490894
-0.000538156            0   0.00249348   0.00969123
 0.000112689  -0.00249348            0    0.0115947
  0.00490894  -0.00969123   -0.0115947            0
EndNode2[0]<--->HoM1[0]
REAL
  0.358537 0.00356579  0.0068771   0.196606
0.00356579   0.153659  0.0163813   0.010006
 0.0068771  0.0163813   0.147561  0.0172134
  0.196606   0.010006  0.0172134   0.340244
IMAGINARY
          0  0.00679094 -0.00128158 -0.00338672
-0.00679094           0   0.0250083  -0.0106399
 0.00128158  -0.0250083           0 -0.00328463
 0.00338672   0.0106399  0.00328463           0
Repeater1[0]<--->EndNode1[0]
REAL
   0.384115  -0.0167188 -0.00805697     0.21763
 -0.0167188    0.143229  0.00754033  -0.0184736
-0.00805697  0.00754033    0.134115  -0.0179751
    0.21763  -0.0184736  -0.0179751    0.338542
IMAGINARY
           0 -0.000112689  0.000538156  -0.00490894
 0.000112689            0  -0.00249348    0.0115947
-0.000538156   0.00249348            0   0.00969123
  0.00490894   -0.0115947  -0.00969123            0
Repeater1[0]<--->HoM1[0]
REAL
  0.358537  0.0068771 0.00356579   0.196606
 0.0068771   0.147561  0.0163813  0.0172134
0.00356579  0.0163813   0.153659   0.010006
  0.196606  0.0172134   0.010006   0.340244
IMAGINARY
          0 -0.00128158  0.00679094 -0.00338672
 0.00128158           0  -0.0250083 -0.00328463
-0.00679094   0.0250083           0  -0.0106399
 0.00338672  0.00328463   0.0106399           0
EndNode1[0]<--->Repeater1[0]
REAL
   0.348668  -0.0184676  0.00771406    0.207151
 -0.0184676    0.157385  -0.0165847  -0.0146323
 0.00771406  -0.0165847    0.163438 -0.00606068
   0.207151  -0.0146323 -0.00606068    0.330508
IMAGINARY
          0  -0.0157469   0.0220582   0.0102521
  0.0157469           0 -0.00203292  -0.0291918
 -0.0220582  0.00203292           0   0.0112073
 -0.0102521   0.0291918  -0.0112073           0
EndNode2[0]<--->HoM1[0]
REAL
   0.368687 -0.00545447  -0.0168353    0.205977
-0.00545447    0.135101  0.00111999  -0.0147776
 -0.0168353  0.00111999    0.166667  -0.0119649
   0.205977  -0.0147776  -0.0119649    0.329545
IMAGINARY
          0  0.00529265  -0.0194424  0.00373026
-0.00529265           0  -0.0030851   0.0250463
  0.0194424   0.0030851           0  0.00529265
-0.00373026  -0.0250463 -0.00529265           0
Repeater1[0]<--->EndNode1[0]
REAL
   0.348668  0.00771406  -0.0184676    0.207151
 0.00771406    0.163438  -0.0165847 -0.00606068
 -0.0184676  -0.0165847    0.157385  -0.0146323
   0.207151 -0.00606068  -0.0146323    0.330508
IMAGINARY
          0   0.0220582  -0.0157469   0.0102521
 -0.0220582           0  0.00203292   0.0112073
  0.0157469 -0.00203292           0  -0.0291918
 -0.0102521  -0.0112073   0.0291918           0
Repeater1[0]<--->HoM1[0]
REAL
   0.368687  -0.0168353 -0.00545447    0.205977
 -0.0168353    0.166667  0.00111999  -0.0119649
-0.00545447  0.00111999    0.135101  -0.0147776
   0.205977  -0.0119649  -0.0147776    0.329545
IMAGINARY
          0  -0.0194424  0.00529265  0.00373026
  0.0194424           0   0.0030851  0.00529265
-0.00529265  -0.0030851           0   0.0250463
-0.00373026 -0.00529265  -0.0250463           0
EndNode1[0]<--->Repeater1[0]
REAL
    0.361183  -0.00716132  -0.00459811     0.200748
 -0.00716132     0.131105 -0.000373133   0.00272545
 -0.00459811 -0.000373133     0.156812    0.0177731
    0.200748   0.00272545    0.0177731       0.3509
IMAGINARY
          0  -0.0109198  -0.0114286 -0.00342389
  0.0109198           0   0.0166314  0.00333394
  0.0114286  -0.0166314           0  -0.0183455
 0.00342389 -0.00333394   0.0183455           0
EndNode2[0]<--->HoM1[0]
REAL
   0.343137 0.000828117 -0.00228008    0.188334
0.000828117    0.151261  -0.0199466 0.000344594
-0.00228008  -0.0199466    0.159664 -0.00663457
   0.188334 0.000344594 -0.00663457    0.345938
IMAGINARY
          0   0.0332762   -0.024226  -0.0020964
 -0.0332762           0  -0.0185222   0.0184936
   0.024226   0.0185222           0 -0.00333993
  0.0020964  -0.0184936  0.00333993           0
Repeater1[0]<--->EndNode1[0]
REAL
    0.361183  -0.00459811  -0.00716132     0.200748
 -0.00459811     0.156812 -0.000373133    0.0177731
 -0.00716132 -0.000373133     0.131105   0.00272545
    0.200748    0.0177731   0.00272545       0.3509
IMAGINARY
          0  -0.0114286  -0.0109198 -0.00342389
  0.0114286           0  -0.0166314  -0.0183455
  0.0109198   0.0166314           0  0.00333394
 0.00342389   0.0183455 -0.00333394           0
Repeater1[0]<--->HoM1[0]
REAL
   0.343137 -0.00228008 0.000828117    0.188334
-0.00228008    0.159664  -0.0199466 -0.00663457
0.000828117  -0.0199466    0.151261 0.000344594
   0.188334 -0.00663457 0.000344594    0.345938
IMAGINARY
          0   -0.024226   0.0332762  -0.0020964
   0.024226           0   0.0185222 -0.00333993
 -0.0332762  -0.0185222           0   0.0184936
  0.0020964  0.00333993  -0.0184936           0
EndNode1[0]<--->Repeater1[0]
REAL
   0.351852  0.00827078  -0.0122382    0.218313
 0.00827078    0.148148  0.00649341  -0.0161856
 -0.0122382  0.00649341    0.144444 -0.00956277
   0.218313  -0.0161856 -0.00956277    0.355556
IMAGINARY
         0   0.010661  0.0426346 -0.0251639
 -0.010661          0  0.0324278 -0.0180662
-0.0426346 -0.0324278          0  0.0245316
 0.0251639  0.0180662 -0.0245316          0
EndNode2[0]<--->HoM1[0]
REAL
   0.380519 0.000671954  0.00864464    0.197169
0.000671954    0.155844  -0.0122554  0.00670916
 0.00864464  -0.0122554    0.155844  0.00133072
   0.197169  0.00670916  0.00133072    0.307792
IMAGINARY
          0   0.0078534 -0.00148171  0.00824697
 -0.0078534           0  -0.0205622 -0.00637169
 0.00148171   0.0205622           0   0.0078534
-0.00824697  0.00637169  -0.0078534           0
Repeater1[0]<--->EndNode1[0]
REAL
   0.351852  -0.0122382  0.00827078    0.218313
 -0.0122382    0.144444  0.00649341 -0.00956277
 0.00827078  0.00649341    0.148148  -0.0161856
   0.218313 -0.00956277  -0.0161856    0.355556
IMAGINARY
         0  0.0426346   0.010661 -0.0251639
-0.0426346          0 -0.0324278  0.0245316
 -0.010661  0.0324278          0 -0.0180662
 0.0251639 -0.0245316  0.0180662          0
Repeater1[0]<--->HoM1[0]
REAL
   0.380519  0.00864464 0.000671954    0.197169
 0.00864464    0.155844  -0.0122554  0.00133072
0.000671954  -0.0122554    0.155844  0.00670916
   0.197169  0.00133072  0.00670916    0.307792
IMAGINARY
          0 -0.00148171   0.0078534  0.00824697
 0.00148171           0   0.0205622   0.0078534
 -0.0078534  -0.0205622           0 -0.00637169
-0.00824697  -0.0078534  0.00637169           0
EndNode1[0]<--->Repeater1[0]
REAL
   0.352941  -0.0100118   -0.016237    0.202801
 -0.0100118    0.162703 -0.00860792  0.00268857
  -0.016237 -0.00860792    0.168961 -0.00740759
   0.202801  0.00268857 -0.00740759    0.315394
IMAGINARY
          0  -0.0022629  -0.0240545 -0.00417697
  0.0022629           0 -0.00213616  0.00459137
  0.0240545  0.00213616           0  -0.0091465
 0.00417697 -0.00459137   0.0091465           0
EndNode2[0]<--->HoM1[0]
REAL
   0.336329 -0.00848263 -0.00871772    0.199507
-0.00848263    0.154044  0.00958421 -0.00297059
-0.00871772  0.00958421    0.134788   0.0123787
   0.199507 -0.00297059   0.0123787     0.37484
IMAGINARY
           0  -0.00562358  -0.00154761    0.0122084
  0.00562358            0  0.000137261  -0.00491234
  0.00154761 -0.000137261            0   -0.0111723
  -0.0122084   0.00491234    0.0111723            0
Repeater1[0]<--->EndNode1[0]
REAL
   0.352941   -0.016237  -0.0100118    0.202801
  -0.016237    0.168961 -0.00860792 -0.00740759
 -0.0100118 -0.00860792    0.162703  0.00268857
   0.202801 -0.00740759  0.00268857    0.315394
IMAGINARY
          0  -0.0240545  -0.0022629 -0.00417697
  0.0240545           0  0.00213616  -0.0091465
  0.0022629 -0.00213616           0  0.00459137
 0.00417697   0.0091465 -0.00459137           0
Repeater1[0]<--->HoM1[0]
REAL
   0.336329 -0.00871772 -0.00848263    0.199507
-0.00871772    0.134788  0.00958421   0.0123787
-0.00848263  0.00958421    0.154044 -0.00297059
   0.199507   0.0123787 -0.00297059     0.37484
IMAGINARY
           0  -0.00154761  -0.00562358    0.0122084
  0.00154761            0 -0.000137261   -0.0111723
  0.00562358  0.000137261            0  -0.00491234
  -0.0122084    0.0111723   0.00491234            0
EndNode1[0]<--->Repeater1[0]
REAL
   0.315271   0.0088291 -0.00264734    0.214673
  0.0088291    0.135468   0.0126001  0.00131044
-0.00264734   0.0126001    0.156404   0.0192458
   0.214673  0.00131044   0.0192458    0.392857
IMAGINARY
           0   -0.0133394     0.016301 -0.000450269
   0.0133394            0   -0.0232997    0.0212638
   -0.016301    0.0232997            0   0.00686267
 0.000450269   -0.0212638  -0.00686267            0
EndNode2[0]<--->HoM1[0]
REAL
   0.329962 -0.00588492   0.0054647    0.198986
-0.00588492    0.142857   0.0152998   0.0135392
  0.0054647   0.0152998    0.127686    0.003919
   0.198986   0.0135392    0.003919    0.399494
IMAGINARY
           0  0.000795351  -0.00217623  -0.00292025
-0.000795351            0    0.0128278   0.00279889
  0.00217623   -0.0128278            0   -0.0138713
  0.00292025  -0.00279889    0.0138713            0
Repeater1[0]<--->EndNode1[0]
REAL
   0.315271 -0.00264734   0.0088291    0.214673
-0.00264734    0.156404   0.0126001   0.0192458
  0.0088291   0.0126001    0.135468  0.00131044
   0.214673   0.0192458  0.00131044    0.392857
IMAGINARY
           0     0.016301   -0.0133394 -0.000450269
   -0.016301            0    0.0232997   0.00686267
   0.0133394   -0.0232997            0    0.0212638
 0.000450269  -0.00686267   -0.0212638            0
Repeater1[0]<--->HoM1[0]
REAL
   0.329962   0.0054647 -0.00588492    0.198986
  0.0054647    0.127686   0.0152998    0.003919
-0.00588492   0.0152998    0.142857   0.0135392
   0.198986    0.003919   0.0135392    0.399494
IMAGINARY
           0  -0.00217623  0.000795351  -0.00292025
  0.00217623            0   -0.0128278   -0.0138713
-0.000795351    0.0128278            0   0.00279889
  0.00292025    0.0138713  -0.00279889            0
EndNode1[0]<--->Repeater1[0]
REAL
   0.383312  -0.0284452  0.00326543    0.204095
 -0.0284452    0.139505  0.00073945 -0.00453769
 0.00326543  0.00073945    0.151239   0.0144503
   0.204095 -0.00453769   0.0144503    0.325945
IMAGINARY
          0  -0.0260569   0.0124863  -0.0132279
  0.0260569           0 -0.00591084   0.0096614
 -0.0124863  0.00591084           0  -0.0135404
  0.0132279  -0.0096614   0.0135404           0
EndNode2[0]<--->HoM1[0]
REAL
   0.363402  0.00197109  -0.0162021    0.197844
 0.00197109     0.14433 -0.00796236  -0.0120502
 -0.0162021 -0.00796236    0.157216  -0.0170828
   0.197844  -0.0120502  -0.0170828    0.335052
IMAGINARY
          0  0.00401933   0.0153419  -0.0040946
-0.00401933           0  -0.0021641   0.0111097
 -0.0153419   0.0021641           0  -0.0124064
  0.0040946  -0.0111097   0.0124064           0
Repeater1[0]<--->EndNode1[0]
REAL
   0.383312  0.00326543  -0.0284452    0.204095
 0.00326543    0.151239  0.00073945   0.0144503
 -0.0284452  0.00073945    0.139505 -0.00453769
   0.204095   0.0144503 -0.00453769    0.325945
IMAGINARY
          0   0.0124863  -0.0260569  -0.0132279
 -0.0124863           0  0.00591084  -0.0135404
  0.0260569 -0.00591084           0   0.0096614
  0.0132279   0.0135404  -0.0096614           0
Repeater1[0]<--->HoM1[0]
REAL
   0.363402  -0.0162021  0.00197109    0.197844
 -0.0162021    0.157216 -0.00796236  -0.0170828
 0.00197109 -0.00796236     0.14433  -0.0120502
   0.197844  -0.0170828  -0.0120502    0.335052
IMAGINARY
          0   0.0153419  0.00401933  -0.0040946
 -0.0153419           0   0.0021641  -0.0124064
-0.00401933  -0.0021641           0   0.0111097
  0.0040946   0.0124064  -0.0111097           0
EndNode1[0]<--->Repeater1[0]
REAL
   0.344403   0.0243969   0.0167443    0.208592
  0.0243969    0.167282 -0.00165086  -0.0103176
  0.0167443 -0.00165086    0.145141  0.00516611
   0.208592  -0.0103176  0.00516611    0.343173
IMAGINARY
          0   0.0189894  -0.0178512 -0.00621783
 -0.0189894           0  -0.0101756  -0.0266232
  0.0178512   0.0101756           0  0.00796477
 0.00621783   0.0266232 -0.00796477           0
EndNode2[0]<--->HoM1[0]
REAL
   0.345588  0.00256119  0.00211662    0.191476
