EndNode1[0]<--->Repeater1[0]
REAL
   0.384615 0.000918488   0.0113984    0.256937
0.000918488    0.139257   0.0249781   0.0138675
  0.0113984   0.0249781    0.115385   0.0110496
   0.256937   0.0138675   0.0110496    0.360743
IMAGINARY
           0    0.0108029 -0.000225644    0.0149985
  -0.0108029            0   -0.0216474  -0.00621765
 0.000225644    0.0216474            0  -0.00693692
  -0.0149985   0.00621765   0.00693692            0
EndNode2[0]<--->HoM1[0]
REAL
    0.366755  -0.00945419  -0.00296347     0.251243
 -0.00945419     0.139842 -0.000925834   -0.0230188
 -0.00296347 -0.000925834     0.137203   -0.0152606
    0.251243   -0.0230188   -0.0152606     0.356201
IMAGINARY
          0  0.00388586  0.00105832  -0.0180109
-0.00388586           0   0.0116334  0.00823536
-0.00105832  -0.0116334           0 -0.00326628
  0.0180109 -0.00823536  0.00326628           0
Repeater1[0]<--->EndNode1[0]
REAL
   0.384615   0.0113984 0.000918488    0.256937
  0.0113984    0.115385   0.0249781   0.0110496
0.000918488   0.0249781    0.139257   0.0138675
   0.256937   0.0110496   0.0138675    0.360743
IMAGINARY
           0 -0.000225644    0.0108029    0.0149985
 0.000225644            0    0.0216474  -0.00693692
  -0.0108029   -0.0216474            0  -0.00621765
  -0.0149985   0.00693692   0.00621765            0
Repeater1[0]<--->HoM1[0]
REAL
    0.366755  -0.00296347  -0.00945419     0.251243
 -0.00296347     0.137203 -0.000925834   -0.0152606
 -0.00945419 -0.000925834     0.139842   -0.0230188
    0.251243   -0.0152606   -0.0230188     0.356201
IMAGINARY
          0  0.00105832  0.00388586  -0.0180109
-0.00105832           0  -0.0116334 -0.00326628
-0.00388586   0.0116334           0  0.00823536
  0.0180109  0.00326628 -0.00823536           0
EndNode1[0]<--->Repeater1[0]
REAL
   0.385482 -0.00100502  -0.0138244    0.247282
-0.00100502     0.12015 -0.00748624  0.00234478
 -0.0138244 -0.00748624    0.126408  0.00483155
   0.247282  0.00234478  0.00483155     0.36796
IMAGINARY
           0    0.0175159   0.00975423  2.03366e-05
  -0.0175159            0   -0.0159439   0.00114496
 -0.00975423    0.0159439            0   -0.0175159
-2.03366e-05  -0.00114496    0.0175159            0
EndNode2[0]<--->HoM1[0]
REAL
   0.393862   0.0145331 0.000557092    0.249376
  0.0145331    0.106138  -0.0237662  0.00797949
0.000557092  -0.0237662    0.136829  -0.0120941
   0.249376  0.00797949  -0.0120941    0.363171
IMAGINARY
           0   0.00387359   -0.0101942   -0.0289345
 -0.00387359            0  -0.00742913  0.000415861
   0.0101942   0.00742913            0  -0.00191792
   0.0289345 -0.000415861   0.00191792            0
Repeater1[0]<--->EndNode1[0]
REAL
   0.385482  -0.0138244 -0.00100502    0.247282
 -0.0138244    0.126408 -0.00748624  0.00483155
-0.00100502 -0.00748624     0.12015  0.00234478
   0.247282  0.00483155  0.00234478     0.36796
IMAGINARY
           0   0.00975423    0.0175159  2.03366e-05
 -0.00975423            0    0.0159439   -0.0175159
  -0.0175159   -0.0159439            0   0.00114496
-2.03366e-05    0.0175159  -0.00114496            0
Repeater1[0]<--->HoM1[0]
REAL
   0.393862 0.000557092   0.0145331    0.249376
0.000557092    0.136829  -0.0237662  -0.0120941
  0.0145331  -0.0237662    0.106138  0.00797949
   0.249376  -0.0120941  0.00797949    0.363171
IMAGINARY
           0   -0.0101942   0.00387359   -0.0289345
   0.0101942            0   0.00742913  -0.00191792
 -0.00387359  -0.00742913            0  0.000415861
   0.0289345   0.00191792 -0.000415861            0
EndNode1[0]<--->Repeater1[0]
REAL
   0.392723  -0.0134271  0.00514231    0.243899
 -0.0134271    0.139272  -0.0143706 -0.00390162
 0.00514231  -0.0143706    0.125471  0.00722367
   0.243899 -0.00390162  0.00722367    0.342535
IMAGINARY
          0  -0.0207096 -0.00163822  0.00138788
  0.0207096           0   0.0351038  0.00672728
 0.00163822  -0.0351038           0 -0.00219112
-0.00138788 -0.00672728  0.00219112           0
EndNode2[0]<--->HoM1[0]
REAL
   0.351926 -0.00359765   0.0193847    0.227864
-0.00359765    0.130146  0.00254762 -0.00942453
  0.0193847  0.00254762    0.111554    0.022854
   0.227864 -0.00942453    0.022854    0.406375
IMAGINARY
           0  4.99667e-05   0.00574225    0.0252779
-4.99667e-05            0    0.0057657    -0.014603
 -0.00574225   -0.0057657            0  -0.00258161
  -0.0252779     0.014603   0.00258161            0
Repeater1[0]<--->EndNode1[0]
REAL
   0.392723  0.00514231  -0.0134271    0.243899
 0.00514231    0.125471  -0.0143706  0.00722367
 -0.0134271  -0.0143706    0.139272 -0.00390162
   0.243899  0.00722367 -0.00390162    0.342535
IMAGINARY
          0 -0.00163822  -0.0207096  0.00138788
 0.00163822           0  -0.0351038 -0.00219112
  0.0207096   0.0351038           0  0.00672728
-0.00138788  0.00219112 -0.00672728           0
Repeater1[0]<--->HoM1[0]
REAL
   0.351926   0.0193847 -0.00359765    0.227864
  0.0193847    0.111554  0.00254762    0.022854
-0.00359765  0.00254762    0.130146 -0.00942453
   0.227864    0.022854 -0.00942453    0.406375
IMAGINARY
           0   0.00574225  4.99667e-05    0.0252779
 -0.00574225            0   -0.0057657  -0.00258161
-4.99667e-05    0.0057657            0    -0.014603
  -0.0252779   0.00258161     0.014603            0
EndNode1[0]<--->Repeater1[0]
REAL
  0.387597 -0.0288205 -0.0191977   0.246874
-0.0288205   0.121447 -0.0105842 -0.0245596
-0.0191977 -0.0105842   0.127907 0.00139927
  0.246874 -0.0245596 0.00139927   0.363049
IMAGINARY
          0 -0.00491363  -0.0172839   0.0116586
 0.00491363           0    0.024833   0.0140414
  0.0172839   -0.024833           0 -0.00351698
 -0.0116586  -0.0140414  0.00351698           0
EndNode2[0]<--->HoM1[0]
REAL
       0.35 -0.00398773  -0.0100474    0.241907
-0.00398773    0.119737  0.00255205  -0.0062499
 -0.0100474  0.00255205    0.148684  0.00333584
   0.241907  -0.0062499  0.00333584    0.381579
IMAGINARY
           0   0.00863003 -2.47821e-06   0.00199447
 -0.00863003            0   0.00513912 -0.000642683
 2.47821e-06  -0.00513912            0   -0.0234687
 -0.00199447  0.000642683    0.0234687            0
Repeater1[0]<--->EndNode1[0]
REAL
  0.387597 -0.0191977 -0.0288205   0.246874
-0.0191977   0.127907 -0.0105842 0.00139927
-0.0288205 -0.0105842   0.121447 -0.0245596
  0.246874 0.00139927 -0.0245596   0.363049
IMAGINARY
          0  -0.0172839 -0.00491363   0.0116586
  0.0172839           0   -0.024833 -0.00351698
 0.00491363    0.024833           0   0.0140414
 -0.0116586  0.00351698  -0.0140414           0
Repeater1[0]<--->HoM1[0]
REAL
       0.35  -0.0100474 -0.00398773    0.241907
 -0.0100474    0.148684  0.00255205  0.00333584
-0.00398773  0.00255205    0.119737  -0.0062499
   0.241907  0.00333584  -0.0062499    0.381579
IMAGINARY
           0 -2.47821e-06   0.00863003   0.00199447
 2.47821e-06            0  -0.00513912   -0.0234687
 -0.00863003   0.00513912            0 -0.000642683
 -0.00199447    0.0234687  0.000642683            0
EndNode1[0]<--->Repeater1[0]
REAL
    0.369418    0.0147695  -0.00224853      0.25475
   0.0147695     0.116373  -0.00665824  -0.00156826
 -0.00224853  -0.00665824     0.128552 -0.000774565
     0.25475  -0.00156826 -0.000774565     0.385656
IMAGINARY
          0  0.00680272 -0.00763119  0.00588235
-0.00680272           0  0.00392157  -0.0138812
 0.00763119 -0.00392157           0   0.0055832
-0.00588235   0.0138812  -0.0055832           0
EndNode2[0]<--->HoM1[0]
REAL
   0.366758  0.00877325  0.00613271    0.246318
 0.00877325    0.135989  0.00644912 -0.00797772
 0.00613271  0.00644912    0.119505  0.00537189
   0.246318 -0.00797772  0.00537189    0.377747
IMAGINARY
          0 -0.00449597   0.0363552 -0.00453446
 0.00449597           0 -0.00453446  0.00612848
 -0.0363552  0.00453446           0  -0.0131511
 0.00453446 -0.00612848   0.0131511           0
Repeater1[0]<--->EndNode1[0]
REAL
    0.369418  -0.00224853    0.0147695      0.25475
 -0.00224853     0.128552  -0.00665824 -0.000774565
   0.0147695  -0.00665824     0.116373  -0.00156826
     0.25475 -0.000774565  -0.00156826     0.385656
IMAGINARY
          0 -0.00763119  0.00680272  0.00588235
 0.00763119           0 -0.00392157   0.0055832
-0.00680272  0.00392157           0  -0.0138812
-0.00588235  -0.0055832   0.0138812           0
Repeater1[0]<--->HoM1[0]
REAL
   0.366758  0.00613271  0.00877325    0.246318
 0.00613271    0.119505  0.00644912  0.00537189
 0.00877325  0.00644912    0.135989 -0.00797772
   0.246318  0.00537189 -0.00797772    0.377747
IMAGINARY
          0   0.0363552 -0.00449597 -0.00453446
 -0.0363552           0  0.00453446  -0.0131511
 0.00449597 -0.00453446           0  0.00612848
 0.00453446   0.0131511 -0.00612848           0
EndNode1[0]<--->Repeater1[0]
REAL
   0.355311   0.0184275   0.0119292    0.248957
  0.0184275    0.131868 -0.00448503   0.0150978
  0.0119292 -0.00448503    0.141636   0.0184275
   0.248957   0.0150978   0.0184275    0.371184
IMAGINARY
           0  0.000263976    0.0035772   -0.0142802
-0.000263976            0    0.0484574  -0.00169985
  -0.0035772   -0.0484574            0   -0.0159085
   0.0142802   0.00169985    0.0159085            0
EndNode2[0]<--->HoM1[0]
REAL
   0.366915    0.014231  0.00569832    0.248968
   0.014231    0.152985  -0.0129985  -0.0146269
 0.00569832  -0.0129985    0.126866 -0.00147585
   0.248968  -0.0146269 -0.00147585    0.353234
IMAGINARY
           0   -0.0132837    0.0227148 -0.000233936
   0.0132837            0  -0.00936914  -0.00654401
  -0.0227148   0.00936914            0  -0.00806174
 0.000233936   0.00654401   0.00806174            0
Repeater1[0]<--->EndNode1[0]
REAL
   0.355311   0.0119292   0.0184275    0.248957
  0.0119292    0.141636 -0.00448503   0.0184275
  0.0184275 -0.00448503    0.131868   0.0150978
   0.248957   0.0184275   0.0150978    0.371184
IMAGINARY
           0    0.0035772  0.000263976   -0.0142802
  -0.0035772            0   -0.0484574   -0.0159085
-0.000263976    0.0484574            0  -0.00169985
   0.0142802    0.0159085   0.00169985            0
Repeater1[0]<--->HoM1[0]
REAL
   0.366915  0.00569832    0.014231    0.248968
 0.00569832    0.126866  -0.0129985 -0.00147585
   0.014231  -0.0129985    0.152985  -0.0146269
   0.248968 -0.00147585  -0.0146269    0.353234
IMAGINARY
           0    0.0227148   -0.0132837 -0.000233936
  -0.0227148            0   0.00936914  -0.00806174
   0.0132837  -0.00936914            0  -0.00654401
 0.000233936   0.00806174   0.00654401            0
EndNode1[0]<--->Repeater1[0]
REAL
   0.401809 -0.00234354  -0.0267942    0.247239
-0.00234354    0.121447  -0.0184253 -0.00123714
 -0.0267942  -0.0184253    0.103359  0.00821055
   0.247239 -0.00123714  0.00821055    0.373385
IMAGINARY
          0     0.00213   0.0149912  -0.0113111
   -0.00213           0 -0.00633597  0.00881834
 -0.0149912  0.00633597           0  -0.0221801
  0.0113111 -0.00881834   0.0221801           0
EndNode2[0]<--->HoM1[0]
REAL
   0.360465   0.0072078  -0.0197538    0.233662
  0.0072078    0.126615 -0.00284143 -0.00649118
 -0.0197538 -0.00284143    0.126615   -0.017302
   0.233662 -0.00649118   -0.017302    0.386305
IMAGINARY
          0 -0.00457205   0.0218146  0.00501034
 0.00457205           0 -0.00568148 -0.00639048
 -0.0218146  0.00568148           0   0.0058574
-0.00501034  0.00639048  -0.0058574           0
Repeater1[0]<--->EndNode1[0]
REAL
   0.401809  -0.0267942 -0.00234354    0.247239
 -0.0267942    0.103359  -0.0184253  0.00821055
-0.00234354  -0.0184253    0.121447 -0.00123714
   0.247239  0.00821055 -0.00123714    0.373385
IMAGINARY
          0   0.0149912     0.00213  -0.0113111
 -0.0149912           0  0.00633597  -0.0221801
   -0.00213 -0.00633597           0  0.00881834
  0.0113111   0.0221801 -0.00881834           0
Repeater1[0]<--->HoM1[0]
REAL
   0.360465  -0.0197538   0.0072078    0.233662
 -0.0197538    0.126615 -0.00284143   -0.017302
  0.0072078 -0.00284143    0.126615 -0.00649118
   0.233662   -0.017302 -0.00649118    0.386305
IMAGINARY
          0   0.0218146 -0.00457205  0.00501034
 -0.0218146           0  0.00568148   0.0058574
 0.00457205 -0.00568148           0 -0.00639048
-0.00501034  -0.0058574  0.00639048           0
EndNode1[0]<--->Repeater1[0]
REAL
   0.382022   0.0149558 -0.00573301    0.245318
  0.0149558    0.126092  0.00371634   0.0102375
-0.00573301  0.00371634    0.104869  0.00370576
   0.245318   0.0102375  0.00370576    0.387016
IMAGINARY
          0  -0.0111467 -0.00233933   0.0077612
  0.0111467           0  0.00380342  0.00879928
 0.00233933 -0.00380342           0  0.00727075
 -0.0077612 -0.00879928 -0.00727075           0
EndNode2[0]<--->HoM1[0]
REAL
   0.394218   0.0266874  0.00468307    0.259302
  0.0266874    0.130092  -0.0284279  -0.0210765
 0.00468307  -0.0284279   0.0985545 -0.00346336
   0.259302  -0.0210765 -0.00346336    0.377135
IMAGINARY
          0  -0.0184228 -0.00793872  0.00601004
  0.0184228           0  -0.0200174 -0.00494471
 0.00793872   0.0200174           0 -0.00182257
-0.00601004  0.00494471  0.00182257           0
Repeater1[0]<--->EndNode1[0]
REAL
   0.382022 -0.00573301   0.0149558    0.245318
-0.00573301    0.104869  0.00371634  0.00370576
  0.0149558  0.00371634    0.126092   0.0102375
   0.245318  0.00370576   0.0102375    0.387016
IMAGINARY
          0 -0.00233933  -0.0111467   0.0077612
 0.00233933           0 -0.00380342  0.00727075
  0.0111467  0.00380342           0  0.00879928
 -0.0077612 -0.00727075 -0.00879928           0
Repeater1[0]<--->HoM1[0]
REAL
   0.394218  0.00468307   0.0266874    0.259302
 0.00468307   0.0985545  -0.0284279 -0.00346336
  0.0266874  -0.0284279    0.130092  -0.0210765
   0.259302 -0.00346336  -0.0210765    0.377135
IMAGINARY
          0 -0.00793872  -0.0184228  0.00601004
 0.00793872           0   0.0200174 -0.00182257
  0.0184228  -0.0200174           0 -0.00494471
-0.00601004  0.00182257  0.00494471           0
EndNode1[0]<--->Repeater1[0]
REAL
     0.3861  0.00632166  -0.0162521    0.241632
 0.00632166    0.127413 -0.00227037  -0.0276309
 -0.0162521 -0.00227037    0.120978  -0.0182897
   0.241632  -0.0276309  -0.0182897    0.365508
IMAGINARY
           0  0.000722674    0.0116405   0.00333192
-0.000722674            0  -0.00777919    0.0103107
  -0.0116405   0.00777919            0   -0.0177958
 -0.00333192   -0.0103107    0.0177958            0
EndNode2[0]<--->HoM1[0]
REAL
   0.400534  -0.0124724   0.0189127    0.239969
 -0.0124724    0.108144 -0.00688203   0.0149127
  0.0189127 -0.00688203     0.11215   0.0155475
   0.239969   0.0149127   0.0155475    0.379172
IMAGINARY
           0  -0.00494071  -0.00319807    0.0198195
  0.00494071            0   -0.0128309 -0.000580268
  0.00319807    0.0128309            0   0.00494071
  -0.0198195  0.000580268  -0.00494071            0
Repeater1[0]<--->EndNode1[0]
REAL
     0.3861  -0.0162521  0.00632166    0.241632
 -0.0162521    0.120978 -0.00227037  -0.0182897
 0.00632166 -0.00227037    0.127413  -0.0276309
   0.241632  -0.0182897  -0.0276309    0.365508
IMAGINARY
           0    0.0116405  0.000722674   0.00333192
  -0.0116405            0   0.00777919   -0.0177958
-0.000722674  -0.00777919            0    0.0103107
 -0.00333192    0.0177958   -0.0103107            0
Repeater1[0]<--->HoM1[0]
REAL
   0.400534   0.0189127  -0.0124724    0.239969
  0.0189127     0.11215 -0.00688203   0.0155475
 -0.0124724 -0.00688203    0.108144   0.0149127
   0.239969   0.0155475   0.0149127    0.379172
IMAGINARY
           0  -0.00319807  -0.00494071    0.0198195
  0.00319807            0    0.0128309   0.00494071
  0.00494071   -0.0128309            0 -0.000580268
  -0.0198195  -0.00494071  0.000580268            0
EndNode1[0]<--->Repeater1[0]
REAL
   0.385733  0.00724905  -0.0158867    0.228287
 0.00724905    0.108322  -0.0178672   0.0192696
 -0.0158867  -0.0178672    0.133421 -0.00115974
   0.228287   0.0192696 -0.00115974    0.372523
IMAGINARY
          0   0.0114802  -0.0156294  -0.0098863
 -0.0114802           0  -0.0177842 -0.00488346
  0.0156294   0.0177842           0  0.00390443
  0.0098863  0.00488346 -0.00390443           0
EndNode2[0]<--->HoM1[0]
REAL
   0.380155 0.000744422  0.00574435    0.238469
0.000744422    0.117268 -0.00442663  -0.0177124
 0.00574435 -0.00442663    0.119845  -0.0180317
   0.238469  -0.0177124  -0.0180317    0.382732
IMAGINARY
          0   0.0207505   0.0153504   0.0264309
 -0.0207505           0 -0.00474416 -0.00926104
 -0.0153504  0.00474416           0 -0.00789531
 -0.0264309  0.00926104  0.00789531           0
Repeater1[0]<--->EndNode1[0]
REAL
   0.385733  -0.0158867  0.00724905    0.228287
 -0.0158867    0.133421  -0.0178672 -0.00115974
 0.00724905  -0.0178672    0.108322   0.0192696
   0.228287 -0.00115974   0.0192696    0.372523
IMAGINARY
          0  -0.0156294   0.0114802  -0.0098863
  0.0156294           0   0.0177842  0.00390443
 -0.0114802  -0.0177842           0 -0.00488346
  0.0098863 -0.00390443  0.00488346           0
Repeater1[0]<--->HoM1[0]
REAL
   0.380155  0.00574435 0.000744422    0.238469
 0.00574435    0.119845 -0.00442663  -0.0180317
0.000744422 -0.00442663    0.117268  -0.0177124
   0.238469  -0.0180317  -0.0177124    0.382732
IMAGINARY
          0   0.0153504   0.0207505   0.0264309
 -0.0153504           0  0.00474416 -0.00789531
 -0.0207505 -0.00474416           0 -0.00926104
 -0.0264309  0.00789531  0.00926104           0
EndNode1[0]<--->Repeater1[0]
REAL
   0.390488  -0.0102967 -0.00117614     0.24983
 -0.0102967    0.138924   0.0130562  -0.0168651
-0.00117614   0.0130562    0.107635    0.012874
    0.24983  -0.0168651    0.012874    0.362954
IMAGINARY
          0   0.0162762  -0.0100549  0.00664473
 -0.0162762           0  0.00146338  0.00940978
  0.0100549 -0.00146338           0 -0.00272777
-0.00664473 -0.00940978  0.00272777           0
EndNode2[0]<--->HoM1[0]
REAL
  0.397946 -0.0142602 -0.0225227   0.245718
-0.0142602   0.119384 -0.0149001  0.0143466
-0.0225227 -0.0149001   0.110398 0.00105268
  0.245718  0.0143466 0.00105268   0.372272
IMAGINARY
          0 -0.00344988  0.00889271  0.00159554
 0.00344988           0   0.0085841   0.0149168
-0.00889271  -0.0085841           0  -0.0100636
-0.00159554  -0.0149168   0.0100636           0
Repeater1[0]<--->EndNode1[0]
REAL
   0.390488 -0.00117614  -0.0102967     0.24983
-0.00117614    0.107635   0.0130562    0.012874
 -0.0102967   0.0130562    0.138924  -0.0168651
    0.24983    0.012874  -0.0168651    0.362954
IMAGINARY
          0  -0.0100549   0.0162762  0.00664473
  0.0100549           0 -0.00146338 -0.00272777
 -0.0162762  0.00146338           0  0.00940978
-0.00664473  0.00272777 -0.00940978           0
Repeater1[0]<--->HoM1[0]
REAL
  0.397946 -0.0225227 -0.0142602   0.245718
-0.0225227   0.110398 -0.0149001 0.00105268
-0.0142602 -0.0149001   0.119384  0.0143466
  0.245718 0.00105268  0.0143466   0.372272
IMAGINARY
          0  0.00889271 -0.00344988  0.00159554
-0.00889271           0  -0.0085841  -0.0100636
 0.00344988   0.0085841           0   0.0149168
-0.00159554   0.0100636  -0.0149168           0
EndNode1[0]<--->Repeater1[0]
REAL
   0.347339  0.00506634  -0.0113016    0.231425
 0.00506634    0.159664  -0.0267616  -0.0184911
 -0.0113016  -0.0267616    0.128852 -0.00895235
   0.231425  -0.0184911 -0.00895235    0.364146
IMAGINARY
          0  0.00628632 -0.00956795   0.0173639
-0.00628632           0   0.0121959    0.020903
 0.00956795  -0.0121959           0  0.00504869
 -0.0173639   -0.020903 -0.00504869           0
EndNode2[0]<--->HoM1[0]
REAL
      0.375  0.00637697   0.0115144     0.24977
 0.00637697    0.123656 -0.00519736 0.000618469
  0.0115144 -0.00519736    0.129032  0.00575585
    0.24977 0.000618469  0.00575585    0.372312
IMAGINARY
          0   0.0168003 -0.00464538 -0.00336495
 -0.0168003           0  -0.0108838  -0.0119109
 0.00464538   0.0108838           0 -0.00951551
 0.00336495   0.0119109  0.00951551           0
Repeater1[0]<--->EndNode1[0]
REAL
   0.347339  -0.0113016  0.00506634    0.231425
 -0.0113016    0.128852  -0.0267616 -0.00895235
 0.00506634  -0.0267616    0.159664  -0.0184911
   0.231425 -0.00895235  -0.0184911    0.364146
IMAGINARY
          0 -0.00956795  0.00628632   0.0173639
 0.00956795           0  -0.0121959  0.00504869
-0.00628632   0.0121959           0    0.020903
 -0.0173639 -0.00504869   -0.020903           0
Repeater1[0]<--->HoM1[0]
REAL
      0.375   0.0115144  0.00637697     0.24977
  0.0115144    0.129032 -0.00519736  0.00575585
 0.00637697 -0.00519736    0.123656 0.000618469
    0.24977  0.00575585 0.000618469    0.372312
IMAGINARY
          0 -0.00464538   0.0168003 -0.00336495
 0.00464538           0   0.0108838 -0.00951551
 -0.0168003  -0.0108838           0  -0.0119109
 0.00336495  0.00951551   0.0119109           0
EndNode1[0]<--->Repeater1[0]
REAL
   0.398515   0.0261006 -0.00282065    0.257238
  0.0261006    0.115099   0.0100824   0.0256965
-0.00282065   0.0100824    0.134901   0.0150759
   0.257238   0.0256965   0.0150759    0.351485
IMAGINARY
          0   -0.028582   0.0135305    0.013707
   0.028582           0  0.00734565  0.00227225
 -0.0135305 -0.00734565           0  -0.0150336
  -0.013707 -0.00227225   0.0150336           0
EndNode2[0]<--->HoM1[0]
REAL
    0.35408  0.00414011  0.00386052    0.238254
 0.00414011   0.0982019 -0.00262186  -0.0108848
 0.00386052 -0.00262186     0.15491  -0.0124415
   0.238254  -0.0108848  -0.0124415    0.392808
IMAGINARY
          0   -0.017217   0.0210356 -0.00403943
   0.017217           0   0.0228836 -0.00157083
 -0.0210356  -0.0228836           0   0.0208666
 0.00403943  0.00157083  -0.0208666           0
Repeater1[0]<--->EndNode1[0]
REAL
   0.398515 -0.00282065   0.0261006    0.257238
-0.00282065    0.134901   0.0100824   0.0150759
  0.0261006   0.0100824    0.115099   0.0256965
   0.257238   0.0150759   0.0256965    0.351485
IMAGINARY
          0   0.0135305   -0.028582    0.013707
 -0.0135305           0 -0.00734565  -0.0150336
   0.028582  0.00734565           0  0.00227225
  -0.013707   0.0150336 -0.00227225           0
Repeater1[0]<--->HoM1[0]
REAL
    0.35408  0.00386052  0.00414011    0.238254
 0.00386052     0.15491 -0.00262186  -0.0124415
 0.00414011 -0.00262186   0.0982019  -0.0108848
   0.238254  -0.0124415  -0.0108848    0.392808
IMAGINARY
          0   0.0210356   -0.017217 -0.00403943
 -0.0210356           0  -0.0228836   0.0208666
   0.017217   0.0228836           0 -0.00157083
 0.00403943  -0.0208666  0.00157083           0
EndNode1[0]<--->Repeater1[0]
REAL
   0.383489 -0.00908826  -0.0152886     0.24696
-0.00908826    0.142477   0.0129311  0.00505666
 -0.0152886   0.0129311    0.110519 -0.00660069
    0.24696  0.00505666 -0.00660069    0.363515
IMAGINARY
           0  0.000667943   -0.0083521   -0.0171624
-0.000667943            0    0.0106857   0.00770021
   0.0083521   -0.0106857            0  -1.6052e-05
   0.0171624  -0.00770021   1.6052e-05            0
EndNode2[0]<--->HoM1[0]
REAL
   0.367347  -0.0020307  -0.0182916    0.245445
 -0.0020307    0.116071  -0.0109321 -0.00762495
 -0.0182916  -0.0109321    0.133929 -0.00871519
   0.245445 -0.00762495 -0.00871519    0.382653
IMAGINARY
          0  -0.0201484   0.0102105   0.0196554
  0.0201484           0  0.00397163   0.0114731
 -0.0102105 -0.00397163           0  -0.0130148
 -0.0196554  -0.0114731   0.0130148           0
Repeater1[0]<--->EndNode1[0]
REAL
   0.383489  -0.0152886 -0.00908826     0.24696
 -0.0152886    0.110519   0.0129311 -0.00660069
-0.00908826   0.0129311    0.142477  0.00505666
    0.24696 -0.00660069  0.00505666    0.363515
IMAGINARY
           0   -0.0083521  0.000667943   -0.0171624
   0.0083521            0   -0.0106857  -1.6052e-05
-0.000667943    0.0106857            0   0.00770021
   0.0171624   1.6052e-05  -0.00770021            0
Repeater1[0]<--->HoM1[0]
REAL
   0.367347  -0.0182916  -0.0020307    0.245445
 -0.0182916    0.133929  -0.0109321 -0.00871519
 -0.0020307  -0.0109321    0.116071 -0.00762495
   0.245445 -0.00871519 -0.00762495    0.382653
IMAGINARY
          0   0.0102105  -0.0201484   0.0196554
 -0.0102105           0 -0.00397163  -0.0130148
  0.0201484  0.00397163           0   0.0114731
 -0.0196554   0.0130148  -0.0114731           0
EndNode1[0]<--->Repeater1[0]
REAL
      0.3875      0.01223    0.0120724     0.260406
     0.01223         0.11    0.0081477 -0.000122718
   0.0120724    0.0081477      0.13625     0.014814
    0.260406 -0.000122718     0.014814      0.36625
IMAGINARY
          0    0.010042 -0.00432004   -0.011638
  -0.010042           0  -0.0161775   0.0139975
 0.00432004   0.0161775           0  -0.0171388
   0.011638  -0.0139975   0.0171388           0
EndNode2[0]<--->HoM1[0]
REAL
  0.347382 -0.0128293 0.00722202   0.239571
-0.0128293   0.132822 -0.0173486 -0.0227259
0.00722202 -0.0173486   0.128991 0.00120135
  0.239571 -0.0227259 0.00120135   0.390805
IMAGINARY
          0 -0.00029518   0.0120842 -0.00457115
 0.00029518           0 -0.00665738   0.0101782
 -0.0120842  0.00665738           0   0.0141339
 0.00457115  -0.0101782  -0.0141339           0
Repeater1[0]<--->EndNode1[0]
REAL
      0.3875    0.0120724      0.01223     0.260406
   0.0120724      0.13625    0.0081477     0.014814
     0.01223    0.0081477         0.11 -0.000122718
    0.260406     0.014814 -0.000122718      0.36625
IMAGINARY
          0 -0.00432004    0.010042   -0.011638
 0.00432004           0   0.0161775  -0.0171388
  -0.010042  -0.0161775           0   0.0139975
   0.011638   0.0171388  -0.0139975           0
Repeater1[0]<--->HoM1[0]
REAL
  0.347382 0.00722202 -0.0128293   0.239571
0.00722202   0.128991 -0.0173486 0.00120135
-0.0128293 -0.0173486   0.132822 -0.0227259
  0.239571 0.00120135 -0.0227259   0.390805
IMAGINARY
          0   0.0120842 -0.00029518 -0.00457115
 -0.0120842           0  0.00665738   0.0141339
 0.00029518 -0.00665738           0   0.0101782
 0.00457115  -0.0141339  -0.0101782           0
EndNode1[0]<--->Repeater1[0]
REAL
   0.356423  0.00106455  0.00260593    0.268101
 0.00106455    0.108312 -0.00183319   0.0246185
 0.00260593 -0.00183319    0.142317  -0.0136808
   0.268101   0.0246185  -0.0136808    0.392947
IMAGINARY
          0 -0.00261608 -0.00268382 -0.00128535
 0.00261608           0  0.00128535  0.00856618
 0.00268382 -0.00128535           0 -0.00326627
 0.00128535 -0.00856618  0.00326627           0
EndNode2[0]<--->HoM1[0]
REAL
   0.380074  0.00268275  -0.0233007    0.249155
 0.00268275    0.132841 -0.00637305   0.0141143
 -0.0233007 -0.00637305    0.113161  0.00387893
   0.249155   0.0141143  0.00387893    0.373924
IMAGINARY
          0  0.00821509  -0.0197782   0.0157232
-0.00821509           0 -0.00117293 -0.00479182
  0.0197782  0.00117293           0   0.0102124
 -0.0157232  0.00479182  -0.0102124           0
Repeater1[0]<--->EndNode1[0]
REAL
   0.356423  0.00260593  0.00106455    0.268101
 0.00260593    0.142317 -0.00183319  -0.0136808
 0.00106455 -0.00183319    0.108312   0.0246185
   0.268101  -0.0136808   0.0246185    0.392947
IMAGINARY
          0 -0.00268382 -0.00261608 -0.00128535
 0.00268382           0 -0.00128535 -0.00326627
 0.00261608  0.00128535           0  0.00856618
 0.00128535  0.00326627 -0.00856618           0
Repeater1[0]<--->HoM1[0]
REAL
   0.380074  -0.0233007  0.00268275    0.249155
 -0.0233007    0.113161 -0.00637305  0.00387893
 0.00268275 -0.00637305    0.132841   0.0141143
   0.249155  0.00387893   0.0141143    0.373924
IMAGINARY
          0  -0.0197782  0.00821509   0.0157232
  0.0197782           0  0.00117293   0.0102124
-0.00821509 -0.00117293           0 -0.00479182
 -0.0157232  -0.0102124  0.00479182           0
EndNode1[0]<--->Repeater1[0]
REAL
     0.344 -0.0195963   0.012632   0.255819
-0.0195963      0.128  -0.010604  0.0112915
  0.012632  -0.010604      0.128 0.00165371
  0.255819  0.0112915 0.00165371        0.4
IMAGINARY
           0 -0.000139814   -0.0115023    -0.018969
 0.000139814            0  -0.00570636  -0.00431277
   0.0115023   0.00570636            0    0.0110887
    0.018969   0.00431277   -0.0110887            0
EndNode2[0]<--->HoM1[0]
REAL
    0.36375   0.0193349 -0.00184248    0.243893
  0.0193349     0.12875  0.00732035  0.00791044
-0.00184248  0.00732035     0.13875  0.00493697
   0.243893  0.00791044  0.00493697     0.36875
IMAGINARY
          0  -0.0048556 -0.00609697   0.0267036
  0.0048556           0 -0.00209221 -0.00285443
 0.00609697  0.00209221           0   0.0163646
 -0.0267036  0.00285443  -0.0163646           0
Repeater1[0]<--->EndNode1[0]
REAL
     0.344   0.012632 -0.0195963   0.255819
  0.012632      0.128  -0.010604 0.00165371
-0.0195963  -0.010604      0.128  0.0112915
  0.255819 0.00165371  0.0112915        0.4
IMAGINARY
           0   -0.0115023 -0.000139814    -0.018969
   0.0115023            0   0.00570636    0.0110887
 0.000139814  -0.00570636            0  -0.00431277
    0.018969   -0.0110887   0.00431277            0
Repeater1[0]<--->HoM1[0]
REAL
    0.36375 -0.00184248   0.0193349    0.243893
-0.00184248     0.13875  0.00732035  0.00493697
  0.0193349  0.00732035     0.12875  0.00791044
   0.243893  0.00493697  0.00791044     0.36875
IMAGINARY
          0 -0.00609697  -0.0048556   0.0267036
 0.00609697           0  0.00209221   0.0163646
  0.0048556 -0.00209221           0 -0.00285443
 -0.0267036  -0.0163646  0.00285443           0
EndNode1[0]<--->Repeater1[0]
REAL
   0.370518  0.00205891   0.0129172    0.262799
 0.00205891    0.126162 -0.00220075 -0.00169525
  0.0129172 -0.00220075    0.118194   0.0216319
   0.262799 -0.00169525   0.0216319    0.385126
IMAGINARY
          0 -0.00994695 -0.00981383  0.00386198
 0.00994695           0 -0.00642608  0.00481383
 0.00981383  0.00642608           0  0.00994695
-0.00386198 -0.00481383 -0.00994695           0
EndNode2[0]<--->HoM1[0]
REAL
   0.405542 -0.00298971  -0.0232032    0.244422
-0.00298971    0.102015   0.0137051   0.0290549
 -0.0232032   0.0137051    0.124685   0.0166438
   0.244422   0.0290549   0.0166438    0.367758
IMAGINARY
          0   -0.001265   0.0115169  0.00509605
   0.001265           0  0.00385536   0.0121637
 -0.0115169 -0.00385536           0 -0.00753067
-0.00509605  -0.0121637  0.00753067           0
Repeater1[0]<--->EndNode1[0]
REAL
   0.370518   0.0129172  0.00205891    0.262799
  0.0129172    0.118194 -0.00220075   0.0216319
 0.00205891 -0.00220075    0.126162 -0.00169525
   0.262799   0.0216319 -0.00169525    0.385126
IMAGINARY
          0 -0.00981383 -0.00994695  0.00386198
 0.00981383           0  0.00642608  0.00994695
 0.00994695 -0.00642608           0  0.00481383
-0.00386198 -0.00994695 -0.00481383           0
Repeater1[0]<--->HoM1[0]
REAL
   0.405542  -0.0232032 -0.00298971    0.244422
 -0.0232032    0.124685   0.0137051   0.0166438
-0.00298971   0.0137051    0.102015   0.0290549
   0.244422   0.0166438   0.0290549    0.367758
IMAGINARY
          0   0.0115169   -0.001265  0.00509605
 -0.0115169           0 -0.00385536 -0.00753067
   0.001265  0.00385536           0   0.0121637
-0.00509605  0.00753067  -0.0121637           0
EndNode1[0]<--->Repeater1[0]
REAL
   0.387366  -0.0153843   0.0164212    0.256518
 -0.0153843    0.131108 -0.00621494  -0.0291484
  0.0164212 -0.00621494    0.107271  0.00265698
   0.256518  -0.0291484  0.00265698    0.374255
IMAGINARY
          0 -0.00491299   -0.016379   -0.010946
 0.00491299           0  0.00624798 -0.00660242
   0.016379 -0.00624798           0 -0.00813049
   0.010946  0.00660242  0.00813049           0
EndNode2[0]<--->HoM1[0]
REAL
   0.356873   -0.014964  -0.0148944    0.241866
  -0.014964    0.129887 -0.00142893  0.00942992
 -0.0148944 -0.00142893    0.114754   0.0204285
   0.241866  0.00942992   0.0204285    0.398487
IMAGINARY
          0  -0.0322329 -0.00173326   0.0193375
  0.0322329           0 -0.00999755   0.0253603
 0.00173326  0.00999755           0      0.0201
 -0.0193375  -0.0253603     -0.0201           0
Repeater1[0]<--->EndNode1[0]
REAL
   0.387366   0.0164212  -0.0153843    0.256518
  0.0164212    0.107271 -0.00621494  0.00265698
 -0.0153843 -0.00621494    0.131108  -0.0291484
   0.256518  0.00265698  -0.0291484    0.374255
IMAGINARY
          0   -0.016379 -0.00491299   -0.010946
   0.016379           0 -0.00624798 -0.00813049
 0.00491299  0.00624798           0 -0.00660242
   0.010946  0.00813049  0.00660242           0
Repeater1[0]<--->HoM1[0]
REAL
   0.356873  -0.0148944   -0.014964    0.241866
 -0.0148944    0.114754 -0.00142893   0.0204285
  -0.014964 -0.00142893    0.129887  0.00942992
   0.241866   0.0204285  0.00942992    0.398487
IMAGINARY
          0 -0.00173326  -0.0322329   0.0193375
 0.00173326           0  0.00999755      0.0201
  0.0322329 -0.00999755           0   0.0253603
 -0.0193375     -0.0201  -0.0253603           0
EndNode1[0]<--->Repeater1[0]
REAL
   0.356041   0.0124938 -0.00544415    0.241609
  0.0124938    0.122108  -0.0252696 0.000868984
-0.00544415  -0.0252696    0.116967  -0.0157618
   0.241609 0.000868984  -0.0157618    0.404884
IMAGINARY
           0    0.0152042 -0.000284054    0.0120611
  -0.0152042            0    -0.003245    -0.010544
 0.000284054     0.003245            0    0.0198277
  -0.0120611     0.010544   -0.0198277            0
EndNode2[0]<--->HoM1[0]
REAL
    0.358247    -0.011816   0.00144107     0.243722
   -0.011816     0.127577 -0.000829799    0.0103018
  0.00144107 -0.000829799     0.118557    0.0161424
    0.243722    0.0103018    0.0161424     0.395619
IMAGINARY
          0  -0.0111499   0.0166604   0.0121176
  0.0111499           0  -0.0186621  -0.0154497
 -0.0166604   0.0186621           0 -0.00337791
 -0.0121176   0.0154497  0.00337791           0
Repeater1[0]<--->EndNode1[0]
REAL
   0.356041 -0.00544415   0.0124938    0.241609
-0.00544415    0.116967  -0.0252696  -0.0157618
  0.0124938  -0.0252696    0.122108 0.000868984
   0.241609  -0.0157618 0.000868984    0.404884
IMAGINARY
           0 -0.000284054    0.0152042    0.0120611
 0.000284054            0     0.003245    0.0198277
  -0.0152042    -0.003245            0    -0.010544
  -0.0120611   -0.0198277     0.010544            0
Repeater1[0]<--->HoM1[0]
REAL
    0.358247   0.00144107    -0.011816     0.243722
  0.00144107     0.118557 -0.000829799    0.0161424
   -0.011816 -0.000829799     0.127577    0.0103018
    0.243722    0.0161424    0.0103018     0.395619
IMAGINARY
          0   0.0166604  -0.0111499   0.0121176
 -0.0166604           0   0.0186621 -0.00337791
  0.0111499  -0.0186621           0  -0.0154497
 -0.0121176  0.00337791   0.0154497           0
EndNode1[0]<--->Repeater1[0]
REAL
   0.357236  -0.0287951  -0.0309063    0.252917
 -0.0287951    0.126467 -0.00682325 -0.00294789
 -0.0309063 -0.00682325    0.131682  -0.0376112
   0.252917 -0.00294789  -0.0376112    0.384615
IMAGINARY
           0  -0.00197303   0.00446053    0.0172376
  0.00197303            0  0.000864788   -0.0239411
 -0.00446053 -0.000864788            0  -0.00581918
  -0.0172376    0.0239411   0.00581918            0
EndNode2[0]<--->HoM1[0]
REAL
  0.382653 0.00878376 0.00183847   0.254582
0.00878376   0.126276 0.00522787  0.0249154
0.00183847 0.00522787   0.110969  0.0108357
  0.254582  0.0249154  0.0108357   0.380102
IMAGINARY
          0    0.010682  -0.0111268 -0.00981711
  -0.010682           0 -0.00398053  0.00725086
  0.0111268  0.00398053           0  0.00352987
 0.00981711 -0.00725086 -0.00352987           0
Repeater1[0]<--->EndNode1[0]
REAL
   0.357236  -0.0309063  -0.0287951    0.252917
 -0.0309063    0.131682 -0.00682325  -0.0376112
 -0.0287951 -0.00682325    0.126467 -0.00294789
   0.252917  -0.0376112 -0.00294789    0.384615
IMAGINARY
           0   0.00446053  -0.00197303    0.0172376
 -0.00446053            0 -0.000864788  -0.00581918
  0.00197303  0.000864788            0   -0.0239411
  -0.0172376   0.00581918    0.0239411            0
Repeater1[0]<--->HoM1[0]
REAL
  0.382653 0.00183847 0.00878376   0.254582
0.00183847   0.110969 0.00522787  0.0108357
0.00878376 0.00522787   0.126276  0.0249154
  0.254582  0.0108357  0.0249154   0.380102
IMAGINARY
          0  -0.0111268    0.010682 -0.00981711
  0.0111268           0  0.00398053  0.00352987
  -0.010682 -0.00398053           0  0.00725086
 0.00981711 -0.00352987 -0.00725086           0
EndNode1[0]<--->Repeater1[0]
REAL
   0.397919 -0.00654122  0.00972568    0.245069
-0.00654122    0.120936  -0.0120917 -0.00104745
 0.00972568  -0.0120917     0.10143  0.00720878
   0.245069 -0.00104745  0.00720878    0.379714
IMAGINARY
          0   0.0169511 -0.00146594  0.00565825
 -0.0169511           0 -0.00232047   0.0132966
 0.00146594  0.00232047           0  -0.0225551
-0.00565825  -0.0132966   0.0225551           0
EndNode2[0]<--->HoM1[0]
REAL
   0.363975 0.000463283  -0.0143662     0.25528
0.000463283    0.140373   0.0010974   0.0118152
 -0.0143662   0.0010974    0.136646 -0.00684083
    0.25528   0.0118152 -0.00684083    0.359006
IMAGINARY
          0  -0.0169911    0.018094 -0.00716474
  0.0169911           0  0.00782875 -0.00200649
  -0.018094 -0.00782875           0  0.00219054
 0.00716474  0.00200649 -0.00219054           0
Repeater1[0]<--->EndNode1[0]
REAL
   0.397919  0.00972568 -0.00654122    0.245069
 0.00972568     0.10143  -0.0120917  0.00720878
-0.00654122  -0.0120917    0.120936 -0.00104745
   0.245069  0.00720878 -0.00104745    0.379714
IMAGINARY
          0 -0.00146594   0.0169511  0.00565825
 0.00146594           0  0.00232047  -0.0225551
 -0.0169511 -0.00232047           0   0.0132966
-0.00565825   0.0225551  -0.0132966           0
Repeater1[0]<--->HoM1[0]
REAL
   0.363975  -0.0143662 0.000463283     0.25528
 -0.0143662    0.136646   0.0010974 -0.00684083
0.000463283   0.0010974    0.140373   0.0118152
    0.25528 -0.00684083   0.0118152    0.359006
IMAGINARY
          0    0.018094  -0.0169911 -0.00716474
  -0.018094           0 -0.00782875  0.00219054
  0.0169911  0.00782875           0 -0.00200649
 0.00716474 -0.00219054  0.00200649           0
EndNode1[0]<--->Repeater1[0]
REAL
    0.367666  0.000235534   -0.0194042     0.256577
 0.000235534     0.114733  -0.00748169 -0.000499337
  -0.0194042  -0.00748169     0.118644  -0.00325122
    0.256577 -0.000499337  -0.00325122     0.398957
IMAGINARY
          0  -0.0213928 -0.00255501 -0.00927857
  0.0213928           0  0.00409722  0.00744499
 0.00255501 -0.00409722           0   0.0128354
 0.00927857 -0.00744499  -0.0128354           0
EndNode2[0]<--->HoM1[0]
REAL
   0.389542  0.00805495  0.00669329    0.246972
 0.00805495    0.128105  0.00144771  -0.0073254
 0.00669329  0.00144771    0.113725 -0.00742284
   0.246972  -0.0073254 -0.00742284    0.368627
IMAGINARY
          0   0.0265454  -0.0159345  -0.0207762
 -0.0265454           0  0.00595136   0.0108194
  0.0159345 -0.00595136           0  -0.0124789
  0.0207762  -0.0108194   0.0124789           0
Repeater1[0]<--->EndNode1[0]
REAL
    0.367666   -0.0194042  0.000235534     0.256577
  -0.0194042     0.118644  -0.00748169  -0.00325122
 0.000235534  -0.00748169     0.114733 -0.000499337
    0.256577  -0.00325122 -0.000499337     0.398957
IMAGINARY
          0 -0.00255501  -0.0213928 -0.00927857
 0.00255501           0 -0.00409722   0.0128354
  0.0213928  0.00409722           0  0.00744499
 0.00927857  -0.0128354 -0.00744499           0
Repeater1[0]<--->HoM1[0]
REAL
   0.389542  0.00669329  0.00805495    0.246972
 0.00669329    0.113725  0.00144771 -0.00742284
 0.00805495  0.00144771    0.128105  -0.0073254
   0.246972 -0.00742284  -0.0073254    0.368627
IMAGINARY
          0  -0.0159345   0.0265454  -0.0207762
  0.0159345           0 -0.00595136  -0.0124789
 -0.0265454  0.00595136           0   0.0108194
  0.0207762   0.0124789  -0.0108194           0
EndNode1[0]<--->Repeater1[0]
REAL
   0.380165 -0.00522835  0.00355815    0.242111
-0.00522835    0.101928  0.00198355 -0.00749516
 0.00355815  0.00198355     0.11708 -0.00789501
   0.242111 -0.00749516 -0.00789501    0.400826
IMAGINARY
           0   -0.0121255   0.00691648  0.000808752
   0.0121255            0   0.00892361   -0.0190184
 -0.00691648  -0.00892361            0   0.00639302
