EndNode1[0]<--->Repeater1[0]
REAL
     0.31652   0.00131637  -0.00798986    0.0590261
  0.00131637      0.21942    0.0226985 -0.000375648
 -0.00798986    0.0226985     0.210593  -0.00324687
   0.0590261 -0.000375648  -0.00324687     0.253468
IMAGINARY
          0   0.0216854  0.00506214  0.00930598
 -0.0216854           0  -0.0105913  -0.0189327
-0.00506214   0.0105913           0   0.0014322
-0.00930598   0.0189327  -0.0014322           0
EndNode2[0]<--->HoM1[0]
REAL
   0.309493  0.00534368 -0.00348063   0.0729801
 0.00534368    0.231469   0.0275256 -0.00220837
-0.00348063   0.0275256    0.204161  0.00666643
  0.0729801 -0.00220837  0.00666643    0.254876
IMAGINARY
          0 -0.00497893   0.0117753 -0.00242075
 0.00497893           0 -0.00891426   0.0154974
 -0.0117753  0.00891426           0  -0.0326834
 0.00242075  -0.0154974   0.0326834           0
Repeater1[0]<--->EndNode1[0]
REAL
     0.31652  -0.00798986   0.00131637    0.0590261
 -0.00798986     0.210593    0.0226985  -0.00324687
  0.00131637    0.0226985      0.21942 -0.000375648
   0.0590261  -0.00324687 -0.000375648     0.253468
IMAGINARY
          0  0.00506214   0.0216854  0.00930598
-0.00506214           0   0.0105913   0.0014322
 -0.0216854  -0.0105913           0  -0.0189327
-0.00930598  -0.0014322   0.0189327           0
Repeater1[0]<--->HoM1[0]
REAL
   0.309493 -0.00348063  0.00534368   0.0729801
-0.00348063    0.204161   0.0275256  0.00666643
 0.00534368   0.0275256    0.231469 -0.00220837
  0.0729801  0.00666643 -0.00220837    0.254876
IMAGINARY
          0   0.0117753 -0.00497893 -0.00242075
 -0.0117753           0  0.00891426  -0.0326834
 0.00497893 -0.00891426           0   0.0154974
 0.00242075   0.0326834  -0.0154974           0
EndNode1[0]<--->Repeater1[0]
REAL
   0.330073 -0.00248699  -0.0141405    0.049355
-0.00248699    0.194377   0.0165365 -0.00911534
 -0.0141405   0.0165365    0.210269 -0.00784892
   0.049355 -0.00911534 -0.00784892    0.265281
IMAGINARY
          0  0.00356843  -0.0306212    0.011606
-0.00356843           0    0.011606 -0.00219738
  0.0306212   -0.011606           0 -0.00549893
  -0.011606  0.00219738  0.00549893           0
EndNode2[0]<--->HoM1[0]
REAL
   0.320809   0.0210646  0.00676799   0.0967311
  0.0210646    0.216763   0.0288787 0.000549084
 0.00676799   0.0288787    0.208092   0.0118622
  0.0967311 0.000549084   0.0118622    0.254335
IMAGINARY
          0   0.0191622  0.00615483   0.0144527
 -0.0191622           0   0.0257027  0.00109154
-0.00615483  -0.0257027           0  -0.0343137
 -0.0144527 -0.00109154   0.0343137           0
Repeater1[0]<--->EndNode1[0]
REAL
   0.330073  -0.0141405 -0.00248699    0.049355
 -0.0141405    0.210269   0.0165365 -0.00784892
-0.00248699   0.0165365    0.194377 -0.00911534
   0.049355 -0.00784892 -0.00911534    0.265281
IMAGINARY
          0  -0.0306212  0.00356843    0.011606
  0.0306212           0   -0.011606 -0.00549893
-0.00356843    0.011606           0 -0.00219738
  -0.011606  0.00549893  0.00219738           0
Repeater1[0]<--->HoM1[0]
REAL
   0.320809  0.00676799   0.0210646   0.0967311
 0.00676799    0.208092   0.0288787   0.0118622
  0.0210646   0.0288787    0.216763 0.000549084
  0.0967311   0.0118622 0.000549084    0.254335
IMAGINARY
          0  0.00615483   0.0191622   0.0144527
-0.00615483           0  -0.0257027  -0.0343137
 -0.0191622   0.0257027           0  0.00109154
 -0.0144527   0.0343137 -0.00109154           0
EndNode1[0]<--->Repeater1[0]
REAL
  0.332905 0.00507316  0.0107522  0.0704931
0.00507316   0.186375   0.029256 0.00744098
 0.0107522   0.029256   0.206941  0.0168842
 0.0704931 0.00744098  0.0168842   0.273779
IMAGINARY
           0   0.00560834    -0.021014   -0.0328325
 -0.00560834            0 -0.000676087     0.013282
    0.021014  0.000676087            0    0.0330514
   0.0328325    -0.013282   -0.0330514            0
EndNode2[0]<--->HoM1[0]
REAL
   0.328244  0.00625823 -0.00805337   0.0568403
 0.00625823    0.206107   0.0109346   0.0208411
-0.00805337   0.0109346    0.194656 -0.00625823
  0.0568403   0.0208411 -0.00625823    0.270992
IMAGINARY
          0 -0.00997473   0.0283892   -0.030675
 0.00997473           0  -0.0161364 -0.00977876
 -0.0283892   0.0161364           0  -0.0185613
   0.030675  0.00977876   0.0185613           0
Repeater1[0]<--->EndNode1[0]
REAL
  0.332905  0.0107522 0.00507316  0.0704931
 0.0107522   0.206941   0.029256  0.0168842
0.00507316   0.029256   0.186375 0.00744098
 0.0704931  0.0168842 0.00744098   0.273779
IMAGINARY
           0    -0.021014   0.00560834   -0.0328325
    0.021014            0  0.000676087    0.0330514
 -0.00560834 -0.000676087            0     0.013282
   0.0328325   -0.0330514    -0.013282            0
Repeater1[0]<--->HoM1[0]
REAL
   0.328244 -0.00805337  0.00625823   0.0568403
-0.00805337    0.194656   0.0109346 -0.00625823
 0.00625823   0.0109346    0.206107   0.0208411
  0.0568403 -0.00625823   0.0208411    0.270992
IMAGINARY
          0   0.0283892 -0.00997473   -0.030675
 -0.0283892           0   0.0161364  -0.0185613
 0.00997473  -0.0161364           0 -0.00977876
   0.030675   0.0185613  0.00977876           0
EndNode1[0]<--->Repeater1[0]
REAL
   0.332902 -0.00902013  -0.0027637   0.0538071
-0.00902013    0.216321   0.0203864  -0.0185266
 -0.0027637   0.0203864    0.196891   0.0135363
  0.0538071  -0.0185266   0.0135363    0.253886
IMAGINARY
          0   0.0271265  -0.0254505 -0.00210771
 -0.0271265           0  -0.0135581  -0.0119021
  0.0254505   0.0135581           0   0.0154685
 0.00210771   0.0119021  -0.0154685           0
EndNode2[0]<--->HoM1[0]
REAL
    0.350832   0.00249107 -0.000537036    0.0851131
  0.00249107     0.213828    0.0430078   0.00776437
-0.000537036    0.0430078     0.197183  -0.00446216
   0.0851131   0.00776437  -0.00446216     0.238156
IMAGINARY
          0  0.00972365  0.00655805 -0.00237249
-0.00972365           0   0.0115348   -0.013137
-0.00655805  -0.0115348           0   0.0231711
 0.00237249    0.013137  -0.0231711           0
Repeater1[0]<--->EndNode1[0]
REAL
   0.332902  -0.0027637 -0.00902013   0.0538071
 -0.0027637    0.196891   0.0203864   0.0135363
-0.00902013   0.0203864    0.216321  -0.0185266
  0.0538071   0.0135363  -0.0185266    0.253886
IMAGINARY
          0  -0.0254505   0.0271265 -0.00210771
  0.0254505           0   0.0135581   0.0154685
 -0.0271265  -0.0135581           0  -0.0119021
 0.00210771  -0.0154685   0.0119021           0
Repeater1[0]<--->HoM1[0]
REAL
    0.350832 -0.000537036   0.00249107    0.0851131
-0.000537036     0.197183    0.0430078  -0.00446216
  0.00249107    0.0430078     0.213828   0.00776437
   0.0851131  -0.00446216   0.00776437     0.238156
IMAGINARY
          0  0.00655805  0.00972365 -0.00237249
-0.00655805           0  -0.0115348   0.0231711
-0.00972365   0.0115348           0   -0.013137
 0.00237249  -0.0231711    0.013137           0
EndNode1[0]<--->Repeater1[0]
REAL
    0.32341 -0.00149604  -0.0136703   0.0683339
-0.00149604    0.235453   0.0186484 -0.00467288
 -0.0136703   0.0186484    0.189445    -0.01093
  0.0683339 -0.00467288    -0.01093    0.251691
IMAGINARY
          0    0.004141    0.019869  0.00732784
  -0.004141           0  0.00858728 -0.00288785
  -0.019869 -0.00858728           0 -0.00351207
-0.00732784  0.00288785  0.00351207           0
EndNode2[0]<--->HoM1[0]
REAL
   0.330544 -0.00180535 -0.00370902   0.0883486
-0.00180535      0.2106   0.0339581   0.0208193
-0.00370902   0.0339581    0.213389   0.0214505
  0.0883486   0.0208193   0.0214505    0.245467
IMAGINARY
          0  0.00808597   0.0104302  -0.0120931
-0.00808597           0 -0.00432106 -0.00453241
 -0.0104302  0.00432106           0  -0.0270899
  0.0120931  0.00453241   0.0270899           0
Repeater1[0]<--->EndNode1[0]
REAL
    0.32341  -0.0136703 -0.00149604   0.0683339
 -0.0136703    0.189445   0.0186484    -0.01093
-0.00149604   0.0186484    0.235453 -0.00467288
  0.0683339    -0.01093 -0.00467288    0.251691
IMAGINARY
          0    0.019869    0.004141  0.00732784
  -0.019869           0 -0.00858728 -0.00351207
  -0.004141  0.00858728           0 -0.00288785
-0.00732784  0.00351207  0.00288785           0
Repeater1[0]<--->HoM1[0]
REAL
   0.330544 -0.00370902 -0.00180535   0.0883486
-0.00370902    0.213389   0.0339581   0.0214505
-0.00180535   0.0339581      0.2106   0.0208193
  0.0883486   0.0214505   0.0208193    0.245467
IMAGINARY
          0   0.0104302  0.00808597  -0.0120931
 -0.0104302           0  0.00432106  -0.0270899
-0.00808597 -0.00432106           0 -0.00453241
  0.0120931   0.0270899  0.00453241           0
EndNode1[0]<--->Repeater1[0]
REAL
    0.32166  -0.0035441  0.00497186    0.083649
 -0.0035441    0.228275   0.0160814  -0.0157535
 0.00497186   0.0160814    0.197147 -0.00049903
   0.083649  -0.0157535 -0.00049903    0.252918
IMAGINARY
          0  -0.0141248  0.00427072  -0.0109799
  0.0141248           0 -0.00156962 -0.00362722
-0.00427072  0.00156962           0 -0.00196268
  0.0109799  0.00362722  0.00196268           0
EndNode2[0]<--->HoM1[0]
REAL
    0.33583 -0.00684294 -0.00921104   0.0785293
-0.00684294    0.212235   0.0362666 -0.00481957
-0.00921104   0.0362666     0.19975   0.0259756
  0.0785293 -0.00481957   0.0259756    0.252185
IMAGINARY
           0  -0.00325268   -0.0011765  0.000212254
  0.00325268            0   -0.0133013   0.00442748
   0.0011765    0.0133013            0  -0.00259908
-0.000212254  -0.00442748   0.00259908            0
Repeater1[0]<--->EndNode1[0]
REAL
    0.32166  0.00497186  -0.0035441    0.083649
 0.00497186    0.197147   0.0160814 -0.00049903
 -0.0035441   0.0160814    0.228275  -0.0157535
   0.083649 -0.00049903  -0.0157535    0.252918
IMAGINARY
          0  0.00427072  -0.0141248  -0.0109799
-0.00427072           0  0.00156962 -0.00196268
  0.0141248 -0.00156962           0 -0.00362722
  0.0109799  0.00196268  0.00362722           0
Repeater1[0]<--->HoM1[0]
REAL
    0.33583 -0.00921104 -0.00684294   0.0785293
-0.00921104     0.19975   0.0362666   0.0259756
-0.00684294   0.0362666    0.212235 -0.00481957
  0.0785293   0.0259756 -0.00481957    0.252185
IMAGINARY
           0   -0.0011765  -0.00325268  0.000212254
   0.0011765            0    0.0133013  -0.00259908
  0.00325268   -0.0133013            0   0.00442748
-0.000212254   0.00259908  -0.00442748            0
EndNode1[0]<--->Repeater1[0]
REAL
    0.31195  -0.0012775   0.0128082   0.0724669
 -0.0012775    0.220126   0.0331859 -0.00675169
  0.0128082   0.0331859    0.225157 0.000604555
  0.0724669 -0.00675169 0.000604555    0.242767
IMAGINARY
          0 -0.00364705  0.00432046 -0.00469867
 0.00364705           0    0.011514   0.0149871
-0.00432046   -0.011514           0 -0.00234496
 0.00469867  -0.0149871  0.00234496           0
EndNode2[0]<--->HoM1[0]
REAL
  0.319838 0.00728136 0.00381218  0.0822275
0.00728136   0.205128  0.0144855 0.00314104
0.00381218  0.0144855   0.194332  -0.016763
 0.0822275 0.00314104  -0.016763   0.280702
IMAGINARY
          0  0.00256584  -0.0160694 -0.00354024
-0.00256584           0  -0.0114143 -0.00393064
  0.0160694   0.0114143           0  0.00324061
 0.00354024  0.00393064 -0.00324061           0
Repeater1[0]<--->EndNode1[0]
REAL
    0.31195   0.0128082  -0.0012775   0.0724669
  0.0128082    0.225157   0.0331859 0.000604555
 -0.0012775   0.0331859    0.220126 -0.00675169
  0.0724669 0.000604555 -0.00675169    0.242767
IMAGINARY
          0  0.00432046 -0.00364705 -0.00469867
-0.00432046           0   -0.011514 -0.00234496
 0.00364705    0.011514           0   0.0149871
 0.00469867  0.00234496  -0.0149871           0
Repeater1[0]<--->HoM1[0]
REAL
  0.319838 0.00381218 0.00728136  0.0822275
0.00381218   0.194332  0.0144855  -0.016763
0.00728136  0.0144855   0.205128 0.00314104
 0.0822275  -0.016763 0.00314104   0.280702
IMAGINARY
          0  -0.0160694  0.00256584 -0.00354024
  0.0160694           0   0.0114143  0.00324061
-0.00256584  -0.0114143           0 -0.00393064
 0.00354024 -0.00324061  0.00393064           0
EndNode1[0]<--->Repeater1[0]
REAL
  0.322055 -0.0059323 -0.0112331  0.0381256
-0.0059323   0.199248  0.0115433 -0.0106212
-0.0112331  0.0115433   0.229323  0.0158661
 0.0381256 -0.0106212  0.0158661   0.249373
IMAGINARY
          0 -0.00410528    0.010141    0.010457
 0.00410528           0  -0.0143837 -0.00128028
  -0.010141   0.0143837           0 -0.00475548
  -0.010457  0.00128028  0.00475548           0
EndNode2[0]<--->HoM1[0]
REAL
   0.301691 -0.00483617   0.0128594   0.0980549
-0.00483617    0.208062   0.0256951  0.00214061
  0.0128594   0.0256951     0.20026  0.00608617
  0.0980549  0.00214061  0.00608617    0.289987
IMAGINARY
          0  -0.0151093   -0.012144  0.00501253
  0.0151093           0  0.00501253  0.00627702
   0.012144 -0.00501253           0 -0.00770687
-0.00501253 -0.00627702  0.00770687           0
Repeater1[0]<--->EndNode1[0]
REAL
  0.322055 -0.0112331 -0.0059323  0.0381256
-0.0112331   0.229323  0.0115433  0.0158661
-0.0059323  0.0115433   0.199248 -0.0106212
 0.0381256  0.0158661 -0.0106212   0.249373
IMAGINARY
          0    0.010141 -0.00410528    0.010457
  -0.010141           0   0.0143837 -0.00475548
 0.00410528  -0.0143837           0 -0.00128028
  -0.010457  0.00475548  0.00128028           0
Repeater1[0]<--->HoM1[0]
REAL
   0.301691   0.0128594 -0.00483617   0.0980549
  0.0128594     0.20026   0.0256951  0.00608617
-0.00483617   0.0256951    0.208062  0.00214061
  0.0980549  0.00608617  0.00214061    0.289987
IMAGINARY
          0   -0.012144  -0.0151093  0.00501253
   0.012144           0 -0.00501253 -0.00770687
  0.0151093  0.00501253           0  0.00627702
-0.00501253  0.00770687 -0.00627702           0
EndNode1[0]<--->Repeater1[0]
REAL
    0.32868   0.0188073   0.0128179    0.050764
  0.0188073    0.224619   0.0156077  -0.0071289
  0.0128179   0.0156077    0.219543 -0.00932566
   0.050764  -0.0071289 -0.00932566    0.227157
IMAGINARY
           0  -0.00316922   0.00718526  -0.00497761
  0.00316922            0 -0.000966911   -0.0110915
 -0.00718526  0.000966911            0    0.0109817
  0.00497761    0.0110915   -0.0109817            0
EndNode2[0]<--->HoM1[0]
REAL
   0.293173  0.00402389  -0.0344294   0.0684015
 0.00402389     0.21419   0.0350682   0.0214182
 -0.0344294   0.0350682    0.208835 -0.00960009
  0.0684015   0.0214182 -0.00960009    0.283802
IMAGINARY
          0  0.00686894 -0.00819288   0.0056265
-0.00686894           0  0.00695628 -0.00211015
 0.00819288 -0.00695628           0 -0.00505076
 -0.0056265  0.00211015  0.00505076           0
Repeater1[0]<--->EndNode1[0]
REAL
    0.32868   0.0128179   0.0188073    0.050764
  0.0128179    0.219543   0.0156077 -0.00932566
  0.0188073   0.0156077    0.224619  -0.0071289
   0.050764 -0.00932566  -0.0071289    0.227157
IMAGINARY
           0   0.00718526  -0.00316922  -0.00497761
 -0.00718526            0  0.000966911    0.0109817
  0.00316922 -0.000966911            0   -0.0110915
  0.00497761   -0.0109817    0.0110915            0
Repeater1[0]<--->HoM1[0]
REAL
   0.293173  -0.0344294  0.00402389   0.0684015
 -0.0344294    0.208835   0.0350682 -0.00960009
 0.00402389   0.0350682     0.21419   0.0214182
  0.0684015 -0.00960009   0.0214182    0.283802
IMAGINARY
          0 -0.00819288  0.00686894   0.0056265
 0.00819288           0 -0.00695628 -0.00505076
-0.00686894  0.00695628           0 -0.00211015
 -0.0056265  0.00505076  0.00211015           0
EndNode1[0]<--->Repeater1[0]
REAL
   0.317104 -0.00396024   0.0180472   0.0663088
-0.00396024    0.202247   0.0138154  -0.0112149
  0.0180472   0.0138154    0.200999 -0.00659876
  0.0663088  -0.0112149 -0.00659876     0.27965
IMAGINARY
          0  0.00942573   0.0194283  -0.0155931
-0.00942573           0   0.0100986  -0.0168036
 -0.0194283  -0.0100986           0 -0.00286405
  0.0155931   0.0168036  0.00286405           0
EndNode2[0]<--->HoM1[0]
REAL
    0.31565   0.0119715  0.00549629   0.0904009
  0.0119715    0.212202   0.0195101 -0.00613162
 0.00549629   0.0195101    0.201592  -0.0037123
  0.0904009 -0.00613162  -0.0037123    0.270557
IMAGINARY
          0   0.0152826  0.00315412  0.00270979
 -0.0152826           0  -0.0260258   0.0162938
-0.00315412   0.0260258           0  -0.0246928
-0.00270979  -0.0162938   0.0246928           0
Repeater1[0]<--->EndNode1[0]
REAL
   0.317104   0.0180472 -0.00396024   0.0663088
  0.0180472    0.200999   0.0138154 -0.00659876
-0.00396024   0.0138154    0.202247  -0.0112149
  0.0663088 -0.00659876  -0.0112149     0.27965
IMAGINARY
          0   0.0194283  0.00942573  -0.0155931
 -0.0194283           0  -0.0100986 -0.00286405
-0.00942573   0.0100986           0  -0.0168036
  0.0155931  0.00286405   0.0168036           0
Repeater1[0]<--->HoM1[0]
REAL
    0.31565  0.00549629   0.0119715   0.0904009
 0.00549629    0.201592   0.0195101  -0.0037123
  0.0119715   0.0195101    0.212202 -0.00613162
  0.0904009  -0.0037123 -0.00613162    0.270557
IMAGINARY
          0  0.00315412   0.0152826  0.00270979
-0.00315412           0   0.0260258  -0.0246928
 -0.0152826  -0.0260258           0   0.0162938
-0.00270979   0.0246928  -0.0162938           0
EndNode1[0]<--->Repeater1[0]
REAL
   0.312263 -0.00802666 -0.00814383   0.0613898
-0.00802666    0.217446   0.0169736  0.00883731
-0.00814383   0.0169736    0.209861  0.00317229
  0.0613898  0.00883731  0.00317229     0.26043
IMAGINARY
          0  -0.0160395  -0.0102996    0.010453
  0.0160395           0   0.0162745   0.0102996
  0.0102996  -0.0162745           0 -0.00299603
  -0.010453  -0.0102996  0.00299603           0
EndNode2[0]<--->HoM1[0]
REAL
   0.302872 -0.00575896   -0.018074   0.0572488
-0.00575896    0.227154    0.032147 -0.00227124
  -0.018074    0.032147    0.204961  -0.0108872
  0.0572488 -0.00227124  -0.0108872    0.265013
IMAGINARY
          0 -0.00779477  -0.0205896  -0.0216535
 0.00779477           0  -0.0190289  0.00498582
  0.0205896   0.0190289           0  -0.0145933
  0.0216535 -0.00498582   0.0145933           0
Repeater1[0]<--->EndNode1[0]
REAL
   0.312263 -0.00814383 -0.00802666   0.0613898
-0.00814383    0.209861   0.0169736  0.00317229
-0.00802666   0.0169736    0.217446  0.00883731
  0.0613898  0.00317229  0.00883731     0.26043
IMAGINARY
          0  -0.0102996  -0.0160395    0.010453
  0.0102996           0  -0.0162745 -0.00299603
  0.0160395   0.0162745           0   0.0102996
  -0.010453  0.00299603  -0.0102996           0
Repeater1[0]<--->HoM1[0]
REAL
   0.302872   -0.018074 -0.00575896   0.0572488
  -0.018074    0.204961    0.032147  -0.0108872
-0.00575896    0.032147    0.227154 -0.00227124
  0.0572488  -0.0108872 -0.00227124    0.265013
IMAGINARY
          0  -0.0205896 -0.00779477  -0.0216535
  0.0205896           0   0.0190289  -0.0145933
 0.00779477  -0.0190289           0  0.00498582
  0.0216535   0.0145933 -0.00498582           0
EndNode1[0]<--->Repeater1[0]
REAL
   0.30821 -0.0190098 -0.0180608  0.0525103
-0.0190098   0.228802  0.0178319 -0.0180608
-0.0180608  0.0178319   0.224764 -0.0183793
 0.0525103 -0.0180608 -0.0183793   0.238223
IMAGINARY
          0 -0.00759471  0.00917619  -0.0114679
 0.00759471           0  -0.0146365   0.0015426
-0.00917619   0.0146365           0  0.00570316
  0.0114679  -0.0015426 -0.00570316           0
EndNode2[0]<--->HoM1[0]
REAL
  0.323338  0.0074813  0.0243461  0.0821654
 0.0074813   0.200782  0.0481604 -0.0080554
 0.0243461  0.0481604   0.198175 -0.0074813
 0.0821654 -0.0080554 -0.0074813   0.277705
IMAGINARY
          0  -0.0149252 -0.00380306   0.0140811
  0.0149252           0   0.0291945 -0.00249416
 0.00380306  -0.0291945           0  0.00862797
 -0.0140811  0.00249416 -0.00862797           0
Repeater1[0]<--->EndNode1[0]
REAL
   0.30821 -0.0180608 -0.0190098  0.0525103
-0.0180608   0.224764  0.0178319 -0.0183793
-0.0190098  0.0178319   0.228802 -0.0180608
 0.0525103 -0.0183793 -0.0180608   0.238223
IMAGINARY
          0  0.00917619 -0.00759471  -0.0114679
-0.00917619           0   0.0146365  0.00570316
 0.00759471  -0.0146365           0   0.0015426
  0.0114679 -0.00570316  -0.0015426           0
Repeater1[0]<--->HoM1[0]
REAL
  0.323338  0.0243461  0.0074813  0.0821654
 0.0243461   0.198175  0.0481604 -0.0074813
 0.0074813  0.0481604   0.200782 -0.0080554
 0.0821654 -0.0074813 -0.0080554   0.277705
IMAGINARY
          0 -0.00380306  -0.0149252   0.0140811
 0.00380306           0  -0.0291945  0.00862797
  0.0149252   0.0291945           0 -0.00249416
 -0.0140811 -0.00862797  0.00249416           0
EndNode1[0]<--->Repeater1[0]
REAL
   0.305195 -0.00547236 -0.00134602   0.0956236
-0.00547236    0.203896   0.0345847  0.00785644
-0.00134602   0.0345847    0.225974  -0.0140589
  0.0956236  0.00785644  -0.0140589    0.264935
IMAGINARY
          0   0.0283377 -0.00980743   0.0161559
 -0.0283377           0   0.0142451  -0.0122705
 0.00980743  -0.0142451           0 -0.00366234
 -0.0161559   0.0122705  0.00366234           0
EndNode2[0]<--->HoM1[0]
REAL
    0.335784 -0.000190765   -0.0108467    0.0922308
-0.000190765      0.20098    0.0464141   -0.0023277
  -0.0108467    0.0464141      0.20098   -0.0255307
   0.0922308   -0.0023277   -0.0255307     0.262255
IMAGINARY
          0  0.00334833  0.00302042  0.00642962
-0.00334833           0 -0.00508553  0.00162766
-0.00302042  0.00508553           0  0.00528381
-0.00642962 -0.00162766 -0.00528381           0
Repeater1[0]<--->EndNode1[0]
REAL
   0.305195 -0.00134602 -0.00547236   0.0956236
-0.00134602    0.225974   0.0345847  -0.0140589
-0.00547236   0.0345847    0.203896  0.00785644
  0.0956236  -0.0140589  0.00785644    0.264935
IMAGINARY
          0 -0.00980743   0.0283377   0.0161559
 0.00980743           0  -0.0142451 -0.00366234
 -0.0283377   0.0142451           0  -0.0122705
 -0.0161559  0.00366234   0.0122705           0
Repeater1[0]<--->HoM1[0]
REAL
    0.335784   -0.0108467 -0.000190765    0.0922308
  -0.0108467      0.20098    0.0464141   -0.0255307
-0.000190765    0.0464141      0.20098   -0.0023277
   0.0922308   -0.0255307   -0.0023277     0.262255
IMAGINARY
          0  0.00302042  0.00334833  0.00642962
-0.00302042           0  0.00508553  0.00528381
-0.00334833 -0.00508553           0  0.00162766
-0.00642962 -0.00528381 -0.00162766           0
EndNode1[0]<--->Repeater1[0]
REAL
   0.346106  -0.0150732 -0.00101758   0.0776548
 -0.0150732    0.184178   0.0373322 -0.00544236
-0.00101758   0.0373322    0.190358  0.00344531
  0.0776548 -0.00544236  0.00344531    0.279357
IMAGINARY
          0  0.00378257  0.00458843  -0.0136233
-0.00378257           0  -0.0160924  -0.0126529
-0.00458843   0.0160924           0   0.0123465
  0.0136233   0.0126529  -0.0123465           0
EndNode2[0]<--->HoM1[0]
REAL
   0.328021 -0.00577584  0.00966495   0.0826901
-0.00577584    0.208499    0.026846  0.00966495
 0.00966495    0.026846    0.196547  0.00319852
  0.0826901  0.00966495  0.00319852    0.266932
IMAGINARY
          0  -0.0122402   0.0155676  -0.0036183
  0.0122402           0   0.0255695  0.00910769
 -0.0155676  -0.0255695           0  0.00834411
  0.0036183 -0.00910769 -0.00834411           0
Repeater1[0]<--->EndNode1[0]
REAL
   0.346106 -0.00101758  -0.0150732   0.0776548
-0.00101758    0.190358   0.0373322  0.00344531
 -0.0150732   0.0373322    0.184178 -0.00544236
  0.0776548  0.00344531 -0.00544236    0.279357
IMAGINARY
          0  0.00458843  0.00378257  -0.0136233
-0.00458843           0   0.0160924   0.0123465
-0.00378257  -0.0160924           0  -0.0126529
  0.0136233  -0.0123465   0.0126529           0
Repeater1[0]<--->HoM1[0]
REAL
   0.328021  0.00966495 -0.00577584   0.0826901
 0.00966495    0.196547    0.026846  0.00319852
-0.00577584    0.026846    0.208499  0.00966495
  0.0826901  0.00319852  0.00966495    0.266932
IMAGINARY
          0   0.0155676  -0.0122402  -0.0036183
 -0.0155676           0  -0.0255695  0.00834411
  0.0122402   0.0255695           0  0.00910769
  0.0036183 -0.00834411 -0.00910769           0
EndNode1[0]<--->Repeater1[0]
REAL
   0.300395  0.00296607 -0.00739478   0.0549106
 0.00296607    0.183136   0.0233121   0.0130268
-0.00739478   0.0233121    0.200264  -0.0161075
  0.0549106   0.0130268  -0.0161075    0.316206
IMAGINARY
          0   0.0120711   0.0122962 -0.00983559
 -0.0120711           0  -0.0110521    0.016824
 -0.0122962   0.0110521           0 -0.00649487
 0.00983559   -0.016824  0.00649487           0
EndNode2[0]<--->HoM1[0]
REAL
    0.32513  -0.0112106 -0.00989062     0.11195
 -0.0112106    0.205959   0.0178774 -0.00675386
-0.00989062   0.0178774    0.199482 -0.00543392
    0.11195 -0.00675386 -0.00543392     0.26943
IMAGINARY
          0  0.00478939  0.00315347  0.00174114
-0.00478939           0   0.0135718  0.00844447
-0.00315347  -0.0135718           0   0.0287158
-0.00174114 -0.00844447  -0.0287158           0
Repeater1[0]<--->EndNode1[0]
REAL
   0.300395 -0.00739478  0.00296607   0.0549106
-0.00739478    0.200264   0.0233121  -0.0161075
 0.00296607   0.0233121    0.183136   0.0130268
  0.0549106  -0.0161075   0.0130268    0.316206
IMAGINARY
          0   0.0122962   0.0120711 -0.00983559
 -0.0122962           0   0.0110521 -0.00649487
 -0.0120711  -0.0110521           0    0.016824
 0.00983559  0.00649487   -0.016824           0
Repeater1[0]<--->HoM1[0]
REAL
    0.32513 -0.00989062  -0.0112106     0.11195
-0.00989062    0.199482   0.0178774 -0.00543392
 -0.0112106   0.0178774    0.205959 -0.00675386
    0.11195 -0.00543392 -0.00675386     0.26943
IMAGINARY
          0  0.00315347  0.00478939  0.00174114
-0.00315347           0  -0.0135718   0.0287158
-0.00478939   0.0135718           0  0.00844447
-0.00174114  -0.0287158 -0.00844447           0
EndNode1[0]<--->Repeater1[0]
REAL
   0.330827 -0.00167821   0.0074474    0.102264
-0.00167821    0.211779   0.0205647  -0.0062067
  0.0074474   0.0205647    0.204261   0.0054003
   0.102264  -0.0062067   0.0054003    0.253133
IMAGINARY
          0   0.0231312 -0.00938263   0.0016296
 -0.0231312           0  0.00404506 -0.00303567
 0.00938263 -0.00404506           0  -0.0159417
 -0.0016296  0.00303567   0.0159417           0
EndNode2[0]<--->HoM1[0]
REAL
    0.301266   0.00202578 -0.000285324    0.0728459
  0.00202578     0.218987    0.0349973    -0.018097
-0.000285324    0.0349973     0.244304  -0.00325127
   0.0728459    -0.018097  -0.00325127     0.235443
IMAGINARY
          0 -0.00540062  0.00191975 -0.00324507
 0.00540062           0 -0.00194973  -0.0145359
-0.00191975  0.00194973           0  -0.0165117
 0.00324507   0.0145359   0.0165117           0
Repeater1[0]<--->EndNode1[0]
REAL
   0.330827   0.0074474 -0.00167821    0.102264
  0.0074474    0.204261   0.0205647   0.0054003
-0.00167821   0.0205647    0.211779  -0.0062067
   0.102264   0.0054003  -0.0062067    0.253133
IMAGINARY
          0 -0.00938263   0.0231312   0.0016296
 0.00938263           0 -0.00404506  -0.0159417
 -0.0231312  0.00404506           0 -0.00303567
 -0.0016296   0.0159417  0.00303567           0
Repeater1[0]<--->HoM1[0]
REAL
    0.301266 -0.000285324   0.00202578    0.0728459
-0.000285324     0.244304    0.0349973  -0.00325127
  0.00202578    0.0349973     0.218987    -0.018097
   0.0728459  -0.00325127    -0.018097     0.235443
IMAGINARY
          0  0.00191975 -0.00540062 -0.00324507
-0.00191975           0  0.00194973  -0.0165117
 0.00540062 -0.00194973           0  -0.0145359
 0.00324507   0.0165117   0.0145359           0
EndNode1[0]<--->Repeater1[0]
REAL
   0.348387  -0.0177553 -0.00792071   0.0942236
 -0.0177553    0.163871    0.029064  -0.0167368
-0.00792071    0.029064    0.209032 -0.00279268
  0.0942236  -0.0167368 -0.00279268     0.27871
IMAGINARY
          0 -0.00100127 -0.00055694  -0.0167651
 0.00100127           0 -0.00513724   -0.006092
 0.00055694  0.00513724           0  -0.0016583
  0.0167651    0.006092   0.0016583           0
EndNode2[0]<--->HoM1[0]
REAL
    0.309554    0.0209585    0.0233264    0.0814142
   0.0209585     0.205096   0.00881141 -0.000769997
   0.0233264   0.00881141     0.208917  -0.00968033
   0.0814142 -0.000769997  -0.00968033     0.276433
IMAGINARY
          0  -0.0117316   0.0159135    -0.00694
  0.0117316           0  -0.0155039  0.00189476
 -0.0159135   0.0155039           0  -0.0142957
    0.00694 -0.00189476   0.0142957           0
Repeater1[0]<--->EndNode1[0]
REAL
   0.348387 -0.00792071  -0.0177553   0.0942236
-0.00792071    0.209032    0.029064 -0.00279268
 -0.0177553    0.029064    0.163871  -0.0167368
  0.0942236 -0.00279268  -0.0167368     0.27871
IMAGINARY
          0 -0.00055694 -0.00100127  -0.0167651
 0.00055694           0  0.00513724  -0.0016583
 0.00100127 -0.00513724           0   -0.006092
  0.0167651   0.0016583    0.006092           0
Repeater1[0]<--->HoM1[0]
REAL
    0.309554    0.0233264    0.0209585    0.0814142
   0.0233264     0.208917   0.00881141  -0.00968033
   0.0209585   0.00881141     0.205096 -0.000769997
   0.0814142  -0.00968033 -0.000769997     0.276433
IMAGINARY
          0   0.0159135  -0.0117316    -0.00694
 -0.0159135           0   0.0155039  -0.0142957
  0.0117316  -0.0155039           0  0.00189476
    0.00694   0.0142957 -0.00189476           0
EndNode1[0]<--->Repeater1[0]
REAL
   0.341722 -0.00267857  0.00676995   0.0665853
-0.00267857    0.193377   0.0303534  0.00215862
 0.00676995   0.0303534    0.211921    -0.00625
  0.0665853  0.00215862    -0.00625     0.25298
IMAGINARY
          0   0.0160573    0.010879    0.022599
 -0.0160573           0 -0.00570288   0.0121777
  -0.010879  0.00570288           0  -0.0180336
  -0.022599  -0.0121777   0.0180336           0
EndNode2[0]<--->HoM1[0]
REAL
   0.301305   0.0251967 -0.00652717   0.0913992
  0.0251967    0.228944  0.00860077 -0.00719832
-0.00652717  0.00860077    0.207592   0.0055223
  0.0913992 -0.00719832   0.0055223    0.262159
IMAGINARY
          0   0.0321208  -0.0173094  0.00393194
 -0.0321208           0  -0.0183611 -0.00130424
  0.0173094   0.0183611           0  -0.0173583
-0.00393194  0.00130424   0.0173583           0
Repeater1[0]<--->EndNode1[0]
REAL
   0.341722  0.00676995 -0.00267857   0.0665853
 0.00676995    0.211921   0.0303534    -0.00625
-0.00267857   0.0303534    0.193377  0.00215862
  0.0665853    -0.00625  0.00215862     0.25298
IMAGINARY
          0    0.010879   0.0160573    0.022599
  -0.010879           0  0.00570288  -0.0180336
 -0.0160573 -0.00570288           0   0.0121777
  -0.022599   0.0180336  -0.0121777           0
Repeater1[0]<--->HoM1[0]
REAL
   0.301305 -0.00652717   0.0251967   0.0913992
-0.00652717    0.207592  0.00860077   0.0055223
  0.0251967  0.00860077    0.228944 -0.00719832
  0.0913992   0.0055223 -0.00719832    0.262159
IMAGINARY
          0  -0.0173094   0.0321208  0.00393194
  0.0173094           0   0.0183611  -0.0173583
 -0.0321208  -0.0183611           0 -0.00130424
-0.00393194   0.0173583  0.00130424           0
EndNode1[0]<--->Repeater1[0]
REAL
   0.346509 -0.00591564  -0.0172159   0.0722665
-0.00591564    0.185771   0.0215223   0.0103836
 -0.0172159   0.0215223    0.209486 -0.00464337
  0.0722665   0.0103836 -0.00464337    0.258235
IMAGINARY
          0  0.00940356   0.0130607   0.0110438
-0.00940356           0   0.0147293  0.00520726
 -0.0130607  -0.0147293           0 -0.00602061
 -0.0110438 -0.00520726  0.00602061           0
EndNode2[0]<--->HoM1[0]
REAL
   0.338101   0.0136281   0.0202406   0.0914581
  0.0136281    0.209363   0.0437777  -0.0189999
  0.0202406   0.0437777    0.193758 -0.00742458
  0.0914581  -0.0189999 -0.00742458    0.258778
IMAGINARY
           0  -0.00225891   0.00612072   0.00945949
  0.00225891            0   0.00736744   0.00547722
 -0.00612072  -0.00736744            0 -0.000318414
 -0.00945949  -0.00547722  0.000318414            0
Repeater1[0]<--->EndNode1[0]
REAL
   0.346509  -0.0172159 -0.00591564   0.0722665
 -0.0172159    0.209486   0.0215223 -0.00464337
-0.00591564   0.0215223    0.185771   0.0103836
  0.0722665 -0.00464337   0.0103836    0.258235
IMAGINARY
          0   0.0130607  0.00940356   0.0110438
 -0.0130607           0  -0.0147293 -0.00602061
-0.00940356   0.0147293           0  0.00520726
 -0.0110438  0.00602061 -0.00520726           0
Repeater1[0]<--->HoM1[0]
REAL
   0.338101   0.0202406   0.0136281   0.0914581
  0.0202406    0.193758   0.0437777 -0.00742458
  0.0136281   0.0437777    0.209363  -0.0189999
  0.0914581 -0.00742458  -0.0189999    0.258778
IMAGINARY
           0   0.00612072  -0.00225891   0.00945949
 -0.00612072            0  -0.00736744 -0.000318414
  0.00225891   0.00736744            0   0.00547722
 -0.00945949  0.000318414  -0.00547722            0
EndNode1[0]<--->Repeater1[0]
REAL
   0.335373 -0.00792077 -0.00340503   0.0941899
-0.00792077    0.179927   0.0205858 -0.00846832
-0.00340503   0.0205858    0.226438  -0.0118681
  0.0941899 -0.00846832  -0.0118681    0.258262
IMAGINARY
          0 -0.00850785  0.00219289   0.0224782
 0.00850785           0  -0.0083394 -0.00980711
-0.00219289   0.0083394           0  0.00850785
 -0.0224782  0.00980711 -0.00850785           0
EndNode2[0]<--->HoM1[0]
REAL
   0.314961 0.000361869   0.0221699   0.0713017
0.000361869    0.195538   0.0180283  -0.0147258
  0.0221699   0.0180283      0.2021 -0.00904673
  0.0713017  -0.0147258 -0.00904673    0.287402
IMAGINARY
          0  0.00467597  0.00126071  -0.0189842
-0.00467597           0 -0.00506017  -0.0173069
-0.00126071  0.00506017           0   0.0242072
  0.0189842   0.0173069  -0.0242072           0
Repeater1[0]<--->EndNode1[0]
REAL
   0.335373 -0.00340503 -0.00792077   0.0941899
-0.00340503    0.226438   0.0205858  -0.0118681
-0.00792077   0.0205858    0.179927 -0.00846832
  0.0941899  -0.0118681 -0.00846832    0.258262
IMAGINARY
          0  0.00219289 -0.00850785   0.0224782
-0.00219289           0   0.0083394  0.00850785
 0.00850785  -0.0083394           0 -0.00980711
 -0.0224782 -0.00850785  0.00980711           0
Repeater1[0]<--->HoM1[0]
REAL
   0.314961   0.0221699 0.000361869   0.0713017
  0.0221699      0.2021   0.0180283 -0.00904673
0.000361869   0.0180283    0.195538  -0.0147258
  0.0713017 -0.00904673  -0.0147258    0.287402
IMAGINARY
          0  0.00126071  0.00467597  -0.0189842
-0.00126071           0  0.00506017   0.0242072
-0.00467597 -0.00506017           0  -0.0173069
  0.0189842  -0.0242072   0.0173069           0
EndNode1[0]<--->Repeater1[0]
REAL
   0.341146  0.00772089  0.00871643   0.0661736
 0.00772089    0.191406   0.0193186 0.000350925
 0.00871643   0.0193186    0.221354   0.0142998
  0.0661736 0.000350925   0.0142998    0.246094
IMAGINARY
          0  -0.0298514   0.0172307    0.014693
  0.0298514           0  0.00643377   0.0129362
 -0.0172307 -0.00643377           0 -0.00159914
  -0.014693  -0.0129362  0.00159914           0
EndNode2[0]<--->HoM1[0]
REAL
   0.308271  0.00997095 -0.00664399   0.0796989
 0.00997095    0.194236   0.0238676 0.000471148
-0.00664399   0.0238676    0.226817  -0.0065416
  0.0796989 0.000471148  -0.0065416    0.270677
IMAGINARY
           0    0.0115006   0.00593193  -0.00273322
  -0.0115006            0   -0.0129113  0.000271548
 -0.00593193    0.0129113            0    -0.030111
  0.00273322 -0.000271548     0.030111            0
Repeater1[0]<--->EndNode1[0]
REAL
   0.341146  0.00871643  0.00772089   0.0661736
 0.00871643    0.221354   0.0193186   0.0142998
 0.00772089   0.0193186    0.191406 0.000350925
  0.0661736   0.0142998 0.000350925    0.246094
IMAGINARY
          0   0.0172307  -0.0298514    0.014693
 -0.0172307           0 -0.00643377 -0.00159914
  0.0298514  0.00643377           0   0.0129362
  -0.014693  0.00159914  -0.0129362           0
Repeater1[0]<--->HoM1[0]
REAL
   0.308271 -0.00664399  0.00997095   0.0796989
-0.00664399    0.226817   0.0238676  -0.0065416
 0.00997095   0.0238676    0.194236 0.000471148
  0.0796989  -0.0065416 0.000471148    0.270677
IMAGINARY
           0   0.00593193    0.0115006  -0.00273322
 -0.00593193            0    0.0129113    -0.030111
  -0.0115006   -0.0129113            0  0.000271548
  0.00273322     0.030111 -0.000271548            0
EndNode1[0]<--->Repeater1[0]
REAL
  0.311538 0.00888041  0.0133384   0.098487
0.00888041   0.214103  0.0241797 0.00132828
 0.0133384  0.0241797   0.212821  0.0177863
  0.098487 0.00132828  0.0177863   0.261538
IMAGINARY
           0  -0.00176289 -0.000753999  0.000922081
  0.00176289            0   0.00470996    0.0171268
 0.000753999  -0.00470996            0   0.00554123
-0.000922081   -0.0171268  -0.00554123            0
EndNode2[0]<--->HoM1[0]
REAL
   0.332497   0.0100883   0.0374239   0.0929708
  0.0100883    0.204517   0.0123256  0.00986486
  0.0374239   0.0123256    0.218319 -0.00189155
  0.0929708  0.00986486 -0.00189155    0.244668
IMAGINARY
          0   0.0157756  0.00448185  0.00449539
 -0.0157756           0 -0.00578738 -0.00641733
-0.00448185  0.00578738           0   0.0132567
-0.00449539  0.00641733  -0.0132567           0
Repeater1[0]<--->EndNode1[0]
REAL
  0.311538  0.0133384 0.00888041   0.098487
 0.0133384   0.212821  0.0241797  0.0177863
0.00888041  0.0241797   0.214103 0.00132828
  0.098487  0.0177863 0.00132828   0.261538
IMAGINARY
           0 -0.000753999  -0.00176289  0.000922081
 0.000753999            0  -0.00470996   0.00554123
  0.00176289   0.00470996            0    0.0171268
-0.000922081  -0.00554123   -0.0171268            0
Repeater1[0]<--->HoM1[0]
REAL
   0.332497   0.0374239   0.0100883   0.0929708
  0.0374239    0.218319   0.0123256 -0.00189155
  0.0100883   0.0123256    0.204517  0.00986486
  0.0929708 -0.00189155  0.00986486    0.244668
IMAGINARY
          0  0.00448185   0.0157756  0.00449539
-0.00448185           0  0.00578738   0.0132567
 -0.0157756 -0.00578738           0 -0.00641733
-0.00449539  -0.0132567  0.00641733           0
EndNode1[0]<--->Repeater1[0]
REAL
   0.337748  0.00198788 -0.00751928   0.0504046
 0.00198788    0.189404  0.00814188  0.00146275
-0.00751928  0.00814188    0.234437   0.0134899
  0.0504046  0.00146275   0.0134899    0.238411
IMAGINARY
           0   0.00172838 -0.000154471     0.019172
 -0.00172838            0   -0.0119636  -0.00439689
 0.000154471    0.0119636            0  -0.00758013
   -0.019172   0.00439689   0.00758013            0
EndNode2[0]<--->HoM1[0]
REAL
 0.314741 0.0163962 0.0251614 0.0735618
0.0163962  0.196547 0.0343852 0.0139114
0.0251614 0.0343852  0.197875 0.0120806
0.0735618 0.0139114 0.0120806  0.290837
IMAGINARY
           0    0.0118859   -0.0100759   0.00176451
  -0.0118859            0    0.0243452   0.00808389
   0.0100759   -0.0243452            0 -0.000597697
 -0.00176451  -0.00808389  0.000597697            0
Repeater1[0]<--->EndNode1[0]
REAL
   0.337748 -0.00751928  0.00198788   0.0504046
-0.00751928    0.234437  0.00814188   0.0134899
 0.00198788  0.00814188    0.189404  0.00146275
  0.0504046   0.0134899  0.00146275    0.238411
IMAGINARY
           0 -0.000154471   0.00172838     0.019172
 0.000154471            0    0.0119636  -0.00758013
 -0.00172838   -0.0119636            0  -0.00439689
   -0.019172   0.00758013   0.00439689            0
Repeater1[0]<--->HoM1[0]
REAL
 0.314741 0.0251614 0.0163962 0.0735618
0.0251614  0.197875 0.0343852 0.0120806
0.0163962 0.0343852  0.196547 0.0139114
0.0735618 0.0120806 0.0139114  0.290837
IMAGINARY
           0   -0.0100759    0.0118859   0.00176451
   0.0100759            0   -0.0243452 -0.000597697
  -0.0118859    0.0243452            0   0.00808389
 -0.00176451  0.000597697  -0.00808389            0
EndNode1[0]<--->Repeater1[0]
REAL
   0.326142 -0.00251889  -0.0136783    0.069042
-0.00251889    0.189086   0.0279729   0.0111908
 -0.0136783   0.0279729    0.192893  0.00251889
   0.069042   0.0111908  0.00251889    0.291878
IMAGINARY
          0  0.00818662 -0.00180348   0.0056117
-0.00818662           0   0.0209246  0.00506293
 0.00180348  -0.0209246           0 -0.00101583
 -0.0056117 -0.00506293  0.00101583           0
EndNode2[0]<--->HoM1[0]
REAL
  0.305276  0.0034111 -0.0157455   0.091746
 0.0034111   0.201005  0.0329225  0.0303343
-0.0157455  0.0329225   0.187186 0.00719898
  0.091746  0.0303343 0.00719898   0.306533
IMAGINARY
