EndNode1[0]<--->Repeater1[0]
REAL
  0.367627 0.00905298 0.00016192   0.331589
0.00905298    0.11797  0.0490857  0.0251299
0.00016192  0.0490857   0.127572   0.029209
  0.331589  0.0251299   0.029209   0.386831
IMAGINARY
          0  -0.0244734  0.00127597  0.00441762
  0.0244734           0  0.00504184   0.0126973
-0.00127597 -0.00504184           0  0.00685493
-0.00441762  -0.0126973 -0.00685493           0
EndNode2[0]<--->HoM1[0]
REAL
    0.403704 -0.000295025   0.00179171     0.326431
-0.000295025    0.0901235    0.0578666    0.0161146
  0.00179171    0.0578666     0.107407    0.0099369
    0.326431    0.0161146    0.0099369     0.398765
IMAGINARY
           0  0.000671509    0.0049351   -0.0225358
-0.000671509            0  -0.00611004     0.011154
  -0.0049351   0.00611004            0   0.00675423
   0.0225358    -0.011154  -0.00675423            0
Repeater1[0]<--->EndNode1[0]
REAL
  0.367627 0.00016192 0.00905298   0.331589
0.00016192   0.127572  0.0490857   0.029209
0.00905298  0.0490857    0.11797  0.0251299
  0.331589   0.029209  0.0251299   0.386831
IMAGINARY
          0  0.00127597  -0.0244734  0.00441762
-0.00127597           0 -0.00504184  0.00685493
  0.0244734  0.00504184           0   0.0126973
-0.00441762 -0.00685493  -0.0126973           0
Repeater1[0]<--->HoM1[0]
REAL
    0.403704   0.00179171 -0.000295025     0.326431
  0.00179171     0.107407    0.0578666    0.0099369
-0.000295025    0.0578666    0.0901235    0.0161146
    0.326431    0.0099369    0.0161146     0.398765
IMAGINARY
           0    0.0049351  0.000671509   -0.0225358
  -0.0049351            0   0.00611004   0.00675423
-0.000671509  -0.00611004            0     0.011154
   0.0225358  -0.00675423    -0.011154            0
EndNode1[0]<--->Repeater1[0]
REAL
  0.404826 -0.0353127 -0.0293016   0.325334
-0.0353127  0.0978552  0.0681729  0.0124185
-0.0293016  0.0681729  0.0924933 0.00284518
  0.325334  0.0124185 0.00284518   0.404826
IMAGINARY
          0  0.00442879   0.0247468  -0.0231935
-0.00442879           0    0.027675 -0.00170821
 -0.0247468   -0.027675           0  -0.0237314
  0.0231935  0.00170821   0.0237314           0
EndNode2[0]<--->HoM1[0]
REAL
    0.389527 -0.000565144   0.00101758     0.325851
-0.000565144     0.113665    0.0440571   0.00226758
  0.00101758    0.0440571    0.0906769    0.0130487
    0.325851   0.00226758    0.0130487      0.40613
IMAGINARY
           0   0.00550311  0.000302544   -0.0133056
 -0.00550311            0   -0.0126767   -0.0156975
-0.000302544    0.0126767            0    0.0165852
   0.0133056    0.0156975   -0.0165852            0
Repeater1[0]<--->EndNode1[0]
REAL
  0.404826 -0.0293016 -0.0353127   0.325334
-0.0293016  0.0924933  0.0681729 0.00284518
-0.0353127  0.0681729  0.0978552  0.0124185
  0.325334 0.00284518  0.0124185   0.404826
IMAGINARY
          0   0.0247468  0.00442879  -0.0231935
 -0.0247468           0   -0.027675  -0.0237314
-0.00442879    0.027675           0 -0.00170821
  0.0231935   0.0237314  0.00170821           0
Repeater1[0]<--->HoM1[0]
REAL
    0.389527   0.00101758 -0.000565144     0.325851
  0.00101758    0.0906769    0.0440571    0.0130487
-0.000565144    0.0440571     0.113665   0.00226758
    0.325851    0.0130487   0.00226758      0.40613
IMAGINARY
           0  0.000302544   0.00550311   -0.0133056
-0.000302544            0    0.0126767    0.0165852
 -0.00550311   -0.0126767            0   -0.0156975
   0.0133056   -0.0165852    0.0156975            0
EndNode1[0]<--->Repeater1[0]
REAL
  0.396178 -0.0013459  0.0135232   0.316142
-0.0013459   0.100637  0.0577437  0.0227825
 0.0135232  0.0577437  0.0929936    0.03383
  0.316142  0.0227825    0.03383   0.410191
IMAGINARY
           0  -0.00686298    0.0159006 -0.000479925
  0.00686298            0    0.0239273    0.0189832
  -0.0159006   -0.0239273            0   -0.0163928
 0.000479925   -0.0189832    0.0163928            0
EndNode2[0]<--->HoM1[0]
REAL
   0.374101 -0.00162777   0.0139578    0.322514
-0.00162777     0.11271    0.047715    -0.01523
  0.0139578    0.047715    0.104317  0.00290004
   0.322514    -0.01523  0.00290004    0.408873
IMAGINARY
          0 -0.00521422  -0.0160364 -0.00795201
 0.00521422           0 -0.00538132  -0.0107732
  0.0160364  0.00538132           0   0.0132571
 0.00795201   0.0107732  -0.0132571           0
Repeater1[0]<--->EndNode1[0]
REAL
  0.396178  0.0135232 -0.0013459   0.316142
 0.0135232  0.0929936  0.0577437    0.03383
-0.0013459  0.0577437   0.100637  0.0227825
  0.316142    0.03383  0.0227825   0.410191
IMAGINARY
           0    0.0159006  -0.00686298 -0.000479925
  -0.0159006            0   -0.0239273   -0.0163928
  0.00686298    0.0239273            0    0.0189832
 0.000479925    0.0163928   -0.0189832            0
Repeater1[0]<--->HoM1[0]
REAL
   0.374101   0.0139578 -0.00162777    0.322514
  0.0139578    0.104317    0.047715  0.00290004
-0.00162777    0.047715     0.11271    -0.01523
   0.322514  0.00290004    -0.01523    0.408873
IMAGINARY
          0  -0.0160364 -0.00521422 -0.00795201
  0.0160364           0  0.00538132   0.0132571
 0.00521422 -0.00538132           0  -0.0107732
 0.00795201  -0.0132571   0.0107732           0
EndNode1[0]<--->Repeater1[0]
REAL
   0.405013  -0.0110904 -0.00425974    0.314388
 -0.0110904    0.112137   0.0469457  -0.0237403
-0.00425974   0.0469457    0.121372   -0.014243
   0.314388  -0.0237403   -0.014243    0.361478
IMAGINARY
           0   -0.0146933     0.011297  -0.00510544
   0.0146933            0    0.0161301 -0.000961074
   -0.011297   -0.0161301            0   0.00694134
  0.00510544  0.000961074  -0.00694134            0
EndNode2[0]<--->HoM1[0]
REAL
  0.405114  0.0104345 0.00374036   0.334735
 0.0104345    0.10498  0.0649979 0.00829173
0.00374036  0.0649979  0.0969044 0.00293449
  0.334735 0.00829173 0.00293449   0.393001
IMAGINARY
           0   0.00782895  -0.00225682   -0.0197969
 -0.00782895            0   0.00273656 -0.000374761
  0.00225682  -0.00273656            0    0.0303289
   0.0197969  0.000374761   -0.0303289            0
Repeater1[0]<--->EndNode1[0]
REAL
   0.405013 -0.00425974  -0.0110904    0.314388
-0.00425974    0.121372   0.0469457   -0.014243
 -0.0110904   0.0469457    0.112137  -0.0237403
   0.314388   -0.014243  -0.0237403    0.361478
IMAGINARY
           0     0.011297   -0.0146933  -0.00510544
   -0.011297            0   -0.0161301   0.00694134
   0.0146933    0.0161301            0 -0.000961074
  0.00510544  -0.00694134  0.000961074            0
Repeater1[0]<--->HoM1[0]
REAL
  0.405114 0.00374036  0.0104345   0.334735
0.00374036  0.0969044  0.0649979 0.00293449
 0.0104345  0.0649979    0.10498 0.00829173
  0.334735 0.00293449 0.00829173   0.393001
IMAGINARY
           0  -0.00225682   0.00782895   -0.0197969
  0.00225682            0  -0.00273656    0.0303289
 -0.00782895   0.00273656            0 -0.000374761
   0.0197969   -0.0303289  0.000374761            0
EndNode1[0]<--->Repeater1[0]
REAL
   0.401544   0.0119371 -0.00810096    0.325999
  0.0119371    0.120978   0.0434489   0.0128116
-0.00810096   0.0434489    0.109395  0.00757841
   0.325999   0.0128116  0.00757841    0.368082
IMAGINARY
          0   0.0163081 -0.00281914  -0.0251268
 -0.0163081           0   0.0257638  -0.0139594
 0.00281914  -0.0257638           0  -0.0102679
  0.0251268   0.0139594   0.0102679           0
EndNode2[0]<--->HoM1[0]
REAL
  0.411543 -0.0258918 -0.0157993   0.326141
-0.0258918   0.097867  0.0548995 -0.0157993
-0.0157993  0.0548995   0.102886 -0.0106634
  0.326141 -0.0157993 -0.0106634   0.387704
IMAGINARY
          0 -0.00486871   0.0228124  -0.0140574
 0.00486871           0 -0.00252419  0.00529218
 -0.0228124  0.00252419           0 -0.00362802
  0.0140574 -0.00529218  0.00362802           0
Repeater1[0]<--->EndNode1[0]
REAL
   0.401544 -0.00810096   0.0119371    0.325999
-0.00810096    0.109395   0.0434489  0.00757841
  0.0119371   0.0434489    0.120978   0.0128116
   0.325999  0.00757841   0.0128116    0.368082
IMAGINARY
          0 -0.00281914   0.0163081  -0.0251268
 0.00281914           0  -0.0257638  -0.0102679
 -0.0163081   0.0257638           0  -0.0139594
  0.0251268   0.0102679   0.0139594           0
Repeater1[0]<--->HoM1[0]
REAL
  0.411543 -0.0157993 -0.0258918   0.326141
-0.0157993   0.102886  0.0548995 -0.0106634
-0.0258918  0.0548995   0.097867 -0.0157993
  0.326141 -0.0106634 -0.0157993   0.387704
IMAGINARY
          0   0.0228124 -0.00486871  -0.0140574
 -0.0228124           0  0.00252419 -0.00362802
 0.00486871 -0.00252419           0  0.00529218
  0.0140574  0.00362802 -0.00529218           0
EndNode1[0]<--->Repeater1[0]
REAL
   0.400501 0.000883739  -0.0059619    0.335093
0.000883739    0.102628    0.055454   0.0233748
 -0.0059619    0.055454    0.107635   0.0140416
   0.335093   0.0233748   0.0140416    0.389237
IMAGINARY
          0  -0.0178979  0.00853302  -0.0122963
  0.0178979           0  -0.0252833  0.00177626
-0.00853302   0.0252833           0   0.0191865
  0.0122963 -0.00177626  -0.0191865           0
EndNode2[0]<--->HoM1[0]
REAL
  0.422336  0.0176141 0.00710597   0.331525
 0.0176141   0.100128  0.0527522  0.0174223
0.00710597  0.0527522  0.0885751  0.0169771
  0.331525  0.0174223  0.0169771    0.38896
IMAGINARY
          0   0.0026455  0.00109103   -0.017999
 -0.0026455           0  -0.0205631  0.00530283
-0.00109103   0.0205631           0  -0.0026455
   0.017999 -0.00530283   0.0026455           0
Repeater1[0]<--->EndNode1[0]
REAL
   0.400501  -0.0059619 0.000883739    0.335093
 -0.0059619    0.107635    0.055454   0.0140416
0.000883739    0.055454    0.102628   0.0233748
   0.335093   0.0140416   0.0233748    0.389237
IMAGINARY
          0  0.00853302  -0.0178979  -0.0122963
-0.00853302           0   0.0252833   0.0191865
  0.0178979  -0.0252833           0  0.00177626
  0.0122963  -0.0191865 -0.00177626           0
Repeater1[0]<--->HoM1[0]
REAL
  0.422336 0.00710597  0.0176141   0.331525
0.00710597  0.0885751  0.0527522  0.0169771
 0.0176141  0.0527522   0.100128  0.0174223
  0.331525  0.0169771  0.0174223    0.38896
IMAGINARY
          0  0.00109103   0.0026455   -0.017999
-0.00109103           0   0.0205631  -0.0026455
 -0.0026455  -0.0205631           0  0.00530283
   0.017999   0.0026455 -0.00530283           0
EndNode1[0]<--->Repeater1[0]
REAL
    0.408788   0.00201333   -0.0295995     0.322867
  0.00201333     0.105193    0.0611535 -3.97134e-05
  -0.0295995    0.0611535     0.121172   -0.0316525
    0.322867 -3.97134e-05   -0.0316525     0.364847
IMAGINARY
           0    0.0179043  6.93889e-18   7.9314e-05
  -0.0179043            0  -0.00591589 -0.000669344
-6.93889e-18   0.00591589            0    0.0095388
 -7.9314e-05  0.000669344   -0.0095388            0
EndNode2[0]<--->HoM1[0]
REAL
    0.420984    0.0142999    0.0121476     0.321497
   0.0142999     0.103627    0.0571744    0.0127566
   0.0121476    0.0571744     0.106218 -0.000889956
    0.321497    0.0127566 -0.000889956     0.369171
IMAGINARY
          0    0.016883 -0.00138182  0.00700906
  -0.016883           0  -0.0026934   0.0235172
 0.00138182   0.0026934           0   -0.032508
-0.00700906  -0.0235172    0.032508           0
Repeater1[0]<--->EndNode1[0]
REAL
    0.408788   -0.0295995   0.00201333     0.322867
  -0.0295995     0.121172    0.0611535   -0.0316525
  0.00201333    0.0611535     0.105193 -3.97134e-05
    0.322867   -0.0316525 -3.97134e-05     0.364847
IMAGINARY
           0  6.93889e-18    0.0179043   7.9314e-05
-6.93889e-18            0   0.00591589    0.0095388
  -0.0179043  -0.00591589            0 -0.000669344
 -7.9314e-05   -0.0095388  0.000669344            0
Repeater1[0]<--->HoM1[0]
REAL
    0.420984    0.0121476    0.0142999     0.321497
   0.0121476     0.106218    0.0571744 -0.000889956
   0.0142999    0.0571744     0.103627    0.0127566
    0.321497 -0.000889956    0.0127566     0.369171
IMAGINARY
          0 -0.00138182    0.016883  0.00700906
 0.00138182           0   0.0026934   -0.032508
  -0.016883  -0.0026934           0   0.0235172
-0.00700906    0.032508  -0.0235172           0
EndNode1[0]<--->Repeater1[0]
REAL
    0.42801 -0.00356774  0.00958606    0.313216
-0.00356774    0.109948    0.057372 -0.00893246
 0.00958606    0.057372    0.103403 -0.00231461
   0.313216 -0.00893246 -0.00231461    0.358639
IMAGINARY
          0 -0.00586093  0.00209962    0.018435
 0.00586093           0  -0.0140325  -0.0124892
-0.00209962   0.0140325           0  -0.0123209
  -0.018435   0.0124892   0.0123209           0
EndNode2[0]<--->HoM1[0]
REAL
   0.392132   0.0135946 -0.00342252    0.326333
  0.0135946   0.0989848   0.0524915   0.0260663
-0.00342252   0.0524915    0.133249   0.0053772
   0.326333   0.0260663   0.0053772    0.375635
IMAGINARY
          0  -0.0155486   0.0192594 -0.00981687
  0.0155486           0   0.0168411   0.0311493
 -0.0192594  -0.0168411           0 -0.00761213
 0.00981687  -0.0311493  0.00761213           0
Repeater1[0]<--->EndNode1[0]
REAL
    0.42801  0.00958606 -0.00356774    0.313216
 0.00958606    0.103403    0.057372 -0.00231461
-0.00356774    0.057372    0.109948 -0.00893246
   0.313216 -0.00231461 -0.00893246    0.358639
IMAGINARY
          0  0.00209962 -0.00586093    0.018435
-0.00209962           0   0.0140325  -0.0123209
 0.00586093  -0.0140325           0  -0.0124892
  -0.018435   0.0123209   0.0124892           0
Repeater1[0]<--->HoM1[0]
REAL
   0.392132 -0.00342252   0.0135946    0.326333
-0.00342252    0.133249   0.0524915   0.0053772
  0.0135946   0.0524915   0.0989848   0.0260663
   0.326333   0.0053772   0.0260663    0.375635
IMAGINARY
          0   0.0192594  -0.0155486 -0.00981687
 -0.0192594           0  -0.0168411 -0.00761213
  0.0155486   0.0168411           0   0.0311493
 0.00981687  0.00761213  -0.0311493           0
EndNode1[0]<--->Repeater1[0]
REAL
      0.375 -0.00589885  0.00904778    0.335714
-0.00589885    0.126316   0.0516098 -0.00200553
 0.00904778   0.0516098   0.0934211   0.0155019
   0.335714 -0.00200553   0.0155019    0.405263
IMAGINARY
           0   -0.0031831 -0.000267029  -0.00900333
   0.0031831            0   0.00213691   -0.0121885
 0.000267029  -0.00213691            0   -0.0175761
  0.00900333    0.0121885    0.0175761            0
EndNode2[0]<--->HoM1[0]
REAL
   0.360494  0.00756842 -0.00491894    0.320518
 0.00756842    0.118519   0.0619848   0.0170518
-0.00491894   0.0619848    0.128395   0.0198901
   0.320518   0.0170518   0.0198901    0.392593
IMAGINARY
           0   0.00414241 -0.000943378  -0.00842761
 -0.00414241            0  -0.00707626   0.00663238
 0.000943378   0.00707626            0   -0.0136241
  0.00842761  -0.00663238    0.0136241            0
Repeater1[0]<--->EndNode1[0]
REAL
      0.375  0.00904778 -0.00589885    0.335714
 0.00904778   0.0934211   0.0516098   0.0155019
-0.00589885   0.0516098    0.126316 -0.00200553
   0.335714   0.0155019 -0.00200553    0.405263
IMAGINARY
           0 -0.000267029   -0.0031831  -0.00900333
 0.000267029            0  -0.00213691   -0.0175761
   0.0031831   0.00213691            0   -0.0121885
  0.00900333    0.0175761    0.0121885            0
Repeater1[0]<--->HoM1[0]
REAL
   0.360494 -0.00491894  0.00756842    0.320518
-0.00491894    0.128395   0.0619848   0.0198901
 0.00756842   0.0619848    0.118519   0.0170518
   0.320518   0.0198901   0.0170518    0.392593
IMAGINARY
           0 -0.000943378   0.00414241  -0.00842761
 0.000943378            0   0.00707626   -0.0136241
 -0.00414241  -0.00707626            0   0.00663238
  0.00842761    0.0136241  -0.00663238            0
EndNode1[0]<--->Repeater1[0]
REAL
 0.366443 0.0188255 0.0121976  0.326722
0.0188255  0.112752 0.0642551 0.0141182
0.0121976 0.0642551   0.10604 0.0112497
 0.326722 0.0141182 0.0112497  0.414765
IMAGINARY
          0   0.0173745    0.010161   0.0126534
 -0.0173745           0  0.00807827  0.00952405
  -0.010161 -0.00807827           0  -0.0304979
 -0.0126534 -0.00952405   0.0304979           0
EndNode2[0]<--->HoM1[0]
REAL
   0.361979 -0.00637661 -0.00299009    0.326238
-0.00637661    0.101562   0.0403406 -0.00427543
-0.00299009   0.0403406    0.126302   0.0242102
   0.326238 -0.00427543   0.0242102    0.410156
IMAGINARY
          0  0.00074224  0.00765909  -0.0223031
-0.00074224           0  0.00763319   0.0141358
-0.00765909 -0.00763319           0  0.00951417
  0.0223031  -0.0141358 -0.00951417           0
Repeater1[0]<--->EndNode1[0]
REAL
 0.366443 0.0121976 0.0188255  0.326722
0.0121976   0.10604 0.0642551 0.0112497
0.0188255 0.0642551  0.112752 0.0141182
 0.326722 0.0112497 0.0141182  0.414765
IMAGINARY
          0    0.010161   0.0173745   0.0126534
  -0.010161           0 -0.00807827  -0.0304979
 -0.0173745  0.00807827           0  0.00952405
 -0.0126534   0.0304979 -0.00952405           0
Repeater1[0]<--->HoM1[0]
REAL
   0.361979 -0.00299009 -0.00637661    0.326238
-0.00299009    0.126302   0.0403406   0.0242102
-0.00637661   0.0403406    0.101562 -0.00427543
   0.326238   0.0242102 -0.00427543    0.410156
IMAGINARY
          0  0.00765909  0.00074224  -0.0223031
-0.00765909           0 -0.00763319  0.00951417
-0.00074224  0.00763319           0   0.0141358
  0.0223031 -0.00951417  -0.0141358           0
EndNode1[0]<--->Repeater1[0]
REAL
   0.414665 -0.00219042  -0.0114245    0.317634
-0.00219042    0.103666     0.08465 -0.00888002
 -0.0114245     0.08465    0.101138   -0.011769
   0.317634 -0.00888002   -0.011769    0.380531
IMAGINARY
          0  -0.0173554  0.00645507  0.00120764
  0.0173554           0  -0.0164394 -0.00907288
-0.00645507   0.0164394           0  0.00164856
-0.00120764  0.00907288 -0.00164856           0
EndNode2[0]<--->HoM1[0]
REAL
   0.393173   0.0209304   0.0170994    0.339317
  0.0209304   0.0884956   0.0655672   0.0124636
  0.0170994   0.0655672     0.11378 -0.00165022
   0.339317   0.0124636 -0.00165022    0.404551
IMAGINARY
          0  0.00533025 -0.00933468   0.0193619
-0.00533025           0  -0.0110179  0.00808468
 0.00933468   0.0110179           0  0.00466975
 -0.0193619 -0.00808468 -0.00466975           0
Repeater1[0]<--->EndNode1[0]
REAL
   0.414665  -0.0114245 -0.00219042    0.317634
 -0.0114245    0.101138     0.08465   -0.011769
-0.00219042     0.08465    0.103666 -0.00888002
   0.317634   -0.011769 -0.00888002    0.380531
IMAGINARY
          0  0.00645507  -0.0173554  0.00120764
-0.00645507           0   0.0164394  0.00164856
  0.0173554  -0.0164394           0 -0.00907288
-0.00120764 -0.00164856  0.00907288           0
Repeater1[0]<--->HoM1[0]
REAL
   0.393173   0.0170994   0.0209304    0.339317
  0.0170994     0.11378   0.0655672 -0.00165022
  0.0209304   0.0655672   0.0884956   0.0124636
   0.339317 -0.00165022   0.0124636    0.404551
IMAGINARY
          0 -0.00933468  0.00533025   0.0193619
 0.00933468           0   0.0110179  0.00466975
-0.00533025  -0.0110179           0  0.00808468
 -0.0193619 -0.00466975 -0.00808468           0
EndNode1[0]<--->Repeater1[0]
REAL
    0.377238    0.0206136   -0.0144821     0.335686
   0.0206136     0.107417    0.0487357    0.0119695
  -0.0144821    0.0487357     0.109974 -0.000513129
    0.335686    0.0119695 -0.000513129     0.405371
IMAGINARY
          0  0.00399023 -0.00499245  -0.0105198
-0.00399023           0 -0.00680693 -0.00632579
 0.00499245  0.00680693           0  0.00732801
  0.0105198  0.00632579 -0.00732801           0
EndNode2[0]<--->HoM1[0]
REAL
  0.406692 0.00902752 0.00423114   0.330496
0.00902752   0.104247  0.0595038  0.0170189
0.00423114  0.0595038   0.113256 0.00472248
  0.330496  0.0170189 0.00472248   0.375804
IMAGINARY
           0    0.0320578   0.00177341 -0.000394862
  -0.0320578            0   0.00162943   0.00840471
 -0.00177341  -0.00162943            0   -0.0066125
 0.000394862  -0.00840471    0.0066125            0
Repeater1[0]<--->EndNode1[0]
REAL
    0.377238   -0.0144821    0.0206136     0.335686
  -0.0144821     0.109974    0.0487357 -0.000513129
   0.0206136    0.0487357     0.107417    0.0119695
    0.335686 -0.000513129    0.0119695     0.405371
IMAGINARY
          0 -0.00499245  0.00399023  -0.0105198
 0.00499245           0  0.00680693  0.00732801
-0.00399023 -0.00680693           0 -0.00632579
  0.0105198 -0.00732801  0.00632579           0
Repeater1[0]<--->HoM1[0]
REAL
  0.406692 0.00423114 0.00902752   0.330496
0.00423114   0.113256  0.0595038 0.00472248
0.00902752  0.0595038   0.104247  0.0170189
  0.330496 0.00472248  0.0170189   0.375804
IMAGINARY
           0   0.00177341    0.0320578 -0.000394862
 -0.00177341            0  -0.00162943   -0.0066125
  -0.0320578   0.00162943            0   0.00840471
 0.000394862    0.0066125  -0.00840471            0
EndNode1[0]<--->Repeater1[0]
REAL
  0.383663 -0.0317982  -0.032581   0.330281
-0.0317982    0.10396    0.06314 -0.0095243
 -0.032581    0.06314  0.0891089 0.00153509
  0.330281 -0.0095243 0.00153509   0.423267
IMAGINARY
         0 -0.0101717  0.0185693  -0.013283
 0.0101717          0  0.0274218 -0.0179224
-0.0185693 -0.0274218          0  0.0172868
  0.013283  0.0179224 -0.0172868          0
EndNode2[0]<--->HoM1[0]
REAL
   0.41255  0.0130555  0.0232137   0.314238
 0.0130555   0.113485  0.0639348 0.00724317
 0.0232137  0.0639348   0.101469 0.00724906
  0.314238 0.00724317 0.00724906   0.372497
IMAGINARY
          0  0.00912894 -0.00579983 -0.00214258
-0.00912894           0   0.0137405  -0.0117759
 0.00579983  -0.0137405           0  0.00844681
 0.00214258   0.0117759 -0.00844681           0
Repeater1[0]<--->EndNode1[0]
REAL
  0.383663  -0.032581 -0.0317982   0.330281
 -0.032581  0.0891089    0.06314 0.00153509
-0.0317982    0.06314    0.10396 -0.0095243
  0.330281 0.00153509 -0.0095243   0.423267
IMAGINARY
         0  0.0185693 -0.0101717  -0.013283
-0.0185693          0 -0.0274218  0.0172868
 0.0101717  0.0274218          0 -0.0179224
  0.013283 -0.0172868  0.0179224          0
Repeater1[0]<--->HoM1[0]
REAL
   0.41255  0.0232137  0.0130555   0.314238
 0.0232137   0.101469  0.0639348 0.00724906
 0.0130555  0.0639348   0.113485 0.00724317
  0.314238 0.00724906 0.00724317   0.372497
IMAGINARY
          0 -0.00579983  0.00912894 -0.00214258
 0.00579983           0  -0.0137405  0.00844681
-0.00912894   0.0137405           0  -0.0117759
 0.00214258 -0.00844681   0.0117759           0
EndNode1[0]<--->Repeater1[0]
REAL
    0.355263   -0.0212338   -0.0191089     0.324432
  -0.0212338     0.126316    0.0685571   0.00373374
  -0.0191089    0.0685571     0.113158 -0.000291403
    0.324432   0.00373374 -0.000291403     0.405263
IMAGINARY
          0 -0.00310429 -0.00453127    0.015373
 0.00310429           0  -0.0128793  0.00844772
 0.00453127   0.0128793           0  0.00571525
  -0.015373 -0.00844772 -0.00571525           0
EndNode2[0]<--->HoM1[0]
REAL
   0.386207  -0.0177933 -0.00860945    0.317664
 -0.0177933    0.113103   0.0689598 -0.00731412
-0.00860945   0.0689598        0.12 -0.00704744
   0.317664 -0.00731412 -0.00704744     0.38069
IMAGINARY
           0    0.0223791  -0.00487233   -0.0224719
  -0.0223791            0 -2.80549e-05  -0.00160436
  0.00487233  2.80549e-05            0   -0.0055397
   0.0224719   0.00160436    0.0055397            0
Repeater1[0]<--->EndNode1[0]
REAL
    0.355263   -0.0191089   -0.0212338     0.324432
  -0.0191089     0.113158    0.0685571 -0.000291403
  -0.0212338    0.0685571     0.126316   0.00373374
    0.324432 -0.000291403   0.00373374     0.405263
IMAGINARY
          0 -0.00453127 -0.00310429    0.015373
 0.00453127           0   0.0128793  0.00571525
 0.00310429  -0.0128793           0  0.00844772
  -0.015373 -0.00571525 -0.00844772           0
Repeater1[0]<--->HoM1[0]
REAL
   0.386207 -0.00860945  -0.0177933    0.317664
-0.00860945        0.12   0.0689598 -0.00704744
 -0.0177933   0.0689598    0.113103 -0.00731412
   0.317664 -0.00704744 -0.00731412     0.38069
IMAGINARY
           0  -0.00487233    0.0223791   -0.0224719
  0.00487233            0  2.80549e-05   -0.0055397
  -0.0223791 -2.80549e-05            0  -0.00160436
   0.0224719    0.0055397   0.00160436            0
EndNode1[0]<--->Repeater1[0]
REAL
   0.403167   0.0103503 -0.00537295    0.314367
  0.0103503    0.113276   0.0705762  0.00537295
-0.00537295   0.0705762    0.113276 -0.00892988
   0.314367  0.00537295 -0.00892988     0.37028
IMAGINARY
          0  -0.0171272   0.0144217   0.0221036
  0.0171272           0   0.0113122  0.00976128
 -0.0144217  -0.0113122           0   0.0243167
 -0.0221036 -0.00976128  -0.0243167           0
EndNode2[0]<--->HoM1[0]
REAL
     0.39174   -0.0100988 -5.98373e-05     0.333313
  -0.0100988     0.101377    0.0641839  -0.00887938
-5.98373e-05    0.0641839      0.10388   -0.0107593
    0.333313  -0.00887938   -0.0107593     0.403004
IMAGINARY
          0   0.0143923 -0.00262298 -0.00696601
 -0.0143923           0  0.00887683  0.00130372
 0.00262298 -0.00887683           0  0.00143888
 0.00696601 -0.00130372 -0.00143888           0
Repeater1[0]<--->EndNode1[0]
REAL
   0.403167 -0.00537295   0.0103503    0.314367
-0.00537295    0.113276   0.0705762 -0.00892988
  0.0103503   0.0705762    0.113276  0.00537295
   0.314367 -0.00892988  0.00537295     0.37028
IMAGINARY
          0   0.0144217  -0.0171272   0.0221036
 -0.0144217           0  -0.0113122   0.0243167
  0.0171272   0.0113122           0  0.00976128
 -0.0221036  -0.0243167 -0.00976128           0
Repeater1[0]<--->HoM1[0]
REAL
     0.39174 -5.98373e-05   -0.0100988     0.333313
-5.98373e-05      0.10388    0.0641839   -0.0107593
  -0.0100988    0.0641839     0.101377  -0.00887938
    0.333313   -0.0107593  -0.00887938     0.403004
IMAGINARY
          0 -0.00262298   0.0143923 -0.00696601
 0.00262298           0 -0.00887683  0.00143888
 -0.0143923  0.00887683           0  0.00130372
 0.00696601 -0.00143888 -0.00130372           0
EndNode1[0]<--->Repeater1[0]
REAL
    0.396442    0.0106693  -0.00290587     0.302327
   0.0106693     0.101652    0.0600586  -0.00430252
 -0.00290587    0.0600586     0.101652 -0.000839666
    0.302327  -0.00430252 -0.000839666     0.400254
IMAGINARY
          0 -0.00478504    0.010009  0.00112784
 0.00478504           0 -0.00734674  0.00030027
  -0.010009  0.00734674           0  0.00993968
-0.00112784 -0.00030027 -0.00993968           0
EndNode2[0]<--->HoM1[0]
REAL
 0.380829 0.0143828 0.0374087  0.323376
0.0143828   0.11658 0.0516236 0.0285254
0.0374087 0.0516236   0.11658 0.0117161
 0.323376 0.0285254 0.0117161   0.38601
IMAGINARY
          0  -0.0116259   0.0024767   0.0164669
  0.0116259           0  0.00104278   0.0183304
 -0.0024767 -0.00104278           0 -0.00287595
 -0.0164669  -0.0183304  0.00287595           0
Repeater1[0]<--->EndNode1[0]
REAL
    0.396442  -0.00290587    0.0106693     0.302327
 -0.00290587     0.101652    0.0600586 -0.000839666
   0.0106693    0.0600586     0.101652  -0.00430252
    0.302327 -0.000839666  -0.00430252     0.400254
IMAGINARY
          0    0.010009 -0.00478504  0.00112784
  -0.010009           0  0.00734674  0.00993968
 0.00478504 -0.00734674           0  0.00030027
-0.00112784 -0.00993968 -0.00030027           0
Repeater1[0]<--->HoM1[0]
REAL
 0.380829 0.0374087 0.0143828  0.323376
0.0374087   0.11658 0.0516236 0.0117161
0.0143828 0.0516236   0.11658 0.0285254
 0.323376 0.0117161 0.0285254   0.38601
IMAGINARY
          0   0.0024767  -0.0116259   0.0164669
 -0.0024767           0 -0.00104278 -0.00287595
  0.0116259  0.00104278           0   0.0183304
 -0.0164669  0.00287595  -0.0183304           0
EndNode1[0]<--->Repeater1[0]
REAL
  0.388601 0.00906868   0.014864   0.310198
0.00906868   0.101036  0.0557677 0.00813206
  0.014864  0.0557677   0.103627  -0.014982
  0.310198 0.00813206  -0.014982   0.406736
IMAGINARY
          0 -0.00572642  0.00252522 -0.00331003
 0.00572642           0  0.00721628  0.00760136
-0.00252522 -0.00721628           0 -0.00440016
 0.00331003 -0.00760136  0.00440016           0
EndNode2[0]<--->HoM1[0]
REAL
  0.378342 0.00127877  0.0012987   0.321819
0.00127877  0.0962567  0.0426312 -0.0012987
 0.0012987  0.0426312   0.105615 0.00127877
  0.321819 -0.0012987 0.00127877   0.419786
IMAGINARY
          0   0.0053728  0.00374823   0.0204638
 -0.0053728           0  -0.0160278   0.0114802
-0.00374823   0.0160278           0  -0.0206012
 -0.0204638  -0.0114802   0.0206012           0
Repeater1[0]<--->EndNode1[0]
REAL
  0.388601   0.014864 0.00906868   0.310198
  0.014864   0.103627  0.0557677  -0.014982
0.00906868  0.0557677   0.101036 0.00813206
  0.310198  -0.014982 0.00813206   0.406736
IMAGINARY
          0  0.00252522 -0.00572642 -0.00331003
-0.00252522           0 -0.00721628 -0.00440016
 0.00572642  0.00721628           0  0.00760136
 0.00331003  0.00440016 -0.00760136           0
Repeater1[0]<--->HoM1[0]
REAL
  0.378342  0.0012987 0.00127877   0.321819
 0.0012987   0.105615  0.0426312 0.00127877
0.00127877  0.0426312  0.0962567 -0.0012987
  0.321819 0.00127877 -0.0012987   0.419786
IMAGINARY
          0  0.00374823   0.0053728   0.0204638
-0.00374823           0   0.0160278  -0.0206012
 -0.0053728  -0.0160278           0   0.0114802
 -0.0204638   0.0206012  -0.0114802           0
EndNode1[0]<--->Repeater1[0]
REAL
   0.396804 -0.00876464 -0.00437643    0.328175
-0.00876464    0.118509   0.0525589  0.00634236
-0.00437643   0.0525589   0.0932091   0.0172836
   0.328175  0.00634236   0.0172836    0.391478
IMAGINARY
           0   0.00774997  -0.00653319   0.00527635
 -0.00774997            0  0.000398302  -0.00189742
  0.00653319 -0.000398302            0    0.0201359
 -0.00527635   0.00189742   -0.0201359            0
EndNode2[0]<--->HoM1[0]
REAL
   0.401857   0.0022773  -0.0122159    0.322964
  0.0022773    0.112732   0.0464344  0.00133245
 -0.0122159   0.0464344    0.122016 -0.00291751
   0.322964  0.00133245 -0.00291751    0.363395
IMAGINARY
           0   -0.0042177  0.000632052   0.00416075
   0.0042177            0    0.0134544  -0.00250471
-0.000632052   -0.0134544            0    0.0273138
 -0.00416075   0.00250471   -0.0273138            0
Repeater1[0]<--->EndNode1[0]
REAL
   0.396804 -0.00437643 -0.00876464    0.328175
-0.00437643   0.0932091   0.0525589   0.0172836
-0.00876464   0.0525589    0.118509  0.00634236
   0.328175   0.0172836  0.00634236    0.391478
IMAGINARY
           0  -0.00653319   0.00774997   0.00527635
  0.00653319            0 -0.000398302    0.0201359
 -0.00774997  0.000398302            0  -0.00189742
 -0.00527635   -0.0201359   0.00189742            0
Repeater1[0]<--->HoM1[0]
REAL
   0.401857  -0.0122159   0.0022773    0.322964
 -0.0122159    0.122016   0.0464344 -0.00291751
  0.0022773   0.0464344    0.112732  0.00133245
   0.322964 -0.00291751  0.00133245    0.363395
IMAGINARY
           0  0.000632052   -0.0042177   0.00416075
-0.000632052            0   -0.0134544    0.0273138
   0.0042177    0.0134544            0  -0.00250471
 -0.00416075   -0.0273138   0.00250471            0
EndNode1[0]<--->Repeater1[0]
REAL
   0.419643   0.0196506 -0.00481165    0.333246
  0.0196506    0.100765   0.0534292 -0.00950964
-0.00481165   0.0534292    0.104592  -0.0202733
   0.333246 -0.00950964  -0.0202733       0.375
IMAGINARY
          0  -0.0118009 -0.00683654  -0.0157895
  0.0118009           0  -0.0113423   0.0192874
 0.00683654   0.0113423           0  0.00459253
  0.0157895  -0.0192874 -0.00459253           0
EndNode2[0]<--->HoM1[0]
REAL
   0.393094  0.00878625 -0.00800994    0.331587
 0.00878625   0.0982736    0.047914 -0.00445544
-0.00800994    0.047914    0.118194  0.00506417
   0.331587 -0.00445544  0.00506417    0.390438
IMAGINARY
          0  -0.0128757   0.0118338  -0.0078525
  0.0128757           0  0.00224851  0.00381243
 -0.0118338 -0.00224851           0   0.0366852
  0.0078525 -0.00381243  -0.0366852           0
Repeater1[0]<--->EndNode1[0]
REAL
   0.419643 -0.00481165   0.0196506    0.333246
-0.00481165    0.104592   0.0534292  -0.0202733
  0.0196506   0.0534292    0.100765 -0.00950964
   0.333246  -0.0202733 -0.00950964       0.375
IMAGINARY
          0 -0.00683654  -0.0118009  -0.0157895
 0.00683654           0   0.0113423  0.00459253
  0.0118009  -0.0113423           0   0.0192874
  0.0157895 -0.00459253  -0.0192874           0
Repeater1[0]<--->HoM1[0]
REAL
   0.393094 -0.00800994  0.00878625    0.331587
-0.00800994    0.118194    0.047914  0.00506417
 0.00878625    0.047914   0.0982736 -0.00445544
   0.331587  0.00506417 -0.00445544    0.390438
IMAGINARY
          0   0.0118338  -0.0128757  -0.0078525
 -0.0118338           0 -0.00224851   0.0366852
  0.0128757  0.00224851           0  0.00381243
  0.0078525  -0.0366852 -0.00381243           0
EndNode1[0]<--->Repeater1[0]
REAL
   0.365821  -0.0113819   0.0148786    0.343669
 -0.0113819    0.118825   0.0536692 -0.00664036
  0.0148786   0.0536692    0.108144  0.00567847
   0.343669 -0.00664036  0.00567847     0.40721
IMAGINARY
          0  -0.0249272   0.0127262  0.00574167
  0.0249272           0  0.00508636  0.00352377
 -0.0127262 -0.00508636           0  0.00117721
-0.00574167 -0.00352377 -0.00117721           0
EndNode2[0]<--->HoM1[0]
REAL
   0.398701 -0.00361936 -0.00174837    0.330121
-0.00361936   0.0922078   0.0575051  -0.0159284
-0.00174837   0.0575051    0.124675  0.00235673
   0.330121  -0.0159284  0.00235673    0.384416
IMAGINARY
          0  0.00391458   0.0276941   0.0229193
-0.00391458           0  0.00416125  -0.0020217
 -0.0276941 -0.00416125           0   -0.017362
 -0.0229193   0.0020217    0.017362           0
Repeater1[0]<--->EndNode1[0]
REAL
   0.365821   0.0148786  -0.0113819    0.343669
  0.0148786    0.108144   0.0536692  0.00567847
 -0.0113819   0.0536692    0.118825 -0.00664036
   0.343669  0.00567847 -0.00664036     0.40721
IMAGINARY
          0   0.0127262  -0.0249272  0.00574167
 -0.0127262           0 -0.00508636  0.00117721
  0.0249272  0.00508636           0  0.00352377
-0.00574167 -0.00117721 -0.00352377           0
Repeater1[0]<--->HoM1[0]
REAL
   0.398701 -0.00174837 -0.00361936    0.330121
-0.00174837    0.124675   0.0575051  0.00235673
-0.00361936   0.0575051   0.0922078  -0.0159284
   0.330121  0.00235673  -0.0159284    0.384416
IMAGINARY
          0   0.0276941  0.00391458   0.0229193
 -0.0276941           0 -0.00416125   -0.017362
-0.00391458  0.00416125           0  -0.0020217
 -0.0229193    0.017362   0.0020217           0
EndNode1[0]<--->Repeater1[0]
REAL
    0.405337   0.00861741  -0.00465104     0.322295
  0.00861741     0.120712    0.0523719  -0.00334896
 -0.00465104    0.0523719    0.0991105 -0.000617414
    0.322295  -0.00334896 -0.000617414     0.374841
IMAGINARY
          0  0.00144855   0.0078212  0.00694749
-0.00144855           0 -0.00566871 -0.00653585
 -0.0078212  0.00566871           0 -0.00401925
-0.00694749  0.00653585  0.00401925           0
EndNode2[0]<--->HoM1[0]
REAL
   0.416769  0.00767433  0.00194951    0.346656
 0.00767433    0.108508   0.0474329 -0.00933867
 0.00194951   0.0474329   0.0937115  -0.0101374
   0.346656 -0.00933867  -0.0101374    0.381011
IMAGINARY
           0    0.0135978   -0.0172809  0.000414027
  -0.0135978            0    0.0172971   -0.0086258
   0.0172809   -0.0172971            0  0.000650863
-0.000414027    0.0086258 -0.000650863            0
Repeater1[0]<--->EndNode1[0]
REAL
    0.405337  -0.00465104   0.00861741     0.322295
 -0.00465104    0.0991105    0.0523719 -0.000617414
  0.00861741    0.0523719     0.120712  -0.00334896
    0.322295 -0.000617414  -0.00334896     0.374841
IMAGINARY
          0   0.0078212  0.00144855  0.00694749
 -0.0078212           0  0.00566871 -0.00401925
-0.00144855 -0.00566871           0 -0.00653585
-0.00694749  0.00401925  0.00653585           0
Repeater1[0]<--->HoM1[0]
REAL
   0.416769  0.00194951  0.00767433    0.346656
 0.00194951   0.0937115   0.0474329  -0.0101374
 0.00767433   0.0474329    0.108508 -0.00933867
   0.346656  -0.0101374 -0.00933867    0.381011
IMAGINARY
           0   -0.0172809    0.0135978  0.000414027
   0.0172809            0   -0.0172971  0.000650863
  -0.0135978    0.0172971            0   -0.0086258
-0.000414027 -0.000650863    0.0086258            0
EndNode1[0]<--->Repeater1[0]
REAL
    0.395619   0.00958008    0.0246915     0.338651
  0.00958008    0.0902062     0.035601  -0.00972145
   0.0246915     0.035601     0.119845 -0.000598041
    0.338651  -0.00972145 -0.000598041      0.39433
IMAGINARY
          0  -0.0131015    -0.00655  -0.0206844
  0.0131015           0 -0.00635967  0.00464403
    0.00655  0.00635967           0  0.00103037
  0.0206844 -0.00464403 -0.00103037           0
EndNode2[0]<--->HoM1[0]
REAL
  0.385856 -0.0033505 -0.0274403   0.321214
-0.0033505   0.115385  0.0612145 -0.0100274
-0.0274403  0.0612145   0.102978 -0.0095694
  0.321214 -0.0100274 -0.0095694   0.395782
IMAGINARY
           0  9.34827e-05  -0.00411134   0.00736236
-9.34827e-05            0   0.00736236    0.0158355
  0.00411134  -0.00736236            0  -0.00630038
 -0.00736236   -0.0158355   0.00630038            0
Repeater1[0]<--->EndNode1[0]
REAL
    0.395619    0.0246915   0.00958008     0.338651
   0.0246915     0.119845     0.035601 -0.000598041
  0.00958008     0.035601    0.0902062  -0.00972145
    0.338651 -0.000598041  -0.00972145      0.39433
IMAGINARY
          0    -0.00655  -0.0131015  -0.0206844
    0.00655           0  0.00635967  0.00103037
  0.0131015 -0.00635967           0  0.00464403
  0.0206844 -0.00103037 -0.00464403           0
Repeater1[0]<--->HoM1[0]
REAL
  0.385856 -0.0274403 -0.0033505   0.321214
-0.0274403   0.102978  0.0612145 -0.0095694
-0.0033505  0.0612145   0.115385 -0.0100274
  0.321214 -0.0095694 -0.0100274   0.395782
IMAGINARY
           0  -0.00411134  9.34827e-05   0.00736236
  0.00411134            0  -0.00736236  -0.00630038
-9.34827e-05   0.00736236            0    0.0158355
 -0.00736236   0.00630038   -0.0158355            0
EndNode1[0]<--->Repeater1[0]
REAL
      0.375 -0.00995525  0.00232099    0.328968
-0.00995525    0.130102   0.0567828  -0.0157998
 0.00232099   0.0567828       0.125 0.000327524
   0.328968  -0.0157998 0.000327524    0.369898
IMAGINARY
           0   -0.0104557   -0.0144761 -0.000850221
   0.0104557            0  -0.00902632    0.0111649
   0.0144761   0.00902632            0     0.027012
 0.000850221   -0.0111649    -0.027012            0
EndNode2[0]<--->HoM1[0]
REAL
   0.406045  -0.0110821  0.00668984    0.320859
 -0.0110821    0.127464   0.0749475 -0.00986646
 0.00668984   0.0749475    0.102497 0.000281564
   0.320859 -0.00986646 0.000281564    0.363995
IMAGINARY
           0     0.008428  0.000530583   0.00230535
   -0.008428            0   -0.0140773   0.00512979
-0.000530583    0.0140773            0   -0.0166041
 -0.00230535  -0.00512979    0.0166041            0
Repeater1[0]<--->EndNode1[0]
REAL
      0.375  0.00232099 -0.00995525    0.328968
 0.00232099       0.125   0.0567828 0.000327524
-0.00995525   0.0567828    0.130102  -0.0157998
   0.328968 0.000327524  -0.0157998    0.369898
IMAGINARY
           0   -0.0144761   -0.0104557 -0.000850221
   0.0144761            0   0.00902632     0.027012
   0.0104557  -0.00902632            0    0.0111649
 0.000850221    -0.027012   -0.0111649            0
Repeater1[0]<--->HoM1[0]
REAL
   0.406045  0.00668984  -0.0110821    0.320859
 0.00668984    0.102497   0.0749475 0.000281564
 -0.0110821   0.0749475    0.127464 -0.00986646
   0.320859 0.000281564 -0.00986646    0.363995
IMAGINARY
           0  0.000530583     0.008428   0.00230535
-0.000530583            0    0.0140773   -0.0166041
   -0.008428   -0.0140773            0   0.00512979
 -0.00230535    0.0166041  -0.00512979            0
EndNode1[0]<--->Repeater1[0]
REAL
   0.394922 -0.00683953   0.0103399    0.342816
-0.00683953   0.0944993    0.044824  0.00152032
  0.0103399    0.044824   0.0973202  0.00621531
   0.342816  0.00152032  0.00621531    0.413258
IMAGINARY
          0  -0.0181848  -0.0113089  0.00729314
  0.0181848           0   0.0203821  0.00189863
  0.0113089  -0.0203821           0  0.00626509
-0.00729314 -0.00189863 -0.00626509           0
EndNode2[0]<--->HoM1[0]
REAL
   0.393484 0.000964396   0.0118238    0.298043
