EndNode1[0]<--->Repeater1[0]
REAL
   0.384422   -0.012349  -0.0120566    0.110286
  -0.012349    0.109296 -0.00418651   0.0101506
 -0.0120566 -0.00418651   0.0992462   0.0129843
   0.110286   0.0101506   0.0129843    0.407035
IMAGINARY
           0  -0.00736636   -0.0145409  0.000543721
  0.00736636            0   0.00325375  -0.00621827
   0.0145409  -0.00325375            0     0.005587
-0.000543721   0.00621827    -0.005587            0
EndNode2[0]<--->HoM1[0]
REAL
   0.382641   0.0115451  0.00591683    0.155889
  0.0115451    0.096577 -0.00905896 -0.00268268
 0.00591683 -0.00905896    0.103912 0.000744636
   0.155889 -0.00268268 0.000744636     0.41687
IMAGINARY
          0 -0.00275831   0.0149776 -0.00415804
 0.00275831           0  0.00213919  -0.0214209
 -0.0149776 -0.00213919           0  -0.0139943
 0.00415804   0.0214209   0.0139943           0
Repeater1[0]<--->EndNode1[0]
REAL
   0.384422  -0.0120566   -0.012349    0.110286
 -0.0120566   0.0992462 -0.00418651   0.0129843
  -0.012349 -0.00418651    0.109296   0.0101506
   0.110286   0.0129843   0.0101506    0.407035
IMAGINARY
           0   -0.0145409  -0.00736636  0.000543721
   0.0145409            0  -0.00325375     0.005587
  0.00736636   0.00325375            0  -0.00621827
-0.000543721    -0.005587   0.00621827            0
Repeater1[0]<--->HoM1[0]
REAL
   0.382641  0.00591683   0.0115451    0.155889
 0.00591683    0.103912 -0.00905896 0.000744636
  0.0115451 -0.00905896    0.096577 -0.00268268
   0.155889 0.000744636 -0.00268268     0.41687
IMAGINARY
          0   0.0149776 -0.00275831 -0.00415804
 -0.0149776           0 -0.00213919  -0.0139943
 0.00275831  0.00213919           0  -0.0214209
 0.00415804   0.0139943   0.0214209           0
EndNode1[0]<--->Repeater1[0]
REAL
  0.440476 -0.0185807 0.00901482   0.122169
-0.0185807  0.0886243 -0.0172783 0.00449869
0.00901482 -0.0172783  0.0965608  0.0102152
  0.122169 0.00449869  0.0102152   0.374339
IMAGINARY
           0  -0.00405834   0.00341131   -0.0168245
  0.00405834            0   -0.0125088    -0.010949
 -0.00341131    0.0125088            0  0.000289491
   0.0168245     0.010949 -0.000289491            0
EndNode2[0]<--->HoM1[0]
REAL
 0.431034 0.0191719 0.0172672  0.133676
0.0191719 0.0981432 0.0321532  0.027959
0.0172672 0.0321532 0.0862069 0.0185166
 0.133676  0.027959 0.0185166  0.384615
IMAGINARY
          0  0.00711968  -0.0133628   0.0196159
-0.00711968           0   0.0189429  0.00701763
  0.0133628  -0.0189429           0   0.0119158
 -0.0196159 -0.00701763  -0.0119158           0
Repeater1[0]<--->EndNode1[0]
REAL
  0.440476 0.00901482 -0.0185807   0.122169
0.00901482  0.0965608 -0.0172783  0.0102152
-0.0185807 -0.0172783  0.0886243 0.00449869
  0.122169  0.0102152 0.00449869   0.374339
IMAGINARY
           0   0.00341131  -0.00405834   -0.0168245
 -0.00341131            0    0.0125088  0.000289491
  0.00405834   -0.0125088            0    -0.010949
   0.0168245 -0.000289491     0.010949            0
Repeater1[0]<--->HoM1[0]
REAL
 0.431034 0.0172672 0.0191719  0.133676
0.0172672 0.0862069 0.0321532 0.0185166
0.0191719 0.0321532 0.0981432  0.027959
 0.133676 0.0185166  0.027959  0.384615
IMAGINARY
          0  -0.0133628  0.00711968   0.0196159
  0.0133628           0  -0.0189429   0.0119158
-0.00711968   0.0189429           0  0.00701763
 -0.0196159  -0.0119158 -0.00701763           0
EndNode1[0]<--->Repeater1[0]
REAL
   0.367629  -0.0172823    0.013062    0.113195
 -0.0172823    0.117942 -0.00687667    0.013062
   0.013062 -0.00687667   0.0890841  0.00938437
   0.113195    0.013062  0.00938437    0.425345
IMAGINARY
          0   0.0246636 -0.00440015  -0.0273948
 -0.0246636           0   -0.021497 -0.00575517
 0.00440015    0.021497           0 -0.00256084
  0.0273948  0.00575517  0.00256084           0
EndNode2[0]<--->HoM1[0]
REAL
  0.394256 0.00305643 -0.0113077    0.14772
0.00305643   0.114883  0.0246041 0.00216935
-0.0113077  0.0246041  0.0939948  0.0152203
   0.14772 0.00216935  0.0152203   0.396867
IMAGINARY
          0   0.0229701  0.00369153  0.00443861
 -0.0229701           0   0.0086504   0.0113838
-0.00369153  -0.0086504           0 -0.00286965
-0.00443861  -0.0113838  0.00286965           0
Repeater1[0]<--->EndNode1[0]
REAL
   0.367629    0.013062  -0.0172823    0.113195
   0.013062   0.0890841 -0.00687667  0.00938437
 -0.0172823 -0.00687667    0.117942    0.013062
   0.113195  0.00938437    0.013062    0.425345
IMAGINARY
          0 -0.00440015   0.0246636  -0.0273948
 0.00440015           0    0.021497 -0.00256084
 -0.0246636   -0.021497           0 -0.00575517
  0.0273948  0.00256084  0.00575517           0
Repeater1[0]<--->HoM1[0]
REAL
  0.394256 -0.0113077 0.00305643    0.14772
-0.0113077  0.0939948  0.0246041  0.0152203
0.00305643  0.0246041   0.114883 0.00216935
   0.14772  0.0152203 0.00216935   0.396867
IMAGINARY
          0  0.00369153   0.0229701  0.00443861
-0.00369153           0  -0.0086504 -0.00286965
 -0.0229701   0.0086504           0   0.0113838
-0.00443861  0.00286965  -0.0113838           0
EndNode1[0]<--->Repeater1[0]
REAL
   0.406329  -0.0073862 -0.00643671    0.138836
 -0.0073862    0.101266    0.018417 0.000660069
-0.00643671    0.018417    0.101266  -0.0150785
   0.138836 0.000660069  -0.0150785    0.391139
IMAGINARY
          0  0.00100834   0.0226134  -0.0061875
-0.00100834           0  0.00421641  0.00487355
 -0.0226134 -0.00421641           0  0.00553616
  0.0061875 -0.00487355 -0.00553616           0
EndNode2[0]<--->HoM1[0]
REAL
   0.414179  -0.0200474 0.000648918    0.112805
 -0.0200474    0.105721  0.00176407  0.00266234
0.000648918  0.00176407   0.0845771  0.00614015
   0.112805  0.00266234  0.00614015    0.395522
IMAGINARY
          0 -0.00880911  0.00474972   0.0168971
 0.00880911           0  -0.0107411  -0.0241976
-0.00474972   0.0107411           0 -0.00185588
 -0.0168971   0.0241976  0.00185588           0
Repeater1[0]<--->EndNode1[0]
REAL
   0.406329 -0.00643671  -0.0073862    0.138836
-0.00643671    0.101266    0.018417  -0.0150785
 -0.0073862    0.018417    0.101266 0.000660069
   0.138836  -0.0150785 0.000660069    0.391139
IMAGINARY
          0   0.0226134  0.00100834  -0.0061875
 -0.0226134           0 -0.00421641  0.00553616
-0.00100834  0.00421641           0  0.00487355
  0.0061875 -0.00553616 -0.00487355           0
Repeater1[0]<--->HoM1[0]
REAL
   0.414179 0.000648918  -0.0200474    0.112805
0.000648918   0.0845771  0.00176407  0.00614015
 -0.0200474  0.00176407    0.105721  0.00266234
   0.112805  0.00614015  0.00266234    0.395522
IMAGINARY
          0  0.00474972 -0.00880911   0.0168971
-0.00474972           0   0.0107411 -0.00185588
 0.00880911  -0.0107411           0  -0.0241976
 -0.0168971  0.00185588   0.0241976           0
EndNode1[0]<--->Repeater1[0]
REAL
   0.432083  0.00420119   0.0158404    0.115492
 0.00420119    0.104787 -0.00150272    0.024315
  0.0158404 -0.00150272   0.0905563   0.0255916
   0.115492    0.024315   0.0255916    0.372574
IMAGINARY
          0  -0.0231647  0.00647819  -0.0107567
  0.0231647           0 -0.00385579   0.0230785
-0.00647819  0.00385579           0  -0.0174757
  0.0107567  -0.0230785   0.0174757           0
EndNode2[0]<--->HoM1[0]
REAL
   0.364486   0.0134338   0.0101889    0.122218
  0.0134338     0.11482   0.0320113 -0.00272622
  0.0101889   0.0320113   0.0947931   0.0114418
   0.122218 -0.00272622   0.0114418    0.425901
IMAGINARY
           0 -0.000635041   -0.0142131  -0.00494045
 0.000635041            0   0.00860793   0.00648115
   0.0142131  -0.00860793            0    0.0367175
  0.00494045  -0.00648115   -0.0367175            0
Repeater1[0]<--->EndNode1[0]
REAL
   0.432083   0.0158404  0.00420119    0.115492
  0.0158404   0.0905563 -0.00150272   0.0255916
 0.00420119 -0.00150272    0.104787    0.024315
   0.115492   0.0255916    0.024315    0.372574
IMAGINARY
          0  0.00647819  -0.0231647  -0.0107567
-0.00647819           0  0.00385579  -0.0174757
  0.0231647 -0.00385579           0   0.0230785
  0.0107567   0.0174757  -0.0230785           0
Repeater1[0]<--->HoM1[0]
REAL
   0.364486   0.0101889   0.0134338    0.122218
  0.0101889   0.0947931   0.0320113   0.0114418
  0.0134338   0.0320113     0.11482 -0.00272622
   0.122218   0.0114418 -0.00272622    0.425901
IMAGINARY
           0   -0.0142131 -0.000635041  -0.00494045
   0.0142131            0  -0.00860793    0.0367175
 0.000635041   0.00860793            0   0.00648115
  0.00494045   -0.0367175  -0.00648115            0
EndNode1[0]<--->Repeater1[0]
REAL
   0.416049 -0.00808544  0.00225319    0.136657
-0.00808544    0.104938   0.0369179 0.000337482
 0.00225319   0.0369179   0.0839506 -0.00486793
   0.136657 0.000337482 -0.00486793    0.395062
IMAGINARY
           0   0.00424479  -0.00492014    0.0106558
 -0.00424479            0  0.000293105  0.000356906
  0.00492014 -0.000293105            0   -0.0140231
  -0.0106558 -0.000356906    0.0140231            0
EndNode2[0]<--->HoM1[0]
REAL
   0.408575 -0.00571369 -0.00505447    0.124679
-0.00571369    0.102144  0.00363965 -0.00569142
-0.00505447  0.00363965    0.107188   0.0177238
   0.124679 -0.00569142   0.0177238    0.382093
IMAGINARY
          0  -0.0136461   0.0123743  -0.0343098
  0.0136461           0  0.00806308  0.00346849
 -0.0123743 -0.00806308           0  0.00414043
  0.0343098 -0.00346849 -0.00414043           0
Repeater1[0]<--->EndNode1[0]
REAL
   0.416049  0.00225319 -0.00808544    0.136657
 0.00225319   0.0839506   0.0369179 -0.00486793
-0.00808544   0.0369179    0.104938 0.000337482
   0.136657 -0.00486793 0.000337482    0.395062
IMAGINARY
           0  -0.00492014   0.00424479    0.0106558
  0.00492014            0 -0.000293105   -0.0140231
 -0.00424479  0.000293105            0  0.000356906
  -0.0106558    0.0140231 -0.000356906            0
Repeater1[0]<--->HoM1[0]
REAL
   0.408575 -0.00505447 -0.00571369    0.124679
-0.00505447    0.107188  0.00363965   0.0177238
-0.00571369  0.00363965    0.102144 -0.00569142
   0.124679   0.0177238 -0.00569142    0.382093
IMAGINARY
          0   0.0123743  -0.0136461  -0.0343098
 -0.0123743           0 -0.00806308  0.00414043
  0.0136461  0.00806308           0  0.00346849
  0.0343098 -0.00414043 -0.00346849           0
EndNode1[0]<--->Repeater1[0]
REAL
   0.415167  -0.0149394 -0.00308234    0.118392
 -0.0149394    0.101542   0.0134373  0.00664529
-0.00308234   0.0134373   0.0784062   0.0113764
   0.118392  0.00664529   0.0113764    0.404884
IMAGINARY
           0 -0.000424233   -0.0163932    0.0278275
 0.000424233            0    0.0160781   -0.0194607
   0.0163932   -0.0160781            0   -0.0171768
  -0.0278275    0.0194607    0.0171768            0
EndNode2[0]<--->HoM1[0]
REAL
    0.407068    0.0216088 -0.000298322     0.120329
   0.0216088     0.091623    0.0101592  -0.00701875
-0.000298322    0.0101592    0.0955497   -0.0179502
    0.120329  -0.00701875   -0.0179502     0.405759
IMAGINARY
          0   0.0114855 -0.00142543 -0.00734194
 -0.0114855           0  -0.0104246   -0.020087
 0.00142543   0.0104246           0 -0.00170713
 0.00734194    0.020087  0.00170713           0
Repeater1[0]<--->EndNode1[0]
REAL
   0.415167 -0.00308234  -0.0149394    0.118392
-0.00308234   0.0784062   0.0134373   0.0113764
 -0.0149394   0.0134373    0.101542  0.00664529
   0.118392   0.0113764  0.00664529    0.404884
IMAGINARY
           0   -0.0163932 -0.000424233    0.0278275
   0.0163932            0   -0.0160781   -0.0171768
 0.000424233    0.0160781            0   -0.0194607
  -0.0278275    0.0171768    0.0194607            0
Repeater1[0]<--->HoM1[0]
REAL
    0.407068 -0.000298322    0.0216088     0.120329
-0.000298322    0.0955497    0.0101592   -0.0179502
   0.0216088    0.0101592     0.091623  -0.00701875
    0.120329   -0.0179502  -0.00701875     0.405759
IMAGINARY
          0 -0.00142543   0.0114855 -0.00734194
 0.00142543           0   0.0104246 -0.00170713
 -0.0114855  -0.0104246           0   -0.020087
 0.00734194  0.00170713    0.020087           0
EndNode1[0]<--->Repeater1[0]
REAL
   0.413098 -0.00652925 -0.00942299    0.130866
-0.00652925   0.0957179 -0.00387216 -0.00223345
-0.00942299 -0.00387216   0.0969773 -0.00267321
   0.130866 -0.00223345 -0.00267321    0.394207
IMAGINARY
          0   0.0123056  -0.0249581  -0.0205923
 -0.0123056           0 -0.00600344   0.0128253
  0.0249581  0.00600344           0 -0.00272707
  0.0205923  -0.0128253  0.00272707           0
EndNode2[0]<--->HoM1[0]
REAL
        0.4  -0.0057831 -0.00561427    0.119784
 -0.0057831      0.1125  -0.0222235  0.00561427
-0.00561427  -0.0222235     0.08375 -0.00641203
   0.119784  0.00561427 -0.00641203     0.40375
IMAGINARY
          0 -0.00511312   0.0288036 -0.00470908
 0.00511312           0  0.00157232  -0.0175751
 -0.0288036 -0.00157232           0   0.0110576
 0.00470908   0.0175751  -0.0110576           0
Repeater1[0]<--->EndNode1[0]
REAL
   0.413098 -0.00942299 -0.00652925    0.130866
-0.00942299   0.0969773 -0.00387216 -0.00267321
-0.00652925 -0.00387216   0.0957179 -0.00223345
   0.130866 -0.00267321 -0.00223345    0.394207
IMAGINARY
          0  -0.0249581   0.0123056  -0.0205923
  0.0249581           0  0.00600344 -0.00272707
 -0.0123056 -0.00600344           0   0.0128253
  0.0205923  0.00272707  -0.0128253           0
Repeater1[0]<--->HoM1[0]
REAL
        0.4 -0.00561427  -0.0057831    0.119784
-0.00561427     0.08375  -0.0222235 -0.00641203
 -0.0057831  -0.0222235      0.1125  0.00561427
   0.119784 -0.00641203  0.00561427     0.40375
IMAGINARY
          0   0.0288036 -0.00511312 -0.00470908
 -0.0288036           0 -0.00157232   0.0110576
 0.00511312  0.00157232           0  -0.0175751
 0.00470908  -0.0110576   0.0175751           0
EndNode1[0]<--->Repeater1[0]
REAL
   0.403797  0.00647248  0.00953897    0.144125
 0.00647248         0.1 -0.00376255  0.00404447
 0.00953897 -0.00376255    0.102532  0.00969828
   0.144125  0.00404447  0.00969828    0.393671
IMAGINARY
          0  -0.0128451   0.0103744   0.0214639
  0.0128451           0  -0.0036557  0.00435031
 -0.0103744   0.0036557           0  -0.0108425
 -0.0214639 -0.00435031   0.0108425           0
EndNode2[0]<--->HoM1[0]
REAL
   0.420573  0.00856632   0.0130577    0.136423
 0.00856632    0.102865 -0.00766525  -0.0176329
  0.0130577 -0.00766525   0.0859375   0.0130023
   0.136423  -0.0176329   0.0130023    0.390625
IMAGINARY
          0   0.0102559 -0.00127591  -0.0373222
 -0.0102559           0  -0.0173754  -0.0135024
 0.00127591   0.0173754           0 -0.00902434
  0.0373222   0.0135024  0.00902434           0
Repeater1[0]<--->EndNode1[0]
REAL
   0.403797  0.00953897  0.00647248    0.144125
 0.00953897    0.102532 -0.00376255  0.00969828
 0.00647248 -0.00376255         0.1  0.00404447
   0.144125  0.00969828  0.00404447    0.393671
IMAGINARY
          0   0.0103744  -0.0128451   0.0214639
 -0.0103744           0   0.0036557  -0.0108425
  0.0128451  -0.0036557           0  0.00435031
 -0.0214639   0.0108425 -0.00435031           0
Repeater1[0]<--->HoM1[0]
REAL
   0.420573   0.0130577  0.00856632    0.136423
  0.0130577   0.0859375 -0.00766525   0.0130023
 0.00856632 -0.00766525    0.102865  -0.0176329
   0.136423   0.0130023  -0.0176329    0.390625
IMAGINARY
          0 -0.00127591   0.0102559  -0.0373222
 0.00127591           0   0.0173754 -0.00902434
 -0.0102559  -0.0173754           0  -0.0135024
  0.0373222  0.00902434   0.0135024           0
EndNode1[0]<--->Repeater1[0]
REAL
  0.402228 0.00323258  0.0146679   0.110246
0.00323258   0.100248 0.00414988 0.00204162
 0.0146679 0.00414988  0.0965347  0.0263304
  0.110246 0.00204162  0.0263304    0.40099
IMAGINARY
          0  0.00854181  -0.0094758  -0.0149124
-0.00854181           0  -0.0136401  0.00185564
  0.0094758   0.0136401           0 -0.00795565
  0.0149124 -0.00185564  0.00795565           0
EndNode2[0]<--->HoM1[0]
REAL
   0.406711 -0.00698657  0.00683468    0.157008
-0.00698657    0.104698   0.0214697 -0.00289768
 0.00683468   0.0214697     0.12349   0.0043619
   0.157008 -0.00289768   0.0043619    0.365101
IMAGINARY
          0  0.00203122  0.00163222  -0.0027229
-0.00203122           0   0.0113436  -0.0152509
-0.00163222  -0.0113436           0   0.0102904
  0.0027229   0.0152509  -0.0102904           0
Repeater1[0]<--->EndNode1[0]
REAL
  0.402228  0.0146679 0.00323258   0.110246
 0.0146679  0.0965347 0.00414988  0.0263304
0.00323258 0.00414988   0.100248 0.00204162
  0.110246  0.0263304 0.00204162    0.40099
IMAGINARY
          0  -0.0094758  0.00854181  -0.0149124
  0.0094758           0   0.0136401 -0.00795565
-0.00854181  -0.0136401           0  0.00185564
  0.0149124  0.00795565 -0.00185564           0
Repeater1[0]<--->HoM1[0]
REAL
   0.406711  0.00683468 -0.00698657    0.157008
 0.00683468     0.12349   0.0214697   0.0043619
-0.00698657   0.0214697    0.104698 -0.00289768
   0.157008   0.0043619 -0.00289768    0.365101
IMAGINARY
          0  0.00163222  0.00203122  -0.0027229
-0.00163222           0  -0.0113436   0.0102904
-0.00203122   0.0113436           0  -0.0152509
  0.0027229  -0.0102904   0.0152509           0
EndNode1[0]<--->Repeater1[0]
REAL
  0.403141 0.00275288 0.00971087   0.107958
0.00275288  0.0955497  0.0272292 0.00645989
0.00971087  0.0272292  0.0863874  0.0134179
  0.107958 0.00645989  0.0134179   0.414921
IMAGINARY
           0   -0.0123992    0.0158638 -0.000237396
   0.0123992            0   -0.0118954   0.00106328
  -0.0158638    0.0118954            0   0.00328462
 0.000237396  -0.00106328  -0.00328462            0
EndNode2[0]<--->HoM1[0]
REAL
   0.386243  0.00972396  0.00488131    0.125542
 0.00972396    0.100529 -0.00320812   0.0133119
 0.00488131 -0.00320812    0.100529  0.00972396
   0.125542   0.0133119  0.00972396    0.412698
IMAGINARY
          0   0.0284785 -0.00342908  -0.0275695
 -0.0284785           0   0.0105884 -0.00407092
 0.00342908  -0.0105884           0  0.00277153
  0.0275695  0.00407092 -0.00277153           0
Repeater1[0]<--->EndNode1[0]
REAL
  0.403141 0.00971087 0.00275288   0.107958
0.00971087  0.0863874  0.0272292  0.0134179
0.00275288  0.0272292  0.0955497 0.00645989
  0.107958  0.0134179 0.00645989   0.414921
IMAGINARY
           0    0.0158638   -0.0123992 -0.000237396
  -0.0158638            0    0.0118954   0.00328462
   0.0123992   -0.0118954            0   0.00106328
 0.000237396  -0.00328462  -0.00106328            0
Repeater1[0]<--->HoM1[0]
REAL
   0.386243  0.00488131  0.00972396    0.125542
 0.00488131    0.100529 -0.00320812  0.00972396
 0.00972396 -0.00320812    0.100529   0.0133119
   0.125542  0.00972396   0.0133119    0.412698
IMAGINARY
          0 -0.00342908   0.0284785  -0.0275695
 0.00342908           0  -0.0105884  0.00277153
 -0.0284785   0.0105884           0 -0.00407092
  0.0275695 -0.00277153  0.00407092           0
EndNode1[0]<--->Repeater1[0]
REAL
   0.401535  -0.0178656  -0.0124783    0.142087
 -0.0178656    0.108696    0.010087 -0.00926081
 -0.0124783    0.010087    0.106138  -0.0328591
   0.142087 -0.00926081  -0.0328591    0.383632
IMAGINARY
          0 -0.00375092 -0.00258394  -0.0130072
 0.00375092           0  -0.0063227  -0.0147494
 0.00258394   0.0063227           0 -0.00558242
  0.0130072   0.0147494  0.00558242           0
EndNode2[0]<--->HoM1[0]
REAL
   0.384717   0.0187865   0.0005003     0.14387
  0.0187865    0.101449  0.00626079   0.0073326
  0.0005003  0.00626079   0.0988142 -0.00312071
    0.14387   0.0073326 -0.00312071     0.41502
IMAGINARY
          0 -0.00973576   0.0248805    0.011274
 0.00973576           0   0.0118967  0.00812073
 -0.0248805  -0.0118967           0 -0.00707619
  -0.011274 -0.00812073  0.00707619           0
Repeater1[0]<--->EndNode1[0]
REAL
   0.401535  -0.0124783  -0.0178656    0.142087
 -0.0124783    0.106138    0.010087  -0.0328591
 -0.0178656    0.010087    0.108696 -0.00926081
   0.142087  -0.0328591 -0.00926081    0.383632
IMAGINARY
          0 -0.00258394 -0.00375092  -0.0130072
 0.00258394           0   0.0063227 -0.00558242
 0.00375092  -0.0063227           0  -0.0147494
  0.0130072  0.00558242   0.0147494           0
Repeater1[0]<--->HoM1[0]
REAL
   0.384717   0.0005003   0.0187865     0.14387
  0.0005003   0.0988142  0.00626079 -0.00312071
  0.0187865  0.00626079    0.101449   0.0073326
    0.14387 -0.00312071   0.0073326     0.41502
IMAGINARY
          0   0.0248805 -0.00973576    0.011274
 -0.0248805           0  -0.0118967 -0.00707619
 0.00973576   0.0118967           0  0.00812073
  -0.011274  0.00707619 -0.00812073           0
EndNode1[0]<--->Repeater1[0]
REAL
   0.395046 -0.00696308 -0.00260046    0.109075
-0.00696308    0.083442  0.00316995  0.00515148
-0.00260046  0.00316995   0.0860495   -0.003241
   0.109075  0.00515148   -0.003241    0.435463
IMAGINARY
          0   0.0168489  -0.0157081   0.0020861
 -0.0168489           0   0.0125028 -0.00675665
  0.0157081  -0.0125028           0  -0.0187745
 -0.0020861  0.00675665   0.0187745           0
EndNode2[0]<--->HoM1[0]
REAL
  0.412334  0.0272804   0.009922   0.127349
 0.0272804   0.102781 -0.0191155 0.00800629
  0.009922 -0.0191155    0.08948  0.0132242
  0.127349 0.00800629  0.0132242   0.395405
IMAGINARY
           0   -0.0100276  -0.00573389   -0.0106517
   0.0100276            0  -0.00940174 -0.000579246
  0.00573389   0.00940174            0   -0.0164875
   0.0106517  0.000579246    0.0164875            0
Repeater1[0]<--->EndNode1[0]
REAL
   0.395046 -0.00260046 -0.00696308    0.109075
-0.00260046   0.0860495  0.00316995   -0.003241
-0.00696308  0.00316995    0.083442  0.00515148
   0.109075   -0.003241  0.00515148    0.435463
IMAGINARY
          0  -0.0157081   0.0168489   0.0020861
  0.0157081           0  -0.0125028  -0.0187745
 -0.0168489   0.0125028           0 -0.00675665
 -0.0020861   0.0187745  0.00675665           0
Repeater1[0]<--->HoM1[0]
REAL
  0.412334   0.009922  0.0272804   0.127349
  0.009922    0.08948 -0.0191155  0.0132242
 0.0272804 -0.0191155   0.102781 0.00800629
  0.127349  0.0132242 0.00800629   0.395405
IMAGINARY
           0  -0.00573389   -0.0100276   -0.0106517
  0.00573389            0   0.00940174   -0.0164875
   0.0100276  -0.00940174            0 -0.000579246
   0.0106517    0.0164875  0.000579246            0
EndNode1[0]<--->Repeater1[0]
REAL
  0.421795 0.00273018 -0.0135019   0.124017
0.00273018  0.0910256 -0.0118735 0.00916481
-0.0135019 -0.0118735   0.107692 0.00408519
  0.124017 0.00916481 0.00408519   0.379487
IMAGINARY
           0    0.0246151   0.00377276  -0.00934917
  -0.0246151            0   0.00113172   -0.0187272
 -0.00377276  -0.00113172            0  0.000742464
  0.00934917    0.0187272 -0.000742464            0
EndNode2[0]<--->HoM1[0]
REAL
   0.419098   0.0182022  0.00498753    0.140866
  0.0182022    0.107427 -0.00893966 -0.00498753
 0.00498753 -0.00893966   0.0928382   0.0200564
   0.140866 -0.00498753   0.0200564    0.380637
IMAGINARY
          0  0.00166688 -0.00634808  -0.0357555
-0.00166688           0   0.0106232   0.0147787
 0.00634808  -0.0106232           0  0.00806074
  0.0357555  -0.0147787 -0.00806074           0
Repeater1[0]<--->EndNode1[0]
REAL
  0.421795 -0.0135019 0.00273018   0.124017
-0.0135019   0.107692 -0.0118735 0.00408519
0.00273018 -0.0118735  0.0910256 0.00916481
  0.124017 0.00408519 0.00916481   0.379487
IMAGINARY
           0   0.00377276    0.0246151  -0.00934917
 -0.00377276            0  -0.00113172  0.000742464
  -0.0246151   0.00113172            0   -0.0187272
  0.00934917 -0.000742464    0.0187272            0
Repeater1[0]<--->HoM1[0]
REAL
   0.419098  0.00498753   0.0182022    0.140866
 0.00498753   0.0928382 -0.00893966   0.0200564
  0.0182022 -0.00893966    0.107427 -0.00498753
   0.140866   0.0200564 -0.00498753    0.380637
IMAGINARY
          0 -0.00634808  0.00166688  -0.0357555
 0.00634808           0  -0.0106232  0.00806074
-0.00166688   0.0106232           0   0.0147787
  0.0357555 -0.00806074  -0.0147787           0
EndNode1[0]<--->Repeater1[0]
REAL
   0.392388   0.0239563 -0.00298183    0.120855
  0.0239563    0.102362 -0.00334891   0.0101761
-0.00298183 -0.00334891    0.104987 -0.00357256
   0.120855   0.0101761 -0.00357256    0.400262
IMAGINARY
          0 -0.00677444  0.00916347   -0.006712
 0.00677444           0 -0.00470932 -0.00343099
-0.00916347  0.00470932           0  0.00995916
   0.006712  0.00343099 -0.00995916           0
EndNode2[0]<--->HoM1[0]
REAL
   0.394702    0.018789   -0.002817    0.109796
   0.018789   0.0913907 -0.00275003  0.00552703
  -0.002817 -0.00275003    0.119205 -0.00794893
   0.109796  0.00552703 -0.00794893    0.394702
IMAGINARY
          0  0.00203837   0.0045044   0.0169641
-0.00203837           0  -0.0126802  -0.0186495
 -0.0045044   0.0126802           0   0.0108768
 -0.0169641   0.0186495  -0.0108768           0
Repeater1[0]<--->EndNode1[0]
REAL
   0.392388 -0.00298183   0.0239563    0.120855
-0.00298183    0.104987 -0.00334891 -0.00357256
  0.0239563 -0.00334891    0.102362   0.0101761
   0.120855 -0.00357256   0.0101761    0.400262
IMAGINARY
          0  0.00916347 -0.00677444   -0.006712
-0.00916347           0  0.00470932  0.00995916
 0.00677444 -0.00470932           0 -0.00343099
   0.006712 -0.00995916  0.00343099           0
Repeater1[0]<--->HoM1[0]
REAL
   0.394702   -0.002817    0.018789    0.109796
  -0.002817    0.119205 -0.00275003 -0.00794893
   0.018789 -0.00275003   0.0913907  0.00552703
   0.109796 -0.00794893  0.00552703    0.394702
IMAGINARY
          0   0.0045044  0.00203837   0.0169641
 -0.0045044           0   0.0126802   0.0108768
-0.00203837  -0.0126802           0  -0.0186495
 -0.0169641  -0.0108768   0.0186495           0
EndNode1[0]<--->Repeater1[0]
REAL
    0.423792   0.00921687   -0.0114396     0.100778
  0.00921687    0.0916976 -2.52014e-06   0.00885561
  -0.0114396 -2.52014e-06      0.10285   -0.0130928
    0.100778   0.00885561   -0.0130928      0.38166
IMAGINARY
          0 -0.00423304  -0.0229433  -0.0141014
 0.00423304           0  -0.0399526   0.0196923
  0.0229433   0.0399526           0  0.00618363
  0.0141014  -0.0196923 -0.00618363           0
EndNode2[0]<--->HoM1[0]
REAL
   0.422794   0.0180617  0.00879177     0.13336
  0.0180617   0.0943627  -0.0122261 -0.00234847
 0.00879177  -0.0122261     0.11152   -0.024505
    0.13336 -0.00234847   -0.024505    0.371324
IMAGINARY
          0  0.00265992  -0.0046402  -0.0191782
-0.00265992           0   0.0205443  0.00266392
  0.0046402  -0.0205443           0  0.00326893
  0.0191782 -0.00266392 -0.00326893           0
Repeater1[0]<--->EndNode1[0]
REAL
    0.423792   -0.0114396   0.00921687     0.100778
  -0.0114396      0.10285 -2.52014e-06   -0.0130928
  0.00921687 -2.52014e-06    0.0916976   0.00885561
    0.100778   -0.0130928   0.00885561      0.38166
IMAGINARY
          0  -0.0229433 -0.00423304  -0.0141014
  0.0229433           0   0.0399526  0.00618363
 0.00423304  -0.0399526           0   0.0196923
  0.0141014 -0.00618363  -0.0196923           0
Repeater1[0]<--->HoM1[0]
REAL
   0.422794  0.00879177   0.0180617     0.13336
 0.00879177     0.11152  -0.0122261   -0.024505
  0.0180617  -0.0122261   0.0943627 -0.00234847
    0.13336   -0.024505 -0.00234847    0.371324
IMAGINARY
          0  -0.0046402  0.00265992  -0.0191782
  0.0046402           0  -0.0205443  0.00326893
-0.00265992   0.0205443           0  0.00266392
  0.0191782 -0.00326893 -0.00266392           0
EndNode1[0]<--->Repeater1[0]
REAL
   0.378947  -0.0259194 -0.00876096    0.125843
 -0.0259194   0.0960526 -0.00723209 -0.00106866
-0.00876096 -0.00723209    0.122368 -0.00356946
   0.125843 -0.00106866 -0.00356946    0.402632
IMAGINARY
          0  0.00675426  -0.0147493 -0.00457896
-0.00675426           0   0.0158671  0.00828933
  0.0147493  -0.0158671           0 -0.00804625
 0.00457896 -0.00828933  0.00804625           0
EndNode2[0]<--->HoM1[0]
REAL
    0.422164    0.0130915 -0.000596742     0.133932
   0.0130915     0.109499    0.0110612   -0.0221601
-0.000596742    0.0110612    0.0897098   0.00186298
    0.133932   -0.0221601   0.00186298     0.378628
IMAGINARY
          0    0.019605 -0.00461979 -0.00909284
  -0.019605           0    0.012327   -0.017278
 0.00461979   -0.012327           0 -0.00500643
 0.00909284    0.017278  0.00500643           0
Repeater1[0]<--->EndNode1[0]
REAL
   0.378947 -0.00876096  -0.0259194    0.125843
-0.00876096    0.122368 -0.00723209 -0.00356946
 -0.0259194 -0.00723209   0.0960526 -0.00106866
   0.125843 -0.00356946 -0.00106866    0.402632
IMAGINARY
          0  -0.0147493  0.00675426 -0.00457896
  0.0147493           0  -0.0158671 -0.00804625
-0.00675426   0.0158671           0  0.00828933
 0.00457896  0.00804625 -0.00828933           0
Repeater1[0]<--->HoM1[0]
REAL
    0.422164 -0.000596742    0.0130915     0.133932
-0.000596742    0.0897098    0.0110612   0.00186298
   0.0130915    0.0110612     0.109499   -0.0221601
    0.133932   0.00186298   -0.0221601     0.378628
IMAGINARY
          0 -0.00461979    0.019605 -0.00909284
 0.00461979           0   -0.012327 -0.00500643
  -0.019605    0.012327           0   -0.017278
 0.00909284  0.00500643    0.017278           0
EndNode1[0]<--->Repeater1[0]
REAL
   0.441327    0.020614  0.00061061    0.110645
   0.020614   0.0701531  0.00846852 -0.00476573
 0.00061061  0.00846852   0.0931122  0.00431674
   0.110645 -0.00476573  0.00431674    0.395408
IMAGINARY
          0  0.00848283   0.0249597  0.00627225
-0.00848283           0  0.00752538  0.00829303
 -0.0249597 -0.00752538           0  0.00542285
-0.00627225 -0.00829303 -0.00542285           0
EndNode2[0]<--->HoM1[0]
REAL
   0.369674   0.0201231  0.00385604    0.110871
  0.0201231   0.0964912   0.0163781  0.00385604
 0.00385604   0.0163781    0.107769 -0.00212823
   0.110871  0.00385604 -0.00212823    0.426065
IMAGINARY
          0 -0.00748615  0.00469605  -0.0312841
 0.00748615           0 -0.00315113  -0.0228437
-0.00469605  0.00315113           0  -0.0194225
  0.0312841   0.0228437   0.0194225           0
Repeater1[0]<--->EndNode1[0]
REAL
   0.441327  0.00061061    0.020614    0.110645
 0.00061061   0.0931122  0.00846852  0.00431674
   0.020614  0.00846852   0.0701531 -0.00476573
   0.110645  0.00431674 -0.00476573    0.395408
IMAGINARY
          0   0.0249597  0.00848283  0.00627225
 -0.0249597           0 -0.00752538  0.00542285
-0.00848283  0.00752538           0  0.00829303
-0.00627225 -0.00542285 -0.00829303           0
Repeater1[0]<--->HoM1[0]
REAL
   0.369674  0.00385604   0.0201231    0.110871
 0.00385604    0.107769   0.0163781 -0.00212823
  0.0201231   0.0163781   0.0964912  0.00385604
   0.110871 -0.00212823  0.00385604    0.426065
IMAGINARY
          0  0.00469605 -0.00748615  -0.0312841
-0.00469605           0  0.00315113  -0.0194225
 0.00748615 -0.00315113           0  -0.0228437
  0.0312841   0.0194225   0.0228437           0
EndNode1[0]<--->Repeater1[0]
REAL
   0.415167 -0.00499761  -0.0348235    0.112755
-0.00499761    0.104113   0.0196703  -0.0196319
 -0.0348235   0.0196703    0.101542 -0.00119051
   0.112755  -0.0196319 -0.00119051    0.379177
IMAGINARY
          0 -0.00539225  0.00644236  -0.0178276
 0.00539225           0 -0.00802364   0.0108449
-0.00644236  0.00802364           0  -0.0145546
  0.0178276  -0.0108449   0.0145546           0
EndNode2[0]<--->HoM1[0]
REAL
   0.411339  0.00820707 -0.00296861    0.109323
 0.00820707   0.0989144  -0.0181771  0.00557278
-0.00296861  -0.0181771   0.0965018 -0.00820707
   0.109323  0.00557278 -0.00820707    0.393245
IMAGINARY
          0   0.0190903 -0.00666858  -0.0184389
 -0.0190903           0 -0.00561835 -0.00208142
 0.00666858  0.00561835           0   0.0171597
  0.0184389  0.00208142  -0.0171597           0
Repeater1[0]<--->EndNode1[0]
REAL
   0.415167  -0.0348235 -0.00499761    0.112755
 -0.0348235    0.101542   0.0196703 -0.00119051
-0.00499761   0.0196703    0.104113  -0.0196319
   0.112755 -0.00119051  -0.0196319    0.379177
IMAGINARY
          0  0.00644236 -0.00539225  -0.0178276
-0.00644236           0  0.00802364  -0.0145546
 0.00539225 -0.00802364           0   0.0108449
  0.0178276   0.0145546  -0.0108449           0
Repeater1[0]<--->HoM1[0]
REAL
   0.411339 -0.00296861  0.00820707    0.109323
-0.00296861   0.0965018  -0.0181771 -0.00820707
 0.00820707  -0.0181771   0.0989144  0.00557278
   0.109323 -0.00820707  0.00557278    0.393245
IMAGINARY
          0 -0.00666858   0.0190903  -0.0184389
 0.00666858           0  0.00561835   0.0171597
 -0.0190903 -0.00561835           0 -0.00208142
  0.0184389  -0.0171597  0.00208142           0
EndNode1[0]<--->Repeater1[0]
REAL
   0.418367  -0.0186665 -0.00535571    0.120287
 -0.0186665   0.0778061 -0.00713885 -0.00665441
-0.00535571 -0.00713885    0.100765 -0.00851425
   0.120287 -0.00665441 -0.00851425    0.403061
IMAGINARY
          0  0.00511084   0.0166131   0.0294933
-0.00511084           0 -0.00792999  0.00343867
 -0.0166131  0.00792999           0 -0.00705133
 -0.0294933 -0.00343867  0.00705133           0
EndNode2[0]<--->HoM1[0]
REAL
   0.418663   0.0132704 -0.00599332     0.12696
  0.0132704   0.0933165   0.0102084   0.0205319
-0.00599332   0.0102084   0.0907945   0.0101178
    0.12696   0.0205319   0.0101178    0.397226
IMAGINARY
          0  -0.0038281  0.00632605 -0.00225998
  0.0038281           0 -0.00362238   0.0025572
-0.00632605  0.00362238           0   0.0127113
 0.00225998  -0.0025572  -0.0127113           0
Repeater1[0]<--->EndNode1[0]
REAL
   0.418367 -0.00535571  -0.0186665    0.120287
-0.00535571    0.100765 -0.00713885 -0.00851425
 -0.0186665 -0.00713885   0.0778061 -0.00665441
   0.120287 -0.00851425 -0.00665441    0.403061
IMAGINARY
          0   0.0166131  0.00511084   0.0294933
 -0.0166131           0  0.00792999 -0.00705133
-0.00511084 -0.00792999           0  0.00343867
 -0.0294933  0.00705133 -0.00343867           0
Repeater1[0]<--->HoM1[0]
REAL
   0.418663 -0.00599332   0.0132704     0.12696
-0.00599332   0.0907945   0.0102084   0.0101178
  0.0132704   0.0102084   0.0933165   0.0205319
    0.12696   0.0101178   0.0205319    0.397226
IMAGINARY
          0  0.00632605  -0.0038281 -0.00225998
-0.00632605           0  0.00362238   0.0127113
  0.0038281 -0.00362238           0   0.0025572
 0.00225998  -0.0127113  -0.0025572           0
EndNode1[0]<--->Repeater1[0]
REAL
   0.412437 0.000681861  -0.0123714    0.136103
0.000681861    0.100254   0.0193692   0.0185903
 -0.0123714   0.0193692    0.104061  0.00926839
   0.136103   0.0185903  0.00926839    0.383249
IMAGINARY
          0   0.0314347 -0.00610197    0.023315
 -0.0314347           0  -0.0049373  0.00407767
 0.00610197   0.0049373           0 -0.00511887
  -0.023315 -0.00407767  0.00511887           0
EndNode2[0]<--->HoM1[0]
REAL
    0.40625 -0.00834254   0.0157605    0.123754
-0.00834254   0.0846354 0.000457848   0.0176569
  0.0157605 0.000457848   0.0976562 -0.00111521
   0.123754   0.0176569 -0.00111521    0.411458
IMAGINARY
           0  -0.00678564  0.000781001   0.00673136
  0.00678564            0 -0.000592207   -0.0100747
-0.000781001  0.000592207            0   0.00120944
 -0.00673136    0.0100747  -0.00120944            0
Repeater1[0]<--->EndNode1[0]
REAL
   0.412437  -0.0123714 0.000681861    0.136103
 -0.0123714    0.104061   0.0193692  0.00926839
0.000681861   0.0193692    0.100254   0.0185903
   0.136103  0.00926839   0.0185903    0.383249
IMAGINARY
          0 -0.00610197   0.0314347    0.023315
 0.00610197           0   0.0049373 -0.00511887
 -0.0314347  -0.0049373           0  0.00407767
  -0.023315  0.00511887 -0.00407767           0
Repeater1[0]<--->HoM1[0]
REAL
    0.40625   0.0157605 -0.00834254    0.123754
  0.0157605   0.0976562 0.000457848 -0.00111521
-0.00834254 0.000457848   0.0846354   0.0176569
   0.123754 -0.00111521   0.0176569    0.411458
IMAGINARY
           0  0.000781001  -0.00678564   0.00673136
-0.000781001            0  0.000592207   0.00120944
  0.00678564 -0.000592207            0   -0.0100747
 -0.00673136  -0.00120944    0.0100747            0
EndNode1[0]<--->Repeater1[0]
REAL
   0.407359 -0.00189792 -0.00755657    0.131865
-0.00189792   0.0998686  0.00587058 -0.00942456
-0.00755657  0.00587058    0.107753  0.00252685
   0.131865 -0.00942456  0.00252685     0.38502
IMAGINARY
          0 -0.00350867    0.015369  0.00549867
 0.00350867           0 -0.00156166  -0.0140428
  -0.015369  0.00156166           0  0.00748745
-0.00549867   0.0140428 -0.00748745           0
EndNode2[0]<--->HoM1[0]
REAL
  0.400763  -0.010685 0.00709905   0.115629
 -0.010685  0.0954198  0.0148331 -0.0114686
0.00709905  0.0148331  0.0979644 -0.0061689
  0.115629 -0.0114686 -0.0061689   0.405852
IMAGINARY
          0 -0.00393141 -0.00887871  -0.0144051
 0.00393141           0 -0.00406923 -0.00571015
 0.00887871  0.00406923           0 -0.00667867
  0.0144051  0.00571015  0.00667867           0
Repeater1[0]<--->EndNode1[0]
REAL
   0.407359 -0.00755657 -0.00189792    0.131865
-0.00755657    0.107753  0.00587058  0.00252685
-0.00189792  0.00587058   0.0998686 -0.00942456
   0.131865  0.00252685 -0.00942456     0.38502
IMAGINARY
          0    0.015369 -0.00350867  0.00549867
  -0.015369           0  0.00156166  0.00748745
 0.00350867 -0.00156166           0  -0.0140428
-0.00549867 -0.00748745   0.0140428           0
Repeater1[0]<--->HoM1[0]
REAL
  0.400763 0.00709905  -0.010685   0.115629
0.00709905  0.0979644  0.0148331 -0.0061689
 -0.010685  0.0148331  0.0954198 -0.0114686
  0.115629 -0.0061689 -0.0114686   0.405852
IMAGINARY
          0 -0.00887871 -0.00393141  -0.0144051
 0.00887871           0  0.00406923 -0.00667867
 0.00393141 -0.00406923           0 -0.00571015
  0.0144051  0.00667867  0.00571015           0
EndNode1[0]<--->Repeater1[0]
REAL
  0.424516 0.00273556  0.0141759     0.1325
0.00273556  0.0967742  0.0198871 -0.0111159
 0.0141759  0.0198871   0.112258  0.0174603
    0.1325 -0.0111159  0.0174603   0.366452
IMAGINARY
          0 -0.00279772    0.002307  -0.0145412
 0.00279772           0 -0.00158783  -0.0042375
  -0.002307  0.00158783           0  -0.0197248
  0.0145412   0.0042375   0.0197248           0
EndNode2[0]<--->HoM1[0]
REAL
    0.413748  -0.00893231  -0.00101535     0.106737
 -0.00893231     0.115435    0.0216854  -0.00485167
 -0.00101535    0.0216854     0.075227 -0.000846052
    0.106737  -0.00485167 -0.000846052      0.39559
IMAGINARY
          0 -0.00653354  -0.0126369   0.0150331
 0.00653354           0  -0.0103477   0.0113483
  0.0126369   0.0103477           0   -0.010219
 -0.0150331  -0.0113483    0.010219           0
Repeater1[0]<--->EndNode1[0]
REAL
  0.424516  0.0141759 0.00273556     0.1325
 0.0141759   0.112258  0.0198871  0.0174603
0.00273556  0.0198871  0.0967742 -0.0111159
    0.1325  0.0174603 -0.0111159   0.366452
IMAGINARY
          0    0.002307 -0.00279772  -0.0145412
  -0.002307           0  0.00158783  -0.0197248
 0.00279772 -0.00158783           0  -0.0042375
  0.0145412   0.0197248   0.0042375           0
Repeater1[0]<--->HoM1[0]
REAL
    0.413748  -0.00101535  -0.00893231     0.106737
 -0.00101535     0.075227    0.0216854 -0.000846052
 -0.00893231    0.0216854     0.115435  -0.00485167
    0.106737 -0.000846052  -0.00485167      0.39559
IMAGINARY
          0  -0.0126369 -0.00653354   0.0150331
  0.0126369           0   0.0103477   -0.010219
 0.00653354  -0.0103477           0   0.0113483
 -0.0150331    0.010219  -0.0113483           0
EndNode1[0]<--->Repeater1[0]
REAL
   0.407731   0.0209147 -0.00267611    0.133077
  0.0209147    0.104738   0.0139062  -0.0120864
-0.00267611   0.0139062    0.108479 -0.00871959
   0.133077  -0.0120864 -0.00871959    0.379052
IMAGINARY
           0  -0.00605531   -0.0203804    0.0216013
  0.00605531            0 -8.23431e-05    0.0203804
   0.0203804  8.23431e-05            0   -0.0120794
  -0.0216013   -0.0203804    0.0120794            0
EndNode2[0]<--->HoM1[0]
REAL
    0.450255  -0.00738335 -0.000822501     0.107472
 -0.00738335     0.108418  -0.00485719    0.0197767
-0.000822501  -0.00485719    0.0867347  -0.00242057
    0.107472    0.0197767  -0.00242057     0.354592
IMAGINARY
