EndNode1[0]<--->Repeater1[0]
REAL
  0.294271 0.00587055 0.00897067   0.103953
0.00587055   0.231771  0.0581416 -0.0127113
0.00897067  0.0581416   0.217448 -0.0108581
  0.103953 -0.0127113 -0.0108581    0.25651
IMAGINARY
          0 -0.00850785  0.00281228 -0.00304669
 0.00850785           0  0.00824149 -0.00150338
-0.00281228 -0.00824149           0   0.0189791
 0.00304669  0.00150338  -0.0189791           0
EndNode2[0]<--->HoM1[0]
REAL
   0.316129  -0.0120427  0.00906738    0.122047
 -0.0120427         0.2   0.0672254 -0.00475172
 0.00906738   0.0672254    0.202581   0.0212906
   0.122047 -0.00475172   0.0212906     0.28129
IMAGINARY
          0 -0.00127026   0.0158622  -0.0085782
 0.00127026           0  0.00923351   0.0165024
 -0.0158622 -0.00923351           0  0.00193076
  0.0085782  -0.0165024 -0.00193076           0
Repeater1[0]<--->EndNode1[0]
REAL
  0.294271 0.00897067 0.00587055   0.103953
0.00897067   0.217448  0.0581416 -0.0108581
0.00587055  0.0581416   0.231771 -0.0127113
  0.103953 -0.0108581 -0.0127113    0.25651
IMAGINARY
          0  0.00281228 -0.00850785 -0.00304669
-0.00281228           0 -0.00824149   0.0189791
 0.00850785  0.00824149           0 -0.00150338
 0.00304669  -0.0189791  0.00150338           0
Repeater1[0]<--->HoM1[0]
REAL
   0.316129  0.00906738  -0.0120427    0.122047
 0.00906738    0.202581   0.0672254   0.0212906
 -0.0120427   0.0672254         0.2 -0.00475172
   0.122047   0.0212906 -0.00475172     0.28129
IMAGINARY
          0   0.0158622 -0.00127026  -0.0085782
 -0.0158622           0 -0.00923351  0.00193076
 0.00127026  0.00923351           0   0.0165024
  0.0085782 -0.00193076  -0.0165024           0
EndNode1[0]<--->Repeater1[0]
REAL
   0.284994 -0.00449539  0.00406568    0.122634
-0.00449539     0.24338   0.0690857   0.0118579
 0.00406568   0.0690857    0.208071  0.00513234
   0.122634   0.0118579  0.00513234    0.263556
IMAGINARY
         0  0.0145952 -0.0168441 -0.0230944
-0.0145952          0 -0.0175182 -0.0276721
 0.0168441  0.0175182          0 -0.0165307
 0.0230944  0.0276721  0.0165307          0
EndNode2[0]<--->HoM1[0]
REAL
   0.307487   0.0014771 -0.00437257    0.124148
  0.0014771    0.223262   0.0449874  -0.0178497
-0.00437257   0.0449874    0.219251  -0.0138228
   0.124148  -0.0178497  -0.0138228        0.25
IMAGINARY
           0  -0.00412143 -0.000699626  -0.00824318
  0.00412143            0    0.0158768  -0.00133014
 0.000699626   -0.0158768            0   -0.0141465
  0.00824318   0.00133014    0.0141465            0
Repeater1[0]<--->EndNode1[0]
REAL
   0.284994  0.00406568 -0.00449539    0.122634
 0.00406568    0.208071   0.0690857  0.00513234
-0.00449539   0.0690857     0.24338   0.0118579
   0.122634  0.00513234   0.0118579    0.263556
IMAGINARY
         0 -0.0168441  0.0145952 -0.0230944
 0.0168441          0  0.0175182 -0.0165307
-0.0145952 -0.0175182          0 -0.0276721
 0.0230944  0.0165307  0.0276721          0
Repeater1[0]<--->HoM1[0]
REAL
   0.307487 -0.00437257   0.0014771    0.124148
-0.00437257    0.219251   0.0449874  -0.0138228
  0.0014771   0.0449874    0.223262  -0.0178497
   0.124148  -0.0138228  -0.0178497        0.25
IMAGINARY
           0 -0.000699626  -0.00412143  -0.00824318
 0.000699626            0   -0.0158768   -0.0141465
  0.00412143    0.0158768            0  -0.00133014
  0.00824318    0.0141465   0.00133014            0
EndNode1[0]<--->Repeater1[0]
REAL
   0.296534   0.0202558 -0.00825942    0.132963
  0.0202558    0.242619   0.0660921   0.0197304
-0.00825942   0.0660921     0.21181 -0.00203719
   0.132963   0.0197304 -0.00203719    0.249037
IMAGINARY
           0   -0.0203235  -0.00508842   -0.0184783
   0.0203235            0  0.000575532  0.000793937
  0.00508842 -0.000575532            0   0.00130505
   0.0184783 -0.000793937  -0.00130505            0
EndNode2[0]<--->HoM1[0]
REAL
   0.295482 -0.00633385 -0.00887941   0.0936837
-0.00633385    0.216117   0.0760532  -0.0121732
-0.00887941   0.0760532     0.23199    0.018176
  0.0936837  -0.0121732    0.018176     0.25641
IMAGINARY
          0   0.0373416  -0.0129864  0.00549195
 -0.0373416           0  0.00218069 -0.00746493
  0.0129864 -0.00218069           0 -0.00278584
-0.00549195  0.00746493  0.00278584           0
Repeater1[0]<--->EndNode1[0]
REAL
   0.296534 -0.00825942   0.0202558    0.132963
-0.00825942     0.21181   0.0660921 -0.00203719
  0.0202558   0.0660921    0.242619   0.0197304
   0.132963 -0.00203719   0.0197304    0.249037
IMAGINARY
           0  -0.00508842   -0.0203235   -0.0184783
  0.00508842            0 -0.000575532   0.00130505
   0.0203235  0.000575532            0  0.000793937
   0.0184783  -0.00130505 -0.000793937            0
Repeater1[0]<--->HoM1[0]
REAL
   0.295482 -0.00887941 -0.00633385   0.0936837
-0.00887941     0.23199   0.0760532    0.018176
-0.00633385   0.0760532    0.216117  -0.0121732
  0.0936837    0.018176  -0.0121732     0.25641
IMAGINARY
          0  -0.0129864   0.0373416  0.00549195
  0.0129864           0 -0.00218069 -0.00278584
 -0.0373416  0.00218069           0 -0.00746493
-0.00549195  0.00278584  0.00746493           0
EndNode1[0]<--->Repeater1[0]
REAL
   0.305882 -0.00984818   0.0095493   0.0944479
-0.00984818    0.236601   0.0590553  0.00764816
  0.0095493   0.0590553    0.202614  -0.0111709
  0.0944479  0.00764816  -0.0111709    0.254902
IMAGINARY
          0  0.00614273 -0.00289575  0.00438583
-0.00614273           0  0.00117659 -0.00289575
 0.00289575 -0.00117659           0   0.0112318
-0.00438583  0.00289575  -0.0112318           0
EndNode2[0]<--->HoM1[0]
REAL
   0.292249 -0.00297839   0.0114978    0.113429
-0.00297839    0.207116   0.0638202  -0.0220798
  0.0114978   0.0638202    0.229987 -0.00231261
   0.113429  -0.0220798 -0.00231261    0.270648
IMAGINARY
           0   -0.0180001  7.89826e-05   0.00832421
   0.0180001            0   0.00768564   -0.0131338
-7.89826e-05  -0.00768564            0   -0.0198589
 -0.00832421    0.0131338    0.0198589            0
Repeater1[0]<--->EndNode1[0]
REAL
   0.305882   0.0095493 -0.00984818   0.0944479
  0.0095493    0.202614   0.0590553  -0.0111709
-0.00984818   0.0590553    0.236601  0.00764816
  0.0944479  -0.0111709  0.00764816    0.254902
IMAGINARY
          0 -0.00289575  0.00614273  0.00438583
 0.00289575           0 -0.00117659   0.0112318
-0.00614273  0.00117659           0 -0.00289575
-0.00438583  -0.0112318  0.00289575           0
Repeater1[0]<--->HoM1[0]
REAL
   0.292249   0.0114978 -0.00297839    0.113429
  0.0114978    0.229987   0.0638202 -0.00231261
-0.00297839   0.0638202    0.207116  -0.0220798
   0.113429 -0.00231261  -0.0220798    0.270648
IMAGINARY
           0  7.89826e-05   -0.0180001   0.00832421
-7.89826e-05            0  -0.00768564   -0.0198589
   0.0180001   0.00768564            0   -0.0131338
 -0.00832421    0.0198589    0.0131338            0
EndNode1[0]<--->Repeater1[0]
REAL
    0.27381 -0.00985888   0.0264308    0.118021
-0.00985888    0.242063   0.0321128  -0.0170474
  0.0264308   0.0321128    0.216931 -0.00622691
   0.118021  -0.0170474 -0.00622691    0.267196
IMAGINARY
          0   -0.015311  0.00878307    0.015375
   0.015311           0 -0.00168533  0.00419592
-0.00878307  0.00168533           0   0.0233456
  -0.015375 -0.00419592  -0.0233456           0
EndNode2[0]<--->HoM1[0]
REAL
  0.331234  0.0222178 -0.0103168   0.120951
 0.0222178   0.212846  0.0327988 -0.0034332
-0.0103168  0.0327988    0.20403  0.0152822
  0.120951 -0.0034332  0.0152822   0.251889
IMAGINARY
          0  0.00482416  -0.0109971  -0.0026787
-0.00482416           0  -0.0116442   0.0117023
  0.0109971   0.0116442           0 -0.00835025
  0.0026787  -0.0117023  0.00835025           0
Repeater1[0]<--->EndNode1[0]
REAL
    0.27381   0.0264308 -0.00985888    0.118021
  0.0264308    0.216931   0.0321128 -0.00622691
-0.00985888   0.0321128    0.242063  -0.0170474
   0.118021 -0.00622691  -0.0170474    0.267196
IMAGINARY
          0  0.00878307   -0.015311    0.015375
-0.00878307           0  0.00168533   0.0233456
   0.015311 -0.00168533           0  0.00419592
  -0.015375  -0.0233456 -0.00419592           0
Repeater1[0]<--->HoM1[0]
REAL
  0.331234 -0.0103168  0.0222178   0.120951
-0.0103168    0.20403  0.0327988  0.0152822
 0.0222178  0.0327988   0.212846 -0.0034332
  0.120951  0.0152822 -0.0034332   0.251889
IMAGINARY
          0  -0.0109971  0.00482416  -0.0026787
  0.0109971           0   0.0116442 -0.00835025
-0.00482416  -0.0116442           0   0.0117023
  0.0026787  0.00835025  -0.0117023           0
EndNode1[0]<--->Repeater1[0]
REAL
   0.304774  -0.0124893 -0.00801789    0.116004
 -0.0124893    0.228886   0.0580425  0.00986291
-0.00801789   0.0580425    0.231334   -0.016416
   0.116004  0.00986291   -0.016416    0.235006
IMAGINARY
          0  0.00765461  0.00642517   0.0112706
-0.00765461           0  0.00587978 -0.00451434
-0.00642517 -0.00587978           0   0.0120906
 -0.0112706  0.00451434  -0.0120906           0
EndNode2[0]<--->HoM1[0]
REAL
    0.30914 -0.00912889  0.00551213    0.100955
-0.00912889    0.227151   0.0540009  -0.0211959
 0.00551213   0.0540009    0.211022 -0.00780963
   0.100955  -0.0211959 -0.00780963    0.252688
IMAGINARY
          0   0.0165039   0.0210728 -0.00362378
 -0.0165039           0  -0.0331901 -0.00711344
 -0.0210728   0.0331901           0   0.0139529
 0.00362378  0.00711344  -0.0139529           0
Repeater1[0]<--->EndNode1[0]
REAL
   0.304774 -0.00801789  -0.0124893    0.116004
-0.00801789    0.231334   0.0580425   -0.016416
 -0.0124893   0.0580425    0.228886  0.00986291
   0.116004   -0.016416  0.00986291    0.235006
IMAGINARY
          0  0.00642517  0.00765461   0.0112706
-0.00642517           0 -0.00587978   0.0120906
-0.00765461  0.00587978           0 -0.00451434
 -0.0112706  -0.0120906  0.00451434           0
Repeater1[0]<--->HoM1[0]
REAL
    0.30914  0.00551213 -0.00912889    0.100955
 0.00551213    0.211022   0.0540009 -0.00780963
-0.00912889   0.0540009    0.227151  -0.0211959
   0.100955 -0.00780963  -0.0211959    0.252688
IMAGINARY
          0   0.0210728   0.0165039 -0.00362378
 -0.0210728           0   0.0331901   0.0139529
 -0.0165039  -0.0331901           0 -0.00711344
 0.00362378  -0.0139529  0.00711344           0
EndNode1[0]<--->Repeater1[0]
REAL
    0.33288   0.0296797 -0.00565848     0.11762
  0.0296797    0.216033   0.0600037  -0.0177296
-0.00565848   0.0600037     0.19837 -0.00629155
    0.11762  -0.0177296 -0.00629155    0.252717
IMAGINARY
         0  0.0326072 -0.0116035 -0.0237387
-0.0326072          0  0.0224054  0.0122658
 0.0116035 -0.0224054          0 -0.0200244
 0.0237387 -0.0122658  0.0200244          0
EndNode2[0]<--->HoM1[0]
REAL
  0.285161 0.00946489  0.0130968   0.121565
0.00946489   0.215484   0.057397 0.00193053
 0.0130968   0.057397   0.223226  0.0151253
  0.121565 0.00193053  0.0151253   0.276129
IMAGINARY
           0   0.00141192 -0.000642645  -0.00141683
 -0.00141192            0   -0.0190048   0.00127797
 0.000642645    0.0190048            0   -0.0109418
  0.00141683  -0.00127797    0.0109418            0
Repeater1[0]<--->EndNode1[0]
REAL
    0.33288 -0.00565848   0.0296797     0.11762
-0.00565848     0.19837   0.0600037 -0.00629155
  0.0296797   0.0600037    0.216033  -0.0177296
    0.11762 -0.00629155  -0.0177296    0.252717
IMAGINARY
         0 -0.0116035  0.0326072 -0.0237387
 0.0116035          0 -0.0224054 -0.0200244
-0.0326072  0.0224054          0  0.0122658
 0.0237387  0.0200244 -0.0122658          0
Repeater1[0]<--->HoM1[0]
REAL
  0.285161  0.0130968 0.00946489   0.121565
 0.0130968   0.223226   0.057397  0.0151253
0.00946489   0.057397   0.215484 0.00193053
  0.121565  0.0151253 0.00193053   0.276129
IMAGINARY
           0 -0.000642645   0.00141192  -0.00141683
 0.000642645            0    0.0190048   -0.0109418
 -0.00141192   -0.0190048            0   0.00127797
  0.00141683    0.0109418  -0.00127797            0
EndNode1[0]<--->Repeater1[0]
REAL
    0.300128 -0.000485416   0.00126253     0.114304
-0.000485416     0.217114    0.0527859   0.00445538
  0.00126253    0.0527859     0.234994    0.0163685
    0.114304   0.00445538    0.0163685     0.247765
IMAGINARY
          0  -0.0250321 -4.8418e-06    -0.01688
  0.0250321           0  0.00943581    0.010476
 4.8418e-06 -0.00943581           0   0.0106342
    0.01688   -0.010476  -0.0106342           0
EndNode2[0]<--->HoM1[0]
REAL
   0.293151 -0.00362715  0.00438888    0.114892
-0.00362715    0.223288   0.0576966 -0.00946502
 0.00438888   0.0576966    0.228767   0.0391601
   0.114892 -0.00946502   0.0391601    0.254795
IMAGINARY
          0  -0.0094673   0.0198188  -0.0226845
  0.0094673           0  -0.0122949   0.0127765
 -0.0198188   0.0122949           0  0.00147222
  0.0226845  -0.0127765 -0.00147222           0
Repeater1[0]<--->EndNode1[0]
REAL
    0.300128   0.00126253 -0.000485416     0.114304
  0.00126253     0.234994    0.0527859    0.0163685
-0.000485416    0.0527859     0.217114   0.00445538
    0.114304    0.0163685   0.00445538     0.247765
IMAGINARY
          0 -4.8418e-06  -0.0250321    -0.01688
 4.8418e-06           0 -0.00943581   0.0106342
  0.0250321  0.00943581           0    0.010476
    0.01688  -0.0106342   -0.010476           0
Repeater1[0]<--->HoM1[0]
REAL
   0.293151  0.00438888 -0.00362715    0.114892
 0.00438888    0.228767   0.0576966   0.0391601
-0.00362715   0.0576966    0.223288 -0.00946502
   0.114892   0.0391601 -0.00946502    0.254795
IMAGINARY
          0   0.0198188  -0.0094673  -0.0226845
 -0.0198188           0   0.0122949  0.00147222
  0.0094673  -0.0122949           0   0.0127765
  0.0226845 -0.00147222  -0.0127765           0
EndNode1[0]<--->Repeater1[0]
REAL
   0.29256 -0.0117937 -0.0242904   0.105963
-0.0117937   0.237074  0.0524143 0.00465693
-0.0242904  0.0524143    0.20681 -0.0170021
  0.105963 0.00465693 -0.0170021   0.263556
IMAGINARY
           0  -0.00835848 -0.000323412   0.00467679
  0.00835848            0   0.00788603  -0.00161207
 0.000323412  -0.00788603            0  -0.00518991
 -0.00467679   0.00161207   0.00518991            0
EndNode2[0]<--->HoM1[0]
REAL
   0.276156   0.0168617   0.0109209    0.109743
  0.0168617    0.209246   0.0594782  -0.0217766
  0.0109209   0.0594782     0.22871 -0.00600603
   0.109743  -0.0217766 -0.00600603    0.285888
IMAGINARY
           0   0.00331735  -0.00358464    0.0157276
 -0.00331735            0 -0.000811873 -0.000383615
  0.00358464  0.000811873            0    0.0112329
  -0.0157276  0.000383615   -0.0112329            0
Repeater1[0]<--->EndNode1[0]
REAL
   0.29256 -0.0242904 -0.0117937   0.105963
-0.0242904    0.20681  0.0524143 -0.0170021
-0.0117937  0.0524143   0.237074 0.00465693
  0.105963 -0.0170021 0.00465693   0.263556
IMAGINARY
           0 -0.000323412  -0.00835848   0.00467679
 0.000323412            0  -0.00788603  -0.00518991
  0.00835848   0.00788603            0  -0.00161207
 -0.00467679   0.00518991   0.00161207            0
Repeater1[0]<--->HoM1[0]
REAL
   0.276156   0.0109209   0.0168617    0.109743
  0.0109209     0.22871   0.0594782 -0.00600603
  0.0168617   0.0594782    0.209246  -0.0217766
   0.109743 -0.00600603  -0.0217766    0.285888
IMAGINARY
           0  -0.00358464   0.00331735    0.0157276
  0.00358464            0  0.000811873    0.0112329
 -0.00331735 -0.000811873            0 -0.000383615
  -0.0157276   -0.0112329  0.000383615            0
EndNode1[0]<--->Repeater1[0]
REAL
   0.291885 -0.00829734   0.0232074   0.0915088
-0.00829734    0.225131   0.0352428   -0.017475
  0.0232074   0.0352428    0.209424  0.00511262
  0.0915088   -0.017475  0.00511262     0.27356
IMAGINARY
          0  0.00994865   0.0172341 -0.00339562
-0.00994865           0  -0.0284921 -0.00572512
 -0.0172341   0.0284921           0 -0.00994865
 0.00339562  0.00572512  0.00994865           0
EndNode2[0]<--->HoM1[0]
REAL
   0.297333  -0.0021875  0.00920347    0.137216
 -0.0021875       0.224   0.0554919 -0.00659931
 0.00920347   0.0554919       0.208   0.0178125
   0.137216 -0.00659931   0.0178125    0.270667
IMAGINARY
          0 -0.00246473 -0.00708701 -0.00341123
 0.00246473           0   0.0205215 -0.00642651
 0.00708701  -0.0205215           0  0.00696923
 0.00341123  0.00642651 -0.00696923           0
Repeater1[0]<--->EndNode1[0]
REAL
   0.291885   0.0232074 -0.00829734   0.0915088
  0.0232074    0.209424   0.0352428  0.00511262
-0.00829734   0.0352428    0.225131   -0.017475
  0.0915088  0.00511262   -0.017475     0.27356
IMAGINARY
          0   0.0172341  0.00994865 -0.00339562
 -0.0172341           0   0.0284921 -0.00994865
-0.00994865  -0.0284921           0 -0.00572512
 0.00339562  0.00994865  0.00572512           0
Repeater1[0]<--->HoM1[0]
REAL
   0.297333  0.00920347  -0.0021875    0.137216
 0.00920347       0.208   0.0554919   0.0178125
 -0.0021875   0.0554919       0.224 -0.00659931
   0.137216   0.0178125 -0.00659931    0.270667
IMAGINARY
          0 -0.00708701 -0.00246473 -0.00341123
 0.00708701           0  -0.0205215  0.00696923
 0.00246473   0.0205215           0 -0.00642651
 0.00341123 -0.00696923  0.00642651           0
EndNode1[0]<--->Repeater1[0]
REAL
    0.28886   0.0280353  0.00102319   0.0840628
  0.0280353    0.233161   0.0366269 -0.00102319
 0.00102319   0.0366269    0.227979  -0.0121202
  0.0840628 -0.00102319  -0.0121202        0.25
IMAGINARY
           0   0.00967366   0.00161618   0.00982653
 -0.00967366            0   -0.0131203  -0.00546233
 -0.00161618    0.0131203            0  0.000582751
 -0.00982653   0.00546233 -0.000582751            0
EndNode2[0]<--->HoM1[0]
REAL
   0.307263 -0.00101383  -0.0171948    0.113116
-0.00101383    0.195531   0.0590783  -0.0032134
 -0.0171948   0.0590783    0.219274  -0.0206698
   0.113116  -0.0032134  -0.0206698    0.277933
IMAGINARY
          0    0.012737  0.00640187  -0.0120865
  -0.012737           0  0.00699746   0.0339708
-0.00640187 -0.00699746           0 -0.00963142
  0.0120865  -0.0339708  0.00963142           0
Repeater1[0]<--->EndNode1[0]
REAL
    0.28886  0.00102319   0.0280353   0.0840628
 0.00102319    0.227979   0.0366269  -0.0121202
  0.0280353   0.0366269    0.233161 -0.00102319
  0.0840628  -0.0121202 -0.00102319        0.25
IMAGINARY
           0   0.00161618   0.00967366   0.00982653
 -0.00161618            0    0.0131203  0.000582751
 -0.00967366   -0.0131203            0  -0.00546233
 -0.00982653 -0.000582751   0.00546233            0
Repeater1[0]<--->HoM1[0]
REAL
   0.307263  -0.0171948 -0.00101383    0.113116
 -0.0171948    0.219274   0.0590783  -0.0206698
-0.00101383   0.0590783    0.195531  -0.0032134
   0.113116  -0.0206698  -0.0032134    0.277933
IMAGINARY
          0  0.00640187    0.012737  -0.0120865
-0.00640187           0 -0.00699746 -0.00963142
  -0.012737  0.00699746           0   0.0339708
  0.0120865  0.00963142  -0.0339708           0
EndNode1[0]<--->Repeater1[0]
REAL
  0.300518 0.00453189 0.00816635    0.11529
0.00453189    0.23057  0.0517975  0.0202069
0.00816635  0.0517975   0.218912   0.011231
   0.11529  0.0202069   0.011231       0.25
IMAGINARY
          0 -0.00224118  0.00431593  -0.0186262
 0.00224118           0  -0.0211969   0.0128798
-0.00431593   0.0211969           0 -0.00966358
  0.0186262  -0.0128798  0.00966358           0
EndNode2[0]<--->HoM1[0]
REAL
  0.286935 0.00376947  0.0194266    0.11452
0.00376947   0.217338  0.0530227 -0.0227118
 0.0194266  0.0530227   0.206349  0.0100282
   0.11452 -0.0227118  0.0100282   0.289377
IMAGINARY
          0  0.00118643   -0.033833  -0.0240678
-0.00118643           0   0.0102833  0.00174748
   0.033833  -0.0102833           0   0.0121826
  0.0240678 -0.00174748  -0.0121826           0
Repeater1[0]<--->EndNode1[0]
REAL
  0.300518 0.00816635 0.00453189    0.11529
0.00816635   0.218912  0.0517975   0.011231
0.00453189  0.0517975    0.23057  0.0202069
   0.11529   0.011231  0.0202069       0.25
IMAGINARY
          0  0.00431593 -0.00224118  -0.0186262
-0.00431593           0   0.0211969 -0.00966358
 0.00224118  -0.0211969           0   0.0128798
  0.0186262  0.00966358  -0.0128798           0
Repeater1[0]<--->HoM1[0]
REAL
  0.286935  0.0194266 0.00376947    0.11452
 0.0194266   0.206349  0.0530227  0.0100282
0.00376947  0.0530227   0.217338 -0.0227118
   0.11452  0.0100282 -0.0227118   0.289377
IMAGINARY
          0   -0.033833  0.00118643  -0.0240678
   0.033833           0  -0.0102833   0.0121826
-0.00118643   0.0102833           0  0.00174748
  0.0240678  -0.0121826 -0.00174748           0
EndNode1[0]<--->Repeater1[0]
REAL
   0.276798 -0.00300342  0.00571521    0.120191
-0.00300342    0.248304   0.0440066   0.0140379
 0.00571521   0.0440066    0.210312 -0.00440398
   0.120191   0.0140379 -0.00440398    0.264586
IMAGINARY
          0  0.00175381  0.00845604  0.00770476
-0.00175381           0  0.00189831  -0.0180591
-0.00845604 -0.00189831           0 -0.00367442
-0.00770476   0.0180591  0.00367442           0
EndNode2[0]<--->HoM1[0]
REAL
  0.310214  0.0101542  0.0104513  0.0965213
 0.0101542   0.211854  0.0378168 0.00724204
 0.0104513  0.0378168   0.225725 -0.0173626
 0.0965213 0.00724204 -0.0173626   0.252207
IMAGINARY
          0 -0.00334319  0.00571844  -0.0138676
 0.00334319           0  -0.0188427   0.0125002
-0.00571844   0.0188427           0 -0.00272969
  0.0138676  -0.0125002  0.00272969           0
Repeater1[0]<--->EndNode1[0]
REAL
   0.276798  0.00571521 -0.00300342    0.120191
 0.00571521    0.210312   0.0440066 -0.00440398
-0.00300342   0.0440066    0.248304   0.0140379
   0.120191 -0.00440398   0.0140379    0.264586
IMAGINARY
          0  0.00845604  0.00175381  0.00770476
-0.00845604           0 -0.00189831 -0.00367442
-0.00175381  0.00189831           0  -0.0180591
-0.00770476  0.00367442   0.0180591           0
Repeater1[0]<--->HoM1[0]
REAL
  0.310214  0.0104513  0.0101542  0.0965213
 0.0104513   0.225725  0.0378168 -0.0173626
 0.0101542  0.0378168   0.211854 0.00724204
 0.0965213 -0.0173626 0.00724204   0.252207
IMAGINARY
          0  0.00571844 -0.00334319  -0.0138676
-0.00571844           0   0.0188427 -0.00272969
 0.00334319  -0.0188427           0   0.0125002
  0.0138676  0.00272969  -0.0125002           0
EndNode1[0]<--->Repeater1[0]
REAL
   0.308767  -0.0106953  0.00451468    0.116324
 -0.0106953    0.221093   0.0250089 -0.00584801
 0.00451468   0.0250089    0.190597   0.0133619
   0.116324 -0.00584801   0.0133619    0.279543
IMAGINARY
          0  -0.0182961  0.00900106  -0.0003302
  0.0182961           0 -0.00619721   0.0133489
-0.00900106  0.00619721           0  0.00105472
  0.0003302  -0.0133489 -0.00105472           0
EndNode2[0]<--->HoM1[0]
REAL
   0.311497 -0.00246853   -0.015986   0.0950195
-0.00246853    0.196524   0.0482846  -0.0109227
  -0.015986   0.0482846    0.224599   0.0143584
  0.0950195  -0.0109227   0.0143584     0.26738
IMAGINARY
          0 -0.00205983  0.00147323   0.0137007
 0.00205983           0  0.00372561  -0.0110763
-0.00147323 -0.00372561           0  0.00398044
 -0.0137007   0.0110763 -0.00398044           0
Repeater1[0]<--->EndNode1[0]
REAL
   0.308767  0.00451468  -0.0106953    0.116324
 0.00451468    0.190597   0.0250089   0.0133619
 -0.0106953   0.0250089    0.221093 -0.00584801
   0.116324   0.0133619 -0.00584801    0.279543
IMAGINARY
          0  0.00900106  -0.0182961  -0.0003302
-0.00900106           0  0.00619721  0.00105472
  0.0182961 -0.00619721           0   0.0133489
  0.0003302 -0.00105472  -0.0133489           0
Repeater1[0]<--->HoM1[0]
REAL
   0.311497   -0.015986 -0.00246853   0.0950195
  -0.015986    0.224599   0.0482846   0.0143584
-0.00246853   0.0482846    0.196524  -0.0109227
  0.0950195   0.0143584  -0.0109227     0.26738
IMAGINARY
          0  0.00147323 -0.00205983   0.0137007
-0.00147323           0 -0.00372561  0.00398044
 0.00205983  0.00372561           0  -0.0110763
 -0.0137007 -0.00398044   0.0110763           0
EndNode1[0]<--->Repeater1[0]
REAL
     0.30401  -0.00347888 -0.000134936     0.132285
 -0.00347888     0.238034     0.031019   0.00959269
-0.000134936     0.031019     0.201811  -0.00597888
    0.132285   0.00959269  -0.00597888     0.256145
IMAGINARY
           0   0.00182176  -0.00698624    -0.011282
 -0.00182176            0   0.00804787 -0.000608693
  0.00698624  -0.00804787            0   -0.0157458
    0.011282  0.000608693    0.0157458            0
EndNode2[0]<--->HoM1[0]
REAL
   0.267023  -0.0191274 -0.00583068    0.123146
 -0.0191274     0.22964   0.0517174  -0.0064644
-0.00583068   0.0517174     0.22964  0.00410003
   0.123146  -0.0064644  0.00410003    0.273698
IMAGINARY
          0   0.0142317   0.0132871  0.00313919
 -0.0142317           0 -0.00378602  -0.0126869
 -0.0132871  0.00378602           0  0.00317523
-0.00313919   0.0126869 -0.00317523           0
Repeater1[0]<--->EndNode1[0]
REAL
     0.30401 -0.000134936  -0.00347888     0.132285
-0.000134936     0.201811     0.031019  -0.00597888
 -0.00347888     0.031019     0.238034   0.00959269
    0.132285  -0.00597888   0.00959269     0.256145
IMAGINARY
           0  -0.00698624   0.00182176    -0.011282
  0.00698624            0  -0.00804787   -0.0157458
 -0.00182176   0.00804787            0 -0.000608693
    0.011282    0.0157458  0.000608693            0
Repeater1[0]<--->HoM1[0]
REAL
   0.267023 -0.00583068  -0.0191274    0.123146
-0.00583068     0.22964   0.0517174  0.00410003
 -0.0191274   0.0517174     0.22964  -0.0064644
   0.123146  0.00410003  -0.0064644    0.273698
IMAGINARY
          0   0.0132871   0.0142317  0.00313919
 -0.0132871           0  0.00378602  0.00317523
 -0.0142317 -0.00378602           0  -0.0126869
-0.00313919 -0.00317523   0.0126869           0
EndNode1[0]<--->Repeater1[0]
REAL
    0.280971    0.0245192 -0.000765253     0.109974
   0.0245192     0.238825    0.0204319    0.0132161
-0.000765253    0.0204319     0.199234   0.00628024
    0.109974    0.0132161   0.00628024     0.280971
IMAGINARY
           0   -0.0171848  -0.00933742  -0.00426615
   0.0171848            0   0.00815216  0.000840693
  0.00933742  -0.00815216            0   0.00476646
  0.00426615 -0.000840693  -0.00476646            0
EndNode2[0]<--->HoM1[0]
REAL
   0.293544   -0.018377  -0.0244881   0.0984475
  -0.018377    0.237515   0.0552538 -0.00750692
 -0.0244881   0.0552538    0.216809  0.00896673
  0.0984475 -0.00750692  0.00896673    0.252132
IMAGINARY
          0   0.0143979   -0.017937   0.0111257
 -0.0143979           0   0.0111257 -0.00954991
   0.017937  -0.0111257           0   0.0143979
 -0.0111257  0.00954991  -0.0143979           0
Repeater1[0]<--->EndNode1[0]
REAL
    0.280971 -0.000765253    0.0245192     0.109974
-0.000765253     0.199234    0.0204319   0.00628024
   0.0245192    0.0204319     0.238825    0.0132161
    0.109974   0.00628024    0.0132161     0.280971
IMAGINARY
           0  -0.00933742   -0.0171848  -0.00426615
  0.00933742            0  -0.00815216   0.00476646
   0.0171848   0.00815216            0  0.000840693
  0.00426615  -0.00476646 -0.000840693            0
Repeater1[0]<--->HoM1[0]
REAL
   0.293544  -0.0244881   -0.018377   0.0984475
 -0.0244881    0.216809   0.0552538  0.00896673
  -0.018377   0.0552538    0.237515 -0.00750692
  0.0984475  0.00896673 -0.00750692    0.252132
IMAGINARY
          0   -0.017937   0.0143979   0.0111257
   0.017937           0  -0.0111257   0.0143979
 -0.0143979   0.0111257           0 -0.00954991
 -0.0111257  -0.0143979  0.00954991           0
EndNode1[0]<--->Repeater1[0]
REAL
  0.275304  0.0176511  0.0241411   0.103639
 0.0176511   0.255061  0.0709637 0.00495947
 0.0241411  0.0709637   0.205128  0.0140949
  0.103639 0.00495947  0.0140949   0.264507
IMAGINARY
          0  -0.0234899 -0.00433471 -0.00412267
  0.0234899           0  -0.0217841   0.0111165
 0.00433471   0.0217841           0 -0.00671972
 0.00412267  -0.0111165  0.00671972           0
EndNode2[0]<--->HoM1[0]
REAL
  0.286802 -0.0160554  -0.016742   0.133532
-0.0160554   0.230964   0.063011 0.00841931
 -0.016742   0.063011   0.209391 0.00389146
  0.133532 0.00841931 0.00389146   0.272843
IMAGINARY
           0   0.00260231   0.00221793 -0.000827192
 -0.00260231            0    -0.023763   0.00349998
 -0.00221793     0.023763            0   -0.0134028
 0.000827192  -0.00349998    0.0134028            0
Repeater1[0]<--->EndNode1[0]
REAL
  0.275304  0.0241411  0.0176511   0.103639
 0.0241411   0.205128  0.0709637  0.0140949
 0.0176511  0.0709637   0.255061 0.00495947
  0.103639  0.0140949 0.00495947   0.264507
IMAGINARY
          0 -0.00433471  -0.0234899 -0.00412267
 0.00433471           0   0.0217841 -0.00671972
  0.0234899  -0.0217841           0   0.0111165
 0.00412267  0.00671972  -0.0111165           0
Repeater1[0]<--->HoM1[0]
REAL
  0.286802  -0.016742 -0.0160554   0.133532
 -0.016742   0.209391   0.063011 0.00389146
-0.0160554   0.063011   0.230964 0.00841931
  0.133532 0.00389146 0.00841931   0.272843
IMAGINARY
           0   0.00221793   0.00260231 -0.000827192
 -0.00221793            0     0.023763   -0.0134028
 -0.00260231    -0.023763            0   0.00349998
 0.000827192    0.0134028  -0.00349998            0
EndNode1[0]<--->Repeater1[0]
REAL
   0.283355 -0.00745809  0.00134419    0.106744
-0.00745809    0.236341   0.0607984  0.00325502
 0.00134419   0.0607984    0.226175  -0.0234223
   0.106744  0.00325502  -0.0234223     0.25413
IMAGINARY
          0   0.0228124   0.0265872  -0.0133833
 -0.0228124           0  0.00196197 -0.00361418
 -0.0265872 -0.00196197           0 -0.00794754
  0.0133833  0.00361418  0.00794754           0
EndNode2[0]<--->HoM1[0]
REAL
    0.285901 -0.000114411  -0.00654283     0.120115
-0.000114411     0.190601    0.0595093    0.0172667
 -0.00654283    0.0595093     0.250653   -0.0173119
    0.120115    0.0172667   -0.0173119     0.272846
IMAGINARY
          0  0.00158161 -0.00505051   0.0117427
-0.00158161           0   0.0217561 -0.00505051
 0.00505051  -0.0217561           0  -0.0142079
 -0.0117427  0.00505051   0.0142079           0
Repeater1[0]<--->EndNode1[0]
REAL
   0.283355  0.00134419 -0.00745809    0.106744
 0.00134419    0.226175   0.0607984  -0.0234223
-0.00745809   0.0607984    0.236341  0.00325502
   0.106744  -0.0234223  0.00325502     0.25413
IMAGINARY
          0   0.0265872   0.0228124  -0.0133833
 -0.0265872           0 -0.00196197 -0.00794754
 -0.0228124  0.00196197           0 -0.00361418
  0.0133833  0.00794754  0.00361418           0
Repeater1[0]<--->HoM1[0]
REAL
    0.285901  -0.00654283 -0.000114411     0.120115
 -0.00654283     0.250653    0.0595093   -0.0173119
-0.000114411    0.0595093     0.190601    0.0172667
    0.120115   -0.0173119    0.0172667     0.272846
IMAGINARY
          0 -0.00505051  0.00158161   0.0117427
 0.00505051           0  -0.0217561  -0.0142079
-0.00158161   0.0217561           0 -0.00505051
 -0.0117427   0.0142079  0.00505051           0
EndNode1[0]<--->Repeater1[0]
REAL
   0.296104 -0.00413202   0.0139001    0.112776
-0.00413202    0.223377   0.0385316 0.000421238
  0.0139001   0.0385316    0.212987   0.0109813
   0.112776 0.000421238   0.0109813    0.267532
IMAGINARY
          0  0.00784471  -0.0145126  0.00771777
-0.00784471           0  0.00367464 -0.00716944
  0.0145126 -0.00367464           0   0.0164654
-0.00771777  0.00716944  -0.0164654           0
EndNode2[0]<--->HoM1[0]
REAL
   0.280423 -0.00756326  0.00362093     0.10532
-0.00756326    0.219577   0.0452177 -0.00227684
 0.00362093   0.0452177    0.212963 -0.00184534
    0.10532 -0.00227684 -0.00184534    0.287037
IMAGINARY
          0  -0.0105487  -0.0060705  -0.0117689
  0.0105487           0  -0.0193256 -0.00415968
  0.0060705   0.0193256           0 -0.00991171
  0.0117689  0.00415968  0.00991171           0
Repeater1[0]<--->EndNode1[0]
REAL
   0.296104   0.0139001 -0.00413202    0.112776
  0.0139001    0.212987   0.0385316   0.0109813
-0.00413202   0.0385316    0.223377 0.000421238
   0.112776   0.0109813 0.000421238    0.267532
IMAGINARY
          0  -0.0145126  0.00784471  0.00771777
  0.0145126           0 -0.00367464   0.0164654
-0.00784471  0.00367464           0 -0.00716944
-0.00771777  -0.0164654  0.00716944           0
Repeater1[0]<--->HoM1[0]
REAL
   0.280423  0.00362093 -0.00756326     0.10532
 0.00362093    0.212963   0.0452177 -0.00184534
-0.00756326   0.0452177    0.219577 -0.00227684
    0.10532 -0.00184534 -0.00227684    0.287037
IMAGINARY
          0  -0.0060705  -0.0105487  -0.0117689
  0.0060705           0   0.0193256 -0.00991171
  0.0105487  -0.0193256           0 -0.00415968
  0.0117689  0.00991171  0.00415968           0
EndNode1[0]<--->Repeater1[0]
REAL
   0.270544 -0.00269752   0.0162821    0.104948
-0.00269752    0.232617   0.0382813  -0.0136779
  0.0162821   0.0382813    0.246523     0.01051
   0.104948  -0.0136779     0.01051    0.250316
IMAGINARY
          0  -0.0273568  0.00906296    0.015368
  0.0273568           0 -0.00832577  -0.0180373
-0.00906296  0.00832577           0 -0.00213039
  -0.015368   0.0180373  0.00213039           0
EndNode2[0]<--->HoM1[0]
REAL
    0.286812 -0.000648601   -0.0135332     0.109048
-0.000648601     0.222791    0.0381571  -0.00199474
  -0.0135332    0.0381571     0.211268   0.00251196
    0.109048  -0.00199474   0.00251196     0.279129
IMAGINARY
          0  0.00304156  0.00223156  0.00011038
-0.00304156           0  -0.0265654 -0.00411362
-0.00223156   0.0265654           0  0.00887814
-0.00011038  0.00411362 -0.00887814           0
Repeater1[0]<--->EndNode1[0]
REAL
   0.270544   0.0162821 -0.00269752    0.104948
  0.0162821    0.246523   0.0382813     0.01051
-0.00269752   0.0382813    0.232617  -0.0136779
   0.104948     0.01051  -0.0136779    0.250316
IMAGINARY
          0  0.00906296  -0.0273568    0.015368
-0.00906296           0  0.00832577 -0.00213039
  0.0273568 -0.00832577           0  -0.0180373
  -0.015368  0.00213039   0.0180373           0
Repeater1[0]<--->HoM1[0]
REAL
    0.286812   -0.0135332 -0.000648601     0.109048
  -0.0135332     0.211268    0.0381571   0.00251196
-0.000648601    0.0381571     0.222791  -0.00199474
    0.109048   0.00251196  -0.00199474     0.279129
IMAGINARY
          0  0.00223156  0.00304156  0.00011038
-0.00223156           0   0.0265654  0.00887814
-0.00304156  -0.0265654           0 -0.00411362
-0.00011038 -0.00887814  0.00411362           0
EndNode1[0]<--->Repeater1[0]
REAL
   0.296954  -0.0222688 -0.00772182    0.114254
 -0.0222688    0.214467   0.0524123  -0.0307397
-0.00772182   0.0524123    0.233503  0.00432006
   0.114254  -0.0307397  0.00432006    0.255076
IMAGINARY
          0  -0.0292837 -0.00367722  -0.0168713
  0.0292837           0   0.0109424  0.00236143
 0.00367722  -0.0109424           0  -0.0180847
  0.0168713 -0.00236143   0.0180847           0
EndNode2[0]<--->HoM1[0]
REAL
   0.316472  0.00301209  0.00062186    0.101092
 0.00301209    0.219196   0.0426165 -0.00128411
 0.00062186   0.0426165    0.201038 -0.00234984
   0.101092 -0.00128411 -0.00234984    0.263294
IMAGINARY
          0  0.00357355 -0.00133047   0.0187606
-0.00357355           0 -0.00728104 -0.00195469
 0.00133047  0.00728104           0   0.0102241
 -0.0187606  0.00195469  -0.0102241           0
Repeater1[0]<--->EndNode1[0]
REAL
   0.296954 -0.00772182  -0.0222688    0.114254
-0.00772182    0.233503   0.0524123  0.00432006
 -0.0222688   0.0524123    0.214467  -0.0307397
   0.114254  0.00432006  -0.0307397    0.255076
IMAGINARY
          0 -0.00367722  -0.0292837  -0.0168713
 0.00367722           0  -0.0109424  -0.0180847
  0.0292837   0.0109424           0  0.00236143
  0.0168713   0.0180847 -0.00236143           0
Repeater1[0]<--->HoM1[0]
REAL
   0.316472  0.00062186  0.00301209    0.101092
 0.00062186    0.201038   0.0426165 -0.00234984
 0.00301209   0.0426165    0.219196 -0.00128411
   0.101092 -0.00234984 -0.00128411    0.263294
IMAGINARY
          0 -0.00133047  0.00357355   0.0187606
 0.00133047           0  0.00728104   0.0102241
-0.00357355 -0.00728104           0 -0.00195469
 -0.0187606  -0.0102241  0.00195469           0
EndNode1[0]<--->Repeater1[0]
REAL
  0.309524 -0.0122289 0.00868174   0.120821
-0.0122289   0.200501    0.04847   0.017565
0.00868174    0.04847   0.238095 -0.0166425
  0.120821   0.017565 -0.0166425    0.25188
IMAGINARY
           0  0.000514566    0.0061801   0.00224647
-0.000514566            0   0.00224647   0.00415581
  -0.0061801  -0.00224647            0   0.00852936
 -0.00224647  -0.00415581  -0.00852936            0
EndNode2[0]<--->HoM1[0]
REAL
   0.325286  0.00666009 -0.00990514    0.131373
 0.00666009    0.213469    0.036643  -0.0204592
-0.00990514    0.036643    0.207116 0.000762315
   0.131373  -0.0204592 0.000762315     0.25413
IMAGINARY
          0   0.0110555  0.00138962   0.0156539
 -0.0110555           0  0.00277048  0.00676596
-0.00138962 -0.00277048           0   0.0221942
 -0.0156539 -0.00676596  -0.0221942           0
Repeater1[0]<--->EndNode1[0]
REAL
  0.309524 0.00868174 -0.0122289   0.120821
0.00868174   0.238095    0.04847 -0.0166425
-0.0122289    0.04847   0.200501   0.017565
  0.120821 -0.0166425   0.017565    0.25188
IMAGINARY
           0    0.0061801  0.000514566   0.00224647
  -0.0061801            0  -0.00224647   0.00852936
-0.000514566   0.00224647            0   0.00415581
 -0.00224647  -0.00852936  -0.00415581            0
Repeater1[0]<--->HoM1[0]
REAL
   0.325286 -0.00990514  0.00666009    0.131373
-0.00990514    0.207116    0.036643 0.000762315
 0.00666009    0.036643    0.213469  -0.0204592
   0.131373 0.000762315  -0.0204592     0.25413
IMAGINARY
          0  0.00138962   0.0110555   0.0156539
-0.00138962           0 -0.00277048   0.0221942
 -0.0110555  0.00277048           0  0.00676596
 -0.0156539  -0.0221942 -0.00676596           0
EndNode1[0]<--->Repeater1[0]
REAL
   0.296443 -0.00561151  -0.0157243    0.112889
-0.00561151    0.222661   0.0521047  0.00882346
 -0.0157243   0.0521047    0.221344  0.00247475
   0.112889  0.00882346  0.00247475    0.259552
IMAGINARY
           0  0.000971006   0.00219398    -0.024359
-0.000971006            0    0.0141026   -0.0002332
 -0.00219398   -0.0141026            0   -0.0133893
    0.024359    0.0002332    0.0133893            0
EndNode2[0]<--->HoM1[0]
REAL
   0.308184 0.000566232  -0.0148055    0.125903
0.000566232    0.207161   0.0510997 -0.00974226
 -0.0148055   0.0510997    0.204604 -0.00961016
   0.125903 -0.00974226 -0.00961016    0.280051
IMAGINARY
          0   0.0203627  0.00972264  0.00249209
 -0.0203627           0  -0.0162176 -0.00184862
-0.00972264   0.0162176           0 -0.00986401
-0.00249209  0.00184862  0.00986401           0
Repeater1[0]<--->EndNode1[0]
REAL
   0.296443  -0.0157243 -0.00561151    0.112889
 -0.0157243    0.221344   0.0521047  0.00247475
-0.00561151   0.0521047    0.222661  0.00882346
   0.112889  0.00247475  0.00882346    0.259552
IMAGINARY
           0   0.00219398  0.000971006    -0.024359
 -0.00219398            0   -0.0141026   -0.0133893
-0.000971006    0.0141026            0   -0.0002332
    0.024359    0.0133893    0.0002332            0
Repeater1[0]<--->HoM1[0]
REAL
   0.308184  -0.0148055 0.000566232    0.125903
 -0.0148055    0.204604   0.0510997 -0.00961016
0.000566232   0.0510997    0.207161 -0.00974226
   0.125903 -0.00961016 -0.00974226    0.280051
IMAGINARY
          0  0.00972264   0.0203627  0.00249209
-0.00972264           0   0.0162176 -0.00986401
 -0.0203627  -0.0162176           0 -0.00184862
-0.00249209  0.00986401  0.00184862           0
EndNode1[0]<--->Repeater1[0]
REAL
   0.273077  -0.0171352   0.0105746     0.10334
 -0.0171352    0.235897    0.057885 -0.00717325
  0.0105746    0.057885    0.219231   0.0273392
    0.10334 -0.00717325   0.0273392    0.271795
IMAGINARY
          0  -0.0168727 -0.00275442   0.0057035
  0.0168727           0 -0.00259791  -0.0040949
 0.00275442  0.00259791           0 -0.00990187
 -0.0057035   0.0040949  0.00990187           0
EndNode2[0]<--->HoM1[0]
REAL
   0.293651    0.028581 -0.00493967    0.103121
   0.028581    0.206349   0.0545712  0.00878582
-0.00493967   0.0545712     0.23545  -0.0080682
   0.103121  0.00878582  -0.0080682     0.26455
IMAGINARY
