EndNode1[0]<--->Repeater1[0]
REAL
    0.338812    0.0151322 -0.000572823    0.0203437
   0.0151322     0.189633    0.0077609    0.0038408
-0.000572823    0.0077609     0.211125 -9.95542e-05
   0.0203437    0.0038408 -9.95542e-05      0.26043
IMAGINARY
          0  0.00695364  -0.0100684   0.0122079
-0.00695364           0  -0.0128547   -0.025031
  0.0100684   0.0128547           0  0.00695364
 -0.0122079    0.025031 -0.00695364           0
EndNode2[0]<--->HoM1[0]
REAL
    0.32875  0.00825696  -0.0206231   0.0311249
 0.00825696      0.1875  0.00606521 -0.00554771
 -0.0206231  0.00606521      0.1875  0.00689456
  0.0311249 -0.00554771  0.00689456     0.29625
IMAGINARY
           0   0.00478142   -0.0325292   -0.0229905
 -0.00478142            0   0.00947701 -0.000883659
   0.0325292  -0.00947701            0  -0.00478142
   0.0229905  0.000883659   0.00478142            0
Repeater1[0]<--->EndNode1[0]
REAL
    0.338812 -0.000572823    0.0151322    0.0203437
-0.000572823     0.211125    0.0077609 -9.95542e-05
   0.0151322    0.0077609     0.189633    0.0038408
   0.0203437 -9.95542e-05    0.0038408      0.26043
IMAGINARY
          0  -0.0100684  0.00695364   0.0122079
  0.0100684           0   0.0128547  0.00695364
-0.00695364  -0.0128547           0   -0.025031
 -0.0122079 -0.00695364    0.025031           0
Repeater1[0]<--->HoM1[0]
REAL
    0.32875  -0.0206231  0.00825696   0.0311249
 -0.0206231      0.1875  0.00606521  0.00689456
 0.00825696  0.00606521      0.1875 -0.00554771
  0.0311249  0.00689456 -0.00554771     0.29625
IMAGINARY
           0   -0.0325292   0.00478142   -0.0229905
   0.0325292            0  -0.00947701  -0.00478142
 -0.00478142   0.00947701            0 -0.000883659
   0.0229905   0.00478142  0.000883659            0
EndNode1[0]<--->Repeater1[0]
REAL
  0.319737  0.0128618 -0.0143176 0.00706117
 0.0128618      0.225  0.0299038 -0.0122712
-0.0143176  0.0299038   0.160526 -0.0174014
0.00706117 -0.0122712 -0.0174014   0.294737
IMAGINARY
          0  -0.0179857  0.00792555  -0.0112994
  0.0179857           0 -0.00563907  0.00730288
-0.00792555  0.00563907           0   0.0129096
  0.0112994 -0.00730288  -0.0129096           0
EndNode2[0]<--->HoM1[0]
REAL
    0.301813   -0.0134671   0.00483307   0.00185965
  -0.0134671     0.190415   -0.0127292 -0.000756988
  0.00483307   -0.0127292     0.217617    0.0121084
  0.00185965 -0.000756988    0.0121084     0.290155
IMAGINARY
          0 -0.00822785   -0.011065  -0.0112438
 0.00822785           0  0.00339037   0.0243276
   0.011065 -0.00339037           0  0.00822785
  0.0112438  -0.0243276 -0.00822785           0
Repeater1[0]<--->EndNode1[0]
REAL
  0.319737 -0.0143176  0.0128618 0.00706117
-0.0143176   0.160526  0.0299038 -0.0174014
 0.0128618  0.0299038      0.225 -0.0122712
0.00706117 -0.0174014 -0.0122712   0.294737
IMAGINARY
          0  0.00792555  -0.0179857  -0.0112994
-0.00792555           0  0.00563907   0.0129096
  0.0179857 -0.00563907           0  0.00730288
  0.0112994  -0.0129096 -0.00730288           0
Repeater1[0]<--->HoM1[0]
REAL
    0.301813   0.00483307   -0.0134671   0.00185965
  0.00483307     0.217617   -0.0127292    0.0121084
  -0.0134671   -0.0127292     0.190415 -0.000756988
  0.00185965    0.0121084 -0.000756988     0.290155
IMAGINARY
          0   -0.011065 -0.00822785  -0.0112438
   0.011065           0 -0.00339037  0.00822785
 0.00822785  0.00339037           0   0.0243276
  0.0112438 -0.00822785  -0.0243276           0
EndNode1[0]<--->Repeater1[0]
REAL
    0.304063   0.00646092    0.0139632 -0.000597713
  0.00646092     0.224115    0.0151256    0.0126712
   0.0139632    0.0151256     0.205767   0.00201365
-0.000597713    0.0126712   0.00201365     0.266055
IMAGINARY
          0  0.00394238  -0.0110063 -0.00298438
-0.00394238           0 -0.00708274  -0.0110063
  0.0110063  0.00708274           0 -0.00708703
 0.00298438   0.0110063  0.00708703           0
EndNode2[0]<--->HoM1[0]
REAL
   0.332036   0.0188929 -0.00118385  0.00385842
  0.0188929    0.189364 -0.00509299    0.012295
-0.00118385 -0.00509299    0.182879    -0.01272
 0.00385842    0.012295    -0.01272     0.29572
IMAGINARY
          0  -0.0166835   -0.022609 -0.00829971
  0.0166835           0 -0.00696281   0.0238878
   0.022609  0.00696281           0 -0.00505561
 0.00829971  -0.0238878  0.00505561           0
Repeater1[0]<--->EndNode1[0]
REAL
    0.304063    0.0139632   0.00646092 -0.000597713
   0.0139632     0.205767    0.0151256   0.00201365
  0.00646092    0.0151256     0.224115    0.0126712
-0.000597713   0.00201365    0.0126712     0.266055
IMAGINARY
          0  -0.0110063  0.00394238 -0.00298438
  0.0110063           0  0.00708274 -0.00708703
-0.00394238 -0.00708274           0  -0.0110063
 0.00298438  0.00708703   0.0110063           0
Repeater1[0]<--->HoM1[0]
REAL
   0.332036 -0.00118385   0.0188929  0.00385842
-0.00118385    0.182879 -0.00509299    -0.01272
  0.0188929 -0.00509299    0.189364    0.012295
 0.00385842    -0.01272    0.012295     0.29572
IMAGINARY
          0   -0.022609  -0.0166835 -0.00829971
   0.022609           0  0.00696281 -0.00505561
  0.0166835 -0.00696281           0   0.0238878
 0.00829971  0.00505561  -0.0238878           0
EndNode1[0]<--->Repeater1[0]
REAL
    0.313316 -0.000610963 -0.000655582   -0.0207915
-0.000610963     0.206266     0.012717  -0.00990342
-0.000655582     0.012717      0.24282   0.00620103
  -0.0207915  -0.00990342   0.00620103     0.237598
IMAGINARY
          0 -0.00939957   0.0191685   0.0134379
 0.00939957           0   -0.026224    0.013026
 -0.0191685    0.026224           0   0.0376519
 -0.0134379   -0.013026  -0.0376519           0
EndNode2[0]<--->HoM1[0]
REAL
  0.337366  0.0185352 0.00691972  0.0175575
 0.0185352   0.198925  0.0120088 0.00819198
0.00691972  0.0120088   0.204301 -0.0165641
 0.0175575 0.00819198 -0.0165641   0.259409
IMAGINARY
          0   0.0212102  -0.0290616  -0.0160954
 -0.0212102           0   0.0180981  0.00131811
  0.0290616  -0.0180981           0  -0.0119623
  0.0160954 -0.00131811   0.0119623           0
Repeater1[0]<--->EndNode1[0]
REAL
    0.313316 -0.000655582 -0.000610963   -0.0207915
-0.000655582      0.24282     0.012717   0.00620103
-0.000610963     0.012717     0.206266  -0.00990342
  -0.0207915   0.00620103  -0.00990342     0.237598
IMAGINARY
          0   0.0191685 -0.00939957   0.0134379
 -0.0191685           0    0.026224   0.0376519
 0.00939957   -0.026224           0    0.013026
 -0.0134379  -0.0376519   -0.013026           0
Repeater1[0]<--->HoM1[0]
REAL
  0.337366 0.00691972  0.0185352  0.0175575
0.00691972   0.204301  0.0120088 -0.0165641
 0.0185352  0.0120088   0.198925 0.00819198
 0.0175575 -0.0165641 0.00819198   0.259409
IMAGINARY
          0  -0.0290616   0.0212102  -0.0160954
  0.0290616           0  -0.0180981  -0.0119623
 -0.0212102   0.0180981           0  0.00131811
  0.0160954   0.0119623 -0.00131811           0
EndNode1[0]<--->Repeater1[0]
REAL
   0.311881  -0.0135311 -0.00558659   0.0152326
 -0.0135311    0.210396     0.04203 -0.00558659
-0.00558659     0.04203    0.195545 -0.00741863
  0.0152326 -0.00558659 -0.00741863    0.282178
IMAGINARY
         0 -0.0103306 -0.0114489 -0.0105519
 0.0103306          0  0.0137448  -0.025806
 0.0114489 -0.0137448          0 -0.0033949
 0.0105519   0.025806  0.0033949          0
EndNode2[0]<--->HoM1[0]
REAL
    0.321244 -0.000498139   0.00834448   0.00676281
-0.000498139     0.187824   0.00868836  -0.00401815
  0.00834448   0.00868836     0.229275   -0.0174252
  0.00676281  -0.00401815   -0.0174252     0.261658
IMAGINARY
           0    0.0100304   0.00224647      0.01394
  -0.0100304            0 -0.000495697   0.00224647
 -0.00224647  0.000495697            0   -0.0106722
    -0.01394  -0.00224647    0.0106722            0
Repeater1[0]<--->EndNode1[0]
REAL
   0.311881 -0.00558659  -0.0135311   0.0152326
-0.00558659    0.195545     0.04203 -0.00741863
 -0.0135311     0.04203    0.210396 -0.00558659
  0.0152326 -0.00741863 -0.00558659    0.282178
IMAGINARY
         0 -0.0114489 -0.0103306 -0.0105519
 0.0114489          0 -0.0137448 -0.0033949
 0.0103306  0.0137448          0  -0.025806
 0.0105519  0.0033949   0.025806          0
Repeater1[0]<--->HoM1[0]
REAL
    0.321244   0.00834448 -0.000498139   0.00676281
  0.00834448     0.229275   0.00868836   -0.0174252
-0.000498139   0.00868836     0.187824  -0.00401815
  0.00676281   -0.0174252  -0.00401815     0.261658
IMAGINARY
           0   0.00224647    0.0100304      0.01394
 -0.00224647            0  0.000495697   -0.0106722
  -0.0100304 -0.000495697            0   0.00224647
    -0.01394    0.0106722  -0.00224647            0
EndNode1[0]<--->Repeater1[0]
REAL
   0.323963  0.00807288 -0.00342725   0.0117098
 0.00807288     0.21419 -0.00718194  0.00148676
-0.00342725 -0.00718194    0.211513  0.00162958
  0.0117098  0.00148676  0.00162958    0.250335
IMAGINARY
          0    0.026584 -0.00964951  -0.0163882
  -0.026584           0  0.00645443  -0.0180583
 0.00964951 -0.00645443           0   0.0111994
  0.0163882   0.0180583  -0.0111994           0
EndNode2[0]<--->HoM1[0]
REAL
   0.330226  0.00709906 -0.00771317  0.00753729
 0.00709906    0.197071 -0.00435257  0.00325457
-0.00771317 -0.00435257     0.23036  -0.0115577
 0.00753729  0.00325457  -0.0115577    0.242344
IMAGINARY
          0   0.0122709  -0.0188961 -0.00709085
 -0.0122709           0  0.00362344 -0.00801258
  0.0188961 -0.00362344           0 -0.00789041
 0.00709085  0.00801258  0.00789041           0
Repeater1[0]<--->EndNode1[0]
REAL
   0.323963 -0.00342725  0.00807288   0.0117098
-0.00342725    0.211513 -0.00718194  0.00162958
 0.00807288 -0.00718194     0.21419  0.00148676
  0.0117098  0.00162958  0.00148676    0.250335
IMAGINARY
          0 -0.00964951    0.026584  -0.0163882
 0.00964951           0 -0.00645443   0.0111994
  -0.026584  0.00645443           0  -0.0180583
  0.0163882  -0.0111994   0.0180583           0
Repeater1[0]<--->HoM1[0]
REAL
   0.330226 -0.00771317  0.00709906  0.00753729
-0.00771317     0.23036 -0.00435257  -0.0115577
 0.00709906 -0.00435257    0.197071  0.00325457
 0.00753729  -0.0115577  0.00325457    0.242344
IMAGINARY
          0  -0.0188961   0.0122709 -0.00709085
  0.0188961           0 -0.00362344 -0.00789041
 -0.0122709  0.00362344           0 -0.00801258
 0.00709085  0.00789041  0.00801258           0
EndNode1[0]<--->Repeater1[0]
REAL
  0.329218  0.0153234  0.0145341  0.0134881
 0.0153234   0.219479  0.0134881 0.00616856
 0.0145341  0.0134881   0.208505 0.00412449
 0.0134881 0.00616856 0.00412449   0.242798
IMAGINARY
          0   -0.014506  -0.0116306  0.00697258
   0.014506           0 -0.00382793  -0.0187092
  0.0116306  0.00382793           0  -0.0231153
-0.00697258   0.0187092   0.0231153           0
EndNode2[0]<--->HoM1[0]
REAL
   0.306045  0.00806546  0.00846469   0.0204865
 0.00806546    0.207809 -0.00158164  0.00783258
 0.00846469 -0.00158164    0.206549 -0.00610979
  0.0204865  0.00783258 -0.00610979    0.279597
IMAGINARY
          0 -0.00160524   0.0113419 -0.00685509
 0.00160524           0  0.00294884 -0.00440617
 -0.0113419 -0.00294884           0   0.0034968
 0.00685509  0.00440617  -0.0034968           0
Repeater1[0]<--->EndNode1[0]
REAL
  0.329218  0.0145341  0.0153234  0.0134881
 0.0145341   0.208505  0.0134881 0.00412449
 0.0153234  0.0134881   0.219479 0.00616856
 0.0134881 0.00412449 0.00616856   0.242798
IMAGINARY
          0  -0.0116306   -0.014506  0.00697258
  0.0116306           0  0.00382793  -0.0231153
   0.014506 -0.00382793           0  -0.0187092
-0.00697258   0.0231153   0.0187092           0
Repeater1[0]<--->HoM1[0]
REAL
   0.306045  0.00846469  0.00806546   0.0204865
 0.00846469    0.206549 -0.00158164 -0.00610979
 0.00806546 -0.00158164    0.207809  0.00783258
  0.0204865 -0.00610979  0.00783258    0.279597
IMAGINARY
          0   0.0113419 -0.00160524 -0.00685509
 -0.0113419           0 -0.00294884   0.0034968
 0.00160524  0.00294884           0 -0.00440617
 0.00685509  -0.0034968  0.00440617           0
EndNode1[0]<--->Repeater1[0]
REAL
   0.317107   0.0108414    0.013757   0.0181793
  0.0108414    0.216968  0.00294749 0.000967715
   0.013757  0.00294749    0.214186   0.0218091
  0.0181793 0.000967715   0.0218091    0.251739
IMAGINARY
          0  0.00325452   0.0213624  0.00468892
-0.00325452           0  -0.0119162  0.00181639
 -0.0213624   0.0119162           0   0.0185998
-0.00468892 -0.00181639  -0.0185998           0
EndNode2[0]<--->HoM1[0]
REAL
   0.332478  0.00633304    0.034029 0.000308038
 0.00633304    0.209243    0.020856  -0.0141877
   0.034029    0.020856    0.182285   0.0214447
0.000308038  -0.0141877   0.0214447    0.275995
IMAGINARY
          0   0.0120266  0.00116019   0.0170888
 -0.0120266           0  0.00563845   0.0218784
-0.00116019 -0.00563845           0  0.00727601
 -0.0170888  -0.0218784 -0.00727601           0
Repeater1[0]<--->EndNode1[0]
REAL
   0.317107    0.013757   0.0108414   0.0181793
   0.013757    0.214186  0.00294749   0.0218091
  0.0108414  0.00294749    0.216968 0.000967715
  0.0181793   0.0218091 0.000967715    0.251739
IMAGINARY
          0   0.0213624  0.00325452  0.00468892
 -0.0213624           0   0.0119162   0.0185998
-0.00325452  -0.0119162           0  0.00181639
-0.00468892  -0.0185998 -0.00181639           0
Repeater1[0]<--->HoM1[0]
REAL
   0.332478    0.034029  0.00633304 0.000308038
   0.034029    0.182285    0.020856   0.0214447
 0.00633304    0.020856    0.209243  -0.0141877
0.000308038   0.0214447  -0.0141877    0.275995
IMAGINARY
          0  0.00116019   0.0120266   0.0170888
-0.00116019           0 -0.00563845  0.00727601
 -0.0120266  0.00563845           0   0.0218784
 -0.0170888 -0.00727601  -0.0218784           0
EndNode1[0]<--->Repeater1[0]
REAL
   0.353706  -0.0299926  0.00162197 -0.00905465
 -0.0299926    0.178153 -0.00470682  -0.0232471
 0.00162197 -0.00470682     0.20026  -0.0257086
-0.00905465  -0.0232471  -0.0257086     0.26788
IMAGINARY
          0 -0.00558694  0.00953374  -0.0142654
 0.00558694           0  0.00935136  -0.0151238
-0.00953374 -0.00935136           0  -0.0062143
  0.0142654   0.0151238   0.0062143           0
EndNode2[0]<--->HoM1[0]
REAL
   0.317602 -0.00939592   0.0369721 -0.00773442
-0.00939592    0.177296   0.0131253  0.00615454
  0.0369721   0.0131253    0.219388   0.0188299
-0.00773442  0.00615454   0.0188299    0.285714
IMAGINARY
          0   0.0179927  -0.0109552  0.00351319
 -0.0179927           0   0.0188193   0.0166442
  0.0109552  -0.0188193           0  -0.0110395
-0.00351319  -0.0166442   0.0110395           0
Repeater1[0]<--->EndNode1[0]
REAL
   0.353706  0.00162197  -0.0299926 -0.00905465
 0.00162197     0.20026 -0.00470682  -0.0257086
 -0.0299926 -0.00470682    0.178153  -0.0232471
-0.00905465  -0.0257086  -0.0232471     0.26788
IMAGINARY
          0  0.00953374 -0.00558694  -0.0142654
-0.00953374           0 -0.00935136  -0.0062143
 0.00558694  0.00935136           0  -0.0151238
  0.0142654   0.0062143   0.0151238           0
Repeater1[0]<--->HoM1[0]
REAL
   0.317602   0.0369721 -0.00939592 -0.00773442
  0.0369721    0.219388   0.0131253   0.0188299
-0.00939592   0.0131253    0.177296  0.00615454
-0.00773442   0.0188299  0.00615454    0.285714
IMAGINARY
          0  -0.0109552   0.0179927  0.00351319
  0.0109552           0  -0.0188193  -0.0110395
 -0.0179927   0.0188193           0   0.0166442
-0.00351319   0.0110395  -0.0166442           0
EndNode1[0]<--->Repeater1[0]
REAL
   0.354111   0.0102268 -0.00205811   0.0151143
  0.0102268    0.221485  -0.0117943  -0.0118861
-0.00205811  -0.0117943    0.160477  0.00770152
  0.0151143  -0.0118861  0.00770152    0.263926
IMAGINARY
           0  -0.00227201  -0.00745846  -0.00499011
  0.00227201            0   -0.0030744 -0.000676709
  0.00745846    0.0030744            0   0.00039466
  0.00499011  0.000676709  -0.00039466            0
EndNode2[0]<--->HoM1[0]
REAL
   0.321285  -0.0165632  0.00542424  0.00946692
 -0.0165632      0.1834 -0.00440363   0.0173606
 0.00542424 -0.00440363    0.207497   0.0102341
 0.00946692   0.0173606   0.0102341    0.287818
IMAGINARY
           0  0.000153927   0.00693527    -0.002211
-0.000153927            0   0.00881364   0.00693527
 -0.00693527  -0.00881364            0   0.00446959
    0.002211  -0.00693527  -0.00446959            0
Repeater1[0]<--->EndNode1[0]
REAL
   0.354111 -0.00205811   0.0102268   0.0151143
-0.00205811    0.160477  -0.0117943  0.00770152
  0.0102268  -0.0117943    0.221485  -0.0118861
  0.0151143  0.00770152  -0.0118861    0.263926
IMAGINARY
           0  -0.00745846  -0.00227201  -0.00499011
  0.00745846            0    0.0030744   0.00039466
  0.00227201   -0.0030744            0 -0.000676709
  0.00499011  -0.00039466  0.000676709            0
Repeater1[0]<--->HoM1[0]
REAL
   0.321285  0.00542424  -0.0165632  0.00946692
 0.00542424    0.207497 -0.00440363   0.0102341
 -0.0165632 -0.00440363      0.1834   0.0173606
 0.00946692   0.0102341   0.0173606    0.287818
IMAGINARY
           0   0.00693527  0.000153927    -0.002211
 -0.00693527            0  -0.00881364   0.00446959
-0.000153927   0.00881364            0   0.00693527
    0.002211  -0.00446959  -0.00693527            0
EndNode1[0]<--->Repeater1[0]
REAL
  0.335092  0.0122402 -0.0124542 -0.0125152
 0.0122402   0.183377  0.0209022 0.00535747
-0.0124542  0.0209022   0.216359 -0.0128854
-0.0125152 0.00535747 -0.0128854   0.265172
IMAGINARY
          0 -0.00771918  0.00081715 -0.00442305
 0.00771918           0 -0.00751329   0.0288172
-0.00081715  0.00751329           0  0.00961073
 0.00442305  -0.0288172 -0.00961073           0
EndNode2[0]<--->HoM1[0]
REAL
  0.335092 -0.0232064 -0.0159119  0.0198563
-0.0232064   0.204485 0.00389208 -0.0104039
-0.0159119 0.00389208   0.199208 -0.0120953
 0.0198563 -0.0104039 -0.0120953   0.261214
IMAGINARY
          0  -0.0454139    0.018528  0.00338753
  0.0454139           0  0.00338753 -0.00256379
  -0.018528 -0.00338753           0   0.0102926
-0.00338753  0.00256379  -0.0102926           0
Repeater1[0]<--->EndNode1[0]
REAL
  0.335092 -0.0124542  0.0122402 -0.0125152
-0.0124542   0.216359  0.0209022 -0.0128854
 0.0122402  0.0209022   0.183377 0.00535747
-0.0125152 -0.0128854 0.00535747   0.265172
IMAGINARY
          0  0.00081715 -0.00771918 -0.00442305
-0.00081715           0  0.00751329  0.00961073
 0.00771918 -0.00751329           0   0.0288172
 0.00442305 -0.00961073  -0.0288172           0
Repeater1[0]<--->HoM1[0]
REAL
  0.335092 -0.0159119 -0.0232064  0.0198563
-0.0159119   0.199208 0.00389208 -0.0120953
-0.0232064 0.00389208   0.204485 -0.0104039
 0.0198563 -0.0120953 -0.0104039   0.261214
IMAGINARY
          0    0.018528  -0.0454139  0.00338753
  -0.018528           0 -0.00338753   0.0102926
  0.0454139  0.00338753           0 -0.00256379
-0.00338753  -0.0102926  0.00256379           0
EndNode1[0]<--->Repeater1[0]
REAL
  0.277494 0.00302865 0.00135049    0.03733
0.00302865   0.227621  0.0153727  0.0135144
0.00135049  0.0153727   0.222506 0.00237676
   0.03733  0.0135144 0.00237676   0.272379
IMAGINARY
           0 -1.55864e-05    0.0206761   0.00509863
 1.55864e-05            0   0.00243906  -0.00624698
  -0.0206761  -0.00243906            0  -0.00312118
 -0.00509863   0.00624698   0.00312118            0
EndNode2[0]<--->HoM1[0]
REAL
  0.305333 0.00899429 0.00686518  0.0129204
0.00899429   0.213333  -0.002664  0.0149297
0.00686518  -0.002664   0.197333 0.00510828
 0.0129204  0.0149297 0.00510828      0.284
IMAGINARY
          0  -0.0157881 -0.00249597   0.0201085
  0.0157881           0 -0.00698512   -0.010491
 0.00249597  0.00698512           0 -0.00888722
 -0.0201085    0.010491  0.00888722           0
Repeater1[0]<--->EndNode1[0]
REAL
  0.277494 0.00135049 0.00302865    0.03733
0.00135049   0.222506  0.0153727 0.00237676
0.00302865  0.0153727   0.227621  0.0135144
   0.03733 0.00237676  0.0135144   0.272379
IMAGINARY
           0    0.0206761 -1.55864e-05   0.00509863
  -0.0206761            0  -0.00243906  -0.00312118
 1.55864e-05   0.00243906            0  -0.00624698
 -0.00509863   0.00312118   0.00624698            0
Repeater1[0]<--->HoM1[0]
REAL
  0.305333 0.00686518 0.00899429  0.0129204
0.00686518   0.197333  -0.002664 0.00510828
0.00899429  -0.002664   0.213333  0.0149297
 0.0129204 0.00510828  0.0149297      0.284
IMAGINARY
          0 -0.00249597  -0.0157881   0.0201085
 0.00249597           0  0.00698512 -0.00888722
  0.0157881 -0.00698512           0   -0.010491
 -0.0201085  0.00888722    0.010491           0
EndNode1[0]<--->Repeater1[0]
REAL
   0.325638   0.0213959  -0.0130984   0.0151752
  0.0213959    0.208991 -0.00320713  -0.0068484
 -0.0130984 -0.00320713    0.221142  0.00254026
  0.0151752  -0.0068484  0.00254026    0.244228
IMAGINARY
          0   0.0150649  -0.0146415  0.00118483
 -0.0150649           0   0.0195094    0.010965
  0.0146415  -0.0195094           0  -0.0199669
-0.00118483   -0.010965   0.0199669           0
EndNode2[0]<--->HoM1[0]
REAL
    0.348045    0.0107102    0.0158352   0.00811435
   0.0107102     0.209332 -0.000382387   0.00736065
   0.0158352 -0.000382387     0.208071 -0.000400916
  0.00811435   0.00736065 -0.000400916     0.234552
IMAGINARY
          0  0.00260667   0.0104492  -0.0081777
-0.00260667           0   0.0307112  0.00981225
 -0.0104492  -0.0307112           0  0.00850444
  0.0081777 -0.00981225 -0.00850444           0
Repeater1[0]<--->EndNode1[0]
REAL
   0.325638  -0.0130984   0.0213959   0.0151752
 -0.0130984    0.221142 -0.00320713  0.00254026
  0.0213959 -0.00320713    0.208991  -0.0068484
  0.0151752  0.00254026  -0.0068484    0.244228
IMAGINARY
          0  -0.0146415   0.0150649  0.00118483
  0.0146415           0  -0.0195094  -0.0199669
 -0.0150649   0.0195094           0    0.010965
-0.00118483   0.0199669   -0.010965           0
Repeater1[0]<--->HoM1[0]
REAL
    0.348045    0.0158352    0.0107102   0.00811435
   0.0158352     0.208071 -0.000382387 -0.000400916
   0.0107102 -0.000382387     0.209332   0.00736065
  0.00811435 -0.000400916   0.00736065     0.234552
IMAGINARY
          0   0.0104492  0.00260667  -0.0081777
 -0.0104492           0  -0.0307112  0.00850444
-0.00260667   0.0307112           0  0.00981225
  0.0081777 -0.00850444 -0.00981225           0
EndNode1[0]<--->Repeater1[0]
REAL
  0.301862  0.0207044 0.00130693 0.00910012
 0.0207044   0.214096  0.0148326  -0.016184
0.00130693  0.0148326   0.182181  0.0161649
0.00910012  -0.016184  0.0161649   0.301862
IMAGINARY
          0  0.00265335 -0.00561962   0.0122028
-0.00265335           0  -0.0122028   0.0024349
 0.00561962   0.0122028           0  -0.0109336
 -0.0122028  -0.0024349   0.0109336           0
EndNode2[0]<--->HoM1[0]
REAL
  0.311622 0.00954174 -0.0132062 0.00794413
0.00954174   0.182631 0.00465033 -0.0145016
-0.0132062 0.00465033   0.208174  -0.015839
0.00794413 -0.0145016  -0.015839   0.297573
IMAGINARY
          0 -0.00720257 -0.00118999    0.016605
 0.00720257           0  0.00450313  -0.0205491
 0.00118999 -0.00450313           0   0.0223541
  -0.016605   0.0205491  -0.0223541           0
Repeater1[0]<--->EndNode1[0]
REAL
  0.301862 0.00130693  0.0207044 0.00910012
0.00130693   0.182181  0.0148326  0.0161649
 0.0207044  0.0148326   0.214096  -0.016184
0.00910012  0.0161649  -0.016184   0.301862
IMAGINARY
          0 -0.00561962  0.00265335   0.0122028
 0.00561962           0   0.0122028  -0.0109336
-0.00265335  -0.0122028           0   0.0024349
 -0.0122028   0.0109336  -0.0024349           0
Repeater1[0]<--->HoM1[0]
REAL
  0.311622 -0.0132062 0.00954174 0.00794413
-0.0132062   0.208174 0.00465033  -0.015839
0.00954174 0.00465033   0.182631 -0.0145016
0.00794413  -0.015839 -0.0145016   0.297573
IMAGINARY
          0 -0.00118999 -0.00720257    0.016605
 0.00118999           0 -0.00450313   0.0223541
 0.00720257  0.00450313           0  -0.0205491
  -0.016605  -0.0223541   0.0205491           0
EndNode1[0]<--->Repeater1[0]
REAL
    0.319588  -0.00819674 -0.000935217  -0.00430436
 -0.00819674     0.228093  -0.00227459   0.00619838
-0.000935217  -0.00227459     0.199742  -0.00364537
 -0.00430436   0.00619838  -0.00364537     0.252577
IMAGINARY
          0   0.0146408  0.00845337  -0.0192487
 -0.0146408           0  0.00583878  -0.0145427
-0.00845337 -0.00583878           0  -0.0044919
  0.0192487   0.0145427   0.0044919           0
EndNode2[0]<--->HoM1[0]
REAL
   0.331579  0.00270385 -0.00513662   0.0185503
 0.00270385    0.193421  -0.0066901  0.00201552
-0.00513662  -0.0066901    0.214474   0.0178954
  0.0185503  0.00201552   0.0178954    0.260526
IMAGINARY
          0   0.0151571  0.00542804   0.0105051
 -0.0151571           0   0.0153461  0.00418734
-0.00542804  -0.0153461           0  0.00527563
 -0.0105051 -0.00418734 -0.00527563           0
Repeater1[0]<--->EndNode1[0]
REAL
    0.319588 -0.000935217  -0.00819674  -0.00430436
-0.000935217     0.199742  -0.00227459  -0.00364537
 -0.00819674  -0.00227459     0.228093   0.00619838
 -0.00430436  -0.00364537   0.00619838     0.252577
IMAGINARY
          0  0.00845337   0.0146408  -0.0192487
-0.00845337           0 -0.00583878  -0.0044919
 -0.0146408  0.00583878           0  -0.0145427
  0.0192487   0.0044919   0.0145427           0
Repeater1[0]<--->HoM1[0]
REAL
   0.331579 -0.00513662  0.00270385   0.0185503
-0.00513662    0.214474  -0.0066901   0.0178954
 0.00270385  -0.0066901    0.193421  0.00201552
  0.0185503   0.0178954  0.00201552    0.260526
IMAGINARY
          0  0.00542804   0.0151571   0.0105051
-0.00542804           0  -0.0153461  0.00527563
 -0.0151571   0.0153461           0  0.00418734
 -0.0105051 -0.00527563 -0.00418734           0
EndNode1[0]<--->Repeater1[0]
REAL
   0.329349  0.00615749   0.0109016   0.0249843
 0.00615749    0.205843   0.0243663  0.00208545
  0.0109016   0.0243663    0.199203 0.000336016
  0.0249843  0.00208545 0.000336016    0.265604
IMAGINARY
           0   -0.0078065   -0.0143913  -0.00848647
   0.0078065            0  0.000900263  -0.00600423
   0.0143913 -0.000900263            0    0.0108967
  0.00848647   0.00600423   -0.0108967            0
EndNode2[0]<--->HoM1[0]
REAL
   0.311787   0.0100748  0.00824377  0.00500363
  0.0100748    0.212928 -0.00931929   0.0108684
 0.00824377 -0.00931929    0.205323 -0.00699219
 0.00500363   0.0108684 -0.00699219    0.269962
IMAGINARY
          0 -0.00610699  -0.0181899  -0.0181118
 0.00610699           0 -0.00532575  0.00256486
  0.0181899  0.00532575           0   0.0178257
  0.0181118 -0.00256486  -0.0178257           0
Repeater1[0]<--->EndNode1[0]
REAL
   0.329349   0.0109016  0.00615749   0.0249843
  0.0109016    0.199203   0.0243663 0.000336016
 0.00615749   0.0243663    0.205843  0.00208545
  0.0249843 0.000336016  0.00208545    0.265604
IMAGINARY
           0   -0.0143913   -0.0078065  -0.00848647
   0.0143913            0 -0.000900263    0.0108967
   0.0078065  0.000900263            0  -0.00600423
  0.00848647   -0.0108967   0.00600423            0
Repeater1[0]<--->HoM1[0]
REAL
   0.311787  0.00824377   0.0100748  0.00500363
 0.00824377    0.205323 -0.00931929 -0.00699219
  0.0100748 -0.00931929    0.212928   0.0108684
 0.00500363 -0.00699219   0.0108684    0.269962
IMAGINARY
          0  -0.0181899 -0.00610699  -0.0181118
  0.0181899           0  0.00532575   0.0178257
 0.00610699 -0.00532575           0  0.00256486
  0.0181118  -0.0178257 -0.00256486           0
EndNode1[0]<--->Repeater1[0]
REAL
   0.325828  0.00324004  -0.0114847   0.0372639
 0.00324004    0.209272 -0.00548701 -0.00472798
 -0.0114847 -0.00548701    0.196026  0.00259654
  0.0372639 -0.00472798  0.00259654    0.268874
IMAGINARY
           0  -0.00898849   0.00662576  -0.00129635
  0.00898849            0 -0.000604789    0.0150595
 -0.00662576  0.000604789            0   -0.0164142
  0.00129635   -0.0150595    0.0164142            0
EndNode2[0]<--->HoM1[0]
REAL
   0.308483 -0.00606336 -0.00991931   0.0452061
-0.00606336    0.226221   0.0127557   0.0105563
-0.00991931   0.0127557    0.197943 -0.00476466
  0.0452061   0.0105563 -0.00476466    0.267352
IMAGINARY
          0 -0.00185364  0.00051554   0.0199655
 0.00185364           0 -0.00952166  -0.0130983
-0.00051554  0.00952166           0  0.00251589
 -0.0199655   0.0130983 -0.00251589           0
Repeater1[0]<--->EndNode1[0]
REAL
   0.325828  -0.0114847  0.00324004   0.0372639
 -0.0114847    0.196026 -0.00548701  0.00259654
 0.00324004 -0.00548701    0.209272 -0.00472798
  0.0372639  0.00259654 -0.00472798    0.268874
IMAGINARY
           0   0.00662576  -0.00898849  -0.00129635
 -0.00662576            0  0.000604789   -0.0164142
  0.00898849 -0.000604789            0    0.0150595
  0.00129635    0.0164142   -0.0150595            0
Repeater1[0]<--->HoM1[0]
REAL
   0.308483 -0.00991931 -0.00606336   0.0452061
-0.00991931    0.197943   0.0127557 -0.00476466
-0.00606336   0.0127557    0.226221   0.0105563
  0.0452061 -0.00476466   0.0105563    0.267352
IMAGINARY
          0  0.00051554 -0.00185364   0.0199655
-0.00051554           0  0.00952166  0.00251589
 0.00185364 -0.00952166           0  -0.0130983
 -0.0199655 -0.00251589   0.0130983           0
EndNode1[0]<--->Repeater1[0]
REAL
   0.308201 -0.00841546  0.00914415  0.00753502
-0.00841546    0.222222   0.0165094 -0.00976067
 0.00914415   0.0165094    0.215608 0.000400662
 0.00753502 -0.00976067 0.000400662    0.253968
IMAGINARY
          0   0.0225718  0.00355187  -0.0149371
 -0.0225718           0 -0.00880963  0.00285839
-0.00355187  0.00880963           0   0.0056333
  0.0149371 -0.00285839  -0.0056333           0
EndNode2[0]<--->HoM1[0]
REAL
    0.280959 -0.000490196  -0.00443038   0.00858928
-0.000490196     0.219707     0.014138   0.00443038
 -0.00443038     0.014138      0.22237   -0.0142157
  0.00858928   0.00443038   -0.0142157     0.276964
IMAGINARY
          0   -0.008652  -0.0127344  0.00510037
   0.008652           0   0.0164186   0.0170501
  0.0127344  -0.0164186           0 -0.00306194
-0.00510037  -0.0170501  0.00306194           0
Repeater1[0]<--->EndNode1[0]
REAL
   0.308201  0.00914415 -0.00841546  0.00753502
 0.00914415    0.215608   0.0165094 0.000400662
-0.00841546   0.0165094    0.222222 -0.00976067
 0.00753502 0.000400662 -0.00976067    0.253968
IMAGINARY
          0  0.00355187   0.0225718  -0.0149371
-0.00355187           0  0.00880963   0.0056333
 -0.0225718 -0.00880963           0  0.00285839
  0.0149371  -0.0056333 -0.00285839           0
Repeater1[0]<--->HoM1[0]
REAL
    0.280959  -0.00443038 -0.000490196   0.00858928
 -0.00443038      0.22237     0.014138   -0.0142157
-0.000490196     0.014138     0.219707   0.00443038
  0.00858928   -0.0142157   0.00443038     0.276964
IMAGINARY
          0  -0.0127344   -0.008652  0.00510037
  0.0127344           0  -0.0164186 -0.00306194
   0.008652   0.0164186           0   0.0170501
-0.00510037  0.00306194  -0.0170501           0
EndNode1[0]<--->Repeater1[0]
REAL
   0.324873  -0.0109034  0.00534659  0.00606245
 -0.0109034    0.200508 -0.00230305   0.0159567
 0.00534659 -0.00230305    0.209391  -0.0129061
 0.00606245   0.0159567  -0.0129061    0.265228
IMAGINARY
           0  -0.00502362  -0.00344783  0.000857113
  0.00502362            0   -0.0202872    0.0143873
  0.00344783    0.0202872            0   -0.0110639
-0.000857113   -0.0143873    0.0110639            0
EndNode2[0]<--->HoM1[0]
REAL
  0.329643 -0.0103045 0.00472889  0.0337653
-0.0103045   0.204182 -0.0210817 0.00795469
0.00472889 -0.0210817   0.204182  0.0109721
 0.0337653 0.00795469  0.0109721   0.261993
IMAGINARY
          0    0.015719  0.00453844  0.00481913
  -0.015719           0 -0.00100234 -0.00708946
-0.00453844  0.00100234           0  -0.0195455
-0.00481913  0.00708946   0.0195455           0
Repeater1[0]<--->EndNode1[0]
REAL
   0.324873  0.00534659  -0.0109034  0.00606245
 0.00534659    0.209391 -0.00230305  -0.0129061
 -0.0109034 -0.00230305    0.200508   0.0159567
 0.00606245  -0.0129061   0.0159567    0.265228
IMAGINARY
           0  -0.00344783  -0.00502362  0.000857113
  0.00344783            0    0.0202872   -0.0110639
  0.00502362   -0.0202872            0    0.0143873
-0.000857113    0.0110639   -0.0143873            0
Repeater1[0]<--->HoM1[0]
REAL
  0.329643 0.00472889 -0.0103045  0.0337653
0.00472889   0.204182 -0.0210817  0.0109721
-0.0103045 -0.0210817   0.204182 0.00795469
 0.0337653  0.0109721 0.00795469   0.261993
IMAGINARY
          0  0.00453844    0.015719  0.00481913
-0.00453844           0  0.00100234  -0.0195455
  -0.015719 -0.00100234           0 -0.00708946
-0.00481913   0.0195455  0.00708946           0
EndNode1[0]<--->Repeater1[0]
REAL
   0.347882   0.0134112 0.000204549 -0.00826414
  0.0134112    0.210526 -0.00364062   0.0156685
0.000204549 -0.00364062    0.196406 -0.00679742
-0.00826414   0.0156685 -0.00679742    0.245186
IMAGINARY
           0 -0.000347848   0.00218961    0.0112344
 0.000347848            0    -0.001456   0.00903892
 -0.00218961     0.001456            0   -0.0108807
  -0.0112344  -0.00903892    0.0108807            0
EndNode2[0]<--->HoM1[0]
REAL
   0.302267  -0.0219855  0.00601121 -0.00871278
 -0.0219855    0.222922  0.00104015  -0.0136838
 0.00601121  0.00104015    0.196474 -0.00231116
-0.00871278  -0.0136838 -0.00231116    0.278338
IMAGINARY
          0   -0.016294  0.00188729   0.0193258
   0.016294           0   0.0205981 -0.00253749
-0.00188729  -0.0205981           0 -0.00126129
 -0.0193258  0.00253749  0.00126129           0
Repeater1[0]<--->EndNode1[0]
REAL
   0.347882 0.000204549   0.0134112 -0.00826414
0.000204549    0.196406 -0.00364062 -0.00679742
  0.0134112 -0.00364062    0.210526   0.0156685
-0.00826414 -0.00679742   0.0156685    0.245186
IMAGINARY
           0   0.00218961 -0.000347848    0.0112344
 -0.00218961            0     0.001456   -0.0108807
 0.000347848    -0.001456            0   0.00903892
  -0.0112344    0.0108807  -0.00903892            0
Repeater1[0]<--->HoM1[0]
REAL
   0.302267  0.00601121  -0.0219855 -0.00871278
 0.00601121    0.196474  0.00104015 -0.00231116
 -0.0219855  0.00104015    0.222922  -0.0136838
-0.00871278 -0.00231116  -0.0136838    0.278338
IMAGINARY
          0  0.00188729   -0.016294   0.0193258
-0.00188729           0  -0.0205981 -0.00126129
   0.016294   0.0205981           0 -0.00253749
 -0.0193258  0.00126129  0.00253749           0
EndNode1[0]<--->Repeater1[0]
REAL
  0.340996  0.0117922 0.00534813  0.0210919
 0.0117922   0.220945  0.0177894 0.00215528
0.00534813  0.0177894   0.176245  0.0175393
 0.0210919 0.00215528  0.0175393   0.261814
IMAGINARY
           0   0.00133836     0.032774   0.00734297
 -0.00133836            0  0.000916238   -0.0017304
   -0.032774 -0.000916238            0   0.00196415
 -0.00734297    0.0017304  -0.00196415            0
EndNode2[0]<--->HoM1[0]
REAL
   0.315508 -0.00761421 -0.00201492  0.00351288
-0.00761421    0.196524 -0.00858903 -0.00813737
-0.00201492 -0.00858903    0.184492   0.0152284
 0.00351288 -0.00813737   0.0152284    0.303476
IMAGINARY
           0  -0.00282792   -0.0139753   -0.0185085
  0.00282792            0  0.000815178   -0.0121393
   0.0139753 -0.000815178            0    0.0225731
   0.0185085    0.0121393   -0.0225731            0
Repeater1[0]<--->EndNode1[0]
REAL
  0.340996 0.00534813  0.0117922  0.0210919
0.00534813   0.176245  0.0177894  0.0175393
 0.0117922  0.0177894   0.220945 0.00215528
 0.0210919  0.0175393 0.00215528   0.261814
IMAGINARY
           0     0.032774   0.00133836   0.00734297
   -0.032774            0 -0.000916238   0.00196415
 -0.00133836  0.000916238            0   -0.0017304
 -0.00734297  -0.00196415    0.0017304            0
Repeater1[0]<--->HoM1[0]
REAL
   0.315508 -0.00201492 -0.00761421  0.00351288
-0.00201492    0.184492 -0.00858903   0.0152284
-0.00761421 -0.00858903    0.196524 -0.00813737
 0.00351288   0.0152284 -0.00813737    0.303476
IMAGINARY
           0   -0.0139753  -0.00282792   -0.0185085
   0.0139753            0 -0.000815178    0.0225731
  0.00282792  0.000815178            0   -0.0121393
   0.0185085   -0.0225731    0.0121393            0
EndNode1[0]<--->Repeater1[0]
REAL
   0.336449   0.0181745  -0.0200243 -0.00477204
  0.0181745    0.188251  -0.0151253    0.012964
 -0.0200243  -0.0151253    0.197597   0.0325315
-0.00477204    0.012964   0.0325315    0.277704
IMAGINARY
          0   0.0202289   0.0176261 -0.00122391
 -0.0202289           0    0.013482 -0.00727292
 -0.0176261   -0.013482           0 -0.00134944
 0.00122391  0.00727292  0.00134944           0
EndNode2[0]<--->HoM1[0]
REAL
   0.319372  -0.0193316 -0.00838241   0.0190779
 -0.0193316     0.21466  -0.0131801  -0.0237277
-0.00838241  -0.0131801    0.213351  -0.0193316
  0.0190779  -0.0237277  -0.0193316    0.252618
IMAGINARY
          0   0.0235334  0.00421701  0.00820448
 -0.0235334           0  0.00435833  0.00694925
-0.00421701 -0.00435833           0  -0.0160892
-0.00820448 -0.00694925   0.0160892           0
Repeater1[0]<--->EndNode1[0]
REAL
   0.336449  -0.0200243   0.0181745 -0.00477204
 -0.0200243    0.197597  -0.0151253   0.0325315
  0.0181745  -0.0151253    0.188251    0.012964
-0.00477204   0.0325315    0.012964    0.277704
IMAGINARY
          0   0.0176261   0.0202289 -0.00122391
 -0.0176261           0   -0.013482 -0.00134944
 -0.0202289    0.013482           0 -0.00727292
 0.00122391  0.00134944  0.00727292           0
Repeater1[0]<--->HoM1[0]
REAL
   0.319372 -0.00838241  -0.0193316   0.0190779
-0.00838241    0.213351  -0.0131801  -0.0193316
 -0.0193316  -0.0131801     0.21466  -0.0237277
  0.0190779  -0.0193316  -0.0237277    0.252618
IMAGINARY
          0  0.00421701   0.0235334  0.00820448
-0.00421701           0 -0.00435833  -0.0160892
 -0.0235334  0.00435833           0  0.00694925
-0.00820448   0.0160892 -0.00694925           0
EndNode1[0]<--->Repeater1[0]
REAL
    0.340996  -0.00832536   0.00740188  -0.00425528
 -0.00832536     0.190294    -0.020711   0.00676816
  0.00740188    -0.020711     0.191571 -0.000446571
 -0.00425528   0.00676816 -0.000446571     0.277139
IMAGINARY
          0 -0.00353566  -0.0157548 -0.00960128
 0.00353566           0 -0.00772863 -0.00702999
  0.0157548  0.00772863           0 -0.00152763
 0.00960128  0.00702999  0.00152763           0
EndNode2[0]<--->HoM1[0]
REAL
    0.291034   -0.0214349   0.00897629    0.0286371
  -0.0214349     0.195862 -0.000476862    0.0342027
  0.00897629 -0.000476862     0.217931    0.0233122
   0.0286371    0.0342027    0.0233122     0.295172
IMAGINARY
          0   0.0081413  -0.0154215   -0.020213
 -0.0081413           0  0.00117742    0.019219
  0.0154215 -0.00117742           0 -0.00434383
   0.020213   -0.019219  0.00434383           0
Repeater1[0]<--->EndNode1[0]
REAL
    0.340996   0.00740188  -0.00832536  -0.00425528
  0.00740188     0.191571    -0.020711 -0.000446571
 -0.00832536    -0.020711     0.190294   0.00676816
 -0.00425528 -0.000446571   0.00676816     0.277139
IMAGINARY
          0  -0.0157548 -0.00353566 -0.00960128
  0.0157548           0  0.00772863 -0.00152763
 0.00353566 -0.00772863           0 -0.00702999
 0.00960128  0.00152763  0.00702999           0
Repeater1[0]<--->HoM1[0]
REAL
    0.291034   0.00897629   -0.0214349    0.0286371
  0.00897629     0.217931 -0.000476862    0.0233122
  -0.0214349 -0.000476862     0.195862    0.0342027
   0.0286371    0.0233122    0.0342027     0.295172
IMAGINARY
          0  -0.0154215   0.0081413   -0.020213
  0.0154215           0 -0.00117742 -0.00434383
 -0.0081413  0.00117742           0    0.019219
   0.020213  0.00434383   -0.019219           0
EndNode1[0]<--->Repeater1[0]
REAL
  0.314981 -0.0211234  0.0103188  0.0153796
-0.0211234   0.221511 -0.0166716 -0.0206547
 0.0103188 -0.0166716   0.204866 -0.0124683
 0.0153796 -0.0206547 -0.0124683   0.258643
IMAGINARY
           0  0.000177406 -0.000272984   -0.0110345
-0.000177406            0   -0.0135097   0.00796529
 0.000272984    0.0135097            0  -0.00658766
   0.0110345  -0.00796529   0.00658766            0
EndNode2[0]<--->HoM1[0]
REAL
   0.330864   0.0230251 -0.00889051  -0.0106875
