EndNode1[0]<--->Repeater1[0]
REAL
  0.259214  0.0195317 0.00382417  0.0988315
 0.0195317   0.242015  -0.028738 -0.0218482
0.00382417  -0.028738   0.186732 0.00516786
 0.0988315 -0.0218482 0.00516786   0.312039
IMAGINARY
           0   -0.0079352  -0.00976176 -0.000572987
   0.0079352            0   0.00308555   0.00915716
  0.00976176  -0.00308555            0   0.00128466
 0.000572987  -0.00915716  -0.00128466            0
EndNode2[0]<--->HoM1[0]
REAL
  0.290932  0.0317163 -0.0129456  0.0812956
 0.0317163   0.221662 -0.0102537 0.00685634
-0.0129456 -0.0102537   0.214106  0.0176748
 0.0812956 0.00685634  0.0176748     0.2733
IMAGINARY
           0  -0.00944838   -0.0208443   0.00479593
  0.00944838            0   -0.0213085    0.0112412
   0.0208443    0.0213085            0 -0.000154696
 -0.00479593   -0.0112412  0.000154696            0
Repeater1[0]<--->EndNode1[0]
REAL
  0.259214 0.00382417  0.0195317  0.0988315
0.00382417   0.186732  -0.028738 0.00516786
 0.0195317  -0.028738   0.242015 -0.0218482
 0.0988315 0.00516786 -0.0218482   0.312039
IMAGINARY
           0  -0.00976176   -0.0079352 -0.000572987
  0.00976176            0  -0.00308555   0.00128466
   0.0079352   0.00308555            0   0.00915716
 0.000572987  -0.00128466  -0.00915716            0
Repeater1[0]<--->HoM1[0]
REAL
  0.290932 -0.0129456  0.0317163  0.0812956
-0.0129456   0.214106 -0.0102537  0.0176748
 0.0317163 -0.0102537   0.221662 0.00685634
 0.0812956  0.0176748 0.00685634     0.2733
IMAGINARY
           0   -0.0208443  -0.00944838   0.00479593
   0.0208443            0    0.0213085 -0.000154696
  0.00944838   -0.0213085            0    0.0112412
 -0.00479593  0.000154696   -0.0112412            0
EndNode1[0]<--->Repeater1[0]
REAL
  0.291407  0.0201447  0.0132467  0.0791989
 0.0201447   0.190535 0.00795707 0.00182538
 0.0132467 0.00795707   0.204234 0.00934418
 0.0791989 0.00182538 0.00934418   0.313823
IMAGINARY
           0    0.0107701   0.00578448   -0.0176961
  -0.0107701            0  0.000917542    0.0210129
 -0.00578448 -0.000917542            0   0.00949133
   0.0176961   -0.0210129  -0.00949133            0
EndNode2[0]<--->HoM1[0]
REAL
   0.296399  -0.0114301  -0.0123459    0.106844
 -0.0114301    0.193906 -0.00787943 -0.00511855
 -0.0123459 -0.00787943    0.224377   0.0120769
   0.106844 -0.00511855   0.0120769    0.285319
IMAGINARY
           0  0.000807611   -0.0166496   -0.0183312
-0.000807611            0   0.00505689    0.0111282
   0.0166496  -0.00505689            0   0.00471386
   0.0183312   -0.0111282  -0.00471386            0
Repeater1[0]<--->EndNode1[0]
REAL
  0.291407  0.0132467  0.0201447  0.0791989
 0.0132467   0.204234 0.00795707 0.00934418
 0.0201447 0.00795707   0.190535 0.00182538
 0.0791989 0.00934418 0.00182538   0.313823
IMAGINARY
           0   0.00578448    0.0107701   -0.0176961
 -0.00578448            0 -0.000917542   0.00949133
  -0.0107701  0.000917542            0    0.0210129
   0.0176961  -0.00949133   -0.0210129            0
Repeater1[0]<--->HoM1[0]
REAL
   0.296399  -0.0123459  -0.0114301    0.106844
 -0.0123459    0.224377 -0.00787943   0.0120769
 -0.0114301 -0.00787943    0.193906 -0.00511855
   0.106844   0.0120769 -0.00511855    0.285319
IMAGINARY
           0   -0.0166496  0.000807611   -0.0183312
   0.0166496            0  -0.00505689   0.00471386
-0.000807611   0.00505689            0    0.0111282
   0.0183312  -0.00471386   -0.0111282            0
EndNode1[0]<--->Repeater1[0]
REAL
    0.282116    -0.018449   -0.0159776    0.0856248
   -0.018449     0.198992 -0.000989378   0.00165466
  -0.0159776 -0.000989378     0.209068    0.0288656
   0.0856248   0.00165466    0.0288656     0.309824
IMAGINARY
          0  -0.0161525  -0.0117399  0.00606535
  0.0161525           0 -0.00672066   0.0104276
  0.0117399  0.00672066           0  0.00302911
-0.00606535  -0.0104276 -0.00302911           0
EndNode2[0]<--->HoM1[0]
REAL
   0.32702 -0.0195847 0.00849242  0.0663797
-0.0195847   0.175505  0.0119493  0.0110898
0.00849242  0.0119493   0.195707 0.00652991
 0.0663797  0.0110898 0.00652991   0.301768
IMAGINARY
          0  0.00759494 -0.00974983 -0.00980284
-0.00759494           0  -0.0110849   -0.013035
 0.00974983   0.0110849           0  0.00506329
 0.00980284    0.013035 -0.00506329           0
Repeater1[0]<--->EndNode1[0]
REAL
    0.282116   -0.0159776    -0.018449    0.0856248
  -0.0159776     0.209068 -0.000989378    0.0288656
   -0.018449 -0.000989378     0.198992   0.00165466
   0.0856248    0.0288656   0.00165466     0.309824
IMAGINARY
          0  -0.0117399  -0.0161525  0.00606535
  0.0117399           0  0.00672066  0.00302911
  0.0161525 -0.00672066           0   0.0104276
-0.00606535 -0.00302911  -0.0104276           0
Repeater1[0]<--->HoM1[0]
REAL
   0.32702 0.00849242 -0.0195847  0.0663797
0.00849242   0.195707  0.0119493 0.00652991
-0.0195847  0.0119493   0.175505  0.0110898
 0.0663797 0.00652991  0.0110898   0.301768
IMAGINARY
          0 -0.00974983  0.00759494 -0.00980284
 0.00974983           0   0.0110849  0.00506329
-0.00759494  -0.0110849           0   -0.013035
 0.00980284 -0.00506329    0.013035           0
EndNode1[0]<--->Repeater1[0]
REAL
    0.310433   0.00535939   -0.0155738    0.0611537
  0.00535939     0.215013  -0.00882082 -0.000189155
  -0.0155738  -0.00882082     0.189567   0.00535939
   0.0611537 -0.000189155   0.00535939     0.284987
IMAGINARY
          0 -0.00694236   0.0034298  0.00955275
 0.00694236           0  0.00333385  -0.0161524
 -0.0034298 -0.00333385           0  0.00185331
-0.00955275   0.0161524 -0.00185331           0
EndNode2[0]<--->HoM1[0]
REAL
   0.280263 0.000844622     0.01325   0.0905721
0.000844622    0.219737 -0.00454361  0.00809538
    0.01325 -0.00454361         0.2  0.00497685
  0.0905721  0.00809538  0.00497685         0.3
IMAGINARY
           0    0.0129618    0.0186827 -4.65454e-05
  -0.0129618            0   -0.0191588 -0.000687801
  -0.0186827    0.0191588            0  -0.00653506
 4.65454e-05  0.000687801   0.00653506            0
Repeater1[0]<--->EndNode1[0]
REAL
    0.310433   -0.0155738   0.00535939    0.0611537
  -0.0155738     0.189567  -0.00882082   0.00535939
  0.00535939  -0.00882082     0.215013 -0.000189155
   0.0611537   0.00535939 -0.000189155     0.284987
IMAGINARY
          0   0.0034298 -0.00694236  0.00955275
 -0.0034298           0 -0.00333385  0.00185331
 0.00694236  0.00333385           0  -0.0161524
-0.00955275 -0.00185331   0.0161524           0
Repeater1[0]<--->HoM1[0]
REAL
   0.280263     0.01325 0.000844622   0.0905721
    0.01325         0.2 -0.00454361  0.00497685
0.000844622 -0.00454361    0.219737  0.00809538
  0.0905721  0.00497685  0.00809538         0.3
IMAGINARY
           0    0.0186827    0.0129618 -4.65454e-05
  -0.0186827            0    0.0191588  -0.00653506
  -0.0129618   -0.0191588            0 -0.000687801
 4.65454e-05   0.00653506  0.000687801            0
EndNode1[0]<--->Repeater1[0]
REAL
   0.299499  -0.0229381  0.00456114   0.0945151
 -0.0229381    0.219298   0.0126736  -0.0141889
 0.00456114   0.0126736    0.204261 -0.00466136
  0.0945151  -0.0141889 -0.00466136    0.276942
IMAGINARY
           0 -0.000489743    0.0191557   -0.0142282
 0.000489743            0  -0.00424149   -0.0114831
  -0.0191557   0.00424149            0   -0.0161343
   0.0142282    0.0114831    0.0161343            0
EndNode2[0]<--->HoM1[0]
REAL
   0.295515 -0.00570585   0.0143048    0.100309
-0.00570585    0.211082  -0.0122229  0.00407288
  0.0143048  -0.0122229    0.183377 -0.00506728
   0.100309  0.00407288 -0.00506728    0.310026
IMAGINARY
          0  0.00752861  0.00958251  0.00276495
-0.00752861           0 -0.00854158   0.0108778
-0.00958251  0.00854158           0 -0.00113475
-0.00276495  -0.0108778  0.00113475           0
Repeater1[0]<--->EndNode1[0]
REAL
   0.299499  0.00456114  -0.0229381   0.0945151
 0.00456114    0.204261   0.0126736 -0.00466136
 -0.0229381   0.0126736    0.219298  -0.0141889
  0.0945151 -0.00466136  -0.0141889    0.276942
IMAGINARY
           0    0.0191557 -0.000489743   -0.0142282
  -0.0191557            0   0.00424149   -0.0161343
 0.000489743  -0.00424149            0   -0.0114831
   0.0142282    0.0161343    0.0114831            0
Repeater1[0]<--->HoM1[0]
REAL
   0.295515   0.0143048 -0.00570585    0.100309
  0.0143048    0.183377  -0.0122229 -0.00506728
-0.00570585  -0.0122229    0.211082  0.00407288
   0.100309 -0.00506728  0.00407288    0.310026
IMAGINARY
          0  0.00958251  0.00752861  0.00276495
-0.00958251           0  0.00854158 -0.00113475
-0.00752861 -0.00854158           0   0.0108778
-0.00276495  0.00113475  -0.0108778           0
EndNode1[0]<--->Repeater1[0]
REAL
   0.256177 -0.00426033 -0.00317783   0.0840233
-0.00426033    0.209363   -0.017013 0.000600509
-0.00317783   -0.017013    0.223667  -0.0266675
  0.0840233 0.000600509  -0.0266675    0.310793
IMAGINARY
           0   0.00637357    0.0246421   0.00498635
 -0.00637357            0 -0.000262999   0.00903663
  -0.0246421  0.000262999            0   0.00139845
 -0.00498635  -0.00903663  -0.00139845            0
EndNode2[0]<--->HoM1[0]
REAL
   0.305665  -0.0171133   -0.014728   0.0831453
 -0.0171133    0.209486   0.0147522 -0.00826805
  -0.014728   0.0147522    0.229249   0.0177704
  0.0831453 -0.00826805   0.0177704    0.255599
IMAGINARY
          0  0.00660599 -0.00626868  0.00283891
-0.00660599           0  0.00223723  0.00560467
 0.00626868 -0.00223723           0 -0.00195791
-0.00283891 -0.00560467  0.00195791           0
Repeater1[0]<--->EndNode1[0]
REAL
   0.256177 -0.00317783 -0.00426033   0.0840233
-0.00317783    0.223667   -0.017013  -0.0266675
-0.00426033   -0.017013    0.209363 0.000600509
  0.0840233  -0.0266675 0.000600509    0.310793
IMAGINARY
           0    0.0246421   0.00637357   0.00498635
  -0.0246421            0  0.000262999   0.00139845
 -0.00637357 -0.000262999            0   0.00903663
 -0.00498635  -0.00139845  -0.00903663            0
Repeater1[0]<--->HoM1[0]
REAL
   0.305665   -0.014728  -0.0171133   0.0831453
  -0.014728    0.229249   0.0147522   0.0177704
 -0.0171133   0.0147522    0.209486 -0.00826805
  0.0831453   0.0177704 -0.00826805    0.255599
IMAGINARY
          0 -0.00626868  0.00660599  0.00283891
 0.00626868           0 -0.00223723 -0.00195791
-0.00660599  0.00223723           0  0.00560467
-0.00283891  0.00195791 -0.00560467           0
EndNode1[0]<--->Repeater1[0]
REAL
   0.275093 -0.00773196   0.0230817   0.0845817
-0.00773196    0.185874  0.00820177   0.0104235
  0.0230817  0.00820177    0.221809   0.0283505
  0.0845817   0.0104235   0.0283505    0.317224
IMAGINARY
           0    0.0283468   0.00683693 -0.000183322
  -0.0283468            0    0.0060048    0.0040745
 -0.00683693   -0.0060048            0    0.0146571
 0.000183322   -0.0040745   -0.0146571            0
EndNode2[0]<--->HoM1[0]
REAL
   0.294955 -0.00461431  0.00400947    0.062705
-0.00461431    0.201811  0.00979497 -0.00650947
 0.00400947  0.00979497    0.208279   0.0121143
   0.062705 -0.00650947   0.0121143    0.294955
IMAGINARY
          0  0.00351336   0.0103513 -0.00553466
-0.00351336           0   0.0135776 -0.00902855
 -0.0103513  -0.0135776           0  0.00839141
 0.00553466  0.00902855 -0.00839141           0
Repeater1[0]<--->EndNode1[0]
REAL
   0.275093   0.0230817 -0.00773196   0.0845817
  0.0230817    0.221809  0.00820177   0.0283505
-0.00773196  0.00820177    0.185874   0.0104235
  0.0845817   0.0283505   0.0104235    0.317224
IMAGINARY
           0   0.00683693    0.0283468 -0.000183322
 -0.00683693            0   -0.0060048    0.0146571
  -0.0283468    0.0060048            0    0.0040745
 0.000183322   -0.0146571   -0.0040745            0
Repeater1[0]<--->HoM1[0]
REAL
   0.294955  0.00400947 -0.00461431    0.062705
 0.00400947    0.208279  0.00979497   0.0121143
-0.00461431  0.00979497    0.201811 -0.00650947
   0.062705   0.0121143 -0.00650947    0.294955
IMAGINARY
          0   0.0103513  0.00351336 -0.00553466
 -0.0103513           0  -0.0135776  0.00839141
-0.00351336   0.0135776           0 -0.00902855
 0.00553466 -0.00839141  0.00902855           0
EndNode1[0]<--->Repeater1[0]
REAL
   0.274839  -0.0284781  0.00765894     0.11173
 -0.0284781    0.202581   0.0217928 -0.00339757
 0.00765894   0.0217928    0.215484  0.00433034
    0.11173 -0.00339757  0.00433034    0.307097
IMAGINARY
          0   0.0197874  0.00708969   0.0133645
 -0.0197874           0 -0.00506306 -0.00142931
-0.00708969  0.00506306           0   0.0273824
 -0.0133645  0.00142931  -0.0273824           0
EndNode2[0]<--->HoM1[0]
REAL
   0.294118  0.00123621  -0.0218522   0.0846508
 0.00123621    0.206508   0.0103802 -0.00734034
 -0.0218522   0.0103802    0.211514   -0.010553
  0.0846508 -0.00734034   -0.010553     0.28786
IMAGINARY
          0  0.00175554  0.00198772  -0.0137977
-0.00175554           0  0.00452695  -0.0218816
-0.00198772 -0.00452695           0 -0.00706058
  0.0137977   0.0218816  0.00706058           0
Repeater1[0]<--->EndNode1[0]
REAL
   0.274839  0.00765894  -0.0284781     0.11173
 0.00765894    0.215484   0.0217928  0.00433034
 -0.0284781   0.0217928    0.202581 -0.00339757
    0.11173  0.00433034 -0.00339757    0.307097
IMAGINARY
          0  0.00708969   0.0197874   0.0133645
-0.00708969           0  0.00506306   0.0273824
 -0.0197874 -0.00506306           0 -0.00142931
 -0.0133645  -0.0273824  0.00142931           0
Repeater1[0]<--->HoM1[0]
REAL
   0.294118  -0.0218522  0.00123621   0.0846508
 -0.0218522    0.211514   0.0103802   -0.010553
 0.00123621   0.0103802    0.206508 -0.00734034
  0.0846508   -0.010553 -0.00734034     0.28786
IMAGINARY
          0  0.00198772  0.00175554  -0.0137977
-0.00198772           0 -0.00452695 -0.00706058
-0.00175554  0.00452695           0  -0.0218816
  0.0137977  0.00706058   0.0218816           0
EndNode1[0]<--->Repeater1[0]
REAL
   0.296675  0.00325438 -0.00899737   0.0714146
 0.00325438    0.204604  -0.0147002 -0.00469233
-0.00899737  -0.0147002    0.223785  0.00130885
  0.0714146 -0.00469233  0.00130885    0.274936
IMAGINARY
           0  -0.00978527   -0.0104426   0.00648309
  0.00978527            0 -0.000706453  -0.00090584
   0.0104426  0.000706453            0    0.0104528
 -0.00648309   0.00090584   -0.0104528            0
EndNode2[0]<--->HoM1[0]
REAL
  0.298865 -0.0225801 -0.0250918  0.0581973
-0.0225801   0.213115 -0.0057779 0.00358646
-0.0250918 -0.0057779   0.177806 -0.0459683
 0.0581973 0.00358646 -0.0459683   0.310214
IMAGINARY
           0  -0.00686102   0.00146657  0.000213821
  0.00686102            0  -0.00654294   0.00660796
 -0.00146657   0.00654294            0    0.0149355
-0.000213821  -0.00660796   -0.0149355            0
Repeater1[0]<--->EndNode1[0]
REAL
   0.296675 -0.00899737  0.00325438   0.0714146
-0.00899737    0.223785  -0.0147002  0.00130885
 0.00325438  -0.0147002    0.204604 -0.00469233
  0.0714146  0.00130885 -0.00469233    0.274936
IMAGINARY
           0   -0.0104426  -0.00978527   0.00648309
   0.0104426            0  0.000706453    0.0104528
  0.00978527 -0.000706453            0  -0.00090584
 -0.00648309   -0.0104528   0.00090584            0
Repeater1[0]<--->HoM1[0]
REAL
  0.298865 -0.0250918 -0.0225801  0.0581973
-0.0250918   0.177806 -0.0057779 -0.0459683
-0.0225801 -0.0057779   0.213115 0.00358646
 0.0581973 -0.0459683 0.00358646   0.310214
IMAGINARY
           0   0.00146657  -0.00686102  0.000213821
 -0.00146657            0   0.00654294    0.0149355
  0.00686102  -0.00654294            0   0.00660796
-0.000213821   -0.0149355  -0.00660796            0
EndNode1[0]<--->Repeater1[0]
REAL
   0.299124 -0.00159961  -0.0023445   0.0966416
-0.00159961    0.215269  0.00925655 -0.00435792
 -0.0023445  0.00925655    0.226533 0.000259127
  0.0966416 -0.00435792 0.000259127    0.259074
IMAGINARY
          0  0.00394301 -0.00686176  -0.0233907
-0.00394301           0 -0.00198997  -0.0227046
 0.00686176  0.00198997           0  -0.0111703
  0.0233907   0.0227046   0.0111703           0
EndNode2[0]<--->HoM1[0]
REAL
   0.272727  0.00150795 -0.00852211   0.0932764
 0.00150795    0.198232  -0.0272866  0.00344597
-0.00852211  -0.0272866    0.223485  -0.0192744
  0.0932764  0.00344597  -0.0192744    0.305556
IMAGINARY
          0   0.0262236 -0.00442698   0.0023459
 -0.0262236           0   0.0120144 -0.00964891
 0.00442698  -0.0120144           0  0.00498811
 -0.0023459  0.00964891 -0.00498811           0
Repeater1[0]<--->EndNode1[0]
REAL
   0.299124  -0.0023445 -0.00159961   0.0966416
 -0.0023445    0.226533  0.00925655 0.000259127
-0.00159961  0.00925655    0.215269 -0.00435792
  0.0966416 0.000259127 -0.00435792    0.259074
IMAGINARY
          0 -0.00686176  0.00394301  -0.0233907
 0.00686176           0  0.00198997  -0.0111703
-0.00394301 -0.00198997           0  -0.0227046
  0.0233907   0.0111703   0.0227046           0
Repeater1[0]<--->HoM1[0]
REAL
   0.272727 -0.00852211  0.00150795   0.0932764
-0.00852211    0.223485  -0.0272866  -0.0192744
 0.00150795  -0.0272866    0.198232  0.00344597
  0.0932764  -0.0192744  0.00344597    0.305556
IMAGINARY
          0 -0.00442698   0.0262236   0.0023459
 0.00442698           0  -0.0120144  0.00498811
 -0.0262236   0.0120144           0 -0.00964891
 -0.0023459 -0.00498811  0.00964891           0
EndNode1[0]<--->Repeater1[0]
REAL
   0.276119  -0.0200309   0.0184651   0.0891667
 -0.0200309    0.195274  -0.0128741 -0.00900739
  0.0184651  -0.0128741    0.225124   0.0269665
  0.0891667 -0.00900739   0.0269665    0.303483
IMAGINARY
          0  0.00283877  -0.0178135   -0.021089
-0.00283877           0  -0.0243655 -0.00642114
  0.0178135   0.0243655           0   0.0239469
   0.021089  0.00642114  -0.0239469           0
EndNode2[0]<--->HoM1[0]
REAL
   0.300129   0.0216658 0.000512804   0.0872499
  0.0216658    0.199224   0.0145898  -0.0116823
0.000512804   0.0145898    0.203105   0.0052724
  0.0872499  -0.0116823   0.0052724    0.297542
IMAGINARY
          0 -0.00286808  -0.0188243  -0.0103328
 0.00286808           0 -0.00198881   0.0138982
  0.0188243  0.00198881           0 -0.00821567
  0.0103328  -0.0138982  0.00821567           0
Repeater1[0]<--->EndNode1[0]
REAL
   0.276119   0.0184651  -0.0200309   0.0891667
  0.0184651    0.225124  -0.0128741   0.0269665
 -0.0200309  -0.0128741    0.195274 -0.00900739
  0.0891667   0.0269665 -0.00900739    0.303483
IMAGINARY
          0  -0.0178135  0.00283877   -0.021089
  0.0178135           0   0.0243655   0.0239469
-0.00283877  -0.0243655           0 -0.00642114
   0.021089  -0.0239469  0.00642114           0
Repeater1[0]<--->HoM1[0]
REAL
   0.300129 0.000512804   0.0216658   0.0872499
0.000512804    0.203105   0.0145898   0.0052724
  0.0216658   0.0145898    0.199224  -0.0116823
  0.0872499   0.0052724  -0.0116823    0.297542
IMAGINARY
          0  -0.0188243 -0.00286808  -0.0103328
  0.0188243           0  0.00198881 -0.00821567
 0.00286808 -0.00198881           0   0.0138982
  0.0103328  0.00821567  -0.0138982           0
EndNode1[0]<--->Repeater1[0]
REAL
    0.34414  0.00156156   0.0214248   0.0932024
 0.00156156    0.189526  0.00473578 0.000482404
  0.0214248  0.00473578    0.173317   0.0306549
  0.0932024 0.000482404   0.0306549    0.293017
IMAGINARY
           0  -0.00563381   0.00580784    0.0131427
  0.00563381            0   0.00586119  8.99279e-05
 -0.00580784  -0.00586119            0   -0.0107489
  -0.0131427 -8.99279e-05    0.0107489            0
EndNode2[0]<--->HoM1[0]
REAL
   0.279188  -0.0144393 -0.00404451   0.0946154
 -0.0144393    0.214467 -0.00130783  0.00726202
-0.00404451 -0.00130783    0.217005  0.00993484
  0.0946154  0.00726202  0.00993484     0.28934
IMAGINARY
          0 -0.00588902  0.00677507   0.0048978
 0.00588902           0    0.026523 -0.00677507
-0.00677507   -0.026523           0  0.00948614
 -0.0048978  0.00677507 -0.00948614           0
Repeater1[0]<--->EndNode1[0]
REAL
    0.34414   0.0214248  0.00156156   0.0932024
  0.0214248    0.173317  0.00473578   0.0306549
 0.00156156  0.00473578    0.189526 0.000482404
  0.0932024   0.0306549 0.000482404    0.293017
IMAGINARY
           0   0.00580784  -0.00563381    0.0131427
 -0.00580784            0  -0.00586119   -0.0107489
  0.00563381   0.00586119            0  8.99279e-05
  -0.0131427    0.0107489 -8.99279e-05            0
Repeater1[0]<--->HoM1[0]
REAL
   0.279188 -0.00404451  -0.0144393   0.0946154
-0.00404451    0.217005 -0.00130783  0.00993484
 -0.0144393 -0.00130783    0.214467  0.00726202
  0.0946154  0.00993484  0.00726202     0.28934
IMAGINARY
          0  0.00677507 -0.00588902   0.0048978
-0.00677507           0   -0.026523  0.00948614
 0.00588902    0.026523           0 -0.00677507
 -0.0048978 -0.00948614  0.00677507           0
EndNode1[0]<--->Repeater1[0]
REAL
   0.312336  0.00929145  0.00829508   0.0785207
 0.00929145    0.198163    -0.01181   0.0148225
 0.00829508    -0.01181    0.199475 -0.00466794
  0.0785207   0.0148225 -0.00466794    0.290026
IMAGINARY
          0  0.00467958  0.00856057  -0.0159085
-0.00467958           0 -0.00457346 -0.00347151
-0.00856057  0.00457346           0   0.0131321
  0.0159085  0.00347151  -0.0131321           0
EndNode2[0]<--->HoM1[0]
REAL
    0.26506  0.00636585  -0.0205656    0.091267
 0.00636585     0.23012 -0.00643412   0.0141388
 -0.0205656 -0.00643412    0.177108    0.011629
   0.091267   0.0141388    0.011629    0.327711
IMAGINARY
          0  0.00862069 -0.00798049 -0.00165894
-0.00862069           0 -0.00301396 -0.00542947
 0.00798049  0.00301396           0  0.00862069
 0.00165894  0.00542947 -0.00862069           0
Repeater1[0]<--->EndNode1[0]
REAL
   0.312336  0.00829508  0.00929145   0.0785207
 0.00829508    0.199475    -0.01181 -0.00466794
 0.00929145    -0.01181    0.198163   0.0148225
  0.0785207 -0.00466794   0.0148225    0.290026
IMAGINARY
          0  0.00856057  0.00467958  -0.0159085
-0.00856057           0  0.00457346   0.0131321
-0.00467958 -0.00457346           0 -0.00347151
  0.0159085  -0.0131321  0.00347151           0
Repeater1[0]<--->HoM1[0]
REAL
    0.26506  -0.0205656  0.00636585    0.091267
 -0.0205656    0.177108 -0.00643412    0.011629
 0.00636585 -0.00643412     0.23012   0.0141388
   0.091267    0.011629   0.0141388    0.327711
IMAGINARY
          0 -0.00798049  0.00862069 -0.00165894
 0.00798049           0  0.00301396  0.00862069
-0.00862069 -0.00301396           0 -0.00542947
 0.00165894 -0.00862069  0.00542947           0
EndNode1[0]<--->Repeater1[0]
REAL
    0.30656 -0.00421783 -0.00642641   0.0871578
-0.00421783    0.196787  0.00504997  -0.0156515
-0.00642641  0.00504997    0.199465 0.000321728
  0.0871578  -0.0156515 0.000321728    0.297189
IMAGINARY
          0   0.0143971  -0.0224798    0.010638
 -0.0143971           0  -0.0047862  0.00042097
  0.0224798   0.0047862           0 -0.00826961
  -0.010638 -0.00042097  0.00826961           0
EndNode2[0]<--->HoM1[0]
REAL
  0.280585  -0.014673  0.0125958   0.080677
 -0.014673   0.203457  0.0308049  0.0107687
 0.0125958  0.0308049   0.215426 -0.0113617
  0.080677  0.0107687 -0.0113617   0.300532
IMAGINARY
          0   0.0199187 -0.00391035 -0.00164989
 -0.0199187           0  -0.0350657  0.00135281
 0.00391035   0.0350657           0   0.0235595
 0.00164989 -0.00135281  -0.0235595           0
Repeater1[0]<--->EndNode1[0]
REAL
    0.30656 -0.00642641 -0.00421783   0.0871578
-0.00642641    0.199465  0.00504997 0.000321728
-0.00421783  0.00504997    0.196787  -0.0156515
  0.0871578 0.000321728  -0.0156515    0.297189
IMAGINARY
          0  -0.0224798   0.0143971    0.010638
  0.0224798           0   0.0047862 -0.00826961
 -0.0143971  -0.0047862           0  0.00042097
  -0.010638  0.00826961 -0.00042097           0
Repeater1[0]<--->HoM1[0]
REAL
  0.280585  0.0125958  -0.014673   0.080677
 0.0125958   0.215426  0.0308049 -0.0113617
 -0.014673  0.0308049   0.203457  0.0107687
  0.080677 -0.0113617  0.0107687   0.300532
IMAGINARY
          0 -0.00391035   0.0199187 -0.00164989
 0.00391035           0   0.0350657   0.0235595
 -0.0199187  -0.0350657           0  0.00135281
 0.00164989  -0.0235595 -0.00135281           0
EndNode1[0]<--->Repeater1[0]
REAL
   0.342817   0.0225375  -0.0106009   0.0670108
  0.0225375    0.179232  0.00102093  -0.0125166
 -0.0106009  0.00102093    0.216216 0.000580115
  0.0670108  -0.0125166 0.000580115    0.261735
IMAGINARY
          0   0.0125912  0.00893277   0.0226001
 -0.0125912           0 -0.00915581   0.0113718
-0.00893277  0.00915581           0   0.0204037
 -0.0226001  -0.0113718  -0.0204037           0
EndNode2[0]<--->HoM1[0]
REAL
  0.282185 0.00737307  0.0123195  0.0723006
0.00737307   0.218466 -0.0036228 0.00244299
 0.0123195 -0.0036228   0.202861 0.00482205
 0.0723006 0.00244299 0.00482205   0.296489
IMAGINARY
           0  -0.00257114   0.00523848  0.000296101
  0.00257114            0   0.00358991  -0.00045052
 -0.00523848  -0.00358991            0     0.014199
-0.000296101   0.00045052    -0.014199            0
Repeater1[0]<--->EndNode1[0]
REAL
   0.342817  -0.0106009   0.0225375   0.0670108
 -0.0106009    0.216216  0.00102093 0.000580115
  0.0225375  0.00102093    0.179232  -0.0125166
  0.0670108 0.000580115  -0.0125166    0.261735
IMAGINARY
          0  0.00893277   0.0125912   0.0226001
-0.00893277           0  0.00915581   0.0204037
 -0.0125912 -0.00915581           0   0.0113718
 -0.0226001  -0.0204037  -0.0113718           0
Repeater1[0]<--->HoM1[0]
REAL
  0.282185  0.0123195 0.00737307  0.0723006
 0.0123195   0.202861 -0.0036228 0.00482205
0.00737307 -0.0036228   0.218466 0.00244299
 0.0723006 0.00482205 0.00244299   0.296489
IMAGINARY
           0   0.00523848  -0.00257114  0.000296101
 -0.00523848            0  -0.00358991     0.014199
  0.00257114   0.00358991            0  -0.00045052
-0.000296101    -0.014199   0.00045052            0
EndNode1[0]<--->Repeater1[0]
REAL
   0.258367 -0.00649931  -0.0137068    0.073732
-0.00649931    0.207497  0.00171555   0.0175432
 -0.0137068  0.00171555    0.243641  0.00266299
   0.073732   0.0175432  0.00266299    0.290495
IMAGINARY
           0  0.000912507   0.00447337   0.00581654
-0.000912507            0  -0.00709859    0.0167886
 -0.00447337   0.00709859            0   0.00526033
 -0.00581654   -0.0167886  -0.00526033            0
EndNode2[0]<--->HoM1[0]
REAL
   0.315858   0.0132789  -0.0242109    0.104586
  0.0132789    0.199214 -0.00797985  -0.0280084
 -0.0242109 -0.00797985    0.220183 -0.00414049
   0.104586  -0.0280084 -0.00414049    0.264744
IMAGINARY
          0   0.0077016  0.00796032 -0.00323208
 -0.0077016           0  -0.0178597   0.0116732
-0.00796032   0.0178597           0  -0.0116283
 0.00323208  -0.0116732   0.0116283           0
Repeater1[0]<--->EndNode1[0]
REAL
   0.258367  -0.0137068 -0.00649931    0.073732
 -0.0137068    0.243641  0.00171555  0.00266299
-0.00649931  0.00171555    0.207497   0.0175432
   0.073732  0.00266299   0.0175432    0.290495
IMAGINARY
           0   0.00447337  0.000912507   0.00581654
 -0.00447337            0   0.00709859   0.00526033
-0.000912507  -0.00709859            0    0.0167886
 -0.00581654  -0.00526033   -0.0167886            0
Repeater1[0]<--->HoM1[0]
REAL
   0.315858  -0.0242109   0.0132789    0.104586
 -0.0242109    0.220183 -0.00797985 -0.00414049
  0.0132789 -0.00797985    0.199214  -0.0280084
   0.104586 -0.00414049  -0.0280084    0.264744
IMAGINARY
          0  0.00796032   0.0077016 -0.00323208
-0.00796032           0   0.0178597  -0.0116283
 -0.0077016  -0.0178597           0   0.0116732
 0.00323208   0.0116283  -0.0116732           0
EndNode1[0]<--->Repeater1[0]
REAL
   0.318548  0.00367768 9.35074e-05    0.114199
 0.00367768    0.197581  0.00667249  0.00717201
9.35074e-05  0.00667249    0.202957  -0.0215112
   0.114199  0.00717201  -0.0215112    0.280914
IMAGINARY
          0  0.00930515  0.00499635 -0.00501554
-0.00930515           0   0.0223901  -0.0197813
-0.00499635  -0.0223901           0 -0.00258472
 0.00501554   0.0197813  0.00258472           0
EndNode2[0]<--->HoM1[0]
REAL
    0.258486   0.00487933    0.0136751    0.0842612
  0.00487933     0.224543   -0.0128326 -0.000400776
   0.0136751   -0.0128326     0.177546   -0.0232106
   0.0842612 -0.000400776   -0.0232106     0.339426
IMAGINARY
          0  0.00939659  -0.0178437  -0.0068278
-0.00939659           0  -0.0119692  -0.0184839
  0.0178437   0.0119692           0  0.00447395
  0.0068278   0.0184839 -0.00447395           0
Repeater1[0]<--->EndNode1[0]
REAL
   0.318548 9.35074e-05  0.00367768    0.114199
9.35074e-05    0.202957  0.00667249  -0.0215112
 0.00367768  0.00667249    0.197581  0.00717201
   0.114199  -0.0215112  0.00717201    0.280914
IMAGINARY
          0  0.00499635  0.00930515 -0.00501554
-0.00499635           0  -0.0223901 -0.00258472
-0.00930515   0.0223901           0  -0.0197813
 0.00501554  0.00258472   0.0197813           0
Repeater1[0]<--->HoM1[0]
REAL
    0.258486    0.0136751   0.00487933    0.0842612
   0.0136751     0.177546   -0.0128326   -0.0232106
  0.00487933   -0.0128326     0.224543 -0.000400776
   0.0842612   -0.0232106 -0.000400776     0.339426
IMAGINARY
          0  -0.0178437  0.00939659  -0.0068278
  0.0178437           0   0.0119692  0.00447395
-0.00939659  -0.0119692           0  -0.0184839
  0.0068278 -0.00447395   0.0184839           0
EndNode1[0]<--->Repeater1[0]
REAL
   0.293147 -0.00525985   0.0170148   0.0881354
-0.00525985     0.21066   0.0110603  0.00711385
  0.0170148   0.0110603    0.220812  0.00660033
  0.0881354  0.00711385  0.00660033    0.275381
IMAGINARY
          0 -0.00262992  0.00169539 -0.00099394
 0.00262992           0  -0.0022826  0.00423346
-0.00169539   0.0022826           0 -0.00198141
 0.00099394 -0.00423346  0.00198141           0
EndNode2[0]<--->HoM1[0]
REAL
  0.284802  0.0104153 0.00874561  0.0900866
 0.0104153   0.237548 -0.0280038   0.015954
0.00874561 -0.0280038   0.187739 0.00360335
 0.0900866   0.015954 0.00360335   0.289911
IMAGINARY
          0 -0.00487268   0.0129446 -0.00897153
 0.00487268           0  0.00645264 -0.00666322
 -0.0129446 -0.00645264           0   0.0237169
 0.00897153  0.00666322  -0.0237169           0
Repeater1[0]<--->EndNode1[0]
REAL
   0.293147   0.0170148 -0.00525985   0.0881354
  0.0170148    0.220812   0.0110603  0.00660033
-0.00525985   0.0110603     0.21066  0.00711385
  0.0881354  0.00660033  0.00711385    0.275381
IMAGINARY
          0  0.00169539 -0.00262992 -0.00099394
-0.00169539           0   0.0022826 -0.00198141
 0.00262992  -0.0022826           0  0.00423346
 0.00099394  0.00198141 -0.00423346           0
Repeater1[0]<--->HoM1[0]
REAL
  0.284802 0.00874561  0.0104153  0.0900866
0.00874561   0.187739 -0.0280038 0.00360335
 0.0104153 -0.0280038   0.237548   0.015954
 0.0900866 0.00360335   0.015954   0.289911
IMAGINARY
          0   0.0129446 -0.00487268 -0.00897153
 -0.0129446           0 -0.00645264   0.0237169
 0.00487268  0.00645264           0 -0.00666322
 0.00897153  -0.0237169  0.00666322           0
EndNode1[0]<--->Repeater1[0]
REAL
   0.282528 -0.00868405  -0.0173365   0.0671377
-0.00868405    0.214374  0.00197812  -0.0330994
 -0.0173365  0.00197812    0.239157    0.018024
  0.0671377  -0.0330994    0.018024    0.263941
IMAGINARY
          0 -0.00094462   0.0135201  0.00773962
 0.00094462           0  -0.0167835  0.00376715
 -0.0135201   0.0167835           0  0.00626377
-0.00773962 -0.00376715 -0.00626377           0
EndNode2[0]<--->HoM1[0]
REAL
   0.296651 -0.00624833 -0.00701255   0.0875559
-0.00624833    0.212919  -0.0140066  0.00903684
-0.00701255  -0.0140066    0.203349    0.027166
  0.0875559  0.00903684    0.027166    0.287081
IMAGINARY
          0 -0.00908069  -0.0184206   0.0163221
 0.00908069           0 -0.00324609 -0.00371477
  0.0184206  0.00324609           0  -0.0104506
 -0.0163221  0.00371477   0.0104506           0
Repeater1[0]<--->EndNode1[0]
REAL
   0.282528  -0.0173365 -0.00868405   0.0671377
 -0.0173365    0.239157  0.00197812    0.018024
-0.00868405  0.00197812    0.214374  -0.0330994
  0.0671377    0.018024  -0.0330994    0.263941
IMAGINARY
          0   0.0135201 -0.00094462  0.00773962
 -0.0135201           0   0.0167835  0.00626377
 0.00094462  -0.0167835           0  0.00376715
-0.00773962 -0.00626377 -0.00376715           0
Repeater1[0]<--->HoM1[0]
REAL
   0.296651 -0.00701255 -0.00624833   0.0875559
-0.00701255    0.203349  -0.0140066    0.027166
-0.00624833  -0.0140066    0.212919  0.00903684
  0.0875559    0.027166  0.00903684    0.287081
IMAGINARY
          0  -0.0184206 -0.00908069   0.0163221
  0.0184206           0  0.00324609  -0.0104506
 0.00908069 -0.00324609           0 -0.00371477
 -0.0163221   0.0104506  0.00371477           0
EndNode1[0]<--->Repeater1[0]
REAL
    0.302387 -2.78474e-05     0.010582    0.0828892
-2.78474e-05     0.185676   0.00970343     0.010582
    0.010582   0.00970343      0.20557   -0.0105542
   0.0828892     0.010582   -0.0105542     0.306366
IMAGINARY
          0 -0.00711572  -0.0156958   0.0104205
 0.00711572           0 -0.00853373  -0.0144395
  0.0156958  0.00853373           0   0.0188008
 -0.0104205   0.0144395  -0.0188008           0
EndNode2[0]<--->HoM1[0]
REAL
   0.302597   0.0290933   0.0101722   0.0763499
  0.0290933    0.207792 -0.00266567  0.00956465
  0.0101722 -0.00266567         0.2  0.00380145
  0.0763499  0.00956465  0.00380145     0.28961
IMAGINARY
          0  0.00893544   0.0120392  -0.0191606
-0.00893544           0 -0.00240803 -0.00167651
 -0.0120392  0.00240803           0  -0.0180028
  0.0191606  0.00167651   0.0180028           0
Repeater1[0]<--->EndNode1[0]
REAL
    0.302387     0.010582 -2.78474e-05    0.0828892
    0.010582      0.20557   0.00970343   -0.0105542
-2.78474e-05   0.00970343     0.185676     0.010582
   0.0828892   -0.0105542     0.010582     0.306366
IMAGINARY
          0  -0.0156958 -0.00711572   0.0104205
  0.0156958           0  0.00853373   0.0188008
 0.00711572 -0.00853373           0  -0.0144395
 -0.0104205  -0.0188008   0.0144395           0
Repeater1[0]<--->HoM1[0]
REAL
   0.302597   0.0101722   0.0290933   0.0763499
  0.0101722         0.2 -0.00266567  0.00380145
  0.0290933 -0.00266567    0.207792  0.00956465
  0.0763499  0.00380145  0.00956465     0.28961
IMAGINARY
          0   0.0120392  0.00893544  -0.0191606
 -0.0120392           0  0.00240803  -0.0180028
-0.00893544 -0.00240803           0 -0.00167651
  0.0191606   0.0180028  0.00167651           0
EndNode1[0]<--->Repeater1[0]
REAL
   0.316689  0.00841546  0.00253257   0.0975552
 0.00841546    0.189225 0.000636044  0.00651135
 0.00253257 0.000636044    0.191853 -0.00583148
  0.0975552  0.00651135 -0.00583148    0.302234
IMAGINARY
           0    -0.014524  0.000588971    0.0297393
    0.014524            0    0.0352607  -0.00764931
-0.000588971   -0.0352607            0    0.0164495
  -0.0297393   0.00764931   -0.0164495            0
EndNode2[0]<--->HoM1[0]
REAL
    0.283245  -0.00155187 -8.18146e-05     0.110795
 -0.00155187     0.198138  -0.00356004   0.00783375
-8.18146e-05  -0.00356004     0.214096   0.00930381
    0.110795   0.00783375   0.00930381     0.304521
IMAGINARY
           0 -0.000109715    0.0106337   -0.0297466
 0.000109715            0  -0.00605585  -0.00211793
  -0.0106337   0.00605585            0    0.0025428
   0.0297466   0.00211793   -0.0025428            0
Repeater1[0]<--->EndNode1[0]
REAL
   0.316689  0.00253257  0.00841546   0.0975552
 0.00253257    0.191853 0.000636044 -0.00583148
 0.00841546 0.000636044    0.189225  0.00651135
  0.0975552 -0.00583148  0.00651135    0.302234
IMAGINARY
           0  0.000588971    -0.014524    0.0297393
-0.000588971            0   -0.0352607    0.0164495
    0.014524    0.0352607            0  -0.00764931
  -0.0297393   -0.0164495   0.00764931            0
Repeater1[0]<--->HoM1[0]
REAL
    0.283245 -8.18146e-05  -0.00155187     0.110795
-8.18146e-05     0.214096  -0.00356004   0.00930381
 -0.00155187  -0.00356004     0.198138   0.00783375
    0.110795   0.00930381   0.00783375     0.304521
IMAGINARY
           0    0.0106337 -0.000109715   -0.0297466
  -0.0106337            0   0.00605585    0.0025428
 0.000109715  -0.00605585            0  -0.00211793
   0.0297466   -0.0025428   0.00211793            0
EndNode1[0]<--->Repeater1[0]
REAL
   0.277419  -0.0151609  0.00871164    0.110285
 -0.0151609    0.227097  -0.0220492 -0.00487532
 0.00871164  -0.0220492    0.219355 -0.00402067
   0.110285 -0.00487532 -0.00402067    0.276129
IMAGINARY
           0  -0.00992274    0.0234387  -0.00474414
  0.00992274            0  -0.00349414    0.0228456
  -0.0234387   0.00349414            0  0.000144378
  0.00474414   -0.0228456 -0.000144378            0
EndNode2[0]<--->HoM1[0]
REAL
   0.268939  -0.0191816   0.0219424   0.0933073
 -0.0191816    0.219697 4.30675e-05  -0.0181061
  0.0219424 4.30675e-05    0.207071  -0.0255754
  0.0933073  -0.0181061  -0.0255754    0.304293
IMAGINARY
          0  -0.0119209 -0.00309055  0.00698558
  0.0119209           0 -0.00451645  0.00697656
 0.00309055  0.00451645           0   0.0106255
-0.00698558 -0.00697656  -0.0106255           0
Repeater1[0]<--->EndNode1[0]
REAL
   0.277419  0.00871164  -0.0151609    0.110285
 0.00871164    0.219355  -0.0220492 -0.00402067
 -0.0151609  -0.0220492    0.227097 -0.00487532
   0.110285 -0.00402067 -0.00487532    0.276129
IMAGINARY
           0    0.0234387  -0.00992274  -0.00474414
  -0.0234387            0   0.00349414  0.000144378
  0.00992274  -0.00349414            0    0.0228456
  0.00474414 -0.000144378   -0.0228456            0
Repeater1[0]<--->HoM1[0]
REAL
   0.268939   0.0219424  -0.0191816   0.0933073
  0.0219424    0.207071 4.30675e-05  -0.0255754
 -0.0191816 4.30675e-05    0.219697  -0.0181061
  0.0933073  -0.0255754  -0.0181061    0.304293
IMAGINARY
          0 -0.00309055  -0.0119209  0.00698558
 0.00309055           0  0.00451645   0.0106255
  0.0119209 -0.00451645           0  0.00697656
-0.00698558  -0.0106255 -0.00697656           0
EndNode1[0]<--->Repeater1[0]
REAL
   0.293883   0.0249093  -0.0157029   0.0742887
  0.0249093     0.18883  0.00486191 -0.00681964
 -0.0157029  0.00486191    0.231383  -0.0049608
  0.0742887 -0.00681964  -0.0049608    0.285904
IMAGINARY
          0 -0.00190351 -0.00249238  -0.0114669
 0.00190351           0   -0.020952  0.00185544
 0.00249238    0.020952           0 -0.00765063
  0.0114669 -0.00185544  0.00765063           0
EndNode2[0]<--->HoM1[0]
REAL
   0.300802 -0.00399349 -0.00145979   0.0796559
-0.00399349    0.200535 0.000989247   0.0162447
-0.00145979 0.000989247    0.191176  0.00802574
  0.0796559   0.0162447  0.00802574    0.307487
IMAGINARY
          0  -0.0230814 -0.00562697  0.00502541
  0.0230814           0  0.00304912 -0.00370636
 0.00562697 -0.00304912           0   0.0084147
-0.00502541  0.00370636  -0.0084147           0
Repeater1[0]<--->EndNode1[0]
REAL
   0.293883  -0.0157029   0.0249093   0.0742887
 -0.0157029    0.231383  0.00486191  -0.0049608
  0.0249093  0.00486191     0.18883 -0.00681964
  0.0742887  -0.0049608 -0.00681964    0.285904
IMAGINARY
          0 -0.00249238 -0.00190351  -0.0114669
 0.00249238           0    0.020952 -0.00765063
 0.00190351   -0.020952           0  0.00185544
  0.0114669  0.00765063 -0.00185544           0
Repeater1[0]<--->HoM1[0]
REAL
   0.300802 -0.00145979 -0.00399349   0.0796559
-0.00145979    0.191176 0.000989247  0.00802574
-0.00399349 0.000989247    0.200535   0.0162447
  0.0796559  0.00802574   0.0162447    0.307487
IMAGINARY
          0 -0.00562697  -0.0230814  0.00502541
 0.00562697           0 -0.00304912   0.0084147
  0.0230814  0.00304912           0 -0.00370636
-0.00502541  -0.0084147  0.00370636           0
EndNode1[0]<--->Repeater1[0]
REAL
   0.289406  0.00180699  0.00977709   0.0824204
 0.00180699    0.218346  0.00327464 -0.00910233
 0.00977709  0.00327464     0.20155  -0.0105789
  0.0824204 -0.00910233  -0.0105789    0.290698
IMAGINARY
          0  -0.0182401   0.0191438  -0.0134316
  0.0182401           0 -0.00424521   0.0198009
 -0.0191438  0.00424521           0  -0.0144233
