EndNode1[0]<--->Repeater1[0]
REAL
     0.32879   0.00761734 -0.000463822     0.201016
  0.00761734     0.163543  -0.00497297  0.000463822
-0.000463822  -0.00497297     0.144804  -0.00222166
    0.201016  0.000463822  -0.00222166     0.362862
IMAGINARY
          0   0.0285246  -0.0191821   0.0309814
 -0.0285246           0 -0.00189053 -0.00531885
  0.0191821  0.00189053           0 -0.00765348
 -0.0309814  0.00531885  0.00765348           0
EndNode2[0]<--->HoM1[0]
REAL
   0.358524  -0.0058591 -0.00296796    0.213484
 -0.0058591    0.179262  0.00029074   0.0110181
-0.00296796  0.00029074     0.14587   0.0103314
   0.213484   0.0110181   0.0103314    0.316344
IMAGINARY
          0 -0.00548809  -0.0109311  0.00206641
 0.00548809           0     0.02157 -0.00149717
  0.0109311    -0.02157           0  0.00262002
-0.00206641  0.00149717 -0.00262002           0
Repeater1[0]<--->EndNode1[0]
REAL
     0.32879 -0.000463822   0.00761734     0.201016
-0.000463822     0.144804  -0.00497297  -0.00222166
  0.00761734  -0.00497297     0.163543  0.000463822
    0.201016  -0.00222166  0.000463822     0.362862
IMAGINARY
          0  -0.0191821   0.0285246   0.0309814
  0.0191821           0  0.00189053 -0.00765348
 -0.0285246 -0.00189053           0 -0.00531885
 -0.0309814  0.00765348  0.00531885           0
Repeater1[0]<--->HoM1[0]
REAL
   0.358524 -0.00296796  -0.0058591    0.213484
-0.00296796     0.14587  0.00029074   0.0103314
 -0.0058591  0.00029074    0.179262   0.0110181
   0.213484   0.0103314   0.0110181    0.316344
IMAGINARY
          0  -0.0109311 -0.00548809  0.00206641
  0.0109311           0    -0.02157  0.00262002
 0.00548809     0.02157           0 -0.00149717
-0.00206641 -0.00262002  0.00149717           0
EndNode1[0]<--->Repeater1[0]
REAL
   0.331481  0.00609544 -0.00770827    0.180318
 0.00609544    0.155556  -0.0153345   0.0110753
-0.00770827  -0.0153345    0.142593  -0.0111459
   0.180318   0.0110753  -0.0111459     0.37037
IMAGINARY
           0   -0.0209051   -0.0147215    0.0231775
   0.0209051            0  -0.00698703  0.000228706
   0.0147215   0.00698703            0    0.0281515
  -0.0231775 -0.000228706   -0.0281515            0
EndNode2[0]<--->HoM1[0]
REAL
   0.323214 0.000851127  -0.0195736      0.1718
0.000851127    0.155357  0.00387557  -0.0137597
 -0.0195736  0.00387557    0.153571  0.00545518
     0.1718  -0.0137597  0.00545518    0.367857
IMAGINARY
          0 -0.00757523   0.0251529   0.0102389
 0.00757523           0   0.0290102  0.00126215
 -0.0251529  -0.0290102           0  -0.0112927
 -0.0102389 -0.00126215   0.0112927           0
Repeater1[0]<--->EndNode1[0]
REAL
   0.331481 -0.00770827  0.00609544    0.180318
-0.00770827    0.142593  -0.0153345  -0.0111459
 0.00609544  -0.0153345    0.155556   0.0110753
   0.180318  -0.0111459   0.0110753     0.37037
IMAGINARY
           0   -0.0147215   -0.0209051    0.0231775
   0.0147215            0   0.00698703    0.0281515
   0.0209051  -0.00698703            0  0.000228706
  -0.0231775   -0.0281515 -0.000228706            0
Repeater1[0]<--->HoM1[0]
REAL
   0.323214  -0.0195736 0.000851127      0.1718
 -0.0195736    0.153571  0.00387557  0.00545518
0.000851127  0.00387557    0.155357  -0.0137597
     0.1718  0.00545518  -0.0137597    0.367857
IMAGINARY
          0   0.0251529 -0.00757523   0.0102389
 -0.0251529           0  -0.0290102  -0.0112927
 0.00757523   0.0290102           0  0.00126215
 -0.0102389   0.0112927 -0.00126215           0
EndNode1[0]<--->Repeater1[0]
REAL
  0.345656  0.0174485  0.0204369    0.17171
 0.0174485   0.138632 0.00625578 -0.0119624
 0.0204369 0.00625578   0.181146 -0.0296896
   0.17171 -0.0119624 -0.0296896   0.334566
IMAGINARY
          0   0.0117645  -0.0159994  0.00188914
 -0.0117645           0  0.00100104  -0.0185461
  0.0159994 -0.00100104           0   0.0191446
-0.00188914   0.0185461  -0.0191446           0
EndNode2[0]<--->HoM1[0]
REAL
   0.373665  -0.0131902   0.0153253    0.170142
 -0.0131902    0.154804 -0.00111495 -0.00736071
  0.0153253 -0.00111495    0.186833    0.037084
   0.170142 -0.00736071    0.037084    0.284698
IMAGINARY
          0 -0.00327055  0.00532415  -0.0053037
 0.00327055           0  0.00356154  -0.0337235
-0.00532415 -0.00356154           0    0.012737
  0.0053037   0.0337235   -0.012737           0
Repeater1[0]<--->EndNode1[0]
REAL
  0.345656  0.0204369  0.0174485    0.17171
 0.0204369   0.181146 0.00625578 -0.0296896
 0.0174485 0.00625578   0.138632 -0.0119624
   0.17171 -0.0296896 -0.0119624   0.334566
IMAGINARY
          0  -0.0159994   0.0117645  0.00188914
  0.0159994           0 -0.00100104   0.0191446
 -0.0117645  0.00100104           0  -0.0185461
-0.00188914  -0.0191446   0.0185461           0
Repeater1[0]<--->HoM1[0]
REAL
   0.373665   0.0153253  -0.0131902    0.170142
  0.0153253    0.186833 -0.00111495    0.037084
 -0.0131902 -0.00111495    0.154804 -0.00736071
   0.170142    0.037084 -0.00736071    0.284698
IMAGINARY
          0  0.00532415 -0.00327055  -0.0053037
-0.00532415           0 -0.00356154    0.012737
 0.00327055  0.00356154           0  -0.0337235
  0.0053037   -0.012737   0.0337235           0
EndNode1[0]<--->Repeater1[0]
REAL
   0.355818   0.0102715 -0.00695821    0.184096
  0.0102715    0.163575  0.00409594 -0.00411191
-0.00695821  0.00409594     0.15683  -0.0121165
   0.184096 -0.00411191  -0.0121165    0.323777
IMAGINARY
          0   0.0164706  -0.0119048   -0.003663
 -0.0164706           0    0.003663  -0.0119048
  0.0119048   -0.003663           0 -0.00789916
   0.003663   0.0119048  0.00789916           0
EndNode2[0]<--->HoM1[0]
REAL
  0.360544 -0.0171474 0.00364448   0.163974
-0.0171474   0.153061 0.00717971 -0.0113368
0.00364448 0.00717971   0.147959  0.0036859
  0.163974 -0.0113368  0.0036859   0.338435
IMAGINARY
          0  0.00216157  0.00655369   0.0357647
-0.00216157           0  -0.0179076  -0.0152645
-0.00655369   0.0179076           0  0.00480707
 -0.0357647   0.0152645 -0.00480707           0
Repeater1[0]<--->EndNode1[0]
REAL
   0.355818 -0.00695821   0.0102715    0.184096
-0.00695821     0.15683  0.00409594  -0.0121165
  0.0102715  0.00409594    0.163575 -0.00411191
   0.184096  -0.0121165 -0.00411191    0.323777
IMAGINARY
          0  -0.0119048   0.0164706   -0.003663
  0.0119048           0   -0.003663 -0.00789916
 -0.0164706    0.003663           0  -0.0119048
   0.003663  0.00789916   0.0119048           0
Repeater1[0]<--->HoM1[0]
REAL
  0.360544 0.00364448 -0.0171474   0.163974
0.00364448   0.147959 0.00717971  0.0036859
-0.0171474 0.00717971   0.153061 -0.0113368
  0.163974  0.0036859 -0.0113368   0.338435
IMAGINARY
          0  0.00655369  0.00216157   0.0357647
-0.00655369           0   0.0179076  0.00480707
-0.00216157  -0.0179076           0  -0.0152645
 -0.0357647 -0.00480707   0.0152645           0
EndNode1[0]<--->Repeater1[0]
REAL
   0.323374  0.00771657  0.00651778    0.208793
 0.00771657    0.156415 -0.00598944 2.42748e-05
 0.00651778 -0.00598944    0.181019   0.0193862
   0.208793 2.42748e-05   0.0193862    0.339192
IMAGINARY
          0  -0.0374437 -0.00968466   0.0227708
  0.0374437           0 -0.00399948   0.0122934
 0.00968466  0.00399948           0    0.020922
 -0.0227708  -0.0122934   -0.020922           0
EndNode2[0]<--->HoM1[0]
REAL
   0.339587   0.0300534   0.0348337    0.168734
  0.0300534    0.129456 0.000908385 -0.00626223
  0.0348337 0.000908385    0.163227   0.0145895
   0.168734 -0.00626223   0.0145895     0.36773
IMAGINARY
           0 -0.000571476    0.0185449   -0.0105184
 0.000571476            0    0.0132911   0.00493332
  -0.0185449   -0.0132911            0    0.0240497
   0.0105184  -0.00493332   -0.0240497            0
Repeater1[0]<--->EndNode1[0]
REAL
   0.323374  0.00651778  0.00771657    0.208793
 0.00651778    0.181019 -0.00598944   0.0193862
 0.00771657 -0.00598944    0.156415 2.42748e-05
   0.208793   0.0193862 2.42748e-05    0.339192
IMAGINARY
          0 -0.00968466  -0.0374437   0.0227708
 0.00968466           0  0.00399948    0.020922
  0.0374437 -0.00399948           0   0.0122934
 -0.0227708   -0.020922  -0.0122934           0
Repeater1[0]<--->HoM1[0]
REAL
   0.339587   0.0348337   0.0300534    0.168734
  0.0348337    0.163227 0.000908385   0.0145895
  0.0300534 0.000908385    0.129456 -0.00626223
   0.168734   0.0145895 -0.00626223     0.36773
IMAGINARY
           0    0.0185449 -0.000571476   -0.0105184
  -0.0185449            0   -0.0132911    0.0240497
 0.000571476    0.0132911            0   0.00493332
   0.0105184   -0.0240497  -0.00493332            0
EndNode1[0]<--->Repeater1[0]
REAL
    0.32197  -0.0214214 -0.00738037    0.205497
 -0.0214214    0.151515  -0.0277189 -0.00373074
-0.00738037  -0.0277189    0.149621   0.0029029
   0.205497 -0.00373074   0.0029029    0.376894
IMAGINARY
          0   0.0127158   -0.015487   0.0113105
 -0.0127158           0   0.0104286    0.031388
   0.015487  -0.0104286           0  0.00848565
 -0.0113105   -0.031388 -0.00848565           0
EndNode2[0]<--->HoM1[0]
REAL
    0.321429 -0.000593905   -0.0102765     0.176648
-0.000593905     0.171429   0.00469018    0.0137976
  -0.0102765   0.00469018     0.171429    0.0058756
    0.176648    0.0137976    0.0058756     0.335714
IMAGINARY
          0 -0.00428504 -0.00527686   0.0115741
 0.00428504           0  0.00231481 -0.00795066
 0.00527686 -0.00231481           0   0.0386766
 -0.0115741  0.00795066  -0.0386766           0
Repeater1[0]<--->EndNode1[0]
REAL
    0.32197 -0.00738037  -0.0214214    0.205497
-0.00738037    0.149621  -0.0277189   0.0029029
 -0.0214214  -0.0277189    0.151515 -0.00373074
   0.205497   0.0029029 -0.00373074    0.376894
IMAGINARY
          0   -0.015487   0.0127158   0.0113105
   0.015487           0  -0.0104286  0.00848565
 -0.0127158   0.0104286           0    0.031388
 -0.0113105 -0.00848565   -0.031388           0
Repeater1[0]<--->HoM1[0]
REAL
    0.321429   -0.0102765 -0.000593905     0.176648
  -0.0102765     0.171429   0.00469018    0.0058756
-0.000593905   0.00469018     0.171429    0.0137976
    0.176648    0.0058756    0.0137976     0.335714
IMAGINARY
          0 -0.00527686 -0.00428504   0.0115741
 0.00527686           0 -0.00231481   0.0386766
 0.00428504  0.00231481           0 -0.00795066
 -0.0115741  -0.0386766  0.00795066           0
EndNode1[0]<--->Repeater1[0]
REAL
   0.344697  -0.0222844  0.00418826    0.188416
 -0.0222844    0.157197 0.000472813  -0.0208549
 0.00418826 0.000472813    0.183712 -0.00549337
   0.188416  -0.0208549 -0.00549337    0.314394
IMAGINARY
          0    0.015645   0.0068891  -0.0130555
  -0.015645           0 -0.00230284   0.0232527
 -0.0068891  0.00230284           0   -0.013872
  0.0130555  -0.0232527    0.013872           0
EndNode2[0]<--->HoM1[0]
REAL
   0.340187  0.00487364 -0.00833566    0.162279
 0.00487364    0.147664 -0.00722685   0.0135621
-0.00833566 -0.00722685    0.143925 0.000352843
   0.162279   0.0135621 0.000352843    0.368224
IMAGINARY
          0   0.0034056  -0.0333746 -0.00945127
 -0.0034056           0  -0.0112695   0.0120799
  0.0333746   0.0112695           0 -0.00936812
 0.00945127  -0.0120799  0.00936812           0
Repeater1[0]<--->EndNode1[0]
REAL
   0.344697  0.00418826  -0.0222844    0.188416
 0.00418826    0.183712 0.000472813 -0.00549337
 -0.0222844 0.000472813    0.157197  -0.0208549
   0.188416 -0.00549337  -0.0208549    0.314394
IMAGINARY
          0   0.0068891    0.015645  -0.0130555
 -0.0068891           0  0.00230284   -0.013872
  -0.015645 -0.00230284           0   0.0232527
  0.0130555    0.013872  -0.0232527           0
Repeater1[0]<--->HoM1[0]
REAL
   0.340187 -0.00833566  0.00487364    0.162279
-0.00833566    0.143925 -0.00722685 0.000352843
 0.00487364 -0.00722685    0.147664   0.0135621
   0.162279 0.000352843   0.0135621    0.368224
IMAGINARY
          0  -0.0333746   0.0034056 -0.00945127
  0.0333746           0   0.0112695 -0.00936812
 -0.0034056  -0.0112695           0   0.0120799
 0.00945127  0.00936812  -0.0120799           0
EndNode1[0]<--->Repeater1[0]
REAL
   0.329457  0.00411668 0.000350909    0.196393
 0.00411668    0.131783 -0.00394979   0.0128301
0.000350909 -0.00394979    0.168605 -0.00675288
   0.196393   0.0128301 -0.00675288    0.370155
IMAGINARY
          0  -0.0325642    0.012583 -0.00914219
  0.0325642           0   -0.014577    -0.01772
  -0.012583    0.014577           0  0.00859163
 0.00914219     0.01772 -0.00859163           0
EndNode2[0]<--->HoM1[0]
REAL
  0.319853  0.0196958  0.0172698   0.210069
 0.0196958   0.143382  0.0160797 -0.0102027
 0.0172698  0.0160797   0.176471 0.00327242
  0.210069 -0.0102027 0.00327242   0.360294
IMAGINARY
          0  0.00858634  -0.0223984    -0.01113
-0.00858634           0  0.00858329  0.00873716
  0.0223984 -0.00858329           0  -0.0058541
    0.01113 -0.00873716   0.0058541           0
Repeater1[0]<--->EndNode1[0]
REAL
   0.329457 0.000350909  0.00411668    0.196393
0.000350909    0.168605 -0.00394979 -0.00675288
 0.00411668 -0.00394979    0.131783   0.0128301
   0.196393 -0.00675288   0.0128301    0.370155
IMAGINARY
          0    0.012583  -0.0325642 -0.00914219
  -0.012583           0    0.014577  0.00859163
  0.0325642   -0.014577           0    -0.01772
 0.00914219 -0.00859163     0.01772           0
Repeater1[0]<--->HoM1[0]
REAL
  0.319853  0.0172698  0.0196958   0.210069
 0.0172698   0.176471  0.0160797 0.00327242
 0.0196958  0.0160797   0.143382 -0.0102027
  0.210069 0.00327242 -0.0102027   0.360294
IMAGINARY
          0  -0.0223984  0.00858634    -0.01113
  0.0223984           0 -0.00858329  -0.0058541
-0.00858634  0.00858329           0  0.00873716
    0.01113   0.0058541 -0.00873716           0
EndNode1[0]<--->Repeater1[0]
REAL
    0.347594    0.0232992   0.00515517     0.184101
   0.0232992     0.158645    -0.022205  -0.00962744
  0.00515517    -0.022205     0.142602 -0.000937812
    0.184101  -0.00962744 -0.000937812     0.351159
IMAGINARY
          0   0.0353646   0.0108874  -0.0179221
 -0.0353646           0   0.0106494  -0.0316081
 -0.0108874  -0.0106494           0  0.00517593
  0.0179221   0.0316081 -0.00517593           0
EndNode2[0]<--->HoM1[0]
REAL
   0.335155 -0.00256994  0.00239556     0.18382
-0.00256994    0.182149  -0.0216348 -0.00659724
 0.00239556  -0.0216348    0.125683   0.0134943
    0.18382 -0.00659724   0.0134943    0.357013
IMAGINARY
          0 -0.00214408  0.00221806  -0.0223756
 0.00214408           0   0.0304546   0.0159638
-0.00221806  -0.0304546           0  0.00214408
  0.0223756  -0.0159638 -0.00214408           0
Repeater1[0]<--->EndNode1[0]
REAL
    0.347594   0.00515517    0.0232992     0.184101
  0.00515517     0.142602    -0.022205 -0.000937812
   0.0232992    -0.022205     0.158645  -0.00962744
    0.184101 -0.000937812  -0.00962744     0.351159
IMAGINARY
          0   0.0108874   0.0353646  -0.0179221
 -0.0108874           0  -0.0106494  0.00517593
 -0.0353646   0.0106494           0  -0.0316081
  0.0179221 -0.00517593   0.0316081           0
Repeater1[0]<--->HoM1[0]
REAL
   0.335155  0.00239556 -0.00256994     0.18382
 0.00239556    0.125683  -0.0216348   0.0134943
-0.00256994  -0.0216348    0.182149 -0.00659724
    0.18382   0.0134943 -0.00659724    0.357013
IMAGINARY
          0  0.00221806 -0.00214408  -0.0223756
-0.00221806           0  -0.0304546  0.00214408
 0.00214408   0.0304546           0   0.0159638
  0.0223756 -0.00214408  -0.0159638           0
EndNode1[0]<--->Repeater1[0]
REAL
   0.348797 0.000597789   0.0147458    0.175701
0.000597789    0.154639  -0.0135129   0.0226823
  0.0147458  -0.0135129    0.168385  0.00228129
   0.175701   0.0226823  0.00228129    0.328179
IMAGINARY
           0   0.00607049 -0.000142875   -0.0199208
 -0.00607049            0    0.0274114  -0.00991197
 0.000142875   -0.0274114            0     0.011297
   0.0199208   0.00991197    -0.011297            0
EndNode2[0]<--->HoM1[0]
REAL
   0.352505 -0.00385935  0.00135624    0.173729
-0.00385935    0.152134  -0.0262712 -0.00135624
 0.00135624  -0.0262712    0.141002  0.00385935
   0.173729 -0.00135624  0.00385935     0.35436
IMAGINARY
          0 -0.00919118  -0.0115425  -0.0254856
 0.00919118           0  0.00722471 -0.00118473
  0.0115425 -0.00722471           0  0.00919118
  0.0254856  0.00118473 -0.00919118           0
Repeater1[0]<--->EndNode1[0]
REAL
   0.348797   0.0147458 0.000597789    0.175701
  0.0147458    0.168385  -0.0135129  0.00228129
0.000597789  -0.0135129    0.154639   0.0226823
   0.175701  0.00228129   0.0226823    0.328179
IMAGINARY
           0 -0.000142875   0.00607049   -0.0199208
 0.000142875            0   -0.0274114     0.011297
 -0.00607049    0.0274114            0  -0.00991197
   0.0199208    -0.011297   0.00991197            0
Repeater1[0]<--->HoM1[0]
REAL
   0.352505  0.00135624 -0.00385935    0.173729
 0.00135624    0.141002  -0.0262712  0.00385935
-0.00385935  -0.0262712    0.152134 -0.00135624
   0.173729  0.00385935 -0.00135624     0.35436
IMAGINARY
          0  -0.0115425 -0.00919118  -0.0254856
  0.0115425           0 -0.00722471  0.00919118
 0.00919118  0.00722471           0 -0.00118473
  0.0254856 -0.00919118  0.00118473           0
EndNode1[0]<--->Repeater1[0]
REAL
    0.329915 -0.000911102   0.00996962     0.169464
-0.000911102      0.17265  -0.00448901    0.0213333
  0.00996962  -0.00448901     0.155556    0.0119094
    0.169464    0.0213333    0.0119094      0.34188
IMAGINARY
          0  -0.0127505  -0.0162561  0.00187679
  0.0127505           0   0.0342243  0.00259489
  0.0162561  -0.0342243           0  0.00273224
-0.00187679 -0.00259489 -0.00273224           0
EndNode2[0]<--->HoM1[0]
REAL
     0.34375    0.0194921    0.0196996     0.183652
   0.0194921     0.142361 -0.000184424   0.00449391
   0.0196996 -0.000184424     0.157986  -0.00537923
    0.183652   0.00449391  -0.00537923     0.355903
IMAGINARY
          0   0.0096205  -0.0173896   0.0251299
 -0.0096205           0  -0.0242418 -0.00126053
  0.0173896   0.0242418           0   0.0232392
 -0.0251299  0.00126053  -0.0232392           0
Repeater1[0]<--->EndNode1[0]
REAL
    0.329915   0.00996962 -0.000911102     0.169464
  0.00996962     0.155556  -0.00448901    0.0119094
-0.000911102  -0.00448901      0.17265    0.0213333
    0.169464    0.0119094    0.0213333      0.34188
IMAGINARY
          0  -0.0162561  -0.0127505  0.00187679
  0.0162561           0  -0.0342243  0.00273224
  0.0127505   0.0342243           0  0.00259489
-0.00187679 -0.00273224 -0.00259489           0
Repeater1[0]<--->HoM1[0]
REAL
     0.34375    0.0196996    0.0194921     0.183652
   0.0196996     0.157986 -0.000184424  -0.00537923
   0.0194921 -0.000184424     0.142361   0.00449391
    0.183652  -0.00537923   0.00449391     0.355903
IMAGINARY
          0  -0.0173896   0.0096205   0.0251299
  0.0173896           0   0.0242418   0.0232392
 -0.0096205  -0.0242418           0 -0.00126053
 -0.0251299  -0.0232392  0.00126053           0
EndNode1[0]<--->Repeater1[0]
REAL
  0.420578  0.0103288  0.0269452   0.210561
 0.0103288   0.137184  0.0101935 0.00513023
 0.0269452  0.0101935   0.149819 0.00665233
  0.210561 0.00513023 0.00665233   0.292419
IMAGINARY
          0   0.0156761   0.0132844   -0.014879
 -0.0156761           0   0.0241041 -0.00225495
 -0.0132844  -0.0241041           0  -0.0138378
   0.014879  0.00225495   0.0138378           0
EndNode2[0]<--->HoM1[0]
REAL
   0.335593  0.00734473 -0.00548587    0.180766
 0.00734473    0.186441  -0.0128122 -0.00995814
-0.00548587  -0.0128122    0.155932  -0.0459548
   0.180766 -0.00995814  -0.0459548    0.322034
IMAGINARY
          0   0.0152194  -0.0270525  0.00629897
 -0.0152194           0  -0.0265196  -0.0142319
  0.0270525   0.0265196           0  0.00588153
-0.00629897   0.0142319 -0.00588153           0
Repeater1[0]<--->EndNode1[0]
REAL
  0.420578  0.0269452  0.0103288   0.210561
 0.0269452   0.149819  0.0101935 0.00665233
 0.0103288  0.0101935   0.137184 0.00513023
  0.210561 0.00665233 0.00513023   0.292419
IMAGINARY
          0   0.0132844   0.0156761   -0.014879
 -0.0132844           0  -0.0241041  -0.0138378
 -0.0156761   0.0241041           0 -0.00225495
   0.014879   0.0138378  0.00225495           0
Repeater1[0]<--->HoM1[0]
REAL
   0.335593 -0.00548587  0.00734473    0.180766
-0.00548587    0.155932  -0.0128122  -0.0459548
 0.00734473  -0.0128122    0.186441 -0.00995814
   0.180766  -0.0459548 -0.00995814    0.322034
IMAGINARY
          0  -0.0270525   0.0152194  0.00629897
  0.0270525           0   0.0265196  0.00588153
 -0.0152194  -0.0265196           0  -0.0142319
-0.00629897 -0.00588153   0.0142319           0
EndNode1[0]<--->Repeater1[0]
REAL
   0.317431 -0.00267795   0.0150361    0.166076
-0.00267795    0.161468 1.09873e-05 -0.00894914
  0.0150361 1.09873e-05    0.172477  0.00528665
   0.166076 -0.00894914  0.00528665    0.348624
IMAGINARY
           0  -0.00719377  0.000935227    0.0288941
  0.00719377            0  -0.00997517   -0.0171807
-0.000935227   0.00997517            0   -0.0108568
  -0.0288941    0.0171807    0.0108568            0
EndNode2[0]<--->HoM1[0]
REAL
   0.311031 -0.00414265 -0.00448472     0.17386
-0.00414265    0.148282  -0.0119638 -0.00535428
-0.00448472  -0.0119638    0.162749  -0.0110631
    0.17386 -0.00535428  -0.0110631    0.377939
IMAGINARY
          0    0.012502  -0.0280096  0.00964152
  -0.012502           0  0.00778967 -0.00455745
  0.0280096 -0.00778967           0    0.020065
-0.00964152  0.00455745   -0.020065           0
Repeater1[0]<--->EndNode1[0]
REAL
   0.317431   0.0150361 -0.00267795    0.166076
  0.0150361    0.172477 1.09873e-05  0.00528665
-0.00267795 1.09873e-05    0.161468 -0.00894914
   0.166076  0.00528665 -0.00894914    0.348624
IMAGINARY
           0  0.000935227  -0.00719377    0.0288941
-0.000935227            0   0.00997517   -0.0108568
  0.00719377  -0.00997517            0   -0.0171807
  -0.0288941    0.0108568    0.0171807            0
Repeater1[0]<--->HoM1[0]
REAL
   0.311031 -0.00448472 -0.00414265     0.17386
-0.00448472    0.162749  -0.0119638  -0.0110631
-0.00414265  -0.0119638    0.148282 -0.00535428
    0.17386  -0.0110631 -0.00535428    0.377939
IMAGINARY
          0  -0.0280096    0.012502  0.00964152
  0.0280096           0 -0.00778967    0.020065
  -0.012502  0.00778967           0 -0.00455745
-0.00964152   -0.020065  0.00455745           0
EndNode1[0]<--->Repeater1[0]
REAL
   0.335052  -0.0209793   0.0169018    0.169611
 -0.0209793     0.16323  -0.0145013  -0.0205514
  0.0169018  -0.0145013    0.183849 0.000906265
   0.169611  -0.0205514 0.000906265    0.317869
IMAGINARY
          0   0.0240858  0.00650915   0.0149394
 -0.0240858           0 -0.00581531   0.0205937
-0.00650915  0.00581531           0  -0.0231512
 -0.0149394  -0.0205937   0.0231512           0
EndNode2[0]<--->HoM1[0]
REAL
   0.366483  0.00358196  -0.0265652    0.194177
 0.00358196    0.154696  -0.0034552 -0.00436267
 -0.0265652  -0.0034552    0.143646   0.0136002
   0.194177 -0.00436267   0.0136002    0.335175
IMAGINARY
          0   0.0113696  -0.0185488  0.00120597
 -0.0113696           0   0.0144803  0.00124464
  0.0185488  -0.0144803           0  0.00957753
-0.00120597 -0.00124464 -0.00957753           0
Repeater1[0]<--->EndNode1[0]
REAL
   0.335052   0.0169018  -0.0209793    0.169611
  0.0169018    0.183849  -0.0145013 0.000906265
 -0.0209793  -0.0145013     0.16323  -0.0205514
   0.169611 0.000906265  -0.0205514    0.317869
IMAGINARY
          0  0.00650915   0.0240858   0.0149394
-0.00650915           0  0.00581531  -0.0231512
 -0.0240858 -0.00581531           0   0.0205937
 -0.0149394   0.0231512  -0.0205937           0
Repeater1[0]<--->HoM1[0]
REAL
   0.366483  -0.0265652  0.00358196    0.194177
 -0.0265652    0.143646  -0.0034552   0.0136002
 0.00358196  -0.0034552    0.154696 -0.00436267
   0.194177   0.0136002 -0.00436267    0.335175
IMAGINARY
          0  -0.0185488   0.0113696  0.00120597
  0.0185488           0  -0.0144803  0.00957753
 -0.0113696   0.0144803           0  0.00124464
-0.00120597 -0.00957753 -0.00124464           0
EndNode1[0]<--->Repeater1[0]
REAL
    0.324278  -0.00479315 -0.000728438     0.158508
 -0.00479315     0.123939  -0.00815851  -0.00451632
-0.000728438  -0.00815851     0.169779   -0.0214306
    0.158508  -0.00451632   -0.0214306     0.382003
IMAGINARY
          0  -0.0167574  -0.0174396   0.0442091
  0.0167574           0   0.0133449   0.0128356
  0.0174396  -0.0133449           0 -0.00257966
 -0.0442091  -0.0128356  0.00257966           0
EndNode2[0]<--->HoM1[0]
REAL
   0.346221   0.0163488  0.00383898    0.205461
  0.0163488     0.13181    0.029989 -0.00295714
 0.00383898    0.029989      0.1529   0.0127517
   0.205461 -0.00295714   0.0127517    0.369069
IMAGINARY
          0 -0.00526866   0.0275703   0.0192251
 0.00526866           0 -0.00533626 -0.00304197
 -0.0275703  0.00533626           0  0.00338186
 -0.0192251  0.00304197 -0.00338186           0
Repeater1[0]<--->EndNode1[0]
REAL
    0.324278 -0.000728438  -0.00479315     0.158508
-0.000728438     0.169779  -0.00815851   -0.0214306
 -0.00479315  -0.00815851     0.123939  -0.00451632
    0.158508   -0.0214306  -0.00451632     0.382003
IMAGINARY
          0  -0.0174396  -0.0167574   0.0442091
  0.0174396           0  -0.0133449 -0.00257966
  0.0167574   0.0133449           0   0.0128356
 -0.0442091  0.00257966  -0.0128356           0
Repeater1[0]<--->HoM1[0]
REAL
   0.346221  0.00383898   0.0163488    0.205461
 0.00383898      0.1529    0.029989   0.0127517
  0.0163488    0.029989     0.13181 -0.00295714
   0.205461   0.0127517 -0.00295714    0.369069
IMAGINARY
          0   0.0275703 -0.00526866   0.0192251
 -0.0275703           0  0.00533626  0.00338186
 0.00526866 -0.00533626           0 -0.00304197
 -0.0192251 -0.00338186  0.00304197           0
EndNode1[0]<--->Repeater1[0]
REAL
    0.339483    0.0161388 -0.000560451     0.172116
   0.0161388     0.154982   -0.0206012   0.00624227
-0.000560451   -0.0206012     0.149446    -0.010457
    0.172116   0.00624227    -0.010457     0.356089
IMAGINARY
          0 -0.00944885   0.0169722 -0.00343813
 0.00944885           0  -0.0214237 -0.00897933
 -0.0169722   0.0214237           0 -0.00387264
 0.00343813  0.00897933  0.00387264           0
EndNode2[0]<--->HoM1[0]
REAL
  0.363964 -0.0145207 0.00430805   0.179278
-0.0145207   0.120721  0.0193518 0.00254127
0.00430805  0.0193518    0.18018   0.011096
  0.179278 0.00254127   0.011096   0.335135
IMAGINARY
          0 -0.00757986  0.00623048   0.0201692
 0.00757986           0  -0.0263204   0.0195048
-0.00623048   0.0263204           0  0.00574163
 -0.0201692  -0.0195048 -0.00574163           0
Repeater1[0]<--->EndNode1[0]
REAL
    0.339483 -0.000560451    0.0161388     0.172116
-0.000560451     0.149446   -0.0206012    -0.010457
   0.0161388   -0.0206012     0.154982   0.00624227
    0.172116    -0.010457   0.00624227     0.356089
IMAGINARY
          0   0.0169722 -0.00944885 -0.00343813
 -0.0169722           0   0.0214237 -0.00387264
 0.00944885  -0.0214237           0 -0.00897933
 0.00343813  0.00387264  0.00897933           0
Repeater1[0]<--->HoM1[0]
REAL
  0.363964 0.00430805 -0.0145207   0.179278
0.00430805    0.18018  0.0193518   0.011096
-0.0145207  0.0193518   0.120721 0.00254127
  0.179278   0.011096 0.00254127   0.335135
IMAGINARY
          0  0.00623048 -0.00757986   0.0201692
-0.00623048           0   0.0263204  0.00574163
 0.00757986  -0.0263204           0   0.0195048
 -0.0201692 -0.00574163  -0.0195048           0
EndNode1[0]<--->Repeater1[0]
REAL
   0.369025  0.00107703  -0.0134716     0.19104
 0.00107703    0.172084 -0.00913913  0.00524494
 -0.0134716 -0.00913913    0.128107  0.00532151
    0.19104  0.00524494  0.00532151    0.330784
IMAGINARY
          0 -0.00341603  -0.0105806  -0.0159587
 0.00341603           0  -0.0226477   0.0114782
  0.0105806   0.0226477           0   0.0402203
  0.0159587  -0.0114782  -0.0402203           0
EndNode2[0]<--->HoM1[0]
REAL
  0.348993  0.0106062  0.0107088   0.174443
 0.0106062   0.149329  0.0137289 0.00721232
 0.0107088  0.0137289   0.166107  0.0252361
  0.174443 0.00721232  0.0252361    0.33557
IMAGINARY
           0   -0.0144353  -0.00364184 -0.000912508
   0.0144353            0    0.0307776  -0.00826292
  0.00364184   -0.0307776            0   -0.0153266
 0.000912508   0.00826292    0.0153266            0
Repeater1[0]<--->EndNode1[0]
REAL
   0.369025  -0.0134716  0.00107703     0.19104
 -0.0134716    0.128107 -0.00913913  0.00532151
 0.00107703 -0.00913913    0.172084  0.00524494
    0.19104  0.00532151  0.00524494    0.330784
IMAGINARY
          0  -0.0105806 -0.00341603  -0.0159587
  0.0105806           0   0.0226477   0.0402203
 0.00341603  -0.0226477           0   0.0114782
  0.0159587  -0.0402203  -0.0114782           0
Repeater1[0]<--->HoM1[0]
REAL
  0.348993  0.0107088  0.0106062   0.174443
 0.0107088   0.166107  0.0137289  0.0252361
 0.0106062  0.0137289   0.149329 0.00721232
  0.174443  0.0252361 0.00721232    0.33557
IMAGINARY
           0  -0.00364184   -0.0144353 -0.000912508
  0.00364184            0   -0.0307776   -0.0153266
   0.0144353    0.0307776            0  -0.00826292
 0.000912508    0.0153266   0.00826292            0
EndNode1[0]<--->Repeater1[0]
REAL
   0.318505  -0.0132911   0.0268323    0.170949
 -0.0132911    0.160142  -0.0151827  -0.0104812
  0.0268323  -0.0151827    0.176157 -0.00822353
   0.170949  -0.0104812 -0.00822353    0.345196
IMAGINARY
           0    0.0020212   0.00644093   0.00921832
  -0.0020212            0   0.00495937 -0.000966477
 -0.00644093  -0.00495937            0    0.0144022
 -0.00921832  0.000966477   -0.0144022            0
EndNode2[0]<--->HoM1[0]
REAL
   0.349736 -0.00212123  -0.0140266    0.187884
-0.00212123     0.13884  -0.0102288  -0.0280979
 -0.0140266  -0.0102288    0.177504  -0.0143623
   0.187884  -0.0280979  -0.0143623    0.333919
IMAGINARY
          0  0.00428374  -0.0173196  0.00609602
-0.00428374           0 -0.00237855   0.0233231
  0.0173196  0.00237855           0  0.00686549
-0.00609602  -0.0233231 -0.00686549           0
Repeater1[0]<--->EndNode1[0]
REAL
   0.318505   0.0268323  -0.0132911    0.170949
  0.0268323    0.176157  -0.0151827 -0.00822353
 -0.0132911  -0.0151827    0.160142  -0.0104812
   0.170949 -0.00822353  -0.0104812    0.345196
IMAGINARY
           0   0.00644093    0.0020212   0.00921832
 -0.00644093            0  -0.00495937    0.0144022
  -0.0020212   0.00495937            0 -0.000966477
 -0.00921832   -0.0144022  0.000966477            0
Repeater1[0]<--->HoM1[0]
REAL
   0.349736  -0.0140266 -0.00212123    0.187884
 -0.0140266    0.177504  -0.0102288  -0.0143623
-0.00212123  -0.0102288     0.13884  -0.0280979
   0.187884  -0.0143623  -0.0280979    0.333919
IMAGINARY
          0  -0.0173196  0.00428374  0.00609602
  0.0173196           0  0.00237855  0.00686549
-0.00428374 -0.00237855           0   0.0233231
-0.00609602 -0.00686549  -0.0233231           0
EndNode1[0]<--->Repeater1[0]
REAL
   0.347979   0.0165675   0.0053593     0.17544
  0.0165675     0.13884  -0.0191904 -0.00188708
  0.0053593  -0.0191904    0.175747   0.0112103
    0.17544 -0.00188708   0.0112103    0.337434
IMAGINARY
           0    0.0117628   -0.0116077 -0.000408791
  -0.0117628            0   0.00337909   0.00657413
   0.0116077  -0.00337909            0   -0.0201521
 0.000408791  -0.00657413    0.0201521            0
EndNode2[0]<--->HoM1[0]
REAL
   0.327381 0.000790876   0.0132944    0.173282
0.000790876     0.15873  -0.0194357 -0.00413684
  0.0132944  -0.0194357    0.180556 -0.00445388
   0.173282 -0.00413684 -0.00445388    0.333333
IMAGINARY
          0   0.0229809  -0.0286695  -0.0109961
 -0.0229809           0   -0.019253  0.00824323
  0.0286695    0.019253           0 -0.00788325
  0.0109961 -0.00824323  0.00788325           0
Repeater1[0]<--->EndNode1[0]
REAL
   0.347979   0.0053593   0.0165675     0.17544
  0.0053593    0.175747  -0.0191904   0.0112103
  0.0165675  -0.0191904     0.13884 -0.00188708
    0.17544   0.0112103 -0.00188708    0.337434
IMAGINARY
           0   -0.0116077    0.0117628 -0.000408791
   0.0116077            0  -0.00337909   -0.0201521
  -0.0117628   0.00337909            0   0.00657413
 0.000408791    0.0201521  -0.00657413            0
Repeater1[0]<--->HoM1[0]
REAL
   0.327381   0.0132944 0.000790876    0.173282
  0.0132944    0.180556  -0.0194357 -0.00445388
0.000790876  -0.0194357     0.15873 -0.00413684
   0.173282 -0.00445388 -0.00413684    0.333333
IMAGINARY
          0  -0.0286695   0.0229809  -0.0109961
  0.0286695           0    0.019253 -0.00788325
 -0.0229809   -0.019253           0  0.00824323
  0.0109961  0.00788325 -0.00824323           0
EndNode1[0]<--->Repeater1[0]
REAL
   0.357522  0.00898594   0.0077349     0.18391
 0.00898594    0.159292  0.00660542  -0.0168863
  0.0077349  0.00660542    0.168142 -0.00482621
    0.18391  -0.0168863 -0.00482621    0.315044
IMAGINARY
          0  0.00950999   0.0509198  0.00806387
-0.00950999           0   0.0203049  0.00404477
 -0.0509198  -0.0203049           0   0.0170858
-0.00806387 -0.00404477  -0.0170858           0
EndNode2[0]<--->HoM1[0]
REAL
   0.366972 -0.00556903  0.00228856    0.196632
-0.00556903    0.174312  -0.0122285 0.000463738
 0.00228856  -0.0122285    0.159633    0.011991
   0.196632 0.000463738    0.011991    0.299083
IMAGINARY
          0   0.0261135   0.0148514  0.00717221
 -0.0261135           0  -0.0268978 -0.00309732
 -0.0148514   0.0268978           0  -0.0035095
-0.00717221  0.00309732   0.0035095           0
Repeater1[0]<--->EndNode1[0]
REAL
   0.357522   0.0077349  0.00898594     0.18391
  0.0077349    0.168142  0.00660542 -0.00482621
 0.00898594  0.00660542    0.159292  -0.0168863
    0.18391 -0.00482621  -0.0168863    0.315044
IMAGINARY
          0   0.0509198  0.00950999  0.00806387
 -0.0509198           0  -0.0203049   0.0170858
-0.00950999   0.0203049           0  0.00404477
-0.00806387  -0.0170858 -0.00404477           0
Repeater1[0]<--->HoM1[0]
REAL
   0.366972  0.00228856 -0.00556903    0.196632
 0.00228856    0.159633  -0.0122285    0.011991
-0.00556903  -0.0122285    0.174312 0.000463738
   0.196632    0.011991 0.000463738    0.299083
IMAGINARY
          0   0.0148514   0.0261135  0.00717221
 -0.0148514           0   0.0268978  -0.0035095
 -0.0261135  -0.0268978           0 -0.00309732
-0.00717221   0.0035095  0.00309732           0
EndNode1[0]<--->Repeater1[0]
REAL
   0.338889  0.00206182 0.000212603    0.178521
 0.00206182    0.140741  0.00440569   0.0154668
0.000212603  0.00440569    0.157407  0.00664898
   0.178521   0.0154668  0.00664898    0.362963
IMAGINARY
           0    0.0287711  0.000944568   0.00179085
  -0.0287711            0 -9.59386e-05   0.00184873
-0.000944568  9.59386e-05            0   0.00381733
 -0.00179085  -0.00184873  -0.00381733            0
EndNode2[0]<--->HoM1[0]
REAL
   0.349462 -0.00270492  -0.0134166    0.182095
-0.00270492    0.146953 -0.00506579 -0.00126385
 -0.0134166 -0.00506579    0.134409  0.00702271
   0.182095 -0.00126385  0.00702271    0.369176
IMAGINARY
          0  -0.0108776   0.0131516  0.00702597
  0.0108776           0   0.0144887  0.00402747
 -0.0131516  -0.0144887           0  -0.0261929
-0.00702597 -0.00402747   0.0261929           0
Repeater1[0]<--->EndNode1[0]
REAL
   0.338889 0.000212603  0.00206182    0.178521
0.000212603    0.157407  0.00440569  0.00664898
 0.00206182  0.00440569    0.140741   0.0154668
   0.178521  0.00664898   0.0154668    0.362963
IMAGINARY
           0  0.000944568    0.0287711   0.00179085
-0.000944568            0  9.59386e-05   0.00381733
  -0.0287711 -9.59386e-05            0   0.00184873
 -0.00179085  -0.00381733  -0.00184873            0
Repeater1[0]<--->HoM1[0]
REAL
   0.349462  -0.0134166 -0.00270492    0.182095
 -0.0134166    0.134409 -0.00506579  0.00702271
-0.00270492 -0.00506579    0.146953 -0.00126385
   0.182095  0.00702271 -0.00126385    0.369176
IMAGINARY
          0   0.0131516  -0.0108776  0.00702597
 -0.0131516           0  -0.0144887  -0.0261929
  0.0108776   0.0144887           0  0.00402747
-0.00702597   0.0261929 -0.00402747           0
EndNode1[0]<--->Repeater1[0]
REAL
  0.349745  0.0172635  0.0110741   0.184705
 0.0172635   0.139219  0.0186533 0.00571695
 0.0110741  0.0186533   0.174873  0.0237812
  0.184705 0.00571695  0.0237812   0.336163
IMAGINARY
          0   0.0120405  -0.0127784  0.00509856
 -0.0120405           0  -0.0140271   0.0238485
  0.0127784   0.0140271           0  -0.0138855
-0.00509856  -0.0238485   0.0138855           0
EndNode2[0]<--->HoM1[0]
REAL
  0.331115 -0.0116859 0.00870243   0.206706
-0.0116859   0.146423 0.00652946 0.00416522
0.00870243 0.00652946   0.136439 0.00617122
  0.206706 0.00416522 0.00617122   0.386023
IMAGINARY
          0 -0.00383041 -0.00733025  -0.0203562
 0.00383041           0   0.0076289   0.0135031
 0.00733025  -0.0076289           0  -0.0164518
  0.0203562  -0.0135031   0.0164518           0
Repeater1[0]<--->EndNode1[0]
REAL
  0.349745  0.0110741  0.0172635   0.184705
 0.0110741   0.174873  0.0186533  0.0237812
 0.0172635  0.0186533   0.139219 0.00571695
  0.184705  0.0237812 0.00571695   0.336163
IMAGINARY
          0  -0.0127784   0.0120405  0.00509856
  0.0127784           0   0.0140271  -0.0138855
 -0.0120405  -0.0140271           0   0.0238485
-0.00509856   0.0138855  -0.0238485           0
Repeater1[0]<--->HoM1[0]
REAL
  0.331115 0.00870243 -0.0116859   0.206706
0.00870243   0.136439 0.00652946 0.00617122
-0.0116859 0.00652946   0.146423 0.00416522
  0.206706 0.00617122 0.00416522   0.386023
IMAGINARY
          0 -0.00733025 -0.00383041  -0.0203562
 0.00733025           0  -0.0076289  -0.0164518
 0.00383041   0.0076289           0   0.0135031
  0.0203562   0.0164518  -0.0135031           0
EndNode1[0]<--->Repeater1[0]
REAL
   0.339518  -0.0219851  -0.0077588    0.195822
 -0.0219851    0.137291  -0.0124312 -0.00262182
 -0.0077588  -0.0124312    0.155844  0.00641419
   0.195822 -0.00262182  0.00641419    0.367347
IMAGINARY
          0   0.0104124   0.0104872  -0.0048722
 -0.0104124           0 -0.00224523 -0.00760808
 -0.0104872  0.00224523           0  0.00206361
  0.0048722  0.00760808 -0.00206361           0
EndNode2[0]<--->HoM1[0]
REAL
   0.363636 -0.00267187  -0.0178606    0.178001
-0.00267187    0.162879  -0.0214716  -0.0170231
 -0.0178606  -0.0214716    0.168561 -0.00358931
   0.178001  -0.0170231 -0.00358931    0.304924
IMAGINARY
          0 -0.00623117   0.0241011 -0.00978118
 0.00623117           0  -0.0195157   0.0136845
 -0.0241011   0.0195157           0 -0.00167744
 0.00978118  -0.0136845  0.00167744           0
Repeater1[0]<--->EndNode1[0]
REAL
   0.339518  -0.0077588  -0.0219851    0.195822
 -0.0077588    0.155844  -0.0124312  0.00641419
 -0.0219851  -0.0124312    0.137291 -0.00262182
   0.195822  0.00641419 -0.00262182    0.367347
IMAGINARY
          0   0.0104872   0.0104124  -0.0048722
 -0.0104872           0  0.00224523  0.00206361
 -0.0104124 -0.00224523           0 -0.00760808
  0.0048722 -0.00206361  0.00760808           0
Repeater1[0]<--->HoM1[0]
REAL
   0.363636  -0.0178606 -0.00267187    0.178001
 -0.0178606    0.168561  -0.0214716 -0.00358931
-0.00267187  -0.0214716    0.162879  -0.0170231
   0.178001 -0.00358931  -0.0170231    0.304924
IMAGINARY
          0   0.0241011 -0.00623117 -0.00978118
 -0.0241011           0   0.0195157 -0.00167744
 0.00623117  -0.0195157           0   0.0136845
 0.00978118  0.00167744  -0.0136845           0
EndNode1[0]<--->Repeater1[0]
REAL
  0.337979  0.0109522   0.016129   0.183341
 0.0109522   0.172474 -0.0110563  -0.016129
  0.016129 -0.0110563   0.163763 0.00590171
  0.183341  -0.016129 0.00590171   0.325784
IMAGINARY
          0  -0.0145896   0.0158758  -0.0032271
  0.0145896           0  0.00226741 -0.00653797
 -0.0158758 -0.00226741           0   0.0052517
  0.0032271  0.00653797  -0.0052517           0
EndNode2[0]<--->HoM1[0]
REAL
   0.349829 -0.00776253   0.0033831    0.173822
-0.00776253    0.158703  -0.0108796  0.00872118
  0.0033831  -0.0108796     0.15529  0.00310704
