EndNode1[0]<--->Repeater1[0]
REAL
   0.329482  -0.0146652 -0.00145451     0.19094
 -0.0146652    0.154188 -0.00291974 -0.00315327
-0.00145451 -0.00291974    0.166185   0.0042134
    0.19094 -0.00315327   0.0042134    0.350144
IMAGINARY
          0 -0.00588411  -0.0022837  0.00306431
 0.00588411           0 -0.00649124  0.00474897
  0.0022837  0.00649124           0  0.00117771
-0.00306431 -0.00474897 -0.00117771           0
EndNode2[0]<--->HoM1[0]
REAL
    0.34831 -0.00677917 -0.00141902    0.193279
-0.00677917    0.165646 -0.00372454  0.00614662
-0.00141902 -0.00372454    0.156342  0.00452793
   0.193279  0.00614662  0.00452793    0.329703
IMAGINARY
           0  0.000823069  -0.00360376   0.00431985
-0.000823069            0   0.00203466  -0.00472033
  0.00360376  -0.00203466            0   0.00594719
 -0.00431985   0.00472033  -0.00594719            0
Repeater1[0]<--->EndNode1[0]
REAL
   0.329482 -0.00145451  -0.0146652     0.19094
-0.00145451    0.166185 -0.00291974   0.0042134
 -0.0146652 -0.00291974    0.154188 -0.00315327
    0.19094   0.0042134 -0.00315327    0.350144
IMAGINARY
          0  -0.0022837 -0.00588411  0.00306431
  0.0022837           0  0.00649124  0.00117771
 0.00588411 -0.00649124           0  0.00474897
-0.00306431 -0.00117771 -0.00474897           0
Repeater1[0]<--->HoM1[0]
REAL
    0.34831 -0.00141902 -0.00677917    0.193279
-0.00141902    0.156342 -0.00372454  0.00452793
-0.00677917 -0.00372454    0.165646  0.00614662
   0.193279  0.00452793  0.00614662    0.329703
IMAGINARY
           0  -0.00360376  0.000823069   0.00431985
  0.00360376            0  -0.00203466   0.00594719
-0.000823069   0.00203466            0  -0.00472033
 -0.00431985  -0.00594719   0.00472033            0
EndNode1[0]<--->Repeater1[0]
REAL
   0.343814 -0.00122973  0.00698325    0.179684
-0.00122973    0.160629 0.000649494   0.0070965
 0.00698325 0.000649494    0.159717  0.00562261
   0.179684   0.0070965  0.00562261     0.33584
IMAGINARY
          0 -0.00904922  0.00500488   0.0100886
 0.00904922           0 -0.00258242 -0.00724002
-0.00500488  0.00258242           0  0.00100273
 -0.0100886  0.00724002 -0.00100273           0
EndNode2[0]<--->HoM1[0]
REAL
   0.345254  -0.0164395  -0.0121207    0.178585
 -0.0164395    0.150922 -0.00478604 -0.00142362
 -0.0121207 -0.00478604    0.159244  -0.0018851
   0.178585 -0.00142362  -0.0018851    0.344579
IMAGINARY
          0  0.00350545 -0.00288623  0.00939371
-0.00350545           0   0.0110374 -0.00121399
 0.00288623  -0.0110374           0   0.0001392
-0.00939371  0.00121399  -0.0001392           0
Repeater1[0]<--->EndNode1[0]
REAL
   0.343814  0.00698325 -0.00122973    0.179684
 0.00698325    0.159717 0.000649494  0.00562261
-0.00122973 0.000649494    0.160629   0.0070965
   0.179684  0.00562261   0.0070965     0.33584
IMAGINARY
          0  0.00500488 -0.00904922   0.0100886
-0.00500488           0  0.00258242  0.00100273
 0.00904922 -0.00258242           0 -0.00724002
 -0.0100886 -0.00100273  0.00724002           0
Repeater1[0]<--->HoM1[0]
REAL
   0.345254  -0.0121207  -0.0164395    0.178585
 -0.0121207    0.159244 -0.00478604  -0.0018851
 -0.0164395 -0.00478604    0.150922 -0.00142362
   0.178585  -0.0018851 -0.00142362    0.344579
IMAGINARY
          0 -0.00288623  0.00350545  0.00939371
 0.00288623           0  -0.0110374   0.0001392
-0.00350545   0.0110374           0 -0.00121399
-0.00939371  -0.0001392  0.00121399           0
EndNode1[0]<--->Repeater1[0]
REAL
    0.343139 -0.000572641    0.0025666     0.186563
-0.000572641     0.157422   0.00653585   0.00840232
   0.0025666   0.00653585     0.156075   0.00628562
    0.186563   0.00840232   0.00628562     0.343364
IMAGINARY
          0  0.00590429 -0.00270965  0.00335192
-0.00590429           0 -0.00116449 -0.00640992
 0.00270965  0.00116449           0  0.00704324
-0.00335192  0.00640992 -0.00704324           0
EndNode2[0]<--->HoM1[0]
REAL
   0.344185 -0.00546198 -0.00213342    0.185147
-0.00546198    0.157611 0.000200387 -0.00743218
-0.00213342 0.000200387    0.167265  0.00624973
   0.185147 -0.00743218  0.00624973    0.330938
IMAGINARY
          0  0.00315522 -0.00016586  0.00449718
-0.00315522           0 -0.00283089 -0.00175244
 0.00016586  0.00283089           0  0.00101991
-0.00449718  0.00175244 -0.00101991           0
Repeater1[0]<--->EndNode1[0]
REAL
    0.343139    0.0025666 -0.000572641     0.186563
   0.0025666     0.156075   0.00653585   0.00628562
-0.000572641   0.00653585     0.157422   0.00840232
    0.186563   0.00628562   0.00840232     0.343364
IMAGINARY
          0 -0.00270965  0.00590429  0.00335192
 0.00270965           0  0.00116449  0.00704324
-0.00590429 -0.00116449           0 -0.00640992
-0.00335192 -0.00704324  0.00640992           0
Repeater1[0]<--->HoM1[0]
REAL
   0.344185 -0.00213342 -0.00546198    0.185147
-0.00213342    0.167265 0.000200387  0.00624973
-0.00546198 0.000200387    0.157611 -0.00743218
   0.185147  0.00624973 -0.00743218    0.330938
IMAGINARY
          0 -0.00016586  0.00315522  0.00449718
 0.00016586           0  0.00283089  0.00101991
-0.00315522 -0.00283089           0 -0.00175244
-0.00449718 -0.00101991  0.00175244           0
EndNode1[0]<--->Repeater1[0]
REAL
    0.34822 -0.00108308 -0.00353896     0.18718
-0.00108308    0.161176 -0.00271757  -0.0109488
-0.00353896 -0.00271757    0.147911 -0.00678824
    0.18718  -0.0109488 -0.00678824    0.342693
IMAGINARY
           0    0.0012984   -0.0031431   0.00016906
  -0.0012984            0  -5.5963e-05  7.84036e-05
   0.0031431   5.5963e-05            0    -0.002774
 -0.00016906 -7.84036e-05     0.002774            0
EndNode2[0]<--->HoM1[0]
REAL
   0.344805 -0.00436048  0.00365567    0.173776
-0.00436048     0.15673 -0.00787041 -0.00217131
 0.00365567 -0.00787041    0.156949  0.00150595
   0.173776 -0.00217131  0.00150595    0.341517
IMAGINARY
           0   0.00201135   0.00148572    0.0055484
 -0.00201135            0  0.000537014  -0.00426659
 -0.00148572 -0.000537014            0  -0.00746185
  -0.0055484   0.00426659   0.00746185            0
Repeater1[0]<--->EndNode1[0]
REAL
    0.34822 -0.00353896 -0.00108308     0.18718
-0.00353896    0.147911 -0.00271757 -0.00678824
-0.00108308 -0.00271757    0.161176  -0.0109488
    0.18718 -0.00678824  -0.0109488    0.342693
IMAGINARY
           0   -0.0031431    0.0012984   0.00016906
   0.0031431            0   5.5963e-05    -0.002774
  -0.0012984  -5.5963e-05            0  7.84036e-05
 -0.00016906     0.002774 -7.84036e-05            0
Repeater1[0]<--->HoM1[0]
REAL
   0.344805  0.00365567 -0.00436048    0.173776
 0.00365567    0.156949 -0.00787041  0.00150595
-0.00436048 -0.00787041     0.15673 -0.00217131
   0.173776  0.00150595 -0.00217131    0.341517
IMAGINARY
           0   0.00148572   0.00201135    0.0055484
 -0.00148572            0 -0.000537014  -0.00746185
 -0.00201135  0.000537014            0  -0.00426659
  -0.0055484   0.00746185   0.00426659            0
EndNode1[0]<--->Repeater1[0]
REAL
  0.344551  0.0110313  0.0059959   0.189051
 0.0110313   0.163138 0.00790485 0.00385191
 0.0059959 0.00790485   0.160018 0.00821665
  0.189051 0.00385191 0.00821665   0.332293
IMAGINARY
          0    0.001888 -0.00534332 -0.00094012
  -0.001888           0 -0.00183457 -0.00831543
 0.00534332  0.00183457           0   0.0122186
 0.00094012  0.00831543  -0.0122186           0
EndNode2[0]<--->HoM1[0]
REAL
    0.351092   0.00875562 -0.000293698     0.183522
  0.00875562     0.150914  -0.00426807    -0.011701
-0.000293698  -0.00426807     0.155595  -0.00253616
    0.183522    -0.011701  -0.00253616     0.342399
IMAGINARY
          0  0.00134658  0.00718635 -0.00116432
-0.00134658           0  0.00743857  0.00131442
-0.00718635 -0.00743857           0  0.00649179
 0.00116432 -0.00131442 -0.00649179           0
Repeater1[0]<--->EndNode1[0]
REAL
  0.344551  0.0059959  0.0110313   0.189051
 0.0059959   0.160018 0.00790485 0.00821665
 0.0110313 0.00790485   0.163138 0.00385191
  0.189051 0.00821665 0.00385191   0.332293
IMAGINARY
          0 -0.00534332    0.001888 -0.00094012
 0.00534332           0  0.00183457   0.0122186
  -0.001888 -0.00183457           0 -0.00831543
 0.00094012  -0.0122186  0.00831543           0
Repeater1[0]<--->HoM1[0]
REAL
    0.351092 -0.000293698   0.00875562     0.183522
-0.000293698     0.155595  -0.00426807  -0.00253616
  0.00875562  -0.00426807     0.150914    -0.011701
    0.183522  -0.00253616    -0.011701     0.342399
IMAGINARY
          0  0.00718635  0.00134658 -0.00116432
-0.00718635           0 -0.00743857  0.00649179
-0.00134658  0.00743857           0  0.00131442
 0.00116432 -0.00649179 -0.00131442           0
EndNode1[0]<--->Repeater1[0]
REAL
   0.329563  0.00204065  0.00143855    0.184427
 0.00204065    0.169192 -0.00290399 -0.00222242
 0.00143855 -0.00290399    0.163085  0.00658197
   0.184427 -0.00222242  0.00658197    0.338159
IMAGINARY
          0  0.00538299 -0.00215015  0.00481855
-0.00538299           0  0.00693956  0.00102301
 0.00215015 -0.00693956           0 -0.00493213
-0.00481855 -0.00102301  0.00493213           0
EndNode2[0]<--->HoM1[0]
REAL
    0.332435  -0.00337072 -0.000819037     0.186781
 -0.00337072     0.174186   0.00358399   0.00248017
-0.000819037   0.00358399     0.157127   0.00325998
    0.186781   0.00248017   0.00325998     0.336251
IMAGINARY
          0  0.00262414 -0.00141966  0.00186335
-0.00262414           0   0.0024353   -0.011035
 0.00141966  -0.0024353           0    0.010057
-0.00186335    0.011035   -0.010057           0
Repeater1[0]<--->EndNode1[0]
REAL
   0.329563  0.00143855  0.00204065    0.184427
 0.00143855    0.163085 -0.00290399  0.00658197
 0.00204065 -0.00290399    0.169192 -0.00222242
   0.184427  0.00658197 -0.00222242    0.338159
IMAGINARY
          0 -0.00215015  0.00538299  0.00481855
 0.00215015           0 -0.00693956 -0.00493213
-0.00538299  0.00693956           0  0.00102301
-0.00481855  0.00493213 -0.00102301           0
Repeater1[0]<--->HoM1[0]
REAL
    0.332435 -0.000819037  -0.00337072     0.186781
-0.000819037     0.157127   0.00358399   0.00325998
 -0.00337072   0.00358399     0.174186   0.00248017
    0.186781   0.00325998   0.00248017     0.336251
IMAGINARY
          0 -0.00141966  0.00262414  0.00186335
 0.00141966           0  -0.0024353    0.010057
-0.00262414   0.0024353           0   -0.011035
-0.00186335   -0.010057    0.011035           0
EndNode1[0]<--->Repeater1[0]
REAL
   0.346365 -0.00230911 -0.00737943    0.186974
-0.00230911    0.160265 -0.00741509 0.000296006
-0.00737943 -0.00741509     0.15112 -0.00140126
   0.186974 0.000296006 -0.00140126     0.34225
IMAGINARY
          0  0.00170176  0.00670974 -0.00161046
-0.00170176           0 -0.00530918 -0.00109918
-0.00670974  0.00530918           0  0.00478889
 0.00161046  0.00109918 -0.00478889           0
EndNode2[0]<--->HoM1[0]
REAL
    0.341118 -0.000879257  -0.00341319     0.179042
-0.000879257     0.158994   0.00270604  -0.00284642
 -0.00341319   0.00270604     0.154278    -0.010432
    0.179042  -0.00284642    -0.010432      0.34561
IMAGINARY
          0  0.00534489 -0.00260996  0.00817275
-0.00534489           0  0.00424105  0.00694984
 0.00260996 -0.00424105           0 -0.00351757
-0.00817275 -0.00694984  0.00351757           0
Repeater1[0]<--->EndNode1[0]
REAL
   0.346365 -0.00737943 -0.00230911    0.186974
-0.00737943     0.15112 -0.00741509 -0.00140126
-0.00230911 -0.00741509    0.160265 0.000296006
   0.186974 -0.00140126 0.000296006     0.34225
IMAGINARY
          0  0.00670974  0.00170176 -0.00161046
-0.00670974           0  0.00530918  0.00478889
-0.00170176 -0.00530918           0 -0.00109918
 0.00161046 -0.00478889  0.00109918           0
Repeater1[0]<--->HoM1[0]
REAL
    0.341118  -0.00341319 -0.000879257     0.179042
 -0.00341319     0.154278   0.00270604    -0.010432
-0.000879257   0.00270604     0.158994  -0.00284642
    0.179042    -0.010432  -0.00284642      0.34561
IMAGINARY
          0 -0.00260996  0.00534489  0.00817275
 0.00260996           0 -0.00424105 -0.00351757
-0.00534489  0.00424105           0  0.00694984
-0.00817275  0.00351757 -0.00694984           0
EndNode1[0]<--->Repeater1[0]
REAL
    0.337644   -0.0104151 -0.000227126     0.187889
  -0.0104151     0.155889   0.00610128   0.00575077
-0.000227126   0.00610128     0.146189   0.00732181
    0.187889   0.00575077   0.00732181     0.360277
IMAGINARY
           0  -0.00213189  -0.00374302   0.00228997
  0.00213189            0  -0.00442144  -0.00374302
  0.00374302   0.00442144            0  0.000232446
 -0.00228997   0.00374302 -0.000232446            0
EndNode2[0]<--->HoM1[0]
REAL
    0.337712   0.00624579   0.00563778      0.19422
  0.00624579     0.151982 -0.000431522   0.00158007
  0.00563778 -0.000431522      0.16376   0.00534651
     0.19422   0.00158007   0.00534651     0.346546
IMAGINARY
           0   0.00764261 -0.000629486  -0.00418663
 -0.00764261            0  -0.00764568  6.52797e-05
 0.000629486   0.00764568            0   -0.0172341
  0.00418663 -6.52797e-05    0.0172341            0
Repeater1[0]<--->EndNode1[0]
REAL
    0.337644 -0.000227126   -0.0104151     0.187889
-0.000227126     0.146189   0.00610128   0.00732181
  -0.0104151   0.00610128     0.155889   0.00575077
    0.187889   0.00732181   0.00575077     0.360277
IMAGINARY
           0  -0.00374302  -0.00213189   0.00228997
  0.00374302            0   0.00442144  0.000232446
  0.00213189  -0.00442144            0  -0.00374302
 -0.00228997 -0.000232446   0.00374302            0
Repeater1[0]<--->HoM1[0]
REAL
    0.337712   0.00563778   0.00624579      0.19422
  0.00563778      0.16376 -0.000431522   0.00534651
  0.00624579 -0.000431522     0.151982   0.00158007
     0.19422   0.00534651   0.00158007     0.346546
IMAGINARY
           0 -0.000629486   0.00764261  -0.00418663
 0.000629486            0   0.00764568   -0.0172341
 -0.00764261  -0.00764568            0  6.52797e-05
  0.00418663    0.0172341 -6.52797e-05            0
EndNode1[0]<--->Repeater1[0]
REAL
   0.339322 -0.00270529  0.00459413    0.180277
-0.00270529    0.150785  0.00116051  0.00775155
 0.00459413  0.00116051    0.158517  0.00821676
   0.180277  0.00775155  0.00821676    0.351376
IMAGINARY
          0  0.00174514 -0.00172586  -0.0096151
-0.00174514           0   0.0100595 -0.00863625
 0.00172586  -0.0100595           0  0.00702279
  0.0096151  0.00863625 -0.00702279           0
EndNode2[0]<--->HoM1[0]
REAL
   0.340853  -0.0102196  -0.0124196    0.185449
 -0.0102196    0.171543 -0.00421426   0.0012684
 -0.0124196 -0.00421426    0.143176 -0.00521181
   0.185449   0.0012684 -0.00521181    0.344427
IMAGINARY
          0  0.00928271  0.00784435 -0.00490984
-0.00928271           0  0.00346121  0.00308461
-0.00784435 -0.00346121           0  0.00141857
 0.00490984 -0.00308461 -0.00141857           0
Repeater1[0]<--->EndNode1[0]
REAL
   0.339322  0.00459413 -0.00270529    0.180277
 0.00459413    0.158517  0.00116051  0.00821676
-0.00270529  0.00116051    0.150785  0.00775155
   0.180277  0.00821676  0.00775155    0.351376
IMAGINARY
          0 -0.00172586  0.00174514  -0.0096151
 0.00172586           0  -0.0100595  0.00702279
-0.00174514   0.0100595           0 -0.00863625
  0.0096151 -0.00702279  0.00863625           0
Repeater1[0]<--->HoM1[0]
REAL
   0.340853  -0.0124196  -0.0102196    0.185449
 -0.0124196    0.143176 -0.00421426 -0.00521181
 -0.0102196 -0.00421426    0.171543   0.0012684
   0.185449 -0.00521181   0.0012684    0.344427
IMAGINARY
          0  0.00784435  0.00928271 -0.00490984
-0.00784435           0 -0.00346121  0.00141857
-0.00928271  0.00346121           0  0.00308461
 0.00490984 -0.00141857 -0.00308461           0
EndNode1[0]<--->Repeater1[0]
REAL
    0.351512  -0.00561195  -0.00903293     0.183381
 -0.00561195     0.158755   0.00897826    0.0013027
 -0.00903293   0.00897826     0.152572 -0.000997952
    0.183381    0.0013027 -0.000997952     0.337161
IMAGINARY
          0 -0.00453328  0.00745927 -0.00959628
 0.00453328           0  0.00576054  0.00132848
-0.00745927 -0.00576054           0 -0.00132521
 0.00959628 -0.00132848  0.00132521           0
EndNode2[0]<--->HoM1[0]
REAL
    0.351437   0.00215047   0.00593045     0.184611
  0.00215047     0.157954  -0.00399114  0.000160362
  0.00593045  -0.00399114     0.154786 -4.63696e-05
    0.184611  0.000160362 -4.63696e-05     0.335823
IMAGINARY
           0  -0.00412362  0.000339213 -3.41866e-06
  0.00412362            0   -0.0075672  0.000339213
-0.000339213    0.0075672            0 -0.000399223
 3.41866e-06 -0.000339213  0.000399223            0
Repeater1[0]<--->EndNode1[0]
REAL
    0.351512  -0.00903293  -0.00561195     0.183381
 -0.00903293     0.152572   0.00897826 -0.000997952
 -0.00561195   0.00897826     0.158755    0.0013027
    0.183381 -0.000997952    0.0013027     0.337161
IMAGINARY
          0  0.00745927 -0.00453328 -0.00959628
-0.00745927           0 -0.00576054 -0.00132521
 0.00453328  0.00576054           0  0.00132848
 0.00959628  0.00132521 -0.00132848           0
Repeater1[0]<--->HoM1[0]
REAL
    0.351437   0.00593045   0.00215047     0.184611
  0.00593045     0.154786  -0.00399114 -4.63696e-05
  0.00215047  -0.00399114     0.157954  0.000160362
    0.184611 -4.63696e-05  0.000160362     0.335823
IMAGINARY
           0  0.000339213  -0.00412362 -3.41866e-06
-0.000339213            0    0.0075672 -0.000399223
  0.00412362   -0.0075672            0  0.000339213
 3.41866e-06  0.000399223 -0.000339213            0
EndNode1[0]<--->Repeater1[0]
REAL
   0.338507   0.0057336 -0.00179794    0.192896
  0.0057336    0.162618  -0.0039837 -0.00523831
-0.00179794  -0.0039837    0.155421 -0.00189564
   0.192896 -0.00523831 -0.00189564    0.343455
IMAGINARY
          0  0.00388258 -0.00540958  0.00101628
-0.00388258           0   0.0063877  0.00370154
 0.00540958  -0.0063877           0 -0.00285775
-0.00101628 -0.00370154  0.00285775           0
EndNode2[0]<--->HoM1[0]
REAL
  0.347185 0.00571878 0.00294781   0.181003
0.00571878   0.153485 0.00505402 0.00238079
0.00294781 0.00505402   0.161528 0.00360626
  0.181003 0.00238079 0.00360626   0.337802
IMAGINARY
          0 -0.00448764   0.0048822  0.00319086
 0.00448764           0   -0.014347  0.00870414
 -0.0048822    0.014347           0 -0.00483192
-0.00319086 -0.00870414  0.00483192           0
Repeater1[0]<--->EndNode1[0]
REAL
   0.338507 -0.00179794   0.0057336    0.192896
-0.00179794    0.155421  -0.0039837 -0.00189564
  0.0057336  -0.0039837    0.162618 -0.00523831
   0.192896 -0.00189564 -0.00523831    0.343455
IMAGINARY
          0 -0.00540958  0.00388258  0.00101628
 0.00540958           0  -0.0063877 -0.00285775
-0.00388258   0.0063877           0  0.00370154
-0.00101628  0.00285775 -0.00370154           0
Repeater1[0]<--->HoM1[0]
REAL
  0.347185 0.00294781 0.00571878   0.181003
0.00294781   0.161528 0.00505402 0.00360626
0.00571878 0.00505402   0.153485 0.00238079
  0.181003 0.00360626 0.00238079   0.337802
IMAGINARY
          0   0.0048822 -0.00448764  0.00319086
 -0.0048822           0    0.014347 -0.00483192
 0.00448764   -0.014347           0  0.00870414
-0.00319086  0.00483192 -0.00870414           0
EndNode1[0]<--->Repeater1[0]
REAL
    0.34773 0.000709071  0.00318229    0.194198
0.000709071    0.152824  0.00410455   0.0030705
 0.00318229  0.00410455    0.156589   0.0106799
   0.194198   0.0030705   0.0106799    0.342857
IMAGINARY
           0  0.000557787  -0.00235711   0.00249749
-0.000557787            0   0.00407691  0.000125962
  0.00235711  -0.00407691            0  0.000557787
 -0.00249749 -0.000125962 -0.000557787            0
EndNode2[0]<--->HoM1[0]
REAL
   0.337265 -0.00394653  0.00306524     0.18601
-0.00394653    0.167158  0.00790956  0.00137567
 0.00306524  0.00790956    0.149921 -0.00800974
    0.18601  0.00137567 -0.00800974    0.345657
IMAGINARY
           0   0.00274113  0.000868762   0.00072816
 -0.00274113            0   0.00038841   0.00462816
-0.000868762  -0.00038841            0  -0.00647904
 -0.00072816  -0.00462816   0.00647904            0
Repeater1[0]<--->EndNode1[0]
REAL
    0.34773  0.00318229 0.000709071    0.194198
 0.00318229    0.156589  0.00410455   0.0106799
0.000709071  0.00410455    0.152824   0.0030705
   0.194198   0.0106799   0.0030705    0.342857
IMAGINARY
           0  -0.00235711  0.000557787   0.00249749
  0.00235711            0  -0.00407691  0.000557787
-0.000557787   0.00407691            0  0.000125962
 -0.00249749 -0.000557787 -0.000125962            0
Repeater1[0]<--->HoM1[0]
REAL
   0.337265  0.00306524 -0.00394653     0.18601
 0.00306524    0.149921  0.00790956 -0.00800974
-0.00394653  0.00790956    0.167158  0.00137567
    0.18601 -0.00800974  0.00137567    0.345657
IMAGINARY
           0  0.000868762   0.00274113   0.00072816
-0.000868762            0  -0.00038841  -0.00647904
 -0.00274113   0.00038841            0   0.00462816
 -0.00072816   0.00647904  -0.00462816            0
EndNode1[0]<--->Repeater1[0]
REAL
    0.342838  -0.00126097    0.0054579     0.180839
 -0.00126097     0.153323   0.00830997  -0.00947258
   0.0054579   0.00830997     0.171529 -0.000689019
    0.180839  -0.00947258 -0.000689019      0.33231
IMAGINARY
           0   0.00183091   0.00163833   0.00276164
 -0.00183091            0 -0.000313932   0.00414974
 -0.00163833  0.000313932            0  -0.00338924
 -0.00276164  -0.00414974   0.00338924            0
EndNode2[0]<--->HoM1[0]
REAL
    0.341335  -0.00918779   0.00412353     0.188686
 -0.00918779     0.149063  -0.00264707   0.00177716
  0.00412353  -0.00264707     0.160951 -0.000943584
    0.188686   0.00177716 -0.000943584     0.348651
IMAGINARY
          0  0.00123661 -0.00840533  -0.0023768
-0.00123661           0  0.00755698   0.0024085
 0.00840533 -0.00755698           0 -0.00112347
  0.0023768  -0.0024085  0.00112347           0
Repeater1[0]<--->EndNode1[0]
REAL
    0.342838    0.0054579  -0.00126097     0.180839
   0.0054579     0.171529   0.00830997 -0.000689019
 -0.00126097   0.00830997     0.153323  -0.00947258
    0.180839 -0.000689019  -0.00947258      0.33231
IMAGINARY
           0   0.00163833   0.00183091   0.00276164
 -0.00163833            0  0.000313932  -0.00338924
 -0.00183091 -0.000313932            0   0.00414974
 -0.00276164   0.00338924  -0.00414974            0
Repeater1[0]<--->HoM1[0]
REAL
    0.341335   0.00412353  -0.00918779     0.188686
  0.00412353     0.160951  -0.00264707 -0.000943584
 -0.00918779  -0.00264707     0.149063   0.00177716
    0.188686 -0.000943584   0.00177716     0.348651
IMAGINARY
          0 -0.00840533  0.00123661  -0.0023768
 0.00840533           0 -0.00755698 -0.00112347
-0.00123661  0.00755698           0   0.0024085
  0.0023768  0.00112347  -0.0024085           0
EndNode1[0]<--->Repeater1[0]
REAL
    0.33655 -0.00455941 -0.00276549    0.180682
-0.00455941    0.157133 7.02133e-05 -0.00188053
-0.00276549 7.02133e-05    0.165633  0.00500189
   0.180682 -0.00188053  0.00500189    0.340685
IMAGINARY
           0 -4.24806e-05  0.000455182   0.00453279
 4.24806e-05            0 -0.000879926   0.00741706
-0.000455182  0.000879926            0    -0.010079
 -0.00453279  -0.00741706     0.010079            0
EndNode2[0]<--->HoM1[0]
REAL
   0.344851 -0.00712192  -0.0159318    0.188137
-0.00712192    0.159039  0.00527693 -0.00598323
 -0.0159318  0.00527693    0.156751  0.00094076
   0.188137 -0.00598323  0.00094076    0.339359
IMAGINARY
          0  0.00892596 -0.00118615  0.00767353
-0.00892596           0 -0.00958321  0.00266175
 0.00118615  0.00958321           0  0.00253829
-0.00767353 -0.00266175 -0.00253829           0
Repeater1[0]<--->EndNode1[0]
REAL
    0.33655 -0.00276549 -0.00455941    0.180682
-0.00276549    0.165633 7.02133e-05  0.00500189
-0.00455941 7.02133e-05    0.157133 -0.00188053
   0.180682  0.00500189 -0.00188053    0.340685
IMAGINARY
           0  0.000455182 -4.24806e-05   0.00453279
-0.000455182            0  0.000879926    -0.010079
 4.24806e-05 -0.000879926            0   0.00741706
 -0.00453279     0.010079  -0.00741706            0
Repeater1[0]<--->HoM1[0]
REAL
   0.344851  -0.0159318 -0.00712192    0.188137
 -0.0159318    0.156751  0.00527693  0.00094076
-0.00712192  0.00527693    0.159039 -0.00598323
   0.188137  0.00094076 -0.00598323    0.339359
IMAGINARY
          0 -0.00118615  0.00892596  0.00767353
 0.00118615           0  0.00958321  0.00253829
-0.00892596 -0.00958321           0  0.00266175
-0.00767353 -0.00253829 -0.00266175           0
EndNode1[0]<--->Repeater1[0]
REAL
   0.341187  0.00423421  0.00375598    0.183354
 0.00423421    0.163117 -0.00183952 -0.00241968
 0.00375598 -0.00183952    0.159946 -0.00735225
   0.183354 -0.00241968 -0.00735225     0.33575
IMAGINARY
           0  -0.00466355  0.000946466   0.00354962
  0.00466355            0   0.00140757   0.00377901
-0.000946466  -0.00140757            0    0.0042135
 -0.00354962  -0.00377901   -0.0042135            0
EndNode2[0]<--->HoM1[0]
REAL
    0.350178    0.0109651  -0.00218852     0.187117
   0.0109651     0.153829 -0.000954174   0.00287127
 -0.00218852 -0.000954174     0.152939   0.00132441
    0.187117   0.00287127   0.00132441     0.343054
IMAGINARY
           0  -0.00528599  0.000420455    0.0130737
  0.00528599            0   0.00213128   -0.0033912
-0.000420455  -0.00213128            0   0.00482895
  -0.0130737    0.0033912  -0.00482895            0
Repeater1[0]<--->EndNode1[0]
REAL
   0.341187  0.00375598  0.00423421    0.183354
 0.00375598    0.159946 -0.00183952 -0.00735225
 0.00423421 -0.00183952    0.163117 -0.00241968
   0.183354 -0.00735225 -0.00241968     0.33575
IMAGINARY
           0  0.000946466  -0.00466355   0.00354962
-0.000946466            0  -0.00140757    0.0042135
  0.00466355   0.00140757            0   0.00377901
 -0.00354962   -0.0042135  -0.00377901            0
Repeater1[0]<--->HoM1[0]
REAL
    0.350178  -0.00218852    0.0109651     0.187117
 -0.00218852     0.152939 -0.000954174   0.00132441
   0.0109651 -0.000954174     0.153829   0.00287127
    0.187117   0.00132441   0.00287127     0.343054
IMAGINARY
           0  0.000420455  -0.00528599    0.0130737
-0.000420455            0  -0.00213128   0.00482895
  0.00528599   0.00213128            0   -0.0033912
  -0.0130737  -0.00482895    0.0033912            0
EndNode1[0]<--->Repeater1[0]
REAL
   0.343864  0.00184268 -0.00391113    0.185356
 0.00184268    0.155909  0.00263145   0.0024625
-0.00391113  0.00263145    0.168636 -0.00150838
   0.185356   0.0024625 -0.00150838    0.331591
IMAGINARY
          0  -0.0108646  0.00689227  0.00423653
  0.0108646           0 -0.00299021  0.00711176
-0.00689227  0.00299021           0 -0.00538011
-0.00423653 -0.00711176  0.00538011           0
EndNode2[0]<--->HoM1[0]
REAL
    0.338949  -0.00416752  -0.00461656     0.186015
 -0.00416752      0.16227   0.00608704   0.00439345
 -0.00461656   0.00608704     0.154511 -0.000517887
    0.186015   0.00439345 -0.000517887      0.34427
IMAGINARY
          0   0.0106209 -0.00226635  0.00492347
 -0.0106209           0 -0.00538345  0.00339655
 0.00226635  0.00538345           0   0.0022634
-0.00492347 -0.00339655  -0.0022634           0
Repeater1[0]<--->EndNode1[0]
REAL
   0.343864 -0.00391113  0.00184268    0.185356
-0.00391113    0.168636  0.00263145 -0.00150838
 0.00184268  0.00263145    0.155909   0.0024625
   0.185356 -0.00150838   0.0024625    0.331591
IMAGINARY
          0  0.00689227  -0.0108646  0.00423653
-0.00689227           0  0.00299021 -0.00538011
  0.0108646 -0.00299021           0  0.00711176
-0.00423653  0.00538011 -0.00711176           0
Repeater1[0]<--->HoM1[0]
REAL
    0.338949  -0.00461656  -0.00416752     0.186015
 -0.00461656     0.154511   0.00608704 -0.000517887
 -0.00416752   0.00608704      0.16227   0.00439345
    0.186015 -0.000517887   0.00439345      0.34427
IMAGINARY
          0 -0.00226635   0.0106209  0.00492347
 0.00226635           0  0.00538345   0.0022634
 -0.0106209 -0.00538345           0  0.00339655
-0.00492347  -0.0022634 -0.00339655           0
EndNode1[0]<--->Repeater1[0]
REAL
   0.356069 -0.00785049 -0.00819685    0.190248
-0.00785049    0.157729  -0.0100617 -0.00998496
-0.00819685  -0.0100617    0.166031 -0.00100732
   0.190248 -0.00998496 -0.00100732    0.320171
IMAGINARY
           0  -0.00310342   0.00571626   0.00467504
  0.00310342            0  0.000854914   0.00313721
 -0.00571626 -0.000854914            0  -0.00265134
 -0.00467504  -0.00313721   0.00265134            0
EndNode2[0]<--->HoM1[0]
REAL
    0.34217   0.0102508  0.00630779    0.188812
  0.0102508    0.160392  0.00530815 0.000649121
 0.00630779  0.00530815    0.169526  0.00815135
   0.188812 0.000649121  0.00815135    0.327913
IMAGINARY
           0   0.00991164  -0.00102443  -0.00114199
 -0.00991164            0 -0.000364384  -0.00181971
  0.00102443  0.000364384            0  -0.00319947
  0.00114199   0.00181971   0.00319947            0
Repeater1[0]<--->EndNode1[0]
REAL
   0.356069 -0.00819685 -0.00785049    0.190248
-0.00819685    0.166031  -0.0100617 -0.00100732
-0.00785049  -0.0100617    0.157729 -0.00998496
   0.190248 -0.00100732 -0.00998496    0.320171
IMAGINARY
           0   0.00571626  -0.00310342   0.00467504
 -0.00571626            0 -0.000854914  -0.00265134
  0.00310342  0.000854914            0   0.00313721
 -0.00467504   0.00265134  -0.00313721            0
Repeater1[0]<--->HoM1[0]
REAL
    0.34217  0.00630779   0.0102508    0.188812
 0.00630779    0.169526  0.00530815  0.00815135
  0.0102508  0.00530815    0.160392 0.000649121
   0.188812  0.00815135 0.000649121    0.327913
IMAGINARY
           0  -0.00102443   0.00991164  -0.00114199
  0.00102443            0  0.000364384  -0.00319947
 -0.00991164 -0.000364384            0  -0.00181971
  0.00114199   0.00319947   0.00181971            0
EndNode1[0]<--->Repeater1[0]
REAL
    0.341097   0.00344288   0.00745089      0.18177
  0.00344288     0.153415  -0.00399672   0.00417702
  0.00745089  -0.00399672     0.161478 -0.000535902
     0.18177   0.00417702 -0.000535902     0.344009
IMAGINARY
          0   0.0022248  0.00863227  0.00529779
 -0.0022248           0  0.00220501   0.0059198
-0.00863227 -0.00220501           0 -0.00495331
-0.00529779  -0.0059198  0.00495331           0
EndNode2[0]<--->HoM1[0]
REAL
    0.345618  -0.00219341 -0.000120907     0.181358
 -0.00219341     0.162247  -0.00321577   0.00295216
-0.000120907  -0.00321577     0.155955 -0.000637851
    0.181358   0.00295216 -0.000637851      0.33618
IMAGINARY
          0 -0.00118786 -0.00374278 -0.00197098
 0.00118786           0  0.00355326  0.00285112
 0.00374278 -0.00355326           0  -0.0133017
 0.00197098 -0.00285112   0.0133017           0
Repeater1[0]<--->EndNode1[0]
REAL
    0.341097   0.00745089   0.00344288      0.18177
  0.00745089     0.161478  -0.00399672 -0.000535902
  0.00344288  -0.00399672     0.153415   0.00417702
     0.18177 -0.000535902   0.00417702     0.344009
IMAGINARY
          0  0.00863227   0.0022248  0.00529779
-0.00863227           0 -0.00220501 -0.00495331
 -0.0022248  0.00220501           0   0.0059198
-0.00529779  0.00495331  -0.0059198           0
Repeater1[0]<--->HoM1[0]
REAL
    0.345618 -0.000120907  -0.00219341     0.181358
-0.000120907     0.155955  -0.00321577 -0.000637851
 -0.00219341  -0.00321577     0.162247   0.00295216
    0.181358 -0.000637851   0.00295216      0.33618
IMAGINARY
          0 -0.00374278 -0.00118786 -0.00197098
 0.00374278           0 -0.00355326  -0.0133017
 0.00118786  0.00355326           0  0.00285112
 0.00197098   0.0133017 -0.00285112           0
EndNode1[0]<--->Repeater1[0]
REAL
   0.354832  0.00196065 -0.00400179    0.182557
 0.00196065    0.150488  -0.0028869  0.00199555
-0.00400179  -0.0028869    0.163785 0.000714336
   0.182557  0.00199555 0.000714336    0.330895
IMAGINARY
           0  -0.00466759   0.00146972   0.00136669
  0.00466759            0    -0.001139 -0.000793744
 -0.00146972     0.001139            0   0.00173834
 -0.00136669  0.000793744  -0.00173834            0
EndNode2[0]<--->HoM1[0]
REAL
   0.346296 -0.00293184 0.000167766    0.179266
-0.00293184    0.162037 -0.00426643  0.00608223
0.000167766 -0.00426643    0.146065  0.00159255
   0.179266  0.00608223  0.00159255    0.345602
IMAGINARY
           0    0.0107849  -0.00870044  -0.00760368
  -0.0107849            0   0.00119199 -0.000222082
  0.00870044  -0.00119199            0   0.00197773
  0.00760368  0.000222082  -0.00197773            0
Repeater1[0]<--->EndNode1[0]
REAL
   0.354832 -0.00400179  0.00196065    0.182557
-0.00400179    0.163785  -0.0028869 0.000714336
 0.00196065  -0.0028869    0.150488  0.00199555
   0.182557 0.000714336  0.00199555    0.330895
IMAGINARY
           0   0.00146972  -0.00466759   0.00136669
 -0.00146972            0     0.001139   0.00173834
  0.00466759    -0.001139            0 -0.000793744
 -0.00136669  -0.00173834  0.000793744            0
Repeater1[0]<--->HoM1[0]
REAL
   0.346296 0.000167766 -0.00293184    0.179266
0.000167766    0.146065 -0.00426643  0.00159255
-0.00293184 -0.00426643    0.162037  0.00608223
   0.179266  0.00159255  0.00608223    0.345602
IMAGINARY
           0  -0.00870044    0.0107849  -0.00760368
  0.00870044            0  -0.00119199   0.00197773
  -0.0107849   0.00119199            0 -0.000222082
  0.00760368  -0.00197773  0.000222082            0
EndNode1[0]<--->Repeater1[0]
REAL
   0.347127  -0.0029791 -0.00838701    0.182478
 -0.0029791    0.152322  0.00365207  -0.0117472
-0.00838701  0.00365207     0.14792 -0.00977258
   0.182478  -0.0117472 -0.00977258     0.35263
IMAGINARY
          0 -0.00068266   0.0109431 -0.00746442
 0.00068266           0    0.011004 -0.00649474
 -0.0109431   -0.011004           0 -0.00465542
 0.00746442  0.00649474  0.00465542           0
EndNode2[0]<--->HoM1[0]
REAL
   0.352914  -0.0089977  0.00128002    0.183842
 -0.0089977    0.153281 -0.00176384 -0.00370186
 0.00128002 -0.00176384    0.165443  -0.0017905
   0.183842 -0.00370186  -0.0017905    0.328362
IMAGINARY
           0   0.00695701  -0.00132723   0.00553877
 -0.00695701            0  -0.00531605  -0.00268347
  0.00132723   0.00531605            0  0.000395928
 -0.00553877   0.00268347 -0.000395928            0
Repeater1[0]<--->EndNode1[0]
REAL
   0.347127 -0.00838701  -0.0029791    0.182478
-0.00838701     0.14792  0.00365207 -0.00977258
 -0.0029791  0.00365207    0.152322  -0.0117472
   0.182478 -0.00977258  -0.0117472     0.35263
IMAGINARY
          0   0.0109431 -0.00068266 -0.00746442
 -0.0109431           0   -0.011004 -0.00465542
 0.00068266    0.011004           0 -0.00649474
 0.00746442  0.00465542  0.00649474           0
Repeater1[0]<--->HoM1[0]
REAL
   0.352914  0.00128002  -0.0089977    0.183842
 0.00128002    0.165443 -0.00176384  -0.0017905
 -0.0089977 -0.00176384    0.153281 -0.00370186
   0.183842  -0.0017905 -0.00370186    0.328362
IMAGINARY
           0  -0.00132723   0.00695701   0.00553877
  0.00132723            0   0.00531605  0.000395928
 -0.00695701  -0.00531605            0  -0.00268347
 -0.00553877 -0.000395928   0.00268347            0
EndNode1[0]<--->Repeater1[0]
REAL
   0.329128   0.0115651 -0.00567171    0.180855
  0.0115651    0.155821 0.000406825  0.00249567
-0.00567171 0.000406825    0.161576  0.00454198
   0.180855  0.00249567  0.00454198    0.353475
IMAGINARY
          0  0.00296602  0.00536746  -0.0039957
-0.00296602           0  0.00512386 -0.00376856
-0.00536746 -0.00512386           0  -0.0011387
  0.0039957  0.00376856   0.0011387           0
EndNode2[0]<--->HoM1[0]
REAL
    0.337989   0.00523181   0.00634252     0.187844
  0.00523181     0.152736   0.00503548 -0.000709349
  0.00634252   0.00503548     0.159377   0.00738649
    0.187844 -0.000709349   0.00738649     0.349897
IMAGINARY
          0  0.00418864  0.00676478  0.00506012
-0.00418864           0  0.00776039 -0.00225235
-0.00676478 -0.00776039           0 -0.00495906
-0.00506012  0.00225235  0.00495906           0
Repeater1[0]<--->EndNode1[0]
REAL
   0.329128 -0.00567171   0.0115651    0.180855
-0.00567171    0.161576 0.000406825  0.00454198
  0.0115651 0.000406825    0.155821  0.00249567
   0.180855  0.00454198  0.00249567    0.353475
IMAGINARY
          0  0.00536746  0.00296602  -0.0039957
-0.00536746           0 -0.00512386  -0.0011387
-0.00296602  0.00512386           0 -0.00376856
  0.0039957   0.0011387  0.00376856           0
Repeater1[0]<--->HoM1[0]
REAL
    0.337989   0.00634252   0.00523181     0.187844
  0.00634252     0.159377   0.00503548   0.00738649
  0.00523181   0.00503548     0.152736 -0.000709349
    0.187844   0.00738649 -0.000709349     0.349897
IMAGINARY
          0  0.00676478  0.00418864  0.00506012
-0.00676478           0 -0.00776039 -0.00495906
-0.00418864  0.00776039           0 -0.00225235
-0.00506012  0.00495906  0.00225235           0
EndNode1[0]<--->Repeater1[0]
REAL
    0.330322   0.00224682 -0.000408005     0.187109
  0.00224682     0.151168  -0.00769886   0.00478387
-0.000408005  -0.00769886     0.174306    0.0035109
    0.187109   0.00478387    0.0035109     0.344204
IMAGINARY
           0   -0.0124128   0.00415909 -0.000275731
   0.0124128            0 -0.000501873    0.0105136
 -0.00415909  0.000501873            0   0.00902684
 0.000275731   -0.0105136  -0.00902684            0
EndNode2[0]<--->HoM1[0]
REAL
    0.337597    0.0026966    0.0059465     0.181344
   0.0026966     0.159434   0.00498435  -0.00183128
   0.0059465   0.00498435     0.155779 -0.000410366
    0.181344  -0.00183128 -0.000410366      0.34719
IMAGINARY
           0  -0.00539693   0.00210089 -0.000544915
  0.00539693            0   0.00561134   0.00311554
 -0.00210089  -0.00561134            0  -0.00425901
 0.000544915  -0.00311554   0.00425901            0
Repeater1[0]<--->EndNode1[0]
REAL
    0.330322 -0.000408005   0.00224682     0.187109
-0.000408005     0.174306  -0.00769886    0.0035109
  0.00224682  -0.00769886     0.151168   0.00478387
    0.187109    0.0035109   0.00478387     0.344204
IMAGINARY
           0   0.00415909   -0.0124128 -0.000275731
 -0.00415909            0  0.000501873   0.00902684
   0.0124128 -0.000501873            0    0.0105136
 0.000275731  -0.00902684   -0.0105136            0
Repeater1[0]<--->HoM1[0]
REAL
    0.337597    0.0059465    0.0026966     0.181344
   0.0059465     0.155779   0.00498435 -0.000410366
   0.0026966   0.00498435     0.159434  -0.00183128
    0.181344 -0.000410366  -0.00183128      0.34719
IMAGINARY
           0   0.00210089  -0.00539693 -0.000544915
 -0.00210089            0  -0.00561134  -0.00425901
  0.00539693   0.00561134            0   0.00311554
 0.000544915   0.00425901  -0.00311554            0
EndNode1[0]<--->Repeater1[0]
REAL
   0.350262 -0.00453092  0.00528007    0.185968
-0.00453092    0.160556  0.00301884  0.00308997
 0.00528007  0.00301884    0.154634  0.00100669
   0.185968  0.00308997  0.00100669    0.334548
IMAGINARY
           0    -0.010468  0.000583729   0.00521191
    0.010468            0  -0.00521191    0.0022695
-0.000583729   0.00521191            0   0.00190827
 -0.00521191   -0.0022695  -0.00190827            0
EndNode2[0]<--->HoM1[0]
REAL
    0.346703   0.00930986  -0.00736951     0.187673
  0.00930986     0.149105  -0.00543207  0.000451844
 -0.00736951  -0.00543207     0.164741 -0.000124103
    0.187673  0.000451844 -0.000124103     0.339452
IMAGINARY
           0   0.00558826   0.00169813    0.0022384
 -0.00558826            0 -9.44147e-05   0.00258308
 -0.00169813  9.44147e-05            0  -0.00220835
  -0.0022384  -0.00258308   0.00220835            0
Repeater1[0]<--->EndNode1[0]
REAL
   0.350262  0.00528007 -0.00453092    0.185968
 0.00528007    0.154634  0.00301884  0.00100669
-0.00453092  0.00301884    0.160556  0.00308997
   0.185968  0.00100669  0.00308997    0.334548
IMAGINARY
           0  0.000583729    -0.010468   0.00521191
-0.000583729            0   0.00521191   0.00190827
    0.010468  -0.00521191            0    0.0022695
 -0.00521191  -0.00190827   -0.0022695            0
Repeater1[0]<--->HoM1[0]
REAL
    0.346703  -0.00736951   0.00930986     0.187673
