EndNode1[0]<--->Repeater1[0]
REAL
    0.344144    0.0193596   0.00641926     0.182691
   0.0193596     0.146847 -0.000671831   0.00110953
  0.00641926 -0.000671831     0.167568   -0.0198025
    0.182691   0.00110953   -0.0198025     0.341441
IMAGINARY
          0  0.00594787  -0.0154984   0.0220345
-0.00594787           0 -0.00986132  0.00655383
  0.0154984  0.00986132           0 -0.00237006
 -0.0220345 -0.00655383  0.00237006           0
EndNode2[0]<--->HoM1[0]
REAL
  0.355872 -0.0127803 -0.0126029   0.204669
-0.0127803   0.161922 -0.0113237 0.00181152
-0.0126029 -0.0113237   0.153025  0.0136796
  0.204669 0.00181152  0.0136796   0.329181
IMAGINARY
          0 -0.00274455   -0.012989  0.00840517
 0.00274455           0   0.0173497 -0.00355508
   0.012989  -0.0173497           0   0.0183696
-0.00840517  0.00355508  -0.0183696           0
Repeater1[0]<--->EndNode1[0]
REAL
    0.344144   0.00641926    0.0193596     0.182691
  0.00641926     0.167568 -0.000671831   -0.0198025
   0.0193596 -0.000671831     0.146847   0.00110953
    0.182691   -0.0198025   0.00110953     0.341441
IMAGINARY
          0  -0.0154984  0.00594787   0.0220345
  0.0154984           0  0.00986132 -0.00237006
-0.00594787 -0.00986132           0  0.00655383
 -0.0220345  0.00237006 -0.00655383           0
Repeater1[0]<--->HoM1[0]
REAL
  0.355872 -0.0126029 -0.0127803   0.204669
-0.0126029   0.153025 -0.0113237  0.0136796
-0.0127803 -0.0113237   0.161922 0.00181152
  0.204669  0.0136796 0.00181152   0.329181
IMAGINARY
          0   -0.012989 -0.00274455  0.00840517
   0.012989           0  -0.0173497   0.0183696
 0.00274455   0.0173497           0 -0.00355508
-0.00840517  -0.0183696  0.00355508           0
EndNode1[0]<--->Repeater1[0]
REAL
    0.331839   0.00160306 -0.000497228     0.173785
  0.00160306     0.164126   0.00654324   0.00869395
-0.000497228   0.00654324     0.157848   0.00386142
    0.173785   0.00869395   0.00386142     0.346188
IMAGINARY
          0   0.0102509 -0.00749325 -0.00839442
 -0.0102509           0 -0.00171588  0.00318291
 0.00749325  0.00171588           0   0.0216456
 0.00839442 -0.00318291  -0.0216456           0
EndNode2[0]<--->HoM1[0]
REAL
   0.323636 -0.00969082  -0.0138778    0.176217
-0.00969082        0.15 -0.00686894   -0.012485
 -0.0138778 -0.00686894    0.154545  0.00477572
   0.176217   -0.012485  0.00477572    0.371818
IMAGINARY
          0  0.00091565  0.00242291   0.0080927
-0.00091565           0   0.0217913 -0.00149354
-0.00242291  -0.0217913           0 -0.00277439
 -0.0080927  0.00149354  0.00277439           0
Repeater1[0]<--->EndNode1[0]
REAL
    0.331839 -0.000497228   0.00160306     0.173785
-0.000497228     0.157848   0.00654324   0.00386142
  0.00160306   0.00654324     0.164126   0.00869395
    0.173785   0.00386142   0.00869395     0.346188
IMAGINARY
          0 -0.00749325   0.0102509 -0.00839442
 0.00749325           0  0.00171588   0.0216456
 -0.0102509 -0.00171588           0  0.00318291
 0.00839442  -0.0216456 -0.00318291           0
Repeater1[0]<--->HoM1[0]
REAL
   0.323636  -0.0138778 -0.00969082    0.176217
 -0.0138778    0.154545 -0.00686894  0.00477572
-0.00969082 -0.00686894        0.15   -0.012485
   0.176217  0.00477572   -0.012485    0.371818
IMAGINARY
          0  0.00242291  0.00091565   0.0080927
-0.00242291           0  -0.0217913 -0.00277439
-0.00091565   0.0217913           0 -0.00149354
 -0.0080927  0.00277439  0.00149354           0
EndNode1[0]<--->Repeater1[0]
REAL
   0.323843  0.00977817  0.00103826    0.181854
 0.00977817    0.157473  -0.0170707  0.00366984
 0.00103826  -0.0170707    0.179715 -0.00883655
   0.181854  0.00366984 -0.00883655    0.338968
IMAGINARY
          0  0.00287735   0.0100294  -0.0131617
-0.00287735           0  0.00484381 -0.00823733
 -0.0100294 -0.00484381           0  0.00429111
  0.0131617  0.00823733 -0.00429111           0
EndNode2[0]<--->HoM1[0]
REAL
    0.36646  -0.0196613   0.0024417    0.184762
 -0.0196613    0.152618 -0.00565113   0.0015583
  0.0024417 -0.00565113    0.181012   0.0245502
   0.184762   0.0015583   0.0245502    0.299911
IMAGINARY
           0     0.010169   0.00505313  -0.00269615
   -0.010169            0 -0.000837416   -0.0151675
 -0.00505313  0.000837416            0    0.0175355
  0.00269615    0.0151675   -0.0175355            0
Repeater1[0]<--->EndNode1[0]
REAL
   0.323843  0.00103826  0.00977817    0.181854
 0.00103826    0.179715  -0.0170707 -0.00883655
 0.00977817  -0.0170707    0.157473  0.00366984
   0.181854 -0.00883655  0.00366984    0.338968
IMAGINARY
          0   0.0100294  0.00287735  -0.0131617
 -0.0100294           0 -0.00484381  0.00429111
-0.00287735  0.00484381           0 -0.00823733
  0.0131617 -0.00429111  0.00823733           0
Repeater1[0]<--->HoM1[0]
REAL
    0.36646   0.0024417  -0.0196613    0.184762
  0.0024417    0.181012 -0.00565113   0.0245502
 -0.0196613 -0.00565113    0.152618   0.0015583
   0.184762   0.0245502   0.0015583    0.299911
IMAGINARY
           0   0.00505313     0.010169  -0.00269615
 -0.00505313            0  0.000837416    0.0175355
   -0.010169 -0.000837416            0   -0.0151675
  0.00269615   -0.0175355    0.0151675            0
EndNode1[0]<--->Repeater1[0]
REAL
   0.347173 -0.00180535 -0.00733019    0.184399
-0.00180535    0.172261  -0.0042889 -0.00871014
-0.00733019  -0.0042889    0.144876  -0.0169847
   0.184399 -0.00871014  -0.0169847    0.335689
IMAGINARY
          0  0.00195163  -0.0232453  -0.0122562
-0.00195163           0 -0.00586935  -0.0134063
  0.0232453  0.00586935           0  -0.0123589
  0.0122562   0.0134063   0.0123589           0
EndNode2[0]<--->HoM1[0]
REAL
   0.361014  -0.0161031  0.00577229    0.175078
 -0.0161031    0.145105  0.00177434 -0.00484636
 0.00577229  0.00177434    0.145979  0.00128824
   0.175078 -0.00484636  0.00128824    0.347902
IMAGINARY
           0  0.000391725    0.0147577    0.0272534
-0.000391725            0  -0.00231898  -0.00887532
  -0.0147577   0.00231898            0    -0.010799
  -0.0272534   0.00887532     0.010799            0
Repeater1[0]<--->EndNode1[0]
REAL
   0.347173 -0.00733019 -0.00180535    0.184399
-0.00733019    0.144876  -0.0042889  -0.0169847
-0.00180535  -0.0042889    0.172261 -0.00871014
   0.184399  -0.0169847 -0.00871014    0.335689
IMAGINARY
          0  -0.0232453  0.00195163  -0.0122562
  0.0232453           0  0.00586935  -0.0123589
-0.00195163 -0.00586935           0  -0.0134063
  0.0122562   0.0123589   0.0134063           0
Repeater1[0]<--->HoM1[0]
REAL
   0.361014  0.00577229  -0.0161031    0.175078
 0.00577229    0.145979  0.00177434  0.00128824
 -0.0161031  0.00177434    0.145105 -0.00484636
   0.175078  0.00128824 -0.00484636    0.347902
IMAGINARY
           0    0.0147577  0.000391725    0.0272534
  -0.0147577            0   0.00231898    -0.010799
-0.000391725  -0.00231898            0  -0.00887532
  -0.0272534     0.010799   0.00887532            0
EndNode1[0]<--->Repeater1[0]
REAL
    0.335683    0.0266413  -0.00420828     0.173929
   0.0266413     0.150661 -0.000780707   0.00328236
 -0.00420828 -0.000780707     0.173568    0.0103958
    0.173929   0.00328236    0.0103958     0.340088
IMAGINARY
          0  0.00139846   0.0186743  0.00159756
-0.00139846           0  -0.0132455  0.00143293
 -0.0186743   0.0132455           0 -0.00184529
-0.00159756 -0.00143293  0.00184529           0
EndNode2[0]<--->HoM1[0]
REAL
  0.355978 0.00810472  0.0122774   0.180289
0.00810472    0.13587 -0.0066523 -0.0022774
 0.0122774 -0.0066523   0.160326 0.00280437
  0.180289 -0.0022774 0.00280437   0.347826
IMAGINARY
           0   0.00738256    0.0225473   -0.0121737
 -0.00738256            0  4.43325e-05  -0.00555264
  -0.0225473 -4.43325e-05            0    0.0203455
   0.0121737   0.00555264   -0.0203455            0
Repeater1[0]<--->EndNode1[0]
REAL
    0.335683  -0.00420828    0.0266413     0.173929
 -0.00420828     0.173568 -0.000780707    0.0103958
   0.0266413 -0.000780707     0.150661   0.00328236
    0.173929    0.0103958   0.00328236     0.340088
IMAGINARY
          0   0.0186743  0.00139846  0.00159756
 -0.0186743           0   0.0132455 -0.00184529
-0.00139846  -0.0132455           0  0.00143293
-0.00159756  0.00184529 -0.00143293           0
Repeater1[0]<--->HoM1[0]
REAL
  0.355978  0.0122774 0.00810472   0.180289
 0.0122774   0.160326 -0.0066523 0.00280437
0.00810472 -0.0066523    0.13587 -0.0022774
  0.180289 0.00280437 -0.0022774   0.347826
IMAGINARY
           0    0.0225473   0.00738256   -0.0121737
  -0.0225473            0 -4.43325e-05    0.0203455
 -0.00738256  4.43325e-05            0  -0.00555264
   0.0121737   -0.0203455   0.00555264            0
EndNode1[0]<--->Repeater1[0]
REAL
   0.351971 -0.00459309   0.0108464    0.176839
-0.00459309    0.146654  0.00604237  -0.0075723
  0.0108464  0.00604237    0.143905  0.00693173
   0.176839  -0.0075723  0.00693173     0.35747
IMAGINARY
          0   0.0110393 -0.00294893  0.00270433
 -0.0110393           0  0.00180017   0.0153383
 0.00294893 -0.00180017           0  -0.0145791
-0.00270433  -0.0153383   0.0145791           0
EndNode2[0]<--->HoM1[0]
REAL
    0.322926  -0.00111636  2.42474e-05     0.187622
 -0.00111636      0.17752 -0.000990078    0.0121285
 2.42474e-05 -0.000990078     0.158787     0.010665
    0.187622    0.0121285     0.010665     0.340767
IMAGINARY
          0   0.0108661 -0.00756929  0.00917393
 -0.0108661           0  0.00325946 -0.00844495
 0.00756929 -0.00325946           0    0.014045
-0.00917393  0.00844495   -0.014045           0
Repeater1[0]<--->EndNode1[0]
REAL
   0.351971   0.0108464 -0.00459309    0.176839
  0.0108464    0.143905  0.00604237  0.00693173
-0.00459309  0.00604237    0.146654  -0.0075723
   0.176839  0.00693173  -0.0075723     0.35747
IMAGINARY
          0 -0.00294893   0.0110393  0.00270433
 0.00294893           0 -0.00180017  -0.0145791
 -0.0110393  0.00180017           0   0.0153383
-0.00270433   0.0145791  -0.0153383           0
Repeater1[0]<--->HoM1[0]
REAL
    0.322926  2.42474e-05  -0.00111636     0.187622
 2.42474e-05     0.158787 -0.000990078     0.010665
 -0.00111636 -0.000990078      0.17752    0.0121285
    0.187622     0.010665    0.0121285     0.340767
IMAGINARY
          0 -0.00756929   0.0108661  0.00917393
 0.00756929           0 -0.00325946    0.014045
 -0.0108661  0.00325946           0 -0.00844495
-0.00917393   -0.014045  0.00844495           0
EndNode1[0]<--->Repeater1[0]
REAL
   0.341912  0.00881015   -0.016049    0.191198
 0.00881015    0.159007  -0.0179404 -0.00372503
  -0.016049  -0.0179404    0.149816  -0.0106934
   0.191198 -0.00372503  -0.0106934    0.349265
IMAGINARY
          0    0.011978  0.00284768 -0.00358261
  -0.011978           0 -0.00443878  0.00330347
-0.00284768  0.00443878           0  0.00208171
 0.00358261 -0.00330347 -0.00208171           0
EndNode2[0]<--->HoM1[0]
REAL
   0.328533  0.00477664  -0.0068163    0.171538
 0.00477664    0.161116  0.00399861 -0.00992189
 -0.0068163  0.00399861    0.155716 -0.00434745
   0.171538 -0.00992189 -0.00434745    0.354635
IMAGINARY
          0  0.00729139  -0.0123523  0.00491707
-0.00729139           0  -0.0104318  0.00711671
  0.0123523   0.0104318           0 -0.00118319
-0.00491707 -0.00711671  0.00118319           0
Repeater1[0]<--->EndNode1[0]
REAL
   0.341912   -0.016049  0.00881015    0.191198
  -0.016049    0.149816  -0.0179404  -0.0106934
 0.00881015  -0.0179404    0.159007 -0.00372503
   0.191198  -0.0106934 -0.00372503    0.349265
IMAGINARY
          0  0.00284768    0.011978 -0.00358261
-0.00284768           0  0.00443878  0.00208171
  -0.011978 -0.00443878           0  0.00330347
 0.00358261 -0.00208171 -0.00330347           0
Repeater1[0]<--->HoM1[0]
REAL
   0.328533  -0.0068163  0.00477664    0.171538
 -0.0068163    0.155716  0.00399861 -0.00434745
 0.00477664  0.00399861    0.161116 -0.00992189
   0.171538 -0.00434745 -0.00992189    0.354635
IMAGINARY
          0  -0.0123523  0.00729139  0.00491707
  0.0123523           0   0.0104318 -0.00118319
-0.00729139  -0.0104318           0  0.00711671
-0.00491707  0.00118319 -0.00711671           0
EndNode1[0]<--->Repeater1[0]
REAL
    0.327947  -0.00635217   0.00285534     0.178921
 -0.00635217     0.158745   0.00413875    0.0108059
  0.00285534   0.00413875      0.15019 -2.30569e-05
    0.178921    0.0108059 -2.30569e-05     0.363118
IMAGINARY
          0  -0.0115744  0.00356522  0.00169717
  0.0115744           0   0.0191546  -0.0244348
-0.00356522  -0.0191546           0  0.00809619
-0.00169717   0.0244348 -0.00809619           0
EndNode2[0]<--->HoM1[0]
REAL
   0.345555   0.0116891   0.0152773    0.202196
  0.0116891    0.139322 -0.00167478  0.00381992
  0.0152773 -0.00167478    0.166819   0.0134845
   0.202196  0.00381992   0.0134845    0.348304
IMAGINARY
          0  0.00889955  -0.0184324 -0.00193912
-0.00889955           0   0.0048977  0.00268083
  0.0184324  -0.0048977           0  -0.0192506
 0.00193912 -0.00268083   0.0192506           0
Repeater1[0]<--->EndNode1[0]
REAL
    0.327947   0.00285534  -0.00635217     0.178921
  0.00285534      0.15019   0.00413875 -2.30569e-05
 -0.00635217   0.00413875     0.158745    0.0108059
    0.178921 -2.30569e-05    0.0108059     0.363118
IMAGINARY
          0  0.00356522  -0.0115744  0.00169717
-0.00356522           0  -0.0191546  0.00809619
  0.0115744   0.0191546           0  -0.0244348
-0.00169717 -0.00809619   0.0244348           0
Repeater1[0]<--->HoM1[0]
REAL
   0.345555   0.0152773   0.0116891    0.202196
  0.0152773    0.166819 -0.00167478   0.0134845
  0.0116891 -0.00167478    0.139322  0.00381992
   0.202196   0.0134845  0.00381992    0.348304
IMAGINARY
          0  -0.0184324  0.00889955 -0.00193912
  0.0184324           0  -0.0048977  -0.0192506
-0.00889955   0.0048977           0  0.00268083
 0.00193912   0.0192506 -0.00268083           0
EndNode1[0]<--->Repeater1[0]
REAL
  0.338504  0.0172112  0.0136888   0.189769
 0.0172112   0.157847 -0.0123215 0.00729024
 0.0136888 -0.0123215   0.154197   0.011635
  0.189769 0.00729024   0.011635   0.349453
IMAGINARY
          0   0.0102438   0.0111409  0.00482669
 -0.0102438           0    0.014701  -0.0181095
 -0.0111409   -0.014701           0  0.00891992
-0.00482669   0.0181095 -0.00891992           0
EndNode2[0]<--->HoM1[0]
REAL
   0.365179 -0.00563422 -0.00347982    0.175916
-0.00563422    0.169643 -0.00430054 0.000423047
-0.00347982 -0.00430054    0.133036  0.00257746
   0.175916 0.000423047  0.00257746    0.332143
IMAGINARY
           0   0.00364542    0.0160958   -0.0143878
 -0.00364542            0    0.0193833  -0.00209404
  -0.0160958   -0.0193833            0  0.000419617
   0.0143878   0.00209404 -0.000419617            0
Repeater1[0]<--->EndNode1[0]
REAL
  0.338504  0.0136888  0.0172112   0.189769
 0.0136888   0.154197 -0.0123215   0.011635
 0.0172112 -0.0123215   0.157847 0.00729024
  0.189769   0.011635 0.00729024   0.349453
IMAGINARY
          0   0.0111409   0.0102438  0.00482669
 -0.0111409           0   -0.014701  0.00891992
 -0.0102438    0.014701           0  -0.0181095
-0.00482669 -0.00891992   0.0181095           0
Repeater1[0]<--->HoM1[0]
REAL
   0.365179 -0.00347982 -0.00563422    0.175916
-0.00347982    0.133036 -0.00430054  0.00257746
-0.00563422 -0.00430054    0.169643 0.000423047
   0.175916  0.00257746 0.000423047    0.332143
IMAGINARY
           0    0.0160958   0.00364542   -0.0143878
  -0.0160958            0   -0.0193833  0.000419617
 -0.00364542    0.0193833            0  -0.00209404
   0.0143878 -0.000419617   0.00209404            0
EndNode1[0]<--->Repeater1[0]
REAL
       0.35  0.00903037 -0.00329904    0.177981
 0.00903037    0.157895   0.0128268 -0.00459326
-0.00329904   0.0128268    0.158772  0.00814698
   0.177981 -0.00459326  0.00814698    0.333333
IMAGINARY
          0  0.00663714   0.0137442  -0.0286647
-0.00663714           0  0.00281015 -0.00557721
 -0.0137442 -0.00281015           0  -0.0175264
  0.0286647  0.00557721   0.0175264           0
EndNode2[0]<--->HoM1[0]
REAL
    0.333624   0.00321817 -0.000256534     0.171535
  0.00321817     0.165066   -0.0256478   0.00415264
-0.000256534   -0.0256478     0.158952  -0.00711427
    0.171535   0.00415264  -0.00711427     0.342358
IMAGINARY
           0   -0.0106123 -0.000398586   -0.0090959
   0.0106123            0  -0.00274381  -0.00136198
 0.000398586   0.00274381            0    0.0176546
   0.0090959   0.00136198   -0.0176546            0
Repeater1[0]<--->EndNode1[0]
REAL
       0.35 -0.00329904  0.00903037    0.177981
-0.00329904    0.158772   0.0128268  0.00814698
 0.00903037   0.0128268    0.157895 -0.00459326
   0.177981  0.00814698 -0.00459326    0.333333
IMAGINARY
          0   0.0137442  0.00663714  -0.0286647
 -0.0137442           0 -0.00281015  -0.0175264
-0.00663714  0.00281015           0 -0.00557721
  0.0286647   0.0175264  0.00557721           0
Repeater1[0]<--->HoM1[0]
REAL
    0.333624 -0.000256534   0.00321817     0.171535
-0.000256534     0.158952   -0.0256478  -0.00711427
  0.00321817   -0.0256478     0.165066   0.00415264
    0.171535  -0.00711427   0.00415264     0.342358
IMAGINARY
           0 -0.000398586   -0.0106123   -0.0090959
 0.000398586            0   0.00274381    0.0176546
   0.0106123  -0.00274381            0  -0.00136198
   0.0090959   -0.0176546   0.00136198            0
EndNode1[0]<--->Repeater1[0]
REAL
   0.318421  0.00987542 -0.00703069    0.175947
 0.00987542    0.159649  0.00897332 -0.00434252
-0.00703069  0.00897332    0.164912 -0.00271451
   0.175947 -0.00434252 -0.00271451    0.357018
IMAGINARY
          0  -0.0250417 -0.00826911  0.00196194
  0.0250417           0  0.00867636  0.00320931
 0.00826911 -0.00867636           0  0.00250263
-0.00196194 -0.00320931 -0.00250263           0
EndNode2[0]<--->HoM1[0]
REAL
    0.339657    0.0100707   0.00388781     0.181671
   0.0100707     0.149051 -0.000780358 -0.000177233
  0.00388781 -0.000780358     0.164408    -0.011926
    0.181671 -0.000177233    -0.011926     0.346883
IMAGINARY
          0  0.00603528  -0.0134024  0.00328456
-0.00603528           0   -0.014018  0.00922408
  0.0134024    0.014018           0   0.0129991
-0.00328456 -0.00922408  -0.0129991           0
Repeater1[0]<--->EndNode1[0]
REAL
   0.318421 -0.00703069  0.00987542    0.175947
-0.00703069    0.164912  0.00897332 -0.00271451
 0.00987542  0.00897332    0.159649 -0.00434252
   0.175947 -0.00271451 -0.00434252    0.357018
IMAGINARY
          0 -0.00826911  -0.0250417  0.00196194
 0.00826911           0 -0.00867636  0.00250263
  0.0250417  0.00867636           0  0.00320931
-0.00196194 -0.00250263 -0.00320931           0
Repeater1[0]<--->HoM1[0]
REAL
    0.339657   0.00388781    0.0100707     0.181671
  0.00388781     0.164408 -0.000780358    -0.011926
   0.0100707 -0.000780358     0.149051 -0.000177233
    0.181671    -0.011926 -0.000177233     0.346883
IMAGINARY
          0  -0.0134024  0.00603528  0.00328456
  0.0134024           0    0.014018   0.0129991
-0.00603528   -0.014018           0  0.00922408
-0.00328456  -0.0129991 -0.00922408           0
EndNode1[0]<--->Repeater1[0]
REAL
    0.380204  0.000942737  -0.00107907     0.196174
 0.000942737     0.132285 -5.10628e-05   0.00784192
 -0.00107907 -5.10628e-05     0.167438   0.00852525
    0.196174   0.00784192   0.00852525     0.320074
IMAGINARY
          0 -0.00777321  0.00355423  0.00139616
 0.00777321           0   0.0114927 -0.00223728
-0.00355423  -0.0114927           0  0.00294441
-0.00139616  0.00223728 -0.00294441           0
EndNode2[0]<--->HoM1[0]
REAL
   0.337148  0.00404598 -0.00632102    0.187944
 0.00404598    0.172535 0.000330352 0.000124647
-0.00632102 0.000330352    0.151408  -0.0340746
   0.187944 0.000124647  -0.0340746    0.338908
IMAGINARY
          0   0.0183551  -0.0126916   0.0103263
 -0.0183551           0 -0.00291569  -0.0046126
  0.0126916  0.00291569           0   0.0144318
 -0.0103263   0.0046126  -0.0144318           0
Repeater1[0]<--->EndNode1[0]
REAL
    0.380204  -0.00107907  0.000942737     0.196174
 -0.00107907     0.167438 -5.10628e-05   0.00852525
 0.000942737 -5.10628e-05     0.132285   0.00784192
    0.196174   0.00852525   0.00784192     0.320074
IMAGINARY
          0  0.00355423 -0.00777321  0.00139616
-0.00355423           0  -0.0114927  0.00294441
 0.00777321   0.0114927           0 -0.00223728
-0.00139616 -0.00294441  0.00223728           0
Repeater1[0]<--->HoM1[0]
REAL
   0.337148 -0.00632102  0.00404598    0.187944
-0.00632102    0.151408 0.000330352  -0.0340746
 0.00404598 0.000330352    0.172535 0.000124647
   0.187944  -0.0340746 0.000124647    0.338908
IMAGINARY
          0  -0.0126916   0.0183551   0.0103263
  0.0126916           0  0.00291569   0.0144318
 -0.0183551 -0.00291569           0  -0.0046126
 -0.0103263  -0.0144318   0.0046126           0
EndNode1[0]<--->Repeater1[0]
REAL
   0.326208 -0.00705516 -0.00438807    0.190027
-0.00705516    0.153346   0.0221766  -0.0183806
-0.00438807   0.0221766    0.168216 -0.00842753
   0.190027  -0.0183806 -0.00842753     0.35223
IMAGINARY
          0   0.0123161  -0.0190941  0.00316504
 -0.0123161           0   0.0121779 -0.00399645
  0.0190941  -0.0121779           0  -0.0140923
-0.00316504  0.00399645   0.0140923           0
EndNode2[0]<--->HoM1[0]
REAL
    0.338379 -5.40328e-05    0.0164516     0.171296
-5.40328e-05     0.141585            0     0.001141
   0.0164516            0     0.165628   0.00746144
    0.171296     0.001141   0.00746144     0.354408
IMAGINARY
          0   0.0115741 -0.00250227  0.00997871
 -0.0115741           0  0.00951359  0.00250227
 0.00250227 -0.00951359           0   0.0115741
-0.00997871 -0.00250227  -0.0115741           0
Repeater1[0]<--->EndNode1[0]
REAL
   0.326208 -0.00438807 -0.00705516    0.190027
-0.00438807    0.168216   0.0221766 -0.00842753
-0.00705516   0.0221766    0.153346  -0.0183806
   0.190027 -0.00842753  -0.0183806     0.35223
IMAGINARY
          0  -0.0190941   0.0123161  0.00316504
  0.0190941           0  -0.0121779  -0.0140923
 -0.0123161   0.0121779           0 -0.00399645
-0.00316504   0.0140923  0.00399645           0
Repeater1[0]<--->HoM1[0]
REAL
    0.338379    0.0164516 -5.40328e-05     0.171296
   0.0164516     0.165628            0   0.00746144
-5.40328e-05            0     0.141585     0.001141
    0.171296   0.00746144     0.001141     0.354408
IMAGINARY
          0 -0.00250227   0.0115741  0.00997871
 0.00250227           0 -0.00951359   0.0115741
 -0.0115741  0.00951359           0  0.00250227
-0.00997871  -0.0115741 -0.00250227           0
EndNode1[0]<--->Repeater1[0]
REAL
   0.342657 -0.00385867 -0.00374319    0.183631
-0.00385867    0.160839   0.0143935   0.0126802
-0.00374319   0.0143935     0.16521 0.000566105
   0.183631   0.0126802 0.000566105    0.331294
IMAGINARY
          0   0.0275871 -0.00501404  0.00329832
 -0.0275871           0 -0.00611787   0.0105839
 0.00501404  0.00611787           0  -0.0125914
-0.00329832  -0.0105839   0.0125914           0
EndNode2[0]<--->HoM1[0]
REAL
   0.365854 -0.00824689  -0.0260574    0.197595
-0.00824689    0.159892 -0.00249526 -0.00661052
 -0.0260574 -0.00249526    0.144535  0.00643201
   0.197595 -0.00661052  0.00643201     0.32972
IMAGINARY
          0  0.00348824 -0.00366762 -0.00399022
-0.00348824           0  0.00824755    0.011346
 0.00366762 -0.00824755           0 -0.00574659
 0.00399022   -0.011346  0.00574659           0
Repeater1[0]<--->EndNode1[0]
REAL
   0.342657 -0.00374319 -0.00385867    0.183631
-0.00374319     0.16521   0.0143935 0.000566105
-0.00385867   0.0143935    0.160839   0.0126802
   0.183631 0.000566105   0.0126802    0.331294
IMAGINARY
          0 -0.00501404   0.0275871  0.00329832
 0.00501404           0  0.00611787  -0.0125914
 -0.0275871 -0.00611787           0   0.0105839
-0.00329832   0.0125914  -0.0105839           0
Repeater1[0]<--->HoM1[0]
REAL
   0.365854  -0.0260574 -0.00824689    0.197595
 -0.0260574    0.144535 -0.00249526  0.00643201
-0.00824689 -0.00249526    0.159892 -0.00661052
   0.197595  0.00643201 -0.00661052     0.32972
IMAGINARY
          0 -0.00366762  0.00348824 -0.00399022
 0.00366762           0 -0.00824755 -0.00574659
-0.00348824  0.00824755           0    0.011346
 0.00399022  0.00574659   -0.011346           0
EndNode1[0]<--->Repeater1[0]
REAL
   0.345488 -0.00935301 -0.00311697    0.197472
-0.00935301    0.154057   0.0055849   -0.027014
-0.00311697   0.0055849    0.151322 -0.00505747
   0.197472   -0.027014 -0.00505747    0.349134
IMAGINARY
           0  -0.00517114    0.0197485 -0.000709927
  0.00517114            0   0.00670071    0.0126125
  -0.0197485  -0.00670071            0  0.000157462
 0.000709927   -0.0126125 -0.000157462            0
EndNode2[0]<--->HoM1[0]
REAL
   0.362147  0.00434891  0.00347317    0.200717
 0.00434891    0.138308   0.0145856 -0.00614221
 0.00347317   0.0145856    0.155596   0.0107756
   0.200717 -0.00614221   0.0107756    0.343949
IMAGINARY
           0 -0.000175182   0.00728597   0.00421407
 0.000175182            0  -0.00108628  -0.00728597
 -0.00728597   0.00108628            0   0.00382482
 -0.00421407   0.00728597  -0.00382482            0
Repeater1[0]<--->EndNode1[0]
REAL
   0.345488 -0.00311697 -0.00935301    0.197472
-0.00311697    0.151322   0.0055849 -0.00505747
-0.00935301   0.0055849    0.154057   -0.027014
   0.197472 -0.00505747   -0.027014    0.349134
IMAGINARY
           0    0.0197485  -0.00517114 -0.000709927
  -0.0197485            0  -0.00670071  0.000157462
  0.00517114   0.00670071            0    0.0126125
 0.000709927 -0.000157462   -0.0126125            0
Repeater1[0]<--->HoM1[0]
REAL
   0.362147  0.00347317  0.00434891    0.200717
 0.00347317    0.155596   0.0145856   0.0107756
 0.00434891   0.0145856    0.138308 -0.00614221
   0.200717   0.0107756 -0.00614221    0.343949
IMAGINARY
           0   0.00728597 -0.000175182   0.00421407
 -0.00728597            0   0.00108628   0.00382482
 0.000175182  -0.00108628            0  -0.00728597
 -0.00421407  -0.00382482   0.00728597            0
EndNode1[0]<--->Repeater1[0]
REAL
    0.324324    0.0145606  -0.00161983     0.190812
   0.0145606     0.161261  -0.00279719 -0.000667451
 -0.00161983  -0.00279719     0.171171    0.0115144
    0.190812 -0.000667451    0.0115144     0.343243
IMAGINARY
           0   -0.0148401   0.00893757 -3.47969e-05
   0.0148401            0   -0.0134084   0.00328048
 -0.00893757    0.0134084            0   -0.0236938
 3.47969e-05  -0.00328048    0.0236938            0
EndNode2[0]<--->HoM1[0]
REAL
   0.361233  -0.0140023 0.000912197    0.176387
 -0.0140023    0.148018   0.0103272  -0.0152749
0.000912197   0.0103272     0.17533 -0.00305338
   0.176387  -0.0152749 -0.00305338    0.315419
IMAGINARY
          0  0.00916567  0.00555833   0.0196879
-0.00916567           0 -0.00944746 -0.00419345
-0.00555833  0.00944746           0   0.0140372
 -0.0196879  0.00419345  -0.0140372           0
Repeater1[0]<--->EndNode1[0]
REAL
    0.324324  -0.00161983    0.0145606     0.190812
 -0.00161983     0.171171  -0.00279719    0.0115144
   0.0145606  -0.00279719     0.161261 -0.000667451
    0.190812    0.0115144 -0.000667451     0.343243
IMAGINARY
           0   0.00893757   -0.0148401 -3.47969e-05
 -0.00893757            0    0.0134084   -0.0236938
   0.0148401   -0.0134084            0   0.00328048
 3.47969e-05    0.0236938  -0.00328048            0
Repeater1[0]<--->HoM1[0]
REAL
   0.361233 0.000912197  -0.0140023    0.176387
0.000912197     0.17533   0.0103272 -0.00305338
 -0.0140023   0.0103272    0.148018  -0.0152749
   0.176387 -0.00305338  -0.0152749    0.315419
IMAGINARY
          0  0.00555833  0.00916567   0.0196879
-0.00555833           0  0.00944746   0.0140372
-0.00916567 -0.00944746           0 -0.00419345
 -0.0196879  -0.0140372  0.00419345           0
EndNode1[0]<--->Repeater1[0]
REAL
   0.344485  0.00285285 -0.00232852    0.203352
 0.00285285    0.163653  0.00205335 -0.00938319
-0.00232852  0.00205335    0.152803 -0.00825826
   0.203352 -0.00938319 -0.00825826     0.33906
IMAGINARY
          0 -0.00327571 -0.00377464 -0.00519598
 0.00327571           0  -0.0124293  0.00680494
 0.00377464   0.0124293           0    -0.01101
 0.00519598 -0.00680494     0.01101           0
EndNode2[0]<--->HoM1[0]
REAL
   0.345064  0.00338575 0.000473846    0.186279
 0.00338575     0.16309   0.0137209  0.00137801
0.000473846   0.0137209    0.158798   0.0206883
   0.186279  0.00137801   0.0206883    0.333047
IMAGINARY
          0   0.0154687 -0.00534884 -0.00669491
 -0.0154687           0   0.0141023 -0.00534884
 0.00534884  -0.0141023           0  0.00267083
 0.00669491  0.00534884 -0.00267083           0
Repeater1[0]<--->EndNode1[0]
REAL
   0.344485 -0.00232852  0.00285285    0.203352
-0.00232852    0.152803  0.00205335 -0.00825826
 0.00285285  0.00205335    0.163653 -0.00938319
   0.203352 -0.00825826 -0.00938319     0.33906
IMAGINARY
          0 -0.00377464 -0.00327571 -0.00519598
 0.00377464           0   0.0124293    -0.01101
 0.00327571  -0.0124293           0  0.00680494
 0.00519598     0.01101 -0.00680494           0
Repeater1[0]<--->HoM1[0]
REAL
   0.345064 0.000473846  0.00338575    0.186279
0.000473846    0.158798   0.0137209   0.0206883
 0.00338575   0.0137209     0.16309  0.00137801
   0.186279   0.0206883  0.00137801    0.333047
IMAGINARY
          0 -0.00534884   0.0154687 -0.00669491
 0.00534884           0  -0.0141023  0.00267083
 -0.0154687   0.0141023           0 -0.00534884
 0.00669491 -0.00267083  0.00534884           0
EndNode1[0]<--->Repeater1[0]
REAL
   0.344156 -0.00687564   0.0136737    0.162955
-0.00687564    0.141929  -0.0102659  -0.0113947
  0.0136737  -0.0102659    0.167904   0.0100662
   0.162955  -0.0113947   0.0100662    0.346011
IMAGINARY
          0  -0.0162598   0.0066769 -0.00288623
  0.0162598           0 -0.00161827 -0.00386791
 -0.0066769  0.00161827           0   0.0106418
 0.00288623  0.00386791  -0.0106418           0
EndNode2[0]<--->HoM1[0]
REAL
   0.357014  -0.0084799 -0.00563012    0.183364
 -0.0084799    0.144784  0.00929653  -0.0154708
-0.00563012  0.00929653    0.169065 -0.00803387
   0.183364  -0.0154708 -0.00803387    0.329137
IMAGINARY
          0  0.00257811 -0.00269088  0.00745669
-0.00257811           0 -0.00928151  0.00713138
 0.00269088  0.00928151           0  -0.0043543
-0.00745669 -0.00713138   0.0043543           0
Repeater1[0]<--->EndNode1[0]
REAL
   0.344156   0.0136737 -0.00687564    0.162955
  0.0136737    0.167904  -0.0102659   0.0100662
-0.00687564  -0.0102659    0.141929  -0.0113947
   0.162955   0.0100662  -0.0113947    0.346011
IMAGINARY
          0   0.0066769  -0.0162598 -0.00288623
 -0.0066769           0  0.00161827   0.0106418
  0.0162598 -0.00161827           0 -0.00386791
 0.00288623  -0.0106418  0.00386791           0
Repeater1[0]<--->HoM1[0]
REAL
   0.357014 -0.00563012  -0.0084799    0.183364
-0.00563012    0.169065  0.00929653 -0.00803387
 -0.0084799  0.00929653    0.144784  -0.0154708
   0.183364 -0.00803387  -0.0154708    0.329137
IMAGINARY
          0 -0.00269088  0.00257811  0.00745669
 0.00269088           0  0.00928151  -0.0043543
-0.00257811 -0.00928151           0  0.00713138
-0.00745669   0.0043543 -0.00713138           0
EndNode1[0]<--->Repeater1[0]
REAL
    0.33564 -0.00732914  -0.0178597    0.167287
-0.00732914    0.147924  0.00308028  0.00718504
 -0.0178597  0.00308028    0.177336  0.00177833
   0.167287  0.00718504  0.00177833      0.3391
IMAGINARY
          0  0.00371346  -0.0282202  0.00421256
-0.00371346           0  0.00892065  -0.0114477
  0.0282202 -0.00892065           0  0.00458912
-0.00421256   0.0114477 -0.00458912           0
EndNode2[0]<--->HoM1[0]
REAL
    0.339164   0.00929913 -0.000766193     0.168659
  0.00929913     0.163265    -0.011744   0.00431229
-0.000766193    -0.011744     0.158406   0.00577179
    0.168659   0.00431229   0.00577179     0.339164
IMAGINARY
          0   0.0252085  -0.0272586 -0.00260717
 -0.0252085           0  -0.0128659  0.00985932
  0.0272586   0.0128659           0  -0.0068935
 0.00260717 -0.00985932   0.0068935           0
Repeater1[0]<--->EndNode1[0]
REAL
    0.33564  -0.0178597 -0.00732914    0.167287
 -0.0178597    0.177336  0.00308028  0.00177833
-0.00732914  0.00308028    0.147924  0.00718504
   0.167287  0.00177833  0.00718504      0.3391
IMAGINARY
          0  -0.0282202  0.00371346  0.00421256
  0.0282202           0 -0.00892065  0.00458912
-0.00371346  0.00892065           0  -0.0114477
-0.00421256 -0.00458912   0.0114477           0
Repeater1[0]<--->HoM1[0]
REAL
    0.339164 -0.000766193   0.00929913     0.168659
-0.000766193     0.158406    -0.011744   0.00577179
  0.00929913    -0.011744     0.163265   0.00431229
    0.168659   0.00577179   0.00431229     0.339164
IMAGINARY
          0  -0.0272586   0.0252085 -0.00260717
  0.0272586           0   0.0128659  -0.0068935
 -0.0252085  -0.0128659           0  0.00985932
 0.00260717   0.0068935 -0.00985932           0
EndNode1[0]<--->Repeater1[0]
REAL
   0.320273  0.00842287 -0.00828746    0.195128
 0.00842287    0.165247  0.00442392   -0.010995
-0.00828746  0.00442392    0.159284  -0.0160462
   0.195128   -0.010995  -0.0160462    0.355196
IMAGINARY
           0   0.00496853    0.0239612  -0.00638548
 -0.00496853            0    0.0122678   0.00514396
  -0.0239612   -0.0122678            0  0.000678732
  0.00638548  -0.00514396 -0.000678732            0
EndNode2[0]<--->HoM1[0]
REAL
   0.367713 -0.00663312   0.0156962    0.184138
-0.00663312    0.161435 -0.00893173  0.00122967
  0.0156962 -0.00893173     0.16861 -0.00663312
   0.184138  0.00122967 -0.00663312    0.302242
IMAGINARY
           0    0.0128662  -0.00361811   0.00244167
  -0.0128662            0   -0.0148311  -0.00493275
  0.00361811    0.0148311            0  0.000185073
 -0.00244167   0.00493275 -0.000185073            0
Repeater1[0]<--->EndNode1[0]
REAL
   0.320273 -0.00828746  0.00842287    0.195128
-0.00828746    0.159284  0.00442392  -0.0160462
 0.00842287  0.00442392    0.165247   -0.010995
   0.195128  -0.0160462   -0.010995    0.355196
IMAGINARY
           0    0.0239612   0.00496853  -0.00638548
  -0.0239612            0   -0.0122678  0.000678732
 -0.00496853    0.0122678            0   0.00514396
  0.00638548 -0.000678732  -0.00514396            0
Repeater1[0]<--->HoM1[0]
REAL
   0.367713   0.0156962 -0.00663312    0.184138
  0.0156962     0.16861 -0.00893173 -0.00663312
-0.00663312 -0.00893173    0.161435  0.00122967
   0.184138 -0.00663312  0.00122967    0.302242
IMAGINARY
           0  -0.00361811    0.0128662   0.00244167
  0.00361811            0    0.0148311  0.000185073
  -0.0128662   -0.0148311            0  -0.00493275
 -0.00244167 -0.000185073   0.00493275            0
EndNode1[0]<--->Repeater1[0]
REAL
   0.369702   0.0195849 -0.00801211    0.180025
  0.0195849    0.130748  -0.0112061  0.00339956
-0.00801211  -0.0112061    0.161407   0.0062454
   0.180025  0.00339956   0.0062454    0.338142
IMAGINARY
           0   0.00302245   0.00229371   0.00163287
 -0.00302245            0   0.00572007  0.000504799
 -0.00229371  -0.00572007            0  -0.00302245
 -0.00163287 -0.000504799   0.00302245            0
EndNode2[0]<--->HoM1[0]
REAL
   0.342857 -0.00828111  -0.0052453    0.177432
-0.00828111    0.165179    0.008699  -0.0057036
 -0.0052453    0.008699    0.145536  0.00828111
   0.177432  -0.0057036  0.00828111    0.346429
IMAGINARY
           0  -0.00704523   0.00312357   0.00741921
  0.00704523            0    0.0123697  -0.00445218
 -0.00312357   -0.0123697            0 -0.000483553
 -0.00741921   0.00445218  0.000483553            0
Repeater1[0]<--->EndNode1[0]
REAL
   0.369702 -0.00801211   0.0195849    0.180025
-0.00801211    0.161407  -0.0112061   0.0062454
  0.0195849  -0.0112061    0.130748  0.00339956
   0.180025   0.0062454  0.00339956    0.338142
IMAGINARY
           0   0.00229371   0.00302245   0.00163287
 -0.00229371            0  -0.00572007  -0.00302245
 -0.00302245   0.00572007            0  0.000504799
 -0.00163287   0.00302245 -0.000504799            0
Repeater1[0]<--->HoM1[0]
REAL
   0.342857  -0.0052453 -0.00828111    0.177432
 -0.0052453    0.145536    0.008699  0.00828111
-0.00828111    0.008699    0.165179  -0.0057036
   0.177432  0.00828111  -0.0057036    0.346429
IMAGINARY
           0   0.00312357  -0.00704523   0.00741921
 -0.00312357            0   -0.0123697 -0.000483553
  0.00704523    0.0123697            0  -0.00445218
 -0.00741921  0.000483553   0.00445218            0
EndNode1[0]<--->Repeater1[0]
REAL
   0.315021  -0.0108981  -0.0109518    0.214951
 -0.0108981    0.146781  0.00374041 -0.00960893
 -0.0109518  0.00374041    0.187124   0.0193093
   0.214951 -0.00960893   0.0193093    0.351073
IMAGINARY
           0   0.00650103   0.00155537  0.000615678
 -0.00650103            0  -0.00773312   0.00786167
 -0.00155537   0.00773312            0   0.00740031
-0.000615678  -0.00786167  -0.00740031            0
EndNode2[0]<--->HoM1[0]
REAL
   0.327602  -0.0154686 -0.00271534    0.194523
 -0.0154686    0.152941  0.00702343  0.00499014
-0.00271534  0.00702343    0.141176  0.00136488
   0.194523  0.00499014  0.00136488    0.378281
IMAGINARY
          0 -0.00595439  0.00398806  0.00506618
 0.00595439           0  0.00275351  0.00833588
-0.00398806 -0.00275351           0 -0.00548927
-0.00506618 -0.00833588  0.00548927           0
Repeater1[0]<--->EndNode1[0]
REAL
   0.315021  -0.0109518  -0.0108981    0.214951
 -0.0109518    0.187124  0.00374041   0.0193093
 -0.0108981  0.00374041    0.146781 -0.00960893
   0.214951   0.0193093 -0.00960893    0.351073
IMAGINARY
           0   0.00155537   0.00650103  0.000615678
 -0.00155537            0   0.00773312   0.00740031
 -0.00650103  -0.00773312            0   0.00786167
-0.000615678  -0.00740031  -0.00786167            0
Repeater1[0]<--->HoM1[0]
REAL
   0.327602 -0.00271534  -0.0154686    0.194523
-0.00271534    0.141176  0.00702343  0.00136488
 -0.0154686  0.00702343    0.152941  0.00499014
   0.194523  0.00136488  0.00499014    0.378281
IMAGINARY
          0  0.00398806 -0.00595439  0.00506618
-0.00398806           0 -0.00275351 -0.00548927
 0.00595439  0.00275351           0  0.00833588
-0.00506618  0.00548927 -0.00833588           0
EndNode1[0]<--->Repeater1[0]
REAL
   0.391743  -0.0151476 -0.00206964    0.186614
 -0.0151476    0.149541 -0.00021849   0.0100202
-0.00206964 -0.00021849    0.145872  0.00631363
   0.186614   0.0100202  0.00631363    0.312844
IMAGINARY
          0 -0.00312464  0.00570404 -0.00111221
 0.00312464           0  0.00154737  -0.0119318
-0.00570404 -0.00154737           0  0.00757304
 0.00111221   0.0119318 -0.00757304           0
EndNode2[0]<--->HoM1[0]
REAL
  0.338605 0.00610286 -0.0204562   0.194065
0.00610286    0.15814 -0.0121247 -0.0213228
-0.0204562 -0.0121247   0.175814  -0.010146
  0.194065 -0.0213228  -0.010146   0.327442
IMAGINARY
           0    0.0122307    0.0178289  0.000358169
  -0.0122307            0  -0.00640468    0.0122495
  -0.0178289   0.00640468            0  -0.00482003
-0.000358169   -0.0122495   0.00482003            0
Repeater1[0]<--->EndNode1[0]
REAL
   0.391743 -0.00206964  -0.0151476    0.186614
-0.00206964    0.145872 -0.00021849  0.00631363
 -0.0151476 -0.00021849    0.149541   0.0100202
   0.186614  0.00631363   0.0100202    0.312844
IMAGINARY
          0  0.00570404 -0.00312464 -0.00111221
-0.00570404           0 -0.00154737  0.00757304
 0.00312464  0.00154737           0  -0.0119318
 0.00111221 -0.00757304   0.0119318           0
Repeater1[0]<--->HoM1[0]
REAL
  0.338605 -0.0204562 0.00610286   0.194065
-0.0204562   0.175814 -0.0121247  -0.010146
0.00610286 -0.0121247    0.15814 -0.0213228
  0.194065  -0.010146 -0.0213228   0.327442
IMAGINARY
           0    0.0178289    0.0122307  0.000358169
  -0.0178289            0   0.00640468  -0.00482003
  -0.0122307  -0.00640468            0    0.0122495
-0.000358169   0.00482003   -0.0122495            0
EndNode1[0]<--->Repeater1[0]
REAL
   0.333945   0.0192407   0.0153674    0.199384
  0.0192407    0.159633  -0.0120017  0.00817312
