EndNode1[0]<--->Repeater1[0]
REAL
   0.344887   0.0135027  -0.0261245     0.19942
  0.0135027    0.149047   0.0166741   0.0107538
 -0.0261245   0.0166741    0.155979 -0.00536525
    0.19942   0.0107538 -0.00536525    0.350087
IMAGINARY
          0  0.00956444  -0.0026091   -0.030843
-0.00956444           0  -0.0281975  0.00910261
  0.0026091   0.0281975           0 -0.00307094
   0.030843 -0.00910261  0.00307094           0
EndNode2[0]<--->HoM1[0]
REAL
  0.358932 -0.0136257  0.0166314   0.200286
-0.0136257   0.148581 0.00134191 0.00958918
 0.0166314 0.00134191   0.141903   0.038038
  0.200286 0.00958918   0.038038   0.350584
IMAGINARY
          0 -0.00521728   0.0108696  -0.0170135
 0.00521728           0  0.00949471  -0.0108696
 -0.0108696 -0.00949471           0  0.00697784
  0.0170135   0.0108696 -0.00697784           0
Repeater1[0]<--->EndNode1[0]
REAL
   0.344887  -0.0261245   0.0135027     0.19942
 -0.0261245    0.155979   0.0166741 -0.00536525
  0.0135027   0.0166741    0.149047   0.0107538
    0.19942 -0.00536525   0.0107538    0.350087
IMAGINARY
          0  -0.0026091  0.00956444   -0.030843
  0.0026091           0   0.0281975 -0.00307094
-0.00956444  -0.0281975           0  0.00910261
   0.030843  0.00307094 -0.00910261           0
Repeater1[0]<--->HoM1[0]
REAL
  0.358932  0.0166314 -0.0136257   0.200286
 0.0166314   0.141903 0.00134191   0.038038
-0.0136257 0.00134191   0.148581 0.00958918
  0.200286   0.038038 0.00958918   0.350584
IMAGINARY
          0   0.0108696 -0.00521728  -0.0170135
 -0.0108696           0 -0.00949471  0.00697784
 0.00521728  0.00949471           0  -0.0108696
  0.0170135 -0.00697784   0.0108696           0
