EndNode1[0]<--->Repeater1[0]
REAL
   0.478912  0.00580404 -0.00102679     0.41157
 0.00580404   0.0421769   0.0242456   0.0132219
-0.00102679   0.0242456   0.0394558  -0.0013111
    0.41157   0.0132219  -0.0013111    0.439456
IMAGINARY
           0   -0.0143957  -0.00214525  0.000389934
   0.0143957            0   0.00584448   0.00662668
  0.00214525  -0.00584448            0   -0.0131331
-0.000389934  -0.00662668    0.0131331            0
EndNode2[0]<--->HoM1[0]
REAL
   0.452092  -0.0113465 0.000740498    0.399704
 -0.0113465   0.0364372   0.0328663 -0.00837409
0.000740498   0.0328663   0.0418354  0.00498517
   0.399704 -0.00837409  0.00498517    0.469636
IMAGINARY
          0  -0.0159126  0.00255466  0.00701428
  0.0159126           0   0.0076354     0.01217
-0.00255466  -0.0076354           0  0.00630957
-0.00701428    -0.01217 -0.00630957           0
Repeater1[0]<--->EndNode1[0]
REAL
   0.478912 -0.00102679  0.00580404     0.41157
-0.00102679   0.0394558   0.0242456  -0.0013111
 0.00580404   0.0242456   0.0421769   0.0132219
    0.41157  -0.0013111   0.0132219    0.439456
IMAGINARY
           0  -0.00214525   -0.0143957  0.000389934
  0.00214525            0  -0.00584448   -0.0131331
   0.0143957   0.00584448            0   0.00662668
-0.000389934    0.0131331  -0.00662668            0
Repeater1[0]<--->HoM1[0]
REAL
   0.452092 0.000740498  -0.0113465    0.399704
0.000740498   0.0418354   0.0328663  0.00498517
 -0.0113465   0.0328663   0.0364372 -0.00837409
   0.399704  0.00498517 -0.00837409    0.469636
IMAGINARY
          0  0.00255466  -0.0159126  0.00701428
-0.00255466           0  -0.0076354  0.00630957
  0.0159126   0.0076354           0     0.01217
-0.00701428 -0.00630957    -0.01217           0
EndNode1[0]<--->Repeater1[0]
REAL
   0.467681 -0.00518118   0.0144261    0.395824
-0.00518118   0.0380228   0.0198548   0.0112656
  0.0144261   0.0198548   0.0506971   0.0282378
   0.395824   0.0112656   0.0282378    0.443599
IMAGINARY
           0 -0.000468042    0.0124639   0.00541261
 0.000468042            0   -0.0288694    0.0172519
  -0.0124639    0.0288694            0   -0.0111599
 -0.00541261   -0.0172519    0.0111599            0
EndNode2[0]<--->HoM1[0]
REAL
   0.458333   0.0110575  0.00273525    0.414789
  0.0110575   0.0353535   0.0200518 -0.00539483
 0.00273525   0.0200518   0.0429293  -0.0150469
   0.414789 -0.00539483  -0.0150469    0.463384
IMAGINARY
          0  0.00162701  0.00162526  -0.0258347
-0.00162701           0  0.00925304  -0.0317921
-0.00162526 -0.00925304           0   0.0157029
  0.0258347   0.0317921  -0.0157029           0
Repeater1[0]<--->EndNode1[0]
REAL
   0.467681   0.0144261 -0.00518118    0.395824
  0.0144261   0.0506971   0.0198548   0.0282378
-0.00518118   0.0198548   0.0380228   0.0112656
   0.395824   0.0282378   0.0112656    0.443599
IMAGINARY
           0    0.0124639 -0.000468042   0.00541261
  -0.0124639            0    0.0288694   -0.0111599
 0.000468042   -0.0288694            0    0.0172519
 -0.00541261    0.0111599   -0.0172519            0
Repeater1[0]<--->HoM1[0]
REAL
   0.458333  0.00273525   0.0110575    0.414789
 0.00273525   0.0429293   0.0200518  -0.0150469
  0.0110575   0.0200518   0.0353535 -0.00539483
   0.414789  -0.0150469 -0.00539483    0.463384
IMAGINARY
          0  0.00162526  0.00162701  -0.0258347
-0.00162526           0 -0.00925304   0.0157029
-0.00162701  0.00925304           0  -0.0317921
  0.0258347  -0.0157029   0.0317921           0
EndNode1[0]<--->Repeater1[0]
REAL
    0.49563   0.0228195   0.0215536    0.410236
  0.0228195   0.0374532   0.0332368 -0.00338404
  0.0215536   0.0332368   0.0337079 -0.00195813
   0.410236 -0.00338404 -0.00195813    0.433208
IMAGINARY
           0   -0.0105079   0.00516313 -0.000699973
   0.0105079            0    0.0170398    0.0163621
 -0.00516313   -0.0170398            0   -0.0085573
 0.000699973   -0.0163621    0.0085573            0
EndNode2[0]<--->HoM1[0]
REAL
   0.482853 2.28358e-05  0.00458669    0.424552
2.28358e-05   0.0452675    0.022081  -0.0141166
 0.00458669    0.022081   0.0466392  -0.0044701
   0.424552  -0.0141166  -0.0044701     0.42524
IMAGINARY
           0   -0.0234254    0.0247431 -0.000372823
   0.0234254            0    0.0193122    0.0110176
  -0.0247431   -0.0193122            0   -0.0240389
 0.000372823   -0.0110176    0.0240389            0
Repeater1[0]<--->EndNode1[0]
REAL
    0.49563   0.0215536   0.0228195    0.410236
  0.0215536   0.0337079   0.0332368 -0.00195813
  0.0228195   0.0332368   0.0374532 -0.00338404
   0.410236 -0.00195813 -0.00338404    0.433208
IMAGINARY
           0   0.00516313   -0.0105079 -0.000699973
 -0.00516313            0   -0.0170398   -0.0085573
   0.0105079    0.0170398            0    0.0163621
 0.000699973    0.0085573   -0.0163621            0
Repeater1[0]<--->HoM1[0]
REAL
   0.482853  0.00458669 2.28358e-05    0.424552
 0.00458669   0.0466392    0.022081  -0.0044701
2.28358e-05    0.022081   0.0452675  -0.0141166
   0.424552  -0.0044701  -0.0141166     0.42524
IMAGINARY
           0    0.0247431   -0.0234254 -0.000372823
  -0.0247431            0   -0.0193122   -0.0240389
   0.0234254    0.0193122            0    0.0110176
 0.000372823    0.0240389   -0.0110176            0
EndNode1[0]<--->Repeater1[0]
REAL
   0.442257  0.00160212   0.0202893    0.404783
 0.00160212   0.0564304   0.0257191 -0.00934983
  0.0202893   0.0257191   0.0406824   0.0119114
   0.404783 -0.00934983   0.0119114     0.46063
IMAGINARY
          0  -0.0254303   0.0244293  0.00481007
  0.0254303           0 -0.00217849   0.0282365
 -0.0244293  0.00217849           0  -0.0285359
-0.00481007  -0.0282365   0.0285359           0
EndNode2[0]<--->HoM1[0]
REAL
   0.427083 -0.00967543 -0.00651568    0.424609
-0.00967543   0.0442708   0.0252625  -0.0153352
-0.00651568   0.0252625   0.0442708 -0.00574873
   0.424609  -0.0153352 -0.00574873    0.484375
IMAGINARY
           0    0.0144004  -0.00764316  -0.00385536
  -0.0144004            0  -0.00509605   -0.0126183
  0.00764316   0.00509605            0 -0.000674943
  0.00385536    0.0126183  0.000674943            0
Repeater1[0]<--->EndNode1[0]
REAL
   0.442257   0.0202893  0.00160212    0.404783
  0.0202893   0.0406824   0.0257191   0.0119114
 0.00160212   0.0257191   0.0564304 -0.00934983
   0.404783   0.0119114 -0.00934983     0.46063
IMAGINARY
          0   0.0244293  -0.0254303  0.00481007
 -0.0244293           0  0.00217849  -0.0285359
  0.0254303 -0.00217849           0   0.0282365
-0.00481007   0.0285359  -0.0282365           0
Repeater1[0]<--->HoM1[0]
REAL
   0.427083 -0.00651568 -0.00967543    0.424609
-0.00651568   0.0442708   0.0252625 -0.00574873
-0.00967543   0.0252625   0.0442708  -0.0153352
   0.424609 -0.00574873  -0.0153352    0.484375
IMAGINARY
           0  -0.00764316    0.0144004  -0.00385536
  0.00764316            0   0.00509605 -0.000674943
  -0.0144004  -0.00509605            0   -0.0126183
  0.00385536  0.000674943    0.0126183            0
EndNode1[0]<--->Repeater1[0]
REAL
    0.492187  -0.00405382   -0.0231199     0.416792
 -0.00405382    0.0377604    0.0286173 -0.000453267
  -0.0231199    0.0286173    0.0455729   -0.0120752
    0.416792 -0.000453267   -0.0120752     0.424479
IMAGINARY
           0   -0.0100627  -1.7618e-05  -0.00221081
   0.0100627            0 -0.000941775    0.0077297
  1.7618e-05  0.000941775            0   0.00363595
  0.00221081   -0.0077297  -0.00363595            0
EndNode2[0]<--->HoM1[0]
REAL
   0.469471   0.0198832  0.00311893    0.409377
  0.0198832   0.0189959   0.0174519   0.0163933
 0.00311893   0.0174519   0.0542741 -0.00524906
   0.409377   0.0163933 -0.00524906    0.457259
IMAGINARY
          0   0.0120853 -0.00540554  -0.0188184
 -0.0120853           0  0.00984403 -0.00142676
 0.00540554 -0.00984403           0   0.0133806
  0.0188184  0.00142676  -0.0133806           0
Repeater1[0]<--->EndNode1[0]
REAL
    0.492187   -0.0231199  -0.00405382     0.416792
  -0.0231199    0.0455729    0.0286173   -0.0120752
 -0.00405382    0.0286173    0.0377604 -0.000453267
    0.416792   -0.0120752 -0.000453267     0.424479
IMAGINARY
           0  -1.7618e-05   -0.0100627  -0.00221081
  1.7618e-05            0  0.000941775   0.00363595
   0.0100627 -0.000941775            0    0.0077297
  0.00221081  -0.00363595   -0.0077297            0
Repeater1[0]<--->HoM1[0]
REAL
   0.469471  0.00311893   0.0198832    0.409377
 0.00311893   0.0542741   0.0174519 -0.00524906
  0.0198832   0.0174519   0.0189959   0.0163933
   0.409377 -0.00524906   0.0163933    0.457259
IMAGINARY
          0 -0.00540554   0.0120853  -0.0188184
 0.00540554           0 -0.00984403   0.0133806
 -0.0120853  0.00984403           0 -0.00142676
  0.0188184  -0.0133806  0.00142676           0
EndNode1[0]<--->Repeater1[0]
REAL
   0.452351   0.0150589 -0.00614732    0.412724
  0.0150589   0.0495553   0.0102545  0.00935656
-0.00614732   0.0102545   0.0343075  -0.0118497
   0.412724  0.00935656  -0.0118497    0.463787
IMAGINARY
          0  0.00611103 -0.00328863  0.00494434
-0.00611103           0  -0.0113057 -0.00041507
 0.00328863   0.0113057           0  -0.0036419
-0.00494434  0.00041507   0.0036419           0
EndNode2[0]<--->HoM1[0]
REAL
  0.475196 0.00793777 0.00393964   0.407756
0.00793777  0.0483029  0.0231904 -0.0205637
0.00393964  0.0231904  0.0287206 -0.0015439
  0.407756 -0.0205637 -0.0015439   0.447781
IMAGINARY
           0 -0.000575896   -0.0197795   0.00218867
 0.000575896            0   0.00523373   -0.0197795
   0.0197795  -0.00523373            0    0.0180856
 -0.00218867    0.0197795   -0.0180856            0
Repeater1[0]<--->EndNode1[0]
REAL
   0.452351 -0.00614732   0.0150589    0.412724
-0.00614732   0.0343075   0.0102545  -0.0118497
  0.0150589   0.0102545   0.0495553  0.00935656
   0.412724  -0.0118497  0.00935656    0.463787
IMAGINARY
          0 -0.00328863  0.00611103  0.00494434
 0.00328863           0   0.0113057  -0.0036419
-0.00611103  -0.0113057           0 -0.00041507
-0.00494434   0.0036419  0.00041507           0
Repeater1[0]<--->HoM1[0]
REAL
  0.475196 0.00393964 0.00793777   0.407756
0.00393964  0.0287206  0.0231904 -0.0015439
0.00793777  0.0231904  0.0483029 -0.0205637
  0.407756 -0.0015439 -0.0205637   0.447781
IMAGINARY
           0   -0.0197795 -0.000575896   0.00218867
   0.0197795            0  -0.00523373    0.0180856
 0.000575896   0.00523373            0   -0.0197795
 -0.00218867   -0.0180856    0.0197795            0
EndNode1[0]<--->Repeater1[0]
REAL
  0.456284 0.00365279  0.0253486    0.39805
0.00365279  0.0382514  0.0262881 0.00176366
 0.0253486  0.0262881  0.0491803  0.0184153
   0.39805 0.00176366  0.0184153   0.456284
IMAGINARY
          0  0.00170867   0.0103041  0.00488841
-0.00170867           0 -0.00226374  0.00653527
 -0.0103041  0.00226374           0 -0.00429934
-0.00488841 -0.00653527  0.00429934           0
EndNode2[0]<--->HoM1[0]
REAL
       0.46 -0.00167759  0.00982564    0.414503
-0.00167759        0.04   0.0167762  -0.0157498
 0.00982564   0.0167762       0.045   0.0123411
   0.414503  -0.0157498   0.0123411       0.455
IMAGINARY
           0   -0.0151159  -0.00700272  -0.00811077
   0.0151159            0    0.0101572  0.000689588
  0.00700272   -0.0101572            0     0.025217
  0.00811077 -0.000689588    -0.025217            0
Repeater1[0]<--->EndNode1[0]
REAL
  0.456284  0.0253486 0.00365279    0.39805
 0.0253486  0.0491803  0.0262881  0.0184153
0.00365279  0.0262881  0.0382514 0.00176366
   0.39805  0.0184153 0.00176366   0.456284
IMAGINARY
          0   0.0103041  0.00170867  0.00488841
 -0.0103041           0  0.00226374 -0.00429934
-0.00170867 -0.00226374           0  0.00653527
-0.00488841  0.00429934 -0.00653527           0
Repeater1[0]<--->HoM1[0]
REAL
       0.46  0.00982564 -0.00167759    0.414503
 0.00982564       0.045   0.0167762   0.0123411
-0.00167759   0.0167762        0.04  -0.0157498
   0.414503   0.0123411  -0.0157498       0.455
IMAGINARY
           0  -0.00700272   -0.0151159  -0.00811077
  0.00700272            0   -0.0101572     0.025217
   0.0151159    0.0101572            0  0.000689588
  0.00811077    -0.025217 -0.000689588            0
EndNode1[0]<--->Repeater1[0]
REAL
  0.428571 0.00416293  0.0039266   0.402538
0.00416293  0.0467532   0.022589  0.0277993
 0.0039266   0.022589  0.0545455   0.028832
  0.402538  0.0277993   0.028832    0.47013
IMAGINARY
          0    0.019444  -0.0304037  0.00442791
  -0.019444           0   0.0231311  0.00422234
  0.0304037  -0.0231311           0  0.00929167
-0.00442791 -0.00422234 -0.00929167           0
EndNode2[0]<--->HoM1[0]
REAL
    0.471204   0.00614155   0.00673217     0.416059
  0.00614155    0.0418848    0.0219259    0.0113557
  0.00673217    0.0219259    0.0405759 -0.000973589
    0.416059    0.0113557 -0.000973589     0.446335
IMAGINARY
          0 -0.00228758 -0.00956633  0.00903265
 0.00228758           0    0.016093 -0.00956633
 0.00956633   -0.016093           0  0.00228758
-0.00903265  0.00956633 -0.00228758           0
Repeater1[0]<--->EndNode1[0]
REAL
  0.428571  0.0039266 0.00416293   0.402538
 0.0039266  0.0545455   0.022589   0.028832
0.00416293   0.022589  0.0467532  0.0277993
  0.402538   0.028832  0.0277993    0.47013
IMAGINARY
          0  -0.0304037    0.019444  0.00442791
  0.0304037           0  -0.0231311  0.00929167
  -0.019444   0.0231311           0  0.00422234
-0.00442791 -0.00929167 -0.00422234           0
Repeater1[0]<--->HoM1[0]
REAL
    0.471204   0.00673217   0.00614155     0.416059
  0.00673217    0.0405759    0.0219259 -0.000973589
  0.00614155    0.0219259    0.0418848    0.0113557
    0.416059 -0.000973589    0.0113557     0.446335
IMAGINARY
          0 -0.00956633 -0.00228758  0.00903265
 0.00956633           0   -0.016093  0.00228758
 0.00228758    0.016093           0 -0.00956633
-0.00903265 -0.00228758  0.00956633           0
EndNode1[0]<--->Repeater1[0]
REAL
   0.472222   -0.025378 -0.00585665    0.413798
  -0.025378   0.0391414   0.0145837  -0.0233211
-0.00585665   0.0145837   0.0391414 -0.00379971
   0.413798  -0.0233211 -0.00379971    0.449495
IMAGINARY
          0   0.0159538  -0.0205469  -0.0164906
 -0.0159538           0 -0.00869835 -0.00563116
  0.0205469  0.00869835           0 -0.00155591
  0.0164906  0.00563116  0.00155591           0
EndNode2[0]<--->HoM1[0]
REAL
   0.445876  -0.0127534 -0.00031523    0.410705
 -0.0127534   0.0451031   0.0192317  0.00477383
-0.00031523   0.0192317   0.0592784 0.000651457
   0.410705  0.00477383 0.000651457    0.449742
IMAGINARY
          0   0.0197306   0.0143885 -0.00212268
 -0.0197306           0  0.00950523  -0.0311844
 -0.0143885 -0.00950523           0  -0.0132706
 0.00212268   0.0311844   0.0132706           0
Repeater1[0]<--->EndNode1[0]
REAL
   0.472222 -0.00585665   -0.025378    0.413798
-0.00585665   0.0391414   0.0145837 -0.00379971
  -0.025378   0.0145837   0.0391414  -0.0233211
   0.413798 -0.00379971  -0.0233211    0.449495
IMAGINARY
          0  -0.0205469   0.0159538  -0.0164906
  0.0205469           0  0.00869835 -0.00155591
 -0.0159538 -0.00869835           0 -0.00563116
  0.0164906  0.00155591  0.00563116           0
Repeater1[0]<--->HoM1[0]
REAL
   0.445876 -0.00031523  -0.0127534    0.410705
-0.00031523   0.0592784   0.0192317 0.000651457
 -0.0127534   0.0192317   0.0451031  0.00477383
   0.410705 0.000651457  0.00477383    0.449742
IMAGINARY
          0   0.0143885   0.0197306 -0.00212268
 -0.0143885           0 -0.00950523  -0.0132706
 -0.0197306  0.00950523           0  -0.0311844
 0.00212268   0.0132706   0.0311844           0
EndNode1[0]<--->Repeater1[0]
REAL
   0.467018  -0.0230361  -0.0041571    0.424754
 -0.0230361   0.0382586   0.0281576  -0.0274414
 -0.0041571   0.0281576   0.0408971 -0.00856241
   0.424754  -0.0274414 -0.00856241    0.453826
IMAGINARY
          0  0.00303237 -0.00608541 -0.00194576
-0.00303237           0 -0.00328984  -0.0135481
 0.00608541  0.00328984           0   0.0100566
 0.00194576   0.0135481  -0.0100566           0
EndNode2[0]<--->HoM1[0]
REAL
     0.445   0.009456 0.00294459   0.419439
  0.009456      0.055  0.0269661 0.00816652
0.00294459  0.0269661    0.04625  -0.012724
  0.419439 0.00816652  -0.012724    0.45375
IMAGINARY
           0   0.00575989  -0.00193798  0.000329933
 -0.00575989            0  -0.00224076   0.00193798
  0.00193798   0.00224076            0   -0.0111362
-0.000329933  -0.00193798    0.0111362            0
Repeater1[0]<--->EndNode1[0]
REAL
   0.467018  -0.0041571  -0.0230361    0.424754
 -0.0041571   0.0408971   0.0281576 -0.00856241
 -0.0230361   0.0281576   0.0382586  -0.0274414
   0.424754 -0.00856241  -0.0274414    0.453826
IMAGINARY
          0 -0.00608541  0.00303237 -0.00194576
 0.00608541           0  0.00328984   0.0100566
-0.00303237 -0.00328984           0  -0.0135481
 0.00194576  -0.0100566   0.0135481           0
Repeater1[0]<--->HoM1[0]
REAL
     0.445 0.00294459   0.009456   0.419439
0.00294459    0.04625  0.0269661  -0.012724
  0.009456  0.0269661      0.055 0.00816652
  0.419439  -0.012724 0.00816652    0.45375
IMAGINARY
           0  -0.00193798   0.00575989  0.000329933
  0.00193798            0   0.00224076   -0.0111362
 -0.00575989  -0.00224076            0   0.00193798
-0.000329933    0.0111362  -0.00193798            0
EndNode1[0]<--->Repeater1[0]
REAL
   0.446404 -0.00451318  -0.0084116     0.41259
-0.00451318   0.0502035   0.0222997   0.0108686
 -0.0084116   0.0222997   0.0474898  0.00819868
    0.41259   0.0108686  0.00819868    0.455902
IMAGINARY
          0  -0.0252351   0.0239224   0.0234403
  0.0252351           0  0.00383244 -0.00563738
 -0.0239224 -0.00383244           0  -0.0195316
 -0.0234403  0.00563738   0.0195316           0
EndNode2[0]<--->HoM1[0]
REAL
   0.488402 -0.00994462   -0.021007    0.415013
-0.00994462   0.0386598   0.0228047  -0.0107189
  -0.021007   0.0228047   0.0412371  -0.0281264
   0.415013  -0.0107189  -0.0281264    0.431701
IMAGINARY
          0 -0.00822282  0.00739606  -0.0104455
 0.00822282           0 -0.00568356  0.00299355
-0.00739606  0.00568356           0  0.00432672
  0.0104455 -0.00299355 -0.00432672           0
Repeater1[0]<--->EndNode1[0]
REAL
   0.446404  -0.0084116 -0.00451318     0.41259
 -0.0084116   0.0474898   0.0222997  0.00819868
-0.00451318   0.0222997   0.0502035   0.0108686
    0.41259  0.00819868   0.0108686    0.455902
IMAGINARY
          0   0.0239224  -0.0252351   0.0234403
 -0.0239224           0 -0.00383244  -0.0195316
  0.0252351  0.00383244           0 -0.00563738
 -0.0234403   0.0195316  0.00563738           0
Repeater1[0]<--->HoM1[0]
REAL
   0.488402   -0.021007 -0.00994462    0.415013
  -0.021007   0.0412371   0.0228047  -0.0281264
-0.00994462   0.0228047   0.0386598  -0.0107189
   0.415013  -0.0281264  -0.0107189    0.431701
IMAGINARY
          0  0.00739606 -0.00822282  -0.0104455
-0.00739606           0  0.00568356  0.00432672
 0.00822282 -0.00568356           0  0.00299355
  0.0104455 -0.00432672 -0.00299355           0
EndNode1[0]<--->Repeater1[0]
REAL
  0.459239 0.00540893  0.0151027   0.399985
0.00540893  0.0326087  0.0343517 0.00883707
 0.0151027  0.0343517  0.0421196  0.0103229
  0.399985 0.00883707  0.0103229   0.466033
IMAGINARY
          0  -0.0163287 -0.00513903 -0.00848996
  0.0163287           0 -0.00259218   0.0296868
 0.00513903  0.00259218           0   0.0150367
 0.00848996  -0.0296868  -0.0150367           0
EndNode2[0]<--->HoM1[0]
REAL
   0.432507 -0.00553383 -0.00507237    0.410892
-0.00553383   0.0454545   0.0268516  -0.0111403
-0.00507237   0.0268516   0.0440771 -0.00808485
   0.410892  -0.0111403 -0.00808485    0.477961
IMAGINARY
          0   0.0113664 -0.00985005  0.00392825
 -0.0113664           0   0.0107589   0.0310471
 0.00985005  -0.0107589           0  -0.0313165
-0.00392825  -0.0310471   0.0313165           0
Repeater1[0]<--->EndNode1[0]
REAL
  0.459239  0.0151027 0.00540893   0.399985
 0.0151027  0.0421196  0.0343517  0.0103229
0.00540893  0.0343517  0.0326087 0.00883707
  0.399985  0.0103229 0.00883707   0.466033
IMAGINARY
          0 -0.00513903  -0.0163287 -0.00848996
 0.00513903           0  0.00259218   0.0150367
  0.0163287 -0.00259218           0   0.0296868
 0.00848996  -0.0150367  -0.0296868           0
Repeater1[0]<--->HoM1[0]
REAL
   0.432507 -0.00507237 -0.00553383    0.410892
-0.00507237   0.0440771   0.0268516 -0.00808485
-0.00553383   0.0268516   0.0454545  -0.0111403
   0.410892 -0.00808485  -0.0111403    0.477961
IMAGINARY
          0 -0.00985005   0.0113664  0.00392825
 0.00985005           0  -0.0107589  -0.0313165
 -0.0113664   0.0107589           0   0.0310471
-0.00392825   0.0313165  -0.0310471           0
EndNode1[0]<--->Repeater1[0]
REAL
 0.480051 0.0262211 0.0168163   0.41065
0.0262211 0.0540541 0.0145114 0.0276998
0.0168163 0.0145114  0.037323 0.0157143
  0.41065 0.0276998 0.0157143  0.428571
IMAGINARY
          0  0.00147688  -0.0138732  0.00111424
-0.00147688           0   0.0115693   0.0132074
  0.0138732  -0.0115693           0 -0.00613733
-0.00111424  -0.0132074  0.00613733           0
EndNode2[0]<--->HoM1[0]
REAL
   0.454203  -0.0239018   -0.014875    0.403499
 -0.0239018   0.0451694   0.0201654 -0.00802572
  -0.014875   0.0201654   0.0401506 -0.00917708
   0.403499 -0.00802572 -0.00917708    0.460477
IMAGINARY
          0 -0.00860806   0.0208593 -0.00608258
 0.00860806           0    -0.02931  -0.0208593
 -0.0208593     0.02931           0  -0.0003663
 0.00608258   0.0208593   0.0003663           0
Repeater1[0]<--->EndNode1[0]
REAL
 0.480051 0.0168163 0.0262211   0.41065
0.0168163  0.037323 0.0145114 0.0157143
0.0262211 0.0145114 0.0540541 0.0276998
  0.41065 0.0157143 0.0276998  0.428571
IMAGINARY
          0  -0.0138732  0.00147688  0.00111424
  0.0138732           0  -0.0115693 -0.00613733
-0.00147688   0.0115693           0   0.0132074
-0.00111424  0.00613733  -0.0132074           0
Repeater1[0]<--->HoM1[0]
REAL
   0.454203   -0.014875  -0.0239018    0.403499
  -0.014875   0.0401506   0.0201654 -0.00917708
 -0.0239018   0.0201654   0.0451694 -0.00802572
   0.403499 -0.00917708 -0.00802572    0.460477
IMAGINARY
          0   0.0208593 -0.00860806 -0.00608258
 -0.0208593           0     0.02931  -0.0003663
 0.00860806    -0.02931           0  -0.0208593
 0.00608258   0.0003663   0.0208593           0
EndNode1[0]<--->Repeater1[0]
REAL
   0.455844 -0.00966495  -0.0109892    0.404801
-0.00966495   0.0428571   0.0178797 -0.00318607
 -0.0109892   0.0178797   0.0493506 -0.00451031
   0.404801 -0.00318607 -0.00451031    0.451948
IMAGINARY
          0  0.00379563  -0.0126868 -0.00912434
-0.00379563           0  0.00264766   -0.017286
  0.0126868 -0.00264766           0  0.00574116
 0.00912434    0.017286 -0.00574116           0
EndNode2[0]<--->HoM1[0]
REAL
   0.458543 -0.00678692 -0.00558364    0.402593
-0.00678692   0.0414573   0.0153754   0.0199066
-0.00558364   0.0153754   0.0515075  0.00157859
   0.402593   0.0199066  0.00157859    0.448492
IMAGINARY
          0  0.00136836  0.00743898   0.0100528
-0.00136836           0 -0.00751475  -0.0212234
-0.00743898  0.00751475           0   0.0224412
 -0.0100528   0.0212234  -0.0224412           0
Repeater1[0]<--->EndNode1[0]
REAL
   0.455844  -0.0109892 -0.00966495    0.404801
 -0.0109892   0.0493506   0.0178797 -0.00451031
-0.00966495   0.0178797   0.0428571 -0.00318607
   0.404801 -0.00451031 -0.00318607    0.451948
IMAGINARY
          0  -0.0126868  0.00379563 -0.00912434
  0.0126868           0 -0.00264766  0.00574116
-0.00379563  0.00264766           0   -0.017286
 0.00912434 -0.00574116    0.017286           0
Repeater1[0]<--->HoM1[0]
REAL
   0.458543 -0.00558364 -0.00678692    0.402593
-0.00558364   0.0515075   0.0153754  0.00157859
-0.00678692   0.0153754   0.0414573   0.0199066
   0.402593  0.00157859   0.0199066    0.448492
IMAGINARY
          0  0.00743898  0.00136836   0.0100528
-0.00743898           0  0.00751475   0.0224412
-0.00136836 -0.00751475           0  -0.0212234
 -0.0100528  -0.0224412   0.0212234           0
EndNode1[0]<--->Repeater1[0]
REAL
   0.498698   0.0125272  0.00210186    0.403955
  0.0125272   0.0429688    0.013165 -0.00346056
 0.00210186    0.013165    0.046875  0.00377717
   0.403955 -0.00346056  0.00377717    0.411458
IMAGINARY
          0  0.00771208 -0.00240401  0.00320513
-0.00771208           0 -0.00320513 -0.00680652
 0.00240401  0.00320513           0 -0.00771208
-0.00320513  0.00680652  0.00771208           0
EndNode2[0]<--->HoM1[0]
REAL
    0.451737   0.00848079   -0.0149053     0.399158
  0.00848079     0.046332    0.0192092    0.0200074
  -0.0149053    0.0192092     0.047619 -0.000827725
    0.399158    0.0200074 -0.000827725     0.454311
IMAGINARY
          0  -0.0144801   0.0115828   0.0151068
  0.0144801           0 -0.00585893 -0.00200421
 -0.0115828  0.00585893           0 -0.00276131
 -0.0151068  0.00200421  0.00276131           0
Repeater1[0]<--->EndNode1[0]
REAL
   0.498698  0.00210186   0.0125272    0.403955
 0.00210186    0.046875    0.013165  0.00377717
  0.0125272    0.013165   0.0429688 -0.00346056
   0.403955  0.00377717 -0.00346056    0.411458
IMAGINARY
          0 -0.00240401  0.00771208  0.00320513
 0.00240401           0  0.00320513 -0.00771208
-0.00771208 -0.00320513           0 -0.00680652
-0.00320513  0.00771208  0.00680652           0
Repeater1[0]<--->HoM1[0]
REAL
    0.451737   -0.0149053   0.00848079     0.399158
  -0.0149053     0.047619    0.0192092 -0.000827725
  0.00848079    0.0192092     0.046332    0.0200074
    0.399158 -0.000827725    0.0200074     0.454311
IMAGINARY
          0   0.0115828  -0.0144801   0.0151068
 -0.0115828           0  0.00585893 -0.00276131
  0.0144801 -0.00585893           0 -0.00200421
 -0.0151068  0.00276131  0.00200421           0
EndNode1[0]<--->Repeater1[0]
REAL
   0.442748  0.00517054 -0.00780689    0.407468
 0.00517054   0.0419847   0.0302751   0.0162375
-0.00780689   0.0302751   0.0267176 0.000666036
   0.407468   0.0162375 0.000666036     0.48855
IMAGINARY
          0  -0.0179931   0.0204017  0.00242454
  0.0179931           0  0.00944881   0.0302056
 -0.0204017 -0.00944881           0  -0.0204684
-0.00242454  -0.0302056   0.0204684           0
EndNode2[0]<--->HoM1[0]
REAL
   0.501263  0.00348285 -0.00818159    0.408499
 0.00348285   0.0328283   0.0191658    0.022141
-0.00818159   0.0191658    0.030303  0.00413136
   0.408499    0.022141  0.00413136    0.435606
IMAGINARY
           0   -0.0122564   -0.0156142    0.0205722
   0.0122564            0 -0.000370194 -0.000385787
   0.0156142  0.000370194            0   0.00825641
  -0.0205722  0.000385787  -0.00825641            0
Repeater1[0]<--->EndNode1[0]
REAL
   0.442748 -0.00780689  0.00517054    0.407468
-0.00780689   0.0267176   0.0302751 0.000666036
 0.00517054   0.0302751   0.0419847   0.0162375
   0.407468 0.000666036   0.0162375     0.48855
IMAGINARY
          0   0.0204017  -0.0179931  0.00242454
 -0.0204017           0 -0.00944881  -0.0204684
  0.0179931  0.00944881           0   0.0302056
-0.00242454   0.0204684  -0.0302056           0
Repeater1[0]<--->HoM1[0]
REAL
   0.501263 -0.00818159  0.00348285    0.408499
-0.00818159    0.030303   0.0191658  0.00413136
 0.00348285   0.0191658   0.0328283    0.022141
   0.408499  0.00413136    0.022141    0.435606
IMAGINARY
           0   -0.0156142   -0.0122564    0.0205722
   0.0156142            0  0.000370194   0.00825641
   0.0122564 -0.000370194            0 -0.000385787
  -0.0205722  -0.00825641  0.000385787            0
EndNode1[0]<--->Repeater1[0]
REAL
   0.479195 -0.00210797   0.0122151    0.417744
-0.00210797    0.042953   0.0219109  0.00133166
  0.0122151   0.0219109   0.0416107  0.00703408
   0.417744  0.00133166  0.00703408    0.436242
IMAGINARY
           0   0.00490435  -0.00615295     0.012212
 -0.00490435            0 -0.000703089   -0.0159059
  0.00615295  0.000703089            0     0.015929
   -0.012212    0.0159059    -0.015929            0
EndNode2[0]<--->HoM1[0]
REAL
   0.435463   0.0168752  0.00250497    0.419582
  0.0168752   0.0521512   0.0256237  0.00571421
 0.00250497   0.0256237   0.0469361 -0.00317656
   0.419582  0.00571421 -0.00317656     0.46545
IMAGINARY
          0  -0.0043202 -0.00394931  0.00580689
  0.0043202           0  -0.0122171  -0.0102307
 0.00394931   0.0122171           0 -0.00616069
-0.00580689   0.0102307  0.00616069           0
Repeater1[0]<--->EndNode1[0]
REAL
   0.479195   0.0122151 -0.00210797    0.417744
  0.0122151   0.0416107   0.0219109  0.00703408
-0.00210797   0.0219109    0.042953  0.00133166
   0.417744  0.00703408  0.00133166    0.436242
IMAGINARY
           0  -0.00615295   0.00490435     0.012212
  0.00615295            0  0.000703089     0.015929
 -0.00490435 -0.000703089            0   -0.0159059
   -0.012212    -0.015929    0.0159059            0
Repeater1[0]<--->HoM1[0]
REAL
   0.435463  0.00250497   0.0168752    0.419582
 0.00250497   0.0469361   0.0256237 -0.00317656
  0.0168752   0.0256237   0.0521512  0.00571421
   0.419582 -0.00317656  0.00571421     0.46545
IMAGINARY
          0 -0.00394931  -0.0043202  0.00580689
 0.00394931           0   0.0122171 -0.00616069
  0.0043202  -0.0122171           0  -0.0102307
-0.00580689  0.00616069   0.0102307           0
EndNode1[0]<--->Repeater1[0]
REAL
   0.482213 -0.00710373 -0.00181988     0.40288
-0.00710373   0.0342556   0.0209906  -0.0130188
-0.00181988   0.0209906   0.0566535  -0.0219285
    0.40288  -0.0130188  -0.0219285    0.426877
IMAGINARY
          0  0.00791173 -0.00480743   0.0139663
-0.00791173           0  -0.0201392   0.0258048
 0.00480743   0.0201392           0  -0.0131611
 -0.0139663  -0.0258048   0.0131611           0
EndNode2[0]<--->HoM1[0]
REAL
   0.440428  0.00298977 -0.00293221    0.425718
 0.00298977   0.0535475   0.0120308   0.0115415
-0.00293221   0.0120308   0.0522088     0.01754
   0.425718   0.0115415     0.01754    0.453815
IMAGINARY
           0  -0.00885097  -0.00945497   0.00831755
  0.00885097            0    0.0145832    0.0162367
  0.00945497   -0.0145832            0 -0.000396868
 -0.00831755   -0.0162367  0.000396868            0
Repeater1[0]<--->EndNode1[0]
REAL
   0.482213 -0.00181988 -0.00710373     0.40288
-0.00181988   0.0566535   0.0209906  -0.0219285
-0.00710373   0.0209906   0.0342556  -0.0130188
    0.40288  -0.0219285  -0.0130188    0.426877
IMAGINARY
          0 -0.00480743  0.00791173   0.0139663
 0.00480743           0   0.0201392  -0.0131611
-0.00791173  -0.0201392           0   0.0258048
 -0.0139663   0.0131611  -0.0258048           0
Repeater1[0]<--->HoM1[0]
REAL
   0.440428 -0.00293221  0.00298977    0.425718
-0.00293221   0.0522088   0.0120308     0.01754
 0.00298977   0.0120308   0.0535475   0.0115415
   0.425718     0.01754   0.0115415    0.453815
IMAGINARY
           0  -0.00945497  -0.00885097   0.00831755
  0.00945497            0   -0.0145832 -0.000396868
  0.00885097    0.0145832            0    0.0162367
 -0.00831755  0.000396868   -0.0162367            0
EndNode1[0]<--->Repeater1[0]
REAL
   0.451372 -0.00867738   -0.030604    0.407392
-0.00867738   0.0486284    0.031738  -0.0234332
  -0.030604    0.031738   0.0436409  -0.0316953
   0.407392  -0.0234332  -0.0316953    0.456359
IMAGINARY
           0  -0.00884338  0.000776614   0.00306792
  0.00884338            0    0.0168294   -0.0125567
-0.000776614   -0.0168294            0    0.0114612
 -0.00306792    0.0125567   -0.0114612            0
EndNode2[0]<--->HoM1[0]
REAL
    0.449367 -0.000142359   -0.0121981     0.403942
-0.000142359    0.0493671    0.0216682   -0.0146312
  -0.0121981    0.0216682    0.0392405  -0.00351618
    0.403942   -0.0146312  -0.00351618     0.462025
IMAGINARY
          0  -0.0119791 -0.00421526  0.00267051
  0.0119791           0  -0.0284983   0.0116578
 0.00421526   0.0284983           0 -0.00764203
-0.00267051  -0.0116578  0.00764203           0
Repeater1[0]<--->EndNode1[0]
REAL
   0.451372   -0.030604 -0.00867738    0.407392
  -0.030604   0.0436409    0.031738  -0.0316953
-0.00867738    0.031738   0.0486284  -0.0234332
   0.407392  -0.0316953  -0.0234332    0.456359
IMAGINARY
           0  0.000776614  -0.00884338   0.00306792
-0.000776614            0   -0.0168294    0.0114612
  0.00884338    0.0168294            0   -0.0125567
 -0.00306792   -0.0114612    0.0125567            0
Repeater1[0]<--->HoM1[0]
REAL
    0.449367   -0.0121981 -0.000142359     0.403942
  -0.0121981    0.0392405    0.0216682  -0.00351618
-0.000142359    0.0216682    0.0493671   -0.0146312
    0.403942  -0.00351618   -0.0146312     0.462025
IMAGINARY
          0 -0.00421526  -0.0119791  0.00267051
 0.00421526           0   0.0284983 -0.00764203
  0.0119791  -0.0284983           0   0.0116578
-0.00267051  0.00764203  -0.0116578           0
EndNode1[0]<--->Repeater1[0]
REAL
   0.475366  0.00674611   0.0121725    0.407532
 0.00674611   0.0412783   0.0209466 -0.00371994
  0.0121725   0.0209466   0.0412783 -0.00219474
   0.407532 -0.00371994 -0.00219474    0.442077
IMAGINARY
          0  -0.0177985  0.00940308  0.00226759
  0.0177985           0 -0.00415914   0.0113286
-0.00940308  0.00415914           0   0.0129205
-0.00226759  -0.0113286  -0.0129205           0
EndNode2[0]<--->HoM1[0]
REAL
  0.462435 0.00576364 0.00566559   0.409765
0.00576364  0.0414508  0.0201288 0.00756192
0.00566559  0.0201288  0.0544041 0.00878662
  0.409765 0.00756192 0.00878662    0.44171
IMAGINARY
          0 -0.00923128   0.0198942  -0.0327878
 0.00923128           0  -0.0107752   0.0103885
 -0.0198942   0.0107752           0  -0.0237432
  0.0327878  -0.0103885   0.0237432           0
Repeater1[0]<--->EndNode1[0]
REAL
   0.475366   0.0121725  0.00674611    0.407532
  0.0121725   0.0412783   0.0209466 -0.00219474
 0.00674611   0.0209466   0.0412783 -0.00371994
   0.407532 -0.00219474 -0.00371994    0.442077
IMAGINARY
          0  0.00940308  -0.0177985  0.00226759
-0.00940308           0  0.00415914   0.0129205
  0.0177985 -0.00415914           0   0.0113286
-0.00226759  -0.0129205  -0.0113286           0
Repeater1[0]<--->HoM1[0]
REAL
  0.462435 0.00566559 0.00576364   0.409765
0.00566559  0.0544041  0.0201288 0.00878662
0.00576364  0.0201288  0.0414508 0.00756192
  0.409765 0.00878662 0.00756192    0.44171
IMAGINARY
          0   0.0198942 -0.00923128  -0.0327878
 -0.0198942           0   0.0107752  -0.0237432
 0.00923128  -0.0107752           0   0.0103885
  0.0327878   0.0237432  -0.0103885           0
EndNode1[0]<--->Repeater1[0]
REAL
   0.448669 -0.00816445  -0.0196137    0.410095
-0.00816445   0.0329531   0.0244961  -0.0262982
 -0.0196137   0.0244961   0.0443599  -0.0402632
   0.410095  -0.0262982  -0.0402632    0.474018
IMAGINARY
          0  -0.0112957   0.0148048   0.0241661
  0.0112957           0   0.0108581  -0.0114401
 -0.0148048  -0.0108581           0  0.00658508
 -0.0241661   0.0114401 -0.00658508           0
EndNode2[0]<--->HoM1[0]
REAL
    0.44586  -0.0190237 -0.00256582    0.410844
 -0.0190237   0.0458599   0.0195112 0.000594733
-0.00256582   0.0195112   0.0407643  0.00259793
   0.410844 0.000594733  0.00259793    0.467516
IMAGINARY
          0  0.00889861  -0.0004204 -0.00718391
-0.00889861           0 -0.00975461  0.00753554
  0.0004204  0.00975461           0 -0.00825178
 0.00718391 -0.00753554  0.00825178           0
Repeater1[0]<--->EndNode1[0]
REAL
   0.448669  -0.0196137 -0.00816445    0.410095
 -0.0196137   0.0443599   0.0244961  -0.0402632
-0.00816445   0.0244961   0.0329531  -0.0262982
   0.410095  -0.0402632  -0.0262982    0.474018
IMAGINARY
          0   0.0148048  -0.0112957   0.0241661
 -0.0148048           0  -0.0108581  0.00658508
  0.0112957   0.0108581           0  -0.0114401
 -0.0241661 -0.00658508   0.0114401           0
Repeater1[0]<--->HoM1[0]
REAL
    0.44586 -0.00256582  -0.0190237    0.410844
-0.00256582   0.0407643   0.0195112  0.00259793
 -0.0190237   0.0195112   0.0458599 0.000594733
   0.410844  0.00259793 0.000594733    0.467516
IMAGINARY
          0  -0.0004204  0.00889861 -0.00718391
  0.0004204           0  0.00975461 -0.00825178
-0.00889861 -0.00975461           0  0.00753554
 0.00718391  0.00825178 -0.00753554           0
EndNode1[0]<--->Repeater1[0]
REAL
    0.457355   -0.0012574    0.0029911     0.415194
  -0.0012574    0.0519159    0.0214683    0.0219784
   0.0029911    0.0214683    0.0420272 -0.000569641
    0.415194    0.0219784 -0.000569641     0.448702
IMAGINARY
          0  0.00756294   0.0241496   0.0281158
-0.00756294           0  -0.0193201   -0.022229
 -0.0241496   0.0193201           0  -0.0133248
 -0.0281158    0.022229   0.0133248           0
EndNode2[0]<--->HoM1[0]
REAL
  0.454318 -0.0125815  -0.014578    0.40863
-0.0125815  0.0275344  0.0187675 -0.0319973
 -0.014578  0.0187675  0.0250313 -0.0271446
   0.40863 -0.0319973 -0.0271446   0.493116
IMAGINARY
          0  0.00406758 -0.00536967 -0.00238561
-0.00406758           0  -0.0120881  -0.0027655
 0.00536967   0.0120881           0  0.00406758
 0.00238561   0.0027655 -0.00406758           0
Repeater1[0]<--->EndNode1[0]
REAL
    0.457355    0.0029911   -0.0012574     0.415194
   0.0029911    0.0420272    0.0214683 -0.000569641
  -0.0012574    0.0214683    0.0519159    0.0219784
    0.415194 -0.000569641    0.0219784     0.448702
IMAGINARY
          0   0.0241496  0.00756294   0.0281158
 -0.0241496           0   0.0193201  -0.0133248
-0.00756294  -0.0193201           0   -0.022229
 -0.0281158   0.0133248    0.022229           0
Repeater1[0]<--->HoM1[0]
REAL
  0.454318  -0.014578 -0.0125815    0.40863
 -0.014578  0.0250313  0.0187675 -0.0271446
-0.0125815  0.0187675  0.0275344 -0.0319973
   0.40863 -0.0271446 -0.0319973   0.493116
IMAGINARY
          0 -0.00536967  0.00406758 -0.00238561
 0.00536967           0   0.0120881  0.00406758
-0.00406758  -0.0120881           0  -0.0027655
 0.00238561 -0.00406758   0.0027655           0
EndNode1[0]<--->Repeater1[0]
REAL
  0.460719  0.0029547 0.00895358   0.412192
 0.0029547  0.0399467    0.02976  0.0121546
0.00895358    0.02976  0.0532623  0.0260691
  0.412192  0.0121546  0.0260691   0.446072
IMAGINARY
          0 -0.00214185    0.015361    0.002275
 0.00214185           0  0.00543556   0.0413957
  -0.015361 -0.00543556           0  -0.0289392
  -0.002275  -0.0413957   0.0289392           0
EndNode2[0]<--->HoM1[0]
REAL
  0.454318  0.0212634 0.00119871   0.423437
 0.0212634  0.0513141  0.0205118 0.00962932
0.00119871  0.0205118  0.0350438 -0.0129832
  0.423437 0.00962932 -0.0129832   0.459324
IMAGINARY
           0   0.00733496    0.0063511   0.00168074
 -0.00733496            0  -0.00757852  0.000297834
  -0.0063511   0.00757852            0  -0.00733496
 -0.00168074 -0.000297834   0.00733496            0
Repeater1[0]<--->EndNode1[0]
REAL
  0.460719 0.00895358  0.0029547   0.412192
0.00895358  0.0532623    0.02976  0.0260691
 0.0029547    0.02976  0.0399467  0.0121546
  0.412192  0.0260691  0.0121546   0.446072
IMAGINARY
          0    0.015361 -0.00214185    0.002275
  -0.015361           0 -0.00543556  -0.0289392
 0.00214185  0.00543556           0   0.0413957
  -0.002275   0.0289392  -0.0413957           0
Repeater1[0]<--->HoM1[0]
REAL
  0.454318 0.00119871  0.0212634   0.423437
0.00119871  0.0350438  0.0205118 -0.0129832
 0.0212634  0.0205118  0.0513141 0.00962932
  0.423437 -0.0129832 0.00962932   0.459324
IMAGINARY
           0    0.0063511   0.00733496   0.00168074
  -0.0063511            0   0.00757852  -0.00733496
 -0.00733496  -0.00757852            0  0.000297834
 -0.00168074   0.00733496 -0.000297834            0
EndNode1[0]<--->Repeater1[0]
REAL
   0.451034  0.00269168 -0.00618301     0.41741
 0.00269168   0.0551724   0.0237667 -0.00884967
-0.00618301   0.0237667   0.0344828  -0.0268747
    0.41741 -0.00884967  -0.0268747     0.45931
IMAGINARY
          0   0.0111959  0.00800028 -0.00727391
 -0.0111959           0  -0.0136842  -0.0141127
-0.00800028   0.0136842           0 -0.00875091
 0.00727391   0.0141127  0.00875091           0
EndNode2[0]<--->HoM1[0]
REAL
   0.435006 -0.00504673 -0.00326172    0.407447
-0.00504673   0.0579151   0.0214931 -0.00449022
