EndNode1[0]<--->Repeater1[0]
REAL
  0.484069 -0.0196075   0.023936   0.351639
-0.0196075  0.0857843  0.0217962 -0.0176773
  0.023936  0.0217962  0.0551471 0.00500389
  0.351639 -0.0176773 0.00500389      0.375
IMAGINARY
           0  -0.00855909  0.000647579    0.0115386
  0.00855909            0     0.026614   0.00589692
-0.000647579    -0.026614            0  -0.00322101
  -0.0115386  -0.00589692   0.00322101            0
EndNode2[0]<--->HoM1[0]
REAL
  0.434146  0.0249579   0.019259   0.338548
 0.0249579  0.0658537  0.0444305 0.00201761
  0.019259  0.0444305  0.0756098   -0.01166
  0.338548 0.00201761   -0.01166    0.42439
IMAGINARY
          0   0.0163105 -0.00572777 -0.00514222
 -0.0163105           0  0.00757531 -0.00833873
 0.00572777 -0.00757531           0     0.01438
 0.00514222  0.00833873    -0.01438           0
Repeater1[0]<--->EndNode1[0]
REAL
  0.484069   0.023936 -0.0196075   0.351639
  0.023936  0.0551471  0.0217962 0.00500389
-0.0196075  0.0217962  0.0857843 -0.0176773
  0.351639 0.00500389 -0.0176773      0.375
IMAGINARY
           0  0.000647579  -0.00855909    0.0115386
-0.000647579            0    -0.026614  -0.00322101
  0.00855909     0.026614            0   0.00589692
  -0.0115386   0.00322101  -0.00589692            0
Repeater1[0]<--->HoM1[0]
REAL
  0.434146   0.019259  0.0249579   0.338548
  0.019259  0.0756098  0.0444305   -0.01166
 0.0249579  0.0444305  0.0658537 0.00201761
  0.338548   -0.01166 0.00201761    0.42439
IMAGINARY
          0 -0.00572777   0.0163105 -0.00514222
 0.00572777           0 -0.00757531     0.01438
 -0.0163105  0.00757531           0 -0.00833873
 0.00514222    -0.01438  0.00833873           0
EndNode1[0]<--->Repeater1[0]
REAL
   0.422446  -0.0281447   0.0107562      0.3352
 -0.0281447   0.0643127   0.0357275  -0.0107562
  0.0107562   0.0357275   0.0580076 -0.00819617
     0.3352  -0.0107562 -0.00819617    0.455233
IMAGINARY
           0   -0.0107016   0.00794734  0.000730549
   0.0107016            0    0.0123585  -0.00662808
 -0.00794734   -0.0123585            0  -0.00644883
-0.000730549   0.00662808   0.00644883            0
EndNode2[0]<--->HoM1[0]
REAL
  0.456806  0.0145063 0.00430375   0.342631
 0.0145063  0.0680628  0.0356762  0.0115693
0.00430375  0.0356762  0.0706806  0.0119487
  0.342631  0.0115693  0.0119487    0.40445
IMAGINARY
          0 -0.00856118  -0.0213865  -0.0362095
 0.00856118           0  0.00313061 -0.00978856
  0.0213865 -0.00313061           0   0.0145564
  0.0362095  0.00978856  -0.0145564           0
Repeater1[0]<--->EndNode1[0]
REAL
   0.422446   0.0107562  -0.0281447      0.3352
  0.0107562   0.0580076   0.0357275 -0.00819617
 -0.0281447   0.0357275   0.0643127  -0.0107562
     0.3352 -0.00819617  -0.0107562    0.455233
IMAGINARY
           0   0.00794734   -0.0107016  0.000730549
 -0.00794734            0   -0.0123585  -0.00644883
   0.0107016    0.0123585            0  -0.00662808
-0.000730549   0.00644883   0.00662808            0
Repeater1[0]<--->HoM1[0]
REAL
  0.456806 0.00430375  0.0145063   0.342631
0.00430375  0.0706806  0.0356762  0.0119487
 0.0145063  0.0356762  0.0680628  0.0115693
  0.342631  0.0119487  0.0115693    0.40445
IMAGINARY
          0  -0.0213865 -0.00856118  -0.0362095
  0.0213865           0 -0.00313061   0.0145564
 0.00856118  0.00313061           0 -0.00978856
  0.0362095  -0.0145564  0.00978856           0
EndNode1[0]<--->Repeater1[0]
REAL
    0.392906 -0.000586982   -0.0107251     0.350863
-0.000586982    0.0750341    0.0211573   0.00884305
  -0.0107251    0.0211573    0.0859482  -0.00380449
    0.350863   0.00884305  -0.00380449     0.446112
IMAGINARY
           0   0.00415153  -0.00639961   0.00204816
 -0.00415153            0    0.0069262  -0.00576428
  0.00639961   -0.0069262            0 -0.000950508
 -0.00204816   0.00576428  0.000950508            0
EndNode2[0]<--->HoM1[0]
REAL
   0.429313  -0.0135796  -0.0139475    0.338611
 -0.0135796     0.07393   0.0280559 -0.00806511
 -0.0139475   0.0280559   0.0674449 -0.00340151
   0.338611 -0.00806511 -0.00340151    0.429313
IMAGINARY
          0   0.0020236  -0.0236233    0.020766
 -0.0020236           0   0.0142893 -0.00276367
  0.0236233  -0.0142893           0   0.0189507
  -0.020766  0.00276367  -0.0189507           0
Repeater1[0]<--->EndNode1[0]
REAL
    0.392906   -0.0107251 -0.000586982     0.350863
  -0.0107251    0.0859482    0.0211573  -0.00380449
-0.000586982    0.0211573    0.0750341   0.00884305
    0.350863  -0.00380449   0.00884305     0.446112
IMAGINARY
           0  -0.00639961   0.00415153   0.00204816
  0.00639961            0   -0.0069262 -0.000950508
 -0.00415153    0.0069262            0  -0.00576428
 -0.00204816  0.000950508   0.00576428            0
Repeater1[0]<--->HoM1[0]
REAL
   0.429313  -0.0139475  -0.0135796    0.338611
 -0.0139475   0.0674449   0.0280559 -0.00340151
 -0.0135796   0.0280559     0.07393 -0.00806511
   0.338611 -0.00340151 -0.00806511    0.429313
IMAGINARY
          0  -0.0236233   0.0020236    0.020766
  0.0236233           0  -0.0142893   0.0189507
 -0.0020236   0.0142893           0 -0.00276367
  -0.020766  -0.0189507  0.00276367           0
EndNode1[0]<--->Repeater1[0]
REAL
       0.45 -0.00879605  0.00891003    0.358963
-0.00879605    0.072973   0.0297912 -0.00225948
 0.00891003   0.0297912   0.0567568 0.000936313
   0.358963 -0.00225948 0.000936313     0.42027
IMAGINARY
          0  0.00853629  -0.0250148  0.00596281
-0.00853629           0  -0.0143934   0.0112171
  0.0250148   0.0143934           0  0.00788946
-0.00596281  -0.0112171 -0.00788946           0
EndNode2[0]<--->HoM1[0]
REAL
   0.439744  -0.0181753 -0.00870023      0.3338
 -0.0181753   0.0769231   0.0347568 0.000968275
-0.00870023   0.0347568   0.0653846  -0.0101753
     0.3338 0.000968275  -0.0101753    0.417949
IMAGINARY
          0  0.00115463  0.00113301  -0.0193454
-0.00115463           0  -0.0149867  -0.0190756
-0.00113301   0.0149867           0 -0.00474314
  0.0193454   0.0190756  0.00474314           0
Repeater1[0]<--->EndNode1[0]
REAL
       0.45  0.00891003 -0.00879605    0.358963
 0.00891003   0.0567568   0.0297912 0.000936313
-0.00879605   0.0297912    0.072973 -0.00225948
   0.358963 0.000936313 -0.00225948     0.42027
IMAGINARY
          0  -0.0250148  0.00853629  0.00596281
  0.0250148           0   0.0143934  0.00788946
-0.00853629  -0.0143934           0   0.0112171
-0.00596281 -0.00788946  -0.0112171           0
Repeater1[0]<--->HoM1[0]
REAL
   0.439744 -0.00870023  -0.0181753      0.3338
-0.00870023   0.0653846   0.0347568  -0.0101753
 -0.0181753   0.0347568   0.0769231 0.000968275
     0.3338  -0.0101753 0.000968275    0.417949
IMAGINARY
          0  0.00113301  0.00115463  -0.0193454
-0.00113301           0   0.0149867 -0.00474314
-0.00115463  -0.0149867           0  -0.0190756
  0.0193454  0.00474314   0.0190756           0
EndNode1[0]<--->Repeater1[0]
REAL
   0.400242  -0.0160766 -0.00100553    0.350784
 -0.0160766   0.0798065   0.0376774  0.00356963
-0.00100553   0.0376774   0.0677146  0.00710222
   0.350784  0.00356963  0.00710222    0.452237
IMAGINARY
          0  0.00448397 -0.00857715  -0.0137723
-0.00448397           0  0.00461002  0.00493637
 0.00857715 -0.00461002           0  -0.0154063
  0.0137723 -0.00493637   0.0154063           0
EndNode2[0]<--->HoM1[0]
REAL
   0.430864  -0.0118586   0.0170326    0.335682
 -0.0118586    0.062963   0.0218452 -0.00224763
  0.0170326   0.0218452   0.0728395  0.00782639
   0.335682 -0.00224763  0.00782639    0.433333
IMAGINARY
           0   0.00899001   0.00462174   -0.0183357
 -0.00899001            0 -0.000871257   0.00984367
 -0.00462174  0.000871257            0  -0.00081391
   0.0183357  -0.00984367   0.00081391            0
Repeater1[0]<--->EndNode1[0]
REAL
   0.400242 -0.00100553  -0.0160766    0.350784
-0.00100553   0.0677146   0.0376774  0.00710222
 -0.0160766   0.0376774   0.0798065  0.00356963
   0.350784  0.00710222  0.00356963    0.452237
IMAGINARY
          0 -0.00857715  0.00448397  -0.0137723
 0.00857715           0 -0.00461002  -0.0154063
-0.00448397  0.00461002           0  0.00493637
  0.0137723   0.0154063 -0.00493637           0
Repeater1[0]<--->HoM1[0]
REAL
   0.430864   0.0170326  -0.0118586    0.335682
  0.0170326   0.0728395   0.0218452  0.00782639
 -0.0118586   0.0218452    0.062963 -0.00224763
   0.335682  0.00782639 -0.00224763    0.433333
IMAGINARY
           0   0.00462174   0.00899001   -0.0183357
 -0.00462174            0  0.000871257  -0.00081391
 -0.00899001 -0.000871257            0   0.00984367
   0.0183357   0.00081391  -0.00984367            0
EndNode1[0]<--->Repeater1[0]
REAL
   0.437257 -0.00251889   0.0448843    0.344103
-0.00251889    0.076326   0.0271093  -0.0196318
  0.0448843   0.0271093   0.0698577  0.00251889
   0.344103  -0.0196318  0.00251889    0.416559
IMAGINARY
          0  0.00670588 -0.00680635 -0.00882532
-0.00670588           0   0.0164011  -0.0147623
 0.00680635  -0.0164011           0   0.0227059
 0.00882532   0.0147623  -0.0227059           0
EndNode2[0]<--->HoM1[0]
REAL
  0.388451 0.00177632 -0.0168509   0.333498
0.00177632  0.0669291  0.0204898  0.0162374
-0.0168509  0.0204898  0.0695538 -0.0109788
  0.333498  0.0162374 -0.0109788   0.475066
IMAGINARY
         0 -0.0189262  0.0287647 -0.0121072
 0.0189262          0 -0.0444718  0.0254358
-0.0287647  0.0444718          0 -0.0244342
 0.0121072 -0.0254358  0.0244342          0
Repeater1[0]<--->EndNode1[0]
REAL
   0.437257   0.0448843 -0.00251889    0.344103
  0.0448843   0.0698577   0.0271093  0.00251889
-0.00251889   0.0271093    0.076326  -0.0196318
   0.344103  0.00251889  -0.0196318    0.416559
IMAGINARY
          0 -0.00680635  0.00670588 -0.00882532
 0.00680635           0  -0.0164011   0.0227059
-0.00670588   0.0164011           0  -0.0147623
 0.00882532  -0.0227059   0.0147623           0
Repeater1[0]<--->HoM1[0]
REAL
  0.388451 -0.0168509 0.00177632   0.333498
-0.0168509  0.0695538  0.0204898 -0.0109788
0.00177632  0.0204898  0.0669291  0.0162374
  0.333498 -0.0109788  0.0162374   0.475066
IMAGINARY
         0  0.0287647 -0.0189262 -0.0121072
-0.0287647          0  0.0444718 -0.0244342
 0.0189262 -0.0444718          0  0.0254358
 0.0121072  0.0244342 -0.0254358          0
EndNode1[0]<--->Repeater1[0]
REAL
   0.418514 -0.00012373 -0.00511287    0.348338
-0.00012373    0.083442   0.0196574   0.0044902
-0.00511287   0.0196574   0.0704042  0.00697304
   0.348338   0.0044902  0.00697304     0.42764
IMAGINARY
          0 -0.00671863  0.00118073 -0.00558842
 0.00671863           0 -0.00688041   0.0127787
-0.00118073  0.00688041           0  0.00418056
 0.00558842  -0.0127787 -0.00418056           0
EndNode2[0]<--->HoM1[0]
REAL
    0.450563 -0.000661099   -0.0219992     0.349476
-0.000661099    0.0613267   0.00895349   -0.0185414
  -0.0219992   0.00895349    0.0563204   -0.0167134
    0.349476   -0.0185414   -0.0167134      0.43179
IMAGINARY
          0 -0.00554532  0.00962314  0.00372843
 0.00554532           0 -0.00642385  0.00148797
-0.00962314  0.00642385           0   0.0101205
-0.00372843 -0.00148797  -0.0101205           0
Repeater1[0]<--->EndNode1[0]
REAL
   0.418514 -0.00511287 -0.00012373    0.348338
-0.00511287   0.0704042   0.0196574  0.00697304
-0.00012373   0.0196574    0.083442   0.0044902
   0.348338  0.00697304   0.0044902     0.42764
IMAGINARY
          0  0.00118073 -0.00671863 -0.00558842
-0.00118073           0  0.00688041  0.00418056
 0.00671863 -0.00688041           0   0.0127787
 0.00558842 -0.00418056  -0.0127787           0
Repeater1[0]<--->HoM1[0]
REAL
    0.450563   -0.0219992 -0.000661099     0.349476
  -0.0219992    0.0563204   0.00895349   -0.0167134
-0.000661099   0.00895349    0.0613267   -0.0185414
    0.349476   -0.0167134   -0.0185414      0.43179
IMAGINARY
          0  0.00962314 -0.00554532  0.00372843
-0.00962314           0  0.00642385   0.0101205
 0.00554532 -0.00642385           0  0.00148797
-0.00372843  -0.0101205 -0.00148797           0
EndNode1[0]<--->Repeater1[0]
REAL
   0.427461   0.0168157  0.00835664    0.356417
  0.0168157   0.0621762   0.0235332  0.00401959
 0.00835664   0.0235332   0.0686528 -0.00815231
   0.356417  0.00401959 -0.00815231     0.44171
IMAGINARY
          0 -0.00848635   0.0214951  -0.0157469
 0.00848635           0 -0.00992545  -0.0147566
 -0.0214951  0.00992545           0  0.00713865
  0.0157469   0.0147566 -0.00713865           0
EndNode2[0]<--->HoM1[0]
REAL
   0.445274  0.00509682 0.000920373    0.346495
 0.00509682   0.0733831   0.0393321   0.0148277
0.000920373   0.0393321    0.068408  0.00146486
   0.346495   0.0148277  0.00146486    0.412935
IMAGINARY
          0   0.0098839   0.0102382  -0.0278669
 -0.0098839           0   0.0158349 -0.00748335
 -0.0102382  -0.0158349           0  -0.0153935
  0.0278669  0.00748335   0.0153935           0
Repeater1[0]<--->EndNode1[0]
REAL
   0.427461  0.00835664   0.0168157    0.356417
 0.00835664   0.0686528   0.0235332 -0.00815231
  0.0168157   0.0235332   0.0621762  0.00401959
   0.356417 -0.00815231  0.00401959     0.44171
IMAGINARY
          0   0.0214951 -0.00848635  -0.0157469
 -0.0214951           0  0.00992545  0.00713865
 0.00848635 -0.00992545           0  -0.0147566
  0.0157469 -0.00713865   0.0147566           0
Repeater1[0]<--->HoM1[0]
REAL
   0.445274 0.000920373  0.00509682    0.346495
0.000920373    0.068408   0.0393321  0.00146486
 0.00509682   0.0393321   0.0733831   0.0148277
   0.346495  0.00146486   0.0148277    0.412935
IMAGINARY
          0   0.0102382   0.0098839  -0.0278669
 -0.0102382           0  -0.0158349  -0.0153935
 -0.0098839   0.0158349           0 -0.00748335
  0.0278669   0.0153935  0.00748335           0
EndNode1[0]<--->Repeater1[0]
REAL
   0.447837  -0.0107042 -0.00680287    0.348213
 -0.0107042   0.0458015   0.0321815 -0.00614411
-0.00680287   0.0321815   0.0763359  -0.0158063
   0.348213 -0.00614411  -0.0158063    0.430025
IMAGINARY
          0  0.00714868 -0.00605538  0.00816624
-0.00714868           0  0.00418746   0.0119687
 0.00605538 -0.00418746           0  0.00533489
-0.00816624  -0.0119687 -0.00533489           0
EndNode2[0]<--->HoM1[0]
REAL
   0.411141 -0.00708681  0.00546092    0.355719
-0.00708681   0.0755968   0.0347637   0.0199628
 0.00546092   0.0347637   0.0809019    0.029903
   0.355719   0.0199628    0.029903    0.432361
IMAGINARY
           0  4.45652e-05   -0.0101212  -0.00183706
-4.45652e-05            0  -0.00312572    0.0154262
   0.0101212   0.00312572            0  -0.00667586
  0.00183706   -0.0154262   0.00667586            0
Repeater1[0]<--->EndNode1[0]
REAL
   0.447837 -0.00680287  -0.0107042    0.348213
-0.00680287   0.0763359   0.0321815  -0.0158063
 -0.0107042   0.0321815   0.0458015 -0.00614411
   0.348213  -0.0158063 -0.00614411    0.430025
IMAGINARY
          0 -0.00605538  0.00714868  0.00816624
 0.00605538           0 -0.00418746  0.00533489
-0.00714868  0.00418746           0   0.0119687
-0.00816624 -0.00533489  -0.0119687           0
Repeater1[0]<--->HoM1[0]
REAL
   0.411141  0.00546092 -0.00708681    0.355719
 0.00546092   0.0809019   0.0347637    0.029903
-0.00708681   0.0347637   0.0755968   0.0199628
   0.355719    0.029903   0.0199628    0.432361
IMAGINARY
           0   -0.0101212  4.45652e-05  -0.00183706
   0.0101212            0   0.00312572  -0.00667586
-4.45652e-05  -0.00312572            0    0.0154262
  0.00183706   0.00667586   -0.0154262            0
EndNode1[0]<--->Repeater1[0]
REAL
  0.426923  0.0108483 0.00340851   0.349552
 0.0108483  0.0782051  0.0293886  0.0237037
0.00340851  0.0293886  0.0692308  0.0263522
  0.349552  0.0237037  0.0263522   0.425641
IMAGINARY
           0  -0.00773995  0.000161173   -0.0015741
  0.00773995            0   -0.0163746  -0.00833556
-0.000161173    0.0163746            0   0.00501515
   0.0015741   0.00833556  -0.00501515            0
EndNode2[0]<--->HoM1[0]
REAL
   0.441176 -0.00857675  -0.0134381    0.352216
-0.00857675   0.0549872    0.029207 -0.00566603
 -0.0134381    0.029207   0.0716113  -0.0105273
   0.352216 -0.00566603  -0.0105273    0.432225
IMAGINARY
           0 -0.000378284  -0.00470757   0.00336386
 0.000378284            0    -0.025432   0.00281123
  0.00470757     0.025432            0   0.00480306
 -0.00336386  -0.00281123  -0.00480306            0
Repeater1[0]<--->EndNode1[0]
REAL
  0.426923 0.00340851  0.0108483   0.349552
0.00340851  0.0692308  0.0293886  0.0263522
 0.0108483  0.0293886  0.0782051  0.0237037
  0.349552  0.0263522  0.0237037   0.425641
IMAGINARY
           0  0.000161173  -0.00773995   -0.0015741
-0.000161173            0    0.0163746   0.00501515
  0.00773995   -0.0163746            0  -0.00833556
   0.0015741  -0.00501515   0.00833556            0
Repeater1[0]<--->HoM1[0]
REAL
   0.441176  -0.0134381 -0.00857675    0.352216
 -0.0134381   0.0716113    0.029207  -0.0105273
-0.00857675    0.029207   0.0549872 -0.00566603
   0.352216  -0.0105273 -0.00566603    0.432225
IMAGINARY
           0  -0.00470757 -0.000378284   0.00336386
  0.00470757            0     0.025432   0.00480306
 0.000378284    -0.025432            0   0.00281123
 -0.00336386  -0.00480306  -0.00281123            0
EndNode1[0]<--->Repeater1[0]
REAL
  0.412929  0.0221604 0.00779167   0.346064
 0.0221604  0.0751979  0.0399952   0.021699
0.00779167  0.0399952  0.0738786 0.00598969
  0.346064   0.021699 0.00598969   0.437995
IMAGINARY
          0  0.00718811  -0.0103471  0.00346832
-0.00718811           0 -0.00286079  -0.0133996
  0.0103471  0.00286079           0  0.00204672
-0.00346832   0.0133996 -0.00204672           0
EndNode2[0]<--->HoM1[0]
REAL
  0.410256  0.0123216 -0.0137247   0.323516
 0.0123216  0.0688259  0.0297659 0.00535923
-0.0137247  0.0297659   0.074224 -0.0181131
  0.323516 0.00535923 -0.0181131   0.446694
IMAGINARY
          0 -0.00515773   0.0037492 -0.00708301
 0.00515773           0 -0.00968718  -0.0224992
 -0.0037492  0.00968718           0   0.0226577
 0.00708301   0.0224992  -0.0226577           0
Repeater1[0]<--->EndNode1[0]
REAL
  0.412929 0.00779167  0.0221604   0.346064
0.00779167  0.0738786  0.0399952 0.00598969
 0.0221604  0.0399952  0.0751979   0.021699
  0.346064 0.00598969   0.021699   0.437995
IMAGINARY
          0  -0.0103471  0.00718811  0.00346832
  0.0103471           0  0.00286079  0.00204672
-0.00718811 -0.00286079           0  -0.0133996
-0.00346832 -0.00204672   0.0133996           0
Repeater1[0]<--->HoM1[0]
REAL
  0.410256 -0.0137247  0.0123216   0.323516
-0.0137247   0.074224  0.0297659 -0.0181131
 0.0123216  0.0297659  0.0688259 0.00535923
  0.323516 -0.0181131 0.00535923   0.446694
IMAGINARY
          0   0.0037492 -0.00515773 -0.00708301
 -0.0037492           0  0.00968718   0.0226577
 0.00515773 -0.00968718           0  -0.0224992
 0.00708301  -0.0226577   0.0224992           0
EndNode1[0]<--->Repeater1[0]
REAL
   0.440268     0.02435   0.0274381    0.338518
    0.02435   0.0711409   0.0436116  -0.0115953
  0.0274381   0.0436116   0.0791946 -0.00217004
   0.338518  -0.0115953 -0.00217004    0.409396
IMAGINARY
          0 -0.00640839  -0.0203111  -0.0157467
 0.00640839           0  0.00973871   0.0028848
  0.0203111 -0.00973871           0   0.0144513
  0.0157467  -0.0028848  -0.0144513           0
EndNode2[0]<--->HoM1[0]
REAL
   0.422481 -0.00163906   0.0100461    0.353784
-0.00163906   0.0749354   0.0326893  0.00806983
  0.0100461   0.0326893   0.0775194   0.0221705
   0.353784  0.00806983   0.0221705    0.425065
IMAGINARY
          0  -0.0348671   0.0173072 -0.00671957
  0.0348671           0  -0.0206436  0.00605724
 -0.0173072   0.0206436           0  0.00616213
 0.00671957 -0.00605724 -0.00616213           0
Repeater1[0]<--->EndNode1[0]
REAL
   0.440268   0.0274381     0.02435    0.338518
  0.0274381   0.0791946   0.0436116 -0.00217004
    0.02435   0.0436116   0.0711409  -0.0115953
   0.338518 -0.00217004  -0.0115953    0.409396
IMAGINARY
          0  -0.0203111 -0.00640839  -0.0157467
  0.0203111           0 -0.00973871   0.0144513
 0.00640839  0.00973871           0   0.0028848
  0.0157467  -0.0144513  -0.0028848           0
Repeater1[0]<--->HoM1[0]
REAL
   0.422481   0.0100461 -0.00163906    0.353784
  0.0100461   0.0775194   0.0326893   0.0221705
-0.00163906   0.0326893   0.0749354  0.00806983
   0.353784   0.0221705  0.00806983    0.425065
IMAGINARY
          0   0.0173072  -0.0348671 -0.00671957
 -0.0173072           0   0.0206436  0.00616213
  0.0348671  -0.0206436           0  0.00605724
 0.00671957 -0.00616213 -0.00605724           0
EndNode1[0]<--->Repeater1[0]
REAL
   0.437103  -0.0223203 -0.00416382    0.342835
 -0.0223203   0.0876747   0.0251136 -0.00352849
-0.00416382   0.0251136    0.064803   0.0133459
   0.342835 -0.00352849   0.0133459    0.410419
IMAGINARY
           0    0.0150563    0.0133266    0.0173257
  -0.0150563            0   0.00367164 -0.000668342
  -0.0133266  -0.00367164            0   -0.0201196
  -0.0173257  0.000668342    0.0201196            0
EndNode2[0]<--->HoM1[0]
REAL
  0.413333  0.0109312 0.00741071   0.365391
 0.0109312  0.0824242  0.0233543 0.00487907
0.00741071  0.0233543  0.0739394 -0.0141653
  0.365391 0.00487907 -0.0141653   0.430303
IMAGINARY
          0   0.0264603  -0.0111909  -0.0168075
 -0.0264603           0 -0.00544384 -0.00316946
  0.0111909  0.00544384           0  -0.0107946
  0.0168075  0.00316946   0.0107946           0
Repeater1[0]<--->EndNode1[0]
REAL
   0.437103 -0.00416382  -0.0223203    0.342835
-0.00416382    0.064803   0.0251136   0.0133459
 -0.0223203   0.0251136   0.0876747 -0.00352849
   0.342835   0.0133459 -0.00352849    0.410419
IMAGINARY
           0    0.0133266    0.0150563    0.0173257
  -0.0133266            0  -0.00367164   -0.0201196
  -0.0150563   0.00367164            0 -0.000668342
  -0.0173257    0.0201196  0.000668342            0
Repeater1[0]<--->HoM1[0]
REAL
  0.413333 0.00741071  0.0109312   0.365391
0.00741071  0.0739394  0.0233543 -0.0141653
 0.0109312  0.0233543  0.0824242 0.00487907
  0.365391 -0.0141653 0.00487907   0.430303
IMAGINARY
          0  -0.0111909   0.0264603  -0.0168075
  0.0111909           0  0.00544384  -0.0107946
 -0.0264603 -0.00544384           0 -0.00316946
  0.0168075   0.0107946  0.00316946           0
EndNode1[0]<--->Repeater1[0]
REAL
   0.439948 -0.00163562   0.0038974    0.346596
-0.00163562   0.0548303   0.0126143  0.00136576
  0.0038974   0.0126143   0.0665796   0.0134777
   0.346596  0.00136576   0.0134777    0.438642
IMAGINARY
           0   -0.0136598    0.0109998    0.0068547
   0.0136598            0 -0.000116152   0.00780695
  -0.0109998  0.000116152            0   -0.0155231
  -0.0068547  -0.00780695    0.0155231            0
EndNode2[0]<--->HoM1[0]
REAL
   0.475655 -0.00512996  0.00723931    0.334086
-0.00512996   0.0561798   0.0592106 -0.00108336
 0.00723931   0.0592106   0.0811486 -0.00512996
   0.334086 -0.00108336 -0.00512996    0.387016
IMAGINARY
          0 -0.00192221   0.0125134   0.0214583
 0.00192221           0  -0.0202083 -0.00753831
 -0.0125134   0.0202083           0  0.00565355
 -0.0214583  0.00753831 -0.00565355           0
Repeater1[0]<--->EndNode1[0]
REAL
   0.439948   0.0038974 -0.00163562    0.346596
  0.0038974   0.0665796   0.0126143   0.0134777
-0.00163562   0.0126143   0.0548303  0.00136576
   0.346596   0.0134777  0.00136576    0.438642
IMAGINARY
           0    0.0109998   -0.0136598    0.0068547
  -0.0109998            0  0.000116152   -0.0155231
   0.0136598 -0.000116152            0   0.00780695
  -0.0068547    0.0155231  -0.00780695            0
Repeater1[0]<--->HoM1[0]
REAL
   0.475655  0.00723931 -0.00512996    0.334086
 0.00723931   0.0811486   0.0592106 -0.00512996
-0.00512996   0.0592106   0.0561798 -0.00108336
   0.334086 -0.00512996 -0.00108336    0.387016
IMAGINARY
          0   0.0125134 -0.00192221   0.0214583
 -0.0125134           0   0.0202083  0.00565355
 0.00192221  -0.0202083           0 -0.00753831
 -0.0214583 -0.00565355  0.00753831           0
EndNode1[0]<--->Repeater1[0]
REAL
  0.434615  0.0187817 0.00550277   0.346827
 0.0187817  0.0628205  0.0291124 0.00201602
0.00550277  0.0291124  0.0717949 0.00252155
  0.346827 0.00201602 0.00252155   0.430769
IMAGINARY
          0 -0.00586205   0.0210172  0.00136091
 0.00586205           0   0.0150425  -0.0139569
 -0.0210172  -0.0150425           0    -0.01917
-0.00136091   0.0139569     0.01917           0
EndNode2[0]<--->HoM1[0]
REAL
    0.43401  -0.0050908 -0.00984086    0.342573
 -0.0050908   0.0672589   0.0309602 -0.00384884
-0.00984086   0.0309602   0.0685279  -0.0307632
   0.342573 -0.00384884  -0.0307632    0.430203
IMAGINARY
           0   -0.0115958 -0.000633567   -0.0130596
   0.0115958            0  -0.00449568   0.00385937
 0.000633567   0.00449568            0     0.016112
   0.0130596  -0.00385937    -0.016112            0
Repeater1[0]<--->EndNode1[0]
REAL
  0.434615 0.00550277  0.0187817   0.346827
0.00550277  0.0717949  0.0291124 0.00252155
 0.0187817  0.0291124  0.0628205 0.00201602
  0.346827 0.00252155 0.00201602   0.430769
IMAGINARY
          0   0.0210172 -0.00586205  0.00136091
 -0.0210172           0  -0.0150425    -0.01917
 0.00586205   0.0150425           0  -0.0139569
-0.00136091     0.01917   0.0139569           0
Repeater1[0]<--->HoM1[0]
REAL
    0.43401 -0.00984086  -0.0050908    0.342573
-0.00984086   0.0685279   0.0309602  -0.0307632
 -0.0050908   0.0309602   0.0672589 -0.00384884
   0.342573  -0.0307632 -0.00384884    0.430203
IMAGINARY
           0 -0.000633567   -0.0115958   -0.0130596
 0.000633567            0   0.00449568     0.016112
   0.0115958  -0.00449568            0   0.00385937
   0.0130596    -0.016112  -0.00385937            0
EndNode1[0]<--->Repeater1[0]
REAL
  0.413613 0.00549859 -0.0172828   0.345089
0.00549859  0.0680628  0.0263056 0.00526359
-0.0172828  0.0263056  0.0837696 -0.0115082
  0.345089 0.00526359 -0.0115082   0.434555
IMAGINARY
           0   -0.0192593    0.0103165   0.00587467
   0.0192593            0  0.000652742   0.00158829
  -0.0103165 -0.000652742            0  0.000740741
 -0.00587467  -0.00158829 -0.000740741            0
EndNode2[0]<--->HoM1[0]
REAL
   0.436658   0.0186693  -0.0149662    0.335393
  0.0186693   0.0606469   0.0376835  0.00983799
 -0.0149662   0.0376835   0.0633423 -0.00200258
   0.335393  0.00983799 -0.00200258    0.439353
IMAGINARY
          0 -0.00550955  0.00731271 -0.00118687
 0.00550955           0  -0.0138131   0.0066822
-0.00731271   0.0138131           0  0.00296502
 0.00118687  -0.0066822 -0.00296502           0
Repeater1[0]<--->EndNode1[0]
REAL
  0.413613 -0.0172828 0.00549859   0.345089
-0.0172828  0.0837696  0.0263056 -0.0115082
0.00549859  0.0263056  0.0680628 0.00526359
  0.345089 -0.0115082 0.00526359   0.434555
IMAGINARY
           0    0.0103165   -0.0192593   0.00587467
  -0.0103165            0 -0.000652742  0.000740741
   0.0192593  0.000652742            0   0.00158829
 -0.00587467 -0.000740741  -0.00158829            0
Repeater1[0]<--->HoM1[0]
REAL
   0.436658  -0.0149662   0.0186693    0.335393
 -0.0149662   0.0633423   0.0376835 -0.00200258
  0.0186693   0.0376835   0.0606469  0.00983799
   0.335393 -0.00200258  0.00983799    0.439353
IMAGINARY
          0  0.00731271 -0.00550955 -0.00118687
-0.00731271           0   0.0138131  0.00296502
 0.00550955  -0.0138131           0   0.0066822
 0.00118687 -0.00296502  -0.0066822           0
EndNode1[0]<--->Repeater1[0]
REAL
   0.440945 8.52515e-05  -0.0160815    0.338653
8.52515e-05   0.0603675   0.0283548   -0.031233
 -0.0160815   0.0283548   0.0813648  -0.0371697
   0.338653   -0.031233  -0.0371697    0.417323
IMAGINARY
          0   0.0190887  0.00708052 -0.00340781
 -0.0190887           0  0.00153046   0.0051146
-0.00708052 -0.00153046           0 -0.00689357
 0.00340781  -0.0051146  0.00689357           0
EndNode2[0]<--->HoM1[0]
REAL
  0.441574 -0.0083736  0.0164344   0.350097
-0.0083736  0.0738007  0.0442224 -0.0131319
 0.0164344  0.0442224  0.0479705 0.00110807
  0.350097 -0.0131319 0.00110807   0.436654
IMAGINARY
           0  -0.00986327   0.00128044   -0.0071143
  0.00986327            0  -0.00776281  0.000635274
 -0.00128044   0.00776281            0   -0.0175952
   0.0071143 -0.000635274    0.0175952            0
Repeater1[0]<--->EndNode1[0]
REAL
   0.440945  -0.0160815 8.52515e-05    0.338653
 -0.0160815   0.0813648   0.0283548  -0.0371697
8.52515e-05   0.0283548   0.0603675   -0.031233
   0.338653  -0.0371697   -0.031233    0.417323
IMAGINARY
          0  0.00708052   0.0190887 -0.00340781
-0.00708052           0 -0.00153046 -0.00689357
 -0.0190887  0.00153046           0   0.0051146
 0.00340781  0.00689357  -0.0051146           0
Repeater1[0]<--->HoM1[0]
REAL
  0.441574  0.0164344 -0.0083736   0.350097
 0.0164344  0.0479705  0.0442224 0.00110807
-0.0083736  0.0442224  0.0738007 -0.0131319
  0.350097 0.00110807 -0.0131319   0.436654
IMAGINARY
           0   0.00128044  -0.00986327   -0.0071143
 -0.00128044            0   0.00776281   -0.0175952
  0.00986327  -0.00776281            0  0.000635274
   0.0071143    0.0175952 -0.000635274            0
EndNode1[0]<--->Repeater1[0]
REAL
    0.444162   0.00455596 -0.000591373     0.336515
  0.00455596     0.071066    0.0384852  -0.00578618
-0.000591373    0.0384852    0.0520305   -0.0109335
    0.336515  -0.00578618   -0.0109335     0.432741
IMAGINARY
          0   0.0141178  0.00218286   0.0111549
 -0.0141178           0  -0.0282152  0.00151172
-0.00218286   0.0282152           0 -0.00796014
 -0.0111549 -0.00151172  0.00796014           0
EndNode2[0]<--->HoM1[0]
REAL
   0.461538 -0.00485577 0.000359223    0.340283
-0.00485577   0.0607287   0.0321354  -0.0119024
0.000359223   0.0321354   0.0553306  -0.0054723
   0.340283  -0.0119024  -0.0054723    0.422402
IMAGINARY
           0   -0.0105885    0.0168394  4.40812e-05
   0.0105885            0   -0.0169272   0.00878483
  -0.0168394    0.0169272            0   -0.0150357
-4.40812e-05  -0.00878483    0.0150357            0
Repeater1[0]<--->EndNode1[0]
REAL
    0.444162 -0.000591373   0.00455596     0.336515
-0.000591373    0.0520305    0.0384852   -0.0109335
  0.00455596    0.0384852     0.071066  -0.00578618
    0.336515   -0.0109335  -0.00578618     0.432741
IMAGINARY
          0  0.00218286   0.0141178   0.0111549
-0.00218286           0   0.0282152 -0.00796014
 -0.0141178  -0.0282152           0  0.00151172
 -0.0111549  0.00796014 -0.00151172           0
Repeater1[0]<--->HoM1[0]
REAL
   0.461538 0.000359223 -0.00485577    0.340283
0.000359223   0.0553306   0.0321354  -0.0054723
-0.00485577   0.0321354   0.0607287  -0.0119024
   0.340283  -0.0054723  -0.0119024    0.422402
IMAGINARY
           0    0.0168394   -0.0105885  4.40812e-05
  -0.0168394            0    0.0169272   -0.0150357
   0.0105885   -0.0169272            0   0.00878483
-4.40812e-05    0.0150357  -0.00878483            0
EndNode1[0]<--->Repeater1[0]
REAL
  0.446072 -0.0081578 0.00526144   0.343855
-0.0081578  0.0719041    0.02206 -0.0152865
0.00526144    0.02206  0.0719041 -0.0106392
  0.343855 -0.0152865 -0.0106392    0.41012
IMAGINARY
           0  6.36132e-05 -0.000309789   -0.0253628
-6.36132e-05            0     0.016128  0.000309789
 0.000309789    -0.016128            0    0.0166031
   0.0253628 -0.000309789   -0.0166031            0
EndNode2[0]<--->HoM1[0]
REAL
   0.438083 -0.00679326 -0.00952594    0.333001
-0.00679326   0.0758988   0.0296151  -0.0043446
-0.00952594   0.0296151   0.0758988 -0.00179326
   0.333001  -0.0043446 -0.00179326     0.41012
IMAGINARY
         0  0.0208772   -0.01855  0.0153086
-0.0208772          0  0.0128516 -0.0257208
   0.01855 -0.0128516          0  0.0377166
-0.0153086  0.0257208 -0.0377166          0
Repeater1[0]<--->EndNode1[0]
REAL
  0.446072 0.00526144 -0.0081578   0.343855
0.00526144  0.0719041    0.02206 -0.0106392
-0.0081578    0.02206  0.0719041 -0.0152865
  0.343855 -0.0106392 -0.0152865    0.41012
IMAGINARY
           0 -0.000309789  6.36132e-05   -0.0253628
 0.000309789            0    -0.016128    0.0166031
-6.36132e-05     0.016128            0  0.000309789
   0.0253628   -0.0166031 -0.000309789            0
Repeater1[0]<--->HoM1[0]
REAL
   0.438083 -0.00952594 -0.00679326    0.333001
-0.00952594   0.0758988   0.0296151 -0.00179326
-0.00679326   0.0296151   0.0758988  -0.0043446
   0.333001 -0.00179326  -0.0043446     0.41012
IMAGINARY
         0   -0.01855  0.0208772  0.0153086
   0.01855          0 -0.0128516  0.0377166
-0.0208772  0.0128516          0 -0.0257208
-0.0153086 -0.0377166  0.0257208          0
EndNode1[0]<--->Repeater1[0]
REAL
   0.420051  0.00190789 -0.00644052    0.332751
 0.00190789   0.0558376   0.0322491   0.0214405
-0.00644052   0.0322491   0.0786802 0.000592105
   0.332751   0.0214405 0.000592105    0.445431
IMAGINARY
          0  -0.0142358  0.00375698  -0.0190364
  0.0142358           0   0.0113869  0.00565331
-0.00375698  -0.0113869           0 -0.00144805
  0.0190364 -0.00565331  0.00144805           0
EndNode2[0]<--->HoM1[0]
REAL
   0.461731  -0.0161176 -0.00855388    0.342177
 -0.0161176   0.0539523   0.0424386 -0.00603498
-0.00855388   0.0424386   0.0602258  0.00550754
   0.342177 -0.00603498  0.00550754     0.42409
IMAGINARY
          0  0.00649725   0.0052046 -0.00390174
-0.00649725           0   0.0134316   0.0170467
 -0.0052046  -0.0134316           0  -0.0169685
 0.00390174  -0.0170467   0.0169685           0
Repeater1[0]<--->EndNode1[0]
REAL
   0.420051 -0.00644052  0.00190789    0.332751
-0.00644052   0.0786802   0.0322491 0.000592105
 0.00190789   0.0322491   0.0558376   0.0214405
   0.332751 0.000592105   0.0214405    0.445431
IMAGINARY
          0  0.00375698  -0.0142358  -0.0190364
-0.00375698           0  -0.0113869 -0.00144805
  0.0142358   0.0113869           0  0.00565331
  0.0190364  0.00144805 -0.00565331           0
Repeater1[0]<--->HoM1[0]
REAL
   0.461731 -0.00855388  -0.0161176    0.342177
-0.00855388   0.0602258   0.0424386  0.00550754
 -0.0161176   0.0424386   0.0539523 -0.00603498
   0.342177  0.00550754 -0.00603498     0.42409
IMAGINARY
          0   0.0052046  0.00649725 -0.00390174
 -0.0052046           0  -0.0134316  -0.0169685
-0.00649725   0.0134316           0   0.0170467
 0.00390174   0.0169685  -0.0170467           0
EndNode1[0]<--->Repeater1[0]
REAL
   0.453283 -0.00698435  -0.0159061    0.328382
-0.00698435   0.0618687   0.0344119 -0.00201724
 -0.0159061   0.0344119   0.0656566 -0.00228636
   0.328382 -0.00201724 -0.00228636    0.419192
IMAGINARY
           0  -0.00556663  -0.00794735 -8.60599e-05
  0.00556663            0    0.0144894   0.00292222
  0.00794735   -0.0144894            0   0.00305406
 8.60599e-05  -0.00292222  -0.00305406            0
EndNode2[0]<--->HoM1[0]
REAL
   0.414634  -0.0159892 -0.00908479    0.352653
 -0.0159892   0.0757381   0.0394235  0.00908479
-0.00908479   0.0394235   0.0731707   0.0146231
   0.352653  0.00908479   0.0146231    0.436457
IMAGINARY
           0  0.000534212  0.000996271  -0.00613815
-0.000534212            0  -0.00927492   0.00224627
-0.000996271   0.00927492            0   -0.0141529
  0.00613815  -0.00224627    0.0141529            0
Repeater1[0]<--->EndNode1[0]
REAL
   0.453283  -0.0159061 -0.00698435    0.328382
 -0.0159061   0.0656566   0.0344119 -0.00228636
-0.00698435   0.0344119   0.0618687 -0.00201724
   0.328382 -0.00228636 -0.00201724    0.419192
IMAGINARY
           0  -0.00794735  -0.00556663 -8.60599e-05
  0.00794735            0   -0.0144894   0.00305406
  0.00556663    0.0144894            0   0.00292222
 8.60599e-05  -0.00305406  -0.00292222            0
Repeater1[0]<--->HoM1[0]
REAL
   0.414634 -0.00908479  -0.0159892    0.352653
-0.00908479   0.0731707   0.0394235   0.0146231
 -0.0159892   0.0394235   0.0757381  0.00908479
   0.352653   0.0146231  0.00908479    0.436457
IMAGINARY
           0  0.000996271  0.000534212  -0.00613815
-0.000996271            0   0.00927492   -0.0141529
-0.000534212  -0.00927492            0   0.00224627
  0.00613815    0.0141529  -0.00224627            0
EndNode1[0]<--->Repeater1[0]
REAL
   0.445545 -0.00488833  0.00458886    0.350296
-0.00488833   0.0705446   0.0271488 -0.00524076
 0.00458886   0.0271488   0.0693069 -0.00358625
   0.350296 -0.00524076 -0.00358625    0.414604
IMAGINARY
          0   0.0251966  -0.0216492  -0.0140133
 -0.0251966           0  0.00241241  0.00799509
  0.0216492 -0.00241241           0 -0.00374015
  0.0140133 -0.00799509  0.00374015           0
EndNode2[0]<--->HoM1[0]
REAL
    0.44757  -0.0127801  0.00418738    0.344501
 -0.0127801   0.0511509   0.0400097 -0.00826347
 0.00418738   0.0400097    0.056266   0.0154975
   0.344501 -0.00826347   0.0154975    0.445013
IMAGINARY
          0  0.00555495   -0.014484   0.0088182
-0.00555495           0  0.00269075  0.00986053
   0.014484 -0.00269075           0   0.0202046
 -0.0088182 -0.00986053  -0.0202046           0
Repeater1[0]<--->EndNode1[0]
REAL
   0.445545  0.00458886 -0.00488833    0.350296
 0.00458886   0.0693069   0.0271488 -0.00358625
-0.00488833   0.0271488   0.0705446 -0.00524076
   0.350296 -0.00358625 -0.00524076    0.414604
IMAGINARY
          0  -0.0216492   0.0251966  -0.0140133
  0.0216492           0 -0.00241241 -0.00374015
 -0.0251966  0.00241241           0  0.00799509
  0.0140133  0.00374015 -0.00799509           0
Repeater1[0]<--->HoM1[0]
REAL
    0.44757  0.00418738  -0.0127801    0.344501
 0.00418738    0.056266   0.0400097   0.0154975
 -0.0127801   0.0400097   0.0511509 -0.00826347
   0.344501   0.0154975 -0.00826347    0.445013
IMAGINARY
          0   -0.014484  0.00555495   0.0088182
   0.014484           0 -0.00269075   0.0202046
-0.00555495  0.00269075           0  0.00986053
 -0.0088182  -0.0202046 -0.00986053           0
EndNode1[0]<--->Repeater1[0]
REAL
   0.429306   0.0135713 0.000677695    0.353687
  0.0135713   0.0706941    0.030667 -0.00816069
0.000677695    0.030667   0.0771208  -0.0115305
   0.353687 -0.00816069  -0.0115305    0.422879
IMAGINARY
          0   0.0140769  -0.0151196 -0.00850772
 -0.0140769           0    -0.02658  -0.0182962
  0.0151196     0.02658           0   0.0106756
 0.00850772   0.0182962  -0.0106756           0
EndNode2[0]<--->HoM1[0]
REAL
   0.450461  0.00433757  0.00771301    0.354267
 0.00433757   0.0633641   0.0347673 -0.00249107
 0.00771301   0.0347673   0.0576037   0.0204666
   0.354267 -0.00249107   0.0204666    0.428571
IMAGINARY
          0 -0.00690371 -0.00781878  0.00171759
 0.00690371           0  -0.0163064 -0.00469769
 0.00781878   0.0163064           0  -0.0082478
-0.00171759  0.00469769   0.0082478           0
Repeater1[0]<--->EndNode1[0]
REAL
   0.429306 0.000677695   0.0135713    0.353687
0.000677695   0.0771208    0.030667  -0.0115305
  0.0135713    0.030667   0.0706941 -0.00816069
   0.353687  -0.0115305 -0.00816069    0.422879
IMAGINARY
          0  -0.0151196   0.0140769 -0.00850772
  0.0151196           0     0.02658   0.0106756
 -0.0140769    -0.02658           0  -0.0182962
 0.00850772  -0.0106756   0.0182962           0
Repeater1[0]<--->HoM1[0]
REAL
   0.450461  0.00771301  0.00433757    0.354267
 0.00771301   0.0576037   0.0347673   0.0204666
 0.00433757   0.0347673   0.0633641 -0.00249107
   0.354267   0.0204666 -0.00249107    0.428571
IMAGINARY
          0 -0.00781878 -0.00690371  0.00171759
 0.00781878           0   0.0163064  -0.0082478
 0.00690371  -0.0163064           0 -0.00469769
-0.00171759   0.0082478  0.00469769           0
EndNode1[0]<--->Repeater1[0]
REAL
   0.431298   -0.016821 -0.00772019    0.340895
  -0.016821   0.0699746   0.0280613  -0.0139083
-0.00772019   0.0280613   0.0597964 -0.00862429
   0.340895  -0.0139083 -0.00862429    0.438931
IMAGINARY
          0  0.00705311   0.0214164   0.0121761
-0.00705311           0   0.0223283   0.0120061
 -0.0214164  -0.0223283           0  -0.0378018
 -0.0121761  -0.0120061   0.0378018           0
EndNode2[0]<--->HoM1[0]
REAL
  0.428005 -0.0155369 -0.0104776   0.323659
-0.0155369  0.0700132  0.0432616   0.007309
-0.0104776  0.0432616  0.0792602  0.0237752
  0.323659   0.007309  0.0237752   0.422721
IMAGINARY
