EndNode1[0]<--->Repeater1[0]
REAL
  0.345543  0.0160987 0.00802473   0.181887
 0.0160987   0.180708  0.0625844 -0.0215382
0.00802473  0.0625844   0.173382 -0.0124132
  0.181887 -0.0215382 -0.0124132   0.300366
IMAGINARY
           0 -0.000307594  -0.00122363   -0.0266768
 0.000307594            0    0.0058435     0.010607
  0.00122363   -0.0058435            0   0.00164808
   0.0266768    -0.010607  -0.00164808            0
EndNode2[0]<--->HoM1[0]
REAL
  0.344504 0.00570963  0.0174564   0.168286
0.00570963   0.178284  0.0553823 0.00422887
 0.0174564  0.0553823   0.159517 0.00234489
  0.168286 0.00422887 0.00234489   0.317694
IMAGINARY
           0   -0.0147134  -0.00156892  0.000933953
   0.0147134            0   -0.0103442   0.00901309
  0.00156892    0.0103442            0 -0.000174889
-0.000933953  -0.00901309  0.000174889            0
Repeater1[0]<--->EndNode1[0]
REAL
  0.345543 0.00802473  0.0160987   0.181887
0.00802473   0.173382  0.0625844 -0.0124132
 0.0160987  0.0625844   0.180708 -0.0215382
  0.181887 -0.0124132 -0.0215382   0.300366
IMAGINARY
           0  -0.00122363 -0.000307594   -0.0266768
  0.00122363            0   -0.0058435   0.00164808
 0.000307594    0.0058435            0     0.010607
   0.0266768  -0.00164808    -0.010607            0
Repeater1[0]<--->HoM1[0]
REAL
  0.344504  0.0174564 0.00570963   0.168286
 0.0174564   0.159517  0.0553823 0.00234489
0.00570963  0.0553823   0.178284 0.00422887
  0.168286 0.00234489 0.00422887   0.317694
IMAGINARY
           0  -0.00156892   -0.0147134  0.000933953
  0.00156892            0    0.0103442 -0.000174889
   0.0147134   -0.0103442            0   0.00901309
-0.000933953  0.000174889  -0.00901309            0
EndNode1[0]<--->Repeater1[0]
REAL
   0.348958  0.00757774  -0.0127038    0.186096
 0.00757774    0.178385   0.0655378   0.0185861
 -0.0127038   0.0655378    0.161458 -0.00692415
   0.186096   0.0185861 -0.00692415    0.311198
IMAGINARY
          0  -0.0116054 -0.00922958  -0.0288319
  0.0116054           0  -0.0225819   0.0206509
 0.00922958   0.0225819           0  0.00652929
  0.0288319  -0.0206509 -0.00652929           0
EndNode2[0]<--->HoM1[0]
REAL
   0.325224 -0.00367339 -0.00140206    0.210617
-0.00367339    0.167734   0.0487993   -0.008926
-0.00140206   0.0487993    0.171575  0.00792612
   0.210617   -0.008926  0.00792612    0.335467
IMAGINARY
          0  -0.0158656   0.0145807  0.00022455
  0.0158656           0  0.00690904   0.0139041
 -0.0145807 -0.00690904           0  0.00313833
-0.00022455  -0.0139041 -0.00313833           0
Repeater1[0]<--->EndNode1[0]
REAL
   0.348958  -0.0127038  0.00757774    0.186096
 -0.0127038    0.161458   0.0655378 -0.00692415
 0.00757774   0.0655378    0.178385   0.0185861
   0.186096 -0.00692415   0.0185861    0.311198
IMAGINARY
          0 -0.00922958  -0.0116054  -0.0288319
 0.00922958           0   0.0225819  0.00652929
  0.0116054  -0.0225819           0   0.0206509
  0.0288319 -0.00652929  -0.0206509           0
Repeater1[0]<--->HoM1[0]
REAL
   0.325224 -0.00140206 -0.00367339    0.210617
-0.00140206    0.171575   0.0487993  0.00792612
-0.00367339   0.0487993    0.167734   -0.008926
   0.210617  0.00792612   -0.008926    0.335467
IMAGINARY
          0   0.0145807  -0.0158656  0.00022455
 -0.0145807           0 -0.00690904  0.00313833
  0.0158656  0.00690904           0   0.0139041
-0.00022455 -0.00313833  -0.0139041           0
EndNode1[0]<--->Repeater1[0]
REAL
    0.356307   0.00639819 -0.000704751     0.196306
  0.00639819     0.209363    0.0469199   -0.0167146
-0.000704751    0.0469199     0.156047  -0.00188206
    0.196306   -0.0167146  -0.00188206     0.278283
IMAGINARY
          0   0.0161984  -0.0215403   0.0272158
 -0.0161984           0 -0.00419785 -0.00642695
  0.0215403  0.00419785           0  -0.0168805
 -0.0272158  0.00642695   0.0168805           0
EndNode2[0]<--->HoM1[0]
REAL
   0.345013   0.0047056  -0.0111288    0.211533
  0.0047056     0.17655   0.0470422 -0.00734089
 -0.0111288   0.0470422    0.152291 -0.00866338
   0.211533 -0.00734089 -0.00866338    0.326146
IMAGINARY
           0  -0.00523692   -0.0108852 -0.000338669
  0.00523692            0   0.00281392   0.00827425
   0.0108852  -0.00281392            0  -0.00651243
 0.000338669  -0.00827425   0.00651243            0
Repeater1[0]<--->EndNode1[0]
REAL
    0.356307 -0.000704751   0.00639819     0.196306
-0.000704751     0.156047    0.0469199  -0.00188206
  0.00639819    0.0469199     0.209363   -0.0167146
    0.196306  -0.00188206   -0.0167146     0.278283
IMAGINARY
          0  -0.0215403   0.0161984   0.0272158
  0.0215403           0  0.00419785  -0.0168805
 -0.0161984 -0.00419785           0 -0.00642695
 -0.0272158   0.0168805  0.00642695           0
Repeater1[0]<--->HoM1[0]
REAL
   0.345013  -0.0111288   0.0047056    0.211533
 -0.0111288    0.152291   0.0470422 -0.00866338
  0.0047056   0.0470422     0.17655 -0.00734089
   0.211533 -0.00866338 -0.00734089    0.326146
IMAGINARY
           0   -0.0108852  -0.00523692 -0.000338669
   0.0108852            0  -0.00281392  -0.00651243
  0.00523692   0.00281392            0   0.00827425
 0.000338669   0.00651243  -0.00827425            0
EndNode1[0]<--->Repeater1[0]
REAL
   0.335467 0.000424522   0.0152249    0.204936
0.000424522    0.176697   0.0395515  0.00747293
  0.0152249   0.0395515    0.140845  0.00541205
   0.204936  0.00747293  0.00541205    0.346991
IMAGINARY
          0   0.0128806  -0.0150767  0.00386257
 -0.0128806           0 -0.00833255   0.0137947
  0.0150767  0.00833255           0  0.00506811
-0.00386257  -0.0137947 -0.00506811           0
EndNode2[0]<--->HoM1[0]
REAL
  0.336228 0.00603615 0.00350829   0.202458
0.00603615   0.163772  0.0638251  0.0175645
0.00350829  0.0638251   0.218362 0.00354239
  0.202458  0.0175645 0.00354239   0.281638
IMAGINARY
          0    0.022433   0.0194881   0.0106969
  -0.022433           0 -0.00584254   0.0127064
 -0.0194881  0.00584254           0  -0.0165197
 -0.0106969  -0.0127064   0.0165197           0
Repeater1[0]<--->EndNode1[0]
REAL
   0.335467   0.0152249 0.000424522    0.204936
  0.0152249    0.140845   0.0395515  0.00541205
0.000424522   0.0395515    0.176697  0.00747293
   0.204936  0.00541205  0.00747293    0.346991
IMAGINARY
          0  -0.0150767   0.0128806  0.00386257
  0.0150767           0  0.00833255  0.00506811
 -0.0128806 -0.00833255           0   0.0137947
-0.00386257 -0.00506811  -0.0137947           0
Repeater1[0]<--->HoM1[0]
REAL
  0.336228 0.00350829 0.00603615   0.202458
0.00350829   0.218362  0.0638251 0.00354239
0.00603615  0.0638251   0.163772  0.0175645
  0.202458 0.00354239  0.0175645   0.281638
IMAGINARY
          0   0.0194881    0.022433   0.0106969
 -0.0194881           0  0.00584254  -0.0165197
  -0.022433 -0.00584254           0   0.0127064
 -0.0106969   0.0165197  -0.0127064           0
EndNode1[0]<--->Repeater1[0]
REAL
  0.343337 0.00117053  0.0132828   0.189673
0.00117053    0.17407  0.0484514    -0.0212
 0.0132828  0.0484514   0.168067  0.0164909
  0.189673    -0.0212  0.0164909   0.314526
IMAGINARY
          0  -0.0073547  -0.0074242  0.00692983
  0.0073547           0  -0.0102676  -0.0205656
  0.0074242   0.0102676           0 -0.00536795
-0.00692983   0.0205656  0.00536795           0
EndNode2[0]<--->HoM1[0]
REAL
   0.346205    0.008383  0.00839612    0.211117
   0.008383     0.17976   0.0556765  -0.0166344
 0.00839612   0.0556765    0.143808 -0.00648186
   0.211117  -0.0166344 -0.00648186    0.330226
IMAGINARY
          0 -0.00750822    0.023291 -0.00280272
 0.00750822           0  -0.0134945  0.00391111
  -0.023291   0.0134945           0  -0.0119218
 0.00280272 -0.00391111   0.0119218           0
Repeater1[0]<--->EndNode1[0]
REAL
  0.343337  0.0132828 0.00117053   0.189673
 0.0132828   0.168067  0.0484514  0.0164909
0.00117053  0.0484514    0.17407    -0.0212
  0.189673  0.0164909    -0.0212   0.314526
IMAGINARY
          0  -0.0074242  -0.0073547  0.00692983
  0.0074242           0   0.0102676 -0.00536795
  0.0073547  -0.0102676           0  -0.0205656
-0.00692983  0.00536795   0.0205656           0
Repeater1[0]<--->HoM1[0]
REAL
   0.346205  0.00839612    0.008383    0.211117
 0.00839612    0.143808   0.0556765 -0.00648186
   0.008383   0.0556765     0.17976  -0.0166344
   0.211117 -0.00648186  -0.0166344    0.330226
IMAGINARY
          0    0.023291 -0.00750822 -0.00280272
  -0.023291           0   0.0134945  -0.0119218
 0.00750822  -0.0134945           0  0.00391111
 0.00280272   0.0119218 -0.00391111           0
EndNode1[0]<--->Repeater1[0]
REAL
   0.318783 -0.00260853  -0.0150989    0.198691
-0.00260853    0.177249   0.0302697 -0.00841599
 -0.0150989   0.0302697    0.165344  0.00508378
   0.198691 -0.00841599  0.00508378    0.338624
IMAGINARY
           0 -0.000857761    0.0194707    0.0166083
 0.000857761            0   -0.0200377    0.0107925
  -0.0194707    0.0200377            0   -0.0109843
  -0.0166083   -0.0107925    0.0109843            0
EndNode2[0]<--->HoM1[0]
REAL
  0.344304  0.0133111 0.00724138   0.221487
 0.0133111   0.189873  0.0260989 0.00724138
0.00724138  0.0260989   0.170886  0.0191026
  0.221487 0.00724138  0.0191026   0.294937
IMAGINARY
          0  -0.0109699  0.00121439   0.0102054
  0.0109699           0  -0.0167328 -0.00728235
-0.00121439   0.0167328           0   -0.001166
 -0.0102054  0.00728235    0.001166           0
Repeater1[0]<--->EndNode1[0]
REAL
   0.318783  -0.0150989 -0.00260853    0.198691
 -0.0150989    0.165344   0.0302697  0.00508378
-0.00260853   0.0302697    0.177249 -0.00841599
   0.198691  0.00508378 -0.00841599    0.338624
IMAGINARY
           0    0.0194707 -0.000857761    0.0166083
  -0.0194707            0    0.0200377   -0.0109843
 0.000857761   -0.0200377            0    0.0107925
  -0.0166083    0.0109843   -0.0107925            0
Repeater1[0]<--->HoM1[0]
REAL
  0.344304 0.00724138  0.0133111   0.221487
0.00724138   0.170886  0.0260989  0.0191026
 0.0133111  0.0260989   0.189873 0.00724138
  0.221487  0.0191026 0.00724138   0.294937
IMAGINARY
          0  0.00121439  -0.0109699   0.0102054
-0.00121439           0   0.0167328   -0.001166
  0.0109699  -0.0167328           0 -0.00728235
 -0.0102054    0.001166  0.00728235           0
EndNode1[0]<--->Repeater1[0]
REAL
   0.361039  -0.0159467  -0.0199188    0.195272
 -0.0159467    0.149351   0.0457879 0.000806591
 -0.0199188   0.0457879    0.161039  -0.0204281
   0.195272 0.000806591  -0.0204281    0.328571
IMAGINARY
           0  -0.00064433  -0.00269542  0.000548797
  0.00064433            0   -0.0076273   0.00269542
  0.00269542    0.0076273            0   -0.0277062
-0.000548797  -0.00269542    0.0277062            0
EndNode2[0]<--->HoM1[0]
REAL
   0.325729   0.0101342 -0.00163828     0.19127
  0.0101342     0.17744   0.0414549 0.000986391
-0.00163828   0.0414549    0.174905 0.000947893
    0.19127 0.000986391 0.000947893    0.321926
IMAGINARY
          0 -0.00614672 -0.00154131  0.00739447
 0.00614672           0  0.00160296 -0.00154131
 0.00154131 -0.00160296           0  0.00429715
-0.00739447  0.00154131 -0.00429715           0
Repeater1[0]<--->EndNode1[0]
REAL
   0.361039  -0.0199188  -0.0159467    0.195272
 -0.0199188    0.161039   0.0457879  -0.0204281
 -0.0159467   0.0457879    0.149351 0.000806591
   0.195272  -0.0204281 0.000806591    0.328571
IMAGINARY
           0  -0.00269542  -0.00064433  0.000548797
  0.00269542            0    0.0076273   -0.0277062
  0.00064433   -0.0076273            0   0.00269542
-0.000548797    0.0277062  -0.00269542            0
Repeater1[0]<--->HoM1[0]
REAL
   0.325729 -0.00163828   0.0101342     0.19127
-0.00163828    0.174905   0.0414549 0.000947893
  0.0101342   0.0414549     0.17744 0.000986391
    0.19127 0.000947893 0.000986391    0.321926
IMAGINARY
          0 -0.00154131 -0.00614672  0.00739447
 0.00154131           0 -0.00160296  0.00429715
 0.00614672  0.00160296           0 -0.00154131
-0.00739447 -0.00429715  0.00154131           0
EndNode1[0]<--->Repeater1[0]
REAL
   0.339196  0.00585548 -0.00432143    0.189924
 0.00585548    0.179648   0.0441725   0.0272222
-0.00432143   0.0441725    0.169598  -0.0122168
   0.189924   0.0272222  -0.0122168    0.311558
IMAGINARY
          0  0.00176985  -0.0063611  0.00277699
-0.00176985           0  0.00407233   0.0070147
  0.0063611 -0.00407233           0 -0.00634501
-0.00277699  -0.0070147  0.00634501           0
EndNode2[0]<--->HoM1[0]
REAL
   0.330818  -0.0309196  -0.0226919    0.200478
 -0.0309196    0.178616   0.0741337 -0.00451013
 -0.0226919   0.0741337    0.174843 -0.00923588
   0.200478 -0.00451013 -0.00923588    0.315723
IMAGINARY
          0  -0.0369782  0.00060183    -0.00316
  0.0369782           0  0.00809827   0.0155272
-0.00060183 -0.00809827           0  0.00740827
    0.00316  -0.0155272 -0.00740827           0
Repeater1[0]<--->EndNode1[0]
REAL
   0.339196 -0.00432143  0.00585548    0.189924
-0.00432143    0.169598   0.0441725  -0.0122168
 0.00585548   0.0441725    0.179648   0.0272222
   0.189924  -0.0122168   0.0272222    0.311558
IMAGINARY
          0  -0.0063611  0.00176985  0.00277699
  0.0063611           0 -0.00407233 -0.00634501
-0.00176985  0.00407233           0   0.0070147
-0.00277699  0.00634501  -0.0070147           0
Repeater1[0]<--->HoM1[0]
REAL
   0.330818  -0.0226919  -0.0309196    0.200478
 -0.0226919    0.174843   0.0741337 -0.00923588
 -0.0309196   0.0741337    0.178616 -0.00451013
   0.200478 -0.00923588 -0.00451013    0.315723
IMAGINARY
          0  0.00060183  -0.0369782    -0.00316
-0.00060183           0 -0.00809827  0.00740827
  0.0369782  0.00809827           0   0.0155272
    0.00316 -0.00740827  -0.0155272           0
EndNode1[0]<--->Repeater1[0]
REAL
    0.32266 -0.00673576   0.0143802    0.221184
-0.00673576    0.166256   0.0651738   0.0261603
  0.0143802   0.0651738    0.171182   0.0112403
   0.221184   0.0261603   0.0112403    0.339901
IMAGINARY
          0   0.0211329  -0.0175608   0.0195756
 -0.0211329           0  0.00399123  -0.0105722
  0.0175608 -0.00399123           0   0.0159515
 -0.0195756   0.0105722  -0.0159515           0
EndNode2[0]<--->HoM1[0]
REAL
  0.301567 0.00146828  0.0247326    0.20706
0.00146828   0.190601  0.0585451  0.0141209
 0.0247326  0.0585451   0.195822  0.0144553
   0.20706  0.0141209  0.0144553    0.31201
IMAGINARY
          0  0.00356764 -0.00469326 -0.00734925
-0.00356764           0 -0.00869696 -0.00273248
 0.00469326  0.00869696           0  -0.0283201
 0.00734925  0.00273248   0.0283201           0
Repeater1[0]<--->EndNode1[0]
REAL
    0.32266   0.0143802 -0.00673576    0.221184
  0.0143802    0.171182   0.0651738   0.0112403
-0.00673576   0.0651738    0.166256   0.0261603
   0.221184   0.0112403   0.0261603    0.339901
IMAGINARY
          0  -0.0175608   0.0211329   0.0195756
  0.0175608           0 -0.00399123   0.0159515
 -0.0211329  0.00399123           0  -0.0105722
 -0.0195756  -0.0159515   0.0105722           0
Repeater1[0]<--->HoM1[0]
REAL
  0.301567  0.0247326 0.00146828    0.20706
 0.0247326   0.195822  0.0585451  0.0144553
0.00146828  0.0585451   0.190601  0.0141209
   0.20706  0.0144553  0.0141209    0.31201
IMAGINARY
          0 -0.00469326  0.00356764 -0.00734925
 0.00469326           0  0.00869696  -0.0283201
-0.00356764 -0.00869696           0 -0.00273248
 0.00734925   0.0283201  0.00273248           0
EndNode1[0]<--->Repeater1[0]
REAL
   0.335849 8.77359e-05  0.00443413     0.19735
8.77359e-05    0.181132   0.0693172 -0.00315208
 0.00443413   0.0693172    0.186164  -0.0116262
    0.19735 -0.00315208  -0.0116262    0.296855
IMAGINARY
          0   0.0087419 -0.00371782 -0.00395931
 -0.0087419           0  0.00648456   -0.011107
 0.00371782 -0.00648456           0   0.0222554
 0.00395931    0.011107  -0.0222554           0
EndNode2[0]<--->HoM1[0]
REAL
   0.322745   0.0120971 -0.00568929    0.205891
  0.0120971    0.171537   0.0448298  0.00280744
-0.00568929   0.0448298    0.177891  0.00375306
   0.205891  0.00280744  0.00375306    0.327827
IMAGINARY
          0  -0.0015807 -0.00284931  0.00638635
  0.0015807           0   0.0198652   0.0241947
 0.00284931  -0.0198652           0   0.0138705
-0.00638635  -0.0241947  -0.0138705           0
Repeater1[0]<--->EndNode1[0]
REAL
   0.335849  0.00443413 8.77359e-05     0.19735
 0.00443413    0.186164   0.0693172  -0.0116262
8.77359e-05   0.0693172    0.181132 -0.00315208
    0.19735  -0.0116262 -0.00315208    0.296855
IMAGINARY
          0 -0.00371782   0.0087419 -0.00395931
 0.00371782           0 -0.00648456   0.0222554
 -0.0087419  0.00648456           0   -0.011107
 0.00395931  -0.0222554    0.011107           0
Repeater1[0]<--->HoM1[0]
REAL
   0.322745 -0.00568929   0.0120971    0.205891
-0.00568929    0.177891   0.0448298  0.00375306
  0.0120971   0.0448298    0.171537  0.00280744
   0.205891  0.00375306  0.00280744    0.327827
IMAGINARY
          0 -0.00284931  -0.0015807  0.00638635
 0.00284931           0  -0.0198652   0.0138705
  0.0015807   0.0198652           0   0.0241947
-0.00638635  -0.0138705  -0.0241947           0
EndNode1[0]<--->Repeater1[0]
REAL
  0.315136 0.00234936  -0.004032    0.20242
0.00234936   0.174938  0.0707101   0.008468
 -0.004032  0.0707101   0.173697  0.0109586
   0.20242   0.008468  0.0109586   0.336228
IMAGINARY
         0  0.0045047 -0.0066297 -0.0214481
-0.0045047          0  0.0122375 -0.0027336
 0.0066297 -0.0122375          0  -0.013868
 0.0214481  0.0027336   0.013868          0
EndNode2[0]<--->HoM1[0]
REAL
    0.33461  -0.0125828 -0.00313483    0.190887
 -0.0125828    0.157088    0.044212 -0.00944796
-0.00313483    0.044212    0.162197    0.013245
   0.190887 -0.00944796    0.013245    0.346105
IMAGINARY
          0   0.0340028  0.00347152   0.0126515
 -0.0340028           0  0.00571583 -0.00412341
-0.00347152 -0.00571583           0  -0.0190093
 -0.0126515  0.00412341   0.0190093           0
Repeater1[0]<--->EndNode1[0]
REAL
  0.315136  -0.004032 0.00234936    0.20242
 -0.004032   0.173697  0.0707101  0.0109586
0.00234936  0.0707101   0.174938   0.008468
   0.20242  0.0109586   0.008468   0.336228
IMAGINARY
         0 -0.0066297  0.0045047 -0.0214481
 0.0066297          0 -0.0122375  -0.013868
-0.0045047  0.0122375          0 -0.0027336
 0.0214481   0.013868  0.0027336          0
Repeater1[0]<--->HoM1[0]
REAL
    0.33461 -0.00313483  -0.0125828    0.190887
-0.00313483    0.162197    0.044212    0.013245
 -0.0125828    0.044212    0.157088 -0.00944796
   0.190887    0.013245 -0.00944796    0.346105
IMAGINARY
          0  0.00347152   0.0340028   0.0126515
-0.00347152           0 -0.00571583  -0.0190093
 -0.0340028  0.00571583           0 -0.00412341
 -0.0126515   0.0190093  0.00412341           0
EndNode1[0]<--->Repeater1[0]
REAL
   0.309553  -0.0128241 0.000649083    0.206531
 -0.0128241    0.200726   0.0616221   0.0101789
0.000649083   0.0616221    0.187424   0.0185566
   0.206531   0.0101789   0.0185566    0.302297
IMAGINARY
           0  -0.00356826 -0.000558696   0.00731583
  0.00356826            0  -0.00987993   -0.0072742
 0.000558696   0.00987993            0   -0.0147085
 -0.00731583    0.0072742    0.0147085            0
EndNode2[0]<--->HoM1[0]
REAL
  0.330656  0.0111469  0.0150168    0.18664
 0.0111469   0.175368  0.0659505 -0.0189028
 0.0150168  0.0659505   0.156627 -0.0266909
   0.18664 -0.0189028 -0.0266909   0.337349
IMAGINARY
          0  -0.0102539  0.00513163 -0.00117707
  0.0102539           0 -0.00981905  0.00149967
-0.00513163  0.00981905           0  0.00892766
 0.00117707 -0.00149967 -0.00892766           0
Repeater1[0]<--->EndNode1[0]
REAL
   0.309553 0.000649083  -0.0128241    0.206531
0.000649083    0.187424   0.0616221   0.0185566
 -0.0128241   0.0616221    0.200726   0.0101789
   0.206531   0.0185566   0.0101789    0.302297
IMAGINARY
           0 -0.000558696  -0.00356826   0.00731583
 0.000558696            0   0.00987993   -0.0147085
  0.00356826  -0.00987993            0   -0.0072742
 -0.00731583    0.0147085    0.0072742            0
Repeater1[0]<--->HoM1[0]
REAL
  0.330656  0.0150168  0.0111469    0.18664
 0.0150168   0.156627  0.0659505 -0.0266909
 0.0111469  0.0659505   0.175368 -0.0189028
   0.18664 -0.0266909 -0.0189028   0.337349
IMAGINARY
          0  0.00513163  -0.0102539 -0.00117707
-0.00513163           0  0.00981905  0.00892766
  0.0102539 -0.00981905           0  0.00149967
 0.00117707 -0.00892766 -0.00149967           0
EndNode1[0]<--->Repeater1[0]
REAL
   0.293833  0.00252124 -0.00148411    0.204832
 0.00252124    0.204353   0.0592132   0.0046052
-0.00148411   0.0592132    0.170496   0.0018483
   0.204832   0.0046052   0.0018483    0.331318
IMAGINARY
          0 -0.00888598  0.00417363  0.00693527
 0.00888598           0  0.00693527  -0.0183489
-0.00417363 -0.00693527           0  -0.0014233
-0.00693527   0.0183489   0.0014233           0
EndNode2[0]<--->HoM1[0]
REAL
   0.330739  0.00613276  -0.0154184    0.189616
 0.00613276    0.142672   0.0435413 -0.00637812
 -0.0154184   0.0435413    0.184176  0.00113276
   0.189616 -0.00637812  0.00113276    0.342412
IMAGINARY
           0   0.00488475    0.0127812  -0.00899136
 -0.00488475            0  0.000711102   -0.0108507
  -0.0127812 -0.000711102            0   0.00734176
  0.00899136    0.0108507  -0.00734176            0
Repeater1[0]<--->EndNode1[0]
REAL
   0.293833 -0.00148411  0.00252124    0.204832
-0.00148411    0.170496   0.0592132   0.0018483
 0.00252124   0.0592132    0.204353   0.0046052
   0.204832   0.0018483   0.0046052    0.331318
IMAGINARY
          0  0.00417363 -0.00888598  0.00693527
-0.00417363           0 -0.00693527  -0.0014233
 0.00888598  0.00693527           0  -0.0183489
-0.00693527   0.0014233   0.0183489           0
Repeater1[0]<--->HoM1[0]
REAL
   0.330739  -0.0154184  0.00613276    0.189616
 -0.0154184    0.184176   0.0435413  0.00113276
 0.00613276   0.0435413    0.142672 -0.00637812
   0.189616  0.00113276 -0.00637812    0.342412
IMAGINARY
           0    0.0127812   0.00488475  -0.00899136
  -0.0127812            0 -0.000711102   0.00734176
 -0.00488475  0.000711102            0   -0.0108507
  0.00899136  -0.00734176    0.0108507            0
EndNode1[0]<--->Repeater1[0]
REAL
   0.355177 -0.00528492  -0.0199776    0.197333
-0.00528492    0.186107   0.0487198  0.00681975
 -0.0199776   0.0487198    0.155963 -0.00655718
   0.197333  0.00681975 -0.00655718    0.302752
IMAGINARY
         0 -0.0168688 -0.0155018  0.0123618
 0.0168688          0  0.0142205  0.0148413
 0.0155018 -0.0142205          0  0.0175293
-0.0123618 -0.0148413 -0.0175293          0
EndNode2[0]<--->HoM1[0]
REAL
   0.338866  -0.0271245   0.0132919     0.19346
 -0.0271245    0.167358    0.059999 -0.00134223
  0.0132919    0.059999    0.146611   0.0290113
    0.19346 -0.00134223   0.0290113    0.347165
IMAGINARY
          0   0.0101311 -0.00137776  0.00506198
 -0.0101311           0   0.0148385   0.0135106
 0.00137776  -0.0148385           0  -0.0235411
-0.00506198  -0.0135106   0.0235411           0
Repeater1[0]<--->EndNode1[0]
REAL
   0.355177  -0.0199776 -0.00528492    0.197333
 -0.0199776    0.155963   0.0487198 -0.00655718
-0.00528492   0.0487198    0.186107  0.00681975
   0.197333 -0.00655718  0.00681975    0.302752
IMAGINARY
         0 -0.0155018 -0.0168688  0.0123618
 0.0155018          0 -0.0142205  0.0175293
 0.0168688  0.0142205          0  0.0148413
-0.0123618 -0.0175293 -0.0148413          0
Repeater1[0]<--->HoM1[0]
REAL
   0.338866   0.0132919  -0.0271245     0.19346
  0.0132919    0.146611    0.059999   0.0290113
 -0.0271245    0.059999    0.167358 -0.00134223
    0.19346   0.0290113 -0.00134223    0.347165
IMAGINARY
          0 -0.00137776   0.0101311  0.00506198
 0.00137776           0  -0.0148385  -0.0235411
 -0.0101311   0.0148385           0   0.0135106
-0.00506198   0.0235411  -0.0135106           0
EndNode1[0]<--->Repeater1[0]
REAL
  0.345269 0.00610952  0.0137989   0.193547
0.00610952   0.152174  0.0397006  0.0106856
 0.0137989  0.0397006    0.16624 0.00677708
  0.193547  0.0106856 0.00677708   0.336317
IMAGINARY
          0  0.00114344 -0.00187032   0.0103641
-0.00114344           0  0.00161575  0.00187032
 0.00187032 -0.00161575           0 -0.00512222
 -0.0103641 -0.00187032  0.00512222           0
EndNode2[0]<--->HoM1[0]
REAL
  0.324359  0.0180851 -0.0168626   0.203569
 0.0180851   0.188462  0.0632291  0.0122513
-0.0168626  0.0632291   0.192308  0.0128767
  0.203569  0.0122513  0.0128767   0.294872
IMAGINARY
           0   0.00611643    0.0109998   -0.0232618
 -0.00611643            0   -0.0067928   -0.0018868
  -0.0109998    0.0067928            0 -0.000648633
   0.0232618    0.0018868  0.000648633            0
Repeater1[0]<--->EndNode1[0]
REAL
  0.345269  0.0137989 0.00610952   0.193547
 0.0137989    0.16624  0.0397006 0.00677708
0.00610952  0.0397006   0.152174  0.0106856
  0.193547 0.00677708  0.0106856   0.336317
IMAGINARY
          0 -0.00187032  0.00114344   0.0103641
 0.00187032           0 -0.00161575 -0.00512222
-0.00114344  0.00161575           0  0.00187032
 -0.0103641  0.00512222 -0.00187032           0
Repeater1[0]<--->HoM1[0]
REAL
  0.324359 -0.0168626  0.0180851   0.203569
-0.0168626   0.192308  0.0632291  0.0128767
 0.0180851  0.0632291   0.188462  0.0122513
  0.203569  0.0128767  0.0122513   0.294872
IMAGINARY
           0    0.0109998   0.00611643   -0.0232618
  -0.0109998            0    0.0067928 -0.000648633
 -0.00611643   -0.0067928            0   -0.0018868
   0.0232618  0.000648633    0.0018868            0
EndNode1[0]<--->Repeater1[0]
REAL
   0.349727  0.00725214  0.00374554    0.193481
 0.00725214    0.178962   0.0217252   0.0014091
 0.00374554   0.0217252    0.166667 -0.00338616
   0.193481   0.0014091 -0.00338616    0.304645
IMAGINARY
           0    0.0238016   0.00859944   0.00127582
  -0.0238016            0 -0.000620513   -0.0149608
 -0.00859944  0.000620513            0   -0.0123512
 -0.00127582    0.0149608    0.0123512            0
EndNode2[0]<--->HoM1[0]
REAL
   0.32549 0.00679595 -0.0162156   0.188259
0.00679595   0.168627  0.0503933 -0.0174846
-0.0162156  0.0503933   0.162092 -0.0129858
  0.188259 -0.0174846 -0.0129858   0.343791
IMAGINARY
           0    0.0145625   -0.0214968  0.000103027
  -0.0145625            0   -0.0144601   0.00434302
   0.0214968    0.0144601            0   0.00894451
-0.000103027  -0.00434302  -0.00894451            0
Repeater1[0]<--->EndNode1[0]
REAL
   0.349727  0.00374554  0.00725214    0.193481
 0.00374554    0.166667   0.0217252 -0.00338616
 0.00725214   0.0217252    0.178962   0.0014091
   0.193481 -0.00338616   0.0014091    0.304645
IMAGINARY
           0   0.00859944    0.0238016   0.00127582
 -0.00859944            0  0.000620513   -0.0123512
  -0.0238016 -0.000620513            0   -0.0149608
 -0.00127582    0.0123512    0.0149608            0
Repeater1[0]<--->HoM1[0]
REAL
   0.32549 -0.0162156 0.00679595   0.188259
-0.0162156   0.162092  0.0503933 -0.0129858
0.00679595  0.0503933   0.168627 -0.0174846
  0.188259 -0.0129858 -0.0174846   0.343791
IMAGINARY
           0   -0.0214968    0.0145625  0.000103027
   0.0214968            0    0.0144601   0.00894451
  -0.0145625   -0.0144601            0   0.00434302
-0.000103027  -0.00894451  -0.00434302            0
EndNode1[0]<--->Repeater1[0]
REAL
   0.358209 -0.00368978   0.0147624    0.186343
-0.00368978    0.169154   0.0702712 -0.00153487
  0.0147624   0.0702712    0.185323  0.00633528
   0.186343 -0.00153487  0.00633528    0.287313
IMAGINARY
          0 -0.00339391  0.00885183  -0.0163978
 0.00339391           0 -0.00465487  0.00262776
-0.00885183  0.00465487           0  0.00849595
  0.0163978 -0.00262776 -0.00849595           0
EndNode2[0]<--->HoM1[0]
REAL
   0.320513 -0.00141314  -0.0146489    0.183393
-0.00141314    0.167949   0.0771509   0.0112475
 -0.0146489   0.0771509    0.164103  0.00889614
   0.183393   0.0112475  0.00889614    0.347436
IMAGINARY
           0   0.00189517    0.0202276 -0.000458582
 -0.00189517            0   0.00513148   0.00678325
  -0.0202276  -0.00513148            0   0.00950939
 0.000458582  -0.00678325  -0.00950939            0
Repeater1[0]<--->EndNode1[0]
REAL
   0.358209   0.0147624 -0.00368978    0.186343
  0.0147624    0.185323   0.0702712  0.00633528
-0.00368978   0.0702712    0.169154 -0.00153487
   0.186343  0.00633528 -0.00153487    0.287313
IMAGINARY
          0  0.00885183 -0.00339391  -0.0163978
-0.00885183           0  0.00465487  0.00849595
 0.00339391 -0.00465487           0  0.00262776
  0.0163978 -0.00849595 -0.00262776           0
Repeater1[0]<--->HoM1[0]
REAL
   0.320513  -0.0146489 -0.00141314    0.183393
 -0.0146489    0.164103   0.0771509  0.00889614
-0.00141314   0.0771509    0.167949   0.0112475
   0.183393  0.00889614   0.0112475    0.347436
IMAGINARY
           0    0.0202276   0.00189517 -0.000458582
  -0.0202276            0  -0.00513148   0.00950939
 -0.00189517   0.00513148            0   0.00678325
 0.000458582  -0.00950939  -0.00678325            0
EndNode1[0]<--->Repeater1[0]
REAL
   0.345771  -0.0227612 -0.00389313    0.171709
 -0.0227612    0.171642    0.061953  0.00820879
-0.00389313    0.061953    0.170398   0.0172125
   0.171709  0.00820879   0.0172125    0.312189
IMAGINARY
           0   -0.0245719    0.0257049   0.00846503
   0.0245719            0    0.0031031    -0.021212
  -0.0257049   -0.0031031            0 -0.000460209
 -0.00846503     0.021212  0.000460209            0
EndNode2[0]<--->HoM1[0]
REAL
  0.293578 -0.0123192 0.00339201   0.201123
-0.0123192   0.204456  0.0642943 -0.0160885
0.00339201  0.0642943   0.192661  0.0020411
  0.201123 -0.0160885  0.0020411   0.309305
IMAGINARY
           0  0.000227041    0.0386617     0.013802
-0.000227041            0   -0.0131362  -0.00924989
  -0.0386617    0.0131362            0   -0.0219662
   -0.013802   0.00924989    0.0219662            0
Repeater1[0]<--->EndNode1[0]
REAL
   0.345771 -0.00389313  -0.0227612    0.171709
-0.00389313    0.170398    0.061953   0.0172125
 -0.0227612    0.061953    0.171642  0.00820879
   0.171709   0.0172125  0.00820879    0.312189
IMAGINARY
           0    0.0257049   -0.0245719   0.00846503
  -0.0257049            0   -0.0031031 -0.000460209
   0.0245719    0.0031031            0    -0.021212
 -0.00846503  0.000460209     0.021212            0
Repeater1[0]<--->HoM1[0]
REAL
  0.293578 0.00339201 -0.0123192   0.201123
0.00339201   0.192661  0.0642943  0.0020411
-0.0123192  0.0642943   0.204456 -0.0160885
  0.201123  0.0020411 -0.0160885   0.309305
IMAGINARY
           0    0.0386617  0.000227041     0.013802
  -0.0386617            0    0.0131362   -0.0219662
-0.000227041   -0.0131362            0  -0.00924989
   -0.013802    0.0219662   0.00924989            0
EndNode1[0]<--->Repeater1[0]
REAL
   0.318933 -0.00930516   0.0223988    0.190069
-0.00930516    0.177891   0.0439734   0.0015374
  0.0223988   0.0439734    0.175349   0.0146243
   0.190069   0.0015374   0.0146243    0.327827
IMAGINARY
          0  -0.0075613  -0.0193862  -0.0117221
  0.0075613           0   0.0130175 -0.00580274
  0.0193862  -0.0130175           0   0.0138585
  0.0117221  0.00580274  -0.0138585           0
EndNode2[0]<--->HoM1[0]
REAL
   0.339332   0.0104301 -0.00548098    0.216254
  0.0104301    0.140103   0.0596747 -0.00668291
-0.00548098   0.0596747    0.194087  -0.0187528
   0.216254 -0.00668291  -0.0187528    0.326478
IMAGINARY
          0 -0.00727677   0.0202022 -0.00226052
 0.00727677           0   0.0055115   -0.021518
 -0.0202022  -0.0055115           0   0.0230662
 0.00226052    0.021518  -0.0230662           0
Repeater1[0]<--->EndNode1[0]
REAL
   0.318933   0.0223988 -0.00930516    0.190069
  0.0223988    0.175349   0.0439734   0.0146243
-0.00930516   0.0439734    0.177891   0.0015374
   0.190069   0.0146243   0.0015374    0.327827
IMAGINARY
          0  -0.0193862  -0.0075613  -0.0117221
  0.0193862           0  -0.0130175   0.0138585
  0.0075613   0.0130175           0 -0.00580274
  0.0117221  -0.0138585  0.00580274           0
Repeater1[0]<--->HoM1[0]
REAL
   0.339332 -0.00548098   0.0104301    0.216254
-0.00548098    0.194087   0.0596747  -0.0187528
  0.0104301   0.0596747    0.140103 -0.00668291
   0.216254  -0.0187528 -0.00668291    0.326478
IMAGINARY
          0   0.0202022 -0.00727677 -0.00226052
 -0.0202022           0  -0.0055115   0.0230662
 0.00727677   0.0055115           0   -0.021518
 0.00226052  -0.0230662    0.021518           0
EndNode1[0]<--->Repeater1[0]
REAL
   0.342466  -0.0156833 -0.00716517    0.211945
 -0.0156833    0.191781   0.0340005  0.00581382
-0.00716517   0.0340005     0.17061  0.00622388
   0.211945  0.00581382  0.00622388    0.295143
IMAGINARY
          0  0.00423467  -0.0032085   0.0178648
-0.00423467           0  -0.0097347  0.00696789
  0.0032085   0.0097347           0 -0.00674094
 -0.0178648 -0.00696789  0.00674094           0
EndNode2[0]<--->HoM1[0]
REAL
   0.308411  -0.0189035 -0.00186795    0.183894
 -0.0189035    0.181575   0.0657786    0.010387
-0.00186795   0.0657786    0.204272   0.0156269
   0.183894    0.010387   0.0156269    0.305741
IMAGINARY
          0   0.0150997  -0.0185458   0.0129095
 -0.0150997           0  0.00914061  -0.0212339
  0.0185458 -0.00914061           0   0.0124401
 -0.0129095   0.0212339  -0.0124401           0
Repeater1[0]<--->EndNode1[0]
REAL
   0.342466 -0.00716517  -0.0156833    0.211945
-0.00716517     0.17061   0.0340005  0.00622388
 -0.0156833   0.0340005    0.191781  0.00581382
   0.211945  0.00622388  0.00581382    0.295143
IMAGINARY
          0  -0.0032085  0.00423467   0.0178648
  0.0032085           0   0.0097347 -0.00674094
-0.00423467  -0.0097347           0  0.00696789
 -0.0178648  0.00674094 -0.00696789           0
Repeater1[0]<--->HoM1[0]
REAL
   0.308411 -0.00186795  -0.0189035    0.183894
-0.00186795    0.204272   0.0657786   0.0156269
 -0.0189035   0.0657786    0.181575    0.010387
   0.183894   0.0156269    0.010387    0.305741
IMAGINARY
          0  -0.0185458   0.0150997   0.0129095
  0.0185458           0 -0.00914061   0.0124401
 -0.0150997  0.00914061           0  -0.0212339
 -0.0129095  -0.0124401   0.0212339           0
EndNode1[0]<--->Repeater1[0]
REAL
    0.333726    0.0072327 -0.000922845     0.222781
   0.0072327     0.175708    0.0561139   0.00846053
-0.000922845    0.0561139     0.146226   -0.0072327
    0.222781   0.00846053   -0.0072327      0.34434
IMAGINARY
          0 -0.00444664 -0.00183116  0.00560468
 0.00444664           0 -0.00890719  -0.0238605
 0.00183116  0.00890719           0   0.0182806
-0.00560468   0.0238605  -0.0182806           0
EndNode2[0]<--->HoM1[0]
REAL
   0.330601   0.0141511  0.00393051    0.185279
  0.0141511    0.142077   0.0555084   -0.014731
 0.00393051   0.0555084    0.228142 0.000461376
   0.185279   -0.014731 0.000461376     0.29918
IMAGINARY
          0  0.00636132   0.0129133  0.00226028
-0.00636132           0   -0.011647  0.00489845
 -0.0129133    0.011647           0  -0.0127226
-0.00226028 -0.00489845   0.0127226           0
Repeater1[0]<--->EndNode1[0]
REAL
    0.333726 -0.000922845    0.0072327     0.222781
-0.000922845     0.146226    0.0561139   -0.0072327
   0.0072327    0.0561139     0.175708   0.00846053
    0.222781   -0.0072327   0.00846053      0.34434
IMAGINARY
          0 -0.00183116 -0.00444664  0.00560468
 0.00183116           0  0.00890719   0.0182806
 0.00444664 -0.00890719           0  -0.0238605
-0.00560468  -0.0182806   0.0238605           0
Repeater1[0]<--->HoM1[0]
REAL
   0.330601  0.00393051   0.0141511    0.185279
 0.00393051    0.228142   0.0555084 0.000461376
  0.0141511   0.0555084    0.142077   -0.014731
   0.185279 0.000461376   -0.014731     0.29918
IMAGINARY
          0   0.0129133  0.00636132  0.00226028
 -0.0129133           0    0.011647  -0.0127226
-0.00636132   -0.011647           0  0.00489845
-0.00226028   0.0127226 -0.00489845           0
EndNode1[0]<--->Repeater1[0]
REAL
   0.336424 0.000547026  0.00801059    0.197575
0.000547026    0.168212   0.0586505   0.0136146
 0.00801059   0.0586505    0.178808 -0.00251295
   0.197575   0.0136146 -0.00251295    0.316556
IMAGINARY
          0 -0.00704225  -0.0035207   0.0061232
 0.00704225           0  -0.0151671   0.0131238
  0.0035207   0.0151671           0  0.00512164
 -0.0061232  -0.0131238 -0.00512164           0
EndNode2[0]<--->HoM1[0]
REAL
  0.304627 0.00294972 -0.0182475   0.185616
0.00294972    0.18509  0.0525415  -0.022542
-0.0182475  0.0525415   0.183805  -0.013476
  0.185616  -0.022542  -0.013476   0.326478
IMAGINARY
          0   0.0158403 -0.00805285  0.00241042
 -0.0158403           0  -0.0112712   0.0261407
 0.00805285   0.0112712           0   0.0151674
-0.00241042  -0.0261407  -0.0151674           0
Repeater1[0]<--->EndNode1[0]
REAL
   0.336424  0.00801059 0.000547026    0.197575
 0.00801059    0.178808   0.0586505 -0.00251295
0.000547026   0.0586505    0.168212   0.0136146
   0.197575 -0.00251295   0.0136146    0.316556
IMAGINARY
          0  -0.0035207 -0.00704225   0.0061232
  0.0035207           0   0.0151671  0.00512164
 0.00704225  -0.0151671           0   0.0131238
 -0.0061232 -0.00512164  -0.0131238           0
Repeater1[0]<--->HoM1[0]
REAL
  0.304627 -0.0182475 0.00294972   0.185616
-0.0182475   0.183805  0.0525415  -0.013476
0.00294972  0.0525415    0.18509  -0.022542
  0.185616  -0.013476  -0.022542   0.326478
IMAGINARY
          0 -0.00805285   0.0158403  0.00241042
 0.00805285           0   0.0112712   0.0151674
 -0.0158403  -0.0112712           0   0.0261407
-0.00241042  -0.0151674  -0.0261407           0
EndNode1[0]<--->Repeater1[0]
REAL
   0.320779   0.0130253 -0.00135975    0.215745
  0.0130253    0.150649   0.0692154 -0.00391729
-0.00135975   0.0692154    0.203896  -0.0143445
   0.215745 -0.00391729  -0.0143445    0.324675
IMAGINARY
           0   -0.0165893   0.00104795   -0.0346557
   0.0165893            0 -0.000697845    0.0195176
 -0.00104795  0.000697845            0 -0.000120237
   0.0346557   -0.0195176  0.000120237            0
EndNode2[0]<--->HoM1[0]
REAL
  0.346154 0.00921959 0.00534433   0.205121
0.00921959   0.164103  0.0713181 0.00469583
0.00534433  0.0713181   0.179487 0.00215926
  0.205121 0.00469583 0.00215926   0.310256
IMAGINARY
          0   0.0134644   0.0280307 -0.00734683
 -0.0134644           0 -0.00416212  0.00333934
 -0.0280307  0.00416212           0   0.0115036
 0.00734683 -0.00333934  -0.0115036           0
Repeater1[0]<--->EndNode1[0]
REAL
   0.320779 -0.00135975   0.0130253    0.215745
-0.00135975    0.203896   0.0692154  -0.0143445
  0.0130253   0.0692154    0.150649 -0.00391729
   0.215745  -0.0143445 -0.00391729    0.324675
IMAGINARY
           0   0.00104795   -0.0165893   -0.0346557
 -0.00104795            0  0.000697845 -0.000120237
   0.0165893 -0.000697845            0    0.0195176
   0.0346557  0.000120237   -0.0195176            0
Repeater1[0]<--->HoM1[0]
REAL
  0.346154 0.00534433 0.00921959   0.205121
0.00534433   0.179487  0.0713181 0.00215926
0.00921959  0.0713181   0.164103 0.00469583
  0.205121 0.00215926 0.00469583   0.310256
IMAGINARY
          0   0.0280307   0.0134644 -0.00734683
 -0.0280307           0  0.00416212   0.0115036
 -0.0134644 -0.00416212           0  0.00333934
 0.00734683  -0.0115036 -0.00333934           0
EndNode1[0]<--->Repeater1[0]
REAL
    0.33419 -0.00120065 -0.00376215     0.19182
-0.00120065    0.174807   0.0412674 -0.00915298
-0.00376215   0.0412674    0.176093  -0.0104845
    0.19182 -0.00915298  -0.0104845     0.31491
IMAGINARY
           0   -0.0262233   0.00878007  0.000571685
   0.0262233            0   0.00307795   0.00226965
 -0.00878007  -0.00307795            0   -0.0193568
-0.000571685  -0.00226965    0.0193568            0
EndNode2[0]<--->HoM1[0]
REAL
   0.357599   0.0211402   0.0136563    0.206698
  0.0211402    0.145594   0.0743244 -0.00270737
  0.0136563   0.0743244    0.153257  -0.0101913
   0.206698 -0.00270737  -0.0101913     0.34355
IMAGINARY
          0    -0.01044 -0.00933906  0.00999443
    0.01044           0  0.00814029  0.00728144
 0.00933906 -0.00814029           0  -0.0039633
