EndNode1[0]<--->Repeater1[0]
REAL
   0.414141  -0.0145635 -0.00426964    0.393093
 -0.0145635   0.0770202  0.00833418 -0.00156694
-0.00426964  0.00833418   0.0656566  -0.0120254
   0.393093 -0.00156694  -0.0120254    0.443182
IMAGINARY
          0  0.00287281 -0.00961973 -0.00232156
-0.00287281           0   0.0129069  -0.0170222
 0.00961973  -0.0129069           0   0.0250082
 0.00232156   0.0170222  -0.0250082           0
EndNode2[0]<--->HoM1[0]
REAL
  0.430203 -0.0382003 -0.0318739   0.401256
-0.0382003   0.072335  0.0197647 -0.0221965
-0.0318739  0.0197647  0.0634518 -0.0219455
  0.401256 -0.0221965 -0.0219455    0.43401
IMAGINARY
          0  -0.0175694   0.0365335   0.0012171
  0.0175694           0   0.0222899 -0.00524192
 -0.0365335  -0.0222899           0 -0.00173823
 -0.0012171  0.00524192  0.00173823           0
Repeater1[0]<--->EndNode1[0]
REAL
   0.414141 -0.00426964  -0.0145635    0.393093
-0.00426964   0.0656566  0.00833418  -0.0120254
 -0.0145635  0.00833418   0.0770202 -0.00156694
   0.393093  -0.0120254 -0.00156694    0.443182
IMAGINARY
          0 -0.00961973  0.00287281 -0.00232156
 0.00961973           0  -0.0129069   0.0250082
-0.00287281   0.0129069           0  -0.0170222
 0.00232156  -0.0250082   0.0170222           0
Repeater1[0]<--->HoM1[0]
REAL
  0.430203 -0.0318739 -0.0382003   0.401256
-0.0318739  0.0634518  0.0197647 -0.0219455
-0.0382003  0.0197647   0.072335 -0.0221965
  0.401256 -0.0219455 -0.0221965    0.43401
IMAGINARY
          0   0.0365335  -0.0175694   0.0012171
 -0.0365335           0  -0.0222899 -0.00173823
  0.0175694   0.0222899           0 -0.00524192
 -0.0012171  0.00173823  0.00524192           0
EndNode1[0]<--->Repeater1[0]
REAL
   0.435798   0.0198676  0.00436703    0.395115
  0.0198676     0.07393   0.0209254   0.0119237
 0.00436703   0.0209254   0.0518807 0.000182543
   0.395115   0.0119237 0.000182543    0.438392
IMAGINARY
          0  -0.0103959  0.00555335  0.00354427
  0.0103959           0  -0.0257956  -0.0100929
-0.00555335   0.0257956           0  -0.0123019
-0.00354427   0.0100929   0.0123019           0
EndNode2[0]<--->HoM1[0]
REAL
   0.461538  -0.0112497 0.000330654    0.382581
 -0.0112497   0.0480769   0.0220581 0.000958006
0.000330654   0.0220581   0.0521978   0.0022291
   0.382581 0.000958006   0.0022291    0.438187
IMAGINARY
          0  0.00621373  0.00411466   0.0116583
-0.00621373           0 -0.00849775 -0.00224666
-0.00411466  0.00849775           0  0.00686224
 -0.0116583  0.00224666 -0.00686224           0
Repeater1[0]<--->EndNode1[0]
REAL
   0.435798  0.00436703   0.0198676    0.395115
 0.00436703   0.0518807   0.0209254 0.000182543
  0.0198676   0.0209254     0.07393   0.0119237
   0.395115 0.000182543   0.0119237    0.438392
IMAGINARY
          0  0.00555335  -0.0103959  0.00354427
-0.00555335           0   0.0257956  -0.0123019
  0.0103959  -0.0257956           0  -0.0100929
-0.00354427   0.0123019   0.0100929           0
Repeater1[0]<--->HoM1[0]
REAL
   0.461538 0.000330654  -0.0112497    0.382581
0.000330654   0.0521978   0.0220581   0.0022291
 -0.0112497   0.0220581   0.0480769 0.000958006
   0.382581   0.0022291 0.000958006    0.438187
IMAGINARY
          0  0.00411466  0.00621373   0.0116583
-0.00411466           0  0.00849775  0.00686224
-0.00621373 -0.00849775           0 -0.00224666
 -0.0116583 -0.00686224  0.00224666           0
EndNode1[0]<--->Repeater1[0]
REAL
   0.403004  0.00591118   0.0154691    0.395669
 0.00591118   0.0650814   0.0173231 -0.00533798
  0.0154691   0.0173231   0.0550688 -0.00650712
   0.395669 -0.00533798 -0.00650712    0.476846
IMAGINARY
          0 -0.00613062   0.0122838  -0.0190217
 0.00613062           0  0.00271739 -0.00133489
 -0.0122838 -0.00271739           0 -0.00481828
  0.0190217  0.00133489  0.00481828           0
EndNode2[0]<--->HoM1[0]
REAL
   0.459259  -0.0113336 -0.00530849    0.381032
 -0.0113336   0.0617284   0.0226137   -0.018129
-0.00530849   0.0226137   0.0641975 -0.00429137
   0.381032   -0.018129 -0.00429137    0.414815
IMAGINARY
          0   0.0130889  -0.0150356  0.00989882
 -0.0130889           0 -0.00795833 -0.00919906
  0.0150356  0.00795833           0   0.0124213
-0.00989882  0.00919906  -0.0124213           0
Repeater1[0]<--->EndNode1[0]
REAL
   0.403004   0.0154691  0.00591118    0.395669
  0.0154691   0.0550688   0.0173231 -0.00650712
 0.00591118   0.0173231   0.0650814 -0.00533798
   0.395669 -0.00650712 -0.00533798    0.476846
IMAGINARY
          0   0.0122838 -0.00613062  -0.0190217
 -0.0122838           0 -0.00271739 -0.00481828
 0.00613062  0.00271739           0 -0.00133489
  0.0190217  0.00481828  0.00133489           0
Repeater1[0]<--->HoM1[0]
REAL
   0.459259 -0.00530849  -0.0113336    0.381032
-0.00530849   0.0641975   0.0226137 -0.00429137
 -0.0113336   0.0226137   0.0617284   -0.018129
   0.381032 -0.00429137   -0.018129    0.414815
IMAGINARY
          0  -0.0150356   0.0130889  0.00989882
  0.0150356           0  0.00795833   0.0124213
 -0.0130889 -0.00795833           0 -0.00919906
-0.00989882  -0.0124213  0.00919906           0
EndNode1[0]<--->Repeater1[0]
REAL
   0.465211  0.00290306  -0.0202762    0.386313
 0.00290306   0.0682128   0.0234705 -0.00323077
 -0.0202762   0.0234705   0.0613915 -0.00480903
   0.386313 -0.00323077 -0.00480903    0.405184
IMAGINARY
           0   0.00743053     -0.01202    0.0173751
 -0.00743053            0   0.00436399 -0.000448787
     0.01202  -0.00436399            0    0.0125196
  -0.0173751  0.000448787   -0.0125196            0
EndNode2[0]<--->HoM1[0]
REAL
   0.435356  0.00515249  -0.0133517    0.387367
 0.00515249   0.0514512     0.03095   0.0121141
 -0.0133517     0.03095   0.0514512 -0.00391487
   0.387367   0.0121141 -0.00391487    0.461741
IMAGINARY
          0 -0.00637205 -0.00691949  -0.0251598
 0.00637205           0  -0.0119522   0.0202613
 0.00691949   0.0119522           0  -0.0056991
  0.0251598  -0.0202613   0.0056991           0
Repeater1[0]<--->EndNode1[0]
REAL
   0.465211  -0.0202762  0.00290306    0.386313
 -0.0202762   0.0613915   0.0234705 -0.00480903
 0.00290306   0.0234705   0.0682128 -0.00323077
   0.386313 -0.00480903 -0.00323077    0.405184
IMAGINARY
           0     -0.01202   0.00743053    0.0173751
     0.01202            0  -0.00436399    0.0125196
 -0.00743053   0.00436399            0 -0.000448787
  -0.0173751   -0.0125196  0.000448787            0
Repeater1[0]<--->HoM1[0]
REAL
   0.435356  -0.0133517  0.00515249    0.387367
 -0.0133517   0.0514512     0.03095 -0.00391487
 0.00515249     0.03095   0.0514512   0.0121141
   0.387367 -0.00391487   0.0121141    0.461741
IMAGINARY
          0 -0.00691949 -0.00637205  -0.0251598
 0.00691949           0   0.0119522  -0.0056991
 0.00637205  -0.0119522           0   0.0202613
  0.0251598   0.0056991  -0.0202613           0
EndNode1[0]<--->Repeater1[0]
REAL
   0.405548 -0.00463936  -0.0211582    0.396251
-0.00463936   0.0700132   0.0182894   0.0186071
 -0.0211582   0.0182894   0.0620872   0.0135679
   0.396251   0.0186071   0.0135679    0.462351
IMAGINARY
          0 -0.00779449  0.00389825  -0.0157981
 0.00779449           0  -0.0223598   0.0162439
-0.00389825   0.0223598           0 -0.00405385
  0.0157981  -0.0162439  0.00405385           0
EndNode2[0]<--->HoM1[0]
REAL
   0.453815 -0.00712001    0.012703    0.398515
-0.00712001    0.060241   0.0298827  -0.0199846
   0.012703   0.0298827   0.0709505   0.0107608
   0.398515  -0.0199846   0.0107608    0.414993
IMAGINARY
           0   -0.0293544    0.0117569   0.00877006
   0.0293544            0 -0.000957563    0.0297981
  -0.0117569  0.000957563            0   -0.0122006
 -0.00877006   -0.0297981    0.0122006            0
Repeater1[0]<--->EndNode1[0]
REAL
   0.405548  -0.0211582 -0.00463936    0.396251
 -0.0211582   0.0620872   0.0182894   0.0135679
-0.00463936   0.0182894   0.0700132   0.0186071
   0.396251   0.0135679   0.0186071    0.462351
IMAGINARY
          0  0.00389825 -0.00779449  -0.0157981
-0.00389825           0   0.0223598 -0.00405385
 0.00779449  -0.0223598           0   0.0162439
  0.0157981  0.00405385  -0.0162439           0
Repeater1[0]<--->HoM1[0]
REAL
   0.453815    0.012703 -0.00712001    0.398515
   0.012703   0.0709505   0.0298827   0.0107608
-0.00712001   0.0298827    0.060241  -0.0199846
   0.398515   0.0107608  -0.0199846    0.414993
IMAGINARY
           0    0.0117569   -0.0293544   0.00877006
  -0.0117569            0  0.000957563   -0.0122006
   0.0293544 -0.000957563            0    0.0297981
 -0.00877006    0.0122006   -0.0297981            0
EndNode1[0]<--->Repeater1[0]
REAL
   0.409877  -0.0180636 -0.00810113    0.400209
 -0.0180636   0.0703704   0.0219018  0.00558857
-0.00810113   0.0219018   0.0802469   0.0105259
   0.400209  0.00558857   0.0105259    0.439506
IMAGINARY
           0    0.0160815  0.000895787   0.00659336
  -0.0160815            0   -0.0199267   -0.0180916
-0.000895787    0.0199267            0    0.0037598
 -0.00659336    0.0180916   -0.0037598            0
EndNode2[0]<--->HoM1[0]
REAL
    0.444302 -0.000429385  -0.00959935     0.375399
-0.000429385    0.0678617    0.0243625  -0.00233383
 -0.00959935    0.0243625    0.0627401   0.00520265
    0.375399  -0.00233383   0.00520265     0.425096
IMAGINARY
           0    0.0199528  -0.00463393  -0.00405405
  -0.0199528            0   0.00405405  -0.00831944
  0.00463393  -0.00405405            0 -0.000522755
  0.00405405   0.00831944  0.000522755            0
Repeater1[0]<--->EndNode1[0]
REAL
   0.409877 -0.00810113  -0.0180636    0.400209
-0.00810113   0.0802469   0.0219018   0.0105259
 -0.0180636   0.0219018   0.0703704  0.00558857
   0.400209   0.0105259  0.00558857    0.439506
IMAGINARY
           0  0.000895787    0.0160815   0.00659336
-0.000895787            0    0.0199267    0.0037598
  -0.0160815   -0.0199267            0   -0.0180916
 -0.00659336   -0.0037598    0.0180916            0
Repeater1[0]<--->HoM1[0]
REAL
    0.444302  -0.00959935 -0.000429385     0.375399
 -0.00959935    0.0627401    0.0243625   0.00520265
-0.000429385    0.0243625    0.0678617  -0.00233383
    0.375399   0.00520265  -0.00233383     0.425096
IMAGINARY
           0  -0.00463393    0.0199528  -0.00405405
  0.00463393            0  -0.00405405 -0.000522755
  -0.0199528   0.00405405            0  -0.00831944
  0.00405405  0.000522755   0.00831944            0
EndNode1[0]<--->Repeater1[0]
REAL
  0.425096  0.0170584 0.00953419   0.406853
 0.0170584  0.0665813  0.0302291  0.0138928
0.00953419  0.0302291  0.0678617 0.00235255
  0.406853  0.0138928 0.00235255   0.440461
IMAGINARY
          0  0.00445646  0.00251173 -0.00373037
-0.00445646           0  0.00701552  -0.0129013
-0.00251173 -0.00701552           0 -0.00315776
 0.00373037   0.0129013  0.00315776           0
EndNode2[0]<--->HoM1[0]
REAL
    0.448954    0.0102793 -0.000539943      0.40605
   0.0102793    0.0627306    0.0245784    0.0149378
-0.000539943    0.0245784    0.0602706    0.0263699
     0.40605    0.0149378    0.0263699     0.428044
IMAGINARY
          0   0.0002756  0.00413064  0.00923881
 -0.0002756           0   0.0044769  0.00540615
-0.00413064  -0.0044769           0  -0.0111748
-0.00923881 -0.00540615   0.0111748           0
Repeater1[0]<--->EndNode1[0]
REAL
  0.425096 0.00953419  0.0170584   0.406853
0.00953419  0.0678617  0.0302291 0.00235255
 0.0170584  0.0302291  0.0665813  0.0138928
  0.406853 0.00235255  0.0138928   0.440461
IMAGINARY
          0  0.00251173  0.00445646 -0.00373037
-0.00251173           0 -0.00701552 -0.00315776
-0.00445646  0.00701552           0  -0.0129013
 0.00373037  0.00315776   0.0129013           0
Repeater1[0]<--->HoM1[0]
REAL
    0.448954 -0.000539943    0.0102793      0.40605
-0.000539943    0.0602706    0.0245784    0.0263699
   0.0102793    0.0245784    0.0627306    0.0149378
     0.40605    0.0263699    0.0149378     0.428044
IMAGINARY
          0  0.00413064   0.0002756  0.00923881
-0.00413064           0  -0.0044769  -0.0111748
 -0.0002756   0.0044769           0  0.00540615
-0.00923881   0.0111748 -0.00540615           0
EndNode1[0]<--->Repeater1[0]
REAL
   0.429134 -0.00613116 -0.00777415    0.392775
-0.00613116   0.0708661   0.0264448  -0.0103317
-0.00777415   0.0264448   0.0800525   0.0047384
   0.392775  -0.0103317   0.0047384    0.419948
IMAGINARY
          0  0.00522719   0.0103844  -0.0117079
-0.00522719           0  -0.0247838  -0.0173201
 -0.0103844   0.0247838           0  -0.0109018
  0.0117079   0.0173201   0.0109018           0
EndNode2[0]<--->HoM1[0]
REAL
   0.438735 -0.00465422  -0.0146384    0.397985
-0.00465422   0.0658762   0.0213272  0.00141093
 -0.0146384   0.0213272   0.0645586  -0.0151871
   0.397985  0.00141093  -0.0151871     0.43083
IMAGINARY
          0  -0.0096193   0.0114858 -0.00356125
  0.0096193           0   0.0112536  -0.0141383
 -0.0114858  -0.0112536           0  -0.0102746
 0.00356125   0.0141383   0.0102746           0
Repeater1[0]<--->EndNode1[0]
REAL
   0.429134 -0.00777415 -0.00613116    0.392775
-0.00777415   0.0800525   0.0264448   0.0047384
-0.00613116   0.0264448   0.0708661  -0.0103317
   0.392775   0.0047384  -0.0103317    0.419948
IMAGINARY
          0   0.0103844  0.00522719  -0.0117079
 -0.0103844           0   0.0247838  -0.0109018
-0.00522719  -0.0247838           0  -0.0173201
  0.0117079   0.0109018   0.0173201           0
Repeater1[0]<--->HoM1[0]
REAL
   0.438735  -0.0146384 -0.00465422    0.397985
 -0.0146384   0.0645586   0.0213272  -0.0151871
-0.00465422   0.0213272   0.0658762  0.00141093
   0.397985  -0.0151871  0.00141093     0.43083
IMAGINARY
          0   0.0114858  -0.0096193 -0.00356125
 -0.0114858           0  -0.0112536  -0.0102746
  0.0096193   0.0112536           0  -0.0141383
 0.00356125   0.0102746   0.0141383           0
EndNode1[0]<--->Repeater1[0]
REAL
    0.437086   -0.0112688 -0.000930552     0.397095
  -0.0112688    0.0649007    0.0327298  -0.00157571
-0.000930552    0.0327298    0.0596026   -0.0037688
    0.397095  -0.00157571   -0.0037688     0.438411
IMAGINARY
           0    0.0193135 -0.000947181   -0.0126239
  -0.0193135            0    0.0105549  -0.00953371
 0.000947181   -0.0105549            0   0.00596396
   0.0126239   0.00953371  -0.00596396            0
EndNode2[0]<--->HoM1[0]
REAL
   0.462779  -0.0138828 -0.00374423    0.394119
 -0.0138828   0.0583127   0.0285617  -0.0117197
-0.00374423   0.0285617   0.0521092  0.00357354
   0.394119  -0.0117197  0.00357354    0.426799
IMAGINARY
          0  -0.0116886 -0.00835984  -0.0103278
  0.0116886           0   0.0255212  0.00131758
 0.00835984  -0.0255212           0  0.00208552
  0.0103278 -0.00131758 -0.00208552           0
Repeater1[0]<--->EndNode1[0]
REAL
    0.437086 -0.000930552   -0.0112688     0.397095
-0.000930552    0.0596026    0.0327298   -0.0037688
  -0.0112688    0.0327298    0.0649007  -0.00157571
    0.397095   -0.0037688  -0.00157571     0.438411
IMAGINARY
           0 -0.000947181    0.0193135   -0.0126239
 0.000947181            0   -0.0105549   0.00596396
  -0.0193135    0.0105549            0  -0.00953371
   0.0126239  -0.00596396   0.00953371            0
Repeater1[0]<--->HoM1[0]
REAL
   0.462779 -0.00374423  -0.0138828    0.394119
-0.00374423   0.0521092   0.0285617  0.00357354
 -0.0138828   0.0285617   0.0583127  -0.0117197
   0.394119  0.00357354  -0.0117197    0.426799
IMAGINARY
          0 -0.00835984  -0.0116886  -0.0103278
 0.00835984           0  -0.0255212  0.00208552
  0.0116886   0.0255212           0  0.00131758
  0.0103278 -0.00208552 -0.00131758           0
EndNode1[0]<--->Repeater1[0]
REAL
    0.431472   0.00851883   0.00129876     0.380999
  0.00851883    0.0558376    0.0257023 -0.000641731
  0.00129876    0.0257023    0.0799492    0.0171054
    0.380999 -0.000641731    0.0171054     0.432741
IMAGINARY
          0  -0.0031152   0.0097098  0.00790858
  0.0031152           0   0.0123446    0.014838
 -0.0097098  -0.0123446           0  0.00957515
-0.00790858   -0.014838 -0.00957515           0
EndNode2[0]<--->HoM1[0]
REAL
    0.4075  0.0207962  0.0166569   0.383197
 0.0207962    0.06125   0.021128 0.00758952
 0.0166569   0.021128     0.0625 0.00213953
  0.383197 0.00758952 0.00213953    0.46875
IMAGINARY
          0  0.00762453  0.00338247  -0.0141374
-0.00762453           0   0.0115928  0.00400669
-0.00338247  -0.0115928           0 -0.00516147
  0.0141374 -0.00400669  0.00516147           0
Repeater1[0]<--->EndNode1[0]
REAL
    0.431472   0.00129876   0.00851883     0.380999
  0.00129876    0.0799492    0.0257023    0.0171054
  0.00851883    0.0257023    0.0558376 -0.000641731
    0.380999    0.0171054 -0.000641731     0.432741
IMAGINARY
          0   0.0097098  -0.0031152  0.00790858
 -0.0097098           0  -0.0123446  0.00957515
  0.0031152   0.0123446           0    0.014838
-0.00790858 -0.00957515   -0.014838           0
Repeater1[0]<--->HoM1[0]
REAL
    0.4075  0.0166569  0.0207962   0.383197
 0.0166569     0.0625   0.021128 0.00213953
 0.0207962   0.021128    0.06125 0.00758952
  0.383197 0.00213953 0.00758952    0.46875
IMAGINARY
          0  0.00338247  0.00762453  -0.0141374
-0.00338247           0  -0.0115928 -0.00516147
-0.00762453   0.0115928           0  0.00400669
  0.0141374  0.00516147 -0.00400669           0
EndNode1[0]<--->Repeater1[0]
REAL
   0.465736  0.00465437 -0.00134581     0.38349
 0.00465437   0.0571066   0.0211524   0.0107561
-0.00134581   0.0211524   0.0659898  0.00726533
    0.38349   0.0107561  0.00726533    0.411168
IMAGINARY
          0   0.0049489  -0.0154258  0.00893741
 -0.0049489           0 -0.00446742 -0.00015862
  0.0154258  0.00446742           0   0.0184277
-0.00893741  0.00015862  -0.0184277           0
EndNode2[0]<--->HoM1[0]
REAL
   0.434896 -0.00222441  0.00711214    0.390026
-0.00222441   0.0611979   0.0217391  -0.0237362
 0.00711214   0.0217391   0.0572917  0.00478196
   0.390026  -0.0237362  0.00478196    0.446615
IMAGINARY
          0  0.00876897   0.0121857 -0.00612464
-0.00876897           0   0.0116871 -0.00707061
 -0.0121857  -0.0116871           0  0.00018244
 0.00612464  0.00707061 -0.00018244           0
Repeater1[0]<--->EndNode1[0]
REAL
   0.465736 -0.00134581  0.00465437     0.38349
-0.00134581   0.0659898   0.0211524  0.00726533
 0.00465437   0.0211524   0.0571066   0.0107561
    0.38349  0.00726533   0.0107561    0.411168
IMAGINARY
          0  -0.0154258   0.0049489  0.00893741
  0.0154258           0  0.00446742   0.0184277
 -0.0049489 -0.00446742           0 -0.00015862
-0.00893741  -0.0184277  0.00015862           0
Repeater1[0]<--->HoM1[0]
REAL
   0.434896  0.00711214 -0.00222441    0.390026
 0.00711214   0.0572917   0.0217391  0.00478196
-0.00222441   0.0217391   0.0611979  -0.0237362
   0.390026  0.00478196  -0.0237362    0.446615
IMAGINARY
          0   0.0121857  0.00876897 -0.00612464
 -0.0121857           0  -0.0116871  0.00018244
-0.00876897   0.0116871           0 -0.00707061
 0.00612464 -0.00018244  0.00707061           0
EndNode1[0]<--->Repeater1[0]
REAL
   0.428384 -0.00460456  -0.0113797    0.384876
-0.00460456    0.065703   0.0419836 0.000660884
 -0.0113797   0.0419836   0.0578187  -0.0162025
   0.384876 0.000660884  -0.0162025    0.448095
IMAGINARY
          0   0.0131479  -0.0239675  -0.0198725
 -0.0131479           0  -0.0167436  0.00277048
  0.0239675   0.0167436           0 -0.00441969
  0.0198725 -0.00277048  0.00441969           0
EndNode2[0]<--->HoM1[0]
REAL
  0.428928  0.0179976   0.015221   0.392945
 0.0179976  0.0698254    0.02645   0.007449
  0.015221    0.02645  0.0860349 0.00971026
  0.392945   0.007449 0.00971026   0.415212
IMAGINARY
           0  -0.00921511 -0.000930025  -0.00361191
  0.00921511            0   -0.0049039   0.00927406
 0.000930025    0.0049039            0  -0.00169631
  0.00361191  -0.00927406   0.00169631            0
Repeater1[0]<--->EndNode1[0]
REAL
   0.428384  -0.0113797 -0.00460456    0.384876
 -0.0113797   0.0578187   0.0419836  -0.0162025
-0.00460456   0.0419836    0.065703 0.000660884
   0.384876  -0.0162025 0.000660884    0.448095
IMAGINARY
          0  -0.0239675   0.0131479  -0.0198725
  0.0239675           0   0.0167436 -0.00441969
 -0.0131479  -0.0167436           0  0.00277048
  0.0198725  0.00441969 -0.00277048           0
Repeater1[0]<--->HoM1[0]
REAL
  0.428928   0.015221  0.0179976   0.392945
  0.015221  0.0860349    0.02645 0.00971026
 0.0179976    0.02645  0.0698254   0.007449
  0.392945 0.00971026   0.007449   0.415212
IMAGINARY
           0 -0.000930025  -0.00921511  -0.00361191
 0.000930025            0    0.0049039  -0.00169631
  0.00921511   -0.0049039            0   0.00927406
  0.00361191   0.00169631  -0.00927406            0
EndNode1[0]<--->Repeater1[0]
REAL
   0.461538  -0.0227477 -0.00921078    0.399869
 -0.0227477   0.0560626  0.00458115 4.84778e-05
-0.00921078  0.00458115   0.0612777   0.0175121
   0.399869 4.84778e-05   0.0175121    0.421121
IMAGINARY
          0 -0.00533451   0.0119435 -0.00463059
 0.00533451           0  0.00402453  0.00638109
 -0.0119435 -0.00402453           0  -0.0103723
 0.00463059 -0.00638109   0.0103723           0
EndNode2[0]<--->HoM1[0]
REAL
   0.425166  0.00407534 -0.00323988    0.397067
 0.00407534   0.0437086   0.0268177  -0.0111958
-0.00323988   0.0268177   0.0728477  -0.0132617
   0.397067  -0.0111958  -0.0132617    0.458278
IMAGINARY
           0   0.00696357   -0.0189275 -0.000772251
 -0.00696357            0  -0.00577225   0.00254485
   0.0189275   0.00577225            0  -0.00237641
 0.000772251  -0.00254485   0.00237641            0
Repeater1[0]<--->EndNode1[0]
REAL
   0.461538 -0.00921078  -0.0227477    0.399869
-0.00921078   0.0612777  0.00458115   0.0175121
 -0.0227477  0.00458115   0.0560626 4.84778e-05
   0.399869   0.0175121 4.84778e-05    0.421121
IMAGINARY
          0   0.0119435 -0.00533451 -0.00463059
 -0.0119435           0 -0.00402453  -0.0103723
 0.00533451  0.00402453           0  0.00638109
 0.00463059   0.0103723 -0.00638109           0
Repeater1[0]<--->HoM1[0]
REAL
   0.425166 -0.00323988  0.00407534    0.397067
-0.00323988   0.0728477   0.0268177  -0.0132617
 0.00407534   0.0268177   0.0437086  -0.0111958
   0.397067  -0.0132617  -0.0111958    0.458278
IMAGINARY
           0   -0.0189275   0.00696357 -0.000772251
   0.0189275            0   0.00577225  -0.00237641
 -0.00696357  -0.00577225            0   0.00254485
 0.000772251   0.00237641  -0.00254485            0
EndNode1[0]<--->Repeater1[0]
REAL
   0.450521   0.0115769  0.00789491    0.393814
  0.0115769   0.0507812   0.0259387  0.00198164
 0.00789491   0.0259387   0.0651042 -0.00293495
   0.393814  0.00198164 -0.00293495    0.433594
IMAGINARY
           0    0.0068106  -0.00101161    0.0118624
  -0.0068106            0  0.000555884    0.0113743
  0.00101161 -0.000555884            0   -0.0249453
  -0.0118624   -0.0113743    0.0249453            0
EndNode2[0]<--->HoM1[0]
REAL
   0.458583  0.00402512   0.0108849    0.396465
 0.00402512   0.0564226   0.0198585 -0.00196857
  0.0108849   0.0198585    0.062425 -0.00745447
   0.396465 -0.00196857 -0.00745447    0.422569
IMAGINARY
          0  0.00707438 -0.00738698   0.0273505
-0.00707438           0  0.00273911 -0.00803718
 0.00738698 -0.00273911           0   0.0032084
 -0.0273505  0.00803718  -0.0032084           0
Repeater1[0]<--->EndNode1[0]
REAL
   0.450521  0.00789491   0.0115769    0.393814
 0.00789491   0.0651042   0.0259387 -0.00293495
  0.0115769   0.0259387   0.0507812  0.00198164
   0.393814 -0.00293495  0.00198164    0.433594
IMAGINARY
           0  -0.00101161    0.0068106    0.0118624
  0.00101161            0 -0.000555884   -0.0249453
  -0.0068106  0.000555884            0    0.0113743
  -0.0118624    0.0249453   -0.0113743            0
Repeater1[0]<--->HoM1[0]
REAL
   0.458583   0.0108849  0.00402512    0.396465
  0.0108849    0.062425   0.0198585 -0.00745447
 0.00402512   0.0198585   0.0564226 -0.00196857
   0.396465 -0.00745447 -0.00196857    0.422569
IMAGINARY
          0 -0.00738698  0.00707438   0.0273505
 0.00738698           0 -0.00273911   0.0032084
-0.00707438  0.00273911           0 -0.00803718
 -0.0273505  -0.0032084  0.00803718           0
EndNode1[0]<--->Repeater1[0]
REAL
 0.448501 0.0168927 0.0117854  0.381196
0.0168927 0.0704042 0.0207903 0.0219895
0.0117854 0.0207903 0.0612777 0.0195312
 0.381196 0.0219895 0.0195312  0.419817
IMAGINARY
          0    0.018492  0.00303192   0.0101759
  -0.018492           0  -0.0145237   0.0160036
-0.00303192   0.0145237           0  -0.0324514
 -0.0101759  -0.0160036   0.0324514           0
EndNode2[0]<--->HoM1[0]
REAL
    0.419274   -0.0082166    -0.015133     0.389076
  -0.0082166    0.0663329    0.0260059 -0.000709881
   -0.015133    0.0260059    0.0725907   -0.0266376
    0.389076 -0.000709881   -0.0266376     0.441802
IMAGINARY
           0    0.0075932   -0.0113249  0.000565848
  -0.0075932            0   -0.0106924   0.00510084
   0.0113249    0.0106924            0    -0.022116
-0.000565848  -0.00510084     0.022116            0
Repeater1[0]<--->EndNode1[0]
REAL
 0.448501 0.0117854 0.0168927  0.381196
0.0117854 0.0612777 0.0207903 0.0195312
0.0168927 0.0207903 0.0704042 0.0219895
 0.381196 0.0195312 0.0219895  0.419817
IMAGINARY
          0  0.00303192    0.018492   0.0101759
-0.00303192           0   0.0145237  -0.0324514
  -0.018492  -0.0145237           0   0.0160036
 -0.0101759   0.0324514  -0.0160036           0
Repeater1[0]<--->HoM1[0]
REAL
    0.419274    -0.015133   -0.0082166     0.389076
   -0.015133    0.0725907    0.0260059   -0.0266376
  -0.0082166    0.0260059    0.0663329 -0.000709881
    0.389076   -0.0266376 -0.000709881     0.441802
IMAGINARY
           0   -0.0113249    0.0075932  0.000565848
   0.0113249            0    0.0106924    -0.022116
  -0.0075932   -0.0106924            0   0.00510084
-0.000565848     0.022116  -0.00510084            0
EndNode1[0]<--->Repeater1[0]
REAL
   0.443726   0.0114917   0.0126108    0.384215
  0.0114917    0.076326   0.0295783  -0.0101478
  0.0126108   0.0295783    0.068564 -0.00656559
   0.384215  -0.0101478 -0.00656559    0.411384
IMAGINARY
          0   0.0160593 -0.00393028   0.0145474
 -0.0160593           0   0.0219732  -0.0299043
 0.00393028  -0.0219732           0   0.0252941
 -0.0145474   0.0299043  -0.0252941           0
EndNode2[0]<--->HoM1[0]
REAL
   0.436409  -0.0046792  -0.0268749    0.399164
 -0.0046792   0.0723192   0.0223804 -0.00239036
 -0.0268749   0.0223804   0.0548628  -0.0233407
   0.399164 -0.00239036  -0.0233407    0.436409
IMAGINARY
           0   -0.0225626   0.00915173     0.017735
   0.0225626            0    0.0100427    0.0278132
 -0.00915173   -0.0100427            0 -0.000135177
   -0.017735   -0.0278132  0.000135177            0
Repeater1[0]<--->EndNode1[0]
REAL
   0.443726   0.0126108   0.0114917    0.384215
  0.0126108    0.068564   0.0295783 -0.00656559
  0.0114917   0.0295783    0.076326  -0.0101478
   0.384215 -0.00656559  -0.0101478    0.411384
IMAGINARY
          0 -0.00393028   0.0160593   0.0145474
 0.00393028           0  -0.0219732   0.0252941
 -0.0160593   0.0219732           0  -0.0299043
 -0.0145474  -0.0252941   0.0299043           0
Repeater1[0]<--->HoM1[0]
REAL
   0.436409  -0.0268749  -0.0046792    0.399164
 -0.0268749   0.0548628   0.0223804  -0.0233407
 -0.0046792   0.0223804   0.0723192 -0.00239036
   0.399164  -0.0233407 -0.00239036    0.436409
IMAGINARY
           0   0.00915173   -0.0225626     0.017735
 -0.00915173            0   -0.0100427 -0.000135177
   0.0225626    0.0100427            0    0.0278132
   -0.017735  0.000135177   -0.0278132            0
EndNode1[0]<--->Repeater1[0]
REAL
  0.432203 -0.0226705 -0.0119536   0.393189
-0.0226705  0.0762712  0.0255611 0.00195364
-0.0119536  0.0255611   0.062954 -0.0135795
  0.393189 0.00195364 -0.0135795   0.428571
IMAGINARY
           0  -0.00193674  0.000471362   -0.0177636
  0.00193674            0    0.0197041   0.00673703
-0.000471362   -0.0197041            0  -0.00396103
   0.0177636  -0.00673703   0.00396103            0
EndNode2[0]<--->HoM1[0]
REAL
   0.427184  0.00255129  -0.0111652    0.383562
 0.00255129   0.0679612    0.039118  0.00858788
 -0.0111652    0.039118   0.0679612 2.60335e-05
   0.383562  0.00858788 2.60335e-05    0.436893
IMAGINARY
          0  -0.0258658  -0.0010084 -0.00830798
  0.0258658           0 -0.00962031 -0.00886814
  0.0010084  0.00962031           0   0.0135201
 0.00830798  0.00886814  -0.0135201           0
Repeater1[0]<--->EndNode1[0]
REAL
  0.432203 -0.0119536 -0.0226705   0.393189
-0.0119536   0.062954  0.0255611 -0.0135795
-0.0226705  0.0255611  0.0762712 0.00195364
  0.393189 -0.0135795 0.00195364   0.428571
IMAGINARY
           0  0.000471362  -0.00193674   -0.0177636
-0.000471362            0   -0.0197041  -0.00396103
  0.00193674    0.0197041            0   0.00673703
   0.0177636   0.00396103  -0.00673703            0
Repeater1[0]<--->HoM1[0]
REAL
   0.427184  -0.0111652  0.00255129    0.383562
 -0.0111652   0.0679612    0.039118 2.60335e-05
 0.00255129    0.039118   0.0679612  0.00858788
   0.383562 2.60335e-05  0.00858788    0.436893
IMAGINARY
          0  -0.0010084  -0.0258658 -0.00830798
  0.0010084           0  0.00962031   0.0135201
  0.0258658 -0.00962031           0 -0.00886814
 0.00830798  -0.0135201  0.00886814           0
EndNode1[0]<--->Repeater1[0]
REAL
  0.472329 0.00473688 0.00531026   0.390701
0.00473688  0.0566281  0.0177059  0.0103736
0.00531026  0.0177059  0.0604891  0.0172205
  0.390701  0.0103736  0.0172205   0.410553
IMAGINARY
           0   -0.0157185  -0.00490369    0.0103273
   0.0157185            0 -0.000445854    0.0022299
  0.00490369  0.000445854            0   0.00903399
  -0.0103273   -0.0022299  -0.00903399            0
EndNode2[0]<--->HoM1[0]
REAL
   0.472329 -0.00765306  -0.0263732    0.387477
-0.00765306   0.0592021   0.0436452  0.00596507
 -0.0263732   0.0436452   0.0527671 -0.00765306
   0.387477  0.00596507 -0.00765306    0.415701
IMAGINARY
          0  -0.0126169  -0.0246751 -0.00967659
  0.0126169           0 -0.00903309  0.00892706
  0.0246751  0.00903309           0 -0.00706817
 0.00967659 -0.00892706  0.00706817           0
Repeater1[0]<--->EndNode1[0]
REAL
  0.472329 0.00531026 0.00473688   0.390701
0.00531026  0.0604891  0.0177059  0.0172205
0.00473688  0.0177059  0.0566281  0.0103736
  0.390701  0.0172205  0.0103736   0.410553
IMAGINARY
           0  -0.00490369   -0.0157185    0.0103273
  0.00490369            0  0.000445854   0.00903399
   0.0157185 -0.000445854            0    0.0022299
  -0.0103273  -0.00903399   -0.0022299            0
Repeater1[0]<--->HoM1[0]
REAL
   0.472329  -0.0263732 -0.00765306    0.387477
 -0.0263732   0.0527671   0.0436452 -0.00765306
-0.00765306   0.0436452   0.0592021  0.00596507
   0.387477 -0.00765306  0.00596507    0.415701
IMAGINARY
          0  -0.0246751  -0.0126169 -0.00967659
  0.0246751           0  0.00903309 -0.00706817
  0.0126169 -0.00903309           0  0.00892706
 0.00967659  0.00706817 -0.00892706           0
EndNode1[0]<--->Repeater1[0]
REAL
   0.443286  0.00196696 -0.00568251    0.389378
 0.00196696   0.0730117   0.0159767  0.00132386
-0.00568251   0.0159767   0.0743155  -0.0013443
   0.389378  0.00132386  -0.0013443    0.409387
IMAGINARY
          0  -0.0273602 -0.00228624 -0.00757052
  0.0273602           0   0.0133472  0.00612256
 0.00228624  -0.0133472           0 -0.00588784
 0.00757052 -0.00612256  0.00588784           0
EndNode2[0]<--->HoM1[0]
REAL
   0.464646 -0.00232303   -0.008414    0.389684
-0.00232303   0.0555556   0.0258093 -0.00246948
  -0.008414   0.0258093   0.0593434  0.00936528
   0.389684 -0.00246948  0.00936528    0.420455
IMAGINARY
           0   -0.0305991    0.0114688  0.000882163
   0.0305991            0    -0.018763    0.0120914
  -0.0114688     0.018763            0 -0.000814538
-0.000882163   -0.0120914  0.000814538            0
Repeater1[0]<--->EndNode1[0]
REAL
   0.443286 -0.00568251  0.00196696    0.389378
-0.00568251   0.0743155   0.0159767  -0.0013443
 0.00196696   0.0159767   0.0730117  0.00132386
   0.389378  -0.0013443  0.00132386    0.409387
IMAGINARY
          0 -0.00228624  -0.0273602 -0.00757052
 0.00228624           0  -0.0133472 -0.00588784
  0.0273602   0.0133472           0  0.00612256
 0.00757052  0.00588784 -0.00612256           0
Repeater1[0]<--->HoM1[0]
REAL
   0.464646   -0.008414 -0.00232303    0.389684
  -0.008414   0.0593434   0.0258093  0.00936528
-0.00232303   0.0258093   0.0555556 -0.00246948
   0.389684  0.00936528 -0.00246948    0.420455
IMAGINARY
           0    0.0114688   -0.0305991  0.000882163
  -0.0114688            0     0.018763 -0.000814538
   0.0305991    -0.018763            0    0.0120914
-0.000882163  0.000814538   -0.0120914            0
EndNode1[0]<--->Repeater1[0]
REAL
  0.449315  0.0148616 0.00459024   0.398989
 0.0148616  0.0643836  0.0236918   0.013451
0.00459024  0.0236918  0.0726027 0.00833423
  0.398989   0.013451 0.00833423   0.413699
IMAGINARY
           0    0.0206921  -0.00941776  0.000307216
  -0.0206921            0  0.000949065   -0.0202734
  0.00941776 -0.000949065            0     0.012562
-0.000307216    0.0202734    -0.012562            0
EndNode2[0]<--->HoM1[0]
REAL
  0.422368 0.00494071 0.00339522   0.402253
0.00494071      0.075  0.0213309  0.0143913
0.00339522  0.0213309  0.0723684 0.00494071
  0.402253  0.0143913 0.00494071   0.430263
IMAGINARY
           0   -0.0140176    0.0029026   -0.0131274
   0.0140176            0   0.00593782  0.000298429
  -0.0029026  -0.00593782            0     0.012097
   0.0131274 -0.000298429    -0.012097            0
Repeater1[0]<--->EndNode1[0]
REAL
  0.449315 0.00459024  0.0148616   0.398989
0.00459024  0.0726027  0.0236918 0.00833423
 0.0148616  0.0236918  0.0643836   0.013451
  0.398989 0.00833423   0.013451   0.413699
IMAGINARY
           0  -0.00941776    0.0206921  0.000307216
  0.00941776            0 -0.000949065     0.012562
  -0.0206921  0.000949065            0   -0.0202734
-0.000307216    -0.012562    0.0202734            0
Repeater1[0]<--->HoM1[0]
REAL
  0.422368 0.00339522 0.00494071   0.402253
0.00339522  0.0723684  0.0213309 0.00494071
0.00494071  0.0213309      0.075  0.0143913
  0.402253 0.00494071  0.0143913   0.430263
IMAGINARY
           0    0.0029026   -0.0140176   -0.0131274
  -0.0029026            0  -0.00593782     0.012097
   0.0140176   0.00593782            0  0.000298429
   0.0131274    -0.012097 -0.000298429            0
EndNode1[0]<--->Repeater1[0]
REAL
   0.443652 -0.00480769    -0.01021    0.390842
-0.00480769   0.0741797   0.0304082  0.00396002
   -0.01021   0.0304082   0.0513552  0.00480769
   0.390842  0.00396002  0.00480769    0.430813
IMAGINARY
           0  0.000479725    0.0116115  -0.00775576
-0.000479725            0  -0.00215177   0.00735873
  -0.0116115   0.00215177            0   0.00358532
  0.00775576  -0.00735873  -0.00358532            0
EndNode2[0]<--->HoM1[0]
REAL
 0.413924 0.0186681 0.0218928  0.391433
0.0186681  0.056962 0.0449761 0.0192543
0.0218928 0.0449761 0.0683544 0.0212322
 0.391433 0.0192543 0.0212322  0.460759
IMAGINARY
          0  0.00748031 -0.00253021  -0.0126619
-0.00748031           0 -0.00935066  0.00646722
 0.00253021  0.00935066           0   -0.025853
  0.0126619 -0.00646722    0.025853           0
Repeater1[0]<--->EndNode1[0]
REAL
   0.443652    -0.01021 -0.00480769    0.390842
   -0.01021   0.0513552   0.0304082  0.00480769
-0.00480769   0.0304082   0.0741797  0.00396002
   0.390842  0.00480769  0.00396002    0.430813
IMAGINARY
           0    0.0116115  0.000479725  -0.00775576
  -0.0116115            0   0.00215177   0.00358532
-0.000479725  -0.00215177            0   0.00735873
  0.00775576  -0.00358532  -0.00735873            0
Repeater1[0]<--->HoM1[0]
REAL
 0.413924 0.0218928 0.0186681  0.391433
0.0218928 0.0683544 0.0449761 0.0212322
0.0186681 0.0449761  0.056962 0.0192543
 0.391433 0.0212322 0.0192543  0.460759
IMAGINARY
          0 -0.00253021  0.00748031  -0.0126619
 0.00253021           0  0.00935066   -0.025853
-0.00748031 -0.00935066           0  0.00646722
  0.0126619    0.025853 -0.00646722           0
EndNode1[0]<--->Repeater1[0]
REAL
  0.419098 -0.0122085 -0.0207237   0.380366
-0.0122085  0.0583554  0.0206492 -0.0122712
-0.0207237  0.0206492   0.071618 -0.0258626
  0.380366 -0.0122712 -0.0258626   0.450928
IMAGINARY
           0 -0.000553833   0.00876608  -0.00460024
 0.000553833            0    -0.011697   -0.0119836
 -0.00876608     0.011697            0  -0.00523767
  0.00460024    0.0119836   0.00523767            0
EndNode2[0]<--->HoM1[0]
REAL
   0.453518 -0.00911458 -0.00233645    0.406985
-0.00911458   0.0603015   0.0148898  0.00233645
-0.00233645   0.0148898   0.0653266 -0.00651042
   0.406985  0.00233645 -0.00651042    0.420854
IMAGINARY
          0  0.00827962   0.0145128  0.00511509
-0.00827962           0  0.00511509    0.001171
 -0.0145128 -0.00511509           0  -0.0164352
-0.00511509   -0.001171   0.0164352           0
Repeater1[0]<--->EndNode1[0]
REAL
  0.419098 -0.0207237 -0.0122085   0.380366
-0.0207237   0.071618  0.0206492 -0.0258626
-0.0122085  0.0206492  0.0583554 -0.0122712
  0.380366 -0.0258626 -0.0122712   0.450928
IMAGINARY
           0   0.00876608 -0.000553833  -0.00460024
 -0.00876608            0     0.011697  -0.00523767
 0.000553833    -0.011697            0   -0.0119836
  0.00460024   0.00523767    0.0119836            0
Repeater1[0]<--->HoM1[0]
REAL
   0.453518 -0.00233645 -0.00911458    0.406985
-0.00233645   0.0653266   0.0148898 -0.00651042
-0.00911458   0.0148898   0.0603015  0.00233645
   0.406985 -0.00651042  0.00233645    0.420854
IMAGINARY
          0   0.0145128  0.00827962  0.00511509
 -0.0145128           0 -0.00511509  -0.0164352
-0.00827962  0.00511509           0    0.001171
-0.00511509   0.0164352   -0.001171           0
EndNode1[0]<--->Repeater1[0]
REAL
   0.448609   0.0179006  0.00227596    0.388352
  0.0179006   0.0749698   0.0163522 -0.00408537
 0.00227596   0.0163522   0.0544135  -0.0112661
   0.388352 -0.00408537  -0.0112661    0.422007
IMAGINARY
          0 -0.00831847 -0.00975041   0.0166673
 0.00831847           0   0.0206461   0.0124171
 0.00975041  -0.0206461           0 -0.00768153
 -0.0166673  -0.0124171  0.00768153           0
EndNode2[0]<--->HoM1[0]
REAL
   0.43199 0.00701993   0.015993   0.381448
0.00701993  0.0692695  0.0290909  0.0109678
  0.015993  0.0290909  0.0642317  0.0138134
  0.381448  0.0109678  0.0138134   0.434509
IMAGINARY
           0  1.97563e-05   -0.0204388  -0.00996482
-1.97563e-05            0   -0.0113384   0.00182839
   0.0204388    0.0113384            0    0.0223127
  0.00996482  -0.00182839   -0.0223127            0
Repeater1[0]<--->EndNode1[0]
REAL
   0.448609  0.00227596   0.0179006    0.388352
 0.00227596   0.0544135   0.0163522  -0.0112661
  0.0179006   0.0163522   0.0749698 -0.00408537
   0.388352  -0.0112661 -0.00408537    0.422007
IMAGINARY
          0 -0.00975041 -0.00831847   0.0166673
 0.00975041           0  -0.0206461 -0.00768153
 0.00831847   0.0206461           0   0.0124171
 -0.0166673  0.00768153  -0.0124171           0
Repeater1[0]<--->HoM1[0]
REAL
   0.43199   0.015993 0.00701993   0.381448
  0.015993  0.0642317  0.0290909  0.0138134
0.00701993  0.0290909  0.0692695  0.0109678
  0.381448  0.0138134  0.0109678   0.434509
IMAGINARY
           0   -0.0204388  1.97563e-05  -0.00996482
   0.0204388            0    0.0113384    0.0223127
-1.97563e-05   -0.0113384            0   0.00182839
  0.00996482   -0.0223127  -0.00182839            0
EndNode1[0]<--->Repeater1[0]
REAL
   0.446667 -0.00189418 0.000134174    0.396576
-0.00189418   0.0613333   0.0238486  -0.0173756
0.000134174   0.0238486   0.0546667  -0.0126947
   0.396576  -0.0173756  -0.0126947    0.437333
IMAGINARY
          0  -0.0039012  0.00537093 -0.00727585
  0.0039012           0   0.0320642 -0.00666963
-0.00537093  -0.0320642           0  -0.0025923
 0.00727585  0.00666963   0.0025923           0
EndNode2[0]<--->HoM1[0]
REAL
  0.430925 -0.0125837 0.00110747   0.382799
