EndNode1[0]<--->Repeater1[0]
REAL
   0.452659   -0.006557  0.00559387    0.284382
  -0.006557   0.0518807  0.00702868 -0.00620737
 0.00559387  0.00702868   0.0609598  0.00839749
   0.284382 -0.00620737  0.00839749    0.434501
IMAGINARY
          0  0.00978424  0.00263337   0.0098151
-0.00978424           0    0.003839   0.0113615
-0.00263337   -0.003839           0  -0.0148733
 -0.0098151  -0.0113615   0.0148733           0
EndNode2[0]<--->HoM1[0]
REAL
   0.413572   -0.007978  -0.0059339    0.298783
  -0.007978   0.0435339   0.0073393  0.00338287
 -0.0059339   0.0073393   0.0640205 -0.00987914
   0.298783  0.00338287 -0.00987914    0.478873
IMAGINARY
          0  0.00635339  0.00200535 -0.00979112
-0.00635339           0  0.00979112  0.00200535
-0.00200535 -0.00979112           0   0.0110263
 0.00979112 -0.00200535  -0.0110263           0
Repeater1[0]<--->EndNode1[0]
REAL
   0.452659  0.00559387   -0.006557    0.284382
 0.00559387   0.0609598  0.00702868  0.00839749
  -0.006557  0.00702868   0.0518807 -0.00620737
   0.284382  0.00839749 -0.00620737    0.434501
IMAGINARY
          0  0.00263337  0.00978424   0.0098151
-0.00263337           0   -0.003839  -0.0148733
-0.00978424    0.003839           0   0.0113615
 -0.0098151   0.0148733  -0.0113615           0
Repeater1[0]<--->HoM1[0]
REAL
   0.413572  -0.0059339   -0.007978    0.298783
 -0.0059339   0.0640205   0.0073393 -0.00987914
  -0.007978   0.0073393   0.0435339  0.00338287
   0.298783 -0.00987914  0.00338287    0.478873
IMAGINARY
          0  0.00200535  0.00635339 -0.00979112
-0.00200535           0 -0.00979112   0.0110263
-0.00635339  0.00979112           0  0.00200535
 0.00979112  -0.0110263 -0.00200535           0
EndNode1[0]<--->Repeater1[0]
REAL
   0.455614   0.0164746   0.0192482    0.280711
  0.0164746   0.0469974 -0.00527651 -0.00187852
  0.0192482 -0.00527651   0.0443864  -0.0226781
   0.280711 -0.00187852  -0.0226781    0.453003
IMAGINARY
          0    0.008816  0.00448282 -0.00288742
  -0.008816           0  0.00353931   0.0139885
-0.00448282 -0.00353931           0  -0.0145485
 0.00288742  -0.0139885   0.0145485           0
EndNode2[0]<--->HoM1[0]
REAL
   0.457908  -0.0102475  0.00165125    0.292604
 -0.0102475   0.0548469  0.00916409 -0.00165125
 0.00165125  0.00916409   0.0408163   0.0190859
   0.292604 -0.00165125   0.0190859    0.446429
IMAGINARY
          0 -0.00706211 -0.00368289 -0.00115497
 0.00706211           0    -0.01113 -0.00841902
 0.00368289     0.01113           0   0.0038774
 0.00115497  0.00841902  -0.0038774           0
Repeater1[0]<--->EndNode1[0]
REAL
   0.455614   0.0192482   0.0164746    0.280711
  0.0192482   0.0443864 -0.00527651  -0.0226781
  0.0164746 -0.00527651   0.0469974 -0.00187852
   0.280711  -0.0226781 -0.00187852    0.453003
IMAGINARY
          0  0.00448282    0.008816 -0.00288742
-0.00448282           0 -0.00353931  -0.0145485
  -0.008816  0.00353931           0   0.0139885
 0.00288742   0.0145485  -0.0139885           0
Repeater1[0]<--->HoM1[0]
REAL
   0.457908  0.00165125  -0.0102475    0.292604
 0.00165125   0.0408163  0.00916409   0.0190859
 -0.0102475  0.00916409   0.0548469 -0.00165125
   0.292604   0.0190859 -0.00165125    0.446429
IMAGINARY
          0 -0.00368289 -0.00706211 -0.00115497
 0.00368289           0     0.01113   0.0038774
 0.00706211    -0.01113           0 -0.00841902
 0.00115497  -0.0038774  0.00841902           0
EndNode1[0]<--->Repeater1[0]
REAL
  0.446914 -0.0153727 0.00158436   0.306253
-0.0153727  0.0481481 0.00600293 -0.0061476
0.00158436 0.00600293  0.0444444  0.0264548
  0.306253 -0.0061476  0.0264548   0.460494
IMAGINARY
           0    0.0173691   -0.0113876    0.0071084
  -0.0173691            0 -0.000867064  -0.00671474
   0.0113876  0.000867064            0  -0.00176358
  -0.0071084   0.00671474   0.00176358            0
EndNode2[0]<--->HoM1[0]
REAL
     0.44106 -0.000552148    0.0152103     0.282798
-0.000552148    0.0596026   -0.0195128   -0.0115871
   0.0152103   -0.0195128    0.0516556  -0.00307104
    0.282798   -0.0115871  -0.00307104     0.447682
IMAGINARY
          0    0.026539  -0.0093177  0.00534678
  -0.026539           0 -0.00133609 -0.00801221
  0.0093177  0.00133609           0  0.00362791
-0.00534678  0.00801221 -0.00362791           0
Repeater1[0]<--->EndNode1[0]
REAL
  0.446914 0.00158436 -0.0153727   0.306253
0.00158436  0.0444444 0.00600293  0.0264548
-0.0153727 0.00600293  0.0481481 -0.0061476
  0.306253  0.0264548 -0.0061476   0.460494
IMAGINARY
           0   -0.0113876    0.0173691    0.0071084
   0.0113876            0  0.000867064  -0.00176358
  -0.0173691 -0.000867064            0  -0.00671474
  -0.0071084   0.00176358   0.00671474            0
Repeater1[0]<--->HoM1[0]
REAL
     0.44106    0.0152103 -0.000552148     0.282798
   0.0152103    0.0516556   -0.0195128  -0.00307104
-0.000552148   -0.0195128    0.0596026   -0.0115871
    0.282798  -0.00307104   -0.0115871     0.447682
IMAGINARY
          0  -0.0093177    0.026539  0.00534678
  0.0093177           0  0.00133609  0.00362791
  -0.026539 -0.00133609           0 -0.00801221
-0.00534678 -0.00362791  0.00801221           0
EndNode1[0]<--->Repeater1[0]
REAL
  0.449062 -0.0037923 0.00767657   0.291046
-0.0037923  0.0402145 0.00116226 -0.0128714
0.00767657 0.00116226   0.041555  0.0037923
  0.291046 -0.0128714  0.0037923   0.469169
IMAGINARY
          0  0.00611634  -0.0099944 -0.00859117
-0.00611634           0   0.0117438  0.00286081
  0.0099944  -0.0117438           0   0.0113934
 0.00859117 -0.00286081  -0.0113934           0
EndNode2[0]<--->HoM1[0]
REAL
   0.459494  0.00460684 -0.00273192    0.292276
 0.00460684   0.0481013   0.0106975  -0.0053226
-0.00273192   0.0106975   0.0468354  0.00840431
   0.292276  -0.0053226  0.00840431     0.44557
IMAGINARY
          0 -0.00153679 -0.00205812  -0.0166158
 0.00153679           0  -0.0230261  0.00863707
 0.00205812   0.0230261           0   0.0133789
  0.0166158 -0.00863707  -0.0133789           0
Repeater1[0]<--->EndNode1[0]
REAL
  0.449062 0.00767657 -0.0037923   0.291046
0.00767657   0.041555 0.00116226  0.0037923
-0.0037923 0.00116226  0.0402145 -0.0128714
  0.291046  0.0037923 -0.0128714   0.469169
IMAGINARY
          0  -0.0099944  0.00611634 -0.00859117
  0.0099944           0  -0.0117438   0.0113934
-0.00611634   0.0117438           0  0.00286081
 0.00859117  -0.0113934 -0.00286081           0
Repeater1[0]<--->HoM1[0]
REAL
   0.459494 -0.00273192  0.00460684    0.292276
-0.00273192   0.0468354   0.0106975  0.00840431
 0.00460684   0.0106975   0.0481013  -0.0053226
   0.292276  0.00840431  -0.0053226     0.44557
IMAGINARY
          0 -0.00205812 -0.00153679  -0.0166158
 0.00205812           0   0.0230261   0.0133789
 0.00153679  -0.0230261           0  0.00863707
  0.0166158  -0.0133789 -0.00863707           0
EndNode1[0]<--->Repeater1[0]
REAL
   0.482673  -0.0123319  -0.0078621    0.284609
 -0.0123319   0.0470297   0.0135563 0.000653714
 -0.0078621   0.0135563    0.049505   0.0103659
   0.284609 0.000653714   0.0103659    0.420792
IMAGINARY
           0   0.00232365  -0.00256375 -0.000337877
 -0.00232365            0   0.00163321   0.00387954
  0.00256375  -0.00163321            0   0.00688688
 0.000337877  -0.00387954  -0.00688688            0
EndNode2[0]<--->HoM1[0]
REAL
   0.449219  0.00998668  -0.0196593    0.295834
 0.00998668   0.0351562 0.000437609   0.0123357
 -0.0196593 0.000437609   0.0442708  0.00798935
   0.295834   0.0123357  0.00798935    0.471354
IMAGINARY
          0   0.0149455  -0.0153666   0.0152103
 -0.0149455           0  -0.0202736  0.00130009
  0.0153666   0.0202736           0  -0.0111091
 -0.0152103 -0.00130009   0.0111091           0
Repeater1[0]<--->EndNode1[0]
REAL
   0.482673  -0.0078621  -0.0123319    0.284609
 -0.0078621    0.049505   0.0135563   0.0103659
 -0.0123319   0.0135563   0.0470297 0.000653714
   0.284609   0.0103659 0.000653714    0.420792
IMAGINARY
           0  -0.00256375   0.00232365 -0.000337877
  0.00256375            0  -0.00163321   0.00688688
 -0.00232365   0.00163321            0   0.00387954
 0.000337877  -0.00688688  -0.00387954            0
Repeater1[0]<--->HoM1[0]
REAL
   0.449219  -0.0196593  0.00998668    0.295834
 -0.0196593   0.0442708 0.000437609  0.00798935
 0.00998668 0.000437609   0.0351562   0.0123357
   0.295834  0.00798935   0.0123357    0.471354
IMAGINARY
          0  -0.0153666   0.0149455   0.0152103
  0.0153666           0   0.0202736  -0.0111091
 -0.0149455  -0.0202736           0  0.00130009
 -0.0152103   0.0111091 -0.00130009           0
EndNode1[0]<--->Repeater1[0]
REAL
    0.452186  0.000363871   0.00663822     0.298745
 0.000363871    0.0532787   0.00361079 -9.37218e-05
  0.00663822   0.00361079    0.0546448   -0.0108351
    0.298745 -9.37218e-05   -0.0108351     0.439891
IMAGINARY
          0 -0.00128041  -0.0128041   0.0016043
 0.00128041           0   0.0028543  -0.0147247
  0.0128041  -0.0028543           0   0.0134443
 -0.0016043   0.0147247  -0.0134443           0
EndNode2[0]<--->HoM1[0]
REAL
  0.440994  0.0104527  0.0110304   0.291325
 0.0104527   0.047205 0.00893473  0.0116674
 0.0110304 0.00893473  0.0521739  0.0252152
  0.291325  0.0116674  0.0252152   0.459627
IMAGINARY
          0   0.0335613  0.00910379  -0.0130791
 -0.0335613           0  -0.0170579  -0.0248271
-0.00910379   0.0170579           0  0.00606132
  0.0130791   0.0248271 -0.00606132           0
Repeater1[0]<--->EndNode1[0]
REAL
    0.452186   0.00663822  0.000363871     0.298745
  0.00663822    0.0546448   0.00361079   -0.0108351
 0.000363871   0.00361079    0.0532787 -9.37218e-05
    0.298745   -0.0108351 -9.37218e-05     0.439891
IMAGINARY
          0  -0.0128041 -0.00128041   0.0016043
  0.0128041           0  -0.0028543   0.0134443
 0.00128041   0.0028543           0  -0.0147247
 -0.0016043  -0.0134443   0.0147247           0
Repeater1[0]<--->HoM1[0]
REAL
  0.440994  0.0110304  0.0104527   0.291325
 0.0110304  0.0521739 0.00893473  0.0252152
 0.0104527 0.00893473   0.047205  0.0116674
  0.291325  0.0252152  0.0116674   0.459627
IMAGINARY
          0  0.00910379   0.0335613  -0.0130791
-0.00910379           0   0.0170579  0.00606132
 -0.0335613  -0.0170579           0  -0.0248271
  0.0130791 -0.00606132   0.0248271           0
EndNode1[0]<--->Repeater1[0]
REAL
  0.420786 -0.0245675 -0.0254129   0.309945
-0.0245675  0.0468948 0.00834741  -0.012392
-0.0254129 0.00834741  0.0544994 -0.0120179
  0.309945  -0.012392 -0.0120179    0.47782
IMAGINARY
          0 -0.00743763   0.0196405  0.00338015
 0.00743763           0   0.0114347   0.0196405
 -0.0196405  -0.0114347           0  0.00144562
-0.00338015  -0.0196405 -0.00144562           0
EndNode2[0]<--->HoM1[0]
REAL
   0.449931  -0.0141367 -0.00920313    0.282197
 -0.0141367   0.0438957  0.00800373 -0.00461597
-0.00920313  0.00800373   0.0466392  -0.0160141
   0.282197 -0.00461597  -0.0160141    0.459534
IMAGINARY
          0  0.00041665  -0.0120711 -0.00503735
-0.00041665           0  -0.0129114  0.00110333
  0.0120711   0.0129114           0   0.0273253
 0.00503735 -0.00110333  -0.0273253           0
Repeater1[0]<--->EndNode1[0]
REAL
  0.420786 -0.0254129 -0.0245675   0.309945
-0.0254129  0.0544994 0.00834741 -0.0120179
-0.0245675 0.00834741  0.0468948  -0.012392
  0.309945 -0.0120179  -0.012392    0.47782
IMAGINARY
          0   0.0196405 -0.00743763  0.00338015
 -0.0196405           0  -0.0114347  0.00144562
 0.00743763   0.0114347           0   0.0196405
-0.00338015 -0.00144562  -0.0196405           0
Repeater1[0]<--->HoM1[0]
REAL
   0.449931 -0.00920313  -0.0141367    0.282197
-0.00920313   0.0466392  0.00800373  -0.0160141
 -0.0141367  0.00800373   0.0438957 -0.00461597
   0.282197  -0.0160141 -0.00461597    0.459534
IMAGINARY
          0  -0.0120711  0.00041665 -0.00503735
  0.0120711           0   0.0129114   0.0273253
-0.00041665  -0.0129114           0  0.00110333
 0.00503735  -0.0273253 -0.00110333           0
EndNode1[0]<--->Repeater1[0]
REAL
   0.512195  -0.0146933 -0.00501489    0.285776
 -0.0146933   0.0449294 -0.00515644 0.000304258
-0.00501489 -0.00515644   0.0397946 -0.00213044
   0.285776 0.000304258 -0.00213044    0.403081
IMAGINARY
           0   0.00935856    0.0150152    0.0157307
 -0.00935856            0    -0.002979   0.00387654
  -0.0150152     0.002979            0 -0.000542435
  -0.0157307  -0.00387654  0.000542435            0
EndNode2[0]<--->HoM1[0]
REAL
   0.48285 -0.0042517 -0.0170843   0.286497
-0.0042517  0.0488127  0.0160885 0.00944627
-0.0170843  0.0160885  0.0356201 0.00836451
  0.286497 0.00944627 0.00836451   0.432718
IMAGINARY
          0 -0.00334013 -0.00897763  0.00137711
 0.00334013           0  -0.0157018   -0.007604
 0.00897763   0.0157018           0  0.00716666
-0.00137711    0.007604 -0.00716666           0
Repeater1[0]<--->EndNode1[0]
REAL
   0.512195 -0.00501489  -0.0146933    0.285776
-0.00501489   0.0397946 -0.00515644 -0.00213044
 -0.0146933 -0.00515644   0.0449294 0.000304258
   0.285776 -0.00213044 0.000304258    0.403081
IMAGINARY
           0    0.0150152   0.00935856    0.0157307
  -0.0150152            0     0.002979 -0.000542435
 -0.00935856    -0.002979            0   0.00387654
  -0.0157307  0.000542435  -0.00387654            0
Repeater1[0]<--->HoM1[0]
REAL
   0.48285 -0.0170843 -0.0042517   0.286497
-0.0170843  0.0356201  0.0160885 0.00836451
-0.0042517  0.0160885  0.0488127 0.00944627
  0.286497 0.00836451 0.00944627   0.432718
IMAGINARY
          0 -0.00897763 -0.00334013  0.00137711
 0.00897763           0   0.0157018  0.00716666
 0.00334013  -0.0157018           0   -0.007604
-0.00137711 -0.00716666    0.007604           0
EndNode1[0]<--->Repeater1[0]
REAL
   0.459196  -0.0148649  -0.0130765    0.292768
 -0.0148649   0.0499391   0.0112863 -0.00178834
 -0.0130765   0.0112863   0.0499391 -0.00135135
   0.292768 -0.00178834 -0.00135135    0.440926
IMAGINARY
         0   0.015116 -0.0169389  0.0229364
 -0.015116          0 -0.0153222 -0.0077525
 0.0169389  0.0153222          0  0.0157482
-0.0229364  0.0077525 -0.0157482          0
EndNode2[0]<--->HoM1[0]
REAL
    0.44249  0.00601929  -0.0203804    0.283996
 0.00601929   0.0663058  -0.0017179 -0.00240439
 -0.0203804  -0.0017179   0.0568336  -0.0136142
   0.283996 -0.00240439  -0.0136142    0.434371
IMAGINARY
           0   -0.0107411    0.0227083   0.00190027
   0.0107411            0 -8.64851e-05   -0.0176958
  -0.0227083  8.64851e-05            0 -0.000537057
 -0.00190027    0.0176958  0.000537057            0
Repeater1[0]<--->EndNode1[0]
REAL
   0.459196  -0.0130765  -0.0148649    0.292768
 -0.0130765   0.0499391   0.0112863 -0.00135135
 -0.0148649   0.0112863   0.0499391 -0.00178834
   0.292768 -0.00135135 -0.00178834    0.440926
IMAGINARY
         0 -0.0169389   0.015116  0.0229364
 0.0169389          0  0.0153222  0.0157482
 -0.015116 -0.0153222          0 -0.0077525
-0.0229364 -0.0157482  0.0077525          0
Repeater1[0]<--->HoM1[0]
REAL
    0.44249  -0.0203804  0.00601929    0.283996
 -0.0203804   0.0568336  -0.0017179  -0.0136142
 0.00601929  -0.0017179   0.0663058 -0.00240439
   0.283996  -0.0136142 -0.00240439    0.434371
IMAGINARY
           0    0.0227083   -0.0107411   0.00190027
  -0.0227083            0  8.64851e-05 -0.000537057
   0.0107411 -8.64851e-05            0   -0.0176958
 -0.00190027  0.000537057    0.0176958            0
EndNode1[0]<--->Repeater1[0]
REAL
   0.449529   0.0160924  0.00491267    0.289512
  0.0160924   0.0457604 -0.00845458  0.00431243
 0.00491267 -0.00845458   0.0457604    0.025113
   0.289512  0.00431243    0.025113     0.45895
IMAGINARY
           0    -0.014626 -0.000852407    0.0193949
    0.014626            0   -0.0181386    0.0281713
 0.000852407    0.0181386            0  -0.00125706
  -0.0193949   -0.0281713   0.00125706            0
EndNode2[0]<--->HoM1[0]
REAL
   0.449742 -0.00998693  -0.0089836    0.290451
-0.00998693   0.0502577  0.00903777  -0.0120892
 -0.0089836  0.00903777   0.0489691  0.00551694
   0.290451  -0.0120892  0.00551694    0.451031
IMAGINARY
          0     0.02219  0.00155794 -0.00941516
   -0.02219           0   0.0100654 -0.00286684
-0.00155794  -0.0100654           0 -0.00124755
 0.00941516  0.00286684  0.00124755           0
Repeater1[0]<--->EndNode1[0]
REAL
   0.449529  0.00491267   0.0160924    0.289512
 0.00491267   0.0457604 -0.00845458    0.025113
  0.0160924 -0.00845458   0.0457604  0.00431243
   0.289512    0.025113  0.00431243     0.45895
IMAGINARY
           0 -0.000852407    -0.014626    0.0193949
 0.000852407            0    0.0181386  -0.00125706
    0.014626   -0.0181386            0    0.0281713
  -0.0193949   0.00125706   -0.0281713            0
Repeater1[0]<--->HoM1[0]
REAL
   0.449742  -0.0089836 -0.00998693    0.290451
 -0.0089836   0.0489691  0.00903777  0.00551694
-0.00998693  0.00903777   0.0502577  -0.0120892
   0.290451  0.00551694  -0.0120892    0.451031
IMAGINARY
          0  0.00155794     0.02219 -0.00941516
-0.00155794           0  -0.0100654 -0.00124755
   -0.02219   0.0100654           0 -0.00286684
 0.00941516  0.00124755  0.00286684           0
EndNode1[0]<--->Repeater1[0]
REAL
   0.442281 -0.00203308  0.00988003    0.272848
-0.00203308   0.0486787  -0.0121643  0.00660349
 0.00988003  -0.0121643   0.0556328  0.00874859
   0.272848  0.00660349  0.00874859    0.453408
IMAGINARY
          0 -0.00033525  0.00764969  0.00921727
 0.00033525           0  0.00235085  0.00832083
-0.00764969 -0.00235085           0 -0.00949276
-0.00921727 -0.00832083  0.00949276           0
EndNode2[0]<--->HoM1[0]
REAL
   0.440678  -0.0168621  0.00606239    0.279973
 -0.0168621   0.0469361 0.000312009  -0.0191265
 0.00606239 0.000312009    0.041721   0.0049856
   0.279973  -0.0191265   0.0049856    0.470665
IMAGINARY
           0    0.0161124  0.000311623    0.0173836
  -0.0161124            0   -0.0225649    0.0329348
-0.000311623    0.0225649            0   -0.0167643
  -0.0173836   -0.0329348    0.0167643            0
Repeater1[0]<--->EndNode1[0]
REAL
   0.442281  0.00988003 -0.00203308    0.272848
 0.00988003   0.0556328  -0.0121643  0.00874859
-0.00203308  -0.0121643   0.0486787  0.00660349
   0.272848  0.00874859  0.00660349    0.453408
IMAGINARY
          0  0.00764969 -0.00033525  0.00921727
-0.00764969           0 -0.00235085 -0.00949276
 0.00033525  0.00235085           0  0.00832083
-0.00921727  0.00949276 -0.00832083           0
Repeater1[0]<--->HoM1[0]
REAL
   0.440678  0.00606239  -0.0168621    0.279973
 0.00606239    0.041721 0.000312009   0.0049856
 -0.0168621 0.000312009   0.0469361  -0.0191265
   0.279973   0.0049856  -0.0191265    0.470665
IMAGINARY
           0  0.000311623    0.0161124    0.0173836
-0.000311623            0    0.0225649   -0.0167643
  -0.0161124   -0.0225649            0    0.0329348
  -0.0173836    0.0167643   -0.0329348            0
EndNode1[0]<--->Repeater1[0]
REAL
   0.456919  0.00554475 -0.00145894    0.297645
 0.00554475   0.0456919  0.00830537  -0.0198865
-0.00145894  0.00830537   0.0561358 -0.00101693
   0.297645  -0.0198865 -0.00101693    0.441253
IMAGINARY
          0  0.00165231  0.00495189  -0.0211017
-0.00165231           0  -0.0124002  -0.0316016
-0.00495189   0.0124002           0   0.0224594
  0.0211017   0.0316016  -0.0224594           0
EndNode2[0]<--->HoM1[0]
REAL
   0.429825   0.0016279  -0.0121143    0.293786
  0.0016279   0.0488722  0.00570646  0.00323101
 -0.0121143  0.00570646   0.0451128 -0.00035886
   0.293786  0.00323101 -0.00035886     0.47619
IMAGINARY
          0  0.00635956 -0.00825913   0.0199662
-0.00635956           0  0.00830971 -0.00564816
 0.00825913 -0.00830971           0 -0.00834632
 -0.0199662  0.00564816  0.00834632           0
Repeater1[0]<--->EndNode1[0]
REAL
   0.456919 -0.00145894  0.00554475    0.297645
-0.00145894   0.0561358  0.00830537 -0.00101693
 0.00554475  0.00830537   0.0456919  -0.0198865
   0.297645 -0.00101693  -0.0198865    0.441253
IMAGINARY
          0  0.00495189  0.00165231  -0.0211017
-0.00495189           0   0.0124002   0.0224594
-0.00165231  -0.0124002           0  -0.0316016
  0.0211017  -0.0224594   0.0316016           0
Repeater1[0]<--->HoM1[0]
REAL
   0.429825  -0.0121143   0.0016279    0.293786
 -0.0121143   0.0451128  0.00570646 -0.00035886
  0.0016279  0.00570646   0.0488722  0.00323101
   0.293786 -0.00035886  0.00323101     0.47619
IMAGINARY
          0 -0.00825913  0.00635956   0.0199662
 0.00825913           0 -0.00830971 -0.00834632
-0.00635956  0.00830971           0 -0.00564816
 -0.0199662  0.00834632  0.00564816           0
EndNode1[0]<--->Repeater1[0]
REAL
  0.443038 -0.0164766 -0.0277663   0.297436
-0.0164766  0.0417722  0.0135095 -0.0244725
-0.0277663  0.0135095  0.0493671 -0.0108866
  0.297436 -0.0244725 -0.0108866   0.465823
IMAGINARY
          0 -0.00922179 -0.00631939  -0.0098284
 0.00922179           0   0.0198686   0.0122482
 0.00631939  -0.0198686           0 -0.00988229
  0.0098284  -0.0122482  0.00988229           0
EndNode2[0]<--->HoM1[0]
REAL
   0.423448  -0.0103035   0.0130195    0.273011
 -0.0103035   0.0593103 -0.00862708   0.0184873
  0.0130195 -0.00862708   0.0537931  0.00619394
   0.273011   0.0184873  0.00619394    0.463448
IMAGINARY
           0  -0.00252604  -0.00996306   0.00657403
  0.00252604            0   0.00409264  -0.00492528
  0.00996306  -0.00409264            0  4.46523e-05
 -0.00657403   0.00492528 -4.46523e-05            0
Repeater1[0]<--->EndNode1[0]
REAL
  0.443038 -0.0277663 -0.0164766   0.297436
-0.0277663  0.0493671  0.0135095 -0.0108866
-0.0164766  0.0135095  0.0417722 -0.0244725
  0.297436 -0.0108866 -0.0244725   0.465823
IMAGINARY
          0 -0.00631939 -0.00922179  -0.0098284
 0.00631939           0  -0.0198686 -0.00988229
 0.00922179   0.0198686           0   0.0122482
  0.0098284  0.00988229  -0.0122482           0
Repeater1[0]<--->HoM1[0]
REAL
   0.423448   0.0130195  -0.0103035    0.273011
  0.0130195   0.0537931 -0.00862708  0.00619394
 -0.0103035 -0.00862708   0.0593103   0.0184873
   0.273011  0.00619394   0.0184873    0.463448
IMAGINARY
           0  -0.00996306  -0.00252604   0.00657403
  0.00996306            0  -0.00409264  4.46523e-05
  0.00252604   0.00409264            0  -0.00492528
 -0.00657403 -4.46523e-05   0.00492528            0
EndNode1[0]<--->Repeater1[0]
REAL
    0.461538 -0.000191582   -0.0244545     0.288517
-0.000191582    0.0428752   0.00223729    0.0147221
  -0.0244545   0.00223729    0.0567465   0.00505776
    0.288517    0.0147221   0.00505776      0.43884
IMAGINARY
          0  0.00662772   0.0199258  -0.0254966
-0.00662772           0 -0.00262077  -0.0146487
 -0.0199258  0.00262077           0  -0.0171818
  0.0254966   0.0146487   0.0171818           0
EndNode2[0]<--->HoM1[0]
REAL
   0.450723 -0.00533436  -0.0182351    0.291896
-0.00533436   0.0446781   0.0165873  0.00538163
 -0.0182351   0.0165873   0.0459921  0.00404902
   0.291896  0.00538163  0.00404902    0.458607
IMAGINARY
           0   -0.0130055 -0.000648071   0.00677311
   0.0130055            0  -0.00927311   0.00558634
 0.000648071   0.00927311            0   0.00806726
 -0.00677311  -0.00558634  -0.00806726            0
Repeater1[0]<--->EndNode1[0]
REAL
    0.461538   -0.0244545 -0.000191582     0.288517
  -0.0244545    0.0567465   0.00223729   0.00505776
-0.000191582   0.00223729    0.0428752    0.0147221
    0.288517   0.00505776    0.0147221      0.43884
IMAGINARY
          0   0.0199258  0.00662772  -0.0254966
 -0.0199258           0  0.00262077  -0.0171818
-0.00662772 -0.00262077           0  -0.0146487
  0.0254966   0.0171818   0.0146487           0
Repeater1[0]<--->HoM1[0]
REAL
   0.450723  -0.0182351 -0.00533436    0.291896
 -0.0182351   0.0459921   0.0165873  0.00404902
-0.00533436   0.0165873   0.0446781  0.00538163
   0.291896  0.00404902  0.00538163    0.458607
IMAGINARY
           0 -0.000648071   -0.0130055   0.00677311
 0.000648071            0   0.00927311   0.00806726
   0.0130055  -0.00927311            0   0.00558634
 -0.00677311  -0.00806726  -0.00558634            0
EndNode1[0]<--->Repeater1[0]
REAL
   0.431013 -0.00496502   0.0129505    0.290144
-0.00496502   0.0549451  0.00495895  0.00509075
  0.0129505  0.00495895    0.037851 -0.00147827
   0.290144  0.00509075 -0.00147827     0.47619
IMAGINARY
          0   0.0100771  0.00483749  0.00220074
 -0.0100771           0  0.00797738    0.013681
-0.00483749 -0.00797738           0 -0.00390426
-0.00220074   -0.013681  0.00390426           0
EndNode2[0]<--->HoM1[0]
REAL
    0.471576 -0.000960217   0.00644711     0.291169
-0.000960217    0.0671835   0.00443277   0.00972365
  0.00644711   0.00443277    0.0503876    0.0145437
    0.291169   0.00972365    0.0145437     0.410853
IMAGINARY
          0 -0.00235268 -0.00686661  0.00700949
 0.00235268           0   0.0145095   0.0088172
 0.00686661  -0.0145095           0   0.0108052
-0.00700949  -0.0088172  -0.0108052           0
Repeater1[0]<--->EndNode1[0]
REAL
   0.431013   0.0129505 -0.00496502    0.290144
  0.0129505    0.037851  0.00495895 -0.00147827
-0.00496502  0.00495895   0.0549451  0.00509075
   0.290144 -0.00147827  0.00509075     0.47619
IMAGINARY
          0  0.00483749   0.0100771  0.00220074
-0.00483749           0 -0.00797738 -0.00390426
 -0.0100771  0.00797738           0    0.013681
-0.00220074  0.00390426   -0.013681           0
Repeater1[0]<--->HoM1[0]
REAL
    0.471576   0.00644711 -0.000960217     0.291169
  0.00644711    0.0503876   0.00443277    0.0145437
-0.000960217   0.00443277    0.0671835   0.00972365
    0.291169    0.0145437   0.00972365     0.410853
IMAGINARY
          0 -0.00686661 -0.00235268  0.00700949
 0.00686661           0  -0.0145095   0.0108052
 0.00235268   0.0145095           0   0.0088172
-0.00700949  -0.0108052  -0.0088172           0
EndNode1[0]<--->Repeater1[0]
REAL
    0.45202  -0.0124737 -0.00782533    0.296731
 -0.0124737   0.0492424  -0.0101149  -0.0123767
-0.00782533  -0.0101149   0.0454545 -0.00646569
   0.296731  -0.0123767 -0.00646569    0.453283
IMAGINARY
           0    0.0149836  -0.00897542 -0.000656168
  -0.0149836            0  -0.00590551   -0.0228094
  0.00897542   0.00590551            0    0.0143563
 0.000656168    0.0228094   -0.0143563            0
EndNode2[0]<--->HoM1[0]
REAL
   0.432741  0.00487568 -0.00362701    0.290165
 0.00487568   0.0545685  -0.0227227  0.00978296
-0.00362701  -0.0227227   0.0431472 -0.00419168
   0.290165  0.00978296 -0.00419168    0.469543
IMAGINARY
          0  -0.0173291  0.00101107   0.0049597
  0.0173291           0  0.00366099   0.0120001
-0.00101107 -0.00366099           0 -0.00187788
 -0.0049597  -0.0120001  0.00187788           0
Repeater1[0]<--->EndNode1[0]
REAL
    0.45202 -0.00782533  -0.0124737    0.296731
-0.00782533   0.0454545  -0.0101149 -0.00646569
 -0.0124737  -0.0101149   0.0492424  -0.0123767
   0.296731 -0.00646569  -0.0123767    0.453283
IMAGINARY
           0  -0.00897542    0.0149836 -0.000656168
  0.00897542            0   0.00590551    0.0143563
  -0.0149836  -0.00590551            0   -0.0228094
 0.000656168   -0.0143563    0.0228094            0
Repeater1[0]<--->HoM1[0]
REAL
   0.432741 -0.00362701  0.00487568    0.290165
-0.00362701   0.0431472  -0.0227227 -0.00419168
 0.00487568  -0.0227227   0.0545685  0.00978296
   0.290165 -0.00419168  0.00978296    0.469543
IMAGINARY
          0  0.00101107  -0.0173291   0.0049597
-0.00101107           0 -0.00366099 -0.00187788
  0.0173291  0.00366099           0   0.0120001
 -0.0049597  0.00187788  -0.0120001           0
EndNode1[0]<--->Repeater1[0]
REAL
   0.445626 -0.00573449 -0.00322315    0.289367
-0.00573449   0.0543735  -0.0139326   -0.016628
-0.00322315  -0.0139326   0.0390071  -0.0228015
   0.289367   -0.016628  -0.0228015    0.460993
IMAGINARY
          0 -0.00935006   0.0198838  -0.0250405
 0.00935006           0  0.00514321  -0.0135386
 -0.0198838 -0.00514321           0  0.00427392
  0.0250405   0.0135386 -0.00427392           0
EndNode2[0]<--->HoM1[0]
REAL
   0.477807  0.00589005   0.0259895    0.299518
 0.00589005   0.0443864 -0.00763358   0.0158953
  0.0259895 -0.00763358   0.0443864  0.00589005
   0.299518   0.0158953  0.00589005     0.43342
IMAGINARY
           0    0.0219606   -0.0126747  0.000463256
  -0.0219606            0   0.00344299  -0.00456664
   0.0126747  -0.00344299            0   -0.0034421
-0.000463256   0.00456664    0.0034421            0
Repeater1[0]<--->EndNode1[0]
REAL
   0.445626 -0.00322315 -0.00573449    0.289367
-0.00322315   0.0390071  -0.0139326  -0.0228015
-0.00573449  -0.0139326   0.0543735   -0.016628
   0.289367  -0.0228015   -0.016628    0.460993
IMAGINARY
          0   0.0198838 -0.00935006  -0.0250405
 -0.0198838           0 -0.00514321  0.00427392
 0.00935006  0.00514321           0  -0.0135386
  0.0250405 -0.00427392   0.0135386           0
Repeater1[0]<--->HoM1[0]
REAL
   0.477807   0.0259895  0.00589005    0.299518
  0.0259895   0.0443864 -0.00763358  0.00589005
 0.00589005 -0.00763358   0.0443864   0.0158953
   0.299518  0.00589005   0.0158953     0.43342
IMAGINARY
           0   -0.0126747    0.0219606  0.000463256
   0.0126747            0  -0.00344299   -0.0034421
  -0.0219606   0.00344299            0  -0.00456664
-0.000463256    0.0034421   0.00456664            0
EndNode1[0]<--->Repeater1[0]
REAL
  0.439898 -0.0210146 -0.0126562   0.286153
-0.0210146  0.0601023 -0.0135986 0.00185568
-0.0126562 -0.0135986  0.0537084 -0.0113869
  0.286153 0.00185568 -0.0113869   0.446292
IMAGINARY
           0   0.00315102  -0.00124378   -0.0116896
 -0.00315102            0   0.00448119  -0.00124378
  0.00124378  -0.00448119            0  0.000580325
   0.0116896   0.00124378 -0.000580325            0
EndNode2[0]<--->HoM1[0]
REAL
   0.424574  -0.0150874 -0.00848699    0.300861
 -0.0150874   0.0450122  -0.0203396  -0.0059163
-0.00848699  -0.0203396   0.0620438   0.0144015
   0.300861  -0.0059163   0.0144015     0.46837
IMAGINARY
          0  0.00731031 -0.00267708   0.0314695
-0.00731031           0  0.00415056  -0.0132872
 0.00267708 -0.00415056           0  0.00609965
 -0.0314695   0.0132872 -0.00609965           0
Repeater1[0]<--->EndNode1[0]
REAL
  0.439898 -0.0126562 -0.0210146   0.286153
-0.0126562  0.0537084 -0.0135986 -0.0113869
-0.0210146 -0.0135986  0.0601023 0.00185568
  0.286153 -0.0113869 0.00185568   0.446292
IMAGINARY
           0  -0.00124378   0.00315102   -0.0116896
  0.00124378            0  -0.00448119  0.000580325
 -0.00315102   0.00448119            0  -0.00124378
   0.0116896 -0.000580325   0.00124378            0
Repeater1[0]<--->HoM1[0]
REAL
   0.424574 -0.00848699  -0.0150874    0.300861
-0.00848699   0.0620438  -0.0203396   0.0144015
 -0.0150874  -0.0203396   0.0450122  -0.0059163
   0.300861   0.0144015  -0.0059163     0.46837
IMAGINARY
          0 -0.00267708  0.00731031   0.0314695
 0.00267708           0 -0.00415056  0.00609965
-0.00731031  0.00415056           0  -0.0132872
 -0.0314695 -0.00609965   0.0132872           0
EndNode1[0]<--->Repeater1[0]
REAL
  0.445409 -0.0238149 -0.0176495   0.301895
-0.0238149   0.044665 -0.0113194 -0.0333976
-0.0176495 -0.0113194  0.0483871 -0.0193789
  0.301895 -0.0333976 -0.0193789   0.461538
IMAGINARY
          0  0.00574964  0.00187082  -0.0064433
-0.00574964           0   0.0257732   0.0038471
-0.00187082  -0.0257732           0 -0.00257302
  0.0064433  -0.0038471  0.00257302           0
EndNode2[0]<--->HoM1[0]
REAL
  0.471354   0.019458 0.00869401   0.304711
  0.019458  0.0481771  0.0074648  0.0249847
0.00869401  0.0074648  0.0546875 0.00774407
  0.304711  0.0249847 0.00774407   0.425781
IMAGINARY
           0   -0.0256562  -0.00659042   0.00358558
   0.0256562            0 -0.000351428 -0.000293188
  0.00659042  0.000351428            0   -0.0125165
 -0.00358558  0.000293188    0.0125165            0
Repeater1[0]<--->EndNode1[0]
REAL
  0.445409 -0.0176495 -0.0238149   0.301895
-0.0176495  0.0483871 -0.0113194 -0.0193789
-0.0238149 -0.0113194   0.044665 -0.0333976
  0.301895 -0.0193789 -0.0333976   0.461538
IMAGINARY
          0  0.00187082  0.00574964  -0.0064433
-0.00187082           0  -0.0257732 -0.00257302
-0.00574964   0.0257732           0   0.0038471
  0.0064433  0.00257302  -0.0038471           0
Repeater1[0]<--->HoM1[0]
REAL
  0.471354 0.00869401   0.019458   0.304711
0.00869401  0.0546875  0.0074648 0.00774407
  0.019458  0.0074648  0.0481771  0.0249847
  0.304711 0.00774407  0.0249847   0.425781
IMAGINARY
           0  -0.00659042   -0.0256562   0.00358558
  0.00659042            0  0.000351428   -0.0125165
   0.0256562 -0.000351428            0 -0.000293188
 -0.00358558    0.0125165  0.000293188            0
EndNode1[0]<--->Repeater1[0]
REAL
   0.395561 -0.00943224 -0.00949598    0.300011
-0.00943224   0.0522193  0.00103572 -0.00621083
-0.00949598  0.00103572    0.037859 -0.00103896
   0.300011 -0.00621083 -0.00103896     0.51436
IMAGINARY
          0   0.0226147 -0.00707147   0.0143357
 -0.0226147           0   0.0130794 -0.00381202
 0.00707147  -0.0130794           0  0.00235328
 -0.0143357  0.00381202 -0.00235328           0
EndNode2[0]<--->HoM1[0]
REAL
   0.47451  0.0070984  0.0137257   0.308002
 0.0070984  0.0496732 -0.0223778 -0.0282276
 0.0137257 -0.0223778  0.0588235  -0.011512
  0.308002 -0.0282276  -0.011512   0.416993
IMAGINARY
          0 -0.00788865 -0.00260287  0.00449534
 0.00788865           0 -0.00184984   0.0114636
 0.00260287  0.00184984           0  0.00409118
-0.00449534  -0.0114636 -0.00409118           0
Repeater1[0]<--->EndNode1[0]
REAL
   0.395561 -0.00949598 -0.00943224    0.300011
-0.00949598    0.037859  0.00103572 -0.00103896
-0.00943224  0.00103572   0.0522193 -0.00621083
   0.300011 -0.00103896 -0.00621083     0.51436
IMAGINARY
          0 -0.00707147   0.0226147   0.0143357
 0.00707147           0  -0.0130794  0.00235328
 -0.0226147   0.0130794           0 -0.00381202
 -0.0143357 -0.00235328  0.00381202           0
Repeater1[0]<--->HoM1[0]
REAL
   0.47451  0.0137257  0.0070984   0.308002
 0.0137257  0.0588235 -0.0223778  -0.011512
 0.0070984 -0.0223778  0.0496732 -0.0282276
  0.308002  -0.011512 -0.0282276   0.416993
IMAGINARY
          0 -0.00260287 -0.00788865  0.00449534
 0.00260287           0  0.00184984  0.00409118
 0.00788865 -0.00184984           0   0.0114636
-0.00449534 -0.00409118  -0.0114636           0
EndNode1[0]<--->Repeater1[0]
REAL
    0.421656 -0.000536363   -0.0103627     0.297063
-0.000536363    0.0611465    0.0254756   0.00777202
  -0.0103627    0.0254756    0.0585987   -0.0111217
    0.297063   0.00777202   -0.0111217     0.458599
IMAGINARY
           0    0.0150528  -0.00144144   0.00223991
  -0.0150528            0  0.000324197  -0.00830786
  0.00144144 -0.000324197            0  -0.00530347
 -0.00223991   0.00830786   0.00530347            0
EndNode2[0]<--->HoM1[0]
REAL
   0.454667 -0.00733673  -0.0059642    0.292985
-0.00733673   0.0413333   0.0124334  -0.0125087
 -0.0059642   0.0124334       0.044  0.00117909
   0.292985  -0.0125087  0.00117909        0.46
IMAGINARY
          0  0.00630462   0.0172241  0.00534981
-0.00630462           0  -0.0140981 -0.00868267
 -0.0172241   0.0140981           0  -0.0161601
-0.00534981  0.00868267   0.0161601           0
Repeater1[0]<--->EndNode1[0]
REAL
    0.421656   -0.0103627 -0.000536363     0.297063
  -0.0103627    0.0585987    0.0254756   -0.0111217
-0.000536363    0.0254756    0.0611465   0.00777202
    0.297063   -0.0111217   0.00777202     0.458599
IMAGINARY
           0  -0.00144144    0.0150528   0.00223991
  0.00144144            0 -0.000324197  -0.00530347
  -0.0150528  0.000324197            0  -0.00830786
 -0.00223991   0.00530347   0.00830786            0
Repeater1[0]<--->HoM1[0]
REAL
   0.454667  -0.0059642 -0.00733673    0.292985
 -0.0059642       0.044   0.0124334  0.00117909
-0.00733673   0.0124334   0.0413333  -0.0125087
   0.292985  0.00117909  -0.0125087        0.46
IMAGINARY
          0   0.0172241  0.00630462  0.00534981
 -0.0172241           0   0.0140981  -0.0161601
-0.00630462  -0.0140981           0 -0.00868267
-0.00534981   0.0161601  0.00868267           0
EndNode1[0]<--->Repeater1[0]
REAL
   0.471322  -0.0154068  -0.0174478    0.288649
 -0.0154068   0.0498753  0.00554655 -0.00761817
 -0.0174478  0.00554655    0.042394 -0.00438214
   0.288649 -0.00761817 -0.00438214    0.436409
IMAGINARY
           0  -0.00880236 -0.000955353   0.00325339
  0.00880236            0   -0.0207972   0.00410794
 0.000955353    0.0207972            0  -0.00948263
 -0.00325339  -0.00410794   0.00948263            0
EndNode2[0]<--->HoM1[0]
REAL
  0.430488  0.0101138  0.0015369   0.286927
 0.0101138  0.0695122  0.0162018  0.0238868
 0.0015369  0.0162018  0.0463415 0.00879104
  0.286927  0.0238868 0.00879104   0.453659
IMAGINARY
          0   0.0072681  0.00120257 -0.00476411
 -0.0072681           0   0.0122675  0.00916013
-0.00120257  -0.0122675           0 -0.00597276
 0.00476411 -0.00916013  0.00597276           0
Repeater1[0]<--->EndNode1[0]
REAL
   0.471322  -0.0174478  -0.0154068    0.288649
 -0.0174478    0.042394  0.00554655 -0.00438214
 -0.0154068  0.00554655   0.0498753 -0.00761817
   0.288649 -0.00438214 -0.00761817    0.436409
IMAGINARY
           0 -0.000955353  -0.00880236   0.00325339
 0.000955353            0    0.0207972  -0.00948263
  0.00880236   -0.0207972            0   0.00410794
 -0.00325339   0.00948263  -0.00410794            0
Repeater1[0]<--->HoM1[0]
REAL
  0.430488  0.0015369  0.0101138   0.286927
 0.0015369  0.0463415  0.0162018 0.00879104
 0.0101138  0.0162018  0.0695122  0.0238868
  0.286927 0.00879104  0.0238868   0.453659
IMAGINARY
          0  0.00120257   0.0072681 -0.00476411
-0.00120257           0  -0.0122675 -0.00597276
 -0.0072681   0.0122675           0  0.00916013
 0.00476411  0.00597276 -0.00916013           0
EndNode1[0]<--->Repeater1[0]
REAL
   0.459387   0.0243184  0.00631745    0.306197
  0.0243184   0.0505992 -0.00262605  0.00439684
 0.00631745 -0.00262605   0.0559254  -0.0100327
   0.306197  0.00439684  -0.0100327    0.434088
IMAGINARY
          0   0.0183111  0.00312571 -0.00971123
 -0.0183111           0 -0.00248389  -0.0218423
-0.00312571  0.00248389           0 -0.00627904
 0.00971123   0.0218423  0.00627904           0
EndNode2[0]<--->HoM1[0]
REAL
    0.465359   0.00663185    0.0206006     0.300288
  0.00663185    0.0418301    0.0104872 -0.000232698
   0.0206006    0.0104872    0.0444444    0.0163642
    0.300288 -0.000232698    0.0163642     0.448366
IMAGINARY
          0 -0.00467498   0.0359719    0.023445
 0.00467498           0  0.00187143  0.00631669
 -0.0359719 -0.00187143           0 -0.00403148
  -0.023445 -0.00631669  0.00403148           0
Repeater1[0]<--->EndNode1[0]
REAL
   0.459387  0.00631745   0.0243184    0.306197
 0.00631745   0.0559254 -0.00262605  -0.0100327
  0.0243184 -0.00262605   0.0505992  0.00439684
   0.306197  -0.0100327  0.00439684    0.434088
IMAGINARY
          0  0.00312571   0.0183111 -0.00971123
-0.00312571           0  0.00248389 -0.00627904
 -0.0183111 -0.00248389           0  -0.0218423
 0.00971123  0.00627904   0.0218423           0
Repeater1[0]<--->HoM1[0]
REAL
    0.465359    0.0206006   0.00663185     0.300288
   0.0206006    0.0444444    0.0104872    0.0163642
  0.00663185    0.0104872    0.0418301 -0.000232698
    0.300288    0.0163642 -0.000232698     0.448366
IMAGINARY
          0   0.0359719 -0.00467498    0.023445
 -0.0359719           0 -0.00187143 -0.00403148
 0.00467498  0.00187143           0  0.00631669
  -0.023445  0.00403148 -0.00631669           0
EndNode1[0]<--->Repeater1[0]
REAL
   0.450649   0.0165568   0.0112123    0.305447
  0.0165568   0.0558442 -0.00203951   0.0222084
  0.0112123 -0.00203951   0.0441558  0.00900017
   0.305447   0.0222084  0.00900017    0.449351
IMAGINARY
          0   -0.006617  -0.0187064  -0.0196893
   0.006617           0 -0.00683586  0.00667431
  0.0187064  0.00683586           0 -0.00541508
  0.0196893 -0.00667431  0.00541508           0
EndNode2[0]<--->HoM1[0]
REAL
  0.472222   0.008366 -0.0193092   0.284994
  0.008366  0.0555556 0.00618617  0.0290368
