EndNode1[0]<--->Repeater1[0]
REAL
   0.400996   0.0185156   0.0216696    0.109808
  0.0185156    0.100872  -0.0153494 -0.00403735
  0.0216696  -0.0153494    0.107098 -0.00340223
   0.109808 -0.00403735 -0.00340223    0.391034
IMAGINARY
          0 -0.00727945     0.01435 -0.00498693
 0.00727945           0  -0.0119402  -0.0162368
   -0.01435   0.0119402           0  -0.0059281
 0.00498693   0.0162368   0.0059281           0
EndNode2[0]<--->HoM1[0]
REAL
   0.377309  -0.0111288   0.0100348     0.12185
 -0.0111288    0.109499   0.0123969 -0.00729509
  0.0100348   0.0123969    0.104222  0.00975893
    0.12185 -0.00729509  0.00975893    0.408971
IMAGINARY
           0   0.00135483    0.0116301   0.00125468
 -0.00135483            0  4.40238e-05   0.00205152
  -0.0116301 -4.40238e-05            0  -0.00757374
 -0.00125468  -0.00205152   0.00757374            0
Repeater1[0]<--->EndNode1[0]
REAL
   0.400996   0.0216696   0.0185156    0.109808
  0.0216696    0.107098  -0.0153494 -0.00340223
  0.0185156  -0.0153494    0.100872 -0.00403735
   0.109808 -0.00340223 -0.00403735    0.391034
IMAGINARY
          0     0.01435 -0.00727945 -0.00498693
   -0.01435           0   0.0119402  -0.0059281
 0.00727945  -0.0119402           0  -0.0162368
 0.00498693   0.0059281   0.0162368           0
Repeater1[0]<--->HoM1[0]
REAL
   0.377309   0.0100348  -0.0111288     0.12185
  0.0100348    0.104222   0.0123969  0.00975893
 -0.0111288   0.0123969    0.109499 -0.00729509
    0.12185  0.00975893 -0.00729509    0.408971
IMAGINARY
           0    0.0116301   0.00135483   0.00125468
  -0.0116301            0 -4.40238e-05  -0.00757374
 -0.00135483  4.40238e-05            0   0.00205152
 -0.00125468   0.00757374  -0.00205152            0
EndNode1[0]<--->Repeater1[0]
REAL
   0.404282 -0.00660432   0.0172278    0.132097
-0.00660432   0.0982368   0.0100595  0.00483106
  0.0172278   0.0100595   0.0969773   0.0164082
   0.132097  0.00483106   0.0164082    0.400504
IMAGINARY
          0  0.00747724   0.0174713  0.00245376
-0.00747724           0  0.00745376  0.00267083
 -0.0174713 -0.00745376           0 -0.00747724
-0.00245376 -0.00267083  0.00747724           0
EndNode2[0]<--->HoM1[0]
REAL
   0.363402 -0.00581879  -0.0138039    0.134679
-0.00581879       0.125  0.00836272  -0.0222785
 -0.0138039  0.00836272    0.115979  -0.0135111
   0.134679  -0.0222785  -0.0135111    0.395619
IMAGINARY
          0  0.00671548   0.0118421   0.0121442
-0.00671548           0 -0.00532888  0.00131579
 -0.0118421  0.00532888           0  -0.0198734
 -0.0121442 -0.00131579   0.0198734           0
Repeater1[0]<--->EndNode1[0]
REAL
   0.404282   0.0172278 -0.00660432    0.132097
  0.0172278   0.0969773   0.0100595   0.0164082
-0.00660432   0.0100595   0.0982368  0.00483106
   0.132097   0.0164082  0.00483106    0.400504
IMAGINARY
          0   0.0174713  0.00747724  0.00245376
 -0.0174713           0 -0.00745376 -0.00747724
-0.00747724  0.00745376           0  0.00267083
-0.00245376  0.00747724 -0.00267083           0
Repeater1[0]<--->HoM1[0]
REAL
   0.363402  -0.0138039 -0.00581879    0.134679
 -0.0138039    0.115979  0.00836272  -0.0135111
-0.00581879  0.00836272       0.125  -0.0222785
   0.134679  -0.0135111  -0.0222785    0.395619
IMAGINARY
          0   0.0118421  0.00671548   0.0121442
 -0.0118421           0  0.00532888  -0.0198734
-0.00671548 -0.00532888           0  0.00131579
 -0.0121442   0.0198734 -0.00131579           0
EndNode1[0]<--->Repeater1[0]
REAL
   0.417853   0.0101738  -0.0356947    0.109726
  0.0101738   0.0905563  -0.0227411 -0.00613801
 -0.0356947  -0.0227411    0.100906  -0.0294301
   0.109726 -0.00613801  -0.0294301    0.390686
IMAGINARY
          0   0.0119937 -0.00241237  -0.0152292
 -0.0119937           0  -0.0133232  0.00890587
 0.00241237   0.0133232           0   -0.032773
  0.0152292 -0.00890587    0.032773           0
EndNode2[0]<--->HoM1[0]
REAL
     0.40638     -0.01879 -0.000109431     0.137949
    -0.01879     0.106796  -0.00595969   0.00726158
-0.000109431  -0.00595969     0.101248   0.00643634
    0.137949   0.00726158   0.00643634     0.385576
IMAGINARY
           0    0.0280807     0.011406  0.000319799
  -0.0280807            0   -0.0145317  -0.00270448
   -0.011406    0.0145317            0  -0.00465362
-0.000319799   0.00270448   0.00465362            0
Repeater1[0]<--->EndNode1[0]
REAL
   0.417853  -0.0356947   0.0101738    0.109726
 -0.0356947    0.100906  -0.0227411  -0.0294301
  0.0101738  -0.0227411   0.0905563 -0.00613801
   0.109726  -0.0294301 -0.00613801    0.390686
IMAGINARY
          0 -0.00241237   0.0119937  -0.0152292
 0.00241237           0   0.0133232   -0.032773
 -0.0119937  -0.0133232           0  0.00890587
  0.0152292    0.032773 -0.00890587           0
Repeater1[0]<--->HoM1[0]
REAL
     0.40638 -0.000109431     -0.01879     0.137949
-0.000109431     0.101248  -0.00595969   0.00643634
    -0.01879  -0.00595969     0.106796   0.00726158
    0.137949   0.00643634   0.00726158     0.385576
IMAGINARY
           0     0.011406    0.0280807  0.000319799
   -0.011406            0    0.0145317  -0.00465362
  -0.0280807   -0.0145317            0  -0.00270448
-0.000319799   0.00465362   0.00270448            0
EndNode1[0]<--->Repeater1[0]
REAL
   0.386423  -0.0164483  -0.0101666    0.125883
 -0.0164483    0.120104 -0.00652811  -0.0343496
 -0.0101666 -0.00652811    0.109661  -0.0112936
   0.125883  -0.0343496  -0.0112936    0.383812
IMAGINARY
          0  0.00155326  0.00473065  -0.0041183
-0.00155326           0 -0.00730302 -0.00802445
-0.00473065  0.00730302           0   0.0215034
  0.0041183  0.00802445  -0.0215034           0
EndNode2[0]<--->HoM1[0]
REAL
   0.415918  -0.0139153  0.00706518     0.12427
 -0.0139153    0.084724 -0.00313031  -0.0153787
 0.00706518 -0.00313031   0.0911425  -0.0264648
    0.12427  -0.0153787  -0.0264648    0.408216
IMAGINARY
          0  -0.0220822   0.0084825  0.00757832
  0.0220822           0   0.0268346 -0.00400107
 -0.0084825  -0.0268346           0  -0.0195311
-0.00757832  0.00400107   0.0195311           0
Repeater1[0]<--->EndNode1[0]
REAL
   0.386423  -0.0101666  -0.0164483    0.125883
 -0.0101666    0.109661 -0.00652811  -0.0112936
 -0.0164483 -0.00652811    0.120104  -0.0343496
   0.125883  -0.0112936  -0.0343496    0.383812
IMAGINARY
          0  0.00473065  0.00155326  -0.0041183
-0.00473065           0  0.00730302   0.0215034
-0.00155326 -0.00730302           0 -0.00802445
  0.0041183  -0.0215034  0.00802445           0
Repeater1[0]<--->HoM1[0]
REAL
   0.415918  0.00706518  -0.0139153     0.12427
 0.00706518   0.0911425 -0.00313031  -0.0264648
 -0.0139153 -0.00313031    0.084724  -0.0153787
    0.12427  -0.0264648  -0.0153787    0.408216
IMAGINARY
          0   0.0084825  -0.0220822  0.00757832
 -0.0084825           0  -0.0268346  -0.0195311
  0.0220822   0.0268346           0 -0.00400107
-0.00757832   0.0195311  0.00400107           0
EndNode1[0]<--->Repeater1[0]
REAL
   0.382732   0.0058227   0.0128949    0.116086
  0.0058227    0.109536  -0.0110327 -0.00225661
  0.0128949  -0.0110327    0.123711   0.0141241
   0.116086 -0.00225661   0.0141241    0.384021
IMAGINARY
          0   0.0190372  -0.0064458  -0.0183985
 -0.0190372           0   0.0100253  0.00886711
  0.0064458  -0.0100253           0  0.00759714
  0.0183985 -0.00886711 -0.00759714           0
EndNode2[0]<--->HoM1[0]
REAL
   0.42602  0.0073492 0.00577733   0.126798
 0.0073492  0.0931122  0.0152688  0.0108278
0.00577733  0.0152688  0.0880102 -0.0190343
  0.126798  0.0108278 -0.0190343   0.392857
IMAGINARY
          0   0.0187605   0.0116407 -0.00860924
 -0.0187605           0  -0.0167241 -0.00537502
 -0.0116407   0.0167241           0  3.6499e-05
 0.00860924  0.00537502 -3.6499e-05           0
Repeater1[0]<--->EndNode1[0]
REAL
   0.382732   0.0128949   0.0058227    0.116086
  0.0128949    0.123711  -0.0110327   0.0141241
  0.0058227  -0.0110327    0.109536 -0.00225661
   0.116086   0.0141241 -0.00225661    0.384021
IMAGINARY
          0  -0.0064458   0.0190372  -0.0183985
  0.0064458           0  -0.0100253  0.00759714
 -0.0190372   0.0100253           0  0.00886711
  0.0183985 -0.00759714 -0.00886711           0
Repeater1[0]<--->HoM1[0]
REAL
   0.42602 0.00577733  0.0073492   0.126798
0.00577733  0.0880102  0.0152688 -0.0190343
 0.0073492  0.0152688  0.0931122  0.0108278
  0.126798 -0.0190343  0.0108278   0.392857
IMAGINARY
          0   0.0116407   0.0187605 -0.00860924
 -0.0116407           0   0.0167241  3.6499e-05
 -0.0187605  -0.0167241           0 -0.00537502
 0.00860924 -3.6499e-05  0.00537502           0
EndNode1[0]<--->Repeater1[0]
REAL
   0.376398  0.00892979 -0.00179184    0.126806
 0.00892979    0.104348 -0.00305599  -0.0107082
-0.00179184 -0.00305599   0.0968944  0.00482021
   0.126806  -0.0107082  0.00482021     0.42236
IMAGINARY
          0 -0.00941504 -0.00814331  -0.0037968
 0.00941504           0 -0.00868677  -0.0087952
 0.00814331  0.00868677           0 -0.00752348
  0.0037968   0.0087952  0.00752348           0
EndNode2[0]<--->HoM1[0]
REAL
    0.403141    0.0374846  -0.00922728     0.140206
   0.0374846    0.0732984   0.00985604 -0.000112696
 -0.00922728   0.00985604     0.091623   0.00672463
    0.140206 -0.000112696   0.00672463     0.431937
IMAGINARY
          0  0.00788681  0.00729329 -0.00577968
-0.00788681           0  -0.0084322 -0.00145671
-0.00729329   0.0084322           0  0.00313783
 0.00577968  0.00145671 -0.00313783           0
Repeater1[0]<--->EndNode1[0]
REAL
   0.376398 -0.00179184  0.00892979    0.126806
-0.00179184   0.0968944 -0.00305599  0.00482021
 0.00892979 -0.00305599    0.104348  -0.0107082
   0.126806  0.00482021  -0.0107082     0.42236
IMAGINARY
          0 -0.00814331 -0.00941504  -0.0037968
 0.00814331           0  0.00868677 -0.00752348
 0.00941504 -0.00868677           0  -0.0087952
  0.0037968  0.00752348   0.0087952           0
Repeater1[0]<--->HoM1[0]
REAL
    0.403141  -0.00922728    0.0374846     0.140206
 -0.00922728     0.091623   0.00985604   0.00672463
   0.0374846   0.00985604    0.0732984 -0.000112696
    0.140206   0.00672463 -0.000112696     0.431937
IMAGINARY
          0  0.00729329  0.00788681 -0.00577968
-0.00729329           0   0.0084322  0.00313783
-0.00788681  -0.0084322           0 -0.00145671
 0.00577968 -0.00313783  0.00145671           0
EndNode1[0]<--->Repeater1[0]
REAL
   0.419858 8.05439e-05  0.00934385    0.134357
8.05439e-05   0.0879433  -0.0122495 -0.00163176
 0.00934385  -0.0122495   0.0978723  -0.0103633
   0.134357 -0.00163176  -0.0103633    0.394326
IMAGINARY
          0   0.0110613  -0.0145585   0.0113196
 -0.0110613           0   0.0188009 -0.00528782
  0.0145585  -0.0188009           0  -0.0091407
 -0.0113196  0.00528782   0.0091407           0
EndNode2[0]<--->HoM1[0]
REAL
   0.415929   0.0261645  0.00175358     0.13524
  0.0261645   0.0821745   0.0117418 -0.00569059
 0.00175358   0.0117418    0.106195 -0.00516711
    0.13524 -0.00569059 -0.00516711    0.395702
IMAGINARY
          0  0.00786763   0.0325586  -0.0215098
-0.00786763           0 -0.00599022   0.0281891
 -0.0325586  0.00599022           0  -0.0125405
  0.0215098  -0.0281891   0.0125405           0
Repeater1[0]<--->EndNode1[0]
REAL
   0.419858  0.00934385 8.05439e-05    0.134357
 0.00934385   0.0978723  -0.0122495  -0.0103633
8.05439e-05  -0.0122495   0.0879433 -0.00163176
   0.134357  -0.0103633 -0.00163176    0.394326
IMAGINARY
          0  -0.0145585   0.0110613   0.0113196
  0.0145585           0  -0.0188009  -0.0091407
 -0.0110613   0.0188009           0 -0.00528782
 -0.0113196   0.0091407  0.00528782           0
Repeater1[0]<--->HoM1[0]
REAL
   0.415929  0.00175358   0.0261645     0.13524
 0.00175358    0.106195   0.0117418 -0.00516711
  0.0261645   0.0117418   0.0821745 -0.00569059
    0.13524 -0.00516711 -0.00569059    0.395702
IMAGINARY
          0   0.0325586  0.00786763  -0.0215098
 -0.0325586           0  0.00599022  -0.0125405
-0.00786763 -0.00599022           0   0.0281891
  0.0215098   0.0125405  -0.0281891           0
EndNode1[0]<--->Repeater1[0]
REAL
  0.406053   0.018108 -0.0165962   0.111373
  0.018108   0.116015 -0.0100742 -0.0210662
-0.0165962 -0.0100742   0.118537 -0.0103158
  0.111373 -0.0210662 -0.0103158   0.359395
IMAGINARY
         0  0.0158179 -0.0223366 -0.0136431
-0.0158179          0  0.0233707  -0.029343
 0.0223366 -0.0233707          0  0.0164819
 0.0136431   0.029343 -0.0164819          0
EndNode2[0]<--->HoM1[0]
REAL
   0.402329  -0.0232593   0.0302472    0.119607
 -0.0232593    0.117723   0.0163931  0.00441943
  0.0302472   0.0163931    0.102199 -0.00474074
   0.119607  0.00441943 -0.00474074    0.377749
IMAGINARY
          0 -0.00517644 -0.00333665 -0.00176202
 0.00517644           0  -0.0156509 -0.00593405
 0.00333665   0.0156509           0   0.0156832
 0.00176202  0.00593405  -0.0156832           0
Repeater1[0]<--->EndNode1[0]
REAL
  0.406053 -0.0165962   0.018108   0.111373
-0.0165962   0.118537 -0.0100742 -0.0103158
  0.018108 -0.0100742   0.116015 -0.0210662
  0.111373 -0.0103158 -0.0210662   0.359395
IMAGINARY
         0 -0.0223366  0.0158179 -0.0136431
 0.0223366          0 -0.0233707  0.0164819
-0.0158179  0.0233707          0  -0.029343
 0.0136431 -0.0164819   0.029343          0
Repeater1[0]<--->HoM1[0]
REAL
   0.402329   0.0302472  -0.0232593    0.119607
  0.0302472    0.102199   0.0163931 -0.00474074
 -0.0232593   0.0163931    0.117723  0.00441943
   0.119607 -0.00474074  0.00441943    0.377749
IMAGINARY
          0 -0.00333665 -0.00517644 -0.00176202
 0.00333665           0   0.0156509   0.0156832
 0.00517644  -0.0156509           0 -0.00593405
 0.00176202  -0.0156832  0.00593405           0
EndNode1[0]<--->Repeater1[0]
REAL
  0.419185 0.00360067 0.00621432   0.125573
0.00360067   0.123522 -0.0019302  0.0100704
0.00621432 -0.0019302  0.0906702 -0.0114414
  0.125573  0.0100704 -0.0114414   0.366623
IMAGINARY
          0  -0.0106688  0.00129631  -0.0108143
  0.0106688           0  0.00818963 -0.00596921
-0.00129631 -0.00818963           0   0.0140066
  0.0108143  0.00596921  -0.0140066           0
EndNode2[0]<--->HoM1[0]
REAL
    0.397208    0.0139723    0.0038813     0.127385
   0.0139723     0.129442  -0.00943674 -3.51476e-05
   0.0038813  -0.00943674    0.0977157  -0.00499792
    0.127385 -3.51476e-05  -0.00499792     0.375635
IMAGINARY
          0   0.0137872  -0.0197339 -0.00212489
 -0.0137872           0  0.00276509  0.00270997
  0.0197339 -0.00276509           0 -0.00937357
 0.00212489 -0.00270997  0.00937357           0
Repeater1[0]<--->EndNode1[0]
REAL
  0.419185 0.00621432 0.00360067   0.125573
0.00621432  0.0906702 -0.0019302 -0.0114414
0.00360067 -0.0019302   0.123522  0.0100704
  0.125573 -0.0114414  0.0100704   0.366623
IMAGINARY
          0  0.00129631  -0.0106688  -0.0108143
-0.00129631           0 -0.00818963   0.0140066
  0.0106688  0.00818963           0 -0.00596921
  0.0108143  -0.0140066  0.00596921           0
Repeater1[0]<--->HoM1[0]
REAL
    0.397208    0.0038813    0.0139723     0.127385
   0.0038813    0.0977157  -0.00943674  -0.00499792
   0.0139723  -0.00943674     0.129442 -3.51476e-05
    0.127385  -0.00499792 -3.51476e-05     0.375635
IMAGINARY
          0  -0.0197339   0.0137872 -0.00212489
  0.0197339           0 -0.00276509 -0.00937357
 -0.0137872  0.00276509           0  0.00270997
 0.00212489  0.00937357 -0.00270997           0
EndNode1[0]<--->Repeater1[0]
REAL
   0.382494 -0.00991532  -0.0268526    0.106024
-0.00991532   0.0779376 0.000316972   -0.013438
 -0.0268526 0.000316972    0.119904  -0.0118812
   0.106024   -0.013438  -0.0118812    0.419664
IMAGINARY
          0  0.00524546 -0.00999556  -0.0050668
-0.00524546           0   0.0118603  -0.0178903
 0.00999556  -0.0118603           0  0.00967024
  0.0050668   0.0178903 -0.00967024           0
EndNode2[0]<--->HoM1[0]
REAL
    0.376398   0.00898006  -0.00460225     0.125766
  0.00898006     0.104348 -0.000933259   -0.0134218
 -0.00460225 -0.000933259     0.110559  -0.00697739
    0.125766   -0.0134218  -0.00697739     0.408696
IMAGINARY
          0  0.00742973   0.0112052  -0.0255896
-0.00742973           0 -0.00374191  0.00795424
 -0.0112052  0.00374191           0  0.00802145
  0.0255896 -0.00795424 -0.00802145           0
Repeater1[0]<--->EndNode1[0]
REAL
   0.382494  -0.0268526 -0.00991532    0.106024
 -0.0268526    0.119904 0.000316972  -0.0118812
-0.00991532 0.000316972   0.0779376   -0.013438
   0.106024  -0.0118812   -0.013438    0.419664
IMAGINARY
          0 -0.00999556  0.00524546  -0.0050668
 0.00999556           0  -0.0118603  0.00967024
-0.00524546   0.0118603           0  -0.0178903
  0.0050668 -0.00967024   0.0178903           0
Repeater1[0]<--->HoM1[0]
REAL
    0.376398  -0.00460225   0.00898006     0.125766
 -0.00460225     0.110559 -0.000933259  -0.00697739
  0.00898006 -0.000933259     0.104348   -0.0134218
    0.125766  -0.00697739   -0.0134218     0.408696
IMAGINARY
          0   0.0112052  0.00742973  -0.0255896
 -0.0112052           0  0.00374191  0.00802145
-0.00742973 -0.00374191           0  0.00795424
  0.0255896 -0.00802145 -0.00795424           0
EndNode1[0]<--->Repeater1[0]
REAL
   0.411911 -0.00593782   0.0125972    0.117837
-0.00593782    0.109181   0.0095891  -0.0248869
  0.0125972   0.0095891    0.110422  -0.0141139
   0.117837  -0.0248869  -0.0141139    0.368486
IMAGINARY
           0 -0.000673992   0.00260967   -0.0084715
 0.000673992            0    0.0191667    0.0141429
 -0.00260967   -0.0191667            0  -0.00834663
   0.0084715   -0.0141429   0.00834663            0
EndNode2[0]<--->HoM1[0]
REAL
    0.38403   -0.033754  0.00377922    0.111658
  -0.033754    0.116603 0.000920181  0.00313902
 0.00377922 0.000920181   0.0963245  0.00796785
   0.111658  0.00313902  0.00796785    0.403042
IMAGINARY
          0  0.00280992  0.00593942 -0.00324276
-0.00280992           0   -0.020214   0.0188928
-0.00593942    0.020214           0  0.00725719
 0.00324276  -0.0188928 -0.00725719           0
Repeater1[0]<--->EndNode1[0]
REAL
   0.411911   0.0125972 -0.00593782    0.117837
  0.0125972    0.110422   0.0095891  -0.0141139
-0.00593782   0.0095891    0.109181  -0.0248869
   0.117837  -0.0141139  -0.0248869    0.368486
IMAGINARY
           0   0.00260967 -0.000673992   -0.0084715
 -0.00260967            0   -0.0191667  -0.00834663
 0.000673992    0.0191667            0    0.0141429
   0.0084715   0.00834663   -0.0141429            0
Repeater1[0]<--->HoM1[0]
REAL
    0.38403  0.00377922   -0.033754    0.111658
 0.00377922   0.0963245 0.000920181  0.00796785
  -0.033754 0.000920181    0.116603  0.00313902
   0.111658  0.00796785  0.00313902    0.403042
IMAGINARY
          0  0.00593942  0.00280992 -0.00324276
-0.00593942           0    0.020214  0.00725719
-0.00280992   -0.020214           0   0.0188928
 0.00324276 -0.00725719  -0.0188928           0
EndNode1[0]<--->Repeater1[0]
REAL
   0.437179   0.0174562   0.0120041    0.100845
  0.0174562   0.0935897 -0.00108521   -0.013206
  0.0120041 -0.00108521    0.101282  -0.0126485
   0.100845   -0.013206  -0.0126485    0.367949
IMAGINARY
          0   0.0264724 -0.00576768 -0.00105871
 -0.0264724           0  -0.0138464 -0.00448563
 0.00576768   0.0138464           0  0.00790641
 0.00105871  0.00448563 -0.00790641           0
EndNode2[0]<--->HoM1[0]
REAL
  0.416778 -0.0340125  0.0107248     0.1283
-0.0340125  0.0998668 -0.0183257 -0.0196762
 0.0107248 -0.0183257  0.0852197  0.0161097
    0.1283 -0.0196762  0.0161097   0.398136
IMAGINARY
          0 -0.00337423   0.0184129  -0.0276292
 0.00337423           0 -0.00273015 -0.00184851
 -0.0184129  0.00273015           0 -0.00337423
  0.0276292  0.00184851  0.00337423           0
Repeater1[0]<--->EndNode1[0]
REAL
   0.437179   0.0120041   0.0174562    0.100845
  0.0120041    0.101282 -0.00108521  -0.0126485
  0.0174562 -0.00108521   0.0935897   -0.013206
   0.100845  -0.0126485   -0.013206    0.367949
IMAGINARY
          0 -0.00576768   0.0264724 -0.00105871
 0.00576768           0   0.0138464  0.00790641
 -0.0264724  -0.0138464           0 -0.00448563
 0.00105871 -0.00790641  0.00448563           0
Repeater1[0]<--->HoM1[0]
REAL
  0.416778  0.0107248 -0.0340125     0.1283
 0.0107248  0.0852197 -0.0183257  0.0161097
-0.0340125 -0.0183257  0.0998668 -0.0196762
    0.1283  0.0161097 -0.0196762   0.398136
IMAGINARY
          0   0.0184129 -0.00337423  -0.0276292
 -0.0184129           0  0.00273015 -0.00337423
 0.00337423 -0.00273015           0 -0.00184851
  0.0276292  0.00337423  0.00184851           0
EndNode1[0]<--->Repeater1[0]
REAL
   0.413233  -0.0153106   0.0154262     0.13805
 -0.0153106   0.0998752 -0.00489786  0.00359555
  0.0154262 -0.00489786     0.11236 -0.00371111
    0.13805  0.00359555 -0.00371111    0.374532
IMAGINARY
          0  -0.0140671  0.00364829  0.00493768
  0.0140671           0   0.0151158   0.0122348
-0.00364829  -0.0151158           0 -0.00816928
-0.00493768  -0.0122348  0.00816928           0
EndNode2[0]<--->HoM1[0]
REAL
   0.396907   0.0165222  -0.0026069    0.130979
  0.0165222    0.109536  0.00978533    0.012161
 -0.0026069  0.00978533   0.0889175 -0.00442025
   0.130979    0.012161 -0.00442025    0.404639
IMAGINARY
          0 -0.00441617 -0.00607429  0.00116142
 0.00441617           0  0.00813226 -0.00793302
 0.00607429 -0.00813226           0   0.0172055
-0.00116142  0.00793302  -0.0172055           0
Repeater1[0]<--->EndNode1[0]
REAL
   0.413233   0.0154262  -0.0153106     0.13805
  0.0154262     0.11236 -0.00489786 -0.00371111
 -0.0153106 -0.00489786   0.0998752  0.00359555
    0.13805 -0.00371111  0.00359555    0.374532
IMAGINARY
          0  0.00364829  -0.0140671  0.00493768
-0.00364829           0  -0.0151158 -0.00816928
  0.0140671   0.0151158           0   0.0122348
-0.00493768  0.00816928  -0.0122348           0
Repeater1[0]<--->HoM1[0]
REAL
   0.396907  -0.0026069   0.0165222    0.130979
 -0.0026069   0.0889175  0.00978533 -0.00442025
  0.0165222  0.00978533    0.109536    0.012161
   0.130979 -0.00442025    0.012161    0.404639
IMAGINARY
          0 -0.00607429 -0.00441617  0.00116142
 0.00607429           0 -0.00813226   0.0172055
 0.00441617  0.00813226           0 -0.00793302
-0.00116142  -0.0172055  0.00793302           0
EndNode1[0]<--->Repeater1[0]
REAL
   0.40527     0.0124 -0.0110735   0.116113
    0.0124   0.105395 -0.0325715 0.00234536
-0.0110735 -0.0325715   0.107905 -0.0111531
  0.116113 0.00234536 -0.0111531    0.38143
IMAGINARY
          0  0.00564404  0.00761278 -0.00210022
-0.00564404           0  -0.0101949  -0.0102444
-0.00761278   0.0101949           0   0.0167244
 0.00210022   0.0102444  -0.0167244           0
EndNode2[0]<--->HoM1[0]
REAL
   0.415671  0.00616141  -0.0311264    0.103676
 0.00616141   0.0770252  -0.0206695 -0.00743566
 -0.0311264  -0.0206695   0.0836653  0.00364251
   0.103676 -0.00743566  0.00364251    0.423639
IMAGINARY
           0 -8.05477e-05 -0.000300964    0.0223675
 8.05477e-05            0    0.0191909   0.00160986
 0.000300964   -0.0191909            0  -0.00777286
  -0.0223675  -0.00160986   0.00777286            0
Repeater1[0]<--->EndNode1[0]
REAL
   0.40527 -0.0110735     0.0124   0.116113
-0.0110735   0.107905 -0.0325715 -0.0111531
    0.0124 -0.0325715   0.105395 0.00234536
  0.116113 -0.0111531 0.00234536    0.38143
IMAGINARY
          0  0.00761278  0.00564404 -0.00210022
-0.00761278           0   0.0101949   0.0167244
-0.00564404  -0.0101949           0  -0.0102444
 0.00210022  -0.0167244   0.0102444           0
Repeater1[0]<--->HoM1[0]
REAL
   0.415671  -0.0311264  0.00616141    0.103676
 -0.0311264   0.0836653  -0.0206695  0.00364251
 0.00616141  -0.0206695   0.0770252 -0.00743566
   0.103676  0.00364251 -0.00743566    0.423639
IMAGINARY
           0 -0.000300964 -8.05477e-05    0.0223675
 0.000300964            0   -0.0191909  -0.00777286
 8.05477e-05    0.0191909            0   0.00160986
  -0.0223675   0.00777286  -0.00160986            0
EndNode1[0]<--->Repeater1[0]
REAL
   0.387964  -0.0207423  0.00201569    0.108222
 -0.0207423    0.110115  0.00550096 -0.00773361
 0.00201569  0.00550096    0.108835  -0.0129298
   0.108222 -0.00773361  -0.0129298    0.393086
IMAGINARY
          0   0.0262957 -0.00947096  0.00130445
 -0.0262957           0 -0.00740201  0.00470906
 0.00947096  0.00740201           0  0.00567712
-0.00130445 -0.00470906 -0.00567712           0
EndNode2[0]<--->HoM1[0]
REAL
   0.372312 -0.00787497 -0.00597881    0.132895
-0.00787497    0.107527  -0.0103272   0.0157064
-0.00597881  -0.0103272    0.115591  -0.0200109
   0.132895   0.0157064  -0.0200109     0.40457
IMAGINARY
          0 -0.00514917   0.0185177  -0.0333888
 0.00514917           0 -0.00693378 -0.00061492
 -0.0185177  0.00693378           0  -0.0140324
  0.0333888  0.00061492   0.0140324           0
Repeater1[0]<--->EndNode1[0]
REAL
   0.387964  0.00201569  -0.0207423    0.108222
 0.00201569    0.108835  0.00550096  -0.0129298
 -0.0207423  0.00550096    0.110115 -0.00773361
   0.108222  -0.0129298 -0.00773361    0.393086
IMAGINARY
          0 -0.00947096   0.0262957  0.00130445
 0.00947096           0  0.00740201  0.00567712
 -0.0262957 -0.00740201           0  0.00470906
-0.00130445 -0.00567712 -0.00470906           0
Repeater1[0]<--->HoM1[0]
REAL
   0.372312 -0.00597881 -0.00787497    0.132895
-0.00597881    0.115591  -0.0103272  -0.0200109
-0.00787497  -0.0103272    0.107527   0.0157064
   0.132895  -0.0200109   0.0157064     0.40457
IMAGINARY
          0   0.0185177 -0.00514917  -0.0333888
 -0.0185177           0  0.00693378  -0.0140324
 0.00514917 -0.00693378           0 -0.00061492
  0.0333888   0.0140324  0.00061492           0
EndNode1[0]<--->Repeater1[0]
REAL
  0.394089  0.0115962  0.0170547   0.100379
 0.0115962  0.0849754  -0.027241 0.00821121
 0.0170547  -0.027241   0.103448 0.00968044
  0.100379 0.00821121 0.00968044   0.417488
IMAGINARY
          0  -0.0187207   0.0117851   0.0102649
  0.0187207           0   0.0102649  -0.0161008
 -0.0117851  -0.0102649           0 -0.00655677
 -0.0102649   0.0161008  0.00655677           0
EndNode2[0]<--->HoM1[0]
REAL
   0.410287    0.015448  0.00116801    0.134454
   0.015448     0.11244   0.0226891   0.0131177
 0.00116801   0.0226891    0.102871 -0.00364676
   0.134454   0.0131177 -0.00364676    0.374402
IMAGINARY
          0  0.00132343 -0.00367108   -0.010298
-0.00132343           0   0.0115638 -0.00874722
 0.00367108  -0.0115638           0  0.00194455
   0.010298  0.00874722 -0.00194455           0
Repeater1[0]<--->EndNode1[0]
REAL
  0.394089  0.0170547  0.0115962   0.100379
 0.0170547   0.103448  -0.027241 0.00968044
 0.0115962  -0.027241  0.0849754 0.00821121
  0.100379 0.00968044 0.00821121   0.417488
IMAGINARY
          0   0.0117851  -0.0187207   0.0102649
 -0.0117851           0  -0.0102649 -0.00655677
  0.0187207   0.0102649           0  -0.0161008
 -0.0102649  0.00655677   0.0161008           0
Repeater1[0]<--->HoM1[0]
REAL
   0.410287  0.00116801    0.015448    0.134454
 0.00116801    0.102871   0.0226891 -0.00364676
   0.015448   0.0226891     0.11244   0.0131177
   0.134454 -0.00364676   0.0131177    0.374402
IMAGINARY
          0 -0.00367108  0.00132343   -0.010298
 0.00367108           0  -0.0115638  0.00194455
-0.00132343   0.0115638           0 -0.00874722
   0.010298 -0.00194455  0.00874722           0
EndNode1[0]<--->Repeater1[0]
REAL
   0.392583  -0.0013273   0.0048172    0.132182
 -0.0013273   0.0946292 -0.00418182 -0.00615054
  0.0048172 -0.00418182   0.0933504  -0.0226727
   0.132182 -0.00615054  -0.0226727    0.419437
IMAGINARY
           0    0.0137689   -0.0262923  -0.00812362
  -0.0137689            0  -0.00556608 -0.000716888
   0.0262923   0.00556608            0   0.00533517
  0.00812362  0.000716888  -0.00533517            0
EndNode2[0]<--->HoM1[0]
REAL
   0.416559 -0.00287984  -0.0149781    0.119592
-0.00287984   0.0944373  0.00999394  0.00846926
 -0.0149781  0.00999394     0.12031  0.00228812
   0.119592  0.00846926  0.00228812    0.368693
IMAGINARY
          0  -0.0175123  0.00388307  -0.0151391
  0.0175123           0   0.0188156   0.0291909
-0.00388307  -0.0188156           0  0.00648768
  0.0151391  -0.0291909 -0.00648768           0
Repeater1[0]<--->EndNode1[0]
REAL
   0.392583   0.0048172  -0.0013273    0.132182
  0.0048172   0.0933504 -0.00418182  -0.0226727
 -0.0013273 -0.00418182   0.0946292 -0.00615054
   0.132182  -0.0226727 -0.00615054    0.419437
IMAGINARY
           0   -0.0262923    0.0137689  -0.00812362
   0.0262923            0   0.00556608   0.00533517
  -0.0137689  -0.00556608            0 -0.000716888
  0.00812362  -0.00533517  0.000716888            0
Repeater1[0]<--->HoM1[0]
REAL
   0.416559  -0.0149781 -0.00287984    0.119592
 -0.0149781     0.12031  0.00999394  0.00228812
-0.00287984  0.00999394   0.0944373  0.00846926
   0.119592  0.00228812  0.00846926    0.368693
IMAGINARY
          0  0.00388307  -0.0175123  -0.0151391
-0.00388307           0  -0.0188156  0.00648768
  0.0175123   0.0188156           0   0.0291909
  0.0151391 -0.00648768  -0.0291909           0
EndNode1[0]<--->Repeater1[0]
REAL
    0.40445 -0.00894643 -0.00167547    0.108132
-0.00894643    0.103403 -0.00943912  -0.0107428
-0.00167547 -0.00943912   0.0942408 -0.00216468
   0.108132  -0.0107428 -0.00216468    0.397906
IMAGINARY
           0   -0.0156581  0.000318413    0.0148021
   0.0156581            0    0.0129057  -0.00677836
-0.000318413   -0.0129057            0  -0.00372175
  -0.0148021   0.00677836   0.00372175            0
EndNode2[0]<--->HoM1[0]
REAL
    0.36911 -0.00154028 0.000317135    0.122712
-0.00154028     0.11911   0.0124757   0.0197346
0.000317135   0.0124757    0.106021 -0.00945584
   0.122712   0.0197346 -0.00945584    0.405759
IMAGINARY
          0 -0.00565193  -0.0127725   0.0285245
 0.00565193           0   0.0148429   0.0206465
  0.0127725  -0.0148429           0  0.00696427
 -0.0285245  -0.0206465 -0.00696427           0
Repeater1[0]<--->EndNode1[0]
REAL
    0.40445 -0.00167547 -0.00894643    0.108132
-0.00167547   0.0942408 -0.00943912 -0.00216468
-0.00894643 -0.00943912    0.103403  -0.0107428
   0.108132 -0.00216468  -0.0107428    0.397906
IMAGINARY
           0  0.000318413   -0.0156581    0.0148021
-0.000318413            0   -0.0129057  -0.00372175
   0.0156581    0.0129057            0  -0.00677836
  -0.0148021   0.00372175   0.00677836            0
Repeater1[0]<--->HoM1[0]
REAL
    0.36911 0.000317135 -0.00154028    0.122712
0.000317135    0.106021   0.0124757 -0.00945584
-0.00154028   0.0124757     0.11911   0.0197346
   0.122712 -0.00945584   0.0197346    0.405759
IMAGINARY
          0  -0.0127725 -0.00565193   0.0285245
  0.0127725           0  -0.0148429  0.00696427
 0.00565193   0.0148429           0   0.0206465
 -0.0285245 -0.00696427  -0.0206465           0
EndNode1[0]<--->Repeater1[0]
REAL
   0.40285 -0.0173317 -0.0122108   0.139436
-0.0173317   0.120466 0.00966463 -0.0122108
-0.0122108 0.00966463  0.0958549  -0.018658
  0.139436 -0.0122108  -0.018658   0.380829
IMAGINARY
          0 -0.00786413 -0.00860282   0.0135793
 0.00786413           0  -0.0129407 -0.00920888
 0.00860282   0.0129407           0  -0.0112198
 -0.0135793  0.00920888   0.0112198           0
EndNode2[0]<--->HoM1[0]
REAL
  0.383508  0.0077829 0.00565915   0.112826
 0.0077829  0.0981675 0.00942312 -0.0191066
0.00565915 0.00942312   0.116492 -0.0151179
  0.112826 -0.0191066 -0.0151179   0.401832
IMAGINARY
           0   0.00635355  0.000226887   -0.0119647
 -0.00635355            0    0.0119647  -0.00415359
-0.000226887   -0.0119647            0    0.0355313
   0.0119647   0.00415359   -0.0355313            0
Repeater1[0]<--->EndNode1[0]
REAL
   0.40285 -0.0122108 -0.0173317   0.139436
-0.0122108  0.0958549 0.00966463  -0.018658
-0.0173317 0.00966463   0.120466 -0.0122108
  0.139436  -0.018658 -0.0122108   0.380829
IMAGINARY
          0 -0.00860282 -0.00786413   0.0135793
 0.00860282           0   0.0129407  -0.0112198
 0.00786413  -0.0129407           0 -0.00920888
 -0.0135793   0.0112198  0.00920888           0
Repeater1[0]<--->HoM1[0]
REAL
  0.383508 0.00565915  0.0077829   0.112826
0.00565915   0.116492 0.00942312 -0.0151179
 0.0077829 0.00942312  0.0981675 -0.0191066
  0.112826 -0.0151179 -0.0191066   0.401832
IMAGINARY
           0  0.000226887   0.00635355   -0.0119647
-0.000226887            0   -0.0119647    0.0355313
 -0.00635355    0.0119647            0  -0.00415359
   0.0119647   -0.0355313   0.00415359            0
EndNode1[0]<--->Repeater1[0]
REAL
   0.434839  0.00213493 1.90844e-05    0.130497
 0.00213493   0.0980645    0.011201 -0.00189174
1.90844e-05    0.011201    0.109677  -0.0227342
   0.130497 -0.00189174  -0.0227342    0.357419
IMAGINARY
           0   0.00391134   0.00207081  0.000406729
 -0.00391134            0     0.010092   -0.0105454
 -0.00207081    -0.010092            0    0.0306389
-0.000406729    0.0105454   -0.0306389            0
EndNode2[0]<--->HoM1[0]
REAL
  0.376398   0.013208 0.00991956   0.112365
  0.013208    0.11677 -0.0165416  0.0220215
0.00991956 -0.0165416   0.104348  0.0224185
  0.112365  0.0220215  0.0224185   0.402484
IMAGINARY
          0  0.00140102 -0.00313805  0.00406473
-0.00140102           0  0.00271702   0.0148568
 0.00313805 -0.00271702           0  -0.0196302
-0.00406473  -0.0148568   0.0196302           0
Repeater1[0]<--->EndNode1[0]
REAL
   0.434839 1.90844e-05  0.00213493    0.130497
1.90844e-05    0.109677    0.011201  -0.0227342
 0.00213493    0.011201   0.0980645 -0.00189174
   0.130497  -0.0227342 -0.00189174    0.357419
IMAGINARY
           0   0.00207081   0.00391134  0.000406729
 -0.00207081            0    -0.010092    0.0306389
 -0.00391134     0.010092            0   -0.0105454
-0.000406729   -0.0306389    0.0105454            0
Repeater1[0]<--->HoM1[0]
REAL
  0.376398 0.00991956   0.013208   0.112365
0.00991956   0.104348 -0.0165416  0.0224185
  0.013208 -0.0165416    0.11677  0.0220215
  0.112365  0.0224185  0.0220215   0.402484
IMAGINARY
          0 -0.00313805  0.00140102  0.00406473
 0.00313805           0 -0.00271702  -0.0196302
-0.00140102  0.00271702           0   0.0148568
-0.00406473   0.0196302  -0.0148568           0
EndNode1[0]<--->Repeater1[0]
REAL
   0.425345  -0.0132087  0.00313765    0.124638
 -0.0132087    0.109159   0.0123388   0.0110324
 0.00313765   0.0123388    0.109159 -0.00635942
   0.124638   0.0110324 -0.00635942    0.356336
IMAGINARY
          0  -0.0143938 -0.00274748   0.0013194
  0.0143938           0  0.00317354  -0.0106215
 0.00274748 -0.00317354           0   -0.015018
 -0.0013194   0.0106215    0.015018           0
EndNode2[0]<--->HoM1[0]
REAL
    0.398058   -0.0200151   -0.0154007     0.132878
  -0.0200151    0.0910194 -3.38003e-05  -0.00662872
  -0.0154007 -3.38003e-05    0.0958738     -0.01136
    0.132878  -0.00662872     -0.01136     0.415049
IMAGINARY
          0  0.00194605  -0.0136613  0.00644991
-0.00194605           0  0.00901401 -0.00152853
  0.0136613 -0.00901401           0  -0.0120726
-0.00644991  0.00152853   0.0120726           0
Repeater1[0]<--->EndNode1[0]
REAL
   0.425345  0.00313765  -0.0132087    0.124638
 0.00313765    0.109159   0.0123388 -0.00635942
 -0.0132087   0.0123388    0.109159   0.0110324
   0.124638 -0.00635942   0.0110324    0.356336
IMAGINARY
          0 -0.00274748  -0.0143938   0.0013194
 0.00274748           0 -0.00317354   -0.015018
  0.0143938  0.00317354           0  -0.0106215
 -0.0013194    0.015018   0.0106215           0
Repeater1[0]<--->HoM1[0]
REAL
    0.398058   -0.0154007   -0.0200151     0.132878
  -0.0154007    0.0958738 -3.38003e-05     -0.01136
  -0.0200151 -3.38003e-05    0.0910194  -0.00662872
    0.132878     -0.01136  -0.00662872     0.415049
IMAGINARY
          0  -0.0136613  0.00194605  0.00644991
  0.0136613           0 -0.00901401  -0.0120726
-0.00194605  0.00901401           0 -0.00152853
-0.00644991   0.0120726  0.00152853           0
EndNode1[0]<--->Repeater1[0]
REAL
   0.410256  -0.0189384 -0.00968992    0.121057
 -0.0189384   0.0854701  -0.0089433  0.00968992
-0.00968992  -0.0089433    0.106838  -0.0132781
   0.121057  0.00968992  -0.0132781    0.397436
IMAGINARY
           0   -0.0220174   0.00681746  -0.00814029
   0.0220174            0   0.00999443    0.0119325
 -0.00681746  -0.00999443            0  0.000767405
  0.00814029   -0.0119325 -0.000767405            0
EndNode2[0]<--->HoM1[0]
REAL
  0.403922 0.00418801 0.00837778   0.118752
0.00418801  0.0941176 0.00864857 0.00506652
0.00837778 0.00864857  0.0993464 0.00797589
  0.118752 0.00506652 0.00797589   0.402614
IMAGINARY
          0   0.0173983   0.0203424 -0.00241488
 -0.0173983           0  -0.0307416    0.012041
 -0.0203424   0.0307416           0 -0.00703558
 0.00241488   -0.012041  0.00703558           0
Repeater1[0]<--->EndNode1[0]
REAL
   0.410256 -0.00968992  -0.0189384    0.121057
-0.00968992    0.106838  -0.0089433  -0.0132781
 -0.0189384  -0.0089433   0.0854701  0.00968992
   0.121057  -0.0132781  0.00968992    0.397436
IMAGINARY
           0   0.00681746   -0.0220174  -0.00814029
 -0.00681746            0  -0.00999443  0.000767405
   0.0220174   0.00999443            0    0.0119325
  0.00814029 -0.000767405   -0.0119325            0
Repeater1[0]<--->HoM1[0]
REAL
  0.403922 0.00837778 0.00418801   0.118752
0.00837778  0.0993464 0.00864857 0.00797589
0.00418801 0.00864857  0.0941176 0.00506652
  0.118752 0.00797589 0.00506652   0.402614
IMAGINARY
          0   0.0203424   0.0173983 -0.00241488
 -0.0203424           0   0.0307416 -0.00703558
 -0.0173983  -0.0307416           0    0.012041
 0.00241488  0.00703558   -0.012041           0
EndNode1[0]<--->Repeater1[0]
REAL
   0.398406 -0.00526968   0.0150795    0.141423
-0.00526968     0.10757  0.00296174  -0.0137426
  0.0150795  0.00296174   0.0903054  0.00393278
   0.141423  -0.0137426  0.00393278    0.403718
IMAGINARY
          0   0.0221795  -0.0108379  -0.0328018
 -0.0221795           0  0.00834531 -0.00839289
  0.0108379 -0.00834531           0   0.0355128
  0.0328018  0.00839289  -0.0355128           0
EndNode2[0]<--->HoM1[0]
REAL
   0.404092   0.0118436  -0.0164824     0.12746
  0.0118436    0.106138  0.00532266 -0.00702462
 -0.0164824  0.00532266    0.103581 -0.00104304
    0.12746 -0.00702462 -0.00104304    0.386189
IMAGINARY
          0  -0.0158069  0.00160716  0.00710919
  0.0158069           0    0.022816  0.00857095
-0.00160716   -0.022816           0   0.0094456
-0.00710919 -0.00857095  -0.0094456           0
Repeater1[0]<--->EndNode1[0]
REAL
   0.398406   0.0150795 -0.00526968    0.141423
  0.0150795   0.0903054  0.00296174  0.00393278
-0.00526968  0.00296174     0.10757  -0.0137426
   0.141423  0.00393278  -0.0137426    0.403718
IMAGINARY
          0  -0.0108379   0.0221795  -0.0328018
  0.0108379           0 -0.00834531   0.0355128
 -0.0221795  0.00834531           0 -0.00839289
  0.0328018  -0.0355128  0.00839289           0
Repeater1[0]<--->HoM1[0]
REAL
   0.404092  -0.0164824   0.0118436     0.12746
 -0.0164824    0.103581  0.00532266 -0.00104304
  0.0118436  0.00532266    0.106138 -0.00702462
    0.12746 -0.00104304 -0.00702462    0.386189
IMAGINARY
          0  0.00160716  -0.0158069  0.00710919
-0.00160716           0   -0.022816   0.0094456
  0.0158069    0.022816           0  0.00857095
-0.00710919  -0.0094456 -0.00857095           0
EndNode1[0]<--->Repeater1[0]
REAL
   0.404884 -0.00281684 -0.00498961    0.124194
-0.00281684   0.0938303  -0.0330951   0.0042942
-0.00498961  -0.0330951   0.0912596  0.00212143
   0.124194   0.0042942  0.00212143    0.410026
IMAGINARY
          0 -0.00229093  -0.0170322  0.00215783
 0.00229093           0  0.00215783   0.0106383
  0.0170322 -0.00215783           0 -0.00666047
-0.00215783  -0.0106383  0.00666047           0
EndNode2[0]<--->HoM1[0]
REAL
   0.397668 -0.00592725  -0.0114191     0.12416
-0.00592725     0.11658 -0.00193782   0.0173015
 -0.0114191 -0.00193782    0.108808  0.00265928
    0.12416   0.0173015  0.00265928    0.376943
IMAGINARY
           0  -0.00766517    0.0152392   0.00819083
