EndNode1[0]<--->Repeater1[0]
REAL
  0.388337 0.00110614 0.00298469   0.186476
0.00110614   0.131514 0.00602444  0.0170153
0.00298469 0.00602444    0.16005  0.0138939
  0.186476  0.0170153  0.0138939   0.320099
IMAGINARY
           0   -0.0160615    0.0158428  -0.00434492
   0.0160615            0    0.0140725  0.000447907
  -0.0158428   -0.0140725            0  -0.00900116
  0.00434492 -0.000447907   0.00900116            0
EndNode2[0]<--->HoM1[0]
REAL
   0.364993   0.0147436 -0.00157179    0.183184
  0.0147436    0.139756    0.034832  0.00679372
-0.00157179    0.034832    0.132972  -0.0147436
   0.183184  0.00679372  -0.0147436     0.36228
IMAGINARY
          0   0.0183062  -0.0119643  -0.0104157
 -0.0183062           0 -0.00169085 -0.00574023
  0.0119643  0.00169085           0   0.0164924
  0.0104157  0.00574023  -0.0164924           0
Repeater1[0]<--->EndNode1[0]
REAL
  0.388337 0.00298469 0.00110614   0.186476
0.00298469    0.16005 0.00602444  0.0138939
0.00110614 0.00602444   0.131514  0.0170153
  0.186476  0.0138939  0.0170153   0.320099
IMAGINARY
           0    0.0158428   -0.0160615  -0.00434492
  -0.0158428            0   -0.0140725  -0.00900116
   0.0160615    0.0140725            0  0.000447907
  0.00434492   0.00900116 -0.000447907            0
Repeater1[0]<--->HoM1[0]
REAL
   0.364993 -0.00157179   0.0147436    0.183184
-0.00157179    0.132972    0.034832  -0.0147436
  0.0147436    0.034832    0.139756  0.00679372
   0.183184  -0.0147436  0.00679372     0.36228
IMAGINARY
          0  -0.0119643   0.0183062  -0.0104157
  0.0119643           0  0.00169085   0.0164924
 -0.0183062 -0.00169085           0 -0.00574023
  0.0104157  -0.0164924  0.00574023           0
EndNode1[0]<--->Repeater1[0]
REAL
   0.419355 -0.00866809 -0.00511811    0.163051
-0.00866809     0.15457   0.0510561  -0.0142327
-0.00511811   0.0510561    0.137097  0.00554699
   0.163051  -0.0142327  0.00554699    0.288978
IMAGINARY
          0  -0.0126746  0.00489908 -0.00222533
  0.0126746           0   0.0128073   -0.010407
-0.00489908  -0.0128073           0  0.00716666
 0.00222533    0.010407 -0.00716666           0
EndNode2[0]<--->HoM1[0]
REAL
  0.369048  0.0107657  0.0113205   0.186917
 0.0107657   0.160053  0.0295213 -0.0140602
 0.0113205  0.0295213    0.14418 -0.0148753
  0.186917 -0.0140602 -0.0148753    0.32672
IMAGINARY
           0    0.0101138    0.0133057  0.000610278
  -0.0101138            0    0.0112204    0.0164036
  -0.0133057   -0.0112204            0  -0.00821745
-0.000610278   -0.0164036   0.00821745            0
Repeater1[0]<--->EndNode1[0]
REAL
   0.419355 -0.00511811 -0.00866809    0.163051
-0.00511811    0.137097   0.0510561  0.00554699
-0.00866809   0.0510561     0.15457  -0.0142327
   0.163051  0.00554699  -0.0142327    0.288978
IMAGINARY
          0  0.00489908  -0.0126746 -0.00222533
-0.00489908           0  -0.0128073  0.00716666
  0.0126746   0.0128073           0   -0.010407
 0.00222533 -0.00716666    0.010407           0
Repeater1[0]<--->HoM1[0]
REAL
  0.369048  0.0113205  0.0107657   0.186917
 0.0113205    0.14418  0.0295213 -0.0148753
 0.0107657  0.0295213   0.160053 -0.0140602
  0.186917 -0.0148753 -0.0140602    0.32672
IMAGINARY
           0    0.0133057    0.0101138  0.000610278
  -0.0133057            0   -0.0112204  -0.00821745
  -0.0101138    0.0112204            0    0.0164036
-0.000610278   0.00821745   -0.0164036            0
EndNode1[0]<--->Repeater1[0]
REAL
    0.371498 -4.47281e-05  -0.00581597     0.172939
-4.47281e-05     0.157125     0.039301  -0.00720486
 -0.00581597     0.039301     0.135201  -0.00386152
    0.172939  -0.00720486  -0.00386152     0.336175
IMAGINARY
          0 -0.00595543 -0.00929393 -0.00604995
 0.00595543           0 -0.00805262   0.0308063
 0.00929393  0.00805262           0 -0.00903805
 0.00604995  -0.0308063  0.00903805           0
EndNode2[0]<--->HoM1[0]
REAL
    0.349456  -0.00144891  -0.00643553      0.16445
 -0.00144891     0.162031    0.0248224 -0.000346221
 -0.00643553    0.0248224     0.158404    -0.010265
     0.16445 -0.000346221    -0.010265     0.330109
IMAGINARY
           0   -0.0111465 -0.000661366  -0.00481906
   0.0111465            0 -0.000416543   0.00199115
 0.000661366  0.000416543            0   0.00848697
  0.00481906  -0.00199115  -0.00848697            0
Repeater1[0]<--->EndNode1[0]
REAL
    0.371498  -0.00581597 -4.47281e-05     0.172939
 -0.00581597     0.135201     0.039301  -0.00386152
-4.47281e-05     0.039301     0.157125  -0.00720486
    0.172939  -0.00386152  -0.00720486     0.336175
IMAGINARY
          0 -0.00929393 -0.00595543 -0.00604995
 0.00929393           0  0.00805262 -0.00903805
 0.00595543 -0.00805262           0   0.0308063
 0.00604995  0.00903805  -0.0308063           0
Repeater1[0]<--->HoM1[0]
REAL
    0.349456  -0.00643553  -0.00144891      0.16445
 -0.00643553     0.158404    0.0248224    -0.010265
 -0.00144891    0.0248224     0.162031 -0.000346221
     0.16445    -0.010265 -0.000346221     0.330109
IMAGINARY
           0 -0.000661366   -0.0111465  -0.00481906
 0.000661366            0  0.000416543   0.00848697
   0.0111465 -0.000416543            0   0.00199115
  0.00481906  -0.00848697  -0.00199115            0
EndNode1[0]<--->Repeater1[0]
REAL
  0.355294 0.00662601  0.0202699   0.173054
0.00662601   0.150588  0.0207698 0.00535424
 0.0202699  0.0207698   0.143529 0.00191538
  0.173054 0.00535424 0.00191538   0.350588
IMAGINARY
          0  -0.0160663 -0.00859208   -0.014943
  0.0160663           0  0.00696425  0.00732304
 0.00859208 -0.00696425           0  -0.0055073
   0.014943 -0.00732304   0.0055073           0
EndNode2[0]<--->HoM1[0]
REAL
  0.384988  0.0114499 -0.0119324    0.19829
 0.0114499   0.140436  0.0307606  0.0147256
-0.0119324  0.0307606   0.130751 0.00810318
   0.19829  0.0147256 0.00810318   0.343826
IMAGINARY
           0  0.000349898    0.0233414   0.00386705
-0.000349898            0   -0.0082041   0.00188498
  -0.0233414    0.0082041            0   0.00159059
 -0.00386705  -0.00188498  -0.00159059            0
Repeater1[0]<--->EndNode1[0]
REAL
  0.355294  0.0202699 0.00662601   0.173054
 0.0202699   0.143529  0.0207698 0.00191538
0.00662601  0.0207698   0.150588 0.00535424
  0.173054 0.00191538 0.00535424   0.350588
IMAGINARY
          0 -0.00859208  -0.0160663   -0.014943
 0.00859208           0 -0.00696425  -0.0055073
  0.0160663  0.00696425           0  0.00732304
   0.014943   0.0055073 -0.00732304           0
Repeater1[0]<--->HoM1[0]
REAL
  0.384988 -0.0119324  0.0114499    0.19829
-0.0119324   0.130751  0.0307606 0.00810318
 0.0114499  0.0307606   0.140436  0.0147256
   0.19829 0.00810318  0.0147256   0.343826
IMAGINARY
           0    0.0233414  0.000349898   0.00386705
  -0.0233414            0    0.0082041   0.00159059
-0.000349898   -0.0082041            0   0.00188498
 -0.00386705  -0.00159059  -0.00188498            0
EndNode1[0]<--->Repeater1[0]
REAL
   0.370988  -0.0192176 -0.00417992     0.18116
 -0.0192176    0.161746   0.0188396 -0.00620969
-0.00417992   0.0188396    0.145058   0.0231137
    0.18116 -0.00620969   0.0231137    0.322208
IMAGINARY
          0 -0.00757232 -0.00701044 -0.00364894
 0.00757232           0 -0.00499303  0.00635855
 0.00701044  0.00499303           0  0.00692043
 0.00364894 -0.00635855 -0.00692043           0
EndNode2[0]<--->HoM1[0]
REAL
    0.38862 -0.00774522  0.00207773    0.205354
-0.00774522    0.135593   0.0382669  0.00339007
 0.00207773   0.0382669    0.146489 -0.00501298
   0.205354  0.00339007 -0.00501298    0.329298
IMAGINARY
          0 -0.00165354 -0.00238419 -0.00489801
 0.00165354           0  -0.0015955   0.0231913
 0.00238419   0.0015955           0  -0.0115873
 0.00489801  -0.0231913   0.0115873           0
Repeater1[0]<--->EndNode1[0]
REAL
   0.370988 -0.00417992  -0.0192176     0.18116
-0.00417992    0.145058   0.0188396   0.0231137
 -0.0192176   0.0188396    0.161746 -0.00620969
    0.18116   0.0231137 -0.00620969    0.322208
IMAGINARY
          0 -0.00701044 -0.00757232 -0.00364894
 0.00701044           0  0.00499303  0.00692043
 0.00757232 -0.00499303           0  0.00635855
 0.00364894 -0.00692043 -0.00635855           0
Repeater1[0]<--->HoM1[0]
REAL
    0.38862  0.00207773 -0.00774522    0.205354
 0.00207773    0.146489   0.0382669 -0.00501298
-0.00774522   0.0382669    0.135593  0.00339007
   0.205354 -0.00501298  0.00339007    0.329298
IMAGINARY
          0 -0.00238419 -0.00165354 -0.00489801
 0.00238419           0   0.0015955  -0.0115873
 0.00165354  -0.0015955           0   0.0231913
 0.00489801   0.0115873  -0.0231913           0
EndNode1[0]<--->Repeater1[0]
REAL
  0.386842  0.0237688 0.00194454    0.17788
 0.0237688   0.131579  0.0330572  0.0032638
0.00194454  0.0330572   0.132895 0.00487707
   0.17788  0.0032638 0.00487707   0.348684
IMAGINARY
          0  0.00743225   0.0047658 -0.00163311
-0.00743225           0  -0.0100856   -0.015906
 -0.0047658   0.0100856           0  -0.0185725
 0.00163311    0.015906   0.0185725           0
EndNode2[0]<--->HoM1[0]
REAL
   0.327044  0.00918246 -0.00649494    0.202199
 0.00918246    0.145912   0.0373713   0.0185051
-0.00649494   0.0373713    0.174843  0.00029921
   0.202199   0.0185051  0.00029921    0.352201
IMAGINARY
          0   0.0126887  -0.0168966  0.00709104
 -0.0126887           0  -0.0102357  -0.0168966
  0.0168966   0.0102357           0  0.00593197
-0.00709104   0.0168966 -0.00593197           0
Repeater1[0]<--->EndNode1[0]
REAL
  0.386842 0.00194454  0.0237688    0.17788
0.00194454   0.132895  0.0330572 0.00487707
 0.0237688  0.0330572   0.131579  0.0032638
   0.17788 0.00487707  0.0032638   0.348684
IMAGINARY
          0   0.0047658  0.00743225 -0.00163311
 -0.0047658           0   0.0100856  -0.0185725
-0.00743225  -0.0100856           0   -0.015906
 0.00163311   0.0185725    0.015906           0
Repeater1[0]<--->HoM1[0]
REAL
   0.327044 -0.00649494  0.00918246    0.202199
-0.00649494    0.174843   0.0373713  0.00029921
 0.00918246   0.0373713    0.145912   0.0185051
   0.202199  0.00029921   0.0185051    0.352201
IMAGINARY
          0  -0.0168966   0.0126887  0.00709104
  0.0168966           0   0.0102357  0.00593197
 -0.0126887  -0.0102357           0  -0.0168966
-0.00709104 -0.00593197   0.0168966           0
EndNode1[0]<--->Repeater1[0]
REAL
   0.386395   0.0308318  0.00689679    0.185897
  0.0308318     0.14966   0.0295694 -0.00512584
 0.00689679   0.0295694    0.144218  -0.0042675
   0.185897 -0.00512584  -0.0042675    0.319728
IMAGINARY
           0    0.0108581   0.00540588  -0.00192967
  -0.0108581            0 -8.91759e-05    0.0218894
 -0.00540588  8.91759e-05            0   -0.0195429
  0.00192967   -0.0218894    0.0195429            0
EndNode2[0]<--->HoM1[0]
REAL
   0.357506    0.022208 0.000786745    0.161773
   0.022208    0.145038   0.0403264 -0.00734842
0.000786745   0.0403264    0.148855  0.00928808
   0.161773 -0.00734842  0.00928808    0.348601
IMAGINARY
          0  0.00426549   0.0107728   0.0158078
-0.00426549           0  0.00620475  0.00731502
 -0.0107728 -0.00620475           0 -0.00814146
 -0.0158078 -0.00731502  0.00814146           0
Repeater1[0]<--->EndNode1[0]
REAL
   0.386395  0.00689679   0.0308318    0.185897
 0.00689679    0.144218   0.0295694  -0.0042675
  0.0308318   0.0295694     0.14966 -0.00512584
   0.185897  -0.0042675 -0.00512584    0.319728
IMAGINARY
           0   0.00540588    0.0108581  -0.00192967
 -0.00540588            0  8.91759e-05   -0.0195429
  -0.0108581 -8.91759e-05            0    0.0218894
  0.00192967    0.0195429   -0.0218894            0
Repeater1[0]<--->HoM1[0]
REAL
   0.357506 0.000786745    0.022208    0.161773
0.000786745    0.148855   0.0403264  0.00928808
   0.022208   0.0403264    0.145038 -0.00734842
   0.161773  0.00928808 -0.00734842    0.348601
IMAGINARY
          0   0.0107728  0.00426549   0.0158078
 -0.0107728           0 -0.00620475 -0.00814146
-0.00426549  0.00620475           0  0.00731502
 -0.0158078  0.00814146 -0.00731502           0
EndNode1[0]<--->Repeater1[0]
REAL
   0.377778 -0.00412835  0.00108023    0.183848
-0.00412835    0.133333   0.0431828  0.00358023
 0.00108023   0.0431828    0.135948   0.0101204
   0.183848  0.00358023   0.0101204    0.352941
IMAGINARY
          0   0.0127352  0.00211098  0.00773251
 -0.0127352           0  0.00839652 -0.00211098
-0.00211098 -0.00839652           0  0.00900389
-0.00773251  0.00211098 -0.00900389           0
EndNode2[0]<--->HoM1[0]
REAL
    0.335888   0.00771158 -0.000126463     0.191321
  0.00771158     0.144317    0.0426365    0.0121585
-0.000126463    0.0426365     0.146871  -0.00236399
    0.191321    0.0121585  -0.00236399     0.372925
IMAGINARY
          0  -0.0149497  0.00805163  -0.0165038
  0.0149497           0 -0.00453576 -0.00278848
-0.00805163  0.00453576           0  0.00310759
  0.0165038  0.00278848 -0.00310759           0
Repeater1[0]<--->EndNode1[0]
REAL
   0.377778  0.00108023 -0.00412835    0.183848
 0.00108023    0.135948   0.0431828   0.0101204
-0.00412835   0.0431828    0.133333  0.00358023
   0.183848   0.0101204  0.00358023    0.352941
IMAGINARY
          0  0.00211098   0.0127352  0.00773251
-0.00211098           0 -0.00839652  0.00900389
 -0.0127352  0.00839652           0 -0.00211098
-0.00773251 -0.00900389  0.00211098           0
Repeater1[0]<--->HoM1[0]
REAL
    0.335888 -0.000126463   0.00771158     0.191321
-0.000126463     0.146871    0.0426365  -0.00236399
  0.00771158    0.0426365     0.144317    0.0121585
    0.191321  -0.00236399    0.0121585     0.372925
IMAGINARY
          0  0.00805163  -0.0149497  -0.0165038
-0.00805163           0  0.00453576  0.00310759
  0.0149497 -0.00453576           0 -0.00278848
  0.0165038 -0.00310759  0.00278848           0
EndNode1[0]<--->Repeater1[0]
REAL
   0.383523  0.00930568 -0.00912675    0.169061
 0.00930568    0.137784   0.0303177  0.00477893
-0.00912675   0.0303177    0.129261  -0.0136535
   0.169061  0.00477893  -0.0136535    0.349432
IMAGINARY
           0    -0.016908    0.0261269   -0.0019231
    0.016908            0 -0.000634442   0.00659563
  -0.0261269  0.000634442            0   -0.0105789
   0.0019231  -0.00659563    0.0105789            0
EndNode2[0]<--->HoM1[0]
REAL
   0.371846 -0.00566399  0.00314879    0.175057
-0.00566399    0.150066   0.0367853   0.0113249
 0.00314879   0.0367853    0.138114   0.0161903
   0.175057   0.0113249   0.0161903    0.339973
IMAGINARY
           0    0.0184932   -0.0189236    0.0289221
  -0.0184932            0   -0.0326721  -0.00329861
   0.0189236    0.0326721            0  2.53331e-05
  -0.0289221   0.00329861 -2.53331e-05            0
Repeater1[0]<--->EndNode1[0]
REAL
   0.383523 -0.00912675  0.00930568    0.169061
-0.00912675    0.129261   0.0303177  -0.0136535
 0.00930568   0.0303177    0.137784  0.00477893
   0.169061  -0.0136535  0.00477893    0.349432
IMAGINARY
           0    0.0261269    -0.016908   -0.0019231
  -0.0261269            0  0.000634442   -0.0105789
    0.016908 -0.000634442            0   0.00659563
   0.0019231    0.0105789  -0.00659563            0
Repeater1[0]<--->HoM1[0]
REAL
   0.371846  0.00314879 -0.00566399    0.175057
 0.00314879    0.138114   0.0367853   0.0161903
-0.00566399   0.0367853    0.150066   0.0113249
   0.175057   0.0161903   0.0113249    0.339973
IMAGINARY
           0   -0.0189236    0.0184932    0.0289221
   0.0189236            0    0.0326721  2.53331e-05
  -0.0184932   -0.0326721            0  -0.00329861
  -0.0289221 -2.53331e-05   0.00329861            0
EndNode1[0]<--->Repeater1[0]
REAL
   0.374324  -0.0124099 -0.00258732    0.167171
 -0.0124099    0.156757   0.0288185  -0.0252264
-0.00258732   0.0288185    0.131081   0.0117631
   0.167171  -0.0252264   0.0117631    0.337838
IMAGINARY
          0   0.0125277 -0.00591683   0.0275579
 -0.0125277           0  0.00811002  -0.0140317
 0.00591683 -0.00811002           0  0.00613383
 -0.0275579   0.0140317 -0.00613383           0
EndNode2[0]<--->HoM1[0]
REAL
  0.360339  0.0065669 0.00440787   0.180356
 0.0065669   0.146312  0.0304218 0.00309554
0.00440787  0.0304218   0.153567 -0.0208916
  0.180356 0.00309554 -0.0208916   0.339782
IMAGINARY
          0  0.00724215  -0.0113683   0.0258199
-0.00724215           0  0.00768522  -0.0143913
  0.0113683 -0.00768522           0  0.00134438
 -0.0258199   0.0143913 -0.00134438           0
Repeater1[0]<--->EndNode1[0]
REAL
   0.374324 -0.00258732  -0.0124099    0.167171
-0.00258732    0.131081   0.0288185   0.0117631
 -0.0124099   0.0288185    0.156757  -0.0252264
   0.167171   0.0117631  -0.0252264    0.337838
IMAGINARY
          0 -0.00591683   0.0125277   0.0275579
 0.00591683           0 -0.00811002  0.00613383
 -0.0125277  0.00811002           0  -0.0140317
 -0.0275579 -0.00613383   0.0140317           0
Repeater1[0]<--->HoM1[0]
REAL
  0.360339 0.00440787  0.0065669   0.180356
0.00440787   0.153567  0.0304218 -0.0208916
 0.0065669  0.0304218   0.146312 0.00309554
  0.180356 -0.0208916 0.00309554   0.339782
IMAGINARY
          0  -0.0113683  0.00724215   0.0258199
  0.0113683           0 -0.00768522  0.00134438
-0.00724215  0.00768522           0  -0.0143913
 -0.0258199 -0.00134438   0.0143913           0
EndNode1[0]<--->Repeater1[0]
REAL
   0.350765 -0.00683817   -0.013825    0.195824
-0.00683817    0.160714   0.0467919  0.00890231
  -0.013825   0.0467919    0.147959   0.0230126
   0.195824  0.00890231   0.0230126    0.340561
IMAGINARY
           0   0.00061369    -0.011297  -0.00561783
 -0.00061369            0   0.00434232 -0.000961074
    0.011297  -0.00434232            0   -0.0115814
  0.00561783  0.000961074    0.0115814            0
EndNode2[0]<--->HoM1[0]
REAL
  0.357234  0.0299857  0.0169851   0.185923
 0.0299857   0.135723  0.0296732  0.0125037
 0.0169851  0.0296732   0.149808 0.00605623
  0.185923  0.0125037 0.00605623   0.357234
IMAGINARY
          0  0.00325521  0.00946112   0.0271291
-0.00325521           0 -0.00236336   0.0100701
-0.00946112  0.00236336           0  -0.0175781
 -0.0271291  -0.0100701   0.0175781           0
Repeater1[0]<--->EndNode1[0]
REAL
   0.350765   -0.013825 -0.00683817    0.195824
  -0.013825    0.147959   0.0467919   0.0230126
-0.00683817   0.0467919    0.160714  0.00890231
   0.195824   0.0230126  0.00890231    0.340561
IMAGINARY
           0    -0.011297   0.00061369  -0.00561783
    0.011297            0  -0.00434232   -0.0115814
 -0.00061369   0.00434232            0 -0.000961074
  0.00561783    0.0115814  0.000961074            0
Repeater1[0]<--->HoM1[0]
REAL
  0.357234  0.0169851  0.0299857   0.185923
 0.0169851   0.149808  0.0296732 0.00605623
 0.0299857  0.0296732   0.135723  0.0125037
  0.185923 0.00605623  0.0125037   0.357234
IMAGINARY
          0  0.00946112  0.00325521   0.0271291
-0.00946112           0  0.00236336  -0.0175781
-0.00325521 -0.00236336           0   0.0100701
 -0.0271291   0.0175781  -0.0100701           0
EndNode1[0]<--->Repeater1[0]
REAL
   0.361834 -0.00636342    0.015252    0.182679
-0.00636342    0.127633   0.0022527 -0.00591202
   0.015252   0.0022527    0.171004  0.00698609
   0.182679 -0.00591202  0.00698609    0.339529
IMAGINARY
          0   0.0109318  0.00600068   0.0320935
 -0.0109318           0 -0.00767186  -0.0226452
-0.00600068  0.00767186           0   0.0270176
 -0.0320935   0.0226452  -0.0270176           0
EndNode2[0]<--->HoM1[0]
REAL
  0.335907 0.00386481  0.0199991   0.188967
0.00386481   0.151866  0.0205868 -0.0142666
 0.0199991  0.0205868    0.14157 0.00951098
  0.188967 -0.0142666 0.00951098   0.370656
IMAGINARY
           0  -0.00185589  0.000774362  -0.00601815
  0.00185589            0   -0.0114382   -0.0072011
-0.000774362    0.0114382            0   -0.0277071
  0.00601815    0.0072011    0.0277071            0
Repeater1[0]<--->EndNode1[0]
REAL
   0.361834    0.015252 -0.00636342    0.182679
   0.015252    0.171004   0.0022527  0.00698609
-0.00636342   0.0022527    0.127633 -0.00591202
   0.182679  0.00698609 -0.00591202    0.339529
IMAGINARY
          0  0.00600068   0.0109318   0.0320935
-0.00600068           0  0.00767186   0.0270176
 -0.0109318 -0.00767186           0  -0.0226452
 -0.0320935  -0.0270176   0.0226452           0
Repeater1[0]<--->HoM1[0]
REAL
  0.335907  0.0199991 0.00386481   0.188967
 0.0199991    0.14157  0.0205868 0.00951098
0.00386481  0.0205868   0.151866 -0.0142666
  0.188967 0.00951098 -0.0142666   0.370656
IMAGINARY
           0  0.000774362  -0.00185589  -0.00601815
-0.000774362            0    0.0114382   -0.0277071
  0.00185589   -0.0114382            0   -0.0072011
  0.00601815    0.0277071    0.0072011            0
EndNode1[0]<--->Repeater1[0]
REAL
   0.367239 -0.00334966 -0.00300579    0.166295
-0.00334966    0.138705   0.0334328  -0.0010703
-0.00300579   0.0334328    0.149273   0.0115018
   0.166295  -0.0010703   0.0115018    0.344782
IMAGINARY
          0 -0.00510918  0.00674188   -0.015045
 0.00510918           0  0.00356541  0.00288584
-0.00674188 -0.00356541           0  -0.0250577
   0.015045 -0.00288584   0.0250577           0
EndNode2[0]<--->HoM1[0]
REAL
    0.349227  -0.00130467  -0.00467888     0.172613
 -0.00130467     0.150773    0.0210582 -0.000384406
 -0.00467888    0.0210582     0.121134   0.00636796
    0.172613 -0.000384406   0.00636796     0.378866
IMAGINARY
           0   -0.0145168   -0.0182942  -0.00215427
   0.0145168            0  -0.00352039    0.0131128
   0.0182942   0.00352039            0  0.000268121
  0.00215427   -0.0131128 -0.000268121            0
Repeater1[0]<--->EndNode1[0]
REAL
   0.367239 -0.00300579 -0.00334966    0.166295
-0.00300579    0.149273   0.0334328   0.0115018
-0.00334966   0.0334328    0.138705  -0.0010703
   0.166295   0.0115018  -0.0010703    0.344782
IMAGINARY
          0  0.00674188 -0.00510918   -0.015045
-0.00674188           0 -0.00356541  -0.0250577
 0.00510918  0.00356541           0  0.00288584
   0.015045   0.0250577 -0.00288584           0
Repeater1[0]<--->HoM1[0]
REAL
    0.349227  -0.00467888  -0.00130467     0.172613
 -0.00467888     0.121134    0.0210582   0.00636796
 -0.00130467    0.0210582     0.150773 -0.000384406
    0.172613   0.00636796 -0.000384406     0.378866
IMAGINARY
           0   -0.0182942   -0.0145168  -0.00215427
   0.0182942            0   0.00352039  0.000268121
   0.0145168  -0.00352039            0    0.0131128
  0.00215427 -0.000268121   -0.0131128            0
EndNode1[0]<--->Repeater1[0]
REAL
   0.357236   0.0111255   0.0179551    0.190764
  0.0111255    0.157757   0.0363977 -0.00760189
  0.0179551   0.0363977    0.153846   0.0162801
   0.190764 -0.00760189   0.0162801     0.33116
IMAGINARY
          0  -0.0017828   0.0194986  -0.0253603
  0.0017828           0  0.00500407 -0.00412345
 -0.0194986 -0.00500407           0    0.019618
  0.0253603  0.00412345   -0.019618           0
EndNode2[0]<--->HoM1[0]
REAL
   0.353383 -0.00275358   0.0190226    0.172014
-0.00275358    0.151629   0.0149082      0.0107
  0.0190226   0.0149082    0.149123   0.0311552
   0.172014      0.0107   0.0311552    0.345865
IMAGINARY
          0   0.0135619 -0.00211864   0.0181079
 -0.0135619           0  -0.0025639   0.0171121
 0.00211864   0.0025639           0  -0.0298592
 -0.0181079  -0.0171121   0.0298592           0
Repeater1[0]<--->EndNode1[0]
REAL
   0.357236   0.0179551   0.0111255    0.190764
  0.0179551    0.153846   0.0363977   0.0162801
  0.0111255   0.0363977    0.157757 -0.00760189
   0.190764   0.0162801 -0.00760189     0.33116
IMAGINARY
          0   0.0194986  -0.0017828  -0.0253603
 -0.0194986           0 -0.00500407    0.019618
  0.0017828  0.00500407           0 -0.00412345
  0.0253603   -0.019618  0.00412345           0
Repeater1[0]<--->HoM1[0]
REAL
   0.353383   0.0190226 -0.00275358    0.172014
  0.0190226    0.149123   0.0149082   0.0311552
-0.00275358   0.0149082    0.151629      0.0107
   0.172014   0.0311552      0.0107    0.345865
IMAGINARY
          0 -0.00211864   0.0135619   0.0181079
 0.00211864           0   0.0025639  -0.0298592
 -0.0135619  -0.0025639           0   0.0171121
 -0.0181079   0.0298592  -0.0171121           0
EndNode1[0]<--->Repeater1[0]
REAL
  0.377238 -0.0176344  0.0125893   0.173851
-0.0176344    0.11509  0.0482232 -0.0298765
 0.0125893  0.0482232   0.154731 0.00699612
  0.173851 -0.0298765 0.00699612   0.352941
IMAGINARY
         0 -0.0012315 -0.0126878  -0.024905
 0.0012315          0  0.0109993 -0.0237443
 0.0126878 -0.0109993          0  -0.010075
  0.024905  0.0237443   0.010075          0
EndNode2[0]<--->HoM1[0]
REAL
    0.37741 -0.00139999  0.00263546    0.161277
-0.00139999    0.152893   0.0380696  0.00586127
 0.00263546   0.0380696    0.112948  0.00466797
   0.161277  0.00586127  0.00466797    0.356749
IMAGINARY
          0  0.00650902 -0.00588454  -0.0153123
-0.00650902           0  -0.0113958 -0.00780516
 0.00588454   0.0113958           0   0.0058769
  0.0153123  0.00780516  -0.0058769           0
Repeater1[0]<--->EndNode1[0]
REAL
  0.377238  0.0125893 -0.0176344   0.173851
 0.0125893   0.154731  0.0482232 0.00699612
-0.0176344  0.0482232    0.11509 -0.0298765
  0.173851 0.00699612 -0.0298765   0.352941
IMAGINARY
         0 -0.0126878 -0.0012315  -0.024905
 0.0126878          0 -0.0109993  -0.010075
 0.0012315  0.0109993          0 -0.0237443
  0.024905   0.010075  0.0237443          0
Repeater1[0]<--->HoM1[0]
REAL
    0.37741  0.00263546 -0.00139999    0.161277
 0.00263546    0.112948   0.0380696  0.00466797
-0.00139999   0.0380696    0.152893  0.00586127
   0.161277  0.00466797  0.00586127    0.356749
IMAGINARY
          0 -0.00588454  0.00650902  -0.0153123
 0.00588454           0   0.0113958   0.0058769
-0.00650902  -0.0113958           0 -0.00780516
  0.0153123  -0.0058769  0.00780516           0
EndNode1[0]<--->Repeater1[0]
REAL
      0.375  0.00534834 -0.00296772    0.166959
 0.00534834    0.122475   0.0215871  0.00361122
-0.00296772   0.0215871    0.138889   0.0107392
   0.166959  0.00361122   0.0107392    0.363636
IMAGINARY
           0  -0.00152488  8.04901e-05  -0.00721338
  0.00152488            0   0.00113065    0.0123054
-8.04901e-05  -0.00113065            0     0.012607
  0.00721338   -0.0123054    -0.012607            0
EndNode2[0]<--->HoM1[0]
REAL
   0.373844  -0.0126388 -0.00834894    0.173533
 -0.0126388    0.130779   0.0347493 -0.00957443
-0.00834894   0.0347493     0.14531    0.014493
   0.173533 -0.00957443    0.014493    0.350066
IMAGINARY
          0   0.0173461 -0.00527493  0.00864569
 -0.0173461           0   0.0124625  -0.0156376
 0.00527493  -0.0124625           0   0.0099036
-0.00864569   0.0156376  -0.0099036           0
Repeater1[0]<--->EndNode1[0]
REAL
      0.375 -0.00296772  0.00534834    0.166959
-0.00296772    0.138889   0.0215871   0.0107392
 0.00534834   0.0215871    0.122475  0.00361122
   0.166959   0.0107392  0.00361122    0.363636
IMAGINARY
           0  8.04901e-05  -0.00152488  -0.00721338
-8.04901e-05            0  -0.00113065     0.012607
  0.00152488   0.00113065            0    0.0123054
  0.00721338    -0.012607   -0.0123054            0
Repeater1[0]<--->HoM1[0]
REAL
   0.373844 -0.00834894  -0.0126388    0.173533
-0.00834894     0.14531   0.0347493    0.014493
 -0.0126388   0.0347493    0.130779 -0.00957443
   0.173533    0.014493 -0.00957443    0.350066
IMAGINARY
          0 -0.00527493   0.0173461  0.00864569
 0.00527493           0  -0.0124625   0.0099036
 -0.0173461   0.0124625           0  -0.0156376
-0.00864569  -0.0099036   0.0156376           0
EndNode1[0]<--->Repeater1[0]
REAL
   0.410738 -0.00174835   0.0101518    0.177502
-0.00174835     0.13557   0.0450556 0.000101533
  0.0101518   0.0450556    0.138255   0.0192393
   0.177502 0.000101533   0.0192393    0.315436
IMAGINARY
           0     0.022665   -0.0144245   -0.0137198
   -0.022665            0  0.000527167  -0.00648802
   0.0144245 -0.000527167            0  -0.00682217
   0.0137198   0.00648802   0.00682217            0
EndNode2[0]<--->HoM1[0]
REAL
  0.348837  0.0191886  0.0123832   0.192855
 0.0191886   0.162791   0.032478 -0.0230499
 0.0123832   0.032478   0.135431  0.0101447
  0.192855 -0.0230499  0.0101447   0.352941
IMAGINARY
           0   0.00833144  0.000343271  -0.00129897
 -0.00833144            0     0.020994  -0.00474579
-0.000343271    -0.020994            0   0.00110252
  0.00129897   0.00474579  -0.00110252            0
Repeater1[0]<--->EndNode1[0]
REAL
   0.410738   0.0101518 -0.00174835    0.177502
  0.0101518    0.138255   0.0450556   0.0192393
-0.00174835   0.0450556     0.13557 0.000101533
   0.177502   0.0192393 0.000101533    0.315436
IMAGINARY
           0   -0.0144245     0.022665   -0.0137198
   0.0144245            0 -0.000527167  -0.00682217
   -0.022665  0.000527167            0  -0.00648802
   0.0137198   0.00682217   0.00648802            0
Repeater1[0]<--->HoM1[0]
REAL
  0.348837  0.0123832  0.0191886   0.192855
 0.0123832   0.135431   0.032478  0.0101447
 0.0191886   0.032478   0.162791 -0.0230499
  0.192855  0.0101447 -0.0230499   0.352941
IMAGINARY
           0  0.000343271   0.00833144  -0.00129897
-0.000343271            0    -0.020994   0.00110252
 -0.00833144     0.020994            0  -0.00474579
  0.00129897  -0.00110252   0.00474579            0
EndNode1[0]<--->Repeater1[0]
REAL
  0.349593 -0.0169727 0.00716691   0.192291
-0.0169727   0.135501  0.0272852 -0.0045214
0.00716691  0.0272852   0.159892 0.00109964
  0.192291 -0.0045214 0.00109964   0.355014
IMAGINARY
          0  0.00995413  0.00280075  -0.0151338
-0.00995413           0  0.00319744 -0.00715941
-0.00280075 -0.00319744           0  0.00312183
  0.0151338  0.00715941 -0.00312183           0
EndNode2[0]<--->HoM1[0]
REAL
   0.381194 -0.00642011  0.00860008    0.199544
-0.00642011    0.141042   0.0131927 -0.00318003
 0.00860008   0.0131927    0.141042  0.00913013
   0.199544 -0.00318003  0.00913013    0.336722
IMAGINARY
          0  0.00139301  -0.0103184 -0.00565617
-0.00139301           0  0.00434383   0.0208171
  0.0103184 -0.00434383           0 -0.00270535
 0.00565617  -0.0208171  0.00270535           0
Repeater1[0]<--->EndNode1[0]
REAL
  0.349593 0.00716691 -0.0169727   0.192291
0.00716691   0.159892  0.0272852 0.00109964
-0.0169727  0.0272852   0.135501 -0.0045214
  0.192291 0.00109964 -0.0045214   0.355014
IMAGINARY
          0  0.00280075  0.00995413  -0.0151338
-0.00280075           0 -0.00319744  0.00312183
-0.00995413  0.00319744           0 -0.00715941
  0.0151338 -0.00312183  0.00715941           0
Repeater1[0]<--->HoM1[0]
REAL
   0.381194  0.00860008 -0.00642011    0.199544
 0.00860008    0.141042   0.0131927  0.00913013
-0.00642011   0.0131927    0.141042 -0.00318003
   0.199544  0.00913013 -0.00318003    0.336722
IMAGINARY
          0  -0.0103184  0.00139301 -0.00565617
  0.0103184           0 -0.00434383 -0.00270535
-0.00139301  0.00434383           0   0.0208171
 0.00565617  0.00270535  -0.0208171           0
EndNode1[0]<--->Repeater1[0]
REAL
   0.384416    0.017412 -0.00187396    0.171349
   0.017412    0.124675   0.0455341   0.0135623
-0.00187396   0.0455341    0.138961  -0.0135159
   0.171349   0.0135623  -0.0135159    0.351948
IMAGINARY
          0   0.0130651 -0.00520916   0.0285874
 -0.0130651           0    0.019636 -0.00978432
 0.00520916   -0.019636           0   0.0136624
 -0.0285874  0.00978432  -0.0136624           0
EndNode2[0]<--->HoM1[0]
REAL
   0.347368 -0.00248875 -0.00745673     0.15475
-0.00248875    0.131579   0.0385486   0.0345186
-0.00745673   0.0385486    0.142105 -0.00653187
    0.15475   0.0345186 -0.00653187    0.378947
IMAGINARY
          0   0.0162308 -0.00962815 -0.00640881
 -0.0162308           0   0.0169678 -0.00962815
 0.00962815  -0.0169678           0   0.0149777
 0.00640881  0.00962815  -0.0149777           0
Repeater1[0]<--->EndNode1[0]
REAL
   0.384416 -0.00187396    0.017412    0.171349
-0.00187396    0.138961   0.0455341  -0.0135159
   0.017412   0.0455341    0.124675   0.0135623
   0.171349  -0.0135159   0.0135623    0.351948
IMAGINARY
          0 -0.00520916   0.0130651   0.0285874
 0.00520916           0   -0.019636   0.0136624
 -0.0130651    0.019636           0 -0.00978432
 -0.0285874  -0.0136624  0.00978432           0
Repeater1[0]<--->HoM1[0]
REAL
   0.347368 -0.00745673 -0.00248875     0.15475
-0.00745673    0.142105   0.0385486 -0.00653187
-0.00248875   0.0385486    0.131579   0.0345186
    0.15475 -0.00653187   0.0345186    0.378947
IMAGINARY
          0 -0.00962815   0.0162308 -0.00640881
 0.00962815           0  -0.0169678   0.0149777
 -0.0162308   0.0169678           0 -0.00962815
 0.00640881  -0.0149777  0.00962815           0
EndNode1[0]<--->Repeater1[0]
REAL
    0.36747 -0.00718576  -0.0273727    0.163082
-0.00718576    0.145783   0.0203152   0.0177202
 -0.0273727   0.0203152    0.140964  -0.0230588
   0.163082   0.0177202  -0.0230588    0.345783
IMAGINARY
           0  -0.00220126   -0.0113208    0.0183536
  0.00220126            0   -0.0025641  0.000628931
   0.0113208    0.0025641            0  -0.00220126
  -0.0183536 -0.000628931   0.00220126            0
EndNode2[0]<--->HoM1[0]
REAL
  0.344156 0.00559499 0.00571066   0.168048
0.00559499   0.136364   0.038805 0.00571066
0.00571066   0.038805   0.151948  0.0147096
  0.168048 0.00571066  0.0147096   0.367532
IMAGINARY
          0  0.00301035   -0.012225 -0.00478498
-0.00301035           0  -0.0215969  -0.0178012
   0.012225   0.0215969           0   0.0191829
 0.00478498   0.0178012  -0.0191829           0
Repeater1[0]<--->EndNode1[0]
REAL
    0.36747  -0.0273727 -0.00718576    0.163082
 -0.0273727    0.140964   0.0203152  -0.0230588
-0.00718576   0.0203152    0.145783   0.0177202
   0.163082  -0.0230588   0.0177202    0.345783
IMAGINARY
           0   -0.0113208  -0.00220126    0.0183536
   0.0113208            0    0.0025641  -0.00220126
  0.00220126   -0.0025641            0  0.000628931
  -0.0183536   0.00220126 -0.000628931            0
Repeater1[0]<--->HoM1[0]
REAL
  0.344156 0.00571066 0.00559499   0.168048
0.00571066   0.151948   0.038805  0.0147096
0.00559499   0.038805   0.136364 0.00571066
  0.168048  0.0147096 0.00571066   0.367532
IMAGINARY
          0   -0.012225  0.00301035 -0.00478498
   0.012225           0   0.0215969   0.0191829
-0.00301035  -0.0215969           0  -0.0178012
 0.00478498  -0.0191829   0.0178012           0
EndNode1[0]<--->Repeater1[0]
REAL
  0.384409 0.00591832 0.00992375   0.175096
0.00591832   0.138441  0.0132159 0.00566066
0.00992375  0.0132159   0.147849  0.0122635
  0.175096 0.00566066  0.0122635   0.329301
IMAGINARY
           0     0.021835  -0.00553849 -0.000386026
   -0.021835            0    0.0155375   -0.0205712
  0.00553849   -0.0155375            0   0.00558013
 0.000386026    0.0205712  -0.00558013            0
EndNode2[0]<--->HoM1[0]
REAL
   0.369759 -0.00060746  -0.0130979    0.190573
-0.00060746    0.143583   0.0424247 -0.00579379
 -0.0130979   0.0424247    0.152478  -0.0182842
   0.190573 -0.00579379  -0.0182842     0.33418
IMAGINARY
           0 -0.000292186  -0.00281518    0.0104986
 0.000292186            0   -0.0149916    0.0151609
  0.00281518    0.0149916            0 -0.000942381
  -0.0104986   -0.0151609  0.000942381            0
Repeater1[0]<--->EndNode1[0]
REAL
  0.384409 0.00992375 0.00591832   0.175096
0.00992375   0.147849  0.0132159  0.0122635
0.00591832  0.0132159   0.138441 0.00566066
  0.175096  0.0122635 0.00566066   0.329301
IMAGINARY
           0  -0.00553849     0.021835 -0.000386026
  0.00553849            0   -0.0155375   0.00558013
   -0.021835    0.0155375            0   -0.0205712
 0.000386026  -0.00558013    0.0205712            0
Repeater1[0]<--->HoM1[0]
REAL
   0.369759  -0.0130979 -0.00060746    0.190573
 -0.0130979    0.152478   0.0424247  -0.0182842
-0.00060746   0.0424247    0.143583 -0.00579379
   0.190573  -0.0182842 -0.00579379     0.33418
IMAGINARY
           0  -0.00281518 -0.000292186    0.0104986
  0.00281518            0    0.0149916 -0.000942381
 0.000292186   -0.0149916            0    0.0151609
  -0.0104986  0.000942381   -0.0151609            0
EndNode1[0]<--->Repeater1[0]
REAL
   0.381865    -0.01623  -0.0165259    0.194776
   -0.01623     0.12516   0.0487809  0.00106201
 -0.0165259   0.0487809    0.154534 -0.00825454
   0.194776  0.00106201 -0.00825454    0.338442
IMAGINARY
          0   0.0226721 -0.00129199  -0.0217863
 -0.0226721           0  -0.0130363 -0.00129199
 0.00129199   0.0130363           0  0.00058373
  0.0217863  0.00129199 -0.00058373           0
EndNode2[0]<--->HoM1[0]
REAL
   0.365578  -0.0054937 -0.00559124    0.186862
 -0.0054937    0.144472   0.0363091   0.0019327
-0.00559124   0.0363091    0.134422 -0.00670143
   0.186862   0.0019327 -0.00670143    0.355528
IMAGINARY
          0  -0.0277804  -0.0060396 -0.00987261
  0.0277804           0  0.00987261  0.00327717
  0.0060396 -0.00987261           0 -0.00951244
 0.00987261 -0.00327717  0.00951244           0
Repeater1[0]<--->EndNode1[0]
REAL
   0.381865  -0.0165259    -0.01623    0.194776
 -0.0165259    0.154534   0.0487809 -0.00825454
   -0.01623   0.0487809     0.12516  0.00106201
   0.194776 -0.00825454  0.00106201    0.338442
IMAGINARY
          0 -0.00129199   0.0226721  -0.0217863
 0.00129199           0   0.0130363  0.00058373
 -0.0226721  -0.0130363           0 -0.00129199
  0.0217863 -0.00058373  0.00129199           0
Repeater1[0]<--->HoM1[0]
REAL
   0.365578 -0.00559124  -0.0054937    0.186862
-0.00559124    0.134422   0.0363091 -0.00670143
 -0.0054937   0.0363091    0.144472   0.0019327
   0.186862 -0.00670143   0.0019327    0.355528
IMAGINARY
          0  -0.0060396  -0.0277804 -0.00987261
  0.0060396           0 -0.00987261 -0.00951244
  0.0277804  0.00987261           0  0.00327717
 0.00987261  0.00951244 -0.00327717           0
EndNode1[0]<--->Repeater1[0]
REAL
   0.356397  -0.0219773   0.0225078    0.179193
 -0.0219773    0.148825   0.0153576  -0.0206067
  0.0225078   0.0153576    0.139687 -0.00780725
   0.179193  -0.0206067 -0.00780725    0.355091
IMAGINARY
          0  0.00653615  0.00560779    0.012327
-0.00653615           0  0.00683248  -0.0213845
-0.00560779 -0.00683248           0   0.0128813
  -0.012327   0.0213845  -0.0128813           0
EndNode2[0]<--->HoM1[0]
REAL
   0.339719  -0.0135076  0.00647978    0.195185
 -0.0135076    0.137931   0.0520673 -0.00922703
 0.00647978   0.0520673     0.16986 -0.00572317
   0.195185 -0.00922703 -0.00572317     0.35249
IMAGINARY
          0  0.00736375  -0.0339015 -0.00193711
-0.00736375           0  0.00804958  0.00649587
  0.0339015 -0.00804958           0   -0.020153
 0.00193711 -0.00649587    0.020153           0
Repeater1[0]<--->EndNode1[0]
REAL
   0.356397   0.0225078  -0.0219773    0.179193
  0.0225078    0.139687   0.0153576 -0.00780725
 -0.0219773   0.0153576    0.148825  -0.0206067
   0.179193 -0.00780725  -0.0206067    0.355091
IMAGINARY
          0  0.00560779  0.00653615    0.012327
-0.00560779           0 -0.00683248   0.0128813
-0.00653615  0.00683248           0  -0.0213845
  -0.012327  -0.0128813   0.0213845           0
Repeater1[0]<--->HoM1[0]
REAL
   0.339719  0.00647978  -0.0135076    0.195185
 0.00647978     0.16986   0.0520673 -0.00572317
 -0.0135076   0.0520673    0.137931 -0.00922703
   0.195185 -0.00572317 -0.00922703     0.35249
IMAGINARY
          0  -0.0339015  0.00736375 -0.00193711
  0.0339015           0 -0.00804958   -0.020153
-0.00736375  0.00804958           0  0.00649587
 0.00193711    0.020153 -0.00649587           0
EndNode1[0]<--->Repeater1[0]
REAL
  0.379447  0.0210021  0.0284955   0.179507
 0.0210021    0.14361  0.0418668 0.00712794
 0.0284955  0.0418668   0.126482   0.013349
  0.179507 0.00712794   0.013349   0.350461
IMAGINARY
          0  0.00997654  -0.0175857  0.00417907
-0.00997654           0   0.0130623  0.00775423
  0.0175857  -0.0130623           0   -0.019808
-0.00417907 -0.00775423    0.019808           0
EndNode2[0]<--->HoM1[0]
REAL
  0.376058 0.00629502  0.0129667   0.173566
0.00629502    0.13422  0.0414278  0.0025228
 0.0129667  0.0414278   0.158404 -0.0106321
  0.173566  0.0025228 -0.0106321   0.331318
IMAGINARY
