EndNode1[0]<--->Repeater1[0]
REAL
   0.406888  0.00362688 -0.00516796    0.325955
 0.00362688   0.0778061   0.0352279  0.00516796
-0.00516796   0.0352279   0.0918367  -0.0164804
   0.325955  0.00516796  -0.0164804    0.423469
IMAGINARY
           0   -0.0187839   0.00468912   0.00347345
   0.0187839            0  0.000304885   0.00533595
 -0.00468912 -0.000304885            0    0.0100119
 -0.00347345  -0.00533595   -0.0100119            0
EndNode2[0]<--->HoM1[0]
REAL
  0.413655  0.0271438  0.0105425   0.341496
 0.0271438  0.0923695  0.0431196 0.00868831
 0.0105425  0.0431196  0.0937082  0.0151639
  0.341496 0.00868831  0.0151639   0.400268
IMAGINARY
           0  -0.00419288   0.00367597    0.0121052
  0.00419288            0   -0.0195077   0.00241334
 -0.00367597    0.0195077            0 -0.000543247
  -0.0121052  -0.00241334  0.000543247            0
Repeater1[0]<--->EndNode1[0]
REAL
   0.406888 -0.00516796  0.00362688    0.325955
-0.00516796   0.0918367   0.0352279  -0.0164804
 0.00362688   0.0352279   0.0778061  0.00516796
   0.325955  -0.0164804  0.00516796    0.423469
IMAGINARY
           0   0.00468912   -0.0187839   0.00347345
 -0.00468912            0 -0.000304885    0.0100119
   0.0187839  0.000304885            0   0.00533595
 -0.00347345   -0.0100119  -0.00533595            0
Repeater1[0]<--->HoM1[0]
REAL
  0.413655  0.0105425  0.0271438   0.341496
 0.0105425  0.0937082  0.0431196  0.0151639
 0.0271438  0.0431196  0.0923695 0.00868831
  0.341496  0.0151639 0.00868831   0.400268
IMAGINARY
           0   0.00367597  -0.00419288    0.0121052
 -0.00367597            0    0.0195077 -0.000543247
  0.00419288   -0.0195077            0   0.00241334
  -0.0121052  0.000543247  -0.00241334            0
EndNode1[0]<--->Repeater1[0]
REAL
   0.371287  0.00269285  -0.0134446    0.324258
 0.00269285   0.0841584   0.0461827 0.000237022
 -0.0134446   0.0461827    0.105198  -0.0171583
   0.324258 0.000237022  -0.0171583    0.439356
IMAGINARY
          0 -0.00022455 -0.00373535  0.00177653
 0.00022455           0  0.00894733  -0.0163181
 0.00373535 -0.00894733           0  0.00690904
-0.00177653   0.0163181 -0.00690904           0
EndNode2[0]<--->HoM1[0]
REAL
    0.392351    0.0172012 -0.000991163     0.326172
   0.0172012    0.0977337    0.0455265    0.0141987
-0.000991163    0.0455265     0.120397   0.00355354
    0.326172    0.0141987   0.00355354     0.389518
IMAGINARY
          0   0.0135451  -0.0216346  0.00551822
 -0.0135451           0 -0.00487139  -0.0228815
  0.0216346  0.00487139           0   0.0129065
-0.00551822   0.0228815  -0.0129065           0
Repeater1[0]<--->EndNode1[0]
REAL
   0.371287  -0.0134446  0.00269285    0.324258
 -0.0134446    0.105198   0.0461827  -0.0171583
 0.00269285   0.0461827   0.0841584 0.000237022
   0.324258  -0.0171583 0.000237022    0.439356
IMAGINARY
          0 -0.00373535 -0.00022455  0.00177653
 0.00373535           0 -0.00894733  0.00690904
 0.00022455  0.00894733           0  -0.0163181
-0.00177653 -0.00690904   0.0163181           0
Repeater1[0]<--->HoM1[0]
REAL
    0.392351 -0.000991163    0.0172012     0.326172
-0.000991163     0.120397    0.0455265   0.00355354
   0.0172012    0.0455265    0.0977337    0.0141987
    0.326172   0.00355354    0.0141987     0.389518
IMAGINARY
          0  -0.0216346   0.0135451  0.00551822
  0.0216346           0  0.00487139   0.0129065
 -0.0135451 -0.00487139           0  -0.0228815
-0.00551822  -0.0129065   0.0228815           0
EndNode1[0]<--->Repeater1[0]
REAL
   0.391192   0.0129075 -0.00809138    0.322073
  0.0129075    0.103627   0.0395228 0.000610088
-0.00809138   0.0395228   0.0880829  -0.0141544
   0.322073 0.000610088  -0.0141544    0.417098
IMAGINARY
          0  0.00302915  0.00246277  -0.0163728
-0.00302915           0  -0.0163728  0.00491978
-0.00246277   0.0163728           0  -0.0104117
  0.0163728 -0.00491978   0.0104117           0
EndNode2[0]<--->HoM1[0]
REAL
 0.389488 0.0113458 0.0175197  0.349814
0.0113458  0.117251 0.0349042  0.011971
0.0175197 0.0349042 0.0889488  0.010102
 0.349814  0.011971  0.010102  0.404313
IMAGINARY
          0   0.0198978   -0.010886   -0.002692
 -0.0198978           0 -0.00651853  0.00445927
   0.010886  0.00651853           0  -0.0160417
   0.002692 -0.00445927   0.0160417           0
Repeater1[0]<--->EndNode1[0]
REAL
   0.391192 -0.00809138   0.0129075    0.322073
-0.00809138   0.0880829   0.0395228  -0.0141544
  0.0129075   0.0395228    0.103627 0.000610088
   0.322073  -0.0141544 0.000610088    0.417098
IMAGINARY
          0  0.00246277  0.00302915  -0.0163728
-0.00246277           0   0.0163728  -0.0104117
-0.00302915  -0.0163728           0  0.00491978
  0.0163728   0.0104117 -0.00491978           0
Repeater1[0]<--->HoM1[0]
REAL
 0.389488 0.0175197 0.0113458  0.349814
0.0175197 0.0889488 0.0349042  0.010102
0.0113458 0.0349042  0.117251  0.011971
 0.349814  0.010102  0.011971  0.404313
IMAGINARY
          0   -0.010886   0.0198978   -0.002692
   0.010886           0  0.00651853  -0.0160417
 -0.0198978 -0.00651853           0  0.00445927
   0.002692   0.0160417 -0.00445927           0
EndNode1[0]<--->Repeater1[0]
REAL
   0.388967 -0.00139251  -0.0111984    0.331744
-0.00139251   0.0919378   0.0371749 -0.00231513
 -0.0111984   0.0371749    0.120226 -0.00266154
   0.331744 -0.00231513 -0.00266154    0.398868
IMAGINARY
          0   0.0278813  -0.0162803  -0.0121163
 -0.0278813           0  0.00164513  -0.0055615
  0.0162803 -0.00164513           0  0.00812818
  0.0121163   0.0055615 -0.00812818           0
EndNode2[0]<--->HoM1[0]
REAL
   0.435294 -0.00292588 -0.00302159    0.326061
-0.00292588   0.0954248   0.0637236   0.0137743
-0.00302159   0.0637236    0.112418  0.00292588
   0.326061   0.0137743  0.00292588    0.356863
IMAGINARY
          0  -0.0141126   0.0126148  0.00172396
  0.0141126           0  0.00492498   0.0211514
 -0.0126148 -0.00492498           0   0.0180087
-0.00172396  -0.0211514  -0.0180087           0
Repeater1[0]<--->EndNode1[0]
REAL
   0.388967  -0.0111984 -0.00139251    0.331744
 -0.0111984    0.120226   0.0371749 -0.00266154
-0.00139251   0.0371749   0.0919378 -0.00231513
   0.331744 -0.00266154 -0.00231513    0.398868
IMAGINARY
          0  -0.0162803   0.0278813  -0.0121163
  0.0162803           0 -0.00164513  0.00812818
 -0.0278813  0.00164513           0  -0.0055615
  0.0121163 -0.00812818   0.0055615           0
Repeater1[0]<--->HoM1[0]
REAL
   0.435294 -0.00302159 -0.00292588    0.326061
-0.00302159    0.112418   0.0637236  0.00292588
-0.00292588   0.0637236   0.0954248   0.0137743
   0.326061  0.00292588   0.0137743    0.356863
IMAGINARY
          0   0.0126148  -0.0141126  0.00172396
 -0.0126148           0 -0.00492498   0.0180087
  0.0141126  0.00492498           0   0.0211514
-0.00172396  -0.0180087  -0.0211514           0
EndNode1[0]<--->Repeater1[0]
REAL
  0.387097   0.019447  0.0331388   0.351431
  0.019447  0.0991637  0.0409989 -0.0165386
 0.0331388  0.0409989   0.102748 -0.0015187
  0.351431 -0.0165386 -0.0015187   0.410992
IMAGINARY
          0  -0.0141002 -0.00973785  -0.0308452
  0.0141002           0   0.0231921  0.00210426
 0.00973785  -0.0231921           0 -0.00498378
  0.0308452 -0.00210426  0.00498378           0
EndNode2[0]<--->HoM1[0]
REAL
  0.403646 0.00896007 -0.0073503   0.324891
0.00896007  0.0976562    0.03147 0.00940228
-0.0073503    0.03147  0.0924479  0.0108758
  0.324891 0.00940228  0.0108758    0.40625
IMAGINARY
          0 -0.00727184  0.00257177 -0.00812972
 0.00727184           0  0.00687028  -0.0117823
-0.00257177 -0.00687028           0  -0.0006229
 0.00812972   0.0117823   0.0006229           0
Repeater1[0]<--->EndNode1[0]
REAL
  0.387097  0.0331388   0.019447   0.351431
 0.0331388   0.102748  0.0409989 -0.0015187
  0.019447  0.0409989  0.0991637 -0.0165386
  0.351431 -0.0015187 -0.0165386   0.410992
IMAGINARY
          0 -0.00973785  -0.0141002  -0.0308452
 0.00973785           0  -0.0231921 -0.00498378
  0.0141002   0.0231921           0  0.00210426
  0.0308452  0.00498378 -0.00210426           0
Repeater1[0]<--->HoM1[0]
REAL
  0.403646 -0.0073503 0.00896007   0.324891
-0.0073503  0.0924479    0.03147  0.0108758
0.00896007    0.03147  0.0976562 0.00940228
  0.324891  0.0108758 0.00940228    0.40625
IMAGINARY
          0  0.00257177 -0.00727184 -0.00812972
-0.00257177           0 -0.00687028  -0.0006229
 0.00727184  0.00687028           0  -0.0117823
 0.00812972   0.0006229   0.0117823           0
EndNode1[0]<--->Repeater1[0]
REAL
  0.401797 0.00680016 0.00175807   0.325744
0.00680016   0.105263  0.0472931 0.00740424
0.00175807  0.0472931  0.0924262 -0.0172714
  0.325744 0.00740424 -0.0172714   0.400513
IMAGINARY
          0   -0.010071  0.00453592  0.00891715
   0.010071           0  -0.0178004   0.0112026
-0.00453592   0.0178004           0 -0.00687815
-0.00891715  -0.0112026  0.00687815           0
EndNode2[0]<--->HoM1[0]
REAL
   0.407202  0.00134934 -0.00309597    0.325974
 0.00134934    0.108033   0.0496414 -0.00183014
-0.00309597   0.0496414    0.109418  -0.0148961
   0.325974 -0.00183014  -0.0148961    0.375346
IMAGINARY
           0    0.0196807  -0.00260928   0.00220651
  -0.0196807            0   -0.0135415  0.000658694
  0.00260928    0.0135415            0  0.000475374
 -0.00220651 -0.000658694 -0.000475374            0
Repeater1[0]<--->EndNode1[0]
REAL
  0.401797 0.00175807 0.00680016   0.325744
0.00175807  0.0924262  0.0472931 -0.0172714
0.00680016  0.0472931   0.105263 0.00740424
  0.325744 -0.0172714 0.00740424   0.400513
IMAGINARY
          0  0.00453592   -0.010071  0.00891715
-0.00453592           0   0.0178004 -0.00687815
   0.010071  -0.0178004           0   0.0112026
-0.00891715  0.00687815  -0.0112026           0
Repeater1[0]<--->HoM1[0]
REAL
   0.407202 -0.00309597  0.00134934    0.325974
-0.00309597    0.109418   0.0496414  -0.0148961
 0.00134934   0.0496414    0.108033 -0.00183014
   0.325974  -0.0148961 -0.00183014    0.375346
IMAGINARY
           0  -0.00260928    0.0196807   0.00220651
  0.00260928            0    0.0135415  0.000475374
  -0.0196807   -0.0135415            0  0.000658694
 -0.00220651 -0.000475374 -0.000658694            0
EndNode1[0]<--->Repeater1[0]
REAL
   0.405298  -0.0285196   -0.016954    0.319831
 -0.0285196    0.123179   0.0591583   -0.026929
  -0.016954   0.0591583     0.10596 -0.00605488
   0.319831   -0.026929 -0.00605488    0.365563
IMAGINARY
          0  0.00704098 -0.00452781 -0.00248654
-0.00704098           0  0.00779158  -0.0116429
 0.00452781 -0.00779158           0 -0.00251316
 0.00248654   0.0116429  0.00251316           0
EndNode2[0]<--->HoM1[0]
REAL
   0.396296  -0.0166468  -0.0240657    0.316545
 -0.0166468    0.109877    0.039311 -0.00875281
 -0.0240657    0.039311   0.0864198  -0.0213197
   0.316545 -0.00875281  -0.0213197    0.407407
IMAGINARY
           0   -0.0142605   0.00152999  0.000442909
   0.0142605            0    0.0213555   0.00152999
 -0.00152999   -0.0213555            0  -0.00348736
-0.000442909  -0.00152999   0.00348736            0
Repeater1[0]<--->EndNode1[0]
REAL
   0.405298   -0.016954  -0.0285196    0.319831
  -0.016954     0.10596   0.0591583 -0.00605488
 -0.0285196   0.0591583    0.123179   -0.026929
   0.319831 -0.00605488   -0.026929    0.365563
IMAGINARY
          0 -0.00452781  0.00704098 -0.00248654
 0.00452781           0 -0.00779158 -0.00251316
-0.00704098  0.00779158           0  -0.0116429
 0.00248654  0.00251316   0.0116429           0
Repeater1[0]<--->HoM1[0]
REAL
   0.396296  -0.0240657  -0.0166468    0.316545
 -0.0240657   0.0864198    0.039311  -0.0213197
 -0.0166468    0.039311    0.109877 -0.00875281
   0.316545  -0.0213197 -0.00875281    0.407407
IMAGINARY
           0   0.00152999   -0.0142605  0.000442909
 -0.00152999            0   -0.0213555  -0.00348736
   0.0142605    0.0213555            0   0.00152999
-0.000442909   0.00348736  -0.00152999            0
EndNode1[0]<--->Repeater1[0]
REAL
   0.401544 -0.00106708  -0.0122251     0.32142
-0.00106708    0.106821   0.0506426 -0.00735719
 -0.0122251   0.0506426   0.0836551  -0.0237371
    0.32142 -0.00735719  -0.0237371    0.407979
IMAGINARY
          0  0.00784992 -0.00540708  -0.0225678
-0.00784992           0 -0.00479534 -0.00799775
 0.00540708  0.00479534           0 -0.00114751
  0.0225678  0.00799775  0.00114751           0
EndNode2[0]<--->HoM1[0]
REAL
   0.406607 -0.00637342  -0.0241368    0.346737
-0.00637342   0.0952986   0.0302815  0.00860882
 -0.0241368   0.0302815   0.0889454  0.00451006
   0.346737  0.00860882  0.00451006    0.409149
IMAGINARY
          0  -0.0117476   0.0128152  0.00102925
  0.0117476           0  0.00857383 -0.00268865
 -0.0128152 -0.00857383           0 -0.00977135
-0.00102925  0.00268865  0.00977135           0
Repeater1[0]<--->EndNode1[0]
REAL
   0.401544  -0.0122251 -0.00106708     0.32142
 -0.0122251   0.0836551   0.0506426  -0.0237371
-0.00106708   0.0506426    0.106821 -0.00735719
    0.32142  -0.0237371 -0.00735719    0.407979
IMAGINARY
          0 -0.00540708  0.00784992  -0.0225678
 0.00540708           0  0.00479534 -0.00114751
-0.00784992 -0.00479534           0 -0.00799775
  0.0225678  0.00114751  0.00799775           0
Repeater1[0]<--->HoM1[0]
REAL
   0.406607  -0.0241368 -0.00637342    0.346737
 -0.0241368   0.0889454   0.0302815  0.00451006
-0.00637342   0.0302815   0.0952986  0.00860882
   0.346737  0.00451006  0.00860882    0.409149
IMAGINARY
          0   0.0128152  -0.0117476  0.00102925
 -0.0128152           0 -0.00857383 -0.00977135
  0.0117476  0.00857383           0 -0.00268865
-0.00102925  0.00977135  0.00268865           0
EndNode1[0]<--->Repeater1[0]
REAL
   0.433333  -0.0106562  -0.0199567    0.332441
 -0.0106562   0.0853333   0.0301743 -0.00316085
 -0.0199567   0.0301743   0.0786667  -0.0151034
   0.332441 -0.00316085  -0.0151034    0.402667
IMAGINARY
          0 -0.00911719   0.0151774  -0.0197144
 0.00911719           0  0.00179101   0.0024548
 -0.0151774 -0.00179101           0 -0.00473671
  0.0197144  -0.0024548  0.00473671           0
EndNode2[0]<--->HoM1[0]
REAL
   0.402532  -0.0128767    0.015751    0.321353
 -0.0128767         0.1   0.0429885 -0.00799903
   0.015751   0.0429885   0.0924051  0.00383279
   0.321353 -0.00799903  0.00383279    0.405063
IMAGINARY
          0  -0.0172016   0.0046243   0.0178673
  0.0172016           0 -0.00255435  0.00592979
 -0.0046243  0.00255435           0   0.0119246
 -0.0178673 -0.00592979  -0.0119246           0
Repeater1[0]<--->EndNode1[0]
REAL
   0.433333  -0.0199567  -0.0106562    0.332441
 -0.0199567   0.0786667   0.0301743  -0.0151034
 -0.0106562   0.0301743   0.0853333 -0.00316085
   0.332441  -0.0151034 -0.00316085    0.402667
IMAGINARY
          0   0.0151774 -0.00911719  -0.0197144
 -0.0151774           0 -0.00179101 -0.00473671
 0.00911719  0.00179101           0   0.0024548
  0.0197144  0.00473671  -0.0024548           0
Repeater1[0]<--->HoM1[0]
REAL
   0.402532    0.015751  -0.0128767    0.321353
   0.015751   0.0924051   0.0429885  0.00383279
 -0.0128767   0.0429885         0.1 -0.00799903
   0.321353  0.00383279 -0.00799903    0.405063
IMAGINARY
          0   0.0046243  -0.0172016   0.0178673
 -0.0046243           0  0.00255435   0.0119246
  0.0172016 -0.00255435           0  0.00592979
 -0.0178673  -0.0119246 -0.00592979           0
EndNode1[0]<--->Repeater1[0]
REAL
   0.406125   0.0144713   0.0176464    0.309791
  0.0144713   0.0985353   0.0390459 -0.00214252
  0.0176464   0.0390459   0.0945406  -0.0183473
   0.309791 -0.00214252  -0.0183473    0.400799
IMAGINARY
          0  0.00154333  0.00895685 -0.00119332
-0.00154333           0 -0.00119332 -0.00122127
-0.00895685  0.00119332           0  0.00337931
 0.00119332  0.00122127 -0.00337931           0
EndNode2[0]<--->HoM1[0]
REAL
   0.420079  0.00752503  -0.0123227    0.326703
 0.00752503   0.0990753    0.051639   0.0136596
 -0.0123227    0.051639     0.10568 -0.00217743
   0.326703   0.0136596 -0.00217743    0.375165
IMAGINARY
          0   -0.016939   0.0157132   0.0188713
   0.016939           0  -0.0041466   0.0138498
 -0.0157132   0.0041466           0 -0.00105588
 -0.0188713  -0.0138498  0.00105588           0
Repeater1[0]<--->EndNode1[0]
REAL
   0.406125   0.0176464   0.0144713    0.309791
  0.0176464   0.0945406   0.0390459  -0.0183473
  0.0144713   0.0390459   0.0985353 -0.00214252
   0.309791  -0.0183473 -0.00214252    0.400799
IMAGINARY
          0  0.00895685  0.00154333 -0.00119332
-0.00895685           0  0.00119332  0.00337931
-0.00154333 -0.00119332           0 -0.00122127
 0.00119332 -0.00337931  0.00122127           0
Repeater1[0]<--->HoM1[0]
REAL
   0.420079  -0.0123227  0.00752503    0.326703
 -0.0123227     0.10568    0.051639 -0.00217743
 0.00752503    0.051639   0.0990753   0.0136596
   0.326703 -0.00217743   0.0136596    0.375165
IMAGINARY
          0   0.0157132   -0.016939   0.0188713
 -0.0157132           0   0.0041466 -0.00105588
   0.016939  -0.0041466           0   0.0138498
 -0.0188713  0.00105588  -0.0138498           0
EndNode1[0]<--->Repeater1[0]
REAL
  0.395939 -0.0111673 0.00224082   0.333418
-0.0111673  0.0939086  0.0406373 0.00531585
0.00224082  0.0406373   0.100254   0.018724
  0.333418 0.00531585   0.018724   0.409898
IMAGINARY
          0 -0.00634982  0.00664183   0.0274725
 0.00634982           0  0.00842491 -0.00931562
-0.00664183 -0.00842491           0 -0.00568226
 -0.0274725  0.00931562  0.00568226           0
EndNode2[0]<--->HoM1[0]
REAL
   0.398284  -0.0186971  0.00287096    0.332363
 -0.0186971    0.105392   0.0278233 -0.00220518
 0.00287096   0.0278233   0.0906863   0.0020526
   0.332363 -0.00220518   0.0020526    0.405637
IMAGINARY
          0  0.00388913  0.00425985  -0.0104703
-0.00388913           0    0.011093   0.0178082
-0.00425985   -0.011093           0    -0.01713
  0.0104703  -0.0178082     0.01713           0
Repeater1[0]<--->EndNode1[0]
REAL
  0.395939 0.00224082 -0.0111673   0.333418
0.00224082   0.100254  0.0406373   0.018724
-0.0111673  0.0406373  0.0939086 0.00531585
  0.333418   0.018724 0.00531585   0.409898
IMAGINARY
          0  0.00664183 -0.00634982   0.0274725
-0.00664183           0 -0.00842491 -0.00568226
 0.00634982  0.00842491           0 -0.00931562
 -0.0274725  0.00568226  0.00931562           0
Repeater1[0]<--->HoM1[0]
REAL
   0.398284  0.00287096  -0.0186971    0.332363
 0.00287096   0.0906863   0.0278233   0.0020526
 -0.0186971   0.0278233    0.105392 -0.00220518
   0.332363   0.0020526 -0.00220518    0.405637
IMAGINARY
          0  0.00425985  0.00388913  -0.0104703
-0.00425985           0   -0.011093    -0.01713
-0.00388913    0.011093           0   0.0178082
  0.0104703     0.01713  -0.0178082           0
EndNode1[0]<--->Repeater1[0]
REAL
   0.375443   0.0204457  0.00550834    0.333115
  0.0204457    0.107438   0.0407102   0.0112702
 0.00550834   0.0407102   0.0968123 -0.00635171
   0.333115   0.0112702 -0.00635171    0.420307
IMAGINARY
          0  0.00942791   0.0108599  0.00379472
-0.00942791           0   0.0130884  -0.0146574
 -0.0108599  -0.0130884           0   0.0146227
-0.00379472   0.0146574  -0.0146227           0
EndNode2[0]<--->HoM1[0]
REAL
   0.401662  0.00544001 -0.00935582    0.330052
 0.00544001    0.101108   0.0468715  0.00422762
-0.00935582   0.0468715    0.101108   0.0073805
   0.330052  0.00422762   0.0073805    0.396122
IMAGINARY
          0  0.00768578   0.0119949   0.0124521
-0.00768578           0   0.0124521  0.00574491
 -0.0119949  -0.0124521           0  -0.0109709
 -0.0124521 -0.00574491   0.0109709           0
Repeater1[0]<--->EndNode1[0]
REAL
   0.375443  0.00550834   0.0204457    0.333115
 0.00550834   0.0968123   0.0407102 -0.00635171
  0.0204457   0.0407102    0.107438   0.0112702
   0.333115 -0.00635171   0.0112702    0.420307
IMAGINARY
          0   0.0108599  0.00942791  0.00379472
 -0.0108599           0  -0.0130884   0.0146227
-0.00942791   0.0130884           0  -0.0146574
-0.00379472  -0.0146227   0.0146574           0
Repeater1[0]<--->HoM1[0]
REAL
   0.401662 -0.00935582  0.00544001    0.330052
-0.00935582    0.101108   0.0468715   0.0073805
 0.00544001   0.0468715    0.101108  0.00422762
   0.330052   0.0073805  0.00422762    0.396122
IMAGINARY
          0   0.0119949  0.00768578   0.0124521
 -0.0119949           0  -0.0124521  -0.0109709
-0.00768578   0.0124521           0  0.00574491
 -0.0124521   0.0109709 -0.00574491           0
EndNode1[0]<--->Repeater1[0]
REAL
   0.419829  0.00337453 -0.00405083    0.320807
 0.00337453   0.0979192   0.0365178  -0.0118727
-0.00405083   0.0365178    0.101591 -0.00655924
   0.320807  -0.0118727 -0.00655924    0.380661
IMAGINARY
          0  0.00600785   0.0170088 -0.00108841
-0.00600785           0  0.00613892  0.00418825
 -0.0170088 -0.00613892           0  -0.0184767
 0.00108841 -0.00418825   0.0184767           0
EndNode2[0]<--->HoM1[0]
REAL
   0.391034 -0.00705805 -0.00848028    0.335816
-0.00705805    0.105853   0.0459324    0.011051
-0.00848028   0.0459324    0.110834 -0.00579542
   0.335816    0.011051 -0.00579542    0.392279
IMAGINARY
          0  0.00865693 -0.00401254  -0.0263758
-0.00865693           0  -0.0116887  -0.0147942
 0.00401254   0.0116887           0 -0.00022632
  0.0263758   0.0147942  0.00022632           0
Repeater1[0]<--->EndNode1[0]
REAL
   0.419829 -0.00405083  0.00337453    0.320807
-0.00405083    0.101591   0.0365178 -0.00655924
 0.00337453   0.0365178   0.0979192  -0.0118727
   0.320807 -0.00655924  -0.0118727    0.380661
IMAGINARY
          0   0.0170088  0.00600785 -0.00108841
 -0.0170088           0 -0.00613892  -0.0184767
-0.00600785  0.00613892           0  0.00418825
 0.00108841   0.0184767 -0.00418825           0
Repeater1[0]<--->HoM1[0]
REAL
   0.391034 -0.00848028 -0.00705805    0.335816
-0.00848028    0.110834   0.0459324 -0.00579542
-0.00705805   0.0459324    0.105853    0.011051
   0.335816 -0.00579542    0.011051    0.392279
IMAGINARY
          0 -0.00401254  0.00865693  -0.0263758
 0.00401254           0   0.0116887 -0.00022632
-0.00865693  -0.0116887           0  -0.0147942
  0.0263758  0.00022632   0.0147942           0
EndNode1[0]<--->Repeater1[0]
REAL
  0.377805 0.00879584 -0.0186046   0.315316
0.00879584  0.0922693  0.0484371 0.00703645
-0.0186046  0.0484371   0.122195 -0.0126519
  0.315316 0.00703645 -0.0126519   0.407731
IMAGINARY
          0  0.00845846  -0.0101911 -0.00142521
-0.00845846           0  -0.0111576 -0.00318471
  0.0101911   0.0111576           0  0.00109568
 0.00142521  0.00318471 -0.00109568           0
EndNode2[0]<--->HoM1[0]
REAL
   0.427224  0.00763856 -0.00495194    0.336691
 0.00763856   0.0822102   0.0336795  0.00892019
-0.00495194   0.0336795   0.0956873  -0.0010248
   0.336691  0.00892019  -0.0010248    0.394879
IMAGINARY
          0  -0.0144574  0.00504132  0.00667092
  0.0144574           0   0.0270791   0.0269537
-0.00504132  -0.0270791           0  -0.0137734
-0.00667092  -0.0269537   0.0137734           0
Repeater1[0]<--->EndNode1[0]
REAL
  0.377805 -0.0186046 0.00879584   0.315316
-0.0186046   0.122195  0.0484371 -0.0126519
0.00879584  0.0484371  0.0922693 0.00703645
  0.315316 -0.0126519 0.00703645   0.407731
IMAGINARY
          0  -0.0101911  0.00845846 -0.00142521
  0.0101911           0   0.0111576  0.00109568
-0.00845846  -0.0111576           0 -0.00318471
 0.00142521 -0.00109568  0.00318471           0
Repeater1[0]<--->HoM1[0]
REAL
   0.427224 -0.00495194  0.00763856    0.336691
-0.00495194   0.0956873   0.0336795  -0.0010248
 0.00763856   0.0336795   0.0822102  0.00892019
   0.336691  -0.0010248  0.00892019    0.394879
IMAGINARY
          0  0.00504132  -0.0144574  0.00667092
-0.00504132           0  -0.0270791  -0.0137734
  0.0144574   0.0270791           0   0.0269537
-0.00667092   0.0137734  -0.0269537           0
EndNode1[0]<--->Repeater1[0]
REAL
   0.376984  0.00105628  0.00121574    0.329476
 0.00105628     0.10582   0.0445295 -0.00519452
 0.00121574   0.0445295    0.123016  -0.0116664
   0.329476 -0.00519452  -0.0116664     0.39418
IMAGINARY
          0 -0.00388876  0.00870004  -0.0115124
 0.00388876           0  0.00457671   0.0154935
-0.00870004 -0.00457671           0  -0.0471865
  0.0115124  -0.0154935   0.0471865           0
EndNode2[0]<--->HoM1[0]
REAL
  0.40736 0.0219386 0.0200914  0.340788
0.0219386  0.109137 0.0472224 0.0214106
0.0200914 0.0472224 0.0989848 0.0103407
 0.340788 0.0214106 0.0103407  0.384518
IMAGINARY
          0 -0.00767044 -0.00473783   0.0151814
 0.00767044           0  0.00122201  0.00339734
 0.00473783 -0.00122201           0  -0.0043939
 -0.0151814 -0.00339734   0.0043939           0
Repeater1[0]<--->EndNode1[0]
REAL
   0.376984  0.00121574  0.00105628    0.329476
 0.00121574    0.123016   0.0445295  -0.0116664
 0.00105628   0.0445295     0.10582 -0.00519452
   0.329476  -0.0116664 -0.00519452     0.39418
IMAGINARY
          0  0.00870004 -0.00388876  -0.0115124
-0.00870004           0 -0.00457671  -0.0471865
 0.00388876  0.00457671           0   0.0154935
  0.0115124   0.0471865  -0.0154935           0
Repeater1[0]<--->HoM1[0]
REAL
  0.40736 0.0200914 0.0219386  0.340788
0.0200914 0.0989848 0.0472224 0.0103407
0.0219386 0.0472224  0.109137 0.0214106
 0.340788 0.0103407 0.0214106  0.384518
IMAGINARY
          0 -0.00473783 -0.00767044   0.0151814
 0.00473783           0 -0.00122201  -0.0043939
 0.00767044  0.00122201           0  0.00339734
 -0.0151814   0.0043939 -0.00339734           0
EndNode1[0]<--->Repeater1[0]
REAL
   0.394737  -0.0202781 -0.00218477    0.330338
 -0.0202781    0.102632   0.0622965 -0.00218477
-0.00218477   0.0622965    0.102632   0.0258961
   0.330338 -0.00218477   0.0258961         0.4
IMAGINARY
          0 -0.00385092  0.00418192 -0.00400205
 0.00385092           0  0.00340037 -0.00547058
-0.00418192 -0.00340037           0 -0.00774702
 0.00400205  0.00547058  0.00774702           0
EndNode2[0]<--->HoM1[0]
REAL
   0.417193    0.012882  -0.0146651    0.339265
   0.012882    0.123894   0.0424956 0.000199728
 -0.0146651   0.0424956   0.0834387 -0.00470592
   0.339265 0.000199728 -0.00470592    0.375474
IMAGINARY
           0    0.0129719    0.0133532   -0.0246753
  -0.0129719            0    0.0246753   0.00212463
  -0.0133532   -0.0246753            0 -0.000185946
   0.0246753  -0.00212463  0.000185946            0
Repeater1[0]<--->EndNode1[0]
REAL
   0.394737 -0.00218477  -0.0202781    0.330338
-0.00218477    0.102632   0.0622965   0.0258961
 -0.0202781   0.0622965    0.102632 -0.00218477
   0.330338   0.0258961 -0.00218477         0.4
IMAGINARY
          0  0.00418192 -0.00385092 -0.00400205
-0.00418192           0 -0.00340037 -0.00774702
 0.00385092  0.00340037           0 -0.00547058
 0.00400205  0.00774702  0.00547058           0
Repeater1[0]<--->HoM1[0]
REAL
   0.417193  -0.0146651    0.012882    0.339265
 -0.0146651   0.0834387   0.0424956 -0.00470592
   0.012882   0.0424956    0.123894 0.000199728
   0.339265 -0.00470592 0.000199728    0.375474
IMAGINARY
           0    0.0133532    0.0129719   -0.0246753
  -0.0133532            0   -0.0246753 -0.000185946
  -0.0129719    0.0246753            0   0.00212463
   0.0246753  0.000185946  -0.00212463            0
EndNode1[0]<--->Repeater1[0]
REAL
  0.371429 0.00879554 0.00221854   0.333754
0.00879554   0.120779  0.0393615  0.0128568
0.00221854  0.0393615   0.101299  0.0100487
  0.333754  0.0128568  0.0100487   0.406494
IMAGINARY
          0  -0.0121766  0.00165554  0.00810531
  0.0121766           0  0.00108104  -0.0183445
-0.00165554 -0.00108104           0 -0.00584746
-0.00810531   0.0183445  0.00584746           0
EndNode2[0]<--->HoM1[0]
REAL
   0.423226  -0.0166186  -0.0116258    0.320128
 -0.0166186    0.104516   0.0242889 -0.00531269
 -0.0116258   0.0242889    0.107097   0.0172459
   0.320128 -0.00531269   0.0172459    0.365161
IMAGINARY
          0  0.00849892   0.0303441  0.00761909
-0.00849892           0 -0.00188661  0.00671702
 -0.0303441  0.00188661           0   0.0025544
-0.00761909 -0.00671702  -0.0025544           0
Repeater1[0]<--->EndNode1[0]
REAL
  0.371429 0.00221854 0.00879554   0.333754
0.00221854   0.101299  0.0393615  0.0100487
0.00879554  0.0393615   0.120779  0.0128568
  0.333754  0.0100487  0.0128568   0.406494
IMAGINARY
          0  0.00165554  -0.0121766  0.00810531
-0.00165554           0 -0.00108104 -0.00584746
  0.0121766  0.00108104           0  -0.0183445
-0.00810531  0.00584746   0.0183445           0
Repeater1[0]<--->HoM1[0]
REAL
   0.423226  -0.0116258  -0.0166186    0.320128
 -0.0116258    0.107097   0.0242889   0.0172459
 -0.0166186   0.0242889    0.104516 -0.00531269
   0.320128   0.0172459 -0.00531269    0.365161
IMAGINARY
          0   0.0303441  0.00849892  0.00761909
 -0.0303441           0  0.00188661   0.0025544
-0.00849892 -0.00188661           0  0.00671702
-0.00761909  -0.0025544 -0.00671702           0
EndNode1[0]<--->Repeater1[0]
REAL
   0.421121 -0.00591344 -0.00487326    0.316253
-0.00591344    0.108214   0.0428667  0.00298647
-0.00487326   0.0428667   0.0886571 -0.00855197
   0.316253  0.00298647 -0.00855197    0.382008
IMAGINARY
          0  -0.0161449   0.0220768  -0.0057064
  0.0161449           0 -0.00769843   0.0286479
 -0.0220768  0.00769843           0  -0.0082293
  0.0057064  -0.0286479   0.0082293           0
EndNode2[0]<--->HoM1[0]
REAL
   0.429293  -0.0111804 -0.00178041    0.324021
 -0.0111804    0.094697   0.0393077   0.0186952
-0.00178041   0.0393077   0.0959596 -0.00844069
   0.324021   0.0186952 -0.00844069    0.380051
IMAGINARY
           0   -0.0268535   0.00764574  0.000555147
   0.0268535            0   -0.0018372   0.00955171
 -0.00764574    0.0018372            0    0.0109299
-0.000555147  -0.00955171   -0.0109299            0
Repeater1[0]<--->EndNode1[0]
REAL
   0.421121 -0.00487326 -0.00591344    0.316253
-0.00487326   0.0886571   0.0428667 -0.00855197
-0.00591344   0.0428667    0.108214  0.00298647
   0.316253 -0.00855197  0.00298647    0.382008
IMAGINARY
          0   0.0220768  -0.0161449  -0.0057064
 -0.0220768           0  0.00769843  -0.0082293
  0.0161449 -0.00769843           0   0.0286479
  0.0057064   0.0082293  -0.0286479           0
Repeater1[0]<--->HoM1[0]
REAL
   0.429293 -0.00178041  -0.0111804    0.324021
-0.00178041   0.0959596   0.0393077 -0.00844069
 -0.0111804   0.0393077    0.094697   0.0186952
   0.324021 -0.00844069   0.0186952    0.380051
IMAGINARY
           0   0.00764574   -0.0268535  0.000555147
 -0.00764574            0    0.0018372    0.0109299
   0.0268535   -0.0018372            0   0.00955171
-0.000555147   -0.0109299  -0.00955171            0
EndNode1[0]<--->Repeater1[0]
REAL
 0.399743 0.0120574 0.0309098  0.319565
0.0120574 0.0912596 0.0350491 0.0127059
0.0309098 0.0350491  0.115681 0.0404079
 0.319565 0.0127059 0.0404079  0.393316
IMAGINARY
           0  3.80968e-05    0.0103682  -0.00418325
-3.80968e-05            0   -0.0238168   0.00447047
  -0.0103682    0.0238168            0    0.0148006
  0.00418325  -0.00447047   -0.0148006            0
EndNode2[0]<--->HoM1[0]
REAL
   0.407317 -0.00750253  -0.0036888    0.325346
-0.00750253    0.107317   0.0408515   0.0201207
 -0.0036888   0.0408515   0.0829268 -0.00423456
   0.325346   0.0201207 -0.00423456    0.402439
IMAGINARY
           0    0.0134032   -0.0125018   -0.0116296
  -0.0134032            0  -0.00313289  -0.00786609
   0.0125018   0.00313289            0 -0.000919671
   0.0116296   0.00786609  0.000919671            0
Repeater1[0]<--->EndNode1[0]
REAL
 0.399743 0.0309098 0.0120574  0.319565
0.0309098  0.115681 0.0350491 0.0404079
0.0120574 0.0350491 0.0912596 0.0127059
 0.319565 0.0404079 0.0127059  0.393316
IMAGINARY
           0    0.0103682  3.80968e-05  -0.00418325
  -0.0103682            0    0.0238168    0.0148006
-3.80968e-05   -0.0238168            0   0.00447047
  0.00418325   -0.0148006  -0.00447047            0
Repeater1[0]<--->HoM1[0]
REAL
   0.407317  -0.0036888 -0.00750253    0.325346
 -0.0036888   0.0829268   0.0408515 -0.00423456
-0.00750253   0.0408515    0.107317   0.0201207
   0.325346 -0.00423456   0.0201207    0.402439
IMAGINARY
           0   -0.0125018    0.0134032   -0.0116296
   0.0125018            0   0.00313289 -0.000919671
  -0.0134032  -0.00313289            0  -0.00786609
   0.0116296  0.000919671   0.00786609            0
EndNode1[0]<--->Repeater1[0]
REAL
   0.381699  -0.0156406 -0.00331042     0.33799
 -0.0156406     0.12549   0.0468511  0.00389797
-0.00331042   0.0468511    0.096732 -0.00257323
    0.33799  0.00389797 -0.00257323    0.396078
IMAGINARY
          0 -0.00139734  0.00996341 -0.00264442
 0.00139734           0  0.00705804   0.0216822
-0.00996341 -0.00705804           0  0.00899227
 0.00264442  -0.0216822 -0.00899227           0
EndNode2[0]<--->HoM1[0]
REAL
  0.425197 -0.0211124  -0.018239   0.324336
-0.0211124    0.11811  0.0541174 -0.0149101
 -0.018239  0.0541174  0.0892388 -0.0147992
  0.324336 -0.0149101 -0.0147992   0.367454
IMAGINARY
          0  -0.0195745   0.0193624   0.0104866
  0.0195745           0 -0.00658038  0.00181857
 -0.0193624  0.00658038           0  -0.0105924
 -0.0104866 -0.00181857   0.0105924           0
Repeater1[0]<--->EndNode1[0]
REAL
   0.381699 -0.00331042  -0.0156406     0.33799
-0.00331042    0.096732   0.0468511 -0.00257323
 -0.0156406   0.0468511     0.12549  0.00389797
    0.33799 -0.00257323  0.00389797    0.396078
IMAGINARY
          0  0.00996341 -0.00139734 -0.00264442
-0.00996341           0 -0.00705804  0.00899227
 0.00139734  0.00705804           0   0.0216822
 0.00264442 -0.00899227  -0.0216822           0
Repeater1[0]<--->HoM1[0]
REAL
  0.425197  -0.018239 -0.0211124   0.324336
 -0.018239  0.0892388  0.0541174 -0.0147992
-0.0211124  0.0541174    0.11811 -0.0149101
  0.324336 -0.0147992 -0.0149101   0.367454
IMAGINARY
          0   0.0193624  -0.0195745   0.0104866
 -0.0193624           0  0.00658038  -0.0105924
  0.0195745 -0.00658038           0  0.00181857
 -0.0104866   0.0105924 -0.00181857           0
EndNode1[0]<--->Repeater1[0]
REAL
   0.380764  0.00366865   -0.010793    0.340802
 0.00366865    0.119895   0.0458975 -0.00521682
  -0.010793   0.0458975    0.100132  -0.0147524
   0.340802 -0.00521682  -0.0147524    0.399209
IMAGINARY
          0 -0.00437246  0.00828189 -0.00806261
 0.00437246           0  0.00400855  0.00764168
-0.00828189 -0.00400855           0   -0.012825
 0.00806261 -0.00764168    0.012825           0
EndNode2[0]<--->HoM1[0]
REAL
  0.411842 0.00557802  0.0164637   0.327172
0.00557802  0.0986842  0.0288066  0.0066341
 0.0164637  0.0288066  0.0960526  0.0283894
  0.327172  0.0066341  0.0283894   0.393421
IMAGINARY
         0  0.0219164 -0.0138024 -0.0120969
-0.0219164          0  -0.015993  0.0151648
 0.0138024   0.015993          0 -0.0123796
 0.0120969 -0.0151648  0.0123796          0
Repeater1[0]<--->EndNode1[0]
REAL
   0.380764   -0.010793  0.00366865    0.340802
  -0.010793    0.100132   0.0458975  -0.0147524
 0.00366865   0.0458975    0.119895 -0.00521682
   0.340802  -0.0147524 -0.00521682    0.399209
IMAGINARY
          0  0.00828189 -0.00437246 -0.00806261
-0.00828189           0 -0.00400855   -0.012825
 0.00437246  0.00400855           0  0.00764168
 0.00806261    0.012825 -0.00764168           0
Repeater1[0]<--->HoM1[0]
REAL
  0.411842  0.0164637 0.00557802   0.327172
 0.0164637  0.0960526  0.0288066  0.0283894
0.00557802  0.0288066  0.0986842  0.0066341
  0.327172  0.0283894  0.0066341   0.393421
IMAGINARY
         0 -0.0138024  0.0219164 -0.0120969
 0.0138024          0   0.015993 -0.0123796
-0.0219164  -0.015993          0  0.0151648
 0.0120969  0.0123796 -0.0151648          0
EndNode1[0]<--->Repeater1[0]
REAL
   0.401009   -0.001071  -0.0216855    0.334365
  -0.001071    0.100883   0.0579828   0.0067698
 -0.0216855   0.0579828   0.0920555 -0.00476558
   0.334365   0.0067698 -0.00476558    0.406053
IMAGINARY
          0 -0.00821726    0.010871 -0.00601025
 0.00821726           0 -0.00233378  0.00420436
  -0.010871  0.00233378           0  0.00319214
 0.00601025 -0.00420436 -0.00319214           0
EndNode2[0]<--->HoM1[0]
REAL
   0.395503  0.00417886   0.0197536    0.333459
 0.00417886   0.0727513   0.0366046 -0.00255613
  0.0197536   0.0366046    0.121693  0.00282751
   0.333459 -0.00255613  0.00282751    0.410053
IMAGINARY
           0    -0.004274   -0.0106483    0.0107818
    0.004274            0 -0.000553186   0.00606118
   0.0106483  0.000553186            0     0.012793
  -0.0107818  -0.00606118    -0.012793            0
Repeater1[0]<--->EndNode1[0]
REAL
   0.401009  -0.0216855   -0.001071    0.334365
 -0.0216855   0.0920555   0.0579828 -0.00476558
  -0.001071   0.0579828    0.100883   0.0067698
   0.334365 -0.00476558   0.0067698    0.406053
IMAGINARY
          0    0.010871 -0.00821726 -0.00601025
  -0.010871           0  0.00233378  0.00319214
 0.00821726 -0.00233378           0  0.00420436
 0.00601025 -0.00319214 -0.00420436           0
Repeater1[0]<--->HoM1[0]
REAL
   0.395503   0.0197536  0.00417886    0.333459
  0.0197536    0.121693   0.0366046  0.00282751
 0.00417886   0.0366046   0.0727513 -0.00255613
   0.333459  0.00282751 -0.00255613    0.410053
IMAGINARY
           0   -0.0106483    -0.004274    0.0107818
   0.0106483            0  0.000553186     0.012793
    0.004274 -0.000553186            0   0.00606118
  -0.0107818    -0.012793  -0.00606118            0
EndNode1[0]<--->Repeater1[0]
REAL
   0.409034  -0.0124914  0.00633608    0.328271
 -0.0124914    0.111669   0.0380526 -0.00248004
 0.00633608   0.0380526    0.109159 0.000923255
   0.328271 -0.00248004 0.000923255    0.370138
IMAGINARY
          0  -0.0201454  -0.0140927 -0.00474067
  0.0201454           0   0.0253798   0.0108752
  0.0140927  -0.0253798           0 -0.00623812
 0.00474067  -0.0108752  0.00623812           0
EndNode2[0]<--->HoM1[0]
REAL
  0.358189 -0.0106775 0.00415973   0.346504
-0.0106775   0.107856   0.040948 -0.0035129
0.00415973   0.040948   0.110519 0.00744333
  0.346504 -0.0035129 0.00744333   0.423435
IMAGINARY
          0   0.0133782  -0.0169003   0.0062426
 -0.0133782           0  0.00383296 -0.00294094
  0.0169003 -0.00383296           0  0.00249477
 -0.0062426  0.00294094 -0.00249477           0
Repeater1[0]<--->EndNode1[0]
REAL
   0.409034  0.00633608  -0.0124914    0.328271
 0.00633608    0.109159   0.0380526 0.000923255
 -0.0124914   0.0380526    0.111669 -0.00248004
   0.328271 0.000923255 -0.00248004    0.370138
IMAGINARY
          0  -0.0140927  -0.0201454 -0.00474067
  0.0140927           0  -0.0253798 -0.00623812
  0.0201454   0.0253798           0   0.0108752
 0.00474067  0.00623812  -0.0108752           0
Repeater1[0]<--->HoM1[0]
REAL
  0.358189 0.00415973 -0.0106775   0.346504
0.00415973   0.110519   0.040948 0.00744333
-0.0106775   0.040948   0.107856 -0.0035129
  0.346504 0.00744333 -0.0035129   0.423435
IMAGINARY
          0  -0.0169003   0.0133782   0.0062426
  0.0169003           0 -0.00383296  0.00249477
 -0.0133782  0.00383296           0 -0.00294094
 -0.0062426 -0.00249477  0.00294094           0
EndNode1[0]<--->Repeater1[0]
REAL
   0.384713 -0.00142402 -0.00251305    0.337852
-0.00142402    0.119745   0.0396179 -0.00868589
-0.00251305   0.0396179   0.0853503  -0.0216326
   0.337852 -0.00868589  -0.0216326    0.410191
IMAGINARY
           0    0.0111137  0.000328603  -0.00702372
  -0.0111137            0  -0.00504744    0.0267836
-0.000328603   0.00504744            0  -0.00291695
  0.00702372   -0.0267836   0.00291695            0
EndNode2[0]<--->HoM1[0]
REAL
   0.405978 -0.00890954  -0.0144042    0.324175
-0.00890954    0.104608   0.0632766 -0.00435392
 -0.0144042   0.0632766    0.117061  0.00955637
   0.324175 -0.00435392  0.00955637    0.372354
IMAGINARY
          0  0.00675632   -0.017746 -0.00541613
-0.00675632           0  0.00938438 -0.00801361
   0.017746 -0.00938438           0  0.00183021
 0.00541613  0.00801361 -0.00183021           0
Repeater1[0]<--->EndNode1[0]
REAL
   0.384713 -0.00251305 -0.00142402    0.337852
-0.00251305   0.0853503   0.0396179  -0.0216326
-0.00142402   0.0396179    0.119745 -0.00868589
