EndNode1[0]<--->Repeater1[0]
REAL
  0.430093  -0.013273 -0.0190116   0.319644
 -0.013273  0.0732357  0.0321119  0.0209622
-0.0190116  0.0321119  0.0745672 0.00742125
  0.319644  0.0209622 0.00742125   0.422104
IMAGINARY
          0  -0.0073981 -0.00264077  -0.0161802
  0.0073981           0  0.00509643   0.0102744
 0.00264077 -0.00509643           0  -0.0142304
  0.0161802  -0.0102744   0.0142304           0
EndNode2[0]<--->HoM1[0]
REAL
 0.456209 0.0155362 0.0122186  0.337221
0.0155362 0.0732026 0.0081396 0.0148433
0.0122186 0.0081396 0.0732026 0.0295669
 0.337221 0.0148433 0.0295669  0.397386
IMAGINARY
          0  0.00716401 -0.00734271  0.00466492
-0.00716401           0   0.0144945  -0.0207185
 0.00734271  -0.0144945           0   -0.012266
-0.00466492   0.0207185    0.012266           0
Repeater1[0]<--->EndNode1[0]
REAL
  0.430093 -0.0190116  -0.013273   0.319644
-0.0190116  0.0745672  0.0321119 0.00742125
 -0.013273  0.0321119  0.0732357  0.0209622
  0.319644 0.00742125  0.0209622   0.422104
IMAGINARY
          0 -0.00264077  -0.0073981  -0.0161802
 0.00264077           0 -0.00509643  -0.0142304
  0.0073981  0.00509643           0   0.0102744
  0.0161802   0.0142304  -0.0102744           0
Repeater1[0]<--->HoM1[0]
REAL
 0.456209 0.0122186 0.0155362  0.337221
0.0122186 0.0732026 0.0081396 0.0295669
0.0155362 0.0081396 0.0732026 0.0148433
 0.337221 0.0295669 0.0148433  0.397386
IMAGINARY
          0 -0.00734271  0.00716401  0.00466492
 0.00734271           0  -0.0144945   -0.012266
-0.00716401   0.0144945           0  -0.0207185
-0.00466492    0.012266   0.0207185           0
EndNode1[0]<--->Repeater1[0]
REAL
  0.424058 0.00186586  0.0123269   0.328512
0.00186586  0.0692588  0.0149095  0.0192521
 0.0123269  0.0149095  0.0692588   0.017871
  0.328512  0.0192521   0.017871   0.437424
IMAGINARY
          0   0.0121426   0.0250057   0.0163528
 -0.0121426           0  0.00380325 -0.00485455
 -0.0250057 -0.00380325           0 -0.00458597
 -0.0163528  0.00485455  0.00458597           0
EndNode2[0]<--->HoM1[0]
REAL
   0.427318  0.00460544  0.00957466     0.34471
 0.00460544   0.0726817   0.0269826  -0.0135429
 0.00957466   0.0269826   0.0689223 -0.00989645
    0.34471  -0.0135429 -0.00989645    0.431078
IMAGINARY
          0  0.00530821  0.00391279 -0.00326953
-0.00530821           0 -0.00921405 -0.00828233
-0.00391279  0.00921405           0  0.00405508
 0.00326953  0.00828233 -0.00405508           0
Repeater1[0]<--->EndNode1[0]
REAL
  0.424058  0.0123269 0.00186586   0.328512
 0.0123269  0.0692588  0.0149095   0.017871
0.00186586  0.0149095  0.0692588  0.0192521
  0.328512   0.017871  0.0192521   0.437424
IMAGINARY
          0   0.0250057   0.0121426   0.0163528
 -0.0250057           0 -0.00380325 -0.00458597
 -0.0121426  0.00380325           0 -0.00485455
 -0.0163528  0.00458597  0.00485455           0
Repeater1[0]<--->HoM1[0]
REAL
   0.427318  0.00957466  0.00460544     0.34471
 0.00957466   0.0689223   0.0269826 -0.00989645
 0.00460544   0.0269826   0.0726817  -0.0135429
    0.34471 -0.00989645  -0.0135429    0.431078
IMAGINARY
          0  0.00391279  0.00530821 -0.00326953
-0.00391279           0  0.00921405  0.00405508
-0.00530821 -0.00921405           0 -0.00828233
 0.00326953 -0.00405508  0.00828233           0
EndNode1[0]<--->Repeater1[0]
REAL
  0.443828  0.0156512 -0.0194889   0.334887
 0.0156512  0.0762829  0.0234663 0.00496102
-0.0194889  0.0234663  0.0402219 -0.0120193
  0.334887 0.00496102 -0.0120193   0.439667
IMAGINARY
          0  -0.0165332   0.0086925   0.0184738
  0.0165332           0 -0.00193436    0.023844
 -0.0086925  0.00193436           0  -0.0266275
 -0.0184738   -0.023844   0.0266275           0
EndNode2[0]<--->HoM1[0]
REAL
   0.409857  -0.0177667 -0.00852747    0.332024
 -0.0177667    0.077821   0.0377076  -0.0304253
-0.00852747   0.0377076   0.0946822  -0.0288489
   0.332024  -0.0304253  -0.0288489    0.417639
IMAGINARY
          0  0.00855995 -0.00216847 -0.00967971
-0.00855995           0 -0.00690193  -0.0242185
 0.00216847  0.00690193           0 -0.00111746
 0.00967971   0.0242185  0.00111746           0
Repeater1[0]<--->EndNode1[0]
REAL
  0.443828 -0.0194889  0.0156512   0.334887
-0.0194889  0.0402219  0.0234663 -0.0120193
 0.0156512  0.0234663  0.0762829 0.00496102
  0.334887 -0.0120193 0.00496102   0.439667
IMAGINARY
          0   0.0086925  -0.0165332   0.0184738
 -0.0086925           0  0.00193436  -0.0266275
  0.0165332 -0.00193436           0    0.023844
 -0.0184738   0.0266275   -0.023844           0
Repeater1[0]<--->HoM1[0]
REAL
   0.409857 -0.00852747  -0.0177667    0.332024
-0.00852747   0.0946822   0.0377076  -0.0288489
 -0.0177667   0.0377076    0.077821  -0.0304253
   0.332024  -0.0288489  -0.0304253    0.417639
IMAGINARY
          0 -0.00216847  0.00855995 -0.00967971
 0.00216847           0  0.00690193 -0.00111746
-0.00855995 -0.00690193           0  -0.0242185
 0.00967971  0.00111746   0.0242185           0
EndNode1[0]<--->Repeater1[0]
REAL
   0.395522 -0.00866496  0.00261097    0.350584
-0.00866496   0.0820896    0.029518 -0.00261097
 0.00261097    0.029518   0.0920398  0.00866496
   0.350584 -0.00261097  0.00866496    0.430348
IMAGINARY
          0 -0.00701915   0.0193355 -0.00330806
 0.00701915           0 -0.00135239 -0.00791418
 -0.0193355  0.00135239           0 -0.00313314
 0.00330806  0.00791418  0.00313314           0
EndNode2[0]<--->HoM1[0]
REAL
   0.437751   0.0145616   0.0166976    0.344515
  0.0145616   0.0655957   0.0228192 -0.00605926
  0.0166976   0.0228192   0.0709505  -0.0139358
   0.344515 -0.00605926  -0.0139358    0.425703
IMAGINARY
           0   0.00123257  0.000928411   -0.0097303
 -0.00123257            0   0.00068637   0.00156535
-0.000928411  -0.00068637            0   0.00250808
   0.0097303  -0.00156535  -0.00250808            0
Repeater1[0]<--->EndNode1[0]
REAL
   0.395522  0.00261097 -0.00866496    0.350584
 0.00261097   0.0920398    0.029518  0.00866496
-0.00866496    0.029518   0.0820896 -0.00261097
   0.350584  0.00866496 -0.00261097    0.430348
IMAGINARY
          0   0.0193355 -0.00701915 -0.00330806
 -0.0193355           0  0.00135239 -0.00313314
 0.00701915 -0.00135239           0 -0.00791418
 0.00330806  0.00313314  0.00791418           0
Repeater1[0]<--->HoM1[0]
REAL
   0.437751   0.0166976   0.0145616    0.344515
  0.0166976   0.0709505   0.0228192  -0.0139358
  0.0145616   0.0228192   0.0655957 -0.00605926
   0.344515  -0.0139358 -0.00605926    0.425703
IMAGINARY
           0  0.000928411   0.00123257   -0.0097303
-0.000928411            0  -0.00068637   0.00250808
 -0.00123257   0.00068637            0   0.00156535
   0.0097303  -0.00250808  -0.00156535            0
EndNode1[0]<--->Repeater1[0]
REAL
   0.421053 -0.00630328  0.00409583    0.344755
-0.00630328   0.0657895  0.00912093  -0.0136257
 0.00409583  0.00912093   0.0802632 -0.00957982
   0.344755  -0.0136257 -0.00957982    0.432895
IMAGINARY
          0 -0.00544364   0.0141099  0.00443802
 0.00544364           0  0.00130911   0.0153757
 -0.0141099 -0.00130911           0  0.00481628
-0.00443802  -0.0153757 -0.00481628           0
EndNode2[0]<--->HoM1[0]
REAL
  0.450243 -0.0246743 -0.0112539   0.342758
-0.0246743   0.059466 0.00899797 -0.0245069
-0.0112539 0.00899797  0.0716019 0.00451825
  0.342758 -0.0245069 0.00451825   0.418689
IMAGINARY
           0    0.0134075   -0.0136426   0.00536758
  -0.0134075            0 -0.000592684   0.00724875
   0.0136426  0.000592684            0  -0.00189859
 -0.00536758  -0.00724875   0.00189859            0
Repeater1[0]<--->EndNode1[0]
REAL
   0.421053  0.00409583 -0.00630328    0.344755
 0.00409583   0.0802632  0.00912093 -0.00957982
-0.00630328  0.00912093   0.0657895  -0.0136257
   0.344755 -0.00957982  -0.0136257    0.432895
IMAGINARY
          0   0.0141099 -0.00544364  0.00443802
 -0.0141099           0 -0.00130911  0.00481628
 0.00544364  0.00130911           0   0.0153757
-0.00443802 -0.00481628  -0.0153757           0
Repeater1[0]<--->HoM1[0]
REAL
  0.450243 -0.0112539 -0.0246743   0.342758
-0.0112539  0.0716019 0.00899797 0.00451825
-0.0246743 0.00899797   0.059466 -0.0245069
  0.342758 0.00451825 -0.0245069   0.418689
IMAGINARY
           0   -0.0136426    0.0134075   0.00536758
   0.0136426            0  0.000592684  -0.00189859
  -0.0134075 -0.000592684            0   0.00724875
 -0.00536758   0.00189859  -0.00724875            0
EndNode1[0]<--->Repeater1[0]
REAL
  0.435567 -0.0114686 -0.0109845   0.344856
-0.0114686  0.0773196  0.0359388 0.00634879
-0.0109845  0.0359388  0.0824742  0.0147798
  0.344856 0.00634879  0.0147798   0.404639
IMAGINARY
           0    0.0168987    0.0136943 -0.000180737
  -0.0168987            0   -0.0055959    0.0136943
  -0.0136943    0.0055959            0  -0.00352291
 0.000180737   -0.0136943   0.00352291            0
EndNode2[0]<--->HoM1[0]
REAL
  0.420079 0.00464849 0.00170498   0.333782
0.00464849  0.0700132 0.00657586   0.011705
0.00170498 0.00657586  0.0805812  0.0151472
  0.333782   0.011705  0.0151472   0.429326
IMAGINARY
          0  0.00396263  -0.0283242  0.00552537
-0.00396263           0   0.0195067 -0.00476401
  0.0283242  -0.0195067           0   0.0229982
-0.00552537  0.00476401  -0.0229982           0
Repeater1[0]<--->EndNode1[0]
REAL
  0.435567 -0.0109845 -0.0114686   0.344856
-0.0109845  0.0824742  0.0359388  0.0147798
-0.0114686  0.0359388  0.0773196 0.00634879
  0.344856  0.0147798 0.00634879   0.404639
IMAGINARY
           0    0.0136943    0.0168987 -0.000180737
  -0.0136943            0    0.0055959  -0.00352291
  -0.0168987   -0.0055959            0    0.0136943
 0.000180737   0.00352291   -0.0136943            0
Repeater1[0]<--->HoM1[0]
REAL
  0.420079 0.00170498 0.00464849   0.333782
0.00170498  0.0805812 0.00657586  0.0151472
0.00464849 0.00657586  0.0700132   0.011705
  0.333782  0.0151472   0.011705   0.429326
IMAGINARY
          0  -0.0283242  0.00396263  0.00552537
  0.0283242           0  -0.0195067   0.0229982
-0.00396263   0.0195067           0 -0.00476401
-0.00552537  -0.0229982  0.00476401           0
EndNode1[0]<--->Repeater1[0]
REAL
   0.426752  -0.0186162  0.00134998    0.336675
 -0.0186162   0.0496815   0.0275057  0.00197891
 0.00134998   0.0275057   0.0764331 0.000640138
   0.336675  0.00197891 0.000640138    0.447134
IMAGINARY
          0   0.0161945  0.00778031 -0.00406766
 -0.0161945           0  -0.0112385 -0.00963905
-0.00778031   0.0112385           0   0.0104474
 0.00406766  0.00963905  -0.0104474           0
EndNode2[0]<--->HoM1[0]
REAL
  0.449871  0.0328346 0.00244452   0.344046
 0.0328346  0.0694087  0.0336067 0.00567033
0.00244452  0.0336067  0.0565553  -0.019726
  0.344046 0.00567033  -0.019726   0.424165
IMAGINARY
          0   0.0124497 -0.00763788   0.0075865
 -0.0124497           0 -0.00957326  -0.0019775
 0.00763788  0.00957326           0  0.00540744
 -0.0075865   0.0019775 -0.00540744           0
Repeater1[0]<--->EndNode1[0]
REAL
   0.426752  0.00134998  -0.0186162    0.336675
 0.00134998   0.0764331   0.0275057 0.000640138
 -0.0186162   0.0275057   0.0496815  0.00197891
   0.336675 0.000640138  0.00197891    0.447134
IMAGINARY
          0  0.00778031   0.0161945 -0.00406766
-0.00778031           0   0.0112385   0.0104474
 -0.0161945  -0.0112385           0 -0.00963905
 0.00406766  -0.0104474  0.00963905           0
Repeater1[0]<--->HoM1[0]
REAL
  0.449871 0.00244452  0.0328346   0.344046
0.00244452  0.0565553  0.0336067  -0.019726
 0.0328346  0.0336067  0.0694087 0.00567033
  0.344046  -0.019726 0.00567033   0.424165
IMAGINARY
          0 -0.00763788   0.0124497   0.0075865
 0.00763788           0  0.00957326  0.00540744
 -0.0124497 -0.00957326           0  -0.0019775
 -0.0075865 -0.00540744   0.0019775           0
EndNode1[0]<--->Repeater1[0]
REAL
  0.411765 0.00856979 0.00557546   0.343901
0.00856979  0.0762032  0.0120101 0.00427676
0.00557546  0.0120101  0.0695187 0.00990312
  0.343901 0.00427676 0.00990312   0.442513
IMAGINARY
          0  -0.0157184  0.00393664  0.00284686
  0.0157184           0  0.00599152  -0.0181517
-0.00393664 -0.00599152           0 -0.00220492
-0.00284686   0.0181517  0.00220492           0
EndNode2[0]<--->HoM1[0]
REAL
  0.447837 0.00287685  0.0126163   0.354252
0.00287685  0.0687023  0.0189878 0.00594964
 0.0126163  0.0189878  0.0788804 0.00160458
  0.354252 0.00594964 0.00160458    0.40458
IMAGINARY
          0   0.0296185  -0.0286587  0.00901747
 -0.0296185           0 -0.00167435 -0.00930786
  0.0286587  0.00167435           0   0.0160701
-0.00901747  0.00930786  -0.0160701           0
Repeater1[0]<--->EndNode1[0]
REAL
  0.411765 0.00557546 0.00856979   0.343901
0.00557546  0.0695187  0.0120101 0.00990312
0.00856979  0.0120101  0.0762032 0.00427676
  0.343901 0.00990312 0.00427676   0.442513
IMAGINARY
          0  0.00393664  -0.0157184  0.00284686
-0.00393664           0 -0.00599152 -0.00220492
  0.0157184  0.00599152           0  -0.0181517
-0.00284686  0.00220492   0.0181517           0
Repeater1[0]<--->HoM1[0]
REAL
  0.447837  0.0126163 0.00287685   0.354252
 0.0126163  0.0788804  0.0189878 0.00160458
0.00287685  0.0189878  0.0687023 0.00594964
  0.354252 0.00160458 0.00594964    0.40458
IMAGINARY
          0  -0.0286587   0.0296185  0.00901747
  0.0286587           0  0.00167435   0.0160701
 -0.0296185 -0.00167435           0 -0.00930786
-0.00901747  -0.0160701  0.00930786           0
EndNode1[0]<--->Repeater1[0]
REAL
  0.443445 -0.0218945 0.00282659    0.33472
-0.0218945  0.0758355  0.0113396  -0.022531
0.00282659  0.0113396  0.0719794 -0.0064306
   0.33472  -0.022531 -0.0064306    0.40874
IMAGINARY
          0  -0.0242277 -0.00426752 -0.00348756
  0.0242277           0 -0.00988142   0.0315865
 0.00426752  0.00988142           0 -0.00182056
 0.00348756  -0.0315865  0.00182056           0
EndNode2[0]<--->HoM1[0]
REAL
    0.469182  -0.00968242   0.00261449     0.347781
 -0.00968242    0.0654088    0.0249463 -1.70882e-05
  0.00261449    0.0249463     0.072956   0.00448762
    0.347781 -1.70882e-05   0.00448762     0.392453
IMAGINARY
          0 -0.00290104 -0.00821796 -0.00950338
 0.00290104           0   0.0184092   0.0134673
 0.00821796  -0.0184092           0  -0.0141593
 0.00950338  -0.0134673   0.0141593           0
Repeater1[0]<--->EndNode1[0]
REAL
  0.443445 0.00282659 -0.0218945    0.33472
0.00282659  0.0719794  0.0113396 -0.0064306
-0.0218945  0.0113396  0.0758355  -0.022531
   0.33472 -0.0064306  -0.022531    0.40874
IMAGINARY
          0 -0.00426752  -0.0242277 -0.00348756
 0.00426752           0  0.00988142 -0.00182056
  0.0242277 -0.00988142           0   0.0315865
 0.00348756  0.00182056  -0.0315865           0
Repeater1[0]<--->HoM1[0]
REAL
    0.469182   0.00261449  -0.00968242     0.347781
  0.00261449     0.072956    0.0249463   0.00448762
 -0.00968242    0.0249463    0.0654088 -1.70882e-05
    0.347781   0.00448762 -1.70882e-05     0.392453
IMAGINARY
          0 -0.00821796 -0.00290104 -0.00950338
 0.00821796           0  -0.0184092  -0.0141593
 0.00290104   0.0184092           0   0.0134673
 0.00950338   0.0141593  -0.0134673           0
EndNode1[0]<--->Repeater1[0]
REAL
    0.41199  0.00572726 -0.00271403     0.34177
 0.00572726   0.0727041   0.0178787  -0.0236018
-0.00271403   0.0178787   0.0765306 -0.00775156
    0.34177  -0.0236018 -0.00775156    0.438776
IMAGINARY
          0 -0.00648527   0.0152732  0.00643439
 0.00648527           0  0.00456173 -0.00542102
 -0.0152732 -0.00456173           0 -0.00459848
-0.00643439  0.00542102  0.00459848           0
EndNode2[0]<--->HoM1[0]
REAL
    0.433071    0.0256659    0.0150353     0.331528
   0.0256659    0.0551181    0.0344091 -0.000671461
   0.0150353    0.0344091    0.0669291    -0.014038
    0.331528 -0.000671461    -0.014038     0.444882
IMAGINARY
          0 -0.00106372  -0.0131762   0.0272822
 0.00106372           0   0.0235134 -0.00663171
  0.0131762  -0.0235134           0   0.0052654
 -0.0272822  0.00663171  -0.0052654           0
Repeater1[0]<--->EndNode1[0]
REAL
    0.41199 -0.00271403  0.00572726     0.34177
-0.00271403   0.0765306   0.0178787 -0.00775156
 0.00572726   0.0178787   0.0727041  -0.0236018
    0.34177 -0.00775156  -0.0236018    0.438776
IMAGINARY
          0   0.0152732 -0.00648527  0.00643439
 -0.0152732           0 -0.00456173 -0.00459848
 0.00648527  0.00456173           0 -0.00542102
-0.00643439  0.00459848  0.00542102           0
Repeater1[0]<--->HoM1[0]
REAL
    0.433071    0.0150353    0.0256659     0.331528
   0.0150353    0.0669291    0.0344091    -0.014038
   0.0256659    0.0344091    0.0551181 -0.000671461
    0.331528    -0.014038 -0.000671461     0.444882
IMAGINARY
          0  -0.0131762 -0.00106372   0.0272822
  0.0131762           0  -0.0235134   0.0052654
 0.00106372   0.0235134           0 -0.00663171
 -0.0272822  -0.0052654  0.00663171           0
EndNode1[0]<--->Repeater1[0]
REAL
  0.428937 -0.0130078 -0.0124226   0.337609
-0.0130078  0.0819462  0.0264556 -0.0111306
-0.0124226  0.0264556  0.0793854 0.00156765
  0.337609 -0.0111306 0.00156765   0.409731
IMAGINARY
           0  -0.00921131    0.0123858    0.0155263
  0.00921131            0 -0.000856387   -0.0117521
  -0.0123858  0.000856387            0   -0.0104338
  -0.0155263    0.0117521    0.0104338            0
EndNode2[0]<--->HoM1[0]
REAL
  0.445532  0.0114991  0.0065787   0.345812
 0.0114991  0.0709914  0.0356106 0.00725529
 0.0065787  0.0356106  0.0709914 -0.0187455
  0.345812 0.00725529 -0.0187455   0.412485
IMAGINARY
          0 -0.00787549  -0.0069646 -0.00614724
 0.00787549           0  -0.0172294 -0.00311844
  0.0069646   0.0172294           0   0.0108411
 0.00614724  0.00311844  -0.0108411           0
Repeater1[0]<--->EndNode1[0]
REAL
  0.428937 -0.0124226 -0.0130078   0.337609
-0.0124226  0.0793854  0.0264556 0.00156765
-0.0130078  0.0264556  0.0819462 -0.0111306
  0.337609 0.00156765 -0.0111306   0.409731
IMAGINARY
           0    0.0123858  -0.00921131    0.0155263
  -0.0123858            0  0.000856387   -0.0104338
  0.00921131 -0.000856387            0   -0.0117521
  -0.0155263    0.0104338    0.0117521            0
Repeater1[0]<--->HoM1[0]
REAL
  0.445532  0.0065787  0.0114991   0.345812
 0.0065787  0.0709914  0.0356106 -0.0187455
 0.0114991  0.0356106  0.0709914 0.00725529
  0.345812 -0.0187455 0.00725529   0.412485
IMAGINARY
          0  -0.0069646 -0.00787549 -0.00614724
  0.0069646           0   0.0172294   0.0108411
 0.00787549  -0.0172294           0 -0.00311844
 0.00614724  -0.0108411  0.00311844           0
EndNode1[0]<--->Repeater1[0]
REAL
   0.447535 -0.00295605 -0.00496692     0.33642
-0.00295605   0.0644753   0.0150384 -0.00299064
-0.00496692   0.0150384   0.0594185 -0.00765403
    0.33642 -0.00299064 -0.00765403    0.428571
IMAGINARY
          0 -0.00328599  -0.0066197  0.00740741
 0.00328599           0  0.00740741  -0.0253229
  0.0066197 -0.00740741           0    0.020887
-0.00740741   0.0253229   -0.020887           0
EndNode2[0]<--->HoM1[0]
REAL
   0.41688 -0.0151265 -0.0175525   0.343815
-0.0151265    0.07289  0.0305696  0.0113949
-0.0175525  0.0305696  0.0690537 -0.0033464
  0.343815  0.0113949 -0.0033464   0.441176
IMAGINARY
          0 -0.00468338  0.00795318   0.0126052
 0.00468338           0   0.0203897   0.0033051
-0.00795318  -0.0203897           0   0.0132927
 -0.0126052  -0.0033051  -0.0132927           0
Repeater1[0]<--->EndNode1[0]
REAL
   0.447535 -0.00496692 -0.00295605     0.33642
-0.00496692   0.0594185   0.0150384 -0.00765403
-0.00295605   0.0150384   0.0644753 -0.00299064
    0.33642 -0.00765403 -0.00299064    0.428571
IMAGINARY
          0  -0.0066197 -0.00328599  0.00740741
  0.0066197           0 -0.00740741    0.020887
 0.00328599  0.00740741           0  -0.0253229
-0.00740741   -0.020887   0.0253229           0
Repeater1[0]<--->HoM1[0]
REAL
   0.41688 -0.0175525 -0.0151265   0.343815
-0.0175525  0.0690537  0.0305696 -0.0033464
-0.0151265  0.0305696    0.07289  0.0113949
  0.343815 -0.0033464  0.0113949   0.441176
IMAGINARY
          0  0.00795318 -0.00468338   0.0126052
-0.00795318           0  -0.0203897   0.0132927
 0.00468338   0.0203897           0   0.0033051
 -0.0126052  -0.0132927  -0.0033051           0
EndNode1[0]<--->Repeater1[0]
REAL
    0.427261    0.0170525 -0.000545719     0.352253
   0.0170525    0.0747051     0.012409    0.0155833
-0.000545719     0.012409    0.0773263  -0.00452114
    0.352253    0.0155833  -0.00452114     0.420708
IMAGINARY
          0  0.00528085  -0.0166938 -0.00501384
-0.00528085           0  0.00237532   0.0153917
  0.0166938 -0.00237532           0   0.0103441
 0.00501384  -0.0153917  -0.0103441           0
EndNode2[0]<--->HoM1[0]
REAL
  0.454188  0.0144026  0.0141328   0.338449
 0.0144026  0.0667539  0.0310614 -0.0122507
 0.0141328  0.0310614   0.091623 -0.0125205
  0.338449 -0.0122507 -0.0125205   0.387435
IMAGINARY
          0  0.00536677  -0.0100073   0.0066899
-0.00536677           0  -0.0159492  -0.0256128
  0.0100073   0.0159492           0  0.00914511
 -0.0066899   0.0256128 -0.00914511           0
Repeater1[0]<--->EndNode1[0]
REAL
    0.427261 -0.000545719    0.0170525     0.352253
-0.000545719    0.0773263     0.012409  -0.00452114
   0.0170525     0.012409    0.0747051    0.0155833
    0.352253  -0.00452114    0.0155833     0.420708
IMAGINARY
          0  -0.0166938  0.00528085 -0.00501384
  0.0166938           0 -0.00237532   0.0103441
-0.00528085  0.00237532           0   0.0153917
 0.00501384  -0.0103441  -0.0153917           0
Repeater1[0]<--->HoM1[0]
REAL
  0.454188  0.0141328  0.0144026   0.338449
 0.0141328   0.091623  0.0310614 -0.0125205
 0.0144026  0.0310614  0.0667539 -0.0122507
  0.338449 -0.0125205 -0.0122507   0.387435
IMAGINARY
          0  -0.0100073  0.00536677   0.0066899
  0.0100073           0   0.0159492  0.00914511
-0.00536677  -0.0159492           0  -0.0256128
 -0.0066899 -0.00914511   0.0256128           0
EndNode1[0]<--->Repeater1[0]
REAL
   0.442105  0.00321966 -0.00109942    0.343205
 0.00321966        0.05   0.0160444 -0.00292202
-0.00109942   0.0160444   0.0776316 -0.00858159
   0.343205 -0.00292202 -0.00858159    0.430263
IMAGINARY
          0 -0.00371192  0.00398479  0.00578524
 0.00371192           0   0.0205305   0.0241359
-0.00398479  -0.0205305           0  0.00851302
-0.00578524  -0.0241359 -0.00851302           0
EndNode2[0]<--->HoM1[0]
REAL
  0.395379 0.00480566  0.0131575   0.323056
0.00480566  0.0783055  0.0145728 -0.0092915
 0.0131575  0.0145728  0.0731707  -0.003517
  0.323056 -0.0092915  -0.003517   0.453145
IMAGINARY
           0    0.0105778    0.0092157    0.0182378
  -0.0105778            0   0.00581946 -0.000218266
  -0.0092157  -0.00581946            0    0.0151292
  -0.0182378  0.000218266   -0.0151292            0
Repeater1[0]<--->EndNode1[0]
REAL
   0.442105 -0.00109942  0.00321966    0.343205
-0.00109942   0.0776316   0.0160444 -0.00858159
 0.00321966   0.0160444        0.05 -0.00292202
   0.343205 -0.00858159 -0.00292202    0.430263
IMAGINARY
          0  0.00398479 -0.00371192  0.00578524
-0.00398479           0  -0.0205305  0.00851302
 0.00371192   0.0205305           0   0.0241359
-0.00578524 -0.00851302  -0.0241359           0
Repeater1[0]<--->HoM1[0]
REAL
  0.395379  0.0131575 0.00480566   0.323056
 0.0131575  0.0731707  0.0145728  -0.003517
0.00480566  0.0145728  0.0783055 -0.0092915
  0.323056  -0.003517 -0.0092915   0.453145
IMAGINARY
           0    0.0092157    0.0105778    0.0182378
  -0.0092157            0  -0.00581946    0.0151292
  -0.0105778   0.00581946            0 -0.000218266
  -0.0182378   -0.0151292  0.000218266            0
EndNode1[0]<--->Repeater1[0]
REAL
   0.423927   0.0113275   0.0050468     0.33249
  0.0113275    0.076723   0.0182754  0.00898381
  0.0050468   0.0182754   0.0715215 -0.00112339
    0.33249  0.00898381 -0.00112339    0.427828
IMAGINARY
          0 -0.00698349   0.0111145 -0.00106549
 0.00698349           0   0.0115094 -0.00612692
 -0.0111145  -0.0115094           0   0.0182054
 0.00106549  0.00612692  -0.0182054           0
EndNode2[0]<--->HoM1[0]
REAL
    0.455357 -8.33478e-05   -0.0181315     0.339295
-8.33478e-05    0.0790816      0.01482    0.0106502
  -0.0181315      0.01482    0.0663265   -0.0161261
    0.339295    0.0106502   -0.0161261     0.399235
IMAGINARY
          0  0.00677337 -0.00694907  -0.0116721
-0.00677337           0 -0.00589547    0.018692
 0.00694907  0.00589547           0  -0.0135719
  0.0116721   -0.018692   0.0135719           0
Repeater1[0]<--->EndNode1[0]
REAL
   0.423927   0.0050468   0.0113275     0.33249
  0.0050468   0.0715215   0.0182754 -0.00112339
  0.0113275   0.0182754    0.076723  0.00898381
    0.33249 -0.00112339  0.00898381    0.427828
IMAGINARY
          0   0.0111145 -0.00698349 -0.00106549
 -0.0111145           0  -0.0115094   0.0182054
 0.00698349   0.0115094           0 -0.00612692
 0.00106549  -0.0182054  0.00612692           0
Repeater1[0]<--->HoM1[0]
REAL
    0.455357   -0.0181315 -8.33478e-05     0.339295
  -0.0181315    0.0663265      0.01482   -0.0161261
-8.33478e-05      0.01482    0.0790816    0.0106502
    0.339295   -0.0161261    0.0106502     0.399235
IMAGINARY
          0 -0.00694907  0.00677337  -0.0116721
 0.00694907           0  0.00589547  -0.0135719
-0.00677337 -0.00589547           0    0.018692
  0.0116721   0.0135719   -0.018692           0
EndNode1[0]<--->Repeater1[0]
REAL
  0.447403  0.0178259  0.0130495   0.344664
 0.0178259  0.0705726  0.0350255 0.00182758
 0.0130495  0.0350255  0.0612517  0.0112814
  0.344664 0.00182758  0.0112814   0.420772
IMAGINARY
          0  -0.0139069 -0.00167871   0.0010104
  0.0139069           0  0.00916599 -0.00434538
 0.00167871 -0.00916599           0  -0.0113943
 -0.0010104  0.00434538   0.0113943           0
EndNode2[0]<--->HoM1[0]
REAL
  0.415465 0.00590791  0.0028388   0.330395
0.00590791  0.0747051  0.0172367 0.00164263
 0.0028388  0.0172367   0.078637 -0.0103893
  0.330395 0.00164263 -0.0103893   0.431193
IMAGINARY
           0  -0.00186273   -0.0105401    0.0184923
  0.00186273            0 -0.000224324   -0.0157757
   0.0105401  0.000224324            0     0.012389
  -0.0184923    0.0157757    -0.012389            0
Repeater1[0]<--->EndNode1[0]
REAL
  0.447403  0.0130495  0.0178259   0.344664
 0.0130495  0.0612517  0.0350255  0.0112814
 0.0178259  0.0350255  0.0705726 0.00182758
  0.344664  0.0112814 0.00182758   0.420772
IMAGINARY
          0 -0.00167871  -0.0139069   0.0010104
 0.00167871           0 -0.00916599  -0.0113943
  0.0139069  0.00916599           0 -0.00434538
 -0.0010104   0.0113943  0.00434538           0
Repeater1[0]<--->HoM1[0]
REAL
  0.415465  0.0028388 0.00590791   0.330395
 0.0028388   0.078637  0.0172367 -0.0103893
0.00590791  0.0172367  0.0747051 0.00164263
  0.330395 -0.0103893 0.00164263   0.431193
IMAGINARY
           0   -0.0105401  -0.00186273    0.0184923
   0.0105401            0  0.000224324     0.012389
  0.00186273 -0.000224324            0   -0.0157757
  -0.0184923    -0.012389    0.0157757            0
EndNode1[0]<--->Repeater1[0]
REAL
    0.39433  0.00131848 -0.00732061    0.337192
 0.00131848    0.068299   0.0118149 -0.00393766
-0.00732061   0.0118149   0.0850515  0.00066828
   0.337192 -0.00393766  0.00066828     0.45232
IMAGINARY
          0  -0.0113128   0.0231868  0.00179906
  0.0113128           0  0.00374965  -0.0143928
 -0.0231868 -0.00374965           0  -0.0138128
-0.00179906   0.0143928   0.0138128           0
EndNode2[0]<--->HoM1[0]
REAL
   0.426877   0.0125504  -0.0231661    0.338775
  0.0125504   0.0750988  0.00566955  0.00588213
 -0.0231661  0.00566955   0.0750988 -0.00514295
   0.338775  0.00588213 -0.00514295    0.422925
IMAGINARY
          0   0.0193956  -0.0165079 -0.00147199
 -0.0193956           0 -0.00637395  -0.0183759
  0.0165079  0.00637395           0  0.00454416
 0.00147199   0.0183759 -0.00454416           0
Repeater1[0]<--->EndNode1[0]
REAL
    0.39433 -0.00732061  0.00131848    0.337192
-0.00732061   0.0850515   0.0118149  0.00066828
 0.00131848   0.0118149    0.068299 -0.00393766
   0.337192  0.00066828 -0.00393766     0.45232
IMAGINARY
          0   0.0231868  -0.0113128  0.00179906
 -0.0231868           0 -0.00374965  -0.0138128
  0.0113128  0.00374965           0  -0.0143928
-0.00179906   0.0138128   0.0143928           0
Repeater1[0]<--->HoM1[0]
REAL
   0.426877  -0.0231661   0.0125504    0.338775
 -0.0231661   0.0750988  0.00566955 -0.00514295
  0.0125504  0.00566955   0.0750988  0.00588213
   0.338775 -0.00514295  0.00588213    0.422925
IMAGINARY
          0  -0.0165079   0.0193956 -0.00147199
  0.0165079           0  0.00637395  0.00454416
 -0.0193956 -0.00637395           0  -0.0183759
 0.00147199 -0.00454416   0.0183759           0
EndNode1[0]<--->Repeater1[0]
REAL
   0.477041  0.00489642  -0.0156837    0.320391
 0.00489642   0.0586735   0.0182371  -0.0103646
 -0.0156837   0.0182371   0.0701531 -0.00426109
   0.320391  -0.0103646 -0.00426109    0.394133
IMAGINARY
           0  -0.00870305 -0.000959269  -0.00501917
  0.00870305            0   0.00195168   -0.0158644
 0.000959269  -0.00195168            0    0.0268726
  0.00501917    0.0158644   -0.0268726            0
EndNode2[0]<--->HoM1[0]
REAL
   0.401282   0.0202419  -0.0115176    0.345955
  0.0202419   0.0794872   0.0185437 -0.00203252
 -0.0115176   0.0185437   0.0846154 -0.00398172
   0.345955 -0.00203252 -0.00398172    0.434615
IMAGINARY
          0    0.010058 -0.00159642 -0.00328915
  -0.010058           0  -0.0109227  0.00159642
 0.00159642   0.0109227           0  0.00263231
 0.00328915 -0.00159642 -0.00263231           0
Repeater1[0]<--->EndNode1[0]
REAL
   0.477041  -0.0156837  0.00489642    0.320391
 -0.0156837   0.0701531   0.0182371 -0.00426109
 0.00489642   0.0182371   0.0586735  -0.0103646
   0.320391 -0.00426109  -0.0103646    0.394133
IMAGINARY
           0 -0.000959269  -0.00870305  -0.00501917
 0.000959269            0  -0.00195168    0.0268726
  0.00870305   0.00195168            0   -0.0158644
  0.00501917   -0.0268726    0.0158644            0
Repeater1[0]<--->HoM1[0]
REAL
   0.401282  -0.0115176   0.0202419    0.345955
 -0.0115176   0.0846154   0.0185437 -0.00398172
  0.0202419   0.0185437   0.0794872 -0.00203252
   0.345955 -0.00398172 -0.00203252    0.434615
IMAGINARY
          0 -0.00159642    0.010058 -0.00328915
 0.00159642           0   0.0109227  0.00263231
  -0.010058  -0.0109227           0  0.00159642
 0.00328915 -0.00263231 -0.00159642           0
EndNode1[0]<--->Repeater1[0]
REAL
    0.43807  0.00382595  0.00123655    0.343456
 0.00382595   0.0743155   0.0169256 -0.00600982
 0.00123655   0.0169256    0.065189  -0.0121792
   0.343456 -0.00600982  -0.0121792    0.422425
IMAGINARY
           0   -0.0127119   0.00677363  -0.00963001
   0.0127119            0 -0.000148344    0.0225631
 -0.00677363  0.000148344            0   0.00123232
  0.00963001   -0.0225631  -0.00123232            0
EndNode2[0]<--->HoM1[0]
REAL
  0.430108 0.00736683  0.0174782   0.331583
0.00736683  0.0766129   0.023988  0.0162219
 0.0174782   0.023988  0.0685484  0.0139537
  0.331583  0.0162219  0.0139537   0.424731
IMAGINARY
           0  -0.00218926  -0.00554512   0.00958911
  0.00218926            0  2.62715e-05    0.0118742
  0.00554512 -2.62715e-05            0  -0.00413985
 -0.00958911   -0.0118742   0.00413985            0
Repeater1[0]<--->EndNode1[0]
REAL
    0.43807  0.00123655  0.00382595    0.343456
 0.00123655    0.065189   0.0169256  -0.0121792
 0.00382595   0.0169256   0.0743155 -0.00600982
   0.343456  -0.0121792 -0.00600982    0.422425
IMAGINARY
           0   0.00677363   -0.0127119  -0.00963001
 -0.00677363            0  0.000148344   0.00123232
   0.0127119 -0.000148344            0    0.0225631
  0.00963001  -0.00123232   -0.0225631            0
Repeater1[0]<--->HoM1[0]
REAL
  0.430108  0.0174782 0.00736683   0.331583
 0.0174782  0.0685484   0.023988  0.0139537
0.00736683   0.023988  0.0766129  0.0162219
  0.331583  0.0139537  0.0162219   0.424731
IMAGINARY
           0  -0.00554512  -0.00218926   0.00958911
  0.00554512            0 -2.62715e-05  -0.00413985
  0.00218926  2.62715e-05            0    0.0118742
 -0.00958911   0.00413985   -0.0118742            0
EndNode1[0]<--->Repeater1[0]
REAL
  0.437018 0.00499124 0.00454416   0.353941
0.00499124  0.0796915  0.0010398  0.0162629
0.00454416  0.0010398  0.0758355 0.00698858
  0.353941  0.0162629 0.00698858   0.407455
IMAGINARY
          0  -0.0105785 -0.00898095 -0.00694871
  0.0105785           0   0.0107558 -0.00383956
 0.00898095  -0.0107558           0  0.00855418
 0.00694871  0.00383956 -0.00855418           0
EndNode2[0]<--->HoM1[0]
REAL
   0.454892  0.00484962 -0.00392585    0.335415
 0.00484962   0.0914867 0.000758458 0.000649312
-0.00392585 0.000758458   0.0724269 -0.00419431
   0.335415 0.000649312 -0.00419431    0.381194
IMAGINARY
          0  -0.0134238  -0.0182821   0.0117453
  0.0134238           0  0.00301717  0.00770012
  0.0182821 -0.00301717           0 -0.00641745
 -0.0117453 -0.00770012  0.00641745           0
Repeater1[0]<--->EndNode1[0]
REAL
  0.437018 0.00454416 0.00499124   0.353941
0.00454416  0.0758355  0.0010398 0.00698858
0.00499124  0.0010398  0.0796915  0.0162629
  0.353941 0.00698858  0.0162629   0.407455
IMAGINARY
          0 -0.00898095  -0.0105785 -0.00694871
 0.00898095           0  -0.0107558  0.00855418
  0.0105785   0.0107558           0 -0.00383956
 0.00694871 -0.00855418  0.00383956           0
Repeater1[0]<--->HoM1[0]
REAL
   0.454892 -0.00392585  0.00484962    0.335415
-0.00392585   0.0724269 0.000758458 -0.00419431
 0.00484962 0.000758458   0.0914867 0.000649312
   0.335415 -0.00419431 0.000649312    0.381194
IMAGINARY
          0  -0.0182821  -0.0134238   0.0117453
  0.0182821           0 -0.00301717 -0.00641745
  0.0134238  0.00301717           0  0.00770012
 -0.0117453  0.00641745 -0.00770012           0
EndNode1[0]<--->Repeater1[0]
REAL
    0.450875  -0.00424837   0.00128465     0.334954
 -0.00424837    0.0672948    0.0199477 -0.000631057
  0.00128465    0.0199477    0.0713324  -0.00424837
    0.334954 -0.000631057  -0.00424837     0.410498
IMAGINARY
           0   0.00816222    0.0128805  0.000206901
 -0.00816222            0   0.00399478    0.0201078
  -0.0128805  -0.00399478            0  -0.00880905
-0.000206901   -0.0201078   0.00880905            0
EndNode2[0]<--->HoM1[0]
REAL
     0.40665   0.00576491  -0.00504107     0.329311
  0.00576491    0.0677749     0.014243   0.00191216
 -0.00504107     0.014243    0.0780051 -0.000132866
    0.329311   0.00191216 -0.000132866      0.44757
IMAGINARY
          0 -0.00683141  0.00455238   -0.010576
 0.00683141           0   0.0010219  0.00640652
-0.00455238  -0.0010219           0  0.00820127
   0.010576 -0.00640652 -0.00820127           0
Repeater1[0]<--->EndNode1[0]
REAL
    0.450875   0.00128465  -0.00424837     0.334954
  0.00128465    0.0713324    0.0199477  -0.00424837
 -0.00424837    0.0199477    0.0672948 -0.000631057
    0.334954  -0.00424837 -0.000631057     0.410498
IMAGINARY
           0    0.0128805   0.00816222  0.000206901
  -0.0128805            0  -0.00399478  -0.00880905
 -0.00816222   0.00399478            0    0.0201078
-0.000206901   0.00880905   -0.0201078            0
Repeater1[0]<--->HoM1[0]
REAL
     0.40665  -0.00504107   0.00576491     0.329311
 -0.00504107    0.0780051     0.014243 -0.000132866
  0.00576491     0.014243    0.0677749   0.00191216
    0.329311 -0.000132866   0.00191216      0.44757
IMAGINARY
          0  0.00455238 -0.00683141   -0.010576
-0.00455238           0  -0.0010219  0.00820127
 0.00683141   0.0010219           0  0.00640652
   0.010576 -0.00820127 -0.00640652           0
EndNode1[0]<--->Repeater1[0]
REAL
   0.467598 -0.00893683  -0.0147276    0.343412
-0.00893683   0.0559085   0.0131769  -0.0214481
 -0.0147276   0.0131769   0.0622618  -0.0207789
   0.343412  -0.0214481  -0.0207789    0.414231
IMAGINARY
          0 -0.00197045 -0.00537874 -0.00475411
 0.00197045           0   0.0132699   0.0159116
 0.00537874  -0.0132699           0  -0.0147582
 0.00475411  -0.0159116   0.0147582           0
EndNode2[0]<--->HoM1[0]
REAL
   0.433594 -0.00529188  0.00986225    0.327546
-0.00529188   0.0755208    0.026569  0.00510034
 0.00986225    0.026569   0.0494792  0.00653876
   0.327546  0.00510034  0.00653876    0.441406
IMAGINARY
           0    0.0142979  -0.00985883    -0.011126
  -0.0142979            0    0.0175198  -0.00662468
  0.00985883   -0.0175198            0  0.000964591
    0.011126   0.00662468 -0.000964591            0
Repeater1[0]<--->EndNode1[0]
REAL
   0.467598  -0.0147276 -0.00893683    0.343412
 -0.0147276   0.0622618   0.0131769  -0.0207789
-0.00893683   0.0131769   0.0559085  -0.0214481
   0.343412  -0.0207789  -0.0214481    0.414231
IMAGINARY
          0 -0.00537874 -0.00197045 -0.00475411
 0.00537874           0  -0.0132699  -0.0147582
 0.00197045   0.0132699           0   0.0159116
 0.00475411   0.0147582  -0.0159116           0
Repeater1[0]<--->HoM1[0]
REAL
   0.433594  0.00986225 -0.00529188    0.327546
 0.00986225   0.0494792    0.026569  0.00653876
-0.00529188    0.026569   0.0755208  0.00510034
   0.327546  0.00653876  0.00510034    0.441406
IMAGINARY
           0  -0.00985883    0.0142979    -0.011126
  0.00985883            0   -0.0175198  0.000964591
  -0.0142979    0.0175198            0  -0.00662468
    0.011126 -0.000964591   0.00662468            0
EndNode1[0]<--->Repeater1[0]
REAL
   0.428021 -0.00500774   0.0145043    0.340128
-0.00500774   0.0616967   0.0299852    0.013869
  0.0145043   0.0299852   0.0694087  0.00942136
   0.340128    0.013869  0.00942136    0.440874
IMAGINARY
          0    0.010388  -0.0246026   0.0103196
  -0.010388           0   0.0103196  0.00184577
  0.0246026  -0.0103196           0  0.00456651
 -0.0103196 -0.00184577 -0.00456651           0
EndNode2[0]<--->HoM1[0]
REAL
  0.441718 0.00999684  0.0142973   0.346339
0.00999684  0.0723926  0.0250893  0.0155728
 0.0142973  0.0250893  0.0638037  0.0133798
  0.346339  0.0155728  0.0133798   0.422086
IMAGINARY
           0 -0.000454545    0.0042626   0.00434738
 0.000454545            0   0.00498595    0.0069874
  -0.0042626  -0.00498595            0  -0.00954545
 -0.00434738   -0.0069874   0.00954545            0
Repeater1[0]<--->EndNode1[0]
REAL
   0.428021   0.0145043 -0.00500774    0.340128
  0.0145043   0.0694087   0.0299852  0.00942136
-0.00500774   0.0299852   0.0616967    0.013869
   0.340128  0.00942136    0.013869    0.440874
IMAGINARY
          0  -0.0246026    0.010388   0.0103196
  0.0246026           0  -0.0103196  0.00456651
  -0.010388   0.0103196           0  0.00184577
 -0.0103196 -0.00456651 -0.00184577           0
Repeater1[0]<--->HoM1[0]
REAL
  0.441718  0.0142973 0.00999684   0.346339
 0.0142973  0.0638037  0.0250893  0.0133798
0.00999684  0.0250893  0.0723926  0.0155728
  0.346339  0.0133798  0.0155728   0.422086
IMAGINARY
           0    0.0042626 -0.000454545   0.00434738
  -0.0042626            0  -0.00498595  -0.00954545
 0.000454545   0.00498595            0    0.0069874
 -0.00434738   0.00954545   -0.0069874            0
EndNode1[0]<--->Repeater1[0]
REAL
    0.45122 0.000631687  0.00685333    0.331408
0.000631687   0.0623306   0.0193776 -0.00292662
 0.00685333   0.0193776   0.0867209  -0.0124118
   0.331408 -0.00292662  -0.0124118    0.399729
IMAGINARY
          0    0.020743  -0.0125599  0.00778352
  -0.020743           0  -0.0111213  0.00504112
  0.0125599   0.0111213           0 -0.00570538
-0.00778352 -0.00504112  0.00570538           0
EndNode2[0]<--->HoM1[0]
REAL
   0.430295 -0.00104151   0.0159627    0.312176
-0.00104151   0.0710456   0.0233161 -0.00171403
  0.0159627   0.0233161   0.0871314 -0.00673051
   0.312176 -0.00171403 -0.00673051    0.411528
IMAGINARY
          0   0.0148696  -0.0325385  -0.0123397
 -0.0148696           0   0.0223647   0.0195851
  0.0325385  -0.0223647           0 -0.00580224
  0.0123397  -0.0195851  0.00580224           0
Repeater1[0]<--->EndNode1[0]
REAL
    0.45122  0.00685333 0.000631687    0.331408
