EndNode1[0]<--->Repeater1[0]
REAL
        0.4  -0.0152695  0.00660069    0.349072
 -0.0152695   0.0772152   0.0423491 -0.00257924
 0.00660069   0.0423491   0.0886076 -0.00885921
   0.349072 -0.00257924 -0.00885921    0.434177
IMAGINARY
           0   0.00728014 -0.000225838    0.0115549
 -0.00728014            0    0.0065798   -0.0151803
 0.000225838   -0.0065798            0    0.0221316
  -0.0115549    0.0151803   -0.0221316            0
EndNode2[0]<--->HoM1[0]
REAL
    0.445187    0.0160598 -0.000547714     0.375271
   0.0160598    0.0681818    0.0320142     0.011806
-0.000547714    0.0320142    0.0909091  -0.00480155
    0.375271     0.011806  -0.00480155     0.395722
IMAGINARY
          0  0.00207511 -0.00615811 -0.00138365
-0.00207511           0  0.00573148  0.00798071
 0.00615811 -0.00573148           0  0.00703789
 0.00138365 -0.00798071 -0.00703789           0
Repeater1[0]<--->EndNode1[0]
REAL
        0.4  0.00660069  -0.0152695    0.349072
 0.00660069   0.0886076   0.0423491 -0.00885921
 -0.0152695   0.0423491   0.0772152 -0.00257924
   0.349072 -0.00885921 -0.00257924    0.434177
IMAGINARY
           0 -0.000225838   0.00728014    0.0115549
 0.000225838            0   -0.0065798    0.0221316
 -0.00728014    0.0065798            0   -0.0151803
  -0.0115549   -0.0221316    0.0151803            0
Repeater1[0]<--->HoM1[0]
REAL
    0.445187 -0.000547714    0.0160598     0.375271
-0.000547714    0.0909091    0.0320142  -0.00480155
   0.0160598    0.0320142    0.0681818     0.011806
    0.375271  -0.00480155     0.011806     0.395722
IMAGINARY
          0 -0.00615811  0.00207511 -0.00138365
 0.00615811           0 -0.00573148  0.00703789
-0.00207511  0.00573148           0  0.00798071
 0.00138365 -0.00703789 -0.00798071           0
EndNode1[0]<--->Repeater1[0]
REAL
   0.407178 -0.00726145 -0.00603786    0.360537
-0.00726145   0.0891089   0.0329055 -0.00898946
-0.00603786   0.0329055   0.0866337 0.000430853
   0.360537 -0.00898946 0.000430853    0.417079
IMAGINARY
          0  -0.0108751   0.0053486 -0.00816421
  0.0108751           0   0.0107752   0.0183356
 -0.0053486  -0.0107752           0 -0.00886171
 0.00816421  -0.0183356  0.00886171           0
EndNode2[0]<--->HoM1[0]
REAL
   0.393858   0.0249455 -0.00708182    0.369512
  0.0249455   0.0881175    0.023158   0.0123174
-0.00708182    0.023158   0.0814419  -0.0118565
   0.369512   0.0123174  -0.0118565    0.436582
IMAGINARY
           0  0.000685128   0.00244702   -0.0217505
-0.000685128            0   0.00847618    0.0196884
 -0.00244702  -0.00847618            0   -0.0124039
   0.0217505   -0.0196884    0.0124039            0
Repeater1[0]<--->EndNode1[0]
REAL
   0.407178 -0.00603786 -0.00726145    0.360537
-0.00603786   0.0866337   0.0329055 0.000430853
-0.00726145   0.0329055   0.0891089 -0.00898946
   0.360537 0.000430853 -0.00898946    0.417079
IMAGINARY
          0   0.0053486  -0.0108751 -0.00816421
 -0.0053486           0  -0.0107752 -0.00886171
  0.0108751   0.0107752           0   0.0183356
 0.00816421  0.00886171  -0.0183356           0
Repeater1[0]<--->HoM1[0]
REAL
   0.393858 -0.00708182   0.0249455    0.369512
-0.00708182   0.0814419    0.023158  -0.0118565
  0.0249455    0.023158   0.0881175   0.0123174
   0.369512  -0.0118565   0.0123174    0.436582
IMAGINARY
           0   0.00244702  0.000685128   -0.0217505
 -0.00244702            0  -0.00847618   -0.0124039
-0.000685128   0.00847618            0    0.0196884
   0.0217505    0.0124039   -0.0196884            0
EndNode1[0]<--->Repeater1[0]
REAL
    0.391626  -0.00301243  -0.00420202     0.364161
 -0.00301243      0.08867    0.0228516 -0.000992781
 -0.00420202    0.0228516     0.091133   0.00431113
    0.364161 -0.000992781   0.00431113     0.428571
IMAGINARY
           0  -0.00830416   -0.0159704   0.00865798
  0.00830416            0   -0.0244209    0.0424188
   0.0159704    0.0244209            0 -0.000511957
 -0.00865798   -0.0424188  0.000511957            0
EndNode2[0]<--->HoM1[0]
REAL
   0.433498   0.0071307   0.0153702    0.353225
  0.0071307   0.0960591   0.0373998 -0.00365149
  0.0153702   0.0373998   0.0763547   0.0150047
   0.353225 -0.00365149   0.0150047    0.394089
IMAGINARY
          0 -0.00080661 -0.00105397  0.00201991
 0.00080661           0   0.0155003  0.00992164
 0.00105397  -0.0155003           0  0.00967428
-0.00201991 -0.00992164 -0.00967428           0
Repeater1[0]<--->EndNode1[0]
REAL
    0.391626  -0.00420202  -0.00301243     0.364161
 -0.00420202     0.091133    0.0228516   0.00431113
 -0.00301243    0.0228516      0.08867 -0.000992781
    0.364161   0.00431113 -0.000992781     0.428571
IMAGINARY
           0   -0.0159704  -0.00830416   0.00865798
   0.0159704            0    0.0244209 -0.000511957
  0.00830416   -0.0244209            0    0.0424188
 -0.00865798  0.000511957   -0.0424188            0
Repeater1[0]<--->HoM1[0]
REAL
   0.433498   0.0153702   0.0071307    0.353225
  0.0153702   0.0763547   0.0373998   0.0150047
  0.0071307   0.0373998   0.0960591 -0.00365149
   0.353225   0.0150047 -0.00365149    0.394089
IMAGINARY
          0 -0.00105397 -0.00080661  0.00201991
 0.00105397           0  -0.0155003  0.00967428
 0.00080661   0.0155003           0  0.00992164
-0.00201991 -0.00967428 -0.00992164           0
EndNode1[0]<--->Repeater1[0]
REAL
   0.435115 -0.00286222  0.00807326    0.349356
-0.00286222   0.0776081   0.0354923 -0.00867932
 0.00807326   0.0354923   0.0814249  0.00104403
   0.349356 -0.00867932  0.00104403    0.405852
IMAGINARY
          0  -0.0163556 -0.00795822  0.00277005
  0.0163556           0 -0.00755801   0.0111675
 0.00795822  0.00755801           0   0.0015931
-0.00277005  -0.0111675  -0.0015931           0
EndNode2[0]<--->HoM1[0]
REAL
    0.396112 -0.000854421   0.00613317     0.365976
-0.000854421    0.0801944    0.0391526  -0.00741522
  0.00613317    0.0391526    0.0850547    -0.010684
    0.365976  -0.00741522    -0.010684     0.438639
IMAGINARY
          0 -0.00876125   0.0280262   0.0152764
 0.00876125           0  0.00586784  0.00192175
 -0.0280262 -0.00586784           0  -0.0250929
 -0.0152764 -0.00192175   0.0250929           0
Repeater1[0]<--->EndNode1[0]
REAL
   0.435115  0.00807326 -0.00286222    0.349356
 0.00807326   0.0814249   0.0354923  0.00104403
-0.00286222   0.0354923   0.0776081 -0.00867932
   0.349356  0.00104403 -0.00867932    0.405852
IMAGINARY
          0 -0.00795822  -0.0163556  0.00277005
 0.00795822           0  0.00755801   0.0015931
  0.0163556 -0.00755801           0   0.0111675
-0.00277005  -0.0015931  -0.0111675           0
Repeater1[0]<--->HoM1[0]
REAL
    0.396112   0.00613317 -0.000854421     0.365976
  0.00613317    0.0850547    0.0391526    -0.010684
-0.000854421    0.0391526    0.0801944  -0.00741522
    0.365976    -0.010684  -0.00741522     0.438639
IMAGINARY
          0   0.0280262 -0.00876125   0.0152764
 -0.0280262           0 -0.00586784  -0.0250929
 0.00876125  0.00586784           0  0.00192175
 -0.0152764   0.0250929 -0.00192175           0
EndNode1[0]<--->Repeater1[0]
REAL
  0.438005 -0.0154378 -0.0118556   0.355041
-0.0154378  0.0781671  0.0469725 0.00313077
-0.0118556  0.0469725  0.0929919 0.00537072
  0.355041 0.00313077 0.00537072   0.390836
IMAGINARY
          0  0.00346682  -0.0302214 -0.00585788
-0.00346682           0  0.00257273  -0.0101209
  0.0302214 -0.00257273           0   0.0160931
 0.00585788   0.0101209  -0.0160931           0
EndNode2[0]<--->HoM1[0]
REAL
   0.437975 0.000321887 -0.00132615    0.350116
0.000321887   0.0721519   0.0364277 -0.00263163
-0.00132615   0.0364277   0.0772152  -0.0201108
   0.350116 -0.00263163  -0.0201108    0.412658
IMAGINARY
         0  0.0232692 -0.0340426 -0.0224297
-0.0232692          0  0.0116017  -0.028695
 0.0340426 -0.0116017          0  0.0128525
 0.0224297   0.028695 -0.0128525          0
Repeater1[0]<--->EndNode1[0]
REAL
  0.438005 -0.0118556 -0.0154378   0.355041
-0.0118556  0.0929919  0.0469725 0.00537072
-0.0154378  0.0469725  0.0781671 0.00313077
  0.355041 0.00537072 0.00313077   0.390836
IMAGINARY
          0  -0.0302214  0.00346682 -0.00585788
  0.0302214           0 -0.00257273   0.0160931
-0.00346682  0.00257273           0  -0.0101209
 0.00585788  -0.0160931   0.0101209           0
Repeater1[0]<--->HoM1[0]
REAL
   0.437975 -0.00132615 0.000321887    0.350116
-0.00132615   0.0772152   0.0364277  -0.0201108
0.000321887   0.0364277   0.0721519 -0.00263163
   0.350116  -0.0201108 -0.00263163    0.412658
IMAGINARY
         0 -0.0340426  0.0232692 -0.0224297
 0.0340426          0 -0.0116017  0.0128525
-0.0232692  0.0116017          0  -0.028695
 0.0224297 -0.0128525   0.028695          0
EndNode1[0]<--->Repeater1[0]
REAL
    0.41276 0.000978794 -0.00600048    0.359676
0.000978794     0.09375   0.0483552  0.00340981
-0.00600048   0.0483552   0.0872396 0.000316543
   0.359676  0.00340981 0.000316543     0.40625
IMAGINARY
          0  0.00622152   0.0148808  -0.0119719
-0.00622152           0 -0.00883515 -0.00275143
 -0.0148808  0.00883515           0  -0.0129601
  0.0119719  0.00275143   0.0129601           0
EndNode2[0]<--->HoM1[0]
REAL
    0.401525    0.0144585     0.012663     0.371718
   0.0144585    0.0978399    0.0362423  -0.00146893
    0.012663    0.0362423    0.0864041 -0.000776933
    0.371718  -0.00146893 -0.000776933     0.414231
IMAGINARY
          0   -0.024677   0.0275826 -0.00793115
   0.024677           0  0.00306497   0.0174045
 -0.0275826 -0.00306497           0  -0.0100273
 0.00793115  -0.0174045   0.0100273           0
Repeater1[0]<--->EndNode1[0]
REAL
    0.41276 -0.00600048 0.000978794    0.359676
-0.00600048   0.0872396   0.0483552 0.000316543
0.000978794   0.0483552     0.09375  0.00340981
   0.359676 0.000316543  0.00340981     0.40625
IMAGINARY
          0   0.0148808  0.00622152  -0.0119719
 -0.0148808           0  0.00883515  -0.0129601
-0.00622152 -0.00883515           0 -0.00275143
  0.0119719   0.0129601  0.00275143           0
Repeater1[0]<--->HoM1[0]
REAL
    0.401525     0.012663    0.0144585     0.371718
    0.012663    0.0864041    0.0362423 -0.000776933
   0.0144585    0.0362423    0.0978399  -0.00146893
    0.371718 -0.000776933  -0.00146893     0.414231
IMAGINARY
          0   0.0275826   -0.024677 -0.00793115
 -0.0275826           0 -0.00306497  -0.0100273
   0.024677  0.00306497           0   0.0174045
 0.00793115   0.0100273  -0.0174045           0
EndNode1[0]<--->Repeater1[0]
REAL
    0.42398  0.00705465  0.00608556    0.369633
 0.00705465   0.0815822   0.0461831  0.00284301
 0.00608556   0.0461831   0.0766378 -0.00322812
   0.369633  0.00284301 -0.00322812      0.4178
IMAGINARY
           0   -0.0111491   -0.0171736   0.00367401
   0.0111491            0    0.0330055 -0.000346646
   0.0171736   -0.0330055            0   0.00306282
 -0.00367401  0.000346646  -0.00306282            0
EndNode2[0]<--->HoM1[0]
REAL
    0.408917 -0.000308836    0.0033189     0.364767
-0.000308836    0.0700637    0.0349795  -0.00839504
   0.0033189    0.0349795    0.0866242   0.00411594
    0.364767  -0.00839504   0.00411594     0.434395
IMAGINARY
          0  0.00776547  0.00456654   0.0133759
-0.00776547           0  -0.0201326  -0.0202111
-0.00456654   0.0201326           0 -0.00713968
 -0.0133759   0.0202111  0.00713968           0
Repeater1[0]<--->EndNode1[0]
REAL
    0.42398  0.00608556  0.00705465    0.369633
 0.00608556   0.0766378   0.0461831 -0.00322812
 0.00705465   0.0461831   0.0815822  0.00284301
   0.369633 -0.00322812  0.00284301      0.4178
IMAGINARY
           0   -0.0171736   -0.0111491   0.00367401
   0.0171736            0   -0.0330055   0.00306282
   0.0111491    0.0330055            0 -0.000346646
 -0.00367401  -0.00306282  0.000346646            0
Repeater1[0]<--->HoM1[0]
REAL
    0.408917    0.0033189 -0.000308836     0.364767
   0.0033189    0.0866242    0.0349795   0.00411594
-0.000308836    0.0349795    0.0700637  -0.00839504
    0.364767   0.00411594  -0.00839504     0.434395
IMAGINARY
          0  0.00456654  0.00776547   0.0133759
-0.00456654           0   0.0201326 -0.00713968
-0.00776547  -0.0201326           0  -0.0202111
 -0.0133759  0.00713968   0.0202111           0
EndNode1[0]<--->Repeater1[0]
REAL
   0.414141 -0.00126139 -0.00730315     0.37165
-0.00126139   0.0871212   0.0230864  -0.0125942
-0.00730315   0.0230864    0.084596  -0.0186359
    0.37165  -0.0125942  -0.0186359    0.414141
IMAGINARY
          0  0.00668855  -0.0117562 -0.00118315
-0.00668855           0 -0.00184716   -0.010437
  0.0117562  0.00184716           0   0.0155047
 0.00118315    0.010437  -0.0155047           0
EndNode2[0]<--->HoM1[0]
REAL
   0.439353 0.000498915 -0.00356335    0.382183
0.000498915   0.0956873  0.00997421 -0.00869155
-0.00356335  0.00997421    0.074124  -0.0225577
   0.382183 -0.00869155  -0.0225577    0.390836
IMAGINARY
          0  -0.0148563   0.0189386  0.00892365
  0.0148563           0 -0.00320573  0.00835664
 -0.0189386  0.00320573           0 -0.00623556
-0.00892365 -0.00835664  0.00623556           0
Repeater1[0]<--->EndNode1[0]
REAL
   0.414141 -0.00730315 -0.00126139     0.37165
-0.00730315    0.084596   0.0230864  -0.0186359
-0.00126139   0.0230864   0.0871212  -0.0125942
    0.37165  -0.0186359  -0.0125942    0.414141
IMAGINARY
          0  -0.0117562  0.00668855 -0.00118315
  0.0117562           0  0.00184716   0.0155047
-0.00668855 -0.00184716           0   -0.010437
 0.00118315  -0.0155047    0.010437           0
Repeater1[0]<--->HoM1[0]
REAL
   0.439353 -0.00356335 0.000498915    0.382183
-0.00356335    0.074124  0.00997421  -0.0225577
0.000498915  0.00997421   0.0956873 -0.00869155
   0.382183  -0.0225577 -0.00869155    0.390836
IMAGINARY
          0   0.0189386  -0.0148563  0.00892365
 -0.0189386           0  0.00320573 -0.00623556
  0.0148563 -0.00320573           0  0.00835664
-0.00892365  0.00623556 -0.00835664           0
EndNode1[0]<--->Repeater1[0]
REAL
   0.471895 -0.00226311 8.44079e-05    0.368088
-0.00226311   0.0810458   0.0321709  0.00509694
8.44079e-05   0.0321709    0.075817  -0.0016229
   0.368088  0.00509694  -0.0016229    0.371242
IMAGINARY
          0  0.00811356  -0.0124007   0.0155459
-0.00811356           0  0.00326087  0.00723277
  0.0124007 -0.00326087           0  0.00351435
 -0.0155459 -0.00723277 -0.00351435           0
EndNode2[0]<--->HoM1[0]
REAL
   0.436111 -0.00550917  -0.0188342    0.355189
-0.00550917       0.075   0.0334186  0.00111264
 -0.0188342   0.0334186   0.0916667   -0.014744
   0.355189  0.00111264   -0.014744    0.397222
IMAGINARY
           0  -0.00264544   -0.0224818  -0.00483731
  0.00264544            0   0.00357149 -0.000245466
   0.0224818  -0.00357149            0   0.00743013
  0.00483731  0.000245466  -0.00743013            0
Repeater1[0]<--->EndNode1[0]
REAL
   0.471895 8.44079e-05 -0.00226311    0.368088
8.44079e-05    0.075817   0.0321709  -0.0016229
-0.00226311   0.0321709   0.0810458  0.00509694
   0.368088  -0.0016229  0.00509694    0.371242
IMAGINARY
          0  -0.0124007  0.00811356   0.0155459
  0.0124007           0 -0.00326087  0.00351435
-0.00811356  0.00326087           0  0.00723277
 -0.0155459 -0.00351435 -0.00723277           0
Repeater1[0]<--->HoM1[0]
REAL
   0.436111  -0.0188342 -0.00550917    0.355189
 -0.0188342   0.0916667   0.0334186   -0.014744
-0.00550917   0.0334186       0.075  0.00111264
   0.355189   -0.014744  0.00111264    0.397222
IMAGINARY
           0   -0.0224818  -0.00264544  -0.00483731
   0.0224818            0  -0.00357149   0.00743013
  0.00264544   0.00357149            0 -0.000245466
  0.00483731  -0.00743013  0.000245466            0
EndNode1[0]<--->Repeater1[0]
REAL
   0.427842 -0.00981878   0.0102797    0.357685
-0.00981878   0.0779055   0.0410804  0.00823885
  0.0102797   0.0410804   0.0881226   0.0209299
   0.357685  0.00823885   0.0209299     0.40613
IMAGINARY
          0  0.00343059   0.0161473  -0.0118788
-0.00343059           0 -0.00474522   0.0117337
 -0.0161473  0.00474522           0  -0.0114851
  0.0118788  -0.0117337   0.0114851           0
EndNode2[0]<--->HoM1[0]
REAL
   0.401961  -0.0120312  -0.0116302    0.371664
 -0.0120312   0.0992647   0.0429545  -0.0135962
 -0.0116302   0.0429545   0.0833333 -0.00802053
   0.371664  -0.0135962 -0.00802053    0.415441
IMAGINARY
           0    0.0108731    0.0199585    0.0201039
  -0.0108731            0  5.21502e-05    0.0023575
  -0.0199585 -5.21502e-05            0   0.00299906
  -0.0201039   -0.0023575  -0.00299906            0
Repeater1[0]<--->EndNode1[0]
REAL
   0.427842   0.0102797 -0.00981878    0.357685
  0.0102797   0.0881226   0.0410804   0.0209299
-0.00981878   0.0410804   0.0779055  0.00823885
   0.357685   0.0209299  0.00823885     0.40613
IMAGINARY
          0   0.0161473  0.00343059  -0.0118788
 -0.0161473           0  0.00474522  -0.0114851
-0.00343059 -0.00474522           0   0.0117337
  0.0118788   0.0114851  -0.0117337           0
Repeater1[0]<--->HoM1[0]
REAL
   0.401961  -0.0116302  -0.0120312    0.371664
 -0.0116302   0.0833333   0.0429545 -0.00802053
 -0.0120312   0.0429545   0.0992647  -0.0135962
   0.371664 -0.00802053  -0.0135962    0.415441
IMAGINARY
           0    0.0199585    0.0108731    0.0201039
  -0.0199585            0 -5.21502e-05   0.00299906
  -0.0108731  5.21502e-05            0    0.0023575
  -0.0201039  -0.00299906   -0.0023575            0
EndNode1[0]<--->Repeater1[0]
REAL
   0.435798 -0.00494308  0.00821463    0.368731
-0.00494308   0.0687419   0.0239033 -0.00134821
 0.00821463   0.0239033   0.0830091   0.0118095
   0.368731 -0.00134821   0.0118095    0.412451
IMAGINARY
           0  -0.00782854    0.0127087  0.000430098
  0.00782854            0  -0.00421798   0.00453264
  -0.0127087   0.00421798            0    -0.014339
-0.000430098  -0.00453264     0.014339            0
EndNode2[0]<--->HoM1[0]
REAL
   0.403659 -0.00976251  -0.0022415    0.356855
-0.00976251   0.0804878   0.0423697  -0.0235983
 -0.0022415   0.0423697   0.0804878  0.00459455
   0.356855  -0.0235983  0.00459455    0.435366
IMAGINARY
          0  -0.0267266   0.0228849  -0.0169487
  0.0267266           0 -0.00289252 -0.00191924
 -0.0228849  0.00289252           0  -0.0247346
  0.0169487  0.00191924   0.0247346           0
Repeater1[0]<--->EndNode1[0]
REAL
   0.435798  0.00821463 -0.00494308    0.368731
 0.00821463   0.0830091   0.0239033   0.0118095
-0.00494308   0.0239033   0.0687419 -0.00134821
   0.368731   0.0118095 -0.00134821    0.412451
IMAGINARY
           0    0.0127087  -0.00782854  0.000430098
  -0.0127087            0   0.00421798    -0.014339
  0.00782854  -0.00421798            0   0.00453264
-0.000430098     0.014339  -0.00453264            0
Repeater1[0]<--->HoM1[0]
REAL
   0.403659  -0.0022415 -0.00976251    0.356855
 -0.0022415   0.0804878   0.0423697  0.00459455
-0.00976251   0.0423697   0.0804878  -0.0235983
   0.356855  0.00459455  -0.0235983    0.435366
IMAGINARY
          0   0.0228849  -0.0267266  -0.0169487
 -0.0228849           0  0.00289252  -0.0247346
  0.0267266 -0.00289252           0 -0.00191924
  0.0169487   0.0247346  0.00191924           0
EndNode1[0]<--->Repeater1[0]
REAL
   0.446097  0.00498086 -0.00118714    0.358443
 0.00498086   0.0743494    0.026907  -0.0109148
-0.00118714    0.026907   0.0817844  -0.0196305
   0.358443  -0.0109148  -0.0196305     0.39777
IMAGINARY
          0  0.00346541  0.00297252  -0.0103395
-0.00346541           0  0.00296849 -0.00971106
-0.00297252 -0.00296849           0 -0.00885625
  0.0103395  0.00971106  0.00885625           0
EndNode2[0]<--->HoM1[0]
REAL
   0.438667 -0.00985389   0.0181563    0.366334
-0.00985389   0.0853333   0.0462279  -0.0255455
  0.0181563   0.0462279   0.0733333  0.00369625
   0.366334  -0.0255455  0.00369625    0.402667
IMAGINARY
          0 -0.00428727  -0.0268247    0.027503
 0.00428727           0  0.00929907  0.00169242
  0.0268247 -0.00929907           0 -0.00232649
  -0.027503 -0.00169242  0.00232649           0
Repeater1[0]<--->EndNode1[0]
REAL
   0.446097 -0.00118714  0.00498086    0.358443
-0.00118714   0.0817844    0.026907  -0.0196305
 0.00498086    0.026907   0.0743494  -0.0109148
   0.358443  -0.0196305  -0.0109148     0.39777
IMAGINARY
          0  0.00297252  0.00346541  -0.0103395
-0.00297252           0 -0.00296849 -0.00885625
-0.00346541  0.00296849           0 -0.00971106
  0.0103395  0.00885625  0.00971106           0
Repeater1[0]<--->HoM1[0]
REAL
   0.438667   0.0181563 -0.00985389    0.366334
  0.0181563   0.0733333   0.0462279  0.00369625
-0.00985389   0.0462279   0.0853333  -0.0255455
   0.366334  0.00369625  -0.0255455    0.402667
IMAGINARY
          0  -0.0268247 -0.00428727    0.027503
  0.0268247           0 -0.00929907 -0.00232649
 0.00428727  0.00929907           0  0.00169242
  -0.027503  0.00232649 -0.00169242           0
EndNode1[0]<--->Repeater1[0]
REAL
   0.421855 0.000882392  0.00245368    0.358736
0.000882392   0.0813215   0.0378595 -0.00812833
 0.00245368   0.0378595   0.0711563  -0.0116012
   0.358736 -0.00812833  -0.0116012    0.425667
IMAGINARY
          0 -0.00432249    -0.01322   0.0317238
 0.00432249           0   0.0171484  0.00419937
    0.01322  -0.0171484           0   0.0146318
 -0.0317238 -0.00419937  -0.0146318           0
EndNode2[0]<--->HoM1[0]
REAL
   0.397906   -0.014543 -0.00702999    0.375616
  -0.014543   0.0615183   0.0202438  0.00263852
-0.00702999   0.0202438   0.0732984  0.00387803
   0.375616  0.00263852  0.00387803    0.467277
IMAGINARY
          0 -0.00557429  0.00640212  0.00158132
 0.00557429           0  0.00584442   0.0170139
-0.00640212 -0.00584442           0  -0.0137095
-0.00158132  -0.0170139   0.0137095           0
Repeater1[0]<--->EndNode1[0]
REAL
   0.421855  0.00245368 0.000882392    0.358736
 0.00245368   0.0711563   0.0378595  -0.0116012
0.000882392   0.0378595   0.0813215 -0.00812833
   0.358736  -0.0116012 -0.00812833    0.425667
IMAGINARY
          0    -0.01322 -0.00432249   0.0317238
    0.01322           0  -0.0171484   0.0146318
 0.00432249   0.0171484           0  0.00419937
 -0.0317238  -0.0146318 -0.00419937           0
Repeater1[0]<--->HoM1[0]
REAL
   0.397906 -0.00702999   -0.014543    0.375616
-0.00702999   0.0732984   0.0202438  0.00387803
  -0.014543   0.0202438   0.0615183  0.00263852
   0.375616  0.00387803  0.00263852    0.467277
IMAGINARY
          0  0.00640212 -0.00557429  0.00158132
-0.00640212           0 -0.00584442  -0.0137095
 0.00557429  0.00584442           0   0.0170139
-0.00158132   0.0137095  -0.0170139           0
EndNode1[0]<--->Repeater1[0]
REAL
   0.420844   -0.015709  -0.0191703    0.348925
  -0.015709   0.0817942   0.0337349 -0.00886101
 -0.0191703   0.0337349   0.0791557   -0.020145
   0.348925 -0.00886101   -0.020145    0.418206
IMAGINARY
          0  -0.0131479 -0.00129199  0.00806272
  0.0131479           0   -0.014424  0.00129199
 0.00129199    0.014424           0  0.00302129
-0.00806272 -0.00129199 -0.00302129           0
EndNode2[0]<--->HoM1[0]
REAL
   0.416776   0.0402982   0.0314047    0.354942
  0.0402982   0.0812582   0.0297237   0.0177434
  0.0314047   0.0297237   0.0878113 -0.00425626
   0.354942   0.0177434 -0.00425626    0.414155
IMAGINARY
          0   0.0123489  -0.0273368  -0.0120398
 -0.0123489           0  -0.0100841 -0.00824372
  0.0273368   0.0100841           0    0.015741
  0.0120398  0.00824372   -0.015741           0
Repeater1[0]<--->EndNode1[0]
REAL
   0.420844  -0.0191703   -0.015709    0.348925
 -0.0191703   0.0791557   0.0337349   -0.020145
  -0.015709   0.0337349   0.0817942 -0.00886101
   0.348925   -0.020145 -0.00886101    0.418206
IMAGINARY
          0 -0.00129199  -0.0131479  0.00806272
 0.00129199           0    0.014424  0.00302129
  0.0131479   -0.014424           0  0.00129199
-0.00806272 -0.00302129 -0.00129199           0
Repeater1[0]<--->HoM1[0]
REAL
   0.416776   0.0314047   0.0402982    0.354942
  0.0314047   0.0878113   0.0297237 -0.00425626
  0.0402982   0.0297237   0.0812582   0.0177434
   0.354942 -0.00425626   0.0177434    0.414155
IMAGINARY
          0  -0.0273368   0.0123489  -0.0120398
  0.0273368           0   0.0100841    0.015741
 -0.0123489  -0.0100841           0 -0.00824372
  0.0120398   -0.015741  0.00824372           0
EndNode1[0]<--->Repeater1[0]
REAL
   0.419395 -0.00220451  0.00861486    0.359199
-0.00220451   0.0692695   0.0262973 -0.00734259
 0.00861486   0.0262973   0.0869018 0.000932249
   0.359199 -0.00734259 0.000932249    0.424433
IMAGINARY
          0   0.0193268  -0.0129383  -0.0210297
 -0.0193268           0  0.00172711  -0.0013104
  0.0129383 -0.00172711           0  0.00139855
  0.0210297   0.0013104 -0.00139855           0
EndNode2[0]<--->HoM1[0]
REAL
   0.437179  0.00535664 -0.00517364    0.350783
 0.00535664   0.0820513   0.0394133 -0.00985904
-0.00517364   0.0394133   0.0871795  -0.0125462
   0.350783 -0.00985904  -0.0125462     0.39359
IMAGINARY
          0 -0.00443269  0.00947983   0.0096263
 0.00443269           0  -0.0109216   0.0344478
-0.00947983   0.0109216           0  0.00184871
 -0.0096263  -0.0344478 -0.00184871           0
Repeater1[0]<--->EndNode1[0]
REAL
   0.419395  0.00861486 -0.00220451    0.359199
 0.00861486   0.0869018   0.0262973 0.000932249
-0.00220451   0.0262973   0.0692695 -0.00734259
   0.359199 0.000932249 -0.00734259    0.424433
IMAGINARY
          0  -0.0129383   0.0193268  -0.0210297
  0.0129383           0 -0.00172711  0.00139855
 -0.0193268  0.00172711           0  -0.0013104
  0.0210297 -0.00139855   0.0013104           0
Repeater1[0]<--->HoM1[0]
REAL
   0.437179 -0.00517364  0.00535664    0.350783
-0.00517364   0.0871795   0.0394133  -0.0125462
 0.00535664   0.0394133   0.0820513 -0.00985904
   0.350783  -0.0125462 -0.00985904     0.39359
IMAGINARY
          0  0.00947983 -0.00443269   0.0096263
-0.00947983           0   0.0109216  0.00184871
 0.00443269  -0.0109216           0   0.0344478
 -0.0096263 -0.00184871  -0.0344478           0
EndNode1[0]<--->Repeater1[0]
REAL
   0.399009  0.00711177  -0.0013865    0.373005
 0.00711177   0.0929368   0.0192819  -0.0291986
 -0.0013865   0.0192819   0.0755886 -0.00977135
   0.373005  -0.0291986 -0.00977135    0.432466
IMAGINARY
          0 -0.00876525   0.0145787   0.0168246
 0.00876525           0  -0.0180591  0.00536814
 -0.0145787   0.0180591           0 -0.00320283
 -0.0168246 -0.00536814  0.00320283           0
EndNode2[0]<--->HoM1[0]
REAL
    0.42394   -0.014686 -0.00657649    0.357998
  -0.014686    0.074813   0.0410045   -0.019608
-0.00657649   0.0410045   0.0860349  -0.0127455
   0.357998   -0.019608  -0.0127455    0.415212
IMAGINARY
           0    0.0151653  -0.00246221    0.0131545
  -0.0151653            0 -0.000990625   -0.0151849
  0.00246221  0.000990625            0   0.00248174
  -0.0131545    0.0151849  -0.00248174            0
Repeater1[0]<--->EndNode1[0]
REAL
   0.399009  -0.0013865  0.00711177    0.373005
 -0.0013865   0.0755886   0.0192819 -0.00977135
 0.00711177   0.0192819   0.0929368  -0.0291986
   0.373005 -0.00977135  -0.0291986    0.432466
IMAGINARY
          0   0.0145787 -0.00876525   0.0168246
 -0.0145787           0   0.0180591 -0.00320283
 0.00876525  -0.0180591           0  0.00536814
 -0.0168246  0.00320283 -0.00536814           0
Repeater1[0]<--->HoM1[0]
REAL
    0.42394 -0.00657649   -0.014686    0.357998
-0.00657649   0.0860349   0.0410045  -0.0127455
  -0.014686   0.0410045    0.074813   -0.019608
   0.357998  -0.0127455   -0.019608    0.415212
IMAGINARY
           0  -0.00246221    0.0151653    0.0131545
  0.00246221            0  0.000990625   0.00248174
  -0.0151653 -0.000990625            0   -0.0151849
  -0.0131545  -0.00248174    0.0151849            0
EndNode1[0]<--->Repeater1[0]
REAL
   0.427623  0.00308178  0.00169946    0.357586
 0.00308178   0.0889774   0.0321887  -0.0129876
 0.00169946   0.0321887   0.0823373 -0.00507381
   0.357586  -0.0129876 -0.00507381    0.401062
IMAGINARY
          0   0.0293001  -0.0151594   0.0122484
 -0.0293001           0  0.00322779  0.00457742
  0.0151594 -0.00322779           0  0.00244591
 -0.0122484 -0.00457742 -0.00244591           0
EndNode2[0]<--->HoM1[0]
REAL
   0.400254 -0.00470076  0.00882515    0.364007
-0.00470076   0.0914867   0.0394234 -0.00564853
 0.00882515   0.0394234   0.0952986   0.0155013
   0.364007 -0.00564853   0.0155013    0.412961
IMAGINARY
          0 -0.00952326  0.00347834 -0.00558044
 0.00952326           0 -0.00180211  0.00100309
-0.00347834  0.00180211           0   0.0012006
 0.00558044 -0.00100309  -0.0012006           0
Repeater1[0]<--->EndNode1[0]
REAL
   0.427623  0.00169946  0.00308178    0.357586
 0.00169946   0.0823373   0.0321887 -0.00507381
 0.00308178   0.0321887   0.0889774  -0.0129876
   0.357586 -0.00507381  -0.0129876    0.401062
IMAGINARY
          0  -0.0151594   0.0293001   0.0122484
  0.0151594           0 -0.00322779  0.00244591
 -0.0293001  0.00322779           0  0.00457742
 -0.0122484 -0.00244591 -0.00457742           0
Repeater1[0]<--->HoM1[0]
REAL
   0.400254  0.00882515 -0.00470076    0.364007
 0.00882515   0.0952986   0.0394234   0.0155013
-0.00470076   0.0394234   0.0914867 -0.00564853
   0.364007   0.0155013 -0.00564853    0.412961
IMAGINARY
          0  0.00347834 -0.00952326 -0.00558044
-0.00347834           0  0.00180211   0.0012006
 0.00952326 -0.00180211           0  0.00100309
 0.00558044  -0.0012006 -0.00100309           0
EndNode1[0]<--->Repeater1[0]
REAL
  0.424282 0.00627884 0.00564308   0.357523
0.00627884  0.0835509  0.0492333  0.0119245
0.00564308  0.0492333  0.0939948 0.00993738
  0.357523  0.0119245 0.00993738   0.398172
IMAGINARY
          0  0.00709857  -0.0206098   0.0254958
-0.00709857           0 -0.00878625 -0.00529691
  0.0206098  0.00878625           0  0.00585479
 -0.0254958  0.00529691 -0.00585479           0
EndNode2[0]<--->HoM1[0]
REAL
  0.398252 0.00803558 -0.0268573   0.352025
0.00803558  0.0749064   0.037739  0.0111093
-0.0268573   0.037739  0.0886392 -0.0132849
  0.352025  0.0111093 -0.0132849   0.438202
IMAGINARY
           0    0.0282253   0.00602111  0.000585958
  -0.0282253            0   -0.0173818  0.000472401
 -0.00602111    0.0173818            0  -0.00484865
-0.000585958 -0.000472401   0.00484865            0
Repeater1[0]<--->EndNode1[0]
REAL
  0.424282 0.00564308 0.00627884   0.357523
0.00564308  0.0939948  0.0492333 0.00993738
0.00627884  0.0492333  0.0835509  0.0119245
  0.357523 0.00993738  0.0119245   0.398172
IMAGINARY
          0  -0.0206098  0.00709857   0.0254958
  0.0206098           0  0.00878625  0.00585479
-0.00709857 -0.00878625           0 -0.00529691
 -0.0254958 -0.00585479  0.00529691           0
Repeater1[0]<--->HoM1[0]
REAL
  0.398252 -0.0268573 0.00803558   0.352025
-0.0268573  0.0886392   0.037739 -0.0132849
0.00803558   0.037739  0.0749064  0.0111093
  0.352025 -0.0132849  0.0111093   0.438202
IMAGINARY
           0   0.00602111    0.0282253  0.000585958
 -0.00602111            0    0.0173818  -0.00484865
  -0.0282253   -0.0173818            0  0.000472401
-0.000585958   0.00484865 -0.000472401            0
EndNode1[0]<--->Repeater1[0]
REAL
  0.403462  0.0174042 0.00305789   0.353147
 0.0174042  0.0825566  0.0489694  0.0167834
0.00305789  0.0489694  0.0918775 0.00508256
  0.353147  0.0167834 0.00508256   0.422104
IMAGINARY
          0   0.0255768  -0.0181048 -0.00157988
 -0.0255768           0  0.00467012  -0.0132268
  0.0181048 -0.00467012           0  -0.0203549
 0.00157988   0.0132268   0.0203549           0
EndNode2[0]<--->HoM1[0]
REAL
   0.438503  -0.0222821  -0.0173151    0.362986
 -0.0222821   0.0775401   0.0478919  -0.0121737
 -0.0173151   0.0478919   0.0882353 -0.00720674
   0.362986  -0.0121737 -0.00720674    0.395722
IMAGINARY
          0   0.0134054 -0.00382153   0.0192498
 -0.0134054           0  0.00617388  0.00570833
 0.00382153 -0.00617388           0  0.00357576
 -0.0192498 -0.00570833 -0.00357576           0
Repeater1[0]<--->EndNode1[0]
REAL
  0.403462 0.00305789  0.0174042   0.353147
0.00305789  0.0918775  0.0489694 0.00508256
 0.0174042  0.0489694  0.0825566  0.0167834
  0.353147 0.00508256  0.0167834   0.422104
IMAGINARY
          0  -0.0181048   0.0255768 -0.00157988
  0.0181048           0 -0.00467012  -0.0203549
 -0.0255768  0.00467012           0  -0.0132268
 0.00157988   0.0203549   0.0132268           0
Repeater1[0]<--->HoM1[0]
REAL
   0.438503  -0.0173151  -0.0222821    0.362986
 -0.0173151   0.0882353   0.0478919 -0.00720674
 -0.0222821   0.0478919   0.0775401  -0.0121737
   0.362986 -0.00720674  -0.0121737    0.395722
IMAGINARY
          0 -0.00382153   0.0134054   0.0192498
 0.00382153           0 -0.00617388  0.00357576
 -0.0134054  0.00617388           0  0.00570833
 -0.0192498 -0.00357576 -0.00570833           0
EndNode1[0]<--->Repeater1[0]
REAL
   0.410872 -0.00728563  -0.0136833    0.358912
-0.00728563   0.0872314   0.0393242 -0.00599102
 -0.0136833   0.0393242   0.0847029  -0.0137456
   0.358912 -0.00599102  -0.0137456    0.417193
IMAGINARY
          0    0.011177 -0.00855794 -0.00904482
  -0.011177           0  -0.0084283  0.00598062
 0.00855794   0.0084283           0  -0.0214863
 0.00904482 -0.00598062   0.0214863           0
EndNode2[0]<--->HoM1[0]
REAL
  0.418458 0.00286975 -0.0114339   0.350182
0.00286975  0.0847029   0.041042 -0.0114339
-0.0114339   0.041042  0.0948167 -0.0109044
  0.350182 -0.0114339 -0.0109044   0.402023
IMAGINARY
          0 -0.00475786   0.0224504  -0.0100359
 0.00475786           0   0.0112674   0.0192163
 -0.0224504  -0.0112674           0  -0.0315325
  0.0100359  -0.0192163   0.0315325           0
Repeater1[0]<--->EndNode1[0]
REAL
   0.410872  -0.0136833 -0.00728563    0.358912
 -0.0136833   0.0847029   0.0393242  -0.0137456
-0.00728563   0.0393242   0.0872314 -0.00599102
   0.358912  -0.0137456 -0.00599102    0.417193
IMAGINARY
          0 -0.00855794    0.011177 -0.00904482
 0.00855794           0   0.0084283  -0.0214863
  -0.011177  -0.0084283           0  0.00598062
 0.00904482   0.0214863 -0.00598062           0
Repeater1[0]<--->HoM1[0]
REAL
  0.418458 -0.0114339 0.00286975   0.350182
-0.0114339  0.0948167   0.041042 -0.0109044
0.00286975   0.041042  0.0847029 -0.0114339
  0.350182 -0.0109044 -0.0114339   0.402023
IMAGINARY
          0   0.0224504 -0.00475786  -0.0100359
 -0.0224504           0  -0.0112674  -0.0315325
 0.00475786   0.0112674           0   0.0192163
  0.0100359   0.0315325  -0.0192163           0
EndNode1[0]<--->Repeater1[0]
REAL
    0.43354  -0.0239906  0.00893593    0.366833
 -0.0239906   0.0782609   0.0408591     -0.0115
 0.00893593   0.0408591   0.0782609 0.000913646
   0.366833     -0.0115 0.000913646    0.409938
IMAGINARY
          0  0.00828984   -0.023099  -0.0131563
-0.00828984           0  0.00722742  0.00361852
   0.023099 -0.00722742           0 -0.00439374
  0.0131563 -0.00361852  0.00439374           0
EndNode2[0]<--->HoM1[0]
REAL
    0.42409  -0.0101508 -0.00898267     0.37089
 -0.0101508   0.0815558   0.0296202  0.00515614
-0.00898267   0.0296202   0.0865747  0.00377325
    0.37089  0.00515614  0.00377325    0.407779
IMAGINARY
           0    0.0150604  0.000889436   -0.0104052
  -0.0150604            0    0.0175203  -0.00485769
-0.000889436   -0.0175203            0  -0.00844662
   0.0104052   0.00485769   0.00844662            0
Repeater1[0]<--->EndNode1[0]
REAL
    0.43354  0.00893593  -0.0239906    0.366833
 0.00893593   0.0782609   0.0408591 0.000913646
 -0.0239906   0.0408591   0.0782609     -0.0115
   0.366833 0.000913646     -0.0115    0.409938
IMAGINARY
          0   -0.023099  0.00828984  -0.0131563
   0.023099           0 -0.00722742 -0.00439374
-0.00828984  0.00722742           0  0.00361852
  0.0131563  0.00439374 -0.00361852           0
Repeater1[0]<--->HoM1[0]
REAL
    0.42409 -0.00898267  -0.0101508     0.37089
-0.00898267   0.0865747   0.0296202  0.00377325
 -0.0101508   0.0296202   0.0815558  0.00515614
    0.37089  0.00377325  0.00515614    0.407779
IMAGINARY
           0  0.000889436    0.0150604   -0.0104052
-0.000889436            0   -0.0175203  -0.00844662
  -0.0150604    0.0175203            0  -0.00485769
   0.0104052   0.00844662   0.00485769            0
EndNode1[0]<--->Repeater1[0]
REAL
   0.475452 0.000581322  0.00281791    0.362198
0.000581322   0.0775194   0.0255704   0.0205112
 0.00281791   0.0255704   0.0762274   0.0038323
   0.362198   0.0205112   0.0038323    0.370801
IMAGINARY
           0  0.000164069   -0.0026187   -0.0152734
-0.000164069            0  -0.00241992   0.00854755
   0.0026187   0.00241992            0   0.00708231
   0.0152734  -0.00854755  -0.00708231            0
EndNode2[0]<--->HoM1[0]
REAL
   0.429658   0.0220498 -0.00348063     0.36261
  0.0220498   0.0823828   0.0305201  0.00220837
-0.00348063   0.0305201   0.0912548  -0.0080549
    0.36261  0.00220837  -0.0080549    0.396705
IMAGINARY
           0    0.0028476  -0.00322339 -0.000117732
  -0.0028476            0    -0.022369   0.00695473
  0.00322339     0.022369            0   -0.0103103
 0.000117732  -0.00695473    0.0103103            0
Repeater1[0]<--->EndNode1[0]
REAL
   0.475452  0.00281791 0.000581322    0.362198
 0.00281791   0.0762274   0.0255704   0.0038323
0.000581322   0.0255704   0.0775194   0.0205112
   0.362198   0.0038323   0.0205112    0.370801
IMAGINARY
           0   -0.0026187  0.000164069   -0.0152734
   0.0026187            0   0.00241992   0.00708231
-0.000164069  -0.00241992            0   0.00854755
   0.0152734  -0.00708231  -0.00854755            0
Repeater1[0]<--->HoM1[0]
REAL
   0.429658 -0.00348063   0.0220498     0.36261
-0.00348063   0.0912548   0.0305201  -0.0080549
  0.0220498   0.0305201   0.0823828  0.00220837
    0.36261  -0.0080549  0.00220837    0.396705
IMAGINARY
           0  -0.00322339    0.0028476 -0.000117732
  0.00322339            0     0.022369   -0.0103103
  -0.0028476    -0.022369            0   0.00695473
 0.000117732    0.0103103  -0.00695473            0
EndNode1[0]<--->Repeater1[0]
REAL
   0.417193 -0.00735202  0.00655376    0.348371
-0.00735202   0.0847029   0.0393968   0.0104702
 0.00655376   0.0393968   0.0771176   0.0155487
   0.348371   0.0104702   0.0155487    0.420986
IMAGINARY
           0   0.00455714   0.00186664   -0.0012581
 -0.00455714            0 -1.74077e-05   -0.0198154
 -0.00186664  1.74077e-05            0   -0.0084033
   0.0012581    0.0198154    0.0084033            0
EndNode2[0]<--->HoM1[0]
REAL
   0.450372   0.0105703 -0.00357006    0.374781
  0.0105703   0.0756824   0.0314689  -0.0068466
-0.00357006   0.0314689   0.0880893  -0.0235912
   0.374781  -0.0068466  -0.0235912    0.385856
IMAGINARY
          0 -0.00815424  0.00825604   0.0126175
 0.00815424           0   0.0080543 -0.00124967
-0.00825604  -0.0080543           0  -0.0128649
 -0.0126175  0.00124967   0.0128649           0
Repeater1[0]<--->EndNode1[0]
REAL
   0.417193  0.00655376 -0.00735202    0.348371
 0.00655376   0.0771176   0.0393968   0.0155487
-0.00735202   0.0393968   0.0847029   0.0104702
   0.348371   0.0155487   0.0104702    0.420986
IMAGINARY
           0   0.00186664   0.00455714   -0.0012581
 -0.00186664            0  1.74077e-05   -0.0084033
 -0.00455714 -1.74077e-05            0   -0.0198154
   0.0012581    0.0084033    0.0198154            0
Repeater1[0]<--->HoM1[0]
REAL
   0.450372 -0.00357006   0.0105703    0.374781
-0.00357006   0.0880893   0.0314689  -0.0235912
  0.0105703   0.0314689   0.0756824  -0.0068466
   0.374781  -0.0235912  -0.0068466    0.385856
IMAGINARY
          0  0.00825604 -0.00815424   0.0126175
-0.00825604           0  -0.0080543  -0.0128649
 0.00815424   0.0080543           0 -0.00124967
 -0.0126175   0.0128649  0.00124967           0
EndNode1[0]<--->Repeater1[0]
REAL
    0.43083 -0.00290634    -0.00655    0.369436
-0.00290634    0.083004   0.0406314   0.0099057
   -0.00655   0.0406314    0.085639    0.015658
   0.369436   0.0099057    0.015658    0.400527
IMAGINARY
           0    0.0167584   -0.0134995    0.0142994
  -0.0167584            0   0.00709099  -0.00688095
   0.0134995  -0.00709099            0  0.000904692
  -0.0142994   0.00688095 -0.000904692            0
