EndNode1[0]<--->Repeater1[0]
REAL
  0.409898 -0.0276429 -0.0152447   0.251828
-0.0276429   0.102792  0.0412306   0.012674
-0.0152447  0.0412306    0.10533  0.0032213
  0.251828   0.012674  0.0032213    0.38198
IMAGINARY
           0 -0.000469368   0.00225564   0.00863091
 0.000469368            0  0.000898951 -0.000896945
 -0.00225564 -0.000898951            0   0.00862154
 -0.00863091  0.000896945  -0.00862154            0
EndNode2[0]<--->HoM1[0]
REAL
   0.421687  0.00358164 -0.00136027    0.262197
 0.00358164    0.116466   0.0183548   0.0191001
-0.00136027   0.0183548   0.0937082  0.00233164
   0.262197   0.0191001  0.00233164    0.368139
IMAGINARY
          0  0.00687166  0.00613888  0.00798887
-0.00687166           0  -0.0155334  0.00740792
-0.00613888   0.0155334           0  0.00421208
-0.00798887 -0.00740792 -0.00421208           0
Repeater1[0]<--->EndNode1[0]
REAL
  0.409898 -0.0152447 -0.0276429   0.251828
-0.0152447    0.10533  0.0412306  0.0032213
-0.0276429  0.0412306   0.102792   0.012674
  0.251828  0.0032213   0.012674    0.38198
IMAGINARY
           0   0.00225564 -0.000469368   0.00863091
 -0.00225564            0 -0.000898951   0.00862154
 0.000469368  0.000898951            0 -0.000896945
 -0.00863091  -0.00862154  0.000896945            0
Repeater1[0]<--->HoM1[0]
REAL
   0.421687 -0.00136027  0.00358164    0.262197
-0.00136027   0.0937082   0.0183548  0.00233164
 0.00358164   0.0183548    0.116466   0.0191001
   0.262197  0.00233164   0.0191001    0.368139
IMAGINARY
          0  0.00613888  0.00687166  0.00798887
-0.00613888           0   0.0155334  0.00421208
-0.00687166  -0.0155334           0  0.00740792
-0.00798887 -0.00421208 -0.00740792           0
EndNode1[0]<--->Repeater1[0]
REAL
  0.383255 0.00531084 -0.0116257   0.261662
0.00531084   0.117925  0.0301691 0.00437937
-0.0116257  0.0301691   0.121462 -0.0204624
  0.261662 0.00437937 -0.0204624   0.377358
IMAGINARY
          0  0.00337613   0.0102904   0.0086663
-0.00337613           0  0.00933924   0.0141764
 -0.0102904 -0.00933924           0  -0.0203146
 -0.0086663  -0.0141764   0.0203146           0
EndNode2[0]<--->HoM1[0]
REAL
   0.403287  -0.0275524  -0.0102621    0.268369
 -0.0275524    0.108723   0.0230745 -0.00578067
 -0.0102621   0.0230745    0.115044  0.00883578
   0.268369 -0.00578067  0.00883578    0.372946
IMAGINARY
          0 -0.00361716 -0.00710182  -0.0120314
 0.00361716           0   0.0303626  0.00145564
 0.00710182  -0.0303626           0  -0.0145761
  0.0120314 -0.00145564   0.0145761           0
Repeater1[0]<--->EndNode1[0]
REAL
  0.383255 -0.0116257 0.00531084   0.261662
-0.0116257   0.121462  0.0301691 -0.0204624
0.00531084  0.0301691   0.117925 0.00437937
  0.261662 -0.0204624 0.00437937   0.377358
IMAGINARY
          0   0.0102904  0.00337613   0.0086663
 -0.0102904           0 -0.00933924  -0.0203146
-0.00337613  0.00933924           0   0.0141764
 -0.0086663   0.0203146  -0.0141764           0
Repeater1[0]<--->HoM1[0]
REAL
   0.403287  -0.0102621  -0.0275524    0.268369
 -0.0102621    0.115044   0.0230745  0.00883578
 -0.0275524   0.0230745    0.108723 -0.00578067
   0.268369  0.00883578 -0.00578067    0.372946
IMAGINARY
          0 -0.00710182 -0.00361716  -0.0120314
 0.00710182           0  -0.0303626  -0.0145761
 0.00361716   0.0303626           0  0.00145564
  0.0120314   0.0145761 -0.00145564           0
EndNode1[0]<--->Repeater1[0]
REAL
   0.399009   0.0152617    0.020649    0.272712
  0.0152617    0.094176   0.0327359 0.000751737
   0.020649   0.0327359    0.094176   0.0139212
   0.272712 0.000751737   0.0139212    0.412639
IMAGINARY
           0   0.00591783    0.0118857   0.00623037
 -0.00591783            0   -0.0119629 -0.000342563
  -0.0118857    0.0119629            0   -0.0126007
 -0.00623037  0.000342563    0.0126007            0
EndNode2[0]<--->HoM1[0]
REAL
    0.391909 -0.000966272    0.0334786     0.247864
-0.000966272    0.0935525    0.0228029  -0.00681198
   0.0334786    0.0228029      0.10493   0.00363294
    0.247864  -0.00681198   0.00363294     0.409608
IMAGINARY
           0     0.017254   -0.0184534    0.0313583
   -0.017254            0 -0.000667803   0.00263836
   0.0184534  0.000667803            0    0.0107266
  -0.0313583  -0.00263836   -0.0107266            0
Repeater1[0]<--->EndNode1[0]
REAL
   0.399009    0.020649   0.0152617    0.272712
   0.020649    0.094176   0.0327359   0.0139212
  0.0152617   0.0327359    0.094176 0.000751737
   0.272712   0.0139212 0.000751737    0.412639
IMAGINARY
           0    0.0118857   0.00591783   0.00623037
  -0.0118857            0    0.0119629   -0.0126007
 -0.00591783   -0.0119629            0 -0.000342563
 -0.00623037    0.0126007  0.000342563            0
Repeater1[0]<--->HoM1[0]
REAL
    0.391909    0.0334786 -0.000966272     0.247864
   0.0334786      0.10493    0.0228029   0.00363294
-0.000966272    0.0228029    0.0935525  -0.00681198
    0.247864   0.00363294  -0.00681198     0.409608
IMAGINARY
           0   -0.0184534     0.017254    0.0313583
   0.0184534            0  0.000667803    0.0107266
   -0.017254 -0.000667803            0   0.00263836
  -0.0313583   -0.0107266  -0.00263836            0
EndNode1[0]<--->Repeater1[0]
REAL
   0.404645  -0.0166681 -0.00281338    0.253498
 -0.0166681    0.099022   0.0335991 -0.00944468
-0.00281338   0.0335991    0.129584  0.00570034
   0.253498 -0.00944468  0.00570034    0.366748
IMAGINARY
          0    0.002218 -0.00775541   0.0171516
  -0.002218           0 -0.00957588  0.00712169
 0.00775541  0.00957588           0    0.002218
 -0.0171516 -0.00712169   -0.002218           0
EndNode2[0]<--->HoM1[0]
REAL
   0.428202   0.0146653  0.00752099    0.269704
  0.0146653    0.108668    0.023399 -0.00619473
 0.00752099    0.023399   0.0996119 -0.00803404
   0.269704 -0.00619473 -0.00803404    0.363519
IMAGINARY
          0  0.00636559   0.0346194   0.0336547
-0.00636559           0    0.012737  -0.0136835
 -0.0346194   -0.012737           0  -0.0100602
 -0.0336547   0.0136835   0.0100602           0
Repeater1[0]<--->EndNode1[0]
REAL
   0.404645 -0.00281338  -0.0166681    0.253498
-0.00281338    0.129584   0.0335991  0.00570034
 -0.0166681   0.0335991    0.099022 -0.00944468
   0.253498  0.00570034 -0.00944468    0.366748
IMAGINARY
          0 -0.00775541    0.002218   0.0171516
 0.00775541           0  0.00957588    0.002218
  -0.002218 -0.00957588           0  0.00712169
 -0.0171516   -0.002218 -0.00712169           0
Repeater1[0]<--->HoM1[0]
REAL
   0.428202  0.00752099   0.0146653    0.269704
 0.00752099   0.0996119    0.023399 -0.00803404
  0.0146653    0.023399    0.108668 -0.00619473
   0.269704 -0.00803404 -0.00619473    0.363519
IMAGINARY
          0   0.0346194  0.00636559   0.0336547
 -0.0346194           0   -0.012737  -0.0100602
-0.00636559    0.012737           0  -0.0136835
 -0.0336547   0.0100602   0.0136835           0
EndNode1[0]<--->Repeater1[0]
REAL
  0.395122  0.0174421  0.0269053   0.248324
 0.0174421   0.117073  0.0448665  0.0178614
 0.0269053  0.0448665   0.104878 0.00967011
  0.248324  0.0178614 0.00967011   0.382927
IMAGINARY
          0   0.0166411   0.0019841 -0.00949292
 -0.0166411           0  -0.0176281 -0.00597346
 -0.0019841   0.0176281           0 -0.00600276
 0.00949292  0.00597346  0.00600276           0
EndNode2[0]<--->HoM1[0]
REAL
    0.421182  -0.00406531  0.000849914     0.270149
 -0.00406531    0.0960591    0.0276653    -0.013145
 0.000849914    0.0276653     0.105911 -3.30513e-05
    0.270149    -0.013145 -3.30513e-05     0.376847
IMAGINARY
          0  -0.0254586  -0.0048692 -0.00294781
  0.0254586           0   0.0176177 -0.00101316
  0.0048692  -0.0176177           0   0.0221907
 0.00294781  0.00101316  -0.0221907           0
Repeater1[0]<--->EndNode1[0]
REAL
  0.395122  0.0269053  0.0174421   0.248324
 0.0269053   0.104878  0.0448665 0.00967011
 0.0174421  0.0448665   0.117073  0.0178614
  0.248324 0.00967011  0.0178614   0.382927
IMAGINARY
          0   0.0019841   0.0166411 -0.00949292
 -0.0019841           0   0.0176281 -0.00600276
 -0.0166411  -0.0176281           0 -0.00597346
 0.00949292  0.00600276  0.00597346           0
Repeater1[0]<--->HoM1[0]
REAL
    0.421182  0.000849914  -0.00406531     0.270149
 0.000849914     0.105911    0.0276653 -3.30513e-05
 -0.00406531    0.0276653    0.0960591    -0.013145
    0.270149 -3.30513e-05    -0.013145     0.376847
IMAGINARY
          0  -0.0048692  -0.0254586 -0.00294781
  0.0048692           0  -0.0176177   0.0221907
  0.0254586   0.0176177           0 -0.00101316
 0.00294781  -0.0221907  0.00101316           0
EndNode1[0]<--->Repeater1[0]
REAL
   0.397078  0.00775545 -0.00828263     0.23887
 0.00775545   0.0942895   0.0137755 -0.00891314
-0.00828263   0.0137755     0.11421   -0.015692
    0.23887 -0.00891314   -0.015692    0.394422
IMAGINARY
           0  0.000730376   0.00470681   0.00521713
-0.000730376            0  -0.00969856  -0.00029319
 -0.00470681   0.00969856            0    0.0125105
 -0.00521713   0.00029319   -0.0125105            0
EndNode2[0]<--->HoM1[0]
REAL
   0.43617 -0.0150861  0.0114593   0.246223
-0.0150861  0.0837766  0.0232066 -0.0192313
 0.0114593  0.0232066   0.107713  0.0202674
  0.246223 -0.0192313  0.0202674    0.37234
IMAGINARY
          0 -0.00822753 -0.00825773   0.0109512
 0.00822753           0  -0.0103392   0.0167103
 0.00825773   0.0103392           0  0.00887773
 -0.0109512  -0.0167103 -0.00887773           0
Repeater1[0]<--->EndNode1[0]
REAL
   0.397078 -0.00828263  0.00775545     0.23887
-0.00828263     0.11421   0.0137755   -0.015692
 0.00775545   0.0137755   0.0942895 -0.00891314
    0.23887   -0.015692 -0.00891314    0.394422
IMAGINARY
           0   0.00470681  0.000730376   0.00521713
 -0.00470681            0   0.00969856    0.0125105
-0.000730376  -0.00969856            0  -0.00029319
 -0.00521713   -0.0125105   0.00029319            0
Repeater1[0]<--->HoM1[0]
REAL
   0.43617  0.0114593 -0.0150861   0.246223
 0.0114593   0.107713  0.0232066  0.0202674
-0.0150861  0.0232066  0.0837766 -0.0192313
  0.246223  0.0202674 -0.0192313    0.37234
IMAGINARY
          0 -0.00825773 -0.00822753   0.0109512
 0.00825773           0   0.0103392  0.00887773
 0.00822753  -0.0103392           0   0.0167103
 -0.0109512 -0.00887773  -0.0167103           0
EndNode1[0]<--->Repeater1[0]
REAL
  0.406824 -0.0055533  -0.023457    0.24884
-0.0055533   0.102362  0.0176437 -0.0150045
 -0.023457  0.0176437   0.103675  -0.019172
   0.24884 -0.0150045  -0.019172   0.387139
IMAGINARY
           0   0.00693568  0.000318231  -0.00877881
 -0.00693568            0   -0.0132261   -0.0132652
-0.000318231    0.0132261            0  -0.00138698
  0.00877881    0.0132652   0.00138698            0
EndNode2[0]<--->HoM1[0]
REAL
   0.401062 0.000552142 -0.00350159    0.264441
0.000552142    0.108898   0.0320846   0.0171492
-0.00350159   0.0320846    0.103586  0.00316994
   0.264441   0.0171492  0.00316994    0.386454
IMAGINARY
          0 -0.00330895  0.00240463  -0.0285064
 0.00330895           0  -0.0166016  -0.0097282
-0.00240463   0.0166016           0   0.0172903
  0.0285064   0.0097282  -0.0172903           0
Repeater1[0]<--->EndNode1[0]
REAL
  0.406824  -0.023457 -0.0055533    0.24884
 -0.023457   0.103675  0.0176437  -0.019172
-0.0055533  0.0176437   0.102362 -0.0150045
   0.24884  -0.019172 -0.0150045   0.387139
IMAGINARY
           0  0.000318231   0.00693568  -0.00877881
-0.000318231            0    0.0132261  -0.00138698
 -0.00693568   -0.0132261            0   -0.0132652
  0.00877881   0.00138698    0.0132652            0
Repeater1[0]<--->HoM1[0]
REAL
   0.401062 -0.00350159 0.000552142    0.264441
-0.00350159    0.103586   0.0320846  0.00316994
0.000552142   0.0320846    0.108898   0.0171492
   0.264441  0.00316994   0.0171492    0.386454
IMAGINARY
          0  0.00240463 -0.00330895  -0.0285064
-0.00240463           0   0.0166016   0.0172903
 0.00330895  -0.0166016           0  -0.0097282
  0.0285064  -0.0172903   0.0097282           0
EndNode1[0]<--->Repeater1[0]
REAL
   0.390875 -0.00576426 -0.00806797    0.268614
-0.00576426     0.11344   0.0377963  0.00422181
-0.00806797   0.0377963    0.119605 -0.00705625
   0.268614  0.00422181 -0.00705625    0.376079
IMAGINARY
           0   0.00510587  0.000449981   -0.0037732
 -0.00510587            0   -0.0304908    0.0114997
-0.000449981    0.0304908            0  0.000554506
   0.0037732   -0.0114997 -0.000554506            0
EndNode2[0]<--->HoM1[0]
REAL
   0.398448 0.000398136 -0.00200727    0.261361
0.000398136   0.0970246   0.0272785 -0.00525825
-0.00200727   0.0272785   0.0905563 -0.00237964
   0.261361 -0.00525825 -0.00237964    0.413972
IMAGINARY
          0  -0.0119694  0.00918483  0.00472071
  0.0119694           0   0.0114858 -0.00356685
-0.00918483  -0.0114858           0  0.00260606
-0.00472071  0.00356685 -0.00260606           0
Repeater1[0]<--->EndNode1[0]
REAL
   0.390875 -0.00806797 -0.00576426    0.268614
-0.00806797    0.119605   0.0377963 -0.00705625
-0.00576426   0.0377963     0.11344  0.00422181
   0.268614 -0.00705625  0.00422181    0.376079
IMAGINARY
           0  0.000449981   0.00510587   -0.0037732
-0.000449981            0    0.0304908  0.000554506
 -0.00510587   -0.0304908            0    0.0114997
   0.0037732 -0.000554506   -0.0114997            0
Repeater1[0]<--->HoM1[0]
REAL
   0.398448 -0.00200727 0.000398136    0.261361
-0.00200727   0.0905563   0.0272785 -0.00237964
0.000398136   0.0272785   0.0970246 -0.00525825
   0.261361 -0.00237964 -0.00525825    0.413972
IMAGINARY
          0  0.00918483  -0.0119694  0.00472071
-0.00918483           0  -0.0114858  0.00260606
  0.0119694   0.0114858           0 -0.00356685
-0.00472071 -0.00260606  0.00356685           0
EndNode1[0]<--->Repeater1[0]
REAL
   0.375489 -0.00819333  0.00831981    0.249989
-0.00819333    0.126467   0.0295592  0.00960847
 0.00831981   0.0295592   0.0899609   0.0154974
   0.249989  0.00960847   0.0154974    0.408083
IMAGINARY
           0  -0.00627357   0.00154647   0.00175332
  0.00627357            0   0.00938691   0.00621936
 -0.00154647  -0.00938691            0  0.000897226
 -0.00175332  -0.00621936 -0.000897226            0
EndNode2[0]<--->HoM1[0]
REAL
    0.39599  -0.0155473 -0.00546543    0.252413
 -0.0155473     0.12406   0.0449384   0.0101012
-0.00546543   0.0449384    0.102757  -0.0129295
   0.252413   0.0101012  -0.0129295    0.377193
IMAGINARY
           0   -0.0235879    0.0212097   0.00409581
   0.0235879            0 -0.000219845   -0.0109004
  -0.0212097  0.000219845            0   0.00683535
 -0.00409581    0.0109004  -0.00683535            0
Repeater1[0]<--->EndNode1[0]
REAL
   0.375489  0.00831981 -0.00819333    0.249989
 0.00831981   0.0899609   0.0295592   0.0154974
-0.00819333   0.0295592    0.126467  0.00960847
   0.249989   0.0154974  0.00960847    0.408083
IMAGINARY
           0   0.00154647  -0.00627357   0.00175332
 -0.00154647            0  -0.00938691  0.000897226
  0.00627357   0.00938691            0   0.00621936
 -0.00175332 -0.000897226  -0.00621936            0
Repeater1[0]<--->HoM1[0]
REAL
    0.39599 -0.00546543  -0.0155473    0.252413
-0.00546543    0.102757   0.0449384  -0.0129295
 -0.0155473   0.0449384     0.12406   0.0101012
   0.252413  -0.0129295   0.0101012    0.377193
IMAGINARY
           0    0.0212097   -0.0235879   0.00409581
  -0.0212097            0  0.000219845   0.00683535
   0.0235879 -0.000219845            0   -0.0109004
 -0.00409581  -0.00683535    0.0109004            0
EndNode1[0]<--->Repeater1[0]
REAL
    0.385787   -0.0108518 -0.000530893     0.253258
  -0.0108518     0.112944    0.0117697    0.0155582
-0.000530893    0.0117697      0.10533   -0.0151045
    0.253258    0.0155582   -0.0151045     0.395939
IMAGINARY
          0 -0.00631184  0.00886552 -0.00330131
 0.00631184           0  -0.0196948   0.0132026
-0.00886552   0.0196948           0  -0.0195394
 0.00330131  -0.0132026   0.0195394           0
EndNode2[0]<--->HoM1[0]
REAL
   0.402299  0.00718713 -0.00833893    0.263755
 0.00718713    0.100894   0.0422525  0.00646158
-0.00833893   0.0422525   0.0945083   0.0021996
   0.263755  0.00646158   0.0021996    0.402299
IMAGINARY
          0  -0.0323439 -0.00940253   0.0121431
  0.0323439           0  -0.0341069   0.0081072
 0.00940253   0.0341069           0  0.00643721
 -0.0121431  -0.0081072 -0.00643721           0
Repeater1[0]<--->EndNode1[0]
REAL
    0.385787 -0.000530893   -0.0108518     0.253258
-0.000530893      0.10533    0.0117697   -0.0151045
  -0.0108518    0.0117697     0.112944    0.0155582
    0.253258   -0.0151045    0.0155582     0.395939
IMAGINARY
          0  0.00886552 -0.00631184 -0.00330131
-0.00886552           0   0.0196948  -0.0195394
 0.00631184  -0.0196948           0   0.0132026
 0.00330131   0.0195394  -0.0132026           0
Repeater1[0]<--->HoM1[0]
REAL
   0.402299 -0.00833893  0.00718713    0.263755
-0.00833893   0.0945083   0.0422525   0.0021996
 0.00718713   0.0422525    0.100894  0.00646158
   0.263755   0.0021996  0.00646158    0.402299
IMAGINARY
          0 -0.00940253  -0.0323439   0.0121431
 0.00940253           0   0.0341069  0.00643721
  0.0323439  -0.0341069           0   0.0081072
 -0.0121431 -0.00643721  -0.0081072           0
EndNode1[0]<--->Repeater1[0]
REAL
    0.42602 -0.00727035   0.0206128     0.25521
-0.00727035   0.0905612   0.0357582 -0.00448375
  0.0206128   0.0357582   0.0969388   0.0104962
    0.25521 -0.00448375   0.0104962     0.38648
IMAGINARY
          0    0.020516  -0.0134145  0.00994891
  -0.020516           0   0.0105639  0.00343944
  0.0134145  -0.0105639           0   0.0081623
-0.00994891 -0.00343944  -0.0081623           0
EndNode2[0]<--->HoM1[0]
REAL
     0.39359    -0.012738 -0.000658578     0.266233
   -0.012738     0.111538    0.0159327   -0.0101694
-0.000658578    0.0159327     0.102564   -0.0121027
    0.266233   -0.0101694   -0.0121027     0.392308
IMAGINARY
          0  0.00280719  0.00737073  0.00236457
-0.00280719           0   0.0139327   0.0112367
-0.00737073  -0.0139327           0  -0.0262166
-0.00236457  -0.0112367   0.0262166           0
Repeater1[0]<--->EndNode1[0]
REAL
    0.42602   0.0206128 -0.00727035     0.25521
  0.0206128   0.0969388   0.0357582   0.0104962
-0.00727035   0.0357582   0.0905612 -0.00448375
    0.25521   0.0104962 -0.00448375     0.38648
IMAGINARY
          0  -0.0134145    0.020516  0.00994891
  0.0134145           0  -0.0105639   0.0081623
  -0.020516   0.0105639           0  0.00343944
-0.00994891  -0.0081623 -0.00343944           0
Repeater1[0]<--->HoM1[0]
REAL
     0.39359 -0.000658578    -0.012738     0.266233
-0.000658578     0.102564    0.0159327   -0.0121027
   -0.012738    0.0159327     0.111538   -0.0101694
    0.266233   -0.0121027   -0.0101694     0.392308
IMAGINARY
          0  0.00737073  0.00280719  0.00236457
-0.00737073           0  -0.0139327  -0.0262166
-0.00280719   0.0139327           0   0.0112367
-0.00236457   0.0262166  -0.0112367           0
EndNode1[0]<--->Repeater1[0]
REAL
   0.415243  -0.0012631 -0.00858021    0.268887
 -0.0012631    0.131406   0.0242601 -0.00537918
-0.00858021   0.0242601   0.0972405  0.00633924
   0.268887 -0.00537918  0.00633924     0.35611
IMAGINARY
           0  4.78491e-05    0.0267008   0.00841105
-4.78491e-05            0  -0.00970975   0.00553683
  -0.0267008   0.00970975            0  -0.00194418
 -0.00841105  -0.00553683   0.00194418            0
EndNode2[0]<--->HoM1[0]
REAL
   0.376904 -0.00091652  0.00166371     0.25366
-0.00091652   0.0977157   0.0116457  0.00981588
 0.00166371   0.0116457    0.114213   0.0200492
    0.25366  0.00981588   0.0200492    0.411168
IMAGINARY
          0 -0.00734072 -0.00314131   0.0117184
 0.00734072           0  -0.0194504   0.0154263
 0.00314131   0.0194504           0   0.0122547
 -0.0117184  -0.0154263  -0.0122547           0
Repeater1[0]<--->EndNode1[0]
REAL
   0.415243 -0.00858021  -0.0012631    0.268887
-0.00858021   0.0972405   0.0242601  0.00633924
 -0.0012631   0.0242601    0.131406 -0.00537918
   0.268887  0.00633924 -0.00537918     0.35611
IMAGINARY
           0    0.0267008  4.78491e-05   0.00841105
  -0.0267008            0   0.00970975  -0.00194418
-4.78491e-05  -0.00970975            0   0.00553683
 -0.00841105   0.00194418  -0.00553683            0
Repeater1[0]<--->HoM1[0]
REAL
   0.376904  0.00166371 -0.00091652     0.25366
 0.00166371    0.114213   0.0116457   0.0200492
-0.00091652   0.0116457   0.0977157  0.00981588
    0.25366   0.0200492  0.00981588    0.411168
IMAGINARY
          0 -0.00314131 -0.00734072   0.0117184
 0.00314131           0   0.0194504   0.0122547
 0.00734072  -0.0194504           0   0.0154263
 -0.0117184  -0.0122547  -0.0154263           0
EndNode1[0]<--->Repeater1[0]
REAL
   0.390306 -0.00583752  0.00789474    0.238464
-0.00583752       0.125    0.028375 -0.00789474
 0.00789474    0.028375   0.0816327 -0.00452518
   0.238464 -0.00789474 -0.00452518    0.403061
IMAGINARY
           0 -0.000852507    0.0123481    0.0186525
 0.000852507            0   -0.0147665   -0.0244809
  -0.0123481    0.0147665            0    0.0321424
  -0.0186525    0.0244809   -0.0321424            0
EndNode2[0]<--->HoM1[0]
REAL
    0.39899    0.013153 -0.00661217    0.258497
   0.013153   0.0896465   0.0511478   0.0167645
-0.00661217   0.0511478    0.084596  -0.0233053
   0.258497   0.0167645  -0.0233053    0.426768
IMAGINARY
           0   0.00425351   0.00789339    0.0116659
 -0.00425351            0  0.000466938  -0.00133171
 -0.00789339 -0.000466938            0  -0.00162884
  -0.0116659   0.00133171   0.00162884            0
Repeater1[0]<--->EndNode1[0]
REAL
   0.390306  0.00789474 -0.00583752    0.238464
 0.00789474   0.0816327    0.028375 -0.00452518
-0.00583752    0.028375       0.125 -0.00789474
   0.238464 -0.00452518 -0.00789474    0.403061
IMAGINARY
           0    0.0123481 -0.000852507    0.0186525
  -0.0123481            0    0.0147665    0.0321424
 0.000852507   -0.0147665            0   -0.0244809
  -0.0186525   -0.0321424    0.0244809            0
Repeater1[0]<--->HoM1[0]
REAL
    0.39899 -0.00661217    0.013153    0.258497
-0.00661217    0.084596   0.0511478  -0.0233053
   0.013153   0.0511478   0.0896465   0.0167645
   0.258497  -0.0233053   0.0167645    0.426768
IMAGINARY
           0   0.00789339   0.00425351    0.0116659
 -0.00789339            0 -0.000466938  -0.00162884
 -0.00425351  0.000466938            0  -0.00133171
  -0.0116659   0.00162884   0.00133171            0
EndNode1[0]<--->Repeater1[0]
REAL
   0.419554   -0.012781  0.00248139    0.264328
  -0.012781   0.0965347   0.0273383 -0.00248139
 0.00248139   0.0273383    0.110149   0.0383186
   0.264328 -0.00248139   0.0383186    0.373762
IMAGINARY
          0    0.007173 -0.00627743  -0.0139875
  -0.007173           0  -0.0113137 -0.00145815
 0.00627743   0.0113137           0  -0.0261603
  0.0139875  0.00145815   0.0261603           0
EndNode2[0]<--->HoM1[0]
REAL
     0.42401  -0.00609471   -0.0056138     0.260491
 -0.00609471     0.113665    0.0275141  -0.00624115
  -0.0056138    0.0275141    0.0996169 -0.000181439
    0.260491  -0.00624115 -0.000181439     0.362708
IMAGINARY
          0  0.00527779  -0.0149966 -0.00468905
-0.00527779           0  0.00787376  0.00898861
  0.0149966 -0.00787376           0  0.00340045
 0.00468905 -0.00898861 -0.00340045           0
Repeater1[0]<--->EndNode1[0]
REAL
   0.419554  0.00248139   -0.012781    0.264328
 0.00248139    0.110149   0.0273383   0.0383186
  -0.012781   0.0273383   0.0965347 -0.00248139
   0.264328   0.0383186 -0.00248139    0.373762
IMAGINARY
          0 -0.00627743    0.007173  -0.0139875
 0.00627743           0   0.0113137  -0.0261603
  -0.007173  -0.0113137           0 -0.00145815
  0.0139875   0.0261603  0.00145815           0
Repeater1[0]<--->HoM1[0]
REAL
     0.42401   -0.0056138  -0.00609471     0.260491
  -0.0056138    0.0996169    0.0275141 -0.000181439
 -0.00609471    0.0275141     0.113665  -0.00624115
    0.260491 -0.000181439  -0.00624115     0.362708
IMAGINARY
          0  -0.0149966  0.00527779 -0.00468905
  0.0149966           0 -0.00787376  0.00340045
-0.00527779  0.00787376           0  0.00898861
 0.00468905 -0.00340045 -0.00898861           0
EndNode1[0]<--->Repeater1[0]
REAL
    0.374177   -0.0114155 -3.62287e-06     0.266372
  -0.0114155      0.11726    0.0409059  -0.00269179
-3.62287e-06    0.0409059     0.119895   0.00737238
    0.266372  -0.00269179   0.00737238     0.388669
IMAGINARY
          0  -0.0158849   0.0378252  0.00271913
  0.0158849           0  -0.0117166   0.0124853
 -0.0378252   0.0117166           0  -0.0133076
-0.00271913  -0.0124853   0.0133076           0
EndNode2[0]<--->HoM1[0]
REAL
   0.405476 -0.00962602   0.0124346    0.254254
-0.00962602    0.104302   0.0344598  -0.0124346
  0.0124346   0.0344598    0.113429  0.00306434
   0.254254  -0.0124346  0.00306434    0.376793
IMAGINARY
           0  -0.00761664  -0.00838797  -0.00718027
  0.00761664            0 -2.81211e-05   0.00453193
  0.00838797  2.81211e-05            0    0.0037606
  0.00718027  -0.00453193   -0.0037606            0
Repeater1[0]<--->EndNode1[0]
REAL
    0.374177 -3.62287e-06   -0.0114155     0.266372
-3.62287e-06     0.119895    0.0409059   0.00737238
  -0.0114155    0.0409059      0.11726  -0.00269179
    0.266372   0.00737238  -0.00269179     0.388669
IMAGINARY
          0   0.0378252  -0.0158849  0.00271913
 -0.0378252           0   0.0117166  -0.0133076
  0.0158849  -0.0117166           0   0.0124853
-0.00271913   0.0133076  -0.0124853           0
Repeater1[0]<--->HoM1[0]
REAL
   0.405476   0.0124346 -0.00962602    0.254254
  0.0124346    0.113429   0.0344598  0.00306434
-0.00962602   0.0344598    0.104302  -0.0124346
   0.254254  0.00306434  -0.0124346    0.376793
IMAGINARY
           0  -0.00838797  -0.00761664  -0.00718027
  0.00838797            0  2.81211e-05    0.0037606
  0.00761664 -2.81211e-05            0   0.00453193
  0.00718027   -0.0037606  -0.00453193            0
EndNode1[0]<--->Repeater1[0]
REAL
   0.387985   0.0070346   0.0107596    0.242207
  0.0070346    0.113892   0.0326957 -0.00752542
  0.0107596   0.0326957    0.110138   0.0194855
   0.242207 -0.00752542   0.0194855    0.387985
IMAGINARY
          0   0.0160868  -0.0254702  -0.0177612
 -0.0160868           0   0.0010945 -0.00666347
  0.0254702  -0.0010945           0  0.00833483
  0.0177612  0.00666347 -0.00833483           0
EndNode2[0]<--->HoM1[0]
REAL
        0.4  -0.0130805  -0.0237195    0.267378
 -0.0130805         0.1   0.0328866 -0.00670379
 -0.0237195   0.0328866   0.0975309 -0.00279248
   0.267378 -0.00670379 -0.00279248    0.402469
IMAGINARY
          0  3.7692e-05 -0.00388657  -0.0121574
-3.7692e-05           0  -0.0115268   0.0150528
 0.00388657   0.0115268           0 -0.00375978
  0.0121574  -0.0150528  0.00375978           0
Repeater1[0]<--->EndNode1[0]
REAL
   0.387985   0.0107596   0.0070346    0.242207
  0.0107596    0.110138   0.0326957   0.0194855
  0.0070346   0.0326957    0.113892 -0.00752542
   0.242207   0.0194855 -0.00752542    0.387985
IMAGINARY
          0  -0.0254702   0.0160868  -0.0177612
  0.0254702           0  -0.0010945  0.00833483
 -0.0160868   0.0010945           0 -0.00666347
  0.0177612 -0.00833483  0.00666347           0
Repeater1[0]<--->HoM1[0]
REAL
        0.4  -0.0237195  -0.0130805    0.267378
 -0.0237195   0.0975309   0.0328866 -0.00279248
 -0.0130805   0.0328866         0.1 -0.00670379
   0.267378 -0.00279248 -0.00670379    0.402469
IMAGINARY
          0 -0.00388657  3.7692e-05  -0.0121574
 0.00388657           0   0.0115268 -0.00375978
-3.7692e-05  -0.0115268           0   0.0150528
  0.0121574  0.00375978  -0.0150528           0
EndNode1[0]<--->Repeater1[0]
REAL
   0.419948  0.00395863  0.00858879    0.242806
 0.00395863    0.106299   0.0272334 -0.00136146
 0.00858879   0.0272334     0.10105 -0.00855784
   0.242806 -0.00136146 -0.00855784    0.372703
IMAGINARY
           0  -0.00577746   0.00361318   -0.0144407
  0.00577746            0 -0.000374159  -0.00683068
 -0.00361318  0.000374159            0   0.00513396
   0.0144407   0.00683068  -0.00513396            0
EndNode2[0]<--->HoM1[0]
REAL
   0.435864 -0.00222111  -0.0239881    0.252272
-0.00222111    0.102094    0.015289 -0.00219324
 -0.0239881    0.015289    0.108639  -0.0239602
   0.252272 -0.00219324  -0.0239602    0.353403
IMAGINARY
          0  -0.0189155     -0.0108   0.0161847
  0.0189155           0   -0.025159  0.00612709
     0.0108    0.025159           0   0.0115723
 -0.0161847 -0.00612709  -0.0115723           0
Repeater1[0]<--->EndNode1[0]
REAL
   0.419948  0.00858879  0.00395863    0.242806
 0.00858879     0.10105   0.0272334 -0.00855784
 0.00395863   0.0272334    0.106299 -0.00136146
   0.242806 -0.00855784 -0.00136146    0.372703
IMAGINARY
           0   0.00361318  -0.00577746   -0.0144407
 -0.00361318            0  0.000374159   0.00513396
  0.00577746 -0.000374159            0  -0.00683068
   0.0144407  -0.00513396   0.00683068            0
Repeater1[0]<--->HoM1[0]
REAL
   0.435864  -0.0239881 -0.00222111    0.252272
 -0.0239881    0.108639    0.015289  -0.0239602
-0.00222111    0.015289    0.102094 -0.00219324
   0.252272  -0.0239602 -0.00219324    0.353403
IMAGINARY
          0     -0.0108  -0.0189155   0.0161847
     0.0108           0    0.025159   0.0115723
  0.0189155   -0.025159           0  0.00612709
 -0.0161847  -0.0115723 -0.00612709           0
EndNode1[0]<--->Repeater1[0]
REAL
  0.383721 -0.0104106 -0.0206648   0.248801
-0.0104106   0.111111  0.0169648  0.0110123
-0.0206648  0.0169648  0.0878553 -0.0172599
  0.248801  0.0110123 -0.0172599   0.417313
IMAGINARY
          0   0.0178837  -0.0258788 -0.00265275
 -0.0178837           0  0.00842939  0.00144018
  0.0258788 -0.00842939           0  0.00523388
 0.00265275 -0.00144018 -0.00523388           0
EndNode2[0]<--->HoM1[0]
REAL
   0.390625   0.0025289 -0.00635872    0.262844
  0.0025289     0.10026   0.0361514  0.00133359
-0.00635872   0.0361514    0.101562   0.0200842
   0.262844  0.00133359   0.0200842    0.407552
IMAGINARY
          0  0.00733541  0.00819802  -0.0145215
-0.00733541           0  0.00581507  0.00010338
-0.00819802 -0.00581507           0  -0.0054197
  0.0145215 -0.00010338   0.0054197           0
Repeater1[0]<--->EndNode1[0]
REAL
  0.383721 -0.0206648 -0.0104106   0.248801
-0.0206648  0.0878553  0.0169648 -0.0172599
-0.0104106  0.0169648   0.111111  0.0110123
  0.248801 -0.0172599  0.0110123   0.417313
IMAGINARY
          0  -0.0258788   0.0178837 -0.00265275
  0.0258788           0 -0.00842939  0.00523388
 -0.0178837  0.00842939           0  0.00144018
 0.00265275 -0.00523388 -0.00144018           0
Repeater1[0]<--->HoM1[0]
REAL
   0.390625 -0.00635872   0.0025289    0.262844
-0.00635872    0.101562   0.0361514   0.0200842
  0.0025289   0.0361514     0.10026  0.00133359
   0.262844   0.0200842  0.00133359    0.407552
IMAGINARY
          0  0.00819802  0.00733541  -0.0145215
-0.00819802           0 -0.00581507  -0.0054197
-0.00733541  0.00581507           0  0.00010338
  0.0145215   0.0054197 -0.00010338           0
EndNode1[0]<--->Repeater1[0]
REAL
    0.38401 -0.00156226 -0.00133818    0.258931
-0.00156226    0.116645   0.0237885  -0.0170862
-0.00133818   0.0237885    0.103539 -0.00288501
   0.258931  -0.0170862 -0.00288501    0.395806
IMAGINARY
           0    0.0105852    0.0169748   -0.0112797
  -0.0105852            0   -0.0106227 -0.000178941
  -0.0169748    0.0106227            0   0.00750262
   0.0112797  0.000178941  -0.00750262            0
EndNode2[0]<--->HoM1[0]
REAL
   0.391842    0.047754   0.0156251    0.230226
   0.047754   0.0889988   0.0387089   0.0248114
  0.0156251   0.0387089    0.118665 -0.00218277
   0.230226   0.0248114 -0.00218277    0.400494
IMAGINARY
          0   0.0128393   0.0152491   0.0113315
 -0.0128393           0 -0.00675635  -0.0088224
 -0.0152491  0.00675635           0 -0.00127115
 -0.0113315   0.0088224  0.00127115           0
Repeater1[0]<--->EndNode1[0]
REAL
    0.38401 -0.00133818 -0.00156226    0.258931
-0.00133818    0.103539   0.0237885 -0.00288501
-0.00156226   0.0237885    0.116645  -0.0170862
   0.258931 -0.00288501  -0.0170862    0.395806
IMAGINARY
           0    0.0169748    0.0105852   -0.0112797
  -0.0169748            0    0.0106227   0.00750262
  -0.0105852   -0.0106227            0 -0.000178941
   0.0112797  -0.00750262  0.000178941            0
Repeater1[0]<--->HoM1[0]
REAL
   0.391842   0.0156251    0.047754    0.230226
  0.0156251    0.118665   0.0387089 -0.00218277
   0.047754   0.0387089   0.0889988   0.0248114
   0.230226 -0.00218277   0.0248114    0.400494
IMAGINARY
          0   0.0152491   0.0128393   0.0113315
 -0.0152491           0  0.00675635 -0.00127115
 -0.0128393 -0.00675635           0  -0.0088224
 -0.0113315  0.00127115   0.0088224           0
EndNode1[0]<--->Repeater1[0]
REAL
  0.365633 -0.0146974 -0.0019267   0.258386
-0.0146974   0.111111  0.0295723 -0.0059267
-0.0019267  0.0295723   0.111111 -0.0167162
  0.258386 -0.0059267 -0.0167162   0.412145
IMAGINARY
          0   0.0170956    -0.01358   0.0340768
 -0.0170956           0   0.0148699 -0.00700108
    0.01358  -0.0148699           0  -0.0134636
 -0.0340768  0.00700108   0.0134636           0
EndNode2[0]<--->HoM1[0]
REAL
  0.413072   0.023919 -0.0126273   0.274309
  0.023919   0.121569   0.043636 0.00547511
-0.0126273   0.043636  0.0875817  0.0157429
  0.274309 0.00547511  0.0157429   0.377778
IMAGINARY
          0  0.00420352   0.0103983   -0.016825
-0.00420352           0  0.00724649  -0.0253608
 -0.0103983 -0.00724649           0 -0.00170975
   0.016825   0.0253608  0.00170975           0
Repeater1[0]<--->EndNode1[0]
REAL
  0.365633 -0.0019267 -0.0146974   0.258386
-0.0019267   0.111111  0.0295723 -0.0167162
-0.0146974  0.0295723   0.111111 -0.0059267
  0.258386 -0.0167162 -0.0059267   0.412145
IMAGINARY
          0    -0.01358   0.0170956   0.0340768
    0.01358           0  -0.0148699  -0.0134636
 -0.0170956   0.0148699           0 -0.00700108
 -0.0340768   0.0134636  0.00700108           0
Repeater1[0]<--->HoM1[0]
REAL
  0.413072 -0.0126273   0.023919   0.274309
-0.0126273  0.0875817   0.043636  0.0157429
  0.023919   0.043636   0.121569 0.00547511
  0.274309  0.0157429 0.00547511   0.377778
IMAGINARY
          0   0.0103983  0.00420352   -0.016825
 -0.0103983           0 -0.00724649 -0.00170975
-0.00420352  0.00724649           0  -0.0253608
   0.016825  0.00170975   0.0253608           0
EndNode1[0]<--->Repeater1[0]
REAL
    0.371968   0.00458396   0.00895848     0.265771
  0.00458396     0.122642     0.022616 -0.000571382
  0.00895848     0.022616     0.125337   0.00896443
    0.265771 -0.000571382   0.00896443     0.380054
IMAGINARY
           0   0.00226748   -0.0186405   -0.0127678
 -0.00226748            0   -0.0300517       0.0219
   0.0186405    0.0300517            0  0.000991971
   0.0127678      -0.0219 -0.000991971            0
EndNode2[0]<--->HoM1[0]
REAL
     0.3867  0.00294621 -0.00235655    0.253526
 0.00294621    0.105911   0.0227572  0.00724652
-0.00235655   0.0227572   0.0985222   0.0129462
   0.253526  0.00724652   0.0129462    0.408867
IMAGINARY
           0  -0.00420371   -0.0125273  -0.00396457
  0.00420371            0 -7.85582e-05  -0.00120901
   0.0125273  7.85582e-05            0    0.0234345
  0.00396457   0.00120901   -0.0234345            0
Repeater1[0]<--->EndNode1[0]
REAL
    0.371968   0.00895848   0.00458396     0.265771
  0.00895848     0.125337     0.022616   0.00896443
  0.00458396     0.022616     0.122642 -0.000571382
    0.265771   0.00896443 -0.000571382     0.380054
IMAGINARY
           0   -0.0186405   0.00226748   -0.0127678
   0.0186405            0    0.0300517  0.000991971
 -0.00226748   -0.0300517            0       0.0219
   0.0127678 -0.000991971      -0.0219            0
Repeater1[0]<--->HoM1[0]
REAL
     0.3867 -0.00235655  0.00294621    0.253526
-0.00235655   0.0985222   0.0227572   0.0129462
 0.00294621   0.0227572    0.105911  0.00724652
   0.253526   0.0129462  0.00724652    0.408867
IMAGINARY
           0   -0.0125273  -0.00420371  -0.00396457
   0.0125273            0  7.85582e-05    0.0234345
  0.00420371 -7.85582e-05            0  -0.00120901
  0.00396457   -0.0234345   0.00120901            0
EndNode1[0]<--->Repeater1[0]
REAL
  0.383838 -0.0166598 -0.0129241   0.260785
-0.0166598   0.106061  0.0325927  0.0135864
-0.0129241  0.0325927   0.117424 0.00142803
  0.260785  0.0135864 0.00142803   0.392677
IMAGINARY
           0  2.14141e-05   -0.0043721    -0.001972
-2.14141e-05            0   0.00066652   0.00753266
   0.0043721  -0.00066652            0   0.00566759
    0.001972  -0.00753266  -0.00566759            0
EndNode2[0]<--->HoM1[0]
REAL
   0.389513  0.00371998 -0.00103711    0.264467
 0.00371998    0.116105   0.0433254   0.0179202
-0.00103711   0.0433254    0.101124   0.0157605
   0.264467   0.0179202   0.0157605    0.393258
IMAGINARY
          0 -0.00306677   0.0063338  0.00457671
 0.00306677           0  0.00800607   0.0124729
 -0.0063338 -0.00800607           0 -0.00925489
-0.00457671  -0.0124729  0.00925489           0
Repeater1[0]<--->EndNode1[0]
REAL
  0.383838 -0.0129241 -0.0166598   0.260785
-0.0129241   0.117424  0.0325927 0.00142803
-0.0166598  0.0325927   0.106061  0.0135864
  0.260785 0.00142803  0.0135864   0.392677
IMAGINARY
           0   -0.0043721  2.14141e-05    -0.001972
   0.0043721            0  -0.00066652   0.00566759
-2.14141e-05   0.00066652            0   0.00753266
    0.001972  -0.00566759  -0.00753266            0
Repeater1[0]<--->HoM1[0]
REAL
   0.389513 -0.00103711  0.00371998    0.264467
-0.00103711    0.101124   0.0433254   0.0157605
 0.00371998   0.0433254    0.116105   0.0179202
   0.264467   0.0157605   0.0179202    0.393258
IMAGINARY
          0   0.0063338 -0.00306677  0.00457671
 -0.0063338           0 -0.00800607 -0.00925489
 0.00306677  0.00800607           0   0.0124729
-0.00457671  0.00925489  -0.0124729           0
EndNode1[0]<--->Repeater1[0]
REAL
   0.39923 -0.0243313 -0.0129184   0.253354
-0.0243313   0.124519  0.0172995 -0.0049608
-0.0129184  0.0172995  0.0898588 0.00151993
  0.253354 -0.0049608 0.00151993   0.386393
IMAGINARY
          0 -0.00638494    0.010587 -0.00737925
 0.00638494           0 -0.00421869  -0.0112673
  -0.010587  0.00421869           0   0.0233917
 0.00737925   0.0112673  -0.0233917           0
EndNode2[0]<--->HoM1[0]
REAL
    0.404908   -0.0105578  -0.00289756     0.269448
  -0.0105578    0.0957055     0.040565    0.0073905
 -0.00289756     0.040565     0.100613 -0.000353672
    0.269448    0.0073905 -0.000353672     0.398773
IMAGINARY
          0   0.0106288  0.00937289  0.00962883
 -0.0106288           0 -0.00567105  0.00561349
-0.00937289  0.00567105           0   0.0029952
-0.00962883 -0.00561349  -0.0029952           0
Repeater1[0]<--->EndNode1[0]
REAL
   0.39923 -0.0129184 -0.0243313   0.253354
-0.0129184  0.0898588  0.0172995 0.00151993
-0.0243313  0.0172995   0.124519 -0.0049608
  0.253354 0.00151993 -0.0049608   0.386393
IMAGINARY
          0    0.010587 -0.00638494 -0.00737925
  -0.010587           0  0.00421869   0.0233917
 0.00638494 -0.00421869           0  -0.0112673
 0.00737925  -0.0233917   0.0112673           0
Repeater1[0]<--->HoM1[0]
REAL
    0.404908  -0.00289756   -0.0105578     0.269448
 -0.00289756     0.100613     0.040565 -0.000353672
  -0.0105578     0.040565    0.0957055    0.0073905
    0.269448 -0.000353672    0.0073905     0.398773
IMAGINARY
          0  0.00937289   0.0106288  0.00962883
-0.00937289           0  0.00567105   0.0029952
 -0.0106288 -0.00567105           0  0.00561349
-0.00962883  -0.0029952 -0.00561349           0
EndNode1[0]<--->Repeater1[0]
REAL
   0.437086   0.0103578   0.0208477    0.266979
  0.0103578   0.0847682   0.0459328 -0.00437868
  0.0208477   0.0459328   0.0953642   0.0140164
   0.266979 -0.00437868   0.0140164    0.382781
IMAGINARY
          0 -0.00279014  -0.0120125   0.0176097
 0.00279014           0  -0.0297719  0.00640853
