EndNode1[0]<--->Repeater1[0]
REAL
    0.458886   -0.0103768  -0.00560596     0.341263
  -0.0103768    0.0371353 -0.000976565    0.0145452
 -0.00560596 -0.000976565    0.0344828    0.0240836
    0.341263    0.0145452    0.0240836     0.469496
IMAGINARY
           0  -0.00884057 -0.000536791   -0.0038658
  0.00884057            0   0.00513163    0.0145317
 0.000536791  -0.00513163            0   -0.0127879
   0.0038658   -0.0145317    0.0127879            0
EndNode2[0]<--->HoM1[0]
REAL
  0.474968 0.00158798 0.00278063   0.327616
0.00158798  0.0320924 0.00464991  0.0132245
0.00278063 0.00464991  0.0449294 0.00289346
  0.327616  0.0132245 0.00289346    0.44801
IMAGINARY
           0   0.00091113 -0.000212773    0.0245073
 -0.00091113            0  -0.00300943    0.0133707
 0.000212773   0.00300943            0  -0.00689199
  -0.0245073   -0.0133707   0.00689199            0
Repeater1[0]<--->EndNode1[0]
REAL
    0.458886  -0.00560596   -0.0103768     0.341263
 -0.00560596    0.0344828 -0.000976565    0.0240836
  -0.0103768 -0.000976565    0.0371353    0.0145452
    0.341263    0.0240836    0.0145452     0.469496
IMAGINARY
           0 -0.000536791  -0.00884057   -0.0038658
 0.000536791            0  -0.00513163   -0.0127879
  0.00884057   0.00513163            0    0.0145317
   0.0038658    0.0127879   -0.0145317            0
Repeater1[0]<--->HoM1[0]
REAL
  0.474968 0.00278063 0.00158798   0.327616
0.00278063  0.0449294 0.00464991 0.00289346
0.00158798 0.00464991  0.0320924  0.0132245
  0.327616 0.00289346  0.0132245    0.44801
IMAGINARY
           0 -0.000212773   0.00091113    0.0245073
 0.000212773            0   0.00300943  -0.00689199
 -0.00091113  -0.00300943            0    0.0133707
  -0.0245073   0.00689199   -0.0133707            0
EndNode1[0]<--->Repeater1[0]
REAL
  0.498744 0.00424448  0.0157477    0.33834
0.00424448   0.031407 0.00460492 -0.0102263
 0.0157477 0.00460492  0.0515075 0.00618497
   0.33834 -0.0102263 0.00618497   0.418342
IMAGINARY
          0 -0.00605812   0.0223492 -0.00577685
 0.00605812           0   0.0204045  -0.0018673
 -0.0223492  -0.0204045           0   0.0048533
 0.00577685   0.0018673  -0.0048533           0
EndNode2[0]<--->HoM1[0]
REAL
   0.444444 -0.00463598  -0.0118904    0.340121
-0.00463598   0.0499376   -0.006134  0.00862242
 -0.0118904   -0.006134    0.031211  0.00528958
   0.340121  0.00862242  0.00528958    0.474407
IMAGINARY
          0   0.0212599 -0.00691746   0.0046805
 -0.0212599           0   -0.017908 -0.00556611
 0.00691746    0.017908           0   0.0083065
 -0.0046805  0.00556611  -0.0083065           0
Repeater1[0]<--->EndNode1[0]
REAL
  0.498744  0.0157477 0.00424448    0.33834
 0.0157477  0.0515075 0.00460492 0.00618497
0.00424448 0.00460492   0.031407 -0.0102263
   0.33834 0.00618497 -0.0102263   0.418342
IMAGINARY
          0   0.0223492 -0.00605812 -0.00577685
 -0.0223492           0  -0.0204045   0.0048533
 0.00605812   0.0204045           0  -0.0018673
 0.00577685  -0.0048533   0.0018673           0
Repeater1[0]<--->HoM1[0]
REAL
   0.444444  -0.0118904 -0.00463598    0.340121
 -0.0118904    0.031211   -0.006134  0.00528958
-0.00463598   -0.006134   0.0499376  0.00862242
   0.340121  0.00528958  0.00862242    0.474407
IMAGINARY
          0 -0.00691746   0.0212599   0.0046805
 0.00691746           0    0.017908   0.0083065
 -0.0212599   -0.017908           0 -0.00556611
 -0.0046805  -0.0083065  0.00556611           0
EndNode1[0]<--->Repeater1[0]
REAL
   0.459727  0.00682382  -0.0132193    0.328832
 0.00682382   0.0309789  0.00018381  0.00544732
 -0.0132193  0.00018381   0.0359356 -0.00682382
   0.328832  0.00544732 -0.00682382    0.473358
IMAGINARY
          0  0.00534715   0.0226588 -0.00225092
-0.00534715           0  0.00984586  -0.0139573
 -0.0226588 -0.00984586           0 -0.00601649
 0.00225092   0.0139573  0.00601649           0
EndNode2[0]<--->HoM1[0]
REAL
  0.459799  0.0160062  0.0114975   0.316143
 0.0160062  0.0439698  0.0125017 0.00256896
 0.0114975  0.0125017  0.0452261 -0.0249576
  0.316143 0.00256896 -0.0249576   0.451005
IMAGINARY
           0   -0.0236565    0.0289635    0.0249543
   0.0236565            0   0.00633729    0.0224019
  -0.0289635  -0.00633729            0 -0.000400702
  -0.0249543   -0.0224019  0.000400702            0
Repeater1[0]<--->EndNode1[0]
REAL
   0.459727  -0.0132193  0.00682382    0.328832
 -0.0132193   0.0359356  0.00018381 -0.00682382
 0.00682382  0.00018381   0.0309789  0.00544732
   0.328832 -0.00682382  0.00544732    0.473358
IMAGINARY
          0   0.0226588  0.00534715 -0.00225092
 -0.0226588           0 -0.00984586 -0.00601649
-0.00534715  0.00984586           0  -0.0139573
 0.00225092  0.00601649   0.0139573           0
Repeater1[0]<--->HoM1[0]
REAL
  0.459799  0.0114975  0.0160062   0.316143
 0.0114975  0.0452261  0.0125017 -0.0249576
 0.0160062  0.0125017  0.0439698 0.00256896
  0.316143 -0.0249576 0.00256896   0.451005
IMAGINARY
           0    0.0289635   -0.0236565    0.0249543
  -0.0289635            0  -0.00633729 -0.000400702
   0.0236565   0.00633729            0    0.0224019
  -0.0249543  0.000400702   -0.0224019            0
EndNode1[0]<--->Repeater1[0]
REAL
   0.434676 0.000520948   0.0105395    0.343428
0.000520948    0.037851  0.00708763  0.00621312
  0.0105395  0.00708763    0.043956  0.00849967
   0.343428  0.00621312  0.00849967    0.483516
IMAGINARY
          0  0.00782623  -0.0249498 -0.00927892
-0.00782623           0  0.00259443 -0.00597799
  0.0249498 -0.00259443           0   0.0192356
 0.00927892  0.00597799  -0.0192356           0
EndNode2[0]<--->HoM1[0]
REAL
  0.440934 0.00486557 -0.0328576    0.33305
0.00486557  0.0453297 0.00387754 -0.0089214
-0.0328576 0.00387754  0.0398352 -0.0156472
   0.33305 -0.0089214 -0.0156472   0.473901
IMAGINARY
           0   0.00338843   -0.0113563  -0.00858975
 -0.00338843            0  -0.00306828  0.000186811
   0.0113563   0.00306828            0    0.0209217
  0.00858975 -0.000186811   -0.0209217            0
Repeater1[0]<--->EndNode1[0]
REAL
   0.434676   0.0105395 0.000520948    0.343428
  0.0105395    0.043956  0.00708763  0.00849967
0.000520948  0.00708763    0.037851  0.00621312
   0.343428  0.00849967  0.00621312    0.483516
IMAGINARY
          0  -0.0249498  0.00782623 -0.00927892
  0.0249498           0 -0.00259443   0.0192356
-0.00782623  0.00259443           0 -0.00597799
 0.00927892  -0.0192356  0.00597799           0
Repeater1[0]<--->HoM1[0]
REAL
  0.440934 -0.0328576 0.00486557    0.33305
-0.0328576  0.0398352 0.00387754 -0.0156472
0.00486557 0.00387754  0.0453297 -0.0089214
   0.33305 -0.0156472 -0.0089214   0.473901
IMAGINARY
           0   -0.0113563   0.00338843  -0.00858975
   0.0113563            0   0.00306828    0.0209217
 -0.00338843  -0.00306828            0  0.000186811
  0.00858975   -0.0209217 -0.000186811            0
EndNode1[0]<--->Repeater1[0]
REAL
    0.417539 -0.000990213   0.00789878     0.340517
-0.000990213     0.039267   0.00804324   -0.0160339
  0.00789878   0.00804324    0.0431937   -0.0159059
    0.340517   -0.0160339   -0.0159059          0.5
IMAGINARY
           0    0.0297119   0.00525629  0.000508935
  -0.0297119            0  -0.00887444  -0.00654495
 -0.00525629   0.00887444            0 -7.26811e-05
-0.000508935   0.00654495  7.26811e-05            0
EndNode2[0]<--->HoM1[0]
REAL
   0.505618  -0.0120549   0.0109019    0.326282
 -0.0120549   0.0349563 -0.00160706  -0.0303825
  0.0109019 -0.00160706   0.0374532  0.00945749
   0.326282  -0.0303825  0.00945749    0.421973
IMAGINARY
          0 -0.00819135   0.0098252   0.0100314
 0.00819135           0  0.00751248 -0.00354379
 -0.0098252 -0.00751248           0  0.00819135
 -0.0100314  0.00354379 -0.00819135           0
Repeater1[0]<--->EndNode1[0]
REAL
    0.417539   0.00789878 -0.000990213     0.340517
  0.00789878    0.0431937   0.00804324   -0.0159059
-0.000990213   0.00804324     0.039267   -0.0160339
    0.340517   -0.0159059   -0.0160339          0.5
IMAGINARY
           0   0.00525629    0.0297119  0.000508935
 -0.00525629            0   0.00887444 -7.26811e-05
  -0.0297119  -0.00887444            0  -0.00654495
-0.000508935  7.26811e-05   0.00654495            0
Repeater1[0]<--->HoM1[0]
REAL
   0.505618   0.0109019  -0.0120549    0.326282
  0.0109019   0.0374532 -0.00160706  0.00945749
 -0.0120549 -0.00160706   0.0349563  -0.0303825
   0.326282  0.00945749  -0.0303825    0.421973
IMAGINARY
          0   0.0098252 -0.00819135   0.0100314
 -0.0098252           0 -0.00751248  0.00819135
 0.00819135  0.00751248           0 -0.00354379
 -0.0100314 -0.00819135  0.00354379           0
EndNode1[0]<--->Repeater1[0]
REAL
  0.458704 -0.0324133  -0.019181   0.342708
-0.0324133  0.0444727  0.0101955 -0.0292061
 -0.019181  0.0101955  0.0330368 -0.0211351
  0.342708 -0.0292061 -0.0211351   0.463787
IMAGINARY
           0   -0.0081501   0.00823729  2.13215e-05
   0.0081501            0  -0.00750262   0.00284645
 -0.00823729   0.00750262            0   -0.0127859
-2.13215e-05  -0.00284645    0.0127859            0
EndNode2[0]<--->HoM1[0]
REAL
  0.456919  0.0044137  0.0210497   0.324216
 0.0044137  0.0483029 -0.0086821   0.011544
 0.0210497 -0.0086821  0.0430809  -0.012042
  0.324216   0.011544  -0.012042   0.451697
IMAGINARY
          0 -0.00583334   0.0167301  -0.0191036
 0.00583334           0 -0.00867416   0.0185179
 -0.0167301  0.00867416           0  -0.0137489
  0.0191036  -0.0185179   0.0137489           0
Repeater1[0]<--->EndNode1[0]
REAL
  0.458704  -0.019181 -0.0324133   0.342708
 -0.019181  0.0330368  0.0101955 -0.0211351
-0.0324133  0.0101955  0.0444727 -0.0292061
  0.342708 -0.0211351 -0.0292061   0.463787
IMAGINARY
           0   0.00823729   -0.0081501  2.13215e-05
 -0.00823729            0   0.00750262   -0.0127859
   0.0081501  -0.00750262            0   0.00284645
-2.13215e-05    0.0127859  -0.00284645            0
Repeater1[0]<--->HoM1[0]
REAL
  0.456919  0.0210497  0.0044137   0.324216
 0.0210497  0.0430809 -0.0086821  -0.012042
 0.0044137 -0.0086821  0.0483029   0.011544
  0.324216  -0.012042   0.011544   0.451697
IMAGINARY
          0   0.0167301 -0.00583334  -0.0191036
 -0.0167301           0  0.00867416  -0.0137489
 0.00583334 -0.00867416           0   0.0185179
  0.0191036   0.0137489  -0.0185179           0
EndNode1[0]<--->Repeater1[0]
REAL
    0.452255 -7.46431e-05   -0.0115294     0.349154
-7.46431e-05    0.0464191    0.0040101   0.00393449
  -0.0115294    0.0040101    0.0503979  -0.00498865
    0.349154   0.00393449  -0.00498865     0.450928
IMAGINARY
          0  -0.0169434    0.011197   -0.017961
  0.0169434           0   0.0287615  0.00192633
  -0.011197  -0.0287615           0  0.00644471
   0.017961 -0.00192633 -0.00644471           0
EndNode2[0]<--->HoM1[0]
REAL
   0.475186 -0.00397959   0.0183297    0.339993
-0.00397959   0.0310174  0.00456622  0.00757702
  0.0183297  0.00456622   0.0409429    0.016933
   0.339993  0.00757702    0.016933    0.452854
IMAGINARY
          0   0.0187975  -0.0233131 -0.00192095
 -0.0187975           0  0.00524985 -0.00055626
  0.0233131 -0.00524985           0   0.0113533
 0.00192095  0.00055626  -0.0113533           0
Repeater1[0]<--->EndNode1[0]
REAL
    0.452255   -0.0115294 -7.46431e-05     0.349154
  -0.0115294    0.0503979    0.0040101  -0.00498865
-7.46431e-05    0.0040101    0.0464191   0.00393449
    0.349154  -0.00498865   0.00393449     0.450928
IMAGINARY
          0    0.011197  -0.0169434   -0.017961
  -0.011197           0  -0.0287615  0.00644471
  0.0169434   0.0287615           0  0.00192633
   0.017961 -0.00644471 -0.00192633           0
Repeater1[0]<--->HoM1[0]
REAL
   0.475186   0.0183297 -0.00397959    0.339993
  0.0183297   0.0409429  0.00456622    0.016933
-0.00397959  0.00456622   0.0310174  0.00757702
   0.339993    0.016933  0.00757702    0.452854
IMAGINARY
          0  -0.0233131   0.0187975 -0.00192095
  0.0233131           0 -0.00524985   0.0113533
 -0.0187975  0.00524985           0 -0.00055626
 0.00192095  -0.0113533  0.00055626           0
EndNode1[0]<--->Repeater1[0]
REAL
   0.474035 -0.00368623  -0.0123085    0.344207
-0.00368623   0.0386152  0.00484959  0.00916387
 -0.0123085  0.00484959   0.0426099  0.00557303
   0.344207  0.00916387  0.00557303     0.44474
IMAGINARY
          0  -0.0180796  0.00723905  0.00833721
  0.0180796           0   0.0173843  0.00146242
-0.00723905  -0.0173843           0  -0.0173956
-0.00833721 -0.00146242   0.0173956           0
EndNode2[0]<--->HoM1[0]
REAL
   0.495924 -0.00984349  -0.0018797    0.339564
-0.00984349   0.0298913 -0.00834524   0.0018797
 -0.0018797 -0.00834524   0.0434783  0.00349831
   0.339564   0.0018797  0.00349831    0.430707
IMAGINARY
          0  -0.0118175  0.00521704  0.00670498
  0.0118175           0 -0.00670498 -0.00204848
-0.00521704  0.00670498           0 -0.00402532
-0.00670498  0.00204848  0.00402532           0
Repeater1[0]<--->EndNode1[0]
REAL
   0.474035  -0.0123085 -0.00368623    0.344207
 -0.0123085   0.0426099  0.00484959  0.00557303
-0.00368623  0.00484959   0.0386152  0.00916387
   0.344207  0.00557303  0.00916387     0.44474
IMAGINARY
          0  0.00723905  -0.0180796  0.00833721
-0.00723905           0  -0.0173843  -0.0173956
  0.0180796   0.0173843           0  0.00146242
-0.00833721   0.0173956 -0.00146242           0
Repeater1[0]<--->HoM1[0]
REAL
   0.495924  -0.0018797 -0.00984349    0.339564
 -0.0018797   0.0434783 -0.00834524  0.00349831
-0.00984349 -0.00834524   0.0298913   0.0018797
   0.339564  0.00349831   0.0018797    0.430707
IMAGINARY
          0  0.00521704  -0.0118175  0.00670498
-0.00521704           0  0.00670498 -0.00402532
  0.0118175 -0.00670498           0 -0.00204848
-0.00670498  0.00402532  0.00204848           0
EndNode1[0]<--->Repeater1[0]
REAL
    0.463291   -0.0120534   0.00157864     0.368199
  -0.0120534    0.0367089  -0.00260803   -0.0056109
  0.00157864  -0.00260803    0.0392405 -4.33302e-05
    0.368199   -0.0056109 -4.33302e-05     0.460759
IMAGINARY
          0   0.0179839   0.0188068   0.0178155
 -0.0179839           0   -0.010737 -0.00576327
 -0.0188068    0.010737           0 -0.00369814
 -0.0178155  0.00576327  0.00369814           0
EndNode2[0]<--->HoM1[0]
REAL
   0.454194  -0.0153041  0.00199505     0.35953
 -0.0153041   0.0335484 -0.00772626  -0.0290569
 0.00199505 -0.00772626   0.0477419  0.00241746
    0.35953  -0.0290569  0.00241746    0.464516
IMAGINARY
          0   0.0120085  -0.0201824   0.0177014
 -0.0120085           0 -0.00213985 -0.00826265
  0.0201824  0.00213985           0   0.0126438
 -0.0177014  0.00826265  -0.0126438           0
Repeater1[0]<--->EndNode1[0]
REAL
    0.463291   0.00157864   -0.0120534     0.368199
  0.00157864    0.0392405  -0.00260803 -4.33302e-05
  -0.0120534  -0.00260803    0.0367089   -0.0056109
    0.368199 -4.33302e-05   -0.0056109     0.460759
IMAGINARY
          0   0.0188068   0.0179839   0.0178155
 -0.0188068           0    0.010737 -0.00369814
 -0.0179839   -0.010737           0 -0.00576327
 -0.0178155  0.00369814  0.00576327           0
Repeater1[0]<--->HoM1[0]
REAL
   0.454194  0.00199505  -0.0153041     0.35953
 0.00199505   0.0477419 -0.00772626  0.00241746
 -0.0153041 -0.00772626   0.0335484  -0.0290569
    0.35953  0.00241746  -0.0290569    0.464516
IMAGINARY
          0  -0.0201824   0.0120085   0.0177014
  0.0201824           0  0.00213985   0.0126438
 -0.0120085 -0.00213985           0 -0.00826265
 -0.0177014  -0.0126438  0.00826265           0
EndNode1[0]<--->Repeater1[0]
REAL
    0.443499  -0.00350699 -0.000665105     0.341047
 -0.00350699    0.0449575   0.00328061    0.0138577
-0.000665105   0.00328061    0.0510328   0.00614552
    0.341047    0.0138577   0.00614552      0.46051
IMAGINARY
          0  0.00876522 -0.00411805   -0.012888
-0.00876522           0   -0.032677   0.0200755
 0.00411805    0.032677           0  -0.0114248
   0.012888  -0.0200755   0.0114248           0
EndNode2[0]<--->HoM1[0]
REAL
   0.462002  -0.0191864  0.00489435    0.323071
 -0.0191864    0.039807 -0.00674439  -0.0273433
 0.00489435 -0.00674439    0.026538 -0.00734425
   0.323071  -0.0273433 -0.00734425    0.471653
IMAGINARY
          0   0.0054222 -0.00601398  0.00560948
 -0.0054222           0  0.00497253  -0.0177327
 0.00601398 -0.00497253           0  0.00908968
-0.00560948   0.0177327 -0.00908968           0
Repeater1[0]<--->EndNode1[0]
REAL
    0.443499 -0.000665105  -0.00350699     0.341047
-0.000665105    0.0510328   0.00328061   0.00614552
 -0.00350699   0.00328061    0.0449575    0.0138577
    0.341047   0.00614552    0.0138577      0.46051
IMAGINARY
          0 -0.00411805  0.00876522   -0.012888
 0.00411805           0    0.032677  -0.0114248
-0.00876522   -0.032677           0   0.0200755
   0.012888   0.0114248  -0.0200755           0
Repeater1[0]<--->HoM1[0]
REAL
   0.462002  0.00489435  -0.0191864    0.323071
 0.00489435    0.026538 -0.00674439 -0.00734425
 -0.0191864 -0.00674439    0.039807  -0.0273433
   0.323071 -0.00734425  -0.0273433    0.471653
IMAGINARY
          0 -0.00601398   0.0054222  0.00560948
 0.00601398           0 -0.00497253  0.00908968
 -0.0054222  0.00497253           0  -0.0177327
-0.00560948 -0.00908968   0.0177327           0
EndNode1[0]<--->Repeater1[0]
REAL
   0.472149 -0.00361432  -0.0186245    0.328536
-0.00361432   0.0384615  0.00625782   0.0104894
 -0.0186245  0.00625782   0.0384615   0.0180073
   0.328536   0.0104894   0.0180073    0.450928
IMAGINARY
          0 -0.00308637  -0.0124312  0.00545899
 0.00308637           0 -0.00739448   0.0193148
  0.0124312  0.00739448           0  0.00371215
-0.00545899  -0.0193148 -0.00371215           0
EndNode2[0]<--->HoM1[0]
REAL
   0.460235   0.0050864  0.00879237    0.342853
  0.0050864   0.0573664 -0.00217977   0.0132284
 0.00879237 -0.00217977   0.0325945    0.023411
   0.342853   0.0132284    0.023411    0.449804
IMAGINARY
          0  -0.0261467   0.0149856  -0.0188906
  0.0261467           0  0.00657528   0.0201138
 -0.0149856 -0.00657528           0 -0.00762816
  0.0188906  -0.0201138  0.00762816           0
Repeater1[0]<--->EndNode1[0]
REAL
   0.472149  -0.0186245 -0.00361432    0.328536
 -0.0186245   0.0384615  0.00625782   0.0180073
-0.00361432  0.00625782   0.0384615   0.0104894
   0.328536   0.0180073   0.0104894    0.450928
IMAGINARY
          0  -0.0124312 -0.00308637  0.00545899
  0.0124312           0  0.00739448  0.00371215
 0.00308637 -0.00739448           0   0.0193148
-0.00545899 -0.00371215  -0.0193148           0
Repeater1[0]<--->HoM1[0]
REAL
   0.460235  0.00879237   0.0050864    0.342853
 0.00879237   0.0325945 -0.00217977    0.023411
  0.0050864 -0.00217977   0.0573664   0.0132284
   0.342853    0.023411   0.0132284    0.449804
IMAGINARY
          0   0.0149856  -0.0261467  -0.0188906
 -0.0149856           0 -0.00657528 -0.00762816
  0.0261467  0.00657528           0   0.0201138
  0.0188906  0.00762816  -0.0201138           0
EndNode1[0]<--->Repeater1[0]
REAL
  0.471483 0.00614314 -0.0116682   0.326112
0.00614314  0.0456274  0.0109526  0.0228622
-0.0116682  0.0109526  0.0342205  0.0137574
  0.326112  0.0228622  0.0137574   0.448669
IMAGINARY
          0  0.00677057  -0.0193234  -0.0165032
-0.00677057           0   0.0105587   0.0100149
  0.0193234  -0.0105587           0  0.00120815
  0.0165032  -0.0100149 -0.00120815           0
EndNode2[0]<--->HoM1[0]
REAL
    0.455712    0.0111936 -0.000127619     0.343802
   0.0111936     0.055199  -0.00571915  -0.00505373
-0.000127619  -0.00571915    0.0449294  -0.00989824
    0.343802  -0.00505373  -0.00989824     0.444159
IMAGINARY
          0   0.0250253  -0.0344066   0.0117588
 -0.0250253           0 -0.00609838  -0.0086851
  0.0344066  0.00609838           0   0.0125944
 -0.0117588   0.0086851  -0.0125944           0
Repeater1[0]<--->EndNode1[0]
REAL
  0.471483 -0.0116682 0.00614314   0.326112
-0.0116682  0.0342205  0.0109526  0.0137574
0.00614314  0.0109526  0.0456274  0.0228622
  0.326112  0.0137574  0.0228622   0.448669
IMAGINARY
          0  -0.0193234  0.00677057  -0.0165032
  0.0193234           0  -0.0105587  0.00120815
-0.00677057   0.0105587           0   0.0100149
  0.0165032 -0.00120815  -0.0100149           0
Repeater1[0]<--->HoM1[0]
REAL
    0.455712 -0.000127619    0.0111936     0.343802
-0.000127619    0.0449294  -0.00571915  -0.00989824
   0.0111936  -0.00571915     0.055199  -0.00505373
    0.343802  -0.00989824  -0.00505373     0.444159
IMAGINARY
          0  -0.0344066   0.0250253   0.0117588
  0.0344066           0  0.00609838   0.0125944
 -0.0250253 -0.00609838           0  -0.0086851
 -0.0117588  -0.0125944   0.0086851           0
EndNode1[0]<--->Repeater1[0]
REAL
   0.453046 -0.00793249 -0.00830383    0.350687
-0.00793249    0.036802  0.00755015 -0.00893755
-0.00830383  0.00755015   0.0406091  -0.0182489
   0.350687 -0.00893755  -0.0182489    0.469543
IMAGINARY
          0   0.0151079  -0.0106917   0.0167694
 -0.0151079           0 -0.00414314  0.00219493
  0.0106917  0.00414314           0   0.0195327
 -0.0167694 -0.00219493  -0.0195327           0
EndNode2[0]<--->HoM1[0]
REAL
   0.453939  0.00254141  0.00355085    0.346114
 0.00254141   0.0507343  0.00407373 -0.00542351
 0.00355085  0.00407373   0.0427236 -0.00191719
   0.346114 -0.00542351 -0.00191719    0.452603
IMAGINARY
          0 -0.00837805   0.0102187  -0.0164915
 0.00837805           0  -0.0119637   0.0121693
 -0.0102187   0.0119637           0  -0.0177413
  0.0164915  -0.0121693   0.0177413           0
Repeater1[0]<--->EndNode1[0]
REAL
   0.453046 -0.00830383 -0.00793249    0.350687
-0.00830383   0.0406091  0.00755015  -0.0182489
-0.00793249  0.00755015    0.036802 -0.00893755
   0.350687  -0.0182489 -0.00893755    0.469543
IMAGINARY
          0  -0.0106917   0.0151079   0.0167694
  0.0106917           0  0.00414314   0.0195327
 -0.0151079 -0.00414314           0  0.00219493
 -0.0167694  -0.0195327 -0.00219493           0
Repeater1[0]<--->HoM1[0]
REAL
   0.453939  0.00355085  0.00254141    0.346114
 0.00355085   0.0427236  0.00407373 -0.00191719
 0.00254141  0.00407373   0.0507343 -0.00542351
   0.346114 -0.00191719 -0.00542351    0.452603
IMAGINARY
          0   0.0102187 -0.00837805  -0.0164915
 -0.0102187           0   0.0119637  -0.0177413
 0.00837805  -0.0119637           0   0.0121693
  0.0164915   0.0177413  -0.0121693           0
EndNode1[0]<--->Repeater1[0]
REAL
   0.475888  -0.0224214  -0.0112705    0.347449
 -0.0224214   0.0431472  -0.0205979  -0.0119416
 -0.0112705  -0.0205979   0.0418782 -0.00831886
   0.347449  -0.0119416 -0.00831886    0.439086
IMAGINARY
          0  0.00538049 -0.00748584   0.0109519
-0.00538049           0  -0.0205796  0.00295803
 0.00748584   0.0205796           0   0.0198459
 -0.0109519 -0.00295803  -0.0198459           0
EndNode2[0]<--->HoM1[0]
REAL
    0.43461  -0.0172476  -0.0145808    0.331512
 -0.0172476   0.0422721  0.00272751 -0.00715836
 -0.0145808  0.00272751   0.0541612  -0.0235133
   0.331512 -0.00715836  -0.0235133    0.468956
IMAGINARY
          0  -0.0111158  0.00372988   0.0262732
  0.0111158           0  0.00372679   0.0024736
-0.00372988 -0.00372679           0  0.00243097
 -0.0262732  -0.0024736 -0.00243097           0
Repeater1[0]<--->EndNode1[0]
REAL
   0.475888  -0.0112705  -0.0224214    0.347449
 -0.0112705   0.0418782  -0.0205979 -0.00831886
 -0.0224214  -0.0205979   0.0431472  -0.0119416
   0.347449 -0.00831886  -0.0119416    0.439086
IMAGINARY
          0 -0.00748584  0.00538049   0.0109519
 0.00748584           0   0.0205796   0.0198459
-0.00538049  -0.0205796           0  0.00295803
 -0.0109519  -0.0198459 -0.00295803           0
Repeater1[0]<--->HoM1[0]
REAL
    0.43461  -0.0145808  -0.0172476    0.331512
 -0.0145808   0.0541612  0.00272751  -0.0235133
 -0.0172476  0.00272751   0.0422721 -0.00715836
   0.331512  -0.0235133 -0.00715836    0.468956
IMAGINARY
          0  0.00372988  -0.0111158   0.0262732
-0.00372988           0 -0.00372679  0.00243097
  0.0111158  0.00372679           0   0.0024736
 -0.0262732 -0.00243097  -0.0024736           0
EndNode1[0]<--->Repeater1[0]
REAL
   0.419737  0.00693216 -0.00233923     0.33859
 0.00693216   0.0460526 -0.00377439   0.0017039
-0.00233923 -0.00377439   0.0315789  -0.0126501
    0.33859   0.0017039  -0.0126501    0.502632
IMAGINARY
          0 -0.00775445  0.00446567  0.00587898
 0.00775445           0 -0.00129182   0.0115442
-0.00446567  0.00129182           0   0.0213012
-0.00587898  -0.0115442  -0.0213012           0
EndNode2[0]<--->HoM1[0]
REAL
   0.452471  0.00622262   0.0177749    0.322715
 0.00622262   0.0418251 0.000134581   0.0111083
  0.0177749 0.000134581   0.0481622   0.0200932
   0.322715   0.0111083   0.0200932    0.457541
IMAGINARY
           0  -0.00863859    0.0309397    0.0156735
  0.00863859            0 -0.000209591   -0.0121225
  -0.0309397  0.000209591            0  -0.00480227
  -0.0156735    0.0121225   0.00480227            0
Repeater1[0]<--->EndNode1[0]
REAL
   0.419737 -0.00233923  0.00693216     0.33859
-0.00233923   0.0315789 -0.00377439  -0.0126501
 0.00693216 -0.00377439   0.0460526   0.0017039
    0.33859  -0.0126501   0.0017039    0.502632
IMAGINARY
          0  0.00446567 -0.00775445  0.00587898
-0.00446567           0  0.00129182   0.0213012
 0.00775445 -0.00129182           0   0.0115442
-0.00587898  -0.0213012  -0.0115442           0
Repeater1[0]<--->HoM1[0]
REAL
   0.452471   0.0177749  0.00622262    0.322715
  0.0177749   0.0481622 0.000134581   0.0200932
 0.00622262 0.000134581   0.0418251   0.0111083
   0.322715   0.0200932   0.0111083    0.457541
IMAGINARY
           0    0.0309397  -0.00863859    0.0156735
  -0.0309397            0  0.000209591  -0.00480227
  0.00863859 -0.000209591            0   -0.0121225
  -0.0156735   0.00480227    0.0121225            0
EndNode1[0]<--->Repeater1[0]
REAL
   0.438158  0.00501847  0.00112825    0.351139
 0.00501847   0.0473684 -0.00238931  0.00762175
 0.00112825 -0.00238931   0.0276316  0.00748153
   0.351139  0.00762175  0.00748153    0.486842
IMAGINARY
          0  0.00970001 -0.00439815   0.0319725
-0.00970001           0  0.00909664  -0.0175726
 0.00439815 -0.00909664           0   0.0122707
 -0.0319725   0.0175726  -0.0122707           0
EndNode2[0]<--->HoM1[0]
REAL
   0.480926 0.000723996  0.00352565    0.349668
0.000723996   0.0340599 -0.00435698   0.0141357
 0.00352565 -0.00435698   0.0449591   0.0254636
   0.349668   0.0141357   0.0254636    0.440054
IMAGINARY
          0 -0.00253387   0.0104122   0.0400666
 0.00253387           0   0.0111834   0.0175551
 -0.0104122  -0.0111834           0  -0.0213406
 -0.0400666  -0.0175551   0.0213406           0
Repeater1[0]<--->EndNode1[0]
REAL
   0.438158  0.00112825  0.00501847    0.351139
 0.00112825   0.0276316 -0.00238931  0.00748153
 0.00501847 -0.00238931   0.0473684  0.00762175
   0.351139  0.00748153  0.00762175    0.486842
IMAGINARY
          0 -0.00439815  0.00970001   0.0319725
 0.00439815           0 -0.00909664   0.0122707
-0.00970001  0.00909664           0  -0.0175726
 -0.0319725  -0.0122707   0.0175726           0
Repeater1[0]<--->HoM1[0]
REAL
   0.480926  0.00352565 0.000723996    0.349668
 0.00352565   0.0449591 -0.00435698   0.0254636
0.000723996 -0.00435698   0.0340599   0.0141357
   0.349668   0.0254636   0.0141357    0.440054
IMAGINARY
          0   0.0104122 -0.00253387   0.0400666
 -0.0104122           0  -0.0111834  -0.0213406
 0.00253387   0.0111834           0   0.0175551
 -0.0400666   0.0213406  -0.0175551           0
EndNode1[0]<--->Repeater1[0]
REAL
   0.455243  -0.0140139 0.000891683    0.319356
 -0.0140139   0.0524297  0.00019279  0.00788025
0.000891683  0.00019279    0.044757   0.0127607
   0.319356  0.00788025   0.0127607     0.44757
IMAGINARY
           0   0.00335136   0.00277222    0.0251682
 -0.00335136            0   0.00231872    0.0208445
 -0.00277222  -0.00231872            0  2.24622e-05
  -0.0251682   -0.0208445 -2.24622e-05            0
EndNode2[0]<--->HoM1[0]
REAL
   0.433071  -0.0152419  -0.0149007    0.334887
 -0.0152419   0.0538058 -0.00617212   0.0149007
 -0.0149007 -0.00617212   0.0367454   0.0051663
   0.334887   0.0149007   0.0051663    0.476378
IMAGINARY
          0 -0.00424013    0.000532   0.0115758
 0.00424013           0   0.0015002 -0.00649227
  -0.000532  -0.0015002           0  0.00225338
 -0.0115758  0.00649227 -0.00225338           0
Repeater1[0]<--->EndNode1[0]
REAL
   0.455243 0.000891683  -0.0140139    0.319356
0.000891683    0.044757  0.00019279   0.0127607
 -0.0140139  0.00019279   0.0524297  0.00788025
   0.319356   0.0127607  0.00788025     0.44757
IMAGINARY
           0   0.00277222   0.00335136    0.0251682
 -0.00277222            0  -0.00231872  2.24622e-05
 -0.00335136   0.00231872            0    0.0208445
  -0.0251682 -2.24622e-05   -0.0208445            0
Repeater1[0]<--->HoM1[0]
REAL
   0.433071  -0.0149007  -0.0152419    0.334887
 -0.0149007   0.0367454 -0.00617212   0.0051663
 -0.0152419 -0.00617212   0.0538058   0.0149007
   0.334887   0.0051663   0.0149007    0.476378
IMAGINARY
          0    0.000532 -0.00424013   0.0115758
  -0.000532           0  -0.0015002  0.00225338
 0.00424013   0.0015002           0 -0.00649227
 -0.0115758 -0.00225338  0.00649227           0
EndNode1[0]<--->Repeater1[0]
REAL
   0.469441 -0.00557901 -0.00748357     0.34923
-0.00557901   0.0312094  0.00470261 -0.00937036
-0.00748357  0.00470261   0.0416125  -0.0075296
    0.34923 -0.00937036  -0.0075296    0.457737
IMAGINARY
           0    0.0165702   -0.0015394  -0.00298759
  -0.0165702            0    0.0104876  -0.00343573
   0.0015394   -0.0104876            0 -0.000401063
  0.00298759   0.00343573  0.000401063            0
EndNode2[0]<--->HoM1[0]
REAL
   0.471774 -0.00952647 -0.00479028    0.332738
-0.00952647   0.0349462 -0.00617963  -0.0128249
-0.00479028 -0.00617963   0.0336022  -0.0107987
   0.332738  -0.0128249  -0.0107987    0.459677
IMAGINARY
           0     0.013719  -0.00254811   0.00549282
   -0.013719            0    0.0202933 -2.92139e-05
  0.00254811   -0.0202933            0   -0.0278943
 -0.00549282  2.92139e-05    0.0278943            0
Repeater1[0]<--->EndNode1[0]
REAL
   0.469441 -0.00748357 -0.00557901     0.34923
-0.00748357   0.0416125  0.00470261  -0.0075296
-0.00557901  0.00470261   0.0312094 -0.00937036
    0.34923  -0.0075296 -0.00937036    0.457737
IMAGINARY
           0   -0.0015394    0.0165702  -0.00298759
   0.0015394            0   -0.0104876 -0.000401063
  -0.0165702    0.0104876            0  -0.00343573
  0.00298759  0.000401063   0.00343573            0
Repeater1[0]<--->HoM1[0]
REAL
   0.471774 -0.00479028 -0.00952647    0.332738
-0.00479028   0.0336022 -0.00617963  -0.0107987
-0.00952647 -0.00617963   0.0349462  -0.0128249
   0.332738  -0.0107987  -0.0128249    0.459677
IMAGINARY
           0  -0.00254811     0.013719   0.00549282
  0.00254811            0   -0.0202933   -0.0278943
   -0.013719    0.0202933            0 -2.92139e-05
 -0.00549282    0.0278943  2.92139e-05            0
EndNode1[0]<--->Repeater1[0]
REAL
   0.449204   0.0102168  -0.0165244    0.349625
  0.0102168   0.0477356 -0.00367222 -0.00566876
 -0.0165244 -0.00367222   0.0391677  -0.0115223
   0.349625 -0.00566876  -0.0115223    0.463892
IMAGINARY
          0   0.0293717  -0.0143302   0.0185358
 -0.0293717           0   0.0210421   0.0150031
  0.0143302  -0.0210421           0 -0.00985621
 -0.0185358  -0.0150031  0.00985621           0
EndNode2[0]<--->HoM1[0]
REAL
   0.441678   0.0089356 -0.00966359    0.336527
  0.0089356   0.0445609 -0.00213991 -0.00234652
-0.00966359 -0.00213991   0.0471822  -0.0146246
   0.336527 -0.00234652  -0.0146246    0.466579
IMAGINARY
          0   0.0166595  0.00584915 -0.00800701
 -0.0166595           0  -0.0199118  -0.0111825
-0.00584915   0.0199118           0   0.0193405
 0.00800701   0.0111825  -0.0193405           0
Repeater1[0]<--->EndNode1[0]
REAL
   0.449204  -0.0165244   0.0102168    0.349625
 -0.0165244   0.0391677 -0.00367222  -0.0115223
  0.0102168 -0.00367222   0.0477356 -0.00566876
   0.349625  -0.0115223 -0.00566876    0.463892
IMAGINARY
          0  -0.0143302   0.0293717   0.0185358
  0.0143302           0  -0.0210421 -0.00985621
 -0.0293717   0.0210421           0   0.0150031
 -0.0185358  0.00985621  -0.0150031           0
Repeater1[0]<--->HoM1[0]
REAL
   0.441678 -0.00966359   0.0089356    0.336527
-0.00966359   0.0471822 -0.00213991  -0.0146246
  0.0089356 -0.00213991   0.0445609 -0.00234652
   0.336527  -0.0146246 -0.00234652    0.466579
IMAGINARY
          0  0.00584915   0.0166595 -0.00800701
-0.00584915           0   0.0199118   0.0193405
 -0.0166595  -0.0199118           0  -0.0111825
 0.00800701  -0.0193405   0.0111825           0
EndNode1[0]<--->Repeater1[0]
REAL
    0.440806   -0.0155649   -0.0199247      0.33261
  -0.0155649     0.034005  -0.00271264 -0.000693894
  -0.0199247  -0.00271264    0.0403023    0.0129876
     0.33261 -0.000693894    0.0129876     0.484887
IMAGINARY
          0   -0.019904   0.0203627  -0.0318405
   0.019904           0 -0.00122827  0.00469693
 -0.0203627  0.00122827           0 -0.00992894
  0.0318405 -0.00469693  0.00992894           0
EndNode2[0]<--->HoM1[0]
REAL
   0.440633 -0.00249178 -0.00200718    0.348187
-0.00249178   0.0422164   0.0103494   0.0142023
-0.00200718   0.0103494   0.0448549 5.27524e-05
   0.348187   0.0142023 5.27524e-05    0.472296
IMAGINARY
           0    0.0147881  -0.00817069   -0.0155287
  -0.0147881            0  0.000377216   -0.0297959
  0.00817069 -0.000377216            0    0.0051604
   0.0155287    0.0297959   -0.0051604            0
Repeater1[0]<--->EndNode1[0]
REAL
    0.440806   -0.0199247   -0.0155649      0.33261
  -0.0199247    0.0403023  -0.00271264    0.0129876
  -0.0155649  -0.00271264     0.034005 -0.000693894
     0.33261    0.0129876 -0.000693894     0.484887
IMAGINARY
          0   0.0203627   -0.019904  -0.0318405
 -0.0203627           0  0.00122827 -0.00992894
   0.019904 -0.00122827           0  0.00469693
  0.0318405  0.00992894 -0.00469693           0
Repeater1[0]<--->HoM1[0]
REAL
   0.440633 -0.00200718 -0.00249178    0.348187
-0.00200718   0.0448549   0.0103494 5.27524e-05
-0.00249178   0.0103494   0.0422164   0.0142023
   0.348187 5.27524e-05   0.0142023    0.472296
IMAGINARY
           0  -0.00817069    0.0147881   -0.0155287
  0.00817069            0 -0.000377216    0.0051604
  -0.0147881  0.000377216            0   -0.0297959
   0.0155287   -0.0051604    0.0297959            0
EndNode1[0]<--->Repeater1[0]
REAL
    0.468338    0.0127013 -0.000339572     0.334771
   0.0127013    0.0435356 -0.000580429  -0.00223112
-0.000339572 -0.000580429    0.0382586   0.00657888
    0.334771  -0.00223112   0.00657888     0.449868
IMAGINARY
          0  -0.0246758   0.0261824   0.0100384
  0.0246758           0  -0.0287965  0.00529463
 -0.0261824   0.0287965           0  -0.0213291
 -0.0100384 -0.00529463   0.0213291           0
EndNode2[0]<--->HoM1[0]
REAL
   0.483995  0.00880275   0.0215143    0.343855
 0.00880275   0.0371319 -0.00142348   0.0119844
  0.0215143 -0.00142348    0.028169   0.0160111
   0.343855   0.0119844   0.0160111    0.450704
IMAGINARY
          0 -0.00576897   0.0126616   0.0101573
 0.00576897           0   0.0101573  -0.0109551
 -0.0126616  -0.0101573           0  0.00406249
 -0.0101573   0.0109551 -0.00406249           0
Repeater1[0]<--->EndNode1[0]
REAL
    0.468338 -0.000339572    0.0127013     0.334771
-0.000339572    0.0382586 -0.000580429   0.00657888
   0.0127013 -0.000580429    0.0435356  -0.00223112
    0.334771   0.00657888  -0.00223112     0.449868
IMAGINARY
          0   0.0261824  -0.0246758   0.0100384
 -0.0261824           0   0.0287965  -0.0213291
  0.0246758  -0.0287965           0  0.00529463
 -0.0100384   0.0213291 -0.00529463           0
Repeater1[0]<--->HoM1[0]
REAL
   0.483995   0.0215143  0.00880275    0.343855
  0.0215143    0.028169 -0.00142348   0.0160111
 0.00880275 -0.00142348   0.0371319   0.0119844
   0.343855   0.0160111   0.0119844    0.450704
IMAGINARY
          0   0.0126616 -0.00576897   0.0101573
 -0.0126616           0  -0.0101573  0.00406249
 0.00576897   0.0101573           0  -0.0109551
 -0.0101573 -0.00406249   0.0109551           0
EndNode1[0]<--->Repeater1[0]
REAL
    0.448925  0.000328515    0.0237857     0.347849
 0.000328515    0.0483871 -0.000558501   -0.0188596
   0.0237857 -0.000558501    0.0336022 -0.000328515
    0.347849   -0.0188596 -0.000328515     0.469086
IMAGINARY
          0 -0.00409783 -0.00182408  -0.0150869
 0.00409783           0 -0.00220032   0.0151999
 0.00182408  0.00220032           0 -0.00800408
  0.0150869  -0.0151999  0.00800408           0
EndNode2[0]<--->HoM1[0]
REAL
   0.448231  0.00286487  -0.0015689    0.334493
 0.00286487   0.0406291 -0.00370374  -0.0136983
 -0.0015689 -0.00370374   0.0406291 -0.00668167
   0.334493  -0.0136983 -0.00668167    0.470511
IMAGINARY
          0   0.0110649  -0.0119574  -0.0131079
 -0.0110649           0 -0.00413351   0.0106311
  0.0119574  0.00413351           0  -0.0203487
  0.0131079  -0.0106311   0.0203487           0
Repeater1[0]<--->EndNode1[0]
REAL
    0.448925    0.0237857  0.000328515     0.347849
   0.0237857    0.0336022 -0.000558501 -0.000328515
 0.000328515 -0.000558501    0.0483871   -0.0188596
    0.347849 -0.000328515   -0.0188596     0.469086
IMAGINARY
          0 -0.00182408 -0.00409783  -0.0150869
 0.00182408           0  0.00220032 -0.00800408
 0.00409783 -0.00220032           0   0.0151999
  0.0150869  0.00800408  -0.0151999           0
Repeater1[0]<--->HoM1[0]
REAL
   0.448231  -0.0015689  0.00286487    0.334493
 -0.0015689   0.0406291 -0.00370374 -0.00668167
 0.00286487 -0.00370374   0.0406291  -0.0136983
   0.334493 -0.00668167  -0.0136983    0.470511
IMAGINARY
          0  -0.0119574   0.0110649  -0.0131079
  0.0119574           0  0.00413351  -0.0203487
 -0.0110649 -0.00413351           0   0.0106311
  0.0131079   0.0203487  -0.0106311           0
EndNode1[0]<--->Repeater1[0]
REAL
  0.429688 0.00196588  -0.010839   0.333668
0.00196588  0.0416667 0.00207488  0.0233225
 -0.010839 0.00207488  0.0377604 0.00394739
  0.333668  0.0233225 0.00394739   0.490885
IMAGINARY
          0  -0.0131873   0.0097372   0.0274371
  0.0131873           0 -0.00552991 -0.00320978
 -0.0097372  0.00552991           0   0.0157982
 -0.0274371  0.00320978  -0.0157982           0
EndNode2[0]<--->HoM1[0]
REAL
   0.469152   0.0154547 -0.00163011    0.326459
  0.0154547   0.0347044   0.0209764  -0.0034981
-0.00163011   0.0209764   0.0437018  0.00634014
   0.326459  -0.0034981  0.00634014    0.452442
IMAGINARY
          0  -0.0132388 -0.00349915  -0.0152743
  0.0132388           0  -0.0172098 -0.00955568
 0.00349915   0.0172098           0  0.00671135
  0.0152743  0.00955568 -0.00671135           0
Repeater1[0]<--->EndNode1[0]
REAL
  0.429688  -0.010839 0.00196588   0.333668
 -0.010839  0.0377604 0.00207488 0.00394739
0.00196588 0.00207488  0.0416667  0.0233225
  0.333668 0.00394739  0.0233225   0.490885
IMAGINARY
          0   0.0097372  -0.0131873   0.0274371
 -0.0097372           0  0.00552991   0.0157982
  0.0131873 -0.00552991           0 -0.00320978
 -0.0274371  -0.0157982  0.00320978           0
Repeater1[0]<--->HoM1[0]
REAL
   0.469152 -0.00163011   0.0154547    0.326459
-0.00163011   0.0437018   0.0209764  0.00634014
  0.0154547   0.0209764   0.0347044  -0.0034981
   0.326459  0.00634014  -0.0034981    0.452442
IMAGINARY
          0 -0.00349915  -0.0132388  -0.0152743
 0.00349915           0   0.0172098  0.00671135
  0.0132388  -0.0172098           0 -0.00955568
  0.0152743 -0.00671135  0.00955568           0
EndNode1[0]<--->Repeater1[0]
REAL
   0.461003   0.0160029    0.016399    0.337071
  0.0160029   0.0348189 -0.00543848 -0.00747039
   0.016399 -0.00543848   0.0320334 0.000578734
   0.337071 -0.00747039 0.000578734    0.472145
IMAGINARY
          0   0.0220579 -0.00107405  -0.0167417
 -0.0220579           0 -0.00399001  -0.0264548
 0.00107405  0.00399001           0   0.0169946
  0.0167417   0.0264548  -0.0169946           0
