EndNode1[0]<--->Repeater1[0]
REAL
   0.364812 -0.00225962 -0.00152014    0.258006
-0.00225962    0.150065   0.0855057   0.0142428
-0.00152014   0.0855057    0.134541  0.00353189
   0.258006   0.0142428  0.00353189    0.350582
IMAGINARY
          0 -0.00184068  -0.0162601  -0.0156302
 0.00184068           0 -0.00547795  0.00126011
  0.0162601  0.00547795           0   0.0243407
  0.0156302 -0.00126011  -0.0243407           0
EndNode2[0]<--->HoM1[0]
REAL
   0.336329 -0.00454576   -0.014931    0.258352
-0.00454576    0.137356   0.0575748 -0.00595668
  -0.014931   0.0575748    0.141207 -0.00198166
   0.258352 -0.00595668 -0.00198166    0.385109
IMAGINARY
          0   0.0202516  -0.0112499  -0.0181909
 -0.0202516           0  -0.0113755  -0.0055895
  0.0112499   0.0113755           0 -0.00211685
  0.0181909   0.0055895  0.00211685           0
Repeater1[0]<--->EndNode1[0]
REAL
   0.364812 -0.00152014 -0.00225962    0.258006
-0.00152014    0.134541   0.0855057  0.00353189
-0.00225962   0.0855057    0.150065   0.0142428
   0.258006  0.00353189   0.0142428    0.350582
IMAGINARY
          0  -0.0162601 -0.00184068  -0.0156302
  0.0162601           0  0.00547795   0.0243407
 0.00184068 -0.00547795           0  0.00126011
  0.0156302  -0.0243407 -0.00126011           0
Repeater1[0]<--->HoM1[0]
REAL
   0.336329   -0.014931 -0.00454576    0.258352
  -0.014931    0.141207   0.0575748 -0.00198166
-0.00454576   0.0575748    0.137356 -0.00595668
   0.258352 -0.00198166 -0.00595668    0.385109
IMAGINARY
          0  -0.0112499   0.0202516  -0.0181909
  0.0112499           0   0.0113755 -0.00211685
 -0.0202516  -0.0113755           0  -0.0055895
  0.0181909  0.00211685   0.0055895           0
EndNode1[0]<--->Repeater1[0]
REAL
  0.356021 0.00741484  0.0267651   0.284526
0.00741484   0.134817   0.060302  0.0223065
 0.0267651   0.060302   0.141361   0.037678
  0.284526  0.0223065   0.037678   0.367801
IMAGINARY
          0   0.0109117  -0.0127423   0.0141232
 -0.0109117           0 -0.00930388 -0.00154338
  0.0127423  0.00930388           0  0.00337401
 -0.0141232  0.00154338 -0.00337401           0
EndNode2[0]<--->HoM1[0]
REAL
  0.370712 0.00544463 -0.0191148    0.25268
0.00544463   0.118734  0.0460781 0.00855576
-0.0191148  0.0460781   0.151715 -0.0184881
   0.25268 0.00855576 -0.0184881   0.358839
IMAGINARY
          0  0.00361735  -0.0198486  -0.0169001
-0.00361735           0 -0.00190663  -0.0204937
  0.0198486  0.00190663           0   0.0049401
  0.0169001   0.0204937  -0.0049401           0
Repeater1[0]<--->EndNode1[0]
REAL
  0.356021  0.0267651 0.00741484   0.284526
 0.0267651   0.141361   0.060302   0.037678
0.00741484   0.060302   0.134817  0.0223065
  0.284526   0.037678  0.0223065   0.367801
IMAGINARY
          0  -0.0127423   0.0109117   0.0141232
  0.0127423           0  0.00930388  0.00337401
 -0.0109117 -0.00930388           0 -0.00154338
 -0.0141232 -0.00337401  0.00154338           0
Repeater1[0]<--->HoM1[0]
REAL
  0.370712 -0.0191148 0.00544463    0.25268
-0.0191148   0.151715  0.0460781 -0.0184881
0.00544463  0.0460781   0.118734 0.00855576
   0.25268 -0.0184881 0.00855576   0.358839
IMAGINARY
          0  -0.0198486  0.00361735  -0.0169001
  0.0198486           0  0.00190663   0.0049401
-0.00361735 -0.00190663           0  -0.0204937
  0.0169001  -0.0049401   0.0204937           0
EndNode1[0]<--->Repeater1[0]
REAL
   0.371202 -0.00918265   -0.009334    0.266365
-0.00918265    0.154557   0.0608597   0.0001717
  -0.009334   0.0608597    0.113606  -0.0130687
   0.266365   0.0001717  -0.0130687    0.360634
IMAGINARY
          0   0.0115123   0.0102515 -0.00741602
 -0.0115123           0  -0.0257472  0.00703401
 -0.0102515   0.0257472           0  0.00705367
 0.00741602 -0.00703401 -0.00705367           0
EndNode2[0]<--->HoM1[0]
REAL
  0.380228 -0.0129064 -0.0194567   0.288394
-0.0129064   0.135615  0.0530216 0.00176342
-0.0194567  0.0530216   0.126743 -0.0192037
  0.288394 0.00176342 -0.0192037   0.357414
IMAGINARY
          0 -0.00796539   0.0221684   0.0189445
 0.00796539           0   0.0305724 -0.00754078
 -0.0221684  -0.0305724           0  -0.0292687
 -0.0189445  0.00754078   0.0292687           0
Repeater1[0]<--->EndNode1[0]
REAL
   0.371202   -0.009334 -0.00918265    0.266365
  -0.009334    0.113606   0.0608597  -0.0130687
-0.00918265   0.0608597    0.154557   0.0001717
   0.266365  -0.0130687   0.0001717    0.360634
IMAGINARY
          0   0.0102515   0.0115123 -0.00741602
 -0.0102515           0   0.0257472  0.00705367
 -0.0115123  -0.0257472           0  0.00703401
 0.00741602 -0.00705367 -0.00703401           0
Repeater1[0]<--->HoM1[0]
REAL
  0.380228 -0.0194567 -0.0129064   0.288394
-0.0194567   0.126743  0.0530216 -0.0192037
-0.0129064  0.0530216   0.135615 0.00176342
  0.288394 -0.0192037 0.00176342   0.357414
IMAGINARY
          0   0.0221684 -0.00796539   0.0189445
 -0.0221684           0  -0.0305724  -0.0292687
 0.00796539   0.0305724           0 -0.00754078
 -0.0189445   0.0292687  0.00754078           0
EndNode1[0]<--->Repeater1[0]
REAL
   0.369509 -0.00828161  -0.0106801    0.255731
-0.00828161    0.151163   0.0559735  -0.0223988
 -0.0106801   0.0559735    0.135659  0.00573708
   0.255731  -0.0223988  0.00573708    0.343669
IMAGINARY
          0  -0.0129479   0.0257359 -0.00952694
  0.0129479           0  0.00952694    -0.01484
 -0.0257359 -0.00952694           0  0.00205206
 0.00952694     0.01484 -0.00205206           0
EndNode2[0]<--->HoM1[0]
REAL
 0.356397 0.0220204 0.0272603  0.267229
0.0220204  0.152742 0.0380345 0.0201081
0.0272603 0.0380345  0.124021 0.0200849
 0.267229 0.0201081 0.0200849  0.366841
IMAGINARY
          0   0.0130032 -0.00510513 -0.00657071
 -0.0130032           0 -0.00657071  -0.0259385
 0.00510513  0.00657071           0  0.00086731
 0.00657071   0.0259385 -0.00086731           0
Repeater1[0]<--->EndNode1[0]
REAL
   0.369509  -0.0106801 -0.00828161    0.255731
 -0.0106801    0.135659   0.0559735  0.00573708
-0.00828161   0.0559735    0.151163  -0.0223988
   0.255731  0.00573708  -0.0223988    0.343669
IMAGINARY
          0   0.0257359  -0.0129479 -0.00952694
 -0.0257359           0 -0.00952694  0.00205206
  0.0129479  0.00952694           0    -0.01484
 0.00952694 -0.00205206     0.01484           0
Repeater1[0]<--->HoM1[0]
REAL
 0.356397 0.0272603 0.0220204  0.267229
0.0272603  0.124021 0.0380345 0.0200849
0.0220204 0.0380345  0.152742 0.0201081
 0.267229 0.0200849 0.0201081  0.366841
IMAGINARY
          0 -0.00510513   0.0130032 -0.00657071
 0.00510513           0  0.00657071  0.00086731
 -0.0130032 -0.00657071           0  -0.0259385
 0.00657071 -0.00086731   0.0259385           0
EndNode1[0]<--->Repeater1[0]
REAL
  0.401998 0.00478927   0.023075   0.276334
0.00478927   0.131086  0.0614692 -0.0147736
  0.023075  0.0614692   0.132335 0.00478927
  0.276334 -0.0147736 0.00478927   0.334582
IMAGINARY
           0   -0.0176271   -0.0188143    0.0027881
   0.0176271            0    0.0027881 -0.000104621
   0.0188143   -0.0027881            0  -0.00804857
  -0.0027881  0.000104621   0.00804857            0
EndNode2[0]<--->HoM1[0]
REAL
 0.362135 0.0212125 0.0107578  0.252262
0.0212125  0.144854 0.0423689 0.0113899
0.0107578 0.0423689  0.144854 0.0130157
 0.252262 0.0113899 0.0130157  0.348158
IMAGINARY
          0   0.0034146  0.00998727   -0.024985
 -0.0034146           0  -0.0038242   -0.013998
-0.00998727   0.0038242           0  0.00728058
   0.024985    0.013998 -0.00728058           0
Repeater1[0]<--->EndNode1[0]
REAL
  0.401998   0.023075 0.00478927   0.276334
  0.023075   0.132335  0.0614692 0.00478927
0.00478927  0.0614692   0.131086 -0.0147736
  0.276334 0.00478927 -0.0147736   0.334582
IMAGINARY
           0   -0.0188143   -0.0176271    0.0027881
   0.0188143            0   -0.0027881  -0.00804857
   0.0176271    0.0027881            0 -0.000104621
  -0.0027881   0.00804857  0.000104621            0
Repeater1[0]<--->HoM1[0]
REAL
 0.362135 0.0107578 0.0212125  0.252262
0.0107578  0.144854 0.0423689 0.0130157
0.0212125 0.0423689  0.144854 0.0113899
 0.252262 0.0130157 0.0113899  0.348158
IMAGINARY
          0  0.00998727   0.0034146   -0.024985
-0.00998727           0   0.0038242  0.00728058
 -0.0034146  -0.0038242           0   -0.013998
   0.024985 -0.00728058    0.013998           0
EndNode1[0]<--->Repeater1[0]
REAL
   0.355362 -0.00830749 -0.00432012    0.268585
-0.00830749    0.159601   0.0539318  -0.0188587
-0.00432012   0.0539318    0.145885 -0.00957331
   0.268585  -0.0188587 -0.00957331    0.339152
IMAGINARY
          0  -0.0102778  0.00505007  0.00994631
  0.0102778           0  0.00451152  -0.0217596
-0.00505007 -0.00451152           0  -0.0115731
-0.00994631   0.0217596   0.0115731           0
EndNode2[0]<--->HoM1[0]
REAL
   0.356599 -0.00559701 -0.00875171    0.254466
-0.00559701    0.142132   0.0502217  0.00354337
-0.00875171   0.0502217    0.123096  0.00559701
   0.254466  0.00354337  0.00559701    0.378173
IMAGINARY
           0    0.0121353  -0.00240178  -0.00514135
  -0.0121353            0 -0.000898922   -0.0148396
  0.00240178  0.000898922            0   -0.0147878
  0.00514135    0.0148396    0.0147878            0
Repeater1[0]<--->EndNode1[0]
REAL
   0.355362 -0.00432012 -0.00830749    0.268585
-0.00432012    0.145885   0.0539318 -0.00957331
-0.00830749   0.0539318    0.159601  -0.0188587
   0.268585 -0.00957331  -0.0188587    0.339152
IMAGINARY
          0  0.00505007  -0.0102778  0.00994631
-0.00505007           0 -0.00451152  -0.0115731
  0.0102778  0.00451152           0  -0.0217596
-0.00994631   0.0115731   0.0217596           0
Repeater1[0]<--->HoM1[0]
REAL
   0.356599 -0.00875171 -0.00559701    0.254466
-0.00875171    0.123096   0.0502217  0.00559701
-0.00559701   0.0502217    0.142132  0.00354337
   0.254466  0.00559701  0.00354337    0.378173
IMAGINARY
           0  -0.00240178    0.0121353  -0.00514135
  0.00240178            0  0.000898922   -0.0147878
  -0.0121353 -0.000898922            0   -0.0148396
  0.00514135    0.0147878    0.0148396            0
EndNode1[0]<--->Repeater1[0]
REAL
  0.380832 0.00795113 -0.0156858      0.252
0.00795113    0.15889       0.04  0.0130191
-0.0156858       0.04   0.139975 0.00271553
     0.252  0.0130191 0.00271553   0.320303
IMAGINARY
          0   0.0075171  0.00995533  -0.0102123
 -0.0075171           0  0.00195312  0.00737801
-0.00995533 -0.00195312           0  -0.0301838
  0.0102123 -0.00737801   0.0301838           0
EndNode2[0]<--->HoM1[0]
REAL
   0.351454  0.00610664 -0.00939711    0.258482
 0.00610664    0.145386   0.0512863  0.00168503
-0.00939711   0.0512863    0.136536  0.00417614
   0.258482  0.00168503  0.00417614    0.366625
IMAGINARY
          0   0.0200315 -0.00847084  0.00411206
 -0.0200315           0    0.010575  -0.0138617
 0.00847084   -0.010575           0    0.002301
-0.00411206   0.0138617   -0.002301           0
Repeater1[0]<--->EndNode1[0]
REAL
  0.380832 -0.0156858 0.00795113      0.252
-0.0156858   0.139975       0.04 0.00271553
0.00795113       0.04    0.15889  0.0130191
     0.252 0.00271553  0.0130191   0.320303
IMAGINARY
          0  0.00995533   0.0075171  -0.0102123
-0.00995533           0 -0.00195312  -0.0301838
 -0.0075171  0.00195312           0  0.00737801
  0.0102123   0.0301838 -0.00737801           0
Repeater1[0]<--->HoM1[0]
REAL
   0.351454 -0.00939711  0.00610664    0.258482
-0.00939711    0.136536   0.0512863  0.00417614
 0.00610664   0.0512863    0.145386  0.00168503
   0.258482  0.00417614  0.00168503    0.366625
IMAGINARY
          0 -0.00847084   0.0200315  0.00411206
 0.00847084           0   -0.010575    0.002301
 -0.0200315    0.010575           0  -0.0138617
-0.00411206   -0.002301   0.0138617           0
EndNode1[0]<--->Repeater1[0]
REAL
  0.378653 0.00481576 0.00549082   0.259251
0.00481576   0.151207  0.0358207 0.00293979
0.00549082  0.0358207   0.121982 -0.0145434
  0.259251 0.00293979 -0.0145434   0.348158
IMAGINARY
          0  0.00933245  -0.0261137  0.00996316
-0.00933245           0  -0.0126087   0.0104132
  0.0261137   0.0126087           0  -0.0189943
-0.00996316  -0.0104132   0.0189943           0
EndNode2[0]<--->HoM1[0]
REAL
   0.355893  0.00187036 -0.00416092    0.253501
 0.00187036    0.143524   0.0536322 -0.00970962
-0.00416092   0.0536322     0.12252 -0.00781487
   0.253501 -0.00970962 -0.00781487    0.378063
IMAGINARY
          0   0.0177404 -0.00296175 -0.00390963
 -0.0177404           0 -0.00456494  -0.0225953
 0.00296175  0.00456494           0   0.0117484
 0.00390963   0.0225953  -0.0117484           0
Repeater1[0]<--->EndNode1[0]
REAL
  0.378653 0.00549082 0.00481576   0.259251
0.00549082   0.121982  0.0358207 -0.0145434
0.00481576  0.0358207   0.151207 0.00293979
  0.259251 -0.0145434 0.00293979   0.348158
IMAGINARY
          0  -0.0261137  0.00933245  0.00996316
  0.0261137           0   0.0126087  -0.0189943
-0.00933245  -0.0126087           0   0.0104132
-0.00996316   0.0189943  -0.0104132           0
Repeater1[0]<--->HoM1[0]
REAL
   0.355893 -0.00416092  0.00187036    0.253501
-0.00416092     0.12252   0.0536322 -0.00781487
 0.00187036   0.0536322    0.143524 -0.00970962
   0.253501 -0.00781487 -0.00970962    0.378063
IMAGINARY
          0 -0.00296175   0.0177404 -0.00390963
 0.00296175           0  0.00456494   0.0117484
 -0.0177404 -0.00456494           0  -0.0225953
 0.00390963  -0.0117484   0.0225953           0
EndNode1[0]<--->Repeater1[0]
REAL
   0.377886 -0.00192042  0.00944786    0.252868
-0.00192042    0.143378   0.0629554  0.00417082
 0.00944786   0.0629554    0.136087    0.007757
   0.252868  0.00417082    0.007757    0.342649
IMAGINARY
          0   0.0107841 -0.00875264  -0.0154402
 -0.0107841           0   0.0048301 -0.00307799
 0.00875264  -0.0048301           0 -0.00518013
  0.0154402  0.00307799  0.00518013           0
EndNode2[0]<--->HoM1[0]
REAL
   0.362205  0.00908606 -0.00976235     0.27235
 0.00908606    0.148294   0.0440755 -0.00110722
-0.00976235   0.0440755    0.122047  -0.0102938
    0.27235 -0.00110722  -0.0102938    0.367454
IMAGINARY
           0    -0.012867    0.0146029  -0.00226775
    0.012867            0  0.000356922   -0.0127669
  -0.0146029 -0.000356922            0  -0.00120893
  0.00226775    0.0127669   0.00120893            0
Repeater1[0]<--->EndNode1[0]
REAL
   0.377886  0.00944786 -0.00192042    0.252868
 0.00944786    0.136087   0.0629554    0.007757
-0.00192042   0.0629554    0.143378  0.00417082
   0.252868    0.007757  0.00417082    0.342649
IMAGINARY
          0 -0.00875264   0.0107841  -0.0154402
 0.00875264           0  -0.0048301 -0.00518013
 -0.0107841   0.0048301           0 -0.00307799
  0.0154402  0.00518013  0.00307799           0
Repeater1[0]<--->HoM1[0]
REAL
   0.362205 -0.00976235  0.00908606     0.27235
-0.00976235    0.122047   0.0440755  -0.0102938
 0.00908606   0.0440755    0.148294 -0.00110722
    0.27235  -0.0102938 -0.00110722    0.367454
IMAGINARY
           0    0.0146029    -0.012867  -0.00226775
  -0.0146029            0 -0.000356922  -0.00120893
    0.012867  0.000356922            0   -0.0127669
  0.00226775   0.00120893    0.0127669            0
EndNode1[0]<--->Repeater1[0]
REAL
     0.3663 -0.00020204  0.00864368    0.259463
-0.00020204    0.117216   0.0644366  0.00079028
 0.00864368   0.0644366    0.137973 -0.00797406
   0.259463  0.00079028 -0.00797406     0.37851
IMAGINARY
          0  -0.0306818   0.0214202 -0.00418224
  0.0306818           0 -0.00820368     0.00214
 -0.0214202  0.00820368           0   0.0215195
 0.00418224    -0.00214  -0.0215195           0
EndNode2[0]<--->HoM1[0]
REAL
  0.387387 -0.0164764 -0.0151831   0.252986
-0.0164764   0.131274  0.0435181 -0.0179005
-0.0151831  0.0435181   0.131274 -0.0128619
  0.252986 -0.0179005 -0.0128619   0.350064
IMAGINARY
          0  -0.0119567 -0.00481367  0.00474757
  0.0119567           0   0.0235543   0.0106502
 0.00481367  -0.0235543           0 -0.00944411
-0.00474757  -0.0106502  0.00944411           0
Repeater1[0]<--->EndNode1[0]
REAL
     0.3663  0.00864368 -0.00020204    0.259463
 0.00864368    0.137973   0.0644366 -0.00797406
-0.00020204   0.0644366    0.117216  0.00079028
   0.259463 -0.00797406  0.00079028     0.37851
IMAGINARY
          0   0.0214202  -0.0306818 -0.00418224
 -0.0214202           0  0.00820368   0.0215195
  0.0306818 -0.00820368           0     0.00214
 0.00418224  -0.0215195    -0.00214           0
Repeater1[0]<--->HoM1[0]
REAL
  0.387387 -0.0151831 -0.0164764   0.252986
-0.0151831   0.131274  0.0435181 -0.0128619
-0.0164764  0.0435181   0.131274 -0.0179005
  0.252986 -0.0128619 -0.0179005   0.350064
IMAGINARY
          0 -0.00481367  -0.0119567  0.00474757
 0.00481367           0  -0.0235543 -0.00944411
  0.0119567   0.0235543           0   0.0106502
-0.00474757  0.00944411  -0.0106502           0
EndNode1[0]<--->Repeater1[0]
REAL
   0.370138  0.00676389  0.00861149    0.250379
 0.00676389    0.132999   0.0709088  -0.0145248
 0.00861149   0.0709088    0.148055 -0.00216468
   0.250379  -0.0145248 -0.00216468    0.348808
IMAGINARY
          0   0.0358645 -0.00499572   0.0153506
 -0.0358645           0  -0.0036367  -0.0195076
 0.00499572   0.0036367           0  0.00453288
 -0.0153506   0.0195076 -0.00453288           0
EndNode2[0]<--->HoM1[0]
REAL
     0.3733   0.0013364   0.0223544    0.252809
  0.0013364     0.13597    0.047452   -0.013216
  0.0223544    0.047452    0.123609 -0.00655833
   0.252809   -0.013216 -0.00655833     0.36712
IMAGINARY
          0 -0.00189384 -0.00807342 -0.00425851
 0.00189384           0  -0.0087285  -0.0225388
 0.00807342   0.0087285           0  0.00572037
 0.00425851   0.0225388 -0.00572037           0
Repeater1[0]<--->EndNode1[0]
REAL
   0.370138  0.00861149  0.00676389    0.250379
 0.00861149    0.148055   0.0709088 -0.00216468
 0.00676389   0.0709088    0.132999  -0.0145248
   0.250379 -0.00216468  -0.0145248    0.348808
IMAGINARY
          0 -0.00499572   0.0358645   0.0153506
 0.00499572           0   0.0036367  0.00453288
 -0.0358645  -0.0036367           0  -0.0195076
 -0.0153506 -0.00453288   0.0195076           0
Repeater1[0]<--->HoM1[0]
REAL
     0.3733   0.0223544   0.0013364    0.252809
  0.0223544    0.123609    0.047452 -0.00655833
  0.0013364    0.047452     0.13597   -0.013216
   0.252809 -0.00655833   -0.013216     0.36712
IMAGINARY
          0 -0.00807342 -0.00189384 -0.00425851
 0.00807342           0   0.0087285  0.00572037
 0.00189384  -0.0087285           0  -0.0225388
 0.00425851 -0.00572037   0.0225388           0
EndNode1[0]<--->Repeater1[0]
REAL
  0.364322  0.0058804 0.00634948   0.241486
 0.0058804   0.138191  0.0756636  0.0144576
0.00634948  0.0756636   0.124372  0.0111436
  0.241486  0.0144576  0.0111436   0.373116
IMAGINARY
          0  -0.0244188 -0.00379747 -0.00911708
  0.0244188           0   0.0173345   0.0164557
 0.00379747  -0.0173345           0  -0.0211508
 0.00911708  -0.0164557   0.0211508           0
EndNode2[0]<--->HoM1[0]
REAL
 0.370712  0.021736 0.0131028  0.268644
 0.021736  0.149077 0.0512798 0.0169099
0.0131028 0.0512798  0.135884 0.0121082
 0.268644 0.0169099 0.0121082  0.344327
IMAGINARY
           0   0.00854343  -0.00504988    0.0168136
 -0.00854343            0  0.000516324  -0.00192097
  0.00504988 -0.000516324            0   -0.0231188
  -0.0168136   0.00192097    0.0231188            0
Repeater1[0]<--->EndNode1[0]
REAL
  0.364322 0.00634948  0.0058804   0.241486
0.00634948   0.124372  0.0756636  0.0111436
 0.0058804  0.0756636   0.138191  0.0144576
  0.241486  0.0111436  0.0144576   0.373116
IMAGINARY
          0 -0.00379747  -0.0244188 -0.00911708
 0.00379747           0  -0.0173345  -0.0211508
  0.0244188   0.0173345           0   0.0164557
 0.00911708   0.0211508  -0.0164557           0
Repeater1[0]<--->HoM1[0]
REAL
 0.370712 0.0131028  0.021736  0.268644
0.0131028  0.135884 0.0512798 0.0121082
 0.021736 0.0512798  0.149077 0.0169099
 0.268644 0.0121082 0.0169099  0.344327
IMAGINARY
           0  -0.00504988   0.00854343    0.0168136
  0.00504988            0 -0.000516324   -0.0231188
 -0.00854343  0.000516324            0  -0.00192097
  -0.0168136    0.0231188   0.00192097            0
EndNode1[0]<--->Repeater1[0]
REAL
  0.37274 0.0140469 0.0109603  0.267496
0.0140469  0.144645 0.0680136 0.0164548
0.0109603 0.0680136  0.133519 0.0264231
 0.267496 0.0164548 0.0264231  0.349096
IMAGINARY
           0   0.00725979   -0.0273382  -0.00299592
 -0.00725979            0  -0.00421247  -0.00504521
   0.0273382   0.00421247            0 -0.000783106
  0.00299592   0.00504521  0.000783106            0
EndNode2[0]<--->HoM1[0]
REAL
    0.363636    0.0130155 -0.000957883     0.268261
   0.0130155      0.12076    0.0528459  0.000314382
-0.000957883    0.0528459      0.14654      0.02109
    0.268261  0.000314382      0.02109     0.369064
IMAGINARY
           0  -0.00352087  0.000689049    -0.032284
  0.00352087            0    0.0222957   0.00260476
-0.000689049   -0.0222957            0   0.00286211
    0.032284  -0.00260476  -0.00286211            0
Repeater1[0]<--->EndNode1[0]
REAL
  0.37274 0.0109603 0.0140469  0.267496
0.0109603  0.133519 0.0680136 0.0264231
0.0140469 0.0680136  0.144645 0.0164548
 0.267496 0.0264231 0.0164548  0.349096
IMAGINARY
           0   -0.0273382   0.00725979  -0.00299592
   0.0273382            0   0.00421247 -0.000783106
 -0.00725979  -0.00421247            0  -0.00504521
  0.00299592  0.000783106   0.00504521            0
Repeater1[0]<--->HoM1[0]
REAL
    0.363636 -0.000957883    0.0130155     0.268261
-0.000957883      0.14654    0.0528459      0.02109
   0.0130155    0.0528459      0.12076  0.000314382
    0.268261      0.02109  0.000314382     0.369064
IMAGINARY
           0  0.000689049  -0.00352087    -0.032284
-0.000689049            0   -0.0222957   0.00286211
  0.00352087    0.0222957            0   0.00260476
    0.032284  -0.00286211  -0.00260476            0
EndNode1[0]<--->Repeater1[0]
REAL
   0.373219  0.00460405 -0.00424131     0.26389
 0.00460405    0.102564   0.0703002  0.00681201
-0.00424131   0.0703002     0.15812 -0.00846009
    0.26389  0.00681201 -0.00846009    0.366097
IMAGINARY
          0   0.0166667 -0.00956054    0.011317
 -0.0166667           0 -0.00951631  -0.0122343
 0.00956054  0.00951631           0  0.00641026
  -0.011317   0.0122343 -0.00641026           0
EndNode2[0]<--->HoM1[0]
REAL
   0.371394   0.0143276  -0.0126171    0.251445
  0.0143276    0.140625   0.0636144 -0.00125345
 -0.0126171   0.0636144    0.138221  -0.0281982
   0.251445 -0.00125345  -0.0281982     0.34976
IMAGINARY
          0   0.0130749   0.0159455 -0.00513753
 -0.0130749           0   0.0154468  -0.0199138
 -0.0159455  -0.0154468           0  0.00147538
 0.00513753   0.0199138 -0.00147538           0
Repeater1[0]<--->EndNode1[0]
REAL
   0.373219 -0.00424131  0.00460405     0.26389
-0.00424131     0.15812   0.0703002 -0.00846009
 0.00460405   0.0703002    0.102564  0.00681201
    0.26389 -0.00846009  0.00681201    0.366097
IMAGINARY
          0 -0.00956054   0.0166667    0.011317
 0.00956054           0  0.00951631  0.00641026
 -0.0166667 -0.00951631           0  -0.0122343
  -0.011317 -0.00641026   0.0122343           0
Repeater1[0]<--->HoM1[0]
REAL
   0.371394  -0.0126171   0.0143276    0.251445
 -0.0126171    0.138221   0.0636144  -0.0281982
  0.0143276   0.0636144    0.140625 -0.00125345
   0.251445  -0.0281982 -0.00125345     0.34976
IMAGINARY
          0   0.0159455   0.0130749 -0.00513753
 -0.0159455           0  -0.0154468  0.00147538
 -0.0130749   0.0154468           0  -0.0199138
 0.00513753 -0.00147538   0.0199138           0
EndNode1[0]<--->Repeater1[0]
REAL
  0.364256  0.0135228 -0.0119087   0.245054
 0.0135228   0.163711  0.0471374 0.00561149
-0.0119087  0.0471374   0.141883   0.014185
  0.245054 0.00561149   0.014185    0.33015
IMAGINARY
           0  -0.00111829    0.0176753    0.0152061
  0.00111829            0  0.000732461  -0.00595655
  -0.0176753 -0.000732461            0    0.0258579
  -0.0152061   0.00595655   -0.0258579            0
EndNode2[0]<--->HoM1[0]
REAL
    0.377312   -0.0100724 -0.000766024     0.266274
  -0.0100724     0.135635    0.0656283  -0.00352845
-0.000766024    0.0656283     0.127004   0.00945888
    0.266274  -0.00352845   0.00945888     0.360049
IMAGINARY
          0 -0.00703296 -0.00453357 -0.00710785
 0.00703296           0   0.0187074  -0.0180471
 0.00453357  -0.0187074           0  0.00380715
 0.00710785   0.0180471 -0.00380715           0
Repeater1[0]<--->EndNode1[0]
REAL
  0.364256 -0.0119087  0.0135228   0.245054
-0.0119087   0.141883  0.0471374   0.014185
 0.0135228  0.0471374   0.163711 0.00561149
  0.245054   0.014185 0.00561149    0.33015
IMAGINARY
           0    0.0176753  -0.00111829    0.0152061
  -0.0176753            0 -0.000732461    0.0258579
  0.00111829  0.000732461            0  -0.00595655
  -0.0152061   -0.0258579   0.00595655            0
Repeater1[0]<--->HoM1[0]
REAL
    0.377312 -0.000766024   -0.0100724     0.266274
-0.000766024     0.127004    0.0656283   0.00945888
  -0.0100724    0.0656283     0.135635  -0.00352845
    0.266274   0.00945888  -0.00352845     0.360049
IMAGINARY
          0 -0.00453357 -0.00703296 -0.00710785
 0.00453357           0  -0.0187074  0.00380715
 0.00703296   0.0187074           0  -0.0180471
 0.00710785 -0.00380715   0.0180471           0
EndNode1[0]<--->Repeater1[0]
REAL
   0.351459   0.0119313    0.001777    0.277374
  0.0119313     0.16313   0.0367287  0.00847941
   0.001777   0.0367287    0.151194 -0.00295699
   0.277374  0.00847941 -0.00295699    0.334218
IMAGINARY
           0  -0.00968987   0.00293516   -0.0114358
  0.00968987            0  0.000635324   0.00674226
 -0.00293516 -0.000635324            0   -0.0193424
   0.0114358  -0.00674226    0.0193424            0
EndNode2[0]<--->HoM1[0]
REAL
    0.343447   -0.0067176   -0.0155492     0.267919
  -0.0067176     0.139563    0.0513418 -0.000281979
  -0.0155492    0.0513418     0.165049    0.0159524
    0.267919 -0.000281979    0.0159524     0.351942
IMAGINARY
           0   -0.0272554    0.0119859 -0.000742385
   0.0272554            0   -0.0146818  -0.00530137
  -0.0119859    0.0146818            0  -0.00616701
 0.000742385   0.00530137   0.00616701            0
Repeater1[0]<--->EndNode1[0]
REAL
   0.351459    0.001777   0.0119313    0.277374
   0.001777    0.151194   0.0367287 -0.00295699
  0.0119313   0.0367287     0.16313  0.00847941
   0.277374 -0.00295699  0.00847941    0.334218
IMAGINARY
           0   0.00293516  -0.00968987   -0.0114358
 -0.00293516            0 -0.000635324   -0.0193424
  0.00968987  0.000635324            0   0.00674226
   0.0114358    0.0193424  -0.00674226            0
Repeater1[0]<--->HoM1[0]
REAL
    0.343447   -0.0155492   -0.0067176     0.267919
  -0.0155492     0.165049    0.0513418    0.0159524
  -0.0067176    0.0513418     0.139563 -0.000281979
    0.267919    0.0159524 -0.000281979     0.351942
IMAGINARY
           0    0.0119859   -0.0272554 -0.000742385
  -0.0119859            0    0.0146818  -0.00616701
   0.0272554   -0.0146818            0  -0.00530137
 0.000742385   0.00616701   0.00530137            0
EndNode1[0]<--->Repeater1[0]
REAL
  0.375969 -0.0132847 0.00145488   0.264109
-0.0132847   0.145995  0.0369518 -0.0186963
0.00145488  0.0369518   0.155039 -0.0145668
  0.264109 -0.0186963 -0.0145668   0.322997
IMAGINARY
          0 -0.00698724  -0.0047617  0.00333115
 0.00698724           0 -0.00583115 -0.00919769
  0.0047617  0.00583115           0  0.00952531
-0.00333115  0.00919769 -0.00952531           0
EndNode2[0]<--->HoM1[0]
REAL
   0.386152  -0.0287035   0.0195422    0.257023
 -0.0287035    0.129161   0.0743802 -0.00474171
  0.0195422   0.0743802    0.161119    0.013903
   0.257023 -0.00474171    0.013903    0.323569
IMAGINARY
           0  -0.00970331   -0.0183429   -0.0107172
  0.00970331            0    0.0205727   0.00150349
   0.0183429   -0.0205727            0 -0.000659383
   0.0107172  -0.00150349  0.000659383            0
Repeater1[0]<--->EndNode1[0]
REAL
  0.375969 0.00145488 -0.0132847   0.264109
0.00145488   0.155039  0.0369518 -0.0145668
-0.0132847  0.0369518   0.145995 -0.0186963
  0.264109 -0.0145668 -0.0186963   0.322997
IMAGINARY
          0  -0.0047617 -0.00698724  0.00333115
  0.0047617           0  0.00583115  0.00952531
 0.00698724 -0.00583115           0 -0.00919769
-0.00333115 -0.00952531  0.00919769           0
Repeater1[0]<--->HoM1[0]
REAL
   0.386152   0.0195422  -0.0287035    0.257023
  0.0195422    0.161119   0.0743802    0.013903
 -0.0287035   0.0743802    0.129161 -0.00474171
   0.257023    0.013903 -0.00474171    0.323569
IMAGINARY
           0   -0.0183429  -0.00970331   -0.0107172
   0.0183429            0   -0.0205727 -0.000659383
  0.00970331    0.0205727            0   0.00150349
   0.0107172  0.000659383  -0.00150349            0
EndNode1[0]<--->Repeater1[0]
REAL
   0.354592 -0.00974699  0.00407732    0.258081
-0.00974699    0.146684   0.0685165  0.00961238
 0.00407732   0.0685165    0.141582   0.0143102
   0.258081  0.00961238   0.0143102    0.357143
IMAGINARY
         0 -0.0188924  0.0056458  0.0180683
 0.0188924          0  0.0180683 -0.0102693
-0.0056458 -0.0180683          0  0.0221949
-0.0180683  0.0102693 -0.0221949          0
EndNode2[0]<--->HoM1[0]
REAL
  0.357881 -0.0148828 -0.0248396   0.260378
-0.0148828   0.142119  0.0439409 -0.0203696
-0.0248396  0.0439409   0.144703 -0.0154816
  0.260378 -0.0203696 -0.0154816   0.355297
IMAGINARY
          0  -0.0101673   0.0282043  0.00333751
  0.0101673           0  0.00646642  0.00128125
 -0.0282043 -0.00646642           0  -0.0142995
-0.00333751 -0.00128125   0.0142995           0
Repeater1[0]<--->EndNode1[0]
REAL
   0.354592  0.00407732 -0.00974699    0.258081
 0.00407732    0.141582   0.0685165   0.0143102
-0.00974699   0.0685165    0.146684  0.00961238
   0.258081   0.0143102  0.00961238    0.357143
IMAGINARY
         0  0.0056458 -0.0188924  0.0180683
-0.0056458          0 -0.0180683  0.0221949
 0.0188924  0.0180683          0 -0.0102693
-0.0180683 -0.0221949  0.0102693          0
Repeater1[0]<--->HoM1[0]
REAL
  0.357881 -0.0248396 -0.0148828   0.260378
-0.0248396   0.144703  0.0439409 -0.0154816
-0.0148828  0.0439409   0.142119 -0.0203696
  0.260378 -0.0154816 -0.0203696   0.355297
IMAGINARY
          0   0.0282043  -0.0101673  0.00333751
 -0.0282043           0 -0.00646642  -0.0142995
  0.0101673  0.00646642           0  0.00128125
-0.00333751   0.0142995 -0.00128125           0
EndNode1[0]<--->Repeater1[0]
REAL
   0.360736  0.00790371 -0.00891035     0.26072
 0.00790371    0.132515   0.0413772  -0.0140254
-0.00891035   0.0413772    0.148466  -0.0111803
    0.26072  -0.0140254  -0.0111803    0.358282
IMAGINARY
          0 -0.00984445 -0.00682072  0.00540871
 0.00984445           0  0.00868525  0.00366017
 0.00682072 -0.00868525           0    0.013005
-0.00540871 -0.00366017   -0.013005           0
EndNode2[0]<--->HoM1[0]
REAL
   0.368217   0.0109794   0.0159928     0.27233
  0.0109794    0.129199   0.0480131 -0.00740624
  0.0159928   0.0480131    0.155039  -0.0156029
    0.27233 -0.00740624  -0.0156029    0.347545
IMAGINARY
           0     0.006938   0.00486696 -0.000510102
   -0.006938            0    -0.010263   -0.0237226
 -0.00486696     0.010263            0    0.0275223
 0.000510102    0.0237226   -0.0275223            0
Repeater1[0]<--->EndNode1[0]
REAL
   0.360736 -0.00891035  0.00790371     0.26072
-0.00891035    0.148466   0.0413772  -0.0111803
 0.00790371   0.0413772    0.132515  -0.0140254
    0.26072  -0.0111803  -0.0140254    0.358282
IMAGINARY
          0 -0.00682072 -0.00984445  0.00540871
 0.00682072           0 -0.00868525    0.013005
 0.00984445  0.00868525           0  0.00366017
-0.00540871   -0.013005 -0.00366017           0
Repeater1[0]<--->HoM1[0]
REAL
   0.368217   0.0159928   0.0109794     0.27233
  0.0159928    0.155039   0.0480131  -0.0156029
  0.0109794   0.0480131    0.129199 -0.00740624
    0.27233  -0.0156029 -0.00740624    0.347545
IMAGINARY
           0   0.00486696     0.006938 -0.000510102
 -0.00486696            0     0.010263    0.0275223
   -0.006938    -0.010263            0   -0.0237226
 0.000510102   -0.0275223    0.0237226            0
EndNode1[0]<--->Repeater1[0]
REAL
   0.418182 -0.00641328 -0.00155514    0.264024
-0.00641328    0.118182   0.0577579 0.000317518
-0.00155514   0.0577579    0.118182   0.0101262
   0.264024 0.000317518   0.0101262    0.345455
IMAGINARY
          0   0.0102458   0.0215747   0.0123051
 -0.0102458           0 -0.00550659  0.00845138
 -0.0215747  0.00550659           0   0.0158638
 -0.0123051 -0.00845138  -0.0158638           0
EndNode2[0]<--->HoM1[0]
REAL
   0.388078  -0.0181562    -0.00611      0.2501
 -0.0181562    0.141119   0.0522107 -0.00223403
   -0.00611   0.0522107    0.156934  0.00724482
     0.2501 -0.00223403  0.00724482    0.313869
IMAGINARY
          0   0.0297849 -0.00564905  -0.0136607
 -0.0297849           0   0.0168782 -0.00358578
 0.00564905  -0.0168782           0 -0.00867668
  0.0136607  0.00358578  0.00867668           0
Repeater1[0]<--->EndNode1[0]
REAL
   0.418182 -0.00155514 -0.00641328    0.264024
-0.00155514    0.118182   0.0577579   0.0101262
-0.00641328   0.0577579    0.118182 0.000317518
   0.264024   0.0101262 0.000317518    0.345455
IMAGINARY
          0   0.0215747   0.0102458   0.0123051
 -0.0215747           0  0.00550659   0.0158638
 -0.0102458 -0.00550659           0  0.00845138
 -0.0123051  -0.0158638 -0.00845138           0
Repeater1[0]<--->HoM1[0]
REAL
   0.388078    -0.00611  -0.0181562      0.2501
   -0.00611    0.156934   0.0522107  0.00724482
 -0.0181562   0.0522107    0.141119 -0.00223403
     0.2501  0.00724482 -0.00223403    0.313869
IMAGINARY
          0 -0.00564905   0.0297849  -0.0136607
 0.00564905           0  -0.0168782 -0.00867668
 -0.0297849   0.0168782           0 -0.00358578
  0.0136607  0.00867668  0.00358578           0
EndNode1[0]<--->Repeater1[0]
REAL
   0.332432  -0.0068843 -0.00364532    0.257621
 -0.0068843    0.163514   0.0351828  -0.0124837
-0.00364532   0.0351828    0.132432  -0.0154482
   0.257621  -0.0124837  -0.0154482    0.371622
IMAGINARY
           0   0.00454696    0.0109821    0.0101878
 -0.00454696            0    0.0229755  4.25662e-05
  -0.0109821   -0.0229755            0   0.00518067
  -0.0101878 -4.25662e-05  -0.00518067            0
EndNode2[0]<--->HoM1[0]
REAL
   0.353015 -0.00335659  0.00377612    0.246438
-0.00335659     0.13191   0.0600556   0.0092109
 0.00377612   0.0600556    0.154523 -0.00833172
   0.246438   0.0092109 -0.00833172    0.360553
IMAGINARY
          0  -0.0112821   0.0155847   -0.011433
  0.0112821           0  0.00618215    0.019491
 -0.0155847 -0.00618215           0  -0.0100384
   0.011433   -0.019491   0.0100384           0
Repeater1[0]<--->EndNode1[0]
REAL
   0.332432 -0.00364532  -0.0068843    0.257621
-0.00364532    0.132432   0.0351828  -0.0154482
 -0.0068843   0.0351828    0.163514  -0.0124837
   0.257621  -0.0154482  -0.0124837    0.371622
IMAGINARY
           0    0.0109821   0.00454696    0.0101878
  -0.0109821            0   -0.0229755   0.00518067
 -0.00454696    0.0229755            0  4.25662e-05
  -0.0101878  -0.00518067 -4.25662e-05            0
Repeater1[0]<--->HoM1[0]
REAL
   0.353015  0.00377612 -0.00335659    0.246438
 0.00377612    0.154523   0.0600556 -0.00833172
-0.00335659   0.0600556     0.13191   0.0092109
   0.246438 -0.00833172   0.0092109    0.360553
IMAGINARY
          0   0.0155847  -0.0112821   -0.011433
 -0.0155847           0 -0.00618215  -0.0100384
  0.0112821  0.00618215           0    0.019491
   0.011433   0.0100384   -0.019491           0
EndNode1[0]<--->Repeater1[0]
REAL
   0.365183  -0.0282152 -0.00279355     0.26829
 -0.0282152    0.138743   0.0676684   0.0132922
-0.00279355   0.0676684     0.15445   0.0111549
    0.26829   0.0132922   0.0111549    0.341623
IMAGINARY
          0   0.0159381  0.00464118  -0.0252749
 -0.0159381           0  -0.0438409  0.00716007
-0.00464118   0.0438409           0  -0.0140747
  0.0252749 -0.00716007   0.0140747           0
EndNode2[0]<--->HoM1[0]
REAL
    0.34355  -0.0173389 -0.00927845    0.261879
 -0.0173389    0.164751   0.0563023  0.00660465
-0.00927845   0.0563023    0.122605   0.0226865
   0.261879  0.00660465   0.0226865    0.369093
IMAGINARY
           0  -0.00904097  -0.00110979 -0.000669349
  0.00904097            0  -1.7921e-06   -0.0060238
  0.00110979   1.7921e-06            0   -0.0188449
 0.000669349    0.0060238    0.0188449            0
Repeater1[0]<--->EndNode1[0]
REAL
   0.365183 -0.00279355  -0.0282152     0.26829
-0.00279355     0.15445   0.0676684   0.0111549
 -0.0282152   0.0676684    0.138743   0.0132922
    0.26829   0.0111549   0.0132922    0.341623
IMAGINARY
          0  0.00464118   0.0159381  -0.0252749
-0.00464118           0   0.0438409  -0.0140747
 -0.0159381  -0.0438409           0  0.00716007
  0.0252749   0.0140747 -0.00716007           0
Repeater1[0]<--->HoM1[0]
REAL
    0.34355 -0.00927845  -0.0173389    0.261879
-0.00927845    0.122605   0.0563023   0.0226865
 -0.0173389   0.0563023    0.164751  0.00660465
   0.261879   0.0226865  0.00660465    0.369093
IMAGINARY
           0  -0.00110979  -0.00904097 -0.000669349
  0.00110979            0   1.7921e-06   -0.0188449
  0.00904097  -1.7921e-06            0   -0.0060238
 0.000669349    0.0188449    0.0060238            0
EndNode1[0]<--->Repeater1[0]
REAL
  0.357143  0.0252151 -0.0180959   0.270666
 0.0252151   0.146489   0.045123  0.0143365
-0.0180959   0.045123   0.146489 -0.0101775
  0.270666  0.0143365 -0.0101775   0.349879
IMAGINARY
          0  0.00421765    0.019529  0.00843892
-0.00421765           0   0.0150179  -0.0222464
  -0.019529  -0.0150179           0 -0.00150026
-0.00843892   0.0222464  0.00150026           0
EndNode2[0]<--->HoM1[0]
REAL
    0.389381 -0.000710594    0.0230301     0.266263
-0.000710594     0.136536    0.0386465   0.00151771
   0.0230301    0.0386465       0.1378   -0.0173773
    0.266263   0.00151771   -0.0173773     0.336283
IMAGINARY
          0 -0.00314208  -0.0188069  0.00322798
 0.00314208           0 -0.00772092 -0.00200017
  0.0188069  0.00772092           0   0.0340374
-0.00322798  0.00200017  -0.0340374           0
Repeater1[0]<--->EndNode1[0]
REAL
  0.357143 -0.0180959  0.0252151   0.270666
-0.0180959   0.146489   0.045123 -0.0101775
 0.0252151   0.045123   0.146489  0.0143365
  0.270666 -0.0101775  0.0143365   0.349879
IMAGINARY
          0    0.019529  0.00421765  0.00843892
  -0.019529           0  -0.0150179 -0.00150026
-0.00421765   0.0150179           0  -0.0222464
-0.00843892  0.00150026   0.0222464           0
Repeater1[0]<--->HoM1[0]
REAL
    0.389381    0.0230301 -0.000710594     0.266263
   0.0230301       0.1378    0.0386465   -0.0173773
-0.000710594    0.0386465     0.136536   0.00151771
    0.266263   -0.0173773   0.00151771     0.336283
IMAGINARY
          0  -0.0188069 -0.00314208  0.00322798
  0.0188069           0  0.00772092   0.0340374
 0.00314208 -0.00772092           0 -0.00200017
-0.00322798  -0.0340374  0.00200017           0
EndNode1[0]<--->Repeater1[0]
REAL
   0.349105 -0.00722467 -0.00234457    0.261094
-0.00722467    0.116368   0.0680119  -0.0183497
-0.00234457   0.0680119    0.153453 -0.00278868
   0.261094  -0.0183497 -0.00278868    0.381074
IMAGINARY
          0  -0.0243987   0.0173466   0.0157024
  0.0243987           0   0.0222641   0.0147288
 -0.0173466  -0.0222641           0  0.00993334
 -0.0157024  -0.0147288 -0.00993334           0
EndNode2[0]<--->HoM1[0]
REAL
  0.353316  0.0156595 0.00687354   0.274928
 0.0156595   0.135204  0.0573296 -0.0178413
0.00687354  0.0573296   0.151786 0.00950183
  0.274928 -0.0178413 0.00950183   0.359694
IMAGINARY
          0 -0.00393364   0.0043611 -0.00641757
 0.00393364           0  -0.0162215   0.0222419
 -0.0043611   0.0162215           0  -0.0294906
 0.00641757  -0.0222419   0.0294906           0
Repeater1[0]<--->EndNode1[0]
REAL
   0.349105 -0.00234457 -0.00722467    0.261094
