EndNode1[0]<--->Repeater1[0]
REAL
   0.469599  -0.0142855  0.00307159    0.255106
 -0.0142855   0.0362225  0.00321694  0.00371016
 0.00307159  0.00321694   0.0582147 -0.00112759
   0.255106  0.00371016 -0.00112759    0.435964
IMAGINARY
           0    0.0115866    0.0135459 -0.000761647
  -0.0115866            0  -0.00199317   0.00408639
  -0.0135459   0.00199317            0  -0.00277047
 0.000761647  -0.00408639   0.00277047            0
EndNode2[0]<--->HoM1[0]
REAL
   0.453856  0.00565325  0.00855682    0.237823
 0.00565325   0.0518331 -0.00124998   0.0119035
 0.00855682 -0.00124998   0.0505689   0.0122496
   0.237823   0.0119035   0.0122496    0.443742
IMAGINARY
          0 -0.00765505  0.00133636  0.00360778
 0.00765505           0  0.00541284   0.0205179
-0.00133636 -0.00541284           0  -0.0102257
-0.00360778  -0.0205179   0.0102257           0
Repeater1[0]<--->EndNode1[0]
REAL
   0.469599  0.00307159  -0.0142855    0.255106
 0.00307159   0.0582147  0.00321694 -0.00112759
 -0.0142855  0.00321694   0.0362225  0.00371016
   0.255106 -0.00112759  0.00371016    0.435964
IMAGINARY
           0    0.0135459    0.0115866 -0.000761647
  -0.0135459            0   0.00199317  -0.00277047
  -0.0115866  -0.00199317            0   0.00408639
 0.000761647   0.00277047  -0.00408639            0
Repeater1[0]<--->HoM1[0]
REAL
   0.453856  0.00855682  0.00565325    0.237823
 0.00855682   0.0505689 -0.00124998   0.0122496
 0.00565325 -0.00124998   0.0518331   0.0119035
   0.237823   0.0122496   0.0119035    0.443742
IMAGINARY
          0  0.00133636 -0.00765505  0.00360778
-0.00133636           0 -0.00541284  -0.0102257
 0.00765505  0.00541284           0   0.0205179
-0.00360778   0.0102257  -0.0205179           0
EndNode1[0]<--->Repeater1[0]
REAL
   0.445187  -0.0182158  0.00251516    0.236052
 -0.0182158   0.0561497  -0.0154635 -0.00496614
 0.00251516  -0.0154635   0.0601604 -0.00139208
   0.236052 -0.00496614 -0.00139208    0.438503
IMAGINARY
          0  0.00213528   0.0204336   0.0178021
-0.00213528           0  0.00905211  -0.0125548
 -0.0204336 -0.00905211           0  -0.0112262
 -0.0178021   0.0125548   0.0112262           0
EndNode2[0]<--->HoM1[0]
REAL
   0.468286 -0.00594982  0.00355617    0.263936
-0.00594982   0.0688259  0.00816899 -0.00791482
 0.00355617  0.00816899   0.0634278  -0.0121075
   0.263936 -0.00791482  -0.0121075     0.39946
IMAGINARY
           0   0.00748951   -0.0164447   -0.0122374
 -0.00748951            0    -0.019316  0.000840866
   0.0164447     0.019316            0    0.0189691
   0.0122374 -0.000840866   -0.0189691            0
Repeater1[0]<--->EndNode1[0]
REAL
   0.445187  0.00251516  -0.0182158    0.236052
 0.00251516   0.0601604  -0.0154635 -0.00139208
 -0.0182158  -0.0154635   0.0561497 -0.00496614
   0.236052 -0.00139208 -0.00496614    0.438503
IMAGINARY
          0   0.0204336  0.00213528   0.0178021
 -0.0204336           0 -0.00905211  -0.0112262
-0.00213528  0.00905211           0  -0.0125548
 -0.0178021   0.0112262   0.0125548           0
Repeater1[0]<--->HoM1[0]
REAL
   0.468286  0.00355617 -0.00594982    0.263936
 0.00355617   0.0634278  0.00816899  -0.0121075
-0.00594982  0.00816899   0.0688259 -0.00791482
   0.263936  -0.0121075 -0.00791482     0.39946
IMAGINARY
           0   -0.0164447   0.00748951   -0.0122374
   0.0164447            0     0.019316    0.0189691
 -0.00748951    -0.019316            0  0.000840866
   0.0122374   -0.0189691 -0.000840866            0
EndNode1[0]<--->Repeater1[0]
REAL
   0.424757 -0.00291977 0.000349015    0.239899
-0.00291977   0.0546117 -0.00638978  0.00228951
0.000349015 -0.00638978   0.0716019 0.000281251
   0.239899  0.00228951 0.000281251    0.449029
IMAGINARY
          0   0.0124198  0.00573245  0.00556429
 -0.0124198           0  -0.0165038 -0.00910626
-0.00573245   0.0165038           0  -0.0171432
-0.00556429  0.00910626   0.0171432           0
EndNode2[0]<--->HoM1[0]
REAL
  0.433373 0.00663076 0.00456427   0.239785
0.00663076  0.0564226 -0.0151295 0.00106777
0.00456427 -0.0151295  0.0684274  0.0215294
  0.239785 0.00106777  0.0215294   0.441777
IMAGINARY
          0   0.0149815  0.00292971  0.00391645
 -0.0149815           0  -0.0326371  0.00558929
-0.00292971   0.0326371           0  -0.0195687
-0.00391645 -0.00558929   0.0195687           0
Repeater1[0]<--->EndNode1[0]
REAL
   0.424757 0.000349015 -0.00291977    0.239899
0.000349015   0.0716019 -0.00638978 0.000281251
-0.00291977 -0.00638978   0.0546117  0.00228951
   0.239899 0.000281251  0.00228951    0.449029
IMAGINARY
          0  0.00573245   0.0124198  0.00556429
-0.00573245           0   0.0165038  -0.0171432
 -0.0124198  -0.0165038           0 -0.00910626
-0.00556429   0.0171432  0.00910626           0
Repeater1[0]<--->HoM1[0]
REAL
  0.433373 0.00456427 0.00663076   0.239785
0.00456427  0.0684274 -0.0151295  0.0215294
0.00663076 -0.0151295  0.0564226 0.00106777
  0.239785  0.0215294 0.00106777   0.441777
IMAGINARY
          0  0.00292971   0.0149815  0.00391645
-0.00292971           0   0.0326371  -0.0195687
 -0.0149815  -0.0326371           0  0.00558929
-0.00391645   0.0195687 -0.00558929           0
EndNode1[0]<--->Repeater1[0]
REAL
   0.445722 -0.00583767 -0.00132517    0.268807
-0.00583767   0.0702427 -0.00153424   0.0116282
-0.00132517 -0.00153424   0.0651341  -0.0153745
   0.268807   0.0116282  -0.0153745    0.418902
IMAGINARY
          0  0.00984252  0.00163324  0.00513555
-0.00984252           0   -0.014813 -0.00688258
-0.00163324    0.014813           0  0.00984252
-0.00513555  0.00688258 -0.00984252           0
EndNode2[0]<--->HoM1[0]
REAL
   0.444159  0.00187702 -0.00280264    0.244045
 0.00187702    0.055199  -0.0115697  0.00208733
-0.00280264  -0.0115697   0.0603338   0.0217281
   0.244045  0.00208733   0.0217281    0.440308
IMAGINARY
           0   0.00394178  0.000349727    0.0231217
 -0.00394178            0  -0.00479709   0.00163178
-0.000349727   0.00479709            0   0.00332374
  -0.0231217  -0.00163178  -0.00332374            0
Repeater1[0]<--->EndNode1[0]
REAL
   0.445722 -0.00132517 -0.00583767    0.268807
-0.00132517   0.0651341 -0.00153424  -0.0153745
-0.00583767 -0.00153424   0.0702427   0.0116282
   0.268807  -0.0153745   0.0116282    0.418902
IMAGINARY
          0  0.00163324  0.00984252  0.00513555
-0.00163324           0    0.014813  0.00984252
-0.00984252   -0.014813           0 -0.00688258
-0.00513555 -0.00984252  0.00688258           0
Repeater1[0]<--->HoM1[0]
REAL
   0.444159 -0.00280264  0.00187702    0.244045
-0.00280264   0.0603338  -0.0115697   0.0217281
 0.00187702  -0.0115697    0.055199  0.00208733
   0.244045   0.0217281  0.00208733    0.440308
IMAGINARY
           0  0.000349727   0.00394178    0.0231217
-0.000349727            0   0.00479709   0.00332374
 -0.00394178  -0.00479709            0   0.00163178
  -0.0231217  -0.00332374  -0.00163178            0
EndNode1[0]<--->Repeater1[0]
REAL
  0.439291  0.0189128 -0.0126926   0.247269
 0.0189128   0.047749 0.00211999    0.02125
-0.0126926 0.00211999  0.0682128 0.00553704
  0.247269    0.02125 0.00553704   0.444748
IMAGINARY
          0  0.00179219 -0.00793852  -0.0150202
-0.00179219           0  -0.0346653  0.00858535
 0.00793852   0.0346653           0 -0.00373268
  0.0150202 -0.00858535  0.00373268           0
EndNode2[0]<--->HoM1[0]
REAL
   0.435802 -0.00599005 -0.00452552     0.24135
-0.00599005   0.0580247 -0.00739325   -0.015528
-0.00452552 -0.00739325   0.0617284 -0.00737894
    0.24135   -0.015528 -0.00737894    0.444444
IMAGINARY
          0   0.0110107 -0.00442816 -0.00261704
 -0.0110107           0  0.00135122 -0.00939094
 0.00442816 -0.00135122           0 -0.00221677
 0.00261704  0.00939094  0.00221677           0
Repeater1[0]<--->EndNode1[0]
REAL
  0.439291 -0.0126926  0.0189128   0.247269
-0.0126926  0.0682128 0.00211999 0.00553704
 0.0189128 0.00211999   0.047749    0.02125
  0.247269 0.00553704    0.02125   0.444748
IMAGINARY
          0 -0.00793852  0.00179219  -0.0150202
 0.00793852           0   0.0346653 -0.00373268
-0.00179219  -0.0346653           0  0.00858535
  0.0150202  0.00373268 -0.00858535           0
Repeater1[0]<--->HoM1[0]
REAL
   0.435802 -0.00452552 -0.00599005     0.24135
-0.00452552   0.0617284 -0.00739325 -0.00737894
-0.00599005 -0.00739325   0.0580247   -0.015528
    0.24135 -0.00737894   -0.015528    0.444444
IMAGINARY
          0 -0.00442816   0.0110107 -0.00261704
 0.00442816           0 -0.00135122 -0.00221677
 -0.0110107  0.00135122           0 -0.00939094
 0.00261704  0.00221677  0.00939094           0
EndNode1[0]<--->Repeater1[0]
REAL
   0.418575 -0.00104172  0.00695663    0.260189
-0.00104172   0.0585242  0.00356898  0.00311048
 0.00695663  0.00356898   0.0648855 -0.00231398
   0.260189  0.00311048 -0.00231398    0.458015
IMAGINARY
          0 -0.00755182   0.0116955   0.0181949
 0.00755182           0   0.0130136   0.0280271
 -0.0116955  -0.0130136           0  -0.0132552
 -0.0181949  -0.0280271   0.0132552           0
EndNode2[0]<--->HoM1[0]
REAL
   0.449697 -0.00580142 -0.00970979     0.23351
-0.00580142   0.0618182 -0.00298588 -0.00114589
-0.00970979 -0.00298588   0.0593939 -0.00377713
    0.23351 -0.00114589 -0.00377713    0.429091
IMAGINARY
         0 -0.0011725  0.0163614  0.0258379
 0.0011725          0 -0.0219008  0.0027427
-0.0163614  0.0219008          0 -0.0073914
-0.0258379 -0.0027427  0.0073914          0
Repeater1[0]<--->EndNode1[0]
REAL
   0.418575  0.00695663 -0.00104172    0.260189
 0.00695663   0.0648855  0.00356898 -0.00231398
-0.00104172  0.00356898   0.0585242  0.00311048
   0.260189 -0.00231398  0.00311048    0.458015
IMAGINARY
          0   0.0116955 -0.00755182   0.0181949
 -0.0116955           0  -0.0130136  -0.0132552
 0.00755182   0.0130136           0   0.0280271
 -0.0181949   0.0132552  -0.0280271           0
Repeater1[0]<--->HoM1[0]
REAL
   0.449697 -0.00970979 -0.00580142     0.23351
-0.00970979   0.0593939 -0.00298588 -0.00377713
-0.00580142 -0.00298588   0.0618182 -0.00114589
    0.23351 -0.00377713 -0.00114589    0.429091
IMAGINARY
         0  0.0163614 -0.0011725  0.0258379
-0.0163614          0  0.0219008 -0.0073914
 0.0011725 -0.0219008          0  0.0027427
-0.0258379  0.0073914 -0.0027427          0
EndNode1[0]<--->Repeater1[0]
REAL
  0.467202 -0.0149237  0.0107085   0.239522
-0.0149237  0.0615797  0.0123667 0.00944266
 0.0107085  0.0123667  0.0495315 0.00610754
  0.239522 0.00944266 0.00610754   0.421687
IMAGINARY
          0 -0.00583575   0.0167406  -0.0153325
 0.00583575           0    0.012056  -0.0160971
 -0.0167406   -0.012056           0   0.0129143
  0.0153325   0.0160971  -0.0129143           0
EndNode2[0]<--->HoM1[0]
REAL
   0.456996 -0.00445428 -0.00603525    0.242294
-0.00445428   0.0539153   0.0021362  0.00275871
-0.00603525   0.0021362   0.0654685   0.0182157
   0.242294  0.00275871   0.0182157     0.42362
IMAGINARY
          0  0.00801113 -0.00522567   0.0132007
-0.00801113           0  0.00972368 -0.00264835
 0.00522567 -0.00972368           0   0.0129862
 -0.0132007  0.00264835  -0.0129862           0
Repeater1[0]<--->EndNode1[0]
REAL
  0.467202  0.0107085 -0.0149237   0.239522
 0.0107085  0.0495315  0.0123667 0.00610754
-0.0149237  0.0123667  0.0615797 0.00944266
  0.239522 0.00610754 0.00944266   0.421687
IMAGINARY
          0   0.0167406 -0.00583575  -0.0153325
 -0.0167406           0   -0.012056   0.0129143
 0.00583575    0.012056           0  -0.0160971
  0.0153325  -0.0129143   0.0160971           0
Repeater1[0]<--->HoM1[0]
REAL
   0.456996 -0.00603525 -0.00445428    0.242294
-0.00603525   0.0654685   0.0021362   0.0182157
-0.00445428   0.0021362   0.0539153  0.00275871
   0.242294   0.0182157  0.00275871     0.42362
IMAGINARY
          0 -0.00522567  0.00801113   0.0132007
 0.00522567           0 -0.00972368   0.0129862
-0.00801113  0.00972368           0 -0.00264835
 -0.0132007  -0.0129862  0.00264835           0
EndNode1[0]<--->Repeater1[0]
REAL
    0.422721   -0.0154649   -0.0132184     0.233327
  -0.0154649    0.0713342   0.00651018 -0.000331769
  -0.0132184   0.00651018    0.0528402   0.00191477
    0.233327 -0.000331769   0.00191477     0.453104
IMAGINARY
         0 -0.0114402  0.0281067 -0.0147976
 0.0114402          0 -0.0243669   0.015753
-0.0281067  0.0243669          0 -0.0299131
 0.0147976  -0.015753  0.0299131          0
EndNode2[0]<--->HoM1[0]
REAL
   0.436997  0.00745785 -0.00333751    0.245558
 0.00745785   0.0616622  -0.0181712  0.00710635
-0.00333751  -0.0181712   0.0723861 -0.00745785
   0.245558  0.00710635 -0.00745785    0.428954
IMAGINARY
          0  0.00392584   0.0295314  -0.0186676
-0.00392584           0  0.00340046    -0.02123
 -0.0295314 -0.00340046           0 -0.00839582
  0.0186676     0.02123  0.00839582           0
Repeater1[0]<--->EndNode1[0]
REAL
    0.422721   -0.0132184   -0.0154649     0.233327
  -0.0132184    0.0528402   0.00651018   0.00191477
  -0.0154649   0.00651018    0.0713342 -0.000331769
    0.233327   0.00191477 -0.000331769     0.453104
IMAGINARY
         0  0.0281067 -0.0114402 -0.0147976
-0.0281067          0  0.0243669 -0.0299131
 0.0114402 -0.0243669          0   0.015753
 0.0147976  0.0299131  -0.015753          0
Repeater1[0]<--->HoM1[0]
REAL
   0.436997 -0.00333751  0.00745785    0.245558
-0.00333751   0.0723861  -0.0181712 -0.00745785
 0.00745785  -0.0181712   0.0616622  0.00710635
   0.245558 -0.00745785  0.00710635    0.428954
IMAGINARY
          0   0.0295314  0.00392584  -0.0186676
 -0.0295314           0 -0.00340046 -0.00839582
-0.00392584  0.00340046           0    -0.02123
  0.0186676  0.00839582     0.02123           0
EndNode1[0]<--->Repeater1[0]
REAL
   0.421185 -0.00912642   0.0167526     0.24647
-0.00912642   0.0693569  0.00157191  -0.0271965
  0.0167526  0.00157191   0.0630517  -0.0182887
    0.24647  -0.0271965  -0.0182887    0.446406
IMAGINARY
          0  0.00187848  0.00954048 -0.00355669
-0.00187848           0  -0.0086072  -0.0146425
-0.00954048   0.0086072           0  0.00577458
 0.00355669   0.0146425 -0.00577458           0
EndNode2[0]<--->HoM1[0]
REAL
   0.441701 -0.00789185  0.00266715    0.261511
-0.00789185   0.0576132 -0.00250472   0.0116186
 0.00266715 -0.00250472   0.0603567  0.00975521
   0.261511   0.0116186  0.00975521    0.440329
IMAGINARY
          0  0.00268678 -0.00858795  -0.0121695
-0.00268678           0    0.016086   0.0131512
 0.00858795   -0.016086           0  -0.0137689
  0.0121695  -0.0131512   0.0137689           0
Repeater1[0]<--->EndNode1[0]
REAL
   0.421185   0.0167526 -0.00912642     0.24647
  0.0167526   0.0630517  0.00157191  -0.0182887
-0.00912642  0.00157191   0.0693569  -0.0271965
    0.24647  -0.0182887  -0.0271965    0.446406
IMAGINARY
          0  0.00954048  0.00187848 -0.00355669
-0.00954048           0   0.0086072  0.00577458
-0.00187848  -0.0086072           0  -0.0146425
 0.00355669 -0.00577458   0.0146425           0
Repeater1[0]<--->HoM1[0]
REAL
   0.441701  0.00266715 -0.00789185    0.261511
 0.00266715   0.0603567 -0.00250472  0.00975521
-0.00789185 -0.00250472   0.0576132   0.0116186
   0.261511  0.00975521   0.0116186    0.440329
IMAGINARY
          0 -0.00858795  0.00268678  -0.0121695
 0.00858795           0   -0.016086  -0.0137689
-0.00268678    0.016086           0   0.0131512
  0.0121695   0.0137689  -0.0131512           0
EndNode1[0]<--->Repeater1[0]
REAL
  0.419847 0.00480894 0.00728242   0.266415
0.00480894  0.0559796  0.0140726 -0.0143427
0.00728242  0.0140726  0.0699746 0.00225139
  0.266415 -0.0143427 0.00225139   0.454198
IMAGINARY
          0  -0.0222398  0.00307131  -0.0068797
  0.0222398           0  -0.0031203 -0.00775672
-0.00307131   0.0031203           0  -0.0011872
  0.0068797  0.00775672   0.0011872           0
EndNode2[0]<--->HoM1[0]
REAL
  0.416237 0.00599886  0.0148795   0.237744
0.00599886  0.0554124 -0.0162246  0.0129686
 0.0148795 -0.0162246   0.064433 0.00665936
  0.237744  0.0129686 0.00665936   0.463918
IMAGINARY
          0   0.0040404 -0.00870289  -0.0187985
 -0.0040404           0  -0.0002326 -0.00452462
 0.00870289   0.0002326           0   0.0118326
  0.0187985  0.00452462  -0.0118326           0
Repeater1[0]<--->EndNode1[0]
REAL
  0.419847 0.00728242 0.00480894   0.266415
0.00728242  0.0699746  0.0140726 0.00225139
0.00480894  0.0140726  0.0559796 -0.0143427
  0.266415 0.00225139 -0.0143427   0.454198
IMAGINARY
          0  0.00307131  -0.0222398  -0.0068797
-0.00307131           0   0.0031203  -0.0011872
  0.0222398  -0.0031203           0 -0.00775672
  0.0068797   0.0011872  0.00775672           0
Repeater1[0]<--->HoM1[0]
REAL
  0.416237  0.0148795 0.00599886   0.237744
 0.0148795   0.064433 -0.0162246 0.00665936
0.00599886 -0.0162246  0.0554124  0.0129686
  0.237744 0.00665936  0.0129686   0.463918
IMAGINARY
          0 -0.00870289   0.0040404  -0.0187985
 0.00870289           0   0.0002326   0.0118326
 -0.0040404  -0.0002326           0 -0.00452462
  0.0187985  -0.0118326  0.00452462           0
EndNode1[0]<--->Repeater1[0]
REAL
    0.441592   -0.0112692    -0.015265     0.267584
  -0.0112692    0.0590501 -0.000320541  -0.00391656
   -0.015265 -0.000320541    0.0680359  -0.00023977
    0.267584  -0.00391656  -0.00023977     0.431322
IMAGINARY
           0   -0.0222435   -0.0140731  0.000333658
   0.0222435            0   0.00949596  -0.00449455
   0.0140731  -0.00949596            0    0.0394849
-0.000333658   0.00449455   -0.0394849            0
EndNode2[0]<--->HoM1[0]
REAL
     0.42803  -0.00446217   0.00427442     0.240181
 -0.00446217    0.0593434   0.00951809 -6.26289e-05
  0.00427442   0.00951809    0.0631313   0.00386049
    0.240181 -6.26289e-05   0.00386049     0.449495
IMAGINARY
          0  0.00632756 -0.00299889  -0.0212981
-0.00632756           0 -0.00293656 -0.00114475
 0.00299889  0.00293656           0  -0.0146149
  0.0212981  0.00114475   0.0146149           0
Repeater1[0]<--->EndNode1[0]
REAL
    0.441592    -0.015265   -0.0112692     0.267584
   -0.015265    0.0680359 -0.000320541  -0.00023977
  -0.0112692 -0.000320541    0.0590501  -0.00391656
    0.267584  -0.00023977  -0.00391656     0.431322
IMAGINARY
           0   -0.0140731   -0.0222435  0.000333658
   0.0140731            0  -0.00949596    0.0394849
   0.0222435   0.00949596            0  -0.00449455
-0.000333658   -0.0394849   0.00449455            0
Repeater1[0]<--->HoM1[0]
REAL
     0.42803   0.00427442  -0.00446217     0.240181
  0.00427442    0.0631313   0.00951809   0.00386049
 -0.00446217   0.00951809    0.0593434 -6.26289e-05
    0.240181   0.00386049 -6.26289e-05     0.449495
IMAGINARY
          0 -0.00299889  0.00632756  -0.0212981
 0.00299889           0  0.00293656  -0.0146149
-0.00632756 -0.00293656           0 -0.00114475
  0.0212981   0.0146149  0.00114475           0
EndNode1[0]<--->Repeater1[0]
REAL
   0.435655  -0.0159169    0.010603    0.231467
 -0.0159169   0.0436836   0.0151819  -0.0119435
   0.010603   0.0151819   0.0436836 -0.00016888
   0.231467  -0.0119435 -0.00016888    0.476978
IMAGINARY
          0 -0.00469179   0.0092126   0.0119629
 0.00469179           0   0.0263986   0.0085991
 -0.0092126  -0.0263986           0 -0.00930312
 -0.0119629  -0.0085991  0.00930312           0
EndNode2[0]<--->HoM1[0]
REAL
    0.43364   0.0410305   0.0165401    0.270658
  0.0410305   0.0525624  -0.0087535  0.00726941
  0.0165401  -0.0087535   0.0538765 -0.00821195
   0.270658  0.00726941 -0.00821195    0.459921
IMAGINARY
           0   -0.0247059   0.00771158   0.00896304
   0.0247059            0 -0.000284802    0.0150157
 -0.00771158  0.000284802            0  -0.00470588
 -0.00896304   -0.0150157   0.00470588            0
Repeater1[0]<--->EndNode1[0]
REAL
   0.435655    0.010603  -0.0159169    0.231467
   0.010603   0.0436836   0.0151819 -0.00016888
 -0.0159169   0.0151819   0.0436836  -0.0119435
   0.231467 -0.00016888  -0.0119435    0.476978
IMAGINARY
          0   0.0092126 -0.00469179   0.0119629
 -0.0092126           0  -0.0263986 -0.00930312
 0.00469179   0.0263986           0   0.0085991
 -0.0119629  0.00930312  -0.0085991           0
Repeater1[0]<--->HoM1[0]
REAL
    0.43364   0.0165401   0.0410305    0.270658
  0.0165401   0.0538765  -0.0087535 -0.00821195
  0.0410305  -0.0087535   0.0525624  0.00726941
   0.270658 -0.00821195  0.00726941    0.459921
IMAGINARY
           0   0.00771158   -0.0247059   0.00896304
 -0.00771158            0  0.000284802  -0.00470588
   0.0247059 -0.000284802            0    0.0150157
 -0.00896304   0.00470588   -0.0150157            0
EndNode1[0]<--->Repeater1[0]
REAL
   0.473342 -0.00635063 -0.00219807    0.242977
-0.00635063   0.0650195  0.00734478  -0.0190374
-0.00219807  0.00734478   0.0546164  -0.0123109
   0.242977  -0.0190374  -0.0123109    0.407022
IMAGINARY
           0   0.00191817  -0.00928628   -0.0186018
 -0.00191817            0 -0.000678422   0.00481629
  0.00928628  0.000678422            0   0.00127467
   0.0186018  -0.00481629  -0.00127467            0
EndNode2[0]<--->HoM1[0]
REAL
   0.439891  -0.0131752  0.00560691    0.252994
 -0.0131752   0.0546448  0.00458203   0.0240374
 0.00560691  0.00458203   0.0396175 0.000658762
   0.252994   0.0240374 0.000658762    0.465847
IMAGINARY
           0   0.00252698    0.0193863   0.00339531
 -0.00252698            0   -0.0165532   0.00539136
  -0.0193863    0.0165532            0  0.000649637
 -0.00339531  -0.00539136 -0.000649637            0
Repeater1[0]<--->EndNode1[0]
REAL
   0.473342 -0.00219807 -0.00635063    0.242977
-0.00219807   0.0546164  0.00734478  -0.0123109
-0.00635063  0.00734478   0.0650195  -0.0190374
   0.242977  -0.0123109  -0.0190374    0.407022
IMAGINARY
           0  -0.00928628   0.00191817   -0.0186018
  0.00928628            0  0.000678422   0.00127467
 -0.00191817 -0.000678422            0   0.00481629
   0.0186018  -0.00127467  -0.00481629            0
Repeater1[0]<--->HoM1[0]
REAL
   0.439891  0.00560691  -0.0131752    0.252994
 0.00560691   0.0396175  0.00458203 0.000658762
 -0.0131752  0.00458203   0.0546448   0.0240374
   0.252994 0.000658762   0.0240374    0.465847
IMAGINARY
           0    0.0193863   0.00252698   0.00339531
  -0.0193863            0    0.0165532  0.000649637
 -0.00252698   -0.0165532            0   0.00539136
 -0.00339531 -0.000649637  -0.00539136            0
EndNode1[0]<--->Repeater1[0]
REAL
   0.435419   0.0171827   0.0126794    0.255547
  0.0171827   0.0439414 -0.00521286    0.033382
  0.0126794 -0.00521286   0.0705726   0.0115223
   0.255547    0.033382   0.0115223    0.450067
IMAGINARY
          0  0.00379747  -0.0064411  -0.0308908
-0.00379747           0  -0.0130791 -0.00241966
  0.0064411   0.0130791           0   0.0164557
  0.0308908  0.00241966  -0.0164557           0
EndNode2[0]<--->HoM1[0]
REAL
   0.425363   0.0114358  -0.0287327    0.242421
  0.0114358   0.0607662 -0.00925697 -0.00621015
 -0.0287327 -0.00925697   0.0515192  -0.0108005
   0.242421 -0.00621015  -0.0108005    0.462351
IMAGINARY
           0    0.0301689  3.61005e-05   0.00412391
  -0.0301689            0   0.00217332  -0.00607637
-3.61005e-05  -0.00217332            0   0.00405926
 -0.00412391   0.00607637  -0.00405926            0
Repeater1[0]<--->EndNode1[0]
REAL
   0.435419   0.0126794   0.0171827    0.255547
  0.0126794   0.0705726 -0.00521286   0.0115223
  0.0171827 -0.00521286   0.0439414    0.033382
   0.255547   0.0115223    0.033382    0.450067
IMAGINARY
          0  -0.0064411  0.00379747  -0.0308908
  0.0064411           0   0.0130791   0.0164557
-0.00379747  -0.0130791           0 -0.00241966
  0.0308908  -0.0164557  0.00241966           0
Repeater1[0]<--->HoM1[0]
REAL
   0.425363  -0.0287327   0.0114358    0.242421
 -0.0287327   0.0515192 -0.00925697  -0.0108005
  0.0114358 -0.00925697   0.0607662 -0.00621015
   0.242421  -0.0108005 -0.00621015    0.462351
IMAGINARY
           0  3.61005e-05    0.0301689   0.00412391
-3.61005e-05            0  -0.00217332   0.00405926
  -0.0301689   0.00217332            0  -0.00607637
 -0.00412391  -0.00405926   0.00607637            0
EndNode1[0]<--->Repeater1[0]
REAL
   0.444305 -0.00197536 -0.00423081    0.274258
-0.00197536   0.0513141   0.0127787   0.0108446
-0.00423081   0.0127787   0.0613267 -0.00860666
   0.274258   0.0108446 -0.00860666    0.443054
IMAGINARY
          0 -0.00159803   0.0257529   0.0264254
 0.00159803           0   0.0101281  0.00868589
 -0.0257529  -0.0101281           0 -0.00350401
 -0.0264254 -0.00868589  0.00350401           0
EndNode2[0]<--->HoM1[0]
REAL
   0.427123   0.0114273  -0.0109598    0.260464
  0.0114273   0.0481622  0.00463623 -0.00179192
 -0.0109598  0.00463623   0.0722433  -0.0228367
   0.260464 -0.00179192  -0.0228367    0.452471
IMAGINARY
          0 -0.00598667  0.00406784  0.00380863
 0.00598667           0  -0.0204753  -0.0169513
-0.00406784   0.0204753           0  0.00291918
-0.00380863   0.0169513 -0.00291918           0
Repeater1[0]<--->EndNode1[0]
REAL
   0.444305 -0.00423081 -0.00197536    0.274258
-0.00423081   0.0613267   0.0127787 -0.00860666
-0.00197536   0.0127787   0.0513141   0.0108446
   0.274258 -0.00860666   0.0108446    0.443054
IMAGINARY
          0   0.0257529 -0.00159803   0.0264254
 -0.0257529           0  -0.0101281 -0.00350401
 0.00159803   0.0101281           0  0.00868589
 -0.0264254  0.00350401 -0.00868589           0
Repeater1[0]<--->HoM1[0]
REAL
   0.427123  -0.0109598   0.0114273    0.260464
 -0.0109598   0.0722433  0.00463623  -0.0228367
  0.0114273  0.00463623   0.0481622 -0.00179192
   0.260464  -0.0228367 -0.00179192    0.452471
IMAGINARY
          0  0.00406784 -0.00598667  0.00380863
-0.00406784           0   0.0204753  0.00291918
 0.00598667  -0.0204753           0  -0.0169513
-0.00380863 -0.00291918   0.0169513           0
EndNode1[0]<--->Repeater1[0]
REAL
  0.424675   0.011968   0.010394   0.260055
  0.011968  0.0428571  0.0129585  0.0154572
  0.010394  0.0129585  0.0623377 0.00883908
  0.260055  0.0154572 0.00883908    0.47013
IMAGINARY
          0  0.00862791 -0.00292473    0.024645
-0.00862791           0  0.00424946  -0.0015914
 0.00292473 -0.00424946           0 -0.00669243
  -0.024645   0.0015914  0.00669243           0
EndNode2[0]<--->HoM1[0]
REAL
    0.468387   -0.0218031    0.0134767     0.251523
  -0.0218031    0.0490323   0.00121803  -0.00312352
   0.0134767   0.00121803    0.0503226 -0.000730349
    0.251523  -0.00312352 -0.000730349     0.432258
IMAGINARY
          0  0.00438601  -0.0129009   0.0150762
-0.00438601           0  0.00914737  0.00376573
  0.0129009 -0.00914737           0   0.0181475
 -0.0150762 -0.00376573  -0.0181475           0
Repeater1[0]<--->EndNode1[0]
REAL
  0.424675   0.010394   0.011968   0.260055
  0.010394  0.0623377  0.0129585 0.00883908
  0.011968  0.0129585  0.0428571  0.0154572
  0.260055 0.00883908  0.0154572    0.47013
IMAGINARY
          0 -0.00292473  0.00862791    0.024645
 0.00292473           0 -0.00424946 -0.00669243
-0.00862791  0.00424946           0  -0.0015914
  -0.024645  0.00669243   0.0015914           0
Repeater1[0]<--->HoM1[0]
REAL
    0.468387    0.0134767   -0.0218031     0.251523
   0.0134767    0.0503226   0.00121803 -0.000730349
  -0.0218031   0.00121803    0.0490323  -0.00312352
    0.251523 -0.000730349  -0.00312352     0.432258
IMAGINARY
          0  -0.0129009  0.00438601   0.0150762
  0.0129009           0 -0.00914737   0.0181475
-0.00438601  0.00914737           0  0.00376573
 -0.0150762  -0.0181475 -0.00376573           0
EndNode1[0]<--->Repeater1[0]
REAL
      0.4677   -0.0100899    0.0279506     0.234228
  -0.0100899    0.0620155   -0.0212414 -0.000677884
   0.0279506   -0.0212414    0.0465116    0.0360639
    0.234228 -0.000677884    0.0360639     0.423773
IMAGINARY
          0  -0.0180261   0.0160661 -0.00334305
  0.0180261           0   0.0135717  0.00774343
 -0.0160661  -0.0135717           0  -0.0186534
 0.00334305 -0.00774343   0.0186534           0
EndNode2[0]<--->HoM1[0]
REAL
    0.442283  -0.00873694 -0.000684097     0.239555
 -0.00873694    0.0505837   0.00390724  -0.00616522
-0.000684097   0.00390724    0.0583658  -0.00558436
    0.239555  -0.00616522  -0.00558436     0.448768
IMAGINARY
          0  0.00233688  0.00400534   0.0232086
-0.00233688           0   0.0238344   0.0140187
-0.00400534  -0.0238344           0  -0.0203609
 -0.0232086  -0.0140187   0.0203609           0
Repeater1[0]<--->EndNode1[0]
REAL
      0.4677    0.0279506   -0.0100899     0.234228
   0.0279506    0.0465116   -0.0212414    0.0360639
  -0.0100899   -0.0212414    0.0620155 -0.000677884
    0.234228    0.0360639 -0.000677884     0.423773
IMAGINARY
          0   0.0160661  -0.0180261 -0.00334305
 -0.0160661           0  -0.0135717  -0.0186534
  0.0180261   0.0135717           0  0.00774343
 0.00334305   0.0186534 -0.00774343           0
Repeater1[0]<--->HoM1[0]
REAL
    0.442283 -0.000684097  -0.00873694     0.239555
-0.000684097    0.0583658   0.00390724  -0.00558436
 -0.00873694   0.00390724    0.0505837  -0.00616522
    0.239555  -0.00558436  -0.00616522     0.448768
IMAGINARY
          0  0.00400534  0.00233688   0.0232086
-0.00400534           0  -0.0238344  -0.0203609
-0.00233688   0.0238344           0   0.0140187
 -0.0232086   0.0203609  -0.0140187           0
EndNode1[0]<--->Repeater1[0]
REAL
   0.431664  -0.0191621 -0.00708105    0.248707
 -0.0191621   0.0608931  0.00387068 -0.00580554
-0.00708105  0.00387068   0.0473613   0.0140074
   0.248707 -0.00580554   0.0140074    0.460081
IMAGINARY
          0   0.0299455   -0.006059  -0.0422881
 -0.0299455           0   0.0139862  -0.0066992
   0.006059  -0.0139862           0 -0.00260654
  0.0422881   0.0066992  0.00260654           0
EndNode2[0]<--->HoM1[0]
REAL
   0.448408  0.00182512   0.0166151    0.237994
 0.00182512   0.0471338 -0.00816015   -0.007012
  0.0166151 -0.00816015   0.0585987   0.0167408
   0.237994   -0.007012   0.0167408     0.44586
IMAGINARY
          0 -0.00768217  0.00528023 -0.00100719
 0.00768217           0  -0.0114111   0.0177967
-0.00528023   0.0114111           0   0.0153745
 0.00100719  -0.0177967  -0.0153745           0
Repeater1[0]<--->EndNode1[0]
REAL
   0.431664 -0.00708105  -0.0191621    0.248707
-0.00708105   0.0473613  0.00387068   0.0140074
 -0.0191621  0.00387068   0.0608931 -0.00580554
   0.248707   0.0140074 -0.00580554    0.460081
IMAGINARY
          0   -0.006059   0.0299455  -0.0422881
   0.006059           0  -0.0139862 -0.00260654
 -0.0299455   0.0139862           0  -0.0066992
  0.0422881  0.00260654   0.0066992           0
Repeater1[0]<--->HoM1[0]
REAL
   0.448408   0.0166151  0.00182512    0.237994
  0.0166151   0.0585987 -0.00816015   0.0167408
 0.00182512 -0.00816015   0.0471338   -0.007012
   0.237994   0.0167408   -0.007012     0.44586
IMAGINARY
          0  0.00528023 -0.00768217 -0.00100719
-0.00528023           0   0.0114111   0.0153745
 0.00768217  -0.0114111           0   0.0177967
 0.00100719  -0.0153745  -0.0177967           0
EndNode1[0]<--->Repeater1[0]
REAL
   0.476129 -0.00342838  0.00605793    0.249706
-0.00342838   0.0580645  -0.0053448 -0.00731106
 0.00605793  -0.0053448   0.0683871  -0.0128623
   0.249706 -0.00731106  -0.0128623    0.397419
IMAGINARY
          0  0.00875421  0.00495362  -0.0171127
-0.00875421           0   -0.009134  -0.0175799
-0.00495362    0.009134           0   0.0013468
  0.0171127   0.0175799  -0.0013468           0
EndNode2[0]<--->HoM1[0]
REAL
   0.415094     0.01622 -0.00163296    0.244492
    0.01622   0.0768194 -0.00642786  0.00872973
-0.00163296 -0.00642786   0.0727763 -0.00267165
   0.244492  0.00872973 -0.00267165     0.43531
IMAGINARY
           0  0.000809452  -0.00975323   -0.0078186
-0.000809452            0   0.00152137   -0.0117192
  0.00975323  -0.00152137            0     0.016982
   0.0078186    0.0117192    -0.016982            0
Repeater1[0]<--->EndNode1[0]
REAL
   0.476129  0.00605793 -0.00342838    0.249706
 0.00605793   0.0683871  -0.0053448  -0.0128623
-0.00342838  -0.0053448   0.0580645 -0.00731106
   0.249706  -0.0128623 -0.00731106    0.397419
IMAGINARY
          0  0.00495362  0.00875421  -0.0171127
-0.00495362           0    0.009134   0.0013468
-0.00875421   -0.009134           0  -0.0175799
  0.0171127  -0.0013468   0.0175799           0
Repeater1[0]<--->HoM1[0]
REAL
   0.415094 -0.00163296     0.01622    0.244492
-0.00163296   0.0727763 -0.00642786 -0.00267165
    0.01622 -0.00642786   0.0768194  0.00872973
   0.244492 -0.00267165  0.00872973     0.43531
IMAGINARY
           0  -0.00975323  0.000809452   -0.0078186
  0.00975323            0  -0.00152137     0.016982
-0.000809452   0.00152137            0   -0.0117192
   0.0078186    -0.016982    0.0117192            0
EndNode1[0]<--->Repeater1[0]
REAL
  0.435013 -0.0163509  0.0103267   0.242034
-0.0163509  0.0503979  0.0112645  -0.016923
 0.0103267  0.0112645  0.0411141  0.0189894
  0.242034  -0.016923  0.0189894   0.473475
IMAGINARY
          0  0.00874516   0.0152589  -0.0203193
-0.00874516           0  -0.0146873  0.00459222
 -0.0152589   0.0146873           0  -0.0149486
  0.0203193 -0.00459222   0.0149486           0
EndNode2[0]<--->HoM1[0]
REAL
  0.428395  0.0285479  0.0217227   0.258795
 0.0285479   0.062963  0.0144844   0.024836
 0.0217227  0.0144844  0.0518519 0.00721457
  0.258795   0.024836 0.00721457    0.45679
IMAGINARY
          0  -0.0263629 -0.00871929  0.00346973
  0.0263629           0  -0.0153745   -0.009353
 0.00871929   0.0153745           0  0.00829059
-0.00346973    0.009353 -0.00829059           0
Repeater1[0]<--->EndNode1[0]
REAL
  0.435013  0.0103267 -0.0163509   0.242034
 0.0103267  0.0411141  0.0112645  0.0189894
-0.0163509  0.0112645  0.0503979  -0.016923
  0.242034  0.0189894  -0.016923   0.473475
IMAGINARY
          0   0.0152589  0.00874516  -0.0203193
 -0.0152589           0   0.0146873  -0.0149486
-0.00874516  -0.0146873           0  0.00459222
  0.0203193   0.0149486 -0.00459222           0
Repeater1[0]<--->HoM1[0]
REAL
  0.428395  0.0217227  0.0285479   0.258795
 0.0217227  0.0518519  0.0144844 0.00721457
 0.0285479  0.0144844   0.062963   0.024836
  0.258795 0.00721457   0.024836    0.45679
IMAGINARY
          0 -0.00871929  -0.0263629  0.00346973
 0.00871929           0   0.0153745  0.00829059
  0.0263629  -0.0153745           0   -0.009353
-0.00346973 -0.00829059    0.009353           0
EndNode1[0]<--->Repeater1[0]
REAL
   0.457815 0.000987431  -0.0161845    0.269023
0.000987431   0.0539419  -0.0193363  0.00179152
 -0.0161845  -0.0193363    0.055325  -0.0253929
   0.269023  0.00179152  -0.0253929    0.432918
IMAGINARY
           0   0.00394011    -0.011541    0.0120395
 -0.00394011            0   0.00701438  0.000958995
    0.011541  -0.00701438            0    0.0145784
  -0.0120395 -0.000958995   -0.0145784            0
EndNode2[0]<--->HoM1[0]
REAL
   0.458005 -0.00339926   -0.010261    0.248583
-0.00339926   0.0577428   0.0128509   0.0195317
  -0.010261   0.0128509   0.0472441 -0.00339926
   0.248583   0.0195317 -0.00339926    0.437008
IMAGINARY
           0    0.0122373  0.000305165 -0.000961932
  -0.0122373            0   0.00160876    0.0083797
-0.000305165  -0.00160876            0    0.0076138
 0.000961932   -0.0083797   -0.0076138            0
Repeater1[0]<--->EndNode1[0]
REAL
   0.457815  -0.0161845 0.000987431    0.269023
 -0.0161845    0.055325  -0.0193363  -0.0253929
0.000987431  -0.0193363   0.0539419  0.00179152
   0.269023  -0.0253929  0.00179152    0.432918
IMAGINARY
           0    -0.011541   0.00394011    0.0120395
    0.011541            0  -0.00701438    0.0145784
 -0.00394011   0.00701438            0  0.000958995
  -0.0120395   -0.0145784 -0.000958995            0
Repeater1[0]<--->HoM1[0]
REAL
   0.458005   -0.010261 -0.00339926    0.248583
  -0.010261   0.0472441   0.0128509 -0.00339926
-0.00339926   0.0128509   0.0577428   0.0195317
   0.248583 -0.00339926   0.0195317    0.437008
IMAGINARY
           0  0.000305165    0.0122373 -0.000961932
-0.000305165            0  -0.00160876    0.0076138
  -0.0122373   0.00160876            0    0.0083797
 0.000961932   -0.0076138   -0.0083797            0
EndNode1[0]<--->Repeater1[0]
REAL
   0.456548  0.00266667 -0.00753413    0.261235
 0.00266667   0.0501836  0.00143137   0.0208675
-0.00753413  0.00143137   0.0636475  0.00266667
   0.261235   0.0208675  0.00266667    0.429621
IMAGINARY
           0    0.0129542    0.0250491   0.00694225
  -0.0129542            0  0.000829776   -0.0115687
  -0.0250491 -0.000829776            0  -0.00437574
 -0.00694225    0.0115687   0.00437574            0
EndNode2[0]<--->HoM1[0]
REAL
   0.464752 -0.00712101 -0.00499787    0.251874
-0.00712101   0.0639687    0.014276   0.0114578
-0.00499787    0.014276   0.0483029  0.00453703
   0.251874   0.0114578  0.00453703    0.422977
IMAGINARY
          0    0.017894 -0.00609947   0.0075585
  -0.017894           0  -0.0123318  -0.0252321
 0.00609947   0.0123318           0   0.0121321
 -0.0075585   0.0252321  -0.0121321           0
Repeater1[0]<--->EndNode1[0]
REAL
   0.456548 -0.00753413  0.00266667    0.261235
-0.00753413   0.0636475  0.00143137  0.00266667
 0.00266667  0.00143137   0.0501836   0.0208675
   0.261235  0.00266667   0.0208675    0.429621
IMAGINARY
           0    0.0250491    0.0129542   0.00694225
  -0.0250491            0 -0.000829776  -0.00437574
  -0.0129542  0.000829776            0   -0.0115687
 -0.00694225   0.00437574    0.0115687            0
Repeater1[0]<--->HoM1[0]
REAL
   0.464752 -0.00499787 -0.00712101    0.251874
-0.00499787   0.0483029    0.014276  0.00453703
-0.00712101    0.014276   0.0639687   0.0114578
   0.251874  0.00453703   0.0114578    0.422977
IMAGINARY
          0 -0.00609947    0.017894   0.0075585
 0.00609947           0   0.0123318   0.0121321
  -0.017894  -0.0123318           0  -0.0252321
 -0.0075585  -0.0121321   0.0252321           0
EndNode1[0]<--->Repeater1[0]
REAL
  0.455679 -0.0146885 -0.0140208   0.243228
-0.0146885  0.0484765  0.0105032  0.0165084
-0.0140208  0.0105032   0.067867  -0.022625
  0.243228  0.0165084  -0.022625   0.427978
IMAGINARY
          0 -0.00507527   0.0117306  0.00202207
 0.00507527           0 -0.00734122   0.0123894
 -0.0117306  0.00734122           0 -0.00209553
-0.00202207  -0.0123894  0.00209553           0
EndNode2[0]<--->HoM1[0]
REAL
   0.419643 -0.00559513  0.00827352    0.248253
-0.00559513    0.057398   0.0133449 -0.00311888
 0.00827352   0.0133449   0.0637755   0.0171931
   0.248253 -0.00311888   0.0171931    0.459184
IMAGINARY
           0 -0.000159467  -0.00453794   -0.0120606
 0.000159467            0    -0.029302 -0.000711407
  0.00453794     0.029302            0   -0.0287119
   0.0120606  0.000711407    0.0287119            0
Repeater1[0]<--->EndNode1[0]
REAL
  0.455679 -0.0140208 -0.0146885   0.243228
-0.0140208   0.067867  0.0105032  -0.022625
-0.0146885  0.0105032  0.0484765  0.0165084
  0.243228  -0.022625  0.0165084   0.427978
IMAGINARY
          0   0.0117306 -0.00507527  0.00202207
 -0.0117306           0  0.00734122 -0.00209553
 0.00507527 -0.00734122           0   0.0123894
-0.00202207  0.00209553  -0.0123894           0
Repeater1[0]<--->HoM1[0]
REAL
   0.419643  0.00827352 -0.00559513    0.248253
 0.00827352   0.0637755   0.0133449   0.0171931
-0.00559513   0.0133449    0.057398 -0.00311888
   0.248253   0.0171931 -0.00311888    0.459184
IMAGINARY
           0  -0.00453794 -0.000159467   -0.0120606
  0.00453794            0     0.029302   -0.0287119
 0.000159467    -0.029302            0 -0.000711407
   0.0120606    0.0287119  0.000711407            0
EndNode1[0]<--->Repeater1[0]
REAL
    0.479396   0.00087412  -0.00375272     0.247302
  0.00087412    0.0549451 -0.000708302   -0.0153208
 -0.00375272 -0.000708302    0.0412088    0.0209242
    0.247302   -0.0153208    0.0209242     0.424451
IMAGINARY
          0 -0.00409347   0.0264814 -0.00622431
 0.00409347           0  0.00685166  0.00932764
 -0.0264814 -0.00685166           0   -0.029063
 0.00622431 -0.00932764    0.029063           0
EndNode2[0]<--->HoM1[0]
REAL
   0.466413  0.00370135   0.0373405     0.26266
 0.00370135   0.0494297   0.0132683  -0.0136529
