EndNode1[0]<--->Repeater1[0]
REAL
    0.35966  -0.0277285 -0.00223814   0.0724123
 -0.0277285    0.262454   0.0171599 -0.00845705
-0.00223814   0.0171599    0.221142   0.0103489
  0.0724123 -0.00845705   0.0103489    0.156744
IMAGINARY
          0 -0.00329888   0.0012404   -0.017469
 0.00329888           0   0.0212858  -0.0101081
 -0.0012404  -0.0212858           0  0.00125249
   0.017469   0.0101081 -0.00125249           0
EndNode2[0]<--->HoM1[0]
REAL
   0.401176  0.00039696  -0.0024472   0.0781175
 0.00039696    0.182353   0.0196269    0.028763
 -0.0024472   0.0196269    0.208235 -0.00540949
  0.0781175    0.028763 -0.00540949    0.208235
IMAGINARY
          0  0.00229129   -0.024491   0.0126422
-0.00229129           0  0.00387031 -0.00129514
   0.024491 -0.00387031           0  -0.0205303
 -0.0126422  0.00129514   0.0205303           0
Repeater1[0]<--->EndNode1[0]
REAL
    0.35966 -0.00223814  -0.0277285   0.0724123
-0.00223814    0.221142   0.0171599   0.0103489
 -0.0277285   0.0171599    0.262454 -0.00845705
  0.0724123   0.0103489 -0.00845705    0.156744
IMAGINARY
          0   0.0012404 -0.00329888   -0.017469
 -0.0012404           0  -0.0212858  0.00125249
 0.00329888   0.0212858           0  -0.0101081
   0.017469 -0.00125249   0.0101081           0
Repeater1[0]<--->HoM1[0]
REAL
   0.401176  -0.0024472  0.00039696   0.0781175
 -0.0024472    0.208235   0.0196269 -0.00540949
 0.00039696   0.0196269    0.182353    0.028763
  0.0781175 -0.00540949    0.028763    0.208235
IMAGINARY
          0   -0.024491  0.00229129   0.0126422
   0.024491           0 -0.00387031  -0.0205303
-0.00229129  0.00387031           0 -0.00129514
 -0.0126422   0.0205303  0.00129514           0
EndNode1[0]<--->Repeater1[0]
REAL
    0.370274 -0.000494915   0.00461753    0.0606399
-0.000494915      0.28292    0.0263439  -0.00399174
  0.00461753    0.0263439      0.17601   -0.0214075
   0.0606399  -0.00399174   -0.0214075     0.170795
IMAGINARY
          0  0.00134421   0.0130986  -0.0203522
-0.00134421           0 -0.00217035  0.00435027
 -0.0130986  0.00217035           0   0.0136979
  0.0203522 -0.00435027  -0.0136979           0
EndNode2[0]<--->HoM1[0]
REAL
   0.346547 -0.00951289   0.0128303   0.0555788
-0.00951289    0.222506   0.0469369  -0.0059121
  0.0128303   0.0469369    0.249361 -0.00621038
  0.0555788  -0.0059121 -0.00621038    0.181586
IMAGINARY
          0   0.0257395 -0.00159345   -0.016699
 -0.0257395           0 -0.00633627  -0.0132214
 0.00159345  0.00633627           0  -0.0059864
   0.016699   0.0132214   0.0059864           0
Repeater1[0]<--->EndNode1[0]
REAL
    0.370274   0.00461753 -0.000494915    0.0606399
  0.00461753      0.17601    0.0263439   -0.0214075
-0.000494915    0.0263439      0.28292  -0.00399174
   0.0606399   -0.0214075  -0.00399174     0.170795
IMAGINARY
          0   0.0130986  0.00134421  -0.0203522
 -0.0130986           0  0.00217035   0.0136979
-0.00134421 -0.00217035           0  0.00435027
  0.0203522  -0.0136979 -0.00435027           0
Repeater1[0]<--->HoM1[0]
REAL
   0.346547   0.0128303 -0.00951289   0.0555788
  0.0128303    0.249361   0.0469369 -0.00621038
-0.00951289   0.0469369    0.222506  -0.0059121
  0.0555788 -0.00621038  -0.0059121    0.181586
IMAGINARY
          0 -0.00159345   0.0257395   -0.016699
 0.00159345           0  0.00633627  -0.0059864
 -0.0257395 -0.00633627           0  -0.0132214
   0.016699   0.0059864   0.0132214           0
EndNode1[0]<--->Repeater1[0]
REAL
    0.4022  0.0102527 -0.0100526  0.0619594
 0.0102527   0.299511 0.00179898 0.00267005
-0.0100526 0.00179898   0.141809 -0.0216621
 0.0619594 0.00267005 -0.0216621   0.156479
IMAGINARY
          0 -0.00385657  -0.0110618    0.034881
 0.00385657           0   0.0255724  -0.0130023
  0.0110618  -0.0255724           0   0.0158887
  -0.034881   0.0130023  -0.0158887           0
EndNode2[0]<--->HoM1[0]
REAL
  0.368553 -0.0138033  0.0019066  0.0885139
-0.0138033   0.188679   0.022951 -0.0140085
 0.0019066   0.022951   0.230189 0.00297525
 0.0885139 -0.0140085 0.00297525   0.212579
IMAGINARY
          0 -0.00452187  0.00298013  -0.0132202
 0.00452187           0    0.017568  0.00298013
-0.00298013   -0.017568           0  0.00121061
  0.0132202 -0.00298013 -0.00121061           0
Repeater1[0]<--->EndNode1[0]
REAL
    0.4022 -0.0100526  0.0102527  0.0619594
-0.0100526   0.141809 0.00179898 -0.0216621
 0.0102527 0.00179898   0.299511 0.00267005
 0.0619594 -0.0216621 0.00267005   0.156479
IMAGINARY
          0  -0.0110618 -0.00385657    0.034881
  0.0110618           0  -0.0255724   0.0158887
 0.00385657   0.0255724           0  -0.0130023
  -0.034881  -0.0158887   0.0130023           0
Repeater1[0]<--->HoM1[0]
REAL
  0.368553  0.0019066 -0.0138033  0.0885139
 0.0019066   0.230189   0.022951 0.00297525
-0.0138033   0.022951   0.188679 -0.0140085
 0.0885139 0.00297525 -0.0140085   0.212579
IMAGINARY
          0  0.00298013 -0.00452187  -0.0132202
-0.00298013           0   -0.017568  0.00121061
 0.00452187    0.017568           0  0.00298013
  0.0132202 -0.00121061 -0.00298013           0
EndNode1[0]<--->Repeater1[0]
REAL
   0.397797 -0.00846016  0.00382522   0.0566303
-0.00846016    0.274174   0.0438786  -0.0127311
 0.00382522   0.0438786    0.173807  0.00209884
  0.0566303  -0.0127311  0.00209884    0.154223
IMAGINARY
          0   0.0134067  0.00328333   -0.017936
 -0.0134067           0 -0.00319073   0.0228912
-0.00328333  0.00319073           0  0.00739868
   0.017936  -0.0228912 -0.00739868           0
EndNode2[0]<--->HoM1[0]
REAL
   0.366925  -0.0136095 -0.00962392   0.0593553
 -0.0136095    0.224806   0.0235463  0.00444257
-0.00962392   0.0235463     0.24677  -0.0122972
  0.0593553  0.00444257  -0.0122972    0.161499
IMAGINARY
           0   0.00676803     0.022303  -0.00250821
 -0.00676803            0 -0.000597381   -0.0156717
   -0.022303  0.000597381            0   -0.0293144
  0.00250821    0.0156717    0.0293144            0
Repeater1[0]<--->EndNode1[0]
REAL
   0.397797  0.00382522 -0.00846016   0.0566303
 0.00382522    0.173807   0.0438786  0.00209884
-0.00846016   0.0438786    0.274174  -0.0127311
  0.0566303  0.00209884  -0.0127311    0.154223
IMAGINARY
          0  0.00328333   0.0134067   -0.017936
-0.00328333           0  0.00319073  0.00739868
 -0.0134067 -0.00319073           0   0.0228912
   0.017936 -0.00739868  -0.0228912           0
Repeater1[0]<--->HoM1[0]
REAL
   0.366925 -0.00962392  -0.0136095   0.0593553
-0.00962392     0.24677   0.0235463  -0.0122972
 -0.0136095   0.0235463    0.224806  0.00444257
  0.0593553  -0.0122972  0.00444257    0.161499
IMAGINARY
           0     0.022303   0.00676803  -0.00250821
   -0.022303            0  0.000597381   -0.0293144
 -0.00676803 -0.000597381            0   -0.0156717
  0.00250821    0.0293144    0.0156717            0
EndNode1[0]<--->Repeater1[0]
REAL
   0.348578  -0.0122391 -0.00616897   0.0768622
 -0.0122391    0.283066   0.0382119  0.00011244
-0.00616897   0.0382119    0.189122 -0.00727635
  0.0768622  0.00011244 -0.00727635    0.179234
IMAGINARY
           0 -0.000104425  -0.00675239   -0.0136283
 0.000104425            0    0.0109401   0.00859288
  0.00675239   -0.0109401            0    0.0105339
   0.0136283  -0.00859288   -0.0105339            0
EndNode2[0]<--->HoM1[0]
REAL
    0.373856   -0.0151501 -0.000639778    0.0798716
  -0.0151501     0.211765    0.0492594   0.00125177
-0.000639778    0.0492594     0.219608  -0.00994173
   0.0798716   0.00125177  -0.00994173     0.194771
IMAGINARY
          0   0.0263314  -0.0107747   0.0179917
 -0.0263314           0    0.015917  0.00329175
  0.0107747   -0.015917           0   0.0151652
 -0.0179917 -0.00329175  -0.0151652           0
Repeater1[0]<--->EndNode1[0]
REAL
   0.348578 -0.00616897  -0.0122391   0.0768622
-0.00616897    0.189122   0.0382119 -0.00727635
 -0.0122391   0.0382119    0.283066  0.00011244
  0.0768622 -0.00727635  0.00011244    0.179234
IMAGINARY
           0  -0.00675239 -0.000104425   -0.0136283
  0.00675239            0   -0.0109401    0.0105339
 0.000104425    0.0109401            0   0.00859288
   0.0136283   -0.0105339  -0.00859288            0
Repeater1[0]<--->HoM1[0]
REAL
    0.373856 -0.000639778   -0.0151501    0.0798716
-0.000639778     0.219608    0.0492594  -0.00994173
  -0.0151501    0.0492594     0.211765   0.00125177
   0.0798716  -0.00994173   0.00125177     0.194771
IMAGINARY
          0  -0.0107747   0.0263314   0.0179917
  0.0107747           0   -0.015917   0.0151652
 -0.0263314    0.015917           0  0.00329175
 -0.0179917  -0.0151652 -0.00329175           0
EndNode1[0]<--->Repeater1[0]
REAL
   0.401869 -0.00707795  0.00227992   0.0596433
-0.00707795    0.263017    0.030809   0.0115392
 0.00227992    0.030809    0.170895 -0.00171602
  0.0596433   0.0115392 -0.00171602    0.164219
IMAGINARY
           0   0.00188175    0.0283183 -0.000628304
 -0.00188175            0    0.0119465  -0.00439195
  -0.0283183   -0.0119465            0  -0.00372224
 0.000628304   0.00439195   0.00372224            0
EndNode2[0]<--->HoM1[0]
REAL
    0.37697   0.0128952   0.0198519    0.078237
  0.0128952    0.202424   0.0184967 -0.00100773
  0.0198519   0.0184967    0.219394 -0.00033235
   0.078237 -0.00100773 -0.00033235    0.201212
IMAGINARY
           0   0.00947318   0.00909253   0.00891258
 -0.00947318            0  -0.00823782   -0.0220795
 -0.00909253   0.00823782            0 -0.000382272
 -0.00891258    0.0220795  0.000382272            0
Repeater1[0]<--->EndNode1[0]
REAL
   0.401869  0.00227992 -0.00707795   0.0596433
 0.00227992    0.170895    0.030809 -0.00171602
-0.00707795    0.030809    0.263017   0.0115392
  0.0596433 -0.00171602   0.0115392    0.164219
IMAGINARY
           0    0.0283183   0.00188175 -0.000628304
  -0.0283183            0   -0.0119465  -0.00372224
 -0.00188175    0.0119465            0  -0.00439195
 0.000628304   0.00372224   0.00439195            0
Repeater1[0]<--->HoM1[0]
REAL
    0.37697   0.0198519   0.0128952    0.078237
  0.0198519    0.219394   0.0184967 -0.00033235
  0.0128952   0.0184967    0.202424 -0.00100773
   0.078237 -0.00033235 -0.00100773    0.201212
IMAGINARY
           0   0.00909253   0.00947318   0.00891258
 -0.00909253            0   0.00823782 -0.000382272
 -0.00947318  -0.00823782            0   -0.0220795
 -0.00891258  0.000382272    0.0220795            0
EndNode1[0]<--->Repeater1[0]
REAL
  0.362565  0.0085034 0.00314902  0.0744963
 0.0085034    0.29712  0.0114826 0.00743299
0.00314902  0.0114826   0.191099 0.00340136
 0.0744963 0.00743299 0.00340136   0.149215
IMAGINARY
          0   0.0147248  0.00120827 -0.00881042
 -0.0147248           0   0.0307128   -0.013537
-0.00120827  -0.0307128           0   0.0017136
 0.00881042    0.013537  -0.0017136           0
EndNode2[0]<--->HoM1[0]
REAL
    0.386534   -0.0091807   -0.0292431    0.0906736
  -0.0091807      0.21197    0.0362694 -0.000549609
  -0.0292431    0.0362694     0.215711   -0.0154307
   0.0906736 -0.000549609   -0.0154307     0.185786
IMAGINARY
          0  0.00474617 -0.00458526   0.0128461
-0.00474617           0  0.00948137   0.0175386
 0.00458526 -0.00948137           0  -0.0280622
 -0.0128461  -0.0175386   0.0280622           0
Repeater1[0]<--->EndNode1[0]
REAL
  0.362565 0.00314902  0.0085034  0.0744963
0.00314902   0.191099  0.0114826 0.00340136
 0.0085034  0.0114826    0.29712 0.00743299
 0.0744963 0.00340136 0.00743299   0.149215
IMAGINARY
          0  0.00120827   0.0147248 -0.00881042
-0.00120827           0  -0.0307128   0.0017136
 -0.0147248   0.0307128           0   -0.013537
 0.00881042  -0.0017136    0.013537           0
Repeater1[0]<--->HoM1[0]
REAL
    0.386534   -0.0292431   -0.0091807    0.0906736
  -0.0292431     0.215711    0.0362694   -0.0154307
  -0.0091807    0.0362694      0.21197 -0.000549609
   0.0906736   -0.0154307 -0.000549609     0.185786
IMAGINARY
          0 -0.00458526  0.00474617   0.0128461
 0.00458526           0 -0.00948137  -0.0280622
-0.00474617  0.00948137           0   0.0175386
 -0.0128461   0.0280622  -0.0175386           0
EndNode1[0]<--->Repeater1[0]
REAL
    0.37351   0.0116176  -0.0101138   0.0727244
  0.0116176    0.260927   0.0227244 0.000632111
 -0.0101138   0.0227244     0.18543  -0.0286846
  0.0727244 0.000632111  -0.0286846    0.180132
IMAGINARY
          0  -0.0136937   0.0092107    0.018465
  0.0136937           0   0.0178045   0.0279688
 -0.0092107  -0.0178045           0  0.00600137
  -0.018465  -0.0279688 -0.00600137           0
EndNode2[0]<--->HoM1[0]
REAL
   0.352617 -0.00789914  0.00581041   0.0793849
-0.00789914    0.220386   0.0244111   0.0149488
 0.00581041   0.0244111    0.227273    0.012051
  0.0793849   0.0149488    0.012051    0.199725
IMAGINARY
          0  0.00691629 -0.00608597  -0.0113528
-0.00691629           0  -0.0200543  0.00346817
 0.00608597   0.0200543           0   0.0166439
  0.0113528 -0.00346817  -0.0166439           0
Repeater1[0]<--->EndNode1[0]
REAL
    0.37351  -0.0101138   0.0116176   0.0727244
 -0.0101138     0.18543   0.0227244  -0.0286846
  0.0116176   0.0227244    0.260927 0.000632111
  0.0727244  -0.0286846 0.000632111    0.180132
IMAGINARY
          0   0.0092107  -0.0136937    0.018465
 -0.0092107           0  -0.0178045  0.00600137
  0.0136937   0.0178045           0   0.0279688
  -0.018465 -0.00600137  -0.0279688           0
Repeater1[0]<--->HoM1[0]
REAL
   0.352617  0.00581041 -0.00789914   0.0793849
 0.00581041    0.227273   0.0244111    0.012051
-0.00789914   0.0244111    0.220386   0.0149488
  0.0793849    0.012051   0.0149488    0.199725
IMAGINARY
          0 -0.00608597  0.00691629  -0.0113528
 0.00608597           0   0.0200543   0.0166439
-0.00691629  -0.0200543           0  0.00346817
  0.0113528  -0.0166439 -0.00346817           0
EndNode1[0]<--->Repeater1[0]
REAL
    0.38961 -0.00877995   0.0148174   0.0826212
-0.00877995    0.267532   0.0253885   -0.016031
  0.0148174   0.0253885    0.151948   0.0257702
  0.0826212   -0.016031   0.0257702    0.190909
IMAGINARY
          0  -0.0270192   0.0228956  0.00676837
  0.0270192           0  0.00225224  -0.0122038
 -0.0228956 -0.00225224           0  -0.0138613
-0.00676837   0.0122038   0.0138613           0
EndNode2[0]<--->HoM1[0]
REAL
   0.365119  -0.0263821  0.00345747   0.0872517
 -0.0263821    0.215809   0.0389041 -0.00808099
 0.00345747   0.0389041    0.215809  -0.0191925
  0.0872517 -0.00808099  -0.0191925    0.203262
IMAGINARY
          0   0.0134752  -0.0301961 -0.00310808
 -0.0134752           0 -0.00783143  0.00755226
  0.0301961  0.00783143           0   0.0103926
 0.00310808 -0.00755226  -0.0103926           0
Repeater1[0]<--->EndNode1[0]
REAL
    0.38961   0.0148174 -0.00877995   0.0826212
  0.0148174    0.151948   0.0253885   0.0257702
-0.00877995   0.0253885    0.267532   -0.016031
  0.0826212   0.0257702   -0.016031    0.190909
IMAGINARY
          0   0.0228956  -0.0270192  0.00676837
 -0.0228956           0 -0.00225224  -0.0138613
  0.0270192  0.00225224           0  -0.0122038
-0.00676837   0.0138613   0.0122038           0
Repeater1[0]<--->HoM1[0]
REAL
   0.365119  0.00345747  -0.0263821   0.0872517
 0.00345747    0.215809   0.0389041  -0.0191925
 -0.0263821   0.0389041    0.215809 -0.00808099
  0.0872517  -0.0191925 -0.00808099    0.203262
IMAGINARY
          0  -0.0301961   0.0134752 -0.00310808
  0.0301961           0  0.00783143   0.0103926
 -0.0134752 -0.00783143           0  0.00755226
 0.00310808  -0.0103926 -0.00755226           0
EndNode1[0]<--->Repeater1[0]
REAL
   0.381699   0.0116109  -0.0172422   0.0700955
  0.0116109    0.260131   0.0159394 -0.00520167
 -0.0172422   0.0159394    0.196078  0.00335169
  0.0700955 -0.00520167  0.00335169    0.162092
IMAGINARY
          0 -0.00146658   0.0177528 -0.00513501
 0.00146658           0 -0.00259694  -0.0051583
 -0.0177528  0.00259694           0 -0.00609009
 0.00513501   0.0051583  0.00609009           0
EndNode2[0]<--->HoM1[0]
REAL
   0.363524  0.00862258  -0.0232919   0.0929978
 0.00862258    0.222084   0.0417848  -0.0232919
 -0.0232919   0.0417848     0.23201 -0.00800146
  0.0929978  -0.0232919 -0.00800146    0.182382
IMAGINARY
           0    0.0145401    0.0146656 -0.000310559
  -0.0145401            0 -0.000310559  -0.00523167
  -0.0146656  0.000310559            0    0.0205003
 0.000310559   0.00523167   -0.0205003            0
Repeater1[0]<--->EndNode1[0]
REAL
   0.381699  -0.0172422   0.0116109   0.0700955
 -0.0172422    0.196078   0.0159394  0.00335169
  0.0116109   0.0159394    0.260131 -0.00520167
  0.0700955  0.00335169 -0.00520167    0.162092
IMAGINARY
          0   0.0177528 -0.00146658 -0.00513501
 -0.0177528           0  0.00259694 -0.00609009
 0.00146658 -0.00259694           0  -0.0051583
 0.00513501  0.00609009   0.0051583           0
Repeater1[0]<--->HoM1[0]
REAL
   0.363524  -0.0232919  0.00862258   0.0929978
 -0.0232919     0.23201   0.0417848 -0.00800146
 0.00862258   0.0417848    0.222084  -0.0232919
  0.0929978 -0.00800146  -0.0232919    0.182382
IMAGINARY
           0    0.0146656    0.0145401 -0.000310559
  -0.0146656            0  0.000310559    0.0205003
  -0.0145401 -0.000310559            0  -0.00523167
 0.000310559   -0.0205003   0.00523167            0
EndNode1[0]<--->Repeater1[0]
REAL
   0.347656 -0.00640628   0.0120618   0.0579098
-0.00640628    0.296875   0.0349284 -0.00145172
  0.0120618   0.0349284    0.186198  0.00773254
  0.0579098 -0.00145172  0.00773254    0.169271
IMAGINARY
           0     0.018524  -0.00645545  -0.00931588
   -0.018524            0   0.00482294   0.00583433
  0.00645545  -0.00482294            0 -0.000511555
  0.00931588  -0.00583433  0.000511555            0
EndNode2[0]<--->HoM1[0]
REAL
  0.374527  0.0100062 -0.0051087  0.0860507
 0.0100062   0.185372   0.071558  0.0023913
-0.0051087   0.071558   0.257251  -0.001854
 0.0860507  0.0023913  -0.001854    0.18285
IMAGINARY
          0  -0.0032336   0.0124412  0.00230662
  0.0032336           0   0.0151271  0.00205157
 -0.0124412  -0.0151271           0   0.0128954
-0.00230662 -0.00205157  -0.0128954           0
Repeater1[0]<--->EndNode1[0]
REAL
   0.347656   0.0120618 -0.00640628   0.0579098
  0.0120618    0.186198   0.0349284  0.00773254
-0.00640628   0.0349284    0.296875 -0.00145172
  0.0579098  0.00773254 -0.00145172    0.169271
IMAGINARY
           0  -0.00645545     0.018524  -0.00931588
  0.00645545            0  -0.00482294 -0.000511555
   -0.018524   0.00482294            0   0.00583433
  0.00931588  0.000511555  -0.00583433            0
Repeater1[0]<--->HoM1[0]
REAL
  0.374527 -0.0051087  0.0100062  0.0860507
-0.0051087   0.257251   0.071558  -0.001854
 0.0100062   0.071558   0.185372  0.0023913
 0.0860507  -0.001854  0.0023913    0.18285
IMAGINARY
          0   0.0124412  -0.0032336  0.00230662
 -0.0124412           0  -0.0151271   0.0128954
  0.0032336   0.0151271           0  0.00205157
-0.00230662  -0.0128954 -0.00205157           0
EndNode1[0]<--->Repeater1[0]
REAL
     0.3827 -0.00217677   0.0151691   0.0703543
-0.00217677    0.251638   0.0054033  0.00124505
  0.0151691   0.0054033    0.182176   0.0084899
  0.0703543  0.00124505   0.0084899    0.183486
IMAGINARY
           0  -0.00895848  0.000830538   0.00760295
  0.00895848            0   0.00823989    0.0273557
-0.000830538  -0.00823989            0    0.0114095
 -0.00760295   -0.0273557   -0.0114095            0
EndNode2[0]<--->HoM1[0]
REAL
  0.359494 -0.0026075  0.0259977  0.0830157
-0.0026075   0.234177  0.0325687 0.00776853
 0.0259977  0.0325687   0.222785 -0.0103795
 0.0830157 0.00776853 -0.0103795   0.183544
IMAGINARY
          0  -0.0020105  0.00516459 -0.00598614
  0.0020105           0 -0.00659664 -0.00580316
-0.00516459  0.00659664           0   -0.025448
 0.00598614  0.00580316    0.025448           0
Repeater1[0]<--->EndNode1[0]
REAL
     0.3827   0.0151691 -0.00217677   0.0703543
  0.0151691    0.182176   0.0054033   0.0084899
-0.00217677   0.0054033    0.251638  0.00124505
  0.0703543   0.0084899  0.00124505    0.183486
IMAGINARY
           0  0.000830538  -0.00895848   0.00760295
-0.000830538            0  -0.00823989    0.0114095
  0.00895848   0.00823989            0    0.0273557
 -0.00760295   -0.0114095   -0.0273557            0
Repeater1[0]<--->HoM1[0]
REAL
  0.359494  0.0259977 -0.0026075  0.0830157
 0.0259977   0.222785  0.0325687 -0.0103795
-0.0026075  0.0325687   0.234177 0.00776853
 0.0830157 -0.0103795 0.00776853   0.183544
IMAGINARY
          0  0.00516459  -0.0020105 -0.00598614
-0.00516459           0  0.00659664   -0.025448
  0.0020105 -0.00659664           0 -0.00580316
 0.00598614    0.025448  0.00580316           0
EndNode1[0]<--->Repeater1[0]
REAL
   0.381612 -0.00085158 -0.00537925   0.0636905
-0.00085158    0.275819  0.00665169  -0.0066613
-0.00537925  0.00665169    0.183879  0.00528757
  0.0636905  -0.0066613  0.00528757     0.15869
IMAGINARY
          0 -0.00169272   0.0160994 -0.00254911
 0.00169272           0   0.0210676  0.00210449
 -0.0160994  -0.0210676           0 -0.00558883
 0.00254911 -0.00210449  0.00558883           0
EndNode2[0]<--->HoM1[0]
REAL
    0.33801   0.0117973 -0.00429763   0.0707129
  0.0117973    0.219388   0.0536526   0.0119118
-0.00429763   0.0536526    0.284439 -0.00672119
  0.0707129   0.0119118 -0.00672119    0.158163
IMAGINARY
          0   0.0190647   0.0115783  -0.0171516
 -0.0190647           0   0.0123373   0.0159808
 -0.0115783  -0.0123373           0 -0.00462905
  0.0171516  -0.0159808  0.00462905           0
Repeater1[0]<--->EndNode1[0]
REAL
   0.381612 -0.00537925 -0.00085158   0.0636905
-0.00537925    0.183879  0.00665169  0.00528757
-0.00085158  0.00665169    0.275819  -0.0066613
  0.0636905  0.00528757  -0.0066613     0.15869
IMAGINARY
          0   0.0160994 -0.00169272 -0.00254911
 -0.0160994           0  -0.0210676 -0.00558883
 0.00169272   0.0210676           0  0.00210449
 0.00254911  0.00558883 -0.00210449           0
Repeater1[0]<--->HoM1[0]
REAL
    0.33801 -0.00429763   0.0117973   0.0707129
-0.00429763    0.284439   0.0536526 -0.00672119
  0.0117973   0.0536526    0.219388   0.0119118
  0.0707129 -0.00672119   0.0119118    0.158163
IMAGINARY
          0   0.0115783   0.0190647  -0.0171516
 -0.0115783           0  -0.0123373 -0.00462905
 -0.0190647   0.0123373           0   0.0159808
  0.0171516  0.00462905  -0.0159808           0
EndNode1[0]<--->Repeater1[0]
REAL
  0.391924  0.0152887 0.00170964  0.0472487
 0.0152887   0.279097  0.0258583 0.00612326
0.00170964  0.0258583   0.163895  0.0225703
 0.0472487 0.00612326  0.0225703   0.165083
IMAGINARY
           0  -0.00590735  -0.00747178   0.00131291
  0.00590735            0  2.75678e-05    0.0114825
  0.00747178 -2.75678e-05            0   -0.0221675
 -0.00131291   -0.0114825    0.0221675            0
EndNode2[0]<--->HoM1[0]
REAL
   0.340992 -0.00570296  -0.0166903   0.0722824
-0.00570296    0.206771   0.0628008  -0.0108385
 -0.0166903   0.0628008     0.23942  -0.0103022
  0.0722824  -0.0108385  -0.0103022    0.212817
IMAGINARY
          0   0.0111747  -0.0127916 -0.00672472
 -0.0111747           0 -0.00609579   0.0197449
  0.0127916  0.00609579           0 -0.00295723
 0.00672472  -0.0197449  0.00295723           0
Repeater1[0]<--->EndNode1[0]
REAL
  0.391924 0.00170964  0.0152887  0.0472487
0.00170964   0.163895  0.0258583  0.0225703
 0.0152887  0.0258583   0.279097 0.00612326
 0.0472487  0.0225703 0.00612326   0.165083
IMAGINARY
           0  -0.00747178  -0.00590735   0.00131291
  0.00747178            0 -2.75678e-05   -0.0221675
  0.00590735  2.75678e-05            0    0.0114825
 -0.00131291    0.0221675   -0.0114825            0
Repeater1[0]<--->HoM1[0]
REAL
   0.340992  -0.0166903 -0.00570296   0.0722824
 -0.0166903     0.23942   0.0628008  -0.0103022
-0.00570296   0.0628008    0.206771  -0.0108385
  0.0722824  -0.0103022  -0.0108385    0.212817
IMAGINARY
          0  -0.0127916   0.0111747 -0.00672472
  0.0127916           0  0.00609579 -0.00295723
 -0.0111747 -0.00609579           0   0.0197449
 0.00672472  0.00295723  -0.0197449           0
EndNode1[0]<--->Repeater1[0]
REAL
  0.386449  0.0195075  -0.014952  0.0640929
 0.0195075   0.293601 0.00299568 0.00988874
 -0.014952 0.00299568   0.158093 0.00580891
 0.0640929 0.00988874 0.00580891   0.161857
IMAGINARY
          0 -0.00422342   0.0212299  -0.0180556
 0.00422342           0  0.00555556   0.0124359
 -0.0212299 -0.00555556           0  -0.0144798
  0.0180556  -0.0124359   0.0144798           0
EndNode2[0]<--->HoM1[0]
REAL
  0.385856 0.00612245 -0.0112184  0.0812518
0.00612245   0.212159  0.0456713 -0.0105765
-0.0112184  0.0456713    0.23201  0.0272109
 0.0812518 -0.0105765  0.0272109   0.169975
IMAGINARY
          0  0.00500257   0.0103648   0.0181427
-0.00500257           0  -0.0239491 -0.00474686
 -0.0103648   0.0239491           0  0.00436072
 -0.0181427  0.00474686 -0.00436072           0
Repeater1[0]<--->EndNode1[0]
REAL
  0.386449  -0.014952  0.0195075  0.0640929
 -0.014952   0.158093 0.00299568 0.00580891
 0.0195075 0.00299568   0.293601 0.00988874
 0.0640929 0.00580891 0.00988874   0.161857
IMAGINARY
          0   0.0212299 -0.00422342  -0.0180556
 -0.0212299           0 -0.00555556  -0.0144798
 0.00422342  0.00555556           0   0.0124359
  0.0180556   0.0144798  -0.0124359           0
Repeater1[0]<--->HoM1[0]
REAL
  0.385856 -0.0112184 0.00612245  0.0812518
-0.0112184    0.23201  0.0456713  0.0272109
0.00612245  0.0456713   0.212159 -0.0105765
 0.0812518  0.0272109 -0.0105765   0.169975
IMAGINARY
          0   0.0103648  0.00500257   0.0181427
 -0.0103648           0   0.0239491  0.00436072
-0.00500257  -0.0239491           0 -0.00474686
 -0.0181427 -0.00436072  0.00474686           0
EndNode1[0]<--->Repeater1[0]
REAL
  0.402102 -0.0250798 0.00336203  0.0468081
-0.0250798   0.270696  0.0455486  0.0227526
0.00336203  0.0455486   0.177398  0.0129779
 0.0468081  0.0227526  0.0129779   0.149803
IMAGINARY
          0 -0.00543146    0.011236  0.00321547
 0.00543146           0  -0.0114122 -0.00871708
  -0.011236   0.0114122           0  0.00291257
-0.00321547  0.00871708 -0.00291257           0
EndNode2[0]<--->HoM1[0]
REAL
  0.359469 0.00946244  0.0164441  0.0820903
0.00946244   0.221954 0.00553857  0.0235044
 0.0164441 0.00553857   0.225573  0.0201767
 0.0820903  0.0235044  0.0201767   0.193004
IMAGINARY
          0  -0.0178618   0.0214818  -0.0160003
  0.0178618           0 -0.00622193 -0.00837839
 -0.0214818  0.00622193           0  -0.0159313
  0.0160003  0.00837839   0.0159313           0
Repeater1[0]<--->EndNode1[0]
REAL
  0.402102 0.00336203 -0.0250798  0.0468081
0.00336203   0.177398  0.0455486  0.0129779
-0.0250798  0.0455486   0.270696  0.0227526
 0.0468081  0.0129779  0.0227526   0.149803
IMAGINARY
          0    0.011236 -0.00543146  0.00321547
  -0.011236           0   0.0114122  0.00291257
 0.00543146  -0.0114122           0 -0.00871708
-0.00321547 -0.00291257  0.00871708           0
Repeater1[0]<--->HoM1[0]
REAL
  0.359469  0.0164441 0.00946244  0.0820903
 0.0164441   0.225573 0.00553857  0.0201767
0.00946244 0.00553857   0.221954  0.0235044
 0.0820903  0.0201767  0.0235044   0.193004
IMAGINARY
          0   0.0214818  -0.0178618  -0.0160003
 -0.0214818           0  0.00622193  -0.0159313
  0.0178618 -0.00622193           0 -0.00837839
  0.0160003   0.0159313  0.00837839           0
EndNode1[0]<--->Repeater1[0]
REAL
   0.360372 -0.00598336   0.0063961    0.082008
-0.00598336    0.297872   0.0302369   0.0133318
  0.0063961   0.0302369    0.170213   0.0107453
   0.082008   0.0133318   0.0107453    0.171543
IMAGINARY
          0   0.0256605  -0.0169403  0.00446884
 -0.0256605           0  -0.0131322  0.00604109
  0.0169403   0.0131322           0 -0.00249972
-0.00446884 -0.00604109  0.00249972           0
EndNode2[0]<--->HoM1[0]
REAL
   0.366887 -0.00804717  -0.0172249   0.0701667
-0.00804717    0.205298   0.0193855    0.011006
 -0.0172249   0.0193855     0.24106  -0.0180722
  0.0701667    0.011006  -0.0180722    0.186755
IMAGINARY
           0  -0.00830358   0.00238744   0.00766236
  0.00830358            0 -0.000472813   -0.0128041
 -0.00238744  0.000472813            0     0.014814
 -0.00766236    0.0128041    -0.014814            0
Repeater1[0]<--->EndNode1[0]
REAL
   0.360372   0.0063961 -0.00598336    0.082008
  0.0063961    0.170213   0.0302369   0.0107453
-0.00598336   0.0302369    0.297872   0.0133318
   0.082008   0.0107453   0.0133318    0.171543
IMAGINARY
          0  -0.0169403   0.0256605  0.00446884
  0.0169403           0   0.0131322 -0.00249972
 -0.0256605  -0.0131322           0  0.00604109
-0.00446884  0.00249972 -0.00604109           0
Repeater1[0]<--->HoM1[0]
REAL
   0.366887  -0.0172249 -0.00804717   0.0701667
 -0.0172249     0.24106   0.0193855  -0.0180722
-0.00804717   0.0193855    0.205298    0.011006
  0.0701667  -0.0180722    0.011006    0.186755
IMAGINARY
           0   0.00238744  -0.00830358   0.00766236
 -0.00238744            0  0.000472813     0.014814
  0.00830358 -0.000472813            0   -0.0128041
 -0.00766236    -0.014814    0.0128041            0
EndNode1[0]<--->Repeater1[0]
REAL
    0.36261 -0.00312292  0.00837312   0.0603857
-0.00312292    0.294856   0.0211835   0.0159108
 0.00837312   0.0211835    0.173149 -0.00248107
  0.0603857   0.0159108 -0.00248107    0.169385
IMAGINARY
          0  -0.0155081  -0.0139508  -0.0219391
  0.0155081           0   0.0231737  -0.0266269
  0.0139508  -0.0231737           0  0.00244066
  0.0219391   0.0266269 -0.00244066           0
EndNode2[0]<--->HoM1[0]
REAL
  0.352168  0.0188923 0.00936062  0.0989102
 0.0188923   0.227332  0.0369806 -0.0113112
0.00936062  0.0369806    0.21025  0.0207696
 0.0989102 -0.0113112  0.0207696    0.21025
IMAGINARY
           0   0.00316405  -0.00924241  -0.00557779
 -0.00316405            0   -0.0110274 -0.000535945
  0.00924241    0.0110274            0  -0.00903107
  0.00557779  0.000535945   0.00903107            0
Repeater1[0]<--->EndNode1[0]
REAL
    0.36261  0.00837312 -0.00312292   0.0603857
 0.00837312    0.173149   0.0211835 -0.00248107
-0.00312292   0.0211835    0.294856   0.0159108
  0.0603857 -0.00248107   0.0159108    0.169385
IMAGINARY
          0  -0.0139508  -0.0155081  -0.0219391
  0.0139508           0  -0.0231737  0.00244066
  0.0155081   0.0231737           0  -0.0266269
  0.0219391 -0.00244066   0.0266269           0
Repeater1[0]<--->HoM1[0]
REAL
  0.352168 0.00936062  0.0188923  0.0989102
0.00936062    0.21025  0.0369806  0.0207696
 0.0188923  0.0369806   0.227332 -0.0113112
 0.0989102  0.0207696 -0.0113112    0.21025
IMAGINARY
           0  -0.00924241   0.00316405  -0.00557779
  0.00924241            0    0.0110274  -0.00903107
 -0.00316405   -0.0110274            0 -0.000535945
  0.00557779   0.00903107  0.000535945            0
EndNode1[0]<--->Repeater1[0]
REAL
   0.37963  0.0126031 -0.0172459  0.0877177
 0.0126031   0.269841    0.02636  0.0111779
-0.0172459    0.02636   0.166667 0.00802795
 0.0877177  0.0111779 0.00802795   0.183862
IMAGINARY
          0  -0.0239526 -0.00134194   0.0128544
  0.0239526           0 -0.00832659  0.00264742
 0.00134194  0.00832659           0 -0.00607347
 -0.0128544 -0.00264742  0.00607347           0
EndNode2[0]<--->HoM1[0]
REAL
  0.407967 0.00526371 -0.0101509  0.0531584
0.00526371   0.178571  0.0356145 0.00231796
-0.0101509  0.0356145   0.247253 0.00126371
 0.0531584 0.00231796 0.00126371   0.166209
IMAGINARY
           0   -0.0253447  -0.00190862    0.0168493
   0.0253447            0  0.000987262  0.000655485
  0.00190862 -0.000987262            0    0.0027883
  -0.0168493 -0.000655485   -0.0027883            0
Repeater1[0]<--->EndNode1[0]
REAL
   0.37963 -0.0172459  0.0126031  0.0877177
-0.0172459   0.166667    0.02636 0.00802795
 0.0126031    0.02636   0.269841  0.0111779
 0.0877177 0.00802795  0.0111779   0.183862
IMAGINARY
          0 -0.00134194  -0.0239526   0.0128544
 0.00134194           0  0.00832659 -0.00607347
  0.0239526 -0.00832659           0  0.00264742
 -0.0128544  0.00607347 -0.00264742           0
Repeater1[0]<--->HoM1[0]
REAL
  0.407967 -0.0101509 0.00526371  0.0531584
-0.0101509   0.247253  0.0356145 0.00126371
0.00526371  0.0356145   0.178571 0.00231796
 0.0531584 0.00126371 0.00231796   0.166209
IMAGINARY
           0  -0.00190862   -0.0253447    0.0168493
  0.00190862            0 -0.000987262    0.0027883
   0.0253447  0.000987262            0  0.000655485
  -0.0168493   -0.0027883 -0.000655485            0
EndNode1[0]<--->Repeater1[0]
REAL
   0.357143 -0.00942034   0.0123521   0.0735743
-0.00942034    0.279557   0.0224521 -0.00506729
  0.0123521   0.0224521    0.167488  0.00743359
  0.0735743 -0.00506729  0.00743359    0.195813
IMAGINARY
           0    0.0273061   -0.0240492   0.00589161
  -0.0273061            0   0.00958619 -0.000888446
   0.0240492  -0.00958619            0   0.00511287
 -0.00589161  0.000888446  -0.00511287            0
EndNode2[0]<--->HoM1[0]
REAL
   0.360595  0.00555584   -0.010597   0.0929923
 0.00555584    0.214374   0.0262384   0.0336739
  -0.010597   0.0262384    0.255266 -0.00427378
  0.0929923   0.0336739 -0.00427378    0.169765
IMAGINARY
          0   -0.016889 -0.00897169  -0.0248142
   0.016889           0   0.0128344 -0.00411732
 0.00897169  -0.0128344           0   0.0234335
  0.0248142  0.00411732  -0.0234335           0
Repeater1[0]<--->EndNode1[0]
REAL
   0.357143   0.0123521 -0.00942034   0.0735743
  0.0123521    0.167488   0.0224521  0.00743359
-0.00942034   0.0224521    0.279557 -0.00506729
  0.0735743  0.00743359 -0.00506729    0.195813
IMAGINARY
           0   -0.0240492    0.0273061   0.00589161
   0.0240492            0  -0.00958619   0.00511287
  -0.0273061   0.00958619            0 -0.000888446
 -0.00589161  -0.00511287  0.000888446            0
Repeater1[0]<--->HoM1[0]
REAL
   0.360595   -0.010597  0.00555584   0.0929923
  -0.010597    0.255266   0.0262384 -0.00427378
 0.00555584   0.0262384    0.214374   0.0336739
  0.0929923 -0.00427378   0.0336739    0.169765
IMAGINARY
          0 -0.00897169   -0.016889  -0.0248142
 0.00897169           0  -0.0128344   0.0234335
   0.016889   0.0128344           0 -0.00411732
  0.0248142  -0.0234335  0.00411732           0
EndNode1[0]<--->Repeater1[0]
REAL
   0.368139  -0.0198918 -0.00779702   0.0695498
 -0.0198918    0.309237   0.0096008  -0.0108645
-0.00779702   0.0096008    0.165997 -0.00520471
  0.0695498  -0.0108645 -0.00520471    0.156627
IMAGINARY
          0 -0.00382979   0.0230682  -0.0139409
 0.00382979           0   0.0165934  0.00881953
 -0.0230682  -0.0165934           0 -0.00127225
  0.0139409 -0.00881953  0.00127225           0
EndNode2[0]<--->HoM1[0]
REAL
   0.36152  0.0140744 -0.0105628  0.0706362
 0.0140744   0.207108  0.0403332  0.0245934
-0.0105628  0.0403332   0.237745  0.0114358
 0.0706362  0.0245934  0.0114358   0.193627
IMAGINARY
          0   0.0230155 -0.00545952 -0.00507353
 -0.0230155           0  -0.0125735  0.00798478
 0.00545952   0.0125735           0   0.0148633
 0.00507353 -0.00798478  -0.0148633           0
Repeater1[0]<--->EndNode1[0]
REAL
   0.368139 -0.00779702  -0.0198918   0.0695498
-0.00779702    0.165997   0.0096008 -0.00520471
 -0.0198918   0.0096008    0.309237  -0.0108645
  0.0695498 -0.00520471  -0.0108645    0.156627
IMAGINARY
          0   0.0230682 -0.00382979  -0.0139409
 -0.0230682           0  -0.0165934 -0.00127225
 0.00382979   0.0165934           0  0.00881953
  0.0139409  0.00127225 -0.00881953           0
Repeater1[0]<--->HoM1[0]
REAL
   0.36152 -0.0105628  0.0140744  0.0706362
-0.0105628   0.237745  0.0403332  0.0114358
 0.0140744  0.0403332   0.207108  0.0245934
 0.0706362  0.0114358  0.0245934   0.193627
IMAGINARY
          0 -0.00545952   0.0230155 -0.00507353
 0.00545952           0   0.0125735   0.0148633
 -0.0230155  -0.0125735           0  0.00798478
 0.00507353  -0.0148633 -0.00798478           0
EndNode1[0]<--->Repeater1[0]
REAL
  0.366492  0.0312364  0.0320628   0.052084
 0.0312364   0.282723  0.0285171 -0.0129372
 0.0320628  0.0285171   0.187173  0.0001844
  0.052084 -0.0129372  0.0001844   0.163613
IMAGINARY
          0  -0.0121157  -0.0253696  0.00128697
  0.0121157           0  0.00517298  -0.0147578
  0.0253696 -0.00517298           0 -0.00126006
-0.00128697   0.0147578  0.00126006           0
EndNode2[0]<--->HoM1[0]
REAL
   0.340483  0.00133807  0.00149553   0.0854278
 0.00133807    0.225201   0.0235856  0.00642164
 0.00149553   0.0235856    0.229223 -0.00194708
  0.0854278  0.00642164 -0.00194708    0.205094
IMAGINARY
          0  -0.0183345  -0.0136909  0.00554187
  0.0183345           0  0.00751296 -0.00736176
  0.0136909 -0.00751296           0  0.00912398
-0.00554187  0.00736176 -0.00912398           0
Repeater1[0]<--->EndNode1[0]
REAL
  0.366492  0.0320628  0.0312364   0.052084
 0.0320628   0.187173  0.0285171  0.0001844
 0.0312364  0.0285171   0.282723 -0.0129372
  0.052084  0.0001844 -0.0129372   0.163613
IMAGINARY
          0  -0.0253696  -0.0121157  0.00128697
  0.0253696           0 -0.00517298 -0.00126006
  0.0121157  0.00517298           0  -0.0147578
-0.00128697  0.00126006   0.0147578           0
Repeater1[0]<--->HoM1[0]
REAL
   0.340483  0.00149553  0.00133807   0.0854278
 0.00149553    0.229223   0.0235856 -0.00194708
 0.00133807   0.0235856    0.225201  0.00642164
  0.0854278 -0.00194708  0.00642164    0.205094
IMAGINARY
          0  -0.0136909  -0.0183345  0.00554187
  0.0136909           0 -0.00751296  0.00912398
  0.0183345  0.00751296           0 -0.00736176
-0.00554187 -0.00912398  0.00736176           0
EndNode1[0]<--->Repeater1[0]
REAL
    0.37421    -0.01058 -0.00941308   0.0745693
   -0.01058    0.274336   0.0361078  -0.0140244
-0.00941308   0.0361078    0.201011  0.00406963
  0.0745693  -0.0140244  0.00406963    0.150442
IMAGINARY
          0  0.00310723  -0.0126261  0.00344826
-0.00310723           0 -0.00158952  0.00154395
  0.0126261  0.00158952           0   0.0157976
-0.00344826 -0.00154395  -0.0157976           0
EndNode2[0]<--->HoM1[0]
REAL
   0.339674 0.000644255  0.00248756   0.0831645
0.000644255    0.205163   0.0485491 -0.00248756
 0.00248756   0.0485491    0.244565  0.00191329
  0.0831645 -0.00248756  0.00191329    0.210598
IMAGINARY
           0    0.0231851  0.000322581   0.00356064
  -0.0231851            0   0.00482646 -0.000322581
-0.000322581  -0.00482646            0   0.00630203
 -0.00356064  0.000322581  -0.00630203            0
Repeater1[0]<--->EndNode1[0]
REAL
    0.37421 -0.00941308    -0.01058   0.0745693
-0.00941308    0.201011   0.0361078  0.00406963
   -0.01058   0.0361078    0.274336  -0.0140244
  0.0745693  0.00406963  -0.0140244    0.150442
IMAGINARY
          0  -0.0126261  0.00310723  0.00344826
  0.0126261           0  0.00158952   0.0157976
-0.00310723 -0.00158952           0  0.00154395
-0.00344826  -0.0157976 -0.00154395           0
Repeater1[0]<--->HoM1[0]
REAL
   0.339674  0.00248756 0.000644255   0.0831645
 0.00248756    0.244565   0.0485491  0.00191329
0.000644255   0.0485491    0.205163 -0.00248756
  0.0831645  0.00191329 -0.00248756    0.210598
IMAGINARY
           0  0.000322581    0.0231851   0.00356064
-0.000322581            0  -0.00482646   0.00630203
  -0.0231851   0.00482646            0 -0.000322581
 -0.00356064  -0.00630203  0.000322581            0
EndNode1[0]<--->Repeater1[0]
REAL
    0.362225 -0.000334148    0.0149556    0.0609481
-0.000334148     0.287193   0.00995657  0.000936864
   0.0149556   0.00995657       0.1837  -0.00700081
   0.0609481  0.000936864  -0.00700081     0.166882
IMAGINARY
           0    0.0291218  -0.00696106  0.000943396
  -0.0291218            0 -0.000943396  -0.00437039
  0.00696106  0.000943396            0   0.00912181
-0.000943396   0.00437039  -0.00912181            0
EndNode2[0]<--->HoM1[0]
REAL
   0.362694  0.00640365  0.00908176   0.0731452
 0.00640365    0.216321   0.0294189 -0.00138945
 0.00908176   0.0294189    0.224093  0.00898097
  0.0731452 -0.00138945  0.00898097    0.196891
IMAGINARY
           0   0.00322759    0.0142805  -0.00127714
 -0.00322759            0 -1.63109e-06    0.0104343
