EndNode1[0]<--->Repeater1[0]
REAL
  0.456735 -0.0143116 0.00610568   0.338251
-0.0143116  0.0419269  0.0016497 -0.0155689
0.00610568  0.0016497  0.0410348 0.00112508
  0.338251 -0.0155689 0.00112508   0.460303
IMAGINARY
          0 -0.00183256  0.00442085  -0.0124401
 0.00183256           0 -0.00731038 -0.00263832
-0.00442085  0.00731038           0 -0.00351503
  0.0124401  0.00263832  0.00351503           0
EndNode2[0]<--->HoM1[0]
REAL
  0.470003 0.00321818 0.00611708   0.338581
0.00321818  0.0339479 0.00347663 -0.0107536
0.00611708 0.00347663  0.0345332  0.0035123
  0.338581 -0.0107536  0.0035123   0.461516
IMAGINARY
           0 -0.000157348   0.00810321   0.00424304
 0.000157348            0  -0.00470387  -0.00157421
 -0.00810321   0.00470387            0   0.00243491
 -0.00424304   0.00157421  -0.00243491            0
Repeater1[0]<--->EndNode1[0]
REAL
  0.456735 0.00610568 -0.0143116   0.338251
0.00610568  0.0410348  0.0016497 0.00112508
-0.0143116  0.0016497  0.0419269 -0.0155689
  0.338251 0.00112508 -0.0155689   0.460303
IMAGINARY
          0  0.00442085 -0.00183256  -0.0124401
-0.00442085           0  0.00731038 -0.00351503
 0.00183256 -0.00731038           0 -0.00263832
  0.0124401  0.00351503  0.00263832           0
Repeater1[0]<--->HoM1[0]
REAL
  0.470003 0.00611708 0.00321818   0.338581
0.00611708  0.0345332 0.00347663  0.0035123
0.00321818 0.00347663  0.0339479 -0.0107536
  0.338581  0.0035123 -0.0107536   0.461516
IMAGINARY
           0   0.00810321 -0.000157348   0.00424304
 -0.00810321            0   0.00470387   0.00243491
 0.000157348  -0.00470387            0  -0.00157421
 -0.00424304  -0.00243491   0.00157421            0
EndNode1[0]<--->Repeater1[0]
REAL
   0.476835  0.00146588 -0.00763622    0.344561
 0.00146588   0.0327918   0.0039682  0.00312122
-0.00763622   0.0039682   0.0333935  0.00101009
   0.344561  0.00312122  0.00101009     0.45698
IMAGINARY
           0 -0.000634783   -0.0032087   0.00350039
 0.000634783            0  -0.00244138   0.00365315
   0.0032087   0.00244138            0   0.00493108
 -0.00350039  -0.00365315  -0.00493108            0
EndNode2[0]<--->HoM1[0]
REAL
   0.464439 -0.00111111  0.00253508    0.351436
-0.00111111   0.0331085  0.00335413 -0.00403209
 0.00253508  0.00335413   0.0312692  0.00111111
   0.351436 -0.00403209  0.00111111    0.471183
IMAGINARY
          0   0.0047555  0.00161703  0.00495904
 -0.0047555           0  -0.0101012 -0.00539232
-0.00161703   0.0101012           0 -0.00430247
-0.00495904  0.00539232  0.00430247           0
Repeater1[0]<--->EndNode1[0]
REAL
   0.476835 -0.00763622  0.00146588    0.344561
-0.00763622   0.0333935   0.0039682  0.00101009
 0.00146588   0.0039682   0.0327918  0.00312122
   0.344561  0.00101009  0.00312122     0.45698
IMAGINARY
           0   -0.0032087 -0.000634783   0.00350039
   0.0032087            0   0.00244138   0.00493108
 0.000634783  -0.00244138            0   0.00365315
 -0.00350039  -0.00493108  -0.00365315            0
Repeater1[0]<--->HoM1[0]
REAL
   0.464439  0.00253508 -0.00111111    0.351436
 0.00253508   0.0312692  0.00335413  0.00111111
-0.00111111  0.00335413   0.0331085 -0.00403209
   0.351436  0.00111111 -0.00403209    0.471183
IMAGINARY
          0  0.00161703   0.0047555  0.00495904
-0.00161703           0   0.0101012 -0.00430247
 -0.0047555  -0.0101012           0 -0.00539232
-0.00495904  0.00430247  0.00539232           0
EndNode1[0]<--->Repeater1[0]
REAL
    0.470773  -0.00297639 -0.000519291     0.349292
 -0.00297639    0.0355123  6.72322e-06  -0.00709038
-0.000519291  6.72322e-06    0.0370836   -0.0150779
    0.349292  -0.00709038   -0.0150779     0.456631
IMAGINARY
          0 -0.00433425    0.005855 -0.00810184
 0.00433425           0  0.00132118   0.0090611
  -0.005855 -0.00132118           0 -0.00654208
 0.00810184  -0.0090611  0.00654208           0
EndNode2[0]<--->HoM1[0]
REAL
   0.479186  0.00282314    0.011529     0.34111
 0.00282314   0.0352476 -0.00502062 0.000510496
   0.011529 -0.00502062   0.0355515   0.0135679
    0.34111 0.000510496   0.0135679    0.450015
IMAGINARY
           0    0.0012585   0.00469311  -0.00382979
  -0.0012585            0   -0.0019859  0.000143651
 -0.00469311    0.0019859            0   0.00267137
  0.00382979 -0.000143651  -0.00267137            0
Repeater1[0]<--->EndNode1[0]
REAL
    0.470773 -0.000519291  -0.00297639     0.349292
-0.000519291    0.0370836  6.72322e-06   -0.0150779
 -0.00297639  6.72322e-06    0.0355123  -0.00709038
    0.349292   -0.0150779  -0.00709038     0.456631
IMAGINARY
          0    0.005855 -0.00433425 -0.00810184
  -0.005855           0 -0.00132118 -0.00654208
 0.00433425  0.00132118           0   0.0090611
 0.00810184  0.00654208  -0.0090611           0
Repeater1[0]<--->HoM1[0]
REAL
   0.479186    0.011529  0.00282314     0.34111
   0.011529   0.0355515 -0.00502062   0.0135679
 0.00282314 -0.00502062   0.0352476 0.000510496
    0.34111   0.0135679 0.000510496    0.450015
IMAGINARY
           0   0.00469311    0.0012585  -0.00382979
 -0.00469311            0    0.0019859   0.00267137
  -0.0012585   -0.0019859            0  0.000143651
  0.00382979  -0.00267137 -0.000143651            0
EndNode1[0]<--->Repeater1[0]
REAL
    0.46006 8.77095e-06  0.00585846    0.343327
8.77095e-06   0.0348348  0.00275644   0.0017311
 0.00585846  0.00275644    0.039039 0.000598394
   0.343327   0.0017311 0.000598394    0.466066
IMAGINARY
           0  7.20195e-05 -0.000280402  0.000230521
-7.20195e-05            0   0.00617582   0.00255796
 0.000280402  -0.00617582            0  -0.00143855
-0.000230521  -0.00255796   0.00143855            0
EndNode2[0]<--->HoM1[0]
REAL
   0.472567  0.00321443 -0.00655066    0.347054
 0.00321443   0.0357684  0.00527954 -0.00349069
-0.00655066  0.00527954   0.0333434  0.00505492
   0.347054 -0.00349069  0.00505492    0.458321
IMAGINARY
           0   0.00344316  -0.00924097  -0.00803452
 -0.00344316            0   0.00937102  -0.00109765
  0.00924097  -0.00937102            0  0.000902057
  0.00803452   0.00109765 -0.000902057            0
Repeater1[0]<--->EndNode1[0]
REAL
    0.46006  0.00585846 8.77095e-06    0.343327
 0.00585846    0.039039  0.00275644 0.000598394
8.77095e-06  0.00275644   0.0348348   0.0017311
   0.343327 0.000598394   0.0017311    0.466066
IMAGINARY
           0 -0.000280402  7.20195e-05  0.000230521
 0.000280402            0  -0.00617582  -0.00143855
-7.20195e-05   0.00617582            0   0.00255796
-0.000230521   0.00143855  -0.00255796            0
Repeater1[0]<--->HoM1[0]
REAL
   0.472567 -0.00655066  0.00321443    0.347054
-0.00655066   0.0333434  0.00527954  0.00505492
 0.00321443  0.00527954   0.0357684 -0.00349069
   0.347054  0.00505492 -0.00349069    0.458321
IMAGINARY
           0  -0.00924097   0.00344316  -0.00803452
  0.00924097            0  -0.00937102  0.000902057
 -0.00344316   0.00937102            0  -0.00109765
  0.00803452 -0.000902057   0.00109765            0
EndNode1[0]<--->Repeater1[0]
REAL
   0.476868 -0.00131839  0.00111989    0.344062
-0.00131839   0.0352906  0.00871126 -0.00726681
 0.00111989  0.00871126   0.0349941 -0.00632778
   0.344062 -0.00726681 -0.00632778    0.452847
IMAGINARY
           0   0.00340259  -0.00683569  0.000355989
 -0.00340259            0   0.00625971   -0.0137454
  0.00683569  -0.00625971            0   0.00325601
-0.000355989    0.0137454  -0.00325601            0
EndNode2[0]<--->HoM1[0]
REAL
    0.46741  0.00318626 -0.00516727    0.340333
 0.00318626   0.0358191 0.000493049 -0.00303443
-0.00516727 0.000493049   0.0349383   0.0025853
   0.340333 -0.00303443   0.0025853    0.461832
IMAGINARY
           0   -0.0089302   0.00015036   -0.0025139
   0.0089302            0  -0.00667561  3.34434e-06
 -0.00015036   0.00667561            0   0.00969872
   0.0025139 -3.34434e-06  -0.00969872            0
Repeater1[0]<--->EndNode1[0]
REAL
   0.476868  0.00111989 -0.00131839    0.344062
 0.00111989   0.0349941  0.00871126 -0.00632778
-0.00131839  0.00871126   0.0352906 -0.00726681
   0.344062 -0.00632778 -0.00726681    0.452847
IMAGINARY
           0  -0.00683569   0.00340259  0.000355989
  0.00683569            0  -0.00625971   0.00325601
 -0.00340259   0.00625971            0   -0.0137454
-0.000355989  -0.00325601    0.0137454            0
Repeater1[0]<--->HoM1[0]
REAL
    0.46741 -0.00516727  0.00318626    0.340333
-0.00516727   0.0349383 0.000493049   0.0025853
 0.00318626 0.000493049   0.0358191 -0.00303443
   0.340333   0.0025853 -0.00303443    0.461832
IMAGINARY
           0   0.00015036   -0.0089302   -0.0025139
 -0.00015036            0   0.00667561   0.00969872
   0.0089302  -0.00667561            0  3.34434e-06
   0.0025139  -0.00969872 -3.34434e-06            0
EndNode1[0]<--->Repeater1[0]
REAL
   0.482925 -0.00235627 -0.00559278    0.339359
-0.00235627   0.0335449  0.00727547  -0.0042345
-0.00559278  0.00727547   0.0362647 -0.00479084
   0.339359  -0.0042345 -0.00479084    0.447265
IMAGINARY
          0  0.00120506  -0.0067491   0.0040306
-0.00120506           0   0.0126462 -0.00689407
  0.0067491  -0.0126462           0    0.010639
 -0.0040306  0.00689407   -0.010639           0
EndNode2[0]<--->HoM1[0]
REAL
   0.460156  -0.0109946 -0.00497786    0.337456
 -0.0109946   0.0326543 -0.00148382 -0.00114703
-0.00497786 -0.00148382   0.0320551  0.00277826
   0.337456 -0.00114703  0.00277826    0.475135
IMAGINARY
           0  -0.00748704  -0.00423941  0.000397538
  0.00748704            0  -0.00273399   0.00230431
  0.00423941   0.00273399            0  0.000788616
-0.000397538  -0.00230431 -0.000788616            0
Repeater1[0]<--->EndNode1[0]
REAL
   0.482925 -0.00559278 -0.00235627    0.339359
-0.00559278   0.0362647  0.00727547 -0.00479084
-0.00235627  0.00727547   0.0335449  -0.0042345
   0.339359 -0.00479084  -0.0042345    0.447265
IMAGINARY
          0  -0.0067491  0.00120506   0.0040306
  0.0067491           0  -0.0126462    0.010639
-0.00120506   0.0126462           0 -0.00689407
 -0.0040306   -0.010639  0.00689407           0
Repeater1[0]<--->HoM1[0]
REAL
   0.460156 -0.00497786  -0.0109946    0.337456
-0.00497786   0.0320551 -0.00148382  0.00277826
 -0.0109946 -0.00148382   0.0326543 -0.00114703
   0.337456  0.00277826 -0.00114703    0.475135
IMAGINARY
           0  -0.00423941  -0.00748704  0.000397538
  0.00423941            0   0.00273399  0.000788616
  0.00748704  -0.00273399            0   0.00230431
-0.000397538 -0.000788616  -0.00230431            0
EndNode1[0]<--->Repeater1[0]
REAL
     0.46396   0.00219003   0.00894438     0.341953
  0.00219003    0.0335393  -0.00160114 -0.000613568
  0.00894438  -0.00160114    0.0347161   0.00462608
    0.341953 -0.000613568   0.00462608     0.467785
IMAGINARY
           0  -0.00634789   0.00703234    0.0075828
  0.00634789            0    0.0084688  -0.00209666
 -0.00703234   -0.0084688            0 -0.000681729
  -0.0075828   0.00209666  0.000681729            0
EndNode2[0]<--->HoM1[0]
REAL
    0.46247 0.000685339   -0.015896    0.333557
0.000685339   0.0335956  0.00241976   0.0085629
  -0.015896  0.00241976   0.0357143   -0.015202
   0.333557   0.0085629   -0.015202     0.46822
IMAGINARY
          0   0.0029453  0.00111243   0.0117704
 -0.0029453           0  0.00362811 -0.00111243
-0.00111243 -0.00362811           0  -0.0023465
 -0.0117704  0.00111243   0.0023465           0
Repeater1[0]<--->EndNode1[0]
REAL
     0.46396   0.00894438   0.00219003     0.341953
  0.00894438    0.0347161  -0.00160114   0.00462608
  0.00219003  -0.00160114    0.0335393 -0.000613568
    0.341953   0.00462608 -0.000613568     0.467785
IMAGINARY
           0   0.00703234  -0.00634789    0.0075828
 -0.00703234            0   -0.0084688 -0.000681729
  0.00634789    0.0084688            0  -0.00209666
  -0.0075828  0.000681729   0.00209666            0
Repeater1[0]<--->HoM1[0]
REAL
    0.46247   -0.015896 0.000685339    0.333557
  -0.015896   0.0357143  0.00241976   -0.015202
0.000685339  0.00241976   0.0335956   0.0085629
   0.333557   -0.015202   0.0085629     0.46822
IMAGINARY
          0  0.00111243   0.0029453   0.0117704
-0.00111243           0 -0.00362811  -0.0023465
 -0.0029453  0.00362811           0 -0.00111243
 -0.0117704   0.0023465  0.00111243           0
EndNode1[0]<--->Repeater1[0]
REAL
    0.47328  0.00578879  0.00297728    0.347168
 0.00578879   0.0351343  0.00361389 -0.00341963
 0.00297728  0.00361389   0.0374963  -0.0103597
   0.347168 -0.00341963  -0.0103597    0.454089
IMAGINARY
           0  0.000924583   0.00551772  -0.00869346
-0.000924583            0   -0.0023171  -0.00566729
 -0.00551772    0.0023171            0   0.00849809
  0.00869346   0.00566729  -0.00849809            0
EndNode2[0]<--->HoM1[0]
REAL
    0.467991   0.00702666 -9.27327e-05      0.34345
  0.00702666    0.0281565  -0.00230311  -0.00184815
-9.27327e-05  -0.00230311    0.0346769   -0.0035928
     0.34345  -0.00184815   -0.0035928     0.469176
IMAGINARY
          0  0.00661429  0.00276568 -0.00212004
-0.00661429           0  -0.0122163  0.00352074
-0.00276568   0.0122163           0  -0.0187271
 0.00212004 -0.00352074   0.0187271           0
Repeater1[0]<--->EndNode1[0]
REAL
    0.47328  0.00297728  0.00578879    0.347168
 0.00297728   0.0374963  0.00361389  -0.0103597
 0.00578879  0.00361389   0.0351343 -0.00341963
   0.347168  -0.0103597 -0.00341963    0.454089
IMAGINARY
           0   0.00551772  0.000924583  -0.00869346
 -0.00551772            0    0.0023171   0.00849809
-0.000924583   -0.0023171            0  -0.00566729
  0.00869346  -0.00849809   0.00566729            0
Repeater1[0]<--->HoM1[0]
REAL
    0.467991 -9.27327e-05   0.00702666      0.34345
-9.27327e-05    0.0346769  -0.00230311   -0.0035928
  0.00702666  -0.00230311    0.0281565  -0.00184815
     0.34345   -0.0035928  -0.00184815     0.469176
IMAGINARY
          0  0.00276568  0.00661429 -0.00212004
-0.00276568           0   0.0122163  -0.0187271
-0.00661429  -0.0122163           0  0.00352074
 0.00212004   0.0187271 -0.00352074           0
EndNode1[0]<--->Repeater1[0]
REAL
   0.470993 -0.00562924  0.00178872    0.344284
-0.00562924   0.0370813  0.00870087  -0.0109396
 0.00178872  0.00870087   0.0358852  -0.0047218
   0.344284  -0.0109396  -0.0047218    0.456041
IMAGINARY
           0   -0.0045824   0.00649529   -0.0102107
   0.0045824            0   -0.0161209 -0.000944735
 -0.00649529    0.0161209            0   0.00203215
   0.0102107  0.000944735  -0.00203215            0
EndNode2[0]<--->HoM1[0]
REAL
    0.465946   0.00216529 -0.000742564     0.345957
  0.00216529    0.0380006  -0.00233557  -0.00353094
-0.000742564  -0.00233557     0.023385   -0.0070719
    0.345957  -0.00353094   -0.0070719     0.472669
IMAGINARY
          0  0.00551335 -0.00187651   0.0154001
-0.00551335           0   0.0159832  0.00353865
 0.00187651  -0.0159832           0  0.00128629
 -0.0154001 -0.00353865 -0.00128629           0
Repeater1[0]<--->EndNode1[0]
REAL
   0.470993  0.00178872 -0.00562924    0.344284
 0.00178872   0.0358852  0.00870087  -0.0047218
-0.00562924  0.00870087   0.0370813  -0.0109396
   0.344284  -0.0047218  -0.0109396    0.456041
IMAGINARY
           0   0.00649529   -0.0045824   -0.0102107
 -0.00649529            0    0.0161209   0.00203215
   0.0045824   -0.0161209            0 -0.000944735
   0.0102107  -0.00203215  0.000944735            0
Repeater1[0]<--->HoM1[0]
REAL
    0.465946 -0.000742564   0.00216529     0.345957
-0.000742564     0.023385  -0.00233557   -0.0070719
  0.00216529  -0.00233557    0.0380006  -0.00353094
    0.345957   -0.0070719  -0.00353094     0.472669
IMAGINARY
          0 -0.00187651  0.00551335   0.0154001
 0.00187651           0  -0.0159832  0.00128629
-0.00551335   0.0159832           0  0.00353865
 -0.0154001 -0.00128629 -0.00353865           0
EndNode1[0]<--->Repeater1[0]
REAL
    0.457734    0.0052704 -4.94835e-05      0.34537
   0.0052704     0.036271   0.00472017   0.00693159
-4.94835e-05   0.00472017    0.0329736  -0.00347507
     0.34537   0.00693159  -0.00347507     0.473022
IMAGINARY
           0  0.000230799  0.000511818  0.000463174
-0.000230799            0   -0.0041934  -0.00682571
-0.000511818    0.0041934            0   0.00728574
-0.000463174   0.00682571  -0.00728574            0
EndNode2[0]<--->HoM1[0]
REAL
   0.472558 -0.00172754  0.00193832    0.341462
-0.00172754   0.0365891   0.0105525 -0.00368964
 0.00193832   0.0105525   0.0303876 -0.00848845
   0.341462 -0.00368964 -0.00848845    0.460465
IMAGINARY
           0 -0.000974293   0.00781398   0.00524494
 0.000974293            0   0.00450683   0.00370117
 -0.00781398  -0.00450683            0   -0.0111469
 -0.00524494  -0.00370117    0.0111469            0
Repeater1[0]<--->EndNode1[0]
REAL
    0.457734 -4.94835e-05    0.0052704      0.34537
-4.94835e-05    0.0329736   0.00472017  -0.00347507
   0.0052704   0.00472017     0.036271   0.00693159
     0.34537  -0.00347507   0.00693159     0.473022
IMAGINARY
           0  0.000511818  0.000230799  0.000463174
-0.000511818            0    0.0041934   0.00728574
-0.000230799   -0.0041934            0  -0.00682571
-0.000463174  -0.00728574   0.00682571            0
Repeater1[0]<--->HoM1[0]
REAL
   0.472558  0.00193832 -0.00172754    0.341462
 0.00193832   0.0303876   0.0105525 -0.00848845
-0.00172754   0.0105525   0.0365891 -0.00368964
   0.341462 -0.00848845 -0.00368964    0.460465
IMAGINARY
           0   0.00781398 -0.000974293   0.00524494
 -0.00781398            0  -0.00450683   -0.0111469
 0.000974293   0.00450683            0   0.00370117
 -0.00524494    0.0111469  -0.00370117            0
EndNode1[0]<--->Repeater1[0]
REAL
   0.460896  0.00798637  0.00455963    0.340897
 0.00798637   0.0289552  0.00179944  0.00409509
 0.00455963  0.00179944   0.0349254 -0.00540514
   0.340897  0.00409509 -0.00540514    0.475224
IMAGINARY
           0   0.00247898  0.000572946  -0.00377015
 -0.00247898            0  -0.00146467  -0.00733986
-0.000572946   0.00146467            0   0.00458869
  0.00377015   0.00733986  -0.00458869            0
EndNode2[0]<--->HoM1[0]
REAL
    0.47131  -0.0144794 -0.00256161    0.347203
 -0.0144794   0.0294569  0.00899852 -0.00522749
-0.00256161  0.00899852   0.0288432 -0.00169793
   0.347203 -0.00522749 -0.00169793     0.47039
IMAGINARY
          0 -0.00151062  0.00703544 -0.00120823
 0.00151062           0 -0.00668971 -0.00748738
-0.00703544  0.00668971           0 -0.00195428
 0.00120823  0.00748738  0.00195428           0
Repeater1[0]<--->EndNode1[0]
REAL
   0.460896  0.00455963  0.00798637    0.340897
 0.00455963   0.0349254  0.00179944 -0.00540514
 0.00798637  0.00179944   0.0289552  0.00409509
   0.340897 -0.00540514  0.00409509    0.475224
IMAGINARY
           0  0.000572946   0.00247898  -0.00377015
-0.000572946            0   0.00146467   0.00458869
 -0.00247898  -0.00146467            0  -0.00733986
  0.00377015  -0.00458869   0.00733986            0
Repeater1[0]<--->HoM1[0]
REAL
    0.47131 -0.00256161  -0.0144794    0.347203
-0.00256161   0.0288432  0.00899852 -0.00169793
 -0.0144794  0.00899852   0.0294569 -0.00522749
   0.347203 -0.00169793 -0.00522749     0.47039
IMAGINARY
          0  0.00703544 -0.00151062 -0.00120823
-0.00703544           0  0.00668971 -0.00195428
 0.00151062 -0.00668971           0 -0.00748738
 0.00120823  0.00195428  0.00748738           0
EndNode1[0]<--->Repeater1[0]
REAL
    0.475877   0.00776276   0.00165946     0.334597
  0.00776276    0.0320647   0.00179353 -0.000306072
  0.00165946   0.00179353    0.0377585   0.00381619
    0.334597 -0.000306072   0.00381619       0.4543
IMAGINARY
          0 -0.00583654 -0.00900285 -0.00698138
 0.00583654           0 -0.00410346    0.009436
 0.00900285  0.00410346           0 -0.00643606
 0.00698138   -0.009436  0.00643606           0
EndNode2[0]<--->HoM1[0]
REAL
   0.479635 -0.00528742 -0.00424025     0.34733
-0.00528742   0.0331307   0.0130515   0.0078202
-0.00424025   0.0130515   0.0331307  0.00588408
    0.34733   0.0078202  0.00588408    0.454103
IMAGINARY
          0  0.00535586 -0.00744065 -0.00300888
-0.00535586           0  0.00608202 -0.00405531
 0.00744065 -0.00608202           0  0.00823029
 0.00300888  0.00405531 -0.00823029           0
Repeater1[0]<--->EndNode1[0]
REAL
    0.475877   0.00165946   0.00776276     0.334597
  0.00165946    0.0377585   0.00179353   0.00381619
  0.00776276   0.00179353    0.0320647 -0.000306072
    0.334597   0.00381619 -0.000306072       0.4543
IMAGINARY
          0 -0.00900285 -0.00583654 -0.00698138
 0.00900285           0  0.00410346 -0.00643606
 0.00583654 -0.00410346           0    0.009436
 0.00698138  0.00643606   -0.009436           0
Repeater1[0]<--->HoM1[0]
REAL
   0.479635 -0.00424025 -0.00528742     0.34733
-0.00424025   0.0331307   0.0130515  0.00588408
-0.00528742   0.0130515   0.0331307   0.0078202
    0.34733  0.00588408   0.0078202    0.454103
IMAGINARY
          0 -0.00744065  0.00535586 -0.00300888
 0.00744065           0 -0.00608202  0.00823029
-0.00535586  0.00608202           0 -0.00405531
 0.00300888 -0.00823029  0.00405531           0
EndNode1[0]<--->Repeater1[0]
REAL
   0.486486 -0.00354478 -0.00873211    0.343864
-0.00354478    0.034749  0.00345474  0.00100718
-0.00873211  0.00345474    0.031185 6.09882e-05
   0.343864  0.00100718 6.09882e-05    0.447579
IMAGINARY
          0 -0.00625958  0.00598708  0.00583995
 0.00625958           0 -0.00896217 -0.00131981
-0.00598708  0.00896217           0 -0.00202106
-0.00583995  0.00131981  0.00202106           0
EndNode2[0]<--->HoM1[0]
REAL
   0.461653 -0.00285317  -0.0131323    0.341495
-0.00285317   0.0310355  0.00340281  0.00117896
 -0.0131323  0.00340281   0.0355118  -0.0021031
   0.341495  0.00117896  -0.0021031    0.471799
IMAGINARY
          0  0.00332323   0.0054982   0.0018855
-0.00332323           0  0.00203725 -0.00306807
 -0.0054982 -0.00203725           0 -0.00666466
 -0.0018855  0.00306807  0.00666466           0
Repeater1[0]<--->EndNode1[0]
REAL
   0.486486 -0.00873211 -0.00354478    0.343864
-0.00873211    0.031185  0.00345474 6.09882e-05
-0.00354478  0.00345474    0.034749  0.00100718
   0.343864 6.09882e-05  0.00100718    0.447579
IMAGINARY
          0  0.00598708 -0.00625958  0.00583995
-0.00598708           0  0.00896217 -0.00202106
 0.00625958 -0.00896217           0 -0.00131981
-0.00583995  0.00202106  0.00131981           0
Repeater1[0]<--->HoM1[0]
REAL
   0.461653  -0.0131323 -0.00285317    0.341495
 -0.0131323   0.0355118  0.00340281  -0.0021031
-0.00285317  0.00340281   0.0310355  0.00117896
   0.341495  -0.0021031  0.00117896    0.471799
IMAGINARY
          0   0.0054982  0.00332323   0.0018855
 -0.0054982           0 -0.00203725 -0.00666466
-0.00332323  0.00203725           0 -0.00306807
 -0.0018855  0.00666466  0.00306807           0
EndNode1[0]<--->Repeater1[0]
REAL
    0.467401  -0.00247737  -0.00983386       0.3397
 -0.00247737    0.0327478 -0.000844604  -0.00462397
 -0.00983386 -0.000844604    0.0318547   -0.0080648
      0.3397  -0.00462397   -0.0080648     0.467996
IMAGINARY
          0 -0.00423903  0.00295388  0.00745171
 0.00423903           0 -0.00116143  0.00234113
-0.00295388  0.00116143           0 -0.00983056
-0.00745171 -0.00234113  0.00983056           0
EndNode2[0]<--->HoM1[0]
REAL
   0.464607 -0.00186986  0.00679357    0.339526
-0.00186986   0.0395921 -0.00148477  0.00282181
 0.00679357 -0.00148477   0.0380924  0.00457419
   0.339526  0.00282181  0.00457419    0.457708
IMAGINARY
           0  0.000657165     0.011447  -0.00848677
-0.000657165            0   0.00971452  0.000885791
   -0.011447  -0.00971452            0  -0.00853235
  0.00848677 -0.000885791   0.00853235            0
Repeater1[0]<--->EndNode1[0]
REAL
    0.467401  -0.00983386  -0.00247737       0.3397
 -0.00983386    0.0318547 -0.000844604   -0.0080648
 -0.00247737 -0.000844604    0.0327478  -0.00462397
      0.3397   -0.0080648  -0.00462397     0.467996
IMAGINARY
          0  0.00295388 -0.00423903  0.00745171
-0.00295388           0  0.00116143 -0.00983056
 0.00423903 -0.00116143           0  0.00234113
-0.00745171  0.00983056 -0.00234113           0
Repeater1[0]<--->HoM1[0]
REAL
   0.464607  0.00679357 -0.00186986    0.339526
 0.00679357   0.0380924 -0.00148477  0.00457419
-0.00186986 -0.00148477   0.0395921  0.00282181
   0.339526  0.00457419  0.00282181    0.457708
IMAGINARY
           0     0.011447  0.000657165  -0.00848677
   -0.011447            0  -0.00971452  -0.00853235
-0.000657165   0.00971452            0  0.000885791
  0.00848677   0.00853235 -0.000885791            0
EndNode1[0]<--->Repeater1[0]
REAL
   0.464042  0.00889356  0.00360355    0.342993
 0.00889356   0.0365778 0.000935841 -0.00435679
 0.00360355 0.000935841   0.0393676 -0.00301829
   0.342993 -0.00435679 -0.00301829    0.460012
IMAGINARY
          0   0.0107841  -0.0118478           0
 -0.0107841           0           0 -0.00428122
  0.0118478           0           0  0.00443199
          0  0.00428122 -0.00443199           0
EndNode2[0]<--->HoM1[0]
REAL
   0.464264 -0.00343079  0.00488144    0.341325
-0.00343079   0.0369267   0.0130907 -0.00696975
 0.00488144   0.0130907    0.029184 -0.00343079
   0.341325 -0.00696975 -0.00343079    0.469625
IMAGINARY
          0  0.00367824 -0.00439956 -0.00680014
-0.00367824           0   0.0019663 -0.00574888
 0.00439956  -0.0019663           0 -0.00958554
 0.00680014  0.00574888  0.00958554           0
Repeater1[0]<--->EndNode1[0]
REAL
   0.464042  0.00360355  0.00889356    0.342993
 0.00360355   0.0393676 0.000935841 -0.00301829
 0.00889356 0.000935841   0.0365778 -0.00435679
   0.342993 -0.00301829 -0.00435679    0.460012
IMAGINARY
          0  -0.0118478   0.0107841           0
  0.0118478           0           0  0.00443199
 -0.0107841           0           0 -0.00428122
          0 -0.00443199  0.00428122           0
Repeater1[0]<--->HoM1[0]
REAL
   0.464264  0.00488144 -0.00343079    0.341325
 0.00488144    0.029184   0.0130907 -0.00343079
-0.00343079   0.0130907   0.0369267 -0.00696975
   0.341325 -0.00343079 -0.00696975    0.469625
IMAGINARY
          0 -0.00439956  0.00367824 -0.00680014
 0.00439956           0  -0.0019663 -0.00958554
-0.00367824   0.0019663           0 -0.00574888
 0.00680014  0.00958554  0.00574888           0
EndNode1[0]<--->Repeater1[0]
REAL
   0.464534  0.00377429  0.00268533    0.339518
 0.00377429   0.0350136 -0.00263458  0.00329658
 0.00268533 -0.00263458   0.0335044  -0.0068382
   0.339518  0.00329658  -0.0068382    0.466948
IMAGINARY
           0  -0.00602656   0.00031513 -0.000206697
  0.00602656            0  -0.00720183   0.00148884
 -0.00031513   0.00720183            0    0.0057259
 0.000206697  -0.00148884   -0.0057259            0
EndNode2[0]<--->HoM1[0]
REAL
   0.469634 -0.00316469 -0.00536793    0.343622
-0.00316469   0.0336085  0.00631962 -0.00506081
-0.00536793  0.00631962   0.0341981 0.000847195
   0.343622 -0.00506081 0.000847195    0.462559
IMAGINARY
           0   0.00362359   0.00108031    0.0136476
 -0.00362359            0  -0.00610547  0.000930206
 -0.00108031   0.00610547            0   0.00302658
  -0.0136476 -0.000930206  -0.00302658            0
Repeater1[0]<--->EndNode1[0]
REAL
   0.464534  0.00268533  0.00377429    0.339518
 0.00268533   0.0335044 -0.00263458  -0.0068382
 0.00377429 -0.00263458   0.0350136  0.00329658
   0.339518  -0.0068382  0.00329658    0.466948
IMAGINARY
           0   0.00031513  -0.00602656 -0.000206697
 -0.00031513            0   0.00720183    0.0057259
  0.00602656  -0.00720183            0   0.00148884
 0.000206697   -0.0057259  -0.00148884            0
Repeater1[0]<--->HoM1[0]
REAL
   0.469634 -0.00536793 -0.00316469    0.343622
-0.00536793   0.0341981  0.00631962 0.000847195
-0.00316469  0.00631962   0.0336085 -0.00506081
   0.343622 0.000847195 -0.00506081    0.462559
IMAGINARY
           0   0.00108031   0.00362359    0.0136476
 -0.00108031            0   0.00610547   0.00302658
 -0.00362359  -0.00610547            0  0.000930206
  -0.0136476  -0.00302658 -0.000930206            0
EndNode1[0]<--->Repeater1[0]
REAL
    0.479952 -0.000191123   -0.0123511     0.339278
-0.000191123    0.0298462   0.00604509   0.00139095
  -0.0123511   0.00604509    0.0364787   0.00312413
    0.339278   0.00139095   0.00312413     0.453723
IMAGINARY
          0  -0.0087456  0.00406894  0.00132155
  0.0087456           0  0.00791013  0.00258965
-0.00406894 -0.00791013           0 -0.00487425
-0.00132155 -0.00258965  0.00487425           0
EndNode2[0]<--->HoM1[0]
REAL
   0.473987   0.0114944  0.00403043    0.345203
  0.0114944   0.0290381  0.00150985  0.00732977
 0.00403043  0.00150985   0.0356927 -0.00316359
   0.345203  0.00732977 -0.00316359    0.461283
IMAGINARY
           0  -0.00294104   0.00455328  -0.00594661
  0.00294104            0   -0.0130143  0.000274727
 -0.00455328    0.0130143            0  -0.00369747
  0.00594661 -0.000274727   0.00369747            0
Repeater1[0]<--->EndNode1[0]
REAL
    0.479952   -0.0123511 -0.000191123     0.339278
  -0.0123511    0.0364787   0.00604509   0.00312413
-0.000191123   0.00604509    0.0298462   0.00139095
    0.339278   0.00312413   0.00139095     0.453723
IMAGINARY
          0  0.00406894  -0.0087456  0.00132155
-0.00406894           0 -0.00791013 -0.00487425
  0.0087456  0.00791013           0  0.00258965
-0.00132155  0.00487425 -0.00258965           0
Repeater1[0]<--->HoM1[0]
REAL
   0.473987  0.00403043   0.0114944    0.345203
 0.00403043   0.0356927  0.00150985 -0.00316359
  0.0114944  0.00150985   0.0290381  0.00732977
   0.345203 -0.00316359  0.00732977    0.461283
IMAGINARY
           0   0.00455328  -0.00294104  -0.00594661
 -0.00455328            0    0.0130143  -0.00369747
  0.00294104   -0.0130143            0  0.000274727
  0.00594661   0.00369747 -0.000274727            0
EndNode1[0]<--->Repeater1[0]
REAL
   0.463523 -0.00323147 -0.00191656    0.345853
-0.00323147   0.0349941  0.00172029  0.00444708
-0.00191656  0.00172029   0.0358837  0.00397574
   0.345853  0.00444708  0.00397574    0.465599
IMAGINARY
           0 -0.000491083   -0.0172441  -0.00857161
 0.000491083            0   0.00582436  0.000898544
   0.0172441  -0.00582436            0   0.00282617
  0.00857161 -0.000898544  -0.00282617            0
EndNode2[0]<--->HoM1[0]
REAL
   0.460586 -0.00201196 -0.00193452    0.345071
-0.00201196   0.0320145  0.00611902 -0.00520833
-0.00193452  0.00611902   0.0392631 -0.00155947
   0.345071 -0.00520833 -0.00155947    0.468137
IMAGINARY
          0  0.00749998  0.00261702  0.00349123
-0.00749998           0   0.0133192  -0.0134539
-0.00261702  -0.0133192           0  0.00484198
-0.00349123   0.0134539 -0.00484198           0
Repeater1[0]<--->EndNode1[0]
REAL
   0.463523 -0.00191656 -0.00323147    0.345853
-0.00191656   0.0358837  0.00172029  0.00397574
-0.00323147  0.00172029   0.0349941  0.00444708
   0.345853  0.00397574  0.00444708    0.465599
IMAGINARY
           0   -0.0172441 -0.000491083  -0.00857161
   0.0172441            0  -0.00582436   0.00282617
 0.000491083   0.00582436            0  0.000898544
  0.00857161  -0.00282617 -0.000898544            0
Repeater1[0]<--->HoM1[0]
REAL
   0.460586 -0.00193452 -0.00201196    0.345071
-0.00193452   0.0392631  0.00611902 -0.00155947
-0.00201196  0.00611902   0.0320145 -0.00520833
   0.345071 -0.00155947 -0.00520833    0.468137
IMAGINARY
          0  0.00261702  0.00749998  0.00349123
-0.00261702           0  -0.0133192  0.00484198
-0.00749998   0.0133192           0  -0.0134539
-0.00349123 -0.00484198   0.0134539           0
EndNode1[0]<--->Repeater1[0]
REAL
   0.479241 -0.00107992 -0.00756102    0.337937
-0.00107992   0.0352906 0.000868322 -0.00500923
-0.00756102 0.000868322     0.03707  0.00477705
   0.337937 -0.00500923  0.00477705    0.448399
IMAGINARY
           0  -0.00180852    0.0052827 -0.000817921
  0.00180852            0  -0.00141888   0.00259131
  -0.0052827   0.00141888            0   -0.0121224
 0.000817921  -0.00259131    0.0121224            0
EndNode2[0]<--->HoM1[0]
REAL
    0.466387 -0.000828182  -0.00647882     0.341059
-0.000828182    0.0366146    0.0087039    0.0118232
 -0.00647882    0.0087039    0.0315126    0.0037973
    0.341059    0.0118232    0.0037973     0.465486
IMAGINARY
          0  0.00352941  0.00274094  0.00202465
-0.00352941           0 -0.00667233 -0.00215375
-0.00274094  0.00667233           0 -0.00206141
-0.00202465  0.00215375  0.00206141           0
Repeater1[0]<--->EndNode1[0]
REAL
   0.479241 -0.00756102 -0.00107992    0.337937
-0.00756102     0.03707 0.000868322  0.00477705
-0.00107992 0.000868322   0.0352906 -0.00500923
   0.337937  0.00477705 -0.00500923    0.448399
IMAGINARY
           0    0.0052827  -0.00180852 -0.000817921
  -0.0052827            0   0.00141888   -0.0121224
  0.00180852  -0.00141888            0   0.00259131
 0.000817921    0.0121224  -0.00259131            0
Repeater1[0]<--->HoM1[0]
REAL
    0.466387  -0.00647882 -0.000828182     0.341059
 -0.00647882    0.0315126    0.0087039    0.0037973
-0.000828182    0.0087039    0.0366146    0.0118232
    0.341059    0.0037973    0.0118232     0.465486
IMAGINARY
          0  0.00274094  0.00352941  0.00202465
-0.00274094           0  0.00667233 -0.00206141
-0.00352941 -0.00667233           0 -0.00215375
-0.00202465  0.00206141  0.00215375           0
EndNode1[0]<--->Repeater1[0]
REAL
   0.489736  0.00108424 -0.00993694    0.342531
 0.00108424   0.0322581 -0.00187975  0.00886233
-0.00993694 -0.00187975   0.0296188 -0.00307994
   0.342531  0.00886233 -0.00307994    0.448387
IMAGINARY
           0   0.00593963   -0.0103369 -0.000683607
 -0.00593963            0   0.00333067   -0.0103369
   0.0103369  -0.00333067            0   0.00370815
 0.000683607    0.0103369  -0.00370815            0
EndNode2[0]<--->HoM1[0]
REAL
   0.468085 0.000506359  -0.0036036     0.34351
0.000506359   0.0319149  0.00543863  -0.0036036
 -0.0036036  0.00543863    0.034279 -0.00621206
    0.34351  -0.0036036 -0.00621206    0.465721
IMAGINARY
           0  -0.00184377 -0.000928214   0.00723897
  0.00184377            0   -0.0105089  -0.00216202
 0.000928214    0.0105089            0   0.00987838
 -0.00723897   0.00216202  -0.00987838            0
Repeater1[0]<--->EndNode1[0]
REAL
   0.489736 -0.00993694  0.00108424    0.342531
-0.00993694   0.0296188 -0.00187975 -0.00307994
 0.00108424 -0.00187975   0.0322581  0.00886233
   0.342531 -0.00307994  0.00886233    0.448387
IMAGINARY
           0   -0.0103369   0.00593963 -0.000683607
   0.0103369            0  -0.00333067   0.00370815
 -0.00593963   0.00333067            0   -0.0103369
 0.000683607  -0.00370815    0.0103369            0
Repeater1[0]<--->HoM1[0]
REAL
   0.468085  -0.0036036 0.000506359     0.34351
 -0.0036036    0.034279  0.00543863 -0.00621206
0.000506359  0.00543863   0.0319149  -0.0036036
    0.34351 -0.00621206  -0.0036036    0.465721
IMAGINARY
           0 -0.000928214  -0.00184377   0.00723897
 0.000928214            0    0.0105089   0.00987838
  0.00184377   -0.0105089            0  -0.00216202
 -0.00723897  -0.00987838   0.00216202            0
EndNode1[0]<--->Repeater1[0]
REAL
   0.470464  0.00235258 -0.00310835    0.342509
 0.00235258   0.0361664  0.00296201 -0.00162818
-0.00310835  0.00296201   0.0268234  -0.0112336
   0.342509 -0.00162818  -0.0112336    0.466546
IMAGINARY
           0  -0.00612166   0.00447229  -0.00140291
  0.00612166            0  -0.00761023   0.00462404
 -0.00447229   0.00761023            0 -0.000588751
  0.00140291  -0.00462404  0.000588751            0
EndNode2[0]<--->HoM1[0]
REAL
   0.473465 -0.00116301   0.0103329    0.345768
-0.00116301   0.0322004 0.000763473  -0.0161647
  0.0103329 0.000763473   0.0327967  -0.0163324
   0.345768  -0.0161647  -0.0163324    0.461538
IMAGINARY
           0   -0.0139853    0.0113197  0.000643181
   0.0139853            0   0.00569688   0.00408644
  -0.0113197  -0.00569688            0  -0.00951301
-0.000643181  -0.00408644   0.00951301            0
Repeater1[0]<--->EndNode1[0]
REAL
   0.470464 -0.00310835  0.00235258    0.342509
-0.00310835   0.0268234  0.00296201  -0.0112336
 0.00235258  0.00296201   0.0361664 -0.00162818
   0.342509  -0.0112336 -0.00162818    0.466546
IMAGINARY
           0   0.00447229  -0.00612166  -0.00140291
 -0.00447229            0   0.00761023 -0.000588751
  0.00612166  -0.00761023            0   0.00462404
  0.00140291  0.000588751  -0.00462404            0
Repeater1[0]<--->HoM1[0]
REAL
   0.473465   0.0103329 -0.00116301    0.345768
  0.0103329   0.0327967 0.000763473  -0.0163324
-0.00116301 0.000763473   0.0322004  -0.0161647
   0.345768  -0.0163324  -0.0161647    0.461538
IMAGINARY
           0    0.0113197   -0.0139853  0.000643181
  -0.0113197            0  -0.00569688  -0.00951301
   0.0139853   0.00569688            0   0.00408644
-0.000643181   0.00951301  -0.00408644            0
EndNode1[0]<--->Repeater1[0]
REAL
    0.457285  -0.00552088  -0.00275515      0.34226
 -0.00552088    0.0386191  0.000825304 -0.000495437
 -0.00275515  0.000825304     0.042715  -0.00275335
     0.34226 -0.000495437  -0.00275335     0.461381
IMAGINARY
          0  0.00359066  0.00486844 -0.00188599
-0.00359066           0  0.00109908 -0.00990697
-0.00486844 -0.00109908           0 -0.00359066
 0.00188599  0.00990697  0.00359066           0
EndNode2[0]<--->HoM1[0]
REAL
     0.45685   -0.0118899  -0.00468349      0.34325
  -0.0118899    0.0331925  0.000905469  -0.00483025
 -0.00468349  0.000905469     0.031382 -4.00653e-05
     0.34325  -0.00483025 -4.00653e-05     0.478576
IMAGINARY
           0  -0.00419629   0.00614861   0.00849654
  0.00419629            0 -0.000432028   0.00267324
 -0.00614861  0.000432028            0   0.00277341
 -0.00849654  -0.00267324  -0.00277341            0
Repeater1[0]<--->EndNode1[0]
REAL
    0.457285  -0.00275515  -0.00552088      0.34226
 -0.00275515     0.042715  0.000825304  -0.00275335
 -0.00552088  0.000825304    0.0386191 -0.000495437
     0.34226  -0.00275335 -0.000495437     0.461381
IMAGINARY
          0  0.00486844  0.00359066 -0.00188599
-0.00486844           0 -0.00109908 -0.00359066
-0.00359066  0.00109908           0 -0.00990697
 0.00188599  0.00359066  0.00990697           0
Repeater1[0]<--->HoM1[0]
REAL
     0.45685  -0.00468349   -0.0118899      0.34325
 -0.00468349     0.031382  0.000905469 -4.00653e-05
  -0.0118899  0.000905469    0.0331925  -0.00483025
     0.34325 -4.00653e-05  -0.00483025     0.478576
IMAGINARY
           0   0.00614861  -0.00419629   0.00849654
 -0.00614861            0  0.000432028   0.00277341
  0.00419629 -0.000432028            0   0.00267324
 -0.00849654  -0.00277341  -0.00267324            0
EndNode1[0]<--->Repeater1[0]
REAL
   0.463559 -0.00986388  -0.0060014    0.346509
-0.00986388   0.0333432   0.0059552  0.00209515
 -0.0060014   0.0059552   0.0289171  0.00205138
   0.346509  0.00209515  0.00205138    0.474181
IMAGINARY
          0  0.00240854 -0.00328019   0.0052259
-0.00240854           0  -0.0118444  0.00297935
 0.00328019   0.0118444           0  -0.0057178
 -0.0052259 -0.00297935   0.0057178           0
EndNode2[0]<--->HoM1[0]
REAL
   0.464595 -0.00441593 -0.00228293    0.338083
-0.00441593   0.0382432  0.00524303 0.000927099
-0.00228293  0.00524303   0.0367493  0.00125233
   0.338083 0.000927099  0.00125233    0.460412
IMAGINARY
           0  1.29384e-05   0.00229223   0.00259654
-1.29384e-05            0  -0.00770165    0.0104297
 -0.00229223   0.00770165            0   0.00176221
 -0.00259654   -0.0104297  -0.00176221            0
Repeater1[0]<--->EndNode1[0]
REAL
   0.463559  -0.0060014 -0.00986388    0.346509
 -0.0060014   0.0289171   0.0059552  0.00205138
-0.00986388   0.0059552   0.0333432  0.00209515
   0.346509  0.00205138  0.00209515    0.474181
IMAGINARY
          0 -0.00328019  0.00240854   0.0052259
 0.00328019           0   0.0118444  -0.0057178
-0.00240854  -0.0118444           0  0.00297935
 -0.0052259   0.0057178 -0.00297935           0
Repeater1[0]<--->HoM1[0]
REAL
   0.464595 -0.00228293 -0.00441593    0.338083
-0.00228293   0.0367493  0.00524303  0.00125233
