EndNode1[0]<--->Repeater1[0]
REAL
    0.429119   0.00786642    0.0046657     0.361016
  0.00786642    0.0642499  -0.00250232    0.0077182
   0.0046657  -0.00250232    0.0730917 -0.000126479
    0.361016    0.0077182 -0.000126479      0.43354
IMAGINARY
           0 -0.000457445   0.00608468    0.0120073
 0.000457445            0 -0.000930336   0.00269735
 -0.00608468  0.000930336            0  -0.00256588
  -0.0120073  -0.00269735   0.00256588            0
EndNode2[0]<--->HoM1[0]
REAL
    0.439521 -0.000120341    0.0109053     0.351366
-0.000120341    0.0730539   0.00352022  -0.00271338
   0.0109053   0.00352022    0.0697605   0.00246089
    0.351366  -0.00271338   0.00246089     0.417665
IMAGINARY
          0  0.00461721 -0.00394088 -0.00438439
-0.00461721           0 -0.00168978 -0.00482584
 0.00394088  0.00168978           0  0.00830998
 0.00438439  0.00482584 -0.00830998           0
Repeater1[0]<--->EndNode1[0]
REAL
    0.429119    0.0046657   0.00786642     0.361016
   0.0046657    0.0730917  -0.00250232 -0.000126479
  0.00786642  -0.00250232    0.0642499    0.0077182
    0.361016 -0.000126479    0.0077182      0.43354
IMAGINARY
           0   0.00608468 -0.000457445    0.0120073
 -0.00608468            0  0.000930336  -0.00256588
 0.000457445 -0.000930336            0   0.00269735
  -0.0120073   0.00256588  -0.00269735            0
Repeater1[0]<--->HoM1[0]
REAL
    0.439521    0.0109053 -0.000120341     0.351366
   0.0109053    0.0697605   0.00352022   0.00246089
-0.000120341   0.00352022    0.0730539  -0.00271338
    0.351366   0.00246089  -0.00271338     0.417665
IMAGINARY
          0 -0.00394088  0.00461721 -0.00438439
 0.00394088           0  0.00168978  0.00830998
-0.00461721 -0.00168978           0 -0.00482584
 0.00438439 -0.00830998  0.00482584           0
EndNode1[0]<--->Repeater1[0]
REAL
   0.423533  0.00921562 -0.00178018    0.356153
 0.00921562   0.0702341 -0.00387041 -0.00672474
-0.00178018 -0.00387041   0.0708422 -0.00130753
   0.356153 -0.00672474 -0.00130753    0.435391
IMAGINARY
           0 -0.000905426  -0.00223956 -0.000684197
 0.000905426            0 -7.40685e-05    0.0063914
  0.00223956  7.40685e-05            0  -0.00680513
 0.000684197   -0.0063914   0.00680513            0
EndNode2[0]<--->HoM1[0]
REAL
    0.419096  -0.00695698   -0.0011112     0.368918
 -0.00695698    0.0704938 -0.000870774  -0.00723243
  -0.0011112 -0.000870774    0.0701963  0.000776511
    0.368918  -0.00723243  0.000776511     0.440214
IMAGINARY
           0   0.00278152    0.0035906 -0.000931997
 -0.00278152            0  -0.00507401  0.000639007
  -0.0035906   0.00507401            0   0.00597981
 0.000931997 -0.000639007  -0.00597981            0
Repeater1[0]<--->EndNode1[0]
REAL
   0.423533 -0.00178018  0.00921562    0.356153
-0.00178018   0.0708422 -0.00387041 -0.00130753
 0.00921562 -0.00387041   0.0702341 -0.00672474
   0.356153 -0.00130753 -0.00672474    0.435391
IMAGINARY
           0  -0.00223956 -0.000905426 -0.000684197
  0.00223956            0  7.40685e-05  -0.00680513
 0.000905426 -7.40685e-05            0    0.0063914
 0.000684197   0.00680513   -0.0063914            0
Repeater1[0]<--->HoM1[0]
REAL
    0.419096   -0.0011112  -0.00695698     0.368918
  -0.0011112    0.0701963 -0.000870774  0.000776511
 -0.00695698 -0.000870774    0.0704938  -0.00723243
    0.368918  0.000776511  -0.00723243     0.440214
IMAGINARY
           0    0.0035906   0.00278152 -0.000931997
  -0.0035906            0   0.00507401   0.00597981
 -0.00278152  -0.00507401            0  0.000639007
 0.000931997  -0.00597981 -0.000639007            0
EndNode1[0]<--->Repeater1[0]
REAL
   0.422573  0.00147113 -0.00598793    0.356969
 0.00147113   0.0711733  0.00491431   0.0136112
-0.00598793  0.00491431    0.077427  -0.0087955
   0.356969   0.0136112  -0.0087955    0.428827
IMAGINARY
          0   0.0166791   -0.014105 -0.00267883
 -0.0166791           0  0.00267883    -0.00279
   0.014105 -0.00267883           0   0.0111748
 0.00267883     0.00279  -0.0111748           0
EndNode2[0]<--->HoM1[0]
REAL
   0.441159 -0.00545963 -0.00764059    0.361305
-0.00545963   0.0730337   0.0010091  0.00764059
-0.00764059   0.0010091   0.0615021 -0.00819022
   0.361305  0.00764059 -0.00819022    0.424305
IMAGINARY
           0  -0.00507778  -0.00756384  -0.00198512
  0.00507778            0   0.00213495 -0.000751852
  0.00756384  -0.00213495            0    0.0097648
  0.00198512  0.000751852   -0.0097648            0
Repeater1[0]<--->EndNode1[0]
REAL
   0.422573 -0.00598793  0.00147113    0.356969
-0.00598793    0.077427  0.00491431  -0.0087955
 0.00147113  0.00491431   0.0711733   0.0136112
   0.356969  -0.0087955   0.0136112    0.428827
IMAGINARY
          0   -0.014105   0.0166791 -0.00267883
   0.014105           0 -0.00267883   0.0111748
 -0.0166791  0.00267883           0    -0.00279
 0.00267883  -0.0111748     0.00279           0
Repeater1[0]<--->HoM1[0]
REAL
   0.441159 -0.00764059 -0.00545963    0.361305
-0.00764059   0.0615021   0.0010091 -0.00819022
-0.00545963   0.0010091   0.0730337  0.00764059
   0.361305 -0.00819022  0.00764059    0.424305
IMAGINARY
           0  -0.00756384  -0.00507778  -0.00198512
  0.00756384            0  -0.00213495    0.0097648
  0.00507778   0.00213495            0 -0.000751852
  0.00198512   -0.0097648  0.000751852            0
EndNode1[0]<--->Repeater1[0]
REAL
    0.419884  -0.00690749   -0.0136231      0.35916
 -0.00690749    0.0790514 -0.000178013   0.00254528
  -0.0136231 -0.000178013    0.0799635   -0.0104578
     0.35916   0.00254528   -0.0104578     0.421101
IMAGINARY
          0  0.00128881 -0.00703685  0.00319322
-0.00128881           0 -0.00517191   0.0108785
 0.00703685  0.00517191           0 -0.00453941
-0.00319322  -0.0108785  0.00453941           0
EndNode2[0]<--->HoM1[0]
REAL
   0.431916  0.00254441 1.88897e-05    0.359457
 0.00254441   0.0794824 4.45906e-05  0.00163227
1.88897e-05 4.45906e-05   0.0686999  0.00391011
   0.359457  0.00163227  0.00391011    0.419901
IMAGINARY
           0  -0.00067077  -0.00261874  -0.00471743
  0.00067077            0  -0.00161551  -0.00817263
  0.00261874   0.00161551            0  0.000970531
  0.00471743   0.00817263 -0.000970531            0
Repeater1[0]<--->EndNode1[0]
REAL
    0.419884   -0.0136231  -0.00690749      0.35916
  -0.0136231    0.0799635 -0.000178013   -0.0104578
 -0.00690749 -0.000178013    0.0790514   0.00254528
     0.35916   -0.0104578   0.00254528     0.421101
IMAGINARY
          0 -0.00703685  0.00128881  0.00319322
 0.00703685           0  0.00517191 -0.00453941
-0.00128881 -0.00517191           0   0.0108785
-0.00319322  0.00453941  -0.0108785           0
Repeater1[0]<--->HoM1[0]
REAL
   0.431916 1.88897e-05  0.00254441    0.359457
1.88897e-05   0.0686999 4.45906e-05  0.00391011
 0.00254441 4.45906e-05   0.0794824  0.00163227
   0.359457  0.00391011  0.00163227    0.419901
IMAGINARY
           0  -0.00261874  -0.00067077  -0.00471743
  0.00261874            0   0.00161551  0.000970531
  0.00067077  -0.00161551            0  -0.00817263
  0.00471743 -0.000970531   0.00817263            0
EndNode1[0]<--->Repeater1[0]
REAL
   0.447027 -0.00805592 -0.00379625    0.356217
-0.00805592   0.0670088 0.000448212 -0.00485847
-0.00379625 0.000448212   0.0739511  0.00668939
   0.356217 -0.00485847  0.00668939    0.412013
IMAGINARY
           0   -0.0103586  -0.00948871 -0.000112703
   0.0103586            0   0.00299289   0.00858727
  0.00948871  -0.00299289            0   0.00404847
 0.000112703  -0.00858727  -0.00404847            0
EndNode2[0]<--->HoM1[0]
REAL
    0.428142 -0.000301205  -0.00498279     0.356423
-0.000301205    0.0718581  -0.00201595   0.00285513
 -0.00498279  -0.00201595    0.0697535  0.000301205
    0.356423   0.00285513  0.000301205     0.430247
IMAGINARY
           0 -0.000327261   0.00177179   0.00235777
 0.000327261            0  -0.00235777   0.00518526
 -0.00177179   0.00235777            0   -0.0108645
 -0.00235777  -0.00518526    0.0108645            0
Repeater1[0]<--->EndNode1[0]
REAL
   0.447027 -0.00379625 -0.00805592    0.356217
-0.00379625   0.0739511 0.000448212  0.00668939
-0.00805592 0.000448212   0.0670088 -0.00485847
   0.356217  0.00668939 -0.00485847    0.412013
IMAGINARY
           0  -0.00948871   -0.0103586 -0.000112703
  0.00948871            0  -0.00299289   0.00404847
   0.0103586   0.00299289            0   0.00858727
 0.000112703  -0.00404847  -0.00858727            0
Repeater1[0]<--->HoM1[0]
REAL
    0.428142  -0.00498279 -0.000301205     0.356423
 -0.00498279    0.0697535  -0.00201595  0.000301205
-0.000301205  -0.00201595    0.0718581   0.00285513
    0.356423  0.000301205   0.00285513     0.430247
IMAGINARY
           0   0.00177179 -0.000327261   0.00235777
 -0.00177179            0   0.00235777   -0.0108645
 0.000327261  -0.00235777            0   0.00518526
 -0.00235777    0.0108645  -0.00518526            0
EndNode1[0]<--->Repeater1[0]
REAL
    0.425664   0.00355129 -6.47235e-05     0.361137
  0.00355129    0.0631268  -0.00447773   0.00637048
-6.47235e-05  -0.00447773    0.0643068    0.0125976
    0.361137   0.00637048    0.0125976     0.446903
IMAGINARY
           0  0.000224527  0.000977601   0.00156494
-0.000224527            0  -0.00830348 -0.000539389
-0.000977601   0.00830348            0  -0.00767413
 -0.00156494  0.000539389   0.00767413            0
EndNode2[0]<--->HoM1[0]
REAL
    0.43142 0.000164928  0.00528333    0.358035
0.000164928   0.0670695  0.00311675  -0.0060065
 0.00528333  0.00311675   0.0812689 -0.00146664
   0.358035  -0.0060065 -0.00146664    0.420242
IMAGINARY
           0   0.00711297   0.00148582   0.00174554
 -0.00711297            0 -0.000843555   0.00269647
 -0.00148582  0.000843555            0  -0.00812249
 -0.00174554  -0.00269647   0.00812249            0
Repeater1[0]<--->EndNode1[0]
REAL
    0.425664 -6.47235e-05   0.00355129     0.361137
-6.47235e-05    0.0643068  -0.00447773    0.0125976
  0.00355129  -0.00447773    0.0631268   0.00637048
    0.361137    0.0125976   0.00637048     0.446903
IMAGINARY
           0  0.000977601  0.000224527   0.00156494
-0.000977601            0   0.00830348  -0.00767413
-0.000224527  -0.00830348            0 -0.000539389
 -0.00156494   0.00767413  0.000539389            0
Repeater1[0]<--->HoM1[0]
REAL
    0.43142  0.00528333 0.000164928    0.358035
 0.00528333   0.0812689  0.00311675 -0.00146664
0.000164928  0.00311675   0.0670695  -0.0060065
   0.358035 -0.00146664  -0.0060065    0.420242
IMAGINARY
           0   0.00148582   0.00711297   0.00174554
 -0.00148582            0  0.000843555  -0.00812249
 -0.00711297 -0.000843555            0   0.00269647
 -0.00174554   0.00812249  -0.00269647            0
EndNode1[0]<--->Repeater1[0]
REAL
    0.426331 -0.000844603    -0.016898     0.349802
-0.000844603    0.0710059   0.00764914  0.000580302
   -0.016898   0.00764914    0.0816568    -0.015781
    0.349802  0.000580302    -0.015781     0.421006
IMAGINARY
           0 -3.48911e-05   0.00140212  -0.00606426
 3.48911e-05            0   0.00576306  -0.00484008
 -0.00140212  -0.00576306            0  -0.00489784
  0.00606426   0.00484008   0.00489784            0
EndNode2[0]<--->HoM1[0]
REAL
  0.433507 0.00220623 0.00666015   0.362488
0.00220623  0.0693977  0.0050854 0.00442468
0.00666015  0.0050854  0.0742892  0.0094698
  0.362488 0.00442468  0.0094698   0.422806
IMAGINARY
          0 -0.00121279  -0.0105887  -0.0159382
 0.00121279           0 -0.00502521   0.0125567
  0.0105887  0.00502521           0 -0.00166338
  0.0159382  -0.0125567  0.00166338           0
Repeater1[0]<--->EndNode1[0]
REAL
    0.426331    -0.016898 -0.000844603     0.349802
   -0.016898    0.0816568   0.00764914    -0.015781
-0.000844603   0.00764914    0.0710059  0.000580302
    0.349802    -0.015781  0.000580302     0.421006
IMAGINARY
           0   0.00140212 -3.48911e-05  -0.00606426
 -0.00140212            0  -0.00576306  -0.00489784
 3.48911e-05   0.00576306            0  -0.00484008
  0.00606426   0.00489784   0.00484008            0
Repeater1[0]<--->HoM1[0]
REAL
  0.433507 0.00666015 0.00220623   0.362488
0.00666015  0.0742892  0.0050854  0.0094698
0.00220623  0.0050854  0.0693977 0.00442468
  0.362488  0.0094698 0.00442468   0.422806
IMAGINARY
          0  -0.0105887 -0.00121279  -0.0159382
  0.0105887           0  0.00502521 -0.00166338
 0.00121279 -0.00502521           0   0.0125567
  0.0159382  0.00166338  -0.0125567           0
EndNode1[0]<--->Repeater1[0]
REAL
    0.425964  -0.00404488  0.000828403     0.350411
 -0.00404488    0.0753606   0.00356909 -0.000229959
 0.000828403   0.00356909    0.0656462  0.000454218
    0.350411 -0.000229959  0.000454218     0.433029
IMAGINARY
           0  -0.00588022   0.00662856   -0.0103379
  0.00588022            0    0.0030375  -0.00245693
 -0.00662856   -0.0030375            0  0.000516689
   0.0103379   0.00245693 -0.000516689            0
EndNode2[0]<--->HoM1[0]
REAL
     0.4108  0.00171779    0.002139    0.350896
 0.00171779    0.072494  0.00403067 -0.00153073
   0.002139  0.00403067   0.0721957 -0.00627984
   0.350896 -0.00153073 -0.00627984    0.444511
IMAGINARY
          0  0.00409807 -0.00509447  0.00260463
-0.00409807           0 -0.00677875  -0.0017712
 0.00509447  0.00677875           0   0.0102303
-0.00260463   0.0017712  -0.0102303           0
Repeater1[0]<--->EndNode1[0]
REAL
    0.425964  0.000828403  -0.00404488     0.350411
 0.000828403    0.0656462   0.00356909  0.000454218
 -0.00404488   0.00356909    0.0753606 -0.000229959
    0.350411  0.000454218 -0.000229959     0.433029
IMAGINARY
           0   0.00662856  -0.00588022   -0.0103379
 -0.00662856            0   -0.0030375  0.000516689
  0.00588022    0.0030375            0  -0.00245693
   0.0103379 -0.000516689   0.00245693            0
Repeater1[0]<--->HoM1[0]
REAL
     0.4108    0.002139  0.00171779    0.350896
   0.002139   0.0721957  0.00403067 -0.00627984
 0.00171779  0.00403067    0.072494 -0.00153073
   0.350896 -0.00627984 -0.00153073    0.444511
IMAGINARY
          0 -0.00509447  0.00409807  0.00260463
 0.00509447           0  0.00677875   0.0102303
-0.00409807 -0.00677875           0  -0.0017712
-0.00260463  -0.0102303   0.0017712           0
EndNode1[0]<--->Repeater1[0]
REAL
    0.42731  0.00610882  0.00410609    0.359322
 0.00610882    0.068864 -0.00447897 -0.00425512
 0.00410609 -0.00447897   0.0703355  0.00119372
   0.359322 -0.00425512  0.00119372     0.43349
IMAGINARY
          0 -0.00386682  0.00165835 -0.00905425
 0.00386682           0  0.00206337   0.0028816
-0.00165835 -0.00206337           0 -0.00733172
 0.00905425  -0.0028816  0.00733172           0
EndNode2[0]<--->HoM1[0]
REAL
    0.438019 -0.000610748   0.00130922     0.352713
-0.000610748    0.0661329   0.00102603  -0.00703902
  0.00130922   0.00102603    0.0658363  -0.00481748
    0.352713  -0.00703902  -0.00481748     0.430012
IMAGINARY
           0 -0.000405172  0.000114865  -0.00605998
 0.000405172            0  -0.00085939    0.0031415
-0.000114865   0.00085939            0    0.0015893
  0.00605998   -0.0031415   -0.0015893            0
Repeater1[0]<--->EndNode1[0]
REAL
    0.42731  0.00410609  0.00610882    0.359322
 0.00410609   0.0703355 -0.00447897  0.00119372
 0.00610882 -0.00447897    0.068864 -0.00425512
   0.359322  0.00119372 -0.00425512     0.43349
IMAGINARY
          0  0.00165835 -0.00386682 -0.00905425
-0.00165835           0 -0.00206337 -0.00733172
 0.00386682  0.00206337           0   0.0028816
 0.00905425  0.00733172  -0.0028816           0
Repeater1[0]<--->HoM1[0]
REAL
    0.438019   0.00130922 -0.000610748     0.352713
  0.00130922    0.0658363   0.00102603  -0.00481748
-0.000610748   0.00102603    0.0661329  -0.00703902
    0.352713  -0.00481748  -0.00703902     0.430012
IMAGINARY
           0  0.000114865 -0.000405172  -0.00605998
-0.000114865            0   0.00085939    0.0015893
 0.000405172  -0.00085939            0    0.0031415
  0.00605998   -0.0015893   -0.0031415            0
EndNode1[0]<--->Repeater1[0]
REAL
     0.43599   -0.0138685 -0.000871121      0.35016
  -0.0138685    0.0733696 -0.000383513  -0.00345079
-0.000871121 -0.000383513    0.0730676   0.00120083
     0.35016  -0.00345079   0.00120083     0.417572
IMAGINARY
          0 -0.00124778   0.0055075 -0.00270486
 0.00124778           0   0.0110455  0.00717366
 -0.0055075  -0.0110455           0  0.00215358
 0.00270486 -0.00717366 -0.00215358           0
EndNode2[0]<--->HoM1[0]
REAL
  0.418352  0.0151128 0.00434422   0.362294
 0.0151128  0.0682161 0.00295611 0.00525997
0.00434422 0.00295611  0.0763658  0.0116625
  0.362294 0.00525997  0.0116625   0.437066
IMAGINARY
          0 -0.00376077  0.00564029  0.00336812
 0.00376077           0  0.00712978  0.00292945
-0.00564029 -0.00712978           0 -0.00421795
-0.00336812 -0.00292945  0.00421795           0
Repeater1[0]<--->EndNode1[0]
REAL
     0.43599 -0.000871121   -0.0138685      0.35016
-0.000871121    0.0730676 -0.000383513   0.00120083
  -0.0138685 -0.000383513    0.0733696  -0.00345079
     0.35016   0.00120083  -0.00345079     0.417572
IMAGINARY
          0   0.0055075 -0.00124778 -0.00270486
 -0.0055075           0  -0.0110455  0.00215358
 0.00124778   0.0110455           0  0.00717366
 0.00270486 -0.00215358 -0.00717366           0
Repeater1[0]<--->HoM1[0]
REAL
  0.418352 0.00434422  0.0151128   0.362294
0.00434422  0.0763658 0.00295611  0.0116625
 0.0151128 0.00295611  0.0682161 0.00525997
  0.362294  0.0116625 0.00525997   0.437066
IMAGINARY
          0  0.00564029 -0.00376077  0.00336812
-0.00564029           0 -0.00712978 -0.00421795
 0.00376077  0.00712978           0  0.00292945
-0.00336812  0.00421795 -0.00292945           0
EndNode1[0]<--->Repeater1[0]
REAL
   0.420895 -0.00826611  0.00454972    0.361942
-0.00826611   0.0666467   0.0034371  -0.0140577
 0.00454972   0.0034371   0.0672471  0.00660599
   0.361942  -0.0140577  0.00660599    0.445212
IMAGINARY
           0  -0.00626308   0.00935545 -0.000771393
  0.00626308            0   0.00287602   0.00241101
 -0.00935545  -0.00287602            0  -0.00878011
 0.000771393  -0.00241101   0.00878011            0
EndNode2[0]<--->HoM1[0]
REAL
    0.428054   0.00321103   0.00135347     0.362418
  0.00321103    0.0778281  0.000204229    0.0065264
  0.00135347  0.000204229    0.0696833 -0.000683521
    0.362418    0.0065264 -0.000683521     0.424434
IMAGINARY
           0  -0.00294245  -0.00256948  0.000450958
  0.00294245            0   0.00439753  -0.00434989
  0.00256948  -0.00439753            0   0.00264161
-0.000450958   0.00434989  -0.00264161            0
Repeater1[0]<--->EndNode1[0]
REAL
   0.420895  0.00454972 -0.00826611    0.361942
 0.00454972   0.0672471   0.0034371  0.00660599
-0.00826611   0.0034371   0.0666467  -0.0140577
   0.361942  0.00660599  -0.0140577    0.445212
IMAGINARY
           0   0.00935545  -0.00626308 -0.000771393
 -0.00935545            0  -0.00287602  -0.00878011
  0.00626308   0.00287602            0   0.00241101
 0.000771393   0.00878011  -0.00241101            0
Repeater1[0]<--->HoM1[0]
REAL
    0.428054   0.00135347   0.00321103     0.362418
  0.00135347    0.0696833  0.000204229 -0.000683521
  0.00321103  0.000204229    0.0778281    0.0065264
    0.362418 -0.000683521    0.0065264     0.424434
IMAGINARY
           0  -0.00256948  -0.00294245  0.000450958
  0.00256948            0  -0.00439753   0.00264161
  0.00294245   0.00439753            0  -0.00434989
-0.000450958  -0.00264161   0.00434989            0
EndNode1[0]<--->Repeater1[0]
REAL
   0.428999 -0.00262581  0.00300557    0.357822
-0.00262581   0.0653086  -0.0045721  0.00163654
 0.00300557  -0.0045721   0.0805872   0.0012781
   0.357822  0.00163654   0.0012781    0.425105
IMAGINARY
          0  0.00824439 -0.00384053  0.00412654
-0.00824439           0  0.00232798 -0.00831014
 0.00384053 -0.00232798           0  0.00603265
-0.00412654  0.00831014 -0.00603265           0
EndNode2[0]<--->HoM1[0]
REAL
  0.437367 0.00386379 0.00849927   0.352984
0.00386379  0.0670527 0.00346365 0.00305791
0.00849927 0.00346365  0.0679671 0.00830166
  0.352984 0.00305791 0.00830166   0.427614
IMAGINARY
           0  -0.00672797    0.0113443   -0.0050511
  0.00672797            0  0.000730108  -0.00355055
  -0.0113443 -0.000730108            0  -0.00346388
   0.0050511   0.00355055   0.00346388            0
Repeater1[0]<--->EndNode1[0]
REAL
   0.428999  0.00300557 -0.00262581    0.357822
 0.00300557   0.0805872  -0.0045721   0.0012781
-0.00262581  -0.0045721   0.0653086  0.00163654
   0.357822   0.0012781  0.00163654    0.425105
IMAGINARY
          0 -0.00384053  0.00824439  0.00412654
 0.00384053           0 -0.00232798  0.00603265
-0.00824439  0.00232798           0 -0.00831014
-0.00412654 -0.00603265  0.00831014           0
Repeater1[0]<--->HoM1[0]
REAL
  0.437367 0.00849927 0.00386379   0.352984
0.00849927  0.0679671 0.00346365 0.00830166
0.00386379 0.00346365  0.0670527 0.00305791
  0.352984 0.00830166 0.00305791   0.427614
IMAGINARY
           0    0.0113443  -0.00672797   -0.0050511
  -0.0113443            0 -0.000730108  -0.00346388
  0.00672797  0.000730108            0  -0.00355055
   0.0050511   0.00346388   0.00355055            0
EndNode1[0]<--->Repeater1[0]
REAL
    0.441367  -0.00478701  -0.00411059     0.357489
 -0.00478701    0.0735611 -0.000431478  -0.00323134
 -0.00411059 -0.000431478    0.0735611  -0.00764931
    0.357489  -0.00323134  -0.00764931     0.411511
IMAGINARY
           0    0.0112716   0.00769029  0.000274137
  -0.0112716            0  -0.00460896  -0.00255123
 -0.00769029   0.00460896            0   -0.0085509
-0.000274137   0.00255123    0.0085509            0
EndNode2[0]<--->HoM1[0]
REAL
    0.430965   0.00126195 -0.000179845     0.355973
  0.00126195    0.0744648   0.00295976   0.00480257
-0.000179845   0.00295976     0.078188 -0.000516352
    0.355973   0.00480257 -0.000516352     0.416382
IMAGINARY
           0  -0.00711813   0.00285317   0.00165619
  0.00711813            0  0.000318894   -0.0101569
 -0.00285317 -0.000318894            0  0.000727378
 -0.00165619    0.0101569 -0.000727378            0
Repeater1[0]<--->EndNode1[0]
REAL
    0.441367  -0.00411059  -0.00478701     0.357489
 -0.00411059    0.0735611 -0.000431478  -0.00764931
 -0.00478701 -0.000431478    0.0735611  -0.00323134
    0.357489  -0.00764931  -0.00323134     0.411511
IMAGINARY
           0   0.00769029    0.0112716  0.000274137
 -0.00769029            0   0.00460896   -0.0085509
  -0.0112716  -0.00460896            0  -0.00255123
-0.000274137    0.0085509   0.00255123            0
Repeater1[0]<--->HoM1[0]
REAL
    0.430965 -0.000179845   0.00126195     0.355973
-0.000179845     0.078188   0.00295976 -0.000516352
  0.00126195   0.00295976    0.0744648   0.00480257
    0.355973 -0.000516352   0.00480257     0.416382
IMAGINARY
           0   0.00285317  -0.00711813   0.00165619
 -0.00285317            0 -0.000318894  0.000727378
  0.00711813  0.000318894            0   -0.0101569
 -0.00165619 -0.000727378    0.0101569            0
EndNode1[0]<--->Repeater1[0]
REAL
   0.439199 -0.00108126 -0.00593835    0.352435
-0.00108126    0.071706  0.00500829   0.0099985
-0.00593835  0.00500829   0.0800717 -0.00388114
   0.352435   0.0099985 -0.00388114    0.409023
IMAGINARY
           0  -0.00217819   0.00178996   0.00464545
  0.00217819            0  -0.00540556  0.000166104
 -0.00178996   0.00540556            0  -0.00248627
 -0.00464545 -0.000166104   0.00248627            0
EndNode2[0]<--->HoM1[0]
REAL
   0.426567 -0.00385873   0.0056473    0.358819
-0.00385873   0.0728358  0.00116268 -0.00369005
  0.0056473  0.00116268   0.0713433  0.00611709
   0.358819 -0.00369005  0.00611709    0.429254
IMAGINARY
           0   0.00511279   0.00267082   -0.0105138
 -0.00511279            0   0.00213881   0.00616945
 -0.00267082  -0.00213881            0 -0.000467902
   0.0105138  -0.00616945  0.000467902            0
Repeater1[0]<--->EndNode1[0]
REAL
   0.439199 -0.00593835 -0.00108126    0.352435
-0.00593835   0.0800717  0.00500829 -0.00388114
-0.00108126  0.00500829    0.071706   0.0099985
   0.352435 -0.00388114   0.0099985    0.409023
IMAGINARY
           0   0.00178996  -0.00217819   0.00464545
 -0.00178996            0   0.00540556  -0.00248627
  0.00217819  -0.00540556            0  0.000166104
 -0.00464545   0.00248627 -0.000166104            0
Repeater1[0]<--->HoM1[0]
REAL
   0.426567   0.0056473 -0.00385873    0.358819
  0.0056473   0.0713433  0.00116268  0.00611709
-0.00385873  0.00116268   0.0728358 -0.00369005
   0.358819  0.00611709 -0.00369005    0.429254
IMAGINARY
           0   0.00267082   0.00511279   -0.0105138
 -0.00267082            0  -0.00213881 -0.000467902
 -0.00511279   0.00213881            0   0.00616945
   0.0105138  0.000467902  -0.00616945            0
EndNode1[0]<--->Repeater1[0]
REAL
    0.446328  -0.00141662  -0.00135331     0.352495
 -0.00141662    0.0761225 -0.000543528  -0.00164969
 -0.00135331 -0.000543528    0.0654178  -0.00248728
    0.352495  -0.00164969  -0.00248728     0.412132
IMAGINARY
           0   0.00439037  -0.00339496   0.00454442
 -0.00439037            0   0.00824593  -0.00522312
  0.00339496  -0.00824593            0  0.000599045
 -0.00454442   0.00522312 -0.000599045            0
EndNode2[0]<--->HoM1[0]
REAL
   0.431676 0.000107509  0.00992581    0.358011
0.000107509   0.0675796  0.00338965 -0.00441165
 0.00992581  0.00338965   0.0732361 -0.00621779
   0.358011 -0.00441165 -0.00621779    0.427508
IMAGINARY
           0   0.00225182  -0.00301736   0.00863749
 -0.00225182            0  0.000681175  -0.00490965
  0.00301736 -0.000681175            0   0.00328214
 -0.00863749   0.00490965  -0.00328214            0
Repeater1[0]<--->EndNode1[0]
REAL
    0.446328  -0.00135331  -0.00141662     0.352495
 -0.00135331    0.0654178 -0.000543528  -0.00248728
 -0.00141662 -0.000543528    0.0761225  -0.00164969
    0.352495  -0.00248728  -0.00164969     0.412132
IMAGINARY
           0  -0.00339496   0.00439037   0.00454442
  0.00339496            0  -0.00824593  0.000599045
 -0.00439037   0.00824593            0  -0.00522312
 -0.00454442 -0.000599045   0.00522312            0
Repeater1[0]<--->HoM1[0]
REAL
   0.431676  0.00992581 0.000107509    0.358011
 0.00992581   0.0732361  0.00338965 -0.00621779
0.000107509  0.00338965   0.0675796 -0.00441165
   0.358011 -0.00621779 -0.00441165    0.427508
IMAGINARY
           0  -0.00301736   0.00225182   0.00863749
  0.00301736            0 -0.000681175   0.00328214
 -0.00225182  0.000681175            0  -0.00490965
 -0.00863749  -0.00328214   0.00490965            0
EndNode1[0]<--->Repeater1[0]
REAL
   0.441731  0.00177319 -0.00290815    0.352821
 0.00177319   0.0732612 -0.00197969 -0.00260549
-0.00290815 -0.00197969   0.0658423 -0.00264377
   0.352821 -0.00260549 -0.00264377    0.419165
IMAGINARY
           0  -0.00461391  -0.00133078  -0.00587536
  0.00461391            0   0.00512708 -0.000718405
  0.00133078  -0.00512708            0    0.0119324
  0.00587536  0.000718405   -0.0119324            0
EndNode2[0]<--->HoM1[0]
REAL
    0.420063 -0.000122815   0.00436745     0.368114
-0.000122815    0.0714734   0.00458592   0.00332486
  0.00436745   0.00458592     0.068652    0.0035919
    0.368114   0.00332486    0.0035919     0.439812
IMAGINARY
          0  0.00432858 -0.00873527   -0.005888
-0.00432858           0   -0.012138 -0.00616341
 0.00873527    0.012138           0  0.00878226
   0.005888  0.00616341 -0.00878226           0
Repeater1[0]<--->EndNode1[0]
REAL
   0.441731 -0.00290815  0.00177319    0.352821
-0.00290815   0.0658423 -0.00197969 -0.00264377
 0.00177319 -0.00197969   0.0732612 -0.00260549
   0.352821 -0.00264377 -0.00260549    0.419165
IMAGINARY
           0  -0.00133078  -0.00461391  -0.00587536
  0.00133078            0  -0.00512708    0.0119324
  0.00461391   0.00512708            0 -0.000718405
  0.00587536   -0.0119324  0.000718405            0
Repeater1[0]<--->HoM1[0]
REAL
    0.420063   0.00436745 -0.000122815     0.368114
  0.00436745     0.068652   0.00458592    0.0035919
-0.000122815   0.00458592    0.0714734   0.00332486
    0.368114    0.0035919   0.00332486     0.439812
IMAGINARY
          0 -0.00873527  0.00432858   -0.005888
 0.00873527           0    0.012138  0.00878226
-0.00432858   -0.012138           0 -0.00616341
   0.005888 -0.00878226  0.00616341           0
EndNode1[0]<--->Repeater1[0]
REAL
   0.433718  0.00134069   0.0161586    0.358105
 0.00134069   0.0714697 -0.00147441  0.00176259
  0.0161586 -0.00147441   0.0740634  0.00702251
   0.358105  0.00176259  0.00702251    0.420749
IMAGINARY
          0  0.00129871 -0.00124571  -0.0051349
-0.00129871           0  -0.0103818 -0.00469398
 0.00124571   0.0103818           0  0.00433638
  0.0051349  0.00469398 -0.00433638           0
EndNode2[0]<--->HoM1[0]
REAL
    0.40957  -0.0002352   0.0025399    0.353389
 -0.0002352     0.08065  0.00413538 0.000576749
  0.0025399  0.00413538   0.0656034 0.000383612
   0.353389 0.000576749 0.000383612    0.444177
IMAGINARY
           0  -0.00261339 -0.000983409   0.00184167
  0.00261339            0  -0.00726009  -0.00259868
 0.000983409   0.00726009            0  -0.00186422
 -0.00184167   0.00259868   0.00186422            0
Repeater1[0]<--->EndNode1[0]
REAL
   0.433718   0.0161586  0.00134069    0.358105
  0.0161586   0.0740634 -0.00147441  0.00702251
 0.00134069 -0.00147441   0.0714697  0.00176259
   0.358105  0.00702251  0.00176259    0.420749
IMAGINARY
          0 -0.00124571  0.00129871  -0.0051349
 0.00124571           0   0.0103818  0.00433638
-0.00129871  -0.0103818           0 -0.00469398
  0.0051349 -0.00433638  0.00469398           0
Repeater1[0]<--->HoM1[0]
REAL
    0.40957   0.0025399  -0.0002352    0.353389
  0.0025399   0.0656034  0.00413538 0.000383612
 -0.0002352  0.00413538     0.08065 0.000576749
   0.353389 0.000383612 0.000576749    0.444177
IMAGINARY
           0 -0.000983409  -0.00261339   0.00184167
 0.000983409            0   0.00726009  -0.00186422
  0.00261339  -0.00726009            0  -0.00259868
 -0.00184167   0.00186422   0.00259868            0
EndNode1[0]<--->Repeater1[0]
REAL
    0.430456  0.000314075  -0.00730689     0.358673
 0.000314075    0.0632494   0.00622413 -0.000596481
 -0.00730689   0.00622413     0.073741   -0.0049368
    0.358673 -0.000596481   -0.0049368     0.432554
IMAGINARY
           0   -0.0103811 -8.41891e-06   -0.0190819
   0.0103811            0   0.00393947   0.00310823
 8.41891e-06  -0.00393947            0 -0.000158301
   0.0190819  -0.00310823  0.000158301            0
EndNode2[0]<--->HoM1[0]
REAL
   0.418401 -0.00223881  0.00842944    0.353929
-0.00223881   0.0766214  -0.0041894 -0.00122307
 0.00842944  -0.0041894   0.0739065  0.00699196
   0.353929 -0.00122307  0.00699196    0.431071
IMAGINARY
          0  0.00432184  0.00288723  0.00384114
-0.00432184           0  0.00340087  0.00705638
-0.00288723 -0.00340087           0 -0.00773532
-0.00384114 -0.00705638  0.00773532           0
Repeater1[0]<--->EndNode1[0]
REAL
    0.430456  -0.00730689  0.000314075     0.358673
 -0.00730689     0.073741   0.00622413   -0.0049368
 0.000314075   0.00622413    0.0632494 -0.000596481
    0.358673   -0.0049368 -0.000596481     0.432554
IMAGINARY
           0 -8.41891e-06   -0.0103811   -0.0190819
 8.41891e-06            0  -0.00393947 -0.000158301
   0.0103811   0.00393947            0   0.00310823
   0.0190819  0.000158301  -0.00310823            0
Repeater1[0]<--->HoM1[0]
REAL
   0.418401  0.00842944 -0.00223881    0.353929
 0.00842944   0.0739065  -0.0041894  0.00699196
-0.00223881  -0.0041894   0.0766214 -0.00122307
   0.353929  0.00699196 -0.00122307    0.431071
IMAGINARY
          0  0.00288723  0.00432184  0.00384114
-0.00288723           0 -0.00340087 -0.00773532
-0.00432184  0.00340087           0  0.00705638
-0.00384114  0.00773532 -0.00705638           0
EndNode1[0]<--->Repeater1[0]
REAL
   0.439197   0.0107535 0.000484482    0.358619
  0.0107535   0.0613932   0.0011751  0.00231375
0.000484482   0.0011751    0.061098   -0.006188
   0.358619  0.00231375   -0.006188    0.438312
IMAGINARY
          0   0.0117762 -0.00555713  0.00228513
 -0.0117762           0  0.00304663  0.00570751
 0.00555713 -0.00304663           0  0.00311099
-0.00228513 -0.00570751 -0.00311099           0
EndNode2[0]<--->HoM1[0]
REAL
   0.431838 -0.00570551 -0.00656223    0.362427
-0.00570551   0.0623701  0.00380949 -0.00385138
-0.00656223  0.00380949   0.0760321 -0.00705483
   0.362427 -0.00385138 -0.00705483    0.429759
IMAGINARY
           0    0.0116229   -0.0203897  0.000735157
  -0.0116229            0  -0.00657173  -0.00697972
   0.0203897   0.00657173            0   0.00386035
-0.000735157   0.00697972  -0.00386035            0
Repeater1[0]<--->EndNode1[0]
REAL
   0.439197 0.000484482   0.0107535    0.358619
0.000484482    0.061098   0.0011751   -0.006188
  0.0107535   0.0011751   0.0613932  0.00231375
   0.358619   -0.006188  0.00231375    0.438312
IMAGINARY
          0 -0.00555713   0.0117762  0.00228513
 0.00555713           0 -0.00304663  0.00311099
 -0.0117762  0.00304663           0  0.00570751
-0.00228513 -0.00311099 -0.00570751           0
Repeater1[0]<--->HoM1[0]
REAL
   0.431838 -0.00656223 -0.00570551    0.362427
-0.00656223   0.0760321  0.00380949 -0.00705483
-0.00570551  0.00380949   0.0623701 -0.00385138
   0.362427 -0.00705483 -0.00385138    0.429759
IMAGINARY
           0   -0.0203897    0.0116229  0.000735157
   0.0203897            0   0.00657173   0.00386035
  -0.0116229  -0.00657173            0  -0.00697972
-0.000735157  -0.00386035   0.00697972            0
EndNode1[0]<--->Repeater1[0]
REAL
   0.441763 0.000311988  0.00793414    0.360561
0.000311988   0.0655347  0.00559468 -0.00321716
 0.00793414  0.00559468   0.0738755 -0.00384972
   0.360561 -0.00321716 -0.00384972    0.418826
IMAGINARY
          0 -0.00287039  -0.0144297  0.00567742
 0.00287039           0  0.00907668  0.00373531
  0.0144297 -0.00907668           0  0.00330989
-0.00567742 -0.00373531 -0.00330989           0
EndNode2[0]<--->HoM1[0]
REAL
    0.426002   -0.0136816   0.00127728     0.352465
  -0.0136816    0.0784198   0.00476509 -0.000365981
  0.00127728   0.00476509    0.0722288    0.0133779
    0.352465 -0.000365981    0.0133779     0.423349
IMAGINARY
          0  -0.0045534 -0.00295579 -0.00230267
  0.0045534           0  0.00502334  0.00557664
 0.00295579 -0.00502334           0  0.00397099
 0.00230267 -0.00557664 -0.00397099           0
Repeater1[0]<--->EndNode1[0]
REAL
   0.441763  0.00793414 0.000311988    0.360561
 0.00793414   0.0738755  0.00559468 -0.00384972
0.000311988  0.00559468   0.0655347 -0.00321716
   0.360561 -0.00384972 -0.00321716    0.418826
IMAGINARY
          0  -0.0144297 -0.00287039  0.00567742
  0.0144297           0 -0.00907668  0.00330989
 0.00287039  0.00907668           0  0.00373531
-0.00567742 -0.00330989 -0.00373531           0
Repeater1[0]<--->HoM1[0]
REAL
    0.426002   0.00127728   -0.0136816     0.352465
  0.00127728    0.0722288   0.00476509    0.0133779
  -0.0136816   0.00476509    0.0784198 -0.000365981
    0.352465    0.0133779 -0.000365981     0.423349
IMAGINARY
          0 -0.00295579  -0.0045534 -0.00230267
 0.00295579           0 -0.00502334  0.00397099
  0.0045534  0.00502334           0  0.00557664
 0.00230267 -0.00397099 -0.00557664           0
EndNode1[0]<--->Repeater1[0]
REAL
   0.438247  -0.0130038 0.000769643    0.359575
 -0.0130038   0.0760037 -0.00538987  -0.0090811
0.000769643 -0.00538987   0.0619062  -0.0058063
   0.359575  -0.0090811  -0.0058063    0.423843
IMAGINARY
           0  -0.00535718   0.00462436  0.000420392
  0.00535718            0  -0.00729017   0.00568016
 -0.00462436   0.00729017            0   0.00212741
-0.000420392  -0.00568016  -0.00212741            0
EndNode2[0]<--->HoM1[0]
REAL
    0.422383  -0.00603344   0.00286303     0.359344
 -0.00603344    0.0716005 -0.000828012   0.00449653
  0.00286303 -0.000828012    0.0770156     0.001077
    0.359344   0.00449653     0.001077     0.429001
IMAGINARY
          0 -0.00134746 -0.00654387 -0.00389184
 0.00134746           0 -0.00658323 -0.00359749
 0.00654387  0.00658323           0   0.0044206
 0.00389184  0.00359749  -0.0044206           0
Repeater1[0]<--->EndNode1[0]
REAL
   0.438247 0.000769643  -0.0130038    0.359575
0.000769643   0.0619062 -0.00538987  -0.0058063
 -0.0130038 -0.00538987   0.0760037  -0.0090811
   0.359575  -0.0058063  -0.0090811    0.423843
IMAGINARY
           0   0.00462436  -0.00535718  0.000420392
 -0.00462436            0   0.00729017   0.00212741
  0.00535718  -0.00729017            0   0.00568016
-0.000420392  -0.00212741  -0.00568016            0
Repeater1[0]<--->HoM1[0]
REAL
    0.422383   0.00286303  -0.00603344     0.359344
  0.00286303    0.0770156 -0.000828012     0.001077
 -0.00603344 -0.000828012    0.0716005   0.00449653
    0.359344     0.001077   0.00449653     0.429001
IMAGINARY
          0 -0.00654387 -0.00134746 -0.00389184
 0.00654387           0  0.00658323   0.0044206
 0.00134746 -0.00658323           0 -0.00359749
 0.00389184  -0.0044206  0.00359749           0
EndNode1[0]<--->Repeater1[0]
REAL
   0.430303 0.000260098   0.0121983     0.35995
0.000260098   0.0751515  0.00284845 -0.00721189
  0.0121983  0.00284845   0.0666667 -0.00252664
    0.35995 -0.00721189 -0.00252664    0.427879
IMAGINARY
          0 -0.00865731  0.00786376  -0.0110637
 0.00865731           0   -0.002788 -0.00685133
-0.00786376    0.002788           0  0.00185951
  0.0110637  0.00685133 -0.00185951           0
EndNode2[0]<--->HoM1[0]
REAL
   0.420355 -0.00846196 -0.00754384    0.350524
-0.00846196    0.081903 -0.00441701 -0.00857538
-0.00754384 -0.00441701   0.0743752 0.000858549
   0.350524 -0.00857538 0.000858549    0.423366
IMAGINARY
          0  0.00649506 -0.00242433   0.0120459
-0.00649506           0  0.00850612 -0.00558413
 0.00242433 -0.00850612           0  0.00453546
 -0.0120459  0.00558413 -0.00453546           0
Repeater1[0]<--->EndNode1[0]
REAL
   0.430303   0.0121983 0.000260098     0.35995
  0.0121983   0.0666667  0.00284845 -0.00252664
0.000260098  0.00284845   0.0751515 -0.00721189
    0.35995 -0.00252664 -0.00721189    0.427879
IMAGINARY
          0  0.00786376 -0.00865731  -0.0110637
-0.00786376           0    0.002788  0.00185951
 0.00865731   -0.002788           0 -0.00685133
  0.0110637 -0.00185951  0.00685133           0
Repeater1[0]<--->HoM1[0]
REAL
   0.420355 -0.00754384 -0.00846196    0.350524
-0.00754384   0.0743752 -0.00441701 0.000858549
-0.00846196 -0.00441701    0.081903 -0.00857538
   0.350524 0.000858549 -0.00857538    0.423366
IMAGINARY
          0 -0.00242433  0.00649506   0.0120459
 0.00242433           0 -0.00850612  0.00453546
-0.00649506  0.00850612           0 -0.00558413
 -0.0120459 -0.00453546  0.00558413           0
EndNode1[0]<--->Repeater1[0]
REAL
   0.446379 -0.00619893 -0.00832668    0.358688
-0.00619893   0.0730217  0.00325951  0.00203829
-0.00832668  0.00325951   0.0669111 0.000495507
   0.358688  0.00203829 0.000495507    0.413688
IMAGINARY
          0  0.00409654  0.00177076  0.00279153
-0.00409654           0  0.00263997  -0.0128685
-0.00177076 -0.00263997           0   0.0135999
-0.00279153   0.0128685  -0.0135999           0
EndNode2[0]<--->HoM1[0]
REAL
  0.431498   0.004673 0.00409949   0.354059
  0.004673  0.0688073 0.00661147 0.00677647
0.00409949 0.00661147  0.0730887 0.00149984
  0.354059 0.00677647 0.00149984   0.426606
IMAGINARY
           0  -0.00953116   0.00158521   0.00220173
  0.00953116            0  -0.00487871  9.62307e-05
 -0.00158521   0.00487871            0  -0.00101607
 -0.00220173 -9.62307e-05   0.00101607            0
Repeater1[0]<--->EndNode1[0]
REAL
   0.446379 -0.00832668 -0.00619893    0.358688
-0.00832668   0.0669111  0.00325951 0.000495507
-0.00619893  0.00325951   0.0730217  0.00203829
   0.358688 0.000495507  0.00203829    0.413688
IMAGINARY
          0  0.00177076  0.00409654  0.00279153
-0.00177076           0 -0.00263997   0.0135999
