EndNode1[0]<--->Repeater1[0]
REAL
   0.489866  0.00550267 -0.00105678     0.42502
 0.00550267   0.0121609  0.00256901  0.00151508
-0.00105678  0.00256901   0.0143436 -0.00473885
    0.42502  0.00151508 -0.00473885     0.48363
IMAGINARY
           0   0.00212399  -0.00290867   0.00422447
 -0.00212399            0   0.00364002  0.000730339
  0.00290867  -0.00364002            0  0.000925672
 -0.00422447 -0.000730339 -0.000925672            0
EndNode2[0]<--->HoM1[0]
REAL
  0.490393   0.012128  0.0006095   0.423805
  0.012128  0.0131138 0.00623378 -0.0025446
 0.0006095 0.00623378  0.0112839 -0.0119791
  0.423805 -0.0025446 -0.0119791   0.485209
IMAGINARY
           0  1.38394e-05  -0.00889669    -0.014389
-1.38394e-05            0   0.00305628   -0.0114905
  0.00889669  -0.00305628            0    0.0124532
    0.014389    0.0114905   -0.0124532            0
Repeater1[0]<--->EndNode1[0]
REAL
   0.489866 -0.00105678  0.00550267     0.42502
-0.00105678   0.0143436  0.00256901 -0.00473885
 0.00550267  0.00256901   0.0121609  0.00151508
    0.42502 -0.00473885  0.00151508     0.48363
IMAGINARY
           0  -0.00290867   0.00212399   0.00422447
  0.00290867            0  -0.00364002  0.000925672
 -0.00212399   0.00364002            0  0.000730339
 -0.00422447 -0.000925672 -0.000730339            0
Repeater1[0]<--->HoM1[0]
REAL
  0.490393  0.0006095   0.012128   0.423805
 0.0006095  0.0112839 0.00623378 -0.0119791
  0.012128 0.00623378  0.0131138 -0.0025446
  0.423805 -0.0119791 -0.0025446   0.485209
IMAGINARY
           0  -0.00889669  1.38394e-05    -0.014389
  0.00889669            0  -0.00305628    0.0124532
-1.38394e-05   0.00305628            0   -0.0114905
    0.014389   -0.0124532    0.0114905            0
EndNode1[0]<--->Repeater1[0]
REAL
   0.486136  0.00497864  0.00175683    0.427152
 0.00497864   0.0150693  0.00133549 -0.00323437
 0.00175683  0.00133549   0.0123568  0.00063602
   0.427152 -0.00323437  0.00063602    0.486438
IMAGINARY
           0  -0.00313404  -0.00547648  0.000960593
  0.00313404            0   -0.0052341  -0.00105171
  0.00547648    0.0052341            0   0.00550793
-0.000960593   0.00105171  -0.00550793            0
EndNode2[0]<--->HoM1[0]
REAL
   0.484017 -0.00743236  -0.0108174    0.421328
-0.00743236     0.01538  0.00862724  0.00619748
 -0.0108174  0.00862724   0.0165862  -0.0028508
   0.421328  0.00619748  -0.0028508    0.484017
IMAGINARY
           0  4.83853e-06   0.00172347   0.00743897
-4.83853e-06            0   -0.0028491  -0.00157191
 -0.00172347    0.0028491            0  -0.00318762
 -0.00743897   0.00157191   0.00318762            0
Repeater1[0]<--->EndNode1[0]
REAL
   0.486136  0.00175683  0.00497864    0.427152
 0.00175683   0.0123568  0.00133549  0.00063602
 0.00497864  0.00133549   0.0150693 -0.00323437
   0.427152  0.00063602 -0.00323437    0.486438
IMAGINARY
           0  -0.00547648  -0.00313404  0.000960593
  0.00547648            0    0.0052341   0.00550793
  0.00313404   -0.0052341            0  -0.00105171
-0.000960593  -0.00550793   0.00105171            0
Repeater1[0]<--->HoM1[0]
REAL
   0.484017  -0.0108174 -0.00743236    0.421328
 -0.0108174   0.0165862  0.00862724  -0.0028508
-0.00743236  0.00862724     0.01538  0.00619748
   0.421328  -0.0028508  0.00619748    0.484017
IMAGINARY
           0   0.00172347  4.83853e-06   0.00743897
 -0.00172347            0    0.0028491  -0.00318762
-4.83853e-06   -0.0028491            0  -0.00157191
 -0.00743897   0.00318762   0.00157191            0
EndNode1[0]<--->Repeater1[0]
REAL
   0.480389 -0.00118153  0.00479801    0.421017
-0.00118153   0.0127698  0.00728123 -0.00259407
 0.00479801  0.00728123   0.0100334  0.00573634
   0.421017 -0.00259407  0.00573634    0.496808
IMAGINARY
          0 -0.00896523  0.00196858 -0.00471927
 0.00896523           0 -0.00607428 -0.00933258
-0.00196858  0.00607428           0   0.0082138
 0.00471927  0.00933258  -0.0082138           0
EndNode2[0]<--->HoM1[0]
REAL
    0.482593   0.00802045   0.00347976     0.426324
  0.00802045    0.0153061 -0.000343065   0.00492484
  0.00347976 -0.000343065    0.0111044 -0.000500546
    0.426324   0.00492484 -0.000500546     0.490996
IMAGINARY
          0  0.00442387  0.00844668  0.00325587
-0.00442387           0  0.00280474 -0.00147698
-0.00844668 -0.00280474           0 -0.00533296
-0.00325587  0.00147698  0.00533296           0
Repeater1[0]<--->EndNode1[0]
REAL
   0.480389  0.00479801 -0.00118153    0.421017
 0.00479801   0.0100334  0.00728123  0.00573634
-0.00118153  0.00728123   0.0127698 -0.00259407
   0.421017  0.00573634 -0.00259407    0.496808
IMAGINARY
          0  0.00196858 -0.00896523 -0.00471927
-0.00196858           0  0.00607428   0.0082138
 0.00896523 -0.00607428           0 -0.00933258
 0.00471927  -0.0082138  0.00933258           0
Repeater1[0]<--->HoM1[0]
REAL
    0.482593   0.00347976   0.00802045     0.426324
  0.00347976    0.0111044 -0.000343065 -0.000500546
  0.00802045 -0.000343065    0.0153061   0.00492484
    0.426324 -0.000500546   0.00492484     0.490996
IMAGINARY
          0  0.00844668  0.00442387  0.00325587
-0.00844668           0 -0.00280474 -0.00533296
-0.00442387  0.00280474           0 -0.00147698
-0.00325587  0.00533296  0.00147698           0
EndNode1[0]<--->Repeater1[0]
REAL
   0.489821 -0.00131974  0.00469235    0.422685
-0.00131974   0.0118505  0.00806897  0.00738213
 0.00469235  0.00806897    0.015193    0.014558
   0.422685  0.00738213    0.014558    0.483136
IMAGINARY
           0   0.00460248  -0.00788407   -0.0056893
 -0.00460248            0  -0.00227583  0.000135668
  0.00788407   0.00227583            0   0.00891924
   0.0056893 -0.000135668  -0.00891924            0
EndNode2[0]<--->HoM1[0]
REAL
    0.487941   0.00323171  -0.00586545      0.43009
  0.00323171    0.0102941   0.00647641   0.00479805
 -0.00586545   0.00647641    0.0123529 -0.000639457
     0.43009   0.00479805 -0.000639457     0.489412
IMAGINARY
           0  0.000888188  -0.00413998   -0.0119379
-0.000888188            0  -0.00536683   0.00156344
  0.00413998   0.00536683            0 -0.000736627
   0.0119379  -0.00156344  0.000736627            0
Repeater1[0]<--->EndNode1[0]
REAL
   0.489821  0.00469235 -0.00131974    0.422685
 0.00469235    0.015193  0.00806897    0.014558
-0.00131974  0.00806897   0.0118505  0.00738213
   0.422685    0.014558  0.00738213    0.483136
IMAGINARY
           0  -0.00788407   0.00460248   -0.0056893
  0.00788407            0   0.00227583   0.00891924
 -0.00460248  -0.00227583            0  0.000135668
   0.0056893  -0.00891924 -0.000135668            0
Repeater1[0]<--->HoM1[0]
REAL
    0.487941  -0.00586545   0.00323171      0.43009
 -0.00586545    0.0123529   0.00647641 -0.000639457
  0.00323171   0.00647641    0.0102941   0.00479805
     0.43009 -0.000639457   0.00479805     0.489412
IMAGINARY
           0  -0.00413998  0.000888188   -0.0119379
  0.00413998            0   0.00536683 -0.000736627
-0.000888188  -0.00536683            0   0.00156344
   0.0119379  0.000736627  -0.00156344            0
EndNode1[0]<--->Repeater1[0]
REAL
    0.468212 -0.000982639  -0.00226199      0.42231
-0.000982639    0.0139632   0.00393662  2.25107e-05
 -0.00226199   0.00393662    0.0115865  0.000833341
     0.42231  2.25107e-05  0.000833341     0.506239
IMAGINARY
          0 -0.00815596  0.00591246  0.00415244
 0.00815596           0 -0.00459794 -0.00071804
-0.00591246  0.00459794           0 -0.00564636
-0.00415244  0.00071804  0.00564636           0
EndNode2[0]<--->HoM1[0]
REAL
   0.490654   -0.014281  -0.0034152    0.426976
  -0.014281   0.0122664 -0.00308174 -0.00897418
 -0.0034152 -0.00308174   0.0119743 -0.00400808
   0.426976 -0.00897418 -0.00400808    0.485105
IMAGINARY
          0  0.00496825 -0.00660715 -0.00235147
-0.00496825           0  -0.0016023 -0.00349234
 0.00660715   0.0016023           0 -0.00451604
 0.00235147  0.00349234  0.00451604           0
Repeater1[0]<--->EndNode1[0]
REAL
    0.468212  -0.00226199 -0.000982639      0.42231
 -0.00226199    0.0115865   0.00393662  0.000833341
-0.000982639   0.00393662    0.0139632  2.25107e-05
     0.42231  0.000833341  2.25107e-05     0.506239
IMAGINARY
          0  0.00591246 -0.00815596  0.00415244
-0.00591246           0  0.00459794 -0.00564636
 0.00815596 -0.00459794           0 -0.00071804
-0.00415244  0.00564636  0.00071804           0
Repeater1[0]<--->HoM1[0]
REAL
   0.490654  -0.0034152   -0.014281    0.426976
 -0.0034152   0.0119743 -0.00308174 -0.00400808
  -0.014281 -0.00308174   0.0122664 -0.00897418
   0.426976 -0.00400808 -0.00897418    0.485105
IMAGINARY
          0 -0.00660715  0.00496825 -0.00235147
 0.00660715           0   0.0016023 -0.00451604
-0.00496825  -0.0016023           0 -0.00349234
 0.00235147  0.00451604  0.00349234           0
EndNode1[0]<--->Repeater1[0]
REAL
    0.48742  0.00254696 -0.00549782    0.424554
 0.00254696   0.0122879 -0.00243765  0.00282243
-0.00549782 -0.00243765   0.0134582  0.00429014
   0.424554  0.00282243  0.00429014    0.486834
IMAGINARY
          0 -0.00559248    0.014824  0.00717301
 0.00559248           0  0.00493353  0.00138317
  -0.014824 -0.00493353           0  -0.0121294
-0.00717301 -0.00138317   0.0121294           0
EndNode2[0]<--->HoM1[0]
REAL
   0.482235  -0.0123417 -0.00216798     0.42302
 -0.0123417   0.0133617   0.0108398 -0.00822125
-0.00216798   0.0108398    0.011236 0.000196535
    0.42302 -0.00822125 0.000196535    0.493167
IMAGINARY
           0   0.00410191   0.00169796  0.000574201
 -0.00410191            0   -0.0031383  -0.00064533
 -0.00169796    0.0031383            0  -0.00515454
-0.000574201   0.00064533   0.00515454            0
Repeater1[0]<--->EndNode1[0]
REAL
    0.48742 -0.00549782  0.00254696    0.424554
-0.00549782   0.0134582 -0.00243765  0.00429014
 0.00254696 -0.00243765   0.0122879  0.00282243
   0.424554  0.00429014  0.00282243    0.486834
IMAGINARY
          0    0.014824 -0.00559248  0.00717301
  -0.014824           0 -0.00493353  -0.0121294
 0.00559248  0.00493353           0  0.00138317
-0.00717301   0.0121294 -0.00138317           0
Repeater1[0]<--->HoM1[0]
REAL
   0.482235 -0.00216798  -0.0123417     0.42302
-0.00216798    0.011236   0.0108398 0.000196535
 -0.0123417   0.0108398   0.0133617 -0.00822125
    0.42302 0.000196535 -0.00822125    0.493167
IMAGINARY
           0   0.00169796   0.00410191  0.000574201
 -0.00169796            0    0.0031383  -0.00515454
 -0.00410191   -0.0031383            0  -0.00064533
-0.000574201   0.00515454   0.00064533            0
EndNode1[0]<--->Repeater1[0]
REAL
    0.478949  -0.00164531  -0.00286208     0.420914
 -0.00164531    0.0137354 -0.000578554  -0.00417595
 -0.00286208 -0.000578554    0.0122425  -0.00479374
    0.420914  -0.00417595  -0.00479374     0.495073
IMAGINARY
          0  0.00151137  0.00348116  0.00369532
-0.00151137           0 -0.00369532 -0.00467519
-0.00348116  0.00369532           0 -0.00180988
-0.00369532  0.00467519  0.00180988           0
EndNode2[0]<--->HoM1[0]
REAL
  0.484636 0.00879101 -0.0052378   0.427038
0.00879101  0.0167326 0.00805416 0.00553419
-0.0052378 0.00805416  0.0133861 -0.0135332
  0.427038 0.00553419 -0.0135332   0.485245
IMAGINARY
           0  -0.00618504  -0.00151614   -0.0116462
  0.00618504            0   0.00105797  0.000469804
  0.00151614  -0.00105797            0   0.00454079
   0.0116462 -0.000469804  -0.00454079            0
Repeater1[0]<--->EndNode1[0]
REAL
    0.478949  -0.00286208  -0.00164531     0.420914
 -0.00286208    0.0122425 -0.000578554  -0.00479374
 -0.00164531 -0.000578554    0.0137354  -0.00417595
    0.420914  -0.00479374  -0.00417595     0.495073
IMAGINARY
          0  0.00348116  0.00151137  0.00369532
-0.00348116           0  0.00369532 -0.00180988
-0.00151137 -0.00369532           0 -0.00467519
-0.00369532  0.00180988  0.00467519           0
Repeater1[0]<--->HoM1[0]
REAL
  0.484636 -0.0052378 0.00879101   0.427038
-0.0052378  0.0133861 0.00805416 -0.0135332
0.00879101 0.00805416  0.0167326 0.00553419
  0.427038 -0.0135332 0.00553419   0.485245
IMAGINARY
           0  -0.00151614  -0.00618504   -0.0116462
  0.00151614            0  -0.00105797   0.00454079
  0.00618504   0.00105797            0  0.000469804
   0.0116462  -0.00454079 -0.000469804            0
EndNode1[0]<--->Repeater1[0]
REAL
   0.49256 0.00122594 -0.0017948   0.425762
0.00122594  0.0170058 0.00424086 0.00822614
-0.0017948 0.00424086  0.0100213 0.00400888
  0.425762 0.00822614 0.00400888   0.480413
IMAGINARY
           0  -0.00558397 -0.000217669    0.0130299
  0.00558397            0   0.00313779  0.000670431
 0.000217669  -0.00313779            0 -0.000905612
  -0.0130299 -0.000670431  0.000905612            0
EndNode2[0]<--->HoM1[0]
REAL
    0.476261   0.00687277    0.0143492     0.428315
  0.00687277    0.0141551   0.00201509 -0.000535377
   0.0143492   0.00201509    0.0153347   0.00213624
    0.428315 -0.000535377   0.00213624     0.494249
IMAGINARY
          0  0.00333932 -0.00508981 -0.00274776
-0.00333932           0  0.00680059  0.00286098
 0.00508981 -0.00680059           0  -0.0022992
 0.00274776 -0.00286098   0.0022992           0
Repeater1[0]<--->EndNode1[0]
REAL
   0.49256 -0.0017948 0.00122594   0.425762
-0.0017948  0.0100213 0.00424086 0.00400888
0.00122594 0.00424086  0.0170058 0.00822614
  0.425762 0.00400888 0.00822614   0.480413
IMAGINARY
           0 -0.000217669  -0.00558397    0.0130299
 0.000217669            0  -0.00313779 -0.000905612
  0.00558397   0.00313779            0  0.000670431
  -0.0130299  0.000905612 -0.000670431            0
Repeater1[0]<--->HoM1[0]
REAL
    0.476261    0.0143492   0.00687277     0.428315
   0.0143492    0.0153347   0.00201509   0.00213624
  0.00687277   0.00201509    0.0141551 -0.000535377
    0.428315   0.00213624 -0.000535377     0.494249
IMAGINARY
          0 -0.00508981  0.00333932 -0.00274776
 0.00508981           0 -0.00680059  -0.0022992
-0.00333932  0.00680059           0  0.00286098
 0.00274776   0.0022992 -0.00286098           0
EndNode1[0]<--->Repeater1[0]
REAL
  0.478456 0.00426744 0.00614475   0.422819
0.00426744  0.0140634 0.00685007 0.00922168
0.00614475 0.00685007   0.010772 0.00577984
  0.422819 0.00922168 0.00577984   0.496709
IMAGINARY
           0 -0.000379961  -0.00252061  -0.00453739
 0.000379961            0   0.00130969  -0.00525451
  0.00252061  -0.00130969            0   0.00785604
  0.00453739   0.00525451  -0.00785604            0
EndNode2[0]<--->HoM1[0]
REAL
   0.481413   0.0055528 -0.00153668    0.427215
  0.0055528   0.0139405  0.00543547    0.010175
-0.00153668  0.00543547   0.0127014  -0.0021853
   0.427215    0.010175  -0.0021853    0.491945
IMAGINARY
           0   0.00554052 -0.000393848    0.0030133
 -0.00554052            0   0.00346066  -0.00113989
 0.000393848  -0.00346066            0    -0.009835
  -0.0030133   0.00113989     0.009835            0
Repeater1[0]<--->EndNode1[0]
REAL
  0.478456 0.00614475 0.00426744   0.422819
0.00614475   0.010772 0.00685007 0.00577984
0.00426744 0.00685007  0.0140634 0.00922168
  0.422819 0.00577984 0.00922168   0.496709
IMAGINARY
           0  -0.00252061 -0.000379961  -0.00453739
  0.00252061            0  -0.00130969   0.00785604
 0.000379961   0.00130969            0  -0.00525451
  0.00453739  -0.00785604   0.00525451            0
Repeater1[0]<--->HoM1[0]
REAL
   0.481413 -0.00153668   0.0055528    0.427215
-0.00153668   0.0127014  0.00543547  -0.0021853
  0.0055528  0.00543547   0.0139405    0.010175
   0.427215  -0.0021853    0.010175    0.491945
IMAGINARY
           0 -0.000393848   0.00554052    0.0030133
 0.000393848            0  -0.00346066    -0.009835
 -0.00554052   0.00346066            0  -0.00113989
  -0.0030133     0.009835   0.00113989            0
EndNode1[0]<--->Repeater1[0]
REAL
   0.484775 -0.00131981  -0.0017329    0.426854
-0.00131981   0.0135665  0.00274923  0.00233459
 -0.0017329  0.00274923   0.0114561  0.00432823
   0.426854  0.00233459  0.00432823    0.490202
IMAGINARY
          0  -0.0031932  0.00335892 -0.00402896
  0.0031932           0 -0.00462776 -0.00123385
-0.00335892  0.00462776           0  0.00410394
 0.00402896  0.00123385 -0.00410394           0
EndNode2[0]<--->HoM1[0]
REAL
    0.49894 -0.00605934 0.000248443    0.417384
-0.00605934   0.0105964 -0.00133048  0.00696805
0.000248443 -0.00133048  0.00817439   0.0118031
   0.417384  0.00696805   0.0118031    0.482289
IMAGINARY
           0   0.00355542 -0.000501499   0.00452345
 -0.00355542            0   0.00285829   0.00398952
 0.000501499  -0.00285829            0  -0.00886327
 -0.00452345  -0.00398952   0.00886327            0
Repeater1[0]<--->EndNode1[0]
REAL
   0.484775  -0.0017329 -0.00131981    0.426854
 -0.0017329   0.0114561  0.00274923  0.00432823
-0.00131981  0.00274923   0.0135665  0.00233459
   0.426854  0.00432823  0.00233459    0.490202
IMAGINARY
          0  0.00335892  -0.0031932 -0.00402896
-0.00335892           0  0.00462776  0.00410394
  0.0031932 -0.00462776           0 -0.00123385
 0.00402896 -0.00410394  0.00123385           0
Repeater1[0]<--->HoM1[0]
REAL
    0.49894 0.000248443 -0.00605934    0.417384
0.000248443  0.00817439 -0.00133048   0.0118031
-0.00605934 -0.00133048   0.0105964  0.00696805
   0.417384   0.0118031  0.00696805    0.482289
IMAGINARY
           0 -0.000501499   0.00355542   0.00452345
 0.000501499            0  -0.00285829  -0.00886327
 -0.00355542   0.00285829            0   0.00398952
 -0.00452345   0.00886327  -0.00398952            0
EndNode1[0]<--->Repeater1[0]
REAL
    0.478328 -0.000698269   0.00193958     0.419098
-0.000698269    0.0169075  0.000414074  -0.00559811
  0.00193958  0.000414074    0.0126038   0.00252754
    0.419098  -0.00559811   0.00252754     0.492161
IMAGINARY
          0    0.004583  0.00358498 -0.00289644
  -0.004583           0   0.0057622 -0.00110205
-0.00358498  -0.0057622           0 -0.00520373
 0.00289644  0.00110205  0.00520373           0
EndNode2[0]<--->HoM1[0]
REAL
    0.49594  0.00119332  0.00352043    0.420831
 0.00119332   0.0129323  0.00160296 -0.00173045
 0.00352043  0.00160296   0.0126316  0.00119332
   0.420831 -0.00173045  0.00119332    0.478496
IMAGINARY
          0 -0.00438735 -0.00291203 -0.00490082
 0.00438735           0   0.0101155 -0.00823927
 0.00291203  -0.0101155           0  0.00890814
 0.00490082  0.00823927 -0.00890814           0
Repeater1[0]<--->EndNode1[0]
REAL
    0.478328   0.00193958 -0.000698269     0.419098
  0.00193958    0.0126038  0.000414074   0.00252754
-0.000698269  0.000414074    0.0169075  -0.00559811
    0.419098   0.00252754  -0.00559811     0.492161
IMAGINARY
          0  0.00358498    0.004583 -0.00289644
-0.00358498           0  -0.0057622 -0.00520373
  -0.004583   0.0057622           0 -0.00110205
 0.00289644  0.00520373  0.00110205           0
Repeater1[0]<--->HoM1[0]
REAL
    0.49594  0.00352043  0.00119332    0.420831
 0.00352043   0.0126316  0.00160296  0.00119332
 0.00119332  0.00160296   0.0129323 -0.00173045
   0.420831  0.00119332 -0.00173045    0.478496
IMAGINARY
          0 -0.00291203 -0.00438735 -0.00490082
 0.00291203           0  -0.0101155  0.00890814
 0.00438735   0.0101155           0 -0.00823927
 0.00490082 -0.00890814  0.00823927           0
EndNode1[0]<--->Repeater1[0]
REAL
     0.48739  -0.00807704  -0.00395361     0.423333
 -0.00807704    0.0127621 -1.81891e-05  -0.00439518
 -0.00395361 -1.81891e-05    0.0118505  -0.00645605
    0.423333  -0.00439518  -0.00645605     0.487998
IMAGINARY
           0  -0.00736083   0.00736244   0.00280287
  0.00736083            0  0.000121106   0.00155022
 -0.00736244 -0.000121106            0   0.00023071
 -0.00280287  -0.00155022  -0.00023071            0
EndNode2[0]<--->HoM1[0]
REAL
   0.498644 -0.00584334  -0.0121999    0.430003
-0.00584334   0.0159687  0.00541262  0.00340669
 -0.0121999  0.00541262   0.0135583 -0.00446593
   0.430003  0.00340669 -0.00446593    0.471829
IMAGINARY
           0   0.00648286   -0.0112748 -0.000295963
 -0.00648286            0  -0.00761158   -0.0055657
   0.0112748   0.00761158            0   0.00648286
 0.000295963    0.0055657  -0.00648286            0
Repeater1[0]<--->EndNode1[0]
REAL
     0.48739  -0.00395361  -0.00807704     0.423333
 -0.00395361    0.0118505 -1.81891e-05  -0.00645605
 -0.00807704 -1.81891e-05    0.0127621  -0.00439518
    0.423333  -0.00645605  -0.00439518     0.487998
IMAGINARY
           0   0.00736244  -0.00736083   0.00280287
 -0.00736244            0 -0.000121106   0.00023071
  0.00736083  0.000121106            0   0.00155022
 -0.00280287  -0.00023071  -0.00155022            0
Repeater1[0]<--->HoM1[0]
REAL
   0.498644  -0.0121999 -0.00584334    0.430003
 -0.0121999   0.0135583  0.00541262 -0.00446593
-0.00584334  0.00541262   0.0159687  0.00340669
   0.430003 -0.00446593  0.00340669    0.471829
IMAGINARY
           0   -0.0112748   0.00648286 -0.000295963
   0.0112748            0   0.00761158   0.00648286
 -0.00648286  -0.00761158            0   -0.0055657
 0.000295963  -0.00648286    0.0055657            0
EndNode1[0]<--->Repeater1[0]
REAL
     0.46615  -0.00142907   0.00277791     0.424133
 -0.00142907     0.014912 -0.000551408  -0.00815105
  0.00277791 -0.000551408    0.0125261  -0.00334704
    0.424133  -0.00815105  -0.00334704     0.506412
IMAGINARY
           0    0.0120359  -0.00611792  -0.00945091
  -0.0120359            0    0.0067563 -0.000798772
  0.00611792   -0.0067563            0  -0.00235256
  0.00945091  0.000798772   0.00235256            0
EndNode2[0]<--->HoM1[0]
REAL
    0.501634  -0.00358188 -0.000157123     0.421781
 -0.00358188    0.0136701   0.00392433   -0.0020717
-0.000157123   0.00392433    0.0121842  -0.00637354
    0.421781   -0.0020717  -0.00637354     0.472511
IMAGINARY
           0 -0.000361426   -0.0029953    0.0115435
 0.000361426            0   0.00997318   0.00954292
   0.0029953  -0.00997318            0     -0.00321
  -0.0115435  -0.00954292      0.00321            0
Repeater1[0]<--->EndNode1[0]
REAL
     0.46615   0.00277791  -0.00142907     0.424133
  0.00277791    0.0125261 -0.000551408  -0.00334704
 -0.00142907 -0.000551408     0.014912  -0.00815105
    0.424133  -0.00334704  -0.00815105     0.506412
IMAGINARY
           0  -0.00611792    0.0120359  -0.00945091
  0.00611792            0   -0.0067563  -0.00235256
  -0.0120359    0.0067563            0 -0.000798772
  0.00945091   0.00235256  0.000798772            0
Repeater1[0]<--->HoM1[0]
REAL
    0.501634 -0.000157123  -0.00358188     0.421781
-0.000157123    0.0121842   0.00392433  -0.00637354
 -0.00358188   0.00392433    0.0136701   -0.0020717
    0.421781  -0.00637354   -0.0020717     0.472511
IMAGINARY
           0   -0.0029953 -0.000361426    0.0115435
   0.0029953            0  -0.00997318     -0.00321
 0.000361426   0.00997318            0   0.00954292
  -0.0115435      0.00321  -0.00954292            0
EndNode1[0]<--->Repeater1[0]
REAL
    0.485072   0.00193329   0.00239298       0.4258
  0.00193329    0.0135974   0.00213591   0.00175886
  0.00239298   0.00213591    0.0127106 -0.000450495
      0.4258   0.00175886 -0.000450495      0.48862
IMAGINARY
           0  0.000976696  -0.00668848    0.0132969
-0.000976696            0  -0.00159926   0.00958925
  0.00668848   0.00159926            0 -0.000824024
  -0.0132969  -0.00958925  0.000824024            0
EndNode2[0]<--->HoM1[0]
REAL
    0.49282  0.00685247 -0.00059086    0.422147
 0.00685247   0.0131378   0.0045438 -0.00240136
-0.00059086   0.0045438   0.0128323  -0.0017657
   0.422147 -0.00240136  -0.0017657     0.48121
IMAGINARY
           0  -0.00327269    0.0132133   0.00952478
  0.00327269            0  -0.00208927  0.000471515
  -0.0132133   0.00208927            0   -0.0046501
 -0.00952478 -0.000471515    0.0046501            0
Repeater1[0]<--->EndNode1[0]
REAL
    0.485072   0.00239298   0.00193329       0.4258
  0.00239298    0.0127106   0.00213591 -0.000450495
  0.00193329   0.00213591    0.0135974   0.00175886
      0.4258 -0.000450495   0.00175886      0.48862
IMAGINARY
           0  -0.00668848  0.000976696    0.0132969
  0.00668848            0   0.00159926 -0.000824024
-0.000976696  -0.00159926            0   0.00958925
  -0.0132969  0.000824024  -0.00958925            0
Repeater1[0]<--->HoM1[0]
REAL
    0.49282 -0.00059086  0.00685247    0.422147
-0.00059086   0.0128323   0.0045438  -0.0017657
 0.00685247   0.0045438   0.0131378 -0.00240136
   0.422147  -0.0017657 -0.00240136     0.48121
IMAGINARY
           0    0.0132133  -0.00327269   0.00952478
  -0.0132133            0   0.00208927   -0.0046501
  0.00327269  -0.00208927            0  0.000471515
 -0.00952478    0.0046501 -0.000471515            0
EndNode1[0]<--->Repeater1[0]
REAL
  0.493056 0.00794089 0.00329505     0.4192
0.00794089  0.0108696 0.00707387 0.00762728
0.00329505 0.00707387  0.0160024 0.00328484
    0.4192 0.00762728 0.00328484   0.480072
IMAGINARY
          0 -0.00628689 -0.00578618   0.0028115
 0.00628689           0   0.0049174  0.00227124
 0.00578618  -0.0049174           0  0.00980183
 -0.0028115 -0.00227124 -0.00980183           0
EndNode2[0]<--->HoM1[0]
REAL
    0.488869  0.000314154   -0.0101214     0.425015
 0.000314154    0.0144404 -2.26306e-05  -0.00643297
  -0.0101214 -2.26306e-05    0.0135379  -0.00690659
    0.425015  -0.00643297  -0.00690659     0.483153
IMAGINARY
           0     0.014647  -0.00254687   -0.0117294
   -0.014647            0  -0.00665178  -0.00640609
  0.00254687   0.00665178            0  7.23068e-05
   0.0117294   0.00640609 -7.23068e-05            0
Repeater1[0]<--->EndNode1[0]
REAL
  0.493056 0.00329505 0.00794089     0.4192
0.00329505  0.0160024 0.00707387 0.00328484
0.00794089 0.00707387  0.0108696 0.00762728
    0.4192 0.00328484 0.00762728   0.480072
IMAGINARY
          0 -0.00578618 -0.00628689   0.0028115
 0.00578618           0  -0.0049174  0.00980183
 0.00628689   0.0049174           0  0.00227124
 -0.0028115 -0.00980183 -0.00227124           0
Repeater1[0]<--->HoM1[0]
REAL
    0.488869   -0.0101214  0.000314154     0.425015
  -0.0101214    0.0135379 -2.26306e-05  -0.00690659
 0.000314154 -2.26306e-05    0.0144404  -0.00643297
    0.425015  -0.00690659  -0.00643297     0.483153
IMAGINARY
           0  -0.00254687     0.014647   -0.0117294
  0.00254687            0   0.00665178  7.23068e-05
   -0.014647  -0.00665178            0  -0.00640609
   0.0117294 -7.23068e-05   0.00640609            0
EndNode1[0]<--->Repeater1[0]
REAL
   0.483497 -0.00239347 -0.00543624    0.428456
-0.00239347   0.0118941  0.00177678  0.00237626
-0.00543624  0.00177678   0.0145703  0.00116948
   0.428456  0.00237626  0.00116948    0.490039
IMAGINARY
           0  0.000244811    0.0127196   0.00857522
-0.000244811            0  -0.00902312   -0.0074824
  -0.0127196   0.00902312            0   0.00129555
 -0.00857522    0.0074824  -0.00129555            0
EndNode2[0]<--->HoM1[0]
REAL
  0.493286 0.00139957  0.0103987   0.423154
0.00139957   0.012832 0.00259746 0.00374388
 0.0103987 0.00259746  0.0158162 0.00920738
  0.423154 0.00374388 0.00920738   0.478066
IMAGINARY
          0  0.00826277 -0.00561807  0.00255413
-0.00826277           0  0.00136153  -0.0044283
 0.00561807 -0.00136153           0 -0.00594438
-0.00255413   0.0044283  0.00594438           0
Repeater1[0]<--->EndNode1[0]
REAL
   0.483497 -0.00543624 -0.00239347    0.428456
-0.00543624   0.0145703  0.00177678  0.00116948
-0.00239347  0.00177678   0.0118941  0.00237626
   0.428456  0.00116948  0.00237626    0.490039
IMAGINARY
           0    0.0127196  0.000244811   0.00857522
  -0.0127196            0   0.00902312   0.00129555
-0.000244811  -0.00902312            0   -0.0074824
 -0.00857522  -0.00129555    0.0074824            0
Repeater1[0]<--->HoM1[0]
REAL
  0.493286  0.0103987 0.00139957   0.423154
 0.0103987  0.0158162 0.00259746 0.00920738
0.00139957 0.00259746   0.012832 0.00374388
  0.423154 0.00920738 0.00374388   0.478066
IMAGINARY
          0 -0.00561807  0.00826277  0.00255413
 0.00561807           0 -0.00136153 -0.00594438
-0.00826277  0.00136153           0  -0.0044283
-0.00255413  0.00594438   0.0044283           0
EndNode1[0]<--->Repeater1[0]
REAL
  0.505549 0.00641652 0.00626198   0.425092
0.00641652  0.0151048 0.00961234 0.00715484
0.00626198 0.00961234  0.0138718 0.00431694
  0.425092 0.00715484 0.00431694   0.465475
IMAGINARY
          0  0.00883204  -0.0112455 -0.00878261
-0.00883204           0 -0.00360915 -0.00465872
  0.0112455  0.00360915           0  0.00737517
 0.00878261  0.00465872 -0.00737517           0
EndNode2[0]<--->HoM1[0]
REAL
  0.485466 0.00114246  0.0016846   0.425359
0.00114246  0.0155829 0.00723883 0.00413109
 0.0016846 0.00723883  0.0116871 0.00348027
  0.425359 0.00413109 0.00348027   0.487264
IMAGINARY
          0 -0.00685497  0.00219291 -0.00855941
 0.00685497           0  0.00208545 -0.00352309
-0.00219291 -0.00208545           0   0.0043424
 0.00855941  0.00352309  -0.0043424           0
Repeater1[0]<--->EndNode1[0]
REAL
  0.505549 0.00626198 0.00641652   0.425092
0.00626198  0.0138718 0.00961234 0.00431694
0.00641652 0.00961234  0.0151048 0.00715484
  0.425092 0.00431694 0.00715484   0.465475
IMAGINARY
          0  -0.0112455  0.00883204 -0.00878261
  0.0112455           0  0.00360915  0.00737517
-0.00883204 -0.00360915           0 -0.00465872
 0.00878261 -0.00737517  0.00465872           0
Repeater1[0]<--->HoM1[0]
REAL
  0.485466  0.0016846 0.00114246   0.425359
 0.0016846  0.0116871 0.00723883 0.00348027
0.00114246 0.00723883  0.0155829 0.00413109
  0.425359 0.00348027 0.00413109   0.487264
IMAGINARY
          0  0.00219291 -0.00685497 -0.00855941
-0.00219291           0 -0.00208545   0.0043424
 0.00685497  0.00208545           0 -0.00352309
 0.00855941  -0.0043424  0.00352309           0
EndNode1[0]<--->Repeater1[0]
REAL
   0.483684 -0.00100803  0.00227828    0.423652
-0.00100803   0.0140287 0.000483456 -0.00120762
 0.00227828 0.000483456   0.0140287  0.00452592
   0.423652 -0.00120762  0.00452592    0.488259
IMAGINARY
          0 -0.00722044  0.00375152  0.00501475
 0.00722044           0  0.00501475  0.00118122
-0.00375152 -0.00501475           0 -0.00339241
-0.00501475 -0.00118122  0.00339241           0
EndNode2[0]<--->HoM1[0]
REAL
   0.485214   0.0077472 0.000351418    0.426174
  0.0077472   0.0153893  0.00517545 -0.00211924
0.000351418  0.00517545    0.010863 -0.00568474
   0.426174 -0.00211924 -0.00568474    0.488533
IMAGINARY
          0  0.00930788  0.00687529  -0.0067694
-0.00930788           0  0.00587227    -0.01084
-0.00687529 -0.00587227           0  -0.0015252
  0.0067694     0.01084   0.0015252           0
Repeater1[0]<--->EndNode1[0]
REAL
   0.483684  0.00227828 -0.00100803    0.423652
 0.00227828   0.0140287 0.000483456  0.00452592
-0.00100803 0.000483456   0.0140287 -0.00120762
   0.423652  0.00452592 -0.00120762    0.488259
IMAGINARY
          0  0.00375152 -0.00722044  0.00501475
-0.00375152           0 -0.00501475 -0.00339241
 0.00722044  0.00501475           0  0.00118122
-0.00501475  0.00339241 -0.00118122           0
Repeater1[0]<--->HoM1[0]
REAL
   0.485214 0.000351418   0.0077472    0.426174
0.000351418    0.010863  0.00517545 -0.00568474
  0.0077472  0.00517545   0.0153893 -0.00211924
   0.426174 -0.00568474 -0.00211924    0.488533
IMAGINARY
          0  0.00687529  0.00930788  -0.0067694
-0.00687529           0 -0.00587227  -0.0015252
-0.00930788  0.00587227           0    -0.01084
  0.0067694   0.0015252     0.01084           0
EndNode1[0]<--->Repeater1[0]
REAL
  0.493467 0.00474022  0.0126135   0.425745
0.00474022  0.0133698 0.00161553 0.00100636
 0.0126135 0.00161553  0.0161045  0.0137223
  0.425745 0.00100636  0.0137223   0.477059
IMAGINARY
           0   0.00757719   -0.0111548  -0.00380712
 -0.00757719            0   0.00395731  -0.00238285
   0.0111548  -0.00395731            0  0.000902431
  0.00380712   0.00238285 -0.000902431            0
EndNode2[0]<--->HoM1[0]
REAL
   0.485672  0.00200803 -0.00951712     0.42665
 0.00200803   0.0143284  0.00456064  0.00275833
-0.00951712  0.00456064   0.0110448 -0.00486174
    0.42665  0.00275833 -0.00486174    0.488955
IMAGINARY
          0  0.00837576   -0.011947 -0.00289488
-0.00837576           0  -0.0144808 -0.00308067
   0.011947   0.0144808           0 -0.00181025
 0.00289488  0.00308067  0.00181025           0
Repeater1[0]<--->EndNode1[0]
REAL
  0.493467  0.0126135 0.00474022   0.425745
 0.0126135  0.0161045 0.00161553  0.0137223
0.00474022 0.00161553  0.0133698 0.00100636
  0.425745  0.0137223 0.00100636   0.477059
IMAGINARY
           0   -0.0111548   0.00757719  -0.00380712
   0.0111548            0  -0.00395731  0.000902431
 -0.00757719   0.00395731            0  -0.00238285
  0.00380712 -0.000902431   0.00238285            0
Repeater1[0]<--->HoM1[0]
REAL
   0.485672 -0.00951712  0.00200803     0.42665
-0.00951712   0.0110448  0.00456064 -0.00486174
 0.00200803  0.00456064   0.0143284  0.00275833
    0.42665 -0.00486174  0.00275833    0.488955
IMAGINARY
          0   -0.011947  0.00837576 -0.00289488
   0.011947           0   0.0144808 -0.00181025
-0.00837576  -0.0144808           0 -0.00308067
 0.00289488  0.00181025  0.00308067           0
EndNode1[0]<--->Repeater1[0]
REAL
    0.47402 -0.00271903  0.00916202    0.425785
-0.00271903   0.0127621 -0.00373052 -0.00311972
 0.00916202 -0.00373052   0.0124582  0.00271903
   0.425785 -0.00311972  0.00271903     0.50076
IMAGINARY
           0   0.00812195  -0.00124422   0.00125745
 -0.00812195            0  -0.00647217  -0.00154579
  0.00124422   0.00647217            0  0.000541777
 -0.00125745   0.00154579 -0.000541777            0
EndNode2[0]<--->HoM1[0]
REAL
   0.493506 -0.00246665  0.00515772    0.420251
-0.00246665   0.0144628  0.00786142 -0.00778776
 0.00515772  0.00786142   0.0115112 -0.00542348
   0.420251 -0.00778776 -0.00542348    0.480519
IMAGINARY
           0   0.00178927  -0.00503631  0.000408293
 -0.00178927            0   -0.0105758  -0.00705808
  0.00503631    0.0105758            0      0.01178
-0.000408293   0.00705808     -0.01178            0
Repeater1[0]<--->EndNode1[0]
REAL
    0.47402  0.00916202 -0.00271903    0.425785
 0.00916202   0.0124582 -0.00373052  0.00271903
-0.00271903 -0.00373052   0.0127621 -0.00311972
   0.425785  0.00271903 -0.00311972     0.50076
IMAGINARY
           0  -0.00124422   0.00812195   0.00125745
  0.00124422            0   0.00647217  0.000541777
 -0.00812195  -0.00647217            0  -0.00154579
 -0.00125745 -0.000541777   0.00154579            0
Repeater1[0]<--->HoM1[0]
REAL
   0.493506  0.00515772 -0.00246665    0.420251
 0.00515772   0.0115112  0.00786142 -0.00542348
-0.00246665  0.00786142   0.0144628 -0.00778776
   0.420251 -0.00542348 -0.00778776    0.480519
IMAGINARY
           0  -0.00503631   0.00178927  0.000408293
  0.00503631            0    0.0105758      0.01178
 -0.00178927   -0.0105758            0  -0.00705808
-0.000408293     -0.01178   0.00705808            0
EndNode1[0]<--->Repeater1[0]
REAL
    0.482717   -0.0046897 -0.000580147     0.421245
  -0.0046897    0.0139478  0.000959831    0.0034898
-0.000580147  0.000959831    0.0118253   0.00576168
    0.421245    0.0034898   0.00576168      0.49151
IMAGINARY
           0  -0.00273883   0.00486394   0.00611348
  0.00273883            0  0.000786239  -0.00545883
 -0.00486394 -0.000786239            0    0.0116621
 -0.00611348   0.00545883   -0.0116621            0
EndNode2[0]<--->HoM1[0]
REAL
    0.47612  0.00318867 -0.00239231    0.426807
 0.00318867   0.0115693  0.00517351 -0.00148597
-0.00239231  0.00517351   0.0118659  -0.0100502
   0.426807 -0.00148597  -0.0100502    0.500445
IMAGINARY
          0 -0.00719376   0.0184641  0.00399469
 0.00719376           0  0.00473499  0.00286722
 -0.0184641 -0.00473499           0  -0.0144401
-0.00399469 -0.00286722   0.0144401           0
Repeater1[0]<--->EndNode1[0]
REAL
    0.482717 -0.000580147   -0.0046897     0.421245
-0.000580147    0.0118253  0.000959831   0.00576168
  -0.0046897  0.000959831    0.0139478    0.0034898
    0.421245   0.00576168    0.0034898      0.49151
IMAGINARY
           0   0.00486394  -0.00273883   0.00611348
 -0.00486394            0 -0.000786239    0.0116621
  0.00273883  0.000786239            0  -0.00545883
 -0.00611348   -0.0116621   0.00545883            0
Repeater1[0]<--->HoM1[0]
REAL
    0.47612 -0.00239231  0.00318867    0.426807
-0.00239231   0.0118659  0.00517351  -0.0100502
 0.00318867  0.00517351   0.0115693 -0.00148597
   0.426807  -0.0100502 -0.00148597    0.500445
IMAGINARY
          0   0.0184641 -0.00719376  0.00399469
 -0.0184641           0 -0.00473499  -0.0144401
 0.00719376  0.00473499           0  0.00286722
-0.00399469   0.0144401 -0.00286722           0
EndNode1[0]<--->Repeater1[0]
REAL
   0.481888  0.00222504  0.00718132    0.424956
 0.00222504   0.0139549  0.00456657 -0.00990365
 0.00718132  0.00456657   0.0121734 -0.00948457
   0.424956 -0.00990365 -0.00948457    0.491983
IMAGINARY
          0  0.00444081  0.00651203 -0.00531304
-0.00444081           0 -0.00144169 -0.00727167
-0.00651203  0.00144169           0 -0.00428888
 0.00531304  0.00727167  0.00428888           0
EndNode2[0]<--->HoM1[0]
REAL
   0.482353  0.00593849 -0.00733136    0.424978
 0.00593849   0.0108597  0.00176444  0.00346001
-0.00733136  0.00176444   0.0105581 -0.00861866
   0.424978  0.00346001 -0.00861866    0.496229
IMAGINARY
           0   0.00525102  -0.00710537  -0.00500262
 -0.00525102            0  -0.00119513 -0.000573305
  0.00710537   0.00119513            0   0.00183699
  0.00500262  0.000573305  -0.00183699            0
Repeater1[0]<--->EndNode1[0]
REAL
   0.481888  0.00718132  0.00222504    0.424956
 0.00718132   0.0121734  0.00456657 -0.00948457
 0.00222504  0.00456657   0.0139549 -0.00990365
   0.424956 -0.00948457 -0.00990365    0.491983
IMAGINARY
          0  0.00651203  0.00444081 -0.00531304
-0.00651203           0  0.00144169 -0.00428888
-0.00444081 -0.00144169           0 -0.00727167
 0.00531304  0.00428888  0.00727167           0
Repeater1[0]<--->HoM1[0]
REAL
   0.482353 -0.00733136  0.00593849    0.424978
-0.00733136   0.0105581  0.00176444 -0.00861866
 0.00593849  0.00176444   0.0108597  0.00346001
   0.424978 -0.00861866  0.00346001    0.496229
IMAGINARY
           0  -0.00710537   0.00525102  -0.00500262
  0.00710537            0   0.00119513   0.00183699
 -0.00525102  -0.00119513            0 -0.000573305
  0.00500262  -0.00183699  0.000573305            0
EndNode1[0]<--->Repeater1[0]
REAL
  0.490611 0.00548274 0.00418752   0.422149
0.00548274  0.0178838 0.00345896  0.0138919
0.00418752 0.00345896   0.014307  0.0164497
  0.422149  0.0138919  0.0164497   0.477198
IMAGINARY
           0   0.00500159 -0.000277288   -0.0075525
 -0.00500159            0   -0.0060519  -0.00893593
 0.000277288    0.0060519            0  0.000701834
   0.0075525   0.00893593 -0.000701834            0
EndNode2[0]<--->HoM1[0]
REAL
   0.48865  0.0044429 0.00884655   0.425841
 0.0044429  0.0134409  0.0058529   0.013315
0.00884655  0.0058529  0.0134409  0.0162007
  0.425841   0.013315  0.0162007   0.484468
IMAGINARY
          0 -0.00664724 -0.00676652 -0.00232226
 0.00664724           0  0.00553425   0.0122286
 0.00676652 -0.00553425           0  0.00856634
 0.00232226  -0.0122286 -0.00856634           0
Repeater1[0]<--->EndNode1[0]
REAL
  0.490611 0.00418752 0.00548274   0.422149
0.00418752   0.014307 0.00345896  0.0164497
0.00548274 0.00345896  0.0178838  0.0138919
  0.422149  0.0164497  0.0138919   0.477198
IMAGINARY
           0 -0.000277288   0.00500159   -0.0075525
 0.000277288            0    0.0060519  0.000701834
 -0.00500159   -0.0060519            0  -0.00893593
   0.0075525 -0.000701834   0.00893593            0
Repeater1[0]<--->HoM1[0]
REAL
   0.48865 0.00884655  0.0044429   0.425841
0.00884655  0.0134409  0.0058529  0.0162007
 0.0044429  0.0058529  0.0134409   0.013315
  0.425841  0.0162007   0.013315   0.484468
IMAGINARY
          0 -0.00676652 -0.00664724 -0.00232226
 0.00676652           0 -0.00553425  0.00856634
 0.00664724  0.00553425           0   0.0122286
