EndNode1[0]<--->Repeater1[0]
REAL
   0.385258 -0.00643734 -0.00356588    0.107207
-0.00643734    0.112205 -0.00554983  0.00134629
-0.00356588 -0.00554983     0.10952 -0.00288494
   0.107207  0.00134629 -0.00288494    0.393017
IMAGINARY
          0  -0.0138116  0.00318251  0.00395842
  0.0138116           0  0.00636516   0.0101186
-0.00318251 -0.00636516           0  0.00564952
-0.00395842  -0.0101186 -0.00564952           0
EndNode2[0]<--->HoM1[0]
REAL
   0.387687 0.000432015  0.00643559   0.0983516
0.000432015     0.11399  0.00568113  0.00613016
 0.00643559  0.00568113   0.0996647 0.000736893
  0.0983516  0.00613016 0.000736893    0.398659
IMAGINARY
          0  0.00381872 -0.00539999  0.00281456
-0.00381872           0 -0.00600897   0.0109572
 0.00539999  0.00600897           0  -0.0111783
-0.00281456  -0.0109572   0.0111783           0
Repeater1[0]<--->EndNode1[0]
REAL
   0.385258 -0.00356588 -0.00643734    0.107207
-0.00356588     0.10952 -0.00554983 -0.00288494
-0.00643734 -0.00554983    0.112205  0.00134629
   0.107207 -0.00288494  0.00134629    0.393017
IMAGINARY
          0  0.00318251  -0.0138116  0.00395842
-0.00318251           0 -0.00636516  0.00564952
  0.0138116  0.00636516           0   0.0101186
-0.00395842 -0.00564952  -0.0101186           0
Repeater1[0]<--->HoM1[0]
REAL
   0.387687  0.00643559 0.000432015   0.0983516
 0.00643559   0.0996647  0.00568113 0.000736893
0.000432015  0.00568113     0.11399  0.00613016
  0.0983516 0.000736893  0.00613016    0.398659
IMAGINARY
          0 -0.00539999  0.00381872  0.00281456
 0.00539999           0  0.00600897  -0.0111783
-0.00381872 -0.00600897           0   0.0109572
-0.00281456   0.0111783  -0.0109572           0
EndNode1[0]<--->Repeater1[0]
REAL
    0.392025   0.00280709 -0.000223406     0.110657
  0.00280709     0.111656   0.00740706 -7.17532e-05
-0.000223406   0.00740706     0.110429    0.0193299
    0.110657 -7.17532e-05    0.0193299      0.38589
IMAGINARY
           0   0.00117955  -0.00611018  -0.00398454
 -0.00117955            0  0.000247622  -0.00290016
  0.00611018 -0.000247622            0  -0.00605399
  0.00398454   0.00290016   0.00605399            0
EndNode2[0]<--->HoM1[0]
REAL
   0.415111  0.00245941  0.00512082     0.10915
 0.00245941   0.0945214 -0.00164592  0.00381306
 0.00512082 -0.00164592    0.100542  0.00230533
    0.10915  0.00381306  0.00230533    0.389825
IMAGINARY
          0  0.00551321 -0.00305872  0.00574989
-0.00551321           0 -0.00155827 -0.00275697
 0.00305872  0.00155827           0  0.00835497
-0.00574989  0.00275697 -0.00835497           0
Repeater1[0]<--->EndNode1[0]
REAL
    0.392025 -0.000223406   0.00280709     0.110657
-0.000223406     0.110429   0.00740706    0.0193299
  0.00280709   0.00740706     0.111656 -7.17532e-05
    0.110657    0.0193299 -7.17532e-05      0.38589
IMAGINARY
           0  -0.00611018   0.00117955  -0.00398454
  0.00611018            0 -0.000247622  -0.00605399
 -0.00117955  0.000247622            0  -0.00290016
  0.00398454   0.00605399   0.00290016            0
Repeater1[0]<--->HoM1[0]
REAL
   0.415111  0.00512082  0.00245941     0.10915
 0.00512082    0.100542 -0.00164592  0.00230533
 0.00245941 -0.00164592   0.0945214  0.00381306
    0.10915  0.00230533  0.00381306    0.389825
IMAGINARY
          0 -0.00305872  0.00551321  0.00574989
 0.00305872           0  0.00155827  0.00835497
-0.00551321 -0.00155827           0 -0.00275697
-0.00574989 -0.00835497  0.00275697           0
EndNode1[0]<--->Repeater1[0]
REAL
   0.390658  -0.0117964    0.010022    0.117126
 -0.0117964    0.109491 -0.00721132  0.00222353
   0.010022 -0.00721132   0.0999702 -0.00310474
   0.117126  0.00222353 -0.00310474    0.399881
IMAGINARY
          0  0.00716088  -0.0137784  0.00696822
-0.00716088           0 -0.00127766 -0.00448912
  0.0137784  0.00127766           0   0.0102227
-0.00696822  0.00448912  -0.0102227           0
EndNode2[0]<--->HoM1[0]
REAL
   0.389567 -0.00242671 -0.00681448    0.100969
-0.00242671   0.0933496   0.0108671  0.00059293
-0.00681448   0.0108671    0.107077  0.00804127
   0.100969  0.00059293  0.00804127    0.410006
IMAGINARY
           0  0.000402586  -0.00232513  -0.00863353
-0.000402586            0   0.00192016  -0.00364285
  0.00232513  -0.00192016            0  -0.00607944
  0.00863353   0.00364285   0.00607944            0
Repeater1[0]<--->EndNode1[0]
REAL
   0.390658    0.010022  -0.0117964    0.117126
   0.010022   0.0999702 -0.00721132 -0.00310474
 -0.0117964 -0.00721132    0.109491  0.00222353
   0.117126 -0.00310474  0.00222353    0.399881
IMAGINARY
          0  -0.0137784  0.00716088  0.00696822
  0.0137784           0  0.00127766   0.0102227
-0.00716088 -0.00127766           0 -0.00448912
-0.00696822  -0.0102227  0.00448912           0
Repeater1[0]<--->HoM1[0]
REAL
   0.389567 -0.00681448 -0.00242671    0.100969
-0.00681448    0.107077   0.0108671  0.00804127
-0.00242671   0.0108671   0.0933496  0.00059293
   0.100969  0.00804127  0.00059293    0.410006
IMAGINARY
           0  -0.00232513  0.000402586  -0.00863353
  0.00232513            0  -0.00192016  -0.00607944
-0.000402586   0.00192016            0  -0.00364285
  0.00863353   0.00607944   0.00364285            0
EndNode1[0]<--->Repeater1[0]
REAL
   0.391762 -0.00555927 -0.00370695     0.10145
-0.00555927     0.10433  0.00852949 -0.00264085
-0.00370695  0.00852949    0.100722 -0.00344575
    0.10145 -0.00264085 -0.00344575    0.403187
IMAGINARY
           0    0.0116365   0.00522618  0.000635692
  -0.0116365            0  -0.00799526 -0.000191092
 -0.00522618   0.00799526            0  -0.00995816
-0.000635692  0.000191092   0.00995816            0
EndNode2[0]<--->HoM1[0]
REAL
    0.407508   -0.0140644    -0.012398     0.106651
  -0.0140644     0.105706 -0.000867465    0.0128546
   -0.012398 -0.000867465     0.102102  -0.00526587
    0.106651    0.0128546  -0.00526587     0.384685
IMAGINARY
           0 -0.000151226  -0.00505502  -0.00417765
 0.000151226            0   0.00789236   0.00400239
  0.00505502  -0.00789236            0 -0.000299902
  0.00417765  -0.00400239  0.000299902            0
Repeater1[0]<--->EndNode1[0]
REAL
   0.391762 -0.00370695 -0.00555927     0.10145
-0.00370695    0.100722  0.00852949 -0.00344575
-0.00555927  0.00852949     0.10433 -0.00264085
    0.10145 -0.00344575 -0.00264085    0.403187
IMAGINARY
           0   0.00522618    0.0116365  0.000635692
 -0.00522618            0   0.00799526  -0.00995816
  -0.0116365  -0.00799526            0 -0.000191092
-0.000635692   0.00995816  0.000191092            0
Repeater1[0]<--->HoM1[0]
REAL
    0.407508    -0.012398   -0.0140644     0.106651
   -0.012398     0.102102 -0.000867465  -0.00526587
  -0.0140644 -0.000867465     0.105706    0.0128546
    0.106651  -0.00526587    0.0128546     0.384685
IMAGINARY
           0  -0.00505502 -0.000151226  -0.00417765
  0.00505502            0  -0.00789236 -0.000299902
 0.000151226   0.00789236            0   0.00400239
  0.00417765  0.000299902  -0.00400239            0
EndNode1[0]<--->Repeater1[0]
REAL
   0.402609  0.00697458  0.00722105    0.104605
 0.00697458    0.104358  0.00233272 -0.00314865
 0.00722105  0.00233272    0.104358 -0.00260052
   0.104605 -0.00314865 -0.00260052    0.388675
IMAGINARY
          0  0.00665208 -0.00758264 -0.00220929
-0.00665208           0  0.00176139  0.00877881
 0.00758264 -0.00176139           0 -0.00425973
 0.00220929 -0.00877881  0.00425973           0
EndNode2[0]<--->HoM1[0]
REAL
     0.40698  -0.00325388  -0.00645896     0.106406
 -0.00325388       0.0979 -0.000737171   0.00676703
 -0.00645896 -0.000737171     0.102632  -0.00444791
    0.106406   0.00676703  -0.00444791     0.392487
IMAGINARY
           0  -0.00619403   0.00268908  -0.00799476
  0.00619403            0   0.00708291    0.0077789
 -0.00268908  -0.00708291            0 -0.000579371
  0.00799476   -0.0077789  0.000579371            0
Repeater1[0]<--->EndNode1[0]
REAL
   0.402609  0.00722105  0.00697458    0.104605
 0.00722105    0.104358  0.00233272 -0.00260052
 0.00697458  0.00233272    0.104358 -0.00314865
   0.104605 -0.00260052 -0.00314865    0.388675
IMAGINARY
          0 -0.00758264  0.00665208 -0.00220929
 0.00758264           0 -0.00176139 -0.00425973
-0.00665208  0.00176139           0  0.00877881
 0.00220929  0.00425973 -0.00877881           0
Repeater1[0]<--->HoM1[0]
REAL
     0.40698  -0.00645896  -0.00325388     0.106406
 -0.00645896     0.102632 -0.000737171  -0.00444791
 -0.00325388 -0.000737171       0.0979   0.00676703
    0.106406  -0.00444791   0.00676703     0.392487
IMAGINARY
           0   0.00268908  -0.00619403  -0.00799476
 -0.00268908            0  -0.00708291 -0.000579371
  0.00619403   0.00708291            0    0.0077789
  0.00799476  0.000579371   -0.0077789            0
EndNode1[0]<--->Repeater1[0]
REAL
   0.395095  0.00299176    0.013769    0.103852
 0.00299176     0.10727  0.00409786 -0.00699389
   0.013769  0.00409786    0.100177 0.000772167
   0.103852 -0.00699389 0.000772167    0.397459
IMAGINARY
          0  -0.0028097  -0.0027166 -0.00341775
  0.0028097           0 -0.00671116  0.00641119
  0.0027166  0.00671116           0  0.00342546
 0.00341775 -0.00641119 -0.00342546           0
EndNode2[0]<--->HoM1[0]
REAL
  0.407374 0.00320171  0.0133349    0.10895
0.00320171  0.0964037 -0.0045474  -0.010658
 0.0133349 -0.0045474   0.107888 0.00185481
   0.10895  -0.010658 0.00185481   0.388335
IMAGINARY
           0  -0.00266829   0.00434089   -0.0021843
  0.00266829            0    0.0081296 -4.64067e-05
 -0.00434089   -0.0081296            0  -0.00776116
   0.0021843  4.64067e-05   0.00776116            0
Repeater1[0]<--->EndNode1[0]
REAL
   0.395095    0.013769  0.00299176    0.103852
   0.013769    0.100177  0.00409786 0.000772167
 0.00299176  0.00409786     0.10727 -0.00699389
   0.103852 0.000772167 -0.00699389    0.397459
IMAGINARY
          0  -0.0027166  -0.0028097 -0.00341775
  0.0027166           0  0.00671116  0.00342546
  0.0028097 -0.00671116           0  0.00641119
 0.00341775 -0.00342546 -0.00641119           0
Repeater1[0]<--->HoM1[0]
REAL
  0.407374  0.0133349 0.00320171    0.10895
 0.0133349   0.107888 -0.0045474 0.00185481
0.00320171 -0.0045474  0.0964037  -0.010658
   0.10895 0.00185481  -0.010658   0.388335
IMAGINARY
           0   0.00434089  -0.00266829   -0.0021843
 -0.00434089            0   -0.0081296  -0.00776116
  0.00266829    0.0081296            0 -4.64067e-05
   0.0021843   0.00776116  4.64067e-05            0
EndNode1[0]<--->Repeater1[0]
REAL
    0.397337   0.00696312   0.00360664     0.107392
  0.00696312     0.102959   0.00523159 -0.000465753
  0.00360664   0.00523159     0.106213  -0.00412136
    0.107392 -0.000465753  -0.00412136     0.393491
IMAGINARY
          0 -0.00397791 -0.00319787  0.00425975
 0.00397791           0 -0.00967492 -0.00745319
 0.00319787  0.00967492           0 -0.00637312
-0.00425975  0.00745319  0.00637312           0
EndNode2[0]<--->HoM1[0]
REAL
  0.402904 0.00051427 0.00433836   0.110732
0.00051427   0.110103 0.00404408 0.00584711
0.00433836 0.00404408   0.101936 0.00450245
  0.110732 0.00584711 0.00450245   0.385057
IMAGINARY
           0  -0.00347855  -0.00307532   0.00327746
  0.00347855            0    0.0098368 -3.21073e-05
  0.00307532   -0.0098368            0  -0.00258834
 -0.00327746  3.21073e-05   0.00258834            0
Repeater1[0]<--->EndNode1[0]
REAL
    0.397337   0.00360664   0.00696312     0.107392
  0.00360664     0.106213   0.00523159  -0.00412136
  0.00696312   0.00523159     0.102959 -0.000465753
    0.107392  -0.00412136 -0.000465753     0.393491
IMAGINARY
          0 -0.00319787 -0.00397791  0.00425975
 0.00319787           0  0.00967492 -0.00637312
 0.00397791 -0.00967492           0 -0.00745319
-0.00425975  0.00637312  0.00745319           0
Repeater1[0]<--->HoM1[0]
REAL
  0.402904 0.00433836 0.00051427   0.110732
0.00433836   0.101936 0.00404408 0.00450245
0.00051427 0.00404408   0.110103 0.00584711
  0.110732 0.00450245 0.00584711   0.385057
IMAGINARY
           0  -0.00307532  -0.00347855   0.00327746
  0.00307532            0   -0.0098368  -0.00258834
  0.00347855    0.0098368            0 -3.21073e-05
 -0.00327746   0.00258834  3.21073e-05            0
EndNode1[0]<--->Repeater1[0]
REAL
   0.401429 -0.00161923  0.00451127     0.10467
-0.00161923    0.101251  0.00552011 -0.00104428
 0.00451127  0.00552011   0.0946992 -0.00606844
    0.10467 -0.00104428 -0.00606844    0.402621
IMAGINARY
           0  -0.00873827   0.00495357  -0.00297002
  0.00873827            0 -7.93888e-06  -0.00358704
 -0.00495357  7.93888e-06            0  -0.00416789
  0.00297002   0.00358704   0.00416789            0
EndNode2[0]<--->HoM1[0]
REAL
    0.394477  -0.00363178  -0.00456392     0.110234
 -0.00363178    0.0994186  -0.00769325  0.000631677
 -0.00456392  -0.00769325     0.107558 -0.000300465
    0.110234  0.000631677 -0.000300465     0.398547
IMAGINARY
          0  0.00404629 -0.00385663 -0.00703008
-0.00404629           0 -0.00370078  0.00713239
 0.00385663  0.00370078           0  0.00131405
 0.00703008 -0.00713239 -0.00131405           0
Repeater1[0]<--->EndNode1[0]
REAL
   0.401429  0.00451127 -0.00161923     0.10467
 0.00451127   0.0946992  0.00552011 -0.00606844
-0.00161923  0.00552011    0.101251 -0.00104428
    0.10467 -0.00606844 -0.00104428    0.402621
IMAGINARY
           0   0.00495357  -0.00873827  -0.00297002
 -0.00495357            0  7.93888e-06  -0.00416789
  0.00873827 -7.93888e-06            0  -0.00358704
  0.00297002   0.00416789   0.00358704            0
Repeater1[0]<--->HoM1[0]
REAL
    0.394477  -0.00456392  -0.00363178     0.110234
 -0.00456392     0.107558  -0.00769325 -0.000300465
 -0.00363178  -0.00769325    0.0994186  0.000631677
    0.110234 -0.000300465  0.000631677     0.398547
IMAGINARY
          0 -0.00385663  0.00404629 -0.00703008
 0.00385663           0  0.00370078  0.00131405
-0.00404629 -0.00370078           0  0.00713239
 0.00703008 -0.00131405 -0.00713239           0
EndNode1[0]<--->Repeater1[0]
REAL
    0.39934  0.00710763 -0.00209007   0.0947402
 0.00710763     0.09961  0.00214763  0.00120927
-0.00209007  0.00214763     0.10171  0.00111316
  0.0947402  0.00120927  0.00111316     0.39934
IMAGINARY
           0  -0.00321974  -0.00266221 -0.000762013
  0.00321974            0  -0.00433557   0.00434571
  0.00266221   0.00433557            0   0.00367888
 0.000762013  -0.00434571  -0.00367888            0
EndNode2[0]<--->HoM1[0]
REAL
   0.402258 -0.00814235  0.00533134   0.0987702
-0.00814235    0.107546  0.00847126 -0.00180265
 0.00533134  0.00847126    0.104278 -0.00428478
  0.0987702 -0.00180265 -0.00428478    0.385918
IMAGINARY
          0 -0.00350222  0.00183843  0.00320649
 0.00350222           0 -0.00112316 -0.00366882
-0.00183843  0.00112316           0 -0.00290413
-0.00320649  0.00366882  0.00290413           0
Repeater1[0]<--->EndNode1[0]
REAL
    0.39934 -0.00209007  0.00710763   0.0947402
-0.00209007     0.10171  0.00214763  0.00111316
 0.00710763  0.00214763     0.09961  0.00120927
  0.0947402  0.00111316  0.00120927     0.39934
IMAGINARY
           0  -0.00266221  -0.00321974 -0.000762013
  0.00266221            0   0.00433557   0.00367888
  0.00321974  -0.00433557            0   0.00434571
 0.000762013  -0.00367888  -0.00434571            0
Repeater1[0]<--->HoM1[0]
REAL
   0.402258  0.00533134 -0.00814235   0.0987702
 0.00533134    0.104278  0.00847126 -0.00428478
-0.00814235  0.00847126    0.107546 -0.00180265
  0.0987702 -0.00428478 -0.00180265    0.385918
IMAGINARY
          0  0.00183843 -0.00350222  0.00320649
-0.00183843           0  0.00112316 -0.00290413
 0.00350222 -0.00112316           0 -0.00366882
-0.00320649  0.00290413  0.00366882           0
EndNode1[0]<--->Repeater1[0]
REAL
   0.395953 -0.00509446  0.00430261    0.104869
-0.00509446   0.0975536 -0.00299737  0.00369618
 0.00430261 -0.00299737    0.104802 0.000717761
   0.104869  0.00369618 0.000717761    0.401691
IMAGINARY
           0 -3.69709e-05    0.0114542    0.0070951
 3.69709e-05            0   -0.0057409  -0.00250208
  -0.0114542    0.0057409            0   -0.0118503
  -0.0070951   0.00250208    0.0118503            0
EndNode2[0]<--->HoM1[0]
REAL
        0.4  0.00202944  0.00904275    0.100713
 0.00202944   0.0954345  0.00489191 -0.00432299
 0.00904275  0.00489191   0.0980854 -0.00527428
   0.100713 -0.00432299 -0.00527428     0.40648
IMAGINARY
           0   0.00648102  -0.00300116 -0.000102191
 -0.00648102            0   -0.0027968  -0.00684959
  0.00300116    0.0027968            0  -0.00080938
 0.000102191   0.00684959   0.00080938            0
Repeater1[0]<--->EndNode1[0]
REAL
   0.395953  0.00430261 -0.00509446    0.104869
 0.00430261    0.104802 -0.00299737 0.000717761
-0.00509446 -0.00299737   0.0975536  0.00369618
   0.104869 0.000717761  0.00369618    0.401691
IMAGINARY
           0    0.0114542 -3.69709e-05    0.0070951
  -0.0114542            0    0.0057409   -0.0118503
 3.69709e-05   -0.0057409            0  -0.00250208
  -0.0070951    0.0118503   0.00250208            0
Repeater1[0]<--->HoM1[0]
REAL
        0.4  0.00904275  0.00202944    0.100713
 0.00904275   0.0980854  0.00489191 -0.00527428
 0.00202944  0.00489191   0.0954345 -0.00432299
   0.100713 -0.00527428 -0.00432299     0.40648
IMAGINARY
           0  -0.00300116   0.00648102 -0.000102191
  0.00300116            0    0.0027968  -0.00080938
 -0.00648102   -0.0027968            0  -0.00684959
 0.000102191   0.00080938   0.00684959            0
EndNode1[0]<--->Repeater1[0]
REAL
   0.400732 -0.00721018 -0.00703018    0.102215
-0.00721018    0.107655  0.00817047 -0.00246536
-0.00703018  0.00817047     0.10857   0.0015722
   0.102215 -0.00246536   0.0015722    0.383044
IMAGINARY
           0 -0.000227809   0.00369917  -0.00963401
 0.000227809            0   0.00754446  -0.00605766
 -0.00369917  -0.00754446            0    0.0111358
  0.00963401   0.00605766   -0.0111358            0
EndNode2[0]<--->HoM1[0]
REAL
    0.407095   0.00757674 -0.000107358    0.0975286
  0.00757674     0.100611    0.0120729   0.00856146
-0.000107358    0.0120729    0.0985752  -0.00184003
   0.0975286   0.00856146  -0.00184003     0.393719
IMAGINARY
           0   0.00713776   0.00542124   0.00205187
 -0.00713776            0     -0.01004 -0.000665184
 -0.00542124      0.01004            0 -0.000540647
 -0.00205187  0.000665184  0.000540647            0
Repeater1[0]<--->EndNode1[0]
REAL
   0.400732 -0.00703018 -0.00721018    0.102215
-0.00703018     0.10857  0.00817047   0.0015722
-0.00721018  0.00817047    0.107655 -0.00246536
   0.102215   0.0015722 -0.00246536    0.383044
IMAGINARY
           0   0.00369917 -0.000227809  -0.00963401
 -0.00369917            0  -0.00754446    0.0111358
 0.000227809   0.00754446            0  -0.00605766
  0.00963401   -0.0111358   0.00605766            0
Repeater1[0]<--->HoM1[0]
REAL
    0.407095 -0.000107358   0.00757674    0.0975286
-0.000107358    0.0985752    0.0120729  -0.00184003
  0.00757674    0.0120729     0.100611   0.00856146
   0.0975286  -0.00184003   0.00856146     0.393719
IMAGINARY
           0   0.00542124   0.00713776   0.00205187
 -0.00542124            0      0.01004 -0.000540647
 -0.00713776     -0.01004            0 -0.000665184
 -0.00205187  0.000540647  0.000665184            0
EndNode1[0]<--->Repeater1[0]
REAL
   0.380545 -0.00304438 -0.00301102    0.102198
-0.00304438    0.107678  0.00129748    0.003471
-0.00301102  0.00129748    0.107984 -0.00906847
   0.102198    0.003471 -0.00906847    0.403793
IMAGINARY
          0 -0.00741207  0.00822335 -0.00128565
 0.00741207           0 -0.00619894 -0.00161675
-0.00822335  0.00619894           0  -0.0133087
 0.00128565  0.00161675   0.0133087           0
EndNode2[0]<--->HoM1[0]
REAL
    0.396552  -0.00994553   0.00501728     0.100846
 -0.00994553     0.107759 -0.000366468   0.00681261
  0.00501728 -0.000366468    0.0985222   0.00680088
    0.100846   0.00681261   0.00680088     0.397167
IMAGINARY
           0   -0.0101031    0.0013033   0.00722702
   0.0101031            0 -0.000501874  -0.00312148
  -0.0013033  0.000501874            0  -0.00626051
 -0.00722702   0.00312148   0.00626051            0
Repeater1[0]<--->EndNode1[0]
REAL
   0.380545 -0.00301102 -0.00304438    0.102198
-0.00301102    0.107984  0.00129748 -0.00906847
-0.00304438  0.00129748    0.107678    0.003471
   0.102198 -0.00906847    0.003471    0.403793
IMAGINARY
          0  0.00822335 -0.00741207 -0.00128565
-0.00822335           0  0.00619894  -0.0133087
 0.00741207 -0.00619894           0 -0.00161675
 0.00128565   0.0133087  0.00161675           0
Repeater1[0]<--->HoM1[0]
REAL
    0.396552   0.00501728  -0.00994553     0.100846
  0.00501728    0.0985222 -0.000366468   0.00680088
 -0.00994553 -0.000366468     0.107759   0.00681261
    0.100846   0.00680088   0.00681261     0.397167
IMAGINARY
           0    0.0013033   -0.0101031   0.00722702
  -0.0013033            0  0.000501874  -0.00626051
   0.0101031 -0.000501874            0  -0.00312148
 -0.00722702   0.00626051   0.00312148            0
EndNode1[0]<--->Repeater1[0]
REAL
   0.407914 0.000774208  0.00595467    0.102014
0.000774208    0.105623  0.00378101 -0.00882217
 0.00595467  0.00378101     0.10116  0.00541354
   0.102014 -0.00882217  0.00541354    0.385302
IMAGINARY
           0    0.0161726  0.000210355  -0.00120965
  -0.0161726            0   0.00151268    -0.012242
-0.000210355  -0.00151268            0   0.00652007
  0.00120965     0.012242  -0.00652007            0
EndNode2[0]<--->HoM1[0]
REAL
   0.400826  0.00446112 -0.00699246    0.103155
 0.00446112    0.106848  0.00967058 -0.00177947
-0.00699246  0.00967058    0.103601 -0.00355368
   0.103155 -0.00177947 -0.00355368    0.388725
IMAGINARY
           0  1.29149e-05   -0.0133542  -0.00283647
-1.29149e-05            0    0.0116715  -0.00675151
   0.0133542   -0.0116715            0   0.00336249
  0.00283647   0.00675151  -0.00336249            0
Repeater1[0]<--->EndNode1[0]
REAL
   0.407914  0.00595467 0.000774208    0.102014
 0.00595467     0.10116  0.00378101  0.00541354
0.000774208  0.00378101    0.105623 -0.00882217
   0.102014  0.00541354 -0.00882217    0.385302
IMAGINARY
           0  0.000210355    0.0161726  -0.00120965
-0.000210355            0  -0.00151268   0.00652007
  -0.0161726   0.00151268            0    -0.012242
  0.00120965  -0.00652007     0.012242            0
Repeater1[0]<--->HoM1[0]
REAL
   0.400826 -0.00699246  0.00446112    0.103155
-0.00699246    0.103601  0.00967058 -0.00355368
 0.00446112  0.00967058    0.106848 -0.00177947
   0.103155 -0.00355368 -0.00177947    0.388725
IMAGINARY
           0   -0.0133542  1.29149e-05  -0.00283647
   0.0133542            0   -0.0116715   0.00336249
-1.29149e-05    0.0116715            0  -0.00675151
  0.00283647  -0.00336249   0.00675151            0
EndNode1[0]<--->Repeater1[0]
REAL
   0.409898  0.00739847  0.00646496    0.099637
 0.00739847    0.104803  0.00870137  0.00236036
 0.00646496  0.00870137    0.101892 -0.00252933
   0.099637  0.00236036 -0.00252933    0.383406
IMAGINARY
          0 -0.00942662 -0.00735183 -0.00687117
 0.00942662           0 -0.00480016  0.00355066
 0.00735183  0.00480016           0  0.00474826
 0.00687117 -0.00355066 -0.00474826           0
EndNode2[0]<--->HoM1[0]
REAL
    0.388593  -0.00195676   0.00243645    0.0951534
 -0.00195676    0.0924941   0.00331055 -0.000132302
  0.00243645   0.00331055     0.110816   0.00641144
   0.0951534 -0.000132302   0.00641144     0.408097
IMAGINARY
           0  0.000565233   0.00496262  -0.00112017
-0.000565233            0  -0.00503819  -0.00719543
 -0.00496262   0.00503819            0   0.00732402
  0.00112017   0.00719543  -0.00732402            0
Repeater1[0]<--->EndNode1[0]
REAL
   0.409898  0.00646496  0.00739847    0.099637
 0.00646496    0.101892  0.00870137 -0.00252933
 0.00739847  0.00870137    0.104803  0.00236036
   0.099637 -0.00252933  0.00236036    0.383406
IMAGINARY
          0 -0.00735183 -0.00942662 -0.00687117
 0.00735183           0  0.00480016  0.00474826
 0.00942662 -0.00480016           0  0.00355066
 0.00687117 -0.00474826 -0.00355066           0
Repeater1[0]<--->HoM1[0]
REAL
    0.388593   0.00243645  -0.00195676    0.0951534
  0.00243645     0.110816   0.00331055   0.00641144
 -0.00195676   0.00331055    0.0924941 -0.000132302
   0.0951534   0.00641144 -0.000132302     0.408097
IMAGINARY
           0   0.00496262  0.000565233  -0.00112017
 -0.00496262            0   0.00503819   0.00732402
-0.000565233  -0.00503819            0  -0.00719543
  0.00112017  -0.00732402   0.00719543            0
EndNode1[0]<--->Repeater1[0]
REAL
    0.389373  -0.00313641  0.000435667     0.103543
 -0.00313641    0.0984689   0.00270301  0.000731875
 0.000435667   0.00270301     0.104473 -0.000658099
    0.103543  0.000731875 -0.000658099     0.407685
IMAGINARY
           0  0.000744048    0.0104112  -0.00712765
-0.000744048            0   0.00727939   0.00519507
  -0.0104112  -0.00727939            0 -0.000744048
  0.00712765  -0.00519507  0.000744048            0
EndNode2[0]<--->HoM1[0]
REAL
   0.408831 -0.00555975  0.00323103    0.105165
-0.00555975   0.0985281 -0.00238415  -0.0071609
 0.00323103 -0.00238415     0.10003 -0.00139309
   0.105165  -0.0071609 -0.00139309     0.39261
IMAGINARY
          0  0.00629751 -0.00268672 -0.00804468
-0.00629751           0  -0.0024067  -0.0048028
 0.00268672   0.0024067           0  0.00418781
 0.00804468   0.0048028 -0.00418781           0
Repeater1[0]<--->EndNode1[0]
REAL
    0.389373  0.000435667  -0.00313641     0.103543
 0.000435667     0.104473   0.00270301 -0.000658099
 -0.00313641   0.00270301    0.0984689  0.000731875
    0.103543 -0.000658099  0.000731875     0.407685
IMAGINARY
           0    0.0104112  0.000744048  -0.00712765
  -0.0104112            0  -0.00727939 -0.000744048
-0.000744048   0.00727939            0   0.00519507
  0.00712765  0.000744048  -0.00519507            0
Repeater1[0]<--->HoM1[0]
REAL
   0.408831  0.00323103 -0.00555975    0.105165
 0.00323103     0.10003 -0.00238415 -0.00139309
-0.00555975 -0.00238415   0.0985281  -0.0071609
   0.105165 -0.00139309  -0.0071609     0.39261
IMAGINARY
          0 -0.00268672  0.00629751 -0.00804468
 0.00268672           0   0.0024067  0.00418781
-0.00629751  -0.0024067           0  -0.0048028
 0.00804468 -0.00418781   0.0048028           0
EndNode1[0]<--->Repeater1[0]
REAL
    0.393232   0.00115316   0.00837215      0.11142
  0.00115316     0.102725   0.00132673 -2.61708e-05
  0.00837215   0.00132673     0.107817  -0.00373283
     0.11142 -2.61708e-05  -0.00373283     0.396226
IMAGINARY
          0  0.00795106  0.00385353 -0.00597516
-0.00795106           0  0.00447994 -0.00250177
-0.00385353 -0.00447994           0  0.00451515
 0.00597516  0.00250177 -0.00451515           0
EndNode2[0]<--->HoM1[0]
REAL
   0.395446  0.00790541  0.00705263   0.0985312
 0.00790541   0.0934691 -0.00027658  0.00122303
 0.00705263 -0.00027658    0.109946   0.0090973
  0.0985312  0.00122303   0.0090973    0.401138
IMAGINARY
           0  -0.00451195  0.000317573  -0.00890923
  0.00451195            0  -0.00421653  -0.00136079
-0.000317573   0.00421653            0   0.00555517
  0.00890923   0.00136079  -0.00555517            0
Repeater1[0]<--->EndNode1[0]
REAL
    0.393232   0.00837215   0.00115316      0.11142
  0.00837215     0.107817   0.00132673  -0.00373283
  0.00115316   0.00132673     0.102725 -2.61708e-05
     0.11142  -0.00373283 -2.61708e-05     0.396226
IMAGINARY
          0  0.00385353  0.00795106 -0.00597516
-0.00385353           0 -0.00447994  0.00451515
-0.00795106  0.00447994           0 -0.00250177
 0.00597516 -0.00451515  0.00250177           0
Repeater1[0]<--->HoM1[0]
REAL
   0.395446  0.00705263  0.00790541   0.0985312
 0.00705263    0.109946 -0.00027658   0.0090973
 0.00790541 -0.00027658   0.0934691  0.00122303
  0.0985312   0.0090973  0.00122303    0.401138
IMAGINARY
           0  0.000317573  -0.00451195  -0.00890923
-0.000317573            0   0.00421653   0.00555517
  0.00451195  -0.00421653            0  -0.00136079
  0.00890923  -0.00555517   0.00136079            0
EndNode1[0]<--->Repeater1[0]
REAL
     0.38698  -0.00304619 -0.000419604    0.0988021
 -0.00304619     0.102773   0.00840404  -0.00194307
-0.000419604   0.00840404    0.0937312  -0.00699516
   0.0988021  -0.00194307  -0.00699516     0.416516
IMAGINARY
          0 -0.00242837 -0.00692622 -0.00637204
 0.00242837           0 -0.00355389  0.00100097
 0.00692622  0.00355389           0 -0.00380074
 0.00637204 -0.00100097  0.00380074           0
EndNode2[0]<--->HoM1[0]
REAL
   0.402501  0.00304938 -0.00826172    0.099971
 0.00304938    0.100625 -0.00175672 -0.00751209
-0.00826172 -0.00175672    0.101816 -0.00572795
   0.099971 -0.00751209 -0.00572795    0.395058
IMAGINARY
           0   0.00320226 -0.000109267   -0.0096324
 -0.00320226            0  0.000760215   -0.0036143
 0.000109267 -0.000760215            0   0.00320226
   0.0096324    0.0036143  -0.00320226            0
Repeater1[0]<--->EndNode1[0]
REAL
     0.38698 -0.000419604  -0.00304619    0.0988021
-0.000419604    0.0937312   0.00840404  -0.00699516
 -0.00304619   0.00840404     0.102773  -0.00194307
   0.0988021  -0.00699516  -0.00194307     0.416516
IMAGINARY
          0 -0.00692622 -0.00242837 -0.00637204
 0.00692622           0  0.00355389 -0.00380074
 0.00242837 -0.00355389           0  0.00100097
 0.00637204  0.00380074 -0.00100097           0
Repeater1[0]<--->HoM1[0]
REAL
   0.402501 -0.00826172  0.00304938    0.099971
-0.00826172    0.101816 -0.00175672 -0.00572795
 0.00304938 -0.00175672    0.100625 -0.00751209
   0.099971 -0.00572795 -0.00751209    0.395058
IMAGINARY
           0 -0.000109267   0.00320226   -0.0096324
 0.000109267            0 -0.000760215   0.00320226
 -0.00320226  0.000760215            0   -0.0036143
   0.0096324  -0.00320226    0.0036143            0
EndNode1[0]<--->Repeater1[0]
REAL
    0.392198  -0.00851037  -0.00551792     0.105442
 -0.00851037    0.0997883   0.00783763   0.00413459
 -0.00551792   0.00783763     0.109162 -0.000250778
    0.105442   0.00413459 -0.000250778     0.398851
IMAGINARY
           0    0.0110873  -0.00321232   0.00105011
  -0.0110873            0  -0.00420042    0.0106973
  0.00321232   0.00420042            0  0.000589373
 -0.00105011   -0.0106973 -0.000589373            0
EndNode2[0]<--->HoM1[0]
REAL
    0.388589   0.00416673  -0.00090292     0.108376
  0.00416673     0.107508  0.000556128 -0.000605831
 -0.00090292  0.000556128    0.0954955   0.00820502
    0.108376 -0.000605831   0.00820502     0.408408
IMAGINARY
          0  0.00955025  0.00307988  0.00638559
-0.00955025           0   0.0111054  0.00218328
-0.00307988  -0.0111054           0 -0.00879837
-0.00638559 -0.00218328  0.00879837           0
Repeater1[0]<--->EndNode1[0]
REAL
    0.392198  -0.00551792  -0.00851037     0.105442
 -0.00551792     0.109162   0.00783763 -0.000250778
 -0.00851037   0.00783763    0.0997883   0.00413459
    0.105442 -0.000250778   0.00413459     0.398851
IMAGINARY
           0  -0.00321232    0.0110873   0.00105011
  0.00321232            0   0.00420042  0.000589373
  -0.0110873  -0.00420042            0    0.0106973
 -0.00105011 -0.000589373   -0.0106973            0
Repeater1[0]<--->HoM1[0]
REAL
    0.388589  -0.00090292   0.00416673     0.108376
 -0.00090292    0.0954955  0.000556128   0.00820502
  0.00416673  0.000556128     0.107508 -0.000605831
    0.108376   0.00820502 -0.000605831     0.408408
IMAGINARY
          0  0.00307988  0.00955025  0.00638559
-0.00307988           0  -0.0111054 -0.00879837
-0.00955025   0.0111054           0  0.00218328
-0.00638559  0.00879837 -0.00218328           0
EndNode1[0]<--->Repeater1[0]
REAL
   0.397737   0.0014354 -0.00386677    0.101024
  0.0014354    0.106579 -0.00966028   -0.016784
-0.00386677 -0.00966028   0.0955642  0.00357085
   0.101024   -0.016784  0.00357085    0.400119
IMAGINARY
           0 -0.000421581   0.00483144  -0.00648427
 0.000421581            0 -0.000102555    0.0116975
 -0.00483144  0.000102555            0  -0.00400581
  0.00648427   -0.0116975   0.00400581            0
EndNode2[0]<--->HoM1[0]
REAL
    0.40391   0.0057002  0.00889538    0.113994
  0.0057002    0.103158  0.00268304 -0.00319652
 0.00889538  0.00268304    0.104361  0.00599746
   0.113994 -0.00319652  0.00599746    0.388571
IMAGINARY
           0  -0.00292543 -0.000647182  -0.00522799
  0.00292543            0    0.0049266  -0.00952637
 0.000647182   -0.0049266            0    0.0127998
  0.00522799   0.00952637   -0.0127998            0
Repeater1[0]<--->EndNode1[0]
REAL
   0.397737 -0.00386677   0.0014354    0.101024
-0.00386677   0.0955642 -0.00966028  0.00357085
  0.0014354 -0.00966028    0.106579   -0.016784
   0.101024  0.00357085   -0.016784    0.400119
IMAGINARY
           0   0.00483144 -0.000421581  -0.00648427
 -0.00483144            0  0.000102555  -0.00400581
 0.000421581 -0.000102555            0    0.0116975
  0.00648427   0.00400581   -0.0116975            0
Repeater1[0]<--->HoM1[0]
REAL
    0.40391  0.00889538   0.0057002    0.113994
 0.00889538    0.104361  0.00268304  0.00599746
  0.0057002  0.00268304    0.103158 -0.00319652
   0.113994  0.00599746 -0.00319652    0.388571
IMAGINARY
           0 -0.000647182  -0.00292543  -0.00522799
 0.000647182            0   -0.0049266    0.0127998
  0.00292543    0.0049266            0  -0.00952637
  0.00522799   -0.0127998   0.00952637            0
EndNode1[0]<--->Repeater1[0]
REAL
   0.398162 -0.00397275  0.00504435    0.101731
-0.00397275    0.108729  0.00428587 -0.00489972
 0.00504435  0.00428587    0.105972  0.00643153
   0.101731 -0.00489972  0.00643153    0.387136
IMAGINARY
          0   0.0130171 -0.00304974 -0.00337257
 -0.0130171           0 -0.00775191 -0.00467456
 0.00304974  0.00775191           0   0.0021344
 0.00337257  0.00467456  -0.0021344           0
EndNode2[0]<--->HoM1[0]
REAL
    0.39886 0.000951703  0.00205373   0.0986761
0.000951703   0.0945378 -0.00344506 -0.00867722
 0.00205373 -0.00344506    0.109844  0.00155051
  0.0986761 -0.00867722  0.00155051    0.396759
IMAGINARY
          0  0.00410001  0.00333333  0.00339541
-0.00410001           0  -0.0155619 -0.00333333
-0.00333333   0.0155619           0  -0.0110697
-0.00339541  0.00333333   0.0110697           0
Repeater1[0]<--->EndNode1[0]
REAL
   0.398162  0.00504435 -0.00397275    0.101731
 0.00504435    0.105972  0.00428587  0.00643153
-0.00397275  0.00428587    0.108729 -0.00489972
   0.101731  0.00643153 -0.00489972    0.387136
IMAGINARY
          0 -0.00304974   0.0130171 -0.00337257
 0.00304974           0  0.00775191   0.0021344
 -0.0130171 -0.00775191           0 -0.00467456
 0.00337257  -0.0021344  0.00467456           0
Repeater1[0]<--->HoM1[0]
REAL
    0.39886  0.00205373 0.000951703   0.0986761
 0.00205373    0.109844 -0.00344506  0.00155051
0.000951703 -0.00344506   0.0945378 -0.00867722
  0.0986761  0.00155051 -0.00867722    0.396759
IMAGINARY
          0  0.00333333  0.00410001  0.00339541
-0.00333333           0   0.0155619  -0.0110697
-0.00410001  -0.0155619           0 -0.00333333
-0.00339541   0.0110697  0.00333333           0
EndNode1[0]<--->Repeater1[0]
REAL
   0.403546  0.00429002   0.0112117    0.108141
 0.00429002    0.104861 -0.00532277 -0.00611579
  0.0112117 -0.00532277   0.0944665 -0.00728762
   0.108141 -0.00611579 -0.00728762    0.397126
IMAGINARY
           0   -0.0123448    0.0146263   0.00401439
   0.0123448            0    0.0114994 -0.000157839
  -0.0146263   -0.0114994            0  0.000617672
 -0.00401439  0.000157839 -0.000617672            0
EndNode2[0]<--->HoM1[0]
REAL
    0.400548    0.0068921   0.00934764     0.105304
   0.0068921      0.10265 -0.000282915   0.00963583
  0.00934764 -0.000282915      0.10265    0.0071924
    0.105304   0.00963583    0.0071924     0.394152
IMAGINARY
           0   0.00400423 -6.41589e-05  -0.00444456
 -0.00400423            0    0.0139411    0.0020167
 6.41589e-05   -0.0139411            0 -0.000850134
  0.00444456   -0.0020167  0.000850134            0
Repeater1[0]<--->EndNode1[0]
REAL
   0.403546   0.0112117  0.00429002    0.108141
  0.0112117   0.0944665 -0.00532277 -0.00728762
 0.00429002 -0.00532277    0.104861 -0.00611579
   0.108141 -0.00728762 -0.00611579    0.397126
IMAGINARY
           0    0.0146263   -0.0123448   0.00401439
  -0.0146263            0   -0.0114994  0.000617672
   0.0123448    0.0114994            0 -0.000157839
 -0.00401439 -0.000617672  0.000157839            0
Repeater1[0]<--->HoM1[0]
REAL
    0.400548   0.00934764    0.0068921     0.105304
  0.00934764      0.10265 -0.000282915    0.0071924
   0.0068921 -0.000282915      0.10265   0.00963583
    0.105304    0.0071924   0.00963583     0.394152
IMAGINARY
           0 -6.41589e-05   0.00400423  -0.00444456
 6.41589e-05            0   -0.0139411 -0.000850134
 -0.00400423    0.0139411            0    0.0020167
  0.00444456  0.000850134   -0.0020167            0
EndNode1[0]<--->Repeater1[0]
REAL
    0.399518  -0.00276163 -0.000570962     0.107601
 -0.00276163    0.0973185 -0.000523107  -0.00759601
-0.000570962 -0.000523107    0.0979211   0.00276163
    0.107601  -0.00759601   0.00276163     0.405243
IMAGINARY
          0  0.00171621 -0.00026622  0.00795162
-0.00171621           0  0.00824643 -0.00630487
 0.00026622 -0.00824643           0  0.00246539
-0.00795162  0.00630487 -0.00246539           0
EndNode2[0]<--->HoM1[0]
REAL
   0.410191  0.00479465 -0.00573293   0.0989786
 0.00479465   0.0950754  0.00429521 0.000673411
-0.00573293  0.00429521     0.10817 0.000562489
  0.0989786 0.000673411 0.000562489    0.386564
IMAGINARY
          0 -0.00205307 -0.00677674 -0.00230588
 0.00205307           0   0.0161905    0.010361
 0.00677674  -0.0161905           0  0.00474124
 0.00230588   -0.010361 -0.00474124           0
Repeater1[0]<--->EndNode1[0]
REAL
    0.399518 -0.000570962  -0.00276163     0.107601
-0.000570962    0.0979211 -0.000523107   0.00276163
 -0.00276163 -0.000523107    0.0973185  -0.00759601
    0.107601   0.00276163  -0.00759601     0.405243
IMAGINARY
          0 -0.00026622  0.00171621  0.00795162
 0.00026622           0 -0.00824643  0.00246539
-0.00171621  0.00824643           0 -0.00630487
-0.00795162 -0.00246539  0.00630487           0
Repeater1[0]<--->HoM1[0]
REAL
   0.410191 -0.00573293  0.00479465   0.0989786
-0.00573293     0.10817  0.00429521 0.000562489
 0.00479465  0.00429521   0.0950754 0.000673411
  0.0989786 0.000562489 0.000673411    0.386564
IMAGINARY
          0 -0.00677674 -0.00205307 -0.00230588
 0.00677674           0  -0.0161905  0.00474124
 0.00205307   0.0161905           0    0.010361
 0.00230588 -0.00474124   -0.010361           0
EndNode1[0]<--->Repeater1[0]
REAL
   0.392181 -0.00996169  0.00106433    0.107585
-0.00996169    0.110874 -0.00223573 -0.00715646
 0.00106433 -0.00223573    0.103238   0.0020865
   0.107585 -0.00715646   0.0020865    0.393708
IMAGINARY
          0 -0.00631122   0.0105356  0.00468616
 0.00631122           0  0.00438239  0.00196076
 -0.0105356 -0.00438239           0  -0.0070672
-0.00468616 -0.00196076   0.0070672           0
EndNode2[0]<--->HoM1[0]
REAL
   0.390648  0.00155084  0.00274593    0.111885
 0.00155084    0.102527 -0.00168448  0.00393288
 0.00274593 -0.00168448    0.100784  0.00998529
   0.111885  0.00393288  0.00998529    0.406041
IMAGINARY
           0   -0.0036265  -0.00755292    0.0051537
   0.0036265            0   0.00174602  -0.00572142
  0.00755292  -0.00174602            0 -0.000798278
  -0.0051537   0.00572142  0.000798278            0
Repeater1[0]<--->EndNode1[0]
REAL
   0.392181  0.00106433 -0.00996169    0.107585
 0.00106433    0.103238 -0.00223573   0.0020865
-0.00996169 -0.00223573    0.110874 -0.00715646
   0.107585   0.0020865 -0.00715646    0.393708
IMAGINARY
          0   0.0105356 -0.00631122  0.00468616
 -0.0105356           0 -0.00438239  -0.0070672
 0.00631122  0.00438239           0  0.00196076
-0.00468616   0.0070672 -0.00196076           0
