EndNode1[0]<--->Repeater1[0]
REAL
   0.337036   0.0150592  0.00683471    0.215259
  0.0150592    0.144695  0.00320175 0.000770424
 0.00683471  0.00320175    0.152295 0.000300172
   0.215259 0.000770424 0.000300172    0.365975
IMAGINARY
           0   0.00279988  0.000842065  -0.00480343
 -0.00279988            0  -0.00480343 -0.000542125
-0.000842065   0.00480343            0  -0.00309982
  0.00480343  0.000542125   0.00309982            0
EndNode2[0]<--->HoM1[0]
REAL
    0.35251 0.000892105  -0.0114085     0.20374
0.000892105     0.13531  0.00408188 -0.00821991
 -0.0114085  0.00408188    0.148224  -0.0106314
    0.20374 -0.00821991  -0.0106314    0.363957
IMAGINARY
           0   0.00202542   0.00654566   0.00440863
 -0.00202542            0  0.000186681  -0.00141027
 -0.00654566 -0.000186681            0 -2.38927e-06
 -0.00440863   0.00141027  2.38927e-06            0
Repeater1[0]<--->EndNode1[0]
REAL
   0.337036  0.00683471   0.0150592    0.215259
 0.00683471    0.152295  0.00320175 0.000300172
  0.0150592  0.00320175    0.144695 0.000770424
   0.215259 0.000300172 0.000770424    0.365975
IMAGINARY
           0  0.000842065   0.00279988  -0.00480343
-0.000842065            0   0.00480343  -0.00309982
 -0.00279988  -0.00480343            0 -0.000542125
  0.00480343   0.00309982  0.000542125            0
Repeater1[0]<--->HoM1[0]
REAL
    0.35251  -0.0114085 0.000892105     0.20374
 -0.0114085    0.148224  0.00408188  -0.0106314
0.000892105  0.00408188     0.13531 -0.00821991
    0.20374  -0.0106314 -0.00821991    0.363957
IMAGINARY
           0   0.00654566   0.00202542   0.00440863
 -0.00654566            0 -0.000186681 -2.38927e-06
 -0.00202542  0.000186681            0  -0.00141027
 -0.00440863  2.38927e-06   0.00141027            0
EndNode1[0]<--->Repeater1[0]
REAL
   0.350046  0.00749763  0.00223741     0.22023
 0.00749763    0.147356  0.00162986  0.00635264
 0.00223741  0.00162986    0.142158 0.000203792
    0.22023  0.00635264 0.000203792     0.36044
IMAGINARY
           0   0.00309023 -0.000257083 -0.000603085
 -0.00309023            0  -0.00164444  -0.00961134
 0.000257083   0.00164444            0  -0.00309023
 0.000603085   0.00961134   0.00309023            0
EndNode2[0]<--->HoM1[0]
REAL
    0.354976  -0.00121151  -0.00733703     0.216599
 -0.00121151     0.147755 -3.76388e-05  -0.00092868
 -0.00733703 -3.76388e-05      0.14017  -0.00254563
    0.216599  -0.00092868  -0.00254563       0.3571
IMAGINARY
           0   -0.0101587   0.00514771  -0.00174171
   0.0101587            0  0.000530326   0.00712039
 -0.00514771 -0.000530326            0  -0.00121177
  0.00174171  -0.00712039   0.00121177            0
Repeater1[0]<--->EndNode1[0]
REAL
   0.350046  0.00223741  0.00749763     0.22023
 0.00223741    0.142158  0.00162986 0.000203792
 0.00749763  0.00162986    0.147356  0.00635264
    0.22023 0.000203792  0.00635264     0.36044
IMAGINARY
           0 -0.000257083   0.00309023 -0.000603085
 0.000257083            0   0.00164444  -0.00309023
 -0.00309023  -0.00164444            0  -0.00961134
 0.000603085   0.00309023   0.00961134            0
Repeater1[0]<--->HoM1[0]
REAL
    0.354976  -0.00733703  -0.00121151     0.216599
 -0.00733703      0.14017 -3.76388e-05  -0.00254563
 -0.00121151 -3.76388e-05     0.147755  -0.00092868
    0.216599  -0.00254563  -0.00092868       0.3571
IMAGINARY
           0   0.00514771   -0.0101587  -0.00174171
 -0.00514771            0 -0.000530326  -0.00121177
   0.0101587  0.000530326            0   0.00712039
  0.00174171   0.00121177  -0.00712039            0
EndNode1[0]<--->Repeater1[0]
REAL
    0.345135  0.000301164 -0.000993624     0.221645
 0.000301164     0.141625  -0.00402384   0.00441828
-0.000993624  -0.00402384     0.148468  -0.00652781
    0.221645   0.00441828  -0.00652781     0.364772
IMAGINARY
          0 -0.00208616  0.00295936 -0.00609901
 0.00208616           0  0.00432386 -0.00782554
-0.00295936 -0.00432386           0  0.00756062
 0.00609901  0.00782554 -0.00756062           0
EndNode2[0]<--->HoM1[0]
REAL
   0.363746  0.00937975 -0.00148879    0.216728
 0.00937975    0.140921  0.00586005 -0.00270534
-0.00148879  0.00586005    0.142126  -0.0117764
   0.216728 -0.00270534  -0.0117764    0.353207
IMAGINARY
           0   -0.0071138  0.000952001    0.0106251
   0.0071138            0 -0.000731694     0.003478
-0.000952001  0.000731694            0   0.00238846
  -0.0106251    -0.003478  -0.00238846            0
Repeater1[0]<--->EndNode1[0]
REAL
    0.345135 -0.000993624  0.000301164     0.221645
-0.000993624     0.148468  -0.00402384  -0.00652781
 0.000301164  -0.00402384     0.141625   0.00441828
    0.221645  -0.00652781   0.00441828     0.364772
IMAGINARY
          0  0.00295936 -0.00208616 -0.00609901
-0.00295936           0 -0.00432386  0.00756062
 0.00208616  0.00432386           0 -0.00782554
 0.00609901 -0.00756062  0.00782554           0
Repeater1[0]<--->HoM1[0]
REAL
   0.363746 -0.00148879  0.00937975    0.216728
-0.00148879    0.142126  0.00586005  -0.0117764
 0.00937975  0.00586005    0.140921 -0.00270534
   0.216728  -0.0117764 -0.00270534    0.353207
IMAGINARY
           0  0.000952001   -0.0071138    0.0106251
-0.000952001            0  0.000731694   0.00238846
   0.0071138 -0.000731694            0     0.003478
  -0.0106251  -0.00238846    -0.003478            0
EndNode1[0]<--->Repeater1[0]
REAL
   0.364702 -0.00142045 -0.00318921     0.21443
-0.00142045    0.151275  -0.0112122  0.00289124
-0.00318921  -0.0112122    0.141601 -0.00245321
    0.21443  0.00289124 -0.00245321    0.342422
IMAGINARY
          0  0.00493323  -0.0053759 -0.00127778
-0.00493323           0   0.0021913  0.00687022
  0.0053759  -0.0021913           0 -0.00164572
 0.00127778 -0.00687022  0.00164572           0
EndNode2[0]<--->HoM1[0]
REAL
    0.36021  0.00719727  0.00586331    0.216561
 0.00719727    0.140871 -0.00385588 -0.00541488
 0.00586331 -0.00385588    0.137782  0.00251873
   0.216561 -0.00541488  0.00251873    0.361137
IMAGINARY
           0    0.0054787   0.00503575  0.000608112
  -0.0054787            0  0.000458636  -0.00756929
 -0.00503575 -0.000458636            0  3.54616e-05
-0.000608112   0.00756929 -3.54616e-05            0
Repeater1[0]<--->EndNode1[0]
REAL
   0.364702 -0.00318921 -0.00142045     0.21443
-0.00318921    0.141601  -0.0112122 -0.00245321
-0.00142045  -0.0112122    0.151275  0.00289124
    0.21443 -0.00245321  0.00289124    0.342422
IMAGINARY
          0  -0.0053759  0.00493323 -0.00127778
  0.0053759           0  -0.0021913 -0.00164572
-0.00493323   0.0021913           0  0.00687022
 0.00127778  0.00164572 -0.00687022           0
Repeater1[0]<--->HoM1[0]
REAL
    0.36021  0.00586331  0.00719727    0.216561
 0.00586331    0.137782 -0.00385588  0.00251873
 0.00719727 -0.00385588    0.140871 -0.00541488
   0.216561  0.00251873 -0.00541488    0.361137
IMAGINARY
           0   0.00503575    0.0054787  0.000608112
 -0.00503575            0 -0.000458636  3.54616e-05
  -0.0054787  0.000458636            0  -0.00756929
-0.000608112 -3.54616e-05   0.00756929            0
EndNode1[0]<--->Repeater1[0]
REAL
   0.365728  -0.0042866 -0.00276874    0.222044
 -0.0042866      0.1429  0.00235848 -0.00446053
-0.00276874  0.00235848    0.140781   -0.012385
   0.222044 -0.00446053   -0.012385     0.35059
IMAGINARY
          0   0.0060438  0.00415083  -0.0057385
 -0.0060438           0  -0.0133744 -0.00641875
-0.00415083   0.0133744           0 -0.00710216
  0.0057385  0.00641875  0.00710216           0
EndNode2[0]<--->HoM1[0]
REAL
   0.347388  0.00446416  0.00357728    0.216457
 0.00446416    0.151237 -0.00564977 -0.00446801
 0.00357728 -0.00564977    0.146349 -0.00891784
   0.216457 -0.00446801 -0.00891784    0.355026
IMAGINARY
           0   0.00939077  -0.00783951 -0.000225568
 -0.00939077            0  -0.00634552  -0.00680979
  0.00783951   0.00634552            0   0.00141124
 0.000225568   0.00680979  -0.00141124            0
Repeater1[0]<--->EndNode1[0]
REAL
   0.365728 -0.00276874  -0.0042866    0.222044
-0.00276874    0.140781  0.00235848   -0.012385
 -0.0042866  0.00235848      0.1429 -0.00446053
   0.222044   -0.012385 -0.00446053     0.35059
IMAGINARY
          0  0.00415083   0.0060438  -0.0057385
-0.00415083           0   0.0133744 -0.00710216
 -0.0060438  -0.0133744           0 -0.00641875
  0.0057385  0.00710216  0.00641875           0
Repeater1[0]<--->HoM1[0]
REAL
   0.347388  0.00357728  0.00446416    0.216457
 0.00357728    0.146349 -0.00564977 -0.00891784
 0.00446416 -0.00564977    0.151237 -0.00446801
   0.216457 -0.00891784 -0.00446801    0.355026
IMAGINARY
           0  -0.00783951   0.00939077 -0.000225568
  0.00783951            0   0.00634552   0.00141124
 -0.00939077  -0.00634552            0  -0.00680979
 0.000225568  -0.00141124   0.00680979            0
EndNode1[0]<--->Repeater1[0]
REAL
   0.360472 -0.00223669  0.00113015    0.218723
-0.00223669    0.145133  0.00130033  -0.0158579
 0.00113015  0.00130033    0.135398 -0.00326762
   0.218723  -0.0158579 -0.00326762    0.358997
IMAGINARY
           0   0.00118382 -0.000437938 -0.000292673
 -0.00118382            0   -0.0117221  -0.00380804
 0.000437938    0.0117221            0  -0.00133023
 0.000292673   0.00380804   0.00133023            0
EndNode2[0]<--->HoM1[0]
REAL
   0.368672 -0.00652524   0.0103542    0.201428
-0.00652524    0.149196  -0.0145995 -0.00590225
  0.0103542  -0.0145995    0.123585  0.00606469
   0.201428 -0.00590225  0.00606469    0.358547
IMAGINARY
          0  0.00376622 -0.00742993 -0.00871794
-0.00376622           0 -0.00398141 -0.00907319
 0.00742993  0.00398141           0  0.00589777
 0.00871794  0.00907319 -0.00589777           0
Repeater1[0]<--->EndNode1[0]
REAL
   0.360472  0.00113015 -0.00223669    0.218723
 0.00113015    0.135398  0.00130033 -0.00326762
-0.00223669  0.00130033    0.145133  -0.0158579
   0.218723 -0.00326762  -0.0158579    0.358997
IMAGINARY
           0 -0.000437938   0.00118382 -0.000292673
 0.000437938            0    0.0117221  -0.00133023
 -0.00118382   -0.0117221            0  -0.00380804
 0.000292673   0.00133023   0.00380804            0
Repeater1[0]<--->HoM1[0]
REAL
   0.368672   0.0103542 -0.00652524    0.201428
  0.0103542    0.123585  -0.0145995  0.00606469
-0.00652524  -0.0145995    0.149196 -0.00590225
   0.201428  0.00606469 -0.00590225    0.358547
IMAGINARY
          0 -0.00742993  0.00376622 -0.00871794
 0.00742993           0  0.00398141  0.00589777
-0.00376622 -0.00398141           0 -0.00907319
 0.00871794 -0.00589777  0.00907319           0
EndNode1[0]<--->Repeater1[0]
REAL
    0.359081   0.00794635   0.00583447     0.211948
  0.00794635     0.134208  -0.00303362   0.00508123
  0.00583447  -0.00303362     0.141664 -0.000669215
    0.211948   0.00508123 -0.000669215     0.365046
IMAGINARY
          0 -0.00200826 -0.00534008   0.0033564
 0.00200826           0  -0.0128019 -0.00227259
 0.00534008   0.0128019           0 -0.00438638
 -0.0033564  0.00227259  0.00438638           0
EndNode2[0]<--->HoM1[0]
REAL
   0.357771  0.00438644 -0.00401537    0.211355
 0.00438644    0.143402 -0.00524148 -0.00476187
-0.00401537 -0.00524148    0.144282  -0.0122557
   0.211355 -0.00476187  -0.0122557    0.354545
IMAGINARY
           0   0.00536458 -0.000748951 -0.000865778
 -0.00536458            0   0.00693266 -0.000748951
 0.000748951  -0.00693266            0  -0.00626332
 0.000865778  0.000748951   0.00626332            0
Repeater1[0]<--->EndNode1[0]
REAL
    0.359081   0.00583447   0.00794635     0.211948
  0.00583447     0.141664  -0.00303362 -0.000669215
  0.00794635  -0.00303362     0.134208   0.00508123
    0.211948 -0.000669215   0.00508123     0.365046
IMAGINARY
          0 -0.00534008 -0.00200826   0.0033564
 0.00534008           0   0.0128019 -0.00438638
 0.00200826  -0.0128019           0 -0.00227259
 -0.0033564  0.00438638  0.00227259           0
Repeater1[0]<--->HoM1[0]
REAL
   0.357771 -0.00401537  0.00438644    0.211355
-0.00401537    0.144282 -0.00524148  -0.0122557
 0.00438644 -0.00524148    0.143402 -0.00476187
   0.211355  -0.0122557 -0.00476187    0.354545
IMAGINARY
           0 -0.000748951   0.00536458 -0.000865778
 0.000748951            0  -0.00693266  -0.00626332
 -0.00536458   0.00693266            0 -0.000748951
 0.000865778   0.00626332  0.000748951            0
EndNode1[0]<--->Repeater1[0]
REAL
   0.364412 -0.00451012   0.0035295    0.206157
-0.00451012    0.142353   0.0126483 -0.00796475
  0.0035295   0.0126483    0.152941 -0.00436037
   0.206157 -0.00796475 -0.00436037    0.340294
IMAGINARY
           0  -0.00221319 -0.000729073  -0.00788274
  0.00221319            0   0.00320138   0.00287237
 0.000729073  -0.00320138            0   0.00772452
  0.00788274  -0.00287237  -0.00772452            0
EndNode2[0]<--->HoM1[0]
REAL
    0.352356 -0.000794437   -0.0118626     0.223005
-0.000794437     0.141937  -0.00525585  -0.00654506
  -0.0118626  -0.00525585     0.143693  -0.00294696
    0.223005  -0.00654506  -0.00294696     0.362013
IMAGINARY
           0  -0.00370195 -0.000314924  -0.00526112
  0.00370195            0    0.0086405   -0.0017986
 0.000314924   -0.0086405            0  -0.00445023
  0.00526112    0.0017986   0.00445023            0
Repeater1[0]<--->EndNode1[0]
REAL
   0.364412   0.0035295 -0.00451012    0.206157
  0.0035295    0.152941   0.0126483 -0.00436037
-0.00451012   0.0126483    0.142353 -0.00796475
   0.206157 -0.00436037 -0.00796475    0.340294
IMAGINARY
           0 -0.000729073  -0.00221319  -0.00788274
 0.000729073            0  -0.00320138   0.00772452
  0.00221319   0.00320138            0   0.00287237
  0.00788274  -0.00772452  -0.00287237            0
Repeater1[0]<--->HoM1[0]
REAL
    0.352356   -0.0118626 -0.000794437     0.223005
  -0.0118626     0.143693  -0.00525585  -0.00294696
-0.000794437  -0.00525585     0.141937  -0.00654506
    0.223005  -0.00294696  -0.00654506     0.362013
IMAGINARY
           0 -0.000314924  -0.00370195  -0.00526112
 0.000314924            0   -0.0086405  -0.00445023
  0.00370195    0.0086405            0   -0.0017986
  0.00526112   0.00445023    0.0017986            0
EndNode1[0]<--->Repeater1[0]
REAL
   0.349596  -0.0019701   0.0116774    0.218411
 -0.0019701     0.14337 -0.00171018 -0.00249635
  0.0116774 -0.00171018    0.147261  0.00707066
   0.218411 -0.00249635  0.00707066    0.359773
IMAGINARY
          0  0.00992845  0.00268889  0.00839052
-0.00992845           0  0.00703059  -0.0155482
-0.00268889 -0.00703059           0  0.00444372
-0.00839052   0.0155482 -0.00444372           0
EndNode2[0]<--->HoM1[0]
REAL
   0.366045  -0.0078347 -0.00589939    0.214493
 -0.0078347    0.151114  0.00812224 -0.00499578
-0.00589939  0.00812224    0.141481 -0.00247154
   0.214493 -0.00499578 -0.00247154    0.341361
IMAGINARY
           0  0.000363386  -0.00812818  -0.00403082
-0.000363386            0  -0.00584351    0.0115356
  0.00812818   0.00584351            0    -0.012956
  0.00403082   -0.0115356     0.012956            0
Repeater1[0]<--->EndNode1[0]
REAL
   0.349596   0.0116774  -0.0019701    0.218411
  0.0116774    0.147261 -0.00171018  0.00707066
 -0.0019701 -0.00171018     0.14337 -0.00249635
   0.218411  0.00707066 -0.00249635    0.359773
IMAGINARY
          0  0.00268889  0.00992845  0.00839052
-0.00268889           0 -0.00703059  0.00444372
-0.00992845  0.00703059           0  -0.0155482
-0.00839052 -0.00444372   0.0155482           0
Repeater1[0]<--->HoM1[0]
REAL
   0.366045 -0.00589939  -0.0078347    0.214493
-0.00589939    0.141481  0.00812224 -0.00247154
 -0.0078347  0.00812224    0.151114 -0.00499578
   0.214493 -0.00247154 -0.00499578    0.341361
IMAGINARY
           0  -0.00812818  0.000363386  -0.00403082
  0.00812818            0   0.00584351    -0.012956
-0.000363386  -0.00584351            0    0.0115356
  0.00403082     0.012956   -0.0115356            0
EndNode1[0]<--->Repeater1[0]
REAL
   0.351589   0.0054916  0.00376636    0.219373
  0.0054916    0.136157  0.00130966 -0.00757385
 0.00376636  0.00130966    0.152799  0.00136189
   0.219373 -0.00757385  0.00136189    0.359455
IMAGINARY
           0   0.00735832   0.00290734    0.0100152
 -0.00735832            0  -0.00157127 -0.000233547
 -0.00290734   0.00157127            0   0.00333687
  -0.0100152  0.000233547  -0.00333687            0
EndNode2[0]<--->HoM1[0]
REAL
   0.348204  0.00422685 -0.00620588    0.212738
 0.00422685    0.140419  0.00245527 -0.00680865
-0.00620588  0.00245527    0.139521 -0.00483218
   0.212738 -0.00680865 -0.00483218    0.371856
IMAGINARY
           0  -0.00245862   0.00439185  -0.00342396
  0.00245862            0 -0.000547792   0.00797775
 -0.00439185  0.000547792            0   -0.0033536
  0.00342396  -0.00797775    0.0033536            0
Repeater1[0]<--->EndNode1[0]
REAL
   0.351589  0.00376636   0.0054916    0.219373
 0.00376636    0.152799  0.00130966  0.00136189
  0.0054916  0.00130966    0.136157 -0.00757385
   0.219373  0.00136189 -0.00757385    0.359455
IMAGINARY
           0   0.00290734   0.00735832    0.0100152
 -0.00290734            0   0.00157127   0.00333687
 -0.00735832  -0.00157127            0 -0.000233547
  -0.0100152  -0.00333687  0.000233547            0
Repeater1[0]<--->HoM1[0]
REAL
   0.348204 -0.00620588  0.00422685    0.212738
-0.00620588    0.139521  0.00245527 -0.00483218
 0.00422685  0.00245527    0.140419 -0.00680865
   0.212738 -0.00483218 -0.00680865    0.371856
IMAGINARY
           0   0.00439185  -0.00245862  -0.00342396
 -0.00439185            0  0.000547792   -0.0033536
  0.00245862 -0.000547792            0   0.00797775
  0.00342396    0.0033536  -0.00797775            0
EndNode1[0]<--->Repeater1[0]
REAL
   0.352649 -0.00825918 -0.00344941    0.214793
-0.00825918    0.146035  0.00380156 -0.00694591
-0.00344941  0.00380156    0.135499 -0.00945678
   0.214793 -0.00694591 -0.00945678    0.365818
IMAGINARY
          0 -0.00826596   0.0019107  0.00243896
 0.00826596           0 -0.00899048 -0.00146146
 -0.0019107  0.00899048           0 -0.00326444
-0.00243896  0.00146146  0.00326444           0
EndNode2[0]<--->HoM1[0]
REAL
   0.359417 -0.00683645 -0.00931733    0.219007
-0.00683645    0.148468 -0.00541633 -0.00330048
-0.00931733 -0.00541633    0.130021  -0.0142946
   0.219007 -0.00330048  -0.0142946    0.362095
IMAGINARY
           0  -0.00518583  7.93317e-05 -0.000611908
  0.00518583            0  -0.00894777 -0.000966381
-7.93317e-05   0.00894777            0   0.00784698
 0.000611908  0.000966381  -0.00784698            0
Repeater1[0]<--->EndNode1[0]
REAL
   0.352649 -0.00344941 -0.00825918    0.214793
-0.00344941    0.135499  0.00380156 -0.00945678
-0.00825918  0.00380156    0.146035 -0.00694591
   0.214793 -0.00945678 -0.00694591    0.365818
IMAGINARY
          0   0.0019107 -0.00826596  0.00243896
 -0.0019107           0  0.00899048 -0.00326444
 0.00826596 -0.00899048           0 -0.00146146
-0.00243896  0.00326444  0.00146146           0
Repeater1[0]<--->HoM1[0]
REAL
   0.359417 -0.00931733 -0.00683645    0.219007
-0.00931733    0.130021 -0.00541633  -0.0142946
-0.00683645 -0.00541633    0.148468 -0.00330048
   0.219007  -0.0142946 -0.00330048    0.362095
IMAGINARY
           0  7.93317e-05  -0.00518583 -0.000611908
-7.93317e-05            0   0.00894777   0.00784698
  0.00518583  -0.00894777            0 -0.000966381
 0.000611908  -0.00784698  0.000966381            0
EndNode1[0]<--->Repeater1[0]
REAL
   0.356637 -0.00736875 -0.00768455    0.222427
-0.00736875    0.140118  0.00801275  0.00458446
-0.00768455  0.00801275    0.154572 -0.00134102
   0.222427  0.00458446 -0.00134102    0.348673
IMAGINARY
           0  7.71699e-05  -0.00170862 -0.000803008
-7.71699e-05            0   -0.0134308  -0.00880189
  0.00170862    0.0134308            0   0.00472763
 0.000803008   0.00880189  -0.00472763            0
EndNode2[0]<--->HoM1[0]
REAL
   0.364885 -0.00975036  0.00217923    0.217771
-0.00975036    0.145344  -0.0125791 -0.00203256
 0.00217923  -0.0125791    0.145344   0.0113637
   0.217771 -0.00203256   0.0113637    0.344427
IMAGINARY
           0   0.00257358  -0.00255241 -0.000893681
 -0.00257358            0   0.00471748   0.00711526
  0.00255241  -0.00471748            0   0.00346116
 0.000893681  -0.00711526  -0.00346116            0
Repeater1[0]<--->EndNode1[0]
REAL
   0.356637 -0.00768455 -0.00736875    0.222427
-0.00768455    0.154572  0.00801275 -0.00134102
-0.00736875  0.00801275    0.140118  0.00458446
   0.222427 -0.00134102  0.00458446    0.348673
IMAGINARY
           0  -0.00170862  7.71699e-05 -0.000803008
  0.00170862            0    0.0134308   0.00472763
-7.71699e-05   -0.0134308            0  -0.00880189
 0.000803008  -0.00472763   0.00880189            0
Repeater1[0]<--->HoM1[0]
REAL
   0.364885  0.00217923 -0.00975036    0.217771
 0.00217923    0.145344  -0.0125791   0.0113637
-0.00975036  -0.0125791    0.145344 -0.00203256
   0.217771   0.0113637 -0.00203256    0.344427
IMAGINARY
           0  -0.00255241   0.00257358 -0.000893681
  0.00255241            0  -0.00471748   0.00346116
 -0.00257358   0.00471748            0   0.00711526
 0.000893681  -0.00346116  -0.00711526            0
EndNode1[0]<--->Repeater1[0]
REAL
  0.360507  0.0119864 0.00247636   0.228135
 0.0119864   0.138285  0.0100785 0.00217624
0.00247636  0.0100785   0.137379 0.00197143
  0.228135 0.00217624 0.00197143   0.363829
IMAGINARY
          0  0.00891741  0.00288998 -0.00337026
-0.00891741           0 -0.00395849 -0.00318992
-0.00288998  0.00395849           0 -0.00981723
 0.00337026  0.00318992  0.00981723           0
EndNode2[0]<--->HoM1[0]
REAL
   0.370234 -0.00687557 -0.00546742    0.221331
-0.00687557    0.134379 -0.00599586 -0.00246442
-0.00546742 -0.00599586    0.146986 -0.00252514
   0.221331 -0.00246442 -0.00252514    0.348401
IMAGINARY
          0 -0.00222618 -0.00568529 -0.00609318
 0.00222618           0 -0.00234055   0.0125021
 0.00568529  0.00234055           0 -0.00281235
 0.00609318  -0.0125021  0.00281235           0
Repeater1[0]<--->EndNode1[0]
REAL
  0.360507 0.00247636  0.0119864   0.228135
0.00247636   0.137379  0.0100785 0.00197143
 0.0119864  0.0100785   0.138285 0.00217624
  0.228135 0.00197143 0.00217624   0.363829
IMAGINARY
          0  0.00288998  0.00891741 -0.00337026
-0.00288998           0  0.00395849 -0.00981723
-0.00891741 -0.00395849           0 -0.00318992
 0.00337026  0.00981723  0.00318992           0
Repeater1[0]<--->HoM1[0]
REAL
   0.370234 -0.00546742 -0.00687557    0.221331
-0.00546742    0.146986 -0.00599586 -0.00252514
-0.00687557 -0.00599586    0.134379 -0.00246442
   0.221331 -0.00252514 -0.00246442    0.348401
IMAGINARY
          0 -0.00568529 -0.00222618 -0.00609318
 0.00568529           0  0.00234055 -0.00281235
 0.00222618 -0.00234055           0   0.0125021
 0.00609318  0.00281235  -0.0125021           0
EndNode1[0]<--->Repeater1[0]
REAL
   0.357992  -0.0108581 -0.00599469    0.215449
 -0.0108581    0.157457  -0.0042773  0.00977912
-0.00599469  -0.0042773    0.148247  0.00555985
   0.215449  0.00977912  0.00555985    0.336304
IMAGINARY
           0   0.00552993   0.00174536  -0.00247552
 -0.00552993            0  -0.00100406  -0.00724968
 -0.00174536   0.00100406            0 -0.000620681
  0.00247552   0.00724968  0.000620681            0
EndNode2[0]<--->HoM1[0]
REAL
    0.357473  -0.00654302    0.0145737     0.211209
 -0.00654302     0.136518  -0.00926915   0.00129934
   0.0145737  -0.00926915     0.143606 -0.000511655
    0.211209   0.00129934 -0.000511655     0.362404
IMAGINARY
           0   0.00450004   0.00546888   0.00279723
 -0.00450004            0   0.00071637   -0.0118964
 -0.00546888  -0.00071637            0 -0.000763119
 -0.00279723    0.0118964  0.000763119            0
Repeater1[0]<--->EndNode1[0]
REAL
   0.357992 -0.00599469  -0.0108581    0.215449
-0.00599469    0.148247  -0.0042773  0.00555985
 -0.0108581  -0.0042773    0.157457  0.00977912
   0.215449  0.00555985  0.00977912    0.336304
IMAGINARY
           0   0.00174536   0.00552993  -0.00247552
 -0.00174536            0   0.00100406 -0.000620681
 -0.00552993  -0.00100406            0  -0.00724968
  0.00247552  0.000620681   0.00724968            0
Repeater1[0]<--->HoM1[0]
REAL
    0.357473    0.0145737  -0.00654302     0.211209
   0.0145737     0.143606  -0.00926915 -0.000511655
 -0.00654302  -0.00926915     0.136518   0.00129934
    0.211209 -0.000511655   0.00129934     0.362404
IMAGINARY
           0   0.00546888   0.00450004   0.00279723
 -0.00546888            0  -0.00071637 -0.000763119
 -0.00450004   0.00071637            0   -0.0118964
 -0.00279723  0.000763119    0.0118964            0
EndNode1[0]<--->Repeater1[0]
REAL
   0.356148  -0.0015105  -0.0063632     0.22978
 -0.0015105    0.126815 -0.00318276 -0.00418658
 -0.0063632 -0.00318276    0.143407 -0.00903928
    0.22978 -0.00418658 -0.00903928     0.37363
IMAGINARY
          0   0.0045383 -0.00344598   0.0115906
 -0.0045383           0 -0.00416342 -0.00254992
 0.00344598  0.00416342           0 -0.00175971
 -0.0115906  0.00254992  0.00175971           0
EndNode2[0]<--->HoM1[0]
REAL
   0.360964  -0.0019048 -0.00952634    0.210237
 -0.0019048    0.137566  -0.0069039 0.000738462
-0.00952634  -0.0069039    0.141975 -0.00294368
   0.210237 0.000738462 -0.00294368    0.359494
IMAGINARY
           0  -0.00329964   -0.0096866   0.00273389
  0.00329964            0   0.00333776    0.0051439
   0.0096866  -0.00333776            0  0.000574019
 -0.00273389   -0.0051439 -0.000574019            0
Repeater1[0]<--->EndNode1[0]
REAL
   0.356148  -0.0063632  -0.0015105     0.22978
 -0.0063632    0.143407 -0.00318276 -0.00903928
 -0.0015105 -0.00318276    0.126815 -0.00418658
    0.22978 -0.00903928 -0.00418658     0.37363
IMAGINARY
          0 -0.00344598   0.0045383   0.0115906
 0.00344598           0  0.00416342 -0.00175971
 -0.0045383 -0.00416342           0 -0.00254992
 -0.0115906  0.00175971  0.00254992           0
Repeater1[0]<--->HoM1[0]
REAL
   0.360964 -0.00952634  -0.0019048    0.210237
-0.00952634    0.141975  -0.0069039 -0.00294368
 -0.0019048  -0.0069039    0.137566 0.000738462
   0.210237 -0.00294368 0.000738462    0.359494
IMAGINARY
           0   -0.0096866  -0.00329964   0.00273389
   0.0096866            0  -0.00333776  0.000574019
  0.00329964   0.00333776            0    0.0051439
 -0.00273389 -0.000574019   -0.0051439            0
EndNode1[0]<--->Repeater1[0]
REAL
    0.361933  0.000811356   0.00317713     0.213532
 0.000811356     0.142313  -0.00429439 -7.73119e-05
  0.00317713  -0.00429439      0.14202   0.00290842
    0.213532 -7.73119e-05   0.00290842     0.353734
IMAGINARY
           0   0.00326109   0.00323319   0.00660599
 -0.00326109            0  -0.00660599  -0.00875722
 -0.00323319   0.00660599            0 -0.000424418
 -0.00660599   0.00875722  0.000424418            0
EndNode2[0]<--->HoM1[0]
REAL
   0.352069 -0.00985511  0.00143474    0.207598
-0.00985511    0.139901  0.00223088 -0.00408335
 0.00143474  0.00223088    0.141754  0.00249784
   0.207598 -0.00408335  0.00249784    0.366275
IMAGINARY
          0   0.0135677 -0.00548396 -0.00800713
 -0.0135677           0 -0.00785621 -0.00268407
 0.00548396  0.00785621           0 -0.00831681
 0.00800713  0.00268407  0.00831681           0
Repeater1[0]<--->EndNode1[0]
REAL
    0.361933   0.00317713  0.000811356     0.213532
  0.00317713      0.14202  -0.00429439   0.00290842
 0.000811356  -0.00429439     0.142313 -7.73119e-05
    0.213532   0.00290842 -7.73119e-05     0.353734
IMAGINARY
           0   0.00323319   0.00326109   0.00660599
 -0.00323319            0   0.00660599 -0.000424418
 -0.00326109  -0.00660599            0  -0.00875722
 -0.00660599  0.000424418   0.00875722            0
Repeater1[0]<--->HoM1[0]
REAL
   0.352069  0.00143474 -0.00985511    0.207598
 0.00143474    0.141754  0.00223088  0.00249784
-0.00985511  0.00223088    0.139901 -0.00408335
   0.207598  0.00249784 -0.00408335    0.366275
IMAGINARY
          0 -0.00548396   0.0135677 -0.00800713
 0.00548396           0  0.00785621 -0.00831681
 -0.0135677 -0.00785621           0 -0.00268407
 0.00800713  0.00831681  0.00268407           0
EndNode1[0]<--->Repeater1[0]
REAL
   0.359356 -0.00754345 -0.00213293    0.217594
-0.00754345    0.151276   0.0046282 -0.00802239
-0.00213293   0.0046282    0.134872 0.000972364
   0.217594 -0.00802239 0.000972364    0.354496
IMAGINARY
          0   0.0101624  0.00170243  0.00077844
 -0.0101624           0   0.0082237 -0.00586011
-0.00170243  -0.0082237           0   -0.001693
-0.00077844  0.00586011    0.001693           0
EndNode2[0]<--->HoM1[0]
REAL
    0.353722   0.00738603 -0.000593296      0.21088
  0.00738603     0.142527    0.0040415    0.0120142
-0.000593296    0.0040415     0.149163  -0.00160139
     0.21088    0.0120142  -0.00160139     0.354587
IMAGINARY
           0    -0.013447  0.000869437   -0.0153867
    0.013447            0   -0.0100949    0.0032704
-0.000869437    0.0100949            0    0.0105338
   0.0153867   -0.0032704   -0.0105338            0
Repeater1[0]<--->EndNode1[0]
REAL
   0.359356 -0.00213293 -0.00754345    0.217594
-0.00213293    0.134872   0.0046282 0.000972364
-0.00754345   0.0046282    0.151276 -0.00802239
   0.217594 0.000972364 -0.00802239    0.354496
IMAGINARY
          0  0.00170243   0.0101624  0.00077844
-0.00170243           0  -0.0082237   -0.001693
 -0.0101624   0.0082237           0 -0.00586011
-0.00077844    0.001693  0.00586011           0
Repeater1[0]<--->HoM1[0]
REAL
    0.353722 -0.000593296   0.00738603      0.21088
-0.000593296     0.149163    0.0040415  -0.00160139
  0.00738603    0.0040415     0.142527    0.0120142
     0.21088  -0.00160139    0.0120142     0.354587
IMAGINARY
           0  0.000869437    -0.013447   -0.0153867
-0.000869437            0    0.0100949    0.0105338
    0.013447   -0.0100949            0    0.0032704
   0.0153867   -0.0105338   -0.0032704            0
EndNode1[0]<--->Repeater1[0]
REAL
    0.35614  0.00384475  0.00850906    0.213367
 0.00384475    0.144152  0.00243451 -0.00497133
 0.00850906  0.00243451     0.14386 -0.00443437
   0.213367 -0.00497133 -0.00443437    0.355848
IMAGINARY
          0   0.0031612  0.00591708 -0.00474662
 -0.0031612           0  0.00048093   0.0116111
-0.00591708 -0.00048093           0 -0.00494373
 0.00474662  -0.0116111  0.00494373           0
EndNode2[0]<--->HoM1[0]
REAL
   0.365408 0.000662636  0.00872081    0.206999
0.000662636    0.139688  -0.0104594 -0.00117867
 0.00872081  -0.0104594    0.140887  0.00451335
   0.206999 -0.00117867  0.00451335    0.354017
IMAGINARY
          0  0.00153492  -0.0110893  0.00683235
-0.00153492           0  0.00593361  -0.0101938
  0.0110893 -0.00593361           0  0.00124115
-0.00683235   0.0101938 -0.00124115           0
Repeater1[0]<--->EndNode1[0]
REAL
    0.35614  0.00850906  0.00384475    0.213367
 0.00850906     0.14386  0.00243451 -0.00443437
 0.00384475  0.00243451    0.144152 -0.00497133
   0.213367 -0.00443437 -0.00497133    0.355848
IMAGINARY
          0  0.00591708   0.0031612 -0.00474662
-0.00591708           0 -0.00048093 -0.00494373
 -0.0031612  0.00048093           0   0.0116111
 0.00474662  0.00494373  -0.0116111           0
Repeater1[0]<--->HoM1[0]
REAL
   0.365408  0.00872081 0.000662636    0.206999
 0.00872081    0.140887  -0.0104594  0.00451335
0.000662636  -0.0104594    0.139688 -0.00117867
   0.206999  0.00451335 -0.00117867    0.354017
IMAGINARY
          0  -0.0110893  0.00153492  0.00683235
  0.0110893           0 -0.00593361  0.00124115
-0.00153492  0.00593361           0  -0.0101938
-0.00683235 -0.00124115   0.0101938           0
EndNode1[0]<--->Repeater1[0]
REAL
   0.350757   0.0101944  0.00443986    0.211762
  0.0101944    0.149094 0.000812751 -0.00773327
 0.00443986 0.000812751    0.139887 -0.00211054
   0.211762 -0.00773327 -0.00211054    0.360261
IMAGINARY
          0 -0.00941318  0.00773181 -0.00313505
 0.00941318           0   0.0021029  0.00910167
-0.00773181  -0.0021029           0  0.00926152
 0.00313505 -0.00910167 -0.00926152           0
EndNode2[0]<--->HoM1[0]
REAL
    0.344293  -0.00546332   0.00533835     0.213573
 -0.00546332     0.145161    0.0036812 -0.000972191
  0.00533835    0.0036812     0.145161    0.0107328
    0.213573 -0.000972191    0.0107328     0.365385
IMAGINARY
           0 -0.000302386   0.00186796  -0.00472199
 0.000302386            0  0.000126674   0.00446497
 -0.00186796 -0.000126674            0  -0.00301486
  0.00472199  -0.00446497   0.00301486            0
Repeater1[0]<--->EndNode1[0]
REAL
   0.350757  0.00443986   0.0101944    0.211762
 0.00443986    0.139887 0.000812751 -0.00211054
  0.0101944 0.000812751    0.149094 -0.00773327
   0.211762 -0.00211054 -0.00773327    0.360261
IMAGINARY
          0  0.00773181 -0.00941318 -0.00313505
-0.00773181           0  -0.0021029  0.00926152
 0.00941318   0.0021029           0  0.00910167
 0.00313505 -0.00926152 -0.00910167           0
Repeater1[0]<--->HoM1[0]
REAL
    0.344293   0.00533835  -0.00546332     0.213573
  0.00533835     0.145161    0.0036812    0.0107328
 -0.00546332    0.0036812     0.145161 -0.000972191
    0.213573    0.0107328 -0.000972191     0.365385
IMAGINARY
           0   0.00186796 -0.000302386  -0.00472199
 -0.00186796            0 -0.000126674  -0.00301486
 0.000302386  0.000126674            0   0.00446497
  0.00472199   0.00301486  -0.00446497            0
EndNode1[0]<--->Repeater1[0]
REAL
   0.337887   0.0102088 0.000697498    0.219537
  0.0102088    0.155738  0.00580013    0.012346
0.000697498  0.00580013    0.152702  -0.0013632
   0.219537    0.012346  -0.0013632    0.353673
IMAGINARY
          0   0.0057189 -0.00250973  0.00216731
 -0.0057189           0 -0.00554361  0.00265744
 0.00250973  0.00554361           0 -0.00438951
-0.00216731 -0.00265744  0.00438951           0
EndNode2[0]<--->HoM1[0]
REAL
   0.363081  0.00307692  0.00412919    0.203687
 0.00307692     0.13478 -0.00984085 0.000486199
 0.00412919 -0.00984085    0.144254  0.00307692
   0.203687 0.000486199  0.00307692    0.357885
IMAGINARY
          0 -0.00766354  0.00711494  0.00796041
 0.00766354           0  0.00438898  -0.0102096
-0.00711494 -0.00438898           0   0.0125265
-0.00796041   0.0102096  -0.0125265           0
Repeater1[0]<--->EndNode1[0]
REAL
   0.337887 0.000697498   0.0102088    0.219537
0.000697498    0.152702  0.00580013  -0.0013632
  0.0102088  0.00580013    0.155738    0.012346
   0.219537  -0.0013632    0.012346    0.353673
IMAGINARY
          0 -0.00250973   0.0057189  0.00216731
 0.00250973           0  0.00554361 -0.00438951
 -0.0057189 -0.00554361           0  0.00265744
-0.00216731  0.00438951 -0.00265744           0
Repeater1[0]<--->HoM1[0]
REAL
   0.363081  0.00412919  0.00307692    0.203687
 0.00412919    0.144254 -0.00984085  0.00307692
 0.00307692 -0.00984085     0.13478 0.000486199
   0.203687  0.00307692 0.000486199    0.357885
IMAGINARY
          0  0.00711494 -0.00766354  0.00796041
-0.00711494           0 -0.00438898   0.0125265
 0.00766354  0.00438898           0  -0.0102096
-0.00796041  -0.0125265   0.0102096           0
EndNode1[0]<--->Repeater1[0]
REAL
   0.367833  0.00438901   0.0136816    0.210438
 0.00438901    0.138202  0.00759609 -0.00945964
  0.0136816  0.00759609    0.139107  0.00978469
   0.210438 -0.00945964  0.00978469    0.354858
IMAGINARY
           0   0.00456252  -0.00115536 -0.000929178
 -0.00456252            0   -0.0048284  -0.00882046
  0.00115536    0.0048284            0  -0.00274873
 0.000929178   0.00882046   0.00274873            0
EndNode2[0]<--->HoM1[0]
REAL
   0.367183   0.0112125  0.00643538    0.218338
  0.0112125    0.140858 -0.00287071  0.00964425
 0.00643538 -0.00287071    0.135497  0.00394825
   0.218338  0.00964425  0.00394825    0.356462
IMAGINARY
           0  -0.00460366  -0.00229477   0.00653566
  0.00460366            0   0.00402152  5.12736e-05
  0.00229477  -0.00402152            0   0.00385583
 -0.00653566 -5.12736e-05  -0.00385583            0
Repeater1[0]<--->EndNode1[0]
REAL
   0.367833   0.0136816  0.00438901    0.210438
  0.0136816    0.139107  0.00759609  0.00978469
 0.00438901  0.00759609    0.138202 -0.00945964
   0.210438  0.00978469 -0.00945964    0.354858
IMAGINARY
           0  -0.00115536   0.00456252 -0.000929178
  0.00115536            0    0.0048284  -0.00274873
 -0.00456252   -0.0048284            0  -0.00882046
 0.000929178   0.00274873   0.00882046            0
Repeater1[0]<--->HoM1[0]
REAL
   0.367183  0.00643538   0.0112125    0.218338
 0.00643538    0.135497 -0.00287071  0.00394825
  0.0112125 -0.00287071    0.140858  0.00964425
   0.218338  0.00394825  0.00964425    0.356462
IMAGINARY
           0  -0.00229477  -0.00460366   0.00653566
  0.00229477            0  -0.00402152   0.00385583
  0.00460366   0.00402152            0  5.12736e-05
 -0.00653566  -0.00385583 -5.12736e-05            0
EndNode1[0]<--->Repeater1[0]
REAL
   0.349491 -0.00133951  0.00636843    0.214683
-0.00133951    0.140634 -0.00121552    0.013969
 0.00636843 -0.00121552    0.140335    0.010529
   0.214683    0.013969    0.010529    0.369539
IMAGINARY
          0  0.00207294  -0.0132778 -0.00298025
-0.00207294           0  0.00312849 -0.00380984
  0.0132778 -0.00312849           0   0.0102599
 0.00298025  0.00380984  -0.0102599           0
EndNode2[0]<--->HoM1[0]
REAL
   0.351327 -0.00781523 -0.00971964    0.217643
-0.00781523    0.143031 -0.00140292  0.00347336
-0.00971964 -0.00140292    0.149741 -0.00675943
   0.217643  0.00347336 -0.00675943    0.355901
IMAGINARY
           0   0.00329208  -0.00157121   7.2722e-05
 -0.00329208            0  -0.00471483  0.000806915
  0.00157121   0.00471483            0  -0.00222207
 -7.2722e-05 -0.000806915   0.00222207            0
Repeater1[0]<--->EndNode1[0]
REAL
   0.349491  0.00636843 -0.00133951    0.214683
 0.00636843    0.140335 -0.00121552    0.010529
-0.00133951 -0.00121552    0.140634    0.013969
   0.214683    0.010529    0.013969    0.369539
IMAGINARY
          0  -0.0132778  0.00207294 -0.00298025
  0.0132778           0 -0.00312849   0.0102599
-0.00207294  0.00312849           0 -0.00380984
 0.00298025  -0.0102599  0.00380984           0
Repeater1[0]<--->HoM1[0]
REAL
   0.351327 -0.00971964 -0.00781523    0.217643
-0.00971964    0.149741 -0.00140292 -0.00675943
-0.00781523 -0.00140292    0.143031  0.00347336
   0.217643 -0.00675943  0.00347336    0.355901
IMAGINARY
           0  -0.00157121   0.00329208   7.2722e-05
  0.00157121            0   0.00471483  -0.00222207
 -0.00329208  -0.00471483            0  0.000806915
 -7.2722e-05   0.00222207 -0.000806915            0
EndNode1[0]<--->Repeater1[0]
REAL
   0.361283  0.00221726  -0.0085633    0.206078
 0.00221726    0.139159 -0.00508006   0.0021079
 -0.0085633 -0.00508006     0.15534  0.00570528
   0.206078   0.0021079  0.00570528    0.344219
IMAGINARY
           0   0.00916754    0.0107584 -0.000540568
 -0.00916754            0   0.00156787  -0.00505958
  -0.0107584  -0.00156787            0  -0.00316874
 0.000540568   0.00505958   0.00316874            0
EndNode2[0]<--->HoM1[0]
REAL
   0.364549 0.000171673 -0.00170966    0.205284
0.000171673    0.146233  0.00188881 0.000227743
-0.00170966  0.00188881    0.137371  0.00664516
   0.205284 0.000227743  0.00664516    0.351846
IMAGINARY
           0 -0.000525484   0.00182056   0.00833117
 0.000525484            0   0.00311461   0.00413537
 -0.00182056  -0.00311461            0   0.00171667
 -0.00833117  -0.00413537  -0.00171667            0
Repeater1[0]<--->EndNode1[0]
REAL
   0.361283  -0.0085633  0.00221726    0.206078
 -0.0085633     0.15534 -0.00508006  0.00570528
 0.00221726 -0.00508006    0.139159   0.0021079
   0.206078  0.00570528   0.0021079    0.344219
IMAGINARY
           0    0.0107584   0.00916754 -0.000540568
  -0.0107584            0  -0.00156787  -0.00316874
 -0.00916754   0.00156787            0  -0.00505958
 0.000540568   0.00316874   0.00505958            0
Repeater1[0]<--->HoM1[0]
REAL
   0.364549 -0.00170966 0.000171673    0.205284
-0.00170966    0.137371  0.00188881  0.00664516
