EndNode1[0]<--->Repeater1[0]
REAL
   0.492577  -0.0173406 -0.00102754    0.401799
 -0.0173406   0.0115796  0.00382085  -0.0140299
-0.00102754  0.00382085   0.0151425 -0.00516798
   0.401799  -0.0140299 -0.00516798    0.480701
IMAGINARY
           0  0.000524803   -0.0111611  -0.00176876
-0.000524803            0  -0.00623836   0.00618075
   0.0111611   0.00623836            0   0.00807767
  0.00176876  -0.00618075  -0.00807767            0
EndNode2[0]<--->HoM1[0]
REAL
   0.488976 4.37717e-05   0.0046192    0.396726
4.37717e-05   0.0166113  0.00262207 -0.00508519
  0.0046192  0.00262207   0.0154032  0.00446073
   0.396726 -0.00508519  0.00446073    0.479009
IMAGINARY
           0   0.00188208  0.000356702  0.000668535
 -0.00188208            0 -0.000361786   -0.0160005
-0.000356702  0.000361786            0   0.00232971
-0.000668535    0.0160005  -0.00232971            0
Repeater1[0]<--->EndNode1[0]
REAL
   0.492577 -0.00102754  -0.0173406    0.401799
-0.00102754   0.0151425  0.00382085 -0.00516798
 -0.0173406  0.00382085   0.0115796  -0.0140299
   0.401799 -0.00516798  -0.0140299    0.480701
IMAGINARY
           0   -0.0111611  0.000524803  -0.00176876
   0.0111611            0   0.00623836   0.00807767
-0.000524803  -0.00623836            0   0.00618075
  0.00176876  -0.00807767  -0.00618075            0
Repeater1[0]<--->HoM1[0]
REAL
   0.488976   0.0046192 4.37717e-05    0.396726
  0.0046192   0.0154032  0.00262207  0.00446073
4.37717e-05  0.00262207   0.0166113 -0.00508519
   0.396726  0.00446073 -0.00508519    0.479009
IMAGINARY
           0  0.000356702   0.00188208  0.000668535
-0.000356702            0  0.000361786   0.00232971
 -0.00188208 -0.000361786            0   -0.0160005
-0.000668535  -0.00232971    0.0160005            0
EndNode1[0]<--->Repeater1[0]
REAL
   0.468925  -0.0165206 -0.00874681    0.405316
 -0.0165206   0.0126657  0.00081284  0.00740152
-0.00874681  0.00081284   0.0150221  0.00620669
   0.405316  0.00740152  0.00620669    0.503387
IMAGINARY
          0  0.00116248  0.00407021 -0.00228698
-0.00116248           0  -0.0109104  0.00333384
-0.00407021   0.0109104           0  -0.0073577
 0.00228698 -0.00333384   0.0073577           0
EndNode2[0]<--->HoM1[0]
REAL
    0.46436 -0.00320903 -0.00456408    0.401729
-0.00320903   0.0136054 -0.00214022  0.00544488
-0.00456408 -0.00214022   0.0133097  0.00232823
   0.401729  0.00544488  0.00232823    0.508725
IMAGINARY
          0  0.00115616 -0.00232961   0.0101815
-0.00115616           0 -0.00337364  0.00988705
 0.00232961  0.00337364           0 -0.00266764
 -0.0101815 -0.00988705  0.00266764           0
Repeater1[0]<--->EndNode1[0]
REAL
   0.468925 -0.00874681  -0.0165206    0.405316
-0.00874681   0.0150221  0.00081284  0.00620669
 -0.0165206  0.00081284   0.0126657  0.00740152
   0.405316  0.00620669  0.00740152    0.503387
IMAGINARY
          0  0.00407021  0.00116248 -0.00228698
-0.00407021           0   0.0109104  -0.0073577
-0.00116248  -0.0109104           0  0.00333384
 0.00228698   0.0073577 -0.00333384           0
Repeater1[0]<--->HoM1[0]
REAL
    0.46436 -0.00456408 -0.00320903    0.401729
-0.00456408   0.0133097 -0.00214022  0.00232823
-0.00320903 -0.00214022   0.0136054  0.00544488
   0.401729  0.00232823  0.00544488    0.508725
IMAGINARY
          0 -0.00232961  0.00115616   0.0101815
 0.00232961           0  0.00337364 -0.00266764
-0.00115616 -0.00337364           0  0.00988705
 -0.0101815  0.00266764 -0.00988705           0
EndNode1[0]<--->Repeater1[0]
REAL
  0.491382  0.0140252  0.0113247   0.402662
 0.0140252  0.0157242 0.00687807 0.00334034
 0.0113247 0.00687807  0.0151194   0.002801
  0.402662 0.00334034   0.002801   0.477774
IMAGINARY
          0  0.00511036 -0.00368979  0.00509799
-0.00511036           0  0.00434747   0.0013145
 0.00368979 -0.00434747           0 -0.00303198
-0.00509799  -0.0013145  0.00303198           0
EndNode2[0]<--->HoM1[0]
REAL
    0.480886 -0.000243321   0.00118359     0.396777
-0.000243321    0.0112257    0.0094735  0.000276694
  0.00118359    0.0094735    0.0121359   0.00550033
    0.396777  0.000276694   0.00550033     0.495752
IMAGINARY
           0  -0.00879295   0.00519939  -0.00650149
  0.00879295            0 -0.000149407   0.00476195
 -0.00519939  0.000149407            0  -0.00800753
  0.00650149  -0.00476195   0.00800753            0
Repeater1[0]<--->EndNode1[0]
REAL
  0.491382  0.0113247  0.0140252   0.402662
 0.0113247  0.0151194 0.00687807   0.002801
 0.0140252 0.00687807  0.0157242 0.00334034
  0.402662   0.002801 0.00334034   0.477774
IMAGINARY
          0 -0.00368979  0.00511036  0.00509799
 0.00368979           0 -0.00434747 -0.00303198
-0.00511036  0.00434747           0   0.0013145
-0.00509799  0.00303198  -0.0013145           0
Repeater1[0]<--->HoM1[0]
REAL
    0.480886   0.00118359 -0.000243321     0.396777
  0.00118359    0.0121359    0.0094735   0.00550033
-0.000243321    0.0094735    0.0112257  0.000276694
    0.396777   0.00550033  0.000276694     0.495752
IMAGINARY
           0   0.00519939  -0.00879295  -0.00650149
 -0.00519939            0  0.000149407  -0.00800753
  0.00879295 -0.000149407            0   0.00476195
  0.00650149   0.00800753  -0.00476195            0
EndNode1[0]<--->Repeater1[0]
REAL
   0.471345 -0.00486698 0.000457701     0.39896
-0.00486698   0.0128716   0.0102697 -0.00809829
0.000457701   0.0102697   0.0140975 -0.00185674
    0.39896 -0.00809829 -0.00185674    0.501686
IMAGINARY
          0 -0.00357875  0.00308173  0.00588799
 0.00357875           0  0.00225533 -0.00903411
-0.00308173 -0.00225533           0  0.00595971
-0.00588799  0.00903411 -0.00595971           0
EndNode2[0]<--->HoM1[0]
REAL
   0.491212 -0.00222712  0.00406169    0.402331
-0.00222712   0.0151515  0.00297328   0.0026809
 0.00406169  0.00297328   0.0130303  0.00117827
   0.402331   0.0026809  0.00117827    0.480606
IMAGINARY
           0   0.00657894   -0.0087608  -0.00062739
 -0.00657894            0   0.00489335  4.25399e-05
   0.0087608  -0.00489335            0   0.00672788
  0.00062739 -4.25399e-05  -0.00672788            0
Repeater1[0]<--->EndNode1[0]
REAL
   0.471345 0.000457701 -0.00486698     0.39896
0.000457701   0.0140975   0.0102697 -0.00185674
-0.00486698   0.0102697   0.0128716 -0.00809829
    0.39896 -0.00185674 -0.00809829    0.501686
IMAGINARY
          0  0.00308173 -0.00357875  0.00588799
-0.00308173           0 -0.00225533  0.00595971
 0.00357875  0.00225533           0 -0.00903411
-0.00588799 -0.00595971  0.00903411           0
Repeater1[0]<--->HoM1[0]
REAL
   0.491212  0.00406169 -0.00222712    0.402331
 0.00406169   0.0130303  0.00297328  0.00117827
-0.00222712  0.00297328   0.0151515   0.0026809
   0.402331  0.00117827   0.0026809    0.480606
IMAGINARY
           0   -0.0087608   0.00657894  -0.00062739
   0.0087608            0  -0.00489335   0.00672788
 -0.00657894   0.00489335            0  4.25399e-05
  0.00062739  -0.00672788 -4.25399e-05            0
EndNode1[0]<--->Repeater1[0]
REAL
  0.468479 0.00274192  0.0077904   0.403447
0.00274192  0.0179265 0.00455376 0.00434625
 0.0077904 0.00455376  0.0149388  0.0132904
  0.403447 0.00434625  0.0132904   0.498656
IMAGINARY
          0   0.0144021 -0.00921876   0.0059211
 -0.0144021           0 -0.00222615 -0.00891277
 0.00921876  0.00222615           0  0.00219283
 -0.0059211  0.00891277 -0.00219283           0
EndNode2[0]<--->HoM1[0]
REAL
    0.486933   -0.0140624   -0.0026754     0.401608
  -0.0140624    0.0180234 -0.000713018   -0.0129158
  -0.0026754 -0.000713018    0.0141184   0.00495461
    0.401608   -0.0129158   0.00495461     0.480925
IMAGINARY
           0  -0.00227333  -0.00393852  -0.00339384
  0.00227333            0 -5.44354e-05    0.0122291
  0.00393852  5.44354e-05            0  -0.00420843
  0.00339384   -0.0122291   0.00420843            0
Repeater1[0]<--->EndNode1[0]
REAL
  0.468479  0.0077904 0.00274192   0.403447
 0.0077904  0.0149388 0.00455376  0.0132904
0.00274192 0.00455376  0.0179265 0.00434625
  0.403447  0.0132904 0.00434625   0.498656
IMAGINARY
          0 -0.00921876   0.0144021   0.0059211
 0.00921876           0  0.00222615  0.00219283
 -0.0144021 -0.00222615           0 -0.00891277
 -0.0059211 -0.00219283  0.00891277           0
Repeater1[0]<--->HoM1[0]
REAL
    0.486933   -0.0026754   -0.0140624     0.401608
  -0.0026754    0.0141184 -0.000713018   0.00495461
  -0.0140624 -0.000713018    0.0180234   -0.0129158
    0.401608   0.00495461   -0.0129158     0.480925
IMAGINARY
           0  -0.00393852  -0.00227333  -0.00339384
  0.00393852            0  5.44354e-05  -0.00420843
  0.00227333 -5.44354e-05            0    0.0122291
  0.00339384   0.00420843   -0.0122291            0
EndNode1[0]<--->Repeater1[0]
REAL
    0.469701  -0.00750007   0.00174257      0.40212
 -0.00750007     0.015371   -0.0017373  -0.00247938
  0.00174257   -0.0017373     0.015371 -0.000310132
     0.40212  -0.00247938 -0.000310132     0.499557
IMAGINARY
          0 -0.00422591   0.0105978 -0.00131866
 0.00422591           0  0.00101997  0.00658118
 -0.0105978 -0.00101997           0   -0.006624
 0.00131866 -0.00658118    0.006624           0
EndNode2[0]<--->HoM1[0]
REAL
   0.478363   0.0039164 -0.00113459    0.397904
  0.0039164   0.0167795  0.00719048 -0.00454227
-0.00113459  0.00719048   0.0153076 -0.00551756
   0.397904 -0.00454227 -0.00551756     0.48955
IMAGINARY
          0 -0.00306486   -0.006458 -0.00266536
 0.00306486           0 -0.00088494  0.00153115
   0.006458  0.00088494           0  0.00620012
 0.00266536 -0.00153115 -0.00620012           0
Repeater1[0]<--->EndNode1[0]
REAL
    0.469701   0.00174257  -0.00750007      0.40212
  0.00174257     0.015371   -0.0017373 -0.000310132
 -0.00750007   -0.0017373     0.015371  -0.00247938
     0.40212 -0.000310132  -0.00247938     0.499557
IMAGINARY
          0   0.0105978 -0.00422591 -0.00131866
 -0.0105978           0 -0.00101997   -0.006624
 0.00422591  0.00101997           0  0.00658118
 0.00131866    0.006624 -0.00658118           0
Repeater1[0]<--->HoM1[0]
REAL
   0.478363 -0.00113459   0.0039164    0.397904
-0.00113459   0.0153076  0.00719048 -0.00551756
  0.0039164  0.00719048   0.0167795 -0.00454227
   0.397904 -0.00551756 -0.00454227     0.48955
IMAGINARY
          0   -0.006458 -0.00306486 -0.00266536
   0.006458           0  0.00088494  0.00620012
 0.00306486 -0.00088494           0  0.00153115
 0.00266536 -0.00620012 -0.00153115           0
EndNode1[0]<--->Repeater1[0]
REAL
     0.49566   0.00728537   0.00566395     0.405215
  0.00728537   0.00983796   0.00512521  -0.00416963
  0.00566395   0.00512521    0.0141782 -0.000411491
    0.405215  -0.00416963 -0.000411491     0.480324
IMAGINARY
           0  0.000677235  -0.00225564   0.00863624
-0.000677235            0   0.00019874 -1.35678e-06
  0.00225564  -0.00019874            0  0.000977896
 -0.00863624  1.35678e-06 -0.000977896            0
EndNode2[0]<--->HoM1[0]
REAL
   0.494389  -0.0135294 -0.00653754    0.404112
 -0.0135294    0.012404  0.00909599 -0.00115477
-0.00653754  0.00909599   0.0129947  0.00786903
   0.404112 -0.00115477  0.00786903    0.480213
IMAGINARY
           0    0.0173464   0.00658495  -0.00202327
  -0.0173464            0 -0.000393644   -0.0103233
 -0.00658495  0.000393644            0 -0.000835457
  0.00202327    0.0103233  0.000835457            0
Repeater1[0]<--->EndNode1[0]
REAL
     0.49566   0.00566395   0.00728537     0.405215
  0.00566395    0.0141782   0.00512521 -0.000411491
  0.00728537   0.00512521   0.00983796  -0.00416963
    0.405215 -0.000411491  -0.00416963     0.480324
IMAGINARY
           0  -0.00225564  0.000677235   0.00863624
  0.00225564            0  -0.00019874  0.000977896
-0.000677235   0.00019874            0 -1.35678e-06
 -0.00863624 -0.000977896  1.35678e-06            0
Repeater1[0]<--->HoM1[0]
REAL
   0.494389 -0.00653754  -0.0135294    0.404112
-0.00653754   0.0129947  0.00909599  0.00786903
 -0.0135294  0.00909599    0.012404 -0.00115477
   0.404112  0.00786903 -0.00115477    0.480213
IMAGINARY
           0   0.00658495    0.0173464  -0.00202327
 -0.00658495            0  0.000393644 -0.000835457
  -0.0173464 -0.000393644            0   -0.0103233
  0.00202327  0.000835457    0.0103233            0
EndNode1[0]<--->Repeater1[0]
REAL
    0.479142  -0.00850871 -0.000226642     0.396882
 -0.00850871    0.0158637   0.00348249 -0.000684658
-0.000226642   0.00348249    0.0176263   0.00516728
    0.396882 -0.000684658   0.00516728     0.487368
IMAGINARY
          0  0.00746731 -0.00403167 -0.00607432
-0.00746731           0  0.00791594 -0.00794262
 0.00403167 -0.00791594           0 -0.00104208
 0.00607432  0.00794262  0.00104208           0
EndNode2[0]<--->HoM1[0]
REAL
     0.4884  -0.0122192  0.00102326    0.400118
 -0.0122192   0.0165713  0.00250224 -0.00519241
 0.00102326  0.00250224   0.0201868 -0.00296839
   0.400118 -0.00519241 -0.00296839    0.474842
IMAGINARY
           0   0.00822865 -0.000672417  -0.00476022
 -0.00822865            0  -0.00120993  -0.00941316
 0.000672417   0.00120993            0  -0.00211618
  0.00476022   0.00941316   0.00211618            0
Repeater1[0]<--->EndNode1[0]
REAL
    0.479142 -0.000226642  -0.00850871     0.396882
-0.000226642    0.0176263   0.00348249   0.00516728
 -0.00850871   0.00348249    0.0158637 -0.000684658
    0.396882   0.00516728 -0.000684658     0.487368
IMAGINARY
          0 -0.00403167  0.00746731 -0.00607432
 0.00403167           0 -0.00791594 -0.00104208
-0.00746731  0.00791594           0 -0.00794262
 0.00607432  0.00104208  0.00794262           0
Repeater1[0]<--->HoM1[0]
REAL
     0.4884  0.00102326  -0.0122192    0.400118
 0.00102326   0.0201868  0.00250224 -0.00296839
 -0.0122192  0.00250224   0.0165713 -0.00519241
   0.400118 -0.00296839 -0.00519241    0.474842
IMAGINARY
           0 -0.000672417   0.00822865  -0.00476022
 0.000672417            0   0.00120993  -0.00211618
 -0.00822865  -0.00120993            0  -0.00941316
  0.00476022   0.00211618   0.00941316            0
EndNode1[0]<--->Repeater1[0]
REAL
   0.484785  0.00177567   0.0015282    0.400486
 0.00177567   0.0138596  0.00589521  -0.0054415
  0.0015282  0.00589521   0.0117505 3.04701e-05
   0.400486  -0.0054415 3.04701e-05    0.489605
IMAGINARY
          0  0.00251774  0.00598788 -0.00398419
-0.00251774           0   0.0111398  -0.0118268
-0.00598788  -0.0111398           0  0.00117003
 0.00398419   0.0118268 -0.00117003           0
EndNode2[0]<--->HoM1[0]
REAL
   0.488975 -0.00375206  0.00298488    0.400735
-0.00375206   0.0146007 0.000203911 -0.00465104
 0.00298488 0.000203911   0.0140048  0.00117708
   0.400735 -0.00465104  0.00117708     0.48242
IMAGINARY
           0   0.00309499  0.000585868  -0.00700958
 -0.00309499            0  -0.00387619   0.00561248
-0.000585868   0.00387619            0  -0.00899817
  0.00700958  -0.00561248   0.00899817            0
Repeater1[0]<--->EndNode1[0]
REAL
   0.484785   0.0015282  0.00177567    0.400486
  0.0015282   0.0117505  0.00589521 3.04701e-05
 0.00177567  0.00589521   0.0138596  -0.0054415
   0.400486 3.04701e-05  -0.0054415    0.489605
IMAGINARY
          0  0.00598788  0.00251774 -0.00398419
-0.00598788           0  -0.0111398  0.00117003
-0.00251774   0.0111398           0  -0.0118268
 0.00398419 -0.00117003   0.0118268           0
Repeater1[0]<--->HoM1[0]
REAL
   0.488975  0.00298488 -0.00375206    0.400735
 0.00298488   0.0140048 0.000203911  0.00117708
-0.00375206 0.000203911   0.0146007 -0.00465104
   0.400735  0.00117708 -0.00465104     0.48242
IMAGINARY
           0  0.000585868   0.00309499  -0.00700958
-0.000585868            0   0.00387619  -0.00899817
 -0.00309499  -0.00387619            0   0.00561248
  0.00700958   0.00899817  -0.00561248            0
EndNode1[0]<--->Repeater1[0]
REAL
   0.499849   0.0014833 -0.00851486    0.400801
  0.0014833    0.012708  0.00448748   0.0020912
-0.00851486  0.00448748   0.0124054   -0.011791
   0.400801   0.0020912   -0.011791    0.475038
IMAGINARY
          0 -0.00278391 -0.00321489 -0.00757014
 0.00278391           0 -0.00665439  0.00407895
 0.00321489  0.00665439           0  0.00422401
 0.00757014 -0.00407895 -0.00422401           0
EndNode2[0]<--->HoM1[0]
REAL
    0.492133   0.00596348  -0.00805061     0.396018
  0.00596348    0.0157343   0.00321406 -9.07077e-05
 -0.00805061   0.00321406    0.0151515  -0.00673153
    0.396018 -9.07077e-05  -0.00673153     0.476981
IMAGINARY
          0 -0.00952846  0.00351051  0.00182981
 0.00952846           0 -0.00546838  0.00798545
-0.00351051  0.00546838           0  -0.0034605
-0.00182981 -0.00798545   0.0034605           0
Repeater1[0]<--->EndNode1[0]
REAL
   0.499849 -0.00851486   0.0014833    0.400801
-0.00851486   0.0124054  0.00448748   -0.011791
  0.0014833  0.00448748    0.012708   0.0020912
   0.400801   -0.011791   0.0020912    0.475038
IMAGINARY
          0 -0.00321489 -0.00278391 -0.00757014
 0.00321489           0  0.00665439  0.00422401
 0.00278391 -0.00665439           0  0.00407895
 0.00757014 -0.00422401 -0.00407895           0
Repeater1[0]<--->HoM1[0]
REAL
    0.492133  -0.00805061   0.00596348     0.396018
 -0.00805061    0.0151515   0.00321406  -0.00673153
  0.00596348   0.00321406    0.0157343 -9.07077e-05
    0.396018  -0.00673153 -9.07077e-05     0.476981
IMAGINARY
          0  0.00351051 -0.00952846  0.00182981
-0.00351051           0  0.00546838  -0.0034605
 0.00952846 -0.00546838           0  0.00798545
-0.00182981   0.0034605 -0.00798545           0
EndNode1[0]<--->Repeater1[0]
REAL
   0.476942 -0.00375201 -0.00424563    0.401501
-0.00375201   0.0145631 -0.00202961  0.00365774
-0.00424563 -0.00202961   0.0169903  0.00198835
   0.401501  0.00365774  0.00198835    0.491505
IMAGINARY
          0  0.00387139  -0.0100903 -0.00578364
-0.00387139           0  0.00729422 -0.00025667
  0.0100903 -0.00729422           0    0.003128
 0.00578364  0.00025667   -0.003128           0
EndNode2[0]<--->HoM1[0]
REAL
    0.480841  -0.00740646  -0.00547101     0.401531
 -0.00740646    0.0139061  0.000177369 -0.000971906
 -0.00547101  0.000177369    0.0117429   0.00336091
    0.401531 -0.000971906   0.00336091     0.493511
IMAGINARY
           0   0.00277668  -0.00790922   0.00734325
 -0.00277668            0 -0.000514723   0.00324756
  0.00790922  0.000514723            0  -0.00112254
 -0.00734325  -0.00324756   0.00112254            0
Repeater1[0]<--->EndNode1[0]
REAL
   0.476942 -0.00424563 -0.00375201    0.401501
-0.00424563   0.0169903 -0.00202961  0.00198835
-0.00375201 -0.00202961   0.0145631  0.00365774
   0.401501  0.00198835  0.00365774    0.491505
IMAGINARY
          0  -0.0100903  0.00387139 -0.00578364
  0.0100903           0 -0.00729422    0.003128
-0.00387139  0.00729422           0 -0.00025667
 0.00578364   -0.003128  0.00025667           0
Repeater1[0]<--->HoM1[0]
REAL
    0.480841  -0.00547101  -0.00740646     0.401531
 -0.00547101    0.0117429  0.000177369   0.00336091
 -0.00740646  0.000177369    0.0139061 -0.000971906
    0.401531   0.00336091 -0.000971906     0.493511
IMAGINARY
           0  -0.00790922   0.00277668   0.00734325
  0.00790922            0  0.000514723  -0.00112254
 -0.00277668 -0.000514723            0   0.00324756
 -0.00734325   0.00112254  -0.00324756            0
EndNode1[0]<--->Repeater1[0]
REAL
    0.479905 -0.000299397   0.00194278     0.400858
-0.000299397     0.018617   0.00722867  -0.00418092
  0.00194278   0.00722867    0.0132979  -0.00193874
    0.400858  -0.00418092  -0.00193874      0.48818
IMAGINARY
           0   0.00822698  -0.00443483   0.00293408
 -0.00822698            0  -0.00019185  -0.00277671
  0.00443483   0.00019185            0  0.000186481
 -0.00293408   0.00277671 -0.000186481            0
EndNode2[0]<--->HoM1[0]
REAL
   0.487022 -0.00556841  0.00271867    0.406671
-0.00556841   0.0142899  0.00370885 -0.00694317
 0.00271867  0.00370885    0.013415  0.00104216
   0.406671 -0.00694317  0.00104216    0.485273
IMAGINARY
           0   0.00558322   -0.0024054 -0.000651758
 -0.00558322            0  -0.00262205   0.00149851
   0.0024054   0.00262205            0  0.000462734
 0.000651758  -0.00149851 -0.000462734            0
Repeater1[0]<--->EndNode1[0]
REAL
    0.479905   0.00194278 -0.000299397     0.400858
  0.00194278    0.0132979   0.00722867  -0.00193874
-0.000299397   0.00722867     0.018617  -0.00418092
    0.400858  -0.00193874  -0.00418092      0.48818
IMAGINARY
           0  -0.00443483   0.00822698   0.00293408
  0.00443483            0   0.00019185  0.000186481
 -0.00822698  -0.00019185            0  -0.00277671
 -0.00293408 -0.000186481   0.00277671            0
Repeater1[0]<--->HoM1[0]
REAL
   0.487022  0.00271867 -0.00556841    0.406671
 0.00271867    0.013415  0.00370885  0.00104216
-0.00556841  0.00370885   0.0142899 -0.00694317
   0.406671  0.00104216 -0.00694317    0.485273
IMAGINARY
           0   -0.0024054   0.00558322 -0.000651758
   0.0024054            0   0.00262205  0.000462734
 -0.00558322  -0.00262205            0   0.00149851
 0.000651758 -0.000462734  -0.00149851            0
EndNode1[0]<--->Repeater1[0]
REAL
   0.481885  0.00763607  0.00317464    0.402253
 0.00763607   0.0159057  0.00486363 -0.00769816
 0.00317464  0.00486363   0.0108984 -0.00130314
   0.402253 -0.00769816 -0.00130314    0.491311
IMAGINARY
           0    0.0101759   0.00736809    0.0122114
  -0.0101759            0  0.000734069  -0.00841819
 -0.00736809 -0.000734069            0   -0.0103259
  -0.0122114   0.00841819    0.0103259            0
EndNode2[0]<--->HoM1[0]
REAL
   0.486372 -0.00327275  -0.0149725    0.397691
-0.00327275   0.0136281  0.00935559  -0.0055672
 -0.0149725  0.00935559   0.0142338  -0.0154679
   0.397691  -0.0055672  -0.0154679    0.485766
IMAGINARY
           0  0.000289113  0.000431812  0.000122091
-0.000289113            0  -0.00316345   0.00191285
-0.000431812   0.00316345            0  0.000590137
-0.000122091  -0.00191285 -0.000590137            0
Repeater1[0]<--->EndNode1[0]
REAL
   0.481885  0.00317464  0.00763607    0.402253
 0.00317464   0.0108984  0.00486363 -0.00130314
 0.00763607  0.00486363   0.0159057 -0.00769816
   0.402253 -0.00130314 -0.00769816    0.491311
IMAGINARY
           0   0.00736809    0.0101759    0.0122114
 -0.00736809            0 -0.000734069   -0.0103259
  -0.0101759  0.000734069            0  -0.00841819
  -0.0122114    0.0103259   0.00841819            0
Repeater1[0]<--->HoM1[0]
REAL
   0.486372  -0.0149725 -0.00327275    0.397691
 -0.0149725   0.0142338  0.00935559  -0.0154679
-0.00327275  0.00935559   0.0136281  -0.0055672
   0.397691  -0.0154679  -0.0055672    0.485766
IMAGINARY
           0  0.000431812  0.000289113  0.000122091
-0.000431812            0   0.00316345  0.000590137
-0.000289113  -0.00316345            0   0.00191285
-0.000122091 -0.000590137  -0.00191285            0
EndNode1[0]<--->Repeater1[0]
REAL
   0.488132 -0.00477849 -0.00190608    0.403579
-0.00477849   0.0137414   0.0042076 -0.00130002
-0.00190608   0.0042076   0.0140537 0.000961694
   0.403579 -0.00130002 0.000961694    0.484072
IMAGINARY
           0  -0.00615922   0.00225695  -0.00298408
  0.00615922            0    0.0019693 -0.000310255
 -0.00225695   -0.0019693            0   0.00241559
  0.00298408  0.000310255  -0.00241559            0
EndNode2[0]<--->HoM1[0]
REAL
    0.48614  0.00168861 -0.00641763    0.404034
 0.00168861   0.0137109  0.00532709  0.00210856
-0.00641763  0.00532709   0.0134128  -0.0104553
   0.404034  0.00210856  -0.0104553    0.486736
IMAGINARY
           0   0.00205819   0.00349899  -0.00314517
 -0.00205819            0   0.00299807 -0.000728059
 -0.00349899  -0.00299807            0  -0.00760006
  0.00314517  0.000728059   0.00760006            0
Repeater1[0]<--->EndNode1[0]
REAL
   0.488132 -0.00190608 -0.00477849    0.403579
-0.00190608   0.0140537   0.0042076 0.000961694
-0.00477849   0.0042076   0.0137414 -0.00130002
   0.403579 0.000961694 -0.00130002    0.484072
IMAGINARY
           0   0.00225695  -0.00615922  -0.00298408
 -0.00225695            0   -0.0019693   0.00241559
  0.00615922    0.0019693            0 -0.000310255
  0.00298408  -0.00241559  0.000310255            0
Repeater1[0]<--->HoM1[0]
REAL
    0.48614 -0.00641763  0.00168861    0.404034
-0.00641763   0.0134128  0.00532709  -0.0104553
 0.00168861  0.00532709   0.0137109  0.00210856
   0.404034  -0.0104553  0.00210856    0.486736
IMAGINARY
           0   0.00349899   0.00205819  -0.00314517
 -0.00349899            0  -0.00299807  -0.00760006
 -0.00205819   0.00299807            0 -0.000728059
  0.00314517   0.00760006  0.000728059            0
EndNode1[0]<--->Repeater1[0]
REAL
   0.486486 0.000824548  0.00475192    0.398858
0.000824548    0.016632 -0.00049106 -0.00142464
 0.00475192 -0.00049106    0.018117 -0.00354687
   0.398858 -0.00142464 -0.00354687    0.478764
IMAGINARY
           0  -0.00661179  0.000703959  -0.00714278
  0.00661179            0   0.00125687   0.00314447
-0.000703959  -0.00125687            0   -0.0031573
  0.00714278  -0.00314447    0.0031573            0
EndNode2[0]<--->HoM1[0]
REAL
    0.493068   -0.0016159  -0.00292486     0.396111
  -0.0016159    0.0153707   0.00226147   0.00553462
 -0.00292486   0.00226147    0.0147679 -0.000379804
    0.396111   0.00553462 -0.000379804     0.476793
IMAGINARY
          0 -0.00109843  0.00571286  0.00860481
 0.00109843           0  0.00392097  0.00404468
-0.00571286 -0.00392097           0   -0.012503
-0.00860481 -0.00404468    0.012503           0
Repeater1[0]<--->EndNode1[0]
REAL
   0.486486  0.00475192 0.000824548    0.398858
 0.00475192    0.018117 -0.00049106 -0.00354687
0.000824548 -0.00049106    0.016632 -0.00142464
   0.398858 -0.00354687 -0.00142464    0.478764
IMAGINARY
           0  0.000703959  -0.00661179  -0.00714278
-0.000703959            0  -0.00125687   -0.0031573
  0.00661179   0.00125687            0   0.00314447
  0.00714278    0.0031573  -0.00314447            0
Repeater1[0]<--->HoM1[0]
REAL
    0.493068  -0.00292486   -0.0016159     0.396111
 -0.00292486    0.0147679   0.00226147 -0.000379804
  -0.0016159   0.00226147    0.0153707   0.00553462
    0.396111 -0.000379804   0.00553462     0.476793
IMAGINARY
          0  0.00571286 -0.00109843  0.00860481
-0.00571286           0 -0.00392097   -0.012503
 0.00109843  0.00392097           0  0.00404468
-0.00860481    0.012503 -0.00404468           0
EndNode1[0]<--->Repeater1[0]
REAL
   0.496149 -0.00370959 -0.00123092    0.404615
-0.00370959    0.014218  0.00543487 -0.00331054
-0.00123092  0.00543487   0.0195498  0.00180511
   0.404615 -0.00331054  0.00180511    0.470083
IMAGINARY
          0  0.00462788  0.00113202  -0.0089982
-0.00462788           0   0.0118849 -0.00523162
-0.00113202  -0.0118849           0 -0.00538707
  0.0089982  0.00523162  0.00538707           0
EndNode2[0]<--->HoM1[0]
REAL
   0.479626 0.000712381 -0.00403078    0.401413
0.000712381   0.0181105   0.0054608 -0.00372975
-0.00403078   0.0054608   0.0166013 -0.00593886
   0.401413 -0.00372975 -0.00593886    0.485663
IMAGINARY
           0  -0.00501905   0.00621671   0.00355049
  0.00501905            0  -0.00611925  0.000529919
 -0.00621671   0.00611925            0  -0.00622533
 -0.00355049 -0.000529919   0.00622533            0
Repeater1[0]<--->EndNode1[0]
REAL
   0.496149 -0.00123092 -0.00370959    0.404615
-0.00123092   0.0195498  0.00543487  0.00180511
-0.00370959  0.00543487    0.014218 -0.00331054
   0.404615  0.00180511 -0.00331054    0.470083
IMAGINARY
          0  0.00113202  0.00462788  -0.0089982
-0.00113202           0  -0.0118849 -0.00538707
-0.00462788   0.0118849           0 -0.00523162
  0.0089982  0.00538707  0.00523162           0
Repeater1[0]<--->HoM1[0]
REAL
   0.479626 -0.00403078 0.000712381    0.401413
-0.00403078   0.0166013   0.0054608 -0.00593886
0.000712381   0.0054608   0.0181105 -0.00372975
   0.401413 -0.00593886 -0.00372975    0.485663
IMAGINARY
           0   0.00621671  -0.00501905   0.00355049
 -0.00621671            0   0.00611925  -0.00622533
  0.00501905  -0.00611925            0  0.000529919
 -0.00355049   0.00622533 -0.000529919            0
EndNode1[0]<--->Repeater1[0]
REAL
  0.471017 0.00463871  0.0026049   0.397741
0.00463871   0.014871 0.00639801  0.0110896
 0.0026049 0.00639801  0.0151745 0.00388228
  0.397741  0.0110896 0.00388228   0.498938
IMAGINARY
          0 -0.00916382  0.00514709 -0.00266767
 0.00916382           0  0.00100654  0.00309791
-0.00514709 -0.00100654           0 -0.00114243
 0.00266767 -0.00309791  0.00114243           0
EndNode2[0]<--->HoM1[0]
REAL
  0.496687 -0.0106283 0.00530316   0.400554
-0.0106283  0.0162651 0.00286388 -0.0021828
0.00530316 0.00286388   0.014759 0.00572485
  0.400554 -0.0021828 0.00572485   0.472289
IMAGINARY
           0  -0.00935339   0.00731146   0.00242657
  0.00935339            0  -0.00440647  3.92737e-05
 -0.00731146   0.00440647            0   0.00230268
 -0.00242657 -3.92737e-05  -0.00230268            0
Repeater1[0]<--->EndNode1[0]
REAL
  0.471017  0.0026049 0.00463871   0.397741
 0.0026049  0.0151745 0.00639801 0.00388228
0.00463871 0.00639801   0.014871  0.0110896
  0.397741 0.00388228  0.0110896   0.498938
IMAGINARY
          0  0.00514709 -0.00916382 -0.00266767
-0.00514709           0 -0.00100654 -0.00114243
 0.00916382  0.00100654           0  0.00309791
 0.00266767  0.00114243 -0.00309791           0
Repeater1[0]<--->HoM1[0]
REAL
  0.496687 0.00530316 -0.0106283   0.400554
0.00530316   0.014759 0.00286388 0.00572485
-0.0106283 0.00286388  0.0162651 -0.0021828
  0.400554 0.00572485 -0.0021828   0.472289
IMAGINARY
           0   0.00731146  -0.00935339   0.00242657
 -0.00731146            0   0.00440647   0.00230268
  0.00935339  -0.00440647            0  3.92737e-05
 -0.00242657  -0.00230268 -3.92737e-05            0
EndNode1[0]<--->Repeater1[0]
REAL
    0.48429 0.000674654 -0.00398405    0.408721
0.000674654   0.0160121 0.000144467  0.00460401
-0.00398405 0.000144467   0.0138973  0.00366509
   0.408721  0.00460401  0.00366509    0.485801
IMAGINARY
          0 -0.00110156  9.0672e-05  0.00597042
 0.00110156           0  -0.0124483  0.00735424
-9.0672e-05   0.0124483           0  -0.0108103
-0.00597042 -0.00735424   0.0108103           0
EndNode2[0]<--->HoM1[0]
REAL
   0.488287 -0.00544623   0.0040014    0.398584
-0.00544623   0.0152114  0.00117049 -0.00615392
  0.0040014  0.00117049   0.0142988 0.000833679
   0.398584 -0.00615392 0.000833679    0.482203
IMAGINARY
           0    0.0022801  -0.00840287  -0.00371208
  -0.0022801            0   0.00282292  0.000225648
  0.00840287  -0.00282292            0   0.00441035
  0.00371208 -0.000225648  -0.00441035            0
Repeater1[0]<--->EndNode1[0]
REAL
    0.48429 -0.00398405 0.000674654    0.408721
-0.00398405   0.0138973 0.000144467  0.00366509
0.000674654 0.000144467   0.0160121  0.00460401
   0.408721  0.00366509  0.00460401    0.485801
IMAGINARY
          0  9.0672e-05 -0.00110156  0.00597042
-9.0672e-05           0   0.0124483  -0.0108103
 0.00110156  -0.0124483           0  0.00735424
-0.00597042   0.0108103 -0.00735424           0
Repeater1[0]<--->HoM1[0]
REAL
   0.488287   0.0040014 -0.00544623    0.398584
  0.0040014   0.0142988  0.00117049 0.000833679
-0.00544623  0.00117049   0.0152114 -0.00615392
   0.398584 0.000833679 -0.00615392    0.482203
IMAGINARY
           0  -0.00840287    0.0022801  -0.00371208
  0.00840287            0  -0.00282292   0.00441035
  -0.0022801   0.00282292            0  0.000225648
  0.00371208  -0.00441035 -0.000225648            0
EndNode1[0]<--->Repeater1[0]
REAL
    0.495783 -0.000849982  -0.00622829     0.401325
-0.000849982    0.0150602   0.00342211  -0.00218517
 -0.00622829   0.00342211    0.0129518   -0.0108688
    0.401325  -0.00218517   -0.0108688     0.476205
IMAGINARY
          0  0.00223446 -0.00401459 -0.00198963
-0.00223446           0  0.00677718 -0.00738012
 0.00401459 -0.00677718           0 -0.00299411
 0.00198963  0.00738012  0.00299411           0
EndNode2[0]<--->HoM1[0]
REAL
    0.474811   0.00390879   0.00121938     0.405347
  0.00390879    0.0147813   0.00483279 -0.000919982
  0.00121938   0.00483279    0.0184012  -0.00301059
    0.405347 -0.000919982  -0.00301059     0.492006
IMAGINARY
           0 -0.000231921   -0.0020139   0.00771871
 0.000231921            0   0.00591366   0.00518898
   0.0020139  -0.00591366            0  -0.00808377
 -0.00771871  -0.00518898   0.00808377            0
Repeater1[0]<--->EndNode1[0]
REAL
    0.495783  -0.00622829 -0.000849982     0.401325
 -0.00622829    0.0129518   0.00342211   -0.0108688
-0.000849982   0.00342211    0.0150602  -0.00218517
    0.401325   -0.0108688  -0.00218517     0.476205
IMAGINARY
          0 -0.00401459  0.00223446 -0.00198963
 0.00401459           0 -0.00677718 -0.00299411
-0.00223446  0.00677718           0 -0.00738012
 0.00198963  0.00299411  0.00738012           0
Repeater1[0]<--->HoM1[0]
REAL
    0.474811   0.00121938   0.00390879     0.405347
  0.00121938    0.0184012   0.00483279  -0.00301059
  0.00390879   0.00483279    0.0147813 -0.000919982
    0.405347  -0.00301059 -0.000919982     0.492006
IMAGINARY
           0   -0.0020139 -0.000231921   0.00771871
   0.0020139            0  -0.00591366  -0.00808377
 0.000231921   0.00591366            0   0.00518898
 -0.00771871   0.00808377  -0.00518898            0
EndNode1[0]<--->Repeater1[0]
REAL
   0.497596 -0.00427014 -0.00470365    0.403246
-0.00427014   0.0126202  0.00250098  0.00642779
-0.00470365  0.00250098   0.0123197   0.0123161
   0.403246  0.00642779   0.0123161    0.477464
IMAGINARY
          0  0.00052161  0.00188874 -0.00196024
-0.00052161           0 -0.00807271  0.00869249
-0.00188874  0.00807271           0  0.00052161
 0.00196024 -0.00869249 -0.00052161           0
EndNode2[0]<--->HoM1[0]
REAL
   0.471525 -0.00768212  -0.0185026     0.39327
-0.00768212   0.0104103  0.00392341 -0.00143829
 -0.0185026  0.00392341   0.0183711   -0.011668
    0.39327 -0.00143829   -0.011668    0.499694
IMAGINARY
           0   0.00833548   -0.0071783   0.00547135
 -0.00833548            0   -0.0029573  0.000998191
   0.0071783    0.0029573            0   0.00667335
 -0.00547135 -0.000998191  -0.00667335            0
Repeater1[0]<--->EndNode1[0]
REAL
   0.497596 -0.00470365 -0.00427014    0.403246
-0.00470365   0.0123197  0.00250098   0.0123161
-0.00427014  0.00250098   0.0126202  0.00642779
   0.403246   0.0123161  0.00642779    0.477464
IMAGINARY
          0  0.00188874  0.00052161 -0.00196024
-0.00188874           0  0.00807271  0.00052161
-0.00052161 -0.00807271           0  0.00869249
 0.00196024 -0.00052161 -0.00869249           0
Repeater1[0]<--->HoM1[0]
REAL
   0.471525  -0.0185026 -0.00768212     0.39327
 -0.0185026   0.0183711  0.00392341   -0.011668
-0.00768212  0.00392341   0.0104103 -0.00143829
    0.39327   -0.011668 -0.00143829    0.499694
IMAGINARY
           0   -0.0071783   0.00833548   0.00547135
   0.0071783            0    0.0029573   0.00667335
 -0.00833548   -0.0029573            0  0.000998191
 -0.00547135  -0.00667335 -0.000998191            0
EndNode1[0]<--->Repeater1[0]
REAL
   0.468589  0.00167883  0.00341268    0.403238
 0.00167883   0.0151745   0.0089143 -0.00443757
 0.00341268   0.0089143    0.016692  0.00198149
   0.403238 -0.00443757  0.00198149    0.499545
IMAGINARY
           0  -0.00242886 -0.000251825  -0.00342278
  0.00242886            0   0.00267851   -0.0100139
 0.000251825  -0.00267851            0  0.000617266
  0.00342278    0.0100139 -0.000617266            0
EndNode2[0]<--->HoM1[0]
REAL
     0.4926  0.00586126   0.0104771    0.402347
 0.00586126   0.0102688  0.00198788 -0.00464748
  0.0104771  0.00198788   0.0163093 0.000566248
   0.402347 -0.00464748 0.000566248    0.480822
IMAGINARY
           0  -0.00186971  0.000663215   0.00126209
  0.00186971            0    0.0155648   0.00980956
-0.000663215   -0.0155648            0  -0.00172095
 -0.00126209  -0.00980956   0.00172095            0
Repeater1[0]<--->EndNode1[0]
REAL
   0.468589  0.00341268  0.00167883    0.403238
 0.00341268    0.016692   0.0089143  0.00198149
 0.00167883   0.0089143   0.0151745 -0.00443757
   0.403238  0.00198149 -0.00443757    0.499545
IMAGINARY
           0 -0.000251825  -0.00242886  -0.00342278
 0.000251825            0  -0.00267851  0.000617266
  0.00242886   0.00267851            0   -0.0100139
  0.00342278 -0.000617266    0.0100139            0
Repeater1[0]<--->HoM1[0]
REAL
     0.4926   0.0104771  0.00586126    0.402347
  0.0104771   0.0163093  0.00198788 0.000566248
 0.00586126  0.00198788   0.0102688 -0.00464748
   0.402347 0.000566248 -0.00464748    0.480822
IMAGINARY
           0  0.000663215  -0.00186971   0.00126209
-0.000663215            0   -0.0155648  -0.00172095
  0.00186971    0.0155648            0   0.00980956
 -0.00126209   0.00172095  -0.00980956            0
EndNode1[0]<--->Repeater1[0]
REAL
   0.510449  0.00133427 -0.00134072    0.400259
 0.00133427   0.0159803  0.00483757  -0.0110181
-0.00134072  0.00483757   0.0129072 -0.00789515
   0.400259  -0.0110181 -0.00789515    0.460664
IMAGINARY
          0 -0.00387628  0.00731171  -0.0015811
 0.00387628           0 -0.00326152   0.0070162
-0.00731171  0.00326152           0 -0.00690658
  0.0015811  -0.0070162  0.00690658           0
EndNode2[0]<--->HoM1[0]
REAL
   0.490196  0.00202048   0.0102657    0.399604
 0.00202048   0.0144796  0.00742923 -0.00498352
  0.0102657  0.00742923    0.013273   0.0117133
   0.399604 -0.00498352   0.0117133    0.482051
IMAGINARY
          0  0.00679633 -0.00350572  0.00215659
-0.00679633           0  0.00749359 -0.00485748
 0.00350572 -0.00749359           0  0.00604716
-0.00215659  0.00485748 -0.00604716           0
Repeater1[0]<--->EndNode1[0]
REAL
   0.510449 -0.00134072  0.00133427    0.400259
-0.00134072   0.0129072  0.00483757 -0.00789515
 0.00133427  0.00483757   0.0159803  -0.0110181
   0.400259 -0.00789515  -0.0110181    0.460664
IMAGINARY
          0  0.00731171 -0.00387628  -0.0015811
-0.00731171           0  0.00326152 -0.00690658
 0.00387628 -0.00326152           0   0.0070162
  0.0015811  0.00690658  -0.0070162           0
Repeater1[0]<--->HoM1[0]
REAL
   0.490196   0.0102657  0.00202048    0.399604
  0.0102657    0.013273  0.00742923   0.0117133
 0.00202048  0.00742923   0.0144796 -0.00498352
   0.399604   0.0117133 -0.00498352    0.482051
IMAGINARY
          0 -0.00350572  0.00679633  0.00215659
 0.00350572           0 -0.00749359  0.00604716
-0.00679633  0.00749359           0 -0.00485748
-0.00215659 -0.00604716  0.00485748           0
EndNode1[0]<--->Repeater1[0]
REAL
   0.489407   0.0104925 0.000234165    0.397803
  0.0104925   0.0102906 0.000953836  0.00509443
0.000234165 0.000953836   0.0151332 -0.00634804
   0.397803  0.00509443 -0.00634804    0.485169
IMAGINARY
           0   0.00266169 -0.000107269 -0.000288926
 -0.00266169            0   -0.0113035  -0.00732436
 0.000107269    0.0113035            0    0.0068508
 0.000288926   0.00732436   -0.0068508            0
EndNode2[0]<--->HoM1[0]
REAL
    0.499699  -0.00697483  -0.00651277     0.396626
 -0.00697483    0.0153614   0.00383331  -0.00527896
 -0.00651277   0.00383331    0.0159639 -0.000835272
    0.396626  -0.00527896 -0.000835272     0.468976
IMAGINARY
           0  0.000258398   0.00998681   0.00044363
-0.000258398            0  0.000150547    -0.002179
 -0.00998681 -0.000150547            0   -0.0113695
 -0.00044363     0.002179    0.0113695            0
Repeater1[0]<--->EndNode1[0]
REAL
   0.489407 0.000234165   0.0104925    0.397803
0.000234165   0.0151332 0.000953836 -0.00634804
  0.0104925 0.000953836   0.0102906  0.00509443
   0.397803 -0.00634804  0.00509443    0.485169
IMAGINARY
           0 -0.000107269   0.00266169 -0.000288926
 0.000107269            0    0.0113035    0.0068508
 -0.00266169   -0.0113035            0  -0.00732436
 0.000288926   -0.0068508   0.00732436            0
Repeater1[0]<--->HoM1[0]
REAL
    0.499699  -0.00651277  -0.00697483     0.396626
 -0.00651277    0.0159639   0.00383331 -0.000835272
 -0.00697483   0.00383331    0.0153614  -0.00527896
