EndNode1[0]<--->Repeater1[0]
REAL
    0.307898  -0.00792655   0.00810383    0.0106042
 -0.00792655     0.189133 -0.000853202  -0.00195321
  0.00810383 -0.000853202     0.189133     0.012277
   0.0106042  -0.00195321     0.012277     0.313836
IMAGINARY
          0   0.0063895 -0.00421824  0.00382668
 -0.0063895           0 -0.00412412  0.00131571
 0.00421824  0.00412412           0 -0.00929204
-0.00382668 -0.00131571  0.00929204           0
EndNode2[0]<--->HoM1[0]
REAL
   0.309706 -0.00540298 -0.00173532   0.0120192
-0.00540298    0.198235 -0.00700251  0.00918439
-0.00173532 -0.00700251    0.197059  0.00251456
  0.0120192  0.00918439  0.00251456       0.295
IMAGINARY
           0  5.90971e-05 -0.000731481  0.000835444
-5.90971e-05            0  -0.00524945  -0.00621296
 0.000731481   0.00524945            0   0.00658341
-0.000835444   0.00621296  -0.00658341            0
Repeater1[0]<--->EndNode1[0]
REAL
    0.307898   0.00810383  -0.00792655    0.0106042
  0.00810383     0.189133 -0.000853202     0.012277
 -0.00792655 -0.000853202     0.189133  -0.00195321
   0.0106042     0.012277  -0.00195321     0.313836
IMAGINARY
          0 -0.00421824   0.0063895  0.00382668
 0.00421824           0  0.00412412 -0.00929204
 -0.0063895 -0.00412412           0  0.00131571
-0.00382668  0.00929204 -0.00131571           0
Repeater1[0]<--->HoM1[0]
REAL
   0.309706 -0.00173532 -0.00540298   0.0120192
-0.00173532    0.197059 -0.00700251  0.00251456
-0.00540298 -0.00700251    0.198235  0.00918439
  0.0120192  0.00251456  0.00918439       0.295
IMAGINARY
           0 -0.000731481  5.90971e-05  0.000835444
 0.000731481            0   0.00524945   0.00658341
-5.90971e-05  -0.00524945            0  -0.00621296
-0.000835444  -0.00658341   0.00621296            0
EndNode1[0]<--->Repeater1[0]
REAL
   0.316026   0.0108768 -0.00162878   0.0183146
  0.0108768    0.189076  0.00327808 -0.00464993
-0.00162878  0.00327808    0.185174   0.0110222
  0.0183146 -0.00464993   0.0110222    0.309724
IMAGINARY
           0   -0.0112539  0.000408464   0.00172631
   0.0112539            0   0.00279176  -0.00464204
-0.000408464  -0.00279176            0  -0.00173883
 -0.00172631   0.00464204   0.00173883            0
EndNode2[0]<--->HoM1[0]
REAL
   0.301859 -0.00406794 -0.00429377   0.0189328
-0.00406794    0.182945  0.00093866  0.00107927
-0.00429377  0.00093866      0.2036 -0.00469886
  0.0189328  0.00107927 -0.00469886    0.311596
IMAGINARY
          0  -0.0101373  0.00263348  0.00463795
  0.0101373           0 -0.00389146 -0.00646828
-0.00263348  0.00389146           0   0.0045326
-0.00463795  0.00646828  -0.0045326           0
Repeater1[0]<--->EndNode1[0]
REAL
   0.316026 -0.00162878   0.0108768   0.0183146
-0.00162878    0.185174  0.00327808   0.0110222
  0.0108768  0.00327808    0.189076 -0.00464993
  0.0183146   0.0110222 -0.00464993    0.309724
IMAGINARY
           0  0.000408464   -0.0112539   0.00172631
-0.000408464            0  -0.00279176  -0.00173883
   0.0112539   0.00279176            0  -0.00464204
 -0.00172631   0.00173883   0.00464204            0
Repeater1[0]<--->HoM1[0]
REAL
   0.301859 -0.00429377 -0.00406794   0.0189328
-0.00429377      0.2036  0.00093866 -0.00469886
-0.00406794  0.00093866    0.182945  0.00107927
  0.0189328 -0.00469886  0.00107927    0.311596
IMAGINARY
          0  0.00263348  -0.0101373  0.00463795
-0.00263348           0  0.00389146   0.0045326
  0.0101373 -0.00389146           0 -0.00646828
-0.00463795  -0.0045326  0.00646828           0
EndNode1[0]<--->Repeater1[0]
REAL
   0.305808  -0.0136724 0.000935197  0.00437555
 -0.0136724    0.196915  0.00482505   0.0046455
0.000935197  0.00482505    0.194797 -0.00638797
 0.00437555   0.0046455 -0.00638797     0.30248
IMAGINARY
           0    -0.013586   0.00171445   0.00157456
    0.013586            0   0.00986185  0.000233407
 -0.00171445  -0.00986185            0   0.00564475
 -0.00157456 -0.000233407  -0.00564475            0
EndNode2[0]<--->HoM1[0]
REAL
   0.321836 0.000400383  0.00811926    0.015375
0.000400383    0.194661  0.00229232 -0.00481562
 0.00811926  0.00229232    0.181464  0.00721237
   0.015375 -0.00481562  0.00721237     0.30204
IMAGINARY
           0  0.000716789  -0.00558444  -0.00179546
-0.000716789            0  -0.00270345  0.000622036
  0.00558444   0.00270345            0   0.00755389
  0.00179546 -0.000622036  -0.00755389            0
Repeater1[0]<--->EndNode1[0]
REAL
   0.305808 0.000935197  -0.0136724  0.00437555
0.000935197    0.194797  0.00482505 -0.00638797
 -0.0136724  0.00482505    0.196915   0.0046455
 0.00437555 -0.00638797   0.0046455     0.30248
IMAGINARY
           0   0.00171445    -0.013586   0.00157456
 -0.00171445            0  -0.00986185   0.00564475
    0.013586   0.00986185            0  0.000233407
 -0.00157456  -0.00564475 -0.000233407            0
Repeater1[0]<--->HoM1[0]
REAL
   0.321836  0.00811926 0.000400383    0.015375
 0.00811926    0.181464  0.00229232  0.00721237
0.000400383  0.00229232    0.194661 -0.00481562
   0.015375  0.00721237 -0.00481562     0.30204
IMAGINARY
           0  -0.00558444  0.000716789  -0.00179546
  0.00558444            0   0.00270345   0.00755389
-0.000716789  -0.00270345            0  0.000622036
  0.00179546  -0.00755389 -0.000622036            0
EndNode1[0]<--->Repeater1[0]
REAL
    0.296922 -0.000452905  -0.00376411    0.0237399
-0.000452905     0.208509   -0.0026841   0.00999187
 -0.00376411   -0.0026841     0.187085   0.00163914
   0.0237399   0.00999187   0.00163914     0.307483
IMAGINARY
          0  0.00152003  0.00276828 -0.00610403
-0.00152003           0  0.00519713  -0.0124571
-0.00276828 -0.00519713           0 -0.00504322
 0.00610403   0.0124571  0.00504322           0
EndNode2[0]<--->HoM1[0]
REAL
    0.316043   0.00766645 -0.000103073    0.0131373
  0.00766645     0.187877   0.00579978  -0.00997634
-0.000103073   0.00579978     0.179735  0.000885785
   0.0131373  -0.00997634  0.000885785     0.316345
IMAGINARY
          0  0.00770772  -0.0058597 -0.00775102
-0.00770772           0  0.00124179 -0.00117834
  0.0058597 -0.00124179           0   0.0170003
 0.00775102  0.00117834  -0.0170003           0
Repeater1[0]<--->EndNode1[0]
REAL
    0.296922  -0.00376411 -0.000452905    0.0237399
 -0.00376411     0.187085   -0.0026841   0.00163914
-0.000452905   -0.0026841     0.208509   0.00999187
   0.0237399   0.00163914   0.00999187     0.307483
IMAGINARY
          0  0.00276828  0.00152003 -0.00610403
-0.00276828           0 -0.00519713 -0.00504322
-0.00152003  0.00519713           0  -0.0124571
 0.00610403  0.00504322   0.0124571           0
Repeater1[0]<--->HoM1[0]
REAL
    0.316043 -0.000103073   0.00766645    0.0131373
-0.000103073     0.179735   0.00579978  0.000885785
  0.00766645   0.00579978     0.187877  -0.00997634
   0.0131373  0.000885785  -0.00997634     0.316345
IMAGINARY
          0  -0.0058597  0.00770772 -0.00775102
  0.0058597           0 -0.00124179   0.0170003
-0.00770772  0.00124179           0 -0.00117834
 0.00775102  -0.0170003  0.00117834           0
EndNode1[0]<--->Repeater1[0]
REAL
   0.320513 -0.00615021 -0.00345505   0.0338531
-0.00615021    0.192599 -0.00681396  0.00569586
-0.00345505 -0.00681396    0.189394 -0.00146856
  0.0338531  0.00569586 -0.00146856    0.297494
IMAGINARY
          0   0.0136271  0.00475521 -0.00530124
 -0.0136271           0 -0.00421124 -0.00182952
-0.00475521  0.00421124           0 -0.00133926
 0.00530124  0.00182952  0.00133926           0
EndNode2[0]<--->HoM1[0]
REAL
   0.298645  0.00854816    0.002186   0.0239311
 0.00854816    0.189655 -0.00574927  0.00426562
   0.002186 -0.00574927     0.19335 -0.00238981
  0.0239311  0.00426562 -0.00238981     0.31835
IMAGINARY
           0  5.91865e-05   0.00711067  -0.00193663
-5.91865e-05            0  -0.00513104   -0.0078717
 -0.00711067   0.00513104            0  -0.00203788
  0.00193663    0.0078717   0.00203788            0
Repeater1[0]<--->EndNode1[0]
REAL
   0.320513 -0.00345505 -0.00615021   0.0338531
-0.00345505    0.189394 -0.00681396 -0.00146856
-0.00615021 -0.00681396    0.192599  0.00569586
  0.0338531 -0.00146856  0.00569586    0.297494
IMAGINARY
          0  0.00475521   0.0136271 -0.00530124
-0.00475521           0  0.00421124 -0.00133926
 -0.0136271 -0.00421124           0 -0.00182952
 0.00530124  0.00133926  0.00182952           0
Repeater1[0]<--->HoM1[0]
REAL
   0.298645    0.002186  0.00854816   0.0239311
   0.002186     0.19335 -0.00574927 -0.00238981
 0.00854816 -0.00574927    0.189655  0.00426562
  0.0239311 -0.00238981  0.00426562     0.31835
IMAGINARY
           0   0.00711067  5.91865e-05  -0.00193663
 -0.00711067            0   0.00513104  -0.00203788
-5.91865e-05  -0.00513104            0   -0.0078717
  0.00193663   0.00203788    0.0078717            0
EndNode1[0]<--->Repeater1[0]
REAL
    0.314447   -0.0069824  -0.00311954    0.0276065
  -0.0069824     0.195788 -0.000153754  0.000269251
 -0.00311954 -0.000153754     0.193118  -0.00336864
   0.0276065  0.000269251  -0.00336864     0.296648
IMAGINARY
           0  -0.00189129  6.24788e-05    0.0015436
  0.00189129            0    0.0124196  -0.00258614
-6.24788e-05   -0.0124196            0   0.00409949
  -0.0015436   0.00258614  -0.00409949            0
EndNode2[0]<--->HoM1[0]
REAL
   0.306378  -0.0128197  0.00650358   0.0163249
 -0.0128197    0.191639 -0.00907855 -0.00487685
 0.00650358 -0.00907855    0.195606 -0.00566596
  0.0163249 -0.00487685 -0.00566596    0.306378
IMAGINARY
           0  -0.00393789   0.00444779  -0.00723494
  0.00393789            0  -0.00328358  -0.00713757
 -0.00444779   0.00328358            0  5.26524e-05
  0.00723494   0.00713757 -5.26524e-05            0
Repeater1[0]<--->EndNode1[0]
REAL
    0.314447  -0.00311954   -0.0069824    0.0276065
 -0.00311954     0.193118 -0.000153754  -0.00336864
  -0.0069824 -0.000153754     0.195788  0.000269251
   0.0276065  -0.00336864  0.000269251     0.296648
IMAGINARY
           0  6.24788e-05  -0.00189129    0.0015436
-6.24788e-05            0   -0.0124196   0.00409949
  0.00189129    0.0124196            0  -0.00258614
  -0.0015436  -0.00409949   0.00258614            0
Repeater1[0]<--->HoM1[0]
REAL
   0.306378  0.00650358  -0.0128197   0.0163249
 0.00650358    0.195606 -0.00907855 -0.00566596
 -0.0128197 -0.00907855    0.191639 -0.00487685
  0.0163249 -0.00566596 -0.00487685    0.306378
IMAGINARY
           0   0.00444779  -0.00393789  -0.00723494
 -0.00444779            0   0.00328358  5.26524e-05
  0.00393789  -0.00328358            0  -0.00713757
  0.00723494 -5.26524e-05   0.00713757            0
EndNode1[0]<--->Repeater1[0]
REAL
    0.304771 -0.000345504    0.0110851    0.0228714
-0.000345504     0.192343   0.00090986 -0.000383514
   0.0110851   0.00090986     0.200243  -0.00322168
   0.0228714 -0.000383514  -0.00322168     0.302644
IMAGINARY
           0   0.00428138    0.0015761 -1.27204e-05
 -0.00428138            0  -0.00542366  -0.00638958
  -0.0015761   0.00542366            0   0.00504474
 1.27204e-05   0.00638958  -0.00504474            0
EndNode2[0]<--->HoM1[0]
REAL
   0.308719  0.00729701 -0.00415054  0.00643672
 0.00729701    0.189502  0.00203273   -0.010671
-0.00415054  0.00203273     0.18446 -0.00366724
 0.00643672   -0.010671 -0.00366724    0.317319
IMAGINARY
          0  0.00368651  0.00246387  0.00689467
-0.00368651           0  -0.0145446 -0.00686786
-0.00246387   0.0145446           0 -0.00574171
-0.00689467  0.00686786  0.00574171           0
Repeater1[0]<--->EndNode1[0]
REAL
    0.304771    0.0110851 -0.000345504    0.0228714
   0.0110851     0.200243   0.00090986  -0.00322168
-0.000345504   0.00090986     0.192343 -0.000383514
   0.0228714  -0.00322168 -0.000383514     0.302644
IMAGINARY
           0    0.0015761   0.00428138 -1.27204e-05
  -0.0015761            0   0.00542366   0.00504474
 -0.00428138  -0.00542366            0  -0.00638958
 1.27204e-05  -0.00504474   0.00638958            0
Repeater1[0]<--->HoM1[0]
REAL
   0.308719 -0.00415054  0.00729701  0.00643672
-0.00415054     0.18446  0.00203273 -0.00366724
 0.00729701  0.00203273    0.189502   -0.010671
 0.00643672 -0.00366724   -0.010671    0.317319
IMAGINARY
          0  0.00246387  0.00368651  0.00689467
-0.00246387           0   0.0145446 -0.00574171
-0.00368651  -0.0145446           0 -0.00686786
-0.00689467  0.00574171  0.00686786           0
EndNode1[0]<--->Repeater1[0]
REAL
  0.305253 0.00720002 -0.0010912  0.0112751
0.00720002   0.188685 0.00347413 -0.0166079
-0.0010912 0.00347413   0.186198 0.00017461
 0.0112751 -0.0166079 0.00017461   0.319863
IMAGINARY
           0   0.00675988    -0.010564   0.00315633
 -0.00675988            0  -0.00433767  -0.00842333
    0.010564   0.00433767            0 -0.000725147
 -0.00315633   0.00842333  0.000725147            0
EndNode2[0]<--->HoM1[0]
REAL
   0.307422  -0.0110639 -0.00523589   0.0273713
 -0.0110639    0.191552  0.00805933  -0.0191991
-0.00523589  0.00805933    0.182752 -0.00268071
  0.0273713  -0.0191991 -0.00268071    0.318275
IMAGINARY
           0  -0.00097762   0.00619603 -0.000285891
  0.00097762            0  -0.00485627   0.00708098
 -0.00619603   0.00485627            0   0.00308987
 0.000285891  -0.00708098  -0.00308987            0
Repeater1[0]<--->EndNode1[0]
REAL
  0.305253 -0.0010912 0.00720002  0.0112751
-0.0010912   0.186198 0.00347413 0.00017461
0.00720002 0.00347413   0.188685 -0.0166079
 0.0112751 0.00017461 -0.0166079   0.319863
IMAGINARY
           0    -0.010564   0.00675988   0.00315633
    0.010564            0   0.00433767 -0.000725147
 -0.00675988  -0.00433767            0  -0.00842333
 -0.00315633  0.000725147   0.00842333            0
Repeater1[0]<--->HoM1[0]
REAL
   0.307422 -0.00523589  -0.0110639   0.0273713
-0.00523589    0.182752  0.00805933 -0.00268071
 -0.0110639  0.00805933    0.191552  -0.0191991
  0.0273713 -0.00268071  -0.0191991    0.318275
IMAGINARY
           0   0.00619603  -0.00097762 -0.000285891
 -0.00619603            0   0.00485627   0.00308987
  0.00097762  -0.00485627            0   0.00708098
 0.000285891  -0.00308987  -0.00708098            0
EndNode1[0]<--->Repeater1[0]
REAL
   0.318223 -0.00430339  0.00285321   0.0148738
-0.00430339    0.196938 -0.00465745 -0.00165129
 0.00285321 -0.00465745    0.181627 -0.00711488
  0.0148738 -0.00165129 -0.00711488    0.303212
IMAGINARY
          0 -0.00189975   -0.001428   0.0107097
 0.00189975           0 -0.00846349   0.0140482
   0.001428  0.00846349           0  0.00520504
 -0.0107097  -0.0140482 -0.00520504           0
EndNode2[0]<--->HoM1[0]
REAL
   0.317274  0.00606711  0.00344396   0.0120674
 0.00606711    0.189777 -0.00322178 -0.00929103
 0.00344396 -0.00322178    0.188602 -0.00471779
  0.0120674 -0.00929103 -0.00471779    0.304348
IMAGINARY
           0  -0.00514734   -0.0067093  -0.00425641
  0.00514734            0  0.000497009 -0.000102691
   0.0067093 -0.000497009            0  -0.00348118
  0.00425641  0.000102691   0.00348118            0
Repeater1[0]<--->EndNode1[0]
REAL
   0.318223  0.00285321 -0.00430339   0.0148738
 0.00285321    0.181627 -0.00465745 -0.00711488
-0.00430339 -0.00465745    0.196938 -0.00165129
  0.0148738 -0.00711488 -0.00165129    0.303212
IMAGINARY
          0   -0.001428 -0.00189975   0.0107097
   0.001428           0  0.00846349  0.00520504
 0.00189975 -0.00846349           0   0.0140482
 -0.0107097 -0.00520504  -0.0140482           0
Repeater1[0]<--->HoM1[0]
REAL
   0.317274  0.00344396  0.00606711   0.0120674
 0.00344396    0.188602 -0.00322178 -0.00471779
 0.00606711 -0.00322178    0.189777 -0.00929103
  0.0120674 -0.00471779 -0.00929103    0.304348
IMAGINARY
           0   -0.0067093  -0.00514734  -0.00425641
   0.0067093            0 -0.000497009  -0.00348118
  0.00514734  0.000497009            0 -0.000102691
  0.00425641   0.00348118  0.000102691            0
EndNode1[0]<--->Repeater1[0]
REAL
    0.309269  -0.00498406 -0.000316509   0.00801259
 -0.00498406     0.203209   0.00711223  -0.00893459
-0.000316509   0.00711223     0.186869   0.00248773
  0.00801259  -0.00893459   0.00248773     0.300654
IMAGINARY
           0 -0.000171005    0.0082533  0.000773278
 0.000171005            0  -0.00320785    0.0082533
  -0.0082533   0.00320785            0   0.00617341
-0.000773278   -0.0082533  -0.00617341            0
EndNode2[0]<--->HoM1[0]
REAL
   0.317408  0.00614432 -0.00278229   0.0160541
 0.00614432    0.192296  0.00433539  0.00612982
-0.00278229  0.00433539    0.191699  0.00450693
  0.0160541  0.00612982  0.00450693    0.298597
IMAGINARY
           0  -0.00694318    0.0086897  -0.00329975
  0.00694318            0   0.00360187 -0.000276234
  -0.0086897  -0.00360187            0   0.00123404
  0.00329975  0.000276234  -0.00123404            0
Repeater1[0]<--->EndNode1[0]
REAL
    0.309269 -0.000316509  -0.00498406   0.00801259
-0.000316509     0.186869   0.00711223   0.00248773
 -0.00498406   0.00711223     0.203209  -0.00893459
  0.00801259   0.00248773  -0.00893459     0.300654
IMAGINARY
           0    0.0082533 -0.000171005  0.000773278
  -0.0082533            0   0.00320785   0.00617341
 0.000171005  -0.00320785            0    0.0082533
-0.000773278  -0.00617341   -0.0082533            0
Repeater1[0]<--->HoM1[0]
REAL
   0.317408 -0.00278229  0.00614432   0.0160541
-0.00278229    0.191699  0.00433539  0.00450693
 0.00614432  0.00433539    0.192296  0.00612982
  0.0160541  0.00450693  0.00612982    0.298597
IMAGINARY
           0    0.0086897  -0.00694318  -0.00329975
  -0.0086897            0  -0.00360187   0.00123404
  0.00694318   0.00360187            0 -0.000276234
  0.00329975  -0.00123404  0.000276234            0
EndNode1[0]<--->Repeater1[0]
REAL
   0.317166 -0.00268844   0.0116402      0.0231
-0.00268844    0.191358  0.00757392  0.00543449
  0.0116402  0.00757392    0.193122  0.00616381
     0.0231  0.00543449  0.00616381    0.298354
IMAGINARY
           0 -0.000771778  -0.00579393  -0.00332373
 0.000771778            0   0.00227046    0.0041358
  0.00579393  -0.00227046            0   -0.0129454
  0.00332373   -0.0041358    0.0129454            0
EndNode2[0]<--->HoM1[0]
REAL
   0.307166 9.47593e-06  0.00176352   0.0185899
9.47593e-06    0.198335 0.000910861 0.000576575
 0.00176352 0.000910861    0.191793  -0.0113979
  0.0185899 0.000576575  -0.0113979    0.302706
IMAGINARY
           0   0.00214176 -0.000117411   0.00536279
 -0.00214176            0  -0.00041229  -0.00758884
 0.000117411   0.00041229            0  -0.00773257
 -0.00536279   0.00758884   0.00773257            0
Repeater1[0]<--->EndNode1[0]
REAL
   0.317166   0.0116402 -0.00268844      0.0231
  0.0116402    0.193122  0.00757392  0.00616381
-0.00268844  0.00757392    0.191358  0.00543449
     0.0231  0.00616381  0.00543449    0.298354
IMAGINARY
           0  -0.00579393 -0.000771778  -0.00332373
  0.00579393            0  -0.00227046   -0.0129454
 0.000771778   0.00227046            0    0.0041358
  0.00332373    0.0129454   -0.0041358            0
Repeater1[0]<--->HoM1[0]
REAL
   0.307166  0.00176352 9.47593e-06   0.0185899
 0.00176352    0.191793 0.000910861  -0.0113979
9.47593e-06 0.000910861    0.198335 0.000576575
  0.0185899  -0.0113979 0.000576575    0.302706
IMAGINARY
           0 -0.000117411   0.00214176   0.00536279
 0.000117411            0   0.00041229  -0.00773257
 -0.00214176  -0.00041229            0  -0.00758884
 -0.00536279   0.00773257   0.00758884            0
EndNode1[0]<--->Repeater1[0]
REAL
   0.329212  0.00154268  0.00141551  0.00977374
 0.00154268     0.18609 -0.00947452 8.05973e-05
 0.00141551 -0.00947452    0.188563  0.00474098
 0.00977374 8.05973e-05  0.00474098    0.296136
IMAGINARY
          0 -0.00910109 -0.00816579  0.00496506
 0.00910109           0  0.00466457 -0.00138256
 0.00816579 -0.00466457           0   0.0071308
-0.00496506  0.00138256  -0.0071308           0
EndNode2[0]<--->HoM1[0]
REAL
   0.302643  0.00396315 0.000539773   0.0257724
 0.00396315    0.196911    0.011128 0.000690239
0.000539773    0.011128    0.189189 -0.00211813
  0.0257724 0.000690239 -0.00211813    0.311256
IMAGINARY
          0 -0.00298577  0.00287222 -0.00199327
 0.00298577           0 -0.00346127  0.00968008
-0.00287222  0.00346127           0 -0.00418697
 0.00199327 -0.00968008  0.00418697           0
Repeater1[0]<--->EndNode1[0]
REAL
   0.329212  0.00141551  0.00154268  0.00977374
 0.00141551    0.188563 -0.00947452  0.00474098
 0.00154268 -0.00947452     0.18609 8.05973e-05
 0.00977374  0.00474098 8.05973e-05    0.296136
IMAGINARY
          0 -0.00816579 -0.00910109  0.00496506
 0.00816579           0 -0.00466457   0.0071308
 0.00910109  0.00466457           0 -0.00138256
-0.00496506  -0.0071308  0.00138256           0
Repeater1[0]<--->HoM1[0]
REAL
   0.302643 0.000539773  0.00396315   0.0257724
0.000539773    0.189189    0.011128 -0.00211813
 0.00396315    0.011128    0.196911 0.000690239
  0.0257724 -0.00211813 0.000690239    0.311256
IMAGINARY
          0  0.00287222 -0.00298577 -0.00199327
-0.00287222           0  0.00346127 -0.00418697
 0.00298577 -0.00346127           0  0.00968008
 0.00199327  0.00418697 -0.00968008           0
EndNode1[0]<--->Repeater1[0]
REAL
   0.318423 0.000685468 -0.00195252   0.0151587
0.000685468    0.182166 -0.00436084 -0.00134682
-0.00195252 -0.00436084    0.211006  0.00711297
  0.0151587 -0.00134682  0.00711297    0.288405
IMAGINARY
          0  -0.0059377 -0.00833169  0.00292598
  0.0059377           0  0.00247942  0.00262598
 0.00833169 -0.00247942           0 -0.00517341
-0.00292598 -0.00262598  0.00517341           0
EndNode2[0]<--->HoM1[0]
REAL
    0.31893  0.00930024  0.00472622   0.0221913
 0.00930024    0.195179 0.000767068 -0.00149047
 0.00472622 0.000767068    0.186655   0.0179725
  0.0221913 -0.00149047   0.0179725    0.299236
IMAGINARY
          0 -0.00225636 -0.00310623   0.0027158
 0.00225636           0 -0.00922541 -0.00383403
 0.00310623  0.00922541           0 -0.00166639
 -0.0027158  0.00383403  0.00166639           0
Repeater1[0]<--->EndNode1[0]
REAL
   0.318423 -0.00195252 0.000685468   0.0151587
-0.00195252    0.211006 -0.00436084  0.00711297
0.000685468 -0.00436084    0.182166 -0.00134682
  0.0151587  0.00711297 -0.00134682    0.288405
IMAGINARY
          0 -0.00833169  -0.0059377  0.00292598
 0.00833169           0 -0.00247942 -0.00517341
  0.0059377  0.00247942           0  0.00262598
-0.00292598  0.00517341 -0.00262598           0
Repeater1[0]<--->HoM1[0]
REAL
    0.31893  0.00472622  0.00930024   0.0221913
 0.00472622    0.186655 0.000767068   0.0179725
 0.00930024 0.000767068    0.195179 -0.00149047
  0.0221913   0.0179725 -0.00149047    0.299236
IMAGINARY
          0 -0.00310623 -0.00225636   0.0027158
 0.00310623           0  0.00922541 -0.00166639
 0.00225636 -0.00922541           0 -0.00383403
 -0.0027158  0.00166639  0.00383403           0
EndNode1[0]<--->Repeater1[0]
REAL
    0.300661    0.0148448   0.00251285    0.0189547
   0.0148448     0.187913  -0.00242074 -0.000675736
  0.00251285  -0.00242074     0.188515  -0.00719014
   0.0189547 -0.000675736  -0.00719014      0.32291
IMAGINARY
          0   0.0035893 -0.00801729 -0.00363255
 -0.0035893           0  0.00451077 -0.00561344
 0.00801729 -0.00451077           0   0.0078729
 0.00363255  0.00561344  -0.0078729           0
EndNode2[0]<--->HoM1[0]
REAL
    0.310515 -5.64555e-05  -0.00220879    0.0207792
-5.64555e-05     0.194573   0.00175426  -0.00235881
 -0.00220879   0.00175426     0.197348   0.00157899
   0.0207792  -0.00235881   0.00157899     0.297564
IMAGINARY
           0   -0.0045595  4.01172e-05   0.00595684
   0.0045595            0   -0.0055049   -0.0036073
-4.01172e-05    0.0055049            0  -0.00673657
 -0.00595684    0.0036073   0.00673657            0
Repeater1[0]<--->EndNode1[0]
REAL
    0.300661   0.00251285    0.0148448    0.0189547
  0.00251285     0.188515  -0.00242074  -0.00719014
   0.0148448  -0.00242074     0.187913 -0.000675736
   0.0189547  -0.00719014 -0.000675736      0.32291
IMAGINARY
          0 -0.00801729   0.0035893 -0.00363255
 0.00801729           0 -0.00451077   0.0078729
 -0.0035893  0.00451077           0 -0.00561344
 0.00363255  -0.0078729  0.00561344           0
Repeater1[0]<--->HoM1[0]
REAL
    0.310515  -0.00220879 -5.64555e-05    0.0207792
 -0.00220879     0.197348   0.00175426   0.00157899
-5.64555e-05   0.00175426     0.194573  -0.00235881
   0.0207792   0.00157899  -0.00235881     0.297564
IMAGINARY
           0  4.01172e-05   -0.0045595   0.00595684
-4.01172e-05            0    0.0055049  -0.00673657
   0.0045595   -0.0055049            0   -0.0036073
 -0.00595684   0.00673657    0.0036073            0
EndNode1[0]<--->Repeater1[0]
REAL
   0.328563  0.00879351 0.000864433    0.022369
 0.00879351    0.189484 -0.00312124  0.00222108
0.000864433 -0.00312124    0.185439   -0.005708
   0.022369  0.00222108   -0.005708    0.296515
IMAGINARY
          0 -0.00908825  0.00216727  0.00261231
 0.00908825           0  -0.0038393 -0.00292142
-0.00216727   0.0038393           0  0.00531751
-0.00261231  0.00292142 -0.00531751           0
EndNode2[0]<--->HoM1[0]
REAL
   0.313666 -0.00580214  0.00803336   0.0177396
-0.00580214    0.191451   0.0110341  0.00447041
 0.00803336   0.0110341    0.194461  0.00444631
  0.0177396  0.00447041  0.00444631    0.300421
IMAGINARY
          0 -0.00318048  0.00543619 -0.00277131
 0.00318048           0  0.00321947  -0.0048531
-0.00543619 -0.00321947           0 -0.00731515
 0.00277131   0.0048531  0.00731515           0
Repeater1[0]<--->EndNode1[0]
REAL
   0.328563 0.000864433  0.00879351    0.022369
0.000864433    0.185439 -0.00312124   -0.005708
 0.00879351 -0.00312124    0.189484  0.00222108
   0.022369   -0.005708  0.00222108    0.296515
IMAGINARY
          0  0.00216727 -0.00908825  0.00261231
-0.00216727           0   0.0038393  0.00531751
 0.00908825  -0.0038393           0 -0.00292142
-0.00261231 -0.00531751  0.00292142           0
Repeater1[0]<--->HoM1[0]
REAL
   0.313666  0.00803336 -0.00580214   0.0177396
 0.00803336    0.194461   0.0110341  0.00444631
-0.00580214   0.0110341    0.191451  0.00447041
  0.0177396  0.00444631  0.00447041    0.300421
IMAGINARY
          0  0.00543619 -0.00318048 -0.00277131
-0.00543619           0 -0.00321947 -0.00731515
 0.00318048  0.00321947           0  -0.0048531
 0.00277131  0.00731515   0.0048531           0
EndNode1[0]<--->Repeater1[0]
REAL
   0.309751 -0.00216279 -0.00391928  0.00641218
-0.00216279    0.190403 0.000217487  0.00314839
-0.00391928 0.000217487    0.190711  0.00509217
 0.00641218  0.00314839  0.00509217    0.309136
IMAGINARY
          0  0.00619469 -0.00517334   0.0109507
-0.00619469           0  0.00307081   0.0019285
 0.00517334 -0.00307081           0  0.00117994
 -0.0109507  -0.0019285 -0.00117994           0
EndNode2[0]<--->HoM1[0]
REAL
   0.326819 0.000480375  0.00590359   0.0110748
0.000480375    0.186109  0.00612426 -0.00651784
 0.00590359  0.00612426    0.189417  0.00689063
  0.0110748 -0.00651784  0.00689063    0.297655
IMAGINARY
          0  0.00622413  0.00457721   0.0058096
-0.00622413           0  0.00297801 -0.00712747
-0.00457721 -0.00297801           0   -0.004874
 -0.0058096  0.00712747    0.004874           0
Repeater1[0]<--->EndNode1[0]
REAL
   0.309751 -0.00391928 -0.00216279  0.00641218
-0.00391928    0.190711 0.000217487  0.00509217
-0.00216279 0.000217487    0.190403  0.00314839
 0.00641218  0.00509217  0.00314839    0.309136
IMAGINARY
          0 -0.00517334  0.00619469   0.0109507
 0.00517334           0 -0.00307081  0.00117994
-0.00619469  0.00307081           0   0.0019285
 -0.0109507 -0.00117994  -0.0019285           0
Repeater1[0]<--->HoM1[0]
REAL
   0.326819  0.00590359 0.000480375   0.0110748
 0.00590359    0.189417  0.00612426  0.00689063
0.000480375  0.00612426    0.186109 -0.00651784
  0.0110748  0.00689063 -0.00651784    0.297655
IMAGINARY
          0  0.00457721  0.00622413   0.0058096
-0.00457721           0 -0.00297801   -0.004874
-0.00622413  0.00297801           0 -0.00712747
 -0.0058096    0.004874  0.00712747           0
EndNode1[0]<--->Repeater1[0]
REAL
   0.310428 -0.00580162 -0.00192098   0.0159706
-0.00580162     0.18686 -0.00324866  0.00162512
-0.00192098 -0.00324866    0.192887  0.00461819
  0.0159706  0.00162512  0.00461819    0.309825
IMAGINARY
           0   0.00210586   0.00399698  -0.00499698
 -0.00210586            0  4.53995e-06  -0.00399698
 -0.00399698 -4.53995e-06            0   0.00299925
  0.00499698   0.00399698  -0.00299925            0
EndNode2[0]<--->HoM1[0]
REAL
   0.303922 0.000241266  0.00264412   0.0162328
0.000241266    0.181224  0.00655539  0.00912233
 0.00264412  0.00655539    0.198752 -0.00813522
  0.0162328  0.00912233 -0.00813522    0.316102
IMAGINARY
          0  0.00335022  0.00344998  0.00107704
-0.00335022           0     0.01642 -0.00403649
-0.00344998    -0.01642           0 -0.00276371
-0.00107704  0.00403649  0.00276371           0
Repeater1[0]<--->EndNode1[0]
REAL
   0.310428 -0.00192098 -0.00580162   0.0159706
-0.00192098    0.192887 -0.00324866  0.00461819
-0.00580162 -0.00324866     0.18686  0.00162512
  0.0159706  0.00461819  0.00162512    0.309825
IMAGINARY
           0   0.00399698   0.00210586  -0.00499698
 -0.00399698            0 -4.53995e-06   0.00299925
 -0.00210586  4.53995e-06            0  -0.00399698
  0.00499698  -0.00299925   0.00399698            0
Repeater1[0]<--->HoM1[0]
REAL
   0.303922  0.00264412 0.000241266   0.0162328
 0.00264412    0.198752  0.00655539 -0.00813522
0.000241266  0.00655539    0.181224  0.00912233
  0.0162328 -0.00813522  0.00912233    0.316102
IMAGINARY
          0  0.00344998  0.00335022  0.00107704
-0.00344998           0    -0.01642 -0.00276371
-0.00335022     0.01642           0 -0.00403649
-0.00107704  0.00276371  0.00403649           0
EndNode1[0]<--->Repeater1[0]
REAL
   0.313981  0.00524934  0.00545853  0.00817597
 0.00524934    0.192239 -0.00129314 -0.00163473
 0.00545853 -0.00129314    0.183649  0.00346892
 0.00817597 -0.00163473  0.00346892     0.31013
IMAGINARY
           0  -0.00772998 -0.000694003  -0.00052083
  0.00772998            0  0.000814085 -0.000392616
 0.000694003 -0.000814085            0  -0.00236005
  0.00052083  0.000392616   0.00236005            0
EndNode2[0]<--->HoM1[0]
REAL
    0.308733   0.00402663  -0.00692582    0.0149075
  0.00402663     0.196413 -0.000135742   0.00468768
 -0.00692582 -0.000135742     0.187004    0.0044783
   0.0149075   0.00468768    0.0044783     0.307851
IMAGINARY
           0   0.00561511  1.96107e-05  0.000150757
 -0.00561511            0   0.00672367  -0.00344529
-1.96107e-05  -0.00672367            0 -0.000997889
-0.000150757   0.00344529  0.000997889            0
Repeater1[0]<--->EndNode1[0]
REAL
   0.313981  0.00545853  0.00524934  0.00817597
 0.00545853    0.183649 -0.00129314  0.00346892
 0.00524934 -0.00129314    0.192239 -0.00163473
 0.00817597  0.00346892 -0.00163473     0.31013
IMAGINARY
           0 -0.000694003  -0.00772998  -0.00052083
 0.000694003            0 -0.000814085  -0.00236005
  0.00772998  0.000814085            0 -0.000392616
  0.00052083   0.00236005  0.000392616            0
Repeater1[0]<--->HoM1[0]
REAL
    0.308733  -0.00692582   0.00402663    0.0149075
 -0.00692582     0.187004 -0.000135742    0.0044783
  0.00402663 -0.000135742     0.196413   0.00468768
   0.0149075    0.0044783   0.00468768     0.307851
IMAGINARY
           0  1.96107e-05   0.00561511  0.000150757
-1.96107e-05            0  -0.00672367 -0.000997889
 -0.00561511   0.00672367            0  -0.00344529
-0.000150757  0.000997889   0.00344529            0
EndNode1[0]<--->Repeater1[0]
REAL
   0.312291  -0.0012841  0.00488181   0.0142327
 -0.0012841    0.191502 -0.00859763  -0.0083847
 0.00488181 -0.00859763    0.184825  0.00600539
  0.0142327  -0.0083847  0.00600539    0.311381
IMAGINARY
          0  0.00501866   0.0038424  0.00626087
-0.00501866           0 -0.00935493  0.00265896
 -0.0038424  0.00935493           0 -0.00123879
-0.00626087 -0.00265896  0.00123879           0
EndNode2[0]<--->HoM1[0]
REAL
    0.310375  -0.00115546 -0.000752445  0.000231949
 -0.00115546     0.186816   0.00702338  -0.00310677
-0.000752445   0.00702338     0.203074 -0.000851328
 0.000231949  -0.00310677 -0.000851328     0.299734
IMAGINARY
          0  0.00678669 -0.00632546   0.0030954
-0.00678669           0  0.00546928  0.00617454
 0.00632546 -0.00546928           0  0.00573972
 -0.0030954 -0.00617454 -0.00573972           0
Repeater1[0]<--->EndNode1[0]
REAL
   0.312291  0.00488181  -0.0012841   0.0142327
 0.00488181    0.184825 -0.00859763  0.00600539
 -0.0012841 -0.00859763    0.191502  -0.0083847
  0.0142327  0.00600539  -0.0083847    0.311381
IMAGINARY
          0   0.0038424  0.00501866  0.00626087
 -0.0038424           0  0.00935493 -0.00123879
-0.00501866 -0.00935493           0  0.00265896
-0.00626087  0.00123879 -0.00265896           0
Repeater1[0]<--->HoM1[0]
REAL
    0.310375 -0.000752445  -0.00115546  0.000231949
-0.000752445     0.203074   0.00702338 -0.000851328
 -0.00115546   0.00702338     0.186816  -0.00310677
 0.000231949 -0.000851328  -0.00310677     0.299734
IMAGINARY
          0 -0.00632546  0.00678669   0.0030954
 0.00632546           0 -0.00546928  0.00573972
-0.00678669  0.00546928           0  0.00617454
 -0.0030954 -0.00573972 -0.00617454           0
EndNode1[0]<--->Repeater1[0]
REAL
    0.307073 -0.000720369  -0.00306503   0.00791724
-0.000720369      0.19815  -0.00219709  -0.00441517
 -0.00306503  -0.00219709     0.187407  -0.00235971
  0.00791724  -0.00441517  -0.00235971     0.307371
IMAGINARY
          0  0.00116212  0.00625422 -0.00148267
-0.00116212           0   0.0158539 -0.00786665
-0.00625422  -0.0158539           0  0.00777954
 0.00148267  0.00786665 -0.00777954           0
EndNode2[0]<--->HoM1[0]
REAL
  0.303629 -0.0109719 0.00131778 0.00174216
-0.0109719   0.189141  0.0070993 0.00630418
0.00131778  0.0070993   0.191207 0.00121584
0.00174216 0.00630418 0.00121584   0.316022
IMAGINARY
           0  0.000429695   0.00798246   -0.0013657
-0.000429695            0  -0.00398189  -0.00143484
 -0.00798246   0.00398189            0   0.00373697
   0.0013657   0.00143484  -0.00373697            0
Repeater1[0]<--->EndNode1[0]
REAL
    0.307073  -0.00306503 -0.000720369   0.00791724
 -0.00306503     0.187407  -0.00219709  -0.00235971
-0.000720369  -0.00219709      0.19815  -0.00441517
  0.00791724  -0.00235971  -0.00441517     0.307371
IMAGINARY
          0  0.00625422  0.00116212 -0.00148267
-0.00625422           0  -0.0158539  0.00777954
-0.00116212   0.0158539           0 -0.00786665
 0.00148267 -0.00777954  0.00786665           0
Repeater1[0]<--->HoM1[0]
REAL
  0.303629 0.00131778 -0.0109719 0.00174216
0.00131778   0.191207  0.0070993 0.00121584
-0.0109719  0.0070993   0.189141 0.00630418
0.00174216 0.00121584 0.00630418   0.316022
IMAGINARY
           0   0.00798246  0.000429695   -0.0013657
 -0.00798246            0   0.00398189   0.00373697
-0.000429695  -0.00398189            0  -0.00143484
   0.0013657  -0.00373697   0.00143484            0
EndNode1[0]<--->Repeater1[0]
REAL
    0.313202    0.0105511 -0.000395467   0.00783043
   0.0105511      0.18695    0.0002972    0.0034057
-0.000395467    0.0002972      0.19393   -0.0147654
  0.00783043    0.0034057   -0.0147654     0.305918
IMAGINARY
           0  -0.00192037   0.00884836  0.000122656
  0.00192037            0  -0.00318263  0.000161982
 -0.00884836   0.00318263            0  -0.00147697
-0.000122656 -0.000161982   0.00147697            0
EndNode2[0]<--->HoM1[0]
REAL
   0.306333  -0.0106669  0.00277075   0.0198496
 -0.0106669    0.192342 -0.00324657  -0.0035054
 0.00277075 -0.00324657     0.19352  -0.0079931
  0.0198496  -0.0035054  -0.0079931    0.307806
IMAGINARY
           0   -0.0053769   0.00922564  -0.00368003
   0.0053769            0 -5.46551e-05   0.00606774
 -0.00922564  5.46551e-05            0  7.10371e-05
  0.00368003  -0.00606774 -7.10371e-05            0
Repeater1[0]<--->EndNode1[0]
REAL
    0.313202 -0.000395467    0.0105511   0.00783043
-0.000395467      0.19393    0.0002972   -0.0147654
   0.0105511    0.0002972      0.18695    0.0034057
  0.00783043   -0.0147654    0.0034057     0.305918
IMAGINARY
           0   0.00884836  -0.00192037  0.000122656
 -0.00884836            0   0.00318263  -0.00147697
  0.00192037  -0.00318263            0  0.000161982
-0.000122656   0.00147697 -0.000161982            0
Repeater1[0]<--->HoM1[0]
REAL
   0.306333  0.00277075  -0.0106669   0.0198496
 0.00277075     0.19352 -0.00324657  -0.0079931
 -0.0106669 -0.00324657    0.192342  -0.0035054
  0.0198496  -0.0079931  -0.0035054    0.307806
IMAGINARY
           0   0.00922564   -0.0053769  -0.00368003
 -0.00922564            0  5.46551e-05  7.10371e-05
   0.0053769 -5.46551e-05            0   0.00606774
  0.00368003 -7.10371e-05  -0.00606774            0
EndNode1[0]<--->Repeater1[0]
REAL
    0.301625  -0.00234838   0.00264467    0.0142465
 -0.00234838     0.202954   0.00617713   0.00234776
  0.00264467   0.00617713     0.193205 -0.000828624
   0.0142465   0.00234776 -0.000828624     0.302216
IMAGINARY
          0  0.00562796  0.00949798  0.00140918
-0.00562796           0  0.00370206  0.00484751
-0.00949798 -0.00370206           0 -0.00562796
-0.00140918 -0.00484751  0.00562796           0
EndNode2[0]<--->HoM1[0]
REAL
    0.316188  -0.00692374 -3.44934e-05     0.016301
 -0.00692374     0.194856  -0.00722663  -0.00480519
-3.44934e-05  -0.00722663     0.187292   0.00662126
    0.016301  -0.00480519   0.00662126     0.301664
IMAGINARY
          0  0.00223648 -0.00137658  0.00464978
-0.00223648           0 -0.00105481  0.00951508
 0.00137658  0.00105481           0  0.00738175
-0.00464978 -0.00951508 -0.00738175           0
Repeater1[0]<--->EndNode1[0]
REAL
    0.301625   0.00264467  -0.00234838    0.0142465
  0.00264467     0.193205   0.00617713 -0.000828624
 -0.00234838   0.00617713     0.202954   0.00234776
   0.0142465 -0.000828624   0.00234776     0.302216
IMAGINARY
          0  0.00949798  0.00562796  0.00140918
-0.00949798           0 -0.00370206 -0.00562796
-0.00562796  0.00370206           0  0.00484751
-0.00140918  0.00562796 -0.00484751           0
Repeater1[0]<--->HoM1[0]
REAL
    0.316188 -3.44934e-05  -0.00692374     0.016301
-3.44934e-05     0.187292  -0.00722663   0.00662126
 -0.00692374  -0.00722663     0.194856  -0.00480519
    0.016301   0.00662126  -0.00480519     0.301664
IMAGINARY
          0 -0.00137658  0.00223648  0.00464978
 0.00137658           0  0.00105481  0.00738175
-0.00223648 -0.00105481           0  0.00951508
-0.00464978 -0.00738175 -0.00951508           0
EndNode1[0]<--->Repeater1[0]
REAL
   0.306062  -0.0033486 -0.00765718  0.00791391
 -0.0033486    0.178929 0.000602659  0.00316663
-0.00765718 0.000602659    0.202766  0.00412283
 0.00791391  0.00316663  0.00412283    0.312242
IMAGINARY
           0  -0.00166495   -0.0094767  -0.00381205
  0.00166495            0    0.0143289   0.00574647
   0.0094767   -0.0143289            0 -0.000274772
  0.00381205  -0.00574647  0.000274772            0
EndNode2[0]<--->HoM1[0]
REAL
   0.328626 -0.00560673  0.00455267   0.0195795
-0.00560673    0.186231  0.00212009  0.00348981
 0.00455267  0.00212009    0.180347  0.00150961
  0.0195795  0.00348981  0.00150961    0.304796
IMAGINARY
          0 -0.00193084  0.00293813   0.0057259
 0.00193084           0 -0.00106144  0.00338336
-0.00293813  0.00106144           0 -0.00830396
 -0.0057259 -0.00338336  0.00830396           0
Repeater1[0]<--->EndNode1[0]
REAL
   0.306062 -0.00765718  -0.0033486  0.00791391
-0.00765718    0.202766 0.000602659  0.00412283
 -0.0033486 0.000602659    0.178929  0.00316663
 0.00791391  0.00412283  0.00316663    0.312242
IMAGINARY
           0   -0.0094767  -0.00166495  -0.00381205
   0.0094767            0   -0.0143289 -0.000274772
  0.00166495    0.0143289            0   0.00574647
  0.00381205  0.000274772  -0.00574647            0
Repeater1[0]<--->HoM1[0]
REAL
   0.328626  0.00455267 -0.00560673   0.0195795
 0.00455267    0.180347  0.00212009  0.00150961
