EndNode1[0]<--->Repeater1[0]
REAL
   0.351178 -0.00371838  0.00246065    0.215348
-0.00371838    0.134904 -0.00865327 -0.00921538
 0.00246065 -0.00865327    0.146528   0.0014668
   0.215348 -0.00921538   0.0014668    0.367391
IMAGINARY
           0   0.00536995    0.0176788  0.000581324
 -0.00536995            0    -0.015778  -0.00868219
  -0.0176788     0.015778            0   0.00362669
-0.000581324   0.00868219  -0.00362669            0
EndNode2[0]<--->HoM1[0]
REAL
    0.364596  -0.00198207 -0.000905779     0.224213
 -0.00198207     0.138118   0.00134221   0.00240548
-0.000905779   0.00134221     0.148673  0.000182431
    0.224213   0.00240548  0.000182431     0.348613
IMAGINARY
          0  0.00599237 -0.00229179  -0.0132849
-0.00599237           0 -0.00195901  0.00433379
 0.00229179  0.00195901           0 -0.00628408
  0.0132849 -0.00433379  0.00628408           0
Repeater1[0]<--->EndNode1[0]
REAL
   0.351178  0.00246065 -0.00371838    0.215348
 0.00246065    0.146528 -0.00865327   0.0014668
-0.00371838 -0.00865327    0.134904 -0.00921538
   0.215348   0.0014668 -0.00921538    0.367391
IMAGINARY
           0    0.0176788   0.00536995  0.000581324
  -0.0176788            0     0.015778   0.00362669
 -0.00536995    -0.015778            0  -0.00868219
-0.000581324  -0.00362669   0.00868219            0
Repeater1[0]<--->HoM1[0]
REAL
    0.364596 -0.000905779  -0.00198207     0.224213
-0.000905779     0.148673   0.00134221  0.000182431
 -0.00198207   0.00134221     0.138118   0.00240548
    0.224213  0.000182431   0.00240548     0.348613
IMAGINARY
          0 -0.00229179  0.00599237  -0.0132849
 0.00229179           0  0.00195901 -0.00628408
-0.00599237 -0.00195901           0  0.00433379
  0.0132849  0.00628408 -0.00433379           0
EndNode1[0]<--->Repeater1[0]
REAL
   0.344491   0.0123555 -0.00243046     0.21307
  0.0123555    0.142773  0.00164609 -0.00434053
-0.00243046  0.00164609    0.151659  0.00193882
    0.21307 -0.00434053  0.00193882    0.361078
IMAGINARY
           0   0.00167386  -0.00283787   0.00299837
 -0.00167386            0 -0.000190212   -0.0139085
  0.00283787  0.000190212            0    0.0129793
 -0.00299837    0.0139085   -0.0129793            0
EndNode2[0]<--->HoM1[0]
REAL
    0.358676 -0.000670374  -0.00145815     0.198704
-0.000670374     0.133572   0.00449645   0.00387361
 -0.00145815   0.00449645     0.147585  -0.00325475
    0.198704   0.00387361  -0.00325475     0.360167
IMAGINARY
           0 -0.000468764   0.00294031   0.00489891
 0.000468764            0  -0.00489891   0.00485151
 -0.00294031   0.00489891            0    0.0132591
 -0.00489891  -0.00485151   -0.0132591            0
Repeater1[0]<--->EndNode1[0]
REAL
   0.344491 -0.00243046   0.0123555     0.21307
-0.00243046    0.151659  0.00164609  0.00193882
  0.0123555  0.00164609    0.142773 -0.00434053
    0.21307  0.00193882 -0.00434053    0.361078
IMAGINARY
           0  -0.00283787   0.00167386   0.00299837
  0.00283787            0  0.000190212    0.0129793
 -0.00167386 -0.000190212            0   -0.0139085
 -0.00299837   -0.0129793    0.0139085            0
Repeater1[0]<--->HoM1[0]
REAL
    0.358676  -0.00145815 -0.000670374     0.198704
 -0.00145815     0.147585   0.00449645  -0.00325475
-0.000670374   0.00449645     0.133572   0.00387361
    0.198704  -0.00325475   0.00387361     0.360167
IMAGINARY
           0   0.00294031 -0.000468764   0.00489891
 -0.00294031            0   0.00489891    0.0132591
 0.000468764  -0.00489891            0   0.00485151
 -0.00489891   -0.0132591  -0.00485151            0
EndNode1[0]<--->Repeater1[0]
REAL
   0.362043 -0.00349714  0.00376662    0.224158
-0.00349714     0.14657  0.00464567  0.00376662
 0.00376662  0.00464567    0.145361  0.00216774
   0.224158  0.00376662  0.00216774    0.346026
IMAGINARY
          0  0.00522032  -0.0076555  0.00404034
-0.00522032           0  0.00133601 -0.00602683
  0.0076555 -0.00133601           0 -0.00492288
-0.00404034  0.00602683  0.00492288           0
EndNode2[0]<--->HoM1[0]
REAL
   0.363746 -0.00566785 -0.00886566    0.206277
-0.00566785    0.151057 -0.00205613  0.00567707
-0.00886566 -0.00205613    0.142598 -0.00420157
   0.206277  0.00567707 -0.00420157    0.342598
IMAGINARY
           0  0.000872229   0.00793009   0.00442745
-0.000872229            0   0.00562577    0.0124536
 -0.00793009  -0.00562577            0   -0.0137619
 -0.00442745   -0.0124536    0.0137619            0
Repeater1[0]<--->EndNode1[0]
REAL
   0.362043  0.00376662 -0.00349714    0.224158
 0.00376662    0.145361  0.00464567  0.00216774
-0.00349714  0.00464567     0.14657  0.00376662
   0.224158  0.00216774  0.00376662    0.346026
IMAGINARY
          0  -0.0076555  0.00522032  0.00404034
  0.0076555           0 -0.00133601 -0.00492288
-0.00522032  0.00133601           0 -0.00602683
-0.00404034  0.00492288  0.00602683           0
Repeater1[0]<--->HoM1[0]
REAL
   0.363746 -0.00886566 -0.00566785    0.206277
-0.00886566    0.142598 -0.00205613 -0.00420157
-0.00566785 -0.00205613    0.151057  0.00567707
   0.206277 -0.00420157  0.00567707    0.342598
IMAGINARY
           0   0.00793009  0.000872229   0.00442745
 -0.00793009            0  -0.00562577   -0.0137619
-0.000872229   0.00562577            0    0.0124536
 -0.00442745    0.0137619   -0.0124536            0
EndNode1[0]<--->Repeater1[0]
REAL
    0.35063 -0.00232326  0.00672859    0.218358
-0.00232326     0.14893  -0.0058209  0.00162961
 0.00672859  -0.0058209    0.144532  0.00441281
   0.218358  0.00162961  0.00441281    0.355907
IMAGINARY
           0  -0.00108146  -0.00865761  -0.00457654
  0.00108146            0  0.000780606  -0.00805881
  0.00865761 -0.000780606            0   0.00346952
  0.00457654   0.00805881  -0.00346952            0
EndNode2[0]<--->HoM1[0]
REAL
   0.365396    0.011454  0.00420022    0.209897
   0.011454    0.153962  0.00281158 -0.00569187
 0.00420022  0.00281158    0.141863 -0.00369748
   0.209897 -0.00569187 -0.00369748    0.338778
IMAGINARY
           0   0.00223678 -3.02757e-05   0.00238302
 -0.00223678            0  -0.00371635   0.00847973
 3.02757e-05   0.00371635            0  -0.00119913
 -0.00238302  -0.00847973   0.00119913            0
Repeater1[0]<--->EndNode1[0]
REAL
    0.35063  0.00672859 -0.00232326    0.218358
 0.00672859    0.144532  -0.0058209  0.00441281
-0.00232326  -0.0058209     0.14893  0.00162961
   0.218358  0.00441281  0.00162961    0.355907
IMAGINARY
           0  -0.00865761  -0.00108146  -0.00457654
  0.00865761            0 -0.000780606   0.00346952
  0.00108146  0.000780606            0  -0.00805881
  0.00457654  -0.00346952   0.00805881            0
Repeater1[0]<--->HoM1[0]
REAL
   0.365396  0.00420022    0.011454    0.209897
 0.00420022    0.141863  0.00281158 -0.00369748
   0.011454  0.00281158    0.153962 -0.00569187
   0.209897 -0.00369748 -0.00569187    0.338778
IMAGINARY
           0 -3.02757e-05   0.00223678   0.00238302
 3.02757e-05            0   0.00371635  -0.00119913
 -0.00223678  -0.00371635            0   0.00847973
 -0.00238302   0.00119913  -0.00847973            0
EndNode1[0]<--->Repeater1[0]
REAL
   0.357121 0.000408357  0.00446421     0.21667
0.000408357    0.144836   0.0050478  0.00430772
 0.00446421   0.0050478    0.149654  0.00836357
    0.21667  0.00430772  0.00836357    0.348389
IMAGINARY
           0   -0.0179866  0.000438896  -0.00395405
   0.0179866            0  -0.00532977   0.00028933
-0.000438896   0.00532977            0   0.00444161
  0.00395405  -0.00028933  -0.00444161            0
EndNode2[0]<--->HoM1[0]
REAL
   0.360784 -0.00239669 -0.00334387    0.215972
-0.00239669    0.133333  0.00168594   0.0103651
-0.00334387  0.00168594    0.148718  0.00194853
   0.215972   0.0103651  0.00194853    0.357164
IMAGINARY
          0 -0.00191514 -0.00274532  0.00426237
 0.00191514           0 -0.00836313   0.0119028
 0.00274532  0.00836313           0  0.00191514
-0.00426237  -0.0119028 -0.00191514           0
Repeater1[0]<--->EndNode1[0]
REAL
   0.357121  0.00446421 0.000408357     0.21667
 0.00446421    0.149654   0.0050478  0.00836357
0.000408357   0.0050478    0.144836  0.00430772
    0.21667  0.00836357  0.00430772    0.348389
IMAGINARY
           0  0.000438896   -0.0179866  -0.00395405
-0.000438896            0   0.00532977   0.00444161
   0.0179866  -0.00532977            0   0.00028933
  0.00395405  -0.00444161  -0.00028933            0
Repeater1[0]<--->HoM1[0]
REAL
   0.360784 -0.00334387 -0.00239669    0.215972
-0.00334387    0.148718  0.00168594  0.00194853
-0.00239669  0.00168594    0.133333   0.0103651
   0.215972  0.00194853   0.0103651    0.357164
IMAGINARY
          0 -0.00274532 -0.00191514  0.00426237
 0.00274532           0  0.00836313  0.00191514
 0.00191514 -0.00836313           0   0.0119028
-0.00426237 -0.00191514  -0.0119028           0
EndNode1[0]<--->Repeater1[0]
REAL
    0.338041  0.000188446  -0.00471589     0.212536
 0.000188446     0.152644  -0.00285819 -0.000861437
 -0.00471589  -0.00285819     0.135817  -0.00365543
    0.212536 -0.000861437  -0.00365543     0.373498
IMAGINARY
          0 -0.00521785  -0.0034786 -0.00702959
 0.00521785           0 -0.00402839  0.00884852
  0.0034786  0.00402839           0 -0.00432869
 0.00702959 -0.00884852  0.00432869           0
EndNode2[0]<--->HoM1[0]
REAL
   0.356469 -0.00200512  0.00176991    0.221064
-0.00200512    0.144292 0.000203522 -0.00176991
 0.00176991 0.000203522    0.142161  -0.0119167
   0.221064 -0.00176991  -0.0119167    0.357078
IMAGINARY
          0 -0.00171665  0.00718362 -0.00423744
 0.00171665           0  -0.0072243  0.00566755
-0.00718362   0.0072243           0 -0.00216859
 0.00423744 -0.00566755  0.00216859           0
Repeater1[0]<--->EndNode1[0]
REAL
    0.338041  -0.00471589  0.000188446     0.212536
 -0.00471589     0.135817  -0.00285819  -0.00365543
 0.000188446  -0.00285819     0.152644 -0.000861437
    0.212536  -0.00365543 -0.000861437     0.373498
IMAGINARY
          0  -0.0034786 -0.00521785 -0.00702959
  0.0034786           0  0.00402839 -0.00432869
 0.00521785 -0.00402839           0  0.00884852
 0.00702959  0.00432869 -0.00884852           0
Repeater1[0]<--->HoM1[0]
REAL
   0.356469  0.00176991 -0.00200512    0.221064
 0.00176991    0.142161 0.000203522  -0.0119167
-0.00200512 0.000203522    0.144292 -0.00176991
   0.221064  -0.0119167 -0.00176991    0.357078
IMAGINARY
          0  0.00718362 -0.00171665 -0.00423744
-0.00718362           0   0.0072243 -0.00216859
 0.00171665  -0.0072243           0  0.00566755
 0.00423744  0.00216859 -0.00566755           0
EndNode1[0]<--->Repeater1[0]
REAL
    0.360181  -0.00503479   0.00123181     0.217693
 -0.00503479     0.136652 -0.000453718   0.00408895
  0.00123181 -0.000453718     0.144796   0.00792321
    0.217693   0.00408895   0.00792321     0.358371
IMAGINARY
          0   0.0176715 -0.00448046 -0.00696136
 -0.0176715           0   -0.006814 -0.00843905
 0.00448046    0.006814           0  0.00920701
 0.00696136  0.00843905 -0.00920701           0
EndNode2[0]<--->HoM1[0]
REAL
   0.358804  -0.0029935 -0.00224671    0.214454
 -0.0029935    0.130776  -0.0158733   0.0141766
-0.00224671  -0.0158733    0.139837  0.00103035
   0.214454   0.0141766  0.00103035    0.370583
IMAGINARY
          0 -0.00573795   0.0111938 -0.00654825
 0.00573795           0 -0.00503767   0.0031003
 -0.0111938  0.00503767           0 -0.00885091
 0.00654825  -0.0031003  0.00885091           0
Repeater1[0]<--->EndNode1[0]
REAL
    0.360181   0.00123181  -0.00503479     0.217693
  0.00123181     0.144796 -0.000453718   0.00792321
 -0.00503479 -0.000453718     0.136652   0.00408895
    0.217693   0.00792321   0.00408895     0.358371
IMAGINARY
          0 -0.00448046   0.0176715 -0.00696136
 0.00448046           0    0.006814  0.00920701
 -0.0176715   -0.006814           0 -0.00843905
 0.00696136 -0.00920701  0.00843905           0
Repeater1[0]<--->HoM1[0]
REAL
   0.358804 -0.00224671  -0.0029935    0.214454
-0.00224671    0.139837  -0.0158733  0.00103035
 -0.0029935  -0.0158733    0.130776   0.0141766
   0.214454  0.00103035   0.0141766    0.370583
IMAGINARY
          0   0.0111938 -0.00573795 -0.00654825
 -0.0111938           0  0.00503767 -0.00885091
 0.00573795 -0.00503767           0   0.0031003
 0.00654825  0.00885091  -0.0031003           0
EndNode1[0]<--->Repeater1[0]
REAL
   0.352205 -0.00634498  0.00348124    0.198166
-0.00634498    0.150179  0.00553794 -0.00511087
 0.00348124  0.00553794    0.140048 -0.00358094
   0.198166 -0.00511087 -0.00358094    0.357569
IMAGINARY
          0  0.00135997 -0.00558343  0.00283108
-0.00135997           0  0.00871698 -0.00214546
 0.00558343 -0.00871698           0 -0.00730528
-0.00283108  0.00214546  0.00730528           0
EndNode2[0]<--->HoM1[0]
REAL
    0.351183  0.000186048 -0.000854145     0.213713
 0.000186048     0.126036  -0.00483001  -0.00662167
-0.000854145  -0.00483001     0.145858  -0.00267799
    0.213713  -0.00662167  -0.00267799     0.376923
IMAGINARY
          0 -0.00323648  0.00729975  -0.0124822
 0.00323648           0  0.00518293  0.00684835
-0.00729975 -0.00518293           0 -0.00639627
  0.0124822 -0.00684835  0.00639627           0
Repeater1[0]<--->EndNode1[0]
REAL
   0.352205  0.00348124 -0.00634498    0.198166
 0.00348124    0.140048  0.00553794 -0.00358094
-0.00634498  0.00553794    0.150179 -0.00511087
   0.198166 -0.00358094 -0.00511087    0.357569
IMAGINARY
          0 -0.00558343  0.00135997  0.00283108
 0.00558343           0 -0.00871698 -0.00730528
-0.00135997  0.00871698           0 -0.00214546
-0.00283108  0.00730528  0.00214546           0
Repeater1[0]<--->HoM1[0]
REAL
    0.351183 -0.000854145  0.000186048     0.213713
-0.000854145     0.145858  -0.00483001  -0.00267799
 0.000186048  -0.00483001     0.126036  -0.00662167
    0.213713  -0.00267799  -0.00662167     0.376923
IMAGINARY
          0  0.00729975 -0.00323648  -0.0124822
-0.00729975           0 -0.00518293 -0.00639627
 0.00323648  0.00518293           0  0.00684835
  0.0124822  0.00639627 -0.00684835           0
EndNode1[0]<--->Repeater1[0]
REAL
    0.35838  -0.0025804 -0.00748008    0.210163
 -0.0025804    0.141002  0.00250827 -0.00702374
-0.00748008  0.00250827    0.138528  0.00609185
   0.210163 -0.00702374  0.00609185     0.36209
IMAGINARY
          0 -0.00432164 -0.00226631 -0.00120122
 0.00432164           0   0.0121693 -0.00315864
 0.00226631  -0.0121693           0  0.00371886
 0.00120122  0.00315864 -0.00371886           0
EndNode2[0]<--->HoM1[0]
REAL
   0.362701  0.00529621 -0.00895978    0.204022
 0.00529621    0.144111   0.0056843  0.00160684
-0.00895978   0.0056843    0.141992  0.00470379
   0.204022  0.00160684  0.00470379    0.351196
IMAGINARY
          0 -0.00386163 -0.00663543   0.0123764
 0.00386163           0 -0.00243065  0.00544778
 0.00663543  0.00243065           0 -0.00267044
 -0.0123764 -0.00544778  0.00267044           0
Repeater1[0]<--->EndNode1[0]
REAL
    0.35838 -0.00748008  -0.0025804    0.210163
-0.00748008    0.138528  0.00250827  0.00609185
 -0.0025804  0.00250827    0.141002 -0.00702374
   0.210163  0.00609185 -0.00702374     0.36209
IMAGINARY
          0 -0.00226631 -0.00432164 -0.00120122
 0.00226631           0  -0.0121693  0.00371886
 0.00432164   0.0121693           0 -0.00315864
 0.00120122 -0.00371886  0.00315864           0
Repeater1[0]<--->HoM1[0]
REAL
   0.362701 -0.00895978  0.00529621    0.204022
-0.00895978    0.141992   0.0056843  0.00470379
 0.00529621   0.0056843    0.144111  0.00160684
   0.204022  0.00470379  0.00160684    0.351196
IMAGINARY
          0 -0.00663543 -0.00386163   0.0123764
 0.00663543           0  0.00243065 -0.00267044
 0.00386163 -0.00243065           0  0.00544778
 -0.0123764  0.00267044 -0.00544778           0
EndNode1[0]<--->Repeater1[0]
REAL
    0.364442   -0.0140469   -0.0076591     0.206541
  -0.0140469     0.144714 -0.000177429  -0.00781084
  -0.0076591 -0.000177429     0.135263 -0.000839309
    0.206541  -0.00781084 -0.000839309     0.355582
IMAGINARY
          0 -0.00596494  0.00510769  0.00325476
 0.00596494           0  0.00218801  0.00480649
-0.00510769 -0.00218801           0  -0.0101641
-0.00325476 -0.00480649   0.0101641           0
EndNode2[0]<--->HoM1[0]
REAL
    0.354937   0.00627176   0.00718762     0.222932
  0.00627176     0.146438  0.000995893 -0.000954721
  0.00718762  0.000995893     0.133904   0.00482584
    0.222932 -0.000954721   0.00482584      0.36472
IMAGINARY
           0    0.0123982   0.00315855  0.000557671
  -0.0123982            0    0.0161687  -0.00452013
 -0.00315855   -0.0161687            0    0.0013688
-0.000557671   0.00452013   -0.0013688            0
Repeater1[0]<--->EndNode1[0]
REAL
    0.364442   -0.0076591   -0.0140469     0.206541
  -0.0076591     0.135263 -0.000177429 -0.000839309
  -0.0140469 -0.000177429     0.144714  -0.00781084
    0.206541 -0.000839309  -0.00781084     0.355582
IMAGINARY
          0  0.00510769 -0.00596494  0.00325476
-0.00510769           0 -0.00218801  -0.0101641
 0.00596494  0.00218801           0  0.00480649
-0.00325476   0.0101641 -0.00480649           0
Repeater1[0]<--->HoM1[0]
REAL
    0.354937   0.00718762   0.00627176     0.222932
  0.00718762     0.133904  0.000995893   0.00482584
  0.00627176  0.000995893     0.146438 -0.000954721
    0.222932   0.00482584 -0.000954721      0.36472
IMAGINARY
           0   0.00315855    0.0123982  0.000557671
 -0.00315855            0   -0.0161687    0.0013688
  -0.0123982    0.0161687            0  -0.00452013
-0.000557671   -0.0013688   0.00452013            0
EndNode1[0]<--->Repeater1[0]
REAL
   0.346737 -0.00237819 -0.00873035    0.214912
-0.00237819     0.14831 -0.00225108 -0.00147968
-0.00873035 -0.00225108    0.145396 -0.00345611
   0.214912 -0.00147968 -0.00345611    0.359557
IMAGINARY
           0 -0.000529845   0.00258097 -0.000440111
 0.000529845            0   0.00310599  -0.00573696
 -0.00258097  -0.00310599            0   0.00458755
 0.000440111   0.00573696  -0.00458755            0
EndNode2[0]<--->HoM1[0]
REAL
   0.364633 -0.00784024 -0.00315389    0.220292
-0.00784024    0.132701 -0.00261031 -0.00472129
-0.00315389 -0.00261031    0.145438 0.000559407
   0.220292 -0.00472129 0.000559407    0.357227
IMAGINARY
           0  0.000943136   0.00626752    0.0042078
-0.000943136            0  -0.00449867   0.00567369
 -0.00626752   0.00449867            0    0.0186527
  -0.0042078  -0.00567369   -0.0186527            0
Repeater1[0]<--->EndNode1[0]
REAL
   0.346737 -0.00873035 -0.00237819    0.214912
-0.00873035    0.145396 -0.00225108 -0.00345611
-0.00237819 -0.00225108     0.14831 -0.00147968
   0.214912 -0.00345611 -0.00147968    0.359557
IMAGINARY
           0   0.00258097 -0.000529845 -0.000440111
 -0.00258097            0  -0.00310599   0.00458755
 0.000529845   0.00310599            0  -0.00573696
 0.000440111  -0.00458755   0.00573696            0
Repeater1[0]<--->HoM1[0]
REAL
   0.364633 -0.00315389 -0.00784024    0.220292
-0.00315389    0.145438 -0.00261031 0.000559407
-0.00784024 -0.00261031    0.132701 -0.00472129
   0.220292 0.000559407 -0.00472129    0.357227
IMAGINARY
           0   0.00626752  0.000943136    0.0042078
 -0.00626752            0   0.00449867    0.0186527
-0.000943136  -0.00449867            0   0.00567369
  -0.0042078   -0.0186527  -0.00567369            0
EndNode1[0]<--->Repeater1[0]
REAL
   0.361239     0.01043  0.00740234    0.212185
    0.01043    0.162833 0.000213741  0.00445596
 0.00740234 0.000213741    0.143821   0.0134367
   0.212185  0.00445596   0.0134367    0.332107
IMAGINARY
          0  0.00958998 -0.00597832 -0.00337169
-0.00958998           0 -0.00457434  0.00462819
 0.00597832  0.00457434           0  0.00436142
 0.00337169 -0.00462819 -0.00436142           0
EndNode2[0]<--->HoM1[0]
REAL
      0.3638 -0.000912863   0.00137159     0.219163
-0.000912863     0.143842   0.00834841   0.00255854
  0.00137159   0.00834841     0.142943    0.0077542
    0.219163   0.00255854    0.0077542     0.349416
IMAGINARY
           0   0.00410278   0.00857197    0.0011591
 -0.00410278            0   0.00471617  0.000541034
 -0.00857197  -0.00471617            0   0.00501022
  -0.0011591 -0.000541034  -0.00501022            0
Repeater1[0]<--->EndNode1[0]
REAL
   0.361239  0.00740234     0.01043    0.212185
 0.00740234    0.143821 0.000213741   0.0134367
    0.01043 0.000213741    0.162833  0.00445596
   0.212185   0.0134367  0.00445596    0.332107
IMAGINARY
          0 -0.00597832  0.00958998 -0.00337169
 0.00597832           0  0.00457434  0.00436142
-0.00958998 -0.00457434           0  0.00462819
 0.00337169 -0.00436142 -0.00462819           0
Repeater1[0]<--->HoM1[0]
REAL
      0.3638   0.00137159 -0.000912863     0.219163
  0.00137159     0.142943   0.00834841    0.0077542
-0.000912863   0.00834841     0.143842   0.00255854
    0.219163    0.0077542   0.00255854     0.349416
IMAGINARY
           0   0.00857197   0.00410278    0.0011591
 -0.00857197            0  -0.00471617   0.00501022
 -0.00410278   0.00471617            0  0.000541034
  -0.0011591  -0.00501022 -0.000541034            0
EndNode1[0]<--->Repeater1[0]
REAL
   0.352327 -0.00133862 -0.00199534    0.214685
-0.00133862    0.145286  0.00657103 -0.00273171
-0.00199534  0.00657103    0.136933  0.00393088
   0.214685 -0.00273171  0.00393088    0.365453
IMAGINARY
           0  0.000939776   0.00204046      0.01316
-0.000939776            0   0.00335015  -0.00174857
 -0.00204046  -0.00335015            0  -0.00298298
    -0.01316   0.00174857   0.00298298            0
EndNode2[0]<--->HoM1[0]
REAL
   0.348878    0.005441  0.00450279    0.208845
   0.005441    0.145218 -0.00128192 -0.00363674
 0.00450279 -0.00128192    0.141381  0.00437425
   0.208845 -0.00363674  0.00437425    0.364522
IMAGINARY
           0   0.00825343   0.00601566 -0.000357366
 -0.00825343            0   0.00264744   0.00368719
 -0.00601566  -0.00264744            0 -0.000369866
 0.000357366  -0.00368719  0.000369866            0
Repeater1[0]<--->EndNode1[0]
REAL
   0.352327 -0.00199534 -0.00133862    0.214685
-0.00199534    0.136933  0.00657103  0.00393088
-0.00133862  0.00657103    0.145286 -0.00273171
   0.214685  0.00393088 -0.00273171    0.365453
IMAGINARY
           0   0.00204046  0.000939776      0.01316
 -0.00204046            0  -0.00335015  -0.00298298
-0.000939776   0.00335015            0  -0.00174857
    -0.01316   0.00298298   0.00174857            0
Repeater1[0]<--->HoM1[0]
REAL
   0.348878  0.00450279    0.005441    0.208845
 0.00450279    0.141381 -0.00128192  0.00437425
   0.005441 -0.00128192    0.145218 -0.00363674
   0.208845  0.00437425 -0.00363674    0.364522
IMAGINARY
           0   0.00601566   0.00825343 -0.000357366
 -0.00601566            0  -0.00264744 -0.000369866
 -0.00825343   0.00264744            0   0.00368719
 0.000357366  0.000369866  -0.00368719            0
EndNode1[0]<--->Repeater1[0]
REAL
   0.355615 -0.00646945 -0.00272966    0.214309
-0.00646945     0.14587 -0.00243442  0.00303105
-0.00272966 -0.00243442    0.142305 -0.00528462
   0.214309  0.00303105 -0.00528462    0.356209
IMAGINARY
           0  -0.00449405  -0.00406864 -0.000772412
  0.00449405            0  -0.00122084   0.00207171
  0.00406864   0.00122084            0    0.0083343
 0.000772412  -0.00207171   -0.0083343            0
EndNode2[0]<--->HoM1[0]
REAL
   0.365245   0.0110259  0.00407237    0.213247
  0.0110259    0.143603  0.00995667 -0.00894448
 0.00407237  0.00995667    0.149985  0.00511298
   0.213247 -0.00894448  0.00511298    0.341166
IMAGINARY
           0   0.00431291   0.00959865  0.000223947
 -0.00431291            0 -0.000223947  -0.00371275
 -0.00959865  0.000223947            0 -0.000841733
-0.000223947   0.00371275  0.000841733            0
Repeater1[0]<--->EndNode1[0]
REAL
   0.355615 -0.00272966 -0.00646945    0.214309
-0.00272966    0.142305 -0.00243442 -0.00528462
-0.00646945 -0.00243442     0.14587  0.00303105
   0.214309 -0.00528462  0.00303105    0.356209
IMAGINARY
           0  -0.00406864  -0.00449405 -0.000772412
  0.00406864            0   0.00122084    0.0083343
  0.00449405  -0.00122084            0   0.00207171
 0.000772412   -0.0083343  -0.00207171            0
Repeater1[0]<--->HoM1[0]
REAL
   0.365245  0.00407237   0.0110259    0.213247
 0.00407237    0.149985  0.00995667  0.00511298
  0.0110259  0.00995667    0.143603 -0.00894448
   0.213247  0.00511298 -0.00894448    0.341166
IMAGINARY
           0   0.00959865   0.00431291  0.000223947
 -0.00959865            0  0.000223947 -0.000841733
 -0.00431291 -0.000223947            0  -0.00371275
-0.000223947  0.000841733   0.00371275            0
EndNode1[0]<--->Repeater1[0]
REAL
   0.358043 -0.00121284 -0.00254631    0.215155
-0.00121284    0.142257  -0.0057071  0.00314048
-0.00254631  -0.0057071    0.141957 0.000618662
   0.215155  0.00314048 0.000618662    0.357743
IMAGINARY
           0   0.00870463   0.00149395  -0.00677652
 -0.00870463            0  -0.00197924 -0.000756272
 -0.00149395   0.00197924            0  -0.00236058
  0.00677652  0.000756272   0.00236058            0
EndNode2[0]<--->HoM1[0]
REAL
   0.363799   0.0139776  0.00286698    0.211217
  0.0139776    0.146356 0.000455738   0.0119414
 0.00286698 0.000455738    0.138292  0.00460542
   0.211217   0.0119414  0.00460542    0.351553
IMAGINARY
           0  -0.00397935  -0.00191394  -0.00105138
  0.00397935            0 -0.000310197  0.000427614
  0.00191394  0.000310197            0  -0.00731673
  0.00105138 -0.000427614   0.00731673            0
Repeater1[0]<--->EndNode1[0]
REAL
   0.358043 -0.00254631 -0.00121284    0.215155
-0.00254631    0.141957  -0.0057071 0.000618662
-0.00121284  -0.0057071    0.142257  0.00314048
   0.215155 0.000618662  0.00314048    0.357743
IMAGINARY
           0   0.00149395   0.00870463  -0.00677652
 -0.00149395            0   0.00197924  -0.00236058
 -0.00870463  -0.00197924            0 -0.000756272
  0.00677652   0.00236058  0.000756272            0
Repeater1[0]<--->HoM1[0]
REAL
   0.363799  0.00286698   0.0139776    0.211217
 0.00286698    0.138292 0.000455738  0.00460542
  0.0139776 0.000455738    0.146356   0.0119414
   0.211217  0.00460542   0.0119414    0.351553
IMAGINARY
           0  -0.00191394  -0.00397935  -0.00105138
  0.00191394            0  0.000310197  -0.00731673
  0.00397935 -0.000310197            0  0.000427614
  0.00105138   0.00731673 -0.000427614            0
EndNode1[0]<--->Repeater1[0]
REAL
    0.36062 -0.00604156  0.00505556    0.213796
-0.00604156    0.141705  0.00339129  0.00297718
 0.00505556  0.00339129    0.139845  0.00164629
   0.213796  0.00297718  0.00164629    0.357829
IMAGINARY
           0   0.00424386  -0.00264307  -0.00928673
 -0.00424386            0   0.00491531 -0.000598674
  0.00264307  -0.00491531            0   0.00393768
  0.00928673  0.000598674  -0.00393768            0
EndNode2[0]<--->HoM1[0]
REAL
   0.358945 -0.00471514 -0.00641147    0.207757
-0.00471514    0.134532  0.00332775 -0.00270117
-0.00641147  0.00332775      0.1441 -0.00170852
   0.207757 -0.00270117 -0.00170852    0.362424
IMAGINARY
          0 -0.00222277  0.00162701 -0.00676985
 0.00222277           0  0.00662029  0.00876769
-0.00162701 -0.00662029           0  0.00297601
 0.00676985 -0.00876769 -0.00297601           0
Repeater1[0]<--->EndNode1[0]
REAL
    0.36062  0.00505556 -0.00604156    0.213796
 0.00505556    0.139845  0.00339129  0.00164629
-0.00604156  0.00339129    0.141705  0.00297718
   0.213796  0.00164629  0.00297718    0.357829
IMAGINARY
           0  -0.00264307   0.00424386  -0.00928673
  0.00264307            0  -0.00491531   0.00393768
 -0.00424386   0.00491531            0 -0.000598674
  0.00928673  -0.00393768  0.000598674            0
Repeater1[0]<--->HoM1[0]
REAL
   0.358945 -0.00641147 -0.00471514    0.207757
-0.00641147      0.1441  0.00332775 -0.00170852
-0.00471514  0.00332775    0.134532 -0.00270117
   0.207757 -0.00170852 -0.00270117    0.362424
IMAGINARY
          0  0.00162701 -0.00222277 -0.00676985
-0.00162701           0 -0.00662029  0.00297601
 0.00222277  0.00662029           0  0.00876769
 0.00676985 -0.00297601 -0.00876769           0
EndNode1[0]<--->Repeater1[0]
REAL
   0.368702  -0.0131906  -0.0174264    0.213521
 -0.0131906    0.142561  0.00222068  -0.0121088
 -0.0174264  0.00222068    0.137819 -0.00555002
   0.213521  -0.0121088 -0.00555002    0.350919
IMAGINARY
           0   0.00440882  -0.00367087   0.00494329
 -0.00440882            0   -0.0104344   0.00072796
  0.00367087    0.0104344            0  5.54085e-06
 -0.00494329  -0.00072796 -5.54085e-06            0
EndNode2[0]<--->HoM1[0]
REAL
  0.345133 0.00573155 0.00470851   0.215201
0.00573155   0.141593 0.00218996 0.00676492
0.00470851 0.00218996   0.133628  0.0117805
  0.215201 0.00676492  0.0117805   0.379646
IMAGINARY
           0  -0.00649485   0.00451528   0.00127472
  0.00649485            0   -0.0039758 -5.51089e-05
 -0.00451528    0.0039758            0   0.00726384
 -0.00127472  5.51089e-05  -0.00726384            0
Repeater1[0]<--->EndNode1[0]
REAL
   0.368702  -0.0174264  -0.0131906    0.213521
 -0.0174264    0.137819  0.00222068 -0.00555002
 -0.0131906  0.00222068    0.142561  -0.0121088
   0.213521 -0.00555002  -0.0121088    0.350919
IMAGINARY
           0  -0.00367087   0.00440882   0.00494329
  0.00367087            0    0.0104344  5.54085e-06
 -0.00440882   -0.0104344            0   0.00072796
 -0.00494329 -5.54085e-06  -0.00072796            0
Repeater1[0]<--->HoM1[0]
REAL
  0.345133 0.00470851 0.00573155   0.215201
0.00470851   0.133628 0.00218996  0.0117805
0.00573155 0.00218996   0.141593 0.00676492
  0.215201  0.0117805 0.00676492   0.379646
IMAGINARY
           0   0.00451528  -0.00649485   0.00127472
 -0.00451528            0    0.0039758   0.00726384
  0.00649485   -0.0039758            0 -5.51089e-05
 -0.00127472  -0.00726384  5.51089e-05            0
EndNode1[0]<--->Repeater1[0]
REAL
   0.360121 -0.00497202 -0.00116129    0.214391
-0.00497202    0.129607 -0.00717731 -0.00895039
-0.00116129 -0.00717731    0.152568 -0.00695071
   0.214391 -0.00895039 -0.00695071    0.357704
IMAGINARY
           0  -0.00128205  -0.00536198    0.0102397
  0.00128205            0  0.000329837   0.00943438
  0.00536198 -0.000329837            0  -0.00128205
  -0.0102397  -0.00943438   0.00128205            0
EndNode2[0]<--->HoM1[0]
REAL
   0.359554 -0.00715223  0.00364258    0.203039
-0.00715223    0.146775 -0.00782648  0.00364258
 0.00364258 -0.00782648    0.143761  0.00343531
   0.203039  0.00364258  0.00343531     0.34991
IMAGINARY
          0  0.00331191 -0.00239348  0.00860842
-0.00331191           0 -0.00546565  -0.0111117
 0.00239348  0.00546565           0   0.0101933
-0.00860842   0.0111117  -0.0101933           0
Repeater1[0]<--->EndNode1[0]
REAL
   0.360121 -0.00116129 -0.00497202    0.214391
-0.00116129    0.152568 -0.00717731 -0.00695071
-0.00497202 -0.00717731    0.129607 -0.00895039
   0.214391 -0.00695071 -0.00895039    0.357704
IMAGINARY
           0  -0.00536198  -0.00128205    0.0102397
  0.00536198            0 -0.000329837  -0.00128205
  0.00128205  0.000329837            0   0.00943438
  -0.0102397   0.00128205  -0.00943438            0
Repeater1[0]<--->HoM1[0]
REAL
   0.359554  0.00364258 -0.00715223    0.203039
 0.00364258    0.143761 -0.00782648  0.00343531
-0.00715223 -0.00782648    0.146775  0.00364258
   0.203039  0.00343531  0.00364258     0.34991
IMAGINARY
          0 -0.00239348  0.00331191  0.00860842
 0.00239348           0  0.00546565   0.0101933
-0.00331191 -0.00546565           0  -0.0111117
-0.00860842  -0.0101933   0.0111117           0
EndNode1[0]<--->Repeater1[0]
REAL
    0.359342 -0.000231725  -0.00745912     0.223303
-0.000231725     0.147384    -0.003412  -0.00416176
 -0.00745912    -0.003412     0.139611    0.0037029
    0.223303  -0.00416176    0.0037029     0.353662
IMAGINARY
           0    0.0016767  0.000751626    0.0036697
  -0.0016767            0  -0.00837665   0.00932137
-0.000751626   0.00837665            0  -0.00299057
  -0.0036697  -0.00932137   0.00299057            0
EndNode2[0]<--->HoM1[0]
REAL
   0.351061   0.0117335  -0.0104619    0.219522
  0.0117335    0.132656   0.0102404 -0.00623991
 -0.0104619   0.0102404    0.140424 -0.00616625
   0.219522 -0.00623991 -0.00616625    0.375859
IMAGINARY
           0   0.00473327  -0.00378492    0.0027446
 -0.00473327            0   0.00060915   0.00408433
  0.00378492  -0.00060915            0  0.000655952
  -0.0027446  -0.00408433 -0.000655952            0
Repeater1[0]<--->EndNode1[0]
REAL
    0.359342  -0.00745912 -0.000231725     0.223303
 -0.00745912     0.139611    -0.003412    0.0037029
-0.000231725    -0.003412     0.147384  -0.00416176
    0.223303    0.0037029  -0.00416176     0.353662
IMAGINARY
           0  0.000751626    0.0016767    0.0036697
-0.000751626            0   0.00837665  -0.00299057
  -0.0016767  -0.00837665            0   0.00932137
  -0.0036697   0.00299057  -0.00932137            0
Repeater1[0]<--->HoM1[0]
REAL
   0.351061  -0.0104619   0.0117335    0.219522
 -0.0104619    0.140424   0.0102404 -0.00616625
  0.0117335   0.0102404    0.132656 -0.00623991
   0.219522 -0.00616625 -0.00623991    0.375859
IMAGINARY
           0  -0.00378492   0.00473327    0.0027446
  0.00378492            0  -0.00060915  0.000655952
 -0.00473327   0.00060915            0   0.00408433
  -0.0027446 -0.000655952  -0.00408433            0
EndNode1[0]<--->Repeater1[0]
REAL
   0.357462  0.00483346 -0.00755047    0.216141
 0.00483346    0.142687 -0.00211594   0.0127114
-0.00755047 -0.00211594    0.133452  -0.0075657
   0.216141   0.0127114  -0.0075657    0.366399
IMAGINARY
           0  -0.00601284  -0.00241234  -0.00742646
  0.00601284            0  -0.00182175   0.00226903
  0.00241234   0.00182175            0  0.000137226
  0.00742646  -0.00226903 -0.000137226            0
EndNode2[0]<--->HoM1[0]
REAL
    0.355562   0.00842678   0.00731808     0.213394
  0.00842678     0.133682  -0.00342741 -0.000284258
  0.00731808  -0.00342741     0.148433  -0.00169227
    0.213394 -0.000284258  -0.00169227     0.362323
IMAGINARY
          0  0.00196422   0.0109376 -0.00316599
-0.00196422           0 -0.00643785   0.0050694
 -0.0109376  0.00643785           0 -0.00371043
 0.00316599  -0.0050694  0.00371043           0
Repeater1[0]<--->EndNode1[0]
REAL
   0.357462 -0.00755047  0.00483346    0.216141
-0.00755047    0.133452 -0.00211594  -0.0075657
 0.00483346 -0.00211594    0.142687   0.0127114
   0.216141  -0.0075657   0.0127114    0.366399
IMAGINARY
           0  -0.00241234  -0.00601284  -0.00742646
  0.00241234            0   0.00182175  0.000137226
  0.00601284  -0.00182175            0   0.00226903
  0.00742646 -0.000137226  -0.00226903            0
Repeater1[0]<--->HoM1[0]
REAL
    0.355562   0.00731808   0.00842678     0.213394
  0.00731808     0.148433  -0.00342741  -0.00169227
  0.00842678  -0.00342741     0.133682 -0.000284258
    0.213394  -0.00169227 -0.000284258     0.362323
IMAGINARY
          0   0.0109376  0.00196422 -0.00316599
 -0.0109376           0  0.00643785 -0.00371043
-0.00196422 -0.00643785           0   0.0050694
 0.00316599  0.00371043  -0.0050694           0
EndNode1[0]<--->Repeater1[0]
REAL
   0.350365 -0.00101758  0.00771447    0.210226
-0.00101758    0.148905 0.000379953  0.00167947
 0.00771447 0.000379953    0.153577 -0.00989151
   0.210226  0.00167947 -0.00989151    0.347153
IMAGINARY
           0  -0.00379925   0.00524563    0.0107752
  0.00379925            0  -0.00608866  0.000908212
 -0.00524563   0.00608866            0    0.0016454
  -0.0107752 -0.000908212   -0.0016454            0
EndNode2[0]<--->HoM1[0]
REAL
   0.358581   0.0121287   0.0102044    0.203216
  0.0121287    0.143372 -0.00780147   0.0011834
  0.0102044 -0.00780147    0.151488 -0.00165197
   0.203216   0.0011834 -0.00165197    0.346558
IMAGINARY
           0   0.00012988  0.000430961  -0.00350859
 -0.00012988            0    0.0124745   0.00498746
-0.000430961   -0.0124745            0   0.00589059
  0.00350859  -0.00498746  -0.00589059            0
Repeater1[0]<--->EndNode1[0]
REAL
   0.350365  0.00771447 -0.00101758    0.210226
 0.00771447    0.153577 0.000379953 -0.00989151
-0.00101758 0.000379953    0.148905  0.00167947
   0.210226 -0.00989151  0.00167947    0.347153
IMAGINARY
           0   0.00524563  -0.00379925    0.0107752
 -0.00524563            0   0.00608866    0.0016454
  0.00379925  -0.00608866            0  0.000908212
  -0.0107752   -0.0016454 -0.000908212            0
Repeater1[0]<--->HoM1[0]
REAL
   0.358581   0.0102044   0.0121287    0.203216
  0.0102044    0.151488 -0.00780147 -0.00165197
  0.0121287 -0.00780147    0.143372   0.0011834
   0.203216 -0.00165197   0.0011834    0.346558
IMAGINARY
           0  0.000430961   0.00012988  -0.00350859
-0.000430961            0   -0.0124745   0.00589059
 -0.00012988    0.0124745            0   0.00498746
  0.00350859  -0.00589059  -0.00498746            0
EndNode1[0]<--->Repeater1[0]
REAL
   0.354915 0.000152281  0.00528189    0.218843
0.000152281    0.146557   0.0062683  0.00021588
 0.00528189   0.0062683    0.140965  0.00683137
   0.218843  0.00021588  0.00683137    0.357563
IMAGINARY
           0 -0.000267797  -0.00253686  -0.00666843
 0.000267797            0   0.00488272   0.00642907
  0.00253686  -0.00488272            0   0.00475881
  0.00666843  -0.00642907  -0.00475881            0
EndNode2[0]<--->HoM1[0]
REAL
   0.362925  0.00287394  0.00630028    0.211541
 0.00287394    0.146554  -0.0157591 0.000131068
 0.00630028  -0.0157591    0.144448 -0.00631397
   0.211541 0.000131068 -0.00631397    0.346073
IMAGINARY
          0 -0.00872371  0.00709818  -0.0165038
 0.00872371           0  0.00880687 -0.00130903
-0.00709818 -0.00880687           0  0.00262987
  0.0165038  0.00130903 -0.00262987           0
Repeater1[0]<--->EndNode1[0]
REAL
   0.354915  0.00528189 0.000152281    0.218843
 0.00528189    0.140965   0.0062683  0.00683137
0.000152281   0.0062683    0.146557  0.00021588
   0.218843  0.00683137  0.00021588    0.357563
IMAGINARY
           0  -0.00253686 -0.000267797  -0.00666843
  0.00253686            0  -0.00488272   0.00475881
 0.000267797   0.00488272            0   0.00642907
  0.00666843  -0.00475881  -0.00642907            0
Repeater1[0]<--->HoM1[0]
REAL
   0.362925  0.00630028  0.00287394    0.211541
 0.00630028    0.144448  -0.0157591 -0.00631397
 0.00287394  -0.0157591    0.146554 0.000131068
   0.211541 -0.00631397 0.000131068    0.346073
IMAGINARY
          0  0.00709818 -0.00872371  -0.0165038
-0.00709818           0 -0.00880687  0.00262987
 0.00872371  0.00880687           0 -0.00130903
  0.0165038 -0.00262987  0.00130903           0
EndNode1[0]<--->Repeater1[0]
REAL
   0.363073  0.00350773  -0.0062484    0.204705
 0.00350773    0.140644  -0.0047048  0.00802882
 -0.0062484  -0.0047048    0.145601 -0.00795877
   0.204705  0.00802882 -0.00795877    0.350682
IMAGINARY
           0  0.000832947   0.00416171  -0.00355652
-0.000832947            0   0.00294825  -0.00416171
 -0.00416171  -0.00294825            0  8.95627e-05
  0.00355652   0.00416171 -8.95627e-05            0
EndNode2[0]<--->HoM1[0]
REAL
   0.347956 -0.00205147 -0.00227603     0.21626
-0.00205147    0.142047 -0.00188898 3.52177e-05
-0.00227603 -0.00188898    0.138765 -0.00735994
    0.21626 3.52177e-05 -0.00735994    0.371232
IMAGINARY
           0   -0.0102666 -6.83417e-05   0.00327261
   0.0102666            0  -0.00508859   0.00487603
 6.83417e-05   0.00508859            0  -0.00836322
 -0.00327261  -0.00487603   0.00836322            0
Repeater1[0]<--->EndNode1[0]
REAL
   0.363073  -0.0062484  0.00350773    0.204705
 -0.0062484    0.145601  -0.0047048 -0.00795877
 0.00350773  -0.0047048    0.140644  0.00802882
   0.204705 -0.00795877  0.00802882    0.350682
IMAGINARY
           0   0.00416171  0.000832947  -0.00355652
 -0.00416171            0  -0.00294825  8.95627e-05
-0.000832947   0.00294825            0  -0.00416171
  0.00355652 -8.95627e-05   0.00416171            0
Repeater1[0]<--->HoM1[0]
REAL
