EndNode1[0]<--->Repeater1[0]
REAL
    0.41991 -0.00745896 -0.00358274    0.363274
-0.00745896    0.078733   0.0240372 -0.00218479
-0.00358274   0.0240372   0.0624434  0.00612799
   0.363274 -0.00218479  0.00612799    0.438914
IMAGINARY
          0   0.0123172  -0.0181302  -0.0144991
 -0.0123172           0   0.0154082  0.00496037
  0.0181302  -0.0154082           0  0.00721046
  0.0144991 -0.00496037 -0.00721046           0
EndNode2[0]<--->HoM1[0]
REAL
   0.409253 -0.00777162 -0.00113063    0.347199
-0.00777162   0.0756228 -0.00452239  -0.0115276
-0.00113063 -0.00452239   0.0756228  0.00415498
   0.347199  -0.0115276  0.00415498    0.439502
IMAGINARY
          0   0.0115206   -0.012866   0.0173992
 -0.0115206           0   0.0156324  0.00359852
   0.012866  -0.0156324           0  -0.0057836
 -0.0173992 -0.00359852   0.0057836           0
Repeater1[0]<--->EndNode1[0]
REAL
    0.41991 -0.00358274 -0.00745896    0.363274
-0.00358274   0.0624434   0.0240372  0.00612799
-0.00745896   0.0240372    0.078733 -0.00218479
   0.363274  0.00612799 -0.00218479    0.438914
IMAGINARY
          0  -0.0181302   0.0123172  -0.0144991
  0.0181302           0  -0.0154082  0.00721046
 -0.0123172   0.0154082           0  0.00496037
  0.0144991 -0.00721046 -0.00496037           0
Repeater1[0]<--->HoM1[0]
REAL
   0.409253 -0.00113063 -0.00777162    0.347199
-0.00113063   0.0756228 -0.00452239  0.00415498
-0.00777162 -0.00452239   0.0756228  -0.0115276
   0.347199  0.00415498  -0.0115276    0.439502
IMAGINARY
          0   -0.012866   0.0115206   0.0173992
   0.012866           0  -0.0156324  -0.0057836
 -0.0115206   0.0156324           0  0.00359852
 -0.0173992   0.0057836 -0.00359852           0
EndNode1[0]<--->Repeater1[0]
REAL
   0.438202 -0.00697921  0.00311966    0.341042
-0.00697921    0.076779  0.00741569 -0.00708442
 0.00311966  0.00741569     0.07397    0.011825
   0.341042 -0.00708442    0.011825    0.411049
IMAGINARY
          0    0.011781    0.012128  -0.0181588
  -0.011781           0 -0.00403446   0.0230833
  -0.012128  0.00403446           0 -0.00737959
  0.0181588  -0.0230833  0.00737959           0
EndNode2[0]<--->HoM1[0]
REAL
   0.413063  -0.0107527  -0.0096045    0.345509
 -0.0107527   0.0856134 -0.00484954   0.0022785
 -0.0096045 -0.00484954   0.0688438  0.00525824
   0.345509   0.0022785  0.00525824     0.43248
IMAGINARY
          0 -0.00399153 -0.00256728  0.00381509
 0.00399153           0  0.00688258   0.0124239
 0.00256728 -0.00688258           0     0.01116
-0.00381509  -0.0124239    -0.01116           0
Repeater1[0]<--->EndNode1[0]
REAL
   0.438202  0.00311966 -0.00697921    0.341042
 0.00311966     0.07397  0.00741569    0.011825
-0.00697921  0.00741569    0.076779 -0.00708442
   0.341042    0.011825 -0.00708442    0.411049
IMAGINARY
          0    0.012128    0.011781  -0.0181588
  -0.012128           0  0.00403446 -0.00737959
  -0.011781 -0.00403446           0   0.0230833
  0.0181588  0.00737959  -0.0230833           0
Repeater1[0]<--->HoM1[0]
REAL
   0.413063  -0.0096045  -0.0107527    0.345509
 -0.0096045   0.0688438 -0.00484954  0.00525824
 -0.0107527 -0.00484954   0.0856134   0.0022785
   0.345509  0.00525824   0.0022785     0.43248
IMAGINARY
          0 -0.00256728 -0.00399153  0.00381509
 0.00256728           0 -0.00688258     0.01116
 0.00399153  0.00688258           0   0.0124239
-0.00381509    -0.01116  -0.0124239           0
EndNode1[0]<--->Repeater1[0]
REAL
   0.444033  -0.0127596  -0.0128306    0.352243
 -0.0127596   0.0721554 -0.00966657 -0.00505853
 -0.0128306 -0.00966657   0.0841813  0.00381502
   0.352243 -0.00505853  0.00381502     0.39963
IMAGINARY
           0    0.0356153  -0.00799474   0.00650742
  -0.0356153            0    0.0117798    -0.021199
  0.00799474   -0.0117798            0  6.58932e-05
 -0.00650742     0.021199 -6.58932e-05            0
EndNode2[0]<--->HoM1[0]
REAL
   0.412389  -0.0133798   0.0165344    0.355502
 -0.0133798   0.0814159  -0.0047982 -0.00573631
  0.0165344  -0.0047982    0.080531  -0.0124418
   0.355502 -0.00573631  -0.0124418    0.425664
IMAGINARY
           0    0.0147605   0.00243148  -0.00627102
  -0.0147605            0 -0.000408371   0.00243148
 -0.00243148  0.000408371            0 -0.000171634
  0.00627102  -0.00243148  0.000171634            0
Repeater1[0]<--->EndNode1[0]
REAL
   0.444033  -0.0128306  -0.0127596    0.352243
 -0.0128306   0.0841813 -0.00966657  0.00381502
 -0.0127596 -0.00966657   0.0721554 -0.00505853
   0.352243  0.00381502 -0.00505853     0.39963
IMAGINARY
           0  -0.00799474    0.0356153   0.00650742
  0.00799474            0   -0.0117798  6.58932e-05
  -0.0356153    0.0117798            0    -0.021199
 -0.00650742 -6.58932e-05     0.021199            0
Repeater1[0]<--->HoM1[0]
REAL
   0.412389   0.0165344  -0.0133798    0.355502
  0.0165344    0.080531  -0.0047982  -0.0124418
 -0.0133798  -0.0047982   0.0814159 -0.00573631
   0.355502  -0.0124418 -0.00573631    0.425664
IMAGINARY
           0   0.00243148    0.0147605  -0.00627102
 -0.00243148            0  0.000408371 -0.000171634
  -0.0147605 -0.000408371            0   0.00243148
  0.00627102  0.000171634  -0.00243148            0
EndNode1[0]<--->Repeater1[0]
REAL
    0.443162  -0.00209347   0.00555195     0.332097
 -0.00209347    0.0746004    -0.019655   0.00326885
  0.00555195    -0.019655    0.0746004 -0.000227796
    0.332097   0.00326885 -0.000227796     0.407638
IMAGINARY
          0  -0.0075342 -0.00878819   0.0145248
  0.0075342           0 -0.00666168  -0.0177168
 0.00878819  0.00666168           0   0.0241559
 -0.0145248   0.0177168  -0.0241559           0
EndNode2[0]<--->HoM1[0]
REAL
   0.430391   0.0019091  -0.0116641    0.360404
  0.0019091   0.0718835    -0.01844   0.0277355
 -0.0116641    -0.01844    0.066424 -0.00637338
   0.360404   0.0277355 -0.00637338    0.431301
IMAGINARY
          0 -0.00857212  0.00870336  0.00545814
 0.00857212           0 -0.00680344   0.0178577
-0.00870336  0.00680344           0 -0.00680533
-0.00545814  -0.0178577  0.00680533           0
Repeater1[0]<--->EndNode1[0]
REAL
    0.443162   0.00555195  -0.00209347     0.332097
  0.00555195    0.0746004    -0.019655 -0.000227796
 -0.00209347    -0.019655    0.0746004   0.00326885
    0.332097 -0.000227796   0.00326885     0.407638
IMAGINARY
          0 -0.00878819  -0.0075342   0.0145248
 0.00878819           0  0.00666168   0.0241559
  0.0075342 -0.00666168           0  -0.0177168
 -0.0145248  -0.0241559   0.0177168           0
Repeater1[0]<--->HoM1[0]
REAL
   0.430391  -0.0116641   0.0019091    0.360404
 -0.0116641    0.066424    -0.01844 -0.00637338
  0.0019091    -0.01844   0.0718835   0.0277355
   0.360404 -0.00637338   0.0277355    0.431301
IMAGINARY
          0  0.00870336 -0.00857212  0.00545814
-0.00870336           0  0.00680344 -0.00680533
 0.00857212 -0.00680344           0   0.0178577
-0.00545814  0.00680533  -0.0178577           0
EndNode1[0]<--->Repeater1[0]
REAL
  0.443223 0.00619446 -0.0165915   0.349579
0.00619446  0.0686813  0.0096141 0.00717448
-0.0165915  0.0096141  0.0686813 -0.0147146
  0.349579 0.00717448 -0.0147146   0.419414
IMAGINARY
          0  -0.0122524  -0.0093642    0.017695
  0.0122524           0 -0.00427814   0.0151113
  0.0093642  0.00427814           0  0.00562111
  -0.017695  -0.0151113 -0.00562111           0
EndNode2[0]<--->HoM1[0]
REAL
   0.423697  -0.0151027  -0.0227162    0.354391
 -0.0151027   0.0672986 -0.00168423  -0.0176564
 -0.0227162 -0.00168423     0.07109  -0.0163969
   0.354391  -0.0176564  -0.0163969    0.437915
IMAGINARY
          0  -0.0157695 -0.00334546  -0.0116885
  0.0157695           0  -0.0112472 -0.00600033
 0.00334546   0.0112472           0  0.00642371
  0.0116885  0.00600033 -0.00642371           0
Repeater1[0]<--->EndNode1[0]
REAL
  0.443223 -0.0165915 0.00619446   0.349579
-0.0165915  0.0686813  0.0096141 -0.0147146
0.00619446  0.0096141  0.0686813 0.00717448
  0.349579 -0.0147146 0.00717448   0.419414
IMAGINARY
          0  -0.0093642  -0.0122524    0.017695
  0.0093642           0  0.00427814  0.00562111
  0.0122524 -0.00427814           0   0.0151113
  -0.017695 -0.00562111  -0.0151113           0
Repeater1[0]<--->HoM1[0]
REAL
   0.423697  -0.0227162  -0.0151027    0.354391
 -0.0227162     0.07109 -0.00168423  -0.0163969
 -0.0151027 -0.00168423   0.0672986  -0.0176564
   0.354391  -0.0163969  -0.0176564    0.437915
IMAGINARY
          0 -0.00334546  -0.0157695  -0.0116885
 0.00334546           0   0.0112472  0.00642371
  0.0157695  -0.0112472           0 -0.00600033
  0.0116885 -0.00642371  0.00600033           0
EndNode1[0]<--->Repeater1[0]
REAL
    0.458191  -0.00839131  -0.00707951     0.340409
 -0.00839131    0.0776451   0.00220098 -0.000598031
 -0.00707951   0.00220098    0.0639932   -0.0146413
    0.340409 -0.000598031   -0.0146413     0.400171
IMAGINARY
          0  -0.0210994   0.0059415  -0.0136859
  0.0210994           0   0.0185575   0.0059415
 -0.0059415  -0.0185575           0  0.00647415
  0.0136859  -0.0059415 -0.00647415           0
EndNode2[0]<--->HoM1[0]
REAL
  0.428174   0.022267 0.00404566   0.355388
  0.022267  0.0741427 0.00373023 0.00675814
0.00404566 0.00373023  0.0732159 -0.0105989
  0.355388 0.00675814 -0.0105989   0.424467
IMAGINARY
           0    0.0136628  -0.00554114   0.00765925
  -0.0136628            0   -0.0199208  -0.00318487
  0.00554114    0.0199208            0  0.000298775
 -0.00765925   0.00318487 -0.000298775            0
Repeater1[0]<--->EndNode1[0]
REAL
    0.458191  -0.00707951  -0.00839131     0.340409
 -0.00707951    0.0639932   0.00220098   -0.0146413
 -0.00839131   0.00220098    0.0776451 -0.000598031
    0.340409   -0.0146413 -0.000598031     0.400171
IMAGINARY
          0   0.0059415  -0.0210994  -0.0136859
 -0.0059415           0  -0.0185575  0.00647415
  0.0210994   0.0185575           0   0.0059415
  0.0136859 -0.00647415  -0.0059415           0
Repeater1[0]<--->HoM1[0]
REAL
  0.428174 0.00404566   0.022267   0.355388
0.00404566  0.0732159 0.00373023 -0.0105989
  0.022267 0.00373023  0.0741427 0.00675814
  0.355388 -0.0105989 0.00675814   0.424467
IMAGINARY
           0  -0.00554114    0.0136628   0.00765925
  0.00554114            0    0.0199208  0.000298775
  -0.0136628   -0.0199208            0  -0.00318487
 -0.00765925 -0.000298775   0.00318487            0
EndNode1[0]<--->Repeater1[0]
REAL
   0.429661 -0.00345903   0.0112767    0.347624
-0.00345903   0.0711864 0.000441936  0.00253545
  0.0112767 0.000441936   0.0771186 -0.00390746
   0.347624  0.00253545 -0.00390746    0.422034
IMAGINARY
          0   -0.012349   0.0131412  -0.0154395
   0.012349           0   0.0213648  0.00070785
 -0.0131412  -0.0213648           0 -0.00914095
  0.0154395 -0.00070785  0.00914095           0
EndNode2[0]<--->HoM1[0]
REAL
   0.435801   0.0104408 -0.00151138    0.346449
  0.0104408   0.0749766  0.00165204    0.010553
-0.00151138  0.00165204   0.0721649  0.00764234
   0.346449    0.010553  0.00764234    0.417057
IMAGINARY
          0  -0.0152265  -0.0100873 -0.00242205
  0.0152265           0  -0.0149113   0.0409515
  0.0100873   0.0149113           0   -0.013874
 0.00242205  -0.0409515    0.013874           0
Repeater1[0]<--->EndNode1[0]
REAL
   0.429661   0.0112767 -0.00345903    0.347624
  0.0112767   0.0771186 0.000441936 -0.00390746
-0.00345903 0.000441936   0.0711864  0.00253545
   0.347624 -0.00390746  0.00253545    0.422034
IMAGINARY
          0   0.0131412   -0.012349  -0.0154395
 -0.0131412           0  -0.0213648 -0.00914095
   0.012349   0.0213648           0  0.00070785
  0.0154395  0.00914095 -0.00070785           0
Repeater1[0]<--->HoM1[0]
REAL
   0.435801 -0.00151138   0.0104408    0.346449
-0.00151138   0.0721649  0.00165204  0.00764234
  0.0104408  0.00165204   0.0749766    0.010553
   0.346449  0.00764234    0.010553    0.417057
IMAGINARY
          0  -0.0100873  -0.0152265 -0.00242205
  0.0100873           0   0.0149113   -0.013874
  0.0152265  -0.0149113           0   0.0409515
 0.00242205    0.013874  -0.0409515           0
EndNode1[0]<--->Repeater1[0]
REAL
  0.422904  0.0145191  0.0105461    0.35406
 0.0145191  0.0712353 0.00891602 0.00397294
 0.0105461 0.00891602  0.0712353 -0.0117967
   0.35406 0.00397294 -0.0117967   0.434626
IMAGINARY
           0  -0.00396385  -0.00653541 -3.43215e-05
  0.00396385            0   0.00989348   0.00347329
  0.00653541  -0.00989348            0    0.0166498
 3.43215e-05  -0.00347329   -0.0166498            0
EndNode2[0]<--->HoM1[0]
REAL
   0.420192 -0.00844846  -0.0149393    0.360406
-0.00844846      0.0875   0.0113659 -0.00420585
 -0.0149393   0.0113659      0.0625 -0.00535385
   0.360406 -0.00420585 -0.00535385    0.429808
IMAGINARY
           0    -0.012026    0.0198775    0.0225008
    0.012026            0  -0.00829628   0.00804574
  -0.0198775   0.00829628            0  0.000682173
  -0.0225008  -0.00804574 -0.000682173            0
Repeater1[0]<--->EndNode1[0]
REAL
  0.422904  0.0105461  0.0145191    0.35406
 0.0105461  0.0712353 0.00891602 -0.0117967
 0.0145191 0.00891602  0.0712353 0.00397294
   0.35406 -0.0117967 0.00397294   0.434626
IMAGINARY
           0  -0.00653541  -0.00396385 -3.43215e-05
  0.00653541            0  -0.00989348    0.0166498
  0.00396385   0.00989348            0   0.00347329
 3.43215e-05   -0.0166498  -0.00347329            0
Repeater1[0]<--->HoM1[0]
REAL
   0.420192  -0.0149393 -0.00844846    0.360406
 -0.0149393      0.0625   0.0113659 -0.00535385
-0.00844846   0.0113659      0.0875 -0.00420585
   0.360406 -0.00535385 -0.00420585    0.429808
IMAGINARY
           0    0.0198775    -0.012026    0.0225008
  -0.0198775            0   0.00829628  0.000682173
    0.012026  -0.00829628            0   0.00804574
  -0.0225008 -0.000682173  -0.00804574            0
EndNode1[0]<--->Repeater1[0]
REAL
    0.436041  -0.00795861  0.000186703     0.348878
 -0.00795861     0.076564   0.00979787  -0.00287007
 0.000186703   0.00979787    0.0644258 -9.14783e-05
    0.348878  -0.00287007 -9.14783e-05     0.422969
IMAGINARY
           0   0.00422338 -0.000897757   0.00135079
 -0.00422338            0  -0.00666052   0.00841323
 0.000897757   0.00666052            0  -0.00643381
 -0.00135079  -0.00841323   0.00643381            0
EndNode2[0]<--->HoM1[0]
REAL
   0.417044 -0.00242358 -0.00160256    0.359257
-0.00242358   0.0915684 -0.00943981 -0.00755495
-0.00160256 -0.00943981   0.0580236 -0.00673393
   0.359257 -0.00755495 -0.00673393    0.433364
IMAGINARY
          0  -0.0056554  -0.0129881  -0.0218848
  0.0056554           0  0.00123161   0.0106094
  0.0129881 -0.00123161           0     0.01184
  0.0218848  -0.0106094    -0.01184           0
Repeater1[0]<--->EndNode1[0]
REAL
    0.436041  0.000186703  -0.00795861     0.348878
 0.000186703    0.0644258   0.00979787 -9.14783e-05
 -0.00795861   0.00979787     0.076564  -0.00287007
    0.348878 -9.14783e-05  -0.00287007     0.422969
IMAGINARY
           0 -0.000897757   0.00422338   0.00135079
 0.000897757            0   0.00666052  -0.00643381
 -0.00422338  -0.00666052            0   0.00841323
 -0.00135079   0.00643381  -0.00841323            0
Repeater1[0]<--->HoM1[0]
REAL
   0.417044 -0.00160256 -0.00242358    0.359257
-0.00160256   0.0580236 -0.00943981 -0.00673393
-0.00242358 -0.00943981   0.0915684 -0.00755495
   0.359257 -0.00673393 -0.00755495    0.433364
IMAGINARY
          0  -0.0129881  -0.0056554  -0.0218848
  0.0129881           0 -0.00123161     0.01184
  0.0056554  0.00123161           0   0.0106094
  0.0218848    -0.01184  -0.0106094           0
EndNode1[0]<--->Repeater1[0]
REAL
    0.42474  -0.0114967  0.00240893    0.338959
 -0.0114967   0.0735294  0.00224252 -0.00455486
 0.00240893  0.00224252   0.0726644  0.00162546
   0.338959 -0.00455486  0.00162546    0.429066
IMAGINARY
          0  0.00287122  0.00367554  0.00150733
-0.00287122           0   0.0154738  -0.0200039
-0.00367554  -0.0154738           0 -0.00331253
-0.00150733   0.0200039  0.00331253           0
EndNode2[0]<--->HoM1[0]
REAL
   0.414591 -0.00134409  -0.0119107    0.353378
-0.00134409   0.0791815   0.0005644 -0.00421836
 -0.0119107   0.0005644   0.0747331  -0.0031362
   0.353378 -0.00421836  -0.0031362    0.431495
IMAGINARY
          0 -0.00666021 -0.00800866 -0.00583947
 0.00666021           0   0.0181458 -0.00800866
 0.00800866  -0.0181458           0  0.00709311
 0.00583947  0.00800866 -0.00709311           0
Repeater1[0]<--->EndNode1[0]
REAL
    0.42474  0.00240893  -0.0114967    0.338959
 0.00240893   0.0726644  0.00224252  0.00162546
 -0.0114967  0.00224252   0.0735294 -0.00455486
   0.338959  0.00162546 -0.00455486    0.429066
IMAGINARY
          0  0.00367554  0.00287122  0.00150733
-0.00367554           0  -0.0154738 -0.00331253
-0.00287122   0.0154738           0  -0.0200039
-0.00150733  0.00331253   0.0200039           0
Repeater1[0]<--->HoM1[0]
REAL
   0.414591  -0.0119107 -0.00134409    0.353378
 -0.0119107   0.0747331   0.0005644  -0.0031362
-0.00134409   0.0005644   0.0791815 -0.00421836
   0.353378  -0.0031362 -0.00421836    0.431495
IMAGINARY
          0 -0.00800866 -0.00666021 -0.00583947
 0.00800866           0  -0.0181458  0.00709311
 0.00666021   0.0181458           0 -0.00800866
 0.00583947 -0.00709311  0.00800866           0
EndNode1[0]<--->Repeater1[0]
REAL
   0.434664 -0.00230295   0.0156082    0.363705
-0.00230295    0.053539  -0.0084293  0.00726758
  0.0156082  -0.0084293   0.0825771    0.014908
   0.363705  0.00726758    0.014908     0.42922
IMAGINARY
          0  0.00507268 -0.00182056   0.0186814
-0.00507268           0   0.0177485   0.0053479
 0.00182056  -0.0177485           0   0.0099185
 -0.0186814  -0.0053479  -0.0099185           0
EndNode2[0]<--->HoM1[0]
REAL
  0.420907  0.0163765  0.0250685   0.340969
 0.0163765  0.0693802 0.00552604   0.020628
 0.0250685 0.00552604  0.0693802 0.00181339
  0.340969   0.020628 0.00181339   0.440333
IMAGINARY
          0  -0.0265763  0.00381502   0.0228315
  0.0265763           0 -0.00804407  0.00703489
-0.00381502  0.00804407           0   0.0139181
 -0.0228315 -0.00703489  -0.0139181           0
Repeater1[0]<--->EndNode1[0]
REAL
   0.434664   0.0156082 -0.00230295    0.363705
  0.0156082   0.0825771  -0.0084293    0.014908
-0.00230295  -0.0084293    0.053539  0.00726758
   0.363705    0.014908  0.00726758     0.42922
IMAGINARY
          0 -0.00182056  0.00507268   0.0186814
 0.00182056           0  -0.0177485   0.0099185
-0.00507268   0.0177485           0   0.0053479
 -0.0186814  -0.0099185  -0.0053479           0
Repeater1[0]<--->HoM1[0]
REAL
  0.420907  0.0250685  0.0163765   0.340969
 0.0250685  0.0693802 0.00552604 0.00181339
 0.0163765 0.00552604  0.0693802   0.020628
  0.340969 0.00181339   0.020628   0.440333
IMAGINARY
          0  0.00381502  -0.0265763   0.0228315
-0.00381502           0  0.00804407   0.0139181
  0.0265763 -0.00804407           0  0.00703489
 -0.0228315  -0.0139181 -0.00703489           0
EndNode1[0]<--->Repeater1[0]
REAL
    0.434861 -0.000641208  -0.00303368     0.354214
-0.000641208    0.0781671  -0.00891467   0.00474308
 -0.00303368  -0.00891467    0.0772686 -0.000213492
    0.354214   0.00474308 -0.000213492     0.409704
IMAGINARY
          0 -0.00477096   0.0195531  -0.0124598
 0.00477096           0   0.0189055  0.00837989
 -0.0195531  -0.0189055           0  -0.0166443
  0.0124598 -0.00837989   0.0166443           0
EndNode2[0]<--->HoM1[0]
REAL
   0.435805  -0.0249644  -0.0100216     0.35985
 -0.0249644   0.0696203 -0.00245677 -0.00441411
 -0.0100216 -0.00245677   0.0831826 -0.00959374
    0.35985 -0.00441411 -0.00959374    0.411392
IMAGINARY
          0   0.0223519 -0.00274977   0.0119472
 -0.0223519           0  0.00228763  -0.0230678
 0.00274977 -0.00228763           0   0.0120715
 -0.0119472   0.0230678  -0.0120715           0
Repeater1[0]<--->EndNode1[0]
REAL
    0.434861  -0.00303368 -0.000641208     0.354214
 -0.00303368    0.0772686  -0.00891467 -0.000213492
-0.000641208  -0.00891467    0.0781671   0.00474308
    0.354214 -0.000213492   0.00474308     0.409704
IMAGINARY
          0   0.0195531 -0.00477096  -0.0124598
 -0.0195531           0  -0.0189055  -0.0166443
 0.00477096   0.0189055           0  0.00837989
  0.0124598   0.0166443 -0.00837989           0
Repeater1[0]<--->HoM1[0]
REAL
   0.435805  -0.0100216  -0.0249644     0.35985
 -0.0100216   0.0831826 -0.00245677 -0.00959374
 -0.0249644 -0.00245677   0.0696203 -0.00441411
    0.35985 -0.00959374 -0.00441411    0.411392
IMAGINARY
          0 -0.00274977   0.0223519   0.0119472
 0.00274977           0 -0.00228763   0.0120715
 -0.0223519  0.00228763           0  -0.0230678
 -0.0119472  -0.0120715   0.0230678           0
EndNode1[0]<--->Repeater1[0]
REAL
   0.408106  -0.0125238  -0.0236803    0.349266
 -0.0125238   0.0819981   0.0135856  -0.0121962
 -0.0236803   0.0135856   0.0735156 -0.00246257
   0.349266  -0.0121962 -0.00246257    0.436381
IMAGINARY
          0     0.01006  -0.0077238     0.01014
   -0.01006           0  -0.0128282 -0.00119639
  0.0077238   0.0128282           0 -0.00583464
   -0.01014  0.00119639  0.00583464           0
EndNode2[0]<--->HoM1[0]
REAL
    0.431838   0.00158992    0.0212941     0.334322
  0.00158992    0.0694811  -0.00459215   0.00933657
   0.0212941  -0.00459215     0.064204 -0.000689021
    0.334322   0.00933657 -0.000689021     0.434477
IMAGINARY
          0  0.00885432   0.0162712   -0.015498
-0.00885432           0   0.0177123   -0.004054
 -0.0162712  -0.0177123           0  -0.0138317
   0.015498    0.004054   0.0138317           0
Repeater1[0]<--->EndNode1[0]
REAL
   0.408106  -0.0236803  -0.0125238    0.349266
 -0.0236803   0.0735156   0.0135856 -0.00246257
 -0.0125238   0.0135856   0.0819981  -0.0121962
   0.349266 -0.00246257  -0.0121962    0.436381
IMAGINARY
          0  -0.0077238     0.01006     0.01014
  0.0077238           0   0.0128282 -0.00583464
   -0.01006  -0.0128282           0 -0.00119639
   -0.01014  0.00583464  0.00119639           0
Repeater1[0]<--->HoM1[0]
REAL
    0.431838    0.0212941   0.00158992     0.334322
   0.0212941     0.064204  -0.00459215 -0.000689021
  0.00158992  -0.00459215    0.0694811   0.00933657
    0.334322 -0.000689021   0.00933657     0.434477
IMAGINARY
          0   0.0162712  0.00885432   -0.015498
 -0.0162712           0  -0.0177123  -0.0138317
-0.00885432   0.0177123           0   -0.004054
   0.015498   0.0138317    0.004054           0
EndNode1[0]<--->Repeater1[0]
REAL
   0.443003 -0.00449335 -0.00557686     0.35344
-0.00449335   0.0741427  0.00755002  -0.0113649
-0.00557686  0.00755002   0.0741427 -0.00723558
    0.35344  -0.0113649 -0.00723558    0.408712
IMAGINARY
          0  -0.0204431  0.00799658  0.00993783
  0.0204431           0   0.0269511 -0.00200342
-0.00799658  -0.0269511           0   0.0212992
-0.00993783  0.00200342  -0.0212992           0
EndNode2[0]<--->HoM1[0]
REAL
    0.419145   0.00243032 -0.000193633     0.339549
  0.00243032     0.080855   0.00473546   -0.0101574
-0.000193633   0.00473546    0.0920074  -0.00828091
    0.339549   -0.0101574  -0.00828091     0.407993
IMAGINARY
           0    0.0134321    -0.001344  4.00312e-05
  -0.0134321            0    0.0148382    0.0120012
    0.001344   -0.0148382            0  -0.00810349
-4.00312e-05   -0.0120012   0.00810349            0
Repeater1[0]<--->EndNode1[0]
REAL
   0.443003 -0.00557686 -0.00449335     0.35344
-0.00557686   0.0741427  0.00755002 -0.00723558
-0.00449335  0.00755002   0.0741427  -0.0113649
    0.35344 -0.00723558  -0.0113649    0.408712
IMAGINARY
          0  0.00799658  -0.0204431  0.00993783
-0.00799658           0  -0.0269511   0.0212992
  0.0204431   0.0269511           0 -0.00200342
-0.00993783  -0.0212992  0.00200342           0
Repeater1[0]<--->HoM1[0]
REAL
    0.419145 -0.000193633   0.00243032     0.339549
-0.000193633    0.0920074   0.00473546  -0.00828091
  0.00243032   0.00473546     0.080855   -0.0101574
    0.339549  -0.00828091   -0.0101574     0.407993
IMAGINARY
           0    -0.001344    0.0134321  4.00312e-05
    0.001344            0   -0.0148382  -0.00810349
  -0.0134321    0.0148382            0    0.0120012
-4.00312e-05   0.00810349   -0.0120012            0
EndNode1[0]<--->Repeater1[0]
REAL
   0.420912 -0.00603679 -0.00954866    0.362069
-0.00603679   0.0634495 0.000907441  0.00864122
-0.00954866 0.000907441   0.0786416  0.00422191
   0.362069  0.00864122  0.00422191    0.436997
IMAGINARY
          0 -0.00245194   0.0171109  0.00462512
 0.00245194           0  0.00370091  -0.0143886
 -0.0171109 -0.00370091           0 -0.00662247
-0.00462512   0.0143886  0.00662247           0
EndNode2[0]<--->HoM1[0]
REAL
   0.418605  0.00629209   0.0110805    0.348672
 0.00629209   0.0669767 -0.00809211   0.0123637
  0.0110805 -0.00809211   0.0716279   0.0111845
   0.348672   0.0123637   0.0111845    0.442791
IMAGINARY
          0 -0.00910437 -0.00407224   0.0113238
 0.00910437           0  0.00689116   0.0124719
 0.00407224 -0.00689116           0 -0.00283197
 -0.0113238  -0.0124719  0.00283197           0
Repeater1[0]<--->EndNode1[0]
REAL
   0.420912 -0.00954866 -0.00603679    0.362069
-0.00954866   0.0786416 0.000907441  0.00422191
-0.00603679 0.000907441   0.0634495  0.00864122
   0.362069  0.00422191  0.00864122    0.436997
IMAGINARY
          0   0.0171109 -0.00245194  0.00462512
 -0.0171109           0 -0.00370091 -0.00662247
 0.00245194  0.00370091           0  -0.0143886
-0.00462512  0.00662247   0.0143886           0
Repeater1[0]<--->HoM1[0]
REAL
   0.418605   0.0110805  0.00629209    0.348672
  0.0110805   0.0716279 -0.00809211   0.0111845
 0.00629209 -0.00809211   0.0669767   0.0123637
   0.348672   0.0111845   0.0123637    0.442791
IMAGINARY
          0 -0.00407224 -0.00910437   0.0113238
 0.00407224           0 -0.00689116 -0.00283197
 0.00910437  0.00689116           0   0.0124719
 -0.0113238  0.00283197  -0.0124719           0
EndNode1[0]<--->Repeater1[0]
REAL
   0.440263 -0.00618029  0.00964881    0.353666
-0.00618029   0.0667921 -0.00737437  0.00241554
 0.00964881 -0.00737437   0.0686736   0.0325431
   0.353666  0.00241554   0.0325431    0.424271
IMAGINARY
          0   0.0133066 -0.00576364  0.00540721
 -0.0133066           0 -0.00494382   0.0121575
 0.00576364  0.00494382           0  -0.0103228
-0.00540721  -0.0121575   0.0103228           0
EndNode2[0]<--->HoM1[0]
REAL
   0.430592 -0.00473112   0.0150312     0.34892
-0.00473112   0.0813439  -0.0175621 9.78087e-06
  0.0150312  -0.0175621   0.0760389  -0.0139562
    0.34892 9.78087e-06  -0.0139562    0.412025
IMAGINARY
           0    0.0181563   -0.0150839   0.00791528
  -0.0181563            0  0.000682006  -0.00517396
   0.0150839 -0.000682006            0 -0.000660904
 -0.00791528   0.00517396  0.000660904            0
Repeater1[0]<--->EndNode1[0]
REAL
   0.440263  0.00964881 -0.00618029    0.353666
 0.00964881   0.0686736 -0.00737437   0.0325431
-0.00618029 -0.00737437   0.0667921  0.00241554
   0.353666   0.0325431  0.00241554    0.424271
IMAGINARY
          0 -0.00576364   0.0133066  0.00540721
 0.00576364           0  0.00494382  -0.0103228
 -0.0133066 -0.00494382           0   0.0121575
-0.00540721   0.0103228  -0.0121575           0
Repeater1[0]<--->HoM1[0]
REAL
   0.430592   0.0150312 -0.00473112     0.34892
  0.0150312   0.0760389  -0.0175621  -0.0139562
-0.00473112  -0.0175621   0.0813439 9.78087e-06
    0.34892  -0.0139562 9.78087e-06    0.412025
IMAGINARY
           0   -0.0150839    0.0181563   0.00791528
   0.0150839            0 -0.000682006 -0.000660904
  -0.0181563  0.000682006            0  -0.00517396
 -0.00791528  0.000660904   0.00517396            0
EndNode1[0]<--->Repeater1[0]
REAL
   0.402224 -0.00102619  0.00603898    0.340937
-0.00102619   0.0824838  -0.0080656  0.00827312
 0.00603898  -0.0080656   0.0750695 -0.00959246
   0.340937  0.00827312 -0.00959246    0.440222
IMAGINARY
          0   0.0116511  0.00164026  0.00723303
 -0.0116511           0   0.0063754  -0.0154104
-0.00164026  -0.0063754           0   0.0163641
-0.00723303   0.0154104  -0.0163641           0
EndNode2[0]<--->HoM1[0]
REAL
   0.410565   0.0133864 -0.00931701    0.354511
  0.0133864   0.0676552  0.00172797   0.0102212
-0.00931701  0.00172797   0.0787766  0.00108013
   0.354511   0.0102212  0.00108013    0.443003
IMAGINARY
          0  -0.0125426   0.0033999   -0.013089
  0.0125426           0  0.00483213  0.00916742
 -0.0033999 -0.00483213           0   0.0053613
   0.013089 -0.00916742  -0.0053613           0
Repeater1[0]<--->EndNode1[0]
REAL
   0.402224  0.00603898 -0.00102619    0.340937
 0.00603898   0.0750695  -0.0080656 -0.00959246
-0.00102619  -0.0080656   0.0824838  0.00827312
   0.340937 -0.00959246  0.00827312    0.440222
IMAGINARY
          0  0.00164026   0.0116511  0.00723303
-0.00164026           0  -0.0063754   0.0163641
 -0.0116511   0.0063754           0  -0.0154104
-0.00723303  -0.0163641   0.0154104           0
Repeater1[0]<--->HoM1[0]
REAL
   0.410565 -0.00931701   0.0133864    0.354511
-0.00931701   0.0787766  0.00172797  0.00108013
  0.0133864  0.00172797   0.0676552   0.0102212
   0.354511  0.00108013   0.0102212    0.443003
IMAGINARY
          0   0.0033999  -0.0125426   -0.013089
 -0.0033999           0 -0.00483213   0.0053613
  0.0125426  0.00483213           0  0.00916742
   0.013089  -0.0053613 -0.00916742           0
EndNode1[0]<--->Repeater1[0]
REAL
   0.427944 -0.00303368   0.0107703    0.349818
-0.00303368    0.059754 -0.00668047 -0.00936977
  0.0107703 -0.00668047   0.0852373   -0.001168
   0.349818 -0.00936977   -0.001168    0.427065
IMAGINARY
         0  0.0181254 -0.0177131  0.0158053
-0.0181254          0 -0.0139838 -0.0274133
 0.0177131  0.0139838          0  0.0224884
-0.0158053  0.0274133 -0.0224884          0
EndNode2[0]<--->HoM1[0]
REAL
   0.421149 -0.00698344   0.0074105    0.343868
-0.00698344   0.0793072  0.00518825 -0.00336738
  0.0074105  0.00518825   0.0701914  0.00204184
   0.343868 -0.00336738  0.00204184    0.429353
IMAGINARY
          0 -0.00461288   0.0146471  0.00598384
 0.00461288           0  -0.0230144  -0.0178551
 -0.0146471   0.0230144           0   0.0114873
-0.00598384   0.0178551  -0.0114873           0
Repeater1[0]<--->EndNode1[0]
REAL
   0.427944   0.0107703 -0.00303368    0.349818
  0.0107703   0.0852373 -0.00668047   -0.001168
-0.00303368 -0.00668047    0.059754 -0.00936977
   0.349818   -0.001168 -0.00936977    0.427065
IMAGINARY
         0 -0.0177131  0.0181254  0.0158053
 0.0177131          0  0.0139838  0.0224884
-0.0181254 -0.0139838          0 -0.0274133
-0.0158053 -0.0224884  0.0274133          0
Repeater1[0]<--->HoM1[0]
REAL
   0.421149   0.0074105 -0.00698344    0.343868
  0.0074105   0.0701914  0.00518825  0.00204184
-0.00698344  0.00518825   0.0793072 -0.00336738
   0.343868  0.00204184 -0.00336738    0.429353
IMAGINARY
          0   0.0146471 -0.00461288  0.00598384
 -0.0146471           0   0.0230144   0.0114873
 0.00461288  -0.0230144           0  -0.0178551
-0.00598384  -0.0114873   0.0178551           0
EndNode1[0]<--->Repeater1[0]
REAL
  0.428034  0.0270688  0.0166425   0.347823
 0.0270688  0.0686736  0.0119488 0.00570634
 0.0166425  0.0119488  0.0827846  0.0128085
  0.347823 0.00570634  0.0128085   0.420508
IMAGINARY
          0  0.00560538  -0.0237489  -0.0117467
-0.00560538           0  0.00390703   0.0116413
  0.0237489 -0.00390703           0  0.00560538
  0.0117467  -0.0116413 -0.00560538           0
EndNode2[0]<--->HoM1[0]
REAL
   0.448052 -0.00662922 -0.00293304      0.3483
-0.00662922   0.0788497  0.00819404 -0.00569548
-0.00293304  0.00819404   0.0732839 -0.00926542
     0.3483 -0.00569548 -0.00926542    0.399814
IMAGINARY
           0    0.0108186   -0.0123519    0.0044984
  -0.0108186            0  0.000774006  -0.00354912
   0.0123519 -0.000774006            0    0.0112662
  -0.0044984   0.00354912   -0.0112662            0
Repeater1[0]<--->EndNode1[0]
REAL
  0.428034  0.0166425  0.0270688   0.347823
 0.0166425  0.0827846  0.0119488  0.0128085
 0.0270688  0.0119488  0.0686736 0.00570634
  0.347823  0.0128085 0.00570634   0.420508
IMAGINARY
          0  -0.0237489  0.00560538  -0.0117467
  0.0237489           0 -0.00390703  0.00560538
-0.00560538  0.00390703           0   0.0116413
  0.0117467 -0.00560538  -0.0116413           0
Repeater1[0]<--->HoM1[0]
REAL
   0.448052 -0.00293304 -0.00662922      0.3483
-0.00293304   0.0732839  0.00819404 -0.00926542
-0.00662922  0.00819404   0.0788497 -0.00569548
     0.3483 -0.00926542 -0.00569548    0.399814
IMAGINARY
           0   -0.0123519    0.0108186    0.0044984
   0.0123519            0 -0.000774006    0.0112662
  -0.0108186  0.000774006            0  -0.00354912
  -0.0044984   -0.0112662   0.00354912            0
EndNode1[0]<--->Repeater1[0]
REAL
   0.432077 -0.00540403  0.00510834    0.344625
-0.00540403   0.0595968 -0.00472789 -0.00253985
 0.00510834 -0.00472789   0.0753725 0.000267046
   0.344625 -0.00253985 0.000267046    0.432954
IMAGINARY
           0   0.00359801    0.0175577 -0.000805999
 -0.00359801            0   0.00739072   0.00185085
  -0.0175577  -0.00739072            0  -0.00174958
 0.000805999  -0.00185085   0.00174958            0
EndNode2[0]<--->HoM1[0]
REAL
   0.419742  0.00599128 -0.00571449    0.341286
 0.00599128   0.0802583  0.00624394 -0.00876592
-0.00571449  0.00624394   0.0802583 -0.00769485
   0.341286 -0.00876592 -0.00769485    0.419742
IMAGINARY
           0   0.00361264   0.00457715 -0.000652028
 -0.00361264            0   0.00336942  -0.00224723
 -0.00457715  -0.00336942            0    0.0117648
 0.000652028   0.00224723   -0.0117648            0
Repeater1[0]<--->EndNode1[0]
REAL
   0.432077  0.00510834 -0.00540403    0.344625
 0.00510834   0.0753725 -0.00472789 0.000267046
-0.00540403 -0.00472789   0.0595968 -0.00253985
   0.344625 0.000267046 -0.00253985    0.432954
IMAGINARY
           0    0.0175577   0.00359801 -0.000805999
  -0.0175577            0  -0.00739072  -0.00174958
 -0.00359801   0.00739072            0   0.00185085
 0.000805999   0.00174958  -0.00185085            0
Repeater1[0]<--->HoM1[0]
REAL
   0.419742 -0.00571449  0.00599128    0.341286
-0.00571449   0.0802583  0.00624394 -0.00769485
 0.00599128  0.00624394   0.0802583 -0.00876592
   0.341286 -0.00769485 -0.00876592    0.419742
IMAGINARY
           0   0.00457715   0.00361264 -0.000652028
 -0.00457715            0  -0.00336942    0.0117648
 -0.00361264   0.00336942            0  -0.00224723
 0.000652028   -0.0117648   0.00224723            0
EndNode1[0]<--->Repeater1[0]
REAL
   0.407993 -0.00949045  -0.0252924    0.353043
-0.00949045   0.0799257  0.00626196  0.00258533
 -0.0252924  0.00626196   0.0771375  -0.0203404
   0.353043  0.00258533  -0.0203404    0.434944
IMAGINARY
          0 -0.00758452  0.00165045 -0.00769278
 0.00758452           0  -0.0175134 -0.00663685
-0.00165045   0.0175134           0   0.0189172
 0.00769278  0.00663685  -0.0189172           0
EndNode2[0]<--->HoM1[0]
REAL
  0.434188 -0.0132683 0.00128767   0.353563
-0.0132683  0.0700855  0.0101151 -0.0200434
0.00128767  0.0101151  0.0786325 -0.0137216
  0.353563 -0.0200434 -0.0137216   0.417094
IMAGINARY
          0  0.00326465  0.00246951   0.0118104
-0.00326465           0 -0.00239417 -0.00642729
-0.00246951  0.00239417           0 -0.00458392
 -0.0118104  0.00642729  0.00458392           0
Repeater1[0]<--->EndNode1[0]
REAL
   0.407993  -0.0252924 -0.00949045    0.353043
 -0.0252924   0.0771375  0.00626196  -0.0203404
-0.00949045  0.00626196   0.0799257  0.00258533
   0.353043  -0.0203404  0.00258533    0.434944
IMAGINARY
          0  0.00165045 -0.00758452 -0.00769278
-0.00165045           0   0.0175134   0.0189172
 0.00758452  -0.0175134           0 -0.00663685
 0.00769278  -0.0189172  0.00663685           0
Repeater1[0]<--->HoM1[0]
REAL
  0.434188 0.00128767 -0.0132683   0.353563
0.00128767  0.0786325  0.0101151 -0.0137216
-0.0132683  0.0101151  0.0700855 -0.0200434
  0.353563 -0.0137216 -0.0200434   0.417094
IMAGINARY
          0  0.00246951  0.00326465   0.0118104
-0.00246951           0  0.00239417 -0.00458392
-0.00326465 -0.00239417           0 -0.00642729
 -0.0118104  0.00458392  0.00642729           0
EndNode1[0]<--->Repeater1[0]
REAL
    0.399816   0.00787668 -7.33787e-05     0.353635
  0.00787668    0.0818015   0.00195124    0.0259589
-7.33787e-05   0.00195124    0.0579044    0.0152841
    0.353635    0.0259589    0.0152841     0.460478
IMAGINARY
           0  -0.00132301  -0.00326567  -0.00597333
  0.00132301            0   -0.0123139   0.00281071
  0.00326567    0.0123139            0  0.000868051
  0.00597333  -0.00281071 -0.000868051            0
EndNode2[0]<--->HoM1[0]
REAL
    0.428179   -0.0074796 -0.000254404     0.346975
  -0.0074796    0.0677036  -0.00457338  -0.00162177
-0.000254404  -0.00457338    0.0860018    0.0074796
    0.346975  -0.00162177    0.0074796     0.418115
IMAGINARY
           0  -0.00849465  0.000625007    0.0027753
  0.00849465            0   0.00964972  -0.00153575
-0.000625007  -0.00964972            0   0.00303017
  -0.0027753   0.00153575  -0.00303017            0
Repeater1[0]<--->EndNode1[0]
REAL
    0.399816 -7.33787e-05   0.00787668     0.353635
-7.33787e-05    0.0579044   0.00195124    0.0152841
  0.00787668   0.00195124    0.0818015    0.0259589
    0.353635    0.0152841    0.0259589     0.460478
IMAGINARY
           0  -0.00326567  -0.00132301  -0.00597333
  0.00326567            0    0.0123139  0.000868051
  0.00132301   -0.0123139            0   0.00281071
  0.00597333 -0.000868051  -0.00281071            0
Repeater1[0]<--->HoM1[0]
REAL
    0.428179 -0.000254404   -0.0074796     0.346975
-0.000254404    0.0860018  -0.00457338    0.0074796
  -0.0074796  -0.00457338    0.0677036  -0.00162177
    0.346975    0.0074796  -0.00162177     0.418115
IMAGINARY
           0  0.000625007  -0.00849465    0.0027753
-0.000625007            0  -0.00964972   0.00303017
  0.00849465   0.00964972            0  -0.00153575
  -0.0027753  -0.00303017   0.00153575            0
EndNode1[0]<--->Repeater1[0]
REAL
  0.427667  0.0105102  0.0121568   0.349554
 0.0105102  0.0705244 0.00784057  0.0204137
 0.0121568 0.00784057  0.0650995  0.0132574
  0.349554  0.0204137  0.0132574   0.436709
IMAGINARY
          0  0.00526884   -0.015837 -0.00396949
-0.00526884           0 -0.00700505   0.0186303
   0.015837  0.00700505           0 -0.00433774
 0.00396949  -0.0186303  0.00433774           0
EndNode2[0]<--->HoM1[0]
REAL
   0.446828 -0.00210571   0.0108574    0.350233
-0.00210571   0.0705987 -0.00246618 -0.00493211
  0.0108574 -0.00246618   0.0768543  0.00711938
   0.350233 -0.00493211  0.00711938    0.405719
IMAGINARY
          0  -0.0251287   0.0090636  -0.0209332
  0.0251287           0   0.0114992   0.0133518
 -0.0090636  -0.0114992           0  0.00362825
  0.0209332  -0.0133518 -0.00362825           0
Repeater1[0]<--->EndNode1[0]
REAL
  0.427667  0.0121568  0.0105102   0.349554
 0.0121568  0.0650995 0.00784057  0.0132574
 0.0105102 0.00784057  0.0705244  0.0204137
  0.349554  0.0132574  0.0204137   0.436709
IMAGINARY
          0   -0.015837  0.00526884 -0.00396949
   0.015837           0  0.00700505 -0.00433774
-0.00526884 -0.00700505           0   0.0186303
 0.00396949  0.00433774  -0.0186303           0
Repeater1[0]<--->HoM1[0]
REAL
   0.446828   0.0108574 -0.00210571    0.350233
  0.0108574   0.0768543 -0.00246618  0.00711938
-0.00210571 -0.00246618   0.0705987 -0.00493211
   0.350233  0.00711938 -0.00493211    0.405719
IMAGINARY
          0   0.0090636  -0.0251287  -0.0209332
 -0.0090636           0  -0.0114992  0.00362825
  0.0251287   0.0114992           0   0.0133518
  0.0209332 -0.00362825  -0.0133518           0
EndNode1[0]<--->Repeater1[0]
REAL
   0.394761 -0.00311186  -0.0029148    0.336634
-0.00311186   0.0677507  0.00193091  -0.0029148
 -0.0029148  0.00193091    0.071364  0.00445715
   0.336634  -0.0029148  0.00445715    0.466125
IMAGINARY
          0  0.00574257 -0.00543538 -0.00519202
-0.00574257           0  -0.0106958 -0.00141393
 0.00543538   0.0106958           0   0.0166319
