EndNode1[0]<--->Repeater1[0]
REAL
   0.361304   0.0102785   0.0140209    0.140496
  0.0102785    0.145487   0.0102545 -0.00321007
  0.0140209   0.0102545    0.131301  0.00984159
   0.140496 -0.00321007  0.00984159    0.361908
IMAGINARY
          0 -0.00621696  0.00429184  0.00314627
 0.00621696           0  0.00103783 -0.00169007
-0.00429184 -0.00103783           0  0.00483955
-0.00314627  0.00169007 -0.00483955           0
EndNode2[0]<--->HoM1[0]
REAL
   0.359491 -0.00521306   0.0106178    0.134205
-0.00521306    0.145395  0.00294418 -0.00912704
  0.0106178  0.00294418    0.135327  0.00521306
   0.134205 -0.00912704  0.00521306    0.359787
IMAGINARY
           0   0.00960298   -0.0061582     0.007879
 -0.00960298            0   0.00214877  -0.00198905
   0.0061582  -0.00214877            0  0.000354772
   -0.007879   0.00198905 -0.000354772            0
Repeater1[0]<--->EndNode1[0]
REAL
   0.361304   0.0140209   0.0102785    0.140496
  0.0140209    0.131301   0.0102545  0.00984159
  0.0102785   0.0102545    0.145487 -0.00321007
   0.140496  0.00984159 -0.00321007    0.361908
IMAGINARY
          0  0.00429184 -0.00621696  0.00314627
-0.00429184           0 -0.00103783  0.00483955
 0.00621696  0.00103783           0 -0.00169007
-0.00314627 -0.00483955  0.00169007           0
Repeater1[0]<--->HoM1[0]
REAL
   0.359491   0.0106178 -0.00521306    0.134205
  0.0106178    0.135327  0.00294418  0.00521306
-0.00521306  0.00294418    0.145395 -0.00912704
   0.134205  0.00521306 -0.00912704    0.359787
IMAGINARY
           0   -0.0061582   0.00960298     0.007879
   0.0061582            0  -0.00214877  0.000354772
 -0.00960298   0.00214877            0  -0.00198905
   -0.007879 -0.000354772   0.00198905            0
EndNode1[0]<--->Repeater1[0]
REAL
   0.363128 -0.00300077  -0.0110033    0.144786
-0.00300077    0.138195  0.00460834 9.41598e-05
 -0.0110033  0.00460834    0.145839  0.00512198
   0.144786 9.41598e-05  0.00512198    0.352837
IMAGINARY
          0 -0.00314232 -0.00108457 -0.00632609
 0.00314232           0  -0.0108633  0.00241397
 0.00108457   0.0108633           0  0.00535798
 0.00632609 -0.00241397 -0.00535798           0
EndNode2[0]<--->HoM1[0]
REAL
   0.357507  0.00299973 -0.00348901    0.149195
 0.00299973    0.137549   -0.014208  -0.0031935
-0.00348901   -0.014208    0.144441 -0.00700923
   0.149195  -0.0031935 -0.00700923    0.360503
IMAGINARY
          0 -0.00572849 -0.00512316 -0.00502104
 0.00572849           0  0.00270265 -0.00466876
 0.00512316 -0.00270265           0  0.00328051
 0.00502104  0.00466876 -0.00328051           0
Repeater1[0]<--->EndNode1[0]
REAL
   0.363128  -0.0110033 -0.00300077    0.144786
 -0.0110033    0.145839  0.00460834  0.00512198
-0.00300077  0.00460834    0.138195 9.41598e-05
   0.144786  0.00512198 9.41598e-05    0.352837
IMAGINARY
          0 -0.00108457 -0.00314232 -0.00632609
 0.00108457           0   0.0108633  0.00535798
 0.00314232  -0.0108633           0  0.00241397
 0.00632609 -0.00535798 -0.00241397           0
Repeater1[0]<--->HoM1[0]
REAL
   0.357507 -0.00348901  0.00299973    0.149195
-0.00348901    0.144441   -0.014208 -0.00700923
 0.00299973   -0.014208    0.137549  -0.0031935
   0.149195 -0.00700923  -0.0031935    0.360503
IMAGINARY
          0 -0.00512316 -0.00572849 -0.00502104
 0.00512316           0 -0.00270265  0.00328051
 0.00572849  0.00270265           0 -0.00466876
 0.00502104 -0.00328051  0.00466876           0
EndNode1[0]<--->Repeater1[0]
REAL
   0.353781    0.011838   0.0102041    0.147365
   0.011838    0.135439  0.00400837 -0.00190349
  0.0102041  0.00400837    0.143942 -0.00746129
   0.147365 -0.00190349 -0.00746129    0.366839
IMAGINARY
          0  0.00504815 -0.00281802  0.00832811
-0.00504815           0   0.0095454 -0.00475774
 0.00281802  -0.0095454           0   0.0141826
-0.00832811  0.00475774  -0.0141826           0
EndNode2[0]<--->HoM1[0]
REAL
   0.353632  0.00517151   0.0133187    0.155812
 0.00517151    0.143122  0.00230805 -0.00812944
  0.0133187  0.00230805    0.146832  0.00368075
   0.155812 -0.00812944  0.00368075    0.356414
IMAGINARY
           0   0.00455842   0.00675451   0.00657153
 -0.00455842            0    0.0027756   0.00660654
 -0.00675451   -0.0027756            0 -0.000995471
 -0.00657153  -0.00660654  0.000995471            0
Repeater1[0]<--->EndNode1[0]
REAL
   0.353781   0.0102041    0.011838    0.147365
  0.0102041    0.143942  0.00400837 -0.00746129
   0.011838  0.00400837    0.135439 -0.00190349
   0.147365 -0.00746129 -0.00190349    0.366839
IMAGINARY
          0 -0.00281802  0.00504815  0.00832811
 0.00281802           0  -0.0095454   0.0141826
-0.00504815   0.0095454           0 -0.00475774
-0.00832811  -0.0141826  0.00475774           0
Repeater1[0]<--->HoM1[0]
REAL
   0.353632   0.0133187  0.00517151    0.155812
  0.0133187    0.146832  0.00230805  0.00368075
 0.00517151  0.00230805    0.143122 -0.00812944
   0.155812  0.00368075 -0.00812944    0.356414
IMAGINARY
           0   0.00675451   0.00455842   0.00657153
 -0.00675451            0   -0.0027756 -0.000995471
 -0.00455842    0.0027756            0   0.00660654
 -0.00657153  0.000995471  -0.00660654            0
EndNode1[0]<--->Repeater1[0]
REAL
   0.366696 -0.00359174  0.00208839    0.134773
-0.00359174    0.142091 0.000634151 -0.00223868
 0.00208839 0.000634151    0.139112  0.00975345
   0.134773 -0.00223868  0.00975345      0.3521
IMAGINARY
          0  0.00249174   0.0112598  0.00231835
-0.00249174           0  0.00622225  0.00324168
 -0.0112598 -0.00622225           0 -0.00218963
-0.00231835 -0.00324168  0.00218963           0
EndNode2[0]<--->HoM1[0]
REAL
    0.358338  0.000562196   0.00602238     0.141672
 0.000562196     0.135087  -0.00253623 -0.000989816
  0.00602238  -0.00253623     0.139868    0.0047664
    0.141672 -0.000989816    0.0047664     0.366707
IMAGINARY
          0  0.00104145 -0.00347767  0.00102661
-0.00104145           0  0.00193022  0.00377318
 0.00347767 -0.00193022           0   0.0110744
-0.00102661 -0.00377318  -0.0110744           0
Repeater1[0]<--->EndNode1[0]
REAL
   0.366696  0.00208839 -0.00359174    0.134773
 0.00208839    0.139112 0.000634151  0.00975345
-0.00359174 0.000634151    0.142091 -0.00223868
   0.134773  0.00975345 -0.00223868      0.3521
IMAGINARY
          0   0.0112598  0.00249174  0.00231835
 -0.0112598           0 -0.00622225 -0.00218963
-0.00249174  0.00622225           0  0.00324168
-0.00231835  0.00218963 -0.00324168           0
Repeater1[0]<--->HoM1[0]
REAL
    0.358338   0.00602238  0.000562196     0.141672
  0.00602238     0.139868  -0.00253623    0.0047664
 0.000562196  -0.00253623     0.135087 -0.000989816
    0.141672    0.0047664 -0.000989816     0.366707
IMAGINARY
          0 -0.00347767  0.00104145  0.00102661
 0.00347767           0 -0.00193022   0.0110744
-0.00104145  0.00193022           0  0.00377318
-0.00102661  -0.0110744 -0.00377318           0
EndNode1[0]<--->Repeater1[0]
REAL
   0.365955 -0.00927983 -0.00426803    0.143924
-0.00927983    0.138493 -0.00491015  0.00772459
-0.00426803 -0.00491015     0.13968 0.000412983
   0.143924  0.00772459 0.000412983    0.355872
IMAGINARY
           0   -0.0103782    0.0116125    0.0034002
   0.0103782            0    0.0092543   0.00243408
  -0.0116125   -0.0092543            0 -0.000978604
  -0.0034002  -0.00243408  0.000978604            0
EndNode2[0]<--->HoM1[0]
REAL
    0.361269   0.00516623  -0.00247091     0.147498
  0.00516623     0.151751  -0.00490061 -0.000563072
 -0.00247091  -0.00490061     0.137384 -0.000918659
    0.147498 -0.000563072 -0.000918659     0.349596
IMAGINARY
           0   0.00500911  -0.00235696  -0.00228952
 -0.00500911            0 -0.000254632    -0.008572
  0.00235696  0.000254632            0   0.00622344
  0.00228952     0.008572  -0.00622344            0
Repeater1[0]<--->EndNode1[0]
REAL
   0.365955 -0.00426803 -0.00927983    0.143924
-0.00426803     0.13968 -0.00491015 0.000412983
-0.00927983 -0.00491015    0.138493  0.00772459
   0.143924 0.000412983  0.00772459    0.355872
IMAGINARY
           0    0.0116125   -0.0103782    0.0034002
  -0.0116125            0   -0.0092543 -0.000978604
   0.0103782    0.0092543            0   0.00243408
  -0.0034002  0.000978604  -0.00243408            0
Repeater1[0]<--->HoM1[0]
REAL
    0.361269  -0.00247091   0.00516623     0.147498
 -0.00247091     0.137384  -0.00490061 -0.000918659
  0.00516623  -0.00490061     0.151751 -0.000563072
    0.147498 -0.000918659 -0.000563072     0.349596
IMAGINARY
           0  -0.00235696   0.00500911  -0.00228952
  0.00235696            0  0.000254632   0.00622344
 -0.00500911 -0.000254632            0    -0.008572
  0.00228952  -0.00622344     0.008572            0
EndNode1[0]<--->Repeater1[0]
REAL
    0.362489   -0.0068513   0.00258859      0.13276
  -0.0068513     0.137962  -0.00146692 -0.000930468
  0.00258859  -0.00146692     0.137662  -0.00505705
     0.13276 -0.000930468  -0.00505705     0.361888
IMAGINARY
          0   0.0102256  0.00479541  0.00116278
 -0.0102256           0  0.00456012 -0.00615124
-0.00479541 -0.00456012           0  0.00257944
-0.00116278  0.00615124 -0.00257944           0
EndNode2[0]<--->HoM1[0]
REAL
   0.359733   0.0123678 0.000415524    0.138118
  0.0123678    0.143766 -0.00321583 -0.00143862
0.000415524 -0.00321583    0.144402  -0.0113447
   0.138118 -0.00143862  -0.0113447    0.352099
IMAGINARY
          0   0.0135838 -0.00517389   0.0122012
 -0.0135838           0 -0.00217765 -0.00609076
 0.00517389  0.00217765           0   0.0127004
 -0.0122012  0.00609076  -0.0127004           0
Repeater1[0]<--->EndNode1[0]
REAL
    0.362489   0.00258859   -0.0068513      0.13276
  0.00258859     0.137662  -0.00146692  -0.00505705
  -0.0068513  -0.00146692     0.137962 -0.000930468
     0.13276  -0.00505705 -0.000930468     0.361888
IMAGINARY
          0  0.00479541   0.0102256  0.00116278
-0.00479541           0 -0.00456012  0.00257944
 -0.0102256  0.00456012           0 -0.00615124
-0.00116278 -0.00257944  0.00615124           0
Repeater1[0]<--->HoM1[0]
REAL
   0.359733 0.000415524   0.0123678    0.138118
0.000415524    0.144402 -0.00321583  -0.0113447
  0.0123678 -0.00321583    0.143766 -0.00143862
   0.138118  -0.0113447 -0.00143862    0.352099
IMAGINARY
          0 -0.00517389   0.0135838   0.0122012
 0.00517389           0  0.00217765   0.0127004
 -0.0135838 -0.00217765           0 -0.00609076
 -0.0122012  -0.0127004  0.00609076           0
EndNode1[0]<--->Repeater1[0]
REAL
  0.353156 0.00268664 0.00337227   0.145056
0.00268664   0.139372 0.00855862 0.00807351
0.00337227 0.00855862   0.143031 -0.0111204
  0.145056 0.00807351 -0.0111204    0.36444
IMAGINARY
           0  0.000351114  -0.00151588  -0.00130429
-0.000351114            0   0.00636985  -0.00597751
  0.00151588  -0.00636985            0   0.00390983
  0.00130429   0.00597751  -0.00390983            0
EndNode2[0]<--->HoM1[0]
REAL
   0.358921 -0.00585157  -0.0073526     0.14494
-0.00585157    0.131334  0.00425187 -0.00407684
 -0.0073526  0.00425187    0.136732 -0.00222523
    0.14494 -0.00407684 -0.00222523    0.373013
IMAGINARY
           0  -0.00286819     0.010728   0.00372538
  0.00286819            0  -0.00253207  0.000383142
   -0.010728   0.00253207            0  -0.00511303
 -0.00372538 -0.000383142   0.00511303            0
Repeater1[0]<--->EndNode1[0]
REAL
  0.353156 0.00337227 0.00268664   0.145056
0.00337227   0.143031 0.00855862 -0.0111204
0.00268664 0.00855862   0.139372 0.00807351
  0.145056 -0.0111204 0.00807351    0.36444
IMAGINARY
           0  -0.00151588  0.000351114  -0.00130429
  0.00151588            0  -0.00636985   0.00390983
-0.000351114   0.00636985            0  -0.00597751
  0.00130429  -0.00390983   0.00597751            0
Repeater1[0]<--->HoM1[0]
REAL
   0.358921  -0.0073526 -0.00585157     0.14494
 -0.0073526    0.136732  0.00425187 -0.00222523
-0.00585157  0.00425187    0.131334 -0.00407684
    0.14494 -0.00222523 -0.00407684    0.373013
IMAGINARY
           0     0.010728  -0.00286819   0.00372538
   -0.010728            0   0.00253207  -0.00511303
  0.00286819  -0.00253207            0  0.000383142
 -0.00372538   0.00511303 -0.000383142            0
EndNode1[0]<--->Repeater1[0]
REAL
   0.355823  0.00593919  0.00489356    0.139828
 0.00593919     0.14051 0.000538716  0.00190313
 0.00489356 0.000538716    0.148724   0.0106093
   0.139828  0.00190313   0.0106093    0.354943
IMAGINARY
          0 -0.00206513 -0.00283561  -0.0127135
 0.00206513           0  0.00495488 -0.00804395
 0.00283561 -0.00495488           0  -0.0026851
  0.0127135  0.00804395   0.0026851           0
EndNode2[0]<--->HoM1[0]
REAL
    0.363691   0.00305098  -0.00974005     0.138014
  0.00305098     0.130579 -0.000614247   0.00450283
 -0.00974005 -0.000614247      0.13661    0.0123526
    0.138014   0.00450283    0.0123526     0.369119
IMAGINARY
           0  -0.00312987   0.00417834   0.00168156
  0.00312987            0   0.00908677 -0.000661343
 -0.00417834  -0.00908677            0 -9.40464e-05
 -0.00168156  0.000661343  9.40464e-05            0
Repeater1[0]<--->EndNode1[0]
REAL
   0.355823  0.00489356  0.00593919    0.139828
 0.00489356    0.148724 0.000538716   0.0106093
 0.00593919 0.000538716     0.14051  0.00190313
   0.139828   0.0106093  0.00190313    0.354943
IMAGINARY
          0 -0.00283561 -0.00206513  -0.0127135
 0.00283561           0 -0.00495488  -0.0026851
 0.00206513  0.00495488           0 -0.00804395
  0.0127135   0.0026851  0.00804395           0
Repeater1[0]<--->HoM1[0]
REAL
    0.363691  -0.00974005   0.00305098     0.138014
 -0.00974005      0.13661 -0.000614247    0.0123526
  0.00305098 -0.000614247     0.130579   0.00450283
    0.138014    0.0123526   0.00450283     0.369119
IMAGINARY
           0   0.00417834  -0.00312987   0.00168156
 -0.00417834            0  -0.00908677 -9.40464e-05
  0.00312987   0.00908677            0 -0.000661343
 -0.00168156  9.40464e-05  0.000661343            0
EndNode1[0]<--->Repeater1[0]
REAL
   0.355244    0.013528  -0.0051941    0.146208
   0.013528    0.149985  0.00177057  0.00622685
 -0.0051941  0.00177057    0.136241 -0.00570854
   0.146208  0.00622685 -0.00570854     0.35853
IMAGINARY
           0   0.00287616  -0.00739435   0.00936227
 -0.00287616            0  3.79067e-05  -0.00305433
  0.00739435 -3.79067e-05            0   0.00603595
 -0.00936227   0.00305433  -0.00603595            0
EndNode2[0]<--->HoM1[0]
REAL
    0.357734 -0.000804138   0.00296158     0.152573
-0.000804138     0.145482  -0.00811494  -0.00789137
  0.00296158  -0.00811494     0.139969    0.0102156
    0.152573  -0.00789137    0.0102156     0.356815
IMAGINARY
          0 -0.00207356  0.00269076 -0.00681734
 0.00207356           0  0.00832518   -0.004335
-0.00269076 -0.00832518           0 -0.00375603
 0.00681734    0.004335  0.00375603           0
Repeater1[0]<--->EndNode1[0]
REAL
   0.355244  -0.0051941    0.013528    0.146208
 -0.0051941    0.136241  0.00177057 -0.00570854
   0.013528  0.00177057    0.149985  0.00622685
   0.146208 -0.00570854  0.00622685     0.35853
IMAGINARY
           0  -0.00739435   0.00287616   0.00936227
  0.00739435            0 -3.79067e-05   0.00603595
 -0.00287616  3.79067e-05            0  -0.00305433
 -0.00936227  -0.00603595   0.00305433            0
Repeater1[0]<--->HoM1[0]
REAL
    0.357734   0.00296158 -0.000804138     0.152573
  0.00296158     0.139969  -0.00811494    0.0102156
-0.000804138  -0.00811494     0.145482  -0.00789137
    0.152573    0.0102156  -0.00789137     0.356815
IMAGINARY
          0  0.00269076 -0.00207356 -0.00681734
-0.00269076           0 -0.00832518 -0.00375603
 0.00207356  0.00832518           0   -0.004335
 0.00681734  0.00375603    0.004335           0
EndNode1[0]<--->Repeater1[0]
REAL
   0.366133 -0.00416493 -0.00110845    0.142962
-0.00416493    0.137036  0.00777008  0.00753211
-0.00110845  0.00777008    0.140658  0.00610697
   0.142962  0.00753211  0.00610697    0.356173
IMAGINARY
          0 -0.00843347  0.00451829 -0.00973698
 0.00843347           0 -0.00144314 -0.00212021
-0.00451829  0.00144314           0  0.00273803
 0.00973698  0.00212021 -0.00273803           0
EndNode2[0]<--->HoM1[0]
REAL
   0.347629 -0.00553355 0.000323387    0.145633
-0.00553355    0.141649 -0.00563338 -0.00179398
0.000323387 -0.00563338    0.140743 -0.00240762
   0.145633 -0.00179398 -0.00240762    0.369979
IMAGINARY
           0   0.00260309  -0.00297871  -0.00110489
 -0.00260309            0 -0.000955145  -0.00313157
  0.00297871  0.000955145            0    0.0082762
  0.00110489   0.00313157   -0.0082762            0
Repeater1[0]<--->EndNode1[0]
REAL
   0.366133 -0.00110845 -0.00416493    0.142962
-0.00110845    0.140658  0.00777008  0.00610697
-0.00416493  0.00777008    0.137036  0.00753211
   0.142962  0.00610697  0.00753211    0.356173
IMAGINARY
          0  0.00451829 -0.00843347 -0.00973698
-0.00451829           0  0.00144314  0.00273803
 0.00843347 -0.00144314           0 -0.00212021
 0.00973698 -0.00273803  0.00212021           0
Repeater1[0]<--->HoM1[0]
REAL
   0.347629 0.000323387 -0.00553355    0.145633
0.000323387    0.140743 -0.00563338 -0.00240762
-0.00553355 -0.00563338    0.141649 -0.00179398
   0.145633 -0.00240762 -0.00179398    0.369979
IMAGINARY
           0  -0.00297871   0.00260309  -0.00110489
  0.00297871            0  0.000955145    0.0082762
 -0.00260309 -0.000955145            0  -0.00313157
  0.00110489   -0.0082762   0.00313157            0
EndNode1[0]<--->Repeater1[0]
REAL
   0.367563 -0.00697995 -0.00409703    0.152822
-0.00697995    0.144669 0.000318008 -0.00123472
-0.00409703 0.000318008    0.129266 0.000167158
   0.152822 -0.00123472 0.000167158    0.358502
IMAGINARY
           0   0.00548176  -0.00540324  -0.00032988
 -0.00548176            0   -0.0122702  -0.00233576
  0.00540324    0.0122702            0 -0.000474169
  0.00032988   0.00233576  0.000474169            0
EndNode2[0]<--->HoM1[0]
REAL
   0.374174  0.00209885  0.00600335     0.13573
 0.00209885    0.114114   0.0170602 -0.00404257
 0.00600335   0.0170602    0.142943  -0.0112994
    0.13573 -0.00404257  -0.0112994    0.368769
IMAGINARY
           0  -0.00998966    0.0131634  -0.00326464
  0.00998966            0  5.46121e-05  -0.00492671
  -0.0131634 -5.46121e-05            0  -0.00312809
  0.00326464   0.00492671   0.00312809            0
Repeater1[0]<--->EndNode1[0]
REAL
   0.367563 -0.00409703 -0.00697995    0.152822
-0.00409703    0.129266 0.000318008 0.000167158
-0.00697995 0.000318008    0.144669 -0.00123472
   0.152822 0.000167158 -0.00123472    0.358502
IMAGINARY
           0  -0.00540324   0.00548176  -0.00032988
  0.00540324            0    0.0122702 -0.000474169
 -0.00548176   -0.0122702            0  -0.00233576
  0.00032988  0.000474169   0.00233576            0
Repeater1[0]<--->HoM1[0]
REAL
   0.374174  0.00600335  0.00209885     0.13573
 0.00600335    0.142943   0.0170602  -0.0112994
 0.00209885   0.0170602    0.114114 -0.00404257
    0.13573  -0.0112994 -0.00404257    0.368769
IMAGINARY
           0    0.0131634  -0.00998966  -0.00326464
  -0.0131634            0 -5.46121e-05  -0.00312809
  0.00998966  5.46121e-05            0  -0.00492671
  0.00326464   0.00312809   0.00492671            0
EndNode1[0]<--->Repeater1[0]
REAL
   0.349229  -0.0120642  0.00279072    0.145174
 -0.0120642    0.142774  0.00446301 -0.00127923
 0.00279072  0.00446301    0.151207   0.0090412
   0.145174 -0.00127923   0.0090412     0.35679
IMAGINARY
           0  0.000558897   0.00100386  -0.00132706
-0.000558897            0  -0.00615797  -0.00192354
 -0.00100386   0.00615797            0   0.00342639
  0.00132706   0.00192354  -0.00342639            0
EndNode2[0]<--->HoM1[0]
REAL
   0.355423 -0.00953279 -0.00806814     0.14546
-0.00953279    0.142942   0.0115445 -0.00431109
-0.00806814   0.0115445    0.135513 -0.00526189
    0.14546 -0.00431109 -0.00526189    0.366122
IMAGINARY
          0  0.00788369 -0.00570757 -0.00230911
-0.00788369           0 -0.00230911 -0.00216983
 0.00570757  0.00230911           0 -0.00859982
 0.00230911  0.00216983  0.00859982           0
Repeater1[0]<--->EndNode1[0]
REAL
   0.349229  0.00279072  -0.0120642    0.145174
 0.00279072    0.151207  0.00446301   0.0090412
 -0.0120642  0.00446301    0.142774 -0.00127923
   0.145174   0.0090412 -0.00127923     0.35679
IMAGINARY
           0   0.00100386  0.000558897  -0.00132706
 -0.00100386            0   0.00615797   0.00342639
-0.000558897  -0.00615797            0  -0.00192354
  0.00132706  -0.00342639   0.00192354            0
Repeater1[0]<--->HoM1[0]
REAL
   0.355423 -0.00806814 -0.00953279     0.14546
-0.00806814    0.135513   0.0115445 -0.00526189
-0.00953279   0.0115445    0.142942 -0.00431109
    0.14546 -0.00526189 -0.00431109    0.366122
IMAGINARY
          0 -0.00570757  0.00788369 -0.00230911
 0.00570757           0  0.00230911 -0.00859982
-0.00788369 -0.00230911           0 -0.00216983
 0.00230911  0.00859982  0.00216983           0
EndNode1[0]<--->Repeater1[0]
REAL
   0.358502  -0.0120739  0.00821136    0.141979
 -0.0120739    0.129527 -0.00179778 -0.00881559
 0.00821136 -0.00179778    0.149785  -0.0045424
   0.141979 -0.00881559  -0.0045424    0.362185
IMAGINARY
           0   0.00783906   -0.0039511 -0.000303697
 -0.00783906            0  -0.00578843  -0.00334504
   0.0039511   0.00578843            0   0.00432117
 0.000303697   0.00334504  -0.00432117            0
EndNode2[0]<--->HoM1[0]
REAL
   0.357379  0.00780281  6.8221e-05    0.140992
 0.00780281    0.140066 -0.00309629   0.0116078
 6.8221e-05 -0.00309629    0.130448  0.00298643
   0.140992   0.0116078  0.00298643    0.372107
IMAGINARY
           0   0.00454543 -0.000333817  -0.00548261
 -0.00454543            0   0.00396285   0.00241344
 0.000333817  -0.00396285            0   0.00169343
  0.00548261  -0.00241344  -0.00169343            0
Repeater1[0]<--->EndNode1[0]
REAL
   0.358502  0.00821136  -0.0120739    0.141979
 0.00821136    0.149785 -0.00179778  -0.0045424
 -0.0120739 -0.00179778    0.129527 -0.00881559
   0.141979  -0.0045424 -0.00881559    0.362185
IMAGINARY
           0   -0.0039511   0.00783906 -0.000303697
   0.0039511            0   0.00578843   0.00432117
 -0.00783906  -0.00578843            0  -0.00334504
 0.000303697  -0.00432117   0.00334504            0
Repeater1[0]<--->HoM1[0]
REAL
   0.357379  6.8221e-05  0.00780281    0.140992
 6.8221e-05    0.130448 -0.00309629  0.00298643
 0.00780281 -0.00309629    0.140066   0.0116078
   0.140992  0.00298643   0.0116078    0.372107
IMAGINARY
           0 -0.000333817   0.00454543  -0.00548261
 0.000333817            0  -0.00396285   0.00169343
 -0.00454543   0.00396285            0   0.00241344
  0.00548261  -0.00169343  -0.00241344            0
EndNode1[0]<--->Repeater1[0]
REAL
   0.366637  0.00142156 -0.00520621    0.144907
 0.00142156    0.139459 -0.00220486  0.00691058
-0.00520621 -0.00220486    0.144514 -0.00126661
   0.144907  0.00691058 -0.00126661     0.34939
IMAGINARY
           0  -0.00352061   0.00723998  0.000890835
  0.00352061            0   0.00369072   0.00359034
 -0.00723998  -0.00369072            0   -0.0154325
-0.000890835  -0.00359034    0.0154325            0
EndNode2[0]<--->HoM1[0]
REAL
   0.352091  0.00892426    0.012899    0.150006
 0.00892426     0.13873 -0.00373713  0.00829499
   0.012899 -0.00373713    0.146554 -0.00116306
   0.150006  0.00829499 -0.00116306    0.362624
IMAGINARY
           0  -0.00680199 -0.000444547   -0.0106658
  0.00680199            0   0.00467342  -0.00179226
 0.000444547  -0.00467342            0   0.00814408
   0.0106658   0.00179226  -0.00814408            0
Repeater1[0]<--->EndNode1[0]
REAL
   0.366637 -0.00520621  0.00142156    0.144907
-0.00520621    0.144514 -0.00220486 -0.00126661
 0.00142156 -0.00220486    0.139459  0.00691058
   0.144907 -0.00126661  0.00691058     0.34939
IMAGINARY
           0   0.00723998  -0.00352061  0.000890835
 -0.00723998            0  -0.00369072   -0.0154325
  0.00352061   0.00369072            0   0.00359034
-0.000890835    0.0154325  -0.00359034            0
Repeater1[0]<--->HoM1[0]
REAL
   0.352091    0.012899  0.00892426    0.150006
   0.012899    0.146554 -0.00373713 -0.00116306
 0.00892426 -0.00373713     0.13873  0.00829499
   0.150006 -0.00116306  0.00829499    0.362624
IMAGINARY
           0 -0.000444547  -0.00680199   -0.0106658
 0.000444547            0  -0.00467342   0.00814408
  0.00680199   0.00467342            0  -0.00179226
   0.0106658  -0.00814408   0.00179226            0
EndNode1[0]<--->Repeater1[0]
REAL
   0.362959  0.00323111 -0.00444718    0.153994
 0.00323111    0.133888 -0.00844338 -0.00505508
-0.00444718 -0.00844338    0.151663 -0.00458858
   0.153994 -0.00505508 -0.00458858    0.351491
IMAGINARY
          0 -0.00392161 -0.00248839  0.00982696
 0.00392161           0  0.00362048  0.00706201
 0.00248839 -0.00362048           0 -0.00773375
-0.00982696 -0.00706201  0.00773375           0
EndNode2[0]<--->HoM1[0]
REAL
   0.359509 -0.00190398 -0.00844711    0.143705
-0.00190398    0.139877   0.0103423    0.002623
-0.00844711   0.0103423    0.142638   0.0100577
   0.143705    0.002623   0.0100577    0.357975
IMAGINARY
           0  0.000356304    0.0158253    0.0150336
-0.000356304            0   0.00579338  8.31431e-05
  -0.0158253  -0.00579338            0   0.00246855
  -0.0150336 -8.31431e-05  -0.00246855            0
Repeater1[0]<--->EndNode1[0]
REAL
   0.362959 -0.00444718  0.00323111    0.153994
-0.00444718    0.151663 -0.00844338 -0.00458858
 0.00323111 -0.00844338    0.133888 -0.00505508
   0.153994 -0.00458858 -0.00505508    0.351491
IMAGINARY
          0 -0.00248839 -0.00392161  0.00982696
 0.00248839           0 -0.00362048 -0.00773375
 0.00392161  0.00362048           0  0.00706201
-0.00982696  0.00773375 -0.00706201           0
Repeater1[0]<--->HoM1[0]
REAL
   0.359509 -0.00844711 -0.00190398    0.143705
-0.00844711    0.142638   0.0103423   0.0100577
-0.00190398   0.0103423    0.139877    0.002623
   0.143705   0.0100577    0.002623    0.357975
IMAGINARY
           0    0.0158253  0.000356304    0.0150336
  -0.0158253            0  -0.00579338   0.00246855
-0.000356304   0.00579338            0  8.31431e-05
  -0.0150336  -0.00246855 -8.31431e-05            0
EndNode1[0]<--->Repeater1[0]
REAL
   0.343195  -0.0112208  -0.0147364    0.141249
 -0.0112208    0.137029 -0.00759725  0.00250494
 -0.0147364 -0.00759725    0.145749  -0.0069773
   0.141249  0.00250494  -0.0069773    0.374027
IMAGINARY
          0 -0.00297718 -0.00516022  0.00950532
 0.00297718           0 -0.00449648  0.00530629
 0.00516022  0.00449648           0   -0.003596
-0.00950532 -0.00530629    0.003596           0
EndNode2[0]<--->HoM1[0]
REAL
   0.373116 0.000414755  0.00199024    0.139204
0.000414755    0.130199  0.00451966 -0.00380952
 0.00199024  0.00451966    0.131706  0.00777202
   0.139204 -0.00380952  0.00777202    0.364979
IMAGINARY
          0  0.00566741 -0.00759487  -0.0106679
-0.00566741           0  0.00203417 -0.00372813
 0.00759487 -0.00203417           0  0.00148396
  0.0106679  0.00372813 -0.00148396           0
Repeater1[0]<--->EndNode1[0]
REAL
   0.343195  -0.0147364  -0.0112208    0.141249
 -0.0147364    0.145749 -0.00759725  -0.0069773
 -0.0112208 -0.00759725    0.137029  0.00250494
   0.141249  -0.0069773  0.00250494    0.374027
IMAGINARY
          0 -0.00516022 -0.00297718  0.00950532
 0.00516022           0  0.00449648   -0.003596
 0.00297718 -0.00449648           0  0.00530629
-0.00950532    0.003596 -0.00530629           0
Repeater1[0]<--->HoM1[0]
REAL
   0.373116  0.00199024 0.000414755    0.139204
 0.00199024    0.131706  0.00451966  0.00777202
0.000414755  0.00451966    0.130199 -0.00380952
   0.139204  0.00777202 -0.00380952    0.364979
IMAGINARY
          0 -0.00759487  0.00566741  -0.0106679
 0.00759487           0 -0.00203417  0.00148396
-0.00566741  0.00203417           0 -0.00372813
  0.0106679 -0.00148396  0.00372813           0
EndNode1[0]<--->Repeater1[0]
REAL
   0.345047  -0.0131426 -0.00718628    0.141962
 -0.0131426    0.148743   0.0182382 -0.00569641
-0.00718628   0.0182382    0.141169  -0.0103493
   0.141962 -0.00569641  -0.0103493    0.365041
IMAGINARY
           0     0.013663    0.0122924  0.000745586
   -0.013663            0 -0.000293915  -0.00268284
  -0.0122924  0.000293915            0 -0.000750081
-0.000745586   0.00268284  0.000750081            0
EndNode2[0]<--->HoM1[0]
REAL
   0.378951  0.00469627 -0.00992638    0.145962
 0.00469627    0.131485  0.00396356  0.00858109
-0.00992638  0.00396356    0.141324   0.0109988
   0.145962  0.00858109   0.0109988    0.348241
IMAGINARY
           0   0.00967492  -0.00211023  -0.00430224
 -0.00967492            0  -0.00340832  -0.00421107
  0.00211023   0.00340832            0 -0.000578401
  0.00430224   0.00421107  0.000578401            0
Repeater1[0]<--->EndNode1[0]
REAL
   0.345047 -0.00718628  -0.0131426    0.141962
-0.00718628    0.141169   0.0182382  -0.0103493
 -0.0131426   0.0182382    0.148743 -0.00569641
   0.141962  -0.0103493 -0.00569641    0.365041
IMAGINARY
           0    0.0122924     0.013663  0.000745586
  -0.0122924            0  0.000293915 -0.000750081
   -0.013663 -0.000293915            0  -0.00268284
-0.000745586  0.000750081   0.00268284            0
Repeater1[0]<--->HoM1[0]
REAL
   0.378951 -0.00992638  0.00469627    0.145962
-0.00992638    0.141324  0.00396356   0.0109988
 0.00469627  0.00396356    0.131485  0.00858109
   0.145962   0.0109988  0.00858109    0.348241
IMAGINARY
           0  -0.00211023   0.00967492  -0.00430224
  0.00211023            0   0.00340832 -0.000578401
 -0.00967492  -0.00340832            0  -0.00421107
  0.00430224  0.000578401   0.00421107            0
EndNode1[0]<--->Repeater1[0]
REAL
    0.35663  0.00315181  0.00936937    0.146236
 0.00315181    0.137598  0.00739668 -0.00367926
 0.00936937  0.00739668    0.150078   0.0150857
   0.146236 -0.00367926   0.0150857    0.355694
IMAGINARY
           0   0.00066003  -0.00824037  -0.00168365
 -0.00066003            0  -0.00967654  0.000839537
  0.00824037   0.00967654            0   0.00437253
  0.00168365 -0.000839537  -0.00437253            0
EndNode2[0]<--->HoM1[0]
REAL
   0.357823 -0.00694947   0.0046606    0.146753
-0.00694947    0.143367   0.0109451   0.0017669
  0.0046606   0.0109451    0.135931 0.000521965
   0.146753   0.0017669 0.000521965    0.362879
IMAGINARY
           0   0.00539635  -0.00486071  0.000983336
 -0.00539635            0   0.00558958   -0.0104231
  0.00486071  -0.00558958            0   0.00144499
-0.000983336    0.0104231  -0.00144499            0
Repeater1[0]<--->EndNode1[0]
REAL
    0.35663  0.00936937  0.00315181    0.146236
 0.00936937    0.150078  0.00739668   0.0150857
 0.00315181  0.00739668    0.137598 -0.00367926
   0.146236   0.0150857 -0.00367926    0.355694
IMAGINARY
           0  -0.00824037   0.00066003  -0.00168365
  0.00824037            0   0.00967654   0.00437253
 -0.00066003  -0.00967654            0  0.000839537
  0.00168365  -0.00437253 -0.000839537            0
Repeater1[0]<--->HoM1[0]
REAL
   0.357823   0.0046606 -0.00694947    0.146753
  0.0046606    0.135931   0.0109451 0.000521965
-0.00694947   0.0109451    0.143367   0.0017669
   0.146753 0.000521965   0.0017669    0.362879
IMAGINARY
           0  -0.00486071   0.00539635  0.000983336
  0.00486071            0  -0.00558958   0.00144499
 -0.00539635   0.00558958            0   -0.0104231
-0.000983336  -0.00144499    0.0104231            0
EndNode1[0]<--->Repeater1[0]
REAL
    0.360891 -0.000559814   0.00506662     0.137075
-0.000559814     0.145516   0.00294982 -0.000109992
  0.00506662   0.00294982      0.14399   0.00799476
    0.137075 -0.000109992   0.00799476     0.349603
IMAGINARY
           0  -0.00299421  -0.00404129   0.00886817
  0.00299421            0  -0.00168552 -0.000883393
  0.00404129   0.00168552            0  -0.00106141
 -0.00886817  0.000883393   0.00106141            0
EndNode2[0]<--->HoM1[0]
REAL
   0.372758   0.0141831  0.00291354    0.142183
  0.0141831    0.145029 -0.00565529  0.00793637
 0.00291354 -0.00565529    0.139556   0.0099278
   0.142183  0.00793637   0.0099278    0.342657
IMAGINARY
          0 -0.00447807 -0.00180249 -0.00539585
 0.00447807           0  0.00191837  0.00929529
 0.00180249 -0.00191837           0 -0.00128561
 0.00539585 -0.00929529  0.00128561           0
Repeater1[0]<--->EndNode1[0]
REAL
    0.360891   0.00506662 -0.000559814     0.137075
  0.00506662      0.14399   0.00294982   0.00799476
-0.000559814   0.00294982     0.145516 -0.000109992
    0.137075   0.00799476 -0.000109992     0.349603
IMAGINARY
           0  -0.00404129  -0.00299421   0.00886817
  0.00404129            0   0.00168552  -0.00106141
  0.00299421  -0.00168552            0 -0.000883393
 -0.00886817   0.00106141  0.000883393            0
Repeater1[0]<--->HoM1[0]
REAL
   0.372758  0.00291354   0.0141831    0.142183
 0.00291354    0.139556 -0.00565529   0.0099278
  0.0141831 -0.00565529    0.145029  0.00793637
   0.142183   0.0099278  0.00793637    0.342657
IMAGINARY
          0 -0.00180249 -0.00447807 -0.00539585
 0.00180249           0 -0.00191837 -0.00128561
 0.00447807  0.00191837           0  0.00929529
 0.00539585  0.00128561 -0.00929529           0
EndNode1[0]<--->Repeater1[0]
REAL
    0.375749 -0.000605875   0.00528469     0.136738
-0.000605875      0.14012   0.00185215  -0.00229783
  0.00528469   0.00185215     0.148802  -0.00297835
    0.136738  -0.00229783  -0.00297835     0.335329
IMAGINARY
           0    -0.007335  5.27027e-05  -0.00300686
    0.007335            0  0.000249506   0.00791854
-5.27027e-05 -0.000249506            0   0.00499051
  0.00300686  -0.00791854  -0.00499051            0
EndNode2[0]<--->HoM1[0]
REAL
    0.35777 -0.00142822  0.00236863    0.143851
-0.00142822    0.144502  0.00849521 -0.00632963
 0.00236863  0.00849521    0.129961 -0.00649378
   0.143851 -0.00632963 -0.00649378    0.367767
IMAGINARY
          0 -0.00844781 -0.00499504  0.00277002
 0.00844781           0  0.00291861  0.00514903
 0.00499504 -0.00291861           0 -0.00340928
-0.00277002 -0.00514903  0.00340928           0
Repeater1[0]<--->EndNode1[0]
REAL
    0.375749   0.00528469 -0.000605875     0.136738
  0.00528469     0.148802   0.00185215  -0.00297835
-0.000605875   0.00185215      0.14012  -0.00229783
    0.136738  -0.00297835  -0.00229783     0.335329
IMAGINARY
           0  5.27027e-05    -0.007335  -0.00300686
-5.27027e-05            0 -0.000249506   0.00499051
    0.007335  0.000249506            0   0.00791854
  0.00300686  -0.00499051  -0.00791854            0
Repeater1[0]<--->HoM1[0]
REAL
    0.35777  0.00236863 -0.00142822    0.143851
 0.00236863    0.129961  0.00849521 -0.00649378
-0.00142822  0.00849521    0.144502 -0.00632963
   0.143851 -0.00649378 -0.00632963    0.367767
IMAGINARY
          0 -0.00499504 -0.00844781  0.00277002
 0.00499504           0 -0.00291861 -0.00340928
 0.00844781  0.00291861           0  0.00514903
-0.00277002  0.00340928 -0.00514903           0
EndNode1[0]<--->Repeater1[0]
REAL
   0.367085  0.00520321 -0.00231008    0.149853
 0.00520321    0.137097 -0.00110141 -0.00840945
-0.00231008 -0.00110141    0.134707  0.00581001
   0.149853 -0.00840945  0.00581001    0.361111
IMAGINARY
           0 -0.000656289   0.00541884   -0.0120176
 0.000656289            0   0.00173838  -0.00422552
 -0.00541884  -0.00173838            0  -0.00352032
   0.0120176   0.00422552   0.00352032            0
EndNode2[0]<--->HoM1[0]
REAL
   0.364562   0.0053395 -0.00416859    0.144836
  0.0053395    0.143071  -0.0021505  0.00207027
-0.00416859  -0.0021505    0.131996  0.00335355
   0.144836  0.00207027  0.00335355    0.360371
IMAGINARY
          0   0.0152067  0.00071664  0.00886849
 -0.0152067           0 -0.00625525 -0.00331682
-0.00071664  0.00625525           0 -0.00404125
-0.00886849  0.00331682  0.00404125           0
Repeater1[0]<--->EndNode1[0]
REAL
   0.367085 -0.00231008  0.00520321    0.149853
-0.00231008    0.134707 -0.00110141  0.00581001
 0.00520321 -0.00110141    0.137097 -0.00840945
   0.149853  0.00581001 -0.00840945    0.361111
IMAGINARY
           0   0.00541884 -0.000656289   -0.0120176
 -0.00541884            0  -0.00173838  -0.00352032
 0.000656289   0.00173838            0  -0.00422552
   0.0120176   0.00352032   0.00422552            0
Repeater1[0]<--->HoM1[0]
REAL
   0.364562 -0.00416859   0.0053395    0.144836
-0.00416859    0.131996  -0.0021505  0.00335355
  0.0053395  -0.0021505    0.143071  0.00207027
   0.144836  0.00335355  0.00207027    0.360371
IMAGINARY
          0  0.00071664   0.0152067  0.00886849
-0.00071664           0  0.00625525 -0.00404125
 -0.0152067 -0.00625525           0 -0.00331682
-0.00886849  0.00404125  0.00331682           0
EndNode1[0]<--->Repeater1[0]
REAL
   0.356753 -0.00591102  0.00360487     0.14287
-0.00591102    0.146275 0.000600505  0.00313946
 0.00360487 0.000600505    0.137795 -0.00665796
    0.14287  0.00313946 -0.00665796    0.359176
IMAGINARY
          0 -0.00288479   0.0057317  -0.0104678
 0.00288479           0   0.0040162 -0.00367409
 -0.0057317  -0.0040162           0  0.00876369
  0.0104678  0.00367409 -0.00876369           0
EndNode2[0]<--->HoM1[0]
REAL
   0.372234  0.00781314 -0.00280418    0.137509
 0.00781314    0.154592  0.00716569  0.00812962
-0.00280418  0.00716569    0.125796  0.00905076
   0.137509  0.00812962  0.00905076    0.347378
IMAGINARY
           0  -0.00248985   0.00228234  0.000470011
  0.00248985            0   0.00877566  0.000125844
 -0.00228234  -0.00877566            0  -0.00292857
-0.000470011 -0.000125844   0.00292857            0
Repeater1[0]<--->EndNode1[0]
REAL
   0.356753  0.00360487 -0.00591102     0.14287
 0.00360487    0.137795 0.000600505 -0.00665796
-0.00591102 0.000600505    0.146275  0.00313946
    0.14287 -0.00665796  0.00313946    0.359176
IMAGINARY
          0   0.0057317 -0.00288479  -0.0104678
 -0.0057317           0  -0.0040162  0.00876369
 0.00288479   0.0040162           0 -0.00367409
  0.0104678 -0.00876369  0.00367409           0
Repeater1[0]<--->HoM1[0]
REAL
   0.372234 -0.00280418  0.00781314    0.137509
-0.00280418    0.125796  0.00716569  0.00905076
 0.00781314  0.00716569    0.154592  0.00812962
   0.137509  0.00905076  0.00812962    0.347378
IMAGINARY
           0   0.00228234  -0.00248985  0.000470011
 -0.00228234            0  -0.00877566  -0.00292857
  0.00248985   0.00877566            0  0.000125844
-0.000470011   0.00292857 -0.000125844            0
EndNode1[0]<--->Repeater1[0]
REAL
    0.362526   -0.0028319   0.00627438     0.134175
  -0.0028319     0.136729 -0.000405623  -0.00776071
  0.00627438 -0.000405623     0.138219  -0.00162708
    0.134175  -0.00776071  -0.00162708     0.362526
IMAGINARY
          0  0.00834883  -0.0105175  0.00525129
-0.00834883           0   0.0116343  0.00267197
  0.0105175  -0.0116343           0 -0.00502958
-0.00525129 -0.00267197  0.00502958           0
EndNode2[0]<--->HoM1[0]
REAL
   0.356112 0.000903862  0.00442215    0.144587
0.000903862    0.139617  0.00827833  0.00382868
 0.00442215  0.00827833     0.14109  0.00404663
   0.144587  0.00382868  0.00404663    0.363181
IMAGINARY
          0  -0.0108533  0.00165261 -0.00930347
  0.0108533           0   0.0059126 -0.00694762
-0.00165261  -0.0059126           0  0.00465058
 0.00930347  0.00694762 -0.00465058           0
Repeater1[0]<--->EndNode1[0]
REAL
    0.362526   0.00627438   -0.0028319     0.134175
  0.00627438     0.138219 -0.000405623  -0.00162708
  -0.0028319 -0.000405623     0.136729  -0.00776071
    0.134175  -0.00162708  -0.00776071     0.362526
IMAGINARY
          0  -0.0105175  0.00834883  0.00525129
  0.0105175           0  -0.0116343 -0.00502958
-0.00834883   0.0116343           0  0.00267197
-0.00525129  0.00502958 -0.00267197           0
Repeater1[0]<--->HoM1[0]
REAL
   0.356112  0.00442215 0.000903862    0.144587
 0.00442215     0.14109  0.00827833  0.00404663
0.000903862  0.00827833    0.139617  0.00382868
   0.144587  0.00404663  0.00382868    0.363181
