EndNode1[0]<--->Repeater1[0]
REAL
    0.286863   0.00463839    -0.014676   0.00787381
  0.00463839     0.215967  -0.00227623 -0.000906416
   -0.014676  -0.00227623     0.204945  -0.00751282
  0.00787381 -0.000906416  -0.00751282     0.292225
IMAGINARY
           0  -0.00369868 -0.000134803  -0.00844013
  0.00369868            0   0.00648524 -0.000894912
 0.000134803  -0.00648524            0  -0.00262671
  0.00844013  0.000894912   0.00262671            0
EndNode2[0]<--->HoM1[0]
REAL
   0.278993  0.00168831 -0.00134913   0.0111513
 0.00168831     0.20887 0.000590065 0.000891678
-0.00134913 0.000590065    0.212766  0.00425862
  0.0111513 0.000891678  0.00425862    0.299371
IMAGINARY
           0   0.00597608  -0.00330908  -0.00120274
 -0.00597608            0  -0.00313209   0.00511958
  0.00330908   0.00313209            0  5.89216e-05
  0.00120274  -0.00511958 -5.89216e-05            0
Repeater1[0]<--->EndNode1[0]
REAL
    0.286863    -0.014676   0.00463839   0.00787381
   -0.014676     0.204945  -0.00227623  -0.00751282
  0.00463839  -0.00227623     0.215967 -0.000906416
  0.00787381  -0.00751282 -0.000906416     0.292225
IMAGINARY
           0 -0.000134803  -0.00369868  -0.00844013
 0.000134803            0  -0.00648524  -0.00262671
  0.00369868   0.00648524            0 -0.000894912
  0.00844013   0.00262671  0.000894912            0
Repeater1[0]<--->HoM1[0]
REAL
   0.278993 -0.00134913  0.00168831   0.0111513
-0.00134913    0.212766 0.000590065  0.00425862
 0.00168831 0.000590065     0.20887 0.000891678
  0.0111513  0.00425862 0.000891678    0.299371
IMAGINARY
           0  -0.00330908   0.00597608  -0.00120274
  0.00330908            0   0.00313209  5.89216e-05
 -0.00597608  -0.00313209            0   0.00511958
  0.00120274 -5.89216e-05  -0.00511958            0
EndNode1[0]<--->Repeater1[0]
REAL
   0.273596  0.00494737    0.010027  0.00505495
 0.00494737    0.221924 -0.00595423  0.00855814
   0.010027 -0.00595423    0.221027 -0.00284904
 0.00505495  0.00855814 -0.00284904    0.283453
IMAGINARY
          0  0.00374573 -0.00657955  0.00268048
-0.00374573           0 -0.00459732 -0.00687611
 0.00657955  0.00459732           0  0.00389953
-0.00268048  0.00687611 -0.00389953           0
EndNode2[0]<--->HoM1[0]
REAL
   0.284332 -0.00796067   0.0124835  0.00599571
-0.00796067    0.208711 -0.00629565   0.0154109
  0.0124835 -0.00629565    0.213551  0.00646097
 0.00599571   0.0154109  0.00646097    0.293406
IMAGINARY
           0 -0.000275598 -0.000182207   0.00849168
 0.000275598            0  -0.00894499  -0.00543236
 0.000182207   0.00894499            0   0.00740762
 -0.00849168   0.00543236  -0.00740762            0
Repeater1[0]<--->EndNode1[0]
REAL
   0.273596    0.010027  0.00494737  0.00505495
   0.010027    0.221027 -0.00595423 -0.00284904
 0.00494737 -0.00595423    0.221924  0.00855814
 0.00505495 -0.00284904  0.00855814    0.283453
IMAGINARY
          0 -0.00657955  0.00374573  0.00268048
 0.00657955           0  0.00459732  0.00389953
-0.00374573 -0.00459732           0 -0.00687611
-0.00268048 -0.00389953  0.00687611           0
Repeater1[0]<--->HoM1[0]
REAL
   0.284332   0.0124835 -0.00796067  0.00599571
  0.0124835    0.213551 -0.00629565  0.00646097
-0.00796067 -0.00629565    0.208711   0.0154109
 0.00599571  0.00646097   0.0154109    0.293406
IMAGINARY
           0 -0.000182207 -0.000275598   0.00849168
 0.000182207            0   0.00894499   0.00740762
 0.000275598  -0.00894499            0  -0.00543236
 -0.00849168  -0.00740762   0.00543236            0
EndNode1[0]<--->Repeater1[0]
REAL
   0.278832   0.0027075  0.00821403  0.00436199
  0.0027075    0.212555 -0.00285324   0.0101927
 0.00821403 -0.00285324    0.215182 -0.00119875
 0.00436199   0.0101927 -0.00119875    0.293431
IMAGINARY
          0 -0.00573788  0.00929368 -0.00478502
 0.00573788           0 -0.00326987  0.00160592
-0.00929368  0.00326987           0   0.0104969
 0.00478502 -0.00160592  -0.0104969           0
EndNode2[0]<--->HoM1[0]
REAL
   0.297778 -0.00822528  -0.0154446   0.0180669
-0.00822528     0.20237 0.000306554 -0.00503734
 -0.0154446 0.000306554    0.219556 -0.00111207
  0.0180669 -0.00503734 -0.00111207    0.280296
IMAGINARY
           0   -0.0124741  -0.00444917   0.00627546
   0.0124741            0  -0.00461031   0.00264303
  0.00444917   0.00461031            0  0.000433126
 -0.00627546  -0.00264303 -0.000433126            0
Repeater1[0]<--->EndNode1[0]
REAL
   0.278832  0.00821403   0.0027075  0.00436199
 0.00821403    0.215182 -0.00285324 -0.00119875
  0.0027075 -0.00285324    0.212555   0.0101927
 0.00436199 -0.00119875   0.0101927    0.293431
IMAGINARY
          0  0.00929368 -0.00573788 -0.00478502
-0.00929368           0  0.00326987   0.0104969
 0.00573788 -0.00326987           0  0.00160592
 0.00478502  -0.0104969 -0.00160592           0
Repeater1[0]<--->HoM1[0]
REAL
   0.297778  -0.0154446 -0.00822528   0.0180669
 -0.0154446    0.219556 0.000306554 -0.00111207
-0.00822528 0.000306554     0.20237 -0.00503734
  0.0180669 -0.00111207 -0.00503734    0.280296
IMAGINARY
           0  -0.00444917   -0.0124741   0.00627546
  0.00444917            0   0.00461031  0.000433126
   0.0124741  -0.00461031            0   0.00264303
 -0.00627546 -0.000433126  -0.00264303            0
EndNode1[0]<--->Repeater1[0]
REAL
   0.291667  -0.0016663 -0.00397297 0.000493794
 -0.0016663    0.210402  0.00370266   0.0016416
-0.00397297  0.00370266    0.213357  -0.0034627
0.000493794   0.0016416  -0.0034627    0.284574
IMAGINARY
          0  0.00166727  0.00178042 -0.00437878
-0.00166727           0   0.0107909   0.0160142
-0.00178042  -0.0107909           0 -0.00400099
 0.00437878  -0.0160142  0.00400099           0
EndNode2[0]<--->HoM1[0]
REAL
     0.28104  -0.00505234 -0.000694327   0.00903328
 -0.00505234     0.216514   0.00741706   0.00235445
-0.000694327   0.00741706     0.207951  -0.00294645
  0.00903328   0.00235445  -0.00294645     0.294495
IMAGINARY
           0  -0.00168133   -0.0113281  -0.00709004
  0.00168133            0  -0.00384137  0.000896119
   0.0113281   0.00384137            0   0.00447298
  0.00709004 -0.000896119  -0.00447298            0
Repeater1[0]<--->EndNode1[0]
REAL
   0.291667 -0.00397297  -0.0016663 0.000493794
-0.00397297    0.213357  0.00370266  -0.0034627
 -0.0016663  0.00370266    0.210402   0.0016416
0.000493794  -0.0034627   0.0016416    0.284574
IMAGINARY
          0  0.00178042  0.00166727 -0.00437878
-0.00178042           0  -0.0107909 -0.00400099
-0.00166727   0.0107909           0   0.0160142
 0.00437878  0.00400099  -0.0160142           0
Repeater1[0]<--->HoM1[0]
REAL
     0.28104 -0.000694327  -0.00505234   0.00903328
-0.000694327     0.207951   0.00741706  -0.00294645
 -0.00505234   0.00741706     0.216514   0.00235445
  0.00903328  -0.00294645   0.00235445     0.294495
IMAGINARY
           0   -0.0113281  -0.00168133  -0.00709004
   0.0113281            0   0.00384137   0.00447298
  0.00168133  -0.00384137            0  0.000896119
  0.00709004  -0.00447298 -0.000896119            0
EndNode1[0]<--->Repeater1[0]
REAL
    0.282942 -0.000438985     0.004266    0.0118839
-0.000438985     0.212858   0.00786661   0.00182251
    0.004266   0.00786661     0.214306  -0.00683752
   0.0118839   0.00182251  -0.00683752     0.289893
IMAGINARY
          0  0.00715493  -0.0034428  0.00428415
-0.00715493           0  -0.0128742  -0.0138625
  0.0034428   0.0128742           0  0.00304284
-0.00428415   0.0138625 -0.00304284           0
EndNode2[0]<--->HoM1[0]
REAL
   0.294883 -0.00127561  0.00562465   0.0070409
-0.00127561    0.209701 -0.00944909 -0.00201237
 0.00562465 -0.00944909    0.208814  0.00338277
  0.0070409 -0.00201237  0.00338277    0.286602
IMAGINARY
          0 -0.00902727 -0.00141722 -0.00343558
 0.00902727           0  0.00226118  0.00318401
 0.00141722 -0.00226118           0 -0.00334022
 0.00343558 -0.00318401  0.00334022           0
Repeater1[0]<--->EndNode1[0]
REAL
    0.282942     0.004266 -0.000438985    0.0118839
    0.004266     0.214306   0.00786661  -0.00683752
-0.000438985   0.00786661     0.212858   0.00182251
   0.0118839  -0.00683752   0.00182251     0.289893
IMAGINARY
          0  -0.0034428  0.00715493  0.00428415
  0.0034428           0   0.0128742  0.00304284
-0.00715493  -0.0128742           0  -0.0138625
-0.00428415 -0.00304284   0.0138625           0
Repeater1[0]<--->HoM1[0]
REAL
   0.294883  0.00562465 -0.00127561   0.0070409
 0.00562465    0.208814 -0.00944909  0.00338277
-0.00127561 -0.00944909    0.209701 -0.00201237
  0.0070409  0.00338277 -0.00201237    0.286602
IMAGINARY
          0 -0.00141722 -0.00902727 -0.00343558
 0.00141722           0 -0.00226118 -0.00334022
 0.00902727  0.00226118           0  0.00318401
 0.00343558  0.00334022 -0.00318401           0
EndNode1[0]<--->Repeater1[0]
REAL
    0.278162 -0.000744932    0.0108503   0.00910686
-0.000744932      0.21538   0.00174959    0.0096563
   0.0108503   0.00174959     0.212977  -0.00287389
  0.00910686    0.0096563  -0.00287389     0.293482
IMAGINARY
           0  -0.00887328  0.000351585   0.00556628
  0.00887328            0 -0.000377027   0.00200274
-0.000351585  0.000377027            0  -0.00289835
 -0.00556628  -0.00200274   0.00289835            0
EndNode2[0]<--->HoM1[0]
REAL
   0.291389 -0.00475752 0.000649332   0.0124307
-0.00475752    0.221043  0.00260924 -0.00770888
0.000649332  0.00260924    0.208611 -0.00475752
  0.0124307 -0.00770888 -0.00475752    0.278957
IMAGINARY
          0  0.00111307  -0.0049044  -0.0107174
-0.00111307           0  -0.0107174 -0.00372655
  0.0049044   0.0107174           0  0.00245836
  0.0107174  0.00372655 -0.00245836           0
Repeater1[0]<--->EndNode1[0]
REAL
    0.278162    0.0108503 -0.000744932   0.00910686
   0.0108503     0.212977   0.00174959  -0.00287389
-0.000744932   0.00174959      0.21538    0.0096563
  0.00910686  -0.00287389    0.0096563     0.293482
IMAGINARY
           0  0.000351585  -0.00887328   0.00556628
-0.000351585            0  0.000377027  -0.00289835
  0.00887328 -0.000377027            0   0.00200274
 -0.00556628   0.00289835  -0.00200274            0
Repeater1[0]<--->HoM1[0]
REAL
   0.291389 0.000649332 -0.00475752   0.0124307
0.000649332    0.208611  0.00260924 -0.00475752
-0.00475752  0.00260924    0.221043 -0.00770888
  0.0124307 -0.00475752 -0.00770888    0.278957
IMAGINARY
          0  -0.0049044  0.00111307  -0.0107174
  0.0049044           0   0.0107174  0.00245836
-0.00111307  -0.0107174           0 -0.00372655
  0.0107174 -0.00245836  0.00372655           0
EndNode1[0]<--->Repeater1[0]
REAL
    0.297802  -0.00802478   0.00631225   0.00250591
 -0.00802478     0.217103 -0.000771804  -0.00775734
  0.00631225 -0.000771804     0.214092  -0.00787117
  0.00250591  -0.00775734  -0.00787117     0.271003
IMAGINARY
           0   0.00127246  -0.00448264  0.000796813
 -0.00127246            0  -0.00368347   0.00984617
  0.00448264   0.00368347            0  -0.00455017
-0.000796813  -0.00984617   0.00455017            0
EndNode2[0]<--->HoM1[0]
REAL
   0.281745 -0.00426024  0.00615109   0.0119919
-0.00426024     0.20974  0.00232791  0.00220213
 0.00615109  0.00232791    0.213027   -0.002303
  0.0119919  0.00220213   -0.002303    0.295488
IMAGINARY
          0   0.0033847  -0.0130067 -0.00305134
 -0.0033847           0 -0.00504704  0.00423472
  0.0130067  0.00504704           0  0.00746871
 0.00305134 -0.00423472 -0.00746871           0
Repeater1[0]<--->EndNode1[0]
REAL
    0.297802   0.00631225  -0.00802478   0.00250591
  0.00631225     0.214092 -0.000771804  -0.00787117
 -0.00802478 -0.000771804     0.217103  -0.00775734
  0.00250591  -0.00787117  -0.00775734     0.271003
IMAGINARY
           0  -0.00448264   0.00127246  0.000796813
  0.00448264            0   0.00368347  -0.00455017
 -0.00127246  -0.00368347            0   0.00984617
-0.000796813   0.00455017  -0.00984617            0
Repeater1[0]<--->HoM1[0]
REAL
   0.281745  0.00615109 -0.00426024   0.0119919
 0.00615109    0.213027  0.00232791   -0.002303
-0.00426024  0.00232791     0.20974  0.00220213
  0.0119919   -0.002303  0.00220213    0.295488
IMAGINARY
          0  -0.0130067   0.0033847 -0.00305134
  0.0130067           0  0.00504704  0.00746871
 -0.0033847 -0.00504704           0  0.00423472
 0.00305134 -0.00746871 -0.00423472           0
EndNode1[0]<--->Repeater1[0]
REAL
     0.2974 -0.00814951 -0.00220097 -0.00507283
-0.00814951    0.219398 -0.00314348   0.0017528
-0.00220097 -0.00314348    0.208881  0.00501237
-0.00507283   0.0017528  0.00501237    0.274321
IMAGINARY
          0 -0.00333839  0.00517901  0.00142247
 0.00333839           0  0.00157514  0.00654554
-0.00517901 -0.00157514           0 -0.00452745
-0.00142247 -0.00654554  0.00452745           0
EndNode2[0]<--->HoM1[0]
REAL
   0.301881 -0.00378898 -0.00391328  0.00765237
-0.00378898    0.206917 0.000761095  -0.0117117
-0.00391328 0.000761095    0.212075   0.0019861
 0.00765237  -0.0117117   0.0019861    0.279126
IMAGINARY
           0   -0.0115402 -0.000444717   0.00338556
   0.0115402            0   0.00412455   0.00121041
 0.000444717  -0.00412455            0  0.000361001
 -0.00338556  -0.00121041 -0.000361001            0
Repeater1[0]<--->EndNode1[0]
REAL
     0.2974 -0.00220097 -0.00814951 -0.00507283
-0.00220097    0.208881 -0.00314348  0.00501237
-0.00814951 -0.00314348    0.219398   0.0017528
-0.00507283  0.00501237   0.0017528    0.274321
IMAGINARY
          0  0.00517901 -0.00333839  0.00142247
-0.00517901           0 -0.00157514 -0.00452745
 0.00333839  0.00157514           0  0.00654554
-0.00142247  0.00452745 -0.00654554           0
Repeater1[0]<--->HoM1[0]
REAL
   0.301881 -0.00391328 -0.00378898  0.00765237
-0.00391328    0.212075 0.000761095   0.0019861
-0.00378898 0.000761095    0.206917  -0.0117117
 0.00765237   0.0019861  -0.0117117    0.279126
IMAGINARY
           0 -0.000444717   -0.0115402   0.00338556
 0.000444717            0  -0.00412455  0.000361001
   0.0115402   0.00412455            0   0.00121041
 -0.00338556 -0.000361001  -0.00121041            0
EndNode1[0]<--->Repeater1[0]
REAL
   0.278394 0.000974377 0.000554334  0.00152141
0.000974377    0.214564  0.00613395  0.00770145
0.000554334  0.00613395    0.217261  -0.0077291
 0.00152141  0.00770145  -0.0077291    0.289781
IMAGINARY
           0 -0.000776943   0.00930529  -0.00876342
 0.000776943            0   0.00026827   0.00360984
 -0.00930529  -0.00026827            0  -0.00506562
  0.00876342  -0.00360984   0.00506562            0
EndNode2[0]<--->HoM1[0]
REAL
   0.298716 -0.00441007  0.00887972  0.00682325
-0.00441007    0.212369    0.013733 -0.00011309
 0.00887972    0.013733    0.206534   0.0016894
 0.00682325 -0.00011309   0.0016894     0.28238
IMAGINARY
          0  0.00688492   0.0011174 -0.00022836
-0.00688492           0   -0.003173 -0.00214651
 -0.0011174    0.003173           0    0.001789
 0.00022836  0.00214651   -0.001789           0
Repeater1[0]<--->EndNode1[0]
REAL
   0.278394 0.000554334 0.000974377  0.00152141
0.000554334    0.217261  0.00613395  -0.0077291
0.000974377  0.00613395    0.214564  0.00770145
 0.00152141  -0.0077291  0.00770145    0.289781
IMAGINARY
           0   0.00930529 -0.000776943  -0.00876342
 -0.00930529            0  -0.00026827  -0.00506562
 0.000776943   0.00026827            0   0.00360984
  0.00876342   0.00506562  -0.00360984            0
Repeater1[0]<--->HoM1[0]
REAL
   0.298716  0.00887972 -0.00441007  0.00682325
 0.00887972    0.206534    0.013733   0.0016894
-0.00441007    0.013733    0.212369 -0.00011309
 0.00682325   0.0016894 -0.00011309     0.28238
IMAGINARY
          0   0.0011174  0.00688492 -0.00022836
 -0.0011174           0    0.003173    0.001789
-0.00688492   -0.003173           0 -0.00214651
 0.00022836   -0.001789  0.00214651           0
EndNode1[0]<--->Repeater1[0]
REAL
    0.286863   0.00463839    -0.014676   0.00787381
  0.00463839     0.215967  -0.00227623 -0.000906416
   -0.014676  -0.00227623     0.204945  -0.00751282
  0.00787381 -0.000906416  -0.00751282     0.292225
IMAGINARY
           0  -0.00369868 -0.000134803  -0.00844013
  0.00369868            0   0.00648524 -0.000894912
 0.000134803  -0.00648524            0  -0.00262671
  0.00844013  0.000894912   0.00262671            0
EndNode2[0]<--->HoM1[0]
REAL
   0.278993  0.00168831 -0.00134913   0.0111513
 0.00168831     0.20887 0.000590065 0.000891678
-0.00134913 0.000590065    0.212766  0.00425862
  0.0111513 0.000891678  0.00425862    0.299371
IMAGINARY
           0   0.00597608  -0.00330908  -0.00120274
 -0.00597608            0  -0.00313209   0.00511958
  0.00330908   0.00313209            0  5.89216e-05
  0.00120274  -0.00511958 -5.89216e-05            0
Repeater1[0]<--->EndNode1[0]
REAL
    0.286863    -0.014676   0.00463839   0.00787381
   -0.014676     0.204945  -0.00227623  -0.00751282
  0.00463839  -0.00227623     0.215967 -0.000906416
  0.00787381  -0.00751282 -0.000906416     0.292225
IMAGINARY
           0 -0.000134803  -0.00369868  -0.00844013
 0.000134803            0  -0.00648524  -0.00262671
  0.00369868   0.00648524            0 -0.000894912
  0.00844013   0.00262671  0.000894912            0
Repeater1[0]<--->HoM1[0]
REAL
   0.278993 -0.00134913  0.00168831   0.0111513
-0.00134913    0.212766 0.000590065  0.00425862
 0.00168831 0.000590065     0.20887 0.000891678
  0.0111513  0.00425862 0.000891678    0.299371
IMAGINARY
           0  -0.00330908   0.00597608  -0.00120274
  0.00330908            0   0.00313209  5.89216e-05
 -0.00597608  -0.00313209            0   0.00511958
  0.00120274 -5.89216e-05  -0.00511958            0
EndNode1[0]<--->Repeater1[0]
REAL
   0.273596  0.00494737    0.010027  0.00505495
 0.00494737    0.221924 -0.00595423  0.00855814
   0.010027 -0.00595423    0.221027 -0.00284904
 0.00505495  0.00855814 -0.00284904    0.283453
IMAGINARY
          0  0.00374573 -0.00657955  0.00268048
-0.00374573           0 -0.00459732 -0.00687611
 0.00657955  0.00459732           0  0.00389953
-0.00268048  0.00687611 -0.00389953           0
EndNode2[0]<--->HoM1[0]
REAL
   0.284332 -0.00796067   0.0124835  0.00599571
-0.00796067    0.208711 -0.00629565   0.0154109
  0.0124835 -0.00629565    0.213551  0.00646097
 0.00599571   0.0154109  0.00646097    0.293406
IMAGINARY
           0 -0.000275598 -0.000182207   0.00849168
 0.000275598            0  -0.00894499  -0.00543236
 0.000182207   0.00894499            0   0.00740762
 -0.00849168   0.00543236  -0.00740762            0
Repeater1[0]<--->EndNode1[0]
REAL
   0.273596    0.010027  0.00494737  0.00505495
   0.010027    0.221027 -0.00595423 -0.00284904
 0.00494737 -0.00595423    0.221924  0.00855814
 0.00505495 -0.00284904  0.00855814    0.283453
IMAGINARY
          0 -0.00657955  0.00374573  0.00268048
 0.00657955           0  0.00459732  0.00389953
-0.00374573 -0.00459732           0 -0.00687611
-0.00268048 -0.00389953  0.00687611           0
Repeater1[0]<--->HoM1[0]
REAL
   0.284332   0.0124835 -0.00796067  0.00599571
  0.0124835    0.213551 -0.00629565  0.00646097
-0.00796067 -0.00629565    0.208711   0.0154109
 0.00599571  0.00646097   0.0154109    0.293406
IMAGINARY
           0 -0.000182207 -0.000275598   0.00849168
 0.000182207            0   0.00894499   0.00740762
 0.000275598  -0.00894499            0  -0.00543236
 -0.00849168  -0.00740762   0.00543236            0
EndNode1[0]<--->Repeater1[0]
REAL
   0.278832   0.0027075  0.00821403  0.00436199
  0.0027075    0.212555 -0.00285324   0.0101927
 0.00821403 -0.00285324    0.215182 -0.00119875
 0.00436199   0.0101927 -0.00119875    0.293431
IMAGINARY
          0 -0.00573788  0.00929368 -0.00478502
 0.00573788           0 -0.00326987  0.00160592
-0.00929368  0.00326987           0   0.0104969
 0.00478502 -0.00160592  -0.0104969           0
EndNode2[0]<--->HoM1[0]
REAL
   0.297778 -0.00822528  -0.0154446   0.0180669
-0.00822528     0.20237 0.000306554 -0.00503734
 -0.0154446 0.000306554    0.219556 -0.00111207
  0.0180669 -0.00503734 -0.00111207    0.280296
IMAGINARY
           0   -0.0124741  -0.00444917   0.00627546
   0.0124741            0  -0.00461031   0.00264303
  0.00444917   0.00461031            0  0.000433126
 -0.00627546  -0.00264303 -0.000433126            0
Repeater1[0]<--->EndNode1[0]
REAL
   0.278832  0.00821403   0.0027075  0.00436199
 0.00821403    0.215182 -0.00285324 -0.00119875
  0.0027075 -0.00285324    0.212555   0.0101927
 0.00436199 -0.00119875   0.0101927    0.293431
IMAGINARY
          0  0.00929368 -0.00573788 -0.00478502
-0.00929368           0  0.00326987   0.0104969
 0.00573788 -0.00326987           0  0.00160592
 0.00478502  -0.0104969 -0.00160592           0
Repeater1[0]<--->HoM1[0]
REAL
   0.297778  -0.0154446 -0.00822528   0.0180669
 -0.0154446    0.219556 0.000306554 -0.00111207
-0.00822528 0.000306554     0.20237 -0.00503734
  0.0180669 -0.00111207 -0.00503734    0.280296
IMAGINARY
           0  -0.00444917   -0.0124741   0.00627546
  0.00444917            0   0.00461031  0.000433126
   0.0124741  -0.00461031            0   0.00264303
 -0.00627546 -0.000433126  -0.00264303            0
EndNode1[0]<--->Repeater1[0]
REAL
   0.291667  -0.0016663 -0.00397297 0.000493794
 -0.0016663    0.210402  0.00370266   0.0016416
-0.00397297  0.00370266    0.213357  -0.0034627
0.000493794   0.0016416  -0.0034627    0.284574
IMAGINARY
          0  0.00166727  0.00178042 -0.00437878
-0.00166727           0   0.0107909   0.0160142
-0.00178042  -0.0107909           0 -0.00400099
 0.00437878  -0.0160142  0.00400099           0
EndNode2[0]<--->HoM1[0]
REAL
     0.28104  -0.00505234 -0.000694327   0.00903328
 -0.00505234     0.216514   0.00741706   0.00235445
-0.000694327   0.00741706     0.207951  -0.00294645
  0.00903328   0.00235445  -0.00294645     0.294495
IMAGINARY
           0  -0.00168133   -0.0113281  -0.00709004
  0.00168133            0  -0.00384137  0.000896119
   0.0113281   0.00384137            0   0.00447298
  0.00709004 -0.000896119  -0.00447298            0
Repeater1[0]<--->EndNode1[0]
REAL
   0.291667 -0.00397297  -0.0016663 0.000493794
-0.00397297    0.213357  0.00370266  -0.0034627
 -0.0016663  0.00370266    0.210402   0.0016416
0.000493794  -0.0034627   0.0016416    0.284574
IMAGINARY
          0  0.00178042  0.00166727 -0.00437878
-0.00178042           0  -0.0107909 -0.00400099
-0.00166727   0.0107909           0   0.0160142
 0.00437878  0.00400099  -0.0160142           0
Repeater1[0]<--->HoM1[0]
REAL
     0.28104 -0.000694327  -0.00505234   0.00903328
-0.000694327     0.207951   0.00741706  -0.00294645
 -0.00505234   0.00741706     0.216514   0.00235445
  0.00903328  -0.00294645   0.00235445     0.294495
IMAGINARY
           0   -0.0113281  -0.00168133  -0.00709004
   0.0113281            0   0.00384137   0.00447298
  0.00168133  -0.00384137            0  0.000896119
  0.00709004  -0.00447298 -0.000896119            0
EndNode1[0]<--->Repeater1[0]
REAL
    0.282942 -0.000438985     0.004266    0.0118839
-0.000438985     0.212858   0.00786661   0.00182251
    0.004266   0.00786661     0.214306  -0.00683752
   0.0118839   0.00182251  -0.00683752     0.289893
IMAGINARY
          0  0.00715493  -0.0034428  0.00428415
-0.00715493           0  -0.0128742  -0.0138625
  0.0034428   0.0128742           0  0.00304284
-0.00428415   0.0138625 -0.00304284           0
EndNode2[0]<--->HoM1[0]
REAL
   0.294883 -0.00127561  0.00562465   0.0070409
-0.00127561    0.209701 -0.00944909 -0.00201237
 0.00562465 -0.00944909    0.208814  0.00338277
  0.0070409 -0.00201237  0.00338277    0.286602
IMAGINARY
          0 -0.00902727 -0.00141722 -0.00343558
 0.00902727           0  0.00226118  0.00318401
 0.00141722 -0.00226118           0 -0.00334022
 0.00343558 -0.00318401  0.00334022           0
Repeater1[0]<--->EndNode1[0]
REAL
    0.282942     0.004266 -0.000438985    0.0118839
    0.004266     0.214306   0.00786661  -0.00683752
-0.000438985   0.00786661     0.212858   0.00182251
   0.0118839  -0.00683752   0.00182251     0.289893
IMAGINARY
          0  -0.0034428  0.00715493  0.00428415
  0.0034428           0   0.0128742  0.00304284
-0.00715493  -0.0128742           0  -0.0138625
-0.00428415 -0.00304284   0.0138625           0
Repeater1[0]<--->HoM1[0]
REAL
   0.294883  0.00562465 -0.00127561   0.0070409
 0.00562465    0.208814 -0.00944909  0.00338277
-0.00127561 -0.00944909    0.209701 -0.00201237
  0.0070409  0.00338277 -0.00201237    0.286602
IMAGINARY
          0 -0.00141722 -0.00902727 -0.00343558
 0.00141722           0 -0.00226118 -0.00334022
 0.00902727  0.00226118           0  0.00318401
 0.00343558  0.00334022 -0.00318401           0
EndNode1[0]<--->Repeater1[0]
REAL
    0.278162 -0.000744932    0.0108503   0.00910686
-0.000744932      0.21538   0.00174959    0.0096563
   0.0108503   0.00174959     0.212977  -0.00287389
  0.00910686    0.0096563  -0.00287389     0.293482
IMAGINARY
           0  -0.00887328  0.000351585   0.00556628
  0.00887328            0 -0.000377027   0.00200274
-0.000351585  0.000377027            0  -0.00289835
 -0.00556628  -0.00200274   0.00289835            0
EndNode2[0]<--->HoM1[0]
REAL
   0.291389 -0.00475752 0.000649332   0.0124307
-0.00475752    0.221043  0.00260924 -0.00770888
0.000649332  0.00260924    0.208611 -0.00475752
  0.0124307 -0.00770888 -0.00475752    0.278957
IMAGINARY
          0  0.00111307  -0.0049044  -0.0107174
-0.00111307           0  -0.0107174 -0.00372655
  0.0049044   0.0107174           0  0.00245836
  0.0107174  0.00372655 -0.00245836           0
Repeater1[0]<--->EndNode1[0]
REAL
    0.278162    0.0108503 -0.000744932   0.00910686
   0.0108503     0.212977   0.00174959  -0.00287389
-0.000744932   0.00174959      0.21538    0.0096563
  0.00910686  -0.00287389    0.0096563     0.293482
IMAGINARY
           0  0.000351585  -0.00887328   0.00556628
-0.000351585            0  0.000377027  -0.00289835
  0.00887328 -0.000377027            0   0.00200274
 -0.00556628   0.00289835  -0.00200274            0
Repeater1[0]<--->HoM1[0]
REAL
   0.291389 0.000649332 -0.00475752   0.0124307
0.000649332    0.208611  0.00260924 -0.00475752
-0.00475752  0.00260924    0.221043 -0.00770888
  0.0124307 -0.00475752 -0.00770888    0.278957
IMAGINARY
          0  -0.0049044  0.00111307  -0.0107174
  0.0049044           0   0.0107174  0.00245836
-0.00111307  -0.0107174           0 -0.00372655
  0.0107174 -0.00245836  0.00372655           0
EndNode1[0]<--->Repeater1[0]
REAL
    0.297802  -0.00802478   0.00631225   0.00250591
 -0.00802478     0.217103 -0.000771804  -0.00775734
  0.00631225 -0.000771804     0.214092  -0.00787117
  0.00250591  -0.00775734  -0.00787117     0.271003
IMAGINARY
           0   0.00127246  -0.00448264  0.000796813
 -0.00127246            0  -0.00368347   0.00984617
  0.00448264   0.00368347            0  -0.00455017
-0.000796813  -0.00984617   0.00455017            0
EndNode2[0]<--->HoM1[0]
REAL
   0.281745 -0.00426024  0.00615109   0.0119919
-0.00426024     0.20974  0.00232791  0.00220213
 0.00615109  0.00232791    0.213027   -0.002303
  0.0119919  0.00220213   -0.002303    0.295488
IMAGINARY
          0   0.0033847  -0.0130067 -0.00305134
 -0.0033847           0 -0.00504704  0.00423472
  0.0130067  0.00504704           0  0.00746871
 0.00305134 -0.00423472 -0.00746871           0
Repeater1[0]<--->EndNode1[0]
REAL
    0.297802   0.00631225  -0.00802478   0.00250591
  0.00631225     0.214092 -0.000771804  -0.00787117
 -0.00802478 -0.000771804     0.217103  -0.00775734
  0.00250591  -0.00787117  -0.00775734     0.271003
IMAGINARY
           0  -0.00448264   0.00127246  0.000796813
  0.00448264            0   0.00368347  -0.00455017
 -0.00127246  -0.00368347            0   0.00984617
-0.000796813   0.00455017  -0.00984617            0
Repeater1[0]<--->HoM1[0]
REAL
   0.281745  0.00615109 -0.00426024   0.0119919
 0.00615109    0.213027  0.00232791   -0.002303
-0.00426024  0.00232791     0.20974  0.00220213
  0.0119919   -0.002303  0.00220213    0.295488
IMAGINARY
          0  -0.0130067   0.0033847 -0.00305134
  0.0130067           0  0.00504704  0.00746871
 -0.0033847 -0.00504704           0  0.00423472
 0.00305134 -0.00746871 -0.00423472           0
EndNode1[0]<--->Repeater1[0]
REAL
     0.2974 -0.00814951 -0.00220097 -0.00507283
-0.00814951    0.219398 -0.00314348   0.0017528
-0.00220097 -0.00314348    0.208881  0.00501237
-0.00507283   0.0017528  0.00501237    0.274321
IMAGINARY
          0 -0.00333839  0.00517901  0.00142247
 0.00333839           0  0.00157514  0.00654554
-0.00517901 -0.00157514           0 -0.00452745
-0.00142247 -0.00654554  0.00452745           0
EndNode2[0]<--->HoM1[0]
REAL
   0.301881 -0.00378898 -0.00391328  0.00765237
-0.00378898    0.206917 0.000761095  -0.0117117
-0.00391328 0.000761095    0.212075   0.0019861
 0.00765237  -0.0117117   0.0019861    0.279126
IMAGINARY
           0   -0.0115402 -0.000444717   0.00338556
   0.0115402            0   0.00412455   0.00121041
 0.000444717  -0.00412455            0  0.000361001
 -0.00338556  -0.00121041 -0.000361001            0
Repeater1[0]<--->EndNode1[0]
REAL
     0.2974 -0.00220097 -0.00814951 -0.00507283
-0.00220097    0.208881 -0.00314348  0.00501237
-0.00814951 -0.00314348    0.219398   0.0017528
-0.00507283  0.00501237   0.0017528    0.274321
IMAGINARY
          0  0.00517901 -0.00333839  0.00142247
-0.00517901           0 -0.00157514 -0.00452745
 0.00333839  0.00157514           0  0.00654554
-0.00142247  0.00452745 -0.00654554           0
Repeater1[0]<--->HoM1[0]
REAL
   0.301881 -0.00391328 -0.00378898  0.00765237
-0.00391328    0.212075 0.000761095   0.0019861
-0.00378898 0.000761095    0.206917  -0.0117117
 0.00765237   0.0019861  -0.0117117    0.279126
IMAGINARY
           0 -0.000444717   -0.0115402   0.00338556
 0.000444717            0  -0.00412455  0.000361001
   0.0115402   0.00412455            0   0.00121041
 -0.00338556 -0.000361001  -0.00121041            0
EndNode1[0]<--->Repeater1[0]
REAL
   0.278394 0.000974377 0.000554334  0.00152141
0.000974377    0.214564  0.00613395  0.00770145
0.000554334  0.00613395    0.217261  -0.0077291
 0.00152141  0.00770145  -0.0077291    0.289781
IMAGINARY
           0 -0.000776943   0.00930529  -0.00876342
 0.000776943            0   0.00026827   0.00360984
 -0.00930529  -0.00026827            0  -0.00506562
  0.00876342  -0.00360984   0.00506562            0
EndNode2[0]<--->HoM1[0]
REAL
   0.298716 -0.00441007  0.00887972  0.00682325
-0.00441007    0.212369    0.013733 -0.00011309
 0.00887972    0.013733    0.206534   0.0016894
 0.00682325 -0.00011309   0.0016894     0.28238
IMAGINARY
          0  0.00688492   0.0011174 -0.00022836
-0.00688492           0   -0.003173 -0.00214651
 -0.0011174    0.003173           0    0.001789
 0.00022836  0.00214651   -0.001789           0
Repeater1[0]<--->EndNode1[0]
REAL
   0.278394 0.000554334 0.000974377  0.00152141
0.000554334    0.217261  0.00613395  -0.0077291
0.000974377  0.00613395    0.214564  0.00770145
 0.00152141  -0.0077291  0.00770145    0.289781
IMAGINARY
           0   0.00930529 -0.000776943  -0.00876342
 -0.00930529            0  -0.00026827  -0.00506562
 0.000776943   0.00026827            0   0.00360984
  0.00876342   0.00506562  -0.00360984            0
Repeater1[0]<--->HoM1[0]
REAL
   0.298716  0.00887972 -0.00441007  0.00682325
 0.00887972    0.206534    0.013733   0.0016894
-0.00441007    0.013733    0.212369 -0.00011309
 0.00682325   0.0016894 -0.00011309     0.28238
IMAGINARY
          0   0.0011174  0.00688492 -0.00022836
 -0.0011174           0    0.003173    0.001789
-0.00688492   -0.003173           0 -0.00214651
 0.00022836   -0.001789  0.00214651           0
EndNode1[0]<--->Repeater1[0]
REAL
   0.291591 -0.00289826 -0.00549281   0.0148074
-0.00289826    0.211736 -0.00617367  0.00473547
-0.00549281 -0.00617367    0.199335  0.00456442
  0.0148074  0.00473547  0.00456442    0.297338
IMAGINARY
           0   0.00263008  0.000763404   -0.0106703
 -0.00263008            0    0.0035899   0.00573778
-0.000763404   -0.0035899            0  -0.00647168
   0.0106703  -0.00573778   0.00647168            0
EndNode2[0]<--->HoM1[0]
REAL
   0.289711  0.00518268  0.00540102  0.00184928
 0.00518268    0.212766  0.00400048  0.00137238
 0.00540102  0.00400048    0.213057 -0.00056445
 0.00184928  0.00137238 -0.00056445    0.284465
IMAGINARY
           0   0.00810317 -0.000831341 -0.000561963
 -0.00810317            0      0.01007 -9.06007e-05
 0.000831341     -0.01007            0   -0.0133275
 0.000561963  9.06007e-05    0.0133275            0
Repeater1[0]<--->EndNode1[0]
REAL
   0.291591 -0.00549281 -0.00289826   0.0148074
-0.00549281    0.199335 -0.00617367  0.00456442
-0.00289826 -0.00617367    0.211736  0.00473547
  0.0148074  0.00456442  0.00473547    0.297338
IMAGINARY
           0  0.000763404   0.00263008   -0.0106703
-0.000763404            0   -0.0035899  -0.00647168
 -0.00263008    0.0035899            0   0.00573778
   0.0106703   0.00647168  -0.00573778            0
Repeater1[0]<--->HoM1[0]
REAL
   0.289711  0.00540102  0.00518268  0.00184928
 0.00540102    0.213057  0.00400048 -0.00056445
 0.00518268  0.00400048    0.212766  0.00137238
 0.00184928 -0.00056445  0.00137238    0.284465
IMAGINARY
           0 -0.000831341   0.00810317 -0.000561963
 0.000831341            0     -0.01007   -0.0133275
 -0.00810317      0.01007            0 -9.06007e-05
 0.000561963    0.0133275  9.06007e-05            0
EndNode1[0]<--->Repeater1[0]
REAL
    0.288223  -0.00947584 -5.05166e-05     0.019066
 -0.00947584     0.217681  0.000635526   -0.0166659
-5.05166e-05  0.000635526     0.211929  -0.00455401
    0.019066   -0.0166659  -0.00455401     0.282168
IMAGINARY
           0  -0.00447693   0.00514285 -0.000246388
  0.00447693            0   0.00113187   0.00109972
 -0.00514285  -0.00113187            0   0.00358513
 0.000246388  -0.00109972  -0.00358513            0
EndNode2[0]<--->HoM1[0]
REAL
    0.287332   0.00239844   0.00161046   0.00516113
  0.00239844     0.213892 -9.25514e-05   -0.0102569
  0.00161046 -9.25514e-05     0.209302  0.000284918
  0.00516113   -0.0102569  0.000284918     0.289474
IMAGINARY
           0  3.46537e-05  -0.00458664   0.00143681
-3.46537e-05            0 -0.000991843  -0.00306872
  0.00458664  0.000991843            0    0.0148257
 -0.00143681   0.00306872   -0.0148257            0
Repeater1[0]<--->EndNode1[0]
REAL
    0.288223 -5.05166e-05  -0.00947584     0.019066
-5.05166e-05     0.211929  0.000635526  -0.00455401
 -0.00947584  0.000635526     0.217681   -0.0166659
    0.019066  -0.00455401   -0.0166659     0.282168
IMAGINARY
           0   0.00514285  -0.00447693 -0.000246388
 -0.00514285            0  -0.00113187   0.00358513
  0.00447693   0.00113187            0   0.00109972
 0.000246388  -0.00358513  -0.00109972            0
Repeater1[0]<--->HoM1[0]
REAL
    0.287332   0.00161046   0.00239844   0.00516113
  0.00161046     0.209302 -9.25514e-05  0.000284918
  0.00239844 -9.25514e-05     0.213892   -0.0102569
  0.00516113  0.000284918   -0.0102569     0.289474
IMAGINARY
           0  -0.00458664  3.46537e-05   0.00143681
  0.00458664            0  0.000991843    0.0148257
-3.46537e-05 -0.000991843            0  -0.00306872
 -0.00143681   -0.0148257   0.00306872            0
EndNode1[0]<--->Repeater1[0]
REAL
   0.291322  0.00979073  -0.0061003  0.00343797
 0.00979073    0.229634 -0.00269058  0.00116757
 -0.0061003 -0.00269058    0.201594  0.00979073
 0.00343797  0.00116757  0.00979073     0.27745
IMAGINARY
          0 -0.00243394 -0.00474877  0.00539726
 0.00243394           0  0.00980125   0.0135679
 0.00474877 -0.00980125           0  0.00617086
-0.00539726  -0.0135679 -0.00617086           0
EndNode2[0]<--->HoM1[0]
REAL
   0.270948 0.000778008   -0.010903   0.0038314
0.000778008    0.212538   0.0076237 -0.00086168
  -0.010903   0.0076237    0.214373  0.00107958
  0.0038314 -0.00086168  0.00107958    0.302141
IMAGINARY
          0  0.00473422  0.00549122  0.00423104
-0.00473422           0   0.0152572 -0.00432436
-0.00549122  -0.0152572           0 -0.00327564
-0.00423104  0.00432436  0.00327564           0
Repeater1[0]<--->EndNode1[0]
REAL
   0.291322  -0.0061003  0.00979073  0.00343797
 -0.0061003    0.201594 -0.00269058  0.00979073
 0.00979073 -0.00269058    0.229634  0.00116757
 0.00343797  0.00979073  0.00116757     0.27745
IMAGINARY
          0 -0.00474877 -0.00243394  0.00539726
 0.00474877           0 -0.00980125  0.00617086
 0.00243394  0.00980125           0   0.0135679
-0.00539726 -0.00617086  -0.0135679           0
Repeater1[0]<--->HoM1[0]
REAL
   0.270948   -0.010903 0.000778008   0.0038314
  -0.010903    0.214373   0.0076237  0.00107958
0.000778008   0.0076237    0.212538 -0.00086168
  0.0038314  0.00107958 -0.00086168    0.302141
IMAGINARY
          0  0.00549122  0.00473422  0.00423104
-0.00549122           0  -0.0152572 -0.00327564
-0.00473422   0.0152572           0 -0.00432436
-0.00423104  0.00327564  0.00432436           0
EndNode1[0]<--->Repeater1[0]
REAL
    0.28652 -0.00324048  0.00610597 -0.00024175
-0.00324048    0.214074  -0.0049373 -0.00211071
 0.00610597  -0.0049373    0.212589  0.00516412
-0.00024175 -0.00211071  0.00516412    0.286817
IMAGINARY
           0  0.000910973   0.00230899  -0.00253937
-0.000910973            0  -0.00600636  -0.00882217
 -0.00230899   0.00600636            0   -0.0062124
  0.00253937   0.00882217    0.0062124            0
EndNode2[0]<--->HoM1[0]
REAL
   0.276809   0.0102039  0.00911302 -0.00584432
  0.0102039    0.223338   0.0109927 -0.00608455
 0.00911302   0.0109927    0.217134 -0.00354128
-0.00584432 -0.00608455 -0.00354128    0.282718
IMAGINARY
           0   0.00127995  -0.00427436  0.000765982
 -0.00127995            0   0.00483838  -0.00264086
  0.00427436  -0.00483838            0   0.00413195
-0.000765982   0.00264086  -0.00413195            0
Repeater1[0]<--->EndNode1[0]
REAL
    0.28652  0.00610597 -0.00324048 -0.00024175
 0.00610597    0.212589  -0.0049373  0.00516412
-0.00324048  -0.0049373    0.214074 -0.00211071
-0.00024175  0.00516412 -0.00211071    0.286817
IMAGINARY
           0   0.00230899  0.000910973  -0.00253937
 -0.00230899            0   0.00600636   -0.0062124
-0.000910973  -0.00600636            0  -0.00882217
  0.00253937    0.0062124   0.00882217            0
Repeater1[0]<--->HoM1[0]
REAL
   0.276809  0.00911302   0.0102039 -0.00584432
 0.00911302    0.217134   0.0109927 -0.00354128
  0.0102039   0.0109927    0.223338 -0.00608455
-0.00584432 -0.00354128 -0.00608455    0.282718
IMAGINARY
           0  -0.00427436   0.00127995  0.000765982
  0.00427436            0  -0.00483838   0.00413195
 -0.00127995   0.00483838            0  -0.00264086
-0.000765982  -0.00413195   0.00264086            0
EndNode1[0]<--->Repeater1[0]
REAL
    0.302242  -0.00169823 -0.000950002   0.00552851
 -0.00169823     0.209268   0.00039566   0.00805901
-0.000950002   0.00039566     0.206278  -0.00304111
  0.00552851   0.00805901  -0.00304111     0.282212
IMAGINARY
           0  -0.00180977     0.018278  -0.00674654
  0.00180977            0   0.00659679 -0.000162102
   -0.018278  -0.00659679            0  -0.00332308
  0.00674654  0.000162102   0.00332308            0
EndNode2[0]<--->HoM1[0]
REAL
  0.286589 0.00914557 0.00578625 0.00695431
0.00914557   0.214329  0.0139421 0.00269346
0.00578625  0.0139421   0.216167 0.00720816
0.00695431 0.00269346 0.00720816   0.282915
IMAGINARY
          0   0.0117431 -0.00376446 -6.4865e-05
 -0.0117431           0 -0.00184634 -0.00500747
 0.00376446  0.00184634           0 -0.00386319
 6.4865e-05  0.00500747  0.00386319           0
Repeater1[0]<--->EndNode1[0]
REAL
    0.302242 -0.000950002  -0.00169823   0.00552851
-0.000950002     0.206278   0.00039566  -0.00304111
 -0.00169823   0.00039566     0.209268   0.00805901
  0.00552851  -0.00304111   0.00805901     0.282212
IMAGINARY
           0     0.018278  -0.00180977  -0.00674654
   -0.018278            0  -0.00659679  -0.00332308
  0.00180977   0.00659679            0 -0.000162102
  0.00674654   0.00332308  0.000162102            0
Repeater1[0]<--->HoM1[0]
REAL
