EndNode1[0]<--->Repeater1[0]
REAL
   0.366377  0.00375527 -0.00310311     0.24955
 0.00375527    0.131759 -0.00171419  0.00108349
-0.00310311 -0.00171419    0.123679  0.00345765
    0.24955  0.00108349  0.00345765    0.378185
IMAGINARY
          0 -0.00708958 -0.00331201  0.00313759
 0.00708958           0  0.00166266 -0.00100218
 0.00331201 -0.00166266           0  0.00723834
-0.00313759  0.00100218 -0.00723834           0
EndNode2[0]<--->HoM1[0]
REAL
   0.378354  0.00588387  0.00415885    0.245306
 0.00588387    0.129573 -0.00668684 -0.00400812
 0.00415885 -0.00668684    0.122256  -0.0126671
   0.245306 -0.00400812  -0.0126671    0.369817
IMAGINARY
           0   0.00163924   0.00580085   0.00654921
 -0.00163924            0  0.000125547   0.00290892
 -0.00580085 -0.000125547            0  -0.00208211
 -0.00654921  -0.00290892   0.00208211            0
Repeater1[0]<--->EndNode1[0]
REAL
   0.366377 -0.00310311  0.00375527     0.24955
-0.00310311    0.123679 -0.00171419  0.00345765
 0.00375527 -0.00171419    0.131759  0.00108349
    0.24955  0.00345765  0.00108349    0.378185
IMAGINARY
          0 -0.00331201 -0.00708958  0.00313759
 0.00331201           0 -0.00166266  0.00723834
 0.00708958  0.00166266           0 -0.00100218
-0.00313759 -0.00723834  0.00100218           0
Repeater1[0]<--->HoM1[0]
REAL
   0.378354  0.00415885  0.00588387    0.245306
 0.00415885    0.122256 -0.00668684  -0.0126671
 0.00588387 -0.00668684    0.129573 -0.00400812
   0.245306  -0.0126671 -0.00400812    0.369817
IMAGINARY
           0   0.00580085   0.00163924   0.00654921
 -0.00580085            0 -0.000125547  -0.00208211
 -0.00163924  0.000125547            0   0.00290892
 -0.00654921   0.00208211  -0.00290892            0
EndNode1[0]<--->Repeater1[0]
REAL
   0.374963  0.00195298 -0.00330909    0.247935
 0.00195298    0.120471 -0.00354745  -0.0168944
-0.00330909 -0.00354745     0.11458 -0.00300058
   0.247935  -0.0168944 -0.00300058    0.389985
IMAGINARY
          0 -0.00687351 -0.00635482 -0.00821475
 0.00687351           0  0.00312798 -0.00194886
 0.00635482 -0.00312798           0  0.00924599
 0.00821475  0.00194886 -0.00924599           0
EndNode2[0]<--->HoM1[0]
REAL
   0.362257 7.20644e-05  0.00111662    0.254434
7.20644e-05    0.128944 0.000473328   0.0018578
 0.00111662 0.000473328    0.123786   0.0112307
   0.254434   0.0018578   0.0112307    0.385012
IMAGINARY
          0   0.0021041  0.00578752 -0.00305581
 -0.0021041           0  -0.0143721  -0.0110192
-0.00578752   0.0143721           0 -0.00554207
 0.00305581   0.0110192  0.00554207           0
Repeater1[0]<--->EndNode1[0]
REAL
   0.374963 -0.00330909  0.00195298    0.247935
-0.00330909     0.11458 -0.00354745 -0.00300058
 0.00195298 -0.00354745    0.120471  -0.0168944
   0.247935 -0.00300058  -0.0168944    0.389985
IMAGINARY
          0 -0.00635482 -0.00687351 -0.00821475
 0.00635482           0 -0.00312798  0.00924599
 0.00687351  0.00312798           0 -0.00194886
 0.00821475 -0.00924599  0.00194886           0
Repeater1[0]<--->HoM1[0]
REAL
   0.362257  0.00111662 7.20644e-05    0.254434
 0.00111662    0.123786 0.000473328   0.0112307
7.20644e-05 0.000473328    0.128944   0.0018578
   0.254434   0.0112307   0.0018578    0.385012
IMAGINARY
          0  0.00578752   0.0021041 -0.00305581
-0.00578752           0   0.0143721 -0.00554207
 -0.0021041  -0.0143721           0  -0.0110192
 0.00305581  0.00554207   0.0110192           0
EndNode1[0]<--->Repeater1[0]
REAL
   0.378563 0.000114967 -0.00107105    0.260632
0.000114967    0.124109  0.00168772  0.00077057
-0.00107105  0.00168772    0.118765  0.00228888
   0.260632  0.00077057  0.00228888    0.378563
IMAGINARY
          0  0.00703327  -0.0078916   0.0029613
-0.00703327           0  0.00485359  0.00319952
  0.0078916 -0.00485359           0    0.008216
 -0.0029613 -0.00319952   -0.008216           0
EndNode2[0]<--->HoM1[0]
REAL
  0.382742 0.00478758 0.00115927   0.255096
0.00478758   0.112447 0.00509592  0.0144283
0.00115927 0.00509592   0.124173 0.00120763
  0.255096  0.0144283 0.00120763   0.380637
IMAGINARY
           0    0.0059647   0.00976752 -0.000187914
  -0.0059647            0  -0.00240751  -0.00157577
 -0.00976752   0.00240751            0  -0.00323412
 0.000187914   0.00157577   0.00323412            0
Repeater1[0]<--->EndNode1[0]
REAL
   0.378563 -0.00107105 0.000114967    0.260632
-0.00107105    0.118765  0.00168772  0.00228888
0.000114967  0.00168772    0.124109  0.00077057
   0.260632  0.00228888  0.00077057    0.378563
IMAGINARY
          0  -0.0078916  0.00703327   0.0029613
  0.0078916           0 -0.00485359    0.008216
-0.00703327  0.00485359           0  0.00319952
 -0.0029613   -0.008216 -0.00319952           0
Repeater1[0]<--->HoM1[0]
REAL
  0.382742 0.00115927 0.00478758   0.255096
0.00115927   0.124173 0.00509592 0.00120763
0.00478758 0.00509592   0.112447  0.0144283
  0.255096 0.00120763  0.0144283   0.380637
IMAGINARY
           0   0.00976752    0.0059647 -0.000187914
 -0.00976752            0   0.00240751  -0.00323412
  -0.0059647  -0.00240751            0  -0.00157577
 0.000187914   0.00323412   0.00157577            0
EndNode1[0]<--->Repeater1[0]
REAL
    0.368935   0.00563278  0.000823107     0.254295
  0.00563278      0.12542  -0.00516476 -0.000823107
 0.000823107  -0.00516476     0.119011   0.00625817
    0.254295 -0.000823107   0.00625817     0.386634
IMAGINARY
          0  0.00116987  0.00246259  0.00539105
-0.00116987           0 -0.00720155 -0.00516529
-0.00246259  0.00720155           0 -0.00357227
-0.00539105  0.00516529  0.00357227           0
EndNode2[0]<--->HoM1[0]
REAL
   0.381228  -0.0120728 -0.00793398    0.247706
 -0.0120728    0.126883 -0.00753003 0.000602604
-0.00793398 -0.00753003    0.117034 -0.00816183
   0.247706 0.000602604 -0.00816183    0.374855
IMAGINARY
           0  -0.00519248   0.00501313 -0.000208224
  0.00519248            0   0.00713176   0.00545889
 -0.00501313  -0.00713176            0   0.00128501
 0.000208224  -0.00545889  -0.00128501            0
Repeater1[0]<--->EndNode1[0]
REAL
    0.368935  0.000823107   0.00563278     0.254295
 0.000823107     0.119011  -0.00516476   0.00625817
  0.00563278  -0.00516476      0.12542 -0.000823107
    0.254295   0.00625817 -0.000823107     0.386634
IMAGINARY
          0  0.00246259  0.00116987  0.00539105
-0.00246259           0  0.00720155 -0.00357227
-0.00116987 -0.00720155           0 -0.00516529
-0.00539105  0.00357227  0.00516529           0
Repeater1[0]<--->HoM1[0]
REAL
   0.381228 -0.00793398  -0.0120728    0.247706
-0.00793398    0.117034 -0.00753003 -0.00816183
 -0.0120728 -0.00753003    0.126883 0.000602604
   0.247706 -0.00816183 0.000602604    0.374855
IMAGINARY
           0   0.00501313  -0.00519248 -0.000208224
 -0.00501313            0  -0.00713176   0.00128501
  0.00519248   0.00713176            0   0.00545889
 0.000208224  -0.00128501  -0.00545889            0
EndNode1[0]<--->Repeater1[0]
REAL
   0.388394 -0.00104004  0.00388188    0.256606
-0.00104004    0.114216  0.00229816 -7.6706e-05
 0.00388188  0.00229816    0.121891   0.0139776
   0.256606 -7.6706e-05   0.0139776    0.375499
IMAGINARY
          0 -0.00532946   0.0131559 -0.00625298
 0.00532946           0  0.00412661  0.00229271
 -0.0131559 -0.00412661           0  -0.0104162
 0.00625298 -0.00229271   0.0104162           0
EndNode2[0]<--->HoM1[0]
REAL
    0.370176  -0.00898047   0.00540851     0.249338
 -0.00898047     0.137388  -0.00166277  -0.00735871
  0.00540851  -0.00166277     0.124112 -0.000470471
    0.249338  -0.00735871 -0.000470471     0.368324
IMAGINARY
          0   0.0118036 -0.00926456 -0.00879055
 -0.0118036           0   0.0107017 -0.00566311
 0.00926456  -0.0107017           0 -0.00457064
 0.00879055  0.00566311  0.00457064           0
Repeater1[0]<--->EndNode1[0]
REAL
   0.388394  0.00388188 -0.00104004    0.256606
 0.00388188    0.121891  0.00229816   0.0139776
-0.00104004  0.00229816    0.114216 -7.6706e-05
   0.256606   0.0139776 -7.6706e-05    0.375499
IMAGINARY
          0   0.0131559 -0.00532946 -0.00625298
 -0.0131559           0 -0.00412661  -0.0104162
 0.00532946  0.00412661           0  0.00229271
 0.00625298   0.0104162 -0.00229271           0
Repeater1[0]<--->HoM1[0]
REAL
    0.370176   0.00540851  -0.00898047     0.249338
  0.00540851     0.124112  -0.00166277 -0.000470471
 -0.00898047  -0.00166277     0.137388  -0.00735871
    0.249338 -0.000470471  -0.00735871     0.368324
IMAGINARY
          0 -0.00926456   0.0118036 -0.00879055
 0.00926456           0  -0.0107017 -0.00457064
 -0.0118036   0.0107017           0 -0.00566311
 0.00879055  0.00457064  0.00566311           0
EndNode1[0]<--->Repeater1[0]
REAL
   0.365194  0.00111528 -0.00220256    0.255913
 0.00111528    0.120529  0.00434193 0.000531338
-0.00220256  0.00434193    0.118726   0.0114949
   0.255913 0.000531338   0.0114949    0.395552
IMAGINARY
           0  6.49078e-05  -0.00464568   -0.0084504
-6.49078e-05            0  -0.00557945  -0.00358539
  0.00464568   0.00557945            0   0.00577167
   0.0084504   0.00358539  -0.00577167            0
EndNode2[0]<--->HoM1[0]
REAL
   0.369604 -0.00220507 -0.00104589    0.252668
-0.00220507    0.125074  0.00132163  0.00782096
-0.00104589  0.00132163    0.134831  0.00988348
   0.252668  0.00782096  0.00988348    0.370491
IMAGINARY
          0 -0.00696532  -0.0012552  0.00633405
 0.00696532           0   0.0104764 -0.00712302
  0.0012552  -0.0104764           0  0.00427232
-0.00633405  0.00712302 -0.00427232           0
Repeater1[0]<--->EndNode1[0]
REAL
   0.365194 -0.00220256  0.00111528    0.255913
-0.00220256    0.118726  0.00434193   0.0114949
 0.00111528  0.00434193    0.120529 0.000531338
   0.255913   0.0114949 0.000531338    0.395552
IMAGINARY
           0  -0.00464568  6.49078e-05   -0.0084504
  0.00464568            0   0.00557945   0.00577167
-6.49078e-05  -0.00557945            0  -0.00358539
   0.0084504  -0.00577167   0.00358539            0
Repeater1[0]<--->HoM1[0]
REAL
   0.369604 -0.00104589 -0.00220507    0.252668
-0.00104589    0.134831  0.00132163  0.00988348
-0.00220507  0.00132163    0.125074  0.00782096
   0.252668  0.00988348  0.00782096    0.370491
IMAGINARY
          0  -0.0012552 -0.00696532  0.00633405
  0.0012552           0  -0.0104764  0.00427232
 0.00696532   0.0104764           0 -0.00712302
-0.00633405 -0.00427232  0.00712302           0
EndNode1[0]<--->Repeater1[0]
REAL
   0.372479 -0.00633292  0.00338108    0.246159
-0.00633292    0.124852 0.000391427  0.00261772
 0.00338108 0.000391427    0.123072   0.0024337
   0.246159  0.00261772   0.0024337    0.379597
IMAGINARY
           0  -0.00960062   0.00723194   -0.0038202
  0.00960062            0   0.00175042 -0.000279102
 -0.00723194  -0.00175042            0  -0.00370047
   0.0038202  0.000279102   0.00370047            0
EndNode2[0]<--->HoM1[0]
REAL
   0.372509 -0.00118797  0.00295583     0.25173
-0.00118797    0.119285   0.0010485  -0.0037068
 0.00295583   0.0010485    0.123388 -0.00466965
    0.25173  -0.0037068 -0.00466965    0.384818
IMAGINARY
          0   0.0073508  0.00140433 -0.00378675
 -0.0073508           0  0.00378675  0.00662354
-0.00140433 -0.00378675           0 -0.00416994
 0.00378675 -0.00662354  0.00416994           0
Repeater1[0]<--->EndNode1[0]
REAL
   0.372479  0.00338108 -0.00633292    0.246159
 0.00338108    0.123072 0.000391427   0.0024337
-0.00633292 0.000391427    0.124852  0.00261772
   0.246159   0.0024337  0.00261772    0.379597
IMAGINARY
           0   0.00723194  -0.00960062   -0.0038202
 -0.00723194            0  -0.00175042  -0.00370047
  0.00960062   0.00175042            0 -0.000279102
   0.0038202   0.00370047  0.000279102            0
Repeater1[0]<--->HoM1[0]
REAL
   0.372509  0.00295583 -0.00118797     0.25173
 0.00295583    0.123388   0.0010485 -0.00466965
-0.00118797   0.0010485    0.119285  -0.0037068
    0.25173 -0.00466965  -0.0037068    0.384818
IMAGINARY
          0  0.00140433   0.0073508 -0.00378675
-0.00140433           0 -0.00378675 -0.00416994
 -0.0073508  0.00378675           0  0.00662354
 0.00378675  0.00416994 -0.00662354           0
EndNode1[0]<--->Repeater1[0]
REAL
   0.380938 -0.00399093  0.00144562    0.246321
-0.00399093    0.126083  0.00693684 -0.00233424
 0.00144562  0.00693684    0.130565  0.00932268
   0.246321 -0.00233424  0.00932268    0.362414
IMAGINARY
           0   0.00443004  -0.00236416   0.00524004
 -0.00443004            0  0.000730114   0.00328724
  0.00236416 -0.000730114            0  0.000493035
 -0.00524004  -0.00328724 -0.000493035            0
EndNode2[0]<--->HoM1[0]
REAL
  0.370009 0.00297045 0.00559076   0.257497
0.00297045   0.129229 0.00439279 0.00172631
0.00559076 0.00439279   0.121304 0.00709052
  0.257497 0.00172631 0.00709052   0.379457
IMAGINARY
          0  0.00457154   0.0107072   0.0041875
-0.00457154           0 -0.00717614 -0.00272379
 -0.0107072  0.00717614           0 -0.00338881
 -0.0041875  0.00272379  0.00338881           0
Repeater1[0]<--->EndNode1[0]
REAL
   0.380938  0.00144562 -0.00399093    0.246321
 0.00144562    0.130565  0.00693684  0.00932268
-0.00399093  0.00693684    0.126083 -0.00233424
   0.246321  0.00932268 -0.00233424    0.362414
IMAGINARY
           0  -0.00236416   0.00443004   0.00524004
  0.00236416            0 -0.000730114  0.000493035
 -0.00443004  0.000730114            0   0.00328724
 -0.00524004 -0.000493035  -0.00328724            0
Repeater1[0]<--->HoM1[0]
REAL
  0.370009 0.00559076 0.00297045   0.257497
0.00559076   0.121304 0.00439279 0.00709052
0.00297045 0.00439279   0.129229 0.00172631
  0.257497 0.00709052 0.00172631   0.379457
IMAGINARY
          0   0.0107072  0.00457154   0.0041875
 -0.0107072           0  0.00717614 -0.00338881
-0.00457154 -0.00717614           0 -0.00272379
 -0.0041875  0.00338881  0.00272379           0
EndNode1[0]<--->Repeater1[0]
REAL
   0.387029  -0.0102925   0.0005482    0.250146
 -0.0102925    0.117155 -0.00385497 -0.00766294
  0.0005482 -0.00385497    0.128213  -0.0101435
   0.250146 -0.00766294  -0.0101435    0.367603
IMAGINARY
           0  -0.00752176    0.0111958   -0.0168981
  0.00752176            0   0.00252505   0.00629085
  -0.0111958  -0.00252505            0  0.000704928
   0.0168981  -0.00629085 -0.000704928            0
EndNode2[0]<--->HoM1[0]
REAL
    0.386915  -0.00611112   -0.0128254     0.260115
 -0.00611112     0.113677 -0.000162824  -0.00767375
  -0.0128254 -0.000162824     0.123742   -0.0120113
    0.260115  -0.00767375   -0.0120113     0.375666
IMAGINARY
           0  -0.00114342    0.0139737  -0.00252878
  0.00114342            0   -0.0100216  -0.00853236
  -0.0139737    0.0100216            0  0.000236526
  0.00252878   0.00853236 -0.000236526            0
Repeater1[0]<--->EndNode1[0]
REAL
   0.387029   0.0005482  -0.0102925    0.250146
  0.0005482    0.128213 -0.00385497  -0.0101435
 -0.0102925 -0.00385497    0.117155 -0.00766294
   0.250146  -0.0101435 -0.00766294    0.367603
IMAGINARY
           0    0.0111958  -0.00752176   -0.0168981
  -0.0111958            0  -0.00252505  0.000704928
  0.00752176   0.00252505            0   0.00629085
   0.0168981 -0.000704928  -0.00629085            0
Repeater1[0]<--->HoM1[0]
REAL
    0.386915   -0.0128254  -0.00611112     0.260115
  -0.0128254     0.123742 -0.000162824   -0.0120113
 -0.00611112 -0.000162824     0.113677  -0.00767375
    0.260115   -0.0120113  -0.00767375     0.375666
IMAGINARY
           0    0.0139737  -0.00114342  -0.00252878
  -0.0139737            0    0.0100216  0.000236526
  0.00114342   -0.0100216            0  -0.00853236
  0.00252878 -0.000236526   0.00853236            0
EndNode1[0]<--->Repeater1[0]
REAL
    0.38801 0.000965133  0.00048722    0.250067
0.000965133     0.12112 0.000606775  0.00835306
 0.00048722 0.000606775    0.127511  0.00487844
   0.250067  0.00835306  0.00487844     0.36336
IMAGINARY
          0  0.00220307 -0.00703361 -0.00435239
-0.00220307           0 -0.00733746 -0.00328997
 0.00703361  0.00733746           0 -0.00328166
 0.00435239  0.00328997  0.00328166           0
EndNode2[0]<--->HoM1[0]
REAL
   0.369494  0.00135036  -0.0101234    0.252926
 0.00135036     0.12766 -0.00051589 -0.00162357
 -0.0101234 -0.00051589    0.115073 -0.00104916
   0.252926 -0.00162357 -0.00104916    0.387773
IMAGINARY
           0   0.00265848   0.00313419  -0.00385313
 -0.00265848            0   0.00385313 -0.000839908
 -0.00313419  -0.00385313            0   -0.0080118
  0.00385313  0.000839908    0.0080118            0
Repeater1[0]<--->EndNode1[0]
REAL
    0.38801  0.00048722 0.000965133    0.250067
 0.00048722    0.127511 0.000606775  0.00487844
0.000965133 0.000606775     0.12112  0.00835306
   0.250067  0.00487844  0.00835306     0.36336
IMAGINARY
          0 -0.00703361  0.00220307 -0.00435239
 0.00703361           0  0.00733746 -0.00328166
-0.00220307 -0.00733746           0 -0.00328997
 0.00435239  0.00328166  0.00328997           0
Repeater1[0]<--->HoM1[0]
REAL
   0.369494  -0.0101234  0.00135036    0.252926
 -0.0101234    0.115073 -0.00051589 -0.00104916
 0.00135036 -0.00051589     0.12766 -0.00162357
   0.252926 -0.00104916 -0.00162357    0.387773
IMAGINARY
           0   0.00313419   0.00265848  -0.00385313
 -0.00313419            0  -0.00385313   -0.0080118
 -0.00265848   0.00385313            0 -0.000839908
  0.00385313    0.0080118  0.000839908            0
EndNode1[0]<--->Repeater1[0]
REAL
   0.373824  -0.0129439  -0.0110196    0.256697
 -0.0129439    0.128529  0.00165105 -0.00421177
 -0.0110196  0.00165105    0.128235  0.00503529
   0.256697 -0.00421177  0.00503529    0.369412
IMAGINARY
          0  0.00563513 -0.00505039  0.00502436
-0.00563513           0 -0.00502436 -0.00381811
 0.00505039  0.00502436           0 -0.00869323
-0.00502436  0.00381811  0.00869323           0
EndNode2[0]<--->HoM1[0]
REAL
   0.364043 -0.00176577 -0.00282961    0.244546
-0.00176577    0.123435 -0.00254253  0.00705411
-0.00282961 -0.00254253      0.1291  0.00749902
   0.244546  0.00705411  0.00749902    0.383423
IMAGINARY
          0  0.00511097 -0.00386959  0.00352262
-0.00511097           0  0.00135543  -0.0061334
 0.00386959 -0.00135543           0 -0.00555886
-0.00352262   0.0061334  0.00555886           0
Repeater1[0]<--->EndNode1[0]
REAL
   0.373824  -0.0110196  -0.0129439    0.256697
 -0.0110196    0.128235  0.00165105  0.00503529
 -0.0129439  0.00165105    0.128529 -0.00421177
   0.256697  0.00503529 -0.00421177    0.369412
IMAGINARY
          0 -0.00505039  0.00563513  0.00502436
 0.00505039           0  0.00502436 -0.00869323
-0.00563513 -0.00502436           0 -0.00381811
-0.00502436  0.00869323  0.00381811           0
Repeater1[0]<--->HoM1[0]
REAL
   0.364043 -0.00282961 -0.00176577    0.244546
-0.00282961      0.1291 -0.00254253  0.00749902
-0.00176577 -0.00254253    0.123435  0.00705411
   0.244546  0.00749902  0.00705411    0.383423
IMAGINARY
          0 -0.00386959  0.00511097  0.00352262
 0.00386959           0 -0.00135543 -0.00555886
-0.00511097  0.00135543           0  -0.0061334
-0.00352262  0.00555886   0.0061334           0
EndNode1[0]<--->Repeater1[0]
REAL
    0.36484  0.00528953 0.000753506    0.245239
 0.00528953    0.123721  0.00529885 -0.00674429
0.000753506  0.00529885    0.122216 -0.00820812
   0.245239 -0.00674429 -0.00820812    0.389223
IMAGINARY
          0 -0.00524124 -0.00412708 -0.00598496
 0.00524124           0  -0.0102222 -0.00217922
 0.00412708   0.0102222           0  0.00253853
 0.00598496  0.00217922 -0.00253853           0
EndNode2[0]<--->HoM1[0]
REAL
   0.369921 -0.00163469  0.00435634    0.253351
-0.00163469    0.114008 -0.00485388  0.00225424
 0.00435634 -0.00485388    0.127653  0.00433902
   0.253351  0.00225424  0.00433902    0.388417
IMAGINARY
           0  -0.00929836   0.00435508   0.00646911
  0.00929836            0   -0.0011451  -0.00300007
 -0.00435508    0.0011451            0 -0.000788967
 -0.00646911   0.00300007  0.000788967            0
Repeater1[0]<--->EndNode1[0]
REAL
    0.36484 0.000753506  0.00528953    0.245239
0.000753506    0.122216  0.00529885 -0.00820812
 0.00528953  0.00529885    0.123721 -0.00674429
   0.245239 -0.00820812 -0.00674429    0.389223
IMAGINARY
          0 -0.00412708 -0.00524124 -0.00598496
 0.00412708           0   0.0102222  0.00253853
 0.00524124  -0.0102222           0 -0.00217922
 0.00598496 -0.00253853  0.00217922           0
Repeater1[0]<--->HoM1[0]
REAL
   0.369921  0.00435634 -0.00163469    0.253351
 0.00435634    0.127653 -0.00485388  0.00433902
-0.00163469 -0.00485388    0.114008  0.00225424
   0.253351  0.00433902  0.00225424    0.388417
IMAGINARY
           0   0.00435508  -0.00929836   0.00646911
 -0.00435508            0    0.0011451 -0.000788967
  0.00929836   -0.0011451            0  -0.00300007
 -0.00646911  0.000788967   0.00300007            0
EndNode1[0]<--->Repeater1[0]
REAL
   0.378824  0.00202526 -0.00624901    0.251865
 0.00202526    0.129274  0.00539064  -0.0088492
-0.00624901  0.00539064    0.123575  -0.0141918
   0.251865  -0.0088492  -0.0141918    0.368326
IMAGINARY
           0   0.00546705  -0.00520394 -6.56443e-05
 -0.00546705            0     0.011157 -0.000346619
  0.00520394    -0.011157            0  -0.00561707
 6.56443e-05  0.000346619   0.00561707            0
EndNode2[0]<--->HoM1[0]
REAL
   0.373028 -0.00704855 -0.00492701    0.251769
-0.00704855    0.124442 -0.00433649 0.000395286
-0.00492701 -0.00433649    0.126228  -0.0041297
   0.251769 0.000395286  -0.0041297    0.376302
IMAGINARY
          0  0.00412088 -0.00793192  0.00611319
-0.00412088           0 -0.00193907  -0.0073306
 0.00793192  0.00193907           0  0.00289988
-0.00611319   0.0073306 -0.00289988           0
Repeater1[0]<--->EndNode1[0]
REAL
   0.378824 -0.00624901  0.00202526    0.251865
-0.00624901    0.123575  0.00539064  -0.0141918
 0.00202526  0.00539064    0.129274  -0.0088492
   0.251865  -0.0141918  -0.0088492    0.368326
IMAGINARY
           0  -0.00520394   0.00546705 -6.56443e-05
  0.00520394            0    -0.011157  -0.00561707
 -0.00546705     0.011157            0 -0.000346619
 6.56443e-05   0.00561707  0.000346619            0
Repeater1[0]<--->HoM1[0]
REAL
   0.373028 -0.00492701 -0.00704855    0.251769
-0.00492701    0.126228 -0.00433649  -0.0041297
-0.00704855 -0.00433649    0.124442 0.000395286
   0.251769  -0.0041297 0.000395286    0.376302
IMAGINARY
          0 -0.00793192  0.00412088  0.00611319
 0.00793192           0  0.00193907  0.00289988
-0.00412088 -0.00193907           0  -0.0073306
-0.00611319 -0.00289988   0.0073306           0
EndNode1[0]<--->Repeater1[0]
REAL
   0.381776  0.00204164 -0.00761408    0.248093
 0.00204164    0.132728 -0.00444978 -0.00746576
-0.00761408 -0.00444978     0.11925  0.00387202
   0.248093 -0.00746576  0.00387202    0.366247
IMAGINARY
           0   0.00104705 -0.000192978  -0.00318871
 -0.00104705            0   0.00871605   0.00466139
 0.000192978  -0.00871605            0    -0.010138
  0.00318871  -0.00466139     0.010138            0
EndNode2[0]<--->HoM1[0]
REAL
   0.375496 -0.00969185  0.00429197    0.261056
-0.00969185    0.127406 -0.00456491  -0.0104095
 0.00429197 -0.00456491    0.121295   -0.010153
   0.261056  -0.0104095   -0.010153    0.375802
IMAGINARY
          0  -0.0112272 -0.00713272 -0.00817285
  0.0112272           0 -0.00473899   0.0149063
 0.00713272  0.00473899           0 -0.00211978
 0.00817285  -0.0149063  0.00211978           0
Repeater1[0]<--->EndNode1[0]
REAL
   0.381776 -0.00761408  0.00204164    0.248093
-0.00761408     0.11925 -0.00444978  0.00387202
 0.00204164 -0.00444978    0.132728 -0.00746576
   0.248093  0.00387202 -0.00746576    0.366247
IMAGINARY
           0 -0.000192978   0.00104705  -0.00318871
 0.000192978            0  -0.00871605    -0.010138
 -0.00104705   0.00871605            0   0.00466139
  0.00318871     0.010138  -0.00466139            0
Repeater1[0]<--->HoM1[0]
REAL
   0.375496  0.00429197 -0.00969185    0.261056
 0.00429197    0.121295 -0.00456491   -0.010153
-0.00969185 -0.00456491    0.127406  -0.0104095
   0.261056   -0.010153  -0.0104095    0.375802
IMAGINARY
          0 -0.00713272  -0.0112272 -0.00817285
 0.00713272           0  0.00473899 -0.00211978
  0.0112272 -0.00473899           0   0.0149063
 0.00817285  0.00211978  -0.0149063           0
EndNode1[0]<--->Repeater1[0]
REAL
    0.380839 -0.000489671   -0.0101539     0.254935
-0.000489671      0.12526  -0.00516141  -0.00690012
  -0.0101539  -0.00516141      0.12288   -0.0066036
    0.254935  -0.00690012   -0.0066036     0.371021
IMAGINARY
          0 -0.00384373 -0.00112311 -0.00346652
 0.00384373           0 -0.00734018  0.00413697
 0.00112311  0.00734018           0 -0.00399232
 0.00346652 -0.00413697  0.00399232           0
EndNode2[0]<--->HoM1[0]
REAL
   0.362202   0.0128717  0.00356476    0.254212
  0.0128717    0.124405 0.000908259 -0.00175753
 0.00356476 0.000908259    0.130655  0.00309214
   0.254212 -0.00175753  0.00309214    0.382738
IMAGINARY
           0   0.00429186   -0.0145322  0.000953006
 -0.00429186            0  -0.00125223   0.00792427
   0.0145322   0.00125223            0   -0.0023829
-0.000953006  -0.00792427    0.0023829            0
Repeater1[0]<--->EndNode1[0]
REAL
    0.380839   -0.0101539 -0.000489671     0.254935
  -0.0101539      0.12288  -0.00516141   -0.0066036
-0.000489671  -0.00516141      0.12526  -0.00690012
    0.254935   -0.0066036  -0.00690012     0.371021
IMAGINARY
          0 -0.00112311 -0.00384373 -0.00346652
 0.00112311           0  0.00734018 -0.00399232
 0.00384373 -0.00734018           0  0.00413697
 0.00346652  0.00399232 -0.00413697           0
Repeater1[0]<--->HoM1[0]
REAL
   0.362202  0.00356476   0.0128717    0.254212
 0.00356476    0.130655 0.000908259  0.00309214
  0.0128717 0.000908259    0.124405 -0.00175753
   0.254212  0.00309214 -0.00175753    0.382738
IMAGINARY
           0   -0.0145322   0.00429186  0.000953006
   0.0145322            0   0.00125223   -0.0023829
 -0.00429186  -0.00125223            0   0.00792427
-0.000953006    0.0023829  -0.00792427            0
EndNode1[0]<--->Repeater1[0]
REAL
   0.374698  0.00569632 -0.00693544    0.254845
 0.00569632    0.120471 -0.00484496  0.00396984
-0.00693544 -0.00484496    0.122886  0.00824199
   0.254845  0.00396984  0.00824199    0.381944
IMAGINARY
           0   0.00253554  7.50017e-05  -0.00448972
 -0.00253554            0   0.00778117   0.00022315
-7.50017e-05  -0.00778117            0   0.00193673
  0.00448972  -0.00022315  -0.00193673            0
EndNode2[0]<--->HoM1[0]
REAL
    0.384502 -0.000915469   0.00032225     0.254755
-0.000915469     0.110914   0.00880939  -0.00108006
  0.00032225   0.00880939     0.125111  -0.00166107
    0.254755  -0.00108006  -0.00166107     0.379474
IMAGINARY
          0  0.00150905 -0.00189057   0.0108878
-0.00150905           0  0.00863888 -0.00411543
 0.00189057 -0.00863888           0  0.00569816
 -0.0108878  0.00411543 -0.00569816           0
Repeater1[0]<--->EndNode1[0]
REAL
   0.374698 -0.00693544  0.00569632    0.254845
-0.00693544    0.122886 -0.00484496  0.00824199
 0.00569632 -0.00484496    0.120471  0.00396984
   0.254845  0.00824199  0.00396984    0.381944
IMAGINARY
           0  7.50017e-05   0.00253554  -0.00448972
-7.50017e-05            0  -0.00778117   0.00193673
 -0.00253554   0.00778117            0   0.00022315
  0.00448972  -0.00193673  -0.00022315            0
Repeater1[0]<--->HoM1[0]
REAL
    0.384502   0.00032225 -0.000915469     0.254755
  0.00032225     0.125111   0.00880939  -0.00166107
-0.000915469   0.00880939     0.110914  -0.00108006
    0.254755  -0.00166107  -0.00108006     0.379474
IMAGINARY
          0 -0.00189057  0.00150905   0.0108878
 0.00189057           0 -0.00863888  0.00569816
-0.00150905  0.00863888           0 -0.00411543
 -0.0108878 -0.00569816  0.00411543           0
EndNode1[0]<--->Repeater1[0]
REAL
     0.3507 -0.00505647  -0.0010037    0.243598
-0.00505647    0.126228 7.80786e-06  -0.0123946
 -0.0010037 7.80786e-06    0.134862  -0.0071238
   0.243598  -0.0123946  -0.0071238    0.388211
IMAGINARY
           0    0.0124741  -0.00274695  -0.00784554
  -0.0124741            0  0.000867388   0.00215065
  0.00274695 -0.000867388            0  -0.00710737
  0.00784554  -0.00215065   0.00710737            0
EndNode2[0]<--->HoM1[0]
REAL
   0.363913 -0.00799772  0.00669315    0.246409
-0.00799772    0.126791 -0.00950396 -0.00490744
 0.00669315 -0.00950396    0.132886  0.00264058
   0.246409 -0.00490744  0.00264058     0.37641
IMAGINARY
          0  -0.0031087 -0.00692043 -0.00681793
  0.0031087           0  0.00457979  0.00661721
 0.00692043 -0.00457979           0  0.00977941
 0.00681793 -0.00661721 -0.00977941           0
Repeater1[0]<--->EndNode1[0]
REAL
     0.3507  -0.0010037 -0.00505647    0.243598
 -0.0010037    0.134862 7.80786e-06  -0.0071238
-0.00505647 7.80786e-06    0.126228  -0.0123946
   0.243598  -0.0071238  -0.0123946    0.388211
IMAGINARY
           0  -0.00274695    0.0124741  -0.00784554
  0.00274695            0 -0.000867388  -0.00710737
  -0.0124741  0.000867388            0   0.00215065
  0.00784554   0.00710737  -0.00215065            0
Repeater1[0]<--->HoM1[0]
REAL
   0.363913  0.00669315 -0.00799772    0.246409
 0.00669315    0.132886 -0.00950396  0.00264058
-0.00799772 -0.00950396    0.126791 -0.00490744
   0.246409  0.00264058 -0.00490744     0.37641
IMAGINARY
          0 -0.00692043  -0.0031087 -0.00681793
 0.00692043           0 -0.00457979  0.00977941
  0.0031087  0.00457979           0  0.00661721
 0.00681793 -0.00977941 -0.00661721           0
EndNode1[0]<--->Repeater1[0]
REAL
    0.372811 -0.000242584    0.0014837     0.254339
-0.000242584     0.123776   -0.0026213  -0.00641348
   0.0014837   -0.0026213     0.120511  -0.00797373
    0.254339  -0.00641348  -0.00797373     0.382903
IMAGINARY
          0  0.00221952  -0.0038609  -0.0041148
-0.00221952           0  0.00501896 -0.00251961
  0.0038609 -0.00501896           0  0.00474103
  0.0041148  0.00251961 -0.00474103           0
EndNode2[0]<--->HoM1[0]
REAL
    0.379525   0.00923056  -0.00621951     0.249562
  0.00923056     0.124926   0.00660131  0.000506945
 -0.00621951   0.00660131      0.11276 -0.000812042
    0.249562  0.000506945 -0.000812042     0.382789
IMAGINARY
           0 -0.000171169   -0.0013545  -0.00653684
 0.000171169            0   -0.0037103  -0.00787953
   0.0013545    0.0037103            0     0.014552
  0.00653684   0.00787953    -0.014552            0
Repeater1[0]<--->EndNode1[0]
REAL
    0.372811    0.0014837 -0.000242584     0.254339
   0.0014837     0.120511   -0.0026213  -0.00797373
-0.000242584   -0.0026213     0.123776  -0.00641348
    0.254339  -0.00797373  -0.00641348     0.382903
IMAGINARY
          0  -0.0038609  0.00221952  -0.0041148
  0.0038609           0 -0.00501896  0.00474103
-0.00221952  0.00501896           0 -0.00251961
  0.0041148 -0.00474103  0.00251961           0
Repeater1[0]<--->HoM1[0]
REAL
    0.379525  -0.00621951   0.00923056     0.249562
 -0.00621951      0.11276   0.00660131 -0.000812042
  0.00923056   0.00660131     0.124926  0.000506945
    0.249562 -0.000812042  0.000506945     0.382789
IMAGINARY
           0   -0.0013545 -0.000171169  -0.00653684
   0.0013545            0    0.0037103     0.014552
 0.000171169   -0.0037103            0  -0.00787953
  0.00653684    -0.014552   0.00787953            0
EndNode1[0]<--->Repeater1[0]
REAL
    0.383907 -8.02351e-06   0.00619554     0.251891
-8.02351e-06      0.11855 -0.000664314    0.0054609
  0.00619554 -0.000664314     0.123157   0.00951723
    0.251891    0.0054609   0.00951723     0.374386
IMAGINARY
           0   0.00964016   0.00110342   -0.0078212
 -0.00964016            0 -0.000390204  -0.00170474
 -0.00110342  0.000390204            0  -0.00513024
   0.0078212   0.00170474   0.00513024            0
EndNode2[0]<--->HoM1[0]
REAL
   0.384946  0.00771929 -0.00681002    0.249999
 0.00771929    0.122581  0.00466122 -0.00461511
-0.00681002  0.00466122    0.128111   0.0025032
   0.249999 -0.00461511   0.0025032    0.364363
IMAGINARY
           0   0.00402969  -0.00807441  0.000671439
 -0.00402969            0 -0.000975761  -0.00186139
  0.00807441  0.000975761            0  -0.00234824
-0.000671439   0.00186139   0.00234824            0
Repeater1[0]<--->EndNode1[0]
REAL
    0.383907   0.00619554 -8.02351e-06     0.251891
  0.00619554     0.123157 -0.000664314   0.00951723
-8.02351e-06 -0.000664314      0.11855    0.0054609
    0.251891   0.00951723    0.0054609     0.374386
IMAGINARY
           0   0.00110342   0.00964016   -0.0078212
 -0.00110342            0  0.000390204  -0.00513024
 -0.00964016 -0.000390204            0  -0.00170474
   0.0078212   0.00513024   0.00170474            0
Repeater1[0]<--->HoM1[0]
REAL
   0.384946 -0.00681002  0.00771929    0.249999
-0.00681002    0.128111  0.00466122   0.0025032
 0.00771929  0.00466122    0.122581 -0.00461511
   0.249999   0.0025032 -0.00461511    0.364363
IMAGINARY
           0  -0.00807441   0.00402969  0.000671439
  0.00807441            0  0.000975761  -0.00234824
 -0.00402969 -0.000975761            0  -0.00186139
-0.000671439   0.00234824   0.00186139            0
EndNode1[0]<--->Repeater1[0]
REAL
   0.376604  -0.0101498 -0.00828131    0.249402
 -0.0101498    0.124739  0.00120521  -0.0163238
-0.00828131  0.00120521    0.133393 -0.00200083
   0.249402  -0.0163238 -0.00200083    0.365264
IMAGINARY
           0  0.000739362  0.000723756    0.0095859
-0.000739362            0   0.00230435  -0.00342808
-0.000723756  -0.00230435            0  -0.00284273
  -0.0095859   0.00342808   0.00284273            0
EndNode2[0]<--->HoM1[0]
REAL
   0.376849  0.00586913  0.00400547     0.25484
 0.00586913    0.123586 -0.00106266  0.00769823
 0.00400547 -0.00106266    0.114592 0.000797534
    0.25484  0.00769823 0.000797534    0.384972
IMAGINARY
           0   0.00947003  -0.00336945    0.0124087
 -0.00947003            0 -0.000909176   0.00352278
  0.00336945  0.000909176            0   -0.0102367
  -0.0124087  -0.00352278    0.0102367            0
Repeater1[0]<--->EndNode1[0]
REAL
   0.376604 -0.00828131  -0.0101498    0.249402
-0.00828131    0.133393  0.00120521 -0.00200083
 -0.0101498  0.00120521    0.124739  -0.0163238
   0.249402 -0.00200083  -0.0163238    0.365264
IMAGINARY
           0  0.000723756  0.000739362    0.0095859
-0.000723756            0  -0.00230435  -0.00284273
-0.000739362   0.00230435            0  -0.00342808
  -0.0095859   0.00284273   0.00342808            0
Repeater1[0]<--->HoM1[0]
REAL
   0.376849  0.00400547  0.00586913     0.25484
 0.00400547    0.114592 -0.00106266 0.000797534
 0.00586913 -0.00106266    0.123586  0.00769823
    0.25484 0.000797534  0.00769823    0.384972
IMAGINARY
           0  -0.00336945   0.00947003    0.0124087
  0.00336945            0  0.000909176   -0.0102367
 -0.00947003 -0.000909176            0   0.00352278
  -0.0124087    0.0102367  -0.00352278            0
EndNode1[0]<--->Repeater1[0]
REAL
    0.399305  0.000124541 -0.000536323     0.241427
 0.000124541     0.116198     0.006054  0.000832707
-0.000536323     0.006054     0.123732  -0.00338477
    0.241427  0.000832707  -0.00338477     0.360765
IMAGINARY
           0 -0.000146739   0.00438584 -0.000809846
 0.000146739            0   0.00727601  0.000514669
 -0.00438584  -0.00727601            0 -0.000298761
 0.000809846 -0.000514669  0.000298761            0
EndNode2[0]<--->HoM1[0]
REAL
   0.366274  0.00753422 -6.8453e-05    0.248682
 0.00753422    0.121487 -0.00101589  0.00444418
-6.8453e-05 -0.00101589    0.124811  0.00646812
   0.248682  0.00444418  0.00646812    0.387428
IMAGINARY
          0  0.00782068 -0.00123198  0.00416955
-0.00782068           0 -0.00505555 -0.00752405
 0.00123198  0.00505555           0 -0.00540522
-0.00416955  0.00752405  0.00540522           0
Repeater1[0]<--->EndNode1[0]
REAL
    0.399305 -0.000536323  0.000124541     0.241427
-0.000536323     0.123732     0.006054  -0.00338477
 0.000124541     0.006054     0.116198  0.000832707
    0.241427  -0.00338477  0.000832707     0.360765
IMAGINARY
           0   0.00438584 -0.000146739 -0.000809846
 -0.00438584            0  -0.00727601 -0.000298761
 0.000146739   0.00727601            0  0.000514669
 0.000809846  0.000298761 -0.000514669            0
Repeater1[0]<--->HoM1[0]
REAL
   0.366274 -6.8453e-05  0.00753422    0.248682
-6.8453e-05    0.124811 -0.00101589  0.00646812
 0.00753422 -0.00101589    0.121487  0.00444418
   0.248682  0.00646812  0.00444418    0.387428
IMAGINARY
          0 -0.00123198  0.00782068  0.00416955
 0.00123198           0  0.00505555 -0.00540522
-0.00782068 -0.00505555           0 -0.00752405
-0.00416955  0.00540522  0.00752405           0
EndNode1[0]<--->Repeater1[0]
REAL
   0.364791 -0.00511934  0.00375105    0.250016
-0.00511934    0.126437  0.00135807 -0.00436193
 0.00375105  0.00135807    0.120992 -0.00160027
   0.250016 -0.00436193 -0.00160027     0.38778
IMAGINARY
           0   0.00826342  -0.00684315 -0.000852255
 -0.00826342            0   0.00776331   0.00893021
  0.00684315  -0.00776331            0   0.00366264
 0.000852255  -0.00893021  -0.00366264            0
EndNode2[0]<--->HoM1[0]
REAL
   0.363803 -0.00866232  0.00183734     0.25039
-0.00866232    0.127361 -0.00403833 -0.00242111
 0.00183734 -0.00403833    0.129799  0.00486781
    0.25039 -0.00242111  0.00486781    0.379037
IMAGINARY
           0   -0.0071046      0.01282  -0.00461824
   0.0071046            0  -0.00522726  -0.00366355
    -0.01282   0.00522726            0  0.000950292
  0.00461824   0.00366355 -0.000950292            0
Repeater1[0]<--->EndNode1[0]
REAL
   0.364791  0.00375105 -0.00511934    0.250016
 0.00375105    0.120992  0.00135807 -0.00160027
-0.00511934  0.00135807    0.126437 -0.00436193
   0.250016 -0.00160027 -0.00436193     0.38778
IMAGINARY
           0  -0.00684315   0.00826342 -0.000852255
  0.00684315            0  -0.00776331   0.00366264
 -0.00826342   0.00776331            0   0.00893021
 0.000852255  -0.00366264  -0.00893021            0
Repeater1[0]<--->HoM1[0]
REAL
   0.363803  0.00183734 -0.00866232     0.25039
 0.00183734    0.129799 -0.00403833  0.00486781
-0.00866232 -0.00403833    0.127361 -0.00242111
    0.25039  0.00486781 -0.00242111    0.379037
IMAGINARY
           0      0.01282   -0.0071046  -0.00461824
    -0.01282            0   0.00522726  0.000950292
   0.0071046  -0.00522726            0  -0.00366355
  0.00461824 -0.000950292   0.00366355            0
EndNode1[0]<--->Repeater1[0]
REAL
    0.37719  0.00318189   0.0106813    0.255572
 0.00318189    0.117612 -0.00248242   -0.010387
  0.0106813 -0.00248242    0.125928  0.00800116
   0.255572   -0.010387  0.00800116    0.379269
IMAGINARY
          0   0.0031829  0.00515346  0.00196869
 -0.0031829           0 -0.00255831 -0.00246849
-0.00515346  0.00255831           0 -0.00676285
-0.00196869  0.00246849  0.00676285           0
EndNode2[0]<--->HoM1[0]
REAL
    0.372331 -0.000506196  -0.00539656     0.254898
-0.000506196     0.125348   0.00656402    0.0139372
 -0.00539656   0.00656402     0.121634   0.00664944
    0.254898    0.0139372   0.00664944     0.380687
IMAGINARY
           0  -0.00371972    0.0022869  0.000900208
  0.00371972            0   0.00134597    0.0125526
  -0.0022869  -0.00134597            0  -0.00960554
-0.000900208   -0.0125526   0.00960554            0
Repeater1[0]<--->EndNode1[0]
REAL
    0.37719   0.0106813  0.00318189    0.255572
  0.0106813    0.125928 -0.00248242  0.00800116
 0.00318189 -0.00248242    0.117612   -0.010387
   0.255572  0.00800116   -0.010387    0.379269
IMAGINARY
          0  0.00515346   0.0031829  0.00196869
-0.00515346           0  0.00255831 -0.00676285
 -0.0031829 -0.00255831           0 -0.00246849
-0.00196869  0.00676285  0.00246849           0
Repeater1[0]<--->HoM1[0]
REAL
    0.372331  -0.00539656 -0.000506196     0.254898
 -0.00539656     0.121634   0.00656402   0.00664944
-0.000506196   0.00656402     0.125348    0.0139372
    0.254898   0.00664944    0.0139372     0.380687
IMAGINARY
