EndNode1[0]<--->Repeater1[0]
REAL
  0.436893 0.00504506 0.00256853   0.402422
0.00504506  0.0513624 0.00144697 0.00226823
0.00256853 0.00144697  0.0463514 0.00221008
  0.402422 0.00226823 0.00221008   0.465393
IMAGINARY
           0  -0.00211937   0.00607681 -0.000507216
  0.00211937            0  -0.00522977  -0.00356425
 -0.00607681   0.00522977            0   0.00108478
 0.000507216   0.00356425  -0.00108478            0
EndNode2[0]<--->HoM1[0]
REAL
    0.44783 0.000657012  0.00530532    0.400691
0.000657012    0.052016  0.00758233 -0.00710388
 0.00530532  0.00758233   0.0467836 -0.00365461
   0.400691 -0.00710388 -0.00365461     0.45337
IMAGINARY
           0 -0.000157434  0.000609229   0.00306232
 0.000157434            0  0.000563056  0.000156467
-0.000609229 -0.000563056            0 -0.000301984
 -0.00306232 -0.000156467  0.000301984            0
Repeater1[0]<--->EndNode1[0]
REAL
  0.436893 0.00256853 0.00504506   0.402422
0.00256853  0.0463514 0.00144697 0.00221008
0.00504506 0.00144697  0.0513624 0.00226823
  0.402422 0.00221008 0.00226823   0.465393
IMAGINARY
           0   0.00607681  -0.00211937 -0.000507216
 -0.00607681            0   0.00522977   0.00108478
  0.00211937  -0.00522977            0  -0.00356425
 0.000507216  -0.00108478   0.00356425            0
Repeater1[0]<--->HoM1[0]
REAL
    0.44783  0.00530532 0.000657012    0.400691
 0.00530532   0.0467836  0.00758233 -0.00365461
0.000657012  0.00758233    0.052016 -0.00710388
   0.400691 -0.00365461 -0.00710388     0.45337
IMAGINARY
           0  0.000609229 -0.000157434   0.00306232
-0.000609229            0 -0.000563056 -0.000301984
 0.000157434  0.000563056            0  0.000156467
 -0.00306232  0.000301984 -0.000156467            0
EndNode1[0]<--->Repeater1[0]
REAL
   0.454014  -0.0176971 -0.00606836    0.407804
 -0.0176971   0.0479852 -0.00256308 -0.00622066
-0.00606836 -0.00256308   0.0479852  0.00422359
   0.407804 -0.00622066  0.00422359    0.450015
IMAGINARY
           0 -0.000745194  -0.00403569   0.00959754
 0.000745194            0   0.00262632   0.00388631
  0.00403569  -0.00262632            0  -0.00269072
 -0.00959754  -0.00388631   0.00269072            0
EndNode2[0]<--->HoM1[0]
REAL
   0.452587 -0.00863769   0.0103552     0.40657
-0.00863769   0.0556386  0.00550142  -0.0075236
  0.0103552  0.00550142   0.0454681  0.00163322
    0.40657  -0.0075236  0.00163322    0.446306
IMAGINARY
          0 -0.00554821  0.00131014 -0.00802527
 0.00554821           0 -0.00487306  0.00189596
-0.00131014  0.00487306           0  -0.0025434
 0.00802527 -0.00189596   0.0025434           0
Repeater1[0]<--->EndNode1[0]
REAL
   0.454014 -0.00606836  -0.0176971    0.407804
-0.00606836   0.0479852 -0.00256308  0.00422359
 -0.0176971 -0.00256308   0.0479852 -0.00622066
   0.407804  0.00422359 -0.00622066    0.450015
IMAGINARY
           0  -0.00403569 -0.000745194   0.00959754
  0.00403569            0  -0.00262632  -0.00269072
 0.000745194   0.00262632            0   0.00388631
 -0.00959754   0.00269072  -0.00388631            0
Repeater1[0]<--->HoM1[0]
REAL
   0.452587   0.0103552 -0.00863769     0.40657
  0.0103552   0.0454681  0.00550142  0.00163322
-0.00863769  0.00550142   0.0556386  -0.0075236
    0.40657  0.00163322  -0.0075236    0.446306
IMAGINARY
          0  0.00131014 -0.00554821 -0.00802527
-0.00131014           0  0.00487306  -0.0025434
 0.00554821 -0.00487306           0  0.00189596
 0.00802527   0.0025434 -0.00189596           0
EndNode1[0]<--->Repeater1[0]
REAL
    0.45736  0.00476498  0.00180184     0.40464
 0.00476498   0.0467375 -0.00303449   0.0136559
 0.00180184 -0.00303449   0.0485584  0.00623384
    0.40464   0.0136559  0.00623384    0.447344
IMAGINARY
           0   0.00159873 -0.000850039  -0.00700136
 -0.00159873            0  -0.00304125  -0.00811791
 0.000850039   0.00304125            0   0.00442891
  0.00700136   0.00811791  -0.00442891            0
EndNode2[0]<--->HoM1[0]
REAL
   0.464635 -0.00273684  0.00821983    0.402058
-0.00273684    0.043504 -0.00130423  -0.0065607
 0.00821983 -0.00130423    0.048831  0.00107771
   0.402058  -0.0065607  0.00107771     0.44303
IMAGINARY
           0   -0.0015607  -0.00576066   0.00354684
   0.0015607            0   0.00157056 -0.000449581
  0.00576066  -0.00157056            0   0.00322686
 -0.00354684  0.000449581  -0.00322686            0
Repeater1[0]<--->EndNode1[0]
REAL
    0.45736  0.00180184  0.00476498     0.40464
 0.00180184   0.0485584 -0.00303449  0.00623384
 0.00476498 -0.00303449   0.0467375   0.0136559
    0.40464  0.00623384   0.0136559    0.447344
IMAGINARY
           0 -0.000850039   0.00159873  -0.00700136
 0.000850039            0   0.00304125   0.00442891
 -0.00159873  -0.00304125            0  -0.00811791
  0.00700136  -0.00442891   0.00811791            0
Repeater1[0]<--->HoM1[0]
REAL
   0.464635  0.00821983 -0.00273684    0.402058
 0.00821983    0.048831 -0.00130423  0.00107771
-0.00273684 -0.00130423    0.043504  -0.0065607
   0.402058  0.00107771  -0.0065607     0.44303
IMAGINARY
           0  -0.00576066   -0.0015607   0.00354684
  0.00576066            0  -0.00157056   0.00322686
   0.0015607   0.00157056            0 -0.000449581
 -0.00354684  -0.00322686  0.000449581            0
EndNode1[0]<--->Repeater1[0]
REAL
   0.461374 -0.00125137  -0.0151708    0.409317
-0.00125137   0.0470229  0.00199295  -0.0117142
 -0.0151708  0.00199295   0.0525191  -0.0203803
   0.409317  -0.0117142  -0.0203803    0.439084
IMAGINARY
          0  0.00822046  -0.0115786 -0.00398638
-0.00822046           0 -0.00941319  -0.0103945
  0.0115786  0.00941319           0  0.00837147
 0.00398638   0.0103945 -0.00837147           0
EndNode2[0]<--->HoM1[0]
REAL
    0.460046  -0.00235405   0.00264019     0.405506
 -0.00235405    0.0460336   0.00344609  -0.00659877
  0.00264019   0.00344609    0.0431384 -8.20074e-05
    0.405506  -0.00659877 -8.20074e-05     0.450782
IMAGINARY
          0 -0.00223405   0.0035029 -0.00397299
 0.00223405           0 -0.00456646 -0.00902693
 -0.0035029  0.00456646           0 -0.00299139
 0.00397299  0.00902693  0.00299139           0
Repeater1[0]<--->EndNode1[0]
REAL
   0.461374  -0.0151708 -0.00125137    0.409317
 -0.0151708   0.0525191  0.00199295  -0.0203803
-0.00125137  0.00199295   0.0470229  -0.0117142
   0.409317  -0.0203803  -0.0117142    0.439084
IMAGINARY
          0  -0.0115786  0.00822046 -0.00398638
  0.0115786           0  0.00941319  0.00837147
-0.00822046 -0.00941319           0  -0.0103945
 0.00398638 -0.00837147   0.0103945           0
Repeater1[0]<--->HoM1[0]
REAL
    0.460046   0.00264019  -0.00235405     0.405506
  0.00264019    0.0431384   0.00344609 -8.20074e-05
 -0.00235405   0.00344609    0.0460336  -0.00659877
    0.405506 -8.20074e-05  -0.00659877     0.450782
IMAGINARY
          0   0.0035029 -0.00223405 -0.00397299
 -0.0035029           0  0.00456646 -0.00299139
 0.00223405 -0.00456646           0 -0.00902693
 0.00397299  0.00299139  0.00902693           0
EndNode1[0]<--->Repeater1[0]
REAL
   0.452269  0.00573211  0.00842251    0.405615
 0.00573211   0.0494991 -0.00185414 -0.00264816
 0.00842251 -0.00185414   0.0527401  0.00152285
   0.405615 -0.00264816  0.00152285    0.445492
IMAGINARY
           0    0.0030979   0.00066986  0.000863982
  -0.0030979            0   0.00843974  -0.00172822
 -0.00066986  -0.00843974            0  -0.00143476
-0.000863982   0.00172822   0.00143476            0
EndNode2[0]<--->HoM1[0]
REAL
   0.448525  0.00314292 -0.00121423    0.406483
 0.00314292   0.0490668  0.00132302  0.00990347
-0.00121423  0.00132302   0.0448525  0.00466268
   0.406483  0.00990347  0.00466268    0.457556
IMAGINARY
           0  -0.00734762   0.00297483  0.000787657
  0.00734762            0  -0.00154226   0.00791095
 -0.00297483   0.00154226            0  -0.00294167
-0.000787657  -0.00791095   0.00294167            0
Repeater1[0]<--->EndNode1[0]
REAL
   0.452269  0.00842251  0.00573211    0.405615
 0.00842251   0.0527401 -0.00185414  0.00152285
 0.00573211 -0.00185414   0.0494991 -0.00264816
   0.405615  0.00152285 -0.00264816    0.445492
IMAGINARY
           0   0.00066986    0.0030979  0.000863982
 -0.00066986            0  -0.00843974  -0.00143476
  -0.0030979   0.00843974            0  -0.00172822
-0.000863982   0.00143476   0.00172822            0
Repeater1[0]<--->HoM1[0]
REAL
   0.448525 -0.00121423  0.00314292    0.406483
-0.00121423   0.0448525  0.00132302  0.00466268
 0.00314292  0.00132302   0.0490668  0.00990347
   0.406483  0.00466268  0.00990347    0.457556
IMAGINARY
           0   0.00297483  -0.00734762  0.000787657
 -0.00297483            0   0.00154226  -0.00294167
  0.00734762  -0.00154226            0   0.00791095
-0.000787657   0.00294167  -0.00791095            0
EndNode1[0]<--->Repeater1[0]
REAL
   0.450569   0.0055168  0.00214044    0.399591
  0.0055168   0.0455362  0.00332495   0.0077721
 0.00214044  0.00332495   0.0503295 -0.00230981
   0.399591   0.0077721 -0.00230981    0.453565
IMAGINARY
          0  -0.0100036 -0.00165302 -0.00404328
  0.0100036           0 -0.00663396   0.0102482
 0.00165302  0.00663396           0 -0.00570476
 0.00404328  -0.0102482  0.00570476           0
EndNode2[0]<--->HoM1[0]
REAL
   0.457972 -0.00152531  0.00467797    0.409998
-0.00152531   0.0388872 -0.00481728  0.00274402
 0.00467797 -0.00481728   0.0424768  0.00197972
   0.409998  0.00274402  0.00197972    0.460664
IMAGINARY
          0  0.00167656 -0.00212081 -0.00609195
-0.00167656           0  0.00131868 -0.00497795
 0.00212081 -0.00131868           0  0.00912591
 0.00609195  0.00497795 -0.00912591           0
Repeater1[0]<--->EndNode1[0]
REAL
   0.450569  0.00214044   0.0055168    0.399591
 0.00214044   0.0503295  0.00332495 -0.00230981
  0.0055168  0.00332495   0.0455362   0.0077721
   0.399591 -0.00230981   0.0077721    0.453565
IMAGINARY
          0 -0.00165302  -0.0100036 -0.00404328
 0.00165302           0  0.00663396 -0.00570476
  0.0100036 -0.00663396           0   0.0102482
 0.00404328  0.00570476  -0.0102482           0
Repeater1[0]<--->HoM1[0]
REAL
   0.457972  0.00467797 -0.00152531    0.409998
 0.00467797   0.0424768 -0.00481728  0.00197972
-0.00152531 -0.00481728   0.0388872  0.00274402
   0.409998  0.00197972  0.00274402    0.460664
IMAGINARY
          0 -0.00212081  0.00167656 -0.00609195
 0.00212081           0 -0.00131868  0.00912591
-0.00167656  0.00131868           0 -0.00497795
 0.00609195 -0.00912591  0.00497795           0
EndNode1[0]<--->Repeater1[0]
REAL
    0.44358 -0.00470437   0.0104417    0.408595
-0.00470437    0.041305  -0.0014225 -0.00170154
  0.0104417  -0.0014225   0.0487878  0.00741684
   0.408595 -0.00170154  0.00741684    0.466327
IMAGINARY
          0  0.00127627 -0.00819729 -0.00635203
-0.00127627           0  0.00150621  0.00489795
 0.00819729 -0.00150621           0  0.00142319
 0.00635203 -0.00489795 -0.00142319           0
EndNode2[0]<--->HoM1[0]
REAL
   0.444678  -0.0044206   0.0086376    0.400807
 -0.0044206   0.0518741 -0.00445284 -0.00125586
  0.0086376 -0.00445284   0.0473763   0.0075842
   0.400807 -0.00125586   0.0075842    0.456072
IMAGINARY
          0 -0.00235014 -0.00495953  -0.0043731
 0.00235014           0 -0.00162505  0.00376407
 0.00495953  0.00162505           0  0.00205127
  0.0043731 -0.00376407 -0.00205127           0
Repeater1[0]<--->EndNode1[0]
REAL
    0.44358   0.0104417 -0.00470437    0.408595
  0.0104417   0.0487878  -0.0014225  0.00741684
-0.00470437  -0.0014225    0.041305 -0.00170154
   0.408595  0.00741684 -0.00170154    0.466327
IMAGINARY
          0 -0.00819729  0.00127627 -0.00635203
 0.00819729           0 -0.00150621  0.00142319
-0.00127627  0.00150621           0  0.00489795
 0.00635203 -0.00142319 -0.00489795           0
Repeater1[0]<--->HoM1[0]
REAL
   0.444678   0.0086376  -0.0044206    0.400807
  0.0086376   0.0473763 -0.00445284   0.0075842
 -0.0044206 -0.00445284   0.0518741 -0.00125586
   0.400807   0.0075842 -0.00125586    0.456072
IMAGINARY
          0 -0.00495953 -0.00235014  -0.0043731
 0.00495953           0  0.00162505  0.00205127
 0.00235014 -0.00162505           0  0.00376407
  0.0043731 -0.00205127 -0.00376407           0
EndNode1[0]<--->Repeater1[0]
REAL
    0.450882  0.000132752   0.00306361     0.402649
 0.000132752    0.0544118 -0.000954205   0.00633547
  0.00306361 -0.000954205    0.0529412   0.00587649
    0.402649   0.00633547   0.00587649     0.441765
IMAGINARY
          0 -0.00502306 -0.00688871  -0.0049387
 0.00502306           0   0.0064215   0.0135102
 0.00688871  -0.0064215           0 -0.00190641
  0.0049387  -0.0135102  0.00190641           0
EndNode2[0]<--->HoM1[0]
REAL
   0.451683  0.00177776 -0.00333346    0.397723
 0.00177776   0.0534115  0.00287206 -0.00916654
-0.00333346  0.00287206   0.0453844  -0.0071349
   0.397723 -0.00916654  -0.0071349    0.449521
IMAGINARY
          0 -0.00276088   0.0084463 -0.00156669
 0.00276088           0 -0.00544266  0.00396065
 -0.0084463  0.00544266           0 -0.00933589
 0.00156669 -0.00396065  0.00933589           0
Repeater1[0]<--->EndNode1[0]
REAL
    0.450882   0.00306361  0.000132752     0.402649
  0.00306361    0.0529412 -0.000954205   0.00587649
 0.000132752 -0.000954205    0.0544118   0.00633547
    0.402649   0.00587649   0.00633547     0.441765
IMAGINARY
          0 -0.00688871 -0.00502306  -0.0049387
 0.00688871           0  -0.0064215 -0.00190641
 0.00502306   0.0064215           0   0.0135102
  0.0049387  0.00190641  -0.0135102           0
Repeater1[0]<--->HoM1[0]
REAL
   0.451683 -0.00333346  0.00177776    0.397723
-0.00333346   0.0453844  0.00287206  -0.0071349
 0.00177776  0.00287206   0.0534115 -0.00916654
   0.397723  -0.0071349 -0.00916654    0.449521
IMAGINARY
          0   0.0084463 -0.00276088 -0.00156669
 -0.0084463           0  0.00544266 -0.00933589
 0.00276088 -0.00544266           0  0.00396065
 0.00156669  0.00933589 -0.00396065           0
EndNode1[0]<--->Repeater1[0]
REAL
    0.46303 -0.00596105  -0.0120197    0.403774
-0.00596105   0.0484848  0.00602978  0.00221574
 -0.0120197  0.00602978   0.0484848  0.00128533
   0.403774  0.00221574  0.00128533        0.44
IMAGINARY
           0 -7.04464e-05   0.00472996   0.00337492
 7.04464e-05            0  0.000639355  -0.00788786
 -0.00472996 -0.000639355            0   0.00623586
 -0.00337492   0.00788786  -0.00623586            0
EndNode2[0]<--->HoM1[0]
REAL
    0.451065  0.000763267   0.00586625      0.39952
 0.000763267    0.0527941 -2.15081e-05   0.00223868
  0.00586625 -2.15081e-05    0.0490892   0.00704693
     0.39952   0.00223868   0.00704693     0.447052
IMAGINARY
          0 -0.00732603  0.00795304  0.00173511
 0.00732603           0  -0.0091054   0.0105202
-0.00795304   0.0091054           0 -0.00717779
-0.00173511  -0.0105202  0.00717779           0
Repeater1[0]<--->EndNode1[0]
REAL
    0.46303  -0.0120197 -0.00596105    0.403774
 -0.0120197   0.0484848  0.00602978  0.00128533
-0.00596105  0.00602978   0.0484848  0.00221574
   0.403774  0.00128533  0.00221574        0.44
IMAGINARY
           0   0.00472996 -7.04464e-05   0.00337492
 -0.00472996            0 -0.000639355   0.00623586
 7.04464e-05  0.000639355            0  -0.00788786
 -0.00337492  -0.00623586   0.00788786            0
Repeater1[0]<--->HoM1[0]
REAL
    0.451065   0.00586625  0.000763267      0.39952
  0.00586625    0.0490892 -2.15081e-05   0.00704693
 0.000763267 -2.15081e-05    0.0527941   0.00223868
     0.39952   0.00704693   0.00223868     0.447052
IMAGINARY
          0  0.00795304 -0.00732603  0.00173511
-0.00795304           0   0.0091054 -0.00717779
 0.00732603  -0.0091054           0   0.0105202
-0.00173511  0.00717779  -0.0105202           0
EndNode1[0]<--->Repeater1[0]
REAL
   0.456119 0.000457366 -0.00850567    0.403473
0.000457366   0.0455512 -0.00475059   0.0145942
-0.00850567 -0.00475059   0.0494989  0.00711614
   0.403473   0.0145942  0.00711614    0.448831
IMAGINARY
           0  -0.00292712   -0.0057108   0.00811149
  0.00292712            0  -0.00551289   0.00362498
   0.0057108   0.00551289            0 -0.000350587
 -0.00811149  -0.00362498  0.000350587            0
EndNode2[0]<--->HoM1[0]
REAL
    0.457753   0.00944749   0.00727314      0.40749
  0.00944749    0.0486214 -0.000780424 -0.000798744
  0.00727314 -0.000780424    0.0450637   0.00320701
     0.40749 -0.000798744   0.00320701     0.448562
IMAGINARY
          0  0.00114542  -0.0116008   0.0027569
-0.00114542           0   0.0071709  0.00814212
  0.0116008  -0.0071709           0  0.00201247
 -0.0027569 -0.00814212 -0.00201247           0
Repeater1[0]<--->EndNode1[0]
REAL
   0.456119 -0.00850567 0.000457366    0.403473
-0.00850567   0.0494989 -0.00475059  0.00711614
0.000457366 -0.00475059   0.0455512   0.0145942
   0.403473  0.00711614   0.0145942    0.448831
IMAGINARY
           0   -0.0057108  -0.00292712   0.00811149
   0.0057108            0   0.00551289 -0.000350587
  0.00292712  -0.00551289            0   0.00362498
 -0.00811149  0.000350587  -0.00362498            0
Repeater1[0]<--->HoM1[0]
REAL
    0.457753   0.00727314   0.00944749      0.40749
  0.00727314    0.0450637 -0.000780424   0.00320701
  0.00944749 -0.000780424    0.0486214 -0.000798744
     0.40749   0.00320701 -0.000798744     0.448562
IMAGINARY
          0  -0.0116008  0.00114542   0.0027569
  0.0116008           0  -0.0071709  0.00201247
-0.00114542   0.0071709           0  0.00814212
 -0.0027569 -0.00201247 -0.00814212           0
EndNode1[0]<--->Repeater1[0]
REAL
    0.459242  -0.00355421 -0.000982551     0.399953
 -0.00355421    0.0441923   0.00809276  -0.00329095
-0.000982551   0.00809276    0.0468797    0.0063541
    0.399953  -0.00329095    0.0063541     0.449686
IMAGINARY
          0 -0.00351484  -0.0079653 -0.00279618
 0.00351484           0 -0.00798227  0.00476762
  0.0079653  0.00798227           0  0.00961949
 0.00279618 -0.00476762 -0.00961949           0
EndNode2[0]<--->HoM1[0]
REAL
    0.450974   0.00560659   0.00987632      0.40859
  0.00560659    0.0417174 -0.000695598   0.00649795
  0.00987632 -0.000695598    0.0478076    0.0104753
     0.40859   0.00649795    0.0104753     0.459501
IMAGINARY
           0  0.000868758  -0.00254305  -0.00797199
-0.000868758            0 -0.000312033  -0.00711065
  0.00254305  0.000312033            0  -0.00163492
  0.00797199   0.00711065   0.00163492            0
Repeater1[0]<--->EndNode1[0]
REAL
    0.459242 -0.000982551  -0.00355421     0.399953
-0.000982551    0.0468797   0.00809276    0.0063541
 -0.00355421   0.00809276    0.0441923  -0.00329095
    0.399953    0.0063541  -0.00329095     0.449686
IMAGINARY
          0  -0.0079653 -0.00351484 -0.00279618
  0.0079653           0  0.00798227  0.00961949
 0.00351484 -0.00798227           0  0.00476762
 0.00279618 -0.00961949 -0.00476762           0
Repeater1[0]<--->HoM1[0]
REAL
    0.450974   0.00987632   0.00560659      0.40859
  0.00987632    0.0478076 -0.000695598    0.0104753
  0.00560659 -0.000695598    0.0417174   0.00649795
     0.40859    0.0104753   0.00649795     0.459501
IMAGINARY
           0  -0.00254305  0.000868758  -0.00797199
  0.00254305            0  0.000312033  -0.00163492
-0.000868758 -0.000312033            0  -0.00711065
  0.00797199   0.00163492   0.00711065            0
EndNode1[0]<--->Repeater1[0]
REAL
    0.464243 -0.000536409   0.00157609     0.404593
-0.000536409    0.0426683   0.00557924  -0.00901214
  0.00157609   0.00557924    0.0441707  -0.00570987
    0.404593  -0.00901214  -0.00570987     0.448918
IMAGINARY
           0  7.10491e-05  0.000547905  0.000990058
-7.10491e-05            0  -0.00218695  -0.00398382
-0.000547905   0.00218695            0  0.000974664
-0.000990058   0.00398382 -0.000974664            0
EndNode2[0]<--->HoM1[0]
REAL
   0.451584 -0.00468282   0.0105028    0.400727
-0.00468282   0.0479638  0.00222401 -0.00396187
  0.0105028  0.00222401   0.0567119  0.00726877
   0.400727 -0.00396187  0.00726877    0.443741
IMAGINARY
           0  -0.00509297   0.00596191  0.000235637
  0.00509297            0  -0.00436787   0.00421773
 -0.00596191   0.00436787            0  -0.00358966
-0.000235637  -0.00421773   0.00358966            0
Repeater1[0]<--->EndNode1[0]
REAL
    0.464243   0.00157609 -0.000536409     0.404593
  0.00157609    0.0441707   0.00557924  -0.00570987
-0.000536409   0.00557924    0.0426683  -0.00901214
    0.404593  -0.00570987  -0.00901214     0.448918
IMAGINARY
           0  0.000547905  7.10491e-05  0.000990058
-0.000547905            0   0.00218695  0.000974664
-7.10491e-05  -0.00218695            0  -0.00398382
-0.000990058 -0.000974664   0.00398382            0
Repeater1[0]<--->HoM1[0]
REAL
   0.451584   0.0105028 -0.00468282    0.400727
  0.0105028   0.0567119  0.00222401  0.00726877
-0.00468282  0.00222401   0.0479638 -0.00396187
   0.400727  0.00726877 -0.00396187    0.443741
IMAGINARY
           0   0.00596191  -0.00509297  0.000235637
 -0.00596191            0   0.00436787  -0.00358966
  0.00509297  -0.00436787            0   0.00421773
-0.000235637   0.00358966  -0.00421773            0
EndNode1[0]<--->Repeater1[0]
REAL
   0.431259  0.00532813  0.00371104    0.400775
 0.00532813   0.0473445 -0.00511469 -0.00965634
 0.00371104 -0.00511469   0.0549317 -0.00978711
   0.400775 -0.00965634 -0.00978711    0.466464
IMAGINARY
           0  0.000813806  -0.00448221   0.00249735
-0.000813806            0   0.00570934    0.0067018
  0.00448221  -0.00570934            0  0.000517948
 -0.00249735   -0.0067018 -0.000517948            0
EndNode2[0]<--->HoM1[0]
REAL
   0.438393 -0.00511373   0.0116785     0.40286
-0.00511373   0.0485119 -0.00694034  -0.0102001
  0.0116785 -0.00694034   0.0529762  0.00540942
    0.40286  -0.0102001  0.00540942    0.460119
IMAGINARY
          0  0.00191824  0.00396782 -0.00182058
-0.00191824           0  0.00346483 -0.00115883
-0.00396782 -0.00346483           0  -0.0037909
 0.00182058  0.00115883   0.0037909           0
Repeater1[0]<--->EndNode1[0]
REAL
   0.431259  0.00371104  0.00532813    0.400775
 0.00371104   0.0549317 -0.00511469 -0.00978711
 0.00532813 -0.00511469   0.0473445 -0.00965634
   0.400775 -0.00978711 -0.00965634    0.466464
IMAGINARY
           0  -0.00448221  0.000813806   0.00249735
  0.00448221            0  -0.00570934  0.000517948
-0.000813806   0.00570934            0    0.0067018
 -0.00249735 -0.000517948   -0.0067018            0
Repeater1[0]<--->HoM1[0]
REAL
   0.438393   0.0116785 -0.00511373     0.40286
  0.0116785   0.0529762 -0.00694034  0.00540942
-0.00511373 -0.00694034   0.0485119  -0.0102001
    0.40286  0.00540942  -0.0102001    0.460119
IMAGINARY
          0  0.00396782  0.00191824 -0.00182058
-0.00396782           0 -0.00346483  -0.0037909
-0.00191824  0.00346483           0 -0.00115883
 0.00182058   0.0037909  0.00115883           0
EndNode1[0]<--->Repeater1[0]
REAL
   0.463356  0.00560517  0.00325293    0.405903
 0.00560517   0.0484595 0.000951515  0.00143365
 0.00325293 0.000951515   0.0484595   0.0102121
   0.405903  0.00143365   0.0102121    0.439725
IMAGINARY
          0  -0.0141498 -0.00260506  0.00347496
  0.0141498           0 -0.00636514   0.0191087
 0.00260506  0.00636514           0 -0.00327076
-0.00347496  -0.0191087  0.00327076           0
EndNode2[0]<--->HoM1[0]
REAL
    0.448742  -0.00789485   -0.0124252     0.397198
 -0.00789485    0.0460405  -0.00611741 -0.000317548
  -0.0124252  -0.00611741    0.0555556  -0.00636486
    0.397198 -0.000317548  -0.00636486     0.449662
IMAGINARY
           0 -0.000348444  -0.00623367   0.00115678
 0.000348444            0  0.000417794    0.0065406
  0.00623367 -0.000417794            0  -0.00272092
 -0.00115678   -0.0065406   0.00272092            0
Repeater1[0]<--->EndNode1[0]
REAL
   0.463356  0.00325293  0.00560517    0.405903
 0.00325293   0.0484595 0.000951515   0.0102121
 0.00560517 0.000951515   0.0484595  0.00143365
   0.405903   0.0102121  0.00143365    0.439725
IMAGINARY
          0 -0.00260506  -0.0141498  0.00347496
 0.00260506           0  0.00636514 -0.00327076
  0.0141498 -0.00636514           0   0.0191087
-0.00347496  0.00327076  -0.0191087           0
Repeater1[0]<--->HoM1[0]
REAL
    0.448742   -0.0124252  -0.00789485     0.397198
  -0.0124252    0.0555556  -0.00611741  -0.00636486
 -0.00789485  -0.00611741    0.0460405 -0.000317548
    0.397198  -0.00636486 -0.000317548     0.449662
IMAGINARY
           0  -0.00623367 -0.000348444   0.00115678
  0.00623367            0 -0.000417794  -0.00272092
 0.000348444  0.000417794            0    0.0065406
 -0.00115678   0.00272092   -0.0065406            0
EndNode1[0]<--->Repeater1[0]
REAL
    0.446992  -0.00820485 -0.000738163     0.404255
 -0.00820485    0.0485408 -0.000791606   0.00211726
-0.000738163 -0.000791606    0.0464562   0.00805161
    0.404255   0.00211726   0.00805161     0.458011
IMAGINARY
           0  -0.00187757  -0.00238682  -0.00685374
  0.00187757            0    0.0176516 -0.000748448
  0.00238682   -0.0176516            0  -0.00275068
  0.00685374  0.000748448   0.00275068            0
EndNode2[0]<--->HoM1[0]
REAL
   0.464092 -0.00304018  0.00283226     0.40314
-0.00304018   0.0437538 0.000287835  0.00238383
 0.00283226 0.000287835   0.0461678  0.00944853
    0.40314  0.00238383  0.00944853    0.445987
IMAGINARY
           0    0.0108042  -0.00357552  -0.00818564
  -0.0108042            0  0.000416837  -0.00860511
  0.00357552 -0.000416837            0  -0.00248577
  0.00818564   0.00860511   0.00248577            0
Repeater1[0]<--->EndNode1[0]
REAL
    0.446992 -0.000738163  -0.00820485     0.404255
-0.000738163    0.0464562 -0.000791606   0.00805161
 -0.00820485 -0.000791606    0.0485408   0.00211726
    0.404255   0.00805161   0.00211726     0.458011
IMAGINARY
           0  -0.00238682  -0.00187757  -0.00685374
  0.00238682            0   -0.0176516  -0.00275068
  0.00187757    0.0176516            0 -0.000748448
  0.00685374   0.00275068  0.000748448            0
Repeater1[0]<--->HoM1[0]
REAL
   0.464092  0.00283226 -0.00304018     0.40314
 0.00283226   0.0461678 0.000287835  0.00944853
-0.00304018 0.000287835   0.0437538  0.00238383
    0.40314  0.00944853  0.00238383    0.445987
IMAGINARY
           0  -0.00357552    0.0108042  -0.00818564
  0.00357552            0 -0.000416837  -0.00248577
  -0.0108042  0.000416837            0  -0.00860511
  0.00818564   0.00248577   0.00860511            0
EndNode1[0]<--->Repeater1[0]
REAL
   0.438212  0.00839025 -0.00240646    0.401766
 0.00839025   0.0503899 0.000740611  0.00332333
-0.00240646 0.000740611   0.0485903  0.00200095
   0.401766  0.00332333  0.00200095    0.462807
IMAGINARY
          0 -0.00161807 -0.00501246   0.0051825
 0.00161807           0 -0.00413617 -0.00333307
 0.00501246  0.00413617           0  0.00352143
 -0.0051825  0.00333307 -0.00352143           0
EndNode2[0]<--->HoM1[0]
REAL
     0.45782   0.00401027  -0.00448439     0.401741
  0.00401027     0.052837  -0.00204936   0.00139797
 -0.00448439  -0.00204936    0.0459322 -0.000615212
    0.401741   0.00139797 -0.000615212      0.44341
IMAGINARY
          0 -0.00651652  0.00171763  -0.0144044
 0.00651652           0 -0.00732147  0.00586255
-0.00171763  0.00732147           0  0.00418416
  0.0144044 -0.00586255 -0.00418416           0
Repeater1[0]<--->EndNode1[0]
REAL
   0.438212 -0.00240646  0.00839025    0.401766
-0.00240646   0.0485903 0.000740611  0.00200095
 0.00839025 0.000740611   0.0503899  0.00332333
   0.401766  0.00200095  0.00332333    0.462807
IMAGINARY
          0 -0.00501246 -0.00161807   0.0051825
 0.00501246           0  0.00413617  0.00352143
 0.00161807 -0.00413617           0 -0.00333307
 -0.0051825 -0.00352143  0.00333307           0
Repeater1[0]<--->HoM1[0]
REAL
     0.45782  -0.00448439   0.00401027     0.401741
 -0.00448439    0.0459322  -0.00204936 -0.000615212
  0.00401027  -0.00204936     0.052837   0.00139797
    0.401741 -0.000615212   0.00139797      0.44341
IMAGINARY
          0  0.00171763 -0.00651652  -0.0144044
-0.00171763           0  0.00732147  0.00418416
 0.00651652 -0.00732147           0  0.00586255
  0.0144044 -0.00418416 -0.00586255           0
EndNode1[0]<--->Repeater1[0]
REAL
   0.449822 -0.00520211 -0.00510251    0.402126
-0.00520211   0.0489905 -0.00374944   0.0117171
-0.00510251 -0.00374944   0.0489905  0.00640476
   0.402126   0.0117171  0.00640476    0.452197
IMAGINARY
           0   0.00815939   0.00316829  -0.00570934
 -0.00815939            0 -0.000134227  -0.00316829
 -0.00316829  0.000134227            0  -0.00216419
  0.00570934   0.00316829   0.00216419            0
EndNode2[0]<--->HoM1[0]
REAL
   0.447712  0.00110704 -0.00155791    0.399968
 0.00110704   0.0531788  0.00155163  0.00429347
-0.00155791  0.00155163   0.0475342 -0.00201889
   0.399968  0.00429347 -0.00201889    0.451575
IMAGINARY
           0  -0.00285142   -0.0043652  0.000943622
  0.00285142            0   0.00260878   0.00212439
   0.0043652  -0.00260878            0  -0.00626122
-0.000943622  -0.00212439   0.00626122            0
Repeater1[0]<--->EndNode1[0]
REAL
   0.449822 -0.00510251 -0.00520211    0.402126
-0.00510251   0.0489905 -0.00374944  0.00640476
-0.00520211 -0.00374944   0.0489905   0.0117171
   0.402126  0.00640476   0.0117171    0.452197
IMAGINARY
           0   0.00316829   0.00815939  -0.00570934
 -0.00316829            0  0.000134227  -0.00216419
 -0.00815939 -0.000134227            0  -0.00316829
  0.00570934   0.00216419   0.00316829            0
Repeater1[0]<--->HoM1[0]
REAL
   0.447712 -0.00155791  0.00110704    0.399968
-0.00155791   0.0475342  0.00155163 -0.00201889
 0.00110704  0.00155163   0.0531788  0.00429347
   0.399968 -0.00201889  0.00429347    0.451575
IMAGINARY
           0   -0.0043652  -0.00285142  0.000943622
   0.0043652            0  -0.00260878  -0.00626122
  0.00285142   0.00260878            0   0.00212439
-0.000943622   0.00626122  -0.00212439            0
EndNode1[0]<--->Repeater1[0]
REAL
   0.440048  0.00843042  0.00825415    0.409266
 0.00843042   0.0489278 -0.00276039 -0.00507714
 0.00825415 -0.00276039   0.0501359  0.00352117
   0.409266 -0.00507714  0.00352117    0.460888
IMAGINARY
           0   -0.0015885  -0.00645953  -0.00660819
   0.0015885            0 -0.000594694   0.00971782
  0.00645953  0.000594694            0    0.0015885
  0.00660819  -0.00971782   -0.0015885            0
EndNode2[0]<--->HoM1[0]
REAL
   0.446102 -0.00254851  0.00346324    0.408483
-0.00254851   0.0499391 -0.00184393 -0.00553793
 0.00346324 -0.00184393   0.0435445  0.00373405
   0.408483 -0.00553793  0.00373405    0.460414
IMAGINARY
          0 -0.00218341  0.00595346 -0.00547169
 0.00218341           0  0.00531967 -0.00118054
-0.00595346 -0.00531967           0 -0.00143244
 0.00547169  0.00118054  0.00143244           0
Repeater1[0]<--->EndNode1[0]
REAL
   0.440048  0.00825415  0.00843042    0.409266
 0.00825415   0.0501359 -0.00276039  0.00352117
 0.00843042 -0.00276039   0.0489278 -0.00507714
   0.409266  0.00352117 -0.00507714    0.460888
IMAGINARY
           0  -0.00645953   -0.0015885  -0.00660819
  0.00645953            0  0.000594694    0.0015885
   0.0015885 -0.000594694            0   0.00971782
  0.00660819   -0.0015885  -0.00971782            0
Repeater1[0]<--->HoM1[0]
REAL
   0.446102  0.00346324 -0.00254851    0.408483
 0.00346324   0.0435445 -0.00184393  0.00373405
-0.00254851 -0.00184393   0.0499391 -0.00553793
   0.408483  0.00373405 -0.00553793    0.460414
IMAGINARY
          0  0.00595346 -0.00218341 -0.00547169
-0.00595346           0 -0.00531967 -0.00143244
 0.00218341  0.00531967           0 -0.00118054
 0.00547169  0.00143244  0.00118054           0
EndNode1[0]<--->Repeater1[0]
REAL
   0.448595 0.000543362 -0.00894738    0.409163
0.000543362   0.0478183  0.00510586  0.00744858
-0.00894738  0.00510586   0.0508069 -0.00503976
   0.409163  0.00744858 -0.00503976    0.452779
IMAGINARY
           0    0.0059676  0.000149601  -0.00141793
  -0.0059676            0  -0.00256736 -0.000593783
-0.000149601   0.00256736            0  -0.00493118
  0.00141793  0.000593783   0.00493118            0
EndNode2[0]<--->HoM1[0]
REAL
   0.448592  0.00332917  0.00360799    0.399808
 0.00332917   0.0544676 -0.00483892  0.00448263
 0.00360799 -0.00483892   0.0538556   0.0015252
   0.399808  0.00448263   0.0015252    0.443084
IMAGINARY
          0  0.00725326 -0.00432574 -0.00466358
-0.00725326           0 -0.00818795  0.00251524
 0.00432574  0.00818795           0 -0.00302876
 0.00466358 -0.00251524  0.00302876           0
Repeater1[0]<--->EndNode1[0]
REAL
   0.448595 -0.00894738 0.000543362    0.409163
-0.00894738   0.0508069  0.00510586 -0.00503976
0.000543362  0.00510586   0.0478183  0.00744858
   0.409163 -0.00503976  0.00744858    0.452779
IMAGINARY
           0  0.000149601    0.0059676  -0.00141793
-0.000149601            0   0.00256736  -0.00493118
  -0.0059676  -0.00256736            0 -0.000593783
  0.00141793   0.00493118  0.000593783            0
Repeater1[0]<--->HoM1[0]
REAL
   0.448592  0.00360799  0.00332917    0.399808
 0.00360799   0.0538556 -0.00483892   0.0015252
 0.00332917 -0.00483892   0.0544676  0.00448263
   0.399808   0.0015252  0.00448263    0.443084
IMAGINARY
          0 -0.00432574  0.00725326 -0.00466358
 0.00432574           0  0.00818795 -0.00302876
-0.00725326 -0.00818795           0  0.00251524
 0.00466358  0.00302876 -0.00251524           0
EndNode1[0]<--->Repeater1[0]
REAL
   0.462375  0.00509961  0.00126071    0.402938
 0.00509961   0.0435177 -0.00427535  0.00156246
 0.00126071 -0.00427535   0.0471442 0.000992518
   0.402938  0.00156246 0.000992518    0.446963
IMAGINARY
           0  -0.00583161   0.00249885   0.00476964
  0.00583161            0  -0.00933787   0.00722878
 -0.00249885   0.00933787            0 -0.000304275
 -0.00476964  -0.00722878  0.000304275            0
EndNode2[0]<--->HoM1[0]
REAL
    0.440227  -0.00857449 -0.000834694     0.404775
 -0.00857449    0.0490137  0.000127074   0.00378803
-0.000834694  0.000127074    0.0436342   0.00148648
    0.404775   0.00378803   0.00148648     0.467125
IMAGINARY
          0 -0.00386943  0.00179358  -0.0087102
 0.00386943           0  0.00794637  0.00059021
-0.00179358 -0.00794637           0   -0.002686
  0.0087102 -0.00059021    0.002686           0
Repeater1[0]<--->EndNode1[0]
REAL
   0.462375  0.00126071  0.00509961    0.402938
 0.00126071   0.0471442 -0.00427535 0.000992518
 0.00509961 -0.00427535   0.0435177  0.00156246
   0.402938 0.000992518  0.00156246    0.446963
IMAGINARY
           0   0.00249885  -0.00583161   0.00476964
 -0.00249885            0   0.00933787 -0.000304275
  0.00583161  -0.00933787            0   0.00722878
 -0.00476964  0.000304275  -0.00722878            0
Repeater1[0]<--->HoM1[0]
REAL
    0.440227 -0.000834694  -0.00857449     0.404775
-0.000834694    0.0436342  0.000127074   0.00148648
 -0.00857449  0.000127074    0.0490137   0.00378803
    0.404775   0.00148648   0.00378803     0.467125
IMAGINARY
          0  0.00179358 -0.00386943  -0.0087102
-0.00179358           0 -0.00794637   -0.002686
 0.00386943  0.00794637           0  0.00059021
  0.0087102    0.002686 -0.00059021           0
EndNode1[0]<--->Repeater1[0]
REAL
    0.465422   0.00708407   0.00399794     0.400031
  0.00708407    0.0437576   0.00133142   0.00103761
  0.00399794   0.00133142    0.0462056 -0.000567486
    0.400031   0.00103761 -0.000567486     0.444614
IMAGINARY
          0 -0.00264993  0.00572201  0.00659831
 0.00264993           0  0.00167734 -0.00950187
-0.00572201 -0.00167734           0   0.0061274
-0.00659831  0.00950187  -0.0061274           0
EndNode2[0]<--->HoM1[0]
REAL
   0.441888  0.00513018  -0.0015501    0.402116
 0.00513018   0.0460239 0.000784703  0.00539854
 -0.0015501 0.000784703   0.0454413 -0.00246588
   0.402116  0.00539854 -0.00246588    0.466647
IMAGINARY
           0  -0.00185899   0.00362867 -0.000267912
  0.00185899            0   0.00312506  -0.00181269
 -0.00362867  -0.00312506            0   0.00367497
 0.000267912   0.00181269  -0.00367497            0
Repeater1[0]<--->EndNode1[0]
REAL
    0.465422   0.00399794   0.00708407     0.400031
  0.00399794    0.0462056   0.00133142 -0.000567486
  0.00708407   0.00133142    0.0437576   0.00103761
    0.400031 -0.000567486   0.00103761     0.444614
IMAGINARY
          0  0.00572201 -0.00264993  0.00659831
-0.00572201           0 -0.00167734   0.0061274
 0.00264993  0.00167734           0 -0.00950187
-0.00659831  -0.0061274  0.00950187           0
Repeater1[0]<--->HoM1[0]
REAL
   0.441888  -0.0015501  0.00513018    0.402116
 -0.0015501   0.0454413 0.000784703 -0.00246588
 0.00513018 0.000784703   0.0460239  0.00539854
   0.402116 -0.00246588  0.00539854    0.466647
IMAGINARY
           0   0.00362867  -0.00185899 -0.000267912
 -0.00362867            0  -0.00312506   0.00367497
  0.00185899   0.00312506            0  -0.00181269
 0.000267912  -0.00367497   0.00181269            0
EndNode1[0]<--->Repeater1[0]
REAL
   0.454518  0.00507885  0.00361278    0.399384
 0.00507885   0.0442693 -0.00394685  0.00228024
 0.00361278 -0.00394685   0.0463918 -0.00462554
   0.399384  0.00228024 -0.00462554    0.454821
IMAGINARY
           0  -0.00670821   0.00414789   0.00444159
  0.00670821            0  -0.00201293 -0.000463834
 -0.00414789   0.00201293            0   0.00302415
 -0.00444159  0.000463834  -0.00302415            0
EndNode2[0]<--->HoM1[0]
REAL
   0.458497 -0.00536787  -0.0053563    0.404826
-0.00536787   0.0419559  0.00712928 -0.00288869
 -0.0053563  0.00712928   0.0501056 -0.00670516
   0.404826 -0.00288869 -0.00670516    0.449442
IMAGINARY
           0   0.00217509  0.000181649    0.0022386
 -0.00217509            0   0.00358551   0.00236098
-0.000181649  -0.00358551            0   0.00605106
  -0.0022386  -0.00236098  -0.00605106            0
Repeater1[0]<--->EndNode1[0]
REAL
   0.454518  0.00361278  0.00507885    0.399384
 0.00361278   0.0463918 -0.00394685 -0.00462554
 0.00507885 -0.00394685   0.0442693  0.00228024
   0.399384 -0.00462554  0.00228024    0.454821
IMAGINARY
           0   0.00414789  -0.00670821   0.00444159
 -0.00414789            0   0.00201293   0.00302415
  0.00670821  -0.00201293            0 -0.000463834
 -0.00444159  -0.00302415  0.000463834            0
Repeater1[0]<--->HoM1[0]
REAL
   0.458497  -0.0053563 -0.00536787    0.404826
 -0.0053563   0.0501056  0.00712928 -0.00670516
-0.00536787  0.00712928   0.0419559 -0.00288869
   0.404826 -0.00670516 -0.00288869    0.449442
IMAGINARY
           0  0.000181649   0.00217509    0.0022386
-0.000181649            0  -0.00358551   0.00605106
 -0.00217509   0.00358551            0   0.00236098
  -0.0022386  -0.00605106  -0.00236098            0
EndNode1[0]<--->Repeater1[0]
REAL
   0.453892 -0.00705839 -0.00785138    0.405045
-0.00705839   0.0401198 -0.00513633 -0.00872909
-0.00785138 -0.00513633   0.0401198 -0.00313327
   0.405045 -0.00872909 -0.00313327    0.465868
IMAGINARY
          0  0.00392342  -0.0117159 -0.00142226
-0.00392342           0 -0.00535689  0.00791251
  0.0117159  0.00535689           0  0.00836446
 0.00142226 -0.00791251 -0.00836446           0
EndNode2[0]<--->HoM1[0]
REAL
    0.446154 -0.000374808  -0.00249418     0.407038
-0.000374808    0.0467456   0.00254487  0.000541642
 -0.00249418   0.00254487    0.0488166 -0.000676558
    0.407038  0.000541642 -0.000676558     0.458284
IMAGINARY
           0  0.000940729   -0.0116173  -0.00126788
-0.000940729            0    0.0143663   0.00492289
   0.0116173   -0.0143663            0   0.00486112
  0.00126788  -0.00492289  -0.00486112            0
Repeater1[0]<--->EndNode1[0]
REAL
   0.453892 -0.00785138 -0.00705839    0.405045
-0.00785138   0.0401198 -0.00513633 -0.00313327
-0.00705839 -0.00513633   0.0401198 -0.00872909
   0.405045 -0.00313327 -0.00872909    0.465868
IMAGINARY
          0  -0.0117159  0.00392342 -0.00142226
  0.0117159           0  0.00535689  0.00836446
-0.00392342 -0.00535689           0  0.00791251
 0.00142226 -0.00836446 -0.00791251           0
Repeater1[0]<--->HoM1[0]
REAL
    0.446154  -0.00249418 -0.000374808     0.407038
