EndNode1[0]<--->Repeater1[0]
REAL
   0.399156 -0.00109881  0.00483787    0.297935
-0.00109881   0.0955683  0.00206525  0.00194946
 0.00483787  0.00206525    0.103105 0.000947977
   0.297935  0.00194946 0.000947977    0.402171
IMAGINARY
           0   0.00628282   0.00424784   -0.0152095
 -0.00628282            0  -0.00470724 -0.000805758
 -0.00424784   0.00470724            0   -0.0019428
   0.0152095  0.000805758    0.0019428            0
EndNode2[0]<--->HoM1[0]
REAL
    0.382147  -0.00347528  -0.00538684     0.296822
 -0.00347528     0.106476 -0.000466968   -0.0118246
 -0.00538684 -0.000466968     0.102392  -0.00332252
    0.296822   -0.0118246  -0.00332252     0.408985
IMAGINARY
           0   0.00158017   0.00447323  -0.00168749
 -0.00158017            0  -0.00840591  0.000346049
 -0.00447323   0.00840591            0  -0.00609824
  0.00168749 -0.000346049   0.00609824            0
Repeater1[0]<--->EndNode1[0]
REAL
   0.399156  0.00483787 -0.00109881    0.297935
 0.00483787    0.103105  0.00206525 0.000947977
-0.00109881  0.00206525   0.0955683  0.00194946
   0.297935 0.000947977  0.00194946    0.402171
IMAGINARY
           0   0.00424784   0.00628282   -0.0152095
 -0.00424784            0   0.00470724   -0.0019428
 -0.00628282  -0.00470724            0 -0.000805758
   0.0152095    0.0019428  0.000805758            0
Repeater1[0]<--->HoM1[0]
REAL
    0.382147  -0.00538684  -0.00347528     0.296822
 -0.00538684     0.102392 -0.000466968  -0.00332252
 -0.00347528 -0.000466968     0.106476   -0.0118246
    0.296822  -0.00332252   -0.0118246     0.408985
IMAGINARY
           0   0.00447323   0.00158017  -0.00168749
 -0.00447323            0   0.00840591  -0.00609824
 -0.00158017  -0.00840591            0  0.000346049
  0.00168749   0.00609824 -0.000346049            0
EndNode1[0]<--->Repeater1[0]
REAL
   0.396699  0.00803283  0.00676249    0.296728
 0.00803283   0.0946065 -0.00351115   0.0112447
 0.00676249 -0.00351115   0.0966696  0.00187113
   0.296728   0.0112447  0.00187113    0.412025
IMAGINARY
           0  0.000276164 -4.39877e-05  -0.00727267
-0.000276164            0  -0.00956135   0.00977744
 4.39877e-05   0.00956135            0    -0.012705
  0.00727267  -0.00977744     0.012705            0
EndNode2[0]<--->HoM1[0]
REAL
   0.399639 -0.00610855   0.0100282    0.295271
-0.00610855    0.101562  0.00425786  -0.0031103
  0.0100282  0.00425786   0.0985577  0.00978827
   0.295271  -0.0031103  0.00978827     0.40024
IMAGINARY
           0   0.00299949   0.00709763 -0.000698518
 -0.00299949            0   0.00265106  -0.00619293
 -0.00709763  -0.00265106            0   1.6194e-05
 0.000698518   0.00619293  -1.6194e-05            0
Repeater1[0]<--->EndNode1[0]
REAL
   0.396699  0.00676249  0.00803283    0.296728
 0.00676249   0.0966696 -0.00351115  0.00187113
 0.00803283 -0.00351115   0.0946065   0.0112447
   0.296728  0.00187113   0.0112447    0.412025
IMAGINARY
           0 -4.39877e-05  0.000276164  -0.00727267
 4.39877e-05            0   0.00956135    -0.012705
-0.000276164  -0.00956135            0   0.00977744
  0.00727267     0.012705  -0.00977744            0
Repeater1[0]<--->HoM1[0]
REAL
   0.399639   0.0100282 -0.00610855    0.295271
  0.0100282   0.0985577  0.00425786  0.00978827
-0.00610855  0.00425786    0.101562  -0.0031103
   0.295271  0.00978827  -0.0031103     0.40024
IMAGINARY
           0   0.00709763   0.00299949 -0.000698518
 -0.00709763            0  -0.00265106   1.6194e-05
 -0.00299949   0.00265106            0  -0.00619293
 0.000698518  -1.6194e-05   0.00619293            0
EndNode1[0]<--->Repeater1[0]
REAL
   0.400239  0.00546189 -0.00610019     0.29048
 0.00546189    0.100507  0.00524132 0.000827519
-0.00610019  0.00524132   0.0999105  0.00252244
    0.29048 0.000827519  0.00252244    0.399344
IMAGINARY
           0   0.00478753   -0.0105343  -0.00202796
 -0.00478753            0  -0.00142446 -0.000355008
   0.0105343   0.00142446            0  -0.00115777
  0.00202796  0.000355008   0.00115777            0
EndNode2[0]<--->HoM1[0]
REAL
    0.389867  -0.00190323   0.00355127     0.290783
 -0.00190323     0.101328 -0.000460048  -0.00265521
  0.00355127 -0.000460048    0.0997838   -0.0109403
    0.290783  -0.00265521   -0.0109403     0.409021
IMAGINARY
           0  -0.00240195   0.00160041   -0.0168459
  0.00240195            0  0.000736157   0.00564596
 -0.00160041 -0.000736157            0   -0.0113199
   0.0168459  -0.00564596    0.0113199            0
Repeater1[0]<--->EndNode1[0]
REAL
   0.400239 -0.00610019  0.00546189     0.29048
-0.00610019   0.0999105  0.00524132  0.00252244
 0.00546189  0.00524132    0.100507 0.000827519
    0.29048  0.00252244 0.000827519    0.399344
IMAGINARY
           0   -0.0105343   0.00478753  -0.00202796
   0.0105343            0   0.00142446  -0.00115777
 -0.00478753  -0.00142446            0 -0.000355008
  0.00202796   0.00115777  0.000355008            0
Repeater1[0]<--->HoM1[0]
REAL
    0.389867   0.00355127  -0.00190323     0.290783
  0.00355127    0.0997838 -0.000460048   -0.0109403
 -0.00190323 -0.000460048     0.101328  -0.00265521
    0.290783   -0.0109403  -0.00265521     0.409021
IMAGINARY
           0   0.00160041  -0.00240195   -0.0168459
 -0.00160041            0 -0.000736157   -0.0113199
  0.00240195  0.000736157            0   0.00564596
   0.0168459    0.0113199  -0.00564596            0
EndNode1[0]<--->Repeater1[0]
REAL
    0.398923  -0.00888673  -0.00443106     0.297055
 -0.00888673     0.102273 -0.000714859   -0.0023576
 -0.00443106 -0.000714859     0.100179   0.00563998
    0.297055   -0.0023576   0.00563998     0.398624
IMAGINARY
           0 -0.000670986    0.0102672   -0.0077169
 0.000670986            0   0.00177865  -0.00303391
  -0.0102672  -0.00177865            0   0.00458901
   0.0077169   0.00303391  -0.00458901            0
EndNode2[0]<--->HoM1[0]
REAL
    0.404307  -0.00394925 -0.000470247      0.30623
 -0.00394925     0.103124  0.000798389   0.00225703
-0.000470247  0.000798389     0.101304   0.00275807
     0.30623   0.00225703   0.00275807     0.391265
IMAGINARY
          0  0.00840629 -0.00155384  0.00718065
-0.00840629           0  -0.0115786  -0.0111289
 0.00155384   0.0115786           0  0.00427649
-0.00718065   0.0111289 -0.00427649           0
Repeater1[0]<--->EndNode1[0]
REAL
    0.398923  -0.00443106  -0.00888673     0.297055
 -0.00443106     0.100179 -0.000714859   0.00563998
 -0.00888673 -0.000714859     0.102273   -0.0023576
    0.297055   0.00563998   -0.0023576     0.398624
IMAGINARY
           0    0.0102672 -0.000670986   -0.0077169
  -0.0102672            0  -0.00177865   0.00458901
 0.000670986   0.00177865            0  -0.00303391
   0.0077169  -0.00458901   0.00303391            0
Repeater1[0]<--->HoM1[0]
REAL
    0.404307 -0.000470247  -0.00394925      0.30623
-0.000470247     0.101304  0.000798389   0.00275807
 -0.00394925  0.000798389     0.103124   0.00225703
     0.30623   0.00275807   0.00225703     0.391265
IMAGINARY
          0 -0.00155384  0.00840629  0.00718065
 0.00155384           0   0.0115786  0.00427649
-0.00840629  -0.0115786           0  -0.0111289
-0.00718065 -0.00427649   0.0111289           0
EndNode1[0]<--->Repeater1[0]
REAL
   0.401981 -0.00175659 -0.00574332    0.306875
-0.00175659     0.10603 0.000520539  0.00743823
-0.00574332 0.000520539    0.100495  0.00252701
   0.306875  0.00743823  0.00252701    0.391494
IMAGINARY
           0   -0.0056494   0.00816778   0.00314361
   0.0056494            0   -0.0037385 -0.000374014
 -0.00816778    0.0037385            0  -0.00214437
 -0.00314361  0.000374014   0.00214437            0
EndNode2[0]<--->HoM1[0]
REAL
    0.396301  -0.00172341  -0.00911855     0.293226
 -0.00172341     0.104609 -0.000698808  -0.00303212
 -0.00911855 -0.000698808     0.100061  -0.00526323
    0.293226  -0.00303212  -0.00526323      0.39903
IMAGINARY
          0  0.00377953  -0.0103091 -0.00524155
-0.00377953           0 -0.00359237  -0.0057719
  0.0103091  0.00359237           0   0.0099191
 0.00524155   0.0057719  -0.0099191           0
Repeater1[0]<--->EndNode1[0]
REAL
   0.401981 -0.00574332 -0.00175659    0.306875
-0.00574332    0.100495 0.000520539  0.00252701
-0.00175659 0.000520539     0.10603  0.00743823
   0.306875  0.00252701  0.00743823    0.391494
IMAGINARY
           0   0.00816778   -0.0056494   0.00314361
 -0.00816778            0    0.0037385  -0.00214437
   0.0056494   -0.0037385            0 -0.000374014
 -0.00314361   0.00214437  0.000374014            0
Repeater1[0]<--->HoM1[0]
REAL
    0.396301  -0.00911855  -0.00172341     0.293226
 -0.00911855     0.100061 -0.000698808  -0.00526323
 -0.00172341 -0.000698808     0.104609  -0.00303212
    0.293226  -0.00526323  -0.00303212      0.39903
IMAGINARY
          0  -0.0103091  0.00377953 -0.00524155
  0.0103091           0  0.00359237   0.0099191
-0.00377953 -0.00359237           0  -0.0057719
 0.00524155  -0.0099191   0.0057719           0
EndNode1[0]<--->Repeater1[0]
REAL
     0.39751   -0.0136767   -0.0177224     0.302542
  -0.0136767    0.0971758 -0.000130706  -0.00594707
  -0.0177224 -0.000130706     0.107501   0.00176846
    0.302542  -0.00594707   0.00176846     0.397814
IMAGINARY
           0    0.0104372  -0.00917653  -0.00905702
  -0.0104372            0  0.000202239  -0.00946859
  0.00917653 -0.000202239            0    0.0122477
  0.00905702   0.00946859   -0.0122477            0
EndNode2[0]<--->HoM1[0]
REAL
     0.3885 -0.00980948  0.00916447    0.293915
-0.00980948    0.101917  0.00670086 -0.00469605
 0.00916447  0.00670086    0.103134 -0.00513659
   0.293915 -0.00469605 -0.00513659     0.40645
IMAGINARY
          0  0.00336362 -0.00107891   0.0108424
-0.00336362           0  0.00339303  -0.0158161
 0.00107891 -0.00339303           0 -0.00564672
 -0.0108424   0.0158161  0.00564672           0
Repeater1[0]<--->EndNode1[0]
REAL
     0.39751   -0.0177224   -0.0136767     0.302542
  -0.0177224     0.107501 -0.000130706   0.00176846
  -0.0136767 -0.000130706    0.0971758  -0.00594707
    0.302542   0.00176846  -0.00594707     0.397814
IMAGINARY
           0  -0.00917653    0.0104372  -0.00905702
  0.00917653            0 -0.000202239    0.0122477
  -0.0104372  0.000202239            0  -0.00946859
  0.00905702   -0.0122477   0.00946859            0
Repeater1[0]<--->HoM1[0]
REAL
     0.3885  0.00916447 -0.00980948    0.293915
 0.00916447    0.103134  0.00670086 -0.00513659
-0.00980948  0.00670086    0.101917 -0.00469605
   0.293915 -0.00513659 -0.00469605     0.40645
IMAGINARY
          0 -0.00107891  0.00336362   0.0108424
 0.00107891           0 -0.00339303 -0.00564672
-0.00336362  0.00339303           0  -0.0158161
 -0.0108424  0.00564672   0.0158161           0
EndNode1[0]<--->Repeater1[0]
REAL
   0.392634  0.00422341  0.00126224    0.299387
 0.00422341    0.101436 -0.00365653  0.00214719
 0.00126224 -0.00365653   0.0970662  0.00244721
   0.299387  0.00214719  0.00244721    0.408864
IMAGINARY
          0 -0.00619713  0.00963533  0.00610767
 0.00619713           0  -0.0142945 -0.00471143
-0.00963533   0.0142945           0  0.00485425
-0.00610767  0.00471143 -0.00485425           0
EndNode2[0]<--->HoM1[0]
REAL
   0.395827  0.00590761 -0.00545567    0.306076
 0.00590761    0.104918 -0.00810509  0.00262069
-0.00545567 -0.00810509   0.0968703 -0.00665366
   0.306076  0.00262069 -0.00665366    0.402385
IMAGINARY
          0  -0.0031896  0.00563105 -0.00629698
  0.0031896           0  0.00121849  -0.0062423
-0.00563105 -0.00121849           0  0.00135586
 0.00629698   0.0062423 -0.00135586           0
Repeater1[0]<--->EndNode1[0]
REAL
   0.392634  0.00126224  0.00422341    0.299387
 0.00126224   0.0970662 -0.00365653  0.00244721
 0.00422341 -0.00365653    0.101436  0.00214719
   0.299387  0.00244721  0.00214719    0.408864
IMAGINARY
          0  0.00963533 -0.00619713  0.00610767
-0.00963533           0   0.0142945  0.00485425
 0.00619713  -0.0142945           0 -0.00471143
-0.00610767 -0.00485425  0.00471143           0
Repeater1[0]<--->HoM1[0]
REAL
   0.395827 -0.00545567  0.00590761    0.306076
-0.00545567   0.0968703 -0.00810509 -0.00665366
 0.00590761 -0.00810509    0.104918  0.00262069
   0.306076 -0.00665366  0.00262069    0.402385
IMAGINARY
          0  0.00563105  -0.0031896 -0.00629698
-0.00563105           0 -0.00121849  0.00135586
  0.0031896  0.00121849           0  -0.0062423
 0.00629698 -0.00135586   0.0062423           0
EndNode1[0]<--->Repeater1[0]
REAL
    0.399706  -0.00494268 -0.000401534     0.285341
 -0.00494268        0.105  -0.00358066    0.0114425
-0.000401534  -0.00358066     0.101765    0.0139762
    0.285341    0.0114425    0.0139762     0.393529
IMAGINARY
           0 -0.000273233  0.000149701   0.00219755
 0.000273233            0   0.00128625  -0.00613772
-0.000149701  -0.00128625            0   0.00775826
 -0.00219755   0.00613772  -0.00775826            0
EndNode2[0]<--->HoM1[0]
REAL
    0.389671  -0.00518801  0.000124328     0.298128
 -0.00518801     0.114143 -0.000123336   0.00214359
 0.000124328 -0.000123336    0.0938967 -0.000406183
    0.298128   0.00214359 -0.000406183     0.402289
IMAGINARY
           0  0.000435463  0.000668503  -0.00235284
-0.000435463            0 -0.000394416   -0.0142391
-0.000668503  0.000394416            0     0.010421
  0.00235284    0.0142391    -0.010421            0
Repeater1[0]<--->EndNode1[0]
REAL
    0.399706 -0.000401534  -0.00494268     0.285341
-0.000401534     0.101765  -0.00358066    0.0139762
 -0.00494268  -0.00358066        0.105    0.0114425
    0.285341    0.0139762    0.0114425     0.393529
IMAGINARY
           0  0.000149701 -0.000273233   0.00219755
-0.000149701            0  -0.00128625   0.00775826
 0.000273233   0.00128625            0  -0.00613772
 -0.00219755  -0.00775826   0.00613772            0
Repeater1[0]<--->HoM1[0]
REAL
    0.389671  0.000124328  -0.00518801     0.298128
 0.000124328    0.0938967 -0.000123336 -0.000406183
 -0.00518801 -0.000123336     0.114143   0.00214359
    0.298128 -0.000406183   0.00214359     0.402289
IMAGINARY
           0  0.000668503  0.000435463  -0.00235284
-0.000668503            0  0.000394416     0.010421
-0.000435463 -0.000394416            0   -0.0142391
  0.00235284    -0.010421    0.0142391            0
EndNode1[0]<--->Repeater1[0]
REAL
  0.410423 0.00842954 0.00667537   0.301095
0.00842954  0.0974237 0.00575364 0.00488966
0.00667537 0.00575364  0.0944625 0.00223432
  0.301095 0.00488966 0.00223432    0.39769
IMAGINARY
           0   0.00148358  -0.00285794  0.000887439
 -0.00148358            0  -0.00163706    -0.002111
  0.00285794   0.00163706            0  -0.00179414
-0.000887439     0.002111   0.00179414            0
EndNode2[0]<--->HoM1[0]
REAL
    0.40096  -0.0054974 -0.00583348    0.296173
 -0.0054974    0.101741  0.00341238 -0.00824894
-0.00583348  0.00341238    0.108343 -0.00324852
   0.296173 -0.00824894 -0.00324852    0.388956
IMAGINARY
           0   0.00178316  -0.00187682 -0.000743154
 -0.00178316            0  -0.00270512  0.000821017
  0.00187682   0.00270512            0  -0.00344228
 0.000743154 -0.000821017   0.00344228            0
Repeater1[0]<--->EndNode1[0]
REAL
  0.410423 0.00667537 0.00842954   0.301095
0.00667537  0.0944625 0.00575364 0.00223432
0.00842954 0.00575364  0.0974237 0.00488966
  0.301095 0.00223432 0.00488966    0.39769
IMAGINARY
           0  -0.00285794   0.00148358  0.000887439
  0.00285794            0   0.00163706  -0.00179414
 -0.00148358  -0.00163706            0    -0.002111
-0.000887439   0.00179414     0.002111            0
Repeater1[0]<--->HoM1[0]
REAL
    0.40096 -0.00583348  -0.0054974    0.296173
-0.00583348    0.108343  0.00341238 -0.00324852
 -0.0054974  0.00341238    0.101741 -0.00824894
   0.296173 -0.00324852 -0.00824894    0.388956
IMAGINARY
           0  -0.00187682   0.00178316 -0.000743154
  0.00187682            0   0.00270512  -0.00344228
 -0.00178316  -0.00270512            0  0.000821017
 0.000743154   0.00344228 -0.000821017            0
EndNode1[0]<--->Repeater1[0]
REAL
    0.390815    0.0034648  -0.00594722     0.306576
   0.0034648     0.110815   0.00183904   0.00937903
 -0.00594722   0.00183904    0.0951111 -0.000629828
    0.306576   0.00937903 -0.000629828     0.403259
IMAGINARY
          0  0.00297538 -0.00642788  0.00508966
-0.00297538           0  0.00776187  0.00961646
 0.00642788 -0.00776187           0  -0.0107191
-0.00508966 -0.00961646   0.0107191           0
EndNode2[0]<--->HoM1[0]
REAL
   0.392484  0.00497634  0.00221896    0.306487
 0.00497634    0.108559 -0.00340362 0.000980572
 0.00221896 -0.00340362      0.1017 -0.00148594
   0.306487 0.000980572 -0.00148594    0.397256
IMAGINARY
           0   0.00194761   0.00570507  0.000515372
 -0.00194761            0   0.00681337   0.00214213
 -0.00570507  -0.00681337            0 -0.000318941
-0.000515372  -0.00214213  0.000318941            0
Repeater1[0]<--->EndNode1[0]
REAL
    0.390815  -0.00594722    0.0034648     0.306576
 -0.00594722    0.0951111   0.00183904 -0.000629828
   0.0034648   0.00183904     0.110815   0.00937903
    0.306576 -0.000629828   0.00937903     0.403259
IMAGINARY
          0 -0.00642788  0.00297538  0.00508966
 0.00642788           0 -0.00776187  -0.0107191
-0.00297538  0.00776187           0  0.00961646
-0.00508966   0.0107191 -0.00961646           0
Repeater1[0]<--->HoM1[0]
REAL
   0.392484  0.00221896  0.00497634    0.306487
 0.00221896      0.1017 -0.00340362 -0.00148594
 0.00497634 -0.00340362    0.108559 0.000980572
   0.306487 -0.00148594 0.000980572    0.397256
IMAGINARY
           0   0.00570507   0.00194761  0.000515372
 -0.00570507            0  -0.00681337 -0.000318941
 -0.00194761   0.00681337            0   0.00214213
-0.000515372  0.000318941  -0.00214213            0
EndNode1[0]<--->Repeater1[0]
REAL
   0.386425 -0.00729566 0.000230788    0.297756
-0.00729566    0.101357  0.00381171 -0.00535745
0.000230788  0.00381171   0.0956259  0.00156586
   0.297756 -0.00535745  0.00156586    0.416591
IMAGINARY
          0  0.00207706 -0.00642193  -0.0052427
-0.00207706           0 -0.00182922 -0.00445402
 0.00642193  0.00182922           0  0.00438973
  0.0052427  0.00445402 -0.00438973           0
EndNode2[0]<--->HoM1[0]
REAL
    0.406306 -0.000443478    0.0101156     0.294891
-0.000443478       0.1047   0.00206809  -0.00176738
   0.0101156   0.00206809    0.0925045  -0.00223989
    0.294891  -0.00176738  -0.00223989      0.39649
IMAGINARY
           0 -0.000917931   0.00521505    0.0018226
 0.000917931            0   -0.0018226  -0.00340564
 -0.00521505    0.0018226            0     0.007854
  -0.0018226   0.00340564    -0.007854            0
Repeater1[0]<--->EndNode1[0]
REAL
   0.386425 0.000230788 -0.00729566    0.297756
0.000230788   0.0956259  0.00381171  0.00156586
-0.00729566  0.00381171    0.101357 -0.00535745
   0.297756  0.00156586 -0.00535745    0.416591
IMAGINARY
          0 -0.00642193  0.00207706  -0.0052427
 0.00642193           0  0.00182922  0.00438973
-0.00207706 -0.00182922           0 -0.00445402
  0.0052427 -0.00438973  0.00445402           0
Repeater1[0]<--->HoM1[0]
REAL
    0.406306    0.0101156 -0.000443478     0.294891
   0.0101156    0.0925045   0.00206809  -0.00223989
-0.000443478   0.00206809       0.1047  -0.00176738
    0.294891  -0.00223989  -0.00176738      0.39649
IMAGINARY
           0   0.00521505 -0.000917931    0.0018226
 -0.00521505            0    0.0018226     0.007854
 0.000917931   -0.0018226            0  -0.00340564
  -0.0018226    -0.007854   0.00340564            0
EndNode1[0]<--->Repeater1[0]
REAL
   0.398721  0.00294318 -0.00289687    0.304425
 0.00294318    0.104911  0.00149396  0.00663519
-0.00289687  0.00149396    0.102005 -0.00636997
   0.304425  0.00663519 -0.00636997    0.394362
IMAGINARY
           0  -0.00354459   -0.0101928  -0.00846457
  0.00354459            0  0.000975051  -0.00025307
   0.0101928 -0.000975051            0   0.00276504
  0.00846457   0.00025307  -0.00276504            0
EndNode2[0]<--->HoM1[0]
REAL
   0.408785 -0.00263055 -0.00812301    0.291441
-0.00263055   0.0983895  0.00769774 -0.00556508
-0.00812301  0.00769774    0.100146 0.000938758
   0.291441 -0.00556508 0.000938758    0.392679
IMAGINARY
          0 -0.00232946 -0.00602722 -0.00286758
 0.00232946           0  0.00867088   0.0129258
 0.00602722 -0.00867088           0  -0.0132674
 0.00286758  -0.0129258   0.0132674           0
Repeater1[0]<--->EndNode1[0]
REAL
   0.398721 -0.00289687  0.00294318    0.304425
-0.00289687    0.102005  0.00149396 -0.00636997
 0.00294318  0.00149396    0.104911  0.00663519
   0.304425 -0.00636997  0.00663519    0.394362
IMAGINARY
           0   -0.0101928  -0.00354459  -0.00846457
   0.0101928            0 -0.000975051   0.00276504
  0.00354459  0.000975051            0  -0.00025307
  0.00846457  -0.00276504   0.00025307            0
Repeater1[0]<--->HoM1[0]
REAL
   0.408785 -0.00812301 -0.00263055    0.291441
-0.00812301    0.100146  0.00769774 0.000938758
-0.00263055  0.00769774   0.0983895 -0.00556508
   0.291441 0.000938758 -0.00556508    0.392679
IMAGINARY
          0 -0.00602722 -0.00232946 -0.00286758
 0.00602722           0 -0.00867088  -0.0132674
 0.00232946  0.00867088           0   0.0129258
 0.00286758   0.0132674  -0.0129258           0
EndNode1[0]<--->Repeater1[0]
REAL
   0.400662 -0.00256198 0.000518557    0.285715
-0.00256198    0.104154 0.000553875   0.0018695
0.000518557 0.000553875   0.0981337  0.00495004
   0.285715   0.0018695  0.00495004     0.39705
IMAGINARY
           0   0.00137193  -0.00820437  0.000426538
 -0.00137193            0  -0.00338328  -0.00311864
  0.00820437   0.00338328            0     0.010845
-0.000426538   0.00311864    -0.010845            0
EndNode2[0]<--->HoM1[0]
REAL
   0.404922  0.00328483 -0.00455743    0.300813
 0.00328483   0.0955171 -0.00652071  0.00247657
-0.00455743 -0.00652071    0.101377 -0.00298757
   0.300813  0.00247657 -0.00298757    0.398183
IMAGINARY
          0 -0.00624963  0.00123964 -0.00360152
 0.00624963           0  -0.0091421   0.0106329
-0.00123964   0.0091421           0  0.00790278
 0.00360152  -0.0106329 -0.00790278           0
Repeater1[0]<--->EndNode1[0]
REAL
   0.400662 0.000518557 -0.00256198    0.285715
0.000518557   0.0981337 0.000553875  0.00495004
-0.00256198 0.000553875    0.104154   0.0018695
   0.285715  0.00495004   0.0018695     0.39705
IMAGINARY
           0  -0.00820437   0.00137193  0.000426538
  0.00820437            0   0.00338328     0.010845
 -0.00137193  -0.00338328            0  -0.00311864
-0.000426538    -0.010845   0.00311864            0
Repeater1[0]<--->HoM1[0]
REAL
   0.404922 -0.00455743  0.00328483    0.300813
-0.00455743    0.101377 -0.00652071 -0.00298757
 0.00328483 -0.00652071   0.0955171  0.00247657
   0.300813 -0.00298757  0.00247657    0.398183
IMAGINARY
          0  0.00123964 -0.00624963 -0.00360152
-0.00123964           0   0.0091421  0.00790278
 0.00624963  -0.0091421           0   0.0106329
 0.00360152 -0.00790278  -0.0106329           0
EndNode1[0]<--->Repeater1[0]
REAL
   0.394784 0.000928677 9.66049e-05    0.301613
0.000928677   0.0899281 -0.00341798 -0.00355525
9.66049e-05 -0.00341798    0.110012  -0.0088986
   0.301613 -0.00355525  -0.0088986    0.405276
IMAGINARY
           0  -0.00858486  0.000226099  -0.00551674
  0.00858486            0   0.00239081  -0.00307126
-0.000226099  -0.00239081            0    0.0111305
  0.00551674   0.00307126   -0.0111305            0
EndNode2[0]<--->HoM1[0]
REAL
   0.395653  0.00781684   0.0138568    0.298017
 0.00781684    0.101518  0.00216132 -0.00837204
  0.0138568  0.00216132   0.0940756 -0.00173917
   0.298017 -0.00837204 -0.00173917    0.408753
IMAGINARY
          0  0.00208349  0.00600924  0.00778815
-0.00208349           0 -0.00510319 -0.00616389
-0.00600924  0.00510319           0  -0.0037847
-0.00778815  0.00616389   0.0037847           0
Repeater1[0]<--->EndNode1[0]
REAL
   0.394784 9.66049e-05 0.000928677    0.301613
9.66049e-05    0.110012 -0.00341798  -0.0088986
0.000928677 -0.00341798   0.0899281 -0.00355525
   0.301613  -0.0088986 -0.00355525    0.405276
IMAGINARY
           0  0.000226099  -0.00858486  -0.00551674
-0.000226099            0  -0.00239081    0.0111305
  0.00858486   0.00239081            0  -0.00307126
  0.00551674   -0.0111305   0.00307126            0
Repeater1[0]<--->HoM1[0]
REAL
   0.395653   0.0138568  0.00781684    0.298017
  0.0138568   0.0940756  0.00216132 -0.00173917
 0.00781684  0.00216132    0.101518 -0.00837204
   0.298017 -0.00173917 -0.00837204    0.408753
IMAGINARY
          0  0.00600924  0.00208349  0.00778815
-0.00600924           0  0.00510319  -0.0037847
-0.00208349 -0.00510319           0 -0.00616389
-0.00778815   0.0037847  0.00616389           0
EndNode1[0]<--->Repeater1[0]
REAL
   0.392012 -0.00195556 -0.00289698    0.290663
-0.00195556    0.106509  0.00362297  0.00124285
-0.00289698  0.00362297    0.102959 -0.00270609
   0.290663  0.00124285 -0.00270609    0.398521
IMAGINARY
          0  0.00412283 -0.00351709  0.00945153
-0.00412283           0  0.00174024  0.00837718
 0.00351709 -0.00174024           0  0.00427186
-0.00945153 -0.00837718 -0.00427186           0
EndNode2[0]<--->HoM1[0]
REAL
  0.385174 0.00781426 0.00677524   0.297484
0.00781426   0.102572 0.00567934   0.015486
0.00677524 0.00567934   0.106505 0.00097309
  0.297484   0.015486 0.00097309   0.405749
IMAGINARY
           0  0.000365794 -0.000308622  0.000258422
-0.000365794            0    -0.012207  -0.00436146
 0.000308622     0.012207            0    0.0106315
-0.000258422   0.00436146   -0.0106315            0
Repeater1[0]<--->EndNode1[0]
REAL
   0.392012 -0.00289698 -0.00195556    0.290663
-0.00289698    0.102959  0.00362297 -0.00270609
-0.00195556  0.00362297    0.106509  0.00124285
   0.290663 -0.00270609  0.00124285    0.398521
IMAGINARY
          0 -0.00351709  0.00412283  0.00945153
 0.00351709           0 -0.00174024  0.00427186
-0.00412283  0.00174024           0  0.00837718
-0.00945153 -0.00427186 -0.00837718           0
Repeater1[0]<--->HoM1[0]
REAL
  0.385174 0.00677524 0.00781426   0.297484
0.00677524   0.106505 0.00567934 0.00097309
0.00781426 0.00567934   0.102572   0.015486
  0.297484 0.00097309   0.015486   0.405749
IMAGINARY
           0 -0.000308622  0.000365794  0.000258422
 0.000308622            0     0.012207    0.0106315
-0.000365794    -0.012207            0  -0.00436146
-0.000258422   -0.0106315   0.00436146            0
EndNode1[0]<--->Repeater1[0]
REAL
       0.4 0.00581343 0.00412341   0.298475
0.00581343  0.0997076  0.0059255 0.00321155
0.00412341  0.0059255   0.110819 0.00641151
  0.298475 0.00321155 0.00641151   0.389474
IMAGINARY
          0  0.00553665 -0.00926639  0.00309333
-0.00553665           0 -0.00396189  -0.0010304
 0.00926639  0.00396189           0  0.00930284
-0.00309333   0.0010304 -0.00930284           0
EndNode2[0]<--->HoM1[0]
REAL
   0.395569  0.00515098  0.00445683    0.298087
 0.00515098   0.0960118  0.00136049  0.00137855
 0.00445683  0.00136049    0.107533 -0.00330823
   0.298087  0.00137855 -0.00330823    0.400886
IMAGINARY
          0 -0.00435023   0.0137375  0.00762906
 0.00435023           0 -0.00550527 -0.00599937
 -0.0137375  0.00550527           0   -0.014995
-0.00762906  0.00599937    0.014995           0
Repeater1[0]<--->EndNode1[0]
REAL
       0.4 0.00412341 0.00581343   0.298475
0.00412341   0.110819  0.0059255 0.00641151
0.00581343  0.0059255  0.0997076 0.00321155
  0.298475 0.00641151 0.00321155   0.389474
IMAGINARY
          0 -0.00926639  0.00553665  0.00309333
 0.00926639           0  0.00396189  0.00930284
-0.00553665 -0.00396189           0  -0.0010304
-0.00309333 -0.00930284   0.0010304           0
Repeater1[0]<--->HoM1[0]
REAL
   0.395569  0.00445683  0.00515098    0.298087
 0.00445683    0.107533  0.00136049 -0.00330823
 0.00515098  0.00136049   0.0960118  0.00137855
   0.298087 -0.00330823  0.00137855    0.400886
IMAGINARY
          0   0.0137375 -0.00435023  0.00762906
 -0.0137375           0  0.00550527   -0.014995
 0.00435023 -0.00550527           0 -0.00599937
-0.00762906    0.014995  0.00599937           0
EndNode1[0]<--->Repeater1[0]
REAL
    0.382121 -9.03511e-05   0.00414716     0.300696
-9.03511e-05     0.100789   0.00511758  -0.00159996
  0.00414716   0.00511758     0.105463    0.0146244
    0.300696  -0.00159996    0.0146244     0.411627
IMAGINARY
           0   0.00627504  -0.00530129   0.00389145
 -0.00627504            0  -0.00718684 -0.000452802
  0.00530129   0.00718684            0    0.0088673
 -0.00389145  0.000452802   -0.0088673            0
EndNode2[0]<--->HoM1[0]
REAL
   0.387077 0.000763224 -0.00389455    0.301915
0.000763224      0.1035 -0.00209455  0.00389455
-0.00389455 -0.00209455    0.106491 -0.00285778
   0.301915  0.00389455 -0.00285778    0.402931
IMAGINARY
          0   0.0083372   0.0031404 -0.00495173
 -0.0083372           0  0.00224252  0.00793082
 -0.0031404 -0.00224252           0 -0.00354965
 0.00495173 -0.00793082  0.00354965           0
Repeater1[0]<--->EndNode1[0]
REAL
    0.382121   0.00414716 -9.03511e-05     0.300696
  0.00414716     0.105463   0.00511758    0.0146244
-9.03511e-05   0.00511758     0.100789  -0.00159996
    0.300696    0.0146244  -0.00159996     0.411627
IMAGINARY
           0  -0.00530129   0.00627504   0.00389145
  0.00530129            0   0.00718684    0.0088673
 -0.00627504  -0.00718684            0 -0.000452802
 -0.00389145   -0.0088673  0.000452802            0
Repeater1[0]<--->HoM1[0]
REAL
   0.387077 -0.00389455 0.000763224    0.301915
-0.00389455    0.106491 -0.00209455 -0.00285778
0.000763224 -0.00209455      0.1035  0.00389455
   0.301915 -0.00285778  0.00389455    0.402931
IMAGINARY
          0   0.0031404   0.0083372 -0.00495173
 -0.0031404           0 -0.00224252 -0.00354965
 -0.0083372  0.00224252           0  0.00793082
 0.00495173  0.00354965 -0.00793082           0
EndNode1[0]<--->Repeater1[0]
REAL
   0.386014 -0.00760142  0.00555352    0.303938
-0.00760142    0.104744 -0.00195795  -0.0043159
 0.00555352 -0.00195795     0.10536 -0.00168076
   0.303938  -0.0043159 -0.00168076    0.403882
IMAGINARY
           0   0.00320198  -0.00279604  0.000991958
 -0.00320198            0  -0.00473784   0.00600678
  0.00279604   0.00473784            0   -0.0119585
-0.000991958  -0.00600678    0.0119585            0
EndNode2[0]<--->HoM1[0]
REAL
   0.398559  0.00188841  0.00449757    0.296687
 0.00188841   0.0965418 0.000555187 -0.00537785
 0.00449757 0.000555187     0.11268  0.00456699
   0.296687 -0.00537785  0.00456699    0.392219
IMAGINARY
           0   0.00430765   0.00755074   0.00865365
 -0.00430765            0    0.0106227 -0.000949568
 -0.00755074   -0.0106227            0  -0.00169789
 -0.00865365  0.000949568   0.00169789            0
Repeater1[0]<--->EndNode1[0]
REAL
   0.386014  0.00555352 -0.00760142    0.303938
 0.00555352     0.10536 -0.00195795 -0.00168076
-0.00760142 -0.00195795    0.104744  -0.0043159
   0.303938 -0.00168076  -0.0043159    0.403882
IMAGINARY
           0  -0.00279604   0.00320198  0.000991958
  0.00279604            0   0.00473784   -0.0119585
 -0.00320198  -0.00473784            0   0.00600678
-0.000991958    0.0119585  -0.00600678            0
Repeater1[0]<--->HoM1[0]
REAL
   0.398559  0.00449757  0.00188841    0.296687
 0.00449757     0.11268 0.000555187  0.00456699
 0.00188841 0.000555187   0.0965418 -0.00537785
   0.296687  0.00456699 -0.00537785    0.392219
IMAGINARY
           0   0.00755074   0.00430765   0.00865365
 -0.00755074            0   -0.0106227  -0.00169789
 -0.00430765    0.0106227            0 -0.000949568
 -0.00865365   0.00169789  0.000949568            0
EndNode1[0]<--->Repeater1[0]
REAL
    0.395036 -6.42109e-05    -0.005355     0.302279
-6.42109e-05     0.107656  -0.00372218  -0.00336419
   -0.005355  -0.00372218    0.0995813   -0.0014391
    0.302279  -0.00336419   -0.0014391     0.397727
IMAGINARY
           0  -0.00464786    0.0034043    0.0083831
  0.00464786            0   0.00555992  -0.00548392
  -0.0034043  -0.00555992            0  0.000488622
  -0.0083831   0.00548392 -0.000488622            0
EndNode2[0]<--->HoM1[0]
REAL
   0.397436  0.00156794 -0.00183851    0.301075
 0.00156794    0.105922 -0.00842102  0.00776268
-0.00183851 -0.00842102     0.10989  0.00613348
   0.301075  0.00776268  0.00613348    0.386752
IMAGINARY
           0  -0.00956237 -0.000463174 -0.000497266
  0.00956237            0   0.00339803  -0.00376054
 0.000463174  -0.00339803            0   0.00446478
 0.000497266   0.00376054  -0.00446478            0
Repeater1[0]<--->EndNode1[0]
REAL
    0.395036    -0.005355 -6.42109e-05     0.302279
   -0.005355    0.0995813  -0.00372218   -0.0014391
-6.42109e-05  -0.00372218     0.107656  -0.00336419
    0.302279   -0.0014391  -0.00336419     0.397727
IMAGINARY
           0    0.0034043  -0.00464786    0.0083831
  -0.0034043            0  -0.00555992  0.000488622
  0.00464786   0.00555992            0  -0.00548392
  -0.0083831 -0.000488622   0.00548392            0
Repeater1[0]<--->HoM1[0]
REAL
   0.397436 -0.00183851  0.00156794    0.301075
-0.00183851     0.10989 -0.00842102  0.00613348
 0.00156794 -0.00842102    0.105922  0.00776268
   0.301075  0.00613348  0.00776268    0.386752
IMAGINARY
           0 -0.000463174  -0.00956237 -0.000497266
 0.000463174            0  -0.00339803   0.00446478
  0.00956237   0.00339803            0  -0.00376054
 0.000497266  -0.00446478   0.00376054            0
EndNode1[0]<--->Repeater1[0]
REAL
   0.388972   -0.004048 -0.00820433     0.29411
  -0.004048   0.0989568  0.00372076 -0.00460073
-0.00820433  0.00372076    0.102235 -0.00785318
    0.29411 -0.00460073 -0.00785318    0.409836
IMAGINARY
           0    0.0089349 -9.70676e-05    0.0103831
  -0.0089349            0   0.00135679  -0.00285105
 9.70676e-05  -0.00135679            0  -0.00569197
  -0.0103831   0.00285105   0.00569197            0
EndNode2[0]<--->HoM1[0]
REAL
   0.407602  0.00653282  0.00999903    0.290374
 0.00653282    0.103801 -0.00604881  0.00731567
 0.00999903 -0.00604881   0.0900585  0.00774421
   0.290374  0.00731567  0.00774421    0.398538
IMAGINARY
          0  0.00776466 -0.00526761 -0.00115287
-0.00776466           0  0.00654855 -0.00829424
 0.00526761 -0.00654855           0  0.00669137
 0.00115287  0.00829424 -0.00669137           0
Repeater1[0]<--->EndNode1[0]
REAL
   0.388972 -0.00820433   -0.004048     0.29411
-0.00820433    0.102235  0.00372076 -0.00785318
  -0.004048  0.00372076   0.0989568 -0.00460073
    0.29411 -0.00785318 -0.00460073    0.409836
IMAGINARY
           0 -9.70676e-05    0.0089349    0.0103831
 9.70676e-05            0  -0.00135679  -0.00569197
  -0.0089349   0.00135679            0  -0.00285105
  -0.0103831   0.00569197   0.00285105            0
Repeater1[0]<--->HoM1[0]
REAL
   0.407602  0.00999903  0.00653282    0.290374
 0.00999903   0.0900585 -0.00604881  0.00774421
 0.00653282 -0.00604881    0.103801  0.00731567
   0.290374  0.00774421  0.00731567    0.398538
IMAGINARY
          0 -0.00526761  0.00776466 -0.00115287
 0.00526761           0 -0.00654855  0.00669137
-0.00776466  0.00654855           0 -0.00829424
 0.00115287 -0.00669137  0.00829424           0
EndNode1[0]<--->Repeater1[0]
REAL
   0.404996   0.0049812 -0.00216304    0.303092
  0.0049812   0.0969373 0.000607594 -0.00320688
-0.00216304 0.000607594   0.0889087 -0.00259456
   0.303092 -0.00320688 -0.00259456    0.409158
IMAGINARY
          0 -0.00403405  0.00119659  0.00499941
 0.00403405           0 -0.00981756  0.00834597
-0.00119659  0.00981756           0  -0.0115673
-0.00499941 -0.00834597   0.0115673           0
EndNode2[0]<--->HoM1[0]
REAL
    0.40186 -0.00356381  -0.0021208    0.298756
-0.00356381    0.095814 -0.00265408 -0.00732448
 -0.0021208 -0.00265408   0.0905426 -0.00168357
   0.298756 -0.00732448 -0.00168357    0.411783
IMAGINARY
          0  0.00565971 -0.00143901  0.00448384
-0.00565971           0 -0.00281869 -0.00678661
 0.00143901  0.00281869           0  0.00315345
-0.00448384  0.00678661 -0.00315345           0
Repeater1[0]<--->EndNode1[0]
REAL
   0.404996 -0.00216304   0.0049812    0.303092
-0.00216304   0.0889087 0.000607594 -0.00259456
  0.0049812 0.000607594   0.0969373 -0.00320688
   0.303092 -0.00259456 -0.00320688    0.409158
IMAGINARY
          0  0.00119659 -0.00403405  0.00499941
-0.00119659           0  0.00981756  -0.0115673
 0.00403405 -0.00981756           0  0.00834597
-0.00499941   0.0115673 -0.00834597           0
Repeater1[0]<--->HoM1[0]
REAL
    0.40186  -0.0021208 -0.00356381    0.298756
 -0.0021208   0.0905426 -0.00265408 -0.00168357
-0.00356381 -0.00265408    0.095814 -0.00732448
   0.298756 -0.00168357 -0.00732448    0.411783
IMAGINARY
          0 -0.00143901  0.00565971  0.00448384
 0.00143901           0  0.00281869  0.00315345
-0.00565971 -0.00281869           0 -0.00678661
-0.00448384 -0.00315345  0.00678661           0
EndNode1[0]<--->Repeater1[0]
REAL
    0.419539   0.00726097    0.0051044     0.280829
  0.00726097    0.0964939   -0.0018848   0.00209416
   0.0051044   -0.0018848    0.0937968 -0.000362349
    0.280829   0.00209416 -0.000362349     0.390171
IMAGINARY
          0 -0.00789647 -0.00338671  0.00528059
 0.00789647           0 -0.00832381  0.00716429
 0.00338671  0.00832381           0  0.00865199
-0.00528059 -0.00716429 -0.00865199           0
EndNode2[0]<--->HoM1[0]
REAL
    0.408527    0.0129407   -0.0109333     0.301905
   0.0129407    0.0997883 -0.000289327   0.00853948
  -0.0109333 -0.000289327     0.107046  -0.00306633
    0.301905   0.00853948  -0.00306633     0.384639
IMAGINARY
          0  0.00581821 -0.00398069 -0.00584418
-0.00581821           0   0.0034461 -0.00562004
 0.00398069  -0.0034461           0  -0.0020084
 0.00584418  0.00562004   0.0020084           0
Repeater1[0]<--->EndNode1[0]
REAL
    0.419539    0.0051044   0.00726097     0.280829
   0.0051044    0.0937968   -0.0018848 -0.000362349
  0.00726097   -0.0018848    0.0964939   0.00209416
    0.280829 -0.000362349   0.00209416     0.390171
IMAGINARY
          0 -0.00338671 -0.00789647  0.00528059
 0.00338671           0  0.00832381  0.00865199
 0.00789647 -0.00832381           0  0.00716429
-0.00528059 -0.00865199 -0.00716429           0
Repeater1[0]<--->HoM1[0]
REAL
    0.408527   -0.0109333    0.0129407     0.301905
  -0.0109333     0.107046 -0.000289327  -0.00306633
   0.0129407 -0.000289327    0.0997883   0.00853948
    0.301905  -0.00306633   0.00853948     0.384639
IMAGINARY
          0 -0.00398069  0.00581821 -0.00584418
 0.00398069           0  -0.0034461  -0.0020084
-0.00581821   0.0034461           0 -0.00562004
 0.00584418   0.0020084  0.00562004           0
EndNode1[0]<--->Repeater1[0]
REAL
   0.399024  0.00732954  0.00471281    0.290758
 0.00732954    0.103722  0.00948002  0.00883288
 0.00471281  0.00948002   0.0954851 -0.00479902
   0.290758  0.00883288 -0.00479902    0.401769
IMAGINARY
           0  -0.00719451  -0.00366925    0.0103693
  0.00719451            0 -0.000326694   0.00261914
  0.00366925  0.000326694            0    0.0127451
  -0.0103693  -0.00261914   -0.0127451            0
EndNode2[0]<--->HoM1[0]
REAL
   0.421767  0.00604929 0.000724913    0.299587
 0.00604929   0.0949653 -0.00118028  -0.0053205
0.000724913 -0.00118028   0.0973771 -0.00145371
   0.299587  -0.0053205 -0.00145371    0.385891
IMAGINARY
           0  -0.00844369  0.000775103  -0.00613348
  0.00844369            0  -0.00552223   -0.0037267
-0.000775103   0.00552223            0  -0.00129657
  0.00613348    0.0037267   0.00129657            0
Repeater1[0]<--->EndNode1[0]
REAL
   0.399024  0.00471281  0.00732954    0.290758
 0.00471281   0.0954851  0.00948002 -0.00479902
 0.00732954  0.00948002    0.103722  0.00883288
   0.290758 -0.00479902  0.00883288    0.401769
IMAGINARY
           0  -0.00366925  -0.00719451    0.0103693
  0.00366925            0  0.000326694    0.0127451
  0.00719451 -0.000326694            0   0.00261914
  -0.0103693   -0.0127451  -0.00261914            0
Repeater1[0]<--->HoM1[0]
REAL
