EndNode1[0]<--->Repeater1[0]
REAL
   0.425338 -0.00274734  0.00307089    0.346053
-0.00274734   0.0723205 -0.00316572  0.00761176
 0.00307089 -0.00316572   0.0741415  0.00639507
   0.346053  0.00761176  0.00639507      0.4282
IMAGINARY
           0  -0.00543539  -0.00068449  0.000176612
  0.00543539            0   0.00109501  -0.00259337
  0.00068449  -0.00109501            0    0.0066961
-0.000176612   0.00259337   -0.0066961            0
EndNode2[0]<--->HoM1[0]
REAL
   0.422211   0.0038683 -0.00390877    0.350562
  0.0038683   0.0688332  0.00180449  0.00313716
-0.00390877  0.00180449   0.0829069 -0.00412551
   0.350562  0.00313716 -0.00412551    0.426049
IMAGINARY
           0 -0.000988969  5.60006e-05  -0.00134516
 0.000988969            0   0.00348892 -0.000320411
-5.60006e-05  -0.00348892            0 -0.000861904
  0.00134516  0.000320411  0.000861904            0
Repeater1[0]<--->EndNode1[0]
REAL
   0.425338  0.00307089 -0.00274734    0.346053
 0.00307089   0.0741415 -0.00316572  0.00639507
-0.00274734 -0.00316572   0.0723205  0.00761176
   0.346053  0.00639507  0.00761176      0.4282
IMAGINARY
           0  -0.00068449  -0.00543539  0.000176612
  0.00068449            0  -0.00109501    0.0066961
  0.00543539   0.00109501            0  -0.00259337
-0.000176612   -0.0066961   0.00259337            0
Repeater1[0]<--->HoM1[0]
REAL
   0.422211 -0.00390877   0.0038683    0.350562
-0.00390877   0.0829069  0.00180449 -0.00412551
  0.0038683  0.00180449   0.0688332  0.00313716
   0.350562 -0.00412551  0.00313716    0.426049
IMAGINARY
           0  5.60006e-05 -0.000988969  -0.00134516
-5.60006e-05            0  -0.00348892 -0.000861904
 0.000988969   0.00348892            0 -0.000320411
  0.00134516  0.000861904  0.000320411            0
EndNode1[0]<--->Repeater1[0]
REAL
   0.418646 -0.00310675 -0.00465924     0.35555
-0.00310675   0.0813542   0.0021431 -0.00189098
-0.00465924   0.0021431    0.072764 -0.00601219
    0.35555 -0.00189098 -0.00601219    0.427236
IMAGINARY
           0  -0.00949084   0.00293898  0.000556751
  0.00949084            0   0.00421744   0.00397578
 -0.00293898  -0.00421744            0  -0.00320718
-0.000556751  -0.00397578   0.00320718            0
EndNode2[0]<--->HoM1[0]
REAL
    0.429153 -0.000863323  -0.00282446     0.357839
-0.000863323    0.0732638  -0.00867748  -0.00156501
 -0.00282446  -0.00867748    0.0760621   0.00791307
    0.357839  -0.00156501   0.00791307     0.421521
IMAGINARY
           0  -0.00636078  -0.00304438 -0.000460911
  0.00636078            0  -0.00218459    0.0165174
  0.00304438   0.00218459            0  -0.00486676
 0.000460911   -0.0165174   0.00486676            0
Repeater1[0]<--->EndNode1[0]
REAL
   0.418646 -0.00465924 -0.00310675     0.35555
-0.00465924    0.072764   0.0021431 -0.00601219
-0.00310675   0.0021431   0.0813542 -0.00189098
    0.35555 -0.00601219 -0.00189098    0.427236
IMAGINARY
           0   0.00293898  -0.00949084  0.000556751
 -0.00293898            0  -0.00421744  -0.00320718
  0.00949084   0.00421744            0   0.00397578
-0.000556751   0.00320718  -0.00397578            0
Repeater1[0]<--->HoM1[0]
REAL
    0.429153  -0.00282446 -0.000863323     0.357839
 -0.00282446    0.0760621  -0.00867748   0.00791307
-0.000863323  -0.00867748    0.0732638  -0.00156501
    0.357839   0.00791307  -0.00156501     0.421521
IMAGINARY
           0  -0.00304438  -0.00636078 -0.000460911
  0.00304438            0   0.00218459  -0.00486676
  0.00636078  -0.00218459            0    0.0165174
 0.000460911   0.00486676   -0.0165174            0
EndNode1[0]<--->Repeater1[0]
REAL
   0.445939 -0.00306935 -0.00363915    0.359618
-0.00306935   0.0748945  0.00324194 -0.00235116
-0.00363915  0.00324194   0.0693565 -0.00648967
   0.359618 -0.00235116 -0.00648967     0.40981
IMAGINARY
          0  -0.0045169  0.00160402 -0.00113735
  0.0045169           0  -0.0101853 -0.00428738
-0.00160402   0.0101853           0  0.00106686
 0.00113735  0.00428738 -0.00106686           0
EndNode2[0]<--->HoM1[0]
REAL
   0.422815 -0.00228374  0.00301579     0.35015
-0.00228374   0.0758765  0.00268789 -0.00376918
 0.00301579  0.00268789   0.0743066 -0.00499903
    0.35015 -0.00376918 -0.00499903    0.427002
IMAGINARY
          0  0.00933594 -0.00994444  0.00475848
-0.00933594           0  0.00220746 -0.00590199
 0.00994444 -0.00220746           0   0.0111485
-0.00475848  0.00590199  -0.0111485           0
Repeater1[0]<--->EndNode1[0]
REAL
   0.445939 -0.00363915 -0.00306935    0.359618
-0.00363915   0.0693565  0.00324194 -0.00648967
-0.00306935  0.00324194   0.0748945 -0.00235116
   0.359618 -0.00648967 -0.00235116     0.40981
IMAGINARY
          0  0.00160402  -0.0045169 -0.00113735
-0.00160402           0   0.0101853  0.00106686
  0.0045169  -0.0101853           0 -0.00428738
 0.00113735 -0.00106686  0.00428738           0
Repeater1[0]<--->HoM1[0]
REAL
   0.422815  0.00301579 -0.00228374     0.35015
 0.00301579   0.0743066  0.00268789 -0.00499903
-0.00228374  0.00268789   0.0758765 -0.00376918
    0.35015 -0.00499903 -0.00376918    0.427002
IMAGINARY
          0 -0.00994444  0.00933594  0.00475848
 0.00994444           0 -0.00220746   0.0111485
-0.00933594  0.00220746           0 -0.00590199
-0.00475848  -0.0111485  0.00590199           0
EndNode1[0]<--->Repeater1[0]
REAL
   0.421571  0.00666381  0.00380667     0.35175
 0.00666381   0.0676431  0.00474039 -0.00735636
 0.00380667  0.00474039   0.0785619 -0.00615671
    0.35175 -0.00735636 -0.00615671    0.432224
IMAGINARY
           0   0.00575793  -0.00746881  -0.00532391
 -0.00575793            0 -0.000291199   -0.0102635
  0.00746881  0.000291199            0   0.00860915
  0.00532391    0.0102635  -0.00860915            0
EndNode2[0]<--->HoM1[0]
REAL
   0.412395  0.00689659 -0.00116863    0.347644
 0.00689659   0.0789749 0.000526231  -0.0020756
-0.00116863 0.000526231   0.0724372 -0.00624774
   0.347644  -0.0020756 -0.00624774    0.436192
IMAGINARY
           0   0.00874847  -0.00697304   0.00185691
 -0.00874847            0 -0.000562242  -0.00230014
  0.00697304  0.000562242            0    0.0100485
 -0.00185691   0.00230014   -0.0100485            0
Repeater1[0]<--->EndNode1[0]
REAL
   0.421571  0.00380667  0.00666381     0.35175
 0.00380667   0.0785619  0.00474039 -0.00615671
 0.00666381  0.00474039   0.0676431 -0.00735636
    0.35175 -0.00615671 -0.00735636    0.432224
IMAGINARY
           0  -0.00746881   0.00575793  -0.00532391
  0.00746881            0  0.000291199   0.00860915
 -0.00575793 -0.000291199            0   -0.0102635
  0.00532391  -0.00860915    0.0102635            0
Repeater1[0]<--->HoM1[0]
REAL
   0.412395 -0.00116863  0.00689659    0.347644
-0.00116863   0.0724372 0.000526231 -0.00624774
 0.00689659 0.000526231   0.0789749  -0.0020756
   0.347644 -0.00624774  -0.0020756    0.436192
IMAGINARY
           0  -0.00697304   0.00874847   0.00185691
  0.00697304            0  0.000562242    0.0100485
 -0.00874847 -0.000562242            0  -0.00230014
 -0.00185691   -0.0100485   0.00230014            0
EndNode1[0]<--->Repeater1[0]
REAL
   0.424883  0.00599142 -0.00423795    0.348579
 0.00599142    0.075639 -0.00599066   0.0111152
-0.00423795 -0.00599066   0.0769431 0.000376381
   0.348579   0.0111152 0.000376381    0.422535
IMAGINARY
          0 -0.00322804  0.00672613 -0.00368613
 0.00322804           0   -0.017943   0.0157282
-0.00672613    0.017943           0  -0.0090435
 0.00368613  -0.0157282   0.0090435           0
EndNode2[0]<--->HoM1[0]
REAL
   0.441049  0.00548199  0.00203296    0.347815
 0.00548199   0.0715559 -0.00995624  0.00798987
 0.00203296 -0.00995624    0.070028  0.00174968
   0.347815  0.00798987  0.00174968    0.417367
IMAGINARY
          0  0.00509071 -0.00665954  -0.0130223
-0.00509071           0  0.00138836 -0.00691687
 0.00665954 -0.00138836           0   0.0095201
  0.0130223  0.00691687  -0.0095201           0
Repeater1[0]<--->EndNode1[0]
REAL
   0.424883 -0.00423795  0.00599142    0.348579
-0.00423795   0.0769431 -0.00599066 0.000376381
 0.00599142 -0.00599066    0.075639   0.0111152
   0.348579 0.000376381   0.0111152    0.422535
IMAGINARY
          0  0.00672613 -0.00322804 -0.00368613
-0.00672613           0    0.017943  -0.0090435
 0.00322804   -0.017943           0   0.0157282
 0.00368613   0.0090435  -0.0157282           0
Repeater1[0]<--->HoM1[0]
REAL
   0.441049  0.00203296  0.00548199    0.347815
 0.00203296    0.070028 -0.00995624  0.00174968
 0.00548199 -0.00995624   0.0715559  0.00798987
   0.347815  0.00174968  0.00798987    0.417367
IMAGINARY
          0 -0.00665954  0.00509071  -0.0130223
 0.00665954           0 -0.00138836   0.0095201
-0.00509071  0.00138836           0 -0.00691687
  0.0130223  -0.0095201  0.00691687           0
EndNode1[0]<--->Repeater1[0]
REAL
   0.416519 -0.00487657 -0.00343799    0.351521
-0.00487657   0.0692094 -0.00182203 -0.00532954
-0.00343799 -0.00182203    0.079313  0.00212106
   0.351521 -0.00532954  0.00212106    0.434958
IMAGINARY
           0   0.00963964  -0.00546439  0.000498879
 -0.00963964            0  -0.00209717  -0.00264098
  0.00546439   0.00209717            0  -0.00634684
-0.000498879   0.00264098   0.00634684            0
EndNode2[0]<--->HoM1[0]
REAL
   0.428426 -0.00809197  0.00624866    0.347316
-0.00809197   0.0775489 -0.00647129  0.00237869
 0.00624866 -0.00647129   0.0760234  0.00590294
   0.347316  0.00237869  0.00590294    0.418002
IMAGINARY
           0  5.33149e-05   0.00928576    0.0106962
-5.33149e-05            0   -0.0132629  -0.00150006
 -0.00928576    0.0132629            0 -0.000449198
  -0.0106962   0.00150006  0.000449198            0
Repeater1[0]<--->EndNode1[0]
REAL
   0.416519 -0.00343799 -0.00487657    0.351521
-0.00343799    0.079313 -0.00182203  0.00212106
-0.00487657 -0.00182203   0.0692094 -0.00532954
   0.351521  0.00212106 -0.00532954    0.434958
IMAGINARY
           0  -0.00546439   0.00963964  0.000498879
  0.00546439            0   0.00209717  -0.00634684
 -0.00963964  -0.00209717            0  -0.00264098
-0.000498879   0.00634684   0.00264098            0
Repeater1[0]<--->HoM1[0]
REAL
   0.428426  0.00624866 -0.00809197    0.347316
 0.00624866   0.0760234 -0.00647129  0.00590294
-0.00809197 -0.00647129   0.0775489  0.00237869
   0.347316  0.00590294  0.00237869    0.418002
IMAGINARY
           0   0.00928576  5.33149e-05    0.0106962
 -0.00928576            0    0.0132629 -0.000449198
-5.33149e-05   -0.0132629            0  -0.00150006
  -0.0106962  0.000449198   0.00150006            0
EndNode1[0]<--->Repeater1[0]
REAL
   0.432668   0.0080818  0.00242278    0.355109
  0.0080818   0.0809012 0.000994591  0.00640838
 0.00242278 0.000994591   0.0750128 -0.00236752
   0.355109  0.00640838 -0.00236752    0.411418
IMAGINARY
          0  0.00462039 -0.00214946  0.00286661
-0.00462039           0   0.0048021 -0.00882311
 0.00214946  -0.0048021           0 -0.00087974
-0.00286661  0.00882311  0.00087974           0
EndNode2[0]<--->HoM1[0]
REAL
     0.42781 -0.000670876    0.0118137     0.355398
-0.000670876     0.068003  -0.00174526   0.00129401
   0.0118137  -0.00174526    0.0756153   0.00436138
    0.355398   0.00129401   0.00436138     0.428571
IMAGINARY
          0 -0.00266814  0.00313101 -0.00240029
 0.00266814           0 -0.00265829 -0.00186004
-0.00313101  0.00265829           0  0.00241395
 0.00240029  0.00186004 -0.00241395           0
Repeater1[0]<--->EndNode1[0]
REAL
   0.432668  0.00242278   0.0080818    0.355109
 0.00242278   0.0750128 0.000994591 -0.00236752
  0.0080818 0.000994591   0.0809012  0.00640838
   0.355109 -0.00236752  0.00640838    0.411418
IMAGINARY
          0 -0.00214946  0.00462039  0.00286661
 0.00214946           0  -0.0048021 -0.00087974
-0.00462039   0.0048021           0 -0.00882311
-0.00286661  0.00087974  0.00882311           0
Repeater1[0]<--->HoM1[0]
REAL
     0.42781    0.0118137 -0.000670876     0.355398
   0.0118137    0.0756153  -0.00174526   0.00436138
-0.000670876  -0.00174526     0.068003   0.00129401
    0.355398   0.00436138   0.00129401     0.428571
IMAGINARY
          0  0.00313101 -0.00266814 -0.00240029
-0.00313101           0  0.00265829  0.00241395
 0.00266814 -0.00265829           0 -0.00186004
 0.00240029 -0.00241395  0.00186004           0
EndNode1[0]<--->Repeater1[0]
REAL
   0.417394  0.00444688  0.00931078    0.349904
 0.00444688   0.0759364 -0.00103418  0.00148424
 0.00931078 -0.00103418   0.0764495  0.00812615
   0.349904  0.00148424  0.00812615    0.430221
IMAGINARY
           0  -0.00361221  0.000902493   0.00242143
  0.00361221            0   0.00281752  -0.00103099
-0.000902493  -0.00281752            0 -0.000371346
 -0.00242143   0.00103099  0.000371346            0
EndNode2[0]<--->HoM1[0]
REAL
   0.428388 0.000274656  0.00206614    0.341348
0.000274656   0.0843404  0.00300164  0.00726787
 0.00206614  0.00300164   0.0753407  0.00880708
   0.341348  0.00726787  0.00880708    0.411931
IMAGINARY
           0   0.00233373  -0.00892983 -0.000526988
 -0.00233373            0   0.00505308  -0.00284962
  0.00892983  -0.00505308            0  0.000172533
 0.000526988   0.00284962 -0.000172533            0
Repeater1[0]<--->EndNode1[0]
REAL
   0.417394  0.00931078  0.00444688    0.349904
 0.00931078   0.0764495 -0.00103418  0.00812615
 0.00444688 -0.00103418   0.0759364  0.00148424
   0.349904  0.00812615  0.00148424    0.430221
IMAGINARY
           0  0.000902493  -0.00361221   0.00242143
-0.000902493            0  -0.00281752 -0.000371346
  0.00361221   0.00281752            0  -0.00103099
 -0.00242143  0.000371346   0.00103099            0
Repeater1[0]<--->HoM1[0]
REAL
   0.428388  0.00206614 0.000274656    0.341348
 0.00206614   0.0753407  0.00300164  0.00880708
0.000274656  0.00300164   0.0843404  0.00726787
   0.341348  0.00880708  0.00726787    0.411931
IMAGINARY
           0  -0.00892983   0.00233373 -0.000526988
  0.00892983            0  -0.00505308  0.000172533
 -0.00233373   0.00505308            0  -0.00284962
 0.000526988 -0.000172533   0.00284962            0
EndNode1[0]<--->Repeater1[0]
REAL
   0.431547  0.00273808 9.22953e-05    0.344412
 0.00273808   0.0772162 0.000265807   0.0034901
9.22953e-05 0.000265807   0.0739141 -0.00248219
   0.344412   0.0034901 -0.00248219    0.417323
IMAGINARY
          0  0.00110495 -0.00688687  0.00103932
-0.00110495           0 -0.00508526 -0.00122261
 0.00688687  0.00508526           0  0.00776479
-0.00103932  0.00122261 -0.00776479           0
EndNode2[0]<--->HoM1[0]
REAL
   0.425596 -0.00748518  0.00782967    0.360583
-0.00748518   0.0730238  0.00472223 -0.00240051
 0.00782967  0.00472223   0.0818068   0.0126558
   0.360583 -0.00240051   0.0126558    0.419573
IMAGINARY
           0   0.00295356   0.00434129 -0.000385867
 -0.00295356            0   0.00887816  -0.00566125
 -0.00434129  -0.00887816            0   -0.0016336
 0.000385867   0.00566125    0.0016336            0
Repeater1[0]<--->EndNode1[0]
REAL
   0.431547 9.22953e-05  0.00273808    0.344412
9.22953e-05   0.0739141 0.000265807 -0.00248219
 0.00273808 0.000265807   0.0772162   0.0034901
   0.344412 -0.00248219   0.0034901    0.417323
IMAGINARY
          0 -0.00688687  0.00110495  0.00103932
 0.00688687           0  0.00508526  0.00776479
-0.00110495 -0.00508526           0 -0.00122261
-0.00103932 -0.00776479  0.00122261           0
Repeater1[0]<--->HoM1[0]
REAL
   0.425596  0.00782967 -0.00748518    0.360583
 0.00782967   0.0818068  0.00472223   0.0126558
-0.00748518  0.00472223   0.0730238 -0.00240051
   0.360583   0.0126558 -0.00240051    0.419573
IMAGINARY
           0   0.00434129   0.00295356 -0.000385867
 -0.00434129            0  -0.00887816   -0.0016336
 -0.00295356   0.00887816            0  -0.00566125
 0.000385867    0.0016336   0.00566125            0
EndNode1[0]<--->Repeater1[0]
REAL
   0.426776 -0.00224065 -0.00257689    0.354444
-0.00224065   0.0702744  0.00463022  0.00517699
-0.00257689  0.00463022   0.0836112 -0.00503964
   0.354444  0.00517699 -0.00503964    0.419338
IMAGINARY
           0  -0.00498531    0.0133057   0.00442292
  0.00498531            0     0.014192  0.000250894
  -0.0133057    -0.014192            0  0.000200623
 -0.00442292 -0.000250894 -0.000200623            0
EndNode2[0]<--->HoM1[0]
REAL
    0.425241  -0.00682065 -0.000278616     0.354523
 -0.00682065      0.07704  -0.00378831   0.00375889
-0.000278616  -0.00378831    0.0724785   0.00385597
    0.354523   0.00375889   0.00385597     0.425241
IMAGINARY
           0  0.000187492    0.0130619  -0.00170933
-0.000187492            0  -0.00391426   -0.0043548
  -0.0130619   0.00391426            0  -0.00704765
  0.00170933    0.0043548   0.00704765            0
Repeater1[0]<--->EndNode1[0]
REAL
   0.426776 -0.00257689 -0.00224065    0.354444
-0.00257689   0.0836112  0.00463022 -0.00503964
-0.00224065  0.00463022   0.0702744  0.00517699
   0.354444 -0.00503964  0.00517699    0.419338
IMAGINARY
           0    0.0133057  -0.00498531   0.00442292
  -0.0133057            0    -0.014192  0.000200623
  0.00498531     0.014192            0  0.000250894
 -0.00442292 -0.000200623 -0.000250894            0
Repeater1[0]<--->HoM1[0]
REAL
    0.425241 -0.000278616  -0.00682065     0.354523
-0.000278616    0.0724785  -0.00378831   0.00385597
 -0.00682065  -0.00378831      0.07704   0.00375889
    0.354523   0.00385597   0.00375889     0.425241
IMAGINARY
           0    0.0130619  0.000187492  -0.00170933
  -0.0130619            0   0.00391426  -0.00704765
-0.000187492  -0.00391426            0   -0.0043548
  0.00170933   0.00704765    0.0043548            0
EndNode1[0]<--->Repeater1[0]
REAL
   0.410156 -0.00968146 -0.00190097    0.350936
-0.00968146   0.0731771  0.00158199  0.00292872
-0.00190097  0.00158199   0.0799479  0.00300109
   0.350936  0.00292872  0.00300109    0.436719
IMAGINARY
           0 -0.000602274  -0.00484655   0.00812985
 0.000602274            0   0.00319189   0.00743053
  0.00484655  -0.00319189            0   -0.0027569
 -0.00812985  -0.00743053    0.0027569            0
EndNode2[0]<--->HoM1[0]
REAL
   0.424758  0.00713502   0.0019028    0.347659
 0.00713502   0.0701387  0.00716682   0.0052905
  0.0019028  0.00716682   0.0654279 -0.00491164
   0.347659   0.0052905 -0.00491164    0.439675
IMAGINARY
          0  -0.0177215 -0.00200632 -0.00736627
  0.0177215           0 -0.00556586  0.00829234
 0.00200632  0.00556586           0  0.00122075
 0.00736627 -0.00829234 -0.00122075           0
Repeater1[0]<--->EndNode1[0]
REAL
   0.410156 -0.00190097 -0.00968146    0.350936
-0.00190097   0.0799479  0.00158199  0.00300109
-0.00968146  0.00158199   0.0731771  0.00292872
   0.350936  0.00300109  0.00292872    0.436719
IMAGINARY
           0  -0.00484655 -0.000602274   0.00812985
  0.00484655            0  -0.00319189   -0.0027569
 0.000602274   0.00319189            0   0.00743053
 -0.00812985    0.0027569  -0.00743053            0
Repeater1[0]<--->HoM1[0]
REAL
   0.424758   0.0019028  0.00713502    0.347659
  0.0019028   0.0654279  0.00716682 -0.00491164
 0.00713502  0.00716682   0.0701387   0.0052905
   0.347659 -0.00491164   0.0052905    0.439675
IMAGINARY
          0 -0.00200632  -0.0177215 -0.00736627
 0.00200632           0  0.00556586  0.00122075
  0.0177215 -0.00556586           0  0.00829234
 0.00736627 -0.00122075 -0.00829234           0
EndNode1[0]<--->Repeater1[0]
REAL
   0.429128  0.00435127 -7.9985e-05    0.355497
 0.00435127   0.0742471 0.000513442  0.00493932
-7.9985e-05 0.000513442   0.0760644  0.00383287
   0.355497  0.00493932  0.00383287    0.420561
IMAGINARY
          0 -0.00276478  0.00357838  0.00701988
 0.00276478           0 -0.00164917  0.00731068
-0.00357838  0.00164917           0 -0.00402486
-0.00701988 -0.00731068  0.00402486           0
EndNode2[0]<--->HoM1[0]
REAL
    0.420532  -0.00389511   0.00215096     0.351759
 -0.00389511    0.0768061  -0.00285162 -0.000703214
  0.00215096  -0.00285162    0.0752852  0.000604766
    0.351759 -0.000703214  0.000604766     0.427376
IMAGINARY
           0  -0.00894064  0.000869574  0.000331429
  0.00894064            0  -0.00484723   0.00619439
-0.000869574   0.00484723            0  -0.00171952
-0.000331429  -0.00619439   0.00171952            0
Repeater1[0]<--->EndNode1[0]
REAL
   0.429128 -7.9985e-05  0.00435127    0.355497
-7.9985e-05   0.0760644 0.000513442  0.00383287
 0.00435127 0.000513442   0.0742471  0.00493932
   0.355497  0.00383287  0.00493932    0.420561
IMAGINARY
          0  0.00357838 -0.00276478  0.00701988
-0.00357838           0  0.00164917 -0.00402486
 0.00276478 -0.00164917           0  0.00731068
-0.00701988  0.00402486 -0.00731068           0
Repeater1[0]<--->HoM1[0]
REAL
    0.420532   0.00215096  -0.00389511     0.351759
  0.00215096    0.0752852  -0.00285162  0.000604766
 -0.00389511  -0.00285162    0.0768061 -0.000703214
    0.351759  0.000604766 -0.000703214     0.427376
IMAGINARY
           0  0.000869574  -0.00894064  0.000331429
-0.000869574            0   0.00484723  -0.00171952
  0.00894064  -0.00484723            0   0.00619439
-0.000331429   0.00171952  -0.00619439            0
EndNode1[0]<--->Repeater1[0]
REAL
    0.43264  -0.0124105 -0.00290862    0.351322
 -0.0124105   0.0772389  0.00472682 0.000101064
-0.00290862  0.00472682   0.0682576  0.00500881
   0.351322 0.000101064  0.00500881    0.421863
IMAGINARY
           0    0.0078801  0.000683814  -0.00412922
  -0.0078801            0  -0.00554492   0.00414269
-0.000683814   0.00554492            0    -0.011663
  0.00412922  -0.00414269     0.011663            0
EndNode2[0]<--->HoM1[0]
REAL
     0.40138 -0.000185218  -0.00129982     0.352392
-0.000185218    0.0825243   0.00296033   -0.0054887
 -0.00129982   0.00296033    0.0712826  0.000707411
    0.352392   -0.0054887  0.000707411     0.444813
IMAGINARY
          0 -0.00643657 -0.00251254  -0.0024634
 0.00643657           0  0.00207145  0.00225427
 0.00251254 -0.00207145           0  0.00127129
  0.0024634 -0.00225427 -0.00127129           0
Repeater1[0]<--->EndNode1[0]
REAL
    0.43264 -0.00290862  -0.0124105    0.351322
-0.00290862   0.0682576  0.00472682  0.00500881
 -0.0124105  0.00472682   0.0772389 0.000101064
   0.351322  0.00500881 0.000101064    0.421863
IMAGINARY
           0  0.000683814    0.0078801  -0.00412922
-0.000683814            0   0.00554492    -0.011663
  -0.0078801  -0.00554492            0   0.00414269
  0.00412922     0.011663  -0.00414269            0
Repeater1[0]<--->HoM1[0]
REAL
     0.40138  -0.00129982 -0.000185218     0.352392
 -0.00129982    0.0712826   0.00296033  0.000707411
-0.000185218   0.00296033    0.0825243   -0.0054887
    0.352392  0.000707411   -0.0054887     0.444813
IMAGINARY
          0 -0.00251254 -0.00643657  -0.0024634
 0.00251254           0 -0.00207145  0.00127129
 0.00643657  0.00207145           0  0.00225427
  0.0024634 -0.00127129 -0.00225427           0
EndNode1[0]<--->Repeater1[0]
REAL
    0.422539  -0.00359529 -0.000317017     0.351789
 -0.00359529    0.0746114  -0.00395769 -0.000317017
-0.000317017  -0.00395769    0.0774611   0.00143957
    0.351789 -0.000317017   0.00143957     0.425389
IMAGINARY
           0  -0.00124081  -0.00997403   0.00219689
  0.00124081            0  0.000396475  7.43083e-05
  0.00997403 -0.000396475            0   0.00882631
 -0.00219689 -7.43083e-05  -0.00882631            0
EndNode2[0]<--->HoM1[0]
REAL
   0.443218 -0.00120945  0.00221562    0.354688
-0.00120945   0.0722923 -0.00187492  0.00818767
 0.00221562 -0.00187492   0.0804416  0.00519096
   0.354688  0.00818767  0.00519096    0.404048
IMAGINARY
           0  -0.00242487   0.00298009  0.000346693
  0.00242487            0    0.0048807   -0.0015838
 -0.00298009   -0.0048807            0  -0.00176401
-0.000346693    0.0015838   0.00176401            0
Repeater1[0]<--->EndNode1[0]
REAL
    0.422539 -0.000317017  -0.00359529     0.351789
-0.000317017    0.0774611  -0.00395769   0.00143957
 -0.00359529  -0.00395769    0.0746114 -0.000317017
    0.351789   0.00143957 -0.000317017     0.425389
IMAGINARY
           0  -0.00997403  -0.00124081   0.00219689
  0.00997403            0 -0.000396475   0.00882631
  0.00124081  0.000396475            0  7.43083e-05
 -0.00219689  -0.00882631 -7.43083e-05            0
Repeater1[0]<--->HoM1[0]
REAL
   0.443218  0.00221562 -0.00120945    0.354688
 0.00221562   0.0804416 -0.00187492  0.00519096
-0.00120945 -0.00187492   0.0722923  0.00818767
   0.354688  0.00519096  0.00818767    0.404048
IMAGINARY
           0   0.00298009  -0.00242487  0.000346693
 -0.00298009            0   -0.0048807  -0.00176401
  0.00242487    0.0048807            0   -0.0015838
-0.000346693   0.00176401    0.0015838            0
EndNode1[0]<--->Repeater1[0]
REAL
    0.42795  0.00502235 -0.00462713    0.347075
 0.00502235   0.0819043  0.00291236   0.0062968
-0.00462713  0.00291236   0.0696186 -0.00797637
   0.347075   0.0062968 -0.00797637    0.420527
IMAGINARY
           0  -0.00934218   0.00552238  -0.00265028
  0.00934218            0   0.00393036  6.13727e-05
 -0.00552238  -0.00393036            0  -0.00182533
  0.00265028 -6.13727e-05   0.00182533            0
EndNode2[0]<--->HoM1[0]
REAL
    0.43103  0.00641895 0.000932454    0.344172
 0.00641895   0.0790091   0.0032634  0.00599062
0.000932454   0.0032634   0.0761408 -0.00231638
   0.344172  0.00599062 -0.00231638     0.41382
IMAGINARY
          0  0.00924292  0.00122014 -0.00933416
-0.00924292           0 -0.00550959  0.00781912
-0.00122014  0.00550959           0 -0.00485242
 0.00933416 -0.00781912  0.00485242           0
Repeater1[0]<--->EndNode1[0]
REAL
    0.42795 -0.00462713  0.00502235    0.347075
-0.00462713   0.0696186  0.00291236 -0.00797637
 0.00502235  0.00291236   0.0819043   0.0062968
   0.347075 -0.00797637   0.0062968    0.420527
IMAGINARY
           0   0.00552238  -0.00934218  -0.00265028
 -0.00552238            0  -0.00393036  -0.00182533
  0.00934218   0.00393036            0  6.13727e-05
  0.00265028   0.00182533 -6.13727e-05            0
Repeater1[0]<--->HoM1[0]
REAL
    0.43103 0.000932454  0.00641895    0.344172
0.000932454   0.0761408   0.0032634 -0.00231638
 0.00641895   0.0032634   0.0790091  0.00599062
   0.344172 -0.00231638  0.00599062     0.41382
IMAGINARY
          0  0.00122014  0.00924292 -0.00933416
-0.00122014           0  0.00550959 -0.00485242
-0.00924292 -0.00550959           0  0.00781912
 0.00933416  0.00485242 -0.00781912           0
EndNode1[0]<--->Repeater1[0]
REAL
   0.423532  0.00342791 -0.00207927    0.353565
 0.00342791   0.0759526  0.00305788  0.00311823
-0.00207927  0.00305788   0.0795572  0.00280586
   0.353565  0.00311823  0.00280586    0.420958
IMAGINARY
          0 -0.00273037 -0.00130492   0.0027574
 0.00273037           0 -0.00495435  0.00435061
 0.00130492  0.00495435           0  0.00247657
 -0.0027574 -0.00435061 -0.00247657           0
EndNode2[0]<--->HoM1[0]
REAL
    0.432866 -0.000435261   0.00376317     0.354052
-0.000435261     0.070828  -0.00717906   0.00363367
  0.00376317  -0.00717906    0.0723567  -0.00254943
    0.354052   0.00363367  -0.00254943     0.423949
IMAGINARY
          0  0.00269197 -0.00660774  0.00831588
-0.00269197           0  0.00331203  0.00825372
 0.00660774 -0.00331203           0 -0.00484441
-0.00831588 -0.00825372  0.00484441           0
Repeater1[0]<--->EndNode1[0]
REAL
   0.423532 -0.00207927  0.00342791    0.353565
-0.00207927   0.0795572  0.00305788  0.00280586
 0.00342791  0.00305788   0.0759526  0.00311823
   0.353565  0.00280586  0.00311823    0.420958
IMAGINARY
          0 -0.00130492 -0.00273037   0.0027574
 0.00130492           0  0.00495435  0.00247657
 0.00273037 -0.00495435           0  0.00435061
 -0.0027574 -0.00247657 -0.00435061           0
Repeater1[0]<--->HoM1[0]
REAL
    0.432866   0.00376317 -0.000435261     0.354052
  0.00376317    0.0723567  -0.00717906  -0.00254943
-0.000435261  -0.00717906     0.070828   0.00363367
    0.354052  -0.00254943   0.00363367     0.423949
IMAGINARY
          0 -0.00660774  0.00269197  0.00831588
 0.00660774           0 -0.00331203 -0.00484441
-0.00269197  0.00331203           0  0.00825372
-0.00831588  0.00484441 -0.00825372           0
EndNode1[0]<--->Repeater1[0]
REAL
   0.421631  0.00114849  0.00231165    0.348242
 0.00114849   0.0795193 -0.00627134 0.000510311
 0.00231165 -0.00627134   0.0825876  0.00372581
   0.348242 0.000510311  0.00372581    0.416262
IMAGINARY
           0  -0.00168631  -0.00302999  -0.00281332
  0.00168631            0  7.19519e-06   0.00239077
  0.00302999 -7.19519e-06            0  -0.00508945
  0.00281332  -0.00239077   0.00508945            0
EndNode2[0]<--->HoM1[0]
REAL
     0.41938   0.00623352 -0.000492213     0.354559
  0.00623352    0.0808786   -0.0037272   0.00439034
-0.000492213   -0.0037272     0.074677   0.00598061
    0.354559   0.00439034   0.00598061     0.425065
IMAGINARY
          0 -0.00311271 -0.00700622   0.0014564
 0.00311271           0  0.00531244  0.00855501
 0.00700622 -0.00531244           0 -0.00488936
 -0.0014564 -0.00855501  0.00488936           0
Repeater1[0]<--->EndNode1[0]
REAL
   0.421631  0.00231165  0.00114849    0.348242
 0.00231165   0.0825876 -0.00627134  0.00372581
 0.00114849 -0.00627134   0.0795193 0.000510311
   0.348242  0.00372581 0.000510311    0.416262
IMAGINARY
           0  -0.00302999  -0.00168631  -0.00281332
  0.00302999            0 -7.19519e-06  -0.00508945
  0.00168631  7.19519e-06            0   0.00239077
  0.00281332   0.00508945  -0.00239077            0
Repeater1[0]<--->HoM1[0]
REAL
     0.41938 -0.000492213   0.00623352     0.354559
-0.000492213     0.074677   -0.0037272   0.00598061
  0.00623352   -0.0037272    0.0808786   0.00439034
    0.354559   0.00598061   0.00439034     0.425065
IMAGINARY
          0 -0.00700622 -0.00311271   0.0014564
 0.00700622           0 -0.00531244 -0.00488936
 0.00311271  0.00531244           0  0.00855501
 -0.0014564  0.00488936 -0.00855501           0
EndNode1[0]<--->Repeater1[0]
REAL
   0.430166 -0.00216801  0.00546269    0.354844
-0.00216801   0.0672378   0.0024096  0.00316911
 0.00546269   0.0024096   0.0773624  0.00564649
   0.354844  0.00316911  0.00564649    0.425234
IMAGINARY
           0   0.00123498    0.0129146   0.00630995
 -0.00123498            0  0.000101984  -0.00657585
  -0.0129146 -0.000101984            0   -0.0111234
 -0.00630995   0.00657585    0.0111234            0
EndNode2[0]<--->HoM1[0]
REAL
    0.418779 -0.000626336  -0.00160981     0.348519
-0.000626336    0.0706156   0.00191239   0.00846608
 -0.00160981   0.00191239    0.0770823  -0.00140515
    0.348519   0.00846608  -0.00140515     0.433523
IMAGINARY
           0   -0.0109849    0.0124307  0.000547916
   0.0109849            0  -0.00697465  -0.00180328
  -0.0124307   0.00697465            0 -0.000922945
-0.000547916   0.00180328  0.000922945            0
Repeater1[0]<--->EndNode1[0]
REAL
   0.430166  0.00546269 -0.00216801    0.354844
 0.00546269   0.0773624   0.0024096  0.00564649
-0.00216801   0.0024096   0.0672378  0.00316911
   0.354844  0.00564649  0.00316911    0.425234
IMAGINARY
           0    0.0129146   0.00123498   0.00630995
  -0.0129146            0 -0.000101984   -0.0111234
 -0.00123498  0.000101984            0  -0.00657585
 -0.00630995    0.0111234   0.00657585            0
Repeater1[0]<--->HoM1[0]
REAL
    0.418779  -0.00160981 -0.000626336     0.348519
 -0.00160981    0.0770823   0.00191239  -0.00140515
-0.000626336   0.00191239    0.0706156   0.00846608
    0.348519  -0.00140515   0.00846608     0.433523
IMAGINARY
           0    0.0124307   -0.0109849  0.000547916
  -0.0124307            0   0.00697465 -0.000922945
   0.0109849  -0.00697465            0  -0.00180328
-0.000547916  0.000922945   0.00180328            0
EndNode1[0]<--->Repeater1[0]
REAL
   0.423556 -0.00557765 -0.00390984    0.350844
-0.00557765   0.0714831 -0.00738995 -0.00339224
-0.00390984 -0.00738995   0.0737726 -0.00351792
   0.350844 -0.00339224 -0.00351792    0.431188
IMAGINARY
           0  -0.00269072 -0.000610856  0.000550963
  0.00269072            0   -0.0173295  -0.00537031
 0.000610856    0.0173295            0   0.00179991
-0.000550963   0.00537031  -0.00179991            0
EndNode2[0]<--->HoM1[0]
REAL
    0.425593  -0.00264518   0.00184692     0.347538
 -0.00264518    0.0776648   0.00543316 -0.000813328
  0.00184692   0.00543316    0.0727131  -0.00226438
    0.347538 -0.000813328  -0.00226438     0.424029
IMAGINARY
          0 -0.00417961  0.00241787   0.0136679
 0.00417961           0  0.00119908  0.00591981
-0.00241787 -0.00119908           0 -0.00676359
 -0.0136679 -0.00591981  0.00676359           0
Repeater1[0]<--->EndNode1[0]
REAL
   0.423556 -0.00390984 -0.00557765    0.350844
-0.00390984   0.0737726 -0.00738995 -0.00351792
-0.00557765 -0.00738995   0.0714831 -0.00339224
   0.350844 -0.00351792 -0.00339224    0.431188
IMAGINARY
           0 -0.000610856  -0.00269072  0.000550963
 0.000610856            0    0.0173295   0.00179991
  0.00269072   -0.0173295            0  -0.00537031
-0.000550963  -0.00179991   0.00537031            0
Repeater1[0]<--->HoM1[0]
REAL
    0.425593   0.00184692  -0.00264518     0.347538
  0.00184692    0.0727131   0.00543316  -0.00226438
 -0.00264518   0.00543316    0.0776648 -0.000813328
    0.347538  -0.00226438 -0.000813328     0.424029
IMAGINARY
          0  0.00241787 -0.00417961   0.0136679
-0.00241787           0 -0.00119908 -0.00676359
 0.00417961  0.00119908           0  0.00591981
 -0.0136679  0.00676359 -0.00591981           0
EndNode1[0]<--->Repeater1[0]
REAL
   0.403196   -0.002488 -0.00361303    0.343729
  -0.002488   0.0713715 -0.00295998  0.00620115
-0.00361303 -0.00295998   0.0809587  0.00359719
   0.343729  0.00620115  0.00359719    0.444474
IMAGINARY
          0   0.0124578 -0.00595652 -0.00253437
 -0.0124578           0 -0.00494371 -0.00112928
 0.00595652  0.00494371           0  0.00519228
 0.00253437  0.00112928 -0.00519228           0
EndNode2[0]<--->HoM1[0]
REAL
    0.448035   0.00588839 -0.000229195     0.346456
  0.00588839    0.0760083  -0.00671285    0.0122805
-0.000229195  -0.00671285    0.0718718   0.00488084
    0.346456    0.0122805   0.00488084     0.404085
IMAGINARY
          0   0.0041259  -0.0105262   0.0076127
 -0.0041259           0  -0.0077376  0.00691563
  0.0105262   0.0077376           0  0.00670588
 -0.0076127 -0.00691563 -0.00670588           0
Repeater1[0]<--->EndNode1[0]
REAL
   0.403196 -0.00361303   -0.002488    0.343729
-0.00361303   0.0809587 -0.00295998  0.00359719
  -0.002488 -0.00295998   0.0713715  0.00620115
   0.343729  0.00359719  0.00620115    0.444474
IMAGINARY
          0 -0.00595652   0.0124578 -0.00253437
 0.00595652           0  0.00494371  0.00519228
 -0.0124578 -0.00494371           0 -0.00112928
 0.00253437 -0.00519228  0.00112928           0
Repeater1[0]<--->HoM1[0]
REAL
    0.448035 -0.000229195   0.00588839     0.346456
-0.000229195    0.0718718  -0.00671285   0.00488084
  0.00588839  -0.00671285    0.0760083    0.0122805
    0.346456   0.00488084    0.0122805     0.404085
IMAGINARY
          0  -0.0105262   0.0041259   0.0076127
  0.0105262           0   0.0077376  0.00670588
 -0.0041259  -0.0077376           0  0.00691563
 -0.0076127 -0.00670588 -0.00691563           0
EndNode1[0]<--->Repeater1[0]
REAL
    0.423777   0.00502763  -0.00546104     0.355353
  0.00502763     0.070971 -2.51529e-05   0.00351652
 -0.00546104 -2.51529e-05    0.0814758  -0.00852776
    0.355353   0.00351652  -0.00852776     0.423777
IMAGINARY
          0 -0.00326867 -0.00197381  0.00701382
 0.00326867           0 -0.00240553  0.00866449
 0.00197381  0.00240553           0  0.00481267
-0.00701382 -0.00866449 -0.00481267           0
EndNode2[0]<--->HoM1[0]
REAL
   0.434207  0.00856877 0.000665516    0.350343
 0.00856877   0.0733011  0.00773138  0.00703081
0.000665516  0.00773138   0.0725375  0.00173647
   0.350343  0.00703081  0.00173647    0.419954
IMAGINARY
          0  0.00677984 -0.00832038  0.00180273
-0.00677984           0  0.00154433  0.00467834
 0.00832038 -0.00154433           0 -0.00339795
-0.00180273 -0.00467834  0.00339795           0
Repeater1[0]<--->EndNode1[0]
REAL
    0.423777  -0.00546104   0.00502763     0.355353
 -0.00546104    0.0814758 -2.51529e-05  -0.00852776
  0.00502763 -2.51529e-05     0.070971   0.00351652
    0.355353  -0.00852776   0.00351652     0.423777
IMAGINARY
          0 -0.00197381 -0.00326867  0.00701382
 0.00197381           0  0.00240553  0.00481267
 0.00326867 -0.00240553           0  0.00866449
-0.00701382 -0.00481267 -0.00866449           0
Repeater1[0]<--->HoM1[0]
REAL
   0.434207 0.000665516  0.00856877    0.350343
0.000665516   0.0725375  0.00773138  0.00173647
 0.00856877  0.00773138   0.0733011  0.00703081
   0.350343  0.00173647  0.00703081    0.419954
IMAGINARY
          0 -0.00832038  0.00677984  0.00180273
 0.00832038           0 -0.00154433 -0.00339795
-0.00677984  0.00154433           0  0.00467834
-0.00180273  0.00339795 -0.00467834           0
EndNode1[0]<--->Repeater1[0]
REAL
    0.430209 -0.000942781   0.00307543      0.35677
-0.000942781    0.0753948  -0.00584146    0.0105343
  0.00307543  -0.00584146     0.080489   0.00641213
     0.35677    0.0105343   0.00641213     0.413907
IMAGINARY
          0  0.00666205 -0.00162674  0.00738455
-0.00666205           0  0.00328619 -0.00571463
 0.00162674 -0.00328619           0 -0.00351574
-0.00738455  0.00571463  0.00351574           0
EndNode2[0]<--->HoM1[0]
REAL
   0.421365 -0.00340458  -0.0112539    0.348777
-0.00340458   0.0785001 -0.00150416  0.00216295
 -0.0112539 -0.00150416   0.0714864  0.00522277
   0.348777  0.00216295  0.00522277    0.428649
IMAGINARY
          0 -0.00225659  0.00424053 -0.00120506
 0.00225659           0 -0.00236455   -0.005007
-0.00424053  0.00236455           0 -0.00464173
 0.00120506    0.005007  0.00464173           0
Repeater1[0]<--->EndNode1[0]
REAL
    0.430209   0.00307543 -0.000942781      0.35677
  0.00307543     0.080489  -0.00584146   0.00641213
-0.000942781  -0.00584146    0.0753948    0.0105343
     0.35677   0.00641213    0.0105343     0.413907
IMAGINARY
          0 -0.00162674  0.00666205  0.00738455
 0.00162674           0 -0.00328619 -0.00351574
-0.00666205  0.00328619           0 -0.00571463
-0.00738455  0.00351574  0.00571463           0
Repeater1[0]<--->HoM1[0]
REAL
   0.421365  -0.0112539 -0.00340458    0.348777
 -0.0112539   0.0714864 -0.00150416  0.00522277
-0.00340458 -0.00150416   0.0785001  0.00216295
   0.348777  0.00522277  0.00216295    0.428649
IMAGINARY
          0  0.00424053 -0.00225659 -0.00120506
-0.00424053           0  0.00236455 -0.00464173
 0.00225659 -0.00236455           0   -0.005007
 0.00120506  0.00464173    0.005007           0
EndNode1[0]<--->Repeater1[0]
REAL
   0.422499  0.00430246 0.000710012    0.348374
 0.00430246   0.0763553 -0.00105811   0.0104937
0.000710012 -0.00105811   0.0692288 -0.00404191
   0.348374   0.0104937 -0.00404191    0.431917
IMAGINARY
          0  0.00373862 -0.00384217  -0.0027001
-0.00373862           0 -0.00118188  -0.0179737
 0.00384217  0.00118188           0  0.00925003
  0.0027001   0.0179737 -0.00925003           0
EndNode2[0]<--->HoM1[0]
REAL
     0.42956   0.00497802 -0.000684959     0.351273
  0.00497802    0.0753831   0.00214431   0.00195078
-0.000684959   0.00214431    0.0795848  -0.00902866
    0.351273   0.00195078  -0.00902866     0.415472
IMAGINARY
           0  0.000439906    0.0011731    0.0035842
-0.000439906            0   0.00178933   -0.0011731
  -0.0011731  -0.00178933            0   -0.0104297
  -0.0035842    0.0011731    0.0104297            0
Repeater1[0]<--->EndNode1[0]
REAL
   0.422499 0.000710012  0.00430246    0.348374
0.000710012   0.0692288 -0.00105811 -0.00404191
 0.00430246 -0.00105811   0.0763553   0.0104937
   0.348374 -0.00404191   0.0104937    0.431917
IMAGINARY
          0 -0.00384217  0.00373862  -0.0027001
 0.00384217           0  0.00118188  0.00925003
-0.00373862 -0.00118188           0  -0.0179737
  0.0027001 -0.00925003   0.0179737           0
Repeater1[0]<--->HoM1[0]
REAL
