EndNode1[0]<--->Repeater1[0]
REAL
   0.464832  -0.0184593  -0.0263176    0.375012
 -0.0184593   0.0825688 -0.00404415    0.003737
 -0.0263176 -0.00404415   0.0733945  -0.0105729
   0.375012    0.003737  -0.0105729    0.379205
IMAGINARY
           0 -0.000503857   0.00368732   0.00820184
 0.000503857            0  -0.00531167   0.00368732
 -0.00368732   0.00531167            0  -0.00982063
 -0.00820184  -0.00368732   0.00982063            0
EndNode2[0]<--->HoM1[0]
REAL
  0.427673  0.0121671  0.0230059   0.355028
 0.0121671  0.0597484 -0.0166136 0.00138431
 0.0230059 -0.0166136   0.091195  0.0213695
  0.355028 0.00138431  0.0213695   0.421384
IMAGINARY
          0   -0.028764 -0.00653312   0.0597212
   0.028764           0   0.0227349   0.0110107
 0.00653312  -0.0227349           0   0.0392118
 -0.0597212  -0.0110107  -0.0392118           0
Repeater1[0]<--->EndNode1[0]
REAL
   0.464832  -0.0263176  -0.0184593    0.375012
 -0.0263176   0.0733945 -0.00404415  -0.0105729
 -0.0184593 -0.00404415   0.0825688    0.003737
   0.375012  -0.0105729    0.003737    0.379205
IMAGINARY
           0   0.00368732 -0.000503857   0.00820184
 -0.00368732            0   0.00531167  -0.00982063
 0.000503857  -0.00531167            0   0.00368732
 -0.00820184   0.00982063  -0.00368732            0
Repeater1[0]<--->HoM1[0]
REAL
  0.427673  0.0230059  0.0121671   0.355028
 0.0230059   0.091195 -0.0166136  0.0213695
 0.0121671 -0.0166136  0.0597484 0.00138431
  0.355028  0.0213695 0.00138431   0.421384
IMAGINARY
          0 -0.00653312   -0.028764   0.0597212
 0.00653312           0  -0.0227349   0.0392118
   0.028764   0.0227349           0   0.0110107
 -0.0597212  -0.0392118  -0.0110107           0
EndNode1[0]<--->Repeater1[0]
REAL
    0.420749  -0.00147292    0.0116842     0.349329
 -0.00147292     0.103746    0.0110059 -0.000510969
   0.0116842    0.0110059    0.0518732   0.00705951
    0.349329 -0.000510969   0.00705951     0.423631
IMAGINARY
          0  0.00371865   0.0159443  -0.0190338
-0.00371865           0 -0.00712901  0.00800779
 -0.0159443  0.00712901           0  0.00226937
  0.0190338 -0.00800779 -0.00226937           0
EndNode2[0]<--->HoM1[0]
REAL
   0.416149  -0.0141343     -0.0276    0.364873
 -0.0141343   0.0496894 -0.00259722   0.0126299
    -0.0276 -0.00259722   0.0621118   0.0410804
   0.364873   0.0126299   0.0410804     0.47205
IMAGINARY
          0   0.0102912   0.0102637 -0.00245438
 -0.0102912           0  0.00395588   0.0228688
 -0.0102637 -0.00395588           0  -0.0313755
 0.00245438  -0.0228688   0.0313755           0
Repeater1[0]<--->EndNode1[0]
REAL
    0.420749    0.0116842  -0.00147292     0.349329
   0.0116842    0.0518732    0.0110059   0.00705951
 -0.00147292    0.0110059     0.103746 -0.000510969
    0.349329   0.00705951 -0.000510969     0.423631
IMAGINARY
          0   0.0159443  0.00371865  -0.0190338
 -0.0159443           0  0.00712901  0.00226937
-0.00371865 -0.00712901           0  0.00800779
  0.0190338 -0.00226937 -0.00800779           0
Repeater1[0]<--->HoM1[0]
REAL
   0.416149     -0.0276  -0.0141343    0.364873
    -0.0276   0.0621118 -0.00259722   0.0410804
 -0.0141343 -0.00259722   0.0496894   0.0126299
   0.364873   0.0410804   0.0126299     0.47205
IMAGINARY
          0   0.0102637   0.0102912 -0.00245438
 -0.0102637           0 -0.00395588  -0.0313755
 -0.0102912  0.00395588           0   0.0228688
 0.00245438   0.0313755  -0.0228688           0
EndNode1[0]<--->Repeater1[0]
REAL
   0.438538  0.00538367 -0.00480104    0.368739
 0.00538367   0.0996678 -0.00353519 -0.00930554
-0.00480104 -0.00353519   0.0697674  -0.0163555
   0.368739 -0.00930554  -0.0163555    0.392027
IMAGINARY
          0   0.0146585  0.00133092   0.0298703
 -0.0146585           0   0.0178221  -0.0215801
-0.00133092  -0.0178221           0 -0.00375509
 -0.0298703   0.0215801  0.00375509           0
EndNode2[0]<--->HoM1[0]
REAL
   0.485294 -0.00114566 -0.00616752    0.339726
-0.00114566   0.0941176  -0.0107409   0.0018197
-0.00616752  -0.0107409   0.0529412   -0.023492
   0.339726   0.0018197   -0.023492    0.367647
IMAGINARY
         0  0.0225905 -0.0132824   0.005906
-0.0225905          0  0.0365182 -0.0163127
 0.0132824 -0.0365182          0  0.0194655
 -0.005906  0.0163127 -0.0194655          0
Repeater1[0]<--->EndNode1[0]
REAL
   0.438538 -0.00480104  0.00538367    0.368739
-0.00480104   0.0697674 -0.00353519  -0.0163555
 0.00538367 -0.00353519   0.0996678 -0.00930554
   0.368739  -0.0163555 -0.00930554    0.392027
IMAGINARY
          0  0.00133092   0.0146585   0.0298703
-0.00133092           0  -0.0178221 -0.00375509
 -0.0146585   0.0178221           0  -0.0215801
 -0.0298703  0.00375509   0.0215801           0
Repeater1[0]<--->HoM1[0]
REAL
   0.485294 -0.00616752 -0.00114566    0.339726
-0.00616752   0.0529412  -0.0107409   -0.023492
-0.00114566  -0.0107409   0.0941176   0.0018197
   0.339726   -0.023492   0.0018197    0.367647
IMAGINARY
         0 -0.0132824  0.0225905   0.005906
 0.0132824          0 -0.0365182  0.0194655
-0.0225905  0.0365182          0 -0.0163127
 -0.005906 -0.0194655  0.0163127          0
EndNode1[0]<--->Repeater1[0]
REAL
   0.401899  0.00559293  -0.0243451    0.362889
 0.00559293   0.0632911  -0.0160921   0.0145958
 -0.0243451  -0.0160921   0.0727848 -0.00698569
   0.362889   0.0145958 -0.00698569    0.462025
IMAGINARY
           0    0.0317731 -0.000563094   -0.0445331
  -0.0317731            0    0.0119887   -0.0280993
 0.000563094   -0.0119887            0  -0.00311065
   0.0445331    0.0280993   0.00311065            0
EndNode2[0]<--->HoM1[0]
REAL
  0.366667  0.0079072 -0.0011428   0.328868
 0.0079072   0.109091 0.00550659  0.0198928
-0.0011428 0.00550659  0.0727273  0.0139678
  0.328868  0.0198928  0.0139678   0.451515
IMAGINARY
          0 -0.00614024  -0.0224647   0.0192407
 0.00614024           0 -0.00374777  -0.0131479
  0.0224647  0.00374777           0   0.0132627
 -0.0192407   0.0131479  -0.0132627           0
Repeater1[0]<--->EndNode1[0]
REAL
   0.401899  -0.0243451  0.00559293    0.362889
 -0.0243451   0.0727848  -0.0160921 -0.00698569
 0.00559293  -0.0160921   0.0632911   0.0145958
   0.362889 -0.00698569   0.0145958    0.462025
IMAGINARY
           0 -0.000563094    0.0317731   -0.0445331
 0.000563094            0   -0.0119887  -0.00311065
  -0.0317731    0.0119887            0   -0.0280993
   0.0445331   0.00311065    0.0280993            0
Repeater1[0]<--->HoM1[0]
REAL
  0.366667 -0.0011428  0.0079072   0.328868
-0.0011428  0.0727273 0.00550659  0.0139678
 0.0079072 0.00550659   0.109091  0.0198928
  0.328868  0.0139678  0.0198928   0.451515
IMAGINARY
          0  -0.0224647 -0.00614024   0.0192407
  0.0224647           0  0.00374777   0.0132627
 0.00614024 -0.00374777           0  -0.0131479
 -0.0192407  -0.0132627   0.0131479           0
EndNode1[0]<--->Repeater1[0]
REAL
  0.463977   0.004924 -0.0224274   0.355265
  0.004924   0.092219  0.0117869  0.0137568
-0.0224274  0.0117869  0.0662824 -0.0135945
  0.355265  0.0137568 -0.0135945   0.377522
IMAGINARY
          0   0.0101324   -0.023676    0.014934
 -0.0101324           0  -0.0269822 -0.00965732
   0.023676   0.0269822           0  0.00580963
  -0.014934  0.00965732 -0.00580963           0
EndNode2[0]<--->HoM1[0]
REAL
    0.47181  0.00789866  -0.0410593    0.353629
 0.00789866   0.0682493 -0.00772765  0.00663304
 -0.0410593 -0.00772765   0.0652819  -0.0193741
   0.353629  0.00663304  -0.0193741    0.394659
IMAGINARY
          0   0.0188246  -0.0220766  0.00664228
 -0.0188246           0  -0.0270504  -0.0354456
  0.0220766   0.0270504           0   0.0357477
-0.00664228   0.0354456  -0.0357477           0
Repeater1[0]<--->EndNode1[0]
REAL
  0.463977 -0.0224274   0.004924   0.355265
-0.0224274  0.0662824  0.0117869 -0.0135945
  0.004924  0.0117869   0.092219  0.0137568
  0.355265 -0.0135945  0.0137568   0.377522
IMAGINARY
          0   -0.023676   0.0101324    0.014934
   0.023676           0   0.0269822  0.00580963
 -0.0101324  -0.0269822           0 -0.00965732
  -0.014934 -0.00580963  0.00965732           0
Repeater1[0]<--->HoM1[0]
REAL
    0.47181  -0.0410593  0.00789866    0.353629
 -0.0410593   0.0652819 -0.00772765  -0.0193741
 0.00789866 -0.00772765   0.0682493  0.00663304
   0.353629  -0.0193741  0.00663304    0.394659
IMAGINARY
          0  -0.0220766   0.0188246  0.00664228
  0.0220766           0   0.0270504   0.0357477
 -0.0188246  -0.0270504           0  -0.0354456
-0.00664228  -0.0357477   0.0354456           0
EndNode1[0]<--->Repeater1[0]
REAL
    0.368421    -0.012724   -0.0247923     0.355173
   -0.012724    0.0614035    -0.031455 -0.000848682
  -0.0247923    -0.031455    0.0994152  -0.00971192
    0.355173 -0.000848682  -0.00971192      0.47076
IMAGINARY
           0  0.000735716   -0.0186335     0.021784
-0.000735716            0     0.005655    0.0186335
   0.0186335    -0.005655            0    0.0254271
   -0.021784   -0.0186335   -0.0254271            0
EndNode2[0]<--->HoM1[0]
REAL
    0.409836 -0.000668066   -0.0026393     0.347239
-0.000668066    0.0956284  -0.00852978  -0.00703812
  -0.0026393  -0.00852978     0.079235    -0.015461
    0.347239  -0.00703812    -0.015461     0.415301
IMAGINARY
         0 -0.0123585  0.0425635  0.0222966
 0.0123585          0 -0.0171771 -0.0201276
-0.0425635  0.0171771          0   0.025179
-0.0222966  0.0201276  -0.025179          0
Repeater1[0]<--->EndNode1[0]
REAL
    0.368421   -0.0247923    -0.012724     0.355173
  -0.0247923    0.0994152    -0.031455  -0.00971192
   -0.012724    -0.031455    0.0614035 -0.000848682
    0.355173  -0.00971192 -0.000848682      0.47076
IMAGINARY
           0   -0.0186335  0.000735716     0.021784
   0.0186335            0    -0.005655    0.0254271
-0.000735716     0.005655            0    0.0186335
   -0.021784   -0.0254271   -0.0186335            0
Repeater1[0]<--->HoM1[0]
REAL
    0.409836   -0.0026393 -0.000668066     0.347239
  -0.0026393     0.079235  -0.00852978    -0.015461
-0.000668066  -0.00852978    0.0956284  -0.00703812
    0.347239    -0.015461  -0.00703812     0.415301
IMAGINARY
         0  0.0425635 -0.0123585  0.0222966
-0.0425635          0  0.0171771   0.025179
 0.0123585 -0.0171771          0 -0.0201276
-0.0222966  -0.025179  0.0201276          0
EndNode1[0]<--->Repeater1[0]
REAL
        0.4 -0.00504331  0.00311482     0.37313
-0.00504331   0.0694444   0.0133735  -0.0123173
 0.00311482   0.0133735   0.0916667  -0.0256315
    0.37313  -0.0123173  -0.0256315    0.438889
IMAGINARY
          0   0.0202172 -0.00773084  -0.0113142
 -0.0202172           0 -0.00581973  -0.0166594
 0.00773084  0.00581973           0 -0.00802204
  0.0113142   0.0166594  0.00802204           0
EndNode2[0]<--->HoM1[0]
REAL
   0.442197 -0.00843482   0.0106068    0.358087
-0.00843482   0.0578035  -0.0121659  -0.0151385
  0.0106068  -0.0121659    0.083815  0.00088195
   0.358087  -0.0151385  0.00088195    0.416185
IMAGINARY
          0  -0.0607181   0.0118983  0.00426616
  0.0607181           0   0.0120543   0.0134181
 -0.0118983  -0.0120543           0    0.025908
-0.00426616  -0.0134181   -0.025908           0
Repeater1[0]<--->EndNode1[0]
REAL
        0.4  0.00311482 -0.00504331     0.37313
 0.00311482   0.0916667   0.0133735  -0.0256315
-0.00504331   0.0133735   0.0694444  -0.0123173
    0.37313  -0.0256315  -0.0123173    0.438889
IMAGINARY
          0 -0.00773084   0.0202172  -0.0113142
 0.00773084           0  0.00581973 -0.00802204
 -0.0202172 -0.00581973           0  -0.0166594
  0.0113142  0.00802204   0.0166594           0
Repeater1[0]<--->HoM1[0]
REAL
   0.442197   0.0106068 -0.00843482    0.358087
  0.0106068    0.083815  -0.0121659  0.00088195
-0.00843482  -0.0121659   0.0578035  -0.0151385
   0.358087  0.00088195  -0.0151385    0.416185
IMAGINARY
          0   0.0118983  -0.0607181  0.00426616
 -0.0118983           0  -0.0120543    0.025908
  0.0607181   0.0120543           0   0.0134181
-0.00426616   -0.025908  -0.0134181           0
EndNode1[0]<--->Repeater1[0]
REAL
    0.40604 -0.00431089 -0.00525526    0.332378
-0.00431089   0.0838926  -0.0125584 -0.00525526
-0.00525526  -0.0125584   0.0771812  -0.0122056
   0.332378 -0.00525526  -0.0122056    0.432886
IMAGINARY
           0  0.000511635    -0.028439  0.000869611
-0.000511635            0    0.0103036    0.0379327
    0.028439   -0.0103036            0    0.0184757
-0.000869611   -0.0379327   -0.0184757            0
EndNode2[0]<--->HoM1[0]
REAL
  0.439759 0.00464074  0.0048043   0.334893
0.00464074   0.063253  0.0230952  0.0277401
 0.0048043  0.0230952  0.0873494  0.0160693
  0.334893  0.0277401  0.0160693   0.409639
IMAGINARY
           0  0.000671357   -0.0258004   -0.0231011
-0.000671357            0  -0.00321471  -0.00228946
   0.0258004   0.00321471            0   0.00213763
   0.0231011   0.00228946  -0.00213763            0
Repeater1[0]<--->EndNode1[0]
REAL
    0.40604 -0.00525526 -0.00431089    0.332378
-0.00525526   0.0771812  -0.0125584  -0.0122056
-0.00431089  -0.0125584   0.0838926 -0.00525526
   0.332378  -0.0122056 -0.00525526    0.432886
IMAGINARY
           0    -0.028439  0.000511635  0.000869611
    0.028439            0   -0.0103036    0.0184757
-0.000511635    0.0103036            0    0.0379327
-0.000869611   -0.0184757   -0.0379327            0
Repeater1[0]<--->HoM1[0]
REAL
  0.439759  0.0048043 0.00464074   0.334893
 0.0048043  0.0873494  0.0230952  0.0160693
0.00464074  0.0230952   0.063253  0.0277401
  0.334893  0.0160693  0.0277401   0.409639
IMAGINARY
           0   -0.0258004  0.000671357   -0.0231011
   0.0258004            0   0.00321471   0.00213763
-0.000671357  -0.00321471            0  -0.00228946
   0.0231011  -0.00213763   0.00228946            0
EndNode1[0]<--->Repeater1[0]
REAL
   0.424855 -0.00092092 -0.00252642    0.338261
-0.00092092    0.083815  -0.0111712   0.0241402
-0.00252642  -0.0111712   0.0809249  -0.0408658
   0.338261   0.0241402  -0.0408658    0.410405
IMAGINARY
          0  0.00270707  -0.0226661 -0.00216365
-0.00270707           0  -0.0344217 -0.00574301
  0.0226661   0.0344217           0   0.0285429
 0.00216365  0.00574301  -0.0285429           0
EndNode2[0]<--->HoM1[0]
REAL
  0.440828  0.0159334  0.0183672   0.378096
 0.0159334  0.0621302 -0.0104489  0.0286917
 0.0183672 -0.0104489  0.0887574 -0.0129922
  0.378096  0.0286917 -0.0129922   0.408284
IMAGINARY
          0   0.0416324  -0.0490712  -0.0187204
 -0.0416324           0   0.0126229 -0.00201238
  0.0490712  -0.0126229           0    0.028027
  0.0187204  0.00201238   -0.028027           0
Repeater1[0]<--->EndNode1[0]
REAL
   0.424855 -0.00252642 -0.00092092    0.338261
-0.00252642   0.0809249  -0.0111712  -0.0408658
-0.00092092  -0.0111712    0.083815   0.0241402
   0.338261  -0.0408658   0.0241402    0.410405
IMAGINARY
          0  -0.0226661  0.00270707 -0.00216365
  0.0226661           0   0.0344217   0.0285429
-0.00270707  -0.0344217           0 -0.00574301
 0.00216365  -0.0285429  0.00574301           0
Repeater1[0]<--->HoM1[0]
REAL
  0.440828  0.0183672  0.0159334   0.378096
 0.0183672  0.0887574 -0.0104489 -0.0129922
 0.0159334 -0.0104489  0.0621302  0.0286917
  0.378096 -0.0129922  0.0286917   0.408284
IMAGINARY
          0  -0.0490712   0.0416324  -0.0187204
  0.0490712           0  -0.0126229    0.028027
 -0.0416324   0.0126229           0 -0.00201238
  0.0187204   -0.028027  0.00201238           0
EndNode1[0]<--->Repeater1[0]
REAL
   0.419643 -0.00404951 -0.00748253    0.359059
-0.00404951   0.0892857   0.0133446  -0.0118053
-0.00748253   0.0133446      0.0625   0.0174026
   0.359059  -0.0118053   0.0174026    0.428571
IMAGINARY
           0  -0.00436317  -0.00509595     0.005048
  0.00436317            0    0.0138199 -0.000618337
  0.00509595   -0.0138199            0  -0.00135112
   -0.005048  0.000618337   0.00135112            0
EndNode2[0]<--->HoM1[0]
REAL
   0.412587 -0.00943773    0.013013     0.32818
-0.00943773    0.104895   0.0142267   0.0199382
   0.013013   0.0142267    0.104895   0.0395237
    0.32818   0.0199382   0.0395237    0.377622
IMAGINARY
          0  0.00272791   0.0056204  0.00744048
-0.00272791           0 -0.00744048  -0.0106038
 -0.0056204  0.00744048           0  -0.0110336
-0.00744048   0.0106038   0.0110336           0
Repeater1[0]<--->EndNode1[0]
REAL
   0.419643 -0.00748253 -0.00404951    0.359059
-0.00748253      0.0625   0.0133446   0.0174026
-0.00404951   0.0133446   0.0892857  -0.0118053
   0.359059   0.0174026  -0.0118053    0.428571
IMAGINARY
           0  -0.00509595  -0.00436317     0.005048
  0.00509595            0   -0.0138199  -0.00135112
  0.00436317    0.0138199            0 -0.000618337
   -0.005048   0.00135112  0.000618337            0
Repeater1[0]<--->HoM1[0]
REAL
   0.412587    0.013013 -0.00943773     0.32818
   0.013013    0.104895   0.0142267   0.0395237
-0.00943773   0.0142267    0.104895   0.0199382
    0.32818   0.0395237   0.0199382    0.377622
IMAGINARY
          0   0.0056204  0.00272791  0.00744048
 -0.0056204           0  0.00744048  -0.0110336
-0.00272791 -0.00744048           0  -0.0106038
-0.00744048   0.0110336   0.0106038           0
EndNode1[0]<--->Repeater1[0]
REAL
  0.467647  0.0324182  0.0104867   0.351277
 0.0324182  0.0558824  0.0222171  0.0166217
 0.0104867  0.0222171   0.102941 0.00673843
  0.351277  0.0166217 0.00673843   0.373529
IMAGINARY
          0  0.00157071 -0.00593614  0.00641439
-0.00157071           0   0.0094084  0.00166264
 0.00593614  -0.0094084           0 -0.00869322
-0.00641439 -0.00166264  0.00869322           0
EndNode2[0]<--->HoM1[0]
REAL
  0.434524   0.016638  0.0168563   0.352319
  0.016638  0.0684524 -0.0011289 -0.0406658
 0.0168563 -0.0011289  0.0744048 -0.0285427
  0.352319 -0.0406658 -0.0285427   0.422619
IMAGINARY
          0  -0.0287921  0.00966562 -0.00375355
  0.0287921           0   0.0052826  0.00182863
-0.00966562  -0.0052826           0  0.00292999
 0.00375355 -0.00182863 -0.00292999           0
Repeater1[0]<--->EndNode1[0]
REAL
  0.467647  0.0104867  0.0324182   0.351277
 0.0104867   0.102941  0.0222171 0.00673843
 0.0324182  0.0222171  0.0558824  0.0166217
  0.351277 0.00673843  0.0166217   0.373529
IMAGINARY
          0 -0.00593614  0.00157071  0.00641439
 0.00593614           0  -0.0094084 -0.00869322
-0.00157071   0.0094084           0  0.00166264
-0.00641439  0.00869322 -0.00166264           0
Repeater1[0]<--->HoM1[0]
REAL
  0.434524  0.0168563   0.016638   0.352319
 0.0168563  0.0744048 -0.0011289 -0.0285427
  0.016638 -0.0011289  0.0684524 -0.0406658
  0.352319 -0.0285427 -0.0406658   0.422619
IMAGINARY
          0  0.00966562  -0.0287921 -0.00375355
-0.00966562           0  -0.0052826  0.00292999
  0.0287921   0.0052826           0  0.00182863
 0.00375355 -0.00292999 -0.00182863           0
EndNode1[0]<--->Repeater1[0]
REAL
  0.434251  0.0108601   0.018794   0.369232
 0.0108601  0.0825688 0.00200062 0.00723335
  0.018794 0.00200062  0.0611621  0.0124275
  0.369232 0.00723335  0.0124275   0.422018
IMAGINARY
         0  0.0488918 -0.0340444  0.0363592
-0.0488918          0    0.01611  -0.016803
 0.0340444   -0.01611          0  0.0104302
-0.0363592   0.016803 -0.0104302          0
EndNode2[0]<--->HoM1[0]
REAL
   0.384615 -0.00939081  -0.0223501    0.348162
-0.00939081   0.0659341 -0.00777066 -0.00207985
 -0.0223501 -0.00777066   0.0824176  0.00124749
   0.348162 -0.00207985  0.00124749    0.467033
IMAGINARY
          0  0.00180477  -0.0101486  -0.0297236
-0.00180477           0  -0.0167553 -0.00397573
  0.0101486   0.0167553           0 -0.00745449
  0.0297236  0.00397573  0.00745449           0
Repeater1[0]<--->EndNode1[0]
REAL
  0.434251   0.018794  0.0108601   0.369232
  0.018794  0.0611621 0.00200062  0.0124275
 0.0108601 0.00200062  0.0825688 0.00723335
  0.369232  0.0124275 0.00723335   0.422018
IMAGINARY
         0 -0.0340444  0.0488918  0.0363592
 0.0340444          0   -0.01611  0.0104302
-0.0488918    0.01611          0  -0.016803
-0.0363592 -0.0104302   0.016803          0
Repeater1[0]<--->HoM1[0]
REAL
   0.384615  -0.0223501 -0.00939081    0.348162
 -0.0223501   0.0824176 -0.00777066  0.00124749
-0.00939081 -0.00777066   0.0659341 -0.00207985
   0.348162  0.00124749 -0.00207985    0.467033
IMAGINARY
          0  -0.0101486  0.00180477  -0.0297236
  0.0101486           0   0.0167553 -0.00745449
-0.00180477  -0.0167553           0 -0.00397573
  0.0297236  0.00745449  0.00397573           0
EndNode1[0]<--->Repeater1[0]
REAL
     0.42671   0.00118776     0.010444     0.364003
  0.00118776    0.0846906 -0.000226338   -0.0119919
    0.010444 -0.000226338    0.0684039   -0.0522714
    0.364003   -0.0119919   -0.0522714     0.420195
IMAGINARY
          0 -0.00182693   0.0357889  -0.0174442
 0.00182693           0  0.00020284 -0.00315187
 -0.0357889 -0.00020284           0 -0.00470049
  0.0174442  0.00315187  0.00470049           0
EndNode2[0]<--->HoM1[0]
REAL
   0.440233  0.00302198 -0.00483835    0.348005
 0.00302198   0.0845481  0.00737981  -0.0120847
-0.00483835  0.00737981   0.0349854  -0.0107143
   0.348005  -0.0120847  -0.0107143    0.440233
IMAGINARY
          0  -0.0267207   0.0158639 -0.00394783
  0.0267207           0   0.0068214 -0.00961385
 -0.0158639  -0.0068214           0 -0.00140427
 0.00394783  0.00961385  0.00140427           0
Repeater1[0]<--->EndNode1[0]
REAL
     0.42671     0.010444   0.00118776     0.364003
    0.010444    0.0684039 -0.000226338   -0.0522714
  0.00118776 -0.000226338    0.0846906   -0.0119919
    0.364003   -0.0522714   -0.0119919     0.420195
IMAGINARY
          0   0.0357889 -0.00182693  -0.0174442
 -0.0357889           0 -0.00020284 -0.00470049
 0.00182693  0.00020284           0 -0.00315187
  0.0174442  0.00470049  0.00315187           0
Repeater1[0]<--->HoM1[0]
REAL
   0.440233 -0.00483835  0.00302198    0.348005
-0.00483835   0.0349854  0.00737981  -0.0107143
 0.00302198  0.00737981   0.0845481  -0.0120847
   0.348005  -0.0107143  -0.0120847    0.440233
IMAGINARY
          0   0.0158639  -0.0267207 -0.00394783
 -0.0158639           0  -0.0068214 -0.00140427
  0.0267207   0.0068214           0 -0.00961385
 0.00394783  0.00140427  0.00961385           0
EndNode1[0]<--->Repeater1[0]
REAL
   0.482192   0.0036207   0.0194187    0.345733
  0.0036207   0.0739726 -0.00661614   0.0137044
  0.0194187 -0.00661614   0.0684932   0.0200386
   0.345733   0.0137044   0.0200386    0.375342
IMAGINARY
          0   0.0103389  -0.0162964  -0.0105104
 -0.0103389           0  0.00740486  -0.0105493
  0.0162964 -0.00740486           0 -0.00362754
  0.0105104   0.0105493  0.00362754           0
EndNode2[0]<--->HoM1[0]
REAL
  0.446154  0.0338864  0.0103289   0.344478
 0.0338864  0.0953846  0.0316285 0.00884518
 0.0103289  0.0316285  0.0676923 0.00888643
  0.344478 0.00884518 0.00888643   0.390769
IMAGINARY
          0  -0.0097455  0.00153374   0.0109375
  0.0097455           0   0.0109375 -0.00153374
-0.00153374  -0.0109375           0  0.00136561
 -0.0109375  0.00153374 -0.00136561           0
Repeater1[0]<--->EndNode1[0]
REAL
   0.482192   0.0194187   0.0036207    0.345733
  0.0194187   0.0684932 -0.00661614   0.0200386
  0.0036207 -0.00661614   0.0739726   0.0137044
   0.345733   0.0200386   0.0137044    0.375342
IMAGINARY
          0  -0.0162964   0.0103389  -0.0105104
  0.0162964           0 -0.00740486 -0.00362754
 -0.0103389  0.00740486           0  -0.0105493
  0.0105104  0.00362754   0.0105493           0
Repeater1[0]<--->HoM1[0]
REAL
  0.446154  0.0103289  0.0338864   0.344478
 0.0103289  0.0676923  0.0316285 0.00888643
 0.0338864  0.0316285  0.0953846 0.00884518
  0.344478 0.00888643 0.00884518   0.390769
IMAGINARY
          0  0.00153374  -0.0097455   0.0109375
-0.00153374           0  -0.0109375  0.00136561
  0.0097455   0.0109375           0 -0.00153374
 -0.0109375 -0.00136561  0.00153374           0
EndNode1[0]<--->Repeater1[0]
REAL
   0.411429 -0.00681373   0.0213735    0.344292
-0.00681373        0.08 -0.00273353   0.0162888
  0.0213735 -0.00273353   0.0914286  0.00551503
   0.344292   0.0162888  0.00551503    0.417143
IMAGINARY
          0  -0.0132004    0.015441  -0.0141712
  0.0132004           0 -0.00922066   0.0086383
  -0.015441  0.00922066           0 -0.00521319
  0.0141712  -0.0086383  0.00521319           0
EndNode2[0]<--->HoM1[0]
REAL
   0.46789 -0.0172303 -0.0178902   0.325461
-0.0172303  0.0764526 -0.0225629  0.0251365
-0.0178902 -0.0225629  0.0642202 0.00128824
  0.325461  0.0251365 0.00128824   0.391437
IMAGINARY
          0  0.00953263 -0.00151976   0.0106707
-0.00953263           0  -0.0106707 -0.00911854
 0.00151976   0.0106707           0  0.00110567
 -0.0106707  0.00911854 -0.00110567           0
Repeater1[0]<--->EndNode1[0]
REAL
   0.411429   0.0213735 -0.00681373    0.344292
  0.0213735   0.0914286 -0.00273353  0.00551503
-0.00681373 -0.00273353        0.08   0.0162888
   0.344292  0.00551503   0.0162888    0.417143
IMAGINARY
          0    0.015441  -0.0132004  -0.0141712
  -0.015441           0  0.00922066 -0.00521319
  0.0132004 -0.00922066           0   0.0086383
  0.0141712  0.00521319  -0.0086383           0
Repeater1[0]<--->HoM1[0]
REAL
   0.46789 -0.0178902 -0.0172303   0.325461
-0.0178902  0.0642202 -0.0225629 0.00128824
-0.0172303 -0.0225629  0.0764526  0.0251365
  0.325461 0.00128824  0.0251365   0.391437
IMAGINARY
          0 -0.00151976  0.00953263   0.0106707
 0.00151976           0   0.0106707  0.00110567
-0.00953263  -0.0106707           0 -0.00911854
 -0.0106707 -0.00110567  0.00911854           0
EndNode1[0]<--->Repeater1[0]
REAL
   0.382184  0.00511996  -0.0104519    0.343989
 0.00511996   0.0862069  -0.0096695   0.0222862
 -0.0104519  -0.0096695   0.0689655 0.000797197
   0.343989   0.0222862 0.000797197    0.462644
IMAGINARY
          0  0.00530019   0.0108746 -3.6295e-05
-0.00530019           0 -0.00301249  0.00132049
 -0.0108746  0.00301249           0   0.0129925
 3.6295e-05 -0.00132049  -0.0129925           0
EndNode2[0]<--->HoM1[0]
REAL
   0.414493 -0.00537811  -0.0050973    0.354881
-0.00537811   0.0637681 -0.00942612  -0.0130845
 -0.0050973 -0.00942612   0.0637681  -0.0218946
   0.354881  -0.0130845  -0.0218946    0.457971
IMAGINARY
          0  -0.0183871  0.00670224 -0.00299836
  0.0183871           0   0.0074494   0.0508199
-0.00670224  -0.0074494           0  -0.0214359
 0.00299836  -0.0508199   0.0214359           0
Repeater1[0]<--->EndNode1[0]
REAL
   0.382184  -0.0104519  0.00511996    0.343989
 -0.0104519   0.0689655  -0.0096695 0.000797197
 0.00511996  -0.0096695   0.0862069   0.0222862
   0.343989 0.000797197   0.0222862    0.462644
IMAGINARY
          0   0.0108746  0.00530019 -3.6295e-05
 -0.0108746           0  0.00301249   0.0129925
-0.00530019 -0.00301249           0  0.00132049
 3.6295e-05  -0.0129925 -0.00132049           0
Repeater1[0]<--->HoM1[0]
REAL
   0.414493  -0.0050973 -0.00537811    0.354881
 -0.0050973   0.0637681 -0.00942612  -0.0218946
-0.00537811 -0.00942612   0.0637681  -0.0130845
   0.354881  -0.0218946  -0.0130845    0.457971
IMAGINARY
          0  0.00670224  -0.0183871 -0.00299836
-0.00670224           0  -0.0074494  -0.0214359
  0.0183871   0.0074494           0   0.0508199
 0.00299836   0.0214359  -0.0508199           0
EndNode1[0]<--->Repeater1[0]
REAL
   0.419825  0.00662195  0.00547785    0.337584
 0.00662195   0.0641399  0.00142555  0.00845404
 0.00547785  0.00142555   0.0612245 -0.00507396
   0.337584  0.00845404 -0.00507396     0.45481
IMAGINARY
          0  -0.0132709   0.0309462 -0.00790043
  0.0132709           0 -0.00183983   0.0114267
 -0.0309462  0.00183983           0  -0.0178026
 0.00790043  -0.0114267   0.0178026           0
EndNode2[0]<--->HoM1[0]
REAL
   0.427778  -0.0182145   0.0104612     0.33269
 -0.0182145   0.0916667    0.023166  -0.0059567
  0.0104612    0.023166         0.1 -0.00731105
    0.33269  -0.0059567 -0.00731105    0.380556
IMAGINARY
          0   0.0151846  -0.0257907   0.0182542
 -0.0151846           0 -0.00122633   0.0079336
  0.0257907  0.00122633           0  -0.0270894
 -0.0182542  -0.0079336   0.0270894           0
Repeater1[0]<--->EndNode1[0]
REAL
   0.419825  0.00547785  0.00662195    0.337584
 0.00547785   0.0612245  0.00142555 -0.00507396
 0.00662195  0.00142555   0.0641399  0.00845404
   0.337584 -0.00507396  0.00845404     0.45481
IMAGINARY
          0   0.0309462  -0.0132709 -0.00790043
 -0.0309462           0  0.00183983  -0.0178026
  0.0132709 -0.00183983           0   0.0114267
 0.00790043   0.0178026  -0.0114267           0
Repeater1[0]<--->HoM1[0]
REAL
   0.427778   0.0104612  -0.0182145     0.33269
  0.0104612         0.1    0.023166 -0.00731105
 -0.0182145    0.023166   0.0916667  -0.0059567
    0.33269 -0.00731105  -0.0059567    0.380556
IMAGINARY
          0  -0.0257907   0.0151846   0.0182542
  0.0257907           0  0.00122633  -0.0270894
 -0.0151846 -0.00122633           0   0.0079336
 -0.0182542   0.0270894  -0.0079336           0
EndNode1[0]<--->Repeater1[0]
REAL
  0.416901  0.0112343   0.024581    0.33394
 0.0112343  0.0732394 -0.0122134   0.015809
  0.024581 -0.0122134  0.0957746 0.00130052
   0.33394   0.015809 0.00130052   0.414085
IMAGINARY
          0   0.0011396  -0.0176546   0.0266905
 -0.0011396           0  -0.0204793  0.00688532
  0.0176546   0.0204793           0 -0.00883191
 -0.0266905 -0.00688532  0.00883191           0
EndNode2[0]<--->HoM1[0]
REAL
     0.4375  -0.0164325 -0.00650451    0.342567
 -0.0164325   0.0539773  0.00158863   0.0324785
-0.00650451  0.00158863   0.0653409   0.0229261
   0.342567   0.0324785   0.0229261    0.443182
IMAGINARY
           0    0.0112199  -0.00155317    0.0262517
  -0.0112199            0   -0.0305996  2.41175e-05
  0.00155317    0.0305996            0   -0.0158071
  -0.0262517 -2.41175e-05    0.0158071            0
Repeater1[0]<--->EndNode1[0]
REAL
  0.416901   0.024581  0.0112343    0.33394
  0.024581  0.0957746 -0.0122134 0.00130052
 0.0112343 -0.0122134  0.0732394   0.015809
   0.33394 0.00130052   0.015809   0.414085
IMAGINARY
          0  -0.0176546   0.0011396   0.0266905
  0.0176546           0   0.0204793 -0.00883191
 -0.0011396  -0.0204793           0  0.00688532
 -0.0266905  0.00883191 -0.00688532           0
Repeater1[0]<--->HoM1[0]
REAL
     0.4375 -0.00650451  -0.0164325    0.342567
-0.00650451   0.0653409  0.00158863   0.0229261
 -0.0164325  0.00158863   0.0539773   0.0324785
   0.342567   0.0229261   0.0324785    0.443182
IMAGINARY
           0  -0.00155317    0.0112199    0.0262517
  0.00155317            0    0.0305996   -0.0158071
  -0.0112199   -0.0305996            0  2.41175e-05
  -0.0262517    0.0158071 -2.41175e-05            0
EndNode1[0]<--->Repeater1[0]
REAL
   0.422961   0.0109098  -0.0202318    0.337569
  0.0109098   0.0574018   0.0106456 -0.00655395
 -0.0202318   0.0106456   0.0876133  -0.0228146
   0.337569 -0.00655395  -0.0228146    0.432024
IMAGINARY
           0  0.000294349   0.00123834   0.00140576
-0.000294349            0   0.00299306  -0.00444347
 -0.00123834  -0.00299306            0  -0.00990973
 -0.00140576   0.00444347   0.00990973            0
EndNode2[0]<--->HoM1[0]
REAL
   0.455621  -0.0126089 -0.00945063    0.343907
 -0.0126089   0.0798817    0.013236  -0.0199611
-0.00945063    0.013236   0.0710059  -0.0140017
   0.343907  -0.0199611  -0.0140017    0.393491
IMAGINARY
          0  -0.0224255 -0.00447606   0.0179073
  0.0224255           0   0.0272823   0.0156582
 0.00447606  -0.0272823           0  -0.0239004
 -0.0179073  -0.0156582   0.0239004           0
Repeater1[0]<--->EndNode1[0]
REAL
   0.422961  -0.0202318   0.0109098    0.337569
 -0.0202318   0.0876133   0.0106456  -0.0228146
  0.0109098   0.0106456   0.0574018 -0.00655395
   0.337569  -0.0228146 -0.00655395    0.432024
IMAGINARY
           0   0.00123834  0.000294349   0.00140576
 -0.00123834            0  -0.00299306  -0.00990973
-0.000294349   0.00299306            0  -0.00444347
 -0.00140576   0.00990973   0.00444347            0
Repeater1[0]<--->HoM1[0]
REAL
   0.455621 -0.00945063  -0.0126089    0.343907
-0.00945063   0.0710059    0.013236  -0.0140017
 -0.0126089    0.013236   0.0798817  -0.0199611
   0.343907  -0.0140017  -0.0199611    0.393491
IMAGINARY
          0 -0.00447606  -0.0224255   0.0179073
 0.00447606           0  -0.0272823  -0.0239004
  0.0224255   0.0272823           0   0.0156582
 -0.0179073   0.0239004  -0.0156582           0
EndNode1[0]<--->Repeater1[0]
REAL
   0.432258   0.0081086 -0.00307971    0.349413
  0.0081086   0.0645161  0.00475324   0.0447464
-0.00307971  0.00475324   0.0774194 0.000819971
   0.349413   0.0447464 0.000819971    0.425806
IMAGINARY
          0   0.0332402 -0.00554231  -0.0291889
 -0.0332402           0 -0.00606751  -0.0025483
 0.00554231  0.00606751           0  0.00721284
  0.0291889   0.0025483 -0.00721284           0
EndNode2[0]<--->HoM1[0]
REAL
    0.417508    0.0454606   0.00391047     0.344023
   0.0454606    0.0740741   -0.0131195    0.0179554
  0.00391047   -0.0131195    0.0909091 -0.000271101
    0.344023    0.0179554 -0.000271101     0.417508
IMAGINARY
          0 -0.00744048   0.0171489  -0.0169647
 0.00744048           0 -0.00860349   0.0185654
 -0.0171489  0.00860349           0 -0.00446429
  0.0169647  -0.0185654  0.00446429           0
Repeater1[0]<--->EndNode1[0]
REAL
   0.432258 -0.00307971   0.0081086    0.349413
-0.00307971   0.0774194  0.00475324 0.000819971
  0.0081086  0.00475324   0.0645161   0.0447464
   0.349413 0.000819971   0.0447464    0.425806
IMAGINARY
          0 -0.00554231   0.0332402  -0.0291889
 0.00554231           0  0.00606751  0.00721284
 -0.0332402 -0.00606751           0  -0.0025483
  0.0291889 -0.00721284   0.0025483           0
Repeater1[0]<--->HoM1[0]
REAL
    0.417508   0.00391047    0.0454606     0.344023
  0.00391047    0.0909091   -0.0131195 -0.000271101
   0.0454606   -0.0131195    0.0740741    0.0179554
    0.344023 -0.000271101    0.0179554     0.417508
IMAGINARY
          0   0.0171489 -0.00744048  -0.0169647
 -0.0171489           0  0.00860349 -0.00446429
 0.00744048 -0.00860349           0   0.0185654
  0.0169647  0.00446429  -0.0185654           0
EndNode1[0]<--->Repeater1[0]
REAL
  0.439024 0.00804322 0.00253101   0.340339
0.00804322  0.0640244 -0.0104071   0.034884
0.00253101 -0.0104071  0.0518293 0.00216086
  0.340339   0.034884 0.00216086   0.445122
IMAGINARY
         0 -0.0129806 -0.0065516   0.012544
 0.0129806          0  0.0485671 -0.0188215
 0.0065516 -0.0485671          0  0.0264134
 -0.012544  0.0188215 -0.0264134          0
EndNode2[0]<--->HoM1[0]
REAL
   0.406162 -0.00594486  -0.0338728    0.348437
-0.00594486    0.070028   0.0161787   0.0107958
 -0.0338728   0.0161787   0.0980392  -0.0232859
   0.348437   0.0107958  -0.0232859     0.42577
IMAGINARY
          0   0.0147099  0.00542522    0.010842
 -0.0147099           0    0.021416  0.00102639
-0.00542522   -0.021416           0 -0.00180665
  -0.010842 -0.00102639  0.00180665           0
Repeater1[0]<--->EndNode1[0]
REAL
  0.439024 0.00253101 0.00804322   0.340339
0.00253101  0.0518293 -0.0104071 0.00216086
0.00804322 -0.0104071  0.0640244   0.034884
  0.340339 0.00216086   0.034884   0.445122
IMAGINARY
         0 -0.0065516 -0.0129806   0.012544
 0.0065516          0 -0.0485671  0.0264134
 0.0129806  0.0485671          0 -0.0188215
 -0.012544 -0.0264134  0.0188215          0
Repeater1[0]<--->HoM1[0]
REAL
   0.406162  -0.0338728 -0.00594486    0.348437
 -0.0338728   0.0980392   0.0161787  -0.0232859
-0.00594486   0.0161787    0.070028   0.0107958
   0.348437  -0.0232859   0.0107958     0.42577
IMAGINARY
          0  0.00542522   0.0147099    0.010842
-0.00542522           0   -0.021416 -0.00180665
 -0.0147099    0.021416           0  0.00102639
  -0.010842  0.00180665 -0.00102639           0
EndNode1[0]<--->Repeater1[0]
REAL
 0.453704 0.0208463 0.0281817  0.351896
0.0208463 0.0462963 0.0129693 0.0123589
0.0281817 0.0129693 0.0709877 0.0166912
 0.351896 0.0123589 0.0166912  0.429012
IMAGINARY
          0 -0.00333518   0.0151007   0.0310832
 0.00333518           0   0.0183354   0.0151007
 -0.0151007  -0.0183354           0  -0.0201548
 -0.0310832  -0.0151007   0.0201548           0
EndNode2[0]<--->HoM1[0]
REAL
  0.473186  0.0175235  -0.019341   0.361351
 0.0175235  0.0820189  0.0163663   0.019341
 -0.019341  0.0163663  0.0662461 -0.0202409
  0.361351   0.019341 -0.0202409   0.378549
IMAGINARY
          0  -0.0070922  0.00940824   0.0070265
  0.0070922           0   0.0212221   0.0437832
-0.00940824  -0.0212221           0  -0.0309017
 -0.0070265  -0.0437832   0.0309017           0
Repeater1[0]<--->EndNode1[0]
REAL
 0.453704 0.0281817 0.0208463  0.351896
0.0281817 0.0709877 0.0129693 0.0166912
0.0208463 0.0129693 0.0462963 0.0123589
 0.351896 0.0166912 0.0123589  0.429012
IMAGINARY
          0   0.0151007 -0.00333518   0.0310832
 -0.0151007           0  -0.0183354  -0.0201548
 0.00333518   0.0183354           0   0.0151007
 -0.0310832   0.0201548  -0.0151007           0
Repeater1[0]<--->HoM1[0]
REAL
  0.473186  -0.019341  0.0175235   0.361351
 -0.019341  0.0662461  0.0163663 -0.0202409
 0.0175235  0.0163663  0.0820189   0.019341
  0.361351 -0.0202409   0.019341   0.378549
IMAGINARY
          0  0.00940824  -0.0070922   0.0070265
-0.00940824           0  -0.0212221  -0.0309017
  0.0070922   0.0212221           0   0.0437832
 -0.0070265   0.0309017  -0.0437832           0
EndNode1[0]<--->Repeater1[0]
REAL
  0.436709 -0.0103693  0.0122699   0.355774
-0.0103693  0.0981013 -0.0234391  0.0356343
 0.0122699 -0.0234391  0.0664557  0.0462974
  0.355774  0.0356343  0.0462974   0.398734
IMAGINARY
           0    0.0245728  0.000513839    0.0286681
  -0.0245728            0   -0.0328935   -0.0482666
-0.000513839    0.0328935            0    0.0203711
  -0.0286681    0.0482666   -0.0203711            0
EndNode2[0]<--->HoM1[0]
REAL
   0.379581 -0.00317965  -0.0362119     0.34922
-0.00317965    0.091623   0.0135255 -0.00627177
 -0.0362119   0.0135255     0.10733  -0.0196962
    0.34922 -0.00627177  -0.0196962    0.421466
IMAGINARY
          0  -0.0345886   0.0326389  0.00457629
  0.0345886           0 -0.00141173   0.0311005
 -0.0326389  0.00141173           0  0.00484357
-0.00457629  -0.0311005 -0.00484357           0
Repeater1[0]<--->EndNode1[0]
REAL
  0.436709  0.0122699 -0.0103693   0.355774
 0.0122699  0.0664557 -0.0234391  0.0462974
-0.0103693 -0.0234391  0.0981013  0.0356343
  0.355774  0.0462974  0.0356343   0.398734
IMAGINARY
           0  0.000513839    0.0245728    0.0286681
-0.000513839            0    0.0328935    0.0203711
  -0.0245728   -0.0328935            0   -0.0482666
  -0.0286681   -0.0203711    0.0482666            0
Repeater1[0]<--->HoM1[0]
REAL
   0.379581  -0.0362119 -0.00317965     0.34922
 -0.0362119     0.10733   0.0135255  -0.0196962
-0.00317965   0.0135255    0.091623 -0.00627177
    0.34922  -0.0196962 -0.00627177    0.421466
IMAGINARY
          0   0.0326389  -0.0345886  0.00457629
 -0.0326389           0  0.00141173  0.00484357
  0.0345886 -0.00141173           0   0.0311005
-0.00457629 -0.00484357  -0.0311005           0
EndNode1[0]<--->Repeater1[0]
REAL
   0.411765 -0.00576661   0.0207083    0.328314
-0.00576661   0.0804954  -0.0124502 -0.00512756
  0.0207083  -0.0124502   0.0773994   0.0298459
   0.328314 -0.00512756   0.0298459    0.430341
IMAGINARY
           0 -0.000633948   -0.0321614  0.000140166
 0.000633948            0   -0.0190906   -0.0124246
   0.0321614    0.0190906            0    0.0197422
-0.000140166    0.0124246   -0.0197422            0
EndNode2[0]<--->HoM1[0]
REAL
   0.432099  -0.0126935 -0.00436877    0.364182
 -0.0126935   0.0617284  -0.0171234   0.0102511
-0.00436877  -0.0171234   0.0771605 -0.00495356
   0.364182   0.0102511 -0.00495356    0.429012
IMAGINARY
          0  0.00667656  -0.0170491 -0.00306726
-0.00667656           0  0.00912786 -0.00817341
  0.0170491 -0.00912786           0  0.00667656
 0.00306726  0.00817341 -0.00667656           0
Repeater1[0]<--->EndNode1[0]
REAL
   0.411765   0.0207083 -0.00576661    0.328314
  0.0207083   0.0773994  -0.0124502   0.0298459
