EndNode1[0]<--->Repeater1[0]
REAL
  0.420716  0.0079996  0.0118332    0.28121
 0.0079996  0.0652174  0.0312104 0.00274225
 0.0118332  0.0312104  0.0869565  0.0015061
   0.28121 0.00274225  0.0015061    0.42711
IMAGINARY
          0   0.0166511  0.00134446  -0.0078561
 -0.0166511           0  0.00223812  -0.0238445
-0.00134446 -0.00223812           0 -0.00665113
  0.0078561   0.0238445  0.00665113           0
EndNode2[0]<--->HoM1[0]
REAL
   0.446215 -0.00675423  0.00222252    0.298592
-0.00675423   0.0770252   0.0417653   0.0035246
 0.00222252   0.0417653   0.0863214  0.00866994
   0.298592   0.0035246  0.00866994    0.390438
IMAGINARY
          0 -0.00126823  0.00483098  0.00062119
 0.00126823           0 -0.00127995  -0.0184851
-0.00483098  0.00127995           0   0.0162227
-0.00062119   0.0184851  -0.0162227           0
Repeater1[0]<--->EndNode1[0]
REAL
  0.420716  0.0118332  0.0079996    0.28121
 0.0118332  0.0869565  0.0312104  0.0015061
 0.0079996  0.0312104  0.0652174 0.00274225
   0.28121  0.0015061 0.00274225    0.42711
IMAGINARY
          0  0.00134446   0.0166511  -0.0078561
-0.00134446           0 -0.00223812 -0.00665113
 -0.0166511  0.00223812           0  -0.0238445
  0.0078561  0.00665113   0.0238445           0
Repeater1[0]<--->HoM1[0]
REAL
   0.446215  0.00222252 -0.00675423    0.298592
 0.00222252   0.0863214   0.0417653  0.00866994
-0.00675423   0.0417653   0.0770252   0.0035246
   0.298592  0.00866994   0.0035246    0.390438
IMAGINARY
          0  0.00483098 -0.00126823  0.00062119
-0.00483098           0  0.00127995   0.0162227
 0.00126823 -0.00127995           0  -0.0184851
-0.00062119  -0.0162227   0.0184851           0
EndNode1[0]<--->Repeater1[0]
REAL
   0.378141 -0.00565659 -0.00283151    0.290394
-0.00565659    0.104271   0.0230982   -0.026269
-0.00283151   0.0230982    0.105528  -0.0194757
   0.290394   -0.026269  -0.0194757     0.41206
IMAGINARY
          0  0.00847959  0.00414111  -0.0120359
-0.00847959           0  0.00326397  -0.0198644
-0.00414111 -0.00326397           0  0.00598582
  0.0120359   0.0198644 -0.00598582           0
EndNode2[0]<--->HoM1[0]
REAL
     0.4214   0.0106817 -0.00531336    0.288173
  0.0106817   0.0779392   0.0412172 -0.00900794
-0.00531336   0.0412172    0.107001  0.00613029
   0.288173 -0.00900794  0.00613029    0.393659
IMAGINARY
          0  0.00063594  -0.0167146  0.00873831
-0.00063594           0 -0.00294681 -0.00967238
  0.0167146  0.00294681           0 -0.00537207
-0.00873831  0.00967238  0.00537207           0
Repeater1[0]<--->EndNode1[0]
REAL
   0.378141 -0.00283151 -0.00565659    0.290394
-0.00283151    0.105528   0.0230982  -0.0194757
-0.00565659   0.0230982    0.104271   -0.026269
   0.290394  -0.0194757   -0.026269     0.41206
IMAGINARY
          0  0.00414111  0.00847959  -0.0120359
-0.00414111           0 -0.00326397  0.00598582
-0.00847959  0.00326397           0  -0.0198644
  0.0120359 -0.00598582   0.0198644           0
Repeater1[0]<--->HoM1[0]
REAL
     0.4214 -0.00531336   0.0106817    0.288173
-0.00531336    0.107001   0.0412172  0.00613029
  0.0106817   0.0412172   0.0779392 -0.00900794
   0.288173  0.00613029 -0.00900794    0.393659
IMAGINARY
          0  -0.0167146  0.00063594  0.00873831
  0.0167146           0  0.00294681 -0.00537207
-0.00063594 -0.00294681           0 -0.00967238
-0.00873831  0.00537207  0.00967238           0
EndNode1[0]<--->Repeater1[0]
REAL
  0.436997 0.00999392  0.0286634   0.298458
0.00999392  0.0884718  0.0318763 0.00861166
 0.0286634  0.0318763  0.0911528  0.0272811
  0.298458 0.00861166  0.0272811   0.383378
IMAGINARY
          0  -0.0103818 -0.00255102  -0.0241361
  0.0103818           0  -0.0124174 -0.00255102
 0.00255102   0.0124174           0   0.0167593
  0.0241361  0.00255102  -0.0167593           0
EndNode2[0]<--->HoM1[0]
REAL
  0.416449   0.001704  0.0192864   0.305145
  0.001704  0.0874674  0.0195224 0.00550197
 0.0192864  0.0195224  0.0966057 0.00494654
  0.305145 0.00550197 0.00494654   0.399478
IMAGINARY
          0  0.00515762  -0.0211229  -0.0248614
-0.00515762           0 -0.00512461  -0.0154625
  0.0211229  0.00512461           0  0.00960489
  0.0248614   0.0154625 -0.00960489           0
Repeater1[0]<--->EndNode1[0]
REAL
  0.436997  0.0286634 0.00999392   0.298458
 0.0286634  0.0911528  0.0318763  0.0272811
0.00999392  0.0318763  0.0884718 0.00861166
  0.298458  0.0272811 0.00861166   0.383378
IMAGINARY
          0 -0.00255102  -0.0103818  -0.0241361
 0.00255102           0   0.0124174   0.0167593
  0.0103818  -0.0124174           0 -0.00255102
  0.0241361  -0.0167593  0.00255102           0
Repeater1[0]<--->HoM1[0]
REAL
  0.416449  0.0192864   0.001704   0.305145
 0.0192864  0.0966057  0.0195224 0.00494654
  0.001704  0.0195224  0.0874674 0.00550197
  0.305145 0.00494654 0.00550197   0.399478
IMAGINARY
          0  -0.0211229  0.00515762  -0.0248614
  0.0211229           0  0.00512461  0.00960489
-0.00515762 -0.00512461           0  -0.0154625
  0.0248614 -0.00960489   0.0154625           0
EndNode1[0]<--->Repeater1[0]
REAL
   0.419072  0.00594233 -0.00454925    0.300725
 0.00594233   0.0740276    0.029783    0.018239
-0.00454925    0.029783    0.097867   0.0155701
   0.300725    0.018239   0.0155701    0.409034
IMAGINARY
          0 -0.00854349   0.0194079  -0.0143152
 0.00854349           0 -0.00764858  0.00284345
 -0.0194079  0.00764858           0 -0.00978112
  0.0143152 -0.00284345  0.00978112           0
EndNode2[0]<--->HoM1[0]
REAL
  0.437736 0.00699814 0.00523789   0.302194
0.00699814  0.0968553  0.0452415  0.0101467
0.00523789  0.0452415  0.0641509  0.0173608
  0.302194  0.0101467  0.0173608   0.401258
IMAGINARY
          0  0.00237409  -0.0216298  0.00132661
-0.00237409           0  0.00069768   0.0113517
  0.0216298 -0.00069768           0   0.0115316
-0.00132661  -0.0113517  -0.0115316           0
Repeater1[0]<--->EndNode1[0]
REAL
   0.419072 -0.00454925  0.00594233    0.300725
-0.00454925    0.097867    0.029783   0.0155701
 0.00594233    0.029783   0.0740276    0.018239
   0.300725   0.0155701    0.018239    0.409034
IMAGINARY
          0   0.0194079 -0.00854349  -0.0143152
 -0.0194079           0  0.00764858 -0.00978112
 0.00854349 -0.00764858           0  0.00284345
  0.0143152  0.00978112 -0.00284345           0
Repeater1[0]<--->HoM1[0]
REAL
  0.437736 0.00523789 0.00699814   0.302194
0.00523789  0.0641509  0.0452415  0.0173608
0.00699814  0.0452415  0.0968553  0.0101467
  0.302194  0.0173608  0.0101467   0.401258
IMAGINARY
          0  -0.0216298  0.00237409  0.00132661
  0.0216298           0 -0.00069768   0.0115316
-0.00237409  0.00069768           0   0.0113517
-0.00132661  -0.0115316  -0.0113517           0
EndNode1[0]<--->Repeater1[0]
REAL
  0.402548  0.0154867 -0.0065432   0.286613
 0.0154867   0.101911  0.0219806 0.00784529
-0.0065432  0.0219806  0.0726115 -0.0154867
  0.286613 0.00784529 -0.0154867    0.42293
IMAGINARY
          0   0.0126325    0.012479  -0.0143554
 -0.0126325           0 -0.00452575  -0.0081203
  -0.012479  0.00452575           0  -0.0157459
  0.0143554   0.0081203   0.0157459           0
EndNode2[0]<--->HoM1[0]
REAL
  0.426952  0.0113549 -0.0146005   0.303542
 0.0113549  0.0894207  0.0244575  0.0159338
-0.0146005  0.0244575  0.0919395 0.00731177
  0.303542  0.0159338 0.00731177   0.391688
IMAGINARY
          0   0.0184878   0.0177619 -0.00406239
 -0.0184878           0 -0.00273613 -0.00926515
 -0.0177619  0.00273613           0  0.00830963
 0.00406239  0.00926515 -0.00830963           0
Repeater1[0]<--->EndNode1[0]
REAL
  0.402548 -0.0065432  0.0154867   0.286613
-0.0065432  0.0726115  0.0219806 -0.0154867
 0.0154867  0.0219806   0.101911 0.00784529
  0.286613 -0.0154867 0.00784529    0.42293
IMAGINARY
          0    0.012479   0.0126325  -0.0143554
  -0.012479           0  0.00452575  -0.0157459
 -0.0126325 -0.00452575           0  -0.0081203
  0.0143554   0.0157459   0.0081203           0
Repeater1[0]<--->HoM1[0]
REAL
  0.426952 -0.0146005  0.0113549   0.303542
-0.0146005  0.0919395  0.0244575 0.00731177
 0.0113549  0.0244575  0.0894207  0.0159338
  0.303542 0.00731177  0.0159338   0.391688
IMAGINARY
          0   0.0177619   0.0184878 -0.00406239
 -0.0177619           0  0.00273613  0.00830963
 -0.0184878 -0.00273613           0 -0.00926515
 0.00406239 -0.00830963  0.00926515           0
EndNode1[0]<--->Repeater1[0]
REAL
   0.447402   -0.025859 -0.00509177    0.286962
  -0.025859   0.0874525   0.0315566 -0.00108107
-0.00509177   0.0315566   0.0836502 -0.00377064
   0.286962 -0.00108107 -0.00377064    0.381496
IMAGINARY
           0  -0.00127551  -0.00652699  -0.00554187
  0.00127551            0   0.00554187 -0.000229764
  0.00652699  -0.00554187            0   0.00127551
  0.00554187  0.000229764  -0.00127551            0
EndNode2[0]<--->HoM1[0]
REAL
    0.462916   -0.0104141 -0.000437253     0.310057
  -0.0104141    0.0754476    0.0380616   0.00715768
-0.000437253    0.0380616      0.07289 -0.000338561
    0.310057   0.00715768 -0.000338561     0.388747
IMAGINARY
           0    0.0171703   0.00472824  -0.00909705
  -0.0171703            0    0.0170126   -0.0103044
 -0.00472824   -0.0170126            0  0.000797493
  0.00909705    0.0103044 -0.000797493            0
Repeater1[0]<--->EndNode1[0]
REAL
   0.447402 -0.00509177   -0.025859    0.286962
-0.00509177   0.0836502   0.0315566 -0.00377064
  -0.025859   0.0315566   0.0874525 -0.00108107
   0.286962 -0.00377064 -0.00108107    0.381496
IMAGINARY
           0  -0.00652699  -0.00127551  -0.00554187
  0.00652699            0  -0.00554187   0.00127551
  0.00127551   0.00554187            0 -0.000229764
  0.00554187  -0.00127551  0.000229764            0
Repeater1[0]<--->HoM1[0]
REAL
    0.462916 -0.000437253   -0.0104141     0.310057
-0.000437253      0.07289    0.0380616 -0.000338561
  -0.0104141    0.0380616    0.0754476   0.00715768
    0.310057 -0.000338561   0.00715768     0.388747
IMAGINARY
           0   0.00472824    0.0171703  -0.00909705
 -0.00472824            0   -0.0170126  0.000797493
  -0.0171703    0.0170126            0   -0.0103044
  0.00909705 -0.000797493    0.0103044            0
EndNode1[0]<--->Repeater1[0]
REAL
  0.453947 -0.0162907  0.0175263   0.281969
-0.0162907  0.0789474  0.0526172 -0.0187794
 0.0175263  0.0526172      0.075  0.0100251
  0.281969 -0.0187794  0.0100251   0.392105
IMAGINARY
          0 -0.00232239 -0.00182424   0.0157842
 0.00232239           0  -0.0171105    0.015166
 0.00182424   0.0171105           0  0.00804031
 -0.0157842   -0.015166 -0.00804031           0
EndNode2[0]<--->HoM1[0]
REAL
   0.431452 -0.00291737  -0.0138141    0.295955
-0.00291737   0.0860215   0.0301321  0.00129761
 -0.0138141   0.0301321   0.0819892  0.00357613
   0.295955  0.00129761  0.00357613    0.400538
IMAGINARY
          0  0.00132064 -0.00123966  0.00604654
-0.00132064           0  -0.0196604 -0.00382364
 0.00123966   0.0196604           0  -0.0101814
-0.00604654  0.00382364   0.0101814           0
Repeater1[0]<--->EndNode1[0]
REAL
  0.453947  0.0175263 -0.0162907   0.281969
 0.0175263      0.075  0.0526172  0.0100251
-0.0162907  0.0526172  0.0789474 -0.0187794
  0.281969  0.0100251 -0.0187794   0.392105
IMAGINARY
          0 -0.00182424 -0.00232239   0.0157842
 0.00182424           0   0.0171105  0.00804031
 0.00232239  -0.0171105           0    0.015166
 -0.0157842 -0.00804031   -0.015166           0
Repeater1[0]<--->HoM1[0]
REAL
   0.431452  -0.0138141 -0.00291737    0.295955
 -0.0138141   0.0819892   0.0301321  0.00357613
-0.00291737   0.0301321   0.0860215  0.00129761
   0.295955  0.00357613  0.00129761    0.400538
IMAGINARY
          0 -0.00123966  0.00132064  0.00604654
 0.00123966           0   0.0196604  -0.0101814
-0.00132064  -0.0196604           0 -0.00382364
-0.00604654   0.0101814  0.00382364           0
EndNode1[0]<--->Repeater1[0]
REAL
   0.414665 -0.00699744  -0.0112638    0.294453
-0.00699744   0.0758534   0.0122056   0.0183061
 -0.0112638   0.0122056   0.0821745   0.0230026
   0.294453   0.0183061   0.0230026    0.427307
IMAGINARY
          0  -0.0189979    0.010359 -0.00808429
  0.0189979           0 -0.00479914   0.0236216
  -0.010359  0.00479914           0  -0.0135957
 0.00808429  -0.0236216   0.0135957           0
EndNode2[0]<--->HoM1[0]
REAL
    0.428188 -0.000869194   0.00228758     0.316203
-0.000869194    0.0832215    0.0364999  -0.00228758
  0.00228758    0.0364999    0.0778523   0.00762595
    0.316203  -0.00228758   0.00762595     0.410738
IMAGINARY
          0  -0.0159863   0.0148861 -0.00374065
  0.0159863           0  0.00374065   0.0123416
 -0.0148861 -0.00374065           0  -0.0186672
 0.00374065  -0.0123416   0.0186672           0
Repeater1[0]<--->EndNode1[0]
REAL
   0.414665  -0.0112638 -0.00699744    0.294453
 -0.0112638   0.0821745   0.0122056   0.0230026
-0.00699744   0.0122056   0.0758534   0.0183061
   0.294453   0.0230026   0.0183061    0.427307
IMAGINARY
          0    0.010359  -0.0189979 -0.00808429
  -0.010359           0  0.00479914  -0.0135957
  0.0189979 -0.00479914           0   0.0236216
 0.00808429   0.0135957  -0.0236216           0
Repeater1[0]<--->HoM1[0]
REAL
    0.428188   0.00228758 -0.000869194     0.316203
  0.00228758    0.0778523    0.0364999   0.00762595
-0.000869194    0.0364999    0.0832215  -0.00228758
    0.316203   0.00762595  -0.00228758     0.410738
IMAGINARY
          0   0.0148861  -0.0159863 -0.00374065
 -0.0148861           0 -0.00374065  -0.0186672
  0.0159863  0.00374065           0   0.0123416
 0.00374065   0.0186672  -0.0123416           0
EndNode1[0]<--->Repeater1[0]
REAL
   0.429594 -0.00459622  0.00720379    0.286121
-0.00459622    0.100239   0.0240887 -0.00327709
 0.00720379   0.0240887   0.0704057 -0.00587499
   0.286121 -0.00327709 -0.00587499    0.399761
IMAGINARY
          0  0.00534591    -0.02869 -0.00747044
-0.00534591           0  0.00107657  0.00729967
    0.02869 -0.00107657           0 -0.00534591
 0.00747044 -0.00729967  0.00534591           0
EndNode2[0]<--->HoM1[0]
REAL
   0.418726  0.00750627 0.000948953    0.293191
 0.00750627   0.0975293    0.016809   -0.013449
0.000948953    0.016809   0.0923277  0.00249373
   0.293191   -0.013449  0.00249373    0.391417
IMAGINARY
          0  0.00661303  0.00528849   -0.010382
-0.00661303           0   0.0402847  -0.0216201
-0.00528849  -0.0402847           0  0.00971862
   0.010382   0.0216201 -0.00971862           0
Repeater1[0]<--->EndNode1[0]
REAL
   0.429594  0.00720379 -0.00459622    0.286121
 0.00720379   0.0704057   0.0240887 -0.00587499
-0.00459622   0.0240887    0.100239 -0.00327709
   0.286121 -0.00587499 -0.00327709    0.399761
IMAGINARY
          0    -0.02869  0.00534591 -0.00747044
    0.02869           0 -0.00107657 -0.00534591
-0.00534591  0.00107657           0  0.00729967
 0.00747044  0.00534591 -0.00729967           0
Repeater1[0]<--->HoM1[0]
REAL
   0.418726 0.000948953  0.00750627    0.293191
0.000948953   0.0923277    0.016809  0.00249373
 0.00750627    0.016809   0.0975293   -0.013449
   0.293191  0.00249373   -0.013449    0.391417
IMAGINARY
          0  0.00528849  0.00661303   -0.010382
-0.00528849           0  -0.0402847  0.00971862
-0.00661303   0.0402847           0  -0.0216201
   0.010382 -0.00971862   0.0216201           0
EndNode1[0]<--->Repeater1[0]
REAL
   0.441011   0.0034009   0.0243421    0.292464
  0.0034009   0.0772472   0.0404311 -0.00328947
  0.0243421   0.0404311   0.0870787   0.0189675
   0.292464 -0.00328947   0.0189675    0.394663
IMAGINARY
           0  0.000781607    0.0212218   0.00817625
-0.000781607            0  -0.00248725   0.00994356
  -0.0212218   0.00248725            0   -0.0143317
 -0.00817625  -0.00994356    0.0143317            0
EndNode2[0]<--->HoM1[0]
REAL
  0.416223  0.0218677  0.0202686   0.297521
 0.0218677  0.0890957  0.0377728 0.00260721
 0.0202686  0.0377728  0.0851064 0.00100807
  0.297521 0.00260721 0.00100807   0.409574
IMAGINARY
          0  -0.0193324  -0.0152478  0.00665214
  0.0193324           0  -0.0145119   0.0108453
  0.0152478   0.0145119           0  0.00235127
-0.00665214  -0.0108453 -0.00235127           0
Repeater1[0]<--->EndNode1[0]
REAL
   0.441011   0.0243421   0.0034009    0.292464
  0.0243421   0.0870787   0.0404311   0.0189675
  0.0034009   0.0404311   0.0772472 -0.00328947
   0.292464   0.0189675 -0.00328947    0.394663
IMAGINARY
           0    0.0212218  0.000781607   0.00817625
  -0.0212218            0   0.00248725   -0.0143317
-0.000781607  -0.00248725            0   0.00994356
 -0.00817625    0.0143317  -0.00994356            0
Repeater1[0]<--->HoM1[0]
REAL
  0.416223  0.0202686  0.0218677   0.297521
 0.0202686  0.0851064  0.0377728 0.00100807
 0.0218677  0.0377728  0.0890957 0.00260721
  0.297521 0.00100807 0.00260721   0.409574
IMAGINARY
          0  -0.0152478  -0.0193324  0.00665214
  0.0152478           0   0.0145119  0.00235127
  0.0193324  -0.0145119           0   0.0108453
-0.00665214 -0.00235127  -0.0108453           0
EndNode1[0]<--->Repeater1[0]
REAL
   0.448408  -0.0136916 0.000739893    0.284779
 -0.0136916   0.0802548   0.0396298   0.0123361
0.000739893   0.0396298   0.0840764   0.0130689
   0.284779   0.0123361   0.0130689    0.387261
IMAGINARY
          0  -0.0164972 -0.00110481 -0.00163642
  0.0164972           0  0.00223955  -0.0176533
 0.00110481 -0.00223955           0  0.00291377
 0.00163642   0.0176533 -0.00291377           0
EndNode2[0]<--->HoM1[0]
REAL
   0.401821  -0.0141892 -0.00874684    0.282985
 -0.0141892   0.0858257   0.0291775 -0.00206397
-0.00874684   0.0291775    0.110533  -0.0141892
   0.282985 -0.00206397  -0.0141892    0.401821
IMAGINARY
          0 -0.00253169  -0.0176466 -0.00635324
 0.00253169           0  -0.0260483   0.0138395
  0.0176466   0.0260483           0 -0.00127541
 0.00635324  -0.0138395  0.00127541           0
Repeater1[0]<--->EndNode1[0]
REAL
   0.448408 0.000739893  -0.0136916    0.284779
0.000739893   0.0840764   0.0396298   0.0130689
 -0.0136916   0.0396298   0.0802548   0.0123361
   0.284779   0.0130689   0.0123361    0.387261
IMAGINARY
          0 -0.00110481  -0.0164972 -0.00163642
 0.00110481           0 -0.00223955  0.00291377
  0.0164972  0.00223955           0  -0.0176533
 0.00163642 -0.00291377   0.0176533           0
Repeater1[0]<--->HoM1[0]
REAL
   0.401821 -0.00874684  -0.0141892    0.282985
-0.00874684    0.110533   0.0291775  -0.0141892
 -0.0141892   0.0291775   0.0858257 -0.00206397
   0.282985  -0.0141892 -0.00206397    0.401821
IMAGINARY
          0  -0.0176466 -0.00253169 -0.00635324
  0.0176466           0   0.0260483 -0.00127541
 0.00253169  -0.0260483           0   0.0138395
 0.00635324  0.00127541  -0.0138395           0
EndNode1[0]<--->Repeater1[0]
REAL
   0.393822 -0.00372639   0.0122905     0.28093
-0.00372639   0.0926641   0.0365695  -0.0185405
  0.0122905   0.0365695   0.0978121  -0.0100236
    0.28093  -0.0185405  -0.0100236    0.415701
IMAGINARY
          0  0.00179294 -0.00876236 -0.00823628
-0.00179294           0  0.00363707  -0.0100346
 0.00876236 -0.00363707           0  0.00948525
 0.00823628   0.0100346 -0.00948525           0
EndNode2[0]<--->HoM1[0]
REAL
   0.433121  0.00454296   0.0171539    0.294203
 0.00454296   0.0764331   0.0426111   -0.011932
  0.0171539   0.0426111   0.0866242 -0.00845941
   0.294203   -0.011932 -0.00845941    0.403822
IMAGINARY
          0  -0.0170435 -0.00125386  -0.0102489
  0.0170435           0   0.0219676   0.0018908
 0.00125386  -0.0219676           0   0.0100371
  0.0102489  -0.0018908  -0.0100371           0
Repeater1[0]<--->EndNode1[0]
REAL
   0.393822   0.0122905 -0.00372639     0.28093
  0.0122905   0.0978121   0.0365695  -0.0100236
-0.00372639   0.0365695   0.0926641  -0.0185405
    0.28093  -0.0100236  -0.0185405    0.415701
IMAGINARY
          0 -0.00876236  0.00179294 -0.00823628
 0.00876236           0 -0.00363707  0.00948525
-0.00179294  0.00363707           0  -0.0100346
 0.00823628 -0.00948525   0.0100346           0
Repeater1[0]<--->HoM1[0]
REAL
   0.433121   0.0171539  0.00454296    0.294203
  0.0171539   0.0866242   0.0426111 -0.00845941
 0.00454296   0.0426111   0.0764331   -0.011932
   0.294203 -0.00845941   -0.011932    0.403822
IMAGINARY
          0 -0.00125386  -0.0170435  -0.0102489
 0.00125386           0  -0.0219676   0.0100371
  0.0170435   0.0219676           0   0.0018908
  0.0102489  -0.0100371  -0.0018908           0
EndNode1[0]<--->Repeater1[0]
REAL
    0.411239  -0.00253949     0.027116     0.291133
 -0.00253949     0.102171    0.0242938 -0.000945213
    0.027116    0.0242938    0.0817369   -0.0236313
    0.291133 -0.000945213   -0.0236313     0.404853
IMAGINARY
           0   0.00488026   -0.0245428   0.00786095
 -0.00488026            0 -0.000398263  -0.00136396
   0.0245428  0.000398263            0   0.00807311
 -0.00786095   0.00136396  -0.00807311            0
EndNode2[0]<--->HoM1[0]
REAL
   0.428389   0.0214217   0.0124495    0.302972
  0.0214217   0.0946292   0.0184562 -0.00352097
  0.0124495   0.0184562   0.0792839   0.0181192
   0.302972 -0.00352097   0.0181192    0.397698
IMAGINARY
          0   0.0118889  0.00926006  -0.0214529
 -0.0118889           0  -0.0135789  -0.0266794
-0.00926006   0.0135789           0   0.0145627
  0.0214529   0.0266794  -0.0145627           0
Repeater1[0]<--->EndNode1[0]
REAL
    0.411239     0.027116  -0.00253949     0.291133
    0.027116    0.0817369    0.0242938   -0.0236313
 -0.00253949    0.0242938     0.102171 -0.000945213
    0.291133   -0.0236313 -0.000945213     0.404853
IMAGINARY
           0   -0.0245428   0.00488026   0.00786095
   0.0245428            0  0.000398263   0.00807311
 -0.00488026 -0.000398263            0  -0.00136396
 -0.00786095  -0.00807311   0.00136396            0
Repeater1[0]<--->HoM1[0]
REAL
   0.428389   0.0124495   0.0214217    0.302972
  0.0124495   0.0792839   0.0184562   0.0181192
  0.0214217   0.0184562   0.0946292 -0.00352097
   0.302972   0.0181192 -0.00352097    0.397698
IMAGINARY
          0  0.00926006   0.0118889  -0.0214529
-0.00926006           0   0.0135789   0.0145627
 -0.0118889  -0.0135789           0  -0.0266794
  0.0214529  -0.0145627   0.0266794           0
EndNode1[0]<--->Repeater1[0]
REAL
  0.440299  0.0239129 0.00187881   0.285144
 0.0239129  0.0932836  0.0354666 0.00575478
0.00187881  0.0354666  0.0783582 0.00280469
  0.285144 0.00575478 0.00280469    0.38806
IMAGINARY
          0  -0.0154839  0.00259224  -0.0067475
  0.0154839           0  0.00283105  0.00708518
-0.00259224 -0.00283105           0 -0.00967742
  0.0067475 -0.00708518  0.00967742           0
EndNode2[0]<--->HoM1[0]
REAL
  0.431169  0.0101368 -0.0124609   0.309816
 0.0101368  0.0727273  0.0186512  0.0161105
-0.0124609  0.0186512        0.1 0.00202867
  0.309816  0.0161105 0.00202867   0.396104
IMAGINARY
          0  -0.0288053 -0.00521784  -0.0101215
  0.0288053           0  -0.0158686   0.0326609
 0.00521784   0.0158686           0 -0.00666991
  0.0101215  -0.0326609  0.00666991           0
Repeater1[0]<--->EndNode1[0]
REAL
  0.440299 0.00187881  0.0239129   0.285144
0.00187881  0.0783582  0.0354666 0.00280469
 0.0239129  0.0354666  0.0932836 0.00575478
  0.285144 0.00280469 0.00575478    0.38806
IMAGINARY
          0  0.00259224  -0.0154839  -0.0067475
-0.00259224           0 -0.00283105 -0.00967742
  0.0154839  0.00283105           0  0.00708518
  0.0067475  0.00967742 -0.00708518           0
Repeater1[0]<--->HoM1[0]
REAL
  0.431169 -0.0124609  0.0101368   0.309816
-0.0124609        0.1  0.0186512 0.00202867
 0.0101368  0.0186512  0.0727273  0.0161105
  0.309816 0.00202867  0.0161105   0.396104
IMAGINARY
          0 -0.00521784  -0.0288053  -0.0101215
 0.00521784           0   0.0158686 -0.00666991
  0.0288053  -0.0158686           0   0.0326609
  0.0101215  0.00666991  -0.0326609           0
EndNode1[0]<--->Repeater1[0]
REAL
    0.423927 -0.000302056  -0.00351076     0.291025
-0.000302056    0.0897269    0.0359741    0.0212041
 -0.00351076    0.0359741    0.0845254   0.00751044
    0.291025    0.0212041   0.00751044     0.401821
IMAGINARY
          0  -0.0192925  0.00722762  -0.0215752
  0.0192925           0  0.00982581 -0.00596499
-0.00722762 -0.00982581           0   0.0230804
  0.0215752  0.00596499  -0.0230804           0
EndNode2[0]<--->HoM1[0]
REAL
  0.406961 -0.0019403  0.0084249   0.299737
-0.0019403  0.0776439  0.0221093 -0.0090751
 0.0084249  0.0221093   0.100402 0.00779206
  0.299737 -0.0090751 0.00779206   0.414993
IMAGINARY
          0 -0.00707207 -0.00137862 -0.00988888
 0.00707207           0 -0.00796826   0.0202465
 0.00137862  0.00796826           0  0.00302894
 0.00988888  -0.0202465 -0.00302894           0
Repeater1[0]<--->EndNode1[0]
REAL
    0.423927  -0.00351076 -0.000302056     0.291025
 -0.00351076    0.0845254    0.0359741   0.00751044
-0.000302056    0.0359741    0.0897269    0.0212041
    0.291025   0.00751044    0.0212041     0.401821
IMAGINARY
          0  0.00722762  -0.0192925  -0.0215752
-0.00722762           0 -0.00982581   0.0230804
  0.0192925  0.00982581           0 -0.00596499
  0.0215752  -0.0230804  0.00596499           0
Repeater1[0]<--->HoM1[0]
REAL
  0.406961  0.0084249 -0.0019403   0.299737
 0.0084249   0.100402  0.0221093 0.00779206
-0.0019403  0.0221093  0.0776439 -0.0090751
  0.299737 0.00779206 -0.0090751   0.414993
IMAGINARY
          0 -0.00137862 -0.00707207 -0.00988888
 0.00137862           0  0.00796826  0.00302894
 0.00707207 -0.00796826           0   0.0202465
 0.00988888 -0.00302894  -0.0202465           0
EndNode1[0]<--->Repeater1[0]
REAL
  0.436157 0.00815202 0.00682126   0.295242
0.00815202  0.0821745  0.0269801 -0.0022461
0.00682126  0.0269801  0.0960809 -0.0192631
  0.295242 -0.0022461 -0.0192631   0.385588
IMAGINARY
          0  -0.0306973  0.00705356   0.0173977
  0.0306973           0 -0.00107364  0.00176256
-0.00705356  0.00107364           0  0.00424894
 -0.0173977 -0.00176256 -0.00424894           0
EndNode2[0]<--->HoM1[0]
REAL
  0.417303 0.00516129 0.00797804   0.300427
0.00516129  0.0992366  0.0420726   0.017022
0.00797804  0.0420726  0.0916031  0.0148387
  0.300427   0.017022  0.0148387   0.391858
IMAGINARY
           0    0.0250215 -0.000717966 -0.000604643
  -0.0250215            0   0.00867918  -0.00699412
 0.000717966  -0.00867918            0   -0.0224508
 0.000604643   0.00699412    0.0224508            0
Repeater1[0]<--->EndNode1[0]
REAL
  0.436157 0.00682126 0.00815202   0.295242
0.00682126  0.0960809  0.0269801 -0.0192631
0.00815202  0.0269801  0.0821745 -0.0022461
  0.295242 -0.0192631 -0.0022461   0.385588
IMAGINARY
          0  0.00705356  -0.0306973   0.0173977
-0.00705356           0  0.00107364  0.00424894
  0.0306973 -0.00107364           0  0.00176256
 -0.0173977 -0.00424894 -0.00176256           0
Repeater1[0]<--->HoM1[0]
REAL
  0.417303 0.00797804 0.00516129   0.300427
0.00797804  0.0916031  0.0420726  0.0148387
0.00516129  0.0420726  0.0992366   0.017022
  0.300427  0.0148387   0.017022   0.391858
IMAGINARY
           0 -0.000717966    0.0250215 -0.000604643
 0.000717966            0  -0.00867918   -0.0224508
  -0.0250215   0.00867918            0  -0.00699412
 0.000604643    0.0224508   0.00699412            0
EndNode1[0]<--->Repeater1[0]
REAL
   0.438551  -0.0152116  -0.0183677    0.299262
 -0.0152116   0.0918499   0.0314261 -0.00411903
 -0.0183677   0.0314261   0.0827943  -0.0152116
   0.299262 -0.00411903  -0.0152116    0.386805
IMAGINARY
          0   0.0068294  -0.0203536  -0.0032781
 -0.0068294           0 -0.00265075 -0.00927151
  0.0203536  0.00265075           0 -0.00138805
  0.0032781  0.00927151  0.00138805           0
EndNode2[0]<--->HoM1[0]
REAL
  0.419098  0.0203691 0.00634805   0.298776
 0.0203691  0.0795756  0.0391987 0.00884182
0.00634805  0.0391987  0.0835544 -0.0254324
  0.298776 0.00884182 -0.0254324   0.417772
IMAGINARY
           0   0.00564828    0.0056134  0.000256121
 -0.00564828            0   -0.0095961   0.00429413
  -0.0056134    0.0095961            0   0.00293825
-0.000256121  -0.00429413  -0.00293825            0
Repeater1[0]<--->EndNode1[0]
REAL
   0.438551  -0.0183677  -0.0152116    0.299262
 -0.0183677   0.0827943   0.0314261  -0.0152116
 -0.0152116   0.0314261   0.0918499 -0.00411903
   0.299262  -0.0152116 -0.00411903    0.386805
IMAGINARY
          0  -0.0203536   0.0068294  -0.0032781
  0.0203536           0  0.00265075 -0.00138805
 -0.0068294 -0.00265075           0 -0.00927151
  0.0032781  0.00138805  0.00927151           0
Repeater1[0]<--->HoM1[0]
REAL
  0.419098 0.00634805  0.0203691   0.298776
0.00634805  0.0835544  0.0391987 -0.0254324
 0.0203691  0.0391987  0.0795756 0.00884182
  0.298776 -0.0254324 0.00884182   0.417772
IMAGINARY
           0    0.0056134   0.00564828  0.000256121
  -0.0056134            0    0.0095961   0.00293825
 -0.00564828   -0.0095961            0   0.00429413
-0.000256121  -0.00293825  -0.00429413            0
EndNode1[0]<--->Repeater1[0]
REAL
    0.426003    0.0065628   0.00326579     0.294142
   0.0065628    0.0857538    0.0454441    0.0154923
  0.00326579    0.0454441    0.0926694 -0.000741321
    0.294142    0.0154923 -0.000741321     0.395574
IMAGINARY
          0 -0.00189619 -0.00587933  -0.0116279
 0.00189619           0 -0.00122399   0.0254106
 0.00587933  0.00122399           0  -0.0215413
  0.0116279  -0.0254106   0.0215413           0
EndNode2[0]<--->HoM1[0]
REAL
  0.446174  0.0170684  0.0152249   0.306733
 0.0170684   0.080415  0.0221958  0.0118961
 0.0152249  0.0221958  0.0998703 -0.0080281
  0.306733  0.0118961 -0.0080281   0.373541
IMAGINARY
          0  -0.0214634  -0.0027325  0.00790924
  0.0214634           0   0.0277604  0.00716849
  0.0027325  -0.0277604           0   0.0195623
-0.00790924 -0.00716849  -0.0195623           0
Repeater1[0]<--->EndNode1[0]
REAL
    0.426003   0.00326579    0.0065628     0.294142
  0.00326579    0.0926694    0.0454441 -0.000741321
   0.0065628    0.0454441    0.0857538    0.0154923
    0.294142 -0.000741321    0.0154923     0.395574
IMAGINARY
          0 -0.00587933 -0.00189619  -0.0116279
 0.00587933           0  0.00122399  -0.0215413
 0.00189619 -0.00122399           0   0.0254106
  0.0116279   0.0215413  -0.0254106           0
Repeater1[0]<--->HoM1[0]
REAL
  0.446174  0.0152249  0.0170684   0.306733
 0.0152249  0.0998703  0.0221958 -0.0080281
 0.0170684  0.0221958   0.080415  0.0118961
  0.306733 -0.0080281  0.0118961   0.373541
IMAGINARY
          0  -0.0027325  -0.0214634  0.00790924
  0.0027325           0  -0.0277604   0.0195623
  0.0214634   0.0277604           0  0.00716849
-0.00790924  -0.0195623 -0.00716849           0
EndNode1[0]<--->Repeater1[0]
REAL
   0.453956  0.00362599 -0.00723965     0.29653
 0.00362599    0.079118   0.0311458   0.0242109
-0.00723965   0.0311458   0.0856031 -0.00493147
    0.29653   0.0242109 -0.00493147    0.381323
IMAGINARY
          0   0.0124996   0.0015344  0.00263852
 -0.0124996           0  0.00263852  0.00615791
 -0.0015344 -0.00263852           0   0.0118594
-0.00263852 -0.00615791  -0.0118594           0
EndNode2[0]<--->HoM1[0]
REAL
   0.461728   0.0159131   0.0215436    0.280467
  0.0159131   0.0901235   0.0379442   0.0131348
  0.0215436   0.0379442   0.0765432 -0.00645533
   0.280467   0.0131348 -0.00645533    0.371605
IMAGINARY
          0  -0.0118048  0.00252661   0.0148858
  0.0118048           0  -0.0207376 -0.00317681
-0.00252661   0.0207376           0 -0.00314968
 -0.0148858  0.00317681  0.00314968           0
Repeater1[0]<--->EndNode1[0]
REAL
   0.453956 -0.00723965  0.00362599     0.29653
-0.00723965   0.0856031   0.0311458 -0.00493147
 0.00362599   0.0311458    0.079118   0.0242109
    0.29653 -0.00493147   0.0242109    0.381323
IMAGINARY
          0   0.0015344   0.0124996  0.00263852
 -0.0015344           0 -0.00263852   0.0118594
 -0.0124996  0.00263852           0  0.00615791
-0.00263852  -0.0118594 -0.00615791           0
Repeater1[0]<--->HoM1[0]
REAL
   0.461728   0.0215436   0.0159131    0.280467
  0.0215436   0.0765432   0.0379442 -0.00645533
  0.0159131   0.0379442   0.0901235   0.0131348
   0.280467 -0.00645533   0.0131348    0.371605
IMAGINARY
          0  0.00252661  -0.0118048   0.0148858
-0.00252661           0   0.0207376 -0.00314968
  0.0118048  -0.0207376           0 -0.00317681
 -0.0148858  0.00314968  0.00317681           0
EndNode1[0]<--->Repeater1[0]
REAL
    0.45283 -0.00418873   0.0118607    0.276735
-0.00418873   0.0842767   0.0480729   0.0137148
  0.0118607   0.0480729   0.0867925   0.0233703
   0.276735   0.0137148   0.0233703    0.376101
IMAGINARY
          0 -0.00203227  0.00819351   0.0122414
 0.00203227           0 -0.00481898 -0.00883045
-0.00819351  0.00481898           0   0.0115864
 -0.0122414  0.00883045  -0.0115864           0
EndNode2[0]<--->HoM1[0]
REAL
   0.418301   -0.019026  0.00866082    0.310314
  -0.019026   0.0784314   0.0259046  0.00132586
 0.00866082   0.0259046   0.0928105 -0.00161311
   0.310314  0.00132586 -0.00161311    0.410458
IMAGINARY
          0   0.0059744  -0.0162736  -0.0140628
 -0.0059744           0 -0.00331689 -0.00747793
  0.0162736  0.00331689           0  0.00925094
  0.0140628  0.00747793 -0.00925094           0
Repeater1[0]<--->EndNode1[0]
REAL
    0.45283   0.0118607 -0.00418873    0.276735
  0.0118607   0.0867925   0.0480729   0.0233703
-0.00418873   0.0480729   0.0842767   0.0137148
   0.276735   0.0233703   0.0137148    0.376101
IMAGINARY
          0  0.00819351 -0.00203227   0.0122414
-0.00819351           0  0.00481898   0.0115864
 0.00203227 -0.00481898           0 -0.00883045
 -0.0122414  -0.0115864  0.00883045           0
Repeater1[0]<--->HoM1[0]
REAL
   0.418301  0.00866082   -0.019026    0.310314
 0.00866082   0.0928105   0.0259046 -0.00161311
  -0.019026   0.0259046   0.0784314  0.00132586
   0.310314 -0.00161311  0.00132586    0.410458
IMAGINARY
          0  -0.0162736   0.0059744  -0.0140628
  0.0162736           0  0.00331689  0.00925094
 -0.0059744 -0.00331689           0 -0.00747793
  0.0140628 -0.00925094  0.00747793           0
EndNode1[0]<--->Repeater1[0]
REAL
    0.412451   0.00566313 -0.000207282     0.305137
  0.00566313     0.101167    0.0184704    0.0108174
-0.000207282    0.0184704    0.0856031  -0.00433687
    0.305137    0.0108174  -0.00433687     0.400778
IMAGINARY
          0   0.0171691    0.024333   0.0203899
 -0.0171691           0   0.0012353  -0.0261511
  -0.024333  -0.0012353           0  0.00161882
 -0.0203899   0.0261511 -0.00161882           0
EndNode2[0]<--->HoM1[0]
REAL
   0.414286  -0.0282441  0.00714844    0.290789
 -0.0282441   0.0792208   0.0397846  -0.0281675
 0.00714844   0.0397846   0.0844156 -0.00678771
   0.290789  -0.0281675 -0.00678771    0.422078
IMAGINARY
          0 -0.00722805   0.0033668 -0.00451536
 0.00722805           0  0.00130612   0.0133668
 -0.0033668 -0.00130612           0  -0.0202151
 0.00451536  -0.0133668   0.0202151           0
Repeater1[0]<--->EndNode1[0]
REAL
    0.412451 -0.000207282   0.00566313     0.305137
-0.000207282    0.0856031    0.0184704  -0.00433687
  0.00566313    0.0184704     0.101167    0.0108174
    0.305137  -0.00433687    0.0108174     0.400778
IMAGINARY
          0    0.024333   0.0171691   0.0203899
  -0.024333           0  -0.0012353  0.00161882
 -0.0171691   0.0012353           0  -0.0261511
 -0.0203899 -0.00161882   0.0261511           0
Repeater1[0]<--->HoM1[0]
REAL
   0.414286  0.00714844  -0.0282441    0.290789
 0.00714844   0.0844156   0.0397846 -0.00678771
 -0.0282441   0.0397846   0.0792208  -0.0281675
   0.290789 -0.00678771  -0.0281675    0.422078
IMAGINARY
          0   0.0033668 -0.00722805 -0.00451536
 -0.0033668           0 -0.00130612  -0.0202151
 0.00722805  0.00130612           0   0.0133668
 0.00451536   0.0202151  -0.0133668           0
EndNode1[0]<--->Repeater1[0]
REAL
  0.410091 0.00869068 0.00191477   0.314174
0.00869068  0.0892626  0.0238724   0.012224
0.00191477  0.0238724  0.0866753 0.00544814
  0.314174   0.012224 0.00544814   0.413972
IMAGINARY
          0 -0.00780196   0.0133567   -0.016767
 0.00780196           0  0.00648885   0.0253064
 -0.0133567 -0.00648885           0  -0.0125126
   0.016767  -0.0253064   0.0125126           0
EndNode2[0]<--->HoM1[0]
REAL
    0.431349     0.014576   -0.0192308      0.29355
    0.014576    0.0826245    0.0331333    0.0192308
  -0.0192308    0.0331333    0.0850547 -0.000860265
     0.29355    0.0192308 -0.000860265     0.400972
IMAGINARY
         0  -0.013518 -0.0113792 -0.0129553
  0.013518          0  0.0263996 -0.0185687
 0.0113792 -0.0263996          0  0.0252368
 0.0129553  0.0185687 -0.0252368          0
Repeater1[0]<--->EndNode1[0]
REAL
  0.410091 0.00191477 0.00869068   0.314174
0.00191477  0.0866753  0.0238724 0.00544814
0.00869068  0.0238724  0.0892626   0.012224
  0.314174 0.00544814   0.012224   0.413972
IMAGINARY
          0   0.0133567 -0.00780196   -0.016767
 -0.0133567           0 -0.00648885  -0.0125126
 0.00780196  0.00648885           0   0.0253064
   0.016767   0.0125126  -0.0253064           0
Repeater1[0]<--->HoM1[0]
REAL
    0.431349   -0.0192308     0.014576      0.29355
  -0.0192308    0.0850547    0.0331333 -0.000860265
    0.014576    0.0331333    0.0826245    0.0192308
     0.29355 -0.000860265    0.0192308     0.400972
IMAGINARY
         0 -0.0113792  -0.013518 -0.0129553
 0.0113792          0 -0.0263996  0.0252368
  0.013518  0.0263996          0 -0.0185687
 0.0129553 -0.0252368  0.0185687          0
EndNode1[0]<--->Repeater1[0]
REAL
  0.414734  0.0162971  0.0150539   0.302284
 0.0162971  0.0859482  0.0371596 -0.0220072
 0.0150539  0.0371596  0.0900409 -0.0093439
  0.302284 -0.0220072 -0.0093439   0.409277
IMAGINARY
          0 -0.00115428 -0.00682088    0.021557
 0.00115428           0  -0.0176709 -0.00682088
 0.00682088   0.0176709           0 -0.00181131
  -0.021557  0.00682088  0.00181131           0
EndNode2[0]<--->HoM1[0]
REAL
    0.397531   0.00991106    0.0305087     0.289506
  0.00991106    0.0962963    0.0270542 -0.000572388
   0.0305087    0.0270542     0.091358   0.00728639
    0.289506 -0.000572388   0.00728639     0.414815
IMAGINARY
          0   0.0172955  -0.0132822  -0.0146624
 -0.0172955           0  -0.0172802   0.0126437
  0.0132822   0.0172802           0 -0.00388552
  0.0146624  -0.0126437  0.00388552           0
Repeater1[0]<--->EndNode1[0]
REAL
  0.414734  0.0150539  0.0162971   0.302284
 0.0150539  0.0900409  0.0371596 -0.0093439
 0.0162971  0.0371596  0.0859482 -0.0220072
  0.302284 -0.0093439 -0.0220072   0.409277
IMAGINARY
          0 -0.00682088 -0.00115428    0.021557
 0.00682088           0   0.0176709 -0.00181131
 0.00115428  -0.0176709           0 -0.00682088
  -0.021557  0.00181131  0.00682088           0
Repeater1[0]<--->HoM1[0]
REAL
    0.397531    0.0305087   0.00991106     0.289506
   0.0305087     0.091358    0.0270542   0.00728639
  0.00991106    0.0270542    0.0962963 -0.000572388
    0.289506   0.00728639 -0.000572388     0.414815
IMAGINARY
          0  -0.0132822   0.0172955  -0.0146624
  0.0132822           0   0.0172802 -0.00388552
 -0.0172955  -0.0172802           0   0.0126437
  0.0146624  0.00388552  -0.0126437           0
EndNode1[0]<--->Repeater1[0]
REAL
     0.41184  -0.00441868 -0.000272284     0.302701
 -0.00441868     0.113256    0.0381476    0.0188399
-0.000272284    0.0381476    0.0810811    0.0203338
    0.302701    0.0188399    0.0203338     0.393822
IMAGINARY
          0 -0.00814142 -0.00889866 -0.00386598
 0.00814142           0  0.00386598   0.0224821
 0.00889866 -0.00386598           0  -0.0106167
 0.00386598  -0.0224821   0.0106167           0
EndNode2[0]<--->HoM1[0]
REAL
   0.433417 -0.00859745 -0.00108026    0.311378
-0.00859745    0.071608   0.0402779  -0.0035555
-0.00108026   0.0402779   0.0665829   0.0092597
   0.311378  -0.0035555   0.0092597    0.428392
IMAGINARY
          0  -0.0220977  -0.0202552   0.0133057
  0.0220977           0  0.00602417   0.0125825
  0.0202552 -0.00602417           0  -0.0124292
 -0.0133057  -0.0125825   0.0124292           0
Repeater1[0]<--->EndNode1[0]
REAL
     0.41184 -0.000272284  -0.00441868     0.302701
