EndNode1[0]<--->Repeater1[0]
REAL
   0.395379  0.00531648  -0.0260217    0.288248
 0.00531648    0.123235   0.0435404  -0.0183491
 -0.0260217   0.0435404    0.136072 -0.00862774
   0.288248  -0.0183491 -0.00862774    0.345315
IMAGINARY
           0   -0.0268755 -0.000389361  -0.00167784
   0.0268755            0   0.00917784    0.0246733
 0.000389361  -0.00917784            0  -0.00612579
  0.00167784   -0.0246733   0.00612579            0
EndNode2[0]<--->HoM1[0]
REAL
   0.397864 -0.00521226   0.0116607    0.300278
-0.00521226    0.101469   0.0532577 0.000965538
  0.0116607   0.0532577    0.133511  -0.0200403
   0.300278 0.000965538  -0.0200403    0.367156
IMAGINARY
          0    0.016467   -0.012134  0.00600746
  -0.016467           0  0.00992391   0.0233923
   0.012134 -0.00992391           0  0.00803635
-0.00600746  -0.0233923 -0.00803635           0
Repeater1[0]<--->EndNode1[0]
REAL
   0.395379  -0.0260217  0.00531648    0.288248
 -0.0260217    0.136072   0.0435404 -0.00862774
 0.00531648   0.0435404    0.123235  -0.0183491
   0.288248 -0.00862774  -0.0183491    0.345315
IMAGINARY
           0 -0.000389361   -0.0268755  -0.00167784
 0.000389361            0  -0.00917784  -0.00612579
   0.0268755   0.00917784            0    0.0246733
  0.00167784   0.00612579   -0.0246733            0
Repeater1[0]<--->HoM1[0]
REAL
   0.397864   0.0116607 -0.00521226    0.300278
  0.0116607    0.133511   0.0532577  -0.0200403
-0.00521226   0.0532577    0.101469 0.000965538
   0.300278  -0.0200403 0.000965538    0.367156
IMAGINARY
          0   -0.012134    0.016467  0.00600746
   0.012134           0 -0.00992391  0.00803635
  -0.016467  0.00992391           0   0.0233923
-0.00600746 -0.00803635  -0.0233923           0
EndNode1[0]<--->Repeater1[0]
REAL
  0.384715 -0.0213155 -0.0118034   0.307963
-0.0213155   0.124352  0.0497499 -0.0227711
-0.0118034  0.0497499   0.132124 -0.0278866
  0.307963 -0.0227711 -0.0278866   0.358808
IMAGINARY
           0    0.0302648  -0.00476751    0.0170239
  -0.0302648            0  0.000811234   -0.0261129
  0.00476751 -0.000811234            0  -0.00726873
  -0.0170239    0.0261129   0.00726873            0
EndNode2[0]<--->HoM1[0]
REAL
   0.380392 -0.00359376   0.0141838    0.323071
-0.00359376    0.118954   0.0551669 -0.00252574
  0.0141838   0.0551669     0.11634   0.0126611
   0.323071 -0.00252574   0.0126611    0.384314
IMAGINARY
          0  -0.0115864   0.0166667  0.00439506
  0.0115864           0  -0.0142716  -0.0166667
 -0.0166667   0.0142716           0  0.00230253
-0.00439506   0.0166667 -0.00230253           0
Repeater1[0]<--->EndNode1[0]
REAL
  0.384715 -0.0118034 -0.0213155   0.307963
-0.0118034   0.132124  0.0497499 -0.0278866
-0.0213155  0.0497499   0.124352 -0.0227711
  0.307963 -0.0278866 -0.0227711   0.358808
IMAGINARY
           0  -0.00476751    0.0302648    0.0170239
  0.00476751            0 -0.000811234  -0.00726873
  -0.0302648  0.000811234            0   -0.0261129
  -0.0170239   0.00726873    0.0261129            0
Repeater1[0]<--->HoM1[0]
REAL
   0.380392   0.0141838 -0.00359376    0.323071
  0.0141838     0.11634   0.0551669   0.0126611
-0.00359376   0.0551669    0.118954 -0.00252574
   0.323071   0.0126611 -0.00252574    0.384314
IMAGINARY
          0   0.0166667  -0.0115864  0.00439506
 -0.0166667           0   0.0142716  0.00230253
  0.0115864  -0.0142716           0  -0.0166667
-0.00439506 -0.00230253   0.0166667           0
EndNode1[0]<--->Repeater1[0]
REAL
  0.363291 0.00618088 0.00418521   0.306755
0.00618088    0.11519  0.0616318  0.0171051
0.00418521  0.0616318   0.134177  0.0151094
  0.306755  0.0171051  0.0151094   0.387342
IMAGINARY
          0  0.00447566   0.0156223 -0.00847673
-0.00447566           0  -0.0292591   0.0201384
 -0.0156223   0.0292591           0  -0.0246317
 0.00847673  -0.0201384   0.0246317           0
EndNode2[0]<--->HoM1[0]
REAL
   0.384097 -0.00376321  -0.0234337    0.292771
-0.00376321    0.121294   0.0781511  0.00144785
 -0.0234337   0.0781511    0.138814  -0.0139673
   0.292771  0.00144785  -0.0139673    0.355795
IMAGINARY
           0  -0.00380117  -0.00339087   -0.0117179
  0.00380117            0  -0.00238462 -0.000702698
  0.00339087   0.00238462            0  -0.00380117
   0.0117179  0.000702698   0.00380117            0
Repeater1[0]<--->EndNode1[0]
REAL
  0.363291 0.00418521 0.00618088   0.306755
0.00418521   0.134177  0.0616318  0.0151094
0.00618088  0.0616318    0.11519  0.0171051
  0.306755  0.0151094  0.0171051   0.387342
IMAGINARY
          0   0.0156223  0.00447566 -0.00847673
 -0.0156223           0   0.0292591  -0.0246317
-0.00447566  -0.0292591           0   0.0201384
 0.00847673   0.0246317  -0.0201384           0
Repeater1[0]<--->HoM1[0]
REAL
   0.384097  -0.0234337 -0.00376321    0.292771
 -0.0234337    0.138814   0.0781511  -0.0139673
-0.00376321   0.0781511    0.121294  0.00144785
   0.292771  -0.0139673  0.00144785    0.355795
IMAGINARY
           0  -0.00339087  -0.00380117   -0.0117179
  0.00339087            0   0.00238462  -0.00380117
  0.00380117  -0.00238462            0 -0.000702698
   0.0117179   0.00380117  0.000702698            0
EndNode1[0]<--->Repeater1[0]
REAL
   0.368687   0.0125451 -0.00482035    0.296317
  0.0125451    0.145202    0.068793 -0.00750131
-0.00482035    0.068793    0.132576 -0.00930257
   0.296317 -0.00750131 -0.00930257    0.353535
IMAGINARY
           0  -0.00356814  -0.00129823 -0.000700246
  0.00356814            0   0.00929975  -0.00769209
  0.00129823  -0.00929975            0    0.0139416
 0.000700246   0.00769209   -0.0139416            0
EndNode2[0]<--->HoM1[0]
REAL
    0.39477 -0.00503205  -0.0107386    0.308231
-0.00503205    0.118306   0.0605188  0.00198864
 -0.0107386   0.0605188    0.134496 -0.00246795
   0.308231  0.00198864 -0.00246795    0.352428
IMAGINARY
          0  -0.0128453  0.00182722  -0.0131102
  0.0128453           0  0.00157693 -0.00770957
-0.00182722 -0.00157693           0   0.0304924
  0.0131102  0.00770957  -0.0304924           0
Repeater1[0]<--->EndNode1[0]
REAL
   0.368687 -0.00482035   0.0125451    0.296317
-0.00482035    0.132576    0.068793 -0.00930257
  0.0125451    0.068793    0.145202 -0.00750131
   0.296317 -0.00930257 -0.00750131    0.353535
IMAGINARY
           0  -0.00129823  -0.00356814 -0.000700246
  0.00129823            0  -0.00929975    0.0139416
  0.00356814   0.00929975            0  -0.00769209
 0.000700246   -0.0139416   0.00769209            0
Repeater1[0]<--->HoM1[0]
REAL
    0.39477  -0.0107386 -0.00503205    0.308231
 -0.0107386    0.134496   0.0605188 -0.00246795
-0.00503205   0.0605188    0.118306  0.00198864
   0.308231 -0.00246795  0.00198864    0.352428
IMAGINARY
          0  0.00182722  -0.0128453  -0.0131102
-0.00182722           0 -0.00157693   0.0304924
  0.0128453  0.00157693           0 -0.00770957
  0.0131102  -0.0304924  0.00770957           0
EndNode1[0]<--->Repeater1[0]
REAL
   0.368564  0.00262359   0.0181771    0.287698
 0.00262359    0.128726   0.0728595 -0.00688889
  0.0181771   0.0728595    0.130081   0.0126487
   0.287698 -0.00688889   0.0126487    0.372629
IMAGINARY
          0 -0.00110669   0.0288279   0.0050834
 0.00110669           0  0.00571711  0.00407538
 -0.0288279 -0.00571711           0  -0.0124417
 -0.0050834 -0.00407538   0.0124417           0
EndNode2[0]<--->HoM1[0]
REAL
   0.399522   0.0137658  0.00659184      0.2991
  0.0137658    0.124402   0.0552307 -0.00396717
 0.00659184   0.0552307    0.125598  0.00854389
     0.2991 -0.00396717  0.00854389    0.350478
IMAGINARY
          0  -0.0196283 -0.00246413  -0.0112829
  0.0196283           0   0.0100074  0.00518893
 0.00246413  -0.0100074           0  -0.0103445
  0.0112829 -0.00518893   0.0103445           0
Repeater1[0]<--->EndNode1[0]
REAL
   0.368564   0.0181771  0.00262359    0.287698
  0.0181771    0.130081   0.0728595   0.0126487
 0.00262359   0.0728595    0.128726 -0.00688889
   0.287698   0.0126487 -0.00688889    0.372629
IMAGINARY
          0   0.0288279 -0.00110669   0.0050834
 -0.0288279           0 -0.00571711  -0.0124417
 0.00110669  0.00571711           0  0.00407538
 -0.0050834   0.0124417 -0.00407538           0
Repeater1[0]<--->HoM1[0]
REAL
   0.399522  0.00659184   0.0137658      0.2991
 0.00659184    0.125598   0.0552307  0.00854389
  0.0137658   0.0552307    0.124402 -0.00396717
     0.2991  0.00854389 -0.00396717    0.350478
IMAGINARY
          0 -0.00246413  -0.0196283  -0.0112829
 0.00246413           0  -0.0100074  -0.0103445
  0.0196283   0.0100074           0  0.00518893
  0.0112829   0.0103445 -0.00518893           0
EndNode1[0]<--->Repeater1[0]
REAL
   0.390428  0.00768269  0.00275798    0.296765
 0.00768269    0.130982   0.0642385 -0.00983648
 0.00275798   0.0642385    0.110831  -0.0147612
   0.296765 -0.00983648  -0.0147612    0.367758
IMAGINARY
          0 -0.00559912   0.0150735  0.00750885
 0.00559912           0  -0.0113354  -0.0110412
 -0.0150735   0.0113354           0   0.0109755
-0.00750885   0.0110412  -0.0109755           0
EndNode2[0]<--->HoM1[0]
REAL
   0.405096  0.00676671 -0.00289211    0.294479
 0.00676671    0.135032   0.0485066  -0.0170564
-0.00289211   0.0485066    0.136306 -0.00869721
   0.294479  -0.0170564 -0.00869721    0.323567
IMAGINARY
          0  -0.0059355   0.0089113   0.0292945
  0.0059355           0  -0.0106809 -0.00581341
 -0.0089113   0.0106809           0 -0.00335818
 -0.0292945  0.00581341  0.00335818           0
Repeater1[0]<--->EndNode1[0]
REAL
   0.390428  0.00275798  0.00768269    0.296765
 0.00275798    0.110831   0.0642385  -0.0147612
 0.00768269   0.0642385    0.130982 -0.00983648
   0.296765  -0.0147612 -0.00983648    0.367758
IMAGINARY
          0   0.0150735 -0.00559912  0.00750885
 -0.0150735           0   0.0113354   0.0109755
 0.00559912  -0.0113354           0  -0.0110412
-0.00750885  -0.0109755   0.0110412           0
Repeater1[0]<--->HoM1[0]
REAL
   0.405096 -0.00289211  0.00676671    0.294479
-0.00289211    0.136306   0.0485066 -0.00869721
 0.00676671   0.0485066    0.135032  -0.0170564
   0.294479 -0.00869721  -0.0170564    0.323567
IMAGINARY
          0   0.0089113  -0.0059355   0.0292945
 -0.0089113           0   0.0106809 -0.00335818
  0.0059355  -0.0106809           0 -0.00581341
 -0.0292945  0.00335818  0.00581341           0
EndNode1[0]<--->Repeater1[0]
REAL
   0.383508   0.0149814 0.000951747    0.302898
  0.0149814    0.123037    0.064556   0.0108593
0.000951747    0.064556    0.120419 -0.00185801
   0.302898   0.0108593 -0.00185801    0.373037
IMAGINARY
           0   -0.0094025    0.0222193  0.000576814
   0.0094025            0   0.00934874  -0.00667522
  -0.0222193  -0.00934874            0   -0.0268669
-0.000576814   0.00667522    0.0268669            0
EndNode2[0]<--->HoM1[0]
REAL
   0.357625 -0.00730521  -0.0147837    0.291825
-0.00730521    0.136302   0.0721752  0.00811705
 -0.0147837   0.0721752    0.133603   0.0113052
   0.291825  0.00811705   0.0113052     0.37247
IMAGINARY
          0 -0.00108277   0.0168611  0.00757662
 0.00108277           0  -0.0026015  0.00253817
 -0.0168611   0.0026015           0  -0.0208196
-0.00757662 -0.00253817   0.0208196           0
Repeater1[0]<--->EndNode1[0]
REAL
   0.383508 0.000951747   0.0149814    0.302898
0.000951747    0.120419    0.064556 -0.00185801
  0.0149814    0.064556    0.123037   0.0108593
   0.302898 -0.00185801   0.0108593    0.373037
IMAGINARY
           0    0.0222193   -0.0094025  0.000576814
  -0.0222193            0  -0.00934874   -0.0268669
   0.0094025   0.00934874            0  -0.00667522
-0.000576814    0.0268669   0.00667522            0
Repeater1[0]<--->HoM1[0]
REAL
   0.357625  -0.0147837 -0.00730521    0.291825
 -0.0147837    0.133603   0.0721752   0.0113052
-0.00730521   0.0721752    0.136302  0.00811705
   0.291825   0.0113052  0.00811705     0.37247
IMAGINARY
          0   0.0168611 -0.00108277  0.00757662
 -0.0168611           0   0.0026015  -0.0208196
 0.00108277  -0.0026015           0  0.00253817
-0.00757662   0.0208196 -0.00253817           0
EndNode1[0]<--->Repeater1[0]
REAL
   0.409211  0.00734745   0.0196516     0.29737
 0.00734745    0.127632   0.0693801 -0.00782095
  0.0196516   0.0693801    0.111842  0.00323786
    0.29737 -0.00782095  0.00323786    0.351316
IMAGINARY
           0    0.0204949   -0.0137437   0.00257484
  -0.0204949            0    0.0180643 -5.39673e-05
   0.0137437   -0.0180643            0    0.0130136
 -0.00257484  5.39673e-05   -0.0130136            0
EndNode2[0]<--->HoM1[0]
REAL
    0.384106      0.01642  -0.00523553     0.291453
     0.01642      0.12053    0.0566811     0.016175
 -0.00523553    0.0566811     0.112583 -0.000332531
    0.291453     0.016175 -0.000332531     0.382781
IMAGINARY
           0   0.00926991    -0.022955  0.000427065
 -0.00926991            0    0.0130533  -0.00115666
    0.022955   -0.0130533            0    0.0288012
-0.000427065   0.00115666   -0.0288012            0
Repeater1[0]<--->EndNode1[0]
REAL
   0.409211   0.0196516  0.00734745     0.29737
  0.0196516    0.111842   0.0693801  0.00323786
 0.00734745   0.0693801    0.127632 -0.00782095
    0.29737  0.00323786 -0.00782095    0.351316
IMAGINARY
           0   -0.0137437    0.0204949   0.00257484
   0.0137437            0   -0.0180643    0.0130136
  -0.0204949    0.0180643            0 -5.39673e-05
 -0.00257484   -0.0130136  5.39673e-05            0
Repeater1[0]<--->HoM1[0]
REAL
    0.384106  -0.00523553      0.01642     0.291453
 -0.00523553     0.112583    0.0566811 -0.000332531
     0.01642    0.0566811      0.12053     0.016175
    0.291453 -0.000332531     0.016175     0.382781
IMAGINARY
           0    -0.022955   0.00926991  0.000427065
    0.022955            0   -0.0130533    0.0288012
 -0.00926991    0.0130533            0  -0.00115666
-0.000427065   -0.0288012   0.00115666            0
EndNode1[0]<--->Repeater1[0]
REAL
  0.370238  0.0200419 0.00991206   0.292886
 0.0200419   0.127381   0.048485 0.00785444
0.00991206   0.048485   0.145238  0.0294505
  0.292886 0.00785444  0.0294505   0.357143
IMAGINARY
          0  -0.0188145   0.0144316  0.00159466
  0.0188145           0  0.00772211   0.0086251
 -0.0144316 -0.00772211           0  -0.0147823
-0.00159466  -0.0086251   0.0147823           0
EndNode2[0]<--->HoM1[0]
REAL
  0.348745 -0.0200414 -0.0157892   0.304415
-0.0200414   0.137384   0.052728 0.00635528
-0.0157892   0.052728   0.141347 -0.0163468
  0.304415 0.00635528 -0.0163468   0.372523
IMAGINARY
          0   -0.016461 -0.00220697  -0.0202753
   0.016461           0 -0.00469092  -0.0119631
 0.00220697  0.00469092           0   0.0171358
  0.0202753   0.0119631  -0.0171358           0
Repeater1[0]<--->EndNode1[0]
REAL
  0.370238 0.00991206  0.0200419   0.292886
0.00991206   0.145238   0.048485  0.0294505
 0.0200419   0.048485   0.127381 0.00785444
  0.292886  0.0294505 0.00785444   0.357143
IMAGINARY
          0   0.0144316  -0.0188145  0.00159466
 -0.0144316           0 -0.00772211  -0.0147823
  0.0188145  0.00772211           0   0.0086251
-0.00159466   0.0147823  -0.0086251           0
Repeater1[0]<--->HoM1[0]
REAL
  0.348745 -0.0157892 -0.0200414   0.304415
-0.0157892   0.141347   0.052728 -0.0163468
-0.0200414   0.052728   0.137384 0.00635528
  0.304415 -0.0163468 0.00635528   0.372523
IMAGINARY
          0 -0.00220697   -0.016461  -0.0202753
 0.00220697           0  0.00469092   0.0171358
   0.016461 -0.00469092           0  -0.0119631
  0.0202753  -0.0171358   0.0119631           0
EndNode1[0]<--->Repeater1[0]
REAL
   0.401797   0.0100582 -0.00753204     0.30709
  0.0100582    0.114249   0.0672819   0.0213511
-0.00753204   0.0672819    0.119384  0.00376093
    0.30709   0.0213511  0.00376093     0.36457
IMAGINARY
          0  0.00323451   0.0147049   0.0061328
-0.00323451           0  0.00682056 -0.00271447
 -0.0147049 -0.00682056           0  0.00995494
 -0.0061328  0.00271447 -0.00995494           0
EndNode2[0]<--->HoM1[0]
REAL
   0.393216 -0.00666972  -0.0055984    0.280787
-0.00666972     0.11809   0.0546887  -0.0278206
 -0.0055984   0.0546887    0.123116  -0.0190372
   0.280787  -0.0278206  -0.0190372    0.365578
IMAGINARY
           0   0.00292874  -0.00936401    0.0114903
 -0.00292874            0    0.0153071  -0.00484788
  0.00936401   -0.0153071            0  0.000947232
  -0.0114903   0.00484788 -0.000947232            0
Repeater1[0]<--->EndNode1[0]
REAL
   0.401797 -0.00753204   0.0100582     0.30709
-0.00753204    0.119384   0.0672819  0.00376093
  0.0100582   0.0672819    0.114249   0.0213511
    0.30709  0.00376093   0.0213511     0.36457
IMAGINARY
          0   0.0147049  0.00323451   0.0061328
 -0.0147049           0 -0.00682056  0.00995494
-0.00323451  0.00682056           0 -0.00271447
 -0.0061328 -0.00995494  0.00271447           0
Repeater1[0]<--->HoM1[0]
REAL
   0.393216  -0.0055984 -0.00666972    0.280787
 -0.0055984    0.123116   0.0546887  -0.0190372
-0.00666972   0.0546887     0.11809  -0.0278206
   0.280787  -0.0190372  -0.0278206    0.365578
IMAGINARY
           0  -0.00936401   0.00292874    0.0114903
  0.00936401            0   -0.0153071  0.000947232
 -0.00292874    0.0153071            0  -0.00484788
  -0.0114903 -0.000947232   0.00484788            0
EndNode1[0]<--->Repeater1[0]
REAL
   0.329815 -0.00224026 -0.00526831    0.296382
-0.00224026    0.130607   0.0534877  0.00657379
-0.00526831   0.0534877    0.131926   0.0074622
   0.296382  0.00657379   0.0074622    0.407652
IMAGINARY
           0   0.00292564 -0.000937421   0.00693805
 -0.00292564            0  -0.00756384   -0.0197344
 0.000937421   0.00756384            0   0.00870227
 -0.00693805    0.0197344  -0.00870227            0
EndNode2[0]<--->HoM1[0]
REAL
   0.385604 -0.00283604  0.00806884    0.307984
-0.00283604    0.124679    0.056668 -0.00346962
 0.00806884    0.056668    0.124679  0.00349307
   0.307984 -0.00346962  0.00349307    0.365039
IMAGINARY
          0  -0.0186327  0.00242604  -0.0212846
  0.0186327           0 -0.00281174  -0.0195313
-0.00242604  0.00281174           0 -0.00241996
  0.0212846   0.0195313  0.00241996           0
Repeater1[0]<--->EndNode1[0]
REAL
   0.329815 -0.00526831 -0.00224026    0.296382
-0.00526831    0.131926   0.0534877   0.0074622
-0.00224026   0.0534877    0.130607  0.00657379
   0.296382   0.0074622  0.00657379    0.407652
IMAGINARY
           0 -0.000937421   0.00292564   0.00693805
 0.000937421            0   0.00756384   0.00870227
 -0.00292564  -0.00756384            0   -0.0197344
 -0.00693805  -0.00870227    0.0197344            0
Repeater1[0]<--->HoM1[0]
REAL
   0.385604  0.00806884 -0.00283604    0.307984
 0.00806884    0.124679    0.056668  0.00349307
-0.00283604    0.056668    0.124679 -0.00346962
   0.307984  0.00349307 -0.00346962    0.365039
IMAGINARY
          0  0.00242604  -0.0186327  -0.0212846
-0.00242604           0  0.00281174 -0.00241996
  0.0186327 -0.00281174           0  -0.0195313
  0.0212846  0.00241996   0.0195313           0
EndNode1[0]<--->Repeater1[0]
REAL
    0.39871   0.0148241   0.0175595     0.28467
  0.0148241    0.117419   0.0476282 -0.00327381
  0.0175595   0.0476282    0.140645 -0.00674953
    0.28467 -0.00327381 -0.00674953    0.343226
IMAGINARY
          0  0.00601306 -0.00684629   0.0132319
-0.00601306           0   0.0204403   0.0074784
 0.00684629  -0.0204403           0 -0.00664517
 -0.0132319  -0.0074784  0.00664517           0
EndNode2[0]<--->HoM1[0]
REAL
     0.3725   -0.011251 1.16409e-05    0.307559
  -0.011251      0.1375   0.0440896  -0.0123743
1.16409e-05   0.0440896     0.12875  0.00163561
   0.307559  -0.0123743  0.00163561     0.36125
IMAGINARY
          0  -0.0117382   0.0120477  -0.0110917
  0.0117382           0  -0.0029156  -0.0127048
 -0.0120477   0.0029156           0  0.00976714
  0.0110917   0.0127048 -0.00976714           0
Repeater1[0]<--->EndNode1[0]
REAL
    0.39871   0.0175595   0.0148241     0.28467
  0.0175595    0.140645   0.0476282 -0.00674953
  0.0148241   0.0476282    0.117419 -0.00327381
    0.28467 -0.00674953 -0.00327381    0.343226
IMAGINARY
          0 -0.00684629  0.00601306   0.0132319
 0.00684629           0  -0.0204403 -0.00664517
-0.00601306   0.0204403           0   0.0074784
 -0.0132319  0.00664517  -0.0074784           0
Repeater1[0]<--->HoM1[0]
REAL
     0.3725 1.16409e-05   -0.011251    0.307559
1.16409e-05     0.12875   0.0440896  0.00163561
  -0.011251   0.0440896      0.1375  -0.0123743
   0.307559  0.00163561  -0.0123743     0.36125
IMAGINARY
          0   0.0120477  -0.0117382  -0.0110917
 -0.0120477           0   0.0029156  0.00976714
  0.0117382  -0.0029156           0  -0.0127048
  0.0110917 -0.00976714   0.0127048           0
EndNode1[0]<--->Repeater1[0]
REAL
   0.359375 -0.00449246  -0.0149535    0.306845
-0.00449246    0.143229   0.0369448  -0.0112949
 -0.0149535   0.0369448    0.145833 -0.00383021
   0.306845  -0.0112949 -0.00383021    0.351562
IMAGINARY
          0 -0.00115777  0.00290828    0.013679
 0.00115777           0   0.0182903 -0.00415206
-0.00290828  -0.0182903           0 -0.00381735
  -0.013679  0.00415206  0.00381735           0
EndNode2[0]<--->HoM1[0]
REAL
   0.375979  0.00763206  0.00887344     0.28638
 0.00763206    0.133159   0.0722726 -0.00424992
 0.00887344   0.0722726    0.133159 -0.00697156
    0.28638 -0.00424992 -0.00697156    0.357702
IMAGINARY
          0  0.00185543   -0.016164  0.00821091
-0.00185543           0  -0.0112859  0.00804911
   0.016164   0.0112859           0  -0.0224547
-0.00821091 -0.00804911   0.0224547           0
Repeater1[0]<--->EndNode1[0]
REAL
   0.359375  -0.0149535 -0.00449246    0.306845
 -0.0149535    0.145833   0.0369448 -0.00383021
-0.00449246   0.0369448    0.143229  -0.0112949
   0.306845 -0.00383021  -0.0112949    0.351562
IMAGINARY
          0  0.00290828 -0.00115777    0.013679
-0.00290828           0  -0.0182903 -0.00381735
 0.00115777   0.0182903           0 -0.00415206
  -0.013679  0.00381735  0.00415206           0
Repeater1[0]<--->HoM1[0]
REAL
   0.375979  0.00887344  0.00763206     0.28638
 0.00887344    0.133159   0.0722726 -0.00697156
 0.00763206   0.0722726    0.133159 -0.00424992
    0.28638 -0.00697156 -0.00424992    0.357702
IMAGINARY
          0   -0.016164  0.00185543  0.00821091
   0.016164           0   0.0112859  -0.0224547
-0.00185543  -0.0112859           0  0.00804911
-0.00821091   0.0224547 -0.00804911           0
EndNode1[0]<--->Repeater1[0]
REAL
    0.37062   0.0188495  0.00258207    0.280738
  0.0188495    0.113208    0.043012  -0.0138321
 0.00258207    0.043012    0.137466 -0.00634947
   0.280738  -0.0138321 -0.00634947    0.378706
IMAGINARY
           0   0.00444425   0.00993376   0.00965177
 -0.00444425            0  -0.00900494     0.021074
 -0.00993376   0.00900494            0 -0.000568281
 -0.00965177    -0.021074  0.000568281            0
EndNode2[0]<--->HoM1[0]
REAL
  0.383648    0.02332  0.0117938   0.302506
   0.02332   0.143396  0.0604882 -0.0132062
 0.0117938  0.0604882   0.109434 0.00775341
  0.302506 -0.0132062 0.00775341   0.363522
IMAGINARY
           0  -0.00571908    0.0211924   0.00658391
  0.00571908            0 -0.000494599  -0.00267391
  -0.0211924  0.000494599            0  -0.00258232
 -0.00658391   0.00267391   0.00258232            0
Repeater1[0]<--->EndNode1[0]
REAL
    0.37062  0.00258207   0.0188495    0.280738
 0.00258207    0.137466    0.043012 -0.00634947
  0.0188495    0.043012    0.113208  -0.0138321
   0.280738 -0.00634947  -0.0138321    0.378706
IMAGINARY
           0   0.00993376   0.00444425   0.00965177
 -0.00993376            0   0.00900494 -0.000568281
 -0.00444425  -0.00900494            0     0.021074
 -0.00965177  0.000568281    -0.021074            0
Repeater1[0]<--->HoM1[0]
REAL
  0.383648  0.0117938    0.02332   0.302506
 0.0117938   0.109434  0.0604882 0.00775341
   0.02332  0.0604882   0.143396 -0.0132062
  0.302506 0.00775341 -0.0132062   0.363522
IMAGINARY
           0    0.0211924  -0.00571908   0.00658391
  -0.0211924            0  0.000494599  -0.00258232
  0.00571908 -0.000494599            0  -0.00267391
 -0.00658391   0.00258232   0.00267391            0
EndNode1[0]<--->Repeater1[0]
REAL
   0.367036   0.0188728  -0.0109761    0.280128
  0.0188728    0.134349   0.0476779   0.0211802
 -0.0109761   0.0476779    0.123269 -0.00229119
   0.280128   0.0211802 -0.00229119    0.375346
IMAGINARY
           0   -0.0173336 -0.000550034   0.00478504
   0.0173336            0    -0.013965    0.0065103
 0.000550034     0.013965            0    0.0166714
 -0.00478504   -0.0065103   -0.0166714            0
EndNode2[0]<--->HoM1[0]
REAL
   0.364303  -0.0237106  -0.0208302    0.321069
 -0.0237106    0.125917   0.0620481 -0.00774121
 -0.0208302   0.0620481    0.129584  0.00293133
   0.321069 -0.00774121  0.00293133    0.380196
IMAGINARY
          0   0.0138959  -0.0179892  0.00743269
 -0.0138959           0  -0.0298601  -0.0129387
  0.0179892   0.0298601           0   0.0183206
-0.00743269   0.0129387  -0.0183206           0
Repeater1[0]<--->EndNode1[0]
REAL
   0.367036  -0.0109761   0.0188728    0.280128
 -0.0109761    0.123269   0.0476779 -0.00229119
  0.0188728   0.0476779    0.134349   0.0211802
   0.280128 -0.00229119   0.0211802    0.375346
IMAGINARY
           0 -0.000550034   -0.0173336   0.00478504
 0.000550034            0     0.013965    0.0166714
   0.0173336    -0.013965            0    0.0065103
 -0.00478504   -0.0166714   -0.0065103            0
Repeater1[0]<--->HoM1[0]
REAL
   0.364303  -0.0208302  -0.0237106    0.321069
 -0.0208302    0.129584   0.0620481  0.00293133
 -0.0237106   0.0620481    0.125917 -0.00774121
   0.321069  0.00293133 -0.00774121    0.380196
IMAGINARY
          0  -0.0179892   0.0138959  0.00743269
  0.0179892           0   0.0298601   0.0183206
 -0.0138959  -0.0298601           0  -0.0129387
-0.00743269  -0.0183206   0.0129387           0
EndNode1[0]<--->Repeater1[0]
REAL
   0.369737  0.00206389 -0.00150358    0.292521
 0.00206389    0.142105   0.0550979   -0.010061
-0.00150358   0.0550979    0.123684   0.0190245
   0.292521   -0.010061   0.0190245    0.364474
IMAGINARY
          0  0.00658425   0.0106353  0.00589534
-0.00658425           0 -0.00390858 -0.00879478
 -0.0106353  0.00390858           0 -0.00351676
-0.00589534  0.00879478  0.00351676           0
EndNode2[0]<--->HoM1[0]
REAL
   0.372405   0.0114425 -0.00320602    0.284454
  0.0114425    0.119658   0.0362882 -0.00255582
-0.00320602   0.0362882    0.131868 -0.00440029
   0.284454 -0.00255582 -0.00440029    0.376068
IMAGINARY
          0    0.005482 -0.00896469 -0.00822687
  -0.005482           0  -0.0161634 -0.00570524
 0.00896469   0.0161634           0 -0.00303701
 0.00822687  0.00570524  0.00303701           0
Repeater1[0]<--->EndNode1[0]
REAL
   0.369737 -0.00150358  0.00206389    0.292521
-0.00150358    0.123684   0.0550979   0.0190245
 0.00206389   0.0550979    0.142105   -0.010061
   0.292521   0.0190245   -0.010061    0.364474
IMAGINARY
          0   0.0106353  0.00658425  0.00589534
 -0.0106353           0  0.00390858 -0.00351676
-0.00658425 -0.00390858           0 -0.00879478
-0.00589534  0.00351676  0.00879478           0
Repeater1[0]<--->HoM1[0]
REAL
   0.372405 -0.00320602   0.0114425    0.284454
-0.00320602    0.131868   0.0362882 -0.00440029
  0.0114425   0.0362882    0.119658 -0.00255582
   0.284454 -0.00440029 -0.00255582    0.376068
IMAGINARY
          0 -0.00896469    0.005482 -0.00822687
 0.00896469           0   0.0161634 -0.00303701
  -0.005482  -0.0161634           0 -0.00570524
 0.00822687  0.00303701  0.00570524           0
EndNode1[0]<--->Repeater1[0]
REAL
   0.370219  -0.0143912  0.00141824    0.292984
 -0.0143912    0.137978   0.0445799  -0.0153776
 0.00141824   0.0445799    0.127049 -0.00210622
   0.292984  -0.0153776 -0.00210622    0.364754
IMAGINARY
          0   0.0178101  0.00863865  0.00585412
 -0.0178101           0  0.00449911  -0.0194943
-0.00863865 -0.00449911           0 -0.00823156
-0.00585412   0.0194943  0.00823156           0
EndNode2[0]<--->HoM1[0]
REAL
   0.382843 -0.00548302  0.00269653    0.290036
-0.00548302    0.135723   0.0542368 -0.00462704
 0.00269653   0.0542368    0.135723   0.0151355
   0.290036 -0.00462704   0.0151355    0.345711
IMAGINARY
           0   0.00674416  -0.00661412   0.00532351
 -0.00674416            0  0.000819001   -0.0191455
  0.00661412 -0.000819001            0    0.0242994
 -0.00532351    0.0191455   -0.0242994            0
Repeater1[0]<--->EndNode1[0]
REAL
   0.370219  0.00141824  -0.0143912    0.292984
 0.00141824    0.127049   0.0445799 -0.00210622
 -0.0143912   0.0445799    0.137978  -0.0153776
   0.292984 -0.00210622  -0.0153776    0.364754
IMAGINARY
          0  0.00863865   0.0178101  0.00585412
-0.00863865           0 -0.00449911 -0.00823156
 -0.0178101  0.00449911           0  -0.0194943
-0.00585412  0.00823156   0.0194943           0
Repeater1[0]<--->HoM1[0]
REAL
   0.382843  0.00269653 -0.00548302    0.290036
 0.00269653    0.135723   0.0542368   0.0151355
-0.00548302   0.0542368    0.135723 -0.00462704
   0.290036   0.0151355 -0.00462704    0.345711
IMAGINARY
           0  -0.00661412   0.00674416   0.00532351
  0.00661412            0 -0.000819001    0.0242994
 -0.00674416  0.000819001            0   -0.0191455
 -0.00532351   -0.0242994    0.0191455            0
EndNode1[0]<--->Repeater1[0]
REAL
  0.376866 -0.0210495  0.0305107   0.287212
-0.0210495   0.126866  0.0515794 0.00223486
 0.0305107  0.0515794   0.114428  0.0160117
  0.287212 0.00223486  0.0160117   0.381841
IMAGINARY
          0  0.00327177  0.00123101  0.00789183
-0.00327177           0   0.0245585  -0.0108096
-0.00123101  -0.0245585           0   0.0101382
-0.00789183   0.0108096  -0.0101382           0
EndNode2[0]<--->HoM1[0]
REAL
  0.367041 -0.0105167  0.0308438   0.292178
-0.0105167   0.133583  0.0590204 0.00383461
 0.0308438  0.0590204   0.139825  0.0073641
  0.292178 0.00383461  0.0073641   0.359551
IMAGINARY
           0   0.00242496 -0.000182009   0.00989783
 -0.00242496            0   0.00989783   0.00480552
 0.000182009  -0.00989783            0    0.0114456
 -0.00989783  -0.00480552   -0.0114456            0
Repeater1[0]<--->EndNode1[0]
REAL
  0.376866  0.0305107 -0.0210495   0.287212
 0.0305107   0.114428  0.0515794  0.0160117
-0.0210495  0.0515794   0.126866 0.00223486
  0.287212  0.0160117 0.00223486   0.381841
IMAGINARY
          0  0.00123101  0.00327177  0.00789183
-0.00123101           0  -0.0245585   0.0101382
-0.00327177   0.0245585           0  -0.0108096
-0.00789183  -0.0101382   0.0108096           0
Repeater1[0]<--->HoM1[0]
REAL
  0.367041  0.0308438 -0.0105167   0.292178
 0.0308438   0.139825  0.0590204  0.0073641
-0.0105167  0.0590204   0.133583 0.00383461
  0.292178  0.0073641 0.00383461   0.359551
IMAGINARY
           0 -0.000182009   0.00242496   0.00989783
 0.000182009            0  -0.00989783    0.0114456
 -0.00242496   0.00989783            0   0.00480552
 -0.00989783   -0.0114456  -0.00480552            0
EndNode1[0]<--->Repeater1[0]
REAL
  0.379172  0.0062998 0.00696274   0.303139
 0.0062998   0.145527  0.0411134  -0.010053
0.00696274  0.0411134   0.109479  0.0029709
  0.303139  -0.010053  0.0029709   0.365821
IMAGINARY
          0 -0.00993078  0.00107002   0.0105869
 0.00993078           0  0.00223365  -0.0162599
-0.00107002 -0.00223365           0  0.00739913
 -0.0105869   0.0162599 -0.00739913           0
EndNode2[0]<--->HoM1[0]
REAL
   0.363392 -0.00607524  -0.0173507     0.28039
-0.00607524     0.10498   0.0710308   0.0225186
 -0.0173507   0.0710308    0.148048   0.0125352
    0.28039   0.0225186   0.0125352     0.38358
IMAGINARY
          0   0.0115448 -0.00536726 -0.00976618
 -0.0115448           0  -0.0103951  0.00906185
 0.00536726   0.0103951           0   0.0167804
 0.00976618 -0.00906185  -0.0167804           0
Repeater1[0]<--->EndNode1[0]
REAL
  0.379172 0.00696274  0.0062998   0.303139
0.00696274   0.109479  0.0411134  0.0029709
 0.0062998  0.0411134   0.145527  -0.010053
  0.303139  0.0029709  -0.010053   0.365821
IMAGINARY
          0  0.00107002 -0.00993078   0.0105869
-0.00107002           0 -0.00223365  0.00739913
 0.00993078  0.00223365           0  -0.0162599
 -0.0105869 -0.00739913   0.0162599           0
Repeater1[0]<--->HoM1[0]
REAL
   0.363392  -0.0173507 -0.00607524     0.28039
 -0.0173507    0.148048   0.0710308   0.0125352
-0.00607524   0.0710308     0.10498   0.0225186
    0.28039   0.0125352   0.0225186     0.38358
IMAGINARY
          0 -0.00536726   0.0115448 -0.00976618
 0.00536726           0   0.0103951   0.0167804
 -0.0115448  -0.0103951           0  0.00906185
 0.00976618  -0.0167804 -0.00906185           0
EndNode1[0]<--->Repeater1[0]
REAL
   0.403974 -0.00392541  0.00635348    0.308225
-0.00392541    0.136424   0.0591215  -0.0165576
 0.00635348   0.0591215     0.13245   0.0115785
   0.308225  -0.0165576   0.0115785    0.327152
IMAGINARY
          0  0.00718963  -0.0102073  -0.0365595
-0.00718963           0  -0.0118682   -0.009506
  0.0102073   0.0118682           0 -0.00420277
  0.0365595    0.009506  0.00420277           0
EndNode2[0]<--->HoM1[0]
REAL
  0.383812  0.0179703  0.0140499   0.306492
 0.0179703   0.118799  0.0726424  0.0101232
 0.0140499  0.0726424   0.108355 0.00238591
  0.306492  0.0101232 0.00238591   0.389034
IMAGINARY
          0  0.00421497  -0.0193855 -0.00383632
-0.00421497           0 -0.00383632  0.00646565
  0.0193855  0.00383632           0  0.00612094
 0.00383632 -0.00646565 -0.00612094           0
Repeater1[0]<--->EndNode1[0]
REAL
   0.403974  0.00635348 -0.00392541    0.308225
 0.00635348     0.13245   0.0591215   0.0115785
-0.00392541   0.0591215    0.136424  -0.0165576
   0.308225   0.0115785  -0.0165576    0.327152
IMAGINARY
          0  -0.0102073  0.00718963  -0.0365595
  0.0102073           0   0.0118682 -0.00420277
-0.00718963  -0.0118682           0   -0.009506
  0.0365595  0.00420277    0.009506           0
Repeater1[0]<--->HoM1[0]
REAL
  0.383812  0.0140499  0.0179703   0.306492
 0.0140499   0.108355  0.0726424 0.00238591
 0.0179703  0.0726424   0.118799  0.0101232
  0.306492 0.00238591  0.0101232   0.389034
IMAGINARY
          0  -0.0193855  0.00421497 -0.00383632
  0.0193855           0  0.00383632  0.00612094
-0.00421497 -0.00383632           0  0.00646565
 0.00383632 -0.00612094 -0.00646565           0
EndNode1[0]<--->Repeater1[0]
REAL
   0.392689  -0.0144339  0.00538952    0.310303
 -0.0144339     0.14033     0.03397 0.000401987
 0.00538952     0.03397     0.10967  0.00349439
   0.310303 0.000401987  0.00349439    0.357311
IMAGINARY
          0  0.00133935  0.00817311  -0.0141329
-0.00133935           0   0.0182995 -0.00492213
-0.00817311  -0.0182995           0 -0.00198954
  0.0141329  0.00492213  0.00198954           0
EndNode2[0]<--->HoM1[0]
REAL
  0.370787 -0.0135624 0.00653161   0.293902
-0.0135624   0.147316  0.0728493 -0.0179529
0.00653161  0.0728493    0.11985 -0.0042041
  0.293902 -0.0179529 -0.0042041   0.362047
IMAGINARY
          0   -0.016714   0.0101798   0.0119249
   0.016714           0  0.00432997  0.00955709
 -0.0101798 -0.00432997           0  0.00224028
 -0.0119249 -0.00955709 -0.00224028           0
Repeater1[0]<--->EndNode1[0]
REAL
   0.392689  0.00538952  -0.0144339    0.310303
 0.00538952     0.10967     0.03397  0.00349439
 -0.0144339     0.03397     0.14033 0.000401987
   0.310303  0.00349439 0.000401987    0.357311
IMAGINARY
          0  0.00817311  0.00133935  -0.0141329
-0.00817311           0  -0.0182995 -0.00198954
-0.00133935   0.0182995           0 -0.00492213
  0.0141329  0.00198954  0.00492213           0
Repeater1[0]<--->HoM1[0]
REAL
  0.370787 0.00653161 -0.0135624   0.293902
0.00653161    0.11985  0.0728493 -0.0042041
-0.0135624  0.0728493   0.147316 -0.0179529
  0.293902 -0.0042041 -0.0179529   0.362047
IMAGINARY
          0   0.0101798   -0.016714   0.0119249
 -0.0101798           0 -0.00432997  0.00224028
   0.016714  0.00432997           0  0.00955709
 -0.0119249 -0.00224028 -0.00955709           0
EndNode1[0]<--->Repeater1[0]
REAL
   0.402189   0.0107187 -0.00786941    0.297619
  0.0107187    0.128591   0.0526953  0.00724048
-0.00786941   0.0526953    0.117647 -0.00757401
   0.297619  0.00724048 -0.00757401    0.351573
IMAGINARY
          0   0.0198984  -0.0195482  -0.0108457
 -0.0198984           0 -0.00365617  -0.0058325
  0.0195482  0.00365617           0  -0.0160913
  0.0108457   0.0058325   0.0160913           0
EndNode2[0]<--->HoM1[0]
REAL
   0.385185   -0.014245  0.00185073    0.301895
  -0.014245     0.12716   0.0499569 -0.00449624
 0.00185073   0.0499569    0.132099   0.0010175
   0.301895 -0.00449624   0.0010175    0.355556
IMAGINARY
          0  0.00016048 -0.00869157  -0.0033537
-0.00016048           0   0.0275267   0.0216115
 0.00869157  -0.0275267           0  -0.0130804
  0.0033537  -0.0216115   0.0130804           0
Repeater1[0]<--->EndNode1[0]
REAL
   0.402189 -0.00786941   0.0107187    0.297619
-0.00786941    0.117647   0.0526953 -0.00757401
  0.0107187   0.0526953    0.128591  0.00724048
   0.297619 -0.00757401  0.00724048    0.351573
IMAGINARY
          0  -0.0195482   0.0198984  -0.0108457
  0.0195482           0  0.00365617  -0.0160913
 -0.0198984 -0.00365617           0  -0.0058325
  0.0108457   0.0160913   0.0058325           0
Repeater1[0]<--->HoM1[0]
REAL
   0.385185  0.00185073   -0.014245    0.301895
 0.00185073    0.132099   0.0499569   0.0010175
  -0.014245   0.0499569     0.12716 -0.00449624
   0.301895   0.0010175 -0.00449624    0.355556
IMAGINARY
          0 -0.00869157  0.00016048  -0.0033537
 0.00869157           0  -0.0275267  -0.0130804
-0.00016048   0.0275267           0   0.0216115
  0.0033537   0.0130804  -0.0216115           0
EndNode1[0]<--->Repeater1[0]
REAL
   0.378553 -0.00714125  0.00364448    0.298329
-0.00714125    0.120155   0.0703968   -0.015871
 0.00364448   0.0703968    0.117571   0.0103588
   0.298329   -0.015871   0.0103588    0.383721
IMAGINARY
          0  0.00255963 -0.00579503  -0.0375171
-0.00255963           0    0.010102   0.0197007
 0.00579503   -0.010102           0  -0.0104194
  0.0375171  -0.0197007   0.0104194           0
EndNode2[0]<--->HoM1[0]
REAL
   0.365563   0.0153929 -0.00208933    0.299112
  0.0153929    0.133775   0.0637084   0.0277304
-0.00208933   0.0637084    0.119205   0.0140942
   0.299112   0.0277304   0.0140942    0.381457
IMAGINARY
          0  0.00477197   0.0115706 -0.00874295
-0.00477197           0   0.0188952  -0.0146762
 -0.0115706  -0.0188952           0  -0.0128465
 0.00874295   0.0146762   0.0128465           0
Repeater1[0]<--->EndNode1[0]
REAL
   0.378553  0.00364448 -0.00714125    0.298329
 0.00364448    0.117571   0.0703968   0.0103588
-0.00714125   0.0703968    0.120155   -0.015871
   0.298329   0.0103588   -0.015871    0.383721
IMAGINARY
          0 -0.00579503  0.00255963  -0.0375171
 0.00579503           0   -0.010102  -0.0104194
-0.00255963    0.010102           0   0.0197007
  0.0375171   0.0104194  -0.0197007           0
Repeater1[0]<--->HoM1[0]
REAL
   0.365563 -0.00208933   0.0153929    0.299112
-0.00208933    0.119205   0.0637084   0.0140942
  0.0153929   0.0637084    0.133775   0.0277304
   0.299112   0.0140942   0.0277304    0.381457
IMAGINARY
          0   0.0115706  0.00477197 -0.00874295
 -0.0115706           0  -0.0188952  -0.0128465
-0.00477197   0.0188952           0  -0.0146762
 0.00874295   0.0128465   0.0146762           0
EndNode1[0]<--->Repeater1[0]
REAL
   0.36658 0.00533693  0.0013369   0.276692
0.00533693   0.128238  0.0588699 0.00935829
 0.0013369  0.0588699   0.125648 0.00134757
  0.276692 0.00935829 0.00134757   0.379534
IMAGINARY
          0 -0.00219721  0.00100141 -0.00206809
 0.00219721           0   0.0177339    -0.01214
-0.00100141  -0.0177339           0  0.00343483
 0.00206809     0.01214 -0.00343483           0
EndNode2[0]<--->HoM1[0]
REAL
    0.407311  -0.00814328 -0.000454619     0.293414
 -0.00814328     0.125326    0.0525385   -0.0112947
-0.000454619    0.0525385     0.110966   -0.0218828
    0.293414   -0.0112947   -0.0218828     0.356397
IMAGINARY
