EndNode1[0]<--->Repeater1[0]
REAL
   0.434555 -0.00852196  0.00326718    0.332534
-0.00852196    0.100785   0.0498184 -0.00522796
 0.00326718   0.0498184   0.0903141  -0.0091251
   0.332534 -0.00522796  -0.0091251    0.374346
IMAGINARY
           0    0.0170835   -0.0331861  -0.00749607
  -0.0170835            0   -0.0181627  -0.00385098
   0.0331861    0.0181627            0  0.000200417
  0.00749607   0.00385098 -0.000200417            0
EndNode2[0]<--->HoM1[0]
REAL
   0.368758 -0.00729051 -0.00469719     0.35168
-0.00729051    0.122919   0.0365027 -0.00102072
-0.00469719   0.0365027    0.104994 -0.00859259
    0.35168 -0.00102072 -0.00859259    0.403329
IMAGINARY
          0  0.00861335 -0.00155066  0.00867887
-0.00861335           0  -0.0146234  0.00705861
 0.00155066   0.0146234           0  -0.0031054
-0.00867887 -0.00705861   0.0031054           0
Repeater1[0]<--->EndNode1[0]
REAL
   0.434555  0.00326718 -0.00852196    0.332534
 0.00326718   0.0903141   0.0498184  -0.0091251
-0.00852196   0.0498184    0.100785 -0.00522796
   0.332534  -0.0091251 -0.00522796    0.374346
IMAGINARY
           0   -0.0331861    0.0170835  -0.00749607
   0.0331861            0    0.0181627  0.000200417
  -0.0170835   -0.0181627            0  -0.00385098
  0.00749607 -0.000200417   0.00385098            0
Repeater1[0]<--->HoM1[0]
REAL
   0.368758 -0.00469719 -0.00729051     0.35168
-0.00469719    0.104994   0.0365027 -0.00859259
-0.00729051   0.0365027    0.122919 -0.00102072
    0.35168 -0.00859259 -0.00102072    0.403329
IMAGINARY
          0 -0.00155066  0.00861335  0.00867887
 0.00155066           0   0.0146234  -0.0031054
-0.00861335  -0.0146234           0  0.00705861
-0.00867887   0.0031054 -0.00705861           0
EndNode1[0]<--->Repeater1[0]
REAL
   0.419817   0.0123512   0.0029787    0.353415
  0.0123512    0.110821      0.0307   0.0113442
  0.0029787      0.0307    0.100391 -0.00193452
   0.353415   0.0113442 -0.00193452     0.36897
IMAGINARY
           0   -0.0134885 -0.000318234   0.00119915
   0.0134885            0  -0.00433591   -0.0107621
 0.000318234   0.00433591            0   0.00517821
 -0.00119915    0.0107621  -0.00517821            0
EndNode2[0]<--->HoM1[0]
REAL
   0.403081  0.00033347 -0.00369073    0.339933
 0.00033347   0.0821566   0.0408959  0.00887208
-0.00369073   0.0408959   0.0937099   0.0152106
   0.339933  0.00887208   0.0152106    0.421053
IMAGINARY
          0   0.0118513 -0.00519014 -0.00764814
 -0.0118513           0 -0.00893349 -0.00383513
 0.00519014  0.00893349           0 -0.00884292
 0.00764814  0.00383513  0.00884292           0
Repeater1[0]<--->EndNode1[0]
REAL
   0.419817   0.0029787   0.0123512    0.353415
  0.0029787    0.100391      0.0307 -0.00193452
  0.0123512      0.0307    0.110821   0.0113442
   0.353415 -0.00193452   0.0113442     0.36897
IMAGINARY
           0 -0.000318234   -0.0134885   0.00119915
 0.000318234            0   0.00433591   0.00517821
   0.0134885  -0.00433591            0   -0.0107621
 -0.00119915  -0.00517821    0.0107621            0
Repeater1[0]<--->HoM1[0]
REAL
   0.403081 -0.00369073  0.00033347    0.339933
-0.00369073   0.0937099   0.0408959   0.0152106
 0.00033347   0.0408959   0.0821566  0.00887208
   0.339933   0.0152106  0.00887208    0.421053
IMAGINARY
          0 -0.00519014   0.0118513 -0.00764814
 0.00519014           0  0.00893349 -0.00884292
 -0.0118513 -0.00893349           0 -0.00383513
 0.00764814  0.00884292  0.00383513           0
EndNode1[0]<--->Repeater1[0]
REAL
  0.380531 0.00240773 0.00768065    0.33797
0.00240773    0.12263  0.0387952  0.0160677
0.00768065  0.0387952  0.0884956  0.0110711
   0.33797  0.0160677  0.0110711   0.408344
IMAGINARY
          0    0.005373 -0.00218593  0.00351544
  -0.005373           0   0.0022464 -0.00813044
 0.00218593  -0.0022464           0  -0.0198159
-0.00351544  0.00813044   0.0198159           0
EndNode2[0]<--->HoM1[0]
REAL
  0.408971 -0.0218675 -0.0179214   0.349783
-0.0218675   0.102902  0.0406808   0.026942
-0.0179214  0.0406808   0.109499 0.00898087
  0.349783   0.026942 0.00898087   0.378628
IMAGINARY
           0    0.0322377  -0.00567598   0.00129477
  -0.0322377            0   -0.0105786  -0.00506992
  0.00567598    0.0105786            0  6.93889e-18
 -0.00129477   0.00506992 -6.93889e-18            0
Repeater1[0]<--->EndNode1[0]
REAL
  0.380531 0.00768065 0.00240773    0.33797
0.00768065  0.0884956  0.0387952  0.0110711
0.00240773  0.0387952    0.12263  0.0160677
   0.33797  0.0110711  0.0160677   0.408344
IMAGINARY
          0 -0.00218593    0.005373  0.00351544
 0.00218593           0  -0.0022464  -0.0198159
  -0.005373   0.0022464           0 -0.00813044
-0.00351544   0.0198159  0.00813044           0
Repeater1[0]<--->HoM1[0]
REAL
  0.408971 -0.0179214 -0.0218675   0.349783
-0.0179214   0.109499  0.0406808 0.00898087
-0.0218675  0.0406808   0.102902   0.026942
  0.349783 0.00898087   0.026942   0.378628
IMAGINARY
           0  -0.00567598    0.0322377   0.00129477
  0.00567598            0    0.0105786  6.93889e-18
  -0.0322377   -0.0105786            0  -0.00506992
 -0.00129477 -6.93889e-18   0.00506992            0
EndNode1[0]<--->Repeater1[0]
REAL
 0.393939 0.0257153 0.0208572  0.319654
0.0257153  0.104084 0.0374886 0.0310353
0.0208572 0.0374886  0.111989 0.0225143
 0.319654 0.0310353 0.0225143  0.389987
IMAGINARY
          0   0.0132516  0.00321744 -0.00851465
 -0.0132516           0  0.00917866  0.00124116
-0.00321744 -0.00917866           0 -0.00624524
 0.00851465 -0.00124116  0.00624524           0
EndNode2[0]<--->HoM1[0]
REAL
   0.383917 -0.00593944  -0.0090829    0.345007
-0.00593944    0.105058   0.0499931   0.0065829
 -0.0090829   0.0499931   0.0907912 -0.00656056
   0.345007   0.0065829 -0.00656056    0.420233
IMAGINARY
          0  -0.0136716  0.00815576   0.0211455
  0.0136716           0   0.0020333  0.00430961
-0.00815576  -0.0020333           0 -0.00987412
 -0.0211455 -0.00430961  0.00987412           0
Repeater1[0]<--->EndNode1[0]
REAL
 0.393939 0.0208572 0.0257153  0.319654
0.0208572  0.111989 0.0374886 0.0225143
0.0257153 0.0374886  0.104084 0.0310353
 0.319654 0.0225143 0.0310353  0.389987
IMAGINARY
          0  0.00321744   0.0132516 -0.00851465
-0.00321744           0 -0.00917866 -0.00624524
 -0.0132516  0.00917866           0  0.00124116
 0.00851465  0.00624524 -0.00124116           0
Repeater1[0]<--->HoM1[0]
REAL
   0.383917  -0.0090829 -0.00593944    0.345007
 -0.0090829   0.0907912   0.0499931 -0.00656056
-0.00593944   0.0499931    0.105058   0.0065829
   0.345007 -0.00656056   0.0065829    0.420233
IMAGINARY
          0  0.00815576  -0.0136716   0.0211455
-0.00815576           0  -0.0020333 -0.00987412
  0.0136716   0.0020333           0  0.00430961
 -0.0211455  0.00987412 -0.00430961           0
EndNode1[0]<--->Repeater1[0]
REAL
  0.388889  0.0183011 0.00296581   0.344345
 0.0183011  0.0994832  0.0248261  0.0190549
0.00296581  0.0248261  0.0943152 -0.0131197
  0.344345  0.0190549 -0.0131197   0.417313
IMAGINARY
           0   -0.0103482 -0.000829388  -0.00154983
   0.0103482            0   -0.0074476   0.00617698
 0.000829388    0.0074476            0    0.0170327
  0.00154983  -0.00617698   -0.0170327            0
EndNode2[0]<--->HoM1[0]
REAL
   0.398718 -0.00189768 -0.00611999    0.349787
-0.00189768   0.0974359   0.0422443 -0.00673348
-0.00611999   0.0422443   0.0935897  -0.0186679
   0.349787 -0.00673348  -0.0186679    0.410256
IMAGINARY
           0  -0.00502276  -0.00129055   -0.0122289
  0.00502276            0   -0.0214638 -0.000660034
  0.00129055    0.0214638            0    0.0199772
   0.0122289  0.000660034   -0.0199772            0
Repeater1[0]<--->EndNode1[0]
REAL
  0.388889 0.00296581  0.0183011   0.344345
0.00296581  0.0943152  0.0248261 -0.0131197
 0.0183011  0.0248261  0.0994832  0.0190549
  0.344345 -0.0131197  0.0190549   0.417313
IMAGINARY
           0 -0.000829388   -0.0103482  -0.00154983
 0.000829388            0    0.0074476    0.0170327
   0.0103482   -0.0074476            0   0.00617698
  0.00154983   -0.0170327  -0.00617698            0
Repeater1[0]<--->HoM1[0]
REAL
   0.398718 -0.00611999 -0.00189768    0.349787
-0.00611999   0.0935897   0.0422443  -0.0186679
-0.00189768   0.0422443   0.0974359 -0.00673348
   0.349787  -0.0186679 -0.00673348    0.410256
IMAGINARY
           0  -0.00129055  -0.00502276   -0.0122289
  0.00129055            0    0.0214638    0.0199772
  0.00502276   -0.0214638            0 -0.000660034
   0.0122289   -0.0199772  0.000660034            0
EndNode1[0]<--->Repeater1[0]
REAL
   0.413748  0.00921304  0.00285875     0.33386
 0.00921304    0.102464   0.0341347 0.000254579
 0.00285875   0.0341347   0.0869001  0.00137227
    0.33386 0.000254579  0.00137227    0.396887
IMAGINARY
          0  -0.0082244 -0.00394311  0.00818885
  0.0082244           0  -0.0094742   0.0156029
 0.00394311   0.0094742           0  0.00753853
-0.00818885  -0.0156029 -0.00753853           0
EndNode2[0]<--->HoM1[0]
REAL
   0.411842 -0.00190154  -0.0126684    0.335297
-0.00190154   0.0986842   0.0250159 -0.00430289
 -0.0126684   0.0250159   0.0907895  -0.0163752
   0.335297 -0.00430289  -0.0163752    0.398684
IMAGINARY
          0   0.0119206  0.00477028  0.00373222
 -0.0119206           0 -0.00804788 -0.00415829
-0.00477028  0.00804788           0  0.00337924
-0.00373222  0.00415829 -0.00337924           0
Repeater1[0]<--->EndNode1[0]
REAL
   0.413748  0.00285875  0.00921304     0.33386
 0.00285875   0.0869001   0.0341347  0.00137227
 0.00921304   0.0341347    0.102464 0.000254579
    0.33386  0.00137227 0.000254579    0.396887
IMAGINARY
          0 -0.00394311  -0.0082244  0.00818885
 0.00394311           0   0.0094742  0.00753853
  0.0082244  -0.0094742           0   0.0156029
-0.00818885 -0.00753853  -0.0156029           0
Repeater1[0]<--->HoM1[0]
REAL
   0.411842  -0.0126684 -0.00190154    0.335297
 -0.0126684   0.0907895   0.0250159  -0.0163752
-0.00190154   0.0250159   0.0986842 -0.00430289
   0.335297  -0.0163752 -0.00430289    0.398684
IMAGINARY
          0  0.00477028   0.0119206  0.00373222
-0.00477028           0  0.00804788  0.00337924
 -0.0119206 -0.00804788           0 -0.00415829
-0.00373222 -0.00337924  0.00415829           0
EndNode1[0]<--->Repeater1[0]
REAL
   0.394089   0.0131543 -0.00228075    0.348839
  0.0131543    0.105911   0.0248592 -0.00292758
-0.00228075   0.0248592   0.0960591 -0.00403968
   0.348839 -0.00292758 -0.00403968    0.403941
IMAGINARY
           0  -0.00607686   -0.0173333  0.000801554
  0.00607686            0    0.0115747    0.0173333
   0.0173333   -0.0115747            0   -0.0117803
-0.000801554   -0.0173333    0.0117803            0
EndNode2[0]<--->HoM1[0]
REAL
    0.403965   0.00367672   -0.0119876       0.3478
  0.00367672    0.0916976    0.0263718 -0.000595188
  -0.0119876    0.0263718     0.100372    0.0221511
      0.3478 -0.000595188    0.0221511     0.403965
IMAGINARY
          0  0.00231092  -0.0104993  0.00785071
-0.00231092           0  -0.0111532 -8.2672e-05
  0.0104993   0.0111532           0  0.00165733
-0.00785071  8.2672e-05 -0.00165733           0
Repeater1[0]<--->EndNode1[0]
REAL
   0.394089 -0.00228075   0.0131543    0.348839
-0.00228075   0.0960591   0.0248592 -0.00403968
  0.0131543   0.0248592    0.105911 -0.00292758
   0.348839 -0.00403968 -0.00292758    0.403941
IMAGINARY
           0   -0.0173333  -0.00607686  0.000801554
   0.0173333            0   -0.0115747   -0.0117803
  0.00607686    0.0115747            0    0.0173333
-0.000801554    0.0117803   -0.0173333            0
Repeater1[0]<--->HoM1[0]
REAL
    0.403965   -0.0119876   0.00367672       0.3478
  -0.0119876     0.100372    0.0263718    0.0221511
  0.00367672    0.0263718    0.0916976 -0.000595188
      0.3478    0.0221511 -0.000595188     0.403965
IMAGINARY
          0  -0.0104993  0.00231092  0.00785071
  0.0104993           0   0.0111532  0.00165733
-0.00231092  -0.0111532           0 -8.2672e-05
-0.00785071 -0.00165733  8.2672e-05           0
EndNode1[0]<--->Repeater1[0]
REAL
  0.411765  0.0044636 -0.0141531   0.353476
 0.0044636  0.0993464    0.02788  0.0174126
-0.0141531    0.02788  0.0954248  0.0235677
  0.353476  0.0174126  0.0235677   0.393464
IMAGINARY
           0  0.000734481  -0.00848662   0.00625599
-0.000734481            0   -0.0222611    0.0178969
  0.00848662    0.0222611            0  -0.00638065
 -0.00625599   -0.0178969   0.00638065            0
EndNode2[0]<--->HoM1[0]
REAL
   0.406125  -0.0169368 -0.00495716    0.344405
 -0.0169368    0.101198   0.0301195  -0.0197577
-0.00495716   0.0301195   0.0905459  0.00362878
   0.344405  -0.0197577  0.00362878     0.40213
IMAGINARY
           0    0.0186147   -0.0155755    0.0154495
  -0.0186147            0   -0.0204621 -8.89521e-06
   0.0155755    0.0204621            0   -0.0147186
  -0.0154495  8.89521e-06    0.0147186            0
Repeater1[0]<--->EndNode1[0]
REAL
  0.411765 -0.0141531  0.0044636   0.353476
-0.0141531  0.0954248    0.02788  0.0235677
 0.0044636    0.02788  0.0993464  0.0174126
  0.353476  0.0235677  0.0174126   0.393464
IMAGINARY
           0  -0.00848662  0.000734481   0.00625599
  0.00848662            0    0.0222611  -0.00638065
-0.000734481   -0.0222611            0    0.0178969
 -0.00625599   0.00638065   -0.0178969            0
Repeater1[0]<--->HoM1[0]
REAL
   0.406125 -0.00495716  -0.0169368    0.344405
-0.00495716   0.0905459   0.0301195  0.00362878
 -0.0169368   0.0301195    0.101198  -0.0197577
   0.344405  0.00362878  -0.0197577     0.40213
IMAGINARY
           0   -0.0155755    0.0186147    0.0154495
   0.0155755            0    0.0204621   -0.0147186
  -0.0186147   -0.0204621            0 -8.89521e-06
  -0.0154495    0.0147186  8.89521e-06            0
EndNode1[0]<--->Repeater1[0]
REAL
  0.371547 -0.0142057 -0.0100847   0.328058
-0.0142057  0.0939227  0.0444097  0.0118726
-0.0100847  0.0444097  0.0994475  0.0195692
  0.328058  0.0118726  0.0195692   0.435083
IMAGINARY
          0   0.0132696  -0.0171741  -0.0108185
 -0.0132696           0  -0.0151555 -0.00986995
  0.0171741   0.0151555           0 -0.00383565
  0.0108185  0.00986995  0.00383565           0
EndNode2[0]<--->HoM1[0]
REAL
  0.409031 0.00995865 0.00345956   0.361122
0.00995865   0.112882  0.0184113  0.0250379
0.00345956  0.0184113  0.0916335  0.0172434
  0.361122  0.0250379  0.0172434   0.386454
IMAGINARY
           0  0.000608235   0.00492767    0.0305231
-0.000608235            0   0.00937714   -0.0138791
 -0.00492767  -0.00937714            0    0.0121795
  -0.0305231    0.0138791   -0.0121795            0
Repeater1[0]<--->EndNode1[0]
REAL
  0.371547 -0.0100847 -0.0142057   0.328058
-0.0100847  0.0994475  0.0444097  0.0195692
-0.0142057  0.0444097  0.0939227  0.0118726
  0.328058  0.0195692  0.0118726   0.435083
IMAGINARY
          0  -0.0171741   0.0132696  -0.0108185
  0.0171741           0   0.0151555 -0.00383565
 -0.0132696  -0.0151555           0 -0.00986995
  0.0108185  0.00383565  0.00986995           0
Repeater1[0]<--->HoM1[0]
REAL
  0.409031 0.00345956 0.00995865   0.361122
0.00345956  0.0916335  0.0184113  0.0172434
0.00995865  0.0184113   0.112882  0.0250379
  0.361122  0.0172434  0.0250379   0.386454
IMAGINARY
           0   0.00492767  0.000608235    0.0305231
 -0.00492767            0  -0.00937714    0.0121795
-0.000608235   0.00937714            0   -0.0138791
  -0.0305231   -0.0121795    0.0138791            0
EndNode1[0]<--->Repeater1[0]
REAL
  0.395202 -0.0171127 0.00566321   0.338421
-0.0171127   0.107323  0.0560378 -0.0228136
0.00566321  0.0560378   0.119949 -0.0158689
  0.338421 -0.0228136 -0.0158689   0.377525
IMAGINARY
          0  0.00119721 -0.00369801   0.0138639
-0.00119721           0 -0.00342004  0.00628868
 0.00369801  0.00342004           0 -0.00637855
 -0.0138639 -0.00628868  0.00637855           0
EndNode2[0]<--->HoM1[0]
REAL
    0.38089  0.00449901  0.00712523    0.339019
 0.00449901   0.0955497   0.0340775 -0.00204908
 0.00712523   0.0340775    0.115183 -0.00196094
   0.339019 -0.00204908 -0.00196094    0.408377
IMAGINARY
          0  0.00970581    0.020306 -0.00514704
-0.00970581           0    0.009023 -0.00275069
  -0.020306   -0.009023           0   0.0169522
 0.00514704  0.00275069  -0.0169522           0
Repeater1[0]<--->EndNode1[0]
REAL
  0.395202 0.00566321 -0.0171127   0.338421
0.00566321   0.119949  0.0560378 -0.0158689
-0.0171127  0.0560378   0.107323 -0.0228136
  0.338421 -0.0158689 -0.0228136   0.377525
IMAGINARY
          0 -0.00369801  0.00119721   0.0138639
 0.00369801           0  0.00342004 -0.00637855
-0.00119721 -0.00342004           0  0.00628868
 -0.0138639  0.00637855 -0.00628868           0
Repeater1[0]<--->HoM1[0]
REAL
    0.38089  0.00712523  0.00449901    0.339019
 0.00712523    0.115183   0.0340775 -0.00196094
 0.00449901   0.0340775   0.0955497 -0.00204908
   0.339019 -0.00196094 -0.00204908    0.408377
IMAGINARY
          0    0.020306  0.00970581 -0.00514704
  -0.020306           0   -0.009023   0.0169522
-0.00970581    0.009023           0 -0.00275069
 0.00514704  -0.0169522  0.00275069           0
EndNode1[0]<--->Repeater1[0]
REAL
   0.390777  -0.0050703  0.00780001     0.34273
 -0.0050703   0.0934466    0.051118 -0.00116551
 0.00780001    0.051118     0.11165 -0.00759556
    0.34273 -0.00116551 -0.00759556    0.404126
IMAGINARY
          0  -0.0206422    0.014502 -0.00303174
  0.0206422           0  0.00105545  0.00450197
  -0.014502 -0.00105545           0  -0.0206422
 0.00303174 -0.00450197   0.0206422           0
EndNode2[0]<--->HoM1[0]
REAL
   0.365155 -0.00649818 -0.00219832    0.337974
-0.00649818    0.110979   0.0343377   0.0169833
-0.00219832   0.0343377   0.0883055   0.0118745
   0.337974   0.0169833   0.0118745    0.435561
IMAGINARY
           0    0.0102423   -0.0166619   0.00883322
  -0.0102423            0  -0.00169962 -0.000913863
   0.0166619   0.00169962            0   0.00248493
 -0.00883322  0.000913863  -0.00248493            0
Repeater1[0]<--->EndNode1[0]
REAL
   0.390777  0.00780001  -0.0050703     0.34273
 0.00780001     0.11165    0.051118 -0.00759556
 -0.0050703    0.051118   0.0934466 -0.00116551
    0.34273 -0.00759556 -0.00116551    0.404126
IMAGINARY
          0    0.014502  -0.0206422 -0.00303174
  -0.014502           0 -0.00105545  -0.0206422
  0.0206422  0.00105545           0  0.00450197
 0.00303174   0.0206422 -0.00450197           0
Repeater1[0]<--->HoM1[0]
REAL
   0.365155 -0.00219832 -0.00649818    0.337974
-0.00219832   0.0883055   0.0343377   0.0118745
-0.00649818   0.0343377    0.110979   0.0169833
   0.337974   0.0118745   0.0169833    0.435561
IMAGINARY
           0   -0.0166619    0.0102423   0.00883322
   0.0166619            0   0.00169962   0.00248493
  -0.0102423  -0.00169962            0 -0.000913863
 -0.00883322  -0.00248493  0.000913863            0
EndNode1[0]<--->Repeater1[0]
REAL
    0.43401  0.00523961 -0.00309223    0.333564
 0.00523961    0.102792   0.0323733   0.0201921
-0.00309223   0.0323733   0.0875635  -0.0100276
   0.333564   0.0201921  -0.0100276    0.375635
IMAGINARY
          0   0.0077939  0.00160101   -0.011946
 -0.0077939           0   0.0166065  -0.0146963
-0.00160101  -0.0166065           0  0.00649182
   0.011946   0.0146963 -0.00649182           0
EndNode2[0]<--->HoM1[0]
REAL
   0.401998 -0.00390625  -0.0174184    0.341394
-0.00390625     0.11985   0.0323035  -0.0268524
 -0.0174184   0.0323035   0.0836454  -0.0078125
   0.341394  -0.0268524  -0.0078125    0.394507
IMAGINARY
          0  -0.0216709 -0.00178112   0.0159814
  0.0216709           0  -0.0134304   0.0303526
 0.00178112   0.0134304           0  0.00478775
 -0.0159814  -0.0303526 -0.00478775           0
Repeater1[0]<--->EndNode1[0]
REAL
    0.43401 -0.00309223  0.00523961    0.333564
-0.00309223   0.0875635   0.0323733  -0.0100276
 0.00523961   0.0323733    0.102792   0.0201921
   0.333564  -0.0100276   0.0201921    0.375635
IMAGINARY
          0  0.00160101   0.0077939   -0.011946
-0.00160101           0  -0.0166065  0.00649182
 -0.0077939   0.0166065           0  -0.0146963
   0.011946 -0.00649182   0.0146963           0
Repeater1[0]<--->HoM1[0]
REAL
   0.401998  -0.0174184 -0.00390625    0.341394
 -0.0174184   0.0836454   0.0323035  -0.0078125
-0.00390625   0.0323035     0.11985  -0.0268524
   0.341394  -0.0078125  -0.0268524    0.394507
IMAGINARY
          0 -0.00178112  -0.0216709   0.0159814
 0.00178112           0   0.0134304  0.00478775
  0.0216709  -0.0134304           0   0.0303526
 -0.0159814 -0.00478775  -0.0303526           0
EndNode1[0]<--->Repeater1[0]
REAL
    0.418251   0.00432563    0.0155995     0.334372
  0.00432563    0.0823828    0.0188885  -0.00880601
   0.0155995    0.0188885    0.0887199 -0.000249538
    0.334372  -0.00880601 -0.000249538     0.410646
IMAGINARY
           0  -0.00196237    0.0176112     0.017972
  0.00196237            0 -6.92119e-05  -0.00277249
  -0.0176112  6.92119e-05            0   -0.0167473
   -0.017972   0.00277249    0.0167473            0
EndNode2[0]<--->HoM1[0]
REAL
   0.396226 -0.00379569  0.00283327    0.353711
-0.00379569    0.106918    0.034735  0.00579887
 0.00283327    0.034735   0.0993711  0.00711574
   0.353711  0.00579887  0.00711574    0.397484
IMAGINARY
          0  -0.0274149   0.0219257  0.00229674
  0.0274149           0 -0.00487406  0.00366729
 -0.0219257  0.00487406           0   -0.011911
-0.00229674 -0.00366729    0.011911           0
Repeater1[0]<--->EndNode1[0]
REAL
    0.418251    0.0155995   0.00432563     0.334372
   0.0155995    0.0887199    0.0188885 -0.000249538
  0.00432563    0.0188885    0.0823828  -0.00880601
    0.334372 -0.000249538  -0.00880601     0.410646
IMAGINARY
           0    0.0176112  -0.00196237     0.017972
  -0.0176112            0  6.92119e-05   -0.0167473
  0.00196237 -6.92119e-05            0  -0.00277249
   -0.017972    0.0167473   0.00277249            0
Repeater1[0]<--->HoM1[0]
REAL
   0.396226  0.00283327 -0.00379569    0.353711
 0.00283327   0.0993711    0.034735  0.00711574
-0.00379569    0.034735    0.106918  0.00579887
   0.353711  0.00711574  0.00579887    0.397484
IMAGINARY
          0   0.0219257  -0.0274149  0.00229674
 -0.0219257           0  0.00487406   -0.011911
  0.0274149 -0.00487406           0  0.00366729
-0.00229674    0.011911 -0.00366729           0
EndNode1[0]<--->Repeater1[0]
REAL
    0.401525 -0.000505699   -0.0022384     0.339692
-0.000505699     0.106734     0.044237   -0.0181698
  -0.0022384     0.044237    0.0864041  -0.00842287
    0.339692   -0.0181698  -0.00842287     0.405337
IMAGINARY
          0  -0.0115573  -0.0059063  -0.0015409
  0.0115573           0 -0.00336794   0.0246229
  0.0059063  0.00336794           0 -0.00314854
  0.0015409  -0.0246229  0.00314854           0
EndNode2[0]<--->HoM1[0]
REAL
  0.39477 0.0161027 0.0135185  0.336125
0.0161027   0.11457 0.0300272  0.011578
0.0135185 0.0300272 0.0834371 0.0141419
 0.336125  0.011578 0.0141419  0.407223
IMAGINARY
          0   0.0163108  -0.0189608  -0.0109854
 -0.0163108           0   0.0109854  -0.0322587
  0.0189608  -0.0109854           0  0.00442092
  0.0109854   0.0322587 -0.00442092           0
Repeater1[0]<--->EndNode1[0]
REAL
    0.401525   -0.0022384 -0.000505699     0.339692
  -0.0022384    0.0864041     0.044237  -0.00842287
-0.000505699     0.044237     0.106734   -0.0181698
    0.339692  -0.00842287   -0.0181698     0.405337
IMAGINARY
          0  -0.0059063  -0.0115573  -0.0015409
  0.0059063           0  0.00336794 -0.00314854
  0.0115573 -0.00336794           0   0.0246229
  0.0015409  0.00314854  -0.0246229           0
Repeater1[0]<--->HoM1[0]
REAL
  0.39477 0.0135185 0.0161027  0.336125
0.0135185 0.0834371 0.0300272 0.0141419
0.0161027 0.0300272   0.11457  0.011578
 0.336125 0.0141419  0.011578  0.407223
IMAGINARY
          0  -0.0189608   0.0163108  -0.0109854
  0.0189608           0  -0.0109854  0.00442092
 -0.0163108   0.0109854           0  -0.0322587
  0.0109854 -0.00442092   0.0322587           0
EndNode1[0]<--->Repeater1[0]
REAL
   0.387781 -0.00986173  -0.0029607    0.338848
-0.00986173    0.114713   0.0447304   0.0103136
 -0.0029607   0.0447304   0.0985037   0.0184402
   0.338848   0.0103136   0.0184402    0.399002
IMAGINARY
          0  0.00511509  0.00679916 -0.00486527
-0.00511509           0   0.0213778 -0.00807794
-0.00679916  -0.0213778           0  0.00511509
 0.00486527  0.00807794 -0.00511509           0
EndNode2[0]<--->HoM1[0]
REAL
   0.394347   -0.006585 -0.00134438    0.350108
  -0.006585    0.113055   0.0442114 -0.00724215
-0.00134438   0.0442114    0.102288  0.00856651
   0.350108 -0.00724215  0.00856651     0.39031
IMAGINARY
           0      0.00103   0.00521182  -0.00249859
    -0.00103            0  0.000517088 -0.000297818
 -0.00521182 -0.000517088            0    -0.023143
  0.00249859  0.000297818     0.023143            0
Repeater1[0]<--->EndNode1[0]
REAL
   0.387781  -0.0029607 -0.00986173    0.338848
 -0.0029607   0.0985037   0.0447304   0.0184402
-0.00986173   0.0447304    0.114713   0.0103136
   0.338848   0.0184402   0.0103136    0.399002
IMAGINARY
          0  0.00679916  0.00511509 -0.00486527
-0.00679916           0  -0.0213778  0.00511509
-0.00511509   0.0213778           0 -0.00807794
 0.00486527 -0.00511509  0.00807794           0
Repeater1[0]<--->HoM1[0]
REAL
   0.394347 -0.00134438   -0.006585    0.350108
-0.00134438    0.102288   0.0442114  0.00856651
  -0.006585   0.0442114    0.113055 -0.00724215
   0.350108  0.00856651 -0.00724215     0.39031
IMAGINARY
           0   0.00521182      0.00103  -0.00249859
 -0.00521182            0 -0.000517088    -0.023143
    -0.00103  0.000517088            0 -0.000297818
  0.00249859     0.023143  0.000297818            0
EndNode1[0]<--->Repeater1[0]
REAL
   0.416244   0.0169739   0.0107812    0.338077
  0.0169739    0.101523   0.0328485   0.0133387
  0.0107812   0.0328485   0.0812183 -0.00198038
   0.338077   0.0133387 -0.00198038    0.401015
IMAGINARY
          0  -0.0127442   0.0256423  -0.0104538
  0.0127442           0 -0.00489142   0.0050767
 -0.0256423  0.00489142           0  -0.0140531
  0.0104538  -0.0050767   0.0140531           0
EndNode2[0]<--->HoM1[0]
REAL
 0.401282 0.0191671 0.0226658  0.346998
0.0191671  0.117949 0.0217432 0.0226658
0.0226658 0.0217432  0.102564 0.0139858
 0.346998 0.0226658 0.0139858  0.378205
IMAGINARY
          0    0.009735 -0.00146097  -0.0117849
  -0.009735           0   0.0060959   0.0052875
 0.00146097  -0.0060959           0   0.0361834
  0.0117849  -0.0052875  -0.0361834           0
Repeater1[0]<--->EndNode1[0]
REAL
   0.416244   0.0107812   0.0169739    0.338077
  0.0107812   0.0812183   0.0328485 -0.00198038
  0.0169739   0.0328485    0.101523   0.0133387
   0.338077 -0.00198038   0.0133387    0.401015
IMAGINARY
          0   0.0256423  -0.0127442  -0.0104538
 -0.0256423           0  0.00489142  -0.0140531
  0.0127442 -0.00489142           0   0.0050767
  0.0104538   0.0140531  -0.0050767           0
Repeater1[0]<--->HoM1[0]
REAL
 0.401282 0.0226658 0.0191671  0.346998
0.0226658  0.102564 0.0217432 0.0139858
0.0191671 0.0217432  0.117949 0.0226658
 0.346998 0.0139858 0.0226658  0.378205
IMAGINARY
          0 -0.00146097    0.009735  -0.0117849
 0.00146097           0  -0.0060959   0.0361834
  -0.009735   0.0060959           0   0.0052875
  0.0117849  -0.0361834  -0.0052875           0
EndNode1[0]<--->Repeater1[0]
REAL
   0.384915 0.000917993 -0.00906703    0.336936
0.000917993    0.119636   0.0529047  0.00111109
-0.00906703   0.0529047    0.109233 0.000917993
   0.336936  0.00111109 0.000917993    0.386216
IMAGINARY
          0 -0.00950031  0.00328256  0.00194828
 0.00950031           0   0.0110629 -0.00459146
-0.00328256  -0.0110629           0  -0.0062065
-0.00194828  0.00459146   0.0062065           0
EndNode2[0]<--->HoM1[0]
REAL
   0.371859   0.0163414  0.00327225    0.323101
  0.0163414    0.123116   0.0486272  0.00327225
 0.00327225   0.0486272   0.0967337 -0.00194354
   0.323101  0.00327225 -0.00194354    0.408291
IMAGINARY
          0   0.0148089    -0.01342   0.0141454
 -0.0148089           0 -0.00214536 -0.00702612
    0.01342  0.00214536           0 -0.00675441
 -0.0141454  0.00702612  0.00675441           0
Repeater1[0]<--->EndNode1[0]
REAL
   0.384915 -0.00906703 0.000917993    0.336936
-0.00906703    0.109233   0.0529047 0.000917993
0.000917993   0.0529047    0.119636  0.00111109
   0.336936 0.000917993  0.00111109    0.386216
IMAGINARY
          0  0.00328256 -0.00950031  0.00194828
-0.00328256           0  -0.0110629  -0.0062065
 0.00950031   0.0110629           0 -0.00459146
-0.00194828   0.0062065  0.00459146           0
Repeater1[0]<--->HoM1[0]
REAL
   0.371859  0.00327225   0.0163414    0.323101
 0.00327225   0.0967337   0.0486272 -0.00194354
  0.0163414   0.0486272    0.123116  0.00327225
   0.323101 -0.00194354  0.00327225    0.408291
IMAGINARY
          0    -0.01342   0.0148089   0.0141454
    0.01342           0  0.00214536 -0.00675441
 -0.0148089 -0.00214536           0 -0.00702612
 -0.0141454  0.00675441  0.00702612           0
EndNode1[0]<--->Repeater1[0]
REAL
   0.408108 -0.00385337   0.0140195    0.336316
-0.00385337   0.0945946   0.0258836 -0.00833047
  0.0140195   0.0258836   0.0972973   0.0057497
   0.336316 -0.00833047   0.0057497         0.4
IMAGINARY
          0 -0.00986208 -0.00294493 -0.00957181
 0.00986208           0   0.0157446   0.0283902
 0.00294493  -0.0157446           0 -0.00667736
 0.00957181  -0.0283902  0.00667736           0
EndNode2[0]<--->HoM1[0]
REAL
   0.394133 -0.00787321  0.00850086    0.342291
-0.00787321    0.116071   0.0430995  0.00913138
 0.00850086   0.0430995    0.103316  0.00409487
   0.342291  0.00913138  0.00409487     0.38648
IMAGINARY
           0    0.0394692    0.0036902 -0.000426257
  -0.0394692            0   0.00937766   0.00304835
  -0.0036902  -0.00937766            0   -0.0340784
 0.000426257  -0.00304835    0.0340784            0
Repeater1[0]<--->EndNode1[0]
REAL
   0.408108   0.0140195 -0.00385337    0.336316
  0.0140195   0.0972973   0.0258836   0.0057497
-0.00385337   0.0258836   0.0945946 -0.00833047
   0.336316   0.0057497 -0.00833047         0.4
IMAGINARY
          0 -0.00294493 -0.00986208 -0.00957181
 0.00294493           0  -0.0157446 -0.00667736
 0.00986208   0.0157446           0   0.0283902
 0.00957181  0.00667736  -0.0283902           0
Repeater1[0]<--->HoM1[0]
REAL
   0.394133  0.00850086 -0.00787321    0.342291
 0.00850086    0.103316   0.0430995  0.00409487
-0.00787321   0.0430995    0.116071  0.00913138
   0.342291  0.00409487  0.00913138     0.38648
IMAGINARY
           0    0.0036902    0.0394692 -0.000426257
  -0.0036902            0  -0.00937766   -0.0340784
  -0.0394692   0.00937766            0   0.00304835
 0.000426257    0.0340784  -0.00304835            0
EndNode1[0]<--->Repeater1[0]
REAL
   0.433121   -0.010122  -0.0126753    0.347395
  -0.010122    0.100637   0.0322581  0.00523108
 -0.0126753   0.0322581   0.0942675 -0.00352567
   0.347395  0.00523108 -0.00352567    0.371975
IMAGINARY
           0  0.000496278  -0.00194542   0.00244612
-0.000496278            0    0.0115845   0.00938959
  0.00194542   -0.0115845            0  -0.00918114
 -0.00244612  -0.00938959   0.00918114            0
EndNode2[0]<--->HoM1[0]
REAL
   0.417655   0.0070207  -0.0119094    0.347098
  0.0070207    0.083004   0.0308246 -0.00497371
 -0.0119094   0.0308246    0.109354  0.00207021
   0.347098 -0.00497371  0.00207021    0.389987
IMAGINARY
          0 -0.00721785 -0.00772246  0.00274284
 0.00721785           0   0.0287776  0.00116078
 0.00772246  -0.0287776           0  -0.0019685
-0.00274284 -0.00116078   0.0019685           0
Repeater1[0]<--->EndNode1[0]
REAL
   0.433121  -0.0126753   -0.010122    0.347395
 -0.0126753   0.0942675   0.0322581 -0.00352567
  -0.010122   0.0322581    0.100637  0.00523108
   0.347395 -0.00352567  0.00523108    0.371975
IMAGINARY
           0  -0.00194542  0.000496278   0.00244612
  0.00194542            0   -0.0115845  -0.00918114
-0.000496278    0.0115845            0   0.00938959
 -0.00244612   0.00918114  -0.00938959            0
Repeater1[0]<--->HoM1[0]
REAL
   0.417655  -0.0119094   0.0070207    0.347098
 -0.0119094    0.109354   0.0308246  0.00207021
  0.0070207   0.0308246    0.083004 -0.00497371
   0.347098  0.00207021 -0.00497371    0.389987
IMAGINARY
          0 -0.00772246 -0.00721785  0.00274284
 0.00772246           0  -0.0287776  -0.0019685
 0.00721785   0.0287776           0  0.00116078
-0.00274284   0.0019685 -0.00116078           0
EndNode1[0]<--->Repeater1[0]
REAL
    0.385965   0.00209334 -0.000770669     0.337656
  0.00209334    0.0877193    0.0179445   0.00684354
-0.000770669    0.0179445     0.106516    0.0215234
    0.337656   0.00684354    0.0215234     0.419799
IMAGINARY
          0   0.0143663  0.00194391 -0.00620915
 -0.0143663           0  0.00620915   0.0112772
-0.00194391 -0.00620915           0   -0.017972
 0.00620915  -0.0112772    0.017972           0
EndNode2[0]<--->HoM1[0]
REAL
   0.438509   0.0166873 -0.00081356    0.338849
  0.0166873   0.0857143   0.0375417  0.00637598
-0.00081356   0.0375417    0.106832  -0.0160692
   0.338849  0.00637598  -0.0160692    0.368944
IMAGINARY
          0  -0.0212292  -0.0112856  -0.0206007
  0.0212292           0  -0.0105251  0.00540328
  0.0112856   0.0105251           0  0.00881088
  0.0206007 -0.00540328 -0.00881088           0
Repeater1[0]<--->EndNode1[0]
REAL
    0.385965 -0.000770669   0.00209334     0.337656
-0.000770669     0.106516    0.0179445    0.0215234
  0.00209334    0.0179445    0.0877193   0.00684354
    0.337656    0.0215234   0.00684354     0.419799
IMAGINARY
          0  0.00194391   0.0143663 -0.00620915
-0.00194391           0 -0.00620915   -0.017972
 -0.0143663  0.00620915           0   0.0112772
 0.00620915    0.017972  -0.0112772           0
Repeater1[0]<--->HoM1[0]
REAL
   0.438509 -0.00081356   0.0166873    0.338849
-0.00081356    0.106832   0.0375417  -0.0160692
  0.0166873   0.0375417   0.0857143  0.00637598
   0.338849  -0.0160692  0.00637598    0.368944
IMAGINARY
          0  -0.0112856  -0.0212292  -0.0206007
  0.0112856           0   0.0105251  0.00881088
  0.0212292  -0.0105251           0  0.00540328
  0.0206007 -0.00881088 -0.00540328           0
EndNode1[0]<--->Repeater1[0]
REAL
    0.384707 -0.000151433   -0.0167817     0.346585
-0.000151433    0.0967742     0.044213  -0.00469068
  -0.0167817     0.044213    0.0979689    -0.010278
    0.346585  -0.00469068    -0.010278      0.42055
IMAGINARY
           0   0.00245146    0.0102695  -0.00499693
 -0.00245146            0    -0.015551  0.000929485
  -0.0102695     0.015551            0  -0.00574526
  0.00499693 -0.000929485   0.00574526            0
EndNode2[0]<--->HoM1[0]
REAL
    0.374202   -0.0134441 -0.000726443     0.333965
  -0.0134441     0.118774    0.0439924   -0.0310295
-0.000726443    0.0439924     0.106003   -0.0108399
    0.333965   -0.0310295   -0.0108399     0.401022
IMAGINARY
           0   -0.0114331    0.0113687 -0.000409001
   0.0114331            0    0.0105871    0.0170866
  -0.0113687   -0.0105871            0  -0.00753704
 0.000409001   -0.0170866   0.00753704            0
Repeater1[0]<--->EndNode1[0]
REAL
    0.384707   -0.0167817 -0.000151433     0.346585
  -0.0167817    0.0979689     0.044213    -0.010278
-0.000151433     0.044213    0.0967742  -0.00469068
    0.346585    -0.010278  -0.00469068      0.42055
IMAGINARY
           0    0.0102695   0.00245146  -0.00499693
  -0.0102695            0     0.015551  -0.00574526
 -0.00245146    -0.015551            0  0.000929485
  0.00499693   0.00574526 -0.000929485            0
Repeater1[0]<--->HoM1[0]
REAL
    0.374202 -0.000726443   -0.0134441     0.333965
-0.000726443     0.106003    0.0439924   -0.0108399
  -0.0134441    0.0439924     0.118774   -0.0310295
    0.333965   -0.0108399   -0.0310295     0.401022
IMAGINARY
           0    0.0113687   -0.0114331 -0.000409001
  -0.0113687            0   -0.0105871  -0.00753704
   0.0114331    0.0105871            0    0.0170866
 0.000409001   0.00753704   -0.0170866            0
EndNode1[0]<--->Repeater1[0]
REAL
   0.413102 -0.00722121  0.00204223    0.352806
-0.00722121    0.109626    0.027039  -0.0240061
 0.00204223    0.027039    0.108289  -0.0212026
   0.352806  -0.0240061  -0.0212026    0.368984
IMAGINARY
           0 -0.000756432   -0.0142005   0.00432828
 0.000756432            0  -0.00823453  -0.00604491
   0.0142005   0.00823453            0  -0.00599203
 -0.00432828   0.00604491   0.00599203            0
EndNode2[0]<--->HoM1[0]
REAL
   0.396487 -0.00367359  -0.0294085    0.345852
-0.00367359   0.0928482   0.0189788  0.00375144
 -0.0294085   0.0189788    0.105395  -0.0144741
   0.345852  0.00375144  -0.0144741     0.40527
IMAGINARY
          0 -0.00315147  0.00543854  0.00542029
 0.00315147           0   0.0180365  -0.0118985
-0.00543854  -0.0180365           0  0.00444346
-0.00542029   0.0118985 -0.00444346           0
Repeater1[0]<--->EndNode1[0]
REAL
   0.413102  0.00204223 -0.00722121    0.352806
 0.00204223    0.108289    0.027039  -0.0212026
-0.00722121    0.027039    0.109626  -0.0240061
   0.352806  -0.0212026  -0.0240061    0.368984
IMAGINARY
           0   -0.0142005 -0.000756432   0.00432828
   0.0142005            0   0.00823453  -0.00599203
 0.000756432  -0.00823453            0  -0.00604491
 -0.00432828   0.00599203   0.00604491            0
Repeater1[0]<--->HoM1[0]
REAL
   0.396487  -0.0294085 -0.00367359    0.345852
 -0.0294085    0.105395   0.0189788  -0.0144741
-0.00367359   0.0189788   0.0928482  0.00375144
   0.345852  -0.0144741  0.00375144     0.40527
IMAGINARY
          0  0.00543854 -0.00315147  0.00542029
-0.00543854           0  -0.0180365  0.00444346
 0.00315147   0.0180365           0  -0.0118985
-0.00542029 -0.00444346   0.0118985           0
EndNode1[0]<--->Repeater1[0]
REAL
   0.372396 -0.00372667 -0.00660201    0.346124
-0.00372667   0.0885417   0.0466378   0.0119639
-0.00660201   0.0466378     0.10026   0.0171315
   0.346124   0.0119639   0.0171315    0.438802
IMAGINARY
          0  0.00175129    0.017886  -0.0181669
-0.00175129           0  -0.0098229 -0.00888858
  -0.017886   0.0098229           0  -0.0107487
  0.0181669  0.00888858   0.0107487           0
EndNode2[0]<--->HoM1[0]
REAL
  0.395833 -0.0122751 0.00437904   0.328679
-0.0122751  0.0950521  0.0513208  -0.014379
0.00437904  0.0513208  0.0924479 0.00227513
  0.328679  -0.014379 0.00227513   0.416667
IMAGINARY
          0 -0.00378154 -0.00806459 -0.00392593
 0.00378154           0  -0.0145926   0.0212721
 0.00806459   0.0145926           0 -0.00062098
 0.00392593  -0.0212721  0.00062098           0
Repeater1[0]<--->EndNode1[0]
REAL
   0.372396 -0.00660201 -0.00372667    0.346124
-0.00660201     0.10026   0.0466378   0.0171315
-0.00372667   0.0466378   0.0885417   0.0119639
   0.346124   0.0171315   0.0119639    0.438802
IMAGINARY
          0    0.017886  0.00175129  -0.0181669
  -0.017886           0   0.0098229  -0.0107487
-0.00175129  -0.0098229           0 -0.00888858
  0.0181669   0.0107487  0.00888858           0
Repeater1[0]<--->HoM1[0]
REAL
  0.395833 0.00437904 -0.0122751   0.328679
0.00437904  0.0924479  0.0513208 0.00227513
-0.0122751  0.0513208  0.0950521  -0.014379
  0.328679 0.00227513  -0.014379   0.416667
IMAGINARY
          0 -0.00806459 -0.00378154 -0.00392593
 0.00806459           0   0.0145926 -0.00062098
 0.00378154  -0.0145926           0   0.0212721
 0.00392593  0.00062098  -0.0212721           0
EndNode1[0]<--->Repeater1[0]
REAL
   0.404172 -0.00572005  -0.0180577    0.330443
-0.00572005   0.0938722   0.0403514  0.00661761
 -0.0180577   0.0403514    0.110821 -0.00572005
   0.330443  0.00661761 -0.00572005    0.391134
IMAGINARY
           0  -0.00421371   -0.0020396    0.0128725
  0.00421371            0     0.010937    0.0092104
   0.0020396    -0.010937            0  0.000954253
  -0.0128725   -0.0092104 -0.000954253            0
EndNode2[0]<--->HoM1[0]
REAL
   0.424779  -0.0012597 -0.00607258    0.337435
