EndNode1[0]<--->Repeater1[0]
REAL
    0.376263 -0.000481602  0.000948317     0.281838
-0.000481602     0.130051   -0.0186801  0.000304816
 0.000948317   -0.0186801     0.135101   -0.0120497
    0.281838  0.000304816   -0.0120497     0.358586
IMAGINARY
           0  -0.00873389    0.0137821 -0.000711864
  0.00873389            0  -0.00989822   -0.0189635
  -0.0137821   0.00989822            0   0.00614321
 0.000711864    0.0189635  -0.00614321            0
EndNode2[0]<--->HoM1[0]
REAL
    0.37415  -0.0102378 -0.00255438    0.294344
 -0.0102378   0.0979592  -0.0430752 1.63115e-05
-0.00255438  -0.0430752    0.117007   0.0102378
   0.294344 1.63115e-05   0.0102378    0.410884
IMAGINARY
          0 -0.00705695   -0.015153 -0.00751417
 0.00705695           0 -0.00999556  -0.0125889
   0.015153  0.00999556           0  0.00899243
 0.00751417   0.0125889 -0.00899243           0
Repeater1[0]<--->EndNode1[0]
REAL
    0.376263  0.000948317 -0.000481602     0.281838
 0.000948317     0.135101   -0.0186801   -0.0120497
-0.000481602   -0.0186801     0.130051  0.000304816
    0.281838   -0.0120497  0.000304816     0.358586
IMAGINARY
           0    0.0137821  -0.00873389 -0.000711864
  -0.0137821            0   0.00989822   0.00614321
  0.00873389  -0.00989822            0   -0.0189635
 0.000711864  -0.00614321    0.0189635            0
Repeater1[0]<--->HoM1[0]
REAL
    0.37415 -0.00255438  -0.0102378    0.294344
-0.00255438    0.117007  -0.0430752   0.0102378
 -0.0102378  -0.0430752   0.0979592 1.63115e-05
   0.294344   0.0102378 1.63115e-05    0.410884
IMAGINARY
          0   -0.015153 -0.00705695 -0.00751417
   0.015153           0  0.00999556  0.00899243
 0.00705695 -0.00999556           0  -0.0125889
 0.00751417 -0.00899243   0.0125889           0
EndNode1[0]<--->Repeater1[0]
REAL
   0.410428 -0.00862402  0.00553383    0.293794
-0.00862402    0.124332  -0.0208344 -0.00808485
 0.00553383  -0.0208344    0.127005 -0.00413108
   0.293794 -0.00808485 -0.00413108    0.338235
IMAGINARY
         0  0.0057614  0.0105788  -0.011543
-0.0057614          0 -0.0177158 -0.0137314
-0.0105788  0.0177158          0 -0.0114361
  0.011543  0.0137314  0.0114361          0
EndNode2[0]<--->HoM1[0]
REAL
    0.38992   0.0107639 -0.00551579    0.288046
  0.0107639    0.107427  -0.0282553  0.00159934
-0.00551579  -0.0282553    0.108753 0.000985495
   0.288046  0.00159934 0.000985495    0.393899
IMAGINARY
           0   0.00479961    0.0137289   0.00870899
 -0.00479961            0     0.019291 -0.000346946
  -0.0137289    -0.019291            0  -0.00966579
 -0.00870899  0.000346946   0.00966579            0
Repeater1[0]<--->EndNode1[0]
REAL
   0.410428  0.00553383 -0.00862402    0.293794
 0.00553383    0.127005  -0.0208344 -0.00413108
-0.00862402  -0.0208344    0.124332 -0.00808485
   0.293794 -0.00413108 -0.00808485    0.338235
IMAGINARY
         0  0.0105788  0.0057614  -0.011543
-0.0105788          0  0.0177158 -0.0114361
-0.0057614 -0.0177158          0 -0.0137314
  0.011543  0.0114361  0.0137314          0
Repeater1[0]<--->HoM1[0]
REAL
    0.38992 -0.00551579   0.0107639    0.288046
-0.00551579    0.108753  -0.0282553 0.000985495
  0.0107639  -0.0282553    0.107427  0.00159934
   0.288046 0.000985495  0.00159934    0.393899
IMAGINARY
           0    0.0137289   0.00479961   0.00870899
  -0.0137289            0    -0.019291  -0.00966579
 -0.00479961     0.019291            0 -0.000346946
 -0.00870899   0.00966579  0.000346946            0
EndNode1[0]<--->Repeater1[0]
REAL
   0.366197  0.00384362   0.0195665      0.2957
 0.00384362    0.115237  -0.0380874 -0.00555916
  0.0195665  -0.0380874      0.1242  0.00894566
     0.2957 -0.00555916  0.00894566    0.394366
IMAGINARY
          0 -0.00101404    0.026803  -0.0252999
 0.00101404           0  -0.0110512  0.00725696
  -0.026803   0.0110512           0  -0.0275963
  0.0252999 -0.00725696   0.0275963           0
EndNode2[0]<--->HoM1[0]
REAL
   0.360634  -0.0150606  0.00987709    0.296729
 -0.0150606    0.113606  -0.0131472 7.31636e-05
 0.00987709  -0.0131472    0.121532   0.0175481
   0.296729 7.31636e-05   0.0175481    0.404227
IMAGINARY
          0  0.00568584  0.00349003 -0.00759377
-0.00568584           0 -0.00824907   0.0150285
-0.00349003  0.00824907           0 -0.00938954
 0.00759377  -0.0150285  0.00938954           0
Repeater1[0]<--->EndNode1[0]
REAL
   0.366197   0.0195665  0.00384362      0.2957
  0.0195665      0.1242  -0.0380874  0.00894566
 0.00384362  -0.0380874    0.115237 -0.00555916
     0.2957  0.00894566 -0.00555916    0.394366
IMAGINARY
          0    0.026803 -0.00101404  -0.0252999
  -0.026803           0   0.0110512  -0.0275963
 0.00101404  -0.0110512           0  0.00725696
  0.0252999   0.0275963 -0.00725696           0
Repeater1[0]<--->HoM1[0]
REAL
   0.360634  0.00987709  -0.0150606    0.296729
 0.00987709    0.121532  -0.0131472   0.0175481
 -0.0150606  -0.0131472    0.113606 7.31636e-05
   0.296729   0.0175481 7.31636e-05    0.404227
IMAGINARY
          0  0.00349003  0.00568584 -0.00759377
-0.00349003           0  0.00824907 -0.00938954
-0.00568584 -0.00824907           0   0.0150285
 0.00759377  0.00938954  -0.0150285           0
EndNode1[0]<--->Repeater1[0]
REAL
    0.38481  -0.0132434  0.00088835    0.290636
 -0.0132434    0.103797 -0.00310465 -0.00852194
 0.00088835 -0.00310465    0.113924  0.00942662
   0.290636 -0.00852194  0.00942662    0.397468
IMAGINARY
          0   0.0146386   0.0022515  -0.0158482
 -0.0146386           0   0.0106669 -0.00723017
 -0.0022515  -0.0106669           0  0.00883219
  0.0158482  0.00723017 -0.00883219           0
EndNode2[0]<--->HoM1[0]
REAL
   0.377693 -0.00704392   0.0132624     0.28745
-0.00704392    0.117871   -0.010653 -0.00380462
  0.0132624   -0.010653     0.12801 0.000108229
    0.28745 -0.00380462 0.000108229    0.376426
IMAGINARY
          0  0.00387058 -0.00546625 -0.00360213
-0.00387058           0  -0.0124854 -0.00672887
 0.00546625   0.0124854           0   0.0123896
 0.00360213  0.00672887  -0.0123896           0
Repeater1[0]<--->EndNode1[0]
REAL
    0.38481  0.00088835  -0.0132434    0.290636
 0.00088835    0.113924 -0.00310465  0.00942662
 -0.0132434 -0.00310465    0.103797 -0.00852194
   0.290636  0.00942662 -0.00852194    0.397468
IMAGINARY
          0   0.0022515   0.0146386  -0.0158482
 -0.0022515           0  -0.0106669  0.00883219
 -0.0146386   0.0106669           0 -0.00723017
  0.0158482 -0.00883219  0.00723017           0
Repeater1[0]<--->HoM1[0]
REAL
   0.377693   0.0132624 -0.00704392     0.28745
  0.0132624     0.12801   -0.010653 0.000108229
-0.00704392   -0.010653    0.117871 -0.00380462
    0.28745 0.000108229 -0.00380462    0.376426
IMAGINARY
          0 -0.00546625  0.00387058 -0.00360213
 0.00546625           0   0.0124854   0.0123896
-0.00387058  -0.0124854           0 -0.00672887
 0.00360213  -0.0123896  0.00672887           0
EndNode1[0]<--->Repeater1[0]
REAL
   0.403694 -0.00643746   0.0142419    0.283929
-0.00643746   0.0936675  -0.0403051  0.00522123
  0.0142419  -0.0403051     0.10686  0.00845088
   0.283929  0.00522123  0.00845088    0.395778
IMAGINARY
           0   -0.0149623 -0.000880703    0.0030599
   0.0149623            0   -0.0135862   0.00154648
 0.000880703    0.0135862            0    0.0142965
  -0.0030599  -0.00154648   -0.0142965            0
EndNode2[0]<--->HoM1[0]
REAL
   0.367758 -0.00392551  0.00896372    0.292607
-0.00392551    0.119647 -0.00063622  0.00563482
 0.00896372 -0.00063622    0.102015  -0.0070234
   0.292607  0.00563482  -0.0070234    0.410579
IMAGINARY
           0 -0.000902099    0.0152773    0.0121646
 0.000902099            0   -0.0170907   0.00229028
  -0.0152773    0.0170907            0   -0.0288276
  -0.0121646  -0.00229028    0.0288276            0
Repeater1[0]<--->EndNode1[0]
REAL
   0.403694   0.0142419 -0.00643746    0.283929
  0.0142419     0.10686  -0.0403051  0.00845088
-0.00643746  -0.0403051   0.0936675  0.00522123
   0.283929  0.00845088  0.00522123    0.395778
IMAGINARY
           0 -0.000880703   -0.0149623    0.0030599
 0.000880703            0    0.0135862    0.0142965
   0.0149623   -0.0135862            0   0.00154648
  -0.0030599   -0.0142965  -0.00154648            0
Repeater1[0]<--->HoM1[0]
REAL
   0.367758  0.00896372 -0.00392551    0.292607
 0.00896372    0.102015 -0.00063622  -0.0070234
-0.00392551 -0.00063622    0.119647  0.00563482
   0.292607  -0.0070234  0.00563482    0.410579
IMAGINARY
           0    0.0152773 -0.000902099    0.0121646
  -0.0152773            0    0.0170907   -0.0288276
 0.000902099   -0.0170907            0   0.00229028
  -0.0121646    0.0288276  -0.00229028            0
EndNode1[0]<--->Repeater1[0]
REAL
   0.387218 -0.00842569 -0.00646643    0.277332
-0.00842569    0.101504  -0.0420749    0.014622
-0.00646643  -0.0420749    0.106516  -0.0223146
   0.277332    0.014622  -0.0223146    0.404762
IMAGINARY
          0  -0.0235617  0.00852279   0.0084088
  0.0235617           0 -0.00646831   0.0265176
-0.00852279  0.00646831           0 -0.00878334
 -0.0084088  -0.0265176  0.00878334           0
EndNode2[0]<--->HoM1[0]
REAL
   0.378523  0.00676087   -0.007227    0.271611
 0.00676087    0.112752  -0.0286439  -0.0157909
  -0.007227  -0.0286439    0.095302 -0.00803964
   0.271611  -0.0157909 -0.00803964    0.413423
IMAGINARY
           0  -0.00214912    0.0151904  0.000749168
  0.00214912            0    0.0139567   -0.0101014
  -0.0151904   -0.0139567            0  -0.00930126
-0.000749168    0.0101014   0.00930126            0
Repeater1[0]<--->EndNode1[0]
REAL
   0.387218 -0.00646643 -0.00842569    0.277332
-0.00646643    0.106516  -0.0420749  -0.0223146
-0.00842569  -0.0420749    0.101504    0.014622
   0.277332  -0.0223146    0.014622    0.404762
IMAGINARY
          0  0.00852279  -0.0235617   0.0084088
-0.00852279           0  0.00646831 -0.00878334
  0.0235617 -0.00646831           0   0.0265176
 -0.0084088  0.00878334  -0.0265176           0
Repeater1[0]<--->HoM1[0]
REAL
   0.378523   -0.007227  0.00676087    0.271611
  -0.007227    0.095302  -0.0286439 -0.00803964
 0.00676087  -0.0286439    0.112752  -0.0157909
   0.271611 -0.00803964  -0.0157909    0.413423
IMAGINARY
           0    0.0151904  -0.00214912  0.000749168
  -0.0151904            0   -0.0139567  -0.00930126
  0.00214912    0.0139567            0   -0.0101014
-0.000749168   0.00930126    0.0101014            0
EndNode1[0]<--->Repeater1[0]
REAL
  0.362809 -0.0054135 -0.0104389   0.286726
-0.0054135   0.115735 -0.0166723 -0.0122884
-0.0104389 -0.0166723   0.117035  0.0067504
  0.286726 -0.0122884  0.0067504   0.404421
IMAGINARY
          0   0.0155606    -0.01185 -0.00604839
 -0.0155606           0  0.00604839  -0.0197034
    0.01185 -0.00604839           0  0.00871126
 0.00604839   0.0197034 -0.00871126           0
EndNode2[0]<--->HoM1[0]
REAL
   0.386059  0.00894418 -0.00458004    0.289382
 0.00894418    0.124665  -0.0250509  0.00903864
-0.00458004  -0.0250509    0.119303  0.00188385
   0.289382  0.00903864  0.00188385    0.369973
IMAGINARY
          0  0.00238638 -0.00455598 -0.00966886
-0.00238638           0   0.0176264 -0.00961927
 0.00455598  -0.0176264           0   0.0143662
 0.00966886  0.00961927  -0.0143662           0
Repeater1[0]<--->EndNode1[0]
REAL
  0.362809 -0.0104389 -0.0054135   0.286726
-0.0104389   0.117035 -0.0166723  0.0067504
-0.0054135 -0.0166723   0.115735 -0.0122884
  0.286726  0.0067504 -0.0122884   0.404421
IMAGINARY
          0    -0.01185   0.0155606 -0.00604839
    0.01185           0 -0.00604839  0.00871126
 -0.0155606  0.00604839           0  -0.0197034
 0.00604839 -0.00871126   0.0197034           0
Repeater1[0]<--->HoM1[0]
REAL
   0.386059 -0.00458004  0.00894418    0.289382
-0.00458004    0.119303  -0.0250509  0.00188385
 0.00894418  -0.0250509    0.124665  0.00903864
   0.289382  0.00188385  0.00903864    0.369973
IMAGINARY
          0 -0.00455598  0.00238638 -0.00966886
 0.00455598           0  -0.0176264   0.0143662
-0.00238638   0.0176264           0 -0.00961927
 0.00966886  -0.0143662  0.00961927           0
EndNode1[0]<--->Repeater1[0]
REAL
  0.374202  0.0341275  0.0171804   0.294974
 0.0341275   0.113665 -0.0145503  0.0158884
 0.0171804 -0.0145503    0.11622  0.0068778
  0.294974  0.0158884  0.0068778   0.395913
IMAGINARY
          0  0.00597434   0.0135791   0.0109545
-0.00597434           0  0.00513302  0.00508239
 -0.0135791 -0.00513302           0 -0.00146983
 -0.0109545 -0.00508239  0.00146983           0
EndNode2[0]<--->HoM1[0]
REAL
    0.38177  -0.0068652 -0.00473934    0.318943
 -0.0068652    0.120211  -0.0203648 -0.00473934
-0.00473934  -0.0203648    0.112285 -0.00498314
   0.318943 -0.00473934 -0.00498314    0.385733
IMAGINARY
           0   0.00839289   -0.0142895    0.0124879
 -0.00839289            0    0.0118222  7.44024e-05
   0.0142895   -0.0118222            0   0.00582219
  -0.0124879 -7.44024e-05  -0.00582219            0
Repeater1[0]<--->EndNode1[0]
REAL
  0.374202  0.0171804  0.0341275   0.294974
 0.0171804    0.11622 -0.0145503  0.0068778
 0.0341275 -0.0145503   0.113665  0.0158884
  0.294974  0.0068778  0.0158884   0.395913
IMAGINARY
          0   0.0135791  0.00597434   0.0109545
 -0.0135791           0 -0.00513302 -0.00146983
-0.00597434  0.00513302           0  0.00508239
 -0.0109545  0.00146983 -0.00508239           0
Repeater1[0]<--->HoM1[0]
REAL
    0.38177 -0.00473934  -0.0068652    0.318943
-0.00473934    0.112285  -0.0203648 -0.00498314
 -0.0068652  -0.0203648    0.120211 -0.00473934
   0.318943 -0.00498314 -0.00473934    0.385733
IMAGINARY
           0   -0.0142895   0.00839289    0.0124879
   0.0142895            0   -0.0118222   0.00582219
 -0.00839289    0.0118222            0  7.44024e-05
  -0.0124879  -0.00582219 -7.44024e-05            0
EndNode1[0]<--->Repeater1[0]
REAL
   0.362264    0.006729 -0.00570182    0.305527
   0.006729    0.138365  -0.0350347  0.00507131
-0.00570182  -0.0350347     0.12956  -0.0124037
   0.305527  0.00507131  -0.0124037    0.369811
IMAGINARY
          0   0.0231258  -0.0166143  -0.0017307
 -0.0231258           0   0.0149582 -0.00379383
  0.0166143  -0.0149582           0  0.00876194
  0.0017307  0.00379383 -0.00876194           0
EndNode2[0]<--->HoM1[0]
REAL
   0.372727 -0.00683951  -0.0226542    0.311145
-0.00683951    0.136364 -0.00786586 0.000586138
 -0.0226542 -0.00786586    0.107792  -0.0127065
   0.311145 0.000586138  -0.0127065    0.383117
IMAGINARY
          0   0.0227268  -0.0134859  -0.0070051
 -0.0227268           0   0.0141759  0.00437128
  0.0134859  -0.0141759           0   0.0111273
  0.0070051 -0.00437128  -0.0111273           0
Repeater1[0]<--->EndNode1[0]
REAL
   0.362264 -0.00570182    0.006729    0.305527
-0.00570182     0.12956  -0.0350347  -0.0124037
   0.006729  -0.0350347    0.138365  0.00507131
   0.305527  -0.0124037  0.00507131    0.369811
IMAGINARY
          0  -0.0166143   0.0231258  -0.0017307
  0.0166143           0  -0.0149582  0.00876194
 -0.0231258   0.0149582           0 -0.00379383
  0.0017307 -0.00876194  0.00379383           0
Repeater1[0]<--->HoM1[0]
REAL
   0.372727  -0.0226542 -0.00683951    0.311145
 -0.0226542    0.107792 -0.00786586  -0.0127065
-0.00683951 -0.00786586    0.136364 0.000586138
   0.311145  -0.0127065 0.000586138    0.383117
IMAGINARY
          0  -0.0134859   0.0227268  -0.0070051
  0.0134859           0  -0.0141759   0.0111273
 -0.0227268   0.0141759           0  0.00437128
  0.0070051  -0.0111273 -0.00437128           0
EndNode1[0]<--->Repeater1[0]
REAL
   0.403101 0.000509705   0.0126514    0.281972
0.000509705   0.0981912  -0.0336017   0.0166837
  0.0126514  -0.0336017    0.109819   0.0170913
   0.281972   0.0166837   0.0170913    0.388889
IMAGINARY
          0  0.00383325 -0.00164241  -0.0135006
-0.00383325           0  -0.0055834   -0.014751
 0.00164241   0.0055834           0  0.00572959
  0.0135006    0.014751 -0.00572959           0
EndNode2[0]<--->HoM1[0]
REAL
   0.386189   0.0114075   0.0139977    0.309776
  0.0114075    0.117647  -0.0345821  0.00409016
  0.0139977  -0.0345821    0.121483 -0.00623955
   0.309776  0.00409016 -0.00623955     0.37468
IMAGINARY
           0  -0.00775319  -0.00579185   -0.0201041
  0.00775319            0    0.0120296 -4.47247e-05
  0.00579185   -0.0120296            0  -0.00456847
   0.0201041  4.47247e-05   0.00456847            0
Repeater1[0]<--->EndNode1[0]
REAL
   0.403101   0.0126514 0.000509705    0.281972
  0.0126514    0.109819  -0.0336017   0.0170913
0.000509705  -0.0336017   0.0981912   0.0166837
   0.281972   0.0170913   0.0166837    0.388889
IMAGINARY
          0 -0.00164241  0.00383325  -0.0135006
 0.00164241           0   0.0055834  0.00572959
-0.00383325  -0.0055834           0   -0.014751
  0.0135006 -0.00572959    0.014751           0
Repeater1[0]<--->HoM1[0]
REAL
   0.386189   0.0139977   0.0114075    0.309776
  0.0139977    0.121483  -0.0345821 -0.00623955
  0.0114075  -0.0345821    0.117647  0.00409016
   0.309776 -0.00623955  0.00409016     0.37468
IMAGINARY
           0  -0.00579185  -0.00775319   -0.0201041
  0.00579185            0   -0.0120296  -0.00456847
  0.00775319    0.0120296            0 -4.47247e-05
   0.0201041   0.00456847  4.47247e-05            0
EndNode1[0]<--->Repeater1[0]
REAL
  0.408922 -0.0204885 0.00116716   0.298713
-0.0204885   0.128872 -0.0308321 -0.0180363
0.00116716 -0.0308321   0.109046  0.0198138
  0.298713 -0.0180363  0.0198138    0.35316
IMAGINARY
           0    0.0150726   0.00754751 -0.000957854
  -0.0150726            0  -0.00889436   -0.0365879
 -0.00754751   0.00889436            0    0.0202809
 0.000957854    0.0365879   -0.0202809            0
EndNode2[0]<--->HoM1[0]
REAL
   0.377229  0.00052468  -0.0218804    0.287987
 0.00052468   0.0960219  -0.0304483   0.0128334
 -0.0218804  -0.0304483    0.131687 -0.00354036
   0.287987   0.0128334 -0.00354036    0.395062
IMAGINARY
          0   0.0133788 -0.00139665  0.00834651
 -0.0133788           0  0.00641601 -0.00139665
 0.00139665 -0.00641601           0  -0.0049989
-0.00834651  0.00139665   0.0049989           0
Repeater1[0]<--->EndNode1[0]
REAL
  0.408922 0.00116716 -0.0204885   0.298713
0.00116716   0.109046 -0.0308321  0.0198138
-0.0204885 -0.0308321   0.128872 -0.0180363
  0.298713  0.0198138 -0.0180363    0.35316
IMAGINARY
           0   0.00754751    0.0150726 -0.000957854
 -0.00754751            0   0.00889436    0.0202809
  -0.0150726  -0.00889436            0   -0.0365879
 0.000957854   -0.0202809    0.0365879            0
Repeater1[0]<--->HoM1[0]
REAL
   0.377229  -0.0218804  0.00052468    0.287987
 -0.0218804    0.131687  -0.0304483 -0.00354036
 0.00052468  -0.0304483   0.0960219   0.0128334
   0.287987 -0.00354036   0.0128334    0.395062
IMAGINARY
          0 -0.00139665   0.0133788  0.00834651
 0.00139665           0 -0.00641601  -0.0049989
 -0.0133788  0.00641601           0 -0.00139665
-0.00834651   0.0049989  0.00139665           0
EndNode1[0]<--->Repeater1[0]
REAL
     0.375  -0.026216 -0.0235495   0.310824
 -0.026216   0.116162 -0.0265098 -0.0254701
-0.0235495 -0.0265098   0.121212 -0.0136532
  0.310824 -0.0254701 -0.0136532   0.387626
IMAGINARY
          0 -0.00647619  0.00786701   0.0164661
 0.00647619           0 -0.00686303 -0.00120035
-0.00786701  0.00686303           0  0.00780952
 -0.0164661  0.00120035 -0.00780952           0
EndNode2[0]<--->HoM1[0]
REAL
   0.385787    0.003663   0.0026275    0.289663
   0.003663    0.111675  -0.0384615 -0.00623326
  0.0026275  -0.0384615    0.101523   0.0155678
   0.289663 -0.00623326   0.0155678    0.401015
IMAGINARY
          0  -0.0163746   0.0112827    0.024938
  0.0163746           0  0.00137779   0.0186652
 -0.0112827 -0.00137779           0  -0.0109692
  -0.024938  -0.0186652   0.0109692           0
Repeater1[0]<--->EndNode1[0]
REAL
     0.375 -0.0235495  -0.026216   0.310824
-0.0235495   0.121212 -0.0265098 -0.0136532
 -0.026216 -0.0265098   0.116162 -0.0254701
  0.310824 -0.0136532 -0.0254701   0.387626
IMAGINARY
          0  0.00786701 -0.00647619   0.0164661
-0.00786701           0  0.00686303  0.00780952
 0.00647619 -0.00686303           0 -0.00120035
 -0.0164661 -0.00780952  0.00120035           0
Repeater1[0]<--->HoM1[0]
REAL
   0.385787   0.0026275    0.003663    0.289663
  0.0026275    0.101523  -0.0384615   0.0155678
   0.003663  -0.0384615    0.111675 -0.00623326
   0.289663   0.0155678 -0.00623326    0.401015
IMAGINARY
          0   0.0112827  -0.0163746    0.024938
 -0.0112827           0 -0.00137779  -0.0109692
  0.0163746  0.00137779           0   0.0186652
  -0.024938   0.0109692  -0.0186652           0
EndNode1[0]<--->Repeater1[0]
REAL
   0.378866 -0.00348572   0.0222319    0.302538
-0.00348572    0.104381  -0.0390969  0.00196164
  0.0222319  -0.0390969    0.122423   0.0249911
   0.302538  0.00196164   0.0249911     0.39433
IMAGINARY
          0  -0.0262035  0.00451471  0.00118416
  0.0262035           0    0.026628 -0.00132186
-0.00451471   -0.026628           0   -0.020412
-0.00118416  0.00132186    0.020412           0
EndNode2[0]<--->HoM1[0]
REAL
  0.385942 -0.0093729 0.00890585   0.288119
-0.0093729   0.114058 -0.0323938 0.00890585
0.00890585 -0.0323938   0.104775  0.0119174
  0.288119 0.00890585  0.0119174   0.395225
IMAGINARY
          0 -0.00137247 -0.00198642 -0.00865048
 0.00137247           0   0.0158778  -0.0210905
 0.00198642  -0.0158778           0   -0.011448
 0.00865048   0.0210905    0.011448           0
Repeater1[0]<--->EndNode1[0]
REAL
   0.378866   0.0222319 -0.00348572    0.302538
  0.0222319    0.122423  -0.0390969   0.0249911
-0.00348572  -0.0390969    0.104381  0.00196164
   0.302538   0.0249911  0.00196164     0.39433
IMAGINARY
          0  0.00451471  -0.0262035  0.00118416
-0.00451471           0   -0.026628   -0.020412
  0.0262035    0.026628           0 -0.00132186
-0.00118416    0.020412  0.00132186           0
Repeater1[0]<--->HoM1[0]
REAL
  0.385942 0.00890585 -0.0093729   0.288119
0.00890585   0.104775 -0.0323938  0.0119174
-0.0093729 -0.0323938   0.114058 0.00890585
  0.288119  0.0119174 0.00890585   0.395225
IMAGINARY
          0 -0.00198642 -0.00137247 -0.00865048
 0.00198642           0  -0.0158778   -0.011448
 0.00137247   0.0158778           0  -0.0210905
 0.00865048    0.011448   0.0210905           0
EndNode1[0]<--->Repeater1[0]
REAL
   0.383777   0.0306474   0.0169693    0.282291
  0.0306474    0.108959  -0.0262809  -0.0025462
  0.0169693  -0.0262809     0.11138 -0.00540702
   0.282291  -0.0025462 -0.00540702    0.395884
IMAGINARY
           0   -0.0050091  -0.00571893   0.00687001
   0.0050091            0  -0.00379498   0.00143322
  0.00571893   0.00379498            0  0.000723385
 -0.00687001  -0.00143322 -0.000723385            0
EndNode2[0]<--->HoM1[0]
REAL
   0.363962  -0.0049561   0.0160008    0.305004
 -0.0049561    0.114558 -0.00685132   -0.012043
  0.0160008 -0.00685132    0.114558  -0.0135136
   0.305004   -0.012043  -0.0135136    0.406921
IMAGINARY
          0 -0.00235901  -0.0128242  -0.0187976
 0.00235901           0  0.00587771   0.0154016
  0.0128242 -0.00587771           0  -0.0131049
  0.0187976  -0.0154016   0.0131049           0
Repeater1[0]<--->EndNode1[0]
REAL
   0.383777   0.0169693   0.0306474    0.282291
  0.0169693     0.11138  -0.0262809 -0.00540702
  0.0306474  -0.0262809    0.108959  -0.0025462
   0.282291 -0.00540702  -0.0025462    0.395884
IMAGINARY
           0  -0.00571893   -0.0050091   0.00687001
  0.00571893            0   0.00379498  0.000723385
   0.0050091  -0.00379498            0   0.00143322
 -0.00687001 -0.000723385  -0.00143322            0
Repeater1[0]<--->HoM1[0]
REAL
   0.363962   0.0160008  -0.0049561    0.305004
  0.0160008    0.114558 -0.00685132  -0.0135136
 -0.0049561 -0.00685132    0.114558   -0.012043
   0.305004  -0.0135136   -0.012043    0.406921
IMAGINARY
          0  -0.0128242 -0.00235901  -0.0187976
  0.0128242           0 -0.00587771  -0.0131049
 0.00235901  0.00587771           0   0.0154016
  0.0187976   0.0131049  -0.0154016           0
EndNode1[0]<--->Repeater1[0]
REAL
   0.392947  -0.0152492 -0.00746389    0.291573
 -0.0152492     0.11335  -0.0061226  -0.0326101
-0.00746389  -0.0061226    0.108312  -0.0124944
   0.291573  -0.0326101  -0.0124944     0.38539
IMAGINARY
          0  -0.0039243  -0.0159564  0.00280596
  0.0039243           0  -0.0119205 -0.00645073
  0.0159564   0.0119205           0  0.00328409
-0.00280596  0.00645073 -0.00328409           0
EndNode2[0]<--->HoM1[0]
REAL
    0.351389  -0.00196151   -0.0110695     0.287616
 -0.00196151       0.1375    -0.032435 -0.000588572
  -0.0110695    -0.032435     0.111111    0.0123242
    0.287616 -0.000588572    0.0123242          0.4
IMAGINARY
          0 -0.00270853  0.00171759   0.0103469
 0.00270853           0  0.00844095   0.0149919
-0.00171759 -0.00844095           0  0.00399388
 -0.0103469  -0.0149919 -0.00399388           0
Repeater1[0]<--->EndNode1[0]
REAL
   0.392947 -0.00746389  -0.0152492    0.291573
-0.00746389    0.108312  -0.0061226  -0.0124944
 -0.0152492  -0.0061226     0.11335  -0.0326101
   0.291573  -0.0124944  -0.0326101     0.38539
IMAGINARY
          0  -0.0159564  -0.0039243  0.00280596
  0.0159564           0   0.0119205  0.00328409
  0.0039243  -0.0119205           0 -0.00645073
-0.00280596 -0.00328409  0.00645073           0
Repeater1[0]<--->HoM1[0]
REAL
    0.351389   -0.0110695  -0.00196151     0.287616
  -0.0110695     0.111111    -0.032435    0.0123242
 -0.00196151    -0.032435       0.1375 -0.000588572
    0.287616    0.0123242 -0.000588572          0.4
IMAGINARY
          0  0.00171759 -0.00270853   0.0103469
-0.00171759           0 -0.00844095  0.00399388
 0.00270853  0.00844095           0   0.0149919
 -0.0103469 -0.00399388  -0.0149919           0
EndNode1[0]<--->Repeater1[0]
REAL
   0.381963  0.00749395 -0.00965536    0.283686
 0.00749395    0.143236  -0.0181038   0.0191405
-0.00965536  -0.0181038    0.106101  0.00876621
   0.283686   0.0191405  0.00876621      0.3687
IMAGINARY
          0  -0.0104078 -0.00380703   0.0210632
  0.0104078           0  0.00551912  0.00764335
 0.00380703 -0.00551912           0   0.0052927
 -0.0210632 -0.00764335  -0.0052927           0
EndNode2[0]<--->HoM1[0]
REAL
   0.387056  -0.0125261   0.0162675    0.289393
 -0.0125261    0.110406  -0.0163062  -0.0175867
  0.0162675  -0.0163062    0.126904 -0.00990138
   0.289393  -0.0175867 -0.00990138    0.375635
IMAGINARY
           0   -0.0133017  0.000893639   -0.0120722
   0.0133017            0    0.0071094  -0.00218898
-0.000893639   -0.0071094            0   -0.0113097
   0.0120722   0.00218898    0.0113097            0
Repeater1[0]<--->EndNode1[0]
REAL
   0.381963 -0.00965536  0.00749395    0.283686
-0.00965536    0.106101  -0.0181038  0.00876621
 0.00749395  -0.0181038    0.143236   0.0191405
   0.283686  0.00876621   0.0191405      0.3687
IMAGINARY
          0 -0.00380703  -0.0104078   0.0210632
 0.00380703           0 -0.00551912   0.0052927
  0.0104078  0.00551912           0  0.00764335
 -0.0210632  -0.0052927 -0.00764335           0
Repeater1[0]<--->HoM1[0]
REAL
   0.387056   0.0162675  -0.0125261    0.289393
  0.0162675    0.126904  -0.0163062 -0.00990138
 -0.0125261  -0.0163062    0.110406  -0.0175867
   0.289393 -0.00990138  -0.0175867    0.375635
IMAGINARY
           0  0.000893639   -0.0133017   -0.0120722
-0.000893639            0   -0.0071094   -0.0113097
   0.0133017    0.0071094            0  -0.00218898
   0.0120722    0.0113097   0.00218898            0
EndNode1[0]<--->Repeater1[0]
REAL
   0.396053  -0.0210584 -0.00156048    0.291545
 -0.0210584    0.117105  -0.0284555   -0.018073
-0.00156048  -0.0284555   0.0960526   0.0105872
   0.291545   -0.018073   0.0105872    0.390789
IMAGINARY
           0    -0.011193    0.0103169   0.00348886
    0.011193            0 -0.000924758   0.00968314
  -0.0103169  0.000924758            0   0.00119296
 -0.00348886  -0.00968314  -0.00119296            0
EndNode2[0]<--->HoM1[0]
REAL
   0.373333    0.014436  0.00131009    0.291493
   0.014436    0.130667  -0.0233222  -0.0138414
 0.00131009  -0.0233222    0.125333 -0.00817036
   0.291493  -0.0138414 -0.00817036    0.370667
IMAGINARY
          0   0.0151133  -0.0145725  -0.0051505
 -0.0151133           0 -0.00321501 -0.00753025
  0.0145725  0.00321501           0   0.0105737
  0.0051505  0.00753025  -0.0105737           0
Repeater1[0]<--->EndNode1[0]
REAL
   0.396053 -0.00156048  -0.0210584    0.291545
-0.00156048   0.0960526  -0.0284555   0.0105872
 -0.0210584  -0.0284555    0.117105   -0.018073
   0.291545   0.0105872   -0.018073    0.390789
IMAGINARY
           0    0.0103169    -0.011193   0.00348886
  -0.0103169            0  0.000924758   0.00119296
    0.011193 -0.000924758            0   0.00968314
 -0.00348886  -0.00119296  -0.00968314            0
Repeater1[0]<--->HoM1[0]
REAL
   0.373333  0.00131009    0.014436    0.291493
 0.00131009    0.125333  -0.0233222 -0.00817036
   0.014436  -0.0233222    0.130667  -0.0138414
   0.291493 -0.00817036  -0.0138414    0.370667
IMAGINARY
          0  -0.0145725   0.0151133  -0.0051505
  0.0145725           0  0.00321501   0.0105737
 -0.0151133 -0.00321501           0 -0.00753025
  0.0051505  -0.0105737  0.00753025           0
EndNode1[0]<--->Repeater1[0]
REAL
   0.404255   0.0173764 -0.00993875    0.302557
  0.0173764    0.111389  -0.0291388  0.00360964
-0.00993875  -0.0291388    0.111389  0.00540836
   0.302557  0.00360964  0.00540836    0.372966
IMAGINARY
          0  0.00987077  0.00492795  0.00570259
-0.00987077           0   0.0120639   0.0122711
-0.00492795  -0.0120639           0  -0.0135563
-0.00570259  -0.0122711   0.0135563           0
EndNode2[0]<--->HoM1[0]
REAL
  0.384115  0.0049889 -0.0081564   0.285525
 0.0049889   0.110677 -0.0238742    0.01548
-0.0081564 -0.0238742   0.123698  0.0116556
  0.285525    0.01548  0.0116556    0.38151
IMAGINARY
          0  0.00771514 -0.00424889   0.0101842
-0.00771514           0  -0.0108132   0.0199147
 0.00424889   0.0108132           0  -0.0103261
 -0.0101842  -0.0199147   0.0103261           0
Repeater1[0]<--->EndNode1[0]
REAL
   0.404255 -0.00993875   0.0173764    0.302557
-0.00993875    0.111389  -0.0291388  0.00540836
  0.0173764  -0.0291388    0.111389  0.00360964
   0.302557  0.00540836  0.00360964    0.372966
IMAGINARY
          0  0.00492795  0.00987077  0.00570259
-0.00492795           0  -0.0120639  -0.0135563
-0.00987077   0.0120639           0   0.0122711
-0.00570259   0.0135563  -0.0122711           0
Repeater1[0]<--->HoM1[0]
REAL
  0.384115 -0.0081564  0.0049889   0.285525
-0.0081564   0.123698 -0.0238742  0.0116556
 0.0049889 -0.0238742   0.110677    0.01548
  0.285525  0.0116556    0.01548    0.38151
IMAGINARY
          0 -0.00424889  0.00771514   0.0101842
 0.00424889           0   0.0108132  -0.0103261
-0.00771514  -0.0108132           0   0.0199147
 -0.0101842   0.0103261  -0.0199147           0
EndNode1[0]<--->Repeater1[0]
REAL
   0.383033 -0.00118447  0.00168341    0.295209
-0.00118447     0.11054  -0.0341468 -0.00357975
 0.00168341  -0.0341468    0.107969 -0.00450453
   0.295209 -0.00357975 -0.00450453    0.398458
IMAGINARY
           0  -0.00138889   0.00640008    -0.005582
  0.00138889            0 -0.000667998   -0.0123667
 -0.00640008  0.000667998            0   0.00138889
    0.005582    0.0123667  -0.00138889            0
EndNode2[0]<--->HoM1[0]
REAL
   0.358344  -0.0111096 -0.00601246    0.277253
 -0.0111096    0.107374  -0.0289087   0.0013767
-0.00601246  -0.0289087    0.116429   0.0276659
   0.277253   0.0013767   0.0276659    0.417853
IMAGINARY
          0  -0.0133786 -0.00563188 -0.00399836
  0.0133786           0   0.0156867  0.00242264
 0.00563188  -0.0156867           0  -0.0078024
 0.00399836 -0.00242264   0.0078024           0
Repeater1[0]<--->EndNode1[0]
REAL
   0.383033  0.00168341 -0.00118447    0.295209
 0.00168341    0.107969  -0.0341468 -0.00450453
-0.00118447  -0.0341468     0.11054 -0.00357975
   0.295209 -0.00450453 -0.00357975    0.398458
IMAGINARY
           0   0.00640008  -0.00138889    -0.005582
 -0.00640008            0  0.000667998   0.00138889
  0.00138889 -0.000667998            0   -0.0123667
    0.005582  -0.00138889    0.0123667            0
Repeater1[0]<--->HoM1[0]
REAL
   0.358344 -0.00601246  -0.0111096    0.277253
-0.00601246    0.116429  -0.0289087   0.0276659
 -0.0111096  -0.0289087    0.107374   0.0013767
   0.277253   0.0276659   0.0013767    0.417853
IMAGINARY
          0 -0.00563188  -0.0133786 -0.00399836
 0.00563188           0  -0.0156867  -0.0078024
  0.0133786   0.0156867           0  0.00242264
 0.00399836   0.0078024 -0.00242264           0
EndNode1[0]<--->Repeater1[0]
REAL
   0.369705 -0.00171955 -0.00374778    0.305616
-0.00171955    0.120668  -0.0467329 -0.00894258
-0.00374778  -0.0467329    0.121951  0.00933376
   0.305616 -0.00894258  0.00933376    0.387677
IMAGINARY
           0  0.000687427   -0.0166891    0.0073647
-0.000687427            0   0.00145142    0.0307831
   0.0166891  -0.00145142            0     0.001326
  -0.0073647   -0.0307831    -0.001326            0
EndNode2[0]<--->HoM1[0]
REAL
   0.389381 -0.00660502 -0.00982316    0.298759
-0.00660502    0.125158  -0.0352183 -0.00272638
-0.00982316  -0.0352183    0.115044  -0.0310436
   0.298759 -0.00272638  -0.0310436    0.370417
IMAGINARY
          0  -0.0088169   0.0118804  0.00106083
  0.0088169           0 -0.00891423  -0.0073759
 -0.0118804  0.00891423           0   0.0081734
-0.00106083   0.0073759  -0.0081734           0
Repeater1[0]<--->EndNode1[0]
REAL
   0.369705 -0.00374778 -0.00171955    0.305616
-0.00374778    0.121951  -0.0467329  0.00933376
-0.00171955  -0.0467329    0.120668 -0.00894258
   0.305616  0.00933376 -0.00894258    0.387677
IMAGINARY
           0   -0.0166891  0.000687427    0.0073647
   0.0166891            0  -0.00145142     0.001326
-0.000687427   0.00145142            0    0.0307831
  -0.0073647    -0.001326   -0.0307831            0
Repeater1[0]<--->HoM1[0]
REAL
   0.389381 -0.00982316 -0.00660502    0.298759
-0.00982316    0.115044  -0.0352183  -0.0310436
-0.00660502  -0.0352183    0.125158 -0.00272638
   0.298759  -0.0310436 -0.00272638    0.370417
IMAGINARY
          0   0.0118804  -0.0088169  0.00106083
 -0.0118804           0  0.00891423   0.0081734
  0.0088169 -0.00891423           0  -0.0073759
-0.00106083  -0.0081734   0.0073759           0
EndNode1[0]<--->Repeater1[0]
REAL
  0.381727 -0.0184544 -0.0030413   0.281147
-0.0184544   0.111389 -0.0203327 -0.0249485
-0.0030413 -0.0203327   0.116395  -0.017169
  0.281147 -0.0249485  -0.017169   0.390488
IMAGINARY
          0  -0.0214327  -0.0138871 -0.00332547
  0.0214327           0    -0.04139    0.024368
  0.0138871     0.04139           0 -0.00754384
 0.00332547   -0.024368  0.00754384           0
EndNode2[0]<--->HoM1[0]
REAL
   0.358302  0.00191246  0.00209826    0.292664
 0.00191246    0.114856  0.00351457 -0.00655686
 0.00209826  0.00351457    0.122347  0.00127225
   0.292664 -0.00655686  0.00127225    0.404494
IMAGINARY
           0   0.00242086    0.0220573   -0.0175968
 -0.00242086            0   -0.0122634  0.000754043
  -0.0220573    0.0122634            0   -0.0166009
   0.0175968 -0.000754043    0.0166009            0
Repeater1[0]<--->EndNode1[0]
REAL
  0.381727 -0.0030413 -0.0184544   0.281147
-0.0030413   0.116395 -0.0203327  -0.017169
-0.0184544 -0.0203327   0.111389 -0.0249485
  0.281147  -0.017169 -0.0249485   0.390488
IMAGINARY
          0  -0.0138871  -0.0214327 -0.00332547
  0.0138871           0     0.04139 -0.00754384
  0.0214327    -0.04139           0    0.024368
 0.00332547  0.00754384   -0.024368           0
Repeater1[0]<--->HoM1[0]
REAL
   0.358302  0.00209826  0.00191246    0.292664
 0.00209826    0.122347  0.00351457  0.00127225
 0.00191246  0.00351457    0.114856 -0.00655686
   0.292664  0.00127225 -0.00655686    0.404494
IMAGINARY
           0    0.0220573   0.00242086   -0.0175968
  -0.0220573            0    0.0122634   -0.0166009
 -0.00242086   -0.0122634            0  0.000754043
   0.0175968    0.0166009 -0.000754043            0
EndNode1[0]<--->Repeater1[0]
REAL
  0.360202 0.00401071 -0.0172884   0.296723
0.00401071    0.11461 -0.0284138 0.00730174
-0.0172884 -0.0284138   0.102015 0.00464442
  0.296723 0.00730174 0.00464442   0.423174
IMAGINARY
          0   0.0172708  0.00637404 -0.00799447
 -0.0172708           0 -0.00990529  0.00182268
-0.00637404  0.00990529           0  0.00458717
 0.00799447 -0.00182268 -0.00458717           0
EndNode2[0]<--->HoM1[0]
REAL
   0.378947 -0.00823635    -0.01125    0.294979
-0.00823635    0.131579  -0.0312712     0.01125
   -0.01125  -0.0312712    0.114474   -0.003513
   0.294979     0.01125   -0.003513       0.375
IMAGINARY
          0  0.00777244 -0.00760204   0.0105907
-0.00777244           0 -0.00432501  0.00260204
 0.00760204  0.00432501           0  -0.0140224
 -0.0105907 -0.00260204   0.0140224           0
Repeater1[0]<--->EndNode1[0]
REAL
  0.360202 -0.0172884 0.00401071   0.296723
-0.0172884   0.102015 -0.0284138 0.00464442
0.00401071 -0.0284138    0.11461 0.00730174
  0.296723 0.00464442 0.00730174   0.423174
IMAGINARY
          0  0.00637404   0.0172708 -0.00799447
-0.00637404           0  0.00990529  0.00458717
 -0.0172708 -0.00990529           0  0.00182268
 0.00799447 -0.00458717 -0.00182268           0
Repeater1[0]<--->HoM1[0]
REAL
   0.378947    -0.01125 -0.00823635    0.294979
   -0.01125    0.114474  -0.0312712   -0.003513
-0.00823635  -0.0312712    0.131579     0.01125
   0.294979   -0.003513     0.01125       0.375
IMAGINARY
          0 -0.00760204  0.00777244   0.0105907
 0.00760204           0  0.00432501  -0.0140224
-0.00777244 -0.00432501           0  0.00260204
 -0.0105907   0.0140224 -0.00260204           0
EndNode1[0]<--->Repeater1[0]
REAL
  0.391534 0.00732457  0.0114669   0.301705
0.00732457   0.109788  -0.031213 0.00429607
 0.0114669  -0.031213   0.113757  0.0286149
  0.301705 0.00429607  0.0286149   0.384921
IMAGINARY
          0  0.00709633  -0.0174145  -0.0154653
-0.00709633           0   0.0070347   0.0161676
  0.0174145  -0.0070347           0  0.00163185
  0.0154653  -0.0161676 -0.00163185           0
EndNode2[0]<--->HoM1[0]
REAL
  0.385321 -0.0100214  0.0141779   0.285358
-0.0100214   0.116645 -0.0194281 0.00337738
 0.0141779 -0.0194281   0.100917 -0.0062335
  0.285358 0.00337738 -0.0062335   0.397117
IMAGINARY
          0   0.0104808   0.0149547   0.0110099
 -0.0104808           0    0.023081  -0.0162141
 -0.0149547   -0.023081           0 -0.00292408
 -0.0110099   0.0162141  0.00292408           0
Repeater1[0]<--->EndNode1[0]
REAL
  0.391534  0.0114669 0.00732457   0.301705
 0.0114669   0.113757  -0.031213  0.0286149
0.00732457  -0.031213   0.109788 0.00429607
  0.301705  0.0286149 0.00429607   0.384921
IMAGINARY
          0  -0.0174145  0.00709633  -0.0154653
  0.0174145           0  -0.0070347  0.00163185
-0.00709633   0.0070347           0   0.0161676
  0.0154653 -0.00163185  -0.0161676           0
Repeater1[0]<--->HoM1[0]
REAL
  0.385321  0.0141779 -0.0100214   0.285358
 0.0141779   0.100917 -0.0194281 -0.0062335
-0.0100214 -0.0194281   0.116645 0.00337738
  0.285358 -0.0062335 0.00337738   0.397117
IMAGINARY
          0   0.0149547   0.0104808   0.0110099
 -0.0149547           0   -0.023081 -0.00292408
 -0.0104808    0.023081           0  -0.0162141
 -0.0110099  0.00292408   0.0162141           0
EndNode1[0]<--->Repeater1[0]
REAL
   0.388815 -0.00941943   0.0148171    0.288194
-0.00941943    0.110519  -0.0222639  -0.0154672
  0.0148171  -0.0222639    0.130493 -0.00683545
   0.288194  -0.0154672 -0.00683545    0.370173
IMAGINARY
          0  0.00424067  -0.0161752   0.0131731
-0.00424067           0   0.0144651   -0.023694
  0.0161752  -0.0144651           0   0.0160208
 -0.0131731    0.023694  -0.0160208           0
EndNode2[0]<--->HoM1[0]
REAL
    0.349614     0.012884 -0.000699787     0.270972
    0.012884     0.111825    -0.032717   0.00539777
-0.000699787    -0.032717     0.136247    -0.017582
    0.270972   0.00539777    -0.017582     0.402314
