EndNode1[0]<--->Repeater1[0]
REAL
  0.469755 0.00991731 0.00697791   0.376921
0.00991731  0.0592021  0.0331322  0.0036041
0.00697791  0.0331322  0.0656371 -0.0152083
  0.376921  0.0036041 -0.0152083   0.405405
IMAGINARY
           0   0.00262252     0.015569    0.0249878
 -0.00262252            0  -0.00774645 -0.000193886
   -0.015569   0.00774645            0  -0.00938759
  -0.0249878  0.000193886   0.00938759            0
EndNode2[0]<--->HoM1[0]
REAL
   0.451138 0.000148631  0.00357289    0.372085
0.000148631    0.060241   0.0183972  0.00229412
 0.00357289   0.0183972   0.0481928   0.0161486
   0.372085  0.00229412   0.0161486    0.440428
IMAGINARY
          0  0.00572725  -0.0179402 -0.00116845
-0.00572725           0 -0.00946985  -0.0237768
  0.0179402  0.00946985           0   0.0251071
 0.00116845   0.0237768  -0.0251071           0
Repeater1[0]<--->EndNode1[0]
REAL
  0.469755 0.00697791 0.00991731   0.376921
0.00697791  0.0656371  0.0331322 -0.0152083
0.00991731  0.0331322  0.0592021  0.0036041
  0.376921 -0.0152083  0.0036041   0.405405
IMAGINARY
           0     0.015569   0.00262252    0.0249878
   -0.015569            0   0.00774645  -0.00938759
 -0.00262252  -0.00774645            0 -0.000193886
  -0.0249878   0.00938759  0.000193886            0
Repeater1[0]<--->HoM1[0]
REAL
   0.451138  0.00357289 0.000148631    0.372085
 0.00357289   0.0481928   0.0183972   0.0161486
0.000148631   0.0183972    0.060241  0.00229412
   0.372085   0.0161486  0.00229412    0.440428
IMAGINARY
          0  -0.0179402  0.00572725 -0.00116845
  0.0179402           0  0.00946985   0.0251071
-0.00572725 -0.00946985           0  -0.0237768
 0.00116845  -0.0251071   0.0237768           0
EndNode1[0]<--->Repeater1[0]
REAL
    0.43073 -0.00347982  0.00856424    0.361641
-0.00347982   0.0654912   0.0421023   0.0154999
 0.00856424   0.0421023    0.059194   0.0195226
   0.361641   0.0154999   0.0195226    0.444584
IMAGINARY
          0 -0.00302216 -0.00249608  0.00568891
 0.00302216           0   -0.029005   -0.010394
 0.00249608    0.029005           0 -0.00172682
-0.00568891    0.010394  0.00172682           0
EndNode2[0]<--->HoM1[0]
REAL
   0.461022  -0.0072634  0.00286601    0.364696
 -0.0072634    0.047043    0.029644 -0.00852639
 0.00286601    0.029644   0.0389785 -0.00594414
   0.364696 -0.00852639 -0.00594414    0.452957
IMAGINARY
          0 -0.00644164  -0.0210672 -0.00305397
 0.00644164           0   0.0114846   0.0172013
  0.0210672  -0.0114846           0  -0.0051563
 0.00305397  -0.0172013   0.0051563           0
Repeater1[0]<--->EndNode1[0]
REAL
    0.43073  0.00856424 -0.00347982    0.361641
 0.00856424    0.059194   0.0421023   0.0195226
-0.00347982   0.0421023   0.0654912   0.0154999
   0.361641   0.0195226   0.0154999    0.444584
IMAGINARY
          0 -0.00249608 -0.00302216  0.00568891
 0.00249608           0    0.029005 -0.00172682
 0.00302216   -0.029005           0   -0.010394
-0.00568891  0.00172682    0.010394           0
Repeater1[0]<--->HoM1[0]
REAL
   0.461022  0.00286601  -0.0072634    0.364696
 0.00286601   0.0389785    0.029644 -0.00594414
 -0.0072634    0.029644    0.047043 -0.00852639
   0.364696 -0.00594414 -0.00852639    0.452957
IMAGINARY
          0  -0.0210672 -0.00644164 -0.00305397
  0.0210672           0  -0.0114846  -0.0051563
 0.00644164   0.0114846           0   0.0172013
 0.00305397   0.0051563  -0.0172013           0
EndNode1[0]<--->Repeater1[0]
REAL
   0.440636 -0.00326491  0.00225073    0.376462
-0.00326491   0.0599755   0.0196915  0.00159542
 0.00225073   0.0196915   0.0648715  0.00839312
   0.376462  0.00159542  0.00839312    0.434517
IMAGINARY
          0  0.00289802  0.00429465  -0.0102334
-0.00289802           0  0.00328014 -0.00950298
-0.00429465 -0.00328014           0  -0.0133147
  0.0102334  0.00950298   0.0133147           0
EndNode2[0]<--->HoM1[0]
REAL
  0.434159  0.0207054 -0.0116143    0.36367
 0.0207054   0.071708 0.00958714    0.02112
-0.0116143 0.00958714  0.0704042  0.0014746
   0.36367    0.02112  0.0014746   0.423729
IMAGINARY
           0   0.00119081     -0.01471 -0.000605964
 -0.00119081            0   0.00314404   0.00333119
     0.01471  -0.00314404            0    0.0115267
 0.000605964  -0.00333119   -0.0115267            0
Repeater1[0]<--->EndNode1[0]
REAL
   0.440636  0.00225073 -0.00326491    0.376462
 0.00225073   0.0648715   0.0196915  0.00839312
-0.00326491   0.0196915   0.0599755  0.00159542
   0.376462  0.00839312  0.00159542    0.434517
IMAGINARY
          0  0.00429465  0.00289802  -0.0102334
-0.00429465           0 -0.00328014  -0.0133147
-0.00289802  0.00328014           0 -0.00950298
  0.0102334   0.0133147  0.00950298           0
Repeater1[0]<--->HoM1[0]
REAL
  0.434159 -0.0116143  0.0207054    0.36367
-0.0116143  0.0704042 0.00958714  0.0014746
 0.0207054 0.00958714   0.071708    0.02112
   0.36367  0.0014746    0.02112   0.423729
IMAGINARY
           0     -0.01471   0.00119081 -0.000605964
     0.01471            0  -0.00314404    0.0115267
 -0.00119081   0.00314404            0   0.00333119
 0.000605964   -0.0115267  -0.00333119            0
EndNode1[0]<--->Repeater1[0]
REAL
   0.465322  -0.0188802 -0.00509889    0.357845
 -0.0188802   0.0630517   0.0276816  0.00904625
-0.00509889   0.0276816   0.0567465   0.0188802
   0.357845  0.00904625   0.0188802     0.41488
IMAGINARY
          0  -0.0251051  0.00419216   0.0127205
  0.0251051           0 -0.00732964 -0.00962694
-0.00419216  0.00732964           0   0.0101594
 -0.0127205  0.00962694  -0.0101594           0
EndNode2[0]<--->HoM1[0]
REAL
 0.430769 0.0106732 0.0148324  0.355284
0.0106732 0.0538462 0.0215371 0.0123199
0.0148324 0.0215371 0.0628205 0.0151546
 0.355284 0.0123199 0.0151546  0.452564
IMAGINARY
           0    0.0186188    0.0107595 -0.000262189
  -0.0186188            0    0.0166763  -0.00579676
  -0.0107595   -0.0166763            0   0.00371368
 0.000262189   0.00579676  -0.00371368            0
Repeater1[0]<--->EndNode1[0]
REAL
   0.465322 -0.00509889  -0.0188802    0.357845
-0.00509889   0.0567465   0.0276816   0.0188802
 -0.0188802   0.0276816   0.0630517  0.00904625
   0.357845   0.0188802  0.00904625     0.41488
IMAGINARY
          0  0.00419216  -0.0251051   0.0127205
-0.00419216           0  0.00732964   0.0101594
  0.0251051 -0.00732964           0 -0.00962694
 -0.0127205  -0.0101594  0.00962694           0
Repeater1[0]<--->HoM1[0]
REAL
 0.430769 0.0148324 0.0106732  0.355284
0.0148324 0.0628205 0.0215371 0.0151546
0.0106732 0.0215371 0.0538462 0.0123199
 0.355284 0.0151546 0.0123199  0.452564
IMAGINARY
           0    0.0107595    0.0186188 -0.000262189
  -0.0107595            0   -0.0166763   0.00371368
  -0.0186188    0.0166763            0  -0.00579676
 0.000262189  -0.00371368   0.00579676            0
EndNode1[0]<--->Repeater1[0]
REAL
  0.408377 -0.0291299 0.00120968   0.370403
-0.0291299  0.0602094  0.0108878 -0.0237903
0.00120968  0.0108878  0.0693717  0.0142912
  0.370403 -0.0237903  0.0142912   0.462042
IMAGINARY
         0 -0.0275953 -0.0164838  0.0207675
 0.0275953          0 -0.0175989  0.0145681
 0.0164838  0.0175989          0  0.0167396
-0.0207675 -0.0145681 -0.0167396          0
EndNode2[0]<--->HoM1[0]
REAL
  0.443299  0.0190144 0.00851422    0.35985
 0.0190144   0.068299  0.0172449 0.00405562
0.00851422  0.0172449  0.0476804 0.00472865
   0.35985 0.00405562 0.00472865   0.440722
IMAGINARY
          0  0.00927152 -0.00479373  -0.0141843
-0.00927152           0 -0.00871648 -0.00538266
 0.00479373  0.00871648           0   0.0171871
  0.0141843  0.00538266  -0.0171871           0
Repeater1[0]<--->EndNode1[0]
REAL
  0.408377 0.00120968 -0.0291299   0.370403
0.00120968  0.0693717  0.0108878  0.0142912
-0.0291299  0.0108878  0.0602094 -0.0237903
  0.370403  0.0142912 -0.0237903   0.462042
IMAGINARY
         0 -0.0164838 -0.0275953  0.0207675
 0.0164838          0  0.0175989  0.0167396
 0.0275953 -0.0175989          0  0.0145681
-0.0207675 -0.0167396 -0.0145681          0
Repeater1[0]<--->HoM1[0]
REAL
  0.443299 0.00851422  0.0190144    0.35985
0.00851422  0.0476804  0.0172449 0.00472865
 0.0190144  0.0172449   0.068299 0.00405562
   0.35985 0.00472865 0.00405562   0.440722
IMAGINARY
          0 -0.00479373  0.00927152  -0.0141843
 0.00479373           0  0.00871648   0.0171871
-0.00927152 -0.00871648           0 -0.00538266
  0.0141843  -0.0171871  0.00538266           0
EndNode1[0]<--->Repeater1[0]
REAL
   0.433204   -0.010196 -0.00907861    0.365629
  -0.010196   0.0570687   0.0260909  0.00462002
-0.00907861   0.0260909   0.0609598 -0.00827536
   0.365629  0.00462002 -0.00827536    0.448768
IMAGINARY
           0  0.000440422   0.00156791   -0.0174129
-0.000440422            0  -0.00497512    0.0170457
 -0.00156791   0.00497512            0   -0.0126355
   0.0174129   -0.0170457    0.0126355            0
EndNode2[0]<--->HoM1[0]
REAL
   0.487773  0.00477675 -0.00356652    0.375125
 0.00477675   0.0656371   0.0240343  0.00216596
-0.00356652   0.0240343    0.047619  -0.0117795
   0.375125  0.00216596  -0.0117795     0.39897
IMAGINARY
          0  0.00225307 -0.00416148 -0.00974355
-0.00225307           0  -0.0215448 -0.00289885
 0.00416148   0.0215448           0 -0.00802971
 0.00974355  0.00289885  0.00802971           0
Repeater1[0]<--->EndNode1[0]
REAL
   0.433204 -0.00907861   -0.010196    0.365629
-0.00907861   0.0609598   0.0260909 -0.00827536
  -0.010196   0.0260909   0.0570687  0.00462002
   0.365629 -0.00827536  0.00462002    0.448768
IMAGINARY
           0   0.00156791  0.000440422   -0.0174129
 -0.00156791            0   0.00497512   -0.0126355
-0.000440422  -0.00497512            0    0.0170457
   0.0174129    0.0126355   -0.0170457            0
Repeater1[0]<--->HoM1[0]
REAL
   0.487773 -0.00356652  0.00477675    0.375125
-0.00356652    0.047619   0.0240343  -0.0117795
 0.00477675   0.0240343   0.0656371  0.00216596
   0.375125  -0.0117795  0.00216596     0.39897
IMAGINARY
          0 -0.00416148  0.00225307 -0.00974355
 0.00416148           0   0.0215448 -0.00802971
-0.00225307  -0.0215448           0 -0.00289885
 0.00974355  0.00802971  0.00289885           0
EndNode1[0]<--->Repeater1[0]
REAL
  0.470277  0.0100366 -0.0133812   0.355742
 0.0100366  0.0449141  0.0170319   0.012109
-0.0133812  0.0170319  0.0501982 -0.0113088
  0.355742   0.012109 -0.0113088    0.43461
IMAGINARY
          0 -0.00845359 -0.00779059   0.0284933
 0.00845359           0   0.0057365  0.00107016
 0.00779059  -0.0057365           0   0.0178622
 -0.0284933 -0.00107016  -0.0178622           0
EndNode2[0]<--->HoM1[0]
REAL
   0.450402  0.00030639   0.0149293     0.37402
 0.00030639   0.0643432   0.0141712  -0.0199544
  0.0149293   0.0141712   0.0509383 0.000949891
    0.37402  -0.0199544 0.000949891    0.434316
IMAGINARY
          0  0.00754692   -0.022508   0.0130158
-0.00754692           0  0.00540162  0.00230594
   0.022508 -0.00540162           0   0.0189682
 -0.0130158 -0.00230594  -0.0189682           0
Repeater1[0]<--->EndNode1[0]
REAL
  0.470277 -0.0133812  0.0100366   0.355742
-0.0133812  0.0501982  0.0170319 -0.0113088
 0.0100366  0.0170319  0.0449141   0.012109
  0.355742 -0.0113088   0.012109    0.43461
IMAGINARY
          0 -0.00779059 -0.00845359   0.0284933
 0.00779059           0  -0.0057365   0.0178622
 0.00845359   0.0057365           0  0.00107016
 -0.0284933  -0.0178622 -0.00107016           0
Repeater1[0]<--->HoM1[0]
REAL
   0.450402   0.0149293  0.00030639     0.37402
  0.0149293   0.0509383   0.0141712 0.000949891
 0.00030639   0.0141712   0.0643432  -0.0199544
    0.37402 0.000949891  -0.0199544    0.434316
IMAGINARY
          0   -0.022508  0.00754692   0.0130158
   0.022508           0 -0.00540162   0.0189682
-0.00754692  0.00540162           0  0.00230594
 -0.0130158  -0.0189682 -0.00230594           0
EndNode1[0]<--->Repeater1[0]
REAL
   0.459667  0.00751297   0.0117884    0.376003
 0.00751297   0.0512164  0.00798228  0.00145247
  0.0117884  0.00798228    0.078105 -0.00436038
   0.376003  0.00145247 -0.00436038    0.411012
IMAGINARY
          0  0.00631787   0.0391959  0.00514731
-0.00631787           0   0.0111076  -0.0176223
 -0.0391959  -0.0111076           0  -0.0152011
-0.00514731   0.0176223   0.0152011           0
EndNode2[0]<--->HoM1[0]
REAL
   0.459975   0.0177162    0.015733    0.376557
  0.0177162   0.0635324   0.0223334  0.00337925
   0.015733   0.0223334   0.0546379 -0.00846835
   0.376557  0.00337925 -0.00846835    0.421855
IMAGINARY
          0 -0.00818183  6.3915e-05  0.00546231
 0.00818183           0 -0.00610581  0.00129848
-6.3915e-05  0.00610581           0 -0.00271735
-0.00546231 -0.00129848  0.00271735           0
Repeater1[0]<--->EndNode1[0]
REAL
   0.459667   0.0117884  0.00751297    0.376003
  0.0117884    0.078105  0.00798228 -0.00436038
 0.00751297  0.00798228   0.0512164  0.00145247
   0.376003 -0.00436038  0.00145247    0.411012
IMAGINARY
          0   0.0391959  0.00631787  0.00514731
 -0.0391959           0  -0.0111076  -0.0152011
-0.00631787   0.0111076           0  -0.0176223
-0.00514731   0.0152011   0.0176223           0
Repeater1[0]<--->HoM1[0]
REAL
   0.459975    0.015733   0.0177162    0.376557
   0.015733   0.0546379   0.0223334 -0.00846835
  0.0177162   0.0223334   0.0635324  0.00337925
   0.376557 -0.00846835  0.00337925    0.421855
IMAGINARY
          0  6.3915e-05 -0.00818183  0.00546231
-6.3915e-05           0  0.00610581 -0.00271735
 0.00818183 -0.00610581           0  0.00129848
-0.00546231  0.00271735 -0.00129848           0
EndNode1[0]<--->Repeater1[0]
REAL
  0.421125  0.0289936  0.0276057   0.370441
 0.0289936  0.0617284 0.00550876  0.0179639
 0.0276057 0.00550876  0.0603567 0.00138619
  0.370441  0.0179639 0.00138619    0.45679
IMAGINARY
          0  0.00825974 -0.00623277  0.00483934
-0.00825974           0    0.015621  -0.0104959
 0.00623277   -0.015621           0    0.017143
-0.00483934   0.0104959   -0.017143           0
EndNode2[0]<--->HoM1[0]
REAL
   0.442623  0.00896124   0.0161113    0.371091
 0.00896124   0.0630517  0.00967809  -0.0148293
  0.0161113  0.00967809   0.0630517 -0.00126894
   0.371091  -0.0148293 -0.00126894    0.431274
IMAGINARY
          0   0.0142574 -0.00886558  0.00192811
 -0.0142574           0   0.0154416 -0.00608007
 0.00886558  -0.0154416           0 -0.00474653
-0.00192811  0.00608007  0.00474653           0
Repeater1[0]<--->EndNode1[0]
REAL
  0.421125  0.0276057  0.0289936   0.370441
 0.0276057  0.0603567 0.00550876 0.00138619
 0.0289936 0.00550876  0.0617284  0.0179639
  0.370441 0.00138619  0.0179639    0.45679
IMAGINARY
          0 -0.00623277  0.00825974  0.00483934
 0.00623277           0   -0.015621    0.017143
-0.00825974    0.015621           0  -0.0104959
-0.00483934   -0.017143   0.0104959           0
Repeater1[0]<--->HoM1[0]
REAL
   0.442623   0.0161113  0.00896124    0.371091
  0.0161113   0.0630517  0.00967809 -0.00126894
 0.00896124  0.00967809   0.0630517  -0.0148293
   0.371091 -0.00126894  -0.0148293    0.431274
IMAGINARY
          0 -0.00886558   0.0142574  0.00192811
 0.00886558           0  -0.0154416 -0.00474653
 -0.0142574   0.0154416           0 -0.00608007
-0.00192811  0.00474653  0.00608007           0
EndNode1[0]<--->Repeater1[0]
REAL
   0.447682 0.000672654  0.00647372    0.352462
0.000672654   0.0701987  0.00611119 -0.00584794
 0.00647372  0.00611119   0.0476821 -0.00129844
   0.352462 -0.00584794 -0.00129844    0.434437
IMAGINARY
          0 -0.00796931 -0.00897526  0.00936613
 0.00796931           0  0.00308472 -0.00574945
 0.00897526 -0.00308472           0    0.022694
-0.00936613  0.00574945   -0.022694           0
EndNode2[0]<--->HoM1[0]
REAL
  0.449935  0.0193879 0.00743268   0.367009
 0.0193879  0.0663199 0.00896042 0.00936318
0.00743268 0.00896042  0.0689207 0.00257593
  0.367009 0.00936318 0.00257593   0.414824
IMAGINARY
          0   0.0136321  0.00466361    0.013036
 -0.0136321           0 -0.00394511  -0.0205065
-0.00466361  0.00394511           0  0.00221076
  -0.013036   0.0205065 -0.00221076           0
Repeater1[0]<--->EndNode1[0]
REAL
   0.447682  0.00647372 0.000672654    0.352462
 0.00647372   0.0476821  0.00611119 -0.00129844
0.000672654  0.00611119   0.0701987 -0.00584794
   0.352462 -0.00129844 -0.00584794    0.434437
IMAGINARY
          0 -0.00897526 -0.00796931  0.00936613
 0.00897526           0 -0.00308472    0.022694
 0.00796931  0.00308472           0 -0.00574945
-0.00936613   -0.022694  0.00574945           0
Repeater1[0]<--->HoM1[0]
REAL
  0.449935 0.00743268  0.0193879   0.367009
0.00743268  0.0689207 0.00896042 0.00257593
 0.0193879 0.00896042  0.0663199 0.00936318
  0.367009 0.00257593 0.00936318   0.414824
IMAGINARY
          0  0.00466361   0.0136321    0.013036
-0.00466361           0  0.00394511  0.00221076
 -0.0136321 -0.00394511           0  -0.0205065
  -0.013036 -0.00221076   0.0205065           0
EndNode1[0]<--->Repeater1[0]
REAL
   0.463612  0.00536566   0.0122611    0.366424
 0.00536566   0.0619946   0.0163602  -0.0238606
  0.0122611   0.0163602   0.0485175 -0.00719716
   0.366424  -0.0238606 -0.00719716    0.425876
IMAGINARY
          0 -0.00245551  0.00227508  0.00551737
 0.00245551           0  0.00227483 -0.00672235
-0.00227508 -0.00227483           0  0.00690278
-0.00551737  0.00672235 -0.00690278           0
EndNode2[0]<--->HoM1[0]
REAL
   0.461153  -0.0190022 0.000527405    0.365174
 -0.0190022   0.0488722    0.022113  -0.0247738
0.000527405    0.022113   0.0576441  -0.0183503
   0.365174  -0.0247738  -0.0183503    0.432331
IMAGINARY
          0  -0.0119506   0.0129426   0.0106835
  0.0119506           0 -0.00283006  0.00586412
 -0.0129426  0.00283006           0 -0.00815315
 -0.0106835 -0.00586412  0.00815315           0
Repeater1[0]<--->EndNode1[0]
REAL
   0.463612   0.0122611  0.00536566    0.366424
  0.0122611   0.0485175   0.0163602 -0.00719716
 0.00536566   0.0163602   0.0619946  -0.0238606
   0.366424 -0.00719716  -0.0238606    0.425876
IMAGINARY
          0  0.00227508 -0.00245551  0.00551737
-0.00227508           0 -0.00227483  0.00690278
 0.00245551  0.00227483           0 -0.00672235
-0.00551737 -0.00690278  0.00672235           0
Repeater1[0]<--->HoM1[0]
REAL
   0.461153 0.000527405  -0.0190022    0.365174
0.000527405   0.0576441    0.022113  -0.0183503
 -0.0190022    0.022113   0.0488722  -0.0247738
   0.365174  -0.0183503  -0.0247738    0.432331
IMAGINARY
          0   0.0129426  -0.0119506   0.0106835
 -0.0129426           0  0.00283006 -0.00815315
  0.0119506 -0.00283006           0  0.00586412
 -0.0106835  0.00815315 -0.00586412           0
EndNode1[0]<--->Repeater1[0]
REAL
   0.449931 -0.00160388  -0.0160037    0.381695
-0.00160388   0.0603567  0.00607304 -0.00732545
 -0.0160037  0.00607304   0.0603567 -0.00785388
   0.381695 -0.00732545 -0.00785388    0.429355
IMAGINARY
           0     -0.01717  -0.00498468   0.00417053
     0.01717            0    -0.010681    0.0174225
  0.00498468     0.010681            0 -0.000242926
 -0.00417053   -0.0174225  0.000242926            0
EndNode2[0]<--->HoM1[0]
REAL
   0.450122 -0.00617963 -0.00655688     0.35749
-0.00617963   0.0498783   0.0117193  -0.0179663
-0.00655688   0.0117193   0.0778589  -0.0183435
    0.35749  -0.0179663  -0.0183435    0.422141
IMAGINARY
          0 -0.00706048 -0.00805496 -0.00564461
 0.00706048           0  0.00181808   0.0117863
 0.00805496 -0.00181808           0  0.00332913
 0.00564461  -0.0117863 -0.00332913           0
Repeater1[0]<--->EndNode1[0]
REAL
   0.449931  -0.0160037 -0.00160388    0.381695
 -0.0160037   0.0603567  0.00607304 -0.00785388
-0.00160388  0.00607304   0.0603567 -0.00732545
   0.381695 -0.00785388 -0.00732545    0.429355
IMAGINARY
           0  -0.00498468     -0.01717   0.00417053
  0.00498468            0     0.010681 -0.000242926
     0.01717    -0.010681            0    0.0174225
 -0.00417053  0.000242926   -0.0174225            0
Repeater1[0]<--->HoM1[0]
REAL
   0.450122 -0.00655688 -0.00617963     0.35749
-0.00655688   0.0778589   0.0117193  -0.0183435
-0.00617963   0.0117193   0.0498783  -0.0179663
    0.35749  -0.0183435  -0.0179663    0.422141
IMAGINARY
          0 -0.00805496 -0.00706048 -0.00564461
 0.00805496           0 -0.00181808  0.00332913
 0.00706048  0.00181808           0   0.0117863
 0.00564461 -0.00332913  -0.0117863           0
EndNode1[0]<--->Repeater1[0]
REAL
     0.43303  -0.00118461   -0.0051511     0.359863
 -0.00118461    0.0637191    0.0094894 -0.000343407
  -0.0051511    0.0094894     0.053316   -0.0177409
    0.359863 -0.000343407   -0.0177409     0.449935
IMAGINARY
           0    0.0136814    0.0214306  0.000325945
  -0.0136814            0 -0.000325945  -0.00148046
  -0.0214306  0.000325945            0   -0.0111877
-0.000325945   0.00148046    0.0111877            0
EndNode2[0]<--->HoM1[0]
REAL
    0.44517  -0.0164784 -0.00344388    0.381128
 -0.0164784   0.0626632   0.0187432   0.0117879
-0.00344388   0.0187432   0.0652742  0.00941804
   0.381128   0.0117879  0.00941804    0.426893
IMAGINARY
          0  0.00324591  0.00380865  0.00783803
-0.00324591           0 -0.00662738  -0.0201913
-0.00380865  0.00662738           0   0.0223111
-0.00783803   0.0201913  -0.0223111           0
Repeater1[0]<--->EndNode1[0]
REAL
     0.43303   -0.0051511  -0.00118461     0.359863
  -0.0051511     0.053316    0.0094894   -0.0177409
 -0.00118461    0.0094894    0.0637191 -0.000343407
    0.359863   -0.0177409 -0.000343407     0.449935
IMAGINARY
           0    0.0214306    0.0136814  0.000325945
  -0.0214306            0  0.000325945   -0.0111877
  -0.0136814 -0.000325945            0  -0.00148046
-0.000325945    0.0111877   0.00148046            0
Repeater1[0]<--->HoM1[0]
REAL
    0.44517 -0.00344388  -0.0164784    0.381128
-0.00344388   0.0652742   0.0187432  0.00941804
 -0.0164784   0.0187432   0.0626632   0.0117879
   0.381128  0.00941804   0.0117879    0.426893
IMAGINARY
          0  0.00380865  0.00324591  0.00783803
-0.00380865           0  0.00662738   0.0223111
-0.00324591 -0.00662738           0  -0.0201913
-0.00783803  -0.0223111   0.0201913           0
EndNode1[0]<--->Repeater1[0]
REAL
   0.42577   0.011586  0.0128999    0.36715
  0.011586  0.0532213  0.0137465  0.0142227
 0.0128999  0.0137465  0.0630252 0.00964044
   0.36715  0.0142227 0.00964044   0.457983
IMAGINARY
          0 -0.00622543 -0.00440296  0.00269239
 0.00622543           0 -0.00528307  -0.0113038
 0.00440296  0.00528307           0  0.00622543
-0.00269239   0.0113038 -0.00622543           0
EndNode2[0]<--->HoM1[0]
REAL
   0.414286  -0.0105729 -0.00254977    0.381015
 -0.0105729   0.0662338   0.0163534  0.00781293
-0.00254977   0.0163534   0.0584416 -0.00784813
   0.381015  0.00781293 -0.00784813    0.461039
IMAGINARY
          0   0.0198823  0.00331641   0.0177653
 -0.0198823           0   0.0183943     0.01924
-0.00331641  -0.0183943           0  -0.0324136
 -0.0177653    -0.01924   0.0324136           0
Repeater1[0]<--->EndNode1[0]
REAL
   0.42577  0.0128999   0.011586    0.36715
 0.0128999  0.0630252  0.0137465 0.00964044
  0.011586  0.0137465  0.0532213  0.0142227
   0.36715 0.00964044  0.0142227   0.457983
IMAGINARY
          0 -0.00440296 -0.00622543  0.00269239
 0.00440296           0  0.00528307  0.00622543
 0.00622543 -0.00528307           0  -0.0113038
-0.00269239 -0.00622543   0.0113038           0
Repeater1[0]<--->HoM1[0]
REAL
   0.414286 -0.00254977  -0.0105729    0.381015
-0.00254977   0.0584416   0.0163534 -0.00784813
 -0.0105729   0.0163534   0.0662338  0.00781293
   0.381015 -0.00784813  0.00781293    0.461039
IMAGINARY
          0  0.00331641   0.0198823   0.0177653
-0.00331641           0  -0.0183943  -0.0324136
 -0.0198823   0.0183943           0     0.01924
 -0.0177653   0.0324136    -0.01924           0
EndNode1[0]<--->Repeater1[0]
REAL
    0.460847    0.0138997 -0.000895843     0.363075
   0.0138997    0.0603338    0.0160459    0.0146321
-0.000895843    0.0160459    0.0641849   0.00807827
    0.363075    0.0146321   0.00807827     0.414634
IMAGINARY
           0  -0.00397281   0.00410391 -0.000952057
  0.00397281            0   0.00352938   0.00664198
 -0.00410391  -0.00352938            0    0.0197756
 0.000952057  -0.00664198   -0.0197756            0
EndNode2[0]<--->HoM1[0]
REAL
   0.473342  0.00374921 -0.00565912    0.368711
 0.00374921   0.0585176  0.00479095 -0.00565912
-0.00565912  0.00479095   0.0377113  -0.0190621
   0.368711 -0.00565912  -0.0190621    0.430429
IMAGINARY
          0  0.00968789   0.0102511   0.0117503
-0.00968789           0  0.00527364   0.0016091
 -0.0102511 -0.00527364           0  -0.0103121
 -0.0117503  -0.0016091   0.0103121           0
Repeater1[0]<--->EndNode1[0]
REAL
    0.460847 -0.000895843    0.0138997     0.363075
-0.000895843    0.0641849    0.0160459   0.00807827
   0.0138997    0.0160459    0.0603338    0.0146321
    0.363075   0.00807827    0.0146321     0.414634
IMAGINARY
           0   0.00410391  -0.00397281 -0.000952057
 -0.00410391            0  -0.00352938    0.0197756
  0.00397281   0.00352938            0   0.00664198
 0.000952057   -0.0197756  -0.00664198            0
Repeater1[0]<--->HoM1[0]
REAL
   0.473342 -0.00565912  0.00374921    0.368711
-0.00565912   0.0377113  0.00479095  -0.0190621
 0.00374921  0.00479095   0.0585176 -0.00565912
   0.368711  -0.0190621 -0.00565912    0.430429
IMAGINARY
          0   0.0102511  0.00968789   0.0117503
 -0.0102511           0 -0.00527364  -0.0103121
-0.00968789  0.00527364           0   0.0016091
 -0.0117503   0.0103121  -0.0016091           0
EndNode1[0]<--->Repeater1[0]
REAL
  0.472973 0.00315784  0.0140855   0.374969
0.00315784   0.077027  0.0299691   0.004433
 0.0140855  0.0299691  0.0608108 0.00178043
  0.374969   0.004433 0.00178043   0.389189
IMAGINARY
           0       -0.005    0.0216807   0.00312343
       0.005            0  -0.00499143  0.000819314
  -0.0216807   0.00499143            0       0.0075
 -0.00312343 -0.000819314      -0.0075            0
EndNode2[0]<--->HoM1[0]
REAL
   0.426415  0.00909558   0.0292679    0.376498
 0.00909558   0.0540881   0.0130959 -0.00261814
  0.0292679   0.0130959   0.0666667   0.0162851
   0.376498 -0.00261814   0.0162851     0.45283
IMAGINARY
          0  -0.0109293  0.00121564  0.00355336
  0.0109293           0  0.00485544   0.0155369
-0.00121564 -0.00485544           0   0.0173726
-0.00355336  -0.0155369  -0.0173726           0
Repeater1[0]<--->EndNode1[0]
REAL
  0.472973  0.0140855 0.00315784   0.374969
 0.0140855  0.0608108  0.0299691 0.00178043
0.00315784  0.0299691   0.077027   0.004433
  0.374969 0.00178043   0.004433   0.389189
IMAGINARY
           0    0.0216807       -0.005   0.00312343
  -0.0216807            0   0.00499143       0.0075
       0.005  -0.00499143            0  0.000819314
 -0.00312343      -0.0075 -0.000819314            0
Repeater1[0]<--->HoM1[0]
REAL
   0.426415   0.0292679  0.00909558    0.376498
  0.0292679   0.0666667   0.0130959   0.0162851
 0.00909558   0.0130959   0.0540881 -0.00261814
   0.376498   0.0162851 -0.00261814     0.45283
IMAGINARY
          0  0.00121564  -0.0109293  0.00355336
-0.00121564           0 -0.00485544   0.0173726
  0.0109293  0.00485544           0   0.0155369
-0.00355336  -0.0173726  -0.0155369           0
EndNode1[0]<--->Repeater1[0]
REAL
   0.467497 -0.00440145 -0.00189334    0.370467
-0.00440145   0.0580913    0.024208  -0.0069824
-0.00189334    0.024208   0.0705394 -0.00565773
   0.370467  -0.0069824 -0.00565773    0.403873
IMAGINARY
          0  -0.0130952   0.0106376   0.0234746
  0.0130952           0 -0.00509687  -0.0126784
 -0.0106376  0.00509687           0  -0.0079932
 -0.0234746   0.0126784   0.0079932           0
EndNode2[0]<--->HoM1[0]
REAL
  0.437975   0.028494 0.00815366   0.359377
  0.028494  0.0481013  0.0344401   -0.01353
0.00815366  0.0344401  0.0632911 -0.0244617
  0.359377   -0.01353 -0.0244617   0.450633
IMAGINARY
           0   -0.0134535     0.019158  0.000160471
   0.0134535            0   -0.0132838   -0.0065635
   -0.019158    0.0132838            0    0.0273074
-0.000160471    0.0065635   -0.0273074            0
Repeater1[0]<--->EndNode1[0]
REAL
   0.467497 -0.00189334 -0.00440145    0.370467
-0.00189334   0.0705394    0.024208 -0.00565773
-0.00440145    0.024208   0.0580913  -0.0069824
   0.370467 -0.00565773  -0.0069824    0.403873
IMAGINARY
          0   0.0106376  -0.0130952   0.0234746
 -0.0106376           0  0.00509687  -0.0079932
  0.0130952 -0.00509687           0  -0.0126784
 -0.0234746   0.0079932   0.0126784           0
Repeater1[0]<--->HoM1[0]
REAL
  0.437975 0.00815366   0.028494   0.359377
0.00815366  0.0632911  0.0344401 -0.0244617
  0.028494  0.0344401  0.0481013   -0.01353
  0.359377 -0.0244617   -0.01353   0.450633
IMAGINARY
           0     0.019158   -0.0134535  0.000160471
   -0.019158            0    0.0132838    0.0273074
   0.0134535   -0.0132838            0   -0.0065635
-0.000160471   -0.0273074    0.0065635            0
EndNode1[0]<--->Repeater1[0]
REAL
 0.408083 0.0128416 0.0230061  0.352763
0.0128416 0.0743155 0.0291557 0.0145093
0.0230061 0.0291557 0.0638853 0.0148337
 0.352763 0.0145093 0.0148337  0.453716
IMAGINARY
           0   0.00114174  -0.00126166 -0.000220723
 -0.00114174            0   -0.0241535   0.00921922
  0.00126166    0.0241535            0   0.00548956
 0.000220723  -0.00921922  -0.00548956            0
EndNode2[0]<--->HoM1[0]
REAL
   0.390244 -0.00909246   -0.016522    0.368995
-0.00909246   0.0667522 -0.00111892  -0.0158615
  -0.016522 -0.00111892   0.0564827  -0.0284723
   0.368995  -0.0158615  -0.0284723    0.486521
IMAGINARY
          0  -0.0109392 -0.00113622 -0.00462149
  0.0109392           0 -0.00398778  -0.0209319
 0.00113622  0.00398778           0    0.019136
 0.00462149   0.0209319   -0.019136           0
Repeater1[0]<--->EndNode1[0]
REAL
 0.408083 0.0230061 0.0128416  0.352763
0.0230061 0.0638853 0.0291557 0.0148337
0.0128416 0.0291557 0.0743155 0.0145093
 0.352763 0.0148337 0.0145093  0.453716
IMAGINARY
           0  -0.00126166   0.00114174 -0.000220723
  0.00126166            0    0.0241535   0.00548956
 -0.00114174   -0.0241535            0   0.00921922
 0.000220723  -0.00548956  -0.00921922            0
Repeater1[0]<--->HoM1[0]
REAL
   0.390244   -0.016522 -0.00909246    0.368995
  -0.016522   0.0564827 -0.00111892  -0.0284723
-0.00909246 -0.00111892   0.0667522  -0.0158615
   0.368995  -0.0284723  -0.0158615    0.486521
IMAGINARY
          0 -0.00113622  -0.0109392 -0.00462149
 0.00113622           0  0.00398778    0.019136
  0.0109392 -0.00398778           0  -0.0209319
 0.00462149   -0.019136   0.0209319           0
EndNode1[0]<--->Repeater1[0]
REAL
     0.4533 -0.00100571 -0.00220945    0.371979
-0.00100571   0.0672478 -0.00393292  0.00544361
-0.00220945 -0.00393292   0.0622665  0.00682719
   0.371979  0.00544361  0.00682719    0.417186
IMAGINARY
          0 -0.00387642   -0.012923  -0.0258919
 0.00387642           0 -0.00822885   0.0263049
   0.012923  0.00822885           0  -0.0338365
  0.0258919  -0.0263049   0.0338365           0
EndNode2[0]<--->HoM1[0]
REAL
  0.462435  0.0166979 0.00454081   0.368101
 0.0166979  0.0621762  0.0161525  0.0068993
0.00454081  0.0161525  0.0634715 0.00820116
  0.368101  0.0068993 0.00820116   0.411917
IMAGINARY
           0   0.00639698  -0.00772645   -0.0158994
 -0.00639698            0  0.000514763  -0.00266316
  0.00772645 -0.000514763            0   -0.0219814
   0.0158994   0.00266316    0.0219814            0
Repeater1[0]<--->EndNode1[0]
REAL
     0.4533 -0.00220945 -0.00100571    0.371979
-0.00220945   0.0622665 -0.00393292  0.00682719
-0.00100571 -0.00393292   0.0672478  0.00544361
   0.371979  0.00682719  0.00544361    0.417186
IMAGINARY
          0   -0.012923 -0.00387642  -0.0258919
   0.012923           0  0.00822885  -0.0338365
 0.00387642 -0.00822885           0   0.0263049
  0.0258919   0.0338365  -0.0263049           0
Repeater1[0]<--->HoM1[0]
REAL
  0.462435 0.00454081  0.0166979   0.368101
0.00454081  0.0634715  0.0161525 0.00820116
 0.0166979  0.0161525  0.0621762  0.0068993
  0.368101 0.00820116  0.0068993   0.411917
IMAGINARY
           0  -0.00772645   0.00639698   -0.0158994
  0.00772645            0 -0.000514763   -0.0219814
 -0.00639698  0.000514763            0  -0.00266316
   0.0158994    0.0219814   0.00266316            0
EndNode1[0]<--->Repeater1[0]
REAL
   0.401752  0.00214586  0.00771316    0.354632
 0.00214586    0.057572   0.0286575 -0.00903942
 0.00771316   0.0286575   0.0713392 -0.00347212
   0.354632 -0.00903942 -0.00347212    0.469337
IMAGINARY
          0  0.00314685  0.00781224  0.00312912
-0.00314685           0  -0.0174894   0.0116683
-0.00781224   0.0174894           0  -0.0122378
-0.00312912  -0.0116683   0.0122378           0
EndNode2[0]<--->HoM1[0]
REAL
   0.442455 -0.00254885  0.00308158    0.357649
-0.00254885   0.0485934   0.0249312  -0.0114687
 0.00308158   0.0249312   0.0652174  -0.0148705
   0.357649  -0.0114687  -0.0148705    0.443734
IMAGINARY
          0  -0.0203103  0.00935147   0.0138357
  0.0203103           0  0.00212176 -0.00504643
-0.00935147 -0.00212176           0   -0.006135
 -0.0138357  0.00504643    0.006135           0
Repeater1[0]<--->EndNode1[0]
REAL
   0.401752  0.00771316  0.00214586    0.354632
 0.00771316   0.0713392   0.0286575 -0.00347212
 0.00214586   0.0286575    0.057572 -0.00903942
   0.354632 -0.00347212 -0.00903942    0.469337
IMAGINARY
          0  0.00781224  0.00314685  0.00312912
-0.00781224           0   0.0174894  -0.0122378
-0.00314685  -0.0174894           0   0.0116683
-0.00312912   0.0122378  -0.0116683           0
Repeater1[0]<--->HoM1[0]
REAL
   0.442455  0.00308158 -0.00254885    0.357649
 0.00308158   0.0652174   0.0249312  -0.0148705
-0.00254885   0.0249312   0.0485934  -0.0114687
   0.357649  -0.0148705  -0.0114687    0.443734
IMAGINARY
          0  0.00935147  -0.0203103   0.0138357
-0.00935147           0 -0.00212176   -0.006135
  0.0203103  0.00212176           0 -0.00504643
 -0.0138357    0.006135  0.00504643           0
EndNode1[0]<--->Repeater1[0]
REAL
    0.450128 -0.000229232   0.00287619     0.384822
-0.000229232    0.0767263    0.0124819   0.00161675
  0.00287619    0.0124819    0.0613811   0.00728957
    0.384822   0.00161675   0.00728957     0.411765
IMAGINARY
          0   0.0135871  -0.0266726  0.00831303
 -0.0135871           0  0.00564636 -0.00657209
  0.0266726 -0.00564636           0  0.00635974
-0.00831303  0.00657209 -0.00635974           0
EndNode2[0]<--->HoM1[0]
REAL
  0.418485 0.00641817  0.0133073   0.366083
0.00641817  0.0616175  0.0109016 0.00124296
 0.0133073  0.0109016  0.0744544  0.0200369
  0.366083 0.00124296  0.0200369   0.445443
IMAGINARY
          0 -0.00750532  0.00347136 -0.00616765
 0.00750532           0 -0.00209156 -0.00409558
-0.00347136  0.00209156           0 -0.00685173
 0.00616765  0.00409558  0.00685173           0
Repeater1[0]<--->EndNode1[0]
REAL
    0.450128   0.00287619 -0.000229232     0.384822
  0.00287619    0.0613811    0.0124819   0.00728957
-0.000229232    0.0124819    0.0767263   0.00161675
    0.384822   0.00728957   0.00161675     0.411765
IMAGINARY
          0  -0.0266726   0.0135871  0.00831303
  0.0266726           0 -0.00564636  0.00635974
 -0.0135871  0.00564636           0 -0.00657209
-0.00831303 -0.00635974  0.00657209           0
Repeater1[0]<--->HoM1[0]
REAL
  0.418485  0.0133073 0.00641817   0.366083
 0.0133073  0.0744544  0.0109016  0.0200369
0.00641817  0.0109016  0.0616175 0.00124296
  0.366083  0.0200369 0.00124296   0.445443
IMAGINARY
          0  0.00347136 -0.00750532 -0.00616765
-0.00347136           0  0.00209156 -0.00685173
 0.00750532 -0.00209156           0 -0.00409558
 0.00616765  0.00685173  0.00409558           0
EndNode1[0]<--->Repeater1[0]
REAL
    0.42246  -0.0238389 -0.00662052    0.360389
 -0.0238389   0.0695187    0.011978 -0.00267316
-0.00662052    0.011978   0.0614973   0.0108278
   0.360389 -0.00267316   0.0108278    0.446524
IMAGINARY
          0  0.00830612  -0.0114578  -0.0052094
-0.00830612           0  0.00783408  -0.0081021
  0.0114578 -0.00783408           0  0.00147383
  0.0052094   0.0081021 -0.00147383           0
EndNode2[0]<--->HoM1[0]
REAL
   0.445443  -0.0145839  0.00301076    0.377089
 -0.0145839   0.0654685  -0.0105083 -0.00689677
 0.00301076  -0.0105083    0.055199 -0.00873215
   0.377089 -0.00689677 -0.00873215     0.43389
IMAGINARY
           0    -0.018419    0.0269342 -0.000864645
    0.018419            0   0.00397797   0.00536556
  -0.0269342  -0.00397797            0   -0.0177567
 0.000864645  -0.00536556    0.0177567            0
Repeater1[0]<--->EndNode1[0]
REAL
    0.42246 -0.00662052  -0.0238389    0.360389
-0.00662052   0.0614973    0.011978   0.0108278
 -0.0238389    0.011978   0.0695187 -0.00267316
   0.360389   0.0108278 -0.00267316    0.446524
IMAGINARY
          0  -0.0114578  0.00830612  -0.0052094
  0.0114578           0 -0.00783408  0.00147383
-0.00830612  0.00783408           0  -0.0081021
  0.0052094 -0.00147383   0.0081021           0
Repeater1[0]<--->HoM1[0]
REAL
   0.445443  0.00301076  -0.0145839    0.377089
 0.00301076    0.055199  -0.0105083 -0.00873215
 -0.0145839  -0.0105083   0.0654685 -0.00689677
   0.377089 -0.00873215 -0.00689677     0.43389
IMAGINARY
           0    0.0269342    -0.018419 -0.000864645
  -0.0269342            0  -0.00397797   -0.0177567
    0.018419   0.00397797            0   0.00536556
 0.000864645    0.0177567  -0.00536556            0
EndNode1[0]<--->Repeater1[0]
REAL
   0.464239   0.0374387  0.00451362    0.371829
  0.0374387   0.0559168    0.021212  0.00708432
 0.00451362    0.021212   0.0572172 -0.00908818
   0.371829  0.00708432 -0.00908818    0.422627
IMAGINARY
          0  -0.0143182 -0.00294703   -0.011532
  0.0143182           0  0.00031008   0.0239347
 0.00294703 -0.00031008           0  0.00197252
   0.011532  -0.0239347 -0.00197252           0
EndNode2[0]<--->HoM1[0]
REAL
    0.473548  -0.00156199   0.00698861     0.373313
 -0.00156199    0.0645161    0.0252927 -1.77601e-05
  0.00698861    0.0252927    0.0541935   0.00346313
    0.373313 -1.77601e-05   0.00346313     0.407742
IMAGINARY
           0   -0.0115171   0.00474615 -0.000687014
   0.0115171            0   0.00776552   0.00994095
 -0.00474615  -0.00776552            0   0.00832421
 0.000687014  -0.00994095  -0.00832421            0
Repeater1[0]<--->EndNode1[0]
REAL
   0.464239  0.00451362   0.0374387    0.371829
 0.00451362   0.0572172    0.021212 -0.00908818
  0.0374387    0.021212   0.0559168  0.00708432
   0.371829 -0.00908818  0.00708432    0.422627
IMAGINARY
          0 -0.00294703  -0.0143182   -0.011532
 0.00294703           0 -0.00031008  0.00197252
  0.0143182  0.00031008           0   0.0239347
   0.011532 -0.00197252  -0.0239347           0
Repeater1[0]<--->HoM1[0]
REAL
    0.473548   0.00698861  -0.00156199     0.373313
  0.00698861    0.0541935    0.0252927   0.00346313
 -0.00156199    0.0252927    0.0645161 -1.77601e-05
    0.373313   0.00346313 -1.77601e-05     0.407742
IMAGINARY
           0   0.00474615   -0.0115171 -0.000687014
 -0.00474615            0  -0.00776552   0.00832421
   0.0115171   0.00776552            0   0.00994095
 0.000687014  -0.00832421  -0.00994095            0
EndNode1[0]<--->Repeater1[0]
REAL
    0.438903 -0.000706949     0.017244     0.371262
-0.000706949    0.0573566   0.00628888    0.0108172
    0.017244   0.00628888    0.0673317    0.0313192
    0.371262    0.0108172    0.0313192     0.436409
IMAGINARY
          0  0.00145377   0.0091195   0.0134918
-0.00145377           0  0.00962579  -0.0091195
 -0.0091195 -0.00962579           0 -0.00546447
 -0.0134918   0.0091195  0.00546447           0
EndNode2[0]<--->HoM1[0]
REAL
   0.440104  -0.0107858 -0.00689882    0.371654
 -0.0107858   0.0585937   0.0192791 -0.00689882
-0.00689882   0.0192791   0.0690104 -0.00432587
   0.371654 -0.00689882 -0.00432587    0.432292
IMAGINARY
           0  -0.00120116   -0.0208626     0.010152
  0.00120116            0  0.000226476   -0.0195739
   0.0208626 -0.000226476            0    0.0377865
