EndNode1[0]<--->Repeater1[0]
REAL
    0.398524 -0.000851808      0.02142     0.345197
-0.000851808     0.113161    0.0835531     -0.02392
     0.02142    0.0835531     0.105781  -0.00289819
    0.345197     -0.02392  -0.00289819     0.382534
IMAGINARY
           0  -0.00440756    0.0132985  0.000320558
  0.00440756            0   0.00563971   -0.0160382
  -0.0132985  -0.00563971            0  -0.00381162
-0.000320558    0.0160382   0.00381162            0
EndNode2[0]<--->HoM1[0]
REAL
   0.379032 -0.00185653  0.00296338      0.3554
-0.00185653     0.11828   0.0851817   0.0141036
 0.00296338   0.0851817    0.135753   0.0277731
     0.3554   0.0141036   0.0277731    0.366935
IMAGINARY
          0  0.00867585  -0.0170351 -0.00541967
-0.00867585           0  -0.0174298  -0.0182666
  0.0170351   0.0174298           0  0.00737037
 0.00541967   0.0182666 -0.00737037           0
Repeater1[0]<--->EndNode1[0]
REAL
    0.398524      0.02142 -0.000851808     0.345197
     0.02142     0.105781    0.0835531  -0.00289819
-0.000851808    0.0835531     0.113161     -0.02392
    0.345197  -0.00289819     -0.02392     0.382534
IMAGINARY
           0    0.0132985  -0.00440756  0.000320558
  -0.0132985            0  -0.00563971  -0.00381162
  0.00440756   0.00563971            0   -0.0160382
-0.000320558   0.00381162    0.0160382            0
Repeater1[0]<--->HoM1[0]
REAL
   0.379032  0.00296338 -0.00185653      0.3554
 0.00296338    0.135753   0.0851817   0.0277731
-0.00185653   0.0851817     0.11828   0.0141036
     0.3554   0.0277731   0.0141036    0.366935
IMAGINARY
          0  -0.0170351  0.00867585 -0.00541967
  0.0170351           0   0.0174298  0.00737037
-0.00867585  -0.0174298           0  -0.0182666
 0.00541967 -0.00737037   0.0182666           0
EndNode1[0]<--->Repeater1[0]
REAL
   0.394279  -0.0161816 -0.00773994    0.352941
 -0.0161816    0.128109   0.0735294  -0.0143189
-0.00773994   0.0735294   0.0870647  -0.0083282
   0.352941  -0.0143189  -0.0083282    0.390547
IMAGINARY
          0  0.00851546   -0.017209  0.00284211
-0.00851546           0   0.0022084   -0.022898
   0.017209  -0.0022084           0   0.0302546
-0.00284211    0.022898  -0.0302546           0
EndNode2[0]<--->HoM1[0]
REAL
  0.391515 0.00897368 0.00673898   0.345803
0.00897368   0.115152  0.0758915  0.0259953
0.00673898  0.0758915   0.116364 0.00707254
  0.345803  0.0259953 0.00707254    0.37697
IMAGINARY
         0 -0.0021555 -0.0251557 -0.0307915
 0.0021555          0 -0.0167965  0.0118814
 0.0251557  0.0167965          0  0.0078445
 0.0307915 -0.0118814 -0.0078445          0
Repeater1[0]<--->EndNode1[0]
REAL
   0.394279 -0.00773994  -0.0161816    0.352941
-0.00773994   0.0870647   0.0735294  -0.0083282
 -0.0161816   0.0735294    0.128109  -0.0143189
   0.352941  -0.0083282  -0.0143189    0.390547
IMAGINARY
          0   -0.017209  0.00851546  0.00284211
   0.017209           0  -0.0022084   0.0302546
-0.00851546   0.0022084           0   -0.022898
-0.00284211  -0.0302546    0.022898           0
Repeater1[0]<--->HoM1[0]
REAL
  0.391515 0.00673898 0.00897368   0.345803
0.00673898   0.116364  0.0758915 0.00707254
0.00897368  0.0758915   0.115152  0.0259953
  0.345803 0.00707254  0.0259953    0.37697
IMAGINARY
         0 -0.0251557 -0.0021555 -0.0307915
 0.0251557          0  0.0167965  0.0078445
 0.0021555 -0.0167965          0  0.0118814
 0.0307915 -0.0078445 -0.0118814          0
EndNode1[0]<--->Repeater1[0]
REAL
  0.376934  0.0280238  0.0171698   0.336279
 0.0280238   0.122363  0.0915696 0.00434924
 0.0171698  0.0915696   0.113924 0.00488757
  0.336279 0.00434924 0.00488757   0.386779
IMAGINARY
          0  -0.0140587  -0.0300217  -0.0159278
  0.0140587           0  -0.0246127 -0.00833806
  0.0300217   0.0246127           0   0.0140587
  0.0159278  0.00833806  -0.0140587           0
EndNode2[0]<--->HoM1[0]
REAL
   0.373526  -0.0229375 -0.00750972    0.355686
 -0.0229375    0.121887   0.0787832  0.00423318
-0.00750972   0.0787832    0.114024   0.0222822
   0.355686  0.00423318   0.0222822    0.390564
IMAGINARY
          0 -0.00300082  -0.0251139  0.00984208
 0.00300082           0 -0.00339878 -0.00769452
  0.0251139  0.00339878           0 -0.00618553
-0.00984208  0.00769452  0.00618553           0
Repeater1[0]<--->EndNode1[0]
REAL
  0.376934  0.0171698  0.0280238   0.336279
 0.0171698   0.113924  0.0915696 0.00488757
 0.0280238  0.0915696   0.122363 0.00434924
  0.336279 0.00488757 0.00434924   0.386779
IMAGINARY
          0  -0.0300217  -0.0140587  -0.0159278
  0.0300217           0   0.0246127   0.0140587
  0.0140587  -0.0246127           0 -0.00833806
  0.0159278  -0.0140587  0.00833806           0
Repeater1[0]<--->HoM1[0]
REAL
   0.373526 -0.00750972  -0.0229375    0.355686
-0.00750972    0.114024   0.0787832   0.0222822
 -0.0229375   0.0787832    0.121887  0.00423318
   0.355686   0.0222822  0.00423318    0.390564
IMAGINARY
          0  -0.0251139 -0.00300082  0.00984208
  0.0251139           0  0.00339878 -0.00618553
 0.00300082 -0.00339878           0 -0.00769452
-0.00984208  0.00618553  0.00769452           0
EndNode1[0]<--->Repeater1[0]
REAL
   0.402329 -0.00863135   0.0207244    0.334763
-0.00863135    0.116429   0.0748183  0.00154281
  0.0207244   0.0748183    0.121604  0.00525753
   0.334763  0.00154281  0.00525753    0.359638
IMAGINARY
          0 -0.00734342  0.00478456  -0.0128137
 0.00734342           0   -0.027927 -0.00409869
-0.00478456    0.027927           0   0.0135163
  0.0128137  0.00409869  -0.0135163           0
EndNode2[0]<--->HoM1[0]
REAL
   0.369412   0.0076612 -0.00257327    0.359034
  0.0076612    0.107059   0.0600926 -0.00191967
-0.00257327   0.0600926    0.115294 -0.00830304
   0.359034 -0.00191967 -0.00830304    0.408235
IMAGINARY
           0  -0.00488317   0.00235876   0.00489262
  0.00488317            0 -0.000913836  -0.00368151
 -0.00235876  0.000913836            0  -0.00173059
 -0.00489262   0.00368151   0.00173059            0
Repeater1[0]<--->EndNode1[0]
REAL
   0.402329   0.0207244 -0.00863135    0.334763
  0.0207244    0.121604   0.0748183  0.00525753
-0.00863135   0.0748183    0.116429  0.00154281
   0.334763  0.00525753  0.00154281    0.359638
IMAGINARY
          0  0.00478456 -0.00734342  -0.0128137
-0.00478456           0    0.027927   0.0135163
 0.00734342   -0.027927           0 -0.00409869
  0.0128137  -0.0135163  0.00409869           0
Repeater1[0]<--->HoM1[0]
REAL
   0.369412 -0.00257327   0.0076612    0.359034
-0.00257327    0.115294   0.0600926 -0.00830304
  0.0076612   0.0600926    0.107059 -0.00191967
   0.359034 -0.00830304 -0.00191967    0.408235
IMAGINARY
           0   0.00235876  -0.00488317   0.00489262
 -0.00235876            0  0.000913836  -0.00173059
  0.00488317 -0.000913836            0  -0.00368151
 -0.00489262   0.00173059   0.00368151            0
EndNode1[0]<--->Repeater1[0]
REAL
   0.402548  -0.0128482  -0.0134186    0.364951
 -0.0128482    0.118471    0.073548 -0.00564658
 -0.0134186    0.073548    0.118471 -0.00621695
   0.364951 -0.00564658 -0.00621695     0.36051
IMAGINARY
          0   0.0205126  -0.0175382 -0.00499272
 -0.0205126           0  0.00755682  -0.0109069
  0.0175382 -0.00755682           0  0.00413977
 0.00499272   0.0109069 -0.00413977           0
EndNode2[0]<--->HoM1[0]
REAL
  0.346887  0.0125268 0.00697156   0.345792
 0.0125268   0.139771  0.0789528 0.00961008
0.00697156  0.0789528   0.101652 -0.0074248
  0.345792 0.00961008 -0.0074248    0.41169
IMAGINARY
          0  0.00806953  -0.0104563 -0.00100894
-0.00806953           0  0.00725027   0.0104563
  0.0104563 -0.00725027           0 -0.00547886
 0.00100894  -0.0104563  0.00547886           0
Repeater1[0]<--->EndNode1[0]
REAL
   0.402548  -0.0134186  -0.0128482    0.364951
 -0.0134186    0.118471    0.073548 -0.00621695
 -0.0128482    0.073548    0.118471 -0.00564658
   0.364951 -0.00621695 -0.00564658     0.36051
IMAGINARY
          0  -0.0175382   0.0205126 -0.00499272
  0.0175382           0 -0.00755682  0.00413977
 -0.0205126  0.00755682           0  -0.0109069
 0.00499272 -0.00413977   0.0109069           0
Repeater1[0]<--->HoM1[0]
REAL
  0.346887 0.00697156  0.0125268   0.345792
0.00697156   0.101652  0.0789528 -0.0074248
 0.0125268  0.0789528   0.139771 0.00961008
  0.345792 -0.0074248 0.00961008    0.41169
IMAGINARY
          0  -0.0104563  0.00806953 -0.00100894
  0.0104563           0 -0.00725027 -0.00547886
-0.00806953  0.00725027           0   0.0104563
 0.00100894  0.00547886  -0.0104563           0
EndNode1[0]<--->Repeater1[0]
REAL
    0.39213 -0.00458168  -0.0180595    0.356018
-0.00458168    0.132972   0.0657555 -0.00736427
 -0.0180595   0.0657555    0.108548  -0.0234496
   0.356018 -0.00736427  -0.0234496     0.36635
IMAGINARY
          0 -0.00598985  -0.0103847  0.00342844
 0.00598985           0 -0.00472714  0.00476677
  0.0103847  0.00472714           0   0.0141047
-0.00342844 -0.00476677  -0.0141047           0
EndNode2[0]<--->HoM1[0]
REAL
    0.363871 -0.000941039  -0.00501678     0.360372
-0.000941039     0.104516    0.0700076  -0.00764145
 -0.00501678    0.0700076      0.11871   -0.0180463
    0.360372  -0.00764145   -0.0180463     0.412903
IMAGINARY
          0   0.0247396 -0.00432531 -0.00695057
 -0.0247396           0   0.0132006  -0.0139039
 0.00432531  -0.0132006           0 -0.00260417
 0.00695057   0.0139039  0.00260417           0
Repeater1[0]<--->EndNode1[0]
REAL
    0.39213  -0.0180595 -0.00458168    0.356018
 -0.0180595    0.108548   0.0657555  -0.0234496
-0.00458168   0.0657555    0.132972 -0.00736427
   0.356018  -0.0234496 -0.00736427     0.36635
IMAGINARY
          0  -0.0103847 -0.00598985  0.00342844
  0.0103847           0  0.00472714   0.0141047
 0.00598985 -0.00472714           0  0.00476677
-0.00342844  -0.0141047 -0.00476677           0
Repeater1[0]<--->HoM1[0]
REAL
    0.363871  -0.00501678 -0.000941039     0.360372
 -0.00501678      0.11871    0.0700076   -0.0180463
-0.000941039    0.0700076     0.104516  -0.00764145
    0.360372   -0.0180463  -0.00764145     0.412903
IMAGINARY
          0 -0.00432531   0.0247396 -0.00695057
 0.00432531           0  -0.0132006 -0.00260417
 -0.0247396   0.0132006           0  -0.0139039
 0.00695057  0.00260417   0.0139039           0
EndNode1[0]<--->Repeater1[0]
REAL
   0.397698  0.00223582 0.000316005    0.353743
 0.00223582    0.113811    0.073553 0.000959505
0.000316005    0.073553   0.0997442 0.000315203
   0.353743 0.000959505 0.000315203    0.388747
IMAGINARY
          0 -0.00143642  0.00796173 -0.00977777
 0.00143642           0    0.008499  -0.0045696
-0.00796173   -0.008499           0   0.0143265
 0.00977777   0.0045696  -0.0143265           0
EndNode2[0]<--->HoM1[0]
REAL
   0.394133   0.0255129   0.0166933    0.364762
  0.0255129    0.116071   0.0604959  0.00134798
  0.0166933   0.0604959   0.0854592 0.000260335
   0.364762  0.00134798 0.000260335    0.404337
IMAGINARY
          0  0.00768044   0.0196122  -0.0257638
-0.00768044           0  -0.0138141 -0.00141899
 -0.0196122   0.0138141           0 -0.00579838
  0.0257638  0.00141899  0.00579838           0
Repeater1[0]<--->EndNode1[0]
REAL
   0.397698 0.000316005  0.00223582    0.353743
0.000316005   0.0997442    0.073553 0.000315203
 0.00223582    0.073553    0.113811 0.000959505
   0.353743 0.000315203 0.000959505    0.388747
IMAGINARY
          0  0.00796173 -0.00143642 -0.00977777
-0.00796173           0   -0.008499   0.0143265
 0.00143642    0.008499           0  -0.0045696
 0.00977777  -0.0143265   0.0045696           0
Repeater1[0]<--->HoM1[0]
REAL
   0.394133   0.0166933   0.0255129    0.364762
  0.0166933   0.0854592   0.0604959 0.000260335
  0.0255129   0.0604959    0.116071  0.00134798
   0.364762 0.000260335  0.00134798    0.404337
IMAGINARY
          0   0.0196122  0.00768044  -0.0257638
 -0.0196122           0   0.0138141 -0.00579838
-0.00768044  -0.0138141           0 -0.00141899
  0.0257638  0.00579838  0.00141899           0
EndNode1[0]<--->Repeater1[0]
REAL
   0.379845  0.00864288   0.0192834    0.338465
 0.00864288    0.121447   0.0646405 -0.00251319
  0.0192834   0.0646405    0.109819  -0.0142329
   0.338465 -0.00251319  -0.0142329    0.388889
IMAGINARY
          0   0.0114149 -0.00458874  -0.0112219
 -0.0114149           0  -0.0112219  -0.0278128
 0.00458874   0.0112219           0   0.0311518
  0.0112219   0.0278128  -0.0311518           0
EndNode2[0]<--->HoM1[0]
REAL
   0.375162  -0.0131888 -0.00935897    0.355556
 -0.0131888    0.137128   0.0777778   -0.010641
-0.00935897   0.0777778     0.10608 -0.00681122
   0.355556   -0.010641 -0.00681122     0.38163
IMAGINARY
          0   0.0116858  -0.0356849   0.0115067
 -0.0116858           0 -0.00886122  0.00852436
  0.0356849  0.00886122           0 -0.00427842
 -0.0115067 -0.00852436  0.00427842           0
Repeater1[0]<--->EndNode1[0]
REAL
   0.379845   0.0192834  0.00864288    0.338465
  0.0192834    0.109819   0.0646405  -0.0142329
 0.00864288   0.0646405    0.121447 -0.00251319
   0.338465  -0.0142329 -0.00251319    0.388889
IMAGINARY
          0 -0.00458874   0.0114149  -0.0112219
 0.00458874           0   0.0112219   0.0311518
 -0.0114149  -0.0112219           0  -0.0278128
  0.0112219  -0.0311518   0.0278128           0
Repeater1[0]<--->HoM1[0]
REAL
   0.375162 -0.00935897  -0.0131888    0.355556
-0.00935897     0.10608   0.0777778 -0.00681122
 -0.0131888   0.0777778    0.137128   -0.010641
   0.355556 -0.00681122   -0.010641     0.38163
IMAGINARY
          0  -0.0356849   0.0116858   0.0115067
  0.0356849           0  0.00886122 -0.00427842
 -0.0116858 -0.00886122           0  0.00852436
 -0.0115067  0.00427842 -0.00852436           0
EndNode1[0]<--->Repeater1[0]
REAL
   0.405333 -0.00558389 -0.00452837    0.353653
-0.00558389       0.116   0.0634521  0.00715995
-0.00452837   0.0634521   0.0986667  0.00689968
   0.353653  0.00715995  0.00689968        0.38
IMAGINARY
          0 -0.00563768   0.0107796 -0.00104691
 0.00563768           0   0.0123351 -0.00072935
 -0.0107796  -0.0123351           0 -0.00315629
 0.00104691  0.00072935  0.00315629           0
EndNode2[0]<--->HoM1[0]
REAL
   0.380495  -0.0120353 -0.00854434    0.341352
 -0.0120353   0.0934066   0.0738802  0.00125958
-0.00854434   0.0738802    0.104396 -0.00584549
   0.341352  0.00125958 -0.00584549    0.421703
IMAGINARY
          0  0.00958168   0.0124326  -0.0213573
-0.00958168           0 -0.00966897  -0.0105266
 -0.0124326  0.00966897           0  0.00248948
  0.0213573   0.0105266 -0.00248948           0
Repeater1[0]<--->EndNode1[0]
REAL
   0.405333 -0.00452837 -0.00558389    0.353653
-0.00452837   0.0986667   0.0634521  0.00689968
-0.00558389   0.0634521       0.116  0.00715995
   0.353653  0.00689968  0.00715995        0.38
IMAGINARY
          0   0.0107796 -0.00563768 -0.00104691
 -0.0107796           0  -0.0123351 -0.00315629
 0.00563768   0.0123351           0 -0.00072935
 0.00104691  0.00315629  0.00072935           0
Repeater1[0]<--->HoM1[0]
REAL
   0.380495 -0.00854434  -0.0120353    0.341352
-0.00854434    0.104396   0.0738802 -0.00584549
 -0.0120353   0.0738802   0.0934066  0.00125958
   0.341352 -0.00584549  0.00125958    0.421703
IMAGINARY
          0   0.0124326  0.00958168  -0.0213573
 -0.0124326           0  0.00966897  0.00248948
-0.00958168 -0.00966897           0  -0.0105266
  0.0213573 -0.00248948   0.0105266           0
EndNode1[0]<--->Repeater1[0]
REAL
  0.410872  0.0159371 -0.0131387   0.351354
 0.0159371    0.11378  0.0767422 0.00315202
-0.0131387  0.0767422   0.120101 -0.0152714
  0.351354 0.00315202 -0.0152714   0.355247
IMAGINARY
           0   0.00129534 -0.000647668  -0.00558634
 -0.00129534            0   0.00887149   0.00712435
 0.000647668  -0.00887149            0   0.00777202
  0.00558634  -0.00712435  -0.00777202            0
EndNode2[0]<--->HoM1[0]
REAL
    0.402102   -0.0268315 -0.000806234     0.343334
  -0.0268315    0.0959264    0.0756173    -0.030779
-0.000806234    0.0756173     0.116951   0.00478142
    0.343334    -0.030779   0.00478142      0.38502
IMAGINARY
          0  -0.0191525  0.00715015  -0.0227558
  0.0191525           0   0.0142812   0.0243459
-0.00715015  -0.0142812           0  0.00471683
  0.0227558  -0.0243459 -0.00471683           0
Repeater1[0]<--->EndNode1[0]
REAL
  0.410872 -0.0131387  0.0159371   0.351354
-0.0131387   0.120101  0.0767422 -0.0152714
 0.0159371  0.0767422    0.11378 0.00315202
  0.351354 -0.0152714 0.00315202   0.355247
IMAGINARY
           0 -0.000647668   0.00129534  -0.00558634
 0.000647668            0  -0.00887149   0.00777202
 -0.00129534   0.00887149            0   0.00712435
  0.00558634  -0.00777202  -0.00712435            0
Repeater1[0]<--->HoM1[0]
REAL
    0.402102 -0.000806234   -0.0268315     0.343334
-0.000806234     0.116951    0.0756173   0.00478142
  -0.0268315    0.0756173    0.0959264    -0.030779
    0.343334   0.00478142    -0.030779      0.38502
IMAGINARY
          0  0.00715015  -0.0191525  -0.0227558
-0.00715015           0  -0.0142812  0.00471683
  0.0191525   0.0142812           0   0.0243459
  0.0227558 -0.00471683  -0.0243459           0
EndNode1[0]<--->Repeater1[0]
REAL
  0.373464  0.0096454 0.00514266   0.365555
 0.0096454   0.104423  0.0526603   0.011586
0.00514266  0.0526603   0.111794  0.0021266
  0.365555   0.011586  0.0021266   0.410319
IMAGINARY
           0   -0.0188205 -0.000984265    0.0127338
   0.0188205            0    0.0113861    0.0180513
 0.000984265   -0.0113861            0  -0.00836027
  -0.0127338   -0.0180513   0.00836027            0
EndNode2[0]<--->HoM1[0]
REAL
   0.410622  -0.0094133   0.0231105    0.346857
 -0.0094133    0.117876     0.07994 -0.00154186
  0.0231105     0.07994    0.102332   0.0231388
   0.346857 -0.00154186   0.0231388    0.369171
IMAGINARY
          0  0.00537125  0.00659595 -0.00434395
-0.00537125           0  0.00561621  -0.0153679
-0.00659595 -0.00561621           0 -0.00913065
 0.00434395   0.0153679  0.00913065           0
Repeater1[0]<--->EndNode1[0]
REAL
  0.373464 0.00514266  0.0096454   0.365555
0.00514266   0.111794  0.0526603  0.0021266
 0.0096454  0.0526603   0.104423   0.011586
  0.365555  0.0021266   0.011586   0.410319
IMAGINARY
           0 -0.000984265   -0.0188205    0.0127338
 0.000984265            0   -0.0113861  -0.00836027
   0.0188205    0.0113861            0    0.0180513
  -0.0127338   0.00836027   -0.0180513            0
Repeater1[0]<--->HoM1[0]
REAL
   0.410622   0.0231105  -0.0094133    0.346857
  0.0231105    0.102332     0.07994   0.0231388
 -0.0094133     0.07994    0.117876 -0.00154186
   0.346857   0.0231388 -0.00154186    0.369171
IMAGINARY
          0  0.00659595  0.00537125 -0.00434395
-0.00659595           0 -0.00561621 -0.00913065
-0.00537125  0.00561621           0  -0.0153679
 0.00434395  0.00913065   0.0153679           0
EndNode1[0]<--->Repeater1[0]
REAL
  0.364691 -0.0192848  0.0140394   0.358475
-0.0192848   0.128866  0.0602747 -0.0190394
 0.0140394  0.0602747   0.127577  0.0105348
  0.358475 -0.0190394  0.0105348   0.378866
IMAGINARY
           0 -0.000178746   -0.0324685   -0.0185922
 0.000178746            0   -0.0401174  -0.00352117
   0.0324685    0.0401174            0    0.0168883
   0.0185922   0.00352117   -0.0168883            0
EndNode2[0]<--->HoM1[0]
REAL
   0.400541 -0.00507075  -0.0100044    0.326381
-0.00507075    0.101488    0.093217  -0.0126086
 -0.0100044    0.093217   0.0987821 -0.00749206
   0.326381  -0.0126086 -0.00749206    0.399188
IMAGINARY
           0   -0.0102122    0.0035429   -0.0133155
   0.0102122            0     0.015256  0.000904373
  -0.0035429    -0.015256            0   0.00830627
   0.0133155 -0.000904373  -0.00830627            0
Repeater1[0]<--->EndNode1[0]
REAL
  0.364691  0.0140394 -0.0192848   0.358475
 0.0140394   0.127577  0.0602747  0.0105348
-0.0192848  0.0602747   0.128866 -0.0190394
  0.358475  0.0105348 -0.0190394   0.378866
IMAGINARY
           0   -0.0324685 -0.000178746   -0.0185922
   0.0324685            0    0.0401174    0.0168883
 0.000178746   -0.0401174            0  -0.00352117
   0.0185922   -0.0168883   0.00352117            0
Repeater1[0]<--->HoM1[0]
REAL
   0.400541  -0.0100044 -0.00507075    0.326381
 -0.0100044   0.0987821    0.093217 -0.00749206
-0.00507075    0.093217    0.101488  -0.0126086
   0.326381 -0.00749206  -0.0126086    0.399188
IMAGINARY
           0    0.0035429   -0.0102122   -0.0133155
  -0.0035429            0    -0.015256   0.00830627
   0.0102122     0.015256            0  0.000904373
   0.0133155  -0.00830627 -0.000904373            0
EndNode1[0]<--->Repeater1[0]
REAL
   0.385482 -0.00802847   0.0065867    0.347644
-0.00802847     0.12015   0.0716443  0.00777718
  0.0065867   0.0716443    0.106383  0.00187252
   0.347644  0.00777718  0.00187252    0.387985
IMAGINARY
          0   -0.010746   0.0202233 -0.00470607
   0.010746           0  0.00406586  0.00510999
 -0.0202233 -0.00406586           0  -0.0305873
 0.00470607 -0.00510999   0.0305873           0
EndNode2[0]<--->HoM1[0]
REAL
   0.406977 0.000123463 -0.00415845    0.361363
0.000123463    0.105943   0.0768466 -0.00277724
-0.00415845   0.0768466    0.102067  -0.0158864
   0.361363 -0.00277724  -0.0158864    0.385013
IMAGINARY
           0    0.0107833   0.00216777  0.000634503
  -0.0107833            0  -0.00252605   -0.0105549
 -0.00216777   0.00252605            0   0.00147478
-0.000634503    0.0105549  -0.00147478            0
Repeater1[0]<--->EndNode1[0]
REAL
   0.385482   0.0065867 -0.00802847    0.347644
  0.0065867    0.106383   0.0716443  0.00187252
-0.00802847   0.0716443     0.12015  0.00777718
   0.347644  0.00187252  0.00777718    0.387985
IMAGINARY
          0   0.0202233   -0.010746 -0.00470607
 -0.0202233           0 -0.00406586  -0.0305873
   0.010746  0.00406586           0  0.00510999
 0.00470607   0.0305873 -0.00510999           0
Repeater1[0]<--->HoM1[0]
REAL
   0.406977 -0.00415845 0.000123463    0.361363
-0.00415845    0.102067   0.0768466  -0.0158864
0.000123463   0.0768466    0.105943 -0.00277724
   0.361363  -0.0158864 -0.00277724    0.385013
IMAGINARY
           0   0.00216777    0.0107833  0.000634503
 -0.00216777            0   0.00252605   0.00147478
  -0.0107833  -0.00252605            0   -0.0105549
-0.000634503  -0.00147478    0.0105549            0
EndNode1[0]<--->Repeater1[0]
REAL
  0.424125 0.00790742 -0.0191474   0.333563
0.00790742   0.111543  0.0828994 0.00563391
-0.0191474  0.0828994   0.114137 -0.0140499
  0.333563 0.00563391 -0.0140499   0.350195
IMAGINARY
          0  -0.0185449 -0.00475471 -0.00151247
  0.0185449           0  0.00343802  -0.0124867
 0.00475471 -0.00343802           0  0.00660852
 0.00151247   0.0124867 -0.00660852           0
EndNode2[0]<--->HoM1[0]
REAL
   0.370904 -0.00091473   0.0020022    0.340811
-0.00091473     0.12844   0.0823629  -0.0108183
  0.0020022   0.0823629    0.111402  -0.0167175
   0.340811  -0.0108183  -0.0167175    0.389253
IMAGINARY
          0  -0.0012484   0.0122358  -0.0128202
  0.0012484           0 -0.00564943 -0.00535217
 -0.0122358  0.00564943           0 -0.00188051
  0.0128202  0.00535217  0.00188051           0
Repeater1[0]<--->EndNode1[0]
REAL
  0.424125 -0.0191474 0.00790742   0.333563
-0.0191474   0.114137  0.0828994 -0.0140499
0.00790742  0.0828994   0.111543 0.00563391
  0.333563 -0.0140499 0.00563391   0.350195
IMAGINARY
          0 -0.00475471  -0.0185449 -0.00151247
 0.00475471           0 -0.00343802  0.00660852
  0.0185449  0.00343802           0  -0.0124867
 0.00151247 -0.00660852   0.0124867           0
Repeater1[0]<--->HoM1[0]
REAL
   0.370904   0.0020022 -0.00091473    0.340811
  0.0020022    0.111402   0.0823629  -0.0167175
-0.00091473   0.0823629     0.12844  -0.0108183
   0.340811  -0.0167175  -0.0108183    0.389253
IMAGINARY
          0   0.0122358  -0.0012484  -0.0128202
 -0.0122358           0  0.00564943 -0.00188051
  0.0012484 -0.00564943           0 -0.00535217
  0.0128202  0.00188051  0.00535217           0
EndNode1[0]<--->Repeater1[0]
REAL
    0.378378    0.0110771   0.00786056     0.350867
   0.0110771     0.114251      0.07808   0.00266576
  0.00786056      0.07808      0.12285 -0.000550796
    0.350867   0.00266576 -0.000550796     0.384521
IMAGINARY
          0  0.00200723  -0.0183849  -0.0387628
-0.00200723           0   0.0183024  0.00319338
  0.0183849  -0.0183024           0   0.0158263
  0.0387628 -0.00319338  -0.0158263           0
EndNode2[0]<--->HoM1[0]
REAL
   0.390213 -0.00355166 -0.00435341    0.340055
-0.00355166   0.0953576   0.0725276 -0.00822938
-0.00435341   0.0725276    0.104141 -0.00903112
   0.340055 -0.00822938 -0.00903112    0.410289
IMAGINARY
          0  -0.0110332  0.00982668  -0.0244396
  0.0110332           0 -0.00990105   0.0104685
-0.00982668  0.00990105           0   -0.008032
  0.0244396  -0.0104685    0.008032           0
Repeater1[0]<--->EndNode1[0]
REAL
    0.378378   0.00786056    0.0110771     0.350867
  0.00786056      0.12285      0.07808 -0.000550796
   0.0110771      0.07808     0.114251   0.00266576
    0.350867 -0.000550796   0.00266576     0.384521
IMAGINARY
          0  -0.0183849  0.00200723  -0.0387628
  0.0183849           0  -0.0183024   0.0158263
-0.00200723   0.0183024           0  0.00319338
  0.0387628  -0.0158263 -0.00319338           0
Repeater1[0]<--->HoM1[0]
REAL
   0.390213 -0.00435341 -0.00355166    0.340055
-0.00435341    0.104141   0.0725276 -0.00903112
-0.00355166   0.0725276   0.0953576 -0.00822938
   0.340055 -0.00903112 -0.00822938    0.410289
IMAGINARY
          0  0.00982668  -0.0110332  -0.0244396
-0.00982668           0  0.00990105   -0.008032
  0.0110332 -0.00990105           0   0.0104685
  0.0244396    0.008032  -0.0104685           0
EndNode1[0]<--->Repeater1[0]
REAL
  0.401022  0.0238831  0.0038569   0.351724
 0.0238831    0.12516  0.0566528  0.0157766
 0.0038569  0.0566528   0.108557 0.00622166
  0.351724  0.0157766 0.00622166   0.365262
IMAGINARY
          0   0.0197905  0.00949235  0.00831164
 -0.0197905           0 -0.00897389 -0.00106174
-0.00949235  0.00897389           0  0.00290734
-0.00831164  0.00106174 -0.00290734           0
EndNode2[0]<--->HoM1[0]
REAL
   0.374026   0.0220414 -0.00085091    0.338811
  0.0220414    0.107792   0.0737981   0.0202017
-0.00085091   0.0737981    0.115584  0.00480003
   0.338811   0.0202017  0.00480003    0.402597
IMAGINARY
          0   0.0192648 -0.00328368   0.0153676
 -0.0192648           0  0.00868307  -0.0136876
 0.00328368 -0.00868307           0  0.00553934
 -0.0153676   0.0136876 -0.00553934           0
Repeater1[0]<--->EndNode1[0]
REAL
  0.401022  0.0038569  0.0238831   0.351724
 0.0038569   0.108557  0.0566528 0.00622166
 0.0238831  0.0566528    0.12516  0.0157766
  0.351724 0.00622166  0.0157766   0.365262
IMAGINARY
          0  0.00949235   0.0197905  0.00831164
-0.00949235           0  0.00897389  0.00290734
 -0.0197905 -0.00897389           0 -0.00106174
-0.00831164 -0.00290734  0.00106174           0
Repeater1[0]<--->HoM1[0]
REAL
   0.374026 -0.00085091   0.0220414    0.338811
-0.00085091    0.115584   0.0737981  0.00480003
  0.0220414   0.0737981    0.107792   0.0202017
   0.338811  0.00480003   0.0202017    0.402597
IMAGINARY
          0 -0.00328368   0.0192648   0.0153676
 0.00328368           0 -0.00868307  0.00553934
 -0.0192648  0.00868307           0  -0.0136876
 -0.0153676 -0.00553934   0.0136876           0
EndNode1[0]<--->Repeater1[0]
REAL
   0.391134 -0.00183051  0.00133266     0.36824
-0.00183051     0.11734   0.0548368 -0.00261471
 0.00133266   0.0548368    0.113429   0.0108049
    0.36824 -0.00261471   0.0108049    0.378096
IMAGINARY
          0  -0.0142888 -0.00663035 -0.00241885
  0.0142888           0   0.0031162  0.00860144
 0.00663035  -0.0031162           0   0.0175739
 0.00241885 -0.00860144  -0.0175739           0
EndNode2[0]<--->HoM1[0]
REAL
   0.423358 -0.00948581  -0.0064315       0.356
-0.00948581   0.0924574   0.0601376   0.0286678
 -0.0064315   0.0601376    0.113139   0.0291809
      0.356   0.0286678   0.0291809    0.371046
IMAGINARY
          0  -0.0157848   0.0185335  0.00838278
  0.0157848           0  -0.0046607   0.0014665
 -0.0185335   0.0046607           0   -0.012491
-0.00838278  -0.0014665    0.012491           0
Repeater1[0]<--->EndNode1[0]
REAL
   0.391134  0.00133266 -0.00183051     0.36824
 0.00133266    0.113429   0.0548368   0.0108049
-0.00183051   0.0548368     0.11734 -0.00261471
    0.36824   0.0108049 -0.00261471    0.378096
IMAGINARY
          0 -0.00663035  -0.0142888 -0.00241885
 0.00663035           0  -0.0031162   0.0175739
  0.0142888   0.0031162           0  0.00860144
 0.00241885  -0.0175739 -0.00860144           0
Repeater1[0]<--->HoM1[0]
REAL
   0.423358  -0.0064315 -0.00948581       0.356
 -0.0064315    0.113139   0.0601376   0.0291809
-0.00948581   0.0601376   0.0924574   0.0286678
      0.356   0.0291809   0.0286678    0.371046
IMAGINARY
          0   0.0185335  -0.0157848  0.00838278
 -0.0185335           0   0.0046607   -0.012491
  0.0157848  -0.0046607           0   0.0014665
-0.00838278    0.012491  -0.0014665           0
EndNode1[0]<--->Repeater1[0]
REAL
   0.375469 -0.00419355  -0.0126947    0.358965
-0.00419355    0.113892   0.0881317  0.00559795
 -0.0126947   0.0881317    0.115144 -0.00419355
   0.358965  0.00559795 -0.00419355    0.395494
IMAGINARY
          0  0.00326482 -0.00862532 -0.00624547
-0.00326482           0 -0.00495348 -0.00730606
 0.00862532  0.00495348           0  -0.0179707
 0.00624547  0.00730606   0.0179707           0
EndNode2[0]<--->HoM1[0]
REAL
  0.423226 0.00177108 0.00334125   0.347056
0.00177108   0.116129  0.0708059 0.00904467
0.00334125  0.0708059   0.105806  0.0145262
  0.347056 0.00904467  0.0145262   0.354839
IMAGINARY
          0  -0.0105174   0.0232595  -0.0103871
  0.0105174           0  0.00193456  0.00174051
 -0.0232595 -0.00193456           0 -0.00323262
  0.0103871 -0.00174051  0.00323262           0
Repeater1[0]<--->EndNode1[0]
REAL
   0.375469  -0.0126947 -0.00419355    0.358965
 -0.0126947    0.115144   0.0881317 -0.00419355
-0.00419355   0.0881317    0.113892  0.00559795
   0.358965 -0.00419355  0.00559795    0.395494
IMAGINARY
          0 -0.00862532  0.00326482 -0.00624547
 0.00862532           0  0.00495348  -0.0179707
-0.00326482 -0.00495348           0 -0.00730606
 0.00624547   0.0179707  0.00730606           0
Repeater1[0]<--->HoM1[0]
REAL
  0.423226 0.00334125 0.00177108   0.347056
0.00334125   0.105806  0.0708059  0.0145262
0.00177108  0.0708059   0.116129 0.00904467
  0.347056  0.0145262 0.00904467   0.354839
IMAGINARY
          0   0.0232595  -0.0105174  -0.0103871
 -0.0232595           0 -0.00193456 -0.00323262
  0.0105174  0.00193456           0  0.00174051
  0.0103871  0.00323262 -0.00174051           0
EndNode1[0]<--->Repeater1[0]
REAL
   0.390777  -0.0271736 -0.00909091    0.352452
 -0.0271736    0.129854   0.0748206 -0.00909091
-0.00909091   0.0748206   0.0970874  0.00119962
   0.352452 -0.00909091  0.00119962    0.382282
IMAGINARY
          0   0.0147244  0.00177782   0.0156074
 -0.0147244           0 -0.00572596 -0.00967256
-0.00177782  0.00572596           0  -0.0134086
 -0.0156074  0.00967256   0.0134086           0
EndNode2[0]<--->HoM1[0]
REAL
    0.40445  -0.0148798 -0.00477454     0.35133
 -0.0148798     0.11911   0.0734146 -0.00670505
-0.00477454   0.0734146    0.104712  0.00977775
    0.35133 -0.00670505  0.00977775    0.371728
IMAGINARY
          0  -0.0183137  0.00682382  0.00643617
  0.0183137           0 -0.00284765  0.00682382
-0.00682382  0.00284765           0   0.0034254
-0.00643617 -0.00682382  -0.0034254           0
Repeater1[0]<--->EndNode1[0]
REAL
   0.390777 -0.00909091  -0.0271736    0.352452
-0.00909091   0.0970874   0.0748206  0.00119962
 -0.0271736   0.0748206    0.129854 -0.00909091
   0.352452  0.00119962 -0.00909091    0.382282
IMAGINARY
          0  0.00177782   0.0147244   0.0156074
-0.00177782           0  0.00572596  -0.0134086
 -0.0147244 -0.00572596           0 -0.00967256
 -0.0156074   0.0134086  0.00967256           0
Repeater1[0]<--->HoM1[0]
REAL
    0.40445 -0.00477454  -0.0148798     0.35133
-0.00477454    0.104712   0.0734146  0.00977775
 -0.0148798   0.0734146     0.11911 -0.00670505
    0.35133  0.00977775 -0.00670505    0.371728
IMAGINARY
          0  0.00682382  -0.0183137  0.00643617
-0.00682382           0  0.00284765   0.0034254
  0.0183137 -0.00284765           0  0.00682382
-0.00643617  -0.0034254 -0.00682382           0
EndNode1[0]<--->Repeater1[0]
REAL
   0.406135 -0.00588588   0.0138963    0.327979
-0.00588588    0.127607    0.066689  -0.0171473
  0.0138963    0.066689   0.0944785 -0.00386704
   0.327979  -0.0171473 -0.00386704    0.371779
IMAGINARY
          0 -0.00899416  -0.0255265  0.00569217
 0.00899416           0 -0.00631795 -0.00350577
  0.0255265  0.00631795           0  0.00576835
-0.00569217  0.00350577 -0.00576835           0
EndNode2[0]<--->HoM1[0]
REAL
   0.414073  0.00608108   0.0108585    0.344866
 0.00608108   0.0987821   0.0810136  0.00296058
  0.0108585   0.0810136    0.116373 -0.00608108
   0.344866  0.00296058 -0.00608108    0.370771
IMAGINARY
          0 -0.00760594   0.0197889  0.00326371
 0.00760594           0  0.00326371   0.0197889
 -0.0197889 -0.00326371           0  -0.0280141
-0.00326371  -0.0197889   0.0280141           0
Repeater1[0]<--->EndNode1[0]
REAL
   0.406135   0.0138963 -0.00588588    0.327979
  0.0138963   0.0944785    0.066689 -0.00386704
-0.00588588    0.066689    0.127607  -0.0171473
   0.327979 -0.00386704  -0.0171473    0.371779
IMAGINARY
          0  -0.0255265 -0.00899416  0.00569217
  0.0255265           0  0.00631795  0.00576835
 0.00899416 -0.00631795           0 -0.00350577
-0.00569217 -0.00576835  0.00350577           0
Repeater1[0]<--->HoM1[0]
REAL
   0.414073   0.0108585  0.00608108    0.344866
  0.0108585    0.116373   0.0810136 -0.00608108
 0.00608108   0.0810136   0.0987821  0.00296058
   0.344866 -0.00608108  0.00296058    0.370771
IMAGINARY
          0   0.0197889 -0.00760594  0.00326371
 -0.0197889           0 -0.00326371  -0.0280141
 0.00760594  0.00326371           0   0.0197889
-0.00326371   0.0280141  -0.0197889           0
EndNode1[0]<--->Repeater1[0]
REAL
   0.360049 -0.00531682  0.00320963    0.344228
-0.00531682    0.130703   0.0809684  -0.0058343
 0.00320963   0.0809684     0.11344  -0.0117436
   0.344228  -0.0058343  -0.0117436    0.395808
IMAGINARY
          0 -0.00937653  0.00881775  -0.0103908
 0.00937653           0   0.0018043    0.015115
-0.00881775  -0.0018043           0  -0.0132625
  0.0103908   -0.015115   0.0132625           0
EndNode2[0]<--->HoM1[0]
REAL
    0.387942    0.0046591 -0.000889436     0.349661
   0.0046591     0.121887    0.0887627   0.00704707
-0.000889436    0.0887627     0.138925   0.00149854
    0.349661   0.00704707   0.00149854     0.351245
IMAGINARY
          0   0.0110901  -0.0115929   -0.037003
 -0.0110901           0  0.00252023  0.00564843
  0.0115929 -0.00252023           0  0.00410149
   0.037003 -0.00564843 -0.00410149           0
Repeater1[0]<--->EndNode1[0]
REAL
   0.360049  0.00320963 -0.00531682    0.344228
 0.00320963     0.11344   0.0809684  -0.0117436
-0.00531682   0.0809684    0.130703  -0.0058343
   0.344228  -0.0117436  -0.0058343    0.395808
IMAGINARY
          0  0.00881775 -0.00937653  -0.0103908
-0.00881775           0  -0.0018043  -0.0132625
 0.00937653   0.0018043           0    0.015115
  0.0103908   0.0132625   -0.015115           0
Repeater1[0]<--->HoM1[0]
REAL
    0.387942 -0.000889436    0.0046591     0.349661
-0.000889436     0.138925    0.0887627   0.00149854
   0.0046591    0.0887627     0.121887   0.00704707
    0.349661   0.00149854   0.00704707     0.351245
IMAGINARY
          0  -0.0115929   0.0110901   -0.037003
  0.0115929           0 -0.00252023  0.00410149
 -0.0110901  0.00252023           0  0.00564843
   0.037003 -0.00410149 -0.00564843           0
EndNode1[0]<--->Repeater1[0]
REAL
   0.382429  0.00310898  -0.0154267    0.339486
 0.00310898    0.107235   0.0907173 0.000198287
 -0.0154267   0.0907173    0.118863 -0.00691608
   0.339486 0.000198287 -0.00691608    0.391473
IMAGINARY
          0   0.0165988  -0.0128568  0.00228564
 -0.0165988           0   0.0119631  -0.0203945
  0.0128568  -0.0119631           0   0.0018741
-0.00228564   0.0203945  -0.0018741           0
EndNode2[0]<--->HoM1[0]
REAL
    0.408616   -0.0162598   0.00683166     0.359043
  -0.0162598     0.113577    0.0702763   -0.0212296
  0.00683166    0.0702763     0.117493 -0.000755915
    0.359043   -0.0212296 -0.000755915     0.360313
IMAGINARY
          0 -0.00127623  0.00454823   0.0279146
 0.00127623           0  -0.0212657  0.00583028
-0.00454823   0.0212657           0  -0.0103233
 -0.0279146 -0.00583028   0.0103233           0
Repeater1[0]<--->EndNode1[0]
REAL
   0.382429  -0.0154267  0.00310898    0.339486
 -0.0154267    0.118863   0.0907173 -0.00691608
 0.00310898   0.0907173    0.107235 0.000198287
   0.339486 -0.00691608 0.000198287    0.391473
IMAGINARY
          0  -0.0128568   0.0165988  0.00228564
  0.0128568           0  -0.0119631   0.0018741
 -0.0165988   0.0119631           0  -0.0203945
-0.00228564  -0.0018741   0.0203945           0
Repeater1[0]<--->HoM1[0]
REAL
    0.408616   0.00683166   -0.0162598     0.359043
  0.00683166     0.117493    0.0702763 -0.000755915
  -0.0162598    0.0702763     0.113577   -0.0212296
    0.359043 -0.000755915   -0.0212296     0.360313
IMAGINARY
          0  0.00454823 -0.00127623   0.0279146
-0.00454823           0   0.0212657  -0.0103233
 0.00127623  -0.0212657           0  0.00583028
 -0.0279146   0.0103233 -0.00583028           0
EndNode1[0]<--->Repeater1[0]
REAL
   0.431242  -0.0182258  -0.0296949    0.341605
 -0.0182258   0.0894526   0.0885029 -0.00256314
 -0.0296949   0.0885029    0.116155 -0.00596774
   0.341605 -0.00256314 -0.00596774    0.363151
IMAGINARY
          0 -0.00668514 -0.00582591 -0.00373625
 0.00668514           0 -0.00251375  -0.0115438
 0.00582591  0.00251375           0 -0.00199973
 0.00373625   0.0115438  0.00199973           0
EndNode2[0]<--->HoM1[0]
REAL
    0.35817 -0.00116523  0.00899168    0.352581
-0.00116523   0.0993464   0.0757212 -0.00584703
 0.00899168   0.0757212    0.133333   0.0156306
   0.352581 -0.00584703   0.0156306     0.40915
IMAGINARY
           0   0.00192942 -0.000807448   -0.0152005
 -0.00192942            0   -0.0152005   0.00493968
 0.000807448    0.0152005            0  -0.00881647
   0.0152005  -0.00493968   0.00881647            0
Repeater1[0]<--->EndNode1[0]
REAL
   0.431242  -0.0296949  -0.0182258    0.341605
 -0.0296949    0.116155   0.0885029 -0.00596774
 -0.0182258   0.0885029   0.0894526 -0.00256314
   0.341605 -0.00596774 -0.00256314    0.363151
IMAGINARY
          0 -0.00582591 -0.00668514 -0.00373625
 0.00582591           0  0.00251375 -0.00199973
 0.00668514 -0.00251375           0  -0.0115438
 0.00373625  0.00199973   0.0115438           0
Repeater1[0]<--->HoM1[0]
REAL
    0.35817  0.00899168 -0.00116523    0.352581
 0.00899168    0.133333   0.0757212   0.0156306
-0.00116523   0.0757212   0.0993464 -0.00584703
   0.352581   0.0156306 -0.00584703     0.40915
IMAGINARY
           0 -0.000807448   0.00192942   -0.0152005
 0.000807448            0    0.0152005  -0.00881647
 -0.00192942   -0.0152005            0   0.00493968
   0.0152005   0.00881647  -0.00493968            0
EndNode1[0]<--->Repeater1[0]
REAL
  0.394366  0.0227527  0.0149186   0.332669
 0.0227527   0.120359  0.0813935  0.0202377
 0.0149186  0.0813935   0.144686 0.00979936
  0.332669  0.0202377 0.00979936   0.340589
IMAGINARY
          0   0.0106136   -0.018797  -0.0109823
 -0.0106136           0 -0.00221034  0.00093985
   0.018797  0.00221034           0 -0.00933806
  0.0109823 -0.00093985  0.00933806           0
EndNode2[0]<--->HoM1[0]
REAL
   0.407878  -0.0309493 -0.00391853    0.353608
 -0.0309493    0.108005   0.0805314  -0.0269955
-0.00391853   0.0805314   0.0825921  -0.0228141
   0.353608  -0.0269955  -0.0228141    0.401525
IMAGINARY
          0   0.0136627  -0.0264348   0.0142062
