EndNode1[0]<--->Repeater1[0]
REAL
   0.427848 -0.00922195  -0.0213843     0.39637
-0.00922195   0.0607595   0.0153575 -0.00951099
 -0.0213843   0.0153575   0.0506329 -0.00654098
    0.39637 -0.00951099 -0.00654098    0.460759
IMAGINARY
           0  0.000672001   -0.0283682   0.00225588
-0.000672001            0    0.0180587   -0.0184672
   0.0283682   -0.0180587            0    0.0157837
 -0.00225588    0.0184672   -0.0157837            0
EndNode2[0]<--->HoM1[0]
REAL
   0.444444  -0.0208213   0.0120312    0.405771
 -0.0208213   0.0555556 -0.00869395  -0.0113959
  0.0120312 -0.00869395   0.0492424  0.00493824
   0.405771  -0.0113959  0.00493824    0.450758
IMAGINARY
          0  0.00691824 -0.00931286   0.0098457
-0.00691824           0 -0.00123643  0.00994179
 0.00931286  0.00123643           0  0.00503145
 -0.0098457 -0.00994179 -0.00503145           0
Repeater1[0]<--->EndNode1[0]
REAL
   0.427848  -0.0213843 -0.00922195     0.39637
 -0.0213843   0.0506329   0.0153575 -0.00654098
-0.00922195   0.0153575   0.0607595 -0.00951099
    0.39637 -0.00654098 -0.00951099    0.460759
IMAGINARY
           0   -0.0283682  0.000672001   0.00225588
   0.0283682            0   -0.0180587    0.0157837
-0.000672001    0.0180587            0   -0.0184672
 -0.00225588   -0.0157837    0.0184672            0
Repeater1[0]<--->HoM1[0]
REAL
   0.444444   0.0120312  -0.0208213    0.405771
  0.0120312   0.0492424 -0.00869395  0.00493824
 -0.0208213 -0.00869395   0.0555556  -0.0113959
   0.405771  0.00493824  -0.0113959    0.450758
IMAGINARY
          0 -0.00931286  0.00691824   0.0098457
 0.00931286           0  0.00123643  0.00503145
-0.00691824 -0.00123643           0  0.00994179
 -0.0098457 -0.00503145 -0.00994179           0
EndNode1[0]<--->Repeater1[0]
REAL
    0.438272  -0.00709724   0.00161143     0.393072
 -0.00709724     0.054321   0.00284405 -0.000952671
  0.00161143   0.00284405    0.0666667   0.00907352
    0.393072 -0.000952671   0.00907352     0.440741
IMAGINARY
          0 -0.00836501   0.0251086  0.00436558
 0.00836501           0   0.0142911  0.00768925
 -0.0251086  -0.0142911           0   -0.011046
-0.00436558 -0.00768925    0.011046           0
EndNode2[0]<--->HoM1[0]
REAL
   0.480795 -0.00636816   -0.020329     0.40372
-0.00636816   0.0569536   0.0211287  -0.0142165
  -0.020329   0.0211287   0.0490066  -0.0233288
    0.40372  -0.0142165  -0.0233288    0.413245
IMAGINARY
           0   -0.0188251  -0.00260046    0.0157661
   0.0188251            0    0.0111426  0.000576164
  0.00260046   -0.0111426            0   0.00870368
  -0.0157661 -0.000576164  -0.00870368            0
Repeater1[0]<--->EndNode1[0]
REAL
    0.438272   0.00161143  -0.00709724     0.393072
  0.00161143    0.0666667   0.00284405   0.00907352
 -0.00709724   0.00284405     0.054321 -0.000952671
    0.393072   0.00907352 -0.000952671     0.440741
IMAGINARY
          0   0.0251086 -0.00836501  0.00436558
 -0.0251086           0  -0.0142911   -0.011046
 0.00836501   0.0142911           0  0.00768925
-0.00436558    0.011046 -0.00768925           0
Repeater1[0]<--->HoM1[0]
REAL
   0.480795   -0.020329 -0.00636816     0.40372
  -0.020329   0.0490066   0.0211287  -0.0233288
-0.00636816   0.0211287   0.0569536  -0.0142165
    0.40372  -0.0233288  -0.0142165    0.413245
IMAGINARY
           0  -0.00260046   -0.0188251    0.0157661
  0.00260046            0   -0.0111426   0.00870368
   0.0188251    0.0111426            0  0.000576164
  -0.0157661  -0.00870368 -0.000576164            0
EndNode1[0]<--->Repeater1[0]
REAL
  0.485958  0.0255137 0.00584638   0.391055
 0.0255137   0.031746 0.00733408 0.00840393
0.00584638 0.00733408  0.0549451 0.00360649
  0.391055 0.00840393 0.00360649    0.42735
IMAGINARY
           0    -0.013845    0.0185258   -0.0118935
    0.013845            0  0.000575293  -0.00689791
  -0.0185258 -0.000575293            0   -0.0055348
   0.0118935   0.00689791    0.0055348            0
EndNode2[0]<--->HoM1[0]
REAL
    0.462406 -0.000458599    0.0168104     0.389986
-0.000458599    0.0451128   0.00587562   -0.0241535
   0.0168104   0.00587562    0.0463659   0.00646661
    0.389986   -0.0241535   0.00646661     0.446115
IMAGINARY
          0 -0.00455321  0.00176793   0.0083529
 0.00455321           0   0.0096029  0.00360842
-0.00176793  -0.0096029           0  0.00992955
 -0.0083529 -0.00360842 -0.00992955           0
Repeater1[0]<--->EndNode1[0]
REAL
  0.485958 0.00584638  0.0255137   0.391055
0.00584638  0.0549451 0.00733408 0.00360649
 0.0255137 0.00733408   0.031746 0.00840393
  0.391055 0.00360649 0.00840393    0.42735
IMAGINARY
           0    0.0185258    -0.013845   -0.0118935
  -0.0185258            0 -0.000575293   -0.0055348
    0.013845  0.000575293            0  -0.00689791
   0.0118935    0.0055348   0.00689791            0
Repeater1[0]<--->HoM1[0]
REAL
    0.462406    0.0168104 -0.000458599     0.389986
   0.0168104    0.0463659   0.00587562   0.00646661
-0.000458599   0.00587562    0.0451128   -0.0241535
    0.389986   0.00646661   -0.0241535     0.446115
IMAGINARY
          0  0.00176793 -0.00455321   0.0083529
-0.00176793           0  -0.0096029  0.00992955
 0.00455321   0.0096029           0  0.00360842
 -0.0083529 -0.00992955 -0.00360842           0
EndNode1[0]<--->Repeater1[0]
REAL
 0.475168 0.0149726  0.019093  0.408634
0.0149726 0.0416107 0.0102854 0.0304566
 0.019093 0.0102854 0.0442953  0.022994
 0.408634 0.0304566  0.022994  0.438926
IMAGINARY
           0    0.0160204   0.00640248  0.000855581
  -0.0160204            0    0.0262567   -0.0260975
 -0.00640248   -0.0262567            0   0.00367468
-0.000855581    0.0260975  -0.00367468            0
EndNode2[0]<--->HoM1[0]
REAL
    0.490025 -0.000373563   -0.0115305     0.404562
-0.000373563    0.0448878    0.0141878  0.000280512
  -0.0115305    0.0141878    0.0461347   0.00537356
    0.404562  0.000280512   0.00537356     0.418953
IMAGINARY
          0  0.00550954 -0.00210519  -0.0205204
-0.00550954           0  0.00385375    0.018148
 0.00210519 -0.00385375           0  -0.0215523
  0.0205204   -0.018148   0.0215523           0
Repeater1[0]<--->EndNode1[0]
REAL
 0.475168  0.019093 0.0149726  0.408634
 0.019093 0.0442953 0.0102854  0.022994
0.0149726 0.0102854 0.0416107 0.0304566
 0.408634  0.022994 0.0304566  0.438926
IMAGINARY
           0   0.00640248    0.0160204  0.000855581
 -0.00640248            0   -0.0262567   0.00367468
  -0.0160204    0.0262567            0   -0.0260975
-0.000855581  -0.00367468    0.0260975            0
Repeater1[0]<--->HoM1[0]
REAL
    0.490025   -0.0115305 -0.000373563     0.404562
  -0.0115305    0.0461347    0.0141878   0.00537356
-0.000373563    0.0141878    0.0448878  0.000280512
    0.404562   0.00537356  0.000280512     0.418953
IMAGINARY
          0 -0.00210519  0.00550954  -0.0205204
 0.00210519           0 -0.00385375  -0.0215523
-0.00550954  0.00385375           0    0.018148
  0.0205204   0.0215523   -0.018148           0
EndNode1[0]<--->Repeater1[0]
REAL
   0.505689  0.00266487 0.000941805    0.396438
 0.00266487   0.0530973   0.0215946 -0.00535542
0.000941805   0.0215946    0.034134 -0.00329539
   0.396438 -0.00535542 -0.00329539     0.40708
IMAGINARY
          0  0.00251365 -0.00530569  0.00535331
-0.00251365           0 -0.00599516  -0.0216029
 0.00530569  0.00599516           0  0.00186682
-0.00535331   0.0216029 -0.00186682           0
EndNode2[0]<--->HoM1[0]
REAL
  0.462937 -0.0120772 0.00234384   0.389275
-0.0120772  0.0503497 0.00415749 -0.0116375
0.00234384 0.00415749  0.0573427 -0.0145647
  0.389275 -0.0116375 -0.0145647   0.429371
IMAGINARY
          0 -0.00688375   0.0120968  0.00106321
 0.00688375           0   0.0138525  0.00748546
 -0.0120968  -0.0138525           0  -0.0205314
-0.00106321 -0.00748546   0.0205314           0
Repeater1[0]<--->EndNode1[0]
REAL
   0.505689 0.000941805  0.00266487    0.396438
0.000941805    0.034134   0.0215946 -0.00329539
 0.00266487   0.0215946   0.0530973 -0.00535542
   0.396438 -0.00329539 -0.00535542     0.40708
IMAGINARY
          0 -0.00530569  0.00251365  0.00535331
 0.00530569           0  0.00599516  0.00186682
-0.00251365 -0.00599516           0  -0.0216029
-0.00535331 -0.00186682   0.0216029           0
Repeater1[0]<--->HoM1[0]
REAL
  0.462937 0.00234384 -0.0120772   0.389275
0.00234384  0.0573427 0.00415749 -0.0145647
-0.0120772 0.00415749  0.0503497 -0.0116375
  0.389275 -0.0145647 -0.0116375   0.429371
IMAGINARY
          0   0.0120968 -0.00688375  0.00106321
 -0.0120968           0  -0.0138525  -0.0205314
 0.00688375   0.0138525           0  0.00748546
-0.00106321   0.0205314 -0.00748546           0
EndNode1[0]<--->Repeater1[0]
REAL
   0.468549 -0.00324288 -0.00818487    0.406676
-0.00324288    0.055199   0.0262998   0.0189087
-0.00818487   0.0262998   0.0577664   0.0220096
   0.406676   0.0189087   0.0220096    0.418485
IMAGINARY
          0   0.0180308 -0.00458596   0.0106073
 -0.0180308           0  0.00407984  -0.0236398
 0.00458596 -0.00407984           0   0.0088509
 -0.0106073   0.0236398  -0.0088509           0
EndNode2[0]<--->HoM1[0]
REAL
   0.459627 -0.00181904  0.00782083    0.400974
-0.00181904   0.0484472   0.0164567   0.0124937
 0.00782083   0.0164567   0.0534161   0.0129593
   0.400974   0.0124937   0.0129593    0.438509
IMAGINARY
           0 -5.35527e-05   0.00391187  -0.00796402
 5.35527e-05            0   -0.0245881   -0.0140642
 -0.00391187    0.0245881            0    0.0140129
  0.00796402    0.0140642   -0.0140129            0
Repeater1[0]<--->EndNode1[0]
REAL
   0.468549 -0.00818487 -0.00324288    0.406676
-0.00818487   0.0577664   0.0262998   0.0220096
-0.00324288   0.0262998    0.055199   0.0189087
   0.406676   0.0220096   0.0189087    0.418485
IMAGINARY
          0 -0.00458596   0.0180308   0.0106073
 0.00458596           0 -0.00407984   0.0088509
 -0.0180308  0.00407984           0  -0.0236398
 -0.0106073  -0.0088509   0.0236398           0
Repeater1[0]<--->HoM1[0]
REAL
   0.459627  0.00782083 -0.00181904    0.400974
 0.00782083   0.0534161   0.0164567   0.0129593
-0.00181904   0.0164567   0.0484472   0.0124937
   0.400974   0.0129593   0.0124937    0.438509
IMAGINARY
           0   0.00391187 -5.35527e-05  -0.00796402
 -0.00391187            0    0.0245881    0.0140129
 5.35527e-05   -0.0245881            0   -0.0140642
  0.00796402   -0.0140129    0.0140642            0
EndNode1[0]<--->Repeater1[0]
REAL
   0.475888 -0.00104015  -0.0124619    0.396027
-0.00104015   0.0494924 -0.00932771  -0.0158632
 -0.0124619 -0.00932771   0.0393401  -0.0198958
   0.396027  -0.0158632  -0.0198958    0.435279
IMAGINARY
          0    0.015551  -0.0114393  -0.0110621
  -0.015551           0   0.0162569  -0.0165807
  0.0114393  -0.0162569           0  0.00499693
  0.0110621   0.0165807 -0.00499693           0
EndNode2[0]<--->HoM1[0]
REAL
   0.453875  -0.0232404  -0.0211728    0.400664
 -0.0232404   0.0442804   0.0103582   0.0045725
 -0.0211728   0.0103582   0.0467405 -0.00265604
   0.400664   0.0045725 -0.00265604    0.455105
IMAGINARY
          0   0.0074813    0.012422   0.0246807
 -0.0074813           0   0.0201992 -0.00987099
  -0.012422  -0.0201992           0  -0.0074813
 -0.0246807  0.00987099   0.0074813           0
Repeater1[0]<--->EndNode1[0]
REAL
   0.475888  -0.0124619 -0.00104015    0.396027
 -0.0124619   0.0393401 -0.00932771  -0.0198958
-0.00104015 -0.00932771   0.0494924  -0.0158632
   0.396027  -0.0198958  -0.0158632    0.435279
IMAGINARY
          0  -0.0114393    0.015551  -0.0110621
  0.0114393           0  -0.0162569  0.00499693
  -0.015551   0.0162569           0  -0.0165807
  0.0110621 -0.00499693   0.0165807           0
Repeater1[0]<--->HoM1[0]
REAL
   0.453875  -0.0211728  -0.0232404    0.400664
 -0.0211728   0.0467405   0.0103582 -0.00265604
 -0.0232404   0.0103582   0.0442804   0.0045725
   0.400664 -0.00265604   0.0045725    0.455105
IMAGINARY
          0    0.012422   0.0074813   0.0246807
  -0.012422           0  -0.0201992  -0.0074813
 -0.0074813   0.0201992           0 -0.00987099
 -0.0246807   0.0074813  0.00987099           0
EndNode1[0]<--->Repeater1[0]
REAL
    0.467089    0.0137902 -0.000378942     0.399097
   0.0137902     0.035443   0.00102509    0.0107322
-0.000378942   0.00102509    0.0518987   0.00630722
    0.399097    0.0107322   0.00630722      0.44557
IMAGINARY
           0  0.000538876  -0.00307908 -0.000668006
-0.000538876            0  -0.00195667  -0.00243057
  0.00307908   0.00195667            0      0.01599
 0.000668006   0.00243057     -0.01599            0
EndNode2[0]<--->HoM1[0]
REAL
   0.480355  0.00232603  -0.0154639    0.395541
 0.00232603   0.0329531   0.0155412 -0.00257732
 -0.0154639   0.0155412   0.0557668   -0.013924
   0.395541 -0.00257732   -0.013924    0.430925
IMAGINARY
           0  -0.00764524   0.00734555   0.00606853
  0.00764524            0 -0.000408153   0.00865445
 -0.00734555  0.000408153            0   -0.0243548
 -0.00606853  -0.00865445    0.0243548            0
Repeater1[0]<--->EndNode1[0]
REAL
    0.467089 -0.000378942    0.0137902     0.399097
-0.000378942    0.0518987   0.00102509   0.00630722
   0.0137902   0.00102509     0.035443    0.0107322
    0.399097   0.00630722    0.0107322      0.44557
IMAGINARY
           0  -0.00307908  0.000538876 -0.000668006
  0.00307908            0   0.00195667      0.01599
-0.000538876  -0.00195667            0  -0.00243057
 0.000668006     -0.01599   0.00243057            0
Repeater1[0]<--->HoM1[0]
REAL
   0.480355  -0.0154639  0.00232603    0.395541
 -0.0154639   0.0557668   0.0155412   -0.013924
 0.00232603   0.0155412   0.0329531 -0.00257732
   0.395541   -0.013924 -0.00257732    0.430925
IMAGINARY
           0   0.00734555  -0.00764524   0.00606853
 -0.00734555            0  0.000408153   -0.0243548
  0.00764524 -0.000408153            0   0.00865445
 -0.00606853    0.0243548  -0.00865445            0
EndNode1[0]<--->Repeater1[0]
REAL
   0.432598   0.0106685 -0.00847427     0.40004
  0.0106685   0.0416667   0.0196763 -0.00982562
-0.00847427   0.0196763   0.0539216  -0.0242458
    0.40004 -0.00982562  -0.0242458    0.471814
IMAGINARY
           0  0.000625611    0.0036823   -0.0133122
-0.000625611            0   -0.0120685    -0.016036
  -0.0036823    0.0120685            0    0.0195304
   0.0133122     0.016036   -0.0195304            0
EndNode2[0]<--->HoM1[0]
REAL
  0.461337  0.0046979 0.00598817   0.400401
 0.0046979  0.0550459  0.0171522 -0.0033286
0.00598817  0.0171522  0.0406291 -0.0126766
  0.400401 -0.0033286 -0.0126766   0.442988
IMAGINARY
          0  0.00131234  0.00592992   0.0210196
-0.00131234           0  0.00302477 -0.00846799
-0.00592992 -0.00302477           0 -0.00131234
 -0.0210196  0.00846799  0.00131234           0
Repeater1[0]<--->EndNode1[0]
REAL
   0.432598 -0.00847427   0.0106685     0.40004
-0.00847427   0.0539216   0.0196763  -0.0242458
  0.0106685   0.0196763   0.0416667 -0.00982562
    0.40004  -0.0242458 -0.00982562    0.471814
IMAGINARY
           0    0.0036823  0.000625611   -0.0133122
  -0.0036823            0    0.0120685    0.0195304
-0.000625611   -0.0120685            0    -0.016036
   0.0133122   -0.0195304     0.016036            0
Repeater1[0]<--->HoM1[0]
REAL
  0.461337 0.00598817  0.0046979   0.400401
0.00598817  0.0406291  0.0171522 -0.0126766
 0.0046979  0.0171522  0.0550459 -0.0033286
  0.400401 -0.0126766 -0.0033286   0.442988
IMAGINARY
          0  0.00592992  0.00131234   0.0210196
-0.00592992           0 -0.00302477 -0.00131234
-0.00131234  0.00302477           0 -0.00846799
 -0.0210196  0.00131234  0.00846799           0
EndNode1[0]<--->Repeater1[0]
REAL
   0.447682 -0.00303119  -0.0169892    0.410264
-0.00303119   0.0463576 -0.00093788 -0.00373619
 -0.0169892 -0.00093788   0.0635762  -0.0125129
   0.410264 -0.00373619  -0.0125129    0.442384
IMAGINARY
           0  -0.00993491    0.0184124            0
  0.00993491            0  -0.00632911 -0.000652814
  -0.0184124   0.00632911            0 -0.000994054
           0  0.000652814  0.000994054            0
EndNode2[0]<--->HoM1[0]
REAL
   0.462611 -0.00457624  0.00507779    0.410545
-0.00457624   0.0367554  0.00848324   0.0225875
 0.00507779  0.00848324   0.0418251   0.0241444
   0.410545   0.0225875   0.0241444    0.458809
IMAGINARY
          0  0.00204726  -0.0280437  0.00382166
-0.00204726           0  -0.0044586 -0.00417276
  0.0280437   0.0044586           0  0.00697336
-0.00382166  0.00417276 -0.00697336           0
Repeater1[0]<--->EndNode1[0]
REAL
   0.447682  -0.0169892 -0.00303119    0.410264
 -0.0169892   0.0635762 -0.00093788  -0.0125129
-0.00303119 -0.00093788   0.0463576 -0.00373619
   0.410264  -0.0125129 -0.00373619    0.442384
IMAGINARY
           0    0.0184124  -0.00993491            0
  -0.0184124            0   0.00632911 -0.000994054
  0.00993491  -0.00632911            0 -0.000652814
           0  0.000994054  0.000652814            0
Repeater1[0]<--->HoM1[0]
REAL
   0.462611  0.00507779 -0.00457624    0.410545
 0.00507779   0.0418251  0.00848324   0.0241444
-0.00457624  0.00848324   0.0367554   0.0225875
   0.410545   0.0241444   0.0225875    0.458809
IMAGINARY
          0  -0.0280437  0.00204726  0.00382166
  0.0280437           0   0.0044586  0.00697336
-0.00204726  -0.0044586           0 -0.00417276
-0.00382166 -0.00697336  0.00417276           0
EndNode1[0]<--->Repeater1[0]
REAL
   0.458128  0.00113825 -0.00549861     0.40083
 0.00113825   0.0541872  0.00108073  0.00231389
-0.00549861  0.00108073    0.046798  -0.0106924
    0.40083  0.00231389  -0.0106924    0.440887
IMAGINARY
          0 -0.00612807  0.00387031  -0.0108608
 0.00612807           0    0.026297  -0.0126422
-0.00387031   -0.026297           0  0.00236867
  0.0108608   0.0126422 -0.00236867           0
EndNode2[0]<--->HoM1[0]
REAL
    0.48248  0.00669503   0.0135452    0.403378
 0.00669503   0.0471698  0.00918401 -0.00492448
  0.0135452  0.00918401   0.0404313  -0.0140842
   0.403378 -0.00492448  -0.0140842    0.429919
IMAGINARY
          0  -0.0105215  -0.0209834   0.0215995
  0.0105215           0  0.00244492   0.0164673
  0.0209834 -0.00244492           0 -0.00560751
 -0.0215995  -0.0164673  0.00560751           0
Repeater1[0]<--->EndNode1[0]
REAL
   0.458128 -0.00549861  0.00113825     0.40083
-0.00549861    0.046798  0.00108073  -0.0106924
 0.00113825  0.00108073   0.0541872  0.00231389
    0.40083  -0.0106924  0.00231389    0.440887
IMAGINARY
          0  0.00387031 -0.00612807  -0.0108608
-0.00387031           0   -0.026297  0.00236867
 0.00612807    0.026297           0  -0.0126422
  0.0108608 -0.00236867   0.0126422           0
Repeater1[0]<--->HoM1[0]
REAL
    0.48248   0.0135452  0.00669503    0.403378
  0.0135452   0.0404313  0.00918401  -0.0140842
 0.00669503  0.00918401   0.0471698 -0.00492448
   0.403378  -0.0140842 -0.00492448    0.429919
IMAGINARY
          0  -0.0209834  -0.0105215   0.0215995
  0.0209834           0 -0.00244492 -0.00560751
  0.0105215  0.00244492           0   0.0164673
 -0.0215995  0.00560751  -0.0164673           0
EndNode1[0]<--->Repeater1[0]
REAL
  0.443022 0.00599271   0.011023   0.406817
0.00599271  0.0435339 0.00415054 -0.0103778
  0.011023 0.00415054  0.0550576 -0.0143798
  0.406817 -0.0103778 -0.0143798   0.458387
IMAGINARY
          0   0.0102839 -0.00469481 -0.00164082
 -0.0102839           0  -0.0108756 -0.00997186
 0.00469481   0.0108756           0  0.00838276
 0.00164082  0.00997186 -0.00838276           0
EndNode2[0]<--->HoM1[0]
REAL
    0.43375    -0.01083 -0.00800256     0.40063
   -0.01083     0.04625   0.0212064  0.00800256
-0.00800256   0.0212064       0.055   0.0120707
    0.40063  0.00800256   0.0120707       0.465
IMAGINARY
           0   0.00608959  0.000511739  -0.00278766
 -0.00608959            0   -0.0177421   -0.0142732
-0.000511739    0.0177421            0 -0.000191818
  0.00278766    0.0142732  0.000191818            0
Repeater1[0]<--->EndNode1[0]
REAL
  0.443022   0.011023 0.00599271   0.406817
  0.011023  0.0550576 0.00415054 -0.0143798
0.00599271 0.00415054  0.0435339 -0.0103778
  0.406817 -0.0143798 -0.0103778   0.458387
IMAGINARY
          0 -0.00469481   0.0102839 -0.00164082
 0.00469481           0   0.0108756  0.00838276
 -0.0102839  -0.0108756           0 -0.00997186
 0.00164082 -0.00838276  0.00997186           0
Repeater1[0]<--->HoM1[0]
REAL
    0.43375 -0.00800256    -0.01083     0.40063
-0.00800256       0.055   0.0212064   0.0120707
   -0.01083   0.0212064     0.04625  0.00800256
    0.40063   0.0120707  0.00800256       0.465
IMAGINARY
           0  0.000511739   0.00608959  -0.00278766
-0.000511739            0    0.0177421 -0.000191818
 -0.00608959   -0.0177421            0   -0.0142732
  0.00278766  0.000191818    0.0142732            0
EndNode1[0]<--->Repeater1[0]
REAL
   0.443499 -0.00675169  0.00626741    0.398298
-0.00675169   0.0510328    -0.00301 -0.00626741
 0.00626741    -0.00301   0.0607533   0.0146051
   0.398298 -0.00626741   0.0146051    0.444714
IMAGINARY
          0  0.00400522  -0.0122905   0.0107984
-0.00400522           0  -0.0133494   0.0057507
  0.0122905   0.0133494           0 -0.00103257
 -0.0107984  -0.0057507  0.00103257           0
EndNode2[0]<--->HoM1[0]
REAL
   0.431847 -0.00733457   0.0110151    0.403573
-0.00733457   0.0471338   0.0100367  -0.0187074
  0.0110151   0.0100367   0.0598726  0.00555942
   0.403573  -0.0187074  0.00555942    0.461146
IMAGINARY
          0   -0.019384 -0.00740683 -0.00645529
   0.019384           0  -0.0102336   0.0194474
 0.00740683   0.0102336           0    0.014948
 0.00645529  -0.0194474   -0.014948           0
Repeater1[0]<--->EndNode1[0]
REAL
   0.443499  0.00626741 -0.00675169    0.398298
 0.00626741   0.0607533    -0.00301   0.0146051
-0.00675169    -0.00301   0.0510328 -0.00626741
   0.398298   0.0146051 -0.00626741    0.444714
IMAGINARY
          0  -0.0122905  0.00400522   0.0107984
  0.0122905           0   0.0133494 -0.00103257
-0.00400522  -0.0133494           0   0.0057507
 -0.0107984  0.00103257  -0.0057507           0
Repeater1[0]<--->HoM1[0]
REAL
   0.431847   0.0110151 -0.00733457    0.403573
  0.0110151   0.0598726   0.0100367  0.00555942
-0.00733457   0.0100367   0.0471338  -0.0187074
   0.403573  0.00555942  -0.0187074    0.461146
IMAGINARY
          0 -0.00740683   -0.019384 -0.00645529
 0.00740683           0   0.0102336    0.014948
   0.019384  -0.0102336           0   0.0194474
 0.00645529   -0.014948  -0.0194474           0
EndNode1[0]<--->Repeater1[0]
REAL
    0.449163    0.0230666 -0.000320924     0.404775
   0.0230666    0.0669241    0.0182036 -0.000320924
-0.000320924    0.0182036    0.0617761   -0.0160063
    0.404775 -0.000320924   -0.0160063     0.422136
IMAGINARY
          0 -0.00065948  0.00259767 -0.00306231
 0.00065948           0  -0.0185662  0.00196556
-0.00259767   0.0185662           0 -0.00259997
 0.00306231 -0.00196556  0.00259997           0
EndNode2[0]<--->HoM1[0]
REAL
   0.443089 -0.00234568  0.00404946    0.416183
-0.00234568   0.0555556   0.0119538  0.00143166
 0.00404946   0.0119538   0.0596206 -0.00557149
   0.416183  0.00143166 -0.00557149    0.441734
IMAGINARY
           0   0.00720796   -0.0101672    0.0248587
 -0.00720796            0   -0.0140153   0.00146072
   0.0101672    0.0140153            0  0.000254731
  -0.0248587  -0.00146072 -0.000254731            0
Repeater1[0]<--->EndNode1[0]
REAL
    0.449163 -0.000320924    0.0230666     0.404775
-0.000320924    0.0617761    0.0182036   -0.0160063
   0.0230666    0.0182036    0.0669241 -0.000320924
    0.404775   -0.0160063 -0.000320924     0.422136
IMAGINARY
          0  0.00259767 -0.00065948 -0.00306231
-0.00259767           0   0.0185662 -0.00259997
 0.00065948  -0.0185662           0  0.00196556
 0.00306231  0.00259997 -0.00196556           0
Repeater1[0]<--->HoM1[0]
REAL
   0.443089  0.00404946 -0.00234568    0.416183
 0.00404946   0.0596206   0.0119538 -0.00557149
-0.00234568   0.0119538   0.0555556  0.00143166
   0.416183 -0.00557149  0.00143166    0.441734
IMAGINARY
           0   -0.0101672   0.00720796    0.0248587
   0.0101672            0    0.0140153  0.000254731
 -0.00720796   -0.0140153            0   0.00146072
  -0.0248587 -0.000254731  -0.00146072            0
EndNode1[0]<--->Repeater1[0]
REAL
   0.428941   -0.015362 -0.00935741    0.399139
  -0.015362   0.0542636   0.0122041 -0.00433229
-0.00935741   0.0122041   0.0490956  -0.0139731
   0.399139 -0.00433229  -0.0139731      0.4677
IMAGINARY
          0  0.00284904  0.00748744 -0.00468048
-0.00284904           0 -0.00917342  -0.0125126
-0.00748744  0.00917342           0   0.0147389
 0.00468048   0.0125126  -0.0147389           0
EndNode2[0]<--->HoM1[0]
REAL
   0.451531   0.0185646 -0.00441941    0.398686
  0.0185646   0.0433673   0.0145165   0.0154219
-0.00441941   0.0145165   0.0420918 -0.00633964
   0.398686   0.0154219 -0.00633964     0.46301
IMAGINARY
          0  -0.0155617   0.0124402  -0.0154128
  0.0155617           0  0.00433245  0.00622131
 -0.0124402 -0.00433245           0   0.0149182
  0.0154128 -0.00622131  -0.0149182           0
Repeater1[0]<--->EndNode1[0]
REAL
   0.428941 -0.00935741   -0.015362    0.399139
-0.00935741   0.0490956   0.0122041  -0.0139731
  -0.015362   0.0122041   0.0542636 -0.00433229
   0.399139  -0.0139731 -0.00433229      0.4677
IMAGINARY
          0  0.00748744  0.00284904 -0.00468048
-0.00748744           0  0.00917342   0.0147389
-0.00284904 -0.00917342           0  -0.0125126
 0.00468048  -0.0147389   0.0125126           0
Repeater1[0]<--->HoM1[0]
REAL
   0.451531 -0.00441941   0.0185646    0.398686
-0.00441941   0.0420918   0.0145165 -0.00633964
  0.0185646   0.0145165   0.0433673   0.0154219
   0.398686 -0.00633964   0.0154219     0.46301
IMAGINARY
          0   0.0124402  -0.0155617  -0.0154128
 -0.0124402           0 -0.00433245   0.0149182
  0.0155617  0.00433245           0  0.00622131
  0.0154128  -0.0149182 -0.00622131           0
EndNode1[0]<--->Repeater1[0]
REAL
    0.456494   -0.0196897   -0.0253929      0.38797
  -0.0196897    0.0517024   0.00330552 -0.000781549
  -0.0253929   0.00330552    0.0403531   -0.0131962
     0.38797 -0.000781549   -0.0131962      0.45145
IMAGINARY
          0   0.0107563  -0.0243764 -0.00511124
 -0.0107563           0  -0.0219506  -0.0130127
  0.0243764   0.0219506           0 -0.00251803
 0.00511124   0.0130127  0.00251803           0
EndNode2[0]<--->HoM1[0]
REAL
    0.450062   -0.0142642  -0.00750644      0.39981
  -0.0142642     0.054254   0.00803534 -0.000588203
 -0.00750644   0.00803534    0.0554871   0.00866021
     0.39981 -0.000588203   0.00866021     0.440197
IMAGINARY
          0  0.00816818 -0.00954056   0.0121783
-0.00816818           0 -0.00756695  0.00449005
 0.00954056  0.00756695           0   0.0127553
 -0.0121783 -0.00449005  -0.0127553           0
Repeater1[0]<--->EndNode1[0]
REAL
    0.456494   -0.0253929   -0.0196897      0.38797
  -0.0253929    0.0403531   0.00330552   -0.0131962
  -0.0196897   0.00330552    0.0517024 -0.000781549
     0.38797   -0.0131962 -0.000781549      0.45145
IMAGINARY
          0  -0.0243764   0.0107563 -0.00511124
  0.0243764           0   0.0219506 -0.00251803
 -0.0107563  -0.0219506           0  -0.0130127
 0.00511124  0.00251803   0.0130127           0
Repeater1[0]<--->HoM1[0]
REAL
    0.450062  -0.00750644   -0.0142642      0.39981
 -0.00750644    0.0554871   0.00803534   0.00866021
  -0.0142642   0.00803534     0.054254 -0.000588203
     0.39981   0.00866021 -0.000588203     0.440197
IMAGINARY
          0 -0.00954056  0.00816818   0.0121783
 0.00954056           0  0.00756695   0.0127553
-0.00816818 -0.00756695           0  0.00449005
 -0.0121783  -0.0127553 -0.00449005           0
EndNode1[0]<--->Repeater1[0]
REAL
   0.449507  -0.0080226  0.00712172      0.4017
 -0.0080226   0.0455665   0.0132485  0.00447622
 0.00712172   0.0132485   0.0480296 -0.00357534
     0.4017  0.00447622 -0.00357534    0.456897
IMAGINARY
          0  -0.0172794  0.00937895 -0.00130757
  0.0172794           0   0.0151615  0.00111974
-0.00937895  -0.0151615           0    0.015967
 0.00130757 -0.00111974   -0.015967           0
EndNode2[0]<--->HoM1[0]
REAL
    0.471627   -0.0135116 -0.000102558     0.403245
  -0.0135116    0.0441362    0.0136347   -0.0101276
-0.000102558    0.0136347    0.0517024    0.0147903
    0.403245   -0.0101276    0.0147903     0.432535
IMAGINARY
          0  -0.0080133   0.0110777  0.00322454
  0.0080133           0  0.00120024 -0.00588292
 -0.0110777 -0.00120024           0 -0.00107761
-0.00322454  0.00588292  0.00107761           0
Repeater1[0]<--->EndNode1[0]
REAL
   0.449507  0.00712172  -0.0080226      0.4017
 0.00712172   0.0480296   0.0132485 -0.00357534
 -0.0080226   0.0132485   0.0455665  0.00447622
     0.4017 -0.00357534  0.00447622    0.456897
IMAGINARY
          0  0.00937895  -0.0172794 -0.00130757
-0.00937895           0  -0.0151615    0.015967
  0.0172794   0.0151615           0  0.00111974
 0.00130757   -0.015967 -0.00111974           0
Repeater1[0]<--->HoM1[0]
REAL
    0.471627 -0.000102558   -0.0135116     0.403245
-0.000102558    0.0517024    0.0136347    0.0147903
  -0.0135116    0.0136347    0.0441362   -0.0101276
    0.403245    0.0147903   -0.0101276     0.432535
IMAGINARY
          0   0.0110777  -0.0080133  0.00322454
 -0.0110777           0 -0.00120024 -0.00107761
  0.0080133  0.00120024           0 -0.00588292
-0.00322454  0.00107761  0.00588292           0
EndNode1[0]<--->Repeater1[0]
REAL
  0.488806  0.0260174  0.0110818   0.405087
 0.0260174  0.0422886 0.00377086  0.0357732
 0.0110818 0.00377086   0.039801  0.0221213
  0.405087  0.0357732  0.0221213   0.429104
IMAGINARY
          0  0.00466667  -0.0129816  0.00504832
-0.00466667           0  -0.0113774  0.00377103
  0.0129816   0.0113774           0 -0.00466667
-0.00504832 -0.00377103  0.00466667           0
EndNode2[0]<--->HoM1[0]
REAL
    0.45599 -0.00810132   0.0189203    0.392519
-0.00810132   0.0427873  0.00903584   -0.021511
  0.0189203  0.00903584   0.0537897 0.000329294
   0.392519   -0.021511 0.000329294    0.447433
IMAGINARY
          0  -0.0126563  0.00383246  0.00336418
  0.0126563           0  0.00208541  0.00320979
-0.00383246 -0.00208541           0  0.00177281
-0.00336418 -0.00320979 -0.00177281           0
Repeater1[0]<--->EndNode1[0]
REAL
  0.488806  0.0110818  0.0260174   0.405087
 0.0110818   0.039801 0.00377086  0.0221213
 0.0260174 0.00377086  0.0422886  0.0357732
  0.405087  0.0221213  0.0357732   0.429104
IMAGINARY
          0  -0.0129816  0.00466667  0.00504832
  0.0129816           0   0.0113774 -0.00466667
-0.00466667  -0.0113774           0  0.00377103
-0.00504832  0.00466667 -0.00377103           0
Repeater1[0]<--->HoM1[0]
REAL
    0.45599   0.0189203 -0.00810132    0.392519
  0.0189203   0.0537897  0.00903584 0.000329294
-0.00810132  0.00903584   0.0427873   -0.021511
   0.392519 0.000329294   -0.021511    0.447433
IMAGINARY
          0  0.00383246  -0.0126563  0.00336418
-0.00383246           0 -0.00208541  0.00177281
  0.0126563  0.00208541           0  0.00320979
-0.00336418 -0.00177281 -0.00320979           0
EndNode1[0]<--->Repeater1[0]
REAL
    0.46991   -0.011253 -0.00905085    0.396363
  -0.011253   0.0524968   0.0123777  0.00133876
-0.00905085   0.0123777   0.0473752  -0.0080272
   0.396363  0.00133876  -0.0080272    0.430218
IMAGINARY
          0 -0.00470681    0.013265  0.00122783
 0.00470681           0   0.0210235 -0.00128522
  -0.013265  -0.0210235           0  0.00029319
-0.00122783  0.00128522 -0.00029319           0
EndNode2[0]<--->HoM1[0]
REAL
   0.446271 -0.00836953  0.00191246    0.406701
-0.00836953   0.0505689  0.00310247  -0.0104092
 0.00191246  0.00310247   0.0429836  0.00379436
   0.406701  -0.0104092  0.00379436    0.460177
IMAGINARY
          0    -0.01798 -0.00494985  0.00128992
    0.01798           0 -0.00459243   0.0332275
 0.00494985  0.00459243           0 -0.00644157
-0.00128992  -0.0332275  0.00644157           0
Repeater1[0]<--->EndNode1[0]
REAL
    0.46991 -0.00905085   -0.011253    0.396363
-0.00905085   0.0473752   0.0123777  -0.0080272
  -0.011253   0.0123777   0.0524968  0.00133876
   0.396363  -0.0080272  0.00133876    0.430218
IMAGINARY
          0    0.013265 -0.00470681  0.00122783
  -0.013265           0  -0.0210235  0.00029319
 0.00470681   0.0210235           0 -0.00128522
-0.00122783 -0.00029319  0.00128522           0
Repeater1[0]<--->HoM1[0]
REAL
   0.446271  0.00191246 -0.00836953    0.406701
 0.00191246   0.0429836  0.00310247  0.00379436
-0.00836953  0.00310247   0.0505689  -0.0104092
   0.406701  0.00379436  -0.0104092    0.460177
IMAGINARY
          0 -0.00494985    -0.01798  0.00128992
 0.00494985           0  0.00459243 -0.00644157
    0.01798 -0.00459243           0   0.0332275
-0.00128992  0.00644157  -0.0332275           0
EndNode1[0]<--->Repeater1[0]
REAL
    0.42044  0.00415593   0.0118893    0.397022
 0.00415593   0.0569211   0.0155111  0.00116548
  0.0118893   0.0155111   0.0452781 -0.00285044
   0.397022  0.00116548 -0.00285044    0.477361
IMAGINARY
           0   -0.0114118   0.00145391   0.00653007
   0.0114118            0   0.00134872    0.0310982
 -0.00145391  -0.00134872            0  0.000995141
 -0.00653007   -0.0310982 -0.000995141            0
EndNode2[0]<--->HoM1[0]
REAL
   0.475168 -0.00140524 -0.00449062    0.398932
-0.00140524   0.0416107   0.0196433 -0.00695976
-0.00449062   0.0196433   0.0590604  -0.0278568
   0.398932 -0.00695976  -0.0278568    0.424161
IMAGINARY
          0 -0.00794155   0.0233013    0.018994
 0.00794155           0  0.00538016  0.00401759
 -0.0233013 -0.00538016           0 -0.00794155
  -0.018994 -0.00401759  0.00794155           0
Repeater1[0]<--->EndNode1[0]
REAL
    0.42044   0.0118893  0.00415593    0.397022
  0.0118893   0.0452781   0.0155111 -0.00285044
 0.00415593   0.0155111   0.0569211  0.00116548
   0.397022 -0.00285044  0.00116548    0.477361
IMAGINARY
           0   0.00145391   -0.0114118   0.00653007
 -0.00145391            0  -0.00134872  0.000995141
   0.0114118   0.00134872            0    0.0310982
 -0.00653007 -0.000995141   -0.0310982            0
Repeater1[0]<--->HoM1[0]
REAL
   0.475168 -0.00449062 -0.00140524    0.398932
-0.00449062   0.0590604   0.0196433  -0.0278568
-0.00140524   0.0196433   0.0416107 -0.00695976
   0.398932  -0.0278568 -0.00695976    0.424161
IMAGINARY
          0   0.0233013 -0.00794155    0.018994
 -0.0233013           0 -0.00538016 -0.00794155
 0.00794155  0.00538016           0  0.00401759
  -0.018994  0.00794155 -0.00401759           0
EndNode1[0]<--->Repeater1[0]
REAL
  0.455484 0.00822367  0.0026859   0.406901
0.00822367  0.0477419  0.0147695 0.00906345
 0.0026859  0.0147695  0.0451613 0.00352568
  0.406901 0.00906345 0.00352568   0.451613
IMAGINARY
          0 -0.00360577 -0.00509779   0.0219809
 0.00360577           0  0.00101518 -0.00378546
 0.00509779 -0.00101518           0  0.00360577
 -0.0219809  0.00378546 -0.00360577           0
EndNode2[0]<--->HoM1[0]
REAL
   0.465473  -0.0124902  0.00960662    0.412212
 -0.0124902    0.044757   0.0246302  -0.0188171
 0.00960662   0.0246302   0.0473146 -0.00198344
   0.412212  -0.0188171 -0.00198344    0.442455
IMAGINARY
          0  0.00160568 -0.00619383  -0.0204966
-0.00160568           0  -0.0139862  0.00161867
 0.00619383   0.0139862           0   0.0160414
  0.0204966 -0.00161867  -0.0160414           0
Repeater1[0]<--->EndNode1[0]
REAL
  0.455484  0.0026859 0.00822367   0.406901
 0.0026859  0.0451613  0.0147695 0.00352568
0.00822367  0.0147695  0.0477419 0.00906345
  0.406901 0.00352568 0.00906345   0.451613
IMAGINARY
          0 -0.00509779 -0.00360577   0.0219809
 0.00509779           0 -0.00101518  0.00360577
 0.00360577  0.00101518           0 -0.00378546
 -0.0219809 -0.00360577  0.00378546           0
Repeater1[0]<--->HoM1[0]
REAL
   0.465473  0.00960662  -0.0124902    0.412212
 0.00960662   0.0473146   0.0246302 -0.00198344
 -0.0124902   0.0246302    0.044757  -0.0188171
   0.412212 -0.00198344  -0.0188171    0.442455
IMAGINARY
          0 -0.00619383  0.00160568  -0.0204966
 0.00619383           0   0.0139862   0.0160414
-0.00160568  -0.0139862           0  0.00161867
  0.0204966  -0.0160414 -0.00161867           0
EndNode1[0]<--->Repeater1[0]
REAL
   0.471233   0.0171983 -0.00999756    0.409699
  0.0171983   0.0479452  0.00396104 -0.00675502
-0.00999756  0.00396104   0.0438356  -0.0275076
   0.409699 -0.00675502  -0.0275076    0.436986
IMAGINARY
          0  0.00172572  -0.0155218 -0.00733806
-0.00172572           0   0.0150304  0.00869124
  0.0155218  -0.0150304           0   0.0255967
 0.00733806 -0.00869124  -0.0255967           0
EndNode2[0]<--->HoM1[0]
REAL
   0.442857   0.0103052   0.0200412    0.397204
  0.0103052   0.0493506   0.0132042  -0.0062072
  0.0200412   0.0132042   0.0467532 -0.00964644
   0.397204  -0.0062072 -0.00964644    0.461039
IMAGINARY
           0  0.000128596   0.00470968    -0.010273
-0.000128596            0   0.00833747  -0.00604301
 -0.00470968  -0.00833747            0   0.00520474
    0.010273   0.00604301  -0.00520474            0
Repeater1[0]<--->EndNode1[0]
REAL
   0.471233 -0.00999756   0.0171983    0.409699
-0.00999756   0.0438356  0.00396104  -0.0275076
  0.0171983  0.00396104   0.0479452 -0.00675502
   0.409699  -0.0275076 -0.00675502    0.436986
IMAGINARY
          0  -0.0155218  0.00172572 -0.00733806
  0.0155218           0  -0.0150304   0.0255967
-0.00172572   0.0150304           0  0.00869124
 0.00733806  -0.0255967 -0.00869124           0
Repeater1[0]<--->HoM1[0]
REAL
   0.442857   0.0200412   0.0103052    0.397204
  0.0200412   0.0467532   0.0132042 -0.00964644
  0.0103052   0.0132042   0.0493506  -0.0062072
   0.397204 -0.00964644  -0.0062072    0.461039
IMAGINARY
           0   0.00470968  0.000128596    -0.010273
 -0.00470968            0  -0.00833747   0.00520474
-0.000128596   0.00833747            0  -0.00604301
    0.010273  -0.00520474   0.00604301            0
EndNode1[0]<--->Repeater1[0]
REAL
  0.461146  0.0117339 0.00684212   0.395755
 0.0117339  0.0394904 0.00554353  0.0191319
0.00684212 0.00554353  0.0611465  0.0142401
  0.395755  0.0191319  0.0142401   0.438217
IMAGINARY
          0 -0.00911583  0.00818879   0.0154369
 0.00911583           0   0.0110782   -0.022739
-0.00818879  -0.0110782           0   0.0223433
 -0.0154369    0.022739  -0.0223433           0
EndNode2[0]<--->HoM1[0]
REAL
   0.455224  0.00129707  0.00999128    0.401926
 0.00129707   0.0547264    0.026272  -0.0178242
 0.00999128    0.026272   0.0522388 8.41162e-06
   0.401926  -0.0178242 8.41162e-06    0.437811
IMAGINARY
          0   -0.010477  -0.0144232  0.00590629
   0.010477           0 -0.00267214   0.0275122
  0.0144232  0.00267214           0  0.00916811
-0.00590629  -0.0275122 -0.00916811           0
Repeater1[0]<--->EndNode1[0]
REAL
  0.461146 0.00684212  0.0117339   0.395755
0.00684212  0.0611465 0.00554353  0.0142401
 0.0117339 0.00554353  0.0394904  0.0191319
  0.395755  0.0142401  0.0191319   0.438217
IMAGINARY
          0  0.00818879 -0.00911583   0.0154369
-0.00818879           0  -0.0110782   0.0223433
 0.00911583   0.0110782           0   -0.022739
 -0.0154369  -0.0223433    0.022739           0
Repeater1[0]<--->HoM1[0]
REAL
   0.455224  0.00999128  0.00129707    0.401926
 0.00999128   0.0522388    0.026272 8.41162e-06
 0.00129707    0.026272   0.0547264  -0.0178242
   0.401926 8.41162e-06  -0.0178242    0.437811
IMAGINARY
          0  -0.0144232   -0.010477  0.00590629
  0.0144232           0  0.00267214  0.00916811
   0.010477 -0.00267214           0   0.0275122
-0.00590629 -0.00916811  -0.0275122           0
EndNode1[0]<--->Repeater1[0]
REAL
    0.450262   0.00126689   0.00378238     0.405572
  0.00126689    0.0327225    0.0118713    -0.011106
  0.00378238    0.0118713    0.0536649 -0.000601108
    0.405572    -0.011106 -0.000601108     0.463351
IMAGINARY
          0  -0.0125319  0.00134262  0.00499552
  0.0125319           0  -0.0130169  0.00390672
-0.00134262   0.0130169           0  0.00859488
-0.00499552 -0.00390672 -0.00859488           0
