EndNode1[0]<--->Repeater1[0]
REAL
    0.399481  -0.00275096 -0.000522564     0.360672
 -0.00275096     0.101167    0.0561033  -0.00792997
-0.000522564    0.0561033    0.0959792   -0.0109031
    0.360672  -0.00792997   -0.0109031     0.403372
IMAGINARY
           0    0.0061061  -0.00694765   0.00900862
  -0.0061061            0   -0.0142034   0.00567861
  0.00694765    0.0142034            0  0.000239082
 -0.00900862  -0.00567861 -0.000239082            0
EndNode2[0]<--->HoM1[0]
REAL
   0.385989  -0.0116195  0.00460756    0.372143
 -0.0116195    0.105769   0.0524111 -0.00529343
 0.00460756   0.0524111    0.107143   0.0177923
   0.372143 -0.00529343   0.0177923    0.401099
IMAGINARY
          0   0.0181947  0.00946852  -0.0161971
 -0.0181947           0   0.0111466  -0.0173857
-0.00946852  -0.0111466           0 -0.00296934
  0.0161971   0.0173857  0.00296934           0
Repeater1[0]<--->EndNode1[0]
REAL
    0.399481 -0.000522564  -0.00275096     0.360672
-0.000522564    0.0959792    0.0561033   -0.0109031
 -0.00275096    0.0561033     0.101167  -0.00792997
    0.360672   -0.0109031  -0.00792997     0.403372
IMAGINARY
           0  -0.00694765    0.0061061   0.00900862
  0.00694765            0    0.0142034  0.000239082
  -0.0061061   -0.0142034            0   0.00567861
 -0.00900862 -0.000239082  -0.00567861            0
Repeater1[0]<--->HoM1[0]
REAL
   0.385989  0.00460756  -0.0116195    0.372143
 0.00460756    0.107143   0.0524111   0.0177923
 -0.0116195   0.0524111    0.105769 -0.00529343
   0.372143   0.0177923 -0.00529343    0.401099
IMAGINARY
          0  0.00946852   0.0181947  -0.0161971
-0.00946852           0  -0.0111466 -0.00296934
 -0.0181947   0.0111466           0  -0.0173857
  0.0161971  0.00296934   0.0173857           0
EndNode1[0]<--->Repeater1[0]
REAL
   0.414536  -0.0216367 -0.00859495    0.356926
 -0.0216367   0.0982503   0.0651041  0.00983257
-0.00859495   0.0651041    0.114401  0.00430999
   0.356926  0.00983257  0.00430999    0.372813
IMAGINARY
          0  0.00422418  -0.0167522  0.00380143
-0.00422418           0   0.0154293  -0.0148463
  0.0167522  -0.0154293           0    0.024896
-0.00380143   0.0148463   -0.024896           0
EndNode2[0]<--->HoM1[0]
REAL
   0.375469  -0.0260374 -0.00722151    0.368305
 -0.0260374   0.0951189   0.0621965   -0.020449
-0.00722151   0.0621965    0.106383 -0.00678111
   0.368305   -0.020449 -0.00678111    0.423029
IMAGINARY
          0   0.0120798  -0.0032247    0.015701
 -0.0120798           0  0.00341121  -0.0306398
  0.0032247 -0.00341121           0  -0.0100877
  -0.015701   0.0306398   0.0100877           0
Repeater1[0]<--->EndNode1[0]
REAL
   0.414536 -0.00859495  -0.0216367    0.356926
-0.00859495    0.114401   0.0651041  0.00430999
 -0.0216367   0.0651041   0.0982503  0.00983257
   0.356926  0.00430999  0.00983257    0.372813
IMAGINARY
          0  -0.0167522  0.00422418  0.00380143
  0.0167522           0  -0.0154293    0.024896
-0.00422418   0.0154293           0  -0.0148463
-0.00380143   -0.024896   0.0148463           0
Repeater1[0]<--->HoM1[0]
REAL
   0.375469 -0.00722151  -0.0260374    0.368305
-0.00722151    0.106383   0.0621965 -0.00678111
 -0.0260374   0.0621965   0.0951189   -0.020449
   0.368305 -0.00678111   -0.020449    0.423029
IMAGINARY
          0  -0.0032247   0.0120798    0.015701
  0.0032247           0 -0.00341121  -0.0100877
 -0.0120798  0.00341121           0  -0.0306398
  -0.015701   0.0100877   0.0306398           0
EndNode1[0]<--->Repeater1[0]
REAL
   0.387218 -0.00576014    0.014807    0.364502
-0.00576014    0.100251   0.0530371 0.000899761
   0.014807   0.0530371   0.0927318   0.0227758
   0.364502 0.000899761   0.0227758    0.419799
IMAGINARY
          0  0.00571983 -0.00395112   0.0259169
-0.00571983           0  -0.0220106  -0.0208896
 0.00395112   0.0220106           0  0.00638208
 -0.0259169   0.0208896 -0.00638208           0
EndNode2[0]<--->HoM1[0]
REAL
    0.395473   0.00690746 -0.000332838     0.358763
  0.00690746     0.107856    0.0662371  -0.00624611
-0.000332838    0.0662371     0.103862   0.00625043
    0.358763  -0.00624611   0.00625043      0.39281
IMAGINARY
          0  -0.0156756  0.00294902   0.0303523
  0.0156756           0  0.00057558  0.00993758
-0.00294902 -0.00057558           0 -0.00107702
 -0.0303523 -0.00993758  0.00107702           0
Repeater1[0]<--->EndNode1[0]
REAL
   0.387218    0.014807 -0.00576014    0.364502
   0.014807   0.0927318   0.0530371   0.0227758
-0.00576014   0.0530371    0.100251 0.000899761
   0.364502   0.0227758 0.000899761    0.419799
IMAGINARY
          0 -0.00395112  0.00571983   0.0259169
 0.00395112           0   0.0220106  0.00638208
-0.00571983  -0.0220106           0  -0.0208896
 -0.0259169 -0.00638208   0.0208896           0
Repeater1[0]<--->HoM1[0]
REAL
    0.395473 -0.000332838   0.00690746     0.358763
-0.000332838     0.103862    0.0662371   0.00625043
  0.00690746    0.0662371     0.107856  -0.00624611
    0.358763   0.00625043  -0.00624611      0.39281
IMAGINARY
          0  0.00294902  -0.0156756   0.0303523
-0.00294902           0 -0.00057558 -0.00107702
  0.0156756  0.00057558           0  0.00993758
 -0.0303523  0.00107702 -0.00993758           0
EndNode1[0]<--->Repeater1[0]
REAL
  0.397059 -0.0127884  -0.012436   0.369789
-0.0127884   0.113971  0.0554327 0.00799999
 -0.012436  0.0554327   0.106618  0.0172244
  0.369789 0.00799999  0.0172244   0.382353
IMAGINARY
          0  -0.0168732  -0.0128461  -0.0178467
  0.0168732           0  0.00433323 -0.00448061
  0.0128461 -0.00433323           0   0.0119227
  0.0178467  0.00448061  -0.0119227           0
EndNode2[0]<--->HoM1[0]
REAL
  0.384817 -0.0243341 -0.0131378   0.350746
-0.0243341   0.112565   0.072231 -0.0155828
-0.0131378   0.072231  0.0981675 0.00475181
  0.350746 -0.0155828 0.00475181    0.40445
IMAGINARY
          0  -0.0194062  0.00427715  0.00405842
  0.0194062           0  -0.0117311    0.016943
-0.00427715   0.0117311           0  0.00481737
-0.00405842   -0.016943 -0.00481737           0
Repeater1[0]<--->EndNode1[0]
REAL
  0.397059  -0.012436 -0.0127884   0.369789
 -0.012436   0.106618  0.0554327  0.0172244
-0.0127884  0.0554327   0.113971 0.00799999
  0.369789  0.0172244 0.00799999   0.382353
IMAGINARY
          0  -0.0128461  -0.0168732  -0.0178467
  0.0128461           0 -0.00433323   0.0119227
  0.0168732  0.00433323           0 -0.00448061
  0.0178467  -0.0119227  0.00448061           0
Repeater1[0]<--->HoM1[0]
REAL
  0.384817 -0.0131378 -0.0243341   0.350746
-0.0131378  0.0981675   0.072231 0.00475181
-0.0243341   0.072231   0.112565 -0.0155828
  0.350746 0.00475181 -0.0155828    0.40445
IMAGINARY
          0  0.00427715  -0.0194062  0.00405842
-0.00427715           0   0.0117311  0.00481737
  0.0194062  -0.0117311           0    0.016943
-0.00405842 -0.00481737   -0.016943           0
EndNode1[0]<--->Repeater1[0]
REAL
  0.369369 -0.0383821 -0.0330429   0.345593
-0.0383821   0.109395  0.0704376 -0.0153031
-0.0330429  0.0704376   0.110682  -0.015053
  0.345593 -0.0153031  -0.015053   0.410553
IMAGINARY
          0 -0.00797638    0.013354   0.0185994
 0.00797638           0  0.00434911    0.013354
  -0.013354 -0.00434911           0  0.00238632
 -0.0185994   -0.013354 -0.00238632           0
EndNode2[0]<--->HoM1[0]
REAL
   0.395379  0.00368083   0.0149621    0.343986
 0.00368083    0.103979   0.0633741  -0.0213073
  0.0149621   0.0633741    0.115533 -0.00875698
   0.343986  -0.0213073 -0.00875698    0.385109
IMAGINARY
          0  -0.0246189    0.008714  0.00366516
  0.0246189           0  -0.0134451   0.0040411
  -0.008714   0.0134451           0  0.00676181
-0.00366516  -0.0040411 -0.00676181           0
Repeater1[0]<--->EndNode1[0]
REAL
  0.369369 -0.0330429 -0.0383821   0.345593
-0.0330429   0.110682  0.0704376  -0.015053
-0.0383821  0.0704376   0.109395 -0.0153031
  0.345593  -0.015053 -0.0153031   0.410553
IMAGINARY
          0    0.013354 -0.00797638   0.0185994
  -0.013354           0 -0.00434911  0.00238632
 0.00797638  0.00434911           0    0.013354
 -0.0185994 -0.00238632   -0.013354           0
Repeater1[0]<--->HoM1[0]
REAL
   0.395379   0.0149621  0.00368083    0.343986
  0.0149621    0.115533   0.0633741 -0.00875698
 0.00368083   0.0633741    0.103979  -0.0213073
   0.343986 -0.00875698  -0.0213073    0.385109
IMAGINARY
          0    0.008714  -0.0246189  0.00366516
  -0.008714           0   0.0134451  0.00676181
  0.0246189  -0.0134451           0   0.0040411
-0.00366516 -0.00676181  -0.0040411           0
EndNode1[0]<--->Repeater1[0]
REAL
       0.38    0.000663   0.0191084    0.347798
   0.000663       0.105   0.0704649 0.000687303
  0.0191084   0.0704649      0.1125   0.0191327
   0.347798 0.000687303   0.0191327      0.4025
IMAGINARY
          0   0.0138387  -0.0166816 -0.00958796
 -0.0138387           0   0.0128559 -0.00731835
  0.0166816  -0.0128559           0   0.0221613
 0.00958796  0.00731835  -0.0221613           0
EndNode2[0]<--->HoM1[0]
REAL
   0.382716 -0.00601773  0.00219127    0.354366
-0.00601773    0.111111   0.0623005  -0.0108977
 0.00219127   0.0623005   0.0973937   0.0010426
   0.354366  -0.0108977   0.0010426    0.408779
IMAGINARY
          0  0.00382454  -0.0145673  -0.0199795
-0.00382454           0   0.0247872  -0.0093725
  0.0145673  -0.0247872           0   0.0201153
  0.0199795   0.0093725  -0.0201153           0
Repeater1[0]<--->EndNode1[0]
REAL
       0.38   0.0191084    0.000663    0.347798
  0.0191084      0.1125   0.0704649   0.0191327
   0.000663   0.0704649       0.105 0.000687303
   0.347798   0.0191327 0.000687303      0.4025
IMAGINARY
          0  -0.0166816   0.0138387 -0.00958796
  0.0166816           0  -0.0128559   0.0221613
 -0.0138387   0.0128559           0 -0.00731835
 0.00958796  -0.0221613  0.00731835           0
Repeater1[0]<--->HoM1[0]
REAL
   0.382716  0.00219127 -0.00601773    0.354366
 0.00219127   0.0973937   0.0623005   0.0010426
-0.00601773   0.0623005    0.111111  -0.0108977
   0.354366   0.0010426  -0.0108977    0.408779
IMAGINARY
          0  -0.0145673  0.00382454  -0.0199795
  0.0145673           0  -0.0247872   0.0201153
-0.00382454   0.0247872           0  -0.0093725
  0.0199795  -0.0201153   0.0093725           0
EndNode1[0]<--->Repeater1[0]
REAL
    0.4025 -0.0162052 -0.0107004   0.358503
-0.0162052    0.11625   0.059785 -0.0107004
-0.0107004   0.059785    0.11125 -0.0142747
  0.358503 -0.0107004 -0.0142747       0.37
IMAGINARY
          0  0.00646395   0.0160352  -0.0141689
-0.00646395           0  -0.0128769 -0.00706089
 -0.0160352   0.0128769           0  0.00122835
  0.0141689  0.00706089 -0.00122835           0
EndNode2[0]<--->HoM1[0]
REAL
   0.409326   0.0162779 -0.00733204    0.363984
  0.0162779    0.111399   0.0547655   -0.017668
-0.00733204   0.0547655   0.0816062  -0.0200279
   0.363984   -0.017668  -0.0200279    0.397668
IMAGINARY
           0    0.0109247    0.0025163 -0.000904046
  -0.0109247            0   -0.0223518  -0.00443692
  -0.0025163    0.0223518            0  -0.00516284
 0.000904046   0.00443692   0.00516284            0
Repeater1[0]<--->EndNode1[0]
REAL
    0.4025 -0.0107004 -0.0162052   0.358503
-0.0107004    0.11125   0.059785 -0.0142747
-0.0162052   0.059785    0.11625 -0.0107004
  0.358503 -0.0142747 -0.0107004       0.37
IMAGINARY
          0   0.0160352  0.00646395  -0.0141689
 -0.0160352           0   0.0128769  0.00122835
-0.00646395  -0.0128769           0 -0.00706089
  0.0141689 -0.00122835  0.00706089           0
Repeater1[0]<--->HoM1[0]
REAL
   0.409326 -0.00733204   0.0162779    0.363984
-0.00733204   0.0816062   0.0547655  -0.0200279
  0.0162779   0.0547655    0.111399   -0.017668
   0.363984  -0.0200279   -0.017668    0.397668
IMAGINARY
           0    0.0025163    0.0109247 -0.000904046
  -0.0025163            0    0.0223518  -0.00516284
  -0.0109247   -0.0223518            0  -0.00443692
 0.000904046   0.00516284   0.00443692            0
EndNode1[0]<--->Repeater1[0]
REAL
  0.393782 0.00519059 -0.0102596   0.360057
0.00519059  0.0880829  0.0504093 0.00332388
-0.0102596  0.0504093  0.0854922 -0.0184315
  0.360057 0.00332388 -0.0184315   0.432642
IMAGINARY
           0    0.0130438   -0.0191174  -0.00562227
  -0.0130438            0    0.0030842  0.000212536
   0.0191174   -0.0030842            0   0.00846861
  0.00562227 -0.000212536  -0.00846861            0
EndNode2[0]<--->HoM1[0]
REAL
   0.407263  -0.0023116 -0.00456304    0.364272
 -0.0023116    0.106355   0.0677672    0.016699
-0.00456304   0.0677672   0.0985733  0.00959316
   0.364272    0.016699  0.00959316    0.387808
IMAGINARY
          0  0.00469518   0.0131675   0.0115816
-0.00469518           0  -0.0102693 -0.00255577
 -0.0131675   0.0102693           0  0.00341967
 -0.0115816  0.00255577 -0.00341967           0
Repeater1[0]<--->EndNode1[0]
REAL
  0.393782 -0.0102596 0.00519059   0.360057
-0.0102596  0.0854922  0.0504093 -0.0184315
0.00519059  0.0504093  0.0880829 0.00332388
  0.360057 -0.0184315 0.00332388   0.432642
IMAGINARY
           0   -0.0191174    0.0130438  -0.00562227
   0.0191174            0   -0.0030842   0.00846861
  -0.0130438    0.0030842            0  0.000212536
  0.00562227  -0.00846861 -0.000212536            0
Repeater1[0]<--->HoM1[0]
REAL
   0.407263 -0.00456304  -0.0023116    0.364272
-0.00456304   0.0985733   0.0677672  0.00959316
 -0.0023116   0.0677672    0.106355    0.016699
   0.364272  0.00959316    0.016699    0.387808
IMAGINARY
          0   0.0131675  0.00469518   0.0115816
 -0.0131675           0   0.0102693  0.00341967
-0.00469518  -0.0102693           0 -0.00255577
 -0.0115816 -0.00341967  0.00255577           0
EndNode1[0]<--->Repeater1[0]
REAL
   0.384416  -0.0091214  -0.0180668    0.347856
 -0.0091214    0.120779   0.0528879 -0.00922845
 -0.0180668   0.0528879    0.102597  -0.0156925
   0.347856 -0.00922845  -0.0156925    0.392208
IMAGINARY
          0   0.0133561  0.00808625   0.0174722
 -0.0133561           0  0.00691808  0.00134771
-0.00808625 -0.00691808           0  -0.0089536
 -0.0174722 -0.00134771   0.0089536           0
EndNode2[0]<--->HoM1[0]
REAL
   0.407635  -0.0216988  0.00258145    0.358652
 -0.0216988    0.100985   0.0607242  -0.0136348
 0.00258145   0.0607242   0.0849754 -0.00755998
   0.358652  -0.0136348 -0.00755998    0.406404
IMAGINARY
          0   0.0137532  0.00802585  0.00421602
 -0.0137532           0  0.00485134  0.00233685
-0.00802585 -0.00485134           0  -0.0241159
-0.00421602 -0.00233685   0.0241159           0
Repeater1[0]<--->EndNode1[0]
REAL
   0.384416  -0.0180668  -0.0091214    0.347856
 -0.0180668    0.102597   0.0528879  -0.0156925
 -0.0091214   0.0528879    0.120779 -0.00922845
   0.347856  -0.0156925 -0.00922845    0.392208
IMAGINARY
          0  0.00808625   0.0133561   0.0174722
-0.00808625           0 -0.00691808  -0.0089536
 -0.0133561  0.00691808           0  0.00134771
 -0.0174722   0.0089536 -0.00134771           0
Repeater1[0]<--->HoM1[0]
REAL
   0.407635  0.00258145  -0.0216988    0.358652
 0.00258145   0.0849754   0.0607242 -0.00755998
 -0.0216988   0.0607242    0.100985  -0.0136348
   0.358652 -0.00755998  -0.0136348    0.406404
IMAGINARY
          0  0.00802585   0.0137532  0.00421602
-0.00802585           0 -0.00485134  -0.0241159
 -0.0137532  0.00485134           0  0.00233685
-0.00421602   0.0241159 -0.00233685           0
EndNode1[0]<--->Repeater1[0]
REAL
   0.43295 -0.0105145  0.0191281   0.366635
-0.0105145   0.104725  0.0539798 -0.0223292
 0.0191281  0.0539798  0.0945083 0.00475267
  0.366635 -0.0223292 0.00475267   0.367816
IMAGINARY
          0   0.0129756  0.00131234    0.012299
 -0.0129756           0  -0.0174938 -0.00131234
-0.00131234   0.0174938           0 -0.00180935
  -0.012299  0.00131234  0.00180935           0
EndNode2[0]<--->HoM1[0]
REAL
   0.43984 -0.0101999 -0.0169849   0.355029
-0.0101999  0.0721925  0.0562946 0.00266021
-0.0169849  0.0562946   0.078877 0.00542505
  0.355029 0.00266021 0.00542505   0.409091
IMAGINARY
         0 -0.0262573  0.0148674 -0.0105749
 0.0262573          0  0.0137841  0.0129807
-0.0148674 -0.0137841          0 -0.0079199
 0.0105749 -0.0129807  0.0079199          0
Repeater1[0]<--->EndNode1[0]
REAL
   0.43295  0.0191281 -0.0105145   0.366635
 0.0191281  0.0945083  0.0539798 0.00475267
-0.0105145  0.0539798   0.104725 -0.0223292
  0.366635 0.00475267 -0.0223292   0.367816
IMAGINARY
          0  0.00131234   0.0129756    0.012299
-0.00131234           0   0.0174938 -0.00180935
 -0.0129756  -0.0174938           0 -0.00131234
  -0.012299  0.00180935  0.00131234           0
Repeater1[0]<--->HoM1[0]
REAL
   0.43984 -0.0169849 -0.0101999   0.355029
-0.0169849   0.078877  0.0562946 0.00542505
-0.0101999  0.0562946  0.0721925 0.00266021
  0.355029 0.00542505 0.00266021   0.409091
IMAGINARY
         0  0.0148674 -0.0262573 -0.0105749
-0.0148674          0 -0.0137841 -0.0079199
 0.0262573  0.0137841          0  0.0129807
 0.0105749  0.0079199 -0.0129807          0
EndNode1[0]<--->Repeater1[0]
REAL
   0.387654  0.00552362 -0.00225901    0.362199
 0.00552362         0.1   0.0492403 -0.00573607
-0.00225901   0.0492403   0.0938272  0.00862152
   0.362199 -0.00573607  0.00862152    0.418519
IMAGINARY
          0  -0.0120401  0.00330056  -0.0115121
  0.0120401           0 -0.00448787 -0.00452305
-0.00330056  0.00448787           0 -0.00262982
  0.0115121  0.00452305  0.00262982           0
EndNode2[0]<--->HoM1[0]
REAL
   0.421703   -0.011188 0.000324254    0.372297
  -0.011188   0.0906593    0.051179 0.000324254
0.000324254    0.051179   0.0975275  0.00535143
   0.372297 0.000324254  0.00535143     0.39011
IMAGINARY
          0  -0.0218669   0.0217192  0.00592791
  0.0218669           0 -0.00722999  -0.0186137
 -0.0217192  0.00722999           0  0.00385452
-0.00592791   0.0186137 -0.00385452           0
Repeater1[0]<--->EndNode1[0]
REAL
   0.387654 -0.00225901  0.00552362    0.362199
-0.00225901   0.0938272   0.0492403  0.00862152
 0.00552362   0.0492403         0.1 -0.00573607
   0.362199  0.00862152 -0.00573607    0.418519
IMAGINARY
          0  0.00330056  -0.0120401  -0.0115121
-0.00330056           0  0.00448787 -0.00262982
  0.0120401 -0.00448787           0 -0.00452305
  0.0115121  0.00262982  0.00452305           0
Repeater1[0]<--->HoM1[0]
REAL
   0.421703 0.000324254   -0.011188    0.372297
0.000324254   0.0975275    0.051179  0.00535143
  -0.011188    0.051179   0.0906593 0.000324254
   0.372297  0.00535143 0.000324254     0.39011
IMAGINARY
          0   0.0217192  -0.0218669  0.00592791
 -0.0217192           0  0.00722999  0.00385452
  0.0218669 -0.00722999           0  -0.0186137
-0.00592791 -0.00385452   0.0186137           0
EndNode1[0]<--->Repeater1[0]
REAL
   0.381378 -0.00421904 -0.00536843    0.360711
-0.00421904    0.112245   0.0609599  -0.0116028
-0.00536843   0.0609599    0.105867  -0.0075303
   0.360711  -0.0116028  -0.0075303     0.40051
IMAGINARY
          0   -0.028466  0.00204863  -0.0145143
   0.028466           0    0.022071   0.0091454
-0.00204863   -0.022071           0   0.0234908
  0.0145143  -0.0091454  -0.0234908           0
EndNode2[0]<--->HoM1[0]
REAL
    0.36658 -0.00812298 -0.00659971    0.359519
-0.00812298    0.110104   0.0676338   0.0112355
-0.00659971   0.0676338    0.104922  0.00878523
   0.359519   0.0112355  0.00878523    0.418394
IMAGINARY
          0 -0.00916912    0.028023 -0.00971265
 0.00916912           0  0.00637487  0.00993513
  -0.028023 -0.00637487           0  -0.0117733
 0.00971265 -0.00993513   0.0117733           0
Repeater1[0]<--->EndNode1[0]
REAL
   0.381378 -0.00536843 -0.00421904    0.360711
-0.00536843    0.105867   0.0609599  -0.0075303
-0.00421904   0.0609599    0.112245  -0.0116028
   0.360711  -0.0075303  -0.0116028     0.40051
IMAGINARY
          0  0.00204863   -0.028466  -0.0145143
-0.00204863           0   -0.022071   0.0234908
   0.028466    0.022071           0   0.0091454
  0.0145143  -0.0234908  -0.0091454           0
Repeater1[0]<--->HoM1[0]
REAL
    0.36658 -0.00659971 -0.00812298    0.359519
-0.00659971    0.104922   0.0676338  0.00878523
-0.00812298   0.0676338    0.110104   0.0112355
   0.359519  0.00878523   0.0112355    0.418394
IMAGINARY
          0    0.028023 -0.00916912 -0.00971265
  -0.028023           0 -0.00637487  -0.0117733
 0.00916912  0.00637487           0  0.00993513
 0.00971265   0.0117733 -0.00993513           0
EndNode1[0]<--->Repeater1[0]
REAL
 0.403005 0.0301229 0.0357773  0.372003
0.0301229  0.105191 0.0399138 0.0121502
0.0357773 0.0399138  0.112022 0.0203953
 0.372003 0.0121502 0.0203953  0.379781
IMAGINARY
          0  0.00306373 -0.00120254 -0.00431742
-0.00306373           0  -0.0192428  -0.0025288
 0.00120254   0.0192428           0 -0.00306373
 0.00431742   0.0025288  0.00306373           0
EndNode2[0]<--->HoM1[0]
REAL
  0.372272 0.00831827  0.0190377   0.361832
0.00831827  0.0834403  0.0632017 0.00974406
 0.0190377  0.0632017   0.107831  0.0258183
  0.361832 0.00974406  0.0258183   0.436457
IMAGINARY
          0   0.0170891 -0.00768132   0.0113812
 -0.0170891           0   0.0107427    0.010421
 0.00768132  -0.0107427           0  -0.0157193
 -0.0113812   -0.010421   0.0157193           0
Repeater1[0]<--->EndNode1[0]
REAL
 0.403005 0.0357773 0.0301229  0.372003
0.0357773  0.112022 0.0399138 0.0203953
0.0301229 0.0399138  0.105191 0.0121502
 0.372003 0.0203953 0.0121502  0.379781
IMAGINARY
          0 -0.00120254  0.00306373 -0.00431742
 0.00120254           0   0.0192428 -0.00306373
-0.00306373  -0.0192428           0  -0.0025288
 0.00431742  0.00306373   0.0025288           0
Repeater1[0]<--->HoM1[0]
REAL
  0.372272  0.0190377 0.00831827   0.361832
 0.0190377   0.107831  0.0632017  0.0258183
0.00831827  0.0632017  0.0834403 0.00974406
  0.361832  0.0258183 0.00974406   0.436457
IMAGINARY
          0 -0.00768132   0.0170891   0.0113812
 0.00768132           0  -0.0107427  -0.0157193
 -0.0170891   0.0107427           0    0.010421
 -0.0113812   0.0157193   -0.010421           0
EndNode1[0]<--->Repeater1[0]
REAL
    0.37201 5.99873e-05 0.000260292    0.371847
5.99873e-05    0.111244   0.0509324   0.0171142
0.000260292   0.0509324   0.0933014   0.0121665
   0.371847   0.0171142   0.0121665    0.423445
IMAGINARY
          0   0.0259087 -0.00716064 -0.00855263
 -0.0259087           0  0.00855263  0.00389267
 0.00716064 -0.00855263           0   -0.010876
 0.00855263 -0.00389267    0.010876           0
EndNode2[0]<--->HoM1[0]
REAL
   0.417092  -0.0205461 -0.00882988    0.344904
 -0.0205461   0.0829082   0.0806548 -0.00233637
-0.00882988   0.0806548   0.0969388  -0.0055085
   0.344904 -0.00233637  -0.0055085    0.403061
IMAGINARY
          0   0.0111267   0.0101709  -0.0301686
 -0.0111267           0  0.00526443 -0.00628484
 -0.0101709 -0.00526443           0 -0.00724067
  0.0301686  0.00628484  0.00724067           0
Repeater1[0]<--->EndNode1[0]
REAL
    0.37201 0.000260292 5.99873e-05    0.371847
0.000260292   0.0933014   0.0509324   0.0121665
5.99873e-05   0.0509324    0.111244   0.0171142
   0.371847   0.0121665   0.0171142    0.423445
IMAGINARY
          0 -0.00716064   0.0259087 -0.00855263
 0.00716064           0 -0.00855263   -0.010876
 -0.0259087  0.00855263           0  0.00389267
 0.00855263    0.010876 -0.00389267           0
Repeater1[0]<--->HoM1[0]
REAL
   0.417092 -0.00882988  -0.0205461    0.344904
-0.00882988   0.0969388   0.0806548  -0.0055085
 -0.0205461   0.0806548   0.0829082 -0.00233637
   0.344904  -0.0055085 -0.00233637    0.403061
IMAGINARY
          0   0.0101709   0.0111267  -0.0301686
 -0.0101709           0 -0.00526443 -0.00724067
 -0.0111267  0.00526443           0 -0.00628484
  0.0301686  0.00724067  0.00628484           0
EndNode1[0]<--->Repeater1[0]
REAL
   0.403444  0.00366842 -0.00026238    0.351113
 0.00366842    0.105781   0.0775528  0.00224389
-0.00026238   0.0775528    0.102091  0.00623911
   0.351113  0.00224389  0.00623911    0.388684
IMAGINARY
          0 -0.00453488  -0.0115025   0.0131359
 0.00453488           0  0.00915711  0.00364906
  0.0115025 -0.00915711           0 -0.00200963
 -0.0131359 -0.00364906  0.00200963           0
EndNode2[0]<--->HoM1[0]
REAL
  0.384522 0.00227948  0.0327997   0.364168
0.00227948   0.117291  0.0586122 -0.0167122
 0.0327997  0.0586122  0.0943168   0.016382
  0.364168 -0.0167122   0.016382   0.403869
IMAGINARY
          0 -0.00669741  0.00939338  -0.0196126
 0.00669741           0  0.00568858 -0.00434288
-0.00939338 -0.00568858           0  -0.0034036
  0.0196126  0.00434288   0.0034036           0
Repeater1[0]<--->EndNode1[0]
REAL
   0.403444 -0.00026238  0.00366842    0.351113
-0.00026238    0.102091   0.0775528  0.00623911
 0.00366842   0.0775528    0.105781  0.00224389
   0.351113  0.00623911  0.00224389    0.388684
IMAGINARY
          0  -0.0115025 -0.00453488   0.0131359
  0.0115025           0 -0.00915711 -0.00200963
 0.00453488  0.00915711           0  0.00364906
 -0.0131359  0.00200963 -0.00364906           0
Repeater1[0]<--->HoM1[0]
REAL
  0.384522  0.0327997 0.00227948   0.364168
 0.0327997  0.0943168  0.0586122   0.016382
0.00227948  0.0586122   0.117291 -0.0167122
  0.364168   0.016382 -0.0167122   0.403869
IMAGINARY
          0  0.00939338 -0.00669741  -0.0196126
-0.00939338           0 -0.00568858  -0.0034036
 0.00669741  0.00568858           0 -0.00434288
  0.0196126   0.0034036  0.00434288           0
EndNode1[0]<--->Repeater1[0]
REAL
   0.377593 -0.00861923  -0.0204943    0.351232
-0.00861923   0.0982019   0.0573776   0.0158585
 -0.0204943   0.0573776    0.114799  0.00265897
   0.351232   0.0158585  0.00265897    0.409405
IMAGINARY
          0   0.0028801   0.0154942   0.0152452
 -0.0028801           0   0.0140136  -0.0161344
 -0.0154942  -0.0140136           0  0.00416215
 -0.0152452   0.0161344 -0.00416215           0
EndNode2[0]<--->HoM1[0]
REAL
   0.396129 -0.00888071  0.00141108    0.342264
-0.00888071    0.109677   0.0776385 -0.00383826
 0.00141108   0.0776385    0.108387  -0.0153911
   0.342264 -0.00383826  -0.0153911    0.385806
IMAGINARY
          0   0.0358169  0.00760453  -0.0142931
 -0.0358169           0  -0.0117486  -0.0110059
-0.00760453   0.0117486           0 -0.00928624
  0.0142931   0.0110059  0.00928624           0
Repeater1[0]<--->EndNode1[0]
REAL
   0.377593  -0.0204943 -0.00861923    0.351232
 -0.0204943    0.114799   0.0573776  0.00265897
-0.00861923   0.0573776   0.0982019   0.0158585
   0.351232  0.00265897   0.0158585    0.409405
IMAGINARY
          0   0.0154942   0.0028801   0.0152452
 -0.0154942           0  -0.0140136  0.00416215
 -0.0028801   0.0140136           0  -0.0161344
 -0.0152452 -0.00416215   0.0161344           0
Repeater1[0]<--->HoM1[0]
REAL
   0.396129  0.00141108 -0.00888071    0.342264
 0.00141108    0.108387   0.0776385  -0.0153911
-0.00888071   0.0776385    0.109677 -0.00383826
   0.342264  -0.0153911 -0.00383826    0.385806
IMAGINARY
          0  0.00760453   0.0358169  -0.0142931
-0.00760453           0   0.0117486 -0.00928624
 -0.0358169  -0.0117486           0  -0.0110059
  0.0142931  0.00928624   0.0110059           0
EndNode1[0]<--->Repeater1[0]
REAL
 0.406888 0.0187497 0.0273182  0.352805
0.0187497  0.103316  0.057093   0.01456
0.0273182  0.057093  0.105867 0.0142452
 0.352805   0.01456 0.0142452  0.383929
IMAGINARY
          0  0.00612709   0.0128062 -0.00953878
-0.00612709           0  0.00565277  -0.0172199
 -0.0128062 -0.00565277           0  -0.0168459
 0.00953878   0.0172199   0.0168459           0
EndNode2[0]<--->HoM1[0]
REAL
   0.424051  0.00521259 -0.00977836    0.356614
 0.00521259    0.108861   0.0612475  0.00782269
-0.00977836   0.0612475   0.0911392  0.00456576
   0.356614  0.00782269  0.00456576    0.375949
IMAGINARY
           0   -0.0161757 -0.000956958   0.00556148
   0.0161757            0   0.00798866   -0.0138436
 0.000956958  -0.00798866            0    0.0168192
 -0.00556148    0.0138436   -0.0168192            0
Repeater1[0]<--->EndNode1[0]
REAL
 0.406888 0.0273182 0.0187497  0.352805
0.0273182  0.105867  0.057093 0.0142452
0.0187497  0.057093  0.103316   0.01456
 0.352805 0.0142452   0.01456  0.383929
IMAGINARY
          0   0.0128062  0.00612709 -0.00953878
 -0.0128062           0 -0.00565277  -0.0168459
-0.00612709  0.00565277           0  -0.0172199
 0.00953878   0.0168459   0.0172199           0
Repeater1[0]<--->HoM1[0]
REAL
   0.424051 -0.00977836  0.00521259    0.356614
-0.00977836   0.0911392   0.0612475  0.00456576
 0.00521259   0.0612475    0.108861  0.00782269
   0.356614  0.00456576  0.00782269    0.375949
IMAGINARY
           0 -0.000956958   -0.0161757   0.00556148
 0.000956958            0  -0.00798866    0.0168192
   0.0161757   0.00798866            0   -0.0138436
 -0.00556148   -0.0168192    0.0138436            0
EndNode1[0]<--->Repeater1[0]
REAL
   0.392236   0.0141306 -0.00598287    0.345372
  0.0141306    0.100402   0.0617245  0.00920868
-0.00598287   0.0617245    0.105756  0.00715974
   0.345372  0.00920868  0.00715974    0.401606
IMAGINARY
           0   0.00438132   -0.0102843  0.000230743
 -0.00438132            0    0.0120909    0.0172026
   0.0102843   -0.0120909            0  -0.00123666
-0.000230743   -0.0172026   0.00123666            0
EndNode2[0]<--->HoM1[0]
REAL
   0.420157 -0.00144809  0.00352292    0.341403
-0.00144809    0.078534   0.0719729   0.0174962
 0.00352292   0.0719729   0.0994764   0.0199194
   0.341403   0.0174962   0.0199194    0.401832
IMAGINARY
          0  0.00909186  -0.0242714   0.0171377
-0.00909186           0   0.0210037 -0.00552137
  0.0242714  -0.0210037           0  -0.0233406
 -0.0171377  0.00552137   0.0233406           0
Repeater1[0]<--->EndNode1[0]
REAL
   0.392236 -0.00598287   0.0141306    0.345372
-0.00598287    0.105756   0.0617245  0.00715974
  0.0141306   0.0617245    0.100402  0.00920868
   0.345372  0.00715974  0.00920868    0.401606
IMAGINARY
           0   -0.0102843   0.00438132  0.000230743
   0.0102843            0   -0.0120909  -0.00123666
 -0.00438132    0.0120909            0    0.0172026
-0.000230743   0.00123666   -0.0172026            0
Repeater1[0]<--->HoM1[0]
REAL
   0.420157  0.00352292 -0.00144809    0.341403
 0.00352292   0.0994764   0.0719729   0.0199194
-0.00144809   0.0719729    0.078534   0.0174962
   0.341403   0.0199194   0.0174962    0.401832
IMAGINARY
          0  -0.0242714  0.00909186   0.0171377
  0.0242714           0  -0.0210037  -0.0233406
-0.00909186   0.0210037           0 -0.00552137
 -0.0171377   0.0233406  0.00552137           0
EndNode1[0]<--->Repeater1[0]
REAL
   0.417303    0.015799 -0.00739283    0.369256
   0.015799   0.0979644   0.0626816   0.0152462
-0.00739283   0.0626816   0.0941476 -0.00532778
   0.369256   0.0152462 -0.00532778    0.390585
IMAGINARY
          0  0.00171264 -0.00441144 -0.00217603
-0.00171264           0  -0.0203107   0.0101004
 0.00441144   0.0203107           0 -0.00866587
 0.00217603  -0.0101004  0.00866587           0
EndNode2[0]<--->HoM1[0]
REAL
   0.413934 -0.00639316   0.0015273    0.351069
-0.00639316    0.106557   0.0756394 -0.00587512
  0.0015273   0.0756394    0.102459  0.00825652
   0.351069 -0.00587512  0.00825652    0.377049
IMAGINARY
          0   -0.022702   0.0120154    0.019931
   0.022702           0  0.00207387  -0.0126759
 -0.0120154 -0.00207387           0 -0.00834164
  -0.019931   0.0126759  0.00834164           0
Repeater1[0]<--->EndNode1[0]
REAL
   0.417303 -0.00739283    0.015799    0.369256
-0.00739283   0.0941476   0.0626816 -0.00532778
   0.015799   0.0626816   0.0979644   0.0152462
   0.369256 -0.00532778   0.0152462    0.390585
IMAGINARY
          0 -0.00441144  0.00171264 -0.00217603
 0.00441144           0   0.0203107 -0.00866587
-0.00171264  -0.0203107           0   0.0101004
 0.00217603  0.00866587  -0.0101004           0
Repeater1[0]<--->HoM1[0]
REAL
   0.413934   0.0015273 -0.00639316    0.351069
  0.0015273    0.102459   0.0756394  0.00825652
-0.00639316   0.0756394    0.106557 -0.00587512
   0.351069  0.00825652 -0.00587512    0.377049
IMAGINARY
          0   0.0120154   -0.022702    0.019931
 -0.0120154           0 -0.00207387 -0.00834164
   0.022702  0.00207387           0  -0.0126759
  -0.019931  0.00834164   0.0126759           0
EndNode1[0]<--->Repeater1[0]
REAL
    0.403531    0.0199742   -0.0100496     0.352401
   0.0199742     0.113493    0.0632761 -0.000639274
  -0.0100496    0.0632761     0.103405   -0.0199742
    0.352401 -0.000639274   -0.0199742     0.379571
IMAGINARY
          0  0.00289812 -0.00188992  0.00431591
-0.00289812           0 -0.00304687   0.0231101
 0.00188992  0.00304687           0 -0.00157186
-0.00431591  -0.0231101  0.00157186           0
EndNode2[0]<--->HoM1[0]
REAL
   0.444862 -0.00161668  -0.0156866    0.373675
-0.00161668   0.0902256   0.0726856 -0.00155474
 -0.0156866   0.0726856    0.115288 -0.00796186
   0.373675 -0.00155474 -0.00796186    0.349624
IMAGINARY
         0 -0.0240246 -0.0043632 -0.0113356
 0.0240246          0  0.0106938  0.0235227
 0.0043632 -0.0106938          0 -0.0112041
 0.0113356 -0.0235227  0.0112041          0
Repeater1[0]<--->EndNode1[0]
REAL
    0.403531   -0.0100496    0.0199742     0.352401
  -0.0100496     0.103405    0.0632761   -0.0199742
   0.0199742    0.0632761     0.113493 -0.000639274
    0.352401   -0.0199742 -0.000639274     0.379571
IMAGINARY
          0 -0.00188992  0.00289812  0.00431591
 0.00188992           0  0.00304687 -0.00157186
-0.00289812 -0.00304687           0   0.0231101
-0.00431591  0.00157186  -0.0231101           0
Repeater1[0]<--->HoM1[0]
REAL
   0.444862  -0.0156866 -0.00161668    0.373675
 -0.0156866    0.115288   0.0726856 -0.00796186
-0.00161668   0.0726856   0.0902256 -0.00155474
   0.373675 -0.00796186 -0.00155474    0.349624
IMAGINARY
         0 -0.0043632 -0.0240246 -0.0113356
 0.0043632          0 -0.0106938 -0.0112041
 0.0240246  0.0106938          0  0.0235227
 0.0113356  0.0112041 -0.0235227          0
EndNode1[0]<--->Repeater1[0]
REAL
   0.367021  0.00261446  0.00516632    0.356989
 0.00261446    0.113032   0.0725503  0.00838382
 0.00516632   0.0725503    0.107713 9.55677e-05
   0.356989  0.00838382 9.55677e-05    0.412234
IMAGINARY
           0 -3.29589e-05   -0.0103267    0.0214426
 3.29589e-05            0    0.0135892    0.0065002
   0.0103267   -0.0135892            0     0.005135
  -0.0214426   -0.0065002    -0.005135            0
EndNode2[0]<--->HoM1[0]
REAL
   0.408364  0.00109388 -0.00143166    0.354712
 0.00109388   0.0922509   0.0549738  0.00404946
-0.00143166   0.0549738    0.107011  -0.0102562
   0.354712  0.00404946  -0.0102562    0.392374
IMAGINARY
           0   -0.0138056  0.000612453   0.00517716
   0.0138056            0  -0.00648265   0.00462315
-0.000612453   0.00648265            0   0.00202551
 -0.00517716  -0.00462315  -0.00202551            0
Repeater1[0]<--->EndNode1[0]
REAL
   0.367021  0.00516632  0.00261446    0.356989
 0.00516632    0.107713   0.0725503 9.55677e-05
 0.00261446   0.0725503    0.113032  0.00838382
   0.356989 9.55677e-05  0.00838382    0.412234
IMAGINARY
           0   -0.0103267 -3.29589e-05    0.0214426
   0.0103267            0   -0.0135892     0.005135
 3.29589e-05    0.0135892            0    0.0065002
  -0.0214426    -0.005135   -0.0065002            0
Repeater1[0]<--->HoM1[0]
REAL
   0.408364 -0.00143166  0.00109388    0.354712
-0.00143166    0.107011   0.0549738  -0.0102562
 0.00109388   0.0549738   0.0922509  0.00404946
   0.354712  -0.0102562  0.00404946    0.392374
IMAGINARY
           0  0.000612453   -0.0138056   0.00517716
-0.000612453            0   0.00648265   0.00202551
   0.0138056  -0.00648265            0   0.00462315
 -0.00517716  -0.00202551  -0.00462315            0
EndNode1[0]<--->Repeater1[0]
REAL
   0.388387 -0.00592021 -0.00413819    0.347882
-0.00592021    0.101935    0.069686  0.00548954
-0.00413819    0.069686    0.110968   0.0140283
   0.347882  0.00548954   0.0140283     0.39871
IMAGINARY
          0  0.00830576   -0.018093   0.0194969
-0.00830576           0   0.0257158  -0.0320324
   0.018093  -0.0257158           0  0.00297243
 -0.0194969   0.0320324 -0.00297243           0
EndNode2[0]<--->HoM1[0]
REAL
 0.429708 0.0103417 0.0231382  0.368227
0.0103417 0.0994695 0.0604318 0.0205272
0.0231382 0.0604318  0.104775 0.0161036
 0.368227 0.0205272 0.0161036  0.366048
IMAGINARY
           0    0.0313043   -0.0197048   0.00786887
  -0.0313043            0   -0.0310051   -0.0179296
   0.0197048    0.0310051            0 -0.000390359
 -0.00786887    0.0179296  0.000390359            0
Repeater1[0]<--->EndNode1[0]
REAL
   0.388387 -0.00413819 -0.00592021    0.347882
-0.00413819    0.110968    0.069686   0.0140283
-0.00592021    0.069686    0.101935  0.00548954
   0.347882   0.0140283  0.00548954     0.39871
IMAGINARY
          0   -0.018093  0.00830576   0.0194969
   0.018093           0  -0.0257158  0.00297243
-0.00830576   0.0257158           0  -0.0320324
 -0.0194969 -0.00297243   0.0320324           0
Repeater1[0]<--->HoM1[0]
REAL
 0.429708 0.0231382 0.0103417  0.368227
0.0231382  0.104775 0.0604318 0.0161036
0.0103417 0.0604318 0.0994695 0.0205272
 0.368227 0.0161036 0.0205272  0.366048
IMAGINARY
           0   -0.0197048    0.0313043   0.00786887
   0.0197048            0    0.0310051 -0.000390359
  -0.0313043   -0.0310051            0   -0.0179296
 -0.00786887  0.000390359    0.0179296            0
EndNode1[0]<--->Repeater1[0]
REAL
   0.399258  -0.0223622 -0.00345955    0.362014
 -0.0223622   0.0766378   0.0667388  -0.0054463
-0.00345955   0.0667388   0.0964153   0.0160009
   0.362014  -0.0054463   0.0160009    0.427689
IMAGINARY
          0  -0.0019875  -0.0057001   0.0139337
  0.0019875           0  0.00938235  -0.0100479
  0.0057001 -0.00938235           0   0.0124862
 -0.0139337   0.0100479  -0.0124862           0
EndNode2[0]<--->HoM1[0]
REAL
  0.382904   0.019927 0.00143354   0.374414
  0.019927  0.0936768  0.0542503  0.0277493
0.00143354  0.0542503   0.112412 0.00795889
  0.374414  0.0277493 0.00795889   0.411007
IMAGINARY
          0   -0.026421   0.0167495   0.0179628
   0.026421           0  0.00775869   0.0213976
 -0.0167495 -0.00775869           0  0.00462261
 -0.0179628  -0.0213976 -0.00462261           0
Repeater1[0]<--->EndNode1[0]
REAL
   0.399258 -0.00345955  -0.0223622    0.362014
-0.00345955   0.0964153   0.0667388   0.0160009
 -0.0223622   0.0667388   0.0766378  -0.0054463
   0.362014   0.0160009  -0.0054463    0.427689
IMAGINARY
          0  -0.0057001  -0.0019875   0.0139337
  0.0057001           0 -0.00938235   0.0124862
  0.0019875  0.00938235           0  -0.0100479
 -0.0139337  -0.0124862   0.0100479           0
Repeater1[0]<--->HoM1[0]
REAL
  0.382904 0.00143354   0.019927   0.374414
0.00143354   0.112412  0.0542503 0.00795889
  0.019927  0.0542503  0.0936768  0.0277493
  0.374414 0.00795889  0.0277493   0.411007
IMAGINARY
          0   0.0167495   -0.026421   0.0179628
 -0.0167495           0 -0.00775869  0.00462261
   0.026421  0.00775869           0   0.0213976
 -0.0179628 -0.00462261  -0.0213976           0
EndNode1[0]<--->Repeater1[0]
REAL
  0.404645 0.00653996 0.00287799   0.343178
0.00653996   0.094132  0.0754112  0.0235806
0.00287799  0.0754112   0.102689   0.017205
  0.343178  0.0235806   0.017205   0.398533
IMAGINARY
           0    -0.010804 -0.000925718   -0.0120411
    0.010804            0   -0.0106861  -0.00288139
 0.000925718    0.0106861            0   -0.0120386
   0.0120411   0.00288139    0.0120386            0
EndNode2[0]<--->HoM1[0]
REAL
   0.404762  0.00381923 -0.00387075     0.35314
 0.00381923   0.0977444   0.0701336   0.0230523
-0.00387075   0.0701336    0.101504   0.0153624
    0.35314   0.0230523   0.0153624     0.39599
IMAGINARY
           0    0.0101492   -0.0184818  0.000247098
  -0.0101492            0    0.0054419  -0.00308686
   0.0184818   -0.0054419            0   0.00880508
-0.000247098   0.00308686  -0.00880508            0
Repeater1[0]<--->EndNode1[0]
REAL
  0.404645 0.00287799 0.00653996   0.343178
0.00287799   0.102689  0.0754112   0.017205
0.00653996  0.0754112   0.094132  0.0235806
