EndNode1[0]<--->Repeater1[0]
REAL
    0.46285  0.00216956   0.0139066    0.402238
 0.00216956   0.0414129 -0.00334742  -0.0231545
  0.0139066 -0.00334742    0.047503  -0.0114174
   0.402238  -0.0231545  -0.0114174    0.448234
IMAGINARY
          0 -0.00177333  0.00730683  0.00303369
 0.00177333           0    0.051546  0.00599104
-0.00730683   -0.051546           0 -0.00753518
-0.00303369 -0.00599104  0.00753518           0
EndNode2[0]<--->HoM1[0]
REAL
  0.454545 -0.0026859 0.00515667    0.40736
-0.0026859  0.0385675  0.0144563  0.0106063
0.00515667  0.0144563  0.0550964  0.0134047
   0.40736  0.0106063  0.0134047   0.451791
IMAGINARY
           0 -0.000248269  0.000347395   0.00486618
 0.000248269            0    0.0122487   0.00158809
-0.000347395   -0.0122487            0   -0.0107195
 -0.00486618  -0.00158809    0.0107195            0
Repeater1[0]<--->EndNode1[0]
REAL
    0.46285   0.0139066  0.00216956    0.402238
  0.0139066    0.047503 -0.00334742  -0.0114174
 0.00216956 -0.00334742   0.0414129  -0.0231545
   0.402238  -0.0114174  -0.0231545    0.448234
IMAGINARY
          0  0.00730683 -0.00177333  0.00303369
-0.00730683           0   -0.051546 -0.00753518
 0.00177333    0.051546           0  0.00599104
-0.00303369  0.00753518 -0.00599104           0
Repeater1[0]<--->HoM1[0]
REAL
  0.454545 0.00515667 -0.0026859    0.40736
0.00515667  0.0550964  0.0144563  0.0134047
-0.0026859  0.0144563  0.0385675  0.0106063
   0.40736  0.0134047  0.0106063   0.451791
IMAGINARY
           0  0.000347395 -0.000248269   0.00486618
-0.000347395            0   -0.0122487   -0.0107195
 0.000248269    0.0122487            0   0.00158809
 -0.00486618    0.0107195  -0.00158809            0
EndNode1[0]<--->Repeater1[0]
REAL
  0.469251  0.0189139  0.0072755   0.403063
 0.0189139  0.0320856 0.00659829 0.00338949
 0.0072755 0.00659829  0.0628342 -0.0182866
  0.403063 0.00338949 -0.0182866   0.435829
IMAGINARY
           0 -0.000647175     0.005344   -0.0183776
 0.000647175            0   0.00569397   -0.0103945
   -0.005344  -0.00569397            0  -0.00692858
   0.0183776    0.0103945   0.00692858            0
EndNode2[0]<--->HoM1[0]
REAL
  0.457393  0.0197834 0.00822103   0.428213
 0.0197834  0.0413534 0.00314817  0.0101222
0.00822103 0.00314817  0.0426065   0.012761
  0.428213  0.0101222   0.012761   0.458647
IMAGINARY
           0  -0.00858904 -0.000104193  0.000715194
  0.00858904            0     0.019946   0.00527215
 0.000104193    -0.019946            0   0.00342108
-0.000715194  -0.00527215  -0.00342108            0
Repeater1[0]<--->EndNode1[0]
REAL
  0.469251  0.0072755  0.0189139   0.403063
 0.0072755  0.0628342 0.00659829 -0.0182866
 0.0189139 0.00659829  0.0320856 0.00338949
  0.403063 -0.0182866 0.00338949   0.435829
IMAGINARY
           0     0.005344 -0.000647175   -0.0183776
   -0.005344            0  -0.00569397  -0.00692858
 0.000647175   0.00569397            0   -0.0103945
   0.0183776   0.00692858    0.0103945            0
Repeater1[0]<--->HoM1[0]
REAL
  0.457393 0.00822103  0.0197834   0.428213
0.00822103  0.0426065 0.00314817   0.012761
 0.0197834 0.00314817  0.0413534  0.0101222
  0.428213   0.012761  0.0101222   0.458647
IMAGINARY
           0 -0.000104193  -0.00858904  0.000715194
 0.000104193            0    -0.019946   0.00342108
  0.00858904     0.019946            0   0.00527215
-0.000715194  -0.00342108  -0.00527215            0
EndNode1[0]<--->Repeater1[0]
REAL
   0.493766   0.0111435 -0.00136142     0.39207
  0.0111435   0.0498753  0.00404966  0.00449033
-0.00136142  0.00404966   0.0486284  0.00575264
    0.39207  0.00449033  0.00575264    0.407731
IMAGINARY
          0   0.0153058  -0.0299479  0.00728617
 -0.0153058           0  0.00097304   0.0182292
  0.0299479 -0.00097304           0   0.0172463
-0.00728617  -0.0182292  -0.0172463           0
EndNode2[0]<--->HoM1[0]
REAL
   0.503374 -0.00669148 -0.00851632    0.425574
-0.00669148   0.0350877 -0.00219712  -0.0252499
-0.00851632 -0.00219712   0.0458839   -0.012789
   0.425574  -0.0252499   -0.012789    0.415655
IMAGINARY
          0 -0.00792187  0.00296686  -0.0213999
 0.00792187           0   0.0262192 -0.00608018
-0.00296686  -0.0262192           0   0.0135259
  0.0213999  0.00608018  -0.0135259           0
Repeater1[0]<--->EndNode1[0]
REAL
   0.493766 -0.00136142   0.0111435     0.39207
-0.00136142   0.0486284  0.00404966  0.00575264
  0.0111435  0.00404966   0.0498753  0.00449033
    0.39207  0.00575264  0.00449033    0.407731
IMAGINARY
          0  -0.0299479   0.0153058  0.00728617
  0.0299479           0 -0.00097304   0.0172463
 -0.0153058  0.00097304           0   0.0182292
-0.00728617  -0.0172463  -0.0182292           0
Repeater1[0]<--->HoM1[0]
REAL
   0.503374 -0.00851632 -0.00669148    0.425574
-0.00851632   0.0458839 -0.00219712   -0.012789
-0.00669148 -0.00219712   0.0350877  -0.0252499
   0.425574   -0.012789  -0.0252499    0.415655
IMAGINARY
          0  0.00296686 -0.00792187  -0.0213999
-0.00296686           0  -0.0262192   0.0135259
 0.00792187   0.0262192           0 -0.00608018
  0.0213999  -0.0135259  0.00608018           0
EndNode1[0]<--->Repeater1[0]
REAL
   0.458122  0.00114796  -0.0243332    0.412385
 0.00114796   0.0431472 0.000658762  0.00507855
 -0.0243332 0.000658762   0.0494924  -0.0154337
   0.412385  0.00507855  -0.0154337    0.449239
IMAGINARY
           0   -0.0134926    0.0315237   0.00112514
   0.0134926            0    0.0123192 -0.000561885
  -0.0315237   -0.0123192            0   -0.0108816
 -0.00112514  0.000561885    0.0108816            0
EndNode2[0]<--->HoM1[0]
REAL
    0.488943  -0.00238374    0.0111893     0.409384
 -0.00238374    0.0405405    0.0018838    0.0014868
   0.0111893    0.0018838     0.041769 -0.000433158
    0.409384    0.0014868 -0.000433158     0.428747
IMAGINARY
           0   -0.0224167    0.0103184   -0.0140258
   0.0224167            0  0.000936794    0.0084316
  -0.0103184 -0.000936794            0  -0.00883328
   0.0140258   -0.0084316   0.00883328            0
Repeater1[0]<--->EndNode1[0]
REAL
   0.458122  -0.0243332  0.00114796    0.412385
 -0.0243332   0.0494924 0.000658762  -0.0154337
 0.00114796 0.000658762   0.0431472  0.00507855
   0.412385  -0.0154337  0.00507855    0.449239
IMAGINARY
           0    0.0315237   -0.0134926   0.00112514
  -0.0315237            0   -0.0123192   -0.0108816
   0.0134926    0.0123192            0 -0.000561885
 -0.00112514    0.0108816  0.000561885            0
Repeater1[0]<--->HoM1[0]
REAL
    0.488943    0.0111893  -0.00238374     0.409384
   0.0111893     0.041769    0.0018838 -0.000433158
 -0.00238374    0.0018838    0.0405405    0.0014868
    0.409384 -0.000433158    0.0014868     0.428747
IMAGINARY
           0    0.0103184   -0.0224167   -0.0140258
  -0.0103184            0 -0.000936794  -0.00883328
   0.0224167  0.000936794            0    0.0084316
   0.0140258   0.00883328   -0.0084316            0
EndNode1[0]<--->Repeater1[0]
REAL
   0.446565   0.0165805   0.0219916    0.406581
  0.0165805    0.043257 -0.00464584  -0.0084432
  0.0219916 -0.00464584   0.0597964 -0.00561273
   0.406581  -0.0084432 -0.00561273    0.450382
IMAGINARY
           0   0.00852778    0.0137417   -0.0154432
 -0.00852778            0  -0.00269152   -0.0124363
  -0.0137417   0.00269152            0  0.000610604
   0.0154432    0.0124363 -0.000610604            0
EndNode2[0]<--->HoM1[0]
REAL
    0.43257  0.00452602   0.0159136    0.397717
 0.00452602   0.0407125 -0.00215595  0.00497411
  0.0159136 -0.00215595   0.0470738   0.0111398
   0.397717  0.00497411   0.0111398    0.479644
IMAGINARY
          0  0.00681012  0.00698215   0.0076429
-0.00681012           0  0.00124903  0.00252355
-0.00698215 -0.00124903           0  -0.0125135
 -0.0076429 -0.00252355   0.0125135           0
Repeater1[0]<--->EndNode1[0]
REAL
   0.446565   0.0219916   0.0165805    0.406581
  0.0219916   0.0597964 -0.00464584 -0.00561273
  0.0165805 -0.00464584    0.043257  -0.0084432
   0.406581 -0.00561273  -0.0084432    0.450382
IMAGINARY
           0    0.0137417   0.00852778   -0.0154432
  -0.0137417            0   0.00269152  0.000610604
 -0.00852778  -0.00269152            0   -0.0124363
   0.0154432 -0.000610604    0.0124363            0
Repeater1[0]<--->HoM1[0]
REAL
    0.43257   0.0159136  0.00452602    0.397717
  0.0159136   0.0470738 -0.00215595   0.0111398
 0.00452602 -0.00215595   0.0407125  0.00497411
   0.397717   0.0111398  0.00497411    0.479644
IMAGINARY
          0  0.00698215  0.00681012   0.0076429
-0.00698215           0 -0.00124903  -0.0125135
-0.00681012  0.00124903           0  0.00252355
 -0.0076429   0.0125135 -0.00252355           0
EndNode1[0]<--->Repeater1[0]
REAL
   0.468232 -0.00251181  -0.0166761    0.415186
-0.00251181   0.0331492  0.00889762  0.00227817
 -0.0166761  0.00889762   0.0414365  0.00905631
   0.415186  0.00227817  0.00905631    0.457182
IMAGINARY
          0  -0.0170241  0.00163516  0.00761589
  0.0170241           0  0.00761589    0.015011
-0.00163516 -0.00761589           0  -0.0094864
-0.00761589   -0.015011   0.0094864           0
EndNode2[0]<--->HoM1[0]
REAL
  0.459144 -0.0179239  -0.016567   0.407964
-0.0179239  0.0466926 0.00399434  0.0093397
 -0.016567 0.00399434  0.0428016 -0.0116425
  0.407964  0.0093397 -0.0116425   0.451362
IMAGINARY
          0    0.013146 -0.00216949 -0.00634969
  -0.013146           0  -0.0265057 -0.00871399
 0.00216949   0.0265057           0 -0.00354292
 0.00634969  0.00871399  0.00354292           0
Repeater1[0]<--->EndNode1[0]
REAL
   0.468232  -0.0166761 -0.00251181    0.415186
 -0.0166761   0.0414365  0.00889762  0.00905631
-0.00251181  0.00889762   0.0331492  0.00227817
   0.415186  0.00905631  0.00227817    0.457182
IMAGINARY
          0  0.00163516  -0.0170241  0.00761589
-0.00163516           0 -0.00761589  -0.0094864
  0.0170241  0.00761589           0    0.015011
-0.00761589   0.0094864   -0.015011           0
Repeater1[0]<--->HoM1[0]
REAL
  0.459144  -0.016567 -0.0179239   0.407964
 -0.016567  0.0428016 0.00399434 -0.0116425
-0.0179239 0.00399434  0.0466926  0.0093397
  0.407964 -0.0116425  0.0093397   0.451362
IMAGINARY
          0 -0.00216949    0.013146 -0.00634969
 0.00216949           0   0.0265057 -0.00354292
  -0.013146  -0.0265057           0 -0.00871399
 0.00634969  0.00354292  0.00871399           0
EndNode1[0]<--->Repeater1[0]
REAL
   0.457249 -0.00729433  0.00326042    0.402106
-0.00729433   0.0520446  0.00600211   0.0116044
 0.00326042  0.00600211   0.0483271   0.0140511
   0.402106   0.0116044   0.0140511    0.442379
IMAGINARY
          0  -0.0121965  -0.0107274 -0.00543762
  0.0121965           0  0.00672628  0.00942867
  0.0107274 -0.00672628           0   0.0083004
 0.00543762 -0.00942867  -0.0083004           0
EndNode2[0]<--->HoM1[0]
REAL
   0.439735   0.0118108 -0.00630986    0.417157
  0.0118108   0.0463576  0.00989882  0.00896238
-0.00630986  0.00989882   0.0423841  -0.0051795
   0.417157  0.00896238  -0.0051795    0.471523
IMAGINARY
          0  0.00113836  0.00225216  -0.0171703
-0.00113836           0  0.00348056 -0.00628442
-0.00225216 -0.00348056           0  -0.0065147
  0.0171703  0.00628442   0.0065147           0
Repeater1[0]<--->EndNode1[0]
REAL
   0.457249  0.00326042 -0.00729433    0.402106
 0.00326042   0.0483271  0.00600211   0.0140511
-0.00729433  0.00600211   0.0520446   0.0116044
   0.402106   0.0140511   0.0116044    0.442379
IMAGINARY
          0  -0.0107274  -0.0121965 -0.00543762
  0.0107274           0 -0.00672628   0.0083004
  0.0121965  0.00672628           0  0.00942867
 0.00543762  -0.0083004 -0.00942867           0
Repeater1[0]<--->HoM1[0]
REAL
   0.439735 -0.00630986   0.0118108    0.417157
-0.00630986   0.0423841  0.00989882  -0.0051795
  0.0118108  0.00989882   0.0463576  0.00896238
   0.417157  -0.0051795  0.00896238    0.471523
IMAGINARY
          0  0.00225216  0.00113836  -0.0171703
-0.00225216           0 -0.00348056  -0.0065147
-0.00113836  0.00348056           0 -0.00628442
  0.0171703   0.0065147  0.00628442           0
EndNode1[0]<--->Repeater1[0]
REAL
    0.456962 -0.000560025     0.013543      0.40835
-0.000560025    0.0556962  0.000374686  -0.00884504
    0.013543  0.000374686    0.0506329    0.0159963
     0.40835  -0.00884504    0.0159963     0.436709
IMAGINARY
          0 -0.00369375  0.00867218  0.00825875
 0.00369375           0 -0.00570773 -0.00683169
-0.00867218  0.00570773           0  -0.0140977
-0.00825875  0.00683169   0.0140977           0
EndNode2[0]<--->HoM1[0]
REAL
  0.452528 -0.0165782  -0.015252   0.410765
-0.0165782  0.0369914 0.00435455  -0.015252
 -0.015252 0.00435455  0.0493218 -0.0165782
  0.410765  -0.015252 -0.0165782   0.461159
IMAGINARY
           0  0.000439857  0.000118866   -0.0024799
-0.000439857            0   -0.0100366    0.0127016
-0.000118866    0.0100366            0    0.0085345
   0.0024799   -0.0127016   -0.0085345            0
Repeater1[0]<--->EndNode1[0]
REAL
    0.456962     0.013543 -0.000560025      0.40835
    0.013543    0.0506329  0.000374686    0.0159963
-0.000560025  0.000374686    0.0556962  -0.00884504
     0.40835    0.0159963  -0.00884504     0.436709
IMAGINARY
          0  0.00867218 -0.00369375  0.00825875
-0.00867218           0  0.00570773  -0.0140977
 0.00369375 -0.00570773           0 -0.00683169
-0.00825875   0.0140977  0.00683169           0
Repeater1[0]<--->HoM1[0]
REAL
  0.452528  -0.015252 -0.0165782   0.410765
 -0.015252  0.0493218 0.00435455 -0.0165782
-0.0165782 0.00435455  0.0369914  -0.015252
  0.410765 -0.0165782  -0.015252   0.461159
IMAGINARY
           0  0.000118866  0.000439857   -0.0024799
-0.000118866            0    0.0100366    0.0085345
-0.000439857   -0.0100366            0    0.0127016
   0.0024799   -0.0085345   -0.0127016            0
EndNode1[0]<--->Repeater1[0]
REAL
  0.462366  0.0130272  0.0192156   0.404436
 0.0130272  0.0501792 0.00532957  0.0135409
 0.0192156 0.00532957  0.0382318  0.0110766
  0.404436  0.0135409  0.0110766   0.449223
IMAGINARY
           0  -0.00162827   -0.0253491   0.00223935
  0.00162827            0  0.000937268  -0.00849513
   0.0253491 -0.000937268            0    0.0239782
 -0.00223935   0.00849513   -0.0239782            0
EndNode2[0]<--->HoM1[0]
REAL
   0.460154 -0.00572385   0.0119441    0.413961
-0.00572385   0.0411311 -0.00853878  -0.0163578
  0.0119441 -0.00853878   0.0437018 -0.00247287
   0.413961  -0.0163578 -0.00247287    0.455013
IMAGINARY
          0  -0.0139402 -0.00882911  0.00845291
  0.0139402           0   0.0152347  0.00382911
 0.00882911  -0.0152347           0  0.00644022
-0.00845291 -0.00382911 -0.00644022           0
Repeater1[0]<--->EndNode1[0]
REAL
  0.462366  0.0192156  0.0130272   0.404436
 0.0192156  0.0382318 0.00532957  0.0110766
 0.0130272 0.00532957  0.0501792  0.0135409
  0.404436  0.0110766  0.0135409   0.449223
IMAGINARY
           0   -0.0253491  -0.00162827   0.00223935
   0.0253491            0 -0.000937268    0.0239782
  0.00162827  0.000937268            0  -0.00849513
 -0.00223935   -0.0239782   0.00849513            0
Repeater1[0]<--->HoM1[0]
REAL
   0.460154   0.0119441 -0.00572385    0.413961
  0.0119441   0.0437018 -0.00853878 -0.00247287
-0.00572385 -0.00853878   0.0411311  -0.0163578
   0.413961 -0.00247287  -0.0163578    0.455013
IMAGINARY
          0 -0.00882911  -0.0139402  0.00845291
 0.00882911           0  -0.0152347  0.00644022
  0.0139402   0.0152347           0  0.00382911
-0.00845291 -0.00644022 -0.00382911           0
EndNode1[0]<--->Repeater1[0]
REAL
    0.46912   0.0179574  0.00194197    0.408031
  0.0179574    0.043364 -0.00643483   0.0326325
 0.00194197 -0.00643483   0.0538765   0.0139574
   0.408031   0.0326325   0.0139574     0.43364
IMAGINARY
          0  -0.0195371    0.021039   0.0067715
  0.0195371           0  0.00413992  -0.0216679
  -0.021039 -0.00413992           0  0.00255595
 -0.0067715   0.0216679 -0.00255595           0
EndNode2[0]<--->HoM1[0]
REAL
   0.447876  -0.0176084  0.00366562    0.414294
 -0.0176084   0.0527671 -0.00114244  -0.0073877
 0.00366562 -0.00114244    0.045045  0.00644219
   0.414294  -0.0073877  0.00644219    0.454311
IMAGINARY
          0  0.00768055    0.010697 -0.00872578
-0.00768055           0  -0.0106917 -0.00465677
  -0.010697   0.0106917           0 -0.00969397
 0.00872578  0.00465677  0.00969397           0
Repeater1[0]<--->EndNode1[0]
REAL
    0.46912  0.00194197   0.0179574    0.408031
 0.00194197   0.0538765 -0.00643483   0.0139574
  0.0179574 -0.00643483    0.043364   0.0326325
   0.408031   0.0139574   0.0326325     0.43364
IMAGINARY
          0    0.021039  -0.0195371   0.0067715
  -0.021039           0 -0.00413992  0.00255595
  0.0195371  0.00413992           0  -0.0216679
 -0.0067715 -0.00255595   0.0216679           0
Repeater1[0]<--->HoM1[0]
REAL
   0.447876  0.00366562  -0.0176084    0.414294
 0.00366562    0.045045 -0.00114244  0.00644219
 -0.0176084 -0.00114244   0.0527671  -0.0073877
   0.414294  0.00644219  -0.0073877    0.454311
IMAGINARY
          0    0.010697  0.00768055 -0.00872578
  -0.010697           0   0.0106917 -0.00969397
-0.00768055  -0.0106917           0 -0.00465677
 0.00872578  0.00969397  0.00465677           0
EndNode1[0]<--->Repeater1[0]
REAL
    0.409204   0.00240998  0.000599474     0.404768
  0.00240998    0.0609453   0.00640322   0.00680295
 0.000599474   0.00640322    0.0646766 -0.000391139
    0.404768   0.00680295 -0.000391139     0.465174
IMAGINARY
          0  0.00699977 -0.00847042   0.0172711
-0.00699977           0 -0.00302413  -0.0125576
 0.00847042  0.00302413           0   0.0151965
 -0.0172711   0.0125576  -0.0151965           0
EndNode2[0]<--->HoM1[0]
REAL
   0.478562  -0.0155962 -0.00215083    0.416279
 -0.0155962    0.055325 -0.00884768  -0.0128427
-0.00215083 -0.00884768   0.0373444    0.022767
   0.416279  -0.0128427    0.022767    0.428769
IMAGINARY
         0  0.0405706 -0.0119859  0.0369736
-0.0405706          0  0.0158818 -0.0298923
 0.0119859 -0.0158818          0  0.0101908
-0.0369736  0.0298923 -0.0101908          0
Repeater1[0]<--->EndNode1[0]
REAL
    0.409204  0.000599474   0.00240998     0.404768
 0.000599474    0.0646766   0.00640322 -0.000391139
  0.00240998   0.00640322    0.0609453   0.00680295
    0.404768 -0.000391139   0.00680295     0.465174
IMAGINARY
          0 -0.00847042  0.00699977   0.0172711
 0.00847042           0  0.00302413   0.0151965
-0.00699977 -0.00302413           0  -0.0125576
 -0.0172711  -0.0151965   0.0125576           0
Repeater1[0]<--->HoM1[0]
REAL
   0.478562 -0.00215083  -0.0155962    0.416279
-0.00215083   0.0373444 -0.00884768    0.022767
 -0.0155962 -0.00884768    0.055325  -0.0128427
   0.416279    0.022767  -0.0128427    0.428769
IMAGINARY
         0 -0.0119859  0.0405706  0.0369736
 0.0119859          0 -0.0158818  0.0101908
-0.0405706  0.0158818          0 -0.0298923
-0.0369736 -0.0101908  0.0298923          0
EndNode1[0]<--->Repeater1[0]
REAL
  0.449057  0.0131954 -0.0025241   0.406497
 0.0131954  0.0490566 0.00530619  0.0109547
-0.0025241 0.00530619  0.0402516  0.0030173
  0.406497  0.0109547  0.0030173   0.461635
IMAGINARY
          0 -0.00155985  -0.0083668 -0.00298946
 0.00155985           0 -0.00756463   0.0083668
  0.0083668  0.00756463           0   0.0122741
 0.00298946  -0.0083668  -0.0122741           0
EndNode2[0]<--->HoM1[0]
REAL
   0.457143  -0.0177767 -0.00802905     0.40086
 -0.0177767   0.0670807 -0.00232817 -0.00999498
-0.00802905 -0.00232817   0.0434783   0.0131038
    0.40086 -0.00999498   0.0131038    0.432298
IMAGINARY
          0   -0.013004   0.0182746  -0.0107248
   0.013004           0 -0.00084335  -0.0011554
 -0.0182746  0.00084335           0 -0.00647655
  0.0107248   0.0011554  0.00647655           0
Repeater1[0]<--->EndNode1[0]
REAL
  0.449057 -0.0025241  0.0131954   0.406497
-0.0025241  0.0402516 0.00530619  0.0030173
 0.0131954 0.00530619  0.0490566  0.0109547
  0.406497  0.0030173  0.0109547   0.461635
IMAGINARY
          0  -0.0083668 -0.00155985 -0.00298946
  0.0083668           0  0.00756463   0.0122741
 0.00155985 -0.00756463           0   0.0083668
 0.00298946  -0.0122741  -0.0083668           0
Repeater1[0]<--->HoM1[0]
REAL
   0.457143 -0.00802905  -0.0177767     0.40086
-0.00802905   0.0434783 -0.00232817   0.0131038
 -0.0177767 -0.00232817   0.0670807 -0.00999498
    0.40086   0.0131038 -0.00999498    0.432298
IMAGINARY
          0   0.0182746   -0.013004  -0.0107248
 -0.0182746           0  0.00084335 -0.00647655
   0.013004 -0.00084335           0  -0.0011554
  0.0107248  0.00647655   0.0011554           0
EndNode1[0]<--->Repeater1[0]
REAL
   0.460759 -0.00361663 -0.00379581    0.405987
-0.00361663   0.0518987  0.00852047  -0.0182249
-0.00379581  0.00852047   0.0455696  -0.0080414
   0.405987  -0.0182249  -0.0080414    0.441772
IMAGINARY
          0  -0.0181881 -0.00348073   0.0191049
  0.0181881           0  0.00631886   0.0149403
 0.00348073 -0.00631886           0  -0.0161907
 -0.0191049  -0.0149403   0.0161907           0
EndNode2[0]<--->HoM1[0]
REAL
   0.493168 -0.00077641 0.000180458    0.412679
-0.00077641    0.047205  0.00979165  0.00704687
0.000180458  0.00979165   0.0596273   0.0093178
   0.412679  0.00704687   0.0093178         0.4
IMAGINARY
          0 -0.00361704  0.00697211  -0.0020394
 0.00361704           0  -0.0104919 -0.00697211
-0.00697211   0.0104919           0  -0.0147557
  0.0020394  0.00697211   0.0147557           0
Repeater1[0]<--->EndNode1[0]
REAL
   0.460759 -0.00379581 -0.00361663    0.405987
-0.00379581   0.0455696  0.00852047  -0.0080414
-0.00361663  0.00852047   0.0518987  -0.0182249
   0.405987  -0.0080414  -0.0182249    0.441772
IMAGINARY
          0 -0.00348073  -0.0181881   0.0191049
 0.00348073           0 -0.00631886  -0.0161907
  0.0181881  0.00631886           0   0.0149403
 -0.0191049   0.0161907  -0.0149403           0
Repeater1[0]<--->HoM1[0]
REAL
   0.493168 0.000180458 -0.00077641    0.412679
0.000180458   0.0596273  0.00979165   0.0093178
-0.00077641  0.00979165    0.047205  0.00704687
   0.412679   0.0093178  0.00704687         0.4
IMAGINARY
          0  0.00697211 -0.00361704  -0.0020394
-0.00697211           0   0.0104919  -0.0147557
 0.00361704  -0.0104919           0 -0.00697211
  0.0020394   0.0147557  0.00697211           0
EndNode1[0]<--->Repeater1[0]
REAL
   0.460847   0.0111336 -0.00330799    0.402398
  0.0111336   0.0577664  0.00313508   0.0255752
-0.00330799  0.00313508   0.0513479   0.0111336
   0.402398   0.0255752   0.0111336    0.430039
IMAGINARY
          0  -0.0115082  0.00761655   -0.010736
  0.0115082           0  -0.0100974  0.00958247
-0.00761655   0.0100974           0  0.00659418
   0.010736 -0.00958247 -0.00659418           0
EndNode2[0]<--->HoM1[0]
REAL
  0.455137 -0.0188887 -0.0113147   0.415928
-0.0188887  0.0351105 0.00910381 -0.0172749
-0.0113147 0.00910381  0.0507152 -0.0109715
  0.415928 -0.0172749 -0.0109715   0.459038
IMAGINARY
           0 -0.000852359     -0.01848   0.00409787
 0.000852359            0   -0.0160026    0.0224171
     0.01848    0.0160026            0  -0.00964633
 -0.00409787   -0.0224171   0.00964633            0
Repeater1[0]<--->EndNode1[0]
REAL
   0.460847 -0.00330799   0.0111336    0.402398
-0.00330799   0.0513479  0.00313508   0.0111336
  0.0111336  0.00313508   0.0577664   0.0255752
   0.402398   0.0111336   0.0255752    0.430039
IMAGINARY
          0  0.00761655  -0.0115082   -0.010736
-0.00761655           0   0.0100974  0.00659418
  0.0115082  -0.0100974           0  0.00958247
   0.010736 -0.00659418 -0.00958247           0
Repeater1[0]<--->HoM1[0]
REAL
  0.455137 -0.0113147 -0.0188887   0.415928
-0.0113147  0.0507152 0.00910381 -0.0109715
-0.0188887 0.00910381  0.0351105 -0.0172749
  0.415928 -0.0109715 -0.0172749   0.459038
IMAGINARY
           0     -0.01848 -0.000852359   0.00409787
     0.01848            0    0.0160026  -0.00964633
 0.000852359   -0.0160026            0    0.0224171
 -0.00409787   0.00964633   -0.0224171            0
EndNode1[0]<--->Repeater1[0]
REAL
   0.487242  0.00577728   0.0268176    0.413756
 0.00577728   0.0376671  0.00466507 -0.00708073
  0.0268176  0.00466507   0.0425273 -0.00182991
   0.413756 -0.00708073 -0.00182991    0.432564
IMAGINARY
          0  -0.0041006  0.00211767    0.022105
  0.0041006           0   0.0157436 -0.00403828
-0.00211767  -0.0157436           0   0.0124233
  -0.022105  0.00403828  -0.0124233           0
EndNode2[0]<--->HoM1[0]
REAL
   0.453384 -0.00632377   0.0085096    0.405426
-0.00632377   0.0383142  0.00789046 -0.00725332
  0.0085096  0.00789046   0.0498084    0.016374
   0.405426 -0.00725332    0.016374    0.458493
IMAGINARY
          0   0.0163537 -0.00500138  0.00501271
 -0.0163537           0  -0.0101807  -0.0151024
 0.00500138   0.0101807           0  0.00504712
-0.00501271   0.0151024 -0.00504712           0
Repeater1[0]<--->EndNode1[0]
REAL
   0.487242   0.0268176  0.00577728    0.413756
  0.0268176   0.0425273  0.00466507 -0.00182991
 0.00577728  0.00466507   0.0376671 -0.00708073
   0.413756 -0.00182991 -0.00708073    0.432564
IMAGINARY
          0  0.00211767  -0.0041006    0.022105
-0.00211767           0  -0.0157436   0.0124233
  0.0041006   0.0157436           0 -0.00403828
  -0.022105  -0.0124233  0.00403828           0
Repeater1[0]<--->HoM1[0]
REAL
   0.453384   0.0085096 -0.00632377    0.405426
  0.0085096   0.0498084  0.00789046    0.016374
-0.00632377  0.00789046   0.0383142 -0.00725332
   0.405426    0.016374 -0.00725332    0.458493
IMAGINARY
          0 -0.00500138   0.0163537  0.00501271
 0.00500138           0   0.0101807  0.00504712
 -0.0163537  -0.0101807           0  -0.0151024
-0.00501271 -0.00504712   0.0151024           0
EndNode1[0]<--->Repeater1[0]
REAL
  0.465086 0.00661554  -0.014531   0.388616
0.00661554  0.0685112 0.00351548 0.00691675
 -0.014531 0.00351548  0.0513834 0.00226771
  0.388616 0.00691675 0.00226771    0.41502
IMAGINARY
          0  -0.0132482    0.018105   0.0036756
  0.0132482           0   -0.016629  0.00335967
  -0.018105    0.016629           0  -0.0120044
 -0.0036756 -0.00335967   0.0120044           0
EndNode2[0]<--->HoM1[0]
REAL
    0.478655 -0.000989931   -0.0118001     0.405845
-0.000989931    0.0504528   0.00675098  -0.00362403
  -0.0118001   0.00675098    0.0465718   -0.0144342
    0.405845  -0.00362403   -0.0144342     0.424321
IMAGINARY
           0 -0.000917338   0.00733017   -0.0103364
 0.000917338            0   0.00718382    0.0153089
 -0.00733017  -0.00718382            0   -0.0113724
   0.0103364   -0.0153089    0.0113724            0
Repeater1[0]<--->EndNode1[0]
REAL
  0.465086  -0.014531 0.00661554   0.388616
 -0.014531  0.0513834 0.00351548 0.00226771
0.00661554 0.00351548  0.0685112 0.00691675
  0.388616 0.00226771 0.00691675    0.41502
IMAGINARY
          0    0.018105  -0.0132482   0.0036756
  -0.018105           0    0.016629  -0.0120044
  0.0132482   -0.016629           0  0.00335967
 -0.0036756   0.0120044 -0.00335967           0
Repeater1[0]<--->HoM1[0]
REAL
    0.478655   -0.0118001 -0.000989931     0.405845
  -0.0118001    0.0465718   0.00675098   -0.0144342
-0.000989931   0.00675098    0.0504528  -0.00362403
    0.405845   -0.0144342  -0.00362403     0.424321
IMAGINARY
           0   0.00733017 -0.000917338   -0.0103364
 -0.00733017            0  -0.00718382   -0.0113724
 0.000917338   0.00718382            0    0.0153089
   0.0103364    0.0113724   -0.0153089            0
EndNode1[0]<--->Repeater1[0]
REAL
   0.492903   0.0100324 0.000309279    0.405209
  0.0100324   0.0516129 -0.00210815 -0.00676923
0.000309279 -0.00210815   0.0425806  -0.0281202
   0.405209 -0.00676923  -0.0281202    0.412903
IMAGINARY
          0  0.00877397   0.0103371   0.0165209
-0.00877397           0   0.0171578 -0.00667859
 -0.0103371  -0.0171578           0 -0.00267641
 -0.0165209  0.00667859  0.00267641           0
EndNode2[0]<--->HoM1[0]
REAL
  0.440154  0.0110549 0.00329044   0.401155
 0.0110549   0.045045  0.0109893 0.00575349
0.00329044  0.0109893   0.034749 0.00315698
  0.401155 0.00575349 0.00315698   0.480051
IMAGINARY
           0   0.00843986  -0.00660915  0.000862984
 -0.00843986            0  -0.00357301   0.00213917
  0.00660915   0.00357301            0  -0.00141559
-0.000862984  -0.00213917   0.00141559            0
Repeater1[0]<--->EndNode1[0]
REAL
   0.492903 0.000309279   0.0100324    0.405209
0.000309279   0.0425806 -0.00210815  -0.0281202
  0.0100324 -0.00210815   0.0516129 -0.00676923
   0.405209  -0.0281202 -0.00676923    0.412903
IMAGINARY
          0   0.0103371  0.00877397   0.0165209
 -0.0103371           0  -0.0171578 -0.00267641
-0.00877397   0.0171578           0 -0.00667859
 -0.0165209  0.00267641  0.00667859           0
Repeater1[0]<--->HoM1[0]
REAL
  0.440154 0.00329044  0.0110549   0.401155
0.00329044   0.034749  0.0109893 0.00315698
 0.0110549  0.0109893   0.045045 0.00575349
  0.401155 0.00315698 0.00575349   0.480051
IMAGINARY
           0  -0.00660915   0.00843986  0.000862984
  0.00660915            0   0.00357301  -0.00141559
 -0.00843986  -0.00357301            0   0.00213917
-0.000862984   0.00141559  -0.00213917            0
EndNode1[0]<--->Repeater1[0]
REAL
   0.475561 -0.00758999   0.0211113    0.392073
-0.00758999   0.0501982  0.00232922  0.00942302
  0.0211113  0.00232922   0.0541612    0.026674
   0.392073  0.00942302    0.026674    0.420079
IMAGINARY
           0    -0.005933  -0.00872622 -0.000735812
    0.005933            0  -0.00461178    0.0138544
  0.00872622   0.00461178            0   -0.0120157
 0.000735812   -0.0138544    0.0120157            0
EndNode2[0]<--->HoM1[0]
REAL
     0.4834 -0.00760398 -0.00399436    0.414675
-0.00760398   0.0385126  0.00356394   -0.010471
-0.00399436  0.00356394   0.0385126 -0.00308785
   0.414675   -0.010471 -0.00308785    0.439575
IMAGINARY
          0 -0.00542607 -0.00163825  0.00356428
 0.00542607           0  0.00984568 -0.00816567
 0.00163825 -0.00984568           0   0.0178444
-0.00356428  0.00816567  -0.0178444           0
Repeater1[0]<--->EndNode1[0]
REAL
   0.475561   0.0211113 -0.00758999    0.392073
  0.0211113   0.0541612  0.00232922    0.026674
-0.00758999  0.00232922   0.0501982  0.00942302
   0.392073    0.026674  0.00942302    0.420079
IMAGINARY
           0  -0.00872622    -0.005933 -0.000735812
  0.00872622            0   0.00461178   -0.0120157
    0.005933  -0.00461178            0    0.0138544
 0.000735812    0.0120157   -0.0138544            0
Repeater1[0]<--->HoM1[0]
REAL
     0.4834 -0.00399436 -0.00760398    0.414675
-0.00399436   0.0385126  0.00356394 -0.00308785
-0.00760398  0.00356394   0.0385126   -0.010471
   0.414675 -0.00308785   -0.010471    0.439575
IMAGINARY
          0 -0.00163825 -0.00542607  0.00356428
 0.00163825           0 -0.00984568   0.0178444
 0.00542607  0.00984568           0 -0.00816567
-0.00356428  -0.0178444  0.00816567           0
EndNode1[0]<--->Repeater1[0]
REAL
   0.475943  -0.0086845  -0.0155192    0.412014
 -0.0086845   0.0351105   0.0116311 0.000740919
 -0.0155192   0.0116311   0.0559168 -0.00609383
   0.412014 0.000740919 -0.00609383     0.43303
IMAGINARY
          0  -0.0134699  0.00819841 -0.00283165
  0.0134699           0  -0.0156869  0.00521155
-0.00819841   0.0156869           0 -0.00760289
 0.00283165 -0.00521155  0.00760289           0
EndNode2[0]<--->HoM1[0]
REAL
    0.497403    0.0104337    0.0178278     0.420774
   0.0104337    0.0376623   0.00230279   0.00174032
   0.0178278   0.00230279    0.0272727 -0.000312217
    0.420774   0.00174032 -0.000312217     0.437662
IMAGINARY
          0  0.00664425  0.00419984  0.00062106
-0.00664425           0  0.00192996   0.0104498
-0.00419984 -0.00192996           0  -0.0161984
-0.00062106  -0.0104498   0.0161984           0
Repeater1[0]<--->EndNode1[0]
REAL
   0.475943  -0.0155192  -0.0086845    0.412014
 -0.0155192   0.0559168   0.0116311 -0.00609383
 -0.0086845   0.0116311   0.0351105 0.000740919
   0.412014 -0.00609383 0.000740919     0.43303
IMAGINARY
          0  0.00819841  -0.0134699 -0.00283165
-0.00819841           0   0.0156869 -0.00760289
  0.0134699  -0.0156869           0  0.00521155
 0.00283165  0.00760289 -0.00521155           0
Repeater1[0]<--->HoM1[0]
REAL
    0.497403    0.0178278    0.0104337     0.420774
   0.0178278    0.0272727   0.00230279 -0.000312217
   0.0104337   0.00230279    0.0376623   0.00174032
    0.420774 -0.000312217   0.00174032     0.437662
IMAGINARY
          0  0.00419984  0.00664425  0.00062106
-0.00419984           0 -0.00192996  -0.0161984
-0.00664425  0.00192996           0   0.0104498
-0.00062106   0.0161984  -0.0104498           0
EndNode1[0]<--->Repeater1[0]
REAL
   0.453856   0.0195017  -0.0009521    0.387836
  0.0195017   0.0442478 -0.00307298  -0.0137726
 -0.0009521 -0.00307298   0.0530973  -0.0163007
   0.387836  -0.0137726  -0.0163007    0.448799
IMAGINARY
          0  0.00585618   0.0161297 -0.00307778
-0.00585618           0    0.026638  -0.0239219
 -0.0161297   -0.026638           0  0.00453343
 0.00307778   0.0239219 -0.00453343           0
EndNode2[0]<--->HoM1[0]
REAL
  0.447644 0.00828179  0.0134615   0.400731
0.00828179  0.0301047 0.00439723  0.0134615
 0.0134615 0.00439723   0.039267 0.00325667
  0.400731  0.0134615 0.00325667   0.482984
IMAGINARY
          0   0.0161885 -0.00388241  0.00937756
 -0.0161885           0 -0.00101205   -0.015713
 0.00388241  0.00101205           0 -0.00923525
-0.00937756    0.015713  0.00923525           0
Repeater1[0]<--->EndNode1[0]
REAL
   0.453856  -0.0009521   0.0195017    0.387836
 -0.0009521   0.0530973 -0.00307298  -0.0163007
  0.0195017 -0.00307298   0.0442478  -0.0137726
   0.387836  -0.0163007  -0.0137726    0.448799
IMAGINARY
          0   0.0161297  0.00585618 -0.00307778
 -0.0161297           0   -0.026638  0.00453343
-0.00585618    0.026638           0  -0.0239219
 0.00307778 -0.00453343   0.0239219           0
Repeater1[0]<--->HoM1[0]
REAL
  0.447644  0.0134615 0.00828179   0.400731
 0.0134615   0.039267 0.00439723 0.00325667
0.00828179 0.00439723  0.0301047  0.0134615
  0.400731 0.00325667  0.0134615   0.482984
IMAGINARY
          0 -0.00388241   0.0161885  0.00937756
 0.00388241           0  0.00101205 -0.00923525
 -0.0161885 -0.00101205           0   -0.015713
-0.00937756  0.00923525    0.015713           0
EndNode1[0]<--->Repeater1[0]
REAL
   0.463946 -0.00920651   -0.012533    0.399634
-0.00920651   0.0394558 -0.00196531    0.012533
  -0.012533 -0.00196531   0.0408163  0.00272983
   0.399634    0.012533  0.00272983    0.455782
IMAGINARY
          0 -0.00988883   0.0273331  0.00320297
 0.00988883           0   0.0218597 -0.00703787
 -0.0273331  -0.0218597           0 -0.00548632
-0.00320297  0.00703787  0.00548632           0
EndNode2[0]<--->HoM1[0]
REAL
  0.458333 0.00455165  0.0170057    0.41401
0.00455165  0.0520833 0.00624309 -0.0157399
 0.0170057 0.00624309   0.046875   0.033423
   0.41401 -0.0157399   0.033423   0.442708
IMAGINARY
          0  0.00855559 -0.00444162  0.00362319
-0.00855559           0 -0.00362319  0.00444162
 0.00444162  0.00362319           0 -0.00127403
-0.00362319 -0.00444162  0.00127403           0
Repeater1[0]<--->EndNode1[0]
REAL
   0.463946   -0.012533 -0.00920651    0.399634
  -0.012533   0.0408163 -0.00196531  0.00272983
-0.00920651 -0.00196531   0.0394558    0.012533
   0.399634  0.00272983    0.012533    0.455782
IMAGINARY
          0   0.0273331 -0.00988883  0.00320297
 -0.0273331           0  -0.0218597 -0.00548632
 0.00988883   0.0218597           0 -0.00703787
-0.00320297  0.00548632  0.00703787           0
Repeater1[0]<--->HoM1[0]
REAL
  0.458333  0.0170057 0.00455165    0.41401
 0.0170057   0.046875 0.00624309   0.033423
0.00455165 0.00624309  0.0520833 -0.0157399
   0.41401   0.033423 -0.0157399   0.442708
IMAGINARY
          0 -0.00444162  0.00855559  0.00362319
 0.00444162           0  0.00362319 -0.00127403
-0.00855559 -0.00362319           0  0.00444162
-0.00362319  0.00127403 -0.00444162           0
EndNode1[0]<--->Repeater1[0]
REAL
    0.44692  -0.0156662  -0.0236052    0.407005
 -0.0156662   0.0406291 -0.00419181  -0.0109216
 -0.0236052 -0.00419181   0.0576671  -0.0137456
   0.407005  -0.0109216  -0.0137456    0.454784
IMAGINARY
          0  0.00336637  0.00932332  0.00335311
-0.00336637           0 -0.00836564 -0.00224481
-0.00932332  0.00836564           0 -0.00658388
-0.00335311  0.00224481  0.00658388           0
EndNode2[0]<--->HoM1[0]
REAL
    0.46564  -0.0176708  0.00282402    0.419109
 -0.0176708   0.0379147 -0.00212828  -0.0135158
 0.00282402 -0.00212828    0.028436 -0.00559964
   0.419109  -0.0135158 -0.00559964    0.468009
IMAGINARY
           0   0.00938371    0.0111994   -0.0183602
 -0.00938371            0    0.0055725  0.000755564
  -0.0111994   -0.0055725            0   -0.0157128
   0.0183602 -0.000755564    0.0157128            0
Repeater1[0]<--->EndNode1[0]
REAL
    0.44692  -0.0236052  -0.0156662    0.407005
 -0.0236052   0.0576671 -0.00419181  -0.0137456
 -0.0156662 -0.00419181   0.0406291  -0.0109216
   0.407005  -0.0137456  -0.0109216    0.454784
IMAGINARY
          0  0.00932332  0.00336637  0.00335311
-0.00932332           0  0.00836564 -0.00658388
-0.00336637 -0.00836564           0 -0.00224481
-0.00335311  0.00658388  0.00224481           0
Repeater1[0]<--->HoM1[0]
REAL
    0.46564  0.00282402  -0.0176708    0.419109
 0.00282402    0.028436 -0.00212828 -0.00559964
 -0.0176708 -0.00212828   0.0379147  -0.0135158
   0.419109 -0.00559964  -0.0135158    0.468009
IMAGINARY
           0    0.0111994   0.00938371   -0.0183602
  -0.0111994            0   -0.0055725   -0.0157128
 -0.00938371    0.0055725            0  0.000755564
   0.0183602    0.0157128 -0.000755564            0
EndNode1[0]<--->Repeater1[0]
REAL
   0.482544 0.000672453  0.00539153    0.408504
0.000672453   0.0448878 0.000353722   0.0106547
 0.00539153 0.000353722   0.0561097  -0.0013143
   0.408504   0.0106547  -0.0013143    0.416459
IMAGINARY
          0   0.0103705  -0.0144552  0.00139939
 -0.0103705           0  -0.0246552  -0.0043029
  0.0144552   0.0246552           0  0.00709394
-0.00139939   0.0043029 -0.00709394           0
EndNode2[0]<--->HoM1[0]
REAL
  0.453956   0.025082  0.0037001    0.40931
  0.025082  0.0428016 -0.0143738  0.0190847
 0.0037001 -0.0143738  0.0350195 0.00656353
   0.40931  0.0190847 0.00656353   0.468223
IMAGINARY
          0   0.0234139   -0.020189  0.00128601
 -0.0234139           0  0.00938066  0.00834694
   0.020189 -0.00938066           0 -0.00630866
-0.00128601 -0.00834694  0.00630866           0
Repeater1[0]<--->EndNode1[0]
REAL
   0.482544  0.00539153 0.000672453    0.408504
 0.00539153   0.0561097 0.000353722  -0.0013143
0.000672453 0.000353722   0.0448878   0.0106547
   0.408504  -0.0013143   0.0106547    0.416459
IMAGINARY
          0  -0.0144552   0.0103705  0.00139939
  0.0144552           0   0.0246552  0.00709394
 -0.0103705  -0.0246552           0  -0.0043029
-0.00139939 -0.00709394   0.0043029           0
Repeater1[0]<--->HoM1[0]
REAL
  0.453956  0.0037001   0.025082    0.40931
 0.0037001  0.0350195 -0.0143738 0.00656353
  0.025082 -0.0143738  0.0428016  0.0190847
   0.40931 0.00656353  0.0190847   0.468223
IMAGINARY
          0   -0.020189   0.0234139  0.00128601
   0.020189           0 -0.00938066 -0.00630866
 -0.0234139  0.00938066           0  0.00834694
-0.00128601  0.00630866 -0.00834694           0
EndNode1[0]<--->Repeater1[0]
REAL
   0.451108  -0.0184273 0.000762267    0.396023
 -0.0184273   0.0625815   -0.013965  0.00613861
0.000762267   -0.013965   0.0521512   0.0127812
   0.396023  0.00613861   0.0127812    0.434159
IMAGINARY
           0  -0.00862368  1.05906e-05   0.00199115
  0.00862368            0 -0.000661366   0.00430507
-1.05906e-05  0.000661366            0   -0.0117216
 -0.00199115  -0.00430507    0.0117216            0
EndNode2[0]<--->HoM1[0]
REAL
    0.47858  0.00487971  0.00996563    0.420142
 0.00487971   0.0416157  -0.0147541 -0.00668048
 0.00996563  -0.0147541   0.0354957  0.00103356
   0.420142 -0.00668048  0.00103356    0.444308
IMAGINARY
