EndNode1[0]<--->Repeater1[0]
REAL
   0.459921  0.00651727 -0.00574196    0.386187
 0.00651727    0.064389   0.0226669  0.00704404
-0.00574196   0.0226669   0.0591327  0.00520148
   0.386187  0.00704404  0.00520148    0.416557
IMAGINARY
          0 -0.00215942     0.02261   0.0182392
 0.00215942           0  -0.0137806   0.0131043
   -0.02261   0.0137806           0  -0.0297283
 -0.0182392  -0.0131043   0.0297283           0
EndNode2[0]<--->HoM1[0]
REAL
  0.443299  0.0378235  0.0120101   0.392271
 0.0378235  0.0592784  0.0306112 0.00379267
 0.0120101  0.0306112  0.0773196 -0.0106427
  0.392271 0.00379267 -0.0106427   0.420103
IMAGINARY
          0  -0.0297569   0.0184897 -0.00577601
  0.0297569           0    0.010474  -0.0151959
 -0.0184897   -0.010474           0   0.0172405
 0.00577601   0.0151959  -0.0172405           0
Repeater1[0]<--->EndNode1[0]
REAL
   0.459921 -0.00574196  0.00651727    0.386187
-0.00574196   0.0591327   0.0226669  0.00520148
 0.00651727   0.0226669    0.064389  0.00704404
   0.386187  0.00520148  0.00704404    0.416557
IMAGINARY
          0     0.02261 -0.00215942   0.0182392
   -0.02261           0   0.0137806  -0.0297283
 0.00215942  -0.0137806           0   0.0131043
 -0.0182392   0.0297283  -0.0131043           0
Repeater1[0]<--->HoM1[0]
REAL
  0.443299  0.0120101  0.0378235   0.392271
 0.0120101  0.0773196  0.0306112 -0.0106427
 0.0378235  0.0306112  0.0592784 0.00379267
  0.392271 -0.0106427 0.00379267   0.420103
IMAGINARY
          0   0.0184897  -0.0297569 -0.00577601
 -0.0184897           0   -0.010474   0.0172405
  0.0297569    0.010474           0  -0.0151959
 0.00577601  -0.0172405   0.0151959           0
EndNode1[0]<--->Repeater1[0]
REAL
    0.463131   0.00847847   0.00356208     0.395058
  0.00847847    0.0646831     0.032361 -0.000873911
  0.00356208     0.032361    0.0776197   -0.0111666
    0.395058 -0.000873911   -0.0111666     0.394567
IMAGINARY
          0   0.0041498 -0.00325529 -0.00527187
 -0.0041498           0 -0.00589765   -0.010718
 0.00325529  0.00589765           0   0.0086084
 0.00527187    0.010718  -0.0086084           0
EndNode2[0]<--->HoM1[0]
REAL
   0.418814  -0.0206105  0.00158666    0.388498
 -0.0206105   0.0695876   0.0189332 -0.00745367
 0.00158666   0.0189332    0.064433   0.0108322
   0.388498 -0.00745367   0.0108322    0.447165
IMAGINARY
           0    -0.014764  0.000716305    0.0196914
    0.014764            0  0.000704104    0.0082351
-0.000716305 -0.000704104            0   -0.0120902
  -0.0196914   -0.0082351    0.0120902            0
Repeater1[0]<--->EndNode1[0]
REAL
    0.463131   0.00356208   0.00847847     0.395058
  0.00356208    0.0776197     0.032361   -0.0111666
  0.00847847     0.032361    0.0646831 -0.000873911
    0.395058   -0.0111666 -0.000873911     0.394567
IMAGINARY
          0 -0.00325529   0.0041498 -0.00527187
 0.00325529           0  0.00589765   0.0086084
 -0.0041498 -0.00589765           0   -0.010718
 0.00527187  -0.0086084    0.010718           0
Repeater1[0]<--->HoM1[0]
REAL
   0.418814  0.00158666  -0.0206105    0.388498
 0.00158666    0.064433   0.0189332   0.0108322
 -0.0206105   0.0189332   0.0695876 -0.00745367
   0.388498   0.0108322 -0.00745367    0.447165
IMAGINARY
           0  0.000716305    -0.014764    0.0196914
-0.000716305            0 -0.000704104   -0.0120902
    0.014764  0.000704104            0    0.0082351
  -0.0196914    0.0120902   -0.0082351            0
EndNode1[0]<--->Repeater1[0]
REAL
  0.428571  0.0197839  0.0199684   0.395915
 0.0197839  0.0602883  0.0204483  0.0206377
 0.0199684  0.0204483  0.0563565 0.00748882
  0.395915  0.0206377 0.00748882   0.454784
IMAGINARY
           0   0.00201357 -0.000881372    0.0260709
 -0.00201357            0  -0.00232418    0.0139573
 0.000881372   0.00232418            0   -0.0125989
  -0.0260709   -0.0139573    0.0125989            0
EndNode2[0]<--->HoM1[0]
REAL
    0.443069 -0.000495913   -0.0125687     0.370097
-0.000495913    0.0618812        0.043   0.00338876
  -0.0125687        0.043    0.0581683  -0.00501204
    0.370097   0.00338876  -0.00501204     0.436881
IMAGINARY
          0 -0.00809266 -0.00633141   0.0113509
 0.00809266           0   0.0144643  0.00697657
 0.00633141  -0.0144643           0   0.0100281
 -0.0113509 -0.00697657  -0.0100281           0
Repeater1[0]<--->EndNode1[0]
REAL
  0.428571  0.0199684  0.0197839   0.395915
 0.0199684  0.0563565  0.0204483 0.00748882
 0.0197839  0.0204483  0.0602883  0.0206377
  0.395915 0.00748882  0.0206377   0.454784
IMAGINARY
           0 -0.000881372   0.00201357    0.0260709
 0.000881372            0   0.00232418   -0.0125989
 -0.00201357  -0.00232418            0    0.0139573
  -0.0260709    0.0125989   -0.0139573            0
Repeater1[0]<--->HoM1[0]
REAL
    0.443069   -0.0125687 -0.000495913     0.370097
  -0.0125687    0.0581683        0.043  -0.00501204
-0.000495913        0.043    0.0618812   0.00338876
    0.370097  -0.00501204   0.00338876     0.436881
IMAGINARY
          0 -0.00633141 -0.00809266   0.0113509
 0.00633141           0  -0.0144643   0.0100281
 0.00809266   0.0144643           0  0.00697657
 -0.0113509  -0.0100281 -0.00697657           0
EndNode1[0]<--->Repeater1[0]
REAL
    0.43758  0.00387646 -0.00723809    0.377546
 0.00387646   0.0514801   0.0219453 0.000876767
-0.00723809   0.0219453   0.0592021  -0.0165991
   0.377546 0.000876767  -0.0165991    0.451737
IMAGINARY
          0   0.0071336 -0.00903831  -0.0155751
 -0.0071336           0  0.00699669  0.00701401
 0.00903831 -0.00699669           0   0.0151336
  0.0155751 -0.00701401  -0.0151336           0
EndNode2[0]<--->HoM1[0]
REAL
  0.450062 -0.0104179 0.00153671   0.393395
-0.0104179   0.054254  0.0298783 0.00613592
0.00153671  0.0298783  0.0752158  0.0308782
  0.393395 0.00613592  0.0308782   0.420469
IMAGINARY
          0 -0.00634799  0.00684059  -0.0121987
 0.00634799           0 -0.00513835 -0.00421592
-0.00684059  0.00513835           0  -0.0146494
  0.0121987  0.00421592   0.0146494           0
Repeater1[0]<--->EndNode1[0]
REAL
    0.43758 -0.00723809  0.00387646    0.377546
-0.00723809   0.0592021   0.0219453  -0.0165991
 0.00387646   0.0219453   0.0514801 0.000876767
   0.377546  -0.0165991 0.000876767    0.451737
IMAGINARY
          0 -0.00903831   0.0071336  -0.0155751
 0.00903831           0 -0.00699669   0.0151336
 -0.0071336  0.00699669           0  0.00701401
  0.0155751  -0.0151336 -0.00701401           0
Repeater1[0]<--->HoM1[0]
REAL
  0.450062 0.00153671 -0.0104179   0.393395
0.00153671  0.0752158  0.0298783  0.0308782
-0.0104179  0.0298783   0.054254 0.00613592
  0.393395  0.0308782 0.00613592   0.420469
IMAGINARY
          0  0.00684059 -0.00634799  -0.0121987
-0.00684059           0  0.00513835  -0.0146494
 0.00634799 -0.00513835           0 -0.00421592
  0.0121987   0.0146494  0.00421592           0
EndNode1[0]<--->Repeater1[0]
REAL
  0.409962 0.00786532   -0.01002   0.403406
0.00786532  0.0791826  0.0169593  0.0113254
  -0.01002  0.0169593  0.0587484 -0.0183092
  0.403406  0.0113254 -0.0183092   0.452107
IMAGINARY
          0 -0.00754235   0.0138139   0.0186006
 0.00754235           0  0.00526724  0.00633261
 -0.0138139 -0.00526724           0  -0.0162672
 -0.0186006 -0.00633261   0.0162672           0
EndNode2[0]<--->HoM1[0]
REAL
   0.444867 -0.00557183  -0.0182746    0.403527
-0.00557183   0.0583016   0.0152151  -0.0112143
 -0.0182746   0.0152151   0.0621039 -0.00818963
   0.403527  -0.0112143 -0.00818963    0.434728
IMAGINARY
           0   -0.0120569   -0.0106926    0.0197401
   0.0120569            0 -0.000310037   0.00809524
   0.0106926  0.000310037            0   0.00686206
  -0.0197401  -0.00809524  -0.00686206            0
Repeater1[0]<--->EndNode1[0]
REAL
  0.409962   -0.01002 0.00786532   0.403406
  -0.01002  0.0587484  0.0169593 -0.0183092
0.00786532  0.0169593  0.0791826  0.0113254
  0.403406 -0.0183092  0.0113254   0.452107
IMAGINARY
          0   0.0138139 -0.00754235   0.0186006
 -0.0138139           0 -0.00526724  -0.0162672
 0.00754235  0.00526724           0  0.00633261
 -0.0186006   0.0162672 -0.00633261           0
Repeater1[0]<--->HoM1[0]
REAL
   0.444867  -0.0182746 -0.00557183    0.403527
 -0.0182746   0.0621039   0.0152151 -0.00818963
-0.00557183   0.0152151   0.0583016  -0.0112143
   0.403527 -0.00818963  -0.0112143    0.434728
IMAGINARY
           0   -0.0106926   -0.0120569    0.0197401
   0.0106926            0  0.000310037   0.00686206
   0.0120569 -0.000310037            0   0.00809524
  -0.0197401  -0.00686206  -0.00809524            0
EndNode1[0]<--->Repeater1[0]
REAL
   0.456962 -0.00257268   0.0185029    0.394337
-0.00257268   0.0632911   0.0274961 -0.00233041
  0.0185029   0.0274961   0.0607595  0.00526809
   0.394337 -0.00233041  0.00526809    0.418987
IMAGINARY
          0  0.00362958  -0.0114115   0.0142536
-0.00362958           0 -0.00691045  0.00618956
  0.0114115  0.00691045           0  0.00681429
 -0.0142536 -0.00618956 -0.00681429           0
EndNode2[0]<--->HoM1[0]
REAL
   0.471306  -0.0070993  0.00319012     0.39621
 -0.0070993   0.0647131   0.0366069   -0.012234
 0.00319012   0.0366069   0.0732601 -0.00452861
    0.39621   -0.012234 -0.00452861     0.39072
IMAGINARY
          0  0.00465938  -0.0153835 -0.00572085
-0.00465938           0  -0.0326439   0.0147212
  0.0153835   0.0326439           0   0.0224929
 0.00572085  -0.0147212  -0.0224929           0
Repeater1[0]<--->EndNode1[0]
REAL
   0.456962   0.0185029 -0.00257268    0.394337
  0.0185029   0.0607595   0.0274961  0.00526809
-0.00257268   0.0274961   0.0632911 -0.00233041
   0.394337  0.00526809 -0.00233041    0.418987
IMAGINARY
          0  -0.0114115  0.00362958   0.0142536
  0.0114115           0  0.00691045  0.00681429
-0.00362958 -0.00691045           0  0.00618956
 -0.0142536 -0.00681429 -0.00618956           0
Repeater1[0]<--->HoM1[0]
REAL
   0.471306  0.00319012  -0.0070993     0.39621
 0.00319012   0.0732601   0.0366069 -0.00452861
 -0.0070993   0.0366069   0.0647131   -0.012234
    0.39621 -0.00452861   -0.012234     0.39072
IMAGINARY
          0  -0.0153835  0.00465938 -0.00572085
  0.0153835           0   0.0326439   0.0224929
-0.00465938  -0.0326439           0   0.0147212
 0.00572085  -0.0224929  -0.0147212           0
EndNode1[0]<--->Repeater1[0]
REAL
    0.437831  -0.00525698 -0.000738197     0.408266
 -0.00525698    0.0793651    0.0178552  -0.00321959
-0.000738197    0.0178552    0.0780423    0.0118533
    0.408266  -0.00321959    0.0118533     0.404762
IMAGINARY
           0 -0.000116699  -0.00114959    0.0172709
 0.000116699            0   -0.0113576    0.0142256
  0.00114959    0.0113576            0   -0.0204312
  -0.0172709   -0.0142256    0.0204312            0
EndNode2[0]<--->HoM1[0]
REAL
    0.432598  -0.00487651  -0.00393539     0.388816
 -0.00487651    0.0551471      0.03035  0.000675939
 -0.00393539      0.03035     0.064951 -0.000990502
    0.388816  0.000675939 -0.000990502     0.447304
IMAGINARY
          0  -0.0114661   0.0239181  -0.0217786
  0.0114661           0 -0.00453721  0.00650517
 -0.0239181  0.00453721           0 -0.00705245
  0.0217786 -0.00650517  0.00705245           0
Repeater1[0]<--->EndNode1[0]
REAL
    0.437831 -0.000738197  -0.00525698     0.408266
-0.000738197    0.0780423    0.0178552    0.0118533
 -0.00525698    0.0178552    0.0793651  -0.00321959
    0.408266    0.0118533  -0.00321959     0.404762
IMAGINARY
           0  -0.00114959 -0.000116699    0.0172709
  0.00114959            0    0.0113576   -0.0204312
 0.000116699   -0.0113576            0    0.0142256
  -0.0172709    0.0204312   -0.0142256            0
Repeater1[0]<--->HoM1[0]
REAL
    0.432598  -0.00393539  -0.00487651     0.388816
 -0.00393539     0.064951      0.03035 -0.000990502
 -0.00487651      0.03035    0.0551471  0.000675939
    0.388816 -0.000990502  0.000675939     0.447304
IMAGINARY
          0   0.0239181  -0.0114661  -0.0217786
 -0.0239181           0  0.00453721 -0.00705245
  0.0114661 -0.00453721           0  0.00650517
  0.0217786  0.00705245 -0.00650517           0
EndNode1[0]<--->Repeater1[0]
REAL
  0.469027 -0.0160606  0.0106049   0.386096
-0.0160606  0.0632111  0.0234517  0.0132645
 0.0106049  0.0234517  0.0644753 0.00977919
  0.386096  0.0132645 0.00977919   0.403287
IMAGINARY
          0   0.0138053 -0.00562679   0.0116874
 -0.0138053           0 -0.00721742  0.00498494
 0.00562679  0.00721742           0 -0.00931231
 -0.0116874 -0.00498494  0.00931231           0
EndNode2[0]<--->HoM1[0]
REAL
    0.43061 -0.00368234    -0.01071    0.395995
-0.00368234   0.0596628   0.0240051 -0.00528997
   -0.01071   0.0240051   0.0609598 -0.00431766
   0.395995 -0.00528997 -0.00431766    0.448768
IMAGINARY
           0  -0.00558029    0.0104563  -0.00159401
  0.00558029            0 -0.000950514    0.0104563
  -0.0104563  0.000950514            0   -0.0216694
  0.00159401   -0.0104563    0.0216694            0
Repeater1[0]<--->EndNode1[0]
REAL
  0.469027  0.0106049 -0.0160606   0.386096
 0.0106049  0.0644753  0.0234517 0.00977919
-0.0160606  0.0234517  0.0632111  0.0132645
  0.386096 0.00977919  0.0132645   0.403287
IMAGINARY
          0 -0.00562679   0.0138053   0.0116874
 0.00562679           0  0.00721742 -0.00931231
 -0.0138053 -0.00721742           0  0.00498494
 -0.0116874  0.00931231 -0.00498494           0
Repeater1[0]<--->HoM1[0]
REAL
    0.43061    -0.01071 -0.00368234    0.395995
   -0.01071   0.0609598   0.0240051 -0.00431766
-0.00368234   0.0240051   0.0596628 -0.00528997
   0.395995 -0.00431766 -0.00528997    0.448768
IMAGINARY
           0    0.0104563  -0.00558029  -0.00159401
  -0.0104563            0  0.000950514   -0.0216694
  0.00558029 -0.000950514            0    0.0104563
  0.00159401    0.0216694   -0.0104563            0
EndNode1[0]<--->Repeater1[0]
REAL
    0.436387    0.0202347 -0.000551076     0.387365
   0.0202347    0.0699746    0.0210413   -0.0101139
-0.000551076    0.0210413    0.0648855   -0.0221168
    0.387365   -0.0101139   -0.0221168     0.428753
IMAGINARY
          0 -0.00668348   0.0105259   0.0111872
 0.00668348           0   0.0118307 -0.00666986
 -0.0105259  -0.0118307           0 -0.00231395
 -0.0111872  0.00666986  0.00231395           0
EndNode2[0]<--->HoM1[0]
REAL
  0.450276 0.00880257  0.0138005   0.394553
0.00880257  0.0607735  0.0282222  0.0032152
 0.0138005  0.0282222  0.0732044 0.00428644
  0.394553  0.0032152 0.00428644   0.415746
IMAGINARY
          0 -0.00290349   0.0190002  -0.0116513
 0.00290349           0   0.0168461  -0.0145866
 -0.0190002  -0.0168461           0 -0.00907633
  0.0116513   0.0145866  0.00907633           0
Repeater1[0]<--->EndNode1[0]
REAL
    0.436387 -0.000551076    0.0202347     0.387365
-0.000551076    0.0648855    0.0210413   -0.0221168
   0.0202347    0.0210413    0.0699746   -0.0101139
    0.387365   -0.0221168   -0.0101139     0.428753
IMAGINARY
          0   0.0105259 -0.00668348   0.0111872
 -0.0105259           0  -0.0118307 -0.00231395
 0.00668348   0.0118307           0 -0.00666986
 -0.0111872  0.00231395  0.00666986           0
Repeater1[0]<--->HoM1[0]
REAL
  0.450276  0.0138005 0.00880257   0.394553
 0.0138005  0.0732044  0.0282222 0.00428644
0.00880257  0.0282222  0.0607735  0.0032152
  0.394553 0.00428644  0.0032152   0.415746
IMAGINARY
          0   0.0190002 -0.00290349  -0.0116513
 -0.0190002           0  -0.0168461 -0.00907633
 0.00290349   0.0168461           0  -0.0145866
  0.0116513  0.00907633   0.0145866           0
EndNode1[0]<--->Repeater1[0]
REAL
   0.476064  -0.0154814 -0.00875216    0.388094
 -0.0154814   0.0611702   0.0111507  -0.0126584
-0.00875216   0.0111507   0.0664894 -0.00341027
   0.388094  -0.0126584 -0.00341027    0.396277
IMAGINARY
          0  0.00600065  0.00750681  -0.0104865
-0.00600065           0  -0.0166257   0.0106279
-0.00750681   0.0166257           0  -0.0202494
  0.0104865  -0.0106279   0.0202494           0
EndNode2[0]<--->HoM1[0]
REAL
    0.42595  -0.0267223 -0.00544452    0.397246
 -0.0267223   0.0576671   0.0219077   0.0066883
-0.00544452   0.0219077    0.061599   0.0217471
   0.397246   0.0066883   0.0217471    0.454784
IMAGINARY
          0 -0.00851198   0.0107872 -0.00309802
 0.00851198           0  -0.0193887 -0.00265711
 -0.0107872   0.0193887           0  0.00851198
 0.00309802  0.00265711 -0.00851198           0
Repeater1[0]<--->EndNode1[0]
REAL
   0.476064 -0.00875216  -0.0154814    0.388094
-0.00875216   0.0664894   0.0111507 -0.00341027
 -0.0154814   0.0111507   0.0611702  -0.0126584
   0.388094 -0.00341027  -0.0126584    0.396277
IMAGINARY
          0  0.00750681  0.00600065  -0.0104865
-0.00750681           0   0.0166257  -0.0202494
-0.00600065  -0.0166257           0   0.0106279
  0.0104865   0.0202494  -0.0106279           0
Repeater1[0]<--->HoM1[0]
REAL
    0.42595 -0.00544452  -0.0267223    0.397246
-0.00544452    0.061599   0.0219077   0.0217471
 -0.0267223   0.0219077   0.0576671   0.0066883
   0.397246   0.0217471   0.0066883    0.454784
IMAGINARY
          0   0.0107872 -0.00851198 -0.00309802
 -0.0107872           0   0.0193887  0.00851198
 0.00851198  -0.0193887           0 -0.00265711
 0.00309802 -0.00851198  0.00265711           0
EndNode1[0]<--->Repeater1[0]
REAL
   0.433155 -0.00174818 -0.00121705    0.378583
-0.00174818   0.0748663   0.0301719 -0.00186556
-0.00121705   0.0301719   0.0588235  0.00852993
   0.378583 -0.00186556  0.00852993    0.433155
IMAGINARY
          0 -0.00927845   0.0126352   0.0238124
 0.00927845           0   0.0130016 -0.00774523
 -0.0126352  -0.0130016           0  0.00194349
 -0.0238124  0.00774523 -0.00194349           0
EndNode2[0]<--->HoM1[0]
REAL
   0.416459  0.00753705 -0.00338851    0.395093
 0.00753705   0.0735661   0.0175417 -0.00602009
-0.00338851   0.0175417   0.0822943 -0.00484887
   0.395093 -0.00602009 -0.00484887    0.427681
IMAGINARY
           0    0.0078638  -0.00218851  0.000537362
  -0.0078638            0    0.0126702   -0.0258727
  0.00218851   -0.0126702            0 -0.000210736
-0.000537362    0.0258727  0.000210736            0
Repeater1[0]<--->EndNode1[0]
REAL
   0.433155 -0.00121705 -0.00174818    0.378583
-0.00121705   0.0588235   0.0301719  0.00852993
-0.00174818   0.0301719   0.0748663 -0.00186556
   0.378583  0.00852993 -0.00186556    0.433155
IMAGINARY
          0   0.0126352 -0.00927845   0.0238124
 -0.0126352           0  -0.0130016  0.00194349
 0.00927845   0.0130016           0 -0.00774523
 -0.0238124 -0.00194349  0.00774523           0
Repeater1[0]<--->HoM1[0]
REAL
   0.416459 -0.00338851  0.00753705    0.395093
-0.00338851   0.0822943   0.0175417 -0.00484887
 0.00753705   0.0175417   0.0735661 -0.00602009
   0.395093 -0.00484887 -0.00602009    0.427681
IMAGINARY
           0  -0.00218851    0.0078638  0.000537362
  0.00218851            0   -0.0126702 -0.000210736
  -0.0078638    0.0126702            0   -0.0258727
-0.000537362  0.000210736    0.0258727            0
EndNode1[0]<--->Repeater1[0]
REAL
    0.439456    0.0133218  -0.00769881      0.38817
   0.0133218     0.062585     0.032091 -0.000797927
 -0.00769881     0.032091    0.0571429   -0.0126683
     0.38817 -0.000797927   -0.0126683     0.440816
IMAGINARY
          0 -0.00423876  0.00875931  0.00411866
 0.00423876           0   0.0125275  -0.0112407
-0.00875931  -0.0125275           0  0.00672015
-0.00411866   0.0112407 -0.00672015           0
EndNode2[0]<--->HoM1[0]
REAL
   0.435696   0.0152975 -0.00526854    0.391432
  0.0152975   0.0616798    0.035612   0.0172182
-0.00526854    0.035612   0.0748031  0.00168364
   0.391432   0.0172182  0.00168364    0.427822
IMAGINARY
          0  0.00319463   0.0198169   0.0238091
-0.00319463           0  0.00986968   0.0106064
 -0.0198169 -0.00986968           0  -0.0137766
 -0.0238091  -0.0106064   0.0137766           0
Repeater1[0]<--->EndNode1[0]
REAL
    0.439456  -0.00769881    0.0133218      0.38817
 -0.00769881    0.0571429     0.032091   -0.0126683
   0.0133218     0.032091     0.062585 -0.000797927
     0.38817   -0.0126683 -0.000797927     0.440816
IMAGINARY
          0  0.00875931 -0.00423876  0.00411866
-0.00875931           0  -0.0125275  0.00672015
 0.00423876   0.0125275           0  -0.0112407
-0.00411866 -0.00672015   0.0112407           0
Repeater1[0]<--->HoM1[0]
REAL
   0.435696 -0.00526854   0.0152975    0.391432
-0.00526854   0.0748031    0.035612  0.00168364
  0.0152975    0.035612   0.0616798   0.0172182
   0.391432  0.00168364   0.0172182    0.427822
IMAGINARY
          0   0.0198169  0.00319463   0.0238091
 -0.0198169           0 -0.00986968  -0.0137766
-0.00319463  0.00986968           0   0.0106064
 -0.0238091   0.0137766  -0.0106064           0
EndNode1[0]<--->Repeater1[0]
REAL
  0.441524 0.00107221 -0.0037196   0.369656
0.00107221  0.0551905  0.0239047 0.00569069
-0.0037196  0.0239047  0.0486202 0.00484106
  0.369656 0.00569069 0.00484106   0.454665
IMAGINARY
          0  -0.0140131  -0.0043326 -0.00638426
  0.0140131           0  -0.0139409  0.00760057
  0.0043326   0.0139409           0  -0.0180131
 0.00638426 -0.00760057   0.0180131           0
EndNode2[0]<--->HoM1[0]
REAL
   0.444872 -0.00507294  0.00409922    0.392313
-0.00507294   0.0692308   0.0251993 -0.00156115
 0.00409922   0.0251993   0.0615385 -0.00381031
   0.392313 -0.00156115 -0.00381031    0.424359
IMAGINARY
          0  -0.0102476 -0.00317147  -0.0206907
  0.0102476           0   -0.021976    0.010554
 0.00317147    0.021976           0  -0.0145846
  0.0206907   -0.010554   0.0145846           0
Repeater1[0]<--->EndNode1[0]
REAL
  0.441524 -0.0037196 0.00107221   0.369656
-0.0037196  0.0486202  0.0239047 0.00484106
0.00107221  0.0239047  0.0551905 0.00569069
  0.369656 0.00484106 0.00569069   0.454665
IMAGINARY
          0  -0.0043326  -0.0140131 -0.00638426
  0.0043326           0   0.0139409  -0.0180131
  0.0140131  -0.0139409           0  0.00760057
 0.00638426   0.0180131 -0.00760057           0
Repeater1[0]<--->HoM1[0]
REAL
   0.444872  0.00409922 -0.00507294    0.392313
 0.00409922   0.0615385   0.0251993 -0.00381031
-0.00507294   0.0251993   0.0692308 -0.00156115
   0.392313 -0.00381031 -0.00156115    0.424359
IMAGINARY
          0 -0.00317147  -0.0102476  -0.0206907
 0.00317147           0    0.021976  -0.0145846
  0.0102476   -0.021976           0    0.010554
  0.0206907   0.0145846   -0.010554           0
EndNode1[0]<--->Repeater1[0]
REAL
   0.441772 0.000655828  -0.0174432    0.405513
0.000655828   0.0759494   0.0204125   0.0193589
 -0.0174432   0.0204125   0.0696203 -0.00384868
   0.405513   0.0193589 -0.00384868    0.412658
IMAGINARY
          0  0.00470373  -0.0074979  0.00305325
-0.00470373           0  0.00430953  -0.0101789
  0.0074979 -0.00430953           0  0.00918516
-0.00305325   0.0101789 -0.00918516           0
EndNode2[0]<--->HoM1[0]
REAL
   0.435798   0.0174662 0.000576599    0.390665
  0.0174662   0.0596628   0.0341191  0.00867124
0.000576599   0.0341191   0.0518807 0.000412978
   0.390665  0.00867124 0.000412978    0.452659
IMAGINARY
          0   0.0118119    0.013972  -0.0192225
 -0.0118119           0    0.016577  -0.0153647
  -0.013972   -0.016577           0 -0.00345531
  0.0192225   0.0153647  0.00345531           0
Repeater1[0]<--->EndNode1[0]
REAL
   0.441772  -0.0174432 0.000655828    0.405513
 -0.0174432   0.0696203   0.0204125 -0.00384868
0.000655828   0.0204125   0.0759494   0.0193589
   0.405513 -0.00384868   0.0193589    0.412658
IMAGINARY
          0  -0.0074979  0.00470373  0.00305325
  0.0074979           0 -0.00430953  0.00918516
-0.00470373  0.00430953           0  -0.0101789
-0.00305325 -0.00918516   0.0101789           0
Repeater1[0]<--->HoM1[0]
REAL
   0.435798 0.000576599   0.0174662    0.390665
0.000576599   0.0518807   0.0341191 0.000412978
  0.0174662   0.0341191   0.0596628  0.00867124
   0.390665 0.000412978  0.00867124    0.452659
IMAGINARY
          0    0.013972   0.0118119  -0.0192225
  -0.013972           0   -0.016577 -0.00345531
 -0.0118119    0.016577           0  -0.0153647
  0.0192225  0.00345531   0.0153647           0
EndNode1[0]<--->Repeater1[0]
REAL
   0.443022     0.02283 -0.00940567    0.386414
    0.02283   0.0576184   0.0298355   0.0206557
-0.00940567   0.0298355    0.084507    -0.01033
   0.386414   0.0206557    -0.01033    0.414853
IMAGINARY
          0    0.006107 -0.00904584    0.010607
  -0.006107           0  0.00995852  -0.0199015
 0.00904584 -0.00995852           0    0.018893
  -0.010607   0.0199015   -0.018893           0
EndNode2[0]<--->HoM1[0]
REAL
  0.466057 -0.0202539 0.00801909   0.390195
-0.0202539  0.0704961  0.0301131 0.00483438
0.00801909  0.0301131  0.0626632  0.0202539
  0.390195 0.00483438  0.0202539   0.400783
IMAGINARY
          0  0.00486264  0.00512682  0.00167785
-0.00486264           0 -0.00167785 -0.00581269
-0.00512682  0.00167785           0  -0.0178942
-0.00167785  0.00581269   0.0178942           0
Repeater1[0]<--->EndNode1[0]
REAL
   0.443022 -0.00940567     0.02283    0.386414
-0.00940567    0.084507   0.0298355    -0.01033
    0.02283   0.0298355   0.0576184   0.0206557
   0.386414    -0.01033   0.0206557    0.414853
IMAGINARY
          0 -0.00904584    0.006107    0.010607
 0.00904584           0 -0.00995852    0.018893
  -0.006107  0.00995852           0  -0.0199015
  -0.010607   -0.018893   0.0199015           0
Repeater1[0]<--->HoM1[0]
REAL
  0.466057 0.00801909 -0.0202539   0.390195
0.00801909  0.0626632  0.0301131  0.0202539
-0.0202539  0.0301131  0.0704961 0.00483438
  0.390195  0.0202539 0.00483438   0.400783
IMAGINARY
          0  0.00512682  0.00486264  0.00167785
-0.00512682           0  0.00167785  -0.0178942
-0.00486264 -0.00167785           0 -0.00581269
-0.00167785   0.0178942  0.00581269           0
EndNode1[0]<--->Repeater1[0]
REAL
 0.448635 0.0083414 0.0184857  0.391704
0.0083414 0.0689207 0.0253941 0.0164884
0.0184857 0.0253941 0.0663199 0.0110887
 0.391704 0.0164884 0.0110887  0.416125
IMAGINARY
          0 -0.00238439  0.00346073 -0.00989958
 0.00238439           0  0.00368067   0.0112452
-0.00346073 -0.00368067           0  -0.0043001
 0.00989958  -0.0112452   0.0043001           0
EndNode2[0]<--->HoM1[0]
REAL
    0.46443  0.00689903 -0.00390225    0.392244
 0.00689903   0.0604027   0.0282251 -0.00326854
-0.00390225   0.0282251   0.0590604  -0.0023358
   0.392244 -0.00326854  -0.0023358    0.416107
IMAGINARY
           0   0.00476513  -0.00994048  -0.00711634
 -0.00476513            0   0.00528035  0.000915206
  0.00994048  -0.00528035            0  -0.00416344
  0.00711634 -0.000915206   0.00416344            0
Repeater1[0]<--->EndNode1[0]
REAL
 0.448635 0.0184857 0.0083414  0.391704
0.0184857 0.0663199 0.0253941 0.0110887
0.0083414 0.0253941 0.0689207 0.0164884
 0.391704 0.0110887 0.0164884  0.416125
IMAGINARY
          0  0.00346073 -0.00238439 -0.00989958
-0.00346073           0 -0.00368067  -0.0043001
 0.00238439  0.00368067           0   0.0112452
 0.00989958   0.0043001  -0.0112452           0
Repeater1[0]<--->HoM1[0]
REAL
    0.46443 -0.00390225  0.00689903    0.392244
-0.00390225   0.0590604   0.0282251  -0.0023358
 0.00689903   0.0282251   0.0604027 -0.00326854
   0.392244  -0.0023358 -0.00326854    0.416107
IMAGINARY
           0  -0.00994048   0.00476513  -0.00711634
  0.00994048            0  -0.00528035  -0.00416344
 -0.00476513   0.00528035            0  0.000915206
  0.00711634   0.00416344 -0.000915206            0
EndNode1[0]<--->Repeater1[0]
REAL
       0.45  -0.0163242 -0.00232007    0.385202
 -0.0163242    0.075641   0.0198691  -0.0152352
-0.00232007   0.0198691   0.0615385 6.92831e-05
   0.385202  -0.0152352 6.92831e-05    0.412821
IMAGINARY
          0 -0.00135121   0.0213784   0.0163833
 0.00135121           0   0.0199804 -0.00137841
 -0.0213784  -0.0199804           0  -0.0173155
 -0.0163833  0.00137841   0.0173155           0
EndNode2[0]<--->HoM1[0]
REAL
   0.469361 -0.00666838  0.00426677    0.378243
-0.00666838   0.0625815   0.0270746 -0.00102423
 0.00426677   0.0270746    0.071708  0.00342584
   0.378243 -0.00102423  0.00342584    0.396349
IMAGINARY
           0  -0.00978023 -0.000780859    0.0243921
  0.00978023            0    -0.015167   0.00631591
 0.000780859     0.015167            0    -0.014205
  -0.0243921  -0.00631591     0.014205            0
Repeater1[0]<--->EndNode1[0]
REAL
       0.45 -0.00232007  -0.0163242    0.385202
-0.00232007   0.0615385   0.0198691 6.92831e-05
 -0.0163242   0.0198691    0.075641  -0.0152352
   0.385202 6.92831e-05  -0.0152352    0.412821
IMAGINARY
          0   0.0213784 -0.00135121   0.0163833
 -0.0213784           0  -0.0199804  -0.0173155
 0.00135121   0.0199804           0 -0.00137841
 -0.0163833   0.0173155  0.00137841           0
Repeater1[0]<--->HoM1[0]
REAL
   0.469361  0.00426677 -0.00666838    0.378243
 0.00426677    0.071708   0.0270746  0.00342584
-0.00666838   0.0270746   0.0625815 -0.00102423
   0.378243  0.00342584 -0.00102423    0.396349
IMAGINARY
           0 -0.000780859  -0.00978023    0.0243921
 0.000780859            0     0.015167    -0.014205
  0.00978023    -0.015167            0   0.00631591
  -0.0243921     0.014205  -0.00631591            0
EndNode1[0]<--->Repeater1[0]
REAL
        0.43   0.00155653  -0.00352316     0.376699
  0.00155653         0.07    0.0351402 -0.000255182
 -0.00352316    0.0351402      0.06875  -0.00785376
    0.376699 -0.000255182  -0.00785376      0.43125
IMAGINARY
          0   0.0120705 -0.00805655  -0.0168243
 -0.0120705           0   0.0193688 -0.00363177
 0.00805655  -0.0193688           0  0.00741003
  0.0168243  0.00363177 -0.00741003           0
EndNode2[0]<--->HoM1[0]
REAL
    0.478836   0.00311698 -0.000334672     0.394509
  0.00311698    0.0648148    0.0144601 -0.000334672
-0.000334672    0.0144601    0.0502646  -0.00914108
    0.394509 -0.000334672  -0.00914108     0.406085
IMAGINARY
          0  -0.0104084 -0.00332562  0.00577442
  0.0104084           0 -0.00387809   0.0296414
 0.00332562  0.00387809           0 -0.00856341
-0.00577442  -0.0296414  0.00856341           0
Repeater1[0]<--->EndNode1[0]
REAL
        0.43  -0.00352316   0.00155653     0.376699
 -0.00352316      0.06875    0.0351402  -0.00785376
  0.00155653    0.0351402         0.07 -0.000255182
    0.376699  -0.00785376 -0.000255182      0.43125
IMAGINARY
          0 -0.00805655   0.0120705  -0.0168243
 0.00805655           0  -0.0193688  0.00741003
 -0.0120705   0.0193688           0 -0.00363177
  0.0168243 -0.00741003  0.00363177           0
Repeater1[0]<--->HoM1[0]
REAL
    0.478836 -0.000334672   0.00311698     0.394509
-0.000334672    0.0502646    0.0144601  -0.00914108
  0.00311698    0.0144601    0.0648148 -0.000334672
    0.394509  -0.00914108 -0.000334672     0.406085
IMAGINARY
          0 -0.00332562  -0.0104084  0.00577442
 0.00332562           0  0.00387809 -0.00856341
  0.0104084 -0.00387809           0   0.0296414
-0.00577442  0.00856341  -0.0296414           0
EndNode1[0]<--->Repeater1[0]
REAL
   0.450852  -0.0229793  -0.0060175    0.393169
 -0.0229793   0.0733945   0.0345574 -0.00778013
 -0.0060175   0.0345574    0.061599   0.0236363
   0.393169 -0.00778013   0.0236363    0.414155
IMAGINARY
          0  0.00787363  0.00815752  0.00604844
-0.00787363           0  0.00925768  -0.0132989
-0.00815752 -0.00925768           0  0.00240915
-0.00604844   0.0132989 -0.00240915           0
EndNode2[0]<--->HoM1[0]
REAL
   0.437579 -0.00187645 -0.00307542     0.38711
-0.00187645   0.0554855   0.0325886 -0.00633487
-0.00307542   0.0325886   0.0693569 -0.00251502
    0.38711 -0.00633487 -0.00251502    0.437579
IMAGINARY
          0   -0.016103  0.00601446 -0.00515878
   0.016103           0  0.00206855   0.0208532
-0.00601446 -0.00206855           0 -0.00945404
 0.00515878  -0.0208532  0.00945404           0
Repeater1[0]<--->EndNode1[0]
REAL
   0.450852  -0.0060175  -0.0229793    0.393169
 -0.0060175    0.061599   0.0345574   0.0236363
 -0.0229793   0.0345574   0.0733945 -0.00778013
   0.393169   0.0236363 -0.00778013    0.414155
IMAGINARY
          0  0.00815752  0.00787363  0.00604844
-0.00815752           0 -0.00925768  0.00240915
-0.00787363  0.00925768           0  -0.0132989
-0.00604844 -0.00240915   0.0132989           0
Repeater1[0]<--->HoM1[0]
REAL
   0.437579 -0.00307542 -0.00187645     0.38711
-0.00307542   0.0693569   0.0325886 -0.00251502
-0.00187645   0.0325886   0.0554855 -0.00633487
    0.38711 -0.00251502 -0.00633487    0.437579
IMAGINARY
          0  0.00601446   -0.016103 -0.00515878
-0.00601446           0 -0.00206855 -0.00945404
   0.016103  0.00206855           0   0.0208532
 0.00515878  0.00945404  -0.0208532           0
EndNode1[0]<--->Repeater1[0]
REAL
  0.418023  0.0203622 0.00597178   0.390337
 0.0203622  0.0588235  0.0282678 0.00178016
0.00597178  0.0282678  0.0638298 -0.0113183
  0.390337 0.00178016 -0.0113183   0.459324
IMAGINARY
          0  -0.0104968  0.00367019   -0.004772
  0.0104968           0  -0.0169671   0.0135712
-0.00367019   0.0169671           0 -0.00181852
   0.004772  -0.0135712  0.00181852           0
EndNode2[0]<--->HoM1[0]
REAL
   0.431907 -0.00331124   0.0168119    0.389873
-0.00331124   0.0635538   0.0365229   0.0212592
  0.0168119   0.0365229     0.07393   0.0185397
   0.389873   0.0212592   0.0185397     0.43061
IMAGINARY
          0  -0.0153944   0.0227511 -0.00930476
  0.0153944           0  -0.0143173    0.023393
 -0.0227511   0.0143173           0  -0.0408635
 0.00930476   -0.023393   0.0408635           0
Repeater1[0]<--->EndNode1[0]
REAL
  0.418023 0.00597178  0.0203622   0.390337
0.00597178  0.0638298  0.0282678 -0.0113183
 0.0203622  0.0282678  0.0588235 0.00178016
  0.390337 -0.0113183 0.00178016   0.459324
IMAGINARY
          0  0.00367019  -0.0104968   -0.004772
-0.00367019           0   0.0169671 -0.00181852
  0.0104968  -0.0169671           0   0.0135712
   0.004772  0.00181852  -0.0135712           0
Repeater1[0]<--->HoM1[0]
REAL
   0.431907   0.0168119 -0.00331124    0.389873
  0.0168119     0.07393   0.0365229   0.0185397
-0.00331124   0.0365229   0.0635538   0.0212592
   0.389873   0.0185397   0.0212592     0.43061
IMAGINARY
          0   0.0227511  -0.0153944 -0.00930476
 -0.0227511           0   0.0143173  -0.0408635
  0.0153944  -0.0143173           0    0.023393
 0.00930476   0.0408635   -0.023393           0
EndNode1[0]<--->Repeater1[0]
REAL
   0.471969 -0.00346384 0.000893502    0.385408
-0.00346384   0.0573664   0.0317813    0.016045
0.000893502   0.0317813    0.065189   0.0178929
   0.385408    0.016045   0.0178929    0.405476
IMAGINARY
          0  -0.0179049  0.00375012 -0.00353428
  0.0179049           0 -0.00964012   0.0104986
-0.00375012  0.00964012           0  0.00754217
 0.00353428  -0.0104986 -0.00754217           0
EndNode2[0]<--->HoM1[0]
REAL
   0.422553 -0.00157708  0.00419355    0.377931
-0.00157708   0.0594796   0.0385247 -0.00419355
 0.00419355   0.0385247   0.0520446  0.00664037
   0.377931 -0.00419355  0.00664037    0.465923
IMAGINARY
           0    0.0164283   -0.0088855  7.38295e-05
  -0.0164283            0   -0.0142491  -0.00393501
   0.0088855    0.0142491            0   -0.0346469
-7.38295e-05   0.00393501    0.0346469            0
Repeater1[0]<--->EndNode1[0]
REAL
   0.471969 0.000893502 -0.00346384    0.385408
0.000893502    0.065189   0.0317813   0.0178929
-0.00346384   0.0317813   0.0573664    0.016045
   0.385408   0.0178929    0.016045    0.405476
IMAGINARY
          0  0.00375012  -0.0179049 -0.00353428
-0.00375012           0  0.00964012  0.00754217
  0.0179049 -0.00964012           0   0.0104986
 0.00353428 -0.00754217  -0.0104986           0
Repeater1[0]<--->HoM1[0]
REAL
   0.422553  0.00419355 -0.00157708    0.377931
 0.00419355   0.0520446   0.0385247  0.00664037
-0.00157708   0.0385247   0.0594796 -0.00419355
   0.377931  0.00664037 -0.00419355    0.465923
IMAGINARY
           0   -0.0088855    0.0164283  7.38295e-05
   0.0088855            0    0.0142491   -0.0346469
  -0.0164283   -0.0142491            0  -0.00393501
-7.38295e-05    0.0346469   0.00393501            0
EndNode1[0]<--->Repeater1[0]
REAL
   0.448586 -0.00548265 -0.00387057    0.374356
-0.00548265   0.0526992   0.0238892 -0.00841013
-0.00387057   0.0238892   0.0886889    0.013085
   0.374356 -0.00841013    0.013085    0.410026
IMAGINARY
          0  -0.0124132   0.0122822    0.021102
  0.0124132           0 -0.00993248  0.00307164
 -0.0122822  0.00993248           0 -0.00828101
  -0.021102 -0.00307164  0.00828101           0
EndNode2[0]<--->HoM1[0]
REAL
     0.45828    -0.013029  -0.00876869     0.384109
   -0.013029    0.0603338    0.0293529    0.0156368
 -0.00876869    0.0293529    0.0629012 -0.000707302
    0.384109    0.0156368 -0.000707302     0.418485
IMAGINARY
           0  -0.00668284 -0.000192321   0.00228155
  0.00668284            0   0.00357021   -0.0126611
 0.000192321  -0.00357021            0    0.0233923
 -0.00228155    0.0126611   -0.0233923            0
Repeater1[0]<--->EndNode1[0]
REAL
   0.448586 -0.00387057 -0.00548265    0.374356
-0.00387057   0.0886889   0.0238892    0.013085
-0.00548265   0.0238892   0.0526992 -0.00841013
   0.374356    0.013085 -0.00841013    0.410026
IMAGINARY
          0   0.0122822  -0.0124132    0.021102
 -0.0122822           0  0.00993248 -0.00828101
  0.0124132 -0.00993248           0  0.00307164
  -0.021102  0.00828101 -0.00307164           0
Repeater1[0]<--->HoM1[0]
REAL
     0.45828  -0.00876869    -0.013029     0.384109
 -0.00876869    0.0629012    0.0293529 -0.000707302
   -0.013029    0.0293529    0.0603338    0.0156368
    0.384109 -0.000707302    0.0156368     0.418485
IMAGINARY
           0 -0.000192321  -0.00668284   0.00228155
 0.000192321            0  -0.00357021    0.0233923
  0.00668284   0.00357021            0   -0.0126611
 -0.00228155   -0.0233923    0.0126611            0
EndNode1[0]<--->Repeater1[0]
REAL
    0.457649    0.0220698    0.0164616     0.390444
   0.0220698    0.0670038    0.0281609 -0.000957739
   0.0164616    0.0281609    0.0670038  -0.00527394
    0.390444 -0.000957739  -0.00527394     0.408344
IMAGINARY
          0  -0.0104016  0.00464672  -0.0187279
  0.0104016           0 -0.00117262  0.00527883
-0.00464672  0.00117262           0  -0.0131716
  0.0187279 -0.00527883   0.0131716           0
EndNode2[0]<--->HoM1[0]
REAL
  0.436856  0.0106876 0.00375819   0.398392
 0.0106876  0.0670103  0.0267615  0.0152602
0.00375819  0.0267615  0.0631443  0.0218278
  0.398392  0.0152602  0.0218278    0.43299
IMAGINARY
          0  -0.0187524   0.0290578  0.00177566
  0.0187524           0   0.0155481 -0.00274197
 -0.0290578  -0.0155481           0  -0.0152656
-0.00177566  0.00274197   0.0152656           0
Repeater1[0]<--->EndNode1[0]
REAL
    0.457649    0.0164616    0.0220698     0.390444
   0.0164616    0.0670038    0.0281609  -0.00527394
   0.0220698    0.0281609    0.0670038 -0.000957739
    0.390444  -0.00527394 -0.000957739     0.408344
IMAGINARY
          0  0.00464672  -0.0104016  -0.0187279
-0.00464672           0  0.00117262  -0.0131716
  0.0104016 -0.00117262           0  0.00527883
  0.0187279   0.0131716 -0.00527883           0
Repeater1[0]<--->HoM1[0]
REAL
  0.436856 0.00375819  0.0106876   0.398392
0.00375819  0.0631443  0.0267615  0.0218278
 0.0106876  0.0267615  0.0670103  0.0152602
  0.398392  0.0218278  0.0152602    0.43299
IMAGINARY
          0   0.0290578  -0.0187524  0.00177566
 -0.0290578           0  -0.0155481  -0.0152656
  0.0187524   0.0155481           0 -0.00274197
-0.00177566   0.0152656  0.00274197           0
EndNode1[0]<--->Repeater1[0]
REAL
   0.423358 -0.00846174   0.0062089    0.389342
-0.00846174   0.0742092   0.0219816   0.0149371
  0.0062089   0.0219816   0.0778589  0.00641536
   0.389342   0.0149371  0.00641536    0.424574
IMAGINARY
          0  0.00530102  0.00973522   -0.011513
-0.00530102           0  -0.0142084 -0.00388346
-0.00973522   0.0142084           0   0.0122542
   0.011513  0.00388346  -0.0122542           0
EndNode2[0]<--->HoM1[0]
REAL
   0.434555  -0.0124302 -0.00850614    0.396802
 -0.0124302    0.052356   0.0109519  -0.0275901
