EndNode1[0]<--->Repeater1[0]
REAL
   0.417874  0.00333592 -0.00269664    0.374573
 0.00333592   0.0640097   0.0120253  0.00656262
-0.00269664   0.0120253   0.0543478   0.0108393
   0.374573  0.00656262   0.0108393    0.463768
IMAGINARY
          0  0.00514151 -0.00567465  -0.0178741
-0.00514151           0   0.0040237  0.00882724
 0.00567465  -0.0040237           0   -0.004511
  0.0178741 -0.00882724    0.004511           0
EndNode2[0]<--->HoM1[0]
REAL
   0.470588   0.0132641    0.019345    0.401506
  0.0132641   0.0508021 -0.00201456   0.0111894
   0.019345 -0.00201456   0.0467914   0.0058199
   0.401506   0.0111894   0.0058199    0.431818
IMAGINARY
           0   -0.0126695    0.0194524     0.033496
   0.0126695            0   0.00561014 -0.000547588
  -0.0194524  -0.00561014            0  -0.00884293
   -0.033496  0.000547588   0.00884293            0
Repeater1[0]<--->EndNode1[0]
REAL
   0.417874 -0.00269664  0.00333592    0.374573
-0.00269664   0.0543478   0.0120253   0.0108393
 0.00333592   0.0120253   0.0640097  0.00656262
   0.374573   0.0108393  0.00656262    0.463768
IMAGINARY
          0 -0.00567465  0.00514151  -0.0178741
 0.00567465           0  -0.0040237   -0.004511
-0.00514151   0.0040237           0  0.00882724
  0.0178741    0.004511 -0.00882724           0
Repeater1[0]<--->HoM1[0]
REAL
   0.470588    0.019345   0.0132641    0.401506
   0.019345   0.0467914 -0.00201456   0.0058199
  0.0132641 -0.00201456   0.0508021   0.0111894
   0.401506   0.0058199   0.0111894    0.431818
IMAGINARY
           0    0.0194524   -0.0126695     0.033496
  -0.0194524            0  -0.00561014  -0.00884293
   0.0126695   0.00561014            0 -0.000547588
   -0.033496   0.00884293  0.000547588            0
EndNode1[0]<--->Repeater1[0]
REAL
  0.477707  0.0178783   0.024761   0.373008
 0.0178783  0.0611465  0.0174384 0.00390137
  0.024761  0.0174384  0.0624204 0.00823639
  0.373008 0.00390137 0.00823639   0.398726
IMAGINARY
           0   0.00403115   -0.0131201  -0.00276247
 -0.00403115            0    0.0241193   0.00394022
   0.0131201   -0.0241193            0  0.000252814
  0.00276247  -0.00394022 -0.000252814            0
EndNode2[0]<--->HoM1[0]
REAL
  0.434492  0.0198738  -0.012558   0.395867
 0.0198738  0.0441176 0.00776294  0.0206932
 -0.012558 0.00776294   0.065508 0.00953792
  0.395867  0.0206932 0.00953792   0.455882
IMAGINARY
          0  -0.0129956   0.0154365   0.0196602
  0.0129956           0  -0.0164509  0.00282029
 -0.0154365   0.0164509           0  -0.0182176
 -0.0196602 -0.00282029   0.0182176           0
Repeater1[0]<--->EndNode1[0]
REAL
  0.477707   0.024761  0.0178783   0.373008
  0.024761  0.0624204  0.0174384 0.00823639
 0.0178783  0.0174384  0.0611465 0.00390137
  0.373008 0.00823639 0.00390137   0.398726
IMAGINARY
           0   -0.0131201   0.00403115  -0.00276247
   0.0131201            0   -0.0241193  0.000252814
 -0.00403115    0.0241193            0   0.00394022
  0.00276247 -0.000252814  -0.00394022            0
Repeater1[0]<--->HoM1[0]
REAL
  0.434492  -0.012558  0.0198738   0.395867
 -0.012558   0.065508 0.00776294 0.00953792
 0.0198738 0.00776294  0.0441176  0.0206932
  0.395867 0.00953792  0.0206932   0.455882
IMAGINARY
          0   0.0154365  -0.0129956   0.0196602
 -0.0154365           0   0.0164509  -0.0182176
  0.0129956  -0.0164509           0  0.00282029
 -0.0196602   0.0182176 -0.00282029           0
EndNode1[0]<--->Repeater1[0]
REAL
   0.430364   0.0202232  0.00926283     0.38156
  0.0202232   0.0526976  -0.0046187 -0.00866546
 0.00926283  -0.0046187   0.0790464  -0.0136521
    0.38156 -0.00866546  -0.0136521    0.437892
IMAGINARY
          0 -0.00135414  -0.0164792   0.0140641
 0.00135414           0 -0.00190017 -0.00520101
  0.0164792  0.00190017           0   0.0121942
 -0.0140641  0.00520101  -0.0121942           0
EndNode2[0]<--->HoM1[0]
REAL
    0.43354 -0.00357017 -0.00520409    0.386631
-0.00357017   0.0583851  0.00312286  0.00714962
-0.00520409  0.00312286   0.0571429  0.00162464
   0.386631  0.00714962  0.00162464    0.450932
IMAGINARY
         0  0.0141165 -0.0065445 -0.0148628
-0.0141165          0  0.0207606 -0.0065445
 0.0065445 -0.0207606          0   0.005517
 0.0148628  0.0065445  -0.005517          0
Repeater1[0]<--->EndNode1[0]
REAL
   0.430364  0.00926283   0.0202232     0.38156
 0.00926283   0.0790464  -0.0046187  -0.0136521
  0.0202232  -0.0046187   0.0526976 -0.00866546
    0.38156  -0.0136521 -0.00866546    0.437892
IMAGINARY
          0  -0.0164792 -0.00135414   0.0140641
  0.0164792           0  0.00190017   0.0121942
 0.00135414 -0.00190017           0 -0.00520101
 -0.0140641  -0.0121942  0.00520101           0
Repeater1[0]<--->HoM1[0]
REAL
    0.43354 -0.00520409 -0.00357017    0.386631
-0.00520409   0.0571429  0.00312286  0.00162464
-0.00357017  0.00312286   0.0583851  0.00714962
   0.386631  0.00162464  0.00714962    0.450932
IMAGINARY
         0 -0.0065445  0.0141165 -0.0148628
 0.0065445          0 -0.0207606   0.005517
-0.0141165  0.0207606          0 -0.0065445
 0.0148628  -0.005517  0.0065445          0
EndNode1[0]<--->Repeater1[0]
REAL
    0.472585   0.00165168  -0.00893848     0.395147
  0.00165168    0.0626632   0.00381642   0.00764315
 -0.00893848   0.00381642    0.0535248 -0.000356348
    0.395147   0.00764315 -0.000356348     0.411227
IMAGINARY
           0  -0.00587344  0.000513376    0.0207565
  0.00587344            0     0.018097   -0.0121129
-0.000513376    -0.018097            0    0.0113679
  -0.0207565    0.0121129   -0.0113679            0
EndNode2[0]<--->HoM1[0]
REAL
   0.458392  -0.0150568   0.0134712    0.394385
 -0.0150568   0.0606488  0.00115612  -0.0179298
  0.0134712  0.00115612   0.0366714 0.000407118
   0.394385  -0.0179298 0.000407118    0.444288
IMAGINARY
           0 -0.000341776   -0.0039546  -0.00121344
 0.000341776            0    0.0209665   0.00135044
   0.0039546   -0.0209665            0  -0.00226239
  0.00121344  -0.00135044   0.00226239            0
Repeater1[0]<--->EndNode1[0]
REAL
    0.472585  -0.00893848   0.00165168     0.395147
 -0.00893848    0.0535248   0.00381642 -0.000356348
  0.00165168   0.00381642    0.0626632   0.00764315
    0.395147 -0.000356348   0.00764315     0.411227
IMAGINARY
           0  0.000513376  -0.00587344    0.0207565
-0.000513376            0    -0.018097    0.0113679
  0.00587344     0.018097            0   -0.0121129
  -0.0207565   -0.0113679    0.0121129            0
Repeater1[0]<--->HoM1[0]
REAL
   0.458392   0.0134712  -0.0150568    0.394385
  0.0134712   0.0366714  0.00115612 0.000407118
 -0.0150568  0.00115612   0.0606488  -0.0179298
   0.394385 0.000407118  -0.0179298    0.444288
IMAGINARY
           0   -0.0039546 -0.000341776  -0.00121344
   0.0039546            0   -0.0209665  -0.00226239
 0.000341776    0.0209665            0   0.00135044
  0.00121344   0.00226239  -0.00135044            0
EndNode1[0]<--->Repeater1[0]
REAL
   0.446154  -0.0201908  0.00378718    0.390389
 -0.0201908   0.0525641  0.00591654 -0.00676691
 0.00378718  0.00591654   0.0628205  0.00171642
   0.390389 -0.00676691  0.00171642    0.438462
IMAGINARY
         0  0.0133502  0.0027668  0.0219596
-0.0133502          0 -0.0131161 -0.0245059
-0.0027668  0.0131161          0  0.0121156
-0.0219596  0.0245059 -0.0121156          0
EndNode2[0]<--->HoM1[0]
REAL
    0.460026   -0.0071645    0.0102763     0.390732
  -0.0071645    0.0563565 -0.000988078   0.00510833
   0.0102763 -0.000988078    0.0419397    0.0251132
    0.390732   0.00510833    0.0251132     0.441678
IMAGINARY
          0  -0.0283065  0.00128732    0.012257
  0.0283065           0  0.00661088   0.0261012
-0.00128732 -0.00661088           0   -0.010547
  -0.012257  -0.0261012    0.010547           0
Repeater1[0]<--->EndNode1[0]
REAL
   0.446154  0.00378718  -0.0201908    0.390389
 0.00378718   0.0628205  0.00591654  0.00171642
 -0.0201908  0.00591654   0.0525641 -0.00676691
   0.390389  0.00171642 -0.00676691    0.438462
IMAGINARY
         0  0.0027668  0.0133502  0.0219596
-0.0027668          0  0.0131161  0.0121156
-0.0133502 -0.0131161          0 -0.0245059
-0.0219596 -0.0121156  0.0245059          0
Repeater1[0]<--->HoM1[0]
REAL
    0.460026    0.0102763   -0.0071645     0.390732
   0.0102763    0.0419397 -0.000988078    0.0251132
  -0.0071645 -0.000988078    0.0563565   0.00510833
    0.390732    0.0251132   0.00510833     0.441678
IMAGINARY
          0  0.00128732  -0.0283065    0.012257
-0.00128732           0 -0.00661088   -0.010547
  0.0283065  0.00661088           0   0.0261012
  -0.012257    0.010547  -0.0261012           0
EndNode1[0]<--->Repeater1[0]
REAL
  0.429836 0.00802311  0.0131357   0.377516
0.00802311  0.0695322 0.00823496 0.00162678
 0.0131357 0.00823496  0.0619469 0.00802311
  0.377516 0.00162678 0.00802311   0.438685
IMAGINARY
          0  0.00739379   -0.028524   0.0116857
-0.00739379           0 -0.00309921   0.0187201
   0.028524  0.00309921           0   0.0233252
 -0.0116857  -0.0187201  -0.0233252           0
EndNode2[0]<--->HoM1[0]
REAL
  0.440847 0.00134909 -0.0272817   0.393829
0.00134909  0.0585305 0.00986522 0.00089651
-0.0272817 0.00986522  0.0498132 -0.0237765
  0.393829 0.00089651 -0.0237765   0.450809
IMAGINARY
          0   0.0106115  0.00945582  0.00716663
 -0.0106115           0   0.0330178  0.00423388
-0.00945582  -0.0330178           0  -0.0151747
-0.00716663 -0.00423388   0.0151747           0
Repeater1[0]<--->EndNode1[0]
REAL
  0.429836  0.0131357 0.00802311   0.377516
 0.0131357  0.0619469 0.00823496 0.00802311
0.00802311 0.00823496  0.0695322 0.00162678
  0.377516 0.00802311 0.00162678   0.438685
IMAGINARY
          0   -0.028524  0.00739379   0.0116857
   0.028524           0  0.00309921   0.0233252
-0.00739379 -0.00309921           0   0.0187201
 -0.0116857  -0.0233252  -0.0187201           0
Repeater1[0]<--->HoM1[0]
REAL
  0.440847 -0.0272817 0.00134909   0.393829
-0.0272817  0.0498132 0.00986522 -0.0237765
0.00134909 0.00986522  0.0585305 0.00089651
  0.393829 -0.0237765 0.00089651   0.450809
IMAGINARY
          0  0.00945582   0.0106115  0.00716663
-0.00945582           0  -0.0330178  -0.0151747
 -0.0106115   0.0330178           0  0.00423388
-0.00716663   0.0151747 -0.00423388           0
EndNode1[0]<--->Repeater1[0]
REAL
    0.428571   -0.0125159   0.00542981     0.363656
  -0.0125159     0.066416    0.0152555   -0.0169944
  0.00542981    0.0152555    0.0601504 -0.000409316
    0.363656   -0.0169944 -0.000409316     0.444862
IMAGINARY
          0 -0.00831173  -0.0172222    0.006093
 0.00831173           0  0.00263518 -0.00433556
  0.0172222 -0.00263518           0   0.0117888
  -0.006093  0.00433556  -0.0117888           0
EndNode2[0]<--->HoM1[0]
REAL
   0.469496  0.00614582   0.0220861    0.375115
 0.00614582   0.0437666   0.0143386 -0.00747365
  0.0220861   0.0143386   0.0318302  -0.0131344
   0.375115 -0.00747365  -0.0131344    0.454907
IMAGINARY
          0  -0.0188213   0.0151556  -0.0104164
  0.0188213           0 -0.00335606 -0.00109933
 -0.0151556  0.00335606           0   0.0235067
  0.0104164  0.00109933  -0.0235067           0
Repeater1[0]<--->EndNode1[0]
REAL
    0.428571   0.00542981   -0.0125159     0.363656
  0.00542981    0.0601504    0.0152555 -0.000409316
  -0.0125159    0.0152555     0.066416   -0.0169944
    0.363656 -0.000409316   -0.0169944     0.444862
IMAGINARY
          0  -0.0172222 -0.00831173    0.006093
  0.0172222           0 -0.00263518   0.0117888
 0.00831173  0.00263518           0 -0.00433556
  -0.006093  -0.0117888  0.00433556           0
Repeater1[0]<--->HoM1[0]
REAL
   0.469496   0.0220861  0.00614582    0.375115
  0.0220861   0.0318302   0.0143386  -0.0131344
 0.00614582   0.0143386   0.0437666 -0.00747365
   0.375115  -0.0131344 -0.00747365    0.454907
IMAGINARY
          0   0.0151556  -0.0188213  -0.0104164
 -0.0151556           0  0.00335606   0.0235067
  0.0188213 -0.00335606           0 -0.00109933
  0.0104164  -0.0235067  0.00109933           0
EndNode1[0]<--->Repeater1[0]
REAL
   0.46201 0.00678477   0.011048   0.386227
0.00678477  0.0490196  0.0113799 -0.0163671
  0.011048  0.0113799   0.057598 -0.0187529
  0.386227 -0.0163671 -0.0187529   0.431373
IMAGINARY
           0    0.0151814  0.000949533   0.00481657
  -0.0151814            0    0.0131392  -0.00156303
-0.000949533   -0.0131392            0   -0.0121139
 -0.00481657   0.00156303    0.0121139            0
EndNode2[0]<--->HoM1[0]
REAL
   0.475561   -0.021294 -0.00753267    0.385949
  -0.021294   0.0462351  0.00123049   0.0203532
-0.00753267  0.00123049   0.0501982   0.0187299
   0.385949   0.0203532   0.0187299    0.428005
IMAGINARY
          0  -0.0148334   0.0138961  0.00439219
  0.0148334           0  -0.0137555   0.0209564
 -0.0138961   0.0137555           0 -0.00661427
-0.00439219  -0.0209564  0.00661427           0
Repeater1[0]<--->EndNode1[0]
REAL
   0.46201   0.011048 0.00678477   0.386227
  0.011048   0.057598  0.0113799 -0.0187529
0.00678477  0.0113799  0.0490196 -0.0163671
  0.386227 -0.0187529 -0.0163671   0.431373
IMAGINARY
           0  0.000949533    0.0151814   0.00481657
-0.000949533            0   -0.0131392   -0.0121139
  -0.0151814    0.0131392            0  -0.00156303
 -0.00481657    0.0121139   0.00156303            0
Repeater1[0]<--->HoM1[0]
REAL
   0.475561 -0.00753267   -0.021294    0.385949
-0.00753267   0.0501982  0.00123049   0.0187299
  -0.021294  0.00123049   0.0462351   0.0203532
   0.385949   0.0187299   0.0203532    0.428005
IMAGINARY
          0   0.0138961  -0.0148334  0.00439219
 -0.0138961           0   0.0137555 -0.00661427
  0.0148334  -0.0137555           0   0.0209564
-0.00439219  0.00661427  -0.0209564           0
EndNode1[0]<--->Repeater1[0]
REAL
  0.496503   0.014811 0.00929465   0.372764
  0.014811  0.0629371  0.0120044  0.0112351
0.00929465  0.0120044  0.0524476 0.00439432
  0.372764  0.0112351 0.00439432   0.388112
IMAGINARY
          0   0.0269303  -0.0139436    0.013948
 -0.0269303           0  -0.0165319  -0.0113729
  0.0139436   0.0165319           0  0.00851279
  -0.013948   0.0113729 -0.00851279           0
EndNode2[0]<--->HoM1[0]
REAL
   0.448231  0.00924552 -0.00417818    0.396955
 0.00924552   0.0393185  -0.0013934  0.00548366
-0.00417818  -0.0013934   0.0537353   0.0155587
   0.396955  0.00548366   0.0155587    0.458716
IMAGINARY
          0 -0.00408558 -0.00238093   0.0103975
 0.00408558           0   -0.011041 -0.00841958
 0.00238093    0.011041           0 -0.00544428
 -0.0103975  0.00841958  0.00544428           0
Repeater1[0]<--->EndNode1[0]
REAL
  0.496503 0.00929465   0.014811   0.372764
0.00929465  0.0524476  0.0120044 0.00439432
  0.014811  0.0120044  0.0629371  0.0112351
  0.372764 0.00439432  0.0112351   0.388112
IMAGINARY
          0  -0.0139436   0.0269303    0.013948
  0.0139436           0   0.0165319  0.00851279
 -0.0269303  -0.0165319           0  -0.0113729
  -0.013948 -0.00851279   0.0113729           0
Repeater1[0]<--->HoM1[0]
REAL
   0.448231 -0.00417818  0.00924552    0.396955
-0.00417818   0.0537353  -0.0013934   0.0155587
 0.00924552  -0.0013934   0.0393185  0.00548366
   0.396955   0.0155587  0.00548366    0.458716
IMAGINARY
          0 -0.00238093 -0.00408558   0.0103975
 0.00238093           0    0.011041 -0.00544428
 0.00408558   -0.011041           0 -0.00841958
 -0.0103975  0.00544428  0.00841958           0
EndNode1[0]<--->Repeater1[0]
REAL
   0.480204  -0.0312719  0.00138494    0.357281
 -0.0312719   0.0600255   0.0032763 -0.00337697
 0.00138494   0.0032763   0.0587484  0.00139142
   0.357281 -0.00337697  0.00139142    0.401022
IMAGINARY
          0  -0.0129199   0.0233927 -0.00181046
  0.0129199           0  -0.0287487 -0.00401288
 -0.0233927   0.0287487           0  -0.0129199
 0.00181046  0.00401288   0.0129199           0
EndNode2[0]<--->HoM1[0]
REAL
    0.465753    0.0021454 -0.000952854     0.399219
   0.0021454    0.0493151    0.0193272   0.00596539
-0.000952854    0.0193272    0.0589041 -0.000892267
    0.399219   0.00596539 -0.000892267     0.426027
IMAGINARY
          0  -0.0094303  -0.0082996  0.00296878
  0.0094303           0  0.00862916  0.00222672
  0.0082996 -0.00862916           0  0.00335742
-0.00296878 -0.00222672 -0.00335742           0
Repeater1[0]<--->EndNode1[0]
REAL
   0.480204  0.00138494  -0.0312719    0.357281
 0.00138494   0.0587484   0.0032763  0.00139142
 -0.0312719   0.0032763   0.0600255 -0.00337697
   0.357281  0.00139142 -0.00337697    0.401022
IMAGINARY
          0   0.0233927  -0.0129199 -0.00181046
 -0.0233927           0   0.0287487  -0.0129199
  0.0129199  -0.0287487           0 -0.00401288
 0.00181046   0.0129199  0.00401288           0
Repeater1[0]<--->HoM1[0]
REAL
    0.465753 -0.000952854    0.0021454     0.399219
-0.000952854    0.0589041    0.0193272 -0.000892267
   0.0021454    0.0193272    0.0493151   0.00596539
    0.399219 -0.000892267   0.00596539     0.426027
IMAGINARY
          0  -0.0082996  -0.0094303  0.00296878
  0.0082996           0 -0.00862916  0.00335742
  0.0094303  0.00862916           0  0.00222672
-0.00296878 -0.00335742 -0.00222672           0
EndNode1[0]<--->Repeater1[0]
REAL
   0.490463   0.0182937  -0.0151918    0.371407
  0.0182937   0.0517711 -0.00465596  0.00250148
 -0.0151918 -0.00465596   0.0694823  -0.0246389
   0.371407  0.00250148  -0.0246389    0.388283
IMAGINARY
          0  -0.0261791   0.0177553    0.022099
  0.0261791           0  0.00328175   0.0083686
 -0.0177553 -0.00328175           0  0.00491543
  -0.022099  -0.0083686 -0.00491543           0
EndNode2[0]<--->HoM1[0]
REAL
   0.485237  -0.0255373  -0.0126244     0.39524
 -0.0255373   0.0462131   0.0162182 -0.00951105
 -0.0126244   0.0162182   0.0487805 -0.00441058
    0.39524 -0.00951105 -0.00441058    0.419769
IMAGINARY
          0  -0.0167422   0.0280705   0.0104548
  0.0167422           0   0.0183913  0.00217406
 -0.0280705  -0.0183913           0  -0.0160764
 -0.0104548 -0.00217406   0.0160764           0
Repeater1[0]<--->EndNode1[0]
REAL
   0.490463  -0.0151918   0.0182937    0.371407
 -0.0151918   0.0694823 -0.00465596  -0.0246389
  0.0182937 -0.00465596   0.0517711  0.00250148
   0.371407  -0.0246389  0.00250148    0.388283
IMAGINARY
          0   0.0177553  -0.0261791    0.022099
 -0.0177553           0 -0.00328175  0.00491543
  0.0261791  0.00328175           0   0.0083686
  -0.022099 -0.00491543  -0.0083686           0
Repeater1[0]<--->HoM1[0]
REAL
   0.485237  -0.0126244  -0.0255373     0.39524
 -0.0126244   0.0487805   0.0162182 -0.00441058
 -0.0255373   0.0162182   0.0462131 -0.00951105
    0.39524 -0.00441058 -0.00951105    0.419769
IMAGINARY
          0   0.0280705  -0.0167422   0.0104548
 -0.0280705           0  -0.0183913  -0.0160764
  0.0167422   0.0183913           0  0.00217406
 -0.0104548   0.0160764 -0.00217406           0
EndNode1[0]<--->Repeater1[0]
REAL
    0.455863    0.0134377  -0.00379945     0.364837
   0.0134377    0.0619236    0.0163894 -0.000670538
 -0.00379945    0.0163894    0.0566535  -0.00641343
    0.364837 -0.000670538  -0.00641343      0.42556
IMAGINARY
           0   -0.0281659   0.00511907    0.0141195
   0.0281659            0    0.0169685  0.000470994
 -0.00511907   -0.0169685            0     0.012638
  -0.0141195 -0.000470994    -0.012638            0
EndNode2[0]<--->HoM1[0]
REAL
  0.450852  0.0110348 0.00772686   0.396353
 0.0110348  0.0550459 0.00308789  0.0104296
0.00772686 0.00308789   0.061599  0.0322613
  0.396353  0.0104296  0.0322613   0.432503
IMAGINARY
           0  -0.00881591   -0.0119362   0.00358036
  0.00881591            0   0.00161444 -0.000134957
   0.0119362  -0.00161444            0    0.0208871
 -0.00358036  0.000134957   -0.0208871            0
Repeater1[0]<--->EndNode1[0]
REAL
    0.455863  -0.00379945    0.0134377     0.364837
 -0.00379945    0.0566535    0.0163894  -0.00641343
   0.0134377    0.0163894    0.0619236 -0.000670538
    0.364837  -0.00641343 -0.000670538      0.42556
IMAGINARY
           0   0.00511907   -0.0281659    0.0141195
 -0.00511907            0   -0.0169685     0.012638
   0.0281659    0.0169685            0  0.000470994
  -0.0141195    -0.012638 -0.000470994            0
Repeater1[0]<--->HoM1[0]
REAL
  0.450852 0.00772686  0.0110348   0.396353
0.00772686   0.061599 0.00308789  0.0322613
 0.0110348 0.00308789  0.0550459  0.0104296
  0.396353  0.0322613  0.0104296   0.432503
IMAGINARY
           0   -0.0119362  -0.00881591   0.00358036
   0.0119362            0  -0.00161444    0.0208871
  0.00881591   0.00161444            0 -0.000134957
 -0.00358036   -0.0208871  0.000134957            0
EndNode1[0]<--->Repeater1[0]
REAL
   0.444737  0.00742775 -0.00529269    0.372779
 0.00742775   0.0605263  0.00520491  -0.0146012
-0.00529269  0.00520491   0.0565789  -0.0352792
   0.372779  -0.0146012  -0.0352792    0.438158
IMAGINARY
          0   0.0137665  -0.0113969  0.00560204
 -0.0137665           0  -0.0018237 -0.00221697
  0.0113969   0.0018237           0 -0.00634075
-0.00560204  0.00221697  0.00634075           0
EndNode2[0]<--->HoM1[0]
REAL
   0.477865 -0.00262663   -0.023008    0.377713
-0.00262663   0.0572917    0.024297  0.00793261
  -0.023008    0.024297   0.0481771   0.0051392
   0.377713  0.00793261   0.0051392    0.416667
IMAGINARY
           0    0.0080685   0.00731811  -0.00774614
  -0.0080685            0   0.00385004  0.000756427
 -0.00731811  -0.00385004            0  -0.00372068
  0.00774614 -0.000756427   0.00372068            0
Repeater1[0]<--->EndNode1[0]
REAL
   0.444737 -0.00529269  0.00742775    0.372779
-0.00529269   0.0565789  0.00520491  -0.0352792
 0.00742775  0.00520491   0.0605263  -0.0146012
   0.372779  -0.0352792  -0.0146012    0.438158
IMAGINARY
          0  -0.0113969   0.0137665  0.00560204
  0.0113969           0   0.0018237 -0.00634075
 -0.0137665  -0.0018237           0 -0.00221697
-0.00560204  0.00634075  0.00221697           0
Repeater1[0]<--->HoM1[0]
REAL
   0.477865   -0.023008 -0.00262663    0.377713
  -0.023008   0.0481771    0.024297   0.0051392
-0.00262663    0.024297   0.0572917  0.00793261
   0.377713   0.0051392  0.00793261    0.416667
IMAGINARY
           0   0.00731811    0.0080685  -0.00774614
 -0.00731811            0  -0.00385004  -0.00372068
  -0.0080685   0.00385004            0  0.000756427
  0.00774614   0.00372068 -0.000756427            0
EndNode1[0]<--->Repeater1[0]
REAL
   0.473958  0.00359148  -0.0026741    0.371683
 0.00359148   0.0507812   0.0188577   -2.86e-05
 -0.0026741   0.0188577   0.0664062 0.000462571
   0.371683   -2.86e-05 0.000462571    0.408854
IMAGINARY
          0   0.0109086 -0.00756622  -0.0114117
 -0.0109086           0  0.00762383  0.00822325
 0.00756622 -0.00762383           0 -0.00105313
  0.0114117 -0.00822325  0.00105313           0
EndNode2[0]<--->HoM1[0]
REAL
  0.468793 -0.0306152 -0.0258662   0.382828
-0.0306152  0.0596394 0.00503521 -0.0176694
-0.0258662 0.00503521  0.0319001 -0.0247937
  0.382828 -0.0176694 -0.0247937   0.439667
IMAGINARY
           0  -0.00638802    0.0103579    0.0112295
  0.00638802            0    0.0173419    0.0034397
  -0.0103579   -0.0173419            0 -0.000839314
  -0.0112295   -0.0034397  0.000839314            0
Repeater1[0]<--->EndNode1[0]
REAL
   0.473958  -0.0026741  0.00359148    0.371683
 -0.0026741   0.0664062   0.0188577 0.000462571
 0.00359148   0.0188577   0.0507812   -2.86e-05
   0.371683 0.000462571   -2.86e-05    0.408854
IMAGINARY
          0 -0.00756622   0.0109086  -0.0114117
 0.00756622           0 -0.00762383 -0.00105313
 -0.0109086  0.00762383           0  0.00822325
  0.0114117  0.00105313 -0.00822325           0
Repeater1[0]<--->HoM1[0]
REAL
  0.468793 -0.0258662 -0.0306152   0.382828
-0.0258662  0.0319001 0.00503521 -0.0247937
-0.0306152 0.00503521  0.0596394 -0.0176694
  0.382828 -0.0247937 -0.0176694   0.439667
IMAGINARY
           0    0.0103579  -0.00638802    0.0112295
  -0.0103579            0   -0.0173419 -0.000839314
  0.00638802    0.0173419            0    0.0034397
  -0.0112295  0.000839314   -0.0034397            0
EndNode1[0]<--->Repeater1[0]
REAL
   0.487212  0.00963771 -0.00392478    0.369286
 0.00963771   0.0677749 -0.00404702  0.00770312
-0.00392478 -0.00404702    0.056266 -0.00208104
   0.369286  0.00770312 -0.00208104    0.388747
IMAGINARY
          0  0.00264879  0.00395201  -0.0067342
-0.00264879           0 -0.00169641  0.00138132
-0.00395201  0.00169641           0  0.00935121
  0.0067342 -0.00138132 -0.00935121           0
EndNode2[0]<--->HoM1[0]
REAL
   0.456186 -0.00373467  0.00956964    0.394086
-0.00373467   0.0399485    0.023788  0.00613085
 0.00956964    0.023788   0.0476804 0.000111483
   0.394086  0.00613085 0.000111483    0.456186
IMAGINARY
           0   0.00867089  -0.00545856  -0.00109181
 -0.00867089            0  -0.00729529  0.000918996
  0.00545856   0.00729529            0   -0.0119134
  0.00109181 -0.000918996    0.0119134            0
Repeater1[0]<--->EndNode1[0]
REAL
   0.487212 -0.00392478  0.00963771    0.369286
-0.00392478    0.056266 -0.00404702 -0.00208104
 0.00963771 -0.00404702   0.0677749  0.00770312
   0.369286 -0.00208104  0.00770312    0.388747
IMAGINARY
          0  0.00395201  0.00264879  -0.0067342
-0.00395201           0  0.00169641  0.00935121
-0.00264879 -0.00169641           0  0.00138132
  0.0067342 -0.00935121 -0.00138132           0
Repeater1[0]<--->HoM1[0]
REAL
   0.456186  0.00956964 -0.00373467    0.394086
 0.00956964   0.0476804    0.023788 0.000111483
-0.00373467    0.023788   0.0399485  0.00613085
   0.394086 0.000111483  0.00613085    0.456186
IMAGINARY
           0  -0.00545856   0.00867089  -0.00109181
  0.00545856            0   0.00729529   -0.0119134
 -0.00867089  -0.00729529            0  0.000918996
  0.00109181    0.0119134 -0.000918996            0
EndNode1[0]<--->Repeater1[0]
REAL
   0.428221 -0.00991853  0.00671256    0.383338
-0.00991853   0.0539877  0.00186635  0.00476703
 0.00671256  0.00186635   0.0785276 -0.00411208
   0.383338  0.00476703 -0.00411208    0.439264
IMAGINARY
          0  -0.0148836   0.0167031  0.00797793
  0.0148836           0  0.00860371 -0.00716628
 -0.0167031 -0.00860371           0  0.00398437
-0.00797793  0.00716628 -0.00398437           0
EndNode2[0]<--->HoM1[0]
REAL
  0.481884 0.00601834  0.0123727   0.391916
0.00601834  0.0374396 0.00531763 0.00146128
 0.0123727 0.00531763  0.0422705  0.0157208
  0.391916 0.00146128  0.0157208   0.438406
IMAGINARY
          0   0.0132216 -0.00503473  -0.0101182
 -0.0132216           0 -0.00495027  0.00116875
 0.00503473  0.00495027           0 -0.00677835
  0.0101182 -0.00116875  0.00677835           0
Repeater1[0]<--->EndNode1[0]
REAL
   0.428221  0.00671256 -0.00991853    0.383338
 0.00671256   0.0785276  0.00186635 -0.00411208
-0.00991853  0.00186635   0.0539877  0.00476703
   0.383338 -0.00411208  0.00476703    0.439264
IMAGINARY
          0   0.0167031  -0.0148836  0.00797793
 -0.0167031           0 -0.00860371  0.00398437
  0.0148836  0.00860371           0 -0.00716628
-0.00797793 -0.00398437  0.00716628           0
Repeater1[0]<--->HoM1[0]
REAL
  0.481884  0.0123727 0.00601834   0.391916
 0.0123727  0.0422705 0.00531763  0.0157208
0.00601834 0.00531763  0.0374396 0.00146128
  0.391916  0.0157208 0.00146128   0.438406
IMAGINARY
          0 -0.00503473   0.0132216  -0.0101182
 0.00503473           0  0.00495027 -0.00677835
 -0.0132216 -0.00495027           0  0.00116875
  0.0101182  0.00677835 -0.00116875           0
EndNode1[0]<--->Repeater1[0]
REAL
   0.437418   0.0134368  0.00124897    0.374612
  0.0134368   0.0737813 -0.00205043   0.0293102
 0.00124897 -0.00205043   0.0421607   0.0171223
   0.374612   0.0293102   0.0171223     0.44664
IMAGINARY
          0  -0.0154172  0.00144019  -0.0197235
  0.0154172           0 -0.00252777   0.0173023
-0.00144019  0.00252777           0  -0.0154172
  0.0197235  -0.0173023   0.0154172           0
EndNode2[0]<--->HoM1[0]
REAL
     0.45512  -0.00745958   -0.0256741     0.391374
 -0.00745958      0.05689   0.00937932 -0.000707824
  -0.0256741   0.00937932    0.0619469   -0.0126409
    0.391374 -0.000707824   -0.0126409     0.426043
IMAGINARY
           0   0.00548141 -0.000331126   0.00334188
 -0.00548141            0   -0.0110938  0.000331126
 0.000331126    0.0110938            0  -0.00913104
 -0.00334188 -0.000331126   0.00913104            0
Repeater1[0]<--->EndNode1[0]
REAL
   0.437418  0.00124897   0.0134368    0.374612
 0.00124897   0.0421607 -0.00205043   0.0171223
  0.0134368 -0.00205043   0.0737813   0.0293102
   0.374612   0.0171223   0.0293102     0.44664
IMAGINARY
          0  0.00144019  -0.0154172  -0.0197235
-0.00144019           0  0.00252777  -0.0154172
  0.0154172 -0.00252777           0   0.0173023
  0.0197235   0.0154172  -0.0173023           0
Repeater1[0]<--->HoM1[0]
REAL
     0.45512   -0.0256741  -0.00745958     0.391374
  -0.0256741    0.0619469   0.00937932   -0.0126409
 -0.00745958   0.00937932      0.05689 -0.000707824
    0.391374   -0.0126409 -0.000707824     0.426043
IMAGINARY
           0 -0.000331126   0.00548141   0.00334188
 0.000331126            0    0.0110938  -0.00913104
 -0.00548141   -0.0110938            0  0.000331126
 -0.00334188   0.00913104 -0.000331126            0
EndNode1[0]<--->Repeater1[0]
REAL
   0.486166 -0.00356101 -0.00644284    0.378617
-0.00356101    0.055336  0.00484207  0.00769598
-0.00644284  0.00484207   0.0632411  -0.0114766
   0.378617  0.00769598  -0.0114766    0.395257
IMAGINARY
           0   0.00657907 -0.000153186   -0.0110386
 -0.00657907            0  -0.00233716   0.00505515
 0.000153186   0.00233716            0   -0.0029026
   0.0110386  -0.00505515    0.0029026            0
EndNode2[0]<--->HoM1[0]
REAL
    0.450063 -0.000797867  -0.00438398     0.406374
-0.000797867    0.0657396   0.00436367    0.0114991
 -0.00438398   0.00436367    0.0467762    0.0169686
    0.406374    0.0114991    0.0169686     0.437421
IMAGINARY
          0  -0.0201976  0.00919182 -0.00610926
  0.0201976           0  -0.0143267  0.00713984
-0.00919182   0.0143267           0  0.00637846
 0.00610926 -0.00713984 -0.00637846           0
Repeater1[0]<--->EndNode1[0]
REAL
   0.486166 -0.00644284 -0.00356101    0.378617
-0.00644284   0.0632411  0.00484207  -0.0114766
-0.00356101  0.00484207    0.055336  0.00769598
   0.378617  -0.0114766  0.00769598    0.395257
IMAGINARY
           0 -0.000153186   0.00657907   -0.0110386
 0.000153186            0   0.00233716   -0.0029026
 -0.00657907  -0.00233716            0   0.00505515
   0.0110386    0.0029026  -0.00505515            0
Repeater1[0]<--->HoM1[0]
REAL
    0.450063  -0.00438398 -0.000797867     0.406374
 -0.00438398    0.0467762   0.00436367    0.0169686
-0.000797867   0.00436367    0.0657396    0.0114991
    0.406374    0.0169686    0.0114991     0.437421
IMAGINARY
          0  0.00919182  -0.0201976 -0.00610926
-0.00919182           0   0.0143267  0.00637846
  0.0201976  -0.0143267           0  0.00713984
 0.00610926 -0.00637846 -0.00713984           0
EndNode1[0]<--->Repeater1[0]
REAL
   0.477273 0.000379124  -0.0211364    0.367484
0.000379124   0.0548128 0.000904187   -0.011459
 -0.0211364 0.000904187   0.0534759 -0.00468417
   0.367484   -0.011459 -0.00468417    0.414439
IMAGINARY
          0  -0.0235159   0.0268128  -0.0246567
  0.0235159           0 -0.00325592  0.00686597
 -0.0268128  0.00325592           0  -0.0347742
  0.0246567 -0.00686597   0.0347742           0
EndNode2[0]<--->HoM1[0]
REAL
   0.448768   0.0115401 -0.00188107    0.394081
  0.0115401   0.0402075   0.0110474   0.0236759
-0.00188107   0.0110474   0.0687419   0.0128189
   0.394081   0.0236759   0.0128189    0.442283
IMAGINARY
           0  -0.00097856   -0.0109254  0.000914448
  0.00097856            0  -0.00284495   0.00706941
   0.0109254   0.00284495            0   0.00354925
-0.000914448  -0.00706941  -0.00354925            0
Repeater1[0]<--->EndNode1[0]
REAL
   0.477273  -0.0211364 0.000379124    0.367484
 -0.0211364   0.0534759 0.000904187 -0.00468417
0.000379124 0.000904187   0.0548128   -0.011459
   0.367484 -0.00468417   -0.011459    0.414439
IMAGINARY
          0   0.0268128  -0.0235159  -0.0246567
 -0.0268128           0  0.00325592  -0.0347742
  0.0235159 -0.00325592           0  0.00686597
  0.0246567   0.0347742 -0.00686597           0
Repeater1[0]<--->HoM1[0]
REAL
   0.448768 -0.00188107   0.0115401    0.394081
-0.00188107   0.0687419   0.0110474   0.0128189
  0.0115401   0.0110474   0.0402075   0.0236759
   0.394081   0.0128189   0.0236759    0.442283
IMAGINARY
           0   -0.0109254  -0.00097856  0.000914448
   0.0109254            0   0.00284495   0.00354925
  0.00097856  -0.00284495            0   0.00706941
-0.000914448  -0.00354925  -0.00706941            0
EndNode1[0]<--->Repeater1[0]
REAL
   0.461538   0.0145245  -0.0202735    0.382923
  0.0145245        0.05 -0.00471766 -0.00664955
 -0.0202735 -0.00471766   0.0653846 -0.00683224
   0.382923 -0.00664955 -0.00683224    0.423077
IMAGINARY
          0  -0.0134339 -0.00501543  0.00952097
  0.0134339           0  -0.0178942 -0.00434787
 0.00501543   0.0178942           0   0.0103128
-0.00952097  0.00434787  -0.0103128           0
EndNode2[0]<--->HoM1[0]
REAL
   0.478488  0.00906929  0.00512676    0.392781
 0.00906929   0.0456323  -0.0013079 -0.00125079
 0.00512676  -0.0013079   0.0677966  0.00514259
   0.392781 -0.00125079  0.00514259    0.408083
IMAGINARY
          0 -0.00563378  0.00720189 -0.00360676
 0.00563378           0 -0.00426726   -0.012128
-0.00720189  0.00426726           0   0.0130229
 0.00360676    0.012128  -0.0130229           0
Repeater1[0]<--->EndNode1[0]
REAL
   0.461538  -0.0202735   0.0145245    0.382923
 -0.0202735   0.0653846 -0.00471766 -0.00683224
  0.0145245 -0.00471766        0.05 -0.00664955
   0.382923 -0.00683224 -0.00664955    0.423077
IMAGINARY
          0 -0.00501543  -0.0134339  0.00952097
 0.00501543           0   0.0178942   0.0103128
  0.0134339  -0.0178942           0 -0.00434787
-0.00952097  -0.0103128  0.00434787           0
Repeater1[0]<--->HoM1[0]
REAL
   0.478488  0.00512676  0.00906929    0.392781
 0.00512676   0.0677966  -0.0013079  0.00514259
 0.00906929  -0.0013079   0.0456323 -0.00125079
   0.392781  0.00514259 -0.00125079    0.408083
IMAGINARY
          0  0.00720189 -0.00563378 -0.00360676
-0.00720189           0  0.00426726   0.0130229
 0.00563378 -0.00426726           0   -0.012128
 0.00360676  -0.0130229    0.012128           0
EndNode1[0]<--->Repeater1[0]
REAL
   0.458278 -0.00513639  0.00428771    0.377162
-0.00513639   0.0543046  0.00981547 -0.00551621
 0.00428771  0.00981547   0.0596026  -0.0157481
   0.377162 -0.00551621  -0.0157481    0.427815
IMAGINARY
          0 -0.00182398   0.0146667  0.00555732
 0.00182398           0 -0.00165107  -0.0146667
 -0.0146667  0.00165107           0  0.00692602
-0.00555732   0.0146667 -0.00692602           0
EndNode2[0]<--->HoM1[0]
REAL
   0.462085   0.0181907   0.0175507    0.387932
  0.0181907   0.0545024 -0.00550002  -0.0161993
  0.0175507 -0.00550002   0.0450237   -0.015488
   0.387932  -0.0161993   -0.015488    0.438389
IMAGINARY
          0  0.00718275 -0.00764823  -0.0199936
-0.00718275           0 -0.00757531   0.0119853
 0.00764823  0.00757531           0 -0.00408486
  0.0199936  -0.0119853  0.00408486           0
Repeater1[0]<--->EndNode1[0]
REAL
   0.458278  0.00428771 -0.00513639    0.377162
 0.00428771   0.0596026  0.00981547  -0.0157481
-0.00513639  0.00981547   0.0543046 -0.00551621
   0.377162  -0.0157481 -0.00551621    0.427815
IMAGINARY
          0   0.0146667 -0.00182398  0.00555732
 -0.0146667           0  0.00165107  0.00692602
 0.00182398 -0.00165107           0  -0.0146667
-0.00555732 -0.00692602   0.0146667           0
Repeater1[0]<--->HoM1[0]
REAL
   0.462085   0.0175507   0.0181907    0.387932
  0.0175507   0.0450237 -0.00550002   -0.015488
  0.0181907 -0.00550002   0.0545024  -0.0161993
   0.387932   -0.015488  -0.0161993    0.438389
IMAGINARY
          0 -0.00764823  0.00718275  -0.0199936
 0.00764823           0  0.00757531 -0.00408486
-0.00718275 -0.00757531           0   0.0119853
  0.0199936  0.00408486  -0.0119853           0
EndNode1[0]<--->Repeater1[0]
REAL
   0.450777  0.00515762  0.00532896    0.383862
 0.00515762   0.0595855  0.00686275 -0.00215234
 0.00532896  0.00686275   0.0816062 -0.00960489
   0.383862 -0.00215234 -0.00960489    0.408031
IMAGINARY
           0    0.0012373 -0.000480305  -0.00704067
  -0.0012373            0  -0.00768583   -0.0161249
 0.000480305   0.00768583            0    0.0104478
  0.00704067    0.0161249   -0.0104478            0
EndNode2[0]<--->HoM1[0]
REAL
  0.453247 0.00917361 0.00792554   0.396249
0.00917361  0.0506494 0.00881437 0.00473269
0.00792554 0.00881437  0.0506494   0.014877
  0.396249 0.00473269   0.014877   0.445455
IMAGINARY
          0  -0.0277821  0.00846075   0.0251327
  0.0277821           0 -0.00811699  0.00331936
-0.00846075  0.00811699           0   0.0212376
 -0.0251327 -0.00331936  -0.0212376           0
Repeater1[0]<--->EndNode1[0]
REAL
   0.450777  0.00532896  0.00515762    0.383862
 0.00532896   0.0816062  0.00686275 -0.00960489
 0.00515762  0.00686275   0.0595855 -0.00215234
   0.383862 -0.00960489 -0.00215234    0.408031
IMAGINARY
           0 -0.000480305    0.0012373  -0.00704067
 0.000480305            0   0.00768583    0.0104478
  -0.0012373  -0.00768583            0   -0.0161249
  0.00704067   -0.0104478    0.0161249            0
Repeater1[0]<--->HoM1[0]
REAL
  0.453247 0.00792554 0.00917361   0.396249
0.00792554  0.0506494 0.00881437   0.014877
0.00917361 0.00881437  0.0506494 0.00473269
  0.396249   0.014877 0.00473269   0.445455
IMAGINARY
          0  0.00846075  -0.0277821   0.0251327
-0.00846075           0  0.00811699   0.0212376
  0.0277821 -0.00811699           0  0.00331936
 -0.0251327  -0.0212376 -0.00331936           0
EndNode1[0]<--->Repeater1[0]
REAL
   0.470588  -0.0164619 -0.00691765    0.370424
 -0.0164619   0.0641711  0.00651884  -0.0228751
-0.00691765  0.00651884   0.0508021 0.000917819
   0.370424  -0.0228751 0.000917819    0.414439
IMAGINARY
          0  -0.0180925  0.00809305  0.00186104
  0.0180925           0  -0.0241935 -0.00513447
-0.00809305   0.0241935           0  0.00211614
-0.00186104  0.00513447 -0.00211614           0
EndNode2[0]<--->HoM1[0]
REAL
      0.456  0.00673204  0.00221578    0.405172
 0.00673204   0.0586667 -0.00951988  0.00834323
 0.00221578 -0.00951988   0.0573333 -0.00114198
   0.405172  0.00834323 -0.00114198       0.428
IMAGINARY
          0 -0.00598515  0.00811727 -0.00896601
 0.00598515           0  -0.0158153  0.00254624
-0.00811727   0.0158153           0 -0.00230868
 0.00896601 -0.00254624  0.00230868           0
Repeater1[0]<--->EndNode1[0]
REAL
   0.470588 -0.00691765  -0.0164619    0.370424
-0.00691765   0.0508021  0.00651884 0.000917819
 -0.0164619  0.00651884   0.0641711  -0.0228751
   0.370424 0.000917819  -0.0228751    0.414439
IMAGINARY
          0  0.00809305  -0.0180925  0.00186104
-0.00809305           0   0.0241935  0.00211614
  0.0180925  -0.0241935           0 -0.00513447
-0.00186104 -0.00211614  0.00513447           0
Repeater1[0]<--->HoM1[0]
REAL
      0.456  0.00221578  0.00673204    0.405172
 0.00221578   0.0573333 -0.00951988 -0.00114198
 0.00673204 -0.00951988   0.0586667  0.00834323
   0.405172 -0.00114198  0.00834323       0.428
IMAGINARY
          0  0.00811727 -0.00598515 -0.00896601
-0.00811727           0   0.0158153 -0.00230868
 0.00598515  -0.0158153           0  0.00254624
 0.00896601  0.00230868 -0.00254624           0
EndNode1[0]<--->Repeater1[0]
REAL
   0.441772  -0.0205608  -0.0279023    0.363764
 -0.0205608   0.0670886  0.00910593 -0.00158654
 -0.0279023  0.00910593   0.0658228 0.000246257
   0.363764 -0.00158654 0.000246257    0.425316
IMAGINARY
           0   0.00606106    0.0138156  -0.00943152
 -0.00606106            0  0.000220992   -0.0144367
  -0.0138156 -0.000220992            0    0.0107091
  0.00943152    0.0144367   -0.0107091            0
EndNode2[0]<--->HoM1[0]
REAL
   0.470516  0.00541549  -0.0124655    0.392972
