EndNode1[0]<--->Repeater1[0]
REAL
   0.433416 -0.00744262 -0.00309458    0.350115
-0.00744262   0.0727658  0.00113083    0.010212
-0.00309458  0.00113083   0.0724126  0.00815437
   0.350115    0.010212  0.00815437    0.421406
IMAGINARY
           0  -0.00518017  -0.00631617 -0.000288977
  0.00518017            0    0.0126436   0.00596578
  0.00631617   -0.0126436            0   0.00588094
 0.000288977  -0.00596578  -0.00588094            0
EndNode2[0]<--->HoM1[0]
REAL
   0.423554  0.00365964 -0.00302739    0.351289
 0.00365964   0.0698829   0.0026913  0.00213485
-0.00302739   0.0026913    0.087265  -0.0027671
   0.351289  0.00213485  -0.0027671    0.419298
IMAGINARY
          0   -0.004237  0.00419037  0.00325223
   0.004237           0  0.00630868  -0.0021343
-0.00419037 -0.00630868           0 -0.00193122
-0.00325223   0.0021343  0.00193122           0
Repeater1[0]<--->EndNode1[0]
REAL
   0.433416 -0.00309458 -0.00744262    0.350115
-0.00309458   0.0724126  0.00113083  0.00815437
-0.00744262  0.00113083   0.0727658    0.010212
   0.350115  0.00815437    0.010212    0.421406
IMAGINARY
           0  -0.00631617  -0.00518017 -0.000288977
  0.00631617            0   -0.0126436   0.00588094
  0.00518017    0.0126436            0   0.00596578
 0.000288977  -0.00588094  -0.00596578            0
Repeater1[0]<--->HoM1[0]
REAL
   0.423554 -0.00302739  0.00365964    0.351289
-0.00302739    0.087265   0.0026913  -0.0027671
 0.00365964   0.0026913   0.0698829  0.00213485
   0.351289  -0.0027671  0.00213485    0.419298
IMAGINARY
          0  0.00419037   -0.004237  0.00325223
-0.00419037           0 -0.00630868 -0.00193122
   0.004237  0.00630868           0  -0.0021343
-0.00325223  0.00193122   0.0021343           0
EndNode1[0]<--->Repeater1[0]
REAL
   0.418654   0.0112327 -0.00552999     0.35452
  0.0112327   0.0818797  0.00542314 0.000184299
-0.00552999  0.00542314   0.0708437  -0.0140837
    0.35452 0.000184299  -0.0140837    0.428622
IMAGINARY
           0   -0.0131199  0.000634158  -0.00435434
   0.0131199            0 -0.000478372   0.00662762
-0.000634158  0.000478372            0   -0.0104366
  0.00435434  -0.00662762    0.0104366            0
EndNode2[0]<--->HoM1[0]
REAL
    0.427591 -0.000877064   0.00111699     0.357302
-0.000877064     0.068978   -0.0102522  -0.00205649
  0.00111699   -0.0102522    0.0704225    0.0115873
    0.357302  -0.00205649    0.0115873     0.433008
IMAGINARY
          0 -0.00846421 -0.00921071  0.00440958
 0.00846421           0 -0.00129944   0.0200727
 0.00921071  0.00129944           0  0.00040535
-0.00440958  -0.0200727 -0.00040535           0
Repeater1[0]<--->EndNode1[0]
REAL
   0.418654 -0.00552999   0.0112327     0.35452
-0.00552999   0.0708437  0.00542314  -0.0140837
  0.0112327  0.00542314   0.0818797 0.000184299
    0.35452  -0.0140837 0.000184299    0.428622
IMAGINARY
           0  0.000634158   -0.0131199  -0.00435434
-0.000634158            0  0.000478372   -0.0104366
   0.0131199 -0.000478372            0   0.00662762
  0.00435434    0.0104366  -0.00662762            0
Repeater1[0]<--->HoM1[0]
REAL
    0.427591   0.00111699 -0.000877064     0.357302
  0.00111699    0.0704225   -0.0102522    0.0115873
-0.000877064   -0.0102522     0.068978  -0.00205649
    0.357302    0.0115873  -0.00205649     0.433008
IMAGINARY
          0 -0.00921071 -0.00846421  0.00440958
 0.00921071           0  0.00129944  0.00040535
 0.00846421 -0.00129944           0   0.0200727
-0.00440958 -0.00040535  -0.0200727           0
EndNode1[0]<--->Repeater1[0]
REAL
   0.435712   0.0043814 -0.00116028    0.346954
  0.0043814   0.0847519  0.00316903 -0.00463123
-0.00116028  0.00316903   0.0727997  -0.0035039
   0.346954 -0.00463123  -0.0035039    0.406737
IMAGINARY
           0  -0.00179979   0.00128019  0.000847868
  0.00179979            0   -0.0095688  0.000389564
 -0.00128019    0.0095688            0  0.000501092
-0.000847868 -0.000389564 -0.000501092            0
EndNode2[0]<--->HoM1[0]
REAL
   0.419027 -0.00181208 -0.00348938    0.352103
-0.00181208   0.0755265  0.00314135 -0.00385328
-0.00348938  0.00314135   0.0722585 -0.00902708
   0.352103 -0.00385328 -0.00902708    0.433188
IMAGINARY
          0  0.00588997 -0.00745047   0.0063842
-0.00588997           0   0.0106425 -0.00364474
 0.00745047  -0.0106425           0  0.00878433
 -0.0063842  0.00364474 -0.00878433           0
Repeater1[0]<--->EndNode1[0]
REAL
   0.435712 -0.00116028   0.0043814    0.346954
-0.00116028   0.0727997  0.00316903  -0.0035039
  0.0043814  0.00316903   0.0847519 -0.00463123
   0.346954  -0.0035039 -0.00463123    0.406737
IMAGINARY
           0   0.00128019  -0.00179979  0.000847868
 -0.00128019            0    0.0095688  0.000501092
  0.00179979   -0.0095688            0  0.000389564
-0.000847868 -0.000501092 -0.000389564            0
Repeater1[0]<--->HoM1[0]
REAL
   0.419027 -0.00348938 -0.00181208    0.352103
-0.00348938   0.0722585  0.00314135 -0.00902708
-0.00181208  0.00314135   0.0755265 -0.00385328
   0.352103 -0.00902708 -0.00385328    0.433188
IMAGINARY
          0 -0.00745047  0.00588997   0.0063842
 0.00745047           0  -0.0106425  0.00878433
-0.00588997   0.0106425           0 -0.00364474
 -0.0063842 -0.00878433  0.00364474           0
EndNode1[0]<--->Repeater1[0]
REAL
   0.425851  0.00709329    0.003327    0.353271
 0.00709329   0.0644453  0.00194983 -0.00173408
   0.003327  0.00194983   0.0787257 -0.00939417
   0.353271 -0.00173408 -0.00939417    0.430978
IMAGINARY
          0   0.0042196  -0.0081522 -0.00509202
 -0.0042196           0 -0.00257222  -0.0146084
  0.0081522  0.00257222           0   0.0181739
 0.00509202   0.0146084  -0.0181739           0
EndNode2[0]<--->HoM1[0]
REAL
   0.410577  0.00590076 -0.00862249     0.34613
 0.00590076   0.0833639   0.0042839 -0.00234479
-0.00862249   0.0042839   0.0705105 -0.00823805
    0.34613 -0.00234479 -0.00823805    0.435549
IMAGINARY
          0  0.00853121 -0.00855954   0.0065846
-0.00853121           0 -0.00371927 -0.00324039
 0.00855954  0.00371927           0   0.0148925
 -0.0065846  0.00324039  -0.0148925           0
Repeater1[0]<--->EndNode1[0]
REAL
   0.425851    0.003327  0.00709329    0.353271
   0.003327   0.0787257  0.00194983 -0.00939417
 0.00709329  0.00194983   0.0644453 -0.00173408
   0.353271 -0.00939417 -0.00173408    0.430978
IMAGINARY
          0  -0.0081522   0.0042196 -0.00509202
  0.0081522           0  0.00257222   0.0181739
 -0.0042196 -0.00257222           0  -0.0146084
 0.00509202  -0.0181739   0.0146084           0
Repeater1[0]<--->HoM1[0]
REAL
   0.410577 -0.00862249  0.00590076     0.34613
-0.00862249   0.0705105   0.0042839 -0.00823805
 0.00590076   0.0042839   0.0833639 -0.00234479
    0.34613 -0.00823805 -0.00234479    0.435549
IMAGINARY
          0 -0.00855954  0.00853121   0.0065846
 0.00855954           0  0.00371927   0.0148925
-0.00853121 -0.00371927           0 -0.00324039
 -0.0065846  -0.0148925  0.00324039           0
EndNode1[0]<--->Repeater1[0]
REAL
   0.430076 -0.00171351 -0.00185202    0.345178
-0.00171351   0.0722848 -0.00779456    0.005426
-0.00185202 -0.00779456   0.0777334  0.00635969
   0.345178    0.005426  0.00635969    0.419906
IMAGINARY
          0  0.00277414  -0.0038761  0.00520996
-0.00277414           0  0.00395142 -0.00315093
  0.0038761 -0.00395142           0   0.0107394
-0.00520996  0.00315093  -0.0107394           0
EndNode2[0]<--->HoM1[0]
REAL
  0.445039 0.00232143  0.0035605   0.347577
0.00232143  0.0738758 -0.0122195 0.00465379
 0.0035605 -0.0122195  0.0703069 0.00267857
  0.347577 0.00465379 0.00267857   0.410778
IMAGINARY
          0  0.00528675 -0.00649693  -0.0117307
-0.00528675           0 -0.00097805 -0.00151472
 0.00649693  0.00097805           0  0.00964405
  0.0117307  0.00151472 -0.00964405           0
Repeater1[0]<--->EndNode1[0]
REAL
   0.430076 -0.00185202 -0.00171351    0.345178
-0.00185202   0.0777334 -0.00779456  0.00635969
-0.00171351 -0.00779456   0.0722848    0.005426
   0.345178  0.00635969    0.005426    0.419906
IMAGINARY
          0  -0.0038761  0.00277414  0.00520996
  0.0038761           0 -0.00395142   0.0107394
-0.00277414  0.00395142           0 -0.00315093
-0.00520996  -0.0107394  0.00315093           0
Repeater1[0]<--->HoM1[0]
REAL
  0.445039  0.0035605 0.00232143   0.347577
 0.0035605  0.0703069 -0.0122195 0.00267857
0.00232143 -0.0122195  0.0738758 0.00465379
  0.347577 0.00267857 0.00465379   0.410778
IMAGINARY
          0 -0.00649693  0.00528675  -0.0117307
 0.00649693           0  0.00097805  0.00964405
-0.00528675 -0.00097805           0 -0.00151472
  0.0117307 -0.00964405  0.00151472           0
EndNode1[0]<--->Repeater1[0]
REAL
  0.417789 -0.0040209 -0.0073319   0.351867
-0.0040209  0.0729979 0.00390175  0.0073319
-0.0073319 0.00390175  0.0776045 0.00224028
  0.351867  0.0073319 0.00224028   0.431609
IMAGINARY
          0  0.00622443 -0.00556485 -0.00677604
-0.00622443           0  0.00225456  0.00342352
 0.00556485 -0.00225456           0 -0.00693821
 0.00677604 -0.00342352  0.00693821           0
EndNode2[0]<--->HoM1[0]
REAL
    0.41964 -0.00795682  0.00760636    0.347902
-0.00795682   0.0748852 -0.00860999 -0.00273096
 0.00760636 -0.00860999   0.0741787  0.00380369
   0.347902 -0.00273096  0.00380369    0.431296
IMAGINARY
           0   0.00414142    0.0193818    0.0152388
 -0.00414142            0   -0.0231403   -0.0145988
  -0.0193818    0.0231403            0 -0.000830166
  -0.0152388    0.0145988  0.000830166            0
Repeater1[0]<--->EndNode1[0]
REAL
  0.417789 -0.0073319 -0.0040209   0.351867
-0.0073319  0.0776045 0.00390175 0.00224028
-0.0040209 0.00390175  0.0729979  0.0073319
  0.351867 0.00224028  0.0073319   0.431609
IMAGINARY
          0 -0.00556485  0.00622443 -0.00677604
 0.00556485           0 -0.00225456 -0.00693821
-0.00622443  0.00225456           0  0.00342352
 0.00677604  0.00693821 -0.00342352           0
Repeater1[0]<--->HoM1[0]
REAL
    0.41964  0.00760636 -0.00795682    0.347902
 0.00760636   0.0741787 -0.00860999  0.00380369
-0.00795682 -0.00860999   0.0748852 -0.00273096
   0.347902  0.00380369 -0.00273096    0.431296
IMAGINARY
           0    0.0193818   0.00414142    0.0152388
  -0.0193818            0    0.0231403 -0.000830166
 -0.00414142   -0.0231403            0   -0.0145988
  -0.0152388  0.000830166    0.0145988            0
EndNode1[0]<--->Repeater1[0]
REAL
   0.436963  -0.0106924  -0.0177475    0.358183
 -0.0106924   0.0759312 -0.00517781 0.000730803
 -0.0177475 -0.00517781   0.0694842  -0.0142895
   0.358183 0.000730803  -0.0142895    0.417622
IMAGINARY
           0  -0.00359038  0.000288035 -0.000266052
  0.00359038            0  0.000266052   -0.0051043
-0.000288035 -0.000266052            0  -0.00122589
 0.000266052    0.0051043   0.00122589            0
EndNode2[0]<--->HoM1[0]
REAL
   0.426224  -0.0048946   0.0114697    0.358513
 -0.0048946   0.0675241 -0.00354334 -0.00103466
  0.0114697 -0.00354334   0.0771704  0.00259535
   0.358513 -0.00103466  0.00259535    0.429082
IMAGINARY
          0 -0.00220248   0.0037843 -0.00686916
 0.00220248           0  -0.0038083 -0.00396345
 -0.0037843   0.0038083           0  0.00345652
 0.00686916  0.00396345 -0.00345652           0
Repeater1[0]<--->EndNode1[0]
REAL
   0.436963  -0.0177475  -0.0106924    0.358183
 -0.0177475   0.0694842 -0.00517781  -0.0142895
 -0.0106924 -0.00517781   0.0759312 0.000730803
   0.358183  -0.0142895 0.000730803    0.417622
IMAGINARY
           0  0.000288035  -0.00359038 -0.000266052
-0.000288035            0 -0.000266052  -0.00122589
  0.00359038  0.000266052            0   -0.0051043
 0.000266052   0.00122589    0.0051043            0
Repeater1[0]<--->HoM1[0]
REAL
   0.426224   0.0114697  -0.0048946    0.358513
  0.0114697   0.0771704 -0.00354334  0.00259535
 -0.0048946 -0.00354334   0.0675241 -0.00103466
   0.358513  0.00259535 -0.00103466    0.429082
IMAGINARY
          0   0.0037843 -0.00220248 -0.00686916
 -0.0037843           0   0.0038083  0.00345652
 0.00220248  -0.0038083           0 -0.00396345
 0.00686916 -0.00345652  0.00396345           0
EndNode1[0]<--->Repeater1[0]
REAL
    0.433834  -0.00312838   0.00764929      0.34773
 -0.00312838    0.0761803  -0.00472364 -0.000952861
  0.00764929  -0.00472364    0.0718884   0.00610457
     0.34773 -0.000952861   0.00610457     0.418097
IMAGINARY
          0 -0.00491689 -0.00167368  0.00205426
 0.00491689           0  0.00529868  0.00396807
 0.00167368 -0.00529868           0 -0.00655504
-0.00205426 -0.00396807  0.00655504           0
EndNode2[0]<--->HoM1[0]
REAL
   0.428368 -0.00360484 0.000603155    0.340235
-0.00360484   0.0842517   0.0012897   0.0072316
0.000603155   0.0012897   0.0757199   0.0139325
   0.340235   0.0072316   0.0139325     0.41166
IMAGINARY
           0 -0.000234723  -0.00810371   0.00463371
 0.000234723            0  -0.00095994  -0.00664811
  0.00810371   0.00095994            0   0.00873872
 -0.00463371   0.00664811  -0.00873872            0
Repeater1[0]<--->EndNode1[0]
REAL
    0.433834   0.00764929  -0.00312838      0.34773
  0.00764929    0.0718884  -0.00472364   0.00610457
 -0.00312838  -0.00472364    0.0761803 -0.000952861
     0.34773   0.00610457 -0.000952861     0.418097
IMAGINARY
          0 -0.00167368 -0.00491689  0.00205426
 0.00167368           0 -0.00529868 -0.00655504
 0.00491689  0.00529868           0  0.00396807
-0.00205426  0.00655504 -0.00396807           0
Repeater1[0]<--->HoM1[0]
REAL
   0.428368 0.000603155 -0.00360484    0.340235
0.000603155   0.0757199   0.0012897   0.0139325
-0.00360484   0.0012897   0.0842517   0.0072316
   0.340235   0.0139325   0.0072316     0.41166
IMAGINARY
           0  -0.00810371 -0.000234723   0.00463371
  0.00810371            0   0.00095994   0.00873872
 0.000234723  -0.00095994            0  -0.00664811
 -0.00463371  -0.00873872   0.00664811            0
EndNode1[0]<--->Repeater1[0]
REAL
   0.422144 -0.00206011  0.00443576    0.340194
-0.00206011   0.0759227  0.00202688 -0.00954898
 0.00443576  0.00202688   0.0780316  -0.0198537
   0.340194 -0.00954898  -0.0198537    0.423902
IMAGINARY
          0 -0.00721176  0.00483594 -0.00507162
 0.00721176           0 -0.00941316  0.00823244
-0.00483594  0.00941316           0  0.00703274
 0.00507162 -0.00823244 -0.00703274           0
EndNode2[0]<--->HoM1[0]
REAL
   0.435265 -0.00618225   0.0105129    0.357952
-0.00618225   0.0693848  0.00335923 -0.00150716
  0.0105129  0.00335923   0.0840486   0.0133869
   0.357952 -0.00150716   0.0133869    0.411302
IMAGINARY
          0  0.00442672  0.00399683  0.00497277
-0.00442672           0  0.00710801 -0.00455466
-0.00399683 -0.00710801           0 -0.00200947
-0.00497277  0.00455466  0.00200947           0
Repeater1[0]<--->EndNode1[0]
REAL
   0.422144  0.00443576 -0.00206011    0.340194
 0.00443576   0.0780316  0.00202688  -0.0198537
-0.00206011  0.00202688   0.0759227 -0.00954898
   0.340194  -0.0198537 -0.00954898    0.423902
IMAGINARY
          0  0.00483594 -0.00721176 -0.00507162
-0.00483594           0  0.00941316  0.00703274
 0.00721176 -0.00941316           0  0.00823244
 0.00507162 -0.00703274 -0.00823244           0
Repeater1[0]<--->HoM1[0]
REAL
   0.435265   0.0105129 -0.00618225    0.357952
  0.0105129   0.0840486  0.00335923   0.0133869
-0.00618225  0.00335923   0.0693848 -0.00150716
   0.357952   0.0133869 -0.00150716    0.411302
IMAGINARY
          0  0.00399683  0.00442672  0.00497277
-0.00399683           0 -0.00710801 -0.00200947
-0.00442672  0.00710801           0 -0.00455466
-0.00497277  0.00200947  0.00455466           0
EndNode1[0]<--->Repeater1[0]
REAL
  0.430857 0.00172151 -0.0010715   0.351796
0.00172151  0.0778528 0.00369943   0.005576
-0.0010715 0.00369943  0.0817632 0.00458479
  0.351796   0.005576 0.00458479   0.409527
IMAGINARY
          0  -0.0086417  0.00792222  0.00349238
  0.0086417           0  0.00241168   0.0111115
-0.00792222 -0.00241168           0 -0.00416943
-0.00349238  -0.0111115  0.00416943           0
EndNode2[0]<--->HoM1[0]
REAL
    0.435478  -0.00638622  -0.00194307     0.349871
 -0.00638622    0.0728759 -0.000842277   0.00615707
 -0.00194307 -0.000842277     0.070743     0.012066
    0.349871   0.00615707     0.012066     0.420903
IMAGINARY
           0   0.00640447    0.0104614  0.000781191
 -0.00640447            0  -0.00216432   -0.0139375
  -0.0104614   0.00216432            0  -0.00366023
-0.000781191    0.0139375   0.00366023            0
Repeater1[0]<--->EndNode1[0]
REAL
  0.430857 -0.0010715 0.00172151   0.351796
-0.0010715  0.0817632 0.00369943 0.00458479
0.00172151 0.00369943  0.0778528   0.005576
  0.351796 0.00458479   0.005576   0.409527
IMAGINARY
          0  0.00792222  -0.0086417  0.00349238
-0.00792222           0 -0.00241168 -0.00416943
  0.0086417  0.00241168           0   0.0111115
-0.00349238  0.00416943  -0.0111115           0
Repeater1[0]<--->HoM1[0]
REAL
    0.435478  -0.00194307  -0.00638622     0.349871
 -0.00194307     0.070743 -0.000842277     0.012066
 -0.00638622 -0.000842277    0.0728759   0.00615707
    0.349871     0.012066   0.00615707     0.420903
IMAGINARY
           0    0.0104614   0.00640447  0.000781191
  -0.0104614            0   0.00216432  -0.00366023
 -0.00640447  -0.00216432            0   -0.0139375
-0.000781191   0.00366023    0.0139375            0
EndNode1[0]<--->Repeater1[0]
REAL
    0.437347  -0.00414182   0.00562795     0.351315
 -0.00414182    0.0736475   0.00592877 -0.000491565
  0.00562795   0.00592877    0.0764398   0.00325623
    0.351315 -0.000491565   0.00325623     0.412565
IMAGINARY
          0 -0.00403044 -0.00225539   0.0109076
 0.00403044           0  0.00633383  0.00421478
 0.00225539 -0.00633383           0  0.00278356
 -0.0109076 -0.00421478 -0.00278356           0
EndNode2[0]<--->HoM1[0]
REAL
   0.412768   0.0122055  0.00526183    0.347774
  0.0122055   0.0710918  0.00605263   0.0116043
 0.00526183  0.00605263   0.0681901 -0.00368171
   0.347774   0.0116043 -0.00368171    0.447951
IMAGINARY
           0   -0.0172273  -0.00184442  -0.00885187
   0.0172273            0    -0.013859      0.01315
  0.00184442     0.013859            0 -0.000642917
  0.00885187     -0.01315  0.000642917            0
Repeater1[0]<--->EndNode1[0]
REAL
    0.437347   0.00562795  -0.00414182     0.351315
  0.00562795    0.0764398   0.00592877   0.00325623
 -0.00414182   0.00592877    0.0736475 -0.000491565
    0.351315   0.00325623 -0.000491565     0.412565
IMAGINARY
          0 -0.00225539 -0.00403044   0.0109076
 0.00225539           0 -0.00633383  0.00278356
 0.00403044  0.00633383           0  0.00421478
 -0.0109076 -0.00278356 -0.00421478           0
Repeater1[0]<--->HoM1[0]
REAL
   0.412768  0.00526183   0.0122055    0.347774
 0.00526183   0.0681901  0.00605263 -0.00368171
  0.0122055  0.00605263   0.0710918   0.0116043
   0.347774 -0.00368171   0.0116043    0.447951
IMAGINARY
           0  -0.00184442   -0.0172273  -0.00885187
  0.00184442            0     0.013859 -0.000642917
   0.0172273    -0.013859            0      0.01315
  0.00885187  0.000642917     -0.01315            0
EndNode1[0]<--->Repeater1[0]
REAL
    0.42159  0.00184938 0.000259058    0.353793
 0.00184938   0.0802334 -0.00586289  0.00395494
0.000259058 -0.00586289   0.0722101  0.00419679
   0.353793  0.00395494  0.00419679    0.425966
IMAGINARY
           0 -0.000499922  -0.00144374    0.0005473
 0.000499922            0  0.000724041   0.00467417
  0.00144374 -0.000724041            0   0.00265355
  -0.0005473  -0.00467417  -0.00265355            0
EndNode2[0]<--->HoM1[0]
REAL
   0.418188 -0.00237184  0.00218613    0.352422
-0.00237184   0.0780523 -0.00203126 -0.00162789
 0.00218613 -0.00203126   0.0762621  0.00441873
   0.352422 -0.00162789  0.00441873    0.427497
IMAGINARY
           0    -0.014634 -0.000474432   -0.0102153
    0.014634            0  -0.00625279   0.00662939
 0.000474432   0.00625279            0   0.00196203
   0.0102153  -0.00662939  -0.00196203            0
Repeater1[0]<--->EndNode1[0]
REAL
    0.42159 0.000259058  0.00184938    0.353793
0.000259058   0.0722101 -0.00586289  0.00419679
 0.00184938 -0.00586289   0.0802334  0.00395494
   0.353793  0.00419679  0.00395494    0.425966
IMAGINARY
           0  -0.00144374 -0.000499922    0.0005473
  0.00144374            0 -0.000724041   0.00265355
 0.000499922  0.000724041            0   0.00467417
  -0.0005473  -0.00265355  -0.00467417            0
Repeater1[0]<--->HoM1[0]
REAL
   0.418188  0.00218613 -0.00237184    0.352422
 0.00218613   0.0762621 -0.00203126  0.00441873
-0.00237184 -0.00203126   0.0780523 -0.00162789
   0.352422  0.00441873 -0.00162789    0.427497
IMAGINARY
           0 -0.000474432    -0.014634   -0.0102153
 0.000474432            0   0.00625279   0.00196203
    0.014634  -0.00625279            0   0.00662939
   0.0102153  -0.00196203  -0.00662939            0
EndNode1[0]<--->Repeater1[0]
REAL
   0.432313  -0.0143027 -0.00244397     0.35287
 -0.0143027   0.0759867 -0.00216122 -0.00464823
-0.00244397 -0.00216122   0.0778311 0.000472921
    0.35287 -0.00464823 0.000472921    0.413869
IMAGINARY
           0  -0.00137546  0.000879662  -0.00282697
  0.00137546            0   -0.0044723  0.000879662
-0.000879662    0.0044723            0  -0.00953235
  0.00282697 -0.000879662   0.00953235            0
EndNode2[0]<--->HoM1[0]
REAL
   0.399295  0.00146628   0.0013779     0.35356
 0.00146628   0.0786596  0.00127888 -0.00797614
  0.0013779  0.00127888   0.0694885  0.00146628
    0.35356 -0.00797614  0.00146628    0.452557
IMAGINARY
          0 -0.00108774 -0.00269544 -0.00137645
 0.00108774           0  0.00709812  0.00124721
 0.00269544 -0.00709812           0  0.00108774
 0.00137645 -0.00124721 -0.00108774           0
Repeater1[0]<--->EndNode1[0]
REAL
   0.432313 -0.00244397  -0.0143027     0.35287
-0.00244397   0.0778311 -0.00216122 0.000472921
 -0.0143027 -0.00216122   0.0759867 -0.00464823
    0.35287 0.000472921 -0.00464823    0.413869
IMAGINARY
           0  0.000879662  -0.00137546  -0.00282697
-0.000879662            0    0.0044723  -0.00953235
  0.00137546   -0.0044723            0  0.000879662
  0.00282697   0.00953235 -0.000879662            0
Repeater1[0]<--->HoM1[0]
REAL
   0.399295   0.0013779  0.00146628     0.35356
  0.0013779   0.0694885  0.00127888  0.00146628
 0.00146628  0.00127888   0.0786596 -0.00797614
    0.35356  0.00146628 -0.00797614    0.452557
IMAGINARY
          0 -0.00269544 -0.00108774 -0.00137645
 0.00269544           0 -0.00709812  0.00108774
 0.00108774  0.00709812           0  0.00124721
 0.00137645 -0.00108774 -0.00124721           0
EndNode1[0]<--->Repeater1[0]
REAL
   0.423897 -0.00681864 -0.00699894     0.34744
-0.00681864   0.0702206 -0.00289764 -0.00237261
-0.00699894 -0.00289764   0.0738971 -0.00880062
    0.34744 -0.00237261 -0.00880062    0.431985
IMAGINARY
           0   0.00675435   -0.0112393   0.00235337
 -0.00675435            0   0.00235337  0.000396795
   0.0112393  -0.00235337            0  -0.00551013
 -0.00235337 -0.000396795   0.00551013            0
EndNode2[0]<--->HoM1[0]
REAL
    0.446667   0.00598848   0.00487834     0.359178
  0.00598848    0.0740741 -0.000808467    0.0126467
  0.00487834 -0.000808467    0.0811111   0.00652941
    0.359178    0.0126467   0.00652941     0.398148
IMAGINARY
          0 -0.00528705  0.00977424 -0.00199397
 0.00528705           0  0.00988967 -0.00104519
-0.00977424 -0.00988967           0 -0.00379116
 0.00199397  0.00104519  0.00379116           0
Repeater1[0]<--->EndNode1[0]
REAL
   0.423897 -0.00699894 -0.00681864     0.34744
-0.00699894   0.0738971 -0.00289764 -0.00880062
-0.00681864 -0.00289764   0.0702206 -0.00237261
    0.34744 -0.00880062 -0.00237261    0.431985
IMAGINARY
           0   -0.0112393   0.00675435   0.00235337
   0.0112393            0  -0.00235337  -0.00551013
 -0.00675435   0.00235337            0  0.000396795
 -0.00235337   0.00551013 -0.000396795            0
Repeater1[0]<--->HoM1[0]
REAL
    0.446667   0.00487834   0.00598848     0.359178
  0.00487834    0.0811111 -0.000808467   0.00652941
  0.00598848 -0.000808467    0.0740741    0.0126467
    0.359178   0.00652941    0.0126467     0.398148
IMAGINARY
          0  0.00977424 -0.00528705 -0.00199397
-0.00977424           0 -0.00988967 -0.00379116
 0.00528705  0.00988967           0 -0.00104519
 0.00199397  0.00379116  0.00104519           0
EndNode1[0]<--->Repeater1[0]
REAL
  0.417974 0.00161096 -0.0190987   0.351471
0.00161096  0.0752496 0.00456865  0.0131296
-0.0190987 0.00456865  0.0727532  -0.010389
  0.351471  0.0131296  -0.010389   0.434023
IMAGINARY
          0 -0.00460227 -0.00116987 -0.00392796
 0.00460227           0  0.00856751 -0.00603474
 0.00116987 -0.00856751           0  0.00280112
 0.00392796  0.00603474 -0.00280112           0
EndNode2[0]<--->HoM1[0]
REAL
   0.426503 0.000589098 -0.00368438    0.341849
0.000589098   0.0789283  0.00222685  0.00746544
-0.00368438  0.00222685   0.0778421  0.00355206
   0.341849  0.00746544  0.00355206    0.416727
IMAGINARY
           0   0.00507429   0.00615125  -0.00689128
 -0.00507429            0 -0.000767362    0.0040084
 -0.00615125  0.000767362            0  -0.00362291
  0.00689128   -0.0040084   0.00362291            0
Repeater1[0]<--->EndNode1[0]
REAL
  0.417974 -0.0190987 0.00161096   0.351471
-0.0190987  0.0727532 0.00456865  -0.010389
0.00161096 0.00456865  0.0752496  0.0131296
  0.351471  -0.010389  0.0131296   0.434023
IMAGINARY
          0 -0.00116987 -0.00460227 -0.00392796
 0.00116987           0 -0.00856751  0.00280112
 0.00460227  0.00856751           0 -0.00603474
 0.00392796 -0.00280112  0.00603474           0
Repeater1[0]<--->HoM1[0]
REAL
   0.426503 -0.00368438 0.000589098    0.341849
-0.00368438   0.0778421  0.00222685  0.00355206
0.000589098  0.00222685   0.0789283  0.00746544
   0.341849  0.00355206  0.00746544    0.416727
IMAGINARY
           0   0.00615125   0.00507429  -0.00689128
 -0.00615125            0  0.000767362  -0.00362291
 -0.00507429 -0.000767362            0    0.0040084
  0.00689128   0.00362291   -0.0040084            0
EndNode1[0]<--->Repeater1[0]
REAL
   0.431478  0.00860282  0.00749458    0.352639
 0.00860282   0.0724483 -0.00615519   0.0151759
 0.00749458 -0.00615519   0.0735189   0.0154957
   0.352639   0.0151759   0.0154957    0.422555
IMAGINARY
           0  -0.00465228 -0.000102757  -0.00357919
  0.00465228            0 -1.79344e-05   0.00136675
 0.000102757  1.79344e-05            0  -0.00130655
  0.00357919  -0.00136675   0.00130655            0
EndNode2[0]<--->HoM1[0]
REAL
   0.436017 -0.00119868  0.00721835    0.357283
-0.00119868   0.0654206 -0.00298543  0.00108117
 0.00721835 -0.00298543   0.0729691 -0.00193669
   0.357283  0.00108117 -0.00193669    0.425593
IMAGINARY
          0  0.00568809  -0.0102968   0.0149932
-0.00568809           0 -0.00476032  0.00500393
  0.0102968  0.00476032           0  -0.0039238
 -0.0149932 -0.00500393   0.0039238           0
Repeater1[0]<--->EndNode1[0]
REAL
   0.431478  0.00749458  0.00860282    0.352639
 0.00749458   0.0735189 -0.00615519   0.0154957
 0.00860282 -0.00615519   0.0724483   0.0151759
   0.352639   0.0154957   0.0151759    0.422555
IMAGINARY
           0 -0.000102757  -0.00465228  -0.00357919
 0.000102757            0  1.79344e-05  -0.00130655
  0.00465228 -1.79344e-05            0   0.00136675
  0.00357919   0.00130655  -0.00136675            0
Repeater1[0]<--->HoM1[0]
REAL
   0.436017  0.00721835 -0.00119868    0.357283
 0.00721835   0.0729691 -0.00298543 -0.00193669
-0.00119868 -0.00298543   0.0654206  0.00108117
   0.357283 -0.00193669  0.00108117    0.425593
IMAGINARY
          0  -0.0102968  0.00568809   0.0149932
  0.0102968           0  0.00476032  -0.0039238
-0.00568809 -0.00476032           0  0.00500393
 -0.0149932   0.0039238 -0.00500393           0
EndNode1[0]<--->Repeater1[0]
REAL
    0.425171    0.0158879    0.0150136     0.344539
   0.0158879    0.0732059  -0.00916387 -0.000244176
   0.0150136  -0.00916387    0.0800577   0.00140314
    0.344539 -0.000244176   0.00140314     0.421565
IMAGINARY
           0  -0.00961133   0.00835528  -0.00590264
  0.00961133            0  0.000830175   0.00782014
 -0.00835528 -0.000830175            0    -0.003329
  0.00590264  -0.00782014     0.003329            0
EndNode2[0]<--->HoM1[0]
REAL
   0.422591  0.00263585 -0.00399603    0.357487
 0.00263585   0.0819199 -0.00689517  0.00991319
-0.00399603 -0.00689517   0.0750632  0.00919847
   0.357487  0.00991319  0.00919847    0.420426
IMAGINARY
           0 -7.65752e-05  -0.00311572  -0.00458527
 7.65752e-05            0   0.00137786    0.0102247
  0.00311572  -0.00137786            0  -0.00411591
  0.00458527   -0.0102247   0.00411591            0
Repeater1[0]<--->EndNode1[0]
REAL
    0.425171    0.0150136    0.0158879     0.344539
   0.0150136    0.0800577  -0.00916387   0.00140314
   0.0158879  -0.00916387    0.0732059 -0.000244176
    0.344539   0.00140314 -0.000244176     0.421565
IMAGINARY
           0   0.00835528  -0.00961133  -0.00590264
 -0.00835528            0 -0.000830175    -0.003329
  0.00961133  0.000830175            0   0.00782014
  0.00590264     0.003329  -0.00782014            0
Repeater1[0]<--->HoM1[0]
REAL
   0.422591 -0.00399603  0.00263585    0.357487
-0.00399603   0.0750632 -0.00689517  0.00919847
 0.00263585 -0.00689517   0.0819199  0.00991319
   0.357487  0.00919847  0.00991319    0.420426
IMAGINARY
           0  -0.00311572 -7.65752e-05  -0.00458527
  0.00311572            0  -0.00137786  -0.00411591
 7.65752e-05   0.00137786            0    0.0102247
  0.00458527   0.00411591   -0.0102247            0
EndNode1[0]<--->Repeater1[0]
REAL
    0.420064 -0.000664875   0.00541136     0.353689
-0.000664875    0.0740872   0.00419201  -0.00633421
  0.00541136   0.00419201    0.0804679  -0.00800991
    0.353689  -0.00633421  -0.00800991     0.425381
IMAGINARY
          0  0.00925833 -0.00408971   0.0132533
-0.00925833           0 -0.00651869 -0.00668615
 0.00408971  0.00651869           0  -0.0168014
 -0.0132533  0.00668615   0.0168014           0
EndNode2[0]<--->HoM1[0]
REAL
     0.42277 -0.000926955 -0.000126943     0.349794
-0.000926955    0.0678028  0.000473704    0.0110004
-0.000126943  0.000473704    0.0772299   0.00324425
    0.349794    0.0110004   0.00324425     0.432197
IMAGINARY
           0  -0.00403566   0.00878192 -9.56651e-05
  0.00403566            0  -0.00739364  -0.00520282
 -0.00878192   0.00739364            0 -0.000617166
 9.56651e-05   0.00520282  0.000617166            0
Repeater1[0]<--->EndNode1[0]
REAL
    0.420064   0.00541136 -0.000664875     0.353689
  0.00541136    0.0804679   0.00419201  -0.00800991
-0.000664875   0.00419201    0.0740872  -0.00633421
    0.353689  -0.00800991  -0.00633421     0.425381
IMAGINARY
          0 -0.00408971  0.00925833   0.0132533
 0.00408971           0  0.00651869  -0.0168014
-0.00925833 -0.00651869           0 -0.00668615
 -0.0132533   0.0168014  0.00668615           0
Repeater1[0]<--->HoM1[0]
REAL
     0.42277 -0.000126943 -0.000926955     0.349794
-0.000126943    0.0772299  0.000473704   0.00324425
-0.000926955  0.000473704    0.0678028    0.0110004
    0.349794   0.00324425    0.0110004     0.432197
IMAGINARY
           0   0.00878192  -0.00403566 -9.56651e-05
 -0.00878192            0   0.00739364 -0.000617166
  0.00403566  -0.00739364            0  -0.00520282
 9.56651e-05  0.000617166   0.00520282            0
EndNode1[0]<--->Repeater1[0]
REAL
    0.43176  0.00259578 -0.00204207    0.352746
 0.00259578   0.0698866  0.00224874 -0.00386556
-0.00204207  0.00224874   0.0709843  0.00259578
   0.352746 -0.00386556  0.00259578    0.427369
IMAGINARY
          0  0.00116864  0.00136031  0.00215066
-0.00116864           0 -0.00233123 -0.00207053
-0.00136031  0.00233123           0  -0.0079158
-0.00215066  0.00207053   0.0079158           0
EndNode2[0]<--->HoM1[0]
REAL
   0.435131  0.00088164  0.00336531    0.350046
 0.00088164   0.0706997  0.00439371 -0.00263751
 0.00336531  0.00439371   0.0696064 -0.00233724
   0.350046 -0.00263751 -0.00233724    0.424563
IMAGINARY
           0   -0.0100431  -0.00499125     0.018056
   0.0100431            0  0.000597943   0.00535357
  0.00499125 -0.000597943            0  -0.00118876
   -0.018056  -0.00535357   0.00118876            0
Repeater1[0]<--->EndNode1[0]
REAL
    0.43176 -0.00204207  0.00259578    0.352746
-0.00204207   0.0709843  0.00224874  0.00259578
 0.00259578  0.00224874   0.0698866 -0.00386556
   0.352746  0.00259578 -0.00386556    0.427369
IMAGINARY
          0  0.00136031  0.00116864  0.00215066
-0.00136031           0  0.00233123  -0.0079158
-0.00116864 -0.00233123           0 -0.00207053
-0.00215066   0.0079158  0.00207053           0
Repeater1[0]<--->HoM1[0]
REAL
   0.435131  0.00336531  0.00088164    0.350046
 0.00336531   0.0696064  0.00439371 -0.00233724
 0.00088164  0.00439371   0.0706997 -0.00263751
   0.350046 -0.00233724 -0.00263751    0.424563
IMAGINARY
           0  -0.00499125   -0.0100431     0.018056
  0.00499125            0 -0.000597943  -0.00118876
   0.0100431  0.000597943            0   0.00535357
   -0.018056   0.00118876  -0.00535357            0
EndNode1[0]<--->Repeater1[0]
REAL
   0.405523  -0.0041447 -0.00637171    0.355452
 -0.0041447    0.068314 -0.00071736   0.0106759
-0.00637171 -0.00071736   0.0864826  0.00450338
   0.355452   0.0106759  0.00450338     0.43968
IMAGINARY
          0   0.0129991 -0.00548621  0.00348179
 -0.0129991           0 -0.00507923 -0.00886099
 0.00548621  0.00507923           0  0.00959774
-0.00348179  0.00886099 -0.00959774           0
EndNode2[0]<--->HoM1[0]
REAL
   0.439621  0.00499029 -0.00130714    0.344079
 0.00499029   0.0809923  -0.0110422   0.0125211
-0.00130714  -0.0110422   0.0729661  0.00301967
   0.344079   0.0125211  0.00301967    0.406421
IMAGINARY
          0 -0.00561872 -0.00875461  0.00368713
 0.00561872           0  -0.0080259   0.0111755
 0.00875461   0.0080259           0  0.00654982
-0.00368713  -0.0111755 -0.00654982           0
Repeater1[0]<--->EndNode1[0]
REAL
   0.405523 -0.00637171  -0.0041447    0.355452
-0.00637171   0.0864826 -0.00071736  0.00450338
 -0.0041447 -0.00071736    0.068314   0.0106759
   0.355452  0.00450338   0.0106759     0.43968
IMAGINARY
          0 -0.00548621   0.0129991  0.00348179
 0.00548621           0  0.00507923  0.00959774
 -0.0129991 -0.00507923           0 -0.00886099
-0.00348179 -0.00959774  0.00886099           0
Repeater1[0]<--->HoM1[0]
REAL
   0.439621 -0.00130714  0.00499029    0.344079
-0.00130714   0.0729661  -0.0110422  0.00301967
 0.00499029  -0.0110422   0.0809923   0.0125211
   0.344079  0.00301967   0.0125211    0.406421
IMAGINARY
          0 -0.00875461 -0.00561872  0.00368713
 0.00875461           0   0.0080259  0.00654982
 0.00561872  -0.0080259           0   0.0111755
-0.00368713 -0.00654982  -0.0111755           0
EndNode1[0]<--->Repeater1[0]
REAL
   0.421481  0.00487905 -0.00997236    0.354432
 0.00487905   0.0796296  0.00266053  0.00909239
-0.00997236  0.00266053   0.0774074 -0.00716698
   0.354432  0.00909239 -0.00716698    0.421481
IMAGINARY
          0   -0.011601  0.00886071 -0.00652445
   0.011601           0  0.00688134   0.0077698
-0.00886071 -0.00688134           0  0.00364725
 0.00652445  -0.0077698 -0.00364725           0
EndNode2[0]<--->HoM1[0]
REAL
    0.430393    0.0072777 -0.000973287     0.348984
   0.0072777    0.0754516   0.00492752    0.0100575
-0.000973287   0.00492752    0.0747432   0.00180647
    0.348984    0.0100575   0.00180647     0.419412
IMAGINARY
          0  0.00861662 -0.00682337   0.0041356
-0.00861662           0  0.00609779  0.00664162
 0.00682337 -0.00609779           0 -0.00443632
 -0.0041356 -0.00664162  0.00443632           0
Repeater1[0]<--->EndNode1[0]
REAL
   0.421481 -0.00997236  0.00487905    0.354432
-0.00997236   0.0774074  0.00266053 -0.00716698
 0.00487905  0.00266053   0.0796296  0.00909239
   0.354432 -0.00716698  0.00909239    0.421481
IMAGINARY
          0  0.00886071   -0.011601 -0.00652445
-0.00886071           0 -0.00688134  0.00364725
   0.011601  0.00688134           0   0.0077698
 0.00652445 -0.00364725  -0.0077698           0
Repeater1[0]<--->HoM1[0]
REAL
    0.430393 -0.000973287    0.0072777     0.348984
-0.000973287    0.0747432   0.00492752   0.00180647
   0.0072777   0.00492752    0.0754516    0.0100575
    0.348984   0.00180647    0.0100575     0.419412
IMAGINARY
          0 -0.00682337  0.00861662   0.0041356
 0.00682337           0 -0.00609779 -0.00443632
-0.00861662  0.00609779           0  0.00664162
 -0.0041356  0.00443632 -0.00664162           0
EndNode1[0]<--->Repeater1[0]
REAL
    0.424719  -0.00468165 -0.000191451     0.351581
 -0.00468165    0.0681648   0.00347039 -0.000540613
-0.000191451   0.00347039    0.0700375   0.00468165
    0.351581 -0.000540613   0.00468165     0.437079
IMAGINARY
          0  -0.0029672  0.00137004  0.00309205
  0.0029672           0  0.00400015 -0.00173341
-0.00137004 -0.00400015           0  -0.0010299
-0.00309205  0.00173341   0.0010299           0
EndNode2[0]<--->HoM1[0]
REAL
    0.421696 -1.76326e-05  -0.00456408     0.352263
-1.76326e-05     0.078686 -0.000477941   0.00294128
 -0.00456408 -0.000477941    0.0729565   0.00813159
    0.352263   0.00294128   0.00813159     0.426662
IMAGINARY
           0  -0.00293952   0.00524511   0.00645337
  0.00293952            0   0.00248798  -0.00506597
 -0.00524511  -0.00248798            0 -0.000464275
 -0.00645337   0.00506597  0.000464275            0
Repeater1[0]<--->EndNode1[0]
REAL
    0.424719 -0.000191451  -0.00468165     0.351581
-0.000191451    0.0700375   0.00347039   0.00468165
 -0.00468165   0.00347039    0.0681648 -0.000540613
    0.351581   0.00468165 -0.000540613     0.437079
IMAGINARY
          0  0.00137004  -0.0029672  0.00309205
-0.00137004           0 -0.00400015  -0.0010299
  0.0029672  0.00400015           0 -0.00173341
-0.00309205   0.0010299  0.00173341           0
Repeater1[0]<--->HoM1[0]
REAL
    0.421696  -0.00456408 -1.76326e-05     0.352263
 -0.00456408    0.0729565 -0.000477941   0.00813159
-1.76326e-05 -0.000477941     0.078686   0.00294128
    0.352263   0.00813159   0.00294128     0.426662
IMAGINARY
           0   0.00524511  -0.00293952   0.00645337
 -0.00524511            0  -0.00248798 -0.000464275
  0.00293952   0.00248798            0  -0.00506597
 -0.00645337  0.000464275   0.00506597            0
EndNode1[0]<--->Repeater1[0]
REAL
    0.413229 -0.000276634  -0.00331685     0.346593
-0.000276634    0.0736131    -0.002376    0.0144442
 -0.00331685    -0.002376    0.0693457   0.00082388
    0.346593    0.0144442   0.00082388     0.443812
IMAGINARY
          0   0.0115693  -0.0043413   0.0014611
 -0.0115693           0  0.00608743  -0.0120055
  0.0043413 -0.00608743           0  0.00726512
 -0.0014611   0.0120055 -0.00726512           0
EndNode2[0]<--->HoM1[0]
REAL
    0.432594   0.00734532 -0.000434509     0.346908
  0.00734532    0.0739176   0.00394439   0.00363053
-0.000434509   0.00394439    0.0809574   -0.0119618
    0.346908   0.00363053   -0.0119618     0.412531
IMAGINARY
           0   0.00232237 -0.000282832   0.00190752
 -0.00232237            0  0.000626876   0.00152353
 0.000282832 -0.000626876            0   -0.0131341
 -0.00190752  -0.00152353    0.0131341            0
Repeater1[0]<--->EndNode1[0]
REAL
    0.413229  -0.00331685 -0.000276634     0.346593
 -0.00331685    0.0693457    -0.002376   0.00082388
-0.000276634    -0.002376    0.0736131    0.0144442
    0.346593   0.00082388    0.0144442     0.443812
IMAGINARY
          0  -0.0043413   0.0115693   0.0014611
  0.0043413           0 -0.00608743  0.00726512
 -0.0115693  0.00608743           0  -0.0120055
 -0.0014611 -0.00726512   0.0120055           0
Repeater1[0]<--->HoM1[0]
REAL
    0.432594 -0.000434509   0.00734532     0.346908
-0.000434509    0.0809574   0.00394439   -0.0119618
  0.00734532   0.00394439    0.0739176   0.00363053
    0.346908   -0.0119618   0.00363053     0.412531
IMAGINARY
           0 -0.000282832   0.00232237   0.00190752
 0.000282832            0 -0.000626876   -0.0131341
