EndNode1[0]<--->Repeater1[0]
REAL
   0.314337  0.00771567  0.00126055    0.129014
 0.00771567    0.178688  0.00569518 -0.00247414
 0.00126055  0.00569518     0.18789 -0.00953606
   0.129014 -0.00247414 -0.00953606    0.319086
IMAGINARY
           0  -0.00161748   0.00552462  -0.00373454
  0.00161748            0 -0.000282123  -0.00118979
 -0.00552462  0.000282123            0  -0.00391316
  0.00373454   0.00118979   0.00391316            0
EndNode2[0]<--->HoM1[0]
REAL
   0.307145   0.0115246  0.00466294     0.12879
  0.0115246     0.19834 -0.00668991  0.00632607
 0.00466294 -0.00668991    0.175511 -0.00541955
    0.12879  0.00632607 -0.00541955    0.319004
IMAGINARY
           0  -0.00604529  0.000651375  -0.00974829
  0.00604529            0   0.00869249  -0.00581541
-0.000651375  -0.00869249            0  -0.00154888
  0.00974829   0.00581541   0.00154888            0
Repeater1[0]<--->EndNode1[0]
REAL
   0.314337  0.00126055  0.00771567    0.129014
 0.00126055     0.18789  0.00569518 -0.00953606
 0.00771567  0.00569518    0.178688 -0.00247414
   0.129014 -0.00953606 -0.00247414    0.319086
IMAGINARY
           0   0.00552462  -0.00161748  -0.00373454
 -0.00552462            0  0.000282123  -0.00391316
  0.00161748 -0.000282123            0  -0.00118979
  0.00373454   0.00391316   0.00118979            0
Repeater1[0]<--->HoM1[0]
REAL
   0.307145  0.00466294   0.0115246     0.12879
 0.00466294    0.175511 -0.00668991 -0.00541955
  0.0115246 -0.00668991     0.19834  0.00632607
    0.12879 -0.00541955  0.00632607    0.319004
IMAGINARY
           0  0.000651375  -0.00604529  -0.00974829
-0.000651375            0  -0.00869249  -0.00154888
  0.00604529   0.00869249            0  -0.00581541
  0.00974829   0.00154888   0.00581541            0
EndNode1[0]<--->Repeater1[0]
REAL
   0.321073  -0.0113088  -0.0079773    0.133279
 -0.0113088    0.179077 -0.00329725  0.00153953
 -0.0079773 -0.00329725    0.179077 -0.00401926
   0.133279  0.00153953 -0.00401926    0.320772
IMAGINARY
           0  0.000464648   0.00103342    -0.005652
-0.000464648            0   0.00829585   0.00641619
 -0.00103342  -0.00829585            0  -0.00265571
    0.005652  -0.00641619   0.00265571            0
EndNode2[0]<--->HoM1[0]
REAL
    0.313999 -0.000668934  -0.00459841     0.135499
-0.000668934     0.178561  -0.00613024  -0.00459841
 -0.00459841  -0.00613024     0.188278  -0.00454259
    0.135499  -0.00459841  -0.00454259     0.319162
IMAGINARY
          0 -0.00853004 -0.00318021  0.00021553
 0.00853004           0  0.00141313  0.00604598
 0.00318021 -0.00141313           0  0.00385432
-0.00021553 -0.00604598 -0.00385432           0
Repeater1[0]<--->EndNode1[0]
REAL
   0.321073  -0.0079773  -0.0113088    0.133279
 -0.0079773    0.179077 -0.00329725 -0.00401926
 -0.0113088 -0.00329725    0.179077  0.00153953
   0.133279 -0.00401926  0.00153953    0.320772
IMAGINARY
           0   0.00103342  0.000464648    -0.005652
 -0.00103342            0  -0.00829585  -0.00265571
-0.000464648   0.00829585            0   0.00641619
    0.005652   0.00265571  -0.00641619            0
Repeater1[0]<--->HoM1[0]
REAL
    0.313999  -0.00459841 -0.000668934     0.135499
 -0.00459841     0.188278  -0.00613024  -0.00454259
-0.000668934  -0.00613024     0.178561  -0.00459841
    0.135499  -0.00454259  -0.00459841     0.319162
IMAGINARY
          0 -0.00318021 -0.00853004  0.00021553
 0.00318021           0 -0.00141313  0.00385432
 0.00853004  0.00141313           0  0.00604598
-0.00021553 -0.00385432 -0.00604598           0
EndNode1[0]<--->Repeater1[0]
REAL
  0.311743 0.00928905  0.0121543   0.133359
0.00928905   0.196731  0.0125425 0.00289786
 0.0121543  0.0125425   0.177361  0.0129166
  0.133359 0.00289786  0.0129166   0.314165
IMAGINARY
           0   0.00893919 -0.000939267  -0.00844029
 -0.00893919            0  -0.00224926  -0.00228456
 0.000939267   0.00224926            0  -0.00172397
  0.00844029   0.00228456   0.00172397            0
EndNode2[0]<--->HoM1[0]
REAL
   0.312351  0.00318918 0.000852512    0.132497
 0.00318918    0.193616  0.00240459  0.00779696
0.000852512  0.00240459    0.170346  0.00333585
   0.132497  0.00779696  0.00333585    0.323687
IMAGINARY
           0  0.000934437  -0.00182883   0.00147698
-0.000934437            0  -0.00340405   0.00286957
  0.00182883   0.00340405            0  -0.00554342
 -0.00147698  -0.00286957   0.00554342            0
Repeater1[0]<--->EndNode1[0]
REAL
  0.311743  0.0121543 0.00928905   0.133359
 0.0121543   0.177361  0.0125425  0.0129166
0.00928905  0.0125425   0.196731 0.00289786
  0.133359  0.0129166 0.00289786   0.314165
IMAGINARY
           0 -0.000939267   0.00893919  -0.00844029
 0.000939267            0   0.00224926  -0.00172397
 -0.00893919  -0.00224926            0  -0.00228456
  0.00844029   0.00172397   0.00228456            0
Repeater1[0]<--->HoM1[0]
REAL
   0.312351 0.000852512  0.00318918    0.132497
0.000852512    0.170346  0.00240459  0.00333585
 0.00318918  0.00240459    0.193616  0.00779696
   0.132497  0.00333585  0.00779696    0.323687
IMAGINARY
           0  -0.00182883  0.000934437   0.00147698
  0.00182883            0   0.00340405  -0.00554342
-0.000934437  -0.00340405            0   0.00286957
 -0.00147698   0.00554342  -0.00286957            0
EndNode1[0]<--->Repeater1[0]
REAL
   0.325378  0.00159007 -0.00172419    0.131224
 0.00159007    0.174018  0.00890907 -0.00523707
-0.00172419  0.00890907    0.172508  0.00143656
   0.131224 -0.00523707  0.00143656    0.328097
IMAGINARY
          0  -0.0029057  0.00417661 -0.00358827
  0.0029057           0  -0.0046428 -0.00477327
-0.00417661   0.0046428           0 -0.00962413
 0.00358827  0.00477327  0.00962413           0
EndNode2[0]<--->HoM1[0]
REAL
   0.313179 -0.00551152  0.00345857    0.129818
-0.00551152    0.186087  0.00837624 0.000202202
 0.00345857  0.00837624    0.178456 -0.00181001
   0.129818 0.000202202 -0.00181001    0.322278
IMAGINARY
          0 -0.00103577  0.00181956   0.0047394
 0.00103577           0  0.00412212 -0.00666511
-0.00181956 -0.00412212           0  0.00466993
 -0.0047394  0.00666511 -0.00466993           0
Repeater1[0]<--->EndNode1[0]
REAL
   0.325378 -0.00172419  0.00159007    0.131224
-0.00172419    0.172508  0.00890907  0.00143656
 0.00159007  0.00890907    0.174018 -0.00523707
   0.131224  0.00143656 -0.00523707    0.328097
IMAGINARY
          0  0.00417661  -0.0029057 -0.00358827
-0.00417661           0   0.0046428 -0.00962413
  0.0029057  -0.0046428           0 -0.00477327
 0.00358827  0.00962413  0.00477327           0
Repeater1[0]<--->HoM1[0]
REAL
   0.313179  0.00345857 -0.00551152    0.129818
 0.00345857    0.178456  0.00837624 -0.00181001
-0.00551152  0.00837624    0.186087 0.000202202
   0.129818 -0.00181001 0.000202202    0.322278
IMAGINARY
          0  0.00181956 -0.00103577   0.0047394
-0.00181956           0 -0.00412212  0.00466993
 0.00103577  0.00412212           0 -0.00666511
 -0.0047394 -0.00466993  0.00666511           0
EndNode1[0]<--->Repeater1[0]
REAL
   0.313789 -0.00885216 -0.00216879    0.139168
-0.00885216    0.188273  0.00293999 -0.00456975
-0.00216879  0.00293999    0.181497  0.00480904
   0.139168 -0.00456975  0.00480904    0.316441
IMAGINARY
           0  0.000507967   -0.0057242   0.00718266
-0.000507967            0    0.0104144  -0.00171185
   0.0057242   -0.0104144            0   0.00365622
 -0.00718266   0.00171185  -0.00365622            0
EndNode2[0]<--->HoM1[0]
REAL
    0.32631 0.000593827 -0.00446799    0.140974
0.000593827    0.177056  0.00717987  0.00741555
-0.00446799  0.00717987    0.183494  -0.0100571
   0.140974  0.00741555  -0.0100571     0.31314
IMAGINARY
          0  0.00347591  0.00509196  0.00401289
-0.00347591           0  -0.0135439  -0.0129261
-0.00509196   0.0135439           0 -0.00117176
-0.00401289   0.0129261  0.00117176           0
Repeater1[0]<--->EndNode1[0]
REAL
   0.313789 -0.00216879 -0.00885216    0.139168
-0.00216879    0.181497  0.00293999  0.00480904
-0.00885216  0.00293999    0.188273 -0.00456975
   0.139168  0.00480904 -0.00456975    0.316441
IMAGINARY
           0   -0.0057242  0.000507967   0.00718266
   0.0057242            0   -0.0104144   0.00365622
-0.000507967    0.0104144            0  -0.00171185
 -0.00718266  -0.00365622   0.00171185            0
Repeater1[0]<--->HoM1[0]
REAL
    0.32631 -0.00446799 0.000593827    0.140974
-0.00446799    0.183494  0.00717987  -0.0100571
0.000593827  0.00717987    0.177056  0.00741555
   0.140974  -0.0100571  0.00741555     0.31314
IMAGINARY
          0  0.00509196  0.00347591  0.00401289
-0.00509196           0   0.0135439 -0.00117176
-0.00347591  -0.0135439           0  -0.0129261
-0.00401289  0.00117176   0.0129261           0
EndNode1[0]<--->Repeater1[0]
REAL
   0.314337  0.00771567  0.00126055    0.129014
 0.00771567    0.178688  0.00569518 -0.00247414
 0.00126055  0.00569518     0.18789 -0.00953606
   0.129014 -0.00247414 -0.00953606    0.319086
IMAGINARY
           0  -0.00161748   0.00552462  -0.00373454
  0.00161748            0 -0.000282123  -0.00118979
 -0.00552462  0.000282123            0  -0.00391316
  0.00373454   0.00118979   0.00391316            0
EndNode2[0]<--->HoM1[0]
REAL
   0.307145   0.0115246  0.00466294     0.12879
  0.0115246     0.19834 -0.00668991  0.00632607
 0.00466294 -0.00668991    0.175511 -0.00541955
    0.12879  0.00632607 -0.00541955    0.319004
IMAGINARY
           0  -0.00604529  0.000651375  -0.00974829
  0.00604529            0   0.00869249  -0.00581541
-0.000651375  -0.00869249            0  -0.00154888
  0.00974829   0.00581541   0.00154888            0
Repeater1[0]<--->EndNode1[0]
REAL
   0.314337  0.00126055  0.00771567    0.129014
 0.00126055     0.18789  0.00569518 -0.00953606
 0.00771567  0.00569518    0.178688 -0.00247414
   0.129014 -0.00953606 -0.00247414    0.319086
IMAGINARY
           0   0.00552462  -0.00161748  -0.00373454
 -0.00552462            0  0.000282123  -0.00391316
  0.00161748 -0.000282123            0  -0.00118979
  0.00373454   0.00391316   0.00118979            0
Repeater1[0]<--->HoM1[0]
REAL
   0.307145  0.00466294   0.0115246     0.12879
 0.00466294    0.175511 -0.00668991 -0.00541955
  0.0115246 -0.00668991     0.19834  0.00632607
    0.12879 -0.00541955  0.00632607    0.319004
IMAGINARY
           0  0.000651375  -0.00604529  -0.00974829
-0.000651375            0  -0.00869249  -0.00154888
  0.00604529   0.00869249            0  -0.00581541
  0.00974829   0.00154888   0.00581541            0
EndNode1[0]<--->Repeater1[0]
REAL
   0.309431  0.00480804  -0.0011289    0.136867
 0.00480804    0.182886 0.000125254 -0.00353275
 -0.0011289 0.000125254    0.187707  -0.0121765
   0.136867 -0.00353275  -0.0121765    0.319976
IMAGINARY
          0   0.0223204 -0.00686566  0.00401646
 -0.0223204           0  0.00247705  -0.0109703
 0.00686566 -0.00247705           0  0.00502803
-0.00401646   0.0109703 -0.00502803           0
EndNode2[0]<--->HoM1[0]
REAL
   0.319292 -0.00431047 0.000727375    0.133697
-0.00431047    0.185897  0.00153052 -0.00295885
0.000727375  0.00153052    0.188645 -0.00744199
   0.133697 -0.00295885 -0.00744199    0.306166
IMAGINARY
           0   6.3396e-05   0.00301387  -0.00768056
 -6.3396e-05            0   0.00827368  3.63336e-06
 -0.00301387  -0.00827368            0   0.00325586
  0.00768056 -3.63336e-06  -0.00325586            0
Repeater1[0]<--->EndNode1[0]
REAL
   0.309431  -0.0011289  0.00480804    0.136867
 -0.0011289    0.187707 0.000125254  -0.0121765
 0.00480804 0.000125254    0.182886 -0.00353275
   0.136867  -0.0121765 -0.00353275    0.319976
IMAGINARY
          0 -0.00686566   0.0223204  0.00401646
 0.00686566           0 -0.00247705  0.00502803
 -0.0223204  0.00247705           0  -0.0109703
-0.00401646 -0.00502803   0.0109703           0
Repeater1[0]<--->HoM1[0]
REAL
   0.319292 0.000727375 -0.00431047    0.133697
0.000727375    0.188645  0.00153052 -0.00744199
-0.00431047  0.00153052    0.185897 -0.00295885
   0.133697 -0.00744199 -0.00295885    0.306166
IMAGINARY
           0   0.00301387   6.3396e-05  -0.00768056
 -0.00301387            0  -0.00827368   0.00325586
 -6.3396e-05   0.00827368            0  3.63336e-06
  0.00768056  -0.00325586 -3.63336e-06            0
EndNode1[0]<--->Repeater1[0]
REAL
   0.327518 -0.00791725  0.00678583    0.140665
-0.00791725    0.177227 -0.00547973 -0.00832904
 0.00678583 -0.00547973      0.1809 -0.00288522
   0.140665 -0.00832904 -0.00288522    0.314356
IMAGINARY
          0   0.0159925 -0.00157603 -0.00296233
 -0.0159925           0  0.00252565 -0.00380353
 0.00157603 -0.00252565           0  0.00433027
 0.00296233  0.00380353 -0.00433027           0
EndNode2[0]<--->HoM1[0]
REAL
   0.323077 -0.00322958 3.94408e-05    0.131216
-0.00322958     0.18787  0.00329438 -0.00216969
3.94408e-05  0.00329438    0.178402  -0.0125951
   0.131216 -0.00216969  -0.0125951    0.310651
IMAGINARY
           0   0.00142704  0.000710856  -0.00512228
 -0.00142704            0   0.00705853  -0.00747592
-0.000710856  -0.00705853            0  -0.00204204
  0.00512228   0.00747592   0.00204204            0
Repeater1[0]<--->EndNode1[0]
REAL
   0.327518  0.00678583 -0.00791725    0.140665
 0.00678583      0.1809 -0.00547973 -0.00288522
-0.00791725 -0.00547973    0.177227 -0.00832904
   0.140665 -0.00288522 -0.00832904    0.314356
IMAGINARY
          0 -0.00157603   0.0159925 -0.00296233
 0.00157603           0 -0.00252565  0.00433027
 -0.0159925  0.00252565           0 -0.00380353
 0.00296233 -0.00433027  0.00380353           0
Repeater1[0]<--->HoM1[0]
REAL
   0.323077 3.94408e-05 -0.00322958    0.131216
3.94408e-05    0.178402  0.00329438  -0.0125951
-0.00322958  0.00329438     0.18787 -0.00216969
   0.131216  -0.0125951 -0.00216969    0.310651
IMAGINARY
           0  0.000710856   0.00142704  -0.00512228
-0.000710856            0  -0.00705853  -0.00204204
 -0.00142704   0.00705853            0  -0.00747592
  0.00512228   0.00204204   0.00747592            0
EndNode1[0]<--->Repeater1[0]
REAL
   0.316061 -0.00754148  0.00118889    0.130218
-0.00754148    0.185152  0.00477486 -0.00616626
 0.00118889  0.00477486    0.196364 -0.00286576
   0.130218 -0.00616626 -0.00286576    0.302424
IMAGINARY
          0 -0.00465048 -0.00513037  0.00998036
 0.00465048           0  0.00753985   0.0012933
 0.00513037 -0.00753985           0  0.00701176
-0.00998036  -0.0012933 -0.00701176           0
EndNode2[0]<--->HoM1[0]
REAL
   0.317543 -0.00496673 -0.00240584    0.130167
-0.00496673    0.178484 -0.00603241 -0.00195768
-0.00240584 -0.00603241    0.183068 -0.00511452
   0.130167 -0.00195768 -0.00511452    0.320905
IMAGINARY
           0   -0.0045992 -0.000222583   0.00083834
   0.0045992            0  -0.00619548   0.00623581
 0.000222583   0.00619548            0   0.00880846
 -0.00083834  -0.00623581  -0.00880846            0
Repeater1[0]<--->EndNode1[0]
REAL
   0.316061  0.00118889 -0.00754148    0.130218
 0.00118889    0.196364  0.00477486 -0.00286576
-0.00754148  0.00477486    0.185152 -0.00616626
   0.130218 -0.00286576 -0.00616626    0.302424
IMAGINARY
          0 -0.00513037 -0.00465048  0.00998036
 0.00513037           0 -0.00753985  0.00701176
 0.00465048  0.00753985           0   0.0012933
-0.00998036 -0.00701176  -0.0012933           0
Repeater1[0]<--->HoM1[0]
REAL
   0.317543 -0.00240584 -0.00496673    0.130167
-0.00240584    0.183068 -0.00603241 -0.00511452
-0.00496673 -0.00603241    0.178484 -0.00195768
   0.130167 -0.00511452 -0.00195768    0.320905
IMAGINARY
           0 -0.000222583   -0.0045992   0.00083834
 0.000222583            0   0.00619548   0.00880846
   0.0045992  -0.00619548            0   0.00623581
 -0.00083834  -0.00880846  -0.00623581            0
EndNode1[0]<--->Repeater1[0]
REAL
   0.315967  -0.0030238  -0.0018896    0.135166
 -0.0030238    0.179896 -0.00756143  0.00747704
 -0.0018896 -0.00756143    0.174686  0.00287279
   0.135166  0.00747704  0.00287279    0.329451
IMAGINARY
          0  0.00150511 -0.00105458  0.00626043
-0.00150511           0  0.00597108  0.00407208
 0.00105458 -0.00597108           0 -0.00452261
-0.00626043 -0.00407208  0.00452261           0
EndNode2[0]<--->HoM1[0]
REAL
   0.316007 0.000517673 -0.00454481    0.137123
0.000517673    0.179268  0.00247278  0.00132691
-0.00454481  0.00247278    0.183402  0.00300669
   0.137123  0.00132691  0.00300669    0.321323
IMAGINARY
           0   0.00380218   0.00862958   0.00797462
 -0.00380218            0  0.000202601 -0.000849807
 -0.00862958 -0.000202601            0  -0.00769207
 -0.00797462  0.000849807   0.00769207            0
Repeater1[0]<--->EndNode1[0]
REAL
   0.315967  -0.0018896  -0.0030238    0.135166
 -0.0018896    0.174686 -0.00756143  0.00287279
 -0.0030238 -0.00756143    0.179896  0.00747704
   0.135166  0.00287279  0.00747704    0.329451
IMAGINARY
          0 -0.00105458  0.00150511  0.00626043
 0.00105458           0 -0.00597108 -0.00452261
-0.00150511  0.00597108           0  0.00407208
-0.00626043  0.00452261 -0.00407208           0
Repeater1[0]<--->HoM1[0]
REAL
   0.316007 -0.00454481 0.000517673    0.137123
-0.00454481    0.183402  0.00247278  0.00300669
0.000517673  0.00247278    0.179268  0.00132691
   0.137123  0.00300669  0.00132691    0.321323
IMAGINARY
           0   0.00862958   0.00380218   0.00797462
 -0.00862958            0 -0.000202601  -0.00769207
 -0.00380218  0.000202601            0 -0.000849807
 -0.00797462   0.00769207  0.000849807            0
EndNode1[0]<--->Repeater1[0]
REAL
  0.321232   0.013896 0.00553392   0.146673
  0.013896   0.177242   -0.01146  0.0093892
0.00553392   -0.01146   0.181513 0.00464487
  0.146673  0.0093892 0.00464487   0.320012
IMAGINARY
           0  -0.00346386   0.00538005   -0.0159504
  0.00346386            0  0.000771532  -0.00718728
 -0.00538005 -0.000771532            0   0.00376506
   0.0159504   0.00718728  -0.00376506            0
EndNode2[0]<--->HoM1[0]
REAL
   0.311145  0.00121802   0.0041234    0.127251
 0.00121802     0.18687 -0.00385466   0.0041234
  0.0041234 -0.00385466    0.176794   -0.010992
   0.127251   0.0041234   -0.010992    0.325191
IMAGINARY
           0   -0.0118965    0.0050944   -0.0111139
   0.0118965            0  -0.00959786   0.00404555
  -0.0050944   0.00959786            0  0.000658876
   0.0111139  -0.00404555 -0.000658876            0
Repeater1[0]<--->EndNode1[0]
REAL
  0.321232 0.00553392   0.013896   0.146673
0.00553392   0.181513   -0.01146 0.00464487
  0.013896   -0.01146   0.177242  0.0093892
  0.146673 0.00464487  0.0093892   0.320012
IMAGINARY
           0   0.00538005  -0.00346386   -0.0159504
 -0.00538005            0 -0.000771532   0.00376506
  0.00346386  0.000771532            0  -0.00718728
   0.0159504  -0.00376506   0.00718728            0
Repeater1[0]<--->HoM1[0]
REAL
   0.311145   0.0041234  0.00121802    0.127251
  0.0041234    0.176794 -0.00385466   -0.010992
 0.00121802 -0.00385466     0.18687   0.0041234
   0.127251   -0.010992   0.0041234    0.325191
IMAGINARY
           0    0.0050944   -0.0118965   -0.0111139
  -0.0050944            0   0.00959786  0.000658876
   0.0118965  -0.00959786            0   0.00404555
   0.0111139 -0.000658876  -0.00404555            0
EndNode1[0]<--->Repeater1[0]
REAL
   0.309618 -0.00932052 0.000500093    0.125467
-0.00932052    0.185038 0.000128344 -0.00555962
0.000500093 0.000128344    0.186565 -0.00526281
   0.125467 -0.00555962 -0.00526281    0.318779
IMAGINARY
           0  -0.00504177    0.0121713  0.000978965
  0.00504177            0   0.00735689  -0.00269194
  -0.0121713  -0.00735689            0  -0.00473855
-0.000978965   0.00269194   0.00473855            0
EndNode2[0]<--->HoM1[0]
REAL
   0.328399 -0.00830594  0.00642084    0.135747
-0.00830594    0.184894   0.0117699  0.00345348
 0.00642084   0.0117699    0.177644  0.00860516
   0.135747  0.00345348  0.00860516    0.309063
IMAGINARY
          0 -0.00100913   0.0013117  0.00487907
 0.00100913           0 -0.00442822 -0.00628246
 -0.0013117  0.00442822           0  0.00305591
-0.00487907  0.00628246 -0.00305591           0
Repeater1[0]<--->EndNode1[0]
REAL
   0.309618 0.000500093 -0.00932052    0.125467
0.000500093    0.186565 0.000128344 -0.00526281
-0.00932052 0.000128344    0.185038 -0.00555962
   0.125467 -0.00526281 -0.00555962    0.318779
IMAGINARY
           0    0.0121713  -0.00504177  0.000978965
  -0.0121713            0  -0.00735689  -0.00473855
  0.00504177   0.00735689            0  -0.00269194
-0.000978965   0.00473855   0.00269194            0
Repeater1[0]<--->HoM1[0]
REAL
   0.328399  0.00642084 -0.00830594    0.135747
 0.00642084    0.177644   0.0117699  0.00860516
-0.00830594   0.0117699    0.184894  0.00345348
   0.135747  0.00860516  0.00345348    0.309063
IMAGINARY
          0   0.0013117 -0.00100913  0.00487907
 -0.0013117           0  0.00442822  0.00305591
 0.00100913 -0.00442822           0 -0.00628246
-0.00487907 -0.00305591  0.00628246           0
EndNode1[0]<--->Repeater1[0]
REAL
   0.321545  0.00289404 -0.00288155    0.136974
 0.00289404    0.179792 0.000715822  0.00105784
-0.00288155 0.000715822    0.182467 0.000753372
   0.136974  0.00105784 0.000753372    0.316196
IMAGINARY
           0  0.000631921   0.00413161   -0.0141746
-0.000631921            0    0.0101746  -0.00862046
 -0.00413161   -0.0101746            0  -0.00541037
   0.0141746   0.00862046   0.00541037            0
EndNode2[0]<--->HoM1[0]
REAL
     0.3298  0.00224908   0.0187917    0.137529
 0.00224908    0.168988  0.00149344  0.00473062
  0.0187917  0.00149344    0.177468 -0.00375692
   0.137529  0.00473062 -0.00375692    0.323743
IMAGINARY
          0   -0.011002 -0.00485494 -0.00747628
   0.011002           0  0.00732734  0.00305314
 0.00485494 -0.00732734           0 -0.00761664
 0.00747628 -0.00305314  0.00761664           0
Repeater1[0]<--->EndNode1[0]
REAL
   0.321545 -0.00288155  0.00289404    0.136974
-0.00288155    0.182467 0.000715822 0.000753372
 0.00289404 0.000715822    0.179792  0.00105784
   0.136974 0.000753372  0.00105784    0.316196
IMAGINARY
           0   0.00413161  0.000631921   -0.0141746
 -0.00413161            0   -0.0101746  -0.00541037
-0.000631921    0.0101746            0  -0.00862046
   0.0141746   0.00541037   0.00862046            0
Repeater1[0]<--->HoM1[0]
REAL
     0.3298   0.0187917  0.00224908    0.137529
  0.0187917    0.177468  0.00149344 -0.00375692
 0.00224908  0.00149344    0.168988  0.00473062
   0.137529 -0.00375692  0.00473062    0.323743
IMAGINARY
          0 -0.00485494   -0.011002 -0.00747628
 0.00485494           0 -0.00732734 -0.00761664
   0.011002  0.00732734           0  0.00305314
 0.00747628  0.00761664 -0.00305314           0
EndNode1[0]<--->Repeater1[0]
REAL
    0.308745 -0.000585929  0.000267352     0.130996
-0.000585929     0.178168  -0.00900446   0.00939089
 0.000267352  -0.00900446     0.180845   0.00846112
    0.130996   0.00939089   0.00846112     0.332243
IMAGINARY
           0  -0.00343921 -0.000690686 -0.000588832
  0.00343921            0   0.00883966    0.0118357
 0.000690686  -0.00883966            0  -0.00251499
 0.000588832   -0.0118357   0.00251499            0
EndNode2[0]<--->HoM1[0]
REAL
   0.315758 -0.00540754 -0.00421803    0.140751
-0.00540754     0.18303 0.000135135  0.00709944
-0.00421803 0.000135135    0.187576  0.00889556
   0.140751  0.00709944  0.00889556    0.313636
IMAGINARY
          0   0.0122085 -0.00287528  -0.0100166
 -0.0122085           0  0.00114083  -0.0103555
 0.00287528 -0.00114083           0  0.00532992
  0.0100166   0.0103555 -0.00532992           0
Repeater1[0]<--->EndNode1[0]
REAL
    0.308745  0.000267352 -0.000585929     0.130996
 0.000267352     0.180845  -0.00900446   0.00846112
-0.000585929  -0.00900446     0.178168   0.00939089
    0.130996   0.00846112   0.00939089     0.332243
IMAGINARY
           0 -0.000690686  -0.00343921 -0.000588832
 0.000690686            0  -0.00883966  -0.00251499
  0.00343921   0.00883966            0    0.0118357
 0.000588832   0.00251499   -0.0118357            0
Repeater1[0]<--->HoM1[0]
REAL
   0.315758 -0.00421803 -0.00540754    0.140751
-0.00421803    0.187576 0.000135135  0.00889556
-0.00540754 0.000135135     0.18303  0.00709944
   0.140751  0.00889556  0.00709944    0.313636
IMAGINARY
          0 -0.00287528   0.0122085  -0.0100166
 0.00287528           0 -0.00114083  0.00532992
 -0.0122085  0.00114083           0  -0.0103555
  0.0100166 -0.00532992   0.0103555           0
EndNode1[0]<--->Repeater1[0]
REAL
   0.318236  0.00101622 -0.00666742    0.139934
 0.00101622      0.1764  0.00147247  0.00166591
-0.00666742  0.00147247    0.182658 -0.00874583
   0.139934  0.00166591 -0.00874583    0.322706
IMAGINARY
           0   -0.0022077   0.00307187  0.000408868
   0.0022077            0   0.00778785 -0.000705005
 -0.00307187  -0.00778785            0   0.00575799
-0.000408868  0.000705005  -0.00575799            0
EndNode2[0]<--->HoM1[0]
REAL
   0.319386 -0.00654331 -0.00169452    0.136908
-0.00654331    0.177604  -0.0042014 -0.00124148
-0.00169452  -0.0042014    0.181517  0.00213932
   0.136908 -0.00124148  0.00213932    0.321493
IMAGINARY
           0  -0.00233949 -0.000813441  -0.00368714
  0.00233949            0  -0.00185676    0.0014101
 0.000813441   0.00185676            0  0.000251184
  0.00368714   -0.0014101 -0.000251184            0
Repeater1[0]<--->EndNode1[0]
REAL
   0.318236 -0.00666742  0.00101622    0.139934
-0.00666742    0.182658  0.00147247 -0.00874583
 0.00101622  0.00147247      0.1764  0.00166591
   0.139934 -0.00874583  0.00166591    0.322706
IMAGINARY
           0   0.00307187   -0.0022077  0.000408868
 -0.00307187            0  -0.00778785   0.00575799
   0.0022077   0.00778785            0 -0.000705005
-0.000408868  -0.00575799  0.000705005            0
Repeater1[0]<--->HoM1[0]
REAL
   0.319386 -0.00169452 -0.00654331    0.136908
-0.00169452    0.181517  -0.0042014  0.00213932
-0.00654331  -0.0042014    0.177604 -0.00124148
   0.136908  0.00213932 -0.00124148    0.321493
IMAGINARY
           0 -0.000813441  -0.00233949  -0.00368714
 0.000813441            0   0.00185676  0.000251184
  0.00233949  -0.00185676            0    0.0014101
  0.00368714 -0.000251184   -0.0014101            0
EndNode1[0]<--->Repeater1[0]
REAL
   0.320362 0.000697823 -0.00918225    0.123729
0.000697823    0.180694 -0.00476758  0.00344553
-0.00918225 -0.00476758    0.179487 -0.00462294
   0.123729  0.00344553 -0.00462294    0.319457
IMAGINARY
           0 -0.000221668  0.000679644  -0.00424762
 0.000221668            0   0.00213409  -0.00126239
-0.000679644  -0.00213409            0   -0.0187177
  0.00424762   0.00126239    0.0187177            0
EndNode2[0]<--->HoM1[0]
REAL
  0.324948 0.00310251 0.00242845   0.138346
0.00310251   0.175496 0.00326035 0.00481793
0.00242845 0.00326035   0.179639 0.00384194
  0.138346 0.00481793 0.00384194   0.319917
IMAGINARY
           0  -0.00941073    0.0107225   0.00320392
  0.00941073            0  0.000761915    -0.011945
  -0.0107225 -0.000761915            0     0.005132
 -0.00320392     0.011945    -0.005132            0
Repeater1[0]<--->EndNode1[0]
REAL
   0.320362 -0.00918225 0.000697823    0.123729
-0.00918225    0.179487 -0.00476758 -0.00462294
0.000697823 -0.00476758    0.180694  0.00344553
   0.123729 -0.00462294  0.00344553    0.319457
IMAGINARY
           0  0.000679644 -0.000221668  -0.00424762
-0.000679644            0  -0.00213409   -0.0187177
 0.000221668   0.00213409            0  -0.00126239
  0.00424762    0.0187177   0.00126239            0
Repeater1[0]<--->HoM1[0]
REAL
  0.324948 0.00242845 0.00310251   0.138346
0.00242845   0.179639 0.00326035 0.00384194
0.00310251 0.00326035   0.175496 0.00481793
  0.138346 0.00384194 0.00481793   0.319917
IMAGINARY
           0    0.0107225  -0.00941073   0.00320392
  -0.0107225            0 -0.000761915     0.005132
  0.00941073  0.000761915            0    -0.011945
 -0.00320392    -0.005132     0.011945            0
EndNode1[0]<--->Repeater1[0]
REAL
   0.322158  0.00408392 -0.00713076     0.13933
 0.00408392    0.181347  0.00654659  0.00548159
-0.00713076  0.00654659    0.188357 -0.00723234
    0.13933  0.00548159 -0.00723234    0.308138
IMAGINARY
          0  -0.0115511 -0.00235579 -0.00287881
  0.0115511           0  0.00257243  0.00571354
 0.00235579 -0.00257243           0 -0.00432187
 0.00287881 -0.00571354  0.00432187           0
EndNode2[0]<--->HoM1[0]
REAL
   0.327166  0.00113516 -0.00473695    0.143614
 0.00113516    0.183847 -0.00722281  0.00563034
-0.00473695 -0.00722281    0.169163  -0.0142382
   0.143614  0.00563034  -0.0142382    0.319824
IMAGINARY
          0 -0.00728195  0.00388203 -0.00470705
 0.00728195           0   0.0194353  0.00328643
-0.00388203  -0.0194353           0 -0.00197731
 0.00470705 -0.00328643  0.00197731           0
Repeater1[0]<--->EndNode1[0]
REAL
   0.322158 -0.00713076  0.00408392     0.13933
-0.00713076    0.188357  0.00654659 -0.00723234
 0.00408392  0.00654659    0.181347  0.00548159
    0.13933 -0.00723234  0.00548159    0.308138
IMAGINARY
          0 -0.00235579  -0.0115511 -0.00287881
 0.00235579           0 -0.00257243 -0.00432187
  0.0115511  0.00257243           0  0.00571354
 0.00287881  0.00432187 -0.00571354           0
Repeater1[0]<--->HoM1[0]
REAL
   0.327166 -0.00473695  0.00113516    0.143614
-0.00473695    0.169163 -0.00722281  -0.0142382
 0.00113516 -0.00722281    0.183847  0.00563034
   0.143614  -0.0142382  0.00563034    0.319824
IMAGINARY
          0  0.00388203 -0.00728195 -0.00470705
-0.00388203           0  -0.0194353 -0.00197731
 0.00728195   0.0194353           0  0.00328643
 0.00470705  0.00197731 -0.00328643           0
EndNode1[0]<--->Repeater1[0]
REAL
   0.320463 -0.00420941   0.0050497    0.140531
-0.00420941    0.182952 4.00173e-06 -0.00702478
  0.0050497 4.00173e-06     0.18117 -0.00900845
   0.140531 -0.00702478 -0.00900845    0.315414
IMAGINARY
           0  0.000566068  -0.00508296   0.00569725
-0.000566068            0   0.00540016   0.00613055
  0.00508296  -0.00540016            0  -0.00849782
 -0.00569725  -0.00613055   0.00849782            0
EndNode2[0]<--->HoM1[0]
REAL
   0.315854 -0.00230143 -0.00402252    0.134066
-0.00230143    0.185219  -0.0114184  0.00208048
-0.00402252  -0.0114184    0.180619   0.0179871
   0.134066  0.00208048   0.0179871    0.318307
IMAGINARY
          0 -0.00194291 -0.00601691 -0.00637368
 0.00194291           0  0.00358038  0.00940026
 0.00601691 -0.00358038           0   0.0012074
 0.00637368 -0.00940026  -0.0012074           0
Repeater1[0]<--->EndNode1[0]
REAL
   0.320463   0.0050497 -0.00420941    0.140531
  0.0050497     0.18117 4.00173e-06 -0.00900845
-0.00420941 4.00173e-06    0.182952 -0.00702478
   0.140531 -0.00900845 -0.00702478    0.315414
IMAGINARY
           0  -0.00508296  0.000566068   0.00569725
  0.00508296            0  -0.00540016  -0.00849782
-0.000566068   0.00540016            0   0.00613055
 -0.00569725   0.00849782  -0.00613055            0
Repeater1[0]<--->HoM1[0]
REAL
   0.315854 -0.00402252 -0.00230143    0.134066
-0.00402252    0.180619  -0.0114184   0.0179871
-0.00230143  -0.0114184    0.185219  0.00208048
   0.134066   0.0179871  0.00208048    0.318307
IMAGINARY
          0 -0.00601691 -0.00194291 -0.00637368
 0.00601691           0 -0.00358038   0.0012074
 0.00194291  0.00358038           0  0.00940026
 0.00637368  -0.0012074 -0.00940026           0
EndNode1[0]<--->Repeater1[0]
REAL
    0.310645   0.00466544  -0.00295416     0.147207
  0.00466544     0.171214 -0.000890812  -0.00802328
 -0.00295416 -0.000890812     0.182009   0.00781576
    0.147207  -0.00802328   0.00781576     0.336132
IMAGINARY
          0  0.00922784 -0.00913336 -0.00844115
-0.00922784           0 -0.00678202 -0.00136893
 0.00913336  0.00678202           0   0.0110157
 0.00844115  0.00136893  -0.0110157           0
EndNode2[0]<--->HoM1[0]
REAL
   0.319277  0.00172964 -0.00559989    0.133193
 0.00172964    0.188253  0.00420926 -0.00191665
-0.00559989  0.00420926    0.169578 -0.00383427
   0.133193 -0.00191665 -0.00383427    0.322892
IMAGINARY
           0   0.00613556 -4.80947e-05   0.00361326
 -0.00613556            0 -0.000176831   0.00335537
 4.80947e-05  0.000176831            0  -0.00282828
 -0.00361326  -0.00335537   0.00282828            0
Repeater1[0]<--->EndNode1[0]
REAL
    0.310645  -0.00295416   0.00466544     0.147207
 -0.00295416     0.182009 -0.000890812   0.00781576
  0.00466544 -0.000890812     0.171214  -0.00802328
    0.147207   0.00781576  -0.00802328     0.336132
IMAGINARY
          0 -0.00913336  0.00922784 -0.00844115
 0.00913336           0  0.00678202   0.0110157
-0.00922784 -0.00678202           0 -0.00136893
 0.00844115  -0.0110157  0.00136893           0
Repeater1[0]<--->HoM1[0]
REAL
   0.319277 -0.00559989  0.00172964    0.133193
-0.00559989    0.169578  0.00420926 -0.00383427
 0.00172964  0.00420926    0.188253 -0.00191665
   0.133193 -0.00383427 -0.00191665    0.322892
IMAGINARY
           0 -4.80947e-05   0.00613556   0.00361326
 4.80947e-05            0  0.000176831  -0.00282828
 -0.00613556 -0.000176831            0   0.00335537
 -0.00361326   0.00282828  -0.00335537            0
EndNode1[0]<--->Repeater1[0]
REAL
    0.311758  -0.00315949 -0.000394894     0.145596
 -0.00315949     0.183195   0.00119832   -0.0127867
-0.000394894   0.00119832     0.182898  -0.00672667
    0.145596   -0.0127867  -0.00672667      0.32215
IMAGINARY
          0  0.00435106  0.00732784  -0.0022709
-0.00435106           0 -0.00182487  0.00165958
-0.00732784  0.00182487           0  0.00733258
  0.0022709 -0.00165958 -0.00733258           0
EndNode2[0]<--->HoM1[0]
REAL
   0.312239  -0.0079344 -0.00647009    0.140326
 -0.0079344    0.187761 -0.00360154  0.00203991
-0.00647009 -0.00360154    0.186866  0.00564293
   0.140326  0.00203991  0.00564293    0.313134
IMAGINARY
          0  0.00309695 -0.00275759  -0.0144634
-0.00309695           0 -0.00787867   -0.008102
 0.00275759  0.00787867           0  0.00653903
  0.0144634    0.008102 -0.00653903           0
Repeater1[0]<--->EndNode1[0]
REAL
    0.311758 -0.000394894  -0.00315949     0.145596
-0.000394894     0.182898   0.00119832  -0.00672667
 -0.00315949   0.00119832     0.183195   -0.0127867
    0.145596  -0.00672667   -0.0127867      0.32215
IMAGINARY
          0  0.00732784  0.00435106  -0.0022709
-0.00732784           0  0.00182487  0.00733258
-0.00435106 -0.00182487           0  0.00165958
  0.0022709 -0.00733258 -0.00165958           0
Repeater1[0]<--->HoM1[0]
REAL
   0.312239 -0.00647009  -0.0079344    0.140326
-0.00647009    0.186866 -0.00360154  0.00564293
 -0.0079344 -0.00360154    0.187761  0.00203991
   0.140326  0.00564293  0.00203991    0.313134
IMAGINARY
          0 -0.00275759  0.00309695  -0.0144634
 0.00275759           0  0.00787867  0.00653903
-0.00309695 -0.00787867           0   -0.008102
  0.0144634 -0.00653903    0.008102           0
EndNode1[0]<--->Repeater1[0]
REAL
   0.321641  -0.0110574  0.00181707    0.133371
 -0.0110574    0.187574 -0.00158244 -0.00289102
 0.00181707 -0.00158244     0.17063  0.00568763
   0.133371 -0.00289102  0.00568763    0.320155
IMAGINARY
           0   0.00348502  0.000450243   -0.0136718
 -0.00348502            0    0.0065076   0.00238304
-0.000450243   -0.0065076            0  -0.00214294
   0.0136718  -0.00238304   0.00214294            0
EndNode2[0]<--->HoM1[0]
REAL
  0.329415 0.00438776 0.00440326   0.140277
0.00438776   0.178722 0.00314345 0.00499638
0.00440326 0.00314345   0.174503  0.0116826
  0.140277 0.00499638  0.0116826    0.31736
IMAGINARY
          0   0.0027117 -0.00778505 -0.00126966
 -0.0027117           0  -0.0153521  0.00188847
 0.00778505   0.0153521           0  0.00197533
 0.00126966 -0.00188847 -0.00197533           0
Repeater1[0]<--->EndNode1[0]
REAL
   0.321641  0.00181707  -0.0110574    0.133371
 0.00181707     0.17063 -0.00158244  0.00568763
 -0.0110574 -0.00158244    0.187574 -0.00289102
   0.133371  0.00568763 -0.00289102    0.320155
IMAGINARY
           0  0.000450243   0.00348502   -0.0136718
-0.000450243            0   -0.0065076  -0.00214294
 -0.00348502    0.0065076            0   0.00238304
   0.0136718   0.00214294  -0.00238304            0
Repeater1[0]<--->HoM1[0]
REAL
  0.329415 0.00440326 0.00438776   0.140277
0.00440326   0.174503 0.00314345  0.0116826
0.00438776 0.00314345   0.178722 0.00499638
  0.140277  0.0116826 0.00499638    0.31736
IMAGINARY
          0 -0.00778505   0.0027117 -0.00126966
 0.00778505           0   0.0153521  0.00197533
 -0.0027117  -0.0153521           0  0.00188847
 0.00126966 -0.00197533 -0.00188847           0
EndNode1[0]<--->Repeater1[0]
REAL
   0.325554 -0.00508313  0.00051885    0.140975
-0.00508313    0.182226 0.000478063  0.00752165
 0.00051885 0.000478063    0.171155  0.00538093
   0.140975  0.00752165  0.00538093    0.321065
IMAGINARY
           0  -0.00421557  -0.00179333   0.00417875
  0.00421557            0  -0.00179496  -0.00411756
  0.00179333   0.00179496            0 -0.000179698
 -0.00417875   0.00411756  0.000179698            0
EndNode2[0]<--->HoM1[0]
REAL
   0.314787    0.011673   0.0120945    0.138903
   0.011673    0.191015 -0.00734039 -0.00364546
  0.0120945 -0.00734039    0.179411 -0.00292225
   0.138903 -0.00364546 -0.00292225    0.314787
IMAGINARY
          0 -0.00708601  0.00367346 -0.00275341
 0.00708601           0 -0.00334234     0.01326
-0.00367346  0.00334234           0  -0.0101554
 0.00275341    -0.01326   0.0101554           0
Repeater1[0]<--->EndNode1[0]
REAL
   0.325554  0.00051885 -0.00508313    0.140975
 0.00051885    0.171155 0.000478063  0.00538093
-0.00508313 0.000478063    0.182226  0.00752165
   0.140975  0.00538093  0.00752165    0.321065
IMAGINARY
           0  -0.00179333  -0.00421557   0.00417875
  0.00179333            0   0.00179496 -0.000179698
  0.00421557  -0.00179496            0  -0.00411756
 -0.00417875  0.000179698   0.00411756            0
Repeater1[0]<--->HoM1[0]
REAL
   0.314787   0.0120945    0.011673    0.138903
  0.0120945    0.179411 -0.00734039 -0.00292225
   0.011673 -0.00734039    0.191015 -0.00364546
   0.138903 -0.00292225 -0.00364546    0.314787
IMAGINARY
          0  0.00367346 -0.00708601 -0.00275341
-0.00367346           0  0.00334234  -0.0101554
 0.00708601 -0.00334234           0     0.01326
 0.00275341   0.0101554    -0.01326           0
EndNode1[0]<--->Repeater1[0]
REAL
   0.330368 -0.00516286  -0.0125632     0.13591
-0.00516286    0.177914 0.000746688 -0.00708493
 -0.0125632 0.000746688    0.178221   0.0075089
    0.13591 -0.00708493   0.0075089    0.313497
IMAGINARY
           0  7.12347e-05 -0.000435841   0.00192971
-7.12347e-05            0   0.00618815   -0.0105153
 0.000435841  -0.00618815            0  -0.00352158
 -0.00192971    0.0105153   0.00352158            0
EndNode2[0]<--->HoM1[0]
REAL
   0.308316 -0.00222665 -0.00562219    0.134947
-0.00222665    0.184629 -1.1813e-05  0.00562219
-0.00562219 -1.1813e-05    0.174422 -0.00340799
   0.134947  0.00562219 -0.00340799    0.332633
IMAGINARY
           0  -0.00170264   0.00114318  0.000758357
  0.00170264            0  -0.00060652  -0.00292677
 -0.00114318   0.00060652            0  -0.00245907
-0.000758357   0.00292677   0.00245907            0
Repeater1[0]<--->EndNode1[0]
REAL
   0.330368  -0.0125632 -0.00516286     0.13591
 -0.0125632    0.178221 0.000746688   0.0075089
-0.00516286 0.000746688    0.177914 -0.00708493
    0.13591   0.0075089 -0.00708493    0.313497
IMAGINARY
           0 -0.000435841  7.12347e-05   0.00192971
 0.000435841            0  -0.00618815  -0.00352158
-7.12347e-05   0.00618815            0   -0.0105153
 -0.00192971   0.00352158    0.0105153            0
Repeater1[0]<--->HoM1[0]
REAL
   0.308316 -0.00562219 -0.00222665    0.134947
-0.00562219    0.174422 -1.1813e-05 -0.00340799
-0.00222665 -1.1813e-05    0.184629  0.00562219
   0.134947 -0.00340799  0.00562219    0.332633
IMAGINARY
           0   0.00114318  -0.00170264  0.000758357
 -0.00114318            0   0.00060652  -0.00245907
  0.00170264  -0.00060652            0  -0.00292677
