EndNode1[0]<--->Repeater1[0]
REAL
   0.470999 -0.00239095   0.0041388    0.409902
-0.00239095   0.0157911 -0.00494009  0.00292887
  0.0041388 -0.00494009   0.0194352 -0.00136845
   0.409902  0.00292887 -0.00136845    0.493775
IMAGINARY
          0   0.0106426  0.00219497 -0.00151537
 -0.0106426           0  0.00654433 -0.00924145
-0.00219497 -0.00654433           0  0.00360031
 0.00151537  0.00924145 -0.00360031           0
EndNode2[0]<--->HoM1[0]
REAL
    0.479852 -0.000448316  -0.00463896     0.409563
-0.000448316    0.0215318   0.00107248   0.00683645
 -0.00463896   0.00107248    0.0187635   0.00352479
    0.409563   0.00683645   0.00352479     0.479852
IMAGINARY
           0  -0.00112529   0.00150258  -0.00247576
  0.00112529            0   0.00277162  -0.00255269
 -0.00150258  -0.00277162            0  7.51876e-05
  0.00247576   0.00255269 -7.51876e-05            0
Repeater1[0]<--->EndNode1[0]
REAL
   0.470999   0.0041388 -0.00239095    0.409902
  0.0041388   0.0194352 -0.00494009 -0.00136845
-0.00239095 -0.00494009   0.0157911  0.00292887
   0.409902 -0.00136845  0.00292887    0.493775
IMAGINARY
          0  0.00219497   0.0106426 -0.00151537
-0.00219497           0 -0.00654433  0.00360031
 -0.0106426  0.00654433           0 -0.00924145
 0.00151537 -0.00360031  0.00924145           0
Repeater1[0]<--->HoM1[0]
REAL
    0.479852  -0.00463896 -0.000448316     0.409563
 -0.00463896    0.0187635   0.00107248   0.00352479
-0.000448316   0.00107248    0.0215318   0.00683645
    0.409563   0.00352479   0.00683645     0.479852
IMAGINARY
           0   0.00150258  -0.00112529  -0.00247576
 -0.00150258            0  -0.00277162  7.51876e-05
  0.00112529   0.00277162            0  -0.00255269
  0.00247576 -7.51876e-05   0.00255269            0
EndNode1[0]<--->Repeater1[0]
REAL
   0.475439   0.0112325   0.0144386    0.413003
  0.0112325    0.019351  0.00905869 -0.00661407
  0.0144386  0.00905869   0.0247097 -0.00586278
   0.413003 -0.00661407 -0.00586278      0.4805
IMAGINARY
           0   -0.0018153  0.000677325   0.00853747
   0.0018153            0  -0.00418442 -0.000526768
-0.000677325   0.00418442            0   0.00136363
 -0.00853747  0.000526768  -0.00136363            0
EndNode2[0]<--->HoM1[0]
REAL
    0.476965 -0.000882876   0.00336232      0.40029
-0.000882876    0.0228847   0.00410393  0.000200624
  0.00336232   0.00410393    0.0246914  -0.00208625
     0.40029  0.000200624  -0.00208625     0.475459
IMAGINARY
          0  0.00686185 -0.00367328  0.00545448
-0.00686185           0 -0.00693728 -0.00056401
 0.00367328  0.00693728           0 -0.00171658
-0.00545448  0.00056401  0.00171658           0
Repeater1[0]<--->EndNode1[0]
REAL
   0.475439   0.0144386   0.0112325    0.413003
  0.0144386   0.0247097  0.00905869 -0.00586278
  0.0112325  0.00905869    0.019351 -0.00661407
   0.413003 -0.00586278 -0.00661407      0.4805
IMAGINARY
           0  0.000677325   -0.0018153   0.00853747
-0.000677325            0   0.00418442   0.00136363
   0.0018153  -0.00418442            0 -0.000526768
 -0.00853747  -0.00136363  0.000526768            0
Repeater1[0]<--->HoM1[0]
REAL
    0.476965   0.00336232 -0.000882876      0.40029
  0.00336232    0.0246914   0.00410393  -0.00208625
-0.000882876   0.00410393    0.0228847  0.000200624
     0.40029  -0.00208625  0.000200624     0.475459
IMAGINARY
          0 -0.00367328  0.00686185  0.00545448
 0.00367328           0  0.00693728 -0.00171658
-0.00686185 -0.00693728           0 -0.00056401
-0.00545448  0.00171658  0.00056401           0
EndNode1[0]<--->Repeater1[0]
REAL
   0.491585  0.00168376 -0.00511294    0.407888
 0.00168376   0.0230292   0.0114287  0.00835205
-0.00511294   0.0114287    0.023915  0.00332213
   0.407888  0.00835205  0.00332213     0.46147
IMAGINARY
           0 -0.000893119  -0.00897426  -0.00746667
 0.000893119            0   -0.0136167    0.0168588
  0.00897426    0.0136167            0  -0.00104083
  0.00746667   -0.0168588   0.00104083            0
EndNode2[0]<--->HoM1[0]
REAL
  0.479205 0.00653415 0.00707641   0.404768
0.00653415  0.0207951 0.00256235 0.00752431
0.00707641 0.00256235  0.0204893 0.00836454
  0.404768 0.00752431 0.00836454   0.479511
IMAGINARY
          0  0.00747269 -0.00446959   0.0161293
-0.00747269           0 -0.00410707  0.00534016
 0.00446959  0.00410707           0 -0.00341001
 -0.0161293 -0.00534016  0.00341001           0
Repeater1[0]<--->EndNode1[0]
REAL
   0.491585 -0.00511294  0.00168376    0.407888
-0.00511294    0.023915   0.0114287  0.00332213
 0.00168376   0.0114287   0.0230292  0.00835205
   0.407888  0.00332213  0.00835205     0.46147
IMAGINARY
           0  -0.00897426 -0.000893119  -0.00746667
  0.00897426            0    0.0136167  -0.00104083
 0.000893119   -0.0136167            0    0.0168588
  0.00746667   0.00104083   -0.0168588            0
Repeater1[0]<--->HoM1[0]
REAL
  0.479205 0.00707641 0.00653415   0.404768
0.00707641  0.0204893 0.00256235 0.00836454
0.00653415 0.00256235  0.0207951 0.00752431
  0.404768 0.00836454 0.00752431   0.479511
IMAGINARY
          0 -0.00446959  0.00747269   0.0161293
 0.00446959           0  0.00410707 -0.00341001
-0.00747269 -0.00410707           0  0.00534016
 -0.0161293  0.00341001 -0.00534016           0
EndNode1[0]<--->Repeater1[0]
REAL
    0.483122   0.00624067  -0.00459217     0.402046
  0.00624067    0.0198915 -0.000225208   0.00683031
 -0.00459217 -0.000225208     0.022604  -0.00131677
    0.402046   0.00683031  -0.00131677     0.474382
IMAGINARY
           0  0.000518804  -0.00107976  -0.00502476
-0.000518804            0  -0.00334844   0.00151092
  0.00107976   0.00334844            0  -0.00439923
  0.00502476  -0.00151092   0.00439923            0
EndNode2[0]<--->HoM1[0]
REAL
    0.487754   0.00502289  -0.00804103     0.402075
  0.00502289    0.0212452  0.000273388    0.0037147
 -0.00804103  0.000273388    0.0209501 -0.000696559
    0.402075    0.0037147 -0.000696559      0.47005
IMAGINARY
           0 -0.000825037   0.00487388    0.0120922
 0.000825037            0  -0.00214268  -0.00637538
 -0.00487388   0.00214268            0   0.00442864
  -0.0120922   0.00637538  -0.00442864            0
Repeater1[0]<--->EndNode1[0]
REAL
    0.483122  -0.00459217   0.00624067     0.402046
 -0.00459217     0.022604 -0.000225208  -0.00131677
  0.00624067 -0.000225208    0.0198915   0.00683031
    0.402046  -0.00131677   0.00683031     0.474382
IMAGINARY
           0  -0.00107976  0.000518804  -0.00502476
  0.00107976            0   0.00334844  -0.00439923
-0.000518804  -0.00334844            0   0.00151092
  0.00502476   0.00439923  -0.00151092            0
Repeater1[0]<--->HoM1[0]
REAL
    0.487754  -0.00804103   0.00502289     0.402075
 -0.00804103    0.0209501  0.000273388 -0.000696559
  0.00502289  0.000273388    0.0212452    0.0037147
    0.402075 -0.000696559    0.0037147      0.47005
IMAGINARY
           0   0.00487388 -0.000825037    0.0120922
 -0.00487388            0   0.00214268   0.00442864
 0.000825037  -0.00214268            0  -0.00637538
  -0.0120922  -0.00442864   0.00637538            0
EndNode1[0]<--->Repeater1[0]
REAL
    0.481946 -0.000221794  -0.00142191     0.402785
-0.000221794    0.0223378   0.00203352 -0.000224304
 -0.00142191   0.00203352    0.0211138  -0.00621341
    0.402785 -0.000224304  -0.00621341     0.474602
IMAGINARY
           0 -0.000977534  0.000391319   0.00417111
 0.000977534            0 -0.000229501   0.00577409
-0.000391319  0.000229501            0 -0.000375849
 -0.00417111  -0.00577409  0.000375849            0
EndNode2[0]<--->HoM1[0]
REAL
  0.487519  0.0118138  0.0122106   0.398707
 0.0118138  0.0258647 0.00605498   0.011599
 0.0122106 0.00605498  0.0228571 0.00344869
  0.398707   0.011599 0.00344869   0.463759
IMAGINARY
          0  0.00931591  0.00128184  0.00122201
-0.00931591           0  -0.0135884  -0.0135286
-0.00128184   0.0135884           0 -0.00160499
-0.00122201   0.0135286  0.00160499           0
Repeater1[0]<--->EndNode1[0]
REAL
    0.481946  -0.00142191 -0.000221794     0.402785
 -0.00142191    0.0211138   0.00203352  -0.00621341
-0.000221794   0.00203352    0.0223378 -0.000224304
    0.402785  -0.00621341 -0.000224304     0.474602
IMAGINARY
           0  0.000391319 -0.000977534   0.00417111
-0.000391319            0  0.000229501 -0.000375849
 0.000977534 -0.000229501            0   0.00577409
 -0.00417111  0.000375849  -0.00577409            0
Repeater1[0]<--->HoM1[0]
REAL
  0.487519  0.0122106  0.0118138   0.398707
 0.0122106  0.0228571 0.00605498 0.00344869
 0.0118138 0.00605498  0.0258647   0.011599
  0.398707 0.00344869   0.011599   0.463759
IMAGINARY
          0  0.00128184  0.00931591  0.00122201
-0.00128184           0   0.0135884 -0.00160499
-0.00931591  -0.0135884           0  -0.0135286
-0.00122201  0.00160499   0.0135286           0
EndNode1[0]<--->Repeater1[0]
REAL
    0.47131   0.0110331  0.00348221    0.406593
  0.0110331   0.0205585   0.0050825  0.00226492
 0.00348221   0.0050825   0.0202516 -0.00589091
   0.406593  0.00226492 -0.00589091     0.48788
IMAGINARY
           0  -0.00148097 -0.000859083  -0.00509709
  0.00148097            0  -0.00205202  -0.00175568
 0.000859083   0.00205202            0 -0.000262202
  0.00509709   0.00175568  0.000262202            0
EndNode2[0]<--->HoM1[0]
REAL
   0.493782  0.00439028  0.00624661    0.402629
 0.00439028   0.0212314  0.00825881 -0.00229284
 0.00624661  0.00825881   0.0181984  0.00169244
   0.402629 -0.00229284  0.00169244    0.466788
IMAGINARY
           0   -0.0023002   0.00465997   -0.0069391
   0.0023002            0  0.000272436  -0.00556796
 -0.00465997 -0.000272436            0   0.00169488
   0.0069391   0.00556796  -0.00169488            0
Repeater1[0]<--->EndNode1[0]
REAL
    0.47131  0.00348221   0.0110331    0.406593
 0.00348221   0.0202516   0.0050825 -0.00589091
  0.0110331   0.0050825   0.0205585  0.00226492
   0.406593 -0.00589091  0.00226492     0.48788
IMAGINARY
           0 -0.000859083  -0.00148097  -0.00509709
 0.000859083            0   0.00205202 -0.000262202
  0.00148097  -0.00205202            0  -0.00175568
  0.00509709  0.000262202   0.00175568            0
Repeater1[0]<--->HoM1[0]
REAL
   0.493782  0.00624661  0.00439028    0.402629
 0.00624661   0.0181984  0.00825881  0.00169244
 0.00439028  0.00825881   0.0212314 -0.00229284
   0.402629  0.00169244 -0.00229284    0.466788
IMAGINARY
           0   0.00465997   -0.0023002   -0.0069391
 -0.00465997            0 -0.000272436   0.00169488
   0.0023002  0.000272436            0  -0.00556796
   0.0069391  -0.00169488   0.00556796            0
EndNode1[0]<--->Repeater1[0]
REAL
   0.471493  -0.0110624 -0.00563625     0.41057
 -0.0110624   0.0226244  0.00120396  0.00340078
-0.00563625  0.00120396   0.0184012  0.00525013
    0.41057  0.00340078  0.00525013    0.487481
IMAGINARY
           0   0.00815553   0.00249387   0.00405233
 -0.00815553            0   0.00108673   0.00233997
 -0.00249387  -0.00108673            0  0.000303681
 -0.00405233  -0.00233997 -0.000303681            0
EndNode2[0]<--->HoM1[0]
REAL
    0.46497 -0.00142744 -0.00919021    0.405336
-0.00142744   0.0254491  0.00264723  0.00035413
-0.00919021  0.00264723   0.0233533 -0.00436171
   0.405336  0.00035413 -0.00436171    0.486228
IMAGINARY
          0 -0.00117072 -0.00792761 -0.00564364
 0.00117072           0 -0.00623606 -0.00317701
 0.00792761  0.00623606           0   0.0119831
 0.00564364  0.00317701  -0.0119831           0
Repeater1[0]<--->EndNode1[0]
REAL
   0.471493 -0.00563625  -0.0110624     0.41057
-0.00563625   0.0184012  0.00120396  0.00525013
 -0.0110624  0.00120396   0.0226244  0.00340078
    0.41057  0.00525013  0.00340078    0.487481
IMAGINARY
           0   0.00249387   0.00815553   0.00405233
 -0.00249387            0  -0.00108673  0.000303681
 -0.00815553   0.00108673            0   0.00233997
 -0.00405233 -0.000303681  -0.00233997            0
Repeater1[0]<--->HoM1[0]
REAL
    0.46497 -0.00919021 -0.00142744    0.405336
-0.00919021   0.0233533  0.00264723 -0.00436171
-0.00142744  0.00264723   0.0254491  0.00035413
   0.405336 -0.00436171  0.00035413    0.486228
IMAGINARY
          0 -0.00792761 -0.00117072 -0.00564364
 0.00792761           0  0.00623606   0.0119831
 0.00117072 -0.00623606           0 -0.00317701
 0.00564364  -0.0119831  0.00317701           0
EndNode1[0]<--->Repeater1[0]
REAL
    0.480488  0.000515746 -0.000969812     0.404026
 0.000515746        0.025  0.000593424 -0.000229948
-0.000969812  0.000593424     0.017378   0.00248365
    0.404026 -0.000229948   0.00248365     0.477134
IMAGINARY
           0  -0.00144059  0.000697583  -0.00439118
  0.00144059            0    0.0118267   0.00511975
-0.000697583   -0.0118267            0  -0.00612195
  0.00439118  -0.00511975   0.00612195            0
EndNode2[0]<--->HoM1[0]
REAL
    0.474708  -0.00469383   -0.0116458     0.405831
 -0.00469383    0.0227477  -0.00106888 -0.000495523
  -0.0116458  -0.00106888    0.0224484  -0.00933959
    0.405831 -0.000495523  -0.00933959     0.480096
IMAGINARY
           0   0.00164215   0.00534718   0.00858214
 -0.00164215            0   0.00498718 -7.45071e-05
 -0.00534718  -0.00498718            0   0.00363052
 -0.00858214  7.45071e-05  -0.00363052            0
Repeater1[0]<--->EndNode1[0]
REAL
    0.480488 -0.000969812  0.000515746     0.404026
-0.000969812     0.017378  0.000593424   0.00248365
 0.000515746  0.000593424        0.025 -0.000229948
    0.404026   0.00248365 -0.000229948     0.477134
IMAGINARY
           0  0.000697583  -0.00144059  -0.00439118
-0.000697583            0   -0.0118267  -0.00612195
  0.00144059    0.0118267            0   0.00511975
  0.00439118   0.00612195  -0.00511975            0
Repeater1[0]<--->HoM1[0]
REAL
    0.474708   -0.0116458  -0.00469383     0.405831
  -0.0116458    0.0224484  -0.00106888  -0.00933959
 -0.00469383  -0.00106888    0.0227477 -0.000495523
    0.405831  -0.00933959 -0.000495523     0.480096
IMAGINARY
           0   0.00534718   0.00164215   0.00858214
 -0.00534718            0  -0.00498718   0.00363052
 -0.00164215   0.00498718            0 -7.45071e-05
 -0.00858214  -0.00363052  7.45071e-05            0
EndNode1[0]<--->Repeater1[0]
REAL
     0.4839 -0.00948655 -0.00409832    0.403144
-0.00948655   0.0163983   0.0048845  0.00548251
-0.00409832   0.0048845   0.0190817   0.0019504
   0.403144  0.00548251   0.0019504     0.48062
IMAGINARY
           0   -0.0103116  -0.00609199  -0.00270099
   0.0103116            0   0.00195227    0.0162961
  0.00609199  -0.00195227            0 -0.000192577
  0.00270099   -0.0162961  0.000192577            0
EndNode2[0]<--->HoM1[0]
REAL
   0.486535 -0.00252402  0.00332824    0.399815
-0.00252402   0.0230401  0.00202039 -0.00842583
 0.00332824  0.00202039   0.0206463 -0.00810808
   0.399815 -0.00842583 -0.00810808    0.469779
IMAGINARY
          0  -0.0117377  0.00752304 -0.00436919
  0.0117377           0  0.00451903  0.00692244
-0.00752304 -0.00451903           0  0.00257333
 0.00436919 -0.00692244 -0.00257333           0
Repeater1[0]<--->EndNode1[0]
REAL
     0.4839 -0.00409832 -0.00948655    0.403144
-0.00409832   0.0190817   0.0048845   0.0019504
-0.00948655   0.0048845   0.0163983  0.00548251
   0.403144   0.0019504  0.00548251     0.48062
IMAGINARY
           0  -0.00609199   -0.0103116  -0.00270099
  0.00609199            0  -0.00195227 -0.000192577
   0.0103116   0.00195227            0    0.0162961
  0.00270099  0.000192577   -0.0162961            0
Repeater1[0]<--->HoM1[0]
REAL
   0.486535  0.00332824 -0.00252402    0.399815
 0.00332824   0.0206463  0.00202039 -0.00810808
-0.00252402  0.00202039   0.0230401 -0.00842583
   0.399815 -0.00810808 -0.00842583    0.469779
IMAGINARY
          0  0.00752304  -0.0117377 -0.00436919
-0.00752304           0 -0.00451903  0.00257333
  0.0117377  0.00451903           0  0.00692244
 0.00436919 -0.00257333 -0.00692244           0
EndNode1[0]<--->Repeater1[0]
REAL
   0.503095  0.00467445 -0.00831764    0.411632
 0.00467445   0.0197465  0.00044905   0.0142985
-0.00831764  0.00044905    0.023578  0.00130641
   0.411632   0.0142985  0.00130641    0.453581
IMAGINARY
          0  -0.0052868  0.00773296     -0.0143
  0.0052868           0  0.00258008  -0.0111263
-0.00773296 -0.00258008           0  0.00425405
     0.0143   0.0111263 -0.00425405           0
EndNode2[0]<--->HoM1[0]
REAL
   0.471311  0.00619386  0.00187696    0.401566
 0.00619386   0.0248829  0.00684471  0.00785067
 0.00187696  0.00684471   0.0242974 -0.00125522
   0.401566  0.00785067 -0.00125522    0.479508
IMAGINARY
           0   0.00148564  -0.00804468   0.00111277
 -0.00148564            0  -0.00232931   0.00834124
  0.00804468   0.00232931            0  0.000886838
 -0.00111277  -0.00834124 -0.000886838            0
Repeater1[0]<--->EndNode1[0]
REAL
   0.503095 -0.00831764  0.00467445    0.411632
-0.00831764    0.023578  0.00044905  0.00130641
 0.00467445  0.00044905   0.0197465   0.0142985
   0.411632  0.00130641   0.0142985    0.453581
IMAGINARY
          0  0.00773296  -0.0052868     -0.0143
-0.00773296           0 -0.00258008  0.00425405
  0.0052868  0.00258008           0  -0.0111263
     0.0143 -0.00425405   0.0111263           0
Repeater1[0]<--->HoM1[0]
REAL
   0.471311  0.00187696  0.00619386    0.401566
 0.00187696   0.0242974  0.00684471 -0.00125522
 0.00619386  0.00684471   0.0248829  0.00785067
   0.401566 -0.00125522  0.00785067    0.479508
IMAGINARY
           0  -0.00804468   0.00148564   0.00111277
  0.00804468            0   0.00232931  0.000886838
 -0.00148564  -0.00232931            0   0.00834124
 -0.00111277 -0.000886838  -0.00834124            0
EndNode1[0]<--->Repeater1[0]
REAL
   0.469649 0.000863684  0.00576306     0.40468
0.000863684   0.0246878  0.00155189 -0.00223573
 0.00576306  0.00155189   0.0200407  0.00236971
    0.40468 -0.00223573  0.00236971    0.485623
IMAGINARY
          0  0.00346957  0.00738947 -0.00191204
-0.00346957           0 -0.00607229 -0.00541559
-0.00738947  0.00607229           0 -0.00878387
 0.00191204  0.00541559  0.00878387           0
EndNode2[0]<--->HoM1[0]
REAL
   0.465844 -0.00291324 -0.00315273    0.407429
-0.00291324   0.0219681    0.010109  0.00449721
-0.00315273    0.010109   0.0186578 -0.00171778
   0.407429  0.00449721 -0.00171778     0.49353
IMAGINARY
          0  0.00910558 -0.00346172 -0.00714838
-0.00910558           0   0.0152485 -0.00391558
 0.00346172  -0.0152485           0   0.0021862
 0.00714838  0.00391558  -0.0021862           0
Repeater1[0]<--->EndNode1[0]
REAL
   0.469649  0.00576306 0.000863684     0.40468
 0.00576306   0.0200407  0.00155189  0.00236971
0.000863684  0.00155189   0.0246878 -0.00223573
    0.40468  0.00236971 -0.00223573    0.485623
IMAGINARY
          0  0.00738947  0.00346957 -0.00191204
-0.00738947           0  0.00607229 -0.00878387
-0.00346957 -0.00607229           0 -0.00541559
 0.00191204  0.00878387  0.00541559           0
Repeater1[0]<--->HoM1[0]
REAL
   0.465844 -0.00315273 -0.00291324    0.407429
-0.00315273   0.0186578    0.010109 -0.00171778
-0.00291324    0.010109   0.0219681  0.00449721
   0.407429 -0.00171778  0.00449721     0.49353
IMAGINARY
          0 -0.00346172  0.00910558 -0.00714838
 0.00346172           0  -0.0152485   0.0021862
-0.00910558   0.0152485           0 -0.00391558
 0.00714838  -0.0021862  0.00391558           0
EndNode1[0]<--->Repeater1[0]
REAL
    0.463921   0.00331272 -3.62768e-05     0.401011
  0.00331272    0.0228503     0.002711   0.00234326
-3.62768e-05     0.002711    0.0201443   0.00360823
    0.401011   0.00234326   0.00360823     0.493085
IMAGINARY
           0  -0.00346199  -0.00900333   0.00506457
  0.00346199            0    0.0012275  0.000806606
  0.00900333   -0.0012275            0   0.00528349
 -0.00506457 -0.000806606  -0.00528349            0
EndNode2[0]<--->HoM1[0]
REAL
  0.479067 0.00867722 0.00953507   0.401279
0.00867722  0.0212321 0.00526283 0.00419156
0.00953507 0.00526283  0.0194378 0.00972231
  0.401279 0.00419156 0.00972231   0.480263
IMAGINARY
           0  -0.00746052    0.0033097  -0.00812738
  0.00746052            0  -0.00501443 -0.000966411
  -0.0033097   0.00501443            0    0.0100967
  0.00812738  0.000966411   -0.0100967            0
Repeater1[0]<--->EndNode1[0]
REAL
    0.463921 -3.62768e-05   0.00331272     0.401011
-3.62768e-05    0.0201443     0.002711   0.00360823
  0.00331272     0.002711    0.0228503   0.00234326
    0.401011   0.00360823   0.00234326     0.493085
IMAGINARY
           0  -0.00900333  -0.00346199   0.00506457
  0.00900333            0   -0.0012275   0.00528349
  0.00346199    0.0012275            0  0.000806606
 -0.00506457  -0.00528349 -0.000806606            0
Repeater1[0]<--->HoM1[0]
REAL
  0.479067 0.00953507 0.00867722   0.401279
0.00953507  0.0194378 0.00526283 0.00972231
0.00867722 0.00526283  0.0212321 0.00419156
  0.401279 0.00972231 0.00419156   0.480263
IMAGINARY
           0    0.0033097  -0.00746052  -0.00812738
  -0.0033097            0   0.00501443    0.0100967
  0.00746052  -0.00501443            0 -0.000966411
  0.00812738   -0.0100967  0.000966411            0
EndNode1[0]<--->Repeater1[0]
REAL
    0.466384 -0.000168941  -0.00132757     0.404575
-0.000168941    0.0208964   0.00687847    0.0023853
 -0.00132757   0.00687847    0.0215021  -0.00088878
    0.404575    0.0023853  -0.00088878     0.491217
IMAGINARY
          0  0.00193633 -0.00366663 -0.00115061
-0.00193633           0  0.00538534 -0.00306385
 0.00366663 -0.00538534           0 -0.00477809
 0.00115061  0.00306385  0.00477809           0
EndNode2[0]<--->HoM1[0]
REAL
    0.485443  -0.00472717   0.00380925      0.40555
 -0.00472717    0.0219846 -0.000548777  0.000481963
  0.00380925 -0.000548777    0.0193108   0.00872243
     0.40555  0.000481963   0.00872243     0.473262
IMAGINARY
           0  -0.00461214   0.00403121  0.000896459
  0.00461214            0   0.00906837 -0.000106088
 -0.00403121  -0.00906837            0   -0.0032381
-0.000896459  0.000106088    0.0032381            0
Repeater1[0]<--->EndNode1[0]
REAL
    0.466384  -0.00132757 -0.000168941     0.404575
 -0.00132757    0.0215021   0.00687847  -0.00088878
-0.000168941   0.00687847    0.0208964    0.0023853
    0.404575  -0.00088878    0.0023853     0.491217
IMAGINARY
          0 -0.00366663  0.00193633 -0.00115061
 0.00366663           0 -0.00538534 -0.00477809
-0.00193633  0.00538534           0 -0.00306385
 0.00115061  0.00477809  0.00306385           0
Repeater1[0]<--->HoM1[0]
REAL
    0.485443   0.00380925  -0.00472717      0.40555
  0.00380925    0.0193108 -0.000548777   0.00872243
 -0.00472717 -0.000548777    0.0219846  0.000481963
     0.40555   0.00872243  0.000481963     0.473262
IMAGINARY
           0   0.00403121  -0.00461214  0.000896459
 -0.00403121            0  -0.00906837   -0.0032381
  0.00461214   0.00906837            0 -0.000106088
-0.000896459    0.0032381  0.000106088            0
EndNode1[0]<--->Repeater1[0]
REAL
   0.468561   0.0083523 8.72911e-05    0.408368
  0.0083523   0.0226723 -0.00194809  0.00596964
8.72911e-05 -0.00194809   0.0220677 -0.00199252
   0.408368  0.00596964 -0.00199252    0.486699
IMAGINARY
          0  0.00858613  0.00322304 -0.00511122
-0.00858613           0 -0.00631822  -0.0123086
-0.00322304  0.00631822           0  0.00518879
 0.00511122   0.0123086 -0.00518879           0
EndNode2[0]<--->HoM1[0]
REAL
    0.46946  -0.0101392 -0.00685859    0.404517
 -0.0101392   0.0239009 -0.00208503   0.0010045
-0.00685859 -0.00208503   0.0227206  0.00218365
   0.404517   0.0010045  0.00218365    0.483919
IMAGINARY
          0  -0.0073267    0.013144  0.00753316
  0.0073267           0 -0.00223593  -0.0102539
  -0.013144  0.00223593           0 -0.00925377
-0.00753316   0.0102539  0.00925377           0
Repeater1[0]<--->EndNode1[0]
REAL
   0.468561 8.72911e-05   0.0083523    0.408368
8.72911e-05   0.0220677 -0.00194809 -0.00199252
  0.0083523 -0.00194809   0.0226723  0.00596964
   0.408368 -0.00199252  0.00596964    0.486699
IMAGINARY
          0  0.00322304  0.00858613 -0.00511122
-0.00322304           0  0.00631822  0.00518879
-0.00858613 -0.00631822           0  -0.0123086
 0.00511122 -0.00518879   0.0123086           0
Repeater1[0]<--->HoM1[0]
REAL
    0.46946 -0.00685859  -0.0101392    0.404517
-0.00685859   0.0227206 -0.00208503  0.00218365
 -0.0101392 -0.00208503   0.0239009   0.0010045
   0.404517  0.00218365   0.0010045    0.483919
IMAGINARY
          0    0.013144  -0.0073267  0.00753316
  -0.013144           0  0.00223593 -0.00925377
  0.0073267 -0.00223593           0  -0.0102539
-0.00753316  0.00925377   0.0102539           0
EndNode1[0]<--->Repeater1[0]
REAL
    0.482339  0.000969504  -0.00100911     0.408081
 0.000969504    0.0225586   0.00841156   0.00264943
 -0.00100911   0.00841156    0.0181063 -0.000522143
    0.408081   0.00264943 -0.000522143     0.476996
IMAGINARY
          0  0.00632818  -0.0102055  -0.0120734
-0.00632818           0  0.00104956  0.00524905
  0.0102055 -0.00104956           0 -0.00317408
  0.0120734 -0.00524905  0.00317408           0
EndNode2[0]<--->HoM1[0]
REAL
   0.479845 -0.00618024 -0.00028976    0.406389
-0.00618024    0.020006  0.00305862  0.00104436
-0.00028976  0.00305862   0.0194088  0.00210539
   0.406389  0.00104436  0.00210539    0.480741
IMAGINARY
           0 -0.000586143    0.0157554 -0.000471446
 0.000586143            0    0.0026017  -0.00234546
  -0.0157554   -0.0026017            0  -0.00103484
 0.000471446   0.00234546   0.00103484            0
Repeater1[0]<--->EndNode1[0]
REAL
    0.482339  -0.00100911  0.000969504     0.408081
 -0.00100911    0.0181063   0.00841156 -0.000522143
 0.000969504   0.00841156    0.0225586   0.00264943
    0.408081 -0.000522143   0.00264943     0.476996
IMAGINARY
          0  -0.0102055  0.00632818  -0.0120734
  0.0102055           0 -0.00104956 -0.00317408
-0.00632818  0.00104956           0  0.00524905
  0.0120734  0.00317408 -0.00524905           0
Repeater1[0]<--->HoM1[0]
REAL
   0.479845 -0.00028976 -0.00618024    0.406389
-0.00028976   0.0194088  0.00305862  0.00210539
-0.00618024  0.00305862    0.020006  0.00104436
   0.406389  0.00210539  0.00104436    0.480741
IMAGINARY
           0    0.0157554 -0.000586143 -0.000471446
  -0.0157554            0   -0.0026017  -0.00103484
 0.000586143    0.0026017            0  -0.00234546
 0.000471446   0.00103484   0.00234546            0
EndNode1[0]<--->Repeater1[0]
REAL
   0.471754 -0.00824849  0.00155649     0.40673
-0.00824849   0.0236616   0.0118196  0.00319975
 0.00155649   0.0118196   0.0189293   0.0124102
    0.40673  0.00319975   0.0124102    0.485655
IMAGINARY
           0    0.0151908  -0.00186155  0.000865795
  -0.0151908            0   0.00208754  -0.00382708
  0.00186155  -0.00208754            0  -0.00980156
-0.000865795   0.00382708   0.00980156            0
EndNode2[0]<--->HoM1[0]
REAL
   0.480377 -0.00615525 -0.00068785    0.406894
-0.00615525   0.0219045  0.00169074  0.00435032
-0.00068785  0.00169074   0.0231214  0.00395777
   0.406894  0.00435032  0.00395777    0.474597
IMAGINARY
           0    0.0103667   0.00465723 -1.38664e-06
  -0.0103667            0  -0.00228033  -0.00525531
 -0.00465723   0.00228033            0   -0.0148523
 1.38664e-06   0.00525531    0.0148523            0
Repeater1[0]<--->EndNode1[0]
REAL
   0.471754  0.00155649 -0.00824849     0.40673
 0.00155649   0.0189293   0.0118196   0.0124102
-0.00824849   0.0118196   0.0236616  0.00319975
    0.40673   0.0124102  0.00319975    0.485655
IMAGINARY
           0  -0.00186155    0.0151908  0.000865795
  0.00186155            0  -0.00208754  -0.00980156
  -0.0151908   0.00208754            0  -0.00382708
-0.000865795   0.00980156   0.00382708            0
Repeater1[0]<--->HoM1[0]
REAL
   0.480377 -0.00068785 -0.00615525    0.406894
-0.00068785   0.0231214  0.00169074  0.00395777
-0.00615525  0.00169074   0.0219045  0.00435032
   0.406894  0.00395777  0.00435032    0.474597
IMAGINARY
           0   0.00465723    0.0103667 -1.38664e-06
 -0.00465723            0   0.00228033   -0.0148523
  -0.0103667  -0.00228033            0  -0.00525531
 1.38664e-06    0.0148523   0.00525531            0
EndNode1[0]<--->Repeater1[0]
REAL
   0.498632 -0.00313716 -0.00986458    0.406087
-0.00313716    0.020979   0.0048308 -0.00243296
-0.00986458   0.0048308   0.0218912 -0.00766068
   0.406087 -0.00243296 -0.00766068    0.458498
IMAGINARY
          0 -0.00447825  -0.0037161 -0.00571454
 0.00447825           0 -0.00691864 -0.00431779
  0.0037161  0.00691864           0   0.0037479
 0.00571454  0.00431779  -0.0037479           0
EndNode2[0]<--->HoM1[0]
REAL
   0.473886   0.0016415  0.00247958    0.408055
  0.0016415   0.0233107  0.00355051 0.000527038
 0.00247958  0.00355051   0.0209501 -0.00284415
   0.408055 0.000527038 -0.00284415    0.481853
IMAGINARY
           0   0.00585082 -0.000654587    0.0017347
 -0.00585082            0  -0.00113626  -0.00445052
 0.000654587   0.00113626            0   0.00165669
  -0.0017347   0.00445052  -0.00165669            0
Repeater1[0]<--->EndNode1[0]
REAL
   0.498632 -0.00986458 -0.00313716    0.406087
-0.00986458   0.0218912   0.0048308 -0.00766068
-0.00313716   0.0048308    0.020979 -0.00243296
   0.406087 -0.00766068 -0.00243296    0.458498
IMAGINARY
          0  -0.0037161 -0.00447825 -0.00571454
  0.0037161           0  0.00691864   0.0037479
 0.00447825 -0.00691864           0 -0.00431779
 0.00571454  -0.0037479  0.00431779           0
Repeater1[0]<--->HoM1[0]
REAL
   0.473886  0.00247958   0.0016415    0.408055
 0.00247958   0.0209501  0.00355051 -0.00284415
  0.0016415  0.00355051   0.0233107 0.000527038
   0.408055 -0.00284415 0.000527038    0.481853
IMAGINARY
           0 -0.000654587   0.00585082    0.0017347
 0.000654587            0   0.00113626   0.00165669
 -0.00585082  -0.00113626            0  -0.00445052
  -0.0017347  -0.00165669   0.00445052            0
EndNode1[0]<--->Repeater1[0]
REAL
  0.478899 0.00389007 0.00622053   0.408259
0.00389007  0.0236456 0.00678385 0.00382819
0.00622053 0.00678385  0.0197546 0.00463612
  0.408259 0.00382819 0.00463612   0.477701
IMAGINARY
          0 -0.00354995  0.00413771 -0.00396194
 0.00354995           0 -0.00194894  0.00264695
-0.00413771  0.00194894           0  -0.0073645
 0.00396194 -0.00264695   0.0073645           0
EndNode2[0]<--->HoM1[0]
REAL
    0.477387 -0.000631847   0.00229411     0.403849
-0.000631847    0.0221697  0.000428231 -0.000349748
  0.00229411  0.000428231    0.0245344  -0.00998736
    0.403849 -0.000349748  -0.00998736     0.475909
IMAGINARY
          0  0.00285747 -0.00713336 -0.00860875
-0.00285747           0  0.00183209  0.00516545
 0.00713336 -0.00183209           0 -0.00482538
 0.00860875 -0.00516545  0.00482538           0
Repeater1[0]<--->EndNode1[0]
REAL
  0.478899 0.00622053 0.00389007   0.408259
0.00622053  0.0197546 0.00678385 0.00463612
0.00389007 0.00678385  0.0236456 0.00382819
  0.408259 0.00463612 0.00382819   0.477701
IMAGINARY
          0  0.00413771 -0.00354995 -0.00396194
-0.00413771           0  0.00194894  -0.0073645
 0.00354995 -0.00194894           0  0.00264695
 0.00396194   0.0073645 -0.00264695           0
Repeater1[0]<--->HoM1[0]
REAL
    0.477387   0.00229411 -0.000631847     0.403849
  0.00229411    0.0245344  0.000428231  -0.00998736
-0.000631847  0.000428231    0.0221697 -0.000349748
    0.403849  -0.00998736 -0.000349748     0.475909
IMAGINARY
          0 -0.00713336  0.00285747 -0.00860875
 0.00713336           0 -0.00183209 -0.00482538
-0.00285747  0.00183209           0  0.00516545
 0.00860875  0.00482538 -0.00516545           0
EndNode1[0]<--->Repeater1[0]
REAL
   0.477103 -0.00751515  -0.0131662    0.402718
-0.00751515   0.0179587  0.00743193 -0.00170657
 -0.0131662  0.00743193   0.0215504 -0.00521101
   0.402718 -0.00170657 -0.00521101    0.483388
IMAGINARY
           0  -0.00286448   -0.0121808     0.015484
  0.00286448            0  -0.00366117 -0.000349053
   0.0121808   0.00366117            0    0.0174826
   -0.015484  0.000349053   -0.0174826            0
EndNode2[0]<--->HoM1[0]
REAL
    0.491739  -0.00509746   -0.0120389     0.402852
 -0.00509746    0.0228297 -0.000412535    0.0111243
  -0.0120389 -0.000412535    0.0207269   0.00357306
    0.402852    0.0111243   0.00357306     0.464704
IMAGINARY
           0    0.0101682 -0.000931361   0.00151855
  -0.0101682            0   0.00058861   0.00508566
 0.000931361  -0.00058861            0   -0.0131356
 -0.00151855  -0.00508566    0.0131356            0
Repeater1[0]<--->EndNode1[0]
REAL
   0.477103  -0.0131662 -0.00751515    0.402718
 -0.0131662   0.0215504  0.00743193 -0.00521101
-0.00751515  0.00743193   0.0179587 -0.00170657
   0.402718 -0.00521101 -0.00170657    0.483388
IMAGINARY
           0   -0.0121808  -0.00286448     0.015484
   0.0121808            0   0.00366117    0.0174826
  0.00286448  -0.00366117            0 -0.000349053
   -0.015484   -0.0174826  0.000349053            0
Repeater1[0]<--->HoM1[0]
REAL
    0.491739   -0.0120389  -0.00509746     0.402852
  -0.0120389    0.0207269 -0.000412535   0.00357306
 -0.00509746 -0.000412535    0.0228297    0.0111243
    0.402852   0.00357306    0.0111243     0.464704
IMAGINARY
           0 -0.000931361    0.0101682   0.00151855
 0.000931361            0  -0.00058861   -0.0131356
  -0.0101682   0.00058861            0   0.00508566
 -0.00151855    0.0131356  -0.00508566            0
EndNode1[0]<--->Repeater1[0]
REAL
    0.475224 -0.000382553  -0.00532195     0.404295
-0.000382553     0.020597    0.0109539  -0.00171618
 -0.00532195    0.0109539    0.0202985  0.000675808
    0.404295  -0.00171618  0.000675808     0.483881
IMAGINARY
           0    0.0140197   -0.0142353  -0.00033748
  -0.0140197            0  -0.00121725   0.00173156
   0.0142353   0.00121725            0  0.000291828
  0.00033748  -0.00173156 -0.000291828            0
EndNode2[0]<--->HoM1[0]
REAL
    0.47136   0.0033157   0.0104281    0.400394
  0.0033157    0.022673  0.00273746 -0.00530667
  0.0104281  0.00273746   0.0167064  0.00209841
   0.400394 -0.00530667  0.00209841     0.48926
IMAGINARY
          0   0.0122866 -0.00872728 -0.00250486
 -0.0122866           0  0.00777436 -0.00595679
 0.00872728 -0.00777436           0  0.00803382
 0.00250486  0.00595679 -0.00803382           0
Repeater1[0]<--->EndNode1[0]
REAL
    0.475224  -0.00532195 -0.000382553     0.404295
 -0.00532195    0.0202985    0.0109539  0.000675808
-0.000382553    0.0109539     0.020597  -0.00171618
    0.404295  0.000675808  -0.00171618     0.483881
IMAGINARY
           0   -0.0142353    0.0140197  -0.00033748
   0.0142353            0   0.00121725  0.000291828
  -0.0140197  -0.00121725            0   0.00173156
  0.00033748 -0.000291828  -0.00173156            0
Repeater1[0]<--->HoM1[0]
REAL
    0.47136   0.0104281   0.0033157    0.400394
  0.0104281   0.0167064  0.00273746  0.00209841
  0.0033157  0.00273746    0.022673 -0.00530667
   0.400394  0.00209841 -0.00530667     0.48926
IMAGINARY
          0 -0.00872728   0.0122866 -0.00250486
 0.00872728           0 -0.00777436  0.00803382
 -0.0122866  0.00777436           0 -0.00595679
 0.00250486 -0.00803382  0.00595679           0
EndNode1[0]<--->Repeater1[0]
REAL
   0.481258  0.00269899 -0.00394897    0.402282
 0.00269899   0.0169287  0.00506904 -0.00394897
-0.00394897  0.00506904   0.0208585 -0.00482536
   0.402282 -0.00394897 -0.00482536    0.480955
IMAGINARY
          0  0.00435942 -0.00686176  0.00287826
-0.00435942           0  0.00645181  0.00970863
 0.00686176 -0.00645181           0 -0.00390992
-0.00287826 -0.00970863  0.00390992           0
EndNode2[0]<--->HoM1[0]
REAL
    0.477692  -0.00242268   0.00244107     0.405177
 -0.00242268    0.0246877  -0.00106351 -0.000813369
  0.00244107  -0.00106351     0.022903   0.00109092
    0.405177 -0.000813369   0.00109092     0.474717
IMAGINARY
           0 -0.000528084  -0.00222672   0.00319914
 0.000528084            0    0.0012419  0.000285842
  0.00222672   -0.0012419            0  8.01888e-05
 -0.00319914 -0.000285842 -8.01888e-05            0
Repeater1[0]<--->EndNode1[0]
REAL
   0.481258 -0.00394897  0.00269899    0.402282
-0.00394897   0.0208585  0.00506904 -0.00482536
 0.00269899  0.00506904   0.0169287 -0.00394897
   0.402282 -0.00482536 -0.00394897    0.480955
IMAGINARY
          0 -0.00686176  0.00435942  0.00287826
 0.00686176           0 -0.00645181 -0.00390992
-0.00435942  0.00645181           0  0.00970863
-0.00287826  0.00390992 -0.00970863           0
Repeater1[0]<--->HoM1[0]
REAL
    0.477692   0.00244107  -0.00242268     0.405177
  0.00244107     0.022903  -0.00106351   0.00109092
 -0.00242268  -0.00106351    0.0246877 -0.000813369
    0.405177   0.00109092 -0.000813369     0.474717
IMAGINARY
           0  -0.00222672 -0.000528084   0.00319914
  0.00222672            0   -0.0012419  8.01888e-05
 0.000528084    0.0012419            0  0.000285842
 -0.00319914 -8.01888e-05 -0.000285842            0
EndNode1[0]<--->Repeater1[0]
REAL
     0.47646  -0.00712452  -0.00619106     0.403853
 -0.00712452    0.0199642   0.00236921 -0.000805067
 -0.00619106   0.00236921    0.0181764 -0.000764735
    0.403853 -0.000805067 -0.000764735     0.485399
IMAGINARY
          0  -0.0144431  0.00383537  0.00276738
  0.0144431           0  0.00306571  0.00566018
-0.00383537 -0.00306571           0  0.00198022
-0.00276738 -0.00566018 -0.00198022           0
EndNode2[0]<--->HoM1[0]
REAL
   0.489082 -0.00294566  -0.0103006    0.411055
-0.00294566   0.0191445  0.00629298  -0.0113464
 -0.0103006  0.00629298   0.0218367 -0.00749939
   0.411055  -0.0113464 -0.00749939    0.469937
IMAGINARY
           0  -0.00461666   0.00261682  -0.00116503
  0.00461666            0   0.00252991 -0.000533491
 -0.00261682  -0.00252991            0  -0.00341905
  0.00116503  0.000533491   0.00341905            0
Repeater1[0]<--->EndNode1[0]
REAL
     0.47646  -0.00619106  -0.00712452     0.403853
 -0.00619106    0.0181764   0.00236921 -0.000764735
 -0.00712452   0.00236921    0.0199642 -0.000805067
    0.403853 -0.000764735 -0.000805067     0.485399
IMAGINARY
          0  0.00383537  -0.0144431  0.00276738
-0.00383537           0 -0.00306571  0.00198022
  0.0144431  0.00306571           0  0.00566018
-0.00276738 -0.00198022 -0.00566018           0
Repeater1[0]<--->HoM1[0]
REAL
   0.489082  -0.0103006 -0.00294566    0.411055
 -0.0103006   0.0218367  0.00629298 -0.00749939
-0.00294566  0.00629298   0.0191445  -0.0113464
   0.411055 -0.00749939  -0.0113464    0.469937
IMAGINARY
           0   0.00261682  -0.00461666  -0.00116503
 -0.00261682            0  -0.00252991  -0.00341905
  0.00461666   0.00252991            0 -0.000533491
  0.00116503   0.00341905  0.000533491            0
EndNode1[0]<--->Repeater1[0]
REAL
   0.483714 1.14727e-05  0.00506287    0.401884
1.14727e-05   0.0240487  0.00410186 0.000983083
 0.00506287  0.00410186   0.0240487  0.00633677
   0.401884 0.000983083  0.00633677    0.468189
IMAGINARY
          0  0.00339272  0.00852708  0.00410515
-0.00339272           0 -0.00246776  0.00256405
-0.00852708  0.00246776           0  -0.0159826
-0.00410515 -0.00256405   0.0159826           0
EndNode2[0]<--->HoM1[0]
REAL
   0.473748 -0.00239808 -0.00152296    0.406946
-0.00239808   0.0247435  0.00850149  0.00532635
-0.00152296  0.00850149   0.0208208  0.00239808
   0.406946  0.00532635  0.00239808    0.480688
IMAGINARY
           0   0.00441138   0.00188992   0.00739002
 -0.00441138            0   0.00964702  -0.00234737
 -0.00188992  -0.00964702            0 -0.000599245
 -0.00739002   0.00234737  0.000599245            0
Repeater1[0]<--->EndNode1[0]
REAL
   0.483714  0.00506287 1.14727e-05    0.401884
 0.00506287   0.0240487  0.00410186  0.00633677
1.14727e-05  0.00410186   0.0240487 0.000983083
   0.401884  0.00633677 0.000983083    0.468189
IMAGINARY
          0  0.00852708  0.00339272  0.00410515
-0.00852708           0  0.00246776  -0.0159826
-0.00339272 -0.00246776           0  0.00256405
-0.00410515   0.0159826 -0.00256405           0
Repeater1[0]<--->HoM1[0]
REAL
